state_0,state_1,state_2,state_3,state_4,state_5,state_6,state_7,state_8,state_9,state_10,state_11,state_12,state_13,state_14,state_15,state_16,state_17,state_18,state_19,state_20,state_21,state_22,state_23,state_24,state_25,state_26,state_27,state_28,state_29,state_30,state_31,state_32,state_33,state_34,state_35,state_36,state_37,state_38,state_39,state_40,state_41,state_42,state_43,state_44,state_45,state_46,state_47,state_48,state_49,state_50,state_51,state_52,state_53,state_54,state_55,state_56,state_57,state_58,state_59,state_60,state_61,state_62,state_63,state_64,state_65,state_66,state_67,state_68,state_69,state_70,state_71,state_72,state_73,state_74,state_75,state_76,state_77,state_78,state_79,state_80,state_81,state_82,state_83,state_84,state_85,state_86,state_87,state_88,state_89,state_90,state_91,state_92,state_93,state_94,state_95,state_96,state_97,state_98,state_99,state_100,state_101,state_102,state_103,state_104,state_105,state_106,state_107,state_108,state_109,state_110,state_111,state_112,state_113,state_114,state_115,state_116,state_117,state_118,state_119,state_120,state_121,state_122,state_123,state_124,state_125,state_126,state_127,state_128,state_129,state_130,state_131,state_132,state_133,state_134,state_135,state_136,state_137,state_138,state_139,state_140,state_141,state_142,state_143,state_144,state_145,state_146,state_147,state_148,state_149,state_150,state_151,state_152,state_153,state_154,state_155,state_156,state_157,state_158,state_159,state_160,state_161,state_162,state_163,state_164,state_165,state_166,state_167,state_168,state_169,state_170,state_171,state_172,state_173,state_174,state_175,state_176,state_177,state_178,state_179,state_180,state_181,state_182,state_183,state_184,state_185,state_186,state_187,state_188,state_189,state_190,state_191,state_192,state_193,state_194,state_195,state_196,state_197,state_198,state_199,state_200,state_201,state_202,state_203,state_204,state_205,state_206,state_207,state_208,state_209,state_210,state_211,state_212,state_213,state_214,state_215,state_216,state_217,state_218,state_219,state_220,state_221,state_222,state_223,state_224,state_225,state_226,state_227,state_228,state_229,state_230,state_231,state_232,state_233,state_234,state_235,state_236,state_237,state_238,state_239,state_240,state_241,state_242,state_243,state_244,state_245,state_246,state_247,state_248,state_249,state_250,state_251,state_252,state_253,state_254,state_255,state_256,state_257,state_258,state_259,state_260,state_261,state_262,state_263,state_264,state_265,state_266,state_267,state_268,state_269,state_270,state_271,state_272,state_273,state_274,state_275,state_276,state_277,state_278,state_279,state_280,state_281,state_282,state_283,state_284,state_285,state_286,state_287
{'img': array([[[ 0.        ,  0.15127959, -0.11509097, ...,  0.74913181,
          0.70512821,  0.74056347],
        [-0.15127959,  0.        , -0.26404072, ...,  0.6402993 ,
          0.58974359,  0.63038251],
        [ 0.11509097,  0.26404072,  0.        , ...,  0.82039247,
          0.78205128,  0.81298196],
        ...,
        [-0.74913181, -0.6402993 , -0.82039247, ...,  0.        ,
         -0.06410256, -0.01284164],
        [-0.70512821, -0.58974359, -0.78205128, ...,  0.06410256,
          0.        ,  0.05128205],
        [-0.74056347, -0.63038251, -0.81298196, ...,  0.01284164,
         -0.05128205,  0.        ]],

       [[ 0.        , -0.3050329 , -0.04345269, ..., -0.26141366,
         -0.72191836, -0.42149604],
        [ 0.3050329 ,  0.        ,  0.26336298, ...,  0.04547079,
         -0.47643691, -0.12479525],
        [ 0.04345269, -0.26336298,  0.        , ..., -0.21922504,
         -0.69116818, -0.38169372],
        ...,
        [ 0.26141366, -0.04547079,  0.21922504, ...,  0.        ,
         -0.51592243, -0.16978149],
        [ 0.72191836,  0.47643691,  0.69116818, ...,  0.51592243,
          0.        ,  0.36299131],
        [ 0.42149604,  0.12479525,  0.38169372, ...,  0.16978149,
         -0.36299131,  0.        ]],

       [[ 0.        ,  0.51831256,  0.725213  , ...,  0.96859754,
          0.96717838,  0.97761915],
        [-0.51831256,  0.        ,  0.26332487, ...,  0.95720621,
          0.95882487,  0.94509525],
        [-0.725213  , -0.26332487,  0.        , ...,  0.84721574,
          0.85020153,  0.82568696],
        ...,
        [-0.96859754, -0.95720621, -0.84721574, ...,  0.        ,
          0.00564573, -0.03929326],
        [-0.96717838, -0.95882487, -0.85020153, ..., -0.00564573,
          0.        , -0.044934  ],
        [-0.97761915, -0.94509525, -0.82568696, ...,  0.03929326,
          0.044934  ,  0.        ]],

       ...,

       [[ 0.        ,  0.23266933,  0.14644028, ...,  0.20524022,
          0.09307053, -0.39913417],
        [-0.23266933,  0.        , -0.08773968, ..., -0.02810859,
         -0.14114314, -0.60151306],
        [-0.14644028,  0.08773968,  0.        , ...,  0.05970483,
         -0.05373747, -0.5291013 ],
        ...,
        [-0.20524022,  0.02810859, -0.05970483, ...,  0.        ,
         -0.11326017, -0.57882048],
        [-0.09307053,  0.14114314,  0.05373747, ...,  0.11326017,
          0.        , -0.4827374 ],
        [ 0.39913417,  0.60151306,  0.5291013 , ...,  0.57882048,
          0.4827374 ,  0.        ]],

       [[ 0.        , -0.07506662, -0.16811928, ...,  0.23663354,
          0.2523797 ,  0.23052541],
        [ 0.07506662,  0.        , -0.09364676, ...,  0.30890053,
          0.3243042 ,  0.30291978],
        [ 0.16811928,  0.09364676,  0.        , ...,  0.39660997,
          0.41146446,  0.39083547],
        ...,
        [-0.23663354, -0.30890053, -0.39660997, ...,  0.        ,
          0.01623855, -0.00628188],
        [-0.2523797 , -0.3243042 , -0.41146446, ..., -0.01623855,
          0.        , -0.02251928],
        [-0.23052541, -0.30291978, -0.39083547, ...,  0.00628188,
          0.02251928,  0.        ]],

       [[ 0.        , -0.04500336, -0.11983066, ...,  0.97702765,
          0.99313604,  0.99873981],
        [ 0.04500336,  0.        , -0.07503017, ...,  0.96644697,
          0.98686601,  0.99546932],
        [ 0.11983066,  0.07503017,  0.        , ...,  0.9444501 ,
          0.97196386,  0.98552924],
        ...,
        [-0.97702765, -0.96644697, -0.9444501 , ...,  0.        ,
         -0.09737179, -0.16380947],
        [-0.99313604, -0.98686601, -0.97196386, ...,  0.09737179,
          0.        , -0.06697457],
        [-0.99873981, -0.99546932, -0.98552924, ...,  0.16380947,
          0.06697457,  0.        ]]]), 'num': array([ 8.29173716e-01,  5.58954050e-01,  1.21174738e-05,  1.93705854e-04,
        1.97614716e-04,  1.92837218e-04,  6.40263863e-03, -2.17159029e-06,
        1.95529990e-04,  2.08407520e-04,  2.04180158e-04,  1.90014150e-07,
        2.29793043e-04,  1.87021997e-04])}
{'img': array([[[ 0.        , -0.26404072, -0.09882478, ...,  0.58974359,
          0.63038251,  0.5793414 ],
        [ 0.26404072,  0.        ,  0.16743055, ...,  0.78205128,
          0.81298196,  0.77399708],
        [ 0.09882478, -0.16743055,  0.        , ...,  0.66666667,
          0.70401286,  0.65705603],
        ...,
        [-0.58974359, -0.78205128, -0.66666667, ...,  0.        ,
          0.05128205, -0.01282051],
        [-0.63038251, -0.81298196, -0.70401286, ..., -0.05128205,
          0.        , -0.06408148],
        [-0.5793414 , -0.77399708, -0.65705603, ...,  0.01282051,
          0.06408148,  0.        ]],

       [[ 0.        ,  0.26336298,  0.0286535 , ..., -0.47643691,
         -0.12479525, -0.04631612],
        [-0.26336298,  0.        , -0.2356129 , ..., -0.69116818,
         -0.38169372, -0.30776136],
        [-0.0286535 ,  0.2356129 ,  0.        , ..., -0.50143369,
         -0.15317351, -0.07491985],
        ...,
        [ 0.47643691,  0.69116818,  0.50143369, ...,  0.        ,
          0.36299131,  0.43520408],
        [ 0.12479525,  0.38169372,  0.15317351, ..., -0.36299131,
          0.        ,  0.07870728],
        [ 0.04631612,  0.30776136,  0.07491985, ..., -0.43520408,
         -0.07870728,  0.        ]],

       [[ 0.        ,  0.57189905,  0.68134893, ...,  0.98062861,
          0.98887511,  0.99250074],
        [-0.57189905,  0.        ,  0.14032036, ...,  0.91645466,
          0.89626692,  0.88408032],
        [-0.68134893, -0.14032036,  0.        , ...,  0.85123981,
          0.8251652 ,  0.80975675],
        ...,
        [-0.98062861, -0.91645466, -0.85123981, ...,  0.        ,
         -0.04783049, -0.07453671],
        [-0.98887511, -0.89626692, -0.8251652 , ...,  0.04783049,
          0.        , -0.02675396],
        [-0.99250074, -0.88408032, -0.80975675, ...,  0.07453671,
          0.02675396,  0.        ]],

       ...,

       [[ 0.        , -0.05460583,  0.07015402, ..., -0.08546013,
         -0.23697098, -0.81495057],
        [ 0.05460583,  0.        ,  0.12452063, ..., -0.03092657,
         -0.18356695, -0.78208892],
        [-0.07015402, -0.12452063,  0.        , ..., -0.15514694,
         -0.30454293, -0.85359906],
        ...,
        [ 0.08546013,  0.03092657,  0.15514694, ...,  0.        ,
         -0.1530781 , -0.7624424 ],
        [ 0.23697098,  0.18356695,  0.30454293, ...,  0.1530781 ,
          0.        , -0.6544062 ],
        [ 0.81495057,  0.78208892,  0.85359906, ...,  0.7624424 ,
          0.6544062 ,  0.        ]],

       [[ 0.        , -0.09364676, -0.21058986, ...,  0.3243042 ,
          0.30291978,  0.18612689],
        [ 0.09364676,  0.        , -0.11811773, ...,  0.41146446,
          0.39083547,  0.27731931],
        [ 0.21058986,  0.11811773,  0.        , ...,  0.51623959,
          0.49682217,  0.38886285],
        ...,
        [-0.3243042 , -0.41146446, -0.51623959, ...,  0.        ,
         -0.02251928, -0.14256995],
        [-0.30291978, -0.39083547, -0.49682217, ...,  0.02251928,
          0.        , -0.12024456],
        [-0.18612689, -0.27731931, -0.38886285, ...,  0.14256995,
          0.12024456,  0.        ]],

       [[ 0.        , -0.07503017, -0.10593304, ...,  0.98686601,
          0.99546932,  0.99857052],
        [ 0.07503017,  0.        , -0.03102644, ...,  0.97196386,
          0.98552924,  0.99174544],
        [ 0.10593304,  0.03102644,  0.        , ...,  0.96420066,
          0.97979562,  0.98728969],
        ...,
        [-0.98686601, -0.97196386, -0.96420066, ...,  0.        ,
         -0.06697457, -0.10856185],
        [-0.99546932, -0.98552924, -0.97979562, ...,  0.06697457,
          0.        , -0.04173936],
        [-0.99857052, -0.99174544, -0.98728969, ...,  0.10856185,
          0.04173936,  0.        ]]]), 'num': array([ 7.87878683e-01,  6.15784589e-01,  7.91237215e-06,  2.21485321e-04,
        2.26067776e-04,  2.20466998e-04,  7.48898387e-03, -5.60077823e-06,
        2.27187931e-04,  2.42844652e-04,  2.39653906e-04,  2.12783976e-07,
        2.69586984e-04,  2.16102321e-04])}
{'img': array([[[ 0.        ,  0.16743055, -0.62321408, ...,  0.81298196,
          0.77399708,  0.67686173],
        [-0.16743055,  0.        , -0.74535599, ...,  0.70401286,
          0.65705603,  0.54405972],
        [ 0.62321408,  0.74535599,  0.        , ...,  0.99868421,
          0.99991781,  0.98809481],
        ...,
        [-0.81298196, -0.70401286, -0.99868421, ...,  0.        ,
         -0.06408148, -0.20431525],
        [-0.77399708, -0.65705603, -0.99991781, ...,  0.06408148,
          0.        , -0.14116563],
        [-0.67686173, -0.54405972, -0.98809481, ...,  0.20431525,
          0.14116563,  0.        ]],

       [[ 0.        , -0.2356129 ,  0.13831682, ..., -0.38169372,
         -0.30776136, -0.30985648],
        [ 0.2356129 ,  0.        ,  0.36777098, ..., -0.15317351,
         -0.07491985, -0.07711626],
        [-0.13831682, -0.36777098,  0.        , ..., -0.50586959,
         -0.43640658, -0.43838747],
        ...,
        [ 0.38169372,  0.15317351,  0.50586959, ...,  0.        ,
          0.07870728,  0.07651114],
        [ 0.30776136,  0.07491985,  0.43640658, ..., -0.07870728,
          0.        , -0.00220279],
        [ 0.30985648,  0.07711626,  0.43838747, ..., -0.07651114,
          0.00220279,  0.        ]],

       [[ 0.        ,  0.17564395,  0.07683002, ...,  0.94038394,
          0.93058619,  0.90634738],
        [-0.17564395,  0.        , -0.09948918, ...,  0.8660254 ,
          0.85182059,  0.81804166],
        [-0.07683002,  0.09948918,  0.        , ...,  0.91147333,
          0.89971019,  0.87120516],
        ...,
        [-0.94038394, -0.8660254 , -0.91147333, ...,  0.        ,
         -0.02774294, -0.08908144],
        [-0.93058619, -0.85182059, -0.89971019, ...,  0.02774294,
          0.        , -0.06141451],
        [-0.90634738, -0.81804166, -0.87120516, ...,  0.08908144,
          0.06141451,  0.        ]],

       ...,

       [[ 0.        ,  0.12026341,  0.08981264, ..., -0.17500838,
         -0.63048097, -0.80108679],
        [-0.12026341,  0.        , -0.03061661, ..., -0.29214555,
         -0.71925398, -0.86725596],
        [-0.08981264,  0.03061661,  0.        , ..., -0.26272767,
         -0.69764599, -0.85160653],
        ...,
        [ 0.17500838,  0.29214555,  0.26272767, ...,  0.        ,
         -0.48490839, -0.68397261],
        [ 0.63048097,  0.71925398,  0.69764599, ...,  0.48490839,
          0.        , -0.24443407],
        [ 0.80108679,  0.86725596,  0.85160653, ...,  0.68397261,
          0.24443407,  0.        ]],

       [[ 0.        , -0.11811773, -0.26118   , ...,  0.39083547,
          0.27731931,  0.28562059],
        [ 0.11811773,  0.        , -0.14533376, ...,  0.49682217,
          0.38886285,  0.3968184 ],
        [ 0.26118   ,  0.14533376,  0.        , ...,  0.6176755 ,
          0.51862953,  0.52600669],
        ...,
        [-0.39083547, -0.49682217, -0.6176755 , ...,  0.        ,
         -0.12024456, -0.11165186],
        [-0.27731931, -0.38886285, -0.51862953, ...,  0.12024456,
          0.        ,  0.00865097],
        [-0.28562059, -0.3968184 , -0.52600669, ...,  0.11165186,
         -0.00865097,  0.        ]],

       [[ 0.        , -0.03102644, -0.12116812, ...,  0.98552924,
          0.99174544,  0.99921767],
        [ 0.03102644,  0.        , -0.09031194, ...,  0.97979562,
          0.98728969,  0.99750958],
        [ 0.12116812,  0.09031194,  0.        , ...,  0.9577292 ,
          0.96890179,  0.98706349],
        ...,
        [-0.98552924, -0.97979562, -0.9577292 , ...,  0.        ,
         -0.04173936, -0.13039724],
        [-0.99174544, -0.98728969, -0.96890179, ...,  0.04173936,
          0.        , -0.08890061],
        [-0.99921767, -0.99750958, -0.98706349, ...,  0.13039724,
          0.08890061,  0.        ]]]), 'num': array([7.85789716e-01, 6.18470187e-01, 7.62275760e-06, 2.22499374e-04,
       2.23006206e-04, 2.17937883e-04, 5.35904187e-03, 2.02732915e-06,
       2.24830803e-04, 2.40593287e-04, 2.39005212e-04, 2.49517434e-07,
       2.68429594e-04, 2.12756980e-04])}
{'img': array([[[ 0.        , -0.74535599, -0.46272836, ...,  0.65705603,
          0.54405972,  0.58670416],
        [ 0.74535599,  0.        ,  0.35227261, ...,  0.99991781,
          0.98809481,  0.9947264 ],
        [ 0.46272836, -0.35227261,  0.        , ...,  0.9313042 ,
          0.87055962,  0.89483136],
        ...,
        [-0.65705603, -0.99991781, -0.9313042 , ...,  0.        ,
         -0.14116563, -0.08980277],
        [-0.54405972, -0.98809481, -0.87055962, ...,  0.14116563,
          0.        ,  0.05169177],
        [-0.58670416, -0.9947264 , -0.89483136, ...,  0.08980277,
         -0.05169177,  0.        ]],

       [[ 0.        ,  0.36777098, -0.09630268, ..., -0.07491985,
         -0.07711626, -0.45950183],
        [-0.36777098,  0.        , -0.45561506, ..., -0.43640658,
         -0.43838747, -0.75394395],
        [ 0.09630268,  0.45561506,  0.        , ...,  0.0214604 ,
          0.01925807, -0.3718323 ],
        ...,
        [ 0.07491985,  0.43640658, -0.0214604 , ...,  0.        ,
         -0.00220279, -0.39166835],
        [ 0.07711626,  0.43838747, -0.01925807, ...,  0.00220279,
          0.        , -0.38964061],
        [ 0.45950183,  0.75394395,  0.3718323 , ...,  0.39166835,
          0.38964061,  0.        ]],

       [[ 0.        , -0.09948918, -0.21808615, ...,  0.85182059,
          0.81804166,  0.79445976],
        [ 0.09948918,  0.        , -0.11990972, ...,  0.89971019,
          0.87120516,  0.85093961],
        [ 0.21808615,  0.11990972,  0.        , ...,  0.94555773,
          0.92378522,  0.90778411],
        ...,
        [-0.85182059, -0.89971019, -0.94555773, ...,  0.        ,
         -0.06141451, -0.10116021],
        [-0.81804166, -0.87120516, -0.92378522, ...,  0.06141451,
          0.        , -0.0398698 ],
        [-0.79445976, -0.85093961, -0.90778411, ...,  0.10116021,
          0.0398698 ,  0.        ]],

       ...,

       [[ 0.        , -0.03061661,  0.09494015, ..., -0.71925398,
         -0.86725596, -0.53535339],
        [ 0.03061661,  0.        ,  0.12537395, ..., -0.69764599,
         -0.85160653, -0.50924277],
        [-0.09494015, -0.12537395,  0.        , ..., -0.7819645 ,
         -0.91060569, -0.61312432],
        ...,
        [ 0.71925398,  0.69764599,  0.7819645 , ...,  0.        ,
         -0.24443407,  0.23556688],
        [ 0.86725596,  0.85160653,  0.91060569, ...,  0.24443407,
          0.        ,  0.46597642],
        [ 0.53535339,  0.50924277,  0.61312432, ..., -0.23556688,
         -0.46597642,  0.        ]],

       [[ 0.        , -0.14533376, -0.3740207 , ...,  0.38886285,
          0.3968184 ,  0.39993636],
        [ 0.14533376,  0.        , -0.23526412, ...,  0.51862953,
          0.52600669,  0.52889473],
        [ 0.3740207 ,  0.23526412,  0.        , ...,  0.70522297,
          0.71132999,  0.71371514],
        ...,
        [-0.38886285, -0.51862953, -0.70522297, ...,  0.        ,
          0.00865097,  0.01205014],
        [-0.3968184 , -0.52600669, -0.71132999, ..., -0.00865097,
          0.        ,  0.00339935],
        [-0.39993636, -0.52889473, -0.71371514, ..., -0.01205014,
         -0.00339935,  0.        ]],

       [[ 0.        , -0.09031194, -0.04292729, ...,  0.98728969,
          0.99750958,  0.99998002],
        [ 0.09031194,  0.        ,  0.04747682, ...,  0.96890179,
          0.98706349,  0.99532277],
        [ 0.04292729, -0.04747682,  0.        , ...,  0.97955712,
          0.99356237,  0.9987869 ],
        ...,
        [-0.98728969, -0.96890179, -0.97955712, ...,  0.        ,
         -0.08890061, -0.15268723],
        [-0.99750958, -0.98706349, -0.99356237, ...,  0.08890061,
          0.        , -0.06422445],
        [-0.99998002, -0.99532277, -0.9987869 , ...,  0.15268723,
          0.06422445,  0.        ]]]), 'num': array([ 7.19641488e-01,  6.94324190e-01,  1.18029362e-06,  1.99348804e-04,
        2.02601582e-04,  1.97025392e-04,  5.44909036e-03, -4.64682527e-06,
        2.04460312e-04,  2.19074578e-04,  2.19392111e-04,  2.02035881e-07,
        2.45838799e-04,  1.92310356e-04])}
{'img': array([[[ 0.        ,  0.35227261,  0.3161238 , ...,  0.98809481,
          0.9947264 ,  0.97300851],
        [-0.35227261,  0.        , -0.0383479 , ...,  0.87055962,
          0.89483136,  0.82934249],
        [-0.3161238 ,  0.0383479 ,  0.        , ...,  0.88878885,
          0.91129183,  0.85015899],
        ...,
        [-0.98809481, -0.87055962, -0.88878885, ...,  0.        ,
          0.05169177, -0.07832826],
        [-0.9947264 , -0.89483136, -0.91129183, ..., -0.05169177,
          0.        , -0.1297565 ],
        [-0.97300851, -0.82934249, -0.85015899, ...,  0.07832826,
          0.1297565 ,  0.        ]],

       [[ 0.        , -0.45561506, -0.6735615 , ..., -0.43838747,
         -0.75394395, -0.64150947],
        [ 0.45561506,  0.        , -0.26282959, ...,  0.01925807,
         -0.3718323 , -0.22154771],
        [ 0.6735615 ,  0.26282959,  0.        , ...,  0.28136184,
         -0.11477484,  0.04253955],
        ...,
        [ 0.43838747, -0.01925807, -0.28136184, ...,  0.        ,
         -0.38964061, -0.24028612],
        [ 0.75394395,  0.3718323 ,  0.11477484, ...,  0.38964061,
          0.        ,  0.15692937],
        [ 0.64150947,  0.22154771, -0.04253955, ...,  0.24028612,
         -0.15692937,  0.        ]],

       [[ 0.        , -0.11990972, -0.51215053, ...,  0.87120516,
          0.85093961,  0.8206221 ],
        [ 0.11990972,  0.        , -0.40546532, ...,  0.92378522,
          0.90778411,  0.8832261 ],
        [ 0.51215053,  0.40546532,  0.        , ...,  0.99969885,
          0.99988237,  0.99750809],
        ...,
        [-0.87120516, -0.92378522, -0.99969885, ...,  0.        ,
         -0.0398698 , -0.09500963],
        [-0.85093961, -0.90778411, -0.99988237, ...,  0.0398698 ,
          0.        , -0.05524464],
        [-0.8206221 , -0.8832261 , -0.99750809, ...,  0.09500963,
          0.05524464,  0.        ]],

       ...,

       [[ 0.        ,  0.12537395,  0.15798294, ..., -0.85160653,
         -0.50924277, -0.71032079],
        [-0.12537395,  0.        ,  0.0329369 , ..., -0.91060569,
         -0.61312432, -0.79296402],
        [-0.15798294, -0.0329369 ,  0.        , ..., -0.92372367,
         -0.63881136, -0.8126012 ],
        ...,
        [ 0.85160653,  0.91060569,  0.92372367, ...,  0.        ,
          0.46597642,  0.22709012],
        [ 0.50924277,  0.61312432,  0.63881136, ..., -0.46597642,
          0.        , -0.25287351],
        [ 0.71032079,  0.79296402,  0.8126012 , ..., -0.22709012,
          0.25287351,  0.        ]],

       [[ 0.        , -0.23526412, -0.45866557, ...,  0.52600669,
          0.52889473,  0.51781071],
        [ 0.23526412,  0.        , -0.2367337 , ...,  0.71132999,
          0.71371514,  0.70454385],
        [ 0.45866557,  0.2367337 ,  0.        , ...,  0.85750036,
          0.85924431,  0.85251744],
        ...,
        [-0.52600669, -0.71132999, -0.85750036, ...,  0.        ,
          0.00339935, -0.00960834],
        [-0.52889473, -0.71371514, -0.85924431, ..., -0.00339935,
          0.        , -0.01300748],
        [-0.51781071, -0.70454385, -0.85251744, ...,  0.00960834,
          0.01300748,  0.        ]],

       [[ 0.        ,  0.04747682,  0.10320821, ...,  0.98706349,
          0.99532277,  0.99984864],
        [-0.04747682,  0.        ,  0.05586854, ...,  0.99356237,
          0.9987869 ,  0.99954716],
        [-0.10320821, -0.05586854,  0.        , ...,  0.99833971,
          0.99997798,  0.99630486],
        ...,
        [-0.98706349, -0.99356237, -0.99833971, ...,  0.        ,
         -0.06422445, -0.14313246],
        [-0.99532277, -0.9987869 , -0.99997798, ...,  0.06422445,
          0.        , -0.07927379],
        [-0.99984864, -0.99954716, -0.99630486, ...,  0.14313246,
          0.07927379,  0.        ]]]), 'num': array([9.51778939e-01, 3.06603264e-01, 3.00081709e-05, 2.63875532e-04,
       2.73694156e-04, 2.62648204e-04, 1.05198951e-02, 6.13664027e-07,
       2.67434783e-04, 2.87317498e-04, 2.90355135e-04, 2.92670536e-07,
       3.23662990e-04, 2.50972005e-04])}
{'img': array([[[ 0.        , -0.16168692,  0.65010114, ...,  0.9569876 ,
          0.90950947,  0.91508403],
        [ 0.16168692,  0.        ,  0.76440461, ...,  0.99130569,
          0.96475278,  0.96824584],
        [-0.65010114, -0.76440461,  0.        , ...,  0.53855175,
          0.42085255,  0.43316261],
        ...,
        [-0.9569876 , -0.99130569, -0.53855175, ...,  0.        ,
         -0.13392876, -0.12042566],
        [-0.90950947, -0.96475278, -0.42085255, ...,  0.13392876,
          0.        ,  0.01361334],
        [-0.91508403, -0.96824584, -0.43316261, ...,  0.12042566,
         -0.01361334,  0.        ]],

       [[ 0.        , -0.26282959,  0.42050467, ..., -0.3718323 ,
         -0.22154771,  0.16440851],
        [ 0.26282959,  0.        ,  0.64418344, ..., -0.11477484,
          0.04253955,  0.41788138],
        [-0.42050467, -0.64418344,  0.        , ..., -0.72771432,
         -0.61106304, -0.26561633],
        ...,
        [ 0.3718323 ,  0.11477484,  0.72771432, ...,  0.        ,
          0.15692937,  0.51939294],
        [ 0.22154771, -0.04253955,  0.61106304, ..., -0.15692937,
          0.        ,  0.37885585],
        [-0.16440851, -0.41788138,  0.26561633, ..., -0.51939294,
         -0.37885585,  0.        ]],

       [[ 0.        , -0.40546532, -0.12304687, ...,  0.90778411,
          0.8832261 ,  0.85102074],
        [ 0.40546532,  0.        ,  0.2899057 , ...,  0.99988237,
          0.99750809,  0.99084978],
        [ 0.12304687, -0.2899057 ,  0.        , ...,  0.95249623,
          0.93421685,  0.90916957],
        ...,
        [-0.90778411, -0.99988237, -0.95249623, ...,  0.        ,
         -0.05524464, -0.11975637],
        [-0.8832261 , -0.99750809, -0.93421685, ...,  0.05524464,
          0.        , -0.06472641],
        [-0.85102074, -0.99084978, -0.90916957, ...,  0.11975637,
          0.06472641,  0.        ]],

       ...,

       [[ 0.        ,  0.0329369 ,  0.34488206, ..., -0.61312432,
         -0.79296402, -0.65480042],
        [-0.0329369 ,  0.        ,  0.31377885, ..., -0.63881136,
         -0.8126012 , -0.67933892],
        [-0.34488206, -0.31377885,  0.        , ..., -0.84795885,
         -0.95443829, -0.87528831],
        ...,
        [ 0.61312432,  0.63881136,  0.84795885, ...,  0.        ,
         -0.25287351, -0.05388298],
        [ 0.79296402,  0.8126012 ,  0.95443829, ...,  0.25287351,
          0.        ,  0.2003744 ],
        [ 0.65480042,  0.67933892,  0.87528831, ...,  0.05388298,
         -0.2003744 ,  0.        ]],

       [[ 0.        , -0.2367337 , -0.47474139, ...,  0.71371514,
          0.70454385,  0.67853492],
        [ 0.2367337 ,  0.        , -0.25289134, ...,  0.85924431,
          0.85251744,  0.83314431],
        [ 0.47474139,  0.25289134,  0.        , ...,  0.96068478,
          0.95699209,  0.94592568],
        ...,
        [-0.71371514, -0.85924431, -0.96068478, ...,  0.        ,
         -0.01300748, -0.04900207],
        [-0.70454385, -0.85251744, -0.95699209, ...,  0.01300748,
          0.        , -0.03600607],
        [-0.67853492, -0.83314431, -0.94592568, ...,  0.04900207,
          0.03600607,  0.        ]],

       [[ 0.        ,  0.05586854,  0.17553952, ...,  0.9987869 ,
          0.99954716,  0.99560254],
        [-0.05586854,  0.        ,  0.12026432, ...,  0.99997798,
          0.99630486,  0.98881389],
        [-0.17553952, -0.12026432,  0.        , ...,  0.99192196,
          0.97874442,  0.96369901],
        ...,
        [-0.9987869 , -0.99997798, -0.99192196, ...,  0.        ,
         -0.07927379, -0.14258946],
        [-0.99954716, -0.99630486, -0.97874442, ...,  0.07927379,
          0.        , -0.06367694],
        [-0.99560254, -0.98881389, -0.96369901, ...,  0.14258946,
          0.06367694,  0.        ]]]), 'num': array([7.49776436e-01, 6.61672503e-01, 4.06008907e-06, 2.09771269e-04,
       2.13638020e-04, 2.08804581e-04, 4.94081906e-03, 1.93337575e-06,
       2.09481262e-04, 2.24561593e-04, 2.29177528e-04, 2.68524409e-07,
       2.52762382e-04, 1.96360804e-04])}
{'img': array([[[ 0.        ,  0.76440461,  0.88764605, ...,  0.96475278,
          0.96824584,  0.98032939],
        [-0.76440461,  0.        ,  0.22026967, ...,  0.42085255,
          0.43316261,  0.48118514],
        [-0.88764605, -0.22026967,  0.        , ...,  0.21070298,
          0.22399118,  0.27627418],
        ...,
        [-0.96475278, -0.42085255, -0.21070298, ...,  0.        ,
          0.01361334,  0.06756969],
        [-0.96824584, -0.43316261, -0.22399118, ..., -0.01361334,
          0.        ,  0.05398119],
        [-0.98032939, -0.48118514, -0.27627418, ..., -0.06756969,
         -0.05398119,  0.        ]],

       [[ 0.        ,  0.64418344,  0.94108762, ...,  0.04253955,
          0.41788138, -0.19856576],
        [-0.64418344,  0.        ,  0.50197176, ..., -0.61106304,
         -0.26561633, -0.78323338],
        [-0.94108762, -0.50197176,  0.        , ..., -0.92585043,
         -0.71366765, -0.98949583],
        ...,
        [-0.04253955,  0.61106304,  0.92585043, ...,  0.        ,
          0.37885585, -0.2400785 ],
        [-0.41788138,  0.26561633,  0.71366765, ..., -0.37885585,
          0.        , -0.58995765],
        [ 0.19856576,  0.78323338,  0.98949583, ...,  0.2400785 ,
          0.58995765,  0.        ]],

       [[ 0.        ,  0.2899057 ,  0.43841428, ...,  0.99750809,
          0.99084978,  0.98513549],
        [-0.2899057 ,  0.        ,  0.15902726, ...,  0.93421685,
          0.90916957,  0.8930293 ],
        [-0.43841428, -0.15902726,  0.        , ...,  0.86560228,
          0.83137655,  0.81010275],
        ...,
        [-0.99750809, -0.93421685, -0.86560228, ...,  0.        ,
         -0.06472641, -0.10184766],
        [-0.99084978, -0.90916957, -0.83137655, ...,  0.06472641,
          0.        , -0.03724425],
        [-0.98513549, -0.8930293 , -0.81010275, ...,  0.10184766,
          0.03724425,  0.        ]],

       ...,

       [[ 0.        ,  0.31377885,  0.54957444, ..., -0.8126012 ,
         -0.67933892, -0.49044155],
        [-0.31377885,  0.        ,  0.25967389, ..., -0.95443829,
         -0.87528831, -0.73912247],
        [-0.54957444, -0.25967389,  0.        , ..., -0.99918645,
         -0.97084141, -0.88867671],
        ...,
        [ 0.8126012 ,  0.95443829,  0.99918645, ...,  0.        ,
          0.2003744 ,  0.42232168],
        [ 0.67933892,  0.87528831,  0.97084141, ..., -0.2003744 ,
          0.        ,  0.23212816],
        [ 0.49044155,  0.73912247,  0.88867671, ..., -0.42232168,
         -0.23212816,  0.        ]],

       [[ 0.        , -0.25289134, -0.51688673, ...,  0.85251744,
          0.83314431,  0.77649028],
        [ 0.25289134,  0.        , -0.28359657, ...,  0.95699209,
          0.94592568,  0.91060445],
        [ 0.51688673,  0.28359657,  0.        , ...,  0.99997686,
          0.99908348,  0.99042289],
        ...,
        [-0.85251744, -0.95699209, -0.99997686, ...,  0.        ,
         -0.03600607, -0.13132563],
        [-0.83314431, -0.94592568, -0.99908348, ...,  0.03600607,
          0.        , -0.09554624],
        [-0.77649028, -0.91060445, -0.99042289, ...,  0.13132563,
          0.09554624,  0.        ]],

       [[ 0.        ,  0.12026432,  0.23350336, ...,  0.99630486,
          0.98881389,  0.98299187],
        [-0.12026432,  0.        ,  0.11486883, ...,  0.97874442,
          0.96369901,  0.95377078],
        [-0.23350336, -0.11486883,  0.        , ...,  0.94870804,
          0.92665101,  0.91293535],
        ...,
        [-0.99630486, -0.97874442, -0.94870804, ...,  0.        ,
         -0.06367694, -0.09854401],
        [-0.98881389, -0.96369901, -0.92665101, ...,  0.06367694,
          0.        , -0.03497702],
        [-0.98299187, -0.95377078, -0.91293535, ...,  0.09854401,
          0.03497702,  0.        ]]]), 'num': array([7.93784842e-01, 6.08128228e-01, 8.25140506e-06, 2.28359919e-04,
       2.28867385e-04, 2.21762854e-04, 9.23335272e-03, 8.11946378e-06,
       2.21458375e-04, 2.34043543e-04, 2.41266483e-04, 4.04387356e-07,
       2.61040760e-04, 2.07046326e-04])}
{'img': array([[[ 0.        ,  0.63073291,  0.64992307, ...,  0.85416626,
          0.88997978,  0.9797959 ],
        [-0.63073291,  0.        ,  0.02498329, ...,  0.33485191,
          0.4030101 ,  0.63417503],
        [-0.64992307, -0.02498329,  0.        , ...,  0.31120636,
          0.38001971,  0.61466027],
        ...,
        [-0.85416626, -0.33485191, -0.31120636, ...,  0.        ,
          0.07328967,  0.33866061],
        [-0.88997978, -0.4030101 , -0.38001971, ..., -0.07328967,
          0.        ,  0.26879097],
        [-0.9797959 , -0.63417503, -0.61466027, ..., -0.33866061,
         -0.26879097,  0.        ]],

       [[ 0.        ,  0.50197176,  0.67279155, ..., -0.26561633,
         -0.78323338, -0.21108332],
        [-0.50197176,  0.        ,  0.21051183, ..., -0.71366765,
         -0.98949583, -0.67322396],
        [-0.67279155, -0.21051183,  0.        , ..., -0.84513556,
         -0.99775441, -0.81379847],
        ...,
        [ 0.26561633,  0.71366765,  0.84513556, ...,  0.        ,
         -0.58995765,  0.05613052],
        [ 0.78323338,  0.98949583,  0.99775441, ...,  0.58995765,
          0.        ,  0.63434925],
        [ 0.21108332,  0.67322396,  0.81379847, ..., -0.05613052,
         -0.63434925,  0.        ]],

       [[ 0.        ,  0.33996283,  0.60498319, ...,  0.98713733,
          0.98030447,  0.98861454],
        [-0.33996283,  0.        ,  0.2982583 , ...,  0.87399089,
          0.85477643,  0.87857726],
        [-0.60498319, -0.2982583 ,  0.        , ...,  0.68927505,
          0.66107647,  0.69614075],
        ...,
        [-0.98713733, -0.87399089, -0.68927505, ...,  0.        ,
         -0.03822609,  0.00951959],
        [-0.98030447, -0.85477643, -0.66107647, ...,  0.03822609,
          0.        ,  0.047737  ],
        [-0.98861454, -0.87857726, -0.69614075, ..., -0.00951959,
         -0.047737  ,  0.        ]],

       ...,

       [[ 0.        ,  0.25967389,  0.54096609, ..., -0.87528831,
         -0.73912247, -0.3447827 ],
        [-0.25967389,  0.        ,  0.30401171, ..., -0.97084141,
         -0.88867671, -0.57670675],
        [-0.54096609, -0.30401171,  0.        , ..., -0.99776833,
         -0.98601392, -0.79777298],
        ...,
        [ 0.87528831,  0.97084141,  0.99776833, ...,  0.        ,
          0.23212816,  0.65488043],
        [ 0.73912247,  0.88867671,  0.98601392, ..., -0.23212816,
          0.        ,  0.46156571],
        [ 0.3447827 ,  0.57670675,  0.79777298, ..., -0.65488043,
         -0.46156571,  0.        ]],

       [[ 0.        , -0.28359657, -0.7834738 , ...,  0.94592568,
          0.91060445,  0.82697545],
        [ 0.28359657,  0.        , -0.5750733 , ...,  0.99908348,
          0.99042289,  0.95247166],
        [ 0.7834738 ,  0.5750733 ,  0.        , ...,  0.84196761,
          0.88966548,  0.95440184],
        ...,
        [-0.94592568, -0.99908348, -0.84196761, ...,  0.        ,
         -0.09554624, -0.26357828],
        [-0.91060445, -0.99042289, -0.88966548, ...,  0.09554624,
          0.        , -0.17020487],
        [-0.82697545, -0.95247166, -0.95440184, ...,  0.26357828,
          0.17020487,  0.        ]],

       [[ 0.        ,  0.11486883,  0.21352684, ...,  0.96369901,
          0.95377078,  0.9602697 ],
        [-0.11486883,  0.        ,  0.0998938 , ...,  0.92665101,
          0.91293535,  0.92185649],
        [-0.21352684, -0.0998938 ,  0.        , ...,  0.88446365,
          0.86760187,  0.87853348],
        ...,
        [-0.96369901, -0.92665101, -0.88446365, ...,  0.        ,
         -0.03497702, -0.01255957],
        [-0.95377078, -0.91293535, -0.86760187, ...,  0.03497702,
          0.        ,  0.02242237],
        [-0.9602697 , -0.92185649, -0.87853348, ...,  0.01255957,
         -0.02242237,  0.        ]]]), 'num': array([ 7.73655357e-01,  6.33573596e-01,  6.36735279e-06,  2.18536289e-04,
        2.20522983e-04,  2.18039616e-04,  6.44085052e-03, -4.96673385e-06,
        2.16847600e-04,  2.27252907e-04,  2.36466198e-04,  4.73464348e-07,
        2.51228345e-04,  2.03277469e-04])}
{'img': array([[[ 0.        ,  0.18897457,  0.99800954, ...,  0.76867492,
          0.93624368,  0.84703851],
        [-0.18897457,  0.        ,  0.96811008, ...,  0.6339493 ,
          0.85297795,  0.73133061],
        [-0.99800954, -0.96811008,  0.        , ..., -0.58989147,
         -0.29160961, -0.4770567 ],
        ...,
        [-0.76867492, -0.6339493 ,  0.58989147, ...,  0.        ,
          0.3287836 ,  0.13322445],
        [-0.93624368, -0.85297795,  0.29160961, ..., -0.3287836 ,
          0.        , -0.20003491],
        [-0.84703851, -0.73133061,  0.4770567 , ..., -0.13322445,
          0.20003491,  0.        ]],

       [[ 0.        ,  0.21051183,  0.99946268, ..., -0.98949583,
         -0.67322396, -0.87622881],
        [-0.21051183,  0.        ,  0.98396605, ..., -0.99775441,
         -0.81379847, -0.95803833],
        [-0.99946268, -0.98396605,  0.        , ..., -0.1120507 ,
         -0.71697484, -0.45291592],
        ...,
        [ 0.98949583,  0.99775441,  0.1120507 , ...,  0.        ,
          0.63434925,  0.35016451],
        [ 0.67322396,  0.81379847,  0.71697484, ..., -0.63434925,
          0.        , -0.32349398],
        [ 0.87622881,  0.95803833,  0.45291592, ..., -0.35016451,
          0.32349398,  0.        ]],

       [[ 0.        ,  0.52456049,  0.8324371 , ...,  0.97217668,
          0.9825907 ,  0.98319611],
        [-0.52456049,  0.        ,  0.4180454 , ...,  0.7048075 ,
          0.73909668,  0.74130697],
        [-0.8324371 , -0.4180454 ,  0.        , ...,  0.34370472,
          0.38981962,  0.3928447 ],
        ...,
        [-0.97217668, -0.7048075 , -0.34370472, ...,  0.        ,
          0.04955627,  0.05283921],
        [-0.9825907 , -0.73909668, -0.38981962, ..., -0.04955627,
          0.        ,  0.00328724],
        [-0.98319611, -0.74130697, -0.3928447 , ..., -0.05283921,
         -0.00328724,  0.        ]],

       ...,

       [[ 0.        ,  0.30401171,  0.48233948, ..., -0.88867671,
         -0.57670675, -0.35283241],
        [-0.30401171,  0.        ,  0.19320002, ..., -0.98601392,
         -0.79777298, -0.62059192],
        [-0.48233948, -0.19320002,  0.        , ..., -0.99963611,
         -0.89923394, -0.76039423],
        ...,
        [ 0.88867671,  0.98601392,  0.99963611, ...,  0.        ,
          0.46156571,  0.66973706],
        [ 0.57670675,  0.79777298,  0.89923394, ..., -0.46156571,
          0.        ,  0.25136986],
        [ 0.35283241,  0.62059192,  0.76039423, ..., -0.66973706,
         -0.25136986,  0.        ]],

       [[ 0.        , -0.5750733 , -0.10774646, ...,  0.99042289,
          0.95247166,  0.89047721],
        [ 0.5750733 ,  0.        ,  0.48357788, ...,  0.88966548,
          0.95440184,  0.99017545],
        [ 0.10774646, -0.48357788,  0.        , ...,  0.99953328,
          0.97974926,  0.93432085],
        ...,
        [-0.99042289, -0.88966548, -0.99953328, ...,  0.        ,
         -0.17020487, -0.32772447],
        [-0.95247166, -0.95440184, -0.97974926, ...,  0.17020487,
          0.        , -0.16213753],
        [-0.89047721, -0.99017545, -0.93432085, ...,  0.32772447,
          0.16213753,  0.        ]],

       [[ 0.        ,  0.0998938 ,  0.019904  , ...,  0.91293535,
          0.92185649,  0.92812716],
        [-0.0998938 ,  0.        , -0.08006958, ...,  0.86760187,
          0.87853348,  0.88629796],
        [-0.019904  ,  0.08006958,  0.        , ...,  0.90463159,
          0.91396045,  0.92053376],
        ...,
        [-0.91293535, -0.86760187, -0.90463159, ...,  0.        ,
          0.02242237,  0.03892024],
        [-0.92185649, -0.87853348, -0.91396045, ..., -0.02242237,
          0.        ,  0.01650507],
        [-0.92812716, -0.88629796, -0.92053376, ..., -0.03892024,
         -0.01650507,  0.        ]]]), 'num': array([7.59051094e-01, 6.51010143e-01, 4.85577310e-06, 2.16514933e-04,
       2.17488034e-04, 2.10676328e-04, 5.18123640e-03, 2.43275205e-06,
       2.13984871e-04, 2.21161489e-04, 2.31898035e-04, 3.67615866e-07,
       2.42231931e-04, 2.00091048e-04])}
{'img': array([[[ 0.        ,  0.99735187,  0.97590814, ...,  0.93154098,
          0.83814041,  0.89072354],
        [-0.99735187,  0.        ,  0.28857918, ..., -0.29492497,
         -0.48305444, -0.38856186],
        [-0.97590814, -0.28857918,  0.        , ..., -0.55812099,
         -0.71518053, -0.63793429],
        ...,
        [-0.93154098,  0.29492497,  0.55812099, ...,  0.        ,
         -0.20333493, -0.09952825],
        [-0.83814041,  0.48305444,  0.71518053, ...,  0.20333493,
          0.        ,  0.10487629],
        [-0.89072354,  0.38856186,  0.63793429, ...,  0.09952825,
         -0.10487629,  0.        ]],

       [[ 0.        ,  0.98396605, -0.00742426, ..., -0.81379847,
         -0.95803833, -0.99949873],
