state_0,state_1,state_2,state_3,state_4,state_5,state_6,state_7,state_8,state_9,state_10,state_11,state_12,state_13,state_14,state_15,state_16,state_17,state_18,state_19,state_20,state_21,state_22,state_23,state_24,state_25,state_26,state_27,state_28,state_29,state_30,state_31,state_32,state_33,state_34,state_35,state_36,state_37,state_38,state_39,state_40,state_41,state_42,state_43,state_44,state_45,state_46,state_47,state_48,state_49,state_50,state_51,state_52,state_53,state_54,state_55,state_56,state_57,state_58,state_59,state_60,state_61,state_62,state_63,state_64,state_65,state_66,state_67,state_68,state_69,state_70,state_71,state_72,state_73,state_74,state_75,state_76,state_77,state_78,state_79,state_80,state_81,state_82,state_83,state_84,state_85,state_86,state_87,state_88,state_89,state_90,state_91,state_92,state_93,state_94,state_95,state_96,state_97,state_98,state_99,state_100,state_101,state_102,state_103,state_104,state_105,state_106,state_107,state_108,state_109,state_110,state_111,state_112,state_113,state_114,state_115,state_116,state_117,state_118,state_119,state_120,state_121,state_122,state_123,state_124,state_125,state_126,state_127,state_128,state_129,state_130,state_131,state_132,state_133,state_134,state_135,state_136,state_137,state_138,state_139,state_140,state_141,state_142,state_143,state_144,state_145,state_146,state_147,state_148,state_149,state_150,state_151,state_152,state_153,state_154,state_155,state_156,state_157,state_158,state_159,state_160,state_161,state_162,state_163,state_164,state_165,state_166,state_167,state_168,state_169,state_170,state_171,state_172,state_173,state_174,state_175,state_176,state_177,state_178,state_179,state_180,state_181,state_182,state_183,state_184,state_185,state_186,state_187,state_188,state_189,state_190,state_191,state_192,state_193,state_194,state_195,state_196,state_197,state_198,state_199,state_200,state_201,state_202,state_203,state_204,state_205,state_206,state_207,state_208,state_209,state_210,state_211,state_212,state_213,state_214,state_215,state_216,state_217,state_218,state_219,state_220,state_221,state_222,state_223,state_224,state_225,state_226,state_227,state_228,state_229,state_230,state_231,state_232,state_233,state_234,state_235,state_236,state_237,state_238,state_239,state_240,state_241,state_242,state_243,state_244,state_245,state_246,state_247,state_248,state_249,state_250,state_251,state_252,state_253,state_254,state_255,state_256,state_257,state_258,state_259,state_260,state_261,state_262,state_263,state_264,state_265,state_266,state_267,state_268,state_269,state_270,state_271,state_272,state_273,state_274,state_275,state_276,state_277,state_278,state_279,state_280,state_281,state_282,state_283,state_284,state_285,state_286,state_287
{'img': array([[[ 0.        , -0.42178342, -0.29253799, ..., -0.85183542,
         -0.99510782, -0.99999594],
        [ 0.42178342,  0.        ,  0.13808884, ..., -0.99329046,
         -0.86059083, -0.90549168],
        [ 0.29253799, -0.13808884,  0.        , ..., -0.96780513,
         -0.92267447, -0.95541686],
        ...,
        [ 0.85183542,  0.99329046,  0.96780513, ...,  0.        ,
          0.60540396,  0.52623346],
        [ 0.99510782,  0.86059083,  0.92267447, ..., -0.60540396,
          0.        , -0.09596041],
        [ 0.99999594,  0.90549168,  0.95541686, ..., -0.52623346,
          0.09596041,  0.        ]],

       [[ 0.        ,  0.77818636,  0.48382641, ...,  0.79661343,
          0.78735666,  0.43771942],
        [-0.77818636,  0.        , -0.37718152, ...,  0.0298947 ,
          0.01473616, -0.42477397],
        [-0.48382641,  0.37718152,  0.        , ...,  0.4046996 ,
          0.3907883 , -0.05193767],
        ...,
        [-0.79661343, -0.0298947 , -0.4046996 , ...,  0.        ,
         -0.01516188, -0.45164778],
        [-0.78735666, -0.01473616, -0.3907883 , ...,  0.01516188,
          0.        , -0.43806848],
        [-0.43771942,  0.42477397,  0.05193767, ...,  0.45164778,
          0.43806848,  0.        ]],

       [[ 0.        , -0.19776807, -0.29351821, ..., -0.99933953,
         -0.948571  , -0.56568623],
        [ 0.19776807,  0.        , -0.09866381, ..., -0.98678805,
         -0.99244197, -0.71759689],
        [ 0.29351821,  0.09866381,  0.        , ..., -0.96598817,
         -0.99970718, -0.78281088],
        ...,
        [ 0.99933953,  0.98678805,  0.96598817, ...,  0.        ,
         -0.28188555, -0.80351964],
        [ 0.948571  ,  0.99244197,  0.99970718, ...,  0.28188555,
          0.        , -0.603135  ],
        [ 0.56568623,  0.71759689,  0.78281088, ...,  0.80351964,
          0.603135  ,  0.        ]],

       ...,

       [[ 0.        , -0.86817693, -0.48482001, ..., -0.84088828,
         -0.89245714, -0.88372883],
        [ 0.86817693,  0.        ,  0.51872539, ..., -0.88715978,
         -0.05122357, -0.03224847],
        [ 0.48482001, -0.51872539,  0.        , ..., -0.99784145,
         -0.56183754, -0.54602612],
        ...,
        [ 0.84088828,  0.88715978,  0.99784145, ...,  0.        ,
          0.86235738,  0.8718169 ],
        [ 0.89245714,  0.05122357,  0.56183754, ..., -0.86235738,
          0.        ,  0.0189908 ],
        [ 0.88372883,  0.03224847,  0.54602612, ..., -0.8718169 ,
         -0.0189908 ,  0.        ]],

       [[ 0.        , -0.7686664 , -0.98892765, ..., -0.78956958,
         -0.76299805, -0.74872496],
        [ 0.7686664 ,  0.        , -0.51849854, ..., -0.97674871,
         -0.98491818, -0.98845602],
        [ 0.98892765,  0.51849854,  0.        , ..., -0.72403728,
         -0.75247135, -0.76665077],
        ...,
        [ 0.78956958,  0.97674871,  0.72403728, ...,  0.        ,
         -0.04215623, -0.06392717],
        [ 0.76299805,  0.98491818,  0.75247135, ...,  0.04215623,
          0.        , -0.02180034],
        [ 0.74872496,  0.98845602,  0.76665077, ...,  0.06392717,
          0.02180034,  0.        ]],

       [[ 0.        ,  0.0527773 ,  0.31545916, ..., -0.99666923,
         -0.98993444, -0.7840835 ],
        [-0.0527773 ,  0.        ,  0.26493706, ..., -0.99958418,
         -0.98108537, -0.75023422],
        [-0.31545916, -0.26493706,  0.        , ..., -0.97150424,
         -0.89474165, -0.54825613],
        ...,
        [ 0.99666923,  0.99958418,  0.97150424, ...,  0.        ,
         -0.22178474, -0.68253031],
        [ 0.98993444,  0.98108537,  0.89474165, ...,  0.22178474,
          0.        , -0.50343934],
        [ 0.7840835 ,  0.75023422,  0.54825613, ...,  0.68253031,
          0.50343934,  0.        ]]]), 'num': array([ 9.87168344e-01,  1.59622158e-01,  5.06144444e-06,  7.98019446e-04,
        8.29744990e-04,  7.90698167e-04,  3.65233733e-03, -7.32127933e-06,
        7.95579020e-04,  9.09180871e-04,  9.86867779e-04,  1.39878101e-07,
        1.06822835e-03,  7.50133391e-04])}
{'img': array([[[ 0.        ,  0.13808884,  0.16598315, ..., -0.86059083,
         -0.90549168, -0.93764547],
        [-0.13808884,  0.        ,  0.02821965, ..., -0.92267447,
         -0.95541686, -0.97666141],
        [-0.16598315, -0.02821965,  0.        , ..., -0.93318794,
         -0.96336851, -0.98233361],
        ...,
        [ 0.86059083,  0.92267447,  0.93318794, ...,  0.        ,
         -0.09596041, -0.17840458],
        [ 0.90549168,  0.95541686,  0.96336851, ...,  0.09596041,
          0.        , -0.08316034],
        [ 0.93764547,  0.97666141,  0.98233361, ...,  0.17840458,
          0.08316034,  0.        ]],

       [[ 0.        , -0.37718152, -0.41100441, ...,  0.01473616,
         -0.42477397, -0.455674  ],
        [ 0.37718152,  0.        , -0.0367961 , ...,  0.3907883 ,
         -0.05193767, -0.08627072],
        [ 0.41100441,  0.0367961 ,  0.        , ...,  0.42439376,
         -0.01515606, -0.04955338],
        ...,
        [-0.01473616, -0.3907883 , -0.42439376, ...,  0.        ,
         -0.43806848, -0.46874186],
        [ 0.42477397,  0.05193767,  0.01515606, ...,  0.43806848,
          0.        , -0.03441025],
        [ 0.455674  ,  0.08627072,  0.04955338, ...,  0.46874186,
          0.03441025,  0.        ]],

       [[ 0.        , -0.09719824, -0.22474191, ..., -0.99800398,
         -0.89360024, -0.71025214],
        [ 0.09719824,  0.        , -0.12896602, ..., -0.99941664,
         -0.93299784, -0.77531157],
        [ 0.22474191,  0.12896602,  0.        , ..., -0.98666605,
         -0.97161893, -0.85028918],
        ...,
        [ 0.99800398,  0.99941664,  0.98666605, ...,  0.        ,
         -0.39153596, -0.65768911],
        [ 0.89360024,  0.93299784,  0.97161893, ...,  0.39153596,
          0.        , -0.31024114],
        [ 0.71025214,  0.77531157,  0.85028918, ...,  0.65768911,
          0.31024114,  0.        ]],

       ...,

       [[ 0.        ,  0.51872539,  0.51872539, ..., -0.05122357,
         -0.03224847, -0.08369024],
        [-0.51872539,  0.        ,  0.        , ..., -0.56183754,
         -0.54602612, -0.58845581],
        [-0.51872539,  0.        ,  0.        , ..., -0.56183754,
         -0.54602612, -0.58845581],
        ...,
        [ 0.05122357,  0.56183754,  0.56183754, ...,  0.        ,
          0.0189908 , -0.0325365 ],
        [ 0.03224847,  0.54602612,  0.54602612, ..., -0.0189908 ,
          0.        , -0.05151138],
        [ 0.08369024,  0.58845581,  0.58845581, ...,  0.0325365 ,
          0.05151138,  0.        ]],

       [[ 0.        , -0.91617215, -0.99467791, ..., -0.82255237,
         -0.80828516, -0.77380336],
        [ 0.91617215,  0.        , -0.4930482 , ..., -0.850684  ,
         -0.86338266, -0.89045592],
        [ 0.99467791,  0.4930482 ,  0.        , ..., -0.48091248,
         -0.50237733, -0.55032722],
        ...,
        [ 0.82255237,  0.850684  ,  0.48091248, ...,  0.        ,
         -0.02464843, -0.08097221],
        [ 0.80828516,  0.86338266,  0.50237733, ...,  0.02464843,
          0.        , -0.05638012],
        [ 0.77380336,  0.89045592,  0.55032722, ...,  0.08097221,
          0.05638012,  0.        ]],

       [[ 0.        ,  0.25597393,  0.73178134, ..., -0.9995461 ,
         -0.96779878, -0.73178134],
        [-0.25597393,  0.        ,  0.53294474, ..., -0.95853332,
         -0.87112023, -0.53294474],
        [-0.73178134, -0.53294474,  0.        , ..., -0.65918418,
         -0.47538536, -0.        ],
        ...,
        [ 0.9995461 ,  0.95853332,  0.65918418, ...,  0.        ,
         -0.22245451, -0.65918418],
        [ 0.96779878,  0.87112023,  0.47538536, ...,  0.22245451,
          0.        , -0.47538536],
        [ 0.73178134,  0.53294474,  0.        , ...,  0.65918418,
          0.47538536,  0.        ]]]), 'num': array([9.31735038e-01, 3.63037637e-01, 3.41560001e-06, 1.78835661e-03,
       1.79909749e-03, 1.73465220e-03, 6.64870171e-03, 3.22226416e-05,
       1.76472667e-03, 1.98222950e-03, 2.16563004e-03, 3.51399178e-07,
       2.33599276e-03, 1.62846624e-03])}
{'img': array([[[ 0.        ,  0.02821965,  0.12868472, ..., -0.95541686,
         -0.97666141, -0.9312315 ],
        [-0.02821965,  0.        ,  0.10064845, ..., -0.96336851,
         -0.98233361, -0.94114467],
        [-0.12868472, -0.10064845,  0.        , ..., -0.98546859,
         -0.99618053, -0.97038517],
        ...,
        [ 0.95541686,  0.96336851,  0.98546859, ...,  0.        ,
         -0.08316034,  0.07322517],
        [ 0.97666141,  0.98233361,  0.99618053, ...,  0.08316034,
          0.        ,  0.15590861],
        [ 0.9312315 ,  0.94114467,  0.97038517, ..., -0.07322517,
         -0.15590861,  0.        ]],

       [[ 0.        , -0.0367961 , -0.44457903, ..., -0.05193767,
         -0.08627072, -0.19682366],
        [ 0.0367961 ,  0.        , -0.41131823, ..., -0.01515606,
         -0.04955338, -0.16061404],
        [ 0.44457903,  0.41131823,  0.        , ...,  0.39745636,
          0.36564541,  0.25957982],
        ...,
        [ 0.05193767,  0.01515606, -0.39745636, ...,  0.        ,
         -0.03441025, -0.14563631],
        [ 0.08627072,  0.04955338, -0.36564541, ...,  0.03441025,
          0.        , -0.11150668],
        [ 0.19682366,  0.16061404, -0.25957982, ...,  0.14563631,
          0.11150668,  0.        ]],

       [[ 0.        , -0.12896602, -0.19629107, ..., -0.93299784,
         -0.77531157, -0.92487602],
        [ 0.12896602,  0.        , -0.06819477, ..., -0.97161893,
         -0.85028918, -0.96619414],
        [ 0.19629107,  0.06819477,  0.        , ..., -0.98548861,
         -0.88420172, -0.98152654],
        ...,
        [ 0.93299784,  0.97161893,  0.98548861, ...,  0.        ,
         -0.31024114, -0.02194377],
        [ 0.77531157,  0.85028918,  0.88420172, ...,  0.31024114,
          0.        ,  0.28930542],
        [ 0.92487602,  0.96619414,  0.98152654, ...,  0.02194377,
         -0.28930542,  0.        ]],

       ...,

       [[ 0.        ,  0.        , -0.15254193, ..., -0.54602612,
         -0.58845581, -0.4099487 ],
        [ 0.        ,  0.        , -0.15254193, ..., -0.54602612,
         -0.58845581, -0.4099487 ],
        [ 0.15254193,  0.15254193,  0.        , ..., -0.41184121,
         -0.45823448, -0.26601626],
        ...,
        [ 0.54602612,  0.54602612,  0.41184121, ...,  0.        ,
         -0.05151138,  0.15459315],
        [ 0.58845581,  0.58845581,  0.45823448, ...,  0.05151138,
          0.        ,  0.20528003],
        [ 0.4099487 ,  0.4099487 ,  0.26601626, ..., -0.15459315,
         -0.20528003,  0.        ]],

       [[ 0.        , -0.95980639, -0.96446412, ..., -0.91078177,
         -0.87911151, -0.80025523],
        [ 0.95980639,  0.        , -0.01709517, ..., -0.65191531,
         -0.70419325, -0.80015905],
        [ 0.96446412,  0.01709517,  0.        , ..., -0.63885691,
         -0.69195263, -0.78978865],
        ...,
        [ 0.91078177,  0.65191531,  0.63885691, ...,  0.        ,
         -0.07111865, -0.21574315],
        [ 0.87911151,  0.70419325,  0.69195263, ...,  0.07111865,
          0.        , -0.14575304],
        [ 0.80025523,  0.80015905,  0.78978865, ...,  0.21574315,
          0.14575304,  0.        ]],

       [[ 0.        ,  0.52318669,  0.32755859, ..., -0.92636085,
         -0.81367216, -0.52318669],
        [-0.52318669,  0.        , -0.21517158, ..., -0.59240991,
         -0.38928514, -0.        ],
        [-0.32755859,  0.21517158,  0.        , ..., -0.75188358,
         -0.57836489, -0.21517158],
        ...,
        [ 0.92636085,  0.59240991,  0.75188358, ...,  0.        ,
         -0.23205661, -0.59240991],
        [ 0.81367216,  0.38928514,  0.57836489, ...,  0.23205661,
          0.        , -0.38928514],
        [ 0.52318669,  0.        ,  0.21517158, ...,  0.59240991,
          0.38928514,  0.        ]]]), 'num': array([ 8.39745198e-01,  5.42897620e-01,  1.87285538e-06,  1.56235567e-03,
        1.64614131e-03,  1.55249854e-03,  8.13448120e-03, -7.88570687e-05,
        1.61755562e-03,  1.79670902e-03,  1.97972314e-03,  3.18553707e-07,
        2.12720204e-03,  1.46621600e-03])}
{'img': array([[[ 0.        ,  0.09963495,  0.05655972, ..., -0.97335745,
         -0.93051991, -0.95745259],
        [-0.09963495,  0.        , -0.04319718, ..., -0.99135968,
         -0.96238013, -0.92393465],
        [-0.05655972,  0.04319718,  0.        , ..., -0.98476806,
         -0.94974486, -0.93959732],
        ...,
        [ 0.97335745,  0.99135968,  0.98476806, ...,  0.        ,
          0.14312202, -0.50043898],
        [ 0.93051991,  0.96238013,  0.94974486, ..., -0.14312202,
          0.        , -0.61919799],
        [ 0.95745259,  0.92393465,  0.93959732, ...,  0.50043898,
          0.61919799,  0.        ]],

       [[ 0.        , -0.41131823, -0.37816442, ..., -0.04955338,
         -0.16061404,  0.00959539],
        [ 0.41131823,  0.        ,  0.03607933, ...,  0.36564541,
          0.25957982,  0.42004541],
        [ 0.37816442, -0.03607933,  0.        , ...,  0.33182636,
          0.22456822,  0.38702983],
        ...,
        [ 0.04955338, -0.36564541, -0.33182636, ...,  0.        ,
         -0.11150668,  0.0591347 ],
        [ 0.16061404, -0.25957982, -0.22456822, ...,  0.11150668,
          0.        ,  0.17007746],
        [-0.00959539, -0.42004541, -0.38702983, ..., -0.0591347 ,
         -0.17007746,  0.        ]],

       [[ 0.        , -0.06819477, -0.11937098, ..., -0.85028918,
         -0.96619414, -0.9598217 ],
        [ 0.06819477,  0.        , -0.05138593, ..., -0.88420172,
         -0.98152654, -0.97672344],
        [ 0.11937098,  0.05138593,  0.        , ..., -0.90703621,
         -0.99006128, -0.98645547],
        ...,
        [ 0.85028918,  0.88420172,  0.90703621, ...,  0.        ,
          0.28930542,  0.26656917],
        [ 0.96619414,  0.98152654,  0.99006128, ..., -0.28930542,
          0.        , -0.0236673 ],
        [ 0.9598217 ,  0.97672344,  0.98645547, ..., -0.26656917,
          0.0236673 ,  0.        ]],

       ...,

       [[ 0.        , -0.15254193, -0.13564848, ..., -0.58845581,
         -0.4099487 , -0.42763481],
        [ 0.15254193,  0.        ,  0.01707101, ..., -0.45823448,
         -0.26601626, -0.28473968],
        [ 0.13564848, -0.01707101,  0.        , ..., -0.47334096,
         -0.28243341, -0.30106254],
        ...,
        [ 0.58845581,  0.45823448,  0.47334096, ...,  0.        ,
          0.20528003,  0.18618026],
        [ 0.4099487 ,  0.26601626,  0.28243341, ..., -0.20528003,
          0.        , -0.0194756 ],
        [ 0.42763481,  0.28473968,  0.30106254, ..., -0.18618026,
          0.0194756 ,  0.        ]],

       [[ 0.        , -0.02146234, -0.00735755, ..., -0.78634589,
         -0.87513331, -0.96073395],
        [ 0.02146234,  0.        ,  0.0141059 , ..., -0.77290562,
         -0.86454649, -0.95455747],
        [ 0.00735755, -0.0141059 ,  0.        , ..., -0.78177921,
         -0.87154944, -0.95866644],
        ...,
        [ 0.78634589,  0.77290562,  0.78177921, ...,  0.        ,
         -0.16014699, -0.3753401 ],
        [ 0.87513331,  0.86454649,  0.87154944, ...,  0.16014699,
          0.        , -0.22205746],
        [ 0.96073395,  0.95455747,  0.95866644, ...,  0.3753401 ,
          0.22205746,  0.        ]],

       [[ 0.        , -0.20960211, -0.27721874, ..., -0.56972291,
         -0.44275424, -0.        ],
        [ 0.20960211,  0.        , -0.06967367, ..., -0.72932626,
         -0.6208575 , -0.20960211],
        [ 0.27721874,  0.06967367,  0.        , ..., -0.77522224,
         -0.67396754, -0.27721874],
        ...,
        [ 0.56972291,  0.72932626,  0.77522224, ...,  0.        ,
         -0.14696632, -0.56972291],
        [ 0.44275424,  0.6208575 ,  0.67396754, ...,  0.14696632,
          0.        , -0.44275424],
        [ 0.        ,  0.20960211,  0.27721874, ...,  0.56972291,
          0.44275424,  0.        ]]]), 'num': array([ 8.60237941e-01,  5.09834879e-01,  2.24617347e-06,  1.58553422e-03,
        1.63635262e-03,  1.58045238e-03,  5.86384420e-03, -2.54092022e-05,
        1.64549993e-03,  1.82209389e-03,  2.03273617e-03,  3.45304542e-07,
        2.14329636e-03,  1.50089142e-03])}
{'img': array([[[ 0.        , -0.04217156, -0.0282003 , ..., -0.942051  ,
         -0.99864838, -0.91537715],
        [ 0.04217156,  0.        ,  0.01397958, ..., -0.92706565,
         -0.99995184, -0.93154098],
        [ 0.0282003 , -0.01397958,  0.        , ..., -0.93221599,
         -0.99971693, -0.92636647],
        ...,
        [ 0.942051  ,  0.92706565,  0.93221599, ...,  0.        ,
         -0.38397943, -0.68634859],
        [ 0.99864838,  0.99995184,  0.99971693, ...,  0.38397943,
          0.        , -0.35447647],
        [ 0.91537715,  0.93154098,  0.92636647, ...,  0.68634859,
          0.35447647,  0.        ]],

       [[ 0.        ,  0.03607933,  0.12249417, ...,  0.25957982,
          0.42004541,  0.21964496],
        [-0.03607933,  0.        ,  0.0866068 , ...,  0.22456822,
          0.38702983,  0.18430369],
        [-0.12249417, -0.0866068 ,  0.        , ...,  0.13932971,
          0.30571831,  0.09848801],
        ...,
        [-0.25957982, -0.22456822, -0.13932971, ...,  0.        ,
          0.17007746, -0.04112495],
        [-0.42004541, -0.38702983, -0.30571831, ..., -0.17007746,
          0.        , -0.21045937],
        [-0.21964496, -0.18430369, -0.09848801, ...,  0.04112495,
          0.21045937,  0.        ]],

       [[ 0.        , -0.05075453,  0.01105884, ..., -0.99496903,
         -0.99311215, -0.87913375],
        [ 0.05075453,  0.        ,  0.06179601, ..., -0.99877141,
         -0.99777897, -0.90218903],
        [-0.01105884, -0.06179601,  0.        , ..., -0.99380028,
         -0.99175568, -0.87380963],
        ...,
        [ 0.99496903,  0.99877141,  0.99380028, ...,  0.        ,
         -0.01708528, -0.38610324],
        [ 0.99311215,  0.99777897,  0.99175568, ...,  0.01708528,
          0.        , -0.37028648],
        [ 0.87913375,  0.90218903,  0.87380963, ...,  0.38610324,
          0.37028648,  0.        ]],

       ...,

       [[ 0.        ,  0.01707101,  0.17282996, ..., -0.26601626,
         -0.28473968, -0.20719201],
        [-0.01707101,  0.        ,  0.15599065, ..., -0.28243341,
         -0.30106254, -0.22386239],
        [-0.17282996, -0.15599065,  0.        , ..., -0.42861581,
         -0.44613046, -0.37315372],
        ...,
        [ 0.26601626,  0.28243341,  0.42861581, ...,  0.        ,
         -0.0194756 ,  0.06051721],
        [ 0.28473968,  0.30106254,  0.44613046, ...,  0.0194756 ,
          0.        ,  0.07994564],
        [ 0.20719201,  0.22386239,  0.37315372, ..., -0.06051721,
         -0.07994564,  0.        ]],

       [[ 0.        ,  0.01315108,  0.02069288, ..., -0.80355294,
         -0.89582142, -0.85904216],
        [-0.01315108,  0.        ,  0.00754282, ..., -0.81131141,
         -0.90158848, -0.85223577],
        [-0.02069288, -0.00754282,  0.        , ..., -0.81569797,
         -0.90482582, -0.84826544],
        ...,
        [ 0.80355294,  0.81131141,  0.81569797, ...,  0.        ,
         -0.17611241, -0.92267313],
        [ 0.89582142,  0.90158848,  0.90482582, ...,  0.17611241,
          0.        , -0.84034585],
        [ 0.85904216,  0.85223577,  0.84826544, ...,  0.92267313,
          0.84034585,  0.        ]],

       [[ 0.        , -0.18275099, -0.25707362, ..., -0.51186199,
         -0.27453322, -0.        ],
        [ 0.18275099,  0.        , -0.07613524, ..., -0.66023731,
         -0.44563914, -0.18275099],
        [ 0.25707362,  0.07613524,  0.        , ..., -0.71550288,
         -0.5125029 , -0.25707362],
        ...,
        [ 0.51186199,  0.66023731,  0.71550288, ...,  0.        ,
         -0.2563524 , -0.51186199],
        [ 0.27453322,  0.44563914,  0.5125029 , ...,  0.2563524 ,
          0.        , -0.27453322],
        [ 0.        ,  0.18275099,  0.25707362, ...,  0.51186199,
          0.27453322,  0.        ]]]), 'num': array([ 7.95561001e-01,  6.05770442e-01,  1.28671565e-06,  1.40585599e-03,
        1.49640265e-03,  1.40109038e-03,  1.02034454e-02, -8.10154300e-05,
        1.50974637e-03,  1.68321470e-03,  1.89631705e-03,  2.80330208e-07,
        1.99610327e-03,  1.37032613e-03])}
{'img': array([[[ 0.        ,  0.01297341, -0.27876154, ..., -0.95748127,
         -0.97996977, -0.90429856],
        [-0.01297341,  0.        , -0.29119722, ..., -0.96114346,
         -0.98247091, -0.8986841 ],
        [ 0.27876154,  0.29119722,  0.        , ..., -0.83910561,
         -0.88560979, -0.98745595],
        ...,
        [ 0.95748127,  0.96114346,  0.83910561, ...,  0.        ,
         -0.09203798, -0.66963533],
        [ 0.97996977,  0.98247091,  0.88560979, ...,  0.09203798,
          0.        , -0.59843737],
        [ 0.90429856,  0.8986841 ,  0.98745595, ...,  0.66963533,
          0.59843737,  0.        ]],

       [[ 0.        ,  0.0866068 ,  0.5904134 , ...,  0.38702983,
          0.18430369,  0.53453767],
        [-0.0866068 ,  0.        ,  0.51829453, ...,  0.30571831,
          0.09848801,  0.45933392],
        [-0.5904134 , -0.51829453,  0.        , ..., -0.23202866,
         -0.43154754, -0.06755883],
        ...,
        [-0.38702983, -0.30571831,  0.23202866, ...,  0.        ,
         -0.21045937,  0.16578346],
        [-0.18430369, -0.09848801,  0.43154754, ...,  0.21045937,
          0.        ,  0.36961742],
        [-0.53453767, -0.45933392,  0.06755883, ..., -0.16578346,
         -0.36961742,  0.        ]],

       [[ 0.        ,  0.05953435,  0.        , ..., -0.99288247,
         -0.99991432, -0.88699777],
        [-0.05953435,  0.        , -0.05953435, ..., -0.99821179,
         -0.99736143, -0.85793307],
        [ 0.        ,  0.05953435,  0.        , ..., -0.99288247,
         -0.99991432, -0.88699777],
        ...,
        [ 0.99288247,  0.99821179,  0.99288247, ...,  0.        ,
         -0.13208486, -0.56412694],
        [ 0.99991432,  0.99736143,  0.99991432, ...,  0.13208486,
          0.        , -0.4501234 ],
        [ 0.88699777,  0.85793307,  0.88699777, ...,  0.56412694,
          0.4501234 ,  0.        ]],

       ...,

       [[ 0.        ,  0.15599065, -0.30637594, ..., -0.30106254,
         -0.22386239, -0.43763944],
        [-0.15599065,  0.        , -0.4511146 , ..., -0.44613046,
         -0.37315372, -0.57254117],
        [ 0.30637594,  0.4511146 ,  0.        , ...,  0.00557682,
          0.08550337, -0.14111552],
        ...,
        [ 0.30106254,  0.44613046, -0.00557682, ...,  0.        ,
          0.07994564, -0.14663434],
        [ 0.22386239,  0.37315372, -0.08550337, ..., -0.07994564,
          0.        , -0.22524649],
        [ 0.43763944,  0.57254117,  0.14111552, ...,  0.14663434,
          0.22524649,  0.        ]],

       [[ 0.        ,  0.00723022,  0.03103661, ..., -0.86596549,
         -0.99694358, -0.83299795],
        [-0.00723022,  0.        ,  0.02380906, ..., -0.86955871,
         -0.99635267, -0.82897587],
        [-0.03103661, -0.02380906,  0.        , ..., -0.88106983,
         -0.99403858, -0.81542484],
        ...,
        [ 0.86596549,  0.86955871,  0.88106983, ...,  0.        ,
         -0.56622865, -0.89570339],
        [ 0.99694358,  0.99635267,  0.99403858, ...,  0.56622865,
          0.        , -0.4865072 ],
        [ 0.83299795,  0.82897587,  0.81542484, ...,  0.89570339,
          0.4865072 ,  0.        ]],

       [[ 0.        , -0.1770549 , -0.46431403, ..., -0.55414465,
         -0.49547232, -0.        ],
        [ 0.1770549 ,  0.        , -0.30016599, ..., -0.69277382,
         -0.64143843, -0.1770549 ],
        [ 0.46431403,  0.30016599,  0.        , ..., -0.87729411,
         -0.84213947, -0.46431403],
        ...,
        [ 0.55414465,  0.69277382,  0.87729411, ...,  0.        ,
         -0.06890193, -0.55414465],
        [ 0.49547232,  0.64143843,  0.84213947, ...,  0.06890193,
          0.        , -0.49547232],
        [ 0.        ,  0.1770549 ,  0.46431403, ...,  0.55414465,
          0.49547232,  0.        ]]]), 'num': array([8.26064498e-01, 5.63502032e-01, 1.73882428e-06, 1.48340376e-03,
       1.50305150e-03, 1.45884410e-03, 7.82199787e-03, 3.43835310e-05,
       1.53154071e-03, 1.71180865e-03, 1.94512547e-03, 2.80681885e-07,
       2.03689550e-03, 1.38672180e-03])}
{'img': array([[[ 0.        , -0.29119722, -0.08915774, ..., -0.98247091,
         -0.8986841 , -0.99891572],
        [ 0.29119722,  0.        ,  0.20474362, ..., -0.88560979,
         -0.98745595, -0.96918251],
        [ 0.08915774, -0.20474362,  0.        , ..., -0.96193781,
         -0.93420938, -0.99908832],
        ...,
        [ 0.98247091,  0.88560979,  0.96193781, ...,  0.        ,
         -0.59843737, -0.23195306],
        [ 0.8986841 ,  0.98745595,  0.93420938, ...,  0.59843737,
          0.        ,  0.39628244],
        [ 0.99891572,  0.96918251,  0.99908832, ...,  0.23195306,
         -0.39628244,  0.        ]],

       [[ 0.        ,  0.51829453,  0.21291745, ...,  0.09848801,
          0.45933392,  0.2848842 ],
        [-0.51829453,  0.        , -0.32432267, ..., -0.43154754,
         -0.06755883, -0.25318383],
        [-0.21291745,  0.32432267,  0.        , ..., -0.11565259,
          0.25967464,  0.07425729],
        ...,
        [-0.09848801,  0.43154754,  0.11565259, ...,  0.        ,
          0.36961742,  0.1890923 ],
        [-0.45933392,  0.06755883, -0.25967464, ..., -0.36961742,
          0.        , -0.18724773],
        [-0.2848842 ,  0.25318383, -0.07425729, ..., -0.1890923 ,
          0.18724773,  0.        ]],

       [[ 0.        , -0.0580629 , -0.06475977, ..., -0.99907198,
         -0.98483002, -0.84695523],
        [ 0.0580629 ,  0.        , -0.00670949, ..., -0.9948856 ,
         -0.99324372, -0.87639633],
        [ 0.06475977,  0.00670949,  0.        , ..., -0.99418549,
         -0.99399998, -0.87960783],
        ...,
        [ 0.99907198,  0.9948856 ,  0.99418549, ...,  0.        ,
         -0.21577921, -0.56765069],
        [ 0.98483002,  0.99324372,  0.99399998, ...,  0.21577921,
          0.        , -0.37663363],
        [ 0.84695523,  0.87639633,  0.87960783, ...,  0.56765069,
          0.37663363,  0.        ]],

       ...,

       [[ 0.        , -0.4511146 , -0.11010655, ..., -0.37315372,
         -0.57254117, -0.60869349],
        [ 0.4511146 ,  0.        ,  0.35010538, ...,  0.08550337,
         -0.14111552, -0.18532148],
        [ 0.11010655, -0.35010538,  0.        , ..., -0.26873136,
         -0.47878629, -0.51763337],
        ...,
        [ 0.37315372, -0.08550337,  0.26873136, ...,  0.        ,
         -0.22524649, -0.26866508],
        [ 0.57254117,  0.14111552,  0.47878629, ...,  0.22524649,
          0.        , -0.04479588],
        [ 0.60869349,  0.18532148,  0.51763337, ...,  0.26866508,
          0.04479588,  0.        ]],

       [[ 0.        ,  0.02253984,  0.02118098, ..., -0.99131067,
         -0.99859762, -0.80299016],
        [-0.02253984,  0.        , -0.00135919, ..., -0.99402375,
         -0.99715063, -0.78935258],
        [-0.02118098,  0.00135919,  0.        , ..., -0.99387445,
         -0.99725224, -0.79018631],
        ...,
        [ 0.99131067,  0.99402375,  0.99387445, ...,  0.        ,
         -0.18383844, -0.69644001],
        [ 0.99859762,  0.99715063,  0.99725224, ...,  0.18383844,
          0.        , -0.552645  ],
        [ 0.80299016,  0.78935258,  0.79018631, ...,  0.69644001,
          0.552645  ,  0.        ]],

       [[ 0.        , -0.34737644, -0.40500218, ..., -0.6866894 ,
         -0.48781916, -0.09467159],
        [ 0.34737644,  0.        , -0.06216924, ..., -0.89645197,
         -0.76068102, -0.43459221],
        [ 0.40500218,  0.06216924,  0.        , ..., -0.92226763,
         -0.79956524, -0.48974287],
        ...,
        [ 0.6866894 ,  0.89645197,  0.92226763, ...,  0.        ,
         -0.24482129, -0.61478358],
        [ 0.48781916,  0.76068102,  0.79956524, ...,  0.24482129,
          0.        , -0.40298508],
        [ 0.09467159,  0.43459221,  0.48974287, ...,  0.61478358,
          0.40298508,  0.        ]]]), 'num': array([8.29341811e-01, 5.58681678e-01, 1.72394989e-06, 1.52915329e-03,
       1.56324270e-03, 1.49019397e-03, 6.73570598e-03, 5.84389794e-05,
       1.49993380e-03, 1.67695521e-03, 1.92004513e-03, 2.48032935e-07,
       1.98797888e-03, 1.36593155e-03])}
{'img': array([[[ 0.        ,  0.20474362,  0.41730041, ..., -0.98745595,
         -0.96918251, -0.86726435],
        [-0.20474362,  0.        ,  0.2223956 , ..., -0.93420938,
         -0.99908832, -0.95082309],
        [-0.41730041, -0.2223956 ,  0.        , ..., -0.83147942,
         -0.98356199, -0.99589475],
        ...,
        [ 0.98745595,  0.93420938,  0.83147942, ...,  0.        ,
          0.39628244,  0.62853936],
        [ 0.96918251,  0.99908832,  0.98356199, ..., -0.39628244,
          0.        ,  0.26886032],
        [ 0.86726435,  0.95082309,  0.99589475, ..., -0.62853936,
         -0.26886032,  0.        ]],

       [[ 0.        , -0.32432267,  0.0547565 , ..., -0.06755883,
         -0.25318383, -0.33358965],
        [ 0.32432267,  0.        ,  0.37563282, ...,  0.25967464,
          0.07425729, -0.00981303],
        [-0.0547565 , -0.37563282,  0.        , ..., -0.12208887,
         -0.30577641, -0.38470914],
        ...,
        [ 0.06755883, -0.25967464,  0.12208887, ...,  0.        ,
         -0.18724773, -0.26913854],
        [ 0.25318383, -0.07425729,  0.30577641, ...,  0.18724773,
          0.        , -0.08403965],
        [ 0.33358965,  0.00981303,  0.38470914, ...,  0.26913854,
          0.08403965,  0.        ]],

       [[ 0.        , -0.00658602,  0.01990831, ..., -0.99993876,
         -0.98253779, -0.86849267],
        [ 0.00658602,  0.        ,  0.02649259, ..., -0.99998996,
         -0.9837419 , -0.87173854],
        [-0.01990831, -0.02649259,  0.        , ..., -0.99952025,
         -0.97863886, -0.85845196],
        ...,
        [ 0.99993876,  0.99998996,  0.99952025, ...,  0.        ,
         -0.17517782, -0.48605989],
        [ 0.98253779,  0.9837419 ,  0.97863886, ...,  0.17517782,
          0.        , -0.32545149],
        [ 0.86849267,  0.87173854,  0.85845196, ...,  0.48605989,
          0.32545149,  0.        ]],

       ...,

       [[ 0.        ,  0.35010538,  0.65794662, ..., -0.14111552,
         -0.18532148, -0.35739894],
        [-0.35010538,  0.        ,  0.35265344, ..., -0.47878629,
         -0.51763337, -0.66176083],
        [-0.65794662, -0.35265344,  0.        , ..., -0.75763174,
         -0.78610867, -0.88363492],
        ...,
        [ 0.14111552,  0.47878629,  0.75763174, ...,  0.        ,
         -0.04479588, -0.22202739],
        [ 0.18532148,  0.51763337,  0.78610867, ...,  0.04479588,
          0.        , -0.17812672],
        [ 0.35739894,  0.66176083,  0.88363492, ...,  0.22202739,
          0.17812672,  0.        ]],

       [[ 0.        , -0.00126196, -0.01137348, ..., -0.98403286,
         -0.99959666, -0.75294836],
        [ 0.00126196,  0.        , -0.01011159, ..., -0.98380746,
         -0.9996317 , -0.75377824],
        [ 0.01137348,  0.01011159,  0.        , ..., -0.98194488,
         -0.999855  , -0.76038432],
        ...,
        [ 0.98403286,  0.98380746,  0.98194488, ...,  0.        ,
         -0.20586088, -0.7815869 ],
        [ 0.99959666,  0.9996317 ,  0.999855  , ...,  0.20586088,
          0.        , -0.63643103],
        [ 0.75294836,  0.75377824,  0.76038432, ...,  0.7815869 ,
          0.63643103,  0.        ]],

       [[ 0.        , -0.0616856 , -0.06441728, ..., -0.79915701,
         -0.63568468, -0.43156222],
        [ 0.0616856 ,  0.        , -0.00273712, ..., -0.83471571,
         -0.68209223, -0.48638591],
        [ 0.06441728,  0.00273712,  0.        , ..., -0.83621986,
         -0.68409123, -0.48877563],
        ...,
        [ 0.79915701,  0.83471571,  0.83621986, ...,  0.        ,
         -0.23478405, -0.4614844 ],
        [ 0.63568468,  0.68209223,  0.68409123, ...,  0.23478405,
          0.        , -0.2402965 ],
        [ 0.43156222,  0.48638591,  0.48877563, ...,  0.4614844 ,
          0.2402965 ,  0.        ]]]), 'num': array([7.61458129e-01, 6.48192315e-01, 7.14610816e-07, 1.41582268e-03,
       1.43368795e-03, 1.38009214e-03, 3.19439968e-03, 1.33989528e-05,
       1.37562582e-03, 1.52189772e-03, 1.75518838e-03, 2.35646205e-07,
       1.79642007e-03, 1.24737537e-03])}
{'img': array([[[ 0.        ,  0.2223956 ,  0.18162501, ..., -0.99908832,
         -0.95082309, -0.93270378],
        [-0.2223956 ,  0.        , -0.04162019, ..., -0.98356199,
         -0.99589475, -0.98955113],
        [-0.18162501,  0.04162019,  0.        , ..., -0.99022513,
         -0.9912644 , -0.98269279],
        ...,
        [ 0.99908832,  0.98356199,  0.99022513, ...,  0.        ,
          0.26886032,  0.32049636],
        [ 0.95082309,  0.99589475,  0.9912644 , ..., -0.26886032,
          0.        ,  0.05401755],
        [ 0.93270378,  0.98955113,  0.98269279, ..., -0.32049636,
         -0.05401755,  0.        ]],

       [[ 0.        ,  0.37563282, -0.01872302, ...,  0.07425729,
         -0.00981303, -0.42766297],
        [-0.37563282,  0.        , -0.39291888, ..., -0.30577641,
         -0.38470914, -0.73589347],
        [ 0.01872302,  0.39291888,  0.        , ...,  0.09291561,
          0.00891081, -0.41066354],
        ...,
        [-0.07425729,  0.30577641, -0.09291561, ...,  0.        ,
         -0.08403965, -0.49360625],
        [ 0.00981303,  0.38470914, -0.00891081, ...,  0.08403965,
          0.        , -0.418772  ],
        [ 0.42766297,  0.73589347,  0.41066354, ...,  0.49360625,
          0.418772  ,  0.        ]],

       [[ 0.        ,  0.02649259,  0.05339234, ..., -0.9837419 ,
         -0.87173854, -0.87173854],
        [-0.02649259,  0.        ,  0.0269188 , ..., -0.97863886,
         -0.85845196, -0.85845196],
        [-0.05339234, -0.0269188 ,  0.        , ..., -0.97275007,
         -0.84433438, -0.84433438],
        ...,
        [ 0.9837419 ,  0.97863886,  0.97275007, ...,  0.        ,
         -0.32545149, -0.32545149],
        [ 0.87173854,  0.85845196,  0.84433438, ...,  0.32545149,
          0.        ,  0.        ],
        [ 0.87173854,  0.85845196,  0.84433438, ...,  0.32545149,
          0.        ,  0.        ]],

       ...,

       [[ 0.        ,  0.35265344,  0.24344346, ..., -0.51763337,
         -0.66176083, -0.61921433],
        [-0.35265344,  0.        , -0.11424069, ..., -0.78610867,
         -0.88363492, -0.85634353],
        [-0.24344346,  0.11424069,  0.        , ..., -0.71035126,
         -0.82436503, -0.79174249],
        ...,
        [ 0.51763337,  0.78610867,  0.71035126, ...,  0.        ,
         -0.17812672, -0.12334423],
        [ 0.66176083,  0.88363492,  0.82436503, ...,  0.17812672,
          0.        ,  0.05539488],
        [ 0.61921433,  0.85634353,  0.79174249, ...,  0.12334423,
         -0.05539488,  0.        ]],

       [[ 0.        , -0.00951914, -0.09908841, ..., -0.98658078,
         -0.99133755, -0.72379104],
        [ 0.00951914,  0.        , -0.08961163, ..., -0.98498186,
         -0.99254287, -0.73032663],
        [ 0.09908841,  0.08961163,  0.        , ..., -0.96554691,
         -0.99947296, -0.7886019 ],
        ...,
        [ 0.98658078,  0.98498186,  0.96554691, ...,  0.        ,
         -0.2914358 , -0.79893588],
        [ 0.99133755,  0.99254287,  0.99947296, ...,  0.2914358 ,
          0.        , -0.58898017],
        [ 0.72379104,  0.73032663,  0.7886019 , ...,  0.79893588,
          0.58898017,  0.        ]],

       [[ 0.        , -0.00272323,  0.00491494, ..., -0.72880023,
         -0.6446799 , -0.48422766],
        [ 0.00272323,  0.        ,  0.00763811, ..., -0.7306622 ,
         -0.64675929, -0.48660853],
        [-0.00491494, -0.00763811,  0.        , ..., -0.72542604,
         -0.64091488, -0.47992152],
        ...,
        [ 0.72880023,  0.7306622 ,  0.72542604, ...,  0.        ,
         -0.11570392, -0.30609451],
        [ 0.6446799 ,  0.64675929,  0.64091488, ...,  0.11570392,
          0.        , -0.19388844],
        [ 0.48422766,  0.48660853,  0.47992152, ...,  0.30609451,
          0.19388844,  0.        ]]]), 'num': array([ 9.96911457e-01,  7.80993805e-02,  5.85230622e-06,  1.85244370e-03,
        1.91733823e-03,  1.84064470e-03,  6.06097161e-03, -1.76985067e-05,
        1.81940649e-03,  1.99226191e-03,  2.30886853e-03,  3.13183452e-07,
        2.34864458e-03,  1.63587923e-03])}
{'img': array([[[ 0.        , -0.04162019, -0.01400089, ..., -0.99589475,
         -0.98955113, -0.99589475],
        [ 0.04162019,  0.        ,  0.02762735, ..., -0.9912644 ,
         -0.98269279, -0.9912644 ],
        [ 0.01400089, -0.02762735,  0.        , ..., -0.99452979,
         -0.98743545, -0.99452979],
        ...,
        [ 0.99589475,  0.9912644 ,  0.99452979, ...,  0.        ,
          0.05401755,  0.        ],
        [ 0.98955113,  0.98269279,  0.98743545, ..., -0.05401755,
          0.        , -0.05401755],
        [ 0.99589475,  0.9912644 ,  0.99452979, ...,  0.        ,
          0.05401755,  0.        ]],

       [[ 0.        , -0.39291888,  0.17288257, ..., -0.38470914,
         -0.73589347, -0.53929949],
