state_0,state_1,state_2,state_3,state_4,state_5,state_6,state_7,state_8,state_9,state_10,state_11,state_12,state_13,state_14,state_15,state_16,state_17,state_18,state_19,state_20,state_21,state_22,state_23,state_24,state_25,state_26,state_27,state_28,state_29,state_30,state_31,state_32,state_33,state_34,state_35,state_36,state_37,state_38,state_39,state_40,state_41,state_42,state_43,state_44,state_45,state_46,state_47,state_48,state_49,state_50,state_51,state_52,state_53,state_54,state_55,state_56,state_57,state_58,state_59,state_60,state_61,state_62,state_63,state_64,state_65,state_66,state_67,state_68,state_69,state_70,state_71,state_72,state_73,state_74,state_75,state_76,state_77,state_78,state_79,state_80,state_81,state_82,state_83,state_84,state_85,state_86,state_87,state_88,state_89,state_90,state_91,state_92,state_93,state_94,state_95,state_96,state_97,state_98,state_99,state_100,state_101,state_102,state_103,state_104,state_105,state_106,state_107,state_108,state_109,state_110,state_111,state_112,state_113,state_114,state_115,state_116,state_117,state_118,state_119,state_120,state_121,state_122,state_123,state_124,state_125,state_126,state_127,state_128,state_129,state_130,state_131,state_132,state_133,state_134,state_135,state_136,state_137,state_138,state_139,state_140,state_141,state_142,state_143,state_144,state_145,state_146,state_147,state_148,state_149,state_150,state_151,state_152,state_153,state_154,state_155,state_156,state_157,state_158,state_159,state_160,state_161,state_162,state_163,state_164,state_165,state_166,state_167,state_168,state_169,state_170,state_171,state_172,state_173,state_174,state_175,state_176,state_177,state_178,state_179,state_180,state_181,state_182,state_183,state_184,state_185,state_186,state_187,state_188,state_189,state_190,state_191,state_192,state_193,state_194,state_195,state_196,state_197,state_198,state_199,state_200,state_201,state_202,state_203,state_204,state_205,state_206,state_207,state_208,state_209,state_210,state_211,state_212,state_213,state_214,state_215,state_216,state_217,state_218,state_219,state_220,state_221,state_222,state_223,state_224,state_225,state_226,state_227,state_228,state_229,state_230,state_231,state_232,state_233,state_234,state_235,state_236,state_237,state_238,state_239,state_240,state_241,state_242,state_243,state_244,state_245,state_246,state_247,state_248,state_249,state_250,state_251,state_252,state_253,state_254,state_255,state_256,state_257,state_258,state_259,state_260,state_261,state_262,state_263,state_264,state_265,state_266,state_267,state_268,state_269,state_270,state_271,state_272,state_273,state_274,state_275,state_276,state_277,state_278,state_279,state_280,state_281,state_282,state_283,state_284,state_285,state_286,state_287
{'img': array([[[ 0.        ,  0.21909651,  0.42592641, ..., -0.95261221,
         -0.99970807, -0.87503649],
        [-0.21909651,  0.        ,  0.21734848, ..., -0.99611317,
         -0.98071203, -0.95983108],
        [-0.42592641, -0.21734848,  0.        , ..., -0.99144479,
         -0.91478464, -0.99786874],
        ...,
        [ 0.95261221,  0.99611317,  0.99144479, ...,  0.        ,
         -0.28108221,  0.19494349],
        [ 0.99970807,  0.98071203,  0.91478464, ...,  0.28108221,
          0.        ,  0.46277359],
        [ 0.87503649,  0.95983108,  0.99786874, ..., -0.19494349,
         -0.46277359,  0.        ]],

       [[ 0.        ,  0.73001872,  0.63998351, ...,  0.8879669 ,
          0.99997141,  0.87197102],
        [-0.73001872,  0.        , -0.12355598, ...,  0.27111971,
          0.67788696,  0.23854253],
        [-0.63998351,  0.12355598,  0.        , ...,  0.38797055,
          0.7635269 ,  0.35670389],
        ...,
        [-0.8879669 , -0.27111971, -0.38797055, ...,  0.        ,
          0.45317911, -0.03368497],
        [-0.99997141, -0.67788696, -0.7635269 , ..., -0.45317911,
          0.        , -0.48294936],
        [-0.87197102, -0.23854253, -0.35670389, ...,  0.03368497,
          0.48294936,  0.        ]],

       [[ 0.        , -0.19111253, -0.30259647, ..., -0.99989083,
         -0.96599424, -0.71231161],
        [ 0.19111253,  0.        , -0.11486612, ..., -0.97863717,
         -0.9976039 , -0.83331726],
        [ 0.30259647,  0.11486612,  0.        , ..., -0.94854365,
         -0.99894766, -0.89129894],
        ...,
        [ 0.99989083,  0.97863717,  0.94854365, ...,  0.        ,
         -0.27280856, -0.71231161],
        [ 0.96599424,  0.9976039 ,  0.99894766, ...,  0.27280856,
          0.        , -0.49381812],
        [ 0.71231161,  0.83331726,  0.89129894, ...,  0.71231161,
          0.49381812,  0.        ]],

       ...,

       [[ 0.        ,  0.56562637,  0.97880965, ..., -0.67789705,
         -0.74525793, -0.76924816],
        [-0.56562637,  0.        ,  0.69136219, ..., -0.97485979,
         -0.99173187, -0.99577649],
        [-0.97880965, -0.69136219,  0.        , ..., -0.85839311,
         -0.8052552 , -0.78293122],
        ...,
        [ 0.67789705,  0.97485979,  0.85839311, ...,  0.        ,
         -0.09587579, -0.13237564],
        [ 0.74525793,  0.99173187,  0.8052552 , ...,  0.09587579,
          0.        , -0.03673378],
        [ 0.76924816,  0.99577649,  0.78293122, ...,  0.13237564,
          0.03673378,  0.        ]],

       [[ 0.        ,  0.09676723, -0.36541575, ..., -0.40580944,
         -0.55876817, -0.55694535],
        [-0.09676723,  0.        , -0.45377611, ..., -0.31546384,
         -0.47589452, -0.47396168],
        [ 0.36541575,  0.45377611,  0.        , ..., -0.71172   ,
         -0.82317425, -0.82192521],
        ...,
        [ 0.40580944,  0.31546384,  0.71172   , ...,  0.        ,
          0.17414301,  0.17197981],
        [ 0.55876817,  0.47589452,  0.82317425, ..., -0.17414301,
          0.        , -0.00219634],
        [ 0.55694535,  0.47396168,  0.82192521, ..., -0.17197981,
          0.00219634,  0.        ]],

       [[ 0.        ,  0.00981892,  0.03655988, ..., -0.9271695 ,
         -0.99770764, -0.97519397],
        [-0.00981892,  0.        ,  0.02674577, ..., -0.93080339,
         -0.998324  , -0.97297352],
        [-0.03655988, -0.02674577,  0.        , ..., -0.94024653,
         -0.99951471, -0.96644942],
        ...,
        [ 0.9271695 ,  0.93080339,  0.94024653, ...,  0.        ,
         -0.31104007, -0.57057957],
        [ 0.99770764,  0.998324  ,  0.99951471, ...,  0.31104007,
          0.        , -0.28683772],
        [ 0.97519397,  0.97297352,  0.96644942, ...,  0.57057957,
          0.28683772,  0.        ]]]), 'num': array([ 9.26594383e-01,  3.75974540e-01,  6.61802695e-06,  2.16779465e-03,
        2.18863883e-03,  2.15476704e-03,  5.20684995e-03, -2.08441794e-05,
        2.17561122e-03,  2.22537670e-03,  2.26880207e-03,  8.23968629e-07,
        2.30586837e-03,  2.14488503e-03])}
{'img': array([[[ 0.        ,  0.21734848,  0.18440169, ..., -0.98071203,
         -0.95983108, -0.99805477],
        [-0.21734848,  0.        , -0.03362777, ..., -0.91478464,
         -0.99786874, -0.96064514],
        [-0.18440169,  0.03362777,  0.        , ..., -0.92785093,
         -0.99511005, -0.9694429 ],
        ...,
        [ 0.98071203,  0.91478464,  0.92785093, ...,  0.        ,
          0.46277359,  0.13393728],
        [ 0.95983108,  0.99786874,  0.99511005, ..., -0.46277359,
          0.        , -0.33987166],
        [ 0.99805477,  0.96064514,  0.9694429 , ..., -0.13393728,
          0.33987166,  0.        ]],

       [[ 0.        , -0.14543726,  0.2906421 , ...,  0.71752393,
          0.26416651,  0.23754644],
        [ 0.14543726,  0.        ,  0.42671084, ...,  0.81119681,
          0.40162865,  0.376295  ],
        [-0.2906421 , -0.42671084,  0.        , ...,  0.48410767,
         -0.02755472, -0.05503083],
        ...,
        [-0.71752393, -0.81119681, -0.48410767, ...,  0.        ,
         -0.50803447, -0.53152652],
        [-0.26416651, -0.40162865,  0.02755472, ...,  0.50803447,
          0.        , -0.02749696],
        [-0.23754644, -0.376295  ,  0.05503083, ...,  0.53152652,
          0.02749696,  0.        ]],

       [[ 0.        , -0.11083573, -0.04952655, ..., -0.99706536,
         -0.9887616 , -0.8171179 ],
        [ 0.11083573,  0.        ,  0.06147831, ..., -0.98243715,
         -0.99923962, -0.87597696],
        [ 0.04952655, -0.06147831,  0.        , ..., -0.99205026,
         -0.99495246, -0.84466574],
        ...,
        [ 0.99706536,  0.98243715,  0.99205026, ...,  0.        ,
         -0.22475679, -0.63733333],
        [ 0.9887616 ,  0.99923962,  0.99495246, ...,  0.22475679,
          0.        , -0.44783215],
        [ 0.8171179 ,  0.87597696,  0.84466574, ...,  0.63733333,
          0.44783215,  0.        ]],

       ...,

       [[ 0.        ,  0.69136219,  0.31126493, ..., -0.99173187,
         -0.99577649, -0.99807018],
        [-0.69136219,  0.        , -0.43212599, ..., -0.8052552 ,
         -0.78293122, -0.67818323],
        [-0.31126493,  0.43212599,  0.        , ..., -0.98240957,
         -0.9748869 , -0.92916092],
        ...,
        [ 0.99173187,  0.8052552 ,  0.98240957, ...,  0.        ,
         -0.03673378, -0.1896622 ],
        [ 0.99577649,  0.78293122,  0.9748869 , ...,  0.03673378,
          0.        , -0.15346716],
        [ 0.99807018,  0.67818323,  0.92916092, ...,  0.1896622 ,
          0.15346716,  0.        ]],

       [[ 0.        , -0.45377611, -0.7251784 , ..., -0.47589452,
         -0.47396168, -0.53251972],
        [ 0.45377611,  0.        , -0.33376534, ..., -0.82317425,
         -0.82192521, -0.85862078],
        [ 0.7251784 ,  0.33376534,  0.        , ..., -0.96547853,
         -0.9649041 , -0.98047608],
        ...,
        [ 0.47589452,  0.82317425,  0.96547853, ...,  0.        ,
         -0.00219634,  0.06554686],
        [ 0.47396168,  0.82192521,  0.9649041 , ...,  0.00219634,
          0.        ,  0.06773832],
        [ 0.53251972,  0.85862078,  0.98047608, ..., -0.06554686,
         -0.06773832,  0.        ]],

       [[ 0.        ,  0.02569733,  0.10154285, ..., -0.97372481,
         -0.99563544, -0.9260671 ],
        [-0.02569733,  0.        ,  0.07594482, ..., -0.97925525,
         -0.99770493, -0.91606418],
        [-0.10154285, -0.07594482,  0.        , ..., -0.99181593,
         -0.99996593, -0.88296232],
        ...,
        [ 0.97372481,  0.97925525,  0.99181593, ...,  0.        ,
         -0.13585845, -0.57833502],
        [ 0.99563544,  0.99770493,  0.99996593, ...,  0.13585845,
          0.        , -0.46213961],
        [ 0.9260671 ,  0.91606418,  0.88296232, ...,  0.57833502,
          0.46213961,  0.        ]]]), 'num': array([ 7.07098886e-01,  7.07098886e-01,  0.00000000e+00,  1.05424345e-03,
        1.06705321e-03,  1.05040052e-03,  3.60909933e-03, -1.15287862e-05,
        1.06577223e-03,  1.09087937e-03,  1.11406504e-03,  3.82226782e-07,
        1.13241462e-03,  1.04934412e-03])}
{'img': array([[[ 0.        , -0.03241382, -0.12426319, ..., -0.98540024,
         -0.99547182, -0.72335512],
        [ 0.03241382,  0.        , -0.09203531, ..., -0.97936387,
         -0.9980299 , -0.74535599],
        [ 0.12426319,  0.09203531,  0.        , ..., -0.95660641,
         -0.99956831, -0.80354938],
        ...,
        [ 0.98540024,  0.97936387,  0.95660641, ...,  0.        ,
         -0.26315215, -0.80354938],
        [ 0.99547182,  0.9980299 ,  0.99956831, ...,  0.26315215,
          0.        , -0.61858957],
        [ 0.72335512,  0.74535599,  0.80354938, ...,  0.80354938,
          0.61858957,  0.        ]],

       [[ 0.        ,  0.42671084, -0.02799843, ...,  0.40162865,
          0.376295  ,  0.71280027],
        [-0.42671084,  0.        , -0.451865  , ..., -0.02755472,
         -0.05503083,  0.34536716],
        [ 0.02799843,  0.451865  ,  0.        , ...,  0.42711224,
          0.40208802,  0.73215801],
        ...,
        [-0.40162865,  0.02755472, -0.42711224, ...,  0.        ,
         -0.02749696,  0.37109524],
        [-0.376295  ,  0.05503083, -0.40208802, ...,  0.02749696,
          0.        ,  0.39648846],
        [-0.71280027, -0.34536716, -0.73215801, ..., -0.37109524,
         -0.39648846,  0.        ]],

       [[ 0.        ,  0.05975798,  0.10778281, ..., -0.99584775,
         -0.99346119, -0.86357211],
        [-0.05975798,  0.        ,  0.04818033, ..., -0.9995081 ,
         -0.98486318, -0.83189733],
        [-0.10778281, -0.04818033,  0.        , ..., -0.99985835,
         -0.97536815, -0.80419452],
        ...,
        [ 0.99584775,  0.9995081 ,  0.99985835, ...,  0.        ,
         -0.20413539, -0.58074643],
        [ 0.99346119,  0.98486318,  0.97536815, ...,  0.20413539,
          0.        , -0.402334  ],
        [ 0.86357211,  0.83189733,  0.80419452, ...,  0.58074643,
          0.402334  ,  0.        ]],

       ...,

       [[ 0.        , -0.43212599, -0.80741566, ..., -0.78293122,
         -0.67818323, -0.57000463],
        [ 0.43212599,  0.        , -0.47319114, ..., -0.9748869 ,
         -0.92916092, -0.86909037],
        [ 0.80741566,  0.47319114,  0.        , ..., -0.96421608,
         -0.99348058, -0.99969925],
        ...,
        [ 0.78293122,  0.9748869 ,  0.96421608, ...,  0.        ,
         -0.15346716, -0.28868416],
        [ 0.67818323,  0.92916092,  0.99348058, ...,  0.15346716,
          0.        , -0.13833114],
        [ 0.57000463,  0.86909037,  0.99969925, ...,  0.28868416,
          0.13833114,  0.        ]],

       [[ 0.        , -0.61850247, -0.71267922, ..., -0.48652318,
         -0.54632263, -0.45754584],
        [ 0.61850247,  0.        , -0.12613778, ..., -0.92266718,
         -0.94733305, -0.90949543],
        [ 0.71267922,  0.12613778,  0.        , ..., -0.96393598,
         -0.98016208, -0.95466828],
        ...,
        [ 0.48652318,  0.92266718,  0.96393598, ...,  0.        ,
          0.06980485, -0.03286661],
        [ 0.54632263,  0.94733305,  0.98016208, ..., -0.06980485,
          0.        , -0.10255357],
        [ 0.45754584,  0.90949543,  0.95466828, ...,  0.03286661,
          0.10255357,  0.        ]],

       [[ 0.        ,  0.07180724,  0.08455601, ..., -0.96237474,
         -0.99464632, -0.89399374],
        [-0.07180724,  0.        ,  0.01278765, ..., -0.97940227,
         -0.99949907, -0.85951057],
        [-0.08455601, -0.01278765,  0.        , ..., -0.98190426,
         -0.99982205, -0.85290429],
        ...,
        [ 0.96237474,  0.97940227,  0.98190426, ...,  0.        ,
         -0.17082128, -0.67414143],
        [ 0.99464632,  0.99949907,  0.99982205, ...,  0.17082128,
          0.        , -0.53806393],
        [ 0.89399374,  0.85951057,  0.85290429, ...,  0.67414143,
          0.53806393,  0.        ]]]), 'num': array([ 7.07102413e-01,  7.07102413e-01,  0.00000000e+00,  1.04015790e-03,
        1.05552969e-03,  1.03759593e-03,  1.78005347e-03, -1.40908090e-05,
        1.05988503e-03,  1.08761830e-03,  1.11231992e-03,  3.56363589e-07,
        1.13403497e-03,  1.04120164e-03])}
{'img': array([[[ 0.        , -0.08544865, -0.16460464, ..., -0.98548903,
         -0.99609808, -0.70894561],
        [ 0.08544865,  0.        , -0.07971951, ..., -0.9673807 ,
         -0.99999604, -0.76661648],
        [ 0.16460464,  0.07971951,  0.        , ..., -0.94410674,
         -0.99703781, -0.81536491],
        ...,
        [ 0.98548903,  0.9673807 ,  0.94410674, ...,  0.        ,
         -0.25604933, -0.81536491],
        [ 0.99609808,  0.99999604,  0.99703781, ...,  0.25604933,
          0.        , -0.6399446 ],
        [ 0.70894561,  0.76661648,  0.81536491, ...,  0.81536491,
          0.6399446 ,  0.        ]],

       [[ 0.        , -0.451865  , -0.53843358, ..., -0.05503083,
          0.34536716, -0.44300739],
        [ 0.451865  ,  0.        , -0.09955708, ...,  0.40208802,
          0.73215801,  0.00990426],
        [ 0.53843358,  0.09955708,  0.        , ...,  0.49124496,
          0.79633233,  0.10940725],
        ...,
        [ 0.05503083, -0.40208802, -0.49124496, ...,  0.        ,
          0.39648846, -0.39299995],
        [-0.34536716, -0.73215801, -0.79633233, ..., -0.39648846,
          0.        , -0.72537596],
        [ 0.44300739, -0.00990426, -0.10940725, ...,  0.39299995,
          0.72537596,  0.        ]],

       [[ 0.        ,  0.04631387,  0.10127842, ..., -0.99971048,
         -0.99248034, -0.81318121],
        [-0.04631387,  0.        ,  0.05509401, ..., -0.99975211,
         -0.98574633, -0.78535345],
        [-0.10127842, -0.05509401,  0.        , ..., -0.99700699,
         -0.97498023, -0.75005482],
        ...,
        [ 0.99971048,  0.99975211,  0.99700699, ...,  0.        ,
         -0.14624917, -0.60140835],
        [ 0.99248034,  0.98574633,  0.97498023, ...,  0.14624917,
          0.        , -0.4780973 ],
        [ 0.81318121,  0.78535345,  0.75005482, ...,  0.60140835,
          0.4780973 ,  0.        ]],

       ...,

       [[ 0.        , -0.74048707, -0.96840563, ..., -0.69272075,
         -0.5830543 , -0.40205604],
        [ 0.74048707,  0.        , -0.46617407, ..., -0.9996009 ,
         -0.99344993, -0.94821116],
        [ 0.96840563,  0.46617407,  0.        , ..., -0.87117078,
         -0.93216713, -0.98695164],
        ...,
        [ 0.69272075,  0.9996009 ,  0.87117078, ...,  0.        ,
         -0.14228712, -0.34430036],
        [ 0.5830543 ,  0.99344993,  0.93216713, ...,  0.14228712,
          0.        , -0.20720962],
        [ 0.40205604,  0.94821116,  0.98695164, ...,  0.34430036,
          0.20720962,  0.        ]],

       [[ 0.        , -0.14283791, -0.14283791, ..., -0.91888308,
         -0.8728097 , -0.92971033],
        [ 0.14283791,  0.        ,  0.        , ..., -0.96581477,
         -0.93357356, -0.97278317],
        [ 0.14283791,  0.        ,  0.        , ..., -0.96581477,
         -0.93357356, -0.97278317],
        ...,
        [ 0.91888308,  0.96581477,  0.96581477, ...,  0.        ,
         -0.10412113,  0.02838166],
        [ 0.8728097 ,  0.93357356,  0.93357356, ...,  0.10412113,
          0.        ,  0.13230658],
        [ 0.92971033,  0.97278317,  0.97278317, ..., -0.02838166,
         -0.13230658,  0.        ]],

       [[ 0.        ,  0.01185568,  0.01185568, ..., -0.9620977 ,
         -0.99707719, -0.82507908],
        [-0.01185568,  0.        ,  0.        , ..., -0.96526319,
         -0.9979129 , -0.81832242],
        [-0.01185568,  0.        ,  0.        , ..., -0.96526319,
         -0.9979129 , -0.81832242],
        ...,
        [ 0.9620977 ,  0.96526319,  0.96526319, ...,  0.        ,
         -0.19840292, -0.768605  ],
        [ 0.99707719,  0.9979129 ,  0.9979129 , ...,  0.19840292,
          0.        , -0.62640251],
        [ 0.82507908,  0.81832242,  0.81832242, ...,  0.768605  ,
          0.62640251,  0.        ]]]), 'num': array([7.07101909e-01, 7.07101909e-01, 0.00000000e+00, 1.04271912e-03,
       1.05040501e-03, 1.02222341e-03, 2.15968394e-03, 2.56196344e-06,
       1.05578513e-03, 1.08441507e-03, 1.11063250e-03, 4.23375314e-07,
       1.13384487e-03, 1.03498528e-03])}
{'img': array([[[ 0.        , -0.07971951,  0.02778513, ..., -0.99999604,
         -0.76661648, -0.91869891],
        [ 0.07971951,  0.        ,  0.10738543, ..., -0.99703781,
         -0.81536491, -0.94726091],
        [-0.02778513, -0.10738543,  0.        , ..., -0.99953174,
         -0.74847953, -0.90737024],
        ...,
        [ 0.99999604,  0.99703781,  0.99953174, ...,  0.        ,
         -0.6399446 , -0.3923708 ],
        [ 0.76661648,  0.81536491,  0.74847953, ...,  0.6399446 ,
          0.        ,  0.28711961],
        [ 0.91869891,  0.94726091,  0.90737024, ...,  0.3923708 ,
         -0.28711961,  0.        ]],

       [[ 0.        , -0.09955708, -0.41069432, ...,  0.73215801,
          0.00990426,  0.22578639],
        [ 0.09955708,  0.        , -0.31788047, ...,  0.79633233,
          0.10940725,  0.32165085],
        [ 0.41069432,  0.31788047,  0.        , ...,  0.94730018,
          0.41970462,  0.60595485],
        ...,
        [-0.73215801, -0.79633233, -0.94730018, ...,  0.        ,
         -0.72537596, -0.5594604 ],
        [-0.00990426, -0.10940725, -0.41970462, ...,  0.72537596,
          0.        ,  0.21612681],
        [-0.22578639, -0.32165085, -0.60595485, ...,  0.5594604 ,
         -0.21612681,  0.        ]],

       [[ 0.        ,  0.05372639,  0.08154508, ..., -0.99888274,
         -0.96062   , -0.77290828],
        [-0.05372639,  0.        ,  0.02787984, ..., -0.99490107,
         -0.94430386, -0.73770161],
        [-0.08154508, -0.02787984,  0.        , ..., -0.9917025 ,
         -0.93476224, -0.71859242],
        ...,
        [ 0.99888274,  0.99490107,  0.9917025 , ...,  0.        ,
         -0.23215853, -0.59728314],
        [ 0.96062   ,  0.94430386,  0.93476224, ...,  0.23215853,
          0.        , -0.39476593],
        [ 0.77290828,  0.73770161,  0.71859242, ...,  0.59728314,
          0.39476593,  0.        ]],

       ...,

       [[ 0.        , -0.50256471, -0.38401538, ..., -0.98113524,
         -0.91806712, -0.99854773],
        [ 0.50256471,  0.        ,  0.13203491, ..., -0.9453874 ,
         -0.99293458, -0.83620874],
        [ 0.38401538, -0.13203491,  0.        , ..., -0.98014723,
         -0.99990917, -0.90129722],
        ...,
        [ 0.98113524,  0.9453874 ,  0.98014723, ...,  0.        ,
         -0.21146334,  0.24589984],
        [ 0.91806712,  0.99293458,  0.99990917, ...,  0.21146334,
          0.        ,  0.44530946],
        [ 0.99854773,  0.83620874,  0.90129722, ..., -0.24589984,
         -0.44530946,  0.        ]],

       [[ 0.        ,  0.        ,  0.03880274, ..., -0.93357356,
         -0.97278317, -0.9693963 ],
        [ 0.        ,  0.        ,  0.03880274, ..., -0.93357356,
         -0.97278317, -0.9693963 ],
        [-0.03880274, -0.03880274,  0.        , ..., -0.91896412,
         -0.96305929, -0.95914012],
        ...,
        [ 0.93357356,  0.93357356,  0.91896412, ...,  0.        ,
          0.13230658,  0.11822453],
        [ 0.97278317,  0.97278317,  0.96305929, ..., -0.13230658,
          0.        , -0.01419349],
        [ 0.9693963 ,  0.9693963 ,  0.95914012, ..., -0.11822453,
          0.01419349,  0.        ]],

       [[ 0.        ,  0.        ,  0.03852831, ..., -0.97563648,
         -0.99606962, -0.79412837],
        [ 0.        ,  0.        ,  0.03852831, ..., -0.97563648,
         -0.99606962, -0.79412837],
        [-0.03852831, -0.03852831,  0.        , ..., -0.98336494,
         -0.99191745, -0.77012315],
        ...,
        [ 0.97563648,  0.97563648,  0.98336494, ...,  0.        ,
         -0.30494687, -0.76716964],
        [ 0.99606962,  0.99606962,  0.99191745, ...,  0.30494687,
          0.        , -0.53502245],
        [ 0.79412837,  0.79412837,  0.77012315, ...,  0.76716964,
          0.53502245,  0.        ]]]), 'num': array([ 7.07101259e-01,  7.07101259e-01,  0.00000000e+00,  1.03503228e-03,
        1.04143718e-03,  1.01837953e-03,  2.56712343e-03, -7.68588325e-06,
        1.04758589e-03,  1.08082733e-03,  1.10888081e-03,  3.95750086e-07,
        1.13354945e-03,  1.02810522e-03])}
{'img': array([[[ 0.        ,  0.10471074, -0.29420462, ..., -0.97281914,
         -0.99007877, -0.80301442],
        [-0.10471074,  0.        , -0.3926638 , ..., -0.94322381,
         -0.96992276, -0.73619665],
        [ 0.29420462,  0.3926638 ,  0.        , ..., -0.99789241,
         -0.98760002, -0.94280904],
        ...,
        [ 0.97281914,  0.94322381,  0.99789241, ...,  0.        ,
          0.09257462, -0.39380987],
        [ 0.99007877,  0.96992276,  0.98760002, ..., -0.09257462,
          0.        , -0.4772126 ],
        [ 0.80301442,  0.73619665,  0.94280904, ...,  0.39380987,
          0.4772126 ,  0.        ]],

       [[ 0.        , -0.31788047,  0.59685609, ...,  0.10940725,
          0.32165085,  0.49395944],
        [ 0.31788047,  0.        ,  0.8209485 , ...,  0.41970462,
          0.60595485,  0.74473044],
        [-0.59685609, -0.8209485 ,  0.        , ..., -0.50549045,
         -0.30706216, -0.12262986],
        ...,
        [-0.10940725, -0.41970462,  0.50549045, ...,  0.        ,
          0.21612681,  0.39586625],
        [-0.32165085, -0.60595485,  0.30706216, ..., -0.21612681,
          0.        ,  0.18803906],
        [-0.49395944, -0.74473044,  0.12262986, ..., -0.39586625,
         -0.18803906,  0.        ]],

       [[ 0.        ,  0.02662649, -0.10019193, ..., -0.99594355,
         -0.97600997, -0.71460273],
        [-0.02662649,  0.        , -0.12664891, ..., -0.99319459,
         -0.96986665, -0.69572333],
        [ 0.10019193,  0.12664891,  0.        , ..., -0.99994738,
         -0.99291318, -0.78109425],
        ...,
        [ 0.99594355,  0.99319459,  0.99994738, ...,  0.        ,
         -0.12902106, -0.6323928 ],
        [ 0.97600997,  0.96986665,  0.99291318, ...,  0.12902106,
          0.        , -0.52716127],
        [ 0.71460273,  0.69572333,  0.78109425, ...,  0.6323928 ,
          0.52716127,  0.        ]],

       ...,

       [[ 0.        ,  0.13203491, -0.48301665, ..., -0.99293458,
         -0.83620874, -0.91258278],
        [-0.13203491,  0.        , -0.59439912, ..., -0.99990917,
         -0.90129722, -0.9585812 ],
        [ 0.48301665,  0.59439912,  0.        , ..., -0.81210837,
         -0.46730192, -0.60156602],
        ...,
        [ 0.99293458,  0.99990917,  0.81210837, ...,  0.        ,
          0.44530946,  0.29771315],
        [ 0.83620874,  0.90129722,  0.46730192, ..., -0.44530946,
          0.        , -0.15855164],
        [ 0.91258278,  0.9585812 ,  0.60156602, ..., -0.29771315,
          0.15855164,  0.        ]],

       [[ 0.        ,  0.03880274, -0.03107526, ..., -0.97278317,
         -0.9693963 , -0.96357968],
        [-0.03880274,  0.        , -0.06983586, ..., -0.96305929,
         -0.95914012, -0.95247731],
        [ 0.03107526,  0.06983586,  0.        , ..., -0.97951404,
         -0.97655714, -0.9714245 ],
        ...,
        [ 0.97278317,  0.96305929,  0.97951404, ...,  0.        ,
         -0.01419349, -0.03686496],
        [ 0.9693963 ,  0.95914012,  0.97655714, ...,  0.01419349,
          0.        , -0.0226774 ],
        [ 0.96357968,  0.95247731,  0.9714245 , ...,  0.03686496,
          0.0226774 ,  0.        ]],

       [[ 0.        ,  0.03663943,  0.1116362 , ..., -0.99460111,
         -0.99246879, -0.76940063],
        [-0.03663943,  0.        ,  0.07515083, ..., -0.99773543,
         -0.98731414, -0.74547998],
        [-0.1116362 , -0.07515083,  0.        , ..., -0.99996871,
         -0.97258982, -0.69328176],
        ...,
        [ 0.99460111,  0.99773543,  0.99996871, ...,  0.        ,
         -0.22482696, -0.71516016],
        [ 0.99246879,  0.98731414,  0.97258982, ...,  0.22482696,
          0.        , -0.53970595],
        [ 0.76940063,  0.74547998,  0.69328176, ...,  0.71516016,
          0.53970595,  0.        ]]]), 'num': array([ 7.07102137e-01,  7.07102137e-01,  0.00000000e+00,  1.02094276e-03,
        1.03247160e-03,  1.01838079e-03,  2.05146726e-03, -1.40908034e-05,
        1.03862031e-03,  1.07583284e-03,  1.10696071e-03,  4.19632078e-07,
        1.13129967e-03,  1.02036602e-03])}
{'img': array([[[ 0.        , -0.36784573, -0.40414103, ..., -0.99980315,
         -0.9895482 , -0.70511707],
        [ 0.36784573,  0.        , -0.03933816, ..., -0.9224053 ,
         -0.97321211, -0.91651514],
        [ 0.40414103,  0.03933816,  0.        , ..., -0.906498  ,
         -0.9634146 , -0.93154098],
        ...,
        [ 0.99980315,  0.9224053 ,  0.906498  , ...,  0.        ,
         -0.16380786, -0.72294165],
        [ 0.9895482 ,  0.97321211,  0.9634146 , ...,  0.16380786,
          0.        , -0.6       ],
        [ 0.70511707,  0.91651514,  0.93154098, ...,  0.72294165,
          0.6       ,  0.        ]],

       [[ 0.        ,  0.8209485 ,  0.26731859, ...,  0.60595485,
          0.74473044,  0.56014349],
        [-0.8209485 ,  0.        , -0.63843319, ..., -0.30706216,
         -0.12262986, -0.36022693],
        [-0.26731859,  0.63843319,  0.        , ...,  0.37125139,
          0.53922919,  0.31831332],
        ...,
        [-0.60595485,  0.30706216, -0.37125139, ...,  0.        ,
          0.18803906, -0.05637672],
        [-0.74473044,  0.12262986, -0.53922919, ..., -0.18803906,
          0.        , -0.24311104],
        [-0.56014349,  0.36022693, -0.31831332, ...,  0.05637672,
          0.24311104,  0.        ]],

       [[ 0.        , -0.12087831, -0.23384669, ..., -0.99873188,
         -0.96261028, -0.67294083],
        [ 0.12087831,  0.        , -0.11460519, ..., -0.99749414,
         -0.98829652, -0.75741962],
        [ 0.23384669,  0.11460519,  0.        , ..., -0.98281356,
         -0.9992672 , -0.82725806],
        ...,
        [ 0.99873188,  0.99749414,  0.98281356, ...,  0.        ,
         -0.22208389, -0.70487902],
        [ 0.96261028,  0.98829652,  0.9992672 , ...,  0.22208389,
          0.        , -0.52974625],
        [ 0.67294083,  0.75741962,  0.82725806, ...,  0.70487902,
          0.52974625,  0.        ]],

       ...,

       [[ 0.        , -0.59439912, -0.90415151, ..., -0.90129722,
         -0.9585812 , -0.9098831 ],
        [ 0.59439912,  0.        , -0.47315728, ..., -0.46730192,
         -0.60156602, -0.48510564],
        [ 0.90415151,  0.47315728,  0.        , ...,  0.00663462,
         -0.15199745, -0.01361237],
        ...,
        [ 0.90129722,  0.46730192, -0.00663462, ...,  0.        ,
         -0.15855164, -0.02024607],
        [ 0.9585812 ,  0.60156602,  0.15199745, ...,  0.15855164,
          0.        ,  0.13852917],
        [ 0.9098831 ,  0.48510564,  0.01361237, ...,  0.02024607,
         -0.13852917,  0.        ]],

       [[ 0.        , -0.06983586, -0.19223066, ..., -0.95914012,
         -0.95247731, -0.86679949],
        [ 0.06983586,  0.        , -0.12322792, ..., -0.97655714,
         -0.9714245 , -0.89950732],
        [ 0.19223066,  0.12322792,  0.        , ..., -0.99564005,
         -0.99326869, -0.94649061],
        ...,
        [ 0.95914012,  0.97655714,  0.99564005, ...,  0.        ,
         -0.0226774 , -0.23303692],
        [ 0.95247731,  0.9714245 ,  0.99326869, ...,  0.0226774 ,
          0.        , -0.21092395],
        [ 0.86679949,  0.89950732,  0.94649061, ...,  0.23303692,
          0.21092395,  0.        ]],

       [[ 0.        ,  0.07149571,  0.19852661, ..., -0.99917178,
         -0.98257561, -0.72019258],
        [-0.07149571,  0.        ,  0.12794594, ..., -0.99952404,
         -0.96677267, -0.66874766],
        [-0.19852661, -0.12794594,  0.        , ..., -0.98736201,
         -0.92611911, -0.56812486],
        ...,
        [ 0.99917178,  0.99952404,  0.98736201, ...,  0.        ,
         -0.22569138, -0.72250496],
        [ 0.98257561,  0.96677267,  0.92611911, ...,  0.22569138,
          0.        , -0.54782822],
        [ 0.72019258,  0.66874766,  0.56812486, ...,  0.72250496,
          0.54782822,  0.        ]]]), 'num': array([7.07101375e-01, 7.07101375e-01, 0.00000000e+00, 1.03759441e-03,
       1.04143735e-03, 1.02990852e-03, 2.51506480e-03, 1.66527498e-05,
       1.03528864e-03, 1.07166850e-03, 1.10523019e-03, 5.14409593e-07,
       1.12546603e-03, 1.01787096e-03])}
{'img': array([[[ 0.        , -0.03933816,  0.14337499, ..., -0.97321211,
         -0.91651514, -0.95814292],
        [ 0.03933816,  0.        ,  0.18219575, ..., -0.9634146 ,
         -0.93154098, -0.94613914],
        [-0.14337499, -0.18219575,  0.        , ..., -0.99612052,
         -0.84969611, -0.98929068],
        ...,
        [ 0.97321211,  0.9634146 ,  0.99612052, ...,  0.        ,
         -0.6       ,  0.05833544],
        [ 0.91651514,  0.93154098,  0.84969611, ...,  0.6       ,
          0.        ,  0.64564658],
        [ 0.95814292,  0.94613914,  0.98929068, ..., -0.05833544,
         -0.64564658,  0.        ]],

       [[ 0.        , -0.63843319,  0.03501712, ..., -0.12262986,
         -0.36022693, -0.14505616],
        [ 0.63843319,  0.        ,  0.66499353, ...,  0.53922919,
          0.31831332,  0.52003433],
        [-0.03501712, -0.66499353,  0.        , ..., -0.15730748,
         -0.39267225, -0.17961396],
        ...,
        [ 0.12262986, -0.53922919,  0.15730748, ...,  0.        ,
         -0.24311104, -0.02262849],
        [ 0.36022693, -0.31831332,  0.39267225, ...,  0.24311104,
          0.        ,  0.22109919],
        [ 0.14505616, -0.52003433,  0.17961396, ...,  0.02262849,
         -0.22109919,  0.        ]],

       [[ 0.        , -0.11265468, -0.15788562, ..., -0.99708506,
         -0.92440219, -0.74910856],
        [ 0.11265468,  0.        , -0.04563885, ..., -0.99933314,
         -0.96148629, -0.81896767],
        [ 0.15788562,  0.04563885,  0.        , ..., -0.99662538,
         -0.9730284 , -0.84430369],
        ...,
        [ 0.99708506,  0.99933314,  0.99662538, ...,  0.        ,
         -0.30977732, -0.60336077],
        [ 0.92440219,  0.96148629,  0.9730284 , ...,  0.30977732,
          0.        , -0.32664333],
        [ 0.74910856,  0.81896767,  0.84430369, ...,  0.60336077,
          0.32664333,  0.        ]],

       ...,

       [[ 0.        , -0.47315728, -0.090466  , ..., -0.60156602,
         -0.48510564, -0.05886648],
        [ 0.47315728,  0.        ,  0.39151857, ..., -0.15199745,
         -0.01361237,  0.42047669],
        [ 0.090466  , -0.39151857,  0.        , ..., -0.526833  ,
         -0.40400799,  0.03168402],
        ...,
        [ 0.60156602,  0.15199745,  0.526833  , ...,  0.        ,
          0.13852917,  0.55349892],
        [ 0.48510564,  0.01361237,  0.40400799, ..., -0.13852917,
          0.        ,  0.43278828],
        [ 0.05886648, -0.42047669, -0.03168402, ..., -0.55349892,
         -0.43278828,  0.        ]],

       [[ 0.        , -0.11704426, -0.22516641, ..., -0.99947017,
         -0.98698016, -0.65885978],
        [ 0.11704426,  0.        , -0.10958018, ..., -0.99641009,
         -0.99902199, -0.74237963],
        [ 0.22516641,  0.10958018,  0.        , ..., -0.98113285,
         -0.99785105, -0.81132546],
        ...,
        [ 0.99947017,  0.99641009,  0.98113285, ...,  0.        ,
         -0.1286324 , -0.73042251],
        [ 0.98698016,  0.99902199,  0.99785105, ...,  0.1286324 ,
          0.        , -0.63649905],
        [ 0.65885978,  0.74237963,  0.81132546, ...,  0.73042251,
          0.63649905,  0.        ]],

       [[ 0.        ,  0.12610867,  0.31375573, ..., -0.98250393,
         -0.86458623, -0.66135971],
        [-0.12610867,  0.        ,  0.19151019, ..., -0.95117334,
         -0.7943161 , -0.56148951],
        [-0.31375573, -0.19151019,  0.        , ..., -0.87445671,
         -0.66327047, -0.3926251 ],
        ...,
        [ 0.98250393,  0.95117334,  0.87445671, ...,  0.        ,
         -0.33267084, -0.61377278],
        [ 0.86458623,  0.7943161 ,  0.66327047, ...,  0.33267084,
          0.        , -0.31617625],
        [ 0.66135971,  0.56148951,  0.3926251 , ...,  0.61377278,
          0.31617625,  0.        ]]]), 'num': array([7.10752503e-01, 7.03433987e-01, 9.01295027e-08, 1.04550223e-03,
       1.04807736e-03, 1.03648928e-03, 1.57001731e-03, 2.57512865e-06,
       1.04060949e-03, 1.07324924e-03, 1.10958002e-03, 3.73032655e-07,
       1.12447084e-03, 1.02202764e-03])}
{'img': array([[[ 0.        ,  0.18219575, -0.2242722 , ..., -0.93154098,
         -0.94613914, -0.92706565],
        [-0.18219575,  0.        , -0.39807299, ..., -0.84969611,
         -0.98929068, -0.97985369],
        [ 0.2242722 ,  0.39807299,  0.        , ..., -0.98936494,
         -0.84942727, -0.81937066],
        ...,
        [ 0.93154098,  0.84969611,  0.98936494, ...,  0.        ,
          0.64564658,  0.68634859],
        [ 0.94613914,  0.98929068,  0.84942727, ..., -0.64564658,
          0.        ,  0.05455959],
        [ 0.92706565,  0.97985369,  0.81937066, ..., -0.68634859,
         -0.05455959,  0.        ]],

       [[ 0.        ,  0.66499353,  0.386494  , ...,  0.31831332,
          0.52003433, -0.00703346],
        [-0.66499353,  0.        ,  0.90197086, ..., -0.39267225,
         -0.17961396, -0.67023002],
        [-0.386494  , -0.90197086,  0.        , ..., -0.65996853,
         -0.80974552, -0.37999753],
        ...,
        [-0.31831332,  0.39267225,  0.65996853, ...,  0.        ,
          0.22109919, -0.32497307],
        [-0.52003433,  0.17961396,  0.80974552, ..., -0.22109919,
          0.        , -0.52602907],
        [ 0.00703346,  0.67023002,  0.37999753, ...,  0.32497307,
          0.52602907,  0.        ]],

       [[ 0.        , -0.04563885, -0.17470044, ..., -0.96148629,
         -0.81896767, -0.81896767],
        [ 0.04563885,  0.        , -0.12958141, ..., -0.9730284 ,
         -0.84430369, -0.84430369],
        [ 0.17470044,  0.12958141,  0.        , ..., -0.99471712,
         -0.90662332, -0.90662332],
        ...,
        [ 0.96148629,  0.9730284 ,  0.99471712, ...,  0.        ,
         -0.32664333, -0.32664333],
        [ 0.81896767,  0.84430369,  0.90662332, ...,  0.32664333,
          0.        ,  0.        ],
        [ 0.81896767,  0.84430369,  0.90662332, ...,  0.32664333,
          0.        ,  0.        ]],

       ...,

       [[ 0.        ,  0.39151857, -0.76869498, ..., -0.01361237,
          0.42047669, -0.31845166],
        [-0.39151857,  0.        , -0.95775158, ..., -0.40400799,
          0.03168402, -0.66416549],
        [ 0.76869498,  0.95775158,  0.        , ...,  0.75991708,
          0.96638295,  0.5249894 ],
        ...,
        [ 0.01361237,  0.40400799, -0.75991708, ...,  0.        ,
          0.43278828, -0.30551846],
        [-0.42047669, -0.03168402, -0.96638295, ..., -0.43278828,
          0.        , -0.68751855],
        [ 0.31845166,  0.66416549, -0.5249894 , ...,  0.30551846,
          0.68751855,  0.        ]],

       [[ 0.        , -0.10166119,  0.01584832, ..., -0.98317468,
         -0.9959691 , -0.70568347],
        [ 0.10166119,  0.        ,  0.11741463, ..., -0.95951069,
         -0.99992777, -0.77405711],
        [-0.01584832, -0.11741463,  0.        , ..., -0.98594618,
         -0.99442246, -0.69436588],
        ...,
        [ 0.98317468,  0.95951069,  0.98594618, ...,  0.        ,
         -0.27011943, -0.82551173],
        [ 0.9959691 ,  0.99992777,  0.99442246, ...,  0.27011943,
          0.        , -0.64237349],
        [ 0.70568347,  0.77405711,  0.69436588, ...,  0.82551173,
          0.64237349,  0.        ]],

       [[ 0.        ,  0.19041109,  0.00703047, ..., -0.82823312,
         -0.7186053 , -0.55871428],
        [-0.19041109,  0.        , -0.18350454, ..., -0.70637686,
         -0.57304269, -0.39057291],
        [-0.00703047,  0.18350454,  0.        , ..., -0.82427289,
         -0.71369842, -0.55286967],
        ...,
        [ 0.82823312,  0.70637686,  0.82427289, ...,  0.        ,
         -0.17327365, -0.37380922],
        [ 0.7186053 ,  0.57304269,  0.71369842, ...,  0.17327365,
          0.        , -0.20744259],
        [ 0.55871428,  0.39057291,  0.55286967, ...,  0.37380922,
          0.20744259,  0.        ]]]), 'num': array([8.46120606e-01, 5.32976513e-01, 3.84225881e-06, 1.24758603e-03,
       1.25523993e-03, 1.23227823e-03, 1.78345102e-03, 4.59234121e-06,
       1.23748288e-03, 1.27169582e-03, 1.31772128e-03, 4.33239737e-07,
       1.32772217e-03, 1.21566947e-03])}
{'img': array([[[ 0.        , -0.39807299, -0.25728423, ..., -0.98929068,
         -0.97985369, -0.96173785],
        [ 0.39807299,  0.        ,  0.14865152, ..., -0.84942727,
         -0.81937066, -0.77319322],
        [ 0.25728423, -0.14865152,  0.        , ..., -0.91843408,
         -0.89548373, -0.85887317],
        ...,
        [ 0.98929068,  0.84942727,  0.91843408, ...,  0.        ,
          0.05455959,  0.13066326],
        [ 0.97985369,  0.81937066,  0.89548373, ..., -0.05455959,
          0.        ,  0.0763768 ],
        [ 0.96173785,  0.77319322,  0.85887317, ..., -0.13066326,
         -0.0763768 ,  0.        ]],

       [[ 0.        ,  0.90197086, -0.33866405, ..., -0.17961396,
         -0.67023002, -0.7213244 ],
