state_0,state_1,state_2,state_3,state_4,state_5,state_6,state_7,state_8,state_9,state_10,state_11,state_12,state_13,state_14,state_15,state_16,state_17,state_18,state_19,state_20,state_21,state_22,state_23,state_24,state_25,state_26,state_27,state_28,state_29,state_30,state_31,state_32,state_33,state_34,state_35,state_36,state_37,state_38,state_39,state_40,state_41,state_42,state_43,state_44,state_45,state_46,state_47,state_48,state_49,state_50,state_51,state_52,state_53,state_54,state_55,state_56,state_57,state_58,state_59,state_60,state_61,state_62,state_63,state_64,state_65,state_66,state_67,state_68,state_69,state_70,state_71,state_72,state_73,state_74,state_75,state_76,state_77,state_78,state_79,state_80,state_81,state_82,state_83,state_84,state_85,state_86,state_87,state_88,state_89,state_90,state_91,state_92,state_93,state_94,state_95,state_96,state_97,state_98,state_99,state_100,state_101,state_102,state_103,state_104,state_105,state_106,state_107,state_108,state_109,state_110,state_111,state_112,state_113,state_114,state_115,state_116,state_117,state_118,state_119,state_120,state_121,state_122,state_123,state_124,state_125,state_126,state_127,state_128,state_129,state_130,state_131,state_132,state_133,state_134,state_135,state_136,state_137,state_138,state_139,state_140,state_141,state_142,state_143,state_144,state_145,state_146,state_147,state_148,state_149,state_150,state_151,state_152,state_153,state_154,state_155,state_156,state_157,state_158,state_159,state_160,state_161,state_162,state_163,state_164,state_165,state_166,state_167,state_168,state_169,state_170,state_171,state_172,state_173,state_174,state_175,state_176,state_177,state_178,state_179,state_180,state_181,state_182,state_183,state_184,state_185,state_186,state_187,state_188,state_189,state_190,state_191,state_192,state_193,state_194,state_195,state_196,state_197,state_198,state_199,state_200,state_201,state_202,state_203,state_204,state_205,state_206,state_207,state_208,state_209,state_210,state_211,state_212,state_213,state_214,state_215,state_216,state_217,state_218,state_219,state_220,state_221,state_222,state_223,state_224,state_225,state_226,state_227,state_228,state_229,state_230,state_231,state_232,state_233,state_234,state_235,state_236,state_237,state_238,state_239,state_240,state_241,state_242,state_243,state_244,state_245,state_246,state_247,state_248,state_249,state_250,state_251,state_252,state_253,state_254,state_255,state_256,state_257,state_258,state_259,state_260,state_261,state_262,state_263,state_264,state_265,state_266,state_267,state_268,state_269,state_270,state_271,state_272,state_273,state_274,state_275,state_276,state_277,state_278,state_279,state_280,state_281,state_282,state_283,state_284,state_285,state_286,state_287
{'img': array([[[ 0.00000000e+00, -1.54043069e-02,  4.56334475e-02, ...,
          9.60254130e-01,  9.60254130e-01,  9.87263977e-01],
        [ 1.54043069e-02,  0.00000000e+00,  6.10162925e-02, ...,
          9.64439954e-01,  9.64439954e-01,  9.89597516e-01],
        [-4.56334475e-02, -6.10162925e-02,  0.00000000e+00, ...,
          9.46516249e-01,  9.46516249e-01,  9.78975640e-01],
        ...,
        [-9.60254130e-01, -9.64439954e-01, -9.46516249e-01, ...,
          0.00000000e+00,  0.00000000e+00,  1.22804781e-01],
        [-9.60254130e-01, -9.64439954e-01, -9.46516249e-01, ...,
          0.00000000e+00,  0.00000000e+00,  1.22804781e-01],
        [-9.87263977e-01, -9.89597516e-01, -9.78975640e-01, ...,
         -1.22804781e-01, -1.22804781e-01,  0.00000000e+00]],

       [[ 0.00000000e+00, -1.29890209e-01,  8.74682422e-02, ...,
          2.56531079e-01,  2.51544524e-01,  3.69428205e-01],
        [ 1.29890209e-01,  0.00000000e+00,  2.16119625e-01, ...,
          3.79901407e-01,  3.75127219e-01,  4.87000232e-01],
        [-8.74682422e-02, -2.16119625e-01,  0.00000000e+00, ...,
          1.71006671e-01,  1.65924667e-01,  2.86731625e-01],
        ...,
        [-2.56531079e-01, -3.79901407e-01, -1.71006671e-01, ...,
          0.00000000e+00, -5.15567522e-03,  1.18681769e-01],
        [-2.51544524e-01, -3.75127219e-01, -1.65924667e-01, ...,
          5.15567522e-03,  0.00000000e+00,  1.23799428e-01],
        [-3.69428205e-01, -4.87000232e-01, -2.86731625e-01, ...,
         -1.18681769e-01, -1.23799428e-01,  0.00000000e+00]],

       [[ 0.00000000e+00,  4.90009881e-02,  1.00002192e-01, ...,
          9.87138122e-01,  9.95648625e-01,  9.98228185e-01],
        [-4.90009881e-02,  0.00000000e+00,  5.11267053e-02, ...,
          9.93786077e-01,  9.99018837e-01,  9.99944701e-01],
        [-1.00002192e-01, -5.11267053e-02,  0.00000000e+00, ...,
          9.98177135e-01,  9.99976558e-01,  9.99174616e-01],
        ...,
        [-9.87138122e-01, -9.93786077e-01, -9.98177135e-01, ...,
          0.00000000e+00, -6.71856369e-02, -1.00849749e-01],
        [-9.95648625e-01, -9.99018837e-01, -9.99976558e-01, ...,
          6.71856369e-02,  0.00000000e+00, -3.37787758e-02],
        [-9.98228185e-01, -9.99944701e-01, -9.99174616e-01, ...,
          1.00849749e-01,  3.37787758e-02,  0.00000000e+00]],

       ...,

       [[ 0.00000000e+00, -1.30129331e-01, -3.87783547e-02, ...,
         -3.26938214e-01, -4.06074456e-01, -2.83286103e-01],
        [ 1.30129331e-01,  0.00000000e+00,  9.15828295e-02, ...,
         -2.01180100e-01, -2.83704229e-01, -1.56078688e-01],
        [ 3.87783547e-02, -9.15828295e-02,  0.00000000e+00, ...,
         -2.90044985e-01, -3.70331811e-01, -2.45883209e-01],
        ...,
        [ 3.26938214e-01,  2.01180100e-01,  2.90044985e-01, ...,
          0.00000000e+00, -8.49897095e-02,  4.58270177e-02],
        [ 4.06074456e-01,  2.83704229e-01,  3.70331811e-01, ...,
          8.49897095e-02,  0.00000000e+00,  1.30561626e-01],
        [ 2.83286103e-01,  1.56078688e-01,  2.45883209e-01, ...,
         -4.58270177e-02, -1.30561626e-01,  0.00000000e+00]],

       [[ 0.00000000e+00,  1.42949908e-01,  2.77362990e-01, ...,
          6.19157435e-01,  6.20539113e-01,  6.20103004e-01],
        [-1.42949908e-01,  0.00000000e+00,  1.37173154e-01, ...,
          7.25052470e-01,  7.26263945e-01,  7.25881619e-01],
        [-2.77362990e-01, -1.37173154e-01,  0.00000000e+00, ...,
          8.12668887e-01,  8.13693646e-01,  8.13370312e-01],
        ...,
        [-6.19157435e-01, -7.25052470e-01, -8.12668887e-01, ...,
          0.00000000e+00, -1.76072243e-03, -1.20470846e-03],
        [-6.20539113e-01, -7.26263945e-01, -8.13693646e-01, ...,
          1.76072243e-03,  0.00000000e+00,  5.56014555e-04],
        [-6.20103004e-01, -7.25881619e-01, -8.13370312e-01, ...,
          1.20470846e-03, -5.56014555e-04,  0.00000000e+00]],

       [[ 0.00000000e+00, -2.30969610e-03, -7.73858809e-03, ...,
          9.93137662e-01,  9.92353421e-01,  9.91384231e-01],
        [ 2.30969610e-03,  0.00000000e+00, -5.42894051e-03, ...,
          9.92864891e-01,  9.92065691e-01,  9.91079049e-01],
        [ 7.73858809e-03,  5.42894051e-03,  0.00000000e+00, ...,
          9.92202887e-01,  9.91368542e-01,  9.90340900e-01],
        ...,
        [-9.93137662e-01, -9.92864891e-01, -9.92202887e-01, ...,
          0.00000000e+00,  6.52493567e-03,  1.41434512e-02],
        [-9.92353421e-01, -9.92065691e-01, -9.91368542e-01, ...,
         -6.52493567e-03,  0.00000000e+00,  7.61886710e-03],
        [-9.91384231e-01, -9.91079049e-01, -9.90340900e-01, ...,
         -1.41434512e-02, -7.61886710e-03,  0.00000000e+00]]]), 'num': array([ 9.99468255e-01,  3.25976915e-02,  2.32141780e-05,  1.44201419e-04,
        1.46278750e-04,  1.43508975e-04,  6.58517505e-04, -5.19332842e-07,
        1.43785953e-04,  1.45309329e-04,  1.32429875e-04,  1.53876398e-07,
        1.49747726e-04,  1.40870932e-04])}
{'img': array([[[ 0.00000000e+00,  6.10162925e-02,  6.10162925e-02, ...,
          9.64439954e-01,  9.89597516e-01,  9.83184348e-01],
        [-6.10162925e-02,  0.00000000e+00,  0.00000000e+00, ...,
          9.46516249e-01,  9.78975640e-01,  9.70209909e-01],
        [-6.10162925e-02,  0.00000000e+00,  0.00000000e+00, ...,
          9.46516249e-01,  9.78975640e-01,  9.70209909e-01],
        ...,
        [-9.64439954e-01, -9.46516249e-01, -9.46516249e-01, ...,
          0.00000000e+00,  1.22804781e-01,  8.37356486e-02],
        [-9.89597516e-01, -9.78975640e-01, -9.78975640e-01, ...,
         -1.22804781e-01,  0.00000000e+00, -3.92716500e-02],
        [-9.83184348e-01, -9.70209909e-01, -9.70209909e-01, ...,
         -8.37356486e-02,  3.92716500e-02,  0.00000000e+00]],

       [[ 0.00000000e+00,  2.16119625e-01,  1.99165420e-01, ...,
          3.75127219e-01,  4.87000232e-01,  3.12147589e-01],
        [-2.16119625e-01,  0.00000000e+00, -1.73313377e-02, ...,
          1.65924667e-01,  2.86731625e-01,  9.94496611e-02],
        [-1.99165420e-01,  1.73313377e-02,  0.00000000e+00, ...,
          1.82990843e-01,  3.03292170e-01,  1.16680143e-01],
        ...,
        [-3.75127219e-01, -1.65924667e-01, -1.82990843e-01, ...,
          0.00000000e+00,  1.23799428e-01, -6.70309782e-02],
        [-4.87000232e-01, -2.86731625e-01, -3.03292170e-01, ...,
         -1.23799428e-01,  0.00000000e+00, -1.90036316e-01],
        [-3.12147589e-01, -9.94496611e-02, -1.16680143e-01, ...,
          6.70309782e-02,  1.90036316e-01,  0.00000000e+00]],

       [[ 0.00000000e+00,  5.11267053e-02,  9.54546780e-02, ...,
          9.99018837e-01,  9.99944701e-01,  9.99494676e-01],
        [-5.11267053e-02,  0.00000000e+00,  4.44365906e-02, ...,
          9.99976558e-01,  9.99174616e-01,  9.99812660e-01],
        [-9.54546780e-02, -4.44365906e-02,  0.00000000e+00, ...,
          9.98684522e-01,  9.96382568e-01,  9.97964948e-01],
        ...,
        [-9.99018837e-01, -9.99976558e-01, -9.98684522e-01, ...,
          0.00000000e+00, -3.37787758e-02, -1.25094039e-02],
        [-9.99944701e-01, -9.99174616e-01, -9.96382568e-01, ...,
          3.37787758e-02,  0.00000000e+00,  2.12738676e-02],
        [-9.99494676e-01, -9.99812660e-01, -9.97964948e-01, ...,
          1.25094039e-02, -2.12738676e-02,  0.00000000e+00]],

       ...,

       [[ 0.00000000e+00,  9.15828295e-02,  1.22157943e-02, ...,
         -2.83704229e-01, -1.56078688e-01, -2.50997403e-01],
        [-9.15828295e-02,  0.00000000e+00, -7.94115390e-02, ...,
         -3.70331811e-01, -2.45883209e-01, -3.38593635e-01],
        [-1.22157943e-02,  7.94115390e-02,  0.00000000e+00, ...,
         -2.95396930e-01, -1.68133127e-01, -2.62803414e-01],
        ...,
        [ 2.83704229e-01,  3.70331811e-01,  2.95396930e-01, ...,
          0.00000000e+00,  1.30561626e-01,  3.39378407e-02],
        [ 1.56078688e-01,  2.45883209e-01,  1.68133127e-01, ...,
         -1.30561626e-01,  0.00000000e+00, -9.68390763e-02],
        [ 2.50997403e-01,  3.38593635e-01,  2.62803414e-01, ...,
         -3.39378407e-02,  9.68390763e-02,  0.00000000e+00]],

       [[ 0.00000000e+00,  2.39542928e-01,  3.34240594e-01, ...,
          6.21944268e-01,  6.21507519e-01,  6.21549667e-01],
        [-2.39542928e-01,  0.00000000e+00,  9.87431542e-02, ...,
          7.91413688e-01,  7.91072702e-01,  7.91105613e-01],
        [-3.34240594e-01, -9.87431542e-02,  0.00000000e+00, ...,
          8.47905820e-01,  8.47610066e-01,  8.47638614e-01],
        ...,
        [-6.21944268e-01, -7.91413688e-01, -8.47905820e-01, ...,
          0.00000000e+00,  5.57621607e-04,  5.03819704e-04],
        [-6.21507519e-01, -7.91072702e-01, -8.47610066e-01, ...,
         -5.57621607e-04,  0.00000000e+00, -5.38019110e-05],
        [-6.21549667e-01, -7.91105613e-01, -8.47638614e-01, ...,
         -5.03819704e-04,  5.38019110e-05,  0.00000000e+00]],

       [[ 0.00000000e+00, -5.42894051e-03, -4.92813459e-03, ...,
          9.92065691e-01,  9.91079049e-01,  9.90782677e-01],
        [ 5.42894051e-03,  0.00000000e+00,  5.00812623e-04, ...,
          9.91368542e-01,  9.90340900e-01,  9.90032666e-01],
        [ 4.92813459e-03, -5.00812623e-04,  0.00000000e+00, ...,
          9.91434076e-01,  9.90410215e-01,  9.90103076e-01],
        ...,
        [-9.92065691e-01, -9.91368542e-01, -9.91434076e-01, ...,
          0.00000000e+00,  7.61886710e-03,  9.82445280e-03],
        [-9.91079049e-01, -9.90340900e-01, -9.90410215e-01, ...,
         -7.61886710e-03,  0.00000000e+00,  2.20566825e-03],
        [-9.90782677e-01, -9.90032666e-01, -9.90103076e-01, ...,
         -9.82445280e-03, -2.20566825e-03,  0.00000000e+00]]]), 'num': array([ 7.06979622e-01,  7.06979622e-01,  0.00000000e+00,  2.26289147e-03,
        2.33247608e-03,  2.24340778e-03,  1.78281890e-02, -5.56676868e-05,
        2.30130217e-03,  2.33191940e-03,  2.13638665e-03,  2.69903936e-06,
        2.40966705e-03,  2.25417175e-03])}
{'img': array([[[ 0.00000000e+00,  0.00000000e+00, -1.47258624e-01, ...,
          9.78975640e-01,  9.70209909e-01,  8.93922186e-01],
        [ 0.00000000e+00,  0.00000000e+00, -1.47258624e-01, ...,
          9.78975640e-01,  9.70209909e-01,  8.93922186e-01],
        [ 1.47258624e-01,  1.47258624e-01,  0.00000000e+00, ...,
          9.98340271e-01,  9.95308435e-01,  9.50181248e-01],
        ...,
        [-9.78975640e-01, -9.78975640e-01, -9.98340271e-01, ...,
          0.00000000e+00, -3.92716500e-02, -2.56458859e-01],
        [-9.70209909e-01, -9.70209909e-01, -9.95308435e-01, ...,
          3.92716500e-02,  0.00000000e+00, -2.18302804e-01],
        [-8.93922186e-01, -8.93922186e-01, -9.50181248e-01, ...,
          2.56458859e-01,  2.18302804e-01,  0.00000000e+00]],

       [[ 0.00000000e+00, -1.73313377e-02,  1.05253739e-01, ...,
          2.86731625e-01,  9.94496611e-02,  2.94845097e-01],
        [ 1.73313377e-02,  0.00000000e+00,  1.22472999e-01, ...,
          3.03292170e-01,  1.16680143e-01,  3.11361685e-01],
        [-1.05253739e-01, -1.22472999e-01,  0.00000000e+00, ...,
          1.84304711e-01, -5.83469572e-03,  1.92632659e-01],
        ...,
        [-2.86731625e-01, -3.03292170e-01, -1.84304711e-01, ...,
          0.00000000e+00, -1.90036316e-01,  8.47984090e-03],
        [-9.94496611e-02, -1.16680143e-01,  5.83469572e-03, ...,
          1.90036316e-01,  0.00000000e+00,  1.98354797e-01],
        [-2.94845097e-01, -3.11361685e-01, -1.92632659e-01, ...,
         -8.47984090e-03, -1.98354797e-01,  0.00000000e+00]],

       [[ 0.00000000e+00,  4.44365906e-02,  2.85654587e-02, ...,
          9.99174616e-01,  9.99812660e-01,  9.97151549e-01],
        [-4.44365906e-02,  0.00000000e+00, -1.58812151e-02, ...,
          9.96382568e-01,  9.97964948e-01,  9.92814981e-01],
        [-2.85654587e-02,  1.58812151e-02,  0.00000000e+00, ...,
          9.97606512e-01,  9.98851754e-01,  9.94590112e-01],
        ...,
        [-9.99174616e-01, -9.96382568e-01, -9.97606512e-01, ...,
          0.00000000e+00,  2.12738676e-02, -3.48562600e-02],
        [-9.99812660e-01, -9.97964948e-01, -9.98851754e-01, ...,
         -2.12738676e-02,  0.00000000e+00, -5.61093117e-02],
        [-9.97151549e-01, -9.92814981e-01, -9.94590112e-01, ...,
          3.48562600e-02,  5.61093117e-02,  0.00000000e+00]],

       ...,

       [[ 0.00000000e+00, -7.94115390e-02, -2.07148387e-01, ...,
         -2.45883209e-01, -3.38593635e-01, -2.25833966e-01],
        [ 7.94115390e-02,  0.00000000e+00, -1.28805130e-01, ...,
         -1.68133127e-01, -2.62803414e-01, -1.47760757e-01],
        [ 2.07148387e-01,  1.28805130e-01,  0.00000000e+00, ...,
         -3.97610669e-02, -1.36336689e-01, -1.91386460e-02],
        ...,
        [ 2.45883209e-01,  1.68133127e-01,  3.97610669e-02, ...,
          0.00000000e+00, -9.68390763e-02,  2.06302728e-02],
        [ 3.38593635e-01,  2.62803414e-01,  1.36336689e-01, ...,
          9.68390763e-02,  0.00000000e+00,  1.17351778e-01],
        [ 2.25833966e-01,  1.47760757e-01,  1.91386460e-02, ...,
         -2.06302728e-02, -1.17351778e-01,  0.00000000e+00]],

       [[ 0.00000000e+00,  1.12047159e-01,  1.19382641e-01, ...,
          7.66349249e-01,  7.66383900e-01,  7.59569347e-01],
        [-1.12047159e-01,  0.00000000e+00,  7.38504144e-03, ...,
          8.33505268e-01,  8.33535069e-01,  8.27664677e-01],
        [-1.19382641e-01, -7.38504144e-03,  0.00000000e+00, ...,
          8.37562859e-01,  8.37592327e-01,  8.31786762e-01],
        ...,
        [-7.66349249e-01, -8.33505268e-01, -8.37562859e-01, ...,
          0.00000000e+00, -5.39396514e-05,  1.04880117e-02],
        [-7.66383900e-01, -8.33535069e-01, -8.37592327e-01, ...,
          5.39396514e-05,  0.00000000e+00,  1.05419484e-02],
        [-7.59569347e-01, -8.27664677e-01, -8.31786762e-01, ...,
         -1.04880117e-02, -1.05419484e-02,  0.00000000e+00]],

       [[ 0.00000000e+00,  5.00812623e-04,  1.68706487e-03, ...,
          9.90340900e-01,  9.90032666e-01,  9.97798483e-01],
        [-5.00812623e-04,  0.00000000e+00,  1.18625275e-03, ...,
          9.90410215e-01,  9.90103076e-01,  9.97831571e-01],
        [-1.68706487e-03, -1.18625275e-03,  0.00000000e+00, ...,
          9.90573409e-01,  9.90268860e-01,  9.97908947e-01],
        ...,
        [-9.90340900e-01, -9.90410215e-01, -9.90573409e-01, ...,
          0.00000000e+00,  2.20566825e-03, -7.26703905e-02],
        [-9.90032666e-01, -9.90103076e-01, -9.90268860e-01, ...,
         -2.20566825e-03,  0.00000000e+00, -7.48700503e-02],
        [-9.97798483e-01, -9.97831571e-01, -9.97908947e-01, ...,
          7.26703905e-02,  7.48700503e-02,  0.00000000e+00]]]), 'num': array([ 7.07046444e-01,  7.07046444e-01,  0.00000000e+00,  2.25475441e-03,
        2.27980723e-03,  2.23805252e-03,  1.13681934e-02, -8.35094225e-06,
        2.29261201e-03,  2.32824270e-03,  2.14317654e-03,  2.26466231e-06,
        2.41299368e-03,  2.24349172e-03])}
{'img': array([[[ 0.        , -0.14725862, -0.10770404, ...,  0.97020991,
          0.89392219,  0.88058586],
        [ 0.14725862,  0.        ,  0.03987217, ...,  0.99530844,
          0.95018125,  0.94076963],
        [ 0.10770404, -0.03987217,  0.        , ...,  0.99065921,
          0.93699758,  0.926503  ],
        ...,
        [-0.97020991, -0.99530844, -0.99065921, ...,  0.        ,
         -0.2183028 , -0.24643364],
        [-0.89392219, -0.95018125, -0.93699758, ...,  0.2183028 ,
          0.        , -0.02891965],
        [-0.88058586, -0.94076963, -0.926503  , ...,  0.24643364,
          0.02891965,  0.        ]],

       [[ 0.        ,  0.122473  , -0.26796353, ...,  0.11668014,
          0.31136169,  0.14222565],
        [-0.122473  ,  0.        , -0.3839403 , ..., -0.0058347 ,
          0.19263266,  0.01992698],
        [ 0.26796353,  0.3839403 ,  0.        , ...,  0.37854626,
          0.55461835,  0.4022638 ],
        ...,
        [-0.11668014,  0.0058347 , -0.37854626, ...,  0.        ,
          0.1983548 ,  0.02576018],
        [-0.31136169, -0.19263266, -0.55461835, ..., -0.1983548 ,
          0.        , -0.17304064],
        [-0.14222565, -0.01992698, -0.4022638 , ..., -0.02576018,
          0.17304064,  0.        ]],

       [[ 0.        , -0.01588122, -0.03010653, ...,  0.99796495,
          0.99281498,  0.98661819],
        [ 0.01588122,  0.        , -0.01422872, ...,  0.99885175,
          0.99459011,  0.98908316],
        [ 0.03010653,  0.01422872,  0.        , ...,  0.99943231,
          0.99596747,  0.99107975],
        ...,
        [-0.99796495, -0.99885175, -0.99943231, ...,  0.        ,
         -0.05610931, -0.09980427],
        [-0.99281498, -0.99459011, -0.99596747, ...,  0.05610931,
          0.        , -0.04381788],
        [-0.98661819, -0.98908316, -0.99107975, ...,  0.09980427,
          0.04381788,  0.        ]],

       ...,

       [[ 0.        , -0.12880513,  0.31528865, ..., -0.26280341,
         -0.14776076, -0.37060496],
        [ 0.12880513,  0.        ,  0.4348978 , ..., -0.13633669,
         -0.01913865, -0.2478848 ],
        [-0.31528865, -0.4348978 ,  0.        , ..., -0.5536054 ,
         -0.45205211, -0.64453969],
        ...,
        [ 0.26280341,  0.13633669,  0.5536054 , ...,  0.        ,
          0.11735178, -0.11348864],
        [ 0.14776076,  0.01913865,  0.45205211, ..., -0.11735178,
          0.        , -0.22929808],
        [ 0.37060496,  0.2478848 ,  0.64453969, ...,  0.11348864,
          0.22929808,  0.        ]],

       [[ 0.        ,  0.00738504, -0.0396458 , ...,  0.83353507,
          0.82766468,  0.8178769 ],
        [-0.00738504,  0.        , -0.04702395, ...,  0.83759233,
          0.83178676,  0.8221039 ],
        [ 0.0396458 ,  0.04702395,  0.        , ...,  0.81097676,
          0.80476383,  0.79442196],
        ...,
        [-0.83353507, -0.83759233, -0.81097676, ...,  0.        ,
          0.01054195,  0.02776081],
        [-0.82766468, -0.83178676, -0.80476383, ..., -0.01054195,
          0.        ,  0.01722139],
        [-0.8178769 , -0.8221039 , -0.79442196, ..., -0.02776081,
         -0.01722139,  0.        ]],

       [[ 0.        ,  0.00118625,  0.00396791, ...,  0.99010308,
          0.99783157,  0.99999789],
        [-0.00118625,  0.        ,  0.00278167, ...,  0.99026886,
          0.99790895,  0.99999962],
        [-0.00396791, -0.00278167,  0.        , ...,  0.99065215,
          0.99808488,  0.99999817],
        ...,
        [-0.99010308, -0.99026886, -0.99065215, ...,  0.        ,
         -0.07487005, -0.13830622],
        [-0.99783157, -0.99790895, -0.99808488, ...,  0.07487005,
          0.        , -0.06376752],
        [-0.99999789, -0.99999962, -0.99999817, ...,  0.13830622,
          0.06376752,  0.        ]]]), 'num': array([ 7.06972543e-01,  7.06972543e-01,  0.00000000e+00,  2.21833511e-03,
        2.26008545e-03,  2.19606825e-03,  1.84067260e-02, -3.61836341e-05,
        2.27622892e-03,  2.32145846e-03,  2.14893675e-03,  1.89703625e-06,
        2.41802890e-03,  2.22488803e-03])}
{'img': array([[[ 0.00000000e+00,  3.98721703e-02, -8.24415920e-02, ...,
          9.50181248e-01,  9.40769629e-01,  8.94414207e-01],
        [-3.98721703e-02,  0.00000000e+00, -1.22112475e-01, ...,
          9.36997581e-01,  9.26503000e-01,  8.75870546e-01],
        [ 8.24415920e-02,  1.22112475e-01,  0.00000000e+00, ...,
          9.72643607e-01,  9.65518684e-01,  9.28240671e-01],
        ...,
        [-9.50181248e-01, -9.36997581e-01, -9.72643607e-01, ...,
          0.00000000e+00, -2.89196523e-02, -1.46171596e-01],
        [-9.40769629e-01, -9.26503000e-01, -9.65518684e-01, ...,
          2.89196523e-02,  0.00000000e+00, -1.17501424e-01],
        [-8.94414207e-01, -8.75870546e-01, -9.28240671e-01, ...,
          1.46171596e-01,  1.17501424e-01,  0.00000000e+00]],

       [[ 0.00000000e+00, -3.83940303e-01, -1.54817124e-01, ...,
          1.92632659e-01,  1.99269815e-02,  2.05704334e-01],
        [ 3.83940303e-01,  0.00000000e+00,  2.36359573e-01, ...,
          5.54618353e-01,  4.02263803e-01,  5.65668153e-01],
        [ 1.54817124e-01, -2.36359573e-01,  0.00000000e+00, ...,
          3.42227660e-01,  1.74473108e-01,  3.54730421e-01],
        ...,
        [-1.92632659e-01, -5.54618353e-01, -3.42227660e-01, ...,
          0.00000000e+00, -1.73040641e-01,  1.33386321e-02],
        [-1.99269815e-02, -4.02263803e-01, -1.74473108e-01, ...,
          1.73040641e-01,  0.00000000e+00,  1.86162662e-01],
        [-2.05704334e-01, -5.65668153e-01, -3.54730421e-01, ...,
         -1.33386321e-02, -1.86162662e-01,  0.00000000e+00]],

       [[ 0.00000000e+00, -1.42287178e-02, -5.20998318e-02, ...,
          9.94590112e-01,  9.89083157e-01,  9.75608343e-01],
        [ 1.42287178e-02,  0.00000000e+00, -3.78851640e-02, ...,
          9.95967468e-01,  9.91079750e-01,  9.78633045e-01],
        [ 5.20998318e-02,  3.78851640e-02,  0.00000000e+00, ...,
          9.98651335e-01,  9.95417215e-01,  9.85720227e-01],
        ...,
        [-9.94590112e-01, -9.95967468e-01, -9.98651335e-01, ...,
          0.00000000e+00, -4.38178822e-02, -1.16987273e-01],
        [-9.89083157e-01, -9.91079750e-01, -9.95417215e-01, ...,
          4.38178822e-02,  0.00000000e+00, -7.33579079e-02],
        [-9.75608343e-01, -9.78633045e-01, -9.85720227e-01, ...,
          1.16987273e-01,  7.33579079e-02,  0.00000000e+00]],

       ...,

       [[ 0.00000000e+00,  4.34897798e-01,  3.66445768e-01, ...,
         -1.91386460e-02, -2.47884805e-01, -4.49765345e-01],
        [-4.34897798e-01,  0.00000000e+00, -7.46690323e-02, ...,
         -4.52052106e-01, -6.44539691e-01, -7.93432176e-01],
        [-3.66445768e-01,  7.46690323e-02,  0.00000000e+00, ...,
         -3.84186000e-01, -5.85650610e-01, -7.45769253e-01],
        ...,
        [ 1.91386460e-02,  4.52052106e-01,  3.84186000e-01, ...,
          0.00000000e+00, -2.29298082e-01, -4.32589346e-01],
        [ 2.47884805e-01,  6.44539691e-01,  5.85650610e-01, ...,
          2.29298082e-01,  0.00000000e+00, -2.14330440e-01],
        [ 4.49765345e-01,  7.93432176e-01,  7.45769253e-01, ...,
          4.32589346e-01,  2.14330440e-01,  0.00000000e+00]],

       [[ 0.00000000e+00, -4.70239524e-02, -5.28611253e-02, ...,
          8.31786762e-01,  8.22103899e-01,  8.04454142e-01],
        [ 4.70239524e-02,  0.00000000e+00, -5.84444137e-03, ...,
          8.04763833e-01,  7.94421957e-01,  7.75631302e-01],
        [ 5.28611253e-02,  5.84444137e-03,  0.00000000e+00, ...,
          8.01280857e-01,  7.90858673e-01,  7.71929124e-01],
        ...,
        [-8.31786762e-01, -8.04763833e-01, -8.01280857e-01, ...,
          0.00000000e+00,  1.72213851e-02,  4.75449065e-02],
        [-8.22103899e-01, -7.94421957e-01, -7.90858673e-01, ...,
         -1.72213851e-02,  0.00000000e+00,  3.03359461e-02],
        [-8.04454142e-01, -7.75631302e-01, -7.71929124e-01, ...,
         -4.75449065e-02, -3.03359461e-02,  0.00000000e+00]],

       [[ 0.00000000e+00,  2.78166548e-03,  2.33367724e-04, ...,
          9.97908947e-01,  9.99999622e-01,  9.95822194e-01],
        [-2.78166548e-03,  0.00000000e+00, -2.54829858e-03, ...,
          9.98084880e-01,  9.99998172e-01,  9.95564338e-01],
        [-2.33367724e-04,  2.54829858e-03,  0.00000000e+00, ...,
          9.97924004e-01,  9.99999798e-01,  9.95800857e-01],
        ...,
        [-9.97908947e-01, -9.98084880e-01, -9.97924004e-01, ...,
          0.00000000e+00, -6.37675224e-02, -1.55487927e-01],
        [-9.99999622e-01, -9.99998172e-01, -9.99999798e-01, ...,
          6.37675224e-02,  0.00000000e+00, -9.21795064e-02],
        [-9.95822194e-01, -9.95564338e-01, -9.95800857e-01, ...,
          1.55487927e-01,  9.21795064e-02,  0.00000000e+00]]]), 'num': array([7.55120184e-01, 6.55494609e-01, 2.49688158e-06, 2.37203750e-03,
       2.40770723e-03, 2.34528520e-03, 8.60038969e-03, 2.97247807e-06,
       2.40830173e-03, 2.47057515e-03, 2.30233289e-03, 2.11831770e-06,
       2.57913003e-03, 2.36202026e-03])}
{'img': array([[[ 0.        , -0.12211247, -0.16460997, ...,  0.926503  ,
          0.87587055,  0.88003132],
        [ 0.12211247,  0.        , -0.04293137, ...,  0.96551868,
          0.92824067,  0.93143853],
        [ 0.16460997,  0.04293137,  0.        , ...,  0.97580498,
          0.94335447,  0.94620243],
        ...,
        [-0.926503  , -0.96551868, -0.97580498, ...,  0.        ,
         -0.11750142, -0.1088661 ],
        [-0.87587055, -0.92824067, -0.94335447, ...,  0.11750142,
          0.        ,  0.00869109],
        [-0.88003132, -0.93143853, -0.94620243, ...,  0.1088661 ,
         -0.00869109,  0.        ]],

       [[ 0.        ,  0.23635957,  0.39134754, ...,  0.4022638 ,
          0.56566815,  0.2857344 ],
        [-0.23635957,  0.        ,  0.16275073, ...,  0.17447311,
          0.35473042,  0.05113283],
        [-0.39134754, -0.16275073,  0.        , ...,  0.01189244,
          0.19783405, -0.11208675],
        ...,
        [-0.4022638 , -0.17447311, -0.01189244, ...,  0.        ,
          0.18616266, -0.12389632],
        [-0.56566815, -0.35473042, -0.19783405, ..., -0.18616266,
          0.        , -0.30645879],
        [-0.2857344 , -0.05113283,  0.11208675, ...,  0.12389632,
          0.30645879,  0.        ]],

       [[ 0.        , -0.03788516, -0.10097983, ...,  0.99107975,
          0.97863305,  0.9568966 ],
        [ 0.03788516,  0.        , -0.06321583, ...,  0.99541721,
          0.98572023,  0.96721259],
        [ 0.10097983,  0.06321583,  0.        , ...,  0.99947142,
          0.99439366,  0.98133285],
        ...,
        [-0.99107975, -0.99541721, -0.99947142, ...,  0.        ,
         -0.07335791, -0.16031236],
        [-0.97863305, -0.98572023, -0.99439366, ...,  0.07335791,
          0.        , -0.08747131],
        [-0.9568966 , -0.96721259, -0.98133285, ...,  0.16031236,
          0.08747131,  0.        ]],

       ...,

       [[ 0.        , -0.07466903, -0.12597661, ..., -0.64453969,
         -0.79343218, -0.75976112],
        [ 0.07466903,  0.        , -0.05155077, ..., -0.58565061,
         -0.74576925, -0.70909017],
        [ 0.12597661,  0.05155077,  0.        , ..., -0.54308673,
         -0.71043431, -0.67179798],
        ...,
        [ 0.64453969,  0.58565061,  0.54308673, ...,  0.        ,
         -0.21433044, -0.16181001],
        [ 0.79343218,  0.74576925,  0.71043431, ...,  0.21433044,
          0.        ,  0.05345624],
        [ 0.75976112,  0.70909017,  0.67179798, ...,  0.16181001,
         -0.05345624,  0.        ]],

       [[ 0.        , -0.00584444, -0.04055004, ...,  0.79442196,
          0.7756313 ,  0.7864559 ],
        [ 0.00584444,  0.        , -0.03470971, ...,  0.79085867,
          0.77192912,  0.78283266],
        [ 0.04055004,  0.03470971,  0.        , ...,  0.76913983,
          0.74939873,  0.76076346],
        ...,
        [-0.79442196, -0.79085867, -0.76913983, ...,  0.        ,
          0.03033595,  0.01300513],
        [-0.7756313 , -0.77192912, -0.74939873, ..., -0.03033595,
          0.        , -0.01733424],
        [-0.7864559 , -0.78283266, -0.76076346, ..., -0.01300513,
          0.01733424,  0.        ]],

       [[ 0.        , -0.0025483 , -0.01008887, ...,  0.99999817,
          0.99556434,  0.98837893],
        [ 0.0025483 ,  0.        , -0.00754067, ...,  0.9999998 ,
          0.99580086,  0.98876309],
        [ 0.01008887,  0.00754067,  0.        , ...,  0.99996657,
          0.99646286,  0.98986224],
        ...,
        [-0.99999817, -0.9999998 , -0.99996657, ...,  0.        ,
         -0.09217951, -0.15012011],
        [-0.99556434, -0.99580086, -0.99646286, ...,  0.09217951,
          0.        , -0.05834606],
        [-0.98837893, -0.98876309, -0.98986224, ...,  0.15012011,
          0.05834606,  0.        ]]]), 'num': array([ 7.45552410e-01,  6.66367672e-01,  1.99709300e-06,  2.32896287e-03,
        2.36420569e-03,  2.30840456e-03,  7.80017536e-03, -1.46845074e-05,
        2.35598236e-03,  2.43322287e-03,  2.28158086e-03,  1.85488514e-06,
        2.54894573e-03,  2.31750001e-03])}
{'img': array([[[ 0.        , -0.04293137,  0.04176164, ...,  0.92824067,
          0.93143853,  0.9149571 ],
        [ 0.04293137,  0.        ,  0.08461705, ...,  0.94335447,
          0.94620243,  0.93143853],
        [-0.04176164, -0.08461705,  0.        , ...,  0.91189637,
          0.91542894,  0.89730593],
        ...,
        [-0.92824067, -0.94335447, -0.91189637, ...,  0.        ,
          0.00869109, -0.03424666],
        [-0.93143853, -0.94620243, -0.91542894, ..., -0.00869109,
          0.        , -0.04293137],
        [-0.9149571 , -0.93143853, -0.89730593, ...,  0.03424666,
          0.04293137,  0.        ]],

       [[ 0.        ,  0.23073072,  0.00251505, ...,  0.43879143,
          0.08823623,  0.0380939 ],
        [-0.23073072,  0.        , -0.2282828 , ...,  0.21961973,
         -0.14397536, -0.19349721],
        [-0.00251505,  0.2282828 ,  0.        , ...,  0.43653004,
          0.08573071,  0.03558055],
        ...,
        [-0.43879143, -0.21961973, -0.43653004, ...,  0.        ,
         -0.35779185, -0.40424218],
        [-0.08823623,  0.14397536, -0.08573071, ...,  0.35779185,
          0.        , -0.05022687],
        [-0.0380939 ,  0.19349721, -0.03558055, ...,  0.40424218,
          0.05022687,  0.        ]],

       [[ 0.        , -0.06321583, -0.1093753 , ...,  0.98572023,
          0.96721259,  0.94227026],
        [ 0.06321583,  0.        , -0.04631997, ...,  0.99439366,
          0.98133285,  0.96155363],
        [ 0.1093753 ,  0.04631997,  0.        , ...,  0.99822427,
          0.98918766,  0.97324181],
        ...,
        [-0.98572023, -0.99439366, -0.99822427, ...,  0.        ,
         -0.08747131, -0.17140159],
        [-0.96721259, -0.98133285, -0.98918766, ...,  0.08747131,
          0.        , -0.08456777],
        [-0.94227026, -0.96155363, -0.97324181, ...,  0.17140159,
          0.08456777,  0.        ]],

       ...,

       [[ 0.        , -0.05155077,  0.03876968, ..., -0.74576925,
         -0.70909017, -0.80313583],
        [ 0.05155077,  0.        ,  0.09023014, ..., -0.71043431,
         -0.67179798, -0.77135422],
        [-0.03876968, -0.09023014,  0.        , ..., -0.77103709,
         -0.73589425, -0.82563083],
        ...,
        [ 0.74576925,  0.71043431,  0.77103709, ...,  0.        ,
          0.05345624, -0.09072626],
        [ 0.70909017,  0.67179798,  0.73589425, ..., -0.05345624,
          0.        , -0.14383232],
        [ 0.80313583,  0.77135422,  0.82563083, ...,  0.09072626,
          0.14383232,  0.        ]],

       [[ 0.        , -0.03470971, -0.06643809, ...,  0.77192912,
          0.78283266,  0.78051224],
        [ 0.03470971,  0.        , -0.03176504, ...,  0.74939873,
          0.76076346,  0.75834348],
        [ 0.06643809,  0.03176504,  0.        , ...,  0.72798832,
          0.73976311,  0.73725459],
        ...,
        [-0.77192912, -0.74939873, -0.72798832, ...,  0.        ,
         -0.01733424, -0.01361418],
        [-0.78283266, -0.76076346, -0.73976311, ...,  0.01733424,
          0.        ,  0.00372049],
        [-0.78051224, -0.75834348, -0.73725459, ...,  0.01361418,
         -0.00372049,  0.        ]],

       [[ 0.        , -0.00754067, -0.00886169, ...,  0.99580086,
          0.98876309,  0.97744042],
        [ 0.00754067,  0.        , -0.00132106, ...,  0.99646286,
          0.98986224,  0.97900531],
        [ 0.00886169,  0.00132106,  0.        , ...,  0.99657301,
          0.990049  ,  0.97927373],
        ...,
        [-0.99580086, -0.99646286, -0.99657301, ...,  0.        ,
         -0.05834606, -0.12084375],
        [-0.98876309, -0.98986224, -0.990049  , ...,  0.05834606,
          0.        , -0.06271941],
        [-0.97744042, -0.97900531, -0.97927373, ...,  0.12084375,
          0.06271941,  0.        ]]]), 'num': array([7.41062137e-01, 6.71295303e-01, 1.75073609e-06, 2.32556111e-03,
       2.36932951e-03, 2.29930007e-03, 1.20488576e-02, 1.16715740e-05,
       2.33139690e-03, 2.40872108e-03, 2.27449798e-03, 2.62384221e-06,
       2.52369497e-03, 2.29374719e-03])}
{'img': array([[[ 0.        ,  0.08461705, -0.05332572, ...,  0.94620243,
          0.93143853,  0.94335447],
        [-0.08461705,  0.        , -0.13763112, ...,  0.91542894,
          0.89730593,  0.91189637],
        [ 0.05332572,  0.13763112,  0.        , ...,  0.96211103,
          0.94951841,  0.959705  ],
        ...,
        [-0.94620243, -0.91542894, -0.96211103, ...,  0.        ,
         -0.04293137, -0.00869109],
        [-0.93143853, -0.89730593, -0.94951841, ...,  0.04293137,
          0.        ,  0.03424666],
        [-0.94335447, -0.91189637, -0.959705  , ...,  0.00869109,
         -0.03424666,  0.        ]],

       [[ 0.        , -0.2282828 , -0.31300599, ..., -0.14397536,
         -0.19349721,  0.01864983],
        [ 0.2282828 ,  0.        , -0.08792917, ...,  0.08573071,
          0.03558055,  0.24640047],
        [ 0.31300599,  0.08792917,  0.        , ...,  0.1730041 ,
          0.12331623,  0.33066425],
        ...,
        [ 0.14397536, -0.08573071, -0.1730041 , ...,  0.        ,
         -0.05022687,  0.16240584],
        [ 0.19349721, -0.03558055, -0.12331623, ...,  0.05022687,
          0.        ,  0.21176092],
        [-0.01864983, -0.24640047, -0.33066425, ..., -0.16240584,
         -0.21176092,  0.        ]],

       [[ 0.        , -0.04631997, -0.08813285, ...,  0.98133285,
          0.96155363,  0.95221084],
        [ 0.04631997,  0.        , -0.04189853, ...,  0.98918766,
          0.97324181,  0.96533683],
        [ 0.08813285,  0.04189853,  0.        , ...,  0.99446367,
          0.98201477,  0.97542496],
        ...,
        [-0.98133285, -0.98918766, -0.99446367, ...,  0.        ,
         -0.08456777, -0.11661346],
        [-0.96155363, -0.97324181, -0.98201477, ...,  0.08456777,
          0.        , -0.03220492],
        [-0.95221084, -0.96533683, -0.97542496, ...,  0.11661346,
          0.03220492,  0.        ]],

       ...,

       [[ 0.        ,  0.09023014, -0.31922527, ..., -0.67179798,
         -0.77135422, -0.43056711],
        [-0.09023014,  0.        , -0.40343233, ..., -0.73589425,
         -0.82563083, -0.51024879],
        [ 0.31922527,  0.40343233,  0.        , ..., -0.4001876 ,
         -0.52783919, -0.11991984],
        ...,
        [ 0.67179798,  0.73589425,  0.4001876 , ...,  0.        ,
         -0.14383232,  0.28740115],
        [ 0.77135422,  0.82563083,  0.52783919, ...,  0.14383232,
          0.        ,  0.42217684],
        [ 0.43056711,  0.51024879,  0.11991984, ..., -0.28740115,
         -0.42217684,  0.        ]],

       [[ 0.        , -0.03176504, -0.17184503, ...,  0.76076346,
          0.75834348,  0.78784904],
        [ 0.03176504,  0.        , -0.14046581, ...,  0.73976311,
          0.73725459,  0.76788838],
        [ 0.17184503,  0.14046581,  0.        , ...,  0.63791388,
          0.63504429,  0.67029507],
        ...,
        [-0.76076346, -0.73976311, -0.63791388, ...,  0.        ,
          0.00372049, -0.0428069 ],
        [-0.75834348, -0.73725459, -0.63504429, ..., -0.00372049,
          0.        , -0.04652368],
        [-0.78784904, -0.76788838, -0.67029507, ...,  0.0428069 ,
          0.04652368,  0.        ]],

       [[ 0.        , -0.00132106, -0.010918  , ...,  0.98986224,
          0.97900531,  0.97197151],
        [ 0.00132106,  0.        , -0.00959701, ...,  0.990049  ,
          0.97927373,  0.97228124],
        [ 0.010918  ,  0.00959701,  0.        , ...,  0.99135393,
          0.98117242,  0.97448038],
        ...,
        [-0.98986224, -0.990049  , -0.99135393, ...,  0.        ,
         -0.06271941, -0.09466539],
        [-0.97900531, -0.97927373, -0.98117242, ...,  0.06271941,
          0.        , -0.03204126],
        [-0.97197151, -0.97228124, -0.97448038, ...,  0.09466539,
          0.03204126,  0.        ]]]), 'num': array([ 8.54705508e-01,  5.18721822e-01,  8.62602533e-06,  2.64554084e-03,
        2.72704659e-03,  2.62176833e-03,  1.86290903e-02, -6.11293133e-05,
        2.69240664e-03,  2.79666608e-03,  2.65544605e-03,  1.34619108e-06,
        2.94703966e-03,  2.64629251e-03])}
{'img': array([[[ 0.        , -0.13763112, -0.26942252, ...,  0.89730593,
          0.91189637,  0.84099615],
        [ 0.13763112,  0.        , -0.13431677, ...,  0.94951841,
          0.959705  ,  0.90745695],
        [ 0.26942252,  0.13431677,  0.        , ...,  0.98305099,
          0.98875286,  0.95566651],
        ...,
        [-0.89730593, -0.94951841, -0.98305099, ...,  0.        ,
          0.03424666, -0.11425597],
        [-0.91189637, -0.959705  , -0.98875286, ..., -0.03424666,
          0.        , -0.14821134],
        [-0.84099615, -0.90745695, -0.95566651, ...,  0.11425597,
          0.14821134,  0.        ]],

       [[ 0.        , -0.08792917,  0.1685766 , ...,  0.03558055,
          0.24640047,  0.36124197],
        [ 0.08792917,  0.        ,  0.25459444, ...,  0.12331623,
          0.33066425,  0.44183428],
        [-0.1685766 , -0.25459444,  0.        , ..., -0.13339852,
          0.07949506,  0.19887909],
        ...,
        [-0.03558055, -0.12331623,  0.13339852, ...,  0.        ,
          0.21176092,  0.32783536],
        [-0.24640047, -0.33066425, -0.07949506, ..., -0.21176092,
          0.        ,  0.12034262],
        [-0.36124197, -0.44183428, -0.19887909, ..., -0.32783536,
         -0.12034262,  0.        ]],

       [[ 0.        , -0.04189853, -0.12576355, ...,  0.97324181,
