state_0,state_1,state_2,state_3,state_4,state_5,state_6,state_7,state_8,state_9,state_10,state_11,state_12,state_13,state_14,state_15,state_16,state_17,state_18,state_19,state_20,state_21,state_22,state_23,state_24,state_25,state_26,state_27,state_28,state_29,state_30,state_31,state_32,state_33,state_34,state_35,state_36,state_37,state_38,state_39,state_40,state_41,state_42,state_43,state_44,state_45,state_46,state_47,state_48,state_49,state_50,state_51,state_52,state_53,state_54,state_55,state_56,state_57,state_58,state_59,state_60,state_61,state_62,state_63,state_64,state_65,state_66,state_67,state_68,state_69,state_70,state_71,state_72,state_73,state_74,state_75,state_76,state_77,state_78,state_79,state_80,state_81,state_82,state_83,state_84,state_85,state_86,state_87,state_88,state_89,state_90,state_91,state_92,state_93,state_94,state_95,state_96,state_97,state_98,state_99,state_100,state_101,state_102,state_103,state_104,state_105,state_106,state_107,state_108,state_109,state_110,state_111,state_112,state_113,state_114,state_115,state_116,state_117,state_118,state_119,state_120,state_121,state_122,state_123,state_124,state_125,state_126,state_127,state_128,state_129,state_130,state_131,state_132,state_133,state_134,state_135,state_136,state_137,state_138,state_139,state_140,state_141,state_142,state_143,state_144,state_145,state_146,state_147,state_148,state_149,state_150,state_151,state_152,state_153,state_154,state_155,state_156,state_157,state_158,state_159,state_160,state_161,state_162,state_163,state_164,state_165,state_166,state_167,state_168,state_169,state_170,state_171,state_172,state_173,state_174,state_175,state_176,state_177,state_178,state_179,state_180,state_181,state_182,state_183,state_184,state_185,state_186,state_187,state_188,state_189,state_190,state_191,state_192,state_193,state_194,state_195,state_196,state_197,state_198,state_199,state_200,state_201,state_202,state_203,state_204,state_205,state_206,state_207,state_208,state_209,state_210,state_211,state_212,state_213,state_214,state_215,state_216,state_217,state_218,state_219,state_220,state_221,state_222,state_223,state_224,state_225,state_226,state_227,state_228,state_229,state_230,state_231,state_232,state_233,state_234,state_235,state_236,state_237,state_238,state_239,state_240,state_241,state_242,state_243,state_244,state_245,state_246,state_247,state_248,state_249,state_250,state_251,state_252,state_253,state_254,state_255,state_256,state_257,state_258,state_259,state_260,state_261,state_262,state_263,state_264,state_265,state_266,state_267,state_268,state_269,state_270,state_271,state_272,state_273,state_274,state_275,state_276,state_277,state_278,state_279,state_280,state_281,state_282,state_283,state_284,state_285,state_286,state_287
{'img': array([[[ 0.        ,  0.        ,  0.24634638, ...,  0.05708347,
          0.98988903,  0.94318971],
        [ 0.        ,  0.        ,  0.24634638, ...,  0.05708347,
          0.98988903,  0.94318971],
        [-0.24634638, -0.24634638,  0.        , ..., -0.19062043,
          0.99432523,  0.83227261],
        ...,
        [-0.05708347, -0.05708347,  0.19062043, ...,  0.        ,
          0.99637187,  0.9226855 ],
        [-0.98988903, -0.98988903, -0.99432523, ..., -0.99637187,
          0.        , -0.46268103],
        [-0.94318971, -0.94318971, -0.83227261, ..., -0.9226855 ,
          0.46268103,  0.        ]],

       [[ 0.        ,  0.14349245,  0.61201685, ...,  0.0976083 ,
          0.30298284,  0.78683695],
        [-0.14349245,  0.        ,  0.4922031 , ..., -0.04620906,
          0.43659513,  0.69013637],
        [-0.61201685, -0.4922031 ,  0.        , ..., -0.53190141,
          0.822862  ,  0.24455297],
        ...,
        [-0.0976083 ,  0.04620906,  0.53190141, ...,  0.        ,
          0.39455639,  0.72283971],
        [-0.30298284, -0.43659513, -0.822862  , ..., -0.39455639,
          0.        , -0.93684165],
        [-0.78683695, -0.69013637, -0.24455297, ..., -0.72283971,
          0.93684165,  0.        ]],

       [[ 0.        ,  0.05589444,  0.21987143, ...,  0.12230921,
          0.49976645,  0.98159304],
        [-0.05589444,  0.        ,  0.16500106, ...,  0.06664321,
          0.45057162,  0.96938352],
        [-0.21987143, -0.16500106,  0.        , ..., -0.09890448,
          0.29709272,  0.91558028],
        ...,
        [-0.12230921, -0.06664321,  0.09890448, ...,  0.        ,
          0.39007486,  0.95086411],
        [-0.49976645, -0.45057162, -0.29709272, ..., -0.39007486,
          0.        ,  0.75476914],
        [-0.98159304, -0.96938352, -0.91558028, ..., -0.95086411,
         -0.75476914,  0.        ]],

       ...,

       [[ 0.        ,  0.04846947,  0.5561315 , ...,  0.09999424,
          0.81161103,  0.78449091],
        [-0.04846947,  0.        ,  0.51519516, ...,  0.05165017,
          0.78234133,  0.75351099],
        [-0.5561315 , -0.51519516,  0.        , ..., -0.47023954,
          0.34963428,  0.30710636],
        ...,
        [-0.09999424, -0.05165017,  0.47023954, ...,  0.        ,
          0.74912679,  0.71854859],
        [-0.81161103, -0.78234133, -0.34963428, ..., -0.74912679,
          0.        , -0.04501455],
        [-0.78449091, -0.75351099, -0.30710636, ..., -0.71854859,
          0.04501455,  0.        ]],

       [[ 0.        , -0.11717417, -0.11717417, ..., -0.28772796,
          0.38782416,  0.9420203 ],
        [ 0.11717417,  0.        ,  0.        , ..., -0.17352678,
          0.49315593,  0.97484956],
        [ 0.11717417,  0.        ,  0.        , ..., -0.17352678,
          0.49315593,  0.97484956],
        ...,
        [ 0.28772796,  0.17352678,  0.17352678, ...,  0.        ,
          0.63663239,  0.99873313],
        [-0.38782416, -0.49315593, -0.49315593, ..., -0.63663239,
          0.        ,  0.73815487],
        [-0.9420203 , -0.97484956, -0.97484956, ..., -0.99873313,
         -0.73815487,  0.        ]],

       [[ 0.        ,  0.17257699,  0.17257699, ...,  0.49027648,
         -0.63025008, -0.79079991],
        [-0.17257699,  0.        ,  0.        , ...,  0.33250799,
         -0.75478125, -0.88456479],
        [-0.17257699,  0.        ,  0.        , ...,  0.33250799,
         -0.75478125, -0.88456479],
        ...,
        [-0.49027648, -0.33250799, -0.33250799, ...,  0.        ,
         -0.92995198, -0.98932093],
        [ 0.63025008,  0.75478125,  0.75478125, ...,  0.92995198,
          0.        , -0.22821071],
        [ 0.79079991,  0.88456479,  0.88456479, ...,  0.98932093,
          0.22821071,  0.        ]]]), 'num': array([ 7.30942603e-01,  6.82433028e-01,  2.68305172e-06,  4.94995665e-04,
        5.04304211e-04,  4.90067611e-04,  2.50287659e-03, -5.47561576e-07,
        4.80211502e-04,  4.60115992e-04,  4.47859739e-04,  1.95916527e-06,
        4.92295381e-04,  4.27936604e-04])}
{'img': array([[[ 0.        ,  0.24634638,  0.16986884, ...,  0.98988903,
          0.94318971,  0.93286758],
        [-0.24634638,  0.        , -0.07813235, ...,  0.99432523,
          0.83227261,  0.81537957],
        [-0.16986884,  0.07813235,  0.        , ...,  0.99959752,
          0.87304232,  0.85811986],
        ...,
        [-0.98988903, -0.99432523, -0.99959752, ...,  0.        ,
         -0.46268103, -0.48889895],
        [-0.94318971, -0.83227261, -0.87304232, ...,  0.46268103,
          0.        , -0.02980568],
        [-0.93286758, -0.81537957, -0.85811986, ...,  0.48889895,
          0.02980568,  0.        ]],

       [[ 0.        ,  0.4922031 , -0.10224534, ...,  0.43659513,
          0.69013637,  0.64186592],
        [-0.4922031 ,  0.        , -0.57862613, ...,  0.822862  ,
          0.24455297,  0.18130204],
        [ 0.10224534,  0.57862613,  0.        , ...,  0.34232118,
          0.76051235,  0.71690548],
        ...,
        [-0.43659513, -0.822862  , -0.34232118, ...,  0.        ,
         -0.93684165, -0.91224839],
        [-0.69013637, -0.24455297, -0.76051235, ...,  0.93684165,
          0.        , -0.06470313],
        [-0.64186592, -0.18130204, -0.71690548, ...,  0.91224839,
          0.06470313,  0.        ]],

       [[ 0.        ,  0.13157366,  0.20566849, ...,  0.34655717,
          0.6421313 ,  0.99908789],
        [-0.13157366,  0.        ,  0.07511965, ...,  0.22012445,
          0.5356852 ,  0.98478388],
        [-0.20566849, -0.07511965,  0.        , ...,  0.14622539,
          0.47073927,  0.96894684],
        ...,
        [-0.34655717, -0.22012445, -0.14622539, ...,  0.        ,
          0.33666881,  0.9223749 ],
        [-0.6421313 , -0.5356852 , -0.47073927, ..., -0.33666881,
          0.        ,  0.73847575],
        [-0.99908789, -0.98478388, -0.96894684, ..., -0.9223749 ,
         -0.73847575,  0.        ]],

       ...,

       [[ 0.        ,  0.51519516,  0.42923004, ...,  0.78234133,
          0.75351099,  0.7677908 ],
        [-0.51519516,  0.        , -0.09744036, ...,  0.34963428,
          0.30710636,  0.32796682],
        [-0.42923004,  0.09744036,  0.        , ...,  0.43926103,
          0.39837652,  0.418457  ],
        ...,
        [-0.78234133, -0.34963428, -0.43926103, ...,  0.        ,
         -0.04501455, -0.02302814],
        [-0.75351099, -0.30710636, -0.39837652, ...,  0.04501455,
          0.        ,  0.02199782],
        [-0.7677908 , -0.32796682, -0.418457  , ...,  0.02302814,
         -0.02199782,  0.        ]],

       [[ 0.        ,  0.        , -0.01549989, ...,  0.40964063,
          0.71764778,  0.9964046 ],
        [ 0.        ,  0.        , -0.01549989, ...,  0.40964063,
          0.71764778,  0.9964046 ],
        [ 0.01549989,  0.01549989,  0.        , ...,  0.42373115,
          0.72835579,  0.99759809],
        ...,
        [-0.40964063, -0.40964063, -0.42373115, ...,  0.        ,
          0.36939572,  0.87426139],
        [-0.71764778, -0.71764778, -0.72835579, ..., -0.36939572,
          0.        ,  0.63310161],
        [-0.9964046 , -0.9964046 , -0.99759809, ..., -0.87426139,
         -0.63310161,  0.        ]],

       [[ 0.        ,  0.        ,  0.03939001, ..., -0.75478125,
         -0.88456479, -0.9288122 ],
        [ 0.        ,  0.        ,  0.03939001, ..., -0.75478125,
         -0.88456479, -0.9288122 ],
        [-0.03939001, -0.03939001,  0.        , ..., -0.7800344 ,
         -0.90225047, -0.94268736],
        ...,
        [ 0.75478125,  0.75478125,  0.7800344 , ...,  0.        ,
         -0.22821071, -0.32959423],
        [ 0.88456479,  0.88456479,  0.90225047, ...,  0.22821071,
          0.        , -0.10543792],
        [ 0.9288122 ,  0.9288122 ,  0.94268736, ...,  0.32959423,
          0.10543792,  0.        ]]]), 'num': array([7.47213749e-01, 6.64582858e-01, 4.55266612e-06, 1.74695328e-04,
       1.77679105e-04, 1.72385307e-04, 1.00615846e-03, 6.73756086e-07,
       1.71942553e-04, 1.62692845e-04, 1.57691008e-04, 6.96590376e-07,
       1.74996718e-04, 1.50388971e-04])}
{'img': array([[[ 0.        , -0.07813235, -0.09932835, ...,  0.83227261,
          0.81537957,  0.87555975],
        [ 0.07813235,  0.        , -0.02127874, ...,  0.87304232,
          0.85811986,  0.91062967],
        [ 0.09932835,  0.02127874,  0.        , ...,  0.8832211 ,
          0.86885112,  0.91921636],
        ...,
        [-0.83227261, -0.87304232, -0.8832211 , ...,  0.        ,
         -0.02980568,  0.08330197],
        [-0.81537957, -0.85811986, -0.86885112, ...,  0.02980568,
          0.        ,  0.11296705],
        [-0.87555975, -0.91062967, -0.91921636, ..., -0.08330197,
         -0.11296705,  0.        ]],

       [[ 0.        , -0.57862613, -0.60227995, ...,  0.24455297,
          0.18130204,  0.28130686],
        [ 0.57862613,  0.        , -0.02930673, ...,  0.76051235,
          0.71690548,  0.78469185],
        [ 0.60227995,  0.02930673,  0.        , ...,  0.77921523,
          0.73702933,  0.80252163],
        ...,
        [-0.24455297, -0.76051235, -0.77921523, ...,  0.        ,
         -0.06470313,  0.03808784],
        [-0.18130204, -0.71690548, -0.73702933, ...,  0.06470313,
          0.        ,  0.10266421],
        [-0.28130686, -0.78469185, -0.80252163, ..., -0.03808784,
         -0.10266421,  0.        ]],

       [[ 0.        ,  0.06332821,  0.08730192, ...,  0.43225705,
          0.71511082,  0.99993816],
        [-0.06332821,  0.        ,  0.02404027, ...,  0.37428317,
          0.6694083 ,  0.99722679],
        [-0.08730192, -0.02404027,  0.        , ...,  0.3518821 ,
          0.65135544,  0.99514945],
        ...,
        [-0.43225705, -0.37428317, -0.3518821 , ...,  0.        ,
          0.34269902,  0.89688771],
        [-0.71511082, -0.6694083 , -0.65135544, ..., -0.34269902,
          0.        ,  0.6910154 ],
        [-0.99993816, -0.99722679, -0.99514945, ..., -0.89688771,
         -0.6910154 ,  0.        ]],

       ...,

       [[ 0.        , -0.09744036, -0.07117486, ...,  0.30710636,
          0.32796682,  0.36843336],
        [ 0.09744036,  0.        ,  0.02635707, ...,  0.39837652,
          0.418457  ,  0.45726595],
        [ 0.07117486, -0.02635707,  0.        , ...,  0.37406284,
          0.39437317,  0.43366696],
        ...,
        [-0.30710636, -0.39837652, -0.37406284, ...,  0.        ,
          0.02199782,  0.06512618],
        [-0.32796682, -0.418457  , -0.39437317, ..., -0.02199782,
          0.        ,  0.04315931],
        [-0.36843336, -0.45726595, -0.43366696, ..., -0.06512618,
         -0.04315931,  0.        ]],

       [[ 0.        , -0.0140713 , -0.02040255, ...,  0.62485585,
          0.8277999 ,  0.99992167],
        [ 0.0140713 ,  0.        , -0.00633216, ...,  0.63578001,
          0.83561227,  0.99964656],
        [ 0.02040255,  0.00633216,  0.        , ...,  0.64065487,
          0.8390739 ,  0.99945818],
        ...,
        [-0.62485585, -0.63578001, -0.64065487, ...,  0.        ,
          0.29573782,  0.78849954],
        [-0.8277999 , -0.83561227, -0.8390739 , ..., -0.29573782,
          0.        ,  0.57134006],
        [-0.99992167, -0.99964656, -0.99945818, ..., -0.78849954,
         -0.57134006,  0.        ]],

       [[ 0.        ,  0.03939001,  0.0565133 , ..., -0.88456479,
         -0.9288122 , -0.93231279],
        [-0.03939001,  0.        ,  0.01714238, ..., -0.90225047,
         -0.94268736, -0.94583474],
        [-0.0565133 , -0.01714238,  0.        , ..., -0.9095099 ,
         -0.94826886, -0.95126101],
        ...,
        [ 0.88456479,  0.90225047,  0.9095099 , ...,  0.        ,
         -0.10543792, -0.11494137],
        [ 0.9288122 ,  0.94268736,  0.94826886, ...,  0.10543792,
          0.        , -0.00956157],
        [ 0.93231279,  0.94583474,  0.95126101, ...,  0.11494137,
          0.00956157,  0.        ]]]), 'num': array([7.18861238e-01, 6.95153371e-01, 1.29622017e-06, 1.69341907e-04,
       1.70823302e-04, 1.65916182e-04, 3.15999961e-04, 1.29622017e-06,
       1.68286414e-04, 1.57328724e-04, 1.51887685e-04, 7.24224681e-07,
       1.70272113e-04, 1.44385334e-04])}
{'img': array([[[ 0.        , -0.02105198,  0.        , ...,  0.84333347,
          0.89403229,  0.99984609],
        [ 0.02105198,  0.        ,  0.02105198, ...,  0.85445971,
          0.9032655 ,  0.99999384],
        [ 0.        , -0.02105198,  0.        , ...,  0.84333347,
          0.89403229,  0.99984609],
        ...,
        [-0.84333347, -0.85445971, -0.84333347, ...,  0.        ,
          0.10262903,  0.52251257],
        [-0.89403229, -0.9032655 , -0.89403229, ..., -0.10262903,
          0.        ,  0.4322488 ],
        [-0.99984609, -0.99999384, -0.99984609, ..., -0.52251257,
         -0.4322488 ,  0.        ]],

       [[ 0.        , -0.02930673, -0.01953904, ...,  0.71690548,
          0.78469185,  0.24312167],
        [ 0.02930673,  0.        ,  0.00977049, ...,  0.73702933,
          0.80252163,  0.27144465],
        [ 0.01953904, -0.00977049,  0.        , ...,  0.73039066,
          0.79665403,  0.26202805],
        ...,
        [-0.71690548, -0.73702933, -0.73039066, ...,  0.        ,
          0.10266421, -0.52589808],
        [-0.78469185, -0.80252163, -0.79665403, ..., -0.10266421,
          0.        , -0.61044007],
        [-0.24312167, -0.27144465, -0.26202805, ...,  0.52589808,
          0.61044007,  0.        ]],

       [[ 0.        ,  0.02114912,  0.0573506 , ...,  0.56377555,
          0.79705829,  0.99864315],
        [-0.02114912,  0.        ,  0.03622345, ...,  0.5461818 ,
          0.78410801,  0.99952114],
        [-0.0573506 , -0.03622345,  0.        , ...,  0.51548017,
          0.76111225,  0.99998604],
        ...,
        [-0.56377555, -0.5461818 , -0.51548017, ...,  0.        ,
          0.3178474 ,  0.85416626],
        [-0.79705829, -0.78410801, -0.76111225, ..., -0.3178474 ,
          0.        ,  0.64459016],
        [-0.99864315, -0.99952114, -0.99998604, ..., -0.85416626,
         -0.64459016,  0.        ]],

       ...,

       [[ 0.        ,  0.02578427,  0.43657097, ...,  0.40487318,
          0.44161237,  0.86321139],
        [-0.02578427,  0.        ,  0.41322849, ...,  0.38116213,
          0.41833174,  0.84990739],
        [-0.43657097, -0.41322849,  0.        , ..., -0.03493646,
          0.00561125,  0.55620559],
        ...,
        [-0.40487318, -0.38116213,  0.03493646, ...,  0.        ,
          0.04054373,  0.58489981],
        [-0.44161237, -0.41833174, -0.00561125, ..., -0.04054373,
          0.        ,  0.55153363],
        [-0.86321139, -0.84990739, -0.55620559, ..., -0.58489981,
         -0.55153363,  0.        ]],

       [[ 0.        , -0.00582398, -0.02129848, ...,  0.74279996,
          0.88511597,  0.99392719],
        [ 0.00582398,  0.        , -0.01547546, ...,  0.74668659,
          0.88781127,  0.99326947],
        [ 0.02129848,  0.01547546,  0.        , ...,  0.75689108,
          0.89482688,  0.99135805],
        ...,
        [-0.74279996, -0.74668659, -0.75689108, ...,  0.        ,
          0.24691982,  0.74718508],
        [-0.88511597, -0.88781127, -0.89482688, ..., -0.24691982,
          0.        ,  0.55994231],
        [-0.99392719, -0.99326947, -0.99135805, ..., -0.74718508,
         -0.55994231,  0.        ]],

       [[ 0.        ,  0.01714238,  0.08010694, ..., -0.94268736,
         -0.94583474, -0.96046085],
        [-0.01714238,  0.        ,  0.06300787, ..., -0.94826886,
         -0.95126101, -0.96509242],
        [-0.08010694, -0.06300787,  0.        , ..., -0.96638769,
         -0.96880169, -0.97967717],
        ...,
        [ 0.94268736,  0.94826886,  0.96638769, ...,  0.        ,
         -0.00956157, -0.05802561],
        [ 0.94583474,  0.95126101,  0.96880169, ...,  0.00956157,
          0.        , -0.0484775 ],
        [ 0.96046085,  0.96509242,  0.97967717, ...,  0.05802561,
          0.0484775 ,  0.        ]]]), 'num': array([7.16201806e-01, 6.97892944e-01, 9.96129599e-07, 1.69526500e-04,
       1.70633311e-04, 1.66482771e-04, 4.46441305e-04, 8.30107999e-07,
       1.67866284e-04, 1.57457652e-04, 1.51537753e-04, 7.63317701e-07,
       1.71466847e-04, 1.43448458e-04])}
{'img': array([[[ 0.        ,  0.02041289, -0.06132399, ...,  0.86131702,
          0.949951  ,  0.99942137],
        [-0.02041289,  0.        , -0.08168568, ...,  0.85076642,
          0.94337609,  0.99990744],
        [ 0.06132399,  0.08168568,  0.        , ...,  0.8908527 ,
          0.96732066,  0.99545452],
        ...,
        [-0.86131702, -0.85076642, -0.8908527 , ...,  0.        ,
          0.21356507,  0.53707041],
        [-0.949951  , -0.94337609, -0.96732066, ..., -0.21356507,
          0.        ,  0.34452945],
        [-0.99942137, -0.99990744, -0.99545452, ..., -0.53707041,
         -0.34452945,  0.        ]],

       [[ 0.        ,  0.00977049, -0.01481993, ...,  0.80252163,
          0.27144465,  0.42710779],
        [-0.00977049,  0.        , -0.02458864, ...,  0.79665403,
          0.26202805,  0.41825292],
        [ 0.01481993,  0.02458864,  0.        , ...,  0.81127541,
          0.28567834,  0.44046108],
        ...,
        [-0.80252163, -0.79665403, -0.81127541, ...,  0.        ,
         -0.61044007, -0.4708183 ],
        [-0.27144465, -0.26202805, -0.28567834, ...,  0.61044007,
          0.        ,  0.16563118],
        [-0.42710779, -0.41825292, -0.44046108, ...,  0.4708183 ,
         -0.16563118,  0.        ]],

       [[ 0.        ,  0.03590393,  0.05383673, ...,  0.77438138,
          0.98875471,  0.99921399],
        [-0.03590393,  0.        ,  0.01795016, ...,  0.75116499,
          0.9827479 ,  0.99999301],
        [-0.05383673, -0.01795016,  0.        , ...,  0.73919481,
          0.97926967,  0.99989902],
        ...,
        [-0.77438138, -0.75116499, -0.73919481, ...,  0.        ,
          0.50979803,  0.66291903],
        [-0.98875471, -0.9827479 , -0.97926967, ..., -0.50979803,
          0.        ,  0.18862409],
        [-0.99921399, -0.99999301, -0.99989902, ..., -0.66291903,
         -0.18862409,  0.        ]],

       ...,

       [[ 0.        ,  0.34730161,  0.098501  , ...,  0.35125511,
          0.58456534,  0.9006096 ],
        [-0.34730161,  0.        , -0.25324301, ...,  0.00421922,
          0.26639619,  0.69360245],
        [-0.098501  ,  0.25324301,  0.        , ...,  0.25732244,
          0.50180412,  0.85341851],
        ...,
        [-0.35125511, -0.00421922, -0.25732244, ...,  0.        ,
          0.26232707,  0.69055692],
        [-0.58456534, -0.26639619, -0.50180412, ..., -0.26232707,
          0.        ,  0.47663753],
        [-0.9006096 , -0.69360245, -0.85341851, ..., -0.69055692,
         -0.47663753,  0.        ]],

       [[ 0.        , -0.014457  , -0.01764792, ...,  0.81071736,
          0.93095559,  0.98315196],
        [ 0.014457  ,  0.        , -0.00319133, ...,  0.8190963 ,
          0.93613701,  0.98040661],
        [ 0.01764792,  0.00319133,  0.        , ...,  0.82092286,
          0.93725443,  0.97977298],
        ...,
        [-0.81071736, -0.8190963 , -0.82092286, ...,  0.        ,
          0.24899735,  0.72376541],
        [-0.93095559, -0.93613701, -0.93725443, ..., -0.24899735,
          0.        ,  0.52915016],
        [-0.98315196, -0.98040661, -0.97977298, ..., -0.72376541,
         -0.52915016,  0.        ]],

       [[ 0.        ,  0.06300787,  0.07148498, ..., -0.95126101,
         -0.96509242, -0.98055684],
        [-0.06300787,  0.        ,  0.00849627, ..., -0.96880169,
         -0.97967717, -0.99097287],
        [-0.07148498, -0.00849627,  0.        , ..., -0.97087241,
         -0.981346  , -0.99207613],
        ...,
        [ 0.95126101,  0.96880169,  0.97087241, ...,  0.        ,
         -0.0484775 , -0.11571993],
        [ 0.96509242,  0.97967717,  0.981346  , ...,  0.0484775 ,
          0.        , -0.06743206],
        [ 0.98055684,  0.99097287,  0.99207613, ...,  0.11571993,
          0.06743206,  0.        ]]]), 'num': array([7.14027317e-01, 7.00116719e-01, 7.35232441e-07, 1.73882472e-04,
       1.74617705e-04, 1.70482022e-04, 1.16362481e-03, 4.96281897e-06,
       1.68772607e-04, 1.57854405e-04, 1.51310836e-04, 7.79020522e-07,
       1.73599305e-04, 1.42109505e-04])}
{'img': array([[[ 0.00000000e+00, -7.03627484e-02, -6.44667590e-02, ...,
          7.57357399e-01,  8.00698826e-01,  9.86013297e-01],
        [ 7.03627484e-02,  0.00000000e+00,  5.90940740e-03, ...,
          8.01427182e-01,  8.40866277e-01,  9.71842309e-01],
        [ 6.44667590e-02, -5.90940740e-03,  0.00000000e+00, ...,
          7.97878817e-01,  8.37653170e-01,  9.73217787e-01],
        ...,
        [-7.57357399e-01, -8.01427182e-01, -7.97878817e-01, ...,
          0.00000000e+00,  6.91489045e-02,  7.70093498e-01],
        [-8.00698826e-01, -8.40866277e-01, -8.37653170e-01, ...,
         -6.91489045e-02,  0.00000000e+00,  7.24137931e-01],
        [-9.86013297e-01, -9.71842309e-01, -9.73217787e-01, ...,
         -7.70093498e-01, -7.24137931e-01,  0.00000000e+00]],

       [[ 0.00000000e+00, -2.45886404e-02, -9.45255779e-02, ...,
          2.62028046e-01,  4.18252919e-01,  8.85619926e-01],
        [ 2.45886404e-02,  0.00000000e+00, -7.00184553e-02, ...,
          2.85678343e-01,  4.40461077e-01,  8.96771391e-01],
        [ 9.45255779e-02,  7.00184553e-02,  0.00000000e+00, ...,
          3.52077677e-01,  5.02240640e-01,  9.25553199e-01],
        ...,
        [-2.62028046e-01, -2.85678343e-01, -3.52077677e-01, ...,
          0.00000000e+00,  1.65631176e-01,  7.32987953e-01],
        [-4.18252919e-01, -4.40461077e-01, -5.02240640e-01, ...,
         -1.65631176e-01,  0.00000000e+00,  6.10194535e-01],
        [-8.85619926e-01, -8.96771391e-01, -9.25553199e-01, ...,
         -7.32987953e-01, -6.10194535e-01,  0.00000000e+00]],

       [[ 0.00000000e+00,  1.69363874e-02, -1.41271281e-02, ...,
          8.96377247e-01,  9.11374388e-01,  9.98118724e-01],
        [-1.69363874e-02,  0.00000000e+00, -3.10597991e-02, ...,
          8.88740913e-01,  9.04273019e-01,  9.99013946e-01],
        [ 1.41271281e-02,  3.10597991e-02,  0.00000000e+00, ...,
          9.02550238e-01,  9.17097859e-01,  9.97152974e-01],
        ...,
        [-8.96377247e-01, -8.88740913e-01, -9.02550238e-01, ...,
          0.00000000e+00,  3.50755561e-02,  4.97415674e-01],
        [-9.11374388e-01, -9.04273019e-01, -9.17097859e-01, ...,
         -3.50755561e-02,  0.00000000e+00,  4.66681118e-01],
        [-9.98118724e-01, -9.99013946e-01, -9.97152974e-01, ...,
         -4.97415674e-01, -4.66681118e-01,  0.00000000e+00]],

       ...,

       [[ 0.00000000e+00, -2.36961331e-01, -3.51099456e-01, ...,
          2.35467355e-01,  4.83781259e-01,  7.37283883e-01],
        [ 2.36961331e-01,  0.00000000e+00, -1.19223881e-01, ...,
          4.59059543e-01,  6.77388663e-01,  8.76372424e-01],
        [ 3.51099456e-01,  1.19223881e-01,  0.00000000e+00, ...,
          5.61704405e-01,  7.60261223e-01,  9.27543889e-01],
        ...,
        [-2.35467355e-01, -4.59059543e-01, -5.61704405e-01, ...,
          0.00000000e+00,  2.64099996e-01,  5.57475368e-01],
        [-4.83781259e-01, -6.77388663e-01, -7.60261223e-01, ...,
         -2.64099996e-01,  0.00000000e+00,  3.18428280e-01],
        [-7.37283883e-01, -8.76372424e-01, -9.27543889e-01, ...,
         -5.57475368e-01, -3.18428280e-01,  0.00000000e+00]],

       [[ 0.00000000e+00, -2.92682572e-03, -2.13153925e-04, ...,
          8.43583507e-01,  9.33497396e-01,  9.60393003e-01],
        [ 2.92682572e-03,  0.00000000e+00,  2.71367264e-03, ...,
          8.45151593e-01,  9.34542911e-01,  9.59573332e-01],
        [ 2.13153925e-04, -2.71367264e-03,  0.00000000e+00, ...,
          8.43697951e-01,  9.33573809e-01,  9.60333586e-01],
        ...,
        [-8.43583507e-01, -8.45151593e-01, -8.43697951e-01, ...,
          0.00000000e+00,  1.98790551e-01,  7.50792858e-01],
        [-9.33497396e-01, -9.34542911e-01, -9.33573809e-01, ...,
         -1.98790551e-01,  0.00000000e+00,  6.04499875e-01],
        [-9.60393003e-01, -9.59573332e-01, -9.60333586e-01, ...,
         -7.50792858e-01, -6.04499875e-01,  0.00000000e+00]],

       [[ 0.00000000e+00,  8.49626817e-03,  2.23349617e-03, ...,
         -9.79677171e-01, -9.90972870e-01, -9.99929002e-01],
        [-8.49626817e-03,  0.00000000e+00, -6.26283142e-03, ...,
         -9.81345998e-01, -9.92076133e-01, -9.99791669e-01],
        [-2.23349617e-03,  6.26283142e-03,  0.00000000e+00, ...,
         -9.80122724e-01, -9.91269826e-01, -9.99899894e-01],
        ...,
        [ 9.79677171e-01,  9.81345998e-01,  9.80122724e-01, ...,
          0.00000000e+00, -6.74320571e-02, -2.12240344e-01],
        [ 9.90972870e-01,  9.92076133e-01,  9.91269826e-01, ...,
          6.74320571e-02,  0.00000000e+00, -1.45861471e-01],
        [ 9.99929002e-01,  9.99791669e-01,  9.99899894e-01, ...,
          2.12240344e-01,  1.45861471e-01,  0.00000000e+00]]]), 'num': array([ 7.12625232e-01,  7.01544556e-01,  5.96376543e-07,  1.70471941e-04,
        1.74050200e-04,  1.67627684e-04,  5.48510444e-04, -3.11950807e-06,
        1.69407638e-04,  1.58448073e-04,  1.51316021e-04,  7.12577986e-07,
        1.74990768e-04,  1.41905377e-04])}
{'img': array([[[ 0.        ,  0.00590941,  0.08776893, ...,  0.84086628,
          0.97184231,  0.92186526],
        [-0.00590941,  0.        ,  0.08188079, ...,  0.83765317,
          0.97321779,  0.91955921],
        [-0.08776893, -0.08188079,  0.        , ...,  0.79011695,
          0.98877302,  0.88429627],
        ...,
        [-0.84086628, -0.83765317, -0.79011695, ...,  0.        ,
          0.72413793,  0.17310848],
        [-0.97184231, -0.97321779, -0.98877302, ..., -0.72413793,
          0.        , -0.59382029],
        [-0.92186526, -0.91955921, -0.88429627, ..., -0.17310848,
          0.59382029,  0.        ]],

       [[ 0.        , -0.07001846,  0.50977919, ...,  0.44046108,
          0.89677139,  0.53968137],
        [ 0.07001846,  0.        ,  0.56876528, ...,  0.50224064,
          0.9255532 ,  0.59730322],
        [-0.50977919, -0.56876528,  0.        , ..., -0.07873434,
          0.54592286,  0.03512326],
        ...,
        [-0.44046108, -0.50224064,  0.07873434, ...,  0.        ,
          0.61019453,  0.11369998],
        [-0.89677139, -0.9255532 , -0.54592286, ..., -0.61019453,
          0.        , -0.51615851],
        [-0.53968137, -0.59730322, -0.03512326, ..., -0.11369998,
          0.51615851,  0.        ]],

       [[ 0.        , -0.03007626, -0.02597083, ...,  0.86185186,
          0.95706115,  0.99703703],
        [ 0.03007626,  0.        ,  0.00410703, ...,  0.87671545,
          0.96534688,  0.99427242],
        [ 0.02597083, -0.00410703,  0.        , ...,  0.87473253,
          0.96426692,  0.99470297],
        ...,
        [-0.86185186, -0.87671545, -0.87473253, ...,  0.        ,
          0.23554436,  0.57195369],
        [-0.95706115, -0.96534688, -0.96426692, ..., -0.23554436,
          0.        ,  0.36264726],
        [-0.99703703, -0.99427242, -0.99470297, ..., -0.57195369,
         -0.36264726,  0.        ]],

       ...,

       [[ 0.        , -0.11922388,  0.0062665 , ...,  0.67738866,
          0.87637242,  0.43635014],
        [ 0.11922388,  0.        ,  0.12544334, ...,  0.76026122,
          0.92754389,  0.54051272],
        [-0.0062665 , -0.12544334,  0.        , ...,  0.67276557,
          0.87333706,  0.43070312],
        ...,
        [-0.67738866, -0.76026122, -0.67276557, ...,  0.        ,
          0.31842828, -0.2885085 ],
        [-0.87637242, -0.92754389, -0.87333706, ..., -0.31842828,
          0.        , -0.57837861],
        [-0.43635014, -0.54051272, -0.43070312, ...,  0.2885085 ,
          0.57837861,  0.        ]],

       [[ 0.        ,  0.00259036,  0.02837803, ...,  0.88782408,
          0.98723412,  0.94617453],
        [-0.00259036,  0.        ,  0.02578862, ...,  0.88662906,
          0.98681822,  0.94700975],
        [-0.02837803, -0.02578862,  0.        , ...,  0.87440744,
          0.98231659,  0.95497822],
        ...,
        [-0.88782408, -0.88662906, -0.87440744, ...,  0.        ,
          0.31289943,  0.72276378],
        [-0.98723412, -0.98681822, -0.98231659, ..., -0.31289943,
          0.        ,  0.47022784],
        [-0.94617453, -0.94700975, -0.95497822, ..., -0.72276378,
         -0.47022784,  0.        ]],

       [[ 0.        , -0.00626283, -0.042696  , ..., -0.99207613,
         -0.99979167, -0.9998971 ],
        [ 0.00626283,  0.        , -0.03643804, ..., -0.99126983,
         -0.99989989, -0.99996733],
        [ 0.042696  ,  0.03643804,  0.        , ..., -0.98580722,
         -0.99975145, -0.99959779],
        ...,
        [ 0.99207613,  0.99126983,  0.98580722, ...,  0.        ,
         -0.14586147, -0.13985686],
        [ 0.99979167,  0.99989989,  0.99975145, ...,  0.14586147,
          0.        ,  0.00606681],
        [ 0.9998971 ,  0.99996733,  0.99959779, ...,  0.13985686,
         -0.00606681,  0.        ]]]), 'num': array([ 7.12619426e-01,  7.01550582e-01,  5.96381666e-07,  1.70289903e-04,
        1.70748659e-04,  1.66986867e-04,  3.46763826e-04, -1.83502051e-07,
        1.70161452e-04,  1.59316481e-04,  1.51591044e-04,  6.97893439e-07,
        1.76423400e-04,  1.42209562e-04])}
{'img': array([[[ 0.        ,  0.08188079, -0.24330979, ...,  0.97321779,
          0.91955921,  0.91188237],
        [-0.08188079,  0.        , -0.32191296, ...,  0.98877302,
          0.88429627,  0.87521228],
        [ 0.24330979,  0.32191296,  0.        , ...,  0.88803797,
          0.98753414,  0.98434596],
        ...,
        [-0.97321779, -0.98877302, -0.88803797, ...,  0.        ,
         -0.59382029, -0.60908696],
        [-0.91955921, -0.88429627, -0.98753414, ...,  0.59382029,
          0.        , -0.01910904],
        [-0.91188237, -0.87521228, -0.98434596, ...,  0.60908696,
          0.01910904,  0.        ]],

       [[ 0.        ,  0.56876528,  0.55638773, ...,  0.9255532 ,
          0.59730322,  0.39492662],
        [-0.56876528,  0.        , -0.01497119, ...,  0.54592286,
          0.03512326, -0.19770477],
        [-0.55638773,  0.01497119,  0.        , ...,  0.55840507,
          0.05008128, -0.18300693],
        ...,
        [-0.9255532 , -0.54592286, -0.55840507, ...,  0.        ,
         -0.51615851, -0.70079129],
        [-0.59730322, -0.03512326, -0.05008128, ...,  0.51615851,
          0.        , -0.23201277],
        [-0.39492662,  0.19770477,  0.18300693, ...,  0.70079129,
          0.23201277,  0.        ]],

       [[ 0.        ,  0.00400706, -0.06036295, ...,  0.93428648,
          0.98015299,  0.99136573],
        [-0.00400706,  0.        , -0.06436221, ...,  0.93285037,
          0.97935075,  0.9918832 ],
        [ 0.06036295,  0.06436221,  0.        , ...,  0.95410359,
          0.99033218,  0.98164283],
        ...,
        [-0.93428648, -0.93285037, -0.95410359, ...,  0.        ,
          0.16423191,  0.47595396],
        [-0.98015299, -0.97935075, -0.99033218, ..., -0.16423191,
          0.        ,  0.32505427],
        [-0.99136573, -0.9918832 , -0.98164283, ..., -0.47595396,
         -0.32505427,  0.        ]],

       ...,

       [[ 0.        ,  0.12544334, -0.33325747, ...,  0.92754389,
          0.54051272,  0.48159207],
        [-0.12544334,  0.        , -0.44889748, ...,  0.87333706,
          0.43070312,  0.36784989],
        [ 0.33325747,  0.44889748,  0.        , ...,  0.9990647 ,
          0.78999624,  0.74612762],
        ...,
        [-0.92754389, -0.87333706, -0.9990647 , ...,  0.        ,
         -0.57837861, -0.63291748],
        [-0.54051272, -0.43070312, -0.78999624, ...,  0.57837861,
          0.        , -0.06852226],
        [-0.48159207, -0.36784989, -0.74612762, ...,  0.63291748,
          0.06852226,  0.        ]],

       [[ 0.        ,  0.02485735,  0.02753243, ...,  0.95714091,
          0.99691901,  0.93543136],
        [-0.02485735,  0.        ,  0.00267599, ...,  0.94964591,
          0.99466122,  0.9439296 ],
        [-0.02753243, -0.00267599,  0.        , ...,  0.94880405,
          0.99438151,  0.94480969],
        ...,
        [-0.95714091, -0.94964591, -0.94880405, ...,  0.        ,
          0.21365434,  0.60927944],
        [-0.99691901, -0.99466122, -0.99438151, ..., -0.21365434,
          0.        ,  0.42579236],
        [-0.93543136, -0.9439296 , -0.94480969, ..., -0.60927944,
         -0.42579236,  0.        ]],

       [[ 0.        , -0.03643804, -0.14760299, ..., -0.99989989,
         -0.99996733, -0.99893845],
        [ 0.03643804,  0.        , -0.11146605, ..., -0.99975145,
         -0.99959779, -0.99659656],
        [ 0.14760299,  0.11146605,  0.        , ..., -0.99103616,
         -0.99020743, -0.98119746],
        ...,
        [ 0.99989989,  0.99975145,  0.99103616, ...,  0.        ,
          0.00606681,  0.06019452],
        [ 0.99996733,  0.99959779,  0.99020743, ..., -0.00606681,
          0.        ,  0.0541376 ],
        [ 0.99893845,  0.99659656,  0.98119746, ..., -0.06019452,
         -0.0541376 ,  0.        ]]]), 'num': array([ 7.98180930e-01,  6.02417413e-01,  1.07208936e-05,  1.88415320e-04,
        1.91510862e-04,  1.85732517e-04,  4.39432816e-04, -3.09554195e-06,
        1.91304492e-04,  1.79995446e-04,  1.70736336e-04,  7.11065767e-07,
        1.99333090e-04,  1.60657801e-04])}
{'img': array([[[ 0.        , -0.32191296, -0.32191296, ...,  0.88429627,
          0.87521228,  0.73087903],
        [ 0.32191296,  0.        ,  0.        , ...,  0.98753414,
          0.98434596,  0.91168166],
        [ 0.32191296,  0.        ,  0.        , ...,  0.98753414,
          0.98434596,  0.91168166],
        ...,
        [-0.88429627, -0.98753414, -0.98753414, ...,  0.        ,
         -0.01910904, -0.26227182],
        [-0.87521228, -0.98434596, -0.98434596, ...,  0.01910904,
          0.        , -0.24378382],
        [-0.73087903, -0.91168166, -0.91168166, ...,  0.26227182,
          0.24378382,  0.        ]],

       [[ 0.        , -0.01497119, -0.46707866, ...,  0.03512326,
         -0.19770477, -0.14209509],
        [ 0.01497119,  0.        , -0.45378854, ...,  0.05008128,
         -0.18300693, -0.12725988],
        [ 0.46707866,  0.45378854,  0.        , ...,  0.497847  ,
          0.2830456 ,  0.3366965 ],
        ...,
        [-0.03512326, -0.05008128, -0.497847  , ...,  0.        ,
         -0.23201277, -0.17677428],
        [ 0.19770477,  0.18300693, -0.2830456 , ...,  0.23201277,
          0.        ,  0.05640831],
        [ 0.14209509,  0.12725988, -0.3366965 , ...,  0.17677428,
         -0.05640831,  0.        ]],

       [[ 0.        , -0.06436221, -0.13334364, ...,  0.97935075,
          0.9918832 ,  0.99926581],
        [ 0.06436221,  0.        , -0.06927972, ...,  0.99033218,
          0.98164283,  0.99472806],
        [ 0.13334364,  0.06927972,  0.        , ...,  0.9975629 ,
          0.9660706 ,  0.9852335 ],
        ...,
        [-0.97935075, -0.99033218, -0.9975629 , ...,  0.        ,
          0.32505427,  0.23954144],
        [-0.9918832 , -0.98164283, -0.9660706 , ..., -0.32505427,
          0.        , -0.08905746],
        [-0.99926581, -0.99472806, -0.9852335 , ..., -0.23954144,
          0.08905746,  0.        ]],

       ...,

       [[ 0.        , -0.44889748, -0.42481669, ...,  0.43070312,
          0.36784989,  0.12028551],
        [ 0.44889748,  0.        ,  0.02676856, ...,  0.78999624,
          0.74612762,  0.5531233 ],
        [ 0.42481669, -0.02676856,  0.        , ...,  0.77330103,
          0.72803767,  0.53062423],
        ...,
        [-0.43070312, -0.78999624, -0.77330103, ...,  0.        ,
         -0.06852226, -0.31901902],
        [-0.36784989, -0.74612762, -0.72803767, ...,  0.06852226,
          0.        , -0.25332735],
        [-0.12028551, -0.5531233 , -0.53062423, ...,  0.31901902,
          0.25332735,  0.        ]],

       [[ 0.        ,  0.00262259,  0.00494357, ...,  0.98172088,
          0.99961599,  0.93750614],
        [-0.00262259,  0.        ,  0.00232099, ...,  0.98121836,
          0.99968522,  0.93841549],
        [-0.00494357, -0.00232099,  0.        , ...,  0.980768  ,
          0.99974076,  0.93921489],
        ...,
        [-0.98172088, -0.98121836, -0.980768  , ...,  0.        ,
          0.21745726,  0.52004027],
        [-0.99961599, -0.99968522, -0.99974076, ..., -0.21745726,
          0.        ,  0.3218563 ],
        [-0.93750614, -0.93841549, -0.93921489, ..., -0.52004027,
         -0.3218563 ,  0.        ]],

       [[ 0.        , -0.11146605, -0.17582913, ..., -0.99959779,
         -0.99659656, -0.98074487],
        [ 0.11146605,  0.        , -0.06500392, ..., -0.99020743,
         -0.98119746, -0.95286453],
        [ 0.17582913,  0.06500392,  0.        , ..., -0.97903835,
         -0.96657605, -0.9311273 ],
        ...,
        [ 0.99959779,  0.99020743,  0.97903835, ...,  0.        ,
          0.0541376 ,  0.16740148],
        [ 0.99659656,  0.98119746,  0.96657605, ..., -0.0541376 ,
          0.        ,  0.11378233],
        [ 0.98074487,  0.95286453,  0.9311273 , ..., -0.16740148,
         -0.11378233,  0.        ]]]), 'num': array([8.41274750e-01, 5.40607253e-01, 1.63140259e-05, 1.99779068e-04,
       1.99995866e-04, 1.97936288e-04, 5.39349284e-04, 1.84278034e-06,
