state_0,state_1,state_2,state_3,state_4,state_5,state_6,state_7,state_8,state_9,state_10,state_11,state_12,state_13,state_14,state_15,state_16,state_17,state_18,state_19,state_20,state_21,state_22,state_23,state_24,state_25,state_26,state_27,state_28,state_29,state_30,state_31,state_32,state_33,state_34,state_35,state_36,state_37,state_38,state_39,state_40,state_41,state_42,state_43,state_44,state_45,state_46,state_47,state_48,state_49,state_50,state_51,state_52,state_53,state_54,state_55,state_56,state_57,state_58,state_59,state_60,state_61,state_62,state_63,state_64,state_65,state_66,state_67,state_68,state_69,state_70,state_71,state_72,state_73,state_74,state_75,state_76,state_77,state_78,state_79,state_80,state_81,state_82,state_83,state_84,state_85,state_86,state_87,state_88,state_89,state_90,state_91,state_92,state_93,state_94,state_95,state_96,state_97,state_98,state_99,state_100,state_101,state_102,state_103,state_104,state_105,state_106,state_107,state_108,state_109,state_110,state_111,state_112,state_113,state_114,state_115,state_116,state_117,state_118,state_119,state_120,state_121,state_122,state_123,state_124,state_125,state_126,state_127,state_128,state_129,state_130,state_131,state_132,state_133,state_134,state_135,state_136,state_137,state_138,state_139,state_140,state_141,state_142,state_143,state_144,state_145,state_146,state_147,state_148,state_149,state_150,state_151,state_152,state_153,state_154,state_155,state_156,state_157,state_158,state_159,state_160,state_161,state_162,state_163,state_164,state_165,state_166,state_167,state_168,state_169,state_170,state_171,state_172,state_173,state_174,state_175,state_176,state_177,state_178,state_179,state_180,state_181,state_182,state_183,state_184,state_185,state_186,state_187,state_188,state_189,state_190,state_191,state_192,state_193,state_194,state_195,state_196,state_197,state_198,state_199,state_200,state_201,state_202,state_203,state_204,state_205,state_206,state_207,state_208,state_209,state_210,state_211,state_212,state_213,state_214,state_215,state_216,state_217,state_218,state_219,state_220,state_221,state_222,state_223,state_224,state_225,state_226,state_227,state_228,state_229,state_230,state_231,state_232,state_233,state_234,state_235,state_236,state_237,state_238,state_239,state_240,state_241,state_242,state_243,state_244,state_245,state_246,state_247,state_248,state_249,state_250,state_251,state_252,state_253,state_254,state_255,state_256,state_257,state_258,state_259,state_260,state_261,state_262,state_263,state_264,state_265,state_266,state_267,state_268,state_269,state_270,state_271,state_272,state_273,state_274,state_275,state_276,state_277,state_278,state_279,state_280,state_281,state_282,state_283,state_284,state_285,state_286,state_287
{'img': array([[[ 0.        ,  0.24747985,  0.52115953, ..., -0.95509612,
         -0.94322379, -0.97630346],
        [-0.24747985,  0.        ,  0.29373387, ..., -0.99871331,
         -0.99608536, -0.99948975],
        [-0.52115953, -0.29373387,  0.        , ..., -0.9695532 ,
         -0.97811036, -0.94601729],
        ...,
        [ 0.95509612,  0.99871331,  0.9695532 , ...,  0.        ,
          0.03776917, -0.08258643],
        [ 0.94322379,  0.99608536,  0.97811036, ..., -0.03776917,
          0.        , -0.12016765],
        [ 0.97630346,  0.99948975,  0.94601729, ...,  0.08258643,
          0.12016765,  0.        ]],

       [[ 0.        ,  0.16406275,  0.084917  , ...,  0.7669004 ,
          0.04273059,  0.06147965],
        [-0.16406275,  0.        , -0.0797038 , ...,  0.6512189 ,
         -0.12176132, -0.10310581],
        [-0.084917  ,  0.0797038 ,  0.        , ...,  0.70963352,
         -0.04226319, -0.02349878],
        ...,
        [-0.7669004 , -0.6512189 , -0.70963352, ...,  0.        ,
         -0.73877689, -0.72599413],
        [-0.04273059,  0.12176132,  0.04226319, ...,  0.73877689,
          0.        ,  0.01877373],
        [-0.06147965,  0.10310581,  0.02349878, ...,  0.72599413,
         -0.01877373,  0.        ]],

       [[ 0.        ,  0.28677056,  0.40088993, ..., -0.99989497,
         -0.99699777, -0.97853492],
        [-0.28677056,  0.        ,  0.12133424, ..., -0.95374244,
         -0.93291841, -0.87833777],
        [-0.40088993, -0.12133424,  0.        , ..., -0.91021982,
         -0.88233476, -0.81384567],
        ...,
        [ 0.99989497,  0.95374244,  0.91021982, ...,  0.        ,
         -0.0629725 , -0.19187732],
        [ 0.99699777,  0.93291841,  0.88233476, ...,  0.0629725 ,
          0.        , -0.12969409],
        [ 0.97853492,  0.87833777,  0.81384567, ...,  0.19187732,
          0.12969409,  0.        ]],

       ...,

       [[ 0.        ,  0.15059867,  0.56470483, ..., -0.93642724,
         -0.86488208, -0.84671467],
        [-0.15059867,  0.        ,  0.43397634, ..., -0.97858659,
         -0.93061486, -0.91718348],
        [-0.56470483, -0.43397634,  0.        , ..., -0.97096017,
         -0.99724884, -0.9992373 ],
        ...,
        [ 0.93642724,  0.97858659,  0.97096017, ...,  0.        ,
          0.16660903,  0.20114366],
        [ 0.86488208,  0.93061486,  0.99724884, ..., -0.16660903,
          0.        ,  0.03512845],
        [ 0.84671467,  0.91718348,  0.9992373 , ..., -0.20114366,
         -0.03512845,  0.        ]],

       [[ 0.        ,  0.17029049,  0.36089251, ..., -0.86723803,
         -0.9160129 , -0.99139471],
        [-0.17029049,  0.        ,  0.19680711, ..., -0.93935764,
         -0.97094535, -0.99920645],
        [-0.36089251, -0.19680711,  0.        , ..., -0.98847875,
         -0.99905203, -0.97182526],
        ...,
        [ 0.86723803,  0.93935764,  0.98847875, ...,  0.        ,
         -0.10818559, -0.3800821 ],
        [ 0.9160129 ,  0.97094535,  0.99905203, ...,  0.10818559,
          0.        , -0.27778473],
        [ 0.99139471,  0.99920645,  0.97182526, ...,  0.3800821 ,
          0.27778473,  0.        ]],

       [[ 0.        , -0.1074457 , -0.39116685, ...,  0.78592574,
          0.79051637,  0.79375839],
        [ 0.1074457 ,  0.        , -0.29001796, ...,  0.84781191,
          0.85174417,  0.85451533],
        [ 0.39116685,  0.29001796,  0.        , ...,  0.96516964,
          0.96709443,  0.96843221],
        ...,
        [-0.78592574, -0.84781191, -0.96516964, ...,  0.        ,
          0.0074597 ,  0.01277127],
        [-0.79051637, -0.85174417, -0.96709443, ..., -0.0074597 ,
          0.        ,  0.00531182],
        [-0.79375839, -0.85451533, -0.96843221, ..., -0.01277127,
         -0.00531182,  0.        ]]]), 'num': array([7.06734425e-01, 6.98177607e-01, 4.16390152e-07, 8.55681763e-03,
       8.64009566e-03, 8.28616403e-03, 1.11558000e-01, 6.24585228e-05,
       8.49435911e-03, 8.72129174e-03, 1.05631242e-02, 2.06759248e-05,
       9.36996559e-03, 8.07261789e-03])}
{'img': array([[[ 0.        ,  0.29373387,  0.21174999, ..., -0.99608536,
         -0.99948975, -0.99994219],
        [-0.29373387,  0.        , -0.084664  , ..., -0.97811036,
         -0.94601729, -0.95899039],
        [-0.21174999,  0.084664  ,  0.        , ..., -0.99221597,
         -0.97006164, -0.97954424],
        ...,
        [ 0.99608536,  0.97811036,  0.99221597, ...,  0.        ,
         -0.12016765, -0.07768097],
        [ 0.99948975,  0.94601729,  0.97006164, ...,  0.12016765,
          0.        ,  0.04268648],
        [ 0.99994219,  0.95899039,  0.97954424, ...,  0.07768097,
         -0.04268648,  0.        ]],

       [[ 0.        , -0.0797038 ,  0.7798753 , ..., -0.12176132,
         -0.10310581, -0.47673391],
        [ 0.0797038 ,  0.        ,  0.82728359, ..., -0.04226319,
         -0.02349878, -0.40515379],
        [-0.7798753 , -0.82728359,  0.        , ..., -0.85028723,
         -0.8402564 , -0.98395195],
        ...,
        [ 0.12176132,  0.04226319,  0.85028723, ...,  0.        ,
          0.01877373, -0.36615273],
        [ 0.10310581,  0.02349878,  0.8402564 , ..., -0.01877373,
          0.        , -0.38355819],
        [ 0.47673391,  0.40515379,  0.98395195, ...,  0.36615273,
          0.38355819,  0.        ]],

       [[ 0.        ,  0.12133424,  0.19292546, ..., -0.93291841,
         -0.87833777, -0.94124802],
        [-0.12133424,  0.        ,  0.07244529, ..., -0.88233476,
         -0.81384567, -0.89331728],
        [-0.19292546, -0.07244529,  0.        , ..., -0.84592195,
         -0.76961061, -0.85841115],
        ...,
        [ 0.93291841,  0.88233476,  0.84592195, ...,  0.        ,
         -0.12969409,  0.02387038],
        [ 0.87833777,  0.81384567,  0.76961061, ...,  0.12969409,
          0.        ,  0.15332591],
        [ 0.94124802,  0.89331728,  0.85841115, ..., -0.02387038,
         -0.15332591,  0.        ]],

       ...,

       [[ 0.        ,  0.43397634,  0.14997873, ..., -0.93061486,
         -0.91718348, -0.90565359],
        [-0.43397634,  0.        , -0.29394825, ..., -0.99724884,
         -0.9992373 , -0.99993924],
        [-0.14997873,  0.29394825,  0.        , ..., -0.9749811 ,
         -0.96657072, -0.95900368],
        ...,
        [ 0.93061486,  0.99724884,  0.9749811 , ...,  0.        ,
          0.03512845,  0.06312861],
        [ 0.91718348,  0.9992373 ,  0.96657072, ..., -0.03512845,
          0.        ,  0.02803127],
        [ 0.90565359,  0.99993924,  0.95900368, ..., -0.06312861,
         -0.02803127,  0.        ]],

       [[ 0.        ,  0.19455789,  0.34842165, ..., -0.95212536,
         -0.98424024, -0.99862061],
        [-0.19455789,  0.        ,  0.15939719, ..., -0.99340911,
         -0.99983737, -0.96932256],
        [-0.34842165, -0.15939719,  0.        , ..., -0.99897843,
         -0.98417936, -0.91775074],
        ...,
        [ 0.95212536,  0.99340911,  0.99897843, ...,  0.        ,
         -0.13251946, -0.35527844],
        [ 0.98424024,  0.99983737,  0.98417936, ...,  0.13251946,
          0.        , -0.22827107],
        [ 0.99862061,  0.96932256,  0.91775074, ...,  0.35527844,
          0.22827107,  0.        ]],

       [[ 0.        , -0.29001796, -0.25604131, ...,  0.85174417,
          0.85451533,  0.85556723],
        [ 0.29001796,  0.        ,  0.03531349, ...,  0.96709443,
          0.96843221,  0.96893587],
        [ 0.25604131, -0.03531349,  0.        , ...,  0.95750686,
          0.95902534,  0.95959808],
        ...,
        [-0.85174417, -0.96709443, -0.95750686, ...,  0.        ,
          0.00531182,  0.00734028],
        [-0.85451533, -0.96843221, -0.95902534, ..., -0.00531182,
          0.        ,  0.0020285 ],
        [-0.85556723, -0.96893587, -0.95959808, ..., -0.00734028,
         -0.0020285 ,  0.        ]]]), 'num': array([ 7.13609708e-01,  7.00490697e-01,  6.44668845e-07,  4.68536107e-04,
        4.80048050e-04,  4.59326552e-04,  8.48833165e-03, -4.60477746e-06,
        4.73601362e-04,  4.80335849e-04,  5.80413012e-04,  1.29509366e-06,
        5.14855367e-04,  4.45816330e-04])}
{'img': array([[[ 0.        , -0.084664  , -0.32610638, ..., -0.94601729,
         -0.95899039, -0.94106404],
        [ 0.084664  ,  0.        , -0.24489983, ..., -0.97006164,
         -0.97954424, -0.96632098],
        [ 0.32610638,  0.24489983,  0.        , ..., -0.99999779,
         -0.99899647, -0.99991742],
        ...,
        [ 0.94601729,  0.97006164,  0.99999779, ...,  0.        ,
          0.04268648, -0.01495588],
        [ 0.95899039,  0.97954424,  0.99899647, ..., -0.04268648,
          0.        , -0.05762395],
        [ 0.94106404,  0.96632098,  0.99991742, ...,  0.01495588,
          0.05762395,  0.        ]],

       [[ 0.        ,  0.82728359,  0.2245884 , ..., -0.02349878,
         -0.40515379, -0.33534271],
        [-0.82728359,  0.        , -0.67997929, ..., -0.8402564 ,
         -0.98395195, -0.96777108],
        [-0.2245884 ,  0.67997929,  0.        , ..., -0.24742486,
         -0.60013323, -0.53835983],
        ...,
        [ 0.02349878,  0.8402564 ,  0.24742486, ...,  0.        ,
         -0.38355819, -0.313112  ],
        [ 0.40515379,  0.98395195,  0.60013323, ...,  0.38355819,
          0.        ,  0.07510726],
        [ 0.33534271,  0.96777108,  0.53835983, ...,  0.313112  ,
         -0.07510726,  0.        ]],

       [[ 0.        ,  0.07244529,  0.08564606, ..., -0.81384567,
         -0.89331728, -0.9446277 ],
        [-0.07244529,  0.        ,  0.01324192, ..., -0.76961061,
         -0.85841115, -0.91837309],
        [-0.08564606, -0.01324192,  0.        , ..., -0.76108799,
         -0.85154328, -0.91305253],
        ...,
        [ 0.81384567,  0.76961061,  0.76108799, ...,  0.        ,
          0.15332591,  0.28184667],
        [ 0.89331728,  0.85841115,  0.85154328, ..., -0.15332591,
          0.        ,  0.13140403],
        [ 0.9446277 ,  0.91837309,  0.91305253, ..., -0.28184667,
         -0.13140403,  0.        ]],

       ...,

       [[ 0.        , -0.29394825, -0.66567826, ..., -0.9992373 ,
         -0.99993924, -0.98666862],
        [ 0.29394825,  0.        , -0.41691387, ..., -0.96657072,
         -0.95900368, -0.89524112],
        [ 0.66567826,  0.41691387,  0.        , ..., -0.7716638 ,
         -0.75353183, -0.6279565 ],
        ...,
        [ 0.9992373 ,  0.96657072,  0.7716638 , ...,  0.        ,
          0.02803127,  0.20114657],
        [ 0.99993924,  0.95900368,  0.75353183, ..., -0.02803127,
          0.        ,  0.17360919],
        [ 0.98666862,  0.89524112,  0.6279565 , ..., -0.20114657,
         -0.17360919,  0.        ]],

       [[ 0.        ,  0.15825451,  0.26202311, ..., -0.99892976,
         -0.99820602, -0.96746544],
        [-0.15825451,  0.        ,  0.10599584, ..., -0.99366134,
         -0.97615184, -0.91523489],
        [-0.26202311, -0.10599584,  0.        , ..., -0.97614809,
         -0.94764225, -0.86737106],
        ...,
        [ 0.99892976,  0.99366134,  0.97614809, ...,  0.        ,
         -0.10597865, -0.29748054],
        [ 0.99820602,  0.97615184,  0.94764225, ...,  0.10597865,
          0.        , -0.19462448],
        [ 0.96746544,  0.91523489,  0.86737106, ...,  0.29748054,
          0.19462448,  0.        ]],

       [[ 0.        ,  0.03531349,  0.28902078, ...,  0.96843221,
          0.96893587,  0.9679979 ],
        [-0.03531349,  0.        ,  0.25503411, ...,  0.95902534,
          0.95959808,  0.95853193],
        [-0.28902078, -0.25503411,  0.        , ...,  0.855056  ,
          0.85610609,  0.85415432],
        ...,
        [-0.96843221, -0.95902534, -0.855056  , ...,  0.        ,
          0.0020285 , -0.00173641],
        [-0.96893587, -0.95959808, -0.85610609, ..., -0.0020285 ,
          0.        , -0.00376491],
        [-0.9679979 , -0.95853193, -0.85415432, ...,  0.00173641,
          0.00376491,  0.        ]]]), 'num': array([ 7.12651846e-01,  7.01463350e-01,  5.75244002e-07,  4.47539833e-04,
        4.64797153e-04,  4.47539833e-04,  8.64090122e-03, -2.07087841e-05,
        4.67558325e-04,  4.76186985e-04,  5.75454925e-04,  8.57991054e-07,
        5.06919446e-04,  4.45454523e-04])}
{'img': array([[[ 0.00000000e+00, -2.44350575e-01, -1.94383560e-01, ...,
         -9.81691067e-01, -9.69444633e-01, -7.20523368e-01],
        [ 2.44350575e-01,  0.00000000e+00,  5.11985313e-02, ...,
         -9.98476934e-01, -9.99999510e-01, -8.68122293e-01],
        [ 1.94383560e-01, -5.11985313e-02,  0.00000000e+00, ...,
         -9.99992088e-01, -9.98637331e-01, -8.41571337e-01],
        ...,
        [ 9.81691067e-01,  9.98476934e-01,  9.99992088e-01, ...,
          0.00000000e+00, -5.61589919e-02, -5.43489357e-01],
        [ 9.69444633e-01,  9.99999510e-01,  9.98637331e-01, ...,
          5.61589919e-02,  0.00000000e+00, -4.95490883e-01],
        [ 7.20523368e-01,  8.68122293e-01,  8.41571337e-01, ...,
          5.43489357e-01,  4.95490883e-01,  0.00000000e+00]],

       [[ 0.00000000e+00, -6.79979286e-01, -5.29747224e-01, ...,
         -9.83951954e-01, -9.67771082e-01, -9.66624849e-01],
        [ 6.79979286e-01,  0.00000000e+00,  1.88300964e-01, ...,
         -6.00133233e-01, -5.38359828e-01, -5.34551629e-01],
        [ 5.29747224e-01, -1.88300964e-01,  0.00000000e+00, ...,
         -7.40019625e-01, -6.87413370e-01, -6.84129123e-01],
        ...,
        [ 9.83951954e-01,  6.00133233e-01,  7.40019625e-01, ...,
          0.00000000e+00,  7.51072640e-02,  7.96062135e-02],
        [ 9.67771082e-01,  5.38359828e-01,  6.87413370e-01, ...,
         -7.51072640e-02,  0.00000000e+00,  4.51245984e-03],
        [ 9.66624849e-01,  5.34551629e-01,  6.84129123e-01, ...,
         -7.96062135e-02, -4.51245984e-03,  0.00000000e+00]],

       [[ 0.00000000e+00,  1.32351165e-02,  8.88386213e-02, ...,
         -8.63591323e-01, -9.20501633e-01, -7.69357421e-01],
        [-1.32351165e-02,  0.00000000e+00,  7.56480547e-02, ...,
         -8.56842637e-01, -9.15249536e-01, -7.60835196e-01],
        [-8.88386213e-02, -7.56480547e-02,  0.00000000e+00, ...,
         -8.15384949e-01, -8.82149312e-01, -7.09563646e-01],
        ...,
        [ 8.63591323e-01,  8.56842637e-01,  8.15384949e-01, ...,
          0.00000000e+00,  1.26671410e-01, -1.63773968e-01],
        [ 9.20501633e-01,  9.15249536e-01,  8.82149312e-01, ...,
         -1.26671410e-01,  0.00000000e+00, -2.87415804e-01],
        [ 7.69357421e-01,  7.60835196e-01,  7.09563646e-01, ...,
          1.63773968e-01,  2.87415804e-01,  0.00000000e+00]],

       ...,

       [[ 0.00000000e+00, -6.18628766e-01, -5.59356940e-01, ...,
         -9.99935978e-01, -9.81975815e-01, -9.46772960e-01],
        [ 6.18628766e-01,  0.00000000e+00,  7.33205506e-02, ...,
         -7.78633038e-01, -6.54597199e-01, -9.43001724e-01],
        [ 5.59356940e-01, -7.33205506e-02,  0.00000000e+00, ...,
         -8.22544436e-01, -7.08264015e-01, -9.64863753e-01],
        ...,
        [ 9.99935978e-01,  7.78633038e-01,  8.22544436e-01, ...,
          0.00000000e+00,  1.77882968e-01, -3.32594695e-01],
        [ 9.81975815e-01,  6.54597199e-01,  7.08264015e-01, ...,
         -1.77882968e-01,  0.00000000e+00, -4.95046425e-01],
        [ 9.46772960e-01,  9.43001724e-01,  9.64863753e-01, ...,
          3.32594695e-01,  4.95046425e-01,  0.00000000e+00]],

       [[ 0.00000000e+00,  1.04398261e-01,  2.06802768e-01, ...,
         -9.97312018e-01, -9.91347545e-01, -9.09351440e-01],
        [-1.04398261e-01,  0.00000000e+00,  1.03531262e-01, ...,
         -9.84212843e-01, -9.72226741e-01, -8.60949671e-01],
        [-2.06802768e-01, -1.03531262e-01,  0.00000000e+00, ...,
         -9.60599994e-01, -9.42771635e-01, -8.03657768e-01],
        ...,
        [ 9.97312018e-01,  9.84212843e-01,  9.60599994e-01, ...,
          0.00000000e+00, -5.82727392e-02, -3.48280818e-01],
        [ 9.91347545e-01,  9.72226741e-01,  9.42771635e-01, ...,
          5.82727392e-02,  0.00000000e+00, -2.93064687e-01],
        [ 9.09351440e-01,  8.60949671e-01,  8.03657768e-01, ...,
          3.48280818e-01,  2.93064687e-01,  0.00000000e+00]],

       [[ 0.00000000e+00,  2.86990525e-01,  4.20806572e-01, ...,
          9.68836476e-01,  9.67896644e-01,  9.67744704e-01],
        [-2.86990525e-01,  0.00000000e+00,  1.42761112e-01, ...,
          8.56992943e-01,  8.55045895e-01,  8.54732637e-01],
        [-4.20806572e-01, -1.42761112e-01,  0.00000000e+00, ...,
          7.74646095e-01,  7.72258703e-01,  7.71874963e-01],
        ...,
        [-9.68836476e-01, -8.56992943e-01, -7.74646095e-01, ...,
          0.00000000e+00, -3.76647126e-03, -4.37026660e-03],
        [-9.67896644e-01, -8.55045895e-01, -7.72258703e-01, ...,
          3.76647126e-03,  0.00000000e+00, -6.03800318e-04],
        [-9.67744704e-01, -8.54732637e-01, -7.71874963e-01, ...,
          4.37026660e-03,  6.03800318e-04,  0.00000000e+00]]]), 'num': array([7.10775389e-01, 7.03397344e-01, 3.67066915e-07, 4.61127812e-04,
       4.62274896e-04, 4.47362802e-04, 5.35607983e-03, 1.49120934e-05,
       4.62733729e-04, 4.72426590e-04, 5.69565496e-04, 9.78133736e-07,
       4.99467380e-04, 4.45385800e-04])}
{'img': array([[[ 0.00000000e+00,  5.11985313e-02, -1.13987036e-01, ...,
         -9.99999510e-01, -8.68122293e-01, -9.96783261e-01],
        [-5.11985313e-02,  0.00000000e+00, -1.64702373e-01, ...,
         -9.98637331e-01, -8.41571337e-01, -9.91372698e-01],
        [ 1.13987036e-01,  1.64702373e-01,  0.00000000e+00, ...,
         -9.93594571e-01, -9.19041585e-01, -9.99421891e-01],
        ...,
        [ 9.99999510e-01,  9.98637331e-01,  9.93594571e-01, ...,
          0.00000000e+00, -4.95490883e-01, -7.91578115e-02],
        [ 8.68122293e-01,  8.41571337e-01,  9.19041585e-01, ...,
          4.95490883e-01,  0.00000000e+00,  4.25178566e-01],
        [ 9.96783261e-01,  9.91372698e-01,  9.99421891e-01, ...,
          7.91578115e-02, -4.25178566e-01,  0.00000000e+00]],

       [[ 0.00000000e+00,  1.88300964e-01,  9.61831019e-01, ...,
         -5.38359828e-01, -5.34551629e-01, -6.24934111e-01],
        [-1.88300964e-01,  0.00000000e+00,  8.93097734e-01, ...,
         -6.87413370e-01, -6.84129123e-01, -7.60757223e-01],
        [-9.61831019e-01, -8.93097734e-01,  0.00000000e+00, ...,
         -9.57868487e-01, -9.59154745e-01, -9.21889364e-01],
        ...,
        [ 5.38359828e-01,  6.87413370e-01,  9.57868487e-01, ...,
          0.00000000e+00,  4.51245984e-03, -1.06355991e-01],
        [ 5.34551629e-01,  6.84129123e-01,  9.59154745e-01, ...,
         -4.51245984e-03,  0.00000000e+00, -1.10841774e-01],
        [ 6.24934111e-01,  7.60757223e-01,  9.21889364e-01, ...,
          1.06355991e-01,  1.10841774e-01,  0.00000000e+00]],

       [[ 0.00000000e+00,  7.50844931e-02,  3.35065930e-02, ...,
         -9.41152863e-01, -8.83317460e-01, -7.57070377e-01],
        [-7.50844931e-02,  0.00000000e+00, -4.16303231e-02, ...,
         -9.13119007e-01, -8.45626255e-01, -7.05878098e-01],
        [-3.35065930e-02,  4.16303231e-02,  0.00000000e+00, ...,
         -9.29299804e-01, -8.67114411e-01, -7.34754305e-01],
        ...,
        [ 9.41152863e-01,  9.13119007e-01,  9.29299804e-01, ...,
          0.00000000e+00, -1.42644509e-01, -3.59010987e-01],
        [ 8.83317460e-01,  8.45626255e-01,  8.67114411e-01, ...,
          1.42644509e-01,  0.00000000e+00, -2.22204860e-01],
        [ 7.57070377e-01,  7.05878098e-01,  7.34754305e-01, ...,
          3.59010987e-01,  2.22204860e-01,  0.00000000e+00]],

       ...,

       [[ 0.00000000e+00,  1.21146675e-01, -6.28148038e-02, ...,
         -7.52849619e-01, -9.85973715e-01, -9.47830706e-01],
        [-1.21146675e-01,  0.00000000e+00, -1.83259584e-01, ...,
         -8.27042434e-01, -9.98931102e-01, -9.79467997e-01],
        [ 6.28148038e-02,  1.83259584e-01,  0.00000000e+00, ...,
         -7.10018655e-01, -9.73542781e-01, -9.25935195e-01],
        ...,
        [ 7.52849619e-01,  8.27042434e-01,  7.10018655e-01, ...,
          0.00000000e+00, -5.23309461e-01, -3.83866133e-01],
        [ 9.85973715e-01,  9.98931102e-01,  9.73542781e-01, ...,
          5.23309461e-01,  0.00000000e+00,  1.56109343e-01],
        [ 9.47830706e-01,  9.79467997e-01,  9.25935195e-01, ...,
          3.83866133e-01, -1.56109343e-01,  0.00000000e+00]],

       [[ 0.00000000e+00,  1.02406604e-01,  1.70360946e-01, ...,
         -9.89009867e-01, -9.60352387e-01, -8.55986818e-01],
        [-1.02406604e-01,  0.00000000e+00,  6.85556980e-02, ...,
         -9.68669501e-01, -9.26753622e-01, -7.98542600e-01],
        [-1.70360946e-01, -6.85556980e-02,  0.00000000e+00, ...,
         -9.49364465e-01, -8.98818941e-01, -7.55397561e-01],
        ...,
        [ 9.89009867e-01,  9.68669501e-01,  9.49364465e-01, ...,
          0.00000000e+00, -1.33737396e-01, -3.84758524e-01],
        [ 9.60352387e-01,  9.26753622e-01,  8.98818941e-01, ...,
          1.33737396e-01,  0.00000000e+00, -2.57860238e-01],
        [ 8.55986818e-01,  7.98542600e-01,  7.55397561e-01, ...,
          3.84758524e-01,  2.57860238e-01,  0.00000000e+00]],

       [[ 0.00000000e+00,  3.17895117e-01,  4.82988281e-01, ...,
          9.60513322e-01,  9.60340208e-01,  9.62760177e-01],
        [-3.17895117e-01,  0.00000000e+00,  1.79576202e-01, ...,
          8.22238313e-01,  8.21884420e-01,  8.26872714e-01],
        [-4.82988281e-01, -1.79576202e-01,  0.00000000e+00, ...,
          7.06667460e-01,  7.06227568e-01,  7.12439424e-01],
        ...,
        [-9.60513322e-01, -8.22238313e-01, -7.06667460e-01, ...,
          0.00000000e+00, -6.21521350e-04,  8.19123258e-03],
        [-9.60340208e-01, -8.21884420e-01, -7.06227568e-01, ...,
          6.21521350e-04,  0.00000000e+00,  8.81273149e-03],
        [-9.62760177e-01, -8.26872714e-01, -7.12439424e-01, ...,
         -8.19123258e-03, -8.81273149e-03,  0.00000000e+00]]]), 'num': array([ 7.72575159e-01,  6.34880652e-01,  7.13443040e-06,  4.84839812e-04,
        5.07448923e-04,  4.82327689e-04,  7.21280865e-03, -2.00969870e-05,
        5.01168614e-04,  5.14859687e-04,  6.19322151e-04,  8.24876334e-07,
        5.46624888e-04,  4.83094485e-04])}
{'img': array([[[ 0.        , -0.16349772,  0.8383539 , ..., -0.93303987,
         -0.99585195, -0.8383539 ],
        [ 0.16349772,  0.        ,  0.91619968, ..., -0.97930668,
         -0.99732788, -0.91619968],
        [-0.8383539 , -0.91619968,  0.        , ..., -0.20700753,
         -0.46658468, -0.        ],
        ...,
        [ 0.93303987,  0.97930668,  0.20700753, ...,  0.        ,
          0.27338485, -0.20700753],
        [ 0.99585195,  0.99732788,  0.46658468, ..., -0.27338485,
          0.        , -0.46658468],
        [ 0.8383539 ,  0.91619968,  0.        , ...,  0.20700753,
          0.46658468,  0.        ]],

       [[ 0.        ,  0.89309773,  0.71925315, ..., -0.68412912,
         -0.76075722, -0.72921741],
        [-0.89309773,  0.        , -0.29691278, ..., -0.95915475,
         -0.92188936, -0.93917848],
        [-0.71925315,  0.29691278,  0.        , ..., -0.99989254,
         -0.99535621, -0.99879445],
        ...,
        [ 0.68412912,  0.95915475,  0.99989254, ...,  0.        ,
         -0.11084177, -0.06372537],
        [ 0.76075722,  0.92188936,  0.99535621, ...,  0.11084177,
          0.        ,  0.04728379],
        [ 0.72921741,  0.93917848,  0.99879445, ...,  0.06372537,
         -0.04728379,  0.        ]],

       [[ 0.        , -0.04118706,  0.0381193 , ..., -0.90269337,
         -0.8651049 , -0.70056939],
        [ 0.04118706,  0.        ,  0.07924408, ..., -0.91964955,
         -0.88502987, -0.72936536],
        [-0.0381193 , -0.07924408,  0.        , ..., -0.88563515,
         -0.84535584, -0.67285887],
        ...,
        [ 0.90269337,  0.91964955,  0.88563515, ...,  0.        ,
         -0.08054171, -0.34270373],
        [ 0.8651049 ,  0.88502987,  0.84535584, ...,  0.08054171,
          0.        , -0.26592597],
        [ 0.70056939,  0.72936536,  0.67285887, ...,  0.34270373,
          0.26592597,  0.        ]],

       ...,

       [[ 0.        , -0.18325958,  0.32236889, ..., -0.9989311 ,
         -0.979468  , -0.99597177],
        [ 0.18325958,  0.        ,  0.49038554, ..., -0.97354278,
         -0.9259352 , -0.99553694],
        [-0.32236889, -0.49038554,  0.        , ..., -0.96050345,
         -0.99216771, -0.913895  ],
        ...,
        [ 0.9989311 ,  0.97354278,  0.96050345, ...,  0.        ,
          0.15610934, -0.1356092 ],
        [ 0.979468  ,  0.9259352 ,  0.99216771, ..., -0.15610934,
          0.        , -0.28861387],
        [ 0.99597177,  0.99553694,  0.913895  , ...,  0.1356092 ,
          0.28861387,  0.        ]],

       [[ 0.        ,  0.06852368,  0.25571127, ..., -0.92875666,
         -0.83033067, -0.79831391],
        [-0.06852368,  0.        ,  0.18886474, ..., -0.90117256,
         -0.79019271, -0.75516966],
        [-0.25571127, -0.18886474,  0.        , ..., -0.80308886,
         -0.66022435, -0.61777257],
        ...,
        [ 0.92875666,  0.90117256,  0.80308886, ...,  0.        ,
         -0.20977389, -0.26340888],
        [ 0.83033067,  0.79019271,  0.66022435, ...,  0.20977389,
          0.        , -0.05518244],
        [ 0.79831391,  0.75516966,  0.61777257, ...,  0.26340888,
          0.05518244,  0.        ]],

       [[ 0.        ,  0.37857542,  0.47947183, ...,  0.94979159,
          0.95261344,  0.942761  ],
        [-0.37857542,  0.        ,  0.11156334, ...,  0.76064912,
          0.76655443,  0.74634849],
        [-0.47947183, -0.11156334,  0.        , ...,  0.68347781,
          0.6901254 ,  0.6674377 ],
        ...,
        [-0.94979159, -0.76064912, -0.68347781, ...,  0.        ,
          0.0091458 , -0.02175209],
        [-0.95261344, -0.76655443, -0.6901254 , ..., -0.0091458 ,
          0.        , -0.03089482],
        [-0.942761  , -0.74634849, -0.6674377 , ...,  0.02175209,
          0.03089482,  0.        ]]]), 'num': array([8.08772544e-01, 5.88007887e-01, 1.10107061e-05, 5.21902263e-04,
       5.31012776e-04, 5.12791749e-04, 1.14608696e-02, 1.95225285e-05,
       5.16696255e-04, 5.32769804e-04, 6.37410557e-04, 1.08152975e-06,
       5.66036101e-04, 4.99503507e-04])}
{'img': array([[[ 0.        ,  0.91619968,  0.53198113, ..., -0.99732788,
         -0.91619968, -0.99835241],
        [-0.91619968,  0.        , -0.56262122, ..., -0.46658468,
         -0.        , -0.4526333 ],
        [-0.53198113,  0.56262122,  0.        , ..., -0.88335772,
         -0.56262122, -0.87588616],
        ...,
        [ 0.99732788,  0.46658468,  0.88335772, ...,  0.        ,
         -0.46658468, -0.01570851],
        [ 0.91619968,  0.        ,  0.56262122, ...,  0.46658468,
          0.        ,  0.4526333 ],
        [ 0.99835241,  0.4526333 ,  0.87588616, ...,  0.01570851,
         -0.4526333 ,  0.        ]],

       [[ 0.        , -0.29691278, -0.61088592, ..., -0.92188936,
         -0.93917848, -0.96970347],
        [ 0.29691278,  0.        , -0.34826639, ..., -0.99535621,
         -0.99879445, -0.99850566],
        [ 0.61088592,  0.34826639,  0.        , ..., -0.9665667 ,
         -0.95336131, -0.91696259],
        ...,
        [ 0.92188936,  0.99535621,  0.9665667 , ...,  0.        ,
          0.04728379,  0.15051096],
        [ 0.93917848,  0.99879445,  0.95336131, ..., -0.04728379,
          0.        ,  0.10359746],
        [ 0.96970347,  0.99850566,  0.91696259, ..., -0.15051096,
         -0.10359746,  0.        ]],

       [[ 0.        ,  0.07886881,  0.12333463, ..., -0.90763446,
         -0.83838026, -0.72695197],
        [-0.07886881,  0.        ,  0.04468379, ..., -0.87170109,
         -0.79277844, -0.67052922],
        [-0.12333463, -0.04468379,  0.        , ..., -0.84893367,
         -0.76475138, -0.63670934],
        ...,
        [ 0.90763446,  0.87170109,  0.84893367, ...,  0.        ,
         -0.14281894, -0.31811555],
        [ 0.83838026,  0.79277844,  0.76475138, ...,  0.14281894,
          0.        , -0.17945472],
        [ 0.72695197,  0.67052922,  0.63670934, ...,  0.31811555,
          0.17945472,  0.        ]],

       ...,

       [[ 0.        ,  0.49038554, -0.0420234 , ..., -0.9259352 ,
         -0.99553694, -0.93735972],
        [-0.49038554,  0.        , -0.52657597, ..., -0.99216771,
         -0.913895  , -0.98774641],
        [ 0.0420234 ,  0.52657597,  0.        , ..., -0.90924575,
         -0.99069166, -0.92189229],
        ...,
        [ 0.9259352 ,  0.99216771,  0.90924575, ...,  0.        ,
         -0.28861387, -0.03146277],
        [ 0.99553694,  0.913895  ,  0.99069166, ...,  0.28861387,
          0.        ,  0.2583471 ],
        [ 0.93735972,  0.98774641,  0.92189229, ...,  0.03146277,
         -0.2583471 ,  0.        ]],

       [[ 0.        ,  0.18876619,  0.31824505, ..., -0.80594471,
         -0.79306525, -0.75489757],
        [-0.18876619,  0.        ,  0.13357171, ..., -0.67970764,
         -0.66382316, -0.61752514],
        [-0.31824505, -0.13357171,  0.        , ..., -0.57564428,
         -0.55797785, -0.50693061],
        ...,
        [ 0.80594471,  0.67970764,  0.57564428, ...,  0.        ,
         -0.02144316, -0.08168054],
        [ 0.79306525,  0.66382316,  0.55797785, ...,  0.02144316,
          0.        , -0.06029025],
        [ 0.75489757,  0.61752514,  0.50693061, ...,  0.08168054,
          0.06029025,  0.        ]],

       [[ 0.        ,  0.31185118,  0.5378346 , ...,  0.93502018,
          0.92291153,  0.92004226],
        [-0.31185118,  0.        ,  0.24810705, ...,  0.77781091,
          0.75682034,  0.75197137],
        [-0.5378346 , -0.24810705,  0.        , ...,  0.59755594,
          0.57098809,  0.56490809],
        ...,
        [-0.93502018, -0.77781091, -0.59755594, ...,  0.        ,
         -0.03273473, -0.04011689],
        [-0.92291153, -0.75682034, -0.57098809, ...,  0.03273473,
          0.        , -0.00738701],
        [-0.92004226, -0.75197137, -0.56490809, ...,  0.04011689,
          0.00738701,  0.        ]]]), 'num': array([7.62548949e-01, 6.46888497e-01, 5.76860110e-06, 4.92172136e-04,
       4.99536308e-04, 4.86035327e-04, 7.23144470e-03, 0.00000000e+00,
       4.85789854e-04, 5.01745560e-04, 5.97438879e-04, 1.04193315e-06,
       5.33387703e-04, 4.70103417e-04])}
{'img': array([[[ 0.        , -0.56262122, -0.29114578, ..., -0.        ,
         -0.4526333 , -0.4526333 ],
        [ 0.56262122,  0.        ,  0.29755321, ..., -0.56262122,
         -0.87588616, -0.87588616],
        [ 0.29114578, -0.29755321,  0.        , ..., -0.29114578,
         -0.69263838, -0.69263838],
        ...,
        [ 0.        ,  0.56262122,  0.29114578, ...,  0.        ,
          0.4526333 ,  0.4526333 ],
        [ 0.4526333 ,  0.87588616,  0.69263838, ..., -0.4526333 ,
          0.        ,  0.        ],
        [ 0.4526333 ,  0.87588616,  0.69263838, ..., -0.4526333 ,
          0.        ,  0.        ]],

       [[ 0.        , -0.34826639, -0.78705749, ..., -0.99879445,
         -0.99850566, -0.99906886],
        [ 0.34826639,  0.        , -0.52294578, ..., -0.95336131,
         -0.91696259, -0.95154838],
        [ 0.78705749,  0.52294578,  0.        , ..., -0.65477125,
         -0.57294635, -0.65026211],
        ...,
        [ 0.99879445,  0.95336131,  0.65477125, ...,  0.        ,
          0.10359746,  0.0059505 ],
        [ 0.99850566,  0.91696259,  0.57294635, ..., -0.10359746,
          0.        , -0.09767715],
        [ 0.99906886,  0.95154838,  0.65026211, ..., -0.0059505 ,
          0.09767715,  0.        ]],

       [[ 0.        ,  0.0445605 ,  0.22370302, ..., -0.81971607,
         -0.76587499, -0.66914253],
        [-0.0445605 ,  0.        ,  0.18004959, ..., -0.79337891,
         -0.73646231, -0.63536344],
        [-0.22370302, -0.18004959,  0.        , ..., -0.6708119 ,
         -0.602627  , -0.48594335],
        ...,
        [ 0.81971607,  0.79337891,  0.6708119 , ...,  0.        ,
         -0.08839855, -0.22589413],
        [ 0.76587499,  0.73646231,  0.602627  , ...,  0.08839855,
          0.        , -0.13889619],
        [ 0.66914253,  0.63536344,  0.48594335, ...,  0.22589413,
          0.13889619,  0.        ]],

       ...,

       [[ 0.        , -0.52657597, -0.51387465, ..., -0.913895  ,
         -0.98774641, -0.99146796],
        [ 0.52657597,  0.        ,  0.01487197, ..., -0.99069166,
         -0.92189229, -0.91151426],
        [ 0.51387465, -0.01487197,  0.        , ..., -0.99260654,
         -0.92755242, -0.91752983],
        ...,
        [ 0.913895  ,  0.99069166,  0.99260654, ...,  0.        ,
          0.2583471 ,  0.28336026],
        [ 0.98774641,  0.92189229,  0.92755242, ..., -0.2583471 ,
          0.        ,  0.02598243],
        [ 0.99146796,  0.91151426,  0.91752983, ..., -0.28336026,
         -0.02598243,  0.        ]],

       [[ 0.        ,  0.13349385,  0.29865495, ..., -0.68471889,
         -0.66736186, -0.61723408],
        [-0.13349385,  0.        ,  0.16858054, ..., -0.58129912,
         -0.56197137, -0.50667938],
        [-0.29865495, -0.16858054,  0.        , ..., -0.43580721,
         -0.41448585, -0.35408862],
        ...,
        [ 0.68471889,  0.58129912,  0.43580721, ...,  0.        ,
         -0.023555  , -0.08887815],
        [ 0.66736186,  0.56197137,  0.41448585, ...,  0.023555  ,
          0.        , -0.06539171],
        [ 0.61723408,  0.50667938,  0.35408862, ...,  0.08887815,
          0.06539171,  0.        ]],

       [[ 0.        ,  0.45560678,  0.64950012, ...,  0.90732506,
          0.90405745,  0.90092782],
        [-0.45560678,  0.        ,  0.23174692, ...,  0.61613297,
          0.61004357,  0.60426976],
        [-0.64950012, -0.23174692,  0.        , ...,  0.4168258 ,
          0.40980701,  0.40316793],
        ...,
        [-0.90732506, -0.61613297, -0.4168258 , ...,  0.        ,
         -0.00770794, -0.01497398],
        [-0.90405745, -0.61004357, -0.40980701, ...,  0.00770794,
          0.        , -0.00726646],
        [-0.90092782, -0.60426976, -0.40316793, ...,  0.01497398,
          0.00726646,  0.        ]]]), 'num': array([8.17055187e-01, 5.76519577e-01, 1.17334444e-05, 5.35714054e-04,
       5.37020674e-04, 5.17421379e-04, 6.60475324e-03, 1.17595768e-05,
       5.22647858e-04, 5.35387399e-04, 6.30509310e-04, 1.19106825e-06,
       5.67338191e-04, 5.03436608e-04])}
{'img': array([[[ 0.        ,  0.34417274,  0.53204619, ..., -0.8590161 ,
         -0.8590161 , -0.91757305],
        [-0.34417274,  0.        ,  0.20812522, ..., -0.63033693,
         -0.63033693, -0.72468335],
        [-0.53204619, -0.20812522,  0.        , ..., -0.45496181,
         -0.45496181, -0.56539903],
        ...,
        [ 0.8590161 ,  0.63033693,  0.45496181, ...,  0.        ,
          0.        ,  0.12823355],
        [ 0.8590161 ,  0.63033693,  0.45496181, ...,  0.        ,
          0.        ,  0.12823355],
        [ 0.91757305,  0.72468335,  0.56539903, ..., -0.12823355,
         -0.12823355,  0.        ]],

       [[ 0.        , -0.52294578,  0.13920462, ..., -0.91696259,
         -0.95154838, -0.96177847],
        [ 0.52294578,  0.        ,  0.63650747, ..., -0.57294635,
         -0.65026211, -0.67658964],
        [-0.13920462, -0.63650747,  0.        , ..., -0.96357363,
         -0.98508906, -0.99053247],
        ...,
        [ 0.91696259,  0.57294635,  0.96357363, ...,  0.        ,
         -0.09767715, -0.13263311],
        [ 0.95154838,  0.65026211,  0.98508906, ...,  0.09767715,
          0.        , -0.03518469],
        [ 0.96177847,  0.67658964,  0.99053247, ...,  0.13263311,
          0.03518469,  0.        ]],

       [[ 0.        ,  0.18004959,  0.43201917, ..., -0.73646231,
         -0.63536344, -0.81324337],
        [-0.18004959,  0.        ,  0.26257859, ..., -0.602627  ,
         -0.48594335, -0.69517784],
        [-0.43201917, -0.26257859,  0.        , ..., -0.37193744,
         -0.23940076, -0.48203306],
        ...,
        [ 0.73646231,  0.602627  ,  0.37193744, ...,  0.        ,
         -0.13889619,  0.12157684],
        [ 0.63536344,  0.48594335,  0.23940076, ...,  0.13889619,
          0.        ,  0.25826425],
        [ 0.81324337,  0.69517784,  0.48203306, ..., -0.12157684,
         -0.25826425,  0.        ]],

       ...,

       [[ 0.        ,  0.12879789, -0.05467871, ..., -0.999296  ,
         -0.99786907, -0.98690021],
        [-0.12879789,  0.        , -0.18282849, ..., -0.99580481,
         -0.99796151, -0.99945939],
        [ 0.05467871,  0.18282849,  0.        , ..., -0.99574968,
         -0.99280857, -0.97660238],
        ...,
        [ 0.999296  ,  0.99580481,  0.99574968, ...,  0.        ,
          0.02776539,  0.12419299],
        [ 0.99786907,  0.99796151,  0.99280857, ..., -0.02776539,
          0.        ,  0.09659468],
        [ 0.98690021,  0.99945939,  0.97660238, ..., -0.12419299,
         -0.09659468,  0.        ]],

       [[ 0.        ,  0.16847284,  0.50639177, ..., -0.58658182,
         -0.56548843, -0.50639177],
        [-0.16847284,  0.        ,  0.35387883, ..., -0.44175293,
         -0.41845647, -0.35387883],
        [-0.50639177, -0.35387883,  0.        , ..., -0.09568995,
         -0.06997289, -0.        ],
        ...,
        [ 0.58658182,  0.44175293,  0.09568995, ...,  0.        ,
         -0.0258036 , -0.09568995],
        [ 0.56548843,  0.41845647,  0.06997289, ...,  0.0258036 ,
          0.        , -0.06997289],
