state_0,state_1,state_2,state_3,state_4,state_5,state_6,state_7,state_8,state_9,state_10,state_11,state_12,state_13,state_14,state_15,state_16,state_17,state_18,state_19,state_20,state_21,state_22,state_23,state_24,state_25,state_26,state_27,state_28,state_29,state_30,state_31,state_32,state_33,state_34,state_35,state_36,state_37,state_38,state_39,state_40,state_41,state_42,state_43,state_44,state_45,state_46,state_47,state_48,state_49,state_50,state_51,state_52,state_53,state_54,state_55,state_56,state_57,state_58,state_59,state_60,state_61,state_62,state_63,state_64,state_65,state_66,state_67,state_68,state_69,state_70,state_71,state_72,state_73,state_74,state_75,state_76,state_77,state_78,state_79,state_80,state_81,state_82,state_83,state_84,state_85,state_86,state_87,state_88,state_89,state_90,state_91,state_92,state_93,state_94,state_95,state_96,state_97,state_98,state_99,state_100,state_101,state_102,state_103,state_104,state_105,state_106,state_107,state_108,state_109,state_110,state_111,state_112,state_113,state_114,state_115,state_116,state_117,state_118,state_119,state_120,state_121,state_122,state_123,state_124,state_125,state_126,state_127,state_128,state_129,state_130,state_131,state_132,state_133,state_134,state_135,state_136,state_137,state_138,state_139,state_140,state_141,state_142,state_143,state_144,state_145,state_146,state_147,state_148,state_149,state_150,state_151,state_152,state_153,state_154,state_155,state_156,state_157,state_158,state_159,state_160,state_161,state_162,state_163,state_164,state_165,state_166,state_167,state_168,state_169,state_170,state_171,state_172,state_173,state_174,state_175,state_176,state_177,state_178,state_179,state_180,state_181,state_182,state_183,state_184,state_185,state_186,state_187,state_188,state_189,state_190,state_191,state_192,state_193,state_194,state_195,state_196,state_197,state_198,state_199,state_200,state_201,state_202,state_203,state_204,state_205,state_206,state_207,state_208,state_209,state_210,state_211,state_212,state_213,state_214,state_215,state_216,state_217,state_218,state_219,state_220,state_221,state_222,state_223,state_224,state_225,state_226,state_227,state_228,state_229,state_230,state_231,state_232,state_233,state_234,state_235,state_236,state_237,state_238,state_239,state_240,state_241,state_242,state_243,state_244,state_245,state_246,state_247,state_248,state_249,state_250,state_251,state_252,state_253,state_254,state_255,state_256,state_257,state_258,state_259,state_260,state_261,state_262,state_263,state_264,state_265,state_266,state_267,state_268,state_269,state_270,state_271,state_272,state_273,state_274,state_275,state_276,state_277,state_278,state_279,state_280,state_281,state_282,state_283,state_284,state_285,state_286,state_287
{'img': array([[[ 0.        , -0.07087623, -0.0139355 , ...,  0.86100972,
          0.87663572,  0.73784452],
        [ 0.07087623,  0.        ,  0.05696889, ...,  0.82279755,
          0.90853351,  0.7838283 ],
        [ 0.0139355 , -0.05696889,  0.        , ...,  0.85383868,
          0.88325573,  0.74717893],
        ...,
        [-0.86100972, -0.82279755, -0.85383868, ...,  0.        ,
         -0.86012569, -0.95641558],
        [-0.87663572, -0.90853351, -0.88325573, ...,  0.86012569,
          0.        , -0.23668611],
        [-0.73784452, -0.7838283 , -0.74717893, ...,  0.95641558,
          0.23668611,  0.        ]],

       [[ 0.        ,  0.10563941, -0.00730495, ...,  0.92194098,
          0.89599345,  0.65150721],
        [-0.10563941,  0.        , -0.11290067, ...,  0.87586491,
          0.93789093,  0.56771917],
        [ 0.00730495,  0.11290067,  0.        , ...,  0.92474581,
          0.89272566,  0.65703168],
        ...,
        [-0.92194098, -0.87586491, -0.92474581, ...,  0.        ,
          0.75644929, -0.44707502],
        [-0.89599345, -0.93789093, -0.89272566, ..., -0.75644929,
          0.        , -0.96905168],
        [-0.65150721, -0.56771917, -0.65703168, ...,  0.44707502,
          0.96905168,  0.        ]],

       [[ 0.        , -0.02286954, -0.03760746, ...,  0.84813938,
          0.97835616,  0.93963498],
        [ 0.02286954,  0.        , -0.01474426, ...,  0.86003322,
          0.98283263,  0.93156376],
        [ 0.03760746,  0.01474426,  0.        , ...,  0.86746282,
          0.9854461 ,  0.92610181],
        ...,
        [-0.84813938, -0.86003322, -0.86746282, ...,  0.        ,
          0.34280298,  0.78800843],
        [-0.97835616, -0.98283263, -0.9854461 , ..., -0.34280298,
          0.        ,  0.52920928],
        [-0.93963498, -0.93156376, -0.92610181, ..., -0.78800843,
         -0.52920928,  0.        ]],

       ...,

       [[ 0.        , -0.07578593, -0.61057276, ...,  0.97216872,
          0.44361051,  0.26507214],
        [ 0.07578593,  0.        , -0.54879739, ...,  0.98712814,
          0.51025558,  0.33738478],
        [ 0.61057276,  0.54879739,  0.        , ...,  0.91296501,
          0.89852918,  0.79865829],
        ...,
        [-0.97216872, -0.98712814, -0.91296501, ...,  0.        ,
         -0.76734685, -0.87529128],
        [-0.44361051, -0.51025558, -0.89852918, ...,  0.76734685,
          0.        , -0.19017906],
        [-0.26507214, -0.33738478, -0.79865829, ...,  0.87529128,
          0.19017906,  0.        ]],

       [[ 0.        , -0.0295636 , -0.06343094, ...,  0.90204382,
          0.9919791 ,  0.95743638],
        [ 0.0295636 ,  0.        , -0.03389915, ...,  0.9144105 ,
          0.9952824 ,  0.94848452],
        [ 0.06343094,  0.03389915,  0.        , ...,  0.92760693,
          0.99799928,  0.93719935],
        ...,
        [-0.90204382, -0.9144105 , -0.92760693, ...,  0.        ,
          0.31416211,  0.67364198],
        [-0.9919791 , -0.9952824 , -0.99799928, ..., -0.31416211,
          0.        ,  0.40735108],
        [-0.95743638, -0.94848452, -0.93719935, ..., -0.67364198,
         -0.40735108,  0.        ]],

       [[ 0.        ,  0.13415429,  0.29984846, ..., -0.8640563 ,
         -0.9697453 , -0.99511217],
        [-0.13415429,  0.        ,  0.16915654, ..., -0.788713  ,
         -0.92822964, -0.99936469],
        [-0.29984846, -0.16915654,  0.        , ..., -0.67335607,
         -0.85192557, -0.97893427],
        ...,
        [ 0.8640563 ,  0.788713  ,  0.67335607, ...,  0.        ,
          0.27723261,  0.58626113],
        [ 0.9697453 ,  0.92822964,  0.85192557, ..., -0.27723261,
          0.        ,  0.33868907],
        [ 0.99511217,  0.99936469,  0.97893427, ..., -0.58626113,
         -0.33868907,  0.        ]]]), 'num': array([ 7.45009837e-01,  6.65804134e-01,  1.06316380e-06,  1.34246955e-03,
        1.47761749e-03,  1.32084588e-03,  4.06378867e-02, -1.31543996e-04,
        1.56086862e-03,  1.14037833e-03,  9.65436826e-04,  1.11470448e-06,
        1.75004375e-03,  5.30712904e-04])}
{'img': array([[[ 0.        ,  0.05696889,  0.03231525, ...,  0.90853351,
          0.7838283 ,  0.62761322],
        [-0.05696889,  0.        , -0.02467637, ...,  0.88325573,
          0.74717893,  0.58224223],
        [-0.03231525,  0.02467637,  0.        , ...,  0.89455731,
          0.76335188,  0.6021272 ],
        ...,
        [-0.90853351, -0.88325573, -0.89455731, ...,  0.        ,
         -0.23668611, -0.445092  ],
        [-0.7838283 , -0.74717893, -0.76335188, ...,  0.23668611,
          0.        , -0.22049641],
        [-0.62761322, -0.58224223, -0.6021272 , ...,  0.445092  ,
          0.22049641,  0.        ]],

       [[ 0.        , -0.11290067, -0.11435368, ...,  0.93789093,
          0.56771917,  0.57615393],
        [ 0.11290067,  0.        , -0.00146248, ...,  0.89272566,
          0.65703168,  0.66474853],
        [ 0.11435368,  0.00146248,  0.        , ...,  0.89206571,
          0.65813349,  0.66584039],
        ...,
        [-0.93789093, -0.89272566, -0.89206571, ...,  0.        ,
         -0.96905168, -0.96646214],
        [-0.56771917, -0.65703168, -0.65813349, ...,  0.96905168,
          0.        ,  0.01028249],
        [-0.57615393, -0.66474853, -0.66584039, ...,  0.96646214,
         -0.01028249,  0.        ]],

       [[ 0.        , -0.01474426, -0.02307554, ...,  0.98283263,
          0.93156376,  0.98644202],
        [ 0.01474426,  0.        , -0.0083327 , ...,  0.9854461 ,
          0.92610181,  0.98391511],
        [ 0.02307554,  0.0083327 ,  0.        , ...,  0.98682835,
          0.92292595,  0.98239243],
        ...,
        [-0.98283263, -0.9854461 , -0.98682835, ...,  0.        ,
          0.52920928,  0.34329074],
        [-0.93156376, -0.92610181, -0.92292595, ..., -0.52920928,
          0.        , -0.20576958],
        [-0.98644202, -0.98391511, -0.98239243, ..., -0.34329074,
          0.20576958,  0.        ]],

       ...,

       [[ 0.        , -0.54879739, -0.34913584, ...,  0.51025558,
          0.33738478,  0.16547777],
        [ 0.54879739,  0.        ,  0.22240075, ...,  0.89852918,
          0.79865829,  0.67956344],
        [ 0.34913584, -0.22240075,  0.        , ...,  0.77841107,
          0.64481877,  0.49938709],
        ...,
        [-0.51025558, -0.89852918, -0.77841107, ...,  0.        ,
         -0.19017906, -0.36090629],
        [-0.33738478, -0.79865829, -0.64481877, ...,  0.19017906,
          0.        , -0.17695815],
        [-0.16547777, -0.67956344, -0.49938709, ...,  0.36090629,
          0.17695815,  0.        ]],

       [[ 0.        , -0.03360884, -0.05477239, ...,  0.99024983,
          0.99323859,  0.94583933],
        [ 0.03360884,  0.        , -0.02118306, ...,  0.99437221,
          0.98877579,  0.93439438],
        [ 0.05477239,  0.02118306,  0.        , ...,  0.99639328,
          0.98538902,  0.92663845],
        ...,
        [-0.99024983, -0.99437221, -0.99639328, ...,  0.        ,
          0.25331998,  0.45322796],
        [-0.99323859, -0.98877579, -0.98538902, ..., -0.25331998,
          0.        ,  0.21263675],
        [-0.94583933, -0.93439438, -0.92663845, ..., -0.45322796,
         -0.21263675,  0.        ]],

       [[ 0.        ,  0.16915654,  0.28996665, ..., -0.92822964,
         -0.99936469, -0.9629357 ],
        [-0.16915654,  0.        ,  0.12389897, ..., -0.85192557,
         -0.97893427, -0.99468579],
        [-0.28996665, -0.12389897,  0.        , ..., -0.78048005,
         -0.94609426, -0.99977786],
        ...,
        [ 0.92822964,  0.85192557,  0.78048005, ...,  0.        ,
          0.33868907,  0.60859186],
        [ 0.99936469,  0.97893427,  0.94609426, ..., -0.33868907,
          0.        ,  0.30387892],
        [ 0.9629357 ,  0.99468579,  0.99977786, ..., -0.60859186,
         -0.30387892,  0.        ]]]), 'num': array([7.07041206e-01, 7.07041206e-01, 0.00000000e+00, 6.10011930e-04,
       6.28304334e-04, 5.86947593e-04, 1.35192005e-02, 1.74970827e-05,
       6.80159325e-04, 5.14871542e-04, 4.29248507e-04, 5.15039247e-07,
       7.81434921e-04, 2.48308163e-04])}
{'img': array([[[ 0.        , -0.02467637, -0.13885548, ...,  0.74717893,
          0.58224223,  0.63468054],
        [ 0.02467637,  0.        , -0.11437588, ...,  0.76335188,
          0.6021272 ,  0.65355654],
        [ 0.13885548,  0.11437588,  0.        , ...,  0.83222728,
          0.68949349,  0.73583616],
        ...,
        [-0.74717893, -0.76335188, -0.83222728, ...,  0.        ,
         -0.22049641, -0.15557766],
        [-0.58224223, -0.6021272 , -0.68949349, ...,  0.22049641,
          0.        ,  0.06606302],
        [-0.63468054, -0.65355654, -0.73583616, ...,  0.15557766,
         -0.06606302,  0.        ]],

       [[ 0.        , -0.00146248, -0.0057663 , ...,  0.65703168,
          0.66474853,  0.54786113],
        [ 0.00146248,  0.        , -0.00430384, ...,  0.65813349,
          0.66584039,  0.54908401],
        [ 0.0057663 ,  0.00430384,  0.        , ...,  0.66136775,
          0.66904529,  0.55267593],
        ...,
        [-0.65703168, -0.65813349, -0.66136775, ...,  0.        ,
          0.01028249, -0.13664031],
        [-0.66474853, -0.66584039, -0.66904529, ..., -0.01028249,
          0.        , -0.14681913],
        [-0.54786113, -0.54908401, -0.55267593, ...,  0.13664031,
          0.14681913,  0.        ]],

       [[ 0.        , -0.0083327 , -0.06937864, ...,  0.92610181,
          0.98391511,  0.999893  ],
        [ 0.0083327 ,  0.        , -0.06106361, ...,  0.92292595,
          0.98239243,  0.9997364 ],
        [ 0.06937864,  0.06106361,  0.        , ...,  0.89769553,
          0.9691507 ,  0.99646878],
        ...,
        [-0.92610181, -0.92292595, -0.89769553, ...,  0.        ,
         -0.20576958, -0.36368624],
        [-0.98391511, -0.98239243, -0.9691507 , ...,  0.20576958,
          0.        , -0.16422474],
        [-0.999893  , -0.9997364 , -0.99646878, ...,  0.36368624,
          0.16422474,  0.        ]],

       ...,

       [[ 0.        ,  0.22240075,  0.13470868, ...,  0.79865829,
          0.67956344,  0.73533911],
        [-0.22240075,  0.        , -0.08903868, ...,  0.64481877,
          0.49938709,  0.56620195],
        [-0.13470868,  0.08903868,  0.        , ...,  0.71031308,
          0.57454485,  0.6373447 ],
        ...,
        [-0.79865829, -0.64481877, -0.71031308, ...,  0.        ,
         -0.17695815, -0.09873429],
        [-0.67956344, -0.49938709, -0.57454485, ...,  0.17695815,
          0.        ,  0.0789174 ],
        [-0.73533911, -0.56620195, -0.6373447 , ...,  0.09873429,
         -0.0789174 ,  0.        ]],

       [[ 0.        , -0.0208408 , -0.06115809, ...,  0.99992204,
          0.99672522,  0.92883988],
        [ 0.0208408 ,  0.        , -0.04034302, ...,  0.99944462,
          0.99482348,  0.92091701],
        [ 0.06115809,  0.04034302,  0.        , ...,  0.9972866 ,
          0.989914  ,  0.90444324],
        ...,
        [-0.99992204, -0.99944462, -0.9972866 , ...,  0.        ,
          0.06841081,  0.35885419],
        [-0.99672522, -0.99482348, -0.989914  , ..., -0.06841081,
          0.        ,  0.29415927],
        [-0.92883988, -0.92091701, -0.90444324, ..., -0.35885419,
         -0.29415927,  0.        ]],

       [[ 0.        ,  0.12389897,  0.09788922, ..., -0.97893427,
         -0.99468579, -0.96817168],
        [-0.12389897,  0.        , -0.02616895, ..., -0.94609426,
         -0.99977786, -0.99172207],
        [-0.09788922,  0.02616895,  0.        , ..., -0.95424616,
         -0.99998703, -0.98802226],
        ...,
        [ 0.97893427,  0.94609426,  0.95424616, ...,  0.        ,
          0.30387892,  0.44269165],
        [ 0.99468579,  0.99977786,  0.99998703, ..., -0.30387892,
          0.        ,  0.14927676],
        [ 0.96817168,  0.99172207,  0.98802226, ..., -0.44269165,
         -0.14927676,  0.        ]]]), 'num': array([ 7.07049348e-01,  7.07049348e-01,  0.00000000e+00,  5.87749683e-04,
        5.98884318e-04,  5.49573790e-04,  1.26445556e-02, -2.22692708e-05,
        6.29902231e-04,  5.27602768e-04,  4.31811765e-04,  4.66880851e-07,
        7.82306218e-04,  2.72899319e-04])}
{'img': array([[[ 0.        , -0.11437588, -0.05424643, ...,  0.6021272 ,
          0.65355654,  0.58768995],
        [ 0.11437588,  0.        ,  0.06031703, ...,  0.68949349,
          0.73583616,  0.67637321],
        [ 0.05424643, -0.06031703,  0.        , ...,  0.64455097,
          0.69365215,  0.63071466],
        ...,
        [-0.6021272 , -0.68949349, -0.64455097, ...,  0.        ,
          0.06606302, -0.01796106],
        [-0.65355654, -0.73583616, -0.69365215, ..., -0.06606302,
          0.        , -0.08397418],
        [-0.58768995, -0.67637321, -0.63071466, ...,  0.01796106,
          0.08397418,  0.        ]],

       [[ 0.        , -0.00430384, -0.06417397, ...,  0.66584039,
          0.54908401,  0.52267617],
        [ 0.00430384,  0.        , -0.05987841, ...,  0.66904529,
          0.55267593,  0.52634049],
        [ 0.06417397,  0.05987841,  0.        , ...,  0.71234774,
          0.6015867 ,  0.57630912],
        ...,
        [-0.66584039, -0.66904529, -0.71234774, ...,  0.        ,
         -0.14681913, -0.17768411],
        [-0.54908401, -0.55267593, -0.6015867 , ...,  0.14681913,
          0.        , -0.03127573],
        [-0.52267617, -0.52634049, -0.57630912, ...,  0.17768411,
          0.03127573,  0.        ]],

       [[ 0.        , -0.06106361, -0.08594261, ...,  0.98239243,
          0.9997364 ,  0.89895413],
        [ 0.06106361,  0.        , -0.02494455, ...,  0.9691507 ,
          0.99646878,  0.92402504],
        [ 0.08594261,  0.02494455,  0.        , ...,  0.96270108,
          0.99406427,  0.93327462],
        ...,
        [-0.98239243, -0.9691507 , -0.96270108, ...,  0.        ,
         -0.16422474, -0.59828071],
        [-0.9997364 , -0.99646878, -0.99406427, ...,  0.16422474,
          0.        , -0.45856674],
        [-0.89895413, -0.92402504, -0.93327462, ...,  0.59828071,
          0.45856674,  0.        ]],

       ...,

       [[ 0.        , -0.08903868,  0.0636309 , ...,  0.49938709,
          0.56620195,  0.425178  ],
        [ 0.08903868,  0.        ,  0.1522364 , ...,  0.57454485,
          0.6373447 ,  0.50407904],
        [-0.0636309 , -0.1522364 ,  0.        , ...,  0.44324661,
          0.51260573,  0.36672343],
        ...,
        [-0.49938709, -0.57454485, -0.44324661, ...,  0.        ,
          0.0789174 , -0.08363484],
        [-0.56620195, -0.6373447 , -0.51260573, ..., -0.0789174 ,
          0.        , -0.16201491],
        [-0.425178  , -0.50407904, -0.36672343, ...,  0.08363484,
          0.16201491,  0.        ]],

       [[ 0.        , -0.04028268, -0.04682957, ...,  0.99599899,
          0.95235783,  0.92037166],
        [ 0.04028268,  0.        , -0.00655308, ...,  0.99159071,
          0.9392993 ,  0.90387228],
        [ 0.04682957,  0.00655308,  0.        , ...,  0.99072137,
          0.93703077,  0.90104945],
        ...,
        [-0.99599899, -0.99159071, -0.99072137, ...,  0.        ,
          0.21865563,  0.3072316 ],
        [-0.95235783, -0.9392993 , -0.93703077, ..., -0.21865563,
          0.        ,  0.09171694],
        [-0.92037166, -0.90387228, -0.90104945, ..., -0.3072316 ,
         -0.09171694,  0.        ]],

       [[ 0.        , -0.02616895, -0.06103115, ..., -0.99977786,
         -0.99172207, -0.93354101],
        [ 0.02616895,  0.        , -0.03489008, ..., -0.99998703,
         -0.98802226, -0.92384051],
        [ 0.06103115,  0.03489008,  0.        , ..., -0.99920047,
         -0.98203677, -0.90992289],
        ...,
        [ 0.99977786,  0.99998703,  0.99920047, ...,  0.        ,
          0.14927676,  0.37806694],
        [ 0.99172207,  0.98802226,  0.98203677, ..., -0.14927676,
          0.        ,  0.23563369],
        [ 0.93354101,  0.92384051,  0.90992289, ..., -0.37806694,
         -0.23563369,  0.        ]]]), 'num': array([8.16845156e-01, 5.76026661e-01, 3.17283921e-06, 6.92007172e-04,
       7.60387327e-04, 6.59184697e-04, 3.08827301e-02, 1.82347081e-05,
       6.98024626e-04, 6.19250687e-04, 4.98354572e-04, 5.28163902e-07,
       8.98231203e-04, 3.40270171e-04])}
{'img': array([[[ 0.        ,  0.06031703,  0.11790102, ...,  0.73583616,
          0.67637321,  0.71930706],
        [-0.06031703,  0.        ,  0.05779002, ...,  0.69365215,
          0.63071466,  0.67609562],
        [-0.11790102, -0.05779002,  0.        , ...,  0.65086615,
          0.58481468,  0.63238521],
        ...,
        [-0.73583616, -0.69365215, -0.65086615, ...,  0.        ,
         -0.08397418, -0.02409401],
        [-0.67637321, -0.63071466, -0.58481468, ...,  0.08397418,
          0.        ,  0.05994089],
        [-0.71930706, -0.67609562, -0.63238521, ...,  0.02409401,
         -0.05994089,  0.        ]],

       [[ 0.        , -0.05987841, -0.01640659, ...,  0.55267593,
          0.52634049,  0.84160945],
        [ 0.05987841,  0.        ,  0.0434932 , ...,  0.6015867 ,
          0.57630912,  0.87243886],
        [ 0.01640659, -0.0434932 ,  0.        , ...,  0.56627473,
          0.54021974,  0.85035715],
        ...,
        [-0.55267593, -0.6015867 , -0.56627473, ...,  0.        ,
         -0.03127573,  0.4029013 ],
        [-0.52634049, -0.57630912, -0.54021974, ...,  0.03127573,
          0.        ,  0.4313291 ],
        [-0.84160945, -0.87243886, -0.85035715, ..., -0.4029013 ,
         -0.4313291 ,  0.        ]],

       [[ 0.        , -0.02494455, -0.01531407, ...,  0.99646878,
          0.92402504,  0.86052869],
        [ 0.02494455,  0.        ,  0.00963233, ...,  0.99406427,
          0.93327462,  0.87296773],
        [ 0.01531407, -0.00963233,  0.        , ...,  0.9950661 ,
          0.92977174,  0.86822879],
        ...,
        [-0.99646878, -0.99406427, -0.9950661 , ...,  0.        ,
         -0.45856674, -0.57985664],
        [-0.92402504, -0.93327462, -0.92977174, ...,  0.45856674,
          0.        , -0.14169257],
        [-0.86052869, -0.87296773, -0.86822879, ...,  0.57985664,
          0.14169257,  0.        ]],

       ...,

       [[ 0.        ,  0.1522364 ,  0.05767338, ...,  0.6373447 ,
          0.50407904,  0.48651612],
        [-0.1522364 ,  0.        , -0.09498186, ...,  0.51260573,
          0.36672343,  0.34784072],
        [-0.05767338,  0.09498186,  0.        , ...,  0.59184195,
          0.45342995,  0.43531872],
        ...,
        [-0.6373447 , -0.51260573, -0.59184195, ...,  0.        ,
         -0.16201491, -0.18193094],
        [-0.50407904, -0.36672343, -0.45342995, ...,  0.16201491,
          0.        , -0.02021623],
        [-0.48651612, -0.34784072, -0.43531872, ...,  0.18193094,
          0.02021623,  0.        ]],

       [[ 0.        , -0.00653919, -0.02241913, ...,  0.95517297,
          0.94481105,  0.90304883],
        [ 0.00653919,  0.        , -0.0158811 , ...,  0.95321664,
          0.94264851,  0.90022069],
        [ 0.02241913,  0.0158811 ,  0.        , ...,  0.94829576,
          0.93722872,  0.89319199],
        ...,
        [-0.95517297, -0.95321664, -0.94829576, ...,  0.        ,
          0.03322001,  0.14293694],
        [-0.94481105, -0.94264851, -0.93722872, ..., -0.03322001,
          0.        ,  0.10997914],
        [-0.90304883, -0.90022069, -0.89319199, ..., -0.14293694,
         -0.10997914,  0.        ]],

       [[ 0.        , -0.03489008,  0.07305916, ..., -0.98802226,
         -0.92384051, -0.81913459],
        [ 0.03489008,  0.        ,  0.10781151, ..., -0.98203677,
         -0.90992289, -0.79862287],
        [-0.07305916, -0.10781151,  0.        , ..., -0.99665574,
         -0.94933705, -0.85885238],
        ...,
        [ 0.98802226,  0.98203677,  0.99665574, ...,  0.        ,
          0.23563369,  0.4403291 ],
        [ 0.92384051,  0.90992289,  0.94933705, ..., -0.23563369,
          0.        ,  0.21636976],
        [ 0.81913459,  0.79862287,  0.85885238, ..., -0.4403291 ,
         -0.21636976,  0.        ]]]), 'num': array([7.87010989e-01, 6.16700991e-01, 2.19471648e-06, 6.78525891e-04,
       7.25742899e-04, 6.69782001e-04, 1.70366222e-02, 1.48646136e-05,
       6.62087378e-04, 6.09055683e-04, 4.81846651e-04, 5.05717279e-07,
       8.59104790e-04, 3.59006575e-04])}
{'img': array([[[ 0.        ,  0.05779002,  0.05424643, ...,  0.63071466,
          0.67609562,  0.71299076],
        [-0.05779002,  0.        , -0.00354915, ...,  0.58481468,
          0.63238521,  0.67127836],
        [-0.05424643,  0.00354915,  0.        , ...,  0.58768995,
          0.6351306 ,  0.67390478],
        ...,
        [-0.63071466, -0.58481468, -0.58768995, ...,  0.        ,
          0.05994089,  0.11105104],
        [-0.67609562, -0.63238521, -0.6351306 , ..., -0.05994089,
          0.        ,  0.05128122],
        [-0.71299076, -0.67127836, -0.67390478, ..., -0.11105104,
         -0.05128122,  0.        ]],

       [[ 0.        ,  0.0434932 ,  0.01779073, ...,  0.57630912,
          0.87243886,  0.65438894],
        [-0.0434932 ,  0.        , -0.02571243, ...,  0.54021974,
          0.85035715,  0.62088197],
        [-0.01779073,  0.02571243,  0.        , ...,  0.56167876,
          0.86360604,  0.64083277],
        ...,
        [-0.57630912, -0.54021974, -0.56167876, ...,  0.        ,
          0.4313291 ,  0.09900663],
        [-0.87243886, -0.85035715, -0.86360604, ..., -0.4313291 ,
          0.        , -0.33988663],
        [-0.65438894, -0.62088197, -0.64083277, ..., -0.09900663,
          0.33988663,  0.        ]],

       [[ 0.        ,  0.00963233,  0.00289478, ...,  0.93327462,
          0.87296773,  0.85150526],
        [-0.00963233,  0.        , -0.00673764, ...,  0.92977174,
          0.86822879,  0.84641509],
        [-0.00289478,  0.00673764,  0.        , ...,  0.93223101,
          0.87155206,  0.84998383],
        ...,
        [-0.93327462, -0.92977174, -0.93223101, ...,  0.        ,
         -0.14169257, -0.18352917],
        [-0.87296773, -0.86822879, -0.87155206, ...,  0.14169257,
          0.        , -0.04239168],
        [-0.85150526, -0.84641509, -0.84998383, ...,  0.18352917,
          0.04239168,  0.        ]],

       ...,

       [[ 0.        , -0.09498186, -0.05940205, ...,  0.36672343,
          0.34784072,  0.34556892],
        [ 0.09498186,  0.        ,  0.03568064, ...,  0.45342995,
          0.43531872,  0.43313695],
        [ 0.05940205, -0.03568064,  0.        , ...,  0.42133936,
          0.40291909,  0.40070118],
        ...,
        [-0.36672343, -0.45342995, -0.42133936, ...,  0.        ,
         -0.02021623, -0.02263771],
        [-0.34784072, -0.43531872, -0.40291909, ...,  0.02021623,
          0.        , -0.00242203],
        [-0.34556892, -0.43313695, -0.40070118, ...,  0.02263771,
          0.00242203,  0.        ]],

       [[ 0.        , -0.0158811 , -0.03831132, ...,  0.94264851,
          0.90022069,  0.95337225],
        [ 0.0158811 ,  0.        , -0.02243704, ...,  0.93722872,
          0.89319199,  0.94845915],
        [ 0.03831132,  0.02243704,  0.        , ...,  0.92916865,
          0.88287775,  0.9411101 ],
        ...,
        [-0.94264851, -0.93722872, -0.92916865, ...,  0.        ,
          0.10997914, -0.03373492],
        [-0.90022069, -0.89319199, -0.88287775, ..., -0.10997914,
          0.        , -0.14344683],
        [-0.95337225, -0.94845915, -0.9411101 , ...,  0.03373492,
          0.14344683,  0.        ]],

       [[ 0.        ,  0.10781151,  0.26120676, ..., -0.90992289,
         -0.79862287, -0.60910942],
        [-0.10781151,  0.        ,  0.15561567, ..., -0.94933705,
         -0.85885238, -0.69106296],
        [-0.26120676, -0.15561567,  0.        , ..., -0.98667566,
         -0.92809951, -0.79512237],
        ...,
        [ 0.90992289,  0.94933705,  0.98667566, ...,  0.        ,
          0.21636976,  0.46900243],
        [ 0.79862287,  0.85885238,  0.92809951, ..., -0.21636976,
          0.        ,  0.26679536],
        [ 0.60910942,  0.69106296,  0.79512237, ..., -0.46900243,
         -0.26679536,  0.        ]]]), 'num': array([ 7.14264340e-01,  6.99853568e-01,  1.90618669e-07,  6.00448807e-04,
        6.23481897e-04,  5.94094852e-04,  5.35996664e-03, -1.58848891e-05,
        6.03149239e-04,  5.65124785e-04,  4.40752723e-04,  4.55842381e-07,
        7.75358078e-04,  3.54891493e-04])}
{'img': array([[[ 0.        , -0.00354915, -0.00354915, ...,  0.63238521,
          0.67127836,  0.6253738 ],
        [ 0.00354915,  0.        ,  0.        , ...,  0.6351306 ,
          0.67390478,  0.62813936],
        [ 0.00354915,  0.        ,  0.        , ...,  0.6351306 ,
          0.67390478,  0.62813936],
        ...,
        [-0.63238521, -0.6351306 , -0.6351306 , ...,  0.        ,
          0.05128122, -0.00901783],
        [-0.67127836, -0.67390478, -0.67390478, ..., -0.05128122,
          0.        , -0.06028509],
        [-0.6253738 , -0.62813936, -0.62813936, ...,  0.00901783,
          0.06028509,  0.        ]],

       [[ 0.        , -0.02571243,  0.37474367, ...,  0.85035715,
          0.62088197,  0.25625185],
        [ 0.02571243,  0.        ,  0.3984585 , ...,  0.86360604,
          0.64083277,  0.28102102],
        [-0.37474367, -0.3984585 ,  0.        , ...,  0.59119796,
          0.28187425, -0.12465262],
        ...,
        [-0.85035715, -0.86360604, -0.59119796, ...,  0.        ,
         -0.33988663, -0.68712251],
        [-0.62088197, -0.64083277, -0.28187425, ...,  0.33988663,
          0.        , -0.39927388],
        [-0.25625185, -0.28102102,  0.12465262, ...,  0.68712251,
          0.39927388,  0.        ]],

       [[ 0.        , -0.00673764, -0.00673764, ...,  0.86822879,
          0.84641509,  0.85222074],
        [ 0.00673764,  0.        ,  0.        , ...,  0.87155206,
          0.84998383,  0.85572641],
        [ 0.00673764,  0.        ,  0.        , ...,  0.87155206,
          0.84998383,  0.85572641],
        ...,
        [-0.86822879, -0.87155206, -0.87155206, ...,  0.        ,
         -0.04239168, -0.03140073],
        [-0.84641509, -0.84998383, -0.84998383, ...,  0.04239168,
          0.        ,  0.01099828],
        [-0.85222074, -0.85572641, -0.85572641, ...,  0.03140073,
         -0.01099828,  0.        ]],

       ...,

       [[ 0.        ,  0.03568064,  0.00570143, ...,  0.43531872,
          0.43313695,  0.42270088],
        [-0.03568064,  0.        , -0.02998226, ...,  0.40291909,
          0.40070118,  0.39009545],
        [-0.00570143,  0.02998226,  0.        , ...,  0.43017878,
          0.42799105,  0.41752698],
        ...,
        [-0.43531872, -0.40291909, -0.43017878, ...,  0.        ,
         -0.00242203, -0.01396835],
        [-0.43313695, -0.40070118, -0.42799105, ...,  0.00242203,
          0.        , -0.01154651],
        [-0.42270088, -0.39009545, -0.41752698, ...,  0.01396835,
          0.01154651,  0.        ]],

       [[ 0.        , -0.02243704, -0.10276724, ...,  0.89319199,
          0.94845915,  0.97967097],
        [ 0.02243704,  0.        , -0.08042312, ...,  0.88287775,
          0.9411101 ,  0.97492322],
        [ 0.10276724,  0.08042312,  0.        , ...,  0.84225102,
          0.91087059,  0.95386779],
        ...,
        [-0.89319199, -0.88287775, -0.84225102, ...,  0.        ,
         -0.14344683, -0.26134986],
        [-0.94845915, -0.9411101 , -0.91087059, ...,  0.14344683,
          0.        , -0.12018577],
        [-0.97967097, -0.97492322, -0.95386779, ...,  0.26134986,
          0.12018577,  0.        ]],

       [[ 0.        ,  0.15561567,  0.35499579, ..., -0.85885238,
         -0.69106296, -0.46380165],
        [-0.15561567,  0.        ,  0.20519102, ..., -0.92809951,
         -0.79512237, -0.59601747],
        [-0.35499579, -0.20519102,  0.        , ..., -0.98475059,
         -0.9026416 , -0.74809791],
        ...,
        [ 0.85885238,  0.92809951,  0.98475059, ...,  0.        ,
          0.26679536,  0.52332091],
        [ 0.69106296,  0.79512237,  0.9026416 , ..., -0.26679536,
          0.        ,  0.27700636],
        [ 0.46380165,  0.59601747,  0.74809791, ..., -0.52332091,
         -0.27700636,  0.        ]]]), 'num': array([7.13499758e-01, 6.97794622e-01, 1.73921769e-07, 7.13869808e-04,
       7.39958073e-04, 5.85009588e-04, 6.32271959e-02, 1.16211364e-04,
       6.21849381e-04, 5.78270119e-04, 4.43487336e-04, 4.92274825e-07,
       7.83191509e-04, 3.73348729e-04])}
{'img': array([[[ 0.        ,  0.        ,  0.01414838, ...,  0.67390478,
          0.62813936,  0.91262416],
        [ 0.        ,  0.        ,  0.01414838, ...,  0.67390478,
          0.62813936,  0.91262416],
        [-0.01414838, -0.01414838,  0.        , ...,  0.66338425,
          0.61706762,  0.90674896],
        ...,
        [-0.67390478, -0.67390478, -0.66338425, ...,  0.        ,
         -0.06028509,  0.39877132],
        [-0.62813936, -0.62813936, -0.61706762, ...,  0.06028509,
          0.        ,  0.4533305 ],
        [-0.91262416, -0.91262416, -0.90674896, ..., -0.39877132,
         -0.4533305 ,  0.        ]],

       [[ 0.        ,  0.3984585 ,  0.02597119, ...,  0.64083277,
          0.28102102,  0.85159276],
        [-0.3984585 ,  0.        , -0.37450368, ...,  0.28187425,
         -0.12465262,  0.98994278],
        [-0.02597119,  0.37450368,  0.        , ...,  0.62067903,
          0.25600164,  0.86491971],
        ...,
        [-0.64083277, -0.28187425, -0.62067903, ...,  0.        ,
         -0.39927388,  0.98967823],
        [-0.28102102,  0.12465262, -0.25600164, ...,  0.39927388,
          0.        ,  0.96458727],
        [-0.85159276, -0.98994278, -0.86491971, ..., -0.98967823,
         -0.96458727,  0.        ]],

       [[ 0.        ,  0.        ,  0.03345679, ...,  0.84998383,
          0.85572641,  0.92080198],
        [ 0.        ,  0.        ,  0.03345679, ...,  0.84998383,
          0.85572641,  0.92080198],
        [-0.03345679, -0.03345679,  0.        , ...,  0.83188265,
          0.83793585,  0.90723731],
        ...,
        [-0.84998383, -0.84998383, -0.83188265, ...,  0.        ,
          0.01099828,  0.15356702],
        [-0.85572641, -0.85572641, -0.83793585, ..., -0.01099828,
          0.        ,  0.14268992],
        [-0.92080198, -0.92080198, -0.90723731, ..., -0.15356702,
         -0.14268992,  0.        ]],

       ...,

       [[ 0.        , -0.02998226,  0.14074177, ...,  0.40070118,
          0.39009545,  0.50525135],
        [ 0.02998226,  0.        ,  0.17036233, ...,  0.42799105,
          0.41752698,  0.53089806],
        [-0.14074177, -0.17036233,  0.        , ...,  0.26776388,
          0.25662115,  0.378766  ],
        ...,
        [-0.40070118, -0.42799105, -0.26776388, ...,  0.        ,
         -0.01154651,  0.11712174],
        [-0.39009545, -0.41752698, -0.25662115, ...,  0.01154651,
          0.        ,  0.12858098],
        [-0.50525135, -0.53089806, -0.378766  , ..., -0.11712174,
         -0.12858098,  0.        ]],

       [[ 0.        , -0.0798606 , -0.09252203, ...,  0.97032061,
          0.98714322,  0.87988024],
        [ 0.0798606 ,  0.        , -0.01270846, ...,  0.94790939,
          0.97122554,  0.83912054],
        [ 0.09252203,  0.01270846,  0.        , ...,  0.94378468,
          0.96812044,  0.83214006],
        ...,
        [-0.97032061, -0.94790939, -0.94378468, ...,  0.        ,
         -0.08361866,  0.24831752],
        [-0.98714322, -0.97122554, -0.96812044, ...,  0.08361866,
          0.        ,  0.32844749],
        [-0.87988024, -0.83912054, -0.83214006, ..., -0.24831752,
         -0.32844749,  0.        ]],

       [[ 0.        ,  0.20519102,  0.19737443, ..., -0.79512237,
         -0.59601747, -0.4002575 ],
        [-0.20519102,  0.        , -0.00797985, ..., -0.9026416 ,
         -0.74809791, -0.5797784 ],
        [-0.19737443,  0.00797985,  0.        , ..., -0.89917839,
         -0.74277876, -0.57325817],
        ...,
        [ 0.79512237,  0.9026416 ,  0.89917839, ...,  0.        ,
          0.27700636,  0.48591653],
        [ 0.59601747,  0.74809791,  0.74277876, ..., -0.27700636,
          0.        ,  0.22479668],
        [ 0.4002575 ,  0.5797784 ,  0.57325817, ..., -0.48591653,
         -0.22479668,  0.        ]]]), 'num': array([ 7.09449225e-01,  7.03907827e-01,  6.28989543e-08,  6.92674734e-04,
        7.41421424e-04,  6.70660100e-04,  3.45305903e-02, -1.72972124e-05,
        6.40783097e-04,  5.91250170e-04,  4.45547363e-04,  4.93898345e-07,
        7.77898247e-04,  4.04602094e-04])}
{'img': array([[[ 0.        ,  0.01414838,  0.04897222, ...,  0.62813936,
          0.91262416,  0.87866202],
        [-0.01414838,  0.        ,  0.03483591, ...,  0.61706762,
          0.90674896,  0.87181901],
        [-0.04897222, -0.03483591,  0.        , ...,  0.58928036,
          0.89150932,  0.85422625],
        ...,
        [-0.62813936, -0.61706762, -0.58928036, ...,  0.        ,
          0.4533305 ,  0.38378612],
        [-0.91262416, -0.90674896, -0.89150932, ..., -0.4533305 ,
          0.        , -0.07653049],
        [-0.87866202, -0.87181901, -0.85422625, ..., -0.38378612,
          0.07653049,  0.        ]],

       [[ 0.        , -0.37450368, -0.27741062, ..., -0.12465262,
          0.98994278,  0.75307697],
        [ 0.37450368,  0.        ,  0.10258277, ...,  0.25600164,
          0.86491971,  0.94467023],
        [ 0.27741062, -0.10258277,  0.        , ...,  0.15548676,
          0.91184414,  0.90603723],
        ...,
        [ 0.12465262, -0.25600164, -0.15548676, ...,  0.        ,
          0.96458727,  0.8292163 ],
        [-0.98994278, -0.86491971, -0.91184414, ..., -0.96458727,
          0.        , -0.757852  ],
        [-0.75307697, -0.94467023, -0.90603723, ..., -0.8292163 ,
          0.757852  ,  0.        ]],

       [[ 0.        ,  0.03345679,  0.06075122, ...,  0.85572641,
          0.92080198,  0.97367507],
        [-0.03345679,  0.        ,  0.02732221, ...,  0.83793585,
          0.90723731,  0.96550382],
        [-0.06075122, -0.02732221,  0.        , ...,  0.82271142,
          0.89540638,  0.95802898],
        ...,
        [-0.85572641, -0.83793585, -0.82271142, ...,  0.        ,
          0.14268992,  0.30875262],
        [-0.92080198, -0.90723731, -0.89540638, ..., -0.14268992,
          0.        ,  0.16987486],
        [-0.97367507, -0.96550382, -0.95802898, ..., -0.30875262,
         -0.16987486,  0.        ]],

       ...,

       [[ 0.        ,  0.17036233,  0.22575929, ...,  0.41752698,
          0.53089806,  0.54340357],
        [-0.17036233,  0.        ,  0.05649492, ...,  0.25662115,
          0.378766  ,  0.39244548],
        [-0.22575929, -0.05649492,  0.        , ...,  0.20160827,
          0.32587545,  0.33985607],
        ...,
        [-0.41752698, -0.25662115, -0.20160827, ...,  0.        ,
          0.12858098,  0.14326951],
        [-0.53089806, -0.378766  , -0.32587545, ..., -0.12858098,
          0.        ,  0.01482574],
        [-0.54340357, -0.39244548, -0.33985607, ..., -0.14326951,
         -0.01482574,  0.        ]],

       [[ 0.        , -0.01270846, -0.01561439, ...,  0.97122554,
          0.83912054,  0.88906741],
        [ 0.01270846,  0.        , -0.00290622, ...,  0.96812044,
          0.83214006,  0.88317798],
        [ 0.01561439,  0.00290622,  0.        , ...,  0.96738839,
          0.83052486,  0.88181112],
        ...,
        [-0.97122554, -0.96812044, -0.96738839, ...,  0.        ,
          0.32844749,  0.23286233],
        [-0.83912054, -0.83214006, -0.83052486, ..., -0.32844749,
          0.        , -0.09947473],
        [-0.88906741, -0.88317798, -0.88181112, ..., -0.23286233,
          0.09947473,  0.        ]],

       [[ 0.        , -0.00797985, -0.01034295, ..., -0.74809791,
         -0.5797784 ,  0.02188861],
        [ 0.00797985,  0.        , -0.0023632 , ..., -0.74277876,
         -0.57325817,  0.02986585],
        [ 0.01034295,  0.0023632 ,  0.        , ..., -0.74119443,
         -0.57132022,  0.03222791],
        ...,
        [ 0.74809791,  0.74277876,  0.74119443, ...,  0.        ,
          0.22479668,  0.76244371],
        [ 0.5797784 ,  0.57325817,  0.57132022, ..., -0.22479668,
          0.        ,  0.59747377],
        [-0.02188861, -0.02986585, -0.03222791, ..., -0.76244371,
         -0.59747377,  0.        ]]]), 'num': array([ 7.09626902e-01,  7.04452606e-01,  6.29476340e-08,  6.46786940e-04,
        7.02652965e-04,  6.42065867e-04,  1.31561814e-02, -4.64238801e-05,
        6.51193274e-04,  6.01307274e-04,  4.49603476e-04,  4.60664933e-07,
        7.78453146e-04,  4.24161403e-04])}
{'img': array([[[ 0.00000000e+00,  3.48359107e-02,  1.75116677e-02, ...,
          9.06748961e-01,  8.71819010e-01,  7.62297365e-01],
        [-3.48359107e-02,  0.00000000e+00, -1.73295301e-02, ...,
          8.91509317e-01,  8.54226245e-01,  7.39287944e-01],
        [-1.75116677e-02,  1.73295301e-02,  0.00000000e+00, ...,
          8.99225759e-01,  8.63107616e-01,  7.50846450e-01],
        ...,
        [-9.06748961e-01, -8.91509317e-01, -8.99225759e-01, ...,
          0.00000000e+00, -7.65304852e-02, -2.65433775e-01],
        [-8.71819010e-01, -8.54226245e-01, -8.63107616e-01, ...,
          7.65304852e-02,  0.00000000e+00, -1.90870054e-01],
        [-7.62297365e-01, -7.39287944e-01, -7.50846450e-01, ...,
