state_0,state_1,state_2,state_3,state_4,state_5,state_6,state_7,state_8,state_9,state_10,state_11,state_12,state_13,state_14,state_15,state_16,state_17,state_18,state_19,state_20,state_21,state_22,state_23,state_24,state_25,state_26,state_27,state_28,state_29,state_30,state_31,state_32,state_33,state_34,state_35,state_36,state_37,state_38,state_39,state_40,state_41,state_42,state_43,state_44,state_45,state_46,state_47,state_48,state_49,state_50,state_51,state_52,state_53,state_54,state_55,state_56,state_57,state_58,state_59,state_60,state_61,state_62,state_63,state_64,state_65,state_66,state_67,state_68,state_69,state_70,state_71,state_72,state_73,state_74,state_75,state_76,state_77,state_78,state_79,state_80,state_81,state_82,state_83,state_84,state_85,state_86,state_87,state_88,state_89,state_90,state_91,state_92,state_93,state_94,state_95,state_96,state_97,state_98,state_99,state_100,state_101,state_102,state_103,state_104,state_105,state_106,state_107,state_108,state_109,state_110,state_111,state_112,state_113,state_114,state_115,state_116,state_117,state_118,state_119,state_120,state_121,state_122,state_123,state_124,state_125,state_126,state_127,state_128,state_129,state_130,state_131,state_132,state_133,state_134,state_135,state_136,state_137,state_138,state_139,state_140,state_141,state_142,state_143,state_144,state_145,state_146,state_147,state_148,state_149,state_150,state_151,state_152,state_153,state_154,state_155,state_156,state_157,state_158,state_159,state_160,state_161,state_162,state_163,state_164,state_165,state_166,state_167,state_168,state_169,state_170,state_171,state_172,state_173,state_174,state_175,state_176,state_177,state_178,state_179,state_180,state_181,state_182,state_183,state_184,state_185,state_186,state_187,state_188,state_189,state_190,state_191,state_192,state_193,state_194,state_195,state_196,state_197,state_198,state_199,state_200,state_201,state_202,state_203,state_204,state_205,state_206,state_207,state_208,state_209,state_210,state_211,state_212,state_213,state_214,state_215,state_216,state_217,state_218,state_219,state_220,state_221,state_222,state_223,state_224,state_225,state_226,state_227,state_228,state_229,state_230,state_231,state_232,state_233,state_234,state_235,state_236,state_237,state_238,state_239,state_240,state_241,state_242,state_243,state_244,state_245,state_246,state_247,state_248,state_249,state_250,state_251,state_252,state_253,state_254,state_255,state_256,state_257,state_258,state_259,state_260,state_261,state_262,state_263,state_264,state_265,state_266,state_267,state_268,state_269,state_270,state_271,state_272,state_273,state_274,state_275,state_276,state_277,state_278,state_279,state_280,state_281,state_282,state_283,state_284,state_285,state_286,state_287
{'img': array([[[ 0.        ,  0.86870654,  0.98055156, ...,  0.70391888,
          0.77968799,  0.55511187],
        [-0.86870654,  0.        ,  0.31519995, ..., -0.26835511,
         -0.15775584, -0.44760704],
        [-0.98055156, -0.31519995,  0.        , ..., -0.55831422,
         -0.46096735, -0.70665177],
        ...,
        [-0.70391888,  0.26835511,  0.55831422, ...,  0.        ,
          0.11302544, -0.19121756],
        [-0.77968799,  0.15775584,  0.46096735, ..., -0.11302544,
          0.        , -0.30093211],
        [-0.55511187,  0.44760704,  0.70665177, ...,  0.19121756,
          0.30093211,  0.        ]],

       [[ 0.        ,  0.27040842,  0.07002366, ..., -0.70492302,
         -0.84900809, -0.94519662],
        [-0.27040842,  0.        , -0.20232967, ..., -0.87045792,
         -0.96025725, -0.99827279],
        [-0.07002366,  0.20232967,  0.        , ..., -0.75285932,
         -0.88392315, -0.96573932],
        ...,
        [ 0.70492302,  0.87045792,  0.75285932, ...,  0.        ,
         -0.22972059, -0.44025412],
        [ 0.84900809,  0.96025725,  0.88392315, ...,  0.22972059,
          0.        , -0.22222027],
        [ 0.94519662,  0.99827279,  0.96573932, ...,  0.44025412,
          0.22222027,  0.        ]],

       [[ 0.        ,  0.42737934,  0.69076752, ...,  0.90714672,
          0.90881719,  0.88945972],
        [-0.42737934,  0.        ,  0.31547571, ...,  0.6402789 ,
          0.6433362 ,  0.60881782],
        [-0.69076752, -0.31547571,  0.        , ...,  0.36525189,
          0.36896028,  0.32745766],
        ...,
        [-0.90714672, -0.6402789 , -0.36525189, ...,  0.        ,
          0.00398675, -0.04028084],
        [-0.90881719, -0.6433362 , -0.36896028, ..., -0.00398675,
          0.        , -0.04426403],
        [-0.88945972, -0.60881782, -0.32745766, ...,  0.04028084,
          0.04426403,  0.        ]],

       ...,

       [[ 0.        ,  0.09238395,  0.04931149, ..., -0.9566997 ,
         -0.99965137, -0.99989265],
        [-0.09238395,  0.        , -0.04317096, ..., -0.92571751,
         -0.99781556, -0.99697018],
        [-0.04931149,  0.04317096,  0.        , ..., -0.9411824 ,
         -0.99973723, -0.99939874],
        ...,
        [ 0.9566997 ,  0.92571751,  0.9411824 , ...,  0.        ,
          0.31623521,  0.30506306],
        [ 0.99965137,  0.99781556,  0.99973723, ..., -0.31623521,
          0.        , -0.01175349],
        [ 0.99989265,  0.99697018,  0.99939874, ..., -0.30506306,
          0.01175349,  0.        ]],

       [[ 0.        ,  0.62788826,  0.84268017, ...,  0.99366716,
          0.99386491,  0.99345923],
        [-0.62788826,  0.        ,  0.3177968 , ...,  0.8439264 ,
          0.8429735 ,  0.84490969],
        [-0.84268017, -0.3177968 ,  0.        , ...,  0.62969134,
          0.62831238,  0.63111623],
        ...,
        [-0.99366716, -0.8439264 , -0.62969134, ...,  0.        ,
         -0.0017738 ,  0.00183557],
        [-0.99386491, -0.8429735 , -0.62831238, ...,  0.0017738 ,
          0.        ,  0.00360937],
        [-0.99345923, -0.84490969, -0.63111623, ..., -0.00183557,
         -0.00360937,  0.        ]],

       [[ 0.        , -0.1535225 , -0.0695833 , ...,  0.81056567,
          0.8301255 ,  0.86324991],
        [ 0.1535225 ,  0.        ,  0.08439198, ...,  0.71104643,
          0.73468394,  0.77552162],
        [ 0.0695833 , -0.08439198,  0.        , ...,  0.76784967,
          0.78931538,  0.82603348],
        ...,
        [-0.81056567, -0.71104643, -0.76784967, ...,  0.        ,
         -0.0342087 , -0.09640565],
        [-0.8301255 , -0.73468394, -0.78931538, ...,  0.0342087 ,
          0.        , -0.06229987],
        [-0.86324991, -0.77552162, -0.82603348, ...,  0.09640565,
          0.06229987,  0.        ]]]), 'num': array([ 1.62457618e-01,  1.51720354e-01,  2.68431591e-07,  5.36863183e-03,
        5.47600446e-03,  5.26125919e-03,  9.74850662e-01, -1.07372637e-04,
        5.49613683e-03,  5.81557043e-03,  5.98009662e-03,  3.77964022e-06,
        6.41145531e-03,  5.21968555e-03])}
{'img': array([[[ 0.        ,  0.31974468,  0.35591095, ..., -0.16123062,
         -0.46148657, -0.86050975],
        [-0.31974468,  0.        ,  0.0384192 , ..., -0.468328  ,
         -0.72092084, -0.97822501],
        [-0.35591095, -0.0384192 ,  0.        , ..., -0.5019277 ,
         -0.74701377, -0.98547659],
        ...,
        [ 0.16123062,  0.468328  ,  0.5019277 , ...,  0.        ,
         -0.31241354, -0.76711515],
        [ 0.46148657,  0.72092084,  0.74701377, ...,  0.31241354,
          0.        , -0.52830189],
        [ 0.86050975,  0.97822501,  0.98547659, ...,  0.76711515,
          0.52830189,  0.        ]],

       [[ 0.        , -0.20232967, -0.6719708 , ..., -0.96025725,
         -0.99827279, -0.82131818],
        [ 0.20232967,  0.        , -0.50823191, ..., -0.88392315,
         -0.96573932, -0.68890816],
        [ 0.6719708 ,  0.50823191,  0.        , ..., -0.52358692,
         -0.69982092, -0.22491046],
        ...,
        [ 0.96025725,  0.88392315,  0.52358692, ...,  0.        ,
         -0.22222027,  0.31855486],
        [ 0.99827279,  0.96573932,  0.69982092, ...,  0.22222027,
          0.        ,  0.52123345],
        [ 0.82131818,  0.68890816,  0.22491046, ..., -0.31855486,
         -0.52123345,  0.        ]],

       [[ 0.        ,  0.5865874 ,  0.8501033 , ...,  0.87251174,
          0.84773609,  0.79799687],
        [-0.5865874 ,  0.        ,  0.37958041, ...,  0.42003239,
          0.37543287,  0.29277274],
        [-0.8501033 , -0.37958041,  0.        , ...,  0.04412396,
         -0.00447894, -0.09208672],
        ...,
        [-0.87251174, -0.42003239, -0.04412396, ...,  0.        ,
         -0.0485981 , -0.13593351],
        [-0.84773609, -0.37543287,  0.00447894, ...,  0.0485981 ,
          0.        , -0.08762588],
        [-0.79799687, -0.29277274,  0.09208672, ...,  0.13593351,
          0.08762588,  0.        ]],

       ...,

       [[ 0.        , -0.04317096, -0.0398718 , ..., -0.99781556,
         -0.99697018, -0.99740849],
        [ 0.04317096,  0.        ,  0.00330201, ..., -0.99973723,
         -0.99939874, -0.99958461],
        [ 0.0398718 , -0.00330201,  0.        , ..., -0.99965609,
         -0.99927881, -0.99948399],
        ...,
        [ 0.99781556,  0.99973723,  0.99965609, ...,  0.        ,
         -0.01175349, -0.00589913],
        [ 0.99697018,  0.99939874,  0.99927881, ...,  0.01175349,
          0.        ,  0.00585456],
        [ 0.99740849,  0.99958461,  0.99948399, ...,  0.00589913,
         -0.00585456,  0.        ]],

       [[ 0.        ,  0.68322852,  0.86361239, ...,  0.99999996,
          0.99999295,  0.99999701],
        [-0.68322852,  0.        ,  0.28615975, ...,  0.73001448,
          0.73276524,  0.7318728 ],
        [-0.86361239, -0.28615975,  0.        , ...,  0.50391604,
          0.50739599,  0.50626622],
        ...,
        [-0.99999996, -0.73001448, -0.50391604, ...,  0.        ,
          0.00403362,  0.00272306],
        [-0.99999295, -0.73276524, -0.50739599, ..., -0.00403362,
          0.        , -0.00131057],
        [-0.99999701, -0.7318728 , -0.50626622, ..., -0.00272306,
          0.00131057,  0.        ]],

       [[ 0.        ,  0.08439198,  0.27606126, ...,  0.73468394,
          0.77552162,  0.8219152 ],
        [-0.08439198,  0.        ,  0.19396394, ...,  0.78931538,
          0.82603348,  0.86705364],
        [-0.27606126, -0.19396394,  0.        , ...,  0.89341674,
          0.91966816,  0.94722283],
        ...,
        [-0.73468394, -0.78931538, -0.89341674, ...,  0.        ,
         -0.06229987, -0.1391119 ],
        [-0.77552162, -0.82603348, -0.91966816, ...,  0.06229987,
          0.        , -0.07714757],
        [-0.8219152 , -0.86705364, -0.94722283, ...,  0.1391119 ,
          0.07714757,  0.        ]]]), 'num': array([ 8.09221645e-01,  5.83287492e-01,  5.84564430e-06,  4.80710962e-04,
        4.95014134e-04,  4.78845331e-04,  7.02417718e-02, -1.67906804e-05,
        5.04466665e-04,  5.33041916e-04,  5.53346202e-04,  3.12533083e-07,
        5.86751756e-04,  4.79332076e-04])}
{'img': array([[[ 0.        ,  0.03351774,  0.55833259, ..., -0.5839015 ,
         -0.72706473, -0.99746707],
        [-0.03351774,  0.        ,  0.53021199, ..., -0.61078394,
         -0.74966845, -0.99929073],
        [-0.55833259, -0.53021199,  0.        , ..., -0.93768282,
         -0.98651922, -0.86722989],
        ...,
        [ 0.5839015 ,  0.61078394,  0.93768282, ...,  0.        ,
         -0.18936035, -0.76823548],
        [ 0.72706473,  0.74966845,  0.98651922, ...,  0.18936035,
          0.        , -0.63311399],
        [ 0.99746707,  0.99929073,  0.86722989, ...,  0.76823548,
          0.63311399,  0.        ]],

       [[ 0.        , -0.50823191,  0.21136968, ..., -0.96573932,
         -0.68890816, -0.79794251],
        [ 0.50823191,  0.        ,  0.67878486, ..., -0.69982092,
         -0.22491046, -0.38087583],
        [-0.21136968, -0.67878486,  0.        , ..., -0.998773  ,
         -0.82655413, -0.90731355],
        ...,
        [ 0.96573932,  0.69982092,  0.998773  , ...,  0.        ,
          0.52123345,  0.37500617],
        [ 0.68890816,  0.22491046,  0.82655413, ..., -0.52123345,
          0.        , -0.16315948],
        [ 0.79794251,  0.38087583,  0.90731355, ..., -0.37500617,
          0.16315948,  0.        ]],

       [[ 0.        ,  0.72668125,  0.98276224, ...,  0.72268602,
          0.63682497,  0.52200704],
        [-0.72668125,  0.        ,  0.54078845, ..., -0.0057979 ,
         -0.12279465, -0.26121068],
        [-0.98276224, -0.54078845,  0.        , ..., -0.54565632,
         -0.6399856 , -0.74173288],
        ...,
        [-0.72268602,  0.0057979 ,  0.54565632, ...,  0.        ,
         -0.11703856, -0.25560968],
        [-0.63682497,  0.12279465,  0.6399856 , ...,  0.11703856,
          0.        , -0.14070242],
        [-0.52200704,  0.26121068,  0.74173288, ...,  0.25560968,
          0.14070242,  0.        ]],

       ...,

       [[ 0.        ,  0.00330201,  0.4396328 , ..., -0.99939874,
         -0.99958461, -0.98971097],
        [-0.00330201,  0.        ,  0.43666462, ..., -0.99927881,
         -0.99948399, -0.98923312],
        [-0.4396328 , -0.43666462,  0.        , ..., -0.8823946 ,
         -0.88513411, -0.82603309],
        ...,
        [ 0.99939874,  0.99927881,  0.8823946 , ...,  0.        ,
          0.00585456, -0.10867975],
        [ 0.99958461,  0.99948399,  0.88513411, ..., -0.00585456,
          0.        , -0.11449778],
        [ 0.98971097,  0.98923312,  0.82603309, ...,  0.10867975,
          0.11449778,  0.        ]],

       [[ 0.        ,  0.67403058,  0.93229914, ...,  0.9884432 ,
          0.98820968,  0.95862178],
        [-0.67403058,  0.        ,  0.44490371, ...,  0.62798896,
          0.62679535,  0.51625232],
        [-0.93229914, -0.44490371,  0.        , ...,  0.21617939,
          0.21468256,  0.08131264],
        ...,
        [-0.9884432 , -0.62798896, -0.21617939, ...,  0.        ,
         -0.00153282, -0.13607365],
        [-0.98820968, -0.62679535, -0.21468256, ...,  0.00153282,
          0.        , -0.13455493],
        [-0.95862178, -0.51625232, -0.08131264, ...,  0.13607365,
          0.13455493,  0.        ]],

       [[ 0.        ,  0.2635551 ,  0.29427094, ...,  0.77605744,
          0.82244764,  0.85235361],
        [-0.2635551 ,  0.        ,  0.03198139, ...,  0.91483367,
          0.94329036,  0.96004841],
        [-0.29427094, -0.03198139,  0.        , ...,  0.92728077,
          0.95342466,  0.96850679],
        ...,
        [-0.77605744, -0.91483367, -0.92728077, ...,  0.        ,
         -0.07723351, -0.13169565],
        [-0.82244764, -0.94329036, -0.95342466, ...,  0.07723351,
          0.        , -0.05474145],
        [-0.85235361, -0.96004841, -0.96850679, ...,  0.13169565,
          0.05474145,  0.        ]]]), 'num': array([ 7.49105374e-01,  6.56990082e-01,  2.44987477e-06,  4.34506092e-04,
        4.51840111e-04,  4.30461487e-04,  8.48728029e-02, -1.21338137e-05,
        4.59813760e-04,  4.89743834e-04,  5.12855860e-04,  2.77570902e-07,
        5.40877593e-04,  4.38610076e-04])}
{'img': array([[[ 0.        ,  0.49899618,  0.00770188, ..., -0.66591107,
         -0.86272006, -0.99893434],
        [-0.49899618,  0.        , -0.4923069 , ..., -0.949348  ,
         -0.99997011, -0.84265009],
        [-0.00770188,  0.4923069 ,  0.        , ..., -0.67163716,
         -0.86658918, -0.99854924],
        ...,
        [ 0.66591107,  0.949348  ,  0.67163716, ...,  0.        ,
         -0.30687691, -0.77597047],
        [ 0.86272006,  0.99997011,  0.86658918, ...,  0.30687691,
          0.        , -0.54496078],
        [ 0.99893434,  0.84265009,  0.99854924, ...,  0.77597047,
          0.54496078,  0.        ]],

       [[ 0.        ,  0.67878486,  0.9706202 , ..., -0.22491046,
         -0.38087583, -0.21760798],
        [-0.67878486,  0.        ,  0.54943548, ..., -0.82655413,
         -0.90731355, -0.82231627],
        [-0.9706202 , -0.54943548,  0.        , ..., -0.99986959,
         -0.98910598, -0.99972063],
        ...,
        [ 0.22491046,  0.82655413,  0.99986959, ...,  0.        ,
         -0.16315948,  0.00748802],
        [ 0.38087583,  0.90731355,  0.98910598, ...,  0.16315948,
          0.        ,  0.17054258],
        [ 0.21760798,  0.82231627,  0.99972063, ..., -0.00748802,
         -0.17054258,  0.        ]],

       [[ 0.        ,  0.53402586,  0.68460502, ..., -0.11957378,
         -0.25292505, -0.73812763],
        [-0.53402586,  0.        ,  0.18955268, ..., -0.63129021,
         -0.73050255, -0.98434987],
        [-0.68460502, -0.18955268,  0.        , ..., -0.76685222,
         -0.84670636, -0.99990812],
        ...,
        [ 0.11957378,  0.63129021,  0.76685222, ...,  0.        ,
         -0.13542446, -0.65216002],
        [ 0.25292505,  0.73050255,  0.84670636, ...,  0.13542446,
          0.        , -0.54348936],
        [ 0.73812763,  0.98434987,  0.99990812, ...,  0.65216002,
          0.54348936,  0.        ]],

       ...,

       [[ 0.        ,  0.43666462, -0.2370511 , ..., -0.99948399,
         -0.98923312, -0.98169616],
        [-0.43666462,  0.        , -0.63747539, ..., -0.88513411,
         -0.82603309, -0.79999334],
        [ 0.2370511 ,  0.63747539,  0.        , ..., -0.97861017,
         -0.99572922, -0.99886234],
        ...,
        [ 0.99948399,  0.88513411,  0.97861017, ...,  0.        ,
         -0.11449778, -0.1588226 ],
        [ 0.98923312,  0.82603309,  0.99572922, ...,  0.11449778,
          0.        , -0.04473364],
        [ 0.98169616,  0.79999334,  0.99886234, ...,  0.1588226 ,
          0.04473364,  0.        ]],

       [[ 0.        ,  0.82418137,  0.92013516, ...,  0.94523234,
          0.87849693,  0.82004668],
        [-0.82418137,  0.        ,  0.19834622, ...,  0.26629822,
          0.10376459, -0.00726253],
        [-0.92013516, -0.19834622,  0.        , ...,  0.06982334,
         -0.09557252, -0.20545922],
        ...,
        [-0.94523234, -0.26629822, -0.06982334, ...,  0.        ,
         -0.16484298, -0.27329147],
        [-0.87849693, -0.10376459,  0.09557252, ...,  0.16484298,
          0.        , -0.11098518],
        [-0.82004668,  0.00726253,  0.20545922, ...,  0.27329147,
          0.11098518,  0.        ]],

       [[ 0.        ,  0.13447397,  0.45352611, ...,  0.82776043,
          0.85756164,  0.89960454],
        [-0.13447397,  0.        ,  0.32955781, ...,  0.89569287,
          0.9189434 ,  0.95015906],
        [-0.45352611, -0.32955781,  0.        , ...,  0.99220088,
          0.99758111,  0.99982358],
        ...,
        [-0.82776043, -0.89569287, -0.99220088, ...,  0.        ,
         -0.05537772, -0.14326412],
        [-0.85756164, -0.9189434 , -0.99758111, ...,  0.05537772,
          0.        , -0.0882378 ],
        [-0.89960454, -0.95015906, -0.99982358, ...,  0.14326412,
          0.0882378 ,  0.        ]]]), 'num': array([7.40319415e-01, 6.58650928e-01, 2.06755663e-06, 4.48727950e-04,
       4.54408051e-04, 4.15215356e-04, 1.34552587e-01, 2.15843824e-05,
       4.46569512e-04, 4.77071652e-04, 5.03237982e-04, 3.96175086e-07,
       5.22510895e-04, 4.31632409e-04])}
{'img': array([[[ 0.        , -0.4923069 , -0.58929639, ..., -0.99997011,
         -0.84265009, -0.97677125],
        [ 0.4923069 ,  0.        , -0.11519328, ..., -0.86658918,
         -0.99854924, -0.74470904],
        [ 0.58929639,  0.11519328,  0.        , ..., -0.80333637,
         -0.99810471, -0.66287283],
        ...,
        [ 0.99997011,  0.86658918,  0.80333637, ...,  0.        ,
         -0.54496078,  0.20672594],
        [ 0.84265009,  0.99854924,  0.99810471, ...,  0.54496078,
          0.        ,  0.70652077],
        [ 0.97677125,  0.74470904,  0.66287283, ..., -0.20672594,
         -0.70652077,  0.        ]],

       [[ 0.        ,  0.54943548, -0.0267953 , ..., -0.90731355,
         -0.82231627, -0.57070393],
        [-0.54943548,  0.        , -0.57162664, ..., -0.98910598,
         -0.99972063, -0.92801595],
        [ 0.0267953 ,  0.57162664,  0.        , ..., -0.89572157,
         -0.80677366, -0.54849589],
        ...,
        [ 0.90731355,  0.98910598,  0.89572157, ...,  0.        ,
          0.17054258,  0.50509076],
        [ 0.82231627,  0.99972063,  0.80677366, ..., -0.17054258,
          0.        ,  0.35050179],
        [ 0.57070393,  0.92801595,  0.54849589, ..., -0.50509076,
         -0.35050179,  0.        ]],

       [[ 0.        ,  0.1800753 ,  0.22301854, ..., -0.66705102,
         -0.84691079, -0.99275467],
        [-0.1800753 ,  0.        ,  0.04383286, ..., -0.79030489,
         -0.92881853, -0.99816359],
        [-0.22301854, -0.04383286,  0.        , ..., -0.81640231,
         -0.94416743, -0.99454902],
        ...,
        [ 0.66705102,  0.79030489,  0.81640231, ...,  0.        ,
         -0.27626435, -0.65946207],
        [ 0.84691079,  0.92881853,  0.94416743, ...,  0.27626435,
          0.        , -0.42611856],
        [ 0.99275467,  0.99816359,  0.99454902, ...,  0.65946207,
          0.42611856,  0.        ]],

       ...,

       [[ 0.        , -0.63747539, -0.63326619, ..., -0.82603309,
         -0.79999334, -0.96752046],
        [ 0.63747539,  0.        ,  0.00545086, ..., -0.99572922,
         -0.99886234, -0.90659533],
        [ 0.63326619, -0.00545086,  0.        , ..., -0.99621766,
         -0.99910743, -0.90888213],
        ...,
        [ 0.82603309,  0.99572922,  0.99621766, ...,  0.        ,
         -0.04473364,  0.33650029],
        [ 0.79999334,  0.99886234,  0.99910743, ...,  0.04473364,
          0.        ,  0.37828836],
        [ 0.96752046,  0.90659533,  0.90888213, ..., -0.33650029,
         -0.37828836,  0.        ]],

       [[ 0.        ,  0.26194682,  0.36164888, ...,  0.1417248 ,
         -0.01041536, -0.64853864],
        [-0.26194682,  0.        ,  0.10480415, ..., -0.12252665,
         -0.27198429, -0.82528231],
        [-0.36164888, -0.10480415,  0.        , ..., -0.22586636,
         -0.37133965, -0.87992242],
        ...,
        [-0.1417248 ,  0.12252665,  0.22586636, ...,  0.        ,
         -0.15202735, -0.74987069],
        [ 0.01041536,  0.27198429,  0.37133965, ...,  0.15202735,
          0.        , -0.64057548],
        [ 0.64853864,  0.82528231,  0.87992242, ...,  0.74987069,
          0.64057548,  0.        ]],

       [[ 0.        ,  0.43615587,  0.65388213, ...,  0.85888663,
          0.90084751,  0.89825234],
        [-0.43615587,  0.        ,  0.25841567, ...,  0.99627138,
          0.99999748,  0.99999316],
        [-0.65388213, -0.25841567,  0.        , ...,  0.98472659,
          0.96545156,  0.96698268],
        ...,
        [-0.85888663, -0.99627138, -0.98472659, ...,  0.        ,
         -0.08850994, -0.08259051],
        [-0.90084751, -0.99999748, -0.96545156, ...,  0.08850994,
          0.        ,  0.00594118],
        [-0.89825234, -0.99999316, -0.96698268, ...,  0.08259051,
         -0.00594118,  0.        ]]]), 'num': array([7.30526986e-01, 6.81816322e-01, 1.23318136e-06, 4.42824216e-04,
       4.50111197e-04, 4.36097772e-04, 3.81463129e-02, 0.00000000e+00,
       4.37779383e-04, 4.67347709e-04, 4.95103632e-04, 3.34800370e-07,
       5.09583901e-04, 4.25111517e-04])}
{'img': array([[[ 0.        , -0.11519328, -0.2448698 , ..., -0.99854924,
         -0.74470904, -0.74470904],
        [ 0.11519328,  0.        , -0.13155339, ..., -0.99810471,
         -0.66287283, -0.66287283],
        [ 0.2448698 ,  0.13155339,  0.        , ..., -0.98133468,
         -0.55861362, -0.55861362],
        ...,
        [ 0.99854924,  0.99810471,  0.98133468, ...,  0.        ,
          0.70652077,  0.70652077],
        [ 0.74470904,  0.66287283,  0.55861362, ..., -0.70652077,
          0.        ,  0.        ],
        [ 0.74470904,  0.66287283,  0.55861362, ..., -0.70652077,
          0.        ,  0.        ]],

       [[ 0.        , -0.57162664, -0.61647891, ..., -0.99972063,
         -0.92801595, -0.88318799],
        [ 0.57162664,  0.        , -0.05574701, ..., -0.80677366,
         -0.54849589, -0.99277183],
        [ 0.61647891,  0.05574701,  0.        , ..., -0.77258035,
         -0.5010299 , -0.9845374 ],
        ...,
        [ 0.99972063,  0.80677366,  0.77258035, ...,  0.        ,
          0.35050179, -0.48976316],
        [ 0.92801595,  0.54849589,  0.5010299 , ..., -0.35050179,
          0.        , -0.76428052],
        [ 0.88318799,  0.99277183,  0.9845374 , ...,  0.48976316,
          0.76428052,  0.        ]],

       [[ 0.        ,  0.04282379, -0.00971107, ..., -0.89712252,
         -0.97267172, -0.99644712],
        [-0.04282379,  0.        , -0.05252394, ..., -0.91521831,
         -0.98172246, -0.99192637],
        [ 0.00971107,  0.05252394,  0.        , ..., -0.89279005,
         -0.97037109, -0.99721801],
        ...,
        [ 0.89712252,  0.91521831,  0.89279005, ...,  0.        ,
         -0.22141059, -0.51576853],
        [ 0.97267172,  0.98172246,  0.97037109, ...,  0.22141059,
          0.        , -0.31327886],
        [ 0.99644712,  0.99192637,  0.99721801, ...,  0.51576853,
          0.31327886,  0.        ]],

       ...,

       [[ 0.        ,  0.00545086, -0.23381977, ..., -0.99886234,
         -0.90659533, -0.96433796],
        [-0.00545086,  0.        , -0.23911605, ..., -0.99910743,
         -0.90888213, -0.96576633],
        [ 0.23381977,  0.23911605,  0.        , ..., -0.96002371,
         -0.78279227, -0.87572047],
        ...,
        [ 0.99886234,  0.99910743,  0.96002371, ...,  0.        ,
          0.37828836,  0.21838665],
        [ 0.90659533,  0.90888213,  0.78279227, ..., -0.37828836,
          0.        , -0.16699949],
        [ 0.96433796,  0.96576633,  0.87572047, ..., -0.21838665,
          0.16699949,  0.        ]],

       [[ 0.        ,  0.09114617,  0.13184564, ..., -0.22439753,
         -0.53019872, -0.89182729],
        [-0.09114617,  0.        ,  0.04094634, ..., -0.31228521,
         -0.60527219, -0.92934742],
        [-0.13184564, -0.04094634,  0.        , ..., -0.35092186,
         -0.63735863, -0.94368567],
        ...,
        [ 0.22439753,  0.31228521,  0.35092186, ...,  0.        ,
         -0.32641673, -0.76757156],
        [ 0.53019872,  0.60527219,  0.63735863, ...,  0.32641673,
          0.        , -0.51630744],
        [ 0.89182729,  0.92934742,  0.94368567, ...,  0.76757156,
          0.51630744,  0.        ]],

       [[ 0.        ,  0.52811269,  0.70931214, ...,  0.91462073,
          0.91211294,  0.91678815],
        [-0.52811269,  0.        ,  0.2300659 , ...,  0.99019519,
          0.99103685,  0.98942734],
        [-0.70931214, -0.2300659 ,  0.        , ...,  0.93149519,
          0.93371813,  0.92951968],
        ...,
        [-0.91462073, -0.99019519, -0.93149519, ...,  0.        ,
          0.00615968, -0.00539366],
        [-0.91211294, -0.99103685, -0.93371813, ..., -0.00615968,
          0.        , -0.01155315],
        [-0.91678815, -0.98942734, -0.92951968, ...,  0.00539366,
          0.01155315,  0.        ]]]), 'num': array([7.22917165e-01, 6.89250219e-01, 8.42727062e-07, 4.42986133e-04,
       4.55737924e-04, 4.37996302e-04, 4.82000848e-02, 4.98983129e-06,
       4.32895585e-04, 4.59646625e-04, 4.88874100e-04, 3.63160938e-07,
       4.99351364e-04, 4.19941887e-04])}
{'img': array([[[ 0.        , -0.13155339, -0.13155339, ..., -0.66287283,
         -0.66287283, -0.58988816],
        [ 0.13155339,  0.        ,  0.        , ..., -0.55861362,
         -0.55861362, -0.47853412],
        [ 0.13155339,  0.        ,  0.        , ..., -0.55861362,
         -0.55861362, -0.47853412],
        ...,
        [ 0.66287283,  0.55861362,  0.55861362, ...,  0.        ,
          0.        ,  0.09359169],
        [ 0.66287283,  0.55861362,  0.55861362, ...,  0.        ,
          0.        ,  0.09359169],
        [ 0.58988816,  0.47853412,  0.47853412, ..., -0.09359169,
         -0.09359169,  0.        ]],

       [[ 0.        , -0.05574701, -0.64679339, ..., -0.54849589,
         -0.99277183, -0.95715083],
        [ 0.05574701,  0.        , -0.60327128, ..., -0.5010299 ,
         -0.9845374 , -0.93951862],
        [ 0.64679339,  0.60327128,  0.        , ...,  0.12249963,
         -0.67952634, -0.54268087],
        ...,
        [ 0.54849589,  0.5010299 , -0.12249963, ...,  0.        ,
         -0.76428052, -0.64148591],
        [ 0.99277183,  0.9845374 ,  0.67952634, ...,  0.76428052,
          0.        ,  0.17262224],
        [ 0.95715083,  0.93951862,  0.54268087, ...,  0.64148591,
         -0.17262224,  0.        ]],

       [[ 0.        , -0.05247784, -0.11229701, ..., -0.98073644,
         -0.99783584, -0.99181804],
        [ 0.05247784,  0.        , -0.05999637, ..., -0.96913428,
         -0.99991156, -0.99715071],
        [ 0.11229701,  0.05999637,  0.        , ..., -0.95259736,
         -0.99890823, -0.99988027],
        ...,
        [ 0.98073644,  0.96913428,  0.95259736, ...,  0.        ,
         -0.25940063, -0.31893786],
        [ 0.99783584,  0.99991156,  0.99890823, ...,  0.25940063,
          0.        , -0.06216696],
        [ 0.99181804,  0.99715071,  0.99988027, ...,  0.31893786,
          0.06216696,  0.        ]],

       ...,

       [[ 0.        , -0.23911605, -0.27225285, ..., -0.90888213,
         -0.96576633, -0.93564829],
        [ 0.23911605,  0.        , -0.03427144, ..., -0.78279227,
         -0.87572047, -0.82411392],
        [ 0.27225285,  0.03427144,  0.        , ..., -0.76100589,
         -0.85865915, -0.80421763],
        ...,
        [ 0.90888213,  0.78279227,  0.76100589, ...,  0.        ,
         -0.16699949, -0.06943976],
        [ 0.96576633,  0.87572047,  0.85865915, ...,  0.16699949,
          0.        ,  0.09813177],
        [ 0.93564829,  0.82411392,  0.80421763, ...,  0.06943976,
         -0.09813177,  0.        ]],

       [[ 0.        ,  0.03781369,  0.09730912, ..., -0.53028385,
         -0.72061422, -0.95503702],
        [-0.03781369,  0.        ,  0.05960529, ..., -0.5619638 ,
         -0.74631645, -0.96556523],
        [-0.09730912, -0.05960529,  0.        , ..., -0.61026786,
         -0.78466227, -0.97935546],
        ...,
        [ 0.53028385,  0.5619638 ,  0.61026786, ...,  0.        ,
         -0.24328626, -0.65247759],
        [ 0.72061422,  0.74631645,  0.78466227, ...,  0.24328626,
          0.        , -0.44850932],
        [ 0.95503702,  0.96556523,  0.97935546, ...,  0.65247759,
          0.44850932,  0.        ]],

       [[ 0.        ,  0.53641836,  0.6778124 , ...,  0.93225132,
          0.93660594,  0.93931826],
        [-0.53641836,  0.        ,  0.17764778, ...,  0.98085784,
          0.97840335,  0.97675641],
        [-0.6778124 , -0.17764778,  0.        , ...,  0.93066394,
          0.92612034,  0.92314104],
        ...,
        [-0.93225132, -0.98085784, -0.93066394, ...,  0.        ,
         -0.01222827, -0.02005008],
        [-0.93660594, -0.97840335, -0.92612034, ...,  0.01222827,
          0.        , -0.00782276],
        [-0.93931826, -0.97675641, -0.92314104, ...,  0.02005008,
          0.00782276,  0.        ]]]), 'num': array([ 7.20422631e-01,  6.92811290e-01,  6.96376817e-07,  4.38275251e-04,
        4.48776171e-04,  4.34406490e-04,  3.16562068e-02, -3.31608008e-06,
        4.33743274e-04,  4.55905743e-04,  4.86588695e-04,  4.06382363e-07,
        4.94509403e-04,  4.17302083e-04])}
{'img': array([[[ 0.        ,  0.        ,  0.47785025, ..., -0.55861362,
         -0.47853412, -0.53166288],
        [ 0.        ,  0.        ,  0.47785025, ..., -0.55861362,
         -0.47853412, -0.53166288],
        [-0.47785025, -0.47785025,  0.        , ..., -0.88705167,
         -0.83994961, -0.8717528 ],
        ...,
        [ 0.55861362,  0.55861362,  0.88705167, ...,  0.        ,
          0.09359169,  0.03214512],
        [ 0.47853412,  0.47853412,  0.83994961, ..., -0.09359169,
          0.        , -0.06153929],
        [ 0.53166288,  0.53166288,  0.8717528 , ..., -0.03214512,
          0.06153929,  0.        ]],

       [[ 0.        , -0.60327128, -0.31278684, ..., -0.9845374 ,
         -0.93951862, -0.99968375],
        [ 0.60327128,  0.        ,  0.32354236, ..., -0.67952634,
         -0.54268087, -0.81245466],
        [ 0.31278684, -0.32354236,  0.        , ..., -0.88034434,
         -0.7852479 , -0.9573888 ],
        ...,
        [ 0.9845374 ,  0.67952634,  0.88034434, ...,  0.        ,
          0.17262224, -0.19987784],
        [ 0.93951862,  0.54268087,  0.7852479 , ..., -0.17262224,
          0.        , -0.36601616],
        [ 0.99968375,  0.81245466,  0.9573888 , ...,  0.19987784,
          0.36601616,  0.        ]],

       [[ 0.        , -0.05999637, -0.11972119, ..., -0.99991156,
         -0.99715071, -0.97935487],
        [ 0.05999637,  0.        , -0.05994067, ..., -0.99890823,
         -0.99988027, -0.96546247],
        [ 0.11972119,  0.05994067,  0.        , ..., -0.99431198,
         -0.99900994, -0.94810944],
        ...,
        [ 0.99991156,  0.99890823,  0.99431198, ...,  0.        ,
         -0.06216696,  0.21515558],
        [ 0.99715071,  0.99988027,  0.99900994, ...,  0.06216696,
          0.        ,  0.27545042],
        [ 0.97935487,  0.96546247,  0.94810944, ..., -0.21515558,
         -0.27545042,  0.        ]],

       ...,

       [[ 0.        , -0.03427144,  0.00259036, ..., -0.87572047,
         -0.82411392, -0.74380547],
        [ 0.03427144,  0.        ,  0.03686017, ..., -0.85865915,
         -0.80421763, -0.72046164],
        [-0.00259036, -0.03686017,  0.        , ..., -0.87696821,
         -0.8255784 , -0.74553437],
        ...,
        [ 0.87572047,  0.85865915,  0.87696821, ...,  0.        ,
          0.09813177,  0.22620518],
        [ 0.82411392,  0.80421763,  0.8255784 , ..., -0.09813177,
          0.        ,  0.12952523],
        [ 0.74380547,  0.72046164,  0.74553437, ..., -0.22620518,
         -0.12952523,  0.        ]],

       [[ 0.        ,  0.05691342,  0.20750742, ..., -0.68526667,
         -0.82651517, -0.97663449],
        [-0.05691342,  0.        ,  0.15149646, ..., -0.72560554,
         -0.85721288, -0.98728258],
        [-0.20750742, -0.15149646,  0.        , ..., -0.82147681,
         -0.92533371, -0.99997134],
        ...,
        [ 0.68526667,  0.72560554,  0.82147681, ...,  0.        ,
         -0.21619809, -0.56400662],
        [ 0.82651517,  0.85721288,  0.92533371, ...,  0.21619809,
          0.        , -0.37213763],
        [ 0.97663449,  0.98728258,  0.99997134, ...,  0.56400662,
          0.37213763,  0.        ]],

       [[ 0.        ,  0.47109537,  0.62737291, ...,  0.95537069,
          0.95779531,  0.96347917],
        [-0.47109537,  0.        ,  0.18654363, ...,  0.98188166,
          0.98027116,  0.97601937],
        [-0.62737291, -0.18654363,  0.        , ...,  0.92929727,
          0.92619241,  0.91827948],
        ...,
        [-0.95537069, -0.98188166, -0.92929727, ...,  0.        ,
         -0.0083196 , -0.02878874],
        [-0.95779531, -0.98027116, -0.92619241, ...,  0.0083196 ,
          0.        , -0.02047159],
        [-0.96347917, -0.97601937, -0.91827948, ...,  0.02878874,
          0.02047159,  0.        ]]]), 'num': array([ 7.13506976e-01,  6.99908474e-01,  3.50476853e-07,  4.24953184e-04,
        4.35357965e-04,  4.23310324e-04,  3.21612784e-02, -9.30954140e-06,
        4.32400817e-04,  4.49157991e-04,  4.81394560e-04,  3.91157202e-07,
        4.87341840e-04,  4.10974143e-04])}
{'img': array([[[ 0.        ,  0.47785025,  0.48492719, ..., -0.47853412,
         -0.53166288, -0.6888345 ],
        [-0.47785025,  0.        ,  0.00807398, ..., -0.83994961,
         -0.8717528 , -0.95150324],
        [-0.48492719, -0.00807398,  0.        , ..., -0.84430369,
         -0.8756802 , -0.95395609],
        ...,
        [ 0.47853412,  0.83994961,  0.84430369, ...,  0.        ,
         -0.06153929, -0.2579459 ],
        [ 0.53166288,  0.8717528 ,  0.8756802 , ...,  0.06153929,
          0.        , -0.19800024],
        [ 0.6888345 ,  0.95150324,  0.95395609, ...,  0.2579459 ,
          0.19800024,  0.        ]],

       [[ 0.        ,  0.32354236,  0.13078233, ..., -0.54268087,
         -0.81245466, -0.78363089],
        [-0.32354236,  0.        , -0.19701546, ..., -0.7852479 ,
         -0.9573888 , -0.94247543],
        [-0.13078233,  0.19701546,  0.        , ..., -0.64786901,
         -0.88172586, -0.85814585],
        ...,
        [ 0.54268087,  0.7852479 ,  0.64786901, ...,  0.        ,
         -0.36601616, -0.32107428],
        [ 0.81245466,  0.9573888 ,  0.88172586, ...,  0.36601616,
          0.        ,  0.04784263],
        [ 0.78363089,  0.94247543,  0.85814585, ...,  0.32107428,
         -0.04784263,  0.        ]],

       [[ 0.        , -0.05994067,  0.00386905, ..., -0.99988027,
         -0.96546247, -0.92103081],
        [ 0.05994067,  0.        ,  0.06380231, ..., -0.99900994,
         -0.94810944, -0.89602847],
        [-0.00386905, -0.06380231,  0.        , ..., -0.99981292,
         -0.9664633 , -0.92253087],
        ...,
        [ 0.99988027,  0.99900994,  0.99981292, ...,  0.        ,
          0.27545042,  0.40369502],
        [ 0.96546247,  0.94810944,  0.9664633 , ..., -0.27545042,
          0.        ,  0.13607036],
        [ 0.92103081,  0.89602847,  0.92253087, ..., -0.40369502,
         -0.13607036,  0.        ]],

       ...,

       [[ 0.        ,  0.03686017,  0.00534881, ..., -0.80421763,
         -0.72046164, -0.7432171 ],
        [-0.03686017,  0.        , -0.03151446, ..., -0.8255784 ,
         -0.74553437, -0.76737334],
        [-0.00534881,  0.03151446,  0.        , ..., -0.80738511,
         -0.7241607 , -0.74678509],
        ...,
        [ 0.80421763,  0.8255784 ,  0.80738511, ...,  0.        ,
          0.12952523,  0.09634219],
        [ 0.72046164,  0.74553437,  0.7241607 , ..., -0.12952523,
          0.        , -0.0333921 ],
        [ 0.7432171 ,  0.76737334,  0.74678509, ..., -0.09634219,
          0.0333921 ,  0.        ]],

       [[ 0.        ,  0.14690375,  0.23694802, ..., -0.80500659,
         -0.8937227 , -0.99202749],
        [-0.14690375,  0.        ,  0.09165705, ..., -0.88342588,
         -0.94993045, -0.99977783],
        [-0.23694802, -0.09165705,  0.        , ..., -0.92265505,
         -0.97457113, -0.99363744],
        ...,
        [ 0.80500659,  0.88342588,  0.92265505, ...,  0.        ,
         -0.16907327, -0.4870878 ],
        [ 0.8937227 ,  0.94993045,  0.97457113, ...,  0.16907327,
          0.        , -0.33241478],
        [ 0.99202749,  0.99977783,  0.99363744, ...,  0.4870878 ,
          0.33241478,  0.        ]],

       [[ 0.        ,  0.45564674,  0.68410104, ...,  0.97007438,
          0.97506764,  0.98334187],
        [-0.45564674,  0.        ,  0.27661693, ...,  0.97415672,
          0.96907847,  0.95815322],
        [-0.68410104, -0.27661693,  0.        , ...,  0.87366504,
          0.8630093 ,  0.84158312],
        ...,
        [-0.97007438, -0.97415672, -0.87366504, ...,  0.        ,
         -0.02148704, -0.06243697],
        [-0.97506764, -0.96907847, -0.8630093 , ...,  0.02148704,
          0.        , -0.04097744],
        [-0.98334187, -0.95815322, -0.84158312, ...,  0.06243697,
          0.04097744,  0.        ]]]), 'num': array([7.11523541e-01, 7.01004294e-01, 2.61998681e-07, 4.38301961e-04,
       4.42122775e-04, 4.17014568e-04, 4.82250056e-02, 1.47374258e-05,
       4.32406990e-04, 4.46189213e-04, 4.79330227e-04, 4.64536669e-07,
       4.83229318e-04, 4.09149107e-04])}
{'img': array([[[ 0.        ,  0.00807398,  0.28743836, ..., -0.8717528 ,
         -0.95150324, -0.81795328],
        [-0.00807398,  0.        ,  0.27969574, ..., -0.8756802 ,
         -0.95395609, -0.82257146],
        [-0.28743836, -0.27969574,  0.        , ..., -0.97579335,
         -0.99977615, -0.94879383],
        ...,
        [ 0.8717528 ,  0.8756802 ,  0.97579335, ...,  0.        ,
         -0.19800024,  0.10075309],
        [ 0.95150324,  0.95395609,  0.99977615, ...,  0.19800024,
          0.        ,  0.29575109],
        [ 0.81795328,  0.82257146,  0.94879383, ..., -0.10075309,
         -0.29575109,  0.        ]],

       [[ 0.        , -0.19701546, -0.17057788, ..., -0.9573888 ,
         -0.94247543, -0.77871049],
