state_0,state_1,state_2,state_3,state_4,state_5,state_6,state_7,state_8,state_9,state_10,state_11,state_12,state_13,state_14,state_15,state_16,state_17,state_18,state_19,state_20,state_21,state_22,state_23,state_24,state_25,state_26,state_27,state_28,state_29,state_30,state_31,state_32,state_33,state_34,state_35,state_36,state_37,state_38,state_39,state_40,state_41,state_42,state_43,state_44,state_45,state_46,state_47,state_48,state_49,state_50,state_51,state_52,state_53,state_54,state_55,state_56,state_57,state_58,state_59,state_60,state_61,state_62,state_63,state_64,state_65,state_66,state_67,state_68,state_69,state_70,state_71,state_72,state_73,state_74,state_75,state_76,state_77,state_78,state_79,state_80,state_81,state_82,state_83,state_84,state_85,state_86,state_87,state_88,state_89,state_90,state_91,state_92,state_93,state_94,state_95,state_96,state_97,state_98,state_99,state_100,state_101,state_102,state_103,state_104,state_105,state_106,state_107,state_108,state_109,state_110,state_111,state_112,state_113,state_114,state_115,state_116,state_117,state_118,state_119,state_120,state_121,state_122,state_123,state_124,state_125,state_126,state_127,state_128,state_129,state_130,state_131,state_132,state_133,state_134,state_135,state_136,state_137,state_138,state_139,state_140,state_141,state_142,state_143,state_144,state_145,state_146,state_147,state_148,state_149,state_150,state_151,state_152,state_153,state_154,state_155,state_156,state_157,state_158,state_159,state_160,state_161,state_162,state_163,state_164,state_165,state_166,state_167,state_168,state_169,state_170,state_171,state_172,state_173,state_174,state_175,state_176,state_177,state_178,state_179,state_180,state_181,state_182,state_183,state_184,state_185,state_186,state_187,state_188,state_189,state_190,state_191,state_192,state_193,state_194,state_195,state_196,state_197,state_198,state_199,state_200,state_201,state_202,state_203,state_204,state_205,state_206,state_207,state_208,state_209,state_210,state_211,state_212,state_213,state_214,state_215,state_216,state_217,state_218,state_219,state_220,state_221,state_222,state_223,state_224,state_225,state_226,state_227,state_228,state_229,state_230,state_231,state_232,state_233,state_234,state_235,state_236,state_237,state_238,state_239,state_240,state_241,state_242,state_243,state_244,state_245,state_246,state_247,state_248,state_249,state_250,state_251,state_252,state_253,state_254,state_255,state_256,state_257,state_258,state_259,state_260,state_261,state_262,state_263,state_264,state_265,state_266,state_267,state_268,state_269,state_270,state_271,state_272,state_273,state_274,state_275,state_276,state_277,state_278,state_279,state_280,state_281,state_282,state_283,state_284,state_285,state_286,state_287
{'img': array([[[ 0.        ,  0.05562002,  0.13856695, ..., -0.57255841,
         -0.66207171, -0.57255841],
        [-0.05562002,  0.        ,  0.083269  , ..., -0.61727294,
         -0.70273073, -0.61727294],
        [-0.13856695, -0.083269  ,  0.        , ..., -0.68064102,
         -0.75953244, -0.68064102],
        ...,
        [ 0.57255841,  0.61727294,  0.68064102, ...,  0.        ,
         -0.11371027,  0.        ],
        [ 0.66207171,  0.70273073,  0.75953244, ...,  0.11371027,
          0.        ,  0.11371027],
        [ 0.57255841,  0.61727294,  0.68064102, ...,  0.        ,
         -0.11371027,  0.        ]],

       [[ 0.        ,  0.11154099,  0.08787842, ...,  0.40725538,
         -0.01269722,  0.17258119],
        [-0.11154099,  0.        , -0.02377942, ...,  0.30284206,
         -0.12414999,  0.06163691],
        [-0.08787842,  0.02377942,  0.        , ...,  0.32541918,
         -0.10051944,  0.08535368],
        ...,
        [-0.40725538, -0.30284206, -0.32541918, ...,  0.        ,
         -0.41881911, -0.24352376],
        [ 0.01269722,  0.12414999,  0.10051944, ...,  0.41881911,
          0.        ,  0.18507399],
        [-0.17258119, -0.06163691, -0.08535368, ...,  0.24352376,
         -0.18507399,  0.        ]],

       [[ 0.        ,  0.06845458,  0.08896585, ..., -0.91387757,
         -0.84168674, -0.76341228],
        [-0.06845458,  0.        ,  0.02057402, ..., -0.93952569,
         -0.87667549, -0.80583709],
        [-0.08896585, -0.02057402,  0.        , ..., -0.94637299,
         -0.88638773, -0.81784917],
        ...,
        [ 0.91387757,  0.93952569,  0.94637299, ...,  0.        ,
          0.15174664,  0.28034639],
        [ 0.84168674,  0.87667549,  0.88638773, ..., -0.15174664,
          0.        ,  0.13143838],
        [ 0.76341228,  0.80583709,  0.81784917, ..., -0.28034639,
         -0.13143838,  0.        ]],

       ...,

       [[ 0.        , -0.09276976, -0.04539317, ..., -0.98301892,
         -0.97246418, -0.91984366],
        [ 0.09276976,  0.        ,  0.04747672, ..., -0.96175609,
         -0.9466503 , -0.87948471],
        [ 0.04539317, -0.04747672,  0.        , ..., -0.97367578,
         -0.96088278, -0.90108842],
        ...,
        [ 0.98301892,  0.96175609,  0.97367578, ...,  0.        ,
          0.05064359,  0.21682851],
        [ 0.97246418,  0.9466503 ,  0.96088278, ..., -0.05064359,
          0.        ,  0.16711151],
        [ 0.91984366,  0.87948471,  0.90108842, ..., -0.21682851,
         -0.16711151,  0.        ]],

       [[ 0.        ,  0.36318813,  0.54093495, ...,  0.97020883,
          0.94492416,  0.93171098],
        [-0.36318813,  0.        ,  0.19853303, ...,  0.81596927,
          0.76153317,  0.73617973],
        [-0.54093495, -0.19853303,  0.        , ...,  0.68495574,
          0.61769984,  0.58716108],
        ...,
        [-0.97020883, -0.81596927, -0.68495574, ...,  0.        ,
         -0.08861212, -0.12665463],
        [-0.94492416, -0.76153317, -0.61769984, ...,  0.08861212,
          0.        , -0.03825788],
        [-0.93171098, -0.73617973, -0.58716108, ...,  0.12665463,
          0.03825788,  0.        ]],

       [[ 0.        ,  0.10224351,  0.16798704, ..., -0.47428978,
         -0.63643369, -0.87529208],
        [-0.10224351,  0.        ,  0.06631615, ..., -0.56181621,
         -0.71196203, -0.92014944],
        [-0.16798704, -0.06631615,  0.        , ..., -0.6154403 ,
         -0.75696315, -0.94409112],
        ...,
        [ 0.47428978,  0.56181621,  0.6154403 , ...,  0.        ,
         -0.19446175, -0.54121584],
        [ 0.63643369,  0.71196203,  0.75696315, ...,  0.19446175,
          0.        , -0.36736437],
        [ 0.87529208,  0.92014944,  0.94409112, ...,  0.54121584,
          0.36736437,  0.        ]]]), 'num': array([8.21309730e-01, 5.70315474e-01, 1.02446635e-06, 4.92145599e-03,
       4.95158735e-03, 4.73062402e-03, 1.41976975e-03, 1.80788179e-04,
       4.76678165e-03, 4.83759036e-03, 4.93133238e-03, 9.57663481e-07,
       5.13290334e-03, 4.54227738e-03])}
{'img': array([[[ 0.        ,  0.083269  ,  0.        , ..., -0.70273073,
         -0.61727294, -0.11132674],
        [-0.083269  ,  0.        , -0.083269  , ..., -0.75953244,
         -0.68064102, -0.1936915 ],
        [ 0.        ,  0.083269  ,  0.        , ..., -0.70273073,
         -0.61727294, -0.11132674],
        ...,
        [ 0.70273073,  0.75953244,  0.70273073, ...,  0.        ,
          0.11371027,  0.61915838],
        [ 0.61727294,  0.68064102,  0.61727294, ..., -0.11371027,
          0.        ,  0.52584967],
        [ 0.11132674,  0.1936915 ,  0.11132674, ..., -0.61915838,
         -0.52584967,  0.        ]],

       [[ 0.        , -0.02377942, -0.04750788, ..., -0.12414999,
          0.06163691,  0.34629295],
        [ 0.02377942,  0.        , -0.02374187, ..., -0.10051944,
          0.08535368,  0.36850313],
        [ 0.04750788,  0.02374187,  0.        , ..., -0.07686948,
          0.10898486,  0.39047034],
        ...,
        [ 0.12414999,  0.10051944,  0.07686948, ...,  0.        ,
          0.18507399,  0.46008223],
        [-0.06163691, -0.08535368, -0.10898486, ..., -0.18507399,
          0.        ,  0.28781132],
        [-0.34629295, -0.36850313, -0.39047034, ..., -0.46008223,
         -0.28781132,  0.        ]],

       [[ 0.        ,  0.02057402,  0.0411655 , ..., -0.87667549,
         -0.80583709, -0.60182199],
        [-0.02057402,  0.        ,  0.0206002 , ..., -0.88638773,
         -0.81784917, -0.61812564],
        [-0.0411655 , -0.0206002 ,  0.        , ..., -0.89573636,
         -0.82952965, -0.63418786],
        ...,
        [ 0.87667549,  0.88638773,  0.89573636, ...,  0.        ,
          0.13143838,  0.41061374],
        [ 0.80583709,  0.81784917,  0.82952965, ..., -0.13143838,
          0.        ,  0.28720464],
        [ 0.60182199,  0.61812564,  0.63418786, ..., -0.41061374,
         -0.28720464,  0.        ]],

       ...,

       [[ 0.        ,  0.04747672,  0.24787383, ..., -0.9466503 ,
         -0.87948471, -0.67616153],
        [-0.04747672,  0.        ,  0.20159924, ..., -0.96088278,
         -0.90108842, -0.71037769],
        [-0.24787383, -0.20159924,  0.        , ..., -0.99698802,
         -0.97000792, -0.83768199],
        ...,
        [ 0.9466503 ,  0.96088278,  0.99698802, ...,  0.        ,
          0.16711151,  0.47954624],
        [ 0.87948471,  0.90108842,  0.97000792, ..., -0.16711151,
          0.        ,  0.32615973],
        [ 0.67616153,  0.71037769,  0.83768199, ..., -0.47954624,
         -0.32615973,  0.        ]],

       [[ 0.        ,  0.42296896,  0.50345721, ...,  0.92734492,
          0.91146018,  0.89685723],
        [-0.42296896,  0.        ,  0.09075111, ...,  0.68202996,
          0.65190985,  0.62559426],
        [-0.50345721, -0.09075111,  0.        , ...,  0.61284714,
          0.58040356,  0.55221346],
        ...,
        [-0.92734492, -0.68202996, -0.61284714, ...,  0.        ,
         -0.04042344, -0.07457246],
        [-0.91146018, -0.65190985, -0.58040356, ...,  0.04042344,
          0.        , -0.03420062],
        [-0.89685723, -0.62559426, -0.55221346, ...,  0.07457246,
          0.03420062,  0.        ]],

       [[ 0.        ,  0.06631615,  0.18597695, ..., -0.71196203,
         -0.92014944, -0.86580479],
        [-0.06631615,  0.        ,  0.12040835, ..., -0.75696315,
         -0.94409112, -0.89708226],
        [-0.18597695, -0.12040835,  0.        , ..., -0.83013757,
         -0.97691912, -0.94375956],
        ...,
        [ 0.71196203,  0.75696315,  0.83013757, ...,  0.        ,
         -0.36736437, -0.25173075],
        [ 0.92014944,  0.94409112,  0.97691912, ...,  0.36736437,
          0.        ,  0.12140524],
        [ 0.86580479,  0.89708226,  0.94375956, ...,  0.25173075,
         -0.12140524,  0.        ]]]), 'num': array([7.07096514e-01, 7.07096514e-01, 0.00000000e+00, 1.92950813e-03,
       1.94899811e-03, 1.90612015e-03, 3.79150296e-04, 1.94899811e-05,
       1.86947899e-03, 1.87591068e-03, 1.91391614e-03, 4.07517787e-07,
       1.98673655e-03, 1.76508481e-03])}
{'img': array([[[ 0.        , -0.083269  ,  0.13964895, ..., -0.68064102,
         -0.1936915 , -0.05555556],
        [ 0.083269  ,  0.        ,  0.22161701, ..., -0.61727294,
         -0.11132674,  0.02777778],
        [-0.13964895, -0.22161701,  0.        , ..., -0.77628068,
         -0.32879787, -0.19444444],
        ...,
        [ 0.68064102,  0.61727294,  0.77628068, ...,  0.        ,
          0.52584967,  0.63888889],
        [ 0.1936915 ,  0.11132674,  0.32879787, ..., -0.52584967,
          0.        ,  0.13888889],
        [ 0.05555556, -0.02777778,  0.19444444, ..., -0.63888889,
         -0.13888889,  0.        ]],

       [[ 0.        , -0.02374187, -0.00530055, ...,  0.08535368,
          0.36850313,  0.09661284],
        [ 0.02374187,  0.        ,  0.01844248, ...,  0.10898486,
          0.39047034,  0.12021641],
        [ 0.00530055, -0.01844248,  0.        , ...,  0.0906337 ,
          0.37342549,  0.10188724],
        ...,
        [-0.08535368, -0.10898486, -0.0906337 , ...,  0.        ,
          0.28781132,  0.01130587],
        [-0.36850313, -0.39047034, -0.37342549, ..., -0.28781132,
          0.        , -0.27696544],
        [-0.09661284, -0.12021641, -0.10188724, ..., -0.01130587,
          0.27696544,  0.        ]],

       [[ 0.        ,  0.0206002 ,  0.09636053, ..., -0.81784917,
         -0.61812564, -0.45307569],
        [-0.0206002 ,  0.        ,  0.07583574, ..., -0.82952965,
         -0.63418786, -0.47134405],
        [-0.09636053, -0.07583574,  0.        , ..., -0.8694923 ,
         -0.69099621, -0.53687001],
        ...,
        [ 0.81784917,  0.82952965,  0.8694923 , ...,  0.        ,
          0.28720464,  0.46837514],
        [ 0.61812564,  0.63418786,  0.69099621, ..., -0.28720464,
          0.        ,  0.19488831],
        [ 0.45307569,  0.47134405,  0.53687001, ..., -0.46837514,
         -0.19488831,  0.        ]],

       ...,

       [[ 0.        ,  0.20159924,  0.38851881, ..., -0.90108842,
         -0.71037769, -0.60228144],
        [-0.20159924,  0.        ,  0.19478001, ..., -0.97000792,
         -0.83768199, -0.75084886],
        [-0.38851881, -0.19478001,  0.        , ..., -0.99877514,
         -0.92801855, -0.86511497],
        ...,
        [ 0.90108842,  0.97000792,  0.99877514, ...,  0.        ,
          0.32615973,  0.45815375],
        [ 0.71037769,  0.83768199,  0.92801855, ..., -0.32615973,
          0.        ,  0.14318489],
        [ 0.60228144,  0.75084886,  0.86511497, ..., -0.45815375,
         -0.14318489,  0.        ]],

       [[ 0.        ,  0.29401157,  0.54277695, ...,  0.87678474,
          0.85818656,  0.81032316],
        [-0.29401157,  0.        ,  0.2718537 , ...,  0.6966473 ,
          0.66932902,  0.60222252],
        [-0.54277695, -0.2718537 ,  0.        , ...,  0.47537899,
          0.44214305,  0.36251348],
        ...,
        [-0.87678474, -0.6966473 , -0.47537899, ...,  0.        ,
         -0.03739949, -0.1241105 ],
        [-0.85818656, -0.66932902, -0.44214305, ...,  0.03739949,
          0.        , -0.08691334],
        [-0.81032316, -0.60222252, -0.36251348, ...,  0.1241105 ,
          0.08691334,  0.        ]],

       [[ 0.        ,  0.12040835,  0.187243  , ..., -0.94409112,
         -0.89708226, -0.803952  ],
        [-0.12040835,  0.        ,  0.06760194, ..., -0.97691912,
         -0.94375956, -0.86970896],
        [-0.187243  , -0.06760194,  0.        , ..., -0.98912471,
         -0.96395199, -0.90108533],
        ...,
        [ 0.94409112,  0.97691912,  0.98912471, ...,  0.        ,
          0.12140524,  0.29639488],
        [ 0.89708226,  0.94375956,  0.96395199, ..., -0.12140524,
          0.        ,  0.1782525 ],
        [ 0.803952  ,  0.86970896,  0.90108533, ..., -0.29639488,
         -0.1782525 ,  0.        ]]]), 'num': array([ 7.63211275e-01,  6.46122834e-01,  4.80856020e-07,  2.05418317e-03,
        2.11323567e-03,  2.05418317e-03,  3.64455119e-04, -3.37442821e-05,
        2.03562382e-03,  2.02782045e-03,  2.07035231e-03,  3.80086694e-07,
        2.14443597e-03,  1.91120494e-03])}
{'img': array([[[ 0.        ,  0.22161701,  0.74115634, ..., -0.11132674,
          0.02777778, -0.19505325],
        [-0.22161701,  0.        ,  0.5739479 , ..., -0.32879787,
         -0.19444444, -0.40756335],
        [-0.74115634, -0.5739479 ,  0.        , ..., -0.81128646,
         -0.72222222, -0.85786627],
        ...,
        [ 0.11132674,  0.32879787,  0.81128646, ...,  0.        ,
          0.13888889, -0.08465232],
        [-0.02777778,  0.19444444,  0.72222222, ..., -0.13888889,
          0.        , -0.22222222],
        [ 0.19505325,  0.40756335,  0.85786627, ...,  0.08465232,
          0.22222222,  0.        ]],

       [[ 0.        ,  0.01844248,  0.58621017, ...,  0.39047034,
          0.12021641,  0.03808108],
        [-0.01844248,  0.        ,  0.60105181, ...,  0.37342549,
          0.10188724,  0.0196455 ],
        [-0.58621017, -0.60105181,  0.        , ..., -0.85601724,
         -0.67935321, -0.61663669],
        ...,
        [-0.39047034, -0.37342549,  0.85601724, ...,  0.        ,
         -0.27696544, -0.35512908],
        [-0.12021641, -0.10188724,  0.67935321, ...,  0.27696544,
          0.        , -0.08232431],
        [-0.03808108, -0.0196455 ,  0.61663669, ...,  0.35512908,
          0.08232431,  0.        ]],

       [[ 0.        ,  0.07583574,  0.2781574 , ..., -0.63418786,
         -0.47134405, -0.37207022],
        [-0.07583574,  0.        ,  0.20451347, ..., -0.69099621,
         -0.53687001, -0.44138986],
        [-0.2781574 , -0.20451347,  0.        , ..., -0.82422542,
         -0.69806345, -0.61557363],
        ...,
        [ 0.63418786,  0.69099621,  0.82422542, ...,  0.        ,
          0.19488831,  0.3009792 ],
        [ 0.47134405,  0.53687001,  0.69806345, ..., -0.19488831,
          0.        ,  0.10935658],
        [ 0.37207022,  0.44138986,  0.61557363, ..., -0.3009792 ,
         -0.10935658,  0.        ]],

       ...,

       [[ 0.        ,  0.19478001,  0.64250707, ..., -0.83768199,
         -0.75084886, -0.87997378],
        [-0.19478001,  0.        ,  0.48094512, ..., -0.92801855,
         -0.86511497, -0.95564444],
        [-0.64250707, -0.48094512,  0.        , ..., -0.99280932,
         -0.99971954, -0.97951125],
        ...,
        [ 0.83768199,  0.92801855,  0.99280932, ...,  0.        ,
          0.14318489, -0.08268738],
        [ 0.75084886,  0.86511497,  0.99971954, ..., -0.14318489,
          0.        , -0.22452993],
        [ 0.87997378,  0.95564444,  0.97951125, ...,  0.08268738,
          0.22452993,  0.        ]],

       [[ 0.        ,  0.33519586,  0.76855306, ...,  0.73425943,
          0.67037485,  0.60079263],
        [-0.33519586,  0.        ,  0.50963745, ...,  0.46422732,
          0.38286973,  0.29807864],
        [-0.76855306, -0.50963745,  0.        , ..., -0.05197789,
         -0.14138727, -0.23000635],
        ...,
        [-0.73425943, -0.46422732,  0.05197789, ...,  0.        ,
         -0.08974041, -0.17911111],
        [-0.67037485, -0.38286973,  0.14138727, ...,  0.08974041,
          0.        , -0.09009923],
        [-0.60079263, -0.29807864,  0.23000635, ...,  0.17911111,
          0.09009923,  0.        ]],

       [[ 0.        ,  0.06760194, -0.0733643 , ..., -0.94375956,
         -0.86970896, -0.83975696],
        [-0.06760194,  0.        , -0.14061624, ..., -0.96395199,
         -0.90108533, -0.87454123],
        [ 0.0733643 ,  0.14061624,  0.        , ..., -0.91695969,
         -0.83115523, -0.79765993],
        ...,
        [ 0.94375956,  0.96395199,  0.91695969, ...,  0.        ,
          0.1782525 ,  0.23477501],
        [ 0.86970896,  0.90108533,  0.83115523, ..., -0.1782525 ,
          0.        ,  0.05774475],
        [ 0.83975696,  0.87454123,  0.79765993, ..., -0.23477501,
         -0.05774475,  0.        ]]]), 'num': array([7.11939119e-01, 7.02220131e-01, 3.93481288e-08, 1.94379756e-03,
       1.97134125e-03, 1.89657981e-03, 3.99989468e-04, 2.75436901e-05,
       1.91861476e-03, 1.89048085e-03, 1.93133732e-03, 3.93481288e-07,
       1.99642819e-03, 1.78453350e-03])}
{'img': array([[[ 0.        ,  0.5739479 ,  0.98091353, ..., -0.19444444,
         -0.40756335, -0.22161701],
        [-0.5739479 ,  0.        ,  0.69166109, ..., -0.72222222,
         -0.85786627, -0.74115634],
        [-0.98091353, -0.69166109,  0.        , ..., -1.        ,
         -0.97499604, -0.99961412],
        ...,
        [ 0.19444444,  0.72222222,  1.        , ...,  0.        ,
         -0.22222222, -0.02777778],
        [ 0.40756335,  0.85786627,  0.97499604, ...,  0.22222222,
          0.        ,  0.19505325],
        [ 0.22161701,  0.74115634,  0.99961412, ...,  0.02777778,
         -0.19505325,  0.        ]],

       [[ 0.        ,  0.60105181,  0.55520071, ...,  0.10188724,
          0.0196455 ,  0.13290382],
        [-0.60105181,  0.        , -0.94362664, ..., -0.67935321,
         -0.61663669, -0.70193791],
        [-0.55520071,  0.94362664,  0.        , ..., -0.46757014,
         -0.53875408, -0.43973721],
        ...,
        [-0.10188724,  0.67935321,  0.46757014, ...,  0.        ,
         -0.08232431,  0.03122879],
        [-0.0196455 ,  0.61663669,  0.53875408, ...,  0.08232431,
          0.        ,  0.11340694],
        [-0.13290382,  0.70193791,  0.43973721, ..., -0.03122879,
         -0.11340694,  0.        ]],

       [[ 0.        ,  0.20451347,  0.47709725, ..., -0.53687001,
         -0.44138986, -0.27808066],
        [-0.20451347,  0.        ,  0.28727644, ..., -0.69806345,
         -0.61557363, -0.46865007],
        [-0.47709725, -0.28727644,  0.        , ..., -0.87433872,
         -0.81602243, -0.70267078],
        ...,
        [ 0.53687001,  0.69806345,  0.87433872, ...,  0.        ,
          0.10935658,  0.28108773],
        [ 0.44138986,  0.61557363,  0.81602243, ..., -0.10935658,
          0.        ,  0.17445438],
        [ 0.27808066,  0.46865007,  0.70267078, ..., -0.28108773,
         -0.17445438,  0.        ]],

       ...,

       [[ 0.        ,  0.48094512,  0.31836254, ..., -0.86511497,
         -0.95564444, -0.89846891],
        [-0.48094512,  0.        , -0.1767965 , ..., -0.99971954,
         -0.97951125, -0.99888602],
        [-0.31836254,  0.1767965 ,  0.        , ..., -0.97978445,
         -0.99968638, -0.99149369],
        ...,
        [ 0.86511497,  0.99971954,  0.97978445, ...,  0.        ,
         -0.22452993, -0.07083069],
        [ 0.95564444,  0.97951125,  0.99968638, ...,  0.22452993,
          0.        ,  0.15494381],
        [ 0.89846891,  0.99888602,  0.99149369, ...,  0.07083069,
         -0.15494381,  0.        ]],

       [[ 0.        ,  0.50963745,  0.8389008 , ...,  0.38286973,
          0.29807864,  0.22333683],
        [-0.50963745,  0.        ,  0.44439355, ..., -0.14138727,
         -0.23000635, -0.30460808],
        [-0.8389008 , -0.44439355,  0.        , ..., -0.56658852,
         -0.63852594, -0.69615254],
        ...,
        [-0.38286973,  0.14138727,  0.56658852, ...,  0.        ,
         -0.09009923, -0.16687986],
        [-0.29807864,  0.23000635,  0.63852594, ...,  0.09009923,
          0.        , -0.07736534],
        [-0.22333683,  0.30460808,  0.69615254, ...,  0.16687986,
          0.07736534,  0.        ]],

       [[ 0.        , -0.14061624, -0.27505061, ..., -0.90108533,
         -0.87454123, -0.83737591],
        [ 0.14061624,  0.        , -0.13712512, ..., -0.83115523,
         -0.79765993, -0.7521912 ],
        [ 0.27505061,  0.13712512,  0.        , ..., -0.7470568 ,
         -0.70742383, -0.6547279 ],
        ...,
        [ 0.90108533,  0.83115523,  0.7470568 , ...,  0.        ,
          0.05774475,  0.12943677],
        [ 0.87454123,  0.79765993,  0.70742383, ..., -0.05774475,
          0.        ,  0.07196181],
        [ 0.83737591,  0.7521912 ,  0.6547279 , ..., -0.12943677,
         -0.07196181,  0.        ]]]), 'num': array([7.12084335e-01, 7.02072343e-01, 3.93398476e-08, 2.00239824e-03,
       2.00633223e-03, 1.93945449e-03, 4.75217491e-04, 5.90097714e-05,
       1.94732246e-03, 1.89303347e-03, 1.93138982e-03, 4.85962824e-07,
       2.00766306e-03, 1.77840387e-03])}
{'img': array([[[ 0.        ,  0.69166109,  0.22840713, ..., -0.85786627,
         -0.74115634, -0.39639295],
        [-0.69166109,  0.        , -0.50841681, ..., -0.97499604,
         -0.99961412, -0.92128466],
        [-0.22840713,  0.50841681,  0.        , ..., -0.95256144,
         -0.87490152, -0.59561081],
        ...,
        [ 0.85786627,  0.97499604,  0.95256144, ...,  0.        ,
          0.19505325,  0.58389505],
        [ 0.74115634,  0.99961412,  0.87490152, ..., -0.19505325,
          0.        ,  0.41433007],
        [ 0.39639295,  0.92128466,  0.59561081, ..., -0.58389505,
         -0.41433007,  0.        ]],

       [[ 0.        , -0.94362664, -0.75862967, ..., -0.61663669,
         -0.70193791, -0.78611903],
        [ 0.94362664,  0.        , -0.36367828, ..., -0.53875408,
         -0.43973721, -0.32301754],
        [ 0.75862967,  0.36367828,  0.        , ..., -0.19547716,
         -0.08299694,  0.04328378],
        ...,
        [ 0.61663669,  0.53875408,  0.19547716, ...,  0.        ,
          0.11340694,  0.23774272],
        [ 0.70193791,  0.43973721,  0.08299694, ..., -0.11340694,
          0.        ,  0.1260536 ],
        [ 0.78611903,  0.32301754, -0.04328378, ..., -0.23774272,
         -0.1260536 ,  0.        ]],

       [[ 0.        ,  0.28727644,  0.54548012, ..., -0.61557363,
         -0.46865007, -0.23153254],
        [-0.28727644,  0.        ,  0.28171369, ..., -0.81602243,
         -0.70267078, -0.50124323],
        [-0.54548012, -0.28171369,  0.        , ..., -0.94580852,
         -0.87465512, -0.7247108 ],
        ...,
        [ 0.61557363,  0.81602243,  0.94580852, ...,  0.        ,
          0.17445438,  0.41638073],
        [ 0.46865007,  0.70267078,  0.87465512, ..., -0.17445438,
          0.        ,  0.2513834 ],
        [ 0.23153254,  0.50124323,  0.7247108 , ..., -0.41638073,
         -0.2513834 ,  0.        ]],

       ...,

       [[ 0.        , -0.1767965 , -0.60105743, ..., -0.97951125,
         -0.99888602, -0.94752896],
        [ 0.1767965 ,  0.        , -0.45029243, ..., -0.99968638,
         -0.99149369, -0.87608641],
        [ 0.60105743,  0.45029243,  0.        , ..., -0.90387772,
         -0.8266783 , -0.56513067],
        ...,
        [ 0.97951125,  0.99968638,  0.90387772, ...,  0.        ,
          0.15494381,  0.50394263],
        [ 0.99888602,  0.99149369,  0.8266783 , ..., -0.15494381,
          0.        ,  0.36402594],
        [ 0.94752896,  0.87608641,  0.56513067, ..., -0.50394263,
         -0.36402594,  0.        ]],

       [[ 0.        ,  0.44439355,  0.68430021, ..., -0.23000635,
         -0.30460808, -0.09795362],
        [-0.44439355,  0.        ,  0.28896585, ..., -0.63852594,
         -0.69615254, -0.5300064 ],
        [-0.68430021, -0.28896585,  0.        , ..., -0.83367425,
         -0.87390108, -0.75243722],
        ...,
        [ 0.23000635,  0.63852594,  0.83367425, ...,  0.        ,
         -0.07736534,  0.13357284],
        [ 0.30460808,  0.69615254,  0.87390108, ...,  0.07736534,
          0.        ,  0.20984457],
        [ 0.09795362,  0.5300064 ,  0.75243722, ..., -0.13357284,
         -0.20984457,  0.        ]],

       [[ 0.        , -0.13662213, -0.15888472, ..., -0.79171154,
         -0.74714151, -0.95952571],
        [ 0.13662213,  0.        , -0.02250826, ..., -0.70082606,
         -0.64932779, -0.91205279],
        [ 0.15888472,  0.02250826,  0.        , ..., -0.68459265,
         -0.63204557, -0.90259171],
        ...,
        [ 0.79171154,  0.70082606,  0.68459265, ...,  0.        ,
          0.06979786, -0.36320692],
        [ 0.74714151,  0.64932779,  0.63204557, ..., -0.06979786,
          0.        , -0.42735238],
        [ 0.95952571,  0.91205279,  0.90259171, ...,  0.36320692,
          0.42735238,  0.        ]]]), 'num': array([ 7.11006218e-01,  7.03164104e-01,  3.14313194e-08,  1.96052855e-03,
        2.00767553e-03,  1.95659963e-03,  6.32516014e-04, -3.92891493e-05,
        1.95188494e-03,  1.89236187e-03,  1.92746018e-03,  4.80624544e-07,
        2.00997432e-03,  1.77474943e-03])}
{'img': array([[[ 0.        , -0.50841681, -0.74535599, ..., -0.99961412,
         -0.92128466, -0.99380799],
        [ 0.50841681,  0.        , -0.30288979, ..., -0.87490152,
         -0.59561081, -0.79928835],
        [ 0.74535599,  0.30288979,  0.        , ..., -0.68711375,
         -0.32432911, -0.57972133],
        ...,
        [ 0.99961412,  0.87490152,  0.68711375, ...,  0.        ,
          0.41433007,  0.13867401],
        [ 0.92128466,  0.59561081,  0.32432911, ..., -0.41433007,
          0.        , -0.28411592],
        [ 0.99380799,  0.79928835,  0.57972133, ..., -0.13867401,
          0.28411592,  0.        ]],

       [[ 0.        , -0.69002508, -0.64826526, ..., -0.78693432,
         -0.63193732, -0.22440868],
        [ 0.69002508,  0.        ,  0.05619019, ..., -0.14380076,
          0.07739586,  0.51000234],
        [ 0.64826526, -0.05619019,  0.        , ..., -0.19917976,
          0.02125193,  0.46086329],
        ...,
        [ 0.78693432,  0.14380076,  0.19917976, ...,  0.        ,
          0.21996088,  0.62839525],
        [ 0.63193732, -0.07739586, -0.02125193, ..., -0.21996088,
          0.        ,  0.44189873],
        [ 0.22440868, -0.51000234, -0.46086329, ..., -0.62839525,
         -0.44189873,  0.        ]],

       [[ 0.        ,  0.28171369,  0.65348871, ..., -0.70267078,
         -0.50124323, -0.44624568],
        [-0.28171369,  0.        ,  0.41378214, ..., -0.87465512,
         -0.7247108 , -0.6802806 ],
        [-0.65348871, -0.41378214,  0.        , ..., -0.9968441 ,
         -0.94487716, -0.92259344],
        ...,
        [ 0.70267078,  0.87465512,  0.9968441 , ...,  0.        ,
          0.2513834 ,  0.3113169 ],
        [ 0.50124323,  0.7247108 ,  0.94487716, ..., -0.2513834 ,
          0.        ,  0.06242857],
        [ 0.44624568,  0.6802806 ,  0.92259344, ..., -0.3113169 ,
         -0.06242857,  0.        ]],

       ...,

       [[ 0.        , -0.58157974, -0.81410713, ..., -0.99921466,
         -0.94392968, -0.95031201],
        [ 0.58157974,  0.        , -0.3245356 , ..., -0.835895  ,
         -0.57587023, -0.59202352],
        [ 0.81410713,  0.3245356 ,  0.        , ..., -0.61251677,
         -0.27937918, -0.2984294 ],
        ...,
        [ 0.99921466,  0.835895  ,  0.61251677, ...,  0.        ,
          0.36728947,  0.34870964],
        [ 0.94392968,  0.57587023,  0.27937918, ..., -0.36728947,
          0.        , -0.01989784],
        [ 0.95031201,  0.59202352,  0.2984294 , ..., -0.34870964,
          0.01989784,  0.        ]],

       [[ 0.        ,  0.28896585,  0.44828946, ..., -0.69615254,
         -0.5300064 , -0.46087635],
        [-0.28896585,  0.        ,  0.17086193, ..., -0.87390108,
         -0.75243722, -0.69766199],
        [-0.44828946, -0.17086193,  0.        , ..., -0.94410698,
         -0.85391321, -0.80981297],
        ...,
        [ 0.69615254,  0.87390108,  0.94410698, ...,  0.        ,
          0.20984457,  0.28695025],
        [ 0.5300064 ,  0.75243722,  0.85391321, ..., -0.20984457,
          0.        ,  0.07954158],
        [ 0.46087635,  0.69766199,  0.80981297, ..., -0.28695025,
         -0.07954158,  0.        ]],

       [[ 0.        , -0.02207935,  0.06721578, ..., -0.62591981,
         -0.81522119, -0.9190165 ],
        [ 0.02207935,  0.        ,  0.08922881, ..., -0.60854781,
         -0.8022352 , -0.91008836],
        [-0.06721578, -0.08922881,  0.        , ..., -0.67692501,
         -0.85230553, -0.94343585],
        ...,
        [ 0.62591981,  0.60854781,  0.67692501, ...,  0.        ,
         -0.27327946, -0.46997989],
        [ 0.81522119,  0.8022352 ,  0.85230553, ...,  0.27327946,
          0.        , -0.21087244],
        [ 0.9190165 ,  0.91008836,  0.94343585, ...,  0.46997989,
          0.21087244,  0.        ]]]), 'num': array([ 7.10882207e-01,  7.03290183e-01,  3.14369551e-08,  1.89800616e-03,
        1.97659855e-03,  1.88621731e-03,  3.27997471e-04, -6.28739102e-05,
        1.94280382e-03,  1.89053989e-03,  1.92466208e-03,  4.76088503e-07,
        2.00609743e-03,  1.77498235e-03])}
{'img': array([[[ 0.        , -0.61175825, -0.92777733, ..., -0.87029133,
         -0.98099563, -0.95894796],
        [ 0.61175825,  0.        , -0.5056454 , ..., -0.38712564,
         -0.6573121 , -0.93205446],
        [ 0.92777733,  0.5056454 ,  0.        , ...,  0.13222938,
         -0.18602665, -0.62091744],
        ...,
        [ 0.87029133,  0.38712564, -0.13222938, ...,  0.        ,
         -0.31431445, -0.71911669],
        [ 0.98099563,  0.6573121 ,  0.18602665, ...,  0.31431445,
          0.        , -0.46425732],
        [ 0.95894796,  0.93205446,  0.62091744, ...,  0.71911669,
          0.46425732,  0.        ]],

       [[ 0.        ,  0.05619019,  0.09398752, ...,  0.07739586,
          0.51000234, -0.36466125],
        [-0.05619019,  0.        ,  0.03789756, ...,  0.02125193,
          0.46086329, -0.41640606],
        [-0.09398752, -0.03789756,  0.        , ..., -0.01665234,
          0.42689923, -0.45056259],
        ...,
        [-0.07739586, -0.02125193,  0.01665234, ...,  0.        ,
          0.44189873, -0.43563383],
        [-0.51000234, -0.46086329, -0.42689923, ..., -0.44189873,
          0.        , -0.78855547],
        [ 0.36466125,  0.41640606,  0.45056259, ...,  0.43563383,
          0.78855547,  0.        ]],

       [[ 0.        ,  0.41378214,  0.58888179, ..., -0.7247108 ,
         -0.6802806 , -0.73881627],
        [-0.41378214,  0.        ,  0.20167715, ..., -0.94487716,
         -0.92259344, -0.95145119],
        [-0.58888179, -0.20167715,  0.        , ..., -0.99149602,
         -0.98143778, -0.99397698],
        ...,
        [ 0.7247108 ,  0.94487716,  0.99149602, ...,  0.        ,
          0.06242857, -0.02069607],
        [ 0.6802806 ,  0.92259344,  0.98143778, ..., -0.06242857,
          0.        , -0.0830709 ],
        [ 0.73881627,  0.95145119,  0.99397698, ...,  0.02069607,
          0.0830709 ,  0.        ]],

       ...,

       [[ 0.        , -0.66897455, -0.92073085, ..., -0.88428522,
         -0.89495259, -0.90482905],
        [ 0.66897455,  0.        , -0.42333299, ..., -0.34490044,
         -0.3667346 , -0.38771347],
        [ 0.92073085,  0.42333299,  0.        , ...,  0.08488608,
          0.06158545,  0.03896148],
        ...,
        [ 0.88428522,  0.34490044, -0.08488608, ...,  0.        ,
         -0.02336178, -0.04600078],
        [ 0.89495259,  0.3667346 , -0.06158545, ...,  0.02336178,
          0.        , -0.02265117],
        [ 0.90482905,  0.38771347, -0.03896148, ...,  0.04600078,
          0.02265117,  0.        ]],

       [[ 0.        ,  0.17086193,  0.16394738, ..., -0.75243722,
         -0.69766199, -0.74514138],
        [-0.17086193,  0.        , -0.00701348, ..., -0.85391321,
         -0.80981297, -0.848133  ],
        [-0.16394738,  0.00701348,  0.        , ..., -0.85024229,
         -0.80567832, -0.84439652],
        ...,
        [ 0.75243722,  0.85391321,  0.85024229, ...,  0.        ,
          0.07954158,  0.01100751],
        [ 0.69766199,  0.80981297,  0.80567832, ..., -0.07954158,
          0.        , -0.06856412],
        [ 0.74514138,  0.848133  ,  0.84439652, ..., -0.01100751,
          0.06856412,  0.        ]],

       [[ 0.        ,  0.08912892,  0.3240168 , ..., -0.79899731,
         -0.88734198, -0.9105406 ],
        [-0.08912892,  0.        ,  0.23840671, ..., -0.84941369,
         -0.92490885, -0.94376439],
        [-0.3240168 , -0.23840671,  0.        , ..., -0.95073498,
         -0.98887907, -0.99537306],
        ...,
        [ 0.79899731,  0.84941369,  0.95073498, ...,  0.        ,
         -0.16516223, -0.21721837],
        [ 0.88734198,  0.92490885,  0.98887907, ...,  0.16516223,
          0.        , -0.05301652],
        [ 0.9105406 ,  0.94376439,  0.99537306, ...,  0.21721837,
          0.05301652,  0.        ]]]), 'num': array([7.10921149e-01, 7.03250959e-01, 3.14352018e-08, 1.91754731e-03,
       1.92540611e-03, 1.87432391e-03, 3.13904067e-04, 1.96470011e-05,
       1.94348135e-03, 1.88984504e-03, 1.92206612e-03, 4.99437786e-07,
       2.00471466e-03, 1.77497542e-03])}
{'img': array([[[ 0.        , -0.60714898, -0.37053817, ..., -0.75626942,
         -0.98015157, -0.93571093],
        [ 0.60714898,  0.        ,  0.26950525, ..., -0.20368913,
         -0.65844965, -0.52932214],
        [ 0.37053817, -0.26950525,  0.        , ..., -0.46000765,
         -0.83692263, -0.73839054],
        ...,
        [ 0.75626942,  0.20368913,  0.46000765, ...,  0.        ,
         -0.49134418, -0.3454111 ],
        [ 0.98015157,  0.65844965,  0.83692263, ...,  0.49134418,
          0.        ,  0.16026151],
        [ 0.93571093,  0.52932214,  0.73839054, ...,  0.3454111 ,
         -0.16026151,  0.        ]],

       [[ 0.        ,  0.03789756, -0.00284025, ...,  0.46086329,
         -0.41640606, -0.46031887],
        [-0.03789756,  0.        , -0.04073562, ...,  0.42689923,
         -0.45056259, -0.49363189],
        [ 0.00284025,  0.04073562,  0.        , ...,  0.46338207,
         -0.41382209, -0.45779558],
        ...,
        [-0.46086329, -0.42689923, -0.46338207, ...,  0.        ,
         -0.78855547, -0.81765278],
        [ 0.41640606,  0.45056259,  0.41382209, ...,  0.78855547,
          0.        , -0.04884613],
        [ 0.46031887,  0.49363189,  0.45779558, ...,  0.81765278,
          0.04884613,  0.        ]],

       [[ 0.        ,  0.20167715, -0.14932214, ..., -0.92259344,
         -0.95145119, -0.94930679],
        [-0.20167715,  0.        , -0.34566994, ..., -0.98143778,
         -0.99397698, -0.99319792],
        [ 0.14932214,  0.34566994,  0.        , ..., -0.85464533,
         -0.89482279, -0.89172415],
        ...,
        [ 0.92259344,  0.98143778,  0.85464533, ...,  0.        ,
         -0.0830709 , -0.07619931],
        [ 0.95145119,  0.99397698,  0.89482279, ...,  0.0830709 ,
          0.        ,  0.00689344],
        [ 0.94930679,  0.99319792,  0.89172415, ...,  0.07619931,
         -0.00689344,  0.        ]],

       ...,

       [[ 0.        , -0.46637898, -0.23801626, ..., -0.40703697,
         -0.42912009, -0.31138583],
        [ 0.46637898,  0.        ,  0.24243018, ...,  0.06593721,
          0.04166242,  0.16774504],
        [ 0.23801626, -0.24243018,  0.        , ..., -0.17793238,
         -0.20180011, -0.07625403],
        ...,
        [ 0.40703697, -0.06593721,  0.17793238, ...,  0.        ,
         -0.0243082 ,  0.10237709],
        [ 0.42912009, -0.04166242,  0.20180011, ...,  0.0243082 ,
          0.        ,  0.12652732],
        [ 0.31138583, -0.16774504,  0.07625403, ..., -0.10237709,
         -0.12652732,  0.        ]],

       [[ 0.        , -0.00701348,  0.00182298, ..., -0.80981297,
         -0.848133  , -0.85917447],
        [ 0.00701348,  0.        ,  0.00883641, ..., -0.80567832,
         -0.84439652, -0.85556466],
        [-0.00182298, -0.00883641,  0.        , ..., -0.81088114,
         -0.84909738, -0.86010583],
        ...,
        [ 0.80981297,  0.80567832,  0.81088114, ...,  0.        ,
         -0.06856412, -0.08970014],
        [ 0.848133  ,  0.84439652,  0.84909738, ...,  0.06856412,
          0.        , -0.02120132],
        [ 0.85917447,  0.85556466,  0.86010583, ...,  0.08970014,
          0.02120132,  0.        ]],

       [[ 0.        ,  0.23840671,  0.48294133, ..., -0.92490885,
         -0.94376439, -0.92412063],
        [-0.23840671,  0.        ,  0.26025443, ..., -0.98887907,
         -0.99537306, -0.98856939],
        [-0.48294133, -0.26025443,  0.        , ..., -0.99350789,
         -0.98607932, -0.99374103],
        ...,
        [ 0.92490885,  0.98887907,  0.99350789, ...,  0.        ,
         -0.05301652,  0.00206804],
        [ 0.94376439,  0.99537306,  0.98607932, ...,  0.05301652,
          0.        ,  0.05508154],
        [ 0.92412063,  0.98856939,  0.99374103, ..., -0.00206804,
         -0.05508154,  0.        ]]]), 'num': array([7.25692855e-01, 6.87996459e-01, 1.52308670e-07, 1.98402083e-03,
       2.00406145e-03, 1.93191523e-03, 3.51255858e-04, 2.80568603e-05,
       1.98321921e-03, 1.92750630e-03, 1.95897006e-03, 5.22487449e-07,
       2.04427689e-03, 1.81073571e-03])}
{'img': array([[[ 0.        ,  0.26950525,  0.88775438, ..., -0.65844965,
         -0.52932214, -0.32877408],
        [-0.26950525,  0.        ,  0.73084854, ..., -0.83692263,
         -0.73839054, -0.57113216],
        [-0.88775438, -0.73084854,  0.        , ..., -0.97124181,
         -0.99684562, -0.98974332],
        ...,
        [ 0.65844965,  0.83692263,  0.97124181, ...,  0.        ,
          0.16026151,  0.374402  ],
        [ 0.52932214,  0.73839054,  0.99684562, ..., -0.16026151,
          0.        ,  0.22095757],
        [ 0.32877408,  0.57113216,  0.98974332, ..., -0.374402  ,
         -0.22095757,  0.        ]],

       [[ 0.        , -0.04073562, -0.27678167, ..., -0.45056259,
         -0.49363189, -0.40083297],
