state_0,state_1,state_2,state_3,state_4,state_5,state_6,state_7,state_8,state_9,state_10,state_11,state_12,state_13,state_14,state_15,state_16,state_17,state_18,state_19,state_20,state_21,state_22,state_23,state_24,state_25,state_26,state_27,state_28,state_29,state_30,state_31,state_32,state_33,state_34,state_35,state_36,state_37,state_38,state_39,state_40,state_41,state_42,state_43,state_44,state_45,state_46,state_47,state_48,state_49,state_50,state_51,state_52,state_53,state_54,state_55,state_56,state_57,state_58,state_59,state_60,state_61,state_62,state_63,state_64,state_65,state_66,state_67,state_68,state_69,state_70,state_71,state_72,state_73,state_74,state_75,state_76,state_77,state_78,state_79,state_80,state_81,state_82,state_83,state_84,state_85,state_86,state_87,state_88,state_89,state_90,state_91,state_92,state_93,state_94,state_95,state_96,state_97,state_98,state_99,state_100,state_101,state_102,state_103,state_104,state_105,state_106,state_107,state_108,state_109,state_110,state_111,state_112,state_113,state_114,state_115,state_116,state_117,state_118,state_119,state_120,state_121,state_122,state_123,state_124,state_125,state_126,state_127,state_128,state_129,state_130,state_131,state_132,state_133,state_134,state_135,state_136,state_137,state_138,state_139,state_140,state_141,state_142,state_143,state_144,state_145,state_146,state_147,state_148,state_149,state_150,state_151,state_152,state_153,state_154,state_155,state_156,state_157,state_158,state_159,state_160,state_161,state_162,state_163,state_164,state_165,state_166,state_167,state_168,state_169,state_170,state_171,state_172,state_173,state_174,state_175,state_176,state_177,state_178,state_179,state_180,state_181,state_182,state_183,state_184,state_185,state_186,state_187,state_188,state_189,state_190,state_191,state_192,state_193,state_194,state_195,state_196,state_197,state_198,state_199,state_200,state_201,state_202,state_203,state_204,state_205,state_206,state_207,state_208,state_209,state_210,state_211,state_212,state_213,state_214,state_215,state_216,state_217,state_218,state_219,state_220,state_221,state_222,state_223,state_224,state_225,state_226,state_227,state_228,state_229,state_230,state_231,state_232,state_233,state_234,state_235,state_236,state_237,state_238,state_239,state_240,state_241,state_242,state_243,state_244,state_245,state_246,state_247,state_248,state_249,state_250,state_251,state_252,state_253,state_254,state_255,state_256,state_257,state_258,state_259,state_260,state_261,state_262,state_263,state_264,state_265,state_266,state_267,state_268,state_269,state_270,state_271,state_272,state_273,state_274,state_275,state_276,state_277,state_278,state_279,state_280,state_281,state_282,state_283,state_284,state_285,state_286,state_287
{'img': array([[[ 0.        , -0.27788274, -0.31710542, ..., -0.11020496,
          0.01919663,  0.44357877],
        [ 0.27788274,  0.        , -0.04107492, ...,  0.17032558,
          0.29627211,  0.67515677],
        [ 0.31710542,  0.04107492,  0.        , ...,  0.21065657,
          0.33525288,  0.7048869 ],
        ...,
        [ 0.11020496, -0.17032558, -0.21065657, ...,  0.        ,
          0.12926436,  0.53964647],
        [-0.01919663, -0.29627211, -0.33525288, ..., -0.12926436,
          0.        ,  0.42629233],
        [-0.44357877, -0.67515677, -0.7048869 , ..., -0.53964647,
         -0.42629233,  0.        ]],

       [[ 0.        , -0.35700506, -0.61699216, ..., -0.57014283,
         -0.54979899, -0.01735702],
        [ 0.35700506,  0.        , -0.29538187, ..., -0.23927589,
         -0.21536334,  0.34073804],
        [ 0.61699216,  0.29538187,  0.        , ...,  0.05820229,
          0.08269677,  0.60323977],
        ...,
        [ 0.57014283,  0.23927589, -0.05820229, ...,  0.        ,
          0.02455365,  0.55579736],
        [ 0.54979899,  0.21536334, -0.08269677, ..., -0.02455365,
          0.        ,  0.5352179 ],
        [ 0.01735702, -0.34073804, -0.60323977, ..., -0.55579736,
         -0.5352179 ,  0.        ]],

       [[ 0.        , -0.05542929, -0.15467102, ..., -0.01019904,
         -0.02287098,  0.05447996],
        [ 0.05542929,  0.        , -0.09967097, ...,  0.04524305,
          0.03257898,  0.10974318],
        [ 0.15467102,  0.09967097,  0.        , ...,  0.14458667,
          0.13203481,  0.20826566],
        ...,
        [ 0.01019904, -0.04524305, -0.14458667, ...,  0.        ,
         -0.01267341,  0.06466102],
        [ 0.02287098, -0.03257898, -0.13203481, ...,  0.01267341,
          0.        ,  0.07730272],
        [-0.05447996, -0.10974318, -0.20826566, ..., -0.06466102,
         -0.07730272,  0.        ]],

       ...,

       [[ 0.        , -0.55367046, -0.59134242, ..., -0.96127696,
         -0.9679158 , -0.66157522],
        [ 0.55367046,  0.        , -0.0459408 , ..., -0.95307259,
         -0.6668948 , -0.13573166],
        [ 0.59134242,  0.0459408 ,  0.        , ..., -0.9381581 ,
         -0.6319578 , -0.09007271],
        ...,
        [ 0.96127696,  0.95307259,  0.9381581 , ...,  0.        ,
          0.50828686,  0.90316085],
        [ 0.9679158 ,  0.6668948 ,  0.6319578 , ..., -0.50828686,
          0.        ,  0.55958241],
        [ 0.66157522,  0.13573166,  0.09007271, ..., -0.90316085,
         -0.55958241,  0.        ]],

       [[ 0.        ,  0.00309878, -0.00189499, ...,  0.47476284,
          0.46191855,  0.4550133 ],
        [-0.00309878,  0.        , -0.00499376, ...,  0.47203328,
          0.45916796,  0.4522517 ],
        [ 0.00189499,  0.00499376,  0.        , ...,  0.47642979,
          0.46359843,  0.45669995],
        ...,
        [-0.47476284, -0.47203328, -0.47642979, ...,  0.        ,
         -0.01453689, -0.02230554],
        [-0.46191855, -0.45916796, -0.46359843, ...,  0.01453689,
          0.        , -0.00776991],
        [-0.4550133 , -0.4522517 , -0.45669995, ...,  0.02230554,
          0.00776991,  0.        ]],

       [[ 0.        ,  0.00882291,  0.00260819, ...,  0.79701158,
          0.76885436,  0.77142575],
        [-0.00882291,  0.        , -0.00621479, ...,  0.79165184,
          0.76318286,  0.76578154],
        [-0.00260819,  0.00621479,  0.        , ...,  0.79543361,
          0.76718401,  0.76976349],
        ...,
        [-0.79701158, -0.79165184, -0.79543361, ...,  0.        ,
         -0.0452679 , -0.04124048],
        [-0.76885436, -0.76318286, -0.76718401, ...,  0.0452679 ,
          0.        ,  0.00403118],
        [-0.77142575, -0.76578154, -0.76976349, ...,  0.04124048,
         -0.00403118,  0.        ]]]), 'num': array([ 8.05796297e-01,  5.90487567e-01,  1.12491499e-05,  4.14055250e-03,
        4.15569559e-03,  4.10810303e-03,  4.33816978e-02, -6.48989420e-06,
        4.08647005e-03,  4.10886018e-03,  4.01742478e-03,  1.15122880e-05,
        4.18787566e-03,  4.02984470e-03])}
{'img': array([[[ 0.        , -0.04107492, -0.17670222, ...,  0.29627211,
          0.67515677,  0.64007986],
        [ 0.04107492,  0.        , -0.13612451, ...,  0.33525288,
          0.7048869 ,  0.67109788],
        [ 0.17670222,  0.13612451,  0.        , ...,  0.460379  ,
          0.79488143,  0.76576959],
        ...,
        [-0.29627211, -0.33525288, -0.460379  , ...,  0.        ,
          0.42629233,  0.38371421],
        [-0.67515677, -0.7048869 , -0.79488143, ..., -0.42629233,
          0.        , -0.04655817],
        [-0.64007986, -0.67109788, -0.76576959, ..., -0.38371421,
          0.04655817,  0.        ]],

       [[ 0.        , -0.29538187,  0.41184704, ..., -0.21536334,
          0.34073804, -0.53176353],
        [ 0.29538187,  0.        ,  0.66263774, ...,  0.08269677,
          0.60323977, -0.25787905],
        [-0.41184704, -0.66263774,  0.        , ..., -0.59843312,
         -0.07670285, -0.83336143],
        ...,
        [ 0.21536334, -0.08269677,  0.59843312, ...,  0.        ,
          0.5352179 , -0.33689548],
        [-0.34073804, -0.60323977,  0.07670285, ..., -0.5352179 ,
          0.        , -0.7885105 ],
        [ 0.53176353,  0.25787905,  0.83336143, ...,  0.33689548,
          0.7885105 ,  0.        ]],

       [[ 0.        , -0.09967097, -0.2041546 , ...,  0.03257898,
          0.10974318,  0.20921241],
        [ 0.09967097,  0.        , -0.10556624, ...,  0.13203481,
          0.20826566,  0.3056359 ],
        [ 0.2041546 ,  0.10556624,  0.        , ...,  0.23593905,
          0.31035334,  0.40444282],
        ...,
        [-0.03257898, -0.13203481, -0.23593905, ...,  0.        ,
          0.07730272,  0.17724334],
        [-0.10974318, -0.20826566, -0.31035334, ..., -0.07730272,
          0.        ,  0.10063418],
        [-0.20921241, -0.3056359 , -0.40444282, ..., -0.17724334,
         -0.10063418,  0.        ]],

       ...,

       [[ 0.        , -0.0459408 , -0.47670207, ..., -0.6668948 ,
         -0.13573166, -0.28199248],
        [ 0.0459408 ,  0.        , -0.4358138 , ..., -0.6319578 ,
         -0.09007271, -0.23761838],
        [ 0.47670207,  0.4358138 ,  0.        , ..., -0.23102838,
          0.35297355,  0.20946619],
        ...,
        [ 0.6668948 ,  0.6319578 ,  0.23102838, ...,  0.        ,
          0.55958241,  0.42970273],
        [ 0.13573166,  0.09007271, -0.35297355, ..., -0.55958241,
          0.        , -0.1491596 ],
        [ 0.28199248,  0.23761838, -0.20946619, ..., -0.42970273,
          0.1491596 ,  0.        ]],

       [[ 0.        , -0.00499376, -0.01385612, ...,  0.45916796,
          0.4522517 ,  0.44419678],
        [ 0.00499376,  0.        , -0.00886267, ...,  0.46359843,
          0.45669995,  0.4486653 ],
        [ 0.01385612,  0.00886267,  0.        , ...,  0.47143295,
          0.46456643,  0.45656824],
        ...,
        [-0.45916796, -0.46359843, -0.47143295, ...,  0.        ,
         -0.00776991, -0.01678002],
        [-0.4522517 , -0.45669995, -0.46456643, ...,  0.00776991,
          0.        , -0.00901071],
        [-0.44419678, -0.4486653 , -0.45656824, ...,  0.01678002,
          0.00901071,  0.        ]],

       [[ 0.        , -0.00621479, -0.03415292, ...,  0.76318286,
          0.76578154,  0.76835858],
        [ 0.00621479,  0.        , -0.02794109, ...,  0.76718401,
          0.76976349,  0.77232133],
        [ 0.03415292,  0.02794109,  0.        , ...,  0.78480665,
          0.78729856,  0.78976887],
        ...,
        [-0.76318286, -0.76718401, -0.78480665, ...,  0.        ,
          0.00403118,  0.00804793],
        [-0.76578154, -0.76976349, -0.78729856, ..., -0.00403118,
          0.        ,  0.00401681],
        [-0.76835858, -0.77232133, -0.78976887, ..., -0.00804793,
         -0.00401681,  0.        ]]]), 'num': array([ 7.07105964e-01,  7.07105964e-01,  0.00000000e+00,  1.71583823e-04,
        1.73299661e-04,  1.71132286e-04,  1.44145763e-03, -1.26430185e-06,
        1.71168409e-04,  1.71511577e-04,  1.67789412e-04,  4.75026707e-07,
        1.74806790e-04,  1.68216363e-04])}
{'img': array([[[ 0.        , -0.13612451, -0.13612451, ...,  0.7048869 ,
          0.67109788,  0.52495365],
        [ 0.13612451,  0.        ,  0.        , ...,  0.79488143,
          0.76576959,  0.63592701],
        [ 0.13612451,  0.        ,  0.        , ...,  0.79488143,
          0.76576959,  0.63592701],
        ...,
        [-0.7048869 , -0.79488143, -0.79488143, ...,  0.        ,
         -0.04655817, -0.22759099],
        [-0.67109788, -0.76576959, -0.76576959, ...,  0.04655817,
          0.        , -0.18200785],
        [-0.52495365, -0.63592701, -0.63592701, ...,  0.22759099,
          0.18200785,  0.        ]],

       [[ 0.        ,  0.66263774,  0.31941164, ...,  0.60323977,
         -0.25787905, -0.45592638],
        [-0.66263774,  0.        , -0.38870599, ..., -0.07670285,
         -0.83336143, -0.93122072],
        [-0.31941164,  0.38870599,  0.        , ...,  0.31688979,
         -0.55297857, -0.71632511],
        ...,
        [-0.60323977,  0.07670285, -0.31688979, ...,  0.        ,
         -0.7885105 , -0.90052254],
        [ 0.25787905,  0.83336143,  0.55297857, ...,  0.7885105 ,
          0.        , -0.21098882],
        [ 0.45592638,  0.93122072,  0.71632511, ...,  0.90052254,
          0.21098882,  0.        ]],

       [[ 0.        , -0.10556624, -0.25382658, ...,  0.20826566,
          0.3056359 ,  0.39344321],
        [ 0.10556624,  0.        , -0.15029935, ...,  0.31035334,
          0.40444282,  0.48829696],
        [ 0.25382658,  0.15029935,  0.        , ...,  0.44970565,
          0.53730684,  0.61391304],
        ...,
        [-0.20826566, -0.31035334, -0.44970565, ...,  0.        ,
          0.10063418,  0.19334709],
        [-0.3056359 , -0.40444282, -0.53730684, ..., -0.10063418,
          0.        ,  0.09363031],
        [-0.39344321, -0.48829696, -0.61391304, ..., -0.19334709,
         -0.09363031,  0.        ]],

       ...,

       [[ 0.        , -0.4358138 , -0.33279203, ..., -0.09007271,
         -0.23761838, -0.25986084],
        [ 0.4358138 ,  0.        ,  0.11144743, ...,  0.35297355,
          0.20946619,  0.18695755],
        [ 0.33279203, -0.11144743,  0.        , ...,  0.24650071,
          0.09918621,  0.07631048],
        ...,
        [ 0.09007271, -0.35297355, -0.24650071, ...,  0.        ,
         -0.1491596 , -0.1718262 ],
        [ 0.23761838, -0.20946619, -0.09918621, ...,  0.1491596 ,
          0.        , -0.02296281],
        [ 0.25986084, -0.18695755, -0.07631048, ...,  0.1718262 ,
          0.02296281,  0.        ]],

       [[ 0.        , -0.00886267, -0.01501284, ...,  0.45669995,
          0.4486653 ,  0.446557  ],
        [ 0.00886267,  0.        , -0.00615057, ...,  0.46456643,
          0.45656824,  0.45446939],
        [ 0.01501284,  0.00615057,  0.        , ...,  0.47000421,
          0.4620317 ,  0.45993949],
        ...,
        [-0.45669995, -0.46456643, -0.47000421, ...,  0.        ,
         -0.00901071, -0.01136825],
        [-0.4486653 , -0.45656824, -0.4620317 , ...,  0.00901071,
          0.        , -0.00235766],
        [-0.446557  , -0.45446939, -0.45993949, ...,  0.01136825,
          0.00235766,  0.        ]],

       [[ 0.        , -0.02794109, -0.0523629 , ...,  0.76976349,
          0.77232133,  0.77096012],
        [ 0.02794109,  0.        , -0.0244397 , ...,  0.78729856,
          0.78976887,  0.78845433],
        [ 0.0523629 ,  0.0244397 ,  0.        , ...,  0.80213224,
          0.80452439,  0.80325152],
        ...,
        [-0.76976349, -0.78729856, -0.80213224, ...,  0.        ,
          0.00401681,  0.00187675],
        [-0.77232133, -0.78976887, -0.80452439, ..., -0.00401681,
          0.        , -0.00214007],
        [-0.77096012, -0.78845433, -0.80325152, ..., -0.00187675,
          0.00214007,  0.        ]]]), 'num': array([7.07103447e-01, 7.07103447e-01, 0.00000000e+00, 1.73389351e-04,
       1.74292420e-04, 1.70680142e-04, 3.03239913e-03, 1.80613907e-06,
       1.72143115e-04, 1.71519997e-04, 1.67907719e-04, 5.00614634e-07,
       1.74834693e-04, 1.68205301e-04])}
{'img': array([[[ 0.        ,  0.        , -0.02373975, ...,  0.76576959,
          0.63592701,  0.82470466],
        [ 0.        ,  0.        , -0.02373975, ...,  0.76576959,
          0.63592701,  0.82470466],
        [ 0.02373975,  0.02373975,  0.        , ...,  0.78082116,
          0.65406892,  0.83789857],
        ...,
        [-0.76576959, -0.76576959, -0.78082116, ...,  0.        ,
         -0.18200785,  0.09728853],
        [-0.63592701, -0.63592701, -0.65406892, ...,  0.18200785,
          0.        ,  0.27680797],
        [-0.82470466, -0.82470466, -0.83789857, ..., -0.09728853,
         -0.27680797,  0.        ]],

       [[ 0.        , -0.38870599, -0.54317022, ..., -0.83336143,
         -0.93122072, -0.46808234],
        [ 0.38870599,  0.        , -0.17408998, ..., -0.55297857,
         -0.71632511, -0.08777961],
        [ 0.54317022,  0.17408998,  0.        , ..., -0.39948347,
         -0.58391246,  0.08697878],
        ...,
        [ 0.83336143,  0.55297857,  0.39948347, ...,  0.        ,
         -0.21098882,  0.47770645],
        [ 0.93122072,  0.71632511,  0.58391246, ...,  0.21098882,
          0.        ,  0.65231035],
        [ 0.46808234,  0.08777961, -0.08697878, ..., -0.47770645,
         -0.65231035,  0.        ]],

       [[ 0.        , -0.15029935, -0.27600785, ...,  0.40444282,
          0.48829696,  0.63701787],
        [ 0.15029935,  0.        , -0.12841152, ...,  0.53730684,
          0.61391304,  0.7456398 ],
        [ 0.27600785,  0.12841152,  0.        , ...,  0.64115904,
          0.71019511,  0.82503354],
        ...,
        [-0.40444282, -0.53730684, -0.64115904, ...,  0.        ,
          0.09363031,  0.27082879],
        [-0.48829696, -0.61391304, -0.71019511, ..., -0.09363031,
          0.        ,  0.17950794],
        [-0.63701787, -0.7456398 , -0.82503354, ..., -0.27082879,
         -0.17950794,  0.        ]],

       ...,

       [[ 0.        ,  0.11144743, -0.13454302, ...,  0.20946619,
          0.18695755,  0.28959502],
        [-0.11144743,  0.        , -0.24413899, ...,  0.09918621,
          0.07631048,  0.18111911],
        [ 0.13454302,  0.24413899,  0.        , ...,  0.33911998,
          0.31742845,  0.41573971],
        ...,
        [-0.20946619, -0.09918621, -0.33911998, ...,  0.        ,
         -0.02296281,  0.0826802 ],
        [-0.18695755, -0.07631048, -0.31742845, ...,  0.02296281,
          0.        ,  0.10554259],
        [-0.28959502, -0.18111911, -0.41573971, ..., -0.0826802 ,
         -0.10554259,  0.        ]],

       [[ 0.        , -0.00615057, -0.02038279, ...,  0.45656824,
          0.45446939,  0.45802123],
        [ 0.00615057,  0.        , -0.01423311, ...,  0.4620317 ,
          0.45993949,  0.46348007],
        [ 0.02038279,  0.01423311,  0.        , ...,  0.47460772,
          0.47253119,  0.47604518],
        ...,
        [-0.45656824, -0.4620317 , -0.47460772, ...,  0.        ,
         -0.00235766,  0.00163383],
        [-0.45446939, -0.45993949, -0.47253119, ...,  0.00235766,
          0.        ,  0.00399148],
        [-0.45802123, -0.46348007, -0.47604518, ..., -0.00163383,
         -0.00399148,  0.        ]],

       [[ 0.        , -0.0244397 , -0.05276436, ...,  0.78976887,
          0.78845433,  0.78711177],
        [ 0.0244397 ,  0.        , -0.02834294, ...,  0.80452439,
          0.80325152,  0.80195133],
        [ 0.05276436,  0.02834294,  0.        , ...,  0.82103461,
          0.81981101,  0.81856093],
        ...,
        [-0.78976887, -0.80452439, -0.82103461, ...,  0.        ,
         -0.00214007, -0.0043197 ],
        [-0.78845433, -0.80325152, -0.81981101, ...,  0.00214007,
          0.        , -0.00217964],
        [-0.78711177, -0.80195133, -0.81856093, ...,  0.0043197 ,
          0.00217964,  0.        ]]]), 'num': array([8.01695683e-01, 5.97693205e-01, 1.03292394e-05, 2.00789841e-04,
       2.01196504e-04, 1.96011551e-04, 6.82338780e-03, 5.59161583e-06,
       1.95726887e-04, 1.93332659e-04, 1.89282974e-04, 6.73481922e-07,
       1.98215272e-04, 1.88450046e-04])}
{'img': array([[[ 0.        , -0.02020832, -0.10111071, ...,  0.50950766,
          0.64261945,  0.99985828],
        [ 0.02020832,  0.        , -0.0809853 , ...,  0.52679219,
          0.65797154,  0.99931389],
        [ 0.10111071,  0.0809853 ,  0.        , ...,  0.59389887,
          0.7167957 ,  0.99303199],
        ...,
        [-0.50950766, -0.52679219, -0.59389887, ...,  0.        ,
          0.16257487,  0.86892174],
        [-0.64261945, -0.65797154, -0.7167957 , ..., -0.16257487,
          0.        ,  0.77689544],
        [-0.99985828, -0.99931389, -0.99303199, ..., -0.86892174,
         -0.77689544,  0.        ]],

       [[ 0.        , -0.17408998, -0.63866717, ..., -0.71632511,
         -0.08777961,  0.84042709],
        [ 0.17408998,  0.        , -0.49495527, ..., -0.58391246,
          0.08697878,  0.92193721],
        [ 0.63866717,  0.49495527,  0.        , ..., -0.1055594 ,
          0.56865694,  0.99280391],
        ...,
        [ 0.71632511,  0.58391246,  0.1055594 , ...,  0.        ,
          0.65231035,  0.97461624],
        [ 0.08777961, -0.08697878, -0.56865694, ..., -0.65231035,
          0.        ,  0.88475291],
        [-0.84042709, -0.92193721, -0.99280391, ..., -0.97461624,
         -0.88475291,  0.        ]],

       [[ 0.        , -0.12783087, -0.21017389, ...,  0.6097517 ,
          0.74007121,  0.99741112],
        [ 0.12783087,  0.        , -0.08347397, ...,  0.70606708,
          0.81996956,  0.99842067],
        [ 0.21017389,  0.08347397,  0.        , ...,  0.76271454,
          0.86488893,  0.99024659],
        ...,
        [-0.6097517 , -0.70606708, -0.76271454, ...,  0.        ,
          0.17649948,  0.74669325],
        [-0.74007121, -0.81996956, -0.86488893, ..., -0.17649948,
          0.        ,  0.61756881],
        [-0.99741112, -0.99842067, -0.99024659, ..., -0.74669325,
         -0.61756881,  0.        ]],

       ...,

       [[ 0.        , -0.24413899, -0.60267054, ...,  0.07631048,
          0.18111911,  0.56717137],
        [ 0.24413899,  0.        , -0.38961338, ...,  0.31742845,
          0.41573971,  0.75108173],
        [ 0.60267054,  0.38961338,  0.        , ...,  0.66180823,
          0.73723433,  0.94895648],
        ...,
        [-0.07631048, -0.31742845, -0.66180823, ...,  0.        ,
          0.10554259,  0.50266826],
        [-0.18111911, -0.41573971, -0.73723433, ..., -0.10554259,
          0.        ,  0.40862135],
        [-0.56717137, -0.75108173, -0.94895648, ..., -0.50266826,
         -0.40862135,  0.        ]],

       [[ 0.        , -0.01423311, -0.0402321 , ...,  0.45993949,
          0.46348007,  0.60920299],
        [ 0.01423311,  0.        , -0.02600644, ...,  0.47253119,
          0.47604518,  0.62042834],
        [ 0.0402321 ,  0.02600644,  0.        , ...,  0.49529121,
          0.49875478,  0.64061439],
        ...,
        [-0.45993949, -0.47253119, -0.49529121, ...,  0.        ,
          0.00399148,  0.17620335],
        [-0.46348007, -0.47604518, -0.49875478, ..., -0.00399148,
          0.        ,  0.17227292],
        [-0.60920299, -0.62042834, -0.64061439, ..., -0.17620335,
         -0.17227292,  0.        ]],

       [[ 0.        , -0.02834294,  0.00946983, ...,  0.80325152,
          0.80195133,  0.70125967],
        [ 0.02834294,  0.        ,  0.0378077 , ...,  0.81981101,
          0.81856093,  0.72118379],
        [-0.00946983, -0.0378077 ,  0.        , ...,  0.79757489,
          0.7962582 ,  0.69447712],
        ...,
        [-0.80325152, -0.81981101, -0.79757489, ...,  0.        ,
         -0.00217964, -0.15494448],
        [-0.80195133, -0.81856093, -0.7962582 , ...,  0.00217964,
          0.        , -0.1527908 ],
        [-0.70125967, -0.72118379, -0.69447712, ...,  0.15494448,
          0.1527908 ,  0.        ]]]), 'num': array([7.91301394e-01, 6.11389800e-01, 9.00909338e-06, 1.99901772e-04,
       2.00101974e-04, 1.95997831e-04, 6.65701930e-03, 2.20222283e-06,
       1.94316134e-04, 1.90812598e-04, 1.86658405e-04, 6.52832853e-07,
       1.97173733e-04, 1.84451462e-04])}
{'img': array([[[ 0.        , -0.07594128,  0.04402305, ...,  0.60300142,
          0.90987048,  0.99463483],
        [ 0.07594128,  0.        ,  0.11976357, ...,  0.66184153,
          0.9387505 ,  0.98390663],
        [-0.04402305, -0.11976357,  0.        , ...,  0.56729787,
          0.89072354,  0.99822466],
        ...,
        [-0.60300142, -0.66184153, -0.56729787, ...,  0.        ,
          0.47565946,  0.85583956],
        [-0.90987048, -0.9387505 , -0.89072354, ..., -0.47565946,
          0.        ,  0.50679098],
        [-0.99463483, -0.98390663, -0.99822466, ..., -0.85583956,
         -0.50679098,  0.        ]],

       [[ 0.        , -0.49495527, -0.12308985, ...,  0.08697878,
          0.92193721,  0.91203893],
        [ 0.49495527,  0.        ,  0.38423635, ...,  0.56865694,
          0.99280391,  0.99547041],
        [ 0.12308985, -0.38423635,  0.        , ...,  0.20894072,
          0.96260391,  0.95558295],
        ...,
        [-0.08697878, -0.56865694, -0.20894072, ...,  0.        ,
          0.88475291,  0.87291213],
        [-0.92193721, -0.99280391, -0.96260391, ..., -0.88475291,
          0.        , -0.02482123],
        [-0.91203893, -0.99547041, -0.95558295, ..., -0.87291213,
          0.02482123,  0.        ]],

       [[ 0.        , -0.07738875, -0.10477568, ...,  0.73647901,
          0.90125252,  0.99097854],
        [ 0.07738875,  0.        , -0.02749866, ...,  0.78662073,
          0.93208176,  0.9776349 ],
        [ 0.10477568,  0.02749866,  0.        , ...,  0.80330194,
          0.94169062,  0.97148198],
        ...,
        [-0.73647901, -0.78662073, -0.80330194, ...,  0.        ,
          0.29054952,  0.76906111],
        [-0.90125252, -0.93208176, -0.94169062, ..., -0.29054952,
          0.        ,  0.55017171],
        [-0.99097854, -0.9776349 , -0.97148198, ..., -0.76906111,
         -0.55017171,  0.        ]],

       ...,

       [[ 0.        , -0.38961338, -0.04316601, ...,  0.41573971,
          0.75108173,  0.72224578],
        [ 0.38961338,  0.        ,  0.34949526, ...,  0.73723433,
          0.94895648,  0.93464367],
        [ 0.04316601, -0.34949526,  0.        , ...,  0.45461098,
          0.77888025,  0.75142778],
        ...,
        [-0.41573971, -0.73723433, -0.45461098, ...,  0.        ,
          0.40862135,  0.36932998],
        [-0.75108173, -0.94895648, -0.77888025, ..., -0.40862135,
          0.        , -0.04264219],
        [-0.72224578, -0.93464367, -0.75142778, ..., -0.36932998,
          0.04264219,  0.        ]],

       [[ 0.        , -0.02600644, -0.05070207, ...,  0.47604518,
          0.62042834,  0.80359479],
        [ 0.02600644,  0.        , -0.02471193, ...,  0.49875478,
          0.64061439,  0.81880143],
        [ 0.05070207,  0.02471193,  0.        , ...,  0.52002136,
          0.65939413,  0.83273792],
        ...,
        [-0.47604518, -0.49875478, -0.52002136, ...,  0.        ,
          0.17227292,  0.42336695],
        [-0.62042834, -0.64061439, -0.65939413, ..., -0.17227292,
          0.        ,  0.26096523],
        [-0.80359479, -0.81880143, -0.83273792, ..., -0.42336695,
         -0.26096523,  0.        ]],

       [[ 0.        ,  0.0378077 ,  0.08438833, ...,  0.81856093,
          0.72118379,  0.60098277],
        [-0.0378077 ,  0.        ,  0.04665516, ...,  0.7962582 ,
          0.69447712,  0.57033483],
        [-0.08438833, -0.04665516,  0.        , ...,  0.76716675,
          0.6601518 ,  0.53139064],
        ...,
        [-0.81856093, -0.7962582 , -0.76716675, ...,  0.        ,
         -0.1527908 , -0.30902828],
        [-0.72118379, -0.69447712, -0.6601518 , ...,  0.1527908 ,
          0.        , -0.16008772],
        [-0.60098277, -0.57033483, -0.53139064, ...,  0.30902828,
          0.16008772,  0.        ]]]), 'num': array([9.81972698e-01, 1.88961288e-01, 3.95516912e-05, 2.48281593e-04,
       2.50139062e-04, 2.44938150e-04, 4.77350773e-03, 9.90649749e-07,
       2.42634890e-04, 2.36752907e-04, 2.31287822e-04, 8.29039515e-07,
       2.46195279e-04, 2.27310535e-04])}
{'img': array([[[ 0.        ,  0.11717688,  0.05585011, ...,  0.91497905,
          0.99350847,  0.9800448 ],
        [-0.11717688,  0.        , -0.06152862, ...,  0.86139478,
          0.97333443,  0.99658537],
        [-0.05585011,  0.06152862,  0.        , ...,  0.89101532,
          0.98560437,  0.98961681],
        ...,
        [-0.91497905, -0.86139478, -0.89101532, ...,  0.        ,
          0.29679571,  0.57732597],
        [-0.99350847, -0.97333443, -0.98560437, ..., -0.29679571,
          0.        ,  0.30897446],
        [-0.9800448 , -0.99658537, -0.98961681, ..., -0.57732597,
         -0.30897446,  0.        ]],

       [[ 0.        ,  0.38423635,  0.02271235, ...,  0.99280391,
          0.99547041,  0.68940031],
        [-0.38423635,  0.        , -0.3631684 , ...,  0.96260391,
          0.95558295,  0.35814499],
        [-0.02271235,  0.3631684 ,  0.        , ...,  0.99526765,
          0.99737293,  0.67277009],
        ...,
        [-0.99280391, -0.96260391, -0.99526765, ...,  0.        ,
         -0.02482123, -0.80172449],
        [-0.99547041, -0.95558295, -0.99737293, ...,  0.02482123,
          0.        , -0.78664199],
        [-0.68940031, -0.35814499, -0.67277009, ...,  0.80172449,
          0.78664199,  0.        ]],

       [[ 0.        , -0.025606  , -0.03748892, ...,  0.85540489,
          0.95151112,  0.96056962],
        [ 0.025606  ,  0.        , -0.01188862, ...,  0.86838729,
          0.95907591,  0.95313518],
        [ 0.03748892,  0.01188862,  0.        , ...,  0.87422133,
          0.96237438,  0.94947097],
        ...,
        [-0.85540489, -0.86838729, -0.87422133, ...,  0.        ,
          0.22970982,  0.73537298],
        [-0.95151112, -0.95907591, -0.96237438, ..., -0.22970982,
          0.        ,  0.56004274],
        [-0.96056962, -0.95313518, -0.94947097, ..., -0.73537298,
         -0.56004274,  0.        ]],

       ...,

       [[ 0.        ,  0.34949526,  0.20046444, ...,  0.94895648,
          0.93464367,  0.95793113],
        [-0.34949526,  0.        , -0.15457808, ...,  0.77888025,
          0.75142778,  0.79721771],
        [-0.20046444,  0.15457808,  0.        , ...,  0.86646571,
          0.84438903,  0.88095315],
        ...,
        [-0.94895648, -0.77888025, -0.86646571, ...,  0.        ,
         -0.04264219,  0.02978945],
        [-0.93464367, -0.75142778, -0.84438903, ...,  0.04264219,
          0.        ,  0.07238562],
        [-0.95793113, -0.79721771, -0.88095315, ..., -0.02978945,
         -0.07238562,  0.        ]],

       [[ 0.        , -0.02471193, -0.04888421, ...,  0.64061439,
          0.81880143,  0.94294898],
        [ 0.02471193,  0.        , -0.02418689, ...,  0.65939413,
          0.83273792,  0.95088854],
        [ 0.04888421,  0.02418689,  0.        , ...,  0.67738487,
          0.8458858 ,  0.95809701],
        ...,
        [-0.64061439, -0.65939413, -0.67738487, ...,  0.        ,
          0.26096523,  0.51077099],
        [-0.81880143, -0.83273792, -0.8458858 , ..., -0.26096523,
          0.        ,  0.26871566],
        [-0.94294898, -0.95088854, -0.95809701, ..., -0.51077099,
         -0.26871566,  0.        ]],

       [[ 0.        ,  0.04665516,  0.08252594, ...,  0.69447712,
          0.57033483,  0.4912033 ],
        [-0.04665516,  0.        ,  0.03594006, ...,  0.6601518 ,
          0.53139064,  0.45002967],
        [-0.08252594, -0.03594006,  0.        , ...,  0.63272957,
          0.50060155,  0.41764396],
        ...,
        [-0.69447712, -0.6601518 , -0.63272957, ...,  0.        ,
         -0.16008772, -0.25149276],
        [-0.57033483, -0.53139064, -0.50060155, ...,  0.16008772,
          0.        , -0.09330684],
        [-0.4912033 , -0.45002967, -0.41764396, ...,  0.25149276,
          0.09330684,  0.        ]]]), 'num': array([ 9.71009136e-01,  2.38999198e-01,  3.66922262e-05,  2.45229452e-04,
        2.48302502e-04,  2.44000231e-04,  4.49225937e-03, -1.22922031e-06,
        2.43188946e-04,  2.35580072e-04,  2.29970730e-04,  8.67039325e-07,
        2.45934019e-04,  2.25226126e-04])}
{'img': array([[[ 0.        , -0.06152862, -0.12337627, ...,  0.97333443,
          0.99658537,  0.96406547],
        [ 0.06152862,  0.        , -0.06208398, ...,  0.98560437,
          0.98961681,  0.97858486],
        [ 0.12337627,  0.06208398,  0.        , ...,  0.99419949,
          0.97878439,  0.9894767 ],
        ...,
        [-0.97333443, -0.98560437, -0.99419949, ...,  0.        ,
          0.30897446, -0.03743302],
        [-0.99658537, -0.98961681, -0.97878439, ..., -0.30897446,
          0.        , -0.34435935],
        [-0.96406547, -0.97858486, -0.9894767 , ...,  0.03743302,
          0.34435935,  0.        ]],

       [[ 0.        , -0.3631684 ,  0.18453944, ...,  0.95558295,
          0.35814499,  0.29960002],
        [ 0.3631684 ,  0.        ,  0.52887076, ...,  0.99737293,
          0.67277009,  0.62563061],
        [-0.18453944, -0.52887076,  0.        , ...,  0.88478303,
          0.17969568,  0.11839182],
        ...,
        [-0.95558295, -0.99737293, -0.88478303, ...,  0.        ,
         -0.78664199, -0.82338935],
        [-0.35814499, -0.67277009, -0.17969568, ...,  0.78664199,
          0.        , -0.06196721],
        [-0.29960002, -0.62563061, -0.11839182, ...,  0.82338935,
          0.06196721,  0.        ]],

       [[ 0.        , -0.01114998, -0.04112158, ...,  0.89721902,
          0.97732082,  0.9330057 ],
        [ 0.01114998,  0.        , -0.02997848, ...,  0.90208692,
          0.97962123,  0.92893525],
        [ 0.04112158,  0.02997848,  0.        , ...,  0.91461882,
          0.98520222,  0.91741844],
        ...,
        [-0.89721902, -0.90208692, -0.91461882, ...,  0.        ,
          0.24157225,  0.73487674],
        [-0.97732082, -0.97962123, -0.98520222, ..., -0.24157225,
          0.        ,  0.54927731],
        [-0.9330057 , -0.92893525, -0.91741844, ..., -0.73487674,
         -0.54927731,  0.        ]],

       ...,

       [[ 0.        , -0.15457808, -0.56133524, ...,  0.75142778,
          0.79721771,  0.88356874],
        [ 0.15457808,  0.        , -0.42666128, ...,  0.84438903,
          0.88095315,  0.94533789],
        [ 0.56133524,  0.42666128,  0.        , ...,  0.99225061,
          0.99864176,  0.99410547],
        ...,
        [-0.75142778, -0.84438903, -0.99225061, ...,  0.        ,
          0.07238562,  0.23109747],
        [-0.79721771, -0.88095315, -0.99864176, ..., -0.07238562,
          0.        ,  0.16006506],
        [-0.88356874, -0.94533789, -0.99410547, ..., -0.23109747,
         -0.16006506,  0.        ]],

       [[ 0.        , -0.02418689, -0.00334096, ...,  0.83273792,
          0.95088854,  0.99609774],
        [ 0.02418689,  0.        ,  0.02084677, ...,  0.8458858 ,
          0.95809701,  0.997941  ],
        [ 0.00334096, -0.02084677,  0.        , ...,  0.83458306,
          0.95191737,  0.99638704],
        ...,
        [-0.83273792, -0.8458858 , -0.83458306, ...,  0.        ,
          0.26871566,  0.47801189],
        [-0.95088854, -0.95809701, -0.95191737, ..., -0.26871566,
          0.        ,  0.2244031 ],
        [-0.99609774, -0.997941  , -0.99638704, ..., -0.47801189,
         -0.2244031 ,  0.        ]],

       [[ 0.        ,  0.03594006, -0.00763686, ...,  0.53139064,
          0.45002967,  0.41096588],
        [-0.03594006,  0.        , -0.04357093, ...,  0.50060155,
          0.41764396,  0.37793559],
        [ 0.00763686,  0.04357093,  0.        , ...,  0.53784453,
          0.45683636,  0.41791604],
        ...,
        [-0.53139064, -0.50060155, -0.53784453, ...,  0.        ,
         -0.09330684, -0.13630242],
        [-0.45002967, -0.41764396, -0.45683636, ...,  0.09330684,
          0.        , -0.04327176],
        [-0.41096588, -0.37793559, -0.41791604, ...,  0.13630242,
          0.04327176,  0.        ]]]), 'num': array([ 9.89892483e-01,  1.41793700e-01,  4.29199789e-05,  2.49661108e-04,
        2.53956896e-04,  2.48523987e-04,  2.63295182e-03, -2.40058758e-06,
        2.51379423e-04,  2.42680452e-04,  2.36689512e-04,  8.87234706e-07,
        2.53695647e-04,  2.31665257e-04])}
{'img': array([[[ 0.        , -0.06208398, -0.03097158, ...,  0.98961681,
          0.97858486,  0.89581054],
        [ 0.06208398,  0.        ,  0.03114236, ...,  0.97878439,
          0.9894767 ,  0.92167482],
        [ 0.03097158, -0.03114236,  0.        , ...,  0.98469049,
          0.98449071,  0.90914568],
        ...,
        [-0.98961681, -0.97878439, -0.98469049, ...,  0.        ,
         -0.34435935, -0.56857711],
        [-0.97858486, -0.9894767 , -0.98449071, ...,  0.34435935,
          0.        , -0.25052144],
        [-0.89581054, -0.92167482, -0.90914568, ...,  0.56857711,
          0.25052144,  0.        ]],

       [[ 0.        ,  0.52887076,  0.75022114, ...,  0.67277009,
          0.62563061,  0.11881625],
        [-0.52887076,  0.        ,  0.28703199, ...,  0.17969568,
          0.11839182, -0.42428474],
        [-0.75022114, -0.28703199,  0.        , ..., -0.11022548,
         -0.17160327, -0.666347  ],
        ...,
        [-0.67277009, -0.17969568,  0.11022548, ...,  0.        ,
         -0.06196721, -0.58009796],
        [-0.62563061, -0.11839182,  0.17160327, ...,  0.06196721,
          0.        , -0.52850793],
        [-0.11881625,  0.42428474,  0.666347  , ...,  0.58009796,
          0.52850793,  0.        ]],

       [[ 0.        , -0.02898157, -0.04361234, ...,  0.9521231 ,
          0.99974711,  0.91680293],
        [ 0.02898157,  0.        , -0.01464003, ...,  0.96058325,
          0.9999789 ,  0.90484433],
        [ 0.04361234,  0.01464003,  0.        , ...,  0.96455013,
          0.99977664,  0.89851447],
        ...,
        [-0.9521231 , -0.96058325, -0.96455013, ...,  0.        ,
          0.28422632,  0.66050109],
        [-0.99974711, -0.9999789 , -0.99977664, ..., -0.28422632,
          0.        ,  0.41985594],
        [-0.91680293, -0.90484433, -0.89851447, ..., -0.66050109,
         -0.41985594,  0.        ]],

       ...,

       [[ 0.        , -0.42666128, -0.25884922, ...,  0.88095315,
          0.94533789,  0.9404111 ],
        [ 0.42666128,  0.        ,  0.17801349, ...,  0.99864176,
          0.99410547,  0.99560036],
        [ 0.25884922, -0.17801349,  0.        , ...,  0.97341663,
          0.99752741,  0.99637876],
        ...,
        [-0.88095315, -0.99864176, -0.97341663, ...,  0.        ,
          0.16006506,  0.14544684],
        [-0.94533789, -0.99410547, -0.99752741, ..., -0.16006506,
          0.        , -0.01479142],
        [-0.9404111 , -0.99560036, -0.99637876, ..., -0.14544684,
          0.01479142,  0.        ]],

       [[ 0.        ,  0.02084677,  0.02892923, ...,  0.95809701,
          0.997941  ,  0.99492578],
        [-0.02084677,  0.        ,  0.00808489, ...,  0.95191737,
          0.99638704,  0.99680699],
        [-0.02892923, -0.00808489,  0.        , ...,  0.94940941,
          0.99566784,  0.99741998],
        ...,
        [-0.95809701, -0.95191737, -0.94940941, ...,  0.        ,
          0.2244031 ,  0.38138609],
        [-0.997941  , -0.99638704, -0.99566784, ..., -0.2244031 ,
          0.        ,  0.1642176 ],
        [-0.99492578, -0.99680699, -0.99741998, ..., -0.38138609,
         -0.1642176 ,  0.        ]],

       [[ 0.        , -0.04357093, -0.05969886, ...,  0.41764396,
          0.37793559,  0.39318032],
        [ 0.04357093,  0.        , -0.01614894, ...,  0.45683636,
          0.41791604,  0.43286872],
        [ 0.05969886,  0.01614894,  0.        , ...,  0.47114209,
          0.43253262,  0.44736985],
        ...,
        [-0.41764396, -0.45683636, -0.47114209, ...,  0.        ,
         -0.04327176, -0.02675963],
        [-0.37793559, -0.41791604, -0.43253262, ...,  0.04327176,
          0.        ,  0.01652169],
        [-0.39318032, -0.43286872, -0.44736985, ...,  0.02675963,
         -0.01652169,  0.        ]]]), 'num': array([9.92575751e-01, 1.21410725e-01, 4.35800425e-05, 2.50694979e-04,
       2.54582695e-04, 2.48312185e-04, 7.23399862e-03, 2.88443447e-06,
       2.50118092e-04, 2.41502411e-04, 2.35313418e-04, 9.12537593e-07,
       2.53160326e-04, 2.29844497e-04])}
{'img': array([[[ 0.        ,  0.03114236,  0.2436429 , ...,  0.9894767 ,
          0.92167482,  0.99786249],
        [-0.03114236,  0.        ,  0.21332084, ...,  0.98449071,
          0.90914568,  0.99534338],
        [-0.2436429 , -0.21332084,  0.        , ...,  0.92440559,
          0.79937565,  0.95187019],
        ...,
        [-0.9894767 , -0.98449071, -0.92440559, ...,  0.        ,
         -0.25052144,  0.07972203],
        [-0.92167482, -0.90914568, -0.79937565, ...,  0.25052144,
          0.        ,  0.32690384],
        [-0.99786249, -0.99534338, -0.95187019, ..., -0.07972203,
         -0.32690384,  0.        ]],

       [[ 0.        ,  0.28703199,  0.19134516, ...,  0.11839182,
         -0.42428474,  0.69647808],
