state_0,state_1,state_2,state_3,state_4,state_5,state_6,state_7,state_8,state_9,state_10,state_11,state_12,state_13,state_14,state_15,state_16,state_17,state_18,state_19,state_20,state_21,state_22,state_23,state_24,state_25,state_26,state_27,state_28,state_29,state_30,state_31,state_32,state_33,state_34,state_35,state_36,state_37,state_38,state_39,state_40,state_41,state_42,state_43,state_44,state_45,state_46,state_47,state_48,state_49,state_50,state_51,state_52,state_53,state_54,state_55,state_56,state_57,state_58,state_59,state_60,state_61,state_62,state_63,state_64,state_65,state_66,state_67,state_68,state_69,state_70,state_71,state_72,state_73,state_74,state_75,state_76,state_77,state_78,state_79,state_80,state_81,state_82,state_83,state_84,state_85,state_86,state_87,state_88,state_89,state_90,state_91,state_92,state_93,state_94,state_95,state_96,state_97,state_98,state_99,state_100,state_101,state_102,state_103,state_104,state_105,state_106,state_107,state_108,state_109,state_110,state_111,state_112,state_113,state_114,state_115,state_116,state_117,state_118,state_119,state_120,state_121,state_122,state_123,state_124,state_125,state_126,state_127,state_128,state_129,state_130,state_131,state_132,state_133,state_134,state_135,state_136,state_137,state_138,state_139,state_140,state_141,state_142,state_143,state_144,state_145,state_146,state_147,state_148,state_149,state_150,state_151,state_152,state_153,state_154,state_155,state_156,state_157,state_158,state_159,state_160,state_161,state_162,state_163,state_164,state_165,state_166,state_167,state_168,state_169,state_170,state_171,state_172,state_173,state_174,state_175,state_176,state_177,state_178,state_179,state_180,state_181,state_182,state_183,state_184,state_185,state_186,state_187,state_188,state_189,state_190,state_191,state_192,state_193,state_194,state_195,state_196,state_197,state_198,state_199,state_200,state_201,state_202,state_203,state_204,state_205,state_206,state_207,state_208,state_209,state_210,state_211,state_212,state_213,state_214,state_215,state_216,state_217,state_218,state_219,state_220,state_221,state_222,state_223,state_224,state_225,state_226,state_227,state_228,state_229,state_230,state_231,state_232,state_233,state_234,state_235,state_236,state_237,state_238,state_239,state_240,state_241,state_242,state_243,state_244,state_245,state_246,state_247,state_248,state_249,state_250,state_251,state_252,state_253,state_254,state_255,state_256,state_257,state_258,state_259,state_260,state_261,state_262,state_263,state_264,state_265,state_266,state_267,state_268,state_269,state_270,state_271,state_272,state_273,state_274,state_275,state_276,state_277,state_278,state_279,state_280,state_281,state_282,state_283,state_284,state_285,state_286,state_287
{'img': array([[[ 0.00000000e+00,  1.89543626e-01,  1.11647366e-01, ...,
         -1.43727973e-01, -1.65823380e-01, -5.78164254e-01],
        [-1.89543626e-01,  0.00000000e+00, -7.87351227e-02, ...,
         -3.28698155e-01, -3.49736867e-01, -7.22335977e-01],
        [-1.11647366e-01,  7.87351227e-02,  0.00000000e+00, ...,
         -2.53317527e-01, -2.74888294e-01, -6.65644869e-01],
        ...,
        [ 1.43727973e-01,  3.28698155e-01,  2.53317527e-01, ...,
          0.00000000e+00, -2.23635480e-02, -4.54890724e-01],
        [ 1.65823380e-01,  3.49736867e-01,  2.74888294e-01, ...,
          2.23635480e-02,  0.00000000e+00, -4.34861162e-01],
        [ 5.78164254e-01,  7.22335977e-01,  6.65644869e-01, ...,
          4.54890724e-01,  4.34861162e-01,  0.00000000e+00]],

       [[ 0.00000000e+00, -4.42656076e-02, -6.42617565e-02, ...,
         -4.39250505e-02, -4.64063701e-02,  7.65552938e-03],
        [ 4.42656076e-02,  0.00000000e+00, -2.00246530e-02, ...,
          3.40888733e-04, -2.14296461e-03,  5.19123359e-02],
        [ 6.42617565e-02,  2.00246530e-02,  0.00000000e+00, ...,
          2.03654722e-02,  1.78820721e-02,  7.18995794e-02],
        ...,
        [ 4.39250505e-02, -3.40888733e-04, -2.03654722e-02, ...,
          0.00000000e+00, -2.48385244e-03,  5.15719038e-02],
        [ 4.64063701e-02,  2.14296461e-03, -1.78820721e-02, ...,
          2.48385244e-03,  0.00000000e+00,  5.40522918e-02],
        [-7.65552938e-03, -5.19123359e-02, -7.18995794e-02, ...,
         -5.15719038e-02, -5.40522918e-02,  0.00000000e+00]],

       [[ 0.00000000e+00, -2.11091423e-01, -4.23535517e-01, ...,
         -7.58778983e-01, -8.11543254e-01, -8.81266444e-01],
        [ 2.11091423e-01,  0.00000000e+00, -2.22768311e-01, ...,
         -6.04186887e-01, -6.69917096e-01, -7.61642288e-01],
        [ 4.23535517e-01,  2.22768311e-01,  0.00000000e+00, ...,
         -4.11493236e-01, -4.87691834e-01, -5.98149942e-01],
        ...,
        [ 7.58778983e-01,  6.04186887e-01,  4.11493236e-01, ...,
          0.00000000e+00, -8.52484699e-02, -2.15397341e-01],
        [ 8.11543254e-01,  6.69917096e-01,  4.87691834e-01, ...,
          8.52484699e-02,  0.00000000e+00, -1.31365846e-01],
        [ 8.81266444e-01,  7.61642288e-01,  5.98149942e-01, ...,
          2.15397341e-01,  1.31365846e-01,  0.00000000e+00]],

       ...,

       [[ 0.00000000e+00,  6.02090334e-01,  6.11423073e-01, ...,
          9.73129523e-01,  9.98004716e-01,  9.96179578e-01],
        [-6.02090334e-01,  0.00000000e+00,  1.17408704e-02, ...,
          9.15610192e-01,  8.34850524e-01,  7.42798058e-01],
        [-6.11423073e-01, -1.17408704e-02,  0.00000000e+00, ...,
          9.10826464e-01,  8.28329905e-01,  7.34886164e-01],
        ...,
        [-9.73129523e-01, -9.15610192e-01, -9.10826464e-01, ...,
          0.00000000e+00, -1.68356129e-01, -3.14360561e-01],
        [-9.98004716e-01, -8.34850524e-01, -8.28329905e-01, ...,
          1.68356129e-01,  0.00000000e+00, -1.50052364e-01],
        [-9.96179578e-01, -7.42798058e-01, -7.34886164e-01, ...,
          3.14360561e-01,  1.50052364e-01,  0.00000000e+00]],

       [[ 0.00000000e+00,  8.03070104e-02,  1.33482685e-01, ...,
         -9.92112602e-01, -9.96929274e-01, -6.49888733e-01],
        [-8.03070104e-02,  0.00000000e+00,  5.34632049e-02, ...,
         -9.98974725e-01, -9.87420749e-01, -5.86754021e-01],
        [-1.33482685e-01, -5.34632049e-02,  0.00000000e+00, ...,
         -9.99966365e-01, -9.77555240e-01, -5.42622213e-01],
        ...,
        [ 9.92112602e-01,  9.98974725e-01,  9.99966365e-01, ...,
          0.00000000e+00, -2.02654526e-01, -8.35498167e-01],
        [ 9.96929274e-01,  9.87420749e-01,  9.77555240e-01, ...,
          2.02654526e-01,  0.00000000e+00, -7.06804537e-01],
        [ 6.49888733e-01,  5.86754021e-01,  5.42622213e-01, ...,
          8.35498167e-01,  7.06804537e-01,  0.00000000e+00]],

       [[ 0.00000000e+00, -6.15800717e-01, -8.54986306e-01, ...,
         -7.65172204e-01, -8.56184772e-01, -9.82502078e-01],
        [ 6.15800717e-01,  0.00000000e+00, -3.54259981e-01, ...,
         -9.99348980e-01, -9.92755254e-01, -8.88809183e-01],
        [ 8.54986306e-01,  3.54259981e-01,  0.00000000e+00, ...,
         -9.47319136e-01, -8.85806288e-01, -6.68817853e-01],
        ...,
        [ 7.65172204e-01,  9.99348980e-01,  9.47319136e-01, ...,
          0.00000000e+00,  1.55892402e-01,  4.90045496e-01],
        [ 8.56184772e-01,  9.92755254e-01,  8.85806288e-01, ...,
         -1.55892402e-01,  0.00000000e+00,  3.48163303e-01],
        [ 9.82502078e-01,  8.88809183e-01,  6.68817853e-01, ...,
         -4.90045496e-01, -3.48163303e-01,  0.00000000e+00]]]), 'num': array([ 7.08596122e-01,  7.05569036e-01,  1.94793176e-06,  4.14669309e-05,
        4.35482827e-05,  4.00259951e-05,  7.99100314e-03, -2.24145573e-06,
        4.37297339e-05,  4.42100458e-05,  4.59627397e-05,  7.77316427e-07,
        4.56450992e-05,  4.27749925e-05])}
{'img': array([[[ 0.        , -0.04991424, -0.04533077, ..., -0.19704521,
         -0.29806547, -0.91687391],
        [ 0.04991424,  0.        ,  0.00458866, ..., -0.14786395,
         -0.25004853, -0.89580642],
        [ 0.04533077, -0.00458866,  0.        , ..., -0.15240061,
         -0.25448878, -0.89783639],
        ...,
        [ 0.19704521,  0.14786395,  0.15240061, ...,  0.        ,
         -0.10413312, -0.82024214],
        [ 0.29806547,  0.25004853,  0.25448878, ...,  0.10413312,
          0.        , -0.75621693],
        [ 0.91687391,  0.89580642,  0.89783639, ...,  0.82024214,
          0.75621693,  0.        ]],

       [[ 0.        , -0.02002465, -0.01146408, ..., -0.00214296,
          0.05191234,  0.10257721],
        [ 0.02002465,  0.        ,  0.00856156, ...,  0.01788207,
          0.07189958,  0.12247567],
        [ 0.01146408, -0.00856156,  0.        , ...,  0.00932123,
          0.06335754,  0.11397408],
        ...,
        [ 0.00214296, -0.01788207, -0.00932123, ...,  0.        ,
          0.05405229,  0.10470864],
        [-0.05191234, -0.07189958, -0.06335754, ..., -0.05405229,
          0.        ,  0.0508004 ],
        [-0.10257721, -0.12247567, -0.11397408, ..., -0.10470864,
         -0.0508004 ,  0.        ]],

       [[ 0.        , -0.19474247, -0.28263629, ..., -0.55744745,
         -0.62250182, -0.98527373],
        [ 0.19474247,  0.        , -0.09042279, ..., -0.38509721,
         -0.45817463, -0.93311214],
        [ 0.28263629,  0.09042279,  0.        , ..., -0.30007062,
         -0.37592429, -0.8967749 ],
        ...,
        [ 0.55744745,  0.38509721,  0.30007062, ...,  0.        ,
         -0.08054002, -0.72267145],
        [ 0.62250182,  0.45817463,  0.37592429, ...,  0.08054002,
          0.        , -0.66465517],
        [ 0.98527373,  0.93311214,  0.8967749 , ...,  0.72267145,
          0.66465517,  0.        ]],

       ...,

       [[ 0.        ,  0.02399084,  0.08485436, ...,  0.94539915,
          0.87942375,  0.58334564],
        [-0.02399084,  0.        ,  0.06092562, ...,  0.93730807,
          0.86775004,  0.56369181],
        [-0.08485436, -0.06092562,  0.        , ...,  0.91433415,
          0.83585794,  0.51232098],
        ...,
        [-0.94539915, -0.93730807, -0.91433415, ...,  0.        ,
         -0.16343039, -0.57775492],
        [-0.87942375, -0.86775004, -0.83585794, ...,  0.16343039,
          0.        , -0.43659336],
        [-0.58334564, -0.56369181, -0.51232098, ...,  0.57775492,
          0.43659336,  0.        ]],

       [[ 0.        ,  0.0534632 ,  0.10917432, ..., -0.98742075,
         -0.58675402, -0.93179686],
        [-0.0534632 ,  0.        ,  0.05587455, ..., -0.97755524,
         -0.54262221, -0.91105813],
        [-0.10917432, -0.05587455,  0.        , ..., -0.96425649,
         -0.4948412 , -0.88659904],
        ...,
        [ 0.98742075,  0.97755524,  0.96425649, ...,  0.        ,
         -0.70680454, -0.21108338],
        [ 0.58675402,  0.54262221,  0.4948412 , ...,  0.70680454,
          0.        ,  0.5415566 ],
        [ 0.93179686,  0.91105813,  0.88659904, ...,  0.21108338,
         -0.5415566 ,  0.        ]],

       [[ 0.        , -0.71530983, -0.892438  , ..., -0.88826441,
         -0.9959673 , -0.7372441 ],
        [ 0.71530983,  0.        , -0.30091596, ..., -0.94929083,
         -0.76016482, -0.99847393],
        [ 0.892438  ,  0.30091596,  0.        , ..., -0.81068407,
         -0.52941747, -0.9355772 ],
        ...,
        [ 0.88826441,  0.94929083,  0.81068407, ...,  0.        ,
          0.37778773, -0.26149478],
        [ 0.9959673 ,  0.76016482,  0.52941747, ..., -0.37778773,
          0.        , -0.60675855],
        [ 0.7372441 ,  0.99847393,  0.9355772 , ...,  0.26149478,
          0.60675855,  0.        ]]]), 'num': array([7.07106198e-01, 7.07106198e-01, 0.00000000e+00, 1.20503629e-05,
       1.20882571e-05, 1.14213188e-05, 1.28436405e-03, 2.72838404e-07,
       1.22777282e-05, 1.25338931e-05, 1.30405389e-05, 2.75325213e-07,
       1.29973468e-05, 1.20704395e-05])}
{'img': array([[[ 0.00000000e+00,  4.58865574e-03,  2.21916897e-01, ...,
         -2.50048526e-01, -8.95806416e-01, -5.30301999e-01],
        [-4.58865574e-03,  0.00000000e+00,  2.17440320e-01, ...,
         -2.54488783e-01, -8.97836388e-01, -5.34186719e-01],
        [-2.21916897e-01, -2.17440320e-01,  0.00000000e+00, ...,
         -4.58681042e-01, -9.72099738e-01, -7.05222329e-01],
        ...,
        [ 2.50048526e-01,  2.54488783e-01,  4.58681042e-01, ...,
          0.00000000e+00, -7.56216930e-01, -3.01462713e-01],
        [ 8.95806416e-01,  8.97836388e-01,  9.72099738e-01, ...,
          7.56216930e-01,  0.00000000e+00,  5.23782801e-01],
        [ 5.30301999e-01,  5.34186719e-01,  7.05222329e-01, ...,
          3.01462713e-01, -5.23782801e-01,  0.00000000e+00]],

       [[ 0.00000000e+00,  8.56155943e-03,  1.97757989e-02, ...,
          7.18995794e-02,  1.22475670e-01,  7.15527129e-02],
        [-8.56155943e-03,  0.00000000e+00,  1.12151890e-02, ...,
          6.33575432e-02,  1.13974078e-01,  6.30104758e-02],
        [-1.97757989e-02, -1.12151890e-02,  0.00000000e+00, ...,
          5.21609020e-02,  1.02824802e-01,  5.18136101e-02],
        ...,
        [-7.18995794e-02, -6.33575432e-02, -5.21609020e-02, ...,
          0.00000000e+00,  5.08004036e-02, -3.47762199e-04],
        [-1.22475670e-01, -1.13974078e-01, -1.02824802e-01, ...,
         -5.08004036e-02,  0.00000000e+00, -5.11477137e-02],
        [-7.15527129e-02, -6.30104758e-02, -5.18136101e-02, ...,
          3.47762199e-04,  5.11477137e-02,  0.00000000e+00]],

       [[ 0.00000000e+00, -7.85559944e-02, -1.75418874e-02, ...,
         -3.82393121e-01, -6.62768094e-01, -9.71043037e-01],
        [ 7.85559944e-02,  0.00000000e+00,  6.10562292e-02, ...,
         -3.08625696e-01, -6.01895274e-01, -9.49274835e-01],
        [ 1.75418874e-02, -6.10562292e-02,  0.00000000e+00, ...,
         -3.66125583e-01, -6.49530315e-01, -9.66702784e-01],
        ...,
        [ 3.82393121e-01,  3.08625696e-01,  3.66125583e-01, ...,
          0.00000000e+00, -3.26052120e-01, -8.05888018e-01],
        [ 6.62768094e-01,  6.01895274e-01,  6.49530315e-01, ...,
          3.26052120e-01,  0.00000000e+00, -5.68802660e-01],
        [ 9.71043037e-01,  9.49274835e-01,  9.66702784e-01, ...,
          8.05888018e-01,  5.68802660e-01,  0.00000000e+00]],

       ...,

       [[ 0.00000000e+00,  6.09256215e-02,  6.92439621e-01, ...,
          8.67750035e-01,  5.63691810e-01,  7.67461015e-01],
        [-6.09256215e-02,  0.00000000e+00,  6.47196918e-01, ...,
          8.35857936e-01,  5.12320983e-01,  7.26976161e-01],
        [-6.92439621e-01, -6.47196918e-01,  0.00000000e+00, ...,
          2.81917574e-01, -1.65254859e-01,  1.09784566e-01],
        ...,
        [-8.67750035e-01, -8.35857936e-01, -2.81917574e-01, ...,
          0.00000000e+00, -4.36593356e-01, -1.74881943e-01],
        [-5.63691810e-01, -5.12320983e-01,  1.65254859e-01, ...,
          4.36593356e-01,  0.00000000e+00,  2.72531088e-01],
        [-7.67461015e-01, -7.26976161e-01, -1.09784566e-01, ...,
          1.74881943e-01, -2.72531088e-01,  0.00000000e+00]],

       [[ 0.00000000e+00,  5.58745451e-02,  1.41005410e-02, ...,
         -5.42622213e-01, -9.11058134e-01, -9.36113632e-01],
        [-5.58745451e-02,  0.00000000e+00, -4.17904770e-02, ...,
         -4.94841202e-01, -8.86599036e-01, -9.15000284e-01],
        [-1.41005410e-02,  4.17904770e-02,  0.00000000e+00, ...,
         -5.30724139e-01, -9.05154217e-01, -9.31061438e-01],
        ...,
        [ 5.42622213e-01,  4.94841202e-01,  5.30724139e-01, ...,
          0.00000000e+00,  5.41556602e-01,  5.95474812e-01],
        [ 9.11058134e-01,  8.86599036e-01,  9.05154217e-01, ...,
         -5.41556602e-01,  0.00000000e+00,  6.55219276e-02],
        [ 9.36113632e-01,  9.15000284e-01,  9.31061438e-01, ...,
         -5.95474812e-01, -6.55219276e-02,  0.00000000e+00]],

       [[ 0.00000000e+00, -3.36414092e-01, -4.31537142e-01, ...,
         -8.03762514e-01, -9.99366679e-01, -9.40983448e-01],
        [ 3.36414092e-01,  0.00000000e+00, -1.02907110e-01, ...,
         -5.56764887e-01, -9.53088804e-01, -9.99997655e-01],
        [ 4.31537142e-01,  1.02907110e-01,  0.00000000e+00, ...,
         -4.68327144e-01, -9.16879791e-01, -9.94911483e-01],
        ...,
        [ 8.03762514e-01,  5.56764887e-01,  4.68327144e-01, ...,
          0.00000000e+00, -6.23174780e-01, -8.31873853e-01],
        [ 9.99366679e-01,  9.53088804e-01,  9.16879791e-01, ...,
          6.23174780e-01,  0.00000000e+00, -3.04754021e-01],
        [ 9.40983448e-01,  9.99997655e-01,  9.94911483e-01, ...,
          8.31873853e-01,  3.04754021e-01,  0.00000000e+00]]]), 'num': array([7.07099729e-01, 7.07099729e-01, 0.00000000e+00, 1.24595065e-05,
       1.30430722e-05, 1.19365710e-05, 4.46596762e-03, 4.09253863e-07,
       1.22533638e-05, 1.25360521e-05, 1.30347355e-05, 3.56792990e-07,
       1.29975715e-05, 1.20745327e-05])}
{'img': array([[[ 0.00000000e+00,  2.17440320e-01,  2.58358844e-01, ...,
         -8.97836388e-01, -5.34186719e-01, -2.23214629e-01],
        [-2.17440320e-01,  0.00000000e+00,  4.21192436e-02, ...,
         -9.72099738e-01, -7.05222329e-01, -4.29828064e-01],
        [-2.58358844e-01, -4.21192436e-02,  0.00000000e+00, ...,
         -9.81116910e-01, -7.34458472e-01, -4.67476549e-01],
        ...,
        [ 8.97836388e-01,  9.72099738e-01,  9.81116910e-01, ...,
          0.00000000e+00,  5.23782801e-01,  7.76895443e-01],
        [ 5.34186719e-01,  7.05222329e-01,  7.34458472e-01, ...,
         -5.23782801e-01,  0.00000000e+00,  3.32010651e-01],
        [ 2.23214629e-01,  4.29828064e-01,  4.67476549e-01, ...,
         -7.76895443e-01, -3.32010651e-01,  0.00000000e+00]],

       [[ 0.00000000e+00,  1.12151890e-02, -7.45168610e-02, ...,
          1.13974078e-01,  6.30104758e-02,  1.94454728e-01],
        [-1.12151890e-02,  0.00000000e+00, -8.56961825e-02, ...,
          1.02824802e-01,  5.18136101e-02,  1.83441390e-01],
        [ 7.45168610e-02,  8.56961825e-02,  0.00000000e+00, ...,
          1.87688490e-01,  1.37204077e-01,  2.67008541e-01],
        ...,
        [-1.13974078e-01, -1.02824802e-01, -1.87688490e-01, ...,
          0.00000000e+00, -5.11477137e-02,  8.13891243e-02],
        [-6.30104758e-02, -5.18136101e-02, -1.37204077e-01, ...,
          5.11477137e-02,  0.00000000e+00,  1.32260620e-01],
        [-1.94454728e-01, -1.83441390e-01, -2.67008541e-01, ...,
         -8.13891243e-02, -1.32260620e-01,  0.00000000e+00]],

       [[ 0.00000000e+00,  5.98059662e-02,  2.00142567e-01, ...,
         -5.81237823e-01, -8.55675871e-01, -9.55533145e-01],
        [-5.98059662e-02,  0.00000000e+00,  1.41188417e-01, ...,
         -6.28863552e-01, -8.85094542e-01, -9.71458567e-01],
        [-2.00142567e-01, -1.41188417e-01,  0.00000000e+00, ...,
         -7.32340272e-01, -9.41939003e-01, -9.95218422e-01],
        ...,
        [ 5.81237823e-01,  6.28863552e-01,  7.32340272e-01, ...,
          0.00000000e+00, -3.95494699e-01, -6.06151984e-01],
        [ 8.55675871e-01,  8.85094542e-01,  9.41939003e-01, ...,
          3.95494699e-01,  0.00000000e+00, -2.42175108e-01],
        [ 9.55533145e-01,  9.71458567e-01,  9.95218422e-01, ...,
          6.06151984e-01,  2.42175108e-01,  0.00000000e+00]],

       ...,

       [[ 0.00000000e+00,  6.47196918e-01,  7.20179951e-01, ...,
          5.12320983e-01,  7.26976161e-01,  9.25811464e-01],
        [-6.47196918e-01,  0.00000000e+00,  9.99926300e-02, ...,
         -1.65254859e-01,  1.09784566e-01,  4.61136115e-01],
        [-7.20179951e-01, -9.99926300e-02,  0.00000000e+00, ...,
         -2.63044452e-01,  9.84613027e-03,  3.70098581e-01],
        ...,
        [-5.12320983e-01,  1.65254859e-01,  2.63044452e-01, ...,
          0.00000000e+00,  2.72531088e-01,  6.01431404e-01],
        [-7.26976161e-01, -1.09784566e-01, -9.84613027e-03, ...,
         -2.72531088e-01,  0.00000000e+00,  3.60933660e-01],
        [-9.25811464e-01, -4.61136115e-01, -3.70098581e-01, ...,
         -6.01431404e-01, -3.60933660e-01,  0.00000000e+00]],

       [[ 0.00000000e+00, -4.17904770e-02, -1.45344175e-01, ...,
         -8.86599036e-01, -9.15000284e-01, -9.15262053e-01],
        [ 4.17904770e-02,  0.00000000e+00, -1.03870491e-01, ...,
         -9.05154217e-01, -9.31061438e-01, -9.31298147e-01],
        [ 1.45344175e-01,  1.03870491e-01,  0.00000000e+00, ...,
         -9.44411700e-01, -9.63923610e-01, -9.64096237e-01],
        ...,
        [ 8.86599036e-01,  9.05154217e-01,  9.44411700e-01, ...,
          0.00000000e+00,  6.55219276e-02,  6.61698194e-02],
        [ 9.15000284e-01,  9.31061438e-01,  9.63923610e-01, ...,
         -6.55219276e-02,  0.00000000e+00,  6.49300936e-04],
        [ 9.15262053e-01,  9.31298147e-01,  9.64096237e-01, ...,
         -6.61698194e-02, -6.49300936e-04,  0.00000000e+00]],

       [[ 0.00000000e+00, -1.02907110e-01, -1.52292000e-01, ...,
         -9.53088804e-01, -9.99997655e-01, -9.99837077e-01],
        [ 1.02907110e-01,  0.00000000e+00, -4.97767230e-02, ...,
         -9.16879791e-01, -9.94911483e-01, -9.92671392e-01],
        [ 1.52292000e-01,  4.97767230e-02,  0.00000000e+00, ...,
         -8.95874152e-01, -9.88663014e-01, -9.85425581e-01],
        ...,
        [ 9.53088804e-01,  9.16879791e-01,  8.95874152e-01, ...,
          0.00000000e+00, -3.04754021e-01, -2.85437811e-01],
        [ 9.99997655e-01,  9.94911483e-01,  9.88663014e-01, ...,
          3.04754021e-01,  0.00000000e+00,  2.02155636e-02],
        [ 9.99837077e-01,  9.92671392e-01,  9.85425581e-01, ...,
          2.85437811e-01, -2.02155636e-02,  0.00000000e+00]]]), 'num': array([7.07106261e-01, 7.07106261e-01, 0.00000000e+00, 1.24747793e-05,
       1.26642504e-05, 1.21867832e-05, 1.21216809e-03, 1.51576905e-08,
       1.22352878e-05, 1.25327574e-05, 1.30292981e-05, 3.73855789e-07,
       1.29950366e-05, 1.20704783e-05])}
{'img': array([[[ 0.00000000e+00,  4.21192436e-02, -4.25519318e-02, ...,
         -7.05222329e-01, -4.29828064e-01, -4.20279401e-01],
        [-4.21192436e-02,  0.00000000e+00, -8.45952653e-02, ...,
         -7.34458472e-01, -4.67476549e-01, -4.58125222e-01],
        [ 4.25519318e-02,  8.45952653e-02,  0.00000000e+00, ...,
         -6.74414845e-01, -3.91018153e-01, -3.81287337e-01],
        ...,
        [ 7.05222329e-01,  7.34458472e-01,  6.74414845e-01, ...,
          0.00000000e+00,  3.32010651e-01,  3.41942730e-01],
        [ 4.29828064e-01,  4.67476549e-01,  3.91018153e-01, ...,
         -3.32010651e-01,  0.00000000e+00,  1.05489344e-02],
        [ 4.20279401e-01,  4.58125222e-01,  3.81287337e-01, ...,
         -3.41942730e-01, -1.05489344e-02,  0.00000000e+00]],

       [[ 0.00000000e+00, -8.56961825e-02, -2.06646816e-02, ...,
          5.18136101e-02,  1.83441390e-01,  4.73052456e-02],
        [ 8.56961825e-02,  0.00000000e+00,  6.50892203e-02, ...,
          1.37204077e-01,  2.67008541e-01,  1.32731468e-01],
        [ 2.06646816e-02, -6.50892203e-02,  0.00000000e+00, ...,
          7.24394702e-02,  2.03716234e-01,  6.79366913e-02],
        ...,
        [-5.18136101e-02, -1.37204077e-01, -7.24394702e-02, ...,
          0.00000000e+00,  1.32260620e-01, -4.51389979e-03],
        [-1.83441390e-01, -2.67008541e-01, -2.03716234e-01, ...,
         -1.32260620e-01,  0.00000000e+00, -1.36733518e-01],
        [-4.73052456e-02, -1.32731468e-01, -6.79366913e-02, ...,
          4.51389979e-03,  1.36733518e-01,  0.00000000e+00]],

       [[ 0.00000000e+00,  1.39340036e-01,  1.93857543e-01, ...,
         -8.53650217e-01, -9.06455190e-01, -9.74692220e-01],
        [-1.39340036e-01,  0.00000000e+00,  5.52696723e-02, ...,
         -9.17897312e-01, -9.56455928e-01, -9.96333314e-01],
        [-1.93857543e-01, -5.52696723e-02,  0.00000000e+00, ...,
         -9.38426273e-01, -9.71125885e-01, -9.99539066e-01],
        ...,
        [ 8.53650217e-01,  9.17897312e-01,  9.38426273e-01, ...,
          0.00000000e+00, -1.11626011e-01, -3.16830839e-01],
        [ 9.06455190e-01,  9.56455928e-01,  9.71125885e-01, ...,
          1.11626011e-01,  0.00000000e+00, -2.08975468e-01],
        [ 9.74692220e-01,  9.96333314e-01,  9.99539066e-01, ...,
          3.16830839e-01,  2.08975468e-01,  0.00000000e+00]],

       ...,

       [[ 0.00000000e+00,  9.99926300e-02,  6.97017400e-02, ...,
          1.09784566e-01,  4.61136115e-01,  5.27070606e-01],
        [-9.99926300e-02,  0.00000000e+00, -3.03970283e-02, ...,
          9.84613027e-03,  3.70098581e-01,  4.39453135e-01],
        [-6.97017400e-02,  3.03970283e-02,  0.00000000e+00, ...,
          4.02371353e-02,  3.98166171e-01,  4.66554668e-01],
        ...,
        [-1.09784566e-01, -9.84613027e-03, -4.02371353e-02, ...,
          0.00000000e+00,  3.60933660e-01,  4.30587393e-01],
        [-4.61136115e-01, -3.70098581e-01, -3.98166171e-01, ...,
         -3.60933660e-01,  0.00000000e+00,  7.58018665e-02],
        [-5.27070606e-01, -4.39453135e-01, -4.66554668e-01, ...,
         -4.30587393e-01, -7.58018665e-02,  0.00000000e+00]],

       [[ 0.00000000e+00, -1.03870491e-01, -2.08333751e-01, ...,
         -9.31061438e-01, -9.31298147e-01, -9.29453702e-01],
        [ 1.03870491e-01,  0.00000000e+00, -1.05615495e-01, ...,
         -9.63923610e-01, -9.64096237e-01, -9.62747981e-01],
        [ 2.08333751e-01,  1.05615495e-01,  0.00000000e+00, ...,
         -9.86645056e-01, -9.86750610e-01, -9.85921835e-01],
        ...,
        [ 9.31061438e-01,  9.63923610e-01,  9.86645056e-01, ...,
          0.00000000e+00,  6.49300936e-04, -4.38191656e-03],
        [ 9.31298147e-01,  9.64096237e-01,  9.86750610e-01, ...,
         -6.49300936e-04,  0.00000000e+00, -5.03121034e-03],
        [ 9.29453702e-01,  9.62747981e-01,  9.85921835e-01, ...,
          4.38191656e-03,  5.03121034e-03,  0.00000000e+00]],

       [[ 0.00000000e+00, -4.97767230e-02, -1.21538333e-01, ...,
         -9.94911483e-01, -9.92671392e-01, -9.94892883e-01],
        [ 4.97767230e-02,  0.00000000e+00, -7.19799557e-02, ...,
         -9.88663014e-01, -9.85425581e-01, -9.88635302e-01],
        [ 1.21538333e-01,  7.19799557e-02,  0.00000000e+00, ...,
         -9.75290609e-01, -9.70625163e-01, -9.75249843e-01],
        ...,
        [ 9.94911483e-01,  9.88663014e-01,  9.75290609e-01, ...,
          0.00000000e+00,  2.02155636e-02,  1.84449048e-04],
        [ 9.92671392e-01,  9.85425581e-01,  9.70625163e-01, ...,
         -2.02155636e-02,  0.00000000e+00, -2.00311519e-02],
        [ 9.94892883e-01,  9.88635302e-01,  9.75249843e-01, ...,
         -1.84449048e-04,  2.00311519e-02,  0.00000000e+00]]]), 'num': array([ 7.91061188e-01,  6.11736428e-01,  1.09012007e-04,  1.39498057e-05,
        1.41533287e-05,  1.37717231e-05,  8.51794640e-04, -8.48012504e-09,
        1.37021860e-05,  1.40129826e-05,  1.45653214e-05,  3.97320544e-07,
        1.45275935e-05,  1.34983718e-05])}
{'img': array([[[ 0.        , -0.08459527, -0.15765941, ..., -0.46747655,
         -0.45812522, -0.46279744],
        [ 0.08459527,  0.        , -0.07355699, ..., -0.39101815,
         -0.38128734, -0.38614783],
        [ 0.15765941,  0.07355699,  0.        , ..., -0.32225829,
         -0.31225419, -0.31725008],
        ...,
        [ 0.46747655,  0.39101815,  0.32225829, ...,  0.        ,
          0.01054893,  0.00528569],
        [ 0.45812522,  0.38128734,  0.31225419, ..., -0.01054893,
          0.        , -0.00526339],
        [ 0.46279744,  0.38614783,  0.31725008, ..., -0.00528569,
          0.00526339,  0.        ]],

       [[ 0.        ,  0.06508922,  0.14973712, ...,  0.26700854,
          0.13273147,  0.10030208],
        [-0.06508922,  0.        ,  0.08506421, ...,  0.20371623,
          0.06793669,  0.03532841],
        [-0.14973712, -0.08506421,  0.        , ...,  0.11969745,
         -0.01717722, -0.04981075],
        ...,
        [-0.26700854, -0.20371623, -0.11969745, ...,  0.        ,
         -0.13673352, -0.1690015 ],
        [-0.13273147, -0.06793669,  0.01717722, ...,  0.13673352,
          0.        , -0.0326475 ],
        [-0.10030208, -0.03532841,  0.04981075, ...,  0.1690015 ,
          0.0326475 ,  0.        ]],

       [[ 0.        ,  0.05526967,  0.09929728, ..., -0.95645593,
         -0.99633331, -0.96981385],
        [-0.05526967,  0.        ,  0.04414898, ..., -0.97112588,
         -0.99953907, -0.98180877],
        [-0.09929728, -0.04414898,  0.        , ..., -0.98071151,
         -0.99990478, -0.98923414],
        ...,
        [ 0.95645593,  0.97112588,  0.98071151, ...,  0.        ,
         -0.20897547, -0.04983775],
        [ 0.99633331,  0.99953907,  0.99990478, ...,  0.20897547,
          0.        ,  0.1599784 ],
        [ 0.96981385,  0.98180877,  0.98923414, ...,  0.04983775,
         -0.1599784 ,  0.        ]],

       ...,

       [[ 0.        , -0.03039703, -0.27399478, ...,  0.37009858,
          0.43945313,  0.3630599 ],
        [ 0.03039703,  0.        , -0.2446344 , ...,  0.39816617,
          0.46655467,  0.39121504],
        [ 0.27399478,  0.2446344 ,  0.        , ...,  0.61047443,
          0.66875584,  0.60446499],
        ...,
        [-0.37009858, -0.39816617, -0.61047443, ...,  0.        ,
          0.07580187, -0.00756528],
        [-0.43945313, -0.46655467, -0.66875584, ..., -0.07580187,
          0.        , -0.08334321],
        [-0.3630599 , -0.39121504, -0.60446499, ...,  0.00756528,
          0.08334321,  0.        ]],

       [[ 0.        , -0.10561549, -0.22233865, ..., -0.96409624,
         -0.96274798, -0.95653202],
        [ 0.10561549,  0.        , -0.11812324, ..., -0.98675061,
         -0.98592184, -0.98198254],
        [ 0.22233865,  0.11812324,  0.        , ..., -0.99900714,
         -0.99877036, -0.99742957],
        ...,
        [ 0.96409624,  0.98675061,  0.99900714, ...,  0.        ,
         -0.00503121, -0.02714675],
        [ 0.96274798,  0.98592184,  0.99877036, ...,  0.00503121,
          0.        , -0.02211705],
        [ 0.95653202,  0.98198254,  0.99742957, ...,  0.02714675,
          0.02211705,  0.        ]],

       [[ 0.        , -0.07197996, -0.14813056, ..., -0.98542558,
         -0.9886353 , -0.99316068],
        [ 0.07197996,  0.        , -0.07656046, ..., -0.97062516,
         -0.97524984, -0.98218043],
        [ 0.14813056,  0.07656046,  0.        , ..., -0.94935612,
         -0.95545947, -0.96490887],
        ...,
        [ 0.98542558,  0.97062516,  0.94935612, ...,  0.        ,
         -0.02003115, -0.05388971],
        [ 0.9886353 ,  0.97524984,  0.95545947, ...,  0.02003115,
          0.        , -0.03387685],
        [ 0.99316068,  0.98218043,  0.96490887, ...,  0.05388971,
          0.03387685,  0.        ]]]), 'num': array([7.44045639e-01, 6.68128100e-01, 4.54596045e-05, 1.33025301e-05,
       1.35653945e-05, 1.31033905e-05, 9.61940207e-04, 1.99139673e-07,
       1.30555970e-05, 1.31643272e-05, 1.36709385e-05, 3.80486798e-07,
       1.36493333e-05, 1.26793211e-05])}
{'img': array([[[ 0.00000000e+00, -7.35569893e-02, -5.61070950e-02, ...,
         -3.81287337e-01, -3.86147829e-01, -2.67308146e-01],
        [ 7.35569893e-02,  0.00000000e+00,  1.74860174e-02, ...,
         -3.12254192e-01, -3.17250079e-01, -1.95703681e-01],
        [ 5.61070950e-02, -1.74860174e-02,  0.00000000e+00, ...,
         -3.28818143e-01, -3.33784297e-01, -2.12821651e-01],
        ...,
        [ 3.81287337e-01,  3.12254192e-01,  3.28818143e-01, ...,
          0.00000000e+00, -5.26338819e-03,  1.20297936e-01],
        [ 3.86147829e-01,  3.17250079e-01,  3.33784297e-01, ...,
          5.26338819e-03,  0.00000000e+00,  1.25521435e-01],
        [ 2.67308146e-01,  1.95703681e-01,  2.12821651e-01, ...,
         -1.20297936e-01, -1.25521435e-01,  0.00000000e+00]],

       [[ 0.00000000e+00,  9.26775508e-02, -1.32984400e-03, ...,
          7.48827757e-02,  4.02925426e-02,  5.33875792e-02],
        [-9.26775508e-02,  0.00000000e+00, -9.40015894e-02, ...,
         -1.78568508e-02, -5.24831592e-02, -3.93875718e-02],
        [ 1.32984400e-03,  9.40015894e-02,  0.00000000e+00, ...,
          7.62088197e-02,  4.16212710e-02,  5.47154795e-02],
        ...,
        [-7.48827757e-02,  1.78568508e-02, -7.62088197e-02, ...,
          0.00000000e+00, -3.46425504e-02, -2.15382976e-02],
        [-4.02925426e-02,  5.24831592e-02, -4.16212710e-02, ...,
          3.46425504e-02,  0.00000000e+00,  1.31091445e-02],
        [-5.33875792e-02,  3.93875718e-02, -5.47154795e-02, ...,
          2.15382976e-02, -1.31091445e-02,  0.00000000e+00]],

       [[ 0.00000000e+00,  4.41489824e-02,  9.37457622e-02, ...,
         -9.99539066e-01, -9.81808768e-01, -7.54098153e-01],
        [-4.41489824e-02,  0.00000000e+00,  4.96997985e-02, ...,
         -9.99904783e-01, -9.89234138e-01, -7.82358238e-01],
        [-9.37457622e-02, -4.96997985e-02,  0.00000000e+00, ...,
         -9.97983272e-01, -9.95284785e-01, -8.12345862e-01],
        ...,
        [ 9.99539066e-01,  9.99904783e-01,  9.97983272e-01, ...,
          0.00000000e+00,  1.59978400e-01,  6.33565506e-01],
        [ 9.81808768e-01,  9.89234138e-01,  9.95284785e-01, ...,
         -1.59978400e-01,  0.00000000e+00,  5.01631972e-01],
        [ 7.54098153e-01,  7.82358238e-01,  8.12345862e-01, ...,
         -6.33565506e-01, -5.01631972e-01,  0.00000000e+00]],

       ...,

       [[ 0.00000000e+00, -2.44634395e-01, -1.23644290e-01, ...,
          4.66554668e-01,  3.91215041e-01,  4.19317328e-01],
        [ 2.44634395e-01,  0.00000000e+00,  1.22869811e-01, ...,
          6.68755842e-01,  6.04464988e-01,  6.28665360e-01],
        [ 1.23644290e-01, -1.22869811e-01,  0.00000000e+00, ...,
          5.72337040e-01,  5.02002846e-01,  5.28348940e-01],
        ...,
        [-4.66554668e-01, -6.68755842e-01, -5.72337040e-01, ...,
          0.00000000e+00, -8.33432149e-02, -5.26738891e-02],
        [-3.91215041e-01, -6.04464988e-01, -5.02002846e-01, ...,
          8.33432149e-02,  0.00000000e+00,  3.07368836e-02],
        [-4.19317328e-01, -6.28665360e-01, -5.28348940e-01, ...,
          5.26738891e-02, -3.07368836e-02,  0.00000000e+00]],

       [[ 0.00000000e+00, -1.18123235e-01, -2.15567447e-01, ...,
         -9.85921835e-01, -9.81982544e-01, -9.83093021e-01],
        [ 1.18123235e-01,  0.00000000e+00, -9.87122127e-02, ...,
         -9.98770356e-01, -9.97429571e-01, -9.97839502e-01],
        [ 2.15567447e-01,  9.87122127e-02,  0.00000000e+00, ...,
         -9.98786137e-01, -9.99631242e-01, -9.99451347e-01],
        ...,
        [ 9.85921835e-01,  9.98770356e-01,  9.98786137e-01, ...,
          0.00000000e+00, -2.21170509e-02, -1.61491249e-02],
        [ 9.81982544e-01,  9.97429571e-01,  9.99631242e-01, ...,
          2.21170509e-02,  0.00000000e+00,  5.96899213e-03],
        [ 9.83093021e-01,  9.97839502e-01,  9.99451347e-01, ...,
          1.61491249e-02, -5.96899213e-03,  0.00000000e+00]],

       [[ 0.00000000e+00, -7.65604638e-02, -1.33820160e-01, ...,
         -9.75249843e-01, -9.82180430e-01, -9.82205069e-01],
        [ 7.65604638e-02,  0.00000000e+00, -5.75555387e-02, ...,
         -9.55459469e-01, -9.64908867e-01, -9.64943294e-01],
        [ 1.33820160e-01,  5.75555387e-02,  0.00000000e+00, ...,
         -9.36889684e-01, -9.48196122e-01, -9.48237776e-01],
        ...,
        [ 9.75249843e-01,  9.55459469e-01,  9.36889684e-01, ...,
          0.00000000e+00, -3.38768549e-02, -3.40079215e-02],
        [ 9.82180430e-01,  9.64908867e-01,  9.48196122e-01, ...,
          3.38768549e-02,  0.00000000e+00, -1.31142231e-04],
        [ 9.82205069e-01,  9.64943294e-01,  9.48237776e-01, ...,
          3.40079215e-02,  1.31142231e-04,  0.00000000e+00]]]), 'num': array([7.38231738e-01, 6.74546915e-01, 3.81346248e-05, 1.31989271e-05,
       1.32779626e-05, 1.30961810e-05, 5.98069470e-04, 0.00000000e+00,
       1.30803739e-05, 1.30697041e-05, 1.35565627e-05, 3.86828639e-07,
       1.35544765e-05, 1.25849317e-05])}
{'img': array([[[ 0.00000000e+00,  1.74860174e-02,  5.97896349e-01, ...,
         -3.17250079e-01, -1.95703681e-01, -1.95703681e-01],
        [-1.74860174e-02,  0.00000000e+00,  5.83788609e-01, ...,
         -3.33784297e-01, -2.12821651e-01, -2.12821651e-01],
        [-5.97896349e-01, -5.83788609e-01,  0.00000000e+00, ...,
         -8.21309401e-01, -7.43205743e-01, -7.43205743e-01],
        ...,
        [ 3.17250079e-01,  3.33784297e-01,  8.21309401e-01, ...,
          0.00000000e+00,  1.25521435e-01,  1.25521435e-01],
        [ 1.95703681e-01,  2.12821651e-01,  7.43205743e-01, ...,
         -1.25521435e-01,  0.00000000e+00,  0.00000000e+00],
        [ 1.95703681e-01,  2.12821651e-01,  7.43205743e-01, ...,
         -1.25521435e-01,  0.00000000e+00,  0.00000000e+00]],

       [[ 0.00000000e+00, -9.40015894e-02,  8.87913299e-01, ...,
         -5.24831592e-02, -3.93875718e-02, -7.15144081e-02],
        [ 9.40015894e-02,  0.00000000e+00,  9.27223411e-01, ...,
          4.16212710e-02,  5.47154795e-02,  2.25631589e-02],
        [-8.87913299e-01, -9.27223411e-01,  0.00000000e+00, ...,
         -9.10832408e-01, -9.05342996e-01, -9.18537260e-01],
        ...,
        [ 5.24831592e-02, -4.16212710e-02,  9.10832408e-01, ...,
          0.00000000e+00,  1.31091445e-02, -1.90670680e-02],
        [ 3.93875718e-02, -5.47154795e-02,  9.05342996e-01, ...,
         -1.31091445e-02,  0.00000000e+00, -3.21721910e-02],
        [ 7.15144081e-02, -2.25631589e-02,  9.18537260e-01, ...,
          1.90670680e-02,  3.21721910e-02,  0.00000000e+00]],

       [[ 0.00000000e+00,  4.96997985e-02,  2.82096048e-01, ...,
         -9.89234138e-01, -7.82358238e-01, -6.37190929e-01],
        [-4.96997985e-02,  0.00000000e+00,  2.34066135e-01, ...,
         -9.95284785e-01, -8.12345862e-01, -6.74707421e-01],
        [-2.82096048e-01, -2.34066135e-01,  0.00000000e+00, ...,
         -9.90339894e-01, -9.26281187e-01, -8.28725277e-01],
        ...,
        [ 9.89234138e-01,  9.95284785e-01,  9.90339894e-01, ...,
          0.00000000e+00,  5.01631972e-01,  6.69161230e-01],
        [ 7.82358238e-01,  8.12345862e-01,  9.26281187e-01, ...,
         -5.01631972e-01,  0.00000000e+00,  2.06107383e-01],
        [ 6.37190929e-01,  6.74707421e-01,  8.28725277e-01, ...,
         -6.69161230e-01, -2.06107383e-01,  0.00000000e+00]],

       ...,

       [[ 0.00000000e+00,  1.22869811e-01,  8.19947969e-01, ...,
          6.04464988e-01,  6.28665360e-01,  6.59027891e-01],
        [-1.22869811e-01,  0.00000000e+00,  7.43399702e-01, ...,
          5.02002846e-01,  5.28348940e-01,  5.61621645e-01],
        [-8.19947969e-01, -7.43399702e-01,  0.00000000e+00, ...,
         -3.07177790e-01, -2.77781830e-01, -2.39445393e-01],
        ...,
        [-6.04464988e-01, -5.02002846e-01,  3.07177790e-01, ...,
          0.00000000e+00,  3.07368836e-02,  7.03732146e-02],
        [-6.28665360e-01, -5.28348940e-01,  2.77781830e-01, ...,
         -3.07368836e-02,  0.00000000e+00,  3.96792854e-02],
        [-6.59027891e-01, -5.61621645e-01,  2.39445393e-01, ...,
         -7.03732146e-02, -3.96792854e-02,  0.00000000e+00]],

       [[ 0.00000000e+00, -9.87122127e-02, -3.44842252e-02, ...,
         -9.97429571e-01, -9.97839502e-01, -9.99000586e-01],
        [ 9.87122127e-02,  0.00000000e+00,  6.43376977e-02, ...,
         -9.99631242e-01, -9.99451347e-01, -9.98533638e-01],
        [ 3.44842252e-02, -6.43376977e-02,  0.00000000e+00, ...,
         -9.99307264e-01, -9.99511601e-01, -9.99947767e-01],
        ...,
        [ 9.97429571e-01,  9.99631242e-01,  9.99307264e-01, ...,
          0.00000000e+00,  5.96899213e-03,  2.69998856e-02],
        [ 9.97839502e-01,  9.99451347e-01,  9.99511601e-01, ...,
         -5.96899213e-03,  0.00000000e+00,  2.10325885e-02],
        [ 9.99000586e-01,  9.98533638e-01,  9.99947767e-01, ...,
         -2.69998856e-02, -2.10325885e-02,  0.00000000e+00]],

       [[ 0.00000000e+00, -5.75555387e-02, -1.18013260e-01, ...,
         -9.64908867e-01, -9.64943294e-01, -9.59140588e-01],
        [ 5.75555387e-02,  0.00000000e+00, -6.06642887e-02, ...,
         -9.48196122e-01, -9.48237776e-01, -9.41266444e-01],
        [ 1.18013260e-01,  6.06642887e-02,  0.00000000e+00, ...,
         -9.27177591e-01, -9.27226712e-01, -9.19048652e-01],
        ...,
        [ 9.64908867e-01,  9.48196122e-01,  9.27177591e-01, ...,
          0.00000000e+00, -1.31142231e-04,  2.11456488e-02],
        [ 9.64943294e-01,  9.48237776e-01,  9.27226712e-01, ...,
          1.31142231e-04,  0.00000000e+00,  2.12767615e-02],
