state_0,state_1,state_2,state_3,state_4,state_5,state_6,state_7,state_8,state_9,state_10,state_11,state_12,state_13,state_14,state_15,state_16,state_17,state_18,state_19,state_20,state_21,state_22,state_23,state_24,state_25,state_26,state_27,state_28,state_29,state_30,state_31,state_32,state_33,state_34,state_35,state_36,state_37,state_38,state_39,state_40,state_41,state_42,state_43,state_44,state_45,state_46,state_47,state_48,state_49,state_50,state_51,state_52,state_53,state_54,state_55,state_56,state_57,state_58,state_59,state_60,state_61,state_62,state_63,state_64,state_65,state_66,state_67,state_68,state_69,state_70,state_71,state_72,state_73,state_74,state_75,state_76,state_77,state_78,state_79,state_80,state_81,state_82,state_83,state_84,state_85,state_86,state_87,state_88,state_89,state_90,state_91,state_92,state_93,state_94,state_95,state_96,state_97,state_98,state_99,state_100,state_101,state_102,state_103,state_104,state_105,state_106,state_107,state_108,state_109,state_110,state_111,state_112,state_113,state_114,state_115,state_116,state_117,state_118,state_119,state_120,state_121,state_122,state_123,state_124,state_125,state_126,state_127,state_128,state_129,state_130,state_131,state_132,state_133,state_134,state_135,state_136,state_137,state_138,state_139,state_140,state_141,state_142,state_143,state_144,state_145,state_146,state_147,state_148,state_149,state_150,state_151,state_152,state_153,state_154,state_155,state_156,state_157,state_158,state_159,state_160,state_161,state_162,state_163,state_164,state_165,state_166,state_167,state_168,state_169,state_170,state_171,state_172,state_173,state_174,state_175,state_176,state_177,state_178,state_179,state_180,state_181,state_182,state_183,state_184,state_185,state_186,state_187,state_188,state_189,state_190,state_191,state_192,state_193,state_194,state_195,state_196,state_197,state_198,state_199,state_200,state_201,state_202,state_203,state_204,state_205,state_206,state_207,state_208,state_209,state_210,state_211,state_212,state_213,state_214,state_215,state_216,state_217,state_218,state_219,state_220,state_221,state_222,state_223,state_224,state_225,state_226,state_227,state_228,state_229,state_230,state_231,state_232,state_233,state_234,state_235,state_236,state_237,state_238,state_239,state_240,state_241,state_242,state_243,state_244,state_245,state_246,state_247,state_248,state_249,state_250,state_251,state_252,state_253,state_254,state_255,state_256,state_257,state_258,state_259,state_260,state_261,state_262,state_263,state_264,state_265,state_266,state_267,state_268,state_269,state_270,state_271,state_272,state_273,state_274,state_275,state_276,state_277,state_278,state_279,state_280,state_281,state_282,state_283,state_284,state_285,state_286,state_287
{'img': array([[[ 0.        , -0.50841681, -0.74535599, ..., -0.99961412,
         -0.92128466, -0.99380799],
        [ 0.50841681,  0.        , -0.30288979, ..., -0.87490152,
         -0.59561081, -0.79928835],
        [ 0.74535599,  0.30288979,  0.        , ..., -0.68711375,
         -0.32432911, -0.57972133],
        ...,
        [ 0.99961412,  0.87490152,  0.68711375, ...,  0.        ,
          0.41433007,  0.13867401],
        [ 0.92128466,  0.59561081,  0.32432911, ..., -0.41433007,
          0.        , -0.28411592],
        [ 0.99380799,  0.79928835,  0.57972133, ..., -0.13867401,
          0.28411592,  0.        ]],

       [[ 0.        , -0.69002508, -0.64826526, ..., -0.78693432,
         -0.63193732, -0.22440868],
        [ 0.69002508,  0.        ,  0.05619019, ..., -0.14380076,
          0.07739586,  0.51000234],
        [ 0.64826526, -0.05619019,  0.        , ..., -0.19917976,
          0.02125193,  0.46086329],
        ...,
        [ 0.78693432,  0.14380076,  0.19917976, ...,  0.        ,
          0.21996088,  0.62839525],
        [ 0.63193732, -0.07739586, -0.02125193, ..., -0.21996088,
          0.        ,  0.44189873],
        [ 0.22440868, -0.51000234, -0.46086329, ..., -0.62839525,
         -0.44189873,  0.        ]],

       [[ 0.        ,  0.28171369,  0.65348871, ..., -0.70267078,
         -0.50124323, -0.44624568],
        [-0.28171369,  0.        ,  0.41378214, ..., -0.87465512,
         -0.7247108 , -0.6802806 ],
        [-0.65348871, -0.41378214,  0.        , ..., -0.9968441 ,
         -0.94487716, -0.92259344],
        ...,
        [ 0.70267078,  0.87465512,  0.9968441 , ...,  0.        ,
          0.2513834 ,  0.3113169 ],
        [ 0.50124323,  0.7247108 ,  0.94487716, ..., -0.2513834 ,
          0.        ,  0.06242857],
        [ 0.44624568,  0.6802806 ,  0.92259344, ..., -0.3113169 ,
         -0.06242857,  0.        ]],

       ...,

       [[ 0.        , -0.58157974, -0.81410713, ..., -0.99921466,
         -0.94392968, -0.95031201],
        [ 0.58157974,  0.        , -0.3245356 , ..., -0.835895  ,
         -0.57587023, -0.59202352],
        [ 0.81410713,  0.3245356 ,  0.        , ..., -0.61251677,
         -0.27937918, -0.2984294 ],
        ...,
        [ 0.99921466,  0.835895  ,  0.61251677, ...,  0.        ,
          0.36728947,  0.34870964],
        [ 0.94392968,  0.57587023,  0.27937918, ..., -0.36728947,
          0.        , -0.01989784],
        [ 0.95031201,  0.59202352,  0.2984294 , ..., -0.34870964,
          0.01989784,  0.        ]],

       [[ 0.        ,  0.28896585,  0.44828946, ..., -0.69615254,
         -0.5300064 , -0.46087635],
        [-0.28896585,  0.        ,  0.17086193, ..., -0.87390108,
         -0.75243722, -0.69766199],
        [-0.44828946, -0.17086193,  0.        , ..., -0.94410698,
         -0.85391321, -0.80981297],
        ...,
        [ 0.69615254,  0.87390108,  0.94410698, ...,  0.        ,
          0.20984457,  0.28695025],
        [ 0.5300064 ,  0.75243722,  0.85391321, ..., -0.20984457,
          0.        ,  0.07954158],
        [ 0.46087635,  0.69766199,  0.80981297, ..., -0.28695025,
         -0.07954158,  0.        ]],

       [[ 0.        , -0.02207935,  0.06721578, ..., -0.62591981,
         -0.81522119, -0.9190165 ],
        [ 0.02207935,  0.        ,  0.08922881, ..., -0.60854781,
         -0.8022352 , -0.91008836],
        [-0.06721578, -0.08922881,  0.        , ..., -0.67692501,
         -0.85230553, -0.94343585],
        ...,
        [ 0.62591981,  0.60854781,  0.67692501, ...,  0.        ,
         -0.27327946, -0.46997989],
        [ 0.81522119,  0.8022352 ,  0.85230553, ...,  0.27327946,
          0.        , -0.21087244],
        [ 0.9190165 ,  0.91008836,  0.94343585, ...,  0.46997989,
          0.21087244,  0.        ]]]), 'num': array([ 9.67611784e-01,  2.52439425e-01,  2.96137626e-06,  4.65910337e-04,
        4.85202690e-04,  4.63016484e-04,  8.05147081e-05, -1.54338828e-05,
        4.76906978e-04,  4.64077563e-04,  4.72453660e-04,  1.16867141e-07,
        4.92443884e-04,  4.35711242e-04])}
{'img': array([[[ 0.        , -0.61175825, -0.92777733, ..., -0.87029133,
         -0.98099563, -0.95894796],
        [ 0.61175825,  0.        , -0.5056454 , ..., -0.38712564,
         -0.6573121 , -0.93205446],
        [ 0.92777733,  0.5056454 ,  0.        , ...,  0.13222938,
         -0.18602665, -0.62091744],
        ...,
        [ 0.87029133,  0.38712564, -0.13222938, ...,  0.        ,
         -0.31431445, -0.71911669],
        [ 0.98099563,  0.6573121 ,  0.18602665, ...,  0.31431445,
          0.        , -0.46425732],
        [ 0.95894796,  0.93205446,  0.62091744, ...,  0.71911669,
          0.46425732,  0.        ]],

       [[ 0.        ,  0.05619019,  0.09398752, ...,  0.07739586,
          0.51000234, -0.36466125],
        [-0.05619019,  0.        ,  0.03789756, ...,  0.02125193,
          0.46086329, -0.41640606],
        [-0.09398752, -0.03789756,  0.        , ..., -0.01665234,
          0.42689923, -0.45056259],
        ...,
        [-0.07739586, -0.02125193,  0.01665234, ...,  0.        ,
          0.44189873, -0.43563383],
        [-0.51000234, -0.46086329, -0.42689923, ..., -0.44189873,
          0.        , -0.78855547],
        [ 0.36466125,  0.41640606,  0.45056259, ...,  0.43563383,
          0.78855547,  0.        ]],

       [[ 0.        ,  0.41378214,  0.58888179, ..., -0.7247108 ,
         -0.6802806 , -0.73881627],
        [-0.41378214,  0.        ,  0.20167715, ..., -0.94487716,
         -0.92259344, -0.95145119],
        [-0.58888179, -0.20167715,  0.        , ..., -0.99149602,
         -0.98143778, -0.99397698],
        ...,
        [ 0.7247108 ,  0.94487716,  0.99149602, ...,  0.        ,
          0.06242857, -0.02069607],
        [ 0.6802806 ,  0.92259344,  0.98143778, ..., -0.06242857,
          0.        , -0.0830709 ],
        [ 0.73881627,  0.95145119,  0.99397698, ...,  0.02069607,
          0.0830709 ,  0.        ]],

       ...,

       [[ 0.        , -0.66897455, -0.92073085, ..., -0.88428522,
         -0.89495259, -0.90482905],
        [ 0.66897455,  0.        , -0.42333299, ..., -0.34490044,
         -0.3667346 , -0.38771347],
        [ 0.92073085,  0.42333299,  0.        , ...,  0.08488608,
          0.06158545,  0.03896148],
        ...,
        [ 0.88428522,  0.34490044, -0.08488608, ...,  0.        ,
         -0.02336178, -0.04600078],
        [ 0.89495259,  0.3667346 , -0.06158545, ...,  0.02336178,
          0.        , -0.02265117],
        [ 0.90482905,  0.38771347, -0.03896148, ...,  0.04600078,
          0.02265117,  0.        ]],

       [[ 0.        ,  0.17086193,  0.16394738, ..., -0.75243722,
         -0.69766199, -0.74514138],
        [-0.17086193,  0.        , -0.00701348, ..., -0.85391321,
         -0.80981297, -0.848133  ],
        [-0.16394738,  0.00701348,  0.        , ..., -0.85024229,
         -0.80567832, -0.84439652],
        ...,
        [ 0.75243722,  0.85391321,  0.85024229, ...,  0.        ,
          0.07954158,  0.01100751],
        [ 0.69766199,  0.80981297,  0.80567832, ..., -0.07954158,
          0.        , -0.06856412],
        [ 0.74514138,  0.848133  ,  0.84439652, ..., -0.01100751,
          0.06856412,  0.        ]],

       [[ 0.        ,  0.08912892,  0.3240168 , ..., -0.79899731,
         -0.88734198, -0.9105406 ],
        [-0.08912892,  0.        ,  0.23840671, ..., -0.84941369,
         -0.92490885, -0.94376439],
        [-0.3240168 , -0.23840671,  0.        , ..., -0.95073498,
         -0.98887907, -0.99537306],
        ...,
        [ 0.79899731,  0.84941369,  0.95073498, ...,  0.        ,
         -0.16516223, -0.21721837],
        [ 0.88734198,  0.92490885,  0.98887907, ...,  0.16516223,
          0.        , -0.05301652],
        [ 0.9105406 ,  0.94376439,  0.99537306, ...,  0.21721837,
          0.05301652,  0.        ]]]), 'num': array([7.42822122e-01, 6.69416339e-01, 3.00843376e-07, 3.49551352e-03,
       3.50983939e-03, 3.41672120e-03, 5.72218428e-04, 3.58146877e-05,
       3.54278890e-03, 3.44501481e-03, 3.50375090e-03, 9.10429444e-07,
       3.65441162e-03, 3.23561799e-03])}
{'img': array([[[ 0.        , -0.60714898, -0.37053817, ..., -0.75626942,
         -0.98015157, -0.93571093],
        [ 0.60714898,  0.        ,  0.26950525, ..., -0.20368913,
         -0.65844965, -0.52932214],
        [ 0.37053817, -0.26950525,  0.        , ..., -0.46000765,
         -0.83692263, -0.73839054],
        ...,
        [ 0.75626942,  0.20368913,  0.46000765, ...,  0.        ,
         -0.49134418, -0.3454111 ],
        [ 0.98015157,  0.65844965,  0.83692263, ...,  0.49134418,
          0.        ,  0.16026151],
        [ 0.93571093,  0.52932214,  0.73839054, ...,  0.3454111 ,
         -0.16026151,  0.        ]],

       [[ 0.        ,  0.03789756, -0.00284025, ...,  0.46086329,
         -0.41640606, -0.46031887],
        [-0.03789756,  0.        , -0.04073562, ...,  0.42689923,
         -0.45056259, -0.49363189],
        [ 0.00284025,  0.04073562,  0.        , ...,  0.46338207,
         -0.41382209, -0.45779558],
        ...,
        [-0.46086329, -0.42689923, -0.46338207, ...,  0.        ,
         -0.78855547, -0.81765278],
        [ 0.41640606,  0.45056259,  0.41382209, ...,  0.78855547,
          0.        , -0.04884613],
        [ 0.46031887,  0.49363189,  0.45779558, ...,  0.81765278,
          0.04884613,  0.        ]],

       [[ 0.        ,  0.20167715, -0.14932214, ..., -0.92259344,
         -0.95145119, -0.94930679],
        [-0.20167715,  0.        , -0.34566994, ..., -0.98143778,
         -0.99397698, -0.99319792],
        [ 0.14932214,  0.34566994,  0.        , ..., -0.85464533,
         -0.89482279, -0.89172415],
        ...,
        [ 0.92259344,  0.98143778,  0.85464533, ...,  0.        ,
         -0.0830709 , -0.07619931],
        [ 0.95145119,  0.99397698,  0.89482279, ...,  0.0830709 ,
          0.        ,  0.00689344],
        [ 0.94930679,  0.99319792,  0.89172415, ...,  0.07619931,
         -0.00689344,  0.        ]],

       ...,

       [[ 0.        , -0.46637898, -0.23801626, ..., -0.40703697,
         -0.42912009, -0.31138583],
        [ 0.46637898,  0.        ,  0.24243018, ...,  0.06593721,
          0.04166242,  0.16774504],
        [ 0.23801626, -0.24243018,  0.        , ..., -0.17793238,
         -0.20180011, -0.07625403],
        ...,
        [ 0.40703697, -0.06593721,  0.17793238, ...,  0.        ,
         -0.0243082 ,  0.10237709],
        [ 0.42912009, -0.04166242,  0.20180011, ...,  0.0243082 ,
          0.        ,  0.12652732],
        [ 0.31138583, -0.16774504,  0.07625403, ..., -0.10237709,
         -0.12652732,  0.        ]],

       [[ 0.        , -0.00701348,  0.00182298, ..., -0.80981297,
         -0.848133  , -0.85917447],
        [ 0.00701348,  0.        ,  0.00883641, ..., -0.80567832,
         -0.84439652, -0.85556466],
        [-0.00182298, -0.00883641,  0.        , ..., -0.81088114,
         -0.84909738, -0.86010583],
        ...,
        [ 0.80981297,  0.80567832,  0.81088114, ...,  0.        ,
         -0.06856412, -0.08970014],
        [ 0.848133  ,  0.84439652,  0.84909738, ...,  0.06856412,
          0.        , -0.02120132],
        [ 0.85917447,  0.85556466,  0.86010583, ...,  0.08970014,
          0.02120132,  0.        ]],

       [[ 0.        ,  0.23840671,  0.48294133, ..., -0.92490885,
         -0.94376439, -0.92412063],
        [-0.23840671,  0.        ,  0.26025443, ..., -0.98887907,
         -0.99537306, -0.98856939],
        [-0.48294133, -0.26025443,  0.        , ..., -0.99350789,
         -0.98607932, -0.99374103],
        ...,
        [ 0.92490885,  0.98887907,  0.99350789, ...,  0.        ,
         -0.05301652,  0.00206804],
        [ 0.94376439,  0.99537306,  0.98607932, ...,  0.05301652,
          0.        ,  0.05508154],
        [ 0.92412063,  0.98856939,  0.99374103, ..., -0.00206804,
         -0.05508154,  0.        ]]]), 'num': array([7.55675261e-01, 6.54869176e-01, 4.07297314e-07, 3.60021733e-03,
       3.63658316e-03, 3.50566617e-03, 6.37391204e-04, 5.09121643e-05,
       3.59876270e-03, 3.49766569e-03, 3.55476004e-03, 9.48109182e-07,
       3.70955837e-03, 3.28577300e-03])}
{'img': array([[[ 0.        ,  0.26950525,  0.88775438, ..., -0.65844965,
         -0.52932214, -0.32877408],
        [-0.26950525,  0.        ,  0.73084854, ..., -0.83692263,
         -0.73839054, -0.57113216],
        [-0.88775438, -0.73084854,  0.        , ..., -0.97124181,
         -0.99684562, -0.98974332],
        ...,
        [ 0.65844965,  0.83692263,  0.97124181, ...,  0.        ,
          0.16026151,  0.374402  ],
        [ 0.52932214,  0.73839054,  0.99684562, ..., -0.16026151,
          0.        ,  0.22095757],
        [ 0.32877408,  0.57113216,  0.98974332, ..., -0.374402  ,
         -0.22095757,  0.        ]],

       [[ 0.        , -0.04073562, -0.27678167, ..., -0.45056259,
         -0.49363189, -0.40083297],
        [ 0.04073562,  0.        , -0.23740774, ..., -0.41382209,
         -0.45779558, -0.36318028],
        [ 0.27678167,  0.23740774,  0.        , ..., -0.18586498,
         -0.23363812, -0.13159972],
        ...,
        [ 0.45056259,  0.41382209,  0.18586498, ...,  0.        ,
         -0.04884613,  0.05494187],
        [ 0.49363189,  0.45779558,  0.23363812, ...,  0.04884613,
          0.        ,  0.10364864],
        [ 0.40083297,  0.36318028,  0.13159972, ..., -0.05494187,
         -0.10364864,  0.        ]],

       [[ 0.        , -0.34566994, -0.48101506, ..., -0.99397698,
         -0.99319792, -0.99237097],
        [ 0.34566994,  0.        , -0.14831035, ..., -0.89482279,
         -0.89172415, -0.88858058],
        [ 0.48101506,  0.14831035,  0.        , ..., -0.8187179 ,
         -0.81474026, -0.81072064],
        ...,
        [ 0.99397698,  0.89482279,  0.8187179 , ...,  0.        ,
          0.00689344,  0.01379212],
        [ 0.99319792,  0.89172415,  0.81474026, ..., -0.00689344,
          0.        ,  0.00689901],
        [ 0.99237097,  0.88858058,  0.81072064, ..., -0.01379212,
         -0.00689901,  0.        ]],

       ...,

       [[ 0.        ,  0.24243018,  0.24243018, ...,  0.04166242,
          0.16774504,  0.24065137],
        [-0.24243018,  0.        ,  0.        , ..., -0.20180011,
         -0.07625403, -0.00183309],
        [-0.24243018,  0.        ,  0.        , ..., -0.20180011,
         -0.07625403, -0.00183309],
        ...,
        [-0.04166242,  0.20180011,  0.20180011, ...,  0.        ,
          0.12652732,  0.20000439],
        [-0.16774504,  0.07625403,  0.07625403, ..., -0.12652732,
          0.        ,  0.07442615],
        [-0.24065137,  0.00183309,  0.00183309, ..., -0.20000439,
         -0.07442615,  0.        ]],

       [[ 0.        ,  0.00883641,  0.12362252, ..., -0.84439652,
         -0.85556466, -0.8606657 ],
        [-0.00883641,  0.        ,  0.11484907, ..., -0.84909738,
         -0.86010583, -0.86513134],
        [-0.12362252, -0.11484907,  0.        , ..., -0.90414631,
         -0.91300077, -0.91700874],
        ...,
        [ 0.84439652,  0.84909738,  0.90414631, ...,  0.        ,
         -0.02120132, -0.03113296],
        [ 0.85556466,  0.86010583,  0.91300077, ...,  0.02120132,
          0.        , -0.00993492],
        [ 0.8606657 ,  0.86513134,  0.91700874, ...,  0.03113296,
          0.00993492,  0.        ]],

       [[ 0.        ,  0.26025443,  0.42956529, ..., -0.99537306,
         -0.98856939, -0.98129015],
        [-0.26025443,  0.        ,  0.17974343, ..., -0.98607932,
         -0.99374103, -0.99758299],
        [-0.42956529, -0.17974343,  0.        , ..., -0.94013262,
         -0.95747764, -0.9688464 ],
        ...,
        [ 0.99537306,  0.98607932,  0.94013262, ...,  0.        ,
          0.05508154,  0.09735595],
        [ 0.98856939,  0.99374103,  0.95747764, ..., -0.05508154,
          0.        ,  0.04238826],
        [ 0.98129015,  0.99758299,  0.9688464 , ..., -0.09735595,
         -0.04238826,  0.        ]]]), 'num': array([7.36537158e-01, 6.76325015e-01, 2.40848571e-07, 3.54189074e-03,
       3.61272856e-03, 3.50647184e-03, 6.85554205e-04, 3.54189074e-05,
       3.49230427e-03, 3.40871565e-03, 3.46160789e-03, 9.60930358e-07,
       3.61969345e-03, 3.19773785e-03])}
{'img': array([[[ 0.        ,  0.73084854,  0.09072595, ..., -0.73839054,
         -0.57113216, -0.43034502],
        [-0.73084854,  0.        , -0.66591038, ..., -0.99684562,
         -0.98974332, -0.95343857],
        [-0.09072595,  0.66591038,  0.        , ..., -0.79652851,
         -0.64324988, -0.51046532],
        ...,
        [ 0.73839054,  0.99684562,  0.79652851, ...,  0.        ,
          0.22095757,  0.37630571],
        [ 0.57113216,  0.98974332,  0.64324988, ..., -0.22095757,
          0.        ,  0.16228851],
        [ 0.43034502,  0.95343857,  0.51046532, ..., -0.37630571,
         -0.16228851,  0.        ]],

       [[ 0.        , -0.23740774, -0.11594258, ..., -0.45779558,
         -0.36318028, -0.25384219],
        [ 0.23740774,  0.        ,  0.12317885, ..., -0.23363812,
         -0.13159972, -0.01695326],
        [ 0.11594258, -0.12317885,  0.        , ..., -0.35162855,
         -0.25270507, -0.1399853 ],
        ...,
        [ 0.45779558,  0.23363812,  0.35162855, ...,  0.        ,
          0.10364864,  0.21712048],
        [ 0.36318028,  0.13159972,  0.25270507, ..., -0.10364864,
          0.        ,  0.11477498],
        [ 0.25384219,  0.01695326,  0.1399853 , ..., -0.21712048,
         -0.11477498,  0.        ]],

       [[ 0.        , -0.35094584, -0.52420825, ..., -0.98838919,
         -0.98727688, -0.99543841],
        [ 0.35094584,  0.        , -0.19200438, ..., -0.87219952,
         -0.86867777, -0.89864184],
        [ 0.52420825,  0.19200438,  0.        , ..., -0.76205244,
         -0.75740055, -0.7976927 ],
        ...,
        [ 0.98838919,  0.87219952,  0.76205244, ...,  0.        ,
          0.00715409, -0.05695174],
        [ 0.98727688,  0.86867777,  0.75740055, ..., -0.00715409,
          0.        , -0.06409277],
        [ 0.99543841,  0.89864184,  0.7976927 , ...,  0.05695174,
          0.06409277,  0.        ]],

       ...,

       [[ 0.        ,  0.        , -0.14933037, ..., -0.07625403,
         -0.00183309,  0.13055866],
        [ 0.        ,  0.        , -0.14933037, ..., -0.07625403,
         -0.00183309,  0.13055866],
        [ 0.14933037,  0.14933037,  0.        , ...,  0.07349656,
          0.14751758,  0.27714694],
        ...,
        [ 0.07625403,  0.07625403, -0.07349656, ...,  0.        ,
          0.07442615,  0.20577987],
        [ 0.00183309,  0.00183309, -0.14751758, ..., -0.07442615,
          0.        ,  0.13237584],
        [-0.13055866, -0.13055866, -0.27714694, ..., -0.20577987,
         -0.13237584,  0.        ]],

       [[ 0.        ,  0.11484907,  0.18476602, ..., -0.86010583,
         -0.86513134, -0.83249036],
        [-0.11484907,  0.        ,  0.07067176, ..., -0.91300077,
         -0.91700874, -0.89061266],
        [-0.18476602, -0.07067176,  0.        , ..., -0.93954903,
         -0.94290452, -0.92052467],
        ...,
        [ 0.86010583,  0.91300077,  0.93954903, ...,  0.        ,
         -0.00993492,  0.05186628],
        [ 0.86513134,  0.91700874,  0.94290452, ...,  0.00993492,
          0.        ,  0.06178527],
        [ 0.83249036,  0.89061266,  0.92052467, ..., -0.05186628,
         -0.06178527,  0.        ]],

       [[ 0.        ,  0.17848541,  0.27978   , ..., -0.99975805,
         -0.99928653, -0.98480298],
        [-0.17848541,  0.        ,  0.10393001, ..., -0.9876305 ,
         -0.9899816 , -0.93799107],
        [-0.27978   , -0.10393001,  0.        , ..., -0.96598595,
         -0.96994592, -0.89688317],
        ...,
        [ 0.99975805,  0.9876305 ,  0.96598595, ...,  0.        ,
          0.01577845, -0.19529512],
        [ 0.99928653,  0.9899816 ,  0.96994592, ..., -0.01577845,
          0.        , -0.21074544],
        [ 0.98480298,  0.93799107,  0.89688317, ...,  0.19529512,
          0.21074544,  0.        ]]]), 'num': array([ 7.36316979e-01,  6.76565311e-01,  2.40934143e-07,  3.51480397e-03,
        3.57858066e-03,  3.48645878e-03,  4.02104912e-04, -2.83451933e-05,
        3.48929330e-03,  3.41382422e-03,  3.46094810e-03,  8.79225904e-07,
        3.62954935e-03,  3.19809910e-03])}
{'img': array([[[ 0.        , -0.66591038, -0.2499685 , ..., -0.98974332,
         -0.95343857, -0.98463888],
        [ 0.66591038,  0.        ,  0.45828593, ..., -0.64324988,
         -0.51046532, -0.6183018 ],
        [ 0.2499685 , -0.45828593,  0.        , ..., -0.92261311,
         -0.84778335, -0.90973521],
        ...,
        [ 0.98974332,  0.64324988,  0.92261311, ...,  0.        ,
          0.16228851,  0.03214963],
        [ 0.95343857,  0.51046532,  0.84778335, ..., -0.16228851,
          0.        , -0.13048118],
        [ 0.98463888,  0.6183018 ,  0.90973521, ..., -0.03214963,
          0.13048118,  0.        ]],

       [[ 0.        ,  0.12317885, -0.4770965 , ..., -0.13159972,
         -0.01695326, -0.58014002],
        [-0.12317885,  0.        , -0.58171901, ..., -0.25270507,
         -0.1399853 , -0.67605319],
        [ 0.4770965 ,  0.58171901,  0.        , ...,  0.35729063,
          0.46212854, -0.12125349],
        ...,
        [ 0.13159972,  0.25270507, -0.35729063, ...,  0.        ,
          0.11477498, -0.46790433],
        [ 0.01695326,  0.1399853 , -0.46212854, ..., -0.11477498,
          0.        , -0.56624793],
        [ 0.58014002,  0.67605319,  0.12125349, ...,  0.46790433,
          0.56624793,  0.        ]],

       [[ 0.        , -0.40928017, -0.37504329, ..., -0.98038735,
         -0.99133117, -0.993988  ],
        [ 0.40928017,  0.        ,  0.03721292, ..., -0.81385295,
         -0.85072521, -0.86211166],
        [ 0.37504329, -0.03721292,  0.        , ..., -0.83491259,
         -0.86969547, -0.880371  ],
        ...,
        [ 0.98038735,  0.81385295,  0.83491259, ...,  0.        ,
         -0.06656182, -0.08855376],
        [ 0.99133117,  0.85072521,  0.86969547, ...,  0.06656182,
          0.        , -0.02205705],
        [ 0.993988  ,  0.86211166,  0.880371  , ...,  0.08855376,
          0.02205705,  0.        ]],

       ...,

       [[ 0.        , -0.14933037, -0.03695617, ..., -0.00183309,
          0.13055866, -0.14171236],
        [ 0.14933037,  0.        ,  0.11268656, ...,  0.14751758,
          0.27714694,  0.00769992],
        [ 0.03695617, -0.11268656,  0.        , ...,  0.03512427,
          0.16710932, -0.10503235],
        ...,
        [ 0.00183309, -0.14751758, -0.03512427, ...,  0.        ,
          0.13237584, -0.13989753],
        [-0.13055866, -0.27714694, -0.16710932, ..., -0.13237584,
          0.        , -0.26974043],
        [ 0.14171236, -0.00769992,  0.10503235, ...,  0.13989753,
          0.26974043,  0.        ]],

       [[ 0.        ,  0.07067176,  0.19734547, ..., -0.91700874,
         -0.89061266, -0.85383747],
        [-0.07067176,  0.        ,  0.1275701 , ..., -0.94290452,
         -0.92052467, -0.88849001],
        [-0.19734547, -0.1275701 ,  0.        , ..., -0.97768947,
         -0.96284323, -0.93977206],
        ...,
        [ 0.91700874,  0.94290452,  0.97768947, ...,  0.        ,
          0.06178527,  0.13677177],
        [ 0.89061266,  0.92052467,  0.96284323, ..., -0.06178527,
          0.        ,  0.07530582],
        [ 0.85383747,  0.88849001,  0.93977206, ..., -0.13677177,
         -0.07530582,  0.        ]],

       [[ 0.        ,  0.10367021,  0.20723198, ..., -0.99357136,
         -0.97179414, -0.93714306],
        [-0.10367021,  0.        ,  0.10469564, ..., -0.97648148,
         -0.94210922, -0.89591823],
        [-0.20723198, -0.10469564,  0.        , ..., -0.94854253,
         -0.90182659, -0.84448675],
        ...,
        [ 0.99357136,  0.97648148,  0.94854253, ...,  0.        ,
         -0.1243003 , -0.24061051],
        [ 0.97179414,  0.94210922,  0.90182659, ...,  0.1243003 ,
          0.        , -0.11809591],
        [ 0.93714306,  0.89591823,  0.84448675, ...,  0.24061051,
          0.11809591,  0.        ]]]), 'num': array([ 7.24080602e-01,  6.89647519e-01,  1.39405194e-07,  3.44330829e-03,
        3.51301089e-03,  3.42239752e-03,  4.17602200e-04, -1.39405194e-05,
        3.44749045e-03,  3.36419585e-03,  3.40102205e-03,  8.39012742e-07,
        3.57868400e-03,  3.14970769e-03])}
{'img': array([[[ 0.        ,  0.63294893, -0.30029867, ..., -0.52862962,
         -0.63704787, -0.68605077],
        [-0.63294893,  0.        , -0.83622461, ..., -0.94654198,
         -0.98109073, -0.9916404 ],
        [ 0.30029867,  0.83622461,  0.        , ..., -0.24932154,
         -0.37616757, -0.43590285],
        ...,
        [ 0.52862962,  0.94654198,  0.24932154, ...,  0.        ,
         -0.13327921, -0.19774955],
        [ 0.63704787,  0.98109073,  0.37616757, ...,  0.13327921,
          0.        , -0.06533805],
        [ 0.68605077,  0.9916404 ,  0.43590285, ...,  0.19774955,
          0.06533805,  0.        ]],

       [[ 0.        , -0.58171901,  0.9641665 , ..., -0.1399853 ,
         -0.67605319, -0.62770101],
        [ 0.58171901,  0.        ,  0.6299144 , ...,  0.46212854,
         -0.12125349, -0.05772381],
        [-0.9641665 , -0.6299144 ,  0.        , ..., -0.91753511,
         -0.53109333, -0.58403203],
        ...,
        [ 0.1399853 , -0.46212854,  0.91753511, ...,  0.        ,
         -0.56624793, -0.51254821],
        [ 0.67605319,  0.12125349,  0.53109333, ...,  0.56624793,
          0.        ,  0.0637534 ],
        [ 0.62770101,  0.05772381,  0.58403203, ...,  0.51254821,
         -0.0637534 ,  0.        ]],

       [[ 0.        ,  0.07217175,  0.24340472, ..., -0.91630098,
         -0.9252045 , -0.89002495],
        [-0.07217175,  0.        ,  0.1727688 , ..., -0.94281556,
         -0.9501787 , -0.92060792],
        [-0.24340472, -0.1727688 ,  0.        , ..., -0.9862243 ,
         -0.98974332, -0.97422837],
        ...,
        [ 0.91630098,  0.94281556,  0.9862243 , ...,  0.        ,
         -0.02282775,  0.06130605],
        [ 0.9252045 ,  0.9501787 ,  0.98974332, ...,  0.02282775,
          0.        ,  0.08407489],
        [ 0.89002495,  0.92060792,  0.97422837, ..., -0.06130605,
         -0.08407489,  0.        ]],

       ...,

       [[ 0.        ,  0.11268656, -0.21600175, ...,  0.27714694,
          0.00769992, -0.06926263],
        [-0.11268656,  0.        , -0.32465231, ...,  0.16710932,
         -0.10503235, -0.18123741],
        [ 0.21600175,  0.32465231,  0.        , ...,  0.47814475,
          0.22351349,  0.14785546],
        ...,
        [-0.27714694, -0.16710932, -0.47814475, ...,  0.        ,
         -0.26974043, -0.3430308 ],
        [-0.00769992,  0.10503235, -0.22351349, ...,  0.26974043,
          0.        , -0.076942  ],
        [ 0.06926263,  0.18123741, -0.14785546, ...,  0.3430308 ,
          0.076942  ,  0.        ]],

       [[ 0.        ,  0.1275701 ,  0.13076191, ..., -0.92052467,
         -0.88849001, -0.85233562],
        [-0.1275701 ,  0.        ,  0.00321877, ..., -0.96284323,
         -0.93977206, -0.91209021],
        [-0.13076191, -0.00321877,  0.        , ..., -0.96370751,
         -0.94086737, -0.91340515],
        ...,
        [ 0.92052467,  0.96284323,  0.96370751, ...,  0.        ,
          0.07530582,  0.14843573],
        [ 0.88849001,  0.93977206,  0.94086737, ..., -0.07530582,
          0.        ,  0.07354266],
        [ 0.85233562,  0.91209021,  0.91340515, ..., -0.14843573,
         -0.07354266,  0.        ]],

       [[ 0.        ,  0.10469564,  0.24210372, ..., -0.94210922,
         -0.89591823, -0.98215157],
        [-0.10469564,  0.        ,  0.13919221, ..., -0.90182659,
         -0.84448675, -0.95706165],
        [-0.24210372, -0.13919221,  0.        , ..., -0.83290295,
         -0.76171793, -0.90739536],
        ...,
        [ 0.94210922,  0.90182659,  0.83290295, ...,  0.        ,
         -0.11809591,  0.15211904],
        [ 0.89591823,  0.84448675,  0.76171793, ...,  0.11809591,
          0.        ,  0.26777607],
        [ 0.98215157,  0.95706165,  0.90739536, ..., -0.15211904,
         -0.26777607,  0.        ]]]), 'num': array([7.24113776e-01, 6.89612731e-01, 1.39398162e-07, 3.45010451e-03,
       3.47798415e-03, 3.41525497e-03, 2.83563741e-04, 6.96990811e-06,
       3.45707442e-03, 3.37587499e-03, 3.39864336e-03, 8.67950821e-07,
       3.58170689e-03, 3.17004309e-03])}
{'img': array([[[ 0.        , -0.83622461, -0.81415674, ..., -0.98109073,
         -0.9916404 , -0.986907  ],
        [ 0.83622461,  0.        ,  0.03907672, ..., -0.37616757,
         -0.43590285, -0.40633213],
        [ 0.81415674, -0.03907672,  0.        , ..., -0.41208686,
         -0.47073872, -0.44172717],
        ...,
        [ 0.98109073,  0.37616757,  0.41208686, ...,  0.        ,
         -0.06533805, -0.03277382],
        [ 0.9916404 ,  0.43590285,  0.47073872, ...,  0.06533805,
          0.        ,  0.03259916],
        [ 0.986907  ,  0.40633213,  0.44172717, ...,  0.03277382,
         -0.03259916,  0.        ]],

       [[ 0.        ,  0.65871137,  0.98126272, ..., -0.1131194 ,
         -0.05418517, -0.65871137],
        [-0.65871137,  0.        , -0.86521477, ..., -0.56937282,
         -0.61697497, -0.        ],
        [-0.98126272,  0.86521477,  0.        , ..., -0.99675962,
         -0.99026126, -0.86521477],
        ...,
        [ 0.1131194 ,  0.56937282,  0.99675962, ...,  0.        ,
          0.05911583, -0.56937282],
        [ 0.05418517,  0.61697497,  0.99026126, ..., -0.05911583,
          0.        , -0.61697497],
        [ 0.65871137,  0.        ,  0.86521477, ...,  0.56937282,
          0.61697497,  0.        ]],

       [[ 0.        ,  0.1727688 , -0.07217175, ..., -0.9501787 ,
         -0.92060792, -0.898017  ],
        [-0.1727688 ,  0.        , -0.24340472, ..., -0.98974332,
         -0.97422837, -0.96052448],
        [ 0.07217175,  0.24340472,  0.        , ..., -0.9252045 ,
         -0.89002495, -0.86392243],
        ...,
        [ 0.9501787 ,  0.98974332,  0.9252045 , ...,  0.        ,
          0.08407489,  0.13812434],
        [ 0.92060792,  0.97422837,  0.89002495, ..., -0.08407489,
          0.        ,  0.05436628],
        [ 0.898017  ,  0.96052448,  0.86392243, ..., -0.13812434,
         -0.05436628,  0.        ]],

       ...,

       [[ 0.        , -0.32465231, -0.33814349, ..., -0.10503235,
         -0.18123741, -0.0953859 ],
        [ 0.32465231,  0.        , -0.0142989 , ...,  0.22351349,
          0.14785546,  0.23295284],
        [ 0.33814349,  0.0142989 ,  0.        , ...,  0.23742778,
          0.16198209,  0.24683453],
        ...,
        [ 0.10503235, -0.22351349, -0.23742778, ...,  0.        ,
         -0.076942  ,  0.00969514],
        [ 0.18123741, -0.14785546, -0.16198209, ...,  0.076942  ,
          0.        ,  0.08660478],
        [ 0.0953859 , -0.23295284, -0.24683453, ..., -0.00969514,
         -0.08660478,  0.        ]],

       [[ 0.        ,  0.00321877, -0.00555616, ..., -0.93977206,
         -0.91209021, -0.90073918],
        [-0.00321877,  0.        , -0.00877486, ..., -0.94086737,
         -0.91340515, -0.90213263],
        [ 0.00555616,  0.00877486,  0.        , ..., -0.93785845,
         -0.90979816, -0.8983119 ],
        ...,
        [ 0.93977206,  0.94086737,  0.93785845, ...,  0.        ,
          0.07354266,  0.10032545],
        [ 0.91209021,  0.91340515,  0.90979816, ..., -0.07354266,
          0.        ,  0.02688216],
        [ 0.90073918,  0.90213263,  0.8983119 , ..., -0.10032545,
         -0.02688216,  0.        ]],

       [[ 0.        ,  0.13919221,  0.32915624, ..., -0.84448675,
         -0.95706165, -0.9929999 ],
        [-0.13919221,  0.        ,  0.19451623, ..., -0.76171793,
         -0.90739536, -0.99977414],
        [-0.32915624, -0.19451623,  0.        , ..., -0.6211398 ,
         -0.80831256, -0.9765438 ],
        ...,
        [ 0.84448675,  0.76171793,  0.6211398 , ...,  0.        ,
          0.26777607,  0.63157406],
        [ 0.95706165,  0.90739536,  0.80831256, ..., -0.26777607,
          0.        ,  0.40089876],
        [ 0.9929999 ,  0.99977414,  0.9765438 , ..., -0.63157406,
         -0.40089876,  0.        ]]]), 'num': array([7.81607910e-01, 6.23681986e-01, 6.30442810e-07, 3.76014105e-03,
       3.78265686e-03, 3.72261469e-03, 4.13855684e-04, 4.50316293e-05,
       3.73162101e-03, 3.65093934e-03, 3.65719374e-03, 9.50208691e-07,
       3.86073686e-03, 3.44114183e-03])}
{'img': array([[[ 0.        ,  0.11864162, -0.45607717, ..., -0.68642658,
         -0.65371387, -0.40805066],
        [-0.11864162,  0.        , -0.55843991, ..., -0.76785453,
         -0.73887786, -0.51348363],
        [ 0.45607717,  0.55843991,  0.        , ..., -0.27921973,
         -0.23663361,  0.05323919],
        ...,
        [ 0.68642658,  0.76785453,  0.27921973, ...,  0.        ,
          0.04406755,  0.32994545],
        [ 0.65371387,  0.73887786,  0.23663361, ..., -0.04406755,
          0.        ,  0.28802516],
        [ 0.40805066,  0.51348363, -0.05323919, ..., -0.32994545,
         -0.28802516,  0.        ]],

       [[ 0.        , -0.86521477, -0.78864783, ..., -0.61697497,
         -0.        , -0.54285386],
        [ 0.86521477,  0.        , -0.92740228, ..., -0.99026126,
         -0.86521477, -0.99881858],
        [ 0.78864783,  0.92740228,  0.        , ..., -0.24130817,
         -0.78864783, -0.3285568 ],
        ...,
        [ 0.61697497,  0.99026126,  0.24130817, ...,  0.        ,
         -0.61697497, -0.09093571],
        [ 0.        ,  0.86521477,  0.78864783, ...,  0.61697497,
          0.        ,  0.54285386],
        [ 0.54285386,  0.99881858,  0.3285568 , ...,  0.09093571,
         -0.54285386,  0.        ]],

       [[ 0.        , -0.24340472, -0.59393737, ..., -0.97422837,
         -0.96052448, -0.9462937 ],
        [ 0.24340472,  0.        , -0.38025275, ..., -0.89002495,
         -0.86392243, -0.83913898],
        [ 0.59393737,  0.38025275,  0.        , ..., -0.64980688,
         -0.60752208, -0.56927909],
        ...,
        [ 0.97422837,  0.89002495,  0.64980688, ...,  0.        ,
          0.05436628,  0.10152638],
        [ 0.96052448,  0.86392243,  0.60752208, ..., -0.05436628,
          0.        ,  0.04729087],
        [ 0.9462937 ,  0.83913898,  0.56927909, ..., -0.10152638,
         -0.04729087,  0.        ]],

       ...,

       [[ 0.        , -0.0142989 , -0.19080433, ...,  0.14785546,
          0.23295284,  0.27660485],
        [ 0.0142989 ,  0.        , -0.17674862, ...,  0.16198209,
          0.24683453,  0.29031758],
        [ 0.19080433,  0.17674862,  0.        , ...,  0.33384627,
          0.41422798,  0.45488295],
        ...,
        [-0.14785546, -0.16198209, -0.33384627, ...,  0.        ,
          0.08660478,  0.13147799],
        [-0.23295284, -0.24683453, -0.41422798, ..., -0.08660478,
          0.        ,  0.04513102],
        [-0.27660485, -0.29031758, -0.45488295, ..., -0.13147799,
         -0.04513102,  0.        ]],

       [[ 0.        , -0.00877486, -0.07768676, ..., -0.91340515,
         -0.90213263, -0.88870759],
        [ 0.00877486,  0.        , -0.06893543, ..., -0.90979816,
         -0.8983119 , -0.88465033],
        [ 0.07768676,  0.06893543,  0.        , ..., -0.87902215,
         -0.86588758, -0.85040436],
        ...,
        [ 0.91340515,  0.90979816,  0.87902215, ...,  0.        ,
          0.02688216,  0.05702304],
        [ 0.90213263,  0.8983119 ,  0.86588758, ..., -0.02688216,
          0.        ,  0.03016402],
        [ 0.88870759,  0.88465033,  0.85040436, ..., -0.05702304,
         -0.03016402,  0.        ]],

       [[ 0.        ,  0.19451623,  0.51999454, ..., -0.90739536,
         -0.99977414, -0.95662845],
        [-0.19451623,  0.        ,  0.34391243, ..., -0.80831256,
         -0.9765438 , -0.99502087],
        [-0.51999454, -0.34391243,  0.        , ..., -0.5565272 ,
         -0.84292548, -0.96860297],
        ...,
        [ 0.90739536,  0.80831256,  0.5565272 , ...,  0.        ,
          0.40089876,  0.66638407],
        [ 0.99977414,  0.9765438 ,  0.84292548, ..., -0.40089876,
          0.        ,  0.31157577],
        [ 0.95662845,  0.99502087,  0.96860297, ..., -0.66638407,
         -0.31157577,  0.        ]]]), 'num': array([ 7.81116671e-01,  6.24297116e-01,  6.31064608e-07,  3.73379893e-03,
        3.76384963e-03,  3.71877358e-03,  4.10943263e-04, -3.00506956e-05,
        3.73079386e-03,  3.66806303e-03,  3.65954867e-03,  8.06623935e-07,
        3.86123520e-03,  3.47489087e-03])}
{'img': array([[[ 0.        , -0.55843991, -0.8432    , ..., -0.73887786,
         -0.51348363, -0.67439961],
        [ 0.55843991,  0.        , -0.39925503, ..., -0.23663361,
          0.05323919, -0.14711145],
        [ 0.8432    ,  0.39925503,  0.        , ...,  0.17096062,
          0.44750061,  0.26003345],
        ...,
        [ 0.73887786,  0.23663361, -0.17096062, ...,  0.        ,
          0.28802516,  0.09112569],
        [ 0.51348363, -0.05323919, -0.44750061, ..., -0.28802516,
          0.        , -0.19956276],
        [ 0.67439961,  0.14711145, -0.26003345, ..., -0.09112569,
          0.19956276,  0.        ]],

       [[ 0.        , -0.87343565, -0.95438635, ..., -0.        ,
         -0.61741758, -0.60901539],
