state_0,state_1,state_2,state_3,state_4,state_5,state_6,state_7,state_8,state_9,state_10,state_11,state_12,state_13,state_14,state_15,state_16,state_17,state_18,state_19,state_20,state_21,state_22,state_23,state_24,state_25,state_26,state_27,state_28,state_29,state_30,state_31,state_32,state_33,state_34,state_35,state_36,state_37,state_38,state_39,state_40,state_41,state_42,state_43,state_44,state_45,state_46,state_47,state_48,state_49,state_50,state_51,state_52,state_53,state_54,state_55,state_56,state_57,state_58,state_59,state_60,state_61,state_62,state_63,state_64,state_65,state_66,state_67,state_68,state_69,state_70,state_71,state_72,state_73,state_74,state_75,state_76,state_77,state_78,state_79,state_80,state_81,state_82,state_83,state_84,state_85,state_86,state_87,state_88,state_89,state_90,state_91,state_92,state_93,state_94,state_95,state_96,state_97,state_98,state_99,state_100,state_101,state_102,state_103,state_104,state_105,state_106,state_107,state_108,state_109,state_110,state_111,state_112,state_113,state_114,state_115,state_116,state_117,state_118,state_119,state_120,state_121,state_122,state_123,state_124,state_125,state_126,state_127,state_128,state_129,state_130,state_131,state_132,state_133,state_134,state_135,state_136,state_137,state_138,state_139,state_140,state_141,state_142,state_143,state_144,state_145,state_146,state_147,state_148,state_149,state_150,state_151,state_152,state_153,state_154,state_155,state_156,state_157,state_158,state_159,state_160,state_161,state_162,state_163,state_164,state_165,state_166,state_167,state_168,state_169,state_170,state_171,state_172,state_173,state_174,state_175,state_176,state_177,state_178,state_179,state_180,state_181,state_182,state_183,state_184,state_185,state_186,state_187,state_188,state_189,state_190,state_191,state_192,state_193,state_194,state_195,state_196,state_197,state_198,state_199,state_200,state_201,state_202,state_203,state_204,state_205,state_206,state_207,state_208,state_209,state_210,state_211,state_212,state_213,state_214,state_215,state_216,state_217,state_218,state_219,state_220,state_221,state_222,state_223,state_224,state_225,state_226,state_227,state_228,state_229,state_230,state_231,state_232,state_233,state_234,state_235,state_236,state_237,state_238,state_239,state_240,state_241,state_242,state_243,state_244,state_245,state_246,state_247,state_248,state_249,state_250,state_251,state_252,state_253,state_254,state_255,state_256,state_257,state_258,state_259,state_260,state_261,state_262,state_263,state_264,state_265,state_266,state_267,state_268,state_269,state_270,state_271,state_272,state_273,state_274,state_275,state_276,state_277,state_278,state_279,state_280,state_281,state_282,state_283,state_284,state_285,state_286,state_287
{'img': array([[[ 0.        ,  0.33364525,  0.56600871, ...,  0.92080703,
          0.88730505,  0.87077479],
        [-0.33364525,  0.        ,  0.25851878, ...,  0.73791578,
          0.68258981,  0.65683089],
        [-0.56600871, -0.25851878,  0.        , ...,  0.53835877,
          0.47046003,  0.43956976],
        ...,
        [-0.92080703, -0.73791578, -0.53835877, ...,  0.        ,
         -0.07859517, -0.11312604],
        [-0.88730505, -0.68258981, -0.47046003, ...,  0.07859517,
          0.        , -0.03468546],
        [-0.87077479, -0.65683089, -0.43956976, ...,  0.11312604,
          0.03468546,  0.        ]],

       [[ 0.        ,  0.45120573, -0.6681837 , ..., -0.29134575,
         -0.96933632, -0.99442526],
        [-0.45120573,  0.        , -0.93199588, ..., -0.69163421,
         -0.97593341, -0.83986809],
        [ 0.6681837 ,  0.93199588,  0.        , ...,  0.42243627,
         -0.55698464, -0.8103046 ],
        ...,
        [ 0.29134575,  0.69163421, -0.42243627, ...,  0.        ,
         -0.85568972, -0.98200554],
        [ 0.96933632,  0.97593341,  0.55698464, ...,  0.85568972,
          0.        , -0.34657847],
        [ 0.99442526,  0.83986809,  0.8103046 , ...,  0.98200554,
          0.34657847,  0.        ]],

       [[ 0.        ,  0.34505652,  0.52077835, ...,  0.71072309,
          0.87146115,  0.96219213],
        [-0.34505652,  0.        ,  0.19422116, ...,  0.90980939,
          0.98717565,  0.99707973],
        [-0.52077835, -0.19422116,  0.        , ...,  0.97309149,
          0.99938266,  0.96326091],
        ...,
        [-0.71072309, -0.90980939, -0.97309149, ...,  0.        ,
         -0.26446393, -0.4832943 ],
        [-0.87146115, -0.98717565, -0.99938266, ...,  0.26446393,
          0.        , -0.23455983],
        [-0.96219213, -0.99707973, -0.96326091, ...,  0.4832943 ,
          0.23455983,  0.        ]],

       ...,

       [[ 0.        ,  0.09101678,  0.45635189, ..., -0.98593154,
         -0.98857927, -0.83664528],
        [-0.09101678,  0.        ,  0.37347107, ..., -0.99705271,
         -0.97075964, -0.78331867],
        [-0.45635189, -0.37347107,  0.        , ..., -0.95356033,
         -0.81086419, -0.49448194],
        ...,
        [ 0.98593154,  0.99705271,  0.95356033, ...,  0.        ,
         -0.31382229, -0.6798841 ],
        [ 0.98857927,  0.97075964,  0.81086419, ...,  0.31382229,
          0.        , -0.41540551],
        [ 0.83664528,  0.78331867,  0.49448194, ...,  0.6798841 ,
          0.41540551,  0.        ]],

       [[ 0.        ,  0.34146957,  0.51109186, ...,  0.52459833,
          0.35526654,  0.        ],
        [-0.34146957,  0.        ,  0.18686956, ...,  0.78377628,
          0.6531063 ,  0.34146957],
        [-0.51109186, -0.18686956,  0.        , ...,  0.88602394,
          0.78311167,  0.51109186],
        ...,
        [-0.52459833, -0.78377628, -0.88602394, ...,  0.        ,
          0.18792006,  0.52459833],
        [-0.35526654, -0.6531063 , -0.78311167, ..., -0.18792006,
          0.        ,  0.35526654],
        [-0.        , -0.34146957, -0.51109186, ..., -0.52459833,
         -0.35526654,  0.        ]],

       [[ 0.        , -0.03934483, -0.10002188, ...,  0.99715876,
          0.9822093 ,  0.93203265],
        [ 0.03934483,  0.        , -0.0607969 , ...,  0.99342286,
          0.98883731,  0.94556853],
        [ 0.10002188,  0.0607969 ,  0.        , ...,  0.98462374,
          0.99606681,  0.96360409],
        ...,
        [-0.99715876, -0.99342286, -0.98462374, ...,  0.        ,
         -0.26124444, -0.43155347],
        [-0.9822093 , -0.98883731, -0.99606681, ...,  0.26124444,
          0.        , -0.18090146],
        [-0.93203265, -0.94556853, -0.96360409, ...,  0.43155347,
          0.18090146,  0.        ]]]), 'num': array([7.16784409e-01, 6.88501123e-01, 1.61526479e-07, 2.82832864e-02,
       2.84609655e-02, 2.77017911e-02, 3.87051363e-02, 1.77679126e-04,
       3.29546322e-02, 4.22609802e-02, 3.81762448e-02, 2.64918143e-06,
       5.65688432e-02, 2.79531173e-02])}
{'img': array([[[ 0.        ,  0.47827298,  0.58420242, ...,  0.86353925,
          0.84442087,  0.85097013],
        [-0.47827298,  0.        ,  0.12488295, ...,  0.51718558,
          0.48537848,  0.49613582],
        [-0.58420242, -0.12488295,  0.        , ...,  0.4062528 ,
          0.372393  ,  0.38382282],
        ...,
        [-0.86353925, -0.51718558, -0.4062528 , ...,  0.        ,
         -0.03675503, -0.02441436],
        [-0.84442087, -0.48537848, -0.372393  , ...,  0.03675503,
          0.        ,  0.01234621],
        [-0.85097013, -0.49613582, -0.38382282, ...,  0.02441436,
         -0.01234621,  0.        ]],

       [[ 0.        , -0.93199588, -0.98413302, ..., -0.97593341,
         -0.83986809, -0.75309769],
        [ 0.93199588,  0.        , -0.19135148, ..., -0.55698464,
         -0.8103046 , -0.88614267],
        [ 0.98413302,  0.19135148,  0.        , ..., -0.38777068,
         -0.68319777, -0.78109348],
        ...,
        [ 0.97593341,  0.55698464,  0.38777068, ...,  0.        ,
         -0.34657847, -0.47784802],
        [ 0.83986809,  0.8103046 ,  0.68319777, ...,  0.34657847,
          0.        , -0.14378221],
        [ 0.75309769,  0.88614267,  0.78109348, ...,  0.47784802,
          0.14378221,  0.        ]],

       [[ 0.        ,  0.4092539 ,  0.59126458, ...,  0.88035172,
          0.96842143,  0.99999816],
        [-0.4092539 ,  0.        ,  0.20942782, ...,  0.9973689 ,
          0.98564235,  0.9116343 ],
        [-0.59126458, -0.20942782,  0.        , ...,  0.99043346,
          0.9284237 ,  0.80534268],
        ...,
        [-0.88035172, -0.9973689 , -0.99043346, ...,  0.        ,
         -0.23985471, -0.47600828],
        [-0.96842143, -0.98564235, -0.9284237 , ...,  0.23985471,
          0.        , -0.251175  ],
        [-0.99999816, -0.9116343 , -0.80534268, ...,  0.47600828,
          0.251175  ,  0.        ]],

       ...,

       [[ 0.        ,  0.36036589,  0.39828331, ..., -0.99926736,
         -0.98180067, -0.76351832],
        [-0.36036589,  0.        ,  0.04097297, ..., -0.91833574,
         -0.84739585, -0.47949901],
        [-0.39828331, -0.04097297,  0.        , ..., -0.90134738,
         -0.82492918, -0.44314083],
        ...,
        [ 0.99926736,  0.91833574,  0.90134738, ...,  0.        ,
         -0.15219982, -0.61609175],
        [ 0.98180067,  0.84739585,  0.82492918, ...,  0.15219982,
          0.        , -0.48903022],
        [ 0.76351832,  0.47949901,  0.44314083, ...,  0.61609175,
          0.48903022,  0.        ]],

       [[ 0.        ,  0.39463261,  0.5452844 , ...,  0.44968893,
          0.28318631,  0.        ],
        [-0.39463261,  0.        ,  0.17022735, ...,  0.76567174,
          0.63868091,  0.39463261],
        [-0.5452844 , -0.17022735,  0.        , ...,  0.86399222,
          0.76034437,  0.5452844 ],
        ...,
        [-0.44968893, -0.76567174, -0.86399222, ...,  0.        ,
          0.17834305,  0.44968893],
        [-0.28318631, -0.63868091, -0.76034437, ..., -0.17834305,
          0.        ,  0.28318631],
        [-0.        , -0.39463261, -0.5452844 , ..., -0.44968893,
         -0.28318631,  0.        ]],

       [[ 0.        , -0.0607969 , -0.1181677 , ...,  0.98883731,
          0.94556853,  0.88862832],
        [ 0.0607969 ,  0.        , -0.05757817, ...,  0.99606681,
          0.96360409,  0.91486767],
        [ 0.1181677 ,  0.05757817,  0.        , ...,  0.99951607,
          0.97739804,  0.93659731],
        ...,
        [-0.98883731, -0.99606681, -0.99951607, ...,  0.        ,
         -0.18090146, -0.32110359],
        [-0.94556853, -0.96360409, -0.97739804, ...,  0.18090146,
          0.        , -0.14448412],
        [-0.88862832, -0.91486767, -0.93659731, ...,  0.32110359,
          0.14448412,  0.        ]]]), 'num': array([ 7.07094336e-01,  7.07094336e-01,  0.00000000e+00,  1.56089252e-03,
        1.59369587e-03,  1.56089252e-03,  1.56863776e-03, -3.46257536e-05,
        1.60863961e-03,  2.34584924e-03,  2.16060146e-03,  1.42853937e-07,
        3.22927394e-03,  1.46242455e-03])}
{'img': array([[[ 0.        ,  0.36988382,  0.72190138, ...,  0.77229969,
          0.78133371,  0.74896109],
        [-0.36988382,  0.        ,  0.4147446 , ...,  0.48255488,
          0.49507049,  0.45075309],
        [-0.72190138, -0.4147446 ,  0.        , ...,  0.07583437,
          0.09013138,  0.03993609],
        ...,
        [-0.77229969, -0.48255488, -0.07583437, ...,  0.        ,
          0.01434613, -0.03595278],
        [-0.78133371, -0.49507049, -0.09013138, ..., -0.01434613,
          0.        , -0.05028593],
        [-0.74896109, -0.45075309, -0.03993609, ...,  0.03595278,
          0.05028593,  0.        ]],

       [[ 0.        , -0.19135148,  0.65397607, ..., -0.8103046 ,
         -0.88614267, -0.93989412],
        [ 0.19135148,  0.        ,  0.78665194, ..., -0.68319777,
         -0.78109348, -0.85718633],
        [-0.65397607, -0.78665194,  0.        , ..., -0.99624359,
         -0.97344113, -0.93435483],
        ...,
        [ 0.8103046 ,  0.68319777,  0.99624359, ...,  0.        ,
         -0.14378221, -0.27409485],
        [ 0.88614267,  0.78109348,  0.97344113, ...,  0.14378221,
          0.        , -0.1329711 ],
        [ 0.93989412,  0.85718633,  0.93435483, ...,  0.27409485,
          0.1329711 ,  0.        ]],

       [[ 0.        ,  0.45750812,  0.6806424 , ...,  0.97662694,
          0.99885693,  0.94123043],
        [-0.45750812,  0.        ,  0.27005325, ...,  0.96675944,
          0.86632016,  0.68241694],
        [-0.6806424 , -0.27005325,  0.        , ...,  0.86179059,
          0.69924371,  0.45966303],
        ...,
        [-0.97662694, -0.96675944, -0.86179059, ...,  0.        ,
         -0.26137845, -0.53217993],
        [-0.99885693, -0.86632016, -0.69924371, ...,  0.26137845,
          0.        , -0.29238827],
        [-0.94123043, -0.68241694, -0.45966303, ...,  0.53217993,
          0.29238827,  0.        ]],

       ...,

       [[ 0.        ,  0.04077103,  0.19385556, ..., -0.86401425,
         -0.63712013, -0.47741153],
        [-0.04077103,  0.        ,  0.15369677, ..., -0.84276895,
         -0.60516551, -0.44118988],
        [-0.19385556, -0.15369677,  0.        , ..., -0.75002402,
         -0.47561703, -0.29801809],
        ...,
        [ 0.86401425,  0.84276895,  0.75002402, ...,  0.        ,
         -0.34518234, -0.51883077],
        [ 0.63712013,  0.60516551,  0.47561703, ...,  0.34518234,
          0.        , -0.19185274],
        [ 0.47741153,  0.44118988,  0.29801809, ...,  0.51883077,
          0.19185274,  0.        ]],

       [[ 0.        ,  0.39767147,  0.61550579, ...,  0.38763838,
          0.26697406,  0.        ],
        [-0.39767147,  0.        ,  0.25132596, ...,  0.72224717,
          0.62819362,  0.39767147],
        [-0.61550579, -0.25132596,  0.        , ...,  0.87289069,
          0.80357611,  0.61550579],
        ...,
        [-0.38763838, -0.72224717, -0.87289069, ...,  0.        ,
          0.12746879,  0.38763838],
        [-0.26697406, -0.62819362, -0.80357611, ..., -0.12746879,
          0.        ,  0.26697406],
        [-0.        , -0.39767147, -0.61550579, ..., -0.38763838,
         -0.26697406,  0.        ]],

       [[ 0.        , -0.05757817, -0.20260158, ...,  0.96360409,
          0.91486767,  0.85671428],
        [ 0.05757817,  0.        , -0.14588139, ...,  0.97739804,
          0.93659731,  0.88499131],
        [ 0.20260158,  0.14588139,  0.        , ...,  0.99778232,
          0.97769562,  0.94344722],
        ...,
        [-0.96360409, -0.97739804, -0.99778232, ...,  0.        ,
         -0.14448412, -0.26799022],
        [-0.91486767, -0.93659731, -0.97769562, ...,  0.14448412,
          0.        , -0.1259791 ],
        [-0.85671428, -0.88499131, -0.94344722, ...,  0.26799022,
          0.1259791 ,  0.        ]]]), 'num': array([7.07094134e-01, 7.07094134e-01, 0.00000000e+00, 1.58913939e-03,
       1.61738671e-03, 1.55086883e-03, 1.78342626e-03, 2.82473172e-05,
       1.58932163e-03, 2.31295412e-03, 2.16612881e-03, 1.55962782e-07,
       3.25565197e-03, 1.37025626e-03])}
{'img': array([[[ 0.        ,  0.65664284,  0.70517468, ...,  0.72964744,
          0.69007329,  0.72268602],
        [-0.65664284,  0.        ,  0.06626208, ...,  0.1012735 ,
          0.04521607,  0.09119493],
        [-0.70517468, -0.06626208,  0.        , ...,  0.03512952,
         -0.02107761,  0.02500853],
        ...,
        [-0.72964744, -0.1012735 , -0.03512952, ...,  0.        ,
         -0.05618632, -0.01012543],
        [-0.69007329, -0.04521607,  0.02107761, ...,  0.05618632,
          0.        ,  0.046074  ],
        [-0.72268602, -0.09119493, -0.02500853, ...,  0.01012543,
         -0.046074  ,  0.        ]],

       [[ 0.        ,  0.78665194, -0.20333808, ..., -0.78109348,
         -0.85718633, -0.82934269],
        [-0.78665194,  0.        , -0.89575794, ..., -0.97344113,
         -0.93435483, -0.95156759],
        [ 0.20333808,  0.89575794,  0.        , ..., -0.63780816,
         -0.73455808, -0.69840337],
        ...,
        [ 0.78109348,  0.97344113,  0.63780816, ...,  0.        ,
         -0.1329711 , -0.08142489],
        [ 0.85718633,  0.93435483,  0.73455808, ...,  0.1329711 ,
          0.        ,  0.05182774],
        [ 0.82934269,  0.95156759,  0.69840337, ...,  0.08142489,
         -0.05182774,  0.        ]],

       [[ 0.        ,  0.55142119,  0.69988679, ...,  0.99401438,
          0.90926401,  0.89804593],
        [-0.55142119,  0.        ,  0.19000976, ...,  0.76899123,
          0.52902014,  0.50660303],
        [-0.69988679, -0.19000976,  0.        , ...,  0.63351638,
          0.35813851,  0.33355133],
        ...,
        [-0.99401438, -0.76899123, -0.63351638, ...,  0.        ,
         -0.31439202, -0.3391577 ],
        [-0.90926401, -0.52902014, -0.35813851, ...,  0.31439202,
          0.        , -0.02620225],
        [-0.89804593, -0.50660303, -0.33355133, ...,  0.3391577 ,
          0.02620225,  0.        ]],

       ...,

       [[ 0.        ,  0.15369677,  0.18368051, ..., -0.60516551,
         -0.44118988, -0.66655924],
        [-0.15369677,  0.        ,  0.03041625, ..., -0.47561703,
         -0.29801809, -0.54406565],
        [-0.18368051, -0.03041625,  0.        , ..., -0.44864123,
         -0.26884606, -0.51829339],
        ...,
        [ 0.60516551,  0.47561703,  0.44864123, ...,  0.        ,
         -0.19185274,  0.07952572],
        [ 0.44118988,  0.29801809,  0.26884606, ...,  0.19185274,
          0.        ,  0.26929354],
        [ 0.66655924,  0.54406565,  0.51829339, ..., -0.07952572,
         -0.26929354,  0.        ]],

       [[ 0.        ,  0.49868261,  0.65832361, ...,  0.34995487,
          0.22596971,  0.        ],
        [-0.49868261,  0.        ,  0.19524893, ...,  0.77048471,
          0.68165093,  0.49868261],
        [-0.65832361, -0.19524893,  0.        , ...,  0.88011883,
          0.81139094,  0.65832361],
        ...,
        [-0.34995487, -0.77048471, -0.88011883, ...,  0.        ,
          0.12922219,  0.34995487],
        [-0.22596971, -0.68165093, -0.81139094, ..., -0.12922219,
          0.        ,  0.22596971],
        [-0.        , -0.49868261, -0.65832361, ..., -0.34995487,
         -0.22596971,  0.        ]],

       [[ 0.        , -0.14588139, -0.26555729, ...,  0.93659731,
          0.88499131,  0.83382338],
        [ 0.14588139,  0.        , -0.12207285, ...,  0.97769562,
          0.94344722,  0.90543431],
        [ 0.26555729,  0.12207285,  0.        , ...,  0.99602215,
          0.97686124,  0.95048096],
        ...,
        [-0.93659731, -0.97769562, -0.99602215, ...,  0.        ,
         -0.1259791 , -0.224853  ],
        [-0.88499131, -0.94344722, -0.97686124, ...,  0.1259791 ,
          0.        , -0.10030846],
        [-0.83382338, -0.90543431, -0.95048096, ...,  0.224853  ,
          0.10030846,  0.        ]]]), 'num': array([7.07064021e-01, 7.07064021e-01, 0.00000000e+00, 1.73303578e-03,
       1.81139597e-03, 1.57267075e-03, 9.34488065e-03, 1.43964066e-04,
       1.61276201e-03, 2.28110152e-03, 2.17290068e-03, 2.27669885e-07,
       3.25639516e-03, 1.30580787e-03])}
{'img': array([[[ 0.        ,  0.31676816,  0.55246977, ...,  0.26125633,
          0.37222204,  0.6737908 ],
        [-0.31676816,  0.        ,  0.25998253, ..., -0.05796423,
          0.05904734,  0.40502558],
        [-0.55246977, -0.25998253,  0.        , ..., -0.31551645,
         -0.20251201,  0.15339467],
        ...,
        [-0.26125633,  0.05796423,  0.31551645, ...,  0.        ,
          0.11681115,  0.4573416 ],
        [-0.37222204, -0.05904734,  0.20251201, ..., -0.11681115,
          0.        ,  0.35033158],
        [-0.6737908 , -0.40502558, -0.15339467, ..., -0.4573416 ,
         -0.35033158,  0.        ]],

       [[ 0.        , -0.89575794, -0.65538237, ..., -0.93435483,
         -0.95156759, -0.84514997],
        [ 0.89575794,  0.        ,  0.38521843, ..., -0.73455808,
         -0.69840337,  0.10310404],
        [ 0.65538237, -0.38521843,  0.        , ..., -0.93925723,
         -0.9202069 , -0.28801841],
        ...,
        [ 0.93435483,  0.73455808,  0.93925723, ...,  0.        ,
          0.05182774,  0.80060413],
        [ 0.95156759,  0.69840337,  0.9202069 , ..., -0.05182774,
          0.        ,  0.7684733 ],
        [ 0.84514997, -0.10310404,  0.28801841, ..., -0.80060413,
         -0.7684733 ,  0.        ]],

       [[ 0.        ,  0.49448894,  0.68335606, ...,  0.83894619,
          0.82161934,  0.84255428],
        [-0.49448894,  0.        ,  0.23294302, ...,  0.46009056,
          0.43226156,  0.46599723],
        [-0.68335606, -0.23294302,  0.        , ...,  0.24061006,
          0.21031425,  0.24707306],
        ...,
        [-0.83894619, -0.46009056, -0.24061006, ...,  0.        ,
         -0.03109293,  0.00666412],
        [-0.82161934, -0.43226156, -0.21031425, ...,  0.03109293,
          0.        ,  0.03775314],
        [-0.84255428, -0.46599723, -0.24707306, ..., -0.00666412,
         -0.03775314,  0.        ]],

       ...,

       [[ 0.        ,  0.03041625,  0.29801809, ..., -0.29801809,
         -0.54406565, -0.84610176],
        [-0.03041625,  0.        ,  0.26884606, ..., -0.26884606,
         -0.51829339, -0.82949777],
        [-0.29801809, -0.26884606,  0.        , ..., -0.        ,
         -0.26929354, -0.64880506],
        ...,
        [ 0.29801809,  0.26884606,  0.        , ...,  0.        ,
          0.26929354,  0.64880506],
        [ 0.54406565,  0.51829339,  0.26929354, ..., -0.26929354,
          0.        ,  0.41991682],
        [ 0.84610176,  0.82949777,  0.64880506, ..., -0.64880506,
         -0.41991682,  0.        ]],

       [[ 0.        ,  0.4789022 ,  0.65706505, ...,  0.23754976,
          0.0430247 ,  0.        ],
        [-0.4789022 ,  0.        ,  0.21580385, ...,  0.67373119,
          0.51622876,  0.4789022 ],
        [-0.65706505, -0.21580385,  0.        , ...,  0.81732986,
          0.68889009,  0.65706505],
        ...,
        [-0.23754976, -0.67373119, -0.81732986, ...,  0.        ,
          0.19553665,  0.23754976],
        [-0.0430247 , -0.51622876, -0.68889009, ..., -0.19553665,
          0.        ,  0.0430247 ],
        [-0.        , -0.4789022 , -0.65706505, ..., -0.23754976,
         -0.0430247 ,  0.        ]],

       [[ 0.        , -0.12207285, -0.28067688, ...,  0.94344722,
          0.90543431,  0.87345317],
        [ 0.12207285,  0.        , -0.16141193, ...,  0.97686124,
          0.95048096,  0.92635901],
        [ 0.28067688,  0.16141193,  0.        , ...,  0.9985736 ,
          0.98818147,  0.97500624],
        ...,
        [-0.94344722, -0.97686124, -0.9985736 , ...,  0.        ,
         -0.10030846, -0.16980255],
        [-0.90543431, -0.95048096, -0.98818147, ...,  0.10030846,
          0.        , -0.07009434],
        [-0.87345317, -0.92635901, -0.97500624, ...,  0.16980255,
          0.07009434,  0.        ]]]), 'num': array([ 7.07088858e-01,  7.07088858e-01,  0.00000000e+00,  1.72762948e-03,
        1.81601559e-03,  1.70302716e-03,  4.12270163e-03, -5.46718189e-06,
        1.64124800e-03,  2.24272913e-03,  2.17619657e-03,  2.25860529e-07,
        3.24140137e-03,  1.24405689e-03])}
{'img': array([[[ 0.        ,  0.33234054,  0.27342663, ...,  0.09064217,
          0.485998  ,  0.47588573],
        [-0.33234054,  0.        , -0.06179108, ..., -0.24548244,
          0.1679213 ,  0.15654025],
        [-0.27342663,  0.06179108,  0.        , ..., -0.18511302,
          0.22851409,  0.21727041],
        ...,
        [-0.09064217,  0.24548244,  0.18511302, ...,  0.        ,
          0.40477978,  0.39420632],
        [-0.485998  , -0.1679213 , -0.22851409, ..., -0.40477978,
          0.        , -0.01153365],
        [-0.47588573, -0.15654025, -0.21727041, ..., -0.39420632,
          0.01153365,  0.        ]],

       [[ 0.        ,  0.38521843, -0.29305779, ..., -0.69840337,
          0.10310404, -0.39751533],
        [-0.38521843,  0.        , -0.63874649, ..., -0.9202069 ,
         -0.28801841, -0.72031196],
        [ 0.29305779,  0.63874649,  0.        , ..., -0.45799705,
          0.39007319, -0.11115379],
        ...,
        [ 0.69840337,  0.9202069 ,  0.45799705, ...,  0.        ,
          0.7684733 ,  0.35634836],
        [-0.10310404,  0.28801841, -0.39007319, ..., -0.7684733 ,
          0.        , -0.49000461],
        [ 0.39751533,  0.72031196,  0.11115379, ..., -0.35634836,
          0.49000461,  0.        ]],

       [[ 0.        ,  0.52489591,  0.67045267, ...,  0.73328946,
          0.76309003,  0.79574628],
        [-0.52489591,  0.        ,  0.18121908, ...,  0.26726593,
          0.31028049,  0.35941974],
        [-0.67045267, -0.18121908,  0.        , ...,  0.08821391,
          0.13286808,  0.18435944],
        ...,
        [-0.73328946, -0.26726593, -0.08821391, ...,  0.        ,
          0.04491832,  0.09693891],
        [-0.76309003, -0.31028049, -0.13286808, ..., -0.04491832,
          0.        ,  0.05213429],
        [-0.79574628, -0.35941974, -0.18435944, ..., -0.09693891,
         -0.05213429,  0.        ]],

       ...,

       [[ 0.        ,  0.26884606, -0.07101804, ..., -0.51829339,
         -0.82949777, -0.82504237],
        [-0.26884606,  0.        , -0.33657061, ..., -0.26929354,
         -0.64880506, -0.64274983],
        [ 0.07101804,  0.33657061,  0.        , ..., -0.57771955,
         -0.8670676 , -0.86308939],
        ...,
        [ 0.51829339,  0.26929354,  0.57771955, ...,  0.        ,
          0.41991682,  0.41270611],
        [ 0.82949777,  0.64880506,  0.8670676 , ..., -0.41991682,
          0.        , -0.0079306 ],
        [ 0.82504237,  0.64274983,  0.86308939, ..., -0.41270611,
          0.0079306 ,  0.        ]],

       [[ 0.        ,  0.49674116,  0.64448334, ...,  0.0444011 ,
          0.        ,  0.18304724],
        [-0.49674116,  0.        ,  0.17952888, ...,  0.53478693,
          0.49674116,  0.64721475],
        [-0.64448334, -0.17952888,  0.        , ...,  0.67779764,
          0.64448334,  0.77355551],
        ...,
        [-0.0444011 , -0.53478693, -0.67779764, ...,  0.        ,
          0.0444011 , -0.13921581],
        [-0.        , -0.49674116, -0.64448334, ..., -0.0444011 ,
          0.        , -0.18304724],
        [-0.18304724, -0.64721475, -0.77355551, ...,  0.13921581,
          0.18304724,  0.        ]],

       [[ 0.        , -0.16141193, -0.30853092, ...,  0.95048096,
          0.92635901,  0.89877601],
        [ 0.16141193,  0.        , -0.15094785, ...,  0.98818147,
          0.97500624,  0.95775477],
        [ 0.30853092,  0.15094785,  0.        , ...,  0.9999972 ,
          0.99737157,  0.99019107],
        ...,
        [-0.95048096, -0.98818147, -0.9999972 , ...,  0.        ,
         -0.07009434, -0.13737445],
        [-0.92635901, -0.97500624, -0.99737157, ...,  0.07009434,
          0.        , -0.06760677],
        [-0.89877601, -0.95775477, -0.99019107, ...,  0.13737445,
          0.06760677,  0.        ]]]), 'num': array([7.07085039e-01, 7.07085039e-01, 0.00000000e+00, 1.75586710e-03,
       1.86338776e-03, 1.73673207e-03, 5.27109117e-03, 2.82469539e-05,
       1.67331310e-03, 2.20248789e-03, 2.17922212e-03, 2.24763945e-07,
       3.21148526e-03, 1.19349052e-03])}
{'img': array([[[ 0.        , -0.06179108,  0.00243166, ...,  0.1679213 ,
          0.15654025,  0.21350419],
        [ 0.06179108,  0.        ,  0.06421791, ...,  0.22851409,
          0.21727041,  0.27346251],
        [-0.00243166, -0.06421791,  0.        , ...,  0.16552367,
          0.15413811,  0.21112797],
        ...,
        [-0.1679213 , -0.22851409, -0.16552367, ...,  0.        ,
         -0.01153365,  0.04642312],
        [-0.15654025, -0.21727041, -0.15413811, ...,  0.01153365,
          0.        ,  0.05794125],
        [-0.21350419, -0.27346251, -0.21112797, ..., -0.04642312,
         -0.05794125,  0.        ]],

       [[ 0.        , -0.63874649, -0.65739485, ..., -0.28801841,
         -0.72031196, -0.62424676],
        [ 0.63874649,  0.        , -0.02448589, ...,  0.39007319,
         -0.11115379,  0.01869991],
        [ 0.65739485,  0.02448589,  0.        , ...,  0.41250245,
         -0.0867863 ,  0.04317592],
        ...,
        [ 0.28801841, -0.39007319, -0.41250245, ...,  0.        ,
         -0.49000461, -0.37278641],
        [ 0.72031196,  0.11115379,  0.0867863 , ...,  0.49000461,
          0.        ,  0.12971839],
        [ 0.62424676, -0.01869991, -0.04317592, ...,  0.37278641,
         -0.12971839,  0.        ]],

       [[ 0.        ,  0.47123992,  0.62989213, ...,  0.62745367,
          0.67836766,  0.72839343],
        [-0.47123992,  0.        ,  0.1895642 , ...,  0.18648452,
          0.25209309,  0.31957238],
        [-0.62989213, -0.1895642 ,  0.        , ..., -0.00313561,
          0.06408038,  0.13415419],
        ...,
        [-0.62745367, -0.18648452,  0.00313561, ...,  0.        ,
          0.06720923,  0.13726079],
        [-0.67836766, -0.25209309, -0.06408038, ..., -0.06720923,
          0.        ,  0.07037735],
        [-0.72839343, -0.31957238, -0.13415419, ..., -0.13726079,
         -0.07037735,  0.        ]],

       ...,

       [[ 0.        , -0.33657061, -0.28705834, ..., -0.64880506,
         -0.64274983, -0.63905264],
        [ 0.33657061,  0.        ,  0.05209455, ..., -0.8670676 ,
         -0.86308939, -0.86064684],
        [ 0.28705834, -0.05209455,  0.        , ..., -0.83993725,
         -0.83560703, -0.83295155],
        ...,
        [ 0.64880506,  0.8670676 ,  0.83993725, ...,  0.        ,
         -0.0079306 , -0.01274676],
        [ 0.64274983,  0.86308939,  0.83560703, ...,  0.0079306 ,
          0.        , -0.00481641],
        [ 0.63905264,  0.86064684,  0.83295155, ...,  0.01274676,
          0.00481641,  0.        ]],

       [[ 0.        ,  0.45709977,  0.61047216, ...,  0.        ,
          0.18935233,  0.32385156],
        [-0.45709977,  0.        ,  0.1809231 , ...,  0.45709977,
          0.61724335,  0.72050428],
        [-0.61047216, -0.1809231 ,  0.        , ...,  0.61047216,
          0.74940242,  0.83407519],
        ...,
        [-0.        , -0.45709977, -0.61047216, ...,  0.        ,
         -0.18935233, -0.32385156],
        [-0.18935233, -0.61724335, -0.74940242, ...,  0.18935233,
          0.        , -0.1388451 ],
        [-0.32385156, -0.72050428, -0.83407519, ...,  0.32385156,
          0.1388451 ,  0.        ]],

       [[ 0.        , -0.15094785, -0.03069226, ...,  0.97500624,
          0.95775477,  0.94021615],
        [ 0.15094785,  0.        ,  0.12053615, ...,  0.99737157,
          0.99019107,  0.98085246],
        [ 0.03069226, -0.12053615,  0.        , ...,  0.98136603,
          0.96613023,  0.95022632],
        ...,
        [-0.97500624, -0.99737157, -0.98136603, ...,  0.        ,
         -0.06760677, -0.12317113],
        [-0.95775477, -0.99019107, -0.96613023, ...,  0.06760677,
          0.        , -0.05579735],
        [-0.94021615, -0.98085246, -0.95022632, ...,  0.12317113,
          0.05579735,  0.        ]]]), 'num': array([7.68802469e-01, 6.39452449e-01, 6.62314488e-07, 1.93059731e-03,
       1.96025318e-03, 1.91478084e-03, 2.05474667e-03, 2.57017562e-05,
       1.86278421e-03, 2.34108401e-03, 2.36632445e-03, 2.54416170e-07,
       3.42707702e-03, 1.25509100e-03])}
{'img': array([[[ 0.        ,  0.06421791, -0.05499619, ...,  0.21727041,
          0.27346251,  0.31731811],
        [-0.06421791,  0.        , -0.11900339, ...,  0.15413811,
          0.21112797,  0.25576407],
        [ 0.05499619,  0.11900339,  0.        , ...,  0.270624  ,
          0.32594853,  0.36899181],
        ...,
        [-0.21727041, -0.15413811, -0.270624  , ...,  0.        ,
          0.05794125,  0.10369615],
        [-0.27346251, -0.21112797, -0.32594853, ..., -0.05794125,
          0.        ,  0.04589305],
        [-0.31731811, -0.25576407, -0.36899181, ..., -0.10369615,
         -0.04589305,  0.        ]],

       [[ 0.        , -0.02448589, -0.32126494, ..., -0.11115379,
          0.01869991, -0.43640731],
        [ 0.02448589,  0.        , -0.29798074, ..., -0.0867863 ,
          0.04317592, -0.4142453 ],
        [ 0.32126494,  0.29798074,  0.        , ...,  0.21401268,
          0.33891738, -0.12421519],
        ...,
        [ 0.11115379,  0.0867863 , -0.21401268, ...,  0.        ,
          0.12971839, -0.33369245],
        [-0.01869991, -0.04317592, -0.33891738, ..., -0.12971839,
          0.        , -0.45315623],
        [ 0.43640731,  0.4142453 ,  0.12421519, ...,  0.33369245,
          0.45315623,  0.        ]],

       [[ 0.        ,  0.4597001 ,  0.51139696, ...,  0.53715514,
          0.61205847,  0.69502199],
        [-0.4597001 ,  0.        ,  0.05911765, ...,  0.0892842 ,
          0.18001676,  0.28671204],
        [-0.51139696, -0.05911765,  0.        , ...,  0.03024649,
          0.12155004,  0.22957488],
        ...,
        [-0.53715514, -0.0892842 , -0.03024649, ...,  0.        ,
          0.0914722 ,  0.2000312 ],
        [-0.61205847, -0.18001676, -0.12155004, ..., -0.0914722 ,
          0.        ,  0.10956909],
        [-0.69502199, -0.28671204, -0.22957488, ..., -0.2000312 ,
         -0.10956909,  0.        ]],

       ...,

       [[ 0.        ,  0.07108152, -0.24027639, ..., -0.82552285,
         -0.82277719, -0.84603146],
        [-0.07108152,  0.        , -0.30866777, ..., -0.78331851,
         -0.7802958 , -0.80599553],
        [ 0.24027639,  0.30866777,  0.        , ..., -0.93694323,
         -0.935238  , -0.94934583],
        ...,
        [ 0.82552285,  0.78331851,  0.93694323, ...,  0.        ,
         -0.00484781,  0.03736023],
        [ 0.82277719,  0.7802958 ,  0.935238  , ...,  0.00484781,
          0.        ,  0.04220422],
        [ 0.84603146,  0.80599553,  0.94934583, ..., -0.03736023,
         -0.04220422,  0.        ]],

       [[ 0.        ,  0.44218693,  0.57337154, ...,  0.19476274,
          0.33292394,  0.48162122],
        [-0.44218693,  0.        ,  0.15198833, ...,  0.60840638,
          0.71556891,  0.81950066],
        [-0.57337154, -0.15198833,  0.        , ...,  0.72195993,
          0.81342589,  0.89708114],
        ...,
        [-0.19476274, -0.60840638, -0.72195993, ...,  0.        ,
         -0.14289634, -0.30171229],
        [-0.33292394, -0.71556891, -0.81342589, ...,  0.14289634,
          0.        , -0.16237879],
        [-0.48162122, -0.81950066, -0.89708114, ...,  0.30171229,
          0.16237879,  0.        ]],

       [[ 0.        ,  0.12053615,  0.24227261, ...,  0.99019107,
          0.98085246,  0.97209679],
        [-0.12053615,  0.        ,  0.12356102, ...,  0.96613023,
          0.95022632,  0.93673379],
        [-0.24227261, -0.12356102,  0.        , ...,  0.92684121,
          0.90444798,  0.88630396],
        ...,
        [-0.99019107, -0.96613023, -0.92684121, ...,  0.        ,
         -0.05579735, -0.09645786],
        [-0.98085246, -0.95022632, -0.90444798, ...,  0.05579735,
          0.        , -0.04077043],
        [-0.97209679, -0.93673379, -0.88630396, ...,  0.09645786,
          0.04077043,  0.        ]]]), 'num': array([ 7.90611531e-01,  6.12281614e-01,  9.15451323e-07,  1.98144353e-03,
        2.00788990e-03,  1.95499716e-03,  1.99339526e-03, -5.08584068e-06,
        1.95825210e-03,  2.35850776e-03,  2.43740610e-03,  2.62893879e-07,
        3.45745465e-03,  1.25956087e-03])}
{'img': array([[[ 0.        , -0.11900339,  0.29159323, ...,  0.21112797,
          0.25576407,  0.24738224],
        [ 0.11900339,  0.        ,  0.40335292, ...,  0.32594853,
          0.36899181,  0.36092882],
        [-0.29159323, -0.40335292,  0.        , ..., -0.08306741,
         -0.03724544, -0.04589832],
        ...,
        [-0.21112797, -0.32594853,  0.08306741, ...,  0.        ,
          0.04589305,  0.03724017],
        [-0.25576407, -0.36899181,  0.03724544, ..., -0.04589305,
          0.        , -0.00866028],
        [-0.24738224, -0.36092882,  0.04589832, ..., -0.03724017,
          0.00866028,  0.        ]],

       [[ 0.        , -0.29798074,  0.60656725, ...,  0.04317592,
         -0.4142453 , -0.43562622],
        [ 0.29798074,  0.        ,  0.81591632, ...,  0.33891738,
         -0.12421519, -0.14761583],
        [-0.60656725, -0.81591632,  0.        , ..., -0.57167538,
         -0.8814148 , -0.89232482],
        ...,
        [-0.04317592, -0.33891738,  0.57167538, ...,  0.        ,
         -0.45315623, -0.47408383],
        [ 0.4142453 ,  0.12421519,  0.8814148 , ...,  0.45315623,
          0.        , -0.02361821],
        [ 0.43562622,  0.14761583,  0.89232482, ...,  0.47408383,
          0.02361821,  0.        ]],

       [[ 0.        ,  0.0900893 ,  0.25829809, ...,  0.24733333,
          0.3714951 ,  0.45879716],
        [-0.0900893 ,  0.        ,  0.17021563, ...,  0.15903734,
          0.28634244,  0.37688351],
        [-0.25829809, -0.17021563,  0.        , ..., -0.01133274,
          0.11907555,  0.21371955],
        ...,
        [-0.24733333, -0.15903734,  0.01133274, ...,  0.        ,
          0.13032001,  0.22477672],
        [-0.3714951 , -0.28634244, -0.11907555, ..., -0.13032001,
          0.        ,  0.09587466],
        [-0.45879716, -0.37688351, -0.21371955, ..., -0.22477672,
         -0.09587466,  0.        ]],

       ...,

       [[ 0.        , -0.30866777,  0.19642702, ..., -0.7802958 ,
         -0.80599553, -0.80846517],
        [ 0.30866777,  0.        ,  0.48948991, ..., -0.935238  ,
         -0.94934583, -0.95065232],
        [-0.19642702, -0.48948991,  0.        , ..., -0.64224688,
         -0.67402409, -0.67710907],
        ...,
        [ 0.7802958 ,  0.935238  ,  0.64224688, ...,  0.        ,
          0.04220422,  0.04638428],
        [ 0.80599553,  0.94934583,  0.67402409, ..., -0.04220422,
          0.        ,  0.00418416],
        [ 0.80846517,  0.95065232,  0.67710907, ..., -0.04638428,
         -0.00418416,  0.        ]],

       [[ 0.        ,  0.3962229 ,  0.59949701, ...,  0.34157688,
          0.49364755,  0.61673973],
        [-0.3962229 ,  0.        ,  0.23330309, ...,  0.68601191,
          0.79782467,  0.87815591],
        [-0.59949701, -0.23330309,  0.        , ...,  0.83682984,
          0.91646395,  0.96552864],
        ...,
        [-0.34157688, -0.68601191, -0.83682984, ...,  0.        ,
         -0.1669001 , -0.3107671 ],
        [-0.49364755, -0.79782467, -0.91646395, ...,  0.1669001 ,
          0.        , -0.14777201],
        [-0.61673973, -0.87815591, -0.96552864, ...,  0.3107671 ,
          0.14777201,  0.        ]],

       [[ 0.        ,  0.21131991,  0.24831966, ...,  0.97997436,
          0.97099562,  0.96277404],
        [-0.21131991,  0.        ,  0.03801087, ...,  0.91576475,
          0.89854157,  0.88391031],
        [-0.24831966, -0.03801087,  0.        , ...,  0.89983342,
          0.88120968,  0.8654955 ],
        ...,
        [-0.97997436, -0.91576475, -0.89983342, ...,  0.        ,
         -0.04096095, -0.0731833 ],
        [-0.97099562, -0.89854157, -0.88120968, ...,  0.04096095,
          0.        , -0.03227076],
        [-0.96277404, -0.88391031, -0.8654955 , ...,  0.0731833 ,
          0.03227076,  0.        ]]]), 'num': array([7.41421357e-01, 6.70993056e-01, 3.52141505e-07, 1.90346759e-03,
       1.97008896e-03, 1.84541183e-03, 5.20747809e-03, 4.94901575e-05,
       1.85093189e-03, 2.16210125e-03, 2.28339973e-03, 2.65817235e-07,
       3.16110587e-03, 1.16309663e-03])}
{'img': array([[[ 0.        ,  0.40335292,  0.21000405, ...,  0.36899181,
          0.36092882,  0.44036652],
        [-0.40335292,  0.        , -0.20219531, ..., -0.03724544,
         -0.04589832,  0.04081741],
        [-0.21000405,  0.20219531,  0.        , ...,  0.16557887,
          0.15703192,  0.24200114],
        ...,
        [-0.36899181,  0.03724544, -0.16557887, ...,  0.        ,
         -0.00866028,  0.07800349],
        [-0.36092882,  0.04589832, -0.15703192, ...,  0.00866028,
          0.        ,  0.08663446],
        [-0.44036652, -0.04081741, -0.24200114, ..., -0.07800349,
         -0.08663446,  0.        ]],

       [[ 0.        ,  0.81591632,  0.23213452, ..., -0.12421519,
         -0.14761583,  0.30973096],
