state_0,state_1,state_2,state_3,state_4,state_5,state_6,state_7,state_8,state_9,state_10,state_11,state_12,state_13,state_14,state_15,state_16,state_17,state_18,state_19,state_20,state_21,state_22,state_23,state_24,state_25,state_26,state_27,state_28,state_29,state_30,state_31,state_32,state_33,state_34,state_35,state_36,state_37,state_38,state_39,state_40,state_41,state_42,state_43,state_44,state_45,state_46,state_47,state_48,state_49,state_50,state_51,state_52,state_53,state_54,state_55,state_56,state_57,state_58,state_59,state_60,state_61,state_62,state_63,state_64,state_65,state_66,state_67,state_68,state_69,state_70,state_71,state_72,state_73,state_74,state_75,state_76,state_77,state_78,state_79,state_80,state_81,state_82,state_83,state_84,state_85,state_86,state_87,state_88,state_89,state_90,state_91,state_92,state_93,state_94,state_95,state_96,state_97,state_98,state_99,state_100,state_101,state_102,state_103,state_104,state_105,state_106,state_107,state_108,state_109,state_110,state_111,state_112,state_113,state_114,state_115,state_116,state_117,state_118,state_119,state_120,state_121,state_122,state_123,state_124,state_125,state_126,state_127,state_128,state_129,state_130,state_131,state_132,state_133,state_134,state_135,state_136,state_137,state_138,state_139,state_140,state_141,state_142,state_143,state_144,state_145,state_146,state_147,state_148,state_149,state_150,state_151,state_152,state_153,state_154,state_155,state_156,state_157,state_158,state_159,state_160,state_161,state_162,state_163,state_164,state_165,state_166,state_167,state_168,state_169,state_170,state_171,state_172,state_173,state_174,state_175,state_176,state_177,state_178,state_179,state_180,state_181,state_182,state_183,state_184,state_185,state_186,state_187,state_188,state_189,state_190,state_191,state_192,state_193,state_194,state_195,state_196,state_197,state_198,state_199,state_200,state_201,state_202,state_203,state_204,state_205,state_206,state_207,state_208,state_209,state_210,state_211,state_212,state_213,state_214,state_215,state_216,state_217,state_218,state_219,state_220,state_221,state_222,state_223,state_224,state_225,state_226,state_227,state_228,state_229,state_230,state_231,state_232,state_233,state_234,state_235,state_236,state_237,state_238,state_239,state_240,state_241,state_242,state_243,state_244,state_245,state_246,state_247,state_248,state_249,state_250,state_251,state_252,state_253,state_254,state_255,state_256,state_257,state_258,state_259,state_260,state_261,state_262,state_263,state_264,state_265,state_266,state_267,state_268,state_269,state_270,state_271,state_272,state_273,state_274,state_275,state_276,state_277,state_278,state_279,state_280,state_281,state_282,state_283,state_284,state_285,state_286,state_287
{'img': array([[[ 0.        ,  0.15028697,  0.435909  , ..., -0.6417069 ,
         -0.74376489, -0.85732776],
        [-0.15028697,  0.        ,  0.29570124, ..., -0.74968125,
         -0.83577554, -0.92495395],
        [-0.435909  , -0.29570124,  0.        , ..., -0.91185066,
         -0.9607611 , -0.99598033],
        ...,
        [ 0.6417069 ,  0.74968125,  0.91185066, ...,  0.        ,
         -0.14148706, -0.32719544],
        [ 0.74376489,  0.83577554,  0.9607611 , ...,  0.14148706,
          0.        , -0.19020475],
        [ 0.85732776,  0.92495395,  0.99598033, ...,  0.32719544,
          0.19020475,  0.        ]],

       [[ 0.        , -0.04372689,  0.16553625, ..., -0.26219394,
         -0.23732783, -0.18399218],
        [ 0.04372689,  0.        ,  0.20850154, ..., -0.21974605,
         -0.19462324, -0.14083583],
        [-0.16553625, -0.20850154,  0.        , ..., -0.41832163,
         -0.3948604 , -0.34416394],
        ...,
        [ 0.26219394,  0.21974605,  0.41832163, ...,  0.        ,
          0.025678  ,  0.08016244],
        [ 0.23732783,  0.19462324,  0.3948604 , ..., -0.025678  ,
          0.        ,  0.05454065],
        [ 0.18399218,  0.14083583,  0.34416394, ..., -0.08016244,
         -0.05454065,  0.        ]],

       [[ 0.        , -0.09916753, -0.07611734, ..., -0.98206415,
         -0.97703695, -0.96321055],
        [ 0.09916753,  0.        ,  0.02313769, ..., -0.95852557,
         -0.95109128, -0.93181159],
        [ 0.07611734, -0.02313769,  0.        , ..., -0.96486335,
         -0.95798412, -0.93995978],
        ...,
        [ 0.98206415,  0.95852557,  0.96486335, ...,  0.        ,
          0.02503087,  0.08231714],
        [ 0.97703695,  0.95109128,  0.95798412, ..., -0.02503087,
          0.        ,  0.05734542],
        [ 0.96321055,  0.93181159,  0.93995978, ..., -0.08231714,
         -0.05734542,  0.        ]],

       ...,

       [[ 0.        ,  0.03031567, -0.0453354 , ...,  0.16005894,
         -0.12412111, -0.2632789 ],
        [-0.03031567,  0.        , -0.07559905, ...,  0.13006055,
         -0.1541453 , -0.29240402],
        [ 0.0453354 ,  0.07559905,  0.        , ...,  0.20464528,
         -0.07900867, -0.21927226],
        ...,
        [-0.16005894, -0.13006055, -0.20464528, ...,  0.        ,
         -0.28134209, -0.41429659],
        [ 0.12412111,  0.1541453 ,  0.07900867, ...,  0.28134209,
          0.        , -0.1415009 ],
        [ 0.2632789 ,  0.29240402,  0.21927226, ...,  0.41429659,
          0.1415009 ,  0.        ]],

       [[ 0.        , -0.04662851, -0.05208962, ..., -0.95628891,
         -0.96074726, -0.95965617],
        [ 0.04662851,  0.        , -0.00546776, ..., -0.96888402,
         -0.97263818, -0.97172318],
        [ 0.05208962,  0.00546776,  0.        , ..., -0.97022289,
         -0.97389394, -0.97299972],
        ...,
        [ 0.95628891,  0.96888402,  0.97022289, ...,  0.        ,
          0.01564655,  0.01174042],
        [ 0.96074726,  0.97263818,  0.97389394, ..., -0.01564655,
          0.        , -0.00390649],
        [ 0.95965617,  0.97172318,  0.97299972, ..., -0.01174042,
          0.00390649,  0.        ]],

       [[ 0.        , -0.01197418, -0.00916251, ..., -0.98550786,
         -0.99191976, -0.99428105],
        [ 0.01197418,  0.        ,  0.00281183, ..., -0.98746838,
         -0.99336777, -0.99548855],
        [ 0.00916251, -0.00281183,  0.        , ..., -0.98702072,
         -0.99304054, -0.99521783],
        ...,
        [ 0.98550786,  0.98746838,  0.98702072, ...,  0.        ,
          0.0432309 ,  0.06341228],
        [ 0.99191976,  0.99336777,  0.99304054, ..., -0.0432309 ,
          0.        ,  0.0202091 ],
        [ 0.99428105,  0.99548855,  0.99521783, ..., -0.06341228,
         -0.0202091 ,  0.        ]]]), 'num': array([ 9.79175921e-01,  2.02319526e-01,  7.19978123e-06,  4.22204562e-03,
        4.28465242e-03,  4.18291638e-03,  1.15133893e-02, -3.13033967e-05,
        4.34882438e-03,  4.29697813e-03,  4.54857918e-03,  2.16212814e-06,
        4.51041409e-03,  4.08354217e-03])}
{'img': array([[[ 0.00000000e+00,  2.95701237e-01,  2.38720092e-01, ...,
         -8.35775537e-01, -9.24953953e-01, -9.48461471e-01],
        [-2.95701237e-01,  0.00000000e+00, -5.91074050e-02, ...,
         -9.60761101e-01, -9.95980332e-01, -9.99752216e-01],
        [-2.38720092e-01,  5.91074050e-02,  0.00000000e+00, ...,
         -9.42686288e-01, -9.88944609e-01, -9.96688550e-01],
        ...,
        [ 8.35775537e-01,  9.60761101e-01,  9.42686288e-01, ...,
          0.00000000e+00, -1.90204752e-01, -2.55921963e-01],
        [ 9.24953953e-01,  9.95980332e-01,  9.88944609e-01, ...,
          1.90204752e-01,  0.00000000e+00, -6.73795177e-02],
        [ 9.48461471e-01,  9.99752216e-01,  9.96688550e-01, ...,
          2.55921963e-01,  6.73795177e-02,  0.00000000e+00]],

       [[ 0.00000000e+00,  2.08501536e-01, -9.47185811e-02, ...,
         -1.94623237e-01, -1.40835826e-01, -1.82433460e-01],
        [-2.08501536e-01,  0.00000000e+00, -3.00200991e-01, ...,
         -3.94860400e-01, -3.44163935e-01, -3.83426450e-01],
        [ 9.47185811e-02,  3.00200991e-01,  0.00000000e+00, ...,
         -1.00840849e-01, -4.64281230e-02, -8.84842228e-02],
        ...,
        [ 1.94623237e-01,  3.94860400e-01,  1.00840849e-01, ...,
          0.00000000e+00,  5.45406462e-02,  1.24121276e-02],
        [ 1.40835826e-01,  3.44163935e-01,  4.64281230e-02, ...,
         -5.45406462e-02,  0.00000000e+00, -4.21427920e-02],
        [ 1.82433460e-01,  3.83426450e-01,  8.84842228e-02, ...,
         -1.24121276e-02,  4.21427920e-02,  0.00000000e+00]],

       [[ 0.00000000e+00,  2.31376880e-02,  1.12154445e-01, ...,
         -9.51091279e-01, -9.31811588e-01, -9.29838912e-01],
        [-2.31376880e-02,  0.00000000e+00,  8.91327122e-02, ...,
         -9.57984123e-01, -9.39959778e-01, -9.38103885e-01],
        [-1.12154445e-01, -8.91327122e-02,  0.00000000e+00, ...,
         -9.79736270e-01, -9.66638190e-01, -9.65241477e-01],
        ...,
        [ 9.51091279e-01,  9.57984123e-01,  9.79736270e-01, ...,
          0.00000000e+00,  5.73454210e-02,  6.27335318e-02],
        [ 9.31811588e-01,  9.39959778e-01,  9.66638190e-01, ...,
         -5.73454210e-02,  0.00000000e+00,  5.39782893e-03],
        [ 9.29838912e-01,  9.38103885e-01,  9.65241477e-01, ...,
         -6.27335318e-02, -5.39782893e-03,  0.00000000e+00]],

       ...,

       [[ 0.00000000e+00, -7.55990550e-02, -1.09332288e-01, ...,
         -1.54145299e-01, -2.92404018e-01,  5.78081211e-02],
        [ 7.55990550e-02,  0.00000000e+00, -3.38735531e-02, ...,
         -7.90086716e-02, -2.19272255e-01,  1.33115323e-01],
        [ 1.09332288e-01,  3.38735531e-02,  0.00000000e+00, ...,
         -4.51956686e-02, -1.86097224e-01,  1.66611029e-01],
        ...,
        [ 1.54145299e-01,  7.90086716e-02,  4.51956686e-02, ...,
          0.00000000e+00, -1.41500901e-01,  2.11004733e-01],
        [ 2.92404018e-01,  2.19272255e-01,  1.86097224e-01, ...,
          1.41500901e-01,  0.00000000e+00,  3.47196644e-01],
        [-5.78081211e-02, -1.33115323e-01, -1.66611029e-01, ...,
         -2.11004733e-01, -3.47196644e-01,  0.00000000e+00]],

       [[ 0.00000000e+00, -5.46776256e-03,  7.71211724e-03, ...,
         -9.72638177e-01, -9.71723179e-01, -9.71468062e-01],
        [ 5.46776256e-03,  0.00000000e+00,  1.31796019e-02, ...,
         -9.73893936e-01, -9.72999718e-01, -9.72750331e-01],
        [-7.71211724e-03, -1.31796019e-02,  0.00000000e+00, ...,
         -9.70817533e-01, -9.69873273e-01, -9.69610085e-01],
        ...,
        [ 9.72638177e-01,  9.73893936e-01,  9.70817533e-01, ...,
          0.00000000e+00, -3.90649211e-03, -4.98453210e-03],
        [ 9.71723179e-01,  9.72999718e-01,  9.69873273e-01, ...,
          3.90649211e-03,  0.00000000e+00, -1.07805048e-03],
        [ 9.71468062e-01,  9.72750331e-01,  9.69610085e-01, ...,
          4.98453210e-03,  1.07805048e-03,  0.00000000e+00]],

       [[ 0.00000000e+00,  2.81182551e-03,  2.59861456e-03, ...,
         -9.93367775e-01, -9.95488552e-01, -9.95860898e-01],
        [-2.81182551e-03,  0.00000000e+00, -2.13211732e-04, ...,
         -9.93040543e-01, -9.95217826e-01, -9.95601393e-01],
        [-2.59861456e-03,  2.13211732e-04,  0.00000000e+00, ...,
         -9.93065631e-01, -9.95238630e-01, -9.95621346e-01],
        ...,
        [ 9.93367775e-01,  9.93040543e-01,  9.93065631e-01, ...,
          0.00000000e+00,  2.02090963e-02,  2.42167258e-02],
        [ 9.95488552e-01,  9.95217826e-01,  9.95238630e-01, ...,
         -2.02090963e-02,  0.00000000e+00,  4.00861052e-03],
        [ 9.95860898e-01,  9.95601393e-01,  9.95621346e-01, ...,
         -2.42167258e-02, -4.00861052e-03,  0.00000000e+00]]]), 'num': array([ 7.15383939e-01,  6.98634825e-01,  1.64691388e-07,  2.09363927e-03,
        2.18216089e-03,  2.09363927e-03,  9.78524175e-03, -1.27635826e-04,
        2.23609732e-03,  2.24999316e-03,  2.38380491e-03,  9.35746522e-07,
        2.38148530e-03,  2.11850101e-03])}
{'img': array([[[ 0.00000000e+00, -5.69075460e-02, -2.68443421e-01, ...,
         -9.79593489e-01, -9.89072094e-01, -7.85162858e-01],
        [ 5.69075460e-02,  0.00000000e+00, -2.13189615e-01, ...,
         -9.66568218e-01, -9.79079224e-01, -8.19132701e-01],
        [ 2.68443421e-01,  2.13189615e-01,  0.00000000e+00, ...,
         -8.89683767e-01, -9.13191319e-01, -9.22587960e-01],
        ...,
        [ 9.79593489e-01,  9.66568218e-01,  8.89683767e-01, ...,
          0.00000000e+00, -5.43685668e-02, -7.64460938e-01],
        [ 9.89072094e-01,  9.79079224e-01,  9.13191319e-01, ...,
          5.43685668e-02,  0.00000000e+00, -7.28280464e-01],
        [ 7.85162858e-01,  8.19132701e-01,  9.22587960e-01, ...,
          7.64460938e-01,  7.28280464e-01,  0.00000000e+00]],

       [[ 0.00000000e+00, -3.00200991e-01, -1.42711473e-01, ...,
         -3.44163935e-01, -3.83426450e-01, -1.02350385e-01],
        [ 3.00200991e-01,  0.00000000e+00,  1.60999189e-01, ...,
         -4.64281230e-02, -8.84842228e-02,  2.00994887e-01],
        [ 1.42711473e-01, -1.60999189e-01,  0.00000000e+00, ...,
         -2.06648020e-01, -2.47697588e-01,  4.06592511e-02],
        ...,
        [ 3.44163935e-01,  4.64281230e-02,  2.06648020e-01, ...,
          0.00000000e+00, -4.21427920e-02,  2.46258772e-01],
        [ 3.83426450e-01,  8.84842228e-02,  2.47697588e-01, ...,
          4.21427920e-02,  0.00000000e+00,  2.86884962e-01],
        [ 1.02350385e-01, -2.00994887e-01, -4.06592511e-02, ...,
         -2.46258772e-01, -2.86884962e-01,  0.00000000e+00]],

       [[ 0.00000000e+00,  8.91327122e-02,  1.72872346e-01, ...,
         -9.39959778e-01, -9.38103885e-01, -9.95376105e-01],
        [-8.91327122e-02,  0.00000000e+00,  8.43935206e-02, ...,
         -9.66638190e-01, -9.65241477e-01, -9.99975839e-01],
        [-1.72872346e-01, -8.43935206e-02,  0.00000000e+00, ...,
         -9.84806747e-01, -9.83855046e-01, -9.96995075e-01],
        ...,
        [ 9.39959778e-01,  9.66638190e-01,  9.84806747e-01, ...,
          0.00000000e+00,  5.39782893e-03, -2.49420085e-01],
        [ 9.38103885e-01,  9.65241477e-01,  9.83855046e-01, ...,
         -5.39782893e-03,  0.00000000e+00, -2.54643684e-01],
        [ 9.95376105e-01,  9.99975839e-01,  9.96995075e-01, ...,
          2.49420085e-01,  2.54643684e-01,  0.00000000e+00]],

       ...,

       [[ 0.00000000e+00, -3.38735531e-02, -6.57528048e-01, ...,
         -2.19272255e-01,  1.33115323e-01, -4.60625427e-01],
        [ 3.38735531e-02,  0.00000000e+00, -6.31629357e-01, ...,
         -1.86097224e-01,  1.66611029e-01, -4.30295103e-01],
        [ 6.57528048e-01,  6.31629357e-01,  0.00000000e+00, ...,
          4.76319946e-01,  7.51969500e-01,  2.36569314e-01],
        ...,
        [ 2.19272255e-01,  1.86097224e-01, -4.76319946e-01, ...,
          0.00000000e+00,  3.47196644e-01, -2.54790639e-01],
        [-1.33115323e-01, -1.66611029e-01, -7.51969500e-01, ...,
         -3.47196644e-01,  0.00000000e+00, -5.74678562e-01],
        [ 4.60625427e-01,  4.30295103e-01, -2.36569314e-01, ...,
          2.54790639e-01,  5.74678562e-01,  0.00000000e+00]],

       [[ 0.00000000e+00,  1.31796019e-02,  9.63734926e-03, ...,
         -9.72999718e-01, -9.72750331e-01, -9.84184820e-01],
        [-1.31796019e-02,  0.00000000e+00, -3.54247764e-03, ...,
         -9.69873273e-01, -9.69610085e-01, -9.81764642e-01],
        [-9.63734926e-03,  3.54247764e-03,  0.00000000e+00, ...,
         -9.70730170e-01, -9.70470688e-01, -9.82431909e-01],
        ...,
        [ 9.72999718e-01,  9.69873273e-01,  9.70730170e-01, ...,
          0.00000000e+00, -1.07805048e-03,  5.47943297e-02],
        [ 9.72750331e-01,  9.69610085e-01,  9.70470688e-01, ...,
          1.07805048e-03,  0.00000000e+00,  5.58707288e-02],
        [ 9.84184820e-01,  9.81764642e-01,  9.82431909e-01, ...,
         -5.47943297e-02, -5.58707288e-02,  0.00000000e+00]],

       [[ 0.00000000e+00, -2.13211732e-04, -9.42277775e-03, ...,
         -9.95217826e-01, -9.95601393e-01, -9.66256658e-01],
        [ 2.13211732e-04,  0.00000000e+00, -9.20957527e-03, ...,
         -9.95238630e-01, -9.95621346e-01, -9.66311555e-01],
        [ 9.42277775e-03,  9.20957527e-03,  0.00000000e+00, ...,
         -9.96094064e-01, -9.96440015e-01, -9.68640891e-01],
        ...,
        [ 9.95217826e-01,  9.95238630e-01,  9.96094064e-01, ...,
          0.00000000e+00,  4.00861052e-03, -1.61964967e-01],
        [ 9.95601393e-01,  9.95621346e-01,  9.96440015e-01, ...,
         -4.00861052e-03,  0.00000000e+00, -1.65919349e-01],
        [ 9.66256658e-01,  9.66311555e-01,  9.68640891e-01, ...,
          1.61964967e-01,  1.65919349e-01,  0.00000000e+00]]]), 'num': array([ 7.12223715e-01,  7.01882405e-01,  1.02490685e-07,  2.06826202e-03,
        2.10925829e-03,  2.04571407e-03,  7.76377186e-03, -1.63985096e-05,
        2.17485233e-03,  2.23040228e-03,  2.36241028e-03,  6.63693259e-07,
        2.38048952e-03,  2.08031504e-03])}
{'img': array([[[ 0.        , -0.21036624,  0.81312468, ..., -0.97142772,
         -0.9433489 , -0.81312468],
        [ 0.21036624,  0.        ,  0.9173811 , ..., -0.89976235,
         -0.99203928, -0.9173811 ],
        [-0.81312468, -0.9173811 ,  0.        , ..., -0.75844135,
         -0.27931679, -0.        ],
        ...,
        [ 0.97142772,  0.89976235,  0.75844135, ...,  0.        ,
         -0.54621234, -0.75844135],
        [ 0.9433489 ,  0.99203928,  0.27931679, ...,  0.54621234,
          0.        , -0.27931679],
        [ 0.81312468,  0.9173811 ,  0.        , ...,  0.75844135,
          0.27931679,  0.        ]],

       [[ 0.        ,  0.16099919,  0.79776523, ..., -0.08848422,
          0.20099489,  0.07247093],
        [-0.16099919,  0.        ,  0.69028063, ..., -0.24769759,
          0.04065925, -0.08905033],
        [-0.79776523, -0.69028063,  0.        , ..., -0.84798923,
         -0.66029115, -0.75196987],
        ...,
        [ 0.08848422,  0.24769759,  0.84798923, ...,  0.        ,
          0.28688496,  0.16043822],
        [-0.20099489, -0.04065925,  0.66029115, ..., -0.28688496,
          0.        , -0.12947441],
        [-0.07247093,  0.08905033,  0.75196987, ..., -0.16043822,
          0.12947441,  0.        ]],

       [[ 0.        ,  0.08439352,  0.38034429, ..., -0.96524148,
         -0.99997584, -0.8757528 ],
        [-0.08439352,  0.        ,  0.30093649, ..., -0.98385505,
         -0.99699507, -0.83188675],
        [-0.38034429, -0.30093649,  0.        , ..., -0.99210539,
         -0.92746652, -0.62632064],
        ...,
        [ 0.96524148,  0.98385505,  0.99210539, ...,  0.        ,
         -0.25464368, -0.69486628],
        [ 0.99997584,  0.99699507,  0.92746652, ...,  0.25464368,
          0.        , -0.48883578],
        [ 0.8757528 ,  0.83188675,  0.62632064, ...,  0.69486628,
          0.48883578,  0.        ]],

       ...,

       [[ 0.        , -0.63162936,  0.15563959, ...,  0.16661103,
         -0.4302951 , -0.94660654],
        [ 0.63162936,  0.        ,  0.74459505, ...,  0.7519695 ,
          0.23656931, -0.5302444 ],
        [-0.15563959, -0.74459505,  0.        , ...,  0.01111652,
         -0.56554552, -0.98524793],
        ...,
        [-0.16661103, -0.7519695 , -0.01111652, ...,  0.        ,
         -0.57467856, -0.98708946],
        [ 0.4302951 , -0.23656931,  0.56554552, ...,  0.57467856,
          0.        , -0.71576728],
        [ 0.94660654,  0.5302444 ,  0.98524793, ...,  0.98708946,
          0.71576728,  0.        ]],

       [[ 0.        , -0.00354248,  0.18231933, ..., -0.96961009,
         -0.98176464, -0.99082607],
        [ 0.00354248,  0.        ,  0.18580129, ..., -0.97047069,
         -0.98243191, -0.99129859],
        [-0.18231933, -0.18580129,  0.        , ..., -0.9087534 ,
         -0.93065066, -0.94957997],
        ...,
        [ 0.96961009,  0.97047069,  0.9087534 , ...,  0.        ,
          0.05587073,  0.11137469],
        [ 0.98176464,  0.98243191,  0.93065066, ..., -0.05587073,
          0.        ,  0.0556776 ],
        [ 0.99082607,  0.99129859,  0.94957997, ..., -0.11137469,
         -0.0556776 ,  0.        ]],

       [[ 0.        , -0.00920958, -0.03742422, ..., -0.99562135,
         -0.96631156, -0.89507137],
        [ 0.00920958,  0.        , -0.02821951, ..., -0.99644002,
         -0.96864089, -0.89914017],
        [ 0.03742422,  0.02821951,  0.        , ..., -0.99842222,
         -0.97526669, -0.91113266],
        ...,
        [ 0.99562135,  0.99644002,  0.99842222, ...,  0.        ,
         -0.16591935, -0.36030089],
        [ 0.96631156,  0.96864089,  0.97526669, ...,  0.16591935,
          0.        , -0.20053131],
        [ 0.89507137,  0.89914017,  0.91113266, ...,  0.36030089,
          0.20053131,  0.        ]]]), 'num': array([7.10208044e-01, 7.03935668e-01, 6.13135457e-08, 2.09079191e-03,
       2.11940490e-03, 2.03969729e-03, 6.42202165e-03, 2.86129880e-05,
       2.13166761e-03, 2.21720000e-03, 2.34510687e-03, 7.41601934e-07,
       2.37769256e-03, 2.05670745e-03])}
{'img': array([[[ 0.        ,  0.9173811 ,  0.0828389 , ..., -0.99203928,
         -0.9173811 , -0.99942505],
        [-0.9173811 ,  0.        , -0.88125731, ..., -0.27931679,
         -0.        , -0.36667713],
        [-0.0828389 ,  0.88125731,  0.        , ..., -0.97819779,
         -0.88125731, -0.99318131],
        ...,
        [ 0.99203928,  0.27931679,  0.97819779, ...,  0.        ,
         -0.27931679,  0.09222112],
        [ 0.9173811 ,  0.        ,  0.88125731, ...,  0.27931679,
          0.        ,  0.36667713],
        [ 0.99942505,  0.36667713,  0.99318131, ..., -0.09222112,
         -0.36667713,  0.        ]],

       [[ 0.        ,  0.69028063,  0.41561976, ...,  0.04065925,
         -0.08905033, -0.20293866],
        [-0.69028063,  0.        , -0.32711854, ..., -0.66029115,
         -0.75196987, -0.82275148],
        [-0.41561976,  0.32711854,  0.        , ..., -0.37829492,
         -0.49496326, -0.59155183],
        ...,
        [-0.04065925,  0.66029115,  0.37829492, ...,  0.        ,
         -0.12947441, -0.24258403],
        [ 0.08905033,  0.75196987,  0.49496326, ...,  0.12947441,
          0.        , -0.11493508],
        [ 0.20293866,  0.82275148,  0.59155183, ...,  0.24258403,
          0.11493508,  0.        ]],

       [[ 0.        ,  0.2914672 ,  0.33362148, ..., -0.99836427,
         -0.97582841, -0.76122094],
        [-0.2914672 ,  0.        ,  0.04436771, ..., -0.97168027,
         -0.86976206, -0.53915502],
        [-0.33362148, -0.04436771,  0.        , ..., -0.96023935,
         -0.84701138, -0.50125733],
        ...,
        [ 0.99836427,  0.97168027,  0.96023935, ...,  0.        ,
         -0.27397201, -0.69095341],
        [ 0.97582841,  0.86976206,  0.84701138, ...,  0.27397201,
          0.        , -0.46646175],
        [ 0.76122094,  0.53915502,  0.50125733, ...,  0.69095341,
          0.46646175,  0.        ]],

       ...,

       [[ 0.        ,  0.74459505,  0.39250321, ...,  0.23656931,
         -0.5302444 , -0.29054874],
        [-0.74459505,  0.        , -0.42283942, ..., -0.56554552,
         -0.98524793, -0.90641943],
        [-0.39250321,  0.42283942,  0.        , ..., -0.16377708,
         -0.82047444, -0.64280309],
        ...,
        [-0.23656931,  0.56554552,  0.16377708, ...,  0.        ,
         -0.71576728, -0.50866517],
        [ 0.5302444 ,  0.98524793,  0.82047444, ...,  0.71576728,
          0.        ,  0.2610295 ],
        [ 0.29054874,  0.90641943,  0.64280309, ...,  0.50866517,
         -0.2610295 ,  0.        ]],

       [[ 0.        ,  0.18580129,  0.13969821, ..., -0.98243191,
         -0.99129859, -0.99417833],
        [-0.18580129,  0.        , -0.04671365, ..., -0.93065066,
         -0.94957997, -0.95684748],
        [-0.13969821,  0.04671365,  0.        , ..., -0.94672763,
         -0.96318923, -0.96937746],
        ...,
        [ 0.98243191,  0.93065066,  0.94672763, ...,  0.        ,
          0.0556776 ,  0.0796807 ],
        [ 0.99129859,  0.94957997,  0.96318923, ..., -0.0556776 ,
          0.        ,  0.02405653],
        [ 0.99417833,  0.95684748,  0.96937746, ..., -0.0796807 ,
         -0.02405653,  0.        ]],

       [[ 0.        , -0.02821951,  0.17052395, ..., -0.96864089,
         -0.89914017, -0.81369064],
        [ 0.02821951,  0.        ,  0.19826223, ..., -0.97526669,
         -0.91113266, -0.82977054],
        [-0.17052395, -0.19826223,  0.        , ..., -0.9120845 ,
         -0.8113393 , -0.70264769],
        ...,
        [ 0.96864089,  0.97526669,  0.9120845 , ...,  0.        ,
         -0.20053131, -0.36089557],
        [ 0.89914017,  0.91113266,  0.8113393 , ...,  0.20053131,
          0.        , -0.16654805],
        [ 0.81369064,  0.82977054,  0.70264769, ...,  0.36089557,
          0.16654805,  0.        ]]]), 'num': array([7.75347152e-01, 6.31452226e-01, 1.35112607e-06, 2.35893323e-03,
       2.37000803e-03, 2.28362456e-03, 7.70925958e-03, 9.30283526e-05,
       2.30045826e-03, 2.39946701e-03, 2.53321372e-03, 9.41929196e-07,
       2.57402559e-03, 2.22490842e-03])}
{'img': array([[[ 0.        , -0.88125731, -0.74535599, ..., -0.        ,
         -0.36667713, -0.69252588],
        [ 0.88125731,  0.        ,  0.23522219, ..., -0.88125731,
         -0.99318131, -0.96304611],
        [ 0.74535599, -0.23522219,  0.        , ..., -0.74535599,
         -0.93789207, -0.99937854],
        ...,
        [ 0.        ,  0.88125731,  0.74535599, ...,  0.        ,
          0.36667713,  0.69252588],
        [ 0.36667713,  0.99318131,  0.93789207, ..., -0.36667713,
          0.        ,  0.37977192],
        [ 0.69252588,  0.96304611,  0.99937854, ..., -0.69252588,
         -0.37977192,  0.        ]],

       [[ 0.        , -0.32711854, -0.3719689 , ..., -0.75196987,
         -0.82275148, -0.784178  ],
        [ 0.32711854,  0.        , -0.0478582 , ..., -0.49496326,
         -0.59155183, -0.53804632],
        [ 0.3719689 ,  0.0478582 ,  0.        , ..., -0.45281145,
         -0.55228751, -0.49708939],
        ...,
        [ 0.75196987,  0.49496326,  0.45281145, ...,  0.        ,
         -0.11493508, -0.05030384],
        [ 0.82275148,  0.59155183,  0.55228751, ...,  0.11493508,
          0.        ,  0.0648191 ],
        [ 0.784178  ,  0.53804632,  0.49708939, ...,  0.05030384,
         -0.0648191 ,  0.        ]],

       [[ 0.        ,  0.04403401,  0.06469873, ..., -0.89308774,
         -0.7186259 , -0.53570962],
        [-0.04403401,  0.        ,  0.02069422, ..., -0.87241135,
         -0.68730774, -0.49800758],
        [-0.06469873, -0.02069422,  0.        , ..., -0.86210975,
         -0.67212897, -0.47995547],
        ...,
        [ 0.89308774,  0.87241135,  0.86210975, ...,  0.        ,
         -0.2977532 , -0.51311893],
        [ 0.7186259 ,  0.68730774,  0.67212897, ...,  0.2977532 ,
          0.        , -0.23427855],
        [ 0.53570962,  0.49800758,  0.47995547, ...,  0.51311893,
          0.23427855,  0.        ]],

       ...,

       [[ 0.        , -0.42283942, -0.15077842, ..., -0.98524793,
         -0.90641943, -0.6941278 ],
        [ 0.42283942,  0.        ,  0.28136924, ..., -0.82047444,
         -0.64280309, -0.32464011],
        [ 0.15077842, -0.28136924,  0.        , ..., -0.948181  ,
         -0.83237126, -0.57765413],
        ...,
        [ 0.98524793,  0.82047444,  0.948181  , ...,  0.        ,
          0.2610295 ,  0.5904443 ],
        [ 0.90641943,  0.64280309,  0.83237126, ..., -0.2610295 ,
          0.        ,  0.35930281],
        [ 0.6941278 ,  0.32464011,  0.57765413, ..., -0.5904443 ,
         -0.35930281,  0.        ]],

       [[ 0.        , -0.04671365, -0.04048683, ..., -0.94957997,
         -0.95684748, -0.95246122],
        [ 0.04671365,  0.        ,  0.00623272, ..., -0.96318923,
         -0.96937746, -0.96565322],
        [ 0.04048683, -0.00623272,  0.        , ..., -0.96149501,
         -0.96782803, -0.96401498],
        ...,
        [ 0.94957997,  0.96318923,  0.96149501, ...,  0.        ,
          0.02405653,  0.00932146],
        [ 0.95684748,  0.96937746,  0.96782803, ..., -0.02405653,
          0.        , -0.01473672],
        [ 0.95246122,  0.96565322,  0.96401498, ..., -0.00932146,
          0.01473672,  0.        ]],

       [[ 0.        ,  0.19826223,  0.43481033, ..., -0.91113266,
         -0.82977054, -0.80279767],
        [-0.19826223,  0.        ,  0.2476394 , ..., -0.8113393 ,
         -0.70264769, -0.66864719],
        [-0.43481033, -0.2476394 ,  0.        , ..., -0.64130399,
         -0.50455699, -0.46368069],
        ...,
        [ 0.91113266,  0.8113393 ,  0.64130399, ...,  0.        ,
         -0.16654805, -0.21242075],
        [ 0.82977054,  0.70264769,  0.50455699, ...,  0.16654805,
          0.        , -0.0467068 ],
        [ 0.80279767,  0.66864719,  0.46368069, ...,  0.21242075,
          0.0467068 ,  0.        ]]]), 'num': array([7.36798664e-01, 6.76055150e-01, 5.68227447e-07, 2.24975978e-03,
       2.30237343e-03, 2.23292341e-03, 5.97482742e-03, 8.41818440e-06,
       2.18157249e-03, 2.27785547e-03, 2.39493838e-03, 9.85230722e-07,
       2.44415071e-03, 2.11156024e-03])}
{'img': array([[[ 0.        ,  0.35276197,  0.42591877, ..., -0.94566678,
         -0.9963145 , -0.99323761],
        [-0.35276197,  0.        ,  0.07937234, ..., -0.77017667,
         -0.96252282, -0.97034086],
        [-0.42591877, -0.07937234,  0.        , ..., -0.71712068,
         -0.93796026, -0.94809193],
        ...,
        [ 0.94566678,  0.77017667,  0.71712068, ...,  0.        ,
          0.40505407,  0.43272998],
        [ 0.9963145 ,  0.96252282,  0.93796026, ..., -0.40505407,
          0.        ,  0.03047608],
        [ 0.99323761,  0.97034086,  0.94809193, ..., -0.43272998,
         -0.03047608,  0.        ]],

       [[ 0.        , -0.0478582 , -0.50380063, ..., -0.59155183,
         -0.53804632, -0.64907628],
        [ 0.0478582 ,  0.        , -0.46188248, ..., -0.55228751,
         -0.49708939, -0.61192568],
        [ 0.50380063,  0.46188248,  0.        , ..., -0.10479647,
         -0.0401139 , -0.17743215],
        ...,
        [ 0.59155183,  0.55228751,  0.10479647, ...,  0.        ,
          0.0648191 , -0.07332148],
        [ 0.53804632,  0.49708939,  0.0401139 , ..., -0.0648191 ,
          0.        , -0.13781192],
        [ 0.64907628,  0.61192568,  0.17743215, ...,  0.07332148,
          0.13781192,  0.        ]],

       [[ 0.        ,  0.02062467,  0.08477219, ..., -0.72029111,
         -0.62750748, -0.49655101],
        [-0.02062467,  0.        ,  0.06420373, ..., -0.70583114,
         -0.61131541, -0.47854302],
        [-0.08477219, -0.06420373,  0.        , ..., -0.65889423,
         -0.55924415, -0.4211807 ],
        ...,
        [ 0.72029111,  0.70583114,  0.65889423, ...,  0.        ,
         -0.12554194, -0.28077463],
        [ 0.62750748,  0.61131541,  0.55924415, ...,  0.12554194,
          0.        , -0.15806137],
        [ 0.49655101,  0.47854302,  0.4211807 , ...,  0.28077463,
          0.15806137,  0.        ]],

       ...,

       [[ 0.        ,  0.28136924,  0.47087817, ..., -0.64280309,
         -0.32464011, -0.0866764 ],
        [-0.28136924,  0.        ,  0.20363104, ..., -0.83237126,
         -0.57765413, -0.36348495],
        [-0.47087817, -0.20363104,  0.        , ..., -0.92778725,
         -0.73177122, -0.5455718 ],
        ...,
        [ 0.64280309,  0.83237126,  0.92778725, ...,  0.        ,
          0.35930281,  0.57398706],
        [ 0.32464011,  0.57765413,  0.73177122, ..., -0.35930281,
          0.        ,  0.24143653],
        [ 0.0866764 ,  0.36348495,  0.5455718 , ..., -0.57398706,
         -0.24143653,  0.        ]],

       [[ 0.        ,  0.00623272,  0.04363609, ..., -0.96937746,
         -0.96565322, -0.96333994],
        [-0.00623272,  0.        ,  0.03740846, ..., -0.96782803,
         -0.96401498, -0.9616491 ],
        [-0.04363609, -0.03740846,  0.        , ..., -0.95773816,
         -0.95339527, -0.9507155 ],
        ...,
        [ 0.96937746,  0.96782803,  0.95773816, ...,  0.        ,
         -0.01473672, -0.02349547],
        [ 0.96565322,  0.96401498,  0.95339527, ...,  0.01473672,
          0.        , -0.00876026],
        [ 0.96333994,  0.9616491 ,  0.9507155 , ...,  0.02349547,
          0.00876026,  0.        ]],

       [[ 0.        ,  0.2476394 ,  0.2929415 , ..., -0.70264769,
         -0.66864719, -0.64337688],
        [-0.2476394 ,  0.        ,  0.04704149, ..., -0.50455699,
         -0.46368069, -0.43375691],
        [-0.2929415 , -0.04704149,  0.        , ..., -0.4633838 ,
         -0.42148849, -0.39089092],
        ...,
        [ 0.70264769,  0.50455699,  0.4633838 , ...,  0.        ,
         -0.0467068 , -0.0801246 ],
        [ 0.66864719,  0.46368069,  0.42148849, ...,  0.0467068 ,
          0.        , -0.03348052],
        [ 0.64337688,  0.43375691,  0.39089092, ...,  0.0801246 ,
          0.03348052,  0.        ]]]), 'num': array([ 7.18290112e-01,  6.95605073e-01,  2.26171883e-07,  2.06227635e-03,
        2.13012791e-03,  2.04788359e-03,  1.24532295e-02, -1.35703130e-04,
        2.12560448e-03,  2.22162472e-03,  2.32946759e-03,  7.46291061e-07,
        2.39524841e-03,  2.04800104e-03])}
{'img': array([[[ 0.        ,  0.0786787 ,  0.45752516, ..., -0.97110639,
         -0.97762126, -0.45752516],
        [-0.0786787 ,  0.        ,  0.38614601, ..., -0.94931956,
         -0.95803881, -0.38614601],
        [-0.45752516, -0.38614601,  0.        , ..., -0.75431759,
         -0.77304677, -0.        ],
        ...,
        [ 0.97110639,  0.94931956,  0.75431759, ...,  0.        ,
          0.02901207, -0.75431759],
        [ 0.97762126,  0.95803881,  0.77304677, ..., -0.02901207,
          0.        , -0.77304677],
        [ 0.45752516,  0.38614601,  0.        , ...,  0.75431759,
          0.77304677,  0.        ]],

       [[ 0.        , -0.46188248, -0.3757277 , ..., -0.49708939,
         -0.61192568, -0.19899034],
        [ 0.46188248,  0.        ,  0.09479205, ..., -0.0401139 ,
         -0.17743215,  0.27615279],
        [ 0.3757277 , -0.09479205,  0.        , ..., -0.13464903,
         -0.26992118,  0.18380335],
        ...,
        [ 0.49708939,  0.0401139 ,  0.13464903, ...,  0.        ,
         -0.13781192,  0.31448454],
        [ 0.61192568,  0.17743215,  0.26992118, ...,  0.13781192,
          0.        ,  0.44230356],
        [ 0.19899034, -0.27615279, -0.18380335, ..., -0.31448454,
         -0.44230356,  0.        ]],

       [[ 0.        ,  0.06390772,  0.47658624, ..., -0.67572537,
         -0.63176755, -0.47658624],
        [-0.06390772,  0.        ,  0.41942896, ..., -0.62723426,
         -0.58093753, -0.41942896],
        [-0.47658624, -0.41942896,  0.        , ..., -0.24273171,
         -0.18597479, -0.        ],
        ...,
        [ 0.67572537,  0.62723426,  0.24273171, ...,  0.        ,
         -0.05808421, -0.24273171],
        [ 0.63176755,  0.58093753,  0.18597479, ...,  0.05808421,
          0.        , -0.18597479],
        [ 0.47658624,  0.41942896,  0.        , ...,  0.24273171,
          0.18597479,  0.        ]],

       ...,

       [[ 0.        ,  0.20363104, -0.06521488, ..., -0.57765413,
         -0.36348495, -0.83200387],
        [-0.20363104,  0.        , -0.26704604, ..., -0.73177122,
         -0.5455718 , -0.92753984],
        [ 0.06521488,  0.26704604,  0.        , ..., -0.52319073,
         -0.301957  , -0.7940535 ],
        ...,
        [ 0.57765413,  0.73177122,  0.52319073, ...,  0.        ,
          0.24143653, -0.35868441],
        [ 0.36348495,  0.5455718 ,  0.301957  , ..., -0.24143653,
          0.        , -0.57344438],
        [ 0.83200387,  0.92753984,  0.7940535 , ...,  0.35868441,
          0.57344438,  0.        ]],

       [[ 0.        ,  0.03740846,  0.09845262, ..., -0.96401498,
         -0.9616491 , -0.97215334],
        [-0.03740846,  0.        ,  0.06115699, ..., -0.95339527,
         -0.9507155 , -0.96270638],
        [-0.09845262, -0.06115699,  0.        , ..., -0.93315813,
         -0.9299733 , -0.94435843],
        ...,
        [ 0.96401498,  0.95339527,  0.93315813, ...,  0.        ,
         -0.00876026,  0.03253223],
        [ 0.9616491 ,  0.9507155 ,  0.9299733 , ...,  0.00876026,
          0.        ,  0.04128661],
        [ 0.97215334,  0.96270638,  0.94435843, ..., -0.03253223,
         -0.04128661,  0.        ]],

       [[ 0.        ,  0.04677158,  0.1733587 , ..., -0.52080804,
         -0.49767745, -0.1733587 ],
        [-0.04677158,  0.        ,  0.12710559, ..., -0.4803104 ,
         -0.4565649 , -0.12710559],
        [-0.1733587 , -0.12710559,  0.        , ..., -0.36493057,
         -0.33977721, -0.        ],
        ...,
        [ 0.52080804,  0.4803104 ,  0.36493057, ...,  0.        ,
         -0.02687498, -0.36493057],
        [ 0.49767745,  0.4565649 ,  0.33977721, ...,  0.02687498,
          0.        , -0.33977721],
        [ 0.1733587 ,  0.12710559,  0.        , ...,  0.36493057,
          0.33977721,  0.        ]]]), 'num': array([7.72063564e-01, 6.35459320e-01, 1.31857379e-06, 2.27673740e-03,
       2.31849224e-03, 2.23058732e-03, 8.09019737e-03, 7.25215582e-05,
       2.28376980e-03, 2.37244388e-03, 2.47851582e-03, 9.32953150e-07,
       2.56140100e-03, 2.18348677e-03])}
{'img': array([[[ 0.        ,  0.38614601, -0.47443852, ..., -0.95803881,
         -0.38614601, -0.84723283],
        [-0.38614601,  0.        , -0.77755991, ..., -0.77304677,
         -0.        , -0.57639033],
        [ 0.47443852,  0.77755991,  0.        , ..., -0.97934304,
         -0.77755991, -0.99784149],
        ...,
        [ 0.95803881,  0.77304677,  0.97934304, ...,  0.        ,
         -0.77304677, -0.26608147],
        [ 0.38614601,  0.        ,  0.77755991, ...,  0.77304677,
          0.        ,  0.57639033],
        [ 0.84723283,  0.57639033,  0.99784149, ...,  0.26608147,
         -0.57639033,  0.        ]],

       [[ 0.        ,  0.09479205,  0.60304808, ..., -0.17743215,
          0.27615279, -0.00651099],
        [-0.09479205,  0.        ,  0.52471653, ..., -0.26992118,
          0.18380335, -0.10127172],
        [-0.60304808, -0.52471653,  0.        , ..., -0.73501802,
         -0.35930938, -0.60822915],
        ...,
        [ 0.17743215,  0.26992118,  0.73501802, ...,  0.        ,
          0.44230356,  0.1710207 ],
        [-0.27615279, -0.18380335,  0.35930938, ..., -0.44230356,
          0.        , -0.28240474],
        [ 0.00651099,  0.10127172,  0.60822915, ..., -0.1710207 ,
          0.28240474,  0.        ]],

       [[ 0.        ,  0.41942896, -0.1065236 , ..., -0.58093753,
         -0.41942896, -0.63881086],
        [-0.41942896,  0.        , -0.51374334, ..., -0.18597479,
         -0.        , -0.25721148],
        [ 0.1065236 ,  0.51374334,  0.        , ..., -0.66433678,
         -0.51374334, -0.71713154],
        ...,
        [ 0.58093753,  0.18597479,  0.66433678, ...,  0.        ,
         -0.18597479,  0.07300661],
        [ 0.41942896,  0.        ,  0.51374334, ...,  0.18597479,
          0.        ,  0.25721148],
        [ 0.63881086,  0.25721148,  0.71713154, ..., -0.07300661,
         -0.25721148,  0.        ]],

       ...,

       [[ 0.        , -0.26704604, -0.60151437, ..., -0.5455718 ,
         -0.92753984, -0.73458913],
        [ 0.26704604,  0.        , -0.36633671, ..., -0.301957  ,
         -0.7940535 , -0.52671763],
        [ 0.60151437,  0.36633671,  0.        , ...,  0.06827102,
         -0.51617578, -0.17870049],
        ...,
        [ 0.5455718 ,  0.301957  , -0.06827102, ...,  0.        ,
         -0.57344438, -0.24545564],
        [ 0.92753984,  0.7940535 ,  0.51617578, ...,  0.57344438,
          0.        ,  0.35481329],
        [ 0.73458913,  0.52671763,  0.17870049, ...,  0.24545564,
         -0.35481329,  0.        ]],

       [[ 0.        ,  0.06115699,  0.0071451 , ..., -0.9507155 ,
         -0.96270638, -0.96447031],
        [-0.06115699,  0.        , -0.0540237 , ..., -0.9299733 ,
         -0.94435843, -0.94650783],
        [-0.0071451 ,  0.0540237 ,  0.        , ..., -0.94847579,
         -0.96074871, -0.96255801],
        ...,
        [ 0.9507155 ,  0.9299733 ,  0.94847579, ...,  0.        ,
          0.04128661,  0.04787732],
        [ 0.96270638,  0.94435843,  0.96074871, ..., -0.04128661,
          0.        ,  0.00659724],
