state_0,state_1,state_2,state_3,state_4,state_5,state_6,state_7,state_8,state_9,state_10,state_11,state_12,state_13,state_14,state_15,state_16,state_17,state_18,state_19,state_20,state_21,state_22,state_23,state_24,state_25,state_26,state_27,state_28,state_29,state_30,state_31,state_32,state_33,state_34,state_35,state_36,state_37,state_38,state_39,state_40,state_41,state_42,state_43,state_44,state_45,state_46,state_47,state_48,state_49,state_50,state_51,state_52,state_53,state_54,state_55,state_56,state_57,state_58,state_59,state_60,state_61,state_62,state_63,state_64,state_65,state_66,state_67,state_68,state_69,state_70,state_71,state_72,state_73,state_74,state_75,state_76,state_77,state_78,state_79,state_80,state_81,state_82,state_83,state_84,state_85,state_86,state_87,state_88,state_89,state_90,state_91,state_92,state_93,state_94,state_95,state_96,state_97,state_98,state_99,state_100,state_101,state_102,state_103,state_104,state_105,state_106,state_107,state_108,state_109,state_110,state_111,state_112,state_113,state_114,state_115,state_116,state_117,state_118,state_119,state_120,state_121,state_122,state_123,state_124,state_125,state_126,state_127,state_128,state_129,state_130,state_131,state_132,state_133,state_134,state_135,state_136,state_137,state_138,state_139,state_140,state_141,state_142,state_143,state_144,state_145,state_146,state_147,state_148,state_149,state_150,state_151,state_152,state_153,state_154,state_155,state_156,state_157,state_158,state_159,state_160,state_161,state_162,state_163,state_164,state_165,state_166,state_167,state_168,state_169,state_170,state_171,state_172,state_173,state_174,state_175,state_176,state_177,state_178,state_179,state_180,state_181,state_182,state_183,state_184,state_185,state_186,state_187,state_188,state_189,state_190,state_191,state_192,state_193,state_194,state_195,state_196,state_197,state_198,state_199,state_200,state_201,state_202,state_203,state_204,state_205,state_206,state_207,state_208,state_209,state_210,state_211,state_212,state_213,state_214,state_215,state_216,state_217,state_218,state_219,state_220,state_221,state_222,state_223,state_224,state_225,state_226,state_227,state_228,state_229,state_230,state_231,state_232,state_233,state_234,state_235,state_236,state_237,state_238,state_239,state_240,state_241,state_242,state_243,state_244,state_245,state_246,state_247,state_248,state_249,state_250,state_251,state_252,state_253,state_254,state_255,state_256,state_257,state_258,state_259,state_260,state_261,state_262,state_263,state_264,state_265,state_266,state_267,state_268,state_269,state_270,state_271,state_272,state_273,state_274,state_275,state_276,state_277,state_278,state_279,state_280,state_281,state_282,state_283,state_284,state_285,state_286,state_287
{'img': array([[[ 0.        ,  0.0910589 ,  0.0910589 , ...,  0.9734759 ,
          0.95596604,  0.99377369],
        [-0.0910589 ,  0.        ,  0.        , ...,  0.99026493,
          0.92527076,  0.97949951],
        [-0.0910589 ,  0.        ,  0.        , ...,  0.99026493,
          0.92527076,  0.97949951],
        ...,
        [-0.9734759 , -0.99026493, -0.99026493, ...,  0.        ,
         -0.50440817, -0.33582731],
        [-0.95596604, -0.92527076, -0.92527076, ...,  0.50440817,
          0.        ,  0.1851387 ],
        [-0.99377369, -0.97949951, -0.97949951, ...,  0.33582731,
         -0.1851387 ,  0.        ]],

       [[ 0.        , -0.0218922 , -0.10800072, ...,  0.5676528 ,
          0.4248087 ,  0.30953681],
        [ 0.0218922 ,  0.        , -0.08621069, ...,  0.5855399 ,
          0.44452552,  0.33027964],
        [ 0.10800072,  0.08621069,  0.        , ...,  0.65324604,
          0.52009515,  0.41042281],
        ...,
        [-0.5676528 , -0.5855399 , -0.65324604, ...,  0.        ,
         -0.16415507, -0.28494216],
        [-0.4248087 , -0.44452552, -0.52009515, ...,  0.16415507,
          0.        , -0.12372681],
        [-0.30953681, -0.33027964, -0.41042281, ...,  0.28494216,
          0.12372681,  0.        ]],

       [[ 0.        ,  0.03957768,  0.14382023, ...,  0.44804857,
          0.64443574,  0.7350577 ],
        [-0.03957768,  0.        ,  0.10454133, ...,  0.48308033,
          0.67419423,  0.76131563],
        [-0.14382023, -0.10454133,  0.        , ...,  0.57196719,
          0.74770944,  0.82492669],
        ...,
        [-0.44804857, -0.48308033, -0.57196719, ...,  0.        ,
         -0.23352736, -0.35336939],
        [-0.64443574, -0.67419423, -0.74770944, ...,  0.23352736,
          0.        , -0.12513773],
        [-0.7350577 , -0.76131563, -0.82492669, ...,  0.35336939,
          0.12513773,  0.        ]],

       ...,

       [[ 0.        ,  0.70686405,  0.88340416, ...,  0.9113046 ,
          0.9999659 ,  0.99894845],
        [-0.70686405,  0.        ,  0.29363054, ...,  0.93564992,
          0.71316281,  0.67419769],
        [-0.88340416, -0.29363054,  0.        , ...,  0.79077466,
          0.47589132,  0.42761727],
        ...,
        [-0.9113046 , -0.93564992, -0.79077466, ...,  0.        ,
         -0.40419295, -0.45308088],
        [-0.9999659 , -0.71316281, -0.47589132, ...,  0.40419295,
          0.        , -0.05409553],
        [-0.99894845, -0.67419769, -0.42761727, ...,  0.45308088,
          0.05409553,  0.        ]],

       [[ 0.        , -0.02645629, -0.06184054, ...,  0.95122272,
          0.96184778,  0.894696  ],
        [ 0.02645629,  0.        , -0.03541324, ...,  0.94272787,
          0.95427305,  0.88256545],
        [ 0.06184054,  0.03541324,  0.        , ...,  0.93032401,
          0.94308819,  0.86536093],
        ...,
        [-0.95122272, -0.94272787, -0.93032401, ...,  0.        ,
         -0.0364944 ,  0.14886977],
        [-0.96184778, -0.95427305, -0.94308819, ...,  0.0364944 ,
          0.        ,  0.18485834],
        [-0.894696  , -0.88256545, -0.86536093, ..., -0.14886977,
         -0.18485834,  0.        ]],

       [[ 0.        , -0.03423891, -0.05796913, ...,  0.84329641,
          0.95705362,  0.97732727],
        [ 0.03423891,  0.        , -0.02375381, ...,  0.86120362,
          0.96641871,  0.96950469],
        [ 0.05796913,  0.02375381,  0.        , ...,  0.87303373,
          0.9722501 ,  0.96340972],
        ...,
        [-0.84329641, -0.86120362, -0.87303373, ...,  0.        ,
          0.2698864 ,  0.70381809],
        [-0.95705362, -0.96641871, -0.9722501 , ..., -0.2698864 ,
          0.        ,  0.48597895],
        [-0.97732727, -0.96950469, -0.96340972, ..., -0.70381809,
         -0.48597895,  0.        ]]]), 'num': array([ 9.88708059e-01,  1.49852860e-01,  2.55748536e-05,  1.88379789e-04,
        1.94123075e-04,  1.85508146e-04,  4.53782789e-04, -5.74328624e-06,
        1.94812269e-04,  1.91150924e-04,  1.80937447e-04,  2.46140839e-07,
        2.01682105e-04,  1.80619743e-04])}
{'img': array([[[ 0.        ,  0.        ,  0.08237032, ...,  0.92527076,
          0.97949951,  0.82413505],
        [ 0.        ,  0.        ,  0.08237032, ...,  0.92527076,
          0.97949951,  0.82413505],
        [-0.08237032, -0.08237032,  0.        , ...,  0.89088284,
          0.95957775,  0.77468047],
        ...,
        [-0.92527076, -0.92527076, -0.89088284, ...,  0.        ,
          0.1851387 , -0.21146678],
        [-0.97949951, -0.97949951, -0.95957775, ..., -0.1851387 ,
          0.        , -0.38876285],
        [-0.82413505, -0.82413505, -0.77468047, ...,  0.21146678,
          0.38876285,  0.        ]],

       [[ 0.        , -0.08621069, -0.08195471, ...,  0.44452552,
          0.33027964,  0.43020427],
        [ 0.08621069,  0.        ,  0.0042711 , ...,  0.52009515,
          0.41042281,  0.5064277 ],
        [ 0.08195471, -0.0042711 ,  0.        , ...,  0.51644242,
          0.40652427,  0.50274019],
        ...,
        [-0.44452552, -0.52009515, -0.51644242, ...,  0.        ,
         -0.12372681, -0.01592479],
        [-0.33027964, -0.41042281, -0.40652427, ...,  0.12372681,
          0.        ,  0.10790869],
        [-0.43020427, -0.5064277 , -0.50274019, ...,  0.01592479,
         -0.10790869,  0.        ]],

       [[ 0.        ,  0.10454133,  0.18019724, ...,  0.67419423,
          0.76131563,  0.90057151],
        [-0.10454133,  0.        ,  0.07637982, ...,  0.74770944,
          0.82492669,  0.9410818 ],
        [-0.18019724, -0.07637982,  0.        , ...,  0.79624342,
          0.86568982,  0.96416276],
        ...,
        [-0.67419423, -0.74770944, -0.79624342, ...,  0.        ,
         -0.12513773, -0.3720432 ],
        [-0.76131563, -0.82492669, -0.86568982, ...,  0.12513773,
          0.        , -0.25296395],
        [-0.90057151, -0.9410818 , -0.96416276, ...,  0.3720432 ,
          0.25296395,  0.        ]],

       ...,

       [[ 0.        ,  0.35485933,  0.42073426, ...,  0.78838125,
          0.75138384,  0.55566897],
        [-0.35485933,  0.        ,  0.07143007, ...,  0.51876833,
          0.46832417,  0.22447454],
        [-0.42073426, -0.07143007,  0.        , ...,  0.45637657,
          0.40401537,  0.15429397],
        ...,
        [-0.78838125, -0.51876833, -0.45637657, ...,  0.        ,
         -0.05798395, -0.31362272],
        [-0.75138384, -0.46832417, -0.40401537, ...,  0.05798395,
          0.        , -0.25803653],
        [-0.55566897, -0.22447454, -0.15429397, ...,  0.31362272,
          0.25803653,  0.        ]],

       [[ 0.        , -0.03541324, -0.08158623, ...,  0.95427305,
          0.88256545,  0.96797846],
        [ 0.03541324,  0.        , -0.04623987, ...,  0.94308819,
          0.86536093,  0.9584814 ],
        [ 0.08158623,  0.04623987,  0.        , ...,  0.92670269,
          0.84126224,  0.94427065],
        ...,
        [-0.95427305, -0.94308819, -0.92670269, ...,  0.        ,
          0.18485834, -0.04980968],
        [-0.88256545, -0.86536093, -0.84126224, ..., -0.18485834,
          0.        , -0.2335801 ],
        [-0.96797846, -0.9584814 , -0.94427065, ...,  0.04980968,
          0.2335801 ,  0.        ]],

       [[ 0.        , -0.02242696, -0.01956687, ...,  0.90759434,
          0.9721702 ,  0.95432959],
        [ 0.02242696,  0.        ,  0.00286071, ...,  0.91678199,
          0.97717977,  0.94738938],
        [ 0.01956687, -0.00286071,  0.        , ...,  0.9156357 ,
          0.97656812,  0.94830117],
        ...,
        [-0.90759434, -0.91678199, -0.9156357 , ...,  0.        ,
          0.19553659,  0.67182263],
        [-0.9721702 , -0.97717977, -0.97656812, ..., -0.19553659,
          0.        ,  0.51401773],
        [-0.95432959, -0.94738938, -0.94830117, ..., -0.67182263,
         -0.51401773,  0.        ]]]), 'num': array([ 7.05430734e-01,  7.05430734e-01,  0.00000000e+00,  1.14168395e-02,
        1.21779621e-02,  1.11383800e-02,  5.98851288e-02, -7.61122634e-04,
        1.22670692e-02,  1.23422533e-02,  1.16983930e-02,  1.49222316e-05,
        1.30883561e-02,  1.15961504e-02])}
{'img': array([[[ 0.        ,  0.08237032, -0.02925216, ...,  0.97949951,
          0.82413505,  0.13350167],
        [-0.08237032,  0.        , -0.11148782, ...,  0.95957775,
          0.77468047,  0.05141502],
        [ 0.02925216,  0.11148782,  0.        , ...,  0.98497309,
          0.8403506 ,  0.16243485],
        ...,
        [-0.97949951, -0.95957775, -0.98497309, ...,  0.        ,
         -0.38876285, -0.94383816],
        [-0.82413505, -0.77468047, -0.8403506 , ...,  0.38876285,
          0.        , -0.74114342],
        [-0.13350167, -0.05141502, -0.16243485, ...,  0.94383816,
          0.74114342,  0.        ]],

       [[ 0.        ,  0.0042711 ,  0.06940337, ...,  0.41042281,
          0.5064277 ,  0.74885938],
        [-0.0042711 ,  0.        ,  0.06514193, ...,  0.40652427,
          0.50274019,  0.74602197],
        [-0.06940337, -0.06514193,  0.        , ...,  0.34614454,
          0.44536124,  0.70105802],
        ...,
        [-0.41042281, -0.40652427, -0.34614454, ...,  0.        ,
          0.10790869,  0.41088231],
        [-0.5064277 , -0.50274019, -0.44536124, ..., -0.10790869,
          0.        ,  0.31010399],
        [-0.74885938, -0.74602197, -0.70105802, ..., -0.41088231,
         -0.31010399,  0.        ]],

       [[ 0.        ,  0.07637982,  0.09076363, ...,  0.82492669,
          0.9410818 ,  0.98269695],
        [-0.07637982,  0.        ,  0.01443393, ...,  0.86568982,
          0.96416276,  0.96567917],
        [-0.09076363, -0.01443393,  0.        , ...,  0.87282498,
          0.96789181,  0.96182953],
        ...,
        [-0.82492669, -0.86568982, -0.87282498, ...,  0.        ,
         -0.25296395, -0.70825284],
        [-0.9410818 , -0.96416276, -0.96789181, ...,  0.25296395,
          0.        , -0.50663528],
        [-0.98269695, -0.96567917, -0.96182953, ...,  0.70825284,
          0.50663528,  0.        ]],

       ...,

       [[ 0.        ,  0.07143007, -0.05910269, ...,  0.46832417,
          0.22447454,  0.10290521],
        [-0.07143007,  0.        , -0.13025693, ...,  0.40401537,
          0.15429397,  0.03159149],
        [ 0.05910269,  0.13025693,  0.        , ...,  0.51972608,
          0.28167653,  0.16151424],
        ...,
        [-0.46832417, -0.40401537, -0.51972608, ...,  0.        ,
         -0.25803653, -0.37491533],
        [-0.22447454, -0.15429397, -0.28167653, ...,  0.25803653,
          0.        , -0.12300378],
        [-0.10290521, -0.03159149, -0.16151424, ...,  0.37491533,
          0.12300378,  0.        ]],

       [[ 0.        , -0.04574495, -0.07376982, ...,  0.96149385,
          0.98260203,  0.86060477],
        [ 0.04574495,  0.        , -0.02807229, ...,  0.94791539,
          0.97307748,  0.83640716],
        [ 0.07376982,  0.02807229,  0.        , ...,  0.93860017,
          0.96622394,  0.82069087],
        ...,
        [-0.96149385, -0.94791539, -0.93860017, ...,  0.        ,
         -0.09147296,  0.25314632],
        [-0.98260203, -0.97307748, -0.96622394, ...,  0.09147296,
          0.        ,  0.34057852],
        [-0.86060477, -0.83640716, -0.82069087, ..., -0.25314632,
         -0.34057852,  0.        ]],

       [[ 0.        ,  0.00286071, -0.02090034, ...,  0.97717977,
          0.94738938,  0.96071401],
        [-0.00286071,  0.        , -0.02376034, ...,  0.97656812,
          0.94830117,  0.95991611],
        [ 0.02090034,  0.02376034,  0.        , ...,  0.98140584,
          0.94049259,  0.96630484],
        ...,
        [-0.97717977, -0.97656812, -0.98140584, ...,  0.        ,
          0.51401773, -0.06713765],
        [-0.94738938, -0.94830117, -0.94049259, ..., -0.51401773,
          0.        , -0.57044727],
        [-0.96071401, -0.95991611, -0.96630484, ...,  0.06713765,
          0.57044727,  0.        ]]]), 'num': array([ 7.06487342e-01,  7.06487342e-01,  0.00000000e+00,  1.14153481e-02,
        1.15826741e-02,  1.12294304e-02,  2.49605696e-02, -1.85917722e-05,
        1.20028481e-02,  1.23133307e-02,  1.17171545e-02,  1.42172375e-05,
        1.31666181e-02,  1.14600433e-02])}
{'img': array([[[ 0.        , -0.11148782, -0.08237032, ...,  0.77468047,
          0.05141502,  0.02602213],
        [ 0.11148782,  0.        ,  0.02925216, ...,  0.8403506 ,
          0.16243485,  0.13730998],
        [ 0.08237032, -0.02925216,  0.        , ...,  0.82413505,
          0.13350167,  0.10827613],
        ...,
        [-0.77468047, -0.8403506 , -0.82413505, ...,  0.        ,
         -0.74114342, -0.75796296],
        [-0.05141502, -0.16243485, -0.13350167, ...,  0.74114342,
          0.        , -0.02540989],
        [-0.02602213, -0.13730998, -0.10827613, ...,  0.75796296,
          0.02540989,  0.        ]],

       [[ 0.        ,  0.06514193,  0.06873833, ...,  0.50274019,
          0.74602197,  0.45266727],
        [-0.06514193,  0.        ,  0.00360448, ...,  0.44536124,
          0.70105802,  0.39362008],
        [-0.06873833, -0.00360448,  0.        , ...,  0.44213108,
          0.6984831 ,  0.39030402],
        ...,
        [-0.50274019, -0.44536124, -0.44213108, ...,  0.        ,
          0.31010399, -0.05698054],
        [-0.74602197, -0.70105802, -0.6984831 , ..., -0.31010399,
          0.        , -0.36377171],
        [-0.45266727, -0.39362008, -0.39030402, ...,  0.05698054,
          0.36377171,  0.        ]],

       [[ 0.        ,  0.01443393,  0.03562687, ...,  0.96416276,
          0.96567917,  0.81072163],
        [-0.01443393,  0.        ,  0.02119839, ...,  0.96789181,
          0.96182953,  0.80218709],
        [-0.03562687, -0.02119839,  0.        , ...,  0.97300289,
          0.95581248,  0.78934985],
        ...,
        [-0.96416276, -0.96789181, -0.97300289, ...,  0.        ,
         -0.50663528, -0.77954531],
        [-0.96567917, -0.96182953, -0.95581248, ...,  0.50663528,
          0.        , -0.35476426],
        [-0.81072163, -0.80218709, -0.78934985, ...,  0.77954531,
          0.35476426,  0.        ]],

       ...,

       [[ 0.        , -0.13025693, -0.13025693, ...,  0.15429397,
          0.03159149, -0.06434308],
        [ 0.13025693,  0.        ,  0.        , ...,  0.28167653,
          0.16151424,  0.06619212],
        [ 0.13025693,  0.        ,  0.        , ...,  0.28167653,
          0.16151424,  0.06619212],
        ...,
        [-0.15429397, -0.28167653, -0.28167653, ...,  0.        ,
         -0.12300378, -0.21754682],
        [-0.03159149, -0.16151424, -0.16151424, ...,  0.12300378,
          0.        , -0.09583698],
        [ 0.06434308, -0.06619212, -0.06619212, ...,  0.21754682,
          0.09583698,  0.        ]],

       [[ 0.        , -0.02746801, -0.06411318, ...,  0.99565286,
          0.97366773,  0.82627749],
        [ 0.02746801,  0.        , -0.03667749, ...,  0.99271876,
          0.96703842,  0.81049399],
        [ 0.06411318,  0.03667749,  0.        , ...,  0.98763282,
          0.95704854,  0.78846493],
        ...,
        [-0.99565286, -0.99271876, -0.98763282, ...,  0.        ,
          0.13629167,  0.48385376],
        [-0.97366773, -0.96703842, -0.95704854, ..., -0.13629167,
          0.        ,  0.3600633 ],
        [-0.82627749, -0.81049399, -0.78846493, ..., -0.48385376,
         -0.3600633 ,  0.        ]],

       [[ 0.        , -0.02376034, -0.03346126, ...,  0.94830117,
          0.95991611,  0.73341718],
        [ 0.02376034,  0.        , -0.00970478, ...,  0.94049259,
          0.96630484,  0.7493619 ],
        [ 0.03346126,  0.00970478,  0.        , ...,  0.93715047,
          0.96875735,  0.75575274],
        ...,
        [-0.94830117, -0.94049259, -0.93715047, ...,  0.        ,
         -0.57044727, -0.87740101],
        [-0.95991611, -0.96630484, -0.96875735, ...,  0.57044727,
          0.        , -0.44696301],
        [-0.73341718, -0.7493619 , -0.75575274, ...,  0.87740101,
          0.44696301,  0.        ]]]), 'num': array([ 7.06477418e-01,  7.06477418e-01,  0.00000000e+00,  1.10433575e-02,
        1.15081453e-02,  1.10061745e-02,  2.60002281e-02, -3.71830220e-04,
        1.17312434e-02,  1.22583128e-02,  1.17111026e-02,  1.30643050e-05,
        1.32744558e-02,  1.12421698e-02])}
{'img': array([[[ 0.        ,  0.02626819, -0.05484569, ...,  0.14817499,
          0.12491641, -0.68899021],
        [-0.02626819,  0.        , -0.08105542, ...,  0.12214563,
          0.09881087, -0.70779088],
        [ 0.05484569,  0.08105542,  0.        , ...,  0.20219221,
          0.17914449, -0.64820263],
        ...,
        [-0.14817499, -0.12214563, -0.20219221, ...,  0.        ,
         -0.02347689, -0.78877744],
        [-0.12491641, -0.09881087, -0.17914449, ...,  0.02347689,
          0.        , -0.77412929],
        [ 0.68899021,  0.70779088,  0.64820263, ...,  0.78877744,
          0.77412929,  0.        ]],

       [[ 0.        ,  0.00360448,  0.04889111, ...,  0.70105802,
          0.39362008,  0.40632672],
        [-0.00360448,  0.        ,  0.04529063, ...,  0.6984831 ,
          0.39030402,  0.40303057],
        [-0.04889111, -0.04529063,  0.        , ...,  0.66535517,
          0.34820506,  0.36116763],
        ...,
        [-0.70105802, -0.6984831 , -0.66535517, ...,  0.        ,
         -0.36377171, -0.35082293],
        [-0.39362008, -0.39030402, -0.34820506, ...,  0.36377171,
          0.        ,  0.01386364],
        [-0.40632672, -0.40303057, -0.36116763, ...,  0.35082293,
         -0.01386364,  0.        ]],

       [[ 0.        ,  0.02119839,  0.        , ...,  0.96182953,
          0.80218709,  0.55707356],
        [-0.02119839,  0.        , -0.02119839, ...,  0.95581248,
          0.78934985,  0.53934389],
        [ 0.        ,  0.02119839,  0.        , ...,  0.96182953,
          0.80218709,  0.55707356],
        ...,
        [-0.96182953, -0.95581248, -0.96182953, ...,  0.        ,
         -0.35476426, -0.6463212 ],
        [-0.80218709, -0.78934985, -0.80218709, ...,  0.35476426,
          0.        , -0.33357338],
        [-0.55707356, -0.53934389, -0.55707356, ...,  0.6463212 ,
          0.33357338,  0.        ]],

       ...,

       [[ 0.        ,  0.        , -0.08457379, ...,  0.16151424,
          0.06619212, -0.10069733],
        [ 0.        ,  0.        , -0.08457379, ...,  0.16151424,
          0.06619212, -0.10069733],
        [ 0.08457379,  0.08457379,  0.        , ...,  0.24439895,
          0.15034328, -0.01619264],
        ...,
        [-0.16151424, -0.16151424, -0.24439895, ...,  0.        ,
         -0.09583698, -0.2600685 ],
        [-0.06619212, -0.06619212, -0.15034328, ...,  0.09583698,
          0.        , -0.16633217],
        [ 0.10069733,  0.10069733,  0.01619264, ...,  0.2600685 ,
          0.16633217,  0.        ]],

       [[ 0.        , -0.03533969, -0.1314007 , ...,  0.9988796 ,
          0.9858037 ,  0.79252227],
        [ 0.03533969,  0.        , -0.09628535, ...,  0.99658324,
          0.97925433,  0.77047557],
        [ 0.1314007 ,  0.09628535,  0.        , ...,  0.98400025,
          0.9551937 ,  0.70551679],
        ...,
        [-0.9988796 , -0.99658324, -0.98400025, ...,  0.        ,
          0.12106171,  0.57165443],
        [-0.9858037 , -0.97925433, -0.9551937 , ..., -0.12106171,
          0.        ,  0.46811943],
        [-0.79252227, -0.77047557, -0.70551679, ..., -0.57165443,
         -0.46811943,  0.        ]],

       [[ 0.        , -0.00970478,  0.02788743, ...,  0.96630484,
          0.7493619 ,  0.3353048 ],
        [ 0.00970478,  0.        ,  0.03758712, ...,  0.96875735,
          0.75575274,  0.34443198],
        [-0.02788743, -0.03758712,  0.        , ...,  0.95875078,
          0.7306045 ,  0.30890138],
        ...,
        [-0.96630484, -0.96875735, -0.95875078, ...,  0.        ,
         -0.44696301, -0.82405758],
        [-0.7493619 , -0.75575274, -0.7306045 , ...,  0.44696301,
          0.        , -0.48395547],
        [-0.3353048 , -0.34443198, -0.30890138, ...,  0.82405758,
          0.48395547,  0.        ]]]), 'num': array([ 7.66456258e-01,  6.40222896e-01,  4.47636037e-06,  1.14757602e-02,
        1.22692968e-02,  1.14757602e-02,  3.73149400e-02, -6.10412777e-04,
        1.23832405e-02,  1.33120853e-02,  1.28017124e-02,  1.31163076e-05,
        1.47059354e-02,  1.19182352e-02])}
{'img': array([[[ 0.        , -0.04625156,  0.17774694, ...,  0.06049797,
         -0.25665994, -0.94109959],
        [ 0.04625156,  0.        ,  0.22307178, ...,  0.10660007,
         -0.21168305, -0.92445343],
        [-0.17774694, -0.22307178,  0.        , ..., -0.11788675,
         -0.42436568, -0.98621522],
        ...,
        [-0.06049797, -0.10660007,  0.11788675, ...,  0.        ,
         -0.31466121, -0.95983195],
        [ 0.25665994,  0.21168305,  0.42436568, ...,  0.31466121,
          0.        , -0.82279013],
        [ 0.94109959,  0.92445343,  0.98621522, ...,  0.95983195,
          0.82279013,  0.        ]],

       [[ 0.        ,  0.04529063,  0.21876623, ...,  0.39030402,
          0.40303057,  0.49184301],
        [-0.04529063,  0.        ,  0.17434817, ...,  0.34820506,
          0.36116763,  0.45190449],
        [-0.21876623, -0.17434817,  0.        , ...,  0.17943479,
          0.19305618,  0.28945301],
        ...,
        [-0.39030402, -0.34820506, -0.17943479, ...,  0.        ,
          0.01386364,  0.11300156],
        [-0.40303057, -0.36116763, -0.19305618, ..., -0.01386364,
          0.        ,  0.09921586],
        [-0.49184301, -0.45190449, -0.28945301, ..., -0.11300156,
         -0.09921586,  0.        ]],

       [[ 0.        , -0.02119839,  0.06072795, ...,  0.78934985,
          0.53934389, -0.06525322],
        [ 0.02119839,  0.        ,  0.08187357, ...,  0.80218709,
          0.55707356, -0.04408535],
        [-0.06072795, -0.08187357,  0.        , ...,  0.75060945,
          0.48721032, -0.12573131],
        ...,
        [-0.78934985, -0.80218709, -0.75060945, ...,  0.        ,
         -0.33357338, -0.82772934],
        [-0.53934389, -0.55707356, -0.48721032, ...,  0.33357338,
          0.        , -0.59314321],
        [ 0.06525322,  0.04408535,  0.12573131, ...,  0.82772934,
          0.59314321,  0.        ]],

       ...,

       [[ 0.        , -0.08457379,  0.55903174, ...,  0.06619212,
         -0.10069733, -0.28285996],
        [ 0.08457379,  0.        ,  0.62715289, ...,  0.15034328,
         -0.01619264, -0.20072663],
        [-0.55903174, -0.62715289,  0.        , ..., -0.50292277,
         -0.63968306, -0.77073384],
        ...,
        [-0.06619212, -0.15034328,  0.50292277, ...,  0.        ,
         -0.16633217, -0.34572854],
        [ 0.10069733,  0.01619264,  0.63968306, ...,  0.16633217,
          0.        , -0.18483724],
        [ 0.28285996,  0.20072663,  0.77073384, ...,  0.34572854,
          0.18483724,  0.        ]],

       [[ 0.        , -0.09162396, -0.12615096, ...,  0.99980333,
          0.98812012,  0.7453618 ],
        [ 0.09162396,  0.        , -0.03472835, ...,  0.99741491,
          0.96988268,  0.68114453],
        [ 0.12615096,  0.03472835,  0.        , ...,  0.99431777,
          0.96083876,  0.65530732],
        ...,
        [-0.99980333, -0.99741491, -0.99431777, ...,  0.        ,
          0.17324961,  0.68131101],
        [-0.98812012, -0.96988268, -0.96083876, ..., -0.17324961,
          0.        ,  0.5441905 ],
        [-0.7453618 , -0.68114453, -0.65530732, ..., -0.68131101,
         -0.5441905 ,  0.        ]],

       [[ 0.        ,  0.03758712,  0.06621447, ...,  0.75575274,
          0.34443198, -0.52474656],
        [-0.03758712,  0.        ,  0.02866305, ...,  0.7306045 ,
          0.30890138, -0.55637211],
        [-0.06621447, -0.02866305,  0.        , ...,  0.71073315,
          0.2815132 , -0.57996059],
        ...,
        [-0.75575274, -0.7306045 , -0.71073315, ...,  0.        ,
         -0.48395547, -0.98697495],
        [-0.34443198, -0.30890138, -0.2815132 , ...,  0.48395547,
          0.        , -0.78583864],
        [ 0.52474656,  0.55637211,  0.57996059, ...,  0.98697495,
          0.78583864,  0.        ]]]), 'num': array([8.49920584e-01, 5.25153117e-01, 1.11412510e-05, 1.29906987e-02,
       1.31466762e-02, 1.24559186e-02, 1.86339652e-02, 4.23367539e-04,
       1.32358062e-02, 1.44702568e-02, 1.40093804e-02, 1.75012364e-05,
       1.61199688e-02, 1.28205449e-02])}
{'img': array([[[ 0.        ,  0.22307178,  0.25135191, ..., -0.21168305,
         -0.92445343, -0.4097599 ],
        [-0.22307178,  0.        ,  0.02910811, ..., -0.42436568,
         -0.98621522, -0.60291939],
        [-0.25135191, -0.02910811,  0.        , ..., -0.450543  ,
         -0.99061378, -0.62588643],
        ...,
        [ 0.21168305,  0.42436568,  0.450543  , ...,  0.        ,
         -0.82279013, -0.20737819],
        [ 0.92445343,  0.98621522,  0.99061378, ...,  0.82279013,
          0.        ,  0.68704094],
        [ 0.4097599 ,  0.60291939,  0.62588643, ...,  0.20737819,
         -0.68704094,  0.        ]],

       [[ 0.        ,  0.17434817, -0.02089657, ...,  0.36116763,
          0.45190449,  0.21049749],
        [-0.17434817,  0.        , -0.19488662, ...,  0.19305618,
          0.28945301,  0.03683172],
        [ 0.02089657,  0.19488662,  0.        , ...,  0.38057483,
          0.47044693,  0.23087989],
        ...,
        [-0.36116763, -0.19305618, -0.38057483, ...,  0.        ,
          0.09921586, -0.15678635],
        [-0.45190449, -0.28945301, -0.47044693, ..., -0.09921586,
          0.        , -0.25400158],
        [-0.21049749, -0.03683172, -0.23087989, ...,  0.15678635,
          0.25400158,  0.        ]],

       [[ 0.        ,  0.06702232,  0.12533477, ...,  0.4948801 ,
         -0.03502989, -0.75301036],
        [-0.06702232,  0.        ,  0.05855913, ...,  0.43552754,
         -0.10193231, -0.79541847],
        [-0.12533477, -0.05855913,  0.        , ...,  0.38206667,
         -0.1600115 , -0.82954387],
        ...,
        [-0.4948801 , -0.43552754, -0.38206667, ...,  0.        ,
         -0.52501599, -0.97997223],
        [ 0.03502989,  0.10193231,  0.1600115 , ...,  0.52501599,
          0.        , -0.72949824],
        [ 0.75301036,  0.79541847,  0.82954387, ...,  0.97997223,
          0.72949824,  0.        ]],

       ...,

       [[ 0.        ,  0.62715289,  0.79984841, ..., -0.01619264,
         -0.20072663,  0.20106956],
        [-0.62715289,  0.        ,  0.2465804 , ..., -0.63968306,
         -0.77073384, -0.45773222],
        [-0.79984841, -0.2465804 ,  0.        , ..., -0.8094624 ,
         -0.90404587, -0.66283071],
        ...,
        [ 0.01619264,  0.63968306,  0.8094624 , ...,  0.        ,
         -0.18483724,  0.21690514],
        [ 0.20072663,  0.77073384,  0.90404587, ...,  0.18483724,
          0.        ,  0.39360444],
        [-0.20106956,  0.45773222,  0.66283071, ..., -0.21690514,
         -0.39360444,  0.        ]],

       [[ 0.        , -0.03460395, -0.01541506, ...,  0.97417958,
          0.78646546,  0.67934248],
        [ 0.03460395,  0.        ,  0.01919401, ...,  0.96578345,
          0.76462186,  0.65354251],
        [ 0.01541506, -0.01919401,  0.        , ...,  0.9705835 ,
          0.77685114,  0.66794986],
        ...,
        [-0.97417958, -0.96578345, -0.9705835 , ...,  0.        ,
          0.42412279,  0.56149553],
        [-0.78646546, -0.76462186, -0.77685114, ..., -0.42412279,
          0.        ,  0.15753996],
        [-0.67934248, -0.65354251, -0.66794986, ..., -0.56149553,
         -0.15753996,  0.        ]],

       [[ 0.        ,  0.02502527,  0.01393484, ...,  0.2758484 ,
         -0.45667424, -0.98289906],
        [-0.02502527,  0.        , -0.01109237, ...,  0.25170769,
         -0.47879455, -0.98719952],
        [-0.01393484,  0.01109237,  0.        , ...,  0.26242744,
         -0.4690268 , -0.98536966],
        ...,
        [-0.2758484 , -0.25170769, -0.26242744, ...,  0.        ,
         -0.68435992, -0.99555986],
        [ 0.45667424,  0.47879455,  0.4690268 , ...,  0.68435992,
          0.        , -0.79032608],
        [ 0.98289906,  0.98719952,  0.98536966, ...,  0.99555986,
          0.79032608,  0.        ]]]), 'num': array([7.75975037e-01, 6.29246394e-01, 4.85053367e-06, 1.22273870e-02,
       1.23688608e-02, 1.19040180e-02, 2.54491333e-02, 4.44632253e-04,
       1.19646497e-02, 1.30449040e-02, 1.27060403e-02, 1.76272527e-05,
       1.45537801e-02, 1.15360279e-02])}
{'img': array([[[ 0.        ,  0.02910811, -0.0586472 , ..., -0.98621522,
         -0.60291939, -0.25350392],
        [-0.02910811,  0.        , -0.08768036, ..., -0.99061378,
         -0.62588643, -0.28155378],
        [ 0.0586472 ,  0.08768036,  0.        , ..., -0.97481351,
         -0.55509277, -0.19633612],
        ...,
        [ 0.98621522,  0.99061378,  0.97481351, ...,  0.        ,
          0.68704094,  0.91205318],
        [ 0.60291939,  0.62588643,  0.55509277, ..., -0.68704094,
          0.        ,  0.38097869],
        [ 0.25350392,  0.28155378,  0.19633612, ..., -0.91205318,
         -0.38097869,  0.        ]],

       [[ 0.        , -0.19488662, -0.20044466, ...,  0.28945301,
          0.03683172,  0.15849808],
        [ 0.19488662,  0.        , -0.00566989, ...,  0.47044693,
          0.23087989,  0.34788211],
        [ 0.20044466,  0.00566989,  0.        , ...,  0.47544264,
          0.23639288,  0.35319226],
        ...,
        [-0.28945301, -0.47044693, -0.47544264, ...,  0.        ,
         -0.25400158, -0.13408099],
        [-0.03683172, -0.23087989, -0.23639288, ...,  0.25400158,
          0.        ,  0.12202439],
        [-0.15849808, -0.34788211, -0.35319226, ...,  0.13408099,
         -0.12202439,  0.        ]],

       [[ 0.        ,  0.05574143,  0.09983526, ..., -0.09622372,
         -0.62072245, -0.82022998],
        [-0.05574143,  0.        ,  0.04421709, ..., -0.15155689,
         -0.66346035, -0.8508407 ],
        [-0.09983526, -0.04421709,  0.        , ..., -0.19511497,
         -0.69589518, -0.87324125],
        ...,
        [ 0.09622372,  0.15155689,  0.19511497, ...,  0.        ,
         -0.54239982, -0.76138067],
        [ 0.62072245,  0.66346035,  0.69589518, ...,  0.54239982,
          0.        , -0.28801094],
        [ 0.82022998,  0.8508407 ,  0.87324125, ...,  0.76138067,
          0.28801094,  0.        ]],

       ...,

       [[ 0.        ,  0.2465804 ,  0.45808768, ..., -0.77073384,
         -0.45773222, -0.27063487],
        [-0.2465804 ,  0.        ,  0.22475596, ..., -0.90404587,
         -0.66283071, -0.49965683],
        [-0.45808768, -0.22475596,  0.        , ..., -0.9769846 ,
         -0.8141626 , -0.68156203],
        ...,
        [ 0.77073384,  0.90404587,  0.9769846 , ...,  0.        ,
          0.39360444,  0.56953468],
        [ 0.45773222,  0.66283071,  0.8141626 , ..., -0.39360444,
          0.        ,  0.20003181],
        [ 0.27063487,  0.49965683,  0.68156203, ..., -0.56953468,
         -0.20003181,  0.        ]],

       [[ 0.        ,  0.01919401,  0.00301921, ...,  0.76462186,
          0.65354251,  0.87383224],
        [-0.01919401,  0.        , -0.01617527, ...,  0.77685114,
          0.66794986,  0.88300392],
        [-0.00301921,  0.01617527,  0.        , ...,  0.7665642 ,
          0.65582474,  0.87529628],
        ...,
        [-0.76462186, -0.77685114, -0.7665642 , ...,  0.        ,
          0.15753996, -0.19138648],
        [-0.65354251, -0.66794986, -0.65582474, ..., -0.15753996,
          0.        , -0.34362436],
        [-0.87383224, -0.88300392, -0.87529628, ...,  0.19138648,
          0.34362436,  0.        ]],

       [[ 0.        , -0.01010812, -0.00372295, ..., -0.42506951,
         -0.80408343, -0.99765877],
        [ 0.01010812,  0.        ,  0.00638529, ..., -0.41589832,
         -0.7980329 , -0.99691653],
        [ 0.00372295, -0.00638529,  0.        , ..., -0.42169669,
         -0.8018645 , -0.99739725],
        ...,
        [ 0.42506951,  0.41589832,  0.42169669, ...,  0.        ,
         -0.4751139 , -0.87397171],
        [ 0.80408343,  0.7980329 ,  0.8018645 , ...,  0.4751139 ,
          0.        , -0.53813462],
        [ 0.99765877,  0.99691653,  0.99739725, ...,  0.87397171,
          0.53813462,  0.        ]]]), 'num': array([ 8.35683387e-01,  5.47544552e-01,  9.60462782e-06,  1.30972198e-02,
        1.34028216e-02,  1.29007615e-02,  1.90018830e-02, -1.09143498e-04,
        1.28614698e-02,  1.40282138e-02,  1.37153358e-02,  1.51050917e-05,
        1.57096345e-02,  1.23467931e-02])}
{'img': array([[[ 0.        , -0.08768036, -0.1171487 , ..., -0.62588643,
         -0.28155378, -0.35772677],
        [ 0.08768036,  0.        , -0.02962089, ..., -0.55509277,
         -0.19633612, -0.27447081],
        [ 0.1171487 ,  0.02962089,  0.        , ..., -0.53021089,
         -0.16720561, -0.24586707],
        ...,
        [ 0.62588643,  0.55509277,  0.53021089, ...,  0.        ,
          0.38097869,  0.30547302],
        [ 0.28155378,  0.19633612,  0.16720561, ..., -0.38097869,
          0.        , -0.08033277],
        [ 0.35772677,  0.27447081,  0.24586707, ..., -0.30547302,
          0.08033277,  0.        ]],

       [[ 0.        , -0.00566989, -0.07400041, ...,  0.23087989,
          0.34788211,  0.24165715],
        [ 0.00566989,  0.        , -0.06834488, ...,  0.23639288,
          0.35319226,  0.24715511],
        [ 0.07400041,  0.06834488,  0.        , ...,  0.30224795,
          0.41630651,  0.31280174],
        ...,
        [-0.23087989, -0.23639288, -0.30224795, ...,  0.        ,
          0.12202439,  0.01109112],
        [-0.34788211, -0.35319226, -0.41630651, ..., -0.12202439,
          0.        , -0.11100865],
        [-0.24165715, -0.24715511, -0.31280174, ..., -0.01109112,
          0.11100865,  0.        ]],

       [[ 0.        ,  0.04177808,  0.06911583, ..., -0.58125155,
         -0.66489319, -0.87645626],
        [-0.04177808,  0.        ,  0.02737731, ..., -0.6147399 ,
         -0.69551834, -0.89580642],
        [-0.06911583, -0.02737731,  0.        , ..., -0.63610278,
         -0.71492846, -0.90763833],
        ...,
        [ 0.58125155,  0.6147399 ,  0.63610278, ...,  0.        ,
         -0.10688036, -0.43333157],
        [ 0.66489319,  0.69551834,  0.71492846, ...,  0.10688036,
          0.        , -0.33452513],
        [ 0.87645626,  0.89580642,  0.90763833, ...,  0.43333157,
          0.33452513,  0.        ]],

       ...,

       [[ 0.        ,  0.22475596,  0.12887015, ..., -0.66283071,
         -0.49965683, -0.8275815 ],
        [-0.22475596,  0.        , -0.09730881, ..., -0.8141626 ,
         -0.68156203, -0.93257366],
        [-0.12887015,  0.09730881,  0.        , ..., -0.75379769,
         -0.60712078, -0.89302138],
        ...,
        [ 0.66283071,  0.8141626 ,  0.75379769, ...,  0.        ,
          0.20003181, -0.24759051],
        [ 0.49965683,  0.68156203,  0.60712078, ..., -0.20003181,
          0.        , -0.43639033],
        [ 0.8275815 ,  0.93257366,  0.89302138, ...,  0.24759051,
          0.43639033,  0.        ]],

       [[ 0.        , -0.01617527, -0.03471227, ...,  0.66794986,
          0.88300392,  0.89321112],
        [ 0.01617527,  0.        , -0.0185422 , ...,  0.65582474,
          0.87529628,  0.88582125],
        [ 0.03471227,  0.0185422 ,  0.        , ...,  0.64171424,
          0.86617903,  0.87706488],
        ...,
        [-0.66794986, -0.65582474, -0.64171424, ...,  0.        ,
         -0.34362436, -0.36439799],
        [-0.88300392, -0.87529628, -0.86617903, ...,  0.34362436,
          0.        , -0.02221089],
        [-0.89321112, -0.88582125, -0.87706488, ...,  0.36439799,
          0.02221089,  0.        ]],

       [[ 0.        ,  0.00584803,  0.01082356, ..., -0.69932152,
         -0.84197308, -0.99995449],
        [-0.00584803,  0.        ,  0.00497569, ..., -0.70348978,
         -0.84511381, -0.9998816 ],
        [-0.01082356, -0.00497569,  0.        , ..., -0.70701732,
         -0.84776328, -0.99979265],
        ...,
        [ 0.69932152,  0.70348978,  0.70701732, ...,  0.        ,
         -0.22455084, -0.72144661],
        [ 0.84197308,  0.84511381,  0.84776328, ...,  0.22455084,
          0.        , -0.54752785],
        [ 0.99995449,  0.9998816 ,  0.99979265, ...,  0.72144661,
          0.54752785,  0.        ]]]), 'num': array([ 9.14649168e-01,  4.01601416e-01,  1.73326943e-05,  1.42513264e-02,
        1.47087170e-02,  1.42272533e-02,  1.90905184e-02, -1.92585492e-04,
        1.41742922e-02,  1.53863772e-02,  1.51127453e-02,  1.46085149e-05,
        1.73005377e-02,  1.34722167e-02])}
{'img': array([[[ 0.        , -0.02962089, -0.07443593, ..., -0.19633612,
         -0.27447081, -0.40318608],
        [ 0.02962089,  0.        , -0.04486456, ..., -0.16720561,
         -0.24586707, -0.37590255],
        [ 0.07443593,  0.04486456,  0.        , ..., -0.12280429,
         -0.20213212, -0.33394989],
        ...,
        [ 0.19633612,  0.16720561,  0.12280429, ...,  0.        ,
         -0.08033277, -0.215668  ],
        [ 0.27447081,  0.24586707,  0.20213212, ...,  0.08033277,
          0.        , -0.13652871],
        [ 0.40318608,  0.37590255,  0.33394989, ...,  0.215668  ,
          0.13652871,  0.        ]],

       [[ 0.        , -0.06834488, -0.03004613, ...,  0.35319226,
