state_0,state_1,state_2,state_3,state_4,state_5,state_6,state_7,state_8,state_9,state_10,state_11,state_12,state_13,state_14,state_15,state_16,state_17,state_18,state_19,state_20,state_21,state_22,state_23,state_24,state_25,state_26,state_27,state_28,state_29,state_30,state_31,state_32,state_33,state_34,state_35,state_36,state_37,state_38,state_39,state_40,state_41,state_42,state_43,state_44,state_45,state_46,state_47,state_48,state_49,state_50,state_51,state_52,state_53,state_54,state_55,state_56,state_57,state_58,state_59,state_60,state_61,state_62,state_63,state_64,state_65,state_66,state_67,state_68,state_69,state_70,state_71,state_72,state_73,state_74,state_75,state_76,state_77,state_78,state_79,state_80,state_81,state_82,state_83,state_84,state_85,state_86,state_87,state_88,state_89,state_90,state_91,state_92,state_93,state_94,state_95,state_96,state_97,state_98,state_99,state_100,state_101,state_102,state_103,state_104,state_105,state_106,state_107,state_108,state_109,state_110,state_111,state_112,state_113,state_114,state_115,state_116,state_117,state_118,state_119,state_120,state_121,state_122,state_123,state_124,state_125,state_126,state_127,state_128,state_129,state_130,state_131,state_132,state_133,state_134,state_135,state_136,state_137,state_138,state_139,state_140,state_141,state_142,state_143,state_144,state_145,state_146,state_147,state_148,state_149,state_150,state_151,state_152,state_153,state_154,state_155,state_156,state_157,state_158,state_159,state_160,state_161,state_162,state_163,state_164,state_165,state_166,state_167,state_168,state_169,state_170,state_171,state_172,state_173,state_174,state_175,state_176,state_177,state_178,state_179,state_180,state_181,state_182,state_183,state_184,state_185,state_186,state_187,state_188,state_189,state_190,state_191,state_192,state_193,state_194,state_195,state_196,state_197,state_198,state_199,state_200,state_201,state_202,state_203,state_204,state_205,state_206,state_207,state_208,state_209,state_210,state_211,state_212,state_213,state_214,state_215,state_216,state_217,state_218,state_219,state_220,state_221,state_222,state_223,state_224,state_225,state_226,state_227,state_228,state_229,state_230,state_231,state_232,state_233,state_234,state_235,state_236,state_237,state_238,state_239,state_240,state_241,state_242,state_243,state_244,state_245,state_246,state_247,state_248,state_249,state_250,state_251,state_252,state_253,state_254,state_255,state_256,state_257,state_258,state_259,state_260,state_261,state_262,state_263,state_264,state_265,state_266,state_267,state_268,state_269,state_270,state_271,state_272,state_273,state_274,state_275,state_276,state_277,state_278,state_279,state_280,state_281,state_282,state_283,state_284,state_285,state_286,state_287
{'img': array([[[ 0.        , -0.40210398, -0.04723343, ..., -0.27366558,
         -0.09379388,  0.24751606],
        [ 0.40210398,  0.        ,  0.35840854, ...,  0.13618707,
          0.31445425,  0.61621626],
        [ 0.04723343, -0.35840854,  0.        , ..., -0.22792984,
         -0.04666398,  0.29300351],
        ...,
        [ 0.27366558, -0.13618707,  0.22792984, ...,  0.        ,
          0.18224587,  0.50321725],
        [ 0.09379388, -0.31445425,  0.04666398, ..., -0.18224587,
          0.        ,  0.33730029],
        [-0.24751606, -0.61621626, -0.29300351, ..., -0.50321725,
         -0.33730029,  0.        ]],

       [[ 0.        ,  0.11363426,  0.33824231, ...,  0.014767  ,
          0.85434483,  0.38150777],
        [-0.11363426,  0.        ,  0.22911485, ..., -0.09895052,
          0.78975447,  0.27399701],
        [-0.33824231, -0.22911485,  0.        , ..., -0.32430882,
          0.62820218,  0.04636177],
        ...,
        [-0.014767  ,  0.09895052,  0.32430882, ...,  0.        ,
          0.84657717,  0.36781607],
        [-0.85434483, -0.78975447, -0.62820218, ..., -0.84657717,
          0.        , -0.5914549 ],
        [-0.38150777, -0.27399701, -0.04636177, ..., -0.36781607,
          0.5914549 ,  0.        ]],

       [[ 0.        , -0.13244174, -0.17260683, ..., -0.72541893,
         -0.61060064, -0.41126215],
        [ 0.13244174,  0.        , -0.0406324 , ..., -0.6278679 ,
         -0.50033599, -0.28691634],
        [ 0.17260683,  0.0406324 ,  0.        , ..., -0.59572437,
         -0.46474199, -0.24775535],
        ...,
        [ 0.72541893,  0.6278679 ,  0.59572437, ...,  0.        ,
          0.15420623,  0.37815689],
        [ 0.61060064,  0.50033599,  0.46474199, ..., -0.15420623,
          0.        ,  0.23087853],
        [ 0.41126215,  0.28691634,  0.24775535, ..., -0.37815689,
         -0.23087853,  0.        ]],

       ...,

       [[ 0.        , -0.62460257, -0.57257077, ..., -0.88560692,
         -0.83445238, -0.9017697 ],
        [ 0.62460257,  0.        ,  0.06493872, ..., -0.40152069,
         -0.30745354, -0.43426679],
        [ 0.57257077, -0.06493872,  0.        , ..., -0.4601473 ,
         -0.36859787, -0.49184594],
        ...,
        [ 0.88560692,  0.40152069,  0.4601473 , ...,  0.        ,
          0.10049095, -0.03603969],
        [ 0.83445238,  0.30745354,  0.36859787, ..., -0.10049095,
          0.        , -0.13628293],
        [ 0.9017697 ,  0.43426679,  0.49184594, ...,  0.03603969,
          0.13628293,  0.        ]],

       [[ 0.        , -0.21328591, -0.1624542 , ..., -0.167011  ,
         -0.34398764, -0.30094485],
        [ 0.21328591,  0.        ,  0.05173653, ...,  0.04712227,
         -0.13580246, -0.09062175],
        [ 0.1624542 , -0.05173653,  0.        , ..., -0.0046199 ,
         -0.18687783, -0.14202404],
        ...,
        [ 0.167011  , -0.04712227,  0.0046199 , ...,  0.        ,
         -0.18233733, -0.13744946],
        [ 0.34398764,  0.13580246,  0.18687783, ...,  0.18233733,
          0.        ,  0.04546146],
        [ 0.30094485,  0.09062175,  0.14202404, ...,  0.13744946,
         -0.04546146,  0.        ]],

       [[ 0.        ,  0.41960529,  0.49569772, ...,  0.65552821,
          0.70219124,  0.69050552],
        [-0.41960529,  0.        ,  0.08552298, ...,  0.27815371,
          0.33862958,  0.32326458],
        [-0.49569772, -0.08552298,  0.        , ...,  0.19498665,
          0.25691864,  0.24114907],
        ...,
        [-0.65552821, -0.27815371, -0.19498665, ...,  0.        ,
          0.06354577,  0.0472882 ],
        [-0.70219124, -0.33862958, -0.25691864, ..., -0.06354577,
          0.        , -0.01628205],
        [-0.69050552, -0.32326458, -0.24114907, ..., -0.0472882 ,
          0.01628205,  0.        ]]]), 'num': array([ 7.08581697e-01,  7.05610790e-01,  9.95278491e-07,  2.12207593e-04,
        2.15762159e-04,  2.12207593e-04,  5.00404698e-03, -2.48819623e-06,
        2.09577214e-04,  2.05969329e-04,  2.06976456e-04,  3.69128012e-06,
        2.16498227e-04,  1.95440431e-04])}
{'img': array([[[ 0.        ,  0.35840854,  0.0683588 , ...,  0.31445425,
          0.61621626,  0.46713781],
        [-0.35840854,  0.        , -0.29375278, ..., -0.04666398,
          0.29300351,  0.11920415],
        [-0.0683588 ,  0.29375278,  0.        , ...,  0.24882754,
          0.56093698,  0.40560328],
        ...,
        [-0.31445425,  0.04666398, -0.24882754, ...,  0.        ,
          0.33730029,  0.16540555],
        [-0.61621626, -0.29300351, -0.56093698, ..., -0.33730029,
          0.        , -0.17694189],
        [-0.46713781, -0.11920415, -0.40560328, ..., -0.16540555,
          0.17694189,  0.        ]],

       [[ 0.        ,  0.22911485, -0.17083424, ...,  0.78975447,
          0.27399701, -0.1311766 ],
        [-0.22911485,  0.        , -0.39203675, ...,  0.62820218,
          0.04636177, -0.3548223 ],
        [ 0.17083424,  0.39203675,  0.        , ...,  0.88293857,
          0.4342657 ,  0.04010978],
        ...,
        [-0.78975447, -0.62820218, -0.88293857, ...,  0.        ,
         -0.5914549 , -0.86339697],
        [-0.27399701, -0.04636177, -0.4342657 , ...,  0.5914549 ,
          0.        , -0.39778595],
        [ 0.1311766 ,  0.3548223 , -0.04010978, ...,  0.86339697,
          0.39778595,  0.        ]],

       [[ 0.        , -0.0406324 , -0.15863947, ..., -0.50033599,
         -0.28691634, -0.1421227 ],
        [ 0.0406324 ,  0.        , -0.1183906 , ..., -0.46474199,
         -0.24775535, -0.10178538],
        [ 0.15863947,  0.1183906 ,  0.        , ..., -0.356645  ,
         -0.13131342,  0.01670619],
        ...,
        [ 0.50033599,  0.46474199,  0.356645  , ...,  0.        ,
          0.23087853,  0.37220282],
        [ 0.28691634,  0.24775535,  0.13131342, ..., -0.23087853,
          0.        ,  0.14785662],
        [ 0.1421227 ,  0.10178538, -0.01670619, ..., -0.37220282,
         -0.14785662,  0.        ]],

       ...,

       [[ 0.        ,  0.06493872, -0.35197703, ..., -0.30745354,
         -0.43426679, -0.31414464],
        [-0.06493872,  0.        , -0.4120173 , ..., -0.36859787,
         -0.49184594, -0.37513276],
        [ 0.35197703,  0.4120173 ,  0.        , ...,  0.04714918,
         -0.08942209,  0.04011615],
        ...,
        [ 0.30745354,  0.36859787, -0.04714918, ...,  0.        ,
         -0.13628293, -0.00703969],
        [ 0.43426679,  0.49184594,  0.08942209, ...,  0.13628293,
          0.        ,  0.12930554],
        [ 0.31414464,  0.37513276, -0.04011615, ...,  0.00703969,
         -0.12930554,  0.        ]],

       [[ 0.        ,  0.05173653,  0.05319034, ..., -0.13580246,
         -0.09062175, -0.00715876],
        [-0.05173653,  0.        ,  0.00145581, ..., -0.18687783,
         -0.14202404, -0.05888438],
        [-0.05319034, -0.00145581,  0.        , ..., -0.1883078 ,
         -0.14346495, -0.06033761],
        ...,
        [ 0.13580246,  0.18687783,  0.1883078 , ...,  0.        ,
          0.04546146,  0.12870654],
        [ 0.09062175,  0.14202404,  0.14346495, ..., -0.04546146,
          0.        ,  0.08349012],
        [ 0.00715876,  0.05888438,  0.06033761, ..., -0.12870654,
         -0.08349012,  0.        ]],

       [[ 0.        ,  0.08552298,  0.14776896, ...,  0.33862958,
          0.32326458,  0.31745373],
        [-0.08552298,  0.        ,  0.06264345, ...,  0.25691864,
          0.24114907,  0.23519144],
        [-0.14776896, -0.06264345,  0.        , ...,  0.19587334,
          0.17988072,  0.17384327],
        ...,
        [-0.33862958, -0.25691864, -0.19587334, ...,  0.        ,
         -0.01628205, -0.02241505],
        [-0.32326458, -0.24114907, -0.17988072, ...,  0.01628205,
          0.        , -0.00613412],
        [-0.31745373, -0.23519144, -0.17384327, ...,  0.02241505,
          0.00613412,  0.        ]]]), 'num': array([ 7.07106605e-01,  7.07106605e-01,  0.00000000e+00,  4.18347932e-05,
        4.24686537e-05,  4.17643642e-05,  6.96500006e-04, -2.11286834e-07,
        4.17925358e-05,  4.08945667e-05,  4.10307294e-05,  7.17577927e-07,
        4.30028640e-05,  3.87862695e-05])}
{'img': array([[[ 0.        , -0.29375278, -0.70062927, ...,  0.29300351,
          0.11920415,  0.04723343],
        [ 0.29375278,  0.        , -0.46011841, ...,  0.56093698,
          0.40560328,  0.33857447],
        [ 0.70062927,  0.46011841,  0.        , ...,  0.87894508,
          0.78068882,  0.73354954],
        ...,
        [-0.29300351, -0.56093698, -0.87894508, ...,  0.        ,
         -0.17694189, -0.24751606],
        [-0.11920415, -0.40560328, -0.78068882, ...,  0.17694189,
          0.        , -0.07217446],
        [-0.04723343, -0.33857447, -0.73354954, ...,  0.24751606,
          0.07217446,  0.        ]],

       [[ 0.        , -0.39203675, -0.30178493, ...,  0.04636177,
         -0.3548223 , -0.40669118],
        [ 0.39203675,  0.        ,  0.09613153, ...,  0.4342657 ,
          0.04010978, -0.01598404],
        [ 0.30178493, -0.09613153,  0.        , ...,  0.34566063,
         -0.05613016, -0.11202926],
        ...,
        [-0.04636177, -0.4342657 , -0.34566063, ...,  0.        ,
         -0.39778595, -0.4486084 ],
        [ 0.3548223 , -0.04010978,  0.05613016, ...,  0.39778595,
          0.        , -0.05607583],
        [ 0.40669118,  0.01598404,  0.11202926, ...,  0.4486084 ,
          0.05607583,  0.        ]],

       [[ 0.        , -0.1183906 , -0.35606902, ..., -0.24775535,
         -0.10178538,  0.00576726],
        [ 0.1183906 ,  0.        , -0.24293358, ..., -0.13131342,
          0.01670619,  0.12411534],
        [ 0.35606902,  0.24293358,  0.        , ...,  0.11345035,
          0.2591054 ,  0.36145237],
        ...,
        [ 0.24775535,  0.13131342, -0.11345035, ...,  0.        ,
          0.14785662,  0.25333868],
        [ 0.10178538, -0.01670619, -0.2591054 , ..., -0.14785662,
          0.        ,  0.107521  ],
        [-0.00576726, -0.12411534, -0.36145237, ..., -0.25333868,
         -0.107521  ,  0.        ]],

       ...,

       [[ 0.        , -0.4120173 , -0.61999139, ..., -0.49184594,
         -0.37513276, -0.41078029],
        [ 0.4120173 ,  0.        , -0.24164897, ..., -0.08942209,
          0.04011615,  0.00135718],
        [ 0.61999139,  0.24164897,  0.        , ...,  0.15390893,
          0.2803817 ,  0.24296571],
        ...,
        [ 0.49184594,  0.08942209, -0.15390893, ...,  0.        ,
          0.12930554,  0.09077375],
        [ 0.37513276, -0.04011615, -0.2803817 , ..., -0.12930554,
          0.        , -0.03876002],
        [ 0.41078029, -0.00135718, -0.24296571, ..., -0.09077375,
          0.03876002,  0.        ]],

       [[ 0.        ,  0.00145581, -0.06700551, ..., -0.14202404,
         -0.05888438,  0.00261946],
        [-0.00145581,  0.        , -0.06845798, ..., -0.14346495,
         -0.06033761,  0.00116365],
        [ 0.06700551,  0.06845798,  0.        , ..., -0.07537858,
          0.00813719,  0.06961885],
        ...,
        [ 0.14202404,  0.14346495,  0.07537858, ...,  0.        ,
          0.08349012,  0.14461646],
        [ 0.05888438,  0.06033761, -0.00813719, ..., -0.08349012,
          0.        ,  0.06149909],
        [-0.00261946, -0.00116365, -0.06961885, ..., -0.14461646,
         -0.06149909,  0.        ]],

       [[ 0.        ,  0.06264345,  0.15603581, ...,  0.24114907,
          0.23519144,  0.25965542],
        [-0.06264345,  0.        ,  0.09385319, ...,  0.17988072,
          0.17384327,  0.19865058],
        [-0.15603581, -0.09385319,  0.        , ...,  0.08676444,
          0.08065182,  0.10579102],
        ...,
        [-0.24114907, -0.17988072, -0.08676444, ...,  0.        ,
         -0.00613412,  0.01911452],
        [-0.23519144, -0.17384327, -0.08065182, ...,  0.00613412,
          0.        ,  0.02524715],
        [-0.25965542, -0.19865058, -0.10579102, ..., -0.01911452,
         -0.02524715,  0.        ]]]), 'num': array([ 7.07106438e-01,  7.07106438e-01,  0.00000000e+00,  4.11304940e-05,
        4.22573568e-05,  4.10600650e-05,  9.78919842e-04, -7.04289280e-07,
        4.18206975e-05,  4.08769498e-05,  4.10213291e-05,  7.31377330e-07,
        4.29711419e-05,  3.87827578e-05])}
{'img': array([[[ 0.        , -0.46011841, -0.46011841, ...,  0.40560328,
          0.33857447,  0.11346011],
        [ 0.46011841,  0.        ,  0.        , ...,  0.78068882,
          0.73354954,  0.55788364],
        [ 0.46011841,  0.        ,  0.        , ...,  0.78068882,
          0.73354954,  0.55788364],
        ...,
        [-0.40560328, -0.78068882, -0.78068882, ...,  0.        ,
         -0.07217446, -0.29927599],
        [-0.33857447, -0.73354954, -0.73354954, ...,  0.07217446,
          0.        , -0.22962903],
        [-0.11346011, -0.55788364, -0.55788364, ...,  0.29927599,
          0.22962903,  0.        ]],

       [[ 0.        ,  0.09613153, -0.02852146, ...,  0.04010978,
         -0.01598404,  0.03799555],
        [-0.09613153,  0.        , -0.1244818 , ..., -0.05613016,
         -0.11202926, -0.05824254],
        [ 0.02852146,  0.1244818 ,  0.        , ...,  0.06859198,
          0.01254029,  0.06648096],
        ...,
        [-0.04010978,  0.05613016, -0.06859198, ...,  0.        ,
         -0.05607583, -0.00211584],
        [ 0.01598404,  0.11202926, -0.01254029, ...,  0.05607583,
          0.        ,  0.05396319],
        [-0.03799555,  0.05824254, -0.06648096, ...,  0.00211584,
         -0.05396319,  0.        ]],

       [[ 0.        , -0.24293358, -0.42225885, ...,  0.01670619,
          0.12411534,  0.13558968],
        [ 0.24293358,  0.        , -0.18939592, ...,  0.2591054 ,
          0.36145237,  0.37221792],
        [ 0.42225885,  0.18939592,  0.        , ...,  0.43734368,
          0.53150135,  0.54126802],
        ...,
        [-0.01670619, -0.2591054 , -0.43734368, ...,  0.        ,
          0.107521  ,  0.11901885],
        [-0.12411534, -0.36145237, -0.53150135, ..., -0.107521  ,
          0.        ,  0.01157213],
        [-0.13558968, -0.37221792, -0.54126802, ..., -0.11901885,
         -0.01157213,  0.        ]],

       ...,

       [[ 0.        , -0.24164897, -0.18307447, ...,  0.04011615,
          0.00135718,  0.04011615],
        [ 0.24164897,  0.        ,  0.05991605, ...,  0.2803817 ,
          0.24296571,  0.2803817 ],
        [ 0.18307447, -0.05991605,  0.        , ...,  0.22236524,
          0.18440854,  0.22236524],
        ...,
        [-0.04011615, -0.2803817 , -0.22236524, ...,  0.        ,
         -0.03876002,  0.        ],
        [-0.00135718, -0.24296571, -0.18440854, ...,  0.03876002,
          0.        ,  0.03876002],
        [-0.04011615, -0.2803817 , -0.22236524, ...,  0.        ,
         -0.03876002,  0.        ]],

       [[ 0.        , -0.06845798, -0.0787434 , ..., -0.06033761,
          0.00116365, -0.01703844],
        [ 0.06845798,  0.        , -0.01031326, ...,  0.00813719,
          0.06961885,  0.05144957],
        [ 0.0787434 ,  0.01031326,  0.        , ...,  0.01844968,
          0.07990338,  0.06174644],
        ...,
        [ 0.06033761, -0.00813719, -0.01844968, ...,  0.        ,
          0.06149909,  0.04332145],
        [-0.00116365, -0.06961885, -0.07990338, ..., -0.06149909,
          0.        , -0.0182019 ],
        [ 0.01703844, -0.05144957, -0.06174644, ..., -0.04332145,
          0.0182019 ,  0.        ]],

       [[ 0.        ,  0.09385319,  0.10976722, ...,  0.17384327,
          0.19865058,  0.19726362],
        [-0.09385319,  0.        ,  0.01599664, ...,  0.08065182,
          0.10579102,  0.10438388],
        [-0.10976722, -0.01599664,  0.        , ...,  0.06469697,
          0.0898706 ,  0.08846127],
        ...,
        [-0.17384327, -0.08065182, -0.06469697, ...,  0.        ,
          0.02524715,  0.02383261],
        [-0.19865058, -0.10579102, -0.0898706 , ..., -0.02524715,
          0.        , -0.00141497],
        [-0.19726362, -0.10438388, -0.08846127, ..., -0.02383261,
          0.00141497,  0.        ]]]), 'num': array([ 7.07106110e-01,  7.07106110e-01,  0.00000000e+00,  4.03557571e-05,
        4.14121905e-05,  4.02853282e-05,  1.37312400e-03, -7.74717849e-07,
        4.15812198e-05,  4.08417164e-05,  4.10142672e-05,  7.68315223e-07,
        4.29460677e-05,  3.87373652e-05])}
{'img': array([[[ 0.        ,  0.        , -0.05330729, ...,  0.73354954,
          0.55788364,  0.33420692],
        [ 0.        ,  0.        , -0.05330729, ...,  0.73354954,
          0.55788364,  0.33420692],
        [ 0.05330729,  0.05330729,  0.        , ...,  0.7687361 ,
          0.60133116,  0.38397384],
        ...,
        [-0.73354954, -0.73354954, -0.7687361 , ...,  0.        ,
         -0.22962903, -0.46423119],
        [-0.55788364, -0.55788364, -0.60133116, ...,  0.22962903,
          0.        , -0.24844045],
        [-0.33420692, -0.33420692, -0.38397384, ...,  0.46423119,
          0.24844045,  0.        ]],

       [[ 0.        , -0.1244818 , -0.14334479, ..., -0.11202926,
         -0.05824254,  0.00098339],
        [ 0.1244818 ,  0.        , -0.01903359, ...,  0.01254029,
          0.06648096,  0.12545748],
        [ 0.14334479,  0.01903359,  0.        , ...,  0.03157011,
          0.0854604 ,  0.14431795],
        ...,
        [ 0.11202926, -0.01254029, -0.03157011, ...,  0.        ,
          0.05396319,  0.11300641],
        [ 0.05824254, -0.06648096, -0.0854604 , ..., -0.05396319,
          0.        ,  0.05922423],
        [-0.00098339, -0.12545748, -0.14431795, ..., -0.11300641,
         -0.05922423,  0.        ]],

       [[ 0.        , -0.18939592, -0.29238139, ...,  0.36145237,
          0.37221792,  0.28066296],
        [ 0.18939592,  0.        , -0.10596986, ...,  0.53150135,
          0.54126802,  0.4573666 ],
        [ 0.29238139,  0.10596986,  0.        , ...,  0.61827121,
          0.6273251 ,  0.54902802],
        ...,
        [-0.36145237, -0.53150135, -0.61827121, ...,  0.        ,
          0.01157213, -0.0852368 ],
        [-0.37221792, -0.54126802, -0.6273251 , ..., -0.01157213,
          0.        , -0.09676111],
        [-0.28066296, -0.4573666 , -0.54902802, ...,  0.0852368 ,
          0.09676111,  0.        ]],

       ...,

       [[ 0.        ,  0.05991605, -0.08505942, ...,  0.24296571,
          0.2803817 ,  0.37874531],
        [-0.05991605,  0.        , -0.14460551, ...,  0.18440854,
          0.22236524,  0.32261251],
        [ 0.08505942,  0.14460551,  0.        , ...,  0.32459578,
          0.36101314,  0.45609527],
        ...,
        [-0.24296571, -0.18440854, -0.32459578, ...,  0.        ,
          0.03876002,  0.14253117],
        [-0.2803817 , -0.22236524, -0.36101314, ..., -0.03876002,
          0.        ,  0.10405977],
        [-0.37874531, -0.32261251, -0.45609527, ..., -0.14253117,
         -0.10405977,  0.        ]],

       [[ 0.        , -0.01031326, -0.01410467, ...,  0.06961885,
          0.05144957,  0.03702845],
        [ 0.01031326,  0.        , -0.00379169, ...,  0.07990338,
          0.06174644,  0.04733267],
        [ 0.01410467,  0.00379169,  0.        , ...,  0.08368237,
          0.06553045,  0.05111976],
        ...,
        [-0.06961885, -0.07990338, -0.08368237, ...,  0.        ,
         -0.0182019 , -0.0326325 ],
        [-0.05144957, -0.06174644, -0.06553045, ...,  0.0182019 ,
          0.        , -0.01443488],
        [-0.03702845, -0.04733267, -0.05111976, ...,  0.0326325 ,
          0.01443488,  0.        ]],

       [[ 0.        ,  0.01599664,  0.02155709, ...,  0.10579102,
          0.10438388,  0.08610685],
        [-0.01599664,  0.        ,  0.00556141, ...,  0.0898706 ,
          0.08846127,  0.0701586 ],
        [-0.02155709, -0.00556141,  0.        , ...,  0.08433031,
          0.0829203 ,  0.06460981],
        ...,
        [-0.10579102, -0.0898706 , -0.08433031, ...,  0.        ,
         -0.00141497, -0.01977445],
        [-0.10438388, -0.08846127, -0.0829203 , ...,  0.00141497,
          0.        , -0.01835974],
        [-0.08610685, -0.0701586 , -0.06460981, ...,  0.01977445,
          0.01835974,  0.        ]]]), 'num': array([7.07103959e-01, 7.07103959e-01, 0.00000000e+00, 4.20459227e-05,
       4.20459227e-05, 4.01443483e-05, 2.82285197e-03, 1.69028835e-06,
       4.14824932e-05, 4.08838494e-05, 4.10587473e-05, 8.93241810e-07,
       4.30484289e-05, 3.87192700e-05])}
{'img': array([[[ 0.00000000e+00, -5.33072904e-02, -1.65412467e-01, ...,
          5.57883643e-01,  3.34206919e-01,  7.80688818e-01],
        [ 5.33072904e-02,  0.00000000e+00, -1.12604322e-01, ...,
          6.01331162e-01,  3.83973835e-01,  8.12891590e-01],
        [ 1.65412467e-01,  1.12604322e-01,  0.00000000e+00, ...,
          6.87477482e-01,  4.85504248e-01,  8.73303974e-01],
        ...,
        [-5.57883643e-01, -6.01331162e-01, -6.87477482e-01, ...,
          0.00000000e+00, -2.48440450e-01,  2.99275992e-01],
        [-3.34206919e-01, -3.83973835e-01, -4.85504248e-01, ...,
          2.48440450e-01,  0.00000000e+00,  5.26946420e-01],
        [-7.80688818e-01, -8.12891590e-01, -8.73303974e-01, ...,
         -2.99275992e-01, -5.26946420e-01,  0.00000000e+00]],

       [[ 0.00000000e+00, -1.90335862e-02, -1.92933860e-02, ...,
          6.64809642e-02,  1.25457477e-01,  2.78206873e-01],
        [ 1.90335862e-02,  0.00000000e+00, -2.59847520e-04, ...,
          8.54603989e-02,  1.44317952e-01,  2.96438637e-01],
        [ 1.92933860e-02,  2.59847520e-04,  0.00000000e+00, ...,
          8.57192929e-02,  1.44575074e-01,  2.96686795e-01],
        ...,
        [-6.64809642e-02, -8.54603989e-02, -8.57192929e-02, ...,
          0.00000000e+00,  5.92242291e-02,  2.13735020e-01],
        [-1.25457477e-01, -1.44317952e-01, -1.44575074e-01, ...,
         -5.92242291e-02,  0.00000000e+00,  1.55504196e-01],
        [-2.78206873e-01, -2.96438637e-01, -2.96686795e-01, ...,
         -2.13735020e-01, -1.55504196e-01,  0.00000000e+00]],

       [[ 0.00000000e+00, -1.05969860e-01, -3.31522132e-01, ...,
          5.41268022e-01,  4.57366601e-01,  4.22258853e-01],
        [ 1.05969860e-01,  0.00000000e+00, -2.29678451e-01, ...,
          6.27325096e-01,  5.49028017e-01,  5.15940318e-01],
        [ 3.31522132e-01,  2.29678451e-01,  0.00000000e+00, ...,
          7.89418356e-01,  7.26316769e-01,  6.98895657e-01],
        ...,
        [-5.41268022e-01, -6.27325096e-01, -7.89418356e-01, ...,
          0.00000000e+00, -9.67611126e-02, -1.35589681e-01],
        [-4.57366601e-01, -5.49028017e-01, -7.26316769e-01, ...,
          9.67611126e-02,  0.00000000e+00, -3.90859139e-02],
        [-4.22258853e-01, -5.15940318e-01, -6.98895657e-01, ...,
          1.35589681e-01,  3.90859139e-02,  0.00000000e+00]],

       ...,

       [[ 0.00000000e+00, -1.44605513e-01, -1.59602914e-01, ...,
          2.22365242e-01,  3.22612506e-01,  6.45625912e-01],
        [ 1.44605513e-01,  0.00000000e+00, -1.51735312e-02, ...,
          3.61013135e-01,  4.56095270e-01,  7.49268542e-01],
        [ 1.59602914e-01,  1.51735312e-02,  0.00000000e+00, ...,
          3.75121813e-01,  4.69546157e-01,  7.59231201e-01],
        ...,
        [-2.22365242e-01, -3.61013135e-01, -3.75121813e-01, ...,
          0.00000000e+00,  1.04059774e-01,  4.59651586e-01],
        [-3.22612506e-01, -4.56095270e-01, -4.69546157e-01, ...,
         -1.04059774e-01,  0.00000000e+00,  3.64740743e-01],
        [-6.45625912e-01, -7.49268542e-01, -7.59231201e-01, ...,
         -4.59651586e-01, -3.64740743e-01,  0.00000000e+00]],

       [[ 0.00000000e+00, -3.79168842e-03,  9.04903345e-03, ...,
          6.17464365e-02,  4.73326658e-02,  1.05915238e-01],
        [ 3.79168842e-03,  0.00000000e+00,  1.28405016e-02, ...,
          6.55304460e-02,  5.11197642e-02,  1.09684837e-01],
        [-9.04903345e-03, -1.28405016e-02,  0.00000000e+00, ...,
          5.27121417e-02,  3.82918367e-02,  9.69127671e-02],
        ...,
        [-6.17464365e-02, -6.55304460e-02, -5.27121417e-02, ...,
          0.00000000e+00, -1.44348811e-02,  4.43140147e-02],
        [-4.73326658e-02, -5.11197642e-02, -3.82918367e-02, ...,
          1.44348811e-02,  0.00000000e+00,  5.87300987e-02],
        [-1.05915238e-01, -1.09684837e-01, -9.69127671e-02, ...,
         -4.43140147e-02, -5.87300987e-02,  0.00000000e+00]],

       [[ 0.00000000e+00,  5.56140625e-03, -1.21926120e-02, ...,
          8.84612705e-02,  7.01585965e-02,  6.28838158e-02],
        [-5.56140625e-03,  0.00000000e+00, -1.77534163e-02, ...,
          8.29202990e-02,  6.46098094e-02,  5.73324439e-02],
        [ 1.21926120e-02,  1.77534163e-02,  0.00000000e+00, ...,
          1.00599507e-01,  8.23159490e-02,  7.50476225e-02],
        ...,
        [-8.84612705e-02, -8.29202990e-02, -1.00599507e-01, ...,
          0.00000000e+00, -1.83597407e-02, -2.56489056e-02],
        [-7.01585965e-02, -6.46098094e-02, -8.23159490e-02, ...,
          1.83597407e-02,  0.00000000e+00, -7.29088180e-03],
        [-6.28838158e-02, -5.73324439e-02, -7.50476225e-02, ...,
          2.56489056e-02,  7.29088180e-03,  0.00000000e+00]]]), 'num': array([ 7.07099544e-01,  7.07099544e-01,  0.00000000e+00,  4.16935189e-05,
        4.42289356e-05,  4.13413777e-05,  4.52283124e-03, -3.52141207e-07,
        4.14118060e-05,  4.08307730e-05,  4.10972265e-05,  8.45138897e-07,
        4.28577731e-05,  3.88037728e-05])}
{'img': array([[[ 0.00000000e+00, -1.12604322e-01, -5.83035137e-01, ...,
          3.83973835e-01,  8.12891590e-01,  7.37669194e-01],
        [ 1.12604322e-01,  0.00000000e+00, -4.87841943e-01, ...,
          4.85504248e-01,  8.73303974e-01,  8.09003745e-01],
        [ 5.83035137e-01,  4.87841943e-01,  0.00000000e+00, ...,
          8.50300347e-01,  9.99999709e-01,  9.92960435e-01],
        ...,
        [-3.83973835e-01, -4.85504248e-01, -8.50300347e-01, ...,
          0.00000000e+00,  5.26946420e-01,  4.21877739e-01],
        [-8.12891590e-01, -8.73303974e-01, -9.99999709e-01, ...,
         -5.26946420e-01,  0.00000000e+00, -1.19204150e-01],
        [-7.37669194e-01, -8.09003745e-01, -9.92960435e-01, ...,
         -4.21877739e-01,  1.19204150e-01,  0.00000000e+00]],

       [[ 0.00000000e+00, -2.59847520e-04,  1.43145962e-01, ...,
          1.44317952e-01,  2.96438637e-01,  4.21544633e-01],
        [ 2.59847520e-04,  0.00000000e+00,  1.43403129e-01, ...,
          1.44575074e-01,  2.96686795e-01,  4.21780251e-01],
        [-1.43145962e-01, -1.43403129e-01,  0.00000000e+00, ...,
          1.18428641e-03,  1.56673967e-01,  2.87397539e-01],
        ...,
        [-1.44317952e-01, -1.44575074e-01, -1.18428641e-03, ...,
          0.00000000e+00,  1.55504196e-01,  2.86263014e-01],
        [-2.96438637e-01, -2.96686795e-01, -1.56673967e-01, ...,
         -1.55504196e-01,  0.00000000e+00,  1.33784178e-01],
        [-4.21544633e-01, -4.21780251e-01, -2.87397539e-01, ...,
         -2.86263014e-01, -1.33784178e-01,  0.00000000e+00]],

       [[ 0.00000000e+00, -2.29678451e-01, -4.81641444e-01, ...,
          5.49028017e-01,  5.15940318e-01,  4.92016982e-01],
        [ 2.29678451e-01,  0.00000000e+00, -2.67482585e-01, ...,
          7.26316769e-01,  6.98895657e-01,  6.78818431e-01],
        [ 4.81641444e-01,  2.67482585e-01,  0.00000000e+00, ...,
          8.83708608e-01,  8.64739652e-01,  8.50498227e-01],
        ...,
        [-5.49028017e-01, -7.26316769e-01, -8.83708608e-01, ...,
          0.00000000e+00, -3.90859139e-02, -6.67461511e-02],
        [-5.15940318e-01, -6.98895657e-01, -8.64739652e-01, ...,
          3.90859139e-02,  0.00000000e+00, -2.76963953e-02],
        [-4.92016982e-01, -6.78818431e-01, -8.50498227e-01, ...,
          6.67461511e-02,  2.76963953e-02,  0.00000000e+00]],

       ...,

       [[ 0.00000000e+00, -1.51735312e-02, -1.84421533e-01, ...,
          4.56095270e-01,  7.49268542e-01,  6.42084525e-01],
        [ 1.51735312e-02,  0.00000000e+00, -1.69487038e-01, ...,
          4.69546157e-01,  7.59231201e-01,  6.53643148e-01],
        [ 1.84421533e-01,  1.69487038e-01,  0.00000000e+00, ...,
          6.12394408e-01,  8.58552685e-01,  7.72454794e-01],
        ...,
        [-4.56095270e-01, -4.69546157e-01, -6.12394408e-01, ...,
          0.00000000e+00,  3.64740743e-01,  2.21752822e-01],
        [-7.49268542e-01, -7.59231201e-01, -8.58552685e-01, ...,
         -3.64740743e-01,  0.00000000e+00, -1.49183685e-01],
        [-6.42084525e-01, -6.53643148e-01, -7.72454794e-01, ...,
         -2.21752822e-01,  1.49183685e-01,  0.00000000e+00]],

       [[ 0.00000000e+00,  1.28405016e-02,  1.16927822e-01, ...,
          5.11197642e-02,  1.09684837e-01,  6.74528082e-05],
        [-1.28405016e-02,  0.00000000e+00,  1.04165761e-01, ...,
          3.82918367e-02,  9.69127671e-02, -1.27730543e-02],
        [-1.16927822e-01, -1.04165761e-01,  0.00000000e+00, ...,
         -6.60058381e-02, -7.28988301e-03, -1.16860831e-01],
        ...,
        [-5.11197642e-02, -3.82918367e-02,  6.60058381e-02, ...,
          0.00000000e+00,  5.87300987e-02, -5.10523994e-02],
        [-1.09684837e-01, -9.69127671e-02,  7.28988301e-03, ...,
         -5.87300987e-02,  0.00000000e+00, -1.09617791e-01],
        [-6.74528082e-05,  1.27730543e-02,  1.16860831e-01, ...,
          5.10523994e-02,  1.09617791e-01,  0.00000000e+00]],

       [[ 0.00000000e+00, -1.77534163e-02, -1.77168340e-01, ...,
          6.46098094e-02,  5.73324439e-02,  9.15249846e-02],
        [ 1.77534163e-02,  0.00000000e+00, -1.59667851e-01, ...,
          8.23159490e-02,  7.50476225e-02,  1.09189461e-01],
        [ 1.77168340e-01,  1.59667851e-01,  0.00000000e+00, ...,
          2.40385884e-01,  2.33302401e-01,  2.66501837e-01],
        ...,
        [-6.46098094e-02, -8.23159490e-02, -2.40385884e-01, ...,
          0.00000000e+00, -7.29088180e-03,  2.69951248e-02],
        [-5.73324439e-02, -7.50476225e-02, -2.33302401e-01, ...,
          7.29088180e-03,  0.00000000e+00,  3.42826321e-02],
        [-9.15249846e-02, -1.09189461e-01, -2.66501837e-01, ...,
         -2.69951248e-02, -3.42826321e-02,  0.00000000e+00]]]), 'num': array([9.99553149e-01, 2.97971320e-02, 3.23252006e-04, 5.89696574e-05,
       5.95593540e-05, 5.71022850e-05, 2.34577366e-03, 7.86262099e-07,
       5.79082036e-05, 5.70138305e-05, 5.74217039e-05, 1.35957821e-06,
       5.99206751e-05, 5.41069859e-05])}
{'img': array([[[ 0.        , -0.48784194, -0.09187767, ...,  0.87330397,
          0.80900375,  0.90707486],
        [ 0.48784194,  0.        ,  0.40557556, ...,  0.99999971,
          0.99296044,  0.99718116],
        [ 0.09187767, -0.40557556,  0.        , ...,  0.91437073,
          0.85958792,  0.94191589],
        ...,
        [-0.87330397, -0.99999971, -0.91437073, ...,  0.        ,
         -0.11920415,  0.07427063],
        [-0.80900375, -0.99296044, -0.85958792, ...,  0.11920415,
          0.        ,  0.19261599],
        [-0.90707486, -0.99718116, -0.94191589, ..., -0.07427063,
         -0.19261599,  0.        ]],

       [[ 0.        ,  0.14340313,  0.10697784, ...,  0.2966868 ,
          0.42178025,  0.18315791],
        [-0.14340313,  0.        , -0.03670804, ...,  0.15667397,
          0.28739754,  0.04028761],
        [-0.10697784,  0.03670804,  0.        , ...,  0.19282309,
          0.32236322,  0.0769387 ],
        ...,
        [-0.2966868 , -0.15667397, -0.19282309, ...,  0.        ,
          0.13378418, -0.11675669],
        [-0.42178025, -0.28739754, -0.32236322, ..., -0.13378418,
          0.        , -0.24857628],
        [-0.18315791, -0.04028761, -0.0769387 , ...,  0.11675669,
          0.24857628,  0.        ]],

       [[ 0.        , -0.26748259, -0.33748084, ...,  0.69889566,
          0.67881843,  0.70286243],
        [ 0.26748259,  0.        , -0.07339392, ...,  0.86473965,
          0.85049823,  0.86751928],
        [ 0.33748084,  0.07339392,  0.        , ...,  0.8992674 ,
          0.88680804,  0.90168601],
        ...,
        [-0.69889566, -0.86473965, -0.8992674 , ...,  0.        ,
         -0.0276964 ,  0.00556131],
        [-0.67881843, -0.85049823, -0.88680804, ...,  0.0276964 ,
          0.        ,  0.03325514],
        [-0.70286243, -0.86751928, -0.90168601, ..., -0.00556131,
         -0.03325514,  0.        ]],

       ...,

       [[ 0.        , -0.16948704, -0.41139003, ...,  0.7592312 ,
          0.65364315,  0.91361811],
        [ 0.16948704,  0.        , -0.25095765, ...,  0.85855269,
          0.77245479,  0.96930919],
        [ 0.41139003,  0.25095765,  0.        , ...,  0.95974969,
          0.90711036,  0.99998607],
        ...,
        [-0.7592312 , -0.85855269, -0.95974969, ...,  0.        ,
         -0.14918369,  0.28591864],
        [-0.65364315, -0.77245479, -0.90711036, ...,  0.14918369,
          0.        ,  0.42567492],
        [-0.91361811, -0.96930919, -0.99998607, ..., -0.28591864,
         -0.42567492,  0.        ]],

       [[ 0.        ,  0.10416576,  0.12509567, ...,  0.09691277,
         -0.01277305,  0.03411578],
        [-0.10416576,  0.        ,  0.02106763, ..., -0.00728988,
         -0.11686083, -0.07017493],
        [-0.12509567, -0.02106763,  0.        , ..., -0.02835534,
         -0.13775818, -0.09117505],
        ...,
        [-0.09691277,  0.00728988,  0.02835534, ...,  0.        ,
         -0.10961779, -0.06290116],
        [ 0.01277305,  0.11686083,  0.13775818, ...,  0.10961779,
          0.        ,  0.04687862],
        [-0.03411578,  0.07017493,  0.09117505, ...,  0.06290116,
         -0.04687862,  0.        ]],

       [[ 0.        , -0.15966785, -0.25915069, ...,  0.07504762,
          0.10918946,  0.096591  ],
        [ 0.15966785,  0.        , -0.10161289, ...,  0.2333024 ,
          0.26650184,  0.25427309],
        [ 0.25915069,  0.10161289,  0.        , ...,  0.33090364,
          0.36306043,  0.3512301 ],
        ...,
        [-0.07504762, -0.2333024 , -0.33090364, ...,  0.        ,
          0.03428263,  0.0216219 ],
        [-0.10918946, -0.26650184, -0.36306043, ..., -0.03428263,
          0.        , -0.01266543],
        [-0.096591  , -0.25427309, -0.3512301 , ..., -0.0216219 ,
          0.01266543,  0.        ]]]), 'num': array([9.99598518e-01, 2.81708701e-02, 3.15911424e-04, 5.90138891e-05,
       5.90138891e-05, 5.71906958e-05, 3.01299009e-03, 1.43936315e-06,
       5.71331213e-05, 5.57753221e-05, 5.61623508e-05, 1.36002817e-06,
       5.89357359e-05, 5.26149083e-05])}
{'img': array([[[ 0.        ,  0.40557556, -0.36292544, ...,  0.99296044,
          0.99718116,  0.87190297],
        [-0.40557556,  0.        , -0.70965886, ...,  0.85958792,
          0.94191589,  0.99557466],
        [ 0.36292544,  0.70965886,  0.        , ...,  0.96824584,
          0.90196067,  0.63473818],
        ...,
        [-0.99296044, -0.85958792, -0.96824584, ...,  0.        ,
          0.19261599,  0.58950542],
        [-0.99718116, -0.94191589, -0.90196067, ..., -0.19261599,
          0.        ,  0.42287812],
        [-0.87190297, -0.99557466, -0.63473818, ..., -0.58950542,
         -0.42287812,  0.        ]],

       [[ 0.        , -0.03670804, -0.12386654, ...,  0.28739754,
          0.04028761,  0.09868732],
        [ 0.03670804,  0.        , -0.08735771, ...,  0.32236322,
          0.0769387 ,  0.13514966],
        [ 0.12386654,  0.08735771,  0.        , ...,  0.40382504,
          0.16374333,  0.22118921],
        ...,
        [-0.28739754, -0.32236322, -0.40382504, ...,  0.        ,
         -0.24857628, -0.19147077],
        [-0.04028761, -0.0769387 , -0.16374333, ...,  0.24857628,
          0.        ,  0.05851625],
        [-0.09868732, -0.13514966, -0.22118921, ...,  0.19147077,
         -0.05851625,  0.        ]],

       [[ 0.        , -0.07339392, -0.28734855, ...,  0.85049823,
          0.86751928,  0.94164224],
        [ 0.07339392,  0.        , -0.21627496, ...,  0.88680804,
          0.90168601,  0.96380818],
        [ 0.28734855,  0.21627496,  0.        , ...,  0.96576838,
          0.97386079,  0.99865543],
        ...,
        [-0.85049823, -0.88680804, -0.96576838, ...,  0.        ,
          0.03325514,  0.20899225],
        [-0.86751928, -0.90168601, -0.97386079, ..., -0.03325514,
          0.        ,  0.17635588],
        [-0.94164224, -0.96380818, -0.99865543, ..., -0.20899225,
         -0.17635588,  0.        ]],

       ...,

       [[ 0.        , -0.25095765, -0.8710611 , ...,  0.77245479,
          0.96930919,  0.98947281],
        [ 0.25095765,  0.        , -0.71992141, ...,  0.90711036,
          0.99998607,  0.99412608],
        [ 0.8710611 ,  0.71992141,  0.        , ...,  0.93259479,
          0.69024602,  0.61206299],
        ...,
        [-0.77245479, -0.90711036, -0.93259479, ...,  0.        ,
          0.42567492,  0.51659545],
        [-0.96930919, -0.99998607, -0.69024602, ..., -0.42567492,
          0.        ,  0.10297944],
        [-0.98947281, -0.99412608, -0.61206299, ..., -0.51659545,
         -0.10297944,  0.        ]],

       [[ 0.        ,  0.02106763,  0.09501107, ..., -0.11686083,
         -0.07017493,  0.10993937],
        [-0.02106763,  0.        ,  0.07401765, ..., -0.13775818,
         -0.09117505,  0.08897504],
        [-0.09501107, -0.07401765,  0.        , ..., -0.21069226,
         -0.16463432,  0.01500688],
        ...,
        [ 0.11686083,  0.13775818,  0.21069226, ...,  0.        ,
          0.04687862,  0.22533855],
        [ 0.07017493,  0.09117505,  0.16463432, ..., -0.04687862,
          0.        ,  0.17941789],
