state_0,state_1,state_2,state_3,state_4,state_5,state_6,state_7,state_8,state_9,state_10,state_11,state_12,state_13,state_14,state_15,state_16,state_17,state_18,state_19,state_20,state_21,state_22,state_23,state_24,state_25,state_26,state_27,state_28,state_29,state_30,state_31,state_32,state_33,state_34,state_35,state_36,state_37,state_38,state_39,state_40,state_41,state_42,state_43,state_44,state_45,state_46,state_47,state_48,state_49,state_50,state_51,state_52,state_53,state_54,state_55,state_56,state_57,state_58,state_59,state_60,state_61,state_62,state_63,state_64,state_65,state_66,state_67,state_68,state_69,state_70,state_71,state_72,state_73,state_74,state_75,state_76,state_77,state_78,state_79,state_80,state_81,state_82,state_83,state_84,state_85,state_86,state_87,state_88,state_89,state_90,state_91,state_92,state_93,state_94,state_95,state_96,state_97,state_98,state_99,state_100,state_101,state_102,state_103,state_104,state_105,state_106,state_107,state_108,state_109,state_110,state_111,state_112,state_113,state_114,state_115,state_116,state_117,state_118,state_119,state_120,state_121,state_122,state_123,state_124,state_125,state_126,state_127,state_128,state_129,state_130,state_131,state_132,state_133,state_134,state_135,state_136,state_137,state_138,state_139,state_140,state_141,state_142,state_143,state_144,state_145,state_146,state_147,state_148,state_149,state_150,state_151,state_152,state_153,state_154,state_155,state_156,state_157,state_158,state_159,state_160,state_161,state_162,state_163,state_164,state_165,state_166,state_167,state_168,state_169,state_170,state_171,state_172,state_173,state_174,state_175,state_176,state_177,state_178,state_179,state_180,state_181,state_182,state_183,state_184,state_185,state_186,state_187,state_188,state_189,state_190,state_191,state_192,state_193,state_194,state_195,state_196,state_197,state_198,state_199,state_200,state_201,state_202,state_203,state_204,state_205,state_206,state_207,state_208,state_209,state_210,state_211,state_212,state_213,state_214,state_215,state_216,state_217,state_218,state_219,state_220,state_221,state_222,state_223,state_224,state_225,state_226,state_227,state_228,state_229,state_230,state_231,state_232,state_233,state_234,state_235,state_236,state_237,state_238,state_239,state_240,state_241,state_242,state_243,state_244,state_245,state_246,state_247,state_248,state_249,state_250,state_251,state_252,state_253,state_254,state_255,state_256,state_257,state_258,state_259,state_260,state_261,state_262,state_263,state_264,state_265,state_266,state_267,state_268,state_269,state_270,state_271,state_272,state_273,state_274,state_275,state_276,state_277,state_278,state_279,state_280,state_281,state_282,state_283,state_284,state_285,state_286,state_287
{'img': array([[[ 0.        ,  0.5527708 ,  0.61095326, ...,  0.74535599,
          0.66143783,  0.94280904],
        [-0.5527708 ,  0.        ,  0.0715175 , ...,  0.25261613,
          0.13662009,  0.60141727],
        [-0.61095326, -0.0715175 ,  0.        , ...,  0.18277132,
          0.06542333,  0.5427394 ],
        ...,
        [-0.74535599, -0.25261613, -0.18277132, ...,  0.        ,
         -0.11805844,  0.38008736],
        [-0.66143783, -0.13662009, -0.06542333, ...,  0.11805844,
          0.        ,  0.48662751],
        [-0.94280904, -0.60141727, -0.5427394 , ..., -0.38008736,
         -0.48662751,  0.        ]],

       [[ 0.        ,  0.24406508,  0.02818286, ...,  0.06124734,
          0.276305  ,  0.21490816],
        [-0.24406508,  0.        , -0.21663755, ..., -0.18421173,
          0.0333856 , -0.02995323],
        [-0.02818286,  0.21663755,  0.        , ...,  0.03309306,
          0.24910955,  0.18729844],
        ...,
        [-0.06124734,  0.18421173, -0.03309306, ...,  0.        ,
          0.2169233 ,  0.15468844],
        [-0.276305  , -0.0333856 , -0.24910955, ..., -0.2169233 ,
          0.        , -0.06330715],
        [-0.21490816,  0.02995323, -0.18729844, ..., -0.15468844,
          0.06330715,  0.        ]],

       [[ 0.        ,  0.64621206,  0.70367063, ...,  0.9736447 ,
          0.95170386,  0.94280904],
        [-0.64621206,  0.        ,  0.07786112, ...,  0.59566294,
          0.52790187,  0.50410814],
        [-0.70367063, -0.07786112,  0.        , ...,  0.5313139 ,
          0.46017141,  0.43533376],
        ...,
        [-0.9736447 , -0.59566294, -0.5313139 , ...,  0.        ,
         -0.08187074, -0.10952161],
        [-0.95170386, -0.52790187, -0.46017141, ...,  0.08187074,
          0.        , -0.0277757 ],
        [-0.94280904, -0.50410814, -0.43533376, ...,  0.10952161,
          0.0277757 ,  0.        ]],

       ...,

       [[ 0.        , -0.01902829,  0.23510783, ..., -0.99968464,
         -0.99576456, -0.77909666],
        [ 0.01902829,  0.        ,  0.25356017, ..., -0.9990258 ,
         -0.99383481, -0.7670267 ],
        [-0.23510783, -0.25356017,  0.        , ..., -0.97756685,
         -0.98946837, -0.90464802],
        ...,
        [ 0.99968464,  0.9990258 ,  0.97756685, ...,  0.        ,
          0.06690507,  0.60714129],
        [ 0.99576456,  0.99383481,  0.98946837, ..., -0.06690507,
          0.        ,  0.55261853],
        [ 0.77909666,  0.7670267 ,  0.90464802, ..., -0.60714129,
         -0.55261853,  0.        ]],

       [[ 0.        ,  0.47108444,  0.63531223, ...,  0.73797896,
          0.76890516,  0.81903667],
        [-0.47108444,  0.        ,  0.19660388, ...,  0.96886143,
          0.979436  ,  0.99274305],
        [-0.63531223, -0.19660388,  0.        , ...,  0.99863198,
          0.99998618,  0.99701026],
        ...,
        [-0.73797896, -0.96886143, -0.99863198, ...,  0.        ,
         -0.0470391 , -0.12929645],
        [-0.76890516, -0.979436  , -0.99998618, ...,  0.0470391 ,
          0.        , -0.08250907],
        [-0.81903667, -0.99274305, -0.99701026, ...,  0.12929645,
          0.08250907,  0.        ]],

       [[ 0.        ,  0.13137184,  0.20903457, ...,  0.60489973,
          0.71413256,  0.72947549],
        [-0.13137184,  0.        ,  0.0787533 , ...,  0.70426877,
          0.79990495,  0.81301249],
        [-0.20903457, -0.0787533 ,  0.        , ...,  0.75799101,
          0.84468252,  0.8563412 ],
        ...,
        [-0.60489973, -0.70426877, -0.75799101, ...,  0.        ,
         -0.14522878, -0.16712692],
        [-0.71413256, -0.79990495, -0.84468252, ...,  0.14522878,
          0.        , -0.02216886],
        [-0.72947549, -0.81301249, -0.8563412 , ...,  0.16712692,
          0.02216886,  0.        ]]]), 'num': array([9.92218965e-01, 1.24493150e-01, 5.86301227e-06, 6.06377230e-04,
       6.59640094e-04, 5.98182943e-04, 1.38028665e-04, 1.43400021e-05,
       5.84662369e-04, 6.03714086e-04, 6.01255800e-04, 2.11258959e-07,
       6.45639297e-04, 5.61788876e-04])}
{'img': array([[[ 0.        ,  0.08115353,  0.2181444 , ...,  0.1530546 ,
          0.63644171,  0.83935523],
        [-0.08115353,  0.        ,  0.13822581, ...,  0.07235241,
          0.57174675,  0.79247301],
        [-0.2181444 , -0.13822581,  0.        , ..., -0.06620565,
          0.45285378,  0.70056097],
        ...,
        [-0.1530546 , -0.07235241,  0.06620565, ...,  0.        ,
          0.51088817,  0.7462678 ],
        [-0.63644171, -0.57174675, -0.45285378, ..., -0.51088817,
          0.        ,  0.30145644],
        [-0.83935523, -0.79247301, -0.70056097, ..., -0.7462678 ,
         -0.30145644,  0.        ]],

       [[ 0.        , -0.15961033,  0.01426578, ...,  0.0241843 ,
         -0.02177766,  0.63234225],
        [ 0.15961033,  0.        ,  0.17367698, ...,  0.1834379 ,
          0.138074  ,  0.5005873 ],
        [-0.01426578, -0.17367698,  0.        , ...,  0.00992023,
         -0.03603785,  0.64332945],
        ...,
        [-0.0241843 , -0.1834379 , -0.00992023, ...,  0.        ,
         -0.04594986,  0.65089262],
        [ 0.02177766, -0.138074  ,  0.03603785, ...,  0.04594986,
          0.        ,  0.61532137],
        [-0.63234225, -0.5005873 , -0.64332945, ..., -0.65089262,
         -0.61532137,  0.        ]],

       [[ 0.        ,  0.34035087,  0.45489072, ...,  0.875848  ,
          0.85872434,  0.88125731],
        [-0.34035087,  0.        ,  0.12463453, ...,  0.65930964,
          0.63304856,  0.66778258],
        [-0.45489072, -0.12463453,  0.        , ...,  0.56045966,
          0.5316314 ,  0.56980318],
        ...,
        [-0.875848  , -0.65930964, -0.56045966, ...,  0.        ,
         -0.03440838,  0.01132537],
        [-0.85872434, -0.63304856, -0.5316314 , ...,  0.03440838,
          0.        ,  0.04572483],
        [-0.88125731, -0.66778258, -0.56980318, ..., -0.01132537,
         -0.04572483,  0.        ]],

       ...,

       [[ 0.        ,  0.25356017,  0.27082971, ..., -0.99383481,
         -0.7670267 , -0.479798  ],
        [-0.25356017,  0.        ,  0.01789496, ..., -0.98946837,
         -0.90464802, -0.68658638],
        [-0.27082971, -0.01789496,  0.        , ..., -0.98671964,
         -0.91212927, -0.69948694],
        ...,
        [ 0.99383481,  0.98946837,  0.98671964, ...,  0.        ,
          0.55261853,  0.81877411],
        [ 0.7670267 ,  0.90464802,  0.91212927, ..., -0.55261853,
          0.        ,  0.36512742],
        [ 0.479798  ,  0.68658638,  0.69948694, ..., -0.81877411,
         -0.36512742,  0.        ]],

       [[ 0.        ,  0.46883401,  0.64392513, ...,  0.78714411,
          0.8371089 ,  0.88366567],
        [-0.46883401,  0.        ,  0.21007073, ...,  0.98443594,
          0.99587603,  0.99999967],
        [-0.64392513, -0.21007073,  0.        , ...,  0.99938805,
          0.99271281,  0.97751575],
        ...,
        [-0.78714411, -0.98443594, -0.99938805, ...,  0.        ,
         -0.08570653, -0.17654092],
        [-0.8371089 , -0.99587603, -0.99271281, ...,  0.08570653,
          0.        , -0.09153096],
        [-0.88366567, -0.99999967, -0.97751575, ...,  0.17654092,
          0.09153096,  0.        ]],

       [[ 0.        ,  0.16366087,  0.22396937, ...,  0.71541004,
          0.73076262,  0.71236941],
        [-0.16366087,  0.        ,  0.06144625, ...,  0.82011457,
          0.8326296 ,  0.81762226],
        [-0.22396937, -0.06144625,  0.        , ...,  0.85372438,
          0.86508705,  0.85145527],
        ...,
        [-0.71541004, -0.82011457, -0.85372438, ...,  0.        ,
         -0.02222584,  0.00434216],
        [-0.73076262, -0.8326296 , -0.86508705, ...,  0.02222584,
          0.        ,  0.02656672],
        [-0.71236941, -0.81762226, -0.85145527, ..., -0.00434216,
         -0.02656672,  0.        ]]]), 'num': array([ 7.07088152e-01,  7.07088152e-01,  0.00000000e+00,  2.49873257e-03,
        2.63164387e-03,  2.45442880e-03,  2.47746676e-04, -1.24050553e-04,
        2.52885913e-03,  2.59531478e-03,  2.60136963e-03,  6.48956615e-07,
        2.75617102e-03,  2.43445854e-03])}
{'img': array([[[ 0.        ,  0.13822581, -0.55807987, ...,  0.57174675,
          0.79247301,  0.2556054 ],
        [-0.13822581,  0.        , -0.66742073, ...,  0.45285378,
          0.70056097,  0.11951766],
        [ 0.55807987,  0.66742073,  0.        , ...,  0.93229371,
          0.9979608 ,  0.75163922],
        ...,
        [-0.57174675, -0.45285378, -0.93229371, ...,  0.        ,
          0.30145644, -0.34304763],
        [-0.79247301, -0.70056097, -0.9979608 , ..., -0.30145644,
          0.        , -0.61025249],
        [-0.2556054 , -0.11951766, -0.75163922, ...,  0.34304763,
          0.61025249,  0.        ]],

       [[ 0.        ,  0.17367698, -0.01055493, ...,  0.138074  ,
          0.5005873 ,  0.72847237],
        [-0.17367698,  0.        , -0.18406183, ..., -0.03603785,
          0.64332945,  0.59841974],
        [ 0.01055493,  0.18406183,  0.        , ...,  0.14852014,
          0.49142216,  0.73566271],
        ...,
        [-0.138074  ,  0.03603785, -0.14852014, ...,  0.        ,
          0.61532137,  0.62690393],
        [-0.5005873 , -0.64332945, -0.49142216, ..., -0.61532137,
          0.        , -0.97356831],
        [-0.72847237, -0.59841974, -0.73566271, ..., -0.62690393,
          0.97356831,  0.        ]],

       [[ 0.        ,  0.3161238 ,  0.20150649, ...,  0.82918494,
          0.85541167,  0.85541167],
        [-0.3161238 ,  0.        , -0.11846638, ...,  0.60995754,
          0.64780849,  0.64780849],
        [-0.20150649,  0.11846638,  0.        , ...,  0.69953906,
          0.73349474,  0.73349474],
        ...,
        [-0.82918494, -0.60995754, -0.69953906, ...,  0.        ,
          0.04867791,  0.04867791],
        [-0.85541167, -0.64780849, -0.73349474, ..., -0.04867791,
          0.        ,  0.        ],
        [-0.85541167, -0.64780849, -0.73349474, ..., -0.04867791,
          0.        ,  0.        ]],

       ...,

       [[ 0.        ,  0.01789496, -0.25564003, ..., -0.90464802,
         -0.68658638, -0.95032624],
        [-0.01789496,  0.        , -0.27289943, ..., -0.91212927,
         -0.69948694, -0.95574398],
        [ 0.25564003,  0.27289943,  0.        , ..., -0.76564498,
         -0.47790989, -0.83917946],
        ...,
        [ 0.90464802,  0.91212927,  0.76564498, ...,  0.        ,
          0.36512742, -0.12341385],
        [ 0.68658638,  0.69948694,  0.47790989, ..., -0.36512742,
          0.        , -0.47722919],
        [ 0.95032624,  0.95574398,  0.83917946, ...,  0.12341385,
          0.47722919,  0.        ]],

       [[ 0.        ,  0.48506682,  0.56881445, ...,  0.85479576,
          0.90035505,  0.96603241],
        [-0.48506682,  0.        ,  0.0984643 , ...,  0.99923179,
          0.99841962,  0.97012464],
        [-0.56881445, -0.0984643 ,  0.        , ...,  0.99823488,
          0.98803435,  0.94152226],
        ...,
        [-0.85479576, -0.99923179, -0.99823488, ...,  0.        ,
         -0.09528282, -0.28043946],
        [-0.90035505, -0.99841962, -0.98803435, ...,  0.09528282,
          0.        , -0.18770424],
        [-0.96603241, -0.97012464, -0.94152226, ...,  0.28043946,
          0.18770424,  0.        ]],

       [[ 0.        ,  0.15446274,  0.40236478, ...,  0.73276893,
          0.71435772,  0.69216126],
        [-0.15446274,  0.        ,  0.25612839, ...,  0.82908311,
          0.81387449,  0.79533675],
        [-0.40236478, -0.25612839,  0.        , ...,  0.94463508,
          0.93554691,  0.92406331],
        ...,
        [-0.73276893, -0.82908311, -0.94463508, ...,  0.        ,
          0.02667317,  0.05787056],
        [-0.71435772, -0.81387449, -0.93554691, ..., -0.02667317,
          0.        ,  0.0312215 ],
        [-0.69216126, -0.79533675, -0.92406331, ..., -0.05787056,
         -0.0312215 ,  0.        ]]]), 'num': array([ 7.07088399e-01,  7.07088399e-01,  0.00000000e+00,  2.48101193e-03,
        2.56075874e-03,  2.46329041e-03,  9.54657946e-05, -1.77215138e-05,
        2.52708786e-03,  2.58202455e-03,  2.60166590e-03,  6.87700534e-07,
        2.73430588e-03,  2.42974323e-03])}
{'img': array([[[ 0.        , -0.66742073,  0.17421118, ...,  0.70056097,
          0.11951766,  0.        ],
        [ 0.66742073,  0.        ,  0.78694647, ...,  0.9979608 ,
          0.75163922,  0.66742073],
        [-0.17421118, -0.78694647,  0.        , ...,  0.56553242,
         -0.05527241, -0.17421118],
        ...,
        [-0.70056097, -0.9979608 , -0.56553242, ...,  0.        ,
         -0.61025249, -0.70056097],
        [-0.11951766, -0.75163922,  0.05527241, ...,  0.61025249,
          0.        , -0.11951766],
        [ 0.        , -0.66742073,  0.17421118, ...,  0.70056097,
          0.11951766,  0.        ]],

       [[ 0.        , -0.18406183,  0.36453995, ...,  0.64332945,
          0.59841974,  0.00251515],
        [ 0.18406183,  0.        ,  0.52970778, ...,  0.49142216,
          0.73566271,  0.18653343],
        [-0.36453995, -0.52970778,  0.        , ...,  0.87814845,
          0.26517801, -0.36219672],
        ...,
        [-0.64332945, -0.49142216, -0.87814845, ...,  0.        ,
         -0.97356831, -0.64525299],
        [-0.59841974, -0.73566271, -0.26517801, ...,  0.97356831,
          0.        , -0.59640275],
        [-0.00251515, -0.18653343,  0.36219672, ...,  0.64525299,
          0.59640275,  0.        ]],

       [[ 0.        , -0.24740594,  0.20775113, ...,  0.6873612 ,
          0.6873612 ,  0.67837454],
        [ 0.24740594,  0.        ,  0.44330051, ...,  0.84568729,
          0.84568729,  0.83905834],
        [-0.20775113, -0.44330051,  0.        , ...,  0.52147123,
          0.52147123,  0.51093544],
        ...,
        [-0.6873612 , -0.84568729, -0.52147123, ...,  0.        ,
          0.        , -0.01230133],
        [-0.6873612 , -0.84568729, -0.52147123, ...,  0.        ,
          0.        , -0.01230133],
        [-0.67837454, -0.83905834, -0.51093544, ...,  0.01230133,
          0.01230133,  0.        ]],

       ...,

       [[ 0.        , -0.27289943,  0.03910467, ..., -0.69948694,
         -0.95574398, -0.92873272],
        [ 0.27289943,  0.        ,  0.31031105, ..., -0.47790989,
         -0.83917946, -0.79230296],
        [-0.03910467, -0.31031105,  0.        , ..., -0.72689788,
         -0.96651753, -0.94252041],
        ...,
        [ 0.69948694,  0.47790989,  0.72689788, ...,  0.        ,
         -0.47722919, -0.4043798 ],
        [ 0.95574398,  0.83917946,  0.96651753, ...,  0.47722919,
          0.        ,  0.08110916],
        [ 0.92873272,  0.79230296,  0.94252041, ...,  0.4043798 ,
         -0.08110916,  0.        ]],

       [[ 0.        ,  0.32849447,  0.58694359, ...,  0.91767506,
          0.97796654,  0.9954209 ],
        [-0.32849447,  0.        ,  0.28841342, ...,  0.99727077,
          0.99227222,  0.97158133],
        [-0.58694359, -0.28841342,  0.        , ...,  0.97618656,
          0.91432026,  0.86202575],
        ...,
        [-0.91767506, -0.99727077, -0.97618656, ...,  0.        ,
         -0.19700173, -0.30779273],
        [-0.97796654, -0.99227222, -0.91432026, ...,  0.19700173,
          0.        , -0.11432299],
        [-0.9954209 , -0.97158133, -0.86202575, ...,  0.30779273,
          0.11432299,  0.        ]],

       [[ 0.        ,  0.37495498,  0.32392438, ...,  0.71612865,
          0.69390863,  0.71698847],
        [-0.37495498,  0.        , -0.05444669, ...,  0.92558876,
          0.91327438,  0.92605466],
        [-0.32392438,  0.05444669,  0.        , ...,  0.90360607,
          0.88974112,  0.90413342],
        ...,
        [-0.71612865, -0.92558876, -0.90360607, ...,  0.        ,
          0.03133156, -0.00123267],
        [-0.69390863, -0.91327438, -0.88974112, ..., -0.03133156,
          0.        , -0.0325636 ],
        [-0.71698847, -0.92605466, -0.90413342, ...,  0.00123267,
          0.0325636 ,  0.        ]]]), 'num': array([ 7.07088750e-01,  7.07088750e-01,  0.00000000e+00,  2.43670935e-03,
        2.49873468e-03,  2.42784859e-03,  6.65265956e-05, -4.43038064e-05,
        2.52000051e-03,  2.56651950e-03,  2.60092879e-03,  6.39943870e-07,
        2.71149791e-03,  2.42154109e-03])}
{'img': array([[[ 0.00000000e+00,  7.86946468e-01,  7.86946468e-01, ...,
          7.51639223e-01,  6.67420729e-01,  2.88609787e-01],
        [-7.86946468e-01,  0.00000000e+00,  0.00000000e+00, ...,
         -5.52724056e-02, -1.74211175e-01, -5.75381006e-01],
        [-7.86946468e-01,  0.00000000e+00,  0.00000000e+00, ...,
         -5.52724056e-02, -1.74211175e-01, -5.75381006e-01],
        ...,
        [-7.51639223e-01,  5.52724056e-02,  5.52724056e-02, ...,
          0.00000000e+00, -1.19517663e-01, -5.29294928e-01],
        [-6.67420729e-01,  1.74211175e-01,  1.74211175e-01, ...,
          1.19517663e-01,  0.00000000e+00, -4.24097666e-01],
        [-2.88609787e-01,  5.75381006e-01,  5.75381006e-01, ...,
          5.29294928e-01,  4.24097666e-01,  0.00000000e+00]],

       [[ 0.00000000e+00,  5.29707784e-01,  5.08513570e-01, ...,
          7.35662706e-01,  1.86533426e-01,  1.04304122e-02],
        [-5.29707784e-01,  0.00000000e+00, -2.47958489e-02, ...,
          2.65178010e-01, -3.62196719e-01, -5.20832100e-01],
        [-5.08513570e-01,  2.47958489e-02,  0.00000000e+00, ...,
          2.89004622e-01, -3.38973104e-01, -4.99504760e-01],
        ...,
        [-7.35662706e-01, -2.65178010e-01, -2.89004622e-01, ...,
          0.00000000e+00, -5.96402753e-01, -7.28557668e-01],
        [-1.86533426e-01,  3.62196719e-01,  3.38973104e-01, ...,
          5.96402753e-01,  0.00000000e+00, -1.76275935e-01],
        [-1.04304122e-02,  5.20832100e-01,  4.99504760e-01, ...,
          7.28557668e-01,  1.76275935e-01,  0.00000000e+00]],

       [[ 0.00000000e+00,  4.43300511e-01,  5.51466723e-01, ...,
          8.45687286e-01,  8.39058341e-01,  8.10678019e-01],
        [-4.43300511e-01,  0.00000000e+00,  1.24520005e-01, ...,
          5.21471232e-01,  5.10935437e-01,  4.67120931e-01],
        [-5.51466723e-01, -1.24520005e-01,  0.00000000e+00, ...,
          4.11163629e-01,  3.99919104e-01,  3.53385603e-01],
        ...,
        [-8.45687286e-01, -5.21471232e-01, -4.11163629e-01, ...,
          0.00000000e+00, -1.23013256e-02, -6.25016957e-02],
        [-8.39058341e-01, -5.10935437e-01, -3.99919104e-01, ...,
          1.23013256e-02,  0.00000000e+00, -5.02196918e-02],
        [-8.10678019e-01, -4.67120931e-01, -3.53385603e-01, ...,
          6.25016957e-02,  5.02196918e-02,  0.00000000e+00]],

       ...,

       [[ 0.00000000e+00,  3.10311054e-01,  3.56986017e-01, ...,
         -8.39179460e-01, -7.92302960e-01, -8.49687636e-01],
        [-3.10311054e-01,  0.00000000e+00,  4.94988564e-02, ...,
         -9.66517527e-01, -9.42520408e-01, -9.71365662e-01],
        [-3.56986017e-01, -4.94988564e-02,  0.00000000e+00, ...,
         -9.78034187e-01, -9.57905021e-01, -9.81935349e-01],
        ...,
        [ 8.39179460e-01,  9.66517527e-01,  9.78034187e-01, ...,
          0.00000000e+00,  8.11091625e-02, -1.96186412e-02],
        [ 7.92302960e-01,  9.42520408e-01,  9.57905021e-01, ...,
         -8.11091625e-02,  0.00000000e+00, -1.00647554e-01],
        [ 8.49687636e-01,  9.71365662e-01,  9.81935349e-01, ...,
          1.96186412e-02,  1.00647554e-01,  0.00000000e+00]],

       [[ 0.00000000e+00,  5.08143097e-01,  6.72054298e-01, ...,
          9.82515541e-01,  9.97562546e-01,  9.98665468e-01],
        [-5.08143097e-01,  0.00000000e+00,  2.02541077e-01, ...,
          9.40820153e-01,  8.94630548e-01,  8.33879836e-01],
        [-6.72054298e-01, -2.02541077e-01,  0.00000000e+00, ...,
          8.52678061e-01,  7.85591527e-01,  7.04804905e-01],
        ...,
        [-9.82515541e-01, -9.40820153e-01, -8.52678061e-01, ...,
          0.00000000e+00, -1.17168826e-01, -2.36674867e-01],
        [-9.97562546e-01, -8.94630548e-01, -7.85591527e-01, ...,
          1.17168826e-01,  0.00000000e+00, -1.21204722e-01],
        [-9.98665468e-01, -8.33879836e-01, -7.04804905e-01, ...,
          2.36674867e-01,  1.21204722e-01,  0.00000000e+00]],

       [[ 0.00000000e+00, -1.96855390e-01, -3.12600961e-04, ...,
          8.28355491e-01,  8.46438808e-01,  8.74543077e-01],
        [ 1.96855390e-01,  0.00000000e+00,  1.96548897e-01, ...,
          7.01867732e-01,  7.25053407e-01,  7.61965889e-01],
        [ 3.12600961e-04, -1.96548897e-01,  0.00000000e+00, ...,
          8.28180330e-01,  8.46272311e-01,  8.74391439e-01],
        ...,
        [-8.28355491e-01, -7.01867732e-01, -8.28180330e-01, ...,
          0.00000000e+00, -3.30896890e-02, -8.82122776e-02],
        [-8.46438808e-01, -7.25053407e-01, -8.46272311e-01, ...,
          3.30896890e-02,  0.00000000e+00, -5.52032759e-02],
        [-8.74543077e-01, -7.61965889e-01, -8.74391439e-01, ...,
          8.82122776e-02,  5.52032759e-02,  0.00000000e+00]]]), 'num': array([7.07088927e-01, 7.07088927e-01, 0.00000000e+00, 2.44557072e-03,
       2.47215301e-03, 2.41012767e-03, 4.32228043e-05, 8.86076349e-06,
       2.49696315e-03, 2.55322900e-03, 2.60122480e-03, 6.93451056e-07,
       2.69121530e-03, 2.41524270e-03])}
{'img': array([[[ 0.        ,  0.        , -0.53489612, ..., -0.18728433,
         -0.75806938, -0.53489612],
        [ 0.        ,  0.        , -0.53489612, ..., -0.18728433,
         -0.75806938, -0.53489612],
        [ 0.53489612,  0.53489612,  0.        , ...,  0.36719167,
         -0.29166104,  0.        ],
        ...,
        [ 0.18728433,  0.18728433, -0.36719167, ...,  0.        ,
         -0.62251396, -0.36719167],
        [ 0.75806938,  0.75806938,  0.29166104, ...,  0.62251396,
          0.        ,  0.29166104],
        [ 0.53489612,  0.53489612,  0.        , ...,  0.36719167,
         -0.29166104,  0.        ]],

       [[ 0.        , -0.02479585,  0.38331667, ..., -0.36219672,
         -0.5208321 , -0.67955594],
        [ 0.02479585,  0.        ,  0.40610068, ..., -0.3389731 ,
         -0.49950476, -0.66115618],
        [-0.38331667, -0.40610068,  0.        , ..., -0.69182115,
         -0.80827115, -0.9088596 ],
        ...,
        [ 0.36219672,  0.3389731 ,  0.69182115, ...,  0.        ,
         -0.17627594, -0.36769914],
        [ 0.5208321 ,  0.49950476,  0.80827115, ...,  0.17627594,
          0.        , -0.19801437],
        [ 0.67955594,  0.66115618,  0.9088596 , ...,  0.36769914,
          0.19801437,  0.        ]],

       [[ 0.        ,  0.35615674,  0.29243909, ...,  0.77787802,
          0.74043212,  0.58057377],
        [-0.35615674,  0.        , -0.06732429, ...,  0.50305528,
          0.45249516,  0.25251782],
        [-0.29243909,  0.06732429,  0.        , ...,  0.56009923,
          0.51150608,  0.31708736],
        ...,
        [-0.77787802, -0.50305528, -0.56009923, ...,  0.        ,
         -0.05753717, -0.26851279],
        [-0.74043212, -0.45249516, -0.51150608, ...,  0.05753717,
          0.        , -0.21264378],
        [-0.58057377, -0.25251782, -0.31708736, ...,  0.26851279,
          0.21264378,  0.        ]],

       ...,

       [[ 0.        ,  0.04949886, -0.13016668, ..., -0.94252041,
         -0.97136566, -0.93855644],
        [-0.04949886,  0.        , -0.17908484, ..., -0.95790502,
         -0.98193535, -0.95448927],
        [ 0.13016668,  0.17908484,  0.        , ..., -0.89100655,
         -0.93217517, -0.88564745],
        ...,
        [ 0.94252041,  0.95790502,  0.89100655, ...,  0.        ,
         -0.10064755,  0.01167078],
        [ 0.97136566,  0.98193535,  0.93217517, ...,  0.10064755,
          0.        ,  0.11225221],
        [ 0.93855644,  0.95448927,  0.88564745, ..., -0.01167078,
         -0.11225221,  0.        ]],

       [[ 0.        ,  0.49264967,  0.58954302, ...,  0.9999999 ,
          0.99151023,  0.96925635],
        [-0.49264967,  0.        ,  0.11510533, ...,  0.87044697,
          0.79878112,  0.72225578],
        [-0.58954302, -0.11510533,  0.        , ...,  0.80799936,
          0.72422198,  0.63784531],
        ...,
        [-0.9999999 , -0.87044697, -0.80799936, ...,  0.        ,
         -0.13047008, -0.24648458],
        [-0.99151023, -0.79878112, -0.72422198, ...,  0.13047008,
          0.        , -0.11793304],
        [-0.96925635, -0.72225578, -0.63784531, ...,  0.24648458,
          0.11793304,  0.        ]],

       [[ 0.        ,  0.1965489 ,  0.2955281 , ...,  0.72505341,
          0.76196589,  0.78768592],
        [-0.1965489 ,  0.        ,  0.10199368, ...,  0.84627231,
          0.87439144,  0.89341059],
        [-0.2955281 , -0.10199368,  0.        , ...,  0.89619623,
          0.91932102,  0.93457125],
        ...,
        [-0.72505341, -0.84627231, -0.89619623, ...,  0.        ,
         -0.05520328, -0.09578475],
        [-0.76196589, -0.87439144, -0.91932102, ...,  0.05520328,
          0.        , -0.04068924],
        [-0.78768592, -0.89341059, -0.93457125, ...,  0.09578475,
          0.04068924,  0.        ]]]), 'num': array([7.92969652e-01, 6.09209289e-01, 1.33159684e-06, 2.74269199e-03,
       2.79237844e-03, 2.70294283e-03, 5.13956629e-05, 0.00000000e+00,
       2.76057911e-03, 2.85051158e-03, 2.91609770e-03, 7.89137721e-07,
       3.00020227e-03, 2.70082090e-03])}
{'img': array([[[ 0.        , -0.53489612,  0.        , ..., -0.75806938,
         -0.53489612, -0.53489612],
        [ 0.53489612,  0.        ,  0.53489612, ..., -0.29166104,
          0.        ,  0.        ],
        [ 0.        , -0.53489612,  0.        , ..., -0.75806938,
         -0.53489612, -0.53489612],
        ...,
        [ 0.75806938,  0.29166104,  0.75806938, ...,  0.        ,
          0.29166104,  0.29166104],
        [ 0.53489612,  0.        ,  0.53489612, ..., -0.29166104,
          0.        ,  0.        ],
        [ 0.53489612,  0.        ,  0.53489612, ..., -0.29166104,
          0.        ,  0.        ]],

       [[ 0.        ,  0.40610068,  0.57436634, ..., -0.49950476,
         -0.66115618, -0.64021359],
        [-0.40610068,  0.        ,  0.19243887, ..., -0.80827115,
         -0.9088596 , -0.89701063],
        [-0.57436634, -0.19243887,  0.        , ..., -0.90647375,
         -0.97213874, -0.96530428],
        ...,
        [ 0.49950476,  0.80827115,  0.90647375, ...,  0.        ,
         -0.19801437, -0.17090613],
        [ 0.66115618,  0.9088596 ,  0.97213874, ...,  0.19801437,
          0.        ,  0.02757901],
        [ 0.64021359,  0.89701063,  0.96530428, ...,  0.17090613,
         -0.02757901,  0.        ]],

       [[ 0.        , -0.05307626,  0.02442689, ...,  0.41322538,
          0.22273414, -0.42916564],
        [ 0.05307626,  0.        ,  0.07745289, ...,  0.46097569,
          0.27416313, -0.38062086],
        [-0.02442689, -0.07745289,  0.        , ...,  0.39085825,
          0.19885441, -0.45110058],
        ...,
        [-0.41322538, -0.46097569, -0.39085825, ...,  0.        ,
         -0.20001672, -0.76404641],
        [-0.22273414, -0.27416313, -0.19885441, ...,  0.20001672,
          0.        , -0.61956388],
        [ 0.42916564,  0.38062086,  0.45110058, ...,  0.76404641,
          0.61956388,  0.        ]],

       ...,

       [[ 0.        , -0.17908484, -0.086453  , ..., -0.98193535,
         -0.95448927, -0.94817902],
        [ 0.17908484,  0.        ,  0.09335897, ..., -0.93217517,
         -0.88564745, -0.87594861],
        [ 0.086453  , -0.09335897,  0.        , ..., -0.96190056,
         -0.9251314 , -0.9171597 ],
        ...,
        [ 0.98193535,  0.93217517,  0.96190056, ...,  0.        ,
          0.11225221,  0.13258546],
        [ 0.95448927,  0.88564745,  0.9251314 , ..., -0.11225221,
          0.        ,  0.02048628],
        [ 0.94817902,  0.87594861,  0.9171597 , ..., -0.13258546,
         -0.02048628,  0.        ]],

       [[ 0.        ,  0.35942725,  0.56576297, ...,  0.97803523,
          0.94309803,  0.90255354],
        [-0.35942725,  0.        ,  0.2315826 , ...,  0.83775728,
          0.76055882,  0.68747735],
        [-0.56576297, -0.2315826 ,  0.        , ...,  0.68852904,
          0.5895238 ,  0.50061182],
        ...,
        [-0.97803523, -0.83775728, -0.68852904, ...,  0.        ,
         -0.12863219, -0.23299215],
        [-0.94309803, -0.76055882, -0.5895238 , ...,  0.12863219,
          0.        , -0.10596448],
        [-0.90255354, -0.68747735, -0.50061182, ...,  0.23299215,
          0.10596448,  0.        ]],

       [[ 0.        ,  0.22398661,  0.36767652, ...,  0.76490212,
          0.79062881,  0.81683983],
        [-0.22398661,  0.        ,  0.15003749, ...,  0.88974785,
          0.90768674,  0.92529568],
        [-0.36767652, -0.15003749,  0.        , ...,  0.94816115,
          0.960375  ,  0.97172281],
        ...,
        [-0.76490212, -0.88974785, -0.94816115, ...,  0.        ,
         -0.04093449, -0.08491963],
        [-0.79062881, -0.90768674, -0.960375  , ...,  0.04093449,
          0.        , -0.04406184],
        [-0.81683983, -0.92529568, -0.97172281, ...,  0.08491963,
          0.04406184,  0.        ]]]), 'num': array([8.31289983e-01, 5.55776876e-01, 1.94023315e-06, 2.93099050e-03,
       2.93099050e-03, 2.85874778e-03, 6.77636748e-05, 8.25631128e-05,
       2.87113225e-03, 2.95524342e-03, 3.02869019e-03, 1.04699600e-06,
       3.10738080e-03, 2.80310604e-03])}
{'img': array([[[ 0.        ,  0.53489612,  0.94293631, ...,  0.        ,
          0.        ,  0.58137518],
        [-0.53489612,  0.        ,  0.61859766, ..., -0.53489612,
         -0.53489612,  0.05600373],
        [-0.94293631, -0.61859766,  0.        , ..., -0.94293631,
         -0.94293631, -0.57362424],
        ...,
        [ 0.        ,  0.53489612,  0.94293631, ...,  0.        ,
          0.        ,  0.58137518],
        [ 0.        ,  0.53489612,  0.94293631, ...,  0.        ,
          0.        ,  0.58137518],
        [-0.58137518, -0.05600373,  0.57362424, ..., -0.58137518,
         -0.58137518,  0.        ]],

       [[ 0.        ,  0.19243887, -0.28685974, ..., -0.9088596 ,
         -0.89701063, -0.84321239],
        [-0.19243887,  0.        , -0.4658492 , ..., -0.97213874,
         -0.96530428, -0.93090328],
        [ 0.28685974,  0.4658492 ,  0.        , ..., -0.75101277,
         -0.73251702, -0.65356415],
        ...,
        [ 0.9088596 ,  0.97213874,  0.75101277, ...,  0.        ,
          0.02757901,  0.13687952],
        [ 0.89701063,  0.96530428,  0.73251702, ..., -0.02757901,
          0.        ,  0.10950803],
        [ 0.84321239,  0.93090328,  0.65356415, ..., -0.13687952,
         -0.10950803,  0.        ]],

       [[ 0.        ,  0.07745289,  0.46097569, ...,  0.27416313,
         -0.38062086, -0.18168902],
        [-0.07745289,  0.        ,  0.39085825, ...,  0.19885441,
         -0.45110058, -0.25730699],
        [-0.46097569, -0.39085825,  0.        , ..., -0.20001672,
         -0.76404641, -0.61453638],
        ...,
        [-0.27416313, -0.19885441,  0.20001672, ...,  0.        ,
         -0.61956388, -0.44432724],
        [ 0.38062086,  0.45110058,  0.76404641, ...,  0.61956388,
          0.        ,  0.20627232],
        [ 0.18168902,  0.25730699,  0.61453638, ...,  0.44432724,
         -0.20627232,  0.        ]],

       ...,

       [[ 0.        ,  0.09335897,  0.22567591, ..., -0.88564745,
         -0.87594861, -0.65102625],
        [-0.09335897,  0.        ,  0.13373974, ..., -0.9251314 ,
         -0.9171597 , -0.71904752],
        [-0.22567591, -0.13373974,  0.        , ..., -0.96759437,
         -0.96221833, -0.80553184],
        ...,
        [ 0.88564745,  0.9251314 ,  0.96759437, ...,  0.        ,
          0.02048628,  0.36994589],
        [ 0.87594861,  0.9171597 ,  0.96221833, ..., -0.02048628,
          0.        ,  0.35083541],
        [ 0.65102625,  0.71904752,  0.80553184, ..., -0.36994589,
         -0.35083541,  0.        ]],

       [[ 0.        ,  0.46053701,  0.77208384, ...,  0.92556944,
          0.87725177,  0.85040398],
        [-0.46053701,  0.        ,  0.39265208, ...,  0.6472238 ,
          0.55761236,  0.51255054],
        [-0.77208384, -0.39265208,  0.        , ...,  0.29592467,
          0.18688781,  0.13423263],
        ...,
        [-0.92556944, -0.6472238 , -0.29592467, ...,  0.        ,
         -0.11219351, -0.16502599],
        [-0.87725177, -0.55761236, -0.18688781, ...,  0.11219351,
          0.        , -0.05332882],
        [-0.85040398, -0.51255054, -0.13423263, ...,  0.16502599,
          0.05332882,  0.        ]],

       [[ 0.        ,  0.29729026,  0.26704676, ...,  0.79446723,
          0.82065785,  0.82622083],
        [-0.29729026,  0.        , -0.03152093, ...,  0.93909357,
          0.95343114,  0.95634242],
        [-0.26704676,  0.03152093,  0.        , ...,  0.92779439,
          0.94345032,  0.94665526],
        ...,
        [-0.79446723, -0.93909357, -0.92779439, ...,  0.        ,
         -0.04441688, -0.05420947],
        [-0.82065785, -0.95343114, -0.94345032, ...,  0.04441688,
          0.        , -0.0098044 ],
        [-0.82622083, -0.95634242, -0.94665526, ...,  0.05420947,
          0.0098044 ,  0.        ]]]), 'num': array([ 7.15750657e-01,  6.98319299e-01,  1.24509699e-07,  2.49019398e-03,
        2.55244883e-03,  2.48130043e-03,  2.62003981e-05, -3.55741997e-05,
        2.47418559e-03,  2.53732979e-03,  2.61055336e-03,  7.84724993e-07,
        2.65599788e-03,  2.41866171e-03])}
{'img': array([[[ 0.        ,  0.61859766,  0.61859766, ..., -0.53489612,
          0.05600373, -0.18728433],
        [-0.61859766,  0.        ,  0.        , ..., -0.94293631,
         -0.57362424, -0.75480282],
        [-0.61859766,  0.        ,  0.        , ..., -0.94293631,
         -0.57362424, -0.75480282],
        ...,
        [ 0.53489612,  0.94293631,  0.94293631, ...,  0.        ,
          0.58137518,  0.36719167],
        [-0.05600373,  0.57362424,  0.57362424, ..., -0.58137518,
          0.        , -0.24200318],
        [ 0.18728433,  0.75480282,  0.75480282, ..., -0.36719167,
          0.24200318,  0.        ]],

       [[ 0.        , -0.46380688, -0.82936931, ..., -0.96047463,
         -0.92612364, -0.99578727],
        [ 0.46380688,  0.        , -0.47563914, ..., -0.72181059,
         -0.6455293 , -0.92473223],
        [ 0.82936931,  0.47563914,  0.        , ..., -0.30574842,
         -0.20457121, -0.63239494],
        ...,
        [ 0.96047463,  0.72181059,  0.30574842, ...,  0.        ,
          0.10450758, -0.36526419],
        [ 0.92612364,  0.6455293 ,  0.20457121, ..., -0.10450758,
          0.        , -0.46055056],
        [ 0.99578727,  0.92473223,  0.63239494, ...,  0.36526419,
          0.46055056,  0.        ]],

       [[ 0.        ,  0.39085825,  0.55252985, ..., -0.45110058,
         -0.25730699, -0.25730699],
        [-0.39085825,  0.        ,  0.18279894, ..., -0.76404641,
         -0.61453638, -0.61453638],
        [-0.55252985, -0.18279894,  0.        , ..., -0.86910727,
         -0.74838962, -0.74838962],
        ...,
        [ 0.45110058,  0.76404641,  0.86910727, ...,  0.        ,
          0.20627232,  0.20627232],
        [ 0.25730699,  0.61453638,  0.74838962, ..., -0.20627232,
          0.        ,  0.        ],
        [ 0.25730699,  0.61453638,  0.74838962, ..., -0.20627232,
          0.        ,  0.        ]],

       ...,

       [[ 0.        ,  0.13373974,  0.11334245, ..., -0.9171597 ,
         -0.71904752, -0.84742904],
        [-0.13373974,  0.        , -0.02055368, ..., -0.96221833,
         -0.80553184, -0.91081974],
        [-0.11334245,  0.02055368,  0.        , ..., -0.95641872,
         -0.79318254, -0.90214269],
        ...,
        [ 0.9171597 ,  0.96221833,  0.95641872, ...,  0.        ,
          0.35083541,  0.14921071],
        [ 0.71904752,  0.80553184,  0.79318254, ..., -0.35083541,
          0.        , -0.2071815 ],
        [ 0.84742904,  0.91081974,  0.90214269, ..., -0.14921071,
          0.2071815 ,  0.        ]],

       [[ 0.        ,  0.6803654 ,  0.86046015, ...,  0.82294049,
          0.78698563,  0.64706747],
        [-0.6803654 ,  0.        ,  0.28394983, ...,  0.21657658,
          0.15699463, -0.04451453],
        [-0.86046015, -0.28394983,  0.        , ..., -0.06954836,
         -0.12989611, -0.32635064],
        ...,
        [-0.82294049, -0.21657658,  0.06954836, ...,  0.        ,
         -0.06062245, -0.2598199 ],
        [-0.78698563, -0.15699463,  0.12989611, ...,  0.06062245,
          0.        , -0.20080153],
        [-0.64706747,  0.04451453,  0.32635064, ...,  0.2598199 ,
          0.20080153,  0.        ]],

       [[ 0.        , -0.13431235,  0.08919433, ...,  0.89431907,
          0.89871357,  0.88999938],
        [ 0.13431235,  0.        ,  0.22216316, ...,  0.82612034,
          0.83166955,  0.82069384],
        [-0.08919433, -0.22216316,  0.        , ...,  0.93066273,
          0.93424645,  0.92712126],
        ...,
        [-0.89431907, -0.82612034, -0.93066273, ...,  0.        ,
         -0.00991999,  0.00956306],
        [-0.89871357, -0.83166955, -0.93424645, ...,  0.00991999,
          0.        ,  0.01948213],
        [-0.88999938, -0.82069384, -0.92712126, ..., -0.00956306,
         -0.01948213,  0.        ]]]), 'num': array([7.30932055e-01, 6.82410287e-01, 3.25649448e-07, 2.69565377e-03,
       2.69565377e-03, 2.51473741e-03, 9.24844433e-05, 1.62824724e-04,
