state_0,state_1,state_2,state_3,state_4,state_5,state_6,state_7,state_8,state_9,state_10,state_11,state_12,state_13,state_14,state_15,state_16,state_17,state_18,state_19,state_20,state_21,state_22,state_23,state_24,state_25,state_26,state_27,state_28,state_29,state_30,state_31,state_32,state_33,state_34,state_35,state_36,state_37,state_38,state_39,state_40,state_41,state_42,state_43,state_44,state_45,state_46,state_47,state_48,state_49,state_50,state_51,state_52,state_53,state_54,state_55,state_56,state_57,state_58,state_59,state_60,state_61,state_62,state_63,state_64,state_65,state_66,state_67,state_68,state_69,state_70,state_71,state_72,state_73,state_74,state_75,state_76,state_77,state_78,state_79,state_80,state_81,state_82,state_83,state_84,state_85,state_86,state_87,state_88,state_89,state_90,state_91,state_92,state_93,state_94,state_95,state_96,state_97,state_98,state_99,state_100,state_101,state_102,state_103,state_104,state_105,state_106,state_107,state_108,state_109,state_110,state_111,state_112,state_113,state_114,state_115,state_116,state_117,state_118,state_119,state_120,state_121,state_122,state_123,state_124,state_125,state_126,state_127,state_128,state_129,state_130,state_131,state_132,state_133,state_134,state_135,state_136,state_137,state_138,state_139,state_140,state_141,state_142,state_143,state_144,state_145,state_146,state_147,state_148,state_149,state_150,state_151,state_152,state_153,state_154,state_155,state_156,state_157,state_158,state_159,state_160,state_161,state_162,state_163,state_164,state_165,state_166,state_167,state_168,state_169,state_170,state_171,state_172,state_173,state_174,state_175,state_176,state_177,state_178,state_179,state_180,state_181,state_182,state_183,state_184,state_185,state_186,state_187,state_188,state_189,state_190,state_191,state_192,state_193,state_194,state_195,state_196,state_197,state_198,state_199,state_200,state_201,state_202,state_203,state_204,state_205,state_206,state_207,state_208,state_209,state_210,state_211,state_212,state_213,state_214,state_215,state_216,state_217,state_218,state_219,state_220,state_221,state_222,state_223,state_224,state_225,state_226,state_227,state_228,state_229,state_230,state_231,state_232,state_233,state_234,state_235,state_236,state_237,state_238,state_239,state_240,state_241,state_242,state_243,state_244,state_245,state_246,state_247,state_248,state_249,state_250,state_251,state_252,state_253,state_254,state_255,state_256,state_257,state_258,state_259,state_260,state_261,state_262,state_263,state_264,state_265,state_266,state_267,state_268,state_269,state_270,state_271,state_272,state_273,state_274,state_275,state_276,state_277,state_278,state_279,state_280,state_281,state_282,state_283,state_284,state_285,state_286,state_287
{'img': array([[[ 0.        ,  0.03609317,  0.13263126, ...,  0.        ,
         -0.06866227, -0.03488093],
        [-0.03609317,  0.        ,  0.09677054, ..., -0.03609317,
         -0.10462553, -0.07092941],
        [-0.13263126, -0.09677054,  0.        , ..., -0.13263126,
         -0.20037392, -0.16712333],
        ...,
        [ 0.        ,  0.03609317,  0.13263126, ...,  0.        ,
         -0.06866227, -0.03488093],
        [ 0.06866227,  0.10462553,  0.20037392, ...,  0.06866227,
          0.        ,  0.03382188],
        [ 0.03488093,  0.07092941,  0.16712333, ...,  0.03488093,
         -0.03382188,  0.        ]],

       [[ 0.        ,  0.06351777, -0.3937605 , ..., -0.61858285,
         -0.39000231, -0.88463001],
        [-0.06351777,  0.        , -0.45135174, ..., -0.66724091,
         -0.44770282, -0.91246161],
        [ 0.3937605 ,  0.45135174,  0.        , ..., -0.25922411,
          0.00408491, -0.62955546],
        ...,
        [ 0.61858285,  0.66724091,  0.25922411, ...,  0.        ,
          0.26316723, -0.40662987],
        [ 0.39000231,  0.44770282, -0.00408491, ..., -0.26316723,
          0.        , -0.632724  ],
        [ 0.88463001,  0.91246161,  0.62955546, ...,  0.40662987,
          0.632724  ,  0.        ]],

       [[ 0.        , -0.27243235, -0.41769035, ..., -0.75163922,
         -0.78817965, -0.7704422 ],
        [ 0.27243235,  0.        , -0.15436204, ..., -0.543519  ,
         -0.59069952, -0.56762188],
        [ 0.41769035,  0.15436204,  0.        , ..., -0.40743357,
         -0.45906618, -0.43373394],
        ...,
        [ 0.75163922,  0.543519  ,  0.40743357, ...,  0.        ,
         -0.0572704 , -0.0289866 ],
        [ 0.78817965,  0.59069952,  0.45906618, ...,  0.0572704 ,
          0.        ,  0.02830731],
        [ 0.7704422 ,  0.56762188,  0.43373394, ...,  0.0289866 ,
         -0.02830731,  0.        ]],

       ...,

       [[ 0.        ,  0.01620377,  0.16090186, ...,  0.88171703,
          0.862374  ,  0.83080844],
        [-0.01620377,  0.        ,  0.14488809, ...,  0.87395667,
          0.85405727,  0.82168102],
        [-0.16090186, -0.14488809,  0.        , ...,  0.79431856,
          0.76967756,  0.73043205],
        ...,
        [-0.88171703, -0.87395667, -0.79431856, ...,  0.        ,
         -0.03953878, -0.09876941],
        [-0.862374  , -0.85405727, -0.76967756, ...,  0.03953878,
          0.        , -0.05934672],
        [-0.83080844, -0.82168102, -0.73043205, ...,  0.09876941,
          0.05934672,  0.        ]],

       [[ 0.        , -0.31707265, -0.53511157, ..., -0.99796204,
         -0.99987843, -0.99575564],
        [ 0.31707265,  0.        , -0.23964342, ..., -0.92623591,
         -0.95322987, -0.97355813],
        [ 0.53511157,  0.23964342,  0.        , ..., -0.80891407,
         -0.85302235, -0.89044559],
        ...,
        [ 0.99796204,  0.92623591,  0.80891407, ...,  0.        ,
         -0.07936326, -0.15538844],
        [ 0.99987843,  0.95322987,  0.85302235, ...,  0.07936326,
          0.        , -0.07649904],
        [ 0.99575564,  0.97355813,  0.89044559, ...,  0.15538844,
          0.07649904,  0.        ]],

       [[ 0.        , -0.29981229, -0.32931864, ..., -0.99969106,
         -0.98511548, -0.93683457],
        [ 0.29981229,  0.        , -0.03108098, ..., -0.96115539,
         -0.88826251, -0.78887233],
        [ 0.32931864,  0.03108098,  0.        , ..., -0.95211243,
         -0.87355675, -0.76939017],
        ...,
        [ 0.99969106,  0.96115539,  0.95211243, ...,  0.        ,
          0.19632603,  0.37294995],
        [ 0.98511548,  0.88826251,  0.87355675, ..., -0.19632603,
          0.        ,  0.18353046],
        [ 0.93683457,  0.78887233,  0.76939017, ..., -0.37294995,
         -0.18353046,  0.        ]]]), 'num': array([7.88245640e-01, 6.15339404e-01, 3.09313481e-06, 1.24392975e-03,
       1.25060558e-03, 1.21500115e-03, 3.81339016e-03, 2.22527684e-05,
       1.22434732e-03, 1.18879852e-03, 1.15996264e-03, 1.43828869e-06,
       1.27607499e-03, 1.10152205e-03])}
{'img': array([[[ 0.        ,  0.09677054, -0.47983492, ..., -0.10462553,
         -0.07092941,  0.11745893],
        [-0.09677054,  0.        , -0.5624854 , ..., -0.20037392,
         -0.16712333,  0.02080699],
        [ 0.47983492,  0.5624854 ,  0.        , ...,  0.38540731,
          0.41639584,  0.579567  ],
        ...,
        [ 0.10462553,  0.20037392, -0.38540731, ...,  0.        ,
          0.03382188,  0.22071556],
        [ 0.07092941,  0.16712333, -0.41639584, ..., -0.03382188,
          0.        ,  0.18760151],
        [-0.11745893, -0.02080699, -0.579567  , ..., -0.22071556,
         -0.18760151,  0.        ]],

       [[ 0.        , -0.45135174,  0.44389826, ..., -0.44770282,
         -0.91246161, -0.49021317],
        [ 0.45135174,  0.        ,  0.80055689, ...,  0.00408491,
         -0.62955546, -0.04404049],
        [-0.44389826, -0.80055689,  0.        , ..., -0.7981023 ,
         -0.99926248, -0.82617171],
        ...,
        [ 0.44770282, -0.00408491,  0.7981023 , ...,  0.        ,
         -0.632724  , -0.04812107],
        [ 0.91246161,  0.62955546,  0.99926248, ...,  0.632724  ,
          0.        ,  0.59472713],
        [ 0.49021317,  0.04404049,  0.82617171, ...,  0.04812107,
         -0.59472713,  0.        ]],

       [[ 0.        , -0.3259659 , -0.66212027, ..., -0.76284081,
         -0.74319371, -0.68331843],
        [ 0.3259659 ,  0.        , -0.38167821, ..., -0.5104105 ,
         -0.48450555, -0.40800224],
        [ 0.66212027,  0.38167821,  0.        , ..., -0.14355314,
         -0.1139386 , -0.02864962],
        ...,
        [ 0.76284081,  0.5104105 ,  0.14355314, ...,  0.        ,
          0.0298598 ,  0.11514133],
        [ 0.74319371,  0.48450555,  0.1139386 , ..., -0.0298598 ,
          0.        ,  0.08542878],
        [ 0.68331843,  0.40800224,  0.02864962, ..., -0.11514133,
         -0.08542878,  0.        ]],

       ...,

       [[ 0.        ,  0.14488809, -0.06957841, ...,  0.85405727,
          0.82168102,  0.76063375],
        [-0.14488809,  0.        , -0.21338118, ...,  0.76967756,
          0.73043205,  0.65854895],
        [ 0.06957841,  0.21338118,  0.        , ...,  0.88818068,
          0.85934572,  0.80395935],
        ...,
        [-0.85405727, -0.76967756, -0.88818068, ...,  0.        ,
         -0.05934672, -0.15877228],
        [-0.82168102, -0.73043205, -0.85934572, ...,  0.05934672,
          0.        , -0.09989851],
        [-0.76063375, -0.65854895, -0.80395935, ...,  0.15877228,
          0.09989851,  0.        ]],

       [[ 0.        , -0.44879246, -0.5519751 , ..., -0.99994511,
         -0.99768592, -0.99838386],
        [ 0.44879246,  0.        , -0.11903448, ..., -0.88888483,
         -0.922082  , -0.91769676],
        [ 0.5519751 ,  0.11903448,  0.        , ..., -0.82803161,
         -0.86946041, -0.86388184],
        ...,
        [ 0.99994511,  0.88888483,  0.82803161, ...,  0.        ,
         -0.07844051, -0.0672875 ],
        [ 0.99768592,  0.922082  ,  0.86946041, ...,  0.07844051,
          0.        ,  0.01118256],
        [ 0.99838386,  0.91769676,  0.86388184, ...,  0.0672875 ,
         -0.01118256,  0.        ]],

       [[ 0.        , -0.14113467, -0.45558194, ..., -0.97990128,
         -0.92434835, -0.88445565],
        [ 0.14113467,  0.        , -0.32538453, ..., -0.94193889,
         -0.86124611, -0.80974574],
        [ 0.45558194,  0.32538453,  0.        , ..., -0.78142123,
         -0.64902209, -0.57475139],
        ...,
        [ 0.97990128,  0.94193889,  0.78142123, ...,  0.        ,
          0.18948917,  0.28081182],
        [ 0.92434835,  0.86124611,  0.64902209, ..., -0.18948917,
          0.        ,  0.09385963],
        [ 0.88445565,  0.80974574,  0.57475139, ..., -0.28081182,
         -0.09385963,  0.        ]]]), 'num': array([7.07096547e-01, 7.07096547e-01, 0.00000000e+00, 1.38690165e-03,
       1.41171205e-03, 1.37697749e-03, 3.77150412e-03, 0.00000000e+00,
       1.37201541e-03, 1.33399346e-03, 1.29353182e-03, 1.60359936e-06,
       1.42073156e-03, 1.24725536e-03])}
{'img': array([[[ 0.        , -0.5624854 , -0.32281991, ..., -0.16712333,
          0.02080699,  0.02080699],
        [ 0.5624854 ,  0.        ,  0.26546033, ...,  0.41639584,
          0.579567  ,  0.579567  ],
        [ 0.32281991, -0.26546033,  0.        , ...,  0.16010416,
          0.34244302,  0.34244302],
        ...,
        [ 0.16712333, -0.41639584, -0.16010416, ...,  0.        ,
          0.18760151,  0.18760151],
        [-0.02080699, -0.579567  , -0.34244302, ..., -0.18760151,
          0.        ,  0.        ],
        [-0.02080699, -0.579567  , -0.34244302, ..., -0.18760151,
          0.        ,  0.        ]],

       [[ 0.        ,  0.80055689,  0.12263502, ..., -0.62955546,
         -0.04404049, -0.13005078],
        [-0.80055689,  0.        , -0.7210243 , ..., -0.99926248,
         -0.82617171, -0.87169184],
        [-0.12263502,  0.7210243 ,  0.        , ..., -0.72008543,
         -0.16622409, -0.25066266],
        ...,
        [ 0.62955546,  0.99926248,  0.72008543, ...,  0.        ,
          0.59472713,  0.52316518],
        [ 0.04404049,  0.82617171,  0.16622409, ..., -0.59472713,
          0.        , -0.08625813],
        [ 0.13005078,  0.87169184,  0.25066266, ..., -0.52316518,
          0.08625813,  0.        ]],

       [[ 0.        , -0.46958061, -0.61384467, ..., -0.57410643,
         -0.49676119, -0.43083051],
        [ 0.46958061,  0.        , -0.17125755, ..., -0.12238907,
         -0.03104226,  0.0433892 ],
        [ 0.61384467,  0.17125755,  0.        , ...,  0.04938914,
          0.14059137,  0.21384445],
        ...,
        [ 0.57410643,  0.12238907, -0.04938914, ...,  0.        ,
          0.0915212 ,  0.16533682],
        [ 0.49676119,  0.03104226, -0.14059137, ..., -0.0915212 ,
          0.        ,  0.07438131],
        [ 0.43083051, -0.0433892 , -0.21384445, ..., -0.16533682,
         -0.07438131,  0.        ]],

       ...,

       [[ 0.        , -0.21338118,  0.12210512, ...,  0.73043205,
          0.65854895,  0.65854895],
        [ 0.21338118,  0.        ,  0.33107741, ...,  0.85934572,
          0.80395935,  0.80395935],
        [-0.12210512, -0.33107741,  0.        , ...,  0.64157035,
          0.56173241,  0.56173241],
        ...,
        [-0.73043205, -0.85934572, -0.64157035, ...,  0.        ,
         -0.09989851, -0.09989851],
        [-0.65854895, -0.80395935, -0.56173241, ...,  0.09989851,
          0.        ,  0.        ],
        [-0.65854895, -0.80395935, -0.56173241, ...,  0.09989851,
          0.        ,  0.        ]],

       [[ 0.        , -0.34968578, -0.51502672, ..., -0.99987767,
         -0.99999258, -0.99983085],
        [ 0.34968578,  0.        , -0.18276996, ..., -0.94222188,
         -0.93820749, -0.94314009],
        [ 0.51502672,  0.18276996,  0.        , ..., -0.8651248 ,
         -0.85915225, -0.86650164],
        ...,
        [ 0.99987767,  0.94222188,  0.8651248 , ...,  0.        ,
          0.01178819, -0.00275166],
        [ 0.99999258,  0.93820749,  0.85915225, ..., -0.01178819,
          0.        , -0.01453961],
        [ 0.99983085,  0.94314009,  0.86650164, ...,  0.00275166,
          0.01453961,  0.        ]],

       [[ 0.        , -0.43650573, -0.51342583, ..., -0.92144923,
         -0.88052412, -0.81550118],
        [ 0.43650573,  0.        , -0.08734957, ..., -0.65944728,
         -0.58530454, -0.48107756],
        [ 0.51342583,  0.08734957,  0.        , ..., -0.59126157,
         -0.51224313, -0.40266129],
        ...,
        [ 0.92144923,  0.65944728,  0.59126157, ...,  0.        ,
          0.09468561,  0.21647249],
        [ 0.88052412,  0.58530454,  0.51224313, ..., -0.09468561,
          0.        ,  0.12305944],
        [ 0.81550118,  0.48107756,  0.40266129, ..., -0.21647249,
         -0.12305944,  0.        ]]]), 'num': array([ 7.07097817e-01,  7.07097817e-01,  0.00000000e+00,  1.37697996e-03,
        1.38938518e-03,  1.35465056e-03,  3.27463202e-03, -9.92417989e-06,
        1.37400271e-03,  1.34125291e-03,  1.29341010e-03,  1.50634873e-06,
        1.41605385e-03,  1.26645198e-03])}
{'img': array([[[ 0.        ,  0.26546033,  0.46377691, ...,  0.579567  ,
          0.579567  ,  0.51239326],
        [-0.26546033,  0.        ,  0.2119523 , ...,  0.34244302,
          0.34244302,  0.2660452 ],
        [-0.46377691, -0.2119523 ,  0.        , ...,  0.13552535,
          0.13552535,  0.05568699],
        ...,
        [-0.579567  , -0.34244302, -0.13552535, ...,  0.        ,
          0.        , -0.08014183],
        [-0.579567  , -0.34244302, -0.13552535, ...,  0.        ,
          0.        , -0.08014183],
        [-0.51239326, -0.2660452 , -0.05568699, ...,  0.08014183,
          0.08014183,  0.        ]],

       [[ 0.        , -0.7210243 , -0.68762613, ..., -0.82617171,
         -0.87169184, -0.91811029],
        [ 0.7210243 ,  0.        ,  0.0470476 , ..., -0.16622409,
         -0.25066266, -0.35040765],
        [ 0.68762613, -0.0470476 ,  0.        , ..., -0.2124331 ,
         -0.29593066, -0.39408428],
        ...,
        [ 0.82617171,  0.16622409,  0.2124331 , ...,  0.        ,
         -0.08625813, -0.18984775],
        [ 0.87169184,  0.25066266,  0.29593066, ...,  0.08625813,
          0.        , -0.10445075],
        [ 0.91811029,  0.35040765,  0.39408428, ...,  0.18984775,
          0.10445075,  0.        ]],

       [[ 0.        , -0.17125755, -0.16692134, ..., -0.03104226,
          0.0433892 ,  0.06605754],
        [ 0.17125755,  0.        ,  0.00439955, ...,  0.14059137,
          0.21384445,  0.23596512],
        [ 0.16692134, -0.00439955,  0.        , ...,  0.13623416,
          0.2095446 ,  0.23168753],
        ...,
        [ 0.03104226, -0.14059137, -0.13623416, ...,  0.        ,
          0.07438131,  0.09700017],
        [-0.0433892 , -0.21384445, -0.2095446 , ..., -0.07438131,
          0.        ,  0.02270091],
        [-0.06605754, -0.23596512, -0.23168753, ..., -0.09700017,
         -0.02270091,  0.        ]],

       ...,

       [[ 0.        ,  0.33107741,  0.48746105, ...,  0.80395935,
          0.80395935,  0.74055913],
        [-0.33107741,  0.        ,  0.1708915 , ...,  0.56173241,
          0.56173241,  0.47631316],
        [-0.48746105, -0.1708915 ,  0.        , ...,  0.41208746,
          0.41208746,  0.31904577],
        ...,
        [-0.80395935, -0.56173241, -0.41208746, ...,  0.        ,
          0.        , -0.09985474],
        [-0.80395935, -0.56173241, -0.41208746, ...,  0.        ,
          0.        , -0.09985474],
        [-0.74055913, -0.47631316, -0.31904577, ...,  0.09985474,
          0.09985474,  0.        ]],

       [[ 0.        , -0.39725225, -0.76496618, ..., -0.99959046,
         -0.99990747, -0.99977196],
        [ 0.39725225,  0.        , -0.44615826, ..., -0.9059656 ,
         -0.91222047, -0.92598335],
        [ 0.76496618,  0.44615826,  0.        , ..., -0.62191592,
         -0.63360454, -0.66025913],
        ...,
        [ 0.99959046,  0.9059656 ,  0.62191592, ...,  0.        ,
         -0.01501593, -0.04995596],
        [ 0.99990747,  0.91222047,  0.63360454, ...,  0.01501593,
          0.        , -0.03495315],
        [ 0.99977196,  0.92598335,  0.66025913, ...,  0.04995596,
          0.03495315,  0.        ]],

       [[ 0.        , -0.08976721,  0.10537866, ..., -0.59236266,
         -0.48798115, -0.36415974],
        [ 0.08976721,  0.        ,  0.19422062, ..., -0.51764828,
         -0.40765738, -0.27908607],
        [-0.10537866, -0.19422062,  0.        , ..., -0.67396506,
         -0.57724435, -0.46027515],
        ...,
        [ 0.59236266,  0.51764828,  0.67396506, ...,  0.        ,
          0.12389374,  0.25829587],
        [ 0.48798115,  0.40765738,  0.57724435, ..., -0.12389374,
          0.        ,  0.13661631],
        [ 0.36415974,  0.27908607,  0.46027515, ..., -0.25829587,
         -0.13661631,  0.        ]]]), 'num': array([7.07093303e-01, 7.07093303e-01, 0.00000000e+00, 1.40674352e-03,
       1.41170558e-03, 1.37200911e-03, 4.81751351e-03, 2.97723496e-05,
       1.38391805e-03, 1.34856338e-03, 1.29534531e-03, 1.57131845e-06,
       1.41878089e-03, 1.27834588e-03])}
{'img': array([[[ 0.        ,  0.2119523 ,  0.32281991, ...,  0.34244302,
          0.2660452 ,  0.51782321],
        [-0.2119523 ,  0.        ,  0.11488098, ...,  0.13552535,
          0.05568699,  0.3247357 ],
        [-0.32281991, -0.11488098,  0.        , ...,  0.02080699,
         -0.05938442,  0.21393072],
        ...,
        [-0.34244302, -0.13552535, -0.02080699, ...,  0.        ,
         -0.08014183,  0.19355912],
        [-0.2660452 , -0.05568699,  0.05938442, ...,  0.08014183,
          0.        ,  0.27156277],
        [-0.51782321, -0.3247357 , -0.21393072, ..., -0.19355912,
         -0.27156277,  0.        ]],

       [[ 0.        ,  0.0470476 , -0.08865528, ..., -0.25066266,
         -0.35040765, -0.07660107],
        [-0.0470476 ,  0.        , -0.13541945, ..., -0.29593066,
         -0.39408428, -0.12342561],
        [ 0.08865528,  0.13541945,  0.        , ..., -0.16385072,
         -0.26599358,  0.01209535],
        ...,
        [ 0.25066266,  0.29593066,  0.16385072, ...,  0.        ,
         -0.10445075,  0.17577062],
        [ 0.35040765,  0.39408428,  0.26599358, ...,  0.10445075,
          0.        ,  0.27763373],
        [ 0.07660107,  0.12342561, -0.01209535, ..., -0.17577062,
         -0.27763373,  0.        ]],

       [[ 0.        ,  0.00439955,  0.02666273, ...,  0.21384445,
          0.23596512,  0.35759293],
        [-0.00439955,  0.        ,  0.02226449, ...,  0.2095446 ,
          0.23168753,  0.35348083],
        [-0.02666273, -0.02226449,  0.        , ...,  0.18772246,
          0.20997142,  0.33256608],
        ...,
        [-0.21384445, -0.2095446 , -0.18772246, ...,  0.        ,
          0.02270091,  0.14961647],
        [-0.23596512, -0.23168753, -0.20997142, ..., -0.02270091,
          0.        ,  0.12713252],
        [-0.35759293, -0.35348083, -0.33256608, ..., -0.14961647,
         -0.12713252,  0.        ]],

       ...,

       [[ 0.        ,  0.1708915 ,  0.11277924, ...,  0.56173241,
          0.47631316,  0.53382328],
        [-0.1708915 ,  0.        , -0.05868099, ...,  0.41208746,
          0.31904577,  0.38146548],
        [-0.11277924,  0.05868099,  0.        , ...,  0.46484419,
          0.37411027,  0.43505185],
        ...,
        [-0.56173241, -0.41208746, -0.46484419, ...,  0.        ,
         -0.09985474, -0.03335658],
        [-0.47631316, -0.31904577, -0.37411027, ...,  0.09985474,
          0.        ,  0.06660932],
        [-0.53382328, -0.38146548, -0.43505185, ...,  0.03335658,
         -0.06660932,  0.        ]],

       [[ 0.        , -0.69951398, -0.7834677 , ..., -0.99836857,
         -0.99978697, -0.99911956],
        [ 0.69951398,  0.        , -0.1251801 , ..., -0.67351205,
         -0.70002878, -0.68464258],
        [ 0.7834677 ,  0.1251801 ,  0.        , ..., -0.57568407,
         -0.60512943, -0.58801607],
        ...,
        [ 0.99836857,  0.67351205,  0.57568407, ...,  0.        ,
         -0.03647982, -0.01516277],
        [ 0.99978697,  0.70002878,  0.60512943, ...,  0.03647982,
          0.        ,  0.02132295],
        [ 0.99911956,  0.68464258,  0.58801607, ...,  0.01516277,
         -0.02132295,  0.        ]],

       [[ 0.        ,  0.19422062,  0.22068508, ..., -0.40765738,
         -0.27908607, -0.18709114],
        [-0.19422062,  0.        ,  0.02705063, ..., -0.57724435,
         -0.46027515, -0.37431972],
        [-0.22068508, -0.02705063,  0.        , ..., -0.59912189,
         -0.48412163, -0.39926678],
        ...,
        [ 0.40765738,  0.57724435,  0.59912189, ...,  0.        ,
          0.13661631,  0.22961972],
        [ 0.27908607,  0.46027515,  0.48412163, ..., -0.13661631,
          0.        ,  0.09450084],
        [ 0.18709114,  0.37431972,  0.39926678, ..., -0.22961972,
         -0.09450084,  0.        ]]]), 'num': array([7.07041013e-01, 7.07041013e-01, 0.00000000e+00, 1.47610317e-03,
       1.48106486e-03, 1.39919695e-03, 1.30559465e-02, 6.94636785e-05,
       1.40663949e-03, 1.35950342e-03, 1.29756497e-03, 1.81786104e-06,
       1.43673705e-03, 1.28226979e-03])}
{'img': array([[[ 0.        ,  0.08116139,  0.05365434, ...,  0.04007533,
          0.21148663,  0.85853923],
        [-0.08116139,  0.        , -0.02756715, ..., -0.04115307,
          0.13146334,  0.81409156],
        [-0.05365434,  0.02756715,  0.        , ..., -0.01359363,
          0.15874127,  0.82979142],
        ...,
        [-0.04007533,  0.04115307,  0.01359363, ...,  0.        ,
          0.17214787,  0.83730099],
        [-0.21148663, -0.13146334, -0.15874127, ..., -0.17214787,
          0.        ,  0.73068052],
        [-0.85853923, -0.81409156, -0.82979142, ..., -0.83730099,
         -0.73068052,  0.        ]],

       [[ 0.        , -0.13541945, -0.22079419, ..., -0.39408428,
         -0.12342561,  0.7185645 ],
        [ 0.13541945,  0.        , -0.08668296, ..., -0.26599358,
          0.01209535,  0.8061242 ],
        [ 0.22079419,  0.08668296,  0.        , ..., -0.18143218,
          0.09872644,  0.85438423],
        ...,
        [ 0.39408428,  0.26599358,  0.18143218, ...,  0.        ,
          0.27763373,  0.93448415],
        [ 0.12342561, -0.01209535, -0.09872644, ..., -0.27763373,
          0.        ,  0.79890785],
        [-0.7185645 , -0.8061242 , -0.85438423, ..., -0.93448415,
         -0.79890785,  0.        ]],

       [[ 0.        ,  0.02102069,  0.01256813, ...,  0.21524525,
          0.32372149,  0.77090694],
        [-0.02102069,  0.        , -0.00845367, ...,  0.19466972,
          0.30376118,  0.75734752],
        [-0.01256813,  0.00845367,  0.        , ...,  0.20295471,
          0.31180455,  0.76284081],
        ...,
        [-0.21524525, -0.19466972, -0.20295471, ...,  0.        ,
          0.11247865,  0.61573692],
        [-0.32372149, -0.30376118, -0.31180455, ..., -0.11247865,
          0.        ,  0.52320178],
        [-0.77090694, -0.75734752, -0.76284081, ..., -0.61573692,
         -0.52320178,  0.        ]],

       ...,

       [[ 0.        , -0.05868099, -0.14816996, ...,  0.31904577,
          0.38146548,  0.60861807],
        [ 0.05868099,  0.        , -0.08988137, ...,  0.37411027,
          0.43505185,  0.6541305 ],
        [ 0.14816996,  0.08988137,  0.        , ...,  0.45595061,
          0.51422064,  0.71946752],
        ...,
        [-0.31904577, -0.37411027, -0.45595061, ...,  0.        ,
          0.06660932,  0.32366015],
        [-0.38146548, -0.43505185, -0.51422064, ..., -0.06660932,
          0.        ,  0.25991738],
        [-0.60861807, -0.6541305 , -0.71946752, ..., -0.32366015,
         -0.25991738,  0.        ]],

       [[ 0.        , -0.13861924, -0.28391823, ..., -0.73370328,
         -0.71855865, -0.60904987],
        [ 0.13861924,  0.        , -0.14826236, ..., -0.63243231,
         -0.61521648, -0.4932266 ],
        [ 0.28391823,  0.14826236,  0.        , ..., -0.51059637,
         -0.4915333 , -0.35880194],
        ...,
        [ 0.73370328,  0.63243231,  0.51059637, ...,  0.        ,
          0.02202691,  0.16809238],
        [ 0.71855865,  0.61521648,  0.4915333 , ..., -0.02202691,
          0.        ,  0.1463381 ],
        [ 0.60904987,  0.4932266 ,  0.35880194, ..., -0.16809238,
         -0.1463381 ,  0.        ]],

       [[ 0.        ,  0.02705063,  0.09739546, ..., -0.46027515,
         -0.37431972, -0.34227053],
        [-0.02705063,  0.        ,  0.0704378 , ..., -0.48412163,
         -0.39926678, -0.36756209],
        [-0.09739546, -0.0704378 ,  0.        , ..., -0.54455228,
         -0.4628549 , -0.43215621],
        ...,
        [ 0.46027515,  0.48412163,  0.54455228, ...,  0.        ,
          0.09450084,  0.12861553],
        [ 0.37431972,  0.39926678,  0.4628549 , ..., -0.09450084,
          0.        ,  0.03432398],
        [ 0.34227053,  0.36756209,  0.43215621, ..., -0.12861553,
         -0.03432398,  0.        ]]]), 'num': array([ 7.07081063e-01,  7.07081063e-01,  0.00000000e+00,  1.43897199e-03,
        1.48859171e-03,  1.43897199e-03,  7.55413155e-03, -3.72147928e-05,
        1.41713931e-03,  1.36764363e-03,  1.29879627e-03,  1.59629344e-06,
        1.44264783e-03,  1.29263944e-03])}
{'img': array([[[ 0.        , -0.02756715, -0.14551725, ...,  0.13146334,
          0.81409156,  0.35182995],
        [ 0.02756715,  0.        , -0.11818823, ...,  0.15874127,
          0.82979142,  0.37750086],
        [ 0.14551725,  0.11818823,  0.        , ...,  0.27431832,
          0.88993332,  0.48429843],
        ...,
        [-0.13146334, -0.15874127, -0.27431832, ...,  0.        ,
          0.73068052,  0.22571834],
        [-0.81409156, -0.82979142, -0.88993332, ..., -0.73068052,
          0.        , -0.55772123],
        [-0.35182995, -0.37750086, -0.48429843, ..., -0.22571834,
          0.55772123,  0.        ]],

       [[ 0.        , -0.08668296,  0.11264789, ...,  0.01209535,
          0.8061242 ,  0.35640995],
        [ 0.08668296,  0.        ,  0.1983551 , ...,  0.09872644,
          0.85438423,  0.43605887],
        [-0.11264789, -0.1983551 ,  0.        , ..., -0.10062129,
          0.73433421,  0.24889112],
        ...,
        [-0.01209535, -0.09872644,  0.10062129, ...,  0.        ,
          0.79890785,  0.34508284],
        [-0.8061242 , -0.85438423, -0.73433421, ..., -0.79890785,
          0.        , -0.54228146],
        [-0.35640995, -0.43605887, -0.24889112, ..., -0.34508284,
          0.54228146,  0.        ]],

       [[ 0.        , -0.00774081,  0.10085527, ...,  0.26803715,
          0.53555756,  0.80069845],
        [ 0.00774081,  0.        ,  0.10855359, ...,  0.27548668,
          0.54207862,  0.80531173],
        [-0.10085527, -0.10855359,  0.        , ...,  0.16950562,
          0.44765466,  0.73619665],
        ...,
        [-0.26803715, -0.27548668, -0.16950562, ...,  0.        ,
          0.28960372,  0.61082739],
        [-0.53555756, -0.54207862, -0.44765466, ..., -0.28960372,
          0.        ,  0.35535364],
        [-0.80069845, -0.80531173, -0.73619665, ..., -0.61082739,
         -0.35535364,  0.        ]],

       ...,

       [[ 0.        , -0.08988137, -0.0444606 , ...,  0.43505185,
          0.6541305 ,  0.45816023],
        [ 0.08988137,  0.        ,  0.04551184, ...,  0.51422064,
          0.71946752,  0.53619863],
        [ 0.0444606 , -0.04551184,  0.        , ...,  0.47465421,
          0.68711284,  0.49722685],
        ...,
        [-0.43505185, -0.51422064, -0.47465421, ...,  0.        ,
          0.25991738,  0.02582557],
        [-0.6541305 , -0.71946752, -0.68711284, ..., -0.25991738,
          0.        , -0.23489272],
        [-0.45816023, -0.53619863, -0.49722685, ..., -0.02582557,
          0.23489272,  0.        ]],

       [[ 0.        , -0.14826236, -0.24542833, ..., -0.61521648,
         -0.4932266 , -0.45065702],
        [ 0.14826236,  0.        , -0.09898816, ..., -0.4915333 ,
         -0.35880194, -0.313323  ],
        [ 0.24542833,  0.09898816,  0.        , ..., -0.40291448,
         -0.26464282, -0.21778038],
        ...,
        [ 0.61521648,  0.4915333 ,  0.40291448, ...,  0.        ,
          0.1463381 ,  0.19392285],
        [ 0.4932266 ,  0.35880194,  0.26464282, ..., -0.1463381 ,
          0.        ,  0.04827506],
        [ 0.45065702,  0.313323  ,  0.21778038, ..., -0.19392285,
         -0.04827506,  0.        ]],

       [[ 0.        ,  0.0704378 ,  0.05715954, ..., -0.39926678,
         -0.36756209, -0.27712668],
        [-0.0704378 ,  0.        , -0.01330507, ..., -0.4628549 ,
         -0.43215621, -0.34411733],
        [-0.05715954,  0.01330507,  0.        , ..., -0.45101986,
         -0.42011947, -0.33159439],
        ...,
        [ 0.39926678,  0.4628549 ,  0.45101986, ...,  0.        ,
          0.03432398,  0.12954947],
        [ 0.36756209,  0.43215621,  0.42011947, ..., -0.03432398,
          0.        ,  0.0954384 ],
        [ 0.27712668,  0.34411733,  0.33159439, ..., -0.12954947,
         -0.0954384 ,  0.        ]]]), 'num': array([7.07091680e-01, 7.07091680e-01, 0.00000000e+00, 1.47620895e-03,
       1.47620895e-03, 1.44643667e-03, 5.17898757e-03, 3.72153516e-05,
       1.43502396e-03, 1.37510724e-03, 1.30034573e-03, 1.71225561e-06,
       1.46133664e-03, 1.28887784e-03])}
{'img': array([[[ 0.        , -0.11818823,  0.01371907, ...,  0.82979142,
          0.37750086,  0.82979142],
        [ 0.11818823,  0.        ,  0.13180002, ...,  0.88993332,
          0.48429843,  0.88993332],
        [-0.01371907, -0.13180002,  0.        , ...,  0.82205707,
          0.36476135,  0.82205707],
        ...,
        [-0.82979142, -0.88993332, -0.82205707, ...,  0.        ,
         -0.55772123,  0.        ],
        [-0.37750086, -0.48429843, -0.36476135, ...,  0.55772123,
          0.        ,  0.55772123],
        [-0.82979142, -0.88993332, -0.82205707, ...,  0.        ,
         -0.55772123,  0.        ]],

       [[ 0.        ,  0.1983551 , -0.00886421, ...,  0.85438423,
          0.43605887,  0.15143912],
        [-0.1983551 ,  0.        , -0.20703539, ...,  0.73433421,
          0.24889112, -0.04763733],
        [ 0.00886421,  0.20703539,  0.        , ...,  0.85895688,
          0.4440188 ,  0.16019515],
        ...,
        [-0.85438423, -0.73433421, -0.85895688, ...,  0.        ,
         -0.54228146, -0.76583617],
        [-0.43605887, -0.24889112, -0.4440188 , ...,  0.54228146,
          0.        , -0.29474681],
        [-0.15143912,  0.04763733, -0.16019515, ...,  0.76583617,
          0.29474681,  0.        ]],

       [[ 0.        ,  0.09495917,  0.16157705, ...,  0.43471264,
          0.54205889,  0.86108437],
        [-0.09495917,  0.        ,  0.0671355 , ...,  0.34723095,
          0.45981138,  0.80891014],
        [-0.16157705, -0.0671355 ,  0.        , ...,  0.28348924,
          0.39915655,  0.767614  ],
        ...,
        [-0.43471264, -0.34723095, -0.28348924, ...,  0.        ,
          0.12285491,  0.55443117],
        [-0.54205889, -0.45981138, -0.39915655, ..., -0.12285491,
          0.        ,  0.44798767],
        [-0.86108437, -0.80891014, -0.767614  , ..., -0.55443117,
         -0.44798767,  0.        ]],

       ...,

       [[ 0.        ,  0.04551184,  0.09321813, ...,  0.71946752,
          0.53619863,  0.63475847],
        [-0.04551184,  0.        ,  0.04780787, ...,  0.68711284,
          0.49722685,  0.59893324],
        [-0.09321813, -0.04780787,  0.        , ...,  0.65159233,
          0.45517921,  0.55996391],
        ...,
        [-0.71946752, -0.68711284, -0.65159233, ...,  0.        ,
         -0.23489272, -0.11508387],
        [-0.53619863, -0.49722685, -0.45517921, ...,  0.23489272,
          0.        ,  0.12146806],
        [-0.63475847, -0.59893324, -0.55996391, ...,  0.11508387,
         -0.12146806,  0.        ]],

       [[ 0.        , -0.09898816, -0.16829647, ..., -0.35880194,
         -0.313323  , -0.15819791],
        [ 0.09898816,  0.        , -0.06989366, ..., -0.26464282,
         -0.21778038, -0.05967929],
        [ 0.16829647,  0.06989366,  0.        , ..., -0.19659391,
         -0.14903172,  0.01023574],
        ...,
        [ 0.35880194,  0.26464282,  0.19659391, ...,  0.        ,
          0.04827506,  0.2066196 ],
        [ 0.313323  ,  0.21778038,  0.14903172, ..., -0.04827506,
          0.        ,  0.15914535],
        [ 0.15819791,  0.05967929, -0.01023574, ..., -0.2066196 ,
         -0.15914535,  0.        ]],

       [[ 0.        , -0.01330507,  0.01321524, ..., -0.43215621,
         -0.34411733, -0.37821657],
        [ 0.01330507,  0.        ,  0.02651798, ..., -0.42011947,
         -0.33159439, -0.36586636],
        [-0.01321524, -0.02651798,  0.        , ..., -0.44403596,
         -0.35649542, -0.39041712],
        ...,
        [ 0.43215621,  0.42011947,  0.44403596, ...,  0.        ,
          0.0954384 ,  0.05897918],
        [ 0.34411733,  0.33159439,  0.35649542, ..., -0.0954384 ,
          0.        , -0.0365623 ],
        [ 0.37821657,  0.36586636,  0.39041712, ..., -0.05897918,
          0.0365623 ,  0.        ]]]), 'num': array([7.06997654e-01, 7.06997654e-01, 0.00000000e+00, 1.53554929e-03,
       1.53802999e-03, 1.49089681e-03, 1.70895969e-02, 5.95366446e-05,
       1.46658601e-03, 1.38534330e-03, 1.30277755e-03, 1.73308726e-06,
       1.49352515e-03, 1.27716145e-03])}
{'img': array([[[ 0.        ,  0.10560616, -0.01038056, ...,  0.36312868,
          0.54682686,  0.95947449],
        [-0.10560616,  0.        , -0.11592298, ...,  0.2627007 ,
          0.45535072,  0.9243498 ],
        [ 0.01038056,  0.11592298,  0.        , ...,  0.37278108,
          0.55548847,  0.96234798],
        ...,
        [-0.36312868, -0.2627007 , -0.37278108, ...,  0.        ,
          0.20547198,  0.79165177],
        [-0.54682686, -0.45535072, -0.55548847, ..., -0.20547198,
          0.        ,  0.64922255],
        [-0.95947449, -0.9243498 , -0.96234798, ..., -0.79165177,
         -0.64922255,  0.        ]],

       [[ 0.        , -0.20703539, -0.0887932 , ...,  0.24889112,
         -0.04763733,  0.94969304],
        [ 0.20703539,  0.        ,  0.11934826, ...,  0.4440188 ,
          0.16019515,  0.99395628],
        [ 0.0887932 , -0.11934826,  0.        , ...,  0.33390704,
          0.04124323,  0.97375029],
        ...,
        [-0.24889112, -0.4440188 , -0.33390704, ...,  0.        ,
         -0.29474681,  0.84185932],
        [ 0.04763733, -0.16019515, -0.04124323, ...,  0.29474681,
          0.        ,  0.96353402],
        [-0.94969304, -0.99395628, -0.97375029, ..., -0.84185932,
         -0.96353402,  0.        ]],

       [[ 0.        ,  0.05502378,  0.03650893, ...,  0.34442877,
          0.48563505,  0.89240055],
        [-0.05502378,  0.        , -0.01853348, ...,  0.29224996,
          0.43679966,  0.86621945],
        [-0.03650893,  0.01853348,  0.        , ...,  0.30992411,
          0.45339658,  0.87533117],
        ...,
        [-0.34442877, -0.29224996, -0.30992411, ...,  0.        ,
          0.15483382,  0.6823753 ],
        [-0.48563505, -0.43679966, -0.45339658, ..., -0.15483382,
          0.        ,  0.56096238],
        [-0.89240055, -0.86621945, -0.87533117, ..., -0.6823753 ,
         -0.56096238,  0.        ]],

       ...,

       [[ 0.        ,  0.04780787,  0.0026505 , ...,  0.49722685,
          0.59893324,  0.61686329],
        [-0.04780787,  0.        , -0.04516023, ...,  0.45517921,
          0.55996391,  0.57852979],
        [-0.0026505 ,  0.04516023,  0.        , ...,  0.49492548,
          0.59680863,  0.614775  ],
        ...,
        [-0.49722685, -0.45517921, -0.49492548, ...,  0.        ,
          0.12146806,  0.14385079],
        [-0.59893324, -0.55996391, -0.59680863, ..., -0.12146806,
          0.        ,  0.0225809 ],
        [-0.61686329, -0.57852979, -0.614775  , ..., -0.14385079,
         -0.0225809 ,  0.        ]],

       [[ 0.        , -0.06989366, -0.08324834, ..., -0.21778038,
         -0.05967929,  0.25130523],
        [ 0.06989366,  0.        , -0.0133937 , ..., -0.14903172,
          0.01023574,  0.31834127],
        [ 0.08324834,  0.0133937 ,  0.        , ..., -0.13577423,
          0.02362782,  0.33100963],
        ...,
        [ 0.21778038,  0.14903172,  0.13577423, ...,  0.        ,
          0.15914535,  0.45606469],
        [ 0.05967929, -0.01023574, -0.02362782, ..., -0.15914535,
          0.        ,  0.30862136],
        [-0.25130523, -0.31834127, -0.33100963, ..., -0.45606469,
         -0.30862136,  0.        ]],

       [[ 0.        ,  0.02651798, -0.05201303, ..., -0.33159439,
         -0.36586636, -0.4585268 ],
        [-0.02651798,  0.        , -0.07847682, ..., -0.35649542,
         -0.39041712, -0.48193156],
        [ 0.05201303,  0.07847682,  0.        , ..., -0.2820753 ,
         -0.31696429, -0.41168317],
        ...,
        [ 0.33159439,  0.35649542,  0.2820753 , ...,  0.        ,
         -0.0365623 , -0.13790279],
        [ 0.36586636,  0.39041712,  0.31696429, ...,  0.0365623 ,
          0.        , -0.10159761],
        [ 0.4585268 ,  0.48193156,  0.41168317, ...,  0.13790279,
          0.10159761,  0.        ]]]), 'num': array([7.07082296e-01, 7.07082296e-01, 0.00000000e+00, 1.54813808e-03,
       1.57046699e-03, 1.52580916e-03, 7.22779523e-03, 1.24049526e-05,
       1.49504488e-03, 1.39630146e-03, 1.30611745e-03, 2.01110594e-06,
       1.52264796e-03, 1.26995496e-03])}
{'img': array([[[ 0.        , -0.1118614 , -0.18074502, ...,  0.43065456,
          0.78468366,  0.93751982],
        [ 0.1118614 ,  0.        , -0.06959159, ...,  0.52890848,
          0.84910132,  0.97055592],
        [ 0.18074502,  0.06959159,  0.        , ...,  0.5866871 ,
          0.8838031 ,  0.98496581],
        ...,
        [-0.43065456, -0.52890848, -0.5866871 , ...,  0.        ,
          0.44122901,  0.69628898],
        [-0.78468366, -0.84910132, -0.8838031 , ..., -0.44122901,
          0.        ,  0.30814871],
        [-0.93751982, -0.97055592, -0.98496581, ..., -0.69628898,
         -0.30814871,  0.        ]],

       [[ 0.        ,  0.11934826, -0.07919287, ...,  0.16019515,
          0.99395628,  0.41000487],
