state_0,state_1,state_2,state_3,state_4,state_5,state_6,state_7,state_8,state_9,state_10,state_11,state_12,state_13,state_14,state_15,state_16,state_17,state_18,state_19,state_20,state_21,state_22,state_23,state_24,state_25,state_26,state_27,state_28,state_29,state_30,state_31,state_32,state_33,state_34,state_35,state_36,state_37,state_38,state_39,state_40,state_41,state_42,state_43,state_44,state_45,state_46,state_47,state_48,state_49,state_50,state_51,state_52,state_53,state_54,state_55,state_56,state_57,state_58,state_59,state_60,state_61,state_62,state_63,state_64,state_65,state_66,state_67,state_68,state_69,state_70,state_71,state_72,state_73,state_74,state_75,state_76,state_77,state_78,state_79,state_80,state_81,state_82,state_83,state_84,state_85,state_86,state_87,state_88,state_89,state_90,state_91,state_92,state_93,state_94,state_95,state_96,state_97,state_98,state_99,state_100,state_101,state_102,state_103,state_104,state_105,state_106,state_107,state_108,state_109,state_110,state_111,state_112,state_113,state_114,state_115,state_116,state_117,state_118,state_119,state_120,state_121,state_122,state_123,state_124,state_125,state_126,state_127,state_128,state_129,state_130,state_131,state_132,state_133,state_134,state_135,state_136,state_137,state_138,state_139,state_140,state_141,state_142,state_143,state_144,state_145,state_146,state_147,state_148,state_149,state_150,state_151,state_152,state_153,state_154,state_155,state_156,state_157,state_158,state_159,state_160,state_161,state_162,state_163,state_164,state_165,state_166,state_167,state_168,state_169,state_170,state_171,state_172,state_173,state_174,state_175,state_176,state_177,state_178,state_179,state_180,state_181,state_182,state_183,state_184,state_185,state_186,state_187,state_188,state_189,state_190,state_191,state_192,state_193,state_194,state_195,state_196,state_197,state_198,state_199,state_200,state_201,state_202,state_203,state_204,state_205,state_206,state_207,state_208,state_209,state_210,state_211,state_212,state_213,state_214,state_215,state_216,state_217,state_218,state_219,state_220,state_221,state_222,state_223,state_224,state_225,state_226,state_227,state_228,state_229,state_230,state_231,state_232,state_233,state_234,state_235,state_236,state_237,state_238,state_239,state_240,state_241,state_242,state_243,state_244,state_245,state_246,state_247,state_248,state_249,state_250,state_251,state_252,state_253,state_254,state_255,state_256,state_257,state_258,state_259,state_260,state_261,state_262,state_263,state_264,state_265,state_266,state_267,state_268,state_269,state_270,state_271,state_272,state_273,state_274,state_275,state_276,state_277,state_278,state_279,state_280,state_281,state_282,state_283,state_284,state_285,state_286,state_287
{'img': array([[[ 0.        ,  0.46698087,  0.28191007, ..., -0.94367693,
         -0.99485594, -0.98044272],
        [-0.46698087,  0.        , -0.19875663, ..., -0.98897194,
         -0.92702378, -0.95887756],
        [-0.28191007,  0.19875663,  0.        , ..., -0.99867729,
         -0.98306286, -0.99615799],
        ...,
        [ 0.94367693,  0.98897194,  0.99867729, ...,  0.        ,
         -0.23357203, -0.13867746],
        [ 0.99485594,  0.92702378,  0.98306286, ...,  0.23357203,
          0.        ,  0.09647359],
        [ 0.98044272,  0.95887756,  0.99615799, ...,  0.13867746,
         -0.09647359,  0.        ]],

       [[ 0.        ,  0.04188668, -0.29403599, ..., -0.57667814,
         -0.53647607, -0.60230683],
        [-0.04188668,  0.        , -0.33381298, ..., -0.61039225,
         -0.57135406, -0.63521488],
        [ 0.29403599,  0.33381298,  0.        , ..., -0.31096671,
         -0.26461926, -0.34096292],
        ...,
        [ 0.57667814,  0.61039225,  0.31096671, ...,  0.        ,
          0.04838202, -0.03172568],
        [ 0.53647607,  0.57135406,  0.26461926, ..., -0.04838202,
          0.        , -0.08004619],
        [ 0.60230683,  0.63521488,  0.34096292, ...,  0.03172568,
          0.08004619,  0.        ]],

       [[ 0.        ,  0.09637761,  0.17989552, ..., -0.97229209,
         -0.95202587, -0.9581654 ],
        [-0.09637761,  0.        ,  0.0842528 , ..., -0.94523578,
         -0.9181008 , -0.92612027],
        [-0.17989552, -0.0842528 ,  0.        , ..., -0.91437579,
         -0.88144307, -0.89104482],
        ...,
        [ 0.97229209,  0.94523578,  0.91437579, ...,  0.        ,
         -0.07498399, -0.05429495],
        [ 0.95202587,  0.9181008 ,  0.88144307, ...,  0.07498399,
          0.        ,  0.02073129],
        [ 0.9581654 ,  0.92612027,  0.89104482, ...,  0.05429495,
         -0.02073129,  0.        ]],

       ...,

       [[ 0.        ,  0.07037793,  0.04491785, ..., -0.60480431,
         -0.94851285, -0.80017531],
        [-0.07037793,  0.        , -0.02550042, ..., -0.6593518 ,
         -0.96845233, -0.8404015 ],
        [-0.04491785,  0.02550042,  0.        , ..., -0.63996529,
         -0.96178272, -0.82630789],
        ...,
        [ 0.60480431,  0.6593518 ,  0.63996529, ...,  0.        ,
         -0.56380619, -0.27449774],
        [ 0.94851285,  0.96845233,  0.96178272, ...,  0.56380619,
          0.        ,  0.31543948],
        [ 0.80017531,  0.8404015 ,  0.82630789, ...,  0.27449774,
         -0.31543948,  0.        ]],

       [[ 0.        ,  0.1473139 ,  0.2572363 , ..., -0.90857148,
         -0.91748386, -0.99272479],
        [-0.1473139 ,  0.        ,  0.11207323, ..., -0.96019613,
         -0.96607141, -0.99963136],
        [-0.2572363 , -0.11207323,  0.        , ..., -0.98545189,
         -0.98893084, -0.99029081],
        ...,
        [ 0.90857148,  0.96019613,  0.98545189, ...,  0.        ,
         -0.02185477, -0.30529335],
        [ 0.91748386,  0.96607141,  0.98893084, ...,  0.02185477,
          0.        , -0.28440904],
        [ 0.99272479,  0.99963136,  0.99029081, ...,  0.30529335,
          0.28440904,  0.        ]],

       [[ 0.        , -0.04874575, -0.03305255, ..., -0.58992841,
         -0.64764303, -0.62415679],
        [ 0.04874575,  0.        ,  0.01570585, ..., -0.5498671 ,
         -0.6097316 , -0.5853298 ],
        [ 0.03305255, -0.01570585,  0.        , ..., -0.56291762,
         -0.62210497, -0.59799183],
        ...,
        [ 0.58992841,  0.5498671 ,  0.56291762, ...,  0.        ,
         -0.0734506 , -0.04306832],
        [ 0.64764303,  0.6097316 ,  0.62210497, ...,  0.0734506 ,
          0.        ,  0.03043046],
        [ 0.62415679,  0.5853298 ,  0.59799183, ...,  0.04306832,
         -0.03043046,  0.        ]]]), 'num': array([7.08492853e-01, 7.05587466e-01, 5.99667072e-07, 1.38351760e-04,
       1.42206763e-04, 1.34639535e-04, 1.35663253e-02, 1.28500087e-06,
       1.38123316e-04, 1.42049707e-04, 1.47529998e-04, 1.18636688e-06,
       1.50948286e-04, 1.33151128e-04])}
{'img': array([[[ 0.        , -0.19875663,  0.19681772, ..., -0.92702378,
         -0.95887756, -0.97166423],
        [ 0.19875663,  0.        ,  0.38775995, ..., -0.98306286,
         -0.99615799, -0.99925764],
        [-0.19681772, -0.38775995,  0.        , ..., -0.83508413,
         -0.88426119, -0.90613767],
        ...,
        [ 0.92702378,  0.98306286,  0.83508413, ...,  0.        ,
          0.09647359,  0.1452602 ],
        [ 0.95887756,  0.99615799,  0.88426119, ..., -0.09647359,
          0.        ,  0.0491323 ],
        [ 0.97166423,  0.99925764,  0.90613767, ..., -0.1452602 ,
         -0.0491323 ,  0.        ]],

       [[ 0.        , -0.33381298, -0.16664234, ..., -0.57135406,
         -0.63521488, -0.5544256 ],
        [ 0.33381298,  0.        ,  0.17206179, ..., -0.26461926,
         -0.34096292, -0.24481309],
        [ 0.16664234, -0.17206179,  0.        , ..., -0.42660107,
         -0.49762914, -0.40798799],
        ...,
        [ 0.57135406,  0.26461926,  0.42660107, ...,  0.        ,
         -0.08004619,  0.02048074],
        [ 0.63521488,  0.34096292,  0.49762914, ...,  0.08004619,
          0.        ,  0.10044442],
        [ 0.5544256 ,  0.24481309,  0.40798799, ..., -0.02048074,
         -0.10044442,  0.        ]],

       [[ 0.        ,  0.0842528 ,  0.42706315, ..., -0.9181008 ,
         -0.92612027, -0.93357762],
        [-0.0842528 ,  0.        ,  0.34936147, ..., -0.88144307,
         -0.89104482, -0.90006408],
        [-0.42706315, -0.34936147,  0.        , ..., -0.66090158,
         -0.6763178 , -0.69111237],
        ...,
        [ 0.9181008 ,  0.88144307,  0.66090158, ...,  0.        ,
          0.02073129,  0.04099605],
        [ 0.92612027,  0.89104482,  0.6763178 , ..., -0.02073129,
          0.        ,  0.02027337],
        [ 0.93357762,  0.90006408,  0.69111237, ..., -0.04099605,
         -0.02027337,  0.        ]],

       ...,

       [[ 0.        , -0.02550042,  0.20901738, ..., -0.96845233,
         -0.8404015 , -0.73927576],
        [ 0.02550042,  0.        ,  0.23388658, ..., -0.96178272,
         -0.82630789, -0.7218633 ],
        [-0.20901738, -0.23388658,  0.        , ..., -0.99914798,
         -0.93511861, -0.86369947],
        ...,
        [ 0.96845233,  0.96178272,  0.99914798, ...,  0.        ,
          0.31543948,  0.46793183],
        [ 0.8404015 ,  0.82630789,  0.93511861, ..., -0.31543948,
          0.        ,  0.16526765],
        [ 0.73927576,  0.7218633 ,  0.86369947, ..., -0.46793183,
         -0.16526765,  0.        ]],

       [[ 0.        ,  0.10914734,  0.2321606 , ..., -0.94150181,
         -0.99204056, -0.93117474],
        [-0.10914734,  0.        ,  0.12460842, ..., -0.97266041,
         -0.99985739, -0.88581932],
        [-0.2321606 , -0.12460842,  0.        , ..., -0.99401756,
         -0.99416887, -0.82109315],
        ...,
        [ 0.94150181,  0.97266041,  0.99401756, ...,  0.        ,
         -0.21577282, -0.65705957],
        [ 0.99204056,  0.99985739,  0.99416887, ...,  0.21577282,
          0.        , -0.47892372],
        [ 0.93117474,  0.88581932,  0.82109315, ...,  0.65705957,
          0.47892372,  0.        ]],

       [[ 0.        ,  0.01570585,  0.0328029 , ..., -0.6097316 ,
         -0.5853298 , -0.54514276],
        [-0.01570585,  0.        ,  0.01710145, ..., -0.62210497,
         -0.59799183, -0.55824241],
        [-0.0328029 , -0.01710145,  0.        , ..., -0.6354033 ,
         -0.61161123, -0.57234947],
        ...,
        [ 0.6097316 ,  0.62210497,  0.6354033 , ...,  0.        ,
          0.03043046,  0.07907987],
        [ 0.5853298 ,  0.59799183,  0.61161123, ..., -0.03043046,
          0.        ,  0.04870808],
        [ 0.54514276,  0.55824241,  0.57234947, ..., -0.07907987,
         -0.04870808,  0.        ]]]), 'num': array([ 7.07093513e-01,  7.07093513e-01,  0.00000000e+00,  9.08845738e-05,
        9.27099510e-05,  9.06924288e-05,  6.12031707e-03, -2.20966723e-06,
        9.23064466e-05,  9.50060835e-05,  9.87737263e-05,  6.63773554e-07,
        1.00447180e-04,  8.95649870e-05])}
{'img': array([[[ 0.        ,  0.38775995, -0.47340337, ..., -0.99615799,
         -0.99925764, -0.98611395],
        [-0.38775995,  0.        , -0.77792119, ..., -0.88426119,
         -0.90613767, -0.84456546],
        [ 0.47340337,  0.77792119,  0.        , ..., -0.91891949,
         -0.8984297 , -0.94723243],
        ...,
        [ 0.99615799,  0.88426119,  0.91891949, ...,  0.        ,
          0.0491323 , -0.07907383],
        [ 0.99925764,  0.90613767,  0.8984297 , ..., -0.0491323 ,
          0.        , -0.12795679],
        [ 0.98611395,  0.84456546,  0.94723243, ...,  0.07907383,
          0.12795679,  0.        ]],

       [[ 0.        ,  0.17206179,  0.45336434, ..., -0.34096292,
         -0.24481309, -0.33634646],
        [-0.17206179,  0.        ,  0.59996595, ..., -0.49762914,
         -0.40798799, -0.49336742],
        [-0.45336434, -0.59996595,  0.        , ..., -0.12228839,
         -0.22136049, -0.12715646],
        ...,
        [ 0.34096292,  0.49762914,  0.12228839, ...,  0.        ,
          0.10044442,  0.00490636],
        [ 0.24481309,  0.40798799,  0.22136049, ..., -0.10044442,
          0.        , -0.09556167],
        [ 0.33634646,  0.49336742,  0.12715646, ..., -0.00490636,
          0.09556167,  0.        ]],

       [[ 0.        ,  0.34936147,  0.01471963, ..., -0.89104482,
         -0.90006408, -0.87121705],
        [-0.34936147,  0.        , -0.3355315 , ..., -0.6763178 ,
         -0.69111237, -0.6448191 ],
        [-0.01471963,  0.3355315 ,  0.        , ..., -0.88426682,
         -0.89355238, -0.86389683],
        ...,
        [ 0.89104482,  0.6763178 ,  0.88426682, ...,  0.        ,
          0.02027337, -0.04195336],
        [ 0.90006408,  0.69111237,  0.89355238, ..., -0.02027337,
          0.        , -0.06220025],
        [ 0.87121705,  0.6448191 ,  0.86389683, ...,  0.04195336,
          0.06220025,  0.        ]],

       ...,

       [[ 0.        ,  0.23388658, -0.2622052 , ..., -0.82630789,
         -0.7218633 , -0.84432213],
        [-0.23388658,  0.        , -0.48063603, ..., -0.93511861,
         -0.86369947, -0.94622875],
        [ 0.2622052 ,  0.48063603,  0.        , ..., -0.64971828,
         -0.5151515 , -0.67428215],
        ...,
        [ 0.82630789,  0.93511861,  0.64971828, ...,  0.        ,
          0.16526765, -0.03277254],
        [ 0.7218633 ,  0.86369947,  0.5151515 , ..., -0.16526765,
          0.        , -0.19750075],
        [ 0.84432213,  0.94622875,  0.67428215, ...,  0.03277254,
          0.19750075,  0.        ]],

       [[ 0.        ,  0.12156753,  0.09732053, ..., -0.99221575,
         -0.99316111, -0.87508633],
        [-0.12156753,  0.        , -0.02439174, ..., -0.99999554,
         -0.97160175, -0.80976131],
        [-0.09732053,  0.02439174,  0.        , ..., -0.99962519,
         -0.9770843 , -0.82383247],
        ...,
        [ 0.99221575,  0.99999554,  0.99962519, ...,  0.        ,
         -0.23952221, -0.58917469],
        [ 0.99316111,  0.97160175,  0.9770843 , ...,  0.23952221,
          0.        , -0.37848904],
        [ 0.87508633,  0.80976131,  0.82383247, ...,  0.58917469,
          0.37848904,  0.        ]],

       [[ 0.        ,  0.01710145,  0.29563034, ..., -0.59799183,
         -0.55824241, -0.5603521 ],
        [-0.01710145,  0.        ,  0.27925005, ..., -0.61161123,
         -0.57234947, -0.57443451],
        [-0.29563034, -0.27925005,  0.        , ..., -0.80821141,
         -0.77856828, -0.78016288],
        ...,
        [ 0.59799183,  0.61161123,  0.80821141, ...,  0.        ,
          0.04870808,  0.04616598],
        [ 0.55824241,  0.57234947,  0.77856828, ..., -0.04870808,
          0.        , -0.00254496],
        [ 0.5603521 ,  0.57443451,  0.78016288, ..., -0.04616598,
          0.00254496,  0.        ]]]), 'num': array([ 8.89299786e-01,  4.57284381e-01,  9.24097123e-05,  1.13628460e-04,
        1.16180543e-04,  1.13263877e-04,  6.06338477e-03, -1.33680541e-06,
        1.15524293e-04,  1.19662314e-04,  1.24318852e-04,  8.13754196e-07,
        1.26875485e-04,  1.12449142e-04])}
{'img': array([[[ 0.        , -0.77792119, -0.95215245, ..., -0.90613767,
         -0.84456546, -0.80795656],
        [ 0.77792119,  0.        , -0.36054531, ..., -0.8984297 ,
         -0.94723243, -0.96607296],
        [ 0.95215245,  0.36054531,  0.        , ..., -0.67968113,
         -0.76795127, -0.80797876],
        ...,
        [ 0.90613767,  0.8984297 ,  0.67968113, ...,  0.        ,
         -0.12795679, -0.19218263],
        [ 0.84456546,  0.94723243,  0.76795127, ...,  0.12795679,
          0.        , -0.06503127],
        [ 0.80795656,  0.96607296,  0.80797876, ...,  0.19218263,
          0.06503127,  0.        ]],

       [[ 0.        ,  0.59996595,  0.06346744, ..., -0.40798799,
         -0.49336742, -0.56843527],
        [-0.59996595,  0.        , -0.64953194, ..., -0.22136049,
         -0.12715646, -0.03884605],
        [-0.06346744,  0.64953194,  0.        , ..., -0.46511041,
         -0.54757806, -0.61950569],
        ...,
        [ 0.40798799,  0.22136049,  0.46511041, ...,  0.        ,
         -0.09556167, -0.18331104],
        [ 0.49336742,  0.12715646,  0.54757806, ...,  0.09556167,
          0.        , -0.08852975],
        [ 0.56843527,  0.03884605,  0.61950569, ...,  0.18331104,
          0.08852975,  0.        ]],

       [[ 0.        , -0.3355315 , -0.57086204, ..., -0.69111237,
         -0.6448191 , -0.55983008],
        [ 0.3355315 ,  0.        , -0.26228179, ..., -0.89355238,
         -0.86389683, -0.80540006],
        [ 0.57086204,  0.26228179,  0.        , ..., -0.98002406,
         -0.9657561 , -0.93266678],
        ...,
        [ 0.69111237,  0.89355238,  0.98002406, ...,  0.        ,
         -0.06220025, -0.16804516],
        [ 0.6448191 ,  0.86389683,  0.9657561 , ...,  0.06220025,
          0.        , -0.10640405],
        [ 0.55983008,  0.80540006,  0.93266678, ...,  0.16804516,
          0.10640405,  0.        ]],

       ...,

       [[ 0.        , -0.48063603, -0.74500294, ..., -0.86369947,
         -0.94622875, -0.9561945 ],
        [ 0.48063603,  0.        , -0.33269446, ..., -0.5151515 ,
         -0.67428215, -0.69780865],
        [ 0.74500294,  0.33269446,  0.        , ..., -0.20065358,
         -0.39018529, -0.41975396],
        ...,
        [ 0.86369947,  0.5151515 ,  0.20065358, ...,  0.        ,
         -0.19750075, -0.2290963 ],
        [ 0.94622875,  0.67428215,  0.39018529, ...,  0.19750075,
          0.        , -0.03233576],
        [ 0.9561945 ,  0.69780865,  0.41975396, ...,  0.2290963 ,
          0.03233576,  0.        ]],

       [[ 0.        , -0.02431673, -0.06171201, ..., -0.97646258,
         -0.88226391, -0.80830557],
        [ 0.02431673,  0.        , -0.03742338, ..., -0.98141864,
         -0.89345025, -0.82238335],
        [ 0.06171201,  0.03742338,  0.        , ..., -0.98791191,
         -0.90963356, -0.8430987 ],
        ...,
        [ 0.97646258,  0.98141864,  0.98791191, ...,  0.        ,
         -0.26938203, -0.40056433],
        [ 0.88226391,  0.89345025,  0.90963356, ...,  0.26938203,
          0.        , -0.13893053],
        [ 0.80830557,  0.82238335,  0.8430987 , ...,  0.40056433,
          0.13893053,  0.        ]],

       [[ 0.        ,  0.27925005,  0.66980756, ..., -0.57234947,
         -0.57443451, -0.6199212 ],
        [-0.27925005,  0.        ,  0.43580869, ..., -0.77856828,
         -0.78016288, -0.81437724],
        [-0.66980756, -0.43580869,  0.        , ..., -0.97423813,
         -0.97480892, -0.98588695],
        ...,
        [ 0.57234947,  0.77856828,  0.97423813, ...,  0.        ,
         -0.00254496, -0.0592394 ],
        [ 0.57443451,  0.78016288,  0.97480892, ...,  0.00254496,
          0.        , -0.05669871],
        [ 0.6199212 ,  0.81437724,  0.98588695, ...,  0.0592394 ,
          0.05669871,  0.        ]]]), 'num': array([ 8.75295860e-01,  4.83561835e-01,  8.53451035e-05,  1.10721884e-04,
        1.14099022e-04,  1.10360048e-04,  4.99946696e-03, -2.05040526e-06,
        1.14050777e-04,  1.18229985e-04,  1.22694642e-04,  7.76823527e-07,
        1.26086221e-04,  1.10373750e-04])}
{'img': array([[[ 0.        , -0.50336276, -0.71336125, ..., -0.99928676,
         -0.99944392, -0.98875213],
        [ 0.50336276,  0.        , -0.2636429 , ..., -0.84445093,
         -0.88037908, -0.92964085],
        [ 0.71336125,  0.2636429 ,  0.        , ..., -0.67335874,
         -0.72419348, -0.79960679],
        ...,
        [ 0.99928676,  0.84445093,  0.67335874, ...,  0.        ,
         -0.0710617 , -0.18679399],
        [ 0.99944392,  0.88037908,  0.72419348, ...,  0.0710617 ,
          0.        , -0.11651081],
        [ 0.98875213,  0.92964085,  0.79960679, ...,  0.18679399,
          0.11651081,  0.        ]],

       [[ 0.        , -0.65336391, -0.49376398, ..., -0.15342974,
         -0.09467397, -0.        ],
        [ 0.65336391,  0.        , -0.19436157, ..., -0.52947473,
         -0.57875686, -0.65336391],
        [ 0.49376398,  0.19436157,  0.        , ..., -0.35449571,
         -0.40921805, -0.49376398],
        ...,
        [ 0.15342974,  0.52947473,  0.35449571, ...,  0.        ,
         -0.0591876 , -0.15342974],
        [ 0.09467397,  0.57875686,  0.40921805, ...,  0.0591876 ,
          0.        , -0.09467397],
        [ 0.        ,  0.65336391,  0.49376398, ...,  0.15342974,
          0.09467397,  0.        ]],

       [[ 0.        , -0.48338915, -0.76904443, ..., -0.65306663,
         -0.56732899, -0.51707896],
        [ 0.48338915,  0.        , -0.3642457 , ..., -0.93776899,
         -0.89470969, -0.8664048 ],
        [ 0.76904443,  0.3642457 ,  0.        , ..., -0.99983483,
         -0.99593539, -0.98876858],
        ...,
        [ 0.65306663,  0.93776899,  0.99983483, ...,  0.        ,
         -0.10815615, -0.16740022],
        [ 0.56732899,  0.89470969,  0.99593539, ...,  0.10815615,
          0.        , -0.05978828],
        [ 0.51707896,  0.8664048 ,  0.98876858, ...,  0.16740022,
          0.05978828,  0.        ]],

       ...,

       [[ 0.        , -0.33269446, -0.39458437, ..., -0.67428215,
         -0.69780865, -0.72572295],
        [ 0.33269446,  0.        , -0.0664072 , ..., -0.39018529,
         -0.41975396, -0.45549242],
        [ 0.39458437,  0.0664072 ,  0.        , ..., -0.32818047,
         -0.3585537 , -0.39536864],
        ...,
        [ 0.67428215,  0.39018529,  0.32818047, ...,  0.        ,
         -0.03233576, -0.07203001],
        [ 0.69780865,  0.41975396,  0.3585537 , ...,  0.03233576,
          0.        , -0.03974057],
        [ 0.72572295,  0.45549242,  0.39536864, ...,  0.07203001,
          0.03974057,  0.        ]],

       [[ 0.        , -0.03742338, -0.02857102, ..., -0.89345025,
         -0.82238335, -0.89030153],
        [ 0.03742338,  0.        ,  0.0088571 , ..., -0.90963356,
         -0.8430987 , -0.90671942],
        [ 0.02857102, -0.0088571 ,  0.        , ..., -0.90591853,
         -0.83830264, -0.90294851],
        ...,
        [ 0.89345025,  0.90963356,  0.90591853, ...,  0.        ,
         -0.13893053, -0.006962  ],
        [ 0.82238335,  0.8430987 ,  0.83830264, ...,  0.13893053,
          0.        ,  0.13203268],
        [ 0.89030153,  0.90671942,  0.90294851, ...,  0.006962  ,
         -0.13203268,  0.        ]],

       [[ 0.        ,  0.43580869,  0.23044926, ..., -0.78016288,
         -0.81437724, -0.85915799],
        [-0.43580869,  0.        , -0.21666521, ..., -0.97480892,
         -0.98588695, -0.99628382],
        [-0.23044926,  0.21666521,  0.        , ..., -0.90332791,
         -0.92619571, -0.95395647],
        ...,
        [ 0.78016288,  0.97480892,  0.90332791, ...,  0.        ,
         -0.05669871, -0.13825152],
        [ 0.81437724,  0.98588695,  0.92619571, ...,  0.05669871,
          0.        , -0.08187488],
        [ 0.85915799,  0.99628382,  0.95395647, ...,  0.13825152,
          0.08187488,  0.        ]]]), 'num': array([8.83724849e-01, 4.67268007e-01, 8.55147520e-05, 1.15393971e-04,
       1.17881932e-04, 1.08759410e-04, 2.62847326e-02, 6.63456098e-06,
       1.12361029e-04, 1.15660538e-04, 1.20105299e-04, 1.13323247e-06,
       1.22255578e-04, 1.09065498e-04])}
{'img': array([[[ 0.        , -0.2636429 , -0.37190863, ..., -0.88037908,
         -0.92964085, -0.74124235],
        [ 0.2636429 ,  0.        , -0.11401902, ..., -0.72419348,
         -0.79960679, -0.53805045],
        [ 0.37190863,  0.11401902,  0.        , ..., -0.64084354,
         -0.72592106, -0.43843352],
        ...,
        [ 0.88037908,  0.72419348,  0.64084354, ...,  0.        ,
         -0.11651081,  0.23939393],
        [ 0.92964085,  0.79960679,  0.72592106, ...,  0.11651081,
          0.        ,  0.35088649],
        [ 0.74124235,  0.53805045,  0.43843352, ..., -0.23939393,
         -0.35088649,  0.        ]],

       [[ 0.        , -0.32527391, -0.39971616, ..., -0.8438411 ,
         -0.91387958, -0.4380944 ],
        [ 0.32527391,  0.        , -0.07982079, ..., -0.62341313,
         -0.73212621, -0.12187262],
        [ 0.39971616,  0.07982079,  0.        , ..., -0.55901267,
         -0.67541872, -0.04225796],
        ...,
        [ 0.8438411 ,  0.62341313,  0.55901267, ...,  0.        ,
         -0.14779438,  0.52347475],
        [ 0.91387958,  0.73212621,  0.67541872, ...,  0.14779438,
          0.        ,  0.64365291],
        [ 0.4380944 ,  0.12187262,  0.04225796, ..., -0.52347475,
         -0.64365291,  0.        ]],

       [[ 0.        , -0.66358952, -0.87444697, ..., -0.58398464,
         -0.53260048, -0.56221719],
        [ 0.66358952,  0.        , -0.33224978, ..., -0.97555564,
         -0.96007689, -0.96937457],
        [ 0.87444697,  0.33224978,  0.        , ..., -0.99314847,
         -0.99847861, -0.995902  ],
        ...,
        [ 0.58398464,  0.97555564,  0.99314847, ...,  0.        ,
         -0.06191893, -0.02656116],
        [ 0.53260048,  0.96007689,  0.99847861, ...,  0.06191893,
          0.        ,  0.03538689],
        [ 0.56221719,  0.96937457,  0.995902  , ...,  0.02656116,
         -0.03538689,  0.        ]],

       ...,

       [[ 0.        , -0.0664072 , -0.12161307, ..., -0.41975396,
         -0.45549242, -0.03646275],
        [ 0.0664072 ,  0.        , -0.05543032, ..., -0.3585537 ,
         -0.39536864,  0.02998078],
        [ 0.12161307,  0.05543032,  0.        , ..., -0.30625773,
         -0.34384678,  0.08534009],
        ...,
        [ 0.41975396,  0.3585537 ,  0.30625773, ...,  0.        ,
         -0.03974057,  0.38637985],
        [ 0.45549242,  0.39536864,  0.34384678, ...,  0.03974057,
          0.        ,  0.42272893],
        [ 0.03646275, -0.02998078, -0.08534009, ..., -0.38637985,
         -0.42272893,  0.        ]],

       [[ 0.        ,  0.00864503,  0.03329118, ..., -0.97972597,
         -0.98385879, -0.83198352],
        [-0.00864503,  0.        ,  0.02464969, ..., -0.9779574 ,
         -0.98227502, -0.82715616],
        [-0.03329118, -0.02464969,  0.        , ..., -0.97251328,
         -0.97735609, -0.81305239],
        ...,
        [ 0.97972597,  0.9779574 ,  0.97251328, ...,  0.        ,
          0.02178984, -0.37687087],
        [ 0.98385879,  0.98227502,  0.97735609, ..., -0.02178984,
          0.        , -0.39696457],
        [ 0.83198352,  0.82715616,  0.81305239, ...,  0.37687087,
          0.39696457,  0.        ]],

       [[ 0.        , -0.21666521, -0.41836783, ..., -0.98588695,
         -0.99628382, -0.99154075],
        [ 0.21666521,  0.        , -0.21163773, ..., -0.92619571,
         -0.95395647, -0.93986542],
        [ 0.41836783,  0.21163773,  0.        , ..., -0.82541915,
         -0.86886793, -0.84629195],
        ...,
        [ 0.98588695,  0.92619571,  0.82541915, ...,  0.        ,
         -0.08187488, -0.03803226],
        [ 0.99628382,  0.95395647,  0.86886793, ...,  0.08187488,
          0.        ,  0.04391107],
        [ 0.99154075,  0.93986542,  0.84629195, ...,  0.03803226,
         -0.04391107,  0.        ]]]), 'num': array([7.17206163e-01, 6.96634670e-01, 4.13497345e-06, 9.56813623e-05,
       9.65468219e-05, 9.30849836e-05, 1.77590571e-02, 2.01940564e-06,
       9.17002484e-05, 9.37485026e-05, 9.72888733e-05, 9.87611508e-07,
       9.87850143e-05, 8.87119910e-05])}
{'img': array([[[ 0.        , -0.11401902, -0.11401902, ..., -0.79960679,
         -0.53805045, -0.43177381],
        [ 0.11401902,  0.        ,  0.        , ..., -0.72592106,
         -0.43843352, -0.32611493],
        [ 0.11401902,  0.        ,  0.        , ..., -0.72592106,
         -0.43843352, -0.32611493],
        ...,
        [ 0.79960679,  0.72592106,  0.72592106, ...,  0.        ,
          0.35088649,  0.46194036],
        [ 0.53805045,  0.43843352,  0.43843352, ..., -0.35088649,
          0.        ,  0.12136418],
        [ 0.43177381,  0.32611493,  0.32611493, ..., -0.46194036,
         -0.12136418,  0.        ]],

       [[ 0.        , -0.07982079, -0.26845499, ..., -0.73212621,
         -0.12187262, -0.19975263],
        [ 0.07982079,  0.        , -0.19070766, ..., -0.67541872,
         -0.04225796, -0.12090315],
        [ 0.26845499,  0.19070766,  0.        , ..., -0.52238827,
          0.14905492,  0.0706245 ],
        ...,
        [ 0.73212621,  0.67541872,  0.52238827, ...,  0.        ,
          0.64365291,  0.58130591],
        [ 0.12187262,  0.04225796, -0.14905492, ..., -0.64365291,
          0.        , -0.07884718],
        [ 0.19975263,  0.12090315, -0.0706245 , ..., -0.58130591,
          0.07884718,  0.        ]],

       [[ 0.        , -0.48357596, -0.76364069, ..., -0.81946595,
         -0.84031845, -0.87365812],
        [ 0.48357596,  0.        , -0.35619984, ..., -0.99443137,
         -0.99767593, -0.99999425],
        [ 0.76364069,  0.35619984,  0.        , ..., -0.96674496,
         -0.95650876, -0.9356119 ],
        ...,
        [ 0.81946595,  0.99443137,  0.96674496, ...,  0.        ,
          0.03738311,  0.10201459],
        [ 0.84031845,  0.99767593,  0.95650876, ..., -0.03738311,
          0.        ,  0.0647552 ],
        [ 0.87365812,  0.99999425,  0.9356119 , ..., -0.10201459,
         -0.0647552 ,  0.        ]],

       ...,

       [[ 0.        , -0.05543032, -0.06209854, ..., -0.39536864,
          0.02998078,  0.11981641],
        [ 0.05543032,  0.        , -0.00667972, ..., -0.34384678,
          0.08534009,  0.17466321],
        [ 0.06209854,  0.00667972,  0.        , ..., -0.33756667,
          0.09199355,  0.18123636],
        ...,
        [ 0.39536864,  0.34384678,  0.33756667, ...,  0.        ,
          0.42272893,  0.5025745 ],
        [-0.02998078, -0.08534009, -0.09199355, ..., -0.42272893,
          0.        ,  0.08999775],
        [-0.11981641, -0.17466321, -0.18123636, ..., -0.5025745 ,
         -0.08999775,  0.        ]],

       [[ 0.        ,  0.02443073,  0.04472965, ..., -0.99115954,
         -0.93328702, -0.82296909],
        [-0.02443073,  0.        ,  0.02031002, ..., -0.98762235,
         -0.92423461, -0.8088447 ],
        [-0.04472965, -0.02031002,  0.        , ..., -0.98423299,
         -0.9162891 , -0.79673511],
        ...,
        [ 0.99115954,  0.98762235,  0.98423299, ...,  0.        ,
         -0.23213223, -0.45387623],
        [ 0.93328702,  0.92423461,  0.9162891 , ...,  0.23213223,
          0.        , -0.23463341],
        [ 0.82296909,  0.8088447 ,  0.79673511, ...,  0.45387623,
          0.23463341,  0.        ]],

       [[ 0.        , -0.36447095, -0.48634359, ..., -0.99506891,
         -0.98966833, -0.98726923],
        [ 0.36447095,  0.        , -0.13442741, ..., -0.89047242,
         -0.86933749, -0.86138762],
        [ 0.48634359,  0.13442741,  0.        , ..., -0.82122053,
         -0.79501033, -0.78528703],
        ...,
        [ 0.99506891,  0.89047242,  0.82122053, ...,  0.        ,
          0.04450741,  0.06035044],
        [ 0.98966833,  0.86933749,  0.79501033, ..., -0.04450741,
          0.        ,  0.01586435],
        [ 0.98726923,  0.86138762,  0.78528703, ..., -0.06035044,
         -0.01586435,  0.        ]]]), 'num': array([ 7.15252742e-01,  6.98832719e-01,  3.35787788e-06,  9.38287020e-05,
        9.63231256e-05,  9.38287020e-05,  6.80260009e-03, -1.63096926e-06,
        9.21017934e-05,  9.34065688e-05,  9.69099547e-05,  8.92459238e-07,
        9.82692470e-05,  8.85438907e-05])}
{'img': array([[[ 0.        ,  0.        , -0.40655818, ..., -0.43843352,
         -0.32611493, -0.417203  ],
        [ 0.        ,  0.        , -0.40655818, ..., -0.43843352,
         -0.32611493, -0.417203  ],
        [ 0.40655818,  0.40655818,  0.        , ..., -0.03516407,
          0.08638498, -0.01168155],
        ...,
        [ 0.43843352,  0.43843352,  0.03516407, ...,  0.        ,
          0.12136418,  0.02348735],
        [ 0.32611493,  0.32611493, -0.08638498, ..., -0.12136418,
          0.        , -0.09801697],
        [ 0.417203  ,  0.417203  ,  0.01168155, ..., -0.02348735,
          0.09801697,  0.        ]],

       [[ 0.        , -0.19070766, -0.07991589, ..., -0.04225796,
         -0.12090315, -0.44736655],
        [ 0.19070766,  0.        ,  0.11164852, ...,  0.14905492,
          0.0706245 , -0.26859645],
        [ 0.07991589, -0.11164852,  0.        , ...,  0.0377217 ,
         -0.0411868 , -0.37446287],
        ...,
        [ 0.04225796, -0.14905492, -0.0377217 , ...,  0.        ,
         -0.07884718, -0.4091735 ],
        [ 0.12090315, -0.0706245 ,  0.0411868 , ...,  0.07884718,
          0.        , -0.335955  ],
        [ 0.44736655,  0.26859645,  0.37446287, ...,  0.4091735 ,
          0.335955  ,  0.        ]],

       [[ 0.        , -0.35619984, -0.6307137 , ..., -0.99767593,
         -0.99999425, -0.99754905],
        [ 0.35619984,  0.        , -0.31292843, ..., -0.95650876,
         -0.9356119 , -0.90719606],
        [ 0.6307137 ,  0.31292843,  0.        , ..., -0.8171874 ,
         -0.77814918, -0.72998215],
        ...,
        [ 0.99767593,  0.95650876,  0.8171874 , ...,  0.        ,
          0.0647552 ,  0.13777865],
        [ 0.99999425,  0.9356119 ,  0.77814918, ..., -0.0647552 ,
          0.        ,  0.07335185],
        [ 0.99754905,  0.90719606,  0.72998215, ..., -0.13777865,
         -0.07335185,  0.        ]],

       ...,

       [[ 0.        , -0.00667972, -0.23685048, ...,  0.08534009,
          0.17466321,  0.05141027],
        [ 0.00667972,  0.        , -0.23035554, ...,  0.09199355,
          0.18123636,  0.05808001],
        [ 0.23685048,  0.23035554,  0.        , ...,  0.31889826,
          0.40290304,  0.28648472],
        ...,
        [-0.08534009, -0.09199355, -0.31889826, ...,  0.        ,
          0.08999775, -0.03400453],
        [-0.17466321, -0.18123636, -0.40290304, ..., -0.08999775,
          0.        , -0.12381224],
        [-0.05141027, -0.05808001, -0.28648472, ...,  0.03400453,
          0.12381224,  0.        ]],

       [[ 0.        ,  0.02019657,  0.10246997, ..., -0.94592401,
         -0.90301407, -0.8061625 ],
        [-0.02019657,  0.        ,  0.08235882, ..., -0.93917954,
         -0.89415321, -0.79404787],
        [-0.10246997, -0.08235882,  0.        , ..., -0.9077047 ,
         -0.85423847, -0.74128805],
        ...,
        [ 0.94592401,  0.93917954,  0.9077047 , ...,  0.        ,
         -0.11345213, -0.29818806],
        [ 0.90301407,  0.89415321,  0.85423847, ...,  0.11345213,
          0.        , -0.18797193],
        [ 0.8061625 ,  0.79404787,  0.74128805, ...,  0.29818806,
          0.18797193,  0.        ]],

       [[ 0.        , -0.33977496, -0.63033169, ..., -0.98290752,
         -0.97972624, -0.97905288],
        [ 0.33977496,  0.        , -0.32905511, ..., -0.8618786 ,
         -0.85336831, -0.85162559],
        [ 0.63033169,  0.32905511,  0.        , ..., -0.64701254,
         -0.63430563, -0.63172474],
        ...,
        [ 0.98290752,  0.8618786 ,  0.64701254, ...,  0.        ,
          0.01654904,  0.01988237],
        [ 0.97972624,  0.85336831,  0.63430563, ..., -0.01654904,
          0.        ,  0.00333388],
        [ 0.97905288,  0.85162559,  0.63172474, ..., -0.01988237,
         -0.00333388,  0.        ]]]), 'num': array([8.11252366e-01, 5.84513524e-01, 4.59916516e-05, 1.07053278e-04,
       1.10093330e-04, 1.05967545e-04, 1.46097758e-02, 8.68586432e-07,
       1.05337820e-04, 1.05554966e-04, 1.09548654e-04, 1.09311898e-06,
       1.10722690e-04, 1.00387242e-04])}
{'img': array([[[ 0.        , -0.40655818, -0.35304632, ..., -0.32611493,
         -0.417203  , -0.37450791],
        [ 0.40655818,  0.        ,  0.05782631, ...,  0.08638498,
         -0.01168155,  0.03481064],
        [ 0.35304632, -0.05782631,  0.        , ...,  0.02863028,
         -0.06948437, -0.02303887],
        ...,
        [ 0.32611493, -0.08638498, -0.02863028, ...,  0.        ,
         -0.09801697, -0.05165211],
        [ 0.417203  ,  0.01168155,  0.06948437, ...,  0.09801697,
          0.        ,  0.04648274],
        [ 0.37450791, -0.03481064,  0.02303887, ...,  0.05165211,
         -0.04648274,  0.        ]],

       [[ 0.        ,  0.11164852, -0.06672178, ...,  0.0706245 ,
         -0.26859645, -0.05233565],
        [-0.11164852,  0.        , -0.17770435, ..., -0.0411868 ,
         -0.37446287, -0.16350394],
        [ 0.06672178,  0.17770435,  0.        , ...,  0.13702229,
         -0.20372797,  0.01441132],
        ...,
        [-0.0706245 ,  0.0411868 , -0.13702229, ...,  0.        ,
         -0.335955  , -0.12273267],
        [ 0.26859645,  0.37446287,  0.20372797, ...,  0.335955  ,
          0.        ,  0.21781589],
        [ 0.05233565,  0.16350394, -0.01441132, ...,  0.12273267,
         -0.21781589,  0.        ]],

       [[ 0.        , -0.31292843, -0.49266747, ..., -0.9356119 ,
         -0.90719606, -0.85720763],
        [ 0.31292843,  0.        , -0.19560824, ..., -0.77814918,
         -0.72998215, -0.65300679],
        [ 0.49266747,  0.19560824,  0.        , ..., -0.64025946,
         -0.58218882, -0.49224778],
        ...,
        [ 0.9356119 ,  0.77814918,  0.64025946, ...,  0.        ,
          0.07335185,  0.1791927 ],
        [ 0.90719606,  0.72998215,  0.58218882, ..., -0.07335185,
          0.        ,  0.10654541],
        [ 0.85720763,  0.65300679,  0.49224778, ..., -0.1791927 ,
         -0.10654541,  0.        ]],

       ...,

       [[ 0.        , -0.23035554, -0.68084294, ...,  0.18123636,
          0.05808001,  0.15588754],
        [ 0.23035554,  0.        , -0.49381353, ...,  0.40290304,
          0.28648472,  0.37923458],
        [ 0.68084294,  0.49381353,  0.        , ...,  0.80231073,
          0.72223314,  0.78669613],
        ...,
        [-0.18123636, -0.40290304, -0.80231073, ...,  0.        ,
         -0.12381224, -0.02571474],
        [-0.05808001, -0.28648472, -0.72223314, ...,  0.12381224,
          0.        ,  0.09825442],
        [-0.15588754, -0.37923458, -0.78669613, ...,  0.02571474,
         -0.09825442,  0.        ]],

       [[ 0.        ,  0.08169647,  0.1467692 , ..., -0.93512964,
         -0.90913586, -0.7900581 ],
        [-0.08169647,  0.        ,  0.06546683, ..., -0.90305821,
         -0.87207029, -0.73733459],
        [-0.1467692 , -0.06546683,  0.        , ..., -0.87300173,
         -0.83816129, -0.69152816],
        ...,
        [ 0.93512964,  0.90305821,  0.87300173, ...,  0.        ,
         -0.06736915, -0.29334225],
        [ 0.90913586,  0.87207029,  0.83816129, ...,  0.06736915,
          0.        , -0.2282704 ],
        [ 0.7900581 ,  0.73733459,  0.69152816, ...,  0.29334225,
          0.2282704 ,  0.        ]],

       [[ 0.        , -0.55659255, -0.73854933, ..., -0.97147506,
         -0.9706474 , -0.966924  ],
        [ 0.55659255,  0.        , -0.23832177, ..., -0.67509618,
         -0.67253548, -0.66133945],
        [ 0.73854933,  0.23832177,  0.        , ..., -0.47982707,
         -0.47678364, -0.46352178],
        ...,
        [ 0.97147506,  0.67509618,  0.47982707, ...,  0.        ,
          0.00346556,  0.01849093],
        [ 0.9706474 ,  0.67253548,  0.47678364, ..., -0.00346556,
          0.        ,  0.01502585],
        [ 0.966924  ,  0.66133945,  0.46352178, ..., -0.01849093,
         -0.01502585,  0.        ]]]), 'num': array([8.06226103e-01, 5.90894244e-01, 4.17309805e-05, 1.10031609e-04,
       1.10884568e-04, 1.00755689e-04, 2.90408602e-02, 4.90450972e-06,
       1.05873438e-04, 1.03773029e-04, 1.07538484e-04, 1.35634339e-06,
       1.09302927e-04, 9.82431303e-05])}
{'img': array([[[ 0.        ,  0.05782631, -0.34416467, ..., -0.01168155,
          0.03481064,  0.29074003],
        [-0.05782631,  0.        , -0.39788242, ..., -0.06948437,
         -0.02303887,  0.23492519],
        [ 0.34416467,  0.39788242,  0.        , ...,  0.33317327,
          0.37664011,  0.60227599],
        ...,
        [ 0.01168155,  0.06948437, -0.33317327, ...,  0.        ,
          0.04648274,  0.30189713],
        [-0.03481064,  0.02303887, -0.37664011, ..., -0.04648274,
          0.        ,  0.25725693],
        [-0.29074003, -0.23492519, -0.60227599, ..., -0.30189713,
         -0.25725693,  0.        ]],

       [[ 0.        , -0.17770435, -0.09754379, ..., -0.37446287,
         -0.16350394,  0.13401955],
