state_0,state_1,state_2,state_3,state_4,state_5,state_6,state_7,state_8,state_9,state_10,state_11,state_12,state_13,state_14,state_15,state_16,state_17,state_18,state_19,state_20,state_21,state_22,state_23,state_24,state_25,state_26,state_27,state_28,state_29,state_30,state_31,state_32,state_33,state_34,state_35,state_36,state_37,state_38,state_39,state_40,state_41,state_42,state_43,state_44,state_45,state_46,state_47,state_48,state_49,state_50,state_51,state_52,state_53,state_54,state_55,state_56,state_57,state_58,state_59,state_60,state_61,state_62,state_63,state_64,state_65,state_66,state_67,state_68,state_69,state_70,state_71,state_72,state_73,state_74,state_75,state_76,state_77,state_78,state_79,state_80,state_81,state_82,state_83,state_84,state_85,state_86,state_87,state_88,state_89,state_90,state_91,state_92,state_93,state_94,state_95,state_96,state_97,state_98,state_99,state_100,state_101,state_102,state_103,state_104,state_105,state_106,state_107,state_108,state_109,state_110,state_111,state_112,state_113,state_114,state_115,state_116,state_117,state_118,state_119,state_120,state_121,state_122,state_123,state_124,state_125,state_126,state_127,state_128,state_129,state_130,state_131,state_132,state_133,state_134,state_135,state_136,state_137,state_138,state_139,state_140,state_141,state_142,state_143,state_144,state_145,state_146,state_147,state_148,state_149,state_150,state_151,state_152,state_153,state_154,state_155,state_156,state_157,state_158,state_159,state_160,state_161,state_162,state_163,state_164,state_165,state_166,state_167,state_168,state_169,state_170,state_171,state_172,state_173,state_174,state_175,state_176,state_177,state_178,state_179,state_180,state_181,state_182,state_183,state_184,state_185,state_186,state_187,state_188,state_189,state_190,state_191,state_192,state_193,state_194,state_195,state_196,state_197,state_198,state_199,state_200,state_201,state_202,state_203,state_204,state_205,state_206,state_207,state_208,state_209,state_210,state_211,state_212,state_213,state_214,state_215,state_216,state_217,state_218,state_219,state_220,state_221,state_222,state_223,state_224,state_225,state_226,state_227,state_228,state_229,state_230,state_231,state_232,state_233,state_234,state_235,state_236,state_237,state_238,state_239,state_240,state_241,state_242,state_243,state_244,state_245,state_246,state_247,state_248,state_249,state_250,state_251,state_252,state_253,state_254,state_255,state_256,state_257,state_258,state_259,state_260,state_261,state_262,state_263,state_264,state_265,state_266,state_267,state_268,state_269,state_270,state_271,state_272,state_273,state_274,state_275,state_276,state_277,state_278,state_279,state_280,state_281,state_282,state_283,state_284,state_285,state_286,state_287
{'img': array([[[ 0.        , -0.05758192,  0.23621389, ..., -0.39052111,
         -0.41324841, -0.44793513],
        [ 0.05758192,  0.        ,  0.29177438, ..., -0.33686358,
         -0.36012758, -0.39570987],
        [-0.23621389, -0.29177438,  0.        , ..., -0.59692687,
         -0.61665462, -0.64644988],
        ...,
        [ 0.39052111,  0.33686358,  0.59692687, ...,  0.        ,
         -0.02481831, -0.06321471],
        [ 0.41324841,  0.36012758,  0.61665462, ...,  0.02481831,
          0.        , -0.03842657],
        [ 0.44793513,  0.39570987,  0.64644988, ...,  0.06321471,
          0.03842657,  0.        ]],

       [[ 0.        , -0.12597391, -0.04323877, ..., -0.16483688,
         -0.23554291, -0.15528477],
        [ 0.12597391,  0.        ,  0.08296179, ..., -0.03927302,
         -0.11123697, -0.02960189],
        [ 0.04323877, -0.08296179,  0.        , ..., -0.12203542,
         -0.19330042, -0.11242528],
        ...,
        [ 0.16483688,  0.03927302,  0.12203542, ...,  0.        ,
         -0.07212186,  0.00967676],
        [ 0.23554291,  0.11123697,  0.19330042, ...,  0.07212186,
          0.        ,  0.08177004],
        [ 0.15528477,  0.02960189,  0.11242528, ..., -0.00967676,
         -0.08177004,  0.        ]],

       [[ 0.        ,  0.00692532,  0.15088251, ..., -0.40674721,
         -0.34722242, -0.30610862],
        [-0.00692532,  0.        ,  0.14403286, ..., -0.41306401,
         -0.35370854, -0.31269416],
        [-0.15088251, -0.14403286,  0.        , ..., -0.53992796,
         -0.48474234, -0.44624383],
        ...,
        [ 0.40674721,  0.41306401,  0.53992796, ...,  0.        ,
          0.0642387 ,  0.10757926],
        [ 0.34722242,  0.35370854,  0.48474234, ..., -0.0642387 ,
          0.        ,  0.04349116],
        [ 0.30610862,  0.31269416,  0.44624383, ..., -0.10757926,
         -0.04349116,  0.        ]],

       ...,

       [[ 0.        , -0.08585332, -0.24778179, ..., -0.12749368,
         -0.27511171, -0.19816555],
        [ 0.08585332,  0.        , -0.16369087, ..., -0.04187024,
         -0.1915555 , -0.11328315],
        [ 0.24778179,  0.16369087,  0.        , ...,  0.12224184,
         -0.02831213,  0.050882  ],
        ...,
        [ 0.12749368,  0.04187024, -0.12224184, ...,  0.        ,
         -0.15029264, -0.0715831 ],
        [ 0.27511171,  0.1915555 ,  0.02831213, ...,  0.15029264,
          0.        ,  0.07913706],
        [ 0.19816555,  0.11328315, -0.050882  , ...,  0.0715831 ,
         -0.07913706,  0.        ]],

       [[ 0.        ,  0.00875415, -0.04417018, ..., -0.83344968,
         -0.8433077 , -0.83808956],
        [-0.00875415,  0.        , -0.0529141 , ..., -0.82858024,
         -0.83857063, -0.83328177],
        [ 0.04417018,  0.0529141 ,  0.        , ..., -0.85704449,
         -0.86622308, -0.86136788],
        ...,
        [ 0.83344968,  0.82858024,  0.85704449, ...,  0.        ,
          0.01808619,  0.00845038],
        [ 0.8433077 ,  0.83857063,  0.86622308, ..., -0.01808619,
          0.        , -0.00963655],
        [ 0.83808956,  0.83328177,  0.86136788, ..., -0.00845038,
          0.00963655,  0.        ]],

       [[ 0.        ,  0.21644287,  0.83433968, ...,  0.97364101,
          0.99004948,  0.98985913],
        [-0.21644287,  0.        ,  0.69524761, ...,  0.90119355,
          0.93612287,  0.93564855],
        [-0.83433968, -0.69524761,  0.        , ...,  0.34641912,
          0.42835743,  0.42714048],
        ...,
        [-0.97364101, -0.90119355, -0.34641912, ...,  0.        ,
          0.08880591,  0.0874648 ],
        [-0.99004948, -0.93612287, -0.42835743, ..., -0.08880591,
          0.        , -0.00134634],
        [-0.98985913, -0.93564855, -0.42714048, ..., -0.0874648 ,
          0.00134634,  0.        ]]]), 'num': array([ 7.09447528e-01,  7.04757520e-01,  1.11137639e-06,  3.25695026e-05,
        3.27624499e-05,  3.22993764e-05,  1.01666243e-03, -3.85894580e-08,
        3.27084246e-05,  3.24865352e-05,  3.35786169e-05,  4.32954895e-07,
        3.34946807e-05,  3.14783898e-05])}
{'img': array([[[ 0.        ,  0.29177438,  0.17763344, ..., -0.36012758,
         -0.39570987, -0.40776866],
        [-0.29177438,  0.        , -0.1172301 , ..., -0.61665462,
         -0.64644988, -0.65644038],
        [-0.17763344,  0.1172301 ,  0.        , ..., -0.52011515,
         -0.552551  , -0.56347829],
        ...,
        [ 0.36012758,  0.61665462,  0.52011515, ...,  0.        ,
         -0.03842657, -0.05158144],
        [ 0.39570987,  0.64644988,  0.552551  , ...,  0.03842657,
          0.        , -0.01316793],
        [ 0.40776866,  0.65644038,  0.56347829, ...,  0.05158144,
          0.01316793,  0.        ]],

       [[ 0.        ,  0.08296179,  0.00653529, ..., -0.11123697,
         -0.02960189, -0.03263074],
        [-0.08296179,  0.        , -0.07644726, ..., -0.19330042,
         -0.11242528, -0.11543587],
        [-0.00653529,  0.07644726,  0.        , ..., -0.11772932,
         -0.03613368, -0.03916186],
        ...,
        [ 0.11123697,  0.19330042,  0.11772932, ...,  0.        ,
          0.08177004,  0.0787495 ],
        [ 0.02960189,  0.11242528,  0.03613368, ..., -0.08177004,
          0.        , -0.00303032],
        [ 0.03263074,  0.11543587,  0.03916186, ..., -0.0787495 ,
          0.00303032,  0.        ]],

       [[ 0.        ,  0.14403286,  0.37546166, ..., -0.35370854,
         -0.31269416, -0.29657421],
        [-0.14403286,  0.        ,  0.23805157, ..., -0.48474234,
         -0.44624383, -0.4310346 ],
        [-0.37546166, -0.23805157,  0.        , ..., -0.67902069,
         -0.64645051, -0.63344579],
        ...,
        [ 0.35370854,  0.48474234,  0.67902069, ...,  0.        ,
          0.04349116,  0.06039275],
        [ 0.31269416,  0.44624383,  0.64645051, ..., -0.04349116,
          0.        ,  0.01692383],
        [ 0.29657421,  0.4310346 ,  0.63344579, ..., -0.06039275,
         -0.01692383,  0.        ]],

       ...,

       [[ 0.        , -0.16369087, -0.19656899, ..., -0.1915555 ,
         -0.11328315,  0.38267767],
        [ 0.16369087,  0.        , -0.03342035, ..., -0.02831213,
          0.050882  ,  0.52874703],
        [ 0.19656899,  0.03342035,  0.        , ...,  0.00511064,
          0.08423063,  0.55681817],
        ...,
        [ 0.1915555 ,  0.02831213, -0.00511064, ...,  0.        ,
          0.07913706,  0.55256583],
        [ 0.11328315, -0.050882  , -0.08423063, ..., -0.07913706,
          0.        ,  0.48487453],
        [-0.38267767, -0.52874703, -0.55681817, ..., -0.55256583,
         -0.48487453,  0.        ]],

       [[ 0.        , -0.0529141 , -0.07676975, ..., -0.83857063,
         -0.83328177, -0.84249362],
        [ 0.0529141 ,  0.        , -0.02390425, ..., -0.86622308,
         -0.86136788, -0.86981851],
        [ 0.07676975,  0.02390425,  0.        , ..., -0.8779195 ,
         -0.87326467, -0.88136364],
        ...,
        [ 0.83857063,  0.86622308,  0.8779195 , ...,  0.        ,
         -0.00963655,  0.00724123],
        [ 0.83328177,  0.86136788,  0.87326467, ...,  0.00963655,
          0.        ,  0.01687719],
        [ 0.84249362,  0.86981851,  0.88136364, ..., -0.00724123,
         -0.01687719,  0.        ]],

       [[ 0.        ,  0.69524761,  0.89893029, ...,  0.93612287,
          0.93564855,  0.94301053],
        [-0.69524761,  0.        ,  0.3415422 , ...,  0.42835743,
          0.42714048,  0.44645537],
        [-0.89893029, -0.3415422 ,  0.        , ...,  0.09397804,
          0.09263757,  0.11399444],
        ...,
        [-0.93612287, -0.42835743, -0.09397804, ...,  0.        ,
         -0.00134634,  0.0201245 ],
        [-0.93564855, -0.42714048, -0.09263757, ...,  0.00134634,
          0.        ,  0.02147055],
        [-0.94301053, -0.44645537, -0.11399444, ..., -0.0201245 ,
         -0.02147055,  0.        ]]]), 'num': array([7.06995779e-01, 7.06995779e-01, 0.00000000e+00, 6.08882079e-04,
       6.15374898e-04, 6.07439231e-04, 1.76336290e-02, 0.00000000e+00,
       6.10469213e-04, 6.07186732e-04, 6.27290422e-04, 7.93566691e-06,
       6.25939739e-04, 5.88433725e-04])}
{'img': array([[[ 0.        , -0.1172301 , -0.28248418, ..., -0.64644988,
         -0.65644038, -0.65644038],
        [ 0.1172301 ,  0.        , -0.16808084, ..., -0.552551  ,
         -0.56347829, -0.56347829],
        [ 0.28248418,  0.16808084,  0.        , ..., -0.40459811,
         -0.41660503, -0.41660503],
        ...,
        [ 0.64644988,  0.552551  ,  0.40459811, ...,  0.        ,
         -0.01316793, -0.01316793],
        [ 0.65644038,  0.56347829,  0.41660503, ...,  0.01316793,
          0.        ,  0.        ],
        [ 0.65644038,  0.56347829,  0.41660503, ...,  0.01316793,
          0.        ,  0.        ]],

       [[ 0.        , -0.07644726,  0.00452415, ..., -0.11242528,
         -0.11543587, -0.12579172],
        [ 0.07644726,  0.        ,  0.08095738, ..., -0.03613368,
         -0.03916186, -0.0495836 ],
        [-0.00452415, -0.08095738,  0.        , ..., -0.11691959,
         -0.11992859, -0.13027865],
        ...,
        [ 0.11242528,  0.03613368,  0.11691959, ...,  0.        ,
         -0.00303032, -0.01346198],
        [ 0.11543587,  0.03916186,  0.11992859, ...,  0.00303032,
          0.        , -0.01043187],
        [ 0.12579172,  0.0495836 ,  0.13027865, ...,  0.01346198,
          0.01043187,  0.        ]],

       [[ 0.        ,  0.23805157,  0.33492303, ..., -0.44624383,
         -0.4310346 , -0.45772008],
        [-0.23805157,  0.        ,  0.10099182, ..., -0.64645051,
         -0.63344579, -0.65621256],
        [-0.33492303, -0.10099182,  0.        , ..., -0.72019768,
         -0.70835331, -0.72906353],
        ...,
        [ 0.44624383,  0.64645051,  0.72019768, ...,  0.        ,
          0.01692383, -0.01286516],
        [ 0.4310346 ,  0.63344579,  0.70835331, ..., -0.01692383,
          0.        , -0.02978574],
        [ 0.45772008,  0.65621256,  0.72906353, ...,  0.01286516,
          0.02978574,  0.        ]],

       ...,

       [[ 0.        , -0.03342035,  0.        , ...,  0.050882  ,
          0.52874703,  0.48690974],
        [ 0.03342035,  0.        ,  0.03342035, ...,  0.08423063,
          0.55681817,  0.51582882],
        [ 0.        , -0.03342035,  0.        , ...,  0.050882  ,
          0.52874703,  0.48690974],
        ...,
        [-0.050882  , -0.08423063, -0.050882  , ...,  0.        ,
          0.48487453,  0.44183603],
        [-0.52874703, -0.55681817, -0.52874703, ..., -0.48487453,
          0.        , -0.04855632],
        [-0.48690974, -0.51582882, -0.48690974, ..., -0.44183603,
          0.04855632,  0.        ]],

       [[ 0.        , -0.02390425, -0.0720467 , ..., -0.86136788,
         -0.86981851, -0.86043683],
        [ 0.02390425,  0.        , -0.04818398, ..., -0.87326467,
         -0.88136364, -0.87237154],
        [ 0.0720467 ,  0.04818398,  0.        , ..., -0.89572782,
         -0.90310389, -0.89491268],
        ...,
        [ 0.86136788,  0.87326467,  0.89572782, ...,  0.        ,
          0.01687719, -0.00183002],
        [ 0.86981851,  0.88136364,  0.90310389, ..., -0.01687719,
          0.        , -0.01870693],
        [ 0.86043683,  0.87237154,  0.89491268, ...,  0.00183002,
          0.01870693,  0.        ]],

       [[ 0.        ,  0.3415422 ,  0.62063141, ...,  0.42714048,
          0.44645537,  0.44378208],
        [-0.3415422 ,  0.        ,  0.31550656, ...,  0.09263757,
          0.11399444,  0.11102805],
        [-0.62063141, -0.31550656,  0.        , ..., -0.22624389,
         -0.2052779 , -0.20819875],
        ...,
        [-0.42714048, -0.09263757,  0.22624389, ...,  0.        ,
          0.02147055,  0.0184858 ],
        [-0.44645537, -0.11399444,  0.2052779 , ..., -0.02147055,
          0.        , -0.00298534],
        [-0.44378208, -0.11102805,  0.20819875, ..., -0.0184858 ,
          0.00298534,  0.        ]]]), 'num': array([7.07035422e-01, 7.07035422e-01, 0.00000000e+00, 6.10359150e-04,
       6.13966474e-04, 6.07473291e-04, 1.41008836e-02, 1.44292943e-06,
       6.09926271e-04, 6.06787900e-04, 6.26507936e-04, 8.29684424e-06,
       6.24818601e-04, 5.88757199e-04])}
{'img': array([[[ 0.        , -0.16808084, -0.26474342, ..., -0.56347829,
         -0.56347829, -0.54168296],
        [ 0.16808084,  0.        , -0.09889344, ..., -0.41660503,
         -0.41660503, -0.39269067],
        [ 0.26474342,  0.09889344,  0.        , ..., -0.32466004,
         -0.32466004, -0.29981632],
        ...,
        [ 0.56347829,  0.41660503,  0.32466004, ...,  0.        ,
          0.        ,  0.02614918],
        [ 0.56347829,  0.41660503,  0.32466004, ...,  0.        ,
          0.        ,  0.02614918],
        [ 0.54168296,  0.39269067,  0.29981632, ..., -0.02614918,
         -0.02614918,  0.        ]],

       [[ 0.        ,  0.08095738, -0.008655  , ..., -0.03916186,
         -0.0495836 , -0.08329181],
        [-0.08095738,  0.        , -0.08958095, ..., -0.11992859,
         -0.13027865, -0.16369449],
        [ 0.008655  ,  0.08958095,  0.        , ..., -0.03051203,
         -0.04093738, -0.07466377],
        ...,
        [ 0.03916186,  0.11992859,  0.03051203, ...,  0.        ,
         -0.01043187, -0.04420214],
        [ 0.0495836 ,  0.13027865,  0.04093738, ...,  0.01043187,
          0.        , -0.03377806],
        [ 0.08329181,  0.16369449,  0.07466377, ...,  0.04420214,
          0.03377806,  0.        ]],

       [[ 0.        ,  0.10099182,  0.05369418, ..., -0.63344579,
         -0.65621256, -0.66924048],
        [-0.10099182,  0.        , -0.04742648, ..., -0.70835331,
         -0.72906353, -0.74086038],
        [-0.05369418,  0.04742648,  0.        , ..., -0.67407986,
         -0.69578227, -0.70817229],
        ...,
        [ 0.63344579,  0.70835331,  0.67407986, ...,  0.        ,
         -0.02978574, -0.04717034],
        [ 0.65621256,  0.72906353,  0.69578227, ...,  0.02978574,
          0.        , -0.01739683],
        [ 0.66924048,  0.74086038,  0.70817229, ...,  0.04717034,
          0.01739683,  0.        ]],

       ...,

       [[ 0.        ,  0.03342035,  0.01894899, ...,  0.55681817,
          0.51582882,  0.60876051],
        [-0.03342035,  0.        , -0.01447594, ...,  0.52874703,
          0.48690974,  0.58190627],
        [-0.01894899,  0.01447594,  0.        , ...,  0.54097851,
          0.49950276,  0.59361794],
        ...,
        [-0.55681817, -0.52874703, -0.54097851, ...,  0.        ,
         -0.04855632,  0.06390348],
        [-0.51582882, -0.48690974, -0.49950276, ...,  0.04855632,
          0.        ,  0.11228517],
        [-0.60876051, -0.58190627, -0.59361794, ..., -0.06390348,
         -0.11228517,  0.        ]],

       [[ 0.        , -0.04818398, -0.09265271, ..., -0.88136364,
         -0.87237154, -0.80587885],
        [ 0.04818398,  0.        , -0.04456837, ..., -0.90310389,
         -0.89491268, -0.8334716 ],
        [ 0.09265271,  0.04456837,  0.        , ..., -0.92134515,
         -0.91391169, -0.85727021],
        ...,
        [ 0.88136364,  0.90310389,  0.92134515, ...,  0.        ,
         -0.01870693, -0.14111001],
        [ 0.87237154,  0.89491268,  0.91391169, ...,  0.01870693,
          0.        , -0.12256557],
        [ 0.80587885,  0.8334716 ,  0.85727021, ...,  0.14111001,
          0.12256557,  0.        ]],

       [[ 0.        ,  0.31550656,  0.5679998 , ...,  0.11399444,
          0.11102805,  0.12821247],
        [-0.31550656,  0.        ,  0.27931735, ..., -0.2052779 ,
         -0.20819875, -0.19123879],
        [-0.5679998 , -0.27931735,  0.        , ..., -0.47047653,
         -0.47310874, -0.4577894 ],
        ...,
        [-0.11399444,  0.2052779 ,  0.47047653, ...,  0.        ,
         -0.00298534,  0.01432308],
        [-0.11102805,  0.20819875,  0.47310874, ...,  0.00298534,
          0.        ,  0.01730806],
        [-0.12821247,  0.19123879,  0.4577894 , ..., -0.01432308,
         -0.01730806,  0.        ]]]), 'num': array([ 7.09117105e-01,  7.04862217e-01,  1.01306868e-06,  6.07841208e-04,
        6.12182931e-04,  6.04223106e-04,  1.78661898e-02, -4.34172292e-06,
        6.10590966e-04,  6.07877389e-04,  6.27644289e-04,  9.93628130e-06,
        6.24832205e-04,  5.90922574e-04])}
{'img': array([[[ 0.        , -0.09889344, -0.21313896, ..., -0.41660503,
         -0.39269067, -0.46572158],
        [ 0.09889344,  0.        , -0.11547311, ..., -0.32466004,
         -0.29981632, -0.37592473],
        [ 0.21313896,  0.11547311,  0.        , ..., -0.21327025,
         -0.18764974, -0.26640685],
        ...,
        [ 0.41660503,  0.32466004,  0.21327025, ...,  0.        ,
          0.02614918, -0.05471489],
        [ 0.39269067,  0.29981632,  0.18764974, ..., -0.02614918,
          0.        , -0.08080619],
        [ 0.46572158,  0.37592473,  0.26640685, ...,  0.05471489,
          0.08080619,  0.        ]],

       [[ 0.        , -0.08958095, -0.1234256 , ..., -0.13027865,
         -0.16369449, -0.12887619],
        [ 0.08958095,  0.        , -0.03403338, ..., -0.04093738,
         -0.07466377, -0.03952415],
        [ 0.1234256 ,  0.03403338,  0.        , ..., -0.00690882,
         -0.04068213, -0.00549446],
        ...,
        [ 0.13027865,  0.04093738,  0.00690882, ...,  0.        ,
         -0.03377806,  0.00141438],
        [ 0.16369449,  0.07466377,  0.04068213, ...,  0.03377806,
          0.        ,  0.0351916 ],
        [ 0.12887619,  0.03952415,  0.00549446, ..., -0.00141438,
         -0.0351916 ,  0.        ]],

       [[ 0.        , -0.04742648, -0.11042417, ..., -0.72906353,
         -0.74086038, -0.76436545],
        [ 0.04742648,  0.        , -0.06316347, ..., -0.69578227,
         -0.70817229, -0.73292554],
        [ 0.11042417,  0.06316347,  0.        , ..., -0.64902559,
         -0.6621623 , -0.68849136],
        ...,
        [ 0.72906353,  0.69578227,  0.64902559, ...,  0.        ,
         -0.01739683, -0.05307894],
        [ 0.74086038,  0.70817229,  0.6621623 , ...,  0.01739683,
          0.        , -0.03569861],
        [ 0.76436545,  0.73292554,  0.68849136, ...,  0.05307894,
          0.03569861,  0.        ]],

       ...,

       [[ 0.        , -0.01447594, -0.09207477, ...,  0.48690974,
          0.58190627,  0.97996189],
        [ 0.01447594,  0.        , -0.07765068, ...,  0.49950276,
          0.59361794,  0.9827426 ],
        [ 0.09207477,  0.07765068,  0.        , ...,  0.56526431,
          0.65431474,  0.99413903],
        ...,
        [-0.48690974, -0.49950276, -0.56526431, ...,  0.        ,
          0.11228517,  0.75896482],
        [-0.58190627, -0.59361794, -0.65431474, ..., -0.11228517,
          0.        ,  0.68105272],
        [-0.97996189, -0.9827426 , -0.99413903, ..., -0.75896482,
         -0.68105272,  0.        ]],

       [[ 0.        , -0.04417784, -0.04217323, ..., -0.93059496,
         -0.89991674, -0.74740684],
        [ 0.04417784,  0.        ,  0.00200648, ..., -0.94585773,
         -0.9183024 , -0.77602742],
        [ 0.04217323, -0.00200648,  0.        , ..., -0.94520456,
         -0.91750623, -0.77476037],
        ...,
        [ 0.93059496,  0.94585773,  0.94520456, ...,  0.        ,
         -0.07638184, -0.34466753],
        [ 0.89991674,  0.9183024 ,  0.91750623, ...,  0.07638184,
          0.        , -0.2719591 ],
        [ 0.74740684,  0.77602742,  0.77476037, ...,  0.34466753,
          0.2719591 ,  0.        ]],

       [[ 0.        ,  0.27931735,  0.10139813, ..., -0.20819875,
         -0.19123879, -0.16740791],
        [-0.27931735,  0.        , -0.18051536, ..., -0.47310874,
         -0.4577894 , -0.43612043],
        [-0.10139813,  0.18051536,  0.        , ..., -0.30630182,
         -0.28977981, -0.26651225],
        ...,
        [ 0.20819875,  0.47310874,  0.30630182, ...,  0.        ,
          0.01730806,  0.04152116],
        [ 0.19123879,  0.4577894 ,  0.28977981, ..., -0.01730806,
          0.        ,  0.02422181],
        [ 0.16740791,  0.43612043,  0.26651225, ..., -0.04152116,
         -0.02422181,  0.        ]]]), 'num': array([7.08556250e-01, 7.05515840e-01, 7.23046389e-07, 6.08082013e-04,
       6.10251152e-04, 6.03020688e-04, 1.38732357e-02, 7.23046389e-07,
       6.09528106e-04, 6.06491311e-04, 6.26640204e-04, 8.93948262e-06,
       6.21100427e-04, 5.91882195e-04])}
{'img': array([[[ 0.        , -0.11547311, -0.13733766, ..., -0.29981632,
         -0.37592473, -0.36289568],
        [ 0.11547311,  0.        , -0.02204004, ..., -0.18764974,
         -0.26640685, -0.25286685],
        [ 0.13733766,  0.02204004,  0.        , ..., -0.16595564,
         -0.24509861, -0.23148166],
        ...,
        [ 0.29981632,  0.18764974,  0.16595564, ...,  0.        ,
         -0.08080619, -0.06682359],
        [ 0.37592473,  0.26640685,  0.24509861, ...,  0.08080619,
          0.        ,  0.01402051],
        [ 0.36289568,  0.25286685,  0.23148166, ...,  0.06682359,
         -0.01402051,  0.        ]],

       [[ 0.        , -0.03403338, -0.04955858, ..., -0.07466377,
         -0.03952415, -0.07780029],
        [ 0.03403338,  0.        , -0.01553831, ..., -0.04068213,
         -0.00549446, -0.04382499],
        [ 0.04955858,  0.01553831,  0.        , ..., -0.02515177,
          0.01004427, -0.02829633],
        ...,
        [ 0.07466377,  0.04068213,  0.02515177, ...,  0.        ,
          0.0351916 , -0.00314567],
        [ 0.03952415,  0.00549446, -0.01004427, ..., -0.0351916 ,
          0.        , -0.03833515],
        [ 0.07780029,  0.04382499,  0.02829633, ...,  0.00314567,
          0.03833515,  0.        ]],

       [[ 0.        , -0.06316347, -0.23328979, ..., -0.70817229,
         -0.73292554, -0.74528777],
        [ 0.06316347,  0.        , -0.17140335, ..., -0.6621623 ,
         -0.68849136, -0.70168578],
        [ 0.23328979,  0.17140335,  0.        , ..., -0.52392003,
         -0.55399299, -0.56917891],
        ...,
        [ 0.70817229,  0.6621623 ,  0.52392003, ...,  0.        ,
         -0.03569861, -0.05403385],
        [ 0.73292554,  0.68849136,  0.55399299, ...,  0.03569861,
          0.        , -0.01835296],
        [ 0.74528777,  0.70168578,  0.56917891, ...,  0.05403385,
          0.01835296,  0.        ]],

       ...,

       [[ 0.        , -0.07765068, -0.30800203, ...,  0.59361794,
          0.9827426 ,  0.752606  ],
        [ 0.07765068,  0.        , -0.23319631, ...,  0.65431474,
          0.99413903,  0.80146433],
        [ 0.30800203,  0.23319631,  0.        , ...,  0.81262333,
          0.99194095,  0.91882902],
        ...,
        [-0.59361794, -0.65431474, -0.81262333, ...,  0.        ,
          0.68105272,  0.21477715],
        [-0.9827426 , -0.99413903, -0.99194095, ..., -0.68105272,
          0.        , -0.50789184],
        [-0.752606  , -0.80146433, -0.91882902, ..., -0.21477715,
          0.50789184,  0.        ]],

       [[ 0.        ,  0.00196717, -0.01019925, ..., -0.96986587,
         -0.9431908 , -0.76630839],
        [-0.00196717,  0.        , -0.01216629, ..., -0.96938472,
         -0.94253539, -0.76504306],
        [ 0.01019925,  0.01216629,  0.        , ..., -0.97230037,
         -0.94653046, -0.77282128],
        ...,
        [ 0.96986587,  0.96938472,  0.97230037, ...,  0.        ,
         -0.09244096, -0.43640959],
        [ 0.9431908 ,  0.94253539,  0.94653046, ...,  0.09244096,
          0.        , -0.35136738],
        [ 0.76630839,  0.76504306,  0.77282128, ...,  0.43640959,
          0.35136738,  0.        ]],

       [[ 0.        , -0.18051536, -0.35838862, ..., -0.4577894 ,
         -0.43612043, -0.35686043],
        [ 0.18051536,  0.        , -0.1839769 , ..., -0.28977981,
         -0.26651225, -0.18236817],
        [ 0.35838862,  0.1839769 ,  0.        , ..., -0.10875036,
         -0.0846403 ,  0.00163642],
        ...,
        [ 0.4577894 ,  0.28977981,  0.10875036, ...,  0.        ,
          0.02422181,  0.11037693],
        [ 0.43612043,  0.26651225,  0.0846403 , ..., -0.02422181,
          0.        ,  0.08627073],
        [ 0.35686043,  0.18236817, -0.00163642, ..., -0.11037693,
         -0.08627073,  0.        ]]]), 'num': array([ 7.33231059e-01,  6.79450231e-01,  1.30377764e-05,  6.18170434e-04,
        6.29409897e-04,  6.17421137e-04,  2.67664051e-02, -1.19887599e-05,
        6.28810459e-04,  6.27274399e-04,  6.48791725e-04,  8.08765551e-06,
        6.41525044e-04,  6.13023753e-04])}
{'img': array([[[ 0.        , -0.02204004, -0.15025995, ..., -0.26640685,
         -0.25286685, -0.5007912 ],
        [ 0.02204004,  0.        , -0.12843364, ..., -0.24509861,
         -0.23148166, -0.4815924 ],
        [ 0.15025995,  0.12843364,  0.        , ..., -0.11855254,
         -0.10461926, -0.36504525],
        ...,
        [ 0.26640685,  0.24509861,  0.11855254, ...,  0.        ,
          0.01402051, -0.25209967],
        [ 0.25286685,  0.23148166,  0.10461926, ..., -0.01402051,
          0.        , -0.26564255],
        [ 0.5007912 ,  0.4815924 ,  0.36504525, ...,  0.25209967,
          0.26564255,  0.        ]],

       [[ 0.        , -0.01553831,  0.06202735, ..., -0.00549446,
         -0.04382499,  0.04496427],
        [ 0.01553831,  0.        ,  0.07752825, ...,  0.01004427,
         -0.02829633,  0.06048143],
        [-0.06202735, -0.07752825,  0.        , ..., -0.0675103 ,
         -0.10570836, -0.01708693],
        ...,
        [ 0.00549446, -0.01004427,  0.0675103 , ...,  0.        ,
         -0.03833515,  0.0504525 ],
        [ 0.04382499,  0.02829633,  0.10570836, ...,  0.03833515,
          0.        ,  0.08870174],
        [-0.04496427, -0.06048143,  0.01708693, ..., -0.0504525 ,
         -0.08870174,  0.        ]],

       [[ 0.        , -0.17140335, -0.33772665, ..., -0.68849136,
         -0.70168578, -0.76467835],
        [ 0.17140335,  0.        , -0.1713962 , ..., -0.55399299,
         -0.56917891, -0.64290743],
        [ 0.33772665,  0.1713962 ,  0.        , ..., -0.40310412,
         -0.41983201, -0.50211394],
        ...,
        [ 0.68849136,  0.55399299,  0.40310412, ...,  0.        ,
         -0.01835296, -0.1109066 ],
        [ 0.70168578,  0.56917891,  0.41983201, ...,  0.01835296,
          0.        , -0.09264819],
        [ 0.76467835,  0.64290743,  0.50211394, ...,  0.1109066 ,
          0.09264819,  0.        ]],

       ...,

       [[ 0.        , -0.23319631,  0.09241474, ...,  0.99413903,
          0.80146433,  0.5278524 ],
        [ 0.23319631,  0.        ,  0.3220652 , ...,  0.99194095,
          0.91882902,  0.71136138],
        [-0.09241474, -0.3220652 ,  0.        , ...,  0.97989383,
          0.7427666 ,  0.44710233],
        ...,
        [-0.99413903, -0.99194095, -0.97989383, ...,  0.        ,
         -0.50789184, -0.78729251],
        [-0.80146433, -0.91882902, -0.7427666 , ...,  0.50789184,
          0.        , -0.36503439],
        [-0.5278524 , -0.71136138, -0.44710233, ...,  0.78729251,
          0.36503439,  0.        ]],

       [[ 0.        , -0.01201907, -0.18623059, ..., -0.96813993,
         -0.91039781, -0.7590523 ],
        [ 0.01201907,  0.        , -0.17440833, ..., -0.9710797 ,
         -0.91530475, -0.76682225],
        [ 0.18623059,  0.17440833,  0.        , ..., -0.99783732,
         -0.9715213 , -0.86701512],
        ...,
        [ 0.96813993,  0.9710797 ,  0.99783732, ...,  0.        ,
         -0.17257987, -0.44021366],
        [ 0.91039781,  0.91530475,  0.9715213 , ...,  0.17257987,
          0.        , -0.27865022],
        [ 0.7590523 ,  0.76682225,  0.86701512, ...,  0.44021366,
          0.27865022,  0.        ]],

       [[ 0.        , -0.1839769 , -0.24470029, ..., -0.26651225,
         -0.18236817, -0.20244021],
        [ 0.1839769 ,  0.        , -0.06213961, ..., -0.0846403 ,
          0.00163642, -0.01881708],
        [ 0.24470029,  0.06213961,  0.        , ..., -0.0225601 ,
          0.06377278,  0.0433479 ],
        ...,
        [ 0.26651225,  0.0846403 ,  0.0225601 , ...,  0.        ,
          0.08627073,  0.06587575],
        [ 0.18236817, -0.00163642, -0.06377278, ..., -0.08627073,
          0.        , -0.02045318],
        [ 0.20244021,  0.01881708, -0.0433479 , ..., -0.06587575,
          0.02045318,  0.        ]]]), 'num': array([7.23079909e-01, 6.90694127e-01, 7.83211168e-06, 6.11052487e-04,
       6.16224636e-04, 6.10313609e-04, 9.69556316e-03, 1.47775692e-06,
       6.17554618e-04, 6.18293496e-04, 6.39339217e-04, 6.53623254e-06,
       6.32693856e-04, 6.03893136e-04])}
{'img': array([[[ 0.        , -0.12843364, -0.33122505, ..., -0.23148166,
         -0.4815924 , -0.44502987],
        [ 0.12843364,  0.        , -0.20729809, ..., -0.10461926,
         -0.36504525, -0.32632984],
        [ 0.33122505,  0.20729809,  0.        , ...,  0.1038138 ,
         -0.16412328, -0.12329149],
        ...,
        [ 0.23148166,  0.10461926, -0.1038138 , ...,  0.        ,
         -0.26564255, -0.22564707],
        [ 0.4815924 ,  0.36504525,  0.16412328, ...,  0.26564255,
          0.        ,  0.04125146],
        [ 0.44502987,  0.32632984,  0.12329149, ...,  0.22564707,
         -0.04125146,  0.        ]],

       [[ 0.        ,  0.0714855 ,  0.07978621, ..., -0.02338664,
          0.05529069, -0.10763926],
        [-0.0714855 ,  0.        ,  0.00832449, ..., -0.09479275,
         -0.01622691, -0.17843405],
        [-0.07978621, -0.00832449,  0.        , ..., -0.10307647,
         -0.02454974, -0.18661876],
        ...,
        [ 0.02338664,  0.09479275,  0.10307647, ...,  0.        ,
          0.07862643, -0.08435906],
        [-0.05529069,  0.01622691,  0.02454974, ..., -0.07862643,
          0.        , -0.16244406],
        [ 0.10763926,  0.17843405,  0.18661876, ...,  0.08435906,
          0.16244406,  0.        ]],

       [[ 0.        , -0.1713962 , -0.3396034 , ..., -0.56917891,
         -0.64290743, -0.71174837],
        [ 0.1713962 ,  0.        , -0.17336811, ..., -0.41983201,
         -0.50211394, -0.58082144],
        [ 0.3396034 ,  0.17336811,  0.        , ..., -0.25612531,
         -0.34458147, -0.4308991 ],
        ...,
        [ 0.56917891,  0.41983201,  0.25612531, ...,  0.        ,
         -0.09264819, -0.18539834],
        [ 0.64290743,  0.50211394,  0.34458147, ...,  0.09264819,
          0.        , -0.09355893],
        [ 0.71174837,  0.58082144,  0.4308991 , ...,  0.18539834,
          0.09355893,  0.        ]],

       ...,

       [[ 0.        ,  0.3220652 ,  0.40870981, ...,  0.91882902,
          0.71136138,  0.38498798],
        [-0.3220652 ,  0.        ,  0.09299529, ...,  0.7427666 ,
          0.44710233,  0.06723392],
        [-0.40870981, -0.09299529,  0.        , ...,  0.67728282,
          0.36198215, -0.02584229],
        ...,
        [-0.91882902, -0.7427666 , -0.67728282, ...,  0.        ,
         -0.36503439, -0.69606939],
        [-0.71136138, -0.44710233, -0.36198215, ...,  0.36503439,
          0.        , -0.38595106],
        [-0.38498798, -0.06723392,  0.02584229, ...,  0.69606939,
          0.38595106,  0.        ]],

       [[ 0.        , -0.17440833, -0.32096827, ..., -0.91530475,
         -0.76682225, -0.80279654],
        [ 0.17440833,  0.        , -0.15086855, ..., -0.9715213 ,
         -0.86701512, -0.89448391],
        [ 0.32096827,  0.15086855,  0.        , ..., -0.99614974,
         -0.93226618, -0.95169885],
        ...,
        [ 0.91530475,  0.9715213 ,  0.99614974, ...,  0.        ,
         -0.27865022, -0.22241733],
        [ 0.76682225,  0.86701512,  0.93226618, ...,  0.27865022,
          0.        ,  0.05806249],
        [ 0.80279654,  0.89448391,  0.95169885, ...,  0.22241733,
         -0.05806249,  0.        ]],

       [[ 0.        , -0.06213961, -0.18254308, ...,  0.00163642,
         -0.01881708, -0.05471438],
        [ 0.06213961,  0.        , -0.12109478, ...,  0.06377278,
          0.0433479 ,  0.00743789],
        [ 0.18254308,  0.12109478,  0.        , ...,  0.18415176,
          0.16400985,  0.12847458],
        ...,
        [-0.00163642, -0.06377278, -0.18415176, ...,  0.        ,
         -0.02045318, -0.05634828],
        [ 0.01881708, -0.0433479 , -0.16400985, ...,  0.02045318,
          0.        , -0.0359158 ],
        [ 0.05471438, -0.00743789, -0.12847458, ...,  0.05634828,
          0.0359158 ,  0.        ]]]), 'num': array([ 7.16355880e-01,  6.97120246e-01,  4.68590346e-06,  6.01113553e-04,
        6.12096139e-04,  5.95988346e-04,  2.92340337e-02, -4.39303449e-06,
        6.08288842e-04,  6.12132748e-04,  6.33060676e-04,  5.65185724e-06,
        6.27269250e-04,  5.96996245e-04])}
{'img': array([[[ 0.        , -0.20729809, -0.11855254, ..., -0.36504525,
         -0.32632984, -0.45327671],
        [ 0.20729809,  0.        ,  0.08985885, ..., -0.16412328,
         -0.12329149, -0.25865129],
        [ 0.11855254, -0.08985885,  0.        , ..., -0.25209967,
         -0.21196599, -0.34440594],
        ...,
        [ 0.36504525,  0.16412328,  0.25209967, ...,  0.        ,
          0.04125146, -0.09660565],
        [ 0.32632984,  0.12329149,  0.21196599, ..., -0.04125146,
          0.        , -0.13758193],
        [ 0.45327671,  0.25865129,  0.34440594, ...,  0.09660565,
          0.13758193,  0.        ]],

       [[ 0.        ,  0.00832449, -0.04990642, ..., -0.01622691,
         -0.17843405, -0.00165573],
        [-0.00832449,  0.        , -0.05821881, ..., -0.02454974,
         -0.18661876, -0.00998015],
        [ 0.04990642,  0.05821881,  0.        , ...,  0.03369317,
         -0.12910618,  0.04825269],
        ...,
        [ 0.01622691,  0.02454974, -0.03369317, ...,  0.        ,
         -0.16244406,  0.01457137],
        [ 0.17843405,  0.18661876,  0.12910618, ...,  0.16244406,
          0.        ,  0.17680464],
        [ 0.00165573,  0.00998015, -0.04825269, ..., -0.01457137,
         -0.17680464,  0.        ]],

       [[ 0.        , -0.17336811, -0.29836566, ..., -0.50211394,
         -0.58082144, -0.71154248],
        [ 0.17336811,  0.        , -0.12837606, ..., -0.34458147,
         -0.4308991 , -0.57895175],
        [ 0.29836566,  0.12837606,  0.        , ..., -0.22121641,
         -0.31148708, -0.46948832],
        ...,
        [ 0.50211394,  0.34458147,  0.22121641, ...,  0.        ,
         -0.09355893, -0.2625361 ],
        [ 0.58082144,  0.4308991 ,  0.31148708, ...,  0.09355893,
          0.        , -0.17110746],
        [ 0.71154248,  0.57895175,  0.46948832, ...,  0.2625361 ,
          0.17110746,  0.        ]],

       ...,

       [[ 0.        ,  0.09299529, -0.03469828, ...,  0.44710233,
          0.06723392, -0.15778644],
        [-0.09299529,  0.        , -0.12748721, ...,  0.36198215,
         -0.02584229, -0.24893304],
        [ 0.03469828,  0.12748721,  0.        , ...,  0.47787012,
          0.10181321, -0.1234278 ],
        ...,
        [-0.44710233, -0.36198215, -0.47787012, ...,  0.        ,
         -0.38595106, -0.58263886],
        [-0.06723392,  0.02584229, -0.10181321, ...,  0.38595106,
          0.        , -0.22382111],
        [ 0.15778644,  0.24893304,  0.1234278 , ...,  0.58263886,
          0.22382111,  0.        ]],

       [[ 0.        , -0.15086855, -0.2428515 , ..., -0.86701512,
         -0.89448391, -0.92220068],
        [ 0.15086855,  0.        , -0.09371971, ..., -0.93226618,
         -0.95169885, -0.96998764],
        [ 0.2428515 ,  0.09371971,  0.        , ..., -0.96206819,
         -0.97628511, -0.9885067 ],
        ...,
        [ 0.86701512,  0.93226618,  0.96206819, ...,  0.        ,
          0.05806249,  0.12423097],
        [ 0.89448391,  0.95169885,  0.97628511, ..., -0.05806249,
          0.        ,  0.06640869],
        [ 0.92220068,  0.96998764,  0.9885067 , ..., -0.12423097,
         -0.06640869,  0.        ]],

       [[ 0.        , -0.12109478, -0.25133031, ...,  0.0433479 ,
          0.00743789, -0.07598563],
        [ 0.12109478,  0.        , -0.13227295, ...,  0.16400985,
          0.12847458,  0.04531824],
        [ 0.25133031,  0.13227295,  0.        , ...,  0.29305055,
          0.2585225 ,  0.1770571 ],
        ...,
        [-0.0433479 , -0.16400985, -0.29305055, ...,  0.        ,
         -0.0359158 , -0.11913678],
        [-0.00743789, -0.12847458, -0.2585225 , ...,  0.0359158 ,
          0.        , -0.08339991],
        [ 0.07598563, -0.04531824, -0.1770571 , ...,  0.11913678,
          0.08339991,  0.        ]]]), 'num': array([7.15000662e-01, 6.98646954e-01, 3.94540607e-06, 6.05692895e-04,
       6.16652356e-04, 6.00578479e-04, 2.57583872e-02, 5.84504603e-06,
       6.05400642e-04, 6.10661184e-04, 6.31484160e-04, 6.62134120e-06,
       6.25921400e-04, 5.95400967e-04])}
{'img': array([[[ 0.        ,  0.08985885,  0.55610639, ..., -0.12329149,
         -0.25865129, -0.08537776],
        [-0.08985885,  0.        ,  0.62853936, ..., -0.21196599,
         -0.34440594, -0.17456311],
        [-0.55610639, -0.62853936,  0.        , ..., -0.44939465,
         -0.32221456, -0.48311745],
        ...,
        [ 0.12329149,  0.21196599,  0.44939465, ...,  0.        ,
         -0.13758193,  0.03811493],
        [ 0.25865129,  0.34440594,  0.32221456, ...,  0.13758193,
          0.        ,  0.17523444],
        [ 0.08537776,  0.17456311,  0.48311745, ..., -0.03811493,
         -0.17523444,  0.        ]],

       [[ 0.        , -0.05821881,  0.18661876, ..., -0.18661876,
         -0.00998015, -0.02624752],
