state_0,state_1,state_2,state_3,state_4,state_5,state_6,state_7,state_8,state_9,state_10,state_11,state_12,state_13,state_14,state_15,state_16,state_17,state_18,state_19,state_20,state_21,state_22,state_23,state_24,state_25,state_26,state_27,state_28,state_29,state_30,state_31,state_32,state_33,state_34,state_35,state_36,state_37,state_38,state_39,state_40,state_41,state_42,state_43,state_44,state_45,state_46,state_47,state_48,state_49,state_50,state_51,state_52,state_53,state_54,state_55,state_56,state_57,state_58,state_59,state_60,state_61,state_62,state_63,state_64,state_65,state_66,state_67,state_68,state_69,state_70,state_71,state_72,state_73,state_74,state_75,state_76,state_77,state_78,state_79,state_80,state_81,state_82,state_83,state_84,state_85,state_86,state_87,state_88,state_89,state_90,state_91,state_92,state_93,state_94,state_95,state_96,state_97,state_98,state_99,state_100,state_101,state_102,state_103,state_104,state_105,state_106,state_107,state_108,state_109,state_110,state_111,state_112,state_113,state_114,state_115,state_116,state_117,state_118,state_119,state_120,state_121,state_122,state_123,state_124,state_125,state_126,state_127,state_128,state_129,state_130,state_131,state_132,state_133,state_134,state_135,state_136,state_137,state_138,state_139,state_140,state_141,state_142,state_143,state_144,state_145,state_146,state_147,state_148,state_149,state_150,state_151,state_152,state_153,state_154,state_155,state_156,state_157,state_158,state_159,state_160,state_161,state_162,state_163,state_164,state_165,state_166,state_167,state_168,state_169,state_170,state_171,state_172,state_173,state_174,state_175,state_176,state_177,state_178,state_179,state_180,state_181,state_182,state_183,state_184,state_185,state_186,state_187,state_188,state_189,state_190,state_191,state_192,state_193,state_194,state_195,state_196,state_197,state_198,state_199,state_200,state_201,state_202,state_203,state_204,state_205,state_206,state_207,state_208,state_209,state_210,state_211,state_212,state_213,state_214,state_215,state_216,state_217,state_218,state_219,state_220,state_221,state_222,state_223,state_224,state_225,state_226,state_227,state_228,state_229,state_230,state_231,state_232,state_233,state_234,state_235,state_236,state_237,state_238,state_239,state_240,state_241,state_242,state_243,state_244,state_245,state_246,state_247,state_248,state_249,state_250,state_251,state_252,state_253,state_254,state_255,state_256,state_257,state_258,state_259,state_260,state_261,state_262,state_263,state_264,state_265,state_266,state_267,state_268,state_269,state_270,state_271,state_272,state_273,state_274,state_275,state_276,state_277,state_278,state_279,state_280,state_281,state_282,state_283,state_284,state_285,state_286,state_287
{'img': array([[[ 0.        ,  0.77952298,  0.45574596, ...,  0.59705836,
          0.59705836,  0.85629713],
        [-0.77952298,  0.        , -0.40839386, ...,  0.99931323,
          0.99931323,  0.93897271],
        [-0.45574596,  0.40839386,  0.        , ...,  0.89704596,
          0.89704596,  0.99758382],
        ...,
        [-0.59705836, -0.99931323, -0.89704596, ...,  0.        ,
          0.        , -0.37854888],
        [-0.59705836, -0.99931323, -0.89704596, ...,  0.        ,
          0.        , -0.37854888],
        [-0.85629713, -0.93897271, -0.99758382, ...,  0.37854888,
          0.37854888,  0.        ]],

       [[ 0.        ,  0.83046961, -0.54517451, ..., -0.66633118,
         -0.80092298, -0.7654411 ],
        [-0.83046961,  0.        , -0.99989849, ..., -0.99043365,
         -0.94342342, -0.96081177],
        [ 0.54517451,  0.99989849,  0.        , ..., -0.15208786,
         -0.3449991 , -0.29086352],
        ...,
        [ 0.66633118,  0.99043365,  0.15208786, ...,  0.        ,
         -0.19823559, -0.14196762],
        [ 0.80092298,  0.94342342,  0.3449991 , ...,  0.19823559,
          0.        ,  0.05707754],
        [ 0.7654411 ,  0.96081177,  0.29086352, ...,  0.14196762,
         -0.05707754,  0.        ]],

       [[ 0.        ,  0.56513273,  0.74747876, ...,  0.32291324,
          0.        ,  0.30116695],
        [-0.56513273,  0.        ,  0.24126038, ...,  0.80126118,
          0.56513273,  0.78735715],
        [-0.74747876, -0.24126038,  0.        , ...,  0.9219419 ,
          0.74747876,  0.91283529],
        ...,
        [-0.32291324, -0.80126118, -0.9219419 , ...,  0.        ,
          0.32291324,  0.02288783],
        [-0.        , -0.56513273, -0.74747876, ..., -0.32291324,
          0.        , -0.30116695],
        [-0.30116695, -0.78735715, -0.91283529, ..., -0.02288783,
          0.30116695,  0.        ]],

       ...,

       [[ 0.        ,  0.24379076, -0.01357077, ...,  0.4893089 ,
          0.3994926 , -0.03552875],
        [-0.24379076,  0.        , -0.25692962, ...,  0.26193291,
          0.16394718, -0.27809361],
        [ 0.01357077,  0.25692962,  0.        , ...,  0.50109906,
          0.41189664, -0.02196327],
        ...,
        [-0.4893089 , -0.26193291, -0.50109906, ...,  0.        ,
         -0.10016558, -0.51998497],
        [-0.3994926 , -0.16394718, -0.41189664, ...,  0.10016558,
          0.        , -0.43181088],
        [ 0.03552875,  0.27809361,  0.02196327, ...,  0.51998497,
          0.43181088,  0.        ]],

       [[ 0.        ,  0.52129982,  0.61368097, ...,  0.18897775,
          0.14337367,  0.2292579 ],
        [-0.52129982,  0.        ,  0.11210474, ...,  0.67317533,
          0.63826538,  0.70305801],
        [-0.61368097, -0.11210474,  0.        , ...,  0.75183144,
          0.72054207,  0.77834753],
        ...,
        [-0.18897775, -0.67317533, -0.75183144, ...,  0.        ,
          0.04623508, -0.04118252],
        [-0.14337367, -0.63826538, -0.72054207, ..., -0.04623508,
          0.        , -0.08733433],
        [-0.2292579 , -0.70305801, -0.77834753, ...,  0.04118252,
          0.08733433,  0.        ]],

       [[ 0.        , -0.07906016, -0.10095445, ...,  0.99910163,
          0.9780674 ,  0.75616677],
        [ 0.07906016,  0.        , -0.0219822 , ...,  0.99932473,
          0.95853856,  0.70206455],
        [ 0.10095445,  0.0219822 ,  0.        , ...,  0.99827556,
          0.95204283,  0.68624109],
        ...,
        [-0.99910163, -0.99932473, -0.99827556, ...,  0.        ,
          0.24955041,  0.68583618],
        [-0.9780674 , -0.95853856, -0.95204283, ..., -0.24955041,
          0.        ,  0.48252576],
        [-0.75616677, -0.70206455, -0.68624109, ..., -0.68583618,
         -0.48252576,  0.        ]]]), 'num': array([ 9.70797428e-01,  2.39779020e-01,  2.48223568e-06,  2.66795039e-03,
        2.74042443e-03,  2.65889114e-03,  2.66776921e-04, -7.24740344e-05,
        2.76850811e-03,  2.71936166e-03,  2.58921037e-03,  3.92256372e-07,
        2.87530916e-03,  2.56341416e-03])}
{'img': array([[[ 0.        , -0.45893263, -0.03042492, ...,  0.99700017,
          0.95049099,  0.76517035],
        [ 0.45893263,  0.        ,  0.4316885 , ...,  0.8502847 ,
          0.98709803,  0.97530534],
        [ 0.03042492, -0.4316885 ,  0.        , ...,  0.99418374,
          0.95950557,  0.78440453],
        ...,
        [-0.99700017, -0.8502847 , -0.99418374, ...,  0.        ,
         -0.38338733, -0.70112022],
        [-0.95049099, -0.98709803, -0.95950557, ...,  0.38338733,
          0.        , -0.37417429],
        [-0.76517035, -0.97530534, -0.78440453, ...,  0.70112022,
          0.37417429,  0.        ]],

       [[ 0.        , -0.99989849, -0.98661346, ..., -0.94342342,
         -0.96081177, -0.99506579],
        [ 0.99989849,  0.        ,  0.14900209, ..., -0.3449991 ,
         -0.29086352,  0.08502915],
        [ 0.98661346, -0.14900209,  0.        , ..., -0.48100165,
         -0.43017649, -0.06438251],
        ...,
        [ 0.94342342,  0.3449991 ,  0.48100165, ...,  0.        ,
          0.05707754,  0.4235583 ],
        [ 0.96081177,  0.29086352,  0.43017649, ..., -0.05707754,
          0.        ,  0.37116302],
        [ 0.99506579, -0.08502915,  0.06438251, ..., -0.4235583 ,
         -0.37116302,  0.        ]],

       [[ 0.        ,  0.5667719 ,  0.75512807, ...,  0.        ,
          0.31491652,  0.59947779],
        [-0.5667719 ,  0.        ,  0.25056816, ...,  0.5667719 ,
          0.79738596,  0.94753397],
        [-0.75512807, -0.25056816,  0.        , ...,  0.75512807,
          0.9231588 ,  0.99740204],
        ...,
        [-0.        , -0.5667719 , -0.75512807, ...,  0.        ,
         -0.31491652, -0.59947779],
        [-0.31491652, -0.79738596, -0.9231588 , ...,  0.31491652,
          0.        , -0.31691952],
        [-0.59947779, -0.94753397, -0.99740204, ...,  0.59947779,
          0.31691952,  0.        ]],

       ...,

       [[ 0.        , -0.25692962,  0.11304344, ...,  0.16394718,
         -0.27809361, -0.75183   ],
        [ 0.25692962,  0.        ,  0.3645313 , ...,  0.41189664,
         -0.02196327, -0.55718281],
        [-0.11304344, -0.3645313 ,  0.        , ...,  0.05138243,
         -0.38489537, -0.82154678],
        ...,
        [-0.16394718, -0.41189664, -0.05138243, ...,  0.        ,
         -0.43181088, -0.8497568 ],
        [ 0.27809361,  0.02196327,  0.38489537, ...,  0.43181088,
          0.        , -0.53881032],
        [ 0.75183   ,  0.55718281,  0.82154678, ...,  0.8497568 ,
          0.53881032,  0.        ]],

       [[ 0.        ,  0.36468354,  0.57548162, ...,  0.14890651,
          0.23802678,  0.35277335],
        [-0.36468354,  0.        ,  0.23760552, ...,  0.49926933,
          0.57583626,  0.66971599],
        [-0.57548162, -0.23760552,  0.        , ...,  0.69084367,
          0.75360327,  0.82698645],
        ...,
        [-0.14890651, -0.49926933, -0.69084367, ...,  0.        ,
         -0.09074636, -0.20950724],
        [-0.23802678, -0.57583626, -0.75360327, ...,  0.09074636,
          0.        , -0.11991039],
        [-0.35277335, -0.66971599, -0.82698645, ...,  0.20950724,
          0.11991039,  0.        ]],

       [[ 0.        , -0.02136632, -0.08174462, ...,  0.98936925,
          0.93192423,  0.68780128],
        [ 0.02136632,  0.        , -0.06043114, ...,  0.98603619,
          0.92396293,  0.67213447],
        [ 0.08174462,  0.06043114,  0.        , ...,  0.97417041,
          0.89916044,  0.62616108],
        ...,
        [-0.98936925, -0.98603619, -0.97417041, ...,  0.        ,
          0.22327247,  0.61815853],
        [-0.93192423, -0.92396293, -0.89916044, ..., -0.22327247,
          0.        ,  0.42704968],
        [-0.68780128, -0.67213447, -0.62616108, ..., -0.61815853,
         -0.42704968,  0.        ]]]), 'num': array([ 8.55079846e-01,  5.16920783e-01,  1.15609936e-06,  1.40899610e-02,
        1.43067296e-02,  1.39213632e-02,  1.69036178e-03, -9.63416135e-05,
        1.45234982e-02,  1.44861659e-02,  1.37804635e-02,  1.94629522e-06,
        1.52279767e-02,  1.37443550e-02])}
{'img': array([[[ 0.        ,  0.4316885 ,  0.10909378, ...,  0.98709803,
          0.97530534,  0.95138963],
        [-0.4316885 ,  0.        , -0.33070688, ...,  0.95950557,
          0.78440453,  0.7252194 ],
        [-0.10909378,  0.33070688,  0.        , ...,  0.99867428,
          0.94538965,  0.91211144],
        ...,
        [-0.98709803, -0.95950557, -0.99867428, ...,  0.        ,
         -0.37417429, -0.45634992],
        [-0.97530534, -0.78440453, -0.94538965, ...,  0.37417429,
          0.        , -0.0902595 ],
        [-0.95138963, -0.7252194 , -0.91211144, ...,  0.45634992,
          0.0902595 ,  0.        ]],

       [[ 0.        ,  0.14900209, -0.29715585, ..., -0.29086352,
          0.08502915,  0.27770409],
        [-0.14900209,  0.        , -0.43611018, ..., -0.43017649,
         -0.06438251,  0.13146271],
        [ 0.29715585,  0.43611018,  0.        , ...,  0.00658327,
          0.37726799,  0.55062764],
        ...,
        [ 0.29086352,  0.43017649, -0.00658327, ...,  0.        ,
          0.37116302,  0.54512032],
        [-0.08502915,  0.06438251, -0.37726799, ..., -0.37116302,
          0.        ,  0.1950137 ],
        [-0.27770409, -0.13146271, -0.55062764, ..., -0.54512032,
         -0.1950137 ,  0.        ]],

       [[ 0.        ,  0.57882661,  0.76880359, ...,  0.32935545,
          0.62438608,  0.79611131],
        [-0.57882661,  0.        ,  0.25677046, ...,  0.81510468,
          0.96128669,  0.99946653],
        [-0.76880359, -0.25677046,  0.        , ...,  0.93652683,
          0.99981022,  0.97434288],
        ...,
        [-0.32935545, -0.81510468, -0.93652683, ...,  0.        ,
         -0.33228432, -0.55238356],
        [-0.62438608, -0.96128669, -0.99981022, ...,  0.33228432,
          0.        , -0.24400781],
        [-0.79611131, -0.99946653, -0.97434288, ...,  0.55238356,
          0.24400781,  0.        ]],

       ...,

       [[ 0.        ,  0.3645313 ,  0.27023953, ..., -0.02196327,
         -0.55718281, -0.71012119],
        [-0.3645313 ,  0.        , -0.09932357, ..., -0.38489537,
         -0.82154678, -0.91791756],
        [-0.27023953,  0.09932357,  0.        , ..., -0.29132043,
         -0.76085594, -0.87396991],
        ...,
        [ 0.02196327,  0.38489537,  0.29132043, ...,  0.        ,
         -0.53881032, -0.69448601],
        [ 0.55718281,  0.82154678,  0.76085594, ...,  0.53881032,
          0.        , -0.19737647],
        [ 0.71012119,  0.91791756,  0.87396991, ...,  0.69448601,
          0.19737647,  0.        ]],

       [[ 0.        ,  0.47004574,  0.56743946, ...,  0.2421709 ,
          0.35879591,  0.47703393],
        [-0.47004574,  0.        ,  0.11380316, ...,  0.6698044 ,
          0.75543659,  0.83416631],
        [-0.56743946, -0.11380316,  0.        , ...,  0.74995602,
          0.82509507,  0.89151091],
        ...,
        [-0.2421709 , -0.6698044 , -0.74995602, ...,  0.        ,
         -0.12206965, -0.24999401],
        [-0.35879591, -0.75543659, -0.82509507, ...,  0.12206965,
          0.        , -0.12993082],
        [-0.47703393, -0.83416631, -0.89151091, ...,  0.24999401,
          0.12993082,  0.        ]],

       [[ 0.        , -0.05858198, -0.06031775, ...,  0.97695887,
          0.9257271 ,  0.65651574],
        [ 0.05858198,  0.        , -0.00173884, ...,  0.96277803,
          0.90198201,  0.61119913],
        [ 0.06031775,  0.00173884,  0.        , ...,  0.96230657,
          0.90122986,  0.60982195],
        ...,
        [-0.97695887, -0.96277803, -0.96230657, ...,  0.        ,
          0.17190244,  0.5968135 ],
        [-0.9257271 , -0.90198201, -0.90122986, ..., -0.17190244,
          0.        ,  0.44999824],
        [-0.65651574, -0.61119913, -0.60982195, ..., -0.5968135 ,
         -0.44999824,  0.        ]]]), 'num': array([ 7.78573881e-01,  6.26478706e-01,  5.28108247e-07,  1.26745979e-02,
        1.29606566e-02,  1.26305889e-02,  1.10295407e-03, -1.98040593e-04,
        1.30838818e-02,  1.32544168e-02,  1.26027165e-02,  1.64519703e-06,
        1.38354817e-02,  1.26733519e-02])}
{'img': array([[[ 0.        , -0.33070688, -0.06362865, ...,  0.78440453,
          0.7252194 ,  0.5716798 ],
        [ 0.33070688,  0.        ,  0.26998826, ...,  0.94538965,
          0.91211144,  0.81085072],
        [ 0.06362865, -0.26998826,  0.        , ...,  0.82228069,
          0.7675593 ,  0.62272721],
        ...,
        [-0.78440453, -0.94538965, -0.82228069, ...,  0.        ,
         -0.0902595 , -0.28900158],
        [-0.7252194 , -0.91211144, -0.7675593 , ...,  0.0902595 ,
          0.        , -0.20141395],
        [-0.5716798 , -0.81085072, -0.62272721, ...,  0.28900158,
          0.20141395,  0.        ]],

       [[ 0.        , -0.43611018, -0.40376612, ..., -0.06438251,
          0.13146271, -0.21908971],
        [ 0.43611018,  0.        ,  0.03563432, ...,  0.37726799,
          0.55062764,  0.22835741],
        [ 0.40376612, -0.03563432,  0.        , ...,  0.3440273 ,
          0.52053215,  0.19351961],
        ...,
        [ 0.06438251, -0.37726799, -0.3440273 , ...,  0.        ,
          0.1950137 , -0.15581684],
        [-0.13146271, -0.55062764, -0.52053215, ..., -0.1950137 ,
          0.        , -0.34545704],
        [ 0.21908971, -0.22835741, -0.19351961, ...,  0.15581684,
          0.34545704,  0.        ]],

       [[ 0.        ,  0.5917159 ,  0.67265888, ...,  0.65124768,
          0.82508281,  0.93044552],
        [-0.5917159 ,  0.        ,  0.10441987, ...,  0.97403371,
          0.99946416,  0.96689808],
        [-0.67265888, -0.10441987,  0.        , ...,  0.99234994,
          0.99058249,  0.93496826],
        ...,
        [-0.65124768, -0.97403371, -0.99234994, ...,  0.        ,
         -0.25816404, -0.46744591],
        [-0.82508281, -0.99946416, -0.99058249, ...,  0.25816404,
          0.        , -0.22337741],
        [-0.93044552, -0.96689808, -0.93496826, ...,  0.46744591,
          0.22337741,  0.        ]],

       ...,

       [[ 0.        , -0.09932357, -0.12345989, ..., -0.82154678,
         -0.91791756, -0.99591895],
        [ 0.09932357,  0.        , -0.0242857 , ..., -0.76085594,
         -0.87396991, -0.98203015],
        [ 0.12345989,  0.0242857 ,  0.        , ..., -0.74487204,
         -0.86190977, -0.97715721],
        ...,
        [ 0.82154678,  0.76085594,  0.74487204, ...,  0.        ,
         -0.19737647, -0.49366795],
        [ 0.91791756,  0.87396991,  0.86190977, ...,  0.19737647,
          0.        , -0.31230785],
        [ 0.99591895,  0.98203015,  0.97715721, ...,  0.49366795,
          0.31230785,  0.        ]],

       [[ 0.        ,  0.3491119 ,  0.52289245, ...,  0.3694128 ,
          0.49068871,  0.61137988],
        [-0.3491119 ,  0.        ,  0.19241008, ...,  0.67058734,
          0.76400849,  0.84917775],
        [-0.52289245, -0.19241008,  0.        , ...,  0.80079284,
          0.87387687,  0.93492367],
        ...,
        [-0.3694128 , -0.67058734, -0.80079284, ...,  0.        ,
         -0.13409777, -0.27580407],
        [-0.49068871, -0.76400849, -0.87387687, ...,  0.13409777,
          0.        , -0.1444164 ],
        [-0.61137988, -0.84917775, -0.93492367, ...,  0.27580407,
          0.1444164 ,  0.        ]],

       [[ 0.        , -0.00168352, -0.03088489, ...,  0.9647136 ,
          0.89920421,  0.5956372 ],
        [ 0.00168352,  0.        , -0.02920213, ...,  0.96426896,
          0.89846635,  0.59428407],
        [ 0.03088489,  0.02920213,  0.        , ...,  0.95612135,
          0.8852622 ,  0.57054466],
        ...,
        [-0.9647136 , -0.96426896, -0.95612135, ...,  0.        ,
          0.18532856,  0.6180775 ],
        [-0.89920421, -0.89846635, -0.8852622 , ..., -0.18532856,
          0.        ,  0.46168034],
        [-0.5956372 , -0.59428407, -0.57054466, ..., -0.6180775 ,
         -0.46168034,  0.        ]]]), 'num': array([8.60064827e-01, 5.08586648e-01, 1.21199372e-06, 1.40591272e-02,
       1.41560867e-02, 1.39621677e-02, 5.50536029e-04, 9.69594979e-05,
       1.42288063e-02, 1.45875565e-02, 1.38942960e-02, 1.97510088e-06,
       1.52602905e-02, 1.39148224e-02])}
{'img': array([[[ 0.        ,  0.26998826,  0.65360682, ...,  0.91211144,
          0.81085072,  0.8603657 ],
        [-0.26998826,  0.        ,  0.42499786, ...,  0.7675593 ,
          0.62272721,  0.69080796],
        [-0.65360682, -0.42499786,  0.        , ...,  0.4223761 ,
          0.23115424,  0.31802575],
        ...,
        [-0.91211144, -0.7675593 , -0.4223761 , ...,  0.        ,
         -0.20141395, -0.1121821 ],
        [-0.81085072, -0.62272721, -0.23115424, ...,  0.20141395,
          0.        ,  0.0902595 ],
        [-0.8603657 , -0.69080796, -0.31802575, ...,  0.1121821 ,
         -0.0902595 ,  0.        ]],

       [[ 0.        ,  0.03563432,  0.67800933, ...,  0.55062764,
          0.22835741, -0.34803196],
        [-0.03563432,  0.        ,  0.6513856 , ...,  0.52053215,
          0.19351961, -0.38121748],
        [-0.67800933, -0.6513856 ,  0.        , ..., -0.16122829,
         -0.49223967, -0.89144404],
        ...,
        [-0.55062764, -0.52053215,  0.16122829, ...,  0.        ,
         -0.34545704, -0.80672389],
        [-0.22835741, -0.19351961,  0.49223967, ...,  0.34545704,
          0.        , -0.55291715],
        [ 0.34803196,  0.38121748,  0.89144404, ...,  0.80672389,
          0.55291715,  0.        ]],

       [[ 0.        ,  0.37579808,  0.51258122, ...,  0.85518396,
          0.95443174,  0.99503992],
        [-0.37579808,  0.        ,  0.15233503, ...,  0.98728571,
          0.99662256,  0.95948811],
        [-0.51258122, -0.15233503,  0.        , ...,  0.99997754,
          0.97248133,  0.90536958],
        ...,
        [-0.85518396, -0.98728571, -0.99997754, ...,  0.        ,
         -0.23949349, -0.43068302],
        [-0.95443174, -0.99662256, -0.97248133, ...,  0.23949349,
          0.        , -0.20200561],
        [-0.99503992, -0.95948811, -0.90536958, ...,  0.43068302,
          0.20200561,  0.        ]],

       ...,

       [[ 0.        , -0.0242857 ,  0.17210836, ..., -0.87396991,
         -0.98203015, -0.86109003],
        [ 0.0242857 ,  0.        ,  0.19598091, ..., -0.86190977,
         -0.97715721, -0.84848794],
        [-0.17210836, -0.19598091,  0.        , ..., -0.94456978,
         -0.99985731, -0.9357498 ],
        ...,
        [ 0.87396991,  0.86190977,  0.94456978, ...,  0.        ,
         -0.31230785,  0.02589962],
        [ 0.98203015,  0.97715721,  0.99985731, ...,  0.31230785,
          0.        ,  0.33680724],
        [ 0.86109003,  0.84848794,  0.9357498 , ..., -0.02589962,
         -0.33680724,  0.        ]],

       [[ 0.        ,  0.40892716,  0.66100816, ...,  0.49803708,
          0.6200534 ,  0.59544264],
        [-0.40892716,  0.        ,  0.29636402, ...,  0.80909575,
          0.88666802,  0.87191251],
        [-0.66100816, -0.29636402,  0.        , ...,  0.94691344,
          0.98387518,  0.97786   ],
        ...,
        [-0.49803708, -0.80909575, -0.94691344, ...,  0.        ,
         -0.14694309, -0.1162196 ],
        [-0.6200534 , -0.88666802, -0.98387518, ...,  0.14694309,
          0.        ,  0.03098931],
        [-0.59544264, -0.87191251, -0.97786   , ...,  0.1162196 ,
         -0.03098931,  0.        ]],

       [[ 0.        , -0.02920213, -0.13680709, ...,  0.89846635,
          0.59428407,  0.79673084],
        [ 0.02920213,  0.        , -0.10782119, ...,  0.8852622 ,
          0.57054466,  0.77874321],
        [ 0.13680709,  0.10782119,  0.        , ...,  0.82995459,
          0.47866862,  0.70656252],
        ...,
        [-0.89846635, -0.8852622 , -0.82995459, ...,  0.        ,
          0.46168034,  0.19317543],
        [-0.59428407, -0.57054466, -0.47866862, ..., -0.46168034,
          0.        , -0.28162867],
        [-0.79673084, -0.77874321, -0.70656252, ..., -0.19317543,
          0.28162867,  0.        ]]]), 'num': array([ 8.46779461e-01,  5.30460634e-01,  1.10215619e-06,  1.37529925e-02,
        1.39207119e-02,  1.36811127e-02,  9.08128781e-04, -1.43759503e-04,
        1.39159199e-02,  1.43927222e-02,  1.37462038e-02,  1.79699379e-06,
        1.51167876e-02,  1.36686569e-02])}
{'img': array([[[ 0.        ,  0.42499786,  0.64031088, ...,  0.62272721,
          0.69080796,  0.58641272],
        [-0.42499786,  0.        ,  0.25315819, ...,  0.23115424,
          0.31802575,  0.18656394],
        [-0.64031088, -0.25315819,  0.        , ..., -0.02267757,
          0.06765128, -0.06822685],
        ...,
        [-0.62272721, -0.23115424,  0.02267757, ...,  0.        ,
          0.0902595 , -0.04558457],
        [-0.69080796, -0.31802575, -0.06765128, ..., -0.0902595 ,
          0.        , -0.13556418],
        [-0.58641272, -0.18656394,  0.06822685, ...,  0.04558457,
          0.13556418,  0.        ]],

       [[ 0.        ,  0.6513856 ,  0.34804253, ...,  0.19351961,
         -0.38121748, -0.03867012],
        [-0.6513856 ,  0.        , -0.34658398, ..., -0.49223967,
         -0.89144404, -0.68023921],
        [-0.34804253,  0.34658398,  0.        , ..., -0.16004276,
         -0.67914352, -0.38403462],
        ...,
        [-0.19351961,  0.49223967,  0.16004276, ...,  0.        ,
         -0.55291715, -0.23131398],
        [ 0.38121748,  0.89144404,  0.67914352, ...,  0.55291715,
          0.        ,  0.34518239],
        [ 0.03867012,  0.68023921,  0.38403462, ...,  0.23131398,
         -0.34518239,  0.        ]],

       [[ 0.        ,  0.16559289,  0.45824561, ...,  0.99898028,
          0.9689329 ,  0.9156406 ],
        [-0.16559289,  0.        ,  0.30473597, ...,  0.97771228,
          0.91460096,  0.83643146],
        [-0.45824561, -0.30473597,  0.        , ...,  0.86723013,
          0.74787736,  0.62963105],
        ...,
        [-0.99898028, -0.97771228, -0.86723013, ...,  0.        ,
         -0.20332561, -0.36024811],
        [-0.9689329 , -0.91460096, -0.74787736, ...,  0.20332561,
          0.        , -0.16304933],
        [-0.9156406 , -0.83643146, -0.62963105, ...,  0.36024811,
          0.16304933,  0.        ]],

       ...,

       [[ 0.        ,  0.19598091,  0.3166143 , ..., -0.97715721,
         -0.84848794, -0.97305931],
        [-0.19598091,  0.        ,  0.12457588, ..., -0.99985731,
         -0.9357498 , -0.99937383],
        [-0.3166143 , -0.12457588,  0.        , ..., -0.99417289,
         -0.97239388, -0.99599665],
        ...,
        [ 0.97715721,  0.99985731,  0.99417289, ...,  0.        ,
          0.33680724,  0.01849606],
        [ 0.84848794,  0.9357498 ,  0.97239388, ..., -0.33680724,
          0.        , -0.31933422],
        [ 0.97305931,  0.99937383,  0.99599665, ..., -0.01849606,
          0.31933422,  0.        ]],

       [[ 0.        ,  0.55717179,  0.78719808, ...,  0.63231578,
          0.60738168,  0.56042066],
        [-0.55717179,  0.        ,  0.31007914, ...,  0.95672027,
          0.94699101,  0.92682597],
        [-0.78719808, -0.31007914,  0.        , ...,  0.99980011,
          0.99993058,  0.99757539],
        ...,
        [-0.63231578, -0.95672027, -0.99980011, ...,  0.        ,
          0.03177296,  0.08952516],
        [-0.60738168, -0.94699101, -0.99993058, ..., -0.03177296,
          0.        ,  0.05783458],
        [-0.56042066, -0.92682597, -0.99757539, ..., -0.08952516,
         -0.05783458,  0.        ]],

       [[ 0.        , -0.10782119, -0.29001138, ...,  0.57054466,
          0.77874321,  0.88887707],
        [ 0.10782119,  0.        , -0.18513333, ...,  0.47866862,
          0.70656252,  0.83429737],
        [ 0.29001138,  0.18513333,  0.        , ...,  0.30784781,
          0.56333875,  0.71780849],
        ...,
        [-0.57054466, -0.47866862, -0.30784781, ...,  0.        ,
         -0.28162867, -0.46861241],
        [-0.77874321, -0.70656252, -0.56333875, ...,  0.28162867,
          0.        , -0.20085274],
        [-0.88887707, -0.83429737, -0.71780849, ...,  0.46861241,
          0.20085274,  0.        ]]]), 'num': array([8.09605682e-01, 5.85751142e-01, 7.78624489e-07, 1.31679141e-02,
       1.32137156e-02, 1.30763113e-02, 6.63937682e-04, 2.29007203e-05,
       1.32366163e-02, 1.37312719e-02, 1.31480669e-02, 1.96946194e-06,
       1.44690021e-02, 1.29935416e-02])}
{'img': array([[[ 0.        ,  0.25315819,  0.23115424, ...,  0.31802575,
          0.18656394,  0.20895686],
        [-0.25315819,  0.        , -0.02267757, ...,  0.06765128,
         -0.06822685, -0.04541962],
        [-0.23115424,  0.02267757,  0.        , ...,  0.0902595 ,
         -0.04558457, -0.02275377],
        ...,
        [-0.31802575, -0.06765128, -0.0902595 , ...,  0.        ,
         -0.13556418, -0.11289703],
        [-0.18656394,  0.06822685,  0.04558457, ...,  0.13556418,
          0.        ,  0.02284265],
        [-0.20895686,  0.04541962,  0.02275377, ...,  0.11289703,
         -0.02284265,  0.        ]],

       [[ 0.        , -0.34658398, -0.53593884, ..., -0.89144404,
         -0.68023921, -0.80824669],
        [ 0.34658398,  0.        , -0.21011491, ..., -0.67914352,
         -0.38403462, -0.5540668 ],
        [ 0.53593884,  0.21011491,  0.        , ..., -0.5097573 ,
         -0.18145868, -0.36678338],
        ...,
        [ 0.89144404,  0.67914352,  0.5097573 , ...,  0.        ,
          0.34518239,  0.15868003],
        [ 0.68023921,  0.38403462,  0.18145868, ..., -0.34518239,
          0.        , -0.19188209],
        [ 0.80824669,  0.5540668 ,  0.36678338, ..., -0.15868003,
          0.19188209,  0.        ]],

       [[ 0.        ,  0.30473597,  0.45431037, ...,  0.91460096,
          0.83643146,  0.79341974],
        [-0.30473597,  0.        ,  0.1612299 , ...,  0.74787736,
          0.62963105,  0.57019708],
        [-0.45431037, -0.1612299 ,  0.        , ...,  0.63106243,
          0.49613492,  0.43028548],
        ...,
        [-0.91460096, -0.74787736, -0.63106243, ...,  0.        ,
         -0.16304933, -0.23586932],
        [-0.83643146, -0.62963105, -0.49613492, ...,  0.16304933,
          0.        , -0.07426404],
        [-0.79341974, -0.57019708, -0.43028548, ...,  0.23586932,
          0.07426404,  0.        ]],

       ...,

       [[ 0.        ,  0.12457588,  0.08711028, ..., -0.9357498 ,
         -0.99937383, -0.87045292],
        [-0.12457588,  0.        , -0.03767062, ..., -0.97239388,
         -0.99599665, -0.92499485],
        [-0.08711028,  0.03767062,  0.        , ..., -0.96291342,
         -0.9986571 , -0.91002423],
        ...,
        [ 0.9357498 ,  0.97239388,  0.96291342, ...,  0.        ,
         -0.31933422,  0.15364648],
        [ 0.99937383,  0.99599665,  0.9986571 , ...,  0.31933422,
          0.        ,  0.46114429],
        [ 0.87045292,  0.92499485,  0.91002423, ..., -0.15364648,
         -0.46114429,  0.        ]],

       [[ 0.        ,  0.64224187,  0.81762551, ...,  0.63151899,
          0.58325369,  0.54802965],
        [-0.64224187,  0.        ,  0.25694062, ...,  0.98202951,
          0.96875183,  0.95727478],
        [-0.81762551, -0.25694062,  0.        , ...,  0.99755176,
          0.99995762,  0.99943843],
        ...,
        [-0.63151899, -0.98202951, -0.99755176, ...,  0.        ,
          0.06074478,  0.10331919],
        [-0.58325369, -0.96875183, -0.99995762, ..., -0.06074478,
          0.        ,  0.04270871],
        [-0.54802965, -0.95727478, -0.99943843, ..., -0.10331919,
         -0.04270871,  0.        ]],

       [[ 0.        , -0.18513333, -0.41564444, ...,  0.70656252,
          0.83429737,  0.89707963],
        [ 0.18513333,  0.        , -0.24007557, ...,  0.56333875,
          0.71780849,  0.79976753],
        [ 0.41564444,  0.24007557,  0.        , ...,  0.34850677,
          0.52966524,  0.63225796],
        ...,
        [-0.70656252, -0.56333875, -0.34850677, ...,  0.        ,
         -0.20085274, -0.32261095],
        [-0.83429737, -0.71780849, -0.52966524, ...,  0.20085274,
          0.        , -0.12592313],
        [-0.89707963, -0.79976753, -0.63225796, ...,  0.32261095,
          0.12592313,  0.        ]]]), 'num': array([7.36366316e-01, 6.75698832e-01, 2.08121730e-07, 1.21334969e-02,
       1.22167456e-02, 1.19878117e-02, 1.21093548e-03, 1.66497384e-04,
       1.20211111e-02, 1.24592074e-02, 1.19548591e-02, 1.76588135e-06,
       1.31457284e-02, 1.17726864e-02])}
{'img': array([[[ 0.        , -0.02267757, -0.02267757, ..., -0.06822685,
         -0.04541962,  0.13473751],
        [ 0.02267757,  0.        ,  0.        , ..., -0.04558457,
         -0.02275377,  0.15717364],
        [ 0.02267757,  0.        ,  0.        , ..., -0.04558457,
         -0.02275377,  0.15717364],
        ...,
        [ 0.06822685,  0.04558457,  0.04558457, ...,  0.        ,
          0.02284265,  0.20202826],
        [ 0.04541962,  0.02275377,  0.02275377, ..., -0.02284265,
          0.        ,  0.17960391],
        [-0.13473751, -0.15717364, -0.15717364, ..., -0.20202826,
         -0.17960391,  0.        ]],

       [[ 0.        , -0.21011491, -0.51827867, ..., -0.38403462,
         -0.5540668 , -0.01678361],
        [ 0.21011491,  0.        , -0.32701623, ..., -0.18145868,
         -0.36678338,  0.19367637],
        [ 0.51827867,  0.32701623,  0.        , ...,  0.15010545,
         -0.04239187,  0.50385213],
        ...,
        [ 0.38403462,  0.18145868, -0.15010545, ...,  0.        ,
         -0.19188209,  0.3684839 ],
        [ 0.5540668 ,  0.36678338,  0.04239187, ...,  0.19188209,
          0.        ,  0.54001687],
        [ 0.01678361, -0.19367637, -0.50385213, ..., -0.3684839 ,
         -0.54001687,  0.        ]],

       [[ 0.        ,  0.1612299 ,  0.35207334, ...,  0.62963105,
          0.57019708,  0.56139469],
        [-0.1612299 ,  0.        ,  0.19656039, ...,  0.49613492,
          0.43028548,  0.42062439],
        [-0.35207334, -0.19656039,  0.        , ...,  0.31579352,
          0.2444577 ,  0.23409229],
        ...,
        [-0.62963105, -0.49613492, -0.31579352, ...,  0.        ,
         -0.07426404, -0.0849057 ],
        [-0.57019708, -0.43028548, -0.2444577 , ...,  0.07426404,
          0.        , -0.01067537],
        [-0.56139469, -0.42062439, -0.23409229, ...,  0.0849057 ,
          0.01067537,  0.        ]],

       ...,

       [[ 0.        , -0.03767062,  0.15106075, ..., -0.99599665,
         -0.92499485, -0.93832048],
        [ 0.03767062,  0.        ,  0.18819187, ..., -0.9986571 ,
         -0.91002423, -0.92462922],
        [-0.15106075, -0.18819187,  0.        , ..., -0.97106366,
         -0.97178006, -0.97978456],
        ...,
        [ 0.99599665,  0.9986571 ,  0.97106366, ...,  0.        ,
          0.46114429,  0.4282596 ],
        [ 0.92499485,  0.91002423,  0.97178006, ..., -0.46114429,
          0.        , -0.03671017],
        [ 0.93832048,  0.92462922,  0.97978456, ..., -0.4282596 ,
          0.03671017,  0.        ]],

       [[ 0.        ,  0.33740068,  0.53969367, ...,  0.89694394,
          0.87644752,  0.88076561],
        [-0.33740068,  0.        ,  0.22400201, ...,  0.99352795,
          0.98751118,  0.98889544],
        [-0.53969367, -0.22400201,  0.        , ...,  0.99372502,
          0.9977085 ,  0.9970559 ],
        ...,
        [-0.89694394, -0.99352795, -0.99372502, ...,  0.        ,
          0.04435991,  0.03532453],
        [-0.87644752, -0.98751118, -0.9977085 , ..., -0.04435991,
          0.        , -0.00904246],
        [-0.88076561, -0.98889544, -0.9970559 , ..., -0.03532453,
          0.00904246,  0.        ]],

       [[ 0.        , -0.24007557, -0.30784781, ...,  0.71780849,
          0.79976753,  0.83497644],
        [ 0.24007557,  0.        , -0.07042811, ...,  0.52966524,
          0.63225796,  0.67844673],
        [ 0.30784781,  0.07042811,  0.        , ...,  0.46861241,
          0.57612323,  0.62502207],
        ...,
        [-0.71780849, -0.52966524, -0.46861241, ...,  0.        ,
         -0.12592313, -0.18634476],
        [-0.79976753, -0.63225796, -0.57612323, ...,  0.12592313,
          0.        , -0.06114395],
        [-0.83497644, -0.67844673, -0.62502207, ...,  0.18634476,
          0.06114395,  0.        ]]]), 'num': array([8.43179763e-01, 5.36176592e-01, 1.04600740e-06, 1.39546896e-02,
       1.39546896e-02, 1.37407335e-02, 7.43948987e-04, 9.50915814e-05,
       1.37835247e-02, 1.42114368e-02, 1.36595095e-02, 1.98916063e-06,
       1.50022707e-02, 1.34206030e-02])}
{'img': array([[[ 0.        ,  0.        , -0.3260883 , ..., -0.02275377,
          0.15717364,  0.24535766],
        [ 0.        ,  0.        , -0.3260883 , ..., -0.02275377,
          0.15717364,  0.24535766],
        [ 0.3260883 ,  0.3260883 ,  0.        , ...,  0.30449384,
          0.47061777,  0.54806688],
        ...,
        [ 0.02275377,  0.02275377, -0.30449384, ...,  0.        ,
          0.17960391,  0.26735239],
        [-0.15717364, -0.15717364, -0.47061777, ..., -0.17960391,
          0.        ,  0.08993885],
        [-0.24535766, -0.24535766, -0.54806688, ..., -0.26735239,
         -0.08993885,  0.        ]],

       [[ 0.        , -0.32701623, -0.12181151, ..., -0.36678338,
          0.19367637, -0.31726679],
        [ 0.32701623,  0.        ,  0.20946687, ..., -0.04239187,
          0.50385213,  0.01029832],
        [ 0.12181151, -0.20946687,  0.        , ..., -0.25073001,
          0.31173917, -0.19938591],
        ...,
        [ 0.36678338,  0.04239187,  0.25073001, ...,  0.        ,
          0.54001687,  0.05267868],
        [-0.19367637, -0.50385213, -0.31173917, ..., -0.54001687,
          0.        , -0.49492983],
        [ 0.31726679, -0.01029832,  0.19938591, ..., -0.05267868,
          0.49492983,  0.        ]],

       [[ 0.        ,  0.19656039,  0.26238424, ...,  0.43028548,
          0.42062439,  0.47297203],
        [-0.19656039,  0.        ,  0.06759198, ...,  0.2444577 ,
          0.23409229,  0.29056024],
        [-0.26238424, -0.06759198,  0.        , ...,  0.17835739,
          0.16784304,  0.2252199 ],
        ...,
        [-0.43028548, -0.2444577 , -0.17835739, ...,  0.        ,
         -0.01067537,  0.04783364],
        [-0.42062439, -0.23409229, -0.16784304, ...,  0.01067537,
          0.        ,  0.05849406],
        [-0.47297203, -0.29056024, -0.2252199 , ..., -0.04783364,
         -0.05849406,  0.        ]],

       ...,

       [[ 0.        ,  0.18819187,  0.03892107, ..., -0.91002423,
         -0.92462922, -0.93880876],
        [-0.18819187,  0.        , -0.14982363, ..., -0.97178006,
         -0.97978456, -0.98685498],
        [-0.03892107,  0.14982363,  0.        , ..., -0.92546962,
         -0.93875242, -0.95150334],
        ...,
        [ 0.91002423,  0.97178006,  0.92546962, ...,  0.        ,
         -0.03671017, -0.07574024],
        [ 0.92462922,  0.97978456,  0.93875242, ...,  0.03671017,
          0.        , -0.03908446],
        [ 0.93880876,  0.98685498,  0.95150334, ...,  0.07574024,
          0.03908446,  0.        ]],

       [[ 0.        ,  0.22400201,  0.31210464, ...,  0.98751118,
          0.98889544,  0.99269918],
        [-0.22400201,  0.        ,  0.09136104, ...,  0.9977085 ,
          0.9970559 ,  0.99449172],
        [-0.31210464, -0.09136104,  0.        , ...,  0.98735451,
          0.98588066,  0.98075657],
        ...,
        [-0.98751118, -0.9977085 , -0.98735451, ...,  0.        ,
         -0.00904246, -0.0372886 ],
        [-0.98889544, -0.9970559 , -0.98588066, ...,  0.00904246,
          0.        , -0.0282509 ],
        [-0.99269918, -0.99449172, -0.98075657, ...,  0.0372886 ,
          0.0282509 ,  0.        ]],

       [[ 0.        , -0.07042811,  0.24233229, ...,  0.63225796,
          0.67844673,  0.70565147],
        [ 0.07042811,  0.        ,  0.31005942, ...,  0.57612323,
          0.62502207,  0.65399676],
        [-0.24233229, -0.31005942,  0.        , ...,  0.80116131,
          0.8362538 ,  0.85632509],
        ...,
        [-0.63225796, -0.57612323, -0.80116131, ...,  0.        ,
         -0.06114395, -0.09871696],
        [-0.67844673, -0.62502207, -0.8362538 , ...,  0.06114395,
          0.        , -0.03768696],
        [-0.70565147, -0.65399676, -0.85632509, ...,  0.09871696,
          0.03768696,  0.        ]]]), 'num': array([ 7.30392200e-01,  6.82170294e-01,  1.64861219e-07,  1.20554766e-02,
        1.20966919e-02,  1.18494001e-02,  6.58703000e-04, -4.12153047e-05,
        1.19689245e-02,  1.23007077e-02,  1.18439047e-02,  1.26070344e-06,
        1.29936766e-02,  1.16077388e-02])}
{'img': array([[[ 0.        , -0.3260883 , -0.30220582, ...,  0.15717364,
          0.24535766,  0.20141395],
        [ 0.3260883 ,  0.        ,  0.02515425, ...,  0.47061777,
          0.54806688,  0.50981005],
        [ 0.30220582, -0.02515425,  0.        , ...,  0.44827432,
          0.52685358,  0.48800886],
        ...,
        [-0.15717364, -0.47061777, -0.44827432, ...,  0.        ,
          0.08993885,  0.04495802],
        [-0.24535766, -0.54806688, -0.52685358, ..., -0.08993885,
          0.        , -0.0450721 ],
        [-0.20141395, -0.50981005, -0.48800886, ..., -0.04495802,
          0.0450721 ,  0.        ]],

       [[ 0.        ,  0.20946687, -0.01646256, ...,  0.50385213,
          0.01029832,  0.02520728],
