state_0,state_1,state_2,state_3,state_4,state_5,state_6,state_7,state_8,state_9,state_10,state_11,state_12,state_13,state_14,state_15,state_16,state_17,state_18,state_19,state_20,state_21,state_22,state_23,state_24,state_25,state_26,state_27,state_28,state_29,state_30,state_31,state_32,state_33,state_34,state_35,state_36,state_37,state_38,state_39,state_40,state_41,state_42,state_43,state_44,state_45,state_46,state_47,state_48,state_49,state_50,state_51,state_52,state_53,state_54,state_55,state_56,state_57,state_58,state_59,state_60,state_61,state_62,state_63,state_64,state_65,state_66,state_67,state_68,state_69,state_70,state_71,state_72,state_73,state_74,state_75,state_76,state_77,state_78,state_79,state_80,state_81,state_82,state_83,state_84,state_85,state_86,state_87,state_88,state_89,state_90,state_91,state_92,state_93,state_94,state_95,state_96,state_97,state_98,state_99,state_100,state_101,state_102,state_103,state_104,state_105,state_106,state_107,state_108,state_109,state_110,state_111,state_112,state_113,state_114,state_115,state_116,state_117,state_118,state_119,state_120,state_121,state_122,state_123,state_124,state_125,state_126,state_127,state_128,state_129,state_130,state_131,state_132,state_133,state_134,state_135,state_136,state_137,state_138,state_139,state_140,state_141,state_142,state_143,state_144,state_145,state_146,state_147,state_148,state_149,state_150,state_151,state_152,state_153,state_154,state_155,state_156,state_157,state_158,state_159,state_160,state_161,state_162,state_163,state_164,state_165,state_166,state_167,state_168,state_169,state_170,state_171,state_172,state_173,state_174,state_175,state_176,state_177,state_178,state_179,state_180,state_181,state_182,state_183,state_184,state_185,state_186,state_187,state_188,state_189,state_190,state_191,state_192,state_193,state_194,state_195,state_196,state_197,state_198,state_199,state_200,state_201,state_202,state_203,state_204,state_205,state_206,state_207,state_208,state_209,state_210,state_211,state_212,state_213,state_214,state_215,state_216,state_217,state_218,state_219,state_220,state_221,state_222,state_223,state_224,state_225,state_226,state_227,state_228,state_229,state_230,state_231,state_232,state_233,state_234,state_235,state_236,state_237,state_238,state_239,state_240,state_241,state_242,state_243,state_244,state_245,state_246,state_247,state_248,state_249,state_250,state_251,state_252,state_253,state_254,state_255,state_256,state_257,state_258,state_259,state_260,state_261,state_262,state_263,state_264,state_265,state_266,state_267,state_268,state_269,state_270,state_271,state_272,state_273,state_274,state_275,state_276,state_277,state_278,state_279,state_280,state_281,state_282,state_283,state_284,state_285,state_286,state_287
{'img': array([[[ 0.        ,  0.35576718,  0.26682306, ...,  0.09846009,
          0.09846009,  0.24864834],
        [-0.35576718,  0.        , -0.09350297, ..., -0.26202021,
         -0.26202021, -0.11221346],
        [-0.26682306,  0.09350297,  0.        , ..., -0.17063609,
         -0.17063609, -0.01880943],
        ...,
        [-0.09846009,  0.26202021,  0.17063609, ...,  0.        ,
          0.        ,  0.15207233],
        [-0.09846009,  0.26202021,  0.17063609, ...,  0.        ,
          0.        ,  0.15207233],
        [-0.24864834,  0.11221346,  0.01880943, ..., -0.15207233,
         -0.15207233,  0.        ]],

       [[ 0.        ,  0.22882685,  0.11232471, ..., -0.03954651,
         -0.60771549,  0.14760775],
        [-0.22882685,  0.        , -0.11803431, ..., -0.26714507,
         -0.77331501, -0.08262898],
        [-0.11232471,  0.11803431,  0.        , ..., -0.15153309,
         -0.69307281,  0.03557931],
        ...,
        [ 0.03954651,  0.26714507,  0.15153309, ...,  0.        ,
         -0.57583404,  0.1866056 ],
        [ 0.60771549,  0.77331501,  0.69307281, ...,  0.57583404,
          0.        ,  0.71828197],
        [-0.14760775,  0.08262898, -0.03557931, ..., -0.1866056 ,
         -0.71828197,  0.        ]],

       [[ 0.        ,  0.34012173,  0.46170539, ...,  0.41959972,
          0.488806  ,  0.47082325],
        [-0.34012173,  0.        ,  0.13247985, ...,  0.08585214,
          0.16294443,  0.14268867],
        [-0.46170539, -0.13247985,  0.        , ..., -0.04689531,
          0.03079889,  0.0103067 ],
        ...,
        [-0.41959972, -0.08585214,  0.04689531, ...,  0.        ,
          0.07763807,  0.05718818],
        [-0.488806  , -0.16294443, -0.03079889, ..., -0.07763807,
          0.        , -0.02049545],
        [-0.47082325, -0.14268867, -0.0103067 , ..., -0.05718818,
          0.02049545,  0.        ]],

       ...,

       [[ 0.        , -0.09045191, -0.20600411, ..., -0.99981058,
         -0.99531814, -0.92702319],
        [ 0.09045191,  0.        , -0.11664784, ..., -0.99395175,
         -0.98249571, -0.88930334],
        [ 0.20600411,  0.11664784,  0.        , ..., -0.97435639,
         -0.95405878, -0.82988723],
        ...,
        [ 0.99981058,  0.99395175,  0.97435639, ...,  0.        ,
          0.07726314,  0.35689065],
        [ 0.99531814,  0.98249571,  0.95405878, ..., -0.07726314,
          0.        ,  0.28364874],
        [ 0.92702319,  0.88930334,  0.82988723, ..., -0.35689065,
         -0.28364874,  0.        ]],

       [[ 0.        ,  0.62856344,  0.77613185, ...,  0.99968733,
          0.99482049,  0.98111358],
        [-0.62856344,  0.        ,  0.20728934, ...,  0.76179804,
          0.70983807,  0.64148461],
        [-0.77613185, -0.20728934,  0.        , ...,  0.61096648,
          0.54841282,  0.46853227],
        ...,
        [-0.99968733, -0.76179804, -0.61096648, ...,  0.        ,
         -0.07674035, -0.16883954],
        [-0.99482049, -0.70983807, -0.54841282, ...,  0.07674035,
          0.        , -0.09270302],
        [-0.98111358, -0.64148461, -0.46853227, ...,  0.16883954,
          0.09270302,  0.        ]],

       [[ 0.        , -0.07795144, -0.13460951, ...,  0.98439872,
          0.98362763,  0.98558179],
        [ 0.07795144,  0.        , -0.05695794, ...,  0.99511908,
          0.99468246,  0.99577218],
        [ 0.13460951,  0.05695794,  0.        , ...,  0.99912427,
          0.99893373,  0.99938762],
        ...,
        [-0.98439872, -0.99511908, -0.99912427, ...,  0.        ,
         -0.00432999,  0.00685524],
        [-0.98362763, -0.99468246, -0.99893373, ...,  0.00432999,
          0.        ,  0.01118506],
        [-0.98558179, -0.99577218, -0.99938762, ..., -0.00685524,
         -0.01118506,  0.        ]]]), 'num': array([7.47200410e-01, 6.64589591e-01, 4.54905390e-06, 3.99086082e-04,
       3.99305843e-04, 3.95350144e-04, 3.31026082e-03, 1.09880529e-06,
       3.97064280e-04, 3.96954399e-04, 3.99983439e-04, 1.22699924e-06,
       4.06997359e-04, 3.86911439e-04])}
{'img': array([[[ 0.        , -0.09350297,  0.35454855, ..., -0.26202021,
         -0.11221346, -0.01869404],
        [ 0.09350297,  0.        ,  0.44042406, ..., -0.17063609,
         -0.01880943,  0.07487449],
        [-0.35454855, -0.44042406,  0.        , ..., -0.58716021,
         -0.45723307, -0.37196622],
        ...,
        [ 0.26202021,  0.17063609,  0.58716021, ...,  0.        ,
          0.15207233,  0.2439335 ],
        [ 0.11221346,  0.01880943,  0.45723307, ..., -0.15207233,
          0.        ,  0.09361788],
        [ 0.01869404, -0.07487449,  0.37196622, ..., -0.2439335 ,
         -0.09361788,  0.        ]],

       [[ 0.        , -0.11803431,  0.60454992, ..., -0.77331501,
         -0.08262898, -0.20279309],
        [ 0.11803431,  0.        ,  0.69434609, ..., -0.69307281,
          0.03557931, -0.08579372],
        [-0.60454992, -0.69434609,  0.        , ..., -0.99929536,
         -0.66830213, -0.75352668],
        ...,
        [ 0.77331501,  0.69307281,  0.99929536, ...,  0.        ,
          0.71828197,  0.62867149],
        [ 0.08262898, -0.03557931,  0.66830213, ..., -0.71828197,
          0.        , -0.12118753],
        [ 0.20279309,  0.08579372,  0.75352668, ..., -0.62867149,
          0.12118753,  0.        ]],

       [[ 0.        ,  0.13247985,  0.35898881, ...,  0.16294443,
          0.14268867,  0.21756798],
        [-0.13247985,  0.        ,  0.23217558, ...,  0.03079889,
          0.0103067 ,  0.08634395],
        [-0.35898881, -0.23217558,  0.        , ..., -0.20210816,
         -0.2221382 , -0.14732399],
        ...,
        [-0.16294443, -0.03079889,  0.20210816, ...,  0.        ,
         -0.02049545,  0.05561912],
        [-0.14268867, -0.0103067 ,  0.2221382 , ...,  0.02049545,
          0.        ,  0.07607116],
        [-0.21756798, -0.08634395,  0.14732399, ..., -0.05561912,
         -0.07607116,  0.        ]],

       ...,

       [[ 0.        , -0.11664784, -0.16502537, ..., -0.98249571,
         -0.88930334, -0.7128853 ],
        [ 0.11664784,  0.        , -0.04885027, ..., -0.95405878,
         -0.82988723, -0.6262158 ],
        [ 0.16502537,  0.04885027,  0.        , ..., -0.93828325,
         -0.80164135, -0.58738206],
        ...,
        [ 0.98249571,  0.95405878,  0.93828325, ...,  0.        ,
          0.28364874,  0.55620526],
        [ 0.88930334,  0.82988723,  0.80164135, ..., -0.28364874,
          0.        ,  0.29763608],
        [ 0.7128853 ,  0.6262158 ,  0.58738206, ..., -0.55620526,
         -0.29763608,  0.        ]],

       [[ 0.        ,  0.55114109,  0.84136353, ...,  0.97092919,
          0.93947177,  0.92220546],
        [-0.55114109,  0.        ,  0.40416886, ...,  0.6782301 ,
          0.59507114,  0.55637296],
        [-0.84136353, -0.40416886,  0.        , ...,  0.32336316,
          0.21948267,  0.17306854],
        ...,
        [-0.97092919, -0.6782301 , -0.32336316, ...,  0.        ,
         -0.10778746, -0.15471312],
        [-0.93947177, -0.59507114, -0.21948267, ...,  0.10778746,
          0.        , -0.04732212],
        [-0.92220546, -0.55637296, -0.17306854, ...,  0.15471312,
          0.04732212,  0.        ]],

       [[ 0.        , -0.05695794, -0.20225019, ...,  0.99468246,
          0.99577218,  0.99611577],
        [ 0.05695794,  0.        , -0.14614102, ...,  0.99893373,
          0.99938762,  0.99951398],
        [ 0.20225019,  0.14614102,  0.        , ...,  0.99495585,
          0.9937716 ,  0.99333871],
        ...,
        [-0.99468246, -0.99893373, -0.99495585, ...,  0.        ,
          0.01118506,  0.01500429],
        [-0.99577218, -0.99938762, -0.9937716 , ..., -0.01118506,
          0.        ,  0.00381955],
        [-0.99611577, -0.99951398, -0.99333871, ..., -0.01500429,
         -0.00381955,  0.        ]]]), 'num': array([7.07105161e-01, 7.07105161e-01, 0.00000000e+00, 2.46743197e-04,
       2.47013600e-04, 2.44850372e-04, 2.02540336e-03, 1.21681576e-06,
       2.44931493e-04, 2.44160843e-04, 2.46096482e-04, 7.96537451e-07,
       2.50230122e-04, 2.38091564e-04])}
{'img': array([[[ 0.        ,  0.44042406,  0.07487449, ..., -0.01880943,
          0.07487449,  0.24123272],
        [-0.44042406,  0.        , -0.37196622, ..., -0.45723307,
         -0.37196622, -0.21084086],
        [-0.07487449,  0.37196622,  0.        , ..., -0.09361788,
          0.        ,  0.16789232],
        ...,
        [ 0.01880943,  0.45723307,  0.09361788, ...,  0.        ,
          0.09361788,  0.25944398],
        [-0.07487449,  0.37196622,  0.        , ..., -0.09361788,
          0.        ,  0.16789232],
        [-0.24123272,  0.21084086, -0.16789232, ..., -0.25944398,
         -0.16789232,  0.        ]],

       [[ 0.        ,  0.69434609,  0.26436797, ...,  0.03557931,
         -0.08579372, -0.08923919],
        [-0.69434609,  0.        , -0.47939248, ..., -0.66830213,
         -0.75352668, -0.75579601],
        [-0.26436797,  0.47939248,  0.        , ..., -0.22988712,
         -0.34613456, -0.34937743],
        ...,
        [-0.03557931,  0.66830213,  0.22988712, ...,  0.        ,
         -0.12118753, -0.12462005],
        [ 0.08579372,  0.75352668,  0.34613456, ...,  0.12118753,
          0.        , -0.00345874],
        [ 0.08923919,  0.75579601,  0.34937743, ...,  0.12462005,
          0.00345874,  0.        ]],

       [[ 0.        ,  0.23217558,  0.30215977, ...,  0.0103067 ,
          0.08634395,  0.20364499],
        [-0.23217558,  0.        ,  0.07257985, ..., -0.2221382 ,
         -0.14732399, -0.02923013],
        [-0.30215977, -0.07257985,  0.        , ..., -0.29231879,
         -0.21872332, -0.10170188],
        ...,
        [-0.0103067 ,  0.2221382 ,  0.29231879, ...,  0.        ,
          0.07607116,  0.19354346],
        [-0.08634395,  0.14732399,  0.21872332, ..., -0.07607116,
          0.        ,  0.11834986],
        [-0.20364499,  0.02923013,  0.10170188, ..., -0.19354346,
         -0.11834986,  0.        ]],

       ...,

       [[ 0.        , -0.04885027,  0.03142461, ..., -0.82988723,
         -0.6262158 , -0.54570897],
        [ 0.04885027,  0.        ,  0.08021324, ..., -0.80164135,
         -0.58738206, -0.50412216],
        [-0.03142461, -0.08021324,  0.        , ..., -0.84701013,
         -0.65040671, -0.57177249],
        ...,
        [ 0.82988723,  0.80164135,  0.84701013, ...,  0.        ,
          0.29763608,  0.39095652],
        [ 0.6262158 ,  0.58738206,  0.65040671, ..., -0.29763608,
          0.        ,  0.09929116],
        [ 0.54570897,  0.50412216,  0.57177249, ..., -0.39095652,
         -0.09929116,  0.        ]],

       [[ 0.        ,  0.7336532 ,  0.85323171, ...,  0.88592844,
          0.85906034,  0.8355017 ],
        [-0.7336532 ,  0.        ,  0.19716786, ...,  0.26172526,
          0.20821394,  0.16461   ],
        [-0.85323171, -0.19716786,  0.        , ...,  0.06629247,
          0.01128006, -0.03309957],
        ...,
        [-0.88592844, -0.26172526, -0.06629247, ...,  0.        ,
         -0.055033  , -0.0992829 ],
        [-0.85906034, -0.20821394, -0.01128006, ...,  0.055033  ,
          0.        , -0.04437134],
        [-0.8355017 , -0.16461   ,  0.03309957, ...,  0.0992829 ,
          0.04437134,  0.        ]],

       [[ 0.        , -0.14614102, -0.21379936, ...,  0.99938762,
          0.99951398,  0.99969317],
        [ 0.14614102,  0.        , -0.06874207, ...,  0.9937716 ,
          0.99333871,  0.99258017],
        [ 0.21379936,  0.06874207,  0.        , ...,  0.98376045,
          0.98306772,  0.9818737 ],
        ...,
        [-0.99938762, -0.9937716 , -0.98376045, ...,  0.        ,
          0.00381955,  0.0102254 ],
        [-0.99951398, -0.99333871, -0.98306772, ..., -0.00381955,
          0.        ,  0.00640597],
        [-0.99969317, -0.99258017, -0.9818737 , ..., -0.0102254 ,
         -0.00640597,  0.        ]]]), 'num': array([ 7.07103713e-01,  7.07103713e-01,  0.00000000e+00,  2.46201886e-04,
        2.48365109e-04,  2.45525878e-04,  2.86283715e-03, -5.40805899e-07,
        2.45417717e-04,  2.44004862e-04,  2.46116258e-04,  7.68190198e-07,
        2.49685174e-04,  2.38324549e-04])}
{'img': array([[[ 0.        , -0.37196622,  0.        , ..., -0.37196622,
         -0.21084086, -0.28366884],
        [ 0.37196622,  0.        ,  0.37196622, ...,  0.        ,
          0.16789232,  0.09337216],
        [ 0.        , -0.37196622,  0.        , ..., -0.37196622,
         -0.21084086, -0.28366884],
        ...,
        [ 0.37196622,  0.        ,  0.37196622, ...,  0.        ,
          0.16789232,  0.09337216],
        [ 0.21084086, -0.16789232,  0.21084086, ..., -0.16789232,
          0.        , -0.07511207],
        [ 0.28366884, -0.09337216,  0.28366884, ..., -0.09337216,
          0.07511207,  0.        ]],

       [[ 0.        , -0.47939248, -0.49510256, ..., -0.75352668,
         -0.75579601, -0.5867605 ],
        [ 0.47939248,  0.        , -0.01798957, ..., -0.34613456,
         -0.34937743, -0.12674827],
        [ 0.49510256,  0.01798957,  0.        , ..., -0.329201  ,
         -0.33246498, -0.10888327],
        ...,
        [ 0.75352668,  0.34613456,  0.329201  , ...,  0.        ,
         -0.00345874,  0.22442965],
        [ 0.75579601,  0.34937743,  0.33246498, ...,  0.00345874,
          0.        ,  0.22779881],
        [ 0.5867605 ,  0.12674827,  0.10888327, ..., -0.22442965,
         -0.22779881,  0.        ]],

       [[ 0.        ,  0.07257985,  0.25333309, ..., -0.14732399,
         -0.02923013,  0.05811997],
        [-0.07257985,  0.        ,  0.18245272, ..., -0.21872332,
         -0.10170188, -0.01449047],
        [-0.25333309, -0.18245272,  0.        , ..., -0.39308695,
         -0.28150146, -0.19668081],
        ...,
        [ 0.14732399,  0.21872332,  0.39308695, ...,  0.        ,
          0.11834986,  0.20456074],
        [ 0.02923013,  0.10170188,  0.28150146, ..., -0.11834986,
          0.        ,  0.08727586],
        [-0.05811997,  0.01449047,  0.19668081, ..., -0.20456074,
         -0.08727586,  0.        ]],

       ...,

       [[ 0.        ,  0.08021324,  0.02178308, ..., -0.58738206,
         -0.50412216, -0.56155908],
        [-0.08021324,  0.        , -0.05848131, ..., -0.65040671,
         -0.57177249, -0.62612096],
        [-0.02178308,  0.05848131,  0.        , ..., -0.60487195,
         -0.52281512, -0.57944996],
        ...,
        [ 0.58738206,  0.65040671,  0.60487195, ...,  0.        ,
          0.09929116,  0.03154618],
        [ 0.50412216,  0.57177249,  0.52281512, ..., -0.09929116,
          0.        , -0.06785145],
        [ 0.56155908,  0.62612096,  0.57944996, ..., -0.03154618,
          0.06785145,  0.        ]],

       [[ 0.        ,  0.58385088,  0.89026255, ...,  0.59951915,
          0.53452747,  0.10618433],
        [-0.58385088,  0.        ,  0.45685584, ...,  0.01943503,
         -0.05948026, -0.49434315],
        [-0.89026255, -0.45685584,  0.        , ..., -0.4394813 ,
         -0.50895708, -0.83686801],
        ...,
        [-0.59951915, -0.01943503,  0.4394813 , ...,  0.        ,
         -0.07886964, -0.511144  ],
        [-0.53452747,  0.05948026,  0.50895708, ...,  0.07886964,
          0.        , -0.44176369],
        [-0.10618433,  0.49434315,  0.83686801, ...,  0.511144  ,
          0.44176369,  0.        ]],

       [[ 0.        , -0.06874207, -0.33429978, ...,  0.99333871,
          0.99258017,  0.98889358],
        [ 0.06874207,  0.        , -0.26872187, ...,  0.98306772,
          0.9818737 ,  0.97633751],
        [ 0.33429978,  0.26872187,  0.        , ...,  0.89766703,
          0.89482567,  0.88231396],
        ...,
        [-0.99333871, -0.98306772, -0.89766703, ...,  0.        ,
          0.00640597,  0.03368401],
        [-0.99258017, -0.9818737 , -0.89482567, ..., -0.00640597,
          0.        ,  0.02728098],
        [-0.98889358, -0.97633751, -0.88231396, ..., -0.03368401,
         -0.02728098,  0.        ]]]), 'num': array([ 9.79820329e-01,  1.99854892e-01,  4.29259989e-05,  3.41043026e-04,
        3.42169200e-04,  3.38039895e-04,  3.03631525e-03, -7.50782665e-07,
        3.41230721e-04,  3.38452825e-04,  3.41615497e-04,  1.12617400e-06,
        3.45504389e-04,  3.31401261e-04])}
{'img': array([[[ 0.        ,  0.37196622,  0.90040233, ...,  0.16789232,
          0.09337216,  0.01869404],
        [-0.37196622,  0.        ,  0.67396815, ..., -0.21084086,
         -0.28366884, -0.35454855],
        [-0.90040233, -0.67396815,  0.        , ..., -0.81457849,
         -0.8558464 , -0.89211199],
        ...,
        [-0.16789232,  0.21084086,  0.81457849, ...,  0.        ,
         -0.07511207, -0.1494343 ],
        [-0.09337216,  0.28366884,  0.8558464 , ...,  0.07511207,
          0.        , -0.07474348],
        [-0.01869404,  0.35454855,  0.89211199, ...,  0.1494343 ,
          0.07474348,  0.        ]],

       [[ 0.        , -0.01798957,  0.74379124, ..., -0.34937743,
         -0.12674827, -0.30320557],
        [ 0.01798957,  0.        ,  0.75569532, ..., -0.33246498,
         -0.10888327, -0.28601378],
        [-0.74379124, -0.75569532,  0.        , ..., -0.93044712,
         -0.82251256, -0.91144363],
        ...,
        [ 0.34937743,  0.33246498,  0.93044712, ...,  0.        ,
          0.22779881,  0.04883237],
        [ 0.12674827,  0.10888327,  0.82251256, ..., -0.22779881,
          0.        , -0.17997857],
        [ 0.30320557,  0.28601378,  0.91144363, ..., -0.04883237,
          0.17997857,  0.        ]],

       [[ 0.        ,  0.18245272,  0.4099087 , ..., -0.10170188,
         -0.01449047,  0.0530236 ],
        [-0.18245272,  0.        ,  0.23660826, ..., -0.28150146,
         -0.19668081, -0.13006248],
        [-0.4099087 , -0.23660826,  0.        , ..., -0.50054828,
         -0.42308281, -0.36096783],
        ...,
        [ 0.10170188,  0.28150146,  0.50054828, ...,  0.        ,
          0.08727586,  0.15430748],
        [ 0.01449047,  0.19668081,  0.42308281, ..., -0.08727586,
          0.        ,  0.06748812],
        [-0.0530236 ,  0.13006248,  0.36096783, ..., -0.15430748,
         -0.06748812,  0.        ]],

       ...,

       [[ 0.        , -0.05848131,  0.51750928, ..., -0.57177249,
         -0.62612096, -0.54217586],
        [ 0.05848131,  0.        ,  0.56666471, ..., -0.52281512,
         -0.57944996, -0.49210812],
        [-0.51750928, -0.56666471,  0.        , ..., -0.91382385,
         -0.93927309, -0.89877269],
        ...,
        [ 0.57177249,  0.52281512,  0.91382385, ...,  0.        ,
         -0.06785145,  0.03563273],
        [ 0.62612096,  0.57944996,  0.93927309, ...,  0.06785145,
          0.        ,  0.10335898],
        [ 0.54217586,  0.49210812,  0.89877269, ..., -0.03563273,
         -0.10335898,  0.        ]],

       [[ 0.        ,  0.36089497,  0.63380171, ..., -0.03952421,
         -0.23644035, -0.77257403],
        [-0.36089497,  0.        ,  0.31193691, ..., -0.3974735 ,
         -0.57116796, -0.94964867],
        [-0.63380171, -0.31193691,  0.        , ..., -0.66387826,
         -0.79871647, -0.99999894],
        ...,
        [ 0.03952421,  0.3974735 ,  0.66387826, ...,  0.        ,
         -0.19785207, -0.74687546],
        [ 0.23644035,  0.57116796,  0.79871647, ...,  0.19785207,
          0.        , -0.60054665],
        [ 0.77257403,  0.94964867,  0.99999894, ...,  0.74687546,
          0.60054665,  0.        ]],

       [[ 0.        , -0.26872187,  0.29133759, ...,  0.9818737 ,
          0.97633751,  0.96518851],
        [ 0.26872187,  0.        ,  0.53768635, ...,  0.89482567,
          0.88231396,  0.85940115],
        [-0.29133759, -0.53768635,  0.        , ...,  0.99449939,
          0.99698672,  0.9995198 ],
        ...,
        [-0.9818737 , -0.89482567, -0.99449939, ...,  0.        ,
          0.02728098,  0.07387589],
        [-0.97633751, -0.88231396, -0.99698672, ..., -0.02728098,
          0.        ,  0.04664196],
        [-0.96518851, -0.85940115, -0.9995198 , ..., -0.07387589,
         -0.04664196,  0.        ]]]), 'num': array([7.09206820e-01, 7.04997998e-01, 2.31253962e-07, 2.47577771e-04,
       2.48938088e-04, 2.46217453e-04, 1.73844486e-03, 4.08095226e-07,
       2.47550564e-04, 2.45163207e-04, 2.47593641e-04, 9.91633261e-07,
       2.49891069e-04, 2.40435346e-04])}
{'img': array([[[ 0.        ,  0.67396815,  0.29532412, ..., -0.28366884,
         -0.35454855, -0.30157037],
        [-0.67396815,  0.        , -0.42573346, ..., -0.8558464 ,
         -0.89211199, -0.86537908],
        [-0.29532412,  0.42573346,  0.        , ..., -0.55420928,
         -0.61487382, -0.56969445],
        ...,
        [ 0.28366884,  0.8558464 ,  0.55420928, ...,  0.        ,
         -0.07474348, -0.01872023],
        [ 0.35454855,  0.89211199,  0.61487382, ...,  0.07474348,
          0.        ,  0.05606252],
        [ 0.30157037,  0.86537908,  0.56969445, ...,  0.01872023,
         -0.05606252,  0.        ]],

       [[ 0.        ,  0.75569532,  0.65175   , ..., -0.10888327,
         -0.28601378, -0.42389042],
        [-0.75569532,  0.        , -0.14629865, ..., -0.82251256,
         -0.91144363, -0.96205917],
        [-0.65175   ,  0.14629865,  0.        , ..., -0.73045581,
         -0.84144601, -0.91179161],
        ...,
        [ 0.10888327,  0.82251256,  0.73045581, ...,  0.        ,
         -0.17997857, -0.32275315],
        [ 0.28601378,  0.91144363,  0.84144601, ...,  0.17997857,
          0.        , -0.14713607],
        [ 0.42389042,  0.96205917,  0.91179161, ...,  0.32275315,
          0.14713607,  0.        ]],

       [[ 0.        ,  0.23660826,  0.42963455, ..., -0.19668081,
         -0.13006248, -0.08694066],
        [-0.23660826,  0.        ,  0.2037772 , ..., -0.42308281,
         -0.36096783, -0.32018433],
        [-0.42963455, -0.2037772 ,  0.        , ..., -0.59884608,
         -0.54343193, -0.5065154 ],
        ...,
        [ 0.19668081,  0.42308281,  0.59884608, ...,  0.        ,
          0.06748812,  0.11069358],
        [ 0.13006248,  0.36096783,  0.54343193, ..., -0.06748812,
          0.        ,  0.04336783],
        [ 0.08694066,  0.32018433,  0.5065154 , ..., -0.11069358,
         -0.04336783,  0.        ]],

       ...,

       [[ 0.        ,  0.56666471,  0.13107922, ..., -0.57944996,
         -0.49210812, -0.03455373],
        [-0.56666471,  0.        , -0.45377295, ..., -0.93927309,
         -0.89877269, -0.59479682],
        [-0.13107922,  0.45377295,  0.        , ..., -0.68128099,
         -0.60197109, -0.16525654],
        ...,
        [ 0.57944996,  0.93927309,  0.68128099, ...,  0.        ,
          0.10335898,  0.55094238],
        [ 0.49210812,  0.89877269,  0.60197109, ..., -0.10335898,
          0.        ,  0.46173406],
        [ 0.03455373,  0.59479682,  0.16525654, ..., -0.55094238,
         -0.46173406,  0.        ]],

       [[ 0.        ,  0.29138384,  0.50659477, ..., -0.5037437 ,
         -0.74562487, -0.971854  ],
        [-0.29138384,  0.        ,  0.23338514, ..., -0.7335972 ,
         -0.90743765, -0.99832694],
        [-0.50659477, -0.23338514,  0.        , ..., -0.87194339,
         -0.98044354, -0.95726284],
        ...,
        [ 0.5037437 ,  0.7335972 ,  0.87194339, ...,  0.        ,
         -0.30843276, -0.72086522],
        [ 0.74562487,  0.90743765,  0.98044354, ...,  0.30843276,
          0.        , -0.47195315],
        [ 0.971854  ,  0.99832694,  0.95726284, ...,  0.72086522,
          0.47195315,  0.        ]],

       [[ 0.        ,  0.53768635,  0.68471349, ...,  0.88231396,
          0.85940115,  0.84328475],
        [-0.53768635,  0.        ,  0.18544026, ...,  0.99698672,
          0.9995198 ,  0.99999997],
        [-0.68471349, -0.18544026,  0.        , ...,  0.96530946,
          0.9764375 ,  0.98260728],
        ...,
        [-0.88231396, -0.99698672, -0.96530946, ...,  0.        ,
          0.04664196,  0.07731316],
        [-0.85940115, -0.9995198 , -0.9764375 , ..., -0.04664196,
          0.        ,  0.03072667],
        [-0.84328475, -0.99999997, -0.98260728, ..., -0.07731316,
         -0.03072667,  0.        ]]]), 'num': array([7.08101173e-01, 7.06093291e-01, 1.08651626e-07, 2.50985256e-04,
       2.51256885e-04, 2.47997337e-04, 4.95010018e-03, 3.80280692e-06,
       2.48024500e-04, 2.44955091e-04, 2.47225457e-04, 1.08243161e-06,
       2.50300321e-04, 2.39609862e-04])}
{'img': array([[[ 0.        , -0.42573346,  0.4601321 , ..., -0.89211199,
         -0.86537908, -0.46712175],
        [ 0.42573346,  0.        ,  0.79433755, ..., -0.61487382,
         -0.56969445, -0.04624392],
        [-0.4601321 , -0.79433755,  0.        , ..., -0.99995633,
         -0.9989076 , -0.82157985],
        ...,
        [ 0.89211199,  0.61487382,  0.99995633, ...,  0.        ,
          0.05606252,  0.57774688],
        [ 0.86537908,  0.56969445,  0.9989076 , ..., -0.05606252,
          0.        ,  0.53107911],
        [ 0.46712175,  0.04624392,  0.82157985, ..., -0.57774688,
         -0.53107911,  0.        ]],

       [[ 0.        , -0.14629865, -0.37979126, ..., -0.91144363,
         -0.96205917, -0.49468793],
        [ 0.14629865,  0.        , -0.24036807, ..., -0.84144601,
         -0.91179161, -0.36222146],
        [ 0.37979126,  0.24036807,  0.        , ..., -0.68689557,
         -0.78635162, -0.12755662],
        ...,
        [ 0.91144363,  0.84144601,  0.68689557, ...,  0.        ,
         -0.14713607,  0.58858197],
        [ 0.96205917,  0.91179161,  0.78635162, ...,  0.14713607,
          0.        ,  0.70112632],
        [ 0.49468793,  0.36222146,  0.12755662, ..., -0.58858197,
         -0.70112632,  0.        ]],

       [[ 0.        ,  0.2037772 ,  0.40939576, ..., -0.36096783,
         -0.32018433, -0.16972064],
        [-0.2037772 ,  0.        ,  0.21488799, ..., -0.54343193,
         -0.5065154 , -0.36698029],
        [-0.40939576, -0.21488799,  0.        , ..., -0.71112508,
         -0.67996561, -0.55830214],
        ...,
        [ 0.36096783,  0.54343193,  0.71112508, ...,  0.        ,
          0.04336783,  0.1974532 ],
        [ 0.32018433,  0.5065154 ,  0.67996561, ..., -0.04336783,
          0.        ,  0.15475342],
        [ 0.16972064,  0.36698029,  0.55830214, ..., -0.1974532 ,
         -0.15475342,  0.        ]],

       ...,

       [[ 0.        , -0.45377295,  0.14578579, ..., -0.89877269,
         -0.59479682, -0.24704978],
        [ 0.45377295,  0.        ,  0.57883716, ..., -0.60197109,
         -0.16525654,  0.21955692],
        [-0.14578579, -0.57883716,  0.        , ..., -0.95308503,
         -0.70563582, -0.38567717],
        ...,
        [ 0.89877269,  0.60197109,  0.95308503, ...,  0.        ,
          0.46173406,  0.76260293],
        [ 0.59479682,  0.16525654,  0.70563582, ..., -0.46173406,
          0.        ,  0.37776237],
        [ 0.24704978, -0.21955692,  0.38567717, ..., -0.76260293,
         -0.37776237,  0.        ]],

       [[ 0.        ,  0.23338514,  0.55270725, ..., -0.90743765,
         -0.99832694, -0.84513601],
        [-0.23338514,  0.        ,  0.34294644, ..., -0.98044354,
         -0.95726284, -0.94655339],
        [-0.55270725, -0.34294644,  0.        , ..., -0.98847656,
         -0.80002284, -0.99976603],
        ...,
        [ 0.90743765,  0.98044354,  0.98847656, ...,  0.        ,
         -0.47195315,  0.12995704],
        [ 0.99832694,  0.95726284,  0.80002284, ...,  0.47195315,
          0.        ,  0.582524  ],
        [ 0.84513601,  0.94655339,  0.99976603, ..., -0.12995704,
         -0.582524  ,  0.        ]],

       [[ 0.        ,  0.48242461,  0.6410986 , ...,  0.88281927,
          0.86711693,  0.89374721],
        [-0.48242461,  0.        ,  0.19132142, ...,  0.99989553,
          0.99983817,  0.99926837],
        [-0.6410986 , -0.19132142,  0.        , ...,  0.97865941,
          0.98481046,  0.97349214],
        ...,
        [-0.88281927, -0.99989553, -0.97865941, ...,  0.        ,
          0.03244043, -0.02379742],
        [-0.86711693, -0.99983817, -0.98481046, ..., -0.03244043,
          0.        , -0.05621613],
        [-0.89374721, -0.99926837, -0.97349214, ...,  0.02379742,
          0.05621613,  0.        ]]]), 'num': array([ 9.12902025e-01,  4.08102782e-01,  2.75545438e-05,  3.22349452e-04,
        3.26572371e-04,  3.19534173e-04,  7.82244642e-03, -2.81527906e-06,
        3.21575251e-04,  3.17616264e-04,  3.20196937e-04,  1.29522387e-06,
        3.24872694e-04,  3.10359835e-04])}
{'img': array([[[ 0.        ,  0.79433755,  0.17675906, ..., -0.56969445,
         -0.04624392, -0.36945192],
        [-0.79433755,  0.        , -0.67445303, ..., -0.9989076 ,
         -0.82157985, -0.96257145],
        [-0.17675906,  0.67445303,  0.        , ..., -0.70599473,
         -0.22208573, -0.52788792],
        ...,
        [ 0.56969445,  0.9989076 ,  0.70599473, ...,  0.        ,
          0.53107911,  0.22575199],
        [ 0.04624392,  0.82157985,  0.22208573, ..., -0.53107911,
          0.        , -0.32608451],
        [ 0.36945192,  0.96257145,  0.52788792, ..., -0.22575199,
          0.32608451,  0.        ]],

       [[ 0.        , -0.24036807, -0.64129191, ..., -0.91179161,
         -0.36222146, -0.15740232],
        [ 0.24036807,  0.        , -0.4380567 , ..., -0.78635162,
         -0.12755662,  0.0845842 ],
        [ 0.64129191,  0.4380567 ,  0.        , ..., -0.43626639,
          0.31981165,  0.51252359],
        ...,
        [ 0.91179161,  0.78635162,  0.43626639, ...,  0.        ,
          0.70112632,  0.83578796],
        [ 0.36222146,  0.12755662, -0.31981165, ..., -0.70112632,
          0.        ,  0.21099276],
        [ 0.15740232, -0.0845842 , -0.51252359, ..., -0.83578796,
         -0.21099276,  0.        ]],

       [[ 0.        ,  0.21488799,  0.53190019, ..., -0.5065154 ,
         -0.36698029, -0.33468912],
        [-0.21488799,  0.        ,  0.33750564, ..., -0.67996561,
         -0.55830214, -0.52936545],
        [-0.53190019, -0.33750564,  0.        , ..., -0.8875416 ,
         -0.80555033, -0.78464187],
        ...,
        [ 0.5065154 ,  0.67996561,  0.8875416 , ...,  0.        ,
          0.15475342,  0.18872464],
        [ 0.36698029,  0.55830214,  0.80555033, ..., -0.15475342,
          0.        ,  0.03447859],
        [ 0.33468912,  0.52936545,  0.78464187, ..., -0.18872464,
         -0.03447859,  0.        ]],

       ...,

       [[ 0.        ,  0.57883716, -0.01307362, ..., -0.16525654,
          0.21955692, -0.13324988],
        [-0.57883716,  0.        , -0.58944849, ..., -0.70563582,
         -0.38567717, -0.68233307],
        [ 0.01307362,  0.58944849,  0.        , ..., -0.15234854,
          0.23229278, -0.12028145],
        ...,
        [ 0.16525654,  0.70563582,  0.15234854, ...,  0.        ,
          0.37776237,  0.03236508],
        [-0.21955692,  0.38567717, -0.23229278, ..., -0.37776237,
          0.        , -0.34759756],
        [ 0.13324988,  0.68233307,  0.12028145, ..., -0.03236508,
          0.34759756,  0.        ]],

       [[ 0.        ,  0.34294644,  0.64828003, ..., -0.95726284,
         -0.94655339, -0.88091906],
        [-0.34294644,  0.        ,  0.34784496, ..., -0.80002284,
         -0.99976603, -0.98980091],
        [-0.64828003, -0.34784496,  0.        , ..., -0.54136669,
         -0.92980853, -0.97754305],
        ...,
        [ 0.95726284,  0.80002284,  0.54136669, ...,  0.        ,
          0.582524  ,  0.70781973],
        [ 0.94655339,  0.99976603,  0.92980853, ..., -0.582524  ,
          0.        ,  0.16383449],
        [ 0.88091906,  0.98980091,  0.97754305, ..., -0.70781973,
         -0.16383449,  0.        ]],

       [[ 0.        ,  0.46683028,  0.58791755, ...,  0.88535664,
          0.91113727,  0.91392868],
        [-0.46683028,  0.        ,  0.14229433, ...,  0.99999765,
          0.9981436 ,  0.99770468],
        [-0.58791755, -0.14229433,  0.        , ...,  0.98951366,
          0.97932052,  0.9779169 ],
        ...,
        [-0.88535664, -0.99999765, -0.98951366, ...,  0.        ,
         -0.05874097, -0.06555289],
        [-0.91113727, -0.9981436 , -0.97932052, ...,  0.05874097,
          0.        , -0.00682508],
        [-0.91392868, -0.99770468, -0.9779169 , ...,  0.06555289,
          0.00682508,  0.        ]]]), 'num': array([ 7.44490454e-01,  6.67610881e-01,  4.25689773e-06,  2.59728287e-04,
        2.63611268e-04,  2.58433960e-04,  5.39744431e-03, -3.73916692e-06,
        2.62403229e-04,  2.59627617e-04,  2.61602664e-04,  8.07723097e-07,
        2.65555201e-04,  2.53700033e-04])}
{'img': array([[[ 0.        , -0.67445303, -0.69436171, ..., -0.82157985,
         -0.96257145, -0.97662433],
        [ 0.67445303,  0.        , -0.02730553, ..., -0.22208573,
         -0.52788792, -0.86603497],
        [ 0.69436171,  0.02730553,  0.        , ..., -0.19537929,
         -0.50450012, -0.85205975],
        ...,
        [ 0.82157985,  0.22208573,  0.19537929, ...,  0.        ,
         -0.32608451, -0.73336842],
        [ 0.96257145,  0.52788792,  0.50450012, ...,  0.32608451,
          0.        , -0.47160046],
        [ 0.97662433,  0.86603497,  0.85205975, ...,  0.73336842,
          0.47160046,  0.        ]],

       [[ 0.        , -0.4380567 , -0.65685331, ..., -0.12755662,
          0.0845842 , -0.09863042],
        [ 0.4380567 ,  0.        , -0.26017373, ...,  0.31981165,
          0.51252359,  0.34725723],
        [ 0.65685331,  0.26017373,  0.        , ...,  0.55530763,
          0.71827741,  0.57928143],
        ...,
        [ 0.12755662, -0.31981165, -0.55530763, ...,  0.        ,
          0.21099276,  0.02910993],
        [-0.0845842 , -0.51252359, -0.71827741, ..., -0.21099276,
          0.        , -0.18244874],
        [ 0.09863042, -0.34725723, -0.57928143, ..., -0.02910993,
          0.18244874,  0.        ]],

       [[ 0.        ,  0.33750564,  0.70818781, ..., -0.55830214,
         -0.52936545, -0.59033333],
        [-0.33750564,  0.        ,  0.42834672, ..., -0.80555033,
         -0.78464187, -0.82811555],
        [-0.70818781, -0.42834672,  0.        , ..., -0.98171407,
         -0.97456699, -0.98841012],
        ...,
        [ 0.55830214,  0.80555033,  0.98171407, ...,  0.        ,
          0.03447859, -0.03912389],
        [ 0.52936545,  0.78464187,  0.97456699, ..., -0.03447859,
          0.        , -0.07355282],
        [ 0.59033333,  0.82811555,  0.98841012, ...,  0.03912389,
          0.07355282,  0.        ]],

       ...,

       [[ 0.        , -0.58944849, -0.71760739, ..., -0.38567717,
         -0.68233307, -0.98329914],
        [ 0.58944849,  0.        , -0.16916738, ...,  0.23229278,
         -0.12028145, -0.68703725],
        [ 0.71760739,  0.16916738,  0.        , ...,  0.39348478,
          0.04939132, -0.55421444],
        ...,
        [ 0.38567717, -0.23229278, -0.39348478, ...,  0.        ,
         -0.34759756, -0.83703306],
        [ 0.68233307,  0.12028145, -0.04939132, ...,  0.34759756,
          0.        , -0.59465006],
        [ 0.98329914,  0.68703725,  0.55421444, ...,  0.83703306,
          0.59465006,  0.        ]],

       [[ 0.        ,  0.34784496,  0.56988072, ..., -0.99976603,
         -0.98980091, -0.9886563 ],
        [-0.34784496,  0.        ,  0.24845911, ..., -0.92980853,
         -0.97754305, -0.97916154],
        [-0.56988072, -0.24845911,  0.        , ..., -0.80920817,
         -0.89453039, -0.89799958],
        ...,
        [ 0.99976603,  0.92980853,  0.80920817, ...,  0.        ,
          0.16383449,  0.17154592],
        [ 0.98980091,  0.97754305,  0.89453039, ..., -0.16383449,
          0.        ,  0.00782214],
        [ 0.9886563 ,  0.97916154,  0.89799958, ..., -0.17154592,
         -0.00782214,  0.        ]],

       [[ 0.        ,  0.39204838,  0.68791192, ...,  0.92661138,
          0.92926652,  0.92772704],
        [-0.39204838,  0.        ,  0.34829443, ...,  0.99984933,
          0.9997003 ,  0.9997932 ],
        [-0.68791192, -0.34829443,  0.        , ...,  0.93119807,
          0.92857776,  0.93010844],
        ...,
        [-0.92661138, -0.99984933, -0.93119807, ...,  0.        ,
         -0.0071237 , -0.00297795],
        [-0.92926652, -0.9997003 , -0.92857776, ...,  0.0071237 ,
          0.        ,  0.00414579],
        [-0.92772704, -0.9997932 , -0.93010844, ...,  0.00297795,
         -0.00414579,  0.        ]]]), 'num': array([ 7.30379032e-01,  6.83031351e-01,  2.62459431e-06,  2.54557426e-04,
        2.57379571e-04,  2.50747531e-04,  3.75805217e-03, -2.82214442e-07,
        2.57097356e-04,  2.54747921e-04,  2.56521168e-04,  6.41396458e-07,
        2.60562686e-04,  2.48933156e-04])}
{'img': array([[[ 0.        , -0.08601633, -0.76883801, ..., -0.78391696,
         -0.99499746, -0.99836685],
        [ 0.08601633,  0.        , -0.7109859 , ..., -0.72760696,
         -0.98271669, -0.98975266],
        [ 0.76883801,  0.7109859 ,  0.        , ..., -0.02392554,
         -0.5594377 , -0.59447688],
        ...,
        [ 0.78391696,  0.72760696,  0.02392554, ...,  0.        ,
         -0.53944634, -0.57506788],
        [ 0.99499746,  0.98271669,  0.5594377 , ...,  0.53944634,
          0.        , -0.04289452],
        [ 0.99836685,  0.98975266,  0.59447688, ...,  0.57506788,
          0.04289452,  0.        ]],

       [[ 0.        , -0.26017373, -0.12347624, ...,  0.51252359,
          0.34725723,  0.04905128],
