state_0,state_1,state_2,state_3,state_4,state_5,state_6,state_7,state_8,state_9,state_10,state_11,state_12,state_13,state_14,state_15,state_16,state_17,state_18,state_19,state_20,state_21,state_22,state_23,state_24,state_25,state_26,state_27,state_28,state_29,state_30,state_31,state_32,state_33,state_34,state_35,state_36,state_37,state_38,state_39,state_40,state_41,state_42,state_43,state_44,state_45,state_46,state_47,state_48,state_49,state_50,state_51,state_52,state_53,state_54,state_55,state_56,state_57,state_58,state_59,state_60,state_61,state_62,state_63,state_64,state_65,state_66,state_67,state_68,state_69,state_70,state_71,state_72,state_73,state_74,state_75,state_76,state_77,state_78,state_79,state_80,state_81,state_82,state_83,state_84,state_85,state_86,state_87,state_88,state_89,state_90,state_91,state_92,state_93,state_94,state_95,state_96,state_97,state_98,state_99,state_100,state_101,state_102,state_103,state_104,state_105,state_106,state_107,state_108,state_109,state_110,state_111,state_112,state_113,state_114,state_115,state_116,state_117,state_118,state_119,state_120,state_121,state_122,state_123,state_124,state_125,state_126,state_127,state_128,state_129,state_130,state_131,state_132,state_133,state_134,state_135,state_136,state_137,state_138,state_139,state_140,state_141,state_142,state_143,state_144,state_145,state_146,state_147,state_148,state_149,state_150,state_151,state_152,state_153,state_154,state_155,state_156,state_157,state_158,state_159,state_160,state_161,state_162,state_163,state_164,state_165,state_166,state_167,state_168,state_169,state_170,state_171,state_172,state_173,state_174,state_175,state_176,state_177,state_178,state_179,state_180,state_181,state_182,state_183,state_184,state_185,state_186,state_187,state_188,state_189,state_190,state_191,state_192,state_193,state_194,state_195,state_196,state_197,state_198,state_199,state_200,state_201,state_202,state_203,state_204,state_205,state_206,state_207,state_208,state_209,state_210,state_211,state_212,state_213,state_214,state_215,state_216,state_217,state_218,state_219,state_220,state_221,state_222,state_223,state_224,state_225,state_226,state_227,state_228,state_229,state_230,state_231,state_232,state_233,state_234,state_235,state_236,state_237,state_238,state_239,state_240,state_241,state_242,state_243,state_244,state_245,state_246,state_247,state_248,state_249,state_250,state_251,state_252,state_253,state_254,state_255,state_256,state_257,state_258,state_259,state_260,state_261,state_262,state_263,state_264,state_265,state_266,state_267,state_268,state_269,state_270,state_271,state_272,state_273,state_274,state_275,state_276,state_277,state_278,state_279,state_280,state_281,state_282,state_283,state_284,state_285,state_286,state_287
{'img': array([[[ 0.        , -0.43865225, -0.47961356, ...,  0.98627561,
          0.99328218,  0.88910874],
        [ 0.43865225,  0.        , -0.04609953, ...,  0.95874806,
          0.8418602 ,  0.99977308],
        [ 0.47961356,  0.04609953,  0.        , ...,  0.94462464,
          0.81608546,  0.99969219],
        ...,
        [-0.98627561, -0.95874806, -0.94462464, ...,  0.        ,
          0.27812732, -0.30461609],
        [-0.99328218, -0.8418602 , -0.81608546, ..., -0.27812732,
          0.        , -0.5575066 ],
        [-0.88910874, -0.99977308, -0.99969219, ...,  0.30461609,
          0.5575066 ,  0.        ]],

       [[ 0.        ,  0.70327915, -0.06443012, ..., -0.01305089,
         -0.33349655,  0.63165474],
        [-0.70327915,  0.        , -0.74762216, ..., -0.71249732,
         -0.90010465, -0.09616497],
        [ 0.06443012,  0.74762216,  0.        , ...,  0.05140086,
         -0.27206204,  0.68029174],
        ...,
        [ 0.01305089,  0.71249732, -0.05140086, ...,  0.        ,
         -0.3211644 ,  0.64171865],
        [ 0.33349655,  0.90010465,  0.27206204, ...,  0.3211644 ,
          0.        ,  0.85403648],
        [-0.63165474,  0.09616497, -0.68029174, ..., -0.64171865,
         -0.85403648,  0.        ]],

       [[ 0.        , -0.15584787, -0.31095466, ...,  0.99890748,
          0.95914337,  0.99057216],
        [ 0.15584787,  0.        , -0.15903346, ...,  0.97941888,
          0.90333111,  0.99981833],
        [ 0.31095466,  0.15903346,  0.        , ...,  0.93485498,
          0.82361816,  0.98406258],
        ...,
        [-0.99890748, -0.97941888, -0.93485498, ...,  0.        ,
          0.23778906, -0.18313332],
        [-0.95914337, -0.90333111, -0.82361816, ..., -0.23778906,
          0.        , -0.41164806],
        [-0.99057216, -0.99981833, -0.98406258, ...,  0.18313332,
          0.41164806,  0.        ]],

       ...,

       [[ 0.        , -0.10112636, -0.75541044, ...,  0.99969227,
          0.99763763,  0.94603946],
        [ 0.10112636,  0.        , -0.68527465, ...,  0.99707602,
          0.99947032,  0.97395982],
        [ 0.75541044,  0.68527465,  0.        , ...,  0.67378931,
          0.70559775,  0.86468601],
        ...,
        [-0.99969227, -0.99707602, -0.67378931, ...,  0.        ,
         -0.04392718, -0.30048386],
        [-0.99763763, -0.99947032, -0.70559775, ...,  0.04392718,
          0.        , -0.25829664],
        [-0.94603946, -0.97395982, -0.86468601, ...,  0.30048386,
          0.25829664,  0.        ]],

       [[ 0.        ,  0.08730868,  0.15049214, ...,  0.73716046,
          0.90886336,  0.94625058],
        [-0.08730868,  0.        ,  0.06360311, ...,  0.67534944,
          0.86897677,  0.9143985 ],
        [-0.15049214, -0.06360311,  0.        , ...,  0.62707488,
          0.83574314,  0.88679959],
        ...,
        [-0.73716046, -0.67534944, -0.62707488, ...,  0.        ,
          0.30666991,  0.40097522],
        [-0.90886336, -0.86897677, -0.83574314, ..., -0.30666991,
          0.        ,  0.1007177 ],
        [-0.94625058, -0.9143985 , -0.88679959, ..., -0.40097522,
         -0.1007177 ,  0.        ]],

       [[ 0.        , -0.20374252, -0.39127024, ...,  0.89445421,
          0.90488972,  0.92355259],
        [ 0.20374252,  0.        , -0.19556384, ...,  0.96679801,
          0.97263142,  0.98231013],
        [ 0.39127024,  0.19556384,  0.        , ...,  0.99810481,
          0.99929078,  0.99996422],
        ...,
        [-0.89445421, -0.96679801, -0.99810481, ...,  0.        ,
          0.02390916,  0.06997741],
        [-0.90488972, -0.97263142, -0.99929078, ..., -0.02390916,
          0.        ,  0.04610686],
        [-0.92355259, -0.98231013, -0.99996422, ..., -0.06997741,
         -0.04610686,  0.        ]]]), 'num': array([7.07359187e-01, 7.06758970e-01, 7.88721215e-09, 6.00216844e-04,
       6.01005566e-04, 5.74189044e-04, 1.14888839e-02, 1.57744243e-05,
       6.02425264e-04, 5.86019862e-04, 5.44506836e-04, 4.86818357e-07,
       6.24355284e-04, 5.47684441e-04])}
{'img': array([[[ 0.        , -0.04609953, -0.21465643, ...,  0.8418602 ,
          0.99977308,  0.95874806],
        [ 0.04609953,  0.        , -0.16940329, ...,  0.81608546,
          0.99969219,  0.94462464],
        [ 0.21465643,  0.16940329,  0.        , ...,  0.70638698,
          0.98104063,  0.87538163],
        ...,
        [-0.8418602 , -0.81608546, -0.70638698, ...,  0.        ,
         -0.5575066 , -0.27812732],
        [-0.99977308, -0.99969219, -0.98104063, ...,  0.5575066 ,
          0.        ,  0.30461609],
        [-0.95874806, -0.94462464, -0.87538163, ...,  0.27812732,
         -0.30461609,  0.        ]],

       [[ 0.        , -0.74762216, -0.96773285, ..., -0.90010465,
         -0.09616497, -0.20410274],
        [ 0.74762216,  0.        , -0.45431024, ..., -0.27206204,
          0.68029174,  0.59633472],
        [ 0.96773285,  0.45431024,  0.        , ...,  0.19480883,
          0.9390163 ,  0.89593207],
        ...,
        [ 0.90010465,  0.27206204, -0.19480883, ...,  0.        ,
          0.85403648,  0.79223476],
        [ 0.09616497, -0.68029174, -0.9390163 , ..., -0.85403648,
          0.        , -0.10901617],
        [ 0.20410274, -0.59633472, -0.89593207, ..., -0.79223476,
          0.10901617,  0.        ]],

       [[ 0.        , -0.15903346, -0.40423907, ...,  0.90333111,
          0.99981833,  0.99894303],
        [ 0.15903346,  0.        , -0.25363391, ...,  0.82361816,
          0.98406258,  0.99353972],
        [ 0.40423907,  0.25363391,  0.        , ...,  0.65283894,
          0.9067822 ,  0.93226764],
        ...,
        [-0.90333111, -0.82361816, -0.65283894, ...,  0.        ,
         -0.41164806, -0.47001259],
        [-0.99981833, -0.98406258, -0.9067822 , ...,  0.41164806,
          0.        , -0.06499747],
        [-0.99894303, -0.99353972, -0.93226764, ...,  0.47001259,
          0.06499747,  0.        ]],

       ...,

       [[ 0.        , -0.68527465, -0.50804091, ...,  0.99947032,
          0.97395982,  0.99405037],
        [ 0.68527465,  0.        ,  0.22025119, ...,  0.70559775,
          0.86468601,  0.79859276],
        [ 0.50804091, -0.22025119,  0.        , ...,  0.84434329,
          0.95408706,  0.91154484],
        ...,
        [-0.99947032, -0.70559775, -0.84434329, ...,  0.        ,
         -0.25829664, -0.14121354],
        [-0.97395982, -0.86468601, -0.95408706, ...,  0.25829664,
          0.        ,  0.11928674],
        [-0.99405037, -0.79859276, -0.91154484, ...,  0.14121354,
         -0.11928674,  0.        ]],

       [[ 0.        ,  0.06174426,  0.08071139, ...,  0.78312169,
          0.79459542,  0.92461527],
        [-0.06174426,  0.        ,  0.01901457, ...,  0.74323069,
          0.75559197,  0.89933257],
        [-0.08071139, -0.01901457,  0.        , ...,  0.7303749 ,
          0.74300001,  0.89085556],
        ...,
        [-0.78312169, -0.74323069, -0.7303749 , ...,  0.        ,
          0.01866991,  0.2766962 ],
        [-0.79459542, -0.75559197, -0.74300001, ..., -0.01866991,
          0.        ,  0.25870699],
        [-0.92461527, -0.89933257, -0.89085556, ..., -0.2766962 ,
         -0.25870699,  0.        ]],

       [[ 0.        , -0.19556384, -0.40488539, ...,  0.97263142,
          0.98231013,  0.99075994],
        [ 0.19556384,  0.        , -0.21825023, ...,  0.99929078,
          0.99996422,  0.99815311],
        [ 0.40488539,  0.21825023,  0.        , ...,  0.98341902,
          0.97401178,  0.9608321 ],
        ...,
        [-0.97263142, -0.99929078, -0.98341902, ...,  0.        ,
          0.04610686,  0.09829121],
        [-0.98231013, -0.99996422, -0.97401178, ..., -0.04610686,
          0.        ,  0.05230308],
        [-0.99075994, -0.99815311, -0.9608321 , ..., -0.09829121,
         -0.05230308,  0.        ]]]), 'num': array([ 7.06444233e-01,  7.06444233e-01,  0.00000000e+00,  3.79194331e-03,
        3.90102661e-03,  3.79194331e-03,  4.19052330e-02, -1.61027729e-04,
        3.91349327e-03,  3.85895162e-03,  3.59507392e-03,  2.78196104e-06,
        4.11193539e-03,  3.60596785e-03])}
{'img': array([[[ 0.        , -0.16940329, -0.49336482, ...,  0.99969219,
          0.94462464,  0.99266876],
        [ 0.16940329,  0.        , -0.33888334, ...,  0.98104063,
          0.87538163,  0.99879673],
        [ 0.49336482,  0.33888334,  0.        , ...,  0.85731457,
          0.65975668,  0.92307692],
        ...,
        [-0.99969219, -0.98104063, -0.85731457, ...,  0.        ,
          0.30461609, -0.14545707],
        [-0.94462464, -0.87538163, -0.65975668, ..., -0.30461609,
          0.        , -0.43992062],
        [-0.99266876, -0.99879673, -0.92307692, ...,  0.14545707,
          0.43992062,  0.        ]],

       [[ 0.        , -0.45431024, -0.583293  , ...,  0.68029174,
          0.59633472, -0.02759294],
        [ 0.45431024,  0.        , -0.15060393, ...,  0.9390163 ,
          0.89593207,  0.42955627],
        [ 0.583293  ,  0.15060393,  0.        , ...,  0.98009462,
          0.95261015,  0.56065821],
        ...,
        [-0.68029174, -0.9390163 , -0.98009462, ...,  0.        ,
         -0.10901617, -0.70025672],
        [-0.59633472, -0.89593207, -0.95261015, ...,  0.10901617,
          0.        , -0.61825751],
        [ 0.02759294, -0.42955627, -0.56065821, ...,  0.70025672,
          0.61825751,  0.        ]],

       [[ 0.        , -0.25363391, -0.50110834, ...,  0.98406258,
          0.99353972,  0.99230659],
        [ 0.25363391,  0.        , -0.26523137, ...,  0.9067822 ,
          0.93226764,  0.99125954],
        [ 0.50110834,  0.26523137,  0.        , ...,  0.76248423,
          0.8029257 ,  0.92076641],
        ...,
        [-0.98406258, -0.9067822 , -0.76248423, ...,  0.        ,
         -0.06499747, -0.29828609],
        [-0.99353972, -0.93226764, -0.8029257 , ...,  0.06499747,
          0.        , -0.23561679],
        [-0.99230659, -0.99125954, -0.92076641, ...,  0.29828609,
          0.23561679,  0.        ]],

       ...,

       [[ 0.        ,  0.22025119,  0.36484416, ...,  0.86468601,
          0.79859276,  0.95951898],
        [-0.22025119,  0.        ,  0.15081579, ...,  0.95408706,
          0.91154484,  0.99798867],
        [-0.36484416, -0.15081579,  0.        , ...,  0.98834787,
          0.96313404,  0.99613415],
        ...,
        [-0.86468601, -0.95408706, -0.98834787, ...,  0.        ,
          0.11928674, -0.23844503],
        [-0.79859276, -0.91154484, -0.96313404, ..., -0.11928674,
          0.        , -0.35258853],
        [-0.95951898, -0.99798867, -0.99613415, ...,  0.23844503,
          0.35258853,  0.        ]],

       [[ 0.        ,  0.01901457,  0.00364933, ...,  0.75559197,
          0.89933257,  0.89589985],
        [-0.01901457,  0.        , -0.01536577, ...,  0.74300001,
          0.89085556,  0.88729054],
        [-0.00364933,  0.01536577,  0.        , ...,  0.75319647,
          0.89773086,  0.89427264],
        ...,
        [-0.75559197, -0.74300001, -0.75319647, ...,  0.        ,
          0.25870699,  0.25117622],
        [-0.89933257, -0.89085556, -0.89773086, ..., -0.25870699,
          0.        , -0.00778806],
        [-0.89589985, -0.88729054, -0.89427264, ..., -0.25117622,
          0.00778806,  0.        ]],

       [[ 0.        , -0.21825023, -0.45040093, ...,  0.99996422,
          0.99815311,  0.99869355],
        [ 0.21825023,  0.        , -0.24468347, ...,  0.97401178,
          0.9608321 ,  0.96346535],
        [ 0.45040093,  0.24468347,  0.        , ...,  0.88898461,
          0.86381629,  0.8686446 ],
        ...,
        [-0.99996422, -0.97401178, -0.88898461, ...,  0.        ,
          0.05230308,  0.04265016],
        [-0.99815311, -0.9608321 , -0.86381629, ..., -0.05230308,
          0.        , -0.0096637 ],
        [-0.99869355, -0.96346535, -0.8686446 , ..., -0.04265016,
          0.0096637 ,  0.        ]]]), 'num': array([7.06487091e-01, 7.06487091e-01, 0.00000000e+00, 3.80775763e-03,
       3.90126327e-03, 3.79217336e-03, 4.04336069e-02, 1.55842741e-05,
       3.88464005e-03, 3.86438049e-03, 3.60472917e-03, 2.46197063e-06,
       4.10852086e-03, 3.62024013e-03])}
{'img': array([[[ 0.        , -0.33888334,  0.03337487, ...,  0.87538163,
          0.99879673,  0.99614402],
        [ 0.33888334,  0.        ,  0.37009457, ...,  0.65975668,
          0.92307692,  0.90746933],
        [-0.03337487, -0.37009457,  0.        , ...,  0.89102846,
          0.99987707,  0.99851715],
        ...,
        [-0.87538163, -0.65975668, -0.89102846, ...,  0.        ,
         -0.43992062, -0.40476852],
        [-0.99879673, -0.92307692, -0.99987707, ...,  0.43992062,
          0.        ,  0.03877488],
        [-0.99614402, -0.90746933, -0.99851715, ...,  0.40476852,
         -0.03877488,  0.        ]],

       [[ 0.        , -0.15060393,  0.09584499, ...,  0.89593207,
          0.42955627,  0.39793595],
        [ 0.15060393,  0.        ,  0.24466239, ...,  0.95261015,
          0.56065821,  0.53156319],
        [-0.09584499, -0.24466239,  0.        , ...,  0.84923394,
          0.34102684,  0.3081745 ],
        ...,
        [-0.89593207, -0.95261015, -0.84923394, ...,  0.        ,
         -0.61825751, -0.6451803 ],
        [-0.42955627, -0.56065821, -0.34102684, ...,  0.61825751,
          0.        , -0.03472848],
        [-0.39793595, -0.53156319, -0.3081745 , ...,  0.6451803 ,
          0.03472848,  0.        ]],

       [[ 0.        , -0.26523137, -0.55316867, ...,  0.93226764,
          0.99125954,  0.99959794],
        [ 0.26523137,  0.        , -0.31240072, ...,  0.8029257 ,
          0.92076641,  0.95627668],
        [ 0.55316867,  0.31240072,  0.        , ...,  0.57652406,
          0.75281043,  0.81704961],
        ...,
        [-0.93226764, -0.8029257 , -0.57652406, ...,  0.        ,
         -0.23561679, -0.33519008],
        [-0.99125954, -0.92076641, -0.75281043, ...,  0.23561679,
          0.        , -0.10376667],
        [-0.99959794, -0.95627668, -0.81704961, ...,  0.33519008,
          0.10376667,  0.        ]],

       ...,

       [[ 0.        ,  0.29636811,  0.7382182 , ...,  0.80229883,
          0.96209513,  0.99960724],
        [-0.29636811,  0.        ,  0.50513419, ...,  0.9431634 ,
          0.99969559,  0.96300422],
        [-0.7382182 , -0.50513419,  0.        , ...,  0.98185943,
          0.8503153 ,  0.69498519],
        ...,
        [-0.80229883, -0.9431634 , -0.98185943, ...,  0.        ,
         -0.35549816, -0.5742042 ],
        [-0.96209513, -0.99969559, -0.8503153 , ...,  0.35549816,
          0.        , -0.2456448 ],
        [-0.99960724, -0.96300422, -0.69498519, ...,  0.5742042 ,
          0.2456448 ,  0.        ]],

       [[ 0.        , -0.01536577, -0.08884957, ...,  0.89085556,
          0.88729054,  0.80915938],
        [ 0.01536577,  0.        , -0.07353408, ...,  0.89773086,
          0.89427264,  0.81809261],
        [ 0.08884957,  0.07353408,  0.        , ...,  0.92769545,
          0.92475974,  0.85816625],
        ...,
        [-0.89085556, -0.89773086, -0.92769545, ...,  0.        ,
         -0.00778806, -0.15586682],
        [-0.88729054, -0.89427264, -0.92475974, ...,  0.00778806,
          0.        , -0.14816922],
        [-0.80915938, -0.81809261, -0.85816625, ...,  0.15586682,
          0.14816922,  0.        ]],

       [[ 0.        , -0.24468347, -0.45717382, ...,  0.9608321 ,
          0.96346535,  0.90667888],
        [ 0.24468347,  0.        , -0.22566117, ...,  0.86381629,
          0.8686446 ,  0.77590581],
        [ 0.45717382,  0.22566117,  0.        , ...,  0.72784522,
          0.73443804,  0.61353391],
        ...,
        [-0.9608321 , -0.86381629, -0.72784522, ...,  0.        ,
         -0.0096637 ,  0.15403073],
        [-0.96346535, -0.8686446 , -0.73443804, ...,  0.0096637 ,
          0.        ,  0.16357191],
        [-0.90667888, -0.77590581, -0.61353391, ..., -0.15403073,
         -0.16357191,  0.        ]]]), 'num': array([7.06815323e-01, 7.06815323e-01, 0.00000000e+00, 3.84070973e-03,
       3.89268145e-03, 3.83551256e-03, 2.65805698e-02, 3.11830290e-05,
       3.85006464e-03, 3.87501107e-03, 3.61688488e-03, 2.45009513e-06,
       4.10151236e-03, 3.64850977e-03])}
{'img': array([[[ 0.        ,  0.37009457,  0.47189117, ...,  0.92307692,
          0.90746933,  0.87108953],
        [-0.37009457,  0.        ,  0.11208771, ...,  0.99987707,
          0.99851715,  0.99099944],
        [-0.47189117, -0.11208771,  0.        , ...,  0.99533366,
          0.99832664,  0.99975921],
        ...,
        [-0.92307692, -0.99987707, -0.99533366, ...,  0.        ,
          0.03877488,  0.11831104],
        [-0.90746933, -0.99851715, -0.99832664, ..., -0.03877488,
          0.        ,  0.07971951],
        [-0.87108953, -0.99099944, -0.99975921, ..., -0.11831104,
         -0.07971951,  0.        ]],

       [[ 0.        ,  0.24466239,  0.03424012, ...,  0.56065821,
          0.53156319,  0.1465918 ],
        [-0.24466239,  0.        , -0.21131942, ...,  0.34102684,
          0.3081745 , -0.09988269],
        [-0.03424012,  0.21131942,  0.        , ...,  0.53197702,
          0.50224948,  0.11263561],
        ...,
        [-0.56065821, -0.34102684, -0.53197702, ...,  0.        ,
         -0.03472848, -0.43321652],
        [-0.53156319, -0.3081745 , -0.50224948, ...,  0.03472848,
          0.        , -0.40165477],
        [-0.1465918 ,  0.09988269, -0.11263561, ...,  0.43321652,
          0.40165477,  0.        ]],

       [[ 0.        , -0.31240072, -0.42854548, ...,  0.92076641,
          0.95627668,  0.98397313],
        [ 0.31240072,  0.        , -0.1248366 , ...,  0.75281043,
          0.81704961,  0.87901938],
        [ 0.42854548,  0.1248366 ,  0.        , ...,  0.66474932,
          0.73868138,  0.81262274],
        ...,
        [-0.92076641, -0.75281043, -0.66474932, ...,  0.        ,
         -0.10376667, -0.2196739 ],
        [-0.95627668, -0.81704961, -0.73868138, ...,  0.10376667,
          0.        , -0.11725603],
        [-0.98397313, -0.87901938, -0.81262274, ...,  0.2196739 ,
          0.11725603,  0.        ]],

       ...,

       [[ 0.        ,  0.70112107,  0.86428291, ...,  0.96667637,
          0.99998382,  0.99998994],
        [-0.70112107,  0.        ,  0.26360212, ...,  0.86876917,
          0.71701946,  0.70989043],
        [-0.86428291, -0.26360212,  0.        , ...,  0.70750179,
          0.50791487,  0.4991245 ],
        ...,
        [-0.96667637, -0.86876917, -0.70750179, ...,  0.        ,
         -0.25049788, -0.26033467],
        [-0.99998382, -0.71701946, -0.50791487, ...,  0.25049788,
          0.        , -0.01017413],
        [-0.99998994, -0.70989043, -0.4991245 , ...,  0.26033467,
          0.01017413,  0.        ]],

       [[ 0.        , -0.07353408, -0.22445028, ...,  0.89427264,
          0.81809261,  0.73397741],
        [ 0.07353408,  0.        , -0.15218473, ...,  0.92475974,
          0.85816625,  0.78193274],
        [ 0.22445028,  0.15218473,  0.        , ...,  0.97190232,
          0.92629775,  0.86769114],
        ...,
        [-0.89427264, -0.92475974, -0.97190232, ...,  0.        ,
         -0.14816922, -0.27889517],
        [-0.81809261, -0.85816625, -0.92629775, ...,  0.14816922,
          0.        , -0.13352664],
        [-0.73397741, -0.78193274, -0.86769114, ...,  0.27889517,
          0.13352664,  0.        ]],

       [[ 0.        , -0.22167269, -0.36947737, ...,  0.92660009,
          0.88306404,  0.61017518],
        [ 0.22167269,  0.        , -0.15429813, ...,  0.8201877 ,
          0.75707395,  0.41937086],
        [ 0.36947737,  0.15429813,  0.        , ...,  0.7220923 ,
          0.64720001,  0.27427446],
        ...,
        [-0.92660009, -0.8201877 , -0.7220923 , ...,  0.        ,
          0.10273472,  0.50465893],
        [-0.88306404, -0.75707395, -0.64720001, ..., -0.10273472,
          0.        ,  0.41329586],
        [-0.61017518, -0.41937086, -0.27427446, ..., -0.50465893,
         -0.41329586,  0.        ]]]), 'num': array([ 8.11691328e-01,  5.81775054e-01,  3.18443593e-06,  4.33804291e-03,
        4.46421867e-03,  4.31400943e-03,  5.03991662e-02, -1.02142285e-04,
        4.42816845e-03,  4.47984043e-03,  4.19233994e-03,  2.79262253e-06,
        4.74169508e-03,  4.21798578e-03])}
{'img': array([[[ 0.        ,  0.30943608,  0.4567978 , ...,  0.91704967,
          0.88138822,  0.96457639],
        [-0.30943608,  0.        ,  0.15911306, ...,  0.99543585,
          0.98430523,  0.9988656 ],
        [-0.4567978 , -0.15911306,  0.        , ...,  0.99793901,
          0.99984493,  0.9785637 ],
        ...,
        [-0.91704967, -0.99543585, -0.99793901, ...,  0.        ,
          0.08173368, -0.14272595],
        [-0.88138822, -0.98430523, -0.99984493, ..., -0.08173368,
          0.        , -0.22314533],
        [-0.96457639, -0.9988656 , -0.9785637 , ...,  0.14272595,
          0.22314533,  0.        ]],

       [[ 0.        , -0.21131942,  0.01063461, ...,  0.3081745 ,
         -0.09988269,  0.3766577 ],
        [ 0.21131942,  0.        ,  0.22170192, ...,  0.50224948,
          0.11263561,  0.56390794],
        [-0.01063461, -0.22170192,  0.        , ...,  0.29804005,
         -0.11045847,  0.36678501],
        ...,
        [-0.3081745 , -0.50224948, -0.29804005, ...,  0.        ,
         -0.40165477,  0.0728475 ],
        [ 0.09988269, -0.11263561,  0.11045847, ...,  0.40165477,
          0.        ,  0.4673007 ],
        [-0.3766577 , -0.56390794, -0.36678501, ..., -0.0728475 ,
         -0.4673007 ,  0.        ]],

       [[ 0.        , -0.1248366 ,  0.0193931 , ...,  0.81704961,
          0.87901938,  0.90591096],
        [ 0.1248366 ,  0.        ,  0.14405452, ...,  0.73868138,
          0.81262274,  0.84595996],
        [-0.0193931 , -0.14405452,  0.        , ...,  0.82807739,
          0.88810043,  0.91395295],
        ...,
        [-0.81704961, -0.73868138, -0.82807739, ...,  0.        ,
         -0.11725603, -0.17632414],
        [-0.87901938, -0.81262274, -0.88810043, ...,  0.11725603,
          0.        , -0.05968892],
        [-0.90591096, -0.84595996, -0.91395295, ...,  0.17632414,
          0.05968892,  0.        ]],

       ...,

       [[ 0.        ,  0.35429444,  0.63436622, ...,  0.82690306,
          0.82057001,  0.80325296],
        [-0.35429444,  0.        ,  0.31933619, ...,  0.57402957,
          0.56484727,  0.54011785],
        [-0.63436622, -0.31933619,  0.        , ...,  0.28249072,
          0.27175793,  0.24308813],
        ...,
        [-0.82690306, -0.57402957, -0.28249072, ...,  0.        ,
         -0.01117012, -0.04083003],
        [-0.82057001, -0.56484727, -0.27175793, ...,  0.01117012,
          0.        , -0.02966668],
        [-0.80325296, -0.54011785, -0.24308813, ...,  0.04083003,
          0.02966668,  0.        ]],

       [[ 0.        , -0.15218473, -0.28055639, ...,  0.85816625,
          0.78193274,  0.78193274],
        [ 0.15218473,  0.        , -0.13121587, ...,  0.92629775,
          0.86769114,  0.86769114],
        [ 0.28055639,  0.13121587,  0.        , ...,  0.96772995,
          0.92541682,  0.92541682],
        ...,
        [-0.85816625, -0.92629775, -0.96772995, ...,  0.        ,
         -0.13352664, -0.13352664],
        [-0.78193274, -0.86769114, -0.92541682, ...,  0.13352664,
          0.        ,  0.        ],
        [-0.78193274, -0.86769114, -0.92541682, ...,  0.13352664,
          0.        ,  0.        ]],

       [[ 0.        , -0.15429813, -0.41937086, ...,  0.75707395,
          0.41937086,  0.41937086],
        [ 0.15429813,  0.        , -0.27427446, ...,  0.64720001,
          0.27427446,  0.27427446],
        [ 0.41937086,  0.27427446,  0.        , ...,  0.41329586,
          0.        ,  0.        ],
        ...,
        [-0.75707395, -0.64720001, -0.41329586, ...,  0.        ,
          0.41329586,  0.41329586],
        [-0.41937086, -0.27427446, -0.        , ..., -0.41329586,
          0.        ,  0.        ],
        [-0.41937086, -0.27427446, -0.        , ..., -0.41329586,
          0.        ,  0.        ]]]), 'num': array([8.05863466e-01, 5.88626378e-01, 2.89263765e-06, 4.43340996e-03,
       4.43340996e-03, 4.27992306e-03, 6.28563078e-02, 1.71196922e-04,
       4.33895648e-03, 4.41510959e-03, 4.13204434e-03, 2.92555009e-06,
       4.64785106e-03, 4.18236813e-03])}
{'img': array([[[ 0.        ,  0.15911306,  0.18491742, ...,  0.98430523,
          0.9988656 ,  0.93810668],
        [-0.15911306,  0.        ,  0.02619264, ...,  0.99984493,
          0.9785637 ,  0.98126379],
        [-0.18491742, -0.02619264,  0.        , ...,  0.99996315,
          0.97283374,  0.98597364],
        ...,
        [-0.98430523, -0.99984493, -0.99996315, ...,  0.        ,
         -0.22314533,  0.1753588 ],
        [-0.9988656 , -0.9785637 , -0.97283374, ...,  0.22314533,
          0.        ,  0.39062476],
        [-0.93810668, -0.98126379, -0.98597364, ..., -0.1753588 ,
         -0.39062476,  0.        ]],

       [[ 0.        ,  0.22170192,  0.27983715, ...,  0.11263561,
          0.56390794,  0.74802307],
        [-0.22170192,  0.        ,  0.06002889, ..., -0.11045847,
          0.36678501,  0.58227062],
        [-0.27983715, -0.06002889,  0.        , ..., -0.16992083,
          0.31027834,  0.53241738],
        ...,
        [-0.11263561,  0.11045847,  0.16992083, ...,  0.        ,
          0.4673007 ,  0.66850974],
        [-0.56390794, -0.36678501, -0.31027834, ..., -0.4673007 ,
          0.        ,  0.2434953 ],
        [-0.74802307, -0.58227062, -0.53241738, ..., -0.66850974,
         -0.2434953 ,  0.        ]],

       [[ 0.        ,  0.14405452,  0.27694223, ...,  0.81262274,
          0.84595996,  0.86184557],
        [-0.14405452,  0.        ,  0.1356336 , ...,  0.88810043,
          0.91395295,  0.92591655],
        [-0.27694223, -0.1356336 ,  0.        , ...,  0.94223746,
          0.96055002,  0.96859284],
        ...,
        [-0.81262274, -0.88810043, -0.94223746, ...,  0.        ,
         -0.05968892, -0.09013654],
        [-0.84595996, -0.91395295, -0.96055002, ...,  0.05968892,
          0.        , -0.03052987],
        [-0.86184557, -0.92591655, -0.96859284, ...,  0.09013654,
          0.03052987,  0.        ]],

       ...,

       [[ 0.        ,  0.31933619,  0.01657213, ...,  0.56484727,
          0.54011785,  0.65002381],
        [-0.31933619,  0.        , -0.3035879 , ...,  0.27175793,
          0.24308813,  0.37332153],
        [-0.01657213,  0.3035879 ,  0.        , ...,  0.55109446,
          0.52609675,  0.63734115],
        ...,
        [-0.56484727, -0.27175793, -0.55109446, ...,  0.        ,
         -0.02966668,  0.10716144],
        [-0.54011785, -0.24308813, -0.52609675, ...,  0.02966668,
          0.        ,  0.13661011],
        [-0.65002381, -0.37332153, -0.63734115, ..., -0.10716144,
         -0.13661011,  0.        ]],

       [[ 0.        , -0.13121587, -0.3662374 , ...,  0.86769114,
          0.86769114,  0.81570179],
        [ 0.13121587,  0.        , -0.24097166, ...,  0.92541682,
          0.92541682,  0.88455388],
        [ 0.3662374 ,  0.24097166,  0.        , ...,  0.98946318,
          0.98946318,  0.97088633],
        ...,
        [-0.86769114, -0.92541682, -0.98946318, ...,  0.        ,
          0.        , -0.0964472 ],
        [-0.86769114, -0.92541682, -0.98946318, ...,  0.        ,
          0.        , -0.0964472 ],
        [-0.81570179, -0.88455388, -0.97088633, ...,  0.0964472 ,
          0.0964472 ,  0.        ]],

       [[ 0.        , -0.26698985,  0.02070489, ...,  0.67181845,
          0.67181845,  0.26698985],
        [ 0.26698985,  0.        ,  0.28688591, ...,  0.44966739,
          0.44966739,  0.        ],
        [-0.02070489, -0.28688591,  0.        , ...,  0.68701088,
          0.68701088,  0.28688591],
        ...,
        [-0.67181845, -0.44966739, -0.68701088, ...,  0.        ,
          0.        ,  0.44966739],
        [-0.67181845, -0.44966739, -0.68701088, ...,  0.        ,
          0.        ,  0.44966739],
        [-0.26698985, -0.        , -0.28688591, ..., -0.44966739,
         -0.44966739,  0.        ]]]), 'num': array([7.89437214e-01, 6.12649379e-01, 2.30192493e-06, 4.41969587e-03,
       4.41969587e-03, 4.32186406e-03, 3.60719694e-02, 9.78318096e-05,
       4.27352364e-03, 4.32013762e-03, 4.04198836e-03, 3.17252475e-06,
       4.53127258e-03, 4.10900266e-03])}
{'img': array([[[ 0.        ,  0.02619264, -0.20084801, ...,  0.9785637 ,
          0.98126379,  0.87684643],
        [-0.02619264,  0.        , -0.226438  , ...,  0.97283374,
          0.98597364,  0.88913825],
        [ 0.20084801,  0.226438  ,  0.        , ...,  0.99998645,
          0.92257079,  0.76241661],
        ...,
        [-0.9785637 , -0.97283374, -0.99998645, ...,  0.        ,
          0.39062476,  0.65104622],
        [-0.98126379, -0.98597364, -0.92257079, ..., -0.39062476,
          0.        ,  0.30282153],
        [-0.87684643, -0.88913825, -0.76241661, ..., -0.65104622,
         -0.30282153,  0.        ]],

       [[ 0.        ,  0.06002889,  0.05605809, ...,  0.36678501,
          0.58227062,  0.09495998],
        [-0.06002889,  0.        , -0.0039775 , ...,  0.31027834,
          0.53241738,  0.03503111],
        [-0.05605809,  0.0039775 ,  0.        , ...,  0.31405708,
          0.53578006,  0.03900589],
        ...,
        [-0.36678501, -0.31027834, -0.31405708, ...,  0.        ,
          0.2434953 , -0.27678573],
        [-0.58227062, -0.53241738, -0.53578006, ..., -0.2434953 ,
          0.        , -0.5024374 ],
        [-0.09495998, -0.03503111, -0.03900589, ...,  0.27678573,
          0.5024374 ,  0.        ]],

       [[ 0.        ,  0.23840245,  0.31953237, ...,  0.84749744,
          0.86336076,  0.79683728],
        [-0.23840245,  0.        ,  0.08441483, ...,  0.94960498,
          0.95876182,  0.91790295],
        [-0.31953237, -0.08441483,  0.        , ...,  0.97267531,
          0.97933131,  0.9481229 ],
        ...,
        [-0.84749744, -0.94960498, -0.97267531, ...,  0.        ,
         -0.03063511,  0.08909204],
        [-0.86336076, -0.95876182, -0.97933131, ...,  0.03063511,
          0.        ,  0.11956351],
        [-0.79683728, -0.91790295, -0.9481229 , ..., -0.08909204,
         -0.11956351,  0.        ]],

       ...,

       [[ 0.        , -0.3035879 , -0.9310678 , ...,  0.24308813,
          0.37332153,  0.59142022],
        [ 0.3035879 ,  0.        , -0.77636169, ...,  0.52609675,
          0.63734115,  0.80830943],
        [ 0.9310678 ,  0.77636169,  0.        , ...,  0.99182946,
          0.99995842,  0.96655653],
        ...,
        [-0.24308813, -0.52609675, -0.99182946, ...,  0.        ,
          0.13661011,  0.37766271],
        [-0.37332153, -0.63734115, -0.99995842, ..., -0.13661011,
          0.        ,  0.24762887],
        [-0.59142022, -0.80830943, -0.96655653, ..., -0.37766271,
         -0.24762887,  0.        ]],

       [[ 0.        , -0.24097166, -0.46003079, ...,  0.92541682,
          0.88455388,  0.88590167],
        [ 0.24097166,  0.        , -0.23251522, ...,  0.98946318,
          0.97088633,  0.97157632],
        [ 0.46003079,  0.23251522,  0.        , ...,  0.99600937,
          0.99997387,  0.99999062],
        ...,
        [-0.92541682, -0.98946318, -0.99600937, ...,  0.        ,
         -0.0964472 , -0.09356281],
        [-0.88455388, -0.97088633, -0.99997387, ...,  0.0964472 ,
          0.        ,  0.0028975 ],
        [-0.88590167, -0.97157632, -0.99999062, ...,  0.09356281,
         -0.0028975 ,  0.        ]],

       [[ 0.        ,  0.28066572,  0.37534019, ...,  0.5860311 ,
          0.40926563,  0.        ],
        [-0.28066572,  0.        ,  0.10010816, ...,  0.78989615,
          0.64889913,  0.28066572],
        [-0.37534019, -0.10010816,  0.        , ...,  0.84731854,
          0.72180917,  0.37534019],
        ...,
        [-0.5860311 , -0.78989615, -0.84731854, ...,  0.        ,
          0.20308047,  0.5860311 ],
        [-0.40926563, -0.64889913, -0.72180917, ..., -0.20308047,
          0.        ,  0.40926563],
        [-0.        , -0.28066572, -0.37534019, ..., -0.5860311 ,
         -0.40926563,  0.        ]]]), 'num': array([ 7.88541805e-01,  6.13564677e-01,  2.30536401e-06,  4.37442821e-03,
        4.50122323e-03,  4.35137457e-03,  3.98777832e-02, -5.18706902e-05,
        4.30987801e-03,  4.33984775e-03,  4.06061053e-03,  2.83024599e-06,
        4.52699446e-03,  4.15270103e-03])}
{'img': array([[[ 0.        , -0.226438  ,  0.26633002, ...,  0.98597364,
          0.88913825,  0.95532548],
        [ 0.226438  ,  0.        ,  0.47767175, ...,  0.92257079,
          0.76241661,  0.86358639],
        [-0.26633002, -0.47767175,  0.        , ...,  0.99481292,
          0.97890719,  0.99953632],
        ...,
        [-0.98597364, -0.92257079, -0.99481292, ...,  0.        ,
          0.30282153,  0.13196533],
        [-0.88913825, -0.76241661, -0.97890719, ..., -0.30282153,
          0.        , -0.17440395],
        [-0.95532548, -0.86358639, -0.99953632, ..., -0.13196533,
          0.17440395,  0.        ]],

       [[ 0.        , -0.0039775 ,  0.08473309, ...,  0.53241738,
          0.03503111,  0.12934217],
        [ 0.0039775 ,  0.        ,  0.08869562, ...,  0.53578006,
          0.03900589,  0.13328523],
        [-0.08473309, -0.08869562,  0.        , ...,  0.45877761,
         -0.04977596,  0.04485568],
        ...,
        [-0.53241738, -0.53578006, -0.45877761, ...,  0.        ,
         -0.5024374 , -0.41845928],
        [-0.03503111, -0.03900589,  0.04977596, ...,  0.5024374 ,
          0.        ,  0.09452593],
        [-0.12934217, -0.13328523, -0.04485568, ...,  0.41845928,
         -0.09452593,  0.        ]],

       [[ 0.        ,  0.21748425,  0.40369502, ...,  0.86755547,
          0.80119433,  0.74456211],
        [-0.21748425,  0.        ,  0.19505715, ...,  0.95495323,
          0.9121603 ,  0.87192245],
        [-0.40369502, -0.19505715,  0.        , ...,  0.99449482,
          0.97458039,  0.95068302],
        ...,
        [-0.86755547, -0.95495323, -0.99449482, ...,  0.        ,
          0.12068256,  0.20883859],
        [-0.80119433, -0.9121603 , -0.97458039, ..., -0.12068256,
          0.        ,  0.08929069],
        [-0.74456211, -0.87192245, -0.95068302, ..., -0.20883859,
         -0.08929069,  0.        ]],

       ...,

       [[ 0.        , -0.77636169,  0.03151034, ...,  0.63734115,
          0.80830943,  0.62180553],
        [ 0.77636169,  0.        ,  0.79583675, ...,  0.99995842,
          0.96655653,  0.99994084],
        [-0.03151034, -0.79583675,  0.        , ...,  0.61274337,
          0.78935608,  0.59681874],
        ...,
        [-0.63734115, -0.99995842, -0.61274337, ...,  0.        ,
          0.24762887, -0.01999554],
        [-0.80830943, -0.96655653, -0.78935608, ..., -0.24762887,
          0.        , -0.26695214],
        [-0.62180553, -0.99994084, -0.59681874, ...,  0.01999554,
          0.26695214,  0.        ]],

       [[ 0.        , -0.23251522, -0.44518247, ...,  0.97088633,
          0.97157632,  0.94939681],
        [ 0.23251522,  0.        , -0.22477784, ...,  0.99997387,
          0.99999062,  0.99640464],
        [ 0.44518247,  0.22477784,  0.        , ...,  0.97600964,
          0.97537468,  0.98995028],
        ...,
        [-0.97088633, -0.99997387, -0.97600964, ...,  0.        ,
          0.0028975 , -0.07751595],
        [-0.97157632, -0.99999062, -0.97537468, ..., -0.0028975 ,
          0.        , -0.08040441],
        [-0.94939681, -0.99640464, -0.98995028, ...,  0.07751595,
          0.08040441,  0.        ]],

       [[ 0.        ,  0.2506216 ,  0.42262979, ...,  0.57926027,
          0.4357718 ,  0.        ],
        [-0.2506216 ,  0.        ,  0.18200266, ...,  0.7650656 ,
          0.64743797,  0.2506216 ],
        [-0.42262979, -0.18200266,  0.        , ...,  0.86948855,
          0.77533201,  0.42262979],
        ...,
        [-0.57926027, -0.7650656 , -0.86948855, ...,  0.        ,
          0.16615119,  0.57926027],
        [-0.4357718 , -0.64743797, -0.77533201, ..., -0.16615119,
          0.        ,  0.4357718 ],
        [-0.        , -0.2506216 , -0.42262979, ..., -0.57926027,
         -0.4357718 ,  0.        ]]]), 'num': array([7.61260382e-01, 6.46458062e-01, 1.50068392e-06, 4.25193778e-03,
       4.31863485e-03, 4.22414734e-03, 4.93388191e-02, 3.33485316e-05,
       4.18524072e-03, 4.19107671e-03, 3.92854966e-03, 2.65156521e-06,
       4.37225591e-03, 4.00989752e-03])}
{'img': array([[[ 0.        ,  0.47767175, -0.26882089, ...,  0.76241661,
          0.86358639,  0.80153091],
        [-0.47767175,  0.        , -0.69625821, ...,  0.97890719,
          0.99953632,  0.98980109],
        [ 0.26882089,  0.69625821,  0.        , ...,  0.56040183,
          0.69625821,  0.61128435],
        ...,
        [-0.76241661, -0.97890719, -0.56040183, ...,  0.        ,
         -0.17440395, -0.06277026],
        [-0.86358639, -0.99953632, -0.69625821, ...,  0.17440395,
          0.        ,  0.11225177],
        [-0.80153091, -0.98980109, -0.61128435, ...,  0.06277026,
         -0.11225177,  0.        ]],

       [[ 0.        ,  0.08869562,  0.74137149, ...,  0.03900589,
          0.13328523,  0.36693014],
