state_0,state_1,state_2,state_3,state_4,state_5,state_6,state_7,state_8,state_9,state_10,state_11,state_12,state_13,state_14,state_15,state_16,state_17,state_18,state_19,state_20,state_21,state_22,state_23,state_24,state_25,state_26,state_27,state_28,state_29,state_30,state_31,state_32,state_33,state_34,state_35,state_36,state_37,state_38,state_39,state_40,state_41,state_42,state_43,state_44,state_45,state_46,state_47,state_48,state_49,state_50,state_51,state_52,state_53,state_54,state_55,state_56,state_57,state_58,state_59,state_60,state_61,state_62,state_63,state_64,state_65,state_66,state_67,state_68,state_69,state_70,state_71,state_72,state_73,state_74,state_75,state_76,state_77,state_78,state_79,state_80,state_81,state_82,state_83,state_84,state_85,state_86,state_87,state_88,state_89,state_90,state_91,state_92,state_93,state_94,state_95,state_96,state_97,state_98,state_99,state_100,state_101,state_102,state_103,state_104,state_105,state_106,state_107,state_108,state_109,state_110,state_111,state_112,state_113,state_114,state_115,state_116,state_117,state_118,state_119,state_120,state_121,state_122,state_123,state_124,state_125,state_126,state_127,state_128,state_129,state_130,state_131,state_132,state_133,state_134,state_135,state_136,state_137,state_138,state_139,state_140,state_141,state_142,state_143,state_144,state_145,state_146,state_147,state_148,state_149,state_150,state_151,state_152,state_153,state_154,state_155,state_156,state_157,state_158,state_159,state_160,state_161,state_162,state_163,state_164,state_165,state_166,state_167,state_168,state_169,state_170,state_171,state_172,state_173,state_174,state_175,state_176,state_177,state_178,state_179,state_180,state_181,state_182,state_183,state_184,state_185,state_186,state_187,state_188,state_189,state_190,state_191,state_192,state_193,state_194,state_195,state_196,state_197,state_198,state_199,state_200,state_201,state_202,state_203,state_204,state_205,state_206,state_207,state_208,state_209,state_210,state_211,state_212,state_213,state_214,state_215,state_216,state_217,state_218,state_219,state_220,state_221,state_222,state_223,state_224,state_225,state_226,state_227,state_228,state_229,state_230,state_231,state_232,state_233,state_234,state_235,state_236,state_237,state_238,state_239,state_240,state_241,state_242,state_243,state_244,state_245,state_246,state_247,state_248,state_249,state_250,state_251,state_252,state_253,state_254,state_255,state_256,state_257,state_258,state_259,state_260,state_261,state_262,state_263,state_264,state_265,state_266,state_267,state_268,state_269,state_270,state_271,state_272,state_273,state_274,state_275,state_276,state_277,state_278,state_279,state_280,state_281,state_282,state_283,state_284,state_285,state_286,state_287
{'img': array([[[ 0.        , -0.62853936, -0.78387787, ..., -0.90527005,
         -0.6882325 , -0.6882325 ],
        [ 0.62853936,  0.        , -0.21941325, ..., -0.97112545,
         -0.99129109, -0.99129109],
        [ 0.78387787,  0.21941325,  0.        , ..., -0.89511579,
         -0.99602962, -0.99602962],
        ...,
        [ 0.90527005,  0.97112545,  0.89511579, ...,  0.        ,
         -0.36437819, -0.36437819],
        [ 0.6882325 ,  0.99129109,  0.99602962, ...,  0.36437819,
          0.        ,  0.        ],
        [ 0.6882325 ,  0.99129109,  0.99602962, ...,  0.36437819,
          0.        ,  0.        ]],

       [[ 0.        ,  0.02325596, -0.09494547, ..., -0.18965383,
         -0.07537865,  0.05309271],
        [-0.02325596,  0.        , -0.1180707 , ..., -0.21243643,
         -0.09854806,  0.02985519],
        [ 0.09494547,  0.1180707 ,  0.        , ..., -0.09557476,
          0.01963723,  0.14766442],
        ...,
        [ 0.18965383,  0.21243643,  0.09557476, ...,  0.        ,
          0.11510366,  0.24151548],
        [ 0.07537865,  0.09854806, -0.01963723, ..., -0.11510366,
          0.        ,  0.128214  ],
        [-0.05309271, -0.02985519, -0.14766442, ..., -0.24151548,
         -0.128214  ,  0.        ]],

       [[ 0.        , -0.56415945, -0.80681876, ..., -0.43438689,
         -0.33592533, -0.27564648],
        [ 0.56415945,  0.        , -0.33285784, ..., -0.86681173,
         -0.80873745, -0.76989528],
        [ 0.80681876,  0.33285784,  0.        , ..., -0.9833583 ,
         -0.95839776, -0.93841353],
        ...,
        [ 0.43438689,  0.86681173,  0.9833583 , ...,  0.        ,
         -0.10656725, -0.16927628],
        [ 0.33592533,  0.80873745,  0.95839776, ...,  0.10656725,
          0.        , -0.06328299],
        [ 0.27564648,  0.76989528,  0.93841353, ...,  0.16927628,
          0.06328299,  0.        ]],

       ...,

       [[ 0.        , -0.07474393, -0.08119449, ..., -0.03941629,
         -0.10930509, -0.19111133],
        [ 0.07474393,  0.        , -0.00647023, ...,  0.03537981,
         -0.03470326, -0.11721047],
        [ 0.08119449,  0.00647023,  0.        , ...,  0.04184525,
         -0.0282362 , -0.11078238],
        ...,
        [ 0.03941629, -0.03537981, -0.04184525, ...,  0.        ,
         -0.07004003, -0.15227303],
        [ 0.10930509,  0.03470326,  0.0282362 , ...,  0.07004003,
          0.        , -0.08267581],
        [ 0.19111133,  0.11721047,  0.11078238, ...,  0.15227303,
          0.08267581,  0.        ]],

       [[ 0.        , -0.01131478,  0.02598117, ..., -0.98149944,
         -0.98604407, -0.98892276],
        [ 0.01131478,  0.        ,  0.03729047, ..., -0.98360299,
         -0.98786468, -0.99053892],
        [-0.02598117, -0.03729047,  0.        , ..., -0.97619363,
         -0.98138575, -0.98473252],
        ...,
        [ 0.98149944,  0.98360299,  0.97619363, ...,  0.        ,
          0.02538845,  0.04365913],
        [ 0.98604407,  0.98786468,  0.98138575, ..., -0.02538845,
          0.        ,  0.01828081],
        [ 0.98892276,  0.99053892,  0.98473252, ..., -0.04365913,
         -0.01828081,  0.        ]],

       [[ 0.        , -0.36666129, -0.55136862, ..., -0.617813  ,
         -0.52568549, -0.39852358],
        [ 0.36666129,  0.        , -0.20707679, ..., -0.86310006,
         -0.80098492, -0.70705457],
        [ 0.55136862,  0.20707679,  0.        , ..., -0.94897271,
         -0.907597  , -0.83816516],
        ...,
        [ 0.617813  ,  0.86310006,  0.94897271, ...,  0.        ,
         -0.11220087, -0.25326311],
        [ 0.52568549,  0.80098492,  0.907597  , ...,  0.11220087,
          0.        , -0.14312106],
        [ 0.39852358,  0.70705457,  0.83816516, ...,  0.25326311,
          0.14312106,  0.        ]]]), 'num': array([7.29025622e-01, 6.84478757e-01, 1.42778411e-06, 7.18497809e-04,
       7.33466514e-04, 7.08134860e-04, 2.46506926e-03, 3.45431639e-06,
       7.27018457e-04, 7.57128581e-04, 7.64267502e-04, 8.43440765e-07,
       8.23826512e-04, 6.90430650e-04])}
{'img': array([[[ 0.        , -0.32436792,  0.36988382, ..., -0.92125667,
         -0.92125667, -0.9422974 ],
        [ 0.32436792,  0.        ,  0.65124768, ..., -0.99760983,
         -0.99760983, -0.99993922],
        [-0.36988382, -0.65124768,  0.        , ..., -0.71205109,
         -0.71205109, -0.75163922],
        ...,
        [ 0.92125667,  0.99760983,  0.71205109, ...,  0.        ,
          0.        ,  0.05809597],
        [ 0.92125667,  0.99760983,  0.71205109, ...,  0.        ,
          0.        ,  0.05809597],
        [ 0.9422974 ,  0.99993922,  0.75163922, ..., -0.05809597,
         -0.05809597,  0.        ]],

       [[ 0.        , -0.1180707 , -0.15956278, ..., -0.09854806,
          0.02985519, -0.30910602],
        [ 0.1180707 ,  0.        , -0.04188872, ...,  0.01963723,
          0.14766442, -0.1946554 ],
        [ 0.15956278,  0.04188872,  0.        , ...,  0.06150063,
          0.18896433, -0.15339708],
        ...,
        [ 0.09854806, -0.01963723, -0.06150063, ...,  0.        ,
          0.128214  , -0.21387946],
        [-0.02985519, -0.14766442, -0.18896433, ..., -0.128214  ,
          0.        , -0.33736134],
        [ 0.30910602,  0.1946554 ,  0.15339708, ...,  0.21387946,
          0.33736134,  0.        ]],

       [[ 0.        , -0.66961813, -0.79840408, ..., -0.35109585,
         -0.28823507, -0.37162741],
        [ 0.66961813,  0.        , -0.18978734, ..., -0.88775076,
         -0.85527311, -0.89767114],
        [ 0.79840408,  0.18978734,  0.        , ..., -0.95897984,
         -0.93807224, -0.96498899],
        ...,
        [ 0.35109585,  0.88775076,  0.95897984, ...,  0.        ,
         -0.06630935,  0.02201837],
        [ 0.28823507,  0.85527311,  0.93807224, ...,  0.06630935,
          0.        ,  0.08826318],
        [ 0.37162741,  0.89767114,  0.96498899, ..., -0.02201837,
         -0.08826318,  0.        ]],

       ...,

       [[ 0.        , -0.00647023,  0.11689949, ..., -0.03470326,
         -0.11721047, -0.20732887],
        [ 0.00647023,  0.        ,  0.12332291, ..., -0.0282362 ,
         -0.11078238, -0.20099489],
        [-0.11689949, -0.12332291,  0.        , ..., -0.1512944 ,
         -0.23250055, -0.32026679],
        ...,
        [ 0.03470326,  0.0282362 ,  0.1512944 , ...,  0.        ,
         -0.08267581, -0.17325479],
        [ 0.11721047,  0.11078238,  0.23250055, ...,  0.08267581,
          0.        , -0.09123614],
        [ 0.20732887,  0.20099489,  0.32026679, ...,  0.17325479,
          0.09123614,  0.        ]],

       [[ 0.        ,  0.03729047,  0.04515061, ..., -0.98786468,
         -0.99053892, -0.99215604],
        [-0.03729047,  0.        ,  0.00786676, ..., -0.98138575,
         -0.98473252, -0.98680445],
        [-0.04515061, -0.00786676,  0.        , ..., -0.97984459,
         -0.98333265, -0.98550015],
        ...,
        [ 0.98786468,  0.98138575,  0.97984459, ...,  0.        ,
          0.01828081,  0.03061011],
        [ 0.99053892,  0.98473252,  0.98333265, ..., -0.01828081,
          0.        ,  0.01233275],
        [ 0.99215604,  0.98680445,  0.98550015, ..., -0.03061011,
         -0.01233275,  0.        ]],

       [[ 0.        , -0.43497963, -0.48131587, ..., -0.53430521,
         -0.40533274, -0.28620656],
        [ 0.43497963,  0.        , -0.05211602, ..., -0.84879458,
         -0.76262292, -0.67449545],
        [ 0.48131587,  0.05211602,  0.        , ..., -0.87519602,
         -0.79529744, -0.712055  ],
        ...,
        [ 0.53430521,  0.84879458,  0.87519602, ...,  0.        ,
         -0.145821  , -0.27002612],
        [ 0.40533274,  0.76262292,  0.79529744, ...,  0.145821  ,
          0.        , -0.12673562],
        [ 0.28620656,  0.67449545,  0.712055  , ...,  0.27002612,
          0.12673562,  0.        ]]]), 'num': array([ 7.07105035e-01,  7.07105035e-01,  0.00000000e+00,  4.32352191e-04,
        4.39325613e-04,  4.21892057e-04,  1.82928212e-03, -2.78936897e-06,
        4.36536244e-04,  4.57386778e-04,  4.61512719e-04,  3.30142705e-07,
        4.99357049e-04,  4.15416506e-04])}
{'img': array([[[ 0.        ,  0.65124768,  0.0680415 , ..., -0.99760983,
         -0.99993922, -0.99601761],
        [-0.65124768,  0.        , -0.59810407, ..., -0.71205109,
         -0.75163922, -0.69778008],
        [-0.0680415 ,  0.59810407,  0.        , ..., -0.99059629,
         -0.99687171, -0.98764298],
        ...,
        [ 0.99760983,  0.71205109,  0.99059629, ...,  0.        ,
          0.05809597, -0.02012009],
        [ 0.99993922,  0.75163922,  0.99687171, ..., -0.05809597,
          0.        , -0.07817031],
        [ 0.99601761,  0.69778008,  0.98764298, ...,  0.02012009,
          0.07817031,  0.        ]],

       [[ 0.        , -0.04188872, -0.08708479, ...,  0.14766442,
         -0.1946554 , -0.06112811],
        [ 0.04188872,  0.        , -0.04527877, ...,  0.18896433,
         -0.15339708, -0.01926407],
        [ 0.08708479,  0.04527877,  0.        , ...,  0.23323356,
         -0.10849688,  0.02602606],
        ...,
        [-0.14766442, -0.18896433, -0.23323356, ...,  0.        ,
         -0.33736134, -0.20784627],
        [ 0.1946554 ,  0.15339708,  0.10849688, ...,  0.33736134,
          0.        ,  0.13433255],
        [ 0.06112811,  0.01926407, -0.02602606, ...,  0.20784627,
         -0.13433255,  0.        ]],

       [[ 0.        , -0.54465442, -0.73568747, ..., -0.30828588,
         -0.39702402, -0.        ],
        [ 0.54465442,  0.        , -0.24808612, ..., -0.77667356,
         -0.8328567 , -0.54465442],
        [ 0.73568747,  0.24808612,  0.        , ..., -0.90866345,
         -0.94413277, -0.73568747],
        ...,
        [ 0.30828588,  0.77667356,  0.90866345, ...,  0.        ,
          0.09473916, -0.30828588],
        [ 0.39702402,  0.8328567 ,  0.94413277, ..., -0.09473916,
          0.        , -0.39702402],
        [ 0.        ,  0.54465442,  0.73568747, ...,  0.30828588,
          0.39702402,  0.        ]],

       ...,

       [[ 0.        ,  0.12332291,  0.20454156, ..., -0.11078238,
         -0.20099489, -0.68701546],
        [-0.12332291,  0.        ,  0.08226462, ..., -0.23250055,
         -0.32026679, -0.77138289],
        [-0.20454156, -0.08226462,  0.        , ..., -0.31172276,
         -0.39711277, -0.82111915],
        ...,
        [ 0.11078238,  0.23250055,  0.31172276, ...,  0.        ,
         -0.09123614, -0.60228744],
        [ 0.20099489,  0.32026679,  0.39711277, ...,  0.09123614,
          0.        , -0.52694355],
        [ 0.68701546,  0.77138289,  0.82111915, ...,  0.60228744,
          0.52694355,  0.        ]],

       [[ 0.        ,  0.00786676,  0.03889541, ..., -0.98473252,
         -0.98680445, -0.98850873],
        [-0.00786676,  0.        ,  0.03103339, ..., -0.98333265,
         -0.98550015, -0.98728897],
        [-0.03889541, -0.03103339,  0.        , ..., -0.97721667,
         -0.97975991, -0.98188114],
        ...,
        [ 0.98473252,  0.98333265,  0.97721667, ...,  0.        ,
          0.01233275,  0.02321806],
        [ 0.98680445,  0.98550015,  0.97975991, ..., -0.01233275,
          0.        ,  0.01088687],
        [ 0.98850873,  0.98728897,  0.98188114, ..., -0.02321806,
         -0.01088687,  0.        ]],

       [[ 0.        , -0.22156294, -0.42415688, ..., -0.46064647,
         -0.35896291, -0.        ],
        [ 0.22156294,  0.        , -0.21297002, ..., -0.64585325,
         -0.55683744, -0.22156294],
        [ 0.42415688,  0.21297002,  0.        , ..., -0.79363098,
         -0.72096036, -0.42415688],
        ...,
        [ 0.46064647,  0.64585325,  0.79363098, ...,  0.        ,
         -0.11133559, -0.46064647],
        [ 0.35896291,  0.55683744,  0.72096036, ...,  0.11133559,
          0.        , -0.35896291],
        [ 0.        ,  0.22156294,  0.42415688, ...,  0.46064647,
          0.35896291,  0.        ]]]), 'num': array([ 7.07105111e-01,  7.07105111e-01,  0.00000000e+00,  4.22589445e-04,
        4.29562868e-04,  4.15616022e-04,  1.77943629e-03, -9.76279245e-06,
        4.31236490e-04,  4.55015863e-04,  4.60141329e-04,  3.88292882e-07,
        4.99167049e-04,  4.10864676e-04])}
{'img': array([[[ 0.        , -0.59810407, -0.65124768, ..., -0.75163922,
         -0.69778008, -0.40369502],
        [ 0.59810407,  0.        , -0.0680415 , ..., -0.99687171,
         -0.98764298, -0.87073023],
        [ 0.65124768,  0.0680415 ,  0.        , ..., -0.99993922,
         -0.99601761, -0.90217246],
        ...,
        [ 0.75163922,  0.99687171,  0.99993922, ...,  0.        ,
         -0.07817031, -0.421403  ],
        [ 0.69778008,  0.98764298,  0.99601761, ...,  0.07817031,
          0.        , -0.34922293],
        [ 0.40369502,  0.87073023,  0.90217246, ...,  0.421403  ,
          0.34922293,  0.        ]],

       [[ 0.        , -0.04527877, -0.30858169, ..., -0.15339708,
         -0.01926407, -0.03783309],
        [ 0.04527877,  0.        , -0.26519613, ..., -0.10849688,
          0.02602606,  0.00745207],
        [ 0.30858169,  0.26519613,  0.        , ...,  0.15901854,
          0.29020049,  0.27237402],
        ...,
        [ 0.15339708,  0.10849688, -0.15901854, ...,  0.        ,
          0.13433255,  0.11590194],
        [ 0.01926407, -0.02602606, -0.29020049, ..., -0.13433255,
          0.        , -0.01857579],
        [ 0.03783309, -0.00745207, -0.27237402, ..., -0.11590194,
          0.01857579,  0.        ]],

       [[ 0.        , -0.55041537, -0.66756861, ..., -0.60330865,
         -0.47196005, -0.        ],
        [ 0.55041537,  0.        , -0.14753618, ..., -0.94265748,
         -0.87929234, -0.55041537],
        [ 0.66756861,  0.14753618,  0.        , ..., -0.98158359,
         -0.93993884, -0.66756861],
        ...,
        [ 0.60330865,  0.94265748,  0.98158359, ...,  0.        ,
         -0.15549712, -0.60330865],
        [ 0.47196005,  0.87929234,  0.93993884, ...,  0.15549712,
          0.        , -0.47196005],
        [ 0.        ,  0.55041537,  0.66756861, ...,  0.60330865,
          0.47196005,  0.        ]],

       ...,

       [[ 0.        ,  0.08226462,  0.14200531, ..., -0.32026679,
         -0.77138289, -0.62683933],
        [-0.08226462,  0.        ,  0.06009305, ..., -0.39711277,
         -0.82111915, -0.68881102],
        [-0.14200531, -0.06009305,  0.        , ..., -0.45154669,
         -0.85393372, -0.7311301 ],
        ...,
        [ 0.32026679,  0.39711277,  0.45154669, ...,  0.        ,
         -0.52694355, -0.34428666],
        [ 0.77138289,  0.82111915,  0.85393372, ...,  0.52694355,
          0.        ,  0.20211931],
        [ 0.62683933,  0.68881102,  0.7311301 , ...,  0.34428666,
         -0.20211931,  0.        ]],

       [[ 0.        ,  0.03103339, -0.04287351, ..., -0.98550015,
         -0.98728897, -0.98650643],
        [-0.03103339,  0.        , -0.07385771, ..., -0.97975991,
         -0.98188114, -0.98095041],
        [ 0.04287351,  0.07385771,  0.        , ..., -0.99186853,
         -0.99319529, -0.9926187 ],
        ...,
        [ 0.98550015,  0.97975991,  0.99186853, ...,  0.        ,
          0.01088687,  0.00603644],
        [ 0.98728897,  0.98188114,  0.99319529, ..., -0.01088687,
          0.        , -0.00485059],
        [ 0.98650643,  0.98095041,  0.9926187 , ..., -0.00603644,
          0.00485059,  0.        ]],

       [[ 0.        , -0.35903749, -0.50966725, ..., -0.55856044,
         -0.44935757, -0.        ],
        [ 0.35903749,  0.        , -0.16677858, ..., -0.81912599,
         -0.74014267, -0.35903749],
        [ 0.50966725,  0.16677858,  0.        , ..., -0.90332009,
         -0.84192674, -0.50966725],
        ...,
        [ 0.55856044,  0.81912599,  0.90332009, ...,  0.        ,
         -0.12626523, -0.55856044],
        [ 0.44935757,  0.74014267,  0.84192674, ...,  0.12626523,
          0.        , -0.44935757],
        [ 0.        ,  0.35903749,  0.50966725, ...,  0.55856044,
          0.44935757,  0.        ]]]), 'num': array([8.54868108e-01, 5.18836987e-01, 1.06338962e-05, 5.24229517e-04,
       5.28376903e-04, 4.97686251e-04, 2.54067172e-03, 2.15664042e-05,
       5.14773479e-04, 5.39367474e-04, 5.45823571e-04, 6.28391731e-07,
       5.91514806e-04, 4.87220143e-04])}
{'img': array([[[ 0.        , -0.14613629, -0.33629848, ..., -0.87191099,
         -0.63222674, -0.96149554],
        [ 0.14613629,  0.        , -0.19506349, ..., -0.9341083 ,
         -0.73866342, -0.99133463],
        [ 0.33629848,  0.19506349,  0.        , ..., -0.98580032,
         -0.85596147, -0.99791539],
        ...,
        [ 0.87191099,  0.9341083 ,  0.98580032, ...,  0.        ,
         -0.36596324,  0.23119111],
        [ 0.63222674,  0.73866342,  0.85596147, ...,  0.36596324,
          0.        ,  0.57120192],
        [ 0.96149554,  0.99133463,  0.99791539, ..., -0.23119111,
         -0.57120192,  0.        ]],

       [[ 0.        , -0.26519613, -0.01475658, ...,  0.02602606,
          0.00745207,  0.13243996],
        [ 0.26519613,  0.        ,  0.25093905, ...,  0.29020049,
          0.27237402,  0.39055791],
        [ 0.01475658, -0.25093905,  0.        , ...,  0.04077481,
          0.02220743,  0.14705213],
        ...,
        [-0.02602606, -0.29020049, -0.04077481, ...,  0.        ,
         -0.01857579,  0.1065983 ],
        [-0.00745207, -0.27237402, -0.02220743, ...,  0.01857579,
          0.        ,  0.12504985],
        [-0.13243996, -0.39055791, -0.14705213, ..., -0.1065983 ,
         -0.12504985,  0.        ]],

       [[ 0.        , -0.43272074, -0.54195506, ..., -0.4913402 ,
         -0.        , -0.27075405],
        [ 0.43272074,  0.        , -0.12492592, ..., -0.81984276,
         -0.43272074, -0.66065036],
        [ 0.54195506,  0.12492592,  0.        , ..., -0.88495135,
         -0.54195506, -0.74925598],
        ...,
        [ 0.4913402 ,  0.81984276,  0.88495135, ...,  0.        ,
         -0.4913402 , -0.23716989],
        [ 0.        ,  0.43272074,  0.54195506, ...,  0.4913402 ,
          0.        ,  0.27075405],
        [ 0.27075405,  0.66065036,  0.74925598, ...,  0.23716989,
         -0.27075405,  0.        ]],

       ...,

       [[ 0.        ,  0.06009305, -0.17377597, ..., -0.82111915,
         -0.68881102, -0.35449545],
        [-0.06009305,  0.        , -0.23264066, ..., -0.85393372,
         -0.7311301 , -0.41004527],
        [ 0.17377597,  0.23264066,  0.        , ..., -0.70944218,
         -0.5523536 , -0.18661131],
        ...,
        [ 0.82111915,  0.85393372,  0.70944218, ...,  0.        ,
          0.20211931,  0.56546312],
        [ 0.68881102,  0.7311301 ,  0.5523536 , ..., -0.20211931,
          0.        ,  0.38708982],
        [ 0.35449545,  0.41004527,  0.18661131, ..., -0.56546312,
         -0.38708982,  0.        ]],

       [[ 0.        , -0.07385771, -0.08924713, ..., -0.98188114,
         -0.98095041, -0.97026008],
        [ 0.07385771,  0.        , -0.0154404 , ..., -0.99319529,
         -0.9926187 , -0.98548845],
        [ 0.08924713,  0.0154404 ,  0.        , ..., -0.99487509,
         -0.99437294, -0.98799186],
        ...,
        [ 0.98188114,  0.99319529,  0.99487509, ...,  0.        ,
         -0.00485059, -0.05381668],
        [ 0.98095041,  0.9926187 ,  0.99437294, ...,  0.00485059,
          0.        , -0.04897248],
        [ 0.97026008,  0.98548845,  0.98799186, ...,  0.05381668,
          0.04897248,  0.        ]],

       [[ 0.        , -0.378342  , -0.54779006, ..., -0.50810649,
         -0.24325067, -0.        ],
        [ 0.378342  ,  0.        , -0.19054367, ..., -0.79620063,
         -0.59214676, -0.378342  ],
        [ 0.54779006,  0.19054367,  0.        , ..., -0.89689837,
         -0.7348437 , -0.54779006],
        ...,
        [ 0.50810649,  0.79620063,  0.89689837, ...,  0.        ,
         -0.28333432, -0.50810649],
        [ 0.24325067,  0.59214676,  0.7348437 , ...,  0.28333432,
          0.        , -0.24325067],
        [ 0.        ,  0.378342  ,  0.54779006, ...,  0.50810649,
          0.24325067,  0.        ]]]), 'num': array([ 8.50861570e-01,  5.25385689e-01,  1.03325677e-05,  5.20761410e-04,
        5.28200859e-04,  5.12495356e-04,  1.49258486e-03, -1.65321083e-06,
        5.14479209e-04,  5.36012280e-04,  5.42597570e-04,  6.52583220e-07,
        5.88106721e-04,  4.83917839e-04])}
{'img': array([[[ 0.        , -0.19506349, -0.66984247, ..., -0.73866342,
         -0.99133463, -0.98591589],
        [ 0.19506349,  0.        , -0.51213994, ..., -0.85596147,
         -0.99791539, -0.99959984],
        [ 0.66984247,  0.51213994,  0.        , ..., -0.99998367,
         -0.82406021, -0.84407147],
        ...,
        [ 0.73866342,  0.85596147,  0.99998367, ...,  0.        ,
          0.57120192,  0.54104524],
        [ 0.99133463,  0.99791539,  0.82406021, ..., -0.57120192,
          0.        , -0.03628198],
        [ 0.98591589,  0.99959984,  0.84407147, ..., -0.54104524,
          0.03628198,  0.        ]],

       [[ 0.        ,  0.25093905,  0.65408862, ...,  0.27237402,
          0.39055791,  0.04710271],
        [-0.25093905,  0.        ,  0.44334488, ...,  0.02220743,
          0.14705213, -0.20506496],
        [-0.65408862, -0.44334488,  0.        , ..., -0.42332989,
         -0.30671483, -0.61773328],
        ...,
        [-0.27237402, -0.02220743,  0.42332989, ...,  0.        ,
          0.12504985, -0.22674987],
        [-0.39055791, -0.14705213,  0.30671483, ..., -0.12504985,
          0.        , -0.34676267],
        [-0.04710271,  0.20506496,  0.61773328, ...,  0.22674987,
          0.34676267,  0.        ]],

       [[ 0.        , -0.35275881, -0.57031141, ..., -0.        ,
         -0.2775393 , -0.37115374],
        [ 0.35275881,  0.        , -0.24388237, ..., -0.35275881,
         -0.59859791, -0.67485561],
        [ 0.57031141,  0.24388237,  0.        , ..., -0.57031141,
         -0.77588502, -0.83445117],
        ...,
        [ 0.        ,  0.35275881,  0.57031141, ...,  0.        ,
          0.2775393 ,  0.37115374],
        [ 0.2775393 ,  0.59859791,  0.77588502, ..., -0.2775393 ,
          0.        ,  0.09885764],
        [ 0.37115374,  0.67485561,  0.83445117, ..., -0.37115374,
         -0.09885764,  0.        ]],

       ...,

       [[ 0.        , -0.23264066, -0.48253087, ..., -0.7311301 ,
         -0.41004527, -0.35674087],
        [ 0.23264066,  0.        , -0.26552649, ..., -0.5523536 ,
         -0.18661131, -0.12961919],
        [ 0.48253087,  0.26552649,  0.        , ..., -0.31118056,
          0.08094957,  0.13832014],
        ...,
        [ 0.7311301 ,  0.5523536 ,  0.31118056, ...,  0.        ,
          0.38708982,  0.43964201],
        [ 0.41004527,  0.18661131, -0.08094957, ..., -0.38708982,
          0.        ,  0.05769475],
        [ 0.35674087,  0.12961919, -0.13832014, ..., -0.43964201,
         -0.05769475,  0.        ]],

       [[ 0.        , -0.0154404 ,  0.04806749, ..., -0.9926187 ,
         -0.98548845, -0.97977199],
        [ 0.0154404 ,  0.        ,  0.06348431, ..., -0.99437294,
         -0.98799186, -0.98274508],
        [-0.04806749, -0.06348431,  0.        , ..., -0.98564184,
         -0.97619022, -0.96902034],
        ...,
        [ 0.9926187 ,  0.99437294,  0.98564184, ...,  0.        ,
         -0.04897248, -0.07981614],
        [ 0.98548845,  0.98799186,  0.97619022, ...,  0.04897248,
          0.        , -0.03090413],
        [ 0.97977199,  0.98274508,  0.96902034, ...,  0.07981614,
          0.03090413,  0.        ]],

       [[ 0.        , -0.41668876, -0.67505657, ..., -0.35175887,
         -0.25565416, -0.        ],
        [ 0.41668876,  0.        , -0.30624085, ..., -0.70982458,
         -0.6352437 , -0.41668876],
        [ 0.67505657,  0.30624085,  0.        , ..., -0.89142986,
         -0.84123623, -0.67505657],
        ...,
        [ 0.35175887,  0.70982458,  0.89142986, ...,  0.        ,
         -0.10075386, -0.35175887],
        [ 0.25565416,  0.6352437 ,  0.84123623, ...,  0.10075386,
          0.        , -0.25565416],
        [ 0.        ,  0.41668876,  0.67505657, ...,  0.35175887,
          0.25565416,  0.        ]]]), 'num': array([ 7.17860202e-01,  6.96184067e-01,  6.98104203e-07,  4.33522710e-04,
        4.48881002e-04,  4.33522710e-04,  1.69897620e-03, -6.28293782e-06,
        4.34081193e-04,  4.50765884e-04,  4.57048821e-04,  4.80177494e-07,
        4.94587926e-04,  4.06943841e-04])}
{'img': array([[[ 0.        , -0.51213994, -0.64679425, ..., -0.99791539,
         -0.99959984, -0.98913921],
        [ 0.51213994,  0.        , -0.16494193, ..., -0.82406021,
         -0.84407147, -0.92484888],
        [ 0.64679425,  0.16494193,  0.        , ..., -0.71933332,
         -0.74406353, -0.84944834],
        ...,
        [ 0.99791539,  0.82406021,  0.71933332, ...,  0.        ,
         -0.03628198, -0.2105102 ],
        [ 0.99959984,  0.84407147,  0.74406353, ...,  0.03628198,
          0.        , -0.17490263],
        [ 0.98913921,  0.92484888,  0.84944834, ...,  0.2105102 ,
          0.17490263,  0.        ]],

       [[ 0.        ,  0.44334488,  0.77123622, ...,  0.14705213,
         -0.20506496, -0.00939718],
        [-0.44334488,  0.        ,  0.40908768, ..., -0.30671483,
         -0.61773328, -0.45174848],
        [-0.77123622, -0.40908768,  0.        , ..., -0.66924602,
         -0.88538009, -0.77718393],
        ...,
        [-0.14705213,  0.30671483,  0.66924602, ...,  0.        ,
         -0.34676267, -0.15634065],
        [ 0.20506496,  0.61773328,  0.88538009, ...,  0.34676267,
          0.        ,  0.19585843],
        [ 0.00939718,  0.45174848,  0.77718393, ...,  0.15634065,
         -0.19585843,  0.        ]],

       [[ 0.        , -0.47140131, -0.74754902, ..., -0.28201637,
         -0.37703438, -0.34860597],
        [ 0.47140131,  0.        , -0.34616967, ..., -0.70098248,
         -0.76912527, -0.74927218],
        [ 0.74754902,  0.34616967,  0.        , ..., -0.90452284,
         -0.94280809, -0.9322012 ],
        ...,
        [ 0.28201637,  0.70098248,  0.90452284, ...,  0.        ,
          0.10052706,  0.07013061],
        [ 0.37703438,  0.76912527,  0.94280809, ..., -0.10052706,
          0.        , -0.03050419],
        [ 0.34860597,  0.74927218,  0.9322012 , ..., -0.07013061,
          0.03050419,  0.        ]],

       ...,

       [[ 0.        , -0.26552649, -0.48242725, ..., -0.18661131,
         -0.12961919, -0.31218547],
        [ 0.26552649,  0.        , -0.23252561, ...,  0.08094957,
          0.13832014, -0.04872334],
        [ 0.48242725,  0.23252561,  0.        , ...,  0.31049328,
          0.3648193 ,  0.18486159],
        ...,
        [ 0.18661131, -0.08094957, -0.31049328, ...,  0.        ,
          0.05769475, -0.12941687],
        [ 0.12961919, -0.13832014, -0.3648193 , ..., -0.05769475,
          0.        , -0.18641086],
        [ 0.31218547,  0.04872334, -0.18486159, ...,  0.12941687,
          0.18641086,  0.        ]],

       [[ 0.        ,  0.06348431,  0.16815323, ..., -0.98799186,
         -0.98274508, -0.97021066],
        [-0.06348431,  0.        ,  0.10523369, ..., -0.97619022,
         -0.96902034, -0.9528737 ],
        [-0.16815323, -0.10523369,  0.        , ..., -0.94794305,
         -0.93764915, -0.91565843],
        ...,
        [ 0.98799186,  0.97619022,  0.94794305, ...,  0.        ,
         -0.03090413, -0.08945039],
        [ 0.98274508,  0.96902034,  0.93764915, ...,  0.03090413,
          0.        , -0.05862742],
        [ 0.97021066,  0.9528737 ,  0.91565843, ...,  0.08945039,
          0.05862742,  0.        ]],

       [[ 0.        , -0.56591107, -0.77214592, ..., -0.38631544,
         -0.29198439, -0.        ],
        [ 0.56591107,  0.        , -0.27700277, ..., -0.8404816 ,
         -0.7819817 , -0.56591107],
        [ 0.77214592,  0.27700277,  0.        , ..., -0.95768402,
         -0.92403828, -0.77214592],
        ...,
        [ 0.38631544,  0.8404816 ,  0.95768402, ...,  0.        ,
         -0.10016432, -0.38631544],
        [ 0.29198439,  0.7819817 ,  0.92403828, ...,  0.10016432,
          0.        , -0.29198439],
        [ 0.        ,  0.56591107,  0.77214592, ...,  0.38631544,
          0.29198439,  0.        ]]]), 'num': array([ 7.13702152e-01,  7.00446124e-01,  4.30390532e-07,  4.27613819e-04,
        4.37332315e-04,  4.26225462e-04,  1.70844216e-03, -3.47089139e-06,
        4.31084710e-04,  4.45697163e-04,  4.53298415e-04,  6.01621174e-07,
        4.87857222e-04,  4.03537104e-04])}
{'img': array([[[ 0.        , -0.16494193,  0.17901141, ..., -0.84407147,
         -0.92484888, -0.96123809],
        [ 0.16494193,  0.        ,  0.33883716, ..., -0.74406353,
         -0.84944834, -0.90259455],
        [-0.17901141, -0.33883716,  0.        , ..., -0.92642859,
         -0.97799406, -0.99506817],
        ...,
        [ 0.84407147,  0.74406353,  0.92642859, ...,  0.        ,
         -0.17490263, -0.28271826],
        [ 0.92484888,  0.84944834,  0.97799406, ...,  0.17490263,
          0.        , -0.11059324],
        [ 0.96123809,  0.90259455,  0.99506817, ...,  0.28271826,
          0.11059324,  0.        ]],

       [[ 0.        ,  0.40908768, -0.38469459, ..., -0.61773328,
         -0.45174848, -0.4450926 ],
        [-0.40908768,  0.        , -0.72863781, ..., -0.88538009,
         -0.77718393, -0.77247651],
        [ 0.38469459,  0.72863781,  0.        , ..., -0.26767586,
         -0.0737802 , -0.06635196],
        ...,
        [ 0.61773328,  0.88538009,  0.26767586, ...,  0.        ,
          0.19585843,  0.20315526],
        [ 0.45174848,  0.77718393,  0.0737802 , ..., -0.19585843,
          0.        ,  0.00744649],
        [ 0.4450926 ,  0.77247651,  0.06635196, ..., -0.20315526,
         -0.00744649,  0.        ]],

       [[ 0.        , -0.63969668, -0.74182978, ..., -0.38821549,
         -0.35901099, -0.31521704],
        [ 0.63969668,  0.        , -0.14121766, ..., -0.88791747,
         -0.87299593, -0.84936916],
        [ 0.74182978,  0.14121766,  0.        , ..., -0.94397979,
         -0.933123  , -0.91539184],
        ...,
        [ 0.38821549,  0.88791747,  0.94397979, ...,  0.        ,
         -0.03148119, -0.07792997],
        [ 0.35901099,  0.87299593,  0.933123  , ...,  0.03148119,
          0.        , -0.04650589],
        [ 0.31521704,  0.84936916,  0.91539184, ...,  0.07792997,
          0.04650589,  0.        ]],

       ...,

       [[ 0.        , -0.23252561, -0.41932689, ...,  0.13832014,
         -0.04872334,  0.27250544],
        [ 0.23252561,  0.        , -0.19673829, ...,  0.3648193 ,
          0.18486159,  0.48876164],
        [ 0.41932689,  0.19673829,  0.        , ...,  0.54086805,
          0.37459609,  0.65084721],
        ...,
        [-0.13832014, -0.3648193 , -0.54086805, ...,  0.        ,
         -0.18641086,  0.13680069],
        [ 0.04872334, -0.18486159, -0.37459609, ...,  0.18641086,
          0.        ,  0.31906116],
        [-0.27250544, -0.48876164, -0.65084721, ..., -0.13680069,
         -0.31906116,  0.        ]],

       [[ 0.        ,  0.10523369,  0.09296721, ..., -0.96902034,
         -0.9528737 , -0.90877575],
        [-0.10523369,  0.        , -0.01232693, ..., -0.93764915,
         -0.91565843, -0.85981737],
        [-0.09296721,  0.01232693,  0.        , ..., -0.94186255,
         -0.92054376, -0.86604619],
        ...,
        [ 0.96902034,  0.93764915,  0.94186255, ...,  0.        ,
         -0.05862742, -0.1799072 ],
        [ 0.9528737 ,  0.91565843,  0.92054376, ...,  0.05862742,
          0.        , -0.12192692],
        [ 0.90877575,  0.85981737,  0.86604619, ...,  0.1799072 ,
          0.12192692,  0.        ]],

       [[ 0.        , -0.60538519, -0.72469808, ..., -0.38563698,
         -0.24431352, -0.        ],
        [ 0.60538519,  0.        , -0.15966018, ..., -0.86550007,
         -0.78149688, -0.60538519],
        [ 0.72469808,  0.15966018,  0.        , ..., -0.93437265,
         -0.87108532, -0.72469808],
        ...,
        [ 0.38563698,  0.86550007,  0.93437265, ...,  0.        ,
         -0.14853473, -0.38563698],
        [ 0.24431352,  0.78149688,  0.87108532, ...,  0.14853473,
          0.        , -0.24431352],
        [ 0.        ,  0.60538519,  0.72469808, ...,  0.38563698,
          0.24431352,  0.        ]]]), 'num': array([ 7.12352467e-01,  7.01818800e-01,  3.46502204e-07,  4.21346680e-04,
        4.26890715e-04,  4.19267667e-04,  1.68075745e-03, -5.54403526e-06,
        4.30632939e-04,  4.40750803e-04,  4.51561672e-04,  5.59734329e-07,
        4.73710431e-04,  4.07791176e-04])}
{'img': array([[[ 0.        ,  0.33883716,  0.13130538, ..., -0.84944834,
         -0.90259455, -0.97398611],
        [-0.33883716,  0.        , -0.21236549, ..., -0.97799406,
         -0.99506817, -0.99315311],
        [-0.13130538,  0.21236549,  0.        , ..., -0.91137993,
         -0.95130572, -0.99530812],
        ...,
        [ 0.84944834,  0.97799406,  0.91137993, ...,  0.        ,
         -0.11059324, -0.32145345],
        [ 0.90259455,  0.99506817,  0.95130572, ...,  0.11059324,
          0.        , -0.21475803],
        [ 0.97398611,  0.99315311,  0.99530812, ...,  0.32145345,
          0.21475803,  0.        ]],

       [[ 0.        , -0.72863781, -0.81450062, ..., -0.77718393,
         -0.77247651, -0.77862382],
        [ 0.72863781,  0.        , -0.13512236, ..., -0.0737802 ,
         -0.06635196, -0.07606517],
        [ 0.81450062,  0.13512236,  0.        , ...,  0.06165053,
          0.06908115,  0.05936332],
        ...,
        [ 0.77718393,  0.0737802 , -0.06165053, ...,  0.        ,
          0.00744649, -0.00229141],
        [ 0.77247651,  0.06635196, -0.06908115, ..., -0.00744649,
          0.        , -0.00973781],
        [ 0.77862382,  0.07606517, -0.05936332, ...,  0.00229141,
          0.00973781,  0.        ]],

       [[ 0.        , -0.45764451, -0.67440766, ..., -0.38091036,
         -0.33462793, -0.35862646],
        [ 0.45764451,  0.        , -0.26173359, ..., -0.76182442,
         -0.72879095, -0.74606995],
        [ 0.67440766,  0.26173359,  0.        , ..., -0.90481406,
         -0.88260389, -0.89434198],
        ...,
        [ 0.38091036,  0.76182442,  0.90481406, ...,  0.        ,
         -0.04955001, -0.02398232],
        [ 0.33462793,  0.72879095,  0.88260389, ...,  0.04955001,
          0.        ,  0.0255829 ],
        [ 0.35862646,  0.74606995,  0.89434198, ...,  0.02398232,
         -0.0255829 ,  0.        ]],

       ...,

       [[ 0.        , -0.19673829, -0.32046783, ...,  0.18486159,
          0.48876164,  0.39501615],
        [ 0.19673829,  0.        , -0.12784242, ...,  0.37459609,
          0.65084721,  0.56803436],
        [ 0.32046783,  0.12784242,  0.        , ...,  0.49005631,
          0.74256576,  0.66858828],
        ...,
        [-0.18486159, -0.37459609, -0.49005631, ...,  0.        ,
          0.31906116,  0.2183803 ],
        [-0.48876164, -0.65084721, -0.74256576, ..., -0.31906116,
          0.        , -0.10439375],
        [-0.39501615, -0.56803436, -0.66858828, ..., -0.2183803 ,
          0.10439375,  0.        ]],

       [[ 0.        , -0.01213523,  0.05293133, ..., -0.93946782,
         -0.89639574, -0.35771186],
        [ 0.01213523,  0.        ,  0.06504565, ..., -0.94355662,
         -0.90170873, -0.36901778],
        [-0.05293133, -0.06504565,  0.        , ..., -0.92001459,
         -0.87167707, -0.30778143],
        ...,
        [ 0.93946782,  0.94355662,  0.92001459, ...,  0.        ,
         -0.10928501, -0.75473976],
        [ 0.89639574,  0.90170873,  0.87167707, ...,  0.10928501,
          0.        , -0.67852559],
        [ 0.35771186,  0.36901778,  0.30778143, ...,  0.75473976,
          0.67852559,  0.        ]],

       [[ 0.        , -0.47313309, -0.66008865, ..., -0.25759506,
         -0.        , -0.52554216],
        [ 0.47313309,  0.        , -0.22612037, ..., -0.68410517,
         -0.47313309, -0.86552418],
        [ 0.66008865,  0.22612037,  0.        , ..., -0.83131486,
         -0.66008865, -0.95636282],
        ...,
        [ 0.25759506,  0.68410517,  0.83131486, ...,  0.        ,
         -0.25759506,  0.28865314],
        [ 0.        ,  0.47313309,  0.66008865, ...,  0.25759506,
          0.        ,  0.52554216],
        [ 0.52554216,  0.86552418,  0.95636282, ..., -0.28865314,
         -0.52554216,  0.        ]]]), 'num': array([7.09630970e-01, 7.04569387e-01, 1.65681925e-07, 4.21798568e-04,
       4.25940616e-04, 4.10062765e-04, 2.09318402e-03, 2.07102407e-06,
       4.26078684e-04, 4.36537356e-04, 4.49009523e-04, 6.07500392e-07,
       4.66413349e-04, 4.06661363e-04])}
{'img': array([[[ 0.        , -0.21236549, -0.4270155 , ..., -0.99506817,
         -0.99315311, -0.99961411],
        [ 0.21236549,  0.        , -0.22524512, ..., -0.95130572,
         -0.99530812, -0.98271236],
        [ 0.4270155 ,  0.22524512,  0.        , ..., -0.85742762,
         -0.94793697, -0.9157571 ],
        ...,
        [ 0.99506817,  0.95130572,  0.85742762, ...,  0.        ,
         -0.21475803, -0.12679635],
        [ 0.99315311,  0.99530812,  0.94793697, ...,  0.21475803,
          0.        ,  0.08918682],
        [ 0.99961411,  0.98271236,  0.9157571 , ...,  0.12679635,
         -0.08918682,  0.        ]],

       [[ 0.        , -0.13512236, -0.2352563 , ..., -0.06635196,
         -0.07606517,  0.07592259],
