state_0,state_1,state_2,state_3,state_4,state_5,state_6,state_7,state_8,state_9,state_10,state_11,state_12,state_13,state_14,state_15,state_16,state_17,state_18,state_19,state_20,state_21,state_22,state_23,state_24,state_25,state_26,state_27,state_28,state_29,state_30,state_31,state_32,state_33,state_34,state_35,state_36,state_37,state_38,state_39,state_40,state_41,state_42,state_43,state_44,state_45,state_46,state_47,state_48,state_49,state_50,state_51,state_52,state_53,state_54,state_55,state_56,state_57,state_58,state_59,state_60,state_61,state_62,state_63,state_64,state_65,state_66,state_67,state_68,state_69,state_70,state_71,state_72,state_73,state_74,state_75,state_76,state_77,state_78,state_79,state_80,state_81,state_82,state_83,state_84,state_85,state_86,state_87,state_88,state_89,state_90,state_91,state_92,state_93,state_94,state_95,state_96,state_97,state_98,state_99,state_100,state_101,state_102,state_103,state_104,state_105,state_106,state_107,state_108,state_109,state_110,state_111,state_112,state_113,state_114,state_115,state_116,state_117,state_118,state_119,state_120,state_121,state_122,state_123,state_124,state_125,state_126,state_127,state_128,state_129,state_130,state_131,state_132,state_133,state_134,state_135,state_136,state_137,state_138,state_139,state_140,state_141,state_142,state_143,state_144,state_145,state_146,state_147,state_148,state_149,state_150,state_151,state_152,state_153,state_154,state_155,state_156,state_157,state_158,state_159,state_160,state_161,state_162,state_163,state_164,state_165,state_166,state_167,state_168,state_169,state_170,state_171,state_172,state_173,state_174,state_175,state_176,state_177,state_178,state_179,state_180,state_181,state_182,state_183,state_184,state_185,state_186,state_187,state_188,state_189,state_190,state_191,state_192,state_193,state_194,state_195,state_196,state_197,state_198,state_199,state_200,state_201,state_202,state_203,state_204,state_205,state_206,state_207,state_208,state_209,state_210,state_211,state_212,state_213,state_214,state_215,state_216,state_217,state_218,state_219,state_220,state_221,state_222,state_223,state_224,state_225,state_226,state_227,state_228,state_229,state_230,state_231,state_232,state_233,state_234,state_235,state_236,state_237,state_238,state_239,state_240,state_241,state_242,state_243,state_244,state_245,state_246,state_247,state_248,state_249,state_250,state_251,state_252,state_253,state_254,state_255,state_256,state_257,state_258,state_259,state_260,state_261,state_262,state_263,state_264,state_265,state_266,state_267,state_268,state_269,state_270,state_271,state_272,state_273,state_274,state_275,state_276,state_277,state_278,state_279,state_280,state_281,state_282,state_283,state_284,state_285,state_286,state_287
{'img': array([[[ 0.        , -0.38622118, -0.38622118, ..., -0.41666133,
          0.96929479,  0.76760463],
        [ 0.38622118,  0.        ,  0.        , ..., -0.03323207,
          0.98905594,  0.95558156],
        [ 0.38622118,  0.        ,  0.        , ..., -0.03323207,
          0.98905594,  0.95558156],
        ...,
        [ 0.41666133,  0.03323207,  0.03323207, ...,  0.        ,
          0.98360656,  0.96484814],
        [-0.96929479, -0.98905594, -0.98905594, ..., -0.98360656,
          0.        , -0.43248872],
        [-0.76760463, -0.95558156, -0.95558156, ..., -0.96484814,
          0.43248872,  0.        ]],

       [[ 0.        ,  0.39441089,  0.35264494, ...,  0.5365001 ,
          0.99426857,  0.5976526 ],
        [-0.39441089,  0.        , -0.04501534, ...,  0.16016483,
          0.87150045,  0.23298243],
        [-0.35264494,  0.04501534,  0.        , ...,  0.20443667,
          0.89269229,  0.27652282],
        ...,
        [-0.5365001 , -0.16016483, -0.20443667, ...,  0.        ,
          0.78170564,  0.07421745],
        [-0.99426857, -0.87150045, -0.89269229, ..., -0.78170564,
          0.        , -0.73326422],
        [-0.5976526 , -0.23298243, -0.27652282, ..., -0.07421745,
          0.73326422,  0.        ]],

       [[ 0.        , -0.09881389, -0.15887154, ...,  0.01259935,
          0.23643429,  0.48492492],
        [ 0.09881389,  0.        , -0.06053513, ...,  0.11134373,
          0.33128943,  0.56896992],
        [ 0.15887154,  0.06053513,  0.        , ...,  0.17129826,
          0.38779853,  0.61770804],
        ...,
        [-0.01259935, -0.11134373, -0.17129826, ...,  0.        ,
          0.2241734 ,  0.47386759],
        [-0.23643429, -0.33128943, -0.38779853, ..., -0.2241734 ,
          0.        ,  0.2644011 ],
        [-0.48492492, -0.56896992, -0.61770804, ..., -0.47386759,
         -0.2644011 ,  0.        ]],

       ...,

       [[ 0.        ,  0.12357596, -0.01963976, ...,  0.53053307,
          0.96045937,  0.71098328],
        [-0.12357596,  0.        , -0.14304135, ...,  0.42171567,
          0.91869152,  0.61863395],
        [ 0.01963976,  0.14304135,  0.        , ...,  0.54707866,
          0.96574222,  0.724657  ],
        ...,
        [-0.53053307, -0.42171567, -0.54707866, ...,  0.        ,
          0.66643595,  0.22959951],
        [-0.96045937, -0.91869152, -0.96574222, ..., -0.66643595,
          0.        , -0.47745151],
        [-0.71098328, -0.61863395, -0.724657  , ..., -0.22959951,
          0.47745151,  0.        ]],

       [[ 0.        , -0.2701409 , -0.31241954, ...,  0.21023999,
          0.59480063,  0.97864936],
        [ 0.2701409 ,  0.        , -0.04418524, ...,  0.46652663,
          0.78984546,  0.99778789],
        [ 0.31241954,  0.04418524,  0.        , ...,  0.50515317,
          0.81617313,  0.99387606],
        ...,
        [-0.21023999, -0.46652663, -0.50515317, ...,  0.        ,
          0.41250041,  0.91356428],
        [-0.59480063, -0.78984546, -0.81617313, ..., -0.41250041,
          0.        ,  0.66445656],
        [-0.97864936, -0.99778789, -0.99387606, ..., -0.91356428,
         -0.66445656,  0.        ]],

       [[ 0.        ,  0.99026029,  0.99589644, ...,  0.7080412 ,
          0.44260791,  0.49454579],
        [-0.99026029,  0.        ,  0.22827589, ..., -0.60071375,
         -0.82635789, -0.79183145],
        [-0.99589644, -0.22827589,  0.        , ..., -0.76735119,
         -0.93309163, -0.91034146],
        ...,
        [-0.7080412 ,  0.60071375,  0.76735119, ...,  0.        ,
         -0.32235441, -0.26616117],
        [-0.44260791,  0.82635789,  0.93309163, ...,  0.32235441,
          0.        ,  0.05877339],
        [-0.49454579,  0.79183145,  0.91034146, ...,  0.26616117,
         -0.05877339,  0.        ]]]), 'num': array([ 7.16543617e-01,  6.96834596e-01,  6.98901457e-08,  9.85451055e-03,
        9.87198309e-03,  9.64484011e-03,  1.57080898e-02, -1.74725364e-05,
        9.68327969e-03,  9.47797739e-03,  9.40925208e-03,  2.09670437e-06,
        1.00522340e-02,  8.90372074e-03])}
{'img': array([[[ 0.        ,  0.        ,  0.03306809, ...,  0.98905594,
          0.95558156,  0.93238697],
        [ 0.        ,  0.        ,  0.03306809, ...,  0.98905594,
          0.95558156,  0.93238697],
        [-0.03306809, -0.03306809,  0.        , ...,  0.99339393,
          0.9453129 ,  0.9199242 ],
        ...,
        [-0.98905594, -0.98905594, -0.99339393, ...,  0.        ,
         -0.43248872, -0.49507111],
        [-0.95558156, -0.95558156, -0.9453129 , ...,  0.43248872,
          0.        , -0.0706067 ],
        [-0.93238697, -0.93238697, -0.9199242 , ...,  0.49507111,
          0.0706067 ,  0.        ]],

       [[ 0.        , -0.04501534, -0.1377463 , ...,  0.87150045,
          0.23298243, -0.1498426 ],
        [ 0.04501534,  0.        , -0.09302043, ...,  0.89269229,
          0.27652282, -0.1051836 ],
        [ 0.1377463 ,  0.09302043,  0.        , ...,  0.93074296,
          0.36471719, -0.01222311],
        ...,
        [-0.87150045, -0.89269229, -0.93074296, ...,  0.        ,
         -0.73326422, -0.93514311],
        [-0.23298243, -0.27652282, -0.36471719, ...,  0.73326422,
          0.        , -0.37607111],
        [ 0.1498426 ,  0.1051836 ,  0.01222311, ...,  0.93514311,
          0.37607111,  0.        ]],

       [[ 0.        , -0.06053513, -0.21379541, ...,  0.33128943,
          0.56896992,  0.83050734],
        [ 0.06053513,  0.        , -0.15426786, ...,  0.38779853,
          0.61770804,  0.86270278],
        [ 0.21379541,  0.15426786,  0.        , ...,  0.52535172,
          0.7316309 ,  0.93039042],
        ...,
        [-0.33128943, -0.38779853, -0.52535172, ...,  0.        ,
          0.2644011 ,  0.59907715],
        [-0.56896992, -0.61770804, -0.7316309 , ..., -0.2644011 ,
          0.        ,  0.36605401],
        [-0.83050734, -0.86270278, -0.93039042, ..., -0.59907715,
         -0.36605401,  0.        ]],

       ...,

       [[ 0.        , -0.14304135, -0.45083212, ...,  0.91869152,
          0.61863395,  0.37252182],
        [ 0.14304135,  0.        , -0.31851612, ...,  0.96574222,
          0.724657  ,  0.50143679],
        [ 0.45083212,  0.31851612,  0.        , ...,  0.99809988,
          0.90640757,  0.75089901],
        ...,
        [-0.91869152, -0.96574222, -0.99809988, ...,  0.        ,
         -0.47745151, -0.70543015],
        [-0.61863395, -0.724657  , -0.90640757, ...,  0.47745151,
          0.        , -0.28142411],
        [-0.37252182, -0.50143679, -0.75089901, ...,  0.70543015,
          0.28142411,  0.        ]],

       [[ 0.        , -0.04060204, -0.36144292, ...,  0.70381068,
          0.89544406,  0.98843932],
        [ 0.04060204,  0.        , -0.32328776, ...,  0.73207351,
          0.91278065,  0.98146829],
        [ 0.36144292,  0.32328776,  0.        , ...,  0.91299359,
          0.99581189,  0.86681424],
        ...,
        [-0.70381068, -0.73207351, -0.91299359, ...,  0.        ,
          0.32279408,  0.80888468],
        [-0.89544406, -0.91278065, -0.99581189, ..., -0.32279408,
          0.        ,  0.57579208],
        [-0.98843932, -0.98146829, -0.86681424, ..., -0.80888468,
         -0.57579208,  0.        ]],

       [[ 0.        ,  0.24123097,  0.97953691, ..., -0.97953691,
         -0.90289597, -0.72799202],
        [-0.24123097,  0.        ,  0.99916022, ..., -0.99916022,
         -0.97992674, -0.87187725],
        [-0.97953691, -0.99916022,  0.        , ..., -0.        ,
         -0.23934187, -0.52503737],
        ...,
        [ 0.97953691,  0.99916022,  0.        , ...,  0.        ,
          0.23934187,  0.52503737],
        [ 0.90289597,  0.97992674,  0.23934187, ..., -0.23934187,
          0.        ,  0.30607847],
        [ 0.72799202,  0.87187725,  0.52503737, ..., -0.52503737,
         -0.30607847,  0.        ]]]), 'num': array([7.07085927e-01, 7.07085927e-01, 0.00000000e+00, 2.20335100e-03,
       2.23820189e-03, 2.17237243e-03, 4.68655468e-03, 1.93616081e-05,
       2.16695118e-03, 2.10944720e-03, 2.08763312e-03, 4.80287952e-07,
       2.23929129e-03, 1.97960311e-03])}
{'img': array([[[ 0.        ,  0.03259916, -0.13217803, ...,  0.93881258,
          0.91556375,  0.986907  ],
        [-0.03259916,  0.        , -0.16442091, ...,  0.92708553,
          0.90196663,  0.9916404 ],
        [ 0.13217803,  0.16442091,  0.        , ...,  0.9761013 ,
          0.960689  ,  0.95692884],
        ...,
        [-0.93881258, -0.92708553, -0.9761013 , ...,  0.        ,
         -0.06221879,  0.4913402 ],
        [-0.91556375, -0.90196663, -0.960689  , ...,  0.06221879,
          0.        ,  0.54457881],
        [-0.986907  , -0.9916404 , -0.95692884, ..., -0.4913402 ,
         -0.54457881,  0.        ]],

       [[ 0.        , -0.09302043, -0.30250298, ...,  0.27652282,
         -0.1051836 ,  0.14438643],
        [ 0.09302043,  0.        , -0.21252911, ...,  0.36471719,
         -0.01222311,  0.2358061 ],
        [ 0.30250298,  0.21252911,  0.        , ...,  0.55427488,
          0.20056936,  0.43695486],
        ...,
        [-0.27652282, -0.36471719, -0.55427488, ...,  0.        ,
         -0.37607111, -0.13486882],
        [ 0.1051836 ,  0.01222311, -0.20056936, ...,  0.37607111,
          0.        ,  0.24766691],
        [-0.14438643, -0.2358061 , -0.43695486, ...,  0.13486882,
         -0.24766691,  0.        ]],

       [[ 0.        , -0.13583978, -0.34307105, ...,  0.50976615,
          0.68364782,  0.99888922],
        [ 0.13583978,  0.        , -0.21229548, ...,  0.62190576,
          0.77644847,  0.99603116],
        [ 0.34307105,  0.21229548,  0.        , ...,  0.77397665,
          0.89253426,  0.95443174],
        ...,
        [-0.50976615, -0.62190576, -0.77397665, ...,  0.        ,
          0.21611762,  0.83533699],
        [-0.68364782, -0.77644847, -0.89253426, ..., -0.21611762,
          0.        ,  0.69678763],
        [-0.99888922, -0.99603116, -0.95443174, ..., -0.83533699,
         -0.69678763,  0.        ]],

       ...,

       [[ 0.        , -0.31851612, -0.40085181, ...,  0.724657  ,
          0.50143679,  0.63964313],
        [ 0.31851612,  0.        , -0.08816814, ...,  0.90640757,
          0.75089901,  0.85116331],
        [ 0.40085181,  0.08816814,  0.        , ...,  0.94012026,
          0.80620246,  0.89412808],
        ...,
        [-0.724657  , -0.90640757, -0.94012026, ...,  0.        ,
         -0.28142411, -0.11623924],
        [-0.50143679, -0.75089901, -0.80620246, ...,  0.28142411,
          0.        ,  0.16797514],
        [-0.63964313, -0.85116331, -0.89412808, ...,  0.11623924,
         -0.16797514,  0.        ]],

       [[ 0.        , -0.30268767, -0.28878183, ...,  0.83134237,
          0.94275953,  0.96457206],
        [ 0.30268767,  0.        ,  0.01455662, ...,  0.96056582,
          0.99947276,  0.83946888],
        [ 0.28878183, -0.01455662,  0.        , ...,  0.95641654,
          0.99889424,  0.84729011],
        ...,
        [-0.83134237, -0.96056582, -0.95641654, ...,  0.        ,
          0.24671809,  0.75539552],
        [-0.94275953, -0.99947276, -0.99889424, ..., -0.24671809,
          0.        ,  0.57037745],
        [-0.96457206, -0.83946888, -0.84729011, ..., -0.75539552,
         -0.57037745,  0.        ]],

       [[ 0.        ,  0.99916022,  0.90669204, ..., -0.97992674,
         -0.87187725, -0.67399975],
        [-0.99916022,  0.        , -0.38428838, ..., -0.23934187,
         -0.52503737, -0.76572755],
        [-0.90669204,  0.38428838,  0.        , ..., -0.59408273,
         -0.81178122, -0.95409058],
        ...,
        [ 0.97992674,  0.23934187,  0.59408273, ...,  0.        ,
          0.30607847,  0.58953562],
        [ 0.87187725,  0.52503737,  0.81178122, ..., -0.30607847,
          0.        ,  0.31400907],
        [ 0.67399975,  0.76572755,  0.95409058, ..., -0.58953562,
         -0.31400907,  0.        ]]]), 'num': array([7.07062631e-01, 7.07062631e-01, 0.00000000e+00, 2.28072229e-03,
       2.30008326e-03, 2.18778963e-03, 9.31530621e-03, 7.74438807e-05,
       2.21102279e-03, 2.12215594e-03, 2.09117839e-03, 5.10914491e-07,
       2.26588634e-03, 1.97842554e-03])}
{'img': array([[[ 0.        , -0.1329762 ,  0.10190844, ...,  0.68117762,
          0.77468205,  0.93989507],
        [ 0.1329762 ,  0.        ,  0.23328732, ...,  0.77248253,
          0.8518899 ,  0.88614157],
        [-0.10190844, -0.23328732,  0.        , ...,  0.60302223,
          0.70620699,  0.96979977],
        ...,
        [-0.68117762, -0.77248253, -0.60302223, ...,  0.        ,
          0.13641551,  0.92071152],
        [-0.77468205, -0.8518899 , -0.70620699, ..., -0.13641551,
          0.        ,  0.85886912],
        [-0.93989507, -0.88614157, -0.96979977, ..., -0.92071152,
         -0.85886912,  0.        ]],

       [[ 0.        , -0.21252911,  0.14688071, ..., -0.01222311,
          0.2358061 ,  0.84229911],
        [ 0.21252911,  0.        ,  0.35374924, ...,  0.20056936,
          0.43695486,  0.93761196],
        [-0.14688071, -0.35374924,  0.        , ..., -0.15896028,
          0.09050991,  0.75399348],
        ...,
        [ 0.01222311, -0.20056936,  0.15896028, ...,  0.        ,
          0.24766691,  0.84882457],
        [-0.2358061 , -0.43695486, -0.09050991, ..., -0.24766691,
          0.        ,  0.69144443],
        [-0.84229911, -0.93761196, -0.75399348, ..., -0.84882457,
         -0.69144443,  0.        ]],

       [[ 0.        , -0.1737434 , -0.23704496, ...,  0.59032138,
          0.76678835,  0.95444494],
        [ 0.1737434 ,  0.        , -0.06464825, ...,  0.72158332,
          0.86665212,  0.88808596],
        [ 0.23704496,  0.06464825,  0.        , ...,  0.76483162,
          0.89709303,  0.85651084],
        ...,
        [-0.59032138, -0.72158332, -0.76483162, ...,  0.        ,
          0.23999995,  0.94654198],
        [-0.76678835, -0.86665212, -0.89709303, ..., -0.23999995,
          0.        ,  0.84145797],
        [-0.95444494, -0.88808596, -0.85651084, ..., -0.94654198,
         -0.84145797,  0.        ]],

       ...,

       [[ 0.        , -0.08699602,  0.04837885, ...,  0.73664942,
          0.83430981,  0.99714509],
        [ 0.08699602,  0.        ,  0.13508958, ...,  0.79268975,
          0.8791072 ,  0.98679556],
        [-0.04837885, -0.13508958,  0.        , ...,  0.70306946,
          0.80666182,  0.99963055],
        ...,
        [-0.73664942, -0.79268975, -0.70306946, ...,  0.        ,
          0.15811092,  0.72996805],
        [-0.83430981, -0.8791072 , -0.80666182, ..., -0.15811092,
          0.        ,  0.61272019],
        [-0.99714509, -0.98679556, -0.99963055, ..., -0.72996805,
         -0.61272019,  0.        ]],

       [[ 0.        ,  0.01291758, -0.09473882, ...,  0.93366082,
          0.98318065,  0.78313431],
        [-0.01291758,  0.        , -0.10759039, ...,  0.92895638,
          0.98073941,  0.7911018 ],
        [ 0.09473882,  0.10759039,  0.        , ...,  0.96339287,
          0.99606116,  0.72069832],
        ...,
        [-0.93366082, -0.92895638, -0.96339287, ...,  0.        ,
          0.18161464,  0.86108558],
        [-0.98318065, -0.98073941, -0.99606116, ..., -0.18161464,
          0.        ,  0.75442175],
        [-0.78313431, -0.7911018 , -0.72069832, ..., -0.86108558,
         -0.75442175,  0.        ]],

       [[ 0.        , -0.38428838, -0.20617547, ..., -0.52503737,
         -0.76572755, -0.73349309],
        [ 0.38428838,  0.        ,  0.18568806, ..., -0.81178122,
         -0.95409058, -0.93837006],
        [ 0.20617547, -0.18568806,  0.        , ..., -0.68922861,
         -0.88188079, -0.85787085],
        ...,
        [ 0.52503737,  0.81178122,  0.68922861, ...,  0.        ,
          0.31400907,  0.26739441],
        [ 0.76572755,  0.95409058,  0.88188079, ..., -0.31400907,
          0.        , -0.04870551],
        [ 0.73349309,  0.93837006,  0.85787085, ..., -0.26739441,
          0.04870551,  0.        ]]]), 'num': array([ 7.07080302e-01,  7.07080302e-01,  0.00000000e+00,  2.25367325e-03,
        2.32724678e-03,  2.24980096e-03,  6.02314700e-03, -2.71060357e-05,
        2.22192047e-03,  2.13673007e-03,  2.09432849e-03,  5.25525182e-07,
        2.27170815e-03,  2.00175199e-03])}
{'img': array([[[ 0.00000000e+00,  2.33287318e-01, -1.73032830e-01, ...,
          8.51889905e-01,  8.86141567e-01,  9.93828695e-01],
        [-2.33287318e-01,  0.00000000e+00, -3.98026907e-01, ...,
          7.06206985e-01,  9.69799773e-01,  9.40529250e-01],
        [ 1.73032830e-01,  3.98026907e-01,  0.00000000e+00, ...,
          9.29660957e-01,  7.92589113e-01,  9.98031639e-01],
        ...,
        [-8.51889905e-01, -7.06206985e-01, -9.29660957e-01, ...,
          0.00000000e+00,  8.58869115e-01,  4.25992325e-01],
        [-8.86141567e-01, -9.69799773e-01, -7.92589113e-01, ...,
         -8.58869115e-01,  0.00000000e+00, -5.58850695e-01],
        [-9.93828695e-01, -9.40529250e-01, -9.98031639e-01, ...,
         -4.25992325e-01,  5.58850695e-01,  0.00000000e+00]],

       [[ 0.00000000e+00,  3.53749241e-01,  4.36585626e-01, ...,
          4.36954861e-01,  9.37611960e-01,  6.35241614e-01],
        [-3.53749241e-01,  0.00000000e+00,  9.01011293e-02, ...,
          9.05099086e-02,  7.53993479e-01,  3.20961779e-01],
        [-4.36585626e-01, -9.01011293e-02,  0.00000000e+00, ...,
          4.10456272e-04,  6.91740901e-01,  2.34322234e-01],
        ...,
        [-4.36954861e-01, -9.05099086e-02, -4.10456272e-04, ...,
          0.00000000e+00,  6.91444433e-01,  2.33923185e-01],
        [-9.37611960e-01, -7.53993479e-01, -6.91740901e-01, ...,
         -6.91444433e-01,  0.00000000e+00, -5.03267319e-01],
        [-6.35241614e-01, -3.20961779e-01, -2.34322234e-01, ...,
         -2.33923185e-01,  5.03267319e-01,  0.00000000e+00]],

       [[ 0.00000000e+00, -6.23298536e-02, -1.55543233e-01, ...,
          8.33928273e-01,  9.99037149e-01,  8.72536114e-01],
        [ 6.23298536e-02,  0.00000000e+00, -9.36695528e-02, ...,
          8.66704940e-01,  9.94360073e-01,  8.40388332e-01],
        [ 1.55543233e-01,  9.36695528e-02,  0.00000000e+00, ...,
          9.09618689e-01,  9.80053919e-01,  7.85925965e-01],
        ...,
        [-8.33928273e-01, -8.66704940e-01, -9.09618689e-01, ...,
          0.00000000e+00,  5.87927797e-01,  8.88944326e-01],
        [-9.99037149e-01, -9.94360073e-01, -9.80053919e-01, ...,
         -5.87927797e-01,  0.00000000e+00,  4.49799080e-01],
        [-8.72536114e-01, -8.40388332e-01, -7.85925965e-01, ...,
         -8.88944326e-01, -4.49799080e-01,  0.00000000e+00]],

       ...,

       [[ 0.00000000e+00,  1.29344715e-01, -1.37686660e-01, ...,
          8.33736944e-01,  9.72158300e-01,  9.79418899e-01],
        [-1.29344715e-01,  0.00000000e+00, -2.64642865e-01, ...,
          7.55314078e-01,  9.33683159e-01,  9.97298168e-01],
        [ 1.37686660e-01,  2.64642865e-01,  0.00000000e+00, ...,
          9.01821619e-01,  9.95162743e-01,  9.42300339e-01],
        ...,
        [-8.33736944e-01, -7.55314078e-01, -9.01821619e-01, ...,
          0.00000000e+00,  3.41423255e-01,  7.09077635e-01],
        [-9.72158300e-01, -9.33683159e-01, -9.95162743e-01, ...,
         -3.41423255e-01,  0.00000000e+00,  4.25720993e-01],
        [-9.79418899e-01, -9.97298168e-01, -9.42300339e-01, ...,
         -7.09077635e-01, -4.25720993e-01,  0.00000000e+00]],

       [[ 0.00000000e+00, -1.05260062e-01, -7.87260524e-02, ...,
          9.67648596e-01,  9.56766092e-01,  7.80152116e-01],
        [ 1.05260062e-01,  0.00000000e+00,  2.66446577e-02, ...,
          9.88830349e-01,  9.20835217e-01,  7.09968531e-01],
        [ 7.87260524e-02, -2.66446577e-02,  0.00000000e+00, ...,
          9.84508018e-01,  9.30898426e-01,  7.28480528e-01],
        ...,
        [-9.67648596e-01, -9.88830349e-01, -9.84508018e-01, ...,
          0.00000000e+00,  5.22842583e-01,  8.02184929e-01],
        [-9.56766092e-01, -9.20835217e-01, -9.30898426e-01, ...,
         -5.22842583e-01,  0.00000000e+00,  3.71629322e-01],
        [-7.80152116e-01, -7.09968531e-01, -7.28480528e-01, ...,
         -8.02184929e-01, -3.71629322e-01,  0.00000000e+00]],

       [[ 0.00000000e+00,  3.29666252e-01, -4.21233310e-01, ...,
         -9.36730921e-01, -9.18444027e-01, -9.07865995e-01],
        [-3.29666252e-01,  0.00000000e+00, -6.96676900e-01, ...,
         -7.68965601e-01, -7.36700940e-01, -9.95330076e-01],
        [ 4.21233310e-01,  6.96676900e-01,  0.00000000e+00, ...,
         -9.97023104e-01, -9.99604179e-01, -6.46784692e-01],
        ...,
        [ 9.36730921e-01,  7.68965601e-01,  9.97023104e-01, ...,
          0.00000000e+00, -4.90232562e-02,  7.10532963e-01],
        [ 9.18444027e-01,  7.36700940e-01,  9.99604179e-01, ...,
          4.90232562e-02,  0.00000000e+00,  7.44174542e-01],
        [ 9.07865995e-01,  9.95330076e-01,  6.46784692e-01, ...,
         -7.10532963e-01, -7.44174542e-01,  0.00000000e+00]]]), 'num': array([7.07085246e-01, 7.07085246e-01, 0.00000000e+00, 2.26917828e-03,
       2.27692292e-03, 2.23045510e-03, 4.72298094e-03, 1.54892715e-05,
       2.23819974e-03, 2.14816835e-03, 2.09802183e-03, 5.18207247e-07,
       2.28731070e-03, 2.00902599e-03])}
{'img': array([[[ 0.        , -0.39802691, -0.18016376, ...,  0.96979977,
          0.94052925,  0.99042004],
        [ 0.39802691,  0.        ,  0.22623634, ...,  0.79258911,
          0.99803164,  0.96354786],
        [ 0.18016376, -0.22623634,  0.        , ...,  0.9099882 ,
          0.98634294,  0.99909178],
        ...,
        [-0.96979977, -0.79258911, -0.9099882 , ...,  0.        ,
         -0.55885069, -0.37548303],
        [-0.94052925, -0.99803164, -0.98634294, ...,  0.55885069,
          0.        ,  0.20658301],
        [-0.99042004, -0.96354786, -0.99909178, ...,  0.37548303,
         -0.20658301,  0.        ]],

       [[ 0.        ,  0.09010113,  0.01953979, ...,  0.75399348,
          0.32096178,  0.09733449],
        [-0.09010113,  0.        , -0.07062362, ...,  0.6917409 ,
          0.23432223,  0.00726529],
        [-0.01953979,  0.07062362,  0.        , ...,  0.74101419,
          0.30239452,  0.0778689 ],
        ...,
        [-0.75399348, -0.6917409 , -0.74101419, ...,  0.        ,
         -0.50326732, -0.68647605],
        [-0.32096178, -0.23432223, -0.30239452, ...,  0.50326732,
          0.        , -0.22725304],
        [-0.09733449, -0.00726529, -0.0778689 , ...,  0.68647605,
          0.22725304,  0.        ]],

       [[ 0.        , -0.08926406, -0.10785145, ...,  0.99450031,
          0.99807817,  0.81746961],
        [ 0.08926406,  0.        , -0.01867752, ...,  0.99987921,
          0.98856236,  0.76279269],
        [ 0.10785145,  0.01867752,  0.        , ...,  0.99999508,
          0.98557311,  0.75058194],
        ...,
        [-0.99450031, -0.99987921, -0.99999508, ...,  0.        ,
          0.16615905,  0.65842062],
        [-0.99807817, -0.98856236, -0.98557311, ..., -0.16615905,
          0.        ,  0.52420825],
        [-0.81746961, -0.76279269, -0.75058194, ..., -0.65842062,
         -0.52420825,  0.        ]],

       ...,

       [[ 0.        , -0.26464286,  0.02651987, ...,  0.93368316,
          0.99729817,  0.97212894],
        [ 0.26464286,  0.        ,  0.29012413, ...,  0.99516274,
          0.94230034,  0.99951382],
        [-0.02651987, -0.29012413,  0.        , ...,  0.923858  ,
          0.99889555,  0.96556953],
        ...,
        [-0.93368316, -0.99516274, -0.923858  , ...,  0.        ,
          0.42572099,  0.1292205 ],
        [-0.99729817, -0.94230034, -0.99889555, ..., -0.42572099,
          0.        , -0.30522595],
        [-0.97212894, -0.99951382, -0.96556953, ..., -0.1292205 ,
          0.30522595,  0.        ]],

       [[ 0.        ,  0.02524195, -0.0019789 , ...,  0.99411732,
          0.97686657,  0.68308378],
        [-0.02524195,  0.        , -0.02722018, ...,  0.99653449,
          0.9819533 ,  0.70130134],
        [ 0.0019789 ,  0.02722018,  0.        , ...,  0.99390104,
          0.97644147,  0.68163717],
        ...,
        [-0.99411732, -0.99653449, -0.99390104, ...,  0.        ,
          0.10678863,  0.65205981],
        [-0.97686657, -0.9819533 , -0.97644147, ..., -0.10678863,
          0.        ,  0.56736749],
        [-0.68308378, -0.70130134, -0.68163717, ..., -0.65205981,
         -0.56736749,  0.        ]],

       [[ 0.        , -0.6966769 , -0.5272739 , ..., -0.73670094,
         -0.99533008, -0.94130914],
        [ 0.6966769 ,  0.        ,  0.21370473, ..., -0.99960418,
         -0.64678469, -0.44012079],
        [ 0.5272739 , -0.21370473,  0.        , ..., -0.98252385,
         -0.79482962, -0.62184698],
        ...,
        [ 0.73670094,  0.99960418,  0.98252385, ...,  0.        ,
          0.74417454,  0.88520108],
        [ 0.99533008,  0.64678469,  0.79482962, ..., -0.74417454,
          0.        ,  0.24510484],
        [ 0.94130914,  0.44012079,  0.62184698, ..., -0.88520108,
         -0.24510484,  0.        ]]]), 'num': array([ 7.07089303e-01,  7.07089303e-01,  0.00000000e+00,  2.24982960e-03,
        2.28855300e-03,  2.23821258e-03,  3.26082790e-03, -1.93617005e-05,
        2.25137854e-03,  2.15805514e-03,  2.10080905e-03,  4.37742795e-07,
        2.29662000e-03,  2.01949028e-03])}
{'img': array([[[ 0.        ,  0.22623634,  0.22623634, ...,  0.99803164,
          0.96354786,  0.99979139],
        [-0.22623634,  0.        ,  0.        , ...,  0.98634294,
          0.99909178,  0.97849012],
        [-0.22623634,  0.        ,  0.        , ...,  0.98634294,
          0.99909178,  0.97849012],
        ...,
        [-0.99803164, -0.98634294, -0.98634294, ...,  0.        ,
          0.20658301, -0.04231452],
        [-0.96354786, -0.99909178, -0.99909178, ..., -0.20658301,
          0.        , -0.24779974],
        [-0.99979139, -0.97849012, -0.97849012, ...,  0.04231452,
          0.24779974,  0.        ]],

       [[ 0.        , -0.07062362, -0.18117838, ...,  0.23432223,
          0.00726529, -0.29833838],
        [ 0.07062362,  0.        , -0.11127118, ...,  0.30239452,
          0.0778689 , -0.23018601],
        [ 0.18117838,  0.11127118,  0.        , ...,  0.40657845,
          0.18831865, -0.1204734 ],
        ...,
        [-0.23432223, -0.30239452, -0.40657845, ...,  0.        ,
         -0.22725304, -0.51368357],
        [-0.00726529, -0.0778689 , -0.18831865, ...,  0.22725304,
          0.        , -0.30526493],
        [ 0.29833838,  0.23018601,  0.1204734 , ...,  0.51368357,
          0.30526493,  0.        ]],

       [[ 0.        , -0.018034  , -0.04565397, ...,  0.99999806,
          0.96915508,  0.74535599],
        [ 0.018034  ,  0.        , -0.02763134, ...,  0.99979994,
          0.96455296,  0.73321211],
        [ 0.04565397,  0.02763134,  0.        , ...,  0.99886552,
          0.95689306,  0.71414284],
        ...,
        [-0.99999806, -0.99979994, -0.99886552, ...,  0.        ,
          0.24454373,  0.66519838],
        [-0.96915508, -0.96455296, -0.95689306, ..., -0.24454373,
          0.        ,  0.46240915],
        [-0.74535599, -0.73321211, -0.71414284, ..., -0.66519838,
         -0.46240915,  0.        ]],

       ...,

       [[ 0.        ,  0.29012413,  0.59597274, ...,  0.94230034,
          0.99951382,  0.70572071],
        [-0.29012413,  0.        ,  0.33736834, ...,  0.99889555,
          0.96556953,  0.46981689],
        [-0.59597274, -0.33736834,  0.        , ...,  0.95618458,
          0.82119609,  0.14445621],
        ...,
        [-0.94230034, -0.99889555, -0.95618458, ...,  0.        ,
         -0.30522595, -0.90386369],
        [-0.99951382, -0.96556953, -0.82119609, ...,  0.30522595,
          0.        , -0.73014934],
        [-0.70572071, -0.46981689, -0.14445621, ...,  0.90386369,
          0.73014934,  0.        ]],

       [[ 0.        , -0.02642465, -0.02906444, ...,  0.99788015,
          0.93476777,  0.6863992 ],
        [ 0.02642465,  0.        , -0.0026408 , ...,  0.99581202,
          0.92505375,  0.66694285],
        [ 0.02906444,  0.0026408 ,  0.        , ...,  0.99556712,
          0.92404745,  0.66497285],
        ...,
        [-0.99788015, -0.99581202, -0.99556712, ...,  0.        ,
          0.29367305,  0.68101356],
        [-0.93476777, -0.92505375, -0.92404745, ..., -0.29367305,
          0.        ,  0.4359367 ],
        [-0.6863992 , -0.66694285, -0.66497285, ..., -0.68101356,
         -0.4359367 ,  0.        ]],

       [[ 0.        ,  0.36869569,  0.54449378, ..., -0.73120766,
         -0.52116327, -0.06163416],
        [-0.36869569,  0.        ,  0.19688528, ..., -0.93120178,
         -0.79911331, -0.42528676],
        [-0.54449378, -0.19688528,  0.        , ..., -0.98474043,
         -0.90183547, -0.59515516],
        ...,
        [ 0.73120766,  0.93120178,  0.98474043, ...,  0.        ,
          0.2685402 ,  0.68777345],
        [ 0.52116327,  0.79911331,  0.90183547, ..., -0.2685402 ,
          0.        ,  0.46757033],
        [ 0.06163416,  0.42528676,  0.59515516, ..., -0.68777345,
         -0.46757033,  0.        ]]]), 'num': array([ 7.07089334e-01,  7.07089334e-01,  0.00000000e+00,  2.23046800e-03,
        2.26531906e-03,  2.21885098e-03,  3.26989707e-03, -1.93617014e-05,
        2.25679991e-03,  2.16521907e-03,  2.10422971e-03,  4.30260031e-07,
        2.30320213e-03,  2.02723600e-03])}
{'img': array([[[ 0.        ,  0.        ,  0.70044027, ...,  0.99909178,
          0.97849012,  0.92434012],
        [ 0.        ,  0.        ,  0.70044027, ...,  0.99909178,
          0.97849012,  0.92434012],
        [-0.70044027, -0.70044027,  0.        , ...,  0.74290854,
          0.55386277,  0.39244505],
        ...,
        [-0.99909178, -0.99909178, -0.74290854, ...,  0.        ,
         -0.24779974, -0.4206091 ],
        [-0.97849012, -0.97849012, -0.55386277, ...,  0.24779974,
          0.        , -0.18267651],
        [-0.92434012, -0.92434012, -0.39244505, ...,  0.4206091 ,
          0.18267651,  0.        ]],

       [[ 0.        , -0.11127118,  0.95281085, ...,  0.0778689 ,
         -0.23018601, -0.2279956 ],
        [ 0.11127118,  0.        ,  0.98067197, ...,  0.18831865,
         -0.1204734 , -0.11823923],
        [-0.95281085, -0.98067197,  0.        , ..., -0.92627951,
         -0.99710102, -0.99692727],
        ...,
        [-0.0778689 , -0.18831865,  0.92627951, ...,  0.        ,
         -0.30526493, -0.30312131],
        [ 0.23018601,  0.1204734 ,  0.99710102, ...,  0.30526493,
          0.        ,  0.00225025],
        [ 0.2279956 ,  0.11823923,  0.99692727, ...,  0.30312131,
         -0.00225025,  0.        ]],

       [[ 0.        , -0.02725767,  0.24113921, ...,  0.98181365,
          0.89843725,  0.72637706],
        [ 0.02725767,  0.        ,  0.26750292, ...,  0.97627406,
          0.88613453,  0.70737307],
        [-0.24113921, -0.26750292,  0.        , ...,  0.99862046,
          0.97780954,  0.87067618],
        ...,
        [-0.98181365, -0.97627406, -0.99862046, ...,  0.        ,
          0.26055048,  0.53689636],
        [-0.89843725, -0.88613453, -0.97780954, ..., -0.26055048,
          0.        ,  0.29853913],
        [-0.72637706, -0.70737307, -0.87067618, ..., -0.53689636,
         -0.29853913,  0.        ]],

       ...,

       [[ 0.        ,  0.33736834,  0.58283256, ...,  0.96556953,
          0.46981689,  0.42211129],
        [-0.33736834,  0.        ,  0.27451977, ...,  0.82119609,
          0.14445621,  0.0915248 ],
        [-0.58283256, -0.27451977,  0.        , ...,  0.63299329,
         -0.13273397, -0.185359  ],
        ...,
        [-0.96556953, -0.82119609, -0.63299329, ...,  0.        ,
         -0.73014934, -0.76552109],
        [-0.46981689, -0.14445621,  0.13273397, ...,  0.73014934,
          0.        , -0.05328509],
        [-0.42211129, -0.0915248 ,  0.185359  , ...,  0.76552109,
          0.05328509,  0.        ]],

       [[ 0.        , -0.00258882,  0.24997946, ...,  0.9634495 ,
          0.88613193,  0.65707426],
        [ 0.00258882,  0.        ,  0.25248525, ...,  0.96275275,
          0.88492922,  0.65512054],
        [-0.24997946, -0.25248525,  0.        , ...,  0.99982808,
          0.973847  ,  0.82465388],
        ...,
        [-0.9634495 , -0.96275275, -0.99982808, ...,  0.        ,
          0.20910844,  0.5502495 ],
        [-0.88613193, -0.88492922, -0.973847  , ..., -0.20910844,
          0.        ,  0.36347923],
        [-0.65707426, -0.65512054, -0.82465388, ..., -0.5502495 ,
         -0.36347923,  0.        ]],

       [[ 0.        ,  0.04663659, -0.49387086, ..., -0.67769949,
         -0.30132381,  0.42488944],
        [-0.04663659,  0.        , -0.53388565, ..., -0.7112558 ,
         -0.34546496,  0.38220958],
        [ 0.49387086,  0.53388565,  0.        , ..., -0.22612112,
          0.20890498,  0.8165306 ],
        ...,
        [ 0.67769949,  0.7112558 ,  0.22612112, ...,  0.        ,
          0.42462614,  0.92592201],
        [ 0.30132381,  0.34546496, -0.20890498, ..., -0.42462614,
          0.        ,  0.67791332],
        [-0.42488944, -0.38220958, -0.8165306 , ..., -0.92592201,
         -0.67791332,  0.        ]]]), 'num': array([ 7.07089129e-01,  7.07089129e-01,  0.00000000e+00,  2.19174396e-03,
        2.24982905e-03,  2.19174396e-03,  3.41110484e-03, -3.87233915e-05,
        2.23898650e-03,  2.17063971e-03,  2.10648796e-03,  4.37742687e-07,
        2.30375978e-03,  2.03751964e-03])}
{'img': array([[[ 0.        ,  0.70044027,  0.4585302 , ...,  0.97849012,
          0.92434012,  0.77204549],
        [-0.70044027,  0.        , -0.29520837, ...,  0.55386277,
          0.39244505,  0.10584047],
        [-0.4585302 ,  0.29520837,  0.        , ...,  0.77497156,
          0.64648032,  0.39467369],
        ...,
        [-0.97849012, -0.55386277, -0.77497156, ...,  0.        ,
         -0.18267651, -0.46262818],
        [-0.92434012, -0.39244505, -0.64648032, ...,  0.18267651,
          0.        , -0.29289127],
        [-0.77204549, -0.10584047, -0.39467369, ...,  0.46262818,
          0.29289127,  0.        ]],

       [[ 0.        ,  0.98067197,  0.18939772, ..., -0.1204734 ,
         -0.11823923, -0.08413171],
        [-0.98067197,  0.        , -0.92586486, ..., -0.99710102,
         -0.99692727, -0.99365627],
        [-0.18939772,  0.92586486,  0.        , ..., -0.30631114,
         -0.30416828, -0.27133521],
        ...,
        [ 0.1204734 ,  0.99710102,  0.30631114, ...,  0.        ,
          0.00225025,  0.03652734],
        [ 0.11823923,  0.99692727,  0.30416828, ..., -0.00225025,
          0.        ,  0.03427849],
        [ 0.08413171,  0.99365627,  0.27133521, ..., -0.03652734,
         -0.03427849,  0.        ]],

       [[ 0.        ,  0.26750292,  0.35089639, ...,  0.88613453,
          0.70737307,  0.97354778],
        [-0.26750292,  0.        ,  0.08761514, ...,  0.97780954,
          0.87067618,  0.99918884],
        [-0.35089639, -0.08761514,  0.        , ...,  0.99240428,
          0.910422  ,  0.9918181 ],
        ...,
        [-0.88613453, -0.97780954, -0.99240428, ...,  0.        ,
          0.29853913, -0.24870224],
        [-0.70737307, -0.87067618, -0.910422  , ..., -0.29853913,
          0.        , -0.5265198 ],
        [-0.97354778, -0.99918884, -0.9918181 , ...,  0.24870224,
          0.5265198 ,  0.        ]],

       ...,

       [[ 0.        ,  0.27451977,  0.0109936 , ...,  0.14445621,
          0.0915248 ,  0.14445621],
        [-0.27451977,  0.        , -0.26393194, ..., -0.13273397,
         -0.185359  , -0.13273397],
        [-0.0109936 ,  0.26393194,  0.        , ...,  0.13356919,
          0.08057181,  0.13356919],
        ...,
        [-0.14445621,  0.13273397, -0.13356919, ...,  0.        ,
         -0.05328509,  0.        ],
        [-0.0915248 ,  0.185359  , -0.08057181, ...,  0.05328509,
          0.        ,  0.05328509],
        [-0.14445621,  0.13273397, -0.13356919, ...,  0.        ,
         -0.05328509,  0.        ]],

       [[ 0.        ,  0.25205536,  0.31123214, ...,  0.8913627 ,
          0.73174499,  0.65430411],
        [-0.25205536,  0.        ,  0.06164657, ...,  0.97683748,
          0.87991452,  0.82379069],
        [-0.31123214, -0.06164657,  0.        , ...,  0.98817087,
          0.90753122,  0.85717095],
        ...,
        [-0.8913627 , -0.97683748, -0.98817087, ...,  0.        ,
          0.27584041,  0.37748656],
        [-0.73174499, -0.87991452, -0.90753122, ..., -0.27584041,
          0.        ,  0.107409  ],
        [-0.65430411, -0.82379069, -0.85717095, ..., -0.37748656,
         -0.107409  ,  0.        ]],

       [[ 0.        , -0.33472873, -0.35629078, ..., -0.19281799,
          0.08682106,  0.77139852],
        [ 0.33472873,  0.        , -0.02297578, ...,  0.1467522 ,
          0.41527752,  0.93990545],
        [ 0.35629078,  0.02297578,  0.        , ...,  0.16944049,
          0.43606884,  0.94750207],
        ...,
        [ 0.19281799, -0.1467522 , -0.16944049, ...,  0.        ,
          0.27728172,  0.87962305],
        [-0.08682106, -0.41527752, -0.43606884, ..., -0.27728172,
          0.        ,  0.71323687],
        [-0.77139852, -0.93990545, -0.94750207, ..., -0.87962305,
         -0.71323687,  0.        ]]]), 'num': array([ 7.95699171e-01,  6.05641350e-01,  6.82433826e-07,  2.43663873e-03,
