state_0,state_1,state_2,state_3,state_4,state_5,state_6,state_7,state_8,state_9,state_10,state_11,state_12,state_13,state_14,state_15,state_16,state_17,state_18,state_19,state_20,state_21,state_22,state_23,state_24,state_25,state_26,state_27,state_28,state_29,state_30,state_31,state_32,state_33,state_34,state_35,state_36,state_37,state_38,state_39,state_40,state_41,state_42,state_43,state_44,state_45,state_46,state_47,state_48,state_49,state_50,state_51,state_52,state_53,state_54,state_55,state_56,state_57,state_58,state_59,state_60,state_61,state_62,state_63,state_64,state_65,state_66,state_67,state_68,state_69,state_70,state_71,state_72,state_73,state_74,state_75,state_76,state_77,state_78,state_79,state_80,state_81,state_82,state_83,state_84,state_85,state_86,state_87,state_88,state_89,state_90,state_91,state_92,state_93,state_94,state_95,state_96,state_97,state_98,state_99,state_100,state_101,state_102,state_103,state_104,state_105,state_106,state_107,state_108,state_109,state_110,state_111,state_112,state_113,state_114,state_115,state_116,state_117,state_118,state_119,state_120,state_121,state_122,state_123,state_124,state_125,state_126,state_127,state_128,state_129,state_130,state_131,state_132,state_133,state_134,state_135,state_136,state_137,state_138,state_139,state_140,state_141,state_142,state_143,state_144,state_145,state_146,state_147,state_148,state_149,state_150,state_151,state_152,state_153,state_154,state_155,state_156,state_157,state_158,state_159,state_160,state_161,state_162,state_163,state_164,state_165,state_166,state_167,state_168,state_169,state_170,state_171,state_172,state_173,state_174,state_175,state_176,state_177,state_178,state_179,state_180,state_181,state_182,state_183,state_184,state_185,state_186,state_187,state_188,state_189,state_190,state_191,state_192,state_193,state_194,state_195,state_196,state_197,state_198,state_199,state_200,state_201,state_202,state_203,state_204,state_205,state_206,state_207,state_208,state_209,state_210,state_211,state_212,state_213,state_214,state_215,state_216,state_217,state_218,state_219,state_220,state_221,state_222,state_223,state_224,state_225,state_226,state_227,state_228,state_229,state_230,state_231,state_232,state_233,state_234,state_235,state_236,state_237,state_238,state_239,state_240,state_241,state_242,state_243,state_244,state_245,state_246,state_247,state_248,state_249,state_250,state_251,state_252,state_253,state_254,state_255,state_256,state_257,state_258,state_259,state_260,state_261,state_262,state_263,state_264,state_265,state_266,state_267,state_268,state_269,state_270,state_271,state_272,state_273,state_274,state_275,state_276,state_277,state_278,state_279,state_280,state_281,state_282,state_283,state_284,state_285,state_286,state_287
{'img': array([[[ 0.        , -0.06307776,  0.1380151 , ..., -0.96283848,
         -0.96283848, -0.75254871],
        [ 0.06307776,  0.        ,  0.20021438, ..., -0.97795701,
         -0.97795701, -0.79258911],
        [-0.1380151 , -0.20021438,  0.        , ..., -0.91634941,
         -0.91634941, -0.65445892],
        ...,
        [ 0.96283848,  0.97795701,  0.91634941, ...,  0.        ,
          0.        , -0.4308176 ],
        [ 0.96283848,  0.97795701,  0.91634941, ...,  0.        ,
          0.        , -0.4308176 ],
        [ 0.75254871,  0.79258911,  0.65445892, ...,  0.4308176 ,
          0.4308176 ,  0.        ]],

       [[ 0.        ,  0.21621453,  0.02578856, ...,  0.23725621,
          0.47716486,  0.54570927],
        [-0.21621453,  0.        , -0.19096406, ...,  0.02160315,
          0.27586563,  0.35161872],
        [-0.02578856,  0.19096406,  0.        , ...,  0.21212508,
          0.45434282,  0.52391762],
        ...,
        [-0.23725621, -0.02160315, -0.21212508, ...,  0.        ,
          0.25503638,  0.33131302],
        [-0.47716486, -0.27586563, -0.45434282, ..., -0.25503638,
          0.        ,  0.07972482],
        [-0.54570927, -0.35161872, -0.52391762, ..., -0.33131302,
         -0.07972482,  0.        ]],

       [[ 0.        , -0.52921967, -0.70714285, ..., -0.62853936,
         -0.43796936, -0.        ],
        [ 0.52921967,  0.        , -0.22580427, ..., -0.94492143,
         -0.84737351, -0.52921967],
        [ 0.70714285,  0.22580427,  0.        , ..., -0.99442177,
         -0.94538959, -0.70714285],
        ...,
        [ 0.62853936,  0.94492143,  0.99442177, ...,  0.        ,
         -0.2244077 , -0.62853936],
        [ 0.43796936,  0.84737351,  0.94538959, ...,  0.2244077 ,
          0.        , -0.43796936],
        [ 0.        ,  0.52921967,  0.70714285, ...,  0.62853936,
          0.43796936,  0.        ]],

       ...,

       [[ 0.        ,  0.08810436,  0.3018838 , ...,  0.51585443,
          0.51585443,  0.28660655],
        [-0.08810436,  0.        ,  0.21671602, ...,  0.43837148,
          0.43837148,  0.20108377],
        [-0.3018838 , -0.21671602,  0.        , ...,  0.23317042,
          0.23317042, -0.01598444],
        ...,
        [-0.51585443, -0.43837148, -0.23317042, ...,  0.        ,
          0.        , -0.24868447],
        [-0.51585443, -0.43837148, -0.23317042, ...,  0.        ,
          0.        , -0.24868447],
        [-0.28660655, -0.20108377,  0.01598444, ...,  0.24868447,
          0.24868447,  0.        ]],

       [[ 0.        ,  0.13451853, -0.02094948, ..., -0.19765507,
         -0.13451853, -0.36489163],
        [-0.13451853,  0.        , -0.15524809, ..., -0.0639939 ,
         -0.        , -0.23633168],
        [ 0.02094948,  0.15524809,  0.        , ..., -0.21814788,
         -0.15524809, -0.38431657],
        ...,
        [ 0.19765507,  0.0639939 ,  0.21814788, ...,  0.        ,
         -0.0639939 ,  0.17366616],
        [ 0.13451853,  0.        ,  0.15524809, ...,  0.0639939 ,
          0.        ,  0.23633168],
        [ 0.36489163,  0.23633168,  0.38431657, ..., -0.17366616,
         -0.23633168,  0.        ]],

       [[ 0.        , -0.54383615, -0.67710048, ..., -0.57845055,
         -0.43890894, -0.        ],
        [ 0.54383615,  0.        , -0.16801301, ..., -0.92904738,
         -0.85698256, -0.54383615],
        [ 0.67710048,  0.16801301,  0.        , ..., -0.97799899,
         -0.93138509, -0.67710048],
        ...,
        [ 0.57845055,  0.92904738,  0.97799899, ...,  0.        ,
         -0.16173039, -0.57845055],
        [ 0.43890894,  0.85698256,  0.93138509, ...,  0.16173039,
          0.        , -0.43890894],
        [ 0.        ,  0.54383615,  0.67710048, ...,  0.57845055,
          0.43890894,  0.        ]]]), 'num': array([9.99039630e-01, 3.46707119e-02, 8.84742127e-05, 1.69009625e-04,
       1.70560172e-04, 1.65133257e-04, 2.67864750e-02, 3.87636754e-06,
       1.66683804e-04, 1.73002283e-04, 1.84127458e-04, 6.42909738e-07,
       1.81063264e-04, 1.64941303e-04])}
{'img': array([[[ 0.        ,  0.20021438,  0.1295774 , ..., -0.97795701,
         -0.79258911, -0.99833501],
        [-0.20021438,  0.        , -0.0715727 , ..., -0.91634941,
         -0.65445892, -0.98966959],
        [-0.1295774 ,  0.0715727 ,  0.        , ..., -0.94265557,
         -0.70689643, -0.99739263],
        ...,
        [ 0.97795701,  0.91634941,  0.94265557, ...,  0.        ,
         -0.4308176 ,  0.26486913],
        [ 0.79258911,  0.65445892,  0.70689643, ...,  0.4308176 ,
          0.        ,  0.65445892],
        [ 0.99833501,  0.98966959,  0.99739263, ..., -0.26486913,
         -0.65445892,  0.        ]],

       [[ 0.        , -0.19096406,  0.04551125, ...,  0.27586563,
          0.35161872,  0.86455474],
        [ 0.19096406,  0.        ,  0.2354399 , ...,  0.45434282,
          0.52391762,  0.94461119],
        [-0.04551125, -0.2354399 ,  0.        , ...,  0.23183454,
          0.30864933,  0.84078774],
        ...,
        [-0.27586563, -0.45434282, -0.23183454, ...,  0.        ,
          0.07972482,  0.69237359],
        [-0.35161872, -0.52391762, -0.30864933, ..., -0.07972482,
          0.        ,  0.63264512],
        [-0.86455474, -0.94461119, -0.84078774, ..., -0.69237359,
         -0.63264512,  0.        ]],

       [[ 0.        , -0.52506224, -0.70140195, ..., -0.54192705,
         -0.32179752, -0.        ],
        [ 0.52506224,  0.        , -0.22269134, ..., -0.90249022,
         -0.77100363, -0.52506224],
        [ 0.70140195,  0.22269134,  0.        , ..., -0.97574325,
         -0.89345965, -0.70140195],
        ...,
        [ 0.54192705,  0.90249022,  0.97574325, ...,  0.        ,
         -0.24265429, -0.54192705],
        [ 0.32179752,  0.77100363,  0.89345965, ...,  0.24265429,
          0.        , -0.32179752],
        [ 0.        ,  0.52506224,  0.70140195, ...,  0.54192705,
          0.32179752,  0.        ]],

       ...,

       [[ 0.        ,  0.21671602,  0.21671602, ...,  0.43837148,
          0.20108377,  0.5307165 ],
        [-0.21671602,  0.        ,  0.        , ...,  0.23317042,
         -0.01598444,  0.33442633],
        [-0.21671602,  0.        ,  0.        , ...,  0.23317042,
         -0.01598444,  0.33442633],
        ...,
        [-0.43837148, -0.23317042, -0.23317042, ...,  0.        ,
         -0.24868447,  0.10546326],
        [-0.20108377,  0.01598444,  0.01598444, ...,  0.24868447,
          0.        ,  0.34944769],
        [-0.5307165 , -0.33442633, -0.33442633, ..., -0.10546326,
         -0.34944769,  0.        ]],

       [[ 0.        , -0.15524809, -0.38325117, ..., -0.        ,
         -0.23633168, -0.17760395],
        [ 0.15524809,  0.        , -0.23521046, ..., -0.15524809,
         -0.38431657, -0.32823056],
        [ 0.38325117,  0.23521046,  0.        , ..., -0.38325117,
         -0.59068098, -0.54120111],
        ...,
        [ 0.        ,  0.15524809,  0.38325117, ...,  0.        ,
          0.23633168,  0.17760395],
        [ 0.23633168,  0.38431657,  0.59068098, ..., -0.23633168,
          0.        , -0.06000162],
        [ 0.17760395,  0.32823056,  0.54120111, ..., -0.17760395,
          0.06000162,  0.        ]],

       [[ 0.        , -0.45648868, -0.58258381, ..., -0.51867565,
         -0.26847788, -0.        ],
        [ 0.45648868,  0.        , -0.14732124, ..., -0.85176551,
         -0.6786017 , -0.45648868],
        [ 0.58258381,  0.14732124,  0.        , ..., -0.91965666,
         -0.77940568, -0.58258381],
        ...,
        [ 0.51867565,  0.85176551,  0.91965666, ...,  0.        ,
         -0.27009209, -0.51867565],
        [ 0.26847788,  0.6786017 ,  0.77940568, ...,  0.27009209,
          0.        , -0.26847788],
        [ 0.        ,  0.45648868,  0.58258381, ...,  0.51867565,
          0.26847788,  0.        ]]]), 'num': array([ 7.03994199e-01,  7.03994199e-01,  0.00000000e+00,  1.94952240e-03,
        1.97659910e-03,  1.94952240e-03,  9.35539696e-02, -1.80511333e-05,
        1.94410706e-03,  2.00909114e-03,  2.13905930e-03,  7.13649456e-06,
        2.10552542e-03,  1.91265685e-03])}
{'img': array([[[ 0.        , -0.0715727 , -0.31417818, ..., -0.65445892,
         -0.98966959, -0.95248507],
        [ 0.0715727 ,  0.        , -0.24542389, ..., -0.70689643,
         -0.99739263, -0.9718423 ],
        [ 0.31417818,  0.24542389,  0.        , ..., -0.85886912,
         -0.98459951, -0.99994912],
        ...,
        [ 0.65445892,  0.70689643,  0.85886912, ...,  0.        ,
          0.65445892,  0.52083309],
        [ 0.98966959,  0.99739263,  0.98459951, ..., -0.65445892,
          0.        , -0.16488382],
        [ 0.95248507,  0.9718423 ,  0.99994912, ..., -0.52083309,
          0.16488382,  0.        ]],

       [[ 0.        ,  0.2354399 ,  0.60577278, ...,  0.52391762,
          0.94461119, -0.31028008],
        [-0.2354399 ,  0.        ,  0.40141899, ...,  0.30864933,
          0.84078774, -0.52537758],
        [-0.60577278, -0.40141899,  0.        , ..., -0.09912984,
          0.55275874, -0.82274551],
        ...,
        [-0.52391762, -0.30864933,  0.09912984, ...,  0.        ,
          0.63264512, -0.7623467 ],
        [-0.94461119, -0.84078774, -0.55275874, ..., -0.63264512,
          0.        , -0.99982138],
        [ 0.31028008,  0.52537758,  0.82274551, ...,  0.7623467 ,
          0.99982138,  0.        ]],

       [[ 0.        , -0.24184684, -0.27241045, ..., -0.73315559,
         -0.47296525, -0.6449668 ],
        [ 0.24184684,  0.        , -0.03162333, ..., -0.87586204,
         -0.67201169, -0.81064251],
        [ 0.27241045,  0.03162333,  0.        , ..., -0.89068419,
         -0.69509394, -0.82875384],
        ...,
        [ 0.73315559,  0.87586204,  0.89068419, ...,  0.        ,
         -0.32432432, -0.12166854],
        [ 0.47296525,  0.67201169,  0.69509394, ...,  0.32432432,
          0.        ,  0.20682299],
        [ 0.6449668 ,  0.81064251,  0.82875384, ...,  0.12166854,
         -0.20682299,  0.        ]],

       ...,

       [[ 0.        ,  0.        , -0.14422582, ..., -0.01598444,
          0.33442633,  0.26986573],
        [ 0.        ,  0.        , -0.14422582, ..., -0.01598444,
          0.33442633,  0.26986573],
        [ 0.14422582,  0.14422582,  0.        , ...,  0.12839008,
          0.46685141,  0.40591898],
        ...,
        [ 0.01598444,  0.01598444, -0.12839008, ...,  0.        ,
          0.34944769,  0.28522264],
        [-0.33442633, -0.33442633, -0.46685141, ..., -0.34944769,
          0.        , -0.06769105],
        [-0.26986573, -0.26986573, -0.40591898, ..., -0.28522264,
          0.06769105,  0.        ]],

       [[ 0.        , -0.35365248, -0.47805437, ..., -0.23704092,
         -0.1781404 , -0.09922468],
        [ 0.35365248,  0.        , -0.13653734, ..., -0.56529586,
         -0.51462425, -0.4447197 ],
        [ 0.47805437,  0.13653734,  0.        , ..., -0.67262987,
         -0.62687403, -0.56284723],
        ...,
        [ 0.23704092,  0.56529586,  0.67262987, ...,  0.        ,
         -0.06018613, -0.13947439],
        [ 0.1781404 ,  0.51462425,  0.62687403, ...,  0.06018613,
          0.        , -0.0796237 ],
        [ 0.09922468,  0.4447197 ,  0.56284723, ...,  0.13947439,
          0.0796237 ,  0.        ]],

       [[ 0.        , -0.39029275, -0.58472421, ..., -0.4154564 ,
         -0.31990794, -0.        ],
        [ 0.39029275,  0.        , -0.22173218, ..., -0.73752229,
         -0.66431863, -0.39029275],
        [ 0.58472421,  0.22173218,  0.        , ..., -0.86890439,
         -0.81351576, -0.58472421],
        ...,
        [ 0.4154564 ,  0.73752229,  0.86890439, ...,  0.        ,
         -0.10263115, -0.4154564 ],
        [ 0.31990794,  0.66431863,  0.81351576, ...,  0.10263115,
          0.        , -0.31990794],
        [ 0.        ,  0.39029275,  0.58472421, ...,  0.4154564 ,
          0.31990794,  0.        ]]]), 'num': array([ 9.03122609e-01,  2.04244728e-01,  6.53156898e-05,  2.49599243e-03,
        2.51931946e-03,  2.48432892e-03,  3.77625227e-01, -2.33270321e-05,
        2.50998865e-03,  2.59105009e-03,  2.75744958e-03,  7.39637602e-06,
        2.72306440e-03,  2.45903578e-03])}
{'img': array([[[ 0.        , -0.24542389, -0.29919691, ..., -0.99739263,
         -0.9718423 , -0.89063153],
        [ 0.24542389,  0.        , -0.05586487, ..., -0.98459951,
         -0.99994912, -0.97499288],
        [ 0.29919691,  0.05586487,  0.        , ..., -0.97329532,
         -0.99782399, -0.98588547],
        ...,
        [ 0.99739263,  0.98459951,  0.97329532, ...,  0.        ,
         -0.16488382, -0.38926674],
        [ 0.9718423 ,  0.99994912,  0.99782399, ...,  0.16488382,
          0.        , -0.23206022],
        [ 0.89063153,  0.97499288,  0.98588547, ...,  0.38926674,
          0.23206022,  0.        ]],

       [[ 0.        ,  0.40141899,  0.06993281, ...,  0.84078774,
         -0.52537758,  0.74713485],
        [-0.40141899,  0.        , -0.33638512, ...,  0.55275874,
         -0.82274551,  0.41748457],
        [-0.06993281,  0.33638512,  0.        , ...,  0.80087008,
         -0.58359497,  0.69882323],
        ...,
        [-0.84078774, -0.55275874, -0.80087008, ...,  0.        ,
         -0.99982138, -0.15437588],
        [ 0.52537758,  0.82274551,  0.58359497, ...,  0.99982138,
          0.        ,  0.98491806],
        [-0.74713485, -0.41748457, -0.69882323, ...,  0.15437588,
         -0.98491806,  0.        ]],

       [[ 0.        , -0.03162333, -0.0918638 , ..., -0.67201169,
         -0.81064251, -0.77334324],
        [ 0.03162333,  0.        , -0.06032825, ..., -0.69509394,
         -0.82875384, -0.79300526],
        [ 0.0918638 ,  0.06032825,  0.        , ..., -0.73719901,
         -0.86100484, -0.82831373],
        ...,
        [ 0.67201169,  0.69509394,  0.73719901, ...,  0.        ,
          0.20682299,  0.14664497],
        [ 0.81064251,  0.82875384,  0.86100484, ..., -0.20682299,
          0.        , -0.06111279],
        [ 0.77334324,  0.79300526,  0.82831373, ..., -0.14664497,
          0.06111279,  0.        ]],

       ...,

       [[ 0.        , -0.14422582, -0.34586769, ...,  0.33442633,
          0.26986573, -0.01109996],
        [ 0.14422582,  0.        , -0.20692689, ...,  0.46685141,
          0.40591898,  0.13323303],
        [ 0.34586769,  0.20692689,  0.        , ...,  0.63973992,
          0.5862458 ,  0.33543147],
        ...,
        [-0.33442633, -0.46685141, -0.63973992, ...,  0.        ,
         -0.06769105, -0.34486657],
        [-0.26986573, -0.40591898, -0.5862458 , ...,  0.06769105,
          0.        , -0.28053724],
        [ 0.01109996, -0.13323303, -0.33543147, ...,  0.34486657,
          0.28053724,  0.        ]],

       [[ 0.        , -0.33827154, -0.36879208, ..., -0.1810657 ,
         -0.10086349, -0.1613029 ],
        [ 0.33827154,  0.        , -0.03262383, ..., -0.50307186,
         -0.43146389, -0.48563572],
        [ 0.36879208,  0.03262383,  0.        , ..., -0.53099904,
         -0.46066516, -0.5138957 ],
        ...,
        [ 0.1810657 ,  0.50307186,  0.53099904, ...,  0.        ,
         -0.08094599, -0.0200579 ],
        [ 0.10086349,  0.43146389,  0.46066516, ...,  0.08094599,
          0.        ,  0.06093763],
        [ 0.1613029 ,  0.48563572,  0.5138957 , ...,  0.0200579 ,
         -0.06093763,  0.        ]],

       [[ 0.        , -0.23446148, -0.42799865, ..., -0.74501805,
         -0.657171  , -0.34355212],
        [ 0.23446148,  0.        , -0.20416692, ..., -0.88064717,
         -0.81557598, -0.5541664 ],
        [ 0.42799865,  0.20416692,  0.        , ..., -0.95882601,
         -0.91653795, -0.71244324],
        ...,
        [ 0.74501805,  0.88064717,  0.95882601, ...,  0.        ,
         -0.12318886, -0.470507  ],
        [ 0.657171  ,  0.81557598,  0.91653795, ...,  0.12318886,
          0.        , -0.35822187],
        [ 0.34355212,  0.5541664 ,  0.71244324, ...,  0.470507  ,
          0.35822187,  0.        ]]]), 'num': array([ 9.59016790e-01,  1.82547095e-01,  7.39494948e-05,  2.64105339e-03,
        2.70393561e-03,  2.61590050e-03,  2.16570654e-01, -5.03057788e-05,
        2.69387445e-03,  2.78505368e-03,  2.96531605e-03,  7.78541815e-06,
        2.94162410e-03,  2.62848326e-03])}
{'img': array([[[ 0.        , -0.05330729, -0.25042608, ..., -0.98392861,
         -0.99936555, -0.83814041],
        [ 0.05330729,  0.        , -0.19846132, ..., -0.97301095,
         -0.99604603, -0.8660254 ],
        [ 0.25042608,  0.19846132,  0.        , ..., -0.90785979,
         -0.95860235, -0.94802971],
        ...,
        [ 0.98392861,  0.97301095,  0.90785979, ...,  0.        ,
         -0.14340552, -0.68634859],
        [ 0.99936555,  0.99604603,  0.95860235, ...,  0.14340552,
          0.        , -0.57495957],
        [ 0.83814041,  0.8660254 ,  0.94802971, ...,  0.68634859,
          0.57495957,  0.        ]],

       [[ 0.        , -0.33638512, -0.26928846, ..., -0.82274551,
          0.41748457, -0.46141985],
        [ 0.33638512,  0.        ,  0.07036336, ..., -0.58359497,
          0.69882323, -0.1360956 ],
        [ 0.26928846, -0.07036336,  0.        , ..., -0.63928669,
          0.64676063, -0.20546695],
        ...,
        [ 0.82274551,  0.58359497,  0.63928669, ...,  0.        ,
          0.98491806,  0.4676493 ],
        [-0.41748457, -0.69882323, -0.64676063, ..., -0.98491806,
          0.        , -0.7896696 ],
        [ 0.46141985,  0.1360956 ,  0.20546695, ..., -0.4676493 ,
          0.7896696 ,  0.        ]],

       [[ 0.        , -0.05957507, -0.156076  , ..., -0.8993214 ,
         -0.88509851, -0.68888808],
        [ 0.05957507,  0.        , -0.09695381, ..., -0.92377552,
         -0.91125288, -0.73084854],
        [ 0.156076  ,  0.09695381,  0.        , ..., -0.95655046,
         -0.94689003, -0.79358024],
        ...,
        [ 0.8993214 ,  0.92377552,  0.95655046, ...,  0.        ,
         -0.03150433, -0.35064638],
        [ 0.88509851,  0.91125288,  0.94689003, ...,  0.03150433,
          0.        , -0.32096827],
        [ 0.68888808,  0.73084854,  0.79358024, ...,  0.35064638,
          0.32096827,  0.        ]],

       ...,

       [[ 0.        , -0.20692689, -0.18521623, ...,  0.40591898,
          0.13323303,  0.10455997],
        [ 0.20692689,  0.        ,  0.02213911, ...,  0.5862458 ,
          0.33543147,  0.30808955],
        [ 0.18521623, -0.02213911,  0.        , ...,  0.56816648,
          0.31449278,  0.28695183],
        ...,
        [-0.40591898, -0.5862458 , -0.56816648, ...,  0.        ,
         -0.28053724, -0.30813567],
        [-0.13323303, -0.33543147, -0.31449278, ...,  0.28053724,
          0.        , -0.02887493],
        [-0.10455997, -0.30808955, -0.28695183, ...,  0.30813567,
          0.02887493,  0.        ]],

       [[ 0.        , -0.15372936, -0.38872652, ..., -0.10237972,
         -0.16371766, -0.25396473],
        [ 0.15372936,  0.        , -0.24246668, ..., -0.25408431,
         -0.31342667, -0.39963496],
        [ 0.38872652,  0.24246668,  0.        , ..., -0.48101179,
         -0.53432331, -0.60997274],
        ...,
        [ 0.10237972,  0.25408431,  0.48101179, ...,  0.        ,
          0.06185905,  0.1536072 ],
        [ 0.16371766,  0.31342667,  0.53432331, ..., -0.06185905,
          0.        ,  0.09218812],
        [ 0.25396473,  0.39963496,  0.60997274, ..., -0.1536072 ,
         -0.09218812,  0.        ]],

       [[ 0.        , -0.19807392, -0.34741081, ..., -0.91719263,
         -0.86038859, -0.540568  ],
        [ 0.19807392,  0.        , -0.1547911 , ..., -0.97794175,
         -0.94428789, -0.69649742],
        [ 0.34741081,  0.1547911 ,  0.        , ..., -0.99848726,
         -0.98385154, -0.79917448],
        ...,
        [ 0.91719263,  0.97794175,  0.99848726, ...,  0.        ,
         -0.12462001, -0.55624835],
        [ 0.86038859,  0.94428789,  0.98385154, ...,  0.12462001,
          0.        , -0.4483509 ],
        [ 0.540568  ,  0.69649742,  0.79917448, ...,  0.55624835,
          0.4483509 ,  0.        ]]]), 'num': array([ 9.75737516e-01,  8.93686516e-02,  8.48199870e-05,  2.68596626e-03,
        2.71166928e-03,  2.66026323e-03,  1.99717399e-01, -1.28515132e-05,
        2.74251291e-03,  2.83632896e-03,  3.02267590e-03,  6.42575659e-06,
        3.00991480e-03,  2.66274312e-03])}
{'img': array([[[ 0.        , -0.19537529,  0.1068199 , ..., -0.98976484,
         -0.97199522, -0.85951465],
        [ 0.19537529,  0.        ,  0.29901876, ..., -0.94280904,
         -0.99917678, -0.94280904],
        [-0.1068199 , -0.29901876,  0.        , ..., -0.99934584,
         -0.9413311 , -0.8       ],
        ...,
        [ 0.98976484,  0.94280904,  0.99934584, ...,  0.        ,
         -0.37130676, -0.62853936],
        [ 0.97199522,  0.99917678,  0.9413311 , ...,  0.37130676,
          0.        , -0.29481109],
        [ 0.85951465,  0.94280904,  0.8       , ...,  0.62853936,
          0.29481109,  0.        ]],

       [[ 0.        ,  0.07036336, -0.10315311, ...,  0.69882323,
         -0.1360956 , -0.24028332],
        [-0.07036336,  0.        , -0.17288544, ...,  0.64676063,
         -0.20546695, -0.30798967],
        [ 0.10315311,  0.17288544,  0.        , ...,  0.7688802 ,
         -0.03317625, -0.13887051],
        ...,
        [-0.69882323, -0.64676063, -0.7688802 , ...,  0.        ,
         -0.7896696 , -0.85022298],
        [ 0.1360956 ,  0.20546695,  0.03317625, ...,  0.7896696 ,
          0.        , -0.10593928],
        [ 0.24028332,  0.30798967,  0.13887051, ...,  0.85022298,
          0.10593928,  0.        ]],

       [[ 0.        , -0.09573431, -0.14697597, ..., -0.94766533,
         -0.89095946, -0.72464803],
        [ 0.09573431,  0.        , -0.05160625, ..., -0.97387729,
         -0.93033852, -0.78729202],
        [ 0.14697597,  0.05160625,  0.        , ..., -0.98429809,
         -0.94802296, -0.81806236],
        ...,
        [ 0.94766533,  0.97387729,  0.98429809, ...,  0.        ,
         -0.14586603, -0.42169927],
        [ 0.89095946,  0.93033852,  0.94802296, ...,  0.14586603,
          0.        , -0.28492699],
        [ 0.72464803,  0.78729202,  0.81806236, ...,  0.42169927,
          0.28492699,  0.        ]],

       ...,

       [[ 0.        ,  0.02213911,  0.37141427, ...,  0.33543147,
          0.30808955,  0.06777615],
        [-0.02213911,  0.        ,  0.35076779, ...,  0.31449278,
          0.28695183,  0.04567134],
        [-0.37141427, -0.35076779,  0.        , ..., -0.0384591 ,
         -0.06729663, -0.30763228],
        ...,
        [-0.33543147, -0.31449278,  0.0384591 , ...,  0.        ,
         -0.02887493, -0.27081065],
        [-0.30808955, -0.28695183,  0.06729663, ...,  0.02887493,
          0.        , -0.24290178],
        [-0.06777615, -0.04567134,  0.30763228, ...,  0.27081065,
          0.24290178,  0.        ]],

       [[ 0.        , -0.36028822, -0.50179022, ..., -0.16420303,
         -0.25471014, -0.30244787],
        [ 0.36028822,  0.        , -0.15644503, ..., -0.5085732 ,
         -0.58600906, -0.62555024],
        [ 0.50179022,  0.15644503,  0.        , ..., -0.63701307,
         -0.70556145, -0.73990353],
        ...,
        [ 0.16420303,  0.5085732 ,  0.63701307, ...,  0.        ,
          0.09246565,  0.14182988],
        [ 0.25471014,  0.58600906,  0.70556145, ..., -0.09246565,
          0.        ,  0.04969135],
        [ 0.30244787,  0.62555024,  0.73990353, ..., -0.14182988,
         -0.04969135,  0.        ]],

       [[ 0.        , -0.15016129, -0.21048779, ..., -0.98446732,
         -0.93208925, -0.6817121 ],
        [ 0.15016129,  0.        , -0.06130403, ..., -0.99966846,
         -0.9759135 , -0.7838436 ],
        [ 0.21048779,  0.06130403,  0.        , ..., -0.9993667 ,
         -0.9874519 , -0.82043654],
        ...,
        [ 0.98446732,  0.99966846,  0.9993667 , ...,  0.        ,
         -0.19295734, -0.60056974],
        [ 0.93208925,  0.9759135 ,  0.9874519 , ...,  0.19295734,
          0.        , -0.43499996],
        [ 0.6817121 ,  0.7838436 ,  0.82043654, ...,  0.60056974,
          0.43499996,  0.        ]]]), 'num': array([ 9.70005493e-01,  6.87029535e-02,  8.79319550e-05,  2.66657556e-03,
        2.73161399e-03,  2.66657556e-03,  2.33036851e-01, -5.20307426e-05,
        2.74202014e-03,  2.85648777e-03,  3.05116947e-03,  4.95530882e-06,
        3.04896636e-03,  2.66400918e-03])}
{'img': array([[[ 0.        ,  0.28286457,  0.13679687, ..., -0.96839612,
         -0.98360859, -0.92176243],
        [-0.28286457,  0.        , -0.14899532, ..., -0.99939798,
         -0.99444311, -0.77443535],
        [-0.13679687,  0.14899532,  0.        , ..., -0.99341184,
         -0.99902858, -0.86005337],
        ...,
        [ 0.96839612,  0.99939798,  0.99341184, ...,  0.        ,
         -0.07071084, -0.60540396],
        [ 0.98360859,  0.99444311,  0.99902858, ...,  0.07071084,
          0.        , -0.54760848],
        [ 0.92176243,  0.77443535,  0.86005337, ...,  0.60540396,
          0.54760848,  0.        ]],

       [[ 0.        , -0.17288544, -0.46999662, ..., -0.20546695,
         -0.30798967, -0.16359258],
        [ 0.17288544,  0.        , -0.3103189 , ..., -0.03317625,
         -0.13887051,  0.00942714],
        [ 0.46999662,  0.3103189 ,  0.        , ...,  0.27860966,
          0.17529726,  0.31926685],
        ...,
        [ 0.20546695,  0.03317625, -0.27860966, ...,  0.        ,
         -0.10593928,  0.04259672],
        [ 0.30798967,  0.13887051, -0.17529726, ...,  0.10593928,
          0.        ,  0.14820013],
        [ 0.16359258, -0.00942714, -0.31926685, ..., -0.04259672,
         -0.14820013,  0.        ]],

       [[ 0.        , -0.04955871, -0.12039013, ..., -0.99364958,
         -0.98244574, -0.76772731],
        [ 0.04955871,  0.        , -0.07104395, ..., -0.99800489,
         -0.99048363, -0.79854   ],
        [ 0.12039013,  0.07104395,  0.        , ..., -0.9999686 ,
         -0.99775868, -0.83928656],
        ...,
        [ 0.99364958,  0.99800489,  0.9999686 , ...,  0.        ,
         -0.07482013, -0.5503236 ],
        [ 0.98244574,  0.99048363,  0.99775868, ...,  0.07482013,
          0.        , -0.48630989],
        [ 0.76772731,  0.79854   ,  0.83928656, ...,  0.5503236 ,
          0.48630989,  0.        ]],

       ...,

       [[ 0.        ,  0.35076779,  0.43759285, ...,  0.28695183,
          0.04567134, -0.26122594],
        [-0.35076779,  0.        ,  0.09438827, ..., -0.06729663,
         -0.30763228, -0.58321661],
        [-0.43759285, -0.09438827,  0.        , ..., -0.16117048,
         -0.39606978, -0.65728598],
        ...,
        [-0.28695183,  0.06729663,  0.16117048, ...,  0.        ,
         -0.24290178, -0.52722829],
        [-0.04567134,  0.30763228,  0.39606978, ...,  0.24290178,
          0.        , -0.30503888],
        [ 0.26122594,  0.58321661,  0.65728598, ...,  0.52722829,
          0.30503888,  0.        ]],

       [[ 0.        , -0.36808858, -0.48980114, ..., -0.25902197,
         -0.30752928, -0.33372227],
        [ 0.36808858,  0.        , -0.13450035, ..., -0.59636247,
         -0.63618837, -0.65727847],
        [ 0.48980114,  0.13450035,  0.        , ..., -0.69890914,
         -0.73417924, -0.75267203],
        ...,
        [ 0.25902197,  0.59636247,  0.69890914, ...,  0.        ,
          0.05056434,  0.07816019],
        [ 0.30752928,  0.63618837,  0.73417924, ..., -0.05056434,
          0.        ,  0.02765056],
        [ 0.33372227,  0.65727847,  0.75267203, ..., -0.07816019,
         -0.02765056,  0.        ]],

       [[ 0.        , -0.05892508, -0.13732266, ..., -0.99958099,
         -0.98048722, -0.76471301],
        [ 0.05892508,  0.        , -0.07871721, ..., -0.99954975,
         -0.99036719, -0.80135387],
        [ 0.13732266,  0.07871721,  0.        , ..., -0.99408622,
         -0.99819372, -0.84595515],
        ...,
        [ 0.99958099,  0.99954975,  0.99408622, ...,  0.        ,
         -0.16811964, -0.6219659 ],
        [ 0.98048722,  0.99036719,  0.99819372, ...,  0.16811964,
          0.        , -0.48146808],
        [ 0.76471301,  0.80135387,  0.84595515, ...,  0.6219659 ,
          0.48146808,  0.        ]]]), 'num': array([9.70522077e-01, 5.43970256e-02, 8.76674691e-05, 2.67091852e-03,
       2.69647755e-03, 2.63257997e-03, 2.34663323e-01, 5.11180578e-05,
       2.67603032e-03, 2.79615776e-03, 2.99125835e-03, 7.66770866e-06,
       2.99124533e-03, 2.60107019e-03])}
{'img': array([[[ 0.        , -0.14899532,  0.        , ..., -0.99444311,
         -0.77443535, -0.99444311],
        [ 0.14899532,  0.        ,  0.14899532, ..., -0.99902858,
         -0.86005337, -0.99902858],
        [ 0.        , -0.14899532,  0.        , ..., -0.99444311,
         -0.77443535, -0.99444311],
        ...,
        [ 0.99444311,  0.99902858,  0.99444311, ...,  0.        ,
         -0.54760848,  0.        ],
        [ 0.77443535,  0.86005337,  0.77443535, ...,  0.54760848,
          0.        ,  0.54760848],
        [ 0.99444311,  0.99902858,  0.99444311, ...,  0.        ,
         -0.54760848,  0.        ]],

       [[ 0.        , -0.3103189 , -0.22244657, ..., -0.13887051,
          0.00942714,  0.03651298],
        [ 0.3103189 ,  0.        ,  0.09107888, ...,  0.17529726,
          0.31926685,  0.3448224 ],
        [ 0.22244657, -0.09107888,  0.        , ...,  0.0849001 ,
          0.23162763,  0.25789639],
        ...,
        [ 0.13887051, -0.17529726, -0.0849001 , ...,  0.        ,
          0.14820013,  0.1749371 ],
        [-0.00942714, -0.31926685, -0.23162763, ..., -0.14820013,
          0.        ,  0.02709051],
        [-0.03651298, -0.3448224 , -0.25789639, ..., -0.1749371 ,
         -0.02709051,  0.        ]],

       [[ 0.        , -0.06955955, -0.05821777, ..., -0.99921823,
         -0.9559749 , -0.7885088 ],
        [ 0.06955955,  0.        ,  0.01136482, ..., -0.99954788,
         -0.97407148, -0.82937963],
        [ 0.05821777, -0.01136482,  0.        , ..., -0.99982504,
         -0.97143739, -0.82297671],
        ...,
        [ 0.99921823,  0.99954788,  0.99982504, ...,  0.        ,
         -0.25542573, -0.58336994],
        [ 0.9559749 ,  0.97407148,  0.97143739, ...,  0.25542573,
          0.        , -0.35656033],
        [ 0.7885088 ,  0.82937963,  0.82297671, ...,  0.58336994,
          0.35656033,  0.        ]],

       ...,

       [[ 0.        ,  0.09438827,  0.27229856, ..., -0.30763228,
         -0.58321661, -0.10414824],
        [-0.09438827,  0.        ,  0.18026128, ..., -0.39606978,
         -0.65728598, -0.19755823],
        [-0.27229856, -0.18026128,  0.        , ..., -0.55510125,
         -0.78237116, -0.37103051],
        ...,
        [ 0.30763228,  0.39606978,  0.55510125, ...,  0.        ,
         -0.30503888,  0.20686171],
        [ 0.58321661,  0.65728598,  0.78237116, ...,  0.30503888,
          0.        ,  0.4954436 ],
        [ 0.10414824,  0.19755823,  0.37103051, ..., -0.20686171,
         -0.4954436 ,  0.        ]],

       [[ 0.        , -0.34135378, -0.49871666, ..., -0.31293208,
         -0.33955632, -0.29138908],
        [ 0.34135378,  0.        , -0.17288766, ..., -0.61834524,
         -0.64023332, -0.60042737],
        [ 0.49871666,  0.17288766,  0.        , ..., -0.74490747,
         -0.76340133, -0.72964054],
        ...,
        [ 0.31293208,  0.61834524,  0.74490747, ...,  0.        ,
          0.02816283, -0.02259806],
        [ 0.33955632,  0.64023332,  0.76340133, ..., -0.02816283,
          0.        , -0.05074473],
        [ 0.29138908,  0.60042737,  0.72964054, ...,  0.02259806,
          0.05074473,  0.        ]],

       [[ 0.        , -0.07712266, -0.11158772, ..., -0.9990974 ,
         -0.95561788, -0.79167503],
        [ 0.07712266,  0.        , -0.03461438, ..., -0.99939772,
         -0.97549271, -0.83643462],
        [ 0.11158772,  0.03461438,  0.        , ..., -0.99759766,
         -0.9825244 , -0.85490437],
        ...,
        [ 0.9990974 ,  0.99939772,  0.99759766, ...,  0.        ,
         -0.25375026, -0.57676213],
        [ 0.95561788,  0.97549271,  0.9825244 , ...,  0.25375026,
          0.        , -0.35059291],
        [ 0.79167503,  0.83643462,  0.85490437, ...,  0.57676213,
          0.35059291,  0.        ]]]), 'num': array([9.82708462e-01, 2.24127544e-02, 9.10232898e-05, 2.70505833e-03,
       2.71787851e-03, 2.64095742e-03, 1.83631154e-01, 2.56403633e-05,
       2.67685393e-03, 2.79608162e-03, 2.99351242e-03, 7.69210900e-06,
       2.99284531e-03, 2.59931793e-03])}
{'img': array([[[ 0.00000000e+00,  1.48995322e-01,  2.57255358e-01, ...,
         -8.60053368e-01, -9.99028575e-01, -9.83921564e-01],
        [-1.48995322e-01,  0.00000000e+00,  1.10403194e-01, ...,
         -7.74435345e-01, -9.94443106e-01, -9.99549664e-01],
        [-2.57255358e-01, -1.10403194e-01,  0.00000000e+00, ...,
         -6.99854212e-01, -9.76741217e-01, -9.96752259e-01],
        ...,
        [ 8.60053368e-01,  7.74435345e-01,  6.99854212e-01, ...,
          0.00000000e+00,  5.47608484e-01,  6.55607282e-01],
        [ 9.99028575e-01,  9.94443106e-01,  9.76741217e-01, ...,
         -5.47608484e-01,  0.00000000e+00,  1.35069074e-01],
        [ 9.83921564e-01,  9.99549664e-01,  9.96752259e-01, ...,
         -6.55607282e-01, -1.35069074e-01,  0.00000000e+00]],

       [[ 0.00000000e+00,  9.10788755e-02, -5.28473749e-02, ...,
          3.19266853e-01,  3.44822403e-01,  9.55350116e-02],
        [-9.10788755e-02,  0.00000000e+00, -1.43579326e-01, ...,
          2.31627629e-01,  2.57896390e-01,  4.47565058e-03],
        [ 5.28473749e-02,  1.43579326e-01,  0.00000000e+00, ...,
          3.68902309e-01,  3.93946685e-01,  1.48007166e-01],
        ...,
        [-3.19266853e-01, -2.31627629e-01, -3.68902309e-01, ...,
          0.00000000e+00,  2.70905120e-02, -2.27271376e-01],
        [-3.44822403e-01, -2.57896390e-01, -3.93946685e-01, ...,
         -2.70905120e-02,  0.00000000e+00, -2.53569557e-01],
        [-9.55350116e-02, -4.47565058e-03, -1.48007166e-01, ...,
          2.27271376e-01,  2.53569557e-01,  0.00000000e+00]],

       [[ 0.00000000e+00,  1.12638041e-02,  5.72234517e-02, ...,
         -9.86173230e-01, -9.34495365e-01, -8.25217683e-01],
        [-1.12638041e-02,  0.00000000e+00,  4.59744743e-02, ...,
         -9.84244057e-01, -9.30426446e-01, -8.18803369e-01],
        [-5.72234517e-02, -4.59744743e-02,  0.00000000e+00, ...,
         -9.75074343e-01, -9.12593962e-01, -7.91544825e-01],
        ...,
        [ 9.86173230e-01,  9.84244057e-01,  9.75074343e-01, ...,
          0.00000000e+00, -1.96190875e-01, -4.20252064e-01],
        [ 9.34495365e-01,  9.30426446e-01,  9.12593962e-01, ...,
          1.96190875e-01,  0.00000000e+00, -2.34059716e-01],
        [ 8.25217683e-01,  8.18803369e-01,  7.91544825e-01, ...,
          4.20252064e-01,  2.34059716e-01,  0.00000000e+00]],

       ...,

       [[ 0.00000000e+00,  1.80261276e-01,  4.44516299e-03, ...,
         -6.57285980e-01, -1.97558226e-01, -1.97558226e-01],
        [-1.80261276e-01,  0.00000000e+00, -1.75887149e-01, ...,
         -7.82371158e-01, -3.71030512e-01, -3.71030512e-01],
        [-4.44516299e-03,  1.75887149e-01,  0.00000000e+00, ...,
         -6.60629545e-01, -2.01913828e-01, -2.01913828e-01],
        ...,
        [ 6.57285980e-01,  7.82371158e-01,  6.60629545e-01, ...,
          0.00000000e+00,  4.95443603e-01,  4.95443603e-01],
        [ 1.97558226e-01,  3.71030512e-01,  2.01913828e-01, ...,
         -4.95443603e-01,  0.00000000e+00,  0.00000000e+00],
        [ 1.97558226e-01,  3.71030512e-01,  2.01913828e-01, ...,
         -4.95443603e-01,  0.00000000e+00,  0.00000000e+00]],

       [[ 0.00000000e+00, -3.81025168e-01, -5.65715024e-01, ...,
         -3.44609538e-01, -2.95764149e-01, -1.66631137e-01],
        [ 3.81025168e-01,  0.00000000e+00, -2.08846456e-01, ...,
         -6.76299698e-01, -6.37431563e-01, -5.29759432e-01],
        [ 5.65715024e-01,  2.08846456e-01,  0.00000000e+00, ...,
         -8.15228088e-01, -7.84292856e-01, -6.95210105e-01],
        ...,
        [ 3.44609538e-01,  6.76299698e-01,  8.15228088e-01, ...,
          0.00000000e+00, -5.15446047e-02, -1.83367324e-01],
        [ 2.95764149e-01,  6.37431563e-01,  7.84292856e-01, ...,
          5.15446047e-02,  0.00000000e+00, -1.32452934e-01],
        [ 1.66631137e-01,  5.29759432e-01,  6.95210105e-01, ...,
          1.83367324e-01,  1.32452934e-01,  0.00000000e+00]],

       [[ 0.00000000e+00, -3.41809717e-02, -3.37500705e-02, ...,
         -9.90501139e-01, -9.51584716e-01, -8.30684569e-01],
        [ 3.41809717e-02,  0.00000000e+00,  4.31149898e-04, ...,
         -9.94622388e-01, -9.61535440e-01, -8.49229195e-01],
        [ 3.37500705e-02, -4.31149898e-04,  0.00000000e+00, ...,
         -9.94577642e-01, -9.61416922e-01, -8.49001459e-01],
        ...,
        [ 9.90501139e-01,  9.94622388e-01,  9.94577642e-01, ...,
          0.00000000e+00, -1.73619587e-01, -4.37232027e-01],
        [ 9.51584716e-01,  9.61535440e-01,  9.61416922e-01, ...,
          1.73619587e-01,  0.00000000e+00, -2.74447138e-01],
        [ 8.30684569e-01,  8.49229195e-01,  8.49001459e-01, ...,
          4.37232027e-01,  2.74447138e-01,  0.00000000e+00]]]), 'num': array([9.58291627e-01, 2.01033746e-01, 6.94732001e-05, 2.65704520e-03,
       2.65704520e-03, 2.59610379e-03, 2.02992403e-01, 8.53179651e-05,
