state_0,state_1,state_2,state_3,state_4,state_5,state_6,state_7,state_8,state_9,state_10,state_11,state_12,state_13,state_14,state_15,state_16,state_17,state_18,state_19,state_20,state_21,state_22,state_23,state_24,state_25,state_26,state_27,state_28,state_29,state_30,state_31,state_32,state_33,state_34,state_35,state_36,state_37,state_38,state_39,state_40,state_41,state_42,state_43,state_44,state_45,state_46,state_47,state_48,state_49,state_50,state_51,state_52,state_53,state_54,state_55,state_56,state_57,state_58,state_59,state_60,state_61,state_62,state_63,state_64,state_65,state_66,state_67,state_68,state_69,state_70,state_71,state_72,state_73,state_74,state_75,state_76,state_77,state_78,state_79,state_80,state_81,state_82,state_83,state_84,state_85,state_86,state_87,state_88,state_89,state_90,state_91,state_92,state_93,state_94,state_95,state_96,state_97,state_98,state_99,state_100,state_101,state_102,state_103,state_104,state_105,state_106,state_107,state_108,state_109,state_110,state_111,state_112,state_113,state_114,state_115,state_116,state_117,state_118,state_119,state_120,state_121,state_122,state_123,state_124,state_125,state_126,state_127,state_128,state_129,state_130,state_131,state_132,state_133,state_134,state_135,state_136,state_137,state_138,state_139,state_140,state_141,state_142,state_143,state_144,state_145,state_146,state_147,state_148,state_149,state_150,state_151,state_152,state_153,state_154,state_155,state_156,state_157,state_158,state_159,state_160,state_161,state_162,state_163,state_164,state_165,state_166,state_167,state_168,state_169,state_170,state_171,state_172,state_173,state_174,state_175,state_176,state_177,state_178,state_179,state_180,state_181,state_182,state_183,state_184,state_185,state_186,state_187,state_188,state_189,state_190,state_191,state_192,state_193,state_194,state_195,state_196,state_197,state_198,state_199,state_200,state_201,state_202,state_203,state_204,state_205,state_206,state_207,state_208,state_209,state_210,state_211,state_212,state_213,state_214,state_215,state_216,state_217,state_218,state_219,state_220,state_221,state_222,state_223,state_224,state_225,state_226,state_227,state_228,state_229,state_230,state_231,state_232,state_233,state_234,state_235,state_236,state_237,state_238,state_239,state_240,state_241,state_242,state_243,state_244,state_245,state_246,state_247,state_248,state_249,state_250,state_251,state_252,state_253,state_254,state_255,state_256,state_257,state_258,state_259,state_260,state_261,state_262,state_263,state_264,state_265,state_266,state_267,state_268,state_269,state_270,state_271,state_272,state_273,state_274,state_275,state_276,state_277,state_278,state_279,state_280,state_281,state_282,state_283,state_284,state_285,state_286,state_287
{'img': array([[[ 0.        , -0.23215722, -0.1526939 , ...,  0.46261875,
          0.87650462,  0.94564237],
        [ 0.23215722,  0.        ,  0.0809128 , ...,  0.6557999 ,
          0.96431597,  0.99530527],
        [ 0.1526939 , -0.0809128 ,  0.        , ...,  0.59256577,
          0.93973216,  0.98421066],
        ...,
        [-0.46261875, -0.6557999 , -0.59256577, ...,  0.        ,
          0.55436996,  0.68791866],
        [-0.87650462, -0.96431597, -0.93973216, ..., -0.55436996,
          0.        ,  0.17017936],
        [-0.94564237, -0.99530527, -0.98421066, ..., -0.68791866,
         -0.17017936,  0.        ]],

       [[ 0.        ,  0.01322494, -0.08611267, ...,  0.31143925,
          0.87510442,  0.44614457],
        [-0.01322494,  0.        , -0.09928095, ...,  0.2988448 ,
          0.86862789,  0.43426975],
        [ 0.08611267,  0.09928095,  0.        , ...,  0.39211232,
          0.91352662,  0.5215548 ],
        ...,
        [-0.31143925, -0.2988448 , -0.39211232, ...,  0.        ,
          0.68086595,  0.1452301 ],
        [-0.87510442, -0.86862789, -0.91352662, ..., -0.68086595,
          0.        , -0.56727965],
        [-0.44614457, -0.43426975, -0.5215548 , ..., -0.1452301 ,
          0.56727965,  0.        ]],

       [[ 0.        , -0.07709627, -0.23085274, ...,  0.25739627,
          0.39747295,  0.55581962],
        [ 0.07709627,  0.        , -0.15515185, ...,  0.33112875,
          0.46703454,  0.61825566],
        [ 0.23085274,  0.15515185,  0.        , ...,  0.47351804,
          0.59857037,  0.73271477],
        ...,
        [-0.25739627, -0.33112875, -0.47351804, ...,  0.        ,
          0.14789008,  0.32311753],
        [-0.39747295, -0.46703454, -0.59857037, ..., -0.14789008,
          0.        ,  0.17960738],
        [-0.55581962, -0.61825566, -0.73271477, ..., -0.32311753,
         -0.17960738,  0.        ]],

       ...,

       [[ 0.        , -0.34608634, -0.19408659, ..., -0.26970367,
          0.12152619,  0.11923016],
        [ 0.34608634,  0.        ,  0.15741274, ...,  0.08022484,
          0.45753742,  0.45547963],
        [ 0.19408659, -0.15741274,  0.        , ..., -0.0776807 ,
          0.31186336,  0.30966503],
        ...,
        [ 0.26970367, -0.08022484,  0.0776807 , ...,  0.        ,
          0.38472753,  0.38259167],
        [-0.12152619, -0.45753742, -0.31186336, ..., -0.38472753,
          0.        , -0.00231285],
        [-0.11923016, -0.45547963, -0.30966503, ..., -0.38259167,
          0.00231285,  0.        ]],

       [[ 0.        ,  0.04106706,  0.09231088, ...,  0.7522651 ,
          0.75460849,  0.85001669],
        [-0.04106706,  0.        ,  0.05134129, ...,  0.72457302,
          0.72702471,  0.8276673 ],
        [-0.09231088, -0.05134129,  0.        , ...,  0.68823311,
          0.69081437,  0.79776203],
        ...,
        [-0.7522651 , -0.72457302, -0.68823311, ...,  0.        ,
          0.00356399,  0.16378249],
        [-0.75460849, -0.72702471, -0.69081437, ..., -0.00356399,
          0.        ,  0.16026559],
        [-0.85001669, -0.8276673 , -0.79776203, ..., -0.16378249,
         -0.16026559,  0.        ]],

       [[ 0.        ,  0.25152873,  0.37855699, ...,  0.        ,
          0.06357097,  0.39883392],
        [-0.25152873,  0.        ,  0.13357686, ...,  0.25152873,
          0.31254712,  0.61666902],
        [-0.37855699, -0.13357686,  0.        , ...,  0.37855699,
          0.43663118,  0.71629743],
        ...,
        [-0.        , -0.25152873, -0.37855699, ...,  0.        ,
         -0.06357097, -0.39883392],
        [-0.06357097, -0.31254712, -0.43663118, ...,  0.06357097,
          0.        , -0.33973116],
        [-0.39883392, -0.61666902, -0.71629743, ...,  0.39883392,
          0.33973116,  0.        ]]]), 'num': array([7.27756184e-01, 6.85485618e-01, 2.33797377e-06, 4.85868572e-05,
       4.90437026e-05, 4.74850534e-05, 2.19177140e-02, 5.91211757e-07,
       4.69529628e-05, 4.53244432e-05, 4.45621383e-05, 2.07190796e-07,
       4.83221022e-05, 4.23267841e-05])}
{'img': array([[[ 0.        ,  0.0809128 ,  0.19555828, ...,  0.96431597,
          0.99530527,  0.96855973],
        [-0.0809128 ,  0.        ,  0.11556654, ...,  0.93973216,
          0.98421066,  0.98551358],
        [-0.19555828, -0.11556654,  0.        , ...,  0.89392219,
          0.9571608 ,  0.99851007],
        ...,
        [-0.96431597, -0.93973216, -0.89392219, ...,  0.        ,
          0.17017936,  0.49633372],
        [-0.99530527, -0.98421066, -0.9571608 , ..., -0.17017936,
          0.        ,  0.34135563],
        [-0.96855973, -0.98551358, -0.99851007, ..., -0.49633372,
         -0.34135563,  0.        ]],

       [[ 0.        , -0.09928095, -0.41336105, ...,  0.86862789,
          0.43426975,  0.59447094],
        [ 0.09928095,  0.        , -0.32091684, ...,  0.91352662,
          0.5215548 ,  0.67136743],
        [ 0.41336105,  0.32091684,  0.        , ...,  0.99575002,
          0.76778035,  0.87369643],
        ...,
        [-0.86862789, -0.91352662, -0.99575002, ...,  0.        ,
         -0.56727965, -0.40393898],
        [-0.43426975, -0.5215548 , -0.76778035, ...,  0.56727965,
          0.        ,  0.18628551],
        [-0.59447094, -0.67136743, -0.87369643, ...,  0.40393898,
         -0.18628551,  0.        ]],

       [[ 0.        , -0.15515185, -0.33133105, ...,  0.46703454,
          0.61825566,  0.84622964],
        [ 0.15515185,  0.        , -0.18093081, ...,  0.59857037,
          0.73271477,  0.91865009],
        [ 0.33133105,  0.18093081,  0.        , ...,  0.73362975,
          0.84375182,  0.97496925],
        ...,
        [-0.46703454, -0.59857037, -0.73362975, ...,  0.        ,
          0.17960738,  0.49942474],
        [-0.61825566, -0.73271477, -0.84375182, ..., -0.17960738,
          0.        ,  0.33569912],
        [-0.84622964, -0.91865009, -0.97496925, ..., -0.49942474,
         -0.33569912,  0.        ]],

       ...,

       [[ 0.        ,  0.15741274,  0.26728399, ...,  0.45753742,
          0.45547963,  0.66164629],
        [-0.15741274,  0.        ,  0.11226601, ...,  0.31186336,
          0.30966503,  0.53536687],
        [-0.26728399, -0.11226601,  0.        , ...,  0.20322485,
          0.20095973,  0.43716031],
        ...,
        [-0.45753742, -0.31186336, -0.20322485, ...,  0.        ,
         -0.00231285,  0.24526059],
        [-0.45547963, -0.30966503, -0.20095973, ...,  0.00231285,
          0.        ,  0.24750214],
        [-0.66164629, -0.53536687, -0.43716031, ..., -0.24526059,
         -0.24750214,  0.        ]],

       [[ 0.        ,  0.05134129,  0.11636873, ...,  0.72702471,
          0.8276673 ,  0.95953653],
        [-0.05134129,  0.        ,  0.06522277, ...,  0.69081437,
          0.79776203,  0.94381417],
        [-0.11636873, -0.06522277,  0.        , ...,  0.64218528,
          0.75673584,  0.92024993],
        ...,
        [-0.72702471, -0.69081437, -0.64218528, ...,  0.        ,
          0.16026559,  0.45410998],
        [-0.8276673 , -0.79776203, -0.75673584, ..., -0.16026559,
          0.        ,  0.30545219],
        [-0.95953653, -0.94381417, -0.92024993, ..., -0.45410998,
         -0.30545219,  0.        ]],

       [[ 0.        ,  0.28996409,  0.35616869, ...,  0.06408764,
          0.40193655,  0.60862489],
        [-0.28996409,  0.        ,  0.06991807, ...,  0.35070227,
          0.65017906,  0.81255121],
        [-0.35616869, -0.06991807,  0.        , ...,  0.41532138,
          0.70171032,  0.85131722],
        ...,
        [-0.06408764, -0.35070227, -0.41532138, ...,  0.        ,
         -0.34242731, -0.55652287],
        [-0.40193655, -0.65017906, -0.70171032, ...,  0.34242731,
          0.        , -0.23837825],
        [-0.60862489, -0.81255121, -0.85131722, ...,  0.55652287,
          0.23837825,  0.        ]]]), 'num': array([5.50915815e-01, 5.50915815e-01, 0.00000000e+00, 5.18667085e-04,
       5.23504394e-04, 4.90449445e-04, 6.26882511e-01, 3.27862095e-05,
       4.83247229e-04, 4.56319539e-04, 4.47110735e-04, 2.20366326e-06,
       4.97712738e-04, 4.14926339e-04])}
{'img': array([[[ 0.        ,  0.09171625,  0.00631435, ...,  0.80377707,
          0.86786806,  0.79390624],
        [-0.09171625,  0.        , -0.08542669, ...,  0.74582449,
          0.81864599,  0.84632724],
        [-0.00631435,  0.08542669,  0.        , ...,  0.80000445,
          0.86471382,  0.79772979],
        ...,
        [-0.80377707, -0.74582449, -0.80000445, ...,  0.        ,
          0.11700902,  0.96104789],
        [-0.86786806, -0.81864599, -0.86471382, ..., -0.11700902,
          0.        ,  0.92210713],
        [-0.79390624, -0.84632724, -0.79772979, ..., -0.96104789,
         -0.92210713,  0.        ]],

       [[ 0.        , -0.32091684,  0.13701769, ...,  0.5215548 ,
          0.67136743,  0.82323017],
        [ 0.32091684,  0.        ,  0.44766061, ...,  0.76778035,
          0.87369643,  0.59750039],
        [-0.13701769, -0.44766061,  0.        , ...,  0.39972987,
          0.5634883 ,  0.89325196],
        ...,
        [-0.5215548 , -0.76778035, -0.39972987, ...,  0.        ,
          0.18628551,  0.99848532],
        [-0.67136743, -0.87369643, -0.5634883 , ..., -0.18628551,
          0.        ,  0.99125668],
        [-0.82323017, -0.59750039, -0.89325196, ..., -0.99848532,
         -0.99125668,  0.        ]],

       [[ 0.        , -0.16274523, -0.23630731, ...,  0.63836045,
          0.80159073,  0.94965975],
        [ 0.16274523,  0.        , -0.07502087, ...,  0.75512103,
          0.88820503,  0.88601365],
        [ 0.23630731,  0.07502087,  0.        , ...,  0.80217566,
          0.92017017,  0.84873272],
        ...,
        [-0.63836045, -0.75512103, -0.80217566, ...,  0.        ,
          0.23535594,  0.9309764 ],
        [-0.80159073, -0.88820503, -0.92017017, ..., -0.23535594,
          0.        ,  0.81890097],
        [-0.94965975, -0.88601365, -0.84873272, ..., -0.9309764 ,
         -0.81890097,  0.        ]],

       ...,

       [[ 0.        ,  0.11226601,  0.11692481, ...,  0.30966503,
          0.53536687,  0.6713943 ],
        [-0.11226601,  0.        ,  0.00468968, ...,  0.20095973,
          0.43716031,  0.58394949],
        [-0.11692481, -0.00468968,  0.        , ...,  0.19636351,
          0.43293768,  0.58013603],
        ...,
        [-0.30966503, -0.20095973, -0.19636351, ...,  0.        ,
          0.24750214,  0.40889953],
        [-0.53536687, -0.43716031, -0.43293768, ..., -0.24750214,
          0.        ,  0.17031223],
        [-0.6713943 , -0.58394949, -0.58013603, ..., -0.40889953,
         -0.17031223,  0.        ]],

       [[ 0.        ,  0.05768437,  0.06717465, ...,  0.70129575,
          0.84247488,  0.82607068],
        [-0.05768437,  0.        ,  0.00950872, ...,  0.65900652,
          0.80999543,  0.85720415],
        [-0.06717465, -0.00950872,  0.        , ...,  0.65182487,
          0.80438255,  0.86206217],
        ...,
        [-0.70129575, -0.65900652, -0.65182487, ...,  0.        ,
          0.22276244,  0.98410818],
        [-0.84247488, -0.80999543, -0.80438255, ..., -0.22276244,
          0.        ,  0.91982434],
        [-0.82607068, -0.85720415, -0.86206217, ..., -0.98410818,
         -0.91982434,  0.        ]],

       [[ 0.        ,  0.21375333,  0.55002987, ...,  0.40612803,
          0.61449089,  0.93126979],
        [-0.21375333,  0.        ,  0.35880238, ...,  0.59207272,
          0.76892369,  0.98762279],
        [-0.55002987, -0.35880238,  0.        , ...,  0.84180199,
          0.94712071,  0.97813785],
        ...,
        [-0.40612803, -0.59207272, -0.84180199, ...,  0.        ,
         -0.24112761, -0.70304465],
        [-0.61449089, -0.76892369, -0.94712071, ...,  0.24112761,
          0.        , -0.51082334],
        [-0.93126979, -0.98762279, -0.97813785, ...,  0.70304465,
          0.51082334,  0.        ]]]), 'num': array([ 6.59993190e-01,  6.59993190e-01,  0.00000000e+00,  6.00110881e-04,
        6.24578921e-04,  5.97535298e-04,  3.58908514e-01, -2.12485612e-05,
        5.89679769e-04,  5.49709938e-04,  5.36998362e-04,  2.23662434e-06,
        6.04320302e-04,  4.95099574e-04])}
{'img': array([[[ 0.        , -0.08542669,  0.01771395, ...,  0.81864599,
          0.84632724,  0.96185974],
        [ 0.08542669,  0.        ,  0.10306248, ...,  0.86471382,
          0.79772979,  0.98171151],
        [-0.01771395, -0.10306248,  0.        , ...,  0.80834445,
          0.85563002,  0.95686329],
        ...,
        [-0.81864599, -0.86471382, -0.80834445, ...,  0.        ,
          0.92210713,  0.3284596 ],
        [-0.84632724, -0.79772979, -0.85563002, ..., -0.92210713,
          0.        , -0.74385439],
        [-0.96185974, -0.98171151, -0.95686329, ..., -0.3284596 ,
          0.74385439,  0.        ]],

       [[ 0.        ,  0.44766061,  0.3548641 , ...,  0.87369643,
          0.59750039,  0.97262559],
        [-0.44766061,  0.        , -0.10120518, ...,  0.5634883 ,
          0.89325196,  0.76569884],
        [-0.3548641 ,  0.10120518,  0.        , ...,  0.64420315,
          0.84316819,  0.82686252],
        ...,
        [-0.87369643, -0.5634883 , -0.64420315, ...,  0.        ,
          0.99125668,  0.27012697],
        [-0.59750039, -0.89325196, -0.84316819, ..., -0.99125668,
          0.        , -0.91876379],
        [-0.97262559, -0.76569884, -0.82686252, ..., -0.27012697,
          0.91876379,  0.        ]],

       [[ 0.        , -0.06888349, -0.07249988, ...,  0.81279473,
          0.98767959,  0.84841882],
        [ 0.06888349,  0.        , -0.00362545, ...,  0.8509922 ,
          0.99611312,  0.80994179],
        [ 0.07249988,  0.00362545,  0.        , ...,  0.85289062,
          0.99642592,  0.80781011],
        ...,
        [-0.81279473, -0.8509922 , -0.85289062, ...,  0.        ,
          0.44817893,  0.92447954],
        [-0.98767959, -0.99611312, -0.99642592, ..., -0.44817893,
          0.        ,  0.65557281],
        [-0.84841882, -0.80994179, -0.80781011, ..., -0.92447954,
         -0.65557281,  0.        ]],

       ...,

       [[ 0.        ,  0.00468968, -0.01818525, ...,  0.43716031,
          0.58394949,  0.20873912],
        [-0.00468968,  0.        , -0.02287396, ...,  0.43293768,
          0.58013603,  0.20415045],
        [ 0.01818525,  0.02287396,  0.        , ...,  0.45344353,
          0.59861553,  0.22648926],
        ...,
        [-0.43716031, -0.43293768, -0.45344353, ...,  0.        ,
          0.17031223, -0.23979372],
        [-0.58394949, -0.58013603, -0.59861553, ..., -0.17031223,
          0.        , -0.40163355],
        [-0.20873912, -0.20415045, -0.22648926, ...,  0.23979372,
          0.40163355,  0.        ]],

       [[ 0.        ,  0.00872776, -0.00619715, ...,  0.74091615,
          0.99434659,  0.81814906],
        [-0.00872776,  0.        , -0.01492451, ...,  0.73502639,
          0.99338198,  0.82313642],
        [ 0.00619715,  0.01492451,  0.        , ...,  0.74506392,
          0.99498553,  0.81456995],
        ...,
        [-0.74091615, -0.73502639, -0.74506392, ...,  0.        ,
          0.58912793,  0.97549827],
        [-0.99434659, -0.99338198, -0.99498553, ..., -0.58912793,
          0.        ,  0.65862906],
        [-0.81814906, -0.82313642, -0.81456995, ..., -0.97549827,
         -0.65862906,  0.        ]],

       [[ 0.        ,  0.51598078,  0.77255231, ...,  0.6176461 ,
          0.93414316,  0.96231687],
        [-0.51598078,  0.        ,  0.33414586, ...,  0.93487201,
          0.98433996,  0.96463174],
        [-0.77255231, -0.33414586,  0.        , ...,  0.99975361,
          0.86885803,  0.82110479],
        ...,
        [-0.6176461 , -0.93487201, -0.99975361, ...,  0.        ,
         -0.51422566, -0.58886316],
        [-0.93414316, -0.98433996, -0.86885803, ...,  0.51422566,
          0.        , -0.08942737],
        [-0.96231687, -0.96463174, -0.82110479, ...,  0.58886316,
          0.08942737,  0.        ]]]), 'num': array([ 8.37529745e-01,  4.48716651e-01,  2.09715800e-05,  7.59400574e-04,
        7.78242228e-04,  7.49570146e-04,  3.11757938e-01, -4.09601172e-06,
        7.57106807e-04,  7.03530974e-04,  6.84764413e-04,  2.96147487e-06,
        7.76823905e-04,  6.30238043e-04])}
{'img': array([[[ 0.        ,  0.10306248,  0.27353629, ...,  0.79772979,
          0.98171151,  0.96710353],
        [-0.10306248,  0.        ,  0.17294783, ...,  0.85563002,
          0.95686329,  0.93573624],
        [-0.27353629, -0.17294783,  0.        , ...,  0.93225223,
          0.89219629,  0.86063682],
        ...,
        [-0.79772979, -0.85563002, -0.93225223, ...,  0.        ,
         -0.74385439, -0.78610699],
        [-0.98171151, -0.95686329, -0.89219629, ...,  0.74385439,
          0.        , -0.06561879],
        [-0.96710353, -0.93573624, -0.86063682, ...,  0.78610699,
          0.06561879,  0.        ]],

       [[ 0.        , -0.11083042,  0.28739321, ...,  0.88030641,
          0.77935453,  0.53331458],
        [ 0.11083042,  0.        ,  0.39177746, ...,  0.82230457,
          0.84399766,  0.62378234],
        [-0.28739321, -0.39177746,  0.        , ...,  0.97950958,
          0.56639989,  0.26770467],
        ...,
        [-0.88030641, -0.82230457, -0.97950958, ...,  0.        ,
         -0.92131533, -0.99767355],
        [-0.77935453, -0.84399766, -0.56639989, ...,  0.92131533,
          0.        , -0.32510327],
        [-0.53331458, -0.62378234, -0.26770467, ...,  0.99767355,
          0.32510327,  0.        ]],

       [[ 0.        , -0.00349254,  0.09585407, ...,  0.9796365 ,
          0.98555172,  0.79201839],
        [ 0.00349254,  0.        ,  0.09932994, ...,  0.98033176,
          0.98495416,  0.78988137],
        [-0.09585407, -0.09932994,  0.        , ...,  0.95588015,
          0.99724891,  0.8468901 ],
        ...,
        [-0.9796365 , -0.98033176, -0.95588015, ...,  0.        ,
          0.36380407,  0.75708627],
        [-0.98555172, -0.98495416, -0.99724891, ..., -0.36380407,
          0.        ,  0.46752869],
        [-0.79201839, -0.78988137, -0.8468901 , ..., -0.75708627,
         -0.46752869,  0.        ]],

       ...,

       [[ 0.        , -0.02287396,  0.15736311, ...,  0.58013603,
          0.20415045,  0.28899032],
        [ 0.02287396,  0.        ,  0.1799109 , ...,  0.59861553,
          0.22648926,  0.31081268],
        [-0.15736311, -0.1799109 ,  0.        , ...,  0.44473267,
          0.04755794,  0.13474099],
        ...,
        [-0.58013603, -0.59861553, -0.44473267, ...,  0.        ,
         -0.40163355, -0.31999452],
        [-0.20415045, -0.22648926, -0.04755794, ...,  0.40163355,
          0.        ,  0.08746428],
        [-0.28899032, -0.31081268, -0.13474099, ...,  0.31999452,
         -0.08746428,  0.        ]],

       [[ 0.        , -0.01408856, -0.00544206, ...,  0.96155802,
          0.9987848 ,  0.79564936],
        [ 0.01408856,  0.        ,  0.00864683, ...,  0.96533133,
          0.99799133,  0.78703614],
        [ 0.00544206, -0.00864683,  0.        , ...,  0.96303818,
          0.9985018 ,  0.79234101],
        ...,
        [-0.96155802, -0.96533133, -0.96303818, ...,  0.        ,
          0.32165771,  0.80095772],
        [-0.9987848 , -0.99799133, -0.9985018 , ..., -0.32165771,
          0.        ,  0.56580844],
        [-0.79564936, -0.78703614, -0.79234101, ..., -0.80095772,
         -0.56580844,  0.        ]],

       [[ 0.        ,  0.64848051,  0.85812458, ...,  0.95163634,
          0.97646055,  0.97362221],
        [-0.64848051,  0.        ,  0.32027444, ...,  0.92364589,
          0.88318699,  0.88911297],
        [-0.85812458, -0.32027444,  0.        , ...,  0.75224844,
          0.6864495 ,  0.69569307],
        ...,
        [-0.95163634, -0.92364589, -0.75224844, ...,  0.        ,
         -0.09473058, -0.08199157],
        [-0.97646055, -0.88318699, -0.6864495 , ...,  0.09473058,
          0.        ,  0.01278877],
        [-0.97362221, -0.88911297, -0.69569307, ...,  0.08199157,
         -0.01278877,  0.        ]]]), 'num': array([ 7.48714987e-01,  5.99046696e-01,  8.14743008e-06,  6.74181489e-04,
        7.00238585e-04,  6.69410472e-04,  2.83840573e-01, -6.23902304e-06,
        6.82108719e-04,  6.34471943e-04,  6.14929120e-04,  2.40249194e-06,
        7.00307362e-04,  5.68636523e-04])}
{'img': array([[[ 0.        ,  0.17294783,  0.18353386, ...,  0.95686329,
          0.93573624,  0.89381149],
        [-0.17294783,  0.        ,  0.01075815, ...,  0.89219629,
          0.86063682,  0.80278541],
        [-0.18353386, -0.01075815,  0.        , ...,  0.88728577,
          0.85510875,  0.79632421],
        ...,
        [-0.95686329, -0.89219629, -0.88728577, ...,  0.        ,
         -0.06561879, -0.16941184],
        [-0.93573624, -0.86063682, -0.85510875, ...,  0.06561879,
          0.        , -0.10437643],
        [-0.89381149, -0.80278541, -0.79632421, ...,  0.16941184,
          0.10437643,  0.        ]],

       [[ 0.        ,  0.39177746,  0.20888994, ...,  0.84399766,
          0.62378234,  0.63347073],
        [-0.39177746,  0.        , -0.19094324, ...,  0.56639989,
          0.26770467,  0.27968676],
        [-0.20888994,  0.19094324,  0.        , ...,  0.7133409 ,
          0.4467532 ,  0.45786377],
        ...,
        [-0.84399766, -0.56639989, -0.7133409 , ...,  0.        ,
         -0.32510327, -0.31329721],
        [-0.62378234, -0.26770467, -0.4467532 , ...,  0.32510327,
          0.        ,  0.01245755],
        [-0.63347073, -0.27968676, -0.45786377, ...,  0.31329721,
         -0.01245755,  0.        ]],

       [[ 0.        ,  0.09718427,  0.17577161, ...,  0.99773259,
          0.95357042,  0.77948764],
        [-0.09718427,  0.        ,  0.07926837, ...,  0.99955051,
          0.9783256 ,  0.8366758 ],
        [-0.17577161, -0.07926837,  0.        , ...,  0.9940288 ,
          0.99166142,  0.87745821],
        ...,
        [-0.99773259, -0.99955051, -0.9940288 , ...,  0.        ,
          0.23630925,  0.57253552],
        [-0.95357042, -0.9783256 , -0.99166142, ..., -0.23630925,
          0.        ,  0.3625749 ],
        [-0.77948764, -0.8366758 , -0.87745821, ..., -0.57253552,
         -0.3625749 ,  0.        ]],

       ...,

       [[ 0.        ,  0.1799109 ,  0.09418637, ...,  0.22648926,
          0.31081268,  0.10680337],
        [-0.1799109 ,  0.        , -0.0864616 , ...,  0.04755794,
          0.13474099, -0.07382119],
        [-0.09418637,  0.0864616 ,  0.        , ...,  0.13374361,
          0.21990956,  0.01268094],
        ...,
        [-0.22648926, -0.04755794, -0.13374361, ...,  0.        ,
          0.08746428, -0.12116584],
        [-0.31081268, -0.13474099, -0.21990956, ..., -0.08746428,
          0.        , -0.20752136],
        [-0.10680337,  0.07382119, -0.01268094, ...,  0.12116584,
          0.20752136,  0.        ]],

       [[ 0.        ,  0.00837844,  0.07387244, ...,  0.99831811,
          0.97162598,  0.77167139],
        [-0.00837844,  0.        ,  0.0655143 , ...,  0.99779733,
          0.97357357,  0.77697317],
        [-0.07387244, -0.0655143 ,  0.        , ...,  0.99130773,
          0.98644371,  0.81654741],
        ...,
        [-0.99831811, -0.99779733, -0.99130773, ...,  0.        ,
          0.29245366,  0.67968843],
        [-0.97162598, -0.97357357, -0.98644371, ..., -0.29245366,
          0.        ,  0.43545721],
        [-0.77167139, -0.77697317, -0.81654741, ..., -0.67968843,
         -0.43545721,  0.        ]],

       [[ 0.        ,  0.69540545,  0.74424641, ...,  0.99400126,
          0.99234093,  0.95226202],
        [-0.69540545,  0.        ,  0.0703637 , ...,  0.79036233,
          0.79901658,  0.89660695],
        [-0.74424641, -0.0703637 ,  0.        , ...,  0.74529575,
          0.75472582,  0.86322566],
        ...,
        [-0.99400126, -0.79036233, -0.74529575, ...,  0.        ,
          0.0142573 ,  0.19930302],
        [-0.99234093, -0.79901658, -0.75472582, ..., -0.0142573 ,
          0.        ,  0.1853115 ],
        [-0.95226202, -0.89660695, -0.86322566, ..., -0.19930302,
         -0.1853115 ,  0.        ]]]), 'num': array([7.51818844e-01, 6.21599609e-01, 7.07328820e-06, 6.78225186e-04,
       6.87435196e-04, 6.63857569e-04, 2.19952001e-01, 1.47360171e-06,
       6.87140476e-04, 6.40777282e-04, 6.18581157e-04, 2.40588034e-06,
       7.06987059e-04, 5.74567505e-04])}
{'img': array([[[ 0.        ,  0.01075815,  0.05862585, ...,  0.86063682,
          0.80278541,  0.81682451],
        [-0.01075815,  0.        ,  0.04788281, ...,  0.85510875,
          0.79632421,  0.81057101],
        [-0.05862585, -0.04788281,  0.        , ...,  0.82930313,
          0.76644792,  0.78159915],
        ...,
        [-0.86063682, -0.85510875, -0.82930313, ...,  0.        ,
         -0.10437643, -0.08054674],
        [-0.80278541, -0.79632421, -0.76644792, ...,  0.10437643,
          0.        ,  0.02393051],
        [-0.81682451, -0.81057101, -0.78159915, ...,  0.08054674,
         -0.02393051,  0.        ]],

       [[ 0.        , -0.19094324, -0.23687043, ...,  0.26770467,
          0.27968676,  0.09253148],
        [ 0.19094324,  0.        , -0.04700304, ...,  0.4467532 ,
          0.45786377,  0.28095305],
        [ 0.23687043,  0.04700304,  0.        , ...,  0.48831103,
          0.49914447,  0.32575235],
        ...,
        [-0.26770467, -0.4467532 , -0.48831103, ...,  0.        ,
          0.01245755, -0.17740198],
        [-0.27968676, -0.45786377, -0.49914447, ..., -0.01245755,
          0.        , -0.18964816],
        [-0.09253148, -0.28095305, -0.32575235, ...,  0.17740198,
          0.18964816,  0.        ]],

       [[ 0.        ,  0.07814239,  0.14396202, ...,  0.99297593,
          0.95630563,  0.83021639],
        [-0.07814239,  0.        ,  0.06619341, ...,  0.99918515,
          0.97622785,  0.87123755],
        [-0.14396202, -0.06619341,  0.        , ...,  0.9996654 ,
          0.98843401,  0.90181857],
        ...,
        [-0.99297593, -0.99918515, -0.9996654 , ...,  0.        ,
          0.17716841,  0.45529738],
        [-0.95630563, -0.97622785, -0.98843401, ..., -0.17716841,
          0.        ,  0.2903548 ],
        [-0.83021639, -0.87123755, -0.90181857, ..., -0.45529738,
         -0.2903548 ,  0.        ]],

       ...,

       [[ 0.        , -0.0864616 , -0.31001502, ...,  0.13474099,
         -0.07382119, -0.07851478],
        [ 0.0864616 ,  0.        , -0.22665229, ...,  0.21990956,
          0.01268094,  0.00797393],
        [ 0.31001502,  0.22665229,  0.        , ...,  0.43529047,
          0.238985  ,  0.2344115 ],
        ...,
        [-0.13474099, -0.21990956, -0.43529047, ...,  0.        ,
         -0.20752136, -0.21212383],
        [ 0.07382119, -0.01268094, -0.238985  , ...,  0.20752136,
          0.        , -0.00470725],
        [ 0.07851478, -0.00797393, -0.2344115 , ...,  0.21212383,
          0.00470725,  0.        ]],

       [[ 0.        ,  0.06369134,  0.11455327, ...,  0.99636441,
          0.96185768,  0.76330787],
        [-0.06369134,  0.        ,  0.05104862, ...,  0.99976754,
          0.97732756,  0.80290491],
        [-0.11455327, -0.05104862,  0.        , ...,  0.99956466,
          0.98686196,  0.83228851],
        ...,
        [-0.99636441, -0.99976754, -0.99956466, ...,  0.        ,
          0.19061164,  0.57865717],
        [-0.96185768, -0.97732756, -0.98686196, ..., -0.19061164,
          0.        ,  0.41259049],
        [-0.76330787, -0.80290491, -0.83228851, ..., -0.57865717,
         -0.41259049,  0.        ]],

       [[ 0.        ,  0.17136193,  0.43988618, ...,  0.96609006,
          0.99866415,  0.98781669],
        [-0.17136193,  0.        ,  0.27948726, ...,  0.90755323,
          0.97503759,  0.99987272],
        [-0.43988618, -0.27948726,  0.        , ...,  0.75401963,
          0.87412444,  0.9555682 ],
        ...,
        [-0.96609006, -0.90755323, -0.75401963, ...,  0.        ,
          0.20794141,  0.40540433],
        [-0.99866415, -0.97503759, -0.87412444, ..., -0.20794141,
          0.        ,  0.20645567],
        [-0.98781669, -0.99987272, -0.9555682 , ..., -0.40540433,
         -0.20645567,  0.        ]]]), 'num': array([ 7.21302739e-01,  6.60492505e-01,  3.36339791e-06,  6.40107729e-04,
        6.67368954e-04,  6.34089017e-04,  2.08491761e-01, -1.16833822e-05,
        6.51720303e-04,  6.19573300e-04,  5.95350934e-04,  2.08352083e-06,
        6.79469821e-04,  5.59676778e-04])}
{'img': array([[[ 0.        ,  0.04788281, -0.04329803, ...,  0.79632421,
          0.81057101,  0.68656523],
        [-0.04788281,  0.        , -0.09108627, ...,  0.76644792,
          0.78159915,  0.65096365],
        [ 0.04329803,  0.09108627,  0.        , ...,  0.8217671 ,
          0.83516794,  0.71740199],
        ...,
        [-0.79632421, -0.76644792, -0.8217671 , ...,  0.        ,
          0.02393051, -0.16369929],
        [-0.81057101, -0.78159915, -0.83516794, ..., -0.02393051,
          0.        , -0.18726011],
        [-0.68656523, -0.65096365, -0.71740199, ...,  0.16369929,
          0.18726011,  0.        ]],

       [[ 0.        , -0.04700304, -0.10744787, ...,  0.45786377,
          0.28095305,  0.27172686],
        [ 0.04700304,  0.        , -0.06059819, ...,  0.49914447,
          0.32575235,  0.31666105],
        [ 0.10744787,  0.06059819,  0.        , ...,  0.55073663,
          0.38244657,  0.37355884],
        ...,
        [-0.45786377, -0.49914447, -0.55073663, ...,  0.        ,
         -0.18964816, -0.19906513],
        [-0.28095305, -0.32575235, -0.38244657, ...,  0.18964816,
          0.        , -0.00959992],
        [-0.27172686, -0.31666105, -0.37355884, ...,  0.19906513,
          0.00959992,  0.        ]],

       [[ 0.        ,  0.06619341,  0.12588115, ...,  0.97622785,
          0.87123755,  0.99825494],
        [-0.06619341,  0.        ,  0.0599382 , ...,  0.98843401,
          0.90181857,  0.99215676],
        [-0.12588115, -0.0599382 ,  0.        , ...,  0.99574662,
          0.92609737,  0.98288068],
        ...,
        [-0.97622785, -0.98843401, -0.99574662, ...,  0.        ,
          0.2903548 , -0.27401632],
        [-0.87123755, -0.90181857, -0.92609737, ..., -0.2903548 ,
          0.        , -0.54145292],
        [-0.99825494, -0.99215676, -0.98288068, ...,  0.27401632,
          0.54145292,  0.        ]],

       ...,

       [[ 0.        , -0.22665229, -0.3818046 , ...,  0.01268094,
          0.00797393, -0.18457977],
        [ 0.22665229,  0.        , -0.16238661, ...,  0.238985  ,
          0.2344115 ,  0.04298163],
        [ 0.3818046 ,  0.16238661,  0.        , ...,  0.39349418,
          0.38916232,  0.20464769],
        ...,
        [-0.01268094, -0.238985  , -0.39349418, ...,  0.        ,
         -0.00470725, -0.19702798],
        [-0.00797393, -0.2344115 , -0.38916232, ...,  0.00470725,
          0.        , -0.19241082],
        [ 0.18457977, -0.04298163, -0.20464769, ...,  0.19702798,
          0.19241082,  0.        ]],

       [[ 0.        ,  0.05103447,  0.04923349, ...,  0.97770717,
          0.82700146,  0.80277379],
        [-0.05103447,  0.        , -0.00180325, ...,  0.98714897,
          0.85461536,  0.83215871],
        [-0.04923349,  0.00180325,  0.        , ...,  0.9868592 ,
          0.85367761,  0.83115739],
        ...,
        [-0.97770717, -0.98714897, -0.9868592 , ...,  0.        ,
          0.37601869,  0.41442994],
        [-0.82700146, -0.85461536, -0.85367761, ..., -0.37601869,
          0.        ,  0.04180825],
        [-0.80277379, -0.83215871, -0.83115739, ..., -0.41442994,
         -0.04180825,  0.        ]],

       [[ 0.        ,  0.27948726,  0.57395933, ...,  0.97503759,
          0.99987272,  0.86860356],
        [-0.27948726,  0.        ,  0.32221911, ...,  0.87412444,
          0.9555682 ,  0.97247727],
        [-0.57395933, -0.32221911,  0.        , ...,  0.67100064,
          0.80962253,  0.99568664],
        ...,
        [-0.97503759, -0.87412444, -0.67100064, ...,  0.        ,
          0.20645567,  0.67600323],
        [-0.99987272, -0.9555682 , -0.80962253, ..., -0.20645567,
          0.        ,  0.50930247],
        [-0.86860356, -0.97247727, -0.99568664, ..., -0.67600323,
         -0.50930247,  0.        ]]]), 'num': array([6.96576068e-01, 6.50164513e-01, 2.56417430e-06, 6.18820730e-04,
       6.41727354e-04, 6.10957262e-04, 3.03421992e-01, 6.83779812e-07,
       6.25658528e-04, 6.01726235e-04, 5.75765394e-04, 2.16100224e-06,
       6.55807123e-04, 5.47645346e-04])}
{'img': array([[[ 0.        , -0.09108627, -0.05324958, ...,  0.78159915,
          0.65096365,  0.65921751],
        [ 0.09108627,  0.        ,  0.03792882, ...,  0.83516794,
          0.71740199,  0.72496968],
        [ 0.05324958, -0.03792882,  0.        , ...,  0.81370632,
          0.69046231,  0.69832338],
        ...,
        [-0.78159915, -0.83516794, -0.81370632, ...,  0.        ,
         -0.18726011, -0.17651792],
        [-0.65096365, -0.71740199, -0.69046231, ...,  0.18726011,
          0.        ,  0.01092426],
        [-0.65921751, -0.72496968, -0.69832338, ...,  0.17651792,
         -0.01092426,  0.        ]],

       [[ 0.        , -0.06059819, -0.09485231, ...,  0.32575235,
          0.31666105,  0.59254054],
        [ 0.06059819,  0.        , -0.03435302, ...,  0.38244657,
          0.37355884,  0.6402659 ],
        [ 0.09485231,  0.03435302,  0.        , ...,  0.41396226,
          0.40520443,  0.66627638],
        ...,
        [-0.32575235, -0.38244657, -0.41396226, ...,  0.        ,
         -0.00959992,  0.29781374],
        [-0.31666105, -0.37355884, -0.40520443, ...,  0.00959992,
          0.        ,  0.30696433],
        [-0.59254054, -0.6402659 , -0.66627638, ..., -0.29781374,
         -0.30696433,  0.        ]],

       [[ 0.        ,  0.0599382 ,  0.10449982, ...,  0.90181857,
          0.99215676,  0.97019788],
        [-0.0599382 ,  0.        ,  0.0447019 , ...,  0.92609737,
          0.98288068,  0.95392969],
        [-0.10449982, -0.0447019 ,  0.        , ...,  0.94203695,
          0.97366214,  0.93956419],
        ...,
        [-0.90181857, -0.92609737, -0.94203695, ...,  0.        ,
         -0.54145292, -0.63776019],
        [-0.99215676, -0.98288068, -0.97366214, ...,  0.54145292,
          0.        , -0.11913883],
        [-0.97019788, -0.95392969, -0.93956419, ...,  0.63776019,
          0.11913883,  0.        ]],

       ...,

       [[ 0.        , -0.16238661, -0.12910926, ...,  0.2344115 ,
          0.04298163,  0.17281221],
        [ 0.16238661,  0.        ,  0.03363188, ...,  0.38916232,
          0.20464769,  0.33046198],
        [ 0.12910926, -0.03363188,  0.        , ...,  0.35796151,
          0.17161183,  0.29853262],
        ...,
        [-0.2344115 , -0.38916232, -0.35796151, ...,  0.        ,
         -0.19241082, -0.0628875 ],
        [-0.04298163, -0.20464769, -0.17161183, ...,  0.19241082,
          0.        ,  0.13031755],
        [-0.17281221, -0.33046198, -0.29853262, ...,  0.0628875 ,
         -0.13031755,  0.        ]],

       [[ 0.        , -0.00180325, -0.04283303, ...,  0.85461536,
          0.83215871,  0.89605234],
        [ 0.00180325,  0.        , -0.04103137, ...,  0.85367761,
          0.83115739,  0.89525033],
        [ 0.04283303,  0.04103137,  0.        , ...,  0.83158948,
          0.80764247,  0.87621432],
        ...,
        [-0.85461536, -0.85367761, -0.83158948, ...,  0.        ,
          0.04180825, -0.0858804 ],
        [-0.83215871, -0.83115739, -0.80764247, ..., -0.04180825,
          0.        , -0.1274591 ],
        [-0.89605234, -0.89525033, -0.87621432, ...,  0.0858804 ,
          0.1274591 ,  0.        ]],

       [[ 0.        ,  0.30322119,  0.62306778, ...,  0.91768197,
          0.99994477,  0.62563894],
        [-0.30322119,  0.        ,  0.35656401, ...,  0.75400313,
          0.95605438,  0.8327307 ],
        [-0.62306778, -0.35656401,  0.        , ...,  0.47022668,
          0.78867299,  0.97541779],
        ...,
        [-0.91768197, -0.75400313, -0.47022668, ...,  0.        ,
          0.4069385 ,  0.96447162],
        [-0.99994477, -0.95605438, -0.78867299, ..., -0.4069385 ,
          0.        ,  0.7734943 ],
        [-0.62563894, -0.8327307 , -0.97541779, ..., -0.96447162,
         -0.7734943 ,  0.        ]]]), 'num': array([ 6.86605126e-01,  6.58299083e-01,  1.65532418e-06,  5.77674356e-04,
        6.07402627e-04,  5.77674356e-04,  3.08565906e-01, -3.37821261e-05,
        6.08483655e-04,  5.95325517e-04,  5.69138739e-04,  1.70544196e-06,
        6.47328434e-04,  5.43322600e-04])}
{'img': array([[[ 0.        ,  0.03792882, -0.0164442 , ...,  0.71740199,
          0.72496968,  0.29268768],
        [-0.03792882,  0.        , -0.05435606, ...,  0.69046231,
          0.69832338,  0.25620923],
        [ 0.0164442 ,  0.05435606,  0.        , ...,  0.728761  ,
          0.7361981 ,  0.30837218],
        ...,
        [-0.71740199, -0.69046231, -0.728761  , ...,  0.        ,
          0.01092426, -0.48208196],
        [-0.72496968, -0.69832338, -0.7361981 , ..., -0.01092426,
          0.        , -0.49162423],
        [-0.29268768, -0.25620923, -0.30837218, ...,  0.48208196,
          0.49162423,  0.        ]],

       [[ 0.        , -0.03435302, -0.15446611, ...,  0.37355884,
          0.6402659 ,  0.65887155],
