state_0,state_1,state_2,state_3,state_4,state_5,state_6,state_7,state_8,state_9,state_10,state_11,state_12,state_13,state_14,state_15,state_16,state_17,state_18,state_19,state_20,state_21,state_22,state_23,state_24,state_25,state_26,state_27,state_28,state_29,state_30,state_31,state_32,state_33,state_34,state_35,state_36,state_37,state_38,state_39,state_40,state_41,state_42,state_43,state_44,state_45,state_46,state_47,state_48,state_49,state_50,state_51,state_52,state_53,state_54,state_55,state_56,state_57,state_58,state_59,state_60,state_61,state_62,state_63,state_64,state_65,state_66,state_67,state_68,state_69,state_70,state_71,state_72,state_73,state_74,state_75,state_76,state_77,state_78,state_79,state_80,state_81,state_82,state_83,state_84,state_85,state_86,state_87,state_88,state_89,state_90,state_91,state_92,state_93,state_94,state_95,state_96,state_97,state_98,state_99,state_100,state_101,state_102,state_103,state_104,state_105,state_106,state_107,state_108,state_109,state_110,state_111,state_112,state_113,state_114,state_115,state_116,state_117,state_118,state_119,state_120,state_121,state_122,state_123,state_124,state_125,state_126,state_127,state_128,state_129,state_130,state_131,state_132,state_133,state_134,state_135,state_136,state_137,state_138,state_139,state_140,state_141,state_142,state_143,state_144,state_145,state_146,state_147,state_148,state_149,state_150,state_151,state_152,state_153,state_154,state_155,state_156,state_157,state_158,state_159,state_160,state_161,state_162,state_163,state_164,state_165,state_166,state_167,state_168,state_169,state_170,state_171,state_172,state_173,state_174,state_175,state_176,state_177,state_178,state_179,state_180,state_181,state_182,state_183,state_184,state_185,state_186,state_187,state_188,state_189,state_190,state_191,state_192,state_193,state_194,state_195,state_196,state_197,state_198,state_199,state_200,state_201,state_202,state_203,state_204,state_205,state_206,state_207,state_208,state_209,state_210,state_211,state_212,state_213,state_214,state_215,state_216,state_217,state_218,state_219,state_220,state_221,state_222,state_223,state_224,state_225,state_226,state_227,state_228,state_229,state_230,state_231,state_232,state_233,state_234,state_235,state_236,state_237,state_238,state_239,state_240,state_241,state_242,state_243,state_244,state_245,state_246,state_247,state_248,state_249,state_250,state_251,state_252,state_253,state_254,state_255,state_256,state_257,state_258,state_259,state_260,state_261,state_262,state_263,state_264,state_265,state_266,state_267,state_268,state_269,state_270,state_271,state_272,state_273,state_274,state_275,state_276,state_277,state_278,state_279,state_280,state_281,state_282,state_283,state_284,state_285,state_286,state_287
{'img': array([[[ 0.        , -0.69985421, -0.33319725, ..., -0.87411763,
         -0.75376605, -0.75376605],
        [ 0.69985421,  0.        ,  0.42186451, ..., -0.28444055,
         -0.07850013, -0.07850013],
        [ 0.33319725, -0.42186451,  0.        , ..., -0.66232939,
         -0.49173552, -0.49173552],
        ...,
        [ 0.87411763,  0.28444055,  0.66232939, ...,  0.        ,
          0.20830522,  0.20830522],
        [ 0.75376605,  0.07850013,  0.49173552, ..., -0.20830522,
          0.        ,  0.        ],
        [ 0.75376605,  0.07850013,  0.49173552, ..., -0.20830522,
          0.        ,  0.        ]],

       [[ 0.        ,  0.80706915, -0.00648225, ...,  0.17132293,
          0.13113759, -0.31494145],
        [-0.80706915,  0.        , -0.81087968, ..., -0.69397776,
         -0.72266835, -0.95195765],
        [ 0.00648225,  0.81087968,  0.        , ...,  0.17770575,
          0.1375611 , -0.30878246],
        ...,
        [-0.17132293,  0.69397776, -0.17770575, ...,  0.        ,
         -0.04064471, -0.47288952],
        [-0.13113759,  0.72266835, -0.1375611 , ...,  0.04064471,
          0.        , -0.43668581],
        [ 0.31494145,  0.95195765,  0.30878246, ...,  0.47288952,
          0.43668581,  0.        ]],

       [[ 0.        ,  0.        ,  0.16384264, ..., -0.91134786,
         -0.81863079, -0.73045327],
        [ 0.        ,  0.        ,  0.16384264, ..., -0.91134786,
         -0.81863079, -0.73045327],
        [-0.16384264, -0.16384264,  0.        , ..., -0.96647606,
         -0.90166634, -0.83248069],
        ...,
        [ 0.91134786,  0.91134786,  0.96647606, ...,  0.        ,
          0.18642667,  0.32173493],
        [ 0.81863079,  0.81863079,  0.90166634, ..., -0.18642667,
          0.        ,  0.13958024],
        [ 0.73045327,  0.73045327,  0.83248069, ..., -0.32173493,
         -0.13958024,  0.        ]],

       ...,

       [[ 0.        , -0.37167233, -0.23304169, ...,  0.48584011,
          0.35721887,  0.94840889],
        [ 0.37167233,  0.        ,  0.14509148, ...,  0.77589581,
          0.67877878,  0.99830729],
        [ 0.23304169, -0.14509148,  0.        , ...,  0.67615291,
          0.56504923,  0.99618193],
        ...,
        [-0.48584011, -0.77589581, -0.67615291, ...,  0.        ,
         -0.1415584 ,  0.67491909],
        [-0.35721887, -0.67877878, -0.56504923, ...,  0.1415584 ,
          0.        ,  0.77257737],
        [-0.94840889, -0.99830729, -0.99618193, ..., -0.67491909,
         -0.77257737,  0.        ]],

       [[ 0.        , -0.01972372, -0.00299243, ..., -0.96399012,
         -0.91485694, -0.86776528],
        [ 0.01972372,  0.        ,  0.01673179, ..., -0.95855731,
         -0.90671496, -0.85779429],
        [ 0.00299243, -0.01673179,  0.        , ..., -0.96319001,
         -0.91364457, -0.86627424],
        ...,
        [ 0.96399012,  0.95855731,  0.96319001, ...,  0.        ,
          0.14594286,  0.24830647],
        [ 0.91485694,  0.90671496,  0.91364457, ..., -0.14594286,
          0.        ,  0.10427571],
        [ 0.86776528,  0.85779429,  0.86627424, ..., -0.24830647,
         -0.10427571,  0.        ]],

       [[ 0.        ,  0.05144951,  0.10012163, ..., -0.9132226 ,
         -0.92293148, -0.95082044],
        [-0.05144951,  0.        ,  0.04879805, ..., -0.89104945,
         -0.90190293, -0.93362506],
        [-0.10012163, -0.04879805,  0.        , ..., -0.86783818,
         -0.87975069, -0.91503082],
        ...,
        [ 0.9132226 ,  0.89104945,  0.86783818, ...,  0.        ,
          0.02450055,  0.1045583 ],
        [ 0.92293148,  0.90190293,  0.87975069, ..., -0.02450055,
          0.        ,  0.08016065],
        [ 0.95082044,  0.93362506,  0.91503082, ..., -0.1045583 ,
         -0.08016065,  0.        ]]]), 'num': array([8.26061024e-01, 5.63571052e-01, 8.74966573e-06, 9.65036661e-04,
       9.69861845e-04, 9.55386295e-04, 1.88963829e-03, 1.60839444e-06,
       9.60533157e-04, 9.46298866e-04, 9.42411913e-04, 2.44475954e-06,
       9.66004816e-04, 9.26592916e-04])}
{'img': array([[[ 0.        ,  0.64437948,  0.        , ..., -0.08680732,
         -0.08680732,  0.        ],
        [-0.64437948,  0.        , -0.64437948, ..., -0.70832909,
         -0.70832909, -0.64437948],
        [ 0.        ,  0.64437948,  0.        , ..., -0.08680732,
         -0.08680732,  0.        ],
        ...,
        [ 0.08680732,  0.70832909,  0.08680732, ...,  0.        ,
          0.        ,  0.08680732],
        [ 0.08680732,  0.70832909,  0.08680732, ...,  0.        ,
          0.        ,  0.08680732],
        [ 0.        ,  0.64437948,  0.        , ..., -0.08680732,
         -0.08680732,  0.        ]],

       [[ 0.        , -0.81087968, -0.74067857, ..., -0.72266835,
         -0.95195765, -0.90607242],
        [ 0.81087968,  0.        ,  0.1113426 , ...,  0.1375611 ,
         -0.30878246, -0.18714371],
        [ 0.74067857, -0.1113426 ,  0.        , ...,  0.02642166,
         -0.41276406, -0.29535553],
        ...,
        [ 0.72266835, -0.1375611 , -0.02642166, ...,  0.        ,
         -0.43668581, -0.32049534],
        [ 0.95195765,  0.30878246,  0.41276406, ...,  0.43668581,
          0.        ,  0.12532855],
        [ 0.90607242,  0.18714371,  0.29535553, ...,  0.32049534,
         -0.12532855,  0.        ]],

       [[ 0.        ,  0.16384264, -0.06838403, ..., -0.81863079,
         -0.73045327, -0.65790096],
        [-0.16384264,  0.        , -0.23091902, ..., -0.90166634,
         -0.83248069, -0.77240104],
        [ 0.06838403,  0.23091902,  0.        , ..., -0.77744011,
         -0.6820396 , -0.60486055],
        ...,
        [ 0.81863079,  0.90166634,  0.77744011, ...,  0.        ,
          0.13958024,  0.23866871],
        [ 0.73045327,  0.83248069,  0.6820396 , ..., -0.13958024,
          0.        ,  0.10078581],
        [ 0.65790096,  0.77240104,  0.60486055, ..., -0.23866871,
         -0.10078581,  0.        ]],

       ...,

       [[ 0.        ,  0.14509148, -0.22143671, ...,  0.67877878,
          0.99830729,  0.89919229],
        [-0.14509148,  0.        , -0.36058307, ...,  0.56504923,
          0.99618193,  0.82619195],
        [ 0.22143671,  0.36058307,  0.        , ...,  0.82453839,
          0.96064536,  0.97376006],
        ...,
        [-0.67877878, -0.56504923, -0.82453839, ...,  0.        ,
          0.77257737,  0.36331324],
        [-0.99830729, -0.99618193, -0.96064536, ..., -0.77257737,
          0.        , -0.4891098 ],
        [-0.89919229, -0.82619195, -0.97376006, ..., -0.36331324,
          0.4891098 ,  0.        ]],

       [[ 0.        ,  0.01673179, -0.00488065, ..., -0.90671496,
         -0.85779429, -0.81628072],
        [-0.01673179,  0.        , -0.02161156, ..., -0.91364457,
         -0.86627424, -0.82583167],
        [ 0.00488065,  0.02161156,  0.        , ..., -0.90464578,
         -0.85527545, -0.81345167],
        ...,
        [ 0.90671496,  0.91364457,  0.90464578, ...,  0.        ,
          0.10427571,  0.17950734],
        [ 0.85779429,  0.86627424,  0.85527545, ..., -0.10427571,
          0.        ,  0.07594682],
        [ 0.81628072,  0.82583167,  0.81345167, ..., -0.17950734,
         -0.07594682,  0.        ]],

       [[ 0.        ,  0.04879805,  0.20514578, ..., -0.90190293,
         -0.93362506, -0.97016654],
        [-0.04879805,  0.        ,  0.1571412 , ..., -0.87975069,
         -0.91503082, -0.95718018],
        [-0.20514578, -0.1571412 ,  0.        , ..., -0.79411033,
         -0.84027438, -0.89979706],
        ...,
        [ 0.90190293,  0.87975069,  0.79411033, ...,  0.        ,
          0.08016065,  0.20039571],
        [ 0.93362506,  0.91503082,  0.84027438, ..., -0.08016065,
          0.        ,  0.12121623],
        [ 0.97016654,  0.95718018,  0.89979706, ..., -0.20039571,
         -0.12121623,  0.        ]]]), 'num': array([8.79906884e-01, 4.74220988e-01, 1.34333078e-05, 8.27930400e-03,
       8.30671892e-03, 8.19705926e-03, 1.85900531e-02, 5.48298278e-05,
       8.21899119e-03, 8.07986050e-03, 8.03256978e-03, 2.17428628e-05,
       8.26690075e-03, 7.89282026e-03])}
{'img': array([[[ 0.        , -0.64437948, -0.70832909, ..., -0.70832909,
         -0.64437948,  0.        ],
        [ 0.64437948,  0.        , -0.08680732, ..., -0.08680732,
          0.        ,  0.64437948],
        [ 0.70832909,  0.08680732,  0.        , ...,  0.        ,
          0.08680732,  0.70832909],
        ...,
        [ 0.70832909,  0.08680732,  0.        , ...,  0.        ,
          0.08680732,  0.70832909],
        [ 0.64437948,  0.        , -0.08680732, ..., -0.08680732,
          0.        ,  0.64437948],
        [ 0.        , -0.64437948, -0.70832909, ..., -0.70832909,
         -0.64437948,  0.        ]],

       [[ 0.        ,  0.1113426 ,  0.19359133, ..., -0.30878246,
         -0.18714371, -0.05935419],
        [-0.1113426 ,  0.        ,  0.08315135, ..., -0.41276406,
         -0.29535553, -0.17013143],
        [-0.19359133, -0.08315135,  0.        , ..., -0.48707204,
         -0.37377444, -0.25148137],
        ...,
        [ 0.30878246,  0.41276406,  0.48707204, ...,  0.        ,
          0.12532855,  0.25178436],
        [ 0.18714371,  0.29535553,  0.37377444, ..., -0.12532855,
          0.        ,  0.12850823],
        [ 0.05935419,  0.17013143,  0.25148137, ..., -0.25178436,
         -0.12850823,  0.        ]],

       [[ 0.        , -0.23091902, -0.36134438, ..., -0.83248069,
         -0.77240104, -0.6035868 ],
        [ 0.23091902,  0.        , -0.13626193, ..., -0.6820396 ,
         -0.60486055, -0.40316253],
        [ 0.36134438,  0.13626193,  0.        , ..., -0.57602768,
         -0.49070927, -0.27470501],
        ...,
        [ 0.83248069,  0.6820396 ,  0.57602768, ...,  0.        ,
          0.10078581,  0.3293149 ],
        [ 0.77240104,  0.60486055,  0.49070927, ..., -0.10078581,
          0.        ,  0.23247408],
        [ 0.6035868 ,  0.40316253,  0.27470501, ..., -0.3293149 ,
         -0.23247408,  0.        ]],

       ...,

       [[ 0.        , -0.36058307, -0.56493342, ...,  0.99618193,
          0.82619195,  0.95601131],
        [ 0.36058307,  0.        , -0.22939847, ...,  0.96064536,
          0.97376006,  0.99746742],
        [ 0.56493342,  0.22939847,  0.        , ...,  0.87130564,
          0.99999825,  0.95455163],
        ...,
        [-0.99618193, -0.96064536, -0.87130564, ...,  0.        ,
         -0.4891098 , -0.20874854],
        [-0.82619195, -0.97376006, -0.99999825, ...,  0.4891098 ,
          0.        ,  0.29625928],
        [-0.95601131, -0.99746742, -0.95455163, ...,  0.20874854,
         -0.29625928,  0.        ]],

       [[ 0.        , -0.02161156, -0.0026064 , ..., -0.86627424,
         -0.82583167, -0.69871492],
        [ 0.02161156,  0.        ,  0.0190057 , ..., -0.85527545,
         -0.81345167, -0.68309082],
        [ 0.0026064 , -0.0190057 ,  0.        , ..., -0.86496922,
         -0.82435907, -0.69684793],
        ...,
        [ 0.86627424,  0.85527545,  0.86496922, ...,  0.        ,
          0.07594682,  0.27067663],
        [ 0.82583167,  0.81345167,  0.82435907, ..., -0.07594682,
          0.        ,  0.19678312],
        [ 0.69871492,  0.68309082,  0.69684793, ..., -0.27067663,
         -0.19678312,  0.        ]],

       [[ 0.        ,  0.1571412 , -0.11964177, ..., -0.91503082,
         -0.95718018, -0.95065422],
        [-0.1571412 ,  0.        , -0.27416783, ..., -0.84027438,
         -0.89979706, -0.89009   ],
        [ 0.11964177,  0.27416783,  0.        , ..., -0.95671984,
         -0.98494031, -0.98094494],
        ...,
        [ 0.91503082,  0.84027438,  0.95671984, ...,  0.        ,
          0.12121623,  0.09958813],
        [ 0.95718018,  0.89979706,  0.98494031, ..., -0.12121623,
          0.        , -0.02175985],
        [ 0.95065422,  0.89009   ,  0.98094494, ..., -0.09958813,
          0.02175985,  0.        ]]]), 'num': array([ 8.00616446e-01,  5.98661299e-01,  6.75435275e-06,  7.47982026e-03,
        7.55486863e-03,  7.46731220e-03,  1.32507893e-02, -7.50483639e-05,
        7.50483639e-03,  7.38225739e-03,  7.32847273e-03,  1.64391654e-05,
        7.55477797e-03,  7.20973682e-03])}
{'img': array([[[ 0.        , -0.08680732, -0.23936312, ...,  0.        ,
          0.64437948, -0.16609099],
        [ 0.08680732,  0.        , -0.15417571, ...,  0.08680732,
          0.70832909, -0.07986241],
        [ 0.23936312,  0.15417571,  0.        , ...,  0.23936312,
          0.80868983,  0.07477572],
        ...,
        [ 0.        , -0.08680732, -0.23936312, ...,  0.        ,
          0.64437948, -0.16609099],
        [-0.64437948, -0.70832909, -0.80868983, ..., -0.64437948,
          0.        , -0.76244008],
        [ 0.16609099,  0.07986241, -0.07477572, ...,  0.16609099,
          0.76244008,  0.        ]],

       [[ 0.        ,  0.08315135, -0.34382876, ..., -0.29535553,
         -0.17013143, -0.37941529],
        [-0.08315135,  0.        , -0.42071987, ..., -0.37377444,
         -0.25148137, -0.45503517],
        [ 0.34382876,  0.42071987,  0.        , ...,  0.05114127,
          0.1790573 , -0.03816376],
        ...,
        [ 0.29535553,  0.37377444, -0.05114127, ...,  0.        ,
          0.12850823, -0.08921783],
        [ 0.17013143,  0.25148137, -0.1790573 , ..., -0.12850823,
          0.        , -0.21647383],
        [ 0.37941529,  0.45503517,  0.03816376, ...,  0.08921783,
          0.21647383,  0.        ]],

       [[ 0.        , -0.28373034, -0.52788627, ..., -0.75342466,
         -0.56960611, -0.52788627],
        [ 0.28373034,  0.        , -0.26521586, ..., -0.53589958,
         -0.31299461, -0.26521586],
        [ 0.52788627,  0.26521586,  0.        , ..., -0.29279161,
         -0.04989592,  0.        ],
        ...,
        [ 0.75342466,  0.53589958,  0.29279161, ...,  0.        ,
          0.24471762,  0.29279161],
        [ 0.56960611,  0.31299461,  0.04989592, ..., -0.24471762,
          0.        ,  0.04989592],
        [ 0.52788627,  0.26521586,  0.        , ..., -0.29279161,
         -0.04989592,  0.        ]],

       ...,

       [[ 0.        , -0.22939847, -0.26459409, ...,  0.97376006,
          0.99746742,  0.7553977 ],
        [ 0.22939847,  0.        , -0.03631537, ...,  0.99999825,
          0.95455163,  0.88557036],
        [ 0.26459409,  0.03631537,  0.        , ...,  0.99927069,
          0.94309835,  0.9018549 ],
        ...,
        [-0.97376006, -0.99999825, -0.99927069, ...,  0.        ,
          0.29625928, -0.46616122],
        [-0.99746742, -0.95455163, -0.94309835, ..., -0.29625928,
          0.        , -0.70733462],
        [-0.7553977 , -0.88557036, -0.9018549 , ...,  0.46616122,
          0.70733462,  0.        ]],

       [[ 0.        ,  0.0190057 ,  0.10581923, ..., -0.81345167,
         -0.68309082, -0.62527152],
        [-0.0190057 ,  0.        ,  0.08690113, ..., -0.82435907,
         -0.69684793, -0.63999076],
        [-0.10581923, -0.08690113,  0.        , ..., -0.87043235,
         -0.75653885, -0.70434296],
        ...,
        [ 0.81345167,  0.82435907,  0.87043235, ...,  0.        ,
          0.19678312,  0.27114536],
        [ 0.68309082,  0.69684793,  0.75653885, ..., -0.19678312,
          0.        ,  0.07643235],
        [ 0.62527152,  0.63999076,  0.70434296, ..., -0.27114536,
         -0.07643235,  0.        ]],

       [[ 0.        , -0.27416783, -0.43065034, ..., -0.89979706,
         -0.89009   , -0.90946931],
        [ 0.27416783,  0.        , -0.16670699, ..., -0.98494031,
         -0.98094494, -0.98861119],
        [ 0.43065034,  0.16670699,  0.        , ..., -0.99998029,
         -0.99960689, -0.99986515],
        ...,
        [ 0.89979706,  0.98494031,  0.99998029, ...,  0.        ,
         -0.02175985,  0.02269976],
        [ 0.89009   ,  0.98094494,  0.99960689, ...,  0.02175985,
          0.        ,  0.04444862],
        [ 0.90946931,  0.98861119,  0.99986515, ..., -0.02269976,
         -0.04444862,  0.        ]]]), 'num': array([9.09572587e-01, 4.14429565e-01, 1.63954643e-05, 8.53694866e-03,
       8.56521670e-03, 8.45214453e-03, 1.89124508e-02, 8.48041257e-05,
       8.49454659e-03, 8.35956669e-03, 8.28206514e-03, 2.04943304e-05,
       8.55794209e-03, 8.16119129e-03])}
{'img': array([[[ 0.        , -0.15417571, -0.15417571, ...,  0.70832909,
         -0.07986241,  0.70832909],
        [ 0.15417571,  0.        ,  0.        , ...,  0.80868983,
          0.07477572,  0.80868983],
        [ 0.15417571,  0.        ,  0.        , ...,  0.80868983,
          0.07477572,  0.80868983],
        ...,
        [-0.70832909, -0.80868983, -0.80868983, ...,  0.        ,
         -0.76244008,  0.        ],
        [ 0.07986241, -0.07477572, -0.07477572, ...,  0.76244008,
          0.        ,  0.76244008],
        [-0.70832909, -0.80868983, -0.80868983, ...,  0.        ,
         -0.76244008,  0.        ]],

       [[ 0.        , -0.42071987, -0.22620463, ..., -0.25148137,
         -0.45503517, -0.26345043],
        [ 0.42071987,  0.        ,  0.20460401, ...,  0.1790573 ,
         -0.03816376,  0.16685731],
        [ 0.22620463, -0.20460401,  0.        , ..., -0.02602803,
         -0.24181136, -0.03840826],
        ...,
        [ 0.25148137, -0.1790573 ,  0.02602803, ...,  0.        ,
         -0.21647383, -0.01238643],
        [ 0.45503517,  0.03816376,  0.24181136, ...,  0.21647383,
          0.        ,  0.2043645 ],
        [ 0.26345043, -0.16685731,  0.03840826, ...,  0.01238643,
         -0.2043645 ,  0.        ]],

       [[ 0.        , -0.45962732, -0.53293871, ..., -0.51005825,
         -0.45962732, -0.28662799],
        [ 0.45962732,  0.        , -0.08439378, ..., -0.05764502,
          0.        ,  0.18578453],
        [ 0.53293871,  0.08439378,  0.        , ...,  0.02681408,
          0.08439378,  0.26804627],
        ...,
        [ 0.51005825,  0.05764502, -0.02681408, ...,  0.        ,
          0.05764502,  0.24211704],
        [ 0.45962732,  0.        , -0.08439378, ..., -0.05764502,
          0.        ,  0.18578453],
        [ 0.28662799, -0.18578453, -0.26804627, ..., -0.24211704,
         -0.18578453,  0.        ]],

       ...,

       [[ 0.        , -0.03631537,  0.        , ...,  0.95455163,
          0.88557036,  0.9812598 ],
        [ 0.03631537,  0.        ,  0.03631537, ...,  0.94309835,
          0.9018549 ,  0.98761013],
        [ 0.        , -0.03631537,  0.        , ...,  0.95455163,
          0.88557036,  0.9812598 ],
        ...,
        [-0.95455163, -0.94309835, -0.95455163, ...,  0.        ,
         -0.70733462, -0.47639216],
        [-0.88557036, -0.9018549 , -0.88557036, ...,  0.70733462,
          0.        ,  0.28516033],
        [-0.9812598 , -0.98761013, -0.9812598 , ...,  0.47639216,
         -0.28516033,  0.        ]],

       [[ 0.        ,  0.08690113,  0.20637166, ..., -0.69684793,
         -0.63999076, -0.52905479],
        [-0.08690113,  0.        ,  0.12056048, ..., -0.75653885,
         -0.70434296, -0.60079657],
        [-0.20637166, -0.12056048,  0.        , ..., -0.82986101,
         -0.78478651, -0.69279063],
        ...,
        [ 0.69684793,  0.75653885,  0.82986101, ...,  0.        ,
          0.07643235,  0.21188847],
        [ 0.63999076,  0.70434296,  0.78478651, ..., -0.07643235,
          0.        ,  0.13657178],
        [ 0.52905479,  0.60079657,  0.69279063, ..., -0.21188847,
         -0.13657178,  0.        ]],

       [[ 0.        , -0.34205112, -0.42858011, ..., -0.89545379,
         -0.91460029, -0.94181441],
        [ 0.34205112,  0.        , -0.09368426, ..., -0.99370681,
         -0.99774433, -0.99998021],
        [ 0.42858011,  0.09368426,  0.        , ..., -0.99983024,
         -0.99964511, -0.99499294],
        ...,
        [ 0.89545379,  0.99370681,  0.99983024, ...,  0.        ,
          0.04505349,  0.11826105],
        [ 0.91460029,  0.99774433,  0.99964511, ..., -0.04505349,
          0.        ,  0.07340364],
        [ 0.94181441,  0.99998021,  0.99499294, ..., -0.11826105,
         -0.07340364,  0.        ]]]), 'num': array([8.83099362e-01, 4.68260504e-01, 1.37136813e-05, 8.29677717e-03,
       8.31049085e-03, 8.21449508e-03, 1.82032662e-02, 1.37136813e-05,
       8.25837886e-03, 8.12398479e-03, 8.03713147e-03, 2.10979712e-05,
       8.32930566e-03, 7.91866391e-03])}
{'img': array([[[ 0.00000000e+00,  0.00000000e+00,  2.19954181e-01, ...,
          6.96093185e-02,  6.10956544e-01,  8.39825055e-01],
        [ 0.00000000e+00,  0.00000000e+00,  2.19954181e-01, ...,
          6.96093185e-02,  6.10956544e-01,  8.39825055e-01],
        [-2.19954181e-01, -2.19954181e-01,  0.00000000e+00, ...,
         -1.51516044e-01,  4.21864506e-01,  6.99854212e-01],
        ...,
        [-6.96093185e-02, -6.96093185e-02,  1.51516044e-01, ...,
          0.00000000e+00,  5.54367364e-01,  8.00000000e-01],
        [-6.10956544e-01, -6.10956544e-01, -4.21864506e-01, ...,
         -5.54367364e-01,  0.00000000e+00,  3.33197251e-01],
        [-8.39825055e-01, -8.39825055e-01, -6.99854212e-01, ...,
         -8.00000000e-01, -3.33197251e-01,  0.00000000e+00]],

       [[ 0.00000000e+00,  2.04604013e-01, -3.41702499e-01, ...,
         -3.81637574e-02,  1.66857312e-01,  1.59596693e-01],
        [-2.04604013e-01,  0.00000000e+00, -5.26762247e-01, ...,
         -2.41811355e-01, -3.84082628e-02, -4.57610625e-02],
        [ 3.41702499e-01,  5.26762247e-01,  0.00000000e+00, ...,
          3.05586957e-01,  4.93726055e-01,  4.87312936e-01],
        ...,
        [ 3.81637574e-02,  2.41811355e-01, -3.05586957e-01, ...,
          0.00000000e+00,  2.04364498e-01,  1.97155012e-01],
        [-1.66857312e-01,  3.84082628e-02, -4.93726055e-01, ...,
         -2.04364498e-01,  0.00000000e+00, -7.35926999e-03],
        [-1.59596693e-01,  4.57610625e-02, -4.87312936e-01, ...,
         -1.97155012e-01,  7.35926999e-03,  0.00000000e+00]],

       [[ 0.00000000e+00, -7.34983685e-02, -1.60731211e-01, ...,
          0.00000000e+00,  1.47299875e-01,  5.27886270e-01],
        [ 7.34983685e-02,  0.00000000e+00, -8.77537289e-02, ...,
          7.34983685e-02,  2.19598118e-01,  5.88881788e-01],
        [ 1.60731211e-01,  8.77537289e-02,  0.00000000e+00, ...,
          1.60731211e-01,  3.04362649e-01,  6.57534247e-01],
        ...,
        [ 0.00000000e+00, -7.34983685e-02, -1.60731211e-01, ...,
          0.00000000e+00,  1.47299875e-01,  5.27886270e-01],
        [-1.47299875e-01, -2.19598118e-01, -3.04362649e-01, ...,
         -1.47299875e-01,  0.00000000e+00,  3.97024020e-01],
        [-5.27886270e-01, -5.88881788e-01, -6.57534247e-01, ...,
         -5.27886270e-01, -3.97024020e-01,  0.00000000e+00]],

       ...,

       [[ 0.00000000e+00,  3.63153684e-02,  3.80754609e-01, ...,
          9.01854898e-01,  9.87610128e-01,  9.94784787e-01],
        [-3.63153684e-02,  0.00000000e+00,  3.46923502e-01, ...,
          8.85570358e-01,  9.81259801e-01,  9.97832636e-01],
        [-3.80754609e-01, -3.46923502e-01,  0.00000000e+00, ...,
          6.69422827e-01,  8.53468640e-01,  9.58689267e-01],
        ...,
        [-9.01854898e-01, -8.85570358e-01, -6.69422827e-01, ...,
          0.00000000e+00,  2.85160327e-01,  5.21771664e-01],
        [-9.87610128e-01, -9.81259801e-01, -8.53468640e-01, ...,
         -2.85160327e-01,  0.00000000e+00,  2.56841567e-01],
        [-9.94784787e-01, -9.97832636e-01, -9.58689267e-01, ...,
         -5.21771664e-01, -2.56841567e-01,  0.00000000e+00]],

       [[ 0.00000000e+00,  1.20560476e-01,  1.22663527e-01, ...,
         -7.04342955e-01, -6.00796566e-01, -4.27656759e-01],
        [-1.20560476e-01,  0.00000000e+00,  2.11877595e-03, ...,
         -7.84786508e-01, -6.92790627e-01, -5.33517006e-01],
        [-1.22663527e-01, -2.11877595e-03,  0.00000000e+00, ...,
         -7.86097892e-01, -6.94317004e-01, -5.35307846e-01],
        ...,
        [ 7.04342955e-01,  7.84786508e-01,  7.86097892e-01, ...,
          0.00000000e+00,  1.36571777e-01,  3.33108256e-01],
        [ 6.00796566e-01,  6.92790627e-01,  6.94317004e-01, ...,
         -1.36571777e-01,  0.00000000e+00,  2.01215121e-01],
        [ 4.27656759e-01,  5.33517006e-01,  5.35307846e-01, ...,
         -3.33108256e-01, -2.01215121e-01,  0.00000000e+00]],

       [[ 0.00000000e+00, -2.70580272e-01, -3.16569545e-01, ...,
         -9.22567225e-01, -9.48929257e-01, -9.49238418e-01],
        [ 2.70580272e-01,  0.00000000e+00, -4.80965438e-02, ...,
         -9.92552798e-01, -9.98896825e-01, -9.98942429e-01],
        [ 3.16569545e-01,  4.80965438e-02,  0.00000000e+00, ...,
         -9.97262998e-01, -9.99999351e-01, -9.99997752e-01],
        ...,
        [ 9.22567225e-01,  9.92552798e-01,  9.97262998e-01, ...,
          0.00000000e+00,  7.50716872e-02,  7.60502710e-02],
        [ 9.48929257e-01,  9.98896825e-01,  9.99999351e-01, ...,
         -7.50716872e-02,  0.00000000e+00,  9.81389339e-04],
        [ 9.49238418e-01,  9.98942429e-01,  9.99997752e-01, ...,
         -7.60502710e-02, -9.81389339e-04,  0.00000000e+00]]]), 'num': array([9.68311521e-01, 2.47769267e-01, 2.35856712e-05, 9.12078803e-03,
       9.13571567e-03, 9.01629455e-03, 1.84750443e-02, 8.95658399e-05,
       9.02226561e-03, 8.86552539e-03, 8.75207532e-03, 2.37485182e-05,
       9.10546601e-03, 8.62558476e-03])}
{'img': array([[[ 0.00000000e+00,  1.58531222e-01,  5.18847580e-02, ...,
          3.85943801e-01,  4.46682383e-01,  9.48401078e-01],
        [-1.58531222e-01,  0.00000000e+00, -1.07089072e-01, ...,
          2.34814555e-01,  2.99196911e-01,  8.86141567e-01],
        [-5.18847580e-02,  1.07089072e-01,  0.00000000e+00, ...,
          3.37559119e-01,  3.99659828e-01,  9.30672392e-01],
        ...,
        [-3.85943801e-01, -2.34814555e-01, -3.37559119e-01, ...,
          0.00000000e+00,  6.67733942e-02,  7.52548713e-01],
        [-4.46682383e-01, -2.99196911e-01, -3.99659828e-01, ...,
         -6.67733942e-02,  0.00000000e+00,  7.06896427e-01],
        [-9.48401078e-01, -8.86141567e-01, -9.30672392e-01, ...,
         -7.52548713e-01, -7.06896427e-01,  0.00000000e+00]],

       [[ 0.00000000e+00, -5.26762247e-01, -4.76478988e-01, ...,
         -3.84082628e-02, -4.57610625e-02, -1.08728797e-01],
        [ 5.26762247e-01,  0.00000000e+00,  5.81087435e-02, ...,
          4.93726055e-01,  4.87312936e-01,  4.31218456e-01],
        [ 4.76478988e-01, -5.81087435e-02,  0.00000000e+00, ...,
          4.42359407e-01,  4.35747356e-01,  3.78061337e-01],
        ...,
        [ 3.84082628e-02, -4.93726055e-01, -4.42359407e-01, ...,
          0.00000000e+00, -7.35926999e-03, -7.04680119e-02],
        [ 4.57610625e-02, -4.87312936e-01, -4.35747356e-01, ...,
          7.35926999e-03,  0.00000000e+00, -6.31251285e-02],
        [ 1.08728797e-01, -4.31218456e-01, -3.78061337e-01, ...,
          7.04680119e-02,  6.31251285e-02,  0.00000000e+00]],

       [[ 0.00000000e+00, -6.75065730e-02, -9.97972723e-02, ...,
          1.49765993e-01,  2.81321115e-01,  7.31791420e-01],
        [ 6.75065730e-02,  0.00000000e+00, -3.24000516e-02, ...,
          2.16169549e-01,  3.45459605e-01,  7.76129743e-01],
        [ 9.97972723e-02,  3.24000516e-02,  0.00000000e+00, ...,
          2.47690036e-01,  3.75683530e-01,  7.96152866e-01],
        ...,
        [-1.49765993e-01, -2.16169549e-01, -2.47690036e-01, ...,
          0.00000000e+00,  1.34430730e-01,  6.21468072e-01],
        [-2.81321115e-01, -3.45459605e-01, -3.75683530e-01, ...,
         -1.34430730e-01,  0.00000000e+00,  5.10508660e-01],
        [-7.31791420e-01, -7.76129743e-01, -7.96152866e-01, ...,
         -6.21468072e-01, -5.10508660e-01,  0.00000000e+00]],

       ...,

       [[ 0.00000000e+00,  3.46923502e-01,  2.09678147e-01, ...,
          9.81259801e-01,  9.97832636e-01,  9.41978315e-01],
        [-3.46923502e-01,  0.00000000e+00, -1.42555795e-01, ...,
          8.53468640e-01,  9.58689267e-01,  9.99928378e-01],
        [-2.09678147e-01,  1.42555795e-01,  0.00000000e+00, ...,
          9.19044093e-01,  9.89448720e-01,  9.91422018e-01],
        ...,
        [-9.81259801e-01, -8.53468640e-01, -9.19044093e-01, ...,
          0.00000000e+00,  2.56841567e-01,  5.10892370e-01],
        [-9.97832636e-01, -9.58689267e-01, -9.89448720e-01, ...,
         -2.56841567e-01,  0.00000000e+00,  2.72961242e-01],
        [-9.41978315e-01, -9.99928378e-01, -9.91422018e-01, ...,
         -5.10892370e-01, -2.72961242e-01,  0.00000000e+00]],

       [[ 0.00000000e+00,  2.11877595e-03,  8.08928340e-02, ...,
         -6.92790627e-01, -5.33517006e-01, -6.77673986e-02],
        [-2.11877595e-03,  0.00000000e+00,  7.87808201e-02, ...,
         -6.94317004e-01, -5.35307846e-01, -6.98811517e-02],
        [-8.08928340e-02, -7.87808201e-02,  0.00000000e+00, ...,
         -7.48855177e-01, -6.00186863e-01, -1.48252185e-01],
        ...,
        [ 6.92790627e-01,  6.94317004e-01,  7.48855177e-01, ...,
          0.00000000e+00,  2.01215121e-01,  6.42328304e-01],
        [ 5.33517006e-01,  5.35307846e-01,  6.00186863e-01, ...,
         -2.01215121e-01,  0.00000000e+00,  4.74973586e-01],
        [ 6.77673986e-02,  6.98811517e-02,  1.48252185e-01, ...,
         -6.42328304e-01, -4.74973586e-01,  0.00000000e+00]],

       [[ 0.00000000e+00, -1.69073936e-01, -3.21283511e-01, ...,
         -9.53155965e-01, -9.53456644e-01, -9.61962243e-01],
        [ 1.69073936e-01,  0.00000000e+00, -1.56547958e-01, ...,
         -9.90575092e-01, -9.90710971e-01, -9.94301259e-01],
        [ 3.21283511e-01,  1.56547958e-01,  0.00000000e+00, ...,
         -9.99804148e-01, -9.99783949e-01, -9.98730955e-01],
        ...,
        [ 9.53155965e-01,  9.90575092e-01,  9.99804148e-01, ...,
          0.00000000e+00,  9.95611926e-04,  3.05881651e-02],
        [ 9.53456644e-01,  9.90710971e-01,  9.99783949e-01, ...,
         -9.95611926e-04,  0.00000000e+00,  2.95930038e-02],
        [ 9.61962243e-01,  9.94301259e-01,  9.98730955e-01, ...,
         -3.05881651e-02, -2.95930038e-02,  0.00000000e+00]]]), 'num': array([9.63910449e-01, 2.63840856e-01, 2.28035698e-05, 9.09181289e-03,
       9.13623543e-03, 9.00296782e-03, 2.50634924e-02, 4.44225386e-05,
       8.97927580e-03, 8.81417203e-03, 8.68584025e-03, 2.44645865e-05,
       9.08002771e-03, 8.54831634e-03])}
{'img': array([[[ 0.        , -0.09579478, -0.14240656, ...,  0.2570967 ,
          0.62119801,  0.93154098],
        [ 0.09579478,  0.        , -0.04693318, ...,  0.34848905,
          0.69341112,  0.96209139],
        [ 0.14240656,  0.04693318,  0.        , ...,  0.3920961 ,
          0.72646433,  0.97383115],
        ...,
        [-0.2570967 , -0.34848905, -0.3920961 , ...,  0.        ,
          0.39884209,  0.80673815],
        [-0.62119801, -0.69341112, -0.72646433, ..., -0.39884209,
          0.        ,  0.5041153 ],
        [-0.93154098, -0.96209139, -0.97383115, ..., -0.80673815,
         -0.5041153 ,  0.        ]],

       [[ 0.        ,  0.05810874,  0.20780847, ...,  0.48731294,
          0.43121846,  0.67828176],
        [-0.05810874,  0.        ,  0.15061712, ...,  0.43574736,
          0.37806134,  0.63443722],
        [-0.20780847, -0.15061712,  0.        , ...,  0.29521062,
          0.23431008,  0.51077649],
        ...,
        [-0.48731294, -0.43574736, -0.29521062, ...,  0.        ,
         -0.06312513,  0.23421574],
        [-0.43121846, -0.37806134, -0.23431008, ...,  0.06312513,
          0.        ,  0.29511791],
        [-0.67828176, -0.63443722, -0.51077649, ..., -0.23421574,
         -0.29511791,  0.        ]],

       [[ 0.        , -0.02805894, -0.05563824, ...,  0.27994548,
          0.49192755,  0.84615673],
        [ 0.02805894,  0.        , -0.02760086, ...,  0.30677229,
          0.51616299,  0.86077714],
        [ 0.05563824,  0.02760086,  0.        , ...,  0.33292544,
          0.53960621,  0.87449755],
        ...,
        [-0.27994548, -0.30677229, -0.33292544, ...,  0.        ,
          0.22852761,  0.66313141],
        [-0.49192755, -0.51616299, -0.53960621, ..., -0.22852761,
          0.        ,  0.47452965],
        [-0.84615673, -0.86077714, -0.87449755, ..., -0.66313141,
         -0.47452965,  0.        ]],

       ...,

       [[ 0.        , -0.13797716, -0.01303575, ...,  0.91847123,
          0.97036567,  0.98146008],
        [ 0.13797716,  0.        ,  0.12505437, ...,  0.96425472,
          0.99442549,  0.9456272 ],
        [ 0.01303575, -0.12505437,  0.        , ...,  0.92354867,
          0.97343319,  0.97887817],
        ...,
        [-0.91847123, -0.96425472, -0.92354867, ...,  0.        ,
          0.16182729,  0.5641958 ],
        [-0.97036567, -0.99442549, -0.97343319, ..., -0.16182729,
          0.        ,  0.42314794],
        [-0.98146008, -0.9456272 , -0.97887817, ..., -0.5641958 ,
         -0.42314794,  0.        ]],

       [[ 0.        ,  0.00463187, -0.03982415, ..., -0.25073594,
         -0.0117102 ,  0.60533918],
        [-0.00463187,  0.        , -0.04445191, ..., -0.25521715,
         -0.01634163,  0.60164587],
        [ 0.03982415,  0.04445191,  0.        , ..., -0.21198505,
          0.0281205 ,  0.63655769],
        ...,
        [ 0.25073594,  0.25521715,  0.21198505, ...,  0.        ,
          0.23938262,  0.78557962],
        [ 0.0117102 ,  0.01634163, -0.0281205 , ..., -0.23938262,
          0.        ,  0.61461861],
        [-0.60533918, -0.60164587, -0.63655769, ..., -0.78557962,
         -0.61461861,  0.        ]],

       [[ 0.        , -0.27620179, -0.39281606, ..., -0.95504344,
         -0.96344321, -0.95205205],
        [ 0.27620179,  0.        , -0.12353551, ..., -0.99977634,
         -0.9999629 , -0.99951701],
        [ 0.39281606,  0.12353551,  0.        , ..., -0.99473081,
         -0.9912392 , -0.99569992],
        ...,
        [ 0.95504344,  0.99977634,  0.99473081, ...,  0.        ,
          0.02975983, -0.0099313 ],
        [ 0.96344321,  0.9999629 ,  0.9912392 , ..., -0.02975983,
          0.        , -0.03968527],
        [ 0.95205205,  0.99951701,  0.99569992, ...,  0.0099313 ,
          0.03968527,  0.        ]]]), 'num': array([ 9.40406694e-01,  3.38569439e-01,  1.97323690e-05,  8.85054787e-03,
        8.93760244e-03,  8.85054787e-03,  1.98533749e-02, -5.80363795e-05,
        8.83313696e-03,  8.65322418e-03,  8.51321141e-03,  2.17636423e-05,
        8.92348309e-03,  8.38296527e-03])}
{'img': array([[[ 0.        , -0.04693318, -0.04693318, ...,  0.69341112,
          0.96209139,  0.63035852],
        [ 0.04693318,  0.        ,  0.        , ...,  0.72646433,
          0.97383115,  0.66609831],
        [ 0.04693318,  0.        ,  0.        , ...,  0.72646433,
          0.97383115,  0.66609831],
        ...,
        [-0.69341112, -0.72646433, -0.72646433, ...,  0.        ,
          0.5041153 , -0.08409803],
        [-0.96209139, -0.97383115, -0.97383115, ..., -0.5041153 ,
          0.        , -0.57495957],
        [-0.63035852, -0.66609831, -0.66609831, ...,  0.08409803,
          0.57495957,  0.        ]],

       [[ 0.        ,  0.15061712,  0.39820717, ...,  0.37806134,
          0.63443722,  0.46076914],
        [-0.15061712,  0.        ,  0.25550408, ...,  0.23431008,
          0.51077649,  0.32183705],
        [-0.39820717, -0.25550408,  0.        , ..., -0.02185849,
          0.27416247,  0.06924462],
        ...,
        [-0.37806134, -0.23431008,  0.02185849, ...,  0.        ,
          0.29511791,  0.0910341 ],
        [-0.63443722, -0.51077649, -0.27416247, ..., -0.29511791,
          0.        , -0.206913  ],
        [-0.46076914, -0.32183705, -0.06924462, ..., -0.0910341 ,
          0.206913  ,  0.        ]],

       [[ 0.        , -0.02434176, -0.02434176, ...,  0.42082364,
          0.58665632,  0.9130618 ],
        [ 0.02434176,  0.        ,  0.        , ...,  0.44278039,
          0.60619532,  0.92271834],
        [ 0.02434176,  0.        ,  0.        , ...,  0.44278039,
          0.60619532,  0.92271834],
        ...,
        [-0.42082364, -0.44278039, -0.44278039, ...,  0.        ,
          0.19138273,  0.65665632],
        [-0.58665632, -0.60619532, -0.60619532, ..., -0.19138273,
          0.        ,  0.50017943],
        [-0.9130618 , -0.92271834, -0.92271834, ..., -0.65665632,
         -0.50017943,  0.        ]],

       ...,

       [[ 0.        ,  0.12505437,  0.17113866, ...,  0.99442549,
          0.9456272 ,  0.93380772],
        [-0.12505437,  0.        ,  0.04658576, ...,  0.97343319,
          0.97887817,  0.88173587],
        [-0.17113866, -0.04658576,  0.        , ...,  0.96170953,
          0.9873396 ,  0.85880203],
        ...,
        [-0.99442549, -0.97343319, -0.96170953, ...,  0.        ,
          0.42314794, -0.25731857],
        [-0.9456272 , -0.97887817, -0.9873396 , ..., -0.42314794,
          0.        , -0.64204534],
        [-0.93380772, -0.88173587, -0.85880203, ...,  0.25731857,
          0.64204534,  0.        ]],

       [[ 0.        , -0.03565056, -0.13717527, ..., -0.01300933,
          0.31448814,  0.71646223],
        [ 0.03565056,  0.        , -0.10177452, ...,  0.02264648,
          0.34812992,  0.74087754],
        [ 0.13717527,  0.10177452,  0.        , ...,  0.12427731,
          0.4417304 ,  0.80538638],
        ...,
        [ 0.01300933, -0.02264648, -0.12427731, ...,  0.        ,
          0.32681078,  0.72547725],
        [-0.31448814, -0.34812992, -0.4417304 , ..., -0.32681078,
          0.        ,  0.46071488],
