state_0,state_1,state_2,state_3,state_4,state_5,state_6,state_7,state_8,state_9,state_10,state_11,state_12,state_13,state_14,state_15,state_16,state_17,state_18,state_19,state_20,state_21,state_22,state_23,state_24,state_25,state_26,state_27,state_28,state_29,state_30,state_31,state_32,state_33,state_34,state_35,state_36,state_37,state_38,state_39,state_40,state_41,state_42,state_43,state_44,state_45,state_46,state_47,state_48,state_49,state_50,state_51,state_52,state_53,state_54,state_55,state_56,state_57,state_58,state_59,state_60,state_61,state_62,state_63,state_64,state_65,state_66,state_67,state_68,state_69,state_70,state_71,state_72,state_73,state_74,state_75,state_76,state_77,state_78,state_79,state_80,state_81,state_82,state_83,state_84,state_85,state_86,state_87,state_88,state_89,state_90,state_91,state_92,state_93,state_94,state_95,state_96,state_97,state_98,state_99,state_100,state_101,state_102,state_103,state_104,state_105,state_106,state_107,state_108,state_109,state_110,state_111,state_112,state_113,state_114,state_115,state_116,state_117,state_118,state_119,state_120,state_121,state_122,state_123,state_124,state_125,state_126,state_127,state_128,state_129,state_130,state_131,state_132,state_133,state_134,state_135,state_136,state_137,state_138,state_139,state_140,state_141,state_142,state_143,state_144,state_145,state_146,state_147,state_148,state_149,state_150,state_151,state_152,state_153,state_154,state_155,state_156,state_157,state_158,state_159,state_160,state_161,state_162,state_163,state_164,state_165,state_166,state_167,state_168,state_169,state_170,state_171,state_172,state_173,state_174,state_175,state_176,state_177,state_178,state_179,state_180,state_181,state_182,state_183,state_184,state_185,state_186,state_187,state_188,state_189,state_190,state_191,state_192,state_193,state_194,state_195,state_196,state_197,state_198,state_199,state_200,state_201,state_202,state_203,state_204,state_205,state_206,state_207,state_208,state_209,state_210,state_211,state_212,state_213,state_214,state_215,state_216,state_217,state_218,state_219,state_220,state_221,state_222,state_223,state_224,state_225,state_226,state_227,state_228,state_229,state_230,state_231,state_232,state_233,state_234,state_235,state_236,state_237,state_238,state_239,state_240,state_241,state_242,state_243,state_244,state_245,state_246,state_247,state_248,state_249,state_250,state_251,state_252,state_253,state_254,state_255,state_256,state_257,state_258,state_259,state_260,state_261,state_262,state_263,state_264,state_265,state_266,state_267,state_268,state_269,state_270,state_271,state_272,state_273,state_274,state_275,state_276,state_277,state_278,state_279,state_280,state_281,state_282,state_283,state_284,state_285,state_286,state_287
{'img': array([[[ 0.        ,  0.12550863,  0.01564794, ...,  0.53924193,
          0.68536921,  0.817663  ],
        [-0.12550863,  0.        , -0.10996906, ...,  0.42928069,
          0.58855482,  0.73894239],
        [-0.01564794,  0.10996906,  0.        , ...,  0.52599798,
          0.67389053,  0.80855441],
        ...,
        [-0.53924193, -0.42928069, -0.52599798, ...,  0.        ,
          0.18451061,  0.37815559],
        [-0.68536921, -0.58855482, -0.67389053, ..., -0.18451061,
          0.        ,  0.20085362],
        [-0.817663  , -0.73894239, -0.80855441, ..., -0.37815559,
         -0.20085362,  0.        ]],

       [[ 0.        ,  0.03717774,  0.11319602, ...,  0.85820644,
          0.59846139,  0.93420418],
        [-0.03717774,  0.        ,  0.07617898, ...,  0.83852962,
          0.56826265,  0.9202956 ],
        [-0.11319602, -0.07617898,  0.        , ...,  0.79458642,
          0.50392771,  0.88781834],
        ...,
        [-0.85820644, -0.83852962, -0.79458642, ...,  0.        ,
         -0.38036046,  0.17337589],
        [-0.59846139, -0.56826265, -0.50392771, ...,  0.38036046,
          0.        ,  0.53494484],
        [-0.93420418, -0.9202956 , -0.88781834, ..., -0.17337589,
         -0.53494484,  0.        ]],

       [[ 0.        ,  0.03070635,  0.02387144, ...,  0.5020923 ,
          0.6453876 ,  0.66472216],
        [-0.03070635,  0.        , -0.00683742, ...,  0.47530026,
          0.62162806,  0.64146828],
        [-0.02387144,  0.00683742,  0.        , ...,  0.48130487,
          0.62696936,  0.64669861],
        ...,
        [-0.5020923 , -0.47530026, -0.48130487, ...,  0.        ,
          0.17461441,  0.19975259],
        [-0.6453876 , -0.62162806, -0.62696936, ..., -0.17461441,
          0.        ,  0.02558847],
        [-0.66472216, -0.64146828, -0.64669861, ..., -0.19975259,
         -0.02558847,  0.        ]],

       ...,

       [[ 0.        ,  0.10343098, -0.04411574, ..., -0.36495277,
         -0.36495277, -0.2237759 ],
        [-0.10343098,  0.        , -0.14720942, ..., -0.45929234,
         -0.45929234, -0.32338374],
        [ 0.04411574,  0.14720942,  0.        , ..., -0.32352456,
         -0.32352456, -0.18056104],
        ...,
        [ 0.36495277,  0.45929234,  0.32352456, ...,  0.        ,
          0.        ,  0.14735662],
        [ 0.36495277,  0.45929234,  0.32352456, ...,  0.        ,
          0.        ,  0.14735662],
        [ 0.2237759 ,  0.32338374,  0.18056104, ..., -0.14735662,
         -0.14735662,  0.        ]],

       [[ 0.        ,  0.08168965,  0.11158675, ...,  0.90406668,
          0.87332397,  0.79272994],
        [-0.08168965,  0.        ,  0.03003434, ...,  0.93595857,
          0.91019945,  0.83987629],
        [-0.11158675, -0.03003434,  0.        , ...,  0.94611173,
          0.92222815,  0.85579937],
        ...,
        [-0.90406668, -0.93595857, -0.94611173, ...,  0.        ,
          0.06715571,  0.21228865],
        [-0.87332397, -0.91019945, -0.92222815, ..., -0.06715571,
          0.        ,  0.14618437],
        [-0.79272994, -0.83987629, -0.85579937, ..., -0.21228865,
         -0.14618437,  0.        ]],

       [[ 0.        , -0.00395979,  0.01176349, ...,  0.78243755,
          0.78546673,  0.76954611],
        [ 0.00395979,  0.        ,  0.01572291, ...,  0.78489729,
          0.78791131,  0.77206876],
        [-0.01176349, -0.01572291,  0.        , ...,  0.77505794,
          0.77813192,  0.7619808 ],
        ...,
        [-0.78243755, -0.78489729, -0.77505794, ...,  0.        ,
          0.00487933, -0.02043905],
        [-0.78546673, -0.78791131, -0.77813192, ..., -0.00487933,
          0.        , -0.02531711],
        [-0.76954611, -0.77206876, -0.7619808 , ...,  0.02043905,
          0.02531711,  0.        ]]]), 'num': array([7.07500532e-01, 7.06712432e-01, 3.17782131e-08, 1.97024921e-04,
       1.99011060e-04, 1.93847100e-04, 4.93483872e-04, 1.19168299e-06,
       1.92258189e-04, 1.88663279e-04, 1.76150608e-04, 4.41948659e-07,
       2.04093874e-04, 1.73232684e-04])}
{'img': array([[[ 0.        , -0.10996906, -0.10996906, ...,  0.58855482,
          0.73894239,  0.79921322],
        [ 0.10996906,  0.        ,  0.        , ...,  0.67389053,
          0.80855441,  0.86046264],
        [ 0.10996906,  0.        ,  0.        , ...,  0.67389053,
          0.80855441,  0.86046264],
        ...,
        [-0.58855482, -0.67389053, -0.67389053, ...,  0.        ,
          0.20085362,  0.2923803 ],
        [-0.73894239, -0.80855441, -0.80855441, ..., -0.20085362,
          0.        ,  0.09434522],
        [-0.79921322, -0.86046264, -0.86046264, ..., -0.2923803 ,
         -0.09434522,  0.        ]],

       [[ 0.        ,  0.1069721 ,  0.15235732, ...,  0.59762674,
          0.9340249 ,  0.44204675],
        [-0.1069721 ,  0.        ,  0.04575985, ...,  0.50843007,
          0.89045421,  0.34355718],
        [-0.15235732, -0.04575985,  0.        , ...,  0.46849352,
          0.86869736,  0.30022276],
        ...,
        [-0.59762674, -0.50843007, -0.46849352, ...,  0.        ,
          0.53540031, -0.18164462],
        [-0.9340249 , -0.89045421, -0.86869736, ..., -0.53540031,
          0.        , -0.67991028],
        [-0.44204675, -0.34355718, -0.30022276, ...,  0.18164462,
          0.67991028,  0.        ]],

       [[ 0.        , -0.00683742, -0.01707874, ...,  0.62162806,
          0.64146828,  0.71446667],
        [ 0.00683742,  0.        , -0.01024192, ...,  0.62696936,
          0.64669861,  0.7192339 ],
        [ 0.01707874,  0.01024192,  0.        , ...,  0.63491539,
          0.65447668,  0.72631194],
        ...,
        [-0.62162806, -0.62696936, -0.63491539, ...,  0.        ,
          0.02558847,  0.12471653],
        [-0.64146828, -0.64669861, -0.65447668, ..., -0.02558847,
          0.        ,  0.09928701],
        [-0.71446667, -0.7192339 , -0.72631194, ..., -0.12471653,
         -0.09928701,  0.        ]],

       ...,

       [[ 0.        , -0.14720942, -0.31187738, ..., -0.45929234,
         -0.32338374, -0.21914801],
        [ 0.14720942,  0.        , -0.16861263, ..., -0.32352456,
         -0.18056104, -0.07312947],
        [ 0.31187738,  0.16861263,  0.        , ..., -0.15934786,
         -0.01213457,  0.09607873],
        ...,
        [ 0.45929234,  0.32352456,  0.15934786, ...,  0.        ,
          0.14735662,  0.25346176],
        [ 0.32338374,  0.18056104,  0.01213457, ..., -0.14735662,
          0.        ,  0.10815008],
        [ 0.21914801,  0.07312947, -0.09607873, ..., -0.25346176,
         -0.10815008,  0.        ]],

       [[ 0.        ,  0.02961001,  0.05612145, ...,  0.96735051,
          0.95811304,  0.83340702],
        [-0.02961001,  0.        ,  0.0265335 , ...,  0.97443078,
          0.96617295,  0.84940585],
        [-0.05612145, -0.0265335 ,  0.        , ...,  0.98004946,
          0.97267565,  0.86310959],
        ...,
        [-0.96735051, -0.97443078, -0.98004946, ...,  0.        ,
          0.03421342,  0.32339504],
        [-0.95811304, -0.96617295, -0.97267565, ..., -0.03421342,
          0.        ,  0.29083078],
        [-0.83340702, -0.84940585, -0.86310959, ..., -0.32339504,
         -0.29083078,  0.        ]],

       [[ 0.        ,  0.01572291,  0.02860476, ...,  0.78791131,
          0.77206876,  0.73761101],
        [-0.01572291,  0.        ,  0.01288474, ...,  0.77813192,
          0.7619808 ,  0.72690331],
        [-0.02860476, -0.01288474,  0.        , ...,  0.7699744 ,
          0.75357339,  0.7179945 ],
        ...,
        [-0.78791131, -0.77813192, -0.7699744 , ...,  0.        ,
         -0.02531711, -0.07780556],
        [-0.77206876, -0.7619808 , -0.75357339, ...,  0.02531711,
          0.        , -0.05254026],
        [-0.73761101, -0.72690331, -0.7179945 , ...,  0.07780556,
          0.05254026,  0.        ]]]), 'num': array([ 7.33284449e-01,  6.79921029e-01,  2.26596263e-06,  2.94825525e-04,
        3.09848481e-04,  2.94199568e-04,  7.79153129e-04, -1.56489132e-05,
        3.03088151e-04,  2.96828586e-04,  2.77799507e-04,  6.82861667e-07,
        3.20953830e-04,  2.72703341e-04])}
{'img': array([[[ 0.00000000e+00,  0.00000000e+00, -2.33108901e-01, ...,
          8.08554415e-01,  8.60462639e-01,  4.44895894e-01],
        [ 0.00000000e+00,  0.00000000e+00, -2.33108901e-01, ...,
          8.08554415e-01,  8.60462639e-01,  4.44895894e-01],
        [ 2.33108901e-01,  2.33108901e-01,  0.00000000e+00, ...,
          9.23445524e-01,  9.55529582e-01,  6.41407500e-01],
        ...,
        [-8.08554415e-01, -8.08554415e-01, -9.23445524e-01, ...,
          0.00000000e+00,  9.43452201e-02, -4.62340746e-01],
        [-8.60462639e-01, -8.60462639e-01, -9.55529582e-01, ...,
         -9.43452201e-02,  0.00000000e+00, -5.43934622e-01],
        [-4.44895894e-01, -4.44895894e-01, -6.41407500e-01, ...,
          4.62340746e-01,  5.43934622e-01,  0.00000000e+00]],

       [[ 0.00000000e+00,  4.71161413e-02,  1.21135112e-03, ...,
          8.92302899e-01,  3.46766256e-01,  3.47206494e-01],
        [-4.71161413e-02,  0.00000000e+00, -4.59061009e-02, ...,
          8.70041945e-01,  3.02188484e-01,  3.02635907e-01],
        [-1.21135112e-03,  4.59061009e-02,  0.00000000e+00, ...,
          8.91755395e-01,  3.45629812e-01,  3.46070247e-01],
        ...,
        [-8.92302899e-01, -8.70041945e-01, -8.91755395e-01, ...,
          0.00000000e+00, -6.80393729e-01, -6.80049654e-01],
        [-3.46766256e-01, -3.02188484e-01, -3.45629812e-01, ...,
          6.80393729e-01,  0.00000000e+00,  4.69401858e-04],
        [-3.47206494e-01, -3.02635907e-01, -3.46070247e-01, ...,
          6.80049654e-01, -4.69401858e-04,  0.00000000e+00]],

       [[ 0.00000000e+00, -1.02419240e-02, -6.11984099e-02, ...,
          6.46698612e-01,  7.19233902e-01,  7.23345664e-01],
        [ 1.02419240e-02,  0.00000000e+00, -5.09724734e-02, ...,
          6.54476676e-01,  7.26311940e-01,  7.30379630e-01],
        [ 6.11984099e-02,  5.09724734e-02,  0.00000000e+00, ...,
          6.92165274e-01,  7.60404483e-01,  7.64246491e-01],
        ...,
        [-6.46698612e-01, -6.54476676e-01, -6.92165274e-01, ...,
          0.00000000e+00,  9.92870098e-02,  1.05192347e-01],
        [-7.19233902e-01, -7.26311940e-01, -7.60404483e-01, ...,
         -9.92870098e-02,  0.00000000e+00,  5.93641973e-03],
        [-7.23345664e-01, -7.30379630e-01, -7.64246491e-01, ...,
         -1.05192347e-01, -5.93641973e-03,  0.00000000e+00]],

       ...,

       [[ 0.00000000e+00, -1.68612627e-01, -3.15667383e-01, ...,
         -1.80561041e-01, -7.31294729e-02, -9.82243114e-02],
        [ 1.68612627e-01,  0.00000000e+00, -1.51156334e-01, ...,
         -1.21345660e-02,  9.60787252e-02,  7.09792925e-02],
        [ 3.15667383e-01,  1.51156334e-01,  0.00000000e+00, ...,
          1.39150066e-01,  2.45431813e-01,  2.20938817e-01],
        ...,
        [ 1.80561041e-01,  1.21345660e-02, -1.39150066e-01, ...,
          0.00000000e+00,  1.08150080e-01,  8.30780265e-02],
        [ 7.31294729e-02, -9.60787252e-02, -2.45431813e-01, ...,
         -1.08150080e-01,  0.00000000e+00, -2.51854707e-02],
        [ 9.82243114e-02, -7.09792925e-02, -2.20938817e-01, ...,
         -8.30780265e-02,  2.51854707e-02,  0.00000000e+00]],

       [[ 0.00000000e+00,  2.65334990e-02, -5.06616217e-03, ...,
          9.66172955e-01,  8.49405852e-01,  9.46892735e-01],
        [-2.65334990e-02,  0.00000000e+00, -3.15975370e-02, ...,
          9.72675645e-01,  8.63109591e-01,  9.55091194e-01],
        [ 5.06616217e-03,  3.15975370e-02,  0.00000000e+00, ...,
          9.64854018e-01,  8.46721334e-01,  9.45251561e-01],
        ...,
        [-9.66172955e-01, -9.72675645e-01, -9.64854018e-01, ...,
          0.00000000e+00,  2.90830784e-01,  6.64736468e-02],
        [-8.49405852e-01, -8.63109591e-01, -8.46721334e-01, ...,
         -2.90830784e-01,  0.00000000e+00, -2.26587228e-01],
        [-9.46892735e-01, -9.55091194e-01, -9.45251561e-01, ...,
         -6.64736468e-02,  2.26587228e-01,  0.00000000e+00]],

       [[ 0.00000000e+00,  1.28847432e-02,  7.34163546e-02, ...,
          7.61980801e-01,  7.26903309e-01,  6.91812213e-01],
        [-1.28847432e-02,  0.00000000e+00,  6.05602880e-02, ...,
          7.53573393e-01,  7.17994501e-01,  6.82451002e-01],
        [-7.34163546e-02, -6.05602880e-02,  0.00000000e+00, ...,
          7.12380100e-01,  6.74523738e-01,  6.36932978e-01],
        ...,
        [-7.61980801e-01, -7.53573393e-01, -7.12380100e-01, ...,
          0.00000000e+00, -5.25402557e-02, -1.02191842e-01],
        [-7.26903309e-01, -7.17994501e-01, -6.74523738e-01, ...,
          5.25402557e-02,  0.00000000e+00, -4.97855032e-02],
        [-6.91812213e-01, -6.82451002e-01, -6.36932978e-01, ...,
          1.02191842e-01,  4.97855032e-02,  0.00000000e+00]]]), 'num': array([7.29799647e-01, 6.83660513e-01, 1.94270039e-06, 2.95763681e-04,
       2.96386341e-04, 2.88914417e-04, 3.00371368e-04, 2.49064152e-06,
       3.01367624e-04, 2.94487227e-04, 2.76668763e-04, 6.60270739e-07,
       3.17332924e-04, 2.71641530e-04])}
{'img': array([[[ 0.00000000e+00, -2.33108901e-01, -4.32205912e-01, ...,
          8.60462639e-01,  4.44895894e-01,  5.09725462e-01],
        [ 2.33108901e-01,  0.00000000e+00, -2.10087148e-01, ...,
          9.55529582e-01,  6.41407500e-01,  6.96235090e-01],
        [ 4.32205912e-01,  2.10087148e-01,  0.00000000e+00, ...,
          9.96158412e-01,  7.88271932e-01,  8.31500438e-01],
        ...,
        [-8.60462639e-01, -9.55529582e-01, -9.96158412e-01, ...,
          0.00000000e+00, -5.43934622e-01, -4.80575922e-01],
        [-4.44895894e-01, -6.41407500e-01, -7.88271932e-01, ...,
          5.43934622e-01,  0.00000000e+00,  7.37406473e-02],
        [-5.09725462e-01, -6.96235090e-01, -8.31500438e-01, ...,
          4.80575922e-01, -7.37406473e-02,  0.00000000e+00]],

       [[ 0.00000000e+00, -4.59061009e-02, -1.31126078e-02, ...,
          3.02188484e-01,  3.02635907e-01,  1.24545652e-01],
        [ 4.59061009e-02,  0.00000000e+00,  3.28033703e-02, ...,
          3.45629812e-01,  3.46070247e-01,  1.69963022e-01],
        [ 1.31126078e-02, -3.28033703e-02,  0.00000000e+00, ...,
          3.14662073e-01,  3.15107597e-01,  1.37545456e-01],
        ...,
        [-3.02188484e-01, -3.45629812e-01, -3.14662073e-01, ...,
          0.00000000e+00,  4.69401858e-04, -1.81112690e-01],
        [-3.02635907e-01, -3.46070247e-01, -3.15107597e-01, ...,
         -4.69401858e-04,  0.00000000e+00, -1.81574309e-01],
        [-1.24545652e-01, -1.69963022e-01, -1.37545456e-01, ...,
          1.81112690e-01,  1.81574309e-01,  0.00000000e+00]],

       [[ 0.00000000e+00, -5.09724734e-02, -1.41742783e-01, ...,
          7.26311940e-01,  7.30379630e-01,  7.26311940e-01],
        [ 5.09724734e-02,  0.00000000e+00, -9.11006947e-02, ...,
          7.60404483e-01,  7.64246491e-01,  7.60404483e-01],
        [ 1.41742783e-01,  9.11006947e-02,  0.00000000e+00, ...,
          8.16407809e-01,  8.19821562e-01,  8.16407809e-01],
        ...,
        [-7.26311940e-01, -7.60404483e-01, -8.16407809e-01, ...,
          0.00000000e+00,  5.93641973e-03,  0.00000000e+00],
        [-7.30379630e-01, -7.64246491e-01, -8.19821562e-01, ...,
         -5.93641973e-03,  0.00000000e+00, -5.93641973e-03],
        [-7.26311940e-01, -7.60404483e-01, -8.16407809e-01, ...,
          0.00000000e+00,  5.93641973e-03,  0.00000000e+00]],

       ...,

       [[ 0.00000000e+00, -1.51156334e-01, -2.23998743e-01, ...,
          9.60787252e-02,  7.09792925e-02,  3.57255280e-02],
        [ 1.51156334e-01,  0.00000000e+00, -7.41096027e-02, ...,
          2.45431813e-01,  2.20938817e-01,  1.86374878e-01],
        [ 2.23998743e-01,  7.41096027e-02,  0.00000000e+00, ...,
          3.16599776e-01,  2.92609439e-01,  2.58673473e-01],
        ...,
        [-9.60787252e-02, -2.45431813e-01, -3.16599776e-01, ...,
          0.00000000e+00, -2.51854707e-02, -6.04571400e-02],
        [-7.09792925e-02, -2.20938817e-01, -2.92609439e-01, ...,
          2.51854707e-02,  0.00000000e+00, -3.52985615e-02],
        [-3.57255280e-02, -1.86374878e-01, -2.58673473e-01, ...,
          6.04571400e-02,  3.52985615e-02,  0.00000000e+00]],

       [[ 0.00000000e+00, -3.15975370e-02,  8.20975767e-03, ...,
          8.63109591e-01,  9.55091194e-01,  9.97361668e-01],
        [ 3.15975370e-02,  0.00000000e+00,  3.98021304e-02, ...,
          8.46721334e-01,  9.45251561e-01,  9.94569907e-01],
        [-8.20975767e-03, -3.98021304e-02,  0.00000000e+00, ...,
          8.67226568e-01,  9.57491657e-01,  9.97924025e-01],
        ...,
        [-8.63109591e-01, -8.46721334e-01, -8.67226568e-01, ...,
          0.00000000e+00, -2.26587228e-01, -4.41028791e-01],
        [-9.55091194e-01, -9.45251561e-01, -9.57491657e-01, ...,
          2.26587228e-01,  0.00000000e+00, -2.26197578e-01],
        [-9.97361668e-01, -9.94569907e-01, -9.97924025e-01, ...,
          4.41028791e-01,  2.26197578e-01,  0.00000000e+00]],

       [[ 0.00000000e+00,  6.05602880e-02, -1.04462745e-02, ...,
          7.17994501e-01,  6.82451002e-01,  7.32445735e-01],
        [-6.05602880e-02,  0.00000000e+00, -7.09840845e-02, ...,
          6.74523738e-01,  6.36932978e-01,  6.89870378e-01],
        [ 1.04462745e-02,  7.09840845e-02,  0.00000000e+00, ...,
          7.25226441e-01,  6.90049274e-01,  7.39517859e-01],
        ...,
        [-7.17994501e-01, -6.74523738e-01, -7.25226441e-01, ...,
          0.00000000e+00, -4.97855032e-02,  2.09890520e-02],
        [-6.82451002e-01, -6.36932978e-01, -6.90049274e-01, ...,
          4.97855032e-02,  0.00000000e+00,  7.07375599e-02],
        [-7.32445735e-01, -6.89870378e-01, -7.39517859e-01, ...,
         -2.09890520e-02, -7.07375599e-02,  0.00000000e+00]]]), 'num': array([ 7.28086446e-01,  6.85484751e-01,  1.82839891e-06,  2.89807447e-04,
        2.94782682e-04,  2.88563638e-04,  3.24310703e-04, -5.59713953e-06,
        2.98638489e-04,  2.93259016e-04,  2.76571248e-04,  6.55072627e-07,
        3.15329088e-04,  2.71188945e-04])}
{'img': array([[[ 0.        , -0.21008715, -0.25976582, ...,  0.6414075 ,
          0.69623509,  0.57142814],
        [ 0.21008715,  0.        , -0.05109334, ...,  0.78827193,
          0.83150044,  0.73108384],
        [ 0.25976582,  0.05109334,  0.        , ...,  0.81868147,
          0.85879798,  0.76498932],
        ...,
        [-0.6414075 , -0.78827193, -0.81868147, ...,  0.        ,
          0.07374065, -0.08797254],
        [-0.69623509, -0.83150044, -0.85879798, ..., -0.07374065,
          0.        , -0.16118777],
        [-0.57142814, -0.73108384, -0.76498932, ...,  0.08797254,
          0.16118777,  0.        ]],

       [[ 0.        ,  0.03280337,  0.04512523, ...,  0.34607025,
          0.16996302,  0.18184744],
        [-0.03280337,  0.        ,  0.01233099, ...,  0.3151076 ,
          0.13754546,  0.14949314],
        [-0.04512523, -0.01233099,  0.        , ...,  0.30338084,
          0.12532121,  0.13728936],
        ...,
        [-0.34607025, -0.3151076 , -0.30338084, ...,  0.        ,
         -0.18157431, -0.1696893 ],
        [-0.16996302, -0.13754546, -0.12532121, ...,  0.18157431,
          0.        ,  0.01207246],
        [-0.18184744, -0.14949314, -0.13728936, ...,  0.1696893 ,
         -0.01207246,  0.        ]],

       [[ 0.        , -0.09110069, -0.21791449, ...,  0.76424649,
          0.76040448,  0.68841833],
        [ 0.09110069,  0.        , -0.12809698, ...,  0.81982156,
          0.81640781,  0.75163226],
        [ 0.21791449,  0.12809698,  0.        , ...,  0.88641836,
          0.88365486,  0.82993056],
        ...,
        [-0.76424649, -0.81982156, -0.88641836, ...,  0.        ,
         -0.00593642, -0.1103409 ],
        [-0.76040448, -0.81640781, -0.88365486, ...,  0.00593642,
          0.        , -0.10443878],
        [-0.68841833, -0.75163226, -0.82993056, ...,  0.1103409 ,
          0.10443878,  0.        ]],

       ...,

       [[ 0.        , -0.0741096 , -0.14023834, ...,  0.22093882,
          0.18637488,  0.17835049],
        [ 0.0741096 ,  0.        , -0.06647546, ...,  0.29260944,
          0.25867347,  0.25078145],
        [ 0.14023834,  0.06647546,  0.        , ...,  0.35552817,
          0.32231426,  0.31457789],
        ...,
        [-0.22093882, -0.29260944, -0.35552817, ...,  0.        ,
         -0.03529856, -0.04345347],
        [-0.18637488, -0.25867347, -0.32231426, ...,  0.03529856,
          0.        , -0.00816117],
        [-0.17835049, -0.25078145, -0.31457789, ...,  0.04345347,
          0.00816117,  0.        ]],

       [[ 0.        ,  0.03980213,  0.08452316, ...,  0.94525156,
          0.99456991,  0.99969346],
        [-0.03980213,  0.        ,  0.04479648, ...,  0.95749166,
          0.99792402,  0.99791585],
        [-0.08452316, -0.04479648,  0.        , ...,  0.9694525 ,
          0.99980723,  0.99402341],
        ...,
        [-0.94525156, -0.95749166, -0.9694525 , ...,  0.        ,
         -0.22619758, -0.34964551],
        [-0.99456991, -0.99792402, -0.99980723, ...,  0.22619758,
          0.        , -0.12866275],
        [-0.99969346, -0.99791585, -0.99402341, ...,  0.34964551,
          0.12866275,  0.        ]],

       [[ 0.        , -0.07098408, -0.15397075, ...,  0.63693298,
          0.68987038,  0.6706107 ],
        [ 0.07098408,  0.        , -0.08344472, ...,  0.69004927,
          0.73951786,  0.72157572],
        [ 0.15397075,  0.08344472,  0.        , ...,  0.74803682,
          0.79310845,  0.7768309 ],
        ...,
        [-0.63693298, -0.69004927, -0.74803682, ...,  0.        ,
          0.07073756,  0.04450373],
        [-0.68987038, -0.73951786, -0.79310845, ..., -0.07073756,
          0.        , -0.02627522],
        [-0.6706107 , -0.72157572, -0.7768309 , ..., -0.04450373,
          0.02627522,  0.        ]]]), 'num': array([8.95509444e-01, 4.45040846e-01, 1.90071138e-05, 3.59512050e-04,
       3.70130549e-04, 3.54961264e-04, 6.78597955e-04, 6.06771392e-06,
       3.61332364e-04, 3.56554039e-04, 3.37883178e-04, 8.91707958e-07,
       3.81182063e-04, 3.31926015e-04])}
{'img': array([[[ 0.        , -0.05109334, -0.01691286, ...,  0.83150044,
          0.73108384,  0.82092204],
        [ 0.05109334,  0.        ,  0.03419527, ...,  0.85879798,
          0.76498932,  0.84902618],
        [ 0.01691286, -0.03419527,  0.        , ...,  0.84077701,
          0.74251871,  0.83046255],
        ...,
        [-0.83150044, -0.85879798, -0.84077701, ...,  0.        ,
         -0.16118777, -0.01877826],
        [-0.73108384, -0.76498932, -0.74251871, ...,  0.16118777,
          0.        ,  0.14262664],
        [-0.82092204, -0.84902618, -0.83046255, ...,  0.01877826,
         -0.14262664,  0.        ]],

       [[ 0.        ,  0.01233099, -0.09273664, ...,  0.13754546,
          0.14949314,  0.24465989],
        [-0.01233099,  0.        , -0.10500744, ...,  0.12532121,
          0.13728936,  0.23268505],
        [ 0.09273664,  0.10500744,  0.        , ...,  0.22880794,
          0.24054346,  0.33352384],
        ...,
        [-0.13754546, -0.12532121, -0.22880794, ...,  0.        ,
          0.01207246,  0.1089692 ],
        [-0.14949314, -0.13728936, -0.24054346, ..., -0.01207246,
          0.        ,  0.09696069],
        [-0.24465989, -0.23268505, -0.33352384, ..., -0.1089692 ,
         -0.09696069,  0.        ]],

       [[ 0.        , -0.12809698, -0.22575999, ...,  0.81640781,
          0.75163226,  0.68698333],
        [ 0.12809698,  0.        , -0.09911021, ...,  0.88365486,
          0.82993056,  0.77440836],
        [ 0.22575999,  0.09911021,  0.        , ...,  0.9257015 ,
          0.88113465,  0.83330118],
        ...,
        [-0.81640781, -0.88365486, -0.9257015 , ...,  0.        ,
         -0.10443878, -0.19654541],
        [-0.75163226, -0.82993056, -0.88113465, ...,  0.10443878,
          0.        , -0.09306889],
        [-0.68698333, -0.77440836, -0.83330118, ...,  0.19654541,
          0.09306889,  0.        ]],

       ...,

       [[ 0.        , -0.06647546,  0.08749154, ...,  0.25867347,
          0.25078145,  0.38585673],
        [ 0.06647546,  0.        ,  0.15351856, ...,  0.32231426,
          0.31457789,  0.44633075],
        [-0.08749154, -0.15351856,  0.        , ...,  0.17316777,
          0.16512413,  0.30366098],
        ...,
        [-0.25867347, -0.32231426, -0.17316777, ...,  0.        ,
         -0.00816117,  0.13408256],
        [-0.25078145, -0.31457789, -0.16512413, ...,  0.00816117,
          0.        ,  0.14216557],
        [-0.38585673, -0.44633075, -0.30366098, ..., -0.13408256,
         -0.14216557,  0.        ]],

       [[ 0.        ,  0.04479648,  0.07143758, ...,  0.99792402,
          0.99791585,  0.97101955],
        [-0.04479648,  0.        ,  0.02668384, ...,  0.99980723,
          0.99402341,  0.95933841],
        [-0.07143758, -0.02668384,  0.        , ...,  0.99997514,
          0.99075647,  0.95146507],
        ...,
        [-0.99792402, -0.99980723, -0.99997514, ...,  0.        ,
         -0.12866275, -0.3010397 ],
        [-0.99791585, -0.99402341, -0.99075647, ...,  0.12866275,
          0.        , -0.17584329],
        [-0.97101955, -0.95933841, -0.95146507, ...,  0.3010397 ,
          0.17584329,  0.        ]],

       [[ 0.        , -0.08189618, -0.14004716, ...,  0.68754461,
          0.6748659 ,  0.84435372],
        [ 0.08189618,  0.        , -0.05848765, ...,  0.74470333,
          0.73303344,  0.88539626],
        [ 0.14004716,  0.05848765,  0.        , ...,  0.7824629 ,
          0.77156145,  0.9110678 ],
        ...,
        [-0.68754461, -0.74470333, -0.7824629 , ...,  0.        ,
         -0.01731837,  0.24474394],
        [-0.6748659 , -0.73303344, -0.77156145, ...,  0.01731837,
          0.        ,  0.26149891],
        [-0.84435372, -0.88539626, -0.9110678 , ..., -0.24474394,
         -0.26149891,  0.        ]]]), 'num': array([ 8.39234692e-01,  5.43768376e-01,  1.26267656e-05,  3.34237914e-04,
        3.37808831e-04,  3.22810976e-04,  4.50035639e-04, -4.28510146e-06,
        3.36237628e-04,  3.34952097e-04,  3.18787742e-04,  8.57020291e-07,
        3.57208973e-04,  3.12695222e-04])}
{'img': array([[[ 0.        ,  0.03419527, -0.16118777, ...,  0.76498932,
          0.84902618,  0.78690679],
        [-0.03419527,  0.        , -0.19484163, ...,  0.74251871,
          0.83046255,  0.76534565],
        [ 0.16118777,  0.19484163,  0.        , ...,  0.85879798,
          0.92308779,  0.87608145],
        ...,
        [-0.76498932, -0.74251871, -0.85879798, ...,  0.        ,
          0.14262664,  0.0347484 ],
        [-0.84902618, -0.83046255, -0.92308779, ..., -0.14262664,
          0.        , -0.10814736],
        [-0.78690679, -0.76534565, -0.87608145, ..., -0.0347484 ,
          0.10814736,  0.        ]],

       [[ 0.        , -0.10500744, -0.01656456, ...,  0.13728936,
          0.23268505,  0.16815337],
        [ 0.10500744,  0.        ,  0.08852004, ...,  0.24054346,
          0.33352384,  0.27073595],
        [ 0.01656456, -0.08852004,  0.        , ...,  0.15367823,
          0.24876303,  0.184459  ],
        ...,
        [-0.13728936, -0.24054346, -0.15367823, ...,  0.        ,
          0.09696069,  0.03122666],
        [-0.23268505, -0.33352384, -0.24876303, ..., -0.09696069,
          0.        , -0.06583389],
        [-0.16815337, -0.27073595, -0.184459  , ..., -0.03122666,
          0.06583389,  0.        ]],

       [[ 0.        , -0.09911021, -0.23786247, ...,  0.82993056,
          0.77440836,  0.69024959],
        [ 0.09911021,  0.        , -0.14042572, ...,  0.88113465,
          0.83330118,  0.75856443],
        [ 0.23786247,  0.14042572,  0.        , ...,  0.93880615,
          0.90267422,  0.8425491 ],
        ...,
        [-0.82993056, -0.88113465, -0.93880615, ...,  0.        ,
         -0.09306889, -0.21544671],
        [-0.77440836, -0.83330118, -0.90267422, ...,  0.09306889,
          0.        , -0.12362838],
        [-0.69024959, -0.75856443, -0.8425491 , ...,  0.21544671,
          0.12362838,  0.        ]],

       ...,

       [[ 0.        ,  0.15351856, -0.12119623, ...,  0.31457789,
          0.44633075,  0.4719705 ],
        [-0.15351856,  0.        , -0.27214645, ...,  0.16512413,
          0.30366098,  0.33103148],
        [ 0.12119623,  0.27214645,  0.        , ...,  0.4273023 ,
          0.55149529,  0.57533974],
        ...,
        [-0.31457789, -0.16512413, -0.4273023 , ...,  0.        ,
          0.14216557,  0.17067296],
        [-0.44633075, -0.30366098, -0.55149529, ..., -0.14216557,
          0.        ,  0.02885974],
        [-0.4719705 , -0.33103148, -0.57533974, ..., -0.17067296,
         -0.02885974,  0.        ]],

       [[ 0.        ,  0.02668384,  0.08925804, ...,  0.99402341,
          0.95933841,  0.93281903],
        [-0.02668384,  0.        ,  0.06264893, ...,  0.99075647,
          0.95146507,  0.92287148],
        [-0.08925804, -0.06264893,  0.        , ...,  0.98031176,
          0.93031541,  0.89693201],
        ...,
        [-0.99402341, -0.99075647, -0.98031176, ...,  0.        ,
         -0.17584329, -0.25635841],
        [-0.95933841, -0.95146507, -0.93031541, ...,  0.17584329,
          0.        , -0.08239696],
        [-0.93281903, -0.92287148, -0.89693201, ...,  0.25635841,
          0.08239696,  0.        ]],

       [[ 0.        , -0.05824993, -0.17409998, ...,  0.72418624,
          0.83895717,  0.88715016],
        [ 0.05824993,  0.        , -0.11644403, ...,  0.763126  ,
          0.8692321 ,  0.91252504],
        [ 0.17409998,  0.11644403,  0.        , ...,  0.83318658,
          0.92088936,  0.9539454 ],
        ...,
        [-0.72418624, -0.763126  , -0.83318658, ...,  0.        ,
          0.18444828,  0.27758461],
        [-0.83895717, -0.8692321 , -0.92088936, ..., -0.18444828,
          0.        ,  0.09562219],
        [-0.88715016, -0.91252504, -0.9539454 , ..., -0.27758461,
         -0.09562219,  0.        ]]]), 'num': array([8.41086739e-01, 5.40899310e-01, 1.25601435e-05, 3.39578539e-04,
       3.42420201e-04, 3.31053555e-04, 3.78225135e-04, 7.10415354e-06,
       3.35458130e-04, 3.33149280e-04, 3.17887191e-04, 8.64018674e-07,
       3.55245254e-04, 3.11053307e-04])}
{'img': array([[[ 0.        , -0.19484163, -0.45351197, ...,  0.83046255,
          0.76534565,  0.87067968],
        [ 0.19484163,  0.        , -0.27116765, ...,  0.92308779,
          0.87608145,  0.94982581],
        [ 0.45351197,  0.27116765,  0.        , ...,  0.99278984,
          0.97400359,  0.99905351],
        ...,
        [-0.83046255, -0.92308779, -0.99278984, ...,  0.        ,
         -0.10814736,  0.07657002],
        [-0.76534565, -0.87608145, -0.97400359, ...,  0.10814736,
          0.        ,  0.18395078],
        [-0.87067968, -0.94982581, -0.99905351, ..., -0.07657002,
         -0.18395078,  0.        ]],

       [[ 0.        ,  0.08852004,  0.16087101, ...,  0.33352384,
          0.27073595,  0.24373171],
        [-0.08852004,  0.        ,  0.07287239, ...,  0.24876303,
          0.184459  ,  0.1569244 ],
        [-0.16087101, -0.07287239,  0.        , ...,  0.17752003,
          0.11234666,  0.08453763],
        ...,
        [-0.33352384, -0.24876303, -0.17752003, ...,  0.        ,
         -0.06583389, -0.09368962],
        [-0.27073595, -0.184459  , -0.11234666, ...,  0.06583389,
          0.        , -0.02794206],
        [-0.24373171, -0.1569244 , -0.08453763, ...,  0.09368962,
          0.02794206,  0.        ]],

       [[ 0.        , -0.14042572, -0.27833058, ...,  0.83330118,
          0.75856443,  0.77764881],
        [ 0.14042572,  0.        , -0.14069581, ...,  0.90267422,
          0.8425491 ,  0.85822875],
        [ 0.27833058,  0.14069581,  0.        , ...,  0.95424007,
          0.90994967,  0.92190641],
        ...,
        [-0.83330118, -0.90267422, -0.95424007, ...,  0.        ,
         -0.12362838, -0.09399631],
        [-0.75856443, -0.8425491 , -0.90994967, ...,  0.12362838,
          0.        ,  0.0298058 ],
        [-0.77764881, -0.85822875, -0.92190641, ...,  0.09399631,
         -0.0298058 ,  0.        ]],

       ...,

       [[ 0.        , -0.27214645, -0.40177657, ...,  0.30366098,
          0.33103148,  0.34924507],
        [ 0.27214645,  0.        , -0.13739707, ...,  0.55149529,
          0.57533974,  0.59107289],
        [ 0.40177657,  0.13739707,  0.        , ...,  0.66087855,
          0.68226231,  0.69629416],
        ...,
        [-0.30366098, -0.55149529, -0.66087855, ...,  0.        ,
          0.02885974,  0.04821389],
        [-0.33103148, -0.57533974, -0.68226231, ..., -0.02885974,
          0.        ,  0.01936763],
        [-0.34924507, -0.59107289, -0.69629416, ..., -0.04821389,
         -0.01936763,  0.        ]],

       [[ 0.        ,  0.06264893,  0.13882091, ...,  0.95146507,
          0.92287148,  0.92145536],
        [-0.06264893,  0.        ,  0.07650589, ...,  0.93031541,
          0.89693201,  0.89530715],
        [-0.13882091, -0.07650589,  0.        , ...,  0.89952944,
          0.86047473,  0.85860363],
        ...,
        [-0.95146507, -0.93031541, -0.89952944, ...,  0.        ,
         -0.08239696, -0.08604511],
        [-0.92287148, -0.89693201, -0.86047473, ...,  0.08239696,
          0.        , -0.00366115],
        [-0.92145536, -0.89530715, -0.85860363, ...,  0.08604511,
          0.00366115,  0.        ]],

       [[ 0.        , -0.11642172, -0.29423387, ...,  0.86806253,
          0.9032751 ,  0.91260328],
        [ 0.11642172,  0.        , -0.18096491, ...,  0.91995772,
          0.94708483,  0.95399604],
        [ 0.29423387,  0.18096491,  0.        , ...,  0.97571024,
          0.98953476,  0.9925019 ],
        ...,
        [-0.86806253, -0.91995772, -0.97571024, ...,  0.        ,
          0.07598279,  0.09816225],
        [-0.9032751 , -0.94708483, -0.98953476, ..., -0.07598279,
          0.        ,  0.02226265],
        [-0.91260328, -0.95399604, -0.9925019 , ..., -0.09816225,
         -0.02226265,  0.        ]]]), 'num': array([ 8.02931194e-01,  5.96071001e-01,  8.69160475e-06,  3.23219052e-04,
        3.25256147e-04,  3.18465830e-04,  2.14424605e-04, -1.35806324e-06,
        3.20774538e-04,  3.19076959e-04,  3.04545682e-04,  8.11192138e-07,
        3.39952737e-04,  2.98201181e-04])}
{'img': array([[[ 0.        , -0.27116765, -0.48057592, ...,  0.87608145,
          0.94982581,  0.93696305],
        [ 0.27116765,  0.        , -0.22476845, ...,  0.97400359,
          0.99905351,  0.99661073],
        [ 0.48057592,  0.22476845,  0.        , ...,  0.99999836,
          0.98326695,  0.98959958],
        ...,
        [-0.87608145, -0.97400359, -0.99999836, ...,  0.        ,
          0.18395078,  0.14564126],
        [-0.94982581, -0.99905351, -0.98326695, ..., -0.18395078,
          0.        , -0.03883345],
        [-0.93696305, -0.99661073, -0.98959958, ..., -0.14564126,
          0.03883345,  0.        ]],

       [[ 0.        ,  0.07287239,  0.17695714, ...,  0.184459  ,
          0.1569244 ,  0.08339781],
        [-0.07287239,  0.        ,  0.1047643 , ...,  0.11234666,
          0.08453763,  0.01055755],
        [-0.17695714, -0.1047643 ,  0.        , ...,  0.00762738,
         -0.02031685, -0.09425901],
        ...,
        [-0.184459  , -0.11234666, -0.00762738, ...,  0.        ,
         -0.02794206, -0.10184969],
        [-0.1569244 , -0.08453763,  0.02031685, ...,  0.02794206,
          0.        , -0.07401316],
        [-0.08339781, -0.01055755,  0.09425901, ...,  0.10184969,
          0.07401316,  0.        ]],

       [[ 0.        , -0.14069581, -0.26985103, ...,  0.8425491 ,
          0.85822875,  0.86043593],
        [ 0.14069581,  0.        , -0.1316905 , ...,  0.90994967,
          0.92190641,  0.92356983],
        [ 0.26985103,  0.1316905 ,  0.        , ...,  0.95663932,
          0.96489599,  0.96602048],
        ...,
        [-0.8425491 , -0.90994967, -0.95663932, ...,  0.        ,
          0.0298058 ,  0.03411943],
        [-0.85822875, -0.92190641, -0.96489599, ..., -0.0298058 ,
          0.        ,  0.00431583],
        [-0.86043593, -0.92356983, -0.96602048, ..., -0.03411943,
         -0.00431583,  0.        ]],

       ...,

       [[ 0.        , -0.13739707, -0.45105877, ...,  0.57533974,
          0.59107289,  0.57010161],
        [ 0.13739707,  0.        , -0.32415485, ...,  0.68226231,
          0.69629416,  0.67757669],
        [ 0.45105877,  0.32415485,  0.        , ...,  0.88241493,
          0.89136135,  0.87939066],
        ...,
        [-0.57533974, -0.68226231, -0.88241493, ...,  0.        ,
          0.01936763, -0.00638988],
        [-0.59107289, -0.69629416, -0.89136135, ..., -0.01936763,
          0.        , -0.02575592],
        [-0.57010161, -0.67757669, -0.87939066, ...,  0.00638988,
          0.02575592,  0.        ]],

       [[ 0.        ,  0.07650589,  0.16127198, ...,  0.89693201,
          0.89530715,  0.90385881],
        [-0.07650589,  0.        ,  0.08529489, ...,  0.86047473,
          0.85860363,  0.86847814],
        [-0.16127198, -0.08529489,  0.        , ...,  0.81388179,
          0.81174909,  0.82303017],
        ...,
        [-0.89693201, -0.86047473, -0.81388179, ...,  0.        ,
         -0.00366115,  0.01592269],
        [-0.89530715, -0.85860363, -0.81174909, ...,  0.00366115,
          0.        ,  0.01958327],
