state_0,state_1,state_2,state_3,state_4,state_5,state_6,state_7,state_8,state_9,state_10,state_11,state_12,state_13,state_14,state_15,state_16,state_17,state_18,state_19,state_20,state_21,state_22,state_23,state_24,state_25,state_26,state_27,state_28,state_29,state_30,state_31,state_32,state_33,state_34,state_35,state_36,state_37,state_38,state_39,state_40,state_41,state_42,state_43,state_44,state_45,state_46,state_47,state_48,state_49,state_50,state_51,state_52,state_53,state_54,state_55,state_56,state_57,state_58,state_59,state_60,state_61,state_62,state_63,state_64,state_65,state_66,state_67,state_68,state_69,state_70,state_71,state_72,state_73,state_74,state_75,state_76,state_77,state_78,state_79,state_80,state_81,state_82,state_83,state_84,state_85,state_86,state_87,state_88,state_89,state_90,state_91,state_92,state_93,state_94,state_95,state_96,state_97,state_98,state_99,state_100,state_101,state_102,state_103,state_104,state_105,state_106,state_107,state_108,state_109,state_110,state_111,state_112,state_113,state_114,state_115,state_116,state_117,state_118,state_119,state_120,state_121,state_122,state_123,state_124,state_125,state_126,state_127,state_128,state_129,state_130,state_131,state_132,state_133,state_134,state_135,state_136,state_137,state_138,state_139,state_140,state_141,state_142,state_143,state_144,state_145,state_146,state_147,state_148,state_149,state_150,state_151,state_152,state_153,state_154,state_155,state_156,state_157,state_158,state_159,state_160,state_161,state_162,state_163,state_164,state_165,state_166,state_167,state_168,state_169,state_170,state_171,state_172,state_173,state_174,state_175,state_176,state_177,state_178,state_179,state_180,state_181,state_182,state_183,state_184,state_185,state_186,state_187,state_188,state_189,state_190,state_191,state_192,state_193,state_194,state_195,state_196,state_197,state_198,state_199,state_200,state_201,state_202,state_203,state_204,state_205,state_206,state_207,state_208,state_209,state_210,state_211,state_212,state_213,state_214,state_215,state_216,state_217,state_218,state_219,state_220,state_221,state_222,state_223,state_224,state_225,state_226,state_227,state_228,state_229,state_230,state_231,state_232,state_233,state_234,state_235,state_236,state_237,state_238,state_239,state_240,state_241,state_242,state_243,state_244,state_245,state_246,state_247,state_248,state_249,state_250,state_251,state_252,state_253,state_254,state_255,state_256,state_257,state_258,state_259,state_260,state_261,state_262,state_263,state_264,state_265,state_266,state_267,state_268,state_269,state_270,state_271,state_272,state_273,state_274,state_275,state_276,state_277,state_278,state_279,state_280,state_281,state_282,state_283,state_284,state_285,state_286,state_287
{'img': array([[[ 0.        , -0.01350064, -0.26739417, ...,  0.05487697,
         -0.23112684, -0.13138211],
        [ 0.01350064,  0.        , -0.25436075, ...,  0.06835227,
         -0.21797068, -0.11798652],
        [ 0.26739417,  0.25436075,  0.        , ...,  0.31986999,
          0.03744323,  0.13847822],
        ...,
        [-0.05487697, -0.06835227, -0.31986999, ...,  0.        ,
         -0.28416967, -0.18558542],
        [ 0.23112684,  0.21797068, -0.03744323, ...,  0.28416967,
          0.        ,  0.10129863],
        [ 0.13138211,  0.11798652, -0.13847822, ...,  0.18558542,
         -0.10129863,  0.        ]],

       [[ 0.        , -0.01409512, -0.10968878, ...,  0.65888359,
          0.49822308,  0.25485498],
        [ 0.01409512,  0.        , -0.09566781, ...,  0.66942112,
          0.51039475,  0.26845935],
        [ 0.10968878,  0.09566781,  0.        , ...,  0.7374207 ,
          0.59032233,  0.35938396],
        ...,
        [-0.65888359, -0.66942112, -0.7374207 , ...,  0.        ,
         -0.19649849, -0.44541342],
        [-0.49822308, -0.51039475, -0.59032233, ...,  0.19649849,
          0.        , -0.26079968],
        [-0.25485498, -0.26845935, -0.35938396, ...,  0.44541342,
          0.26079968,  0.        ]],

       [[ 0.        ,  0.08586794,  0.1069737 , ...,  0.1123095 ,
          0.41646243,  0.79353307],
        [-0.08586794,  0.        ,  0.02120338, ...,  0.02657001,
          0.33685714,  0.7383492 ],
        [-0.1069737 , -0.02120338,  0.        , ...,  0.00536814,
          0.31681725,  0.72388326],
        ...,
        [-0.1123095 , -0.02657001, -0.00536814, ...,  0.        ,
          0.31172107,  0.72016922],
        [-0.41646243, -0.33685714, -0.31681725, ..., -0.31172107,
          0.        ,  0.46801423],
        [-0.79353307, -0.7383492 , -0.72388326, ..., -0.72016922,
         -0.46801423,  0.        ]],

       ...,

       [[ 0.        , -0.05027747, -0.52772943, ..., -0.44161324,
         -0.64883871, -0.40623135],
        [ 0.05027747,  0.        , -0.48435569, ..., -0.3959455 ,
         -0.60976068, -0.35977553],
        [ 0.52772943,  0.48435569,  0.        , ...,  0.09836994,
         -0.1495687 ,  0.13716546],
        ...,
        [ 0.44161324,  0.3959455 , -0.09836994, ...,  0.        ,
         -0.24610669,  0.03906004],
        [ 0.64883871,  0.60976068,  0.1495687 , ...,  0.24610669,
          0.        ,  0.28377753],
        [ 0.40623135,  0.35977553, -0.13716546, ..., -0.03906004,
         -0.28377753,  0.        ]],

       [[ 0.        ,  0.18270387,  0.24151303, ...,  0.22473366,
          0.39965509,  0.62218371],
        [-0.18270387,  0.        ,  0.06015249, ...,  0.04292059,
          0.22544974,  0.4686775 ],
        [-0.24151303, -0.06015249,  0.        , ..., -0.01725418,
          0.16643765,  0.41469195],
        ...,
        [-0.22473366, -0.04292059,  0.01725418, ...,  0.        ,
          0.18342639,  0.43033087],
        [-0.39965509, -0.22544974, -0.16643765, ..., -0.18342639,
          0.        ,  0.25745591],
        [-0.62218371, -0.4686775 , -0.41469195, ..., -0.43033087,
         -0.25745591,  0.        ]],

       [[ 0.        ,  0.04463796,  0.1543892 , ..., -0.99367667,
         -0.97627946, -0.92149077],
        [-0.04463796,  0.        ,  0.11013255, ..., -0.99769813,
         -0.98497109, -0.93790965],
        [-0.1543892 , -0.11013255,  0.        , ..., -0.99909733,
         -0.99800144, -0.970407  ],
        ...,
        [ 0.99367667,  0.99769813,  0.99909733, ...,  0.        ,
          0.10552898,  0.28247976],
        [ 0.97627946,  0.98497109,  0.99800144, ..., -0.10552898,
          0.        ,  0.17967132],
        [ 0.92149077,  0.93790965,  0.970407  , ..., -0.28247976,
         -0.17967132,  0.        ]]]), 'num': array([9.35803196e-01, 3.52368056e-01, 8.88029134e-06, 1.56416928e-03,
       1.60702323e-03, 1.53083843e-03, 9.55395547e-03, 4.76155031e-05,
       1.55607464e-03, 1.40537158e-03, 1.42763182e-03, 1.53049832e-06,
       1.62158004e-03, 1.18916311e-03])}
{'img': array([[[ 0.        , -0.25436075, -0.14339525, ..., -0.21797068,
         -0.11798652,  0.15339111],
        [ 0.25436075,  0.        ,  0.11305317, ...,  0.03744323,
          0.13847822,  0.39969652],
        [ 0.14339525, -0.11305317,  0.        , ..., -0.07577071,
          0.02562648,  0.29350414],
        ...,
        [ 0.21797068, -0.03744323,  0.07577071, ...,  0.        ,
          0.10129863,  0.36509399],
        [ 0.11798652, -0.13847822, -0.02562648, ..., -0.10129863,
          0.        ,  0.26890992],
        [-0.15339111, -0.39969652, -0.29350414, ..., -0.36509399,
         -0.26890992,  0.        ]],

       [[ 0.        , -0.09566781, -0.23893279, ...,  0.51039475,
          0.26845935,  0.57318698],
        [ 0.09566781,  0.        , -0.14493998, ...,  0.59032233,
          0.35938396,  0.64895051],
        [ 0.23893279,  0.14493998,  0.        , ...,  0.70107965,
          0.49084554,  0.75237266],
        ...,
        [-0.51039475, -0.59032233, -0.70107965, ...,  0.        ,
         -0.26079968,  0.07467652],
        [-0.26845935, -0.35938396, -0.49084554, ...,  0.26079968,
          0.        ,  0.33216366],
        [-0.57318698, -0.64895051, -0.75237266, ..., -0.07467652,
         -0.33216366,  0.        ]],

       [[ 0.        ,  0.02012745,  0.07204394, ...,  0.31147493,
          0.56976715,  0.76357911],
        [-0.02012745,  0.        ,  0.0519542 , ...,  0.29228563,
          0.55311087,  0.75042784],
        [-0.07204394, -0.0519542 ,  0.        , ...,  0.24220548,
          0.50908044,  0.71507512],
        ...,
        [-0.31147493, -0.29228563, -0.24220548, ...,  0.        ,
          0.28545171,  0.52447058],
        [-0.56976715, -0.55311087, -0.50908044, ..., -0.28545171,
          0.        ,  0.25960724],
        [-0.76357911, -0.75042784, -0.71507512, ..., -0.52447058,
         -0.25960724,  0.        ]],

       ...,

       [[ 0.        , -0.48435569, -0.66224146, ..., -0.60976068,
         -0.35977553, -0.32945068],
        [ 0.48435569,  0.        , -0.21645285, ..., -0.1495687 ,
          0.13716546,  0.16908856],
        [ 0.66224146,  0.21645285,  0.        , ...,  0.06799516,
          0.34832066,  0.37841611],
        ...,
        [ 0.60976068,  0.1495687 , -0.06799516, ...,  0.        ,
          0.28377753,  0.31460158],
        [ 0.35977553, -0.13716546, -0.34832066, ..., -0.28377753,
          0.        ,  0.03229997],
        [ 0.32945068, -0.16908856, -0.37841611, ..., -0.31460158,
         -0.03229997,  0.        ]],

       [[ 0.        ,  0.05567304,  0.11418558, ...,  0.20620106,
          0.41771779,  0.89207045],
        [-0.05567304,  0.        ,  0.05869958, ...,  0.15140465,
          0.36648671,  0.86552845],
        [-0.11418558, -0.05869958,  0.        , ...,  0.0931207 ,
          0.31123932,  0.83463576],
        ...,
        [-0.20620106, -0.15140465, -0.0931207 , ...,  0.        ,
          0.22139139,  0.77971803],
        [-0.41771779, -0.36648671, -0.31123932, ..., -0.22139139,
          0.        ,  0.62174939],
        [-0.89207045, -0.86552845, -0.83463576, ..., -0.77971803,
         -0.62174939,  0.        ]],

       [[ 0.        ,  0.11013255,  0.24896844, ..., -0.98497109,
         -0.93790965, -0.89104554],
        [-0.11013255,  0.        ,  0.14078929, ..., -0.99800144,
         -0.970407  , -0.93561593],
        [-0.24896844, -0.14078929,  0.        , ..., -0.99695758,
         -0.99473846, -0.97599818],
        ...,
        [ 0.98497109,  0.99800144,  0.99695758, ...,  0.        ,
          0.17967132,  0.29319133],
        [ 0.93790965,  0.970407  ,  0.99473846, ..., -0.17967132,
          0.        ,  0.11664469],
        [ 0.89104554,  0.93561593,  0.97599818, ..., -0.29319133,
         -0.11664469,  0.        ]]]), 'num': array([8.56129423e-01, 5.16649692e-01, 5.14363229e-06, 2.61138255e-03,
       2.66281887e-03, 2.52829310e-03, 8.12800731e-03, 1.18699207e-05,
       2.55915489e-03, 2.35835540e-03, 2.37352252e-03, 2.91313071e-06,
       2.72690088e-03, 1.98980992e-03])}
{'img': array([[[ 0.        ,  0.11305317,  0.02493586, ...,  0.13847822,
          0.39969652,  0.44016832],
        [-0.11305317,  0.        , -0.08824202, ...,  0.02562648,
          0.29350414,  0.33583421],
        [-0.02493586,  0.08824202,  0.        , ...,  0.11373955,
          0.37671485,  0.41764116],
        ...,
        [-0.13847822, -0.02562648, -0.11373955, ...,  0.        ,
          0.26890992,  0.3115858 ],
        [-0.39969652, -0.29350414, -0.37671485, ..., -0.26890992,
          0.        ,  0.04458559],
        [-0.44016832, -0.33583421, -0.41764116, ..., -0.3115858 ,
         -0.04458559,  0.        ]],

       [[ 0.        , -0.14493998, -0.09219033, ...,  0.35938396,
          0.64895051,  0.37459453],
        [ 0.14493998,  0.        ,  0.05310591, ...,  0.49084554,
          0.75237266,  0.5050257 ],
        [ 0.09219033, -0.05310591,  0.        , ...,  0.44388456,
          0.71632811,  0.45847711],
        ...,
        [-0.35938396, -0.49084554, -0.44388456, ...,  0.        ,
          0.33216366,  0.01635103],
        [-0.64895051, -0.75237266, -0.71632811, ..., -0.33216366,
          0.        , -0.31669661],
        [-0.37459453, -0.5050257 , -0.45847711, ..., -0.01635103,
          0.31669661,  0.        ]],

       [[ 0.        ,  0.0519542 ,  0.01533295, ...,  0.55311087,
          0.75042784,  0.32790185],
        [-0.0519542 ,  0.        , -0.03663585, ...,  0.50908044,
          0.71507512,  0.27837727],
        [-0.01533295,  0.03663585,  0.        , ...,  0.54027185,
          0.74020528,  0.31337809],
        ...,
        [-0.55311087, -0.50908044, -0.54027185, ...,  0.        ,
          0.25960724, -0.24935282],
        [-0.75042784, -0.71507512, -0.74020528, ..., -0.25960724,
          0.        , -0.49221053],
        [-0.32790185, -0.27837727, -0.31337809, ...,  0.24935282,
          0.49221053,  0.        ]],

       ...,

       [[ 0.        , -0.21645285,  0.16297838, ...,  0.13716546,
          0.16908856,  0.69527621],
        [ 0.21645285,  0.        ,  0.37267346, ...,  0.34832066,
          0.37841611,  0.83436724],
        [-0.16297838, -0.37267346,  0.        , ..., -0.02610643,
          0.00619615,  0.5688406 ],
        ...,
        [-0.13716546, -0.34832066,  0.02610643, ...,  0.        ,
          0.03229997,  0.59011789],
        [-0.16908856, -0.37841611, -0.00619615, ..., -0.03229997,
          0.        ,  0.56373367],
        [-0.69527621, -0.83436724, -0.5688406 , ..., -0.59011789,
         -0.56373367,  0.        ]],

       [[ 0.        ,  0.04953567,  0.08971724, ...,  0.29499648,
          0.55783041,  0.92919366],
        [-0.04953567,  0.        ,  0.04027119, ...,  0.24730307,
          0.51603322,  0.90974489],
        [-0.08971724, -0.04027119,  0.        , ...,  0.20808216,
          0.48111957,  0.89228759],
        ...,
        [-0.29499648, -0.24730307, -0.20808216, ...,  0.        ,
          0.28817225,  0.7788143 ],
        [-0.55783041, -0.51603322, -0.48111957, ..., -0.28817225,
          0.        ,  0.56501855],
        [-0.92919366, -0.90974489, -0.89228759, ..., -0.7788143 ,
         -0.56501855,  0.        ]],

       [[ 0.        ,  0.14078929,  0.23738013, ..., -0.970407  ,
         -0.93561593, -0.86084183],
        [-0.14078929,  0.        ,  0.09825064, ..., -0.99473846,
         -0.97599818, -0.9239113 ],
        [-0.23738013, -0.09825064,  0.        , ..., -0.99999111,
         -0.9926729 , -0.9570325 ],
        ...,
        [ 0.970407  ,  0.99473846,  0.99999111, ...,  0.        ,
          0.11664469,  0.28594164],
        [ 0.93561593,  0.97599818,  0.9926729 , ..., -0.11664469,
          0.        ,  0.17221529],
        [ 0.86084183,  0.9239113 ,  0.9570325 , ..., -0.28594164,
         -0.17221529,  0.        ]]]), 'num': array([8.56399781e-01, 5.16192587e-01, 5.13908147e-06, 2.61697841e-03,
       2.69604120e-03, 2.57744701e-03, 8.62689700e-03, 7.90627919e-06,
       2.56558760e-03, 2.37623221e-03, 2.37379444e-03, 2.91055333e-06,
       2.75537024e-03, 1.99709418e-03])}
{'img': array([[[ 0.        , -0.08824202, -0.06325514, ...,  0.29350414,
          0.33583421,  0.3644379 ],
        [ 0.08824202,  0.        ,  0.02505692, ...,  0.37671485,
          0.41764116,  0.44518966],
        [ 0.06325514, -0.02505692,  0.        , ...,  0.35338561,
          0.39474302,  0.42261301],
        ...,
        [-0.29350414, -0.37671485, -0.35338561, ...,  0.        ,
          0.04458559,  0.07506807],
        [-0.33583421, -0.41764116, -0.39474302, ..., -0.04458559,
          0.        ,  0.03053363],
        [-0.3644379 , -0.44518966, -0.42261301, ..., -0.07506807,
         -0.03053363,  0.        ]],

       [[ 0.        ,  0.05310591,  0.06162183, ...,  0.75237266,
          0.5050257 ,  0.52626317],
        [-0.05310591,  0.        ,  0.00852989, ...,  0.71632811,
          0.45847711,  0.48036345],
        [-0.06162183, -0.00852989,  0.        , ...,  0.7103502 ,
          0.45087986,  0.47286466],
        ...,
        [-0.75237266, -0.71632811, -0.7103502 , ...,  0.        ,
         -0.31669661, -0.29308943],
        [-0.5050257 , -0.45847711, -0.45087986, ...,  0.31669661,
          0.        ,  0.02478568],
        [-0.52626317, -0.48036345, -0.47286466, ...,  0.29308943,
         -0.02478568,  0.        ]],

       [[ 0.        , -0.03663585, -0.12071036, ...,  0.71507512,
          0.27837727,  0.36627126],
        [ 0.03663585,  0.        , -0.08426137, ...,  0.74020528,
          0.31337809,  0.40011533],
        [ 0.12071036,  0.08426137,  0.        , ...,  0.79422862,
          0.39228061,  0.47591497],
        ...,
        [-0.71507512, -0.74020528, -0.79422862, ...,  0.        ,
         -0.49221053, -0.40934215],
        [-0.27837727, -0.31337809, -0.39228061, ...,  0.49221053,
          0.        ,  0.09276091],
        [-0.36627126, -0.40011533, -0.47591497, ...,  0.40934215,
         -0.09276091,  0.        ]],

       ...,

       [[ 0.        ,  0.37267346,  0.78000793, ...,  0.37841611,
          0.83436724,  0.83436724],
        [-0.37267346,  0.        ,  0.49061041, ...,  0.00619615,
          0.5688406 ,  0.5688406 ],
        [-0.78000793, -0.49061041,  0.        , ..., -0.4852018 ,
          0.09217432,  0.09217432],
        ...,
        [-0.37841611, -0.00619615,  0.4852018 , ...,  0.        ,
          0.56373367,  0.56373367],
        [-0.83436724, -0.5688406 , -0.09217432, ..., -0.56373367,
          0.        ,  0.        ],
        [-0.83436724, -0.5688406 , -0.09217432, ..., -0.56373367,
          0.        ,  0.        ]],

       [[ 0.        ,  0.0353429 ,  0.06504313, ...,  0.42758388,
          0.6404578 ,  0.95239938],
        [-0.0353429 ,  0.        ,  0.02973443, ...,  0.39536761,
          0.61291456,  0.94102997],
        [-0.06504313, -0.02973443,  0.        , ...,  0.36788104,
          0.58914891,  0.93055403],
        ...,
        [-0.42758388, -0.39536761, -0.36788104, ...,  0.        ,
          0.2505767 ,  0.7305956 ],
        [-0.6404578 , -0.61291456, -0.58914891, ..., -0.2505767 ,
          0.        ,  0.53619084],
        [-0.95239938, -0.94102997, -0.93055403, ..., -0.7305956 ,
         -0.53619084,  0.        ]],

       [[ 0.        ,  0.09825064,  0.20802602, ..., -0.97599818,
         -0.9239113 , -0.88423527],
        [-0.09825064,  0.        ,  0.11091829, ..., -0.9926729 ,
         -0.9570325 , -0.92584423],
        [-0.20802602, -0.11091829,  0.        , ..., -0.99995018,
         -0.98329132, -0.96204795],
        ...,
        [ 0.97599818,  0.9926729 ,  0.99995018, ...,  0.        ,
          0.17221529,  0.26326429],
        [ 0.9239113 ,  0.9570325 ,  0.98329132, ..., -0.17221529,
          0.        ,  0.09319076],
        [ 0.88423527,  0.92584423,  0.96204795, ..., -0.26326429,
         -0.09319076,  0.        ]]]), 'num': array([ 8.86397845e-01,  4.62812471e-01,  6.44726597e-06,  2.69799601e-03,
        2.77602025e-03,  2.66925024e-03,  7.01322915e-03, -2.05326942e-05,
        2.68814032e-03,  2.48630394e-03,  2.46741386e-03,  2.87136895e-06,
        2.88769978e-03,  2.08490809e-03])}
{'img': array([[[ 0.        ,  0.02505692,  0.30946252, ...,  0.41764116,
          0.44518966,  0.37671485],
        [-0.02505692,  0.        ,  0.28553844, ...,  0.39474302,
          0.42261301,  0.35338561],
        [-0.30946252, -0.28553844,  0.        , ...,  0.11595847,
          0.14623206,  0.07155834],
        ...,
        [-0.41764116, -0.39474302, -0.11595847, ...,  0.        ,
          0.03053363, -0.04458559],
        [-0.44518966, -0.42261301, -0.14623206, ..., -0.03053363,
          0.        , -0.07506807],
        [-0.37671485, -0.35338561, -0.07155834, ...,  0.04458559,
          0.07506807,  0.        ]],

       [[ 0.        ,  0.00852989,  0.20556924, ...,  0.45847711,
          0.48036345,  0.39365121],
        [-0.00852989,  0.        ,  0.19721405, ...,  0.45087986,
          0.47286466,  0.3857957 ],
        [-0.20556924, -0.19721405,  0.        , ...,  0.26599456,
          0.2898056 ,  0.19627228],
        ...,
        [-0.45847711, -0.45087986, -0.26599456, ...,  0.        ,
          0.02478568, -0.07161933],
        [-0.48036345, -0.47286466, -0.2898056 , ..., -0.02478568,
          0.        , -0.09631936],
        [-0.39365121, -0.3857957 , -0.19627228, ...,  0.07161933,
          0.09631936,  0.        ]],

       [[ 0.        , -0.0821143 , -0.05377545, ...,  0.30036413,
          0.38078577,  0.7542357 ],
        [ 0.0821143 ,  0.        ,  0.02840164, ...,  0.37767242,
          0.4554279 ,  0.80560514],
        [ 0.05377545, -0.02840164,  0.        , ...,  0.35122187,
          0.42995897,  0.78845352],
        ...,
        [-0.30036413, -0.37767242, -0.35122187, ...,  0.        ,
          0.08546715,  0.52218835],
        [-0.38078577, -0.4554279 , -0.42995897, ..., -0.08546715,
          0.        ,  0.44738869],
        [-0.7542357 , -0.80560514, -0.78845352, ..., -0.52218835,
         -0.44738869,  0.        ]],

       ...,

       [[ 0.        ,  0.49061041,  0.27618683, ...,  0.5688406 ,
          0.5688406 ,  0.29937086],
        [-0.49061041,  0.        , -0.2308642 , ...,  0.09217432,
          0.09217432, -0.20724397],
        [-0.27618683,  0.2308642 ,  0.        , ...,  0.31956571,
          0.31956571,  0.02420649],
        ...,
        [-0.5688406 , -0.09217432, -0.31956571, ...,  0.        ,
          0.        , -0.29653487],
        [-0.5688406 , -0.09217432, -0.31956571, ...,  0.        ,
          0.        , -0.29653487],
        [-0.29937086,  0.20724397, -0.02420649, ...,  0.29653487,
          0.29653487,  0.        ]],

       [[ 0.        ,  0.02725056,  0.05777148, ...,  0.53531178,
          0.73125988,  0.96547421],
        [-0.02725056,  0.        ,  0.03054498, ...,  0.51209567,
          0.71240073,  0.95801693],
        [-0.05777148, -0.03054498,  0.        , ...,  0.48562077,
          0.69063268,  0.94881231],
        ...,
        [-0.53531178, -0.51209567, -0.48562077, ...,  0.        ,
          0.25252637,  0.67604417],
        [-0.73125988, -0.71240073, -0.69063268, ..., -0.25252637,
          0.        ,  0.46805674],
        [-0.96547421, -0.95801693, -0.94881231, ..., -0.67604417,
         -0.46805674,  0.        ]],

       [[ 0.        ,  0.11091829,  0.32971336, ..., -0.9570325 ,
         -0.92584423, -0.88758815],
        [-0.11091829,  0.        ,  0.22296301, ..., -0.98329132,
         -0.96204795, -0.93320448],
        [-0.32971336, -0.22296301,  0.        , ..., -0.99912679,
         -0.99867247, -0.98983366],
        ...,
        [ 0.9570325 ,  0.98329132,  0.99912679, ...,  0.        ,
          0.09319076,  0.18346202],
        [ 0.92584423,  0.96204795,  0.99867247, ..., -0.09319076,
          0.        ,  0.09105462],
        [ 0.88758815,  0.93320448,  0.98983366, ..., -0.18346202,
         -0.09105462,  0.        ]]]), 'num': array([ 7.91594717e-01,  6.10985939e-01,  2.80013610e-06,  2.37643129e-03,
        2.42064397e-03,  2.35432496e-03,  5.55381205e-03, -4.42126753e-05,
        2.41769646e-03,  2.24158264e-03,  2.21480940e-03,  2.44230372e-06,
        2.60550933e-03,  1.87765594e-03])}
{'img': array([[[ 0.        ,  0.28553844,  0.50785511, ...,  0.42261301,
          0.35338561,  0.19255904],
        [-0.28553844,  0.        ,  0.24073676, ...,  0.14623206,
          0.07155834, -0.09565243],
        [-0.50785511, -0.24073676,  0.        , ..., -0.09621747,
         -0.17066576, -0.33247226],
        ...,
        [-0.42261301, -0.14623206,  0.09621747, ...,  0.        ,
         -0.07506807, -0.24018575],
        [-0.35338561, -0.07155834,  0.17066576, ...,  0.07506807,
          0.        , -0.16663745],
        [-0.19255904,  0.09565243,  0.33247226, ...,  0.24018575,
          0.16663745,  0.        ]],

       [[ 0.        ,  0.19721405,  0.29566755, ...,  0.47286466,
          0.3857957 ,  0.34355834],
        [-0.19721405,  0.        ,  0.10146399, ...,  0.2898056 ,
          0.19627228,  0.15160112],
        [-0.29566755, -0.10146399,  0.        , ...,  0.19120026,
          0.09576891,  0.0505275 ],
        ...,
        [-0.47286466, -0.2898056 , -0.19120026, ...,  0.        ,
         -0.09631936, -0.14136072],
        [-0.3857957 , -0.19627228, -0.09576891, ...,  0.09631936,
          0.        , -0.04535132],
        [-0.34355834, -0.15160112, -0.0505275 , ...,  0.14136072,
          0.04535132,  0.        ]],

       [[ 0.        ,  0.02737773,  0.23657893, ...,  0.42817765,
          0.66035392,  0.82249438],
        [-0.02737773,  0.        ,  0.20988971, ...,  0.40327604,
          0.63954696,  0.80661436],
        [-0.23657893, -0.20988971,  0.        , ...,  0.20222756,
          0.46394795,  0.66458587],
        ...,
        [-0.42817765, -0.40327604, -0.20222756, ...,  0.        ,
          0.27521631,  0.49974773],
        [-0.66035392, -0.63954696, -0.46394795, ..., -0.27521631,
          0.        ,  0.24206425],
        [-0.82249438, -0.80661436, -0.66458587, ..., -0.49974773,
         -0.24206425,  0.        ]],

       ...,

       [[ 0.        , -0.2308642 ,  0.39924829, ...,  0.09217432,
         -0.20724397, -0.39921159],
        [ 0.2308642 ,  0.        ,  0.60012918, ...,  0.31956571,
          0.02420649, -0.1767574 ],
        [-0.39924829, -0.60012918,  0.        , ..., -0.31303927,
         -0.58059048, -0.7320686 ],
        ...,
        [-0.09217432, -0.31956571,  0.31303927, ...,  0.        ,
         -0.29653487, -0.48202294],
        [ 0.20724397, -0.02420649,  0.58059048, ...,  0.29653487,
          0.        , -0.20053096],
        [ 0.39921159,  0.1767574 ,  0.7320686 , ...,  0.48202294,
          0.20053096,  0.        ]],

       [[ 0.        ,  0.02903069,  0.09365319, ...,  0.65288472,
          0.81109552,  0.97069359],
        [-0.02903069,  0.        ,  0.06471062, ...,  0.63062003,
          0.79377321,  0.96330779],
        [-0.09365319, -0.06471062,  0.        , ...,  0.57907692,
          0.75275162,  0.94392049],
        ...,
        [-0.65288472, -0.63062003, -0.57907692, ...,  0.        ,
          0.23248898,  0.57835733],
        [-0.81109552, -0.79377321, -0.75275162, ..., -0.23248898,
          0.        ,  0.37284909],
        [-0.97069359, -0.96330779, -0.94392049, ..., -0.57835733,
         -0.37284909,  0.        ]],

       [[ 0.        ,  0.22296301,  0.4563422 , ..., -0.96204795,
         -0.93320448, -0.90825324],
        [-0.22296301,  0.        ,  0.24646119, ..., -0.99867247,
         -0.98983366, -0.97868208],
        [-0.4563422 , -0.24646119,  0.        , ..., -0.98056133,
         -0.99435406, -0.99911081],
        ...,
        [ 0.96204795,  0.99867247,  0.98056133, ...,  0.        ,
          0.09105462,  0.15469642],
        [ 0.93320448,  0.98983366,  0.99435406, ..., -0.09105462,
          0.        ,  0.06409529],
        [ 0.90825324,  0.97868208,  0.99911081, ..., -0.15469642,
         -0.06409529,  0.        ]]]), 'num': array([ 7.64147067e-01,  6.44999459e-01,  1.85011812e-06,  2.29130014e-03,
        2.31264766e-03,  2.25216302e-03,  3.84728506e-03, -3.55791947e-06,
        2.32545617e-03,  2.18047095e-03,  2.13961417e-03,  2.28217145e-06,
        2.52469869e-03,  1.83624320e-03])}
{'img': array([[[ 0.        ,  0.24073676,  0.        , ...,  0.07155834,
         -0.09565243, -0.10892384],
        [-0.24073676,  0.        , -0.24073676, ..., -0.17066576,
         -0.33247226, -0.34502483],
        [ 0.        ,  0.24073676,  0.        , ...,  0.07155834,
         -0.09565243, -0.10892384],
        ...,
        [-0.07155834,  0.17066576, -0.07155834, ...,  0.        ,
         -0.16663745, -0.17977718],
        [ 0.09565243,  0.33247226,  0.09565243, ...,  0.16663745,
          0.        , -0.0133411 ],
        [ 0.10892384,  0.34502483,  0.10892384, ...,  0.17977718,
          0.0133411 ,  0.        ]],

       [[ 0.        ,  0.10146399, -0.05014587, ...,  0.19627228,
          0.15160112,  0.04114473],
        [-0.10146399,  0.        , -0.15122342, ...,  0.09576891,
          0.0505275 , -0.06044568],
        [ 0.05014587,  0.15122342,  0.        , ...,  0.24519586,
          0.20097667,  0.09119637],
        ...,
        [-0.19627228, -0.09576891, -0.24519586, ...,  0.        ,
         -0.04535132, -0.15576164],
        [-0.15160112, -0.0505275 , -0.20097667, ...,  0.04535132,
          0.        , -0.11080358],
        [-0.04114473,  0.06044568, -0.09119637, ...,  0.15576164,
          0.11080358,  0.        ]],

       [[ 0.        ,  0.20988971,  0.30739573, ...,  0.63954696,
          0.80661436,  0.58610488],
        [-0.20988971,  0.        ,  0.10082129, ...,  0.46394795,
          0.66458587,  0.40298941],
        [-0.30739573, -0.10082129,  0.        , ...,  0.37227013,
          0.58586464,  0.30866388],
        ...,
        [-0.63954696, -0.46394795, -0.37227013, ...,  0.        ,
          0.24206425, -0.06761413],
        [-0.80661436, -0.66458587, -0.58586464, ..., -0.24206425,
          0.        , -0.3071136 ],
        [-0.58610488, -0.40298941, -0.30866388, ...,  0.06761413,
          0.3071136 ,  0.        ]],

       ...,

       [[ 0.        ,  0.60012918, -0.19080755, ...,  0.02420649,
         -0.1767574 , -0.27651815],
        [-0.60012918,  0.        , -0.74173083, ..., -0.58059048,
         -0.7320686 , -0.79791708],
        [ 0.19080755,  0.74173083,  0.        , ...,  0.2145134 ,
          0.01429326, -0.0880701 ],
        ...,
        [-0.02420649,  0.58059048, -0.2145134 , ...,  0.        ,
         -0.20053096, -0.29969978],
        [ 0.1767574 ,  0.7320686 , -0.01429326, ...,  0.20053096,
          0.        , -0.10229882],
        [ 0.27651815,  0.79791708,  0.0880701 , ...,  0.29969978,
          0.10229882,  0.        ]],

       [[ 0.        ,  0.0627741 ,  0.10183751, ...,  0.7486983 ,
          0.85883735,  0.97049055],
        [-0.0627741 ,  0.        ,  0.03918893, ...,  0.70560805,
          0.82498759,  0.95343922],
        [-0.10183751, -0.03918893,  0.        , ...,  0.67729665,
          0.8022062 ,  0.94088801],
        ...,
        [-0.7486983 , -0.70560805, -0.67729665, ...,  0.        ,
          0.18581315,  0.46280831],
        [-0.85883735, -0.82498759, -0.8022062 , ..., -0.18581315,
          0.        ,  0.29003292],
        [-0.97049055, -0.95343922, -0.94088801, ..., -0.46280831,
         -0.29003292,  0.        ]],

       [[ 0.        ,  0.24646119,  0.4404277 , ..., -0.98983366,
         -0.97868208, -0.92085374],
        [-0.24646119,  0.        ,  0.20557176, ..., -0.99435406,
         -0.99911081, -0.98854509],
        [-0.4404277 , -0.20557176,  0.        , ..., -0.95130283,
         -0.96910462, -0.99845788],
        ...,
        [ 0.98983366,  0.99435406,  0.95130283, ...,  0.        ,
          0.06409529,  0.25497134],
        [ 0.97868208,  0.99911081,  0.96910462, ..., -0.06409529,
          0.        ,  0.19247021],
        [ 0.92085374,  0.98854509,  0.99845788, ..., -0.25497134,
         -0.19247021,  0.        ]]]), 'num': array([8.01962590e-01, 5.97292436e-01, 3.07312543e-06, 2.46590546e-03,
       2.47701315e-03, 2.40296193e-03, 7.27753127e-03, 8.14563367e-05,
       2.42443678e-03, 2.28707178e-03, 2.22746055e-03, 2.54725045e-06,
       2.64694164e-03, 1.92720192e-03])}
{'img': array([[[ 0.        , -0.24073676, -0.63950899, ..., -0.33247226,
         -0.34502483, -0.03300406],
        [ 0.24073676,  0.        , -0.43562684, ..., -0.09565243,
         -0.10892384,  0.20857218],
        [ 0.63950899,  0.43562684,  0.        , ...,  0.34753004,
          0.33498957,  0.61378761],
        ...,
        [ 0.33247226,  0.09565243, -0.34753004, ...,  0.        ,
         -0.0133411 ,  0.30116458],
        [ 0.34502483,  0.10892384, -0.33498957, ...,  0.0133411 ,
          0.        ,  0.31385947],
        [ 0.03300406, -0.20857218, -0.61378761, ..., -0.30116458,
         -0.31385947,  0.        ]],

       [[ 0.        , -0.15122342,  0.25136043, ...,  0.0505275 ,
         -0.06044568,  0.14936249],
        [ 0.15122342,  0.        ,  0.39483786, ...,  0.20097667,
          0.09119637,  0.29717184],
        [-0.25136043, -0.39483786,  0.        , ..., -0.20213412,
         -0.30940579, -0.1039738 ],
        ...,
        [-0.0505275 , -0.20097667,  0.20213412, ...,  0.        ,
         -0.11080358,  0.099211  ],
        [ 0.06044568, -0.09119637,  0.30940579, ...,  0.11080358,
          0.        ,  0.20885701],
        [-0.14936249, -0.29717184,  0.1039738 , ..., -0.099211  ,
         -0.20885701,  0.        ]],

       [[ 0.        ,  0.10082129,  0.03422051, ...,  0.66458587,
          0.40298941,  0.47794081],
        [-0.10082129,  0.        , -0.0667161 , ...,  0.58586464,
          0.30866388,  0.38694487],
        [-0.03422051,  0.0667161 ,  0.        , ...,  0.63862665,
          0.3714346 ,  0.44760186],
        ...,
        [-0.66458587, -0.58586464, -0.63862665, ...,  0.        ,
         -0.3071136 , -0.22664388],
        [-0.40298941, -0.30866388, -0.3714346 , ...,  0.3071136 ,
          0.        ,  0.08343096],
        [-0.47794081, -0.38694487, -0.44760186, ...,  0.22664388,
         -0.08343096,  0.        ]],

       ...,

       [[ 0.        , -0.74173083, -0.9876281 , ..., -0.7320686 ,
         -0.79791708, -0.63436064],
        [ 0.74173083,  0.        , -0.54608584, ...,  0.01429326,
         -0.0880701 ,  0.14792135],
        [ 0.9876281 ,  0.54608584,  0.        , ...,  0.55800393,
          0.47018501,  0.66399646],
        ...,
        [ 0.7320686 , -0.01429326, -0.55800393, ...,  0.        ,
         -0.10229882,  0.13377022],
        [ 0.79791708,  0.0880701 , -0.47018501, ...,  0.10229882,
          0.        ,  0.23444782],
        [ 0.63436064, -0.14792135, -0.66399646, ..., -0.13377022,
         -0.23444782,  0.        ]],

       [[ 0.        ,  0.03673512,  0.03673512, ...,  0.72293351,
          0.78232397,  0.96996893],
        [-0.03673512,  0.        ,  0.        , ...,  0.69706462,
          0.75891466,  0.96037919],
        [-0.03673512,  0.        ,  0.        , ...,  0.69706462,
          0.75891466,  0.96037919],
        ...,
        [-0.72293351, -0.69706462, -0.69706462, ...,  0.        ,
          0.09022654,  0.49433032],
        [-0.78232397, -0.75891466, -0.75891466, ..., -0.09022654,
          0.        ,  0.41388247],
        [-0.96996893, -0.96037919, -0.96037919, ..., -0.49433032,
         -0.41388247,  0.        ]],

       [[ 0.        ,  0.20557176,  0.20557176, ..., -0.99911081,
         -0.98854509, -0.96363276],
        [-0.20557176,  0.        ,  0.        , ..., -0.96910462,
         -0.99845788, -0.99798649],
        [-0.20557176,  0.        ,  0.        , ..., -0.96910462,
         -0.99845788, -0.99798649],
        ...,
        [ 0.99911081,  0.96910462,  0.96910462, ...,  0.        ,
          0.19247021,  0.30762069],
        [ 0.98854509,  0.99845788,  0.99845788, ..., -0.19247021,
          0.        ,  0.11873189],
        [ 0.96363276,  0.99798649,  0.99798649, ..., -0.30762069,
         -0.11873189,  0.        ]]]), 'num': array([ 7.97215373e-01,  6.03623617e-01,  3.00608317e-06,  2.39002168e-03,
        2.47909081e-03,  2.37146561e-03,  6.44953289e-03, -8.16467035e-05,
        2.41674242e-03,  2.31338512e-03,  2.23118173e-03,  2.28903333e-06,
        2.64437275e-03,  1.98239748e-03])}
{'img': array([[[ 0.        , -0.43562684, -0.70730881, ..., -0.10892384,
          0.20857218, -0.10892384],
        [ 0.43562684,  0.        , -0.32872136, ...,  0.33498957,
          0.61378761,  0.33498957],
        [ 0.70730881,  0.32872136,  0.        , ...,  0.62610162,
          0.83919361,  0.62610162],
        ...,
        [ 0.10892384, -0.33498957, -0.62610162, ...,  0.        ,
          0.31385947,  0.        ],
        [-0.20857218, -0.61378761, -0.83919361, ..., -0.31385947,
          0.        , -0.31385947],
        [ 0.10892384, -0.33498957, -0.62610162, ...,  0.        ,
          0.31385947,  0.        ]],

       [[ 0.        ,  0.39483786,  0.00896816, ...,  0.09119637,
          0.29717184,  0.25151314],
        [-0.39483786,  0.        , -0.38658247, ..., -0.30940579,
         -0.1039738 , -0.15106745],
        [-0.00896816,  0.38658247,  0.        , ...,  0.08226191,
          0.28859687,  0.24282316],
        ...,
        [-0.09119637,  0.30940579, -0.08226191, ...,  0.        ,
          0.20885701,  0.1622003 ],
        [-0.29717184,  0.1039738 , -0.28859687, ..., -0.20885701,
          0.        , -0.04746813],
        [-0.25151314,  0.15106745, -0.24282316, ..., -0.1622003 ,
          0.04746813,  0.        ]],

       [[ 0.        , -0.0667161 , -0.27160878, ...,  0.30866388,
          0.38694487,  0.19023857],
        [ 0.0667161 ,  0.        , -0.20679555, ...,  0.3714346 ,
          0.44760186,  0.25531244],
        [ 0.27160878,  0.20679555,  0.        , ...,  0.55540695,
          0.62284997,  0.4497357 ],
        ...,
        [-0.30866388, -0.3714346 , -0.55540695, ...,  0.        ,
          0.08343096, -0.12207758],
        [-0.38694487, -0.44760186, -0.62284997, ..., -0.08343096,
          0.        , -0.20445891],
        [-0.19023857, -0.25531244, -0.4497357 , ...,  0.12207758,
          0.20445891,  0.        ]],

       ...,

       [[ 0.        , -0.57050712, -0.88040144, ..., -0.09489163,
          0.16361932, -0.2090467 ],
        [ 0.57050712,  0.        , -0.45251612, ...,  0.48999897,
          0.69719805,  0.38621362],
        [ 0.88040144,  0.45251612,  0.        , ...,  0.83142834,
          0.94612981,  0.76181351],
        ...,
        [ 0.09489163, -0.48999897, -0.83142834, ...,  0.        ,
          0.25649383, -0.11530834],
        [-0.16361932, -0.69719805, -0.94612981, ..., -0.25649383,
          0.        , -0.36623375],
        [ 0.2090467 , -0.38621362, -0.76181351, ...,  0.11530834,
          0.36623375,  0.        ]],

       [[ 0.        ,  0.        , -0.01300317, ...,  0.75891466,
          0.96037919,  0.844027  ],
        [ 0.        ,  0.        , -0.01300317, ...,  0.75891466,
          0.96037919,  0.844027  ],
        [ 0.01300317,  0.01300317,  0.        , ...,  0.76731803,
          0.96392194,  0.85092925],
        ...,
        [-0.75891466, -0.75891466, -0.76731803, ...,  0.        ,
          0.41388247,  0.14261556],
        [-0.96037919, -0.96037919, -0.96392194, ..., -0.41388247,
          0.        , -0.27982456],
        [-0.844027  , -0.844027  , -0.85092925, ..., -0.14261556,
          0.27982456,  0.        ]],

       [[ 0.        ,  0.        ,  0.07739134, ..., -0.99845788,
         -0.99798649, -0.9203911 ],
        [ 0.        ,  0.        ,  0.07739134, ..., -0.99845788,
         -0.99798649, -0.9203911 ],
        [-0.07739134, -0.07739134,  0.        , ..., -0.99116695,
         -0.99990201, -0.94789059],
        ...,
        [ 0.99845788,  0.99845788,  0.99116695, ...,  0.        ,
          0.11873189,  0.44149118],
        [ 0.99798649,  0.99798649,  0.99990201, ..., -0.11873189,
          0.        ,  0.33183418],
        [ 0.9203911 ,  0.9203911 ,  0.94789059, ..., -0.44149118,
         -0.33183418,  0.        ]]]), 'num': array([7.49360330e-01, 6.62098821e-01, 1.32214407e-06, 2.29635550e-03,
       2.31375213e-03, 2.25112425e-03, 6.66885991e-03, 5.56692242e-05,
       2.26782502e-03, 2.19093190e-03, 2.09223501e-03, 2.09024178e-06,
       2.46990447e-03, 1.91195934e-03])}
{'img': array([[[ 0.        , -0.32872136, -0.47269075, ...,  0.61378761,
          0.33498957,  0.53706552],
        [ 0.32872136,  0.        , -0.1567433 , ...,  0.83919361,
          0.62610162,  0.78450894],
        [ 0.47269075,  0.1567433 ,  0.        , ...,  0.9140628 ,
          0.74058187,  0.87201119],
        ...,
        [-0.61378761, -0.83919361, -0.9140628 , ...,  0.        ,
         -0.31385947, -0.09375697],
        [-0.33498957, -0.62610162, -0.74058187, ...,  0.31385947,
          0.        ,  0.22345758],
        [-0.53706552, -0.78450894, -0.87201119, ...,  0.09375697,
         -0.22345758,  0.        ]],

       [[ 0.        , -0.38658247, -0.36850932, ..., -0.1039738 ,
         -0.15106745, -0.11382771],
