state_0,state_1,state_2,state_3,state_4,state_5,state_6,state_7,state_8,state_9,state_10,state_11,state_12,state_13,state_14,state_15,state_16,state_17,state_18,state_19,state_20,state_21,state_22,state_23,state_24,state_25,state_26,state_27,state_28,state_29,state_30,state_31,state_32,state_33,state_34,state_35,state_36,state_37,state_38,state_39,state_40,state_41,state_42,state_43,state_44,state_45,state_46,state_47,state_48,state_49,state_50,state_51,state_52,state_53,state_54,state_55,state_56,state_57,state_58,state_59,state_60,state_61,state_62,state_63,state_64,state_65,state_66,state_67,state_68,state_69,state_70,state_71,state_72,state_73,state_74,state_75,state_76,state_77,state_78,state_79,state_80,state_81,state_82,state_83,state_84,state_85,state_86,state_87,state_88,state_89,state_90,state_91,state_92,state_93,state_94,state_95,state_96,state_97,state_98,state_99,state_100,state_101,state_102,state_103,state_104,state_105,state_106,state_107,state_108,state_109,state_110,state_111,state_112,state_113,state_114,state_115,state_116,state_117,state_118,state_119,state_120,state_121,state_122,state_123,state_124,state_125,state_126,state_127,state_128,state_129,state_130,state_131,state_132,state_133,state_134,state_135,state_136,state_137,state_138,state_139,state_140,state_141,state_142,state_143,state_144,state_145,state_146,state_147,state_148,state_149,state_150,state_151,state_152,state_153,state_154,state_155,state_156,state_157,state_158,state_159,state_160,state_161,state_162,state_163,state_164,state_165,state_166,state_167,state_168,state_169,state_170,state_171,state_172,state_173,state_174,state_175,state_176,state_177,state_178,state_179,state_180,state_181,state_182,state_183,state_184,state_185,state_186,state_187,state_188,state_189,state_190,state_191,state_192,state_193,state_194,state_195,state_196,state_197,state_198,state_199,state_200,state_201,state_202,state_203,state_204,state_205,state_206,state_207,state_208,state_209,state_210,state_211,state_212,state_213,state_214,state_215,state_216,state_217,state_218,state_219,state_220,state_221,state_222,state_223,state_224,state_225,state_226,state_227,state_228,state_229,state_230,state_231,state_232,state_233,state_234,state_235,state_236,state_237,state_238,state_239,state_240,state_241,state_242,state_243,state_244,state_245,state_246,state_247,state_248,state_249,state_250,state_251,state_252,state_253,state_254,state_255,state_256,state_257,state_258,state_259,state_260,state_261,state_262,state_263,state_264,state_265,state_266,state_267,state_268,state_269,state_270,state_271,state_272,state_273,state_274,state_275,state_276,state_277,state_278,state_279,state_280,state_281,state_282,state_283,state_284,state_285,state_286,state_287
{'img': array([[[ 0.        , -0.14204135, -0.11555892, ..., -0.99315924,
         -0.99924825, -0.98879339],
        [ 0.14204135,  0.        ,  0.02670253, ..., -0.96650347,
         -0.99462321, -0.99997316],
        [ 0.11555892, -0.02670253,  0.        , ..., -0.97301213,
         -0.99703386, -0.99942094],
        ...,
        [ 0.99315924,  0.96650347,  0.97301213, ...,  0.        ,
         -0.15518248, -0.26372841],
        [ 0.99924825,  0.99462321,  0.99703386, ...,  0.15518248,
          0.        , -0.110845  ],
        [ 0.98879339,  0.99997316,  0.99942094, ...,  0.26372841,
          0.110845  ,  0.        ]],

       [[ 0.        , -0.11711409, -0.00191042, ...,  0.38335573,
          0.23023792,  0.2564362 ],
        [ 0.11711409,  0.        ,  0.1152166 , ...,  0.48888431,
          0.34262128,  0.36786946],
        [ 0.00191042, -0.1152166 ,  0.        , ...,  0.38511949,
          0.2320966 ,  0.25828227],
        ...,
        [-0.38335573, -0.48888431, -0.38511949, ...,  0.        ,
         -0.16040871, -0.13369208],
        [-0.23023792, -0.34262128, -0.2320966 , ...,  0.16040871,
          0.        ,  0.02700785],
        [-0.2564362 , -0.36786946, -0.25828227, ...,  0.13369208,
         -0.02700785,  0.        ]],

       [[ 0.        , -0.02977361,  0.00882443, ..., -0.98682998,
         -0.98763337, -0.98140362],
        [ 0.02977361,  0.        ,  0.03859297, ..., -0.99120869,
         -0.99186346, -0.98668374],
        [-0.00882443, -0.03859297,  0.        , ..., -0.9853641 ,
         -0.98621141, -0.97967151],
        ...,
        [ 0.98682998,  0.99120869,  0.9853641 , ...,  0.        ,
          0.00504417, -0.03067474],
        [ 0.98763337,  0.99186346,  0.98621141, ..., -0.00504417,
          0.        , -0.03571614],
        [ 0.98140362,  0.98668374,  0.97967151, ...,  0.03067474,
          0.03571614,  0.        ]],

       ...,

       [[ 0.        , -0.02488183,  0.03766438, ...,  0.97682079,
          0.74842742,  0.55320761],
        [ 0.02488183,  0.        ,  0.06251689, ...,  0.98184454,
          0.76469775,  0.57376398],
        [-0.03766438, -0.06251689,  0.        , ...,  0.96806529,
          0.72291673,  0.52143902],
        ...,
        [-0.97682079, -0.98184454, -0.96806529, ...,  0.        ,
         -0.48763643, -0.69531521],
        [-0.74842742, -0.76469775, -0.72291673, ...,  0.48763643,
          0.        , -0.25657601],
        [-0.55320761, -0.57376398, -0.52143902, ...,  0.69531521,
          0.25657601,  0.        ]],

       [[ 0.        , -0.10234165, -0.28846667, ..., -0.58009325,
         -0.5813104 , -0.54804276],
        [ 0.10234165,  0.        , -0.18896092, ..., -0.66040975,
         -0.66153167, -0.63076886],
        [ 0.28846667,  0.18896092,  0.        , ..., -0.79040399,
         -0.79131896, -0.76603346],
        ...,
        [ 0.58009325,  0.66040975,  0.79040399, ...,  0.        ,
          0.00149506, -0.03881092],
        [ 0.5813104 ,  0.66153167,  0.79131896, ..., -0.00149506,
          0.        , -0.04030481],
        [ 0.54804276,  0.63076886,  0.76603346, ...,  0.03881092,
          0.04030481,  0.        ]],

       [[ 0.        , -0.03908173, -0.05956329, ..., -0.99474244,
         -0.99777133, -0.9999986 ],
        [ 0.03908173,  0.        , -0.02050545, ..., -0.99798477,
         -0.99961682, -0.99916913],
        [ 0.05956329,  0.02050545,  0.        , ..., -0.99907609,
         -0.99997424, -0.99812332],
        ...,
        [ 0.99474244,  0.99798477,  0.99907609, ...,  0.        ,
          0.03580493,  0.10407513],
        [ 0.99777133,  0.99961682,  0.99997424, ..., -0.03580493,
          0.        ,  0.06839791],
        [ 0.9999986 ,  0.99916913,  0.99812332, ..., -0.10407513,
         -0.06839791,  0.        ]]]), 'num': array([ 7.54655494e-01,  6.54355183e-01,  2.77455907e-06,  1.43286158e-02,
        1.45664351e-02,  1.42691610e-02,  2.45615860e-02, -1.18909675e-04,
        1.46100354e-02,  1.45476078e-02,  1.55315853e-02,  1.79486301e-05,
        1.50020431e-02,  1.40931724e-02])}
{'img': array([[[ 0.        ,  0.02670253,  0.09699773, ..., -0.99462321,
         -0.99997316, -0.99606987],
        [-0.02670253,  0.        ,  0.07038653, ..., -0.99703386,
         -0.99942094, -0.99334963],
        [-0.09699773, -0.07038653,  0.        , ..., -0.99997825,
         -0.99454717, -0.98278182],
        ...,
        [ 0.99462321,  0.99703386,  0.99997825, ...,  0.        ,
         -0.110845  , -0.19124772],
        [ 0.99997316,  0.99942094,  0.99454717, ...,  0.110845  ,
          0.        , -0.0812702 ],
        [ 0.99606987,  0.99334963,  0.98278182, ...,  0.19124772,
          0.0812702 ,  0.        ]],

       [[ 0.        ,  0.10464735,  0.02659862, ...,  0.32226194,
          0.34694742, -0.33925569],
        [-0.10464735,  0.        , -0.07815774, ...,  0.22142806,
          0.24689533, -0.43583413],
        [-0.02659862,  0.07815774,  0.        , ...,  0.29696832,
          0.32187822, -0.36415683],
        ...,
        [-0.32226194, -0.22142806, -0.29696832, ...,  0.        ,
          0.02619346, -0.62430652],
        [-0.34694742, -0.24689533, -0.32187822, ..., -0.02619346,
          0.        , -0.64455411],
        [ 0.33925569,  0.43583413,  0.36415683, ...,  0.62430652,
          0.64455411,  0.        ]],

       [[ 0.        ,  0.03859297,  0.02977361, ..., -0.99186346,
         -0.98668374, -0.98056309],
        [-0.03859297,  0.        , -0.00882443, ..., -0.98621141,
         -0.97967151, -0.97226049],
        [-0.02977361,  0.00882443,  0.        , ..., -0.98763337,
         -0.98140362, -0.97428667],
        ...,
        [ 0.99186346,  0.98621141,  0.98763337, ...,  0.        ,
         -0.03571614, -0.06977583],
        [ 0.98668374,  0.97967151,  0.98140362, ...,  0.03571614,
          0.        , -0.03410222],
        [ 0.98056309,  0.97226049,  0.97428667, ...,  0.06977583,
          0.03410222,  0.        ]],

       ...,

       [[ 0.        ,  0.06251689,  0.27361744, ...,  0.76469775,
          0.57376398,  0.42357694],
        [-0.06251689,  0.        ,  0.21295106, ...,  0.72291673,
          0.52143902,  0.36611683],
        [-0.27361744, -0.21295106,  0.        , ...,  0.55919972,
          0.32777001,  0.15955353],
        ...,
        [-0.76469775, -0.72291673, -0.55919972, ...,  0.        ,
         -0.25657601, -0.41976083],
        [-0.57376398, -0.52143902, -0.32777001, ...,  0.25657601,
          0.        , -0.17283164],
        [-0.42357694, -0.36611683, -0.15955353, ...,  0.41976083,
          0.17283164,  0.        ]],

       [[ 0.        , -0.27077539, -0.32970113, ..., -0.58199627,
         -0.54869925, -0.50411781],
        [ 0.27077539,  0.        , -0.06174925, ..., -0.78044662,
         -0.75457484, -0.71913634],
        [ 0.32970113,  0.06174925,  0.        , ..., -0.8175643 ,
         -0.7936556 , -0.76067164],
        ...,
        [ 0.58199627,  0.78044662,  0.8175643 , ...,  0.        ,
         -0.04036288, -0.092688  ],
        [ 0.54869925,  0.75457484,  0.7936556 , ...,  0.04036288,
          0.        , -0.05242334],
        [ 0.50411781,  0.71913634,  0.76067164, ...,  0.092688  ,
          0.05242334,  0.        ]],

       [[ 0.        , -0.02050545, -0.03894846, ..., -0.99961682,
         -0.99916913, -0.99465755],
        [ 0.02050545,  0.        , -0.01845038, ..., -0.99997424,
         -0.99812332, -0.99233164],
        [ 0.03894846,  0.01845038,  0.        , ..., -0.99993645,
         -0.99682359, -0.98988219],
        ...,
        [ 0.99961682,  0.99997424,  0.99993645, ...,  0.        ,
          0.06839791,  0.13072266],
        [ 0.99916913,  0.99812332,  0.99682359, ..., -0.06839791,
          0.        ,  0.06260554],
        [ 0.99465755,  0.99233164,  0.98988219, ..., -0.13072266,
         -0.06260554,  0.        ]]]), 'num': array([7.07096636e-01, 7.07096636e-01, 0.00000000e+00, 1.34422017e-03,
       1.34606157e-03, 1.30186803e-03, 3.73939954e-03, 1.28897824e-05,
       1.35232232e-03, 1.35351923e-03, 1.43840765e-03, 1.87549744e-06,
       1.39077694e-03, 1.31626152e-03])}
{'img': array([[[ 0.00000000e+00,  7.03865277e-02,  8.51717154e-02, ...,
         -9.99420935e-01, -9.93349627e-01, -9.99777010e-01],
        [-7.03865277e-02,  0.00000000e+00,  1.48297086e-02, ...,
         -9.94547165e-01, -9.82781823e-01, -9.95811000e-01],
        [-8.51717154e-02, -1.48297086e-02,  0.00000000e+00, ...,
         -9.92891242e-01, -9.79933667e-01, -9.94345533e-01],
        ...,
        [ 9.99420935e-01,  9.94547165e-01,  9.92891242e-01, ...,
          0.00000000e+00, -8.12701977e-02,  1.29139709e-02],
        [ 9.93349627e-01,  9.82781823e-01,  9.79933667e-01, ...,
          8.12701977e-02,  0.00000000e+00,  9.41346735e-02],
        [ 9.99777010e-01,  9.95811000e-01,  9.94345533e-01, ...,
         -1.29139709e-02, -9.41346735e-02,  0.00000000e+00]],

       [[ 0.00000000e+00, -7.81577397e-02,  4.22216932e-01, ...,
          2.46895332e-01, -4.35834125e-01,  2.62114826e-01],
        [ 7.81577397e-02,  0.00000000e+00,  4.91774959e-01, ...,
          3.21878225e-01, -3.64156834e-01,  3.36738105e-01],
        [-4.22216932e-01, -4.91774959e-01,  0.00000000e+00, ...,
         -1.85336665e-01, -7.75088020e-01, -1.69849099e-01],
        ...,
        [-2.46895332e-01, -3.21878225e-01,  1.85336665e-01, ...,
          0.00000000e+00, -6.44554106e-01,  1.57372611e-02],
        [ 4.35834125e-01,  3.64156834e-01,  7.75088020e-01, ...,
          6.44554106e-01,  0.00000000e+00,  6.56506346e-01],
        [-2.62114826e-01, -3.36738105e-01,  1.69849099e-01, ...,
         -1.57372611e-02, -6.56506346e-01,  0.00000000e+00]],

       [[ 0.00000000e+00, -8.82443446e-03, -2.60376476e-02, ...,
         -9.79671507e-01, -9.72260489e-01, -9.62703768e-01],
        [ 8.82443446e-03,  0.00000000e+00, -1.72151911e-02, ...,
         -9.81403619e-01, -9.74286674e-01, -9.65053802e-01],
        [ 2.60376476e-02,  1.72151911e-02,  0.00000000e+00, ...,
         -9.84562734e-01, -9.78021081e-01, -9.69422061e-01],
        ...,
        [ 9.79671507e-01,  9.81403619e-01,  9.84562734e-01, ...,
          0.00000000e+00, -3.41022222e-02, -7.19311656e-02],
        [ 9.72260489e-01,  9.74286674e-01,  9.78021081e-01, ...,
          3.41022222e-02,  0.00000000e+00, -3.78754430e-02],
        [ 9.62703768e-01,  9.65053802e-01,  9.69422061e-01, ...,
          7.19311656e-02,  3.78754430e-02,  0.00000000e+00]],

       ...,

       [[ 0.00000000e+00,  2.12951059e-01,  3.38469324e-01, ...,
          5.21439023e-01,  3.66116830e-01,  5.20968296e-01],
        [-2.12951059e-01,  0.00000000e+00,  1.30323669e-01, ...,
          3.27770008e-01,  1.59553528e-01,  3.27248858e-01],
        [-3.38469324e-01, -1.30323669e-01,  0.00000000e+00, ...,
          2.01850352e-01,  2.95386474e-02,  2.01310105e-01],
        ...,
        [-5.21439023e-01, -3.27770008e-01, -2.01850352e-01, ...,
          0.00000000e+00, -1.72831637e-01, -5.51569872e-04],
        [-3.66116830e-01, -1.59553528e-01, -2.95386474e-02, ...,
          1.72831637e-01,  0.00000000e+00,  1.72288342e-01],
        [-5.20968296e-01, -3.27248858e-01, -2.01310105e-01, ...,
          5.51569872e-04, -1.72288342e-01,  0.00000000e+00]],

       [[ 0.00000000e+00, -1.93554201e-01, -2.58010913e-01, ...,
         -5.53425663e-01, -5.08538443e-01, -4.81480194e-01],
        [ 1.93554201e-01,  0.00000000e+00, -6.61309755e-02, ...,
         -7.04171172e-01, -6.65579540e-01, -6.42017131e-01],
        [ 2.58010913e-01,  6.61309755e-02,  0.00000000e+00, ...,
         -7.49584700e-01, -7.13477882e-01, -6.91313701e-01],
        ...,
        [ 5.53425663e-01,  7.04171172e-01,  7.49584700e-01, ...,
          0.00000000e+00, -5.29602937e-02, -8.40296140e-02],
        [ 5.08538443e-01,  6.65579540e-01,  7.13477882e-01, ...,
          5.29602937e-02,  0.00000000e+00, -3.11387016e-02],
        [ 4.81480194e-01,  6.42017131e-01,  6.91313701e-01, ...,
          8.40296140e-02,  3.11387016e-02,  0.00000000e+00]],

       [[ 0.00000000e+00, -1.84503813e-02, -3.38434208e-02, ...,
         -9.98123319e-01, -9.92331641e-01, -9.86443454e-01],
        [ 1.84503813e-02,  0.00000000e+00, -1.53978479e-02, ...,
         -9.96823590e-01, -9.89882185e-01, -9.83247803e-01],
        [ 3.38434208e-02,  1.53978479e-02,  0.00000000e+00, ...,
         -9.95479108e-01, -9.87580004e-01, -9.80324610e-01],
        ...,
        [ 9.98123319e-01,  9.96823590e-01,  9.95479108e-01, ...,
          0.00000000e+00,  6.26055417e-02,  1.03387780e-01],
        [ 9.92331641e-01,  9.89882185e-01,  9.87580004e-01, ...,
         -6.26055417e-02,  0.00000000e+00,  4.09149230e-02],
        [ 9.86443454e-01,  9.83247803e-01,  9.80324610e-01, ...,
         -1.03387780e-01, -4.09149230e-02,  0.00000000e+00]]]), 'num': array([ 7.07098368e-01,  7.07098368e-01,  0.00000000e+00,  1.34238206e-03,
        1.34974767e-03,  1.32765084e-03,  3.00737775e-03, -1.84140200e-06,
        1.34385518e-03,  1.35407496e-03,  1.43362353e-03,  1.49740382e-06,
        1.39031411e-03,  1.31783581e-03])}
{'img': array([[[ 0.        ,  0.01482971,  0.18246897, ..., -0.98278182,
         -0.995811  , -0.99454717],
        [-0.01482971,  0.        ,  0.16786816, ..., -0.97993367,
         -0.99434553, -0.99289124],
        [-0.18246897, -0.16786816,  0.        , ..., -0.93256774,
         -0.9624088 , -0.95882104],
        ...,
        [ 0.98278182,  0.97993367,  0.93256774, ...,  0.        ,
          0.09413467,  0.0812702 ],
        [ 0.995811  ,  0.99434553,  0.9624088 , ..., -0.09413467,
          0.        , -0.01291397],
        [ 0.99454717,  0.99289124,  0.95882104, ..., -0.0812702 ,
          0.01291397,  0.        ]],

       [[ 0.        ,  0.49177496,  0.34590503, ..., -0.36415683,
          0.3367381 ,  0.12662122],
        [-0.49177496,  0.        , -0.16023022, ..., -0.77508802,
         -0.1698491 , -0.37756481],
        [-0.34590503,  0.16023022,  0.        , ..., -0.66383164,
         -0.0097525 , -0.22431606],
        ...,
        [ 0.36415683,  0.77508802,  0.66383164, ...,  0.        ,
          0.65650635,  0.47915289],
        [-0.3367381 ,  0.1698491 ,  0.0097525 , ..., -0.65650635,
          0.        , -0.21480142],
        [-0.12662122,  0.37756481,  0.22431606, ..., -0.47915289,
          0.21480142,  0.        ]],

       [[ 0.        , -0.01721519,  0.01780354, ..., -0.97428667,
         -0.9650538 , -0.94588771],
        [ 0.01721519,  0.        ,  0.03501336, ..., -0.97802108,
         -0.96942206, -0.95133376],
        [-0.01780354, -0.03501336,  0.        , ..., -0.9701209 ,
         -0.9602354 , -0.93996065],
        ...,
        [ 0.97428667,  0.97802108,  0.9701209 , ...,  0.        ,
         -0.03787544, -0.1030305 ],
        [ 0.9650538 ,  0.96942206,  0.9602354 , ...,  0.03787544,
          0.        , -0.06528269],
        [ 0.94588771,  0.95133376,  0.93996065, ...,  0.1030305 ,
          0.06528269,  0.        ]],

       ...,

       [[ 0.        ,  0.13032367,  0.50075216, ...,  0.15955353,
          0.32724886,  0.0230197 ],
        [-0.13032367,  0.        ,  0.38367453, ...,  0.02953865,
          0.2013101 , -0.10746576],
        [-0.50075216, -0.38367453,  0.        , ..., -0.35622911,
         -0.18991626, -0.48069382],
        ...,
        [-0.15955353, -0.02953865,  0.35622911, ...,  0.        ,
          0.17228834, -0.13678645],
        [-0.32724886, -0.2013101 ,  0.18991626, ..., -0.17228834,
          0.        , -0.30540995],
        [-0.0230197 ,  0.10746576,  0.48069382, ...,  0.13678645,
          0.30540995,  0.        ]],

       [[ 0.        , -0.1730688 , -0.30756811, ..., -0.51077767,
         -0.48362067, -0.47939293],
        [ 0.1730688 ,  0.        , -0.13824736, ..., -0.65185937,
         -0.62780597, -0.62404401],
        [ 0.30756811,  0.13824736,  0.        , ..., -0.75043853,
         -0.72938519, -0.72607676],
        ...,
        [ 0.51077767,  0.65185937,  0.75043853, ...,  0.        ,
         -0.0312974 , -0.03611842],
        [ 0.48362067,  0.62780597,  0.72938519, ...,  0.0312974 ,
          0.        , -0.00482375],
        [ 0.47939293,  0.62404401,  0.72607676, ...,  0.03611842,
          0.00482375,  0.        ]],

       [[ 0.        , -0.01539785, -0.00835599, ..., -0.98988219,
         -0.9832478 , -0.98150535],
        [ 0.01539785,  0.        ,  0.00704231, ..., -0.98758   ,
         -0.98032461, -0.9784413 ],
        [ 0.00835599, -0.00704231,  0.        , ..., -0.98866198,
         -0.9816904 , -0.97987145],
        ...,
        [ 0.98988219,  0.98758   ,  0.98866198, ...,  0.        ,
          0.04091492,  0.05023035],
        [ 0.9832478 ,  0.98032461,  0.9816904 , ..., -0.04091492,
          0.        ,  0.00932502],
        [ 0.98150535,  0.9784413 ,  0.97987145, ..., -0.05023035,
         -0.00932502,  0.        ]]]), 'num': array([ 7.07097089e-01,  7.07097089e-01,  0.00000000e+00,  1.31660005e-03,
        1.33869683e-03,  1.31291725e-03,  3.58291987e-03, -2.57795814e-05,
        1.33538231e-03,  1.35407251e-03,  1.42825019e-03,  1.34914358e-06,
        1.39031159e-03,  1.31783343e-03])}
{'img': array([[[ 0.        ,  0.16786816, -0.07156993, ..., -0.99434553,
         -0.99289124, -0.94819566],
        [-0.16786816,  0.        , -0.23799199, ..., -0.9624088 ,
         -0.95882104, -0.88141072],
        [ 0.07156993,  0.23799199,  0.        , ..., -0.99939585,
         -0.99886368, -0.96850092],
        ...,
        [ 0.99434553,  0.9624088 ,  0.99939585, ...,  0.        ,
         -0.01291397, -0.21519881],
        [ 0.99289124,  0.95882104,  0.99886368, ...,  0.01291397,
          0.        , -0.20256947],
        [ 0.94819566,  0.88141072,  0.96850092, ...,  0.21519881,
          0.20256947,  0.        ]],

       [[ 0.        , -0.16023022,  0.48062786, ..., -0.1698491 ,
         -0.37756481, -0.2102645 ],
        [ 0.16023022,  0.        ,  0.61492782, ..., -0.0097525 ,
         -0.22431606, -0.05089962],
        [-0.48062786, -0.61492782,  0.        , ..., -0.62258924,
         -0.7761492 , -0.65426933],
        ...,
        [ 0.1698491 ,  0.0097525 ,  0.62258924, ...,  0.        ,
         -0.21480142, -0.04115734],
        [ 0.37756481,  0.22431606,  0.7761492 , ...,  0.21480142,
          0.        ,  0.17442278],
        [ 0.2102645 ,  0.05089962,  0.65426933, ...,  0.04115734,
         -0.17442278,  0.        ]],

       [[ 0.        ,  0.03501336,  0.04878291, ..., -0.96942206,
         -0.95133376, -0.92738426],
        [-0.03501336,  0.        ,  0.01378133, ..., -0.9602354 ,
         -0.93996065, -0.91371677],
        [-0.04878291, -0.01378133,  0.        , ..., -0.95629657,
         -0.93516805, -0.90802993],
        ...,
        [ 0.96942206,  0.9602354 ,  0.95629657, ...,  0.        ,
         -0.06528269, -0.13509113],
        [ 0.95133376,  0.93996065,  0.93516805, ...,  0.06528269,
          0.        , -0.0701187 ],
        [ 0.92738426,  0.91371677,  0.90802993, ...,  0.13509113,
          0.0701187 ,  0.        ]],

       ...,

       [[ 0.        ,  0.38367453,  0.19357748, ...,  0.2013101 ,
         -0.10746576, -0.22417353],
        [-0.38367453,  0.        , -0.19765464, ..., -0.18991626,
         -0.48069382, -0.58092689],
        [-0.19357748,  0.19765464,  0.        , ...,  0.00788784,
         -0.29788948, -0.40858407],
        ...,
        [-0.2013101 ,  0.18991626, -0.00788784, ...,  0.        ,
         -0.30540995, -0.41577076],
        [ 0.10746576,  0.48069382,  0.29788948, ...,  0.30540995,
          0.        , -0.11814461],
        [ 0.22417353,  0.58092689,  0.40858407, ...,  0.41577076,
          0.11814461,  0.        ]],

       [[ 0.        , -0.25718371, -0.51665762, ..., -0.48533281,
         -0.48109251, -0.48109251],
        [ 0.25718371,  0.        , -0.2790799 , ..., -0.69387074,
         -0.69037497, -0.69037497],
        [ 0.51665762,  0.2790799 ,  0.        , ..., -0.86726711,
         -0.86484575, -0.86484575],
        ...,
        [ 0.48533281,  0.69387074,  0.86726711, ...,  0.        ,
         -0.00484326, -0.00484326],
        [ 0.48109251,  0.69037497,  0.86484575, ...,  0.00484326,
          0.        ,  0.        ],
        [ 0.48109251,  0.69037497,  0.86484575, ...,  0.00484326,
          0.        ,  0.        ]],

       [[ 0.        ,  0.00704231,  0.08008615, ..., -0.98032461,
         -0.9784413 , -0.9784413 ],
        [-0.00704231,  0.        ,  0.07306447, ..., -0.9816904 ,
         -0.97987145, -0.97987145],
        [-0.08008615, -0.07306447,  0.        , ..., -0.99298413,
         -0.9918383 , -0.9918383 ],
        ...,
        [ 0.98032461,  0.9816904 ,  0.99298413, ...,  0.        ,
          0.00932502,  0.00932502],
        [ 0.9784413 ,  0.97987145,  0.9918383 , ..., -0.00932502,
          0.        ,  0.        ],
        [ 0.9784413 ,  0.97987145,  0.9918383 , ..., -0.00932502,
          0.        ,  0.        ]]]), 'num': array([7.07013567e-01, 7.07013567e-01, 0.00000000e+00, 1.40298005e-03,
       1.41218595e-03, 1.32933280e-03, 1.57644141e-02, 8.65355147e-05,
       1.34737638e-03, 1.35777905e-03, 1.42412294e-03, 2.06817610e-06,
       1.39746451e-03, 1.31809359e-03])}
{'img': array([[[ 0.        , -0.23799199,  0.47463201, ..., -0.95882104,
         -0.88141072, -0.99663798],
        [ 0.23799199,  0.        ,  0.67047128, ..., -0.99886368,
         -0.96850092, -0.94850271],
        [-0.47463201, -0.67047128,  0.        , ..., -0.70913858,
         -0.55161117, -0.91611234],
        ...,
        [ 0.95882104,  0.99886368,  0.70913858, ...,  0.        ,
         -0.20256947,  0.36161351],
        [ 0.88141072,  0.96850092,  0.55161117, ...,  0.20256947,
          0.        ,  0.54297771],
        [ 0.99663798,  0.94850271,  0.91611234, ..., -0.36161351,
         -0.54297771,  0.        ]],

       [[ 0.        ,  0.57126296,  0.72932402, ..., -0.20936399,
         -0.04736665,  0.62803132],
        [-0.57126296,  0.        ,  0.20776507, ..., -0.73044158,
         -0.60949875,  0.96001746],
        [-0.72932402, -0.20776507,  0.        , ..., -0.85640082,
         -0.76091218,  0.99723046],
        ...,
        [ 0.20936399,  0.73044158,  0.85640082, ...,  0.        ,
          0.16281209,  0.45118819],
        [ 0.04736665,  0.60949875,  0.76091218, ..., -0.16281209,
          0.        ,  0.59046623],
        [-0.62803132, -0.96001746, -0.99723046, ..., -0.45118819,
         -0.59046623,  0.        ]],

       [[ 0.        ,  0.01378133,  0.17640959, ..., -0.93996065,
         -0.91371677, -0.94943731],
        [-0.01378133,  0.        ,  0.16282765, ..., -0.93516805,
         -0.90802993, -0.94502041],
        [-0.17640959, -0.16282765,  0.        , ..., -0.86501353,
         -0.82770248, -0.87916217],
        ...,
        [ 0.93996065,  0.93516805,  0.86501353, ...,  0.        ,
         -0.0701187 ,  0.02891975],
        [ 0.91371677,  0.90802993,  0.82770248, ...,  0.0701187 ,
          0.        ,  0.09893794],
        [ 0.94943731,  0.94502041,  0.87916217, ..., -0.02891975,
         -0.09893794,  0.        ]],

       ...,

       [[ 0.        , -0.19765464,  0.18325669, ..., -0.48069382,
         -0.58092689, -0.01908775],
        [ 0.19765464,  0.        ,  0.37394873, ..., -0.29788948,
         -0.40858407,  0.17890745],
        [-0.18325669, -0.37394873,  0.        , ..., -0.63324901,
         -0.72025178, -0.20198781],
        ...,
        [ 0.48069382,  0.29788948,  0.63324901, ...,  0.        ,
         -0.11814461,  0.46386842],
        [ 0.58092689,  0.40858407,  0.72025178, ...,  0.11814461,
          0.        ,  0.56528447],
        [ 0.01908775, -0.17890745,  0.20198781, ..., -0.46386842,
         -0.56528447,  0.        ]],

       [[ 0.        , -0.45994976, -0.61288667, ..., -0.48491715,
         -0.48491715, -0.54690038],
        [ 0.45994976,  0.        , -0.18077074, ..., -0.83283343,
         -0.83283343, -0.8706863 ],
        [ 0.61288667,  0.18077074,  0.        , ..., -0.9191736 ,
         -0.9191736 , -0.94525203],
        ...,
        [ 0.48491715,  0.83283343,  0.9191736 , ...,  0.        ,
          0.        ,  0.07232573],
        [ 0.48491715,  0.83283343,  0.9191736 , ...,  0.        ,
          0.        ,  0.07232573],
        [ 0.54690038,  0.8706863 ,  0.94525203, ..., -0.07232573,
         -0.07232573,  0.        ]],

       [[ 0.        ,  0.07306447,  0.19214743, ..., -0.97987145,
         -0.97987145, -0.97937714],
        [-0.07306447,  0.        ,  0.11993087, ..., -0.9918383 ,
         -0.9918383 , -0.99152147],
        [-0.19214743, -0.11993087,  0.        , ..., -0.99997089,
         -0.99997089, -0.99994908],
        ...,
        [ 0.97987145,  0.9918383 ,  0.99997089, ...,  0.        ,
          0.        ,  0.00246128],
        [ 0.97987145,  0.9918383 ,  0.99997089, ...,  0.        ,
          0.        ,  0.00246128],
        [ 0.97937714,  0.99152147,  0.99994908, ..., -0.00246128,
         -0.00246128,  0.        ]]]), 'num': array([7.07060765e-01, 7.07060765e-01, 0.00000000e+00, 1.45278891e-03,
       1.45831283e-03, 1.39018458e-03, 1.07001494e-02, 4.97152100e-05,
       1.37177154e-03, 1.36357773e-03, 1.42078091e-03, 2.27970981e-06,
       1.41990449e-03, 1.30725098e-03])}
{'img': array([[[ 0.        ,  0.67047128,  0.44615544, ..., -0.96850092,
         -0.94850271, -0.83526722],
        [-0.67047128,  0.        , -0.2690234 , ..., -0.55161117,
         -0.91611234, -0.98836915],
        [-0.44615544,  0.2690234 ,  0.        , ..., -0.75566807,
         -0.99019592, -0.99284297],
        ...,
        [ 0.96850092,  0.55161117,  0.75566807, ...,  0.        ,
          0.54297771,  0.74051451],
        [ 0.94850271,  0.91611234,  0.99019592, ..., -0.54297771,
          0.        ,  0.25694198],
        [ 0.83526722,  0.98836915,  0.99284297, ..., -0.74051451,
         -0.25694198,  0.        ]],

       [[ 0.        ,  0.20776507,  0.91129244, ..., -0.60949875,
          0.96001746,  0.50986751],
        [-0.20776507,  0.        ,  0.80585761, ..., -0.76091218,
          0.99723046,  0.32001106],
        [-0.91129244, -0.80585761,  0.        , ..., -0.97342788,
          0.65040388, -0.57399908],
        ...,
        [ 0.60949875,  0.76091218,  0.97342788, ...,  0.        ,
          0.59046623,  0.92853944],
        [-0.96001746, -0.99723046, -0.65040388, ..., -0.59046623,
          0.        , -0.96859022],
        [-0.50986751, -0.32001106,  0.57399908, ..., -0.92853944,
          0.96859022,  0.        ]],

       [[ 0.        ,  0.16282765,  0.43400594, ..., -0.90802993,
         -0.94502041, -0.98736473],
        [-0.16282765,  0.        ,  0.28152087, ..., -0.82770248,
         -0.87916217, -0.94838553],
        [-0.43400594, -0.28152087,  0.        , ..., -0.63624587,
         -0.70945347, -0.82075237],
        ...,
        [ 0.90802993,  0.82770248,  0.63624587, ...,  0.        ,
          0.09893794,  0.26972208],
        [ 0.94502041,  0.87916217,  0.70945347, ..., -0.09893794,
          0.        ,  0.17312759],
        [ 0.98736473,  0.94838553,  0.82075237, ..., -0.26972208,
         -0.17312759,  0.        ]],

       ...,

       [[ 0.        ,  0.37394873,  0.70748594, ..., -0.40858407,
          0.17890745,  0.38245618],
        [-0.37394873,  0.        ,  0.39187758, ..., -0.72025178,
         -0.20198781,  0.00918998],
        [-0.70748594, -0.39187758,  0.        , ..., -0.93449462,
         -0.5696325 , -0.38340609],
        ...,
        [ 0.40858407,  0.72025178,  0.93449462, ...,  0.        ,
          0.56528447,  0.72659657],
        [-0.17890745,  0.20198781,  0.5696325 , ..., -0.56528447,
          0.        ,  0.21097983],
        [-0.38245618, -0.00918998,  0.38340609, ..., -0.72659657,
         -0.21097983,  0.        ]],

       [[ 0.        , -0.44320011, -0.60814224, ..., -0.49810823,
         -0.56141428, -0.70754824],
        [ 0.44320011,  0.        , -0.19332782, ..., -0.83082093,
         -0.87002806, -0.94745633],
        [ 0.60814224,  0.19332782,  0.        , ..., -0.92274147,
         -0.94892534, -0.99142452],
        ...,
        [ 0.49810823,  0.83082093,  0.92274147, ...,  0.        ,
          0.07460872,  0.26152993],
        [ 0.56141428,  0.87002806,  0.94892534, ..., -0.07460872,
          0.        ,  0.18878902],
        [ 0.70754824,  0.94745633,  0.99142452, ..., -0.26152993,
         -0.18878902,  0.        ]],

       [[ 0.        ,  0.11993087,  0.2875898 , ..., -0.9918383 ,
         -0.99152147, -0.99791663],
        [-0.11993087,  0.        ,  0.17064981, ..., -0.99997089,
         -0.99994908, -0.99845145],
        [-0.2875898 , -0.17064981,  0.        , ..., -0.98660509,
         -0.9870036 , -0.97431267],
        ...,
        [ 0.9918383 ,  0.99997089,  0.98660509, ...,  0.        ,
          0.00246128, -0.06324636],
        [ 0.99152147,  0.99994908,  0.9870036 , ..., -0.00246128,
          0.        , -0.06570251],
        [ 0.99791663,  0.99845145,  0.97431267, ...,  0.06324636,
          0.06570251,  0.        ]]]), 'num': array([9.45422138e-01, 3.25691949e-01, 1.57092570e-05, 1.94272787e-03,
       1.96735053e-03, 1.92795427e-03, 8.55795016e-03, 0.00000000e+00,
       1.86344290e-03, 1.83032542e-03, 1.89594481e-03, 3.16142794e-06,
       1.92121306e-03, 1.73943779e-03])}
{'img': array([[[ 0.        , -0.2690234 , -0.75215505, ..., -0.91611234,
         -0.98836915, -0.98836915],
        [ 0.2690234 ,  0.        , -0.54714313, ..., -0.99019592,
         -0.99284297, -0.99284297],
        [ 0.75215505,  0.54714313,  0.        , ..., -0.90526062,
         -0.76570463, -0.76570463],
        ...,
        [ 0.91611234,  0.99019592,  0.90526062, ...,  0.        ,
          0.25694198,  0.25694198],
        [ 0.98836915,  0.99284297,  0.76570463, ..., -0.25694198,
          0.        ,  0.        ],
        [ 0.98836915,  0.99284297,  0.76570463, ..., -0.25694198,
          0.        ,  0.        ]],

       [[ 0.        ,  0.80585761,  0.05843879, ...,  0.99723046,
          0.32001106, -0.31963444],
        [-0.80585761,  0.        , -0.76987823, ...,  0.65040388,
         -0.57399908, -0.95284162],
        [-0.05843879,  0.76987823,  0.        , ...,  0.99987248,
          0.26409844, -0.37446133],
        ...,
        [-0.99723046, -0.65040388, -0.99987248, ...,  0.        ,
         -0.96859022, -0.92114439],
        [-0.32001106,  0.57399908, -0.26409844, ...,  0.96859022,
          0.        , -0.60604966],
        [ 0.31963444,  0.95284162,  0.37446133, ...,  0.92114439,
          0.60604966,  0.        ]],

       [[ 0.        ,  0.28152087,  0.04684099, ..., -0.87916217,
         -0.94838553, -0.98319359],
        [-0.28152087,  0.        , -0.23626535, ..., -0.70945347,
         -0.82075237, -0.89203228],
        [-0.04684099,  0.23626535,  0.        , ..., -0.85587638,
         -0.93249034, -0.97356282],
        ...,
        [ 0.87916217,  0.70945347,  0.85587638, ...,  0.        ,
          0.17312759,  0.3080089 ],
        [ 0.94838553,  0.82075237,  0.93249034, ..., -0.17312759,
          0.        ,  0.13864705],
        [ 0.98319359,  0.89203228,  0.97356282, ..., -0.3080089 ,
         -0.13864705,  0.        ]],

       ...,

       [[ 0.        ,  0.39187758, -0.31250607, ..., -0.20198781,
          0.00918998,  0.10639373],
        [-0.39187758,  0.        , -0.6597617 , ..., -0.5696325 ,
         -0.38340609, -0.29176923],
        [ 0.31250607,  0.6597617 ,  0.        , ...,  0.1141933 ,
          0.32122258,  0.41179739],
        ...,
        [ 0.20198781,  0.5696325 , -0.1141933 , ...,  0.        ,
          0.21097983,  0.30504209],
        [-0.00918998,  0.38340609, -0.32122258, ..., -0.21097983,
          0.        ,  0.09725143],
        [-0.10639373,  0.29176923, -0.41179739, ..., -0.30504209,
         -0.09725143,  0.        ]],

       [[ 0.        , -0.24873331, -0.34621033, ..., -0.79216876,
         -0.89456122, -0.94280618],
        [ 0.24873331,  0.        , -0.10197876, ..., -0.91907495,
         -0.97761718, -0.9960888 ],
        [ 0.34621033,  0.10197876,  0.        , ..., -0.9544715 ,
         -0.99397593, -0.99990639],
        ...,
        [ 0.79216876,  0.91907495,  0.9544715 , ...,  0.        ,
          0.19189639,  0.31133394],
        [ 0.89456122,  0.97761718,  0.99397593, ..., -0.19189639,
          0.        ,  0.12318862],
        [ 0.94280618,  0.9960888 ,  0.99990639, ..., -0.31133394,
         -0.12318862,  0.        ]],

       [[ 0.        ,  0.17064981,  0.21118081, ..., -0.99994908,
         -0.99845145, -0.99541169],
        [-0.17064981,  0.        ,  0.04128201, ..., -0.9870036 ,
         -0.97431267, -0.96448216],
        [-0.21118081, -0.04128201,  0.        , ..., -0.97952827,
         -0.96418541, -0.95275541],
        ...,
        [ 0.99994908,  0.9870036 ,  0.97952827, ...,  0.        ,
         -0.06570251, -0.10572455],
        [ 0.99845145,  0.97431267,  0.96418541, ...,  0.06570251,
          0.        , -0.04016182],
        [ 0.99541169,  0.96448216,  0.95275541, ...,  0.10572455,
          0.04016182,  0.        ]]]), 'num': array([8.91120452e-01, 4.53657972e-01, 1.09229083e-05, 1.84583325e-03,
       1.86196412e-03, 1.78822297e-03, 8.57383782e-03, 2.76529325e-05,
       1.77716180e-03, 1.72139505e-03, 1.77005653e-03, 3.20133750e-06,
       1.82254793e-03, 1.62024217e-03])}
{'img': array([[[ 0.        , -0.72367507, -0.72367507, ..., -0.9906882 ,
         -0.9906882 , -0.99972444],
        [ 0.72367507,  0.        ,  0.        , ..., -0.78224292,
         -0.78224292, -0.70693835],
        [ 0.72367507,  0.        ,  0.        , ..., -0.78224292,
         -0.78224292, -0.70693835],
        ...,
        [ 0.9906882 ,  0.78224292,  0.78224292, ...,  0.        ,
          0.        ,  0.11285713],
        [ 0.9906882 ,  0.78224292,  0.78224292, ...,  0.        ,
          0.        ,  0.11285713],
        [ 0.99972444,  0.70693835,  0.70693835, ..., -0.11285713,
         -0.11285713,  0.        ]],

       [[ 0.        , -0.76987823, -0.88230644, ..., -0.57399908,
         -0.95284162, -0.92868497],
        [ 0.76987823,  0.        , -0.20071711, ...,  0.26409844,
         -0.37446133, -0.3071538 ],
        [ 0.88230644,  0.20071711,  0.        , ...,  0.45231463,
         -0.18072732, -0.10988857],
        ...,
        [ 0.57399908, -0.26409844, -0.45231463, ...,  0.        ,
         -0.60604966, -0.54758042],
        [ 0.95284162,  0.37446133,  0.18072732, ...,  0.60604966,
          0.        ,  0.07155376],
        [ 0.92868497,  0.3071538 ,  0.10988857, ...,  0.54758042,
         -0.07155376,  0.        ]],

       [[ 0.        , -0.23626535, -0.38442866, ..., -0.82075237,
         -0.89203228, -0.95191249],
        [ 0.23626535,  0.        , -0.15543547, ..., -0.93249034,
         -0.97356282, -0.99734712],
        [ 0.38442866,  0.15543547,  0.        , ..., -0.9772994 ,
         -0.99723467, -0.99653992],
        ...,
        [ 0.82075237,  0.93249034,  0.9772994 , ...,  0.        ,
          0.13864705,  0.29235853],
        [ 0.89203228,  0.97356282,  0.99723467, ..., -0.13864705,
          0.        ,  0.1569455 ],
        [ 0.95191249,  0.99734712,  0.99653992, ..., -0.29235853,
         -0.1569455 ,  0.        ]],

       ...,

       [[ 0.        , -0.6597617 , -0.8111122 , ..., -0.38340609,
         -0.29176923, -0.00952758],
        [ 0.6597617 ,  0.        , -0.22364203, ...,  0.32122258,
          0.41179739,  0.65257201],
        [ 0.8111122 ,  0.22364203,  0.        , ...,  0.52487628,
          0.60516661,  0.80550279],
        ...,
        [ 0.38340609, -0.32122258, -0.52487628, ...,  0.        ,
          0.09725143,  0.3745892 ],
        [ 0.29176923, -0.41179739, -0.60516661, ..., -0.09725143,
          0.        ,  0.28264296],
        [ 0.00952758, -0.65257201, -0.80550279, ..., -0.3745892 ,
         -0.28264296,  0.        ]],

       [[ 0.        , -0.10197876, -0.14704836, ..., -0.97761718,
         -0.9960888 , -0.99910598],
        [ 0.10197876,  0.        , -0.04541155, ..., -0.99397593,
         -0.99990639, -0.98958598],
        [ 0.14704836,  0.04541155,  0.        , ..., -0.99792755,
         -0.9982535 , -0.98202842],
        ...,
        [ 0.97761718,  0.99397593,  0.99792755, ...,  0.        ,
          0.12318862,  0.25153311],
        [ 0.9960888 ,  0.99990639,  0.9982535 , ..., -0.12318862,
          0.        ,  0.13038931],
        [ 0.99910598,  0.98958598,  0.98202842, ..., -0.25153311,
         -0.13038931,  0.        ]],

       [[ 0.        ,  0.04128201,  0.02974175, ..., -0.97431267,
         -0.96448216, -0.95345828],
        [-0.04128201,  0.        , -0.01154735, ..., -0.96418541,
         -0.95275541, -0.94019794],
        [-0.02974175,  0.01154735,  0.        , ..., -0.96718382,
         -0.95619927, -0.94406861],
        ...,
        [ 0.97431267,  0.96418541,  0.96718382, ...,  0.        ,
         -0.04016182, -0.07906124],
        [ 0.96448216,  0.95275541,  0.95619927, ...,  0.04016182,
          0.        , -0.03896134],
        [ 0.95345828,  0.94019794,  0.94406861, ...,  0.07906124,
          0.03896134,  0.        ]]]), 'num': array([ 8.59146247e-01,  5.11649833e-01,  9.03761804e-06,  1.73748207e-03,
        1.81882063e-03,  1.73522266e-03,  7.62390864e-03, -7.23009443e-05,
