state_0,state_1,state_2,state_3,state_4,state_5,state_6,state_7,state_8,state_9,state_10,state_11,state_12,state_13,state_14,state_15,state_16,state_17,state_18,state_19,state_20,state_21,state_22,state_23,state_24,state_25,state_26,state_27,state_28,state_29,state_30,state_31,state_32,state_33,state_34,state_35,state_36,state_37,state_38,state_39,state_40,state_41,state_42,state_43,state_44,state_45,state_46,state_47,state_48,state_49,state_50,state_51,state_52,state_53,state_54,state_55,state_56,state_57,state_58,state_59,state_60,state_61,state_62,state_63,state_64,state_65,state_66,state_67,state_68,state_69,state_70,state_71,state_72,state_73,state_74,state_75,state_76,state_77,state_78,state_79,state_80,state_81,state_82,state_83,state_84,state_85,state_86,state_87,state_88,state_89,state_90,state_91,state_92,state_93,state_94,state_95,state_96,state_97,state_98,state_99,state_100,state_101,state_102,state_103,state_104,state_105,state_106,state_107,state_108,state_109,state_110,state_111,state_112,state_113,state_114,state_115,state_116,state_117,state_118,state_119,state_120,state_121,state_122,state_123,state_124,state_125,state_126,state_127,state_128,state_129,state_130,state_131,state_132,state_133,state_134,state_135,state_136,state_137,state_138,state_139,state_140,state_141,state_142,state_143,state_144,state_145,state_146,state_147,state_148,state_149,state_150,state_151,state_152,state_153,state_154,state_155,state_156,state_157,state_158,state_159,state_160,state_161,state_162,state_163,state_164,state_165,state_166,state_167,state_168,state_169,state_170,state_171,state_172,state_173,state_174,state_175,state_176,state_177,state_178,state_179,state_180,state_181,state_182,state_183,state_184,state_185,state_186,state_187,state_188,state_189,state_190,state_191,state_192,state_193,state_194,state_195,state_196,state_197,state_198,state_199,state_200,state_201,state_202,state_203,state_204,state_205,state_206,state_207,state_208,state_209,state_210,state_211,state_212,state_213,state_214,state_215,state_216,state_217,state_218,state_219,state_220,state_221,state_222,state_223,state_224,state_225,state_226,state_227,state_228,state_229,state_230,state_231,state_232,state_233,state_234,state_235,state_236,state_237,state_238,state_239,state_240,state_241,state_242,state_243,state_244,state_245,state_246,state_247,state_248,state_249,state_250,state_251,state_252,state_253,state_254,state_255,state_256,state_257,state_258,state_259,state_260,state_261,state_262,state_263,state_264,state_265,state_266,state_267,state_268,state_269,state_270,state_271,state_272,state_273,state_274,state_275,state_276,state_277,state_278,state_279,state_280,state_281,state_282,state_283,state_284,state_285,state_286,state_287
{'img': array([[[ 0.        , -0.24584934, -0.44511538, ...,  0.54444664,
          0.39988841,  0.16149073],
        [ 0.24584934,  0.        , -0.21130242, ...,  0.73395383,
          0.61295167,  0.39915665],
        [ 0.44511538,  0.21130242,  0.        , ...,  0.86089816,
          0.76606602,  0.58388353],
        ...,
        [-0.54444664, -0.73395383, -0.86089816, ...,  0.        ,
         -0.16359551, -0.40184266],
        [-0.39988841, -0.61295167, -0.76606602, ...,  0.16359551,
          0.        , -0.24662299],
        [-0.16149073, -0.39915665, -0.58388353, ...,  0.40184266,
          0.24662299,  0.        ]],

       [[ 0.        ,  0.51407094,  0.67266358, ...,  0.79400377,
          0.72210198,  0.63231509],
        [-0.51407094,  0.        ,  0.19658962, ...,  0.36854456,
          0.26375389,  0.14411022],
        [-0.67266358, -0.19658962,  0.        , ...,  0.17860104,
          0.06897858, -0.05323951],
        ...,
        [-0.79400377, -0.36854456, -0.17860104, ...,  0.        ,
         -0.11030613, -0.23073125],
        [-0.72210198, -0.26375389, -0.06897858, ...,  0.11030613,
          0.        , -0.12199346],
        [-0.63231509, -0.14411022,  0.05323951, ...,  0.23073125,
          0.12199346,  0.        ]],

       [[ 0.        ,  0.        ,  0.05216536, ...,  0.79256838,
          0.80210641,  0.7358658 ],
        [ 0.        ,  0.        ,  0.05216536, ...,  0.79256838,
          0.80210641,  0.7358658 ],
        [-0.05216536, -0.05216536,  0.        , ...,  0.75967972,
          0.76986215,  0.6995413 ],
        ...,
        [-0.79256838, -0.79256838, -0.75967972, ...,  0.        ,
          0.01580401, -0.08795128],
        [-0.80210641, -0.80210641, -0.76986215, ..., -0.01580401,
          0.        , -0.10368306],
        [-0.7358658 , -0.7358658 , -0.6995413 , ...,  0.08795128,
          0.10368306,  0.        ]],

       ...,

       [[ 0.        , -0.15749551, -0.48553758, ..., -0.05927955,
         -0.1592649 , -0.17755468],
        [ 0.15749551,  0.        , -0.34179286, ...,  0.09867882,
         -0.001792  , -0.02034569],
        [ 0.48553758,  0.34179286,  0.        , ...,  0.43286061,
          0.34010824,  0.32260174],
        ...,
        [ 0.05927955, -0.09867882, -0.43286061, ...,  0.        ,
         -0.10046192, -0.11890478],
        [ 0.1592649 ,  0.001792  , -0.34010824, ...,  0.10046192,
          0.        , -0.01855402],
        [ 0.17755468,  0.02034569, -0.32260174, ...,  0.11890478,
          0.01855402,  0.        ]],

       [[ 0.        , -0.02558047, -0.09011252, ...,  0.65152071,
          0.60962465,  0.57289297],
        [ 0.02558047,  0.        , -0.06460663, ...,  0.67071365,
          0.62970255,  0.59367203],
        [ 0.09011252,  0.06460663,  0.        , ...,  0.7172322 ,
          0.67857576,  0.64442115],
        ...,
        [-0.65152071, -0.67071365, -0.7172322 , ...,  0.        ,
         -0.05397404, -0.09939176],
        [-0.60962465, -0.62970255, -0.67857576, ...,  0.05397404,
          0.        , -0.04554011],
        [-0.57289297, -0.59367203, -0.64442115, ...,  0.09939176,
          0.04554011,  0.        ]],

       [[ 0.        , -0.0347466 , -0.06299282, ...,  0.25154738,
          0.26016977,  0.22703911],
        [ 0.0347466 ,  0.        , -0.02827719, ...,  0.28502481,
          0.2935627 ,  0.26074123],
        [ 0.06299282,  0.02827719,  0.        , ...,  0.31201509,
          0.3204766 ,  0.28793601],
        ...,
        [-0.25154738, -0.28502481, -0.31201509, ...,  0.        ,
          0.00891919, -0.02523972],
        [-0.26016977, -0.2935627 , -0.3204766 , ..., -0.00891919,
          0.        , -0.03415507],
        [-0.22703911, -0.26074123, -0.28793601, ...,  0.02523972,
          0.03415507,  0.        ]]]), 'num': array([ 9.56366925e-01,  2.92108960e-01,  3.01250778e-06,  2.05017890e-03,
        2.07342356e-03,  2.04552997e-03,  2.40210304e-04, -9.29786351e-06,
        2.08458100e-03,  2.09085706e-03,  2.10821307e-03,  3.63197793e-07,
        2.16581162e-03,  2.01590249e-03])}
{'img': array([[[ 0.        , -0.21130242,  0.        , ...,  0.61295167,
          0.39915665,  0.32602747],
        [ 0.21130242,  0.        ,  0.21130242, ...,  0.76606602,
          0.58388353,  0.51842293],
        [ 0.        , -0.21130242,  0.        , ...,  0.61295167,
          0.39915665,  0.32602747],
        ...,
        [-0.61295167, -0.76606602, -0.61295167, ...,  0.        ,
         -0.24662299, -0.32185921],
        [-0.39915665, -0.58388353, -0.39915665, ...,  0.24662299,
          0.        , -0.07841788],
        [-0.32602747, -0.51842293, -0.32602747, ...,  0.32185921,
          0.07841788,  0.        ]],

       [[ 0.        ,  0.20065172,  0.32635152, ...,  0.26868686,
          0.14733873,  0.09654709],
        [-0.20065172,  0.        ,  0.13004866, ...,  0.06994921,
         -0.05411958, -0.10513079],
        [-0.32635152, -0.13004866,  0.        , ..., -0.06037494,
         -0.18351804, -0.23356596],
        ...,
        [-0.26868686, -0.06994921,  0.06037494, ...,  0.        ,
         -0.12383371, -0.17443485],
        [-0.14733873,  0.05411958,  0.18351804, ...,  0.12383371,
          0.        , -0.05115704],
        [-0.09654709,  0.10513079,  0.23356596, ...,  0.17443485,
          0.05115704,  0.        ]],

       [[ 0.        ,  0.05216536,  0.01801761, ...,  0.80210641,
          0.7358658 ,  0.67156095],
        [-0.05216536,  0.        , -0.03416381, ...,  0.76986215,
          0.6995413 ,  0.63199471],
        [-0.01801761,  0.03416381,  0.        , ...,  0.79121643,
          0.72354613,  0.6581018 ],
        ...,
        [-0.80210641, -0.76986215, -0.79121643, ...,  0.        ,
         -0.10368306, -0.19327667],
        [-0.7358658 , -0.6995413 , -0.72354613, ...,  0.10368306,
          0.        , -0.09050694],
        [-0.67156095, -0.63199471, -0.6581018 , ...,  0.19327667,
          0.09050694,  0.        ]],

       ...,

       [[ 0.        , -0.34179286,  0.04381387, ..., -0.001792  ,
         -0.02034569, -0.08274316],
        [ 0.34179286,  0.        ,  0.38263984, ...,  0.34010824,
          0.32260174,  0.26286084],
        [-0.04381387, -0.38263984,  0.        , ..., -0.04560408,
         -0.06413095, -0.12632733],
        ...,
        [ 0.001792  , -0.34010824,  0.04560408, ...,  0.        ,
         -0.01855402, -0.08095717],
        [ 0.02034569, -0.32260174,  0.06413095, ...,  0.01855402,
          0.        , -0.06245011],
        [ 0.08274316, -0.26286084,  0.12632733, ...,  0.08095717,
          0.06245011,  0.        ]],

       [[ 0.        , -0.06460663, -0.12319017, ...,  0.62970255,
          0.59367203,  0.55168135],
        [ 0.06460663,  0.        , -0.05881827, ...,  0.67857576,
          0.64442115,  0.60441427],
        [ 0.12319017,  0.05881827,  0.        , ...,  0.72060475,
          0.68828208,  0.65022661],
        ...,
        [-0.62970255, -0.67857576, -0.72060475, ...,  0.        ,
         -0.04554011, -0.09664041],
        [-0.59367203, -0.64442115, -0.68828208, ...,  0.04554011,
          0.        , -0.0512132 ],
        [-0.55168135, -0.60441427, -0.65022661, ...,  0.09664041,
          0.0512132 ,  0.        ]],

       [[ 0.        , -0.02827719, -0.03458741, ...,  0.2935627 ,
          0.26074123,  0.22583297],
        [ 0.02827719,  0.        , -0.00631331, ...,  0.3204766 ,
          0.28793601,  0.25328935],
        [ 0.03458741,  0.00631331,  0.        , ...,  0.32645054,
          0.29397621,  0.25939173],
        ...,
        [-0.2935627 , -0.3204766 , -0.32645054, ...,  0.        ,
         -0.03415507, -0.07009608],
        [-0.26074123, -0.28793601, -0.29397621, ...,  0.03415507,
          0.        , -0.03598412],
        [-0.22583297, -0.25328935, -0.25939173, ...,  0.07009608,
          0.03598412,  0.        ]]]), 'num': array([ 7.73027126e-01,  6.34286615e-01,  6.30638686e-07,  3.65106607e-03,
        3.66766183e-03,  3.62617244e-03,  3.59098944e-04, -8.29787744e-06,
        3.69919376e-03,  3.72408740e-03,  3.76377891e-03,  6.91489787e-07,
        3.85743302e-03,  3.59074177e-03])}
{'img': array([[[ 0.        ,  0.21130242, -0.35064638, ...,  0.58388353,
          0.51842293,  0.48284957],
        [-0.21130242,  0.        , -0.54061544, ...,  0.39915665,
          0.32602747,  0.28690894],
        [ 0.35064638,  0.54061544,  0.        , ...,  0.83147942,
          0.78535345,  0.75925465],
        ...,
        [-0.58388353, -0.39915665, -0.83147942, ...,  0.        ,
         -0.07841788, -0.11931339],
        [-0.51842293, -0.32602747, -0.78535345, ...,  0.07841788,
          0.        , -0.04108826],
        [-0.48284957, -0.28690894, -0.75925465, ...,  0.11931339,
          0.04108826,  0.        ]],

       [[ 0.        ,  0.13004866,  0.07457324, ..., -0.05411958,
         -0.10513079, -0.25347674],
        [-0.13004866,  0.        , -0.05574661, ..., -0.18351804,
         -0.23356596, -0.37712558],
        [-0.07457324,  0.05574661,  0.        , ..., -0.12843284,
         -0.17899804, -0.32490873],
        ...,
        [ 0.05411958,  0.18351804,  0.12843284, ...,  0.        ,
         -0.05115704, -0.20075314],
        [ 0.10513079,  0.23356596,  0.17899804, ...,  0.05115704,
          0.        , -0.1503747 ],
        [ 0.25347674,  0.37712558,  0.32490873, ...,  0.20075314,
          0.1503747 ,  0.        ]],

       [[ 0.        , -0.03416381, -0.2346807 , ...,  0.6995413 ,
          0.63199471,  0.5415045 ],
        [ 0.03416381,  0.        , -0.201334  , ...,  0.72354613,
          0.6581018 ,  0.56990984],
        [ 0.2346807 ,  0.201334  ,  0.        , ...,  0.84770586,
          0.79621582,  0.7236772 ],
        ...,
        [-0.6995413 , -0.72354613, -0.84770586, ...,  0.        ,
         -0.09050694, -0.20114799],
        [-0.63199471, -0.6581018 , -0.79621582, ...,  0.09050694,
          0.        , -0.11166539],
        [-0.5415045 , -0.56990984, -0.7236772 , ...,  0.20114799,
          0.11166539,  0.        ]],

       ...,

       [[ 0.        ,  0.38263984,  0.21058783, ...,  0.32260174,
          0.26286084,  0.33306592],
        [-0.38263984,  0.        , -0.17949753, ..., -0.06413095,
         -0.12632733, -0.05307366],
        [-0.21058783,  0.17949753,  0.        , ...,  0.11603867,
          0.05378393,  0.12703288],
        ...,
        [-0.32260174,  0.06413095, -0.11603867, ...,  0.        ,
         -0.06245011,  0.01107615],
        [-0.26286084,  0.12632733, -0.05378393, ...,  0.06245011,
          0.        ,  0.07350082],
        [-0.33306592,  0.05307366, -0.12703288, ..., -0.01107615,
         -0.07350082,  0.        ]],

       [[ 0.        , -0.05881827, -0.08632242, ...,  0.64442115,
          0.60441427,  0.57760328],
        [ 0.05881827,  0.        , -0.02757426, ...,  0.68828208,
          0.65022661,  0.62461767],
        [ 0.08632242,  0.02757426,  0.        , ...,  0.70802392,
          0.67092864,  0.64591375],
        ...,
        [-0.64442115, -0.68828208, -0.70802392, ...,  0.        ,
         -0.0512132 , -0.08437599],
        [-0.60441427, -0.65022661, -0.67092864, ...,  0.0512132 ,
          0.        , -0.03323469],
        [-0.57760328, -0.62461767, -0.64591375, ...,  0.08437599,
          0.03323469,  0.        ]],

       [[ 0.        , -0.00631331, -0.06668445, ...,  0.28793601,
          0.25328935,  0.20462845],
        [ 0.00631331,  0.        , -0.06038386, ...,  0.29397621,
          0.25939173,  0.21080409],
        [ 0.06668445,  0.06038386,  0.        , ...,  0.35115543,
          0.31723546,  0.26944636],
        ...,
        [-0.28793601, -0.29397621, -0.35115543, ...,  0.        ,
         -0.03598412, -0.08588084],
        [-0.25328935, -0.25939173, -0.31723546, ...,  0.03598412,
          0.        , -0.04997404],
        [-0.20462845, -0.21080409, -0.26944636, ...,  0.08588084,
          0.04997404,  0.        ]]]), 'num': array([7.60768151e-01, 6.48942049e-01, 5.06000461e-07, 3.60729361e-03,
       3.62361620e-03, 3.57464842e-03, 4.67821910e-04, 1.63225955e-05,
       3.61708717e-03, 3.65462913e-03, 3.70332488e-03, 7.73175577e-07,
       3.77803487e-03, 3.53122340e-03])}
{'img': array([[[ 0.        , -0.54061544,  0.10829253, ...,  0.32602747,
          0.28690894,  0.36339273],
        [ 0.54061544,  0.        ,  0.62853936, ...,  0.78535345,
          0.75925465,  0.80936818],
        [-0.10829253, -0.62853936,  0.        , ...,  0.22173467,
          0.18148197,  0.26036642],
        ...,
        [-0.32602747, -0.78535345, -0.22173467, ...,  0.        ,
         -0.04108826,  0.03979811],
        [-0.28690894, -0.75925465, -0.18148197, ...,  0.04108826,
          0.        ,  0.08082021],
        [-0.36339273, -0.80936818, -0.26036642, ..., -0.03979811,
         -0.08082021,  0.        ]],

       [[ 0.        , -0.05574661, -0.13227934, ..., -0.23356596,
         -0.37712558, -0.14959775],
        [ 0.05574661,  0.        , -0.07681691, ..., -0.17899804,
         -0.32490873, -0.09424583],
        [ 0.13227934,  0.07681691,  0.        , ..., -0.10289287,
         -0.25129946, -0.01749235],
        ...,
        [ 0.23356596,  0.17899804,  0.10289287, ...,  0.        ,
         -0.1503747 ,  0.08547761],
        [ 0.37712558,  0.32490873,  0.25129946, ...,  0.1503747 ,
          0.        ,  0.23432999],
        [ 0.14959775,  0.09424583,  0.01749235, ..., -0.08547761,
         -0.23432999,  0.        ]],

       [[ 0.        , -0.201334  , -0.32173156, ...,  0.6581018 ,
          0.56990984,  0.46790327],
        [ 0.201334  ,  0.        , -0.12451409, ...,  0.79621582,
          0.7236772 ,  0.63625675],
        [ 0.32173156,  0.12451409,  0.        , ...,  0.86535215,
          0.80397741,  0.7273651 ],
        ...,
        [-0.6581018 , -0.79621582, -0.86535215, ...,  0.        ,
         -0.11166539, -0.22931908],
        [-0.56990984, -0.7236772 , -0.80397741, ...,  0.11166539,
          0.        , -0.11919524],
        [-0.46790327, -0.63625675, -0.7273651 , ...,  0.22931908,
          0.11919524,  0.        ]],

       ...,

       [[ 0.        , -0.17949753,  0.00438536, ..., -0.12632733,
         -0.05307366,  0.10193403],
        [ 0.17949753,  0.        ,  0.18380994, ...,  0.05378393,
          0.12703288,  0.27884101],
        [-0.00438536, -0.18380994,  0.        , ..., -0.13067634,
         -0.05745233,  0.09757053],
        ...,
        [ 0.12632733, -0.05378393,  0.13067634, ...,  0.        ,
          0.07350082,  0.22678671],
        [ 0.05307366, -0.12703288,  0.05745233, ..., -0.07350082,
          0.        ,  0.15458757],
        [-0.10193403, -0.27884101, -0.09757053, ..., -0.22678671,
         -0.15458757,  0.        ]],

       [[ 0.        , -0.02757426, -0.04796517, ...,  0.65022661,
          0.62461767,  0.57232631],
        [ 0.02757426,  0.        , -0.02040441, ...,  0.67092864,
          0.64591375,  0.59472029],
        [ 0.04796517,  0.02040441,  0.        , ...,  0.68591928,
          0.66135621,  0.61100025],
        ...,
        [-0.65022661, -0.67092864, -0.68591928, ...,  0.        ,
         -0.03323469, -0.09838334],
        [-0.62461767, -0.64591375, -0.66135621, ...,  0.03323469,
          0.        , -0.06525553],
        [-0.57232631, -0.59472029, -0.61100025, ...,  0.09838334,
          0.06525553,  0.        ]],

       [[ 0.        , -0.06038386, -0.0672337 , ...,  0.25939173,
          0.21080409,  0.20803036],
        [ 0.06038386,  0.        , -0.00686378, ...,  0.31723546,
          0.26944636,  0.26671356],
        [ 0.0672337 ,  0.00686378,  0.        , ...,  0.32373723,
          0.27604994,  0.27332243],
        ...,
        [-0.25939173, -0.31723546, -0.32373723, ...,  0.        ,
         -0.04997404, -0.05280692],
        [-0.21080409, -0.26944636, -0.27604994, ...,  0.04997404,
          0.        , -0.00283662],
        [-0.20803036, -0.26671356, -0.27332243, ...,  0.05280692,
          0.00283662,  0.        ]]]), 'num': array([ 7.18853559e-01,  6.95093668e-01,  1.07999505e-07,  3.39427014e-03,
        3.42512715e-03,  3.37884164e-03,  4.22046635e-04, -1.54285007e-05,
        3.40352725e-03,  3.44672705e-03,  3.50124108e-03,  8.33139035e-07,
        3.55772650e-03,  3.33572759e-03])}
{'img': array([[[ 0.00000000e+00,  6.28539361e-01,  6.99854212e-01, ...,
          7.59254650e-01,  8.09368177e-01,  7.59254650e-01],
        [-6.28539361e-01,  0.00000000e+00,  9.53743675e-02, ...,
          1.81481969e-01,  2.60366417e-01,  1.81481969e-01],
        [-6.99854212e-01, -9.53743675e-02,  0.00000000e+00, ...,
          8.68640725e-02,  1.67094637e-01,  8.68640725e-02],
        ...,
        [-7.59254650e-01, -1.81481969e-01, -8.68640725e-02, ...,
          0.00000000e+00,  8.08202093e-02,  0.00000000e+00],
        [-8.09368177e-01, -2.60366417e-01, -1.67094637e-01, ...,
         -8.08202093e-02,  0.00000000e+00, -8.08202093e-02],
        [-7.59254650e-01, -1.81481969e-01, -8.68640725e-02, ...,
          0.00000000e+00,  8.08202093e-02,  0.00000000e+00]],

       [[ 0.00000000e+00, -7.68169112e-02,  6.38457067e-01, ...,
         -3.24908732e-01, -9.42458266e-02, -1.32392777e-01],
        [ 7.68169112e-02,  0.00000000e+00,  6.95693271e-01, ...,
         -2.51299458e-01, -1.74923547e-02, -5.58608672e-02],
        [-6.38457067e-01, -6.95693271e-01,  0.00000000e+00, ...,
         -8.53886241e-01, -7.08152268e-01, -7.34734027e-01],
        ...,
        [ 3.24908732e-01,  2.51299458e-01,  8.53886241e-01, ...,
          0.00000000e+00,  2.34329994e-01,  1.96838812e-01],
        [ 9.42458266e-02,  1.74923547e-02,  7.08152268e-01, ...,
         -2.34329994e-01,  0.00000000e+00, -3.83872789e-02],
        [ 1.32392777e-01,  5.58608672e-02,  7.34734027e-01, ...,
         -1.96838812e-01,  3.83872789e-02,  0.00000000e+00]],

       [[ 0.00000000e+00, -1.24514089e-01,  2.95904840e-02, ...,
          7.23677200e-01,  6.36256751e-01,  5.56484398e-01],
        [ 1.24514089e-01,  0.00000000e+00,  1.53819771e-01, ...,
          8.03977410e-01,  7.27365102e-01,  6.55607282e-01],
        [-2.95904840e-02, -1.53819771e-01,  0.00000000e+00, ...,
          7.02938771e-01,  6.13149749e-01,  5.31655225e-01],
        ...,
        [-7.23677200e-01, -8.03977410e-01, -7.02938771e-01, ...,
          0.00000000e+00, -1.19195236e-01, -2.17221662e-01],
        [-6.36256751e-01, -7.27365102e-01, -6.13149749e-01, ...,
          1.19195236e-01,  0.00000000e+00, -9.93239245e-02],
        [-5.56484398e-01, -6.55607282e-01, -5.31655225e-01, ...,
          2.17221662e-01,  9.93239245e-02,  0.00000000e+00]],

       ...,

       [[ 0.00000000e+00,  1.83809937e-01,  3.18669244e-01, ...,
          1.27032883e-01,  2.78841010e-01,  4.41988064e-01],
        [-1.83809937e-01,  0.00000000e+00,  1.39012510e-01, ...,
         -5.74523302e-02,  9.75705278e-02,  2.69576024e-01],
        [-3.18669244e-01, -1.39012510e-01,  0.00000000e+00, ...,
         -1.95677400e-01, -4.17260481e-02,  1.33092466e-01],
        ...,
        [-1.27032883e-01,  5.74523302e-02,  1.95677400e-01, ...,
          0.00000000e+00,  1.54587569e-01,  3.24456145e-01],
        [-2.78841010e-01, -9.75705278e-02,  4.17260481e-02, ...,
         -1.54587569e-01,  0.00000000e+00,  1.74331392e-01],
        [-4.41988064e-01, -2.69576024e-01, -1.33092466e-01, ...,
         -3.24456145e-01, -1.74331392e-01,  0.00000000e+00]],

       [[ 0.00000000e+00, -2.04044064e-02, -3.72668191e-02, ...,
          6.45913751e-01,  5.94720293e-01,  5.46239429e-01],
        [ 2.04044064e-02,  0.00000000e+00, -1.68688280e-02, ...,
          6.61356213e-01,  6.11000247e-01,  5.63217031e-01],
        [ 3.72668191e-02,  1.68688280e-02,  0.00000000e+00, ...,
          6.73914945e-01,  6.24267186e-01,  5.77075756e-01],
        ...,
        [-6.45913751e-01, -6.61356213e-01, -6.73914945e-01, ...,
          0.00000000e+00, -6.52555286e-02, -1.24031289e-01],
        [-5.94720293e-01, -6.11000247e-01, -6.24267186e-01, ...,
          6.52555286e-02,  0.00000000e+00, -5.90152815e-02],
        [-5.46239429e-01, -5.63217031e-01, -5.77075756e-01, ...,
          1.24031289e-01,  5.90152815e-02,  0.00000000e+00]],

       [[ 0.00000000e+00, -6.86377880e-03, -6.54629923e-03, ...,
          2.69446358e-01,  2.66713565e-01,  2.52323601e-01],
        [ 6.86377880e-03,  0.00000000e+00,  3.17486694e-04, ...,
          2.76049936e-01,  2.73322426e-01,  2.58959344e-01],
        [ 6.54629923e-03, -3.17486694e-04,  0.00000000e+00, ...,
          2.75744772e-01,  2.73017015e-01,  2.58652675e-01],
        ...,
        [-2.69446358e-01, -2.76049936e-01, -2.75744772e-01, ...,
          0.00000000e+00, -2.83662077e-03, -1.77363444e-02],
        [-2.66713565e-01, -2.73322426e-01, -2.73017015e-01, ...,
          2.83662077e-03,  0.00000000e+00, -1.49000984e-02],
        [-2.52323601e-01, -2.58959344e-01, -2.58652675e-01, ...,
          1.77363444e-02,  1.49000984e-02,  0.00000000e+00]]]), 'num': array([ 7.18514663e-01,  6.95445111e-01,  1.08054110e-07,  3.29565035e-03,
        3.38055001e-03,  3.29565035e-03,  6.90604688e-04, -1.00335959e-04,
        3.38055001e-03,  3.43573478e-03,  3.50275406e-03,  6.72226028e-07,
        3.55523160e-03,  3.31623797e-03])}
{'img': array([[[ 0.00000000e+00,  8.52742292e-02,  1.25371448e-01, ...,
          2.37349093e-01,  1.64001028e-01, -6.90767518e-01],
        [-8.52742292e-02,  0.00000000e+00,  4.03133797e-02, ...,
          1.53647085e-01,  7.92840268e-02, -7.49911237e-01],
        [-1.25371448e-01, -4.03133797e-02,  0.00000000e+00, ...,
          1.13687493e-01,  3.90330998e-02, -7.75970475e-01],
        ...,
        [-2.37349093e-01, -1.53647085e-01, -1.13687493e-01, ...,
          0.00000000e+00, -7.48208223e-02, -8.42650088e-01],
        [-1.64001028e-01, -7.92840268e-02, -3.90330998e-02, ...,
          7.48208223e-02,  0.00000000e+00, -8.00000000e-01],
        [ 6.90767518e-01,  7.49911237e-01,  7.75970475e-01, ...,
          8.42650088e-01,  8.00000000e-01,  0.00000000e+00]],

       [[ 0.00000000e+00,  6.95693271e-01, -6.63394853e-01, ...,
         -1.74923547e-02, -5.58608672e-02,  3.59893336e-01],
        [-6.95693271e-01,  0.00000000e+00, -9.97108441e-01, ...,
         -7.08152268e-01, -7.34734027e-01, -3.90551861e-01],
        [ 6.63394853e-01,  9.97108441e-01,  0.00000000e+00, ...,
          6.50204356e-01,  6.20560019e-01,  8.88240268e-01],
        ...,
        [ 1.74923547e-02,  7.08152268e-01, -6.50204356e-01, ...,
          0.00000000e+00, -3.83872789e-02,  3.76158524e-01],
        [ 5.58608672e-02,  7.34734027e-01, -6.20560019e-01, ...,
          3.83872789e-02,  0.00000000e+00,  4.11449209e-01],
        [-3.59893336e-01,  3.90551861e-01, -8.88240268e-01, ...,
         -3.76158524e-01, -4.11449209e-01,  0.00000000e+00]],

       [[ 0.00000000e+00,  1.53819771e-01,  3.21731560e-01, ...,
          7.27365102e-01,  6.55607282e-01,  5.08268792e-01],
        [-1.53819771e-01,  0.00000000e+00,  1.72261291e-01, ...,
          6.13149749e-01,  5.31655225e-01,  3.69750491e-01],
        [-3.21731560e-01, -1.72261291e-01,  0.00000000e+00, ...,
          4.67903269e-01,  3.77809093e-01,  2.04169878e-01],
        ...,
        [-7.27365102e-01, -6.13149749e-01, -4.67903269e-01, ...,
          0.00000000e+00, -9.93239245e-02, -2.77605918e-01],
        [-6.55607282e-01, -5.31655225e-01, -3.77809093e-01, ...,
          9.93239245e-02,  0.00000000e+00, -1.80813198e-01],
        [-5.08268792e-01, -3.69750491e-01, -2.04169878e-01, ...,
          2.77605918e-01,  1.80813198e-01,  0.00000000e+00]],

       ...,

       [[ 0.00000000e+00,  1.39012510e-01,  1.94477586e-01, ...,
          9.75705278e-02,  2.69576024e-01, -5.51797305e-03],
        [-1.39012510e-01,  0.00000000e+00,  5.62309916e-02, ...,
         -4.17260481e-02,  1.33092466e-01, -1.44474790e-01],
        [-1.94477586e-01, -5.62309916e-02,  0.00000000e+00, ...,
         -9.78420480e-02,  7.71511457e-02, -1.99887243e-01],
        ...,
        [-9.75705278e-02,  4.17260481e-02,  9.78420480e-02, ...,
          0.00000000e+00,  1.74331392e-01, -1.03060687e-01],
        [-2.69576024e-01, -1.33092466e-01, -7.71511457e-02, ...,
         -1.74331392e-01,  0.00000000e+00, -2.74885612e-01],
        [ 5.51797305e-03,  1.44474790e-01,  1.99887243e-01, ...,
          1.03060687e-01,  2.74885612e-01,  0.00000000e+00]],

       [[ 0.00000000e+00, -1.68688280e-02, -3.86545343e-02, ...,
          6.11000247e-01,  5.63217031e-01,  5.47236011e-01],
        [ 1.68688280e-02,  0.00000000e+00, -2.17928133e-02, ...,
          6.24267186e-01,  5.77075756e-01,  5.61276989e-01],
        [ 3.86545343e-02,  2.17928133e-02,  0.00000000e+00, ...,
          6.41143711e-01,  5.94736691e-01,  5.79180033e-01],
        ...,
        [-6.11000247e-01, -6.24267186e-01, -6.41143711e-01, ...,
          0.00000000e+00, -5.90152815e-02, -7.81853101e-02],
        [-5.63217031e-01, -5.77075756e-01, -5.94736691e-01, ...,
          5.90152815e-02,  0.00000000e+00, -1.92144129e-02],
        [-5.47236011e-01, -5.61276989e-01, -5.79180033e-01, ...,
          7.81853101e-02,  1.92144129e-02,  0.00000000e+00]],

       [[ 0.00000000e+00,  3.17486694e-04,  5.09921333e-03, ...,
          2.73322426e-01,  2.58959344e-01,  1.09242477e-01],
        [-3.17486694e-04,  0.00000000e+00,  4.78173051e-03, ...,
          2.73017015e-01,  2.58652675e-01,  1.08926885e-01],
        [-5.09921333e-03, -4.78173051e-03,  0.00000000e+00, ...,
          2.68413825e-01,  2.54030707e-01,  1.04172362e-01],
        ...,
        [-2.73322426e-01, -2.73017015e-01, -2.68413825e-01, ...,
          0.00000000e+00, -1.49000984e-02, -1.66603833e-01],
        [-2.58959344e-01, -2.58652675e-01, -2.54030707e-01, ...,
          1.49000984e-02,  0.00000000e+00, -1.51893484e-01],
        [-1.09242477e-01, -1.08926885e-01, -1.04172362e-01, ...,
          1.66603833e-01,  1.51893484e-01,  0.00000000e+00]]]), 'num': array([ 8.68038170e-01,  4.96361266e-01,  1.79554060e-06,  3.91238847e-03,
        4.02579103e-03,  3.91238847e-03,  7.93024132e-04, -1.22852778e-04,
        4.08816244e-03,  4.18786220e-03,  4.28535690e-03,  5.75230398e-07,
        4.37736431e-03,  3.99836008e-03])}
{'img': array([[[ 0.        ,  0.02761883, -0.08483543, ...,  0.05492655,
         -0.32870923, -0.92307692],
        [-0.02761883,  0.        , -0.11232233, ...,  0.02732846,
         -0.35466792, -0.93334742],
        [ 0.08483543,  0.11232233,  0.        , ...,  0.1394359 ,
         -0.24740301, -0.8871202 ],
        ...,
        [-0.05492655, -0.02732846, -0.1394359 , ...,  0.        ,
         -0.38008736, -0.94280904],
        [ 0.32870923,  0.35466792,  0.24740301, ...,  0.38008736,
          0.        , -0.74535599],
        [ 0.92307692,  0.93334742,  0.8871202 , ...,  0.94280904,
          0.74535599,  0.        ]],

       [[ 0.        , -0.99710844, -0.88896449, ..., -0.73473403,
         -0.39055186, -0.44455123],
        [ 0.99710844,  0.        ,  0.38909783, ...,  0.62056002,
          0.88824027,  0.85938105],
        [ 0.88896449, -0.38909783,  0.        , ...,  0.26654313,
          0.63950033,  0.59269914],
        ...,
        [ 0.73473403, -0.62056002, -0.26654313, ...,  0.        ,
          0.41144921,  0.35657684],
        [ 0.39055186, -0.88824027, -0.63950033, ..., -0.41144921,
          0.        , -0.05940722],
        [ 0.44455123, -0.85938105, -0.59269914, ..., -0.35657684,
          0.05940722,  0.        ]],

       [[ 0.        ,  0.17226129,  0.18934791, ...,  0.53165522,
          0.36975049, -0.27518965],
        [-0.17226129,  0.        ,  0.01737231, ...,  0.37780909,
          0.20416988, -0.43668619],
        [-0.18934791, -0.01737231,  0.        , ...,  0.36166734,
          0.1871327 , -0.45224866],
        ...,
        [-0.53165522, -0.37780909, -0.36166734, ...,  0.        ,
         -0.1808132 , -0.74420286],
        [-0.36975049, -0.20416988, -0.1871327 , ...,  0.1808132 ,
          0.        , -0.61116167],
        [ 0.27518965,  0.43668619,  0.45224866, ...,  0.74420286,
          0.61116167,  0.        ]],

       ...,

       [[ 0.        ,  0.05623099, -0.04999591, ...,  0.13309247,
         -0.14447479, -0.51113211],
        [-0.05623099,  0.        , -0.10607748, ...,  0.07715115,
         -0.19988724, -0.55865405],
        [ 0.04999591,  0.10607748,  0.        , ...,  0.18247715,
         -0.09482274, -0.46752131],
        ...,
        [-0.13309247, -0.07715115, -0.18247715, ...,  0.        ,
         -0.27488561, -0.62097815],
        [ 0.14447479,  0.19988724,  0.09482274, ...,  0.27488561,
          0.        , -0.38159316],
        [ 0.51113211,  0.55865405,  0.46752131, ...,  0.62097815,
          0.38159316,  0.        ]],

       [[ 0.        , -0.02179281, -0.19322273, ...,  0.57707576,
          0.56127699,  0.63166863],
        [ 0.02179281,  0.        , -0.17179472, ...,  0.59473669,
          0.57918003,  0.64841324],
        [ 0.19322273,  0.17179472,  0.        , ...,  0.72400391,
          0.71061623,  0.76955849],
        ...,
        [-0.57707576, -0.59473669, -0.72400391, ...,  0.        ,
         -0.01921441,  0.0685065 ],
        [-0.56127699, -0.57918003, -0.71061623, ...,  0.01921441,
          0.        ,  0.08766313],
        [-0.63166863, -0.64841324, -0.76955849, ..., -0.0685065 ,
         -0.08766313,  0.        ]],

       [[ 0.        ,  0.00478173,  0.07259014, ...,  0.25865267,
          0.10892689, -0.27089996],
        [-0.00478173,  0.        ,  0.0678202 , ...,  0.25403071,
          0.10417236, -0.2754998 ],
        [-0.07259014, -0.0678202 ,  0.        , ...,  0.18785038,
          0.0364813 , -0.34006111],
        ...,
        [-0.25865267, -0.25403071, -0.18785038, ...,  0.        ,
         -0.15189348, -0.51066235],
        [-0.10892689, -0.10417236, -0.0364813 , ...,  0.15189348,
          0.        , -0.37414188],
        [ 0.27089996,  0.2754998 ,  0.34006111, ...,  0.51066235,
          0.37414188,  0.        ]]]), 'num': array([7.92142624e-01, 6.10244478e-01, 8.58010122e-07, 3.63796292e-03,
       3.67228332e-03, 3.54358180e-03, 7.90278803e-04, 8.58010122e-05,
       3.68429547e-03, 3.78897270e-03, 3.88878788e-03, 6.82008046e-07,
       3.96849171e-03, 3.60945369e-03])}
{'img': array([[[ 0.        , -0.11232233, -0.20008191, ..., -0.35466792,
         -0.93334742, -0.45400434],
        [ 0.11232233,  0.        , -0.08876468, ..., -0.24740301,
         -0.8871202 , -0.35105218],
        [ 0.20008191,  0.08876468,  0.        , ..., -0.16042119,
         -0.84265009, -0.26655112],
        ...,
        [ 0.35466792,  0.24740301,  0.16042119, ...,  0.        ,
         -0.74535599, -0.10848164],
        [ 0.93334742,  0.8871202 ,  0.84265009, ...,  0.74535599,
          0.        ,  0.66863614],
        [ 0.45400434,  0.35105218,  0.26655112, ...,  0.10848164,
         -0.66863614,  0.        ]],

       [[ 0.        ,  0.38909783,  0.60081867, ...,  0.88824027,
          0.85938105,  0.9005125 ],
        [-0.38909783,  0.        ,  0.24243292, ...,  0.63950033,
          0.59269914,  0.66035745],
        [-0.60081867, -0.24243292,  0.        , ...,  0.43404266,
          0.37975656,  0.45860243],
        ...,
        [-0.88824027, -0.63950033, -0.43404266, ...,  0.        ,
         -0.05940722,  0.02744306],
        [-0.85938105, -0.59269914, -0.37975656, ...,  0.05940722,
          0.        ,  0.08677944],
        [-0.9005125 , -0.66035745, -0.45860243, ..., -0.02744306,
         -0.08677944,  0.        ]],

       [[ 0.        ,  0.01175081,  0.0459983 , ...,  0.15101978,
         -0.17336525, -0.61427643],
        [-0.01175081,  0.        ,  0.03425675, ...,  0.13939332,
         -0.18492615, -0.62350648],
        [-0.0459983 , -0.03425675,  0.        , ...,  0.1053892 ,
         -0.21848352, -0.64992307],
        ...,
        [-0.15101978, -0.13939332, -0.1053892 , ...,  0.        ,
         -0.32010986, -0.72639948],
        [ 0.17336525,  0.18492615,  0.21848352, ...,  0.32010986,
          0.        , -0.46817387],
        [ 0.61427643,  0.62350648,  0.64992307, ...,  0.72639948,
          0.46817387,  0.        ]],

       ...,

       [[ 0.        , -0.10607748, -0.13018501, ..., -0.19988724,
         -0.55865405, -0.30250931],
        [ 0.10607748,  0.        , -0.02427576, ..., -0.09482274,
         -0.46752131, -0.19969515],
        [ 0.13018501,  0.02427576,  0.        , ..., -0.07062841,
         -0.4459242 , -0.1758495 ],
        ...,
        [ 0.19988724,  0.09482274,  0.07062841, ...,  0.        ,
         -0.38159316, -0.10588253],
        [ 0.55865405,  0.46752131,  0.4459242 , ...,  0.38159316,
          0.        ,  0.28157765],
        [ 0.30250931,  0.19969515,  0.1758495 , ...,  0.10588253,
         -0.28157765,  0.        ]],

       [[ 0.        , -0.17179472, -0.19212957, ...,  0.57918003,
          0.64841324,  0.63074172],
        [ 0.17179472,  0.        , -0.02067903, ...,  0.71061623,
          0.76955849,  0.75467581],
        [ 0.19212957,  0.02067903,  0.        , ...,  0.72501362,
          0.78259907,  0.7680819 ],
        ...,
        [-0.57918003, -0.71061623, -0.72501362, ...,  0.        ,
          0.08766313,  0.06474088],
        [-0.64841324, -0.76955849, -0.78259907, ..., -0.08766313,
          0.        , -0.02298758],
        [-0.63074172, -0.75467581, -0.7680819 , ..., -0.06474088,
          0.02298758,  0.        ]],

       [[ 0.        ,  0.0678202 ,  0.04300571, ...,  0.10417236,
         -0.2754998 , -0.42454568],
        [-0.0678202 ,  0.        , -0.02485077, ...,  0.0364813 ,
         -0.34006111, -0.48497304],
        [-0.04300571,  0.02485077,  0.        , ...,  0.06130426,
         -0.31658635, -0.46309055],
        ...,
        [-0.10417236, -0.0364813 , -0.06130426, ...,  0.        ,
         -0.37414188, -0.51655417],
        [ 0.2754998 ,  0.34006111,  0.31658635, ...,  0.37414188,
          0.        , -0.15867693],
        [ 0.42454568,  0.48497304,  0.46309055, ...,  0.51655417,
          0.15867693,  0.        ]]]), 'num': array([ 7.91982902e-01,  6.10452039e-01,  8.58301954e-07,  3.63061727e-03,
        3.67353236e-03,  3.60486821e-03,  5.94906251e-04, -8.58301954e-06,
        3.65293312e-03,  3.77867435e-03,  3.88782175e-03,  5.56082956e-07,
        3.96780290e-03,  3.58954581e-03])}
{'img': array([[[ 0.        , -0.08876468, -0.08876468, ..., -0.8871202 ,
         -0.35105218, -0.38749043],
        [ 0.08876468,  0.        ,  0.        , ..., -0.84265009,
         -0.26655112, -0.30413103],
        [ 0.08876468,  0.        ,  0.        , ..., -0.84265009,
         -0.26655112, -0.30413103],
        ...,
        [ 0.8871202 ,  0.84265009,  0.84265009, ...,  0.        ,
          0.66863614,  0.63897107],
        [ 0.35105218,  0.26655112,  0.26655112, ..., -0.66863614,
          0.        , -0.03920316],
        [ 0.38749043,  0.30413103,  0.30413103, ..., -0.63897107,
          0.03920316,  0.        ]],

       [[ 0.        ,  0.27809946,  0.19589033, ...,  0.63783308,
          0.70412501,  0.49453037],
        [-0.27809946,  0.        , -0.0845486 , ...,  0.39848687,
          0.47887713,  0.23330926],
        [-0.19589033,  0.0845486 ,  0.        , ...,  0.47460582,
          0.55138613,  0.31468914],
        ...,
        [-0.63783308, -0.39848687, -0.47460582, ...,  0.        ,
          0.08938924, -0.17350447],
        [-0.70412501, -0.47887713, -0.55138613, ..., -0.08938924,
          0.        , -0.26084338],
        [-0.49453037, -0.23330926, -0.31468914, ...,  0.17350447,
          0.26084338,  0.        ]],

       [[ 0.        ,  0.02705306, -0.00916437, ..., -0.13609757,
         -0.32119814, -0.74535599],
        [-0.02705306,  0.        , -0.03621294, ..., -0.1628491 ,
         -0.34670015, -0.76311857],
        [ 0.00916437,  0.03621294,  0.        , ..., -0.12701275,
         -0.31250588, -0.73921511],
        ...,
        [ 0.13609757,  0.1628491 ,  0.12701275, ...,  0.        ,
         -0.1893235 , -0.64768907],
        [ 0.32119814,  0.34670015,  0.31250588, ...,  0.1893235 ,
          0.        , -0.49172899],
        [ 0.74535599,  0.76311857,  0.73921511, ...,  0.64768907,
          0.49172899,  0.        ]],

       ...,

       [[ 0.        , -0.02427576,  0.02512536, ..., -0.46752131,
         -0.19969515, -0.40955687],
        [ 0.02427576,  0.        ,  0.04938606, ..., -0.4459242 ,
         -0.1758495 , -0.38728977],
        [-0.02512536, -0.04938606,  0.        , ..., -0.48958408,
         -0.2242514 , -0.43234906],
        ...,
        [ 0.46752131,  0.4459242 ,  0.48958408, ...,  0.        ,
          0.28157765,  0.06447166],
        [ 0.19969515,  0.1758495 ,  0.2242514 , ..., -0.28157765,
          0.        , -0.2191288 ],
        [ 0.40955687,  0.38728977,  0.43234906, ..., -0.06447166,
          0.2191288 ,  0.        ]],

       [[ 0.        , -0.02067903, -0.06297055, ...,  0.76955849,
          0.75467581,  0.74935868],
        [ 0.02067903,  0.        , -0.04231909, ...,  0.78259907,
          0.7680819 ,  0.76289135],
        [ 0.06297055,  0.04231909,  0.        , ...,  0.80824271,
          0.79449291,  0.78956834],
        ...,
        [-0.76955849, -0.78259907, -0.80824271, ...,  0.        ,
         -0.02298758, -0.03105145],
        [-0.75467581, -0.7680819 , -0.79449291, ...,  0.02298758,
          0.        , -0.00806675],
