state_0,state_1,state_2,state_3,state_4,state_5,state_6,state_7,state_8,state_9,state_10,state_11,state_12,state_13,state_14,state_15,state_16,state_17,state_18,state_19,state_20,state_21,state_22,state_23,state_24,state_25,state_26,state_27,state_28,state_29,state_30,state_31,state_32,state_33,state_34,state_35,state_36,state_37,state_38,state_39,state_40,state_41,state_42,state_43,state_44,state_45,state_46,state_47,state_48,state_49,state_50,state_51,state_52,state_53,state_54,state_55,state_56,state_57,state_58,state_59,state_60,state_61,state_62,state_63,state_64,state_65,state_66,state_67,state_68,state_69,state_70,state_71,state_72,state_73,state_74,state_75,state_76,state_77,state_78,state_79,state_80,state_81,state_82,state_83,state_84,state_85,state_86,state_87,state_88,state_89,state_90,state_91,state_92,state_93,state_94,state_95,state_96,state_97,state_98,state_99,state_100,state_101,state_102,state_103,state_104,state_105,state_106,state_107,state_108,state_109,state_110,state_111,state_112,state_113,state_114,state_115,state_116,state_117,state_118,state_119,state_120,state_121,state_122,state_123,state_124,state_125,state_126,state_127,state_128,state_129,state_130,state_131,state_132,state_133,state_134,state_135,state_136,state_137,state_138,state_139,state_140,state_141,state_142,state_143,state_144,state_145,state_146,state_147,state_148,state_149,state_150,state_151,state_152,state_153,state_154,state_155,state_156,state_157,state_158,state_159,state_160,state_161,state_162,state_163,state_164,state_165,state_166,state_167,state_168,state_169,state_170,state_171,state_172,state_173,state_174,state_175,state_176,state_177,state_178,state_179,state_180,state_181,state_182,state_183,state_184,state_185,state_186,state_187,state_188,state_189,state_190,state_191,state_192,state_193,state_194,state_195,state_196,state_197,state_198,state_199,state_200,state_201,state_202,state_203,state_204,state_205,state_206,state_207,state_208,state_209,state_210,state_211,state_212,state_213,state_214,state_215,state_216,state_217,state_218,state_219,state_220,state_221,state_222,state_223,state_224,state_225,state_226,state_227,state_228,state_229,state_230,state_231,state_232,state_233,state_234,state_235,state_236,state_237,state_238,state_239,state_240,state_241,state_242,state_243,state_244,state_245,state_246,state_247,state_248,state_249,state_250,state_251,state_252,state_253,state_254,state_255,state_256,state_257,state_258,state_259,state_260,state_261,state_262,state_263,state_264,state_265,state_266,state_267,state_268,state_269,state_270,state_271,state_272,state_273,state_274,state_275,state_276,state_277,state_278,state_279,state_280,state_281,state_282,state_283,state_284,state_285,state_286,state_287
{'img': array([[[ 0.        , -0.17407258,  0.44930599, ...,  0.7613302 ,
          0.89049722,  0.89049722],
        [ 0.17407258,  0.        ,  0.59795896, ...,  0.63684439,
          0.79770079,  0.79770079],
        [-0.44930599, -0.59795896,  0.        , ...,  0.97146959,
          0.9999797 ,  0.9999797 ],
        ...,
        [-0.7613302 , -0.63684439, -0.97146959, ...,  0.        ,
         -0.23097003, -0.23097003],
        [-0.89049722, -0.79770079, -0.9999797 , ...,  0.23097003,
          0.        ,  0.        ],
        [-0.89049722, -0.79770079, -0.9999797 , ...,  0.23097003,
          0.        ,  0.        ]],

       [[ 0.        , -0.48321646,  0.25166324, ..., -0.03564109,
         -0.31271399, -0.92873628],
        [ 0.48321646,  0.        ,  0.68799547, ...,  0.45170564,
          0.18520047, -0.63396129],
        [-0.25166324, -0.68799547,  0.        , ..., -0.28599732,
         -0.54169091, -0.99214667],
        ...,
        [ 0.03564109, -0.45170564,  0.28599732, ...,  0.        ,
         -0.27866172, -0.9149326 ],
        [ 0.31271399, -0.18520047,  0.54169091, ...,  0.27866172,
          0.        , -0.76622176],
        [ 0.92873628,  0.63396129,  0.99214667, ...,  0.9149326 ,
          0.76622176,  0.        ]],

       [[ 0.        ,  0.43762072,  0.6574463 , ...,  0.29601893,
          0.45992999,  0.54638366],
        [-0.43762072,  0.        ,  0.26140137, ...,  0.68417575,
          0.80213808,  0.85780883],
        [-0.6574463 , -0.26140137,  0.        , ...,  0.8510316 ,
          0.93034074,  0.96233515],
        ...,
        [-0.29601893, -0.68417575, -0.8510316 , ...,  0.        ,
         -0.17646534, -0.27396965],
        [-0.45992999, -0.80213808, -0.93034074, ...,  0.17646534,
          0.        , -0.09995673],
        [-0.54638366, -0.85780883, -0.96233515, ...,  0.27396965,
          0.09995673,  0.        ]],

       ...,

       [[ 0.        , -0.10301478,  0.0217469 , ..., -0.41633091,
         -0.994388  , -0.90959668],
        [ 0.10301478,  0.        ,  0.12462162, ..., -0.32045356,
         -0.97819927, -0.94755932],
        [-0.0217469 , -0.12462162,  0.        , ..., -0.43600502,
         -0.99645354, -0.9003459 ],
        ...,
        [ 0.41633091,  0.32045356,  0.43600502, ...,  0.        ,
         -0.86006507, -0.99999957],
        [ 0.994388  ,  0.97819927,  0.99645354, ...,  0.86006507,
          0.        , -0.50939105],
        [ 0.90959668,  0.94755932,  0.9003459 , ...,  0.99999957,
          0.50939105,  0.        ]],

       [[ 0.        ,  0.33952303,  0.53605098, ...,  0.32827525,
          0.36527596,  0.41060826],
        [-0.33952303,  0.        ,  0.21758789, ...,  0.62948234,
          0.65963949,  0.69579833],
        [-0.53605098, -0.21758789,  0.        , ...,  0.78346941,
          0.80737018,  0.83540723],
        ...,
        [-0.32827525, -0.62948234, -0.78346941, ...,  0.        ,
         -0.03944195, -0.08852796],
        [-0.36527596, -0.65963949, -0.80737018, ...,  0.03944195,
          0.        , -0.04917199],
        [-0.41060826, -0.69579833, -0.83540723, ...,  0.08852796,
          0.04917199,  0.        ]],

       [[ 0.        ,  0.00124574, -0.17310521, ...,  0.57896482,
          0.49930455,  0.25281963],
        [-0.00124574,  0.        , -0.17433201, ...,  0.57998009,
          0.50038351,  0.2540247 ],
        [ 0.17310521,  0.17433201,  0.        , ...,  0.42908261,
          0.34178377,  0.08152128],
        ...,
        [-0.57896482, -0.57998009, -0.42908261, ...,  0.        ,
          0.09452127,  0.35401912],
        [-0.49930455, -0.50038351, -0.34178377, ..., -0.09452127,
          0.        ,  0.26403422],
        [-0.25281963, -0.2540247 , -0.08152128, ..., -0.35401912,
         -0.26403422,  0.        ]]]), 'num': array([9.42499903e-01, 3.34093084e-01, 1.86627859e-06, 3.04203410e-03,
       3.06536258e-03, 2.98138004e-03, 1.72118476e-03, 4.66569647e-05,
       3.02710387e-03, 3.03970125e-03, 2.88814388e-03, 4.37769051e-07,
       3.12874152e-03, 2.95066098e-03])}
{'img': array([[[ 0.        ,  0.59795896,  0.67210262, ...,  0.79770079,
          0.79770079,  0.65488887],
        [-0.59795896,  0.        ,  0.0959447 , ...,  0.9999797 ,
          0.9999797 ,  0.97680358],
        [-0.67210262, -0.0959447 ,  0.        , ...,  0.99597774,
          0.99597774,  0.99284259],
        ...,
        [-0.79770079, -0.9999797 , -0.99597774, ...,  0.        ,
          0.        ,  0.2079096 ],
        [-0.79770079, -0.9999797 , -0.99597774, ...,  0.        ,
          0.        ,  0.2079096 ],
        [-0.65488887, -0.97680358, -0.99284259, ..., -0.2079096 ,
         -0.2079096 ,  0.        ]],

       [[ 0.        ,  0.68799547,  0.27792349, ...,  0.18520047,
         -0.63396129, -0.45706515],
        [-0.68799547,  0.        , -0.45919742, ..., -0.54169091,
         -0.99214667, -0.94362505],
        [-0.27792349,  0.45919742,  0.        , ..., -0.09521146,
         -0.82392149, -0.68625264],
        ...,
        [-0.18520047,  0.54169091,  0.09521146, ...,  0.        ,
         -0.76622176, -0.61388172],
        [ 0.63396129,  0.99214667,  0.82392149, ...,  0.76622176,
          0.        ,  0.21038814],
        [ 0.45706515,  0.94362505,  0.68625264, ...,  0.61388172,
         -0.21038814,  0.        ]],

       [[ 0.        ,  0.53221749,  0.70624792, ...,  0.47123836,
          0.55938413,  0.576483  ],
        [-0.53221749,  0.        ,  0.22112376, ...,  0.86837297,
          0.91473853,  0.9229347 ],
        [-0.70624792, -0.22112376,  0.        , ...,  0.95653491,
          0.98143911,  0.98521119],
        ...,
        [-0.47123836, -0.86837297, -0.95653491, ...,  0.        ,
         -0.1027666 , -0.12340823],
        [-0.55938413, -0.91473853, -0.98143911, ...,  0.1027666 ,
          0.        , -0.0207738 ],
        [-0.576483  , -0.9229347 , -0.98521119, ...,  0.12340823,
          0.0207738 ,  0.        ]],

       ...,

       [[ 0.        ,  0.12462162,  0.11154656, ..., -0.97819927,
         -0.94755932, -0.82627846],
        [-0.12462162,  0.        , -0.01316691, ..., -0.99645354,
         -0.9003459 , -0.89003168],
        [-0.11154656,  0.01316691,  0.        , ..., -0.99525923,
         -0.90599776, -0.88395175],
        ...,
        [ 0.97819927,  0.99645354,  0.99525923, ...,  0.        ,
         -0.50939105,  0.37939034],
        [ 0.94755932,  0.9003459 ,  0.90599776, ...,  0.50939105,
          0.        ,  0.79778602],
        [ 0.82627846,  0.89003168,  0.88395175, ..., -0.37939034,
         -0.79778602,  0.        ]],

       [[ 0.        ,  0.43457289,  0.58996144, ...,  0.37062126,
          0.41655092,  0.42491196],
        [-0.43457289,  0.        ,  0.1804531 , ...,  0.73741948,
          0.77023663,  0.77608174],
        [-0.58996144, -0.1804531 ,  0.        , ...,  0.84719805,
          0.87267755,  0.87714082],
        ...,
        [-0.37062126, -0.73741948, -0.84719805, ...,  0.        ,
         -0.04994949, -0.05915225],
        [-0.41655092, -0.77023663, -0.87267755, ...,  0.04994949,
          0.        , -0.00921639],
        [-0.42491196, -0.77608174, -0.87714082, ...,  0.05915225,
          0.00921639,  0.        ]],

       [[ 0.        , -0.17334753, -0.25261042, ...,  0.56186374,
          0.45136001,  0.25261042],
        [ 0.17334753,  0.        , -0.08106054, ...,  0.40995928,
          0.28984146,  0.08106054],
        [ 0.25261042,  0.08106054,  0.        , ...,  0.33467455,
          0.21130666,  0.        ],
        ...,
        [-0.56186374, -0.40995928, -0.33467455, ...,  0.        ,
          0.12799614,  0.33467455],
        [-0.45136001, -0.28984146, -0.21130666, ..., -0.12799614,
          0.        ,  0.21130666],
        [-0.25261042, -0.08106054, -0.        , ..., -0.33467455,
         -0.21130666,  0.        ]]]), 'num': array([7.07084297e-01, 7.07084297e-01, 0.00000000e+00, 2.78910211e-03,
       2.82321957e-03, 2.74645529e-03, 1.55414399e-03, 8.52936426e-06,
       2.76607283e-03, 2.78142568e-03, 2.64822545e-03, 5.09215777e-07,
       2.85971949e-03, 2.70313188e-03])}
{'img': array([[[ 0.00000000e+00,  3.61934856e-01,  6.04493373e-01, ...,
          8.28950458e-01,  6.84712199e-01,  6.46738442e-01],
        [-3.61934856e-01,  0.00000000e+00,  2.75189784e-01, ...,
          9.75188567e-01,  9.02074064e-01,  8.78943776e-01],
        [-6.04493373e-01, -2.75189784e-01,  0.00000000e+00, ...,
          9.98456828e-01,  9.86011668e-01,  9.76252687e-01],
        ...,
        [-8.28950458e-01, -9.75188567e-01, -9.98456828e-01, ...,
          0.00000000e+00,  2.21175714e-01,  2.70515289e-01],
        [-6.84712199e-01, -9.02074064e-01, -9.86011668e-01, ...,
         -2.21175714e-01,  0.00000000e+00,  5.08863724e-02],
        [-6.46738442e-01, -8.78943776e-01, -9.76252687e-01, ...,
         -2.70515289e-01, -5.08863724e-02,  0.00000000e+00]],

       [[ 0.00000000e+00, -4.59197417e-01, -6.62359255e-01, ...,
         -9.92146670e-01, -9.43625051e-01, -9.48774505e-01],
        [ 4.59197417e-01,  0.00000000e+00, -2.44371963e-01, ...,
         -8.23921490e-01, -6.86252637e-01, -6.97743617e-01],
        [ 6.62359255e-01,  2.44371963e-01,  0.00000000e+00, ...,
         -6.60454924e-01, -4.87699345e-01, -5.01533862e-01],
        ...,
        [ 9.92146670e-01,  8.23921490e-01,  6.60454924e-01, ...,
          0.00000000e+00,  2.10388138e-01,  1.94800090e-01],
        [ 9.43625051e-01,  6.86252637e-01,  4.87699345e-01, ...,
         -2.10388138e-01,  0.00000000e+00, -1.59176637e-02],
        [ 9.48774505e-01,  6.97743617e-01,  5.01533862e-01, ...,
         -1.94800090e-01,  1.59176637e-02,  0.00000000e+00]],

       [[ 0.00000000e+00,  5.27040359e-01,  5.93123053e-01, ...,
          5.79887607e-01,  5.97435547e-01,  6.01700171e-01],
        [-5.27040359e-01,  0.00000000e+00,  7.97334234e-02, ...,
          9.22189760e-01,  9.30367366e-01,  9.32307780e-01],
        [-5.93123053e-01, -7.97334234e-02,  0.00000000e+00, ...,
          9.50089634e-01,  9.56637840e-01,  9.58176377e-01],
        ...,
        [-5.79887607e-01, -9.22189760e-01, -9.50089634e-01, ...,
          0.00000000e+00, -2.17069495e-02, -2.70339995e-02],
        [-5.97435547e-01, -9.30367366e-01, -9.56637840e-01, ...,
          2.17069495e-02,  0.00000000e+00, -5.32861369e-03],
        [-6.01700171e-01, -9.32307780e-01, -9.58176377e-01, ...,
          2.70339995e-02,  5.32861369e-03,  0.00000000e+00]],

       ...,

       [[ 0.00000000e+00, -1.31669064e-02,  3.85708595e-02, ...,
         -9.00345901e-01, -8.90031683e-01, -4.73906712e-01],
        [ 1.31669064e-02,  0.00000000e+00,  5.17246244e-02, ...,
         -9.05997760e-01, -8.83951753e-01, -4.62271181e-01],
        [-3.85708595e-02, -5.17246244e-02,  0.00000000e+00, ...,
         -8.82890851e-01, -9.06953786e-01, -5.07518599e-01],
        ...,
        [ 9.00345901e-01,  9.05997760e-01,  8.82890851e-01, ...,
          0.00000000e+00,  7.97786020e-01,  9.99054483e-01],
        [ 8.90031683e-01,  8.83951753e-01,  9.06953786e-01, ...,
         -7.97786020e-01,  0.00000000e+00,  5.67686257e-01],
        [ 4.73906712e-01,  4.62271181e-01,  5.07518599e-01, ...,
         -9.99054483e-01, -5.67686257e-01,  0.00000000e+00]],

       [[ 0.00000000e+00,  4.31898792e-01,  6.02117927e-01, ...,
          4.26768562e-01,  4.35310366e-01,  4.36119099e-01],
        [-4.31898792e-01,  0.00000000e+00,  1.98232361e-01, ...,
          7.75504358e-01,  7.81446067e-01,  7.82006396e-01],
        [-6.02117927e-01, -1.98232361e-01,  0.00000000e+00, ...,
          8.85266974e-01,  8.89629912e-01,  8.90039885e-01],
        ...,
        [-4.26768562e-01, -7.75504358e-01, -8.85266974e-01, ...,
          0.00000000e+00, -9.46627150e-03, -1.03647346e-02],
        [-4.35310366e-01, -7.81446067e-01, -8.89629912e-01, ...,
          9.46627150e-03,  0.00000000e+00, -8.98507150e-04],
        [-4.36119099e-01, -7.82006396e-01, -8.90039885e-01, ...,
          1.03647346e-02,  8.98507150e-04,  0.00000000e+00]],

       [[ 0.00000000e+00, -8.06940049e-02,  5.16223661e-02, ...,
          3.58056257e-01,  2.67892502e-01,  8.06940049e-02],
        [ 8.06940049e-02,  0.00000000e+00,  1.32040435e-01, ...,
          2.81544614e-01,  1.89274340e-01,  0.00000000e+00],
        [-5.16223661e-02, -1.32040435e-01,  0.00000000e+00, ...,
          4.05778656e-01,  3.17270822e-01,  1.32040435e-01],
        ...,
        [-3.58056257e-01, -2.81544614e-01, -4.05778656e-01, ...,
          0.00000000e+00,  9.48376413e-02,  2.81544614e-01],
        [-2.67892502e-01, -1.89274340e-01, -3.17270822e-01, ...,
         -9.48376413e-02,  0.00000000e+00,  1.89274340e-01],
        [-8.06940049e-02, -0.00000000e+00, -1.32040435e-01, ...,
         -2.81544614e-01, -1.89274340e-01,  0.00000000e+00]]]), 'num': array([ 7.07084551e-01,  7.07084551e-01,  0.00000000e+00,  2.78483843e-03,
        2.79763248e-03,  2.76351501e-03,  1.29120121e-03, -4.26468366e-06,
        2.76607382e-03,  2.78547813e-03,  2.65554744e-03,  4.67739498e-07,
        2.85520408e-03,  2.71575219e-03])}
{'img': array([[[ 0.00000000e+00,  3.71197282e-01,  2.31227476e-01, ...,
          8.14146043e-01,  7.83072428e-01,  7.99096081e-01],
        [-3.71197282e-01,  0.00000000e+00, -1.46430526e-01, ...,
          9.71518058e-01,  9.57983974e-01,  9.65168927e-01],
        [-2.31227476e-01,  1.46430526e-01,  0.00000000e+00, ...,
          9.26347036e-01,  9.05658366e-01,  9.16455079e-01],
        ...,
        [-8.14146043e-01, -9.71518058e-01, -9.26347036e-01, ...,
          0.00000000e+00,  5.16433117e-02,  2.54640618e-02],
        [-7.83072428e-01, -9.57983974e-01, -9.05658366e-01, ...,
         -5.16433117e-02,  0.00000000e+00, -2.61964833e-02],
        [-7.99096081e-01, -9.65168927e-01, -9.16455079e-01, ...,
         -2.54640618e-02,  2.61964833e-02,  0.00000000e+00]],

       [[ 0.00000000e+00, -2.44371963e-01, -5.95755913e-01, ...,
         -6.86252637e-01, -6.97743617e-01, -8.71846749e-01],
        [ 2.44371963e-01,  0.00000000e+00, -3.81422387e-01, ...,
         -4.87699345e-01, -5.01533862e-01, -7.25725523e-01],
        [ 5.95755913e-01,  3.81422387e-01,  0.00000000e+00, ...,
         -1.17843507e-01, -1.33635330e-01, -4.08448670e-01],
        ...,
        [ 6.86252637e-01,  4.87699345e-01,  1.17843507e-01, ...,
          0.00000000e+00, -1.59176637e-02, -2.98037324e-01],
        [ 6.97743617e-01,  5.01533862e-01,  1.33635330e-01, ...,
          1.59176637e-02,  0.00000000e+00, -2.82805291e-01],
        [ 8.71846749e-01,  7.25725523e-01,  4.08448670e-01, ...,
          2.98037324e-01,  2.82805291e-01,  0.00000000e+00]],

       [[ 0.00000000e+00,  3.07213060e-01,  4.70207056e-01, ...,
          6.18432847e-01,  6.22797065e-01,  6.22797065e-01],
        [-3.07213060e-01,  0.00000000e+00,  1.76335430e-01, ...,
          8.29945494e-01,  8.33037477e-01,  8.33037477e-01],
        [-4.70207056e-01, -1.76335430e-01,  0.00000000e+00, ...,
          9.15308109e-01,  9.17535573e-01,  9.17535573e-01],
        ...,
        [-6.18432847e-01, -8.29945494e-01, -9.15308109e-01, ...,
          0.00000000e+00, -5.56577738e-03, -5.56577738e-03],
        [-6.22797065e-01, -8.33037477e-01, -9.17535573e-01, ...,
          5.56577738e-03,  0.00000000e+00,  0.00000000e+00],
        [-6.22797065e-01, -8.33037477e-01, -9.17535573e-01, ...,
          5.56577738e-03,  0.00000000e+00,  0.00000000e+00]],

       ...,

       [[ 0.00000000e+00,  5.17246244e-02, -3.85328696e-02, ...,
         -8.83951753e-01, -4.62271181e-01, -6.41287518e-01],
        [-5.17246244e-02,  0.00000000e+00, -9.01674991e-02, ...,
         -9.06953786e-01, -5.07518599e-01, -6.80117420e-01],
        [ 3.85328696e-02,  9.01674991e-02,  0.00000000e+00, ...,
         -8.65278145e-01, -4.27759284e-01, -6.11244958e-01],
        ...,
        [ 8.83951753e-01,  9.06953786e-01,  8.65278145e-01, ...,
          0.00000000e+00,  5.67686257e-01,  3.78404762e-01],
        [ 4.62271181e-01,  5.07518599e-01,  4.27759284e-01, ...,
         -5.67686257e-01,  0.00000000e+00, -2.13953412e-01],
        [ 6.41287518e-01,  6.80117420e-01,  6.11244958e-01, ...,
         -3.78404762e-01,  2.13953412e-01,  0.00000000e+00]],

       [[ 0.00000000e+00,  4.53714591e-01,  5.74291303e-01, ...,
          4.45788881e-01,  4.46614577e-01,  4.79493914e-01],
        [-4.53714591e-01,  0.00000000e+00,  1.40344087e-01, ...,
          8.03400679e-01,  8.03949709e-01,  8.25454652e-01],
        [-5.74291303e-01, -1.40344087e-01,  0.00000000e+00, ...,
          8.79015567e-01,  8.79455099e-01,  8.96504763e-01],
        ...,
        [-4.45788881e-01, -8.03400679e-01, -8.79015567e-01, ...,
          0.00000000e+00, -9.22634743e-04, -3.80133910e-02],
        [-4.46614577e-01, -8.03949709e-01, -8.79455099e-01, ...,
          9.22634743e-04,  0.00000000e+00, -3.70914070e-02],
        [-4.79493914e-01, -8.25454652e-01, -8.96504763e-01, ...,
          3.80133910e-02,  3.70914070e-02,  0.00000000e+00]],

       [[ 0.00000000e+00,  1.30824201e-01,  2.76063156e-01, ...,
          3.25843937e-01,  2.68905990e-01,  0.00000000e+00],
        [-1.30824201e-01,  0.00000000e+00,  1.47950246e-01, ...,
          4.46727782e-01,  3.92600378e-01,  1.30824201e-01],
        [-2.76063156e-01, -1.47950246e-01,  0.00000000e+00, ...,
          5.74178092e-01,  5.24350932e-01,  2.76063156e-01],
        ...,
        [-3.25843937e-01, -4.46727782e-01, -5.74178092e-01, ...,
          0.00000000e+00,  5.96118794e-02,  3.25843937e-01],
        [-2.68905990e-01, -3.92600378e-01, -5.24350932e-01, ...,
         -5.96118794e-02,  0.00000000e+00,  2.68905990e-01],
        [-0.00000000e+00, -1.30824201e-01, -2.76063156e-01, ...,
         -3.25843937e-01, -2.68905990e-01,  0.00000000e+00]]]), 'num': array([7.07084186e-01, 7.07084186e-01, 0.00000000e+00, 2.81042508e-03,
       2.81042508e-03, 2.76351359e-03, 1.50867371e-03, 2.55880888e-05,
       2.78057231e-03, 2.79080755e-03, 2.66300926e-03, 4.48152967e-07,
       2.85029336e-03, 2.73132174e-03])}
{'img': array([[[ 0.        , -0.14643053,  0.03159239, ...,  0.95798397,
          0.96516893,  0.90617115],
        [ 0.14643053,  0.        ,  0.17760928, ...,  0.90565837,
          0.91645508,  0.83447639],
        [-0.03159239, -0.17760928,  0.        , ...,  0.96656717,
          0.97295259,  0.9190796 ],
        ...,
        [-0.95798397, -0.90565837, -0.96656717, ...,  0.        ,
         -0.02619648,  0.14523253],
        [-0.96516893, -0.91645508, -0.97295259, ...,  0.02619648,
          0.        ,  0.17110142],
        [-0.90617115, -0.83447639, -0.9190796 , ..., -0.14523253,
         -0.17110142,  0.        ]],

       [[ 0.        , -0.38142239, -0.19670795, ..., -0.50153386,
         -0.72572552, -0.53531785],
        [ 0.38142239,  0.        ,  0.1921332 , ..., -0.13363533,
         -0.40844867, -0.1726796 ],
        [ 0.19670795, -0.1921332 ,  0.        , ..., -0.32155543,
         -0.5762144 , -0.35870937],
        ...,
        [ 0.50153386,  0.13363533,  0.32155543, ...,  0.        ,
         -0.28280529, -0.03950289],
        [ 0.72572552,  0.40844867,  0.5762144 , ...,  0.28280529,
          0.        ,  0.24469427],
        [ 0.53531785,  0.1726796 ,  0.35870937, ...,  0.03950289,
         -0.24469427,  0.        ]],

       [[ 0.        ,  0.36956837,  0.54694561, ...,  0.62951152,
          0.62951152,  0.54694561],
        [-0.36956837,  0.        ,  0.19883293, ...,  0.87209569,
          0.87209569,  0.81761467],
        [-0.54694561, -0.19883293,  0.        , ...,  0.95197889,
          0.95197889,  0.91577088],
        ...,
        [-0.62951152, -0.87209569, -0.95197889, ...,  0.        ,
          0.        ,  0.10203509],
        [-0.62951152, -0.87209569, -0.95197889, ...,  0.        ,
          0.        ,  0.10203509],
        [-0.54694561, -0.81761467, -0.91577088, ..., -0.10203509,
         -0.10203509,  0.        ]],

       ...,

       [[ 0.        , -0.0901675 , -0.05323766, ..., -0.5075186 ,
         -0.68011742, -0.75360465],
        [ 0.0901675 ,  0.        ,  0.03701883, ..., -0.42775928,
         -0.61124496, -0.69126532],
        [ 0.05323766, -0.03701883,  0.        , ..., -0.46092714,
         -0.64012423, -0.71754135],
        ...,
        [ 0.5075186 ,  0.42775928,  0.46092714, ...,  0.        ,
         -0.21395341, -0.31573036],
        [ 0.68011742,  0.61124496,  0.64012423, ...,  0.21395341,
          0.        , -0.1054098 ],
        [ 0.75360465,  0.69126532,  0.71754135, ...,  0.31573036,
          0.1054098 ,  0.        ]],

       [[ 0.        ,  0.38400465,  0.54910732, ...,  0.45855315,
          0.49217407,  0.52557664],
        [-0.38400465,  0.        ,  0.1860753 , ...,  0.76464867,
          0.78871448,  0.81197181],
        [-0.54910732, -0.1860753 ,  0.        , ...,  0.87121019,
          0.88933156,  0.90640264],
        ...,
        [-0.45855315, -0.76464867, -0.87121019, ...,  0.        ,
         -0.0382098 , -0.07695023],
        [-0.49217407, -0.78871448, -0.88933156, ...,  0.0382098 ,
          0.        , -0.03879753],
        [-0.52557664, -0.81197181, -0.90640264, ...,  0.07695023,
          0.03879753,  0.        ]],

       [[ 0.        ,  0.24197877,  0.30986659, ...,  0.39377611,
          0.29540055,  0.        ],
        [-0.24197877,  0.        ,  0.07058925, ...,  0.60450212,
          0.51780181,  0.24197877],
        [-0.30986659, -0.07058925,  0.        , ...,  0.65922582,
          0.57689928,  0.30986659],
        ...,
        [-0.39377611, -0.60450212, -0.65922582, ...,  0.        ,
          0.10466919,  0.39377611],
        [-0.29540055, -0.51780181, -0.57689928, ..., -0.10466919,
          0.        ,  0.29540055],
        [-0.        , -0.24197877, -0.30986659, ..., -0.39377611,
         -0.29540055,  0.        ]]]), 'num': array([ 7.07084464e-01,  7.07084464e-01,  0.00000000e+00,  2.75924999e-03,
        2.78910277e-03,  2.75924999e-03,  1.37559913e-03, -5.11761976e-05,
        2.78483809e-03,  2.78888954e-03,  2.66905194e-03,  3.77729078e-07,
        2.84982976e-03,  2.72794932e-03])}
{'img': array([[[ 0.        ,  0.17760928,  0.14643053, ...,  0.91645508,
          0.83447639,  0.96440413],
        [-0.17760928,  0.        , -0.03159239, ...,  0.97295259,
          0.9190796 ,  0.99603686],
        [-0.14643053,  0.03159239,  0.        , ...,  0.96516893,
          0.90617115,  0.9927298 ],
        ...,
        [-0.91645508, -0.97295259, -0.96516893, ...,  0.        ,
          0.17110142, -0.14355362],
        [-0.83447639, -0.9190796 , -0.90617115, ..., -0.17110142,
          0.        , -0.31076595],
        [-0.96440413, -0.99603686, -0.9927298 , ...,  0.14355362,
          0.31076595,  0.        ]],

       [[ 0.        ,  0.1921332 ,  0.09718313, ..., -0.40844867,
         -0.1726796 , -0.30320362],
        [-0.1921332 ,  0.        , -0.09585125, ..., -0.5762144 ,
         -0.35870937, -0.48064328],
        [-0.09718313,  0.09585125,  0.        , ..., -0.49522223,
         -0.26758547, -0.39437672],
        ...,
        [ 0.40844867,  0.5762144 ,  0.49522223, ...,  0.        ,
          0.24469427,  0.11246268],
        [ 0.1726796 ,  0.35870937,  0.26758547, ..., -0.24469427,
          0.        , -0.13409807],
        [ 0.30320362,  0.48064328,  0.39437672, ..., -0.11246268,
          0.13409807,  0.        ]],

       [[ 0.        ,  0.42628873,  0.5093652 , ...,  0.63948047,
          0.5559845 ,  0.52752214],
        [-0.42628873,  0.        ,  0.09392226, ...,  0.90619972,
          0.85726449,  0.83933962],
        [-0.5093652 , -0.09392226,  0.        , ...,  0.94190892,
          0.90183333,  0.88668618],
        ...,
        [-0.63948047, -0.90619972, -0.94190892, ...,  0.        ,
          0.10408651,  0.13770217],
        [-0.5559845 , -0.85726449, -0.90183333, ..., -0.10408651,
          0.        ,  0.03385925],
        [-0.52752214, -0.83933962, -0.88668618, ..., -0.13770217,
         -0.03385925,  0.        ]],

       ...,

       [[ 0.        ,  0.03701883,  0.03701883, ..., -0.61124496,
         -0.69126532, -0.93179108],
        [-0.03701883,  0.        ,  0.        , ..., -0.64012423,
         -0.71754135, -0.94459005],
        [-0.03701883,  0.        ,  0.        , ..., -0.64012423,
         -0.71754135, -0.94459005],
        ...,
        [ 0.61124496,  0.64012423,  0.64012423, ...,  0.        ,
         -0.1054098 , -0.51557923],
        [ 0.69126532,  0.71754135,  0.71754135, ...,  0.1054098 ,
          0.        , -0.42238734],
        [ 0.93179108,  0.94459005,  0.94459005, ...,  0.51557923,
          0.42238734,  0.        ]],

       [[ 0.        ,  0.4169497 ,  0.55368011, ...,  0.50119481,
          0.53508752,  0.53814471],
        [-0.4169497 ,  0.        ,  0.15604992, ...,  0.81635174,
          0.83859457,  0.84056272],
        [-0.55368011, -0.15604992,  0.        , ...,  0.89647817,
          0.91333023,  0.91479959],
        ...,
        [-0.50119481, -0.81635174, -0.89647817, ...,  0.        ,
         -0.03962199, -0.04324189],
        [-0.53508752, -0.83859457, -0.91333023, ...,  0.03962199,
          0.        , -0.003623  ],
        [-0.53814471, -0.84056272, -0.91479959, ...,  0.04324189,
          0.003623  ,  0.        ]],

       [[ 0.        ,  0.19798845,  0.2883936 , ...,  0.2975688 ,
          0.        ,  0.13975787],
        [-0.19798845,  0.        ,  0.09310836, ...,  0.48069788,
          0.19798845,  0.3330366 ],
        [-0.2883936 , -0.09310836,  0.        , ...,  0.56025516,
          0.2883936 ,  0.41938305],
        ...,
        [-0.2975688 , -0.48069788, -0.56025516, ...,  0.        ,
          0.2975688 ,  0.16122148],
        [-0.        , -0.19798845, -0.2883936 , ..., -0.2975688 ,
          0.        , -0.13975787],
        [-0.13975787, -0.3330366 , -0.41938305, ..., -0.16122148,
          0.13975787,  0.        ]]]), 'num': array([ 7.07084304e-01,  7.07084304e-01,  0.00000000e+00,  2.72939659e-03,
        2.76777873e-03,  2.72939659e-03,  1.69970614e-03, -2.98527752e-05,
        2.77460222e-03,  2.78462422e-03,  2.67487974e-03,  3.36685435e-07,
        2.84955252e-03,  2.71969593e-03])}
{'img': array([[[ 0.        , -0.03159239, -0.09991772, ...,  0.9190796 ,
          0.99603686,  0.99820406],
        [ 0.03159239,  0.        , -0.06843355, ...,  0.90617115,
          0.9927298 ,  0.99959834],
        [ 0.09991772,  0.06843355,  0.        , ...,  0.87510548,
          0.98216557,  0.99919436],
        ...,
        [-0.9190796 , -0.90617115, -0.87510548, ...,  0.        ,
         -0.31076595, -0.44842208],
        [-0.99603686, -0.9927298 , -0.98216557, ...,  0.31076595,
          0.        , -0.1484497 ],
        [-0.99820406, -0.99959834, -0.99919436, ...,  0.44842208,
          0.1484497 ,  0.        ]],

       [[ 0.        , -0.09585125,  0.47610704, ..., -0.35870937,
         -0.48064328, -0.21239028],
        [ 0.09585125,  0.        ,  0.55820526, ..., -0.26758547,
         -0.39437672, -0.11774798],
        [-0.47610704, -0.55820526,  0.        , ..., -0.75986625,
         -0.84017759, -0.65201794],
        ...,
        [ 0.35870937,  0.26758547,  0.75986625, ...,  0.        ,
         -0.13409807,  0.15226982],
        [ 0.48064328,  0.39437672,  0.84017759, ...,  0.13409807,
          0.        ,  0.28342888],
        [ 0.21239028,  0.11774798,  0.65201794, ..., -0.15226982,
         -0.28342888,  0.        ]],

       [[ 0.        ,  0.30057803,  0.36594663, ...,  0.56842363,
          0.53947151,  0.60561069],
        [-0.30057803,  0.        ,  0.06929555, ...,  0.78943452,
          0.76761271,  0.81679387],
        [-0.36594663, -0.06929555,  0.        , ...,  0.83007288,
          0.81017999,  0.8548091 ],
        ...,
        [-0.56842363, -0.78943452, -0.83007288, ...,  0.        ,
          0.03477224, -0.04592833],
        [-0.53947151, -0.76761271, -0.81017999, ..., -0.03477224,
          0.        , -0.0806361 ],
        [-0.60561069, -0.81679387, -0.8548091 , ...,  0.04592833,
          0.0806361 ,  0.        ]],

       ...,

       [[ 0.        ,  0.        ,  0.09045149, ..., -0.71754135,
         -0.94459005, -0.99849201],
        [ 0.        ,  0.        ,  0.09045149, ..., -0.71754135,
         -0.94459005, -0.99849201],
        [-0.09045149, -0.09045149,  0.        , ..., -0.77760095,
         -0.97040897, -0.98943351],
        ...,
        [ 0.71754135,  0.71754135,  0.77760095, ...,  0.        ,
         -0.42238734, -0.73485665],
        [ 0.94459005,  0.94459005,  0.97040897, ...,  0.42238734,
          0.        , -0.37961282],
        [ 0.99849201,  0.99849201,  0.98943351, ...,  0.73485665,
          0.37961282,  0.        ]],

       [[ 0.        ,  0.39153182,  0.51521423, ...,  0.54660243,
          0.54971035,  0.5515482 ],
        [-0.39153182,  0.        ,  0.13851505, ...,  0.83082991,
          0.83289218,  0.83410865],
        [-0.51521423, -0.13851505,  0.        , ...,  0.89990827,
          0.90152249,  0.90247304],
        ...,
        [-0.54660243, -0.83082991, -0.89990827, ...,  0.        ,
         -0.00371593, -0.00591758],
        [-0.54971035, -0.83289218, -0.90152249, ...,  0.00371593,
          0.        , -0.00220168],
        [-0.5515482 , -0.83410865, -0.90247304, ...,  0.00591758,
          0.00220168,  0.        ]],

       [[ 0.        ,  0.21286902,  0.31083731, ...,  0.        ,
          0.14045123,  0.25914551],
        [-0.21286902,  0.        ,  0.10138899, ...,  0.21286902,
          0.34799117,  0.45880314],
        [-0.31083731, -0.10138899,  0.        , ...,  0.31083731,
          0.44124988,  0.54652683],
        ...,
        [-0.        , -0.21286902, -0.31083731, ...,  0.        ,
         -0.14045123, -0.25914551],
        [-0.14045123, -0.34799117, -0.44124988, ...,  0.14045123,
          0.        , -0.12092358],
        [-0.25914551, -0.45880314, -0.54652683, ...,  0.25914551,
          0.12092358,  0.        ]]]), 'num': array([ 7.40068841e-01,  6.72480123e-01,  2.14567360e-07,  2.81619660e-03,
        2.86536829e-03,  2.80725629e-03,  1.69781788e-03, -4.47015333e-05,
        2.88682502e-03,  2.91275191e-03,  2.80874635e-03,  2.17466919e-07,
        2.99353193e-03,  2.83197190e-03])}
{'img': array([[[ 0.        , -0.06843355, -0.53716331, ...,  0.9927298 ,
          0.99959834,  0.97566163],
        [ 0.06843355,  0.        , -0.47818181, ...,  0.98216557,
          0.99919436,  0.98838058],
        [ 0.53716331,  0.47818181,  0.        , ...,  0.77269078,
          0.85836262,  0.94073936],
        ...,
        [-0.9927298 , -0.98216557, -0.77269078, ...,  0.        ,
         -0.1484497 , -0.33512203],
        [-0.99959834, -0.99919436, -0.85836262, ...,  0.1484497 ,
          0.        , -0.19154331],
        [-0.97566163, -0.98838058, -0.94073936, ...,  0.33512203,
          0.19154331,  0.        ]],

       [[ 0.        ,  0.55820526,  0.49192265, ..., -0.39437672,
         -0.11774798, -0.17719558],
        [-0.55820526,  0.        , -0.07784556, ..., -0.84017759,
         -0.65201794, -0.69639171],
        [-0.49192265,  0.07784556,  0.        , ..., -0.79541148,
         -0.59101657, -0.63841167],
        ...,
        [ 0.39437672,  0.84017759,  0.79541148, ...,  0.        ,
          0.28342888,  0.22530229],
        [ 0.11774798,  0.65201794,  0.59101657, ..., -0.28342888,
          0.        , -0.06007823],
        [ 0.17719558,  0.69639171,  0.63841167, ..., -0.22530229,
          0.06007823,  0.        ]],

       [[ 0.        ,  0.11268851, -0.15294118, ...,  0.66575171,
          0.72429074,  0.81439424],
        [-0.11268851,  0.        , -0.26332976, ...,  0.74559627,
          0.7973754 ,  0.87460134],
        [ 0.15294118,  0.26332976,  0.        , ...,  0.54379871,
          0.61031754,  0.71605953],
        ...,
        [-0.66575171, -0.74559627, -0.54379871, ...,  0.        ,
         -0.08141418, -0.22133557],
        [-0.72429074, -0.7973754 , -0.61031754, ...,  0.08141418,
          0.        , -0.14120589],
        [-0.81439424, -0.87460134, -0.71605953, ...,  0.22133557,
          0.14120589,  0.        ]],

       ...,

       [[ 0.        ,  0.07635668, -0.1212986 , ..., -0.79496276,
         -0.88994837, -0.83264553],
        [-0.07635668,  0.        , -0.19673734, ..., -0.83896433,
         -0.92217355, -0.78792786],
        [ 0.1212986 ,  0.19673734,  0.        , ..., -0.71550601,
         -0.82805745, -0.89367325],
        ...,
        [ 0.79496276,  0.83896433,  0.71550601, ...,  0.        ,
         -0.17734277, -0.94538666],
        [ 0.88994837,  0.92217355,  0.82805745, ...,  0.17734277,
          0.        , -0.87259641],
        [ 0.83264553,  0.78792786,  0.89367325, ...,  0.94538666,
          0.87259641,  0.        ]],

       [[ 0.        ,  0.35655797,  0.44527816, ...,  0.55997451,
          0.56183823,  0.5163462 ],
        [-0.35655797,  0.        ,  0.09675219, ...,  0.81858096,
          0.81987196,  0.78775751],
        [-0.44527816, -0.09675219,  0.        , ...,  0.87031419,
          0.8714207 ,  0.84365969],
        ...,
        [-0.55997451, -0.81858096, -0.87031419, ...,  0.        ,
         -0.0022512 ,  0.05175304],
        [-0.56183823, -0.81987196, -0.8714207 , ...,  0.0022512 ,
          0.        ,  0.05400109],
        [-0.5163462 , -0.78775751, -0.84365969, ..., -0.05175304,
         -0.05400109,  0.        ]],

       [[ 0.        ,  0.23049366,  0.33028747, ...,  0.1412589 ,
          0.260617  ,  0.40963707],
        [-0.23049366,  0.        ,  0.10383564, ...,  0.36563777,
          0.4761279 ,  0.60887463],
        [-0.33028747, -0.10383564,  0.        , ...,  0.46030707,
          0.56486476,  0.68795267],
        ...,
        [-0.1412589 , -0.36563777, -0.46030707, ...,  0.        ,
         -0.1216264 , -0.27666629],
        [-0.260617  , -0.4761279 , -0.56486476, ...,  0.1216264 ,
          0.        , -0.15773346],
        [-0.40963707, -0.60887463, -0.68795267, ...,  0.27666629,
          0.15773346,  0.        ]]]), 'num': array([7.29157959e-01, 6.84297953e-01, 1.40847742e-07, 2.80375036e-03,
       2.81695484e-03, 2.78174290e-03, 1.04597935e-03, 3.08104435e-05,
       2.82839872e-03, 2.86713185e-03, 2.77110596e-03, 2.78575439e-07,
       2.94907056e-03, 2.78519314e-03])}
{'img': array([[[ 0.        , -0.47818181,  0.18612433, ...,  0.99919436,
          0.98838058,  0.99980776],
        [ 0.47818181,  0.        ,  0.63329188, ...,  0.85836262,
          0.94073936,  0.88746788],
        [-0.18612433, -0.63329188,  0.        , ...,  0.9892043 ,
          0.94281901,  0.97868792],
        ...,
        [-0.99919436, -0.85836262, -0.9892043 , ...,  0.        ,
         -0.19154331, -0.0597164 ],
        [-0.98838058, -0.94073936, -0.94281901, ...,  0.19154331,
          0.        ,  0.13259077],
        [-0.99980776, -0.88746788, -0.97868792, ...,  0.0597164 ,
         -0.13259077,  0.        ]],

       [[ 0.        , -0.07404532, -0.42503329, ..., -0.60759297,
         -0.64727968, -0.99385748],
        [ 0.07404532,  0.        , -0.35684236, ..., -0.54711467,
         -0.58906158, -0.98293481],
        [ 0.42503329,  0.35684236,  0.        , ..., -0.21239753,
         -0.26192041, -0.85258025],
        ...,
        [ 0.60759297,  0.54711467,  0.21239753, ...,  0.        ,
         -0.05096163, -0.72212905],
        [ 0.64727968,  0.58906158,  0.26192041, ...,  0.05096163,
          0.        , -0.68593759],
        [ 0.99385748,  0.98293481,  0.85258025, ...,  0.72212905,
          0.68593759,  0.        ]],

       [[ 0.        , -0.26332976, -0.0153223 , ...,  0.7973754 ,
          0.87460134,  0.91230553],
        [ 0.26332976,  0.        ,  0.24851733, ...,  0.61031754,
          0.71605953,  0.77227028],
        [ 0.0153223 , -0.24851733,  0.        , ...,  0.78803503,
          0.86706976,  0.90592379],
        ...,
        [-0.7973754 , -0.61031754, -0.78803503, ...,  0.        ,
         -0.14120589, -0.22402806],
        [-0.87460134, -0.71605953, -0.86706976, ...,  0.14120589,
          0.        , -0.08416653],
        [-0.91230553, -0.77227028, -0.90592379, ...,  0.22402806,
          0.08416653,  0.        ]],

       ...,

       [[ 0.        , -0.19673734,  0.21994391, ..., -0.92217355,
         -0.78792786, -0.9984789 ],
        [ 0.19673734,  0.        ,  0.40756512, ..., -0.82805745,
         -0.89367325, -0.96811769],
        [-0.21994391, -0.40756512,  0.        , ..., -0.98466095,
         -0.63319917, -0.98615532],
        ...,
        [ 0.92217355,  0.82805745,  0.98466095, ...,  0.        ,
         -0.87259641, -0.33534375],
        [ 0.78792786,  0.89367325,  0.63319917, ...,  0.87259641,
          0.        ,  0.65827351],
        [ 0.9984789 ,  0.96811769,  0.98615532, ...,  0.33534375,
         -0.65827351,  0.        ]],

       [[ 0.        ,  0.28069193,  0.46788523, ...,  0.57038574,
          0.52435506,  0.51290056],
        [-0.28069193,  0.        ,  0.20100276, ...,  0.77800892,
          0.74228399,  0.73324032],
        [-0.46788523, -0.20100276,  0.        , ...,  0.88841092,
          0.8618235 ,  0.85495114],
        ...,
        [-0.57038574, -0.77800892, -0.88841092, ...,  0.        ,
          0.05499013,  0.06836181],
        [-0.52435506, -0.74228399, -0.8618235 , ..., -0.05499013,
          0.        ,  0.01339689],
