state_0,state_1,state_2,state_3,state_4,state_5,state_6,state_7,state_8,state_9,state_10,state_11,state_12,state_13,state_14,state_15,state_16,state_17,state_18,state_19,state_20,state_21,state_22,state_23,state_24,state_25,state_26,state_27,state_28,state_29,state_30,state_31,state_32,state_33,state_34,state_35,state_36,state_37,state_38,state_39,state_40,state_41,state_42,state_43,state_44,state_45,state_46,state_47,state_48,state_49,state_50,state_51,state_52,state_53,state_54,state_55,state_56,state_57,state_58,state_59,state_60,state_61,state_62,state_63,state_64,state_65,state_66,state_67,state_68,state_69,state_70,state_71,state_72,state_73,state_74,state_75,state_76,state_77,state_78,state_79,state_80,state_81,state_82,state_83,state_84,state_85,state_86,state_87,state_88,state_89,state_90,state_91,state_92,state_93,state_94,state_95,state_96,state_97,state_98,state_99,state_100,state_101,state_102,state_103,state_104,state_105,state_106,state_107,state_108,state_109,state_110,state_111,state_112,state_113,state_114,state_115,state_116,state_117,state_118,state_119,state_120,state_121,state_122,state_123,state_124,state_125,state_126,state_127,state_128,state_129,state_130,state_131,state_132,state_133,state_134,state_135,state_136,state_137,state_138,state_139,state_140,state_141,state_142,state_143,state_144,state_145,state_146,state_147,state_148,state_149,state_150,state_151,state_152,state_153,state_154,state_155,state_156,state_157,state_158,state_159,state_160,state_161,state_162,state_163,state_164,state_165,state_166,state_167,state_168,state_169,state_170,state_171,state_172,state_173,state_174,state_175,state_176,state_177,state_178,state_179,state_180,state_181,state_182,state_183,state_184,state_185,state_186,state_187,state_188,state_189,state_190,state_191,state_192,state_193,state_194,state_195,state_196,state_197,state_198,state_199,state_200,state_201,state_202,state_203,state_204,state_205,state_206,state_207,state_208,state_209,state_210,state_211,state_212,state_213,state_214,state_215,state_216,state_217,state_218,state_219,state_220,state_221,state_222,state_223,state_224,state_225,state_226,state_227,state_228,state_229,state_230,state_231,state_232,state_233,state_234,state_235,state_236,state_237,state_238,state_239,state_240,state_241,state_242,state_243,state_244,state_245,state_246,state_247,state_248,state_249,state_250,state_251,state_252,state_253,state_254,state_255,state_256,state_257,state_258,state_259,state_260,state_261,state_262,state_263,state_264,state_265,state_266,state_267,state_268,state_269,state_270,state_271,state_272,state_273,state_274,state_275,state_276,state_277,state_278,state_279,state_280,state_281,state_282,state_283,state_284,state_285,state_286,state_287
{'img': array([[[ 0.        ,  0.09950341,  0.14054394, ...,  0.95988411,
          0.98345705,  0.98770527],
        [-0.09950341,  0.        ,  0.04133067, ...,  0.98302088,
          0.99660057,  0.99835863],
        [-0.14054394, -0.04133067,  0.        , ...,  0.98976483,
          0.99915403,  0.99987263],
        ...,
        [-0.95988411, -0.98302088, -0.98976483, ...,  0.        ,
         -0.10188364, -0.12689329],
        [-0.98345705, -0.99660057, -0.99915403, ...,  0.10188364,
          0.        , -0.02517293],
        [-0.98770527, -0.99835863, -0.99987263, ...,  0.12689329,
          0.02517293,  0.        ]],

       [[ 0.        , -0.04164608, -0.17503872, ...,  0.0829769 ,
          0.09078585,  0.07703623],
        [ 0.04164608,  0.        , -0.13388374, ...,  0.12440737,
          0.13218118,  0.11849172],
        [ 0.17503872,  0.13388374,  0.        , ...,  0.25613096,
          0.26370015,  0.25036547],
        ...,
        [-0.0829769 , -0.12440737, -0.25613096, ...,  0.        ,
          0.00783853, -0.00595974],
        [-0.09078585, -0.13218118, -0.26370015, ..., -0.00783853,
          0.        , -0.01379796],
        [-0.07703623, -0.11849172, -0.25036547, ...,  0.00595974,
          0.01379796,  0.        ]],

       [[ 0.        , -0.13507754, -0.13507754, ...,  0.98034564,
          0.98241154,  0.99165206],
        [ 0.13507754,  0.        ,  0.        , ...,  0.94471166,
          0.94818494,  0.96514634],
        [ 0.13507754,  0.        ,  0.        , ...,  0.94471166,
          0.94818494,  0.96514634],
        ...,
        [-0.98034564, -0.94471166, -0.94471166, ...,  0.        ,
         -0.01075918, -0.06923241],
        [-0.98241154, -0.94818494, -0.94818494, ...,  0.01075918,
          0.        , -0.05849504],
        [-0.99165206, -0.96514634, -0.96514634, ...,  0.06923241,
          0.05849504,  0.        ]],

       ...,

       [[ 0.        ,  0.03726775,  0.69567664, ...,  0.17899787,
         -0.19188634, -0.19188634],
        [-0.03726775,  0.        ,  0.66842189, ...,  0.14220767,
         -0.22832825, -0.22832825],
        [-0.69567664, -0.66842189,  0.        , ..., -0.55585706,
         -0.82059152, -0.82059152],
        ...,
        [-0.17899787, -0.14220767,  0.55585706, ...,  0.        ,
         -0.36445886, -0.36445886],
        [ 0.19188634,  0.22832825,  0.82059152, ...,  0.36445886,
          0.        ,  0.        ],
        [ 0.19188634,  0.22832825,  0.82059152, ...,  0.36445886,
          0.        ,  0.        ]],

       [[ 0.        , -0.16978761, -0.24733876, ...,  0.99986303,
          0.99672721,  0.99304872],
        [ 0.16978761,  0.        , -0.07923542, ...,  0.98815579,
          0.99598078,  0.99861501],
        [ 0.24733876,  0.07923542,  0.        , ...,  0.97288997,
          0.98575246,  0.99130654],
        ...,
        [-0.99986303, -0.98815579, -0.97288997, ...,  0.        ,
         -0.06433092, -0.10125233],
        [-0.99672721, -0.99598078, -0.98575246, ...,  0.06433092,
          0.        , -0.03704229],
        [-0.99304872, -0.99861501, -0.99130654, ...,  0.10125233,
          0.03704229,  0.        ]],

       [[ 0.        ,  0.22113235,  0.25509025, ...,  0.48870403,
          0.53482885,  0.62776816],
        [-0.22113235,  0.        ,  0.03495851, ...,  0.66953242,
          0.70843661,  0.78435652],
        [-0.25509025, -0.03495851,  0.        , ...,  0.69508975,
          0.73267641,  0.80556221],
        ...,
        [-0.48870403, -0.66953242, -0.69508975, ...,  0.        ,
         -0.05367569, -0.16728871],
        [-0.53482885, -0.70843661, -0.73267641, ...,  0.05367569,
          0.        , -0.11412827],
        [-0.62776816, -0.78435652, -0.80556221, ...,  0.16728871,
          0.11412827,  0.        ]]]), 'num': array([8.59506957e-01, 5.11026516e-01, 3.07031226e-05, 1.89700839e-04,
       1.94714958e-04, 1.88029466e-04, 9.96989055e-03, 1.67137303e-06,
       1.90202251e-04, 1.93795703e-04, 1.80903846e-04, 6.58419679e-07,
       2.11308470e-04, 1.76282935e-04])}
{'img': array([[[ 0.00000000e+00,  9.96267880e-02,  4.82997210e-01, ...,
          9.83830060e-01,  9.88035151e-01,  9.78975035e-01],
        [-9.96267880e-02,  0.00000000e+00,  3.93358842e-01, ...,
          9.96778986e-01,  9.98484879e-01,  9.94426394e-01],
        [-4.82997210e-01, -3.93358842e-01,  0.00000000e+00, ...,
          9.47970100e-01,  9.39637314e-01,  9.55733790e-01],
        ...,
        [-9.83830060e-01, -9.96778986e-01, -9.47970100e-01, ...,
          0.00000000e+00, -2.52265353e-02,  2.53429412e-02],
        [-9.88035151e-01, -9.98484879e-01, -9.39637314e-01, ...,
          2.52265353e-02,  0.00000000e+00,  5.05533090e-02],
        [-9.78975035e-01, -9.94426394e-01, -9.55733790e-01, ...,
         -2.53429412e-02, -5.05533090e-02,  0.00000000e+00]],

       [[ 0.00000000e+00, -1.33883740e-01,  2.13590339e-01, ...,
          1.32181185e-01,  1.18491716e-01,  2.14321650e-01],
        [ 1.33883740e-01,  0.00000000e+00,  3.42461542e-01, ...,
          2.63700151e-01,  2.50365475e-01,  3.43164825e-01],
        [-2.13590339e-01, -3.42461542e-01,  0.00000000e+00, ...,
         -8.25853244e-02, -9.63282838e-02,  7.48647709e-04],
        ...,
        [-1.32181185e-01, -2.63700151e-01,  8.25853244e-02, ...,
          0.00000000e+00, -1.37979551e-02,  8.33313916e-02],
        [-1.18491716e-01, -2.50365475e-01,  9.63282838e-02, ...,
          1.37979551e-02,  0.00000000e+00,  9.70734230e-02],
        [-2.14321650e-01, -3.43164825e-01, -7.48647709e-04, ...,
         -8.33313916e-02, -9.70734230e-02,  0.00000000e+00]],

       [[ 0.00000000e+00,  0.00000000e+00,  2.00794420e-01, ...,
          9.48184937e-01,  9.65146341e-01,  9.69159107e-01],
        [ 0.00000000e+00,  0.00000000e+00,  2.00794420e-01, ...,
          9.48184937e-01,  9.65146341e-01,  9.69159107e-01],
        [-2.00794420e-01, -2.00794420e-01,  0.00000000e+00, ...,
          9.92669825e-01,  9.98039660e-01,  9.98903575e-01],
        ...,
        [-9.48184937e-01, -9.48184937e-01, -9.92669825e-01, ...,
          0.00000000e+00, -5.84950404e-02, -7.42534487e-02],
        [-9.65146341e-01, -9.65146341e-01, -9.98039660e-01, ...,
          5.84950404e-02,  0.00000000e+00, -1.57927453e-02],
        [-9.69159107e-01, -9.69159107e-01, -9.98903575e-01, ...,
          7.42534487e-02,  1.57927453e-02,  0.00000000e+00]],

       ...,

       [[ 0.00000000e+00,  6.68421892e-01,  8.70867708e-01, ...,
         -2.28328251e-01, -2.28328251e-01,  3.54478911e-02],
        [-6.68421892e-01,  0.00000000e+00,  3.19194980e-01, ...,
         -8.20591520e-01, -8.20591520e-01, -6.41636290e-01],
        [-8.70867708e-01, -3.19194980e-01,  0.00000000e+00, ...,
         -9.60090375e-01, -9.60090375e-01, -8.52897132e-01],
        ...,
        [ 2.28328251e-01,  8.20591520e-01,  9.60090375e-01, ...,
          0.00000000e+00,  0.00000000e+00,  2.62696260e-01],
        [ 2.28328251e-01,  8.20591520e-01,  9.60090375e-01, ...,
          0.00000000e+00,  0.00000000e+00,  2.62696260e-01],
        [-3.54478911e-02,  6.41636290e-01,  8.52897132e-01, ...,
         -2.62696260e-01, -2.62696260e-01,  0.00000000e+00]],

       [[ 0.00000000e+00, -7.92354224e-02, -1.74128560e-01, ...,
          9.95980785e-01,  9.98615015e-01,  9.99808796e-01],
        [ 7.92354224e-02,  0.00000000e+00, -9.55561506e-02, ...,
          9.85752461e-01,  9.91306544e-01,  9.98214723e-01],
        [ 1.74128560e-01,  9.55561506e-02,  0.00000000e+00, ...,
          9.65168913e-01,  9.74197800e-01,  9.87939610e-01],
        ...,
        [-9.95980785e-01, -9.85752461e-01, -9.65168913e-01, ...,
          0.00000000e+00, -3.70422914e-02, -1.09025760e-01],
        [-9.98615015e-01, -9.91306544e-01, -9.74197800e-01, ...,
          3.70422914e-02,  0.00000000e+00, -7.21294556e-02],
        [-9.99808796e-01, -9.98214723e-01, -9.87939610e-01, ...,
          1.09025760e-01,  7.21294556e-02,  0.00000000e+00]],

       [[ 0.00000000e+00,  3.49585053e-02,  1.01015772e-01, ...,
          7.08436611e-01,  7.84356517e-01,  7.35044876e-01],
        [-3.49585053e-02,  0.00000000e+00,  6.61743409e-02, ...,
          7.32676409e-01,  8.05562211e-01,  7.58298102e-01],
        [-1.01015772e-01, -6.61743409e-02,  0.00000000e+00, ...,
          7.76107183e-01,  8.43005518e-01,  7.99775550e-01],
        ...,
        [-7.08436611e-01, -7.32676409e-01, -7.76107183e-01, ...,
          0.00000000e+00, -1.14128268e-01, -3.84427907e-02],
        [-7.84356517e-01, -8.05562211e-01, -8.43005518e-01, ...,
          1.14128268e-01,  0.00000000e+00,  7.58522981e-02],
        [-7.35044876e-01, -7.58298102e-01, -7.99775550e-01, ...,
          3.84427907e-02, -7.58522981e-02,  0.00000000e+00]]]), 'num': array([ 7.07064680e-01,  7.07064680e-01,  0.00000000e+00,  2.31155761e-04,
        2.40569344e-04,  2.28017900e-04,  1.08918084e-02, -6.27572201e-06,
        2.36176338e-04,  2.41406107e-04,  2.27160218e-04,  8.24084708e-07,
        2.63182048e-04,  2.19630165e-04])}
{'img': array([[[ 0.00000000e+00,  4.74418831e-01,  5.18031408e-01, ...,
          9.88362078e-01,  9.79386550e-01,  9.98627798e-01],
        [-4.74418831e-01,  0.00000000e+00,  5.02230128e-02, ...,
          9.42222848e-01,  9.57983485e-01,  9.03936180e-01],
        [-5.18031408e-01, -5.02230128e-02,  0.00000000e+00, ...,
          9.24209747e-01,  9.42369404e-01,  8.81316694e-01],
        ...,
        [-9.88362078e-01, -9.42222848e-01, -9.24209747e-01, ...,
          0.00000000e+00,  5.06602213e-02, -1.00151352e-01],
        [-9.79386550e-01, -9.57983485e-01, -9.42369404e-01, ...,
         -5.06602213e-02,  0.00000000e+00, -1.50428265e-01],
        [-9.98627798e-01, -9.03936180e-01, -8.81316694e-01, ...,
          1.00151352e-01,  1.50428265e-01,  0.00000000e+00]],

       [[ 0.00000000e+00,  3.42461542e-01,  2.42060497e-01, ...,
          2.50365475e-01,  3.43164825e-01,  3.12069354e-01],
        [-3.42461542e-01,  0.00000000e+00, -1.04853587e-01, ...,
         -9.63282838e-02,  7.48647709e-04, -3.21596852e-02],
        [-2.42060497e-01,  1.04853587e-01,  0.00000000e+00, ...,
          8.56868760e-03,  1.05598079e-01,  7.28169408e-02],
        ...,
        [-2.50365475e-01,  9.63282838e-02, -8.56868760e-03, ...,
          0.00000000e+00,  9.70734230e-02,  6.42683271e-02],
        [-3.43164825e-01, -7.48647709e-04, -1.05598079e-01, ...,
         -9.70734230e-02,  0.00000000e+00, -3.29079366e-02],
        [-3.12069354e-01,  3.21596852e-02, -7.28169408e-02, ...,
         -6.42683271e-02,  3.29079366e-02,  0.00000000e+00]],

       [[ 0.00000000e+00,  2.00794420e-01,  3.27040905e-01, ...,
          9.65146341e-01,  9.69159107e-01,  9.79670979e-01],
        [-2.00794420e-01,  0.00000000e+00,  1.30627422e-01, ...,
          9.98039660e-01,  9.98903575e-01,  9.99999982e-01],
        [-3.27040905e-01, -1.30627422e-01,  0.00000000e+00, ...,
          9.97663256e-01,  9.96459827e-01,  9.91407054e-01],
        ...,
        [-9.65146341e-01, -9.98039660e-01, -9.97663256e-01, ...,
          0.00000000e+00, -1.57927453e-02, -6.27714994e-02],
        [-9.69159107e-01, -9.98903575e-01, -9.96459827e-01, ...,
          1.57927453e-02,  0.00000000e+00, -4.70020702e-02],
        [-9.79670979e-01, -9.99999982e-01, -9.91407054e-01, ...,
          6.27714994e-02,  4.70020702e-02,  0.00000000e+00]],

       ...,

       [[ 0.00000000e+00,  3.19194980e-01,  4.45747598e-01, ...,
         -8.20591520e-01, -6.41636290e-01, -6.41636290e-01],
        [-3.19194980e-01,  0.00000000e+00,  1.36699964e-01, ...,
         -9.60090375e-01, -8.52897132e-01, -8.52897132e-01],
        [-4.45747598e-01, -1.36699964e-01,  0.00000000e+00, ...,
         -9.89311131e-01, -9.16258739e-01, -9.16258739e-01],
        ...,
        [ 8.20591520e-01,  9.60090375e-01,  9.89311131e-01, ...,
          0.00000000e+00,  2.62696260e-01,  2.62696260e-01],
        [ 6.41636290e-01,  8.52897132e-01,  9.16258739e-01, ...,
         -2.62696260e-01,  0.00000000e+00,  0.00000000e+00],
        [ 6.41636290e-01,  8.52897132e-01,  9.16258739e-01, ...,
         -2.62696260e-01,  0.00000000e+00,  0.00000000e+00]],

       [[ 0.00000000e+00, -9.55561506e-02, -3.11655038e-01, ...,
          9.91306544e-01,  9.98214723e-01,  9.99506888e-01],
        [ 9.55561506e-02,  0.00000000e+00, -2.19431910e-01, ...,
          9.74197800e-01,  9.87939610e-01,  9.91932689e-01],
        [ 3.11655038e-01,  2.19431910e-01,  0.00000000e+00, ...,
          9.00929587e-01,  9.29884597e-01,  9.39940686e-01],
        ...,
        [-9.91306544e-01, -9.74197800e-01, -9.00929587e-01, ...,
          0.00000000e+00, -7.21294556e-02, -1.00380298e-01],
        [-9.98214723e-01, -9.87939610e-01, -9.29884597e-01, ...,
          7.21294556e-02,  0.00000000e+00, -2.83536951e-02],
        [-9.99506888e-01, -9.91932689e-01, -9.39940686e-01, ...,
          1.00380298e-01,  2.83536951e-02,  0.00000000e+00]],

       [[ 0.00000000e+00,  6.61743409e-02,  1.52136340e-01, ...,
          8.05562211e-01,  7.58298102e-01,  8.41850134e-01],
        [-6.61743409e-02,  0.00000000e+00,  8.63988290e-02, ...,
          8.43005518e-01,  7.99775550e-01,  8.75719906e-01],
        [-1.52136340e-01, -8.63988290e-02,  0.00000000e+00, ...,
          8.86327563e-01,  8.48650037e-01,  9.14160302e-01],
        ...,
        [-8.05562211e-01, -8.43005518e-01, -8.86327563e-01, ...,
          0.00000000e+00,  7.58522981e-02, -6.40345584e-02],
        [-7.58298102e-01, -7.99775550e-01, -8.48650037e-01, ...,
         -7.58522981e-02,  0.00000000e+00, -1.39546704e-01],
        [-8.41850134e-01, -8.75719906e-01, -9.14160302e-01, ...,
          6.40345584e-02,  1.39546704e-01,  0.00000000e+00]]]), 'num': array([ 7.07073377e-01,  7.07073377e-01,  0.00000000e+00,  2.26974738e-04,
        2.33250537e-04,  2.22790872e-04,  9.69753229e-03, -4.18386614e-06,
        2.33459731e-04,  2.39892425e-04,  2.27828944e-04,  9.54215084e-07,
        2.61249361e-04,  2.18535489e-04])}
{'img': array([[[ 0.00000000e+00,  2.28794256e-01,  0.00000000e+00, ...,
          9.88504165e-01,  9.99968338e-01,  9.93474052e-01],
        [-2.28794256e-01,  0.00000000e+00, -2.28794256e-01, ...,
          9.96876131e-01,  9.71623335e-01,  9.41026058e-01],
        [ 0.00000000e+00,  2.28794256e-01,  0.00000000e+00, ...,
          9.88504165e-01,  9.99968338e-01,  9.93474052e-01],
        ...,
        [-9.88504165e-01, -9.96876131e-01, -9.88504165e-01, ...,
          0.00000000e+00, -1.59054928e-01, -2.62954112e-01],
        [-9.99968338e-01, -9.71623335e-01, -9.99968338e-01, ...,
          1.59054928e-01,  0.00000000e+00, -1.06149115e-01],
        [-9.93474052e-01, -9.41026058e-01, -9.93474052e-01, ...,
          2.62954112e-01,  1.06149115e-01,  0.00000000e+00]],

       [[ 0.00000000e+00, -1.50420197e-01, -1.58692202e-01, ...,
          9.27871053e-04, -4.10167487e-02, -7.80009695e-02],
        [ 1.50420197e-01,  0.00000000e+00, -8.37253870e-03, ...,
          1.51337446e-01,  1.09743545e-01,  7.28484223e-02],
        [ 1.58692202e-01,  8.37253870e-03,  0.00000000e+00, ...,
          1.59608246e-01,  1.18061667e-01,  8.11961620e-02],
        ...,
        [-9.27871053e-04, -1.51337446e-01, -1.59608246e-01, ...,
          0.00000000e+00, -4.19438212e-02, -7.89259800e-02],
        [ 4.10167487e-02, -1.09743545e-01, -1.18061667e-01, ...,
          4.19438212e-02,  0.00000000e+00, -3.70435463e-02],
        [ 7.80009695e-02, -7.28484223e-02, -8.11961620e-02, ...,
          7.89259800e-02,  3.70435463e-02,  0.00000000e+00]],

       [[ 0.00000000e+00,  2.62174155e-01,  3.45899401e-01, ...,
          9.71097505e-01,  9.81319167e-01,  9.92091797e-01],
        [-2.62174155e-01,  0.00000000e+00,  8.78094735e-02, ...,
          9.99705621e-01,  9.97432043e-01,  9.90295631e-01],
        [-3.45899401e-01, -8.78094735e-02,  0.00000000e+00, ...,
          9.93713566e-01,  9.87290399e-01,  9.74266920e-01],
        ...,
        [-9.71097505e-01, -9.99705621e-01, -9.93713566e-01, ...,
          0.00000000e+00, -4.73979560e-02, -1.14908849e-01],
        [-9.81319167e-01, -9.97432043e-01, -9.87290399e-01, ...,
          4.73979560e-02,  0.00000000e+00, -6.76957076e-02],
        [-9.92091797e-01, -9.90295631e-01, -9.74266920e-01, ...,
          1.14908849e-01,  6.76957076e-02,  0.00000000e+00]],

       ...,

       [[ 0.00000000e+00,  1.36699964e-01, -1.61771912e-01, ...,
         -8.52897132e-01, -8.52897132e-01, -7.15507695e-01],
        [-1.36699964e-01,  0.00000000e+00, -2.95152654e-01, ...,
         -9.16258739e-01, -9.16258739e-01, -8.04290122e-01],
        [ 1.61771912e-01,  2.95152654e-01,  0.00000000e+00, ...,
         -7.57205204e-01, -7.57205204e-01, -5.93068511e-01],
        ...,
        [ 8.52897132e-01,  9.16258739e-01,  7.57205204e-01, ...,
          0.00000000e+00,  0.00000000e+00,  2.22286533e-01],
        [ 8.52897132e-01,  9.16258739e-01,  7.57205204e-01, ...,
          0.00000000e+00,  0.00000000e+00,  2.22286533e-01],
        [ 7.15507695e-01,  8.04290122e-01,  5.93068511e-01, ...,
         -2.22286533e-01, -2.22286533e-01,  0.00000000e+00]],

       [[ 0.00000000e+00, -2.19431910e-01, -2.75924342e-01, ...,
          9.87939610e-01,  9.91932689e-01,  9.96363796e-01],
        [ 2.19431910e-01,  0.00000000e+00, -5.82860402e-02, ...,
          9.29884597e-01,  9.39940686e-01,  9.53384447e-01],
        [ 2.75924342e-01,  5.82860402e-02,  0.00000000e+00, ...,
          9.06863122e-01,  9.18447485e-01,  9.34175322e-01],
        ...,
        [-9.87939610e-01, -9.29884597e-01, -9.06863122e-01, ...,
          0.00000000e+00, -2.83536951e-02, -7.01033487e-02],
        [-9.91932689e-01, -9.39940686e-01, -9.18447485e-01, ...,
          2.83536951e-02,  0.00000000e+00, -4.17912264e-02],
        [-9.96363796e-01, -9.53384447e-01, -9.34175322e-01, ...,
          7.01033487e-02,  4.17912264e-02,  0.00000000e+00]],

       [[ 0.00000000e+00,  8.63988290e-02,  8.92302735e-02, ...,
          7.99775550e-01,  8.75719906e-01,  9.24290475e-01],
        [-8.63988290e-02,  0.00000000e+00,  2.84242242e-03, ...,
          8.48650037e-01,  9.14160302e-01,  9.53811764e-01],
        [-8.92302735e-02, -2.84242242e-03,  0.00000000e+00, ...,
          8.50150121e-01,  9.15308794e-01,  9.54661789e-01],
        ...,
        [-7.99775550e-01, -8.48650037e-01, -8.50150121e-01, ...,
          0.00000000e+00, -1.39546704e-01, -2.49584602e-01],
        [-8.75719906e-01, -9.14160302e-01, -9.15308794e-01, ...,
          1.39546704e-01,  0.00000000e+00, -1.12012071e-01],
        [-9.24290475e-01, -9.53811764e-01, -9.54661789e-01, ...,
          2.49584602e-01,  1.12012071e-01,  0.00000000e+00]]]), 'num': array([ 7.07093417e-01,  7.07093417e-01,  0.00000000e+00,  2.23843182e-04,
        2.30119159e-04,  2.23843182e-04,  6.11303179e-03, -3.13798854e-06,
        2.30955956e-04,  2.38434829e-04,  2.28365372e-04,  9.06530022e-07,
        2.59978034e-04,  2.16891624e-04])}
{'img': array([[[ 0.        , -0.22879426,  0.32520726, ...,  0.97162334,
          0.94102606,  0.91074833],
        [ 0.22879426,  0.        ,  0.53293871, ...,  0.99996834,
          0.99347405,  0.98107385],
        [-0.32520726, -0.53293871,  0.        , ...,  0.84188616,
          0.77984578,  0.72694438],
        ...,
        [-0.97162334, -0.99996834, -0.84188616, ...,  0.        ,
         -0.10614912, -0.18582087],
        [-0.94102606, -0.99347405, -0.77984578, ...,  0.10614912,
          0.        , -0.08047064],
        [-0.91074833, -0.98107385, -0.72694438, ...,  0.18582087,
          0.08047064,  0.        ]],

       [[ 0.        , -0.00693271,  0.24839284, ...,  0.09897107,
          0.064554  , -0.15692328],
        [ 0.00693271,  0.        ,  0.2551023 , ...,  0.10586736,
          0.07147069, -0.1500727 ],
        [-0.24839284, -0.2551023 ,  0.        , ..., -0.15130405,
         -0.18534391, -0.39732066],
        ...,
        [-0.09897107, -0.10586736,  0.15130405, ...,  0.        ,
         -0.03452758, -0.25389774],
        [-0.064554  , -0.07147069,  0.18534391, ...,  0.03452758,
          0.        , -0.2203502 ],
        [ 0.15692328,  0.1500727 ,  0.39732066, ...,  0.25389774,
          0.2203502 ,  0.        ]],

       [[ 0.        ,  0.23175214,  0.40065186, ...,  0.98402859,
          0.99393738,  0.99888922],
        [-0.23175214,  0.        ,  0.17740572, ...,  0.99849259,
          0.99235791,  0.98261458],
        [-0.40065186, -0.17740572,  0.        , ...,  0.97291711,
          0.95472634,  0.93409152],
        ...,
        [-0.98402859, -0.99849259, -0.97291711, ...,  0.        ,
         -0.06873964, -0.1314449 ],
        [-0.99393738, -0.99235791, -0.95472634, ...,  0.06873964,
          0.        , -0.06299077],
        [-0.99888922, -0.98261458, -0.93409152, ...,  0.1314449 ,
          0.06299077,  0.        ]],

       ...,

       [[ 0.        , -0.29515265,  0.13773407, ..., -0.91625874,
         -0.80429012, -0.8493161 ],
        [ 0.29515265,  0.        ,  0.42393766, ..., -0.7572052 ,
         -0.59306851, -0.65567262],
        [-0.13773407, -0.42393766,  0.        , ..., -0.96270058,
         -0.87847129, -0.91392917],
        ...,
        [ 0.91625874,  0.7572052 ,  0.96270058, ...,  0.        ,
          0.22228653,  0.14345391],
        [ 0.80429012,  0.59306851,  0.87847129, ..., -0.22228653,
          0.        , -0.08012253],
        [ 0.8493161 ,  0.65567262,  0.91392917, ..., -0.14345391,
          0.08012253,  0.        ]],

       [[ 0.        , -0.05828604,  0.20055526, ...,  0.93994069,
          0.95338445,  0.96125092],
        [ 0.05828604,  0.        ,  0.25731611, ...,  0.91844749,
          0.93417532,  0.94354873],
        [-0.20055526, -0.25731611,  0.        , ...,  0.98930043,
          0.99453318,  0.99700866],
        ...,
        [-0.93994069, -0.91844749, -0.98930043, ...,  0.        ,
         -0.04179123, -0.06899322],
        [-0.95338445, -0.93417532, -0.99453318, ...,  0.04179123,
          0.        , -0.02724131],
        [-0.96125092, -0.94354873, -0.99700866, ...,  0.06899322,
          0.02724131,  0.        ]],

       [[ 0.        ,  0.00284242, -0.07087217, ...,  0.9141603 ,
          0.95381176,  0.98568627],
        [-0.00284242,  0.        , -0.07370716, ...,  0.91530879,
          0.95466179,  0.98616149],
        [ 0.07087217,  0.07370716,  0.        , ...,  0.88313332,
          0.93012297,  0.97125933],
        ...,
        [-0.9141603 , -0.91530879, -0.88313332, ...,  0.        ,
         -0.11201207, -0.24543249],
        [-0.95381176, -0.95466179, -0.93012297, ...,  0.11201207,
          0.        , -0.13530191],
        [-0.98568627, -0.98616149, -0.97125933, ...,  0.24543249,
          0.13530191,  0.        ]]]), 'num': array([8.25422567e-01, 5.64473506e-01, 2.39402808e-05, 2.64654219e-04,
       2.65868230e-04, 2.54942138e-04, 6.83164805e-03, 4.85604072e-06,
       2.66353834e-04, 2.74730504e-04, 2.65722548e-04, 1.19410837e-06,
       2.96678250e-04, 2.52782758e-04])}
{'img': array([[[ 0.        ,  0.53293871,  0.1452845 , ...,  0.99347405,
          0.98107385,  0.99616161],
        [-0.53293871,  0.        , -0.40435115, ...,  0.77984578,
          0.72694438,  0.79625617],
        [-0.1452845 ,  0.40435115,  0.        , ...,  0.9663623 ,
          0.94253256,  0.97287504],
        ...,
        [-0.99347405, -0.77984578, -0.9663623 , ...,  0.        ,
         -0.08047064,  0.02665863],
        [-0.98107385, -0.72694438, -0.94253256, ...,  0.08047064,
          0.        ,  0.10701422],
        [-0.99616161, -0.79625617, -0.97287504, ..., -0.02665863,
         -0.10701422,  0.        ]],

       [[ 0.        ,  0.24906777,  0.11781619, ...,  0.0683703 ,
         -0.10465949, -0.15992277],
        [-0.24906777,  0.        , -0.13322978, ..., -0.18226927,
         -0.34906117, -0.40074512],
        [-0.11781619,  0.13322978,  0.        , ..., -0.04964637,
         -0.22109973, -0.27510882],
        ...,
        [-0.0683703 ,  0.18226927,  0.04964637, ...,  0.        ,
         -0.1724094 , -0.2270389 ],
        [ 0.10465949,  0.34906117,  0.22109973, ...,  0.1724094 ,
          0.        , -0.05573203],
        [ 0.15992277,  0.40074512,  0.27510882, ...,  0.2270389 ,
          0.05573203,  0.        ]],

       [[ 0.        ,  0.33371177,  0.40328527, ...,  0.99521939,
          0.99942284,  0.99999493],
        [-0.33371177,  0.        ,  0.07479594, ...,  0.97076041,
          0.95346737,  0.9416076 ],
        [-0.40328527, -0.07479594,  0.        , ...,  0.95008637,
          0.92824588,  0.91378532],
        ...,
        [-0.99521939, -0.97076041, -0.95008637, ...,  0.        ,
         -0.0638003 , -0.10083354],
        [-0.99942284, -0.95346737, -0.92824588, ...,  0.0638003 ,
          0.        , -0.03715298],
        [-0.99999493, -0.9416076 , -0.91378532, ...,  0.10083354,
          0.03715298,  0.        ]],

       ...,

       [[ 0.        ,  0.42393766, -0.26855702, ..., -0.59306851,
         -0.65567262, -0.49007981],
        [-0.42393766,  0.        , -0.65159357, ..., -0.87847129,
         -0.91392917, -0.813398  ],
        [ 0.26855702,  0.65159357,  0.        , ..., -0.3550522 ,
         -0.42881298, -0.23798101],
        ...,
        [ 0.59306851,  0.87847129,  0.3550522 , ...,  0.        ,
         -0.08012253,  0.12237577],
        [ 0.65567262,  0.91392917,  0.42881298, ...,  0.08012253,
          0.        ,  0.20150265],
        [ 0.49007981,  0.813398  ,  0.23798101, ..., -0.12237577,
         -0.20150265,  0.        ]],

       [[ 0.        ,  0.25731611,  0.26467403, ...,  0.93417532,
          0.94354873,  0.96976595],
        [-0.25731611,  0.        ,  0.00762205, ...,  0.99453318,
          0.99700866,  0.99990592],
        [-0.26467403, -0.00762205,  0.        , ...,  0.99530019,
          0.99756881,  0.99977232],
        ...,
        [-0.93417532, -0.99453318, -0.99530019, ...,  0.        ,
         -0.02724131, -0.11805317],
        [-0.94354873, -0.99700866, -0.99756881, ...,  0.02724131,
          0.        , -0.09095854],
        [-0.96976595, -0.99990592, -0.99977232, ...,  0.11805317,
          0.09095854,  0.        ]],

       [[ 0.        , -0.07370716, -0.07632983, ...,  0.95466179,
          0.98616149,  0.97189198],
        [ 0.07370716,  0.        , -0.00263008, ...,  0.93012297,
          0.97125933,  0.95189569],
        [ 0.07632983,  0.00263008,  0.        , ...,  0.92915386,
          0.97062995,  0.95108648],
        ...,
        [-0.95466179, -0.93012297, -0.92915386, ...,  0.        ,
         -0.13530191, -0.06457163],
        [-0.98616149, -0.97125933, -0.97062995, ...,  0.13530191,
          0.        ,  0.07104169],
        [-0.97189198, -0.95189569, -0.95108648, ...,  0.06457163,
         -0.07104169,  0.        ]]]), 'num': array([7.59889802e-01, 6.50033984e-01, 1.00324948e-05, 2.44667746e-04,
       2.45784951e-04, 2.41316134e-04, 4.77712099e-03, 1.11720432e-06,
       2.43327101e-04, 2.51091671e-04, 2.45192833e-04, 1.25939396e-06,
       2.67494042e-04, 2.34689301e-04])}
{'img': array([[[ 0.        , -0.51697582,  0.24761307, ...,  0.73531012,
          0.80401241,  0.8196306 ],
        [ 0.51697582,  0.        ,  0.71283347, ...,  0.9797959 ,
          0.99563492,  0.9977753 ],
        [-0.24761307, -0.71283347,  0.        , ...,  0.54459683,
          0.63174083,  0.65225085],
        ...,
        [-0.73531012, -0.9797959 , -0.54459683, ...,  0.        ,
          0.10767937,  0.13423533],
        [-0.80401241, -0.99563492, -0.63174083, ..., -0.10767937,
          0.        ,  0.02675003],
        [-0.8196306 , -0.9977753 , -0.65225085, ..., -0.13423533,
         -0.02675003,  0.        ]],

       [[ 0.        , -0.12326431,  0.18864648, ..., -0.28124774,
         -0.29155161, -0.4212261 ],
        [ 0.12326431,  0.        ,  0.30825894, ..., -0.16081414,
         -0.17141909, -0.30621851],
        [-0.18864648, -0.30825894,  0.        , ..., -0.45722976,
         -0.46676756, -0.584757  ],
        ...,
        [ 0.28124774,  0.16081414,  0.45722976, ...,  0.        ,
         -0.01075422, -0.14914415],
        [ 0.29155161,  0.17141909,  0.46676756, ...,  0.01075422,
          0.        , -0.13850159],
        [ 0.4212261 ,  0.30621851,  0.584757  , ...,  0.14914415,
          0.13850159,  0.        ]],

       [[ 0.        ,  0.23669215,  0.41854356, ...,  0.99998507,
          0.99946237,  0.99706937],
        [-0.23669215,  0.        ,  0.19168749, ...,  0.97286359,
          0.96330194,  0.95062975],
        [-0.41854356, -0.19168749,  0.        , ...,  0.91047028,
          0.8939857 ,  0.87351541],
        ...,
        [-0.99998507, -0.97286359, -0.91047028, ...,  0.        ,
         -0.03824794, -0.08195006],
        [-0.99946237, -0.96330194, -0.8939857 , ...,  0.03824794,
          0.        , -0.0437708 ],
        [-0.99706937, -0.95062975, -0.87351541, ...,  0.08195006,
          0.0437708 ,  0.        ]],

       ...,

       [[ 0.        , -0.65159357, -0.21682023, ..., -0.91392917,
         -0.813398  , -0.64863857],
        [ 0.65159357,  0.        ,  0.47162023, ..., -0.42881298,
         -0.23798101,  0.003889  ],
        [ 0.21682023, -0.47162023,  0.        , ..., -0.80418659,
         -0.66792256, -0.46818734],
        ...,
        [ 0.91392917,  0.42881298,  0.80418659, ...,  0.        ,
          0.20150265,  0.43232303],
        [ 0.813398  ,  0.23798101,  0.66792256, ..., -0.20150265,
          0.        ,  0.24175647],
        [ 0.64863857, -0.003889  ,  0.46818734, ..., -0.43232303,
         -0.24175647,  0.        ]],

       [[ 0.        ,  0.06358249,  0.37967836, ...,  0.94749136,
          0.97293208,  0.99205542],
        [-0.06358249,  0.        ,  0.32008877, ...,  0.96590669,
          0.98565679,  0.99804686],
        [-0.37967836, -0.32008877,  0.        , ...,  0.9979559 ,
          0.98781787,  0.96553303],
        ...,
        [-0.94749136, -0.96590669, -0.9979559 , ...,  0.        ,
         -0.09216858, -0.19804489],
        [-0.97293208, -0.98565679, -0.98781787, ...,  0.09216858,
          0.        , -0.10685891],
        [-0.99205542, -0.99804686, -0.96553303, ...,  0.19804489,
          0.10685891,  0.        ]],

       [[ 0.        , -0.00263008, -0.1265887 , ...,  0.97125933,
          0.95189569,  0.87804951],
        [ 0.00263008,  0.        , -0.12397933, ...,  0.97062995,
          0.95108648,  0.8767878 ],
        [ 0.1265887 ,  0.12397933,  0.        , ...,  0.93331472,
          0.90544837,  0.81040433],
        ...,
        [-0.97125933, -0.97062995, -0.93331472, ...,  0.        ,
          0.07104169,  0.25581874],
        [-0.95189569, -0.95108648, -0.90544837, ..., -0.07104169,
          0.        ,  0.18649461],
        [-0.87804951, -0.8767878 , -0.81040433, ..., -0.25581874,
         -0.18649461,  0.        ]]]), 'num': array([7.44282218e-01, 6.67831023e-01, 6.98184427e-06, 2.39658918e-04,
       2.40753251e-04, 2.35281586e-04, 6.72605488e-03, 0.00000000e+00,
       2.37907985e-04, 2.44747566e-04, 2.40713125e-04, 9.94848143e-07,
       2.58783639e-04, 2.30711493e-04])}
{'img': array([[[ 0.        ,  0.71283347,  0.69673014, ...,  0.99563492,
          0.9977753 ,  0.9977753 ],
        [-0.71283347,  0.        , -0.02269914, ...,  0.63174083,
          0.65225085,  0.65225085],
        [-0.69673014,  0.02269914,  0.        , ...,  0.64917397,
          0.66928881,  0.66928881],
        ...,
        [-0.99563492, -0.63174083, -0.64917397, ...,  0.        ,
          0.02675003,  0.02675003],
        [-0.9977753 , -0.65225085, -0.66928881, ..., -0.02675003,
          0.        ,  0.        ],
        [-0.9977753 , -0.65225085, -0.66928881, ..., -0.02675003,
          0.        ,  0.        ]],

       [[ 0.        ,  0.30825894,  0.11668681, ..., -0.17141909,
         -0.30621851, -0.14716784],
        [-0.30825894,  0.        , -0.1951487 , ..., -0.46676756,
         -0.584757  , -0.44490361],
        [-0.11668681,  0.1951487 ,  0.        , ..., -0.28520772,
         -0.41520798, -0.26157877],
        ...,
        [ 0.17141909,  0.46676756,  0.28520772, ...,  0.        ,
         -0.13850159,  0.02456311],
        [ 0.30621851,  0.584757  ,  0.41520798, ...,  0.13850159,
          0.        ,  0.16278618],
        [ 0.14716784,  0.44490361,  0.26157877, ..., -0.02456311,
         -0.16278618,  0.        ]],

       [[ 0.        ,  0.35280081,  0.47448039, ...,  0.99886305,
          0.99575737,  0.99467056],
        [-0.35280081,  0.        ,  0.13341197, ...,  0.91781594,
          0.89926469,  0.89433645],
        [-0.47448039, -0.13341197,  0.        , ...,  0.8566459 ,
          0.83287082,  0.82665382],
        ...,
        [-0.99886305, -0.91781594, -0.8566459 , ...,  0.        ,
         -0.04444353, -0.05556921],
        [-0.99575737, -0.89926469, -0.83287082, ...,  0.04444353,
          0.        , -0.01113944],
        [-0.99467056, -0.89433645, -0.82665382, ...,  0.05556921,
          0.01113944,  0.        ]],

       ...,

       [[ 0.        ,  0.47162023,  0.52901919, ..., -0.23798101,
          0.003889  , -0.36023922],
        [-0.47162023,  0.        ,  0.06626849, ..., -0.66792256,
         -0.46818734, -0.75761521],
        [-0.52901919, -0.06626849,  0.        , ..., -0.7157734 ,
         -0.52571495, -0.79920338],
        ...,
        [ 0.23798101,  0.66792256,  0.7157734 , ...,  0.        ,
          0.24175647, -0.12788653],
        [-0.003889  ,  0.46818734,  0.52571495, ..., -0.24175647,
          0.        , -0.36386439],
        [ 0.36023922,  0.75761521,  0.79920338, ...,  0.12788653,
          0.36386439,  0.        ]],

       [[ 0.        ,  0.37489276,  0.48253172, ...,  0.97311671,
          0.99216729,  0.9980792 ],
        [-0.37489276,  0.        ,  0.1189793 , ...,  0.98848805,
          0.96663693,  0.94851239],
        [-0.48253172, -0.1189793 ,  0.        , ...,  0.96346511,
          0.92929406,  0.90408934],
        ...,
        [-0.97311671, -0.98848805, -0.96346511, ...,  0.        ,
         -0.10695046, -0.16958479],
        [-0.99216729, -0.96663693, -0.92929406, ...,  0.10695046,
          0.        , -0.06321077],
        [-0.9980792 , -0.94851239, -0.90408934, ...,  0.16958479,
          0.06321077,  0.        ]],

       [[ 0.        , -0.12397933, -0.18576818, ...,  0.95108648,
          0.8767878 ,  0.81975778],
        [ 0.12397933,  0.        , -0.06251365, ...,  0.90544837,
          0.81040433,  0.74242893],
        [ 0.18576818,  0.06251365,  0.        , ...,  0.87714309,
          0.77219434,  0.69909738],
        ...,
        [-0.95108648, -0.90544837, -0.87714309, ...,  0.        ,
          0.18649461,  0.29145362],
        [-0.8767878 , -0.81040433, -0.77219434, ..., -0.18649461,
          0.        ,  0.10794241],
        [-0.81975778, -0.74242893, -0.69909738, ..., -0.29145362,
         -0.10794241,  0.        ]]]), 'num': array([7.36117905e-01, 6.76827006e-01, 5.31756945e-06, 2.41019916e-04,
       2.42100723e-04, 2.35615882e-04, 5.93075438e-03, 4.32322720e-06,
       2.36264366e-04, 2.41073957e-04, 2.38440391e-04, 9.55131590e-07,
       2.53742469e-04, 2.28405444e-04])}
{'img': array([[[ 0.        , -0.04949819,  0.32298923, ...,  0.82269025,
          0.82269025,  0.88568561],
        [ 0.04949819,  0.        ,  0.36943854, ...,  0.84982103,
          0.84982103,  0.90758124],
        [-0.32298923, -0.36943854,  0.        , ...,  0.59498011,
          0.59498011,  0.68825599],
        ...,
        [-0.82269025, -0.84982103, -0.59498011, ...,  0.        ,
          0.        ,  0.12154018],
        [-0.82269025, -0.84982103, -0.59498011, ...,  0.        ,
          0.        ,  0.12154018],
        [-0.88568561, -0.90758124, -0.68825599, ..., -0.12154018,
         -0.12154018,  0.        ]],

       [[ 0.        , -0.1951487 ,  0.15175851, ..., -0.584757  ,
         -0.44490361, -0.47330362],
        [ 0.1951487 ,  0.        ,  0.34172916, ..., -0.41520798,
         -0.26157877, -0.29229736],
        [-0.15175851, -0.34172916,  0.        , ..., -0.70109191,
         -0.57566221, -0.6015056 ],
        ...,
        [ 0.584757  ,  0.41520798,  0.70109191, ...,  0.        ,
          0.16278618,  0.13116414],
        [ 0.44490361,  0.26157877,  0.57566221, ..., -0.16278618,
          0.        , -0.03196522],
        [ 0.47330362,  0.29229736,  0.6015056 , ..., -0.13116414,
          0.03196522,  0.        ]],

       [[ 0.        ,  0.33356746,  0.53780404, ...,  0.99173628,
          0.9901871 ,  0.99443163],
        [-0.33356746,  0.        ,  0.2257813 , ...,  0.89214135,
          0.88685997,  0.9023242 ],
        [-0.53780404, -0.2257813 ,  0.        , ...,  0.76710635,
          0.75963988,  0.78169955],
        ...,
        [-0.99173628, -0.89214135, -0.76710635, ...,  0.        ,
         -0.01155884,  0.02306599],
        [-0.9901871 , -0.88685997, -0.75963988, ...,  0.01155884,
          0.        ,  0.03462021],
        [-0.99443163, -0.9023242 , -0.78169955, ..., -0.02306599,
         -0.03462021,  0.        ]],

       ...,

       [[ 0.        ,  0.06626849,  0.24423357, ..., -0.46818734,
         -0.75761521, -0.78587338],
        [-0.06626849,  0.        ,  0.17943506, ..., -0.52571495,
         -0.79920338, -0.8251255 ],
        [-0.24423357, -0.17943506,  0.        , ..., -0.66982087,
         -0.89408353, -0.91310531],
        ...,
