state_0,state_1,state_2,state_3,state_4,state_5,state_6,state_7,state_8,state_9,state_10,state_11,state_12,state_13,state_14,state_15,state_16,state_17,state_18,state_19,state_20,state_21,state_22,state_23,state_24,state_25,state_26,state_27,state_28,state_29,state_30,state_31,state_32,state_33,state_34,state_35,state_36,state_37,state_38,state_39,state_40,state_41,state_42,state_43,state_44,state_45,state_46,state_47,state_48,state_49,state_50,state_51,state_52,state_53,state_54,state_55,state_56,state_57,state_58,state_59,state_60,state_61,state_62,state_63,state_64,state_65,state_66,state_67,state_68,state_69,state_70,state_71,state_72,state_73,state_74,state_75,state_76,state_77,state_78,state_79,state_80,state_81,state_82,state_83,state_84,state_85,state_86,state_87,state_88,state_89,state_90,state_91,state_92,state_93,state_94,state_95,state_96,state_97,state_98,state_99,state_100,state_101,state_102,state_103,state_104,state_105,state_106,state_107,state_108,state_109,state_110,state_111,state_112,state_113,state_114,state_115,state_116,state_117,state_118,state_119,state_120,state_121,state_122,state_123,state_124,state_125,state_126,state_127,state_128,state_129,state_130,state_131,state_132,state_133,state_134,state_135,state_136,state_137,state_138,state_139,state_140,state_141,state_142,state_143,state_144,state_145,state_146,state_147,state_148,state_149,state_150,state_151,state_152,state_153,state_154,state_155,state_156,state_157,state_158,state_159,state_160,state_161,state_162,state_163,state_164,state_165,state_166,state_167,state_168,state_169,state_170,state_171,state_172,state_173,state_174,state_175,state_176,state_177,state_178,state_179,state_180,state_181,state_182,state_183,state_184,state_185,state_186,state_187,state_188,state_189,state_190,state_191,state_192,state_193,state_194,state_195,state_196,state_197,state_198,state_199,state_200,state_201,state_202,state_203,state_204,state_205,state_206,state_207,state_208,state_209,state_210,state_211,state_212,state_213,state_214,state_215,state_216,state_217,state_218,state_219,state_220,state_221,state_222,state_223,state_224,state_225,state_226,state_227,state_228,state_229,state_230,state_231,state_232,state_233,state_234,state_235,state_236,state_237,state_238,state_239,state_240,state_241,state_242,state_243,state_244,state_245,state_246,state_247,state_248,state_249,state_250,state_251,state_252,state_253,state_254,state_255,state_256,state_257,state_258,state_259,state_260,state_261,state_262,state_263,state_264,state_265,state_266,state_267,state_268,state_269,state_270,state_271,state_272,state_273,state_274,state_275,state_276,state_277,state_278,state_279,state_280,state_281,state_282,state_283,state_284,state_285,state_286,state_287
{'img': array([[[ 0.        , -0.06212946, -0.10700586, ..., -0.39114557,
         -0.42512799, -0.36228122],
        [ 0.06212946,  0.        , -0.04502639, ..., -0.33321038,
         -0.36807124, -0.30367239],
        [ 0.10700586,  0.04502639,  0.        , ..., -0.29041919,
         -0.32583251, -0.26046431],
        ...,
        [ 0.39114557,  0.33321038,  0.29041919, ...,  0.        ,
         -0.03721868,  0.03115675],
        [ 0.42512799,  0.36807124,  0.32583251, ...,  0.03721868,
          0.        ,  0.06833577],
        [ 0.36228122,  0.30367239,  0.26046431, ..., -0.03115675,
         -0.06833577,  0.        ]],

       [[ 0.        , -0.26345698, -0.45017419, ..., -0.41727592,
         -0.63301849, -0.79472914],
        [ 0.26345698,  0.        , -0.19901858, ..., -0.16310965,
         -0.40670296, -0.6067433 ],
        [ 0.45017419,  0.19901858,  0.        , ...,  0.03650655,
         -0.21675165, -0.4364064 ],
        ...,
        [ 0.41727592,  0.16310965, -0.03650655, ...,  0.        ,
         -0.25224584, -0.46896226],
        [ 0.63301849,  0.40670296,  0.21675165, ...,  0.25224584,
          0.        , -0.23100939],
        [ 0.79472914,  0.6067433 ,  0.4364064 , ...,  0.46896226,
          0.23100939,  0.        ]],

       [[ 0.        ,  0.12120663,  0.15443603, ..., -0.07156904,
         -0.18033673, -0.23569198],
        [-0.12120663,  0.        ,  0.03354493, ..., -0.1919372 ,
         -0.2982266 , -0.35174627],
        [-0.15443603, -0.03354493,  0.        , ..., -0.22475041,
         -0.33007723, -0.38294957],
        ...,
        [ 0.07156904,  0.1919372 ,  0.22475041, ...,  0.        ,
         -0.10947862, -0.1655348 ],
        [ 0.18033673,  0.2982266 ,  0.33007723, ...,  0.10947862,
          0.        , -0.05657155],
        [ 0.23569198,  0.35174627,  0.38294957, ...,  0.1655348 ,
          0.05657155,  0.        ]],

       ...,

       [[ 0.        , -0.22758936, -0.38471405, ..., -0.22994748,
         -0.26548941, -0.15771581],
        [ 0.22758936,  0.        , -0.16454495, ..., -0.00242236,
         -0.03910019,  0.07116407],
        [ 0.38471405,  0.16454495,  0.        , ...,  0.16215512,
          0.12585188,  0.23432184],
        ...,
        [ 0.22994748,  0.00242236, -0.16215512, ...,  0.        ,
         -0.03667957,  0.07358008],
        [ 0.26548941,  0.03910019, -0.12585188, ...,  0.03667957,
          0.        ,  0.11011071],
        [ 0.15771581, -0.07116407, -0.23432184, ..., -0.07358008,
         -0.11011071,  0.        ]],

       [[ 0.        , -0.00438287, -0.01068187, ..., -0.57469158,
         -0.63798405, -0.88864477],
        [ 0.00438287,  0.        , -0.00629915, ..., -0.57109925,
         -0.63460289, -0.88662626],
        [ 0.01068187,  0.00629915,  0.        , ..., -0.56591707,
         -0.62972208, -0.8836954 ],
        ...,
        [ 0.57469158,  0.57109925,  0.56591707, ...,  0.        ,
         -0.07956604, -0.46368891],
        [ 0.63798405,  0.63460289,  0.62972208, ...,  0.07956604,
          0.        , -0.39172347],
        [ 0.88864477,  0.88662626,  0.8836954 , ...,  0.46368891,
          0.39172347,  0.        ]],

       [[ 0.        ,  0.11486308,  0.19762335, ..., -0.09783273,
         -0.12608769, -0.0865434 ],
        [-0.11486308,  0.        ,  0.08371759, ..., -0.21149727,
         -0.23919953, -0.20040273],
        [-0.19762335, -0.08371759,  0.        , ..., -0.2925786 ,
         -0.31964713, -0.28171848],
        ...,
        [ 0.09783273,  0.21149727,  0.2925786 , ...,  0.        ,
         -0.0284309 ,  0.01133742],
        [ 0.12608769,  0.23919953,  0.31964713, ...,  0.0284309 ,
          0.        ,  0.03976191],
        [ 0.0865434 ,  0.20040273,  0.28171848, ..., -0.01133742,
         -0.03976191,  0.        ]]]), 'num': array([ 7.68039182e-01,  6.40398796e-01,  1.10798946e-06,  7.73578095e-04,
        7.85665253e-04,  7.64176972e-04,  4.21230732e-04, -1.20871577e-05,
        7.80293183e-04,  7.89761456e-04,  8.56833990e-04,  3.04748040e-07,
        8.41309366e-04,  7.38213546e-04])}
{'img': array([[[ 0.00000000e+00, -4.50263948e-02, -6.77497885e-02, ...,
         -3.68071238e-01, -3.03672391e-01, -3.93254206e-01],
        [ 4.50263948e-02,  0.00000000e+00, -2.27581369e-02, ...,
         -3.25832506e-01, -2.60464315e-01, -3.51456758e-01],
        [ 6.77497885e-02,  2.27581369e-02,  0.00000000e+00, ...,
         -3.04231946e-01, -2.38424250e-01, -3.30059469e-01],
        ...,
        [ 3.68071238e-01,  3.25832506e-01,  3.04231946e-01, ...,
          0.00000000e+00,  6.83357711e-02, -2.72311549e-02],
        [ 3.03672391e-01,  2.60464315e-01,  2.38424250e-01, ...,
         -6.83357711e-02,  0.00000000e+00, -9.54779284e-02],
        [ 3.93254206e-01,  3.51456758e-01,  3.30059469e-01, ...,
          2.72311549e-02,  9.54779284e-02,  0.00000000e+00]],

       [[ 0.00000000e+00, -1.99018581e-01, -5.00047394e-01, ...,
         -4.06702959e-01, -6.06743303e-01, -4.90535611e-01],
        [ 1.99018581e-01,  0.00000000e+00, -3.17694603e-01, ...,
         -2.16751652e-01, -4.36406400e-01, -3.07293797e-01],
        [ 5.00047394e-01,  3.17694603e-01,  0.00000000e+00, ...,
          1.04619559e-01, -1.27951921e-01,  1.09489961e-02],
        ...,
        [ 4.06702959e-01,  2.16751652e-01, -1.04619559e-01, ...,
          0.00000000e+00, -2.31009387e-01, -9.37243767e-02],
        [ 6.06743303e-01,  4.36406400e-01,  1.27951921e-01, ...,
          2.31009387e-01,  0.00000000e+00,  1.38803251e-01],
        [ 4.90535611e-01,  3.07293797e-01, -1.09489961e-02, ...,
          9.37243767e-02, -1.38803251e-01,  0.00000000e+00]],

       [[ 0.00000000e+00,  3.35449297e-02,  1.10096054e-01, ...,
         -2.98226600e-01, -3.51746272e-01, -4.06410823e-01],
        [-3.35449297e-02,  0.00000000e+00,  7.66930851e-02, ...,
         -3.30077232e-01, -3.82949566e-01, -4.36831781e-01],
        [-1.10096054e-01, -7.66930851e-02,  0.00000000e+00, ...,
         -4.01499811e-01, -4.52668397e-01, -5.04533946e-01],
        ...,
        [ 2.98226600e-01,  3.30077232e-01,  4.01499811e-01, ...,
          0.00000000e+00, -5.65715501e-02, -1.15430342e-01],
        [ 3.51746272e-01,  3.82949566e-01,  4.52668397e-01, ...,
          5.65715501e-02,  0.00000000e+00, -5.90520835e-02],
        [ 4.06410823e-01,  4.36831781e-01,  5.04533946e-01, ...,
          1.15430342e-01,  5.90520835e-02,  0.00000000e+00]],

       ...,

       [[ 0.00000000e+00, -1.64544951e-01, -7.30766835e-02, ...,
         -3.91001929e-02,  7.11640715e-02,  5.03467216e-02],
        [ 1.64544951e-01,  0.00000000e+00,  9.20243933e-02, ...,
          1.25851882e-01,  2.34321843e-01,  2.13996750e-01],
        [ 7.30766835e-02, -9.20243933e-02,  0.00000000e+00, ...,
          3.40251498e-02,  1.43865208e-01,  1.23196118e-01],
        ...,
        [ 3.91001929e-02, -1.25851882e-01, -3.40251498e-02, ...,
          0.00000000e+00,  1.10110711e-01,  8.93588271e-02],
        [-7.11640715e-02, -2.34321843e-01, -1.43865208e-01, ...,
         -1.10110711e-01,  0.00000000e+00, -2.08547475e-02],
        [-5.03467216e-02, -2.13996750e-01, -1.23196118e-01, ...,
         -8.93588271e-02,  2.08547475e-02,  0.00000000e+00]],

       [[ 0.00000000e+00, -6.29223783e-03, -6.91539936e-03, ...,
         -6.33133575e-01, -8.63669190e-01, -8.87073569e-01],
        [ 6.29223783e-03,  0.00000000e+00, -6.23175093e-04, ...,
         -6.28250582e-01, -8.60480433e-01, -8.84151335e-01],
        [ 6.91539936e-03,  6.23175093e-04,  0.00000000e+00, ...,
         -6.27765623e-01, -8.60162768e-01, -8.83860015e-01],
        ...,
        [ 6.33133575e-01,  6.28250582e-01,  6.27765623e-01, ...,
          0.00000000e+00, -3.49379994e-01, -3.94360456e-01],
        [ 8.63669190e-01,  8.60480433e-01,  8.60162768e-01, ...,
          3.49379994e-01,  0.00000000e+00, -4.84435170e-02],
        [ 8.87073569e-01,  8.84151335e-01,  8.83860015e-01, ...,
          3.94360456e-01,  4.84435170e-02,  0.00000000e+00]],

       [[ 0.00000000e+00,  8.37175930e-02,  8.23541531e-02, ...,
         -2.39199531e-01, -2.00402728e-01, -2.22281080e-01],
        [-8.37175930e-02,  0.00000000e+00, -1.36816442e-03, ...,
         -3.19647133e-01, -2.81718483e-01, -3.03123966e-01],
        [-8.23541531e-02,  1.36816442e-03,  0.00000000e+00, ...,
         -3.18350448e-01, -2.80405469e-01, -3.01819888e-01],
        ...,
        [ 2.39199531e-01,  3.19647133e-01,  3.18350448e-01, ...,
          0.00000000e+00,  3.97619111e-02,  1.73870295e-02],
        [ 2.00402728e-01,  2.81718483e-01,  2.80405469e-01, ...,
         -3.97619111e-02,  0.00000000e+00, -2.23826209e-02],
        [ 2.22281080e-01,  3.03123966e-01,  3.01819888e-01, ...,
         -1.73870295e-02,  2.23826209e-02,  0.00000000e+00]]]), 'num': array([7.07032677e-01, 7.07032677e-01, 0.00000000e+00, 4.50733332e-03,
       4.55682561e-03, 4.07250822e-03, 7.84431544e-03, 4.34825097e-04,
       4.18421938e-03, 4.16866467e-03, 4.51316634e-03, 2.15025402e-06,
       4.47559829e-03, 3.86173104e-03])}
{'img': array([[[ 0.00000000e+00, -2.27581369e-02,  2.27443883e-01, ...,
         -2.60464315e-01, -3.51456758e-01,  2.18992525e-01],
        [ 2.27581369e-02,  0.00000000e+00,  2.49546649e-01, ...,
         -2.38424250e-01, -3.30059469e-01,  2.41141524e-01],
        [-2.27443883e-01, -2.49546649e-01,  0.00000000e+00, ...,
         -4.73231166e-01, -5.55179394e-01, -8.67004103e-03],
        ...,
        [ 2.60464315e-01,  2.38424250e-01,  4.73231166e-01, ...,
          0.00000000e+00, -9.54779284e-02,  4.65575608e-01],
        [ 3.51456758e-01,  3.30059469e-01,  5.55179394e-01, ...,
          9.54779284e-02,  0.00000000e+00,  5.47947389e-01],
        [-2.18992525e-01, -2.41141524e-01,  8.67004103e-03, ...,
         -4.65575608e-01, -5.47947389e-01,  0.00000000e+00]],

       [[ 0.00000000e+00, -3.17694603e-01,  5.82537710e-01, ...,
         -4.36406400e-01, -3.07293797e-01,  6.77118162e-01],
        [ 3.17694603e-01,  0.00000000e+00,  8.10581573e-01, ...,
         -1.27951921e-01,  1.09489961e-02,  8.75822059e-01],
        [-5.82537710e-01, -8.10581573e-01,  0.00000000e+00, ...,
         -8.78850834e-01, -8.04120972e-01,  1.21689598e-01],
        ...,
        [ 4.36406400e-01,  1.27951921e-01,  8.78850834e-01, ...,
          0.00000000e+00,  1.38803251e-01,  9.30377094e-01],
        [ 3.07293797e-01, -1.09489961e-02,  8.04120972e-01, ...,
         -1.38803251e-01,  0.00000000e+00,  8.70485201e-01],
        [-6.77118162e-01, -8.75822059e-01, -1.21689598e-01, ...,
         -9.30377094e-01, -8.70485201e-01,  0.00000000e+00]],

       [[ 0.00000000e+00,  7.66930851e-02,  1.41657900e-01, ...,
         -3.82949566e-01, -4.36831781e-01, -2.54201151e-01],
        [-7.66930851e-02,  0.00000000e+00,  6.53209944e-02, ...,
         -4.52668397e-01, -5.04533946e-01, -3.27626287e-01],
        [-1.41657900e-01, -6.53209944e-02,  0.00000000e+00, ...,
         -5.09946989e-01, -5.59854029e-01, -3.88642335e-01],
        ...,
        [ 3.82949566e-01,  4.52668397e-01,  5.09946989e-01, ...,
          0.00000000e+00, -5.90520835e-02,  1.35546992e-01],
        [ 4.36831781e-01,  5.04533946e-01,  5.59854029e-01, ...,
          5.90520835e-02,  0.00000000e+00,  1.93817536e-01],
        [ 2.54201151e-01,  3.27626287e-01,  3.88642335e-01, ...,
         -1.35546992e-01, -1.93817536e-01,  0.00000000e+00]],

       ...,

       [[ 0.00000000e+00,  9.20243933e-02,  4.11726759e-01, ...,
          2.34321843e-01,  2.13996750e-01,  6.08109109e-01],
        [-9.20243933e-02,  0.00000000e+00,  3.26117195e-01, ...,
          1.43865208e-01,  1.23196118e-01,  5.32474869e-01],
        [-4.11726759e-01, -3.26117195e-01,  0.00000000e+00, ...,
         -1.86724690e-01, -2.07172040e-01,  2.27323587e-01],
        ...,
        [-2.34321843e-01, -1.43865208e-01,  1.86724690e-01, ...,
          0.00000000e+00, -2.08547475e-02,  4.05161586e-01],
        [-2.13996750e-01, -1.23196118e-01,  2.07172040e-01, ...,
          2.08547475e-02,  0.00000000e+00,  4.24139820e-01],
        [-6.08109109e-01, -5.32474869e-01, -2.27323587e-01, ...,
         -4.05161586e-01, -4.24139820e-01,  0.00000000e+00]],

       [[ 0.00000000e+00, -6.23175093e-04, -2.95273965e-02, ...,
         -8.60480433e-01, -8.84151335e-01, -6.06367816e-01],
        [ 6.23175093e-04,  0.00000000e+00, -2.89044874e-02, ...,
         -8.60162768e-01, -8.83860015e-01, -6.05872159e-01],
        [ 2.95273965e-02,  2.89044874e-02,  0.00000000e+00, ...,
         -8.45061518e-01, -8.69970602e-01, -5.82623700e-01],
        ...,
        [ 8.60480433e-01,  8.60162768e-01,  8.45061518e-01, ...,
          0.00000000e+00, -4.84435170e-02,  3.75306141e-01],
        [ 8.84151335e-01,  8.83860015e-01,  8.69970602e-01, ...,
          4.84435170e-02,  0.00000000e+00,  4.19767843e-01],
        [ 6.06367816e-01,  6.05872159e-01,  5.82623700e-01, ...,
         -3.75306141e-01, -4.19767843e-01,  0.00000000e+00]],

       [[ 0.00000000e+00, -1.36816442e-03,  1.55896643e-02, ...,
         -2.81718483e-01, -3.03123966e-01, -3.97876406e-01],
        [ 1.36816442e-03,  0.00000000e+00,  1.69576479e-02, ...,
         -2.80405469e-01, -3.01819888e-01, -3.96620826e-01],
        [-1.55896643e-02, -1.69576479e-02,  0.00000000e+00, ...,
         -2.96642484e-01, -3.17943317e-01, -4.12130620e-01],
        ...,
        [ 2.81718483e-01,  2.80405469e-01,  2.96642484e-01, ...,
          0.00000000e+00, -2.23826209e-02, -1.23301730e-01],
        [ 3.03123966e-01,  3.01819888e-01,  3.17943317e-01, ...,
          2.23826209e-02,  0.00000000e+00, -1.01059016e-01],
        [ 3.97876406e-01,  3.96620826e-01,  4.12130620e-01, ...,
          1.23301730e-01,  1.01059016e-01,  0.00000000e+00]]]), 'num': array([ 7.07044934e-01,  7.07044934e-01,  0.00000000e+00,  4.46498876e-03,
        4.65942612e-03,  4.38367859e-03,  4.79878467e-03, -4.24226961e-05,
        4.25428937e-03,  4.17633767e-03,  4.51548355e-03,  2.66724112e-06,
        4.50401524e-03,  3.84866010e-03])}
{'img': array([[[ 0.        ,  0.24954665,  0.24954665, ..., -0.33005947,
          0.24114152,  0.19019121],
        [-0.24954665,  0.        ,  0.        , ..., -0.55517939,
         -0.00867004, -0.0608176 ],
        [-0.24954665,  0.        ,  0.        , ..., -0.55517939,
         -0.00867004, -0.0608176 ],
        ...,
        [ 0.33005947,  0.55517939,  0.55517939, ...,  0.        ,
          0.54794739,  0.50356784],
        [-0.24114152,  0.00867004,  0.00867004, ..., -0.54794739,
          0.        , -0.05216132],
        [-0.19019121,  0.0608176 ,  0.0608176 , ..., -0.50356784,
          0.05216132,  0.        ]],

       [[ 0.        ,  0.81058157,  0.65445512, ...,  0.010949  ,
          0.87582206,  0.55633201],
        [-0.81058157,  0.        , -0.22961565, ..., -0.80412097,
          0.1216896 , -0.3477586 ],
        [-0.65445512,  0.22961565,  0.        , ..., -0.64613735,
          0.34634741, -0.12318299],
        ...,
        [-0.010949  ,  0.80412097,  0.64613735, ...,  0.        ,
          0.8704852 ,  0.54720048],
        [-0.87582206, -0.1216896 , -0.34634741, ..., -0.8704852 ,
          0.        , -0.45926836],
        [-0.55633201,  0.3477586 ,  0.12318299, ..., -0.54720048,
          0.45926836,  0.        ]],

       [[ 0.        ,  0.06532099,  0.09967972, ..., -0.50453395,
         -0.32762629, -0.18290207],
        [-0.06532099,  0.        ,  0.03447117, ..., -0.55985403,
         -0.38864233, -0.24673055],
        [-0.09967972, -0.03447117,  0.        , ..., -0.58808381,
         -0.42017271, -0.27998938],
        ...,
        [ 0.50453395,  0.55985403,  0.58808381, ...,  0.        ,
          0.19381754,  0.33810687],
        [ 0.32762629,  0.38864233,  0.42017271, ..., -0.19381754,
          0.        ,  0.14929237],
        [ 0.18290207,  0.24673055,  0.27998938, ..., -0.33810687,
         -0.14929237,  0.        ]],

       ...,

       [[ 0.        ,  0.3261172 ,  0.44620302, ...,  0.12319612,
          0.53247487,  0.85771432],
        [-0.3261172 ,  0.        ,  0.12995618, ..., -0.20717204,
          0.22732359,  0.64315699],
        [-0.44620302, -0.12995618,  0.        , ..., -0.33255188,
          0.09884199,  0.53819095],
        ...,
        [-0.12319612,  0.20717204,  0.33255188, ...,  0.        ,
          0.42413982,  0.78784214],
        [-0.53247487, -0.22732359, -0.09884199, ..., -0.42413982,
          0.        ,  0.4522492 ],
        [-0.85771432, -0.64315699, -0.53819095, ..., -0.78784214,
         -0.4522492 ,  0.        ]],

       [[ 0.        , -0.02890449, -0.03803604, ..., -0.88386002,
         -0.60587216, -0.50711028],
        [ 0.02890449,  0.        , -0.00913657, ..., -0.8699706 ,
         -0.5826237 , -0.48198616],
        [ 0.03803604,  0.00913657,  0.        , ..., -0.86542901,
         -0.5751737 , -0.47396077],
        ...,
        [ 0.88386002,  0.8699706 ,  0.86542901, ...,  0.        ,
          0.41976784,  0.52458072],
        [ 0.60587216,  0.5826237 ,  0.5751737 , ..., -0.41976784,
          0.        ,  0.11875213],
        [ 0.50711028,  0.48198616,  0.47396077, ..., -0.52458072,
         -0.11875213,  0.        ]],

       [[ 0.        ,  0.01695765,  0.0217507 , ..., -0.30181989,
         -0.39662083, -0.45008097],
        [-0.01695765,  0.        ,  0.00479394, ..., -0.31794332,
         -0.41213062, -0.46515922],
        [-0.0217507 , -0.00479394,  0.        , ..., -0.32248484,
         -0.41649376, -0.4693976 ],
        ...,
        [ 0.30181989,  0.31794332,  0.32248484, ...,  0.        ,
         -0.10105902, -0.15956996],
        [ 0.39662083,  0.41213062,  0.41649376, ...,  0.10105902,
          0.        , -0.05898893],
        [ 0.45008097,  0.46515922,  0.4693976 , ...,  0.15956996,
          0.05898893,  0.        ]]]), 'num': array([ 7.07048726e-01,  7.07048726e-01,  0.00000000e+00,  4.35188491e-03,
        4.57460526e-03,  4.33067345e-03,  3.74035846e-03, -1.13127796e-04,
        4.30663379e-03,  4.17971854e-03,  4.51615589e-03,  2.31224043e-06,
        4.51309858e-03,  3.84633851e-03])}
{'img': array([[[ 0.        ,  0.        ,  0.0777605 , ..., -0.00867004,
         -0.0608176 , -0.20097744],
        [ 0.        ,  0.        ,  0.0777605 , ..., -0.00867004,
         -0.0608176 , -0.20097744],
        [-0.0777605 , -0.0777605 ,  0.        , ..., -0.08640137,
         -0.13825   , -0.27654276],
        ...,
        [ 0.00867004,  0.00867004,  0.08640137, ...,  0.        ,
         -0.05216132, -0.19247675],
        [ 0.0608176 ,  0.0608176 ,  0.13825   , ...,  0.05216132,
          0.        , -0.14102874],
        [ 0.20097744,  0.20097744,  0.27654276, ...,  0.19247675,
          0.14102874,  0.        ]],

       [[ 0.        , -0.22961565, -0.16883461, ...,  0.1216896 ,
         -0.3477586 , -0.52408691],
        [ 0.22961565,  0.        ,  0.06199579, ...,  0.34634741,
         -0.12318299, -0.31452847],
        [ 0.16883461, -0.06199579,  0.        , ...,  0.28752254,
         -0.18446967, -0.37277283],
        ...,
        [-0.1216896 , -0.34634741, -0.28752254, ...,  0.        ,
         -0.45926836, -0.62383075],
        [ 0.3477586 ,  0.12318299,  0.18446967, ...,  0.45926836,
          0.        , -0.1952018 ],
        [ 0.52408691,  0.31452847,  0.37277283, ...,  0.62383075,
          0.1952018 ,  0.        ]],

       [[ 0.        ,  0.03447117,  0.10678904, ..., -0.38864233,
         -0.24673055, -0.14692549],
        [-0.03447117,  0.        ,  0.07245152, ..., -0.42017271,
         -0.27998938, -0.18093525],
        [-0.10678904, -0.07245152,  0.        , ..., -0.48481418,
         -0.34880724, -0.25171545],
        ...,
        [ 0.38864233,  0.42017271,  0.48481418, ...,  0.        ,
          0.14929237,  0.24904913],
        [ 0.24673055,  0.27998938,  0.34880724, ..., -0.14929237,
          0.        ,  0.10166977],
        [ 0.14692549,  0.18093525,  0.25171545, ..., -0.24904913,
         -0.10166977,  0.        ]],

       ...,

       [[ 0.        ,  0.12995618,  0.27860285, ...,  0.22732359,
          0.64315699,  0.35703681],
        [-0.12995618,  0.        ,  0.15142948, ...,  0.09884199,
          0.53819095,  0.23261824],
        [-0.27860285, -0.15142948,  0.        , ..., -0.0529858 ,
          0.40435632,  0.08266021],
        ...,
        [-0.22732359, -0.09884199,  0.0529858 , ...,  0.        ,
          0.4522492 ,  0.13534857],
        [-0.64315699, -0.53819095, -0.40435632, ..., -0.4522492 ,
          0.        , -0.32737137],
        [-0.35703681, -0.23261824, -0.08266021, ..., -0.13534857,
          0.32737137,  0.        ]],

       [[ 0.        , -0.00913657,  0.05211016, ..., -0.5826237 ,
         -0.48198616, -0.45246597],
        [ 0.00913657,  0.        ,  0.06123214, ..., -0.5751737 ,
         -0.47396077, -0.44429925],
        [-0.05211016, -0.06123214,  0.        , ..., -0.62418423,
         -0.52698913, -0.49832211],
        ...,
        [ 0.5826237 ,  0.5751737 ,  0.62418423, ...,  0.        ,
          0.11875213,  0.15183502],
        [ 0.48198616,  0.47396077,  0.52698913, ..., -0.11875213,
          0.        ,  0.03338532],
        [ 0.45246597,  0.44429925,  0.49832211, ..., -0.15183502,
         -0.03338532,  0.        ]],

       [[ 0.        ,  0.00479394, -0.01180721, ..., -0.41213062,
         -0.46515922, -0.47485562],
        [-0.00479394,  0.        , -0.01660068, ..., -0.41649376,
         -0.4693976 , -0.47906913],
        [ 0.01180721,  0.01660068,  0.        , ..., -0.40134405,
         -0.45467474, -0.46443142],
        ...,
        [ 0.41213062,  0.41649376,  0.40134405, ...,  0.        ,
         -0.05898893, -0.06995151],
        [ 0.46515922,  0.4693976 ,  0.45467474, ...,  0.05898893,
          0.        , -0.01098528],
        [ 0.47485562,  0.47906913,  0.46443142, ...,  0.06995151,
          0.01098528,  0.        ]]]), 'num': array([ 7.07050382e-01,  7.07050382e-01,  0.00000000e+00,  4.34128935e-03,
        4.44027640e-03,  4.28472531e-03,  3.25971438e-03, -1.06057557e-05,
        4.34765280e-03,  4.18202625e-03,  4.51327935e-03,  2.24522963e-06,
        4.51917494e-03,  3.84487756e-03])}
{'img': array([[[ 0.        ,  0.0777605 , -0.01734612, ..., -0.0608176 ,
         -0.20097744, -0.21420299],
        [-0.0777605 ,  0.        , -0.0950424 , ..., -0.13825   ,
         -0.27654276, -0.28951002],
        [ 0.01734612,  0.0950424 ,  0.        , ..., -0.04349444,
         -0.18395502, -0.19722727],
        ...,
        [ 0.0608176 ,  0.13825   ,  0.04349444, ...,  0.        ,
         -0.14102874, -0.15440051],
        [ 0.20097744,  0.27654276,  0.18395502, ...,  0.14102874,
          0.        , -0.01351978],
        [ 0.21420299,  0.28951002,  0.19722727, ...,  0.15440051,
          0.01351978,  0.        ]],

       [[ 0.        ,  0.06199579, -0.17519921, ..., -0.12318299,
         -0.31452847, -0.4092532 ],
        [-0.06199579,  0.        , -0.23589909, ..., -0.18446967,
         -0.37277283, -0.46503222],
        [ 0.17519921,  0.23589909,  0.        , ...,  0.05258716,
         -0.14335616, -0.24306788],
        ...,
        [ 0.12318299,  0.18446967, -0.05258716, ...,  0.        ,
         -0.1952018 , -0.29374159],
        [ 0.31452847,  0.37277283,  0.14335616, ...,  0.1952018 ,
          0.        , -0.10150047],
        [ 0.4092532 ,  0.46503222,  0.24306788, ...,  0.29374159,
          0.10150047,  0.        ]],

       [[ 0.        ,  0.07245152,  0.12909343, ..., -0.27998938,
         -0.18093525, -0.10603519],
        [-0.07245152,  0.        ,  0.05690889, ..., -0.34880724,
         -0.25171545, -0.17779959],
        [-0.12909343, -0.05690889,  0.        , ..., -0.40157665,
         -0.30638401, -0.23351358],
        ...,
        [ 0.27998938,  0.34880724,  0.40157665, ...,  0.        ,
          0.10166977,  0.1766168 ],
        [ 0.18093525,  0.25171545,  0.30638401, ..., -0.10166977,
          0.        ,  0.07563012],
        [ 0.10603519,  0.17779959,  0.23351358, ..., -0.1766168 ,
         -0.07563012,  0.        ]],

       ...,

       [[ 0.        ,  0.15142948,  0.29349177, ...,  0.53819095,
          0.23261824,  0.17689908],
        [-0.15142948,  0.        ,  0.14534647, ...,  0.40435632,
          0.08266021,  0.02581781],
        [-0.29349177, -0.14534647,  0.        , ...,  0.26712828,
         -0.06306664, -0.11975438],
        ...,
        [-0.53819095, -0.40435632, -0.26712828, ...,  0.        ,
         -0.32737137, -0.38060853],
        [-0.23261824, -0.08266021,  0.06306664, ...,  0.32737137,
          0.        , -0.05690321],
        [-0.17689908, -0.02581781,  0.11975438, ...,  0.38060853,
          0.05690321,  0.        ]],

       [[ 0.        ,  0.06123214,  0.04185777, ..., -0.47396077,
         -0.44429925, -0.42498555],
        [-0.06123214,  0.        , -0.01939926, ..., -0.52698913,
         -0.49832211, -0.47961543],
        [-0.04185777,  0.01939926,  0.        , ..., -0.51040307,
         -0.48140933, -0.46250274],
        ...,
        [ 0.47396077,  0.52698913,  0.51040307, ...,  0.        ,
          0.03338532,  0.05481004],
        [ 0.44429925,  0.49832211,  0.48140933, ..., -0.03338532,
          0.        ,  0.02144435],
        [ 0.42498555,  0.47961543,  0.46250274, ..., -0.05481004,
         -0.02144435,  0.        ]],

       [[ 0.        , -0.01660068, -0.00695985, ..., -0.4693976 ,
         -0.47906913, -0.4851797 ],
        [ 0.01660068,  0.        ,  0.00964139, ..., -0.45467474,
         -0.46443142, -0.47059697],
        [ 0.00695985, -0.00964139,  0.        , ..., -0.46324078,
         -0.47294834, -0.47908216],
        ...,
        [ 0.4693976 ,  0.45467474,  0.46324078, ...,  0.        ,
         -0.01098528, -0.01795927],
        [ 0.47906913,  0.46443142,  0.47294834, ...,  0.01098528,
          0.        , -0.00697468],
        [ 0.4851797 ,  0.47059697,  0.47908216, ...,  0.01795927,
          0.00697468,  0.        ]]]), 'num': array([9.33400961e-01, 3.58450412e-01, 4.64418860e-06, 5.74950549e-03,
       5.79130319e-03, 5.55909376e-03, 4.30455909e-03, 4.64418860e-05,
       5.79130319e-03, 5.50289907e-03, 5.92598466e-03, 2.74889668e-06,
       5.95874836e-03, 5.04704978e-03])}
{'img': array([[[ 0.        , -0.0950424 ,  0.07774742, ..., -0.27654276,
         -0.28951002, -0.24628741],
        [ 0.0950424 ,  0.        ,  0.17215019, ..., -0.18395502,
         -0.19722727, -0.15305773],
        [-0.07774742, -0.17215019,  0.        , ..., -0.35042109,
         -0.36305158, -0.32089447],
        ...,
        [ 0.27654276,  0.18395502,  0.35042109, ...,  0.        ,
         -0.01351978,  0.03134177],
        [ 0.28951002,  0.19722727,  0.36305158, ...,  0.01351978,
          0.        ,  0.04485205],
        [ 0.24628741,  0.15305773,  0.32089447, ..., -0.03134177,
         -0.04485205,  0.        ]],

       [[ 0.        , -0.23589909,  0.0499914 , ..., -0.37277283,
         -0.46503222, -0.46167366],
        [ 0.23589909,  0.        ,  0.28418466, ..., -0.14335616,
         -0.24306788, -0.23938985],
        [-0.0499914 , -0.28418466,  0.        , ..., -0.41869488,
         -0.50870784, -0.50544127],
        ...,
        [ 0.37277283,  0.14335616,  0.41869488, ...,  0.        ,
         -0.10150047, -0.09772936],
        [ 0.46503222,  0.24306788,  0.50870784, ...,  0.10150047,
          0.        ,  0.00378995],
        [ 0.46167366,  0.23938985,  0.50544127, ...,  0.09772936,
         -0.00378995,  0.        ]],

       [[ 0.        ,  0.05690889,  0.16465747, ..., -0.25171545,
         -0.17779959, -0.07123154],
        [-0.05690889,  0.        ,  0.1082585 , ..., -0.30638401,
         -0.23351358, -0.12788043],
        [-0.16465747, -0.1082585 ,  0.        , ..., -0.40763545,
         -0.3374067 , -0.2344985 ],
        ...,
        [ 0.25171545,  0.30638401,  0.40763545, ...,  0.        ,
          0.07563012,  0.18213806],
        [ 0.17779959,  0.23351358,  0.3374067 , ..., -0.07563012,
          0.        ,  0.10725135],
        [ 0.07123154,  0.12788043,  0.2344985 , ..., -0.18213806,
         -0.10725135,  0.        ]],

       ...,

       [[ 0.        ,  0.14534647,  0.218081  , ...,  0.08266021,
          0.02581781, -0.1000358 ],
        [-0.14534647,  0.        ,  0.07391707, ..., -0.06306664,
         -0.11975438, -0.24359089],
        [-0.218081  , -0.07391707,  0.        , ..., -0.13666404,
         -0.19281191, -0.31461507],
        ...,
        [-0.08266021,  0.06306664,  0.13666404, ...,  0.        ,
         -0.05690321, -0.18193903],
        [-0.02581781,  0.11975438,  0.19281191, ...,  0.05690321,
          0.        , -0.12569075],
        [ 0.1000358 ,  0.24359089,  0.31461507, ...,  0.18193903,
          0.12569075,  0.        ]],

       [[ 0.        , -0.01939926, -0.03388932, ..., -0.49832211,
         -0.47961543, -0.42969736],
        [ 0.01939926,  0.        , -0.01449483, ..., -0.48140933,
         -0.46250274, -0.4120995 ],
        [ 0.03388932,  0.01449483,  0.        , ..., -0.4686541 ,
         -0.44960277, -0.3988494 ],
        ...,
        [ 0.49832211,  0.48140933,  0.4686541 , ...,  0.        ,
          0.02144435,  0.07742723],
        [ 0.47961543,  0.46250274,  0.44960277, ..., -0.02144435,
          0.        ,  0.05602944],
        [ 0.42969736,  0.4120995 ,  0.3988494 , ..., -0.07742723,
         -0.05602944,  0.        ]],

       [[ 0.        ,  0.00964139,  0.02104208, ..., -0.46443142,
         -0.47059697, -0.48311315],
        [-0.00964139,  0.        ,  0.01140185, ..., -0.47294834,
         -0.47908216, -0.49153229],
        [-0.02104208, -0.01140185,  0.        , ..., -0.48296365,
         -0.48905921, -0.50142974],
        ...,
        [ 0.46443142,  0.47294834,  0.48296365, ...,  0.        ,
         -0.00697468, -0.02121278],
        [ 0.47059697,  0.47908216,  0.48905921, ...,  0.00697468,
          0.        , -0.01423916],
        [ 0.48311315,  0.49153229,  0.50142974, ...,  0.02121278,
          0.01423916,  0.        ]]]), 'num': array([9.36488840e-01, 3.50226356e-01, 4.53763532e-06, 5.86262484e-03,
       5.93068937e-03, 5.54045273e-03, 8.72678025e-03, 2.45032307e-04,
       5.67385921e-03, 5.40046668e-03, 5.78979579e-03, 2.86318398e-06,
       5.89374145e-03, 4.90719191e-03])}
{'img': array([[[ 0.        ,  0.17215019,  0.26135807, ..., -0.19722727,
         -0.15305773,  0.0821339 ],
        [-0.17215019,  0.        ,  0.0912896 , ..., -0.36305158,
         -0.32089447, -0.09066084],
        [-0.26135807, -0.0912896 ,  0.        , ..., -0.44659645,
         -0.40601629, -0.18119593],
        ...,
        [ 0.19722727,  0.36305158,  0.44659645, ...,  0.        ,
          0.04485205,  0.27708151],
        [ 0.15305773,  0.32089447,  0.40601629, ..., -0.04485205,
          0.        ,  0.23370673],
        [-0.0821339 ,  0.09066084,  0.18119593, ..., -0.27708151,
         -0.23370673,  0.        ]],

       [[ 0.        ,  0.28418466,  0.62572693, ..., -0.24306788,
         -0.23938985,  0.36478049],
        [-0.28418466,  0.        ,  0.37825191, ..., -0.50870784,
         -0.50544127,  0.08513793],
        [-0.62572693, -0.37825191,  0.        , ..., -0.79656413,
         -0.79426718, -0.29806613],
        ...,
        [ 0.24306788,  0.50870784,  0.79656413, ...,  0.        ,
          0.00378995,  0.5801594 ],
        [ 0.23938985,  0.50544127,  0.79426718, ..., -0.00378995,
          0.        ,  0.5770683 ],
        [-0.36478049, -0.08513793,  0.29806613, ..., -0.5801594 ,
         -0.5770683 ,  0.        ]],

       [[ 0.        ,  0.1082585 ,  0.17335334, ..., -0.23351358,
         -0.12788043, -0.10731173],
        [-0.1082585 ,  0.        ,  0.06571508, ..., -0.3374067 ,
         -0.2344985 , -0.21431439],
        [-0.17335334, -0.06571508,  0.        , ..., -0.39853885,
         -0.29787432, -0.2780393 ],
        ...,
        [ 0.23351358,  0.3374067 ,  0.39853885, ...,  0.        ,
          0.10725135,  0.1278202 ],
        [ 0.12788043,  0.2344985 ,  0.29787432, ..., -0.10725135,
          0.        ,  0.02071132],
        [ 0.10731173,  0.21431439,  0.2780393 , ..., -0.1278202 ,
         -0.02071132,  0.        ]],

       ...,

       [[ 0.        ,  0.07391707,  0.26334326, ..., -0.11975438,
         -0.24359089, -0.131854  ],
        [-0.07391707,  0.        ,  0.19131489, ..., -0.19281191,
         -0.31461507, -0.20476501],
        [-0.26334326, -0.19131489,  0.        , ..., -0.37697544,
         -0.49040352, -0.38824389],
        ...,
        [ 0.11975438,  0.19281191,  0.37697544, ...,  0.        ,
         -0.12569075, -0.0121963 ],
        [ 0.24359089,  0.31461507,  0.49040352, ...,  0.12569075,
          0.        ,  0.11358183],
        [ 0.131854  ,  0.20476501,  0.38824389, ...,  0.0121963 ,
         -0.11358183,  0.        ]],

       [[ 0.        , -0.01449483,  0.06331656, ..., -0.46250274,
         -0.4120995 , -0.2580081 ],
        [ 0.01449483,  0.        ,  0.07777565, ..., -0.44960277,
         -0.3988494 , -0.24397692],
        [-0.06331656, -0.07777565,  0.        , ..., -0.51771232,
         -0.46896279, -0.31866324],
        ...,
        [ 0.46250274,  0.44960277,  0.51771232, ...,  0.        ,
          0.05602944,  0.21808908],
        [ 0.4120995 ,  0.3988494 ,  0.46896279, ..., -0.05602944,
          0.        ,  0.16306574],
        [ 0.2580081 ,  0.24397692,  0.31866324, ..., -0.21808908,
         -0.16306574,  0.        ]],

       [[ 0.        ,  0.01140185, -0.04658776, ..., -0.47908216,
         -0.49153229, -0.57410315],
        [-0.01140185,  0.        , -0.0579742 , ..., -0.48905921,
         -0.50142974, -0.58340147],
        [ 0.04658776,  0.0579742 ,  0.        , ..., -0.43766862,
         -0.4504272 , -0.53533452],
        ...,
        [ 0.47908216,  0.48905921,  0.43766862, ...,  0.        ,
         -0.01423916, -0.11166624],
        [ 0.49153229,  0.50142974,  0.4504272 , ...,  0.01423916,
          0.        , -0.09750482],
        [ 0.57410315,  0.58340147,  0.53533452, ...,  0.11166624,
          0.09750482,  0.        ]]]), 'num': array([9.05533668e-01, 4.23923254e-01, 3.64029036e-06, 5.73345732e-03,
       5.82013090e-03, 5.60344695e-03, 7.59875944e-03, 1.34344049e-04,
       5.47083637e-03, 5.19088071e-03, 5.53316912e-03, 2.76541395e-06,
       5.72220884e-03, 4.65955258e-03])}
{'img': array([[[ 0.        ,  0.0912896 ,  0.06514177, ..., -0.32089447,
         -0.09066084,  0.0433919 ],
        [-0.0912896 ,  0.        , -0.02622594, ..., -0.40601629,
         -0.18119593, -0.04799291],
        [-0.06514177,  0.02622594,  0.        , ..., -0.38190964,
         -0.15534178, -0.02178067],
        ...,
        [ 0.32089447,  0.40601629,  0.38190964, ...,  0.        ,
          0.23370673,  0.36168935],
        [ 0.09066084,  0.18119593,  0.15534178, ..., -0.23370673,
          0.        ,  0.13378866],
        [-0.0433919 ,  0.04799291,  0.02178067, ..., -0.36168935,
         -0.13378866,  0.        ]],

       [[ 0.        ,  0.37825191,  0.02538228, ..., -0.50544127,
          0.08513793, -0.00692737],
        [-0.37825191,  0.        , -0.3546336 , ..., -0.79426718,
         -0.29806613, -0.38465552],
        [-0.02538228,  0.3546336 ,  0.        , ..., -0.52717981,
          0.05982038, -0.03230681],
        ...,
        [ 0.50544127,  0.79426718,  0.52717981, ...,  0.        ,
          0.5770683 ,  0.49945179],
        [-0.08513793,  0.29806613, -0.05982038, ..., -0.5770683 ,
          0.        , -0.09203811],
        [ 0.00692737,  0.38465552,  0.03230681, ..., -0.49945179,
          0.09203811,  0.        ]],

       [[ 0.        ,  0.06571508,  0.12411099, ..., -0.2344985 ,
         -0.21431439, -0.14346474],
        [-0.06571508,  0.        ,  0.05863572, ..., -0.29787432,
         -0.2780393 , -0.20818992],
        [-0.12411099, -0.05863572,  0.        , ..., -0.35333577,
         -0.33388462, -0.26518264],
        ...,
        [ 0.2344985 ,  0.29787432,  0.35333577, ...,  0.        ,
          0.02071132,  0.09260827],
        [ 0.21431439,  0.2780393 ,  0.33388462, ..., -0.02071132,
          0.        ,  0.07196609],
        [ 0.14346474,  0.20818992,  0.26518264, ..., -0.09260827,
         -0.07196609,  0.        ]],

       ...,

       [[ 0.        ,  0.19131489,  0.14738103, ..., -0.31461507,
         -0.20476501, -0.1839701 ],
        [-0.19131489,  0.        , -0.04456698, ..., -0.49040352,
         -0.38824389, -0.36862144],
        [-0.14738103,  0.04456698,  0.        , ..., -0.45107633,
         -0.34678713, -0.32682662],
        ...,
        [ 0.31461507,  0.49040352,  0.45107633, ...,  0.        ,
          0.11358183,  0.13461719],
        [ 0.20476501,  0.38824389,  0.34678713, ..., -0.11358183,
          0.        ,  0.02119806],
        [ 0.1839701 ,  0.36862144,  0.32682662, ..., -0.13461719,
         -0.02119806,  0.        ]],

       [[ 0.        ,  0.07777565,  0.16409554, ..., -0.3988494 ,
         -0.24397692, -0.05632517],
        [-0.07777565,  0.        ,  0.08687712, ..., -0.46896279,
         -0.31866324, -0.13380673],
        [-0.16409554, -0.08687712,  0.        , ..., -0.54392109,
         -0.39980642, -0.21939669],
        ...,
        [ 0.3988494 ,  0.46896279,  0.54392109, ...,  0.        ,
          0.16306574,  0.34656511],
        [ 0.24397692,  0.31866324,  0.39980642, ..., -0.16306574,
          0.        ,  0.18896652],
