state_0,state_1,state_2,state_3,state_4,state_5,state_6,state_7,state_8,state_9,state_10,state_11,state_12,state_13,state_14,state_15,state_16,state_17,state_18,state_19,state_20,state_21,state_22,state_23,state_24,state_25,state_26,state_27,state_28,state_29,state_30,state_31,state_32,state_33,state_34,state_35,state_36,state_37,state_38,state_39,state_40,state_41,state_42,state_43,state_44,state_45,state_46,state_47,state_48,state_49,state_50,state_51,state_52,state_53,state_54,state_55,state_56,state_57,state_58,state_59,state_60,state_61,state_62,state_63,state_64,state_65,state_66,state_67,state_68,state_69,state_70,state_71,state_72,state_73,state_74,state_75,state_76,state_77,state_78,state_79,state_80,state_81,state_82,state_83,state_84,state_85,state_86,state_87,state_88,state_89,state_90,state_91,state_92,state_93,state_94,state_95,state_96,state_97,state_98,state_99,state_100,state_101,state_102,state_103,state_104,state_105,state_106,state_107,state_108,state_109,state_110,state_111,state_112,state_113,state_114,state_115,state_116,state_117,state_118,state_119,state_120,state_121,state_122,state_123,state_124,state_125,state_126,state_127,state_128,state_129,state_130,state_131,state_132,state_133,state_134,state_135,state_136,state_137,state_138,state_139,state_140,state_141,state_142,state_143,state_144,state_145,state_146,state_147,state_148,state_149,state_150,state_151,state_152,state_153,state_154,state_155,state_156,state_157,state_158,state_159,state_160,state_161,state_162,state_163,state_164,state_165,state_166,state_167,state_168,state_169,state_170,state_171,state_172,state_173,state_174,state_175,state_176,state_177,state_178,state_179,state_180,state_181,state_182,state_183,state_184,state_185,state_186,state_187,state_188,state_189,state_190,state_191,state_192,state_193,state_194,state_195,state_196,state_197,state_198,state_199,state_200,state_201,state_202,state_203,state_204,state_205,state_206,state_207,state_208,state_209,state_210,state_211,state_212,state_213,state_214,state_215,state_216,state_217,state_218,state_219,state_220,state_221,state_222,state_223,state_224,state_225,state_226,state_227,state_228,state_229,state_230,state_231,state_232,state_233,state_234,state_235,state_236,state_237,state_238,state_239,state_240,state_241,state_242,state_243,state_244,state_245,state_246,state_247,state_248,state_249,state_250,state_251,state_252,state_253,state_254,state_255,state_256,state_257,state_258,state_259,state_260,state_261,state_262,state_263,state_264,state_265,state_266,state_267,state_268,state_269,state_270,state_271,state_272,state_273,state_274,state_275,state_276,state_277,state_278,state_279,state_280,state_281,state_282,state_283,state_284,state_285,state_286,state_287
{'img': array([[[ 0.        , -0.11114986, -0.24817906, ..., -0.92467673,
         -0.92467673, -0.77700187],
        [ 0.11114986,  0.        , -0.13896881, ..., -0.87662645,
         -0.87662645, -0.70221866],
        [ 0.24817906,  0.13896881,  0.        , ..., -0.8012525 ,
         -0.8012525 , -0.59646444],
        ...,
        [ 0.92467673,  0.87662645,  0.8012525 , ...,  0.        ,
          0.        ,  0.28623651],
        [ 0.92467673,  0.87662645,  0.8012525 , ...,  0.        ,
          0.        ,  0.28623651],
        [ 0.77700187,  0.70221866,  0.59646444, ..., -0.28623651,
         -0.28623651,  0.        ]],

       [[ 0.        ,  0.00850853, -0.01054255, ...,  0.21408959,
          0.13959032,  0.00604634],
        [-0.00850853,  0.        , -0.01905023, ...,  0.20577059,
          0.13116004, -0.00246225],
        [ 0.01054255,  0.01905023,  0.        , ...,  0.2243758 ,
          0.15002189,  0.01658836],
        ...,
        [-0.21408959, -0.20577059, -0.2243758 , ...,  0.        ,
         -0.07563973, -0.20817953],
        [-0.13959032, -0.13116004, -0.15002189, ...,  0.07563973,
          0.        , -0.13360062],
        [-0.00604634,  0.00246225, -0.01658836, ...,  0.20817953,
          0.13360062,  0.        ]],

       [[ 0.        , -0.00812425, -0.12017515, ..., -0.97764878,
         -0.99706824, -0.97012552],
        [ 0.00812425,  0.        , -0.11210581, ..., -0.97590843,
         -0.99641369, -0.97206447],
        [ 0.12017515,  0.11210581,  0.        , ..., -0.94529727,
         -0.98064671, -0.99224965],
        ...,
        [ 0.97764878,  0.97590843,  0.94529727, ...,  0.        ,
         -0.13482123, -0.44114489],
        [ 0.99706824,  0.99641369,  0.98064671, ...,  0.13482123,
          0.        , -0.3161238 ],
        [ 0.97012552,  0.97206447,  0.99224965, ...,  0.44114489,
          0.3161238 ,  0.        ]],

       ...,

       [[ 0.        ,  0.06709859, -0.09424452, ..., -0.08615816,
         -0.03454881, -0.03454881],
        [-0.06709859,  0.        , -0.16083206, ..., -0.15281307,
         -0.10152948, -0.10152948],
        [ 0.09424452,  0.16083206,  0.        , ...,  0.00811939,
          0.05979322,  0.05979322],
        ...,
        [ 0.08615816,  0.15281307, -0.00811939, ...,  0.        ,
          0.05168639,  0.05168639],
        [ 0.03454881,  0.10152948, -0.05979322, ..., -0.05168639,
          0.        ,  0.        ],
        [ 0.03454881,  0.10152948, -0.05979322, ..., -0.05168639,
          0.        ,  0.        ]],

       [[ 0.        , -0.00617542,  0.00662955, ..., -0.64176296,
         -0.72217103, -0.94056272],
        [ 0.00617542,  0.        ,  0.0128047 , ..., -0.63701478,
         -0.71788563, -0.93844749],
        [-0.00662955, -0.0128047 ,  0.        , ..., -0.64683308,
         -0.72674091, -0.94279357],
        ...,
        [ 0.64176296,  0.63701478,  0.64683308, ...,  0.        ,
         -0.1099184 , -0.50336486],
        [ 0.72217103,  0.71788563,  0.72674091, ...,  0.1099184 ,
          0.        , -0.40533715],
        [ 0.94056272,  0.93844749,  0.94279357, ...,  0.50336486,
          0.40533715,  0.        ]],

       [[ 0.        ,  0.18736225, -0.20448881, ..., -0.99665901,
         -0.98834086, -0.98453335],
        [-0.18736225,  0.        , -0.38427057, ..., -0.96370623,
         -0.94231091, -0.93427278],
        [ 0.20448881,  0.38427057,  0.        , ..., -0.99230015,
         -0.99859109, -0.99955496],
        ...,
        [ 0.99665901,  0.96370623,  0.99230015, ...,  0.        ,
         -0.07102596, -0.09420009],
        [ 0.98834086,  0.94231091,  0.99859109, ...,  0.07102596,
          0.        , -0.02325205],
        [ 0.98453335,  0.93427278,  0.99955496, ...,  0.09420009,
          0.02325205,  0.        ]]]), 'num': array([7.07106366e-01, 7.07106366e-01, 0.00000000e+00, 0.00000000e+00,
       3.42867607e-05, 3.46584329e-05, 3.41473836e-05, 1.07941970e-03,
       0.00000000e+00, 3.43518033e-05, 3.50208133e-05, 3.61768687e-05,
       3.20051064e-07, 3.62484573e-05, 3.37931693e-05])}
{'img': array([[[ 0.        , -0.13896881, -0.337718  , ..., -0.87662645,
         -0.70221866, -0.70221866],
        [ 0.13896881,  0.        , -0.20363702, ..., -0.8012525 ,
         -0.59646444, -0.59646444],
        [ 0.337718  ,  0.20363702,  0.        , ..., -0.66262202,
         -0.42051928, -0.42051928],
        ...,
        [ 0.87662645,  0.8012525 ,  0.66262202, ...,  0.        ,
          0.28623651,  0.28623651],
        [ 0.70221866,  0.59646444,  0.42051928, ..., -0.28623651,
          0.        ,  0.        ],
        [ 0.70221866,  0.59646444,  0.42051928, ..., -0.28623651,
          0.        ,  0.        ]],

       [[ 0.        , -0.01905023,  0.0020455 , ...,  0.13116004,
         -0.00246225, -0.01720025],
        [ 0.01905023,  0.        ,  0.02109532, ...,  0.15002189,
          0.01658836,  0.00185028],
        [-0.0020455 , -0.02109532,  0.        , ...,  0.12913193,
         -0.00450774, -0.01924542],
        ...,
        [-0.13116004, -0.15002189, -0.12913193, ...,  0.        ,
         -0.13360062, -0.1481923 ],
        [ 0.00246225, -0.01658836,  0.00450774, ...,  0.13360062,
          0.        , -0.01473832],
        [ 0.01720025, -0.00185028,  0.01924542, ...,  0.1481923 ,
          0.01473832,  0.        ]],

       [[ 0.        , -0.1097538 , -0.27609958, ..., -0.98116912,
         -0.99814581, -0.96724461],
        [ 0.1097538 ,  0.        , -0.16894404, ..., -0.95404267,
         -0.9854353 , -0.98926187],
        [ 0.27609958,  0.16894404,  0.        , ..., -0.88970133,
         -0.94254124, -0.99973369],
        ...,
        [ 0.98116912,  0.95404267,  0.88970133, ...,  0.        ,
         -0.13307049, -0.43588989],
        [ 0.99814581,  0.9854353 ,  0.94254124, ...,  0.13307049,
          0.        , -0.3122499 ],
        [ 0.96724461,  0.98926187,  0.99973369, ...,  0.43588989,
          0.3122499 ,  0.        ]],

       ...,

       [[ 0.        , -0.16083206, -0.46030956, ..., -0.10152948,
         -0.10152948, -0.22891166],
        [ 0.16083206,  0.        , -0.31153712, ...,  0.05979322,
          0.05979322, -0.06937012],
        [ 0.46030956,  0.31153712,  0.        , ...,  0.36779727,
          0.36779727,  0.24486878],
        ...,
        [ 0.10152948, -0.05979322, -0.36779727, ...,  0.        ,
          0.        , -0.12889518],
        [ 0.10152948, -0.05979322, -0.36779727, ...,  0.        ,
          0.        , -0.12889518],
        [ 0.22891166,  0.06937012, -0.24486878, ...,  0.12889518,
          0.12889518,  0.        ]],

       [[ 0.        ,  0.01123591,  0.09181531, ..., -0.57278728,
         -0.67099065, -0.97445481],
        [-0.01123591,  0.        ,  0.08062107, ..., -0.58196124,
         -0.67927933, -0.9769167 ],
        [-0.09181531, -0.08062107,  0.        , ..., -0.64562924,
         -0.73623433, -0.99095899],
        ...,
        [ 0.57278728,  0.58196124,  0.64562924, ...,  0.        ,
         -0.12531157, -0.6701259 ],
        [ 0.67099065,  0.67927933,  0.73623433, ...,  0.12531157,
          0.        , -0.5718314 ],
        [ 0.97445481,  0.9769167 ,  0.99095899, ...,  0.6701259 ,
          0.5718314 ,  0.        ]],

       [[ 0.        , -0.38427057, -0.65839412, ..., -0.94231091,
         -0.93427278, -0.95829896],
        [ 0.38427057,  0.        , -0.31861274, ..., -0.99859109,
         -0.99955496, -0.99453333],
        [ 0.65839412,  0.31861274,  0.        , ..., -0.92964246,
         -0.93795863, -0.90943379],
        ...,
        [ 0.94231091,  0.99859109,  0.92964246, ...,  0.        ,
         -0.02325205,  0.05149805],
        [ 0.93427278,  0.99955496,  0.93795863, ...,  0.02325205,
          0.        ,  0.07470532],
        [ 0.95829896,  0.99453333,  0.90943379, ..., -0.05149805,
         -0.07470532,  0.        ]]]), 'num': array([ 7.60487057e-01,  6.49351466e-01,  3.07429020e-05, -2.11671460e-11,
        3.62359279e-05,  3.68874729e-05,  3.62359279e-05,  1.44820419e-03,
       -7.51782736e-07,  3.67371164e-05,  3.76217141e-05,  3.89665698e-05,
        3.17078433e-07,  3.88905329e-05,  3.63528952e-05])}
{'img': array([[[ 0.        , -0.18151344, -0.25910147, ..., -0.48936587,
         -0.48936587, -0.84539822],
        [ 0.18151344,  0.        , -0.07948261, ..., -0.32294276,
         -0.32294276, -0.73440189],
        [ 0.25910147,  0.07948261,  0.        , ..., -0.24669723,
         -0.24669723, -0.6781324 ],
        ...,
        [ 0.48936587,  0.32294276,  0.24669723, ...,  0.        ,
          0.        , -0.47586549],
        [ 0.48936587,  0.32294276,  0.24669723, ...,  0.        ,
          0.        , -0.47586549],
        [ 0.84539822,  0.73440189,  0.6781324 , ...,  0.47586549,
          0.47586549,  0.        ]],

       [[ 0.        ,  0.02109532,  0.07603773, ...,  0.01658836,
          0.00185028,  0.02218039],
        [-0.02109532,  0.        ,  0.05498656, ..., -0.00450774,
         -0.01924542,  0.00108532],
        [-0.07603773, -0.05498656,  0.        , ..., -0.05948693,
         -0.07419268, -0.05390285],
        ...,
        [-0.01658836,  0.00450774,  0.05948693, ...,  0.        ,
         -0.01473832,  0.00559305],
        [-0.00185028,  0.01924542,  0.07419268, ...,  0.01473832,
          0.        ,  0.02033053],
        [-0.02218039, -0.00108532,  0.05390285, ..., -0.00559305,
         -0.02033053,  0.        ]],

       [[ 0.        , -0.15999207, -0.33226245, ..., -0.9278554 ,
         -0.95841547, -0.98067335],
        [ 0.15999207,  0.        , -0.17707991, ..., -0.85623559,
         -0.90041147, -0.99934341],
        [ 0.33226245,  0.17707991,  0.        , ..., -0.75122713,
         -0.80914507, -0.9899662 ],
        ...,
        [ 0.9278554 ,  0.85623559,  0.75122713, ...,  0.        ,
         -0.09264342, -0.54726939],
        [ 0.95841547,  0.90041147,  0.80914507, ...,  0.09264342,
          0.        , -0.46737726],
        [ 0.98067335,  0.99934341,  0.9899662 , ...,  0.54726939,
          0.46737726,  0.        ]],

       ...,

       [[ 0.        , -0.31153712, -0.48305766, ...,  0.05979322,
         -0.06937012, -0.149318  ],
        [ 0.31153712,  0.        , -0.18623947, ...,  0.36779727,
          0.24486878,  0.16615751],
        [ 0.48305766,  0.18623947,  0.        , ...,  0.53454762,
          0.42115428,  0.34690108],
        ...,
        [-0.05979322, -0.36779727, -0.53454762, ...,  0.        ,
         -0.12889518, -0.20817373],
        [ 0.06937012, -0.24486878, -0.42115428, ...,  0.12889518,
          0.        , -0.08036586],
        [ 0.149318  , -0.16615751, -0.34690108, ...,  0.20817373,
          0.08036586,  0.        ]],

       [[ 0.        ,  0.07696882,  0.14010343, ..., -0.62927153,
         -0.84555564, -0.98600138],
        [-0.07696882,  0.        ,  0.06347814, ..., -0.68722385,
         -0.88413998, -0.99590997],
        [-0.14010343, -0.06347814,  0.        , ..., -0.7319513 ,
         -0.91201526, -0.99963677],
        ...,
        [ 0.62927153,  0.68722385,  0.7319513 , ...,  0.        ,
         -0.32119352, -0.66138307],
        [ 0.84555564,  0.88413998,  0.91201526, ...,  0.32119352,
          0.        , -0.38542811],
        [ 0.98600138,  0.99590997,  0.99963677, ...,  0.66138307,
          0.38542811,  0.        ]],

       [[ 0.        , -0.56855653, -0.78110267, ..., -0.94367585,
         -0.96634389, -0.952199  ],
        [ 0.56855653,  0.        , -0.2875614 , ..., -0.96442856,
         -0.94122049, -0.95700273],
        [ 0.78110267,  0.2875614 ,  0.        , ..., -0.84767821,
         -0.80432924, -0.83316555],
        ...,
        [ 0.94367585,  0.96442856,  0.84767821, ...,  0.        ,
          0.07697142,  0.02678281],
        [ 0.96634389,  0.94122049,  0.80432924, ..., -0.07697142,
          0.        , -0.05024045],
        [ 0.952199  ,  0.95700273,  0.83316555, ..., -0.02678281,
          0.05024045,  0.        ]]]), 'num': array([ 9.68520141e-01,  2.48869635e-01,  1.93194767e-04, -3.90516490e-09,
        4.65130885e-05,  4.71374253e-05,  4.48898130e-05,  5.70847331e-03,
        1.37354087e-06,  4.59137252e-05,  4.67721883e-05,  4.85036822e-05,
        5.80523653e-07,  4.81954981e-05,  4.53488785e-05])}
{'img': array([[[ 0.        , -0.07948261, -0.17897686, ..., -0.32294276,
         -0.73440189, -0.21937839],
        [ 0.07948261,  0.        , -0.10021139, ..., -0.24669723,
         -0.6781324 , -0.14113793],
        [ 0.17897686,  0.10021139,  0.        , ..., -0.14834129,
         -0.60106946, -0.0412192 ],
        ...,
        [ 0.32294276,  0.24669723,  0.14834129, ...,  0.        ,
         -0.47586549,  0.10745206],
        [ 0.73440189,  0.6781324 ,  0.60106946, ...,  0.47586549,
          0.        ,  0.56761638],
        [ 0.21937839,  0.14113793,  0.0412192 , ..., -0.10745206,
         -0.56761638,  0.        ]],

       [[ 0.        ,  0.05498656, -0.03333789, ..., -0.01924542,
          0.00108532,  0.14046362],
        [-0.05498656,  0.        , -0.08824345, ..., -0.07419268,
         -0.05390285,  0.08580969],
        [ 0.03333789,  0.08824345,  0.        , ...,  0.01409699,
          0.03442259,  0.17339291],
        ...,
        [ 0.01924542,  0.07419268, -0.01409699, ...,  0.        ,
          0.02033053,  0.15949222],
        [-0.00108532,  0.05390285, -0.03442259, ..., -0.02033053,
          0.        ,  0.13938897],
        [-0.14046362, -0.08580969, -0.17339291, ..., -0.15949222,
         -0.13938897,  0.        ]],

       [[ 0.        , -0.17707991, -0.3887103 , ..., -0.90041147,
         -0.99934341, -0.96646113],
        [ 0.17707991,  0.        , -0.21941295, ..., -0.80914507,
         -0.9899662 , -0.90571122],
        [ 0.3887103 ,  0.21941295,  0.        , ..., -0.66049888,
         -0.93483878, -0.79063281],
        ...,
        [ 0.90041147,  0.80914507,  0.66049888, ...,  0.        ,
         -0.46737726, -0.18921124],
        [ 0.99934341,  0.9899662 ,  0.93483878, ...,  0.46737726,
          0.        ,  0.29166104],
        [ 0.96646113,  0.90571122,  0.79063281, ...,  0.18921124,
         -0.29166104,  0.        ]],

       ...,

       [[ 0.        , -0.18623947, -0.04036969, ...,  0.24486878,
          0.16615751,  0.53752305],
        [ 0.18623947,  0.        ,  0.14642425, ...,  0.42115428,
          0.34690108,  0.685165  ],
        [ 0.04036969, -0.14642425,  0.        , ...,  0.28380985,
          0.20583058,  0.57112657],
        ...,
        [-0.24486878, -0.42115428, -0.28380985, ...,  0.        ,
         -0.08036586,  0.31467345],
        [-0.16615751, -0.34690108, -0.20583058, ...,  0.08036586,
          0.        ,  0.38993889],
        [-0.53752305, -0.685165  , -0.57112657, ..., -0.31467345,
         -0.38993889,  0.        ]],

       [[ 0.        ,  0.06115568,  0.11519938, ..., -0.8269826 ,
         -0.90922471, -0.99864748],
        [-0.06115568,  0.        ,  0.05423522, ..., -0.8598181 ,
         -0.93298231, -0.99995788],
        [-0.11519938, -0.05423522,  0.        , ..., -0.88624514,
         -0.9511296 , -0.99798837],
        ...,
        [ 0.8269826 ,  0.8598181 ,  0.88624514, ...,  0.        ,
         -0.16691357, -0.51847025],
        [ 0.90922471,  0.93298231,  0.9511296 , ...,  0.16691357,
          0.        , -0.36846984],
        [ 0.99864748,  0.99995788,  0.99798837, ...,  0.51847025,
          0.36846984,  0.        ]],

       [[ 0.        , -0.37444816, -0.61935591, ..., -0.98523633,
         -0.99286172, -0.98938456],
        [ 0.37444816,  0.        , -0.28031332, ..., -0.8494528 ,
         -0.87596803, -0.86298953],
        [ 0.61935591,  0.28031332,  0.        , ..., -0.6674856 ,
         -0.70563471, -0.68677064],
        ...,
        [ 0.98523633,  0.8494528 ,  0.6674856 , ...,  0.        ,
         -0.05246748, -0.02620696],
        [ 0.99286172,  0.87596803,  0.70563471, ...,  0.05246748,
          0.        ,  0.0262786 ],
        [ 0.98938456,  0.86298953,  0.68677064, ...,  0.02620696,
         -0.0262786 ,  0.        ]]]), 'num': array([9.79864140e-01, 1.99633151e-01, 2.08339390e-04, 2.41891209e-08,
       4.71097098e-05, 4.79273684e-05, 4.62920513e-05, 3.57929386e-03,
       2.51587235e-07, 4.64555830e-05, 4.70876960e-05, 4.88488066e-05,
       5.40794992e-07, 4.84931406e-05, 4.56822513e-05])}
{'img': array([[[ 0.        , -0.10021139,  0.03487421, ..., -0.6781324 ,
         -0.14113793, -0.08702287],
        [ 0.10021139,  0.        ,  0.13484909, ..., -0.60106946,
         -0.0412192 ,  0.0132464 ],
        [-0.03487421, -0.13484909,  0.        , ..., -0.70335034,
         -0.17557719, -0.12171184],
        ...,
        [ 0.6781324 ,  0.60106946,  0.70335034, ...,  0.        ,
          0.56761638,  0.61160321],
        [ 0.14113793,  0.0412192 ,  0.17557719, ..., -0.56761638,
          0.        ,  0.05445073],
        [ 0.08702287, -0.0132464 ,  0.12171184, ..., -0.61160321,
         -0.05445073,  0.        ]],

       [[ 0.        , -0.08824345, -0.10411322, ..., -0.05390285,
          0.08580969,  0.02011743],
        [ 0.08824345,  0.        , -0.01594318, ...,  0.03442259,
          0.17339291,  0.10826454],
        [ 0.10411322,  0.01594318,  0.        , ...,  0.05035194,
          0.18907255,  0.12410025],
        ...,
        [ 0.05390285, -0.03442259, -0.05035194, ...,  0.        ,
          0.13938897,  0.07398012],
        [-0.08580969, -0.17339291, -0.18907255, ..., -0.13938897,
          0.        , -0.0657491 ],
        [-0.02011743, -0.10826454, -0.12410025, ..., -0.07398012,
          0.0657491 ,  0.        ]],

       [[ 0.        , -0.21941295, -0.35710289, ..., -0.9899662 ,
         -0.90571122, -0.82752065],
        [ 0.21941295,  0.        , -0.14345506, ..., -0.93483878,
         -0.79063281, -0.68416953],
        [ 0.35710289,  0.14345506,  0.        , ..., -0.87423264,
         -0.69461898, -0.57246797],
        ...,
        [ 0.9899662 ,  0.93483878,  0.87423264, ...,  0.        ,
          0.29166104,  0.43886968],
        [ 0.90571122,  0.79063281,  0.69461898, ..., -0.29166104,
          0.        ,  0.15771615],
        [ 0.82752065,  0.68416953,  0.57246797, ..., -0.43886968,
         -0.15771615,  0.        ]],

       ...,

       [[ 0.        ,  0.14642425,  0.39246946, ...,  0.34690108,
          0.685165  ,  0.61662303],
        [-0.14642425,  0.        ,  0.25356347, ...,  0.20583058,
          0.57112657,  0.49470325],
        [-0.39246946, -0.25356347,  0.        , ..., -0.0490303 ,
          0.34432082,  0.25817336],
        ...,
        [-0.34690108, -0.20583058,  0.0490303 , ...,  0.        ,
          0.38993889,  0.30523096],
        [-0.685165  , -0.57112657, -0.34432082, ..., -0.38993889,
          0.        , -0.09026127],
        [-0.61662303, -0.49470325, -0.25817336, ..., -0.30523096,
          0.09026127,  0.        ]],

       [[ 0.        ,  0.05380465,  0.00738972, ..., -0.92061376,
         -0.98646884, -0.99984921],
        [-0.05380465,  0.        , -0.04642417, ..., -0.94028958,
         -0.99386113, -0.99746656],
        [-0.00738972,  0.04642417,  0.        , ..., -0.92347412,
         -0.98765344, -0.99969358],
        ...,
        [ 0.92061376,  0.94028958,  0.92347412, ...,  0.        ,
         -0.23425729, -0.4064025 ],
        [ 0.98646884,  0.99386113,  0.98765344, ...,  0.23425729,
          0.        , -0.18105469],
        [ 0.99984921,  0.99746656,  0.99969358, ...,  0.4064025 ,
          0.18105469,  0.        ]],

       [[ 0.        , -0.28031332, -0.37838775, ..., -0.87596803,
         -0.86298953, -0.86361354],
        [ 0.28031332,  0.        , -0.10374641, ..., -0.70563471,
         -0.68677064, -0.68766884],
        [ 0.37838775,  0.10374641,  0.        , ..., -0.62831475,
         -0.60765409, -0.60863559],
        ...,
        [ 0.87596803,  0.70563471,  0.62831475, ...,  0.        ,
          0.0262786 ,  0.02504259],
        [ 0.86298953,  0.68677064,  0.60765409, ..., -0.0262786 ,
          0.        , -0.00123643],
        [ 0.86361354,  0.68766884,  0.60863559, ..., -0.02504259,
          0.00123643,  0.        ]]]), 'num': array([ 9.81305311e-01,  1.92405761e-01,  2.20980266e-04,  3.08761526e-08,
        4.67468328e-05,  4.90383442e-05,  4.66158893e-05,  4.45442320e-03,
       -2.29151141e-06,  4.80431736e-05,  4.88844856e-05,  5.08028080e-05,
        4.39664338e-07,  5.06384811e-05,  4.71304901e-05])}
{'img': array([[[ 0.        ,  0.11839022,  0.1284824 , ..., -0.03504486,
          0.01138814, -0.67650928],
        [-0.11839022,  0.        ,  0.01016982, ..., -0.1531159 ,
         -0.1070745 , -0.75893809],
        [-0.1284824 , -0.01016982,  0.        , ..., -0.16315788,
         -0.11718031, -0.76552105],
        ...,
        [ 0.03504486,  0.1531159 ,  0.16315788, ...,  0.        ,
          0.04642374, -0.65028549],
        [-0.01138814,  0.1070745 ,  0.11718031, ..., -0.04642374,
          0.        , -0.68485202],
        [ 0.67650928,  0.75893809,  0.76552105, ...,  0.65028549,
          0.68485202,  0.        ]],

       [[ 0.        , -0.01594318, -0.04179116, ...,  0.17339291,
          0.10826454,  0.13126179],
        [ 0.01594318,  0.        , -0.02585659, ...,  0.18907255,
          0.12410025,  0.14705035],
        [ 0.04179116,  0.02585659,  0.        , ...,  0.21439956,
          0.14971547,  0.17257669],
        ...,
        [-0.17339291, -0.18907255, -0.21439956, ...,  0.        ,
         -0.0657491 , -0.04261913],
        [-0.10826454, -0.12410025, -0.14971547, ...,  0.0657491 ,
          0.        ,  0.02316245],
        [-0.13126179, -0.14705035, -0.17257669, ...,  0.04261913,
         -0.02316245,  0.        ]],

       [[ 0.        , -0.14345506, -0.23120854, ..., -0.79063281,
         -0.68416953, -0.86105827],
        [ 0.14345506,  0.        , -0.08924907, ..., -0.69461898,
         -0.57246797, -0.77920439],
        [ 0.23120854,  0.08924907,  0.        , ..., -0.62764319,
         -0.49700571, -0.72015622],
        ...,
        [ 0.79063281,  0.69461898,  0.62764319, ...,  0.        ,
          0.15771615, -0.1251761 ],
        [ 0.68416953,  0.57246797,  0.49700571, ..., -0.15771615,
          0.        , -0.2800851 ],
        [ 0.86105827,  0.77920439,  0.72015622, ...,  0.1251761 ,
          0.2800851 ,  0.        ]],

       ...,

       [[ 0.        ,  0.25356347,  0.29050213, ...,  0.57112657,
          0.49470325,  0.26024848],
        [-0.25356347,  0.        ,  0.03837978, ...,  0.34432082,
          0.25817336,  0.00691714],
        [-0.29050213, -0.03837978,  0.        , ...,  0.3080342 ,
          0.2209045 , -0.03146682],
        ...,
        [-0.57112657, -0.34432082, -0.3080342 , ...,  0.        ,
         -0.09026127, -0.33781841],
        [-0.49470325, -0.25817336, -0.2209045 , ...,  0.09026127,
          0.        , -0.25148455],
        [-0.26024848, -0.00691714,  0.03146682, ...,  0.33781841,
          0.25148455,  0.        ]],

       [[ 0.        , -0.04642417, -0.05885691, ..., -0.99386113,
         -0.99746656, -0.97563221],
        [ 0.04642417,  0.        , -0.01244976, ..., -0.98765344,
         -0.99969358, -0.96439427],
        [ 0.05885691,  0.01244976,  0.        , ..., -0.98562658,
         -0.99992428, -0.96102695],
        ...,
        [ 0.99386113,  0.98765344,  0.98562658, ...,  0.        ,
         -0.18105469,  0.11012655],
        [ 0.99746656,  0.99969358,  0.99992428, ...,  0.18105469,
          0.        ,  0.28825993],
        [ 0.97563221,  0.96439427,  0.96102695, ..., -0.11012655,
         -0.28825993,  0.        ]],

       [[ 0.        , -0.10374641, -0.20591818, ..., -0.68677064,
         -0.68766884, -0.80066284],
        [ 0.10374641,  0.        , -0.10328396, ..., -0.60765409,
         -0.60863559, -0.73418624],
        [ 0.20591818,  0.10328396,  0.        , ..., -0.52237599,
         -0.52342991, -0.66013529],
        ...,
        [ 0.68677064,  0.60765409,  0.52237599, ...,  0.        ,
         -0.00123643, -0.17052643],
        [ 0.68766884,  0.60863559,  0.52342991, ...,  0.00123643,
          0.        , -0.16930798],
        [ 0.80066284,  0.73418624,  0.66013529, ...,  0.17052643,
          0.16930798,  0.        ]]]), 'num': array([ 9.13558354e-01,  4.06670844e-01,  1.43594202e-04, -1.91774288e-08,
        4.33200183e-05,  4.54062515e-05,  4.33200183e-05,  5.47000521e-03,
       -4.90878394e-07,  4.46331180e-05,  4.56516907e-05,  4.75691844e-05,
        3.94762345e-07,  4.75819416e-05,  4.37214397e-05])}
{'img': array([[[ 0.        ,  0.00937868,  0.11716716, ..., -0.09772166,
         -0.54535089, -0.79886997],
        [-0.00937868,  0.        ,  0.10784793, ..., -0.10705115,
         -0.55318818, -0.80447614],
        [-0.11716716, -0.10784793,  0.        , ..., -0.21365494,
         -0.63980506, -0.86384401],
        ...,
        [ 0.09772166,  0.10705115,  0.21365494, ...,  0.        ,
         -0.46082966, -0.73626646],
        [ 0.54535089,  0.55318818,  0.63980506, ...,  0.46082966,
          0.        , -0.34158847],
        [ 0.79886997,  0.80447614,  0.86384401, ...,  0.73626646,
          0.34158847,  0.        ]],

       [[ 0.        , -0.02585659, -0.0108206 , ...,  0.12410025,
          0.14705035,  0.18525886],
        [ 0.02585659,  0.        ,  0.0150381 , ...,  0.14971547,
          0.17257669,  0.21060593],
        [ 0.0108206 , -0.0150381 ,  0.        , ...,  0.13482994,
          0.15774471,  0.19588131],
        ...,
        [-0.12410025, -0.14971547, -0.13482994, ...,  0.        ,
          0.02316245,  0.06187471],
        [-0.14705035, -0.17257669, -0.15774471, ..., -0.02316245,
          0.        ,  0.03874004],
        [-0.18525886, -0.21060593, -0.19588131, ..., -0.06187471,
         -0.03874004,  0.        ]],

       [[ 0.        , -0.08103813, -0.04593299, ..., -0.49015058,
         -0.62096465, -0.91037095],
        [ 0.08103813,  0.        ,  0.03517068, ..., -0.41790259,
         -0.55540149, -0.87384372],
        [ 0.04593299, -0.03517068,  0.        , ..., -0.44959631,
         -0.58430519, -0.89040332],
        ...,
        [ 0.49015058,  0.41790259,  0.44959631, ...,  0.        ,
         -0.15705731, -0.59069278],
        [ 0.62096465,  0.55540149,  0.58430519, ...,  0.15705731,
          0.        , -0.45663298],
        [ 0.91037095,  0.87384372,  0.89040332, ...,  0.59069278,
          0.45663298,  0.        ]],

       ...,

       [[ 0.        ,  0.03837978,  0.23824706, ...,  0.25817336,
          0.00691714, -0.03346998],
        [-0.03837978,  0.        ,  0.20079691, ...,  0.2209045 ,
         -0.03146682, -0.0718036 ],
        [-0.23824706, -0.20079691,  0.        , ...,  0.020569  ,
         -0.23152341, -0.27061978],
        ...,
        [-0.25817336, -0.2209045 , -0.020569  , ...,  0.        ,
         -0.25148455, -0.29036402],
        [-0.00691714,  0.03146682,  0.23152341, ...,  0.25148455,
          0.        , -0.04038244],
        [ 0.03346998,  0.0718036 ,  0.27061978, ...,  0.29036402,
          0.04038244,  0.        ]],

       [[ 0.        , -0.01244976, -0.04285177, ..., -0.99969358,
         -0.96439427, -0.93179016],
        [ 0.01244976,  0.        , -0.03041012, ..., -0.99992428,
         -0.96102695, -0.92719871],
        [ 0.04285177,  0.03041012,  0.        , ..., -0.99983604,
         -0.95217546, -0.91537917],
        ...,
        [ 0.99969358,  0.99992428,  0.99983604, ...,  0.        ,
          0.28825993,  0.38595136],
        [ 0.96439427,  0.96102695,  0.95217546, ..., -0.28825993,
          0.        ,  0.10364327],
        [ 0.93179016,  0.92719871,  0.91537917, ..., -0.38595136,
         -0.10364327,  0.        ]],

       [[ 0.        , -0.10328396, -0.14323655, ..., -0.60863559,
         -0.73418624, -0.85997623],
        [ 0.10328396,  0.        , -0.04025156, ..., -0.52342991,
         -0.66013529, -0.80266767],
        [ 0.14323655,  0.04025156,  0.        , ..., -0.48870861,
         -0.62936548, -0.77801007],
        ...,
        [ 0.60863559,  0.52342991,  0.48870861, ...,  0.        ,
         -0.16930798, -0.37174054],
        [ 0.73418624,  0.66013529,  0.62936548, ...,  0.16930798,
          0.        , -0.20919899],
        [ 0.85997623,  0.80266767,  0.77801007, ...,  0.37174054,
          0.20919899,  0.        ]]]), 'num': array([ 9.34789304e-01,  3.55101917e-01,  1.70496290e-04, -2.80080067e-08,
        4.37071090e-05,  4.56353638e-05,  4.24216058e-05,  8.45810976e-03,
       -1.67115417e-06,  4.62009853e-05,  4.75443361e-05,  4.97446891e-05,
        3.89033865e-07,  5.01457258e-05,  4.49429464e-05])}
{'img': array([[[ 0.        ,  0.09008374,  0.14084332, ..., -0.39427342,
         -0.47564943, -0.89199017],
        [-0.09008374,  0.        ,  0.0510849 , ..., -0.47545672,
         -0.55295634, -0.9290863 ],
        [-0.14084332, -0.0510849 ,  0.        , ..., -0.51977731,
         -0.59479882, -0.94676762],
        ...,
        [ 0.39427342,  0.47545672,  0.51977731, ...,  0.        ,
         -0.09030192, -0.6414997 ],
        [ 0.47564943,  0.55295634,  0.59479882, ...,  0.09030192,
          0.        , -0.56960611],
        [ 0.89199017,  0.9290863 ,  0.94676762, ...,  0.6414997 ,
          0.56960611,  0.        ]],

       [[ 0.        ,  0.0150381 ,  0.01225215, ...,  0.17257669,
          0.21060593,  0.27379532],
        [-0.0150381 ,  0.        , -0.0027862 , ...,  0.15774471,
          0.19588131,  0.2593009 ],
        [-0.01225215,  0.0027862 ,  0.        , ...,  0.16049542,
          0.19861278,  0.2619908 ],
        ...,
        [-0.17257669, -0.15774471, -0.16049542, ...,  0.        ,
          0.03874004,  0.10370514],
        [-0.21060593, -0.19588131, -0.19861278, ..., -0.03874004,
          0.        ,  0.06509613],
        [-0.27379532, -0.2593009 , -0.2619908 , ..., -0.10370514,
         -0.06509613,  0.        ]],

       [[ 0.        ,  0.03108548,  0.10877505, ..., -0.45146562,
         -0.60151678, -0.92348788],
        [-0.03108548,  0.        ,  0.07782145, ..., -0.47898465,
         -0.62605903, -0.93496683],
        [-0.10877505, -0.07782145,  0.        , ..., -0.54584552,
         -0.68484366, -0.95973737],
        ...,
        [ 0.45146562,  0.47898465,  0.54584552, ...,  0.        ,
         -0.17606861, -0.65082295],
        [ 0.60151678,  0.62605903,  0.68484366, ...,  0.17606861,
          0.        , -0.50697924],
        [ 0.92348788,  0.93496683,  0.95973737, ...,  0.65082295,
          0.50697924,  0.        ]],

       ...,

       [[ 0.        ,  0.20079691,  0.27672018, ..., -0.03146682,
         -0.0718036 , -0.12758491],
        [-0.20079691,  0.        ,  0.07812829, ..., -0.23152341,
         -0.27061978, -0.32414231],
        [-0.27672018, -0.07812829,  0.        , ..., -0.30682121,
         -0.34500561, -0.39706152],
        ...,
        [ 0.03146682,  0.23152341,  0.30682121, ...,  0.        ,
         -0.04038244, -0.09631207],
        [ 0.0718036 ,  0.27061978,  0.34500561, ...,  0.04038244,
          0.        , -0.0560388 ],
        [ 0.12758491,  0.32414231,  0.39706152, ...,  0.09631207,
          0.0560388 ,  0.        ]],

       [[ 0.        , -0.03041012, -0.08577375, ..., -0.96102695,
         -0.92719871, -0.84726136],
        [ 0.03041012,  0.        , -0.05543603, ..., -0.95217546,
         -0.91537917, -0.83071638],
        [ 0.08577375,  0.05543603,  0.        , ..., -0.93377267,
         -0.89165339, -0.79857792],
        ...,
        [ 0.96102695,  0.95217546,  0.93377267, ...,  0.        ,
          0.10364327,  0.27624529],
        [ 0.92719871,  0.91537917,  0.89165339, ..., -0.10364327,
          0.        ,  0.17514737],
        [ 0.84726136,  0.83071638,  0.79857792, ..., -0.27624529,
         -0.17514737,  0.        ]],

       [[ 0.        , -0.04025156, -0.04307089, ..., -0.66013529,
         -0.80266767, -0.99475902],
        [ 0.04025156,  0.        , -0.00282178, ..., -0.62936548,
         -0.77801007, -0.98983723],
        [ 0.04307089,  0.00282178,  0.        , ..., -0.62717014,
         -0.77623419, -0.98943202],
        ...,
        [ 0.66013529,  0.62936548,  0.62717014, ...,  0.        ,
         -0.20919899, -0.67971296],
        [ 0.80266767,  0.77801007,  0.77623419, ...,  0.20919899,
          0.        , -0.51123012],
        [ 0.99475902,  0.98983723,  0.98943202, ...,  0.67971296,
          0.51123012,  0.        ]]]), 'num': array([ 9.40272538e-01,  3.40406392e-01,  1.73371718e-04, -5.68354042e-08,
        4.42444421e-05,  4.55231832e-05,  4.28378269e-05,  3.31576289e-03,
        7.67244661e-07,  4.52802224e-05,  4.70800505e-05,  4.94105561e-05,
        4.20851502e-07,  4.99205473e-05,  4.42395537e-05])}
{'img': array([[[ 0.        ,  0.0510849 ,  0.03659385, ..., -0.55295634,
         -0.9290863 , -0.70587854],
        [-0.0510849 ,  0.        , -0.01450461, ..., -0.59479882,
         -0.94676762, -0.741142  ],
        [-0.03659385,  0.01450461,  0.        , ..., -0.58307636,
         -0.94199873, -0.73132639],
        ...,
        [ 0.55295634,  0.59479882,  0.58307636, ...,  0.        ,
         -0.56960611, -0.19646805],
        [ 0.9290863 ,  0.94676762,  0.94199873, ...,  0.56960611,
          0.        ,  0.39702402],
        [ 0.70587854,  0.741142  ,  0.73132639, ...,  0.19646805,
         -0.39702402,  0.        ]],

       [[ 0.        , -0.0027862 , -0.07920322, ...,  0.19588131,
          0.2593009 ,  0.12356429],
        [ 0.0027862 ,  0.        , -0.07642546, ...,  0.19861278,
          0.2619908 ,  0.12632867],
        [ 0.07920322,  0.07642546,  0.        , ...,  0.27293482,
          0.33498051,  0.20177237],
        ...,
        [-0.19588131, -0.19861278, -0.27293482, ...,  0.        ,
          0.06509613, -0.07320963],
        [-0.2593009 , -0.2619908 , -0.33498051, ..., -0.06509613,
          0.        , -0.1379758 ],
        [-0.12356429, -0.12632867, -0.20177237, ...,  0.07320963,
          0.1379758 ,  0.        ]],

       [[ 0.        ,  0.06962866,  0.15570013, ..., -0.5200153 ,
         -0.68313477, -0.96862658],
        [-0.06962866,  0.        ,  0.08654275, ..., -0.57822701,
         -0.73232607, -0.98357987],
        [-0.15570013, -0.08654275,  0.        , ..., -0.64666573,
         -0.78851012, -0.99550828],
        ...,
        [ 0.5200153 ,  0.57822701,  0.64666573, ...,  0.        ,
         -0.20374113, -0.69812455],
        [ 0.68313477,  0.73232607,  0.78851012, ...,  0.20374113,
          0.        , -0.53760742],
        [ 0.96862658,  0.98357987,  0.99550828, ...,  0.69812455,
          0.53760742,  0.        ]],

       ...,

       [[ 0.        ,  0.07812829, -0.03391606, ..., -0.27061978,
         -0.32414231, -0.24993497],
        [-0.07812829,  0.        , -0.11189573, ..., -0.34500561,
         -0.39706152, -0.3248197 ],
        [ 0.03391606,  0.11189573,  0.        , ..., -0.23781356,
         -0.29187094, -0.21695152],
        ...,
        [ 0.27061978,  0.34500561,  0.23781356, ...,  0.        ,
         -0.0560388 ,  0.02142204],
        [ 0.32414231,  0.39706152,  0.29187094, ...,  0.0560388 ,
          0.        ,  0.07741432],
        [ 0.24993497,  0.3248197 ,  0.21695152, ..., -0.02142204,
         -0.07741432,  0.        ]],

       [[ 0.        , -0.05543603, -0.13683781, ..., -0.91537917,
         -0.83071638, -0.81994723],
        [ 0.05543603,  0.        , -0.08171282, ..., -0.89165339,
         -0.79857792, -0.78695259],
        [ 0.13683781,  0.08171282,  0.        , ..., -0.8516787 ,
         -0.74672517, -0.73390305],
        ...,
        [ 0.91537917,  0.89165339,  0.8516787 , ...,  0.        ,
          0.17514737,  0.19389398],
        [ 0.83071638,  0.79857792,  0.74672517, ..., -0.17514737,
          0.        ,  0.01907331],
        [ 0.81994723,  0.78695259,  0.73390305, ..., -0.19389398,
         -0.01907331,  0.        ]],

       [[ 0.        , -0.00271634,  0.01422731, ..., -0.74319306,
         -0.95666277, -0.95458954],
        [ 0.00271634,  0.        ,  0.01694331, ..., -0.74137288,
         -0.95586825, -0.95539528],
        [-0.01422731, -0.01694331,  0.        , ..., -0.75263701,
         -0.96070891, -0.95025427],
        ...,
        [ 0.74319306,  0.74137288,  0.75263701, ...,  0.        ,
         -0.42366468, -0.8601091 ],
        [ 0.95666277,  0.95586825,  0.96070891, ...,  0.42366468,
          0.        , -0.56298762],
        [ 0.95458954,  0.95539528,  0.95025427, ...,  0.8601091 ,
          0.56298762,  0.        ]]]), 'num': array([ 9.38054582e-01,  3.46484818e-01,  1.69261735e-04, -4.28125308e-08,
        4.43057043e-05,  4.46226264e-05,  4.37352446e-05,  1.35134300e-03,
        4.43690887e-07,  4.42549968e-05,  4.65019742e-05,  4.89063562e-05,
        4.27844784e-07,  4.94533406e-05,  4.35506078e-05])}
{'img': array([[[ 0.        , -0.01450461,  0.01443342, ..., -0.94676762,
         -0.741142  , -0.66475822],
        [ 0.01450461,  0.        ,  0.028935  , ..., -0.94199873,
         -0.73132639, -0.65385249],
        [-0.01443342, -0.028935  ,  0.        , ..., -0.95131537,
         -0.75075465, -0.67547158],
        ...,
        [ 0.94676762,  0.94199873,  0.95131537, ...,  0.        ,
          0.39702402,  0.49329336],
        [ 0.741142  ,  0.73132639,  0.75075465, ..., -0.39702402,
          0.        ,  0.10739219],
