state_0,state_1,state_2,state_3,state_4,state_5,state_6,state_7,state_8,state_9,state_10,state_11,state_12,state_13,state_14,state_15,state_16,state_17,state_18,state_19,state_20,state_21,state_22,state_23,state_24,state_25,state_26,state_27,state_28,state_29,state_30,state_31,state_32,state_33,state_34,state_35,state_36,state_37,state_38,state_39,state_40,state_41,state_42,state_43,state_44,state_45,state_46,state_47,state_48,state_49,state_50,state_51,state_52,state_53,state_54,state_55,state_56,state_57,state_58,state_59,state_60,state_61,state_62,state_63,state_64,state_65,state_66,state_67,state_68,state_69,state_70,state_71,state_72,state_73,state_74,state_75,state_76,state_77,state_78,state_79,state_80,state_81,state_82,state_83,state_84,state_85,state_86,state_87,state_88,state_89,state_90,state_91,state_92,state_93,state_94,state_95,state_96,state_97,state_98,state_99,state_100,state_101,state_102,state_103,state_104,state_105,state_106,state_107,state_108,state_109,state_110,state_111,state_112,state_113,state_114,state_115,state_116,state_117,state_118,state_119,state_120,state_121,state_122,state_123,state_124,state_125,state_126,state_127,state_128,state_129,state_130,state_131,state_132,state_133,state_134,state_135,state_136,state_137,state_138,state_139,state_140,state_141,state_142,state_143,state_144,state_145,state_146,state_147,state_148,state_149,state_150,state_151,state_152,state_153,state_154,state_155,state_156,state_157,state_158,state_159,state_160,state_161,state_162,state_163,state_164,state_165,state_166,state_167,state_168,state_169,state_170,state_171,state_172,state_173,state_174,state_175,state_176,state_177,state_178,state_179,state_180,state_181,state_182,state_183,state_184,state_185,state_186,state_187,state_188,state_189,state_190,state_191,state_192,state_193,state_194,state_195,state_196,state_197,state_198,state_199,state_200,state_201,state_202,state_203,state_204,state_205,state_206,state_207,state_208,state_209,state_210,state_211,state_212,state_213,state_214,state_215,state_216,state_217,state_218,state_219,state_220,state_221,state_222,state_223,state_224,state_225,state_226,state_227,state_228,state_229,state_230,state_231,state_232,state_233,state_234,state_235,state_236,state_237,state_238,state_239,state_240,state_241,state_242,state_243,state_244,state_245,state_246,state_247,state_248,state_249,state_250,state_251,state_252,state_253,state_254,state_255,state_256,state_257,state_258,state_259,state_260,state_261,state_262,state_263,state_264,state_265,state_266,state_267,state_268,state_269,state_270,state_271,state_272,state_273,state_274,state_275,state_276,state_277,state_278,state_279,state_280,state_281,state_282,state_283,state_284,state_285,state_286,state_287
{'img': array([[[ 0.        ,  0.26647968,  0.33357796, ..., -0.72091773,
         -0.59834681, -0.89601913],
        [-0.26647968,  0.        ,  0.07029957, ..., -0.87952566,
         -0.79022435, -0.98194066],
        [-0.33357796, -0.07029957,  0.        , ..., -0.9108018 ,
         -0.83135009, -0.99281118],
        ...,
        [ 0.72091773,  0.87952566,  0.9108018 , ...,  0.        ,
          0.16295943, -0.30086115],
        [ 0.59834681,  0.79022435,  0.83135009, ..., -0.16295943,
          0.        , -0.45224866],
        [ 0.89601913,  0.98194066,  0.99281118, ...,  0.30086115,
          0.45224866,  0.        ]],

       [[ 0.        ,  0.71323571,  0.16876806, ..., -0.60628285,
         -0.89989468, -0.70946029],
        [-0.71323571,  0.        , -0.58471128, ..., -0.99215841,
         -0.9418053 , -0.99992753],
        [-0.16876806,  0.58471128,  0.        , ..., -0.73179885,
         -0.96058739, -0.81822216],
        ...,
        [ 0.60628285,  0.99215841,  0.73179885, ...,  0.        ,
         -0.45123606, -0.13692259],
        [ 0.89989468,  0.9418053 ,  0.96058739, ...,  0.45123606,
          0.        ,  0.32479586],
        [ 0.70946029,  0.99992753,  0.81822216, ...,  0.13692259,
         -0.32479586,  0.        ]],

       [[ 0.        ,  0.07995633,  0.13197522, ..., -0.81607194,
         -0.88666163, -0.93576583],
        [-0.07995633,  0.        ,  0.05229573, ..., -0.85966996,
         -0.92079618, -0.96096421],
        [-0.13197522, -0.05229573,  0.        , ..., -0.88520889,
         -0.93993384, -0.97411807],
        ...,
        [ 0.81607194,  0.85966996,  0.88520889, ...,  0.        ,
         -0.13507938, -0.2530612 ],
        [ 0.88666163,  0.92079618,  0.93993384, ...,  0.13507938,
          0.        , -0.12005926],
        [ 0.93576583,  0.96096421,  0.97411807, ...,  0.2530612 ,
          0.12005926,  0.        ]],

       ...,

       [[ 0.        ,  0.34789385,  0.53512113, ..., -0.2872572 ,
         -0.16905254, -0.11995101],
        [-0.34789385,  0.        ,  0.20780207, ..., -0.60254471,
         -0.50137912, -0.45784013],
        [-0.53512113, -0.20780207,  0.        , ..., -0.75523544,
         -0.67023057, -0.63258911],
        ...,
        [ 0.2872572 ,  0.60254471,  0.75523544, ...,  0.        ,
          0.12119515,  0.17028765],
        [ 0.16905254,  0.50137912,  0.67023057, ..., -0.12119515,
          0.        ,  0.04960739],
        [ 0.11995101,  0.45784013,  0.63258911, ..., -0.17028765,
         -0.04960739,  0.        ]],

       [[ 0.        ,  0.01225106,  0.044822  , ..., -0.84197645,
         -0.86969647, -0.92868833],
        [-0.01225106,  0.        ,  0.03257989, ..., -0.84852288,
         -0.87567817, -0.93316208],
        [-0.044822  , -0.03257989,  0.        , ..., -0.86531236,
         -0.89094597, -0.94437773],
        ...,
        [ 0.84197645,  0.84852288,  0.86531236, ...,  0.        ,
         -0.05362511, -0.18878429],
        [ 0.86969647,  0.87567817,  0.89094597, ...,  0.05362511,
          0.        , -0.1358518 ],
        [ 0.92868833,  0.93316208,  0.94437773, ...,  0.18878429,
          0.1358518 ,  0.        ]],

       [[ 0.        , -0.00410948, -0.01040954, ..., -0.35063936,
         -0.3792681 , -0.44484592],
        [ 0.00410948,  0.        , -0.00630019, ..., -0.34678783,
         -0.37546245, -0.44116169],
        [ 0.01040954,  0.00630019,  0.        , ..., -0.34087172,
         -0.36961574, -0.43549896],
        ...,
        [ 0.35063936,  0.34678783,  0.34087172, ...,  0.        ,
         -0.03074659, -0.1025678 ],
        [ 0.3792681 ,  0.37546245,  0.36961574, ...,  0.03074659,
          0.        , -0.07193487],
        [ 0.44484592,  0.44116169,  0.43549896, ...,  0.1025678 ,
          0.07193487,  0.        ]]]), 'num': array([7.07088780e-01, 7.07088780e-01, 0.00000000e+00, 0.00000000e+00,
       2.44241140e-03, 2.49581689e-03, 2.41748883e-03, 2.60184461e-04,
       2.49225653e-05, 2.45736493e-03, 2.50222555e-03, 2.82248052e-03,
       3.31311879e-07, 2.59906752e-03, 2.40538358e-03])}
{'img': array([[[ 0.        ,  0.07029957,  0.42235738, ..., -0.79022435,
         -0.98194066, -0.86750413],
        [-0.07029957,  0.        ,  0.35759085, ..., -0.83135009,
         -0.99281118, -0.90032697],
        [-0.42235738, -0.35759085,  0.        , ..., -0.97511064,
         -0.96996532, -0.99642446],
        ...,
        [ 0.79022435,  0.83135009,  0.97511064, ...,  0.        ,
         -0.45224866, -0.13854055],
        [ 0.98194066,  0.99281118,  0.96996532, ...,  0.45224866,
          0.        ,  0.32432432],
        [ 0.86750413,  0.90032697,  0.99642446, ...,  0.13854055,
         -0.32432432,  0.        ]],

       [[ 0.        , -0.58471128,  0.83014507, ..., -0.9418053 ,
         -0.99992753, -0.92274841],
        [ 0.58471128,  0.        ,  0.99945239, ..., -0.96058739,
         -0.81822216, -0.97392118],
        [-0.83014507, -0.99945239,  0.        , ..., -0.24604054,
         -0.54751272, -0.19453573],
        ...,
        [ 0.9418053 ,  0.96058739,  0.24604054, ...,  0.        ,
          0.32479586, -0.05278443],
        [ 0.99992753,  0.81822216,  0.54751272, ..., -0.32479586,
          0.        , -0.37426574],
        [ 0.92274841,  0.97392118,  0.19453573, ...,  0.05278443,
          0.37426574,  0.        ]],

       [[ 0.        ,  0.0514337 ,  0.15222614, ..., -0.86881498,
         -0.88334862, -0.965416  ],
        [-0.0514337 ,  0.        ,  0.10119038, ..., -0.89313175,
         -0.90628726, -0.97754769],
        [-0.15222614, -0.10119038,  0.        , ..., -0.93406232,
         -0.94440472, -0.99385228],
        ...,
        [ 0.86881498,  0.89313175,  0.93406232, ...,  0.        ,
         -0.03015052, -0.2515006 ],
        [ 0.88334862,  0.90628726,  0.94440472, ...,  0.03015052,
          0.        , -0.22220486],
        [ 0.965416  ,  0.97754769,  0.99385228, ...,  0.2515006 ,
          0.22220486,  0.        ]],

       ...,

       [[ 0.        ,  0.20780207,  0.48938964, ..., -0.50137912,
         -0.45784013, -0.35463922],
        [-0.20780207,  0.        ,  0.29748974, ..., -0.67023057,
         -0.63258911, -0.54119337],
        [-0.48938964, -0.29748974,  0.        , ..., -0.86066878,
         -0.83435076, -0.76684943],
        ...,
        [ 0.50137912,  0.67023057,  0.86066878, ...,  0.        ,
          0.04960739,  0.16194741],
        [ 0.45784013,  0.63258911,  0.83435076, ..., -0.04960739,
          0.        ,  0.11279548],
        [ 0.35463922,  0.54119337,  0.76684943, ..., -0.16194741,
         -0.11279548,  0.        ]],

       [[ 0.        ,  0.03202021,  0.09946143, ..., -0.82257945,
         -0.84440704, -0.9390013 ],
        [-0.03202021,  0.        ,  0.06754898, ..., -0.84036595,
         -0.86112734, -0.94953199],
        [-0.09946143, -0.06754898,  0.        , ..., -0.87505938,
         -0.89350167, -0.96855132],
        ...,
        [ 0.82257945,  0.84036595,  0.87505938, ...,  0.        ,
         -0.03951468, -0.25106702],
        [ 0.84440704,  0.86112734,  0.89350167, ...,  0.03951468,
          0.        , -0.21262192],
        [ 0.9390013 ,  0.94953199,  0.96855132, ...,  0.25106702,
          0.21262192,  0.        ]],

       [[ 0.        , -0.00630019, -0.07692056, ..., -0.37546245,
         -0.44116169, -0.46551635],
        [ 0.00630019,  0.        , -0.07063751, ..., -0.36961574,
         -0.43549896, -0.45993119],
        [ 0.07692056,  0.07063751,  0.        , ..., -0.30305716,
         -0.37082398, -0.39605941],
        ...,
        [ 0.37546245,  0.36961574,  0.30305716, ...,  0.        ,
         -0.07193487, -0.09915905],
        [ 0.44116169,  0.43549896,  0.37082398, ...,  0.07193487,
          0.        , -0.02732182],
        [ 0.46551635,  0.45993119,  0.39605941, ...,  0.09915905,
          0.02732182,  0.        ]]]), 'num': array([ 9.08886704e-01,  4.16942794e-01,  1.44053854e-06, -7.06681723e-11,
        3.13340070e-03,  3.17469002e-03,  3.05999746e-03,  4.68597093e-04,
       -1.37631070e-05,  3.14349365e-03,  3.21964950e-03,  3.62917840e-03,
        4.14778568e-07,  3.35055909e-03,  3.08873992e-03])}
{'img': array([[[ 0.        ,  0.35759085,  0.43888789, ..., -0.99281118,
         -0.90032697, -0.93262683],
        [-0.35759085,  0.        ,  0.08855757, ..., -0.96996532,
         -0.99642446, -0.99999393],
        [-0.43888789, -0.08855757,  0.        , ..., -0.94461335,
         -0.99999166, -0.99637355],
        ...,
        [ 0.99281118,  0.96996532,  0.94461335, ...,  0.        ,
          0.32432432,  0.24662115],
        [ 0.90032697,  0.99642446,  0.99999166, ..., -0.32432432,
          0.        , -0.08101631],
        [ 0.93262683,  0.99999393,  0.99637355, ..., -0.24662115,
          0.08101631,  0.        ]],

       [[ 0.        ,  0.99945239,  0.80085778, ..., -0.81822216,
         -0.97392118, -0.79343918],
        [-0.99945239,  0.        , -0.62502669, ..., -0.54751272,
         -0.19453573, -0.58206168],
        [-0.80085778,  0.62502669,  0.        , ..., -0.95041096,
         -0.76494107, -0.96259642],
        ...,
        [ 0.81822216,  0.54751272,  0.95041096, ...,  0.        ,
         -0.37426574,  0.04186065],
        [ 0.97392118,  0.19453573,  0.76494107, ...,  0.37426574,
          0.        ,  0.41275596],
        [ 0.79343918,  0.58206168,  0.96259642, ..., -0.04186065,
         -0.41275596,  0.        ]],

       [[ 0.        ,  0.09860725,  0.21935591, ..., -0.84906676,
         -0.88609187, -0.98287389],
        [-0.09860725,  0.        ,  0.1220812 , ..., -0.89702156,
         -0.92747886, -0.99625507],
        [-0.21935591, -0.1220812 ,  0.        , ..., -0.94427022,
         -0.9661846 , -0.99935869],
        ...,
        [ 0.84906676,  0.89702156,  0.94427022, ...,  0.        ,
         -0.07455892, -0.36277252],
        [ 0.88609187,  0.92747886,  0.9661846 , ...,  0.07455892,
          0.        , -0.29228298],
        [ 0.98287389,  0.99625507,  0.99935869, ...,  0.36277252,
          0.29228298,  0.        ]],

       ...,

       [[ 0.        ,  0.29748974,  0.46728777, ..., -0.63258911,
         -0.54119337, -0.57240757],
        [-0.29748974,  0.        ,  0.18311907, ..., -0.83435076,
         -0.76684943, -0.79042427],
        [-0.46728777, -0.18311907,  0.        , ..., -0.92118395,
         -0.87141335, -0.88923016],
        ...,
        [ 0.63258911,  0.83435076,  0.92118395, ...,  0.        ,
          0.11279548,  0.07538106],
        [ 0.54119337,  0.76684943,  0.87141335, ..., -0.11279548,
          0.        , -0.03757456],
        [ 0.57240757,  0.79042427,  0.88923016, ..., -0.07538106,
          0.03757456,  0.        ]],

       [[ 0.        ,  0.06754898,  0.16395564, ..., -0.86112734,
         -0.94953199, -0.92397707],
        [-0.06754898,  0.        ,  0.09694627, ..., -0.89350167,
         -0.96855132, -0.94770063],
        [-0.16395564, -0.09694627,  0.        , ..., -0.93282762,
         -0.98811065, -0.97417803],
        ...,
        [ 0.86112734,  0.89350167,  0.93282762, ...,  0.        ,
         -0.21262192, -0.14040375],
        [ 0.94953199,  0.96855132,  0.98811065, ...,  0.21262192,
          0.        ,  0.0733224 ],
        [ 0.92397707,  0.94770063,  0.97417803, ...,  0.14040375,
         -0.0733224 ,  0.        ]],

       [[ 0.        , -0.07063751, -0.17261692, ..., -0.43549896,
         -0.45993119, -0.5074967 ],
        [ 0.07063751,  0.        , -0.10260856, ..., -0.37082398,
         -0.39605941, -0.44536393],
        [ 0.17261692,  0.10260856,  0.        , ..., -0.27357381,
         -0.29975121, -0.35114268],
        ...,
        [ 0.43549896,  0.37082398,  0.27357381, ...,  0.        ,
         -0.02732182, -0.08159377],
        [ 0.45993119,  0.39605941,  0.29975121, ...,  0.02732182,
          0.        , -0.05433259],
        [ 0.5074967 ,  0.44536393,  0.35114268, ...,  0.08159377,
          0.05433259,  0.        ]]]), 'num': array([ 7.24827947e-01,  6.88889935e-01,  1.02387500e-07, -2.38131584e-09,
        2.56700090e-03,  2.66207501e-03,  2.54140403e-03,  6.92234576e-04,
        6.94772323e-05,  2.51800117e-03,  2.56828074e-03,  2.88714467e-03,
        3.41291668e-07,  2.67104042e-03,  2.46552107e-03])}
{'img': array([[[ 0.        ,  0.08855757,  0.19592723, ..., -0.99642446,
         -0.99999393, -0.9360791 ],
        [-0.08855757,  0.        ,  0.10831626, ..., -0.99999166,
         -0.99637355, -0.96355493],
        [-0.19592723, -0.10831626,  0.        , ..., -0.99366578,
         -0.9812951 , -0.98686159],
        ...,
        [ 0.99642446,  0.99999166,  0.99366578, ...,  0.        ,
         -0.08101631,  0.27144395],
        [ 0.99999393,  0.99637355,  0.9812951 , ...,  0.08101631,
          0.        ,  0.34852614],
        [ 0.9360791 ,  0.96355493,  0.98686159, ..., -0.27144395,
         -0.34852614,  0.        ]],

       [[ 0.        , -0.62502669, -0.95842318, ..., -0.19453573,
         -0.58206168, -0.950719  ],
        [ 0.62502669,  0.        , -0.92650016, ..., -0.76494107,
         -0.96259642, -0.93592639],
        [ 0.95842318,  0.92650016,  0.        , ..., -0.88460202,
         -0.61324498, -0.0258745 ],
        ...,
        [ 0.19453573,  0.76494107,  0.88460202, ...,  0.        ,
          0.41275596,  0.87223937],
        [ 0.58206168,  0.96259642,  0.61324498, ..., -0.41275596,
          0.        ,  0.59260158],
        [ 0.950719  ,  0.93592639,  0.0258745 , ..., -0.87223937,
         -0.59260158,  0.        ]],

       [[ 0.        ,  0.1220812 ,  0.31639375, ..., -0.92747886,
         -0.99625507, -0.94575814],
        [-0.1220812 ,  0.        ,  0.19821753, ..., -0.9661846 ,
         -0.99935869, -0.97834469],
        [-0.31639375, -0.19821753,  0.        , ..., -0.99812428,
         -0.97243173, -0.99995995],
        ...,
        [ 0.92747886,  0.9661846 ,  0.99812428, ...,  0.        ,
         -0.29228298, -0.05228438],
        [ 0.99625507,  0.99935869,  0.97243173, ...,  0.29228298,
          0.        ,  0.24188198],
        [ 0.94575814,  0.97834469,  0.99995995, ...,  0.05228438,
         -0.24188198,  0.        ]],

       ...,

       [[ 0.        ,  0.18311907,  0.09535216, ..., -0.76684943,
         -0.79042427, -0.76430855],
        [-0.18311907,  0.        , -0.08854489, ..., -0.87141335,
         -0.88923016, -0.86946912],
        [-0.09535216,  0.08854489,  0.        , ..., -0.82455495,
         -0.84523168, -0.82231396],
        ...,
        [ 0.76684943,  0.87141335,  0.82455495, ...,  0.        ,
         -0.03757456,  0.0039495 ],
        [ 0.79042427,  0.88923016,  0.84523168, ...,  0.03757456,
          0.        ,  0.04152098],
        [ 0.76430855,  0.86946912,  0.82231396, ..., -0.0039495 ,
         -0.04152098,  0.        ]],

       [[ 0.        ,  0.09694627,  0.23140106, ..., -0.96855132,
         -0.94770063, -0.94384969],
        [-0.09694627,  0.        ,  0.13599608, ..., -0.98811065,
         -0.97417803, -0.97143244],
        [-0.23140106, -0.13599608,  0.        , ..., -0.99983912,
         -0.99583267, -0.99468131],
        ...,
        [ 0.96855132,  0.98811065,  0.99983912, ...,  0.        ,
          0.0733224 ,  0.08514242],
        [ 0.94770063,  0.97417803,  0.99583267, ..., -0.0733224 ,
          0.        ,  0.01185709],
        [ 0.94384969,  0.97143244,  0.99468131, ..., -0.08514242,
         -0.01185709,  0.        ]],

       [[ 0.        , -0.10260856, -0.22704982, ..., -0.39605941,
         -0.44536393, -0.42419154],
        [ 0.10260856,  0.        , -0.12592267, ..., -0.29975121,
         -0.35114268, -0.3290331 ],
        [ 0.22704982,  0.12592267,  0.        , ..., -0.17723279,
         -0.23044345, -0.20750292],
        ...,
        [ 0.39605941,  0.29975121,  0.17723279, ...,  0.        ,
         -0.05433259, -0.03084272],
        [ 0.44536393,  0.35114268,  0.23044345, ...,  0.05433259,
          0.        ,  0.02350958],
        [ 0.42419154,  0.3290331 ,  0.20750292, ...,  0.03084272,
         -0.02350958,  0.        ]]]), 'num': array([ 7.66591958e-01,  6.42086815e-01,  3.46810986e-07, -1.48919558e-09,
        2.76678097e-03,  2.78604825e-03,  2.70127223e-03,  4.89489025e-04,
        6.16552863e-05,  2.67275666e-03,  2.70551103e-03,  3.03466035e-03,
        3.87738990e-07,  2.81126434e-03,  2.59975773e-03])}
{'img': array([[[ 0.        ,  0.10831626,  0.18590142, ..., -0.99637355,
         -0.96355493, -0.89487841],
        [-0.10831626,  0.        ,  0.07837954, ..., -0.9812951 ,
         -0.98686159, -0.93795601],
        [-0.18590142, -0.07837954,  0.        , ..., -0.96318743,
         -0.99648922, -0.96224891],
        ...,
        [ 0.99637355,  0.9812951 ,  0.96318743, ...,  0.        ,
          0.34852614,  0.52083374],
        [ 0.96355493,  0.98686159,  0.99648922, ..., -0.34852614,
          0.        ,  0.19065481],
        [ 0.89487841,  0.93795601,  0.96224891, ..., -0.52083374,
         -0.19065481,  0.        ]],

       [[ 0.        , -0.99970996, -0.99910801, ..., -0.77641338,
         -0.99999206, -0.89927667],
        [ 0.99970996,  0.        ,  0.01815369, ..., -0.64873975,
         -0.02806658, -0.4589109 ],
        [ 0.99910801, -0.01815369,  0.        , ..., -0.66244799,
         -0.04620849, -0.47496451],
        ...,
        [ 0.77641338,  0.64873975,  0.66244799, ...,  0.        ,
          0.62712522,  0.22715784],
        [ 0.99999206,  0.02806658,  0.04620849, ..., -0.62712522,
          0.        , -0.43379345],
        [ 0.89927667,  0.4589109 ,  0.47496451, ..., -0.22715784,
          0.43379345,  0.        ]],

       [[ 0.        ,  0.19821753,  0.35540415, ..., -0.99935869,
         -0.97834469, -0.93950547],
        [-0.19821753,  0.        ,  0.16307579, ..., -0.97243173,
         -0.99995995, -0.98876008],
        [-0.35540415, -0.16307579,  0.        , ..., -0.92138703,
         -0.9880336 , -0.99990569],
        ...,
        [ 0.99935869,  0.97243173,  0.92138703, ...,  0.        ,
          0.24188198,  0.3759559 ],
        [ 0.97834469,  0.99995995,  0.9880336 , ..., -0.24188198,
          0.        ,  0.14065522],
        [ 0.93950547,  0.98876008,  0.99990569, ..., -0.3759559 ,
         -0.14065522,  0.        ]],

       ...,

       [[ 0.        , -0.08854489, -0.0988319 , ..., -0.88923016,
         -0.86946912, -0.81347619],
        [ 0.08854489,  0.        , -0.01033232, ..., -0.84523168,
         -0.82231396, -0.75878346],
        [ 0.0988319 ,  0.01033232,  0.        , ..., -0.83966497,
         -0.81639062, -0.75201307],
        ...,
        [ 0.88923016,  0.84523168,  0.83966497, ...,  0.        ,
          0.04152098,  0.14504179],
        [ 0.86946912,  0.82231396,  0.81639062, ..., -0.04152098,
          0.        ,  0.10383479],
        [ 0.81347619,  0.75878346,  0.75201307, ..., -0.14504179,
         -0.10383479,  0.        ]],

       [[ 0.        ,  0.13572528,  0.26879064, ..., -0.96510599,
         -0.96296666, -0.98843688],
        [-0.13572528,  0.        ,  0.13557299, ..., -0.99171635,
         -0.99065017, -0.99987081],
        [-0.26879064, -0.13557299,  0.        , ..., -0.99997416,
         -0.99999963, -0.99281854],
        ...,
        [ 0.96510599,  0.99171635,  0.99997416, ...,  0.        ,
          0.00805033, -0.11248988],
        [ 0.96296666,  0.99065017,  0.99999963, ..., -0.00805033,
          0.        , -0.12048547],
        [ 0.98843688,  0.99987081,  0.99281854, ...,  0.11248988,
          0.12048547,  0.        ]],

       [[ 0.        , -0.12592267, -0.24052101, ..., -0.35114268,
         -0.3290331 , -0.32006572],
        [ 0.12592267,  0.        , -0.11638041, ..., -0.23044345,
         -0.20750292, -0.19821947],
        [ 0.24052101,  0.11638041,  0.        , ..., -0.1156294 ,
         -0.09224556, -0.08280136],
        ...,
        [ 0.35114268,  0.23044345,  0.1156294 , ...,  0.        ,
          0.02350958,  0.03298638],
        [ 0.3290331 ,  0.20750292,  0.09224556, ..., -0.02350958,
          0.        ,  0.00948048],
        [ 0.32006572,  0.19821947,  0.08280136, ..., -0.03298638,
         -0.00948048,  0.        ]]]), 'num': array([ 9.99946265e-01,  1.36164839e-04,  2.83634083e-06,  1.61169486e-09,
        3.60942289e-03,  3.69133887e-03,  3.59406365e-03,  4.47640115e-04,
       -6.65567342e-05,  3.57768045e-03,  3.59073581e-03,  4.01942944e-03,
        4.82208897e-07,  3.72507533e-03,  3.45639629e-03])}
{'img': array([[[ 0.        ,  0.07837954,  0.08727701, ..., -0.98686159,
         -0.93795601, -0.97969216],
        [-0.07837954,  0.        ,  0.00892807, ..., -0.99648922,
         -0.96224891, -0.99239391],
        [-0.08727701, -0.00892807,  0.        , ..., -0.99719697,
         -0.96464052, -0.99345343],
        ...,
        [ 0.98686159,  0.99648922,  0.99719697, ...,  0.        ,
          0.19065481,  0.03958632],
        [ 0.93795601,  0.96224891,  0.96464052, ..., -0.19065481,
          0.        , -0.15164517],
        [ 0.97969216,  0.99239391,  0.99345343, ..., -0.03958632,
          0.15164517,  0.        ]],

       [[ 0.        ,  0.01815369, -0.37091972, ..., -0.02806658,
         -0.4589109 , -0.77145264],
        [-0.01815369,  0.        , -0.38771728, ..., -0.04620849,
         -0.47496451, -0.78287646],
        [ 0.37091972,  0.38771728,  0.        , ...,  0.34470914,
         -0.09661886, -0.48040971],
        ...,
        [ 0.02806658,  0.04620849, -0.34470914, ...,  0.        ,
         -0.43379345, -0.75329033],
        [ 0.4589109 ,  0.47496451,  0.09661886, ...,  0.43379345,
          0.        , -0.39342308],
        [ 0.77145264,  0.78287646,  0.48040971, ...,  0.75329033,
          0.39342308,  0.        ]],

       [[ 0.        ,  0.16307579,  0.31779262, ..., -0.99995995,
         -0.98876008, -0.96715709],
        [-0.16307579,  0.        ,  0.15891652, ..., -0.9880336 ,
         -0.99990569, -0.99566079],
        [-0.31779262, -0.15891652,  0.        , ..., -0.9509666 ,
         -0.98501646, -0.99779624],
        ...,
        [ 0.99995995,  0.9880336 ,  0.9509666 , ...,  0.        ,
          0.14065522,  0.24551288],
        [ 0.98876008,  0.99990569,  0.98501646, ..., -0.14065522,
          0.        ,  0.10672192],
        [ 0.96715709,  0.99566079,  0.99779624, ..., -0.24551288,
         -0.10672192,  0.        ]],

       ...,

       [[ 0.        , -0.01033232,  0.0105028 , ..., -0.82231396,
         -0.75878346, -0.81535235],
        [ 0.01033232,  0.        ,  0.02083399, ..., -0.81639062,
         -0.75201307, -0.80932677],
        [-0.0105028 , -0.02083399,  0.        , ..., -0.82824506,
         -0.76558253, -0.82138813],
        ...,
        [ 0.82231396,  0.81639062,  0.82824506, ...,  0.        ,
          0.10383479,  0.01212781],
        [ 0.75878346,  0.75201307,  0.76558253, ..., -0.10383479,
          0.        , -0.09176491],
        [ 0.81535235,  0.80932677,  0.82138813, ..., -0.01212781,
          0.09176491,  0.        ]],

       [[ 0.        ,  0.13457847,  0.25205987, ..., -0.97544795,
         -0.98297457, -0.99996662],
        [-0.13457847,  0.        ,  0.11953371, ..., -0.99621247,
         -0.99876006, -0.99196941],
        [-0.25205987, -0.11953371,  0.        , ..., -0.99946351,
         -0.99754983, -0.96973875],
        ...,
        [ 0.97544795,  0.99621247,  0.99946351, ...,  0.        ,
         -0.03725015, -0.21225302],
        [ 0.98297457,  0.99876006,  0.99754983, ...,  0.03725015,
          0.        , -0.17570432],
        [ 0.99996662,  0.99196941,  0.96973875, ...,  0.21225302,
          0.17570432,  0.        ]],

       [[ 0.        , -0.11638041, -0.14681495, ..., -0.20750292,
         -0.19821947, -0.18803539],
        [ 0.11638041,  0.        , -0.03069799, ..., -0.09224556,
         -0.08280136, -0.07245319],
        [ 0.14681495,  0.03069799,  0.        , ..., -0.06163498,
         -0.05216976, -0.04180172],
        ...,
        [ 0.20750292,  0.09224556,  0.06163498, ...,  0.        ,
          0.00948048,  0.01985886],
        [ 0.19821947,  0.08280136,  0.05216976, ..., -0.00948048,
          0.        ,  0.01037936],
        [ 0.18803539,  0.07245319,  0.04180172, ..., -0.01985886,
         -0.01037936,  0.        ]]]), 'num': array([ 7.07087773e-01,  7.07087773e-01,  0.00000000e+00, -1.31796684e-08,
        2.55288686e-03,  2.59277571e-03,  2.52750304e-03,  4.02906467e-04,
       -3.62625974e-06,  2.54708484e-03,  2.54400252e-03,  2.83724606e-03,
        3.25711953e-07,  2.63921446e-03,  2.44879058e-03])}
{'img': array([[[ 0.        ,  0.00892807,  0.46730666, ..., -0.96224891,
         -0.99239391, -0.99390594],
        [-0.00892807,  0.        ,  0.45939477, ..., -0.96464052,
         -0.99345343, -0.99485049],
        [-0.46730666, -0.45939477,  0.        , ..., -0.97790703,
         -0.93489759, -0.93021946],
        ...,
        [ 0.96224891,  0.96464052,  0.97790703, ...,  0.        ,
         -0.15164517, -0.16444223],
        [ 0.99239391,  0.99345343,  0.93489759, ...,  0.15164517,
          0.        , -0.01295967],
        [ 0.99390594,  0.99485049,  0.93021946, ...,  0.16444223,
          0.01295967,  0.        ]],

       [[ 0.        , -0.38771728,  0.98170109, ..., -0.47496451,
         -0.78287646, -0.59319028],
        [ 0.38771728,  0.        ,  0.83107843, ..., -0.09661886,
         -0.48040971, -0.23465339],
        [-0.98170109, -0.83107843,  0.        , ..., -0.7734551 ,
         -0.46171013, -0.67737026],
        ...,
        [ 0.47496451,  0.09661886,  0.7734551 , ...,  0.        ,
         -0.39342308, -0.13963437],
        [ 0.78287646,  0.48040971,  0.46171013, ...,  0.39342308,
          0.        ,  0.26119486],
        [ 0.59319028,  0.23465339,  0.67737026, ...,  0.13963437,
         -0.26119486,  0.        ]],

       [[ 0.        ,  0.15891652,  0.32420879, ..., -0.99990569,
         -0.99566079, -0.9878468 ],
        [-0.15891652,  0.        ,  0.16975601, ..., -0.98501646,
         -0.99779624, -0.99999377],
        [-0.32420879, -0.16975601,  0.        , ..., -0.94144386,
         -0.9720506 , -0.9848808 ],
        ...,
        [ 0.99990569,  0.98501646,  0.94144386, ...,  0.        ,
          0.10672192,  0.1689825 ],
        [ 0.99566079,  0.99779624,  0.9720506 , ..., -0.10672192,
          0.        ,  0.06283027],
        [ 0.9878468 ,  0.99999377,  0.9848808 , ..., -0.1689825 ,
         -0.06283027,  0.        ]],

       ...,

       [[ 0.        ,  0.02083399,  0.11640972, ..., -0.75201307,
         -0.80932677, -0.84419307],
        [-0.02083399,  0.        ,  0.09569211, ..., -0.76558253,
         -0.82138813, -0.85517767],
        [-0.11640972, -0.09569211,  0.        , ..., -0.8236316 ,
         -0.87219864, -0.90085381],
        ...,
        [ 0.75201307,  0.76558253,  0.8236316 , ...,  0.        ,
         -0.09176491, -0.15333982],
        [ 0.80932677,  0.82138813,  0.87219864, ...,  0.09176491,
          0.        , -0.06201318],
        [ 0.84419307,  0.85517767,  0.90085381, ...,  0.15333982,
          0.06201318,  0.        ]],

       [[ 0.        ,  0.11953371,  0.30267442, ..., -0.99876006,
         -0.99196941, -0.99768458],
        [-0.11953371,  0.        ,  0.18657742, ..., -0.99754983,
         -0.96973875, -0.98240174],
        [-0.30267442, -0.18657742,  0.        , ..., -0.96698026,
         -0.90715846, -0.93030206],
        ...,
        [ 0.99876006,  0.99754983,  0.96698026, ...,  0.        ,
         -0.17570432, -0.11759419],
        [ 0.99196941,  0.96973875,  0.90715846, ...,  0.17570432,
          0.        ,  0.05872046],
        [ 0.99768458,  0.98240174,  0.93030206, ...,  0.11759419,
         -0.05872046,  0.        ]],

       [[ 0.        , -0.03069799, -0.08802777, ..., -0.08280136,
         -0.07245319, -0.06832707],
        [ 0.03069799,  0.        , -0.05740746, ..., -0.05216976,
         -0.04180172, -0.03766861],
        [ 0.08802777,  0.05740746,  0.        , ...,  0.00524556,
          0.01562449,  0.01976022],
        ...,
        [ 0.08280136,  0.05216976, -0.00524556, ...,  0.        ,
          0.01037936,  0.01451542],
        [ 0.07245319,  0.04180172, -0.01562449, ..., -0.01037936,
          0.        ,  0.00413637],
        [ 0.06832707,  0.03766861, -0.01976022, ..., -0.01451542,
         -0.00413637,  0.        ]]]), 'num': array([ 7.62257437e-01,  6.47225541e-01,  3.28662561e-07, -1.42370954e-08,
        2.73885468e-03,  2.78971912e-03,  2.71146613e-03,  7.04190838e-04,
       -1.56505981e-05,  2.76154804e-03,  2.74570181e-03,  3.05004074e-03,
        3.45233783e-07,  2.84799721e-03,  2.64340642e-03])}
{'img': array([[[ 0.00000000e+00,  4.59394770e-01,  6.70514133e-01, ...,
         -9.93453431e-01, -9.94850485e-01, -9.98886920e-01],
        [-4.59394770e-01,  0.00000000e+00,  2.54748755e-01, ...,
         -9.34897588e-01, -9.30219460e-01, -9.08912751e-01],
        [-6.70514133e-01, -2.54748755e-01,  0.00000000e+00, ...,
         -8.13637954e-01, -8.06035237e-01, -7.72698492e-01],
        ...,
        [ 9.93453431e-01,  9.34897588e-01,  8.13637954e-01, ...,
          0.00000000e+00, -1.29596691e-02, -6.72503974e-02],
        [ 9.94850485e-01,  9.30219460e-01,  8.06035237e-01, ...,
          1.29596691e-02,  0.00000000e+00, -5.43144196e-02],
        [ 9.98886920e-01,  9.08912751e-01,  7.72698492e-01, ...,
          6.72503974e-02,  5.43144196e-02,  0.00000000e+00]],

       [[ 0.00000000e+00,  8.31078426e-01,  9.99749225e-01, ...,
         -4.80409712e-01, -2.34653386e-01,  2.85998134e-01],
        [-8.31078426e-01,  0.00000000e+00, -5.74626873e-01, ...,
         -4.61710126e-01, -6.77370264e-01, -9.55423786e-01],
        [-9.99749225e-01,  5.74626873e-01,  0.00000000e+00, ...,
         -8.87582504e-01, -9.77090142e-01, -9.51585254e-01],
        ...,
        [ 4.80409712e-01,  4.61710126e-01,  8.87582504e-01, ...,
          0.00000000e+00,  2.61194855e-01,  7.11176084e-01],
        [ 2.34653386e-01,  6.77370264e-01,  9.77090142e-01, ...,
         -2.61194855e-01,  0.00000000e+00,  5.02864766e-01],
        [-2.85998134e-01,  9.55423786e-01,  9.51585254e-01, ...,
         -7.11176084e-01, -5.02864766e-01,  0.00000000e+00]],

       [[ 0.00000000e+00,  1.69756015e-01,  3.72551971e-01, ...,
         -9.97796239e-01, -9.99993771e-01, -9.98726274e-01],
        [-1.69756015e-01,  0.00000000e+00,  2.09609291e-01, ...,
         -9.72050595e-01, -9.84880798e-01, -9.92796127e-01],
        [-3.72551971e-01, -2.09609291e-01,  0.00000000e+00, ...,
         -9.01246430e-01, -9.26690561e-01, -9.45626859e-01],
        ...,
        [ 9.97796239e-01,  9.72050595e-01,  9.01246430e-01, ...,
          0.00000000e+00,  6.28302702e-02,  1.16613084e-01],
        [ 9.99993771e-01,  9.84880798e-01,  9.26690561e-01, ...,
         -6.28302702e-02,  0.00000000e+00,  5.39810778e-02],
        [ 9.98726274e-01,  9.92796127e-01,  9.45626859e-01, ...,
         -1.16613084e-01, -5.39810778e-02,  0.00000000e+00]],

       ...,

       [[ 0.00000000e+00,  9.56921120e-02,  5.28162781e-01, ...,
         -8.21388133e-01, -8.55177669e-01, -8.66636850e-01],
        [-9.56921120e-02,  0.00000000e+00,  4.44482731e-01, ...,
         -8.72198643e-01, -9.00853811e-01, -9.10404406e-01],
        [-5.28162781e-01, -4.44482731e-01,  0.00000000e+00, ...,
         -9.98724120e-01, -9.99933499e-01, -9.99419983e-01],
        ...,
        [ 8.21388133e-01,  8.72198643e-01,  9.98724120e-01, ...,
          0.00000000e+00, -6.20131814e-02, -8.44804160e-02],
        [ 8.55177669e-01,  9.00853811e-01,  9.99933499e-01, ...,
          6.20131814e-02,  0.00000000e+00, -2.25263262e-02],
        [ 8.66636850e-01,  9.10404406e-01,  9.99419983e-01, ...,
          8.44804160e-02,  2.25263262e-02,  0.00000000e+00]],

       [[ 0.00000000e+00,  1.86577424e-01,  3.71266866e-01, ...,
         -9.69738753e-01, -9.82401737e-01, -9.84393322e-01],
        [-1.86577424e-01,  0.00000000e+00,  1.91505490e-01, ...,
         -9.07158459e-01, -9.30302057e-01, -9.34273298e-01],
        [-3.71266866e-01, -1.91505490e-01,  0.00000000e+00, ...,
         -8.09784918e-01, -8.42840473e-01, -8.48698580e-01],
        ...,
        [ 9.69738753e-01,  9.07158459e-01,  8.09784918e-01, ...,
          0.00000000e+00,  5.87204553e-02,  6.96777428e-02],
        [ 9.82401737e-01,  9.30302057e-01,  8.42840473e-01, ...,
         -5.87204553e-02,  0.00000000e+00,  1.09797731e-02],
        [ 9.84393322e-01,  9.34273298e-01,  8.48698580e-01, ...,
         -6.96777428e-02, -1.09797731e-02,  0.00000000e+00]],

       [[ 0.00000000e+00, -5.74074556e-02, -3.78786664e-02, ...,
         -4.18017246e-02, -3.76686109e-02, -3.07057071e-02],
        [ 5.74074556e-02,  0.00000000e+00,  1.95500588e-02, ...,
          1.56244908e-02,  1.97602237e-02,  2.67253180e-02],
        [ 3.78786664e-02, -1.95500588e-02,  0.00000000e+00, ...,
         -3.92616774e-03,  2.10205523e-04,  7.17713444e-03],
        ...,
        [ 4.18017246e-02, -1.56244908e-02,  3.92616774e-03, ...,
          0.00000000e+00,  4.13637155e-03,  1.11031457e-02],
        [ 3.76686109e-02, -1.97602237e-02, -2.10205523e-04, ...,
         -4.13637155e-03,  0.00000000e+00,  6.96693417e-03],
        [ 3.07057071e-02, -2.67253180e-02, -7.17713444e-03, ...,
         -1.11031457e-02, -6.96693417e-03,  0.00000000e+00]]]), 'num': array([ 9.99946861e-01,  9.91109221e-04,  2.82190890e-06, -1.94465193e-08,
        3.59336601e-03,  3.60859214e-03,  3.50200925e-03,  7.23616619e-04,
        4.06030058e-05,  3.58829064e-03,  3.56443637e-03,  3.94238268e-03,
        5.10613558e-07,  3.69733371e-03,  3.43153904e-03])}
{'img': array([[[ 0.00000000e+00,  2.54748755e-01, -9.42041381e-02, ...,
         -9.30219460e-01, -9.08912751e-01, -9.47582512e-01],
        [-2.54748755e-01,  0.00000000e+00, -3.44711949e-01, ...,
         -8.06035237e-01, -7.72698492e-01, -8.34924113e-01],
        [ 9.42041381e-02,  3.44711949e-01,  0.00000000e+00, ...,
         -9.60655956e-01, -9.44152566e-01, -9.73467793e-01],
        ...,
        [ 9.30219460e-01,  8.06035237e-01,  9.60655956e-01, ...,
          0.00000000e+00, -5.43144196e-02,  5.05508376e-02],
        [ 9.08912751e-01,  7.72698492e-01,  9.44152566e-01, ...,
          5.43144196e-02,  0.00000000e+00,  1.04721197e-01],
        [ 9.47582512e-01,  8.34924113e-01,  9.73467793e-01, ...,
         -5.05508376e-02, -1.04721197e-01,  0.00000000e+00]],

       [[ 0.00000000e+00, -5.74626873e-01, -9.69674547e-01, ...,
         -6.77370264e-01, -9.55423786e-01, -8.45215283e-01],
        [ 5.74626873e-01,  0.00000000e+00, -9.34035401e-01, ...,
         -9.77090142e-01, -9.51585254e-01, -9.98832830e-01],
        [ 9.69674547e-01,  9.34035401e-01,  0.00000000e+00, ...,
         -5.47784396e-01, -5.27792252e-02, -3.11648802e-01],
        ...,
        [ 6.77370264e-01,  9.77090142e-01,  5.47784396e-01, ...,
          0.00000000e+00,  5.02864766e-01,  2.59771810e-01],
        [ 9.55423786e-01,  9.51585254e-01,  5.27792252e-02, ...,
         -5.02864766e-01,  0.00000000e+00, -2.61063747e-01],
        [ 8.45215283e-01,  9.98832830e-01,  3.11648802e-01, ...,
         -2.59771810e-01,  2.61063747e-01,  0.00000000e+00]],

       [[ 0.00000000e+00,  2.09609291e-01,  3.59668190e-01, ...,
         -9.84880798e-01, -9.92796127e-01, -9.94800160e-01],
        [-2.09609291e-01,  0.00000000e+00,  1.56095947e-01, ...,
         -9.26690561e-01, -9.45626859e-01, -9.51352994e-01],
        [-3.59668190e-01, -1.56095947e-01,  0.00000000e+00, ...,
         -8.56666297e-01, -8.83264513e-01, -8.91597576e-01],
        ...,
        [ 9.84880798e-01,  9.26690561e-01,  8.56666297e-01, ...,
          0.00000000e+00,  5.39810778e-02,  7.20262850e-02],
        [ 9.92796127e-01,  9.45626859e-01,  8.83264513e-01, ...,
         -5.39810778e-02,  0.00000000e+00,  1.80803932e-02],
        [ 9.94800160e-01,  9.51352994e-01,  8.91597576e-01, ...,
         -7.20262850e-02, -1.80803932e-02,  0.00000000e+00]],

       ...,

       [[ 0.00000000e+00,  4.44482731e-01,  4.44482731e-01, ...,
         -9.00853811e-01, -9.10404406e-01, -8.23754156e-01],
        [-4.44482731e-01,  0.00000000e+00,  0.00000000e+00, ...,
         -9.99933499e-01, -9.99419983e-01, -9.89906835e-01],
        [-4.44482731e-01,  0.00000000e+00,  0.00000000e+00, ...,
         -9.99933499e-01, -9.99419983e-01, -9.89906835e-01],
        ...,
        [ 9.00853811e-01,  9.99933499e-01,  9.99933499e-01, ...,
          0.00000000e+00, -2.25263262e-02,  1.53126240e-01],
        [ 9.10404406e-01,  9.99419983e-01,  9.99419983e-01, ...,
          2.25263262e-02,  0.00000000e+00,  1.75348049e-01],
        [ 8.23754156e-01,  9.89906835e-01,  9.89906835e-01, ...,
         -1.53126240e-01, -1.75348049e-01,  0.00000000e+00]],

       [[ 0.00000000e+00,  1.91505490e-01,  3.00840406e-01, ...,
         -9.30302057e-01, -9.34273298e-01, -9.50840664e-01],
        [-1.91505490e-01,  0.00000000e+00,  1.12638412e-01, ...,
         -8.42840473e-01, -8.48698580e-01, -8.73936548e-01],
        [-3.00840406e-01, -1.12638412e-01,  0.00000000e+00, ...,
         -7.76858793e-01, -7.83725651e-01, -8.13628078e-01],
        ...,
        [ 9.30302057e-01,  8.42840473e-01,  7.76858793e-01, ...,
          0.00000000e+00,  1.09797731e-02,  6.06665316e-02],
        [ 9.34273298e-01,  8.48698580e-01,  7.83725651e-01, ...,
         -1.09797731e-02,  0.00000000e+00,  4.97033253e-02],
