state_0,state_1,state_2,state_3,state_4,state_5,state_6,state_7,state_8,state_9,state_10,state_11,state_12,state_13,state_14,state_15,state_16,state_17,state_18,state_19,state_20,state_21,state_22,state_23,state_24,state_25,state_26,state_27,state_28,state_29,state_30,state_31,state_32,state_33,state_34,state_35,state_36,state_37,state_38,state_39,state_40,state_41,state_42,state_43,state_44,state_45,state_46,state_47,state_48,state_49,state_50,state_51,state_52,state_53,state_54,state_55,state_56,state_57,state_58,state_59,state_60,state_61,state_62,state_63,state_64,state_65,state_66,state_67,state_68,state_69,state_70,state_71,state_72,state_73,state_74,state_75,state_76,state_77,state_78,state_79,state_80,state_81,state_82,state_83,state_84,state_85,state_86,state_87,state_88,state_89,state_90,state_91,state_92,state_93,state_94,state_95,state_96,state_97,state_98,state_99,state_100,state_101,state_102,state_103,state_104,state_105,state_106,state_107,state_108,state_109,state_110,state_111,state_112,state_113,state_114,state_115,state_116,state_117,state_118,state_119,state_120,state_121,state_122,state_123,state_124,state_125,state_126,state_127,state_128,state_129,state_130,state_131,state_132,state_133,state_134,state_135,state_136,state_137,state_138,state_139,state_140,state_141,state_142,state_143,state_144,state_145,state_146,state_147,state_148,state_149,state_150,state_151,state_152,state_153,state_154,state_155,state_156,state_157,state_158,state_159,state_160,state_161,state_162,state_163,state_164,state_165,state_166,state_167,state_168,state_169,state_170,state_171,state_172,state_173,state_174,state_175,state_176,state_177,state_178,state_179,state_180,state_181,state_182,state_183,state_184,state_185,state_186,state_187,state_188,state_189,state_190,state_191,state_192,state_193,state_194,state_195,state_196,state_197,state_198,state_199,state_200,state_201,state_202,state_203,state_204,state_205,state_206,state_207,state_208,state_209,state_210,state_211,state_212,state_213,state_214,state_215,state_216,state_217,state_218,state_219,state_220,state_221,state_222,state_223,state_224,state_225,state_226,state_227,state_228,state_229,state_230,state_231,state_232,state_233,state_234,state_235,state_236,state_237,state_238,state_239,state_240,state_241,state_242,state_243,state_244,state_245,state_246,state_247,state_248,state_249,state_250,state_251,state_252,state_253,state_254,state_255,state_256,state_257,state_258,state_259,state_260,state_261,state_262,state_263,state_264,state_265,state_266,state_267,state_268,state_269,state_270,state_271,state_272,state_273,state_274,state_275,state_276,state_277,state_278,state_279,state_280,state_281,state_282,state_283,state_284,state_285,state_286,state_287
{'img': array([[[ 0.        , -0.08035114, -0.21456837, ...,  0.99897972,
          0.98203102,  0.74320412],
        [ 0.08035114,  0.        , -0.13539491, ...,  0.99937838,
          0.96369191,  0.68704094],
        [ 0.21456837,  0.13539491,  0.        , ...,  0.98540258,
          0.91866526,  0.582334  ],
        ...,
        [-0.99897972, -0.99937838, -0.98540258, ...,  0.        ,
          0.23287651,  0.70194595],
        [-0.98203102, -0.96369191, -0.91866526, ..., -0.23287651,
          0.        ,  0.51678518],
        [-0.74320412, -0.68704094, -0.582334  , ..., -0.70194595,
         -0.51678518,  0.        ]],

       [[ 0.        ,  0.09063668, -0.11568623, ...,  0.46275412,
          0.84146011,  0.62152205],
        [-0.09063668,  0.        , -0.2052382 , ...,  0.54119765,
          0.78902393,  0.5479594 ],
        [ 0.11568623,  0.2052382 ,  0.        , ...,  0.3570928 ,
          0.89831788,  0.70797723],
        ...,
        [-0.46275412, -0.54119765, -0.3570928 , ...,  0.        ,
         -0.99597813, -0.91349105],
        [-0.84146011, -0.78902393, -0.89831788, ...,  0.99597813,
          0.        , -0.32337672],
        [-0.62152205, -0.5479594 , -0.70797723, ...,  0.91349105,
          0.32337672,  0.        ]],

       [[ 0.        , -0.03399133, -0.15341842, ...,  0.9287592 ,
          0.98896825,  0.89245935],
        [ 0.03399133,  0.        , -0.11974085, ...,  0.94082253,
          0.99343181,  0.87660919],
        [ 0.15341842,  0.11974085,  0.        , ...,  0.97463361,
          0.99998568,  0.81268249],
        ...,
        [-0.9287592 , -0.94082253, -0.97463361, ...,  0.        ,
          0.22901945,  0.74980918],
        [-0.98896825, -0.99343181, -0.99998568, ..., -0.22901945,
          0.        ,  0.57834897],
        [-0.89245935, -0.87660919, -0.81268249, ..., -0.74980918,
         -0.57834897,  0.        ]],

       ...,

       [[ 0.        , -0.2313875 , -0.93623746, ...,  0.94078154,
          0.91287653,  0.84042417],
        [ 0.2313875 ,  0.        , -0.8295274 , ...,  0.99369376,
          0.98256323,  0.94301209],
        [ 0.93623746,  0.8295274 ,  0.        , ...,  0.64795751,
          0.70296115,  0.80267247],
        ...,
        [-0.94078154, -0.99369376, -0.64795751, ...,  0.        ,
         -0.07458329, -0.22492188],
        [-0.91287653, -0.98256323, -0.70296115, ...,  0.07458329,
          0.        , -0.1516232 ],
        [-0.84042417, -0.94301209, -0.80267247, ...,  0.22492188,
          0.1516232 ,  0.        ]],

       [[ 0.        ,  0.03336909,  0.00993118, ...,  0.19140535,
          0.42933644,  0.84432689],
        [-0.03336909,  0.        , -0.02344179, ...,  0.15854662,
          0.39896023,  0.82597658],
        [-0.00993118,  0.02344179,  0.        , ...,  0.18164835,
          0.42034597,  0.83896384],
        ...,
        [-0.19140535, -0.15854662, -0.18164835, ...,  0.        ,
          0.24853175,  0.72615577],
        [-0.42933644, -0.39896023, -0.42034597, ..., -0.24853175,
          0.        ,  0.53249863],
        [-0.84432689, -0.82597658, -0.83896384, ..., -0.72615577,
         -0.53249863,  0.        ]],

       [[ 0.        , -0.57233043, -0.86215013, ..., -0.99457542,
         -0.99951196, -0.96843168],
        [ 0.57233043,  0.        , -0.41701015, ..., -0.87510744,
         -0.80174412, -0.65146632],
        [ 0.86215013,  0.41701015,  0.        , ..., -0.59358359,
         -0.47947331, -0.27574269],
        ...,
        [ 0.99457542,  0.87510744,  0.59358359, ...,  0.        ,
          0.13503625,  0.34866115],
        [ 0.99951196,  0.80174412,  0.47947331, ..., -0.13503625,
          0.        ,  0.21890507],
        [ 0.96843168,  0.65146632,  0.27574269, ..., -0.34866115,
         -0.21890507,  0.        ]]]), 'num': array([7.07083919e-01, 7.07083919e-01, 0.00000000e+00, 0.00000000e+00,
       1.35760112e-03, 1.36938586e-03, 1.33638861e-03, 7.19811430e-03,
       9.42778559e-06, 1.31140498e-03, 1.20015711e-03, 1.11522847e-03,
       3.28808571e-06, 1.37454948e-03, 1.02576473e-03])}
{'img': array([[[ 0.        , -0.13325956, -0.10951665, ...,  0.98235956,
          0.88303394,  0.67886216],
        [ 0.13325956,  0.        ,  0.02391812, ...,  0.94867827,
          0.81261838,  0.57495957],
        [ 0.10951665, -0.02391812,  0.        , ...,  0.95597081,
          0.82632529,  0.59436446],
        ...,
        [-0.98235956, -0.94867827, -0.95597081, ...,  0.        ,
          0.29590131,  0.59436446],
        [-0.88303394, -0.81261838, -0.82632529, ..., -0.29590131,
          0.        ,  0.32978535],
        [-0.67886216, -0.57495957, -0.59436446, ..., -0.59436446,
         -0.32978535,  0.        ]],

       [[ 0.        , -0.2052382 ,  0.54663581, ...,  0.78902393,
          0.5479594 ,  0.12610603],
        [ 0.2052382 ,  0.        ,  0.70685946, ...,  0.89831788,
          0.70797723,  0.32702122],
        [-0.54663581, -0.70685946,  0.        , ...,  0.32487281,
          0.00158147, -0.43667443],
        ...,
        [-0.78902393, -0.89831788, -0.32487281, ...,  0.        ,
         -0.32337672, -0.70525016],
        [-0.5479594 , -0.70797723, -0.00158147, ...,  0.32337672,
          0.        , -0.4380966 ],
        [-0.12610603, -0.32702122,  0.43667443, ...,  0.70525016,
          0.4380966 ,  0.        ]],

       [[ 0.        , -0.11077166, -0.22171916, ...,  0.94047697,
          0.99280763,  0.84117346],
        [ 0.11077166,  0.        , -0.11234005, ...,  0.97233574,
          0.99995942,  0.7760953 ],
        [ 0.22171916,  0.11234005,  0.        , ...,  0.99242193,
          0.99464155,  0.70033908],
        ...,
        [-0.94047697, -0.97233574, -0.99242193, ...,  0.        ,
          0.22481862,  0.79445645],
        [-0.99280763, -0.99995942, -0.99464155, ..., -0.22481862,
          0.        ,  0.63758176],
        [-0.84117346, -0.7760953 , -0.70033908, ..., -0.79445645,
         -0.63758176,  0.        ]],

       ...,

       [[ 0.        , -0.8295274 , -0.63366386, ...,  0.98256323,
          0.94301209,  0.95623475],
        [ 0.8295274 ,  0.        ,  0.2878497 , ...,  0.70296115,
          0.80267247,  0.77674483],
        [ 0.63366386, -0.2878497 ,  0.        , ...,  0.87793558,
          0.94037918,  0.92516175],
        ...,
        [-0.98256323, -0.70296115, -0.87793558, ...,  0.        ,
         -0.1516232 , -0.10970708],
        [-0.94301209, -0.80267247, -0.94037918, ...,  0.1516232 ,
          0.        ,  0.04226931],
        [-0.95623475, -0.77674483, -0.92516175, ...,  0.10970708,
         -0.04226931,  0.        ]],

       [[ 0.        , -0.02056642, -0.06500128, ...,  0.32881589,
          0.54851552,  0.88483875],
        [ 0.02056642,  0.        , -0.04446461, ...,  0.34816914,
          0.56559592,  0.89423344],
        [ 0.06500128,  0.04446461,  0.        , ...,  0.38950732,
          0.60170571,  0.91325141],
        ...,
        [-0.32881589, -0.34816914, -0.38950732, ...,  0.        ,
          0.24307856,  0.68244198],
        [-0.54851552, -0.56559592, -0.60170571, ..., -0.24307856,
          0.        ,  0.48429745],
        [-0.88483875, -0.89423344, -0.91325141, ..., -0.68244198,
         -0.48429745,  0.        ]],

       [[ 0.        , -0.63175748, -0.84101857, ..., -0.95078888,
         -0.84704271, -0.60693551],
        [ 0.63175748,  0.        , -0.31014434, ..., -0.54127591,
         -0.32080401,  0.0316141 ],
        [ 0.84101857,  0.31014434,  0.        , ..., -0.25380198,
         -0.01123315,  0.3400445 ],
        ...,
        [ 0.95078888,  0.54127591,  0.25380198, ...,  0.        ,
          0.24292063,  0.56758791],
        [ 0.84704271,  0.32080401,  0.01123315, ..., -0.24292063,
          0.        ,  0.35058681],
        [ 0.60693551, -0.0316141 , -0.3400445 , ..., -0.56758791,
         -0.35058681,  0.        ]]]), 'num': array([ 9.99595129e-01,  1.39732361e-03,  3.32178970e-05, -9.05400629e-10,
        1.91961116e-03,  1.95155145e-03,  1.86211865e-03,  2.79766878e-02,
        7.98507140e-05,  1.82890075e-03,  1.65211127e-03,  1.51923968e-03,
        4.95253866e-06,  1.89834477e-03,  1.40587777e-03])}
{'img': array([[[ 0.        ,  0.02189802,  0.47688251, ...,  0.98875885,
          0.9769868 ,  0.5343899 ],
        [-0.02189802,  0.        ,  0.45752052, ...,  0.99179593,
          0.98142338,  0.5527708 ],
        [-0.47688251, -0.45752052,  0.        , ...,  0.94038945,
          0.96045813,  0.87279037],
        ...,
        [-0.98875885, -0.99179593, -0.94038945, ...,  0.        ,
          0.06482391,  0.7558352 ],
        [-0.9769868 , -0.98142338, -0.96045813, ..., -0.06482391,
          0.        ,  0.71180123],
        [-0.5343899 , -0.5527708 , -0.87279037, ..., -0.7558352 ,
         -0.71180123,  0.        ]],

       [[ 0.        ,  0.70685946,  0.63503819, ...,  0.70797723,
          0.32702122,  0.91223567],
        [-0.70685946,  0.        , -0.09683851, ...,  0.00158147,
         -0.43667443,  0.3556974 ],
        [-0.63503819,  0.09683851,  0.        , ...,  0.09841242,
         -0.34750428,  0.44453105],
        ...,
        [-0.70797723, -0.00158147, -0.09841242, ...,  0.        ,
         -0.4380966 ,  0.35421892],
        [-0.32702122,  0.43667443,  0.34750428, ...,  0.4380966 ,
          0.        ,  0.72810879],
        [-0.91223567, -0.3556974 , -0.44453105, ..., -0.35421892,
         -0.72810879,  0.        ]],

       [[ 0.        , -0.10428381, -0.06129961, ...,  0.97228111,
          0.99933085,  0.7382869 ],
        [ 0.10428381,  0.        ,  0.04312231, ...,  0.99136294,
          0.99006773,  0.6639234 ],
        [ 0.06129961, -0.04312231,  0.        , ...,  0.98478542,
          0.99520939,  0.69555271],
        ...,
        [-0.97228111, -0.99136294, -0.98478542, ...,  0.        ,
          0.26922129,  0.82841331],
        [-0.99933085, -0.99006773, -0.99520939, ..., -0.26922129,
          0.        ,  0.64703141],
        [-0.7382869 , -0.6639234 , -0.69555271, ..., -0.82841331,
         -0.64703141,  0.        ]],

       ...,

       [[ 0.        ,  0.2878497 ,  0.89262507, ...,  0.80267247,
          0.77674483,  0.53277513],
        [-0.2878497 ,  0.        ,  0.72508265, ...,  0.94037918,
          0.92516175,  0.75382052],
        [-0.89262507, -0.72508265,  0.        , ...,  0.89422412,
          0.91234547,  0.99556502],
        ...,
        [-0.80267247, -0.94037918, -0.89422412, ...,  0.        ,
          0.04226931,  0.3615093 ],
        [-0.77674483, -0.92516175, -0.91234547, ..., -0.04226931,
          0.        ,  0.32177563],
        [-0.53277513, -0.75382052, -0.99556502, ..., -0.3615093 ,
         -0.32177563,  0.        ]],

       [[ 0.        , -0.03877437, -0.10358124, ...,  0.45242186,
          0.60778413,  0.94473605],
        [ 0.03877437,  0.        , -0.06493754, ...,  0.48666078,
          0.63811788,  0.95673708],
        [ 0.10358124,  0.06493754,  0.        , ...,  0.54236245,
          0.68676895,  0.97361155],
        ...,
        [-0.45242186, -0.48666078, -0.54236245, ...,  0.        ,
          0.1827551 ,  0.69420109],
        [-0.60778413, -0.63811788, -0.68676895, ..., -0.1827551 ,
          0.        ,  0.55096601],
        [-0.94473605, -0.95673708, -0.97361155, ..., -0.69420109,
         -0.55096601,  0.        ]],

       [[ 0.        , -0.31014434, -0.33006801, ..., -0.32080401,
          0.0316141 ,  0.468059  ],
        [ 0.31014434,  0.        , -0.02102921, ..., -0.01123315,
          0.3400445 ,  0.71905245],
        [ 0.33006801,  0.02102921,  0.        , ...,  0.00979722,
          0.35974538,  0.73350782],
        ...,
        [ 0.32080401,  0.01123315, -0.00979722, ...,  0.        ,
          0.35058681,  0.72681363],
        [-0.0316141 , -0.3400445 , -0.35974538, ..., -0.35058681,
          0.        ,  0.43988775],
        [-0.468059  , -0.71905245, -0.73350782, ..., -0.72681363,
         -0.43988775,  0.        ]]]), 'num': array([ 7.62449503e-01,  6.46943752e-01,  3.85661938e-06,  2.03771076e-07,
        1.46209811e-03,  1.47186170e-03,  1.44501182e-03,  1.09438165e-02,
       -4.88179669e-06,  1.42060284e-03,  1.28134959e-03,  1.16723759e-03,
        3.72991208e-06,  1.47039854e-03,  1.09230063e-03])}
{'img': array([[[ 0.        ,  0.45752052,  0.69552497, ...,  0.98142338,
          0.5527708 ,  0.72037216],
        [-0.45752052,  0.        ,  0.28973078, ...,  0.96045813,
          0.87279037,  0.95788487],
        [-0.69552497, -0.28973078,  0.        , ...,  0.8385942 ,
          0.97677102,  0.99999637],
        ...,
        [-0.98142338, -0.96045813, -0.8385942 , ...,  0.        ,
          0.71180123,  0.54249656],
        [-0.5527708 , -0.87279037, -0.97677102, ..., -0.71180123,
          0.        , -0.21691509],
        [-0.72037216, -0.95788487, -0.99999637, ..., -0.54249656,
          0.21691509,  0.        ]],

       [[ 0.        , -0.09683851, -0.4014941 , ..., -0.43667443,
          0.3556974 , -0.20682228],
        [ 0.09683851,  0.        , -0.31091645, ..., -0.34750428,
          0.44453105, -0.11110552],
        [ 0.4014941 ,  0.31091645,  0.        , ..., -0.03874138,
          0.70100645,  0.20339262],
        ...,
        [ 0.43667443,  0.34750428,  0.03874138, ...,  0.        ,
          0.72810879,  0.24117151],
        [-0.3556974 , -0.44453105, -0.70100645, ..., -0.72810879,
          0.        , -0.54130305],
        [ 0.20682228,  0.11110552, -0.20339262, ..., -0.24117151,
          0.54130305,  0.        ]],

       [[ 0.        ,  0.04150458,  0.20117088, ...,  0.9999883 ,
          0.93725106,  0.64514477],
        [-0.04150458,  0.        ,  0.16034147, ...,  0.99932743,
          0.95091423,  0.67630086],
        [-0.20117088, -0.16034147,  0.        , ...,  0.98051804,
          0.98822932,  0.78566223],
        ...,
        [-0.9999883 , -0.99932743, -0.98051804, ...,  0.        ,
          0.34411637,  0.76092997],
        [-0.93725106, -0.95091423, -0.98822932, ..., -0.34411637,
          0.        ,  0.49118329],
        [-0.64514477, -0.67630086, -0.78566223, ..., -0.76092997,
         -0.49118329,  0.        ]],

       ...,

       [[ 0.        ,  0.87608003,  0.9999984 , ...,  0.78316643,
          0.5380186 ,  0.58507671],
        [-0.87608003,  0.        ,  0.48059592, ...,  0.9223732 ,
          0.99789086,  0.99258552],
        [-0.9999984 , -0.48059592,  0.        , ...,  0.62321376,
          0.84389518,  0.8120245 ],
        ...,
        [-0.78316643, -0.9223732 , -0.62321376, ...,  0.        ,
          0.32561031,  0.2713229 ],
        [-0.5380186 , -0.99789086, -0.84389518, ..., -0.32561031,
          0.        , -0.05685923],
        [-0.58507671, -0.99258552, -0.8120245 , ..., -0.2713229 ,
          0.05685923,  0.        ]],

       [[ 0.        , -0.06025691, -0.08051179, ...,  0.56458974,
          0.76514755,  0.97592211],
        [ 0.06025691,  0.        , -0.0203042 , ...,  0.61329817,
          0.80255391,  0.98729196],
        [ 0.08051179,  0.0203042 ,  0.        , ...,  0.62920904,
          0.81450154,  0.99031511],
        ...,
        [-0.56458974, -0.61329817, -0.62920904, ...,  0.        ,
          0.26801721,  0.68235056],
        [-0.76514755, -0.80255391, -0.81450154, ..., -0.26801721,
          0.        ,  0.46145885],
        [-0.97592211, -0.98729196, -0.99031511, ..., -0.68235056,
         -0.46145885,  0.        ]],

       [[ 0.        , -0.0172329 , -0.00639506, ...,  0.26526273,
          0.51518728,  0.98266716],
        [ 0.0172329 ,  0.        ,  0.01083843, ...,  0.28183889,
          0.52988071,  0.98571585],
        [ 0.00639506, -0.01083843,  0.        , ...,  0.27142327,
          0.52065781,  0.98383257],
        ...,
        [-0.26526273, -0.28183889, -0.27142327, ...,  0.        ,
          0.26938055,  0.89829021],
        [-0.51518728, -0.52988071, -0.52065781, ..., -0.26938055,
          0.        ,  0.74671731],
        [-0.98266716, -0.98571585, -0.98383257, ..., -0.89829021,
         -0.74671731,  0.        ]]]), 'num': array([ 9.69386663e-01,  2.44955263e-01,  2.42690586e-05,  2.55921579e-07,
        1.85751641e-03,  1.86373925e-03,  1.76106246e-03,  1.62006545e-02,
       -6.22283555e-06,  1.83262507e-03,  1.65527426e-03,  1.49565852e-03,
        4.78138777e-06,  1.89400740e-03,  1.41654111e-03])}
{'img': array([[[ 0.        ,  0.28973078,  0.18165413, ...,  0.87279037,
          0.95788487,  0.98005438],
        [-0.28973078,  0.        , -0.11104772, ...,  0.97677102,
          0.99999637,  0.99559612],
        [-0.18165413,  0.11104772,  0.        , ...,  0.94693383,
          0.99411049,  0.99984874],
        ...,
        [-0.87279037, -0.97677102, -0.94693383, ...,  0.        ,
         -0.21691509, -0.30491068],
        [-0.95788487, -0.99999637, -0.99411049, ...,  0.21691509,
          0.        , -0.0910651 ],
        [-0.98005438, -0.99559612, -0.99984874, ...,  0.30491068,
          0.0910651 ,  0.        ]],

       [[ 0.        , -0.31091645, -0.59238844, ...,  0.44453105,
         -0.11110552, -0.00414083],
        [ 0.31091645,  0.        , -0.31253744, ...,  0.70100645,
          0.20339262,  0.30697818],
        [ 0.59238844,  0.31253744,  0.        , ...,  0.88877746,
          0.4992083 ,  0.5890473 ],
        ...,
        [-0.44453105, -0.70100645, -0.88877746, ...,  0.        ,
         -0.54130305, -0.44823644],
        [ 0.11110552, -0.20339262, -0.4992083 , ...,  0.54130305,
          0.        ,  0.10698937],
        [ 0.00414083, -0.30697818, -0.5890473 , ...,  0.44823644,
         -0.10698937,  0.        ]],

       [[ 0.        ,  0.15597938,  0.27599465, ...,  0.98410496,
          0.91524723,  0.66291903],
        [-0.15597938,  0.        ,  0.12269555, ...,  0.99975986,
          0.96688784,  0.77158548],
        [-0.27599465, -0.12269555,  0.        , ...,  0.99489479,
          0.99089449,  0.84380544],
        ...,
        [-0.98410496, -0.99975986, -0.99489479, ...,  0.        ,
          0.23395193,  0.61906429],
        [-0.91524723, -0.96688784, -0.99089449, ..., -0.23395193,
          0.        ,  0.41815224],
        [-0.66291903, -0.77158548, -0.84380544, ..., -0.61906429,
         -0.41815224,  0.        ]],

       ...,

       [[ 0.        ,  0.82965798,  0.76530038, ...,  0.79183376,
          0.83071337,  0.81656503],
        [-0.82965798,  0.        , -0.1067829 , ...,  0.94876119,
          0.92563493,  0.93478834],
        [-0.76530038,  0.1067829 ,  0.        , ...,  0.97707927,
          0.96075102,  0.9673734 ],
        ...,
        [-0.79183376, -0.94876119, -0.97707927, ...,  0.        ,
         -0.06653299, -0.04161745],
        [-0.83071337, -0.92563493, -0.96075102, ...,  0.06653299,
          0.        ,  0.02495011],
        [-0.81656503, -0.93478834, -0.9673734 , ...,  0.04161745,
         -0.02495011,  0.        ]],

       [[ 0.        , -0.01932344, -0.03091995, ...,  0.73743224,
          0.86538996,  0.99395858],
        [ 0.01932344,  0.        , -0.01159998, ...,  0.75034601,
          0.87491134,  0.99589385],
        [ 0.03091995,  0.01159998,  0.        , ...,  0.75796364,
          0.88047014,  0.99687698],
        ...,
        [-0.73743224, -0.75034601, -0.75796364, ...,  0.        ,
          0.21497609,  0.59040312],
        [-0.86538996, -0.87491134, -0.88047014, ..., -0.21497609,
          0.        ,  0.40309005],
        [-0.99395858, -0.99589385, -0.99687698, ..., -0.59040312,
         -0.40309005,  0.        ]],

       [[ 0.        ,  0.0090665 ,  0.00372184, ...,  0.42124411,
          0.70421   ,  0.99997176],
        [-0.0090665 ,  0.        , -0.00534475, ...,  0.41300396,
          0.69774391,  0.9999988 ],
        [-0.00372184,  0.00534475,  0.        , ...,  0.41786568,
          0.70156265,  0.99999281],
        ...,
        [-0.42124411, -0.41300396, -0.41786568, ...,  0.        ,
          0.33960151,  0.91008719],
        [-0.70421   , -0.69774391, -0.70156265, ..., -0.33960151,
          0.        ,  0.71526359],
        [-0.99997176, -0.9999988 , -0.99999281, ..., -0.91008719,
         -0.71526359,  0.        ]]]), 'num': array([ 9.46964120e-01,  3.21183053e-01,  2.11770243e-05,  2.34920933e-07,
        1.80861580e-03,  1.87288134e-03,  1.78413369e-03,  8.75994342e-03,
       -1.83615817e-05,  1.81412428e-03,  1.64519772e-03,  1.47693423e-03,
        5.13822041e-06,  1.88018453e-03,  1.41021092e-03])}
{'img': array([[[ 0.        , -0.11104772, -0.25076729, ...,  0.99999637,
          0.99559612,  0.96188981],
        [ 0.11104772,  0.        , -0.14171686, ...,  0.99411049,
          0.99984874,  0.98630519],
        [ 0.25076729,  0.14171686,  0.        , ...,  0.96871913,
          0.98729274,  0.99972408],
        ...,
        [-0.99999637, -0.99411049, -0.96871913, ...,  0.        ,
         -0.0910651 , -0.27084628],
        [-0.99559612, -0.99984874, -0.98729274, ...,  0.0910651 ,
          0.        , -0.18205957],
        [-0.96188981, -0.98630519, -0.99972408, ...,  0.27084628,
          0.18205957,  0.        ]],

       [[ 0.        , -0.31253744, -0.15657702, ...,  0.20339262,
          0.30697818, -0.07656228],
        [ 0.31253744,  0.        ,  0.15994916, ...,  0.4992083 ,
          0.5890473 ,  0.23889315],
        [ 0.15657702, -0.15994916,  0.        , ...,  0.35418806,
          0.45220878,  0.08049949],
        ...,
        [-0.20339262, -0.4992083 , -0.35418806, ...,  0.        ,
          0.10698937, -0.27775754],
        [-0.30697818, -0.5890473 , -0.45220878, ..., -0.10698937,
          0.        , -0.37894273],
        [ 0.07656228, -0.23889315, -0.08049949, ...,  0.27775754,
          0.37894273,  0.        ]],

       [[ 0.        ,  0.12082572,  0.21716495, ...,  0.98566813,
          0.92561379,  0.7642203 ],
        [-0.12082572,  0.        ,  0.09763173, ...,  0.99882968,
          0.96456134,  0.8365486 ],
        [-0.21716495, -0.09763173,  0.        , ...,  0.99877994,
          0.98571424,  0.8860438 ],
        ...,
        [-0.98566813, -0.99882968, -0.99877994, ...,  0.        ,
          0.21689792,  0.50679098],
        [-0.92561379, -0.96456134, -0.98571424, ..., -0.21689792,
          0.        ,  0.3077455 ],
        [-0.7642203 , -0.8365486 , -0.8860438 , ..., -0.50679098,
         -0.3077455 ,  0.        ]],

       ...,

       [[ 0.        , -0.10549644, -0.16771201, ...,  0.9133895 ,
          0.922653  ,  0.94009655],
        [ 0.10549644,  0.        , -0.06277393, ...,  0.9512387 ,
          0.95818703,  0.8988859 ],
        [ 0.16771201,  0.06277393,  0.        , ...,  0.96872562,
          0.97425956,  0.86960664],
        ...,
        [-0.9133895 , -0.9512387 , -0.96872562, ...,  0.        ,
          0.0233683 ,  0.69408291],
        [-0.922653  , -0.95818703, -0.97425956, ..., -0.0233683 ,
          0.        ,  0.67707064],
        [-0.94009655, -0.8988859 , -0.86960664, ..., -0.69408291,
         -0.67707064,  0.        ]],

       [[ 0.        , -0.01114718, -0.05264891, ...,  0.8169957 ,
          0.9066972 ,  0.99871532],
        [ 0.01114718,  0.        , -0.04151392, ...,  0.82337289,
          0.91134255,  0.99921812],
        [ 0.05264891,  0.04151392,  0.        , ...,  0.84622226,
          0.92764606,  0.99999804],
        ...,
        [-0.8169957 , -0.82337289, -0.84622226, ...,  0.        ,
          0.17824708,  0.5345036 ],
        [-0.9066972 , -0.91134255, -0.92764606, ..., -0.17824708,
          0.        ,  0.37529553],
        [-0.99871532, -0.99921812, -0.99999804, ..., -0.5345036 ,
         -0.37529553,  0.        ]],

       [[ 0.        , -0.00484992, -0.0114008 , ...,  0.61248449,
          0.85895837,  0.99542499],
        [ 0.00484992,  0.        , -0.00655107, ...,  0.61631106,
          0.86143165,  0.99494989],
        [ 0.0114008 ,  0.00655107,  0.        , ...,  0.62145682,
          0.86474027,  0.99427099],
        ...,
        [-0.61248449, -0.61631106, -0.62145682, ...,  0.        ,
          0.36537177,  0.84538674],
        [-0.85895837, -0.86143165, -0.86474027, ..., -0.36537177,
          0.        ,  0.59177307],
        [-0.99542499, -0.99494989, -0.99427099, ..., -0.84538674,
         -0.59177307,  0.        ]]]), 'num': array([ 9.92094831e-01,  1.25171271e-01,  2.95878348e-05,  2.03052654e-07,
        1.89284620e-03,  1.94452801e-03,  1.86377518e-03,  7.32977236e-03,
       -1.61505649e-05,  1.92127120e-03,  1.74829865e-03,  1.56359002e-03,
        5.15129128e-06,  2.00243999e-03,  1.49415731e-03])}
{'img': array([[[ 0.        , -0.14171686, -0.05072459, ...,  0.99984874,
          0.98630519,  0.96115288],
        [ 0.14171686,  0.        ,  0.09132178, ...,  0.98729274,
          0.99972408,  0.99056839],
        [ 0.05072459, -0.09132178,  0.        , ...,  0.99767941,
          0.99340153,  0.9739164 ],
        ...,
        [-0.99984874, -0.98729274, -0.99767941, ...,  0.        ,
         -0.18205957, -0.29269138],
        [-0.98630519, -0.99972408, -0.99340153, ...,  0.18205957,
          0.        , -0.11371315],
        [-0.96115288, -0.99056839, -0.9739164 , ...,  0.29269138,
          0.11371315,  0.        ]],

       [[ 0.        ,  0.15994916, -0.0977989 , ...,  0.5890473 ,
          0.23889315,  0.1092775 ],
        [-0.15994916,  0.        , -0.25572216, ...,  0.45220878,
          0.08049949, -0.05112069],
        [ 0.0977989 ,  0.25572216,  0.        , ...,  0.66525467,
          0.33271516,  0.20596685],
        ...,
        [-0.5890473 , -0.45220878, -0.66525467, ...,  0.        ,
         -0.37894273, -0.49721267],
        [-0.23889315, -0.08049949, -0.33271516, ...,  0.37894273,
          0.        , -0.13134902],
        [-0.1092775 ,  0.05112069, -0.20596685, ...,  0.49721267,
          0.13134902,  0.        ]],

       [[ 0.        ,  0.09681662,  0.20406204, ...,  0.97969983,
          0.93532938,  0.83278673],
        [-0.09681662,  0.        ,  0.108324  , ...,  0.99450627,
          0.96518702,  0.88247159],
        [-0.20406204, -0.108324  ,  0.        , ...,  0.99999327,
          0.98784082,  0.92823071],
        ...,
        [-0.97969983, -0.99450627, -0.99999327, ...,  0.        ,
          0.15909084,  0.3754071 ],
        [-0.93532938, -0.96518702, -0.98784082, ..., -0.15909084,
          0.        ,  0.22317096],
        [-0.83278673, -0.88247159, -0.92823071, ..., -0.3754071 ,
         -0.22317096,  0.        ]],

       ...,

       [[ 0.        , -0.06277393,  0.22841624, ...,  0.95818703,
          0.8988859 ,  0.99360312],
        [ 0.06277393,  0.        ,  0.28908015, ...,  0.97425956,
          0.86960664,  0.99873247],
        [-0.22841624, -0.28908015,  0.        , ...,  0.86749635,
          0.97521062,  0.94154109],
        ...,
        [-0.95818703, -0.97425956, -0.86749635, ...,  0.        ,
          0.67707064,  0.17610561],
        [-0.8988859 , -0.86960664, -0.97521062, ..., -0.67707064,
          0.        , -0.53688961],
        [-0.99360312, -0.99873247, -0.94154109, ..., -0.17610561,
          0.53688961,  0.        ]],

       [[ 0.        , -0.0400781 , -0.14281955, ...,  0.85846442,
          0.92955393,  0.99999349],
        [ 0.0400781 ,  0.        , -0.10303755, ...,  0.87832967,
          0.94358332,  0.99933471],
        [ 0.14281955,  0.10303755,  0.        , ...,  0.92291239,
          0.97268043,  0.99025782],
        ...,
        [-0.85846442, -0.87832967, -0.92291239, ...,  0.        ,
          0.16023926,  0.50977107],
        [-0.92955393, -0.94358332, -0.97268043, ..., -0.16023926,
          0.        ,  0.36532846],
        [-0.99999349, -0.99933471, -0.99025782, ..., -0.50977107,
         -0.36532846,  0.        ]],

       [[ 0.        , -0.00637583,  0.1038418 , ...,  0.82993319,
          0.97597921,  0.99187571],
        [ 0.00637583,  0.        ,  0.11018105, ...,  0.83347316,
          0.97734844,  0.99104447],
        [-0.1038418 , -0.11018105,  0.        , ...,  0.76751695,
          0.94807955,  0.99972325],
        ...,
        [-0.82993319, -0.83347316, -0.76751695, ...,  0.        ,
          0.36365021,  0.658907  ],
        [-0.97597921, -0.97734844, -0.94807955, ..., -0.36365021,
          0.        ,  0.34024874],
        [-0.99187571, -0.99104447, -0.99972325, ..., -0.658907  ,
         -0.34024874,  0.        ]]]), 'num': array([9.83633304e-01, 1.66908200e-01, 2.32685215e-05, 1.30874472e-07,
       1.93996462e-03, 1.97865337e-03, 1.61940066e-03, 6.77122818e-02,
       3.20563954e-04, 1.69954165e-03, 1.52198791e-03, 1.34747400e-03,
       4.82476839e-06, 1.80952755e-03, 1.23444827e-03])}
{'img': array([[[ 0.        ,  0.0671423 ,  0.00983122, ...,  0.77944061,
          0.7553144 ,  0.75302442],
        [-0.0671423 ,  0.        , -0.05733002, ...,  0.73561869,
          0.70960742,  0.79550429],
        [-0.00983122,  0.05733002,  0.        , ...,  0.77324392,
          0.74883489,  0.7594569 ],
        ...,
        [-0.77944061, -0.73561869, -0.77324392, ...,  0.        ,
         -0.0376298 ,  0.98461795],
        [-0.7553144 , -0.70960742, -0.74883489, ...,  0.0376298 ,
          0.        ,  0.99049531],
        [-0.75302442, -0.79550429, -0.7594569 , ..., -0.98461795,
         -0.99049531,  0.        ]],

       [[ 0.        , -0.21137402, -0.27168031, ...,  0.06583647,
         -0.041938  ,  0.46125348],
        [ 0.21137402,  0.        , -0.06211803, ...,  0.27526434,
          0.17019764,  0.26328608],
        [ 0.27168031,  0.06211803,  0.        , ...,  0.33445108,
          0.23108068,  0.20285126],
        ...,
        [-0.06583647, -0.27526434, -0.33445108, ...,  0.        ,
         -0.10762556,  0.51866738],
        [ 0.041938  , -0.17019764, -0.23108068, ...,  0.10762556,
          0.        ,  0.42363742],
        [-0.46125348, -0.26328608, -0.20285126, ..., -0.51866738,
         -0.42363742,  0.        ]],

       [[ 0.        ,  0.09978191,  0.10968393, ...,  0.98701036,
          0.99197843,  0.84787177],
        [-0.09978191,  0.        ,  0.00995666, ...,  0.96605389,
          0.97441464,  0.89654482],
        [-0.10968393, -0.00995666,  0.        , ...,  0.96343379,
          0.9721285 ,  0.90091071],
        ...,
        [-0.98701036, -0.96605389, -0.96343379, ...,  0.        ,
          0.03460266,  0.65953044],
        [-0.99197843, -0.97441464, -0.9721285 , ..., -0.03460266,
          0.        ,  0.63312543],
        [-0.84787177, -0.89654482, -0.90091071, ..., -0.65953044,
         -0.63312543,  0.        ]],

       ...,

       [[ 0.        ,  0.2770248 ,  0.50093778, ...,  0.99805278,
          0.98142539,  0.85212844],
        [-0.2770248 ,  0.        ,  0.24157213, ...,  0.9762712 ,
          0.88986952,  0.96375463],
        [-0.50093778, -0.24157213,  0.        , ...,  0.89504404,
          0.75330528,  0.99966006],
        ...,
        [-0.99805278, -0.9762712 , -0.89504404, ...,  0.        ,
         -0.25268711,  0.46916209],
        [-0.98142539, -0.88986952, -0.75330528, ...,  0.25268711,
          0.        ,  0.6770879 ],
        [-0.85212844, -0.96375463, -0.99966006, ..., -0.46916209,
         -0.6770879 ,  0.        ]],

       [[ 0.        , -0.08712756, -0.17225513, ...,  0.74212119,
          0.78841763,  0.97800821],
        [ 0.08712756,  0.        , -0.08577486, ...,  0.79769764,
          0.83901509,  0.95611712],
        [ 0.17225513,  0.08577486,  0.        , ...,  0.84648494,
          0.88259373,  0.92746267],
        ...,
        [-0.74212119, -0.79769764, -0.84648494, ...,  0.        ,
          0.07194063,  0.81030694],
        [-0.78841763, -0.83901509, -0.88259373, ..., -0.07194063,
          0.        ,  0.76604974],
        [-0.97800821, -0.95611712, -0.92746267, ..., -0.81030694,
         -0.76604974,  0.        ]],

       [[ 0.        ,  0.11018105,  0.21074188, ...,  0.97734844,
          0.99104447,  0.57560681],
        [-0.11018105,  0.        ,  0.10175221, ...,  0.94807955,
          0.99972325,  0.48200427],
        [-0.21074188, -0.10175221,  0.        , ...,  0.91079821,
          0.99692817,  0.39035044],
        ...,
        [-0.97734844, -0.94807955, -0.91079821, ...,  0.        ,
          0.34024874, -0.67738438],
        [-0.99104447, -0.99972325, -0.99692817, ..., -0.34024874,
          0.        , -0.88726548],
        [-0.57560681, -0.48200427, -0.39035044, ...,  0.67738438,
          0.88726548,  0.        ]]]), 'num': array([9.97260208e-01, 4.35346565e-05, 2.56353901e-05, 9.42681553e-07,
       1.96689679e-03, 2.09077590e-03, 1.86577099e-03, 7.38220356e-02,
       1.92139018e-04, 1.64531675e-03, 1.42713784e-03, 1.24532208e-03,
       4.56492635e-06, 1.78415810e-03, 1.07011758e-03])}
{'img': array([[[ 0.        , -0.04940349, -0.02440128, ...,  0.60678905,
          0.97765205,  0.72117433],
        [ 0.04940349,  0.        ,  0.0250173 , ...,  0.6453171 ,
          0.98684432,  0.68606926],
        [ 0.02440128, -0.0250173 ,  0.        , ...,  0.62600404,
          0.98249082,  0.70405552],
        ...,
        [-0.60678905, -0.6453171 , -0.62600404, ...,  0.        ,
          0.64953438,  0.99359004],
        [-0.97765205, -0.98684432, -0.98249082, ..., -0.64953438,
          0.        ,  0.82888415],
        [-0.72117433, -0.68606926, -0.70405552, ..., -0.99359004,
         -0.82888415,  0.        ]],

       [[ 0.        , -0.05661372,  0.07744348, ...,  0.1549937 ,
          0.88500767,  0.24057368],
        [ 0.05661372,  0.        ,  0.13376297, ...,  0.21067468,
          0.85723024,  0.18523682],
        [-0.07744348, -0.13376297,  0.        , ...,  0.0780206 ,
          0.91840563,  0.31502021],
        ...,
        [-0.1549937 , -0.21067468, -0.0780206 , ...,  0.        ,
          0.94647417,  0.38810813],
        [-0.88500767, -0.85723024, -0.91840563, ..., -0.94647417,
          0.        ,  0.74701033],
        [-0.24057368, -0.18523682, -0.31502021, ..., -0.38810813,
         -0.74701033,  0.        ]],

       [[ 0.        ,  0.00880612, -0.02671879, ...,  0.87432308,
          0.96217092,  0.84429371],
        [-0.00880612,  0.        , -0.03552074, ...,  0.87001517,
          0.95973442,  0.84898   ],
        [ 0.02671879,  0.03552074,  0.        , ...,  0.88697875,
          0.96910686,  0.8296742 ],
        ...,
        [-0.87432308, -0.87001517, -0.88697875, ...,  0.        ,
          0.22877794,  0.87830607],
        [-0.96217092, -0.95973442, -0.96910686, ..., -0.22877794,
          0.        ,  0.74563373],
        [-0.84429371, -0.84898   , -0.8296742 , ..., -0.87830607,
         -0.74563373,  0.        ]],

       ...,

       [[ 0.        ,  0.23143697,  0.26297404, ...,  0.84964628,
          0.99004542,  0.95293846],
        [-0.23143697,  0.        ,  0.03254321, ...,  0.70452932,
          0.93059123,  0.9972294 ],
        [-0.26297404, -0.03254321,  0.        , ...,  0.68106105,
          0.91818556,  0.99912201],
        ...,
        [-0.84964628, -0.70452932, -0.68106105, ...,  0.        ,
          0.40251719,  0.76011696],
        [-0.99004542, -0.93059123, -0.91818556, ..., -0.40251719,
          0.        ,  0.43427036],
        [-0.95293846, -0.9972294 , -0.99912201, ..., -0.76011696,
         -0.43427036,  0.        ]],

       [[ 0.        , -0.07274685, -0.16031667, ...,  0.69076495,
          0.88253038,  0.89837217],
        [ 0.07274685,  0.        , -0.08808599, ...,  0.74153647,
          0.91440166,  0.86403892],
        [ 0.16031667,  0.08808599,  0.        , ...,  0.79775202,
          0.94650519,  0.8163356 ],
        ...,
        [-0.69076495, -0.74153647, -0.79775202, ...,  0.        ,
          0.31330358,  0.95300257],
        [-0.88253038, -0.91440166, -0.94650519, ..., -0.31330358,
          0.        ,  0.81010263],
        [-0.89837217, -0.86403892, -0.8163356 , ..., -0.95300257,
         -0.81010263,  0.        ]],

       [[ 0.        ,  0.10175221,  0.25479346, ...,  0.99972325,
          0.48200427, -0.31141495],
        [-0.10175221,  0.        ,  0.1550771 , ...,  0.99692817,
          0.39035044, -0.40649112],
        [-0.25479346, -0.1550771 ,  0.        , ...,  0.97272187,
          0.24285386, -0.54326046],
        ...,
        [-0.99972325, -0.99692817, -0.97272187, ...,  0.        ,
         -0.88726548, -0.94268504],
        [-0.48200427, -0.39035044, -0.24285386, ...,  0.88726548,
          0.        , -0.73088822],
        [ 0.31141495,  0.40649112,  0.54326046, ...,  0.94268504,
          0.73088822,  0.        ]]]), 'num': array([9.62308471e-01, 2.71130442e-01, 1.77680727e-05, 1.53405114e-06,
       1.89884074e-03, 2.05016224e-03, 1.85246802e-03, 2.07089817e-02,
       0.00000000e+00, 1.67673983e-03, 1.41107297e-03, 1.21411096e-03,
       4.40398378e-06, 1.81658936e-03, 1.00555659e-03])}
{'img': array([[[ 0.        ,  0.0250173 , -0.15675516, ...,  0.98684432,
          0.68606926,  0.68606926],
        [-0.0250173 ,  0.        , -0.18141412, ...,  0.98249082,
          0.70405552,  0.70405552],
        [ 0.15675516,  0.18141412,  0.        , ...,  0.99998759,
          0.56354267,  0.56354267],
        ...,
        [-0.98684432, -0.98249082, -0.99998759, ...,  0.        ,
          0.82888415,  0.82888415],
        [-0.68606926, -0.70405552, -0.56354267, ..., -0.82888415,
          0.        ,  0.        ],
        [-0.68606926, -0.70405552, -0.56354267, ..., -0.82888415,
