state_0,state_1,state_2,state_3,state_4,state_5,state_6,state_7,state_8,state_9,state_10,state_11,state_12,state_13,state_14,state_15,state_16,state_17,state_18,state_19,state_20,state_21,state_22,state_23,state_24,state_25,state_26,state_27,state_28,state_29,state_30,state_31,state_32,state_33,state_34,state_35,state_36,state_37,state_38,state_39,state_40,state_41,state_42,state_43,state_44,state_45,state_46,state_47,state_48,state_49,state_50,state_51,state_52,state_53,state_54,state_55,state_56,state_57,state_58,state_59,state_60,state_61,state_62,state_63,state_64,state_65,state_66,state_67,state_68,state_69,state_70,state_71,state_72,state_73,state_74,state_75,state_76,state_77,state_78,state_79,state_80,state_81,state_82,state_83,state_84,state_85,state_86,state_87,state_88,state_89,state_90,state_91,state_92,state_93,state_94,state_95,state_96,state_97,state_98,state_99,state_100,state_101,state_102,state_103,state_104,state_105,state_106,state_107,state_108,state_109,state_110,state_111,state_112,state_113,state_114,state_115,state_116,state_117,state_118,state_119,state_120,state_121,state_122,state_123,state_124,state_125,state_126,state_127,state_128,state_129,state_130,state_131,state_132,state_133,state_134,state_135,state_136,state_137,state_138,state_139,state_140,state_141,state_142,state_143,state_144,state_145,state_146,state_147,state_148,state_149,state_150,state_151,state_152,state_153,state_154,state_155,state_156,state_157,state_158,state_159,state_160,state_161,state_162,state_163,state_164,state_165,state_166,state_167,state_168,state_169,state_170,state_171,state_172,state_173,state_174,state_175,state_176,state_177,state_178,state_179,state_180,state_181,state_182,state_183,state_184,state_185,state_186,state_187,state_188,state_189,state_190,state_191,state_192,state_193,state_194,state_195,state_196,state_197,state_198,state_199,state_200,state_201,state_202,state_203,state_204,state_205,state_206,state_207,state_208,state_209,state_210,state_211,state_212,state_213,state_214,state_215,state_216,state_217,state_218,state_219,state_220,state_221,state_222,state_223,state_224,state_225,state_226,state_227,state_228,state_229,state_230,state_231,state_232,state_233,state_234,state_235,state_236,state_237,state_238,state_239,state_240,state_241,state_242,state_243,state_244,state_245,state_246,state_247,state_248,state_249,state_250,state_251,state_252,state_253,state_254,state_255,state_256,state_257,state_258,state_259,state_260,state_261,state_262,state_263,state_264,state_265,state_266,state_267,state_268,state_269,state_270,state_271,state_272,state_273,state_274,state_275,state_276,state_277,state_278,state_279,state_280,state_281,state_282,state_283,state_284,state_285,state_286,state_287
{'img': array([[[ 0.00000000e+00,  2.72391697e-01,  6.14050791e-01, ...,
         -2.33853381e-01, -2.83462688e-01, -3.14160564e-01],
        [-2.72391697e-01,  0.00000000e+00,  3.75841706e-01, ...,
         -4.89849340e-01, -5.33963037e-01, -5.60881506e-01],
        [-6.14050791e-01, -3.75841706e-01,  0.00000000e+00, ...,
         -7.81596955e-01, -8.12592040e-01, -8.30917729e-01],
        ...,
        [ 2.33853381e-01,  4.89849340e-01,  7.81596955e-01, ...,
          0.00000000e+00, -5.13413197e-02, -8.34361271e-02],
        [ 2.83462688e-01,  5.33963037e-01,  8.12592040e-01, ...,
          5.13413197e-02,  0.00000000e+00, -3.21637895e-02],
        [ 3.14160564e-01,  5.60881506e-01,  8.30917729e-01, ...,
          8.34361271e-02,  3.21637895e-02,  0.00000000e+00]],

       [[ 0.00000000e+00,  7.75255345e-01,  5.37490996e-01, ...,
          1.93396105e-01,  4.71532560e-02, -1.09518838e-01],
        [-7.75255345e-01,  0.00000000e+00, -3.14244084e-01, ...,
         -6.38460858e-01, -7.44608745e-01, -8.39769318e-01],
        [-5.37490996e-01,  3.14244084e-01,  0.00000000e+00, ...,
         -3.64258541e-01, -4.97130225e-01, -6.26611732e-01],
        ...,
        [-1.93396105e-01,  6.38460858e-01,  3.64258541e-01, ...,
          0.00000000e+00, -1.46917945e-01, -2.99683979e-01],
        [-4.71532560e-02,  7.44608745e-01,  4.97130225e-01, ...,
          1.46917945e-01,  0.00000000e+00, -1.56266632e-01],
        [ 1.09518838e-01,  8.39769318e-01,  6.26611732e-01, ...,
          2.99683979e-01,  1.56266632e-01,  0.00000000e+00]],

       [[ 0.00000000e+00,  4.96529499e-02,  1.65629007e-01, ...,
         -3.73545789e-01, -3.42662823e-01, -3.14014473e-01],
        [-4.96529499e-02,  0.00000000e+00,  1.16457559e-01, ...,
         -4.19143692e-01, -3.88887043e-01, -3.60768560e-01],
        [-1.65629007e-01, -1.16457559e-01,  0.00000000e+00, ...,
         -5.22025836e-01, -4.93531580e-01, -4.66928539e-01],
        ...,
        [ 3.73545789e-01,  4.19143692e-01,  5.22025836e-01, ...,
          0.00000000e+00,  3.30726923e-02,  6.33676576e-02],
        [ 3.42662823e-01,  3.88887043e-01,  4.93531580e-01, ...,
         -3.30726923e-02,  0.00000000e+00,  3.03267678e-02],
        [ 3.14014473e-01,  3.60768560e-01,  4.66928539e-01, ...,
         -6.33676576e-02, -3.03267678e-02,  0.00000000e+00]],

       ...,

       [[ 0.00000000e+00,  1.05799532e-01,  2.83501041e-01, ...,
          7.65500477e-01,  8.09682837e-01,  8.35759947e-01],
        [-1.05799532e-01,  0.00000000e+00,  1.80451105e-01, ...,
          6.93128934e-01,  7.43048147e-01,  7.72975233e-01],
        [-2.83501041e-01, -1.80451105e-01,  0.00000000e+00, ...,
          5.51678884e-01,  6.10085507e-01,  6.45801326e-01],
        ...,
        [-7.65500477e-01, -6.93128934e-01, -5.51678884e-01, ...,
          0.00000000e+00,  7.17310328e-02,  1.17424995e-01],
        [-8.09682837e-01, -7.43048147e-01, -6.10085507e-01, ...,
         -7.17310328e-02,  0.00000000e+00,  4.58877294e-02],
        [-8.35759947e-01, -7.72975233e-01, -6.45801326e-01, ...,
         -1.17424995e-01, -4.58877294e-02,  0.00000000e+00]],

       [[ 0.00000000e+00,  2.10223987e-02, -9.69840956e-02, ...,
         -9.02575520e-01, -9.02663905e-01, -9.04965300e-01],
        [-2.10223987e-02,  0.00000000e+00, -1.17885960e-01, ...,
         -8.93325249e-01, -8.93417511e-01, -8.95820584e-01],
        [ 9.69840956e-02,  1.17885960e-01,  0.00000000e+00, ...,
         -9.40075431e-01, -9.40145425e-01, -9.41964546e-01],
        ...,
        [ 9.02575520e-01,  8.93325249e-01,  9.40075431e-01, ...,
          0.00000000e+00,  2.05337543e-04,  5.58344615e-03],
        [ 9.02663905e-01,  8.93417511e-01,  9.40145425e-01, ...,
         -2.05337543e-04,  0.00000000e+00,  5.37811169e-03],
        [ 9.04965300e-01,  8.95820584e-01,  9.41964546e-01, ...,
         -5.58344615e-03, -5.37811169e-03,  0.00000000e+00]],

       [[ 0.00000000e+00,  9.02304087e-03,  1.99045055e-03, ...,
         -1.17824330e-01, -7.02638864e-02, -4.83975244e-02],
        [-9.02304087e-03,  0.00000000e+00, -7.03265347e-03, ...,
         -1.26779724e-01, -7.92617659e-02, -5.74080214e-02],
        [-1.99045055e-03,  7.03265347e-03,  0.00000000e+00, ...,
         -1.19800682e-01, -7.22492782e-02, -5.03855465e-02],
        ...,
        [ 1.17824330e-01,  1.26779724e-01,  1.19800682e-01, ...,
          0.00000000e+00,  4.77586595e-02,  6.96258483e-02],
        [ 7.02638864e-02,  7.92617659e-02,  7.22492782e-02, ...,
         -4.77586595e-02,  0.00000000e+00,  2.19036409e-02],
        [ 4.83975244e-02,  5.74080214e-02,  5.03855465e-02, ...,
         -6.96258483e-02, -2.19036409e-02,  0.00000000e+00]]]), 'num': array([7.07106416e-01, 7.07106416e-01, 0.00000000e+00, 0.00000000e+00,
       1.61542198e-04, 1.61733825e-04, 1.56559876e-04, 9.10998348e-04,
       0.00000000e+00, 1.62462011e-04, 1.59309734e-04, 1.51577554e-04,
       1.01497752e-06, 1.71961970e-04, 1.46657498e-04])}
{'img': array([[[ 0.        ,  0.37584171,  0.52793654, ..., -0.53396304,
         -0.56088151, -0.56088151],
        [-0.37584171,  0.        ,  0.17003401, ..., -0.81259204,
         -0.83091773, -0.83091773],
        [-0.52793654, -0.17003401,  0.        , ..., -0.89986064,
         -0.91342419, -0.91342419],
        ...,
        [ 0.53396304,  0.81259204,  0.89986064, ...,  0.        ,
         -0.03216379, -0.03216379],
        [ 0.56088151,  0.83091773,  0.91342419, ...,  0.03216379,
          0.        ,  0.        ],
        [ 0.56088151,  0.83091773,  0.91342419, ...,  0.03216379,
          0.        ,  0.        ]],

       [[ 0.        , -0.31424408, -0.42500625, ..., -0.74460874,
         -0.83976932, -0.91277846],
        [ 0.31424408,  0.        , -0.11902564, ..., -0.49713023,
         -0.62661173, -0.73818456],
        [ 0.42500625,  0.11902564,  0.        , ..., -0.39032053,
         -0.52939682, -0.65264239],
        ...,
        [ 0.74460874,  0.49713023,  0.39032053, ...,  0.        ,
         -0.15626663, -0.30514153],
        [ 0.83976932,  0.62661173,  0.52939682, ...,  0.15626663,
          0.        , -0.15257903],
        [ 0.91277846,  0.73818456,  0.65264239, ...,  0.30514153,
          0.15257903,  0.        ]],

       [[ 0.        ,  0.11645756,  0.27145316, ..., -0.38888704,
         -0.36076856, -0.33976843],
        [-0.11645756,  0.        ,  0.15752133, ..., -0.49353158,
         -0.46692854, -0.44698593],
        [-0.27145316, -0.15752133,  0.        , ..., -0.62437082,
         -0.60039454, -0.58231485],
        ...,
        [ 0.38888704,  0.49353158,  0.62437082, ...,  0.        ,
          0.03032677,  0.05272811],
        [ 0.36076856,  0.46692854,  0.60039454, ..., -0.03032677,
          0.        ,  0.02241927],
        [ 0.33976843,  0.44698593,  0.58231485, ..., -0.05272811,
         -0.02241927,  0.        ]],

       ...,

       [[ 0.        ,  0.1804511 ,  0.7380887 , ...,  0.74304815,
          0.77297523,  0.8425702 ],
        [-0.1804511 ,  0.        ,  0.60422118, ...,  0.61008551,
          0.64580133,  0.73154999],
        [-0.7380887 , -0.60422118,  0.        , ...,  0.00738035,
          0.05325906,  0.17096059],
        ...,
        [-0.74304815, -0.61008551, -0.00738035, ...,  0.        ,
          0.04588773,  0.16368424],
        [-0.77297523, -0.64580133, -0.05325906, ..., -0.04588773,
          0.        ,  0.11824298],
        [-0.8425702 , -0.73154999, -0.17096059, ..., -0.16368424,
         -0.11824298,  0.        ]],

       [[ 0.        , -0.11788596, -0.294351  , ..., -0.89341751,
         -0.89582058, -0.89731712],
        [ 0.11788596,  0.        , -0.17963522, ..., -0.94014542,
         -0.94196455, -0.94309352],
        [ 0.294351  ,  0.17963522,  0.        , ..., -0.98606728,
         -0.98694765, -0.98748616],
        ...,
        [ 0.89341751,  0.94014542,  0.98606728, ...,  0.        ,
          0.00537811,  0.00875696],
        [ 0.89582058,  0.94196455,  0.98694765, ..., -0.00537811,
          0.        ,  0.00337893],
        [ 0.89731712,  0.94309352,  0.98748616, ..., -0.00875696,
         -0.00337893,  0.        ]],

       [[ 0.        , -0.00703265, -0.0103524 , ..., -0.07926177,
         -0.05740802, -0.03293601],
        [ 0.00703265,  0.        , -0.00331987, ..., -0.07224928,
         -0.05038555, -0.02590636],
        [ 0.0103524 ,  0.00331987,  0.        , ..., -0.06893769,
         -0.04706962, -0.02258746],
        ...,
        [ 0.07926177,  0.07224928,  0.06893769, ...,  0.        ,
          0.02190364,  0.04638637],
        [ 0.05740802,  0.05038555,  0.04706962, ..., -0.02190364,
          0.        ,  0.02449518],
        [ 0.03293601,  0.02590636,  0.02258746, ..., -0.04638637,
         -0.02449518,  0.        ]]]), 'num': array([ 9.75826025e-01,  2.18541295e-01,  9.29183718e-05, -3.01408272e-10,
        2.21298869e-04,  2.28087178e-04,  2.19941207e-04,  1.69175518e-03,
       -7.60290593e-06,  2.28738856e-04,  2.24923826e-04,  2.14157568e-04,
        1.49522222e-06,  2.42087828e-04,  2.07759824e-04])}
{'img': array([[[ 0.00000000e+00,  1.70034006e-01,  2.60892107e-01, ...,
         -8.30917729e-01, -8.30917729e-01, -8.94081257e-01],
        [-1.70034006e-01,  0.00000000e+00,  9.29476647e-02, ...,
         -9.13424188e-01, -9.13424188e-01, -9.57220867e-01],
        [-2.60892107e-01, -9.29476647e-02,  0.00000000e+00, ...,
         -9.47300499e-01, -9.47300499e-01, -9.79972230e-01],
        ...,
        [ 8.30917729e-01,  9.13424188e-01,  9.47300499e-01, ...,
          0.00000000e+00,  0.00000000e+00, -1.25290572e-01],
        [ 8.30917729e-01,  9.13424188e-01,  9.47300499e-01, ...,
          0.00000000e+00,  0.00000000e+00, -1.25290572e-01],
        [ 8.94081257e-01,  9.57220867e-01,  9.79972230e-01, ...,
          1.25290572e-01,  1.25290572e-01,  0.00000000e+00]],

       [[ 0.00000000e+00, -1.19025641e-01, -3.20988409e-01, ...,
         -6.26611732e-01, -7.38184563e-01, -6.47495630e-01],
        [ 1.19025641e-01,  0.00000000e+00, -2.05979384e-01, ...,
         -5.29396820e-01, -6.52642387e-01, -5.52186930e-01],
        [ 3.20988409e-01,  2.05979384e-01,  0.00000000e+00, ...,
         -3.43296987e-01, -4.82583744e-01, -3.68616815e-01],
        ...,
        [ 6.26611732e-01,  5.29396820e-01,  3.43296987e-01, ...,
          0.00000000e+00, -1.52579027e-01, -2.70923243e-02],
        [ 7.38184563e-01,  6.52642387e-01,  4.82583744e-01, ...,
          1.52579027e-01,  0.00000000e+00,  1.25747913e-01],
        [ 6.47495630e-01,  5.52186930e-01,  3.68616815e-01, ...,
          2.70923243e-02, -1.25747913e-01,  0.00000000e+00]],

       [[ 0.00000000e+00,  1.57521328e-01,  3.50521658e-01, ...,
         -4.66928539e-01, -4.46985927e-01, -4.71409378e-01],
        [-1.57521328e-01,  0.00000000e+00,  1.98618272e-01, ...,
         -6.00394541e-01, -5.82314854e-01, -6.04444452e-01],
        [-3.50521658e-01, -1.98618272e-01,  0.00000000e+00, ...,
         -7.47268651e-01, -7.32182729e-01, -7.50630769e-01],
        ...,
        [ 4.66928539e-01,  6.00394541e-01,  7.47268651e-01, ...,
          0.00000000e+00,  2.24192732e-02, -5.07392805e-03],
        [ 4.46985927e-01,  5.82314854e-01,  7.32182729e-01, ...,
         -2.24192732e-02,  0.00000000e+00, -2.74916374e-02],
        [ 4.71409378e-01,  6.04444452e-01,  7.50630769e-01, ...,
          5.07392805e-03,  2.74916374e-02,  0.00000000e+00]],

       ...,

       [[ 0.00000000e+00,  6.04221176e-01,  9.75200647e-01, ...,
          6.45801326e-01,  7.31549995e-01,  7.66264377e-01],
        [-6.04221176e-01,  0.00000000e+00,  6.43328301e-01, ...,
          5.32590565e-02,  1.70960588e-01,  2.22344752e-01],
        [-9.75200647e-01, -6.43328301e-01,  0.00000000e+00, ...,
         -6.01640621e-01, -5.02971348e-01, -4.56999564e-01],
        ...,
        [-6.45801326e-01, -5.32590565e-02,  6.01640621e-01, ...,
          0.00000000e+00,  1.18242979e-01,  1.70103303e-01],
        [-7.31549995e-01, -1.70960588e-01,  5.02971348e-01, ...,
         -1.18242979e-01,  0.00000000e+00,  5.23902419e-02],
        [-7.66264377e-01, -2.22344752e-01,  4.56999564e-01, ...,
         -1.70103303e-01, -5.23902419e-02,  0.00000000e+00]],

       [[ 0.00000000e+00, -2.71140993e-01, -4.06900856e-01, ...,
         -8.96782268e-01, -8.98275830e-01, -8.85327983e-01],
        [ 2.71140993e-01,  0.00000000e+00, -1.43978410e-01, ...,
         -9.83160809e-01, -9.83774140e-01, -9.78234909e-01],
        [ 4.06900856e-01,  1.43978410e-01,  0.00000000e+00, ...,
         -9.99228064e-01, -9.99355394e-01, -9.97918106e-01],
        ...,
        [ 8.96782268e-01,  9.83160809e-01,  9.99228064e-01, ...,
          0.00000000e+00,  3.38711999e-03, -2.52412742e-02],
        [ 8.98275830e-01,  9.83774140e-01,  9.99355394e-01, ...,
         -3.38711999e-03,  0.00000000e+00, -2.86271702e-02],
        [ 8.85327983e-01,  9.78234909e-01,  9.97918106e-01, ...,
          2.52412742e-02,  2.86271702e-02,  0.00000000e+00]],

       [[ 0.00000000e+00, -3.31986945e-03,  5.77926152e-04, ...,
         -5.03855465e-02, -2.59063615e-02, -2.69738962e-02],
        [ 3.31986945e-03,  0.00000000e+00,  3.89779186e-03, ...,
         -4.70696162e-02, -2.25874635e-02, -2.36550861e-02],
        [-5.77926152e-04, -3.89779186e-03,  0.00000000e+00, ...,
         -5.09627302e-02, -2.64840894e-02, -2.75516075e-02],
        ...,
        [ 5.03855465e-02,  4.70696162e-02,  5.09627302e-02, ...,
          0.00000000e+00,  2.44951795e-02,  2.34275781e-02],
        [ 2.59063615e-02,  2.25874635e-02,  2.64840894e-02, ...,
         -2.44951795e-02,  0.00000000e+00, -1.06790787e-03],
        [ 2.69738962e-02,  2.36550861e-02,  2.75516075e-02, ...,
         -2.34275781e-02,  1.06790787e-03,  0.00000000e+00]]]), 'num': array([ 9.63408840e-01,  2.68033669e-01,  8.59549037e-05, -7.05155538e-08,
        2.18054303e-04,  2.23445015e-04,  2.17784767e-04,  9.80705290e-04,
       -1.61721362e-06,  2.24253621e-04,  2.22515117e-04,  2.11760646e-04,
        1.45852599e-06,  2.39065986e-04,  2.05964248e-04])}
{'img': array([[[ 0.        ,  0.09294766, -0.24158846, ..., -0.91342419,
         -0.95722087, -0.96453523],
        [-0.09294766,  0.        , -0.33073706, ..., -0.9473005 ,
         -0.97997223, -0.98489368],
        [ 0.24158846,  0.33073706,  0.        , ..., -0.78803881,
         -0.85896122, -0.87219627],
        ...,
        [ 0.91342419,  0.9473005 ,  0.78803881, ...,  0.        ,
         -0.12529057, -0.15147235],
        [ 0.95722087,  0.97997223,  0.85896122, ...,  0.12529057,
          0.        , -0.02643385],
        [ 0.96453523,  0.98489368,  0.87219627, ...,  0.15147235,
          0.02643385,  0.        ]],

       [[ 0.        , -0.20597938, -0.45156001, ..., -0.65264239,
         -0.55218693, -0.75624887],
        [ 0.20597938,  0.        , -0.25809371, ..., -0.48258374,
         -0.36861681, -0.60526309],
        [ 0.45156001,  0.25809371,  0.        , ..., -0.24018242,
         -0.11620892, -0.37930753],
        ...,
        [ 0.65264239,  0.48258374,  0.24018242, ...,  0.        ,
          0.12574791, -0.14597061],
        [ 0.55218693,  0.36861681,  0.11620892, ..., -0.12574791,
          0.        , -0.26921294],
        [ 0.75624887,  0.60526309,  0.37930753, ...,  0.14597061,
          0.26921294,  0.        ]],

       [[ 0.        ,  0.19861827,  0.44366762, ..., -0.58231485,
         -0.60444445, -0.64529592],
        [-0.19861827,  0.        ,  0.2568284 , ..., -0.73218273,
         -0.75063077, -0.78417064],
        [-0.44366762, -0.2568284 ,  0.        , ..., -0.88255108,
         -0.89514453, -0.91724087],
        ...,
        [ 0.58231485,  0.73218273,  0.88255108, ...,  0.        ,
         -0.02749164, -0.07975258],
        [ 0.60444445,  0.75063077,  0.89514453, ...,  0.02749164,
          0.        , -0.05231837],
        [ 0.64529592,  0.78417064,  0.91724087, ...,  0.07975258,
          0.05231837,  0.        ]],

       ...,

       [[ 0.        ,  0.6433283 ,  0.59961254, ...,  0.17096059,
          0.22234475,  0.19910093],
        [-0.6433283 ,  0.        , -0.05579188, ..., -0.50297135,
         -0.45699956, -0.47801845],
        [-0.59961254,  0.05579188,  0.        , ..., -0.45396684,
         -0.40666272, -0.42826912],
        ...,
        [-0.17096059,  0.50297135,  0.45396684, ...,  0.        ,
          0.05239024,  0.02863195],
        [-0.22234475,  0.45699956,  0.40666272, ..., -0.05239024,
          0.        , -0.02377613],
        [-0.19910093,  0.47801845,  0.42826912, ..., -0.02863195,
          0.02377613,  0.        ]],

       [[ 0.        , -0.31226175, -0.46431438, ..., -0.90343167,
         -0.89061683, -0.87978363],
        [ 0.31226175,  0.        , -0.16453584, ..., -0.9921332 ,
         -0.98808496, -0.98423225],
        [ 0.46431438,  0.16453584,  0.        , ..., -0.99920922,
         -0.99994207, -0.99992151],
        ...,
        [ 0.90343167,  0.9921332 ,  0.99920922, ...,  0.        ,
         -0.0290036 , -0.05227674],
        [ 0.89061683,  0.98808496,  0.99994207, ...,  0.0290036 ,
          0.        , -0.02329081],
        [ 0.87978363,  0.98423225,  0.99992151, ...,  0.05227674,
          0.02329081,  0.        ]],

       [[ 0.        ,  0.00389779,  0.01305728, ..., -0.02258746,
         -0.02365509, -0.02932925],
        [-0.00389779,  0.        ,  0.00915972, ..., -0.02648409,
         -0.02755161, -0.03322515],
        [-0.01305728, -0.00915972,  0.        , ..., -0.03563949,
         -0.0367067 , -0.04237842],
        ...,
        [ 0.02258746,  0.02648409,  0.03563949, ...,  0.        ,
         -0.00106791, -0.00674402],
        [ 0.02365509,  0.02755161,  0.0367067 , ...,  0.00106791,
          0.        , -0.00567614],
        [ 0.02932925,  0.03322515,  0.04237842, ...,  0.00674402,
          0.00567614,  0.        ]]]), 'num': array([ 9.91974360e-01,  1.26418296e-01,  1.05684501e-04, -8.61285515e-08,
        2.24878167e-04,  2.24878167e-04,  2.15267989e-04,  2.20765011e-03,
        2.74576516e-06,  2.26745287e-04,  2.25605795e-04,  2.14897311e-04,
        1.39830633e-06,  2.39866100e-04,  2.11345489e-04])}
{'img': array([[[ 0.        , -0.33073706, -0.50780531, ..., -0.97997223,
         -0.98489368, -0.97629366],
        [ 0.33073706,  0.        , -0.19430685, ..., -0.85896122,
         -0.87219627, -0.84976261],
        [ 0.50780531,  0.19430685,  0.        , ..., -0.7430971 ,
         -0.76052653, -0.73113494],
        ...,
        [ 0.97997223,  0.85896122,  0.7430971 , ...,  0.        ,
         -0.02643385,  0.01770175],
        [ 0.98489368,  0.87219627,  0.76052653, ...,  0.02643385,
          0.        ,  0.04412527],
        [ 0.97629366,  0.84976261,  0.73113494, ..., -0.01770175,
         -0.04412527,  0.        ]],

       [[ 0.        , -0.25809371, -0.50734981, ..., -0.36861681,
         -0.60526309, -0.25564933],
        [ 0.25809371,  0.        , -0.26775102, ..., -0.11620892,
         -0.37930753,  0.00252924],
        [ 0.50734981,  0.26775102,  0.        , ...,  0.15397103,
         -0.11771615,  0.27018706],
        ...,
        [ 0.36861681,  0.11620892, -0.15397103, ...,  0.        ,
         -0.26921294,  0.11872065],
        [ 0.60526309,  0.37930753,  0.11771615, ...,  0.26921294,
          0.        ,  0.38164656],
        [ 0.25564933, -0.00252924, -0.27018706, ..., -0.11872065,
         -0.38164656,  0.        ]],

       [[ 0.        ,  0.2568284 ,  0.41746383, ..., -0.75063077,
         -0.78417064, -0.80295612],
        [-0.2568284 ,  0.        ,  0.17008254, ..., -0.89514453,
         -0.91724087, -0.9291021 ],
        [-0.41746383, -0.17008254,  0.        , ..., -0.95792083,
         -0.97162599, -0.97846541],
        ...,
        [ 0.75063077,  0.89514453,  0.95792083, ...,  0.        ,
         -0.05231837, -0.08312613],
        [ 0.78417064,  0.91724087,  0.97162599, ...,  0.05231837,
          0.        , -0.03087499],
        [ 0.80295612,  0.9291021 ,  0.97846541, ...,  0.08312613,
          0.03087499,  0.        ]],

       ...,

       [[ 0.        , -0.05579188, -0.24584904, ..., -0.45699956,
         -0.47801845, -0.54650833],
        [ 0.05579188,  0.        , -0.19138659, ..., -0.40666272,
         -0.42826912, -0.49893399],
        [ 0.24584904,  0.19138659,  0.        , ..., -0.2242988 ,
         -0.24740572, -0.32384779],
        ...,
        [ 0.45699956,  0.40666272,  0.2242988 , ...,  0.        ,
         -0.02377613, -0.10338512],
        [ 0.47801845,  0.42826912,  0.24740572, ...,  0.02377613,
          0.        , -0.07970717],
        [ 0.54650833,  0.49893399,  0.32384779, ...,  0.10338512,
          0.07970717,  0.        ]],

       [[ 0.        , -0.35720804, -0.62164938, ..., -0.89761873,
         -0.88692091, -0.85214785],
        [ 0.35720804,  0.        , -0.30083647, ..., -0.99584577,
         -0.99340817, -0.98285463],
        [ 0.62164938,  0.30083647,  0.        , ..., -0.97710693,
         -0.98187437, -0.99279349],
        ...,
        [ 0.89761873,  0.99584577,  0.97710693, ...,  0.        ,
         -0.02369867, -0.09412133],
        [ 0.88692091,  0.99340817,  0.98187437, ...,  0.02369867,
          0.        , -0.07050143],
        [ 0.85214785,  0.98285463,  0.99279349, ...,  0.09412133,
          0.07050143,  0.        ]],

       [[ 0.        ,  0.00915972,  0.07561956, ..., -0.02755161,
         -0.03322515, -0.0011668 ],
        [-0.00915972,  0.        ,  0.06648289, ..., -0.0367067 ,
         -0.04237842, -0.01032647],
        [-0.07561956, -0.06648289,  0.        , ..., -0.10306357,
         -0.10870782, -0.07678297],
        ...,
        [ 0.02755161,  0.0367067 ,  0.10306357, ...,  0.        ,
         -0.00567614,  0.02638523],
        [ 0.03322515,  0.04237842,  0.10870782, ...,  0.00567614,
          0.        ,  0.03205896],
        [ 0.0011668 ,  0.01032647,  0.07678297, ..., -0.02638523,
         -0.03205896,  0.        ]]]), 'num': array([ 9.82682801e-01,  1.85290626e-01,  9.60713464e-05, -5.66162615e-08,
        2.23359153e-04,  2.24973797e-04,  2.20129864e-04,  1.22454637e-03,
        2.96018154e-06,  2.21529222e-04,  2.20587346e-04,  2.09854446e-04,
        1.74128326e-06,  2.33345535e-04,  2.07829157e-04])}
{'img': array([[[ 0.        , -0.40261939, -0.74601934, ..., -0.97831407,
         -0.96781301, -0.95372882],
        [ 0.40261939,  0.        , -0.41476782, ..., -0.81212357,
         -0.78457718, -0.75195752],
        [ 0.74601934,  0.41476782,  0.        , ..., -0.49696238,
         -0.45673921, -0.41080692],
        ...,
        [ 0.97831407,  0.81212357,  0.49696238, ...,  0.        ,
          0.04575252,  0.09660494],
        [ 0.96781301,  0.78457718,  0.45673921, ..., -0.04575252,
          0.        ,  0.05096526],
        [ 0.95372882,  0.75195752,  0.41080692, ..., -0.09660494,
         -0.05096526,  0.        ]],

       [[ 0.        , -0.26775102,  0.22237073, ..., -0.37930753,
          0.00252924, -0.26087845],
        [ 0.26775102,  0.        ,  0.47529867, ..., -0.11771615,
          0.27018706,  0.00712595],
        [-0.22237073, -0.47529867,  0.        , ..., -0.57556361,
         -0.2199041 , -0.46901702],
        ...,
        [ 0.37930753,  0.11771615,  0.57556361, ...,  0.        ,
          0.38164656,  0.12478957],
        [-0.00252924, -0.27018706,  0.2199041 , ..., -0.38164656,
          0.        , -0.26331927],
        [ 0.26087845, -0.00712595,  0.46901702, ..., -0.12478957,
          0.26331927,  0.        ]],

       [[ 0.        ,  0.17008254, -0.22399582, ..., -0.91724087,
         -0.9291021 , -0.93379118],
        [-0.17008254,  0.        , -0.38649292, ..., -0.97162599,
         -0.97846541, -0.98104434],
        [ 0.22399582,  0.38649292,  0.        , ..., -0.80470894,
         -0.82265484, -0.82991381],
        ...,
        [ 0.91724087,  0.97162599,  0.80470894, ...,  0.        ,
         -0.03087499, -0.04375416],
        [ 0.9291021 ,  0.97846541,  0.82265484, ...,  0.03087499,
          0.        , -0.01288788],
        [ 0.93379118,  0.98104434,  0.82991381, ...,  0.04375416,
          0.01288788,  0.        ]],

       ...,

       [[ 0.        , -0.19138659, -0.56762454, ..., -0.42826912,
         -0.49893399, -0.17632276],
        [ 0.19138659,  0.        , -0.39956565, ..., -0.24740572,
         -0.32384779,  0.01532464],
        [ 0.56762454,  0.39956565,  0.        , ...,  0.16034599,
          0.08115999,  0.4135669 ],
        ...,
        [ 0.42826912,  0.24740572, -0.16034599, ...,  0.        ,
         -0.07970717,  0.26222489],
        [ 0.49893399,  0.32384779, -0.08115999, ...,  0.07970717,
          0.        ,  0.33830854],
        [ 0.17632276, -0.01532464, -0.4135669 , ..., -0.26222489,
         -0.33830854,  0.        ]],

       [[ 0.        , -0.53614016, -0.8057887 , ..., -0.89624176,
         -0.8619228 , -0.84308078],
        [ 0.53614016,  0.        , -0.3626857 , ..., -0.99435713,
         -0.99941827, -0.99999809],
        [ 0.8057887 ,  0.3626857 ,  0.        , ..., -0.88817759,
         -0.91900012, -0.93261774],
        ...,
        [ 0.89624176,  0.99435713,  0.88817759, ...,  0.        ,
         -0.07211043, -0.10802522],
        [ 0.8619228 ,  0.99941827,  0.91900012, ...,  0.07211043,
          0.        , -0.03605555],
        [ 0.84308078,  0.99999809,  0.93261774, ...,  0.10802522,
          0.03605555,  0.        ]],

       [[ 0.        ,  0.06648289,  0.20905769, ..., -0.04237842,
         -0.01032647,  0.00471683],
        [-0.06648289,  0.        ,  0.14358132, ..., -0.10870782,
         -0.07678297, -0.06177576],
        [-0.20905769, -0.14358132,  0.        , ..., -0.25031187,
         -0.21914483, -0.20444276],
        ...,
        [ 0.04237842,  0.10870782,  0.25031187, ...,  0.        ,
          0.03205896,  0.04709054],
        [ 0.01032647,  0.07678297,  0.21914483, ..., -0.03205896,
          0.        ,  0.01504293],
        [-0.00471683,  0.06177576,  0.20444276, ..., -0.04709054,
         -0.01504293,  0.        ]]]), 'num': array([ 9.86488803e-01,  1.45066999e-01,  8.79228635e-05, -2.49141074e-08,
        2.29270246e-04,  2.46758990e-04,  1.97167620e-04,  7.61252443e-02,
        3.04256231e-05,  2.02677773e-04,  1.97634785e-04,  1.86702324e-04,
        1.85972713e-06,  2.15720460e-04,  1.79549111e-04])}
{'img': array([[[ 0.        , -0.67311823, -0.51728375, ..., -0.95171702,
         -0.93366807, -0.31576566],
        [ 0.67311823,  0.        ,  0.1935146 , ..., -0.49719629,
         -0.44940986,  0.40515991],
        [ 0.51728375, -0.1935146 ,  0.        , ..., -0.65569862,
         -0.6137864 ,  0.22058141],
        ...,
        [ 0.95171702,  0.49719629,  0.65569862, ...,  0.        ,
          0.0542331 ,  0.8060918 ],
        [ 0.93366807,  0.44940986,  0.6137864 , ..., -0.0542331 ,
          0.        ,  0.77281084],
        [ 0.31576566, -0.40515991, -0.22058141, ..., -0.8060918 ,
         -0.77281084,  0.        ]],

       [[ 0.        ,  0.21349088,  0.12269838, ...,  0.12004358,
          0.00316691,  0.12852025],
        [-0.21349088,  0.        , -0.09200817, ..., -0.09467106,
         -0.21039591,  0.33727759],
        [-0.12269838,  0.09200817,  0.        , ..., -0.00267457,
         -0.11955478,  0.24922998],
        ...,
        [-0.12004358,  0.09467106,  0.00267457, ...,  0.        ,
         -0.11689897,  0.24663892],
        [-0.00316691,  0.21039591,  0.11955478, ...,  0.11689897,
          0.        ,  0.13166025],
        [-0.12852025, -0.33727759, -0.24922998, ..., -0.24663892,
         -0.13166025,  0.        ]],

       [[ 0.        , -0.38649292, -0.50679098, ..., -0.97846541,
         -0.98104434, -0.95250698],
        [ 0.38649292,  0.        , -0.13422591, ..., -0.82265484,
         -0.82991381, -0.76079635],
        [ 0.50679098,  0.13422591,  0.        , ..., -0.73889749,
         -0.74752021, -0.66680036],
        ...,
        [ 0.97846541,  0.82265484,  0.73889749, ...,  0.        ,
         -0.01288788,  0.10135131],
        [ 0.98104434,  0.82991381,  0.74752021, ...,  0.01288788,
          0.        ,  0.11416441],
        [ 0.95250698,  0.76079635,  0.66680036, ..., -0.10135131,
         -0.11416441,  0.        ]],

       ...,

       [[ 0.        , -0.39956565, -0.30481352, ..., -0.32384779,
          0.01532464,  0.35558216],
        [ 0.39956565,  0.        ,  0.10112719, ...,  0.08115999,
          0.4135669 ,  0.69941585],
        [ 0.30481352, -0.10112719,  0.        , ..., -0.02004966,
          0.3193731 ,  0.62355318],
        ...,
        [ 0.32384779, -0.08115999,  0.02004966, ...,  0.        ,
          0.33830854,  0.63910228],
        [-0.01532464, -0.4135669 , -0.3193731 , ..., -0.33830854,
          0.        ,  0.34121731],
        [-0.35558216, -0.69941585, -0.62355318, ..., -0.63910228,
         -0.34121731,  0.        ]],

       [[ 0.        , -0.68686959, -0.96086233, ..., -0.88511461,
         -0.86676351, -0.94499203],
        [ 0.68686959,  0.        , -0.50805523, ..., -0.96293484,
         -0.97250216, -0.91147244],
        [ 0.96086233,  0.50805523,  0.        , ..., -0.69235953,
         -0.71931697, -0.57607935],
        ...,
        [ 0.88511461,  0.96293484,  0.69235953, ...,  0.        ,
         -0.03805538,  0.15025877],
        [ 0.86676351,  0.97250216,  0.71931697, ...,  0.03805538,
          0.        ,  0.18777326],
        [ 0.94499203,  0.91147244,  0.57607935, ..., -0.15025877,
         -0.18777326,  0.        ]],

       [[ 0.        ,  0.14358132,  0.67855177, ..., -0.07678297,
         -0.06177576, -0.18973759],
        [-0.14358132,  0.        ,  0.56605294, ..., -0.21914483,
         -0.20444276, -0.32874477],
        [-0.67855177, -0.56605294,  0.        , ..., -0.7329497 ,
         -0.72263332, -0.80559801],
        ...,
        [ 0.07678297,  0.21914483,  0.7329497 , ...,  0.        ,
          0.01504293, -0.11378926],
        [ 0.06177576,  0.20444276,  0.72263332, ..., -0.01504293,
          0.        , -0.12872161],
        [ 0.18973759,  0.32874477,  0.80559801, ...,  0.11378926,
          0.12872161,  0.        ]]]), 'num': array([ 7.98326786e-01,  6.01293489e-01,  2.18198558e-05,  2.26117657e-07,
        1.77827886e-04,  1.92794574e-04,  1.77040166e-04,  3.34701228e-02,
       -1.06342258e-05,  1.70068840e-04,  1.63186133e-04,  1.53257573e-04,
        1.33029482e-06,  1.79496072e-04,  1.46876194e-04])}
{'img': array([[[ 0.        ,  0.22531208,  0.08992892, ..., -0.4779043 ,
          0.61923862, -0.06656247],
        [-0.22531208,  0.        , -0.13678261, ..., -0.66353259,
          0.42640022, -0.28966333],
        [-0.08992892,  0.13678261,  0.        , ..., -0.55496256,
          0.54611713, -0.15602226],
        ...,
        [ 0.4779043 ,  0.66353259,  0.55496256, ...,  0.        ,
          0.9191984 ,  0.41837517],
        [-0.61923862, -0.42640022, -0.54611713, ..., -0.9191984 ,
          0.        , -0.67013035],
        [ 0.06656247,  0.28966333,  0.15602226, ..., -0.41837517,
          0.67013035,  0.        ]],

       [[ 0.        , -0.09200817, -0.29690804, ..., -0.21039591,
          0.33727759,  0.96004192],
        [ 0.09200817,  0.        , -0.20778948, ..., -0.11955478,
          0.24922998,  0.98171873],
        [ 0.29690804,  0.20778948,  0.        , ...,  0.0893538 ,
          0.04255764,  0.99984143],
        ...,
        [ 0.21039591,  0.11955478, -0.0893538 , ...,  0.        ,
          0.13166025,  0.9974332 ],
        [-0.33727759, -0.24922998, -0.04255764, ..., -0.13166025,
          0.        , -0.99817773],
        [-0.96004192, -0.98171873, -0.99984143, ..., -0.9974332 ,
          0.99817773,  0.        ]],

       [[ 0.        , -0.34841039, -0.51109368, ..., -0.97026591,
         -0.93400836, -0.89494078],
        [ 0.34841039,  0.        , -0.17960217, ..., -0.82514133,
         -0.75101535, -0.68341019],
        [ 0.51109368,  0.17960217,  0.        , ..., -0.71026197,
         -0.62021475, -0.54118168],
        ...,
        [ 0.97026591,  0.82514133,  0.71026197, ...,  0.        ,
          0.12055988,  0.21630529],
        [ 0.93400836,  0.75101535,  0.62021475, ..., -0.12055988,
          0.        ,  0.09702186],
        [ 0.89494078,  0.68341019,  0.54118168, ..., -0.21630529,
         -0.09702186,  0.        ]],

       ...,

       [[ 0.        ,  0.10112719,  0.0206712 , ...,  0.4135669 ,
          0.69941585,  0.47888679],
        [-0.10112719,  0.        , -0.08054035, ...,  0.3193731 ,
          0.62355318,  0.38765458],
        [-0.0206712 ,  0.08054035,  0.        , ...,  0.39465794,
          0.68449238,  0.4606377 ],
        ...,
        [-0.4135669 , -0.3193731 , -0.39465794, ...,  0.        ,
          0.34121731,  0.07295312],
        [-0.69941585, -0.62355318, -0.68449238, ..., -0.34121731,
          0.        , -0.2717333 ],
        [-0.47888679, -0.38765458, -0.4606377 , ..., -0.07295312,
          0.2717333 ,  0.        ]],

       [[ 0.        , -0.87776939, -0.91795271, ..., -0.9077995 ,
         -0.97535918, -0.98793824],
        [ 0.87776939,  0.        , -0.09157372, ..., -0.80305203,
         -0.66093443, -0.60922601],
        [ 0.91795271,  0.09157372,  0.        , ..., -0.74510825,
         -0.58943647, -0.53404858],
        ...,
        [ 0.9077995 ,  0.80305203,  0.74510825, ...,  0.        ,
          0.20878857,  0.27377434],
        [ 0.97535918,  0.66093443,  0.58943647, ..., -0.20878857,
          0.        ,  0.06692899],
        [ 0.98793824,  0.60922601,  0.53404858, ..., -0.27377434,
         -0.06692899,  0.        ]],

       [[ 0.        ,  0.56605294,  0.72034234, ..., -0.20444276,
         -0.32874477, -0.34734415],
        [-0.56605294,  0.        ,  0.20120291, ..., -0.72263332,
         -0.80559801, -0.81714891],
        [-0.72034234, -0.20120291,  0.        , ..., -0.84693297,
         -0.90832838, -0.91641659],
        ...,
        [ 0.20444276,  0.72263332,  0.84693297, ...,  0.        ,
         -0.12872161, -0.14829404],
        [ 0.32874477,  0.80559801,  0.90832838, ...,  0.12872161,
          0.        , -0.01976197],
        [ 0.34734415,  0.81714891,  0.91641659, ...,  0.14829404,
          0.01976197,  0.        ]]]), 'num': array([ 8.37619094e-01,  5.46189077e-01,  3.36913315e-05,  2.06824811e-07,
        1.81463274e-04,  1.87337229e-04,  1.80414353e-04,  8.45526550e-03,
       -7.97179699e-06,  1.83519158e-04,  1.74603333e-04,  1.63096673e-04,
        1.19528168e-06,  1.91904661e-04,  1.57302004e-04])}
{'img': array([[[ 0.        , -0.13678261, -0.45286191, ...,  0.42640022,
         -0.28966333, -0.50972386],
        [ 0.13678261,  0.        , -0.32665277, ...,  0.54611713,
         -0.15602226, -0.38725372],
        [ 0.45286191,  0.32665277,  0.        , ...,  0.78979946,
          0.17518886, -0.0648456 ],
        ...,
        [-0.42640022, -0.54611713, -0.78979946, ...,  0.        ,
         -0.67013035, -0.82791121],
        [ 0.28966333,  0.15602226, -0.17518886, ...,  0.67013035,
          0.        , -0.2386629 ],
        [ 0.50972386,  0.38725372,  0.0648456 , ...,  0.82791121,
          0.2386629 ,  0.        ]],

       [[ 0.        , -0.20778948,  0.04816741, ...,  0.24922998,
          0.98171873,  0.43447665],
        [ 0.20778948,  0.        ,  0.25466438, ...,  0.04255764,
          0.99984143,  0.61214605],
        [-0.04816741, -0.25466438,  0.        , ...,  0.29558814,
          0.97141116,  0.39058877],
        ...,
        [-0.24922998, -0.04255764, -0.29558814, ...,  0.        ,
         -0.99817773, -0.64524368],
        [-0.98171873, -0.99984143, -0.97141116, ...,  0.99817773,
          0.        , -0.80152029],
        [-0.43447665, -0.61214605, -0.39058877, ...,  0.64524368,
          0.80152029,  0.        ]],

       [[ 0.        , -0.39270114, -0.59481828, ..., -0.91601342,
         -0.87005325, -0.83425265],
        [ 0.39270114,  0.        , -0.23135742, ..., -0.6848954 ,
         -0.60657345, -0.55070544],
        [ 0.59481828,  0.23135742,  0.        , ..., -0.49773679,
         -0.4061809 , -0.34265019],
        ...,
        [ 0.91601342,  0.6848954 ,  0.49773679, ...,  0.        ,
          0.10253611,  0.17041518],
        [ 0.87005325,  0.60657345,  0.4061809 , ..., -0.10253611,
          0.        ,  0.06848072],
        [ 0.83425265,  0.55070544,  0.34265019, ..., -0.17041518,
         -0.06848072,  0.        ]],

       ...,

       [[ 0.        , -0.08054035, -0.19612248, ...,  0.62355318,
          0.38765458,  0.13074228],
        [ 0.08054035,  0.        , -0.11650914, ...,  0.68449238,
          0.4606377 ,  0.21016656],
        [ 0.19612248,  0.11650914,  0.        , ...,  0.76476822,
          0.56091272,  0.32264223],
        ...,
        [-0.62355318, -0.68449238, -0.76476822, ...,  0.        ,
         -0.2717333 , -0.51598902],
        [-0.38765458, -0.4606377 , -0.56091272, ...,  0.2717333 ,
          0.        , -0.26380826],
        [-0.13074228, -0.21016656, -0.32264223, ...,  0.51598902,
          0.26380826,  0.        ]],

       [[ 0.        , -0.12987387, -0.10930048, ..., -0.78313179,
         -0.73316594, -0.71738523],
        [ 0.12987387,  0.        ,  0.02072101, ..., -0.69573626,
         -0.63863571, -0.62082925],
        [ 0.10930048, -0.02072101,  0.        , ..., -0.71047073,
         -0.6544436 , -0.6369401 ],
        ...,
