state_0,state_1,state_2,state_3,state_4,state_5,state_6,state_7,state_8,state_9,state_10,state_11,state_12,state_13,state_14,state_15,state_16,state_17,state_18,state_19,state_20,state_21,state_22,state_23,state_24,state_25,state_26,state_27,state_28,state_29,state_30,state_31,state_32,state_33,state_34,state_35,state_36,state_37,state_38,state_39,state_40,state_41,state_42,state_43,state_44,state_45,state_46,state_47,state_48,state_49,state_50,state_51,state_52,state_53,state_54,state_55,state_56,state_57,state_58,state_59,state_60,state_61,state_62,state_63,state_64,state_65,state_66,state_67,state_68,state_69,state_70,state_71,state_72,state_73,state_74,state_75,state_76,state_77,state_78,state_79,state_80,state_81,state_82,state_83,state_84,state_85,state_86,state_87,state_88,state_89,state_90,state_91,state_92,state_93,state_94,state_95,state_96,state_97,state_98,state_99,state_100,state_101,state_102,state_103,state_104,state_105,state_106,state_107,state_108,state_109,state_110,state_111,state_112,state_113,state_114,state_115,state_116,state_117,state_118,state_119,state_120,state_121,state_122,state_123,state_124,state_125,state_126,state_127,state_128,state_129,state_130,state_131,state_132,state_133,state_134,state_135,state_136,state_137,state_138,state_139,state_140,state_141,state_142,state_143,state_144,state_145,state_146,state_147,state_148,state_149,state_150,state_151,state_152,state_153,state_154,state_155,state_156,state_157,state_158,state_159,state_160,state_161,state_162,state_163,state_164,state_165,state_166,state_167,state_168,state_169,state_170,state_171,state_172,state_173,state_174,state_175,state_176,state_177,state_178,state_179,state_180,state_181,state_182,state_183,state_184,state_185,state_186,state_187,state_188,state_189,state_190,state_191,state_192,state_193,state_194,state_195,state_196,state_197,state_198,state_199,state_200,state_201,state_202,state_203,state_204,state_205,state_206,state_207,state_208,state_209,state_210,state_211,state_212,state_213,state_214,state_215,state_216,state_217,state_218,state_219,state_220,state_221,state_222,state_223,state_224,state_225,state_226,state_227,state_228,state_229,state_230,state_231,state_232,state_233,state_234,state_235,state_236,state_237,state_238,state_239,state_240,state_241,state_242,state_243,state_244,state_245,state_246,state_247,state_248,state_249,state_250,state_251,state_252,state_253,state_254,state_255,state_256,state_257,state_258,state_259,state_260,state_261,state_262,state_263,state_264,state_265,state_266,state_267,state_268,state_269,state_270,state_271,state_272,state_273,state_274,state_275,state_276,state_277,state_278,state_279,state_280,state_281,state_282,state_283,state_284,state_285,state_286,state_287
{'img': array([[[ 0.        ,  0.10556176, -0.03941936, ...,  0.91375831,
          0.95477015,  0.98946818],
        [-0.10556176,  0.        , -0.14467883, ...,  0.95153825,
          0.98082385,  0.9992199 ],
        [ 0.03941936,  0.14467883,  0.        , ...,  0.89703366,
          0.94230691,  0.98299315],
        ...,
        [-0.91375831, -0.95153825, -0.89703366, ...,  0.        ,
         -0.11618189, -0.26971261],
        [-0.95477015, -0.98082385, -0.94230691, ...,  0.11618189,
          0.        , -0.15600982],
        [-0.98946818, -0.9992199 , -0.98299315, ...,  0.26971261,
          0.15600982,  0.        ]],

       [[ 0.        , -0.66753003, -0.7089397 , ..., -0.44426366,
         -0.61768871, -0.27135607],
        [ 0.66753003,  0.        , -0.05707607, ...,  0.26724642,
          0.06504032,  0.44043657],
        [ 0.7089397 ,  0.05707607,  0.        , ...,  0.32181087,
          0.12188951,  0.49096054],
        ...,
        [ 0.44426366, -0.26724642, -0.32181087, ...,  0.        ,
         -0.20400587,  0.18448762],
        [ 0.61768871, -0.06504032, -0.12188951, ...,  0.20400587,
          0.        ,  0.38111186],
        [ 0.27135607, -0.44043657, -0.49096054, ..., -0.18448762,
         -0.38111186,  0.        ]],

       [[ 0.        , -0.04138815, -0.10210054, ...,  0.71105158,
          0.59941476,  0.86094378],
        [ 0.04138815,  0.        , -0.06084119, ...,  0.68134065,
          0.56577247,  0.83915192],
        [ 0.10210054,  0.06084119,  0.        , ...,  0.63554473,
          0.51455706,  0.80450601],
        ...,
        [-0.71105158, -0.68134065, -0.63554473, ...,  0.        ,
          0.14768072, -0.24365187],
        [-0.59941476, -0.56577247, -0.51455706, ..., -0.14768072,
          0.        , -0.38421028],
        [-0.86094378, -0.83915192, -0.80450601, ...,  0.24365187,
          0.38421028,  0.        ]],

       ...,

       [[ 0.        ,  0.10519328, -0.16630106, ...,  0.96433291,
          0.80509711,  0.27340446],
        [-0.10519328,  0.        , -0.26910686, ...,  0.93113873,
          0.7382356 ,  0.17070222],
        [ 0.16630106,  0.26910686,  0.        , ...,  0.99492322,
          0.89252647,  0.42956216],
        ...,
        [-0.96433291, -0.93113873, -0.99492322, ...,  0.        ,
         -0.35888428, -0.85522294],
        [-0.80509711, -0.7382356 , -0.89252647, ...,  0.35888428,
          0.        , -0.61225429],
        [-0.27340446, -0.17070222, -0.42956216, ...,  0.85522294,
          0.61225429,  0.        ]],

       [[ 0.        , -0.06790038, -0.16184823, ...,  0.7860873 ,
          0.70472529,  0.52963552],
        [ 0.06790038,  0.        , -0.09446954, ...,  0.74230282,
          0.65492488,  0.47081836],
        [ 0.16184823,  0.09446954,  0.        , ...,  0.67568237,
          0.58060583,  0.38536886],
        ...,
        [-0.7860873 , -0.74230282, -0.67568237, ...,  0.        ,
          0.12211182,  0.33940325],
        [-0.70472529, -0.65492488, -0.58060583, ..., -0.12211182,
          0.        ,  0.22199989],
        [-0.52963552, -0.47081836, -0.38536886, ..., -0.33940325,
         -0.22199989,  0.        ]],

       [[ 0.        ,  0.60904089,  0.79020624, ...,  0.56309081,
          0.35890081,  0.        ],
        [-0.60904089,  0.        ,  0.25349801, ...,  0.94991755,
          0.85312214,  0.60904089],
        [-0.79020624, -0.25349801,  0.        , ...,  0.99810764,
          0.95750844,  0.79020624],
        ...,
        [-0.56309081, -0.94991755, -0.99810764, ...,  0.        ,
          0.22898144,  0.56309081],
        [-0.35890081, -0.85312214, -0.95750844, ..., -0.22898144,
          0.        ,  0.35890081],
        [-0.        , -0.60904089, -0.79020624, ..., -0.56309081,
         -0.35890081,  0.        ]]]), 'num': array([ 7.07106455e-01,  7.07106455e-01,  0.00000000e+00,  0.00000000e+00,
        5.73854387e-05,  5.81889687e-05,  5.68497519e-05,  9.46732512e-04,
       -4.01765031e-07,  5.85505572e-05,  5.63375015e-05,  5.15710058e-05,
        9.10978850e-07,  6.17521911e-05,  5.09228119e-05])}
{'img': array([[[ 0.        , -0.14467883,  0.12170726, ...,  0.98082385,
          0.9992199 ,  0.99929694],
        [ 0.14467883,  0.        ,  0.26403003, ...,  0.94230691,
          0.98299315,  0.99420724],
        [-0.12170726, -0.26403003,  0.        , ...,  0.99725274,
          0.99659817,  0.98730522],
        ...,
        [-0.98082385, -0.94230691, -0.99725274, ...,  0.        ,
         -0.15600982, -0.23153189],
        [-0.9992199 , -0.98299315, -0.99659817, ...,  0.15600982,
          0.        , -0.07692629],
        [-0.99929694, -0.99420724, -0.98730522, ...,  0.23153189,
          0.07692629,  0.        ]],

       [[ 0.        , -0.05707607, -0.05503743, ...,  0.06504032,
          0.44043657,  0.0433439 ],
        [ 0.05707607,  0.        ,  0.00204185, ...,  0.12188951,
          0.49096054,  0.10029567],
        [ 0.05503743, -0.00204185,  0.        , ...,  0.11986263,
          0.4891807 ,  0.09826391],
        ...,
        [-0.06504032, -0.12188951, -0.11986263, ...,  0.        ,
          0.38111186, -0.02172707],
        [-0.44043657, -0.49096054, -0.4891807 , ..., -0.38111186,
          0.        , -0.4011092 ],
        [-0.0433439 , -0.10029567, -0.09826391, ...,  0.02172707,
          0.4011092 ,  0.        ]],

       [[ 0.        , -0.06084119, -0.08691273, ...,  0.56577247,
          0.83915192,  0.92727053],
        [ 0.06084119,  0.        , -0.02614076, ...,  0.51455706,
          0.80450601,  0.90277426],
        [ 0.08691273,  0.02614076,  0.        , ...,  0.49196667,
          0.78870493,  0.89122224],
        ...,
        [-0.56577247, -0.51455706, -0.49196667, ...,  0.        ,
         -0.38421028, -0.5527708 ],
        [-0.83915192, -0.80450601, -0.78870493, ...,  0.38421028,
          0.        , -0.19016799],
        [-0.92727053, -0.90277426, -0.89122224, ...,  0.5527708 ,
          0.19016799,  0.        ]],

       ...,

       [[ 0.        , -0.26910686, -0.20443036, ...,  0.7382356 ,
          0.17070222,  0.00336608],
        [ 0.26910686,  0.        ,  0.06653463, ...,  0.89252647,
          0.42956216,  0.27234724],
        [ 0.20443036, -0.06653463,  0.        , ...,  0.86054194,
          0.36852705,  0.20772419],
        ...,
        [-0.7382356 , -0.89252647, -0.86054194, ...,  0.        ,
         -0.61225429, -0.73596085],
        [-0.17070222, -0.42956216, -0.36852705, ...,  0.61225429,
          0.        , -0.16738458],
        [-0.00336608, -0.27234724, -0.20772419, ...,  0.73596085,
          0.16738458,  0.        ]],

       [[ 0.        , -0.09407146, -0.21232718, ...,  0.699634  ,
          0.61915084,  0.46904212],
        [ 0.09407146,  0.        , -0.1194591 , ...,  0.62931724,
          0.54253348,  0.38388049],
        [ 0.21232718,  0.1194591 ,  0.        , ...,  0.53197331,
          0.43829874,  0.27082509],
        ...,
        [-0.699634  , -0.62931724, -0.53197331, ...,  0.        ,
          0.1070189 ,  0.28276855],
        [-0.61915084, -0.54253348, -0.43829874, ..., -0.1070189 ,
          0.        ,  0.17849335],
        [-0.46904212, -0.38388049, -0.27082509, ..., -0.28276855,
         -0.17849335,  0.        ]],

       [[ 0.        ,  0.59271538,  0.80800076, ...,  0.50459525,
          0.35395914,  0.        ],
        [-0.59271538,  0.        ,  0.30155659, ...,  0.91813146,
          0.83942645,  0.59271538],
        [-0.80800076, -0.30155659,  0.        , ...,  0.99489048,
          0.96423766,  0.80800076],
        ...,
        [-0.50459525, -0.91813146, -0.99489048, ...,  0.        ,
          0.16633544,  0.50459525],
        [-0.35395914, -0.83942645, -0.96423766, ..., -0.16633544,
          0.        ,  0.35395914],
        [-0.        , -0.59271538, -0.80800076, ..., -0.50459525,
         -0.35395914,  0.        ]]]), 'num': array([ 9.99997487e-01,  2.46716267e-05,  2.33093896e-04, -2.68606086e-10,
        8.11666246e-05,  8.28694210e-05,  8.05990259e-05,  2.21794897e-03,
        9.45997956e-08,  8.19801829e-05,  7.98658775e-05,  7.30736121e-05,
        1.15918059e-06,  8.73259276e-05,  7.24058273e-05])}
{'img': array([[[ 0.        ,  0.26403003,  0.19175902, ...,  0.98299315,
          0.99420724,  0.99278359],
        [-0.26403003,  0.        , -0.07417582, ...,  0.99659817,
          0.98730522,  0.98921654],
        [-0.19175902,  0.07417582,  0.        , ...,  0.99996586,
          0.99636705,  0.99735525],
        ...,
        [-0.98299315, -0.99659817, -0.99996586, ...,  0.        ,
         -0.07692629, -0.06443667],
        [-0.99420724, -0.98730522, -0.99636705, ...,  0.07692629,
          0.        ,  0.01252069],
        [-0.99278359, -0.98921654, -0.99735525, ...,  0.06443667,
         -0.01252069,  0.        ]],

       [[ 0.        ,  0.00204185, -0.20669084, ...,  0.49096054,
          0.10029567,  0.36114437],
        [-0.00204185,  0.        , -0.20868817, ...,  0.4891807 ,
          0.09826391,  0.35923957],
        [ 0.20669084,  0.20868817,  0.        , ...,  0.66042419,
          0.30377856,  0.54608719],
        ...,
        [-0.49096054, -0.4891807 , -0.66042419, ...,  0.        ,
         -0.4011092 , -0.14320317],
        [-0.10029567, -0.09826391, -0.30377856, ...,  0.4011092 ,
          0.        ,  0.26579665],
        [-0.36114437, -0.35923957, -0.54608719, ...,  0.14320317,
         -0.26579665,  0.        ]],

       [[ 0.        , -0.02614076,  0.00424686, ...,  0.80450601,
          0.90277426,  0.95406837],
        [ 0.02614076,  0.        ,  0.03038593, ...,  0.78870493,
          0.89122224,  0.94591085],
        [-0.00424686, -0.03038593,  0.        , ...,  0.80702115,
          0.90459276,  0.95533207],
        ...,
        [-0.80450601, -0.78870493, -0.80702115, ...,  0.        ,
         -0.19016799, -0.32564254],
        [-0.90277426, -0.89122224, -0.90459276, ...,  0.19016799,
          0.        , -0.13989758],
        [-0.95406837, -0.94591085, -0.95533207, ...,  0.32564254,
          0.13989758,  0.        ]],

       ...,

       [[ 0.        ,  0.06653463, -0.10307398, ...,  0.42956216,
          0.27234724, -0.07373455],
        [-0.06653463,  0.        , -0.16902583, ...,  0.36852705,
          0.20772419, -0.13992469],
        [ 0.10307398,  0.16902583,  0.        , ...,  0.52035383,
          0.37007432,  0.02945159],
        ...,
        [-0.42956216, -0.36852705, -0.52035383, ...,  0.        ,
         -0.16738458, -0.4949779 ],
        [-0.27234724, -0.20772419, -0.37007432, ...,  0.16738458,
          0.        , -0.3425532 ],
        [ 0.07373455,  0.13992469, -0.02945159, ...,  0.4949779 ,
          0.3425532 ,  0.        ]],

       [[ 0.        , -0.11916219, -0.07997415, ...,  0.58115137,
          0.50761809,  0.3829855 ],
        [ 0.11916219,  0.        ,  0.03937619, ...,  0.4800369 ,
          0.40133319,  0.27018006],
        [ 0.07997415, -0.03937619,  0.        , ...,  0.5142073 ,
          0.43708786,  0.30788231],
        ...,
        [-0.58115137, -0.4800369 , -0.5142073 , ...,  0.        ,
          0.08761236,  0.22516923],
        [-0.50761809, -0.40133319, -0.43708786, ..., -0.08761236,
          0.        ,  0.13894093],
        [-0.3829855 , -0.27018006, -0.30788231, ..., -0.22516923,
         -0.13894093,  0.        ]],

       [[ 0.        ,  0.63617007,  0.70013061, ...,  0.54405485,
          0.42016528,  0.        ],
        [-0.63617007,  0.        ,  0.08595013, ...,  0.95354318,
          0.90146904,  0.63617007],
        [-0.70013061, -0.08595013,  0.        , ...,  0.97590756,
          0.93533606,  0.70013061],
        ...,
        [-0.54405485, -0.95354318, -0.97590756, ...,  0.        ,
          0.14116173,  0.54405485],
        [-0.42016528, -0.90146904, -0.93533606, ..., -0.14116173,
          0.        ,  0.42016528],
        [-0.        , -0.63617007, -0.70013061, ..., -0.54405485,
         -0.42016528,  0.        ]]]), 'num': array([ 7.07106505e-01,  7.07106505e-01,  0.00000000e+00, -8.29382032e-10,
        5.75549863e-05,  5.81580071e-05,  5.62149401e-05,  8.69515808e-04,
        6.70023124e-08,  5.77693937e-05,  5.67643590e-05,  5.19189751e-05,
        6.81987822e-07,  6.18828446e-05,  5.16458735e-05])}
{'img': array([[[ 0.00000000e+00, -7.41758238e-02, -1.38145370e-01, ...,
          9.87305217e-01,  9.89216544e-01,  9.90988526e-01],
        [ 7.41758238e-02,  0.00000000e+00, -6.43001806e-02, ...,
          9.96367050e-01,  9.97355245e-01,  9.98194143e-01],
        [ 1.38145370e-01,  6.43001806e-02,  0.00000000e+00, ...,
          9.99781153e-01,  9.99964716e-01,  9.99991020e-01],
        ...,
        [-9.87305217e-01, -9.96367050e-01, -9.99781153e-01, ...,
          0.00000000e+00,  1.25206901e-02,  2.51568362e-02],
        [-9.89216544e-01, -9.97355245e-01, -9.99964716e-01, ...,
         -1.25206901e-02,  0.00000000e+00,  1.26381368e-02],
        [-9.90988526e-01, -9.98194143e-01, -9.99991020e-01, ...,
         -2.51568362e-02, -1.26381368e-02,  0.00000000e+00]],

       [[ 0.00000000e+00, -2.08688170e-01,  3.19049495e-04, ...,
          9.82639090e-02,  3.59239572e-01,  5.18215229e-02],
        [ 2.08688170e-01,  0.00000000e+00,  2.09000184e-01, ...,
          3.03778558e-01,  5.46087188e-01,  2.59088297e-01],
        [-3.19049495e-04, -2.09000184e-01,  0.00000000e+00, ...,
          9.79463986e-02,  3.58941802e-01,  5.15028995e-02],
        ...,
        [-9.82639090e-02, -3.03778558e-01, -9.79463986e-02, ...,
          0.00000000e+00,  2.65796654e-01, -4.65611509e-02],
        [-3.59239572e-01, -5.46087188e-01, -3.58941802e-01, ...,
         -2.65796654e-01,  0.00000000e+00, -3.10394687e-01],
        [-5.18215229e-02, -2.59088297e-01, -5.15028995e-02, ...,
          4.65611509e-02,  3.10394687e-01,  0.00000000e+00]],

       [[ 0.00000000e+00,  3.03859273e-02,  5.11724482e-02, ...,
          8.91222238e-01,  9.45910851e-01,  9.66277731e-01],
        [-3.03859273e-02,  0.00000000e+00,  2.08027022e-02, ...,
          9.04592759e-01,  9.55332074e-01,  9.73655984e-01],
        [-5.11724482e-02, -2.08027022e-02,  0.00000000e+00, ...,
          9.13264715e-01,  9.61273256e-01,  9.78188759e-01],
        ...,
        [-8.91222238e-01, -9.04592759e-01, -9.13264715e-01, ...,
          0.00000000e+00, -1.39897583e-01, -2.08779959e-01],
        [-9.45910851e-01, -9.55332074e-01, -9.61273256e-01, ...,
          1.39897583e-01,  0.00000000e+00, -6.99122031e-02],
        [-9.66277731e-01, -9.73655984e-01, -9.78188759e-01, ...,
          2.08779959e-01,  6.99122031e-02,  0.00000000e+00]],

       ...,

       [[ 0.00000000e+00, -1.69025833e-01, -2.19514508e-01, ...,
          2.07724193e-01, -1.39924685e-01, -6.34060166e-01],
        [ 1.69025833e-01,  0.00000000e+00, -5.14528865e-02, ...,
          3.70074324e-01,  2.94515862e-02, -4.94232144e-01],
        [ 2.19514508e-01,  5.14528865e-02,  0.00000000e+00, ...,
          4.17383975e-01,  8.08431420e-02, -4.48847959e-01],
        ...,
        [-2.07724193e-01, -3.70074324e-01, -4.17383975e-01, ...,
          0.00000000e+00, -3.42553202e-01, -7.80859424e-01],
        [ 1.39924685e-01, -2.94515862e-02, -8.08431420e-02, ...,
          3.42553202e-01,  0.00000000e+00, -5.19620896e-01],
        [ 6.34060166e-01,  4.94232144e-01,  4.48847959e-01, ...,
          7.80859424e-01,  5.19620896e-01,  0.00000000e+00]],

       [[ 0.00000000e+00,  3.93236334e-02,  3.60735897e-02, ...,
          4.31407523e-01,  3.66722434e-01,  2.69833632e-01],
        [-3.93236334e-02,  0.00000000e+00, -3.25235127e-03, ...,
          4.66549938e-01,  4.03022755e-01,  3.07489923e-01],
        [-3.60735897e-02,  3.25235127e-03,  0.00000000e+00, ...,
          4.63670782e-01,  4.00044104e-01,  3.04393517e-01],
        ...,
        [-4.31407523e-01, -4.66549938e-01, -4.63670782e-01, ...,
          0.00000000e+00,  7.05102630e-02,  1.71972962e-01],
        [-3.66722434e-01, -4.03022755e-01, -4.00044104e-01, ...,
         -7.05102630e-02,  0.00000000e+00,  1.02085152e-01],
        [-2.69833632e-01, -3.07489923e-01, -3.04393517e-01, ...,
         -1.71972962e-01, -1.02085152e-01,  0.00000000e+00]],

       [[ 0.00000000e+00,  3.45035134e-01,  5.09967964e-01, ...,
          6.10374014e-01,  4.54197206e-01,  0.00000000e+00],
        [-3.45035134e-01,  0.00000000e+00,  1.81853770e-01, ...,
          8.46197742e-01,  7.33697057e-01,  3.45035134e-01],
        [-5.09967964e-01, -1.81853770e-01,  0.00000000e+00, ...,
          9.28992128e-01,  8.45028493e-01,  5.09967964e-01],
        ...,
        [-6.10374014e-01, -8.46197742e-01, -9.28992128e-01, ...,
          0.00000000e+00,  1.84007252e-01,  6.10374014e-01],
        [-4.54197206e-01, -7.33697057e-01, -8.45028493e-01, ...,
         -1.84007252e-01,  0.00000000e+00,  4.54197206e-01],
        [-0.00000000e+00, -3.45035134e-01, -5.09967964e-01, ...,
         -6.10374014e-01, -4.54197206e-01,  0.00000000e+00]]]), 'num': array([ 8.38972031e-01,  5.44173512e-01,  6.76919676e-05, -1.05752217e-09,
        6.89103597e-05,  6.96224070e-05,  6.78818469e-05,  1.03895619e-03,
        9.49396460e-07,  6.81666658e-05,  6.74229719e-05,  6.14931999e-05,
        9.92550844e-07,  7.28398960e-05,  6.20060478e-05])}
{'img': array([[[ 0.        , -0.06430018, -0.30165918, ...,  0.99735525,
          0.99819414,  0.99468632],
        [ 0.06430018,  0.        , -0.23973012, ...,  0.99996472,
          0.99999102,  0.98600809],
        [ 0.30165918,  0.23973012,  0.        , ...,  0.97281914,
          0.96981488,  0.91729325],
        ...,
        [-0.99735525, -0.99996472, -0.97281914, ...,  0.        ,
          0.01263814,  0.17497446],
        [-0.99819414, -0.99999102, -0.96981488, ..., -0.01263814,
          0.        ,  0.16251732],
        [-0.99468632, -0.98600809, -0.91729325, ..., -0.17497446,
         -0.16251732,  0.        ]],

       [[ 0.        ,  0.20900018, -0.05213198, ...,  0.54608719,
          0.2590883 ,  0.26539813],
        [-0.20900018,  0.        , -0.25969666, ...,  0.3589418 ,
          0.0515029 ,  0.05803177],
        [ 0.05213198,  0.25969666,  0.        , ...,  0.58901706,
          0.30908785,  0.31529972],
        ...,
        [-0.54608719, -0.3589418 , -0.58901706, ...,  0.        ,
         -0.31039469, -0.30417236],
        [-0.2590883 , -0.0515029 , -0.30908785, ...,  0.31039469,
          0.        ,  0.00653865],
        [-0.26539813, -0.05803177, -0.31529972, ...,  0.30417236,
         -0.00653865,  0.        ]],

       [[ 0.        ,  0.0208027 , -0.03485886, ...,  0.95533207,
          0.97365598,  0.97570507],
        [-0.0208027 ,  0.        , -0.05564138, ...,  0.96127326,
          0.97818876,  0.98005155],
        [ 0.03485886,  0.05564138,  0.        , ...,  0.94444947,
          0.96511565,  0.96747491],
        ...,
        [-0.95533207, -0.96127326, -0.94444947, ...,  0.        ,
         -0.0699122 , -0.07905255],
        [-0.97365598, -0.97818876, -0.96511565, ...,  0.0699122 ,
          0.        , -0.00916571],
        [-0.97570507, -0.98005155, -0.96747491, ...,  0.07905255,
          0.00916571,  0.        ]],

       ...,

       [[ 0.        , -0.05145289, -0.17284958, ...,  0.02945159,
         -0.49423214,  0.10307398],
        [ 0.05145289,  0.        , -0.1219422 , ...,  0.08084314,
         -0.44884796,  0.15411629],
        [ 0.17284958,  0.1219422 ,  0.        , ...,  0.20178289,
         -0.33652976,  0.27345147],
        ...,
        [-0.02945159, -0.08084314, -0.20178289, ...,  0.        ,
         -0.5196209 ,  0.07373455],
        [ 0.49423214,  0.44884796,  0.33652976, ...,  0.5196209 ,
          0.        ,  0.58120501],
        [-0.10307398, -0.15411629, -0.27345147, ..., -0.07373455,
         -0.58120501,  0.        ]],

       [[ 0.        , -0.00325235, -0.04748523, ...,  0.40302276,
          0.30748992,  0.53507924],
        [ 0.00325235,  0.        , -0.04423629, ...,  0.4000441 ,
          0.30439352,  0.53232882],
        [ 0.04748523,  0.04423629,  0.        , ...,  0.35911012,
          0.26195842,  0.49436003],
        ...,
        [-0.40302276, -0.4000441 , -0.35911012, ...,  0.        ,
          0.10208515, -0.14922477],
        [-0.30748992, -0.30439352, -0.26195842, ..., -0.10208515,
          0.        , -0.24938731],
        [-0.53507924, -0.53232882, -0.49436003, ...,  0.14922477,
          0.24938731,  0.        ]],

       [[ 0.        ,  0.37084243,  0.50439519, ...,  0.74774601,
          0.6461458 ,  0.        ],
        [-0.37084243,  0.        ,  0.1482173 , ...,  0.94066234,
          0.88310502,  0.37084243],
        [-0.50439519, -0.1482173 ,  0.        , ...,  0.98056921,
          0.94289087,  0.50439519],
        ...,
        [-0.74774601, -0.94066234, -0.98056921, ...,  0.        ,
          0.14165919,  0.74774601],
        [-0.6461458 , -0.88310502, -0.94289087, ..., -0.14165919,
          0.        ,  0.6461458 ],
        [-0.        , -0.37084243, -0.50439519, ..., -0.74774601,
         -0.6461458 ,  0.        ]]]), 'num': array([9.90497826e-01, 1.37523946e-01, 1.94965454e-04, 7.66771301e-09,
       8.14139412e-05, 8.19722082e-05, 7.94600066e-05, 1.06394530e-03,
       3.72178017e-07, 8.03904517e-05, 7.97949668e-05, 7.25530029e-05,
       1.19162260e-06, 8.50775353e-05, 7.45123984e-05])}
{'img': array([[[ 0.        , -0.23973012,  0.        , ...,  0.99999102,
          0.98600809,  0.97404184],
        [ 0.23973012,  0.        ,  0.23973012, ...,  0.96981488,
          0.91729325,  0.89137111],
        [ 0.        , -0.23973012,  0.        , ...,  0.99999102,
          0.98600809,  0.97404184],
        ...,
        [-0.99999102, -0.96981488, -0.99999102, ...,  0.        ,
          0.16251732,  0.22223807],
        [-0.98600809, -0.91729325, -0.98600809, ..., -0.16251732,
          0.        ,  0.06083041],
        [-0.97404184, -0.89137111, -0.97404184, ..., -0.22223807,
         -0.06083041,  0.        ]],

       [[ 0.        , -0.25969666,  0.10473673, ...,  0.0515029 ,
          0.05803177, -0.02178447],
        [ 0.25969666,  0.        ,  0.35941157, ...,  0.30908785,
          0.31529972,  0.23859799],
        [-0.10473673, -0.35941157,  0.        , ..., -0.0533781 ,
         -0.04684763, -0.12637653],
        ...,
        [-0.0515029 , -0.30908785,  0.0533781 , ...,  0.        ,
          0.00653865, -0.07324623],
        [-0.05803177, -0.31529972,  0.04684763, ..., -0.00653865,
          0.        , -0.07976575],
        [ 0.02178447, -0.23859799,  0.12637653, ...,  0.07324623,
          0.07976575,  0.        ]],

       [[ 0.        , -0.05564138, -0.02504845, ...,  0.97818876,
          0.98005155,  0.97198808],
        [ 0.05564138,  0.        ,  0.03061427, ...,  0.96511565,
          0.96747491,  0.9574049 ],
        [ 0.02504845, -0.03061427,  0.        , ...,  0.97267883,
          0.97476583,  0.96579597],
        ...,
        [-0.97818876, -0.96511565, -0.97267883, ...,  0.        ,
         -0.00916571,  0.02800445],
        [-0.98005155, -0.96747491, -0.97476583, ...,  0.00916571,
          0.        ,  0.03716539],
        [-0.97198808, -0.9574049 , -0.96579597, ..., -0.02800445,
         -0.03716539,  0.        ]],

       ...,

       [[ 0.        , -0.1219422 , -0.33485208, ..., -0.44884796,
          0.15411629,  0.21951451],
        [ 0.1219422 ,  0.        , -0.21745059, ..., -0.33652976,
          0.27345147,  0.33684425],
        [ 0.33485208,  0.21745059,  0.        , ..., -0.12370974,
          0.47607077,  0.53352688],
        ...,
        [ 0.44884796,  0.33652976,  0.12370974, ...,  0.        ,
          0.58120501,  0.63406017],
        [-0.15411629, -0.27345147, -0.47607077, ..., -0.58120501,
          0.        ,  0.06653463],
        [-0.21951451, -0.33684425, -0.53352688, ..., -0.63406017,
         -0.06653463,  0.        ]],

       [[ 0.        , -0.04423629, -0.08511046, ...,  0.30439352,
          0.53232882,  0.68845809],
        [ 0.04423629,  0.        , -0.04095137, ...,  0.26195842,
          0.49436003,  0.65570062],
        [ 0.08511046,  0.04095137,  0.        , ...,  0.22221737,
          0.45834806,  0.62423144],
        ...,
        [-0.30439352, -0.26195842, -0.22221737, ...,  0.        ,
         -0.24938731, -0.4350189 ],
        [-0.53232882, -0.49436003, -0.45834806, ...,  0.24938731,
          0.        , -0.19672032],
        [-0.68845809, -0.65570062, -0.62423144, ...,  0.4350189 ,
          0.19672032,  0.        ]],

       [[ 0.        ,  0.33613663,  0.49661676, ...,  0.86053576,
          0.69331771,  0.        ],
        [-0.33613663,  0.        ,  0.17596375, ...,  0.98168861,
          0.89520662,  0.33613663],
        [-0.49661676, -0.17596375,  0.        , ...,  0.99989079,
          0.95965687,  0.49661676],
        ...,
        [-0.86053576, -0.98168861, -0.99989079, ...,  0.        ,
          0.26696051,  0.86053576],
        [-0.69331771, -0.89520662, -0.95965687, ..., -0.26696051,
          0.        ,  0.69331771],
        [-0.        , -0.33613663, -0.49661676, ..., -0.86053576,
         -0.69331771,  0.        ]]]), 'num': array([ 9.67953735e-01,  2.51126018e-01,  1.66898192e-04,  1.45581490e-08,
        7.91987334e-05,  8.09505098e-05,  7.91065346e-05,  1.10127729e-03,
       -1.47518013e-06,  7.96966067e-05,  7.93785210e-05,  7.21071122e-05,
        1.01636426e-06,  8.38176686e-05,  7.49393734e-05])}
{'img': array([[[ 0.        ,  0.23973012, -0.39380987, ...,  0.91729325,
          0.89137111,  0.96981488],
        [-0.23973012,  0.        , -0.6026842 , ...,  0.98600809,
          0.97404184,  0.99999102],
        [ 0.39380987,  0.6026842 ,  0.        , ...,  0.68634859,
          0.64083725,  0.79541847],
        ...,
        [-0.91729325, -0.98600809, -0.68634859, ...,  0.        ,
          0.06083041, -0.16251732],
        [-0.89137111, -0.97404184, -0.64083725, ..., -0.06083041,
          0.        , -0.22223807],
        [-0.96981488, -0.99999102, -0.79541847, ...,  0.16251732,
          0.22223807,  0.        ]],

       [[ 0.        ,  0.35941157,  0.46083209, ...,  0.31529972,
          0.23859799,  0.26390787],
        [-0.35941157,  0.        ,  0.11106569, ..., -0.04684763,
         -0.12637653, -0.10039635],
        [-0.46083209, -0.11106569,  0.        , ..., -0.15750153,
         -0.23576985, -0.21027973],
        ...,
        [-0.31529972,  0.04684763,  0.15750153, ...,  0.        ,
         -0.07976575, -0.05367518],
        [-0.23859799,  0.12637653,  0.23576985, ...,  0.07976575,
          0.        ,  0.02614661],
        [-0.26390787,  0.10039635,  0.21027973, ...,  0.05367518,
         -0.02614661,  0.        ]],

       [[ 0.        ,  0.03061427, -0.10962967, ...,  0.96747491,
          0.9574049 ,  0.95555669],
        [-0.03061427,  0.        , -0.14000803, ...,  0.97476583,
          0.96579597,  0.96413411],
        [ 0.10962967,  0.14000803,  0.        , ...,  0.93391078,
          0.91997871,  0.91747744],
        ...,
        [-0.96747491, -0.97476583, -0.93391078, ...,  0.        ,
          0.03716539,  0.04349449],
        [-0.9574049 , -0.96579597, -0.91997871, ..., -0.03716539,
          0.        ,  0.00633423],
        [-0.95555669, -0.96413411, -0.91747744, ..., -0.04349449,
         -0.00633423,  0.        ]],

       ...,

       [[ 0.        , -0.21745059, -0.69335617, ...,  0.27345147,
          0.33684425, -0.11074399],
        [ 0.21745059,  0.        , -0.52007127, ...,  0.47607077,
          0.53352688,  0.10801901],
        [ 0.69335617,  0.52007127,  0.        , ...,  0.86397723,
          0.895565  ,  0.60928975],
        ...,
        [-0.27345147, -0.47607077, -0.86397723, ...,  0.        ,
          0.06653463, -0.37829253],
        [-0.33684425, -0.53352688, -0.895565  , ..., -0.06653463,
          0.        , -0.43904446],
        [ 0.11074399, -0.10801901, -0.60928975, ...,  0.37829253,
          0.43904446,  0.        ]],

       [[ 0.        , -0.04095137, -0.15358274, ...,  0.49436003,
          0.65570062,  0.73944015],
        [ 0.04095137,  0.        , -0.11298839, ...,  0.45834806,
          0.62423144,  0.7112505 ],
        [ 0.15358274,  0.11298839,  0.        , ...,  0.35499194,
          0.53196306,  0.62727196],
        ...,
        [-0.49436003, -0.45834806, -0.35499194, ...,  0.        ,
         -0.19672032, -0.30994951],
        [-0.65570062, -0.62423144, -0.53196306, ...,  0.19672032,
          0.        , -0.11686056],
        [-0.73944015, -0.7112505 , -0.62727196, ...,  0.30994951,
          0.11686056,  0.        ]],

       [[ 0.        ,  0.36525137,  0.47261933, ...,  0.83154492,
          0.57685502,  0.        ],
        [-0.36525137,  0.        ,  0.11808169, ...,  0.97697421,
          0.83535381,  0.36525137],
        [-0.47261933, -0.11808169,  0.        , ...,  0.99533279,
          0.89442058,  0.47261933],
        ...,
        [-0.83154492, -0.97697421, -0.99533279, ...,  0.        ,
          0.35882614,  0.83154492],
        [-0.57685502, -0.83535381, -0.89442058, ..., -0.35882614,
          0.        ,  0.57685502],
        [-0.        , -0.36525137, -0.47261933, ..., -0.83154492,
         -0.57685502,  0.        ]]]), 'num': array([ 9.75337406e-01,  2.20717920e-01,  1.75697203e-04, -1.08200090e-08,
        7.98032451e-05,  8.09180751e-05,  7.89671227e-05,  6.79990538e-04,
        0.00000000e+00,  8.03234991e-05,  8.02816930e-05,  7.28912994e-05,
        9.97002410e-07,  8.37678399e-05,  7.67955461e-05])}
{'img': array([[[ 0.        , -0.6026842 , -0.2154581 , ...,  0.97404184,
          0.99999102,  0.99999102],
        [ 0.6026842 ,  0.        ,  0.41659779, ...,  0.64083725,
          0.79541847,  0.79541847],
        [ 0.2154581 , -0.41659779,  0.        , ...,  0.90239176,
          0.97559121,  0.97559121],
        ...,
        [-0.97404184, -0.64083725, -0.90239176, ...,  0.        ,
         -0.22223807, -0.22223807],
        [-0.99999102, -0.79541847, -0.97559121, ...,  0.22223807,
          0.        ,  0.        ],
        [-0.99999102, -0.79541847, -0.97559121, ...,  0.22223807,
          0.        ,  0.        ]],

       [[ 0.        ,  0.10051844,  0.08586241, ..., -0.10659314,
         -0.08567576, -0.43719573],
        [-0.10051844,  0.        , -0.01471969, ..., -0.20599903,
         -0.18539067, -0.52538432],
        [-0.08586241,  0.01471969,  0.        , ..., -0.19157272,
         -0.17090606, -0.51280293],
        ...,
        [ 0.10659314,  0.20599903,  0.19157272, ...,  0.        ,
          0.02101357, -0.33883861],
        [ 0.08567576,  0.18539067,  0.17090606, ..., -0.02101357,
          0.        , -0.35853429],
        [ 0.43719573,  0.52538432,  0.51280293, ...,  0.33883861,
          0.35853429,  0.        ]],

       [[ 0.        , -0.14000803, -0.23364578, ...,  0.96579597,
          0.96413411,  0.96328442],
        [ 0.14000803,  0.        , -0.0952116 , ...,  0.91997871,
          0.91747744,  0.91620665],
        [ 0.23364578,  0.0952116 ,  0.        , ...,  0.87847936,
          0.87543537,  0.87389251],
        ...,
        [-0.96579597, -0.91997871, -0.87847936, ...,  0.        ,
          0.00633423,  0.00951707],
        [-0.96413411, -0.91747744, -0.87543537, ..., -0.00633423,
          0.        ,  0.00318294],
        [-0.96328442, -0.91620665, -0.87389251, ..., -0.00951707,
         -0.00318294,  0.        ]],

       ...,

       [[ 0.        , -0.52007127, -0.33038662, ...,  0.53352688,
          0.10801901,  0.03048244],
        [ 0.52007127,  0.        ,  0.20867625, ...,  0.895565  ,
          0.60928975,  0.54586534],
        [ 0.33038662, -0.20867625,  0.        , ...,  0.78300247,
          0.43040675,  0.35900381],
        ...,
        [-0.53352688, -0.895565  , -0.78300247, ...,  0.        ,
         -0.43904446, -0.50749741],
        [-0.10801901, -0.60928975, -0.43040675, ...,  0.43904446,
          0.        , -0.07766473],
        [-0.03048244, -0.54586534, -0.35900381, ...,  0.50749741,
          0.07766473,  0.        ]],

       [[ 0.        , -0.11298839, -0.22221737, ...,  0.62423144,
          0.7112505 ,  0.79957494],
        [ 0.11298839,  0.        , -0.11063099, ...,  0.53196306,
          0.62727196,  0.72659768],
        [ 0.22221737,  0.11063099,  0.        , ...,  0.4350189 ,
          0.53726203,  0.64612701],
        ...,
        [-0.62423144, -0.53196306, -0.4350189 , ...,  0.        ,
         -0.11686056, -0.24976711],
        [-0.7112505 , -0.62727196, -0.53726203, ...,  0.11686056,
          0.        , -0.13489902],
        [-0.79957494, -0.72659768, -0.64612701, ...,  0.24976711,
          0.13489902,  0.        ]],

       [[ 0.        ,  0.17799706,  0.24349052, ...,  0.8696627 ,
          0.72258564,  0.17006555],
        [-0.17799706,  0.        ,  0.06696229, ...,  0.94364269,
          0.83409274,  0.3427539 ],
        [-0.24349052, -0.06696229,  0.        , ...,  0.96368693,
          0.86915865,  0.40489066],
        ...,
        [-0.8696627 , -0.94364269, -0.96368693, ...,  0.        ,
          0.24447986,  0.77304186],
        [-0.72258564, -0.83409274, -0.86915865, ..., -0.24447986,
          0.        ,  0.5944964 ],
        [-0.17006555, -0.3427539 , -0.40489066, ..., -0.77304186,
         -0.5944964 ,  0.        ]]]), 'num': array([ 9.87604804e-01,  1.56958177e-01,  1.91835249e-04, -1.08991284e-08,
        8.09123931e-05,  8.12861224e-05,  8.02583668e-05,  8.91307003e-04,
        6.54026272e-07,  8.09123931e-05,  8.09264079e-05,  7.35343538e-05,
        9.09071266e-07,  8.40276152e-05,  7.78252006e-05])}
{'img': array([[[ 0.        ,  0.41659779,  0.61583035, ...,  0.79541847,
          0.79541847,  0.73619665],
        [-0.41659779,  0.        ,  0.23161721, ...,  0.97559121,
          0.97559121,  0.9512096 ],
        [-0.61583035, -0.23161721,  0.        , ...,  0.99992385,
          0.99992385,  0.9968078 ],
        ...,
        [-0.79541847, -0.97559121, -0.99992385, ...,  0.        ,
          0.        ,  0.09213372],
        [-0.79541847, -0.97559121, -0.99992385, ...,  0.        ,
          0.        ,  0.09213372],
        [-0.73619665, -0.9512096 , -0.9968078 , ..., -0.09213372,
         -0.09213372,  0.        ]],

       [[ 0.        , -0.01471969,  0.27683635, ..., -0.18539067,
         -0.52538432, -0.29537664],
        [ 0.01471969,  0.        ,  0.29095076, ..., -0.17090606,
         -0.51280293, -0.28128173],
        [-0.27683635, -0.29095076,  0.        , ..., -0.45018243,
         -0.74040114, -0.54831662],
        ...,
        [ 0.18539067,  0.17090606,  0.45018243, ...,  0.        ,
         -0.35853429, -0.11313756],
        [ 0.52538432,  0.51280293,  0.74040114, ...,  0.35853429,
          0.        ,  0.25061648],
        [ 0.29537664,  0.28128173,  0.54831662, ...,  0.11313756,
         -0.25061648,  0.        ]],

       [[ 0.        , -0.0952116 , -0.08801443, ...,  0.91747744,
          0.91620665,  0.90692205],
        [ 0.0952116 ,  0.        ,  0.00722751, ...,  0.87543537,
          0.87389251,  0.86268946],
        [ 0.08801443, -0.00722751,  0.        , ...,  0.87890582,
          0.87738312,  0.86632213],
        ...,
        [-0.91747744, -0.87543537, -0.87890582, ...,  0.        ,
          0.00318294,  0.02576928],
        [-0.91620665, -0.87389251, -0.87738312, ..., -0.00318294,
          0.        ,  0.02258726],
        [-0.90692205, -0.86268946, -0.86632213, ..., -0.02576928,
         -0.02258726,  0.        ]],

       ...,

       [[ 0.        ,  0.20867625,  0.098727  , ...,  0.60928975,
          0.54586534,  0.28287314],
        [-0.20867625,  0.        , -0.11110327, ...,  0.43040675,
          0.35900381,  0.07649227],
        [-0.098727  ,  0.11110327,  0.        , ...,  0.52802775,
          0.46047787,  0.18679645],
        ...,
        [-0.60928975, -0.43040675, -0.52802775, ...,  0.        ,
         -0.07766473, -0.36010113],
        [-0.54586534, -0.35900381, -0.46047787, ...,  0.07766473,
          0.        , -0.286559  ],
        [-0.28287314, -0.07649227, -0.18679645, ...,  0.36010113,
          0.286559  ,  0.        ]],

       [[ 0.        , -0.11063099, -0.08344865, ...,  0.62727196,
          0.72659768,  0.752275  ],
        [ 0.11063099,  0.        ,  0.02730872, ...,  0.53726203,
          0.64612701,  0.67476805],
        [ 0.08344865, -0.02730872,  0.        , ...,  0.56009425,
          0.66672887,  0.69467104],
        ...,
        [-0.62727196, -0.53726203, -0.56009425, ...,  0.        ,
         -0.13489902, -0.17259433],
        [-0.72659768, -0.64612701, -0.66672887, ...,  0.13489902,
          0.        , -0.03814212],
        [-0.752275  , -0.67476805, -0.69467104, ...,  0.17259433,
          0.03814212,  0.        ]],

       [[ 0.        ,  0.06545769,  0.13377921, ...,  0.8910207 ,
          0.68868886,  0.33553767],
        [-0.06545769,  0.        ,  0.06862301, ...,  0.91882511,
          0.73467241,  0.39648095],
        [-0.13377921, -0.06862301,  0.        , ...,  0.94374223,
          0.7794959 ,  0.45854518],
        ...,
        [-0.8910207 , -0.91882511, -0.94374223, ...,  0.        ,
          0.33340176,  0.68704379],
        [-0.68868886, -0.73467241, -0.7794959 , ..., -0.33340176,
          0.        ,  0.40547942],
        [-0.33553767, -0.39648095, -0.45854518, ..., -0.68704379,
