state_0,state_1,state_2,state_3,state_4,state_5,state_6,state_7,state_8,state_9,state_10,state_11,state_12,state_13,state_14,state_15,state_16,state_17,state_18,state_19,state_20,state_21,state_22,state_23,state_24,state_25,state_26,state_27,state_28,state_29,state_30,state_31,state_32,state_33,state_34,state_35,state_36,state_37,state_38,state_39,state_40,state_41,state_42,state_43,state_44,state_45,state_46,state_47,state_48,state_49,state_50,state_51,state_52,state_53,state_54,state_55,state_56,state_57,state_58,state_59,state_60,state_61,state_62,state_63,state_64,state_65,state_66,state_67,state_68,state_69,state_70,state_71,state_72,state_73,state_74,state_75,state_76,state_77,state_78,state_79,state_80,state_81,state_82,state_83,state_84,state_85,state_86,state_87,state_88,state_89,state_90,state_91,state_92,state_93,state_94,state_95,state_96,state_97,state_98,state_99,state_100,state_101,state_102,state_103,state_104,state_105,state_106,state_107,state_108,state_109,state_110,state_111,state_112,state_113,state_114,state_115,state_116,state_117,state_118,state_119,state_120,state_121,state_122,state_123,state_124,state_125,state_126,state_127,state_128,state_129,state_130,state_131,state_132,state_133,state_134,state_135,state_136,state_137,state_138,state_139,state_140,state_141,state_142,state_143,state_144,state_145,state_146,state_147,state_148,state_149,state_150,state_151,state_152,state_153,state_154,state_155,state_156,state_157,state_158,state_159,state_160,state_161,state_162,state_163,state_164,state_165,state_166,state_167,state_168,state_169,state_170,state_171,state_172,state_173,state_174,state_175,state_176,state_177,state_178,state_179,state_180,state_181,state_182,state_183,state_184,state_185,state_186,state_187,state_188,state_189,state_190,state_191,state_192,state_193,state_194,state_195,state_196,state_197,state_198,state_199,state_200,state_201,state_202,state_203,state_204,state_205,state_206,state_207,state_208,state_209,state_210,state_211,state_212,state_213,state_214,state_215,state_216,state_217,state_218,state_219,state_220,state_221,state_222,state_223,state_224,state_225,state_226,state_227,state_228,state_229,state_230,state_231,state_232,state_233,state_234,state_235,state_236,state_237,state_238,state_239,state_240,state_241,state_242,state_243,state_244,state_245,state_246,state_247,state_248,state_249,state_250,state_251,state_252,state_253,state_254,state_255,state_256,state_257,state_258,state_259,state_260,state_261,state_262,state_263,state_264,state_265,state_266,state_267,state_268,state_269,state_270,state_271,state_272,state_273,state_274,state_275,state_276,state_277,state_278,state_279,state_280,state_281,state_282,state_283,state_284,state_285,state_286,state_287
{'img': array([[[ 0.00000000e+00,  2.30535256e-01,  6.82678333e-02, ...,
         -9.98719827e-01, -9.99561140e-01, -9.96898596e-01],
        [-2.30535256e-01,  0.00000000e+00, -1.63568455e-01, ...,
         -9.60156963e-01, -9.65807764e-01, -9.51903719e-01],
        [-6.82678333e-02,  1.63568455e-01,  0.00000000e+00, ...,
         -9.92936606e-01, -9.95206888e-01, -9.89200401e-01],
        ...,
        [ 9.98719827e-01,  9.60156963e-01,  9.92936606e-01, ...,
          0.00000000e+00,  2.09762904e-02, -2.81692758e-02],
        [ 9.99561140e-01,  9.65807764e-01,  9.95206888e-01, ...,
         -2.09762904e-02,  0.00000000e+00, -4.91310442e-02],
        [ 9.96898596e-01,  9.51903719e-01,  9.89200401e-01, ...,
          2.81692758e-02,  4.91310442e-02,  0.00000000e+00]],

       [[ 0.00000000e+00,  6.88072288e-01,  7.78501048e-01, ...,
          9.25773054e-01,  9.94421044e-01,  7.33213314e-01],
        [-6.88072288e-01,  0.00000000e+00,  1.33049209e-01, ...,
          4.11633791e-01,  6.49013487e-01,  9.99938747e-01],
        [-7.78501048e-01, -1.33049209e-01,  0.00000000e+00, ...,
          2.86719824e-01,  5.42022624e-01,  9.89576131e-01],
        ...,
        [-9.25773054e-01, -4.11633791e-01, -2.86719824e-01, ...,
          0.00000000e+00,  2.78316534e-01,  9.06737538e-01],
        [-9.94421044e-01, -6.49013487e-01, -5.42022624e-01, ...,
         -2.78316534e-01,  0.00000000e+00,  7.53546993e-01],
        [-7.33213314e-01, -9.99938747e-01, -9.89576131e-01, ...,
         -9.06737538e-01, -7.53546993e-01,  0.00000000e+00]],

       [[ 0.00000000e+00, -1.36822275e-01, -2.77190269e-01, ...,
         -8.60527262e-01, -8.61453186e-01, -8.60527262e-01],
        [ 1.36822275e-01,  0.00000000e+00, -1.43122564e-01, ...,
         -9.22132396e-01, -9.22835157e-01, -9.22132396e-01],
        [ 2.77190269e-01,  1.43122564e-01,  0.00000000e+00, ...,
         -9.68009481e-01, -9.68464655e-01, -9.68009481e-01],
        ...,
        [ 8.60527262e-01,  9.22132396e-01,  9.68009481e-01, ...,
          0.00000000e+00,  1.82045832e-03,  0.00000000e+00],
        [ 8.61453186e-01,  9.22835157e-01,  9.68464655e-01, ...,
         -1.82045832e-03,  0.00000000e+00, -1.82045832e-03],
        [ 8.60527262e-01,  9.22132396e-01,  9.68009481e-01, ...,
          0.00000000e+00,  1.82045832e-03,  0.00000000e+00]],

       ...,

       [[ 0.00000000e+00,  5.18721003e-01,  4.14972541e-01, ...,
          6.97851135e-01,  5.18501456e-01,  5.45722388e-01],
        [-5.18721003e-01,  0.00000000e+00, -1.17171863e-01, ...,
          2.25093146e-01, -2.56777072e-04,  3.18912680e-02],
        [-4.14972541e-01,  1.17171863e-01,  0.00000000e+00, ...,
          3.37707537e-01,  1.16916851e-01,  1.48783853e-01],
        ...,
        [-6.97851135e-01, -2.25093146e-01, -3.37707537e-01, ...,
          0.00000000e+00, -2.25343326e-01, -1.93905801e-01],
        [-5.18501456e-01,  2.56777072e-04, -1.16916851e-01, ...,
          2.25343326e-01,  0.00000000e+00,  3.21479134e-02],
        [-5.45722388e-01, -3.18912680e-02, -1.48783853e-01, ...,
          1.93905801e-01, -3.21479134e-02,  0.00000000e+00]],

       [[ 0.00000000e+00, -3.52404519e-01, -5.81194893e-01, ...,
         -1.89375909e-01, -0.00000000e+00, -1.35408697e-01],
        [ 3.52404519e-01,  0.00000000e+00, -2.57135696e-01, ...,
         -5.23254663e-01, -3.52404519e-01, -4.75880740e-01],
        [ 5.81194893e-01,  2.57135696e-01,  0.00000000e+00, ...,
         -7.24785348e-01, -5.81194893e-01, -6.86032765e-01],
        ...,
        [ 1.89375909e-01,  5.23254663e-01,  7.24785348e-01, ...,
          0.00000000e+00, -1.89375909e-01, -5.46732941e-02],
        [ 0.00000000e+00,  3.52404519e-01,  5.81194893e-01, ...,
          1.89375909e-01,  0.00000000e+00,  1.35408697e-01],
        [ 1.35408697e-01,  4.75880740e-01,  6.86032765e-01, ...,
          5.46732941e-02, -1.35408697e-01,  0.00000000e+00]],

       [[ 0.00000000e+00,  4.27315821e-02,  3.30201537e-01, ...,
         -8.40307435e-01, -8.42838949e-01, -8.45001591e-01],
        [-4.27315821e-02,  0.00000000e+00,  2.89565140e-01, ...,
         -8.16374664e-01, -8.19072411e-01, -8.21378454e-01],
        [-3.30201537e-01, -2.89565140e-01,  0.00000000e+00, ...,
         -6.14169367e-01, -6.17861297e-01, -6.21026010e-01],
        ...,
        [ 8.40307435e-01,  8.16374664e-01,  6.14169367e-01, ...,
          0.00000000e+00,  4.68676625e-03,  8.71795141e-03],
        [ 8.42838949e-01,  8.19072411e-01,  6.17861297e-01, ...,
         -4.68676625e-03,  0.00000000e+00,  4.03126752e-03],
        [ 8.45001591e-01,  8.21378454e-01,  6.21026010e-01, ...,
         -8.71795141e-03, -4.03126752e-03,  0.00000000e+00]]]), 'num': array([7.07105142e-01, 7.07105142e-01, 0.00000000e+00, 0.00000000e+00,
       2.41816617e-04, 2.45985869e-04, 2.39731991e-04, 2.03898104e-03,
       2.08462601e-06, 2.41900002e-04, 2.36605052e-04, 2.72370286e-04,
       4.22202736e-07, 2.58353207e-04, 2.14856897e-04])}
{'img': array([[[ 0.00000000e+00, -1.63568455e-01, -6.11498240e-01, ...,
         -9.65807764e-01, -9.51903719e-01, -9.62091386e-01],
        [ 1.63568455e-01,  0.00000000e+00, -4.73839722e-01, ...,
         -9.95206888e-01, -9.89200401e-01, -9.93743505e-01],
        [ 6.11498240e-01,  4.73839722e-01,  0.00000000e+00, ...,
         -9.22727909e-01, -9.40551225e-01, -9.28023007e-01],
        ...,
        [ 9.65807764e-01,  9.95206888e-01,  9.22727909e-01, ...,
          0.00000000e+00, -4.91310442e-02, -1.39710173e-02],
        [ 9.51903719e-01,  9.89200401e-01,  9.40551225e-01, ...,
          4.91310442e-02,  0.00000000e+00,  3.51721039e-02],
        [ 9.62091386e-01,  9.93743505e-01,  9.28023007e-01, ...,
          1.39710173e-02, -3.51721039e-02,  0.00000000e+00]],

       [[ 0.00000000e+00,  2.10650770e-01,  2.58216267e-01, ...,
          7.68451429e-01,  9.94489224e-01,  3.60337213e-01],
        [-2.10650770e-01,  0.00000000e+00,  4.89152504e-02, ...,
          6.16411302e-01,  9.94258643e-01,  5.48751440e-01],
        [-2.58216267e-01, -4.89152504e-02,  0.00000000e+00, ...,
          5.77156357e-01,  9.87834345e-01,  5.88986990e-01],
        ...,
        [-7.68451429e-01, -6.16411302e-01, -5.77156357e-01, ...,
          0.00000000e+00,  7.16945291e-01,  9.47411194e-01],
        [-9.94489224e-01, -9.94258643e-01, -9.87834345e-01, ...,
         -7.16945291e-01,  0.00000000e+00,  8.89904200e-01],
        [-3.60337213e-01, -5.48751440e-01, -5.88986990e-01, ...,
         -9.47411194e-01, -8.89904200e-01,  0.00000000e+00]],

       [[ 0.00000000e+00, -2.42790523e-01, -3.99953497e-01, ...,
         -8.62819685e-01, -8.61895101e-01, -8.66479533e-01],
        [ 2.42790523e-01,  0.00000000e+00, -1.65460268e-01, ...,
         -9.59736510e-01, -9.59221938e-01, -9.61757462e-01],
        [ 3.99953497e-01,  1.65460268e-01,  0.00000000e+00, ...,
         -9.92986030e-01, -9.92768465e-01, -9.93821019e-01],
        ...,
        [ 8.62819685e-01,  9.59736510e-01,  9.92986030e-01, ...,
          0.00000000e+00, -1.82615914e-03,  7.28518113e-03],
        [ 8.61895101e-01,  9.59221938e-01,  9.92768465e-01, ...,
          1.82615914e-03,  0.00000000e+00,  9.11127966e-03],
        [ 8.66479533e-01,  9.61757462e-01,  9.93821019e-01, ...,
         -7.28518113e-03, -9.11127966e-03,  0.00000000e+00]],

       ...,

       [[ 0.00000000e+00, -1.17171863e-01, -4.91410706e-01, ...,
         -2.56777072e-04,  3.18912680e-02, -3.96985852e-01],
        [ 1.17171863e-01,  0.00000000e+00, -3.85977447e-01, ...,
          1.16916851e-01,  1.48783853e-01, -2.86708042e-01],
        [ 4.91410706e-01,  3.85977447e-01,  0.00000000e+00, ...,
          4.91187056e-01,  5.18935744e-01,  1.05282819e-01],
        ...,
        [ 2.56777072e-04, -1.16916851e-01, -4.91187056e-01, ...,
          0.00000000e+00,  3.21479134e-02, -3.96750162e-01],
        [-3.18912680e-02, -1.48783853e-01, -5.18935744e-01, ...,
         -3.21479134e-02,  0.00000000e+00, -4.26054517e-01],
        [ 3.96985852e-01,  2.86708042e-01, -1.05282819e-01, ...,
          3.96750162e-01,  4.26054517e-01,  0.00000000e+00]],

       [[ 0.00000000e+00, -4.76568184e-01, -5.89907970e-01, ...,
         -4.00061170e-01, -4.20332016e-01, -0.00000000e+00],
        [ 4.76568184e-01,  0.00000000e+00, -1.33795482e-01, ...,
         -7.88478013e-01, -8.01953495e-01, -4.76568184e-01],
        [ 5.89907970e-01,  1.33795482e-01,  0.00000000e+00, ...,
         -8.63681423e-01, -8.74670713e-01, -5.89907970e-01],
        ...,
        [ 4.00061170e-01,  7.88478013e-01,  8.63681423e-01, ...,
          0.00000000e+00,  2.22257799e-02, -4.00061170e-01],
        [ 4.20332016e-01,  8.01953495e-01,  8.74670713e-01, ...,
         -2.22257799e-02,  0.00000000e+00, -4.20332016e-01],
        [ 0.00000000e+00,  4.76568184e-01,  5.89907970e-01, ...,
          4.00061170e-01,  4.20332016e-01,  0.00000000e+00]],

       [[ 0.00000000e+00,  2.89565140e-01,  2.47108047e-01, ...,
         -8.19072411e-01, -8.21378454e-01, -9.20904196e-01],
        [-2.89565140e-01,  0.00000000e+00, -4.40636055e-02, ...,
         -6.17861297e-01, -6.21026010e-01, -7.68581798e-01],
        [-2.47108047e-01,  4.40636055e-02,  0.00000000e+00, ...,
         -6.51907831e-01, -6.54959436e-01, -7.96025055e-01],
        ...,
        [ 8.19072411e-01,  6.17861297e-01,  6.51907831e-01, ...,
          0.00000000e+00,  4.03126752e-03,  2.09048251e-01],
        [ 8.21378454e-01,  6.21026010e-01,  6.54959436e-01, ...,
         -4.03126752e-03,  0.00000000e+00,  2.05104354e-01],
        [ 9.20904196e-01,  7.68581798e-01,  7.96025055e-01, ...,
         -2.09048251e-01, -2.05104354e-01,  0.00000000e+00]]]), 'num': array([ 9.97466389e-01,  7.11060465e-02,  3.23902218e-05, -1.57281020e-10,
        3.40824261e-04,  3.47378574e-04,  3.39632568e-04,  1.94032682e-03,
       -4.76677289e-06,  3.44161002e-04,  3.38917552e-04,  3.87300297e-04,
        3.84719859e-07,  3.69450491e-04,  3.08384614e-04])}
{'img': array([[[ 0.        , -0.59545342, -0.65464991, ..., -0.95340452,
         -0.96347547, -0.94672814],
        [ 0.59545342,  0.        , -0.07581666, ..., -0.94560077,
         -0.9335068 , -0.95234795],
        [ 0.65464991,  0.07581666,  0.        , ..., -0.91821373,
         -0.90363516, -0.92648175],
        ...,
        [ 0.95340452,  0.94560077,  0.91821373, ...,  0.        ,
          0.03535715, -0.02140551],
        [ 0.96347547,  0.9335068 ,  0.90363516, ..., -0.03535715,
          0.        , -0.05674117],
        [ 0.94672814,  0.95234795,  0.92648175, ...,  0.02140551,
          0.05674117,  0.        ]],

       [[ 0.        ,  0.04891525,  0.22006518, ...,  0.99425864,
          0.54875144,  0.89907631],
        [-0.04891525,  0.        ,  0.17208564, ...,  0.98783434,
          0.58898699,  0.87658535],
        [-0.22006518, -0.17208564,  0.        , ...,  0.94633681,
          0.7192702 ,  0.78069284],
        ...,
        [-0.99425864, -0.98783434, -0.94633681, ...,  0.        ,
          0.8899042 , -0.33907411],
        [-0.54875144, -0.58898699, -0.7192702 , ..., -0.8899042 ,
          0.        , -0.99185378],
        [-0.89907631, -0.87658535, -0.78069284, ...,  0.33907411,
          0.99185378,  0.        ]],

       [[ 0.        , -0.32520516, -0.44064417, ..., -0.86625604,
         -0.87081734, -0.85875282],
        [ 0.32520516,  0.        , -0.12476152, ..., -0.98164198,
         -0.98335579, -0.97870591],
        [ 0.44064417,  0.12476152,  0.        , ..., -0.9977683 ,
         -0.99834056, -0.99666853],
        ...,
        [ 0.86625604,  0.98164198,  0.9977683 , ...,  0.        ,
          0.00920334, -0.01482783],
        [ 0.87081734,  0.98335579,  0.99834056, ..., -0.00920334,
          0.        , -0.02402952],
        [ 0.85875282,  0.97870591,  0.99666853, ...,  0.01482783,
          0.02402952,  0.        ]],

       ...,

       [[ 0.        , -0.38597745, -0.64923128, ...,  0.14878385,
         -0.28670804, -0.83369842],
        [ 0.38597745,  0.        , -0.30535019, ...,  0.51893574,
          0.10528282, -0.55594918],
        [ 0.64923128,  0.30535019,  0.        , ...,  0.75516883,
          0.40390768, -0.27558506],
        ...,
        [-0.14878385, -0.51893574, -0.75516883, ...,  0.        ,
         -0.42605452, -0.90658056],
        [ 0.28670804, -0.10528282, -0.40390768, ...,  0.42605452,
          0.        , -0.64037218],
        [ 0.83369842,  0.55594918,  0.27558506, ...,  0.90658056,
          0.64037218,  0.        ]],

       [[ 0.        , -0.38305994, -0.45315656, ..., -0.43296108,
         -0.        , -0.09241774],
        [ 0.38305994,  0.        , -0.07711988, ..., -0.74523138,
         -0.38305994, -0.466789  ],
        [ 0.45315656,  0.07711988,  0.        , ..., -0.79443594,
         -0.45315656, -0.53360123],
        ...,
        [ 0.43296108,  0.74523138,  0.79443594, ...,  0.        ,
         -0.43296108, -0.34780163],
        [ 0.        ,  0.38305994,  0.45315656, ...,  0.43296108,
          0.        ,  0.09241774],
        [ 0.09241774,  0.466789  ,  0.53360123, ...,  0.34780163,
         -0.09241774,  0.        ]],

       [[ 0.        , -0.04406361, -0.22457124, ..., -0.62102601,
         -0.7685818 , -0.78190979],
        [ 0.04406361,  0.        , -0.181415  , ..., -0.65495944,
         -0.79602506, -0.80861922],
        [ 0.22457124,  0.181415  ,  0.        , ..., -0.78118025,
         -0.89262023, -0.90193382],
        ...,
        [ 0.62102601,  0.65495944,  0.78118025, ...,  0.        ,
          0.20510435,  0.22571064],
        [ 0.7685818 ,  0.79602506,  0.89262023, ..., -0.20510435,
          0.        ,  0.02110055],
        [ 0.78190979,  0.80861922,  0.90193382, ..., -0.22571064,
         -0.02110055,  0.        ]]]), 'num': array([ 7.44736884e-01,  6.67356356e-01,  2.75866408e-06, -1.27548629e-08,
        2.50422419e-04,  2.55332663e-04,  2.48190490e-04,  1.39060775e-03,
       -4.91024351e-06,  2.56225434e-04,  2.55198747e-04,  2.88618162e-04,
        3.07593558e-07,  2.73810625e-04,  2.36586869e-04])}
{'img': array([[[ 0.        , -0.07581666,  0.07179613, ..., -0.9335068 ,
         -0.95234795, -0.97366441],
        [ 0.07581666,  0.        ,  0.14721049, ..., -0.90363516,
         -0.92648175, -0.95357685],
        [-0.07179613, -0.14721049,  0.        , ..., -0.95684092,
         -0.97178906, -0.98752021],
        ...,
        [ 0.9335068 ,  0.90363516,  0.95684092, ...,  0.        ,
         -0.05674117, -0.13629033],
        [ 0.95234795,  0.92648175,  0.97178906, ...,  0.05674117,
          0.        , -0.07985903],
        [ 0.97366441,  0.95357685,  0.98752021, ...,  0.13629033,
          0.07985903,  0.        ]],

       [[ 0.        ,  0.17208564,  0.23622677, ...,  0.58898699,
          0.87658535,  0.83767728],
        [-0.17208564,  0.        ,  0.06548747, ...,  0.7192702 ,
          0.78069284,  0.73119357],
        [-0.23622677, -0.06548747,  0.        , ...,  0.76322235,
          0.7380929 ,  0.68495039],
        ...,
        [-0.58898699, -0.7192702 , -0.76322235, ...,  0.        ,
         -0.99185378, -0.99864701],
        [-0.87658535, -0.78069284, -0.7380929 , ...,  0.99185378,
          0.        , -0.07563148],
        [-0.83767728, -0.73119357, -0.68495039, ...,  0.99864701,
          0.07563148,  0.        ]],

       [[ 0.        , -0.31011688, -0.40075023, ..., -0.87868421,
         -0.86673584, -0.84902766],
        [ 0.31011688,  0.        , -0.09686746, ..., -0.98341458,
         -0.97868062, -0.97101903],
        [ 0.40075023,  0.09686746,  0.        , ..., -0.9963589 ,
         -0.99397359, -0.98960414],
        ...,
        [ 0.87868421,  0.98341458,  0.9963589 , ...,  0.        ,
         -0.02447641, -0.05892266],
        [ 0.86673584,  0.97868062,  0.99397359, ...,  0.02447641,
          0.        , -0.03447112],
        [ 0.84902766,  0.97101903,  0.98960414, ...,  0.05892266,
          0.03447112,  0.        ]],

       ...,

       [[ 0.        , -0.30535019, -0.16490361, ...,  0.10528282,
         -0.55594918, -0.48434811],
        [ 0.30535019,  0.        ,  0.14414202, ...,  0.40390768,
         -0.27558506, -0.19407235],
        [ 0.16490361, -0.14414202,  0.        , ...,  0.26782859,
         -0.41126749, -0.33344713],
        ...,
        [-0.10528282, -0.40390768, -0.26782859, ...,  0.        ,
         -0.64037218, -0.5737656 ],
        [ 0.55594918,  0.27558506,  0.41126749, ...,  0.64037218,
          0.        ,  0.0837882 ],
        [ 0.48434811,  0.19407235,  0.33344713, ...,  0.5737656 ,
         -0.0837882 ,  0.        ]],

       [[ 0.        , -0.10964731, -0.13433378, ..., -0.57770779,
         -0.58694225, -0.23769847],
        [ 0.10964731,  0.        , -0.02487033, ..., -0.66372345,
         -0.67217694, -0.34276999],
        [ 0.13433378,  0.02487033,  0.        , ..., -0.68212062,
         -0.69038279, -0.36602764],
        ...,
        [ 0.57770779,  0.66372345,  0.68212062, ...,  0.        ,
          0.01135903, -0.36713023],
        [ 0.58694225,  0.67217694,  0.69038279, ..., -0.01135903,
          0.        , -0.37767237],
        [ 0.23769847,  0.34276999,  0.36602764, ...,  0.36713023,
          0.37767237,  0.        ]],

       [[ 0.        , -0.22036711, -0.27534222, ..., -0.76872746,
         -0.78205564, -0.84709689],
        [ 0.22036711,  0.        , -0.05672439, ..., -0.89077146,
         -0.90016505, -0.94338427],
        [ 0.27534222,  0.05672439,  0.        , ..., -0.91511569,
         -0.92342192, -0.96068089],
        ...,
        [ 0.76872746,  0.89077146,  0.91511569, ...,  0.        ,
          0.02110683,  0.1332519 ],
        [ 0.78205564,  0.90016505,  0.92342192, ..., -0.02110683,
          0.        ,  0.11230361],
        [ 0.84709689,  0.94338427,  0.96068089, ..., -0.1332519 ,
         -0.11230361,  0.        ]]]), 'num': array([ 8.80289284e-01,  4.74433633e-01,  1.46254296e-05, -1.73311526e-08,
        2.94311582e-04,  2.96963038e-04,  2.90599544e-04,  1.66127487e-03,
       -3.18174684e-06,  3.01523542e-04,  3.04121968e-04,  3.41251186e-04,
        4.99814637e-07,  3.22688218e-04,  2.85555719e-04])}
{'img': array([[[ 0.        ,  0.14721049,  0.37357265, ..., -0.92648175,
         -0.95357685, -0.96609669],
        [-0.14721049,  0.        ,  0.23295006, ..., -0.97178906,
         -0.98752021, -0.99357813],
        [-0.37357265, -0.23295006,  0.        , ..., -0.99999555,
         -0.99704009, -0.99260137],
        ...,
        [ 0.92648175,  0.97178906,  0.99999555, ...,  0.        ,
         -0.07985903, -0.12438099],
        [ 0.95357685,  0.98752021,  0.99704009, ...,  0.07985903,
          0.        , -0.04474484],
        [ 0.96609669,  0.99357813,  0.99260137, ...,  0.12438099,
          0.04474484,  0.        ]],

       [[ 0.        ,  0.06548747,  0.11433953, ...,  0.78069284,
          0.73119357,  0.73754667],
        [-0.06548747,  0.        ,  0.04903611, ...,  0.7380929 ,
          0.68495039,  0.69174001],
        [-0.11433953, -0.04903611,  0.        , ...,  0.70412036,
          0.6483992 ,  0.65549659],
        ...,
        [-0.78069284, -0.7380929 , -0.70412036, ...,  0.        ,
         -0.07563148, -0.06629494],
        [-0.73119357, -0.68495039, -0.6483992 , ...,  0.07563148,
          0.        ,  0.00936004],
        [-0.73754667, -0.69174001, -0.65549659, ...,  0.06629494,
         -0.00936004,  0.        ]],

       [[ 0.        , -0.26365633, -0.31896207, ..., -0.87390352,
         -0.85633063, -0.82719103],
        [ 0.26365633,  0.        , -0.05779124, ..., -0.9711451 ,
         -0.96219031, -0.94607625],
        [ 0.31896207,  0.05779124,  0.        , ..., -0.98330461,
         -0.97632326, -0.96321619],
        ...,
        [ 0.87390352,  0.9711451 ,  0.98330461, ...,  0.        ,
         -0.03504641, -0.0889675 ],
        [ 0.85633063,  0.96219031,  0.97632326, ...,  0.03504641,
          0.        , -0.05400542],
        [ 0.82719103,  0.94607625,  0.96321619, ...,  0.0889675 ,
          0.05400542,  0.        ]],

       ...,

       [[ 0.        ,  0.14414202,  0.32714166, ..., -0.27558506,
         -0.19407235,  0.2757649 ],
        [-0.14414202,  0.        ,  0.18751467, ..., -0.41126749,
         -0.33344713,  0.13433216],
        [-0.32714166, -0.18751467,  0.        , ..., -0.57489473,
         -0.50431536, -0.05386575],
        ...,
        [ 0.27558506,  0.41126749,  0.57489473, ...,  0.        ,
          0.0837882 ,  0.52998566],
        [ 0.19407235,  0.33344713,  0.50431536, ..., -0.0837882 ,
          0.        ,  0.45706906],
        [-0.2757649 , -0.13433216,  0.05386575, ..., -0.52998566,
         -0.45706906,  0.        ]],

       [[ 0.        , -0.02452803, -0.06046655, ..., -0.75169676,
         -0.62259249, -0.33834137],
        [ 0.02452803,  0.        , -0.0359652 , ..., -0.76764706,
         -0.6415995 , -0.36132104],
        [ 0.06046655,  0.0359652 ,  0.        , ..., -0.79019955,
         -0.66877115, -0.39462272],
        ...,
        [ 0.75169676,  0.76764706,  0.79019955, ...,  0.        ,
         -0.17763217, -0.48422512],
        [ 0.62259249,  0.6415995 ,  0.66877115, ...,  0.17763217,
          0.        , -0.32110636],
        [ 0.33834137,  0.36132104,  0.39462272, ...,  0.48422512,
          0.32110636,  0.        ]],

       [[ 0.        , -0.16819252, -0.17019687, ..., -0.78576933,
         -0.8507272 , -0.88672847],
        [ 0.16819252,  0.        , -0.00203367, ..., -0.87860577,
         -0.92701113, -0.95185011],
        [ 0.17019687,  0.00203367,  0.        , ..., -0.87957513,
         -0.92777191, -0.95247159],
        ...,
        [ 0.78576933,  0.87860577,  0.87957513, ...,  0.        ,
          0.11318524,  0.18520519],
        [ 0.8507272 ,  0.92701113,  0.92777191, ..., -0.11318524,
          0.        ,  0.07278792],
        [ 0.88672847,  0.95185011,  0.95247159, ..., -0.18520519,
         -0.07278792,  0.        ]]]), 'num': array([ 9.18825745e-01,  3.94660280e-01,  1.87536831e-05, -2.34114078e-08,
        3.08151348e-04,  3.13112640e-04,  3.05946329e-04,  1.30538203e-03,
        2.20501859e-06,  3.11679378e-04,  3.16585544e-04,  3.53161290e-04,
        4.76392905e-07,  3.34695245e-04,  2.98475843e-04])}
{'img': array([[[ 0.        ,  0.23295006, -0.08306196, ..., -0.98752021,
         -0.99357813, -0.98974553],
        [-0.23295006,  0.        , -0.31292189, ..., -0.99704009,
         -0.99260137, -0.99579135],
        [ 0.08306196,  0.31292189,  0.        , ..., -0.9710261 ,
         -0.9807464 , -0.97446063],
        ...,
        [ 0.98752021,  0.99704009,  0.9710261 , ...,  0.        ,
         -0.04474484, -0.01481815],
        [ 0.99357813,  0.99260137,  0.9807464 , ...,  0.04474484,
          0.        ,  0.02993663],
        [ 0.98974553,  0.99579135,  0.97446063, ...,  0.01481815,
         -0.02993663,  0.        ]],

       [[ 0.        ,  0.04903611,  0.30572025, ...,  0.68495039,
          0.69174001,  0.34112135],
        [-0.04903611,  0.        ,  0.25866415, ...,  0.6483992 ,
          0.65549659,  0.2946161 ],
        [-0.30572025, -0.25866415,  0.        , ...,  0.42941128,
          0.43784561,  0.037406  ],
        ...,
        [-0.68495039, -0.6483992 , -0.42941128, ...,  0.        ,
          0.00936004, -0.39532906],
        [-0.69174001, -0.65549659, -0.43784561, ..., -0.00936004,
          0.        , -0.40390931],
        [-0.34112135, -0.2946161 , -0.037406  , ...,  0.39532906,
          0.40390931,  0.        ]],

       [[ 0.        , -0.06019762, -0.19487228, ..., -0.95887323,
         -0.94212541, -0.9305505 ],
        [ 0.06019762,  0.        , -0.13547532, ..., -0.97422046,
         -0.96059874, -0.9509051 ],
        [ 0.19487228,  0.13547532,  0.        , ..., -0.99580182,
         -0.98939658, -0.9840657 ],
        ...,
        [ 0.95887323,  0.97422046,  0.99580182, ...,  0.        ,
         -0.05406457, -0.08698194],
        [ 0.94212541,  0.96059874,  0.98939658, ...,  0.05406457,
          0.        , -0.03299506],
        [ 0.9305505 ,  0.9509051 ,  0.9840657 , ...,  0.08698194,
          0.03299506,  0.        ]],

       ...,

       [[ 0.        ,  0.18751467, -0.02574424, ..., -0.33344713,
          0.13433216, -0.0126155 ],
        [-0.18751467,  0.        , -0.2127401 , ..., -0.50431536,
         -0.05386575, -0.19989147],
        [ 0.02574424,  0.2127401 ,  0.        , ..., -0.30906575,
          0.15979854,  0.01313087],
        ...,
        [ 0.33344713,  0.50431536,  0.30906575, ...,  0.        ,
          0.45706906,  0.32152709],
        [-0.13433216,  0.05386575, -0.15979854, ..., -0.45706906,
          0.        , -0.14682263],
        [ 0.0126155 ,  0.19989147, -0.01313087, ..., -0.32152709,
          0.14682263,  0.        ]],

       [[ 0.        , -0.03582836, -0.01387799, ..., -0.67208557,
         -0.51380958, -0.36004249],
        [ 0.03582836,  0.        ,  0.02195582, ..., -0.69818401,
         -0.544217  , -0.39323689],
        [ 0.01387799, -0.02195582,  0.        , ..., -0.68229713,
         -0.52566609, -0.3729551 ],
        ...,
        [ 0.67208557,  0.69818401,  0.68229713, ...,  0.        ,
         -0.19612269, -0.36041083],
        [ 0.51380958,  0.544217  ,  0.52566609, ...,  0.19612269,
          0.        , -0.17046942],
        [ 0.36004249,  0.39323689,  0.3729551 , ...,  0.36041083,
          0.17046942,  0.        ]],

       [[ 0.        , -0.02632467, -0.17392751, ..., -0.85282049,
         -0.88872893, -0.8998573 ],
        [ 0.02632467,  0.        , -0.14794379, ..., -0.86627179,
         -0.90048904, -0.91102786],
        [ 0.17392751,  0.14794379,  0.        , ..., -0.93064786,
         -0.95491745, -0.96200655],
        ...,
        [ 0.85282049,  0.86627179,  0.93064786, ...,  0.        ,
          0.07313684,  0.09792224],
        [ 0.88872893,  0.90048904,  0.95491745, ..., -0.07313684,
          0.        ,  0.02487465],
        [ 0.8998573 ,  0.91102786,  0.96200655, ..., -0.09792224,
         -0.02487465,  0.        ]]]), 'num': array([ 9.10674260e-01,  4.13123025e-01,  1.78975265e-05, -1.89164100e-08,
        3.04685386e-04,  3.08521353e-04,  3.03589395e-04,  9.81360941e-04,
       -1.64398590e-06,  3.07206164e-04,  3.15316495e-04,  3.49356136e-04,
        4.67800865e-07,  3.30975742e-04,  2.99657248e-04])}
{'img': array([[[ 0.        , -0.31292189, -0.48703336, ..., -0.99260137,
         -0.99579135, -0.99348693],
        [ 0.31292189,  0.        , -0.18927321, ..., -0.9807464 ,
         -0.97446063, -0.97924913],
        [ 0.48703336,  0.18927321,  0.        , ..., -0.92605653,
         -0.91434384, -0.92319054],
        ...,
        [ 0.99260137,  0.9807464 ,  0.92605653, ...,  0.        ,
          0.02993663,  0.00752487],
        [ 0.99579135,  0.97446063,  0.91434384, ..., -0.02993663,
          0.        , -0.02241428],
        [ 0.99348693,  0.97924913,  0.92319054, ..., -0.00752487,
          0.02241428,  0.        ]],

       [[ 0.        ,  0.25866415,  0.57624003, ...,  0.65549659,
          0.2946161 , -0.0610296 ],
        [-0.25866415,  0.        ,  0.34522787, ...,  0.43784561,
          0.037406  , -0.31713458],
        [-0.57624003, -0.34522787,  0.        , ...,  0.10054919,
         -0.30988003, -0.62504419],
        ...,
        [-0.65549659, -0.43784561, -0.10054919, ...,  0.        ,
         -0.40390931, -0.70036416],
        [-0.2946161 , -0.037406  ,  0.30988003, ...,  0.40390931,
          0.        , -0.35238776],
        [ 0.0610296 ,  0.31713458,  0.62504419, ...,  0.70036416,
          0.35238776,  0.        ]],

       [[ 0.        , -0.13547532, -0.20665036, ..., -0.96059874,
         -0.9509051 , -0.93387173],
        [ 0.13547532,  0.        , -0.07219412, ..., -0.98939658,
         -0.9840657 , -0.97370919],
        [ 0.20665036,  0.07219412,  0.        , ..., -0.99730026,
         -0.99433437, -0.98761383],
        ...,
        [ 0.96059874,  0.98939658,  0.99730026, ...,  0.        ,
         -0.03299506, -0.08395862],
        [ 0.9509051 ,  0.9840657 ,  0.99433437, ...,  0.03299506,
          0.        , -0.05103434],
        [ 0.93387173,  0.97370919,  0.98761383, ...,  0.08395862,
          0.05103434,  0.        ]],

       ...,

       [[ 0.        , -0.2127401 , -0.35619793, ..., -0.05386575,
         -0.19989147, -0.21906797],
        [ 0.2127401 ,  0.        , -0.14925755, ...,  0.15979854,
          0.01313087, -0.00648068],
        [ 0.35619793,  0.14925755,  0.        , ...,  0.30534808,
          0.16222847,  0.14284633],
        ...,
        [ 0.05386575, -0.15979854, -0.30534808, ...,  0.        ,
         -0.14682263, -0.16619259],
        [ 0.19989147, -0.01313087, -0.16222847, ...,  0.14682263,
          0.        , -0.01961072],
        [ 0.21906797,  0.00648068, -0.14284633, ...,  0.16619259,
          0.01961072,  0.        ]],

       [[ 0.        ,  0.02176328,  0.13245937, ..., -0.65320994,
         -0.61369085, -0.39005534],
        [-0.02176328,  0.        ,  0.11085649, ..., -0.63657658,
         -0.59636237, -0.36992352],
        [-0.13245937, -0.11085649,  0.        , ..., -0.54715897,
         -0.50370045, -0.26465089],
        ...,
        [ 0.65320994,  0.63657658,  0.54715897, ...,  0.        ,
         -0.05106707, -0.30612923],
        [ 0.61369085,  0.59636237,  0.50370045, ...,  0.05106707,
          0.        , -0.25711446],
        [ 0.39005534,  0.36992352,  0.26465089, ...,  0.30612923,
          0.25711446,  0.        ]],

       [[ 0.        , -0.1719686 , -0.35602535, ..., -0.88877734,
         -0.89990465, -0.91839521],
        [ 0.1719686 ,  0.        , -0.19002085, ..., -0.95435667,
         -0.96149148, -0.97275519],
        [ 0.35602535,  0.19002085,  0.        , ..., -0.99372174,
         -0.99619749, -0.99908508],
        ...,
        [ 0.88877734,  0.95435667,  0.99372174, ...,  0.        ,
          0.02487763,  0.06927908],
        [ 0.89990465,  0.96149148,  0.99619749, ..., -0.02487763,
          0.        ,  0.04443979],
        [ 0.91839521,  0.97275519,  0.99908508, ..., -0.06927908,
         -0.04443979,  0.        ]]]), 'num': array([ 8.92708081e-01,  4.50631145e-01,  1.52967798e-05, -2.13440059e-08,
        3.04670527e-04,  3.06251862e-04,  2.93601183e-04,  1.76195499e-03,
        1.15964561e-05,  2.96131319e-04,  3.03300037e-04,  3.34452335e-04,
        5.09734332e-07,  3.18362523e-04,  2.88237551e-04])}
{'img': array([[[ 0.        , -0.18927321, -0.18927321, ..., -0.97446063,
         -0.97924913, -0.93450769],
        [ 0.18927321,  0.        ,  0.        , ..., -0.91434384,
         -0.92319054, -0.85024549],
        [ 0.18927321,  0.        ,  0.        , ..., -0.91434384,
         -0.92319054, -0.85024549],
        ...,
        [ 0.97446063,  0.91434384,  0.91434384, ...,  0.        ,
         -0.02241428,  0.13700084],
        [ 0.97924913,  0.92319054,  0.92319054, ...,  0.02241428,
          0.        ,  0.15916935],
        [ 0.93450769,  0.85024549,  0.85024549, ..., -0.13700084,
         -0.15916935,  0.        ]],

       [[ 0.        ,  0.34522787, -0.01747777, ...,  0.037406  ,
         -0.31713458,  0.53637123],
        [-0.34522787,  0.        , -0.36157836, ..., -0.30988003,
         -0.62504419,  0.21202837],
        [ 0.01747777,  0.36157836,  0.        , ...,  0.05486582,
         -0.30051056,  0.55104023],
        ...,
        [-0.037406  ,  0.30988003, -0.05486582, ...,  0.        ,
         -0.35238776,  0.50442586],
        [ 0.31713458,  0.62504419,  0.30051056, ...,  0.35238776,
          0.        ,  0.77633997],
        [-0.53637123, -0.21202837, -0.55104023, ..., -0.50442586,
         -0.77633997,  0.        ]],

       [[ 0.        , -0.07219412, -0.11443473, ..., -0.9840657 ,
         -0.97370919, -0.97657837],
        [ 0.07219412,  0.        , -0.04241626, ..., -0.99433437,
         -0.98761383, -0.98956351],
        [ 0.11443473,  0.04241626,  0.        , ..., -0.99794824,
         -0.99338029, -0.994785  ],
        ...,
        [ 0.9840657 ,  0.99433437,  0.99794824, ...,  0.        ,
         -0.05103434, -0.03809282],
        [ 0.97370919,  0.98761383,  0.99338029, ...,  0.05103434,
          0.        ,  0.01295412],
        [ 0.97657837,  0.98956351,  0.994785  , ...,  0.03809282,
         -0.01295412,  0.        ]],

       ...,

       [[ 0.        , -0.14925755, -0.42936309, ...,  0.01313087,
         -0.00648068,  0.20601988],
        [ 0.14925755,  0.        , -0.28975425, ...,  0.16222847,
          0.14284633,  0.34976777],
        [ 0.42936309,  0.28975425,  0.        , ...,  0.44118498,
          0.42350116,  0.60621544],
        ...,
        [-0.01313087, -0.16222847, -0.44118498, ...,  0.        ,
         -0.01961072,  0.19315293],
        [ 0.00648068, -0.14284633, -0.42350116, ...,  0.01961072,
          0.        ,  0.21235721],
        [-0.20601988, -0.34976777, -0.60621544, ..., -0.19315293,
         -0.21235721,  0.        ]],

       [[ 0.        ,  0.11085649,  0.23507279, ..., -0.59636237,
         -0.36992352, -0.36992352],
        [-0.11085649,  0.        ,  0.12587386, ..., -0.50370045,
         -0.26465089, -0.26465089],
        [-0.23507279, -0.12587386,  0.        , ..., -0.39095443,
         -0.14116019, -0.14116019],
        ...,
        [ 0.59636237,  0.50370045,  0.39095443, ...,  0.        ,
         -0.25711446, -0.25711446],
        [ 0.36992352,  0.26465089,  0.14116019, ...,  0.25711446,
          0.        ,  0.        ],
        [ 0.36992352,  0.26465089,  0.14116019, ...,  0.25711446,
          0.        ,  0.        ]],

       [[ 0.        , -0.31529433, -0.41084693, ..., -0.90194319,
         -0.92033588, -0.92033588],
        [ 0.31529433,  0.        , -0.10243604, ..., -0.99209995,
         -0.99671391, -0.99671391],
        [ 0.41084693,  0.10243604,  0.        , ..., -0.9997317 ,
         -0.99976835, -0.99976835],
        ...,
        [ 0.90194319,  0.99209995,  0.9997317 , ...,  0.        ,
          0.04467529,  0.04467529],
        [ 0.92033588,  0.99671391,  0.99976835, ..., -0.04467529,
          0.        ,  0.        ],
        [ 0.92033588,  0.99671391,  0.99976835, ..., -0.04467529,
          0.        ,  0.        ]]]), 'num': array([ 9.98138260e-01,  6.09561846e-02,  3.28259913e-05, -1.77342784e-09,
        3.40422104e-04,  3.46980148e-04,  3.36844989e-04,  1.84414583e-03,
       -4.17330075e-06,  3.36129566e-04,  3.41674094e-04,  3.76630456e-04,
        5.35350533e-07,  3.54365433e-04,  3.28982756e-04])}
{'img': array([[[ 0.        ,  0.        ,  0.7443438 , ..., -0.92319054,
         -0.85024549, -0.87541402],
        [ 0.        ,  0.        ,  0.7443438 , ..., -0.92319054,
         -0.85024549, -0.87541402],
        [-0.7443438 , -0.7443438 ,  0.        , ..., -0.90258654,
         -0.95960348, -0.94439486],
        ...,
        [ 0.92319054,  0.92319054,  0.90258654, ...,  0.        ,
          0.15916935,  0.1097873 ],
        [ 0.85024549,  0.85024549,  0.95960348, ..., -0.15916935,
          0.        , -0.04981954],
        [ 0.87541402,  0.87541402,  0.94439486, ..., -0.1097873 ,
          0.04981954,  0.        ]],

       [[ 0.        , -0.36157836,  0.25647657, ..., -0.62504419,
          0.21202837,  0.07950383],
        [ 0.36157836,  0.        ,  0.58860753, ..., -0.30051056,
          0.55104023,  0.43455854],
        [-0.25647657, -0.58860753,  0.        , ..., -0.80433963,
         -0.04570907, -0.17882024],
        ...,
        [ 0.62504419,  0.30051056,  0.80433963, ...,  0.        ,
          0.77633997,  0.6851255 ],
        [-0.21202837, -0.55104023,  0.04570907, ..., -0.77633997,
          0.        , -0.13366101],
        [-0.07950383, -0.43455854,  0.17882024, ..., -0.6851255 ,
          0.13366101,  0.        ]],

       [[ 0.        , -0.04241626,  0.0348881 , ..., -0.98761383,
         -0.98956351, -0.99240847],
        [ 0.04241626,  0.        ,  0.07724714, ..., -0.99338029,
         -0.994785  , -0.99673191],
        [-0.0348881 , -0.07724714,  0.        , ..., -0.9815385 ,
         -0.98393381, -0.98751358],
        ...,
        [ 0.98761383,  0.99338029,  0.9815385 , ...,  0.        ,
          0.01295412,  0.03425088],
        [ 0.98956351,  0.994785  ,  0.98393381, ..., -0.01295412,
          0.        ,  0.02130148],
        [ 0.99240847,  0.99673191,  0.98751358, ..., -0.03425088,
         -0.02130148,  0.        ]],

       ...,

       [[ 0.        , -0.28975425,  0.33703673, ...,  0.14284633,
          0.34976777,  0.22411979],
        [ 0.28975425,  0.        ,  0.59537938, ...,  0.42350116,
          0.60621544,  0.49688865],
        [-0.33703673, -0.59537938,  0.        , ..., -0.19909178,
          0.01355509, -0.11745618],
        ...,
        [-0.14284633, -0.42350116,  0.19909178, ...,  0.        ,
          0.21235721,  0.08260887],
        [-0.34976777, -0.60621544, -0.01355509, ..., -0.21235721,
          0.        , -0.13090665],
        [-0.22411979, -0.49688865,  0.11745618, ..., -0.08260887,
          0.13090665,  0.        ]],

       [[ 0.        ,  0.12278058,  0.25829481, ..., -0.64756013,
         -0.64756013, -0.25829481],
        [-0.12278058,  0.        ,  0.13772635, ..., -0.54910003,
         -0.54910003, -0.13772635],
        [-0.25829481, -0.13772635,  0.        , ..., -0.42876157,
         -0.42876157, -0.        ],
        ...,
