state_0,state_1,state_2,state_3,state_4,state_5,state_6,state_7,state_8,state_9,state_10,state_11,state_12,state_13,state_14,state_15,state_16,state_17,state_18,state_19,state_20,state_21,state_22,state_23,state_24,state_25,state_26,state_27,state_28,state_29,state_30,state_31,state_32,state_33,state_34,state_35,state_36,state_37,state_38,state_39,state_40,state_41,state_42,state_43,state_44,state_45,state_46,state_47,state_48,state_49,state_50,state_51,state_52,state_53,state_54,state_55,state_56,state_57,state_58,state_59,state_60,state_61,state_62,state_63,state_64,state_65,state_66,state_67,state_68,state_69,state_70,state_71,state_72,state_73,state_74,state_75,state_76,state_77,state_78,state_79,state_80,state_81,state_82,state_83,state_84,state_85,state_86,state_87,state_88,state_89,state_90,state_91,state_92,state_93,state_94,state_95,state_96,state_97,state_98,state_99,state_100,state_101,state_102,state_103,state_104,state_105,state_106,state_107,state_108,state_109,state_110,state_111,state_112,state_113,state_114,state_115,state_116,state_117,state_118,state_119,state_120,state_121,state_122,state_123,state_124,state_125,state_126,state_127,state_128,state_129,state_130,state_131,state_132,state_133,state_134,state_135,state_136,state_137,state_138,state_139,state_140,state_141,state_142,state_143,state_144,state_145,state_146,state_147,state_148,state_149,state_150,state_151,state_152,state_153,state_154,state_155,state_156,state_157,state_158,state_159,state_160,state_161,state_162,state_163,state_164,state_165,state_166,state_167,state_168,state_169,state_170,state_171,state_172,state_173,state_174,state_175,state_176,state_177,state_178,state_179,state_180,state_181,state_182,state_183,state_184,state_185,state_186,state_187,state_188,state_189,state_190,state_191,state_192,state_193,state_194,state_195,state_196,state_197,state_198,state_199,state_200,state_201,state_202,state_203,state_204,state_205,state_206,state_207,state_208,state_209,state_210,state_211,state_212,state_213,state_214,state_215,state_216,state_217,state_218,state_219,state_220,state_221,state_222,state_223,state_224,state_225,state_226,state_227,state_228,state_229,state_230,state_231,state_232,state_233,state_234,state_235,state_236,state_237,state_238,state_239,state_240,state_241,state_242,state_243,state_244,state_245,state_246,state_247,state_248,state_249,state_250,state_251,state_252,state_253,state_254,state_255,state_256,state_257,state_258,state_259,state_260,state_261,state_262,state_263,state_264,state_265,state_266,state_267,state_268,state_269,state_270,state_271,state_272,state_273,state_274,state_275,state_276,state_277,state_278,state_279,state_280,state_281,state_282,state_283,state_284,state_285,state_286,state_287
{'img': array([[[ 0.        , -0.48675924, -0.4614517 , ...,  0.72993599,
          0.70162953,  0.87838586],
        [ 0.48675924,  0.        ,  0.02874118, ...,  0.97033298,
          0.95973514,  0.99994946],
        [ 0.4614517 , -0.02874118,  0.        , ...,  0.9629833 ,
          0.95126508,  0.99982533],
        ...,
        [-0.72993599, -0.97033298, -0.9629833 , ...,  0.        ,
         -0.04053533,  0.25151588],
        [-0.70162953, -0.95973514, -0.95126508, ...,  0.04053533,
          0.        ,  0.2905414 ],
        [-0.87838586, -0.99994946, -0.99982533, ..., -0.25151588,
         -0.2905414 ,  0.        ]],

       [[ 0.        ,  0.32844917, -0.18223751, ..., -0.24973229,
         -0.19363285, -0.16419467],
        [-0.32844917,  0.        , -0.49507641, ..., -0.55391979,
         -0.50512339, -0.47907686],
        [ 0.18223751,  0.49507641,  0.        , ..., -0.06908711,
         -0.01160189,  0.01831902],
        ...,
        [ 0.24973229,  0.55391979,  0.06908711, ...,  0.        ,
          0.05750829,  0.08735076],
        [ 0.19363285,  0.50512339,  0.01160189, ..., -0.05750829,
          0.        ,  0.02991773],
        [ 0.16419467,  0.47907686, -0.01831902, ..., -0.08735076,
         -0.02991773,  0.        ]],

       [[ 0.        ,  0.01537116, -0.07671524, ...,  0.99261051,
          0.99793622,  0.97969421],
        [-0.01537116,  0.        , -0.09203204, ...,  0.99435844,
          0.99683129,  0.97649659],
        [ 0.07671524,  0.09203204,  0.        , ...,  0.9803764 ,
          0.99992146,  0.99218831],
        ...,
        [-0.99261051, -0.99435844, -0.9803764 , ...,  0.        ,
         -0.18483204, -0.31789596],
        [-0.99793622, -0.99683129, -0.99992146, ...,  0.18483204,
          0.        , -0.13717467],
        [-0.97969421, -0.97649659, -0.99218831, ...,  0.31789596,
          0.13717467,  0.        ]],

       ...,

       [[ 0.        , -0.66984907, -0.7048722 , ..., -0.66305614,
         -0.66305614, -0.98818871],
        [ 0.66984907,  0.        , -0.04821877, ..., -0.99374609,
         -0.99374609, -0.83637638],
        [ 0.7048722 ,  0.04821877,  0.        , ..., -0.99797443,
         -0.99797443, -0.80897212],
        ...,
        [ 0.66305614,  0.99374609,  0.99797443, ...,  0.        ,
          0.        ,  0.63812011],
        [ 0.66305614,  0.99374609,  0.99797443, ...,  0.        ,
          0.        ,  0.63812011],
        [ 0.98818871,  0.83637638,  0.80897212, ..., -0.63812011,
         -0.63812011,  0.        ]],

       [[ 0.        ,  0.27227237,  0.42666735, ...,  0.49785729,
          0.46401188,  0.57419947],
        [-0.27227237,  0.        ,  0.16430247, ...,  0.715179  ,
          0.68766836,  0.77541993],
        [-0.42666735, -0.16430247,  0.        , ...,  0.82029751,
          0.79761065,  0.8686301 ],
        ...,
        [-0.49785729, -0.715179  , -0.82029751, ...,  0.        ,
          0.03859795, -0.09037619],
        [-0.46401188, -0.68766836, -0.79761065, ..., -0.03859795,
          0.        , -0.12874884],
        [-0.57419947, -0.77541993, -0.8686301 , ...,  0.09037619,
          0.12874884,  0.        ]],

       [[ 0.        , -0.11350734, -0.01641398, ...,  0.46585194,
          0.5381929 ,  0.24326297],
        [ 0.11350734,  0.        ,  0.09718414, ...,  0.3624028 ,
          0.4390482 ,  0.13159319],
        [ 0.01641398, -0.09718414,  0.        , ...,  0.45126506,
          0.52428634,  0.22730929],
        ...,
        [-0.46585194, -0.3624028 , -0.45126506, ...,  0.        ,
         -0.0835967 ,  0.23660359],
        [-0.5381929 , -0.4390482 , -0.52428634, ...,  0.0835967 ,
          0.        ,  0.31699848],
        [-0.24326297, -0.13159319, -0.22730929, ..., -0.23660359,
         -0.31699848,  0.        ]]]), 'num': array([7.07104492e-01, 7.07104492e-01, 0.00000000e+00, 0.00000000e+00,
       5.95542763e-04, 6.06206751e-04, 5.81597546e-04, 1.92723708e-03,
       1.31249094e-05, 5.77167889e-04, 5.94558394e-04, 5.51574316e-04,
       4.38382600e-07, 6.24305575e-04, 5.64811214e-04])}
{'img': array([[[ 0.        ,  0.02874118, -0.44798767, ...,  0.95973514,
          0.99994946,  0.96425474],
        [-0.02874118,  0.        , -0.47349836, ...,  0.95126508,
          0.99982533,  0.97147215],
        [ 0.44798767,  0.47349836,  0.        , ...,  0.983884  ,
          0.88949051,  0.74337564],
        ...,
        [-0.95973514, -0.95126508, -0.983884  , ...,  0.        ,
          0.2905414 ,  0.52517312],
        [-0.99994946, -0.99982533, -0.88949051, ..., -0.2905414 ,
          0.        ,  0.25526902],
        [-0.96425474, -0.97147215, -0.74337564, ..., -0.52517312,
         -0.25526902,  0.        ]],

       [[ 0.        , -0.49507641, -0.54964862, ..., -0.50512339,
         -0.47907686, -0.41008961],
        [ 0.49507641,  0.        , -0.06397707, ..., -0.01160189,
          0.01831902,  0.09522595],
        [ 0.54964862,  0.06397707,  0.        , ...,  0.05239463,
          0.08224782,  0.1587172 ],
        ...,
        [ 0.50512339,  0.01160189, -0.05239463, ...,  0.        ,
          0.02991773,  0.10676871],
        [ 0.47907686, -0.01831902, -0.08224782, ..., -0.02991773,
          0.        ,  0.0769742 ],
        [ 0.41008961, -0.09522595, -0.1587172 , ..., -0.10676871,
         -0.0769742 ,  0.        ]],

       [[ 0.        , -0.09203204, -0.22941428, ...,  0.99683129,
          0.97649659,  0.98052479],
        [ 0.09203204,  0.        , -0.13886322, ...,  0.99992146,
          0.99218831,  0.99443815],
        [ 0.22941428,  0.13886322,  0.        , ...,  0.98849339,
          0.99989864,  0.99942899],
        ...,
        [-0.99683129, -0.99992146, -0.98849339, ...,  0.        ,
         -0.13717467, -0.11777741],
        [-0.97649659, -0.99218831, -0.99989864, ...,  0.13717467,
          0.        ,  0.01955589],
        [-0.98052479, -0.99443815, -0.99942899, ...,  0.11777741,
         -0.01955589,  0.        ]],

       ...,

       [[ 0.        , -0.04821877, -0.28811231, ..., -0.99374609,
         -0.83637638, -0.66347952],
        [ 0.04821877,  0.        , -0.24160305, ..., -0.99797443,
         -0.80897212, -0.62663074],
        [ 0.28811231,  0.24160305,  0.        , ..., -0.9837795 ,
         -0.64298083, -0.41978172],
        ...,
        [ 0.99374609,  0.99797443,  0.9837795 , ...,  0.        ,
          0.63812011,  0.81760169],
        [ 0.83637638,  0.80897212,  0.64298083, ..., -0.63812011,
          0.        ,  0.26208215],
        [ 0.66347952,  0.62663074,  0.41978172, ..., -0.81760169,
         -0.26208215,  0.        ]],

       [[ 0.        ,  0.33819702,  0.42784574, ...,  0.46818442,
          0.57914428,  0.5769894 ],
        [-0.33819702,  0.        ,  0.0969551 , ...,  0.7394381 ,
          0.82072508,  0.81921346],
        [-0.42784574, -0.0969551 ,  0.        , ...,  0.80122698,
          0.87225115,  0.8709566 ],
        ...,
        [-0.46818442, -0.7394381 , -0.80122698, ...,  0.        ,
         -0.13007404, -0.1274552 ],
        [-0.57914428, -0.82072508, -0.87225115, ...,  0.13007404,
          0.        ,  0.00264082],
        [-0.5769894 , -0.81921346, -0.8709566 , ...,  0.1274552 ,
         -0.00264082,  0.        ]],

       [[ 0.        ,  0.09718414,  0.21920837, ...,  0.4390482 ,
          0.13159319,  0.12333292],
        [-0.09718414,  0.        ,  0.12335029, ...,  0.52428634,
          0.22730929,  0.21919129],
        [-0.21920837, -0.12335029,  0.        , ...,  0.62532042,
          0.34569467,  0.33786802],
        ...,
        [-0.4390482 , -0.52428634, -0.62532042, ...,  0.        ,
          0.31699848,  0.32488609],
        [-0.13159319, -0.22730929, -0.34569467, ..., -0.31699848,
          0.        ,  0.00832812],
        [-0.12333292, -0.21919129, -0.33786802, ..., -0.32488609,
         -0.00832812,  0.        ]]]), 'num': array([7.07105455e-01, 7.07105455e-01, 0.00000000e+00, 0.00000000e+00,
       5.98004497e-04, 5.99645113e-04, 5.85699878e-04, 9.92072234e-04,
       2.46092386e-06, 5.81762400e-04, 5.94559204e-04, 5.53229355e-04,
       4.01039443e-07, 6.24306425e-04, 5.64811983e-04])}
{'img': array([[[ 0.        , -0.47349836, -0.05920891, ...,  0.99982533,
          0.97147215,  0.95701503],
        [ 0.47349836,  0.        ,  0.42051676, ...,  0.88949051,
          0.74337564,  0.70560109],
        [ 0.05920891, -0.42051676,  0.        , ...,  0.99917786,
          0.9557262 ,  0.9381632 ],
        ...,
        [-0.99982533, -0.88949051, -0.99917786, ...,  0.        ,
          0.25526902,  0.30787423],
        [-0.97147215, -0.74337564, -0.9557262 , ..., -0.25526902,
          0.        ,  0.05480452],
        [-0.95701503, -0.70560109, -0.9381632 , ..., -0.30787423,
         -0.05480452,  0.        ]],

       [[ 0.        , -0.06397707, -0.08773072, ...,  0.01831902,
          0.09522595, -0.12162267],
        [ 0.06397707,  0.        , -0.0238206 , ...,  0.08224782,
          0.1587172 , -0.05787138],
        [ 0.08773072,  0.0238206 ,  0.        , ...,  0.10596438,
          0.18219082, -0.03407428],
        ...,
        [-0.01831902, -0.08224782, -0.10596438, ...,  0.        ,
          0.0769742 , -0.13978528],
        [-0.09522595, -0.1587172 , -0.18219082, ..., -0.0769742 ,
          0.        , -0.215589  ],
        [ 0.12162267,  0.05787138,  0.03407428, ...,  0.13978528,
          0.215589  ,  0.        ]],

       [[ 0.        , -0.13886322, -0.2331962 , ...,  0.99218831,
          0.99443815,  0.99993162],
        [ 0.13886322,  0.        , -0.09590218, ...,  0.99989864,
          0.99942899,  0.99186776],
        [ 0.2331962 ,  0.09590218,  0.        , ...,  0.99392442,
          0.99158193,  0.97509027],
        ...,
        [-0.99218831, -0.99989864, -0.99392442, ...,  0.        ,
          0.01955589,  0.11313771],
        [-0.99443815, -0.99942899, -0.99158193, ..., -0.01955589,
          0.        ,  0.09368575],
        [-0.99993162, -0.99186776, -0.97509027, ..., -0.11313771,
         -0.09368575,  0.        ]],

       ...,

       [[ 0.        , -0.24160305, -0.00982209, ..., -0.80897212,
         -0.62663074, -0.79080418],
        [ 0.24160305,  0.        ,  0.23206028, ..., -0.64298083,
         -0.41978172, -0.61949895],
        [ 0.00982209, -0.23206028,  0.        , ..., -0.80315921,
         -0.618946  , -0.78475424],
        ...,
        [ 0.80897212,  0.64298083,  0.80315921, ...,  0.        ,
          0.26208215,  0.03027506],
        [ 0.62663074,  0.41978172,  0.618946  , ..., -0.26208215,
          0.        , -0.2327452 ],
        [ 0.79080418,  0.61949895,  0.78475424, ..., -0.03027506,
          0.2327452 ,  0.        ]],

       [[ 0.        ,  0.27429199,  0.40408334, ...,  0.58696004,
          0.58478432,  0.58478432],
        [-0.27429199,  0.        ,  0.13768434, ...,  0.7865192 ,
          0.78485837,  0.78485837],
        [-0.40408334, -0.13768434,  0.        , ...,  0.86405766,
          0.86270307,  0.86270307],
        ...,
        [-0.58696004, -0.7865192 , -0.86405766, ...,  0.        ,
          0.00268473,  0.00268473],
        [-0.58478432, -0.78485837, -0.86270307, ..., -0.00268473,
          0.        ,  0.        ],
        [-0.58478432, -0.78485837, -0.86270307, ..., -0.00268473,
          0.        ,  0.        ]],

       [[ 0.        ,  0.19719056,  0.28642278, ...,  0.13174851,
          0.12347857,  0.12347857],
        [-0.19719056,  0.        ,  0.09186998, ...,  0.32463333,
          0.3167356 ,  0.3167356 ],
        [-0.28642278, -0.09186998,  0.        , ...,  0.41015476,
          0.40253608,  0.40253608],
        ...,
        [-0.13174851, -0.32463333, -0.41015476, ...,  0.        ,
          0.00833804,  0.00833804],
        [-0.12347857, -0.3167356 , -0.40253608, ..., -0.00833804,
          0.        ,  0.        ],
        [-0.12347857, -0.3167356 , -0.40253608, ..., -0.00833804,
          0.        ,  0.        ]]]), 'num': array([7.07104504e-01, 7.07104504e-01, 0.00000000e+00, 0.00000000e+00,
       6.02925534e-04, 6.18511364e-04, 5.96363079e-04, 1.90270174e-03,
       4.92184110e-06, 5.88816256e-04, 5.94968558e-04, 5.54951255e-04,
       4.59688862e-07, 6.24938848e-04, 5.64998268e-04])}
{'img': array([[[ 0.        ,  0.42051676,  0.64805986, ...,  0.74337564,
          0.70560109,  0.61557351],
        [-0.42051676,  0.        ,  0.26771373, ...,  0.9557262 ,
          0.9381632 ,  0.8899011 ],
        [-0.64805986, -0.26771373,  0.        , ...,  0.99961751,
          0.99659954,  0.97953693],
        ...,
        [-0.74337564, -0.9557262 , -0.99961751, ...,  0.        ,
          0.05480452,  0.17409786],
        [-0.70560109, -0.9381632 , -0.99659954, ..., -0.05480452,
          0.        ,  0.11986864],
        [-0.61557351, -0.8899011 , -0.97953693, ..., -0.17409786,
         -0.11986864,  0.        ]],

       [[ 0.        , -0.0238206 , -0.03109312, ...,  0.1587172 ,
         -0.05787138,  0.15419985],
        [ 0.0238206 ,  0.        , -0.00727521, ...,  0.18219082,
         -0.03407428,  0.1776918 ],
        [ 0.03109312,  0.00727521,  0.        , ...,  0.18933944,
         -0.02680239,  0.18484653],
        ...,
        [-0.1587172 , -0.18219082, -0.18933944, ...,  0.        ,
         -0.215589  , -0.00457366],
        [ 0.05787138,  0.03407428,  0.02680239, ...,  0.215589  ,
          0.        ,  0.21112064],
        [-0.15419985, -0.1776918 , -0.18484653, ...,  0.00457366,
         -0.21112064,  0.        ]],

       [[ 0.        , -0.09590218, -0.38571245, ...,  0.99942899,
          0.99186776,  0.96023041],
        [ 0.09590218,  0.        , -0.29545343, ...,  0.99158193,
          0.97509027,  0.92902775],
        [ 0.38571245,  0.29545343,  0.        , ...,  0.90905934,
          0.8660254 ,  0.77823255],
        ...,
        [-0.99942899, -0.99158193, -0.90905934, ...,  0.        ,
          0.09368575,  0.24660406],
        [-0.99186776, -0.97509027, -0.8660254 , ..., -0.09368575,
          0.        ,  0.15472706],
        [-0.96023041, -0.92902775, -0.77823255, ..., -0.24660406,
         -0.15472706,  0.        ]],

       ...,

       [[ 0.        ,  0.23206028,  0.58929472, ..., -0.41978172,
         -0.61949895, -0.30071023],
        [-0.23206028,  0.        ,  0.38572209, ..., -0.618946  ,
         -0.78475424, -0.51382076],
        [-0.58929472, -0.38572209,  0.        , ..., -0.87400794,
         -0.96309932, -0.80496879],
        ...,
        [ 0.41978172,  0.618946  ,  0.87400794, ...,  0.        ,
         -0.2327452 ,  0.1274202 ],
        [ 0.61949895,  0.78475424,  0.96309932, ...,  0.2327452 ,
          0.        ,  0.35476901],
        [ 0.30071023,  0.51382076,  0.80496879, ..., -0.1274202 ,
         -0.35476901,  0.        ]],

       [[ 0.        ,  0.30560535,  0.46529122, ...,  0.58987136,
          0.58987136,  0.57301483],
        [-0.30560535,  0.        ,  0.17252197, ...,  0.80842636,
          0.80842636,  0.79605814],
        [-0.46529122, -0.17252197,  0.        , ...,  0.89785052,
          0.89785052,  0.88853556],
        ...,
        [-0.58987136, -0.80842636, -0.89785052, ...,  0.        ,
          0.        ,  0.02071823],
        [-0.58987136, -0.80842636, -0.89785052, ...,  0.        ,
          0.        ,  0.02071823],
        [-0.57301483, -0.79605814, -0.88853556, ..., -0.02071823,
         -0.02071823,  0.        ]],

       [[ 0.        ,  0.21085462,  0.26922992, ...,  0.12408683,
          0.12408683,  0.10193397],
        [-0.21085462,  0.        ,  0.06010794, ...,  0.33052204,
          0.33052204,  0.30939854],
        [-0.26922992, -0.06010794,  0.        , ...,  0.38665418,
          0.38665418,  0.3659977 ],
        ...,
        [-0.12408683, -0.33052204, -0.38665418, ...,  0.        ,
          0.        ,  0.02229433],
        [-0.12408683, -0.33052204, -0.38665418, ...,  0.        ,
          0.        ,  0.02229433],
        [-0.10193397, -0.30939854, -0.3659977 , ..., -0.02229433,
         -0.02229433,  0.        ]]]), 'num': array([ 9.99802503e-01,  4.63484352e-04,  1.18686344e-05, -1.43702177e-10,
        8.52678343e-04,  8.55716390e-04,  7.67613045e-04,  1.97479899e-02,
        1.08356987e-04,  7.57891297e-04,  7.39359214e-04,  6.89180815e-04,
        6.99232891e-07,  8.02445003e-04,  6.76273426e-04])}
{'img': array([[[ 0.        ,  0.42245698,  0.69485596, ...,  0.99926637,
          0.99599924,  0.        ],
        [-0.42245698,  0.        ,  0.32599613, ...,  0.92189723,
          0.94050823,  0.42245698],
        [-0.69485596, -0.32599613,  0.        , ...,  0.74523285,
          0.77836531,  0.69485596],
        ...,
        [-0.99926637, -0.92189723, -0.74523285, ...,  0.        ,
          0.05115149,  0.99926637],
        [-0.99599924, -0.94050823, -0.77836531, ..., -0.05115149,
          0.        ,  0.99599924],
        [-0.        , -0.42245698, -0.69485596, ..., -0.99926637,
         -0.99599924,  0.        ]],

       [[ 0.        , -0.00727521,  0.34429903, ..., -0.03407428,
          0.1776918 ,  0.99607375],
        [ 0.00727521,  0.        ,  0.35112032, ..., -0.02680239,
          0.18484653,  0.99540333],
        [-0.34429903, -0.35112032,  0.        , ..., -0.37609007,
         -0.17199219,  0.96565372],
        ...,
        [ 0.03407428,  0.02680239,  0.37609007, ...,  0.        ,
          0.21112064,  0.99247883],
        [-0.1776918 , -0.18484653,  0.17199219, ..., -0.21112064,
          0.        ,  0.995953  ],
        [-0.99607375, -0.99540333, -0.96565372, ..., -0.99247883,
         -0.995953  ,  0.        ]],

       [[ 0.        , -0.28961621,  0.13668982, ...,  0.98694329,
          0.954143  ,  0.28961621],
        [ 0.28961621,  0.        ,  0.41772953, ...,  0.89799777,
          0.82655419,  0.        ],
        [-0.13668982, -0.41772953,  0.        , ...,  0.99969611,
          0.98610557,  0.41772953],
        ...,
        [-0.98694329, -0.89799777, -0.99969611, ...,  0.        ,
          0.14176062,  0.89799777],
        [-0.954143  , -0.82655419, -0.98610557, ..., -0.14176062,
          0.        ,  0.82655419],
        [-0.28961621, -0.        , -0.41772953, ..., -0.89799777,
         -0.82655419,  0.        ]],

       ...,

       [[ 0.        ,  0.38572209,  0.9023486 , ..., -0.78475424,
         -0.51382076,  0.12174022],
        [-0.38572209,  0.        ,  0.66627147, ..., -0.96309932,
         -0.80496879, -0.27053374],
        [-0.9023486 , -0.66627147,  0.        , ..., -0.89751657,
         -0.99558299, -0.84316605],
        ...,
        [ 0.78475424,  0.96309932,  0.89751657, ...,  0.        ,
          0.35476901,  0.85437268],
        [ 0.51382076,  0.80496879,  0.99558299, ..., -0.35476901,
          0.        ,  0.6144396 ],
        [-0.12174022,  0.27053374,  0.84316605, ..., -0.85437268,
         -0.6144396 ,  0.        ]],

       [[ 0.        ,  0.34004887,  0.5319131 , ...,  0.82503112,
          0.81758852,  0.        ],
        [-0.34004887,  0.        ,  0.21226218, ...,  0.96802297,
          0.96466773,  0.34004887],
        [-0.5319131 , -0.21226218,  0.        , ...,  0.99921282,
          0.99861022,  0.5319131 ],
        ...,
        [-0.82503112, -0.96802297, -0.99921282, ...,  0.        ,
          0.01304644,  0.82503112],
        [-0.81758852, -0.96466773, -0.99861022, ..., -0.01304644,
          0.        ,  0.81758852],
        [-0.        , -0.34004887, -0.5319131 , ..., -0.82503112,
         -0.81758852,  0.        ]],

       [[ 0.        ,  0.17028814,  0.30499314, ...,  0.12478746,
          0.10251025,  0.64937473],
        [-0.17028814,  0.        ,  0.13836383, ...,  0.29192193,
          0.27040407,  0.76938894],
        [-0.30499314, -0.13836383,  0.        , ...,  0.42145107,
          0.40101253,  0.85037268],
        ...,
        [-0.12478746, -0.29192193, -0.42145107, ...,  0.        ,
          0.02242109, -0.54940195],
        [-0.10251025, -0.27040407, -0.40101253, ..., -0.02242109,
          0.        , -0.56799796],
        [-0.64937473, -0.76938894, -0.85037268, ...,  0.54940195,
          0.56799796,  0.        ]]]), 'num': array([ 8.63552871e-01,  5.04208639e-01,  4.60107852e-06,  1.30416611e-07,
        7.05980811e-04,  7.62025382e-04,  7.05076866e-04,  6.80662224e-03,
       -5.51406267e-05,  6.89348228e-04,  6.61687521e-04,  6.17801005e-04,
        4.98636162e-07,  7.21314991e-04,  6.02060050e-04])}
{'img': array([[[ 0.        ,  0.59520833,  0.6070772 , ...,  0.99900301,
          0.        ,  0.89030886],
        [-0.59520833,  0.        ,  0.01485184, ...,  0.82934208,
          0.59520833,  0.98645913],
        [-0.6070772 , -0.01485184,  0.        , ...,  0.82095227,
          0.6070772 ,  0.98391452],
        ...,
        [-0.99900301, -0.82934208, -0.82095227, ...,  0.        ,
          0.99900301,  0.41515723],
        [-0.        , -0.59520833, -0.6070772 , ..., -0.99900301,
          0.        , -0.89030886],
        [-0.89030886, -0.98645913, -0.98391452, ..., -0.41515723,
          0.89030886,  0.        ]],

       [[ 0.        ,  0.35112032,  0.1545792 , ...,  0.18484653,
          0.99540333,  0.67589134],
        [-0.35112032,  0.        , -0.2021628 , ..., -0.17199219,
          0.96565372,  0.37408144],
        [-0.1545792 ,  0.2021628 ,  0.        , ...,  0.03070935,
          0.99824329,  0.55384232],
        ...,
        [-0.18484653,  0.17199219, -0.03070935, ...,  0.        ,
          0.995953  ,  0.52801184],
        [-0.99540333, -0.96565372, -0.99824329, ..., -0.995953  ,
          0.        , -0.79834476],
        [-0.67589134, -0.37408144, -0.55384232, ..., -0.52801184,
          0.79834476,  0.        ]],

       [[ 0.        ,  0.39890807,  0.55179189, ...,  0.90801556,
          0.57830083,  0.        ],
        [-0.39890807,  0.        ,  0.17330606, ...,  0.99975915,
          0.85573523,  0.39890807],
        [-0.55179189, -0.17330606,  0.        , ...,  0.98843422,
          0.93245723,  0.55179189],
        ...,
        [-0.90801556, -0.99975915, -0.98843422, ...,  0.        ,
          0.49850923,  0.90801556],
        [-0.57830083, -0.85573523, -0.93245723, ..., -0.49850923,
          0.        ,  0.57830083],
        [-0.        , -0.39890807, -0.55179189, ..., -0.90801556,
         -0.57830083,  0.        ]],

       ...,

       [[ 0.        ,  0.66627147,  0.26325173, ..., -0.80496879,
         -0.27053374, -0.82963721],
        [-0.66627147,  0.        , -0.44646094, ..., -0.99558299,
         -0.84316605, -0.99064944],
        [-0.26325173,  0.44646094,  0.        , ..., -0.93276704,
         -0.51442645, -0.94734776],
        ...,
        [ 0.80496879,  0.99558299,  0.93276704, ...,  0.        ,
          0.6144396 , -0.0428216 ],
        [ 0.27053374,  0.84316605,  0.51442645, ..., -0.6144396 ,
          0.        , -0.64766069],
        [ 0.82963721,  0.99064944,  0.94734776, ...,  0.0428216 ,
          0.64766069,  0.        ]],

       [[ 0.        ,  0.22729912,  0.35322137, ...,  0.96993053,
          0.63122946,  0.28926015],
        [-0.22729912,  0.        ,  0.13132843, ...,  0.99986309,
          0.79099934,  0.49927096],
        [-0.35322137, -0.13132843,  0.        , ...,  0.99337629,
          0.86449739,  0.60873571],
        ...,
        [-0.96993053, -0.99986309, -0.99337629, ...,  0.        ,
          0.59864452,  0.85806581],
        [-0.63122946, -0.79099934, -0.86449739, ..., -0.59864452,
          0.        ,  0.37989568],
        [-0.28926015, -0.49927096, -0.60873571, ..., -0.85806581,
         -0.37989568,  0.        ]],

       [[ 0.        ,  0.25584742,  0.40293153, ...,  0.10288563,
          0.65143267,  0.6739222 ],
        [-0.25584742,  0.        ,  0.15536156, ...,  0.35395099,
          0.82386424,  0.84051284],
        [-0.40293153, -0.15536156,  0.        , ...,  0.49495727,
          0.90191755,  0.91448065],
        ...,
        [-0.10288563, -0.35395099, -0.49495727, ...,  0.        ,
         -0.56991565, -0.59433369],
        [-0.65143267, -0.82386424, -0.90191755, ...,  0.56991565,
          0.        , -0.03002916],
        [-0.6739222 , -0.84051284, -0.91448065, ...,  0.59433369,
          0.03002916,  0.        ]]]), 'num': array([ 7.11395188e-01,  7.02787054e-01,  1.11793944e-07,  8.01341411e-08,
        5.73875579e-04,  5.93998489e-04,  5.73875579e-04,  2.17628525e-03,
       -8.19822256e-06,  5.74918989e-04,  5.47492208e-04,  5.11258549e-04,
        4.19788504e-07,  5.97896058e-04,  4.97088359e-04])}
{'img': array([[[ 0.        ,  0.01850187,  0.08727708, ...,  0.49239762,
          0.99791425,  0.9847256 ],
        [-0.01850187,  0.        ,  0.06883088, ...,  0.50841681,
          0.99654907,  0.98133561],
        [-0.08727708, -0.06883088,  0.        , ...,  0.56648206,
          0.98847225,  0.96577184],
        ...,
        [-0.49239762, -0.50841681, -0.56648206, ...,  0.        ,
         -0.90034097, -0.94280904],
        [-0.99791425, -0.99654907, -0.98847225, ...,  0.90034097,
          0.        , -0.11018287],
        [-0.9847256 , -0.98133561, -0.96577184, ...,  0.94280904,
          0.11018287,  0.        ]],

       [[ 0.        , -0.2021628 , -0.09978524, ...,  0.96565372,
          0.37408144, -0.08704737],
        [ 0.2021628 ,  0.        ,  0.10342893, ...,  0.99824329,
          0.55384232,  0.11614541],
        [ 0.09978524, -0.10342893,  0.        , ...,  0.98676158,
          0.46475482,  0.01279355],
        ...,
        [-0.96565372, -0.99824329, -0.98676158, ...,  0.        ,
         -0.79834476, -0.984606  ],
        [-0.37408144, -0.55384232, -0.46475482, ...,  0.79834476,
          0.        , -0.45338887],
        [ 0.08704737, -0.11614541, -0.01279355, ...,  0.984606  ,
          0.45338887,  0.        ]],

       [[ 0.        ,  0.39597083,  0.59554687, ...,  0.70795456,
          0.46059242,  0.        ],
        [-0.39597083,  0.        ,  0.2287772 , ...,  0.9297461 ,
          0.77441338,  0.39597083],
        [-0.59554687, -0.2287772 ,  0.        , ...,  0.98932419,
          0.89861777,  0.59554687],
        ...,
        [-0.70795456, -0.9297461 , -0.98932419, ...,  0.        ,
          0.30309171,  0.70795456],
        [-0.46059242, -0.77441338, -0.89861777, ..., -0.30309171,
          0.        ,  0.46059242],
        [-0.        , -0.39597083, -0.59554687, ..., -0.70795456,
         -0.46059242,  0.        ]],

       ...,

       [[ 0.        , -0.44646094, -0.59388029, ..., -0.84316605,
         -0.99064944, -0.9967973 ],
        [ 0.44646094,  0.        , -0.17220427, ..., -0.51442645,
         -0.94734776, -0.92764065],
        [ 0.59388029,  0.17220427,  0.        , ..., -0.35907046,
         -0.87805465, -0.84946905],
        ...,
        [ 0.84316605,  0.51442645,  0.35907046, ...,  0.        ,
         -0.64766069, -0.60335896],
        [ 0.99064944,  0.94734776,  0.87805465, ...,  0.64766069,
          0.        ,  0.05677316],
        [ 0.9967973 ,  0.92764065,  0.84946905, ...,  0.60335896,
         -0.05677316,  0.        ]],

       [[ 0.        ,  0.12932696,  0.23588794, ...,  0.85638147,
          0.75193385,  0.49274365],
        [-0.12932696,  0.        ,  0.10822957, ...,  0.91596674,
          0.83087643,  0.60114262],
        [-0.23588794, -0.10822957,  0.        , ...,  0.95401385,
          0.8862209 ,  0.68410223],
        ...,
        [-0.85638147, -0.91596674, -0.95401385, ...,  0.        ,
          0.17630342,  0.49077628],
        [-0.75193385, -0.83087643, -0.8862209 , ..., -0.17630342,
          0.        ,  0.32947806],
        [-0.49274365, -0.60114262, -0.68410223, ..., -0.49077628,
         -0.32947806,  0.        ]],

       [[ 0.        ,  0.31933577,  0.44313281, ...,  0.65615858,
          0.67873632,  0.66697931],
        [-0.31933577,  0.        ,  0.13366064, ...,  0.86278132,
          0.87771325,  0.86998686],
        [-0.44313281, -0.13366064,  0.        , ...,  0.9226155 ,
          0.93388601,  0.92808531],
        ...,
        [-0.65615858, -0.86278132, -0.9226155 , ...,  0.        ,
         -0.03031897, -0.01442979],
        [-0.67873632, -0.87771325, -0.93388601, ...,  0.03031897,
          0.        ,  0.01589266],
        [-0.66697931, -0.86998686, -0.92808531, ...,  0.01442979,
         -0.01589266,  0.        ]]]), 'num': array([7.59146531e-01, 6.50901208e-01, 1.38954202e-06, 8.52056206e-08,
       6.18544705e-04, 6.47129570e-04, 6.08222393e-04, 4.61201701e-03,
       7.14621611e-06, 6.20450363e-04, 5.86069123e-04, 5.46526727e-04,
       4.33104007e-07, 6.41011683e-04, 5.31126563e-04])}
{'img': array([[[ 0.        ,  0.06883088,  0.03536444, ...,  0.99654907,
          0.98133561,  0.99464144],
        [-0.06883088,  0.        , -0.03350725, ...,  0.98847225,
          0.96577184,  0.98516643],
        [-0.03536444,  0.03350725,  0.        , ...,  0.99299026,
          0.97392108,  0.99036313],
        ...,
        [-0.99654907, -0.98847225, -0.99299026, ...,  0.        ,
         -0.11018287, -0.02046709],
        [-0.98133561, -0.96577184, -0.97392108, ...,  0.11018287,
          0.        ,  0.08981732],
        [-0.99464144, -0.98516643, -0.99036313, ...,  0.02046709,
         -0.08981732,  0.        ]],

       [[ 0.        ,  0.10342893, -0.00714032, ...,  0.55384232,
          0.11614541,  0.41967535],
        [-0.10342893,  0.        , -0.11052833, ...,  0.46475482,
          0.01279355,  0.32354478],
        [ 0.00714032,  0.11052833,  0.        , ...,  0.55977339,
          0.12323445,  0.42614574],
        ...,
        [-0.55384232, -0.46475482, -0.55977339, ...,  0.        ,
         -0.45338887, -0.15327768],
        [-0.11614541, -0.01279355, -0.12323445, ...,  0.45338887,
          0.        ,  0.31141288],
        [-0.41967535, -0.32354478, -0.42614574, ...,  0.15327768,
         -0.31141288,  0.        ]],

       [[ 0.        ,  0.46053711,  0.60298462, ...,  0.64368163,
          0.48384076,  0.        ],
        [-0.46053711,  0.        ,  0.16783877, ...,  0.92380385,
          0.83251847,  0.46053711],
        [-0.60298462, -0.16783877,  0.        , ...,  0.97495897,
          0.91369097,  0.60298462],
        ...,
        [-0.64368163, -0.92380385, -0.97495897, ...,  0.        ,
          0.19304174,  0.64368163],
        [-0.48384076, -0.83251847, -0.91369097, ..., -0.19304174,
          0.        ,  0.48384076],
        [-0.        , -0.46053711, -0.60298462, ..., -0.64368163,
         -0.48384076,  0.        ]],

       ...,

       [[ 0.        , -0.23695135, -0.64370286, ..., -0.98461592,
         -0.97269215, -0.98958951],
        [ 0.23695135,  0.        , -0.44403811, ..., -0.91517242,
         -0.88999517, -0.92730576],
        [ 0.64370286,  0.44403811,  0.        , ..., -0.64102658,
         -0.59497466, -0.66466772],
        ...,
        [ 0.98461592,  0.91517242,  0.64102658, ...,  0.        ,
          0.05856739, -0.03120887],
        [ 0.97269215,  0.88999517,  0.59497466, ..., -0.05856739,
          0.        , -0.08969417],
        [ 0.98958951,  0.92730576,  0.66466772, ...,  0.03120887,
          0.08969417,  0.        ]],

       [[ 0.        ,  0.1062596 ,  0.18445487, ...,  0.90239865,
          0.8383961 ,  0.59247782],
        [-0.1062596 ,  0.        ,  0.07897427, ...,  0.94307715,
          0.89156747,  0.67472479],
        [-0.18445487, -0.07897427,  0.        , ...,  0.96639638,
          0.92454929,  0.73090589],
        ...,
        [-0.90239865, -0.94307715, -0.96639638, ...,  0.        ,
          0.13059602,  0.47166044],
        [-0.8383961 , -0.89156747, -0.92454929, ..., -0.13059602,
          0.        ,  0.35246399],
        [-0.59247782, -0.67472479, -0.73090589, ..., -0.47166044,
         -0.35246399,  0.        ]],

       [[ 0.        ,  0.31993848,  0.44492886, ...,  0.68638171,
          0.6745566 ,  0.64879045],
        [-0.31993848,  0.        ,  0.13501665, ...,  0.88297686,
          0.87528676,  0.8581516 ],
        [-0.44492886, -0.13501665,  0.        , ...,  0.93827078,
          0.93256668,  0.91961084],
        ...,
        [-0.68638171, -0.88297686, -0.93827078, ...,  0.        ,
          0.01613732,  0.05048659],
        [-0.6745566 , -0.87528676, -0.93256668, ..., -0.01613732,
          0.        ,  0.03436328],
        [-0.64879045, -0.8581516 , -0.91961084, ..., -0.05048659,
         -0.03436328,  0.        ]]]), 'num': array([7.60382485e-01, 6.49464491e-01, 1.38647492e-06, 8.64651442e-08,
       6.33817108e-04, 6.41739822e-04, 6.14802595e-04, 3.37950490e-03,
       1.66376991e-05, 6.29380388e-04, 5.87390005e-04, 5.47419913e-04,
       4.69583344e-07, 6.46185723e-04, 5.28594286e-04])}
{'img': array([[[ 0.        , -0.03350725,  0.17396141, ...,  0.96577184,
          0.98516643,  0.99847505],
        [ 0.03350725,  0.        ,  0.20686008, ...,  0.97392108,
          0.99036313,  0.99606461],
        [-0.17396141, -0.20686008,  0.        , ...,  0.90592183,
          0.94029301,  0.99285429],
        ...,
        [-0.96577184, -0.97392108, -0.90592183, ...,  0.        ,
          0.08981732,  0.31231281],
        [-0.98516643, -0.99036313, -0.94029301, ..., -0.08981732,
          0.        ,  0.22572592],
        [-0.99847505, -0.99606461, -0.99285429, ..., -0.31231281,
         -0.22572592,  0.        ]],

       [[ 0.        , -0.11052833,  0.46021907, ...,  0.01279355,
          0.32354478,  0.1729121 ],
        [ 0.11052833,  0.        ,  0.55552694, ...,  0.12323445,
          0.42614574,  0.28071613],
        [-0.46021907, -0.55552694,  0.        , ..., -0.44882322,
         -0.1482204 , -0.29977461],
        ...,
        [-0.01279355, -0.12323445,  0.44882322, ...,  0.        ,
          0.31141288,  0.1602971 ],
        [-0.32354478, -0.42614574,  0.1482204 , ..., -0.31141288,
          0.        , -0.15505966],
        [-0.1729121 , -0.28071613,  0.29977461, ..., -0.1602971 ,
          0.15505966,  0.        ]],

       [[ 0.        ,  0.40951793,  0.57621808, ...,  0.69412568,
          0.54001325,  0.        ],
        [-0.40951793,  0.        ,  0.1909876 , ...,  0.92804534,
          0.83732864,  0.40951793],
        [-0.57621808, -0.1909876 ,  0.        , ...,  0.98209892,
          0.92632836,  0.57621808],
        ...,
        [-0.69412568, -0.92804534, -0.98209892, ...,  0.        ,
          0.19548479,  0.69412568],
        [-0.54001325, -0.83732864, -0.92632836, ..., -0.19548479,
          0.        ,  0.54001325],
        [-0.        , -0.40951793, -0.57621808, ..., -0.69412568,
         -0.54001325,  0.        ]],

       ...,

       [[ 0.        , -0.44403811, -0.4317015 , ..., -0.88999517,
         -0.92730576, -0.8129617 ],
        [ 0.44403811,  0.        ,  0.01372176, ..., -0.59497466,
         -0.66466772, -0.4698491 ],
        [ 0.4317015 , -0.01372176,  0.        , ..., -0.60594743,
         -0.6748572 , -0.4819177 ],
        ...,
        [ 0.88999517,  0.59497466,  0.60594743, ...,  0.        ,
         -0.08969417,  0.14757334],
        [ 0.92730576,  0.66466772,  0.6748572 , ...,  0.08969417,
          0.        ,  0.23569064],
        [ 0.8129617 ,  0.4698491 ,  0.4819177 , ..., -0.14757334,
         -0.23569064,  0.        ]],

       [[ 0.        ,  0.07665352,  0.15364891, ...,  0.96258909,
          0.92159977,  0.66010022],
        [-0.07665352,  0.        ,  0.07745355, ...,  0.98052741,
          0.94864065,  0.71573847],
        [-0.15364891, -0.07745355,  0.        , ...,  0.99279237,
          0.97029376,  0.76767947],
        ...,
        [-0.96258909, -0.98052741, -0.99279237, ...,  0.        ,
          0.1238992 ,  0.544211  ],
        [-0.92159977, -0.94864065, -0.97029376, ..., -0.1238992 ,
          0.        ,  0.43607272],
        [-0.66010022, -0.71573847, -0.76767947, ..., -0.544211  ,
         -0.43607272,  0.        ]],

       [[ 0.        ,  0.32203562,  0.49230148, ...,  0.68220845,
          0.65628213,  0.67937654],
        [-0.32203562,  0.        ,  0.1857676 , ...,  0.88132437,
          0.86430127,  0.87949095],
        [-0.49230148, -0.1857676 ,  0.        , ...,  0.95376116,
          0.94269335,  0.95259198],
        ...,
        [-0.68220845, -0.88132437, -0.95376116, ...,  0.        ,
          0.03489115,  0.00386621],
        [-0.65628213, -0.86430127, -0.94269335, ..., -0.03489115,
          0.        , -0.03102703],
        [-0.67937654, -0.87949095, -0.95259198, ..., -0.00386621,
          0.03102703,  0.        ]]]), 'num': array([ 8.27066782e-01,  5.62094842e-01,  3.41019228e-06,  9.86263365e-08,
        6.75948827e-04,  7.02917184e-04,  6.52460257e-04,  2.54081073e-03,
       -2.00087812e-05,  6.79776593e-04,  6.47893035e-04,  6.03003770e-04,
        4.68236185e-07,  7.12519911e-04,  5.83266160e-04])}
{'img': array([[[ 0.        ,  0.20686008,  0.24471073, ...,  0.99036313,
          0.99606461,  0.98735127],
        [-0.20686008,  0.        ,  0.03884704, ...,  0.94029301,
          0.99285429,  0.93319814],
        [-0.24471073, -0.03884704,  0.        , ...,  0.92636104,
          0.98746912,  0.91853358],
        ...,
        [-0.99036313, -0.94029301, -0.92636104, ...,  0.        ,
          0.22572592, -0.02027684],
        [-0.99606461, -0.99285429, -0.98746912, ..., -0.22572592,
          0.        , -0.24543303],
        [-0.98735127, -0.93319814, -0.91853358, ...,  0.02027684,
