state_0,state_1,state_2,state_3,state_4,state_5,state_6,state_7,state_8,state_9,state_10,state_11,state_12,state_13,state_14,state_15,state_16,state_17,state_18,state_19,state_20,state_21,state_22,state_23,state_24,state_25,state_26,state_27,state_28,state_29,state_30,state_31,state_32,state_33,state_34,state_35,state_36,state_37,state_38,state_39,state_40,state_41,state_42,state_43,state_44,state_45,state_46,state_47,state_48,state_49,state_50,state_51,state_52,state_53,state_54,state_55,state_56,state_57,state_58,state_59,state_60,state_61,state_62,state_63,state_64,state_65,state_66,state_67,state_68,state_69,state_70,state_71,state_72,state_73,state_74,state_75,state_76,state_77,state_78,state_79,state_80,state_81,state_82,state_83,state_84,state_85,state_86,state_87,state_88,state_89,state_90,state_91,state_92,state_93,state_94,state_95,state_96,state_97,state_98,state_99,state_100,state_101,state_102,state_103,state_104,state_105,state_106,state_107,state_108,state_109,state_110,state_111,state_112,state_113,state_114,state_115,state_116,state_117,state_118,state_119,state_120,state_121,state_122,state_123,state_124,state_125,state_126,state_127,state_128,state_129,state_130,state_131,state_132,state_133,state_134,state_135,state_136,state_137,state_138,state_139,state_140,state_141,state_142,state_143,state_144,state_145,state_146,state_147,state_148,state_149,state_150,state_151,state_152,state_153,state_154,state_155,state_156,state_157,state_158,state_159,state_160,state_161,state_162,state_163,state_164,state_165,state_166,state_167,state_168,state_169,state_170,state_171,state_172,state_173,state_174,state_175,state_176,state_177,state_178,state_179,state_180,state_181,state_182,state_183,state_184,state_185,state_186,state_187,state_188,state_189,state_190,state_191,state_192,state_193,state_194,state_195,state_196,state_197,state_198,state_199,state_200,state_201,state_202,state_203,state_204,state_205,state_206,state_207,state_208,state_209,state_210,state_211,state_212,state_213,state_214,state_215,state_216,state_217,state_218,state_219,state_220,state_221,state_222,state_223,state_224,state_225,state_226,state_227,state_228,state_229,state_230,state_231,state_232,state_233,state_234,state_235,state_236,state_237,state_238,state_239,state_240,state_241,state_242,state_243,state_244,state_245,state_246,state_247,state_248,state_249,state_250,state_251,state_252,state_253,state_254,state_255,state_256,state_257,state_258,state_259,state_260,state_261,state_262,state_263,state_264,state_265,state_266,state_267,state_268,state_269,state_270,state_271,state_272,state_273,state_274,state_275,state_276,state_277,state_278,state_279,state_280,state_281,state_282,state_283,state_284,state_285,state_286,state_287
{'img': array([[[ 0.        ,  0.07784462, -0.17437978, ..., -0.94115405,
         -0.96662825, -0.99999235],
        [-0.07784462,  0.        , -0.25050255, ..., -0.96460788,
         -0.9836375 , -0.99665334],
        [ 0.17437978,  0.25050255,  0.        , ..., -0.86779762,
         -0.90714486, -0.98535313],
        ...,
        [ 0.94115405,  0.96460788,  0.86779762, ...,  0.        ,
         -0.08559114, -0.34165719],
        [ 0.96662825,  0.9836375 ,  0.90714486, ...,  0.08559114,
          0.        , -0.25996277],
        [ 0.99999235,  0.99665334,  0.98535313, ...,  0.34165719,
          0.25996277,  0.        ]],

       [[ 0.        , -0.47698912,  0.00310862, ...,  0.76071342,
          0.35502493, -0.05125275],
        [ 0.47698912,  0.        ,  0.47971901, ...,  0.97820588,
          0.75795121,  0.4313157 ],
        [-0.00310862, -0.47971901,  0.        , ...,  0.75869198,
          0.3521171 , -0.05435703],
        ...,
        [-0.76071342, -0.97820588, -0.75869198, ...,  0.        ,
         -0.48071575, -0.79298116],
        [-0.35502493, -0.75795121, -0.3521171 , ...,  0.48071575,
          0.        , -0.40247231],
        [ 0.05125275, -0.4313157 ,  0.05435703, ...,  0.79298116,
          0.40247231,  0.        ]],

       [[ 0.        , -0.42726206, -0.65726244, ..., -0.37564332,
         -0.57010587, -0.5960741 ],
        [ 0.42726206,  0.        , -0.27223818, ..., -0.73560081,
         -0.8664748 , -0.88198846],
        [ 0.65726244,  0.27223818,  0.        , ..., -0.89223539,
         -0.96965492, -0.97697363],
        ...,
        [ 0.37564332,  0.73560081,  0.89223539, ...,  0.        ,
          0.21973602,  0.25080513],
        [ 0.57010587,  0.8664748 ,  0.96965492, ..., -0.21973602,
          0.        ,  0.03196256],
        [ 0.5960741 ,  0.88198846,  0.97697363, ..., -0.25080513,
         -0.03196256,  0.        ]],

       ...,

       [[ 0.        ,  0.07208784, -0.13586639, ..., -0.18961846,
         -0.12463133, -0.06916495],
        [-0.07208784,  0.        , -0.20693229, ..., -0.25990514,
         -0.19583285, -0.14090021],
        [ 0.13586639,  0.20693229,  0.        , ..., -0.05445867,
          0.01133141,  0.06701743],
        ...,
        [ 0.18961846,  0.25990514,  0.05445867, ...,  0.        ,
          0.06576977,  0.12125421],
        [ 0.12463133,  0.19583285, -0.01133141, ..., -0.06576977,
          0.        ,  0.05570719],
        [ 0.06916495,  0.14090021, -0.06701743, ..., -0.12125421,
         -0.05570719,  0.        ]],

       [[ 0.        , -0.05854721, -0.0757579 , ..., -0.91705849,
         -0.79796555, -0.29342007],
        [ 0.05854721,  0.        , -0.01724899, ..., -0.93883126,
         -0.83188334, -0.34888692],
        [ 0.0757579 ,  0.01724899,  0.        , ..., -0.94463175,
         -0.84133191, -0.36500016],
        ...,
        [ 0.91705849,  0.93883126,  0.94463175, ...,  0.        ,
         -0.23452302, -0.75969084],
        [ 0.79796555,  0.83188334,  0.84133191, ...,  0.23452302,
          0.        , -0.58599682],
        [ 0.29342007,  0.34888692,  0.36500016, ...,  0.75969084,
          0.58599682,  0.        ]],

       [[ 0.        ,  0.16766426,  0.21822671, ..., -0.5105851 ,
         -0.70807904, -0.80018984],
        [-0.16766426,  0.        ,  0.05151429, ..., -0.35919504,
         -0.57966229, -0.68830637],
        [-0.21822671, -0.05151429,  0.        , ..., -0.31064176,
         -0.53691587, -0.65002297],
        ...,
        [ 0.5105851 ,  0.35919504,  0.31064176, ...,  0.        ,
          0.24828456,  0.38180322],
        [ 0.70807904,  0.57966229,  0.53691587, ..., -0.24828456,
          0.        ,  0.14037245],
        [ 0.80018984,  0.68830637,  0.65002297, ..., -0.38180322,
         -0.14037245,  0.        ]]]), 'num': array([7.06916246e-01, 7.06916246e-01, 0.00000000e+00, 0.00000000e+00,
       5.20183653e-03, 5.30187185e-03, 5.07512513e-03, 1.76355596e-02,
       8.66972755e-05, 5.21784218e-03, 5.26119082e-03, 6.01212260e-03,
       6.55283615e-06, 5.75258320e-03, 4.76979844e-03])}
{'img': array([[[ 0.        , -0.25050255, -0.59728248, ..., -0.9836375 ,
         -0.99665334, -0.99973091],
        [ 0.25050255,  0.        , -0.3773279 , ..., -0.90714486,
         -0.98535313, -0.96204444],
        [ 0.59728248,  0.3773279 ,  0.        , ..., -0.68130191,
         -0.84817123, -0.78795976],
        ...,
        [ 0.9836375 ,  0.90714486,  0.68130191, ...,  0.        ,
         -0.25996277, -0.15729274],
        [ 0.99665334,  0.98535313,  0.84817123, ...,  0.25996277,
          0.        ,  0.10484195],
        [ 0.99973091,  0.96204444,  0.78795976, ...,  0.15729274,
         -0.10484195,  0.        ]],

       [[ 0.        ,  0.47971901,  0.55890522, ...,  0.75795121,
          0.4313157 ,  0.2642541 ],
        [-0.47971901,  0.        ,  0.88819396, ...,  0.3521171 ,
         -0.05435703, -0.23080407],
        [-0.55890522, -0.88819396,  0.        , ..., -0.99309721,
         -0.86190547, -0.7581657 ],
        ...,
        [-0.75795121, -0.3521171 ,  0.99309721, ...,  0.        ,
         -0.40247231, -0.55863247],
        [-0.4313157 ,  0.05435703,  0.86190547, ...,  0.40247231,
          0.        , -0.17757343],
        [-0.2642541 ,  0.23080407,  0.7581657 , ...,  0.55863247,
          0.17757343,  0.        ]],

       [[ 0.        , -0.53954301, -0.73476506, ..., -0.58283934,
         -0.60921253, -0.61998282],
        [ 0.53954301,  0.        , -0.25265764, ..., -0.92915213,
         -0.94079277, -0.94533327],
        [ 0.73476506,  0.25265764,  0.        , ..., -0.9924134 ,
         -0.9959159 , -0.99705576],
        ...,
        [ 0.58283934,  0.92915213,  0.9924134 , ...,  0.        ,
          0.03284276,  0.04648552],
        [ 0.60921253,  0.94079277,  0.9959159 , ..., -0.03284276,
          0.        ,  0.01365319],
        [ 0.61998282,  0.94533327,  0.99705576, ..., -0.04648552,
         -0.01365319,  0.        ]],

       ...,

       [[ 0.        , -0.20693229, -0.55358231, ..., -0.19583285,
         -0.14090021,  0.02001606],
        [ 0.20693229,  0.        , -0.36926811, ...,  0.01133141,
          0.06701743,  0.22647365],
        [ 0.55358231,  0.36926811,  0.        , ...,  0.37977494,
          0.43071875,  0.57014067],
        ...,
        [ 0.19583285, -0.01133141, -0.37977494, ...,  0.        ,
          0.05570719,  0.21542212],
        [ 0.14090021, -0.06701743, -0.43071875, ..., -0.05570719,
          0.        ,  0.16068836],
        [-0.02001606, -0.22647365, -0.57014067, ..., -0.21542212,
         -0.16068836,  0.        ]],

       [[ 0.        , -0.01659856,  0.33653067, ..., -0.91904752,
         -0.7742509 , -0.33653067],
        [ 0.01659856,  0.        ,  0.35211471, ..., -0.92546317,
         -0.78464911, -0.35211471],
        [-0.33653067, -0.35211471,  0.        , ..., -0.73279931,
         -0.51610767, -0.        ],
        ...,
        [ 0.91904752,  0.92546317,  0.73279931, ...,  0.        ,
         -0.27647719, -0.73279931],
        [ 0.7742509 ,  0.78464911,  0.51610767, ...,  0.27647719,
          0.        , -0.51610767],
        [ 0.33653067,  0.35211471,  0.        , ...,  0.73279931,
          0.51610767,  0.        ]],

       [[ 0.        ,  0.05151429, -0.25300767, ..., -0.57966229,
         -0.68830637, -0.76211785],
        [-0.05151429,  0.        , -0.30250998, ..., -0.53691587,
         -0.65002297, -0.72775362],
        [ 0.25300767,  0.30250998,  0.        , ..., -0.76696758,
         -0.84944868, -0.90112865],
        ...,
        [ 0.57966229,  0.53691587,  0.76696758, ...,  0.        ,
          0.14037245,  0.24572134],
        [ 0.68830637,  0.65002297,  0.84944868, ..., -0.14037245,
          0.        ,  0.10721969],
        [ 0.76211785,  0.72775362,  0.90112865, ..., -0.24572134,
         -0.10721969,  0.        ]]]), 'num': array([ 7.16942464e-01,  6.96628559e-01,  5.41704151e-07, -5.62145817e-11,
        5.07847641e-03,  5.20713115e-03,  4.94982168e-03,  2.17880181e-02,
       -2.03139057e-04,  5.30057512e-03,  5.30903924e-03,  6.07295495e-03,
        5.85389969e-06,  5.78604802e-03,  4.83203046e-03])}
{'img': array([[[ 0.        , -0.3773279 ,  0.28226761, ..., -0.98535313,
         -0.96204444, -0.99994342],
        [ 0.3773279 ,  0.        ,  0.62338644, ..., -0.84817123,
         -0.78795976, -0.92201336],
        [-0.28226761, -0.62338644,  0.        , ..., -0.99341848,
         -0.99995239, -0.96228415],
        ...,
        [ 0.98535313,  0.84817123,  0.99341848, ...,  0.        ,
          0.10484195, -0.16003459],
        [ 0.96204444,  0.78795976,  0.99995239, ..., -0.10484195,
          0.        , -0.26264331],
        [ 0.99994342,  0.92201336,  0.96228415, ...,  0.16003459,
          0.26264331,  0.        ]],

       [[ 0.        ,  0.88819396,  0.18180448, ..., -0.05435703,
         -0.23080407, -0.0841762 ],
        [-0.88819396,  0.        , -0.95692541, ..., -0.86190547,
         -0.7581657 , -0.84636533],
        [-0.18180448,  0.95692541,  0.        , ..., -0.23498685,
         -0.40385345, -0.26393261],
        ...,
        [ 0.05435703,  0.86190547,  0.23498685, ...,  0.        ,
         -0.17757343, -0.02988764],
        [ 0.23080407,  0.7581657 ,  0.40385345, ...,  0.17757343,
          0.        ,  0.14808145],
        [ 0.0841762 ,  0.84636533,  0.26393261, ...,  0.02988764,
         -0.14808145,  0.        ]],

       [[ 0.        , -0.25265764, -0.17133839, ..., -0.94079277,
         -0.94533327, -0.94679083],
        [ 0.25265764,  0.        ,  0.08314195, ..., -0.9959159 ,
         -0.99705576, -0.99739065],
        [ 0.17133839, -0.08314195,  0.        , ..., -0.98496122,
         -0.98722835, -0.98793509],
        ...,
        [ 0.94079277,  0.9959159 ,  0.98496122, ...,  0.        ,
          0.01365319,  0.01815156],
        [ 0.94533327,  0.99705576,  0.98722835, ..., -0.01365319,
          0.        ,  0.00449893],
        [ 0.94679083,  0.99739065,  0.98793509, ..., -0.01815156,
         -0.00449893,  0.        ]],

       ...,

       [[ 0.        , -0.36926811,  0.15413322, ...,  0.06701743,
          0.22647365,  0.00538682],
        [ 0.36926811,  0.        ,  0.50809492, ...,  0.43071875,
          0.57014067,  0.37426885],
        [-0.15413322, -0.50809492,  0.        , ..., -0.08757013,
          0.07363888, -0.14880854],
        ...,
        [-0.06701743, -0.43071875,  0.08757013, ...,  0.        ,
          0.16068836, -0.06164174],
        [-0.22647365, -0.57014067, -0.07363888, ..., -0.16068836,
          0.        , -0.22122351],
        [-0.00538682, -0.37426885,  0.14880854, ...,  0.06164174,
          0.22122351,  0.        ]],

       [[ 0.        ,  0.34699119,  0.17008267, ..., -0.83930764,
         -0.64546569, -0.34699119],
        [-0.34699119,  0.        , -0.1824203 , ..., -0.598516  ,
         -0.34033372, -0.        ],
        [-0.17008267,  0.1824203 ,  0.        , ..., -0.73461216,
         -0.50615381, -0.1824203 ],
        ...,
        [ 0.83930764,  0.598516  ,  0.73461216, ...,  0.        ,
         -0.29014237, -0.598516  ],
        [ 0.64546569,  0.34033372,  0.50615381, ...,  0.29014237,
          0.        , -0.34033372],
        [ 0.34699119,  0.        ,  0.1824203 , ...,  0.598516  ,
          0.34033372,  0.        ]],

       [[ 0.        , -0.30250998, -0.15910602, ..., -0.65002297,
         -0.72775362, -0.71251373],
        [ 0.30250998,  0.        ,  0.14700516, ..., -0.84944868,
         -0.90112865, -0.89138837],
        [ 0.15910602, -0.14700516,  0.        , ..., -0.76264964,
         -0.8276042 , -0.81507541],
        ...,
        [ 0.65002297,  0.84944868,  0.76264964, ...,  0.        ,
          0.10721969,  0.08535563],
        [ 0.72775362,  0.90112865,  0.8276042 , ..., -0.10721969,
          0.        , -0.02196481],
        [ 0.71251373,  0.89138837,  0.81507541, ..., -0.08535563,
          0.02196481,  0.        ]]]), 'num': array([ 7.17360495e-01,  6.95904257e-01,  5.41140928e-07, -1.53714654e-08,
        5.36405945e-03,  5.57375156e-03,  5.14083882e-03,  2.96041968e-02,
        2.90863249e-04,  5.26530123e-03,  5.28491759e-03,  6.04409322e-03,
        7.04279002e-06,  5.71964653e-03,  4.85018865e-03])}
{'img': array([[[ 0.00000000e+00,  6.23386439e-01,  7.17117515e-01, ...,
         -7.87959764e-01, -9.22013363e-01, -7.25543291e-01],
        [-6.23386439e-01,  0.00000000e+00,  1.26253559e-01, ...,
         -9.99952388e-01, -9.62284146e-01, -9.96312299e-01],
        [-7.17117515e-01, -1.26253559e-01,  0.00000000e+00, ...,
         -9.90718773e-01, -9.20237130e-01, -9.99172486e-01],
        ...,
        [ 7.87959764e-01,  9.99952388e-01,  9.90718773e-01, ...,
          0.00000000e+00, -2.62643307e-01,  9.55190140e-02],
        [ 9.22013363e-01,  9.62284146e-01,  9.20237130e-01, ...,
          2.62643307e-01,  0.00000000e+00,  3.53608026e-01],
        [ 7.25543291e-01,  9.96312299e-01,  9.99172486e-01, ...,
         -9.55190140e-02, -3.53608026e-01,  0.00000000e+00]],

       [[ 0.00000000e+00, -9.56925411e-01, -7.47731151e-01, ...,
         -7.58165702e-01, -8.46365331e-01, -9.56683548e-01],
        [ 9.56925411e-01,  0.00000000e+00, -4.18308323e-01, ...,
         -4.03853452e-01, -2.63932614e-01, -8.31912354e-04],
        [ 7.47731151e-01,  4.18308323e-01,  0.00000000e+00, ...,
          1.58562169e-02,  1.63744241e-01,  4.17552548e-01],
        ...,
        [ 7.58165702e-01,  4.03853452e-01, -1.58562169e-02, ...,
          0.00000000e+00,  1.48081453e-01,  4.03092259e-01],
        [ 8.46365331e-01,  2.63932614e-01, -1.63744241e-01, ...,
         -1.48081453e-01,  0.00000000e+00,  2.63130109e-01],
        [ 9.56683548e-01,  8.31912354e-04, -4.17552548e-01, ...,
         -4.03092259e-01, -2.63130109e-01,  0.00000000e+00]],

       [[ 0.00000000e+00,  8.31419527e-02,  1.42689129e-01, ...,
         -9.97055762e-01, -9.97390649e-01, -9.92413403e-01],
        [-8.31419527e-02,  0.00000000e+00,  5.99038915e-02, ...,
         -9.87228352e-01, -9.87935094e-01, -9.78755441e-01],
        [-1.42689129e-01, -5.99038915e-02,  0.00000000e+00, ...,
         -9.75912054e-01, -9.76883685e-01, -9.64715576e-01],
        ...,
        [ 9.97055762e-01,  9.87228352e-01,  9.75912054e-01, ...,
          0.00000000e+00,  4.49893480e-03, -4.64855229e-02],
        [ 9.97390649e-01,  9.87935094e-01,  9.76883685e-01, ...,
         -4.49893480e-03,  0.00000000e+00, -5.09791238e-02],
        [ 9.92413403e-01,  9.78755441e-01,  9.64715576e-01, ...,
          4.64855229e-02,  5.09791238e-02,  0.00000000e+00]],

       ...,

       [[ 0.00000000e+00,  5.08094918e-01,  5.57426843e-01, ...,
          5.70140673e-01,  3.74268847e-01,  6.65308929e-01],
        [-5.08094918e-01,  0.00000000e+00,  5.82786999e-02, ...,
          7.36388799e-02, -1.48808539e-01,  1.93703809e-01],
        [-5.57426843e-01, -5.82786999e-02,  0.00000000e+00, ...,
          1.53932481e-02, -2.06185443e-01,  1.36199676e-01],
        ...,
        [-5.70140673e-01, -7.36388799e-02, -1.53932481e-02, ...,
          0.00000000e+00, -2.21223506e-01,  1.20933734e-01],
        [-3.74268847e-01,  1.48808539e-01,  2.06185443e-01, ...,
          2.21223506e-01,  0.00000000e+00,  3.37537230e-01],
        [-6.65308929e-01, -1.93703809e-01, -1.36199676e-01, ...,
         -1.20933734e-01, -3.37537230e-01,  0.00000000e+00]],

       [[ 0.00000000e+00, -1.79511625e-01, -2.43206080e-01, ...,
         -4.77898347e-01, -3.51450831e-01, -0.00000000e+00],
        [ 1.79511625e-01,  0.00000000e+00, -6.51336808e-02, ...,
         -6.27821026e-01, -5.13801734e-01, -1.79511625e-01],
        [ 2.43206080e-01,  6.51336808e-02,  0.00000000e+00, ...,
         -6.77185182e-01, -5.68589468e-01, -2.43206080e-01],
        ...,
        [ 4.77898347e-01,  6.27821026e-01,  6.77185182e-01, ...,
          0.00000000e+00, -1.38691730e-01, -4.77898347e-01],
        [ 3.51450831e-01,  5.13801734e-01,  5.68589468e-01, ...,
          1.38691730e-01,  0.00000000e+00, -3.51450831e-01],
        [ 0.00000000e+00,  1.79511625e-01,  2.43206080e-01, ...,
          4.77898347e-01,  3.51450831e-01,  0.00000000e+00]],

       [[ 0.00000000e+00,  1.47005160e-01,  4.25291071e-01, ...,
         -9.01128654e-01, -8.91388367e-01, -9.11221401e-01],
        [-1.47005160e-01,  0.00000000e+00,  2.87622598e-01, ...,
         -8.27604195e-01, -8.15075415e-01, -8.40767727e-01],
        [-4.25291071e-01, -2.87622598e-01,  0.00000000e+00, ...,
         -6.31186760e-01, -6.13997895e-01, -6.49522378e-01],
        ...,
        [ 9.01128654e-01,  8.27604195e-01,  6.31186760e-01, ...,
          0.00000000e+00, -2.19648137e-02,  2.38715145e-02],
        [ 8.91388367e-01,  8.15075415e-01,  6.13997895e-01, ...,
          2.19648137e-02,  0.00000000e+00,  4.58243099e-02],
        [ 9.11221401e-01,  8.40767727e-01,  6.49522378e-01, ...,
         -2.38715145e-02, -4.58243099e-02,  0.00000000e+00]]]), 'num': array([ 8.79876215e-01,  4.74432825e-01,  1.03429436e-05,  7.08834724e-09,
        6.53940951e-03,  6.74793660e-03,  6.43931651e-03,  1.94457349e-02,
       -7.50697520e-05,  6.46267154e-03,  6.48227309e-03,  7.43287858e-03,
        8.71015805e-06,  6.90710454e-03,  6.05744163e-03])}
{'img': array([[[ 0.00000000e+00,  1.26253559e-01,  6.71675950e-01, ...,
         -9.62284146e-01, -9.96312299e-01, -9.99789596e-01],
        [-1.26253559e-01,  0.00000000e+00,  5.72766874e-01, ...,
         -9.20237130e-01, -9.99172486e-01, -9.94379062e-01],
        [-6.71675950e-01, -5.72766874e-01,  0.00000000e+00, ...,
         -5.30176467e-01, -7.95743487e-01, -7.54466959e-01],
        ...,
        [ 9.62284146e-01,  9.20237130e-01,  5.30176467e-01, ...,
          0.00000000e+00,  3.53608026e-01,  2.91727994e-01],
        [ 9.96312299e-01,  9.99172486e-01,  7.95743487e-01, ...,
         -3.53608026e-01,  0.00000000e+00, -6.53460174e-02],
        [ 9.99789596e-01,  9.94379062e-01,  7.54466959e-01, ...,
         -2.91727994e-01,  6.53460174e-02,  0.00000000e+00]],

       [[ 0.00000000e+00, -4.23388285e-01,  2.13163042e-01, ...,
         -2.67433852e-01, -8.44296078e-04, -4.89726283e-01],
        [ 4.23388285e-01,  0.00000000e+00,  6.06772101e-01, ...,
          1.65685635e-01,  4.22623246e-01, -7.45245195e-02],
        [-2.13163042e-01, -6.06772101e-01,  0.00000000e+00, ...,
         -4.66686163e-01, -2.13987858e-01, -6.64322519e-01],
        ...,
        [ 2.67433852e-01, -1.65685635e-01,  4.66686163e-01, ...,
          0.00000000e+00,  2.66620213e-01, -2.38719381e-01],
        [ 8.44296078e-04, -4.22623246e-01,  2.13987858e-01, ...,
         -2.66620213e-01,  0.00000000e+00, -4.88989987e-01],
        [ 4.89726283e-01,  7.45245195e-02,  6.64322519e-01, ...,
          2.38719381e-01,  4.88989987e-01,  0.00000000e+00]],

       [[ 0.00000000e+00,  5.99038915e-02,  1.79041799e-01, ...,
         -9.87935094e-01, -9.78755441e-01, -9.68642222e-01],
        [-5.99038915e-02,  0.00000000e+00,  1.19784334e-01, ...,
         -9.76883685e-01, -9.64715576e-01, -9.52018979e-01],
        [-1.79041799e-01, -1.19784334e-01,  0.00000000e+00, ...,
         -9.44243579e-01, -9.26231037e-01, -9.08505706e-01],
        ...,
        [ 9.87935094e-01,  9.76883685e-01,  9.44243579e-01, ...,
          0.00000000e+00, -5.09791238e-02, -9.54499414e-02],
        [ 9.78755441e-01,  9.64715576e-01,  9.26231037e-01, ...,
          5.09791238e-02,  0.00000000e+00, -4.45794648e-02],
        [ 9.68642222e-01,  9.52018979e-01,  9.08505706e-01, ...,
          9.54499414e-02,  4.45794648e-02,  0.00000000e+00]],

       ...,

       [[ 0.00000000e+00,  5.82786999e-02,  1.57663722e-01, ...,
         -1.48808539e-01,  1.93703809e-01,  2.00213256e-01],
        [-5.82786999e-02,  0.00000000e+00,  9.98459491e-02, ...,
         -2.06185443e-01,  1.36199676e-01,  1.42774271e-01],
        [-1.57663722e-01, -9.98459491e-02,  0.00000000e+00, ...,
         -3.02855668e-01,  3.66035487e-02,  4.32377602e-02],
        ...,
        [ 1.48808539e-01,  2.06185443e-01,  3.02855668e-01, ...,
          0.00000000e+00,  3.37537230e-01,  3.43779602e-01],
        [-1.93703809e-01, -1.36199676e-01, -3.66035487e-02, ...,
         -3.37537230e-01,  0.00000000e+00,  6.63946768e-03],
        [-2.00213256e-01, -1.42774271e-01, -4.32377602e-02, ...,
         -3.43779602e-01, -6.63946768e-03,  0.00000000e+00]],

       [[ 0.00000000e+00, -7.78070325e-02,  1.28652376e-01, ...,
         -6.70865369e-01, -5.80842020e-01, -1.28652376e-01],
        [ 7.78070325e-02,  0.00000000e+00,  2.05422795e-01, ...,
         -7.26531673e-01, -6.42417355e-01, -2.05422795e-01],
        [-1.28652376e-01, -2.05422795e-01,  0.00000000e+00, ...,
         -5.69884391e-01, -4.71289948e-01, -0.00000000e+00],
        ...,
        [ 6.70865369e-01,  7.26531673e-01,  5.69884391e-01, ...,
          0.00000000e+00, -1.15355010e-01, -5.69884391e-01],
        [ 5.80842020e-01,  6.42417355e-01,  4.71289948e-01, ...,
          1.15355010e-01,  0.00000000e+00, -4.71289948e-01],
        [ 1.28652376e-01,  2.05422795e-01,  0.00000000e+00, ...,
          5.69884391e-01,  4.71289948e-01,  0.00000000e+00]],

       [[ 0.00000000e+00,  2.87622598e-01,  2.90623471e-01, ...,
         -8.15075415e-01, -8.40767727e-01, -8.95265228e-01],
        [-2.87622598e-01,  0.00000000e+00,  3.13474949e-03, ...,
         -6.13997895e-01, -6.49522378e-01, -7.29289221e-01],
        [-2.90623471e-01, -3.13474949e-03,  0.00000000e+00, ...,
         -6.11520597e-01, -6.47135704e-01, -7.27140825e-01],
        ...,
        [ 8.15075415e-01,  6.13997895e-01,  6.11520597e-01, ...,
          0.00000000e+00,  4.58243099e-02,  1.55532804e-01],
        [ 8.40767727e-01,  6.49522378e-01,  6.47135704e-01, ...,
         -4.58243099e-02,  0.00000000e+00,  1.10102757e-01],
        [ 8.95265228e-01,  7.29289221e-01,  7.27140825e-01, ...,
         -1.55532804e-01, -1.10102757e-01,  0.00000000e+00]]]), 'num': array([ 7.71678849e-01,  6.35705033e-01,  3.52263770e-06, -7.77998907e-08,
        5.66557563e-03,  5.84904635e-03,  5.62154266e-03,  1.10122058e-02,
       -8.80659425e-05,  5.69346318e-03,  5.67805164e-03,  6.50795084e-03,
        7.33882854e-06,  5.98386513e-03,  5.37223816e-03])}
{'img': array([[[ 0.        ,  0.57276687, -0.22051059, ..., -0.99917249,
         -0.99437906, -0.98014108],
        [-0.57276687,  0.        , -0.73942455, ..., -0.79574349,
         -0.75446696, -0.6898591 ],
        [ 0.22051059,  0.73942455,  0.        , ..., -0.9835464 ,
         -0.99324936, -0.99974206],
        ...,
        [ 0.99917249,  0.79574349,  0.9835464 , ...,  0.        ,
         -0.06534602, -0.15827147],
        [ 0.99437906,  0.75446696,  0.99324936, ...,  0.06534602,
          0.        , -0.09341081],
        [ 0.98014108,  0.6898591 ,  0.99974206, ...,  0.15827147,
          0.09341081,  0.        ]],

       [[ 0.        ,  0.6067721 ,  0.21000871, ...,  0.42262325,
         -0.07452452, -0.36726693],
        [-0.6067721 ,  0.        , -0.42630994, ..., -0.21398786,
         -0.66432252, -0.8562998 ],
        [-0.21000871,  0.42630994,  0.        , ...,  0.2228665 ,
         -0.2822873 , -0.55440908],
        ...,
        [-0.42262325,  0.21398786, -0.2228665 , ...,  0.        ,
         -0.48898999, -0.7259445 ],
        [ 0.07452452,  0.66432252,  0.2822873 , ...,  0.48898999,
          0.        , -0.29692922],
        [ 0.36726693,  0.8562998 ,  0.55440908, ...,  0.7259445 ,
          0.29692922,  0.        ]],

       [[ 0.        ,  0.11978433,  0.19427393, ..., -0.96471558,
         -0.95201898, -0.95582404],
        [-0.11978433,  0.        ,  0.07537302, ..., -0.92623104,
         -0.90850571, -0.9137327 ],
        [-0.19427393, -0.07537302,  0.        , ..., -0.89518395,
         -0.87442507, -0.88050825],
        ...,
        [ 0.96471558,  0.92623104,  0.89518395, ...,  0.        ,
         -0.04457946, -0.03190502],
        [ 0.95201898,  0.90850571,  0.87442507, ...,  0.04457946,
          0.        ,  0.01268347],
        [ 0.95582404,  0.9137327 ,  0.88050825, ...,  0.03190502,
         -0.01268347,  0.        ]],

       ...,

       [[ 0.        ,  0.09984595, -0.00173543, ...,  0.13619968,
          0.14277427,  0.05044558],
        [-0.09984595,  0.        , -0.10157256, ...,  0.03660355,
          0.04323776, -0.04952533],
        [ 0.00173543,  0.10157256,  0.        , ...,  0.13791873,
          0.14449171,  0.05217872],
        ...,
        [-0.13619968, -0.03660355, -0.13791873, ...,  0.        ,
          0.00663947, -0.08605077],
        [-0.14277427, -0.04323776, -0.14449171, ..., -0.00663947,
          0.        , -0.09266372],
        [-0.05044558,  0.04952533, -0.05217872, ...,  0.08605077,
          0.09266372,  0.        ]],

       [[ 0.        ,  0.20119806,  0.13234103, ..., -0.74359781,
         -0.57372458, -0.20119806],
        [-0.20119806,  0.        , -0.06979364, ..., -0.59386518,
         -0.39720132, -0.        ],
        [-0.13234103,  0.06979364,  0.        , ..., -0.6485705 ,
         -0.46028455, -0.06979364],
        ...,
        [ 0.74359781,  0.59386518,  0.6485705 , ...,  0.        ,
         -0.22543467, -0.59386518],
        [ 0.57372458,  0.39720132,  0.46028455, ...,  0.22543467,
          0.        , -0.39720132],
        [ 0.20119806,  0.        ,  0.06979364, ...,  0.59386518,
          0.39720132,  0.        ]],

       [[ 0.        ,  0.00313475, -0.08450377, ..., -0.64952238,
         -0.72928922, -0.77095413],
        [-0.00313475,  0.        , -0.08762689, ..., -0.6471357 ,
         -0.72714083, -0.76895385],
        [ 0.08450377,  0.08762689,  0.        , ..., -0.71145095,
         -0.78449862, -0.82201621],
        ...,
        [ 0.64952238,  0.6471357 ,  0.71145095, ...,  0.        ,
          0.11010276,  0.17251442],
        [ 0.72928922,  0.72714083,  0.78449862, ..., -0.11010276,
          0.        ,  0.06301359],
        [ 0.77095413,  0.76895385,  0.82201621, ..., -0.17251442,
         -0.06301359,  0.        ]]]), 'num': array([ 7.67548220e-01,  6.40598298e-01,  3.37184390e-06, -1.17710268e-07,
        5.51956186e-03,  5.69548415e-03,  5.48291139e-03,  1.55160528e-02,
       -1.39271813e-04,  5.64710552e-03,  5.65553513e-03,  6.46441117e-03,
        7.18555834e-06,  5.95813493e-03,  5.35293534e-03])}
{'img': array([[[ 0.        , -0.73942455, -0.77807692, ..., -0.75446696,
         -0.6898591 , -0.55629346],
        [ 0.73942455,  0.        , -0.05934848, ..., -0.99324936,
         -0.99974206, -0.98897008],
        [ 0.77807692,  0.05934848,  0.        , ..., -0.98461424,
         -0.99663196, -0.99601727],
        ...,
        [ 0.75446696,  0.99324936,  0.98461424, ...,  0.        ,
         -0.09341081, -0.26183487],
        [ 0.6898591 ,  0.99974206,  0.99663196, ...,  0.09341081,
          0.        , -0.17053807],
        [ 0.55629346,  0.98897008,  0.99601727, ...,  0.26183487,
          0.17053807,  0.        ]],

       [[ 0.        , -0.42630994, -0.88559087, ..., -0.66432252,
         -0.8562998 , -0.71302692],
        [ 0.42630994,  0.        , -0.60307873, ..., -0.2822873 ,
         -0.55440908, -0.34608633],
        [ 0.88559087,  0.60307873,  0.        , ...,  0.35337606,
          0.05966688,  0.28974335],
        ...,
        [ 0.66432252,  0.2822873 , -0.35337606, ...,  0.        ,
         -0.29692922, -0.06716828],
        [ 0.8562998 ,  0.55440908, -0.05966688, ...,  0.29692922,
          0.        ,  0.23211969],
        [ 0.71302692,  0.34608633, -0.28974335, ...,  0.06716828,
         -0.23211969,  0.        ]],

       [[ 0.        ,  0.07537302,  0.53293871, ..., -0.90850571,
         -0.9137327 , -0.88225668],
        [-0.07537302,  0.        ,  0.46764555, ..., -0.87442507,
         -0.88050825, -0.84426376],
        [-0.53293871, -0.46764555,  0.        , ..., -0.54603519,
         -0.556617  , -0.49563403],
        ...,
        [ 0.90850571,  0.87442507,  0.54603519, ...,  0.        ,
          0.01268347, -0.05902528],
        [ 0.9137327 ,  0.88050825,  0.556617  , ..., -0.01268347,
          0.        , -0.07168188],
        [ 0.88225668,  0.84426376,  0.49563403, ...,  0.05902528,
          0.07168188,  0.        ]],

       ...,

       [[ 0.        , -0.10157256, -0.21117886, ...,  0.04323776,
         -0.04952533, -0.08907144],
        [ 0.10157256,  0.        , -0.11080484, ...,  0.14449171,
          0.05217872,  0.01255805],
        [ 0.21117886,  0.11080484,  0.        , ...,  0.253244  ,
          0.16251131,  0.12327682],
        ...,
        [-0.04323776, -0.14449171, -0.253244  , ...,  0.        ,
         -0.09266372, -0.13205405],
        [ 0.04952533, -0.05217872, -0.16251131, ...,  0.09266372,
          0.        , -0.03963366],
        [ 0.08907144, -0.01255805, -0.12327682, ...,  0.13205405,
          0.03963366,  0.        ]],

       [[ 0.        , -0.06950905, -0.15227529, ..., -0.43151615,
         -0.17979905, -0.        ],
        [ 0.06950905,  0.        , -0.08320854, ..., -0.49317692,
         -0.24774046, -0.06950905],
        [ 0.15227529,  0.08320854,  0.        , ..., -0.56385219,
         -0.32749597, -0.15227529],
        ...,
        [ 0.43151615,  0.49317692,  0.56385219, ...,  0.        ,
         -0.26228623, -0.43151615],
        [ 0.17979905,  0.24774046,  0.32749597, ...,  0.26228623,
          0.        , -0.17979905],
        [ 0.        ,  0.06950905,  0.15227529, ...,  0.43151615,
          0.17979905,  0.        ]],

       [[ 0.        , -0.08762689, -0.18309939, ..., -0.72714083,
         -0.76895385, -0.7568865 ],
        [ 0.08762689,  0.        , -0.09624956, ..., -0.78449862,
         -0.82201621, -0.81124327],
        [ 0.18309939,  0.09624956,  0.        , ..., -0.84054367,
         -0.87301045, -0.86375482],
        ...,
        [ 0.72714083,  0.78449862,  0.84054367, ...,  0.        ,
          0.06301359,  0.04437352],
        [ 0.76895385,  0.82201621,  0.87301045, ..., -0.06301359,
          0.        , -0.01866619],
        [ 0.7568865 ,  0.81124327,  0.86375482, ..., -0.04437352,
          0.01866619,  0.        ]]]), 'num': array([ 7.54309779e-01,  6.56101564e-01,  2.59124579e-06, -1.75772840e-07,
        5.45601198e-03,  5.51359522e-03,  5.21128321e-03,  1.72366791e-02,
        3.59895249e-05,  5.55678265e-03,  5.54382642e-03,  6.30944358e-03,
        7.15791662e-06,  5.84038011e-03,  5.24727273e-03])}
{'img': array([[[ 0.        , -0.088423  , -0.18522447, ..., -0.97717119,
         -0.92280128, -0.94146883],
        [ 0.088423  ,  0.        , -0.097606  , ..., -0.9921294 ,
         -0.95325396, -0.96758851],
        [ 0.18522447,  0.097606  ,  0.        , ..., -0.99961403,
         -0.97819594, -0.98761706],
        ...,
        [ 0.97717119,  0.9921294 ,  0.99961403, ...,  0.        ,
         -0.18042855, -0.12938615],
        [ 0.92280128,  0.95325396,  0.97819594, ...,  0.18042855,
          0.        ,  0.05164925],
        [ 0.94146883,  0.96758851,  0.98761706, ...,  0.12938615,
         -0.05164925,  0.        ]],

       [[ 0.        , -0.60307873, -0.56308736, ..., -0.55440908,
         -0.34608633, -0.26403183],
        [ 0.60307873,  0.        ,  0.04921821, ...,  0.05966688,
          0.28974335,  0.3710645 ],
        [ 0.56308736, -0.04921821,  0.        , ...,  0.01046404,
          0.24228522,  0.32491041],
        ...,
        [ 0.55440908, -0.05966688, -0.01046404, ...,  0.        ,
          0.23211969,  0.31499631],
        [ 0.34608633, -0.28974335, -0.24228522, ..., -0.23211969,
          0.        ,  0.08608973],
        [ 0.26403183, -0.3710645 , -0.32491041, ..., -0.31499631,
         -0.08608973,  0.        ]],

       [[ 0.        ,  0.46764555,  0.19466896, ..., -0.88050825,
         -0.84426376, -0.85592485],
        [-0.46764555,  0.        , -0.28662799, ..., -0.556617  ,
         -0.49563403, -0.51474612],
        [-0.19466896,  0.28662799,  0.        , ..., -0.77138416,
         -0.72378363, -0.73888679],
        ...,
        [ 0.88050825,  0.556617  ,  0.77138416, ...,  0.        ,
         -0.07168188, -0.04957626],
        [ 0.84426376,  0.49563403,  0.72378363, ...,  0.07168188,
          0.        ,  0.02214501],
        [ 0.85592485,  0.51474612,  0.73888679, ...,  0.04957626,
         -0.02214501,  0.        ]],

       ...,

       [[ 0.        , -0.11080484, -0.01152347, ...,  0.05217872,
          0.01255805,  0.04092711],
        [ 0.11080484,  0.        ,  0.09934497, ...,  0.16251131,
          0.12327682,  0.15138709],
        [ 0.01152347, -0.09934497,  0.        , ...,  0.06368303,
          0.02407978,  0.05243821],
        ...,
        [-0.05217872, -0.16251131, -0.06368303, ...,  0.        ,
         -0.03963366, -0.01126364],
        [-0.01255805, -0.12327682, -0.02407978, ...,  0.03963366,
          0.        ,  0.02837635],
        [-0.04092711, -0.15138709, -0.05243821, ...,  0.01126364,
         -0.02837635,  0.        ]],

       [[ 0.        , -0.13542215, -0.33755991, ..., -0.2239602 ,
         -0.13504158, -0.        ],
        [ 0.13542215,  0.        , -0.20697689, ..., -0.35387927,
         -0.26797925, -0.13542215],
        [ 0.33755991,  0.20697689,  0.        , ..., -0.53979995,
         -0.46158302, -0.33755991],
        ...,
        [ 0.2239602 ,  0.35387927,  0.53979995, ...,  0.        ,
         -0.09029741, -0.2239602 ],
        [ 0.13504158,  0.26797925,  0.46158302, ...,  0.09029741,
          0.        , -0.13504158],
        [ 0.        ,  0.13542215,  0.33755991, ...,  0.2239602 ,
          0.13504158,  0.        ]],

       [[ 0.        , -0.09624956, -0.14250996, ..., -0.82201621,
         -0.81124327, -0.80317534],
        [ 0.09624956,  0.        , -0.04658114, ..., -0.87301045,
         -0.86375482, -0.85678636],
        [ 0.14250996,  0.04658114,  0.        , ..., -0.8947805 ,
         -0.88629004, -0.87987689],
        ...,
        [ 0.82201621,  0.87301045,  0.8947805 , ...,  0.        ,
         -0.01866619, -0.03233066],
        [ 0.81124327,  0.86375482,  0.88629004, ...,  0.01866619,
          0.        , -0.0136686 ],
        [ 0.80317534,  0.85678636,  0.87987689, ...,  0.03233066,
          0.0136686 ,  0.        ]]]), 'num': array([ 7.20402019e-01,  6.93186494e-01,  6.86394076e-07, -1.58054539e-07,
        5.44310502e-03,  5.53233625e-03,  5.20286709e-03,  1.66753950e-02,
        2.40237927e-04,  5.29896226e-03,  5.28695037e-03,  5.99073309e-03,
        8.20605208e-06,  5.57048596e-03,  5.00341478e-03])}
{'img': array([[[ 0.00000000e+00, -9.76060022e-02,  1.12463485e-01, ...,
         -9.53253964e-01, -9.67588511e-01, -9.99058100e-01],
        [ 9.76060022e-02,  0.00000000e+00,  2.08913263e-01, ...,
         -9.78195938e-01, -9.87617057e-01, -9.90052358e-01],
        [-1.12463485e-01, -2.08913263e-01,  0.00000000e+00, ...,
         -9.13223262e-01, -9.33049349e-01, -9.97600011e-01],
        ...,
        [ 9.53253964e-01,  9.78195938e-01,  9.13223262e-01, ...,
          0.00000000e+00,  5.16492467e-02,  3.43249792e-01],
        [ 9.67588511e-01,  9.87617057e-01,  9.33049349e-01, ...,
         -5.16492467e-02,  0.00000000e+00,  2.94280399e-01],
        [ 9.99058100e-01,  9.90052358e-01,  9.97600011e-01, ...,
         -3.43249792e-01, -2.94280399e-01,  0.00000000e+00]],

       [[ 0.00000000e+00,  4.92182140e-02,  2.03921505e-01, ...,
          2.89743346e-01,  3.71064501e-01,  3.80569694e-01],
        [-4.92182140e-02,  0.00000000e+00,  1.55490358e-01, ...,
          2.42285223e-01,  3.24910406e-01,  3.34593809e-01],
        [-2.03921505e-01, -1.55490358e-01,  0.00000000e+00, ...,
          8.84808736e-02,  1.73904456e-01,  1.83996007e-01],
        ...,
        [-2.89743346e-01, -2.42285223e-01, -8.84808736e-02, ...,
          0.00000000e+00,  8.60897323e-02,  9.63041129e-02],
        [-3.71064501e-01, -3.24910406e-01, -1.73904456e-01, ...,
         -8.60897323e-02,  0.00000000e+00,  1.02569895e-02],
        [-3.80569694e-01, -3.34593809e-01, -1.83996007e-01, ...,
         -9.63041129e-02, -1.02569895e-02,  0.00000000e+00]],

       [[ 0.00000000e+00, -2.86627993e-01, -3.81241399e-01, ...,
         -4.95634026e-01, -5.14746120e-01, -5.14746120e-01],
        [ 2.86627993e-01,  0.00000000e+00, -1.00264692e-01, ...,
         -7.23783625e-01, -7.38886786e-01, -7.38886786e-01],
        [ 3.81241399e-01,  1.00264692e-01,  0.00000000e+00, ...,
         -7.89321679e-01, -8.02724704e-01, -8.02724704e-01],
        ...,
        [ 4.95634026e-01,  7.23783625e-01,  7.89321679e-01, ...,
          0.00000000e+00,  2.21450101e-02,  2.21450101e-02],
        [ 5.14746120e-01,  7.38886786e-01,  8.02724704e-01, ...,
         -2.21450101e-02,  0.00000000e+00,  0.00000000e+00],
        [ 5.14746120e-01,  7.38886786e-01,  8.02724704e-01, ...,
         -2.21450101e-02,  0.00000000e+00,  0.00000000e+00]],

       ...,

       [[ 0.00000000e+00,  9.93449671e-02, -1.29272928e-01, ...,
          1.23276819e-01,  1.51387085e-01,  6.07029544e-01],
        [-9.93449671e-02,  0.00000000e+00, -2.27144791e-01, ...,
          2.40797792e-02,  5.24382089e-02,  5.25079215e-01],
        [ 1.29272928e-01,  2.27144791e-01,  0.00000000e+00, ...,
          2.50529285e-01,  2.77899805e-01,  7.04666506e-01],
        ...,
        [-1.23276819e-01, -2.40797792e-02, -2.50529285e-01, ...,
          0.00000000e+00,  2.83763544e-02,  5.04433786e-01],
