state_0,state_1,state_2,state_3,state_4,state_5,state_6,state_7,state_8,state_9,state_10,state_11,state_12,state_13,state_14,state_15,state_16,state_17,state_18,state_19,state_20,state_21,state_22,state_23,state_24,state_25,state_26,state_27,state_28,state_29,state_30,state_31,state_32,state_33,state_34,state_35,state_36,state_37,state_38,state_39,state_40,state_41,state_42,state_43,state_44,state_45,state_46,state_47,state_48,state_49,state_50,state_51,state_52,state_53,state_54,state_55,state_56,state_57,state_58,state_59,state_60,state_61,state_62,state_63,state_64,state_65,state_66,state_67,state_68,state_69,state_70,state_71,state_72,state_73,state_74,state_75,state_76,state_77,state_78,state_79,state_80,state_81,state_82,state_83,state_84,state_85,state_86,state_87,state_88,state_89,state_90,state_91,state_92,state_93,state_94,state_95,state_96,state_97,state_98,state_99,state_100,state_101,state_102,state_103,state_104,state_105,state_106,state_107,state_108,state_109,state_110,state_111,state_112,state_113,state_114,state_115,state_116,state_117,state_118,state_119,state_120,state_121,state_122,state_123,state_124,state_125,state_126,state_127,state_128,state_129,state_130,state_131,state_132,state_133,state_134,state_135,state_136,state_137,state_138,state_139,state_140,state_141,state_142,state_143,state_144,state_145,state_146,state_147,state_148,state_149,state_150,state_151,state_152,state_153,state_154,state_155,state_156,state_157,state_158,state_159,state_160,state_161,state_162,state_163,state_164,state_165,state_166,state_167,state_168,state_169,state_170,state_171,state_172,state_173,state_174,state_175,state_176,state_177,state_178,state_179,state_180,state_181,state_182,state_183,state_184,state_185,state_186,state_187,state_188,state_189,state_190,state_191,state_192,state_193,state_194,state_195,state_196,state_197,state_198,state_199,state_200,state_201,state_202,state_203,state_204,state_205,state_206,state_207,state_208,state_209,state_210,state_211,state_212,state_213,state_214,state_215,state_216,state_217,state_218,state_219,state_220,state_221,state_222,state_223,state_224,state_225,state_226,state_227,state_228,state_229,state_230,state_231,state_232,state_233,state_234,state_235,state_236,state_237,state_238,state_239,state_240,state_241,state_242,state_243,state_244,state_245,state_246,state_247,state_248,state_249,state_250,state_251,state_252,state_253,state_254,state_255,state_256,state_257,state_258,state_259,state_260,state_261,state_262,state_263,state_264,state_265,state_266,state_267,state_268,state_269,state_270,state_271,state_272,state_273,state_274,state_275,state_276,state_277,state_278,state_279,state_280,state_281,state_282,state_283,state_284,state_285,state_286,state_287
{'img': array([[[ 0.        , -0.02816868, -0.14135536, ...,  0.9964434 ,
          0.9920185 ,  0.63733333],
        [ 0.02816868,  0.        , -0.11341342, ...,  0.99367437,
          0.988073  ,  0.61537397],
        [ 0.14135536,  0.11341342,  0.        , ...,  0.97452676,
          0.96423373,  0.52200704],
        ...,
        [-0.9964434 , -0.99367437, -0.97452676, ...,  0.        ,
          0.04205176,  0.71414284],
        [-0.9920185 , -0.988073  , -0.96423373, ..., -0.04205176,
          0.        ,  0.68407491],
        [-0.63733333, -0.61537397, -0.52200704, ..., -0.71414284,
         -0.68407491,  0.        ]],

       [[ 0.        ,  0.02099063,  0.04333044, ...,  0.16219505,
          0.78368013,  0.94342297],
        [-0.02099063,  0.        ,  0.02234998, ...,  0.182872  ,
          0.77046883,  0.93625479],
        [-0.04333044, -0.02234998,  0.        , ...,  0.20479941,
          0.75602875,  0.92816889],
        ...,
        [-0.16219505, -0.182872  , -0.20479941, ...,  0.        ,
         -0.87405302, -0.98471339],
        [-0.78368013, -0.77046883, -0.75602875, ...,  0.87405302,
          0.        ,  0.32615908],
        [-0.94342297, -0.93625479, -0.92816889, ...,  0.98471339,
         -0.32615908,  0.        ]],

       [[ 0.        , -0.01675151, -0.04866883, ...,  0.93551467,
          0.99991893,  0.69670745],
        [ 0.01675151,  0.        , -0.03193034, ...,  0.94130151,
          0.99956533,  0.6845929 ],
        [ 0.04866883,  0.03193034,  0.        , ...,  0.95160017,
          0.99811429,  0.66096898],
        ...,
        [-0.93551467, -0.94130151, -0.95160017, ...,  0.        ,
          0.3651712 ,  0.91723475],
        [-0.99991893, -0.99956533, -0.99811429, ..., -0.3651712 ,
          0.        ,  0.70842597],
        [-0.69670745, -0.6845929 , -0.66096898, ..., -0.91723475,
         -0.70842597,  0.        ]],

       ...,

       [[ 0.        , -0.14542872, -0.50090109, ...,  0.98797834,
          0.98248681,  0.90326287],
        [ 0.14542872,  0.        , -0.36970666, ...,  0.99995705,
          0.99913977,  0.83125837],
        [ 0.50090109,  0.36970666,  0.        , ...,  0.93253521,
          0.94368077,  0.56684765],
        ...,
        [-0.98797834, -0.99995705, -0.93253521, ...,  0.        ,
         -0.03220719,  0.56356682],
        [-0.98248681, -0.99913977, -0.94368077, ...,  0.03220719,
          0.        ,  0.58987986],
        [-0.90326287, -0.83125837, -0.56684765, ..., -0.56356682,
         -0.58987986,  0.        ]],

       [[ 0.        ,  0.01018311,  0.03102746, ...,  0.90011129,
          0.99134965,  0.77725395],
        [-0.01018311,  0.        ,  0.02084764, ...,  0.89562825,
          0.98996174,  0.78362073],
        [-0.03102746, -0.02084764,  0.        , ...,  0.88616049,
          0.98680007,  0.7964018 ],
        ...,
        [-0.90011129, -0.89562825, -0.88616049, ...,  0.        ,
          0.31375416,  0.90495681],
        [-0.99134965, -0.98996174, -0.98680007, ..., -0.31375416,
          0.        ,  0.72575687],
        [-0.77725395, -0.78362073, -0.7964018 , ..., -0.90495681,
         -0.72575687,  0.        ]],

       [[ 0.        , -0.39673341, -0.64900762, ..., -0.99217486,
         -0.99690673, -0.69651806],
        [ 0.39673341,  0.        , -0.29391848, ..., -0.86121633,
         -0.94627519, -0.92402932],
        [ 0.64900762,  0.29391848,  0.        , ..., -0.67379612,
         -0.80943648, -0.99558679],
        ...,
        [ 0.99217486,  0.86121633,  0.67379612, ...,  0.        ,
         -0.20244853, -0.79888895],
        [ 0.99690673,  0.94627519,  0.80943648, ...,  0.20244853,
          0.        , -0.66057783],
        [ 0.69651806,  0.92402932,  0.99558679, ...,  0.79888895,
          0.66057783,  0.        ]]]), 'num': array([ 7.04860973e-01,  7.04860973e-01,  0.00000000e+00,  0.00000000e+00,
        4.94701420e-05,  5.03556458e-05,  4.76401010e-05,  7.96366804e-02,
       -5.90335824e-07,  4.66011099e-05,  3.86758515e-05,  3.42247194e-05,
        9.57789755e-07,  4.91928644e-05,  2.81588386e-05])}
{'img': array([[[ 0.        , -0.11341342, -0.07006043, ...,  0.988073  ,
          0.61537397,  0.84553238],
        [ 0.11341342,  0.        ,  0.04352635, ...,  0.96423373,
          0.52200704,  0.77952274],
        [ 0.07006043, -0.04352635,  0.        , ...,  0.97485672,
          0.55863774,  0.80604775],
        ...,
        [-0.988073  , -0.96423373, -0.97485672, ...,  0.        ,
          0.68407491,  0.3973557 ],
        [-0.61537397, -0.52200704, -0.55863774, ..., -0.68407491,
          0.        , -0.33791545],
        [-0.84553238, -0.77952274, -0.80604775, ..., -0.3973557 ,
          0.33791545,  0.        ]],

       [[ 0.        ,  0.02234998, -0.04316112, ...,  0.77046883,
          0.93625479,  0.42959331],
        [-0.02234998,  0.        , -0.06547949, ...,  0.75602875,
          0.92816889,  0.40930347],
        [ 0.04316112,  0.06547949,  0.        , ...,  0.7972651 ,
          0.95054576,  0.46816844],
        ...,
        [-0.77046883, -0.75602875, -0.7972651 , ...,  0.        ,
          0.32615908, -0.42189452],
        [-0.93625479, -0.92816889, -0.95054576, ..., -0.32615908,
          0.        , -0.69453365],
        [-0.42959331, -0.40930347, -0.46816844, ...,  0.42189452,
          0.69453365,  0.        ]],

       [[ 0.        , -0.02974981, -0.05819973, ...,  0.98465977,
          0.98614267,  0.64923961],
        [ 0.02974981,  0.        , -0.02847459, ...,  0.98941484,
          0.9807707 ,  0.62632501],
        [ 0.05819973,  0.02847459,  0.        , ...,  0.99314573,
          0.97481581,  0.60387334],
        ...,
        [-0.98465977, -0.98941484, -0.99314573, ...,  0.        ,
          0.33542202,  0.86219922],
        [-0.98614267, -0.9807707 , -0.97481581, ..., -0.33542202,
          0.        ,  0.64233577],
        [-0.64923961, -0.62632501, -0.60387334, ..., -0.86219922,
         -0.64233577,  0.        ]],

       ...,

       [[ 0.        , -0.36970666, -0.22351548, ...,  0.99913977,
          0.83125837,  0.98438063],
        [ 0.36970666,  0.        ,  0.15267414, ...,  0.94368077,
          0.56684765,  0.84954772],
        [ 0.22351548, -0.15267414,  0.        , ...,  0.98313097,
          0.68597867,  0.92012553],
        ...,
        [-0.99913977, -0.94368077, -0.98313097, ...,  0.        ,
          0.58987986,  0.21672357],
        [-0.83125837, -0.56684765, -0.68597867, ..., -0.58987986,
          0.        , -0.40085785],
        [-0.98438063, -0.84954772, -0.92012553, ..., -0.21672357,
          0.40085785,  0.        ]],

       [[ 0.        ,  0.01937899,  0.02850684, ...,  0.94808525,
          0.99913509,  0.74783028],
        [-0.01937899,  0.        ,  0.00913037, ...,  0.94174438,
          0.99975328,  0.76055536],
        [-0.02850684, -0.00913037,  0.        , ...,  0.93863431,
          0.99991441,  0.76645176],
        ...,
        [-0.94808525, -0.94174438, -0.93863431, ...,  0.        ,
          0.35716463,  0.86724648],
        [-0.99913509, -0.99975328, -0.99991441, ..., -0.35716463,
          0.        ,  0.63221937],
        [-0.74783028, -0.76055536, -0.76645176, ..., -0.86724648,
         -0.63221937,  0.        ]],

       [[ 0.        , -0.54854096, -0.69824282, ..., -0.99923265,
         -0.7087566 , -0.41707976],
        [ 0.54854096,  0.        , -0.19113828, ..., -0.8569672 ,
         -0.9795781 , -0.84728263],
        [ 0.69824282,  0.19113828,  0.        , ..., -0.74266028,
         -0.99994877, -0.93318301],
        ...,
        [ 0.99923265,  0.8569672 ,  0.74266028, ...,  0.        ,
         -0.67715136, -0.89183639],
        [ 0.7087566 ,  0.9795781 ,  0.99994877, ...,  0.67715136,
          0.        , -0.34993732],
        [ 0.41707976,  0.84728263,  0.93318301, ...,  0.89183639,
          0.34993732,  0.        ]]]), 'num': array([5.95494342e-01, 5.95494342e-01, 0.00000000e+00, 0.00000000e+00,
       4.57343645e-05, 4.98240241e-05, 4.12955875e-05, 5.39233683e-01,
       3.94003794e-06, 4.19140239e-05, 3.35252342e-05, 2.92244418e-05,
       8.46151176e-07, 4.38716149e-05, 2.31788535e-05])}
{'img': array([[[ 0.        ,  0.03940215,  0.04884435, ...,  0.97487784,
          0.98705484,  0.4791178 ],
        [-0.03940215,  0.        ,  0.0094513 , ...,  0.98289722,
          0.99260776,  0.51333099],
        [-0.04884435, -0.0094513 ,  0.        , ...,  0.98459382,
          0.9937105 ,  0.52141908],
        ...,
        [-0.97487784, -0.98289722, -0.98459382, ...,  0.        ,
         -0.06350285,  0.74898081],
        [-0.98705484, -0.99260776, -0.9937105 , ...,  0.06350285,
          0.        ,  0.78954557],
        [-0.4791178 , -0.51333099, -0.52141908, ..., -0.74898081,
         -0.78954557,  0.        ]],

       [[ 0.        , -0.06547949, -0.08847132, ...,  0.92816889,
          0.40930347,  0.92430114],
        [ 0.06547949,  0.        , -0.02305873, ...,  0.95054576,
          0.46816844,  0.89732635],
        [ 0.08847132,  0.02305873,  0.        , ...,  0.95745471,
          0.48841956,  0.88691038],
        ...,
        [-0.92816889, -0.95054576, -0.95745471, ...,  0.        ,
         -0.69453365,  0.69823587],
        [-0.40930347, -0.46816844, -0.48841956, ...,  0.69453365,
          0.        ,  0.99954719],
        [-0.92430114, -0.89732635, -0.88691038, ..., -0.69823587,
         -0.99954719,  0.        ]],

       [[ 0.        , -0.02590631, -0.06437831, ...,  0.9941393 ,
          0.99067617,  0.58064922],
        [ 0.02590631,  0.        , -0.03850413, ...,  0.99660629,
          0.98681425,  0.55936261],
        [ 0.06437831,  0.03850413,  0.        , ...,  0.99903675,
          0.97985032,  0.52703085],
        ...,
        [-0.9941393 , -0.99660629, -0.99903675, ...,  0.        ,
          0.242538  ,  0.87215438],
        [-0.99067617, -0.98681425, -0.97985032, ..., -0.242538  ,
          0.        ,  0.72745646],
        [-0.58064922, -0.55936261, -0.52703085, ..., -0.87215438,
         -0.72745646,  0.        ]],

       ...,

       [[ 0.        ,  0.15131403,  0.15131403, ...,  0.75172511,
          0.88224786,  0.56275159],
        [-0.15131403,  0.        ,  0.        , ...,  0.84285761,
          0.94332584,  0.68135205],
        [-0.15131403,  0.        ,  0.        , ...,  0.84285761,
          0.94332584,  0.68135205],
        ...,
        [-0.75172511, -0.84285761, -0.84285761, ...,  0.        ,
         -0.22792073,  0.25027408],
        [-0.88224786, -0.94332584, -0.94332584, ...,  0.22792073,
          0.        ,  0.46435395],
        [-0.56275159, -0.68135205, -0.68135205, ..., -0.25027408,
         -0.46435395,  0.        ]],

       [[ 0.        ,  0.00832987,  0.01382441, ...,  0.96967389,
          0.99999959,  0.71498063],
        [-0.00832987,  0.        ,  0.00549485, ...,  0.9676044 ,
          0.99997243,  0.72077961],
        [-0.01382441, -0.00549485,  0.        , ...,  0.9662025 ,
          0.99991653,  0.72457756],
        ...,
        [-0.96967389, -0.9676044 , -0.9662025 , ...,  0.        ,
          0.24527914,  0.85268494],
        [-0.99999959, -0.99997243, -0.99991653, ..., -0.24527914,
          0.        ,  0.69849748],
        [-0.71498063, -0.72077961, -0.72457756, ..., -0.85268494,
         -0.69849748,  0.        ]],

       [[ 0.        , -0.24131979, -0.38210633, ..., -0.99106972,
         -0.9370407 , -0.33780325],
        [ 0.24131979,  0.        , -0.14780537, ..., -0.99395802,
         -0.99362081, -0.55495392],
        [ 0.38210633,  0.14780537,  0.        , ..., -0.96681759,
         -0.99937576, -0.67181506],
        ...,
        [ 0.99106972,  0.99395802,  0.96681759, ...,  0.        ,
         -0.2211521 , -0.88776713],
        [ 0.9370407 ,  0.99362081,  0.99937576, ...,  0.2211521 ,
          0.        , -0.76399069],
        [ 0.33780325,  0.55495392,  0.67181506, ...,  0.88776713,
          0.76399069,  0.        ]]]), 'num': array([ 6.84107268e-01,  6.84107268e-01,  0.00000000e+00,  0.00000000e+00,
        5.21388286e-05,  5.94726418e-05,  5.18523515e-05,  2.52971294e-01,
       -4.01067912e-07,  4.94459440e-05,  3.95023246e-05,  3.39332101e-05,
        9.56140064e-07,  5.24232971e-05,  2.65813520e-05])}
{'img': array([[[ 0.        ,  0.0094513 ,  0.0279259 , ...,  0.99260776,
          0.51333099,  0.7183738 ],
        [-0.0094513 ,  0.        ,  0.01847704, ...,  0.9937105 ,
          0.52141908,  0.72491657],
        [-0.0279259 , -0.01847704,  0.        , ...,  0.99560991,
          0.53709654,  0.73752048],
        ...,
        [-0.99260776, -0.9937105 , -0.99560991, ...,  0.        ,
          0.78954557,  0.60332833],
        [-0.51333099, -0.52141908, -0.53709654, ..., -0.78954557,
          0.        , -0.25939926],
        [-0.7183738 , -0.72491657, -0.73752048, ..., -0.60332833,
          0.25939926,  0.        ]],

       [[ 0.        , -0.02305873, -0.04624314, ...,  0.46816844,
          0.89732635,  0.87079469],
        [ 0.02305873,  0.        , -0.02319679, ...,  0.48841956,
          0.88691038,  0.8818999 ],
        [ 0.04624314,  0.02319679,  0.        , ...,  0.50852986,
          0.87595617,  0.89259842],
        ...,
        [-0.46816844, -0.48841956, -0.50852986, ...,  0.        ,
          0.99954719,  0.53929482],
        [-0.89732635, -0.88691038, -0.87595617, ..., -0.99954719,
          0.        , -0.82550829],
        [-0.87079469, -0.8818999 , -0.89259842, ..., -0.53929482,
          0.82550829,  0.        ]],

       [[ 0.        , -0.03712685, -0.05309103, ...,  0.99915795,
          0.88620674,  0.54251513],
        [ 0.03712685,  0.        , -0.01597994, ...,  0.9969458 ,
          0.86839526,  0.51095284],
        [ 0.05309103,  0.01597994,  0.        , ...,  0.99557053,
          0.86036036,  0.4971511 ],
        ...,
        [-0.99915795, -0.9969458 , -0.99557053, ...,  0.        ,
          0.42653949,  0.81707969],
        [-0.88620674, -0.86839526, -0.86036036, ..., -0.42653949,
          0.        ,  0.49311263],
        [-0.54251513, -0.51095284, -0.4971511 , ..., -0.81707969,
         -0.49311263,  0.        ]],

       ...,

       [[ 0.        ,  0.        ,  0.27153278, ...,  0.94332584,
          0.68135205,  0.86415764],
        [ 0.        ,  0.        ,  0.27153278, ...,  0.94332584,
          0.68135205,  0.86415764],
        [-0.27153278, -0.27153278,  0.        , ...,  0.99799736,
          0.85450311,  0.96833159],
        ...,
        [-0.94332584, -0.94332584, -0.99799736, ...,  0.        ,
          0.46435395,  0.18791529],
        [-0.68135205, -0.68135205, -0.85450311, ..., -0.46435395,
          0.        , -0.28965447],
        [-0.86415764, -0.86415764, -0.96833159, ..., -0.18791529,
          0.28965447,  0.        ]],

       [[ 0.        ,  0.00517341, -0.00299952, ...,  0.98338011,
          0.98517697,  0.69068249],
        [-0.00517341,  0.        , -0.00817287, ...,  0.98242767,
          0.98605124,  0.69441445],
        [ 0.00299952,  0.00817287,  0.        , ...,  0.98392028,
          0.984658  ,  0.68851026],
        ...,
        [-0.98338011, -0.98242767, -0.98392028, ...,  0.        ,
          0.34755749,  0.83653874],
        [-0.98517697, -0.98605124, -0.984658  , ..., -0.34755749,
          0.        ,  0.59395835],
        [-0.69068249, -0.69441445, -0.68851026, ..., -0.83653874,
         -0.59395835,  0.        ]],

       [[ 0.        , -0.14684687, -0.25673076, ..., -0.99579714,
         -0.71811831, -0.55200574],
        [ 0.14684687,  0.        , -0.1120226 , ..., -0.99845111,
         -0.81252719, -0.66846842],
        [ 0.25673076,  0.1120226 ,  0.        , ..., -0.98593401,
         -0.87271345, -0.7475766 ],
        ...,
        [ 0.99579714,  0.99845111,  0.98593401, ...,  0.        ,
         -0.62722632, -0.77977958],
        [ 0.71811831,  0.81252719,  0.87271345, ...,  0.62722632,
          0.        , -0.21464358],
        [ 0.55200574,  0.66846842,  0.7475766 , ...,  0.77977958,
          0.21464358,  0.        ]]]), 'num': array([ 9.16467167e-01,  3.40436685e-01,  1.22821005e-04, -1.32931112e-10,
        7.06525833e-05,  7.47200028e-05,  6.60579057e-05,  2.10215960e-01,
        2.10903234e-06,  6.70521638e-05,  5.32643649e-05,  4.51132060e-05,
        1.25959614e-06,  7.16738129e-05,  3.48549168e-05])}
{'img': array([[[ 0.        ,  0.01798429,  0.02678042, ...,  0.83065125,
          0.86776136,  0.50950936],
        [-0.01798429,  0.        ,  0.00879825, ...,  0.84053043,
          0.87655886,  0.5249018 ],
        [-0.02678042, -0.00879825,  0.        , ...,  0.84526448,
          0.88075949,  0.53237023],
        ...,
        [-0.83065125, -0.84053043, -0.84526448, ...,  0.        ,
         -0.07034551,  0.43105515],
        [-0.86776136, -0.87655886, -0.88075949, ...,  0.07034551,
          0.        ,  0.49346185],
        [-0.50950936, -0.5249018 , -0.53237023, ..., -0.43105515,
         -0.49346185,  0.        ]],

       [[ 0.        , -0.02319679, -0.00752468, ...,  0.88691038,
          0.8818999 ,  0.7238843 ],
        [ 0.02319679,  0.        ,  0.01567348, ...,  0.87595617,
          0.89259842,  0.73969348],
        [ 0.00752468, -0.01567348,  0.        , ...,  0.88340931,
          0.88542234,  0.72905524],
        ...,
        [-0.88691038, -0.87595617, -0.88340931, ...,  0.        ,
         -0.82550829, -0.94629066],
        [-0.8818999 , -0.89259842, -0.88542234, ...,  0.82550829,
          0.        , -0.26717598],
        [-0.7238843 , -0.73969348, -0.72905524, ...,  0.94629066,
          0.26717598,  0.        ]],

       [[ 0.        , -0.01534853, -0.02205877, ...,  0.95276934,
          0.87310163,  0.49340935],
        [ 0.01534853,  0.        , -0.00671137, ...,  0.94799584,
          0.86551579,  0.48000112],
        [ 0.02205877,  0.00671137,  0.        , ...,  0.94583837,
          0.86213469,  0.47410264],
        ...,
        [-0.95276934, -0.94799584, -0.94583837, ...,  0.        ,
          0.19935499,  0.67887023],
        [-0.87310163, -0.86551579, -0.86213469, ..., -0.19935499,
          0.        ,  0.51886545],
        [-0.49340935, -0.48000112, -0.47410264, ..., -0.67887023,
         -0.51886545,  0.        ]],

       ...,

       [[ 0.        ,  0.27153278,  0.20290512, ...,  0.68135205,
          0.86415764,  0.85437167],
        [-0.27153278,  0.        , -0.07060265, ...,  0.85450311,
          0.96833159,  0.96337762],
        [-0.20290512,  0.07060265,  0.        , ...,  0.81569643,
          0.94828794,  0.94204155],
        ...,
        [-0.68135205, -0.85450311, -0.81569643, ...,  0.        ,
         -0.28965447, -0.2712893 ],
        [-0.86415764, -0.96833159, -0.94828794, ...,  0.28965447,
          0.        ,  0.01913233],
        [-0.85437167, -0.96337762, -0.94204155, ...,  0.2712893 ,
         -0.01913233,  0.        ]],

       [[ 0.        , -0.00773087, -0.0167615 , ...,  0.99931078,
          0.97483206,  0.66665366],
        [ 0.00773087,  0.        , -0.00903121, ...,  0.9995679 ,
          0.9730794 ,  0.6608714 ],
        [ 0.0167615 ,  0.00903121,  0.        , ...,  0.9997926 ,
          0.97095829,  0.65406653],
        ...,
        [-0.99931078, -0.9995679 , -0.9997926 , ...,  0.        ,
          0.25897348,  0.76960069],
        [-0.97483206, -0.9730794 , -0.97095829, ..., -0.25897348,
          0.        ,  0.57798416],
        [-0.66665366, -0.6608714 , -0.65406653, ..., -0.76960069,
         -0.57798416,  0.        ]],

       [[ 0.        , -0.11092124, -0.19466351, ..., -0.87403531,
         -0.83359673, -0.66364948],
        [ 0.11092124,  0.        , -0.08466295, ..., -0.92253428,
         -0.88972273, -0.74252817],
        [ 0.19466351,  0.08466295,  0.        , ..., -0.95189477,
         -0.92517706, -0.79657073],
        ...,
        [ 0.87403531,  0.92253428,  0.95189477, ...,  0.        ,
         -0.07778064, -0.33137427],
        [ 0.83359673,  0.88972273,  0.92517706, ...,  0.07778064,
          0.        , -0.25698439],
        [ 0.66364948,  0.74252817,  0.79657073, ...,  0.33137427,
          0.25698439,  0.        ]]]), 'num': array([ 9.58153799e-01,  2.78029194e-01,  1.50971063e-04,  3.08264305e-08,
        7.30217562e-05,  7.63446108e-05,  7.28596657e-05,  6.81249383e-02,
       -2.99867367e-06,  7.30055471e-05,  5.85349205e-05,  4.90310161e-05,
        1.29802830e-06,  7.90378512e-05,  3.80319899e-05])}
{'img': array([[[ 0.        ,  0.00879825,  0.00879825, ...,  0.87655886,
          0.5249018 ,  0.91195766],
        [-0.00879825,  0.        ,  0.        , ...,  0.88075949,
          0.53237023,  0.91553214],
        [-0.00879825,  0.        ,  0.        , ...,  0.88075949,
          0.53237023,  0.91553214],
        ...,
        [-0.87655886, -0.88075949, -0.88075949, ...,  0.        ,
          0.49346185, -0.07928199],
        [-0.5249018 , -0.53237023, -0.53237023, ..., -0.49346185,
          0.        , -0.56086544],
        [-0.91195766, -0.91553214, -0.91553214, ...,  0.07928199,
          0.56086544,  0.        ]],

       [[ 0.        ,  0.01567348,  0.0389355 , ...,  0.89259842,
          0.73969348,  0.38407347],
        [-0.01567348,  0.        ,  0.02326912, ...,  0.88542234,
          0.72905524,  0.36955493],
        [-0.0389355 , -0.02326912,  0.        , ...,  0.87436741,
          0.71293118,  0.34783299],
        ...,
        [-0.89259842, -0.88542234, -0.87436741, ...,  0.        ,
         -0.26717598, -0.65097786],
        [-0.73969348, -0.72905524, -0.71293118, ...,  0.26717598,
          0.        , -0.42450095],
        [-0.38407347, -0.36955493, -0.34783299, ...,  0.65097786,
          0.42450095,  0.        ]],

       [[ 0.        , -0.00661257,  0.01084393, ...,  0.9046897 ,
          0.73577013,  0.47377954],
        [ 0.00661257,  0.        ,  0.01745588, ...,  0.9018525 ,
          0.73127581,  0.46794586],
        [-0.01084393, -0.01745588,  0.        , ...,  0.9092568 ,
          0.74307072,  0.48330132],
        ...,
        [-0.9046897 , -0.9018525 , -0.9092568 , ...,  0.        ,
          0.29919388,  0.59484535],
        [-0.73577013, -0.73127581, -0.74307072, ..., -0.29919388,
          0.        ,  0.32709282],
        [-0.47377954, -0.46794586, -0.48330132, ..., -0.59484535,
         -0.32709282,  0.        ]],

       ...,

       [[ 0.        , -0.07060265, -0.41724868, ...,  0.96833159,
          0.96337762,  0.99999816],
        [ 0.07060265,  0.        , -0.35204429, ...,  0.94828794,
          0.94204155,  0.99763817],
        [ 0.41724868,  0.35204429,  0.        , ...,  0.77583886,
          0.76362566,  0.90959141],
        ...,
        [-0.96833159, -0.94828794, -0.77583886, ...,  0.        ,
          0.01913233, -0.25152548],
        [-0.96337762, -0.94204155, -0.76362566, ..., -0.01913233,
          0.        , -0.26999668],
        [-0.99999816, -0.99763817, -0.90959141, ...,  0.25152548,
          0.26999668,  0.        ]],

       [[ 0.        , -0.00873952, -0.02651612, ...,  0.99551326,
          0.92423607,  0.64461039],
        [ 0.00873952,  0.        , -0.01777865, ...,  0.99464829,
          0.92086383,  0.6379043 ],
        [ 0.02651612,  0.01777865,  0.        , ...,  0.99265422,
          0.91378667,  0.62411186],
        ...,
        [-0.99551326, -0.99464829, -0.99265422, ...,  0.        ,
          0.29265525,  0.7000867 ],
        [-0.92423607, -0.92086383, -0.91378667, ..., -0.29265525,
          0.        ,  0.46046273],
        [-0.64461039, -0.6379043 , -0.62411186, ..., -0.7000867 ,
         -0.46046273,  0.        ]],

       [[ 0.        , -0.08466295, -0.14425162, ..., -0.88972273,
         -0.74252817, -0.9930328 ],
        [ 0.08466295,  0.        , -0.05995624, ..., -0.92517706,
         -0.79657073, -0.999444  ],
        [ 0.14425162,  0.05995624,  0.        , ..., -0.94626821,
         -0.83138397, -0.99964507],
        ...,
        [ 0.88972273,  0.92517706,  0.94626821, ...,  0.        ,
         -0.25698439,  0.34847738],
        [ 0.74252817,  0.79657073,  0.83138397, ...,  0.25698439,
          0.        ,  0.57764984],
        [ 0.9930328 ,  0.999444  ,  0.99964507, ..., -0.34847738,
         -0.57764984,  0.        ]]]), 'num': array([ 8.84240307e-01,  2.77834440e-01,  1.27933727e-04, -1.43086320e-08,
        6.84972175e-05,  7.42775735e-05,  6.77024186e-05,  3.75402527e-01,
        3.39595910e-06,  6.66764054e-05,  5.35116448e-05,  4.42040676e-05,
        1.15953247e-06,  7.24713774e-05,  3.45519122e-05])}
{'img': array([[[ 0.        ,  0.        , -0.00868963, ...,  0.7561936 ,
          0.93934206,  0.52678269],
        [ 0.        ,  0.        , -0.00868963, ...,  0.7561936 ,
          0.93934206,  0.52678269],
        [ 0.00868963,  0.00868963,  0.        , ...,  0.75047901,
          0.93632621,  0.51937661],
        ...,
        [-0.7561936 , -0.7561936 , -0.75047901, ...,  0.        ,
         -0.35529594,  0.29806539],
        [-0.93934206, -0.93934206, -0.93632621, ...,  0.35529594,
          0.        ,  0.6177639 ],
        [-0.52678269, -0.52678269, -0.51937661, ..., -0.29806539,
         -0.6177639 ,  0.        ]],

       [[ 0.        ,  0.02326912, -0.0020872 , ...,  0.72905524,
          0.36955493,  0.93434908],
        [-0.02326912,  0.        , -0.02535571, ...,  0.71293118,
          0.34783299,  0.92580393],
        [ 0.0020872 ,  0.02535571,  0.        , ...,  0.73048225,
          0.37149357,  0.93509084],
        ...,
        [-0.72905524, -0.71293118, -0.73048225, ...,  0.        ,
         -0.42450095,  0.37971431],
        [-0.36955493, -0.34783299, -0.37149357, ...,  0.42450095,
          0.        ,  0.73651121],
        [-0.93434908, -0.92580393, -0.93509084, ..., -0.37971431,
         -0.73651121,  0.        ]],

       [[ 0.        ,  0.01694879,  0.02316624, ...,  0.86590724,
          0.80898654,  0.45589344],
        [-0.01694879,  0.        ,  0.00621867, ...,  0.87426072,
          0.8188333 ,  0.47091296],
        [-0.02316624, -0.00621867,  0.        , ...,  0.87726271,
          0.82238717,  0.47638984],
        ...,
        [-0.86590724, -0.87426072, -0.87726271, ...,  0.        ,
          0.104345  ,  0.54264719],
        [-0.80898654, -0.8188333 , -0.82238717, ..., -0.104345  ,
          0.        ,  0.45203927],
        [-0.45589344, -0.47091296, -0.47638984, ..., -0.54264719,
         -0.45203927,  0.        ]],

       ...,

       [[ 0.        , -0.35204429, -0.81569643, ...,  0.94204155,
          0.99763817,  0.99694144],
        [ 0.35204429,  0.        , -0.55982762, ...,  0.76362566,
          0.90959141,  0.90560755],
        [ 0.81569643,  0.55982762,  0.        , ...,  0.2712893 ,
          0.52108518,  0.51296242],
        ...,
        [-0.94204155, -0.76362566, -0.2712893 , ...,  0.        ,
         -0.26999668, -0.2608475 ],
        [-0.99763817, -0.90959141, -0.52108518, ...,  0.26999668,
          0.        ,  0.00948945],
        [-0.99694144, -0.90560755, -0.51296242, ...,  0.2608475 ,
         -0.00948945,  0.        ]],

       [[ 0.        , -0.01715369, -0.05316572, ...,  0.97777494,
          0.92140864,  0.62035055],
        [ 0.01715369,  0.        , -0.03602847, ...,  0.97403468,
          0.91460723,  0.60680522],
        [ 0.05316572,  0.03602847,  0.        , ...,  0.9652455 ,
          0.89944556,  0.57777401],
        ...,
        [-0.97777494, -0.97403468, -0.9652455 , ...,  0.        ,
          0.1867785 ,  0.63683202],
        [-0.92140864, -0.91460723, -0.89944556, ..., -0.1867785 ,
          0.        ,  0.48161838],
        [-0.62035055, -0.60680522, -0.57777401, ..., -0.63683202,
         -0.48161838,  0.        ]],

       [[ 0.        , -0.05995624, -0.07356173, ..., -0.79657073,
         -0.999444  , -0.94884816],
        [ 0.05995624,  0.        , -0.01363559, ..., -0.83138397,
         -0.99964507, -0.92821104],
        [ 0.07356173,  0.01363559,  0.        , ..., -0.83888396,
         -0.99918887, -0.92305157],
        ...,
        [ 0.79657073,  0.83138397,  0.83888396, ...,  0.        ,
          0.57764984,  0.8251252 ],
        [ 0.999444  ,  0.99964507,  0.99918887, ..., -0.57764984,
          0.        ,  0.34719382],
        [ 0.94884816,  0.92821104,  0.92305157, ..., -0.8251252 ,
         -0.34719382,  0.        ]]]), 'num': array([ 9.72624094e-01,  1.78146478e-01,  1.69760174e-04,  4.00389301e-08,
        7.51705569e-05,  8.11135283e-05,  7.50099361e-05,  1.49218422e-01,
       -9.63725089e-07,  7.44156389e-05,  6.08512083e-05,  4.96612892e-05,
        1.26607021e-06,  8.22540855e-05,  3.94483311e-05])}
{'img': array([[[ 0.        , -0.00868963,  0.0417375 , ...,  0.93934206,
          0.52678269,  0.77494003],
        [ 0.00868963,  0.        ,  0.05041798, ...,  0.93632621,
          0.51937661,  0.76941862],
        [-0.0417375 , -0.05041798,  0.        , ...,  0.95283873,
          0.56180053,  0.80064431],
        ...,
        [-0.93934206, -0.93632621, -0.95283873, ...,  0.        ,
          0.6177639 ,  0.32790654],
        [-0.52678269, -0.51937661, -0.56180053, ..., -0.6177639 ,
          0.        , -0.32575405],
        [-0.77494003, -0.76941862, -0.80064431, ..., -0.32790654,
          0.32575405,  0.        ]],

       [[ 0.        , -0.02535571, -0.01283869, ...,  0.34783299,
          0.92580393,  0.57375239],
        [ 0.02535571,  0.        ,  0.01251905, ...,  0.37149357,
          0.93509084,  0.59433498],
        [ 0.01283869, -0.01251905,  0.        , ...,  0.35984132,
          0.93058071,  0.58422036],
        ...,
        [-0.34783299, -0.37149357, -0.35984132, ...,  0.        ,
          0.73651121,  0.25304004],
        [-0.92580393, -0.93509084, -0.93058071, ..., -0.73651121,
          0.        , -0.54137935],
        [-0.57375239, -0.59433498, -0.58422036, ..., -0.25304004,
          0.54137935,  0.        ]],

       [[ 0.        ,  0.00618805,  0.02235116, ...,  0.83841713,
          0.62923489,  0.46886756],
        [-0.00618805,  0.        ,  0.01616422, ...,  0.84177374,
          0.63403229,  0.47432429],
        [-0.02235116, -0.01616422,  0.        , ...,  0.85038971,
          0.64644935,  0.4884925 ],
        ...,
        [-0.83841713, -0.84177374, -0.85038971, ...,  0.        ,
          0.3086792 ,  0.48500096],
        [-0.62923489, -0.63403229, -0.64644935, ..., -0.3086792 ,
          0.        ,  0.19137235],
        [-0.46886756, -0.47432429, -0.4884925 , ..., -0.48500096,
         -0.19137235,  0.        ]],

       ...,

       [[ 0.        , -0.55982762,  0.41091552, ...,  0.90959141,
          0.90560755,  0.93657117],
        [ 0.55982762,  0.        ,  0.8508683 , ...,  0.52108518,
          0.51296242,  0.57984444],
        [-0.41091552, -0.8508683 ,  0.        , ...,  0.99998731,
          0.99989447,  0.99786367],
        ...,
        [-0.90959141, -0.52108518, -0.99998731, ...,  0.        ,
          0.00948945, -0.07035767],
        [-0.90560755, -0.51296242, -0.99989447, ..., -0.00948945,
          0.        , -0.07982044],
        [-0.93657117, -0.57984444, -0.99786367, ...,  0.07035767,
          0.07982044,  0.        ]],

       [[ 0.        , -0.03512272, -0.07357495, ...,  0.96183565,
          0.87451571,  0.59450202],
        [ 0.03512272,  0.        , -0.03850203, ...,  0.95163165,
          0.85694172,  0.56589324],
        [ 0.07357495,  0.03850203,  0.        , ...,  0.93909662,
          0.83646186,  0.53372955],
        ...,
        [-0.96183565, -0.95163165, -0.93909662, ...,  0.        ,
          0.22719574,  0.61073409],
        [-0.87451571, -0.85694172, -0.83646186, ..., -0.22719574,
          0.        ,  0.41486114],
        [-0.59450202, -0.56589324, -0.53372955, ..., -0.61073409,
         -0.41486114,  0.        ]],

       [[ 0.        , -0.01363559,  0.00941581, ..., -0.99964507,
         -0.92821104, -0.71003924],
        [ 0.01363559,  0.        ,  0.02304993, ..., -0.99918887,
         -0.92305157, -0.70037157],
        [-0.00941581, -0.02304993,  0.        , ..., -0.9998516 ,
         -0.93167309, -0.71663803],
        ...,
        [ 0.99964507,  0.99918887,  0.9998516 , ...,  0.        ,
          0.34719382,  0.6849962 ],
        [ 0.92821104,  0.92305157,  0.93167309, ..., -0.34719382,
          0.        ,  0.38943802],
        [ 0.71003924,  0.70037157,  0.71663803, ..., -0.6849962 ,
         -0.38943802,  0.        ]]]), 'num': array([ 9.82205143e-01,  1.50522521e-01,  1.93414563e-04,  2.49302637e-08,
        7.49668849e-05,  8.30737690e-05,  7.33106398e-05,  1.12320739e-01,
       -6.62498053e-06,  7.99007520e-05,  6.72217597e-05,  5.43669729e-05,
        1.25152358e-06,  8.97575450e-05,  4.46859743e-05])}
