state_0,state_1,state_2,state_3,state_4,state_5,state_6,state_7,state_8,state_9,state_10,state_11,state_12,state_13,state_14,state_15,state_16,state_17,state_18,state_19,state_20,state_21,state_22,state_23,state_24,state_25,state_26,state_27,state_28,state_29,state_30,state_31,state_32,state_33,state_34,state_35,state_36,state_37,state_38,state_39,state_40,state_41,state_42,state_43,state_44,state_45,state_46,state_47,state_48,state_49,state_50,state_51,state_52,state_53,state_54,state_55,state_56,state_57,state_58,state_59,state_60,state_61,state_62,state_63,state_64,state_65,state_66,state_67,state_68,state_69,state_70,state_71,state_72,state_73,state_74,state_75,state_76,state_77,state_78,state_79,state_80,state_81,state_82,state_83,state_84,state_85,state_86,state_87,state_88,state_89,state_90,state_91,state_92,state_93,state_94,state_95,state_96,state_97,state_98,state_99,state_100,state_101,state_102,state_103,state_104,state_105,state_106,state_107,state_108,state_109,state_110,state_111,state_112,state_113,state_114,state_115,state_116,state_117,state_118,state_119,state_120,state_121,state_122,state_123,state_124,state_125,state_126,state_127,state_128,state_129,state_130,state_131,state_132,state_133,state_134,state_135,state_136,state_137,state_138,state_139,state_140,state_141,state_142,state_143,state_144,state_145,state_146,state_147,state_148,state_149,state_150,state_151,state_152,state_153,state_154,state_155,state_156,state_157,state_158,state_159,state_160,state_161,state_162,state_163,state_164,state_165,state_166,state_167,state_168,state_169,state_170,state_171,state_172,state_173,state_174,state_175,state_176,state_177,state_178,state_179,state_180,state_181,state_182,state_183,state_184,state_185,state_186,state_187,state_188,state_189,state_190,state_191,state_192,state_193,state_194,state_195,state_196,state_197,state_198,state_199,state_200,state_201,state_202,state_203,state_204,state_205,state_206,state_207,state_208,state_209,state_210,state_211,state_212,state_213,state_214,state_215,state_216,state_217,state_218,state_219,state_220,state_221,state_222,state_223,state_224,state_225,state_226,state_227,state_228,state_229,state_230,state_231,state_232,state_233,state_234,state_235,state_236,state_237,state_238,state_239,state_240,state_241,state_242,state_243,state_244,state_245,state_246,state_247,state_248,state_249,state_250,state_251,state_252,state_253,state_254,state_255,state_256,state_257,state_258,state_259,state_260,state_261,state_262,state_263,state_264,state_265,state_266,state_267,state_268,state_269,state_270,state_271,state_272,state_273,state_274,state_275,state_276,state_277,state_278,state_279,state_280,state_281,state_282,state_283,state_284,state_285,state_286,state_287
{'img': array([[[ 0.        ,  0.        ,  0.19571406, ...,  0.84637475,
          0.95951037,  0.94010392],
        [ 0.        ,  0.        ,  0.19571406, ...,  0.84637475,
          0.95951037,  0.94010392],
        [-0.19571406, -0.19571406,  0.        , ...,  0.72577179,
          0.88582697,  0.85520668],
        ...,
        [-0.84637475, -0.84637475, -0.72577179, ...,  0.        ,
          0.27262235,  0.21216891],
        [-0.95951037, -0.95951037, -0.88582697, ..., -0.27262235,
          0.        , -0.06228337],
        [-0.94010392, -0.94010392, -0.85520668, ..., -0.21216891,
          0.06228337,  0.        ]],

       [[ 0.        , -0.66426996, -0.30414903, ..., -0.42215116,
         -0.2398188 , -0.54011337],
        [ 0.66426996,  0.        ,  0.40545062, ...,  0.28662269,
          0.46562219,  0.15531362],
        [ 0.30414903, -0.40545062,  0.        , ..., -0.12643269,
          0.06681599, -0.25855574],
        ...,
        [ 0.42215116, -0.28662269,  0.12643269, ...,  0.        ,
          0.19242996, -0.13434737],
        [ 0.2398188 , -0.46562219, -0.06681599, ..., -0.19242996,
          0.        , -0.32252196],
        [ 0.54011337, -0.15531362,  0.25855574, ...,  0.13434737,
          0.32252196,  0.        ]],

       [[ 0.        ,  0.00778044,  0.12408574, ...,  0.99933716,
          0.99978495,  0.99978495],
        [-0.00778044,  0.        ,  0.11636167, ...,  0.99902368,
          0.99959334,  0.99959334],
        [-0.12408574, -0.11636167,  0.        , ...,  0.98709659,
          0.98948485,  0.98948485],
        ...,
        [-0.99933716, -0.99902368, -0.98709659, ...,  0.        ,
          0.01567199,  0.01567199],
        [-0.99978495, -0.99959334, -0.98948485, ..., -0.01567199,
          0.        ,  0.        ],
        [-0.99978495, -0.99959334, -0.98948485, ..., -0.01567199,
          0.        ,  0.        ]],

       ...,

       [[ 0.        ,  0.12206912,  0.16890127, ...,  0.50578397,
          0.7335565 ,  0.6589154 ],
        [-0.12206912,  0.        ,  0.04732281, ...,  0.39669735,
          0.64510902,  0.56216529],
        [-0.16890127, -0.04732281,  0.        , ...,  0.35281296,
          0.60822736,  0.52239832],
        ...,
        [-0.50578397, -0.39669735, -0.35281296, ...,  0.        ,
          0.28906479,  0.18796074],
        [-0.7335565 , -0.64510902, -0.60822736, ..., -0.28906479,
          0.        , -0.10397604],
        [-0.6589154 , -0.56216529, -0.52239832, ..., -0.18796074,
          0.10397604,  0.        ]],

       [[ 0.        , -0.03181092, -0.02345381, ...,  0.99462877,
          0.99581023,  0.98949477],
        [ 0.03181092,  0.        ,  0.00836022, ...,  0.99741803,
          0.99821517,  0.99359285],
        [ 0.02345381, -0.00836022,  0.        , ...,  0.99678279,
          0.99768101,  0.99261327],
        ...,
        [-0.99462877, -0.99741803, -0.99678279, ...,  0.        ,
          0.01212017, -0.04137293],
        [-0.99581023, -0.99821517, -0.99768101, ..., -0.01212017,
          0.        , -0.05347968],
        [-0.98949477, -0.99359285, -0.99261327, ...,  0.04137293,
          0.05347968,  0.        ]],

       [[ 0.        ,  0.077567  ,  0.09591716, ...,  0.96789129,
          0.99613443,  0.93173479],
        [-0.077567  ,  0.        ,  0.01841881, ...,  0.94547721,
          0.98631959,  0.95709525],
        [-0.09591716, -0.01841881,  0.        , ...,  0.93931803,
          0.98311603,  0.96227017],
        ...,
        [-0.96789129, -0.94547721, -0.93931803, ...,  0.        ,
          0.16537608,  0.58568893],
        [-0.99613443, -0.98631959, -0.98311603, ..., -0.16537608,
          0.        ,  0.44358108],
        [-0.93173479, -0.95709525, -0.96227017, ..., -0.58568893,
         -0.44358108,  0.        ]]]), 'num': array([ 7.06890781e-01,  7.06890781e-01,  0.00000000e+00,  0.00000000e+00,
        5.04573765e-03,  5.21636646e-03,  5.02136210e-03,  2.02580760e-02,
       -4.87510884e-05,  5.06523808e-03,  5.03452490e-03,  4.55310790e-03,
        2.43755442e-06,  5.30234724e-03,  4.76670255e-03])}
{'img': array([[[ 0.00000000e+00,  1.95714055e-01,  7.20138321e-02, ...,
          9.59510366e-01,  9.40103918e-01,  8.95911726e-01],
        [-1.95714055e-01,  0.00000000e+00, -1.24584753e-01, ...,
          8.85826973e-01,  8.55206683e-01,  7.91643223e-01],
        [-7.20138321e-02,  1.24584753e-01,  0.00000000e+00, ...,
          9.36734750e-01,  9.13114413e-01,  8.61594753e-01],
        ...,
        [-9.59510366e-01, -8.85826973e-01, -9.36734750e-01, ...,
          0.00000000e+00, -6.22833723e-02, -1.73890900e-01],
        [-9.40103918e-01, -8.55206683e-01, -9.13114413e-01, ...,
          6.22833723e-02,  0.00000000e+00, -1.12218812e-01],
        [-8.95911726e-01, -7.91643223e-01, -8.61594753e-01, ...,
          1.73890900e-01,  1.12218812e-01,  0.00000000e+00]],

       [[ 0.00000000e+00,  4.05450616e-01,  1.03465855e-01, ...,
          4.65622191e-01,  1.55313623e-01,  3.86153911e-01],
        [-4.05450616e-01,  0.00000000e+00, -3.08694673e-01, ...,
          6.68159904e-02, -2.58555744e-01, -2.10117462e-02],
        [-1.03465855e-01,  3.08694673e-01,  0.00000000e+00, ...,
          3.71557614e-01,  5.22697368e-02,  2.88640965e-01],
        ...,
        [-4.65622191e-01, -6.68159904e-02, -3.71557614e-01, ...,
          0.00000000e+00, -3.22521955e-01, -8.77660309e-02],
        [-1.55313623e-01,  2.58555744e-01, -5.22697368e-02, ...,
          3.22521955e-01,  0.00000000e+00,  2.38201392e-01],
        [-3.86153911e-01,  2.10117462e-02, -2.88640965e-01, ...,
          8.77660309e-02, -2.38201392e-01,  0.00000000e+00]],

       [[ 0.00000000e+00,  1.16361673e-01,  1.46981367e-01, ...,
          9.99593340e-01,  9.99593340e-01,  9.96034398e-01],
        [-1.16361673e-01,  0.00000000e+00,  3.08850102e-02, ...,
          9.89484854e-01,  9.89484854e-01,  9.78915666e-01],
        [-1.46981367e-01, -3.08850102e-02,  0.00000000e+00, ...,
          9.84545714e-01,  9.84545714e-01,  9.72139948e-01],
        ...,
        [-9.99593340e-01, -9.89484854e-01, -9.84545714e-01, ...,
          0.00000000e+00,  0.00000000e+00, -6.05299931e-02],
        [-9.99593340e-01, -9.89484854e-01, -9.84545714e-01, ...,
          0.00000000e+00,  0.00000000e+00, -6.05299931e-02],
        [-9.96034398e-01, -9.78915666e-01, -9.72139948e-01, ...,
          6.05299931e-02,  6.05299931e-02,  0.00000000e+00]],

       ...,

       [[ 0.00000000e+00,  4.73228148e-02,  1.69347361e-02, ...,
          6.45109021e-01,  5.62165293e-01,  2.53008589e-01],
        [-4.73228148e-02,  0.00000000e+00, -3.04002654e-02, ...,
          6.08227357e-01,  5.22398324e-01,  2.06942009e-01],
        [-1.69347361e-02,  3.04002654e-02,  0.00000000e+00, ...,
          6.32076839e-01,  5.48079229e-01,  2.36588559e-01],
        ...,
        [-6.45109021e-01, -6.08227357e-01, -6.32076839e-01, ...,
          0.00000000e+00, -1.03976041e-01, -4.30798306e-01],
        [-5.62165293e-01, -5.22398324e-01, -5.48079229e-01, ...,
          1.03976041e-01,  0.00000000e+00, -3.34630298e-01],
        [-2.53008589e-01, -2.06942009e-01, -2.36588559e-01, ...,
          4.30798306e-01,  3.34630298e-01,  0.00000000e+00]],

       [[ 0.00000000e+00,  8.36022319e-03,  8.61948388e-03, ...,
          9.98215167e-01,  9.93592852e-01,  9.87950824e-01],
        [-8.36022319e-03,  0.00000000e+00,  2.59270025e-04, ...,
          9.97681010e-01,  9.92613266e-01,  9.86622402e-01],
        [-8.61948388e-03, -2.59270025e-04,  0.00000000e+00, ...,
          9.97663329e-01,  9.92581778e-01,  9.86580102e-01],
        ...,
        [-9.98215167e-01, -9.97681010e-01, -9.97663329e-01, ...,
          0.00000000e+00, -5.34796840e-02, -9.54914394e-02],
        [-9.93592852e-01, -9.92613266e-01, -9.92581778e-01, ...,
          5.34796840e-02,  0.00000000e+00, -4.21194899e-02],
        [-9.87950824e-01, -9.86622402e-01, -9.86580102e-01, ...,
          9.54914394e-02,  4.21194899e-02,  0.00000000e+00]],

       [[ 0.00000000e+00,  1.79145376e-02,  2.54048483e-02, ...,
          9.63074975e-01,  9.98340566e-01,  9.49148415e-01],
        [-1.79145376e-02,  0.00000000e+00,  7.49201583e-03, ...,
          9.58097231e-01,  9.97148733e-01,  9.54636113e-01],
        [-2.54048483e-02, -7.49201583e-03,  0.00000000e+00, ...,
          9.55924305e-01,  9.96555390e-01,  9.56840255e-01],
        ...,
        [-9.63074975e-01, -9.58097231e-01, -9.55924305e-01, ...,
          0.00000000e+00,  2.13327215e-01,  5.58746313e-01],
        [-9.98340566e-01, -9.97148733e-01, -9.96555390e-01, ...,
         -2.13327215e-01,  0.00000000e+00,  3.68963925e-01],
        [-9.49148415e-01, -9.54636113e-01, -9.56840255e-01, ...,
         -5.58746313e-01, -3.68963925e-01,  0.00000000e+00]]]), 'num': array([ 9.08675577e-01,  4.16793848e-01,  4.64039367e-06, -4.70226558e-10,
        6.55842305e-03,  6.62029496e-03,  6.34187134e-03,  1.63085707e-02,
        1.54679789e-04,  6.45324079e-03,  6.40498070e-03,  5.79502673e-03,
        3.97748028e-06,  6.74606503e-03,  6.06389636e-03])}
{'img': array([[[ 0.00000000e+00, -1.24584753e-01, -2.75712603e-01, ...,
          8.55206683e-01,  7.91643223e-01,  9.43524499e-01],
        [ 1.24584753e-01,  0.00000000e+00, -1.53808656e-01, ...,
          9.13114413e-01,  8.61594753e-01,  9.77448744e-01],
        [ 2.75712603e-01,  1.53808656e-01,  0.00000000e+00, ...,
          9.64957260e-01,  9.29415113e-01,  9.98297946e-01],
        ...,
        [-8.55206683e-01, -9.13114413e-01, -9.64957260e-01, ...,
          0.00000000e+00, -1.12218812e-01,  2.05684252e-01],
        [-7.91643223e-01, -8.61594753e-01, -9.29415113e-01, ...,
          1.12218812e-01,  0.00000000e+00,  3.14204446e-01],
        [-9.43524499e-01, -9.77448744e-01, -9.98297946e-01, ...,
         -2.05684252e-01, -3.14204446e-01,  0.00000000e+00]],

       [[ 0.00000000e+00, -3.08694673e-01, -2.85954285e-01, ...,
         -2.58555744e-01, -2.10117462e-02, -5.24514087e-01],
        [ 3.08694673e-01,  0.00000000e+00,  2.38159743e-02, ...,
          5.22697368e-02,  2.88640965e-01, -2.36074250e-01],
        [ 2.85954285e-01, -2.38159743e-02,  0.00000000e+00, ...,
          2.84714930e-02,  2.65756790e-01, -2.59150106e-01],
        ...,
        [ 2.58555744e-01, -5.22697368e-02, -2.84714930e-02, ...,
          0.00000000e+00,  2.38201392e-01, -2.86543871e-01],
        [ 2.10117462e-02, -2.88640965e-01, -2.65756790e-01, ...,
         -2.38201392e-01,  0.00000000e+00, -5.06508852e-01],
        [ 5.24514087e-01,  2.36074250e-01,  2.59150106e-01, ...,
          2.86543871e-01,  5.06508852e-01,  0.00000000e+00]],

       [[ 0.00000000e+00,  3.08850102e-02,  9.67211508e-02, ...,
          9.89484854e-01,  9.78915666e-01,  9.89484854e-01],
        [-3.08850102e-02,  0.00000000e+00,  6.59348030e-02, ...,
          9.84545714e-01,  9.72139948e-01,  9.84545714e-01],
        [-9.67211508e-02, -6.59348030e-02,  0.00000000e+00, ...,
          9.70856262e-01,  9.54569309e-01,  9.70856262e-01],
        ...,
        [-9.89484854e-01, -9.84545714e-01, -9.70856262e-01, ...,
          0.00000000e+00, -6.05299931e-02,  0.00000000e+00],
        [-9.78915666e-01, -9.72139948e-01, -9.54569309e-01, ...,
          6.05299931e-02,  0.00000000e+00,  6.05299931e-02],
        [-9.89484854e-01, -9.84545714e-01, -9.70856262e-01, ...,
          0.00000000e+00, -6.05299931e-02,  0.00000000e+00]],

       ...,

       [[ 0.00000000e+00, -3.04002654e-02, -9.45007014e-02, ...,
          5.22398324e-01,  2.06942009e-01,  6.11540886e-01],
        [ 3.04002654e-02,  0.00000000e+00, -6.41928057e-02, ...,
          5.48079229e-01,  2.36588559e-01,  6.35311315e-01],
        [ 9.45007014e-02,  6.41928057e-02,  0.00000000e+00, ...,
          6.00641382e-01,  2.98470966e-01,  6.83574283e-01],
        ...,
        [-5.22398324e-01, -5.48079229e-01, -6.00641382e-01, ...,
          0.00000000e+00, -3.34630298e-01,  1.08133626e-01],
        [-2.06942009e-01, -2.36588559e-01, -2.98470966e-01, ...,
          3.34630298e-01,  0.00000000e+00,  4.34567817e-01],
        [-6.11540886e-01, -6.35311315e-01, -6.83574283e-01, ...,
         -1.08133626e-01, -4.34567817e-01,  0.00000000e+00]],

       [[ 0.00000000e+00,  2.59270025e-04, -3.87525900e-03, ...,
          9.92613266e-01,  9.86622402e-01,  9.96448896e-01],
        [-2.59270025e-04,  0.00000000e+00, -4.13452694e-03, ...,
          9.92581778e-01,  9.86580102e-01,  9.96427032e-01],
        [ 3.87525900e-03,  4.13452694e-03,  0.00000000e+00, ...,
          9.93075965e-01,  9.87246747e-01,  9.96767710e-01],
        ...,
        [-9.92613266e-01, -9.92581778e-01, -9.93075965e-01, ...,
          0.00000000e+00, -4.21194899e-02,  3.73128776e-02],
        [-9.86622402e-01, -9.86580102e-01, -9.87246747e-01, ...,
          4.21194899e-02,  0.00000000e+00,  7.93699247e-02],
        [-9.96448896e-01, -9.96427032e-01, -9.96767710e-01, ...,
         -3.73128776e-02, -7.93699247e-02,  0.00000000e+00]],

       [[ 0.00000000e+00,  7.42248791e-03, -2.62000595e-02, ...,
          9.92160110e-01,  9.95826940e-01,  9.51959145e-01],
        [-7.42248791e-03,  0.00000000e+00, -3.36192777e-02, ...,
          9.91205166e-01,  9.96476897e-01,  9.54205873e-01],
        [ 2.62000595e-02,  3.36192777e-02,  0.00000000e+00, ...,
          9.95093827e-01,  9.93094028e-01,  9.43609241e-01],
        ...,
        [-9.92160110e-01, -9.91205166e-01, -9.95093827e-01, ...,
          0.00000000e+00,  2.14998008e-01,  4.22793730e-01],
        [-9.95826940e-01, -9.96476897e-01, -9.93094028e-01, ...,
         -2.14998008e-01,  0.00000000e+00,  2.18069709e-01],
        [-9.51959145e-01, -9.54205873e-01, -9.43609241e-01, ...,
         -4.22793730e-01, -2.18069709e-01,  0.00000000e+00]]]), 'num': array([9.79093537e-01, 2.01732095e-01, 7.33359852e-06, 8.54614811e-08,
       7.06692221e-03, 7.13359128e-03, 6.96691859e-03, 1.72760914e-02,
       0.00000000e+00, 7.00025313e-03, 6.92191696e-03, 6.25933745e-03,
       3.63649513e-06, 7.27862768e-03, 6.56520625e-03])}
{'img': array([[[ 0.        , -0.15380866, -0.23766946, ...,  0.86159475,
          0.97744874,  0.97744874],
        [ 0.15380866,  0.        , -0.08543991, ...,  0.92941511,
          0.99829795,  0.99829795],
        [ 0.23766946,  0.08543991,  0.        , ...,  0.95754695,
          0.99963034,  0.99963034],
        ...,
        [-0.86159475, -0.92941511, -0.95754695, ...,  0.        ,
          0.31420445,  0.31420445],
        [-0.97744874, -0.99829795, -0.99963034, ..., -0.31420445,
          0.        ,  0.        ],
        [-0.97744874, -0.99829795, -0.99963034, ..., -0.31420445,
          0.        ,  0.        ]],

       [[ 0.        ,  0.02381597,  0.5776821 , ...,  0.28864096,
         -0.23607425, -0.25946257],
        [-0.02381597,  0.        ,  0.55807818, ...,  0.26575679,
         -0.25915011, -0.28238932],
        [-0.5776821 , -0.55807818,  0.        , ..., -0.31748785,
         -0.75405233, -0.76968771],
        ...,
        [-0.28864096, -0.26575679,  0.31748785, ...,  0.        ,
         -0.50650885, -0.52717509],
        [ 0.23607425,  0.25915011,  0.75405233, ...,  0.50650885,
          0.        , -0.02413941],
        [ 0.25946257,  0.28238932,  0.76968771, ...,  0.52717509,
          0.02413941,  0.        ]],

       [[ 0.        ,  0.0659348 ,  0.03050806, ...,  0.97213995,
          0.98454571,  0.9986298 ],
        [-0.0659348 ,  0.        , -0.03546243, ...,  0.95456931,
          0.97085626,  0.9930063 ],
        [-0.03050806,  0.03546243,  0.        , ...,  0.96453631,
          0.97874462,  0.99656845],
        ...,
        [-0.97213995, -0.95456931, -0.96453631, ...,  0.        ,
          0.06052999,  0.18320714],
        [-0.98454571, -0.97085626, -0.97874462, ..., -0.06052999,
          0.        ,  0.12336573],
        [-0.9986298 , -0.9930063 , -0.99656845, ..., -0.18320714,
         -0.12336573,  0.        ]],

       ...,

       [[ 0.        , -0.06419281, -0.05933092, ...,  0.23658856,
          0.63531132,  0.37607472],
        [ 0.06419281,  0.        ,  0.00487117, ...,  0.29847097,
          0.68357428,  0.43477944],
        [ 0.05933092, -0.00487117,  0.        , ...,  0.29381829,
          0.6800108 ,  0.43038761],
        ...,
        [-0.23658856, -0.29847097, -0.29381829, ...,  0.        ,
          0.43456782,  0.14617749],
        [-0.63531132, -0.68357428, -0.6800108 , ..., -0.43456782,
          0.        , -0.29824669],
        [-0.37607472, -0.43477944, -0.43038761, ..., -0.14617749,
          0.29824669,  0.        ]],

       [[ 0.        , -0.00413453, -0.09465375, ...,  0.9865801 ,
          0.99642703,  0.99939015],
        [ 0.00413453,  0.        , -0.09053698, ...,  0.98724675,
          0.99676771,  0.99952598],
        [ 0.09465375,  0.09053698,  0.        , ...,  0.99760548,
          0.9999476 ,  0.99820834],
        ...,
        [-0.9865801 , -0.98724675, -0.99760548, ...,  0.        ,
          0.07936992,  0.12872824],
        [-0.99642703, -0.99676771, -0.9999476 , ..., -0.07936992,
          0.        ,  0.04961257],
        [-0.99939015, -0.99952598, -0.99820834, ..., -0.12872824,
         -0.04961257,  0.        ]],

       [[ 0.        , -0.03301377, -0.05476293, ...,  0.9983251 ,
          0.99993137,  0.94882213],
        [ 0.03301377,  0.        , -0.02176886, ...,  0.99969086,
          0.99899952,  0.93787882],
        [ 0.05476293,  0.02176886,  0.        , ...,  0.99999521,
          0.99778926,  0.93010358],
        ...,
        [-0.9983251 , -0.99969086, -0.99999521, ...,  0.        ,
          0.06954537,  0.37017435],
        [-0.99993137, -0.99899952, -0.99778926, ..., -0.06954537,
          0.        ,  0.30467305],
        [-0.94882213, -0.93787882, -0.93010358, ..., -0.37017435,
         -0.30467305,  0.        ]]]), 'num': array([7.46739604e-01, 6.64781335e-01, 7.62402503e-07, 5.93580299e-08,
       5.46388460e-03, 5.48929802e-03, 5.33681752e-03, 1.48766584e-02,
       7.62402503e-05, 5.36223094e-03, 5.29615605e-03, 4.78602407e-03,
       2.77237274e-06, 5.56433685e-03, 5.02797526e-03])}
{'img': array([[[ 0.        , -0.08543991, -0.04229765, ...,  0.99829795,
          0.99829795,  0.91108717],
        [ 0.08543991,  0.        ,  0.04322047, ...,  0.99963034,
          0.99963034,  0.87253611],
        [ 0.04229765, -0.04322047,  0.        , ...,  0.99987132,
          0.99987132,  0.89283612],
        ...,
        [-0.99829795, -0.99963034, -0.99987132, ...,  0.        ,
          0.        ,  0.46464665],
        [-0.99829795, -0.99963034, -0.99987132, ...,  0.        ,
          0.        ,  0.46464665],
        [-0.91108717, -0.87253611, -0.89283612, ..., -0.46464665,
         -0.46464665,  0.        ]],

       [[ 0.        ,  0.55807818, -0.30055811, ..., -0.25915011,
         -0.28238932, -0.12715332],
        [-0.55807818,  0.        , -0.78167423, ..., -0.75405233,
         -0.76968771, -0.65905865],
        [ 0.30055811,  0.78167423,  0.        , ...,  0.04312225,
          0.01899273,  0.17684431],
        ...,
        [ 0.25915011,  0.75405233, -0.04312225, ...,  0.        ,
         -0.02413941,  0.13423722],
        [ 0.28238932,  0.76968771, -0.01899273, ...,  0.02413941,
          0.        ,  0.15811903],
        [ 0.12715332,  0.65905865, -0.17684431, ..., -0.13423722,
         -0.15811903,  0.        ]],

       [[ 0.        , -0.03546243, -0.06233374, ...,  0.97085626,
          0.9930063 ,  0.99999185],
        [ 0.03546243,  0.        , -0.02690106, ...,  0.97874462,
          0.99656845,  0.99950604],
        [ 0.06233374,  0.02690106,  0.        , ...,  0.98390736,
          0.99843447,  0.99829889],
        ...,
        [-0.97085626, -0.97874462, -0.98390736, ...,  0.        ,
          0.12336573,  0.23574092],
        [-0.9930063 , -0.99656845, -0.99843447, ..., -0.12336573,
          0.        ,  0.11405138],
        [-0.99999185, -0.99950604, -0.99829889, ..., -0.23574092,
         -0.11405138,  0.        ]],

       ...,

       [[ 0.        ,  0.00487117,  0.13103149, ...,  0.68357428,
          0.43477944,  0.43477944],
        [-0.00487117,  0.        ,  0.12620077, ...,  0.6800108 ,
          0.43038761,  0.43038761],
        [-0.13103149, -0.12620077,  0.        , ...,  0.58204326,
          0.31303216,  0.31303216],
        ...,
        [-0.68357428, -0.6800108 , -0.58204326, ...,  0.        ,
         -0.29824669, -0.29824669],
        [-0.43477944, -0.43038761, -0.31303216, ...,  0.29824669,
          0.        ,  0.        ],
        [-0.43477944, -0.43038761, -0.31303216, ...,  0.29824669,
          0.        ,  0.        ]],

       [[ 0.        , -0.09053698, -0.19329977, ...,  0.99676771,
          0.99952598,  0.99354389],
        [ 0.09053698,  0.        , -0.10367648, ...,  0.9999476 ,
          0.99820834,  0.97919222],
        [ 0.19329977,  0.10367648,  0.        , ...,  0.99349766,
          0.98662569,  0.95287585],
        ...,
        [-0.99676771, -0.9999476 , -0.99349766, ...,  0.        ,
          0.04961257,  0.19290065],
        [-0.99952598, -0.99820834, -0.98662569, ..., -0.04961257,
          0.        ,  0.14398234],
        [-0.99354389, -0.97919222, -0.95287585, ..., -0.19290065,
         -0.14398234,  0.        ]],

       [[ 0.        , -0.02141144, -0.02525898, ...,  0.99817901,
          0.99755818,  0.93235289],
        [ 0.02141144,  0.        , -0.00384858, ...,  0.99924174,
          0.99583411,  0.92439785],
        [ 0.02525898,  0.00384858,  0.        , ...,  0.99938419,
          0.99547581,  0.92292304],
        ...,
        [-0.99817901, -0.99924174, -0.99938419, ...,  0.        ,
          0.12988719,  0.41713194],
        [-0.99755818, -0.99583411, -0.99547581, ..., -0.12988719,
          0.        ,  0.29555088],
        [-0.93235289, -0.92439785, -0.92292304, ..., -0.41713194,
         -0.29555088,  0.        ]]]), 'num': array([7.36557567e-01, 6.75501269e-01, 5.50056731e-07, 6.59143844e-08,
       5.55057247e-03, 5.57557505e-03, 5.37555442e-03, 3.09298900e-02,
       1.75018051e-04, 5.34055081e-03, 5.24429088e-03, 4.72698753e-03,
       2.97327963e-06, 5.50067401e-03, 4.98790775e-03])}
{'img': array([[[ 0.        ,  0.03975895, -0.0658708 , ...,  0.96519116,
          0.99282393,  0.83593954],
        [-0.03975895,  0.        , -0.10549132, ...,  0.95402921,
          0.98728431,  0.85709913],
        [ 0.0658708 ,  0.10549132,  0.        , ...,  0.98032313,
          0.99854485,  0.79797269],
        ...,
        [-0.96519116, -0.95402921, -0.98032313, ...,  0.        ,
          0.14424589,  0.7483539 ],
        [-0.99282393, -0.98728431, -0.99854485, ..., -0.14424589,
          0.        ,  0.64484927],
        [-0.83593954, -0.85709913, -0.79797269, ..., -0.7483539 ,
         -0.64484927,  0.        ]],

       [[ 0.        , -0.78167423, -0.76558795, ..., -0.76968771,
         -0.65905865,  0.16448502],
        [ 0.78167423,  0.        ,  0.02538824, ...,  0.01899273,
          0.17684431,  0.87361466],
        [ 0.76558795, -0.02538824,  0.        , ..., -0.00639705,
          0.15179921,  0.86097868],
        ...,
        [ 0.76968771, -0.01899273,  0.00639705, ...,  0.        ,
          0.15811903,  0.86421487],
        [ 0.65905865, -0.17684431, -0.15179921, ..., -0.15811903,
          0.        ,  0.77378979],
        [-0.16448502, -0.87361466, -0.86097868, ..., -0.86421487,
         -0.77378979,  0.        ]],

       [[ 0.        , -0.02633716, -0.12166624, ...,  0.98413958,
          0.99555213,  0.93234748],
        [ 0.02633716,  0.        , -0.09548253, ...,  0.9884703 ,
          0.99768808,  0.92250151],
        [ 0.12166624,  0.09548253,  0.        , ...,  0.99841156,
          0.9996187 ,  0.88143106],
        ...,
        [-0.98413958, -0.9884703 , -0.99841156, ...,  0.        ,
          0.08388879,  0.52122353],
        [-0.99555213, -0.99768808, -0.9996187 , ..., -0.08388879,
          0.        ,  0.44779389],
        [-0.93234748, -0.92250151, -0.88143106, ..., -0.52122353,
         -0.44779389,  0.        ]],

       ...,

       [[ 0.        ,  0.12620077, -0.21547613, ...,  0.43038761,
          0.43038761,  0.56335526],
        [-0.12620077,  0.        , -0.33698953, ...,  0.31303216,
          0.31303216,  0.45458214],
        [ 0.21547613,  0.33698953,  0.        , ...,  0.61477569,
          0.61477569,  0.7281511 ],
        ...,
        [-0.43038761, -0.31303216, -0.61477569, ...,  0.        ,
          0.        ,  0.15291674],
        [-0.43038761, -0.31303216, -0.61477569, ...,  0.        ,
          0.        ,  0.15291674],
        [-0.56335526, -0.45458214, -0.7281511 , ..., -0.15291674,
         -0.15291674,  0.        ]],

       [[ 0.        , -0.10202417, -0.14899237, ...,  0.99901762,
          0.99896208,  0.92318919],
        [ 0.10202417,  0.        , -0.0473295 , ...,  0.99832583,
          0.98910226,  0.87915935],
        [ 0.14899237,  0.0473295 ,  0.        , ...,  0.99446948,
          0.98102548,  0.85562028],
        ...,
        [-0.99901762, -0.99832583, -0.99446948, ...,  0.        ,
          0.08977341,  0.42487903],
        [-0.99896208, -0.98910226, -0.98102548, ..., -0.08977341,
          0.        ,  0.34189606],
        [-0.92318919, -0.87915935, -0.85562028, ..., -0.42487903,
         -0.34189606,  0.        ]],

       [[ 0.        , -0.00373935, -0.0429995 , ...,  0.99675341,
          0.99983246,  0.91396701],
        [ 0.00373935,  0.        , -0.03926331, ...,  0.99704752,
          0.99975702,  0.91244323],
        [ 0.0429995 ,  0.03926331,  0.        , ...,  0.99929361,
          0.99812063,  0.89567297],
        ...,
        [-0.99675341, -0.99704752, -0.99929361, ...,  0.        ,
          0.09874621,  0.47805894],
        [-0.99983246, -0.99975702, -0.99812063, ..., -0.09874621,
          0.        ,  0.38899096],
        [-0.91396701, -0.91244323, -0.89567297, ..., -0.47805894,
         -0.38899096,  0.        ]]]), 'num': array([8.30982303e-01, 5.54609974e-01, 2.47867560e-06, 8.90116494e-08,
       6.28118930e-03, 6.42202314e-03, 6.16852222e-03, 3.98173885e-02,
       2.81667681e-05, 6.10655533e-03, 5.94318808e-03, 5.34727315e-03,
       3.40966141e-06, 6.23372935e-03, 5.65264681e-03])}
{'img': array([[[ 0.        , -0.10437443,  0.13431314, ...,  0.98116251,
          0.95752059,  0.85222294],
        [ 0.10437443,  0.        ,  0.23700822, ...,  0.99596696,
          0.92219276,  0.79296167],
        [-0.13431314, -0.23700822,  0.        , ...,  0.94632497,
          0.98757563,  0.91477068],
        ...,
        [-0.98116251, -0.99596696, -0.94632497, ...,  0.        ,
          0.46791065,  0.67795941],
        [-0.95752059, -0.92219276, -0.98757563, ..., -0.46791065,
          0.        ,  0.2552033 ],
        [-0.85222294, -0.79296167, -0.91477068, ..., -0.67795941,
         -0.2552033 ,  0.        ]],

       [[ 0.        ,  0.02538824,  0.81129332, ...,  0.17684431,
          0.87361466,  0.95201338],
        [-0.02538824,  0.        ,  0.79618885, ...,  0.15179921,
          0.86097868,  0.94393628],
        [-0.81129332, -0.79618885,  0.        , ..., -0.69511626,
          0.11595926,  0.30828294],
        ...,
        [-0.17684431, -0.15179921,  0.69511626, ...,  0.        ,
          0.77378979,  0.88288421],
        [-0.87361466, -0.86097868, -0.11595926, ..., -0.77378979,
          0.        ,  0.19589182],
        [-0.95201338, -0.94393628, -0.30828294, ..., -0.88288421,
         -0.19589182,  0.        ]],

       [[ 0.        , -0.09141815, -0.1020278 , ...,  0.97097919,
          0.99805078,  0.90587394],
        [ 0.09141815,  0.        , -0.01065948, ...,  0.98877723,
          0.99957667,  0.86336076],
        [ 0.1020278 ,  0.01065948,  0.        , ...,  0.99031356,
          0.99920975,  0.85793307],
        ...,
        [-0.97097919, -0.98877723, -0.99031356, ...,  0.        ,
          0.17810184,  0.62790814],
        [-0.99805078, -0.99957667, -0.99920975, ..., -0.17810184,
          0.        ,  0.47925475],
        [-0.90587394, -0.86336076, -0.85793307, ..., -0.62790814,
         -0.47925475,  0.        ]],

       ...,

       [[ 0.        , -0.33698953,  0.11378283, ...,  0.31303216,
          0.45458214,  0.48373411],
        [ 0.33698953,  0.        ,  0.44192849, ...,  0.61477569,
          0.7281511 ,  0.75037802],
        [-0.11378283, -0.44192849,  0.        , ...,  0.20293482,
          0.35028301,  0.38100813],
        ...,
        [-0.31303216, -0.61477569, -0.20293482, ...,  0.        ,
          0.15291674,  0.18545241],
        [-0.45458214, -0.7281511 , -0.35028301, ..., -0.15291674,
          0.        ,  0.03300719],
        [-0.48373411, -0.75037802, -0.38100813, ..., -0.18545241,
         -0.03300719,  0.        ]],

       [[ 0.        , -0.0461858 , -0.1642078 , ...,  0.99999835,
          0.99083025,  0.86862089],
        [ 0.0461858 ,  0.        , -0.11847371, ...,  0.99884724,
          0.98353261,  0.84480994],
        [ 0.1642078 ,  0.11847371,  0.        , ...,  0.98612558,
          0.95519394,  0.77546879],
        ...,
        [-0.99999835, -0.99884724, -0.98612558, ...,  0.        ,
          0.1333109 ,  0.49389716],
        [-0.99083025, -0.98353261, -0.95519394, ..., -0.1333109 ,
          0.        ,  0.37357223],
        [-0.86862089, -0.84480994, -0.77546879, ..., -0.49389716,
         -0.37357223,  0.        ]],

       [[ 0.        , -0.03850459, -0.01026121, ...,  0.99682122,
          0.99443159,  0.90494733],
        [ 0.03850459,  0.        ,  0.02824896, ...,  0.9991497 ,
          0.98963637,  0.88789164],
        [ 0.01026121, -0.02824896,  0.        , ...,  0.99758626,
          0.99329786,  0.9005333 ],
        ...,
        [-0.99682122, -0.9991497 , -0.99758626, ...,  0.        ,
          0.18427641,  0.49626891],
        [-0.99443159, -0.98963637, -0.99329786, ..., -0.18427641,
          0.        ,  0.32778699],
        [-0.90494733, -0.88789164, -0.9005333 , ..., -0.49626891,
         -0.32778699,  0.        ]]]), 'num': array([ 9.12458994e-01,  4.04416155e-01,  4.74806392e-06,  1.09422462e-07,
        6.77390453e-03,  6.90051957e-03,  6.64728949e-03,  5.92477344e-02,
       -2.84883835e-04,  6.87519656e-03,  6.69002207e-03,  6.02877503e-03,
        3.46684032e-06,  7.01361887e-03,  6.36642526e-03])}
{'img': array([[[ 0.        ,  0.23700822, -0.1044198 , ...,  0.92219276,
          0.79296167,  0.99056568],
        [-0.23700822,  0.        , -0.3371572 , ...,  0.98757563,
          0.91477068,  0.9298628 ],
        [ 0.1044198 ,  0.3371572 ,  0.        , ...,  0.8767691 ,
          0.72500679,  0.99946013],
        ...,
        [-0.92219276, -0.98757563, -0.8767691 , ...,  0.        ,
          0.2552033 , -0.50945822],
        [-0.79296167, -0.91477068, -0.72500679, ..., -0.2552033 ,
          0.        , -0.71219   ],
        [-0.99056568, -0.9298628 , -0.99946013, ...,  0.50945822,
          0.71219   ,  0.        ]],

       [[ 0.        ,  0.79618885,  0.64153038, ...,  0.86097868,
          0.94393628,  0.97681023],
        [-0.79618885,  0.        , -0.22259778, ...,  0.11595926,
          0.30828294,  0.76148681],
        [-0.64153038,  0.22259778,  0.        , ...,  0.33414601,
          0.51230432,  0.88666491],
        ...,
        [-0.86097868, -0.11595926, -0.33414601, ...,  0.        ,
          0.19589182,  0.68118728],
        [-0.94393628, -0.30828294, -0.51230432, ..., -0.19589182,
          0.        ,  0.52457542],
        [-0.97681023, -0.76148681, -0.88666491, ..., -0.68118728,
         -0.52457542,  0.        ]],

       [[ 0.        , -0.01060589, -0.06467191, ...,  0.9999899 ,
          0.93630755,  0.86115293],
        [ 0.01060589,  0.        , -0.05408458, ...,  0.99988597,
          0.9325303 ,  0.85571303],
        [ 0.06467191,  0.05408458,  0.        , ...,  0.99760577,
          0.91163591,  0.82647447],
        ...,
        [-0.9999899 , -0.99988597, -0.99760577, ...,  0.        ,
          0.3469685 ,  0.50446963],
        [-0.93630755, -0.9325303 , -0.91163591, ..., -0.3469685 ,
          0.        ,  0.17354754],
        [-0.86115293, -0.85571303, -0.82647447, ..., -0.50446963,
         -0.17354754,  0.        ]],

       ...,

       [[ 0.        ,  0.44192849,  0.32776651, ...,  0.7281511 ,
          0.75037802,  0.62015903],
        [-0.44192849,  0.        , -0.12349277, ...,  0.35028301,
          0.38100813,  0.20963148],
        [-0.32776651,  0.12349277,  0.        , ...,  0.46327051,
          0.49226961,  0.32877567],
        ...,
        [-0.7281511 , -0.35028301, -0.46327051, ...,  0.        ,
          0.03300719, -0.14614983],
        [-0.75037802, -0.38100813, -0.49226961, ..., -0.03300719,
          0.        , -0.17872297],
        [-0.62015903, -0.20963148, -0.32877567, ...,  0.14614983,
          0.17872297,  0.        ]],

       [[ 0.        , -0.11794669, -0.21007917, ...,  0.9886755 ,
          0.92103366,  0.84271784],
        [ 0.11794669,  0.        , -0.09329817, ...,  0.96407431,
          0.86866655,  0.77333836],
        [ 0.21007917,  0.09329817,  0.        , ...,  0.93508618,
          0.81865796,  0.71081479],
        ...,
        [-0.9886755 , -0.96407431, -0.93508618, ...,  0.        ,
          0.24685351,  0.4057929 ],
        [-0.92103366, -0.86866655, -0.81865796, ..., -0.24685351,
          0.        ,  0.16761928],
        [-0.84271784, -0.77333836, -0.71081479, ..., -0.4057929 ,
         -0.16761928,  0.        ]],

       [[ 0.        ,  0.02805073, -0.00265107, ...,  0.995543  ,
          0.96042401,  0.88502669],
        [-0.02805073,  0.        , -0.03070066, ...,  0.99779668,
          0.96785939,  0.89773718],
        [ 0.00265107,  0.03070066,  0.        , ...,  0.99528948,
          0.9596822 ,  0.8837894 ],
        ...,
        [-0.995543  , -0.99779668, -0.99528948, ...,  0.        ,
          0.18672435,  0.37999965],
        [-0.96042401, -0.96785939, -0.9596822 , ..., -0.18672435,
          0.        ,  0.20059883],
        [-0.88502669, -0.89773718, -0.8837894 , ..., -0.37999965,
         -0.20059883,  0.        ]]]), 'num': array([ 9.49981620e-01,  3.10154772e-01,  6.03610235e-06, -3.98538289e-08,
        7.03106427e-03,  7.09739507e-03,  6.89840268e-03,  3.08395082e-02,
       -6.63307950e-05,  7.20352434e-03,  7.02940600e-03,  6.33746526e-03,
        3.54792625e-06,  7.32116727e-03,  6.73764474e-03])}
{'img': array([[[ 0.        , -0.3371572 , -0.43488064, ...,  0.91477068,
          0.9298628 ,  0.89339735],
        [ 0.3371572 ,  0.        , -0.10581162, ...,  0.72500679,
          0.99946013,  0.9925612 ],
        [ 0.43488064,  0.10581162,  0.        , ...,  0.64805986,
          0.99732579,  0.99987137],
        ...,
        [-0.91477068, -0.72500679, -0.64805986, ...,  0.        ,
         -0.71219   , -0.77188548],
        [-0.9298628 , -0.99946013, -0.99732579, ...,  0.71219   ,
          0.        , -0.08907034],
        [-0.89339735, -0.9925612 , -0.99987137, ...,  0.77188548,
          0.08907034,  0.        ]],

       [[ 0.        , -0.22259778, -0.45711454, ...,  0.30828294,
          0.76148681, -0.24125238],
        [ 0.22259778,  0.        , -0.2476655 , ...,  0.51230432,
          0.88666491, -0.01917668],
        [ 0.45711454,  0.2476655 ,  0.        , ...,  0.70903991,
          0.97356502,  0.22904072],
        ...,
        [-0.30828294, -0.51230432, -0.70903991, ...,  0.        ,
          0.52457542, -0.52867912],
        [-0.76148681, -0.88666491, -0.97356502, ..., -0.52457542,
          0.        , -0.89536939],
        [ 0.24125238,  0.01917668, -0.22904072, ...,  0.52867912,
          0.89536939,  0.        ]],

       [[ 0.        , -0.05408458, -0.11197533, ...,  0.9325303 ,
          0.85571303,  0.85571303],
        [ 0.05408458,  0.        , -0.05806699, ...,  0.91163591,
          0.82647447,  0.82647447],
        [ 0.11197533,  0.05806699,  0.        , ...,  0.88623224,
          0.79238973,  0.79238973],
        ...,
        [-0.9325303 , -0.91163591, -0.88623224, ...,  0.        ,
          0.17354754,  0.17354754],
        [-0.85571303, -0.82647447, -0.79238973, ..., -0.17354754,
          0.        ,  0.        ],
        [-0.85571303, -0.82647447, -0.79238973, ..., -0.17354754,
          0.        ,  0.        ]],

       ...,

       [[ 0.        , -0.12349277, -0.19830627, ...,  0.38100813,
          0.20963148,  0.16994736],
        [ 0.12349277,  0.        , -0.07574811, ...,  0.49226961,
          0.32877567,  0.29034283],
        [ 0.19830627,  0.07574811,  0.        , ...,  0.55678971,
          0.39936822,  0.36199376],
        ...,
        [-0.38100813, -0.49226961, -0.55678971, ...,  0.        ,
         -0.17872297, -0.21833714],
        [-0.20963148, -0.32877567, -0.39936822, ...,  0.17872297,
          0.        , -0.04041079],
        [-0.16994736, -0.29034283, -0.36199376, ...,  0.21833714,
          0.04041079,  0.        ]],

       [[ 0.        , -0.09329817, -0.17839797, ...,  0.86866655,
          0.77333836,  0.92695408],
        [ 0.09329817,  0.        , -0.08581832, ...,  0.81865796,
          0.71081479,  0.88790779],
        [ 0.17839797,  0.08581832,  0.        , ...,  0.7663539 ,
          0.64782963,  0.84515385],
        ...,
        [-0.86866655, -0.81865796, -0.7663539 , ...,  0.        ,
          0.16761928, -0.13330869],
