state_0,state_1,state_2,state_3,state_4,state_5,state_6,state_7,state_8,state_9,state_10,state_11,state_12,state_13,state_14,state_15,state_16,state_17,state_18,state_19,state_20,state_21,state_22,state_23,state_24,state_25,state_26,state_27,state_28,state_29,state_30,state_31,state_32,state_33,state_34,state_35,state_36,state_37,state_38,state_39,state_40,state_41,state_42,state_43,state_44,state_45,state_46,state_47,state_48,state_49,state_50,state_51,state_52,state_53,state_54,state_55,state_56,state_57,state_58,state_59,state_60,state_61,state_62,state_63,state_64,state_65,state_66,state_67,state_68,state_69,state_70,state_71,state_72,state_73,state_74,state_75,state_76,state_77,state_78,state_79,state_80,state_81,state_82,state_83,state_84,state_85,state_86,state_87,state_88,state_89,state_90,state_91,state_92,state_93,state_94,state_95,state_96,state_97,state_98,state_99,state_100,state_101,state_102,state_103,state_104,state_105,state_106,state_107,state_108,state_109,state_110,state_111,state_112,state_113,state_114,state_115,state_116,state_117,state_118,state_119,state_120,state_121,state_122,state_123,state_124,state_125,state_126,state_127,state_128,state_129,state_130,state_131,state_132,state_133,state_134,state_135,state_136,state_137,state_138,state_139,state_140,state_141,state_142,state_143,state_144,state_145,state_146,state_147,state_148,state_149,state_150,state_151,state_152,state_153,state_154,state_155,state_156,state_157,state_158,state_159,state_160,state_161,state_162,state_163,state_164,state_165,state_166,state_167,state_168,state_169,state_170,state_171,state_172,state_173,state_174,state_175,state_176,state_177,state_178,state_179,state_180,state_181,state_182,state_183,state_184,state_185,state_186,state_187,state_188,state_189,state_190,state_191,state_192,state_193,state_194,state_195,state_196,state_197,state_198,state_199,state_200,state_201,state_202,state_203,state_204,state_205,state_206,state_207,state_208,state_209,state_210,state_211,state_212,state_213,state_214,state_215,state_216,state_217,state_218,state_219,state_220,state_221,state_222,state_223,state_224,state_225,state_226,state_227,state_228,state_229,state_230,state_231,state_232,state_233,state_234,state_235,state_236,state_237,state_238,state_239,state_240,state_241,state_242,state_243,state_244,state_245,state_246,state_247,state_248,state_249,state_250,state_251,state_252,state_253,state_254,state_255,state_256,state_257,state_258,state_259,state_260,state_261,state_262,state_263,state_264,state_265,state_266,state_267,state_268,state_269,state_270,state_271,state_272,state_273,state_274,state_275,state_276,state_277,state_278,state_279,state_280,state_281,state_282,state_283,state_284,state_285,state_286,state_287
{'img': array([[[ 0.        , -0.44114489, -0.63897107, ..., -0.8871202 ,
         -0.74535599, -0.95939933],
        [ 0.44114489,  0.        , -0.23409335, ..., -0.99973884,
         -0.96300581, -0.98542488],
        [ 0.63897107,  0.23409335,  0.        , ..., -0.97730988,
         -0.99933147, -0.91822209],
        ...,
        [ 0.8871202 ,  0.99973884,  0.97730988, ...,  0.        ,
         -0.24740301,  0.1925863 ],
        [ 0.74535599,  0.96300581,  0.99933147, ...,  0.24740301,
          0.        ,  0.42937094],
        [ 0.95939933,  0.98542488,  0.91822209, ..., -0.1925863 ,
         -0.42937094,  0.        ]],

       [[ 0.        , -0.12049344, -0.05511197, ..., -0.5974058 ,
         -0.52497996,  0.04850306],
        [ 0.12049344,  0.        ,  0.06559988, ..., -0.49642477,
         -0.41860129,  0.1685013 ],
        [ 0.05511197, -0.06559988,  0.        , ..., -0.5523014 ,
         -0.47727548,  0.10347645],
        ...,
        [ 0.5974058 ,  0.49642477,  0.5523014 , ...,  0.        ,
          0.08745883,  0.63559917],
        [ 0.52497996,  0.41860129,  0.47727548, ..., -0.08745883,
          0.        ,  0.56564374],
        [-0.04850306, -0.1685013 , -0.10347645, ..., -0.63559917,
         -0.56564374,  0.        ]],

       [[ 0.        ,  0.17816846,  0.03292937, ..., -0.95522631,
         -0.95158848, -0.95522631],
        [-0.17816846,  0.        , -0.14566934, ..., -0.88722689,
         -0.88159855, -0.88722689],
        [-0.03292937,  0.14566934,  0.        , ..., -0.94496526,
         -0.94095076, -0.94496526],
        ...,
        [ 0.95522631,  0.88722689,  0.94496526, ...,  0.        ,
         -0.0120603 ,  0.        ],
        [ 0.95158848,  0.88159855,  0.94095076, ...,  0.0120603 ,
          0.        ,  0.0120603 ],
        [ 0.95522631,  0.88722689,  0.94496526, ...,  0.        ,
         -0.0120603 ,  0.        ]],

       ...,

       [[ 0.        ,  0.16365061, -0.05118682, ...,  0.62611957,
         -0.09796551,  0.32099821],
        [-0.16365061,  0.        , -0.21393281, ...,  0.49007564,
         -0.25950819,  0.16168045],
        [ 0.05118682,  0.21393281,  0.        , ...,  0.66521053,
         -0.04689648,  0.36905542],
        ...,
        [-0.62611957, -0.49007564, -0.66521053, ...,  0.        ,
         -0.69949417, -0.3426942 ],
        [ 0.09796551,  0.25950819,  0.04689648, ...,  0.69949417,
          0.        ,  0.4122353 ],
        [-0.32099821, -0.16168045, -0.36905542, ...,  0.3426942 ,
         -0.4122353 ,  0.        ]],

       [[ 0.        , -0.10783788, -0.12037564, ..., -0.93541118,
         -0.9344714 , -0.93945522],
        [ 0.10783788,  0.        , -0.01261995, ..., -0.96808367,
         -0.96741642, -0.97092977],
        [ 0.12037564,  0.01261995,  0.        , ..., -0.97116948,
         -0.97053464, -0.97387321],
        ...,
        [ 0.93541118,  0.96808367,  0.97116948, ...,  0.        ,
         -0.00264876,  0.01161651],
        [ 0.9344714 ,  0.96741642,  0.97053464, ...,  0.00264876,
          0.        ,  0.01426505],
        [ 0.93945522,  0.97092977,  0.97387321, ..., -0.01161651,
         -0.01426505,  0.        ]],

       [[ 0.        , -0.0350208 , -0.20799687, ..., -0.97827965,
         -0.97500646, -0.9833672 ],
        [ 0.0350208 ,  0.        , -0.17361441, ..., -0.984939  ,
         -0.98218917, -0.98912476],
        [ 0.20799687,  0.17361441,  0.        , ..., -0.99999974,
         -0.99989459, -0.99963864],
        ...,
        [ 0.97827965,  0.984939  ,  0.99999974, ...,  0.        ,
         -0.01524218,  0.02615812],
        [ 0.97500646,  0.98218917,  0.99989459, ...,  0.01524218,
          0.        ,  0.04139205],
        [ 0.9833672 ,  0.98912476,  0.99963864, ..., -0.02615812,
         -0.04139205,  0.        ]]]), 'num': array([ 7.07102675e-01,  7.07102675e-01,  0.00000000e+00,  0.00000000e+00,
        4.77725466e-04,  4.86348669e-04,  4.77725466e-04,  3.12848955e-03,
       -3.44928134e-06,  4.77380538e-04,  4.74750461e-04,  4.78444066e-04,
        4.40959262e-07,  4.87441226e-04,  4.62059695e-04])}
{'img': array([[[ 0.        , -0.50200475, -0.45224866, ..., -0.76108799,
         -0.96996532, -0.93624368],
        [ 0.50200475,  0.        ,  0.05659998, ..., -0.98386296,
         -0.96099819, -0.98610431],
        [ 0.45224866, -0.05659998,  0.        , ..., -0.97215869,
         -0.97511064, -0.99392633],
        ...,
        [ 0.76108799,  0.98386296,  0.97215869, ...,  0.        ,
          0.44403718,  0.3398839 ],
        [ 0.96996532,  0.96099819,  0.97511064, ..., -0.44403718,
          0.        , -0.11306368],
        [ 0.93624368,  0.98610431,  0.99392633, ..., -0.3398839 ,
          0.11306368,  0.        ]],

       [[ 0.        ,  0.0636412 ,  0.1932603 , ..., -0.408068  ,
          0.16335887,  0.82348473],
        [-0.0636412 ,  0.        ,  0.13042713, ..., -0.46534211,
          0.10024143,  0.85792149],
        [-0.1932603 , -0.13042713,  0.        , ..., -0.57681219,
         -0.03038503,  0.91760399],
        ...,
        [ 0.408068  ,  0.46534211,  0.57681219, ...,  0.        ,
          0.55172503,  0.52028899],
        [-0.16335887, -0.10024143,  0.03038503, ..., -0.55172503,
          0.        ,  0.90510239],
        [-0.82348473, -0.85792149, -0.91760399, ..., -0.52028899,
         -0.90510239,  0.        ]],

       [[ 0.        , -0.14566934, -0.46999953, ..., -0.88159855,
         -0.88722689, -0.88159855],
        [ 0.14566934,  0.        , -0.33640873, ..., -0.94095076,
         -0.94496526, -0.94095076],
        [ 0.46999953,  0.33640873,  0.        , ..., -0.99999743,
         -0.99995205, -0.99999743],
        ...,
        [ 0.88159855,  0.94095076,  0.99999743, ...,  0.        ,
          0.0120603 ,  0.        ],
        [ 0.88722689,  0.94496526,  0.99995205, ..., -0.0120603 ,
          0.        , -0.0120603 ],
        [ 0.88159855,  0.94095076,  0.99999743, ...,  0.        ,
          0.0120603 ,  0.        ]],

       ...,

       [[ 0.        , -0.21393281,  0.04954594, ..., -0.25950819,
          0.16168045,  0.16168045],
        [ 0.21393281,  0.        ,  0.26206894, ..., -0.04689648,
          0.36905542,  0.36905542],
        [-0.04954594, -0.26206894,  0.        , ..., -0.30703801,
          0.11258781,  0.11258781],
        ...,
        [ 0.25950819,  0.04689648,  0.30703801, ...,  0.        ,
          0.4122353 ,  0.4122353 ],
        [-0.16168045, -0.36905542, -0.11258781, ..., -0.4122353 ,
          0.        ,  0.        ],
        [-0.16168045, -0.36905542, -0.11258781, ..., -0.4122353 ,
          0.        ,  0.        ]],

       [[ 0.        , -0.01261995, -0.03317592, ..., -0.96741642,
         -0.97092977, -0.97293601],
        [ 0.01261995,  0.        , -0.02056028, ..., -0.97053464,
         -0.97387321, -0.97577468],
        [ 0.03317592,  0.02056028,  0.        , ..., -0.97528372,
         -0.97833643, -0.98006655],
        ...,
        [ 0.96741642,  0.97053464,  0.97528372, ...,  0.        ,
          0.01426505,  0.02279275],
        [ 0.97092977,  0.97387321,  0.97833643, ..., -0.01426505,
          0.        ,  0.00852909],
        [ 0.97293601,  0.97577468,  0.98006655, ..., -0.02279275,
         -0.00852909,  0.        ]],

       [[ 0.        , -0.17361441, -0.2592753 , ..., -0.98218917,
         -0.98912476, -0.98936039],
        [ 0.17361441,  0.        , -0.08766048, ..., -0.99989459,
         -0.99963864, -0.99959404],
        [ 0.2592753 ,  0.08766048,  0.        , ..., -0.99731816,
         -0.99343404, -0.99324847],
        ...,
        [ 0.98218917,  0.99989459,  0.99731816, ...,  0.        ,
          0.04139205,  0.04300137],
        [ 0.98912476,  0.99963864,  0.99343404, ..., -0.04139205,
          0.        ,  0.00161076],
        [ 0.98936039,  0.99959404,  0.99324847, ..., -0.04300137,
         -0.00161076,  0.        ]]]), 'num': array([ 7.07105837e-01,  7.07105837e-01,  0.00000000e+00,  0.00000000e+00,
        4.72553657e-04,  4.85488520e-04,  4.69104360e-04,  9.27878077e-04,
       -5.17394515e-06,  4.74968165e-04,  4.74666351e-04,  4.77641370e-04,
        3.59301747e-07,  4.87392282e-04,  4.61940421e-04])}
{'img': array([[[ 0.        ,  0.05659998,  0.50200475, ..., -0.96099819,
         -0.98610431, -0.99991077],
        [-0.05659998,  0.        ,  0.45224866, ..., -0.97511064,
         -0.99392633, -0.99755174],
        [-0.50200475, -0.45224866,  0.        , ..., -0.96996532,
         -0.93624368, -0.85808151],
        ...,
        [ 0.96099819,  0.97511064,  0.96996532, ...,  0.        ,
         -0.11306368, -0.28936777],
        [ 0.98610431,  0.99392633,  0.93624368, ...,  0.11306368,
          0.        , -0.17928568],
        [ 0.99991077,  0.99755174,  0.85808151, ...,  0.28936777,
          0.17928568,  0.        ]],

       [[ 0.        ,  0.13042713,  0.56921573, ...,  0.10024143,
          0.85792149, -0.35307716],
        [-0.13042713,  0.        ,  0.45711779, ..., -0.03038503,
          0.91760399, -0.472088  ],
        [-0.56921573, -0.45711779,  0.        , ..., -0.48393136,
          0.99782505, -0.82285082],
        ...,
        [-0.10024143,  0.03038503,  0.48393136, ...,  0.        ,
          0.90510239, -0.44508405],
        [-0.85792149, -0.91760399, -0.99782505, ..., -0.90510239,
          0.        , -0.62126212],
        [ 0.35307716,  0.472088  ,  0.82285082, ...,  0.44508405,
          0.62126212,  0.        ]],

       [[ 0.        , -0.45052979, -0.51825213, ..., -0.88872276,
         -0.88310845, -0.83893221],
        [ 0.45052979,  0.        , -0.07736985, ..., -0.99996052,
         -0.9997797 , -0.99416079],
        [ 0.51825213,  0.07736985,  0.        , ..., -0.9976506 ,
         -0.99840676, -0.99952965],
        ...,
        [ 0.88872276,  0.99996052,  0.9976506 , ...,  0.        ,
         -0.01210439, -0.09907054],
        [ 0.88310845,  0.9997797 ,  0.99840676, ...,  0.01210439,
          0.        , -0.08701844],
        [ 0.83893221,  0.99416079,  0.99952965, ...,  0.09907054,
          0.08701844,  0.        ]],

       ...,

       [[ 0.        ,  0.26206894, -0.02638447, ...,  0.36905542,
          0.36905542,  0.01624333],
        [-0.26206894,  0.        , -0.28744001, ...,  0.11258781,
          0.11258781, -0.24635875],
        [ 0.02638447,  0.28744001,  0.        , ...,  0.39344886,
          0.39344886,  0.04261866],
        ...,
        [-0.36905542, -0.11258781, -0.39344886, ...,  0.        ,
          0.        , -0.35391005],
        [-0.36905542, -0.11258781, -0.39344886, ...,  0.        ,
          0.        , -0.35391005],
        [-0.01624333,  0.24635875, -0.04261866, ...,  0.35391005,
          0.35391005,  0.        ]],

       [[ 0.        , -0.02056028, -0.24162005, ..., -0.97387321,
         -0.97577468, -0.97529912],
        [ 0.02056028,  0.        , -0.22161788, ..., -0.97833643,
         -0.98006655, -0.97963448],
        [ 0.24162005,  0.22161788,  0.        , ..., -0.99988834,
         -0.99972452, -0.99977295],
        ...,
        [ 0.97387321,  0.97833643,  0.99988834, ...,  0.        ,
          0.00852909,  0.00636589],
        [ 0.97577468,  0.98006655,  0.99972452, ..., -0.00852909,
          0.        , -0.00216326],
        [ 0.97529912,  0.97963448,  0.99977295, ..., -0.00636589,
          0.00216326,  0.        ]],

       [[ 0.        , -0.08766048,  0.30141647, ..., -0.99963864,
         -0.99959404, -0.99968446],
        [ 0.08766048,  0.        ,  0.38383976, ..., -0.99343404,
         -0.99324847, -0.99363413],
        [-0.30141647, -0.38383976,  0.        , ..., -0.96125041,
         -0.96169321, -0.96076305],
        ...,
        [ 0.99963864,  0.99343404,  0.96125041, ...,  0.        ,
          0.00161076, -0.00176245],
        [ 0.99959404,  0.99324847,  0.96169321, ..., -0.00161076,
          0.        , -0.0033732 ],
        [ 0.99968446,  0.99363413,  0.96076305, ...,  0.00176245,
          0.0033732 ,  0.        ]]]), 'num': array([ 9.79451594e-01,  2.01670081e-01,  1.40140813e-05, -1.32972965e-10,
        6.56355708e-04,  6.57538331e-04,  6.50442593e-04,  5.81779508e-04,
        8.27836028e-06,  6.52334790e-04,  6.51625216e-04,  6.54187566e-04,
        5.98435683e-07,  6.68860702e-04,  6.34389730e-04])}
{'img': array([[[ 0.        ,  0.45224866, -0.50590594, ..., -0.99392633,
         -0.99755174, -0.99035676],
        [-0.45224866,  0.        , -0.84131797, ..., -0.93624368,
         -0.85808151, -0.94594595],
        [ 0.50590594,  0.84131797,  0.        , ..., -0.80167587,
         -0.89585599, -0.78418201],
        ...,
        [ 0.99392633,  0.93624368,  0.80167587, ...,  0.        ,
         -0.17928568,  0.02871279],
        [ 0.99755174,  0.85808151,  0.89585599, ...,  0.17928568,
          0.        ,  0.20745932],
        [ 0.99035676,  0.94594595,  0.78418201, ..., -0.02871279,
         -0.20745932,  0.        ]],

       [[ 0.        ,  0.41413849,  0.381583  , ...,  0.96138982,
         -0.38901155, -0.96138982],
        [-0.41413849,  0.        , -0.03548038, ...,  0.98903719,
         -0.7356017 , -0.98903719],
        [-0.381583  ,  0.03548038,  0.        , ...,  0.99365373,
         -0.71110363, -0.99365373],
        ...,
        [-0.96138982, -0.98903719, -0.99365373, ...,  0.        ,
         -0.77861178, -0.        ],
        [ 0.38901155,  0.7356017 ,  0.71110363, ...,  0.77861178,
          0.        , -0.77861178],
        [ 0.96138982,  0.98903719,  0.99365373, ...,  0.        ,
          0.77861178,  0.        ]],

       [[ 0.        , -0.27883184, -0.54047547, ..., -0.89844138,
         -0.85513001, -0.86846487],
        [ 0.27883184,  0.        , -0.28444229, ..., -0.98524239,
         -0.96576573, -0.97225259],
        [ 0.54047547,  0.28444229,  0.        , ..., -0.99323169,
         -0.99966183, -0.9986325 ],
        ...,
        [ 0.89844138,  0.98524239,  0.99323169, ...,  0.        ,
         -0.09028221, -0.06406568],
        [ 0.85513001,  0.96576573,  0.99966183, ...,  0.09028221,
          0.        ,  0.02629269],
        [ 0.86846487,  0.97225259,  0.9986325 , ...,  0.06406568,
         -0.02629269,  0.        ]],

       ...,

       [[ 0.        , -0.28744001, -0.44447524, ...,  0.11258781,
         -0.24635875,  0.09168063],
        [ 0.28744001,  0.        , -0.16823157, ...,  0.39344886,
          0.04261866,  0.37404103],
        [ 0.44447524,  0.16823157,  0.        , ...,  0.54250433,
          0.21008996,  0.52473001],
        ...,
        [-0.11258781, -0.39344886, -0.54250433, ...,  0.        ,
         -0.35391005, -0.02101594],
        [ 0.24635875, -0.04261866, -0.21008996, ...,  0.35391005,
          0.        ,  0.33417612],
        [-0.09168063, -0.37404103, -0.52473001, ...,  0.02101594,
         -0.33417612,  0.        ]],

       [[ 0.        , -0.22161788, -0.30774561, ..., -0.98006655,
         -0.97963448, -0.98221232],
        [ 0.22161788,  0.        , -0.08923061, ..., -0.99972452,
         -0.99977295, -0.99940223],
        [ 0.30774561,  0.08923061,  0.        , ..., -0.99364228,
         -0.9938835 , -0.99233078],
        ...,
        [ 0.98006655,  0.99972452,  0.99364228, ...,  0.        ,
         -0.00216326,  0.01110487],
        [ 0.97963448,  0.99977295,  0.9938835 , ...,  0.00216326,
          0.        ,  0.01326797],
        [ 0.98221232,  0.99940223,  0.99233078, ..., -0.01110487,
         -0.01326797,  0.        ]],

       [[ 0.        ,  0.38383976,  0.15004646, ..., -0.99324847,
         -0.99363413, -0.99150348],
        [-0.38383976,  0.        , -0.24094143, ..., -0.96169321,
         -0.96076305, -0.96548396],
        [-0.15004646,  0.24094143,  0.        , ..., -0.9994102 ,
         -0.99928867, -0.99979668],
        ...,
        [ 0.99324847,  0.96169321,  0.9994102 , ...,  0.        ,
         -0.0033732 ,  0.01418119],
        [ 0.99363413,  0.96076305,  0.99928867, ...,  0.0033732 ,
          0.        ,  0.01755397],
        [ 0.99150348,  0.96548396,  0.99979668, ..., -0.01418119,
         -0.01755397,  0.        ]]]), 'num': array([9.66625472e-01, 2.56184573e-01, 1.26412971e-05, 1.14513853e-08,
       6.49991674e-04, 6.56931087e-04, 6.41895692e-04, 1.16128762e-03,
       8.09598171e-06, 6.42358320e-04, 6.38888614e-04, 6.39042823e-04,
       6.82793638e-07, 6.54010944e-04, 6.23766283e-04])}
{'img': array([[[ 0.        , -0.84131797, -0.32432432, ..., -0.85808151,
         -0.94594595, -0.99082718],
        [ 0.84131797,  0.        ,  0.62053088, ..., -0.89585599,
         -0.78418201, -0.64927388],
        [ 0.32432432, -0.62053088,  0.        , ..., -0.97824365,
         -1.        , -0.98109656],
        ...,
        [ 0.85808151,  0.89585599,  0.97824365, ...,  0.        ,
          0.20745932,  0.39284618],
        [ 0.94594595,  0.78418201,  1.        , ..., -0.20745932,
          0.        ,  0.19351882],
        [ 0.99082718,  0.64927388,  0.98109656, ..., -0.39284618,
         -0.19351882,  0.        ]],

       [[ 0.        , -0.03548038,  0.84830413, ..., -0.7356017 ,
         -0.98903719, -0.77517184],
        [ 0.03548038,  0.        ,  0.86655721, ..., -0.71110363,
         -0.99365373, -0.75226903],
        [-0.84830413, -0.86655721,  0.        , ..., -0.96416129,
         -0.39843816, -0.94637721],
        ...,
        [ 0.7356017 ,  0.71110363,  0.96416129, ...,  0.        ,
         -0.77861178, -0.0603958 ],
        [ 0.98903719,  0.99365373,  0.39843816, ...,  0.77861178,
          0.        ,  0.7392917 ],
        [ 0.77517184,  0.75226903,  0.94637721, ...,  0.0603958 ,
         -0.7392917 ,  0.        ]],

       [[ 0.        , -0.47753502, -0.49821761, ..., -0.86096127,
         -0.87420938, -0.9267322 ],
        [ 0.47753502,  0.        , -0.02369263, ..., -0.9993595 ,
         -0.99995819, -0.99365937],
        [ 0.49821761,  0.02369263,  0.        , ..., -0.99992682,
         -0.99989414, -0.99071662],
        ...,
        [ 0.86096127,  0.9993595 ,  0.99992682, ...,  0.        ,
          0.02664554,  0.14791879],
        [ 0.87420938,  0.99995819,  0.99989414, ..., -0.02664554,
          0.        ,  0.12151384],
        [ 0.9267322 ,  0.99365937,  0.99071662, ..., -0.14791879,
         -0.12151384,  0.        ]],

       ...,

       [[ 0.        , -0.16823157,  0.20182455, ...,  0.04261866,
          0.37404103,  0.67415026],
        [ 0.16823157,  0.        ,  0.36371769, ...,  0.21008996,
          0.52473001,  0.7887968 ],
        [-0.20182455, -0.36371769,  0.        , ..., -0.15989953,
          0.17916936,  0.51121095],
        ...,
        [-0.04261866, -0.21008996,  0.15989953, ...,  0.        ,
          0.33417612,  0.64205984],
        [-0.37404103, -0.52473001, -0.17916936, ..., -0.33417612,
          0.        ,  0.3489506 ],
        [-0.67415026, -0.7887968 , -0.51121095, ..., -0.64205984,
         -0.3489506 ,  0.        ]],

       [[ 0.        , -0.08923061, -0.16310722, ..., -0.99977295,
         -0.99940223, -0.99951887],
        [ 0.08923061,  0.        , -0.07442091, ..., -0.9938835 ,
         -0.99233078, -0.99276415],
        [ 0.16310722,  0.07442091,  0.        , ..., -0.98290881,
         -0.98037975, -0.98107463],
        ...,
        [ 0.99977295,  0.9938835 ,  0.98290881, ...,  0.        ,
          0.01326797,  0.00971152],
        [ 0.99940223,  0.99233078,  0.98037975, ..., -0.01326797,
          0.        , -0.00355668],
        [ 0.99951887,  0.99276415,  0.98107463, ..., -0.00971152,
          0.00355668,  0.        ]],

       [[ 0.        , -0.24094143, -0.1610132 , ..., -0.96076305,
         -0.96548396, -0.98106747],
        [ 0.24094143,  0.        ,  0.08152799, ..., -0.99928867,
         -0.99979668, -0.99882711],
        [ 0.1610132 , -0.08152799,  0.        , ..., -0.99288756,
         -0.99482447, -0.99944957],
        ...,
        [ 0.96076305,  0.99928867,  0.99288756, ...,  0.        ,
          0.01755397,  0.08605175],
        [ 0.96548396,  0.99979668,  0.99482447, ..., -0.01755397,
          0.        ,  0.06854963],
        [ 0.98106747,  0.99882711,  0.99944957, ..., -0.08605175,
         -0.06854963,  0.        ]]]), 'num': array([ 9.81587423e-01,  1.90998389e-01,  1.41429165e-05,  2.26727273e-08,
        6.59373673e-04,  6.72348826e-04,  6.54655436e-04,  1.51756207e-03,
       -3.53867803e-06,  6.55363171e-04,  6.51647559e-04,  6.50861186e-04,
        6.88076284e-07,  6.67179718e-04,  6.36115401e-04])}
{'img': array([[[ 0.        ,  0.81223286, -0.69048977, ..., -0.80361724,
         -0.66996942, -0.73013373],
        [-0.81223286,  0.        , -0.99030797, ..., -0.95217425,
         -0.99380799, -0.98091353],
        [ 0.69048977,  0.99030797,  0.        , ..., -0.17034768,
          0.02799467, -0.05632189],
        ...,
        [ 0.80361724,  0.95217425,  0.17034768, ...,  0.        ,
          0.19786641,  0.11457859],
        [ 0.66996942,  0.99380799, -0.02799467, ..., -0.19786641,
          0.        , -0.08425005],
        [ 0.73013373,  0.98091353,  0.05632189, ..., -0.11457859,
          0.08425005,  0.        ]],

       [[ 0.        ,  0.86655721,  0.58570298, ..., -0.99365373,
         -0.75226903, -0.58795872],
        [-0.86655721,  0.        , -0.41005562, ..., -0.39843816,
         -0.94637721, -0.99438739],
        [-0.58570298,  0.41005562,  0.        , ..., -0.73950076,
         -0.99562739, -0.95032552],
        ...,
        [ 0.99365373,  0.39843816,  0.73950076, ...,  0.        ,
          0.7392917 ,  0.86989242],
        [ 0.75226903,  0.94637721,  0.99562739, ..., -0.7392917 ,
          0.        ,  0.22112343],
        [ 0.58795872,  0.99438739,  0.95032552, ..., -0.86989242,
         -0.22112343,  0.        ]],

       [[ 0.        , -0.15640942, -0.65705097, ..., -0.89186196,
         -0.94208129, -0.94424949],
        [ 0.15640942,  0.        , -0.53105555, ..., -0.95163038,
         -0.98294376, -0.98412275],
        [ 0.65705097,  0.53105555,  0.        , ..., -0.96951591,
         -0.93054914, -0.92814024],
        ...,
        [ 0.89186196,  0.95163038,  0.96951591, ...,  0.        ,
          0.12699384,  0.13346291],
        [ 0.94208129,  0.98294376,  0.93054914, ..., -0.12699384,
          0.        ,  0.0065246 ],
        [ 0.94424949,  0.98412275,  0.92814024, ..., -0.13346291,
         -0.0065246 ,  0.        ]],

       ...,

       [[ 0.        ,  0.36371769, -0.1915973 , ...,  0.52473001,
          0.7887968 ,  0.76837093],
        [-0.36371769,  0.        , -0.53545398, ...,  0.17916936,
          0.51121095,  0.48296355],
        [ 0.1915973 ,  0.53545398,  0.        , ...,  0.67810946,
          0.89194931,  0.87675899],
        ...,
        [-0.52473001, -0.17916936, -0.67810946, ...,  0.        ,
          0.3489506 ,  0.31826041],
        [-0.7887968 , -0.51121095, -0.89194931, ..., -0.3489506 ,
          0.        , -0.03255142],
        [-0.76837093, -0.48296355, -0.87675899, ..., -0.31826041,
          0.03255142,  0.        ]],

       [[ 0.        , -0.07442091,  0.10859404, ..., -0.99233078,
         -0.99276415, -0.99213519],
        [ 0.07442091,  0.        ,  0.1822737 , ..., -0.98037975,
         -0.98107463, -0.98006858],
        [-0.10859404, -0.1822737 ,  0.        , ..., -0.99988571,
         -0.99993316, -0.9998607 ],
        ...,
        [ 0.99233078,  0.98037975,  0.99988571, ...,  0.        ,
         -0.00355668,  0.00157245],
        [ 0.99276415,  0.98107463,  0.99993316, ...,  0.00355668,
          0.        ,  0.00512911],
        [ 0.99213519,  0.98006858,  0.9998607 , ..., -0.00157245,
         -0.00512911,  0.        ]],

       [[ 0.        ,  0.18101884, -0.5453825 , ..., -0.99707894,
         -0.99997202, -0.99996398],
        [-0.18101884,  0.        , -0.68810027, ..., -0.96678099,
         -0.98209789, -0.98190787],
        [ 0.5453825 ,  0.68810027,  0.        , ..., -0.87739406,
         -0.84224389, -0.84278585],
        ...,
        [ 0.99707894,  0.96678099,  0.87739406, ...,  0.        ,
          0.0689165 ,  0.06791276],
        [ 0.99997202,  0.98209789,  0.84224389, ..., -0.0689165 ,
          0.        , -0.00100609],
        [ 0.99996398,  0.98190787,  0.84278585, ..., -0.06791276,
          0.00100609,  0.        ]]]), 'num': array([ 8.20395144e-01,  5.71790043e-01,  4.47937120e-06,  1.38432781e-08,
        5.48797134e-04,  5.55718899e-04,  5.46819487e-04,  2.35587238e-03,
       -3.95529466e-06,  5.49588193e-04,  5.46226192e-04,  5.45089045e-04,
        5.70027760e-07,  5.59200523e-04,  5.33251861e-04])}
{'img': array([[[ 0.00000000e+00, -9.90307971e-01, -8.81479536e-01, ...,
         -9.93807990e-01, -9.80913532e-01, -9.52174250e-01],
        [ 9.90307971e-01,  0.00000000e+00, -3.45217717e-01, ...,
          2.79946685e-02, -5.63218926e-02, -1.70347678e-01],
        [ 8.81479536e-01,  3.45217717e-01,  0.00000000e+00, ...,
          3.71356047e-01,  2.91810369e-01,  1.80296871e-01],
        ...,
        [ 9.93807990e-01, -2.79946685e-02, -3.71356047e-01, ...,
          0.00000000e+00, -8.42500500e-02, -1.97866414e-01],
        [ 9.80913532e-01,  5.63218926e-02, -2.91810369e-01, ...,
          8.42500500e-02,  0.00000000e+00, -1.14578586e-01],
        [ 9.52174250e-01,  1.70347678e-01, -1.80296871e-01, ...,
          1.97866414e-01,  1.14578586e-01,  0.00000000e+00]],

       [[ 0.00000000e+00, -4.10055618e-01, -5.28659149e-01, ...,
         -9.46377207e-01, -9.94387387e-01, -8.15625258e-01],
        [ 4.10055618e-01,  0.00000000e+00, -1.34099904e-01, ...,
         -9.95627389e-01, -9.50325523e-01, -5.06649396e-01],
        [ 5.28659149e-01,  1.34099904e-01,  0.00000000e+00, ...,
         -9.74107946e-01, -9.00002373e-01, -3.86458721e-01],
        ...,
        [ 9.46377207e-01,  9.95627389e-01,  9.74107946e-01, ...,
          0.00000000e+00,  2.21123429e-01,  8.11054383e-01],
        [ 9.94387387e-01,  9.50325523e-01,  9.00002373e-01, ...,
         -2.21123429e-01,  0.00000000e+00,  6.61626665e-01],
        [ 8.15625258e-01,  5.06649396e-01,  3.86458721e-01, ...,
         -8.11054383e-01, -6.61626665e-01,  0.00000000e+00]],

       [[ 0.00000000e+00, -6.44379479e-01, -8.93573756e-01, ...,
         -9.43536230e-01, -9.45687414e-01, -9.47793264e-01],
        [ 6.44379479e-01,  0.00000000e+00, -3.94048586e-01, ...,
         -9.34990877e-01, -9.32645933e-01, -9.30266323e-01],
        [ 8.93573756e-01,  3.94048586e-01,  0.00000000e+00, ...,
         -7.19582493e-01, -7.15015230e-01, -7.10427616e-01],
        ...,
        [ 9.43536230e-01,  9.34990877e-01,  7.19582493e-01, ...,
          0.00000000e+00,  6.55495073e-03,  1.30948838e-02],
        [ 9.45687414e-01,  9.32645933e-01,  7.15015230e-01, ...,
         -6.55495073e-03,  0.00000000e+00,  6.54021382e-03],
        [ 9.47793264e-01,  9.30266323e-01,  7.10427616e-01, ...,
         -1.30948838e-02, -6.54021382e-03,  0.00000000e+00]],

       ...,

       [[ 0.00000000e+00, -5.35453976e-01, -5.18848430e-01, ...,
          5.11210945e-01,  4.82963546e-01,  4.55500715e-01],
        [ 5.35453976e-01,  0.00000000e+00,  1.95406158e-02, ...,
          8.91949313e-01,  8.76758987e-01,  8.61379786e-01],
        [ 5.18848430e-01, -1.95406158e-02,  0.00000000e+00, ...,
          8.82944004e-01,  8.67193913e-01,  8.51289437e-01],
        ...,
        [-5.11210945e-01, -8.91949313e-01, -8.82944004e-01, ...,
          0.00000000e+00, -3.25514191e-02, -6.36155968e-02],
        [-4.82963546e-01, -8.76758987e-01, -8.67193913e-01, ...,
          3.25514191e-02,  0.00000000e+00, -3.10963990e-02],
        [-4.55500715e-01, -8.61379786e-01, -8.51289437e-01, ...,
          6.36155968e-02,  3.10963990e-02,  0.00000000e+00]],

       [[ 0.00000000e+00,  1.82273704e-01,  3.42386948e-01, ...,
         -9.81074631e-01, -9.80068576e-01, -9.80753546e-01],
        [-1.82273704e-01,  0.00000000e+00,  1.65394318e-01, ...,
         -9.99933156e-01, -9.99860699e-01, -9.99912700e-01],
        [-3.42386948e-01, -1.65394318e-01,  0.00000000e+00, ...,
         -9.88073909e-01, -9.88850695e-01, -9.88326835e-01],
        ...,
        [ 9.81074631e-01,  9.99933156e-01,  9.88073909e-01, ...,
          0.00000000e+00,  5.12911348e-03,  1.65133336e-03],
        [ 9.80068576e-01,  9.99860699e-01,  9.88850695e-01, ...,
         -5.12911348e-03,  0.00000000e+00, -3.47779485e-03],
        [ 9.80753546e-01,  9.99912700e-01,  9.88326835e-01, ...,
         -1.65133336e-03,  3.47779485e-03,  0.00000000e+00]],

       [[ 0.00000000e+00, -6.88100268e-01, -8.96662954e-01, ...,
         -9.82097887e-01, -9.81907870e-01, -9.81893501e-01],
        [ 6.88100268e-01,  0.00000000e+00, -3.46001128e-01, ...,
         -8.42243894e-01, -8.42785850e-01, -8.42826685e-01],
        [ 8.96662954e-01,  3.46001128e-01,  0.00000000e+00, ...,
         -6.03693882e-01, -6.04495651e-01, -6.04556089e-01],
        ...,
        [ 9.82097887e-01,  8.42243894e-01,  6.03693882e-01, ...,
          0.00000000e+00, -1.00609446e-03, -1.08196517e-03],
        [ 9.81907870e-01,  8.42785850e-01,  6.04495651e-01, ...,
          1.00609446e-03,  0.00000000e+00, -7.58707492e-05],
        [ 9.81893501e-01,  8.42826685e-01,  6.04556089e-01, ...,
          1.08196517e-03,  7.58707492e-05,  0.00000000e+00]]]), 'num': array([7.91173631e-01, 6.11588905e-01, 3.19545777e-06, 1.10889645e-08,
       5.34478353e-04, 5.39233498e-04, 5.29723207e-04, 1.02649326e-03,
       6.65720368e-06, 5.31244854e-04, 5.25823988e-04, 5.23620771e-04,
       5.78887277e-07, 5.38917832e-04, 5.12730144e-04])}
{'img': array([[[ 0.00000000e+00, -4.94718329e-01, -9.82752589e-01, ...,
         -8.84818088e-02, -2.58006346e-01,  4.52462129e-02],
        [ 4.94718329e-01,  0.00000000e+00, -7.62578547e-01, ...,
          4.15882527e-01,  2.53747474e-01,  5.33533046e-01],
        [ 9.82752589e-01,  7.62578547e-01,  0.00000000e+00, ...,
          9.62535510e-01,  9.01767865e-01,  9.90113286e-01],
        ...,
        [ 8.84818088e-02, -4.15882527e-01, -9.62535510e-01, ...,
          0.00000000e+00, -1.71508292e-01,  1.33459939e-01],
        [ 2.58006346e-01, -2.53747474e-01, -9.01767865e-01, ...,
          1.71508292e-01,  0.00000000e+00,  3.01456435e-01],
        [-4.52462129e-02, -5.33533046e-01, -9.90113286e-01, ...,
         -1.33459939e-01, -3.01456435e-01,  0.00000000e+00]],

       [[ 0.00000000e+00, -1.34099904e-01,  3.38271602e-01, ...,
         -9.50325523e-01, -5.06649396e-01, -9.87746546e-01],
        [ 1.34099904e-01,  0.00000000e+00,  4.61410788e-01, ...,
         -9.00002373e-01, -3.86458721e-01, -9.57896533e-01],
        [-3.38271602e-01, -4.61410788e-01,  0.00000000e+00, ...,
         -9.99592095e-01, -7.68423266e-01, -9.82310302e-01],
        ...,
        [ 9.50325523e-01,  9.00002373e-01,  9.99592095e-01, ...,
          0.00000000e+00,  6.61626665e-01, -1.59129786e-01],
        [ 5.06649396e-01,  3.86458721e-01,  7.68423266e-01, ...,
         -6.61626665e-01,  0.00000000e+00, -7.72516833e-01],
        [ 9.87746546e-01,  9.57896533e-01,  9.82310302e-01, ...,
          1.59129786e-01,  7.72516833e-01,  0.00000000e+00]],

       [[ 0.00000000e+00, -7.66616482e-01, -9.89598101e-01, ...,
         -9.71974158e-01, -9.73644697e-01, -9.91536980e-01],
        [ 7.66616482e-01,  0.00000000e+00, -5.25140971e-01, ...,
         -8.04331843e-01, -8.00024740e-01, -7.36196762e-01],
        [ 9.89598101e-01,  5.25140971e-01,  0.00000000e+00, ...,
         -3.72470222e-01, -3.65765997e-01, -2.71116301e-01],
        ...,
        [ 9.71974158e-01,  8.04331843e-01,  3.72470222e-01, ...,
          0.00000000e+00,  7.21359433e-03,  1.06912049e-01],
        [ 9.73644697e-01,  8.00024740e-01,  3.65765997e-01, ...,
         -7.21359433e-03,  0.00000000e+00,  9.97370174e-02],
        [ 9.91536980e-01,  7.36196762e-01,  2.71116301e-01, ...,
         -1.06912049e-01, -9.97370174e-02,  0.00000000e+00]],

       ...,

       [[ 0.00000000e+00,  1.95406158e-02, -2.17080509e-01, ...,
          8.76758987e-01,  8.61379786e-01,  9.28595059e-01],
        [-1.95406158e-02,  0.00000000e+00, -2.36113705e-01, ...,
          8.67193913e-01,  8.51289437e-01,  9.21166339e-01],
        [ 2.17080509e-01,  2.36113705e-01,  0.00000000e+00, ...,
          9.60252064e-01,  9.51107604e-01,  9.87008915e-01],
        ...,
        [-8.76758987e-01, -8.67193913e-01, -9.60252064e-01, ...,
          0.00000000e+00, -3.10963990e-02,  1.21228694e-01],
        [-8.61379786e-01, -8.51289437e-01, -9.51107604e-01, ...,
          3.10963990e-02,  0.00000000e+00,  1.52037117e-01],
        [-9.28595059e-01, -9.21166339e-01, -9.87008915e-01, ...,
         -1.21228694e-01, -1.52037117e-01,  0.00000000e+00]],

       [[ 0.00000000e+00,  1.65394318e-01,  4.41907921e-01, ...,
         -9.99860699e-01, -9.99912700e-01, -9.98568900e-01],
        [-1.65394318e-01,  0.00000000e+00,  2.87453057e-01, ...,
         -9.88850695e-01, -9.88326835e-01, -9.93661481e-01],
        [-4.41907921e-01, -2.87453057e-01,  0.00000000e+00, ...,
         -9.04311236e-01, -9.02821188e-01, -9.19410038e-01],
        ...,
        [ 9.99860699e-01,  9.88850695e-01,  9.04311236e-01, ...,
          0.00000000e+00, -3.47779485e-03,  3.68060557e-02],
        [ 9.99912700e-01,  9.88326835e-01,  9.02821188e-01, ...,
          3.47779485e-03,  0.00000000e+00,  4.02812715e-02],
        [ 9.98568900e-01,  9.93661481e-01,  9.19410038e-01, ...,
         -3.68060557e-02, -4.02812715e-02,  0.00000000e+00]],

       [[ 0.00000000e+00, -7.40446812e-01, -9.58400009e-01, ...,
         -9.98170500e-01, -9.98165266e-01, -9.97917526e-01],
        [ 7.40446812e-01,  0.00000000e+00, -4.32810367e-01, ...,
         -7.15654216e-01, -7.15714631e-01, -7.18476193e-01],
        [ 9.58400009e-01,  4.32810367e-01,  0.00000000e+00, ...,
         -3.42853075e-01, -3.42934333e-01, -3.46653581e-01],
        ...,
        [ 9.98170500e-01,  7.15654216e-01,  3.42853075e-01, ...,
          0.00000000e+00, -8.65016272e-05, -4.04871220e-03],
        [ 9.98165266e-01,  7.15714631e-01,  3.42934333e-01, ...,
          8.65016272e-05,  0.00000000e+00, -3.96221127e-03],
        [ 9.97917526e-01,  7.18476193e-01,  3.46653581e-01, ...,
          4.04871220e-03,  3.96221127e-03,  0.00000000e+00]]]), 'num': array([ 7.87257383e-01,  6.16622375e-01,  3.07450464e-06,  1.37733711e-08,
        5.26651258e-04,  5.36140470e-04,  5.23804494e-04,  6.64083513e-04,
       -6.64244830e-06,  5.30067374e-04,  5.24326401e-04,  5.22365297e-04,
        5.23883571e-07,  5.36821571e-04,  5.11831231e-04])}
{'img': array([[[ 0.        , -0.76257855, -0.88446325, ...,  0.25374747,
          0.53353305,  0.25374747],
        [ 0.76257855,  0.        , -0.21632875, ...,  0.90176786,
          0.99011329,  0.90176786],
        [ 0.88446325,  0.21632875,  0.        , ...,  0.97391628,
          0.99701242,  0.97391628],
        ...,
        [-0.25374747, -0.90176786, -0.97391628, ...,  0.        ,
          0.30145644,  0.        ],
        [-0.53353305, -0.99011329, -0.99701242, ..., -0.30145644,
          0.        , -0.30145644],
        [-0.25374747, -0.90176786, -0.97391628, ...,  0.        ,
          0.30145644,  0.        ]],

       [[ 0.        ,  0.46141079, -0.6759941 , ..., -0.38645872,
         -0.95789653, -0.99654433],
        [-0.46141079,  0.        , -0.93974977, ..., -0.76842327,
         -0.9823103 , -0.84579482],
        [ 0.6759941 ,  0.93974977,  0.        , ...,  0.33868974,
         -0.51179358, -0.79051034],
        ...,
        [ 0.38645872,  0.76842327, -0.33868974, ...,  0.        ,
         -0.77251683, -0.95121978],
        [ 0.95789653,  0.9823103 ,  0.51179358, ...,  0.77251683,
          0.        , -0.36568682],
        [ 0.99654433,  0.84579482,  0.79051034, ...,  0.95121978,
          0.36568682,  0.        ]],

       [[ 0.        , -0.91946905, -0.99634074, ..., -0.99820864,
         -0.99820864, -0.99820864],
        [ 0.91946905,  0.        , -0.47031081, ..., -0.44746907,
         -0.33744713, -0.33744713],
        [ 0.99634074,  0.47031081,  0.        , ...,  0.02570685,
          0.14492711,  0.14492711],
        ...,
        [ 0.99820864,  0.44746907, -0.02570685, ...,  0.        ,
          0.11944377,  0.11944377],
        [ 0.99820864,  0.33744713, -0.14492711, ..., -0.11944377,
          0.        ,  0.        ],
        [ 0.99820864,  0.33744713, -0.14492711, ..., -0.11944377,
          0.        ,  0.        ]],

       ...,

       [[ 0.        , -0.23611371, -0.24462059, ...,  0.85128944,
          0.92116634,  0.79100674],
        [ 0.23611371,  0.        , -0.00876374, ...,  0.9511076 ,
          0.98700891,  0.91309749],
        [ 0.24462059,  0.00876374,  0.        , ...,  0.95377785,
          0.98837904,  0.91663576],
        ...,
        [-0.85128944, -0.9511076 , -0.95377785, ...,  0.        ,
          0.15203712, -0.10578683],
        [-0.92116634, -0.98700891, -0.98837904, ..., -0.15203712,
          0.        , -0.25574104],
        [-0.79100674, -0.91309749, -0.91663576, ...,  0.10578683,
          0.25574104,  0.        ]],

       [[ 0.        ,  0.28745306,  0.45072598, ..., -0.98832683,
         -0.99366148, -0.98937707],
        [-0.28745306,  0.        ,  0.17510444, ..., -0.90282119,
         -0.91941004, -0.90583251],
        [-0.45072598, -0.17510444,  0.        , ..., -0.81357474,
         -0.83633639, -0.81765673],
        ...,
        [ 0.98832683,  0.90282119,  0.81357474, ...,  0.        ,
