state_0,state_1,state_2,state_3,state_4,state_5,state_6,state_7,state_8,state_9,state_10,state_11,state_12,state_13,state_14,state_15,state_16,state_17,state_18,state_19,state_20,state_21,state_22,state_23,state_24,state_25,state_26,state_27,state_28,state_29,state_30,state_31,state_32,state_33,state_34,state_35,state_36,state_37,state_38,state_39,state_40,state_41,state_42,state_43,state_44,state_45,state_46,state_47,state_48,state_49,state_50,state_51,state_52,state_53,state_54,state_55,state_56,state_57,state_58,state_59,state_60,state_61,state_62,state_63,state_64,state_65,state_66,state_67,state_68,state_69,state_70,state_71,state_72,state_73,state_74,state_75,state_76,state_77,state_78,state_79,state_80,state_81,state_82,state_83,state_84,state_85,state_86,state_87,state_88,state_89,state_90,state_91,state_92,state_93,state_94,state_95,state_96,state_97,state_98,state_99,state_100,state_101,state_102,state_103,state_104,state_105,state_106,state_107,state_108,state_109,state_110,state_111,state_112,state_113,state_114,state_115,state_116,state_117,state_118,state_119,state_120,state_121,state_122,state_123,state_124,state_125,state_126,state_127,state_128,state_129,state_130,state_131,state_132,state_133,state_134,state_135,state_136,state_137,state_138,state_139,state_140,state_141,state_142,state_143,state_144,state_145,state_146,state_147,state_148,state_149,state_150,state_151,state_152,state_153,state_154,state_155,state_156,state_157,state_158,state_159,state_160,state_161,state_162,state_163,state_164,state_165,state_166,state_167,state_168,state_169,state_170,state_171,state_172,state_173,state_174,state_175,state_176,state_177,state_178,state_179,state_180,state_181,state_182,state_183,state_184,state_185,state_186,state_187,state_188,state_189,state_190,state_191,state_192,state_193,state_194,state_195,state_196,state_197,state_198,state_199,state_200,state_201,state_202,state_203,state_204,state_205,state_206,state_207,state_208,state_209,state_210,state_211,state_212,state_213,state_214,state_215,state_216,state_217,state_218,state_219,state_220,state_221,state_222,state_223,state_224,state_225,state_226,state_227,state_228,state_229,state_230,state_231,state_232,state_233,state_234,state_235,state_236,state_237,state_238,state_239,state_240,state_241,state_242,state_243,state_244,state_245,state_246,state_247,state_248,state_249,state_250,state_251,state_252,state_253,state_254,state_255,state_256,state_257,state_258,state_259,state_260,state_261,state_262,state_263,state_264,state_265,state_266,state_267,state_268,state_269,state_270,state_271,state_272,state_273,state_274,state_275,state_276,state_277,state_278,state_279,state_280,state_281,state_282,state_283,state_284,state_285,state_286,state_287
{'img': array([[[ 0.        , -0.03334652,  0.03115167, ...,  0.85425315,
          0.72579573,  0.60313005],
        [ 0.03334652,  0.        ,  0.06446468, ...,  0.87111349,
          0.74833149,  0.62939323],
        [-0.03115167, -0.06446468,  0.        , ...,  0.83764413,
          0.70401392,  0.57798942],
        ...,
        [-0.85425315, -0.87111349, -0.83764413, ...,  0.        ,
         -0.21033936, -0.36784741],
        [-0.72579573, -0.74833149, -0.70401392, ...,  0.21033936,
          0.        , -0.16402643],
        [-0.60313005, -0.62939323, -0.57798942, ...,  0.36784741,
          0.16402643,  0.        ]],

       [[ 0.        , -0.06323214, -0.0958591 , ...,  0.43896373,
          0.2999923 ,  0.07547396],
        [ 0.06323214,  0.        , -0.03272632, ...,  0.49489968,
          0.35971175,  0.13837471],
        [ 0.0958591 ,  0.03272632,  0.        , ...,  0.52307212,
          0.3900548 ,  0.17071208],
        ...,
        [-0.43896373, -0.49489968, -0.52307212, ...,  0.        ,
         -0.14920125, -0.36989799],
        [-0.2999923 , -0.35971175, -0.3900548 , ...,  0.14920125,
          0.        , -0.22713891],
        [-0.07547396, -0.13837471, -0.17071208, ...,  0.36989799,
          0.22713891,  0.        ]],

       [[ 0.        , -0.15536521, -0.22708666, ...,  0.99999316,
          0.98168075,  0.91645502],
        [ 0.15536521,  0.        , -0.07302295, ...,  0.98842513,
          0.99936253,  0.96749408],
        [ 0.22708666,  0.07302295,  0.        , ...,  0.97470802,
          0.99930145,  0.98337816],
        ...,
        [-0.99999316, -0.98842513, -0.97470802, ...,  0.        ,
         -0.18690007, -0.39674444],
        [-0.98168075, -0.99936253, -0.99930145, ...,  0.18690007,
          0.        , -0.21819237],
        [-0.91645502, -0.96749408, -0.98337816, ...,  0.39674444,
          0.21819237,  0.        ]],

       ...,

       [[ 0.        , -0.13912673,  0.2908504 , ..., -0.26878009,
         -0.47803815, -0.28888033],
        [ 0.13912673,  0.        ,  0.42113383, ..., -0.13215901,
         -0.35118858, -0.15287576],
        [-0.2908504 , -0.42113383,  0.        , ..., -0.5373079 ,
         -0.71283713, -0.55484167],
        ...,
        [ 0.26878009,  0.13215901,  0.5373079 , ...,  0.        ,
         -0.22436703, -0.02092928],
        [ 0.47803815,  0.35118858,  0.71283713, ...,  0.22436703,
          0.        ,  0.20392221],
        [ 0.28888033,  0.15287576,  0.55484167, ...,  0.02092928,
         -0.20392221,  0.        ]],

       [[ 0.        , -0.0801124 , -0.2908705 , ...,  0.98536539,
          0.98405287,  0.98295896],
        [ 0.0801124 ,  0.        , -0.21328706, ...,  0.96854267,
          0.96663987,  0.96507289],
        [ 0.2908705 ,  0.21328706,  0.        , ...,  0.89318012,
          0.88976586,  0.88698889],
        ...,
        [-0.98536539, -0.96854267, -0.89318012, ...,  0.        ,
          0.00753593,  0.01358425],
        [-0.98405287, -0.96663987, -0.88976586, ..., -0.00753593,
          0.        ,  0.00604863],
        [-0.98295896, -0.96507289, -0.88698889, ..., -0.01358425,
         -0.00604863,  0.        ]],

       [[ 0.        , -0.03749576, -0.05839142, ...,  0.99347273,
          0.97986447,  0.89230812],
        [ 0.03749576,  0.        , -0.02091858, ...,  0.98849697,
          0.98666196,  0.90860723],
        [ 0.05839142,  0.02091858,  0.        , ...,  0.98511693,
          0.98985124,  0.91714509],
        ...,
        [-0.99347273, -0.98849697, -0.98511693, ...,  0.        ,
         -0.31013351, -0.55026575],
        [-0.97986447, -0.98666196, -0.98985124, ...,  0.31013351,
          0.        , -0.26417555],
        [-0.89230812, -0.90860723, -0.91714509, ...,  0.55026575,
          0.26417555,  0.        ]]]), 'num': array([ 7.07106620e-01,  7.07106620e-01,  0.00000000e+00,  0.00000000e+00,
        1.85020126e-05,  1.89599832e-05,  1.80898391e-05,  6.71943637e-04,
       -7.32752975e-07,  1.98576056e-05,  2.13940970e-05,  2.04857886e-05,
        2.08168459e-07,  2.35799701e-05,  1.92082239e-05])}
{'img': array([[[ 0.        ,  0.06446468,  0.72867218, ...,  0.74833149,
          0.62939323,  0.39821242],
        [-0.06446468,  0.        ,  0.68300708, ...,  0.70401392,
          0.57798942,  0.33825112],
        [-0.72867218, -0.68300708,  0.        , ...,  0.02915786,
         -0.13519374, -0.39568524],
        ...,
        [-0.74833149, -0.70401392, -0.02915786, ...,  0.        ,
         -0.16402643, -0.42229518],
        [-0.62939323, -0.57798942,  0.13519374, ...,  0.16402643,
          0.        , -0.26789246],
        [-0.39821242, -0.33825112,  0.39568524, ...,  0.42229518,
          0.26789246,  0.        ]],

       [[ 0.        , -0.03272632,  0.73870947, ...,  0.35971175,
          0.13837471,  0.18107706],
        [ 0.03272632,  0.        ,  0.7603721 , ...,  0.3900548 ,
          0.17071208,  0.21316538],
        [-0.73870947, -0.7603721 ,  0.        , ..., -0.44680848,
         -0.63833517, -0.60444752],
        ...,
        [-0.35971175, -0.3900548 ,  0.44680848, ...,  0.        ,
         -0.22713891, -0.18480893],
        [-0.13837471, -0.17071208,  0.63833517, ...,  0.22713891,
          0.        ,  0.04324785],
        [-0.18107706, -0.21316538,  0.60444752, ...,  0.18480893,
         -0.04324785,  0.        ]],

       [[ 0.        , -0.07302295,  0.31807025, ...,  0.99936253,
          0.96749408,  0.88646622],
        [ 0.07302295,  0.        ,  0.38645174, ...,  0.99930145,
          0.98337816,  0.91789411],
        [-0.31807025, -0.38645174,  0.        , ...,  0.9361075 ,
          0.8368114 ,  0.69322871],
        ...,
        [-0.99936253, -0.99930145, -0.9361075 , ...,  0.        ,
         -0.21819237, -0.43085096],
        [-0.96749408, -0.98337816, -0.8368114 , ...,  0.21819237,
          0.        , -0.2235681 ],
        [-0.88646622, -0.91789411, -0.69322871, ...,  0.43085096,
          0.2235681 ,  0.        ]],

       ...,

       [[ 0.        ,  0.35014295,  0.88729593, ..., -0.23535209,
         -0.11094005, -0.82907449],
        [-0.35014295,  0.        ,  0.66964069, ..., -0.56076092,
         -0.45189868, -0.97236928],
        [-0.88729593, -0.66964069,  0.        , ..., -0.97091646,
         -0.93298435, -0.87849061],
        ...,
        [ 0.23535209,  0.56076092,  0.97091646, ...,  0.        ,
          0.12607552, -0.6741916 ],
        [ 0.11094005,  0.45189868,  0.93298435, ..., -0.12607552,
          0.        , -0.76192589],
        [ 0.82907449,  0.97236928,  0.87849061, ...,  0.6741916 ,
          0.76192589,  0.        ]],

       [[ 0.        , -0.21328706,  0.20177456, ...,  0.96663987,
          0.96507289,  0.95960991],
        [ 0.21328706,  0.        ,  0.40603182, ...,  0.88976586,
          0.88698889,  0.87752398],
        [-0.20177456, -0.40603182,  0.        , ...,  0.99844042,
          0.99808447,  0.99663869],
        ...,
        [-0.96663987, -0.88976586, -0.99844042, ...,  0.        ,
          0.00604863,  0.02615479],
        [-0.96507289, -0.88698889, -0.99808447, ..., -0.00604863,
          0.        ,  0.02010775],
        [-0.95960991, -0.87752398, -0.99663869, ..., -0.02615479,
         -0.02010775,  0.        ]],

       [[ 0.        , -0.02091858, -0.14019205, ...,  0.98666196,
          0.90860723,  0.75042663],
        [ 0.02091858,  0.        , -0.11944938, ...,  0.98985124,
          0.91714509,  0.76408864],
        [ 0.14019205,  0.11944938,  0.        , ...,  0.99973884,
          0.95818557,  0.83567613],
        ...,
        [-0.98666196, -0.98985124, -0.99973884, ...,  0.        ,
         -0.26417555, -0.52998154],
        [-0.90860723, -0.91714509, -0.95818557, ...,  0.26417555,
          0.        , -0.28713045],
        [-0.75042663, -0.76408864, -0.83567613, ...,  0.52998154,
          0.28713045,  0.        ]]]), 'num': array([ 9.99997206e-01,  9.49459201e-06,  4.53509188e-04, -1.68492112e-10,
        2.61694692e-05,  2.66441988e-05,  2.36771388e-05,  2.31893542e-03,
        2.19562440e-06,  2.54217701e-05,  2.75817898e-05,  2.65977149e-05,
        4.66252286e-07,  3.04313045e-05,  2.47322750e-05])}
{'img': array([[[ 0.00000000e+00,  6.83007083e-01,  3.01820336e-01, ...,
          5.77989421e-01,  3.38251120e-01,  7.97602417e-01],
        [-6.83007083e-01,  0.00000000e+00, -4.30701807e-01, ...,
         -1.35193744e-01, -3.95685243e-01,  1.70599545e-01],
        [-3.01820336e-01,  4.30701807e-01,  0.00000000e+00, ...,
          3.04736030e-01,  3.84469157e-02,  5.78353027e-01],
        ...,
        [-5.77989421e-01,  1.35193744e-01, -3.04736030e-01, ...,
          0.00000000e+00, -2.67892462e-01,  3.02245166e-01],
        [-3.38251120e-01,  3.95685243e-01, -3.84469157e-02, ...,
          2.67892462e-01,  0.00000000e+00,  5.46560940e-01],
        [-7.97602417e-01, -1.70599545e-01, -5.78353027e-01, ...,
         -3.02245166e-01, -5.46560940e-01,  0.00000000e+00]],

       [[ 0.00000000e+00,  7.60372101e-01,  3.58686165e-01, ...,
          1.70712085e-01,  2.13165380e-01,  3.89909546e-01],
        [-7.60372101e-01,  0.00000000e+00, -4.76813332e-01, ...,
         -6.38335166e-01, -6.04447517e-01, -4.46949600e-01],
        [-3.58686165e-01,  4.76813332e-01,  0.00000000e+00, ...,
         -1.94068396e-01, -1.51461194e-01,  3.36669791e-02],
        ...,
        [-1.70712085e-01,  6.38335166e-01,  1.94068396e-01, ...,
          0.00000000e+00,  4.32478547e-02,  2.26985283e-01],
        [-2.13165380e-01,  6.04447517e-01,  1.51461194e-01, ...,
         -4.32478547e-02,  0.00000000e+00,  1.84653902e-01],
        [-3.89909546e-01,  4.46949600e-01, -3.36669791e-02, ...,
         -2.26985283e-01, -1.84653902e-01,  0.00000000e+00]],

       [[ 0.00000000e+00,  3.86451742e-01,  4.60391396e-01, ...,
          9.83378165e-01,  9.17894114e-01,  8.80041436e-01],
        [-3.86451742e-01,  0.00000000e+00,  8.15640079e-02, ...,
          8.36811405e-01,  6.93228713e-01,  6.28145954e-01],
        [-4.60391396e-01, -8.15640079e-02,  0.00000000e+00, ...,
          7.89367656e-01,  6.32134327e-01,  5.62588447e-01],
        ...,
        [-9.83378165e-01, -8.36811405e-01, -7.89367656e-01, ...,
          0.00000000e+00, -2.23568103e-01, -3.07214801e-01],
        [-9.17894114e-01, -6.93228713e-01, -6.32134327e-01, ...,
          2.23568103e-01,  0.00000000e+00, -8.66822817e-02],
        [-8.80041436e-01, -6.28145954e-01, -5.62588447e-01, ...,
          3.07214801e-01,  8.66822817e-02,  0.00000000e+00]],

       ...,

       [[ 0.00000000e+00,  6.69640687e-01,  2.01083465e-01, ...,
         -4.51898681e-01, -9.72369276e-01, -2.10186419e-01],
        [-6.69640687e-01,  0.00000000e+00, -5.06620962e-01, ...,
         -9.32984354e-01, -8.78490610e-01, -8.10784151e-01],
        [-2.01083465e-01,  5.06620962e-01,  0.00000000e+00, ...,
         -6.22048628e-01, -9.99450312e-01, -4.02484702e-01],
        ...,
        [ 4.51898681e-01,  9.32984354e-01,  6.22048628e-01, ...,
          0.00000000e+00, -7.61925885e-01,  2.54303018e-01],
        [ 9.72369276e-01,  8.78490610e-01,  9.99450312e-01, ...,
          7.61925885e-01,  0.00000000e+00,  9.01580227e-01],
        [ 2.10186419e-01,  8.10784151e-01,  4.02484702e-01, ...,
         -2.54303018e-01, -9.01580227e-01,  0.00000000e+00]],

       [[ 0.00000000e+00,  4.06031819e-01,  4.00364477e-01, ...,
          8.86988885e-01,  8.77523979e-01,  8.93190423e-01],
        [-4.06031819e-01,  0.00000000e+00, -6.19302977e-03, ...,
          9.98084470e-01,  9.96638691e-01,  9.98833884e-01],
        [-4.00364477e-01,  6.19302977e-03,  0.00000000e+00, ...,
          9.97682192e-01,  9.96112229e-01,  9.98515736e-01],
        ...,
        [-8.86988885e-01, -9.98084470e-01, -9.97682192e-01, ...,
          0.00000000e+00,  2.01077519e-02, -1.36071494e-02],
        [-8.77523979e-01, -9.96638691e-01, -9.96112229e-01, ...,
         -2.01077519e-02,  0.00000000e+00, -3.37102886e-02],
        [-8.93190423e-01, -9.98833884e-01, -9.98515736e-01, ...,
          1.36071494e-02,  3.37102886e-02,  0.00000000e+00]],

       [[ 0.00000000e+00, -1.19449383e-01, -1.20353612e-01, ...,
          9.17145092e-01,  7.64088636e-01,  7.22106322e-01],
        [ 1.19449383e-01,  0.00000000e+00, -9.10800183e-04, ...,
          9.58185568e-01,  8.35676128e-01,  7.99569195e-01],
        [ 1.20353612e-01,  9.10800183e-04,  0.00000000e+00, ...,
          9.58445794e-01,  8.36176013e-01,  8.00115866e-01],
        ...,
        [-9.17145092e-01, -9.58185568e-01, -9.58445794e-01, ...,
          0.00000000e+00, -2.87130450e-01, -3.46666557e-01],
        [-7.64088636e-01, -8.35676128e-01, -8.36176013e-01, ...,
          2.87130450e-01,  0.00000000e+00, -6.27439036e-02],
        [-7.22106322e-01, -7.99569195e-01, -8.00115866e-01, ...,
          3.46666557e-01,  6.27439036e-02,  0.00000000e+00]]]), 'num': array([7.07104530e-01, 7.07104530e-01, 0.00000000e+00, 7.53472672e-08,
       1.92075099e-05, 2.03423081e-05, 1.76103865e-05, 2.52281606e-03,
       6.72472994e-07, 1.80979295e-05, 1.94554843e-05, 1.88859838e-05,
       3.79621852e-07, 2.13912001e-05, 1.75197686e-05])}
{'img': array([[[ 0.00000000e+00, -4.30701807e-01, -5.21703717e-01, ...,
         -3.95685243e-01,  1.70599545e-01,  3.82972856e-01],
        [ 4.30701807e-01,  0.00000000e+00, -1.03391400e-01, ...,
          3.84469157e-02,  5.78353027e-01,  7.43495745e-01],
        [ 5.21703717e-01,  1.03391400e-01,  0.00000000e+00, ...,
          1.41555826e-01,  6.59598807e-01,  8.08653198e-01],
        ...,
        [ 3.95685243e-01, -3.84469157e-02, -1.41555826e-01, ...,
          0.00000000e+00,  5.46560940e-01,  7.17235021e-01],
        [-1.70599545e-01, -5.78353027e-01, -6.59598807e-01, ...,
         -5.46560940e-01,  0.00000000e+00,  2.19765678e-01],
        [-3.82972856e-01, -7.43495745e-01, -8.08653198e-01, ...,
         -7.17235021e-01, -2.19765678e-01,  0.00000000e+00]],

       [[ 0.00000000e+00, -4.76813332e-01, -6.27971153e-01, ...,
         -6.04447517e-01, -4.46949600e-01, -3.41543665e-01],
        [ 4.76813332e-01,  0.00000000e+00, -1.80915924e-01, ...,
         -1.51461194e-01,  3.36669791e-02,  1.47922150e-01],
        [ 6.27971153e-01,  1.80915924e-01,  0.00000000e+00, ...,
          2.98668671e-02,  2.13924790e-01,  3.24406892e-01],
        ...,
        [ 6.04447517e-01,  1.51461194e-01, -2.98668671e-02, ...,
          0.00000000e+00,  1.84653902e-01,  2.96010573e-01],
        [ 4.46949600e-01, -3.36669791e-02, -2.13924790e-01, ...,
         -1.84653902e-01,  0.00000000e+00,  1.14541685e-01],
        [ 3.41543665e-01, -1.47922150e-01, -3.24406892e-01, ...,
         -2.96010573e-01, -1.14541685e-01,  0.00000000e+00]],

       [[ 0.00000000e+00,  8.15640079e-02,  1.29110510e-01, ...,
          6.93228713e-01,  6.28145954e-01,  6.56513977e-01],
        [-8.15640079e-02,  0.00000000e+00,  4.77989934e-02, ...,
          6.32134327e-01,  5.62588447e-01,  5.92801680e-01],
        [-1.29110510e-01, -4.77989934e-02,  0.00000000e+00, ...,
          5.94374310e-01,  5.22428193e-01,  5.53629246e-01],
        ...,
        [-6.93228713e-01, -6.32134327e-01, -5.94374310e-01, ...,
          0.00000000e+00, -8.66822817e-02, -4.97508065e-02],
        [-6.28145954e-01, -5.62588447e-01, -5.22428193e-01, ...,
          8.66822817e-02,  0.00000000e+00,  3.70113948e-02],
        [-6.56513977e-01, -5.92801680e-01, -5.53629246e-01, ...,
          4.97508065e-02, -3.70113948e-02,  0.00000000e+00]],

       ...,

       [[ 0.00000000e+00, -5.06620962e-01, -6.81041192e-01, ...,
         -8.78490610e-01, -8.10784151e-01, -6.67984069e-01],
        [ 5.06620962e-01,  0.00000000e+00, -2.16201811e-01, ...,
         -9.99450312e-01, -4.02484702e-01, -1.98900141e-01],
        [ 6.81041192e-01,  2.16201811e-01,  0.00000000e+00, ...,
         -9.68644426e-01, -1.95048501e-01,  1.76861533e-02],
        ...,
        [ 8.78490610e-01,  9.99450312e-01,  9.68644426e-01, ...,
          0.00000000e+00,  9.01580227e-01,  9.72887063e-01],
        [ 8.10784151e-01,  4.02484702e-01,  1.95048501e-01, ...,
         -9.01580227e-01,  0.00000000e+00,  2.12364459e-01],
        [ 6.67984069e-01,  1.98900141e-01, -1.76861533e-02, ...,
         -9.72887063e-01, -2.12364459e-01,  0.00000000e+00]],

       [[ 0.00000000e+00, -9.13842922e-03, -2.81378135e-02, ...,
          9.80416079e-01,  9.86586137e-01,  9.94883076e-01],
        [ 9.13842922e-03,  0.00000000e+00, -1.90018277e-02, ...,
          9.78575442e-01,  9.85053169e-01,  9.93918251e-01],
        [ 2.81378135e-02,  1.90018277e-02,  0.00000000e+00, ...,
          9.74486500e-01,  9.81602242e-01,  9.91646308e-01],
        ...,
        [-9.80416079e-01, -9.78575442e-01, -9.74486500e-01, ...,
          0.00000000e+00, -3.42510282e-02, -9.68752536e-02],
        [-9.86586137e-01, -9.85053169e-01, -9.81602242e-01, ...,
          3.42510282e-02,  0.00000000e+00, -6.27284835e-02],
        [-9.94883076e-01, -9.93918251e-01, -9.91646308e-01, ...,
          9.68752536e-02,  6.27284835e-02,  0.00000000e+00]],

       [[ 0.00000000e+00, -9.10800183e-04, -9.47727963e-03, ...,
          8.35676128e-01,  7.99569195e-01,  8.00465153e-01],
        [ 9.10800183e-04,  0.00000000e+00, -8.56651642e-03, ...,
          8.36176013e-01,  8.00115866e-01,  8.01010736e-01],
        [ 9.47727963e-03,  8.56651642e-03,  0.00000000e+00, ...,
          8.40843733e-01,  8.05225093e-01,  8.06109689e-01],
        ...,
        [-8.35676128e-01, -8.36176013e-01, -8.40843733e-01, ...,
          0.00000000e+00, -6.27439036e-02, -6.12534550e-02],
        [-7.99569195e-01, -8.00115866e-01, -8.05225093e-01, ...,
          6.27439036e-02,  0.00000000e+00,  1.49332100e-03],
        [-8.00465153e-01, -8.01010736e-01, -8.06109689e-01, ...,
          6.12534550e-02, -1.49332100e-03,  0.00000000e+00]]]), 'num': array([ 9.24591470e-01,  3.80958987e-01,  2.50521882e-04,  1.01495450e-07,
        2.45965290e-05,  2.60133797e-05,  2.44265069e-05,  8.92037896e-04,
       -1.30350269e-06,  2.44378417e-05,  2.61040582e-05,  2.54711982e-05,
        4.29940917e-07,  2.87674723e-05,  2.34406441e-05])}
{'img': array([[[ 0.        , -0.1033914 , -0.27369379, ...,  0.57835303,
          0.74349575,  0.49485607],
        [ 0.1033914 ,  0.        , -0.1727834 , ...,  0.65959881,
          0.8086532 ,  0.58204855],
        [ 0.27369379,  0.1727834 ,  0.        , ...,  0.77954543,
          0.89813692,  0.71379397],
        ...,
        [-0.57835303, -0.65959881, -0.77954543, ...,  0.        ,
          0.21976568, -0.09887734],
        [-0.74349575, -0.8086532 , -0.89813692, ..., -0.21976568,
          0.        , -0.3151488 ],
        [-0.49485607, -0.58204855, -0.71379397, ...,  0.09887734,
          0.3151488 ,  0.        ]],

       [[ 0.        , -0.18091592, -0.19955489, ...,  0.03366698,
          0.14792215, -0.14094807],
        [ 0.18091592,  0.        , -0.01898485, ...,  0.21392479,
          0.32440689,  0.04048761],
        [ 0.19955489,  0.01898485,  0.        , ...,  0.23243159,
          0.34230653,  0.0594496 ],
        ...,
        [-0.03366698, -0.21392479, -0.23243159, ...,  0.        ,
          0.11454168, -0.17419905],
        [-0.14792215, -0.32440689, -0.34230653, ..., -0.11454168,
          0.        , -0.28584295],
        [ 0.14094807, -0.04048761, -0.0594496 , ...,  0.17419905,
          0.28584295,  0.        ]],

       [[ 0.        ,  0.04779899,  0.06307299, ...,  0.56258845,
          0.59280168,  0.60083795],
        [-0.04779899,  0.        ,  0.01529708, ...,  0.52242819,
          0.55362925,  0.56194206],
        [-0.06307299, -0.01529708,  0.        , ...,  0.5093235 ,
          0.54082562,  0.54922292],
        ...,
        [-0.56258845, -0.52242819, -0.5093235 , ...,  0.        ,
          0.03701139,  0.04701823],
        [-0.59280168, -0.55362925, -0.54082562, ..., -0.03701139,
          0.        ,  0.01001555],
        [-0.60083795, -0.56194206, -0.54922292, ..., -0.04701823,
         -0.01001555,  0.        ]],

       ...,

       [[ 0.        , -0.21620181, -0.30124208, ..., -0.4024847 ,
         -0.19890014, -0.44966679],
        [ 0.21620181,  0.        , -0.08795858, ..., -0.1950485 ,
          0.01768615, -0.24592091],
        [ 0.30124208,  0.08795858,  0.        , ..., -0.10802331,
          0.10556242, -0.1597104 ],
        ...,
        [ 0.4024847 ,  0.1950485 ,  0.10802331, ...,  0.        ,
          0.21236446, -0.05213912],
        [ 0.19890014, -0.01768615, -0.10556242, ..., -0.21236446,
          0.        , -0.26302546],
        [ 0.44966679,  0.24592091,  0.1597104 , ...,  0.05213912,
          0.26302546,  0.        ]],

       [[ 0.        , -0.01900183, -0.03305717, ...,  0.98505317,
          0.99391825,  0.99607508],
        [ 0.01900183,  0.        , -0.01405976, ...,  0.98160224,
          0.99164631,  0.99421334],
        [ 0.03305717,  0.01405976,  0.        , ...,  0.97882069,
          0.98973477,  0.99260471],
        ...,
        [-0.98505317, -0.98160224, -0.97882069, ...,  0.        ,
         -0.06272848, -0.08438507],
        [-0.99391825, -0.99164631, -0.98973477, ...,  0.06272848,
          0.        , -0.02171414],
        [-0.99607508, -0.99421334, -0.99260471, ...,  0.08438507,
          0.02171414,  0.        ]],

       [[ 0.        , -0.00856652, -0.04107757, ...,  0.80011587,
          0.80101074,  0.75305062],
        [ 0.00856652,  0.        , -0.03251678, ...,  0.80522509,
          0.80610969,  0.75865944],
        [ 0.04107757,  0.03251678,  0.        , ...,  0.82408073,
          0.82492574,  0.77944253],
        ...,
        [-0.80011587, -0.80522509, -0.82408073, ...,  0.        ,
          0.00149332, -0.07473229],
        [-0.80101074, -0.80610969, -0.82492574, ..., -0.00149332,
          0.        , -0.07622135],
        [-0.75305062, -0.75865944, -0.77944253, ...,  0.07473229,
          0.07622135,  0.        ]]]), 'num': array([ 9.55727436e-01,  2.94252499e-01,  3.21885614e-04,  6.88873179e-08,
        2.50103954e-05,  2.64100039e-05,  2.49495428e-05,  6.53106009e-04,
       -1.39960850e-06,  2.61300822e-05,  2.78339534e-05,  2.73582894e-05,
        3.99442337e-07,  3.09476538e-05,  2.47202530e-05])}
{'img': array([[[ 0.        , -0.1727834 , -0.42756768, ...,  0.8086532 ,
          0.58204855,  0.26402754],
        [ 0.1727834 ,  0.        , -0.26494368, ...,  0.89813692,
          0.71379397,  0.42670873],
        [ 0.42756768,  0.26494368,  0.        , ...,  0.98254095,
          0.87384058,  0.651072  ],
        ...,
        [-0.8086532 , -0.89813692, -0.98254095, ...,  0.        ,
         -0.3151488 , -0.62463464],
        [-0.58204855, -0.71379397, -0.87384058, ...,  0.3151488 ,
          0.        , -0.34669958],
        [-0.26402754, -0.42670873, -0.651072  , ...,  0.62463464,
          0.34669958,  0.        ]],

       [[ 0.        , -0.01898485, -0.02840495, ...,  0.32440689,
          0.04048761, -0.01358045],
        [ 0.01898485,  0.        , -0.00942264, ...,  0.34230653,
          0.0594496 ,  0.0054051 ],
        [ 0.02840495,  0.00942264,  0.        , ...,  0.35114474,
          0.06885294,  0.01482736],
        ...,
        [-0.32440689, -0.34230653, -0.35114474, ...,  0.        ,
         -0.28584295, -0.33722296],
        [-0.04048761, -0.0594496 , -0.06885294, ...,  0.28584295,
          0.        , -0.05405319],
        [ 0.01358045, -0.0054051 , -0.01482736, ...,  0.33722296,
          0.05405319,  0.        ]],

       [[ 0.        ,  0.01529708, -0.01560191, ...,  0.55362925,
          0.56194206,  0.53675236],
        [-0.01529708,  0.        , -0.0308953 , ...,  0.54082562,
          0.54922292,  0.5237828 ],
        [ 0.01560191,  0.0308953 ,  0.        , ...,  0.56655455,
          0.57477919,  0.54985098],
        ...,
        [-0.55362925, -0.54082562, -0.56655455, ...,  0.        ,
          0.01001555, -0.0201314 ],
        [-0.56194206, -0.54922292, -0.57477919, ..., -0.01001555,
          0.        , -0.03014391],
        [-0.53675236, -0.5237828 , -0.54985098, ...,  0.0201314 ,
          0.03014391,  0.        ]],

       ...,

       [[ 0.        , -0.08795858, -0.07384162, ...,  0.01768615,
         -0.24592091, -0.44571568],
        [ 0.08795858,  0.        ,  0.01416303, ...,  0.10556242,
         -0.1597104 , -0.36524987],
        [ 0.07384162, -0.01416303,  0.        , ...,  0.09146794,
         -0.17367561, -0.37839773],
        ...,
        [-0.01768615, -0.10556242, -0.09146794, ...,  0.        ,
         -0.26302546, -0.46147816],
        [ 0.24592091,  0.1597104 ,  0.17367561, ...,  0.26302546,
          0.        , -0.21188556],
        [ 0.44571568,  0.36524987,  0.37839773, ...,  0.46147816,
          0.21188556,  0.        ]],

       [[ 0.        , -0.01405976, -0.01910031, ...,  0.99164631,
          0.99421334,  0.99242853],
        [ 0.01405976,  0.        , -0.00504123, ...,  0.98973477,
          0.99260471,  0.99060357],
        [ 0.01910031,  0.00504123,  0.        , ...,  0.98900172,
          0.99198014,  0.98990152],
        ...,
        [-0.99164631, -0.98973477, -0.98900172, ...,  0.        ,
         -0.02171414, -0.00621274],
        [-0.99421334, -0.99260471, -0.99198014, ...,  0.02171414,
          0.        ,  0.01550244],
        [-0.99242853, -0.99060357, -0.98990152, ...,  0.00621274,
         -0.01550244,  0.        ]],

       [[ 0.        , -0.03251678, -0.10454277, ...,  0.80610969,
          0.75865944,  0.63535626],
        [ 0.03251678,  0.        , -0.07214889, ...,  0.82492574,
          0.77944253,  0.66013036],
        [ 0.10454277,  0.07214889,  0.        , ...,  0.8635574 ,
          0.82261058,  0.71260469],
        ...,
        [-0.80610969, -0.82492574, -0.8635574 , ...,  0.        ,
         -0.07622135, -0.24651101],
        [-0.75865944, -0.77944253, -0.82261058, ...,  0.07622135,
          0.        , -0.17192474],
        [-0.63535626, -0.66013036, -0.71260469, ...,  0.24651101,
          0.17192474,  0.        ]]]), 'num': array([ 9.61397005e-01,  2.75164639e-01,  3.34747483e-04,  2.10950389e-08,
        2.51413204e-05,  2.62450857e-05,  2.47733987e-05,  3.21428716e-04,
       -6.13202937e-08,  2.64045185e-05,  2.79099317e-05,  2.75818681e-05,
        3.69868438e-07,  3.12942953e-05,  2.45255681e-05])}
{'img': array([[[ 0.        , -0.26494368, -0.12965202, ...,  0.71379397,
          0.42670873,  0.41115273],
        [ 0.26494368,  0.        ,  0.13768867, ...,  0.87384058,
          0.651072  ,  0.63797351],
        [ 0.12965202, -0.13768867,  0.        , ...,  0.79857177,
          0.54036299,  0.52586886],
        ...,
        [-0.71379397, -0.87384058, -0.79857177, ...,  0.        ,
         -0.34669958, -0.36271747],
        [-0.42670873, -0.651072  , -0.54036299, ...,  0.34669958,
          0.        , -0.01713132],
        [-0.41115273, -0.63797351, -0.52586886, ...,  0.36271747,
          0.01713132,  0.        ]],

       [[ 0.        , -0.00942264, -0.03315578, ...,  0.0594496 ,
          0.0054051 , -0.07536062],
        [ 0.00942264,  0.        , -0.02373685, ...,  0.06885294,
          0.01482736, -0.06596143],
        [ 0.03315578,  0.02373685,  0.        , ...,  0.09251405,
          0.03855742, -0.04225769],
        ...,
        [-0.0594496 , -0.06885294, -0.09251405, ...,  0.        ,
         -0.05405319, -0.13450788],
        [-0.0054051 , -0.01482736, -0.03855742, ...,  0.05405319,
          0.        , -0.08074925],
        [ 0.07536062,  0.06596143,  0.04225769, ...,  0.13450788,
          0.08074925,  0.        ]],

       [[ 0.        , -0.0308953 , -0.30740597, ...,  0.54922292,
          0.5237828 ,  0.54082562],
        [ 0.0308953 ,  0.        , -0.27785992, ...,  0.57477919,
          0.54985098,  0.56655455],
        [ 0.30740597,  0.27785992,  0.        , ...,  0.77952046,
          0.76028478,  0.77320785],
        ...,
        [-0.54922292, -0.57477919, -0.77952046, ...,  0.        ,
         -0.03014391, -0.01001555],
        [-0.5237828 , -0.54985098, -0.76028478, ...,  0.03014391,
          0.        ,  0.0201314 ],
        [-0.54082562, -0.56655455, -0.77320785, ...,  0.01001555,
         -0.0201314 ,  0.        ]],

       ...,

       [[ 0.        ,  0.01416303, -0.00530124, ..., -0.1597104 ,
         -0.36524987, -0.48110455],
        [-0.01416303,  0.        , -0.01946353, ..., -0.17367561,
         -0.37839773, -0.4934725 ],
        [ 0.00530124,  0.01946353,  0.        , ..., -0.15447497,
         -0.36030977, -0.47645039],
        ...,
        [ 0.1597104 ,  0.17367561,  0.15447497, ...,  0.        ,
         -0.21188556, -0.33491682],
        [ 0.36524987,  0.37839773,  0.36030977, ...,  0.21188556,
          0.        , -0.12766368],
        [ 0.48110455,  0.4934725 ,  0.47645039, ...,  0.33491682,
          0.12766368,  0.        ]],

       [[ 0.        , -0.00504123,  0.00533718, ...,  0.99260471,
          0.99060357,  0.98629992],
        [ 0.00504123,  0.        ,  0.01037826, ...,  0.99198014,
          0.98990152,  0.98545577],
        [-0.00533718, -0.01037826,  0.        , ...,  0.99323846,
          0.9913194 ,  0.9871663 ],
        ...,
        [-0.99260471, -0.99198014, -0.99323846, ...,  0.        ,
          0.01550244,  0.04401374],
        [-0.99060357, -0.98990152, -0.9913194 , ..., -0.01550244,
          0.        ,  0.02852103],
        [-0.98629992, -0.98545577, -0.9871663 , ..., -0.04401374,
         -0.02852103,  0.        ]],

       [[ 0.        , -0.07214889, -0.1091108 , ...,  0.77944253,
          0.66013036,  0.5410985 ],
        [ 0.07214889,  0.        , -0.03710831, ...,  0.82261058,
          0.71260469,  0.6003626 ],
        [ 0.1091108 ,  0.03710831,  0.        , ...,  0.84314399,
          0.73814781,  0.62962566],
        ...,
        [-0.77944253, -0.82261058, -0.84314399, ...,  0.        ,
         -0.17192474, -0.31649538],
        [-0.66013036, -0.71260469, -0.73814781, ...,  0.17192474,
          0.        , -0.148696  ],
        [-0.5410985 , -0.6003626 , -0.62962566, ...,  0.31649538,
          0.148696  ,  0.        ]]]), 'num': array([9.66177160e-01, 2.57878658e-01, 3.38898805e-04, 1.87515664e-08,
       2.53979669e-05, 2.60663345e-05, 2.50334028e-05, 4.15384357e-04,
       4.86085492e-07, 2.58840524e-05, 2.75154769e-05, 2.73585117e-05,
       4.00958845e-07, 3.09981350e-05, 2.40328187e-05])}
{'img': array([[[ 0.        ,  0.13768867, -0.23326255, ...,  0.651072  ,
          0.63797351,  0.7336451 ],
        [-0.13768867,  0.        , -0.36493122, ...,  0.54036299,
          0.52586886,  0.63309357],
        [ 0.23326255,  0.36493122,  0.        , ...,  0.81016139,
          0.8       ,  0.87191617],
        ...,
        [-0.651072  , -0.54036299, -0.81016139, ...,  0.        ,
         -0.01713132,  0.11442356],
        [-0.63797351, -0.52586886, -0.8       , ...,  0.01713132,
          0.        ,  0.13142557],
        [-0.7336451 , -0.63309357, -0.87191617, ..., -0.11442356,
         -0.13142557,  0.        ]],

       [[ 0.        , -0.02373685,  0.58154514, ...,  0.01482736,
         -0.06596143, -0.03855011],
        [ 0.02373685,  0.        ,  0.60069154, ...,  0.03855742,
         -0.04225769, -0.01482004],
        [-0.58154514, -0.60069154,  0.        , ..., -0.56941894,
         -0.63393919, -0.61247392],
        ...,
        [-0.01482736, -0.03855742,  0.56941894, ...,  0.        ,
         -0.08074925, -0.05336221],
        [ 0.06596143,  0.04225769,  0.63393919, ...,  0.08074925,
          0.        ,  0.02744624],
        [ 0.03855011,  0.01482004,  0.61247392, ...,  0.05336221,
         -0.02744624,  0.        ]],

       [[ 0.        , -0.27785992, -0.60420964, ...,  0.54985098,
          0.56655455,  0.50062428],
        [ 0.27785992,  0.        , -0.35901099, ...,  0.76028478,
          0.77320785,  0.72144402],
        [ 0.60420964,  0.35901099,  0.        , ...,  0.94280904,
          0.94932844,  0.92195308],
        ...,
        [-0.54985098, -0.76028478, -0.94280904, ...,  0.        ,
          0.0201314 , -0.05783375],
        [-0.56655455, -0.77320785, -0.94932844, ..., -0.0201314 ,
          0.        , -0.07791973],
        [-0.50062428, -0.72144402, -0.92195308, ...,  0.05783375,
          0.07791973,  0.        ]],

       ...,

       [[ 0.        , -0.01946353, -0.07515204, ..., -0.37839773,
         -0.4934725 , -0.37109698],
        [ 0.01946353,  0.        , -0.05572932, ..., -0.36030977,
         -0.47645039, -0.35295296],
        [ 0.07515204,  0.05572932,  0.        , ..., -0.30776368,
         -0.42671266, -0.3002618 ],
        ...,
        [ 0.37839773,  0.36030977,  0.30776368, ...,  0.        ,
         -0.12766368,  0.00787455],
        [ 0.4934725 ,  0.47645039,  0.42671266, ...,  0.12766368,
          0.        ,  0.13546983],
        [ 0.37109698,  0.35295296,  0.3002618 , ..., -0.00787455,
         -0.13546983,  0.        ]],

       [[ 0.        ,  0.01037826,  0.00107123, ...,  0.98990152,
          0.98545577,  0.98592988],
        [-0.01037826,  0.        , -0.00930708, ...,  0.9913194 ,
          0.9871663 ,  0.98761161],
        [-0.00107123,  0.00930708,  0.        , ...,  0.99005281,
          0.98563724,  0.98610839],
        ...,
        [-0.98990152, -0.9913194 , -0.99005281, ...,  0.        ,
          0.02852103,  0.0257091 ],
        [-0.98545577, -0.9871663 , -0.98563724, ..., -0.02852103,
          0.        , -0.00281295],
        [-0.98592988, -0.98761161, -0.98610839, ..., -0.0257091 ,
          0.00281295,  0.        ]],

       [[ 0.        , -0.03710831, -0.12201185, ...,  0.71260469,
          0.6003626 ,  0.51012586],
        [ 0.03710831,  0.        , -0.08509676, ...,  0.73814781,
          0.62962566,  0.54169137],
        [ 0.12201185,  0.08509676,  0.        , ...,  0.79287991,
          0.69345337,  0.6112569 ],
        ...,
        [-0.71260469, -0.73814781, -0.79287991, ...,  0.        ,
         -0.148696  , -0.25502427],
        [-0.6003626 , -0.62962566, -0.69345337, ...,  0.148696  ,
          0.        , -0.10840984],
        [-0.51012586, -0.54169137, -0.6112569 , ...,  0.25502427,
          0.10840984,  0.        ]]]), 'num': array([ 8.89446509e-01,  4.57038694e-01,  2.09906706e-04,  3.32133936e-08,
        2.32177736e-05,  2.42321423e-05,  2.27669430e-05,  7.00117310e-04,
       -3.38122916e-07,  2.34995427e-05,  2.53535833e-05,  2.54014841e-05,
        3.49393680e-07,  2.86962532e-05,  2.20109134e-05])}
{'img': array([[[ 0.        , -0.36493122,  0.31968077, ...,  0.52586886,
          0.63309357,  0.55452394],
        [ 0.36493122,  0.        ,  0.64341538, ...,  0.8       ,
          0.87191617,  0.81996491],
        [-0.31968077, -0.64341538,  0.        , ...,  0.22636456,
          0.35241519,  0.25939743],
        ...,
        [-0.52586886, -0.8       , -0.22636456, ...,  0.        ,
          0.13142557,  0.03404791],
        [-0.63309357, -0.87191617, -0.35241519, ..., -0.13142557,
          0.        , -0.09759679],
        [-0.55452394, -0.81996491, -0.25939743, ..., -0.03404791,
          0.09759679,  0.        ]],

       [[ 0.        ,  0.60069154,  0.14381149, ..., -0.04225769,
         -0.01482004,  0.05812159],
        [-0.60069154,  0.        , -0.47947288, ..., -0.63393919,
         -0.61247392, -0.55320898],
        [-0.14381149,  0.47947288,  0.        , ..., -0.18550146,
         -0.15846169, -0.08605095],
        ...,
        [ 0.04225769,  0.63393919,  0.18550146, ...,  0.        ,
          0.02744624,  0.10025593],
        [ 0.01482004,  0.61247392,  0.15846169, ..., -0.02744624,
          0.        ,  0.0729102 ],
        [-0.05812159,  0.55320898,  0.08605095, ..., -0.10025593,
         -0.0729102 ,  0.        ]],

       [[ 0.        , -0.35901099, -0.28356054, ...,  0.77320785,
          0.72144402,  0.60103904],
        [ 0.35901099,  0.        ,  0.07961864, ...,  0.94932844,
          0.92195308,  0.84789841],
        [ 0.28356054, -0.07961864,  0.        , ...,  0.9212917 ,
          0.88818982,  0.80299615],
        ...,
        [-0.77320785, -0.94932844, -0.9212917 , ...,  0.        ,
         -0.07791973, -0.2368124 ],
        [-0.72144402, -0.92195308, -0.88818982, ...,  0.07791973,
          0.        , -0.16038907],
        [-0.60103904, -0.84789841, -0.80299615, ...,  0.2368124 ,
          0.16038907,  0.        ]],

       ...,

       [[ 0.        , -0.05572932,  0.23605632, ..., -0.47645039,
         -0.35295296, -0.43888575],
        [ 0.05572932,  0.        ,  0.28984384, ..., -0.42671266,
         -0.3002618 , -0.38812851],
        [-0.23605632, -0.28984384,  0.        , ..., -0.67052664,
         -0.56384227, -0.63858929],
        ...,
        [ 0.47645039,  0.42671266,  0.67052664, ...,  0.        ,
          0.13546983,  0.04224216],
        [ 0.35295296,  0.3002618 ,  0.56384227, ..., -0.13546983,
          0.        , -0.09349617],
        [ 0.43888575,  0.38812851,  0.63858929, ..., -0.04224216,
          0.09349617,  0.        ]],

       [[ 0.        , -0.00930708, -0.01909812, ...,  0.9871663 ,
          0.98761161,  0.98990141],
        [ 0.00930708,  0.        , -0.0097919 , ...,  0.98563724,
          0.98610839,  0.98853919],
        [ 0.01909812,  0.0097919 ,  0.        , ...,  0.98393637,
          0.98443464,  0.98701357],
        ...,
        [-0.9871663 , -0.98563724, -0.98393637, ...,  0.        ,
