state_0,state_1,state_2,state_3,state_4,state_5,state_6,state_7,state_8,state_9,state_10,state_11,state_12,state_13,state_14,state_15,state_16,state_17,state_18,state_19,state_20,state_21,state_22,state_23,state_24,state_25,state_26,state_27,state_28,state_29,state_30,state_31,state_32,state_33,state_34,state_35,state_36,state_37,state_38,state_39,state_40,state_41,state_42,state_43,state_44,state_45,state_46,state_47,state_48,state_49,state_50,state_51,state_52,state_53,state_54,state_55,state_56,state_57,state_58,state_59,state_60,state_61,state_62,state_63,state_64,state_65,state_66,state_67,state_68,state_69,state_70,state_71,state_72,state_73,state_74,state_75,state_76,state_77,state_78,state_79,state_80,state_81,state_82,state_83,state_84,state_85,state_86,state_87,state_88,state_89,state_90,state_91,state_92,state_93,state_94,state_95,state_96,state_97,state_98,state_99,state_100,state_101,state_102,state_103,state_104,state_105,state_106,state_107,state_108,state_109,state_110,state_111,state_112,state_113,state_114,state_115,state_116,state_117,state_118,state_119,state_120,state_121,state_122,state_123,state_124,state_125,state_126,state_127,state_128,state_129,state_130,state_131,state_132,state_133,state_134,state_135,state_136,state_137,state_138,state_139,state_140,state_141,state_142,state_143,state_144,state_145,state_146,state_147,state_148,state_149,state_150,state_151,state_152,state_153,state_154,state_155,state_156,state_157,state_158,state_159,state_160,state_161,state_162,state_163,state_164,state_165,state_166,state_167,state_168,state_169,state_170,state_171,state_172,state_173,state_174,state_175,state_176,state_177,state_178,state_179,state_180,state_181,state_182,state_183,state_184,state_185,state_186,state_187,state_188,state_189,state_190,state_191,state_192,state_193,state_194,state_195,state_196,state_197,state_198,state_199,state_200,state_201,state_202,state_203,state_204,state_205,state_206,state_207,state_208,state_209,state_210,state_211,state_212,state_213,state_214,state_215,state_216,state_217,state_218,state_219,state_220,state_221,state_222,state_223,state_224,state_225,state_226,state_227,state_228,state_229,state_230,state_231,state_232,state_233,state_234,state_235,state_236,state_237,state_238,state_239,state_240,state_241,state_242,state_243,state_244,state_245,state_246,state_247,state_248,state_249,state_250,state_251,state_252,state_253,state_254,state_255,state_256,state_257,state_258,state_259,state_260,state_261,state_262,state_263,state_264,state_265,state_266,state_267,state_268,state_269,state_270,state_271,state_272,state_273,state_274,state_275,state_276,state_277,state_278,state_279,state_280,state_281,state_282,state_283,state_284,state_285,state_286,state_287
{'img': array([[[ 0.        , -0.14375269, -0.19332262, ..., -0.98228893,
         -0.98555136, -0.86687528],
        [ 0.14375269,  0.        , -0.05027387, ..., -0.94515122,
         -0.9509667 , -0.92953592],
        [ 0.19332262,  0.05027387,  0.        , ..., -0.92753494,
         -0.9342148 , -0.94689806],
        ...,
        [ 0.98228893,  0.94515122,  0.92753494, ...,  0.        ,
         -0.01828823, -0.65212426],
        [ 0.98555136,  0.9509667 ,  0.9342148 , ...,  0.01828823,
          0.        , -0.63815067],
        [ 0.86687528,  0.92953592,  0.94689806, ...,  0.65212426,
          0.63815067,  0.        ]],

       [[ 0.        , -0.18710403, -0.31853784, ..., -0.15600083,
          0.3971837 ,  0.3360387 ],
        [ 0.18710403,  0.        , -0.13555468, ...,  0.03156743,
          0.56188217,  0.50632789],
        [ 0.31853784,  0.13555468,  0.        , ...,  0.16676319,
          0.6688291 ,  0.61854878],
        ...,
        [ 0.15600083, -0.03156743, -0.16676319, ...,  0.        ,
          0.53548902,  0.47885365],
        [-0.3971837 , -0.56188217, -0.6688291 , ..., -0.53548902,
          0.        , -0.06569088],
        [-0.3360387 , -0.50632789, -0.61854878, ..., -0.47885365,
          0.06569088,  0.        ]],

       [[ 0.        , -0.06429959, -0.07507791, ..., -0.9987387 ,
         -0.99062168, -0.89458417],
        [ 0.06429959,  0.        , -0.01080443, ..., -0.99990041,
         -0.9973572 , -0.92146841],
        [ 0.07507791,  0.01080443,  0.        , ..., -0.99968957,
         -0.99808397, -0.92561164],
        ...,
        [ 0.9987387 ,  0.99990041,  0.99968957, ...,  0.        ,
         -0.08672229, -0.40141904],
        [ 0.99062168,  0.9973572 ,  0.99808397, ...,  0.08672229,
          0.        , -0.32047823],
        [ 0.89458417,  0.92146841,  0.92561164, ...,  0.40141904,
          0.32047823,  0.        ]],

       ...,

       [[ 0.        , -0.13384735, -0.14176397, ...,  0.43184461,
          0.19495794, -0.14072833],
        [ 0.13384735,  0.        , -0.00799282, ...,  0.54868221,
          0.32448274, -0.00694672],
        [ 0.14176397,  0.00799282,  0.        , ...,  0.55534692,
          0.33203271,  0.00104613],
        ...,
        [-0.43184461, -0.54868221, -0.55534692, ...,  0.        ,
         -0.24771627, -0.55447664],
        [-0.19495794, -0.32448274, -0.33203271, ...,  0.24771627,
          0.        , -0.33104575],
        [ 0.14072833,  0.00694672, -0.00104613, ...,  0.55447664,
          0.33104575,  0.        ]],

       [[ 0.        ,  0.06241796,  0.15947345, ..., -0.85728455,
         -0.53492062, -0.28377592],
        [-0.06241796,  0.        ,  0.09754334, ..., -0.82347749,
         -0.48114049, -0.22337059],
        [-0.15947345, -0.09754334,  0.        , ..., -0.76420944,
         -0.39333533, -0.12722662],
        ...,
        [ 0.85728455,  0.82347749,  0.76420944, ...,  0.        ,
         -0.44892164, -0.67594211],
        [ 0.53492062,  0.48114049,  0.39333533, ...,  0.44892164,
          0.        , -0.27316743],
        [ 0.28377592,  0.22337059,  0.12722662, ...,  0.67594211,
          0.27316743,  0.        ]],

       [[ 0.        , -0.21339279, -0.35624818, ..., -0.91526041,
         -0.96085104, -0.93806345],
        [ 0.21339279,  0.        , -0.14865015, ..., -0.98014675,
         -0.99784304, -0.99038937],
        [ 0.35624818,  0.14865015,  0.        , ..., -0.99873055,
         -0.99651499, -0.99994539],
        ...,
        [ 0.91526041,  0.98014675,  0.99873055, ...,  0.        ,
          0.13350401,  0.06080645],
        [ 0.96085104,  0.99784304,  0.99651499, ..., -0.13350401,
          0.        , -0.07299485],
        [ 0.93806345,  0.99038937,  0.99994539, ..., -0.06080645,
          0.07299485,  0.        ]]]), 'num': array([7.07100226e-01, 7.07100226e-01, 0.00000000e+00, 0.00000000e+00,
       1.13726458e-04, 1.14007611e-04, 1.06978782e-04, 4.29332139e-03,
       6.74767611e-06, 1.11898962e-04, 1.16221692e-04, 1.34163950e-04,
       5.72966179e-07, 1.23129068e-04, 1.09314316e-04])}
{'img': array([[[ 0.        , -0.05027387,  0.17085296, ..., -0.9509667 ,
         -0.92953592, -0.92340786],
        [ 0.05027387,  0.        ,  0.22017158, ..., -0.9342148 ,
         -0.94689806, -0.90294405],
        [-0.17085296, -0.22017158,  0.        , ..., -0.98982787,
         -0.85286965, -0.97540738],
        ...,
        [ 0.9509667 ,  0.9342148 ,  0.98982787, ...,  0.        ,
         -0.63815067,  0.07939635],
        [ 0.92953592,  0.94689806,  0.85286965, ...,  0.63815067,
          0.        ,  0.69726427],
        [ 0.92340786,  0.90294405,  0.97540738, ..., -0.07939635,
         -0.69726427,  0.        ]],

       [[ 0.        , -0.13555468,  0.35084972, ...,  0.56188217,
          0.50632789,  0.23339159],
        [ 0.13555468,  0.        ,  0.47454904, ...,  0.6688291 ,
          0.61854878,  0.3630484 ],
        [-0.35084972, -0.47454904,  0.        , ...,  0.23593537,
          0.17158941, -0.12260494],
        ...,
        [-0.56188217, -0.6688291 , -0.23593537, ...,  0.        ,
         -0.06569088, -0.35329902],
        [-0.50632789, -0.61854878, -0.17158941, ...,  0.06569088,
          0.        , -0.29108139],
        [-0.23339159, -0.3630484 ,  0.12260494, ...,  0.35329902,
          0.29108139,  0.        ]],

       [[ 0.        , -0.01073279,  0.03094096, ..., -0.99963599,
         -0.97737449, -0.91908137],
        [ 0.01073279,  0.        ,  0.04166683, ..., -0.99986798,
         -0.97958835, -0.92325788],
        [-0.03094096, -0.04166683,  0.        , ..., -0.99832261,
         -0.97036202, -0.90644849],
        ...,
        [ 0.99963599,  0.99986798,  0.99832261, ...,  0.        ,
         -0.18507025, -0.36912809],
        [ 0.97737449,  0.97958835,  0.97036202, ...,  0.18507025,
          0.        , -0.19075119],
        [ 0.91908137,  0.92325788,  0.90644849, ...,  0.36912809,
          0.19075119,  0.        ]],

       ...,

       [[ 0.        , -0.00799282,  0.39016948, ...,  0.32448274,
         -0.00694672,  0.5654323 ],
        [ 0.00799282,  0.        ,  0.39751635, ...,  0.33203271,
          0.00104613,  0.57200667],
        [-0.39016948, -0.39751635,  0.        , ..., -0.07029281,
         -0.39655621,  0.19880814],
        ...,
        [-0.32448274, -0.33203271,  0.07029281, ...,  0.        ,
         -0.33104575,  0.26720602],
        [ 0.00694672, -0.00104613,  0.39655621, ...,  0.33104575,
          0.        ,  0.57114827],
        [-0.5654323 , -0.57200667, -0.19880814, ..., -0.26720602,
         -0.57114827,  0.        ]],

       [[ 0.        ,  0.09733764,  0.00594627, ..., -0.50566522,
         -0.34702303, -0.22290777],
        [-0.09733764,  0.        , -0.09141788, ..., -0.41928794,
         -0.25408641, -0.12696069],
        [-0.00594627,  0.09141788,  0.        , ..., -0.50052625,
         -0.34144014, -0.21710717],
        ...,
        [ 0.50566522,  0.41928794,  0.50052625, ...,  0.        ,
         -0.17485436, -0.30063327],
        [ 0.34702303,  0.25408641,  0.34144014, ...,  0.17485436,
          0.        , -0.12923624],
        [ 0.22290777,  0.12696069,  0.21710717, ...,  0.30063327,
          0.12923624,  0.        ]],

       [[ 0.        , -0.14865015, -0.19916069, ..., -0.99784304,
         -0.99038937, -0.98782683],
        [ 0.14865015,  0.        , -0.05127577, ..., -0.99651499,
         -0.99994539, -0.99997558],
        [ 0.19916069,  0.05127577,  0.        , ..., -0.990927  ,
         -0.99809412, -0.99901849],
        ...,
        [ 0.99784304,  0.99651499,  0.990927  , ...,  0.        ,
         -0.07299485, -0.09037615],
        [ 0.99038937,  0.99994539,  0.99809412, ...,  0.07299485,
          0.        , -0.01743892],
        [ 0.98782683,  0.99997558,  0.99901849, ...,  0.09037615,
          0.01743892,  0.        ]]]), 'num': array([ 9.46382485e-01,  3.22991630e-01,  7.43016514e-05, -1.69633470e-10,
        1.54152041e-04,  1.55070707e-04,  1.46802719e-04,  6.03333451e-03,
        5.51199194e-06,  1.47390665e-04,  1.52075858e-04,  1.74880193e-04,
        8.91758808e-07,  1.61136040e-04,  1.43015675e-04])}
{'img': array([[[ 0.        ,  0.22017158,  0.2067119 , ..., -0.94689806,
         -0.90294405, -0.78181772],
        [-0.22017158,  0.        , -0.01377685, ..., -0.85286965,
         -0.97540738, -0.89991135],
        [-0.2067119 ,  0.01377685,  0.        , ..., -0.85998193,
         -0.97227825, -0.89381823],
        ...,
        [ 0.94689806,  0.85286965,  0.85998193, ...,  0.        ,
          0.69726427,  0.84177855],
        [ 0.90294405,  0.97540738,  0.97227825, ..., -0.69726427,
          0.        ,  0.22699948],
        [ 0.78181772,  0.89991135,  0.89381823, ..., -0.84177855,
         -0.22699948,  0.        ]],

       [[ 0.        ,  0.47454904,  0.10001547, ...,  0.61854878,
          0.3630484 ,  0.40683187],
        [-0.47454904,  0.        , -0.38413307, ...,  0.17158941,
         -0.12260494, -0.07539676],
        [-0.10001547,  0.38413307,  0.        , ...,  0.53686051,
          0.26803659,  0.31342753],
        ...,
        [-0.61854878, -0.17158941, -0.53686051, ...,  0.        ,
         -0.29108139, -0.24537952],
        [-0.3630484 ,  0.12260494, -0.26803659, ...,  0.29108139,
          0.        ,  0.04742803],
        [-0.40683187,  0.07539676, -0.31342753, ...,  0.24537952,
         -0.04742803,  0.        ]],

       [[ 0.        ,  0.04166683,  0.10799193, ..., -0.97958835,
         -0.92325788, -0.99526946],
        [-0.04166683,  0.        ,  0.066475  , ..., -0.97036202,
         -0.90644849, -0.99035707],
        [-0.10799193, -0.066475  ,  0.        , ..., -0.95215159,
         -0.87637003, -0.97895715],
        ...,
        [ 0.97958835,  0.97036202,  0.95215159, ...,  0.        ,
         -0.19075119,  0.10489324],
        [ 0.92325788,  0.90644849,  0.87637003, ...,  0.19075119,
          0.        ,  0.29266614],
        [ 0.99526946,  0.99035707,  0.97895715, ..., -0.10489324,
         -0.29266614,  0.        ]],

       ...,

       [[ 0.        ,  0.39751635,  0.3811447 , ...,  0.00104613,
          0.57200667,  0.7620777 ],
        [-0.39751635,  0.        , -0.01777348, ..., -0.39655621,
          0.19880814,  0.44189265],
        [-0.3811447 ,  0.01777348,  0.        , ..., -0.38017733,
          0.21619543,  0.45776687],
        ...,
        [-0.00104613,  0.39655621,  0.38017733, ...,  0.        ,
          0.57114827,  0.76139993],
        [-0.57200667, -0.19880814, -0.21619543, ..., -0.57114827,
          0.        ,  0.25472737],
        [-0.7620777 , -0.44189265, -0.45776687, ..., -0.76139993,
         -0.25472737,  0.        ]],

       [[ 0.        , -0.09141788, -0.20648425, ..., -0.25408641,
         -0.12696069, -0.2518507 ],
        [ 0.09141788,  0.        , -0.1161718 , ..., -0.34144014,
         -0.21710717, -0.33926723],
        [ 0.20648425,  0.1161718 ,  0.        , ..., -0.44831858,
         -0.32903801, -0.44625175],
        ...,
        [ 0.25408641,  0.34144014,  0.44831858, ...,  0.        ,
         -0.12923624, -0.00231088],
        [ 0.12696069,  0.21710717,  0.32903801, ...,  0.12923624,
          0.        ,  0.1269444 ],
        [ 0.2518507 ,  0.33926723,  0.44625175, ...,  0.00231088,
         -0.1269444 ,  0.        ]],

       [[ 0.        , -0.05127577, -0.09271421, ..., -0.99994539,
         -0.99997558, -1.        ],
        [ 0.05127577,  0.        , -0.04153734, ..., -0.99809412,
         -0.99901849, -0.99868344],
        [ 0.09271421,  0.04153734,  0.        , ..., -0.99466944,
         -0.9963164 , -0.99569079],
        ...,
        [ 0.99994539,  0.99809412,  0.99466944, ...,  0.        ,
         -0.01743892, -0.01042964],
        [ 0.99997558,  0.99901849,  0.9963164 , ...,  0.01743892,
          0.        ,  0.00700992],
        [ 1.        ,  0.99868344,  0.99569079, ...,  0.01042964,
         -0.00700992,  0.        ]]]), 'num': array([ 9.30699997e-01,  3.65589979e-01,  6.84981840e-05,  4.37187430e-08,
        1.50615676e-04,  1.56092610e-04,  1.49520290e-04,  1.18864979e-02,
       -2.55590239e-06,  1.47293003e-04,  1.51163370e-04,  1.73281054e-04,
        8.37054424e-07,  1.60139899e-04,  1.42186840e-04])}
{'img': array([[[ 0.        , -0.01377685, -0.07439571, ..., -0.97540738,
         -0.89991135, -0.93950035],
        [ 0.01377685,  0.        , -0.06064998, ..., -0.97227825,
         -0.89381823, -0.93469196],
        [ 0.07439571,  0.06064998,  0.        , ..., -0.95630679,
         -0.86497556, -0.91141271],
        ...,
        [ 0.97540738,  0.97227825,  0.95630679, ...,  0.        ,
          0.22699948,  0.12704876],
        [ 0.89991135,  0.89381823,  0.86497556, ..., -0.22699948,
          0.        , -0.10142786],
        [ 0.93950035,  0.93469196,  0.91141271, ..., -0.12704876,
          0.10142786,  0.        ]],

       [[ 0.        , -0.38413307, -0.41043075, ..., -0.12260494,
         -0.07539676,  0.44158702],
        [ 0.38413307,  0.        , -0.02865379, ...,  0.26803659,
          0.31342753,  0.75235873],
        [ 0.41043075,  0.02865379,  0.        , ...,  0.29553184,
          0.34050882,  0.7709256 ],
        ...,
        [ 0.12260494, -0.26803659, -0.29553184, ...,  0.        ,
          0.04742803,  0.5482589 ],
        [ 0.07539676, -0.31342753, -0.34050882, ..., -0.04742803,
          0.        ,  0.50797745],
        [-0.44158702, -0.75235873, -0.7709256 , ..., -0.5482589 ,
         -0.50797745,  0.        ]],

       [[ 0.        ,  0.066475  ,  0.05524866, ..., -0.90644849,
         -0.99035707, -0.99907966],
        [-0.066475  ,  0.        , -0.01124701, ..., -0.87637003,
         -0.97895715, -0.99401845],
        [-0.05524866,  0.01124701,  0.        , ..., -0.88173159,
         -0.98119037, -0.99518389],
        ...,
        [ 0.90644849,  0.87637003,  0.88173159, ...,  0.        ,
          0.29266614,  0.3830471 ],
        [ 0.99035707,  0.97895715,  0.98119037, ..., -0.29266614,
          0.        ,  0.09593112],
        [ 0.99907966,  0.99401845,  0.99518389, ..., -0.3830471 ,
         -0.09593112,  0.        ]],

       ...,

       [[ 0.        , -0.01777348, -0.03556715, ...,  0.19880814,
          0.44189265,  0.35931758],
        [ 0.01777348,  0.        , -0.0177993 , ...,  0.21619543,
          0.45776687,  0.37584731],
        [ 0.03556715,  0.0177993 ,  0.        , ...,  0.23353953,
          0.47351921,  0.39228205],
        ...,
        [-0.19880814, -0.21619543, -0.23353953, ...,  0.        ,
          0.25472737,  0.16661423],
        [-0.44189265, -0.45776687, -0.47351921, ..., -0.25472737,
          0.        , -0.09004872],
        [-0.35931758, -0.37584731, -0.39228205, ..., -0.16661423,
          0.09004872,  0.        ]],

       [[ 0.        , -0.1161718 , -0.19629261, ..., -0.21710717,
         -0.33926723, -0.34736618],
        [ 0.1161718 ,  0.        , -0.08105182, ..., -0.32903801,
         -0.44625175, -0.45395194],
        [ 0.19629261,  0.08105182,  0.        , ..., -0.40449402,
         -0.51731741, -0.52467768],
        ...,
        [ 0.21710717,  0.32903801,  0.40449402, ...,  0.        ,
          0.1269444 ,  0.13549292],
        [ 0.33926723,  0.44625175,  0.51731741, ..., -0.1269444 ,
          0.        ,  0.008623  ],
        [ 0.34736618,  0.45395194,  0.52467768, ..., -0.13549292,
         -0.008623  ,  0.        ]],

       [[ 0.        , -0.04153734, -0.08875889, ..., -0.99901849,
         -0.99868344, -0.99847073],
        [ 0.04153734,  0.        , -0.04730889, ..., -0.9963164 ,
         -0.99569079, -0.99531269],
        [ 0.08875889,  0.04730889,  0.        , ..., -0.99114393,
         -0.99018872, -0.98962304],
        ...,
        [ 0.99901849,  0.9963164 ,  0.99114393, ...,  0.        ,
          0.00700992,  0.01100146],
        [ 0.99868344,  0.99569079,  0.99018872, ..., -0.00700992,
          0.        ,  0.00399169],
        [ 0.99847073,  0.99531269,  0.98962304, ..., -0.01100146,
         -0.00399169,  0.        ]]]), 'num': array([9.99977512e-01, 1.50483393e-04, 1.17488488e-04, 2.55735707e-08,
       1.61836683e-04, 1.62407200e-04, 1.57272546e-04, 6.68805783e-03,
       4.94448151e-06, 1.55370823e-04, 1.57662400e-04, 1.79969618e-04,
       9.43870197e-07, 1.67205548e-04, 1.48119252e-04])}
{'img': array([[[ 0.00000000e+00, -6.06499795e-02,  8.44426647e-02, ...,
         -8.93818235e-01, -9.34691959e-01, -8.54064810e-01],
        [ 6.06499795e-02,  0.00000000e+00,  1.44720572e-01, ...,
         -8.64975565e-01, -9.11412713e-01, -8.20944464e-01],
        [-8.44426647e-02, -1.44720572e-01,  0.00000000e+00, ...,
         -9.28492397e-01, -9.61369443e-01, -8.94938635e-01],
        ...,
        [ 8.93818235e-01,  8.64975565e-01,  9.28492397e-01, ...,
          0.00000000e+00, -1.01427856e-01,  8.19465948e-02],
        [ 9.34691959e-01,  9.11412713e-01,  9.61369443e-01, ...,
          1.01427856e-01,  0.00000000e+00,  1.82610714e-01],
        [ 8.54064810e-01,  8.20944464e-01,  8.94938635e-01, ...,
         -8.19465948e-02, -1.82610714e-01,  0.00000000e+00]],

       [[ 0.00000000e+00, -2.86537877e-02,  3.09263384e-01, ...,
          3.13427532e-01,  7.52358731e-01,  3.56667804e-01],
        [ 2.86537877e-02,  0.00000000e+00,  3.36385476e-01, ...,
          3.40508821e-01,  7.70925596e-01,  3.83290619e-01],
        [-3.09263384e-01, -3.36385476e-01,  0.00000000e+00, ...,
          4.38193430e-03,  5.11747040e-01,  5.02591465e-02],
        ...,
        [-3.13427532e-01, -3.40508821e-01, -4.38193430e-03, ...,
          0.00000000e+00,  5.07977449e-01,  4.58822675e-02],
        [-7.52358731e-01, -7.70925596e-01, -5.11747040e-01, ...,
         -5.07977449e-01,  0.00000000e+00, -4.67920849e-01],
        [-3.56667804e-01, -3.83290619e-01, -5.02591465e-02, ...,
         -4.58822675e-02,  4.67920849e-01,  0.00000000e+00]],

       [[ 0.00000000e+00, -1.12470096e-02,  4.73553378e-02, ...,
         -9.78957154e-01, -9.94018449e-01, -9.98796709e-01],
        [ 1.12470096e-02,  0.00000000e+00,  5.85867343e-02, ...,
         -9.81190366e-01, -9.95183889e-01, -9.98181958e-01],
        [-4.73553378e-02, -5.85867343e-02,  0.00000000e+00, ...,
         -9.68195259e-01, -9.87731481e-01, -9.99998574e-01],
        ...,
        [ 9.78957154e-01,  9.81190366e-01,  9.68195259e-01, ...,
          0.00000000e+00,  9.59311175e-02,  2.51830523e-01],
        [ 9.94018449e-01,  9.95183889e-01,  9.87731481e-01, ...,
         -9.59311175e-02,  0.00000000e+00,  1.57829687e-01],
        [ 9.98796709e-01,  9.98181958e-01,  9.99998574e-01, ...,
         -2.51830523e-01, -1.57829687e-01,  0.00000000e+00]],

       ...,

       [[ 0.00000000e+00, -1.77992992e-02,  9.60329160e-02, ...,
          4.57766866e-01,  3.75847309e-01,  4.90736253e-01],
        [ 1.77992992e-02,  0.00000000e+00,  1.13734736e-01, ...,
          4.73519210e-01,  3.92282050e-01,  5.06167186e-01],
        [-9.60329160e-02, -1.13734736e-01,  0.00000000e+00, ...,
          3.70270938e-01,  2.85118265e-01,  4.04793884e-01],
        ...,
        [-4.57766866e-01, -4.73519210e-01, -3.70270938e-01, ...,
          0.00000000e+00, -9.00487167e-02,  3.74439819e-02],
        [-3.75847309e-01, -3.92282050e-01, -2.85118265e-01, ...,
          9.00487167e-02,  0.00000000e+00,  1.27277429e-01],
        [-4.90736253e-01, -5.06167186e-01, -4.04793884e-01, ...,
         -3.74439819e-02, -1.27277429e-01,  0.00000000e+00]],

       [[ 0.00000000e+00, -8.10518221e-02, -2.12067094e-01, ...,
         -4.46251748e-01, -4.53951942e-01, -5.26961834e-01],
        [ 8.10518221e-02,  0.00000000e+00, -1.32161063e-01, ...,
         -5.17317411e-01, -5.24677684e-01, -5.94113119e-01],
        [ 2.12067094e-01,  1.32161063e-01,  0.00000000e+00, ...,
         -6.25882227e-01, -6.32584185e-01, -6.95209625e-01],
        ...,
        [ 4.46251748e-01,  5.17317411e-01,  6.25882227e-01, ...,
          0.00000000e+00,  8.62299802e-03,  9.23176528e-02],
        [ 4.53951942e-01,  5.24677684e-01,  6.32584185e-01, ...,
         -8.62299802e-03,  0.00000000e+00,  8.37280461e-02],
        [ 5.26961834e-01,  5.94113119e-01,  6.95209625e-01, ...,
         -9.23176528e-02, -8.37280461e-02,  0.00000000e+00]],

       [[ 0.00000000e+00, -4.73088927e-02, -4.32851009e-02, ...,
         -9.95690793e-01, -9.95312690e-01, -9.95279947e-01],
        [ 4.73088927e-02,  0.00000000e+00,  4.02791800e-03, ...,
         -9.90188719e-01, -9.89623045e-01, -9.89574425e-01],
        [ 4.32851009e-02, -4.02791800e-03,  0.00000000e+00, ...,
         -9.90743534e-01, -9.90193780e-01, -9.90146508e-01],
        ...,
        [ 9.95690793e-01,  9.90188719e-01,  9.90743534e-01, ...,
          0.00000000e+00,  3.99169064e-03,  4.32966649e-03],
        [ 9.95312690e-01,  9.89623045e-01,  9.90193780e-01, ...,
         -3.99169064e-03,  0.00000000e+00,  3.37978762e-04],
        [ 9.95279947e-01,  9.89574425e-01,  9.90146508e-01, ...,
         -4.32966649e-03, -3.37978762e-04,  0.00000000e+00]]]), 'num': array([7.07098912e-01, 7.07098912e-01, 0.00000000e+00, 5.88149652e-08,
       1.14625299e-04, 1.15972247e-04, 1.13951824e-04, 4.70662790e-03,
       0.00000000e+00, 1.12470181e-04, 1.11709155e-04, 1.27095795e-04,
       6.50601433e-07, 1.18528639e-04, 1.04889672e-04])}
{'img': array([[[ 0.00000000e+00,  1.44720572e-01,  5.38148029e-02, ...,
         -9.11412713e-01, -8.20944464e-01, -8.20944464e-01],
        [-1.44720572e-01,  0.00000000e+00, -9.12625914e-02, ...,
         -9.61369443e-01, -8.94938635e-01, -8.94938635e-01],
        [-5.38148029e-02,  9.12625914e-02,  0.00000000e+00, ...,
         -9.32236455e-01, -8.50483547e-01, -8.50483547e-01],
        ...,
        [ 9.11412713e-01,  9.61369443e-01,  9.32236455e-01, ...,
          0.00000000e+00,  1.82610714e-01,  1.82610714e-01],
        [ 8.20944464e-01,  8.94938635e-01,  8.50483547e-01, ...,
         -1.82610714e-01,  0.00000000e+00,  0.00000000e+00],
        [ 8.20944464e-01,  8.94938635e-01,  8.50483547e-01, ...,
         -1.82610714e-01,  0.00000000e+00,  0.00000000e+00]],

       [[ 0.00000000e+00,  3.36385476e-01, -2.48763267e-01, ...,
          7.70925596e-01,  3.83290619e-01,  3.79267048e-01],
        [-3.36385476e-01,  0.00000000e+00, -5.60077403e-01, ...,
          5.11747040e-01,  5.02591465e-02,  4.59118321e-02],
        [ 2.48763267e-01,  5.60077403e-01,  0.00000000e+00, ...,
          9.05134620e-01,  6.01006284e-01,  5.97522010e-01],
        ...,
        [-7.70925596e-01, -5.11747040e-01, -9.05134620e-01, ...,
          0.00000000e+00, -4.67920849e-01, -4.71762885e-01],
        [-3.83290619e-01, -5.02591465e-02, -6.01006284e-01, ...,
          4.67920849e-01,  0.00000000e+00, -4.35233877e-03],
        [-3.79267048e-01, -4.59118321e-02, -5.97522010e-01, ...,
          4.71762885e-01,  4.35233877e-03,  0.00000000e+00]],

       [[ 0.00000000e+00,  5.85867343e-02,  1.10608982e-01, ...,
         -9.95183889e-01, -9.98181958e-01, -9.64010327e-01],
        [-5.85867343e-02,  0.00000000e+00,  5.21917457e-02, ...,
         -9.87731481e-01, -9.99998574e-01, -9.77930618e-01],
        [-1.10608982e-01, -5.21917457e-02,  0.00000000e+00, ...,
         -9.78234925e-01, -9.98723799e-01, -9.87502196e-01],
        ...,
        [ 9.95183889e-01,  9.87731481e-01,  9.78234925e-01, ...,
          0.00000000e+00,  1.57829687e-01,  3.59082093e-01],
        [ 9.98181958e-01,  9.99998574e-01,  9.98723799e-01, ...,
         -1.57829687e-01,  0.00000000e+00,  2.07278093e-01],
        [ 9.64010327e-01,  9.77930618e-01,  9.87502196e-01, ...,
         -3.59082093e-01, -2.07278093e-01,  0.00000000e+00]],

       ...,

       [[ 0.00000000e+00,  1.13734736e-01,  1.89218491e-01, ...,
          3.92282050e-01,  5.06167186e-01,  4.66522971e-01],
        [-1.13734736e-01,  0.00000000e+00,  7.63105614e-02, ...,
          2.85118265e-01,  4.04793884e-01,  3.62896368e-01],
        [-1.89218491e-01, -7.63105614e-02,  0.00000000e+00, ...,
          2.11143799e-01,  3.33834560e-01,  2.90729765e-01],
        ...,
        [-3.92282050e-01, -2.85118265e-01, -2.11143799e-01, ...,
          0.00000000e+00,  1.27277429e-01,  8.21517785e-02],
        [-5.06167186e-01, -4.04793884e-01, -3.33834560e-01, ...,
         -1.27277429e-01,  0.00000000e+00, -4.53635584e-02],
        [-4.66522971e-01, -3.62896368e-01, -2.90729765e-01, ...,
         -8.21517785e-02,  4.53635584e-02,  0.00000000e+00]],

       [[ 0.00000000e+00, -1.32161063e-01, -2.59534264e-01, ...,
         -5.24677684e-01, -5.94113119e-01, -6.12789987e-01],
        [ 1.32161063e-01,  0.00000000e+00, -1.29625277e-01, ...,
         -6.32584185e-01, -6.95209625e-01, -7.11854475e-01],
        [ 2.59534264e-01,  1.29625277e-01,  0.00000000e+00, ...,
         -7.27640795e-01, -7.82519741e-01, -7.96887927e-01],
        ...,
        [ 5.24677684e-01,  6.32584185e-01,  7.27640795e-01, ...,
          0.00000000e+00,  8.37280461e-02,  1.07044367e-01],
        [ 5.94113119e-01,  6.95209625e-01,  7.82519741e-01, ...,
         -8.37280461e-02,  0.00000000e+00,  2.34215304e-02],
        [ 6.12789987e-01,  7.11854475e-01,  7.96887927e-01, ...,
         -1.07044367e-01, -2.34215304e-02,  0.00000000e+00]],

       [[ 0.00000000e+00,  4.02791800e-03,  1.10390327e-02, ...,
         -9.89623045e-01, -9.89574425e-01, -9.89765035e-01],
        [-4.02791800e-03,  0.00000000e+00,  7.01127057e-03, ...,
         -9.90193780e-01, -9.90146508e-01, -9.90331817e-01],
        [-1.10390327e-02, -7.01127057e-03,  0.00000000e+00, ...,
         -9.91148921e-01, -9.91103996e-01, -9.91280070e-01],
        ...,
        [ 9.89623045e-01,  9.90193780e-01,  9.91148921e-01, ...,
          0.00000000e+00,  3.37978762e-04, -9.91571947e-04],
        [ 9.89574425e-01,  9.90146508e-01,  9.91103996e-01, ...,
         -3.37978762e-04,  0.00000000e+00, -1.32955049e-03],
        [ 9.89765035e-01,  9.90331817e-01,  9.91280070e-01, ...,
          9.91571947e-04,  1.32955049e-03,  0.00000000e+00]]]), 'num': array([ 9.69504161e-01,  2.44964366e-01,  8.52399759e-05,  8.05158821e-08,
        1.57132898e-04,  1.58242072e-04,  1.55838863e-04,  7.34409590e-03,
       -1.84862234e-07,  1.55875835e-04,  1.53324736e-04,  1.73946119e-04,
        9.24311168e-07,  1.62698838e-04,  1.43950635e-04])}
{'img': array([[[ 0.00000000e+00, -9.12625914e-02, -6.37904723e-02, ...,
         -8.94938635e-01, -8.94938635e-01, -8.97904464e-01],
        [ 9.12625914e-02,  0.00000000e+00,  2.75524523e-02, ...,
         -8.50483547e-01, -8.50483547e-01, -8.53984470e-01],
        [ 6.37904723e-02, -2.75524523e-02,  0.00000000e+00, ...,
         -8.64653304e-01, -8.64653304e-01, -8.67995762e-01],
        ...,
        [ 8.94938635e-01,  8.50483547e-01,  8.64653304e-01, ...,
          0.00000000e+00,  0.00000000e+00, -6.69193129e-03],
        [ 8.94938635e-01,  8.50483547e-01,  8.64653304e-01, ...,
          0.00000000e+00,  0.00000000e+00, -6.69193129e-03],
        [ 8.97904464e-01,  8.53984470e-01,  8.67995762e-01, ...,
          6.69193129e-03,  6.69193129e-03,  0.00000000e+00]],

       [[ 0.00000000e+00, -5.60077403e-01, -6.94880488e-01, ...,
          5.02591465e-02,  4.59118321e-02,  1.34441551e-01],
        [ 5.60077403e-01,  0.00000000e+00, -1.72901193e-01, ...,
          6.01006284e-01,  5.97522010e-01,  6.66369551e-01],
        [ 6.94880488e-01,  1.72901193e-01,  0.00000000e+00, ...,
          7.30144926e-01,  7.27164091e-01,  7.85252346e-01],
        ...,
        [-5.02591465e-02, -6.01006284e-01, -7.30144926e-01, ...,
          0.00000000e+00, -4.35233877e-03,  8.44687748e-02],
        [-4.59118321e-02, -5.97522010e-01, -7.27164091e-01, ...,
          4.35233877e-03,  0.00000000e+00,  8.88047589e-02],
        [-1.34441551e-01, -6.66369551e-01, -7.85252346e-01, ...,
         -8.44687748e-02, -8.88047589e-02,  0.00000000e+00]],

       [[ 0.00000000e+00,  5.21917457e-02,  5.39041616e-02, ...,
         -9.99998574e-01, -9.77930618e-01, -9.57907992e-01],
        [-5.21917457e-02,  0.00000000e+00,  1.71482981e-03, ...,
         -9.98723799e-01, -9.87502196e-01, -9.71585408e-01],
        [-5.39041616e-02, -1.71482981e-03,  0.00000000e+00, ...,
         -9.98635722e-01, -9.87771010e-01, -9.71989861e-01],
        ...,
        [ 9.99998574e-01,  9.98723799e-01,  9.98635722e-01, ...,
          0.00000000e+00,  2.07278093e-01,  2.85457277e-01],
        [ 9.77930618e-01,  9.87502196e-01,  9.87771010e-01, ...,
         -2.07278093e-01,  0.00000000e+00,  8.06041843e-02],
        [ 9.57907992e-01,  9.71585408e-01,  9.71989861e-01, ...,
         -2.85457277e-01, -8.06041843e-02,  0.00000000e+00]],

       ...,

       [[ 0.00000000e+00,  7.63105614e-02,  6.84996449e-02, ...,
          4.04793884e-01,  3.62896368e-01,  4.16332202e-01],
        [-7.63105614e-02,  0.00000000e+00, -7.83141200e-03, ...,
          3.33834560e-01,  2.90729765e-01,  3.45735696e-01],
        [-6.84996449e-02,  7.83141200e-03,  0.00000000e+00, ...,
          3.41206460e-01,  2.98213985e-01,  3.53073558e-01],
        ...,
        [-4.04793884e-01, -3.33834560e-01, -3.41206460e-01, ...,
          0.00000000e+00, -4.53635584e-02,  1.26537905e-02],
        [-3.62896368e-01, -2.90729765e-01, -2.98213985e-01, ...,
          4.53635584e-02,  0.00000000e+00,  5.80006904e-02],
        [-4.16332202e-01, -3.45735696e-01, -3.53073558e-01, ...,
         -1.26537905e-02, -5.80006904e-02,  0.00000000e+00]],

       [[ 0.00000000e+00, -1.29625277e-01, -2.39944989e-01, ...,
         -6.95209625e-01, -7.11854475e-01, -7.14542100e-01],
        [ 1.29625277e-01,  0.00000000e+00, -1.12082119e-01, ...,
         -7.82519741e-01, -7.96887927e-01, -7.99198411e-01],
        [ 2.39944989e-01,  1.12082119e-01,  0.00000000e+00, ...,
         -8.47374259e-01, -8.59578547e-01, -8.61531516e-01],
        ...,
        [ 6.95209625e-01,  7.82519741e-01,  8.47374259e-01, ...,
          0.00000000e+00,  2.34215304e-02,  2.72545007e-02],
        [ 7.11854475e-01,  7.96887927e-01,  8.59578547e-01, ...,
         -2.34215304e-02,  0.00000000e+00,  3.83419426e-03],
        [ 7.14542100e-01,  7.99198411e-01,  8.61531516e-01, ...,
         -2.72545007e-02, -3.83419426e-03,  0.00000000e+00]],

       [[ 0.00000000e+00,  7.01127057e-03,  2.64847709e-02, ...,
         -9.90146508e-01, -9.90331817e-01, -9.90368592e-01],
        [-7.01127057e-03,  0.00000000e+00,  1.94753088e-02, ...,
         -9.91103996e-01, -9.91280070e-01, -9.91315001e-01],
        [-2.64847709e-02, -1.94753088e-02,  0.00000000e+00, ...,
         -9.93507985e-01, -9.93658360e-01, -9.93688162e-01],
        ...,
        [ 9.90146508e-01,  9.91103996e-01,  9.93507985e-01, ...,
          0.00000000e+00, -1.32955049e-03, -1.59490627e-03],
        [ 9.90331817e-01,  9.91280070e-01,  9.93658360e-01, ...,
          1.32955049e-03,  0.00000000e+00, -2.65356064e-04],
        [ 9.90368592e-01,  9.91315001e-01,  9.93688162e-01, ...,
          1.59490627e-03,  2.65356064e-04,  0.00000000e+00]]]), 'num': array([9.77486547e-01, 2.10942291e-01, 8.99699832e-05, 7.93143914e-08,
       1.58507911e-04, 1.58693953e-04, 1.56089363e-04, 4.81564521e-03,
       3.72084298e-07, 1.57354449e-04, 1.54340567e-04, 1.74507536e-04,
       9.48450171e-07, 1.63834478e-04, 1.44846655e-04])}
{'img': array([[[ 0.00000000e+00,  2.75524523e-02,  6.26412982e-02, ...,
         -8.50483547e-01, -8.53984470e-01, -8.46957136e-01],
        [-2.75524523e-02,  0.00000000e+00,  3.51191748e-02, ...,
         -8.64653304e-01, -8.67995762e-01, -8.61284166e-01],
        [-6.26412982e-02, -3.51191748e-02,  0.00000000e+00, ...,
         -8.81762713e-01, -8.84899508e-01, -8.78597748e-01],
        ...,
        [ 8.50483547e-01,  8.64653304e-01,  8.81762713e-01, ...,
          0.00000000e+00, -6.69193129e-03,  6.66823305e-03],
        [ 8.53984470e-01,  8.67995762e-01,  8.84899508e-01, ...,
          6.69193129e-03,  0.00000000e+00,  1.33598662e-02],
        [ 8.46957136e-01,  8.61284166e-01,  8.78597748e-01, ...,
         -6.66823305e-03, -1.33598662e-02,  0.00000000e+00]],

       [[ 0.00000000e+00, -1.72901193e-01,  4.14942487e-01, ...,
          5.97522010e-01,  6.66369551e-01,  4.31599273e-01],
        [ 1.72901193e-01,  0.00000000e+00,  5.66006854e-01, ...,
          7.27164091e-01,  7.85252346e-01,  5.81067223e-01],
        [-4.14942487e-01, -5.66006854e-01,  0.00000000e+00, ...,
          2.10931317e-01,  2.96904669e-01,  1.83843011e-02],
        ...,
        [-5.97522010e-01, -7.27164091e-01, -2.10931317e-01, ...,
          0.00000000e+00,  8.88047589e-02, -1.92924998e-01],
        [-6.66369551e-01, -7.85252346e-01, -2.96904669e-01, ...,
         -8.88047589e-02,  0.00000000e+00, -2.79299190e-01],
        [-4.31599273e-01, -5.81067223e-01, -1.83843011e-02, ...,
          1.92924998e-01,  2.79299190e-01,  0.00000000e+00]],

       [[ 0.00000000e+00,  1.71482981e-03,  1.55070086e-02, ...,
         -9.87502196e-01, -9.71585408e-01, -9.65528990e-01],
        [-1.71482981e-03,  0.00000000e+00,  1.37923622e-02, ...,
         -9.87771010e-01, -9.71989861e-01, -9.65973933e-01],
        [-1.55070086e-02, -1.37923622e-02,  0.00000000e+00, ...,
         -9.89827443e-01, -9.75138926e-01, -9.69449299e-01],
        ...,
        [ 9.87502196e-01,  9.87771010e-01,  9.89827443e-01, ...,
          0.00000000e+00,  8.06041843e-02,  1.04869985e-01],
        [ 9.71585408e-01,  9.71989861e-01,  9.75138926e-01, ...,
         -8.06041843e-02,  0.00000000e+00,  2.43690301e-02],
        [ 9.65528990e-01,  9.65973933e-01,  9.69449299e-01, ...,
         -1.04869985e-01, -2.43690301e-02,  0.00000000e+00]],

       ...,

       [[ 0.00000000e+00, -7.83141200e-03,  2.23242807e-01, ...,
          2.90729765e-01,  3.45735696e-01,  3.77450259e-01],
        [ 7.83141200e-03,  0.00000000e+00,  2.30869731e-01, ...,
          2.98213985e-01,  3.53073558e-01,  3.84690806e-01],
        [-2.23242807e-01, -2.30869731e-01,  0.00000000e+00, ...,
          6.97926992e-02,  1.27534463e-01,  1.61194992e-01],
        ...,
        [-2.90729765e-01, -2.98213985e-01, -6.97926992e-02, ...,
          0.00000000e+00,  5.80006904e-02,  9.19219301e-02],
        [-3.45735696e-01, -3.53073558e-01, -1.27534463e-01, ...,
         -5.80006904e-02,  0.00000000e+00,  3.40120555e-02],
        [-3.77450259e-01, -3.84690806e-01, -1.61194992e-01, ...,
         -9.19219301e-02, -3.40120555e-02,  0.00000000e+00]],

       [[ 0.00000000e+00, -1.12082119e-01, -1.97410137e-01, ...,
         -7.96887927e-01, -7.99198411e-01, -8.08074700e-01],
        [ 1.12082119e-01,  0.00000000e+00, -8.62897922e-02, ...,
         -8.59578547e-01, -8.61531516e-01, -8.69008316e-01],
        [ 1.97410137e-01,  8.62897922e-02,  0.00000000e+00, ...,
         -9.00466786e-01, -9.02127753e-01, -9.08462956e-01],
        ...,
        [ 7.96887927e-01,  8.59578547e-01,  9.00466786e-01, ...,
          0.00000000e+00,  3.83419426e-03,  1.87491149e-02],
        [ 7.99198411e-01,  8.61531516e-01,  9.02127753e-01, ...,
         -3.83419426e-03,  0.00000000e+00,  1.49154568e-02],
        [ 8.08074700e-01,  8.69008316e-01,  9.08462956e-01, ...,
         -1.87491149e-02, -1.49154568e-02,  0.00000000e+00]],

       [[ 0.00000000e+00,  1.94753088e-02,  4.09593922e-02, ...,
         -9.91280070e-01, -9.91315001e-01, -9.91459553e-01],
        [-1.94753088e-02,  0.00000000e+00,  2.14926584e-02, ...,
         -9.93658360e-01, -9.93688162e-01, -9.93811375e-01],
        [-4.09593922e-02, -2.14926584e-02,  0.00000000e+00, ...,
         -9.95845495e-01, -9.95869623e-01, -9.95969233e-01],
        ...,
        [ 9.91280070e-01,  9.93658360e-01,  9.95845495e-01, ...,
          0.00000000e+00, -2.65356064e-04, -1.36912583e-03],
        [ 9.91315001e-01,  9.93688162e-01,  9.95869623e-01, ...,
          2.65356064e-04,  0.00000000e+00, -1.10376996e-03],
        [ 9.91459553e-01,  9.93811375e-01,  9.95969233e-01, ...,
          1.36912583e-03,  1.10376996e-03,  0.00000000e+00]]]), 'num': array([9.80669640e-01, 1.95443850e-01, 9.16249463e-05, 8.27690604e-08,
       1.59210420e-04, 1.61625514e-04, 1.52522467e-04, 9.41004175e-03,
       9.28882262e-07, 1.58318693e-04, 1.54222322e-04, 1.73766005e-04,
       1.06722643e-06, 1.63874316e-04, 1.44570328e-04])}
{'img': array([[[ 0.        ,  0.03511917,  0.43794098, ..., -0.86799576,
         -0.86128417, -0.8440478 ],
        [-0.03511917,  0.        ,  0.40609856, ..., -0.88489951,
         -0.87859775, -0.86236042],
        [-0.43794098, -0.40609856,  0.        , ..., -0.99780048,
         -0.99682582, -0.99365583],
        ...,
        [ 0.86799576,  0.88489951,  0.99780048, ...,  0.        ,
          0.01335987,  0.04634815],
        [ 0.86128417,  0.87859775,  0.99682582, ..., -0.01335987,
          0.        ,  0.0329985 ],
        [ 0.8440478 ,  0.86236042,  0.99365583, ..., -0.04634815,
         -0.0329985 ,  0.        ]],

       [[ 0.        ,  0.56600685,  0.9167059 , ...,  0.78525235,
          0.58106722,  0.88503292],
        [-0.56600685,  0.        ,  0.52957766, ...,  0.29690467,
          0.0183843 ,  0.46612932],
        [-0.9167059 , -0.52957766,  0.        , ..., -0.25384469,
         -0.51389346, -0.0731266 ],
        ...,
        [-0.78525235, -0.29690467,  0.25384469, ...,  0.        ,
         -0.27929919,  0.18243372],
        [-0.58106722, -0.0183843 ,  0.51389346, ...,  0.27929919,
          0.        ,  0.44978565],
        [-0.88503292, -0.46612932,  0.0731266 , ..., -0.18243372,
