state_0,state_1,state_2,state_3,state_4,state_5,state_6,state_7,state_8,state_9,state_10,state_11,state_12,state_13,state_14,state_15,state_16,state_17,state_18,state_19,state_20,state_21,state_22,state_23,state_24,state_25,state_26,state_27,state_28,state_29,state_30,state_31,state_32,state_33,state_34,state_35,state_36,state_37,state_38,state_39,state_40,state_41,state_42,state_43,state_44,state_45,state_46,state_47,state_48,state_49,state_50,state_51,state_52,state_53,state_54,state_55,state_56,state_57,state_58,state_59,state_60,state_61,state_62,state_63,state_64,state_65,state_66,state_67,state_68,state_69,state_70,state_71,state_72,state_73,state_74,state_75,state_76,state_77,state_78,state_79,state_80,state_81,state_82,state_83,state_84,state_85,state_86,state_87,state_88,state_89,state_90,state_91,state_92,state_93,state_94,state_95,state_96,state_97,state_98,state_99,state_100,state_101,state_102,state_103,state_104,state_105,state_106,state_107,state_108,state_109,state_110,state_111,state_112,state_113,state_114,state_115,state_116,state_117,state_118,state_119,state_120,state_121,state_122,state_123,state_124,state_125,state_126,state_127,state_128,state_129,state_130,state_131,state_132,state_133,state_134,state_135,state_136,state_137,state_138,state_139,state_140,state_141,state_142,state_143,state_144,state_145,state_146,state_147,state_148,state_149,state_150,state_151,state_152,state_153,state_154,state_155,state_156,state_157,state_158,state_159,state_160,state_161,state_162,state_163,state_164,state_165,state_166,state_167,state_168,state_169,state_170,state_171,state_172,state_173,state_174,state_175,state_176,state_177,state_178,state_179,state_180,state_181,state_182,state_183,state_184,state_185,state_186,state_187,state_188,state_189,state_190,state_191,state_192,state_193,state_194,state_195,state_196,state_197,state_198,state_199,state_200,state_201,state_202,state_203,state_204,state_205,state_206,state_207,state_208,state_209,state_210,state_211,state_212,state_213,state_214,state_215,state_216,state_217,state_218,state_219,state_220,state_221,state_222,state_223,state_224,state_225,state_226,state_227,state_228,state_229,state_230,state_231,state_232,state_233,state_234,state_235,state_236,state_237,state_238,state_239,state_240,state_241,state_242,state_243,state_244,state_245,state_246,state_247,state_248,state_249,state_250,state_251,state_252,state_253,state_254,state_255,state_256,state_257,state_258,state_259,state_260,state_261,state_262,state_263,state_264,state_265,state_266,state_267,state_268,state_269,state_270,state_271,state_272,state_273,state_274,state_275,state_276,state_277,state_278,state_279,state_280,state_281,state_282,state_283,state_284,state_285,state_286,state_287
{'img': array([[[ 0.        ,  0.        ,  0.37658918, ...,  0.84564716,
          0.82126138,  0.82965112],
        [ 0.        ,  0.        ,  0.37658918, ...,  0.84564716,
          0.82126138,  0.82965112],
        [-0.37658918, -0.37658918,  0.        , ...,  0.98439252,
          0.97566418,  0.97881555],
        ...,
        [-0.84564716, -0.84564716, -0.98439252, ...,  0.        ,
          0.04414384,  0.02928984],
        [-0.82126138, -0.82126138, -0.97566418, ..., -0.04414384,
          0.        , -0.01486361],
        [-0.82965112, -0.82965112, -0.97881555, ..., -0.02928984,
          0.01486361,  0.        ]],

       [[ 0.        ,  0.05344897,  0.01773854, ..., -0.11805568,
          0.08275136, -0.01726803],
        [-0.05344897,  0.        , -0.03572738, ..., -0.17096213,
          0.02936742, -0.07068435],
        [-0.01773854,  0.03572738,  0.        , ..., -0.1356516 ,
          0.06506064, -0.03500121],
        ...,
        [ 0.11805568,  0.17096213,  0.1356516 , ...,  0.        ,
          0.19982345,  0.1008908 ],
        [-0.08275136, -0.02936742, -0.06506064, ..., -0.19982345,
          0.        , -0.09994783],
        [ 0.01726803,  0.07068435,  0.03500121, ..., -0.1008908 ,
          0.09994783,  0.        ]],

       [[ 0.        ,  0.31995926,  0.42664209, ...,  0.80285316,
          0.79015798,  0.77882591],
        [-0.31995926,  0.        ,  0.11483634, ...,  0.95140051,
          0.94472447,  0.93857534],
        [-0.42664209, -0.11483634,  0.        , ...,  0.98047102,
          0.97612543,  0.9719932 ],
        ...,
        [-0.80285316, -0.95140051, -0.98047102, ...,  0.        ,
          0.02099742,  0.03926377],
        [-0.79015798, -0.94472447, -0.97612543, ..., -0.02099742,
          0.        ,  0.01827389],
        [-0.77882591, -0.93857534, -0.9719932 , ..., -0.03926377,
         -0.01827389,  0.        ]],

       ...,

       [[ 0.        ,  0.05786824,  0.19295973, ..., -0.88838555,
         -0.54104329,  0.09637118],
        [-0.05786824,  0.        ,  0.13585567, ..., -0.91346402,
         -0.58880351,  0.0386108 ],
        [-0.19295973, -0.13585567,  0.        , ..., -0.96027729,
         -0.69315341, -0.09750154],
        ...,
        [ 0.88838555,  0.91346402,  0.96027729, ...,  0.        ,
          0.4987356 ,  0.92849436],
        [ 0.54104329,  0.58880351,  0.69315341, ..., -0.4987356 ,
          0.        ,  0.61957264],
        [-0.09637118, -0.0386108 ,  0.09750154, ..., -0.92849436,
         -0.61957264,  0.        ]],

       [[ 0.        ,  0.1617413 ,  0.30023084, ...,  0.86244773,
          0.87993692,  0.89818118],
        [-0.1617413 ,  0.        ,  0.14199814, ...,  0.93295678,
          0.94519272,  0.9574606 ],
        [-0.30023084, -0.14199814,  0.        , ...,  0.97462074,
          0.98197925,  0.98873414],
        ...,
        [-0.86244773, -0.93295678, -0.97462074, ...,  0.        ,
         -0.03563591, -0.07545693],
        [-0.87993692, -0.94519272, -0.98197925, ...,  0.03563591,
          0.        , -0.03987469],
        [-0.89818118, -0.9574606 , -0.98873414, ...,  0.07545693,
          0.03987469,  0.        ]],

       [[ 0.        , -0.01331444, -0.04495412, ...,  0.99326395,
          0.99223778,  0.99049137],
        [ 0.01331444,  0.        , -0.03164915, ...,  0.99163312,
          0.99049411,  0.98857184],
        [ 0.04495412,  0.03164915,  0.        , ...,  0.98705082,
          0.98564441,  0.98330548],
        ...,
        [-0.99326395, -0.99163312, -0.98705082, ...,  0.        ,
          0.00854315,  0.02187626],
        [-0.99223778, -0.99049411, -0.98564441, ..., -0.00854315,
          0.        ,  0.01333436],
        [-0.99049137, -0.98857184, -0.98330548, ..., -0.02187626,
         -0.01333436,  0.        ]]]), 'num': array([7.07106733e-01, 7.07106733e-01, 0.00000000e+00, 0.00000000e+00,
       3.86744090e-05, 3.89149215e-05, 3.84819990e-05, 3.54775170e-04,
       2.40512494e-07, 3.84819990e-05, 3.84459222e-05, 3.76450156e-05,
       6.24032417e-07, 3.95385480e-05, 3.73532964e-05])}
{'img': array([[[ 0.        ,  0.37658918,  0.4567978 , ...,  0.82126138,
          0.82965112,  0.78489254],
        [-0.37658918,  0.        ,  0.08816587, ...,  0.97566418,
          0.97881555,  0.96045572],
        [-0.4567978 , -0.08816587,  0.        , ...,  0.9911969 ,
          0.99305529,  0.98126379],
        ...,
        [-0.82126138, -0.97566418, -0.9911969 , ...,  0.        ,
         -0.01486361,  0.06105762],
        [-0.82965112, -0.97881555, -0.99305529, ...,  0.01486361,
          0.        ,  0.07588676],
        [-0.78489254, -0.96045572, -0.98126379, ..., -0.06105762,
         -0.07588676,  0.        ]],

       [[ 0.        , -0.03572738,  0.00404557, ...,  0.02936742,
         -0.07068435,  0.02384195],
        [ 0.03572738,  0.        ,  0.03977007, ...,  0.06506064,
         -0.03500121,  0.05954395],
        [-0.00404557, -0.03977007,  0.        , ...,  0.02532335,
         -0.07471922,  0.01979734],
        ...,
        [-0.02936742, -0.06506064, -0.02532335, ...,  0.        ,
         -0.09994783, -0.0055274 ],
        [ 0.07068435,  0.03500121,  0.07471922, ...,  0.09994783,
          0.        ,  0.09444658],
        [-0.02384195, -0.05954395, -0.01979734, ...,  0.0055274 ,
         -0.09444658,  0.        ]],

       [[ 0.        ,  0.29392586,  0.39421463, ...,  0.79815361,
          0.78682363,  0.77504843],
        [-0.29392586,  0.        ,  0.10667819, ...,  0.93997456,
          0.93347278,  0.92654545],
        [-0.39421463, -0.10667819,  0.        , ...,  0.97101404,
          0.96640596,  0.96138872],
        ...,
        [-0.79815361, -0.93997456, -0.97101404, ...,  0.        ,
          0.01857775,  0.03742372],
        [-0.78682363, -0.93347278, -0.96640596, ..., -0.01857775,
          0.        ,  0.01885253],
        [-0.77504843, -0.92654545, -0.96138872, ..., -0.03742372,
         -0.01885253,  0.        ]],

       ...,

       [[ 0.        ,  0.13585567,  0.31180065, ..., -0.58880351,
          0.0386108 , -0.16919742],
        [-0.13585567,  0.        ,  0.1798269 , ..., -0.69315341,
         -0.09750154, -0.30152566],
        [-0.31180065, -0.1798269 ,  0.        , ..., -0.81147125,
         -0.27488219, -0.46806768],
        ...,
        [ 0.58880351,  0.69315341,  0.81147125, ...,  0.        ,
          0.61957264,  0.443556  ],
        [-0.0386108 ,  0.09750154,  0.27488219, ..., -0.61957264,
          0.        , -0.20712537],
        [ 0.16919742,  0.30152566,  0.46806768, ..., -0.443556  ,
          0.20712537,  0.        ]],

       [[ 0.        ,  0.25547785,  0.37922906, ...,  0.8818062 ,
          0.89998936,  0.91497918],
        [-0.25547785,  0.        ,  0.13024994, ...,  0.97302978,
          0.98148896,  0.98770109],
        [-0.37922906, -0.13024994,  0.        , ...,  0.99478672,
          0.99807314,  0.99965215],
        ...,
        [-0.8818062 , -0.97302978, -0.99478672, ...,  0.        ,
         -0.04005595, -0.07570539],
        [-0.89998936, -0.98148896, -0.99807314, ...,  0.04005595,
          0.        , -0.03570363],
        [-0.91497918, -0.98770109, -0.99965215, ...,  0.07570539,
          0.03570363,  0.        ]],

       [[ 0.        , -0.03164915, -0.05792967, ...,  0.99049411,
          0.98857184,  0.98566526],
        [ 0.03164915,  0.        , -0.02630465, ...,  0.98564441,
          0.98330548,  0.97983187],
        [ 0.05792967,  0.02630465,  0.        , ...,  0.98086221,
          0.97817877,  0.97423653],
        ...,
        [-0.99049411, -0.98564441, -0.98086221, ...,  0.        ,
          0.01333436,  0.03152563],
        [-0.98857184, -0.98330548, -0.97817877, ..., -0.01333436,
          0.        ,  0.0181951 ],
        [-0.98566526, -0.97983187, -0.97423653, ..., -0.03152563,
         -0.0181951 ,  0.        ]]]), 'num': array([ 8.03956469e-01,  5.94688044e-01,  5.23825817e-05, -4.06654125e-11,
        4.37708458e-05,  4.43734482e-05,  4.37708458e-05,  3.28418299e-04,
       -2.73910174e-07,  4.38146714e-05,  4.37133247e-05,  4.29883757e-05,
        6.26080398e-07,  4.47764208e-05,  4.26502285e-05])}
{'img': array([[[ 0.        ,  0.1033622 ,  0.29915181, ...,  0.96399719,
          0.9408373 ,  0.96399719],
        [-0.1033622 ,  0.        ,  0.19892071, ...,  0.98631911,
          0.97082315,  0.98631911],
        [-0.29915181, -0.19892071,  0.        , ...,  0.99939963,
          0.99912233,  0.99939963],
        ...,
        [-0.96399719, -0.98631911, -0.99939963, ...,  0.        ,
          0.07647844,  0.        ],
        [-0.9408373 , -0.97082315, -0.99912233, ..., -0.07647844,
          0.        , -0.07647844],
        [-0.96399719, -0.98631911, -0.99939963, ...,  0.        ,
          0.07647844,  0.        ]],

       [[ 0.        ,  0.03977007, -0.02515389, ..., -0.03500121,
          0.05954395,  0.03429966],
        [-0.03977007,  0.        , -0.06489148, ..., -0.07471922,
          0.01979734, -0.00547415],
        [ 0.02515389,  0.06489148,  0.        , ..., -0.00985166,
          0.08463437,  0.0594279 ],
        ...,
        [ 0.03500121,  0.07471922,  0.00985166, ...,  0.        ,
          0.09444658,  0.06925926],
        [-0.05954395, -0.01979734, -0.08463437, ..., -0.09444658,
          0.        , -0.02527011],
        [-0.03429966,  0.00547415, -0.0594279 , ..., -0.06925926,
          0.02527011,  0.        ]],

       [[ 0.        ,  0.27178199,  0.43145805, ...,  0.79352934,
          0.7817528 ,  0.78374793],
        [-0.27178199,  0.        ,  0.17003397, ...,  0.92904802,
          0.92180683,  0.92304485],
        [-0.43145805, -0.17003397,  0.        , ...,  0.97842503,
          0.97429726,  0.97501443],
        ...,
        [-0.79352934, -0.92904802, -0.97842503, ...,  0.        ,
          0.01911415,  0.01590875],
        [-0.7817528 , -0.92180683, -0.97429726, ..., -0.01911415,
          0.        , -0.00320588],
        [-0.78374793, -0.92304485, -0.97501443, ..., -0.01590875,
          0.00320588,  0.        ]],

       ...,

       [[ 0.        ,  0.1798269 ,  0.15707132, ..., -0.09750154,
         -0.30152566, -0.52012193],
        [-0.1798269 ,  0.        , -0.02308398, ..., -0.27488219,
         -0.46806768, -0.66523176],
        [-0.15707132,  0.02308398,  0.        , ..., -0.25261421,
         -0.44754381, -0.64781915],
        ...,
        [ 0.09750154,  0.27488219,  0.25261421, ...,  0.        ,
         -0.20712537, -0.43436845],
        [ 0.30152566,  0.46806768,  0.44754381, ...,  0.20712537,
          0.        , -0.23838379],
        [ 0.52012193,  0.66523176,  0.64781915, ...,  0.43436845,
          0.23838379,  0.        ]],

       [[ 0.        ,  0.28747713,  0.39895626, ...,  0.9045374 ,
          0.91935174,  0.93728803],
        [-0.28747713,  0.        ,  0.11850744, ...,  0.98893322,
          0.99364764,  0.99792458],
        [-0.39895626, -0.11850744,  0.        , ...,  0.99954629,
          0.99998193,  0.99852348],
        ...,
        [-0.9045374 , -0.98893322, -0.99954629, ...,  0.        ,
         -0.03612819, -0.0843725 ],
        [-0.91935174, -0.99364764, -0.99998193, ...,  0.03612819,
          0.        , -0.04831805],
        [-0.93728803, -0.99792458, -0.99852348, ...,  0.0843725 ,
          0.04831805,  0.        ]],

       [[ 0.        , -0.02630465, -0.07656181, ...,  0.98330548,
          0.97983187,  0.97409844],
        [ 0.02630465,  0.        , -0.05030788, ...,  0.97817877,
          0.97423653,  0.96781325],
        [ 0.07656181,  0.05030788,  0.        , ...,  0.96648794,
          0.96165704,  0.95392681],
        ...,
        [-0.98330548, -0.97817877, -0.96648794, ...,  0.        ,
          0.0181951 ,  0.04509998],
        [-0.97983187, -0.97423653, -0.96165704, ..., -0.0181951 ,
          0.        ,  0.02691592],
        [-0.97409844, -0.96781325, -0.95392681, ..., -0.04509998,
         -0.02691592,  0.        ]]]), 'num': array([ 9.47742247e-01,  3.19036612e-01,  1.56200161e-04, -2.21092759e-09,
        5.17325474e-05,  5.17968114e-05,  5.10899070e-05,  4.76672046e-04,
        3.85584204e-07,  5.15011969e-05,  5.12216483e-05,  5.05650841e-05,
        7.71168408e-07,  5.22534614e-05,  5.01898353e-05])}
{'img': array([[[ 0.00000000e+00,  1.98920706e-01,  1.32537278e-01, ...,
          9.70823149e-01,  9.86319108e-01,  9.66900322e-01],
        [-1.98920706e-01,  0.00000000e+00, -6.72772336e-02, ...,
          9.99122330e-01,  9.99399633e-01,  9.98332881e-01],
        [-1.32537278e-01,  6.72772336e-02,  0.00000000e+00, ...,
          9.94040558e-01,  9.99466228e-01,  9.92187817e-01],
        ...,
        [-9.70823149e-01, -9.99122330e-01, -9.94040558e-01, ...,
          0.00000000e+00, -7.64784449e-02,  1.58503827e-02],
        [-9.86319108e-01, -9.99399633e-01, -9.99466228e-01, ...,
          7.64784449e-02,  0.00000000e+00,  9.22727979e-02],
        [-9.66900322e-01, -9.98332881e-01, -9.92187817e-01, ...,
         -1.58503827e-02, -9.22727979e-02,  0.00000000e+00]],

       [[ 0.00000000e+00, -6.48914772e-02, -1.41917899e-02, ...,
          1.97973370e-02, -5.47414673e-03,  2.05157301e-02],
        [ 6.48914772e-02,  0.00000000e+00,  5.07230639e-02, ...,
          8.46343700e-02,  5.94278959e-02,  8.53503092e-02],
        [ 1.41917899e-02, -5.07230639e-02,  0.00000000e+00, ...,
          3.39843517e-02,  8.71798179e-03,  3.47024669e-02],
        ...,
        [-1.97973370e-02, -8.46343700e-02, -3.39843517e-02, ...,
          0.00000000e+00, -2.52701142e-02,  7.18539053e-04],
        [ 5.47414673e-03, -5.94278959e-02, -8.71798179e-03, ...,
          2.52701142e-02,  0.00000000e+00,  2.59884173e-02],
        [-2.05157301e-02, -8.53503092e-02, -3.47024669e-02, ...,
         -7.18539053e-04, -2.59884173e-02,  0.00000000e+00]],

       [[ 0.00000000e+00,  3.44955812e-01,  4.30032728e-01, ...,
          7.87458021e-01,  7.89453212e-01,  7.73110711e-01],
        [-3.44955812e-01,  0.00000000e+00,  9.22061623e-02, ...,
          9.51742825e-01,  9.52733308e-01,  9.44451848e-01],
        [-4.30032728e-01, -9.22061623e-02,  0.00000000e+00, ...,
          9.75986110e-01,  9.76687566e-01,  9.70731963e-01],
        ...,
        [-7.87458021e-01, -9.51742825e-01, -9.75986110e-01, ...,
          0.00000000e+00, -3.24373113e-03,  2.29409408e-02],
        [-7.89453212e-01, -9.52733308e-01, -9.76687566e-01, ...,
          3.24373113e-03,  0.00000000e+00,  2.61836976e-02],
        [-7.73110711e-01, -9.44451848e-01, -9.70731963e-01, ...,
         -2.29409408e-02, -2.61836976e-02,  0.00000000e+00]],

       ...,

       [[ 0.00000000e+00, -2.30839754e-02, -1.82013320e-01, ...,
         -4.68067679e-01, -6.65231765e-01, -5.97151898e-01],
        [ 2.30839754e-02,  0.00000000e+00, -1.59266436e-01, ...,
         -4.47543814e-01, -6.47819152e-01, -5.78476468e-01],
        [ 1.82013320e-01,  1.59266436e-01,  0.00000000e+00, ...,
         -2.99405280e-01, -5.18221911e-01, -4.41179100e-01],
        ...,
        [ 4.68067679e-01,  4.47543814e-01,  2.99405280e-01, ...,
          0.00000000e+00, -2.38383788e-01, -1.52248452e-01],
        [ 6.65231765e-01,  6.47819152e-01,  5.18221911e-01, ...,
          2.38383788e-01,  0.00000000e+00,  8.77454846e-02],
        [ 5.97151898e-01,  5.78476468e-01,  4.41179100e-01, ...,
          1.52248452e-01, -8.77454846e-02,  0.00000000e+00]],

       [[ 0.00000000e+00,  2.85756129e-01,  4.05361657e-01, ...,
          9.24839207e-01,  9.42392272e-01,  9.56348679e-01],
        [-2.85756129e-01,  0.00000000e+00,  1.27233243e-01, ...,
          9.94965322e-01,  9.98684974e-01,  9.99977149e-01],
        [-4.05361657e-01, -1.27233243e-01,  0.00000000e+00, ...,
          9.99630355e-01,  9.97091375e-01,  9.92710294e-01],
        ...,
        [-9.24839207e-01, -9.94965322e-01, -9.99630355e-01, ...,
          0.00000000e+00, -4.90789522e-02, -9.34912521e-02],
        [-9.42392272e-01, -9.98684974e-01, -9.97091375e-01, ...,
          4.90789522e-02,  0.00000000e+00, -4.45145946e-02],
        [-9.56348679e-01, -9.99977149e-01, -9.92710294e-01, ...,
          9.34912521e-02,  4.45145946e-02,  0.00000000e+00]],

       [[ 0.00000000e+00, -5.03078818e-02, -7.10259618e-02, ...,
          9.74236530e-01,  9.67813252e-01,  9.58769832e-01],
        [ 5.03078818e-02,  0.00000000e+00, -2.07551981e-02, ...,
          9.61657040e-01,  9.53926809e-01,  9.43259113e-01],
        [ 7.10259618e-02,  2.07551981e-02,  0.00000000e+00, ...,
          9.55757673e-01,  9.47493944e-01,  9.36164002e-01],
        ...,
        [-9.74236530e-01, -9.61657040e-01, -9.55757673e-01, ...,
          0.00000000e+00,  2.69159246e-02,  6.06321101e-02],
        [-9.67813252e-01, -9.53926809e-01, -9.47493944e-01, ...,
         -2.69159246e-02,  0.00000000e+00,  3.37437390e-02],
        [-9.58769832e-01, -9.43259113e-01, -9.36164002e-01, ...,
         -6.06321101e-02, -3.37437390e-02,  0.00000000e+00]]]), 'num': array([8.13331924e-01, 5.81797977e-01, 5.59936994e-05, 2.85562919e-09,
       4.52922432e-05, 4.58946793e-05, 4.41421378e-05, 1.50856578e-03,
       1.20487225e-06, 4.41859514e-05, 4.36629273e-05, 4.32257047e-05,
       8.79862000e-07, 4.46152262e-05, 4.27106283e-05])}
{'img': array([[[ 0.        , -0.06727723, -0.58133461, ...,  0.99939963,
          0.99833288,  0.87718501],
        [ 0.06727723,  0.        , -0.52527639, ...,  0.99946623,
          0.99218782,  0.84289426],
        [ 0.58133461,  0.52527639,  0.        , ...,  0.83331726,
          0.77875419,  0.43460511],
        ...,
        [-0.99939963, -0.99946623, -0.83331726, ...,  0.        ,
          0.0922728 ,  0.51025558],
        [-0.99833288, -0.99218782, -0.77875419, ..., -0.0922728 ,
          0.        ,  0.42872199],
        [-0.87718501, -0.84289426, -0.43460511, ..., -0.51025558,
         -0.42872199,  0.        ]],

       [[ 0.        ,  0.05072306,  0.01077322, ...,  0.0594279 ,
          0.08535031,  0.30271643],
        [-0.05072306,  0.        , -0.03996077, ...,  0.00871798,
          0.03470247,  0.25398359],
        [-0.01077322,  0.03996077,  0.        , ...,  0.04867027,
          0.07461145,  0.29243112],
        ...,
        [-0.0594279 , -0.00871798, -0.04867027, ...,  0.        ,
          0.02598842,  0.24554183],
        [-0.08535031, -0.03470247, -0.07461145, ..., -0.02598842,
          0.        ,  0.22026609],
        [-0.30271643, -0.25398359, -0.29243112, ..., -0.24554183,
         -0.22026609,  0.        ]],

       [[ 0.        ,  0.14701466,  0.16283685, ...,  0.89069138,
          0.87830142,  0.82937585],
        [-0.14701466,  0.        ,  0.01601505, ...,  0.94784752,
          0.93904686,  0.90249989],
        [-0.16283685, -0.01601505,  0.        , ...,  0.95283034,
          0.94443223,  0.90928167],
        ...,
        [-0.89069138, -0.94784752, -0.95283034, ...,  0.        ,
          0.02656279,  0.12058001],
        [-0.87830142, -0.93904686, -0.94443223, ..., -0.02656279,
          0.        ,  0.09416848],
        [-0.82937585, -0.90249989, -0.90928167, ..., -0.12058001,
         -0.09416848,  0.        ]],

       ...,

       [[ 0.        , -0.15926644, -0.38320146, ..., -0.64781915,
         -0.57847647,  0.11517214],
        [ 0.15926644,  0.        , -0.23120134, ..., -0.51822191,
         -0.4411791 ,  0.27190865],
        [ 0.38320146,  0.23120134,  0.        , ..., -0.30644711,
         -0.22174127,  0.48703192],
        ...,
        [ 0.64781915,  0.51822191,  0.30644711, ...,  0.        ,
          0.08774548,  0.73124574],
        [ 0.57847647,  0.4411791 ,  0.22174127, ..., -0.08774548,
          0.        ,  0.66857283],
        [-0.11517214, -0.27190865, -0.48703192, ..., -0.73124574,
         -0.66857283,  0.        ]],

       [[ 0.        ,  0.29688242,  0.34881175, ...,  0.94730274,
          0.96082447,  0.95619607],
        [-0.29688242,  0.        ,  0.05484916, ...,  0.99969591,
          0.999788  ,  0.99999054],
        [-0.34881175, -0.05484916,  0.        , ...,  0.99954357,
          0.99715361,  0.99824669],
        ...,
        [-0.94730274, -0.99969591, -0.99954357, ...,  0.        ,
         -0.04523806, -0.02900651],
        [-0.96082447, -0.999788  , -0.99715361, ...,  0.04523806,
          0.        ,  0.01624222],
        [-0.95619607, -0.99999054, -0.99824669, ...,  0.02900651,
         -0.01624222,  0.        ]],

       [[ 0.        , -0.0207552 ,  0.01473971, ...,  0.95392681,
          0.94325911,  0.94836572],
        [ 0.0207552 ,  0.        ,  0.03548947, ...,  0.94749394,
          0.936164  ,  0.94157832],
        [-0.01473971, -0.03548947,  0.        , ...,  0.95824567,
          0.94805107,  0.95293782],
        ...,
        [-0.95392681, -0.94749394, -0.95824567, ...,  0.        ,
          0.03374374,  0.01801839],
        [-0.94325911, -0.936164  , -0.94805107, ..., -0.03374374,
          0.        , -0.01573014],
        [-0.94836572, -0.94157832, -0.95293782, ..., -0.01801839,
          0.01573014,  0.        ]]]), 'num': array([9.22804052e-01, 3.85266881e-01, 1.28905790e-04, 1.26336477e-08,
       5.15722101e-05, 5.21905820e-05, 5.08301639e-05, 1.44034875e-03,
       4.32860277e-07, 5.03230990e-05, 4.94048169e-05, 4.89554667e-05,
       1.00842174e-06, 5.08673545e-05, 4.79422793e-05])}
{'img': array([[[ 0.        , -0.52527639, -0.52527639, ...,  0.99218782,
          0.84289426,  0.65245965],
        [ 0.52527639,  0.        ,  0.        , ...,  0.77875419,
          0.43460511,  0.15713181],
        [ 0.52527639,  0.        ,  0.        , ...,  0.77875419,
          0.43460511,  0.15713181],
        ...,
        [-0.99218782, -0.77875419, -0.77875419, ...,  0.        ,
          0.42872199,  0.67050685],
        [-0.84289426, -0.43460511, -0.43460511, ..., -0.42872199,
          0.        ,  0.28769006],
        [-0.65245965, -0.15713181, -0.15713181, ..., -0.67050685,
         -0.28769006,  0.        ]],

       [[ 0.        , -0.03996077, -0.02802828, ...,  0.03470247,
          0.25398359,  0.21865161],
        [ 0.03996077,  0.        ,  0.01193918, ...,  0.07461145,
          0.29243112,  0.25747081],
        [ 0.02802828, -0.01193918,  0.        , ...,  0.06270023,
          0.28099299,  0.24591579],
        ...,
        [-0.03470247, -0.07461145, -0.06270023, ...,  0.        ,
          0.22026609,  0.18465715],
        [-0.25398359, -0.29243112, -0.28099299, ..., -0.22026609,
          0.        , -0.03635624],
        [-0.21865161, -0.25747081, -0.24591579, ..., -0.18465715,
          0.03635624,  0.        ]],

       [[ 0.        ,  0.01601505, -0.01681522, ...,  0.93904686,
          0.90249989,  0.83510946],
        [-0.01601505,  0.        , -0.03282586, ...,  0.94443223,
          0.90928167,  0.84381198],
        [ 0.01681522,  0.03282586,  0.        , ...,  0.9331332 ,
          0.89513014,  0.8257416 ],
        ...,
        [-0.93904686, -0.94443223, -0.9331332 , ...,  0.        ,
          0.09416848,  0.22945289],
        [-0.90249989, -0.90928167, -0.89513014, ..., -0.09416848,
          0.        ,  0.13677721],
        [-0.83510946, -0.84381198, -0.8257416 , ..., -0.22945289,
         -0.13677721,  0.        ]],

       ...,

       [[ 0.        , -0.23120134, -0.06561695, ..., -0.4411791 ,
          0.27190865,  0.32993796],
        [ 0.23120134,  0.        ,  0.16686395, ..., -0.22174127,
          0.48703192,  0.53925327],
        [ 0.06561695, -0.16686395,  0.        , ..., -0.3813424 ,
          0.33446736,  0.39116948],
        ...,
        [ 0.4411791 ,  0.22174127,  0.3813424 , ...,  0.        ,
          0.66857283,  0.71256685],
        [-0.27190865, -0.48703192, -0.33446736, ..., -0.66857283,
          0.        ,  0.06082444],
        [-0.32993796, -0.53925327, -0.39116948, ..., -0.71256685,
         -0.06082444,  0.        ]],

       [[ 0.        ,  0.1895552 ,  0.25136562, ...,  0.96547742,
          0.96103831,  0.93326458],
        [-0.1895552 ,  0.        ,  0.06333938, ...,  0.99735   ,
          0.99601069,  0.98443082],
        [-0.25136562, -0.06333938,  0.        , ...,  0.99995549,
          0.99966277,  0.99358745],
        ...,
        [-0.96547742, -0.99735   , -0.99995549, ...,  0.        ,
          0.01653487,  0.10368647],
        [-0.96103831, -0.99601069, -0.99966277, ..., -0.01653487,
          0.        ,  0.08722654],
        [-0.93326458, -0.98443082, -0.99358745, ..., -0.10368647,
         -0.08722654,  0.        ]],

       [[ 0.        ,  0.03548947,  0.08142654, ...,  0.936164  ,
          0.94157832,  0.9604174 ],
        [-0.03548947,  0.        ,  0.04600362, ...,  0.94805107,
          0.95293782,  0.96969851],
        [-0.08142654, -0.04600362,  0.        , ...,  0.96168193,
          0.96587564,  0.97991077],
        ...,
        [-0.936164  , -0.94805107, -0.96168193, ...,  0.        ,
         -0.01573014, -0.07686535],
        [-0.94157832, -0.95293782, -0.96587564, ...,  0.01573014,
          0.        , -0.06117225],
        [-0.9604174 , -0.96969851, -0.97991077, ...,  0.07686535,
          0.06117225,  0.        ]]]), 'num': array([9.75216236e-01, 2.21250371e-01, 1.80374609e-04, 1.97663014e-08,
       5.45324653e-05, 5.49238466e-05, 5.42715444e-05, 1.22930267e-03,
       1.30460443e-07, 5.35018278e-05, 5.22983302e-05, 5.18047549e-05,
       1.10389606e-06, 5.40616589e-05, 5.05350016e-05])}
{'img': array([[[ 0.        ,  0.        ,  0.2696337 , ...,  0.45812285,
          0.22084622,  0.        ],
        [ 0.        ,  0.        ,  0.2696337 , ...,  0.45812285,
          0.22084622,  0.        ],
        [-0.2696337 , -0.2696337 ,  0.        , ...,  0.68082973,
          0.47564281,  0.2696337 ],
        ...,
        [-0.45812285, -0.45812285, -0.68082973, ...,  0.        ,
          0.25050342,  0.45812285],
        [-0.22084622, -0.22084622, -0.47564281, ..., -0.25050342,
          0.        ,  0.22084622],
        [-0.        , -0.        , -0.2696337 , ..., -0.45812285,
         -0.22084622,  0.        ]],

       [[ 0.        ,  0.01193918, -0.02339548, ...,  0.29243112,
          0.25747081,  0.2167311 ],
        [-0.01193918,  0.        , -0.03532972, ...,  0.28099299,
          0.24591579,  0.20506025],
        [ 0.02339548,  0.03532972,  0.        , ...,  0.31472386,
          0.28000706,  0.23951118],
        ...,
        [-0.29243112, -0.28099299, -0.31472386, ...,  0.        ,
         -0.03635624, -0.07822338],
        [-0.25747081, -0.24591579, -0.28000706, ...,  0.03635624,
          0.        , -0.04192683],
        [-0.2167311 , -0.20506025, -0.23951118, ...,  0.07822338,
          0.04192683,  0.        ]],

       [[ 0.        , -0.03282586, -0.06941043, ...,  0.90928167,
          0.84381198,  0.75333311],
        [ 0.03282586,  0.        , -0.03662634, ...,  0.89513014,
          0.8257416 ,  0.73133956],
        [ 0.06941043,  0.03662634,  0.        , ...,  0.87820133,
          0.80452852,  0.7058692 ],
        ...,
        [-0.90928167, -0.89513014, -0.87820133, ...,  0.        ,
          0.13677721,  0.28445608],
        [-0.84381198, -0.8257416 , -0.80452852, ..., -0.13677721,
          0.        ,  0.15065589],
        [-0.75333311, -0.73133956, -0.7058692 , ..., -0.28445608,
         -0.15065589,  0.        ]],

       ...,

       [[ 0.        ,  0.16686395,  0.12962487, ...,  0.48703192,
          0.53925327,  0.6859237 ],
        [-0.16686395,  0.        , -0.03764861, ...,  0.33446736,
          0.39116948,  0.55488453],
        [-0.12962487,  0.03764861,  0.        , ...,  0.36971057,
          0.42554088,  0.58581205],
        ...,
        [-0.48703192, -0.33446736, -0.36971057, ...,  0.        ,
          0.06082444,  0.2446747 ],
        [-0.53925327, -0.39116948, -0.42554088, ..., -0.06082444,
          0.        ,  0.18524599],
        [-0.6859237 , -0.55488453, -0.58581205, ..., -0.2446747 ,
         -0.18524599,  0.        ]],

       [[ 0.        ,  0.1673693 ,  0.2312771 , ...,  0.96291753,
          0.93549965,  0.90837153],
        [-0.1673693 ,  0.        ,  0.0651832 , ...,  0.99449043,
          0.98143994,  0.96554611],
        [-0.2312771 , -0.0651832 ,  0.        , ...,  0.99920845,
          0.99185289,  0.98045545],
        ...,
        [-0.96291753, -0.99449043, -0.99920845, ...,  0.        ,
          0.08783137,  0.15758256],
        [-0.93549965, -0.98143994, -0.99185289, ..., -0.08783137,
          0.        ,  0.07023956],
        [-0.90837153, -0.96554611, -0.98045545, ..., -0.15758256,
         -0.07023956,  0.        ]],

       [[ 0.        ,  0.04600362,  0.1000898 , ...,  0.95293782,
          0.96969851,  0.97151951],
        [-0.04600362,  0.        ,  0.05421123, ...,  0.96587564,
          0.97991077,  0.98139194],
        [-0.1000898 , -0.05421123,  0.        , ...,  0.97849636,
          0.98928149,  0.99035817],
        ...,
        [-0.95293782, -0.96587564, -0.97849636, ...,  0.        ,
         -0.06117225, -0.06872378],
        [-0.96969851, -0.97991077, -0.98928149, ...,  0.06117225,
          0.        , -0.00756745],
        [-0.97151951, -0.98139194, -0.99035817, ...,  0.06872378,
          0.00756745,  0.        ]]]), 'num': array([9.90359082e-01, 1.38515512e-01, 2.00906502e-04, 2.22749037e-08,
       5.54910801e-05, 5.59491432e-05, 5.47058289e-05, 1.50916106e-03,
       7.85251133e-07, 5.43132034e-05, 5.26445447e-05, 5.21592159e-05,
       1.13189352e-06, 5.48276511e-05, 5.04614383e-05])}
{'img': array([[[ 0.        ,  0.26033912,  0.50679098, ...,  0.54400734,
          0.50679098,  0.        ],
        [-0.26033912,  0.        ,  0.26488516, ...,  0.74369393,
          0.7137457 ,  0.26033912],
        [-0.50679098, -0.26488516,  0.        , ...,  0.89421025,
          0.87377755,  0.50679098],
        ...,
        [-0.54400734, -0.74369393, -0.89421025, ...,  0.        ,
          0.04373343,  0.54400734],
        [-0.50679098, -0.7137457 , -0.87377755, ..., -0.04373343,
          0.        ,  0.50679098],
        [-0.        , -0.26033912, -0.50679098, ..., -0.54400734,
         -0.50679098,  0.        ]],

       [[ 0.        , -0.03532972,  0.01068427, ...,  0.24591579,
          0.20506025,  0.24391797],
        [ 0.03532972,  0.        ,  0.04600531, ...,  0.28000706,
          0.23951118,  0.27802832],
        [-0.01068427, -0.04600531,  0.        , ...,  0.23554558,
          0.19459132,  0.23354249],
        ...,
        [-0.24591579, -0.28000706, -0.23554558, ...,  0.        ,
         -0.04192683, -0.00206057],
        [-0.20506025, -0.23951118, -0.19459132, ...,  0.04192683,
          0.        ,  0.03986797],
        [-0.24391797, -0.27802832, -0.23354249, ...,  0.00206057,
         -0.03986797,  0.        ]],

       [[ 0.        , -0.03662634, -0.06759136, ...,  0.8257416 ,
          0.73133956,  0.30334882],
        [ 0.03662634,  0.        , -0.03100342, ...,  0.80452852,
          0.7058692 ,  0.26824478],
        [ 0.06759136,  0.03100342,  0.        , ...,  0.7857284 ,
          0.68356884,  0.23824866],
        ...,
        [-0.8257416 , -0.80452852, -0.7857284 , ...,  0.        ,
          0.15065589,  0.61572884],
        [-0.73133956, -0.7058692 , -0.68356884, ..., -0.15065589,
          0.        ,  0.48999054],
        [-0.30334882, -0.26824478, -0.23824866, ..., -0.61572884,
         -0.48999054,  0.        ]],

       ...,

       [[ 0.        , -0.03764861,  0.33078362, ...,  0.39116948,
          0.55488453,  0.68407254],
        [ 0.03764861,  0.        ,  0.36607835, ...,  0.42554088,
          0.58581205,  0.71104899],
        [-0.33078362, -0.36607835,  0.        , ...,  0.0647229 ,
          0.24846026,  0.4042856 ],
        ...,
        [-0.39116948, -0.42554088, -0.0647229 , ...,  0.        ,
          0.18524599,  0.34424024],
        [-0.55488453, -0.58581205, -0.24846026, ..., -0.18524599,
          0.        ,  0.16435814],
        [-0.68407254, -0.71104899, -0.4042856 , ..., -0.34424024,
         -0.16435814,  0.        ]],

       [[ 0.        ,  0.16132544,  0.24726801, ...,  0.93722162,
          0.91026265,  0.86020609],
        [-0.16132544,  0.        ,  0.08771328, ...,  0.98120492,
          0.96513314,  0.93120583],
        [-0.24726801, -0.08771328,  0.        , ...,  0.99434904,
          0.98437307,  0.95958769],
        ...,
        [-0.93722162, -0.98120492, -0.99434904, ...,  0.        ,
          0.07059923,  0.17794952],
        [-0.91026265, -0.96513314, -0.98437307, ..., -0.07059923,
          0.        ,  0.10803305],
        [-0.86020609, -0.93120583, -0.95958769, ..., -0.17794952,
         -0.10803305,  0.        ]],

       [[ 0.        ,  0.05421123,  0.11867912, ...,  0.97991077,
          0.98139194,  0.98913164],
        [-0.05421123,  0.        ,  0.0646765 , ...,  0.98928149,
          0.99035817,  0.99564793],
        [-0.11867912, -0.0646765 ,  0.        , ...,  0.99665434,
          0.99724431,  0.99959081],
        ...,
        [-0.97991077, -0.98928149, -0.99665434, ...,  0.        ,
         -0.00756745, -0.05319001],
        [-0.98139194, -0.99035817, -0.99724431, ...,  0.00756745,
          0.        , -0.04563174],
        [-0.98913164, -0.99564793, -0.99959081, ...,  0.05319001,
          0.04563174,  0.        ]]]), 'num': array([ 9.76075883e-01,  2.17427859e-01,  1.79349409e-04,  3.80124362e-08,
        5.46694529e-05,  5.53802851e-05,  5.45402107e-05,  9.70402176e-04,
       -1.29242206e-07,  5.41654083e-05,  5.21589231e-05,  5.16936512e-05,
        1.10286682e-06,  5.45793350e-05,  4.97385113e-05])}
{'img': array([[[ 0.        ,  0.29012949, -0.21379471, ...,  0.68053107,
          0.21379471,  0.41770295],
        [-0.29012949,  0.        , -0.48802014, ...,  0.86384312,
          0.48802014,  0.66334337],
        [ 0.21379471,  0.48802014,  0.        , ...,  0.50814476,
          0.        ,  0.21379471],
        ...,
        [-0.68053107, -0.86384312, -0.50814476, ...,  0.        ,
          0.50814476,  0.31226043],
        [-0.21379471, -0.48802014, -0.        , ..., -0.50814476,
          0.        , -0.21379471],
        [-0.41770295, -0.66334337, -0.21379471, ..., -0.31226043,
          0.21379471,  0.        ]],

       [[ 0.        ,  0.04600531,  0.00220938, ...,  0.23951118,
          0.27802832,  0.19993163],
        [-0.04600531,  0.        , -0.04379816, ...,  0.19459132,
          0.23354249,  0.15464348],
        [-0.00220938,  0.04379816,  0.        , ...,  0.23736552,
          0.27590537,  0.19776637],
        ...,
        [-0.23951118, -0.19459132, -0.23736552, ...,  0.        ,
          0.03986797, -0.04056307],
        [-0.27802832, -0.23354249, -0.27590537, ..., -0.03986797,
          0.        , -0.08036598],
        [-0.19993163, -0.15464348, -0.19776637, ...,  0.04056307,
          0.08036598,  0.        ]],

       [[ 0.        , -0.03019107, -0.26144863, ...,  0.81131008,
          0.65923857,  0.26144863],
        [ 0.03019107,  0.        , -0.2321885 , ...,  0.79329005,
          0.63623637,  0.2321885 ],
        [ 0.26144863,  0.2321885 ,  0.        , ...,  0.63024352,
          0.43971646,  0.        ],
        ...,
        [-0.81131008, -0.79329005, -0.63024352, ...,  0.        ,
          0.22465004,  0.63024352],
        [-0.65923857, -0.63623637, -0.43971646, ..., -0.22465004,
          0.        ,  0.43971646],
        [-0.26144863, -0.2321885 , -0.        , ..., -0.63024352,
         -0.43971646,  0.        ]],

       ...,

       [[ 0.        ,  0.36607835, -0.16906751, ...,  0.58581205,
          0.71104899,  0.62960991],
        [-0.36607835,  0.        , -0.51813998, ...,  0.24846026,
          0.4042856 ,  0.30149448],
        [ 0.16906751,  0.51813998,  0.        , ...,  0.71439922,
          0.81969161,  0.75189682],
        ...,
        [-0.58581205, -0.24846026, -0.71439922, ...,  0.        ,
          0.16435814,  0.05514135],
        [-0.71104899, -0.4042856 , -0.81969161, ..., -0.16435814,
          0.        , -0.10971661],
        [-0.62960991, -0.30149448, -0.75189682, ..., -0.05514135,
          0.10971661,  0.        ]],

       [[ 0.        ,  0.18925746,  0.21574903, ...,  0.91200987,
          0.86211313,  0.81573326],
        [-0.18925746,  0.        ,  0.02704968, ...,  0.97315497,
          0.94243235,  0.91046278],
        [-0.21574903, -0.02704968,  0.        , ...,  0.97902439,
          0.95113283,  0.92131714],
        ...,
        [-0.91200987, -0.97315497, -0.97902439, ...,  0.        ,
          0.1085184 ,  0.19294439],
        [-0.86211313, -0.94243235, -0.95113283, ..., -0.1085184 ,
          0.        ,  0.08532564],
        [-0.81573326, -0.91046278, -0.92131714, ..., -0.19294439,
         -0.08532564,  0.        ]],

       [[ 0.        ,  0.0646765 ,  0.10866199, ...,  0.99035817,
          0.99564793,  0.99716232],
        [-0.0646765 ,  0.        ,  0.04414095, ...,  0.99724431,
          0.99959081,  0.99994349],
        [-0.10866199, -0.04414095,  0.        , ...,  0.99954702,
          0.99987915,  0.99943812],
        ...,
        [-0.99035817, -0.99724431, -0.99954702, ...,  0.        ,
         -0.04563174, -0.06358166],
        [-0.99564793, -0.99959081, -0.99987915, ...,  0.04563174,
          0.        , -0.01797601],
        [-0.99716232, -0.99994349, -0.99943812, ...,  0.06358166,
