state_0,state_1,state_2,state_3,state_4,state_5,state_6,state_7,state_8,state_9,state_10,state_11,state_12,state_13,state_14,state_15,state_16,state_17,state_18,state_19,state_20,state_21,state_22,state_23,state_24,state_25,state_26,state_27,state_28,state_29,state_30,state_31,state_32,state_33,state_34,state_35,state_36,state_37,state_38,state_39,state_40,state_41,state_42,state_43,state_44,state_45,state_46,state_47,state_48,state_49,state_50,state_51,state_52,state_53,state_54,state_55,state_56,state_57,state_58,state_59,state_60,state_61,state_62,state_63,state_64,state_65,state_66,state_67,state_68,state_69,state_70,state_71,state_72,state_73,state_74,state_75,state_76,state_77,state_78,state_79,state_80,state_81,state_82,state_83,state_84,state_85,state_86,state_87,state_88,state_89,state_90,state_91,state_92,state_93,state_94,state_95,state_96,state_97,state_98,state_99,state_100,state_101,state_102,state_103,state_104,state_105,state_106,state_107,state_108,state_109,state_110,state_111,state_112,state_113,state_114,state_115,state_116,state_117,state_118,state_119,state_120,state_121,state_122,state_123,state_124,state_125,state_126,state_127,state_128,state_129,state_130,state_131,state_132,state_133,state_134,state_135,state_136,state_137,state_138,state_139,state_140,state_141,state_142,state_143,state_144,state_145,state_146,state_147,state_148,state_149,state_150,state_151,state_152,state_153,state_154,state_155,state_156,state_157,state_158,state_159,state_160,state_161,state_162,state_163,state_164,state_165,state_166,state_167,state_168,state_169,state_170,state_171,state_172,state_173,state_174,state_175,state_176,state_177,state_178,state_179,state_180,state_181,state_182,state_183,state_184,state_185,state_186,state_187,state_188,state_189,state_190,state_191,state_192,state_193,state_194,state_195,state_196,state_197,state_198,state_199,state_200,state_201,state_202,state_203,state_204,state_205,state_206,state_207,state_208,state_209,state_210,state_211,state_212,state_213,state_214,state_215,state_216,state_217,state_218,state_219,state_220,state_221,state_222,state_223,state_224,state_225,state_226,state_227,state_228,state_229,state_230,state_231,state_232,state_233,state_234,state_235,state_236,state_237,state_238,state_239,state_240,state_241,state_242,state_243,state_244,state_245,state_246,state_247,state_248,state_249,state_250,state_251,state_252,state_253,state_254,state_255,state_256,state_257,state_258,state_259,state_260,state_261,state_262,state_263,state_264,state_265,state_266,state_267,state_268,state_269,state_270,state_271,state_272,state_273,state_274,state_275,state_276,state_277,state_278,state_279,state_280,state_281,state_282,state_283,state_284,state_285,state_286,state_287
{'img': array([[[ 0.        , -0.00532594, -0.03756878, ..., -0.31696822,
         -0.15463243,  0.02643073],
        [ 0.00532594,  0.        , -0.03224606, ..., -0.31191241,
         -0.14936836,  0.03175444],
        [ 0.03756878,  0.03224606,  0.        , ..., -0.28111287,
         -0.11740637,  0.06396773],
        ...,
        [ 0.31696822,  0.31191241,  0.28111287, ...,  0.        ,
          0.16649676,  0.34192535],
        [ 0.15463243,  0.14936836,  0.11740637, ..., -0.16649676,
          0.        ,  0.18069124],
        [-0.02643073, -0.03175444, -0.06396773, ..., -0.34192535,
         -0.18069124,  0.        ]],

       [[ 0.        ,  0.16676372, -0.36634552, ..., -0.09053279,
          0.04893903,  0.38191508],
        [-0.16676372,  0.        , -0.51638566, ..., -0.25534395,
         -0.11831017,  0.22244448],
        [ 0.36634552,  0.51638566,  0.        , ...,  0.28060226,
          0.41144329,  0.69393951],
        ...,
        [ 0.09053279,  0.25534395, -0.28060226, ...,  0.        ,
          0.13916238,  0.46401691],
        [-0.04893903,  0.11831017, -0.41144329, ..., -0.13916238,
          0.        ,  0.33622813],
        [-0.38191508, -0.22244448, -0.69393951, ..., -0.46401691,
         -0.33622813,  0.        ]],

       [[ 0.        ,  0.12424181,  0.19769824, ..., -0.37089358,
         -0.19037733, -0.02319243],
        [-0.12424181,  0.        ,  0.07437683, ..., -0.4834002 ,
         -0.31087183, -0.14722113],
        [-0.19769824, -0.07437683,  0.        , ..., -0.54717072,
         -0.38070238, -0.22037975],
        ...,
        [ 0.37089358,  0.4834002 ,  0.54717072, ...,  0.        ,
          0.18731157,  0.34925558],
        [ 0.19037733,  0.31087183,  0.38070238, ..., -0.18731157,
          0.        ,  0.16755786],
        [ 0.02319243,  0.14722113,  0.22037975, ..., -0.34925558,
         -0.16755786,  0.        ]],

       ...,

       [[ 0.        ,  0.23666312,  0.26821557, ..., -0.42232852,
         -0.25157709, -0.05014094],
        [-0.23666312,  0.        ,  0.0326045 , ..., -0.62485251,
         -0.47348162, -0.28508196],
        [-0.26821557, -0.0326045 ,  0.        , ..., -0.64997602,
         -0.50194806, -0.31618191],
        ...,
        [ 0.42232852,  0.62485251,  0.64997602, ...,  0.        ,
          0.18070502,  0.3763474 ],
        [ 0.25157709,  0.47348162,  0.50194806, ..., -0.18070502,
          0.        ,  0.20273238],
        [ 0.05014094,  0.28508196,  0.31618191, ..., -0.3763474 ,
         -0.20273238,  0.        ]],

       [[ 0.        , -0.06156581, -0.15857241, ...,  0.99764729,
          0.95654015,  0.87453377],
        [ 0.06156581,  0.        , -0.09748475, ...,  0.99997547,
          0.97267825,  0.90273205],
        [ 0.15857241,  0.09748475,  0.        , ...,  0.99589546,
          0.9906772 ,  0.94037061],
        ...,
        [-0.99764729, -0.99997547, -0.99589546, ...,  0.        ,
         -0.22533827, -0.4238693 ],
        [-0.95654015, -0.97267825, -0.9906772 , ...,  0.22533827,
          0.        , -0.20887349],
        [-0.87453377, -0.90273205, -0.94037061, ...,  0.4238693 ,
          0.20887349,  0.        ]],

       [[ 0.        ,  0.01190381,  0.02817058, ..., -0.95955895,
         -0.90020412, -0.80380677],
        [-0.01190381,  0.        ,  0.0162695 , ..., -0.96284198,
         -0.90532407, -0.81083129],
        [-0.02817058, -0.0162695 ,  0.        , ..., -0.96710837,
         -0.91211425, -0.82024618],
        ...,
        [ 0.95955895,  0.96284198,  0.96710837, ...,  0.        ,
          0.16444296,  0.34455464],
        [ 0.90020412,  0.90532407,  0.91211425, ..., -0.16444296,
          0.        ,  0.18549057],
        [ 0.80380677,  0.81083129,  0.82024618, ..., -0.34455464,
         -0.18549057,  0.        ]]]), 'num': array([6.95591786e-01, 6.95591786e-01, 0.00000000e+00, 0.00000000e+00,
       1.11908443e-03, 1.12522201e-03, 1.10953709e-03, 1.79705865e-01,
       2.04585819e-06, 1.09644360e-03, 1.10196742e-03, 1.14740820e-03,
       3.74593754e-06, 1.21484483e-03, 9.89090006e-04])}
{'img': array([[[ 0.        , -0.03224606, -0.03224606, ..., -0.14936836,
          0.03175444,  0.04745401],
        [ 0.03224606,  0.        ,  0.        , ..., -0.11740637,
          0.06396773,  0.07963907],
        [ 0.03224606,  0.        ,  0.        , ..., -0.11740637,
          0.06396773,  0.07963907],
        ...,
        [ 0.14936836,  0.11740637,  0.11740637, ...,  0.        ,
          0.18069124,  0.19612174],
        [-0.03175444, -0.06396773, -0.06396773, ..., -0.18069124,
          0.        ,  0.01571142],
        [-0.04745401, -0.07963907, -0.07963907, ..., -0.19612174,
         -0.01571142,  0.        ]],

       [[ 0.        , -0.48047455, -0.09278809, ..., -0.11782857,
          0.2219408 , -0.51781215],
        [ 0.48047455,  0.        ,  0.39702577, ...,  0.37379087,
          0.66313559, -0.04308248],
        [ 0.09278809, -0.39702577,  0.        , ..., -0.02517851,
          0.31145729, -0.43619856],
        ...,
        [ 0.11782857, -0.37379087,  0.02517851, ...,  0.        ,
          0.33528469, -0.41340337],
        [-0.2219408 , -0.66313559, -0.31145729, ..., -0.33528469,
          0.        , -0.69476709],
        [ 0.51781215,  0.04308248,  0.43619856, ...,  0.41340337,
          0.69476709,  0.        ]],

       [[ 0.        ,  0.07437683,  0.08244734, ..., -0.31087183,
         -0.14722113, -0.05873818],
        [-0.07437683,  0.        ,  0.00809537, ..., -0.38070238,
         -0.22037975, -0.1328239 ],
        [-0.08244734, -0.00809537,  0.        , ..., -0.38817567,
         -0.22826886, -0.14084319],
        ...,
        [ 0.31087183,  0.38070238,  0.38817567, ...,  0.        ,
          0.16755786,  0.25450728],
        [ 0.14722113,  0.22037975,  0.22826886, ..., -0.16755786,
          0.        ,  0.08886879],
        [ 0.05873818,  0.1328239 ,  0.14084319, ..., -0.25450728,
         -0.08886879,  0.        ]],

       ...,

       [[ 0.        ,  0.0326045 , -0.10775929, ..., -0.47348162,
         -0.28508196, -0.07438564],
        [-0.0326045 ,  0.        , -0.14011665, ..., -0.50194806,
         -0.31618191, -0.10686026],
        [ 0.10775929,  0.14011665,  0.        , ..., -0.37580976,
         -0.18013431,  0.03350826],
        ...,
        [ 0.47348162,  0.50194806,  0.37580976, ...,  0.        ,
          0.20273238,  0.40665072],
        [ 0.28508196,  0.31618191,  0.18013431, ..., -0.20273238,
          0.        ,  0.21299329],
        [ 0.07438564,  0.10686026, -0.03350826, ..., -0.40665072,
         -0.21299329,  0.        ]],

       [[ 0.        , -0.09748475, -0.40632645, ...,  0.97267825,
          0.90273205,  0.765969  ],
        [ 0.09748475,  0.        , -0.31531658, ...,  0.9906772 ,
          0.94037061,  0.82499146],
        [ 0.40632645,  0.31531658,  0.        , ...,  0.98309499,
          0.99965449,  0.96110544],
        ...,
        [-0.97267825, -0.9906772 , -0.98309499, ...,  0.        ,
         -0.20887349, -0.44748764],
        [-0.90273205, -0.94037061, -0.99965449, ...,  0.20887349,
          0.        , -0.25082376],
        [-0.765969  , -0.82499146, -0.96110544, ...,  0.44748764,
          0.25082376,  0.        ]],

       [[ 0.        ,  0.0162695 ,  0.04621305, ..., -0.90532407,
         -0.81083129, -0.66044282],
        [-0.0162695 ,  0.        ,  0.02995482, ..., -0.91211425,
         -0.82024618, -0.67257179],
        [-0.04621305, -0.02995482,  0.        , ..., -0.9239845 ,
         -0.83701257, -0.6944375 ],
        ...,
        [ 0.90532407,  0.91211425,  0.9239845 , ...,  0.        ,
          0.18549057,  0.39928218],
        [ 0.81083129,  0.82024618,  0.83701257, ..., -0.18549057,
          0.        ,  0.22229009],
        [ 0.66044282,  0.67257179,  0.6944375 , ..., -0.39928218,
         -0.22229009,  0.        ]]]), 'num': array([ 7.57140768e-01,  6.17333337e-01,  8.54046616e-06, -1.94399358e-10,
        1.21571679e-03,  1.22537123e-03,  1.20531970e-03,  2.13601663e-01,
       -2.97059692e-06,  1.20294322e-03,  1.19369724e-03,  1.24959397e-03,
        4.99367586e-06,  1.29823237e-03,  1.08916211e-03])}
{'img': array([[[ 0.        ,  0.        ,  0.16618728, ...,  0.06396773,
          0.07963907,  0.0587162 ],
        [ 0.        ,  0.        ,  0.16618728, ...,  0.06396773,
          0.07963907,  0.0587162 ],
        [-0.16618728, -0.16618728,  0.        , ..., -0.10276872,
         -0.08712781, -0.10800085],
        ...,
        [-0.06396773, -0.06396773,  0.10276872, ...,  0.        ,
          0.01571142, -0.00526141],
        [-0.07963907, -0.07963907,  0.08712781, ..., -0.01571142,
          0.        , -0.02097197],
        [-0.0587162 , -0.0587162 ,  0.10800085, ...,  0.00526141,
          0.02097197,  0.        ]],

       [[ 0.        ,  0.39702577,  0.62147231, ...,  0.66313559,
         -0.04308248,  0.16119301],
        [-0.39702577,  0.        ,  0.25934759, ...,  0.31145729,
         -0.43619856, -0.24388968],
        [-0.62147231, -0.25934759,  0.        , ...,  0.0543528 ,
         -0.65464765, -0.48706083],
        ...,
        [-0.66313559, -0.31145729, -0.0543528 , ...,  0.        ,
         -0.69476709, -0.53381085],
        [ 0.04308248,  0.43619856,  0.65464765, ...,  0.69476709,
          0.        ,  0.20356243],
        [-0.16119301,  0.24388968,  0.48706083, ...,  0.53381085,
         -0.20356243,  0.        ]],

       [[ 0.        ,  0.00809537,  0.05468781, ..., -0.22037975,
         -0.1328239 , -0.04788611],
        [-0.00809537,  0.        ,  0.04660276, ..., -0.22826886,
         -0.14084319, -0.05597062],
        [-0.05468781, -0.04660276,  0.        , ..., -0.27339321,
         -0.18682839, -0.10243952],
        ...,
        [ 0.22037975,  0.22826886,  0.27339321, ...,  0.        ,
          0.08886879,  0.17341813],
        [ 0.1328239 ,  0.14084319,  0.18682839, ..., -0.08886879,
          0.        ,  0.0852097 ],
        [ 0.04788611,  0.05597062,  0.10243952, ..., -0.17341813,
         -0.0852097 ,  0.        ]],

       ...,

       [[ 0.        , -0.14011665,  0.0903564 , ..., -0.31618191,
         -0.10686026,  0.17662061],
        [ 0.14011665,  0.        ,  0.22900854, ..., -0.18013431,
          0.03350826,  0.31279212],
        [-0.0903564 , -0.22900854,  0.        , ..., -0.40060956,
         -0.19626217,  0.08696223],
        ...,
        [ 0.31618191,  0.18013431,  0.40060956, ...,  0.        ,
          0.21299329,  0.47877094],
        [ 0.10686026, -0.03350826,  0.19626217, ..., -0.21299329,
          0.        ,  0.2807896 ],
        [-0.17662061, -0.31279212, -0.08696223, ..., -0.47877094,
         -0.2807896 ,  0.        ]],

       [[ 0.        , -0.31531658, -0.20360668, ...,  0.94037061,
          0.82499146,  0.66237051],
        [ 0.31531658,  0.        ,  0.11549157, ...,  0.99965449,
          0.96110544,  0.86480845],
        [ 0.20360668, -0.11549157,  0.        , ...,  0.98992959,
          0.92277751,  0.80103301],
        ...,
        [-0.94037061, -0.99965449, -0.98992959, ...,  0.        ,
         -0.25082376, -0.47919709],
        [-0.82499146, -0.96110544, -0.92277751, ...,  0.25082376,
          0.        , -0.24372864],
        [-0.66237051, -0.86480845, -0.80103301, ...,  0.47919709,
          0.24372864,  0.        ]],

       [[ 0.        ,  0.02995482,  0.02528037, ..., -0.82024618,
         -0.67257179, -0.52625245],
        [-0.02995482,  0.        , -0.00467622, ..., -0.83701257,
         -0.6944375 , -0.55148773],
        [-0.02528037,  0.00467622,  0.        , ..., -0.83444467,
         -0.69106511, -0.54758088],
        ...,
        [ 0.82024618,  0.83701257,  0.83444467, ...,  0.        ,
          0.22229009,  0.39645659],
        [ 0.67257179,  0.6944375 ,  0.69106511, ..., -0.22229009,
          0.        ,  0.18246329],
        [ 0.52625245,  0.55148773,  0.54758088, ..., -0.39645659,
         -0.18246329,  0.        ]]]), 'num': array([ 8.70264231e-01,  4.28692790e-01,  2.73249654e-05, -4.49687586e-09,
        1.38858944e-03,  1.42124191e-03,  1.38429306e-03,  2.42584169e-01,
       -1.80447885e-05,  1.39838518e-03,  1.37282173e-03,  1.44568830e-03,
        4.95302990e-06,  1.46391512e-03,  1.28172834e-03])}
{'img': array([[[ 0.        ,  0.16618728,  0.23475505, ...,  0.07963907,
          0.0587162 , -0.05498134],
        [-0.16618728,  0.        ,  0.06994749, ..., -0.08712781,
         -0.10800085, -0.22015268],
        [-0.23475505, -0.06994749,  0.        , ..., -0.15659589,
         -0.17727468, -0.28784482],
        ...,
        [-0.07963907,  0.08712781,  0.15659589, ...,  0.        ,
         -0.02097197, -0.13432531],
        [-0.0587162 ,  0.10800085,  0.17727468, ...,  0.02097197,
          0.        , -0.11351387],
        [ 0.05498134,  0.22015268,  0.28784482, ...,  0.13432531,
          0.11351387,  0.        ]],

       [[ 0.        ,  0.25934759,  0.2702012 , ..., -0.43619856,
         -0.24388968, -0.26713703],
        [-0.25934759,  0.        ,  0.01125514, ..., -0.65464765,
         -0.48706083, -0.50791921],
        [-0.2702012 , -0.01125514,  0.        , ..., -0.66311433,
         -0.49685986, -0.51758227],
        ...,
        [ 0.43619856,  0.65464765,  0.66311433, ...,  0.        ,
          0.20356243,  0.17996309],
        [ 0.24388968,  0.48706083,  0.49685986, ..., -0.20356243,
          0.        , -0.02404392],
        [ 0.26713703,  0.50791921,  0.51758227, ..., -0.17996309,
          0.02404392,  0.        ]],

       [[ 0.        ,  0.04660276,  0.09734136, ..., -0.14084319,
         -0.05597062, -0.0040437 ],
        [-0.04660276,  0.        ,  0.05085415, ..., -0.18682839,
         -0.10243952, -0.05064169],
        [-0.09734136, -0.05085415,  0.        , ..., -0.23654539,
         -0.15289359, -0.10136506],
        ...,
        [ 0.14084319,  0.18682839,  0.23654539, ...,  0.        ,
          0.0852097 ,  0.13683865],
        [ 0.05597062,  0.10243952,  0.15289359, ..., -0.0852097 ,
          0.        ,  0.05193281],
        [ 0.0040437 ,  0.05064169,  0.10136506, ..., -0.13683865,
         -0.05193281,  0.        ]],

       ...,

       [[ 0.        ,  0.22900854,  0.41003496, ...,  0.03350826,
          0.31279212,  0.09471101],
        [-0.22900854,  0.        ,  0.19026627, ..., -0.19626217,
          0.08696223, -0.1357851 ],
        [-0.41003496, -0.19026627,  0.        , ..., -0.37924283,
         -0.10417182, -0.32180873],
        ...,
        [-0.03350826,  0.19626217,  0.37924283, ...,  0.        ,
          0.2807896 ,  0.06130018],
        [-0.31279212, -0.08696223,  0.10417182, ..., -0.2807896 ,
          0.        , -0.2214275 ],
        [-0.09471101,  0.1357851 ,  0.32180873, ..., -0.06130018,
          0.2214275 ,  0.        ]],

       [[ 0.        ,  0.11549157,  0.22081769, ...,  0.96110544,
          0.86480845,  0.59523266],
        [-0.11549157,  0.        ,  0.1066994 , ...,  0.92277751,
          0.80103301,  0.49844599],
        [-0.22081769, -0.1066994 ,  0.        , ...,  0.87639485,
          0.73258775,  0.4031006 ],
        ...,
        [-0.96110544, -0.92277751, -0.87639485, ...,  0.        ,
         -0.24372864, -0.60790719],
        [-0.86480845, -0.80103301, -0.73258775, ...,  0.24372864,
          0.        , -0.39605231],
        [-0.59523266, -0.49844599, -0.4031006 , ...,  0.60790719,
          0.39605231,  0.        ]],

       [[ 0.        , -0.00467622, -0.01862425, ..., -0.6944375 ,
         -0.55148773, -0.32331843],
        [ 0.00467622,  0.        , -0.01394864, ..., -0.69106511,
         -0.54758088, -0.31888983],
        [ 0.01862425,  0.01394864,  0.        , ..., -0.68091591,
         -0.53585604, -0.3056384 ],
        ...,
        [ 0.6944375 ,  0.69106511,  0.68091591, ...,  0.        ,
          0.18246329,  0.42449466],
        [ 0.55148773,  0.54758088,  0.53585604, ..., -0.18246329,
          0.        ,  0.25216071],
        [ 0.32331843,  0.31888983,  0.3056384 , ..., -0.42449466,
         -0.25216071,  0.        ]]]), 'num': array([ 8.94192718e-01,  3.79869461e-01,  3.21452036e-05, -6.28713658e-08,
        1.42078248e-03,  1.44387019e-03,  1.41367857e-03,  2.36858913e-01,
       -1.42078248e-05,  1.44422539e-03,  1.41381176e-03,  1.49361238e-03,
        4.78426753e-06,  1.49613228e-03,  1.33149125e-03])}
{'img': array([[[ 0.        ,  0.06994749,  0.15283826, ..., -0.10800085,
         -0.22015268, -0.30887651],
        [-0.06994749,  0.        ,  0.08333821, ..., -0.17727468,
         -0.28784482, -0.37464718],
        [-0.15283826, -0.08333821,  0.        , ..., -0.25867625,
         -0.36665459, -0.45061238],
        ...,
        [ 0.10800085,  0.17727468,  0.25867625, ...,  0.        ,
         -0.11351387, -0.20434998],
        [ 0.22015268,  0.28784482,  0.36665459, ...,  0.11351387,
          0.        , -0.09191066],
        [ 0.30887651,  0.37464718,  0.45061238, ...,  0.20434998,
          0.09191066,  0.        ]],

       [[ 0.        ,  0.01125514, -0.03324064, ..., -0.48706083,
         -0.50791921, -0.59632038],
        [-0.01125514,  0.        , -0.04448746, ..., -0.49685986,
         -0.51758227, -0.60531763],
        [ 0.03324064,  0.04448746,  0.        , ..., -0.45776035,
         -0.47900487, -0.56930703],
        ...,
        [ 0.48706083,  0.49685986,  0.45776035, ...,  0.        ,
         -0.02404392, -0.12982077],
        [ 0.50791921,  0.51758227,  0.47900487, ...,  0.02404392,
          0.        , -0.1059428 ],
        [ 0.59632038,  0.60531763,  0.56930703, ...,  0.12982077,
          0.1059428 ,  0.        ]],

       [[ 0.        ,  0.05085415,  0.12327342, ..., -0.10243952,
         -0.05064169, -0.05738924],
        [-0.05085415,  0.        ,  0.07264764, ..., -0.15289359,
         -0.10136506, -0.10808532],
        [-0.12327342, -0.07264764,  0.        , ..., -0.22428309,
         -0.17337067, -0.18002176],
        ...,
        [ 0.10243952,  0.15289359,  0.22428309, ...,  0.        ,
          0.05193281,  0.04518336],
        [ 0.05064169,  0.10136506,  0.17337067, ..., -0.05193281,
          0.        , -0.00675738],
        [ 0.05738924,  0.10808532,  0.18002176, ..., -0.04518336,
          0.00675738,  0.        ]],

       ...,

       [[ 0.        ,  0.19026627,  0.21761368, ...,  0.08696223,
         -0.1357851 , -0.21944162],
        [-0.19026627,  0.        ,  0.02793189, ..., -0.10417182,
         -0.32180873, -0.40106162],
        [-0.21761368, -0.02793189,  0.        , ..., -0.13191109,
         -0.34812922, -0.42649218],
        ...,
        [-0.08696223,  0.10417182,  0.13191109, ...,  0.        ,
         -0.2214275 , -0.30345287],
        [ 0.1357851 ,  0.32180873,  0.34812922, ...,  0.2214275 ,
          0.        , -0.0849338 ],
        [ 0.21944162,  0.40106162,  0.42649218, ...,  0.30345287,
          0.0849338 ,  0.        ]],

       [[ 0.        ,  0.18916021,  0.38184542, ...,  0.86186105,
          0.58697103,  0.34774153],
        [-0.18916021,  0.        ,  0.20012485, ...,  0.75036966,
          0.42322839,  0.16410868],
        [-0.38184542, -0.20012485,  0.        , ...,  0.60290377,
          0.23334892, -0.03662278],
        ...,
        [-0.86186105, -0.75036966, -0.60290377, ...,  0.        ,
         -0.40009043, -0.63171748],
        [-0.58697103, -0.42322839, -0.23334892, ...,  0.40009043,
          0.        , -0.26880412],
        [-0.34774153, -0.16410868,  0.03662278, ...,  0.63171748,
          0.26880412,  0.        ]],

       [[ 0.        , -0.01394864, -0.05779867, ..., -0.54758088,
         -0.31888983, -0.24618998],
        [ 0.01394864,  0.        , -0.04386773, ..., -0.53585604,
         -0.3056384 , -0.23264671],
        [ 0.05779867,  0.04386773,  0.        , ..., -0.49830227,
         -0.26357563, -0.1897587 ],
        ...,
        [ 0.54758088,  0.53585604,  0.49830227, ...,  0.        ,
          0.25216071,  0.32472706],
        [ 0.31888983,  0.3056384 ,  0.26357563, ..., -0.25216071,
          0.        ,  0.07573807],
        [ 0.24618998,  0.23264671,  0.1897587 , ..., -0.32472706,
         -0.07573807,  0.        ]]]), 'num': array([ 8.87004838e-01,  3.78819444e-01,  3.16429262e-05, -1.12189340e-07,
        1.41162610e-03,  1.42920550e-03,  1.40283639e-03,  2.64011700e-01,
        5.27382103e-06,  1.42393168e-03,  1.39562884e-03,  1.47768070e-03,
        5.41508409e-06,  1.46661699e-03,  1.32464069e-03])}
{'img': array([[[ 0.        ,  0.08333821,  0.05900362, ..., -0.28784482,
         -0.37464718, -0.34180879],
        [-0.08333821,  0.        , -0.02439465, ..., -0.36665459,
         -0.45061238, -0.41893846],
        [-0.05900362,  0.02439465,  0.        , ..., -0.34384974,
         -0.4287007 , -0.39666308],
        ...,
        [ 0.28784482,  0.36665459,  0.34384974, ...,  0.        ,
         -0.09191066, -0.05683465],
        [ 0.37464718,  0.45061238,  0.4287007 , ...,  0.09191066,
          0.        ,  0.03516802],
        [ 0.34180879,  0.41893846,  0.39666308, ...,  0.05683465,
         -0.03516802,  0.        ]],

       [[ 0.        , -0.04448746, -0.22789995, ..., -0.51758227,
         -0.60531763, -0.45402716],
        [ 0.04448746,  0.        , -0.18435756, ..., -0.47900487,
         -0.56930703, -0.41393986],
        [ 0.22789995,  0.18435756,  0.        , ..., -0.30896304,
         -0.40798371, -0.23902315],
        ...,
        [ 0.51758227,  0.47900487,  0.30896304, ...,  0.        ,
         -0.1059428 ,  0.07267868],
        [ 0.60531763,  0.56930703,  0.40798371, ...,  0.1059428 ,
          0.        ,  0.17793228],
        [ 0.45402716,  0.41393986,  0.23902315, ..., -0.07267868,
         -0.17793228,  0.        ]],

       [[ 0.        ,  0.07264764,  0.14465057, ..., -0.10136506,
         -0.10808532, -0.15152386],
        [-0.07264764,  0.        ,  0.07238477, ..., -0.17337067,
         -0.18002176, -0.2229323 ],
        [-0.14465057, -0.07238477,  0.        , ..., -0.2442045 ,
         -0.25075172, -0.29291063],
        ...,
        [ 0.10136506,  0.17337067,  0.2442045 , ...,  0.        ,
         -0.00675738, -0.05054874],
        [ 0.10808532,  0.18002176,  0.25075172, ...,  0.00675738,
          0.        , -0.04379885],
        [ 0.15152386,  0.2229323 ,  0.29291063, ...,  0.05054874,
          0.04379885,  0.        ]],

       ...,

       [[ 0.        ,  0.02793189, -0.07788104, ..., -0.32180873,
         -0.40106162, -0.23471329],
        [-0.02793189,  0.        , -0.10569771, ..., -0.34812922,
         -0.42649218, -0.26177331],
        [ 0.07788104,  0.10569771,  0.        , ..., -0.24709315,
         -0.32850045, -0.15829497],
        ...,
        [ 0.32180873,  0.34812922,  0.24709315, ...,  0.        ,
         -0.0849338 ,  0.09059125],
        [ 0.40106162,  0.42649218,  0.32850045, ...,  0.0849338 ,
          0.        ,  0.17484847],
        [ 0.23471329,  0.26177331,  0.15829497, ..., -0.09059125,
         -0.17484847,  0.        ]],

       [[ 0.        ,  0.13487762,  0.27407825, ...,  0.32839011,
          0.10702178, -0.35447223],
        [-0.13487762,  0.        ,  0.14186099, ...,  0.19799176,
         -0.02805913, -0.4773527 ],
        [-0.27407825, -0.14186099,  0.        , ...,  0.05693672,
         -0.1695805 , -0.59717997],
        ...,
        [-0.32839011, -0.19799176, -0.05693672, ...,  0.        ,
         -0.22541747, -0.64188057],
        [-0.10702178,  0.02805913,  0.1695805 , ...,  0.22541747,
          0.        , -0.45250886],
        [ 0.35447223,  0.4773527 ,  0.59717997, ...,  0.64188057,
          0.45250886,  0.        ]],

       [[ 0.        , -0.04386773, -0.05847538, ..., -0.3056384 ,
         -0.23264671, -0.16116091],
        [ 0.04386773,  0.        , -0.01462643, ..., -0.26357563,
         -0.1897587 , -0.11771148],
        [ 0.05847538,  0.01462643,  0.        , ..., -0.24943821,
         -0.17537772, -0.10317414],
        ...,
        [ 0.3056384 ,  0.26357563,  0.24943821, ...,  0.        ,
          0.07573807,  0.14819416],
        [ 0.23264671,  0.1897587 ,  0.17537772, ..., -0.07573807,
          0.        ,  0.07286672],
        [ 0.16116091,  0.11771148,  0.10317414, ..., -0.14819416,
         -0.07286672,  0.        ]]]), 'num': array([ 6.70598892e-01,  6.70598892e-01,  0.00000000e+00, -7.70022117e-08,
        1.06956139e-03,  1.06956139e-03,  1.05559323e-03,  3.17151557e-01,
        1.33030023e-06,  1.07315320e-03,  1.05409665e-03,  1.11750762e-03,
        4.47697193e-06,  1.10228378e-03,  1.00590952e-03])}
{'img': array([[[ 0.        , -0.02439465,  0.11578406, ..., -0.45061238,
         -0.41893846, -0.40843262],
        [ 0.02439465,  0.        ,  0.13998019, ..., -0.4287007 ,
         -0.39666308, -0.38604392],
        [-0.11578406, -0.13998019,  0.        , ..., -0.55094446,
         -0.52125447, -0.51137203],
        ...,
        [ 0.45061238,  0.4287007 ,  0.55094446, ...,  0.        ,
          0.03516802,  0.04669794],
        [ 0.41893846,  0.39666308,  0.52125447, ..., -0.03516802,
          0.        ,  0.0115394 ],
        [ 0.40843262,  0.38604392,  0.51137203, ..., -0.04669794,
         -0.0115394 ,  0.        ]],

       [[ 0.        , -0.18435756,  0.38910138, ..., -0.56930703,
         -0.41393986, -0.06188809],
        [ 0.18435756,  0.        ,  0.55226114, ..., -0.40798371,
         -0.23902315,  0.12317689],
        [-0.38910138, -0.55226114,  0.        , ..., -0.84433272,
         -0.73551994, -0.4453665 ],
        ...,
        [ 0.56930703,  0.40798371,  0.84433272, ...,  0.        ,
          0.17793228,  0.51733597],
        [ 0.41393986,  0.23902315,  0.73551994, ..., -0.17793228,
          0.        ,  0.35680939],
        [ 0.06188809, -0.12317689,  0.4453665 , ..., -0.51733597,
         -0.35680939,  0.        ]],

       [[ 0.        ,  0.07238477,  0.17822617, ..., -0.18002176,
         -0.2229323 , -0.26783956],
        [-0.07238477,  0.        ,  0.10653279, ..., -0.25075172,
         -0.29291063, -0.33687704],
        [-0.17822617, -0.10653279,  0.        , ..., -0.35245396,
         -0.39310397, -0.43526575],
        ...,
        [ 0.18002176,  0.25075172,  0.35245396, ...,  0.        ,
         -0.04379885, -0.09001936],
        [ 0.2229323 ,  0.29291063,  0.39310397, ...,  0.04379885,
          0.        , -0.04631196],
        [ 0.26783956,  0.33687704,  0.43526575, ...,  0.09001936,
          0.04631196,  0.        ]],

       ...,

       [[ 0.        , -0.10569771,  0.71333032, ..., -0.42649218,
         -0.26177331, -0.13032934],
        [ 0.10569771,  0.        ,  0.78341037, ..., -0.32850045,
         -0.15829497, -0.02480308],
        [-0.71333032, -0.78341037,  0.        , ..., -0.94409868,
         -0.87191411, -0.7985846 ],
        ...,
        [ 0.42649218,  0.32850045,  0.94409868, ...,  0.        ,
          0.17484847,  0.30497278],
        [ 0.26177331,  0.15829497,  0.87191411, ..., -0.17484847,
          0.        ,  0.13375591],
        [ 0.13032934,  0.02480308,  0.7985846 , ..., -0.30497278,
         -0.13375591,  0.        ]],

       [[ 0.        ,  0.11655326,  0.256599  , ..., -0.02178638,
         -0.23982281, -0.58594708],
        [-0.11655326,  0.        ,  0.14219932, ..., -0.13816349,
         -0.35134012, -0.67640238],
        [-0.256599  , -0.14219932,  0.        , ..., -0.27759503,
         -0.48090364, -0.7742632 ],
        ...,
        [ 0.02178638,  0.13816349,  0.27759503, ...,  0.        ,
         -0.2186153 , -0.56815343],
        [ 0.23982281,  0.35134012,  0.48090364, ...,  0.2186153 ,
          0.        , -0.37450695],
        [ 0.58594708,  0.67640238,  0.7742632 , ...,  0.56815343,
          0.37450695,  0.        ]],

       [[ 0.        , -0.01462643, -0.03366057, ..., -0.1897587 ,
         -0.11771148, -0.06756823],
        [ 0.01462643,  0.        , -0.01903883, ..., -0.17537772,
         -0.10317414, -0.052968  ],
        [ 0.03366057,  0.01903883,  0.        , ..., -0.15660218,
         -0.08421821, -0.0339463 ],
        ...,
        [ 0.1897587 ,  0.17537772,  0.15660218, ...,  0.        ,
          0.07286672,  0.12298446],
        [ 0.11771148,  0.10317414,  0.08421821, ..., -0.07286672,
          0.        ,  0.05034398],
        [ 0.06756823,  0.052968  ,  0.0339463 , ..., -0.12298446,
         -0.05034398,  0.        ]]]), 'num': array([ 9.43864029e-01,  1.33917491e-03,  5.81805465e-05, -1.08895811e-07,
        1.50563076e-03,  1.52235999e-03,  1.48983093e-03,  3.30304253e-01,
        1.11528204e-05,  1.49633674e-03,  1.47319464e-03,  1.56040350e-03,
        6.51009487e-06,  1.54109034e-03,  1.40529893e-03])}
{'img': array([[[ 0.        ,  0.13998019,  0.59871375, ..., -0.39666308,
         -0.38604392, -0.32291404],
        [-0.13998019,  0.        ,  0.48070004, ..., -0.52125447,
         -0.51137203, -0.45221595],
        [-0.59871375, -0.48070004,  0.        , ..., -0.86731031,
         -0.86150863, -0.82528186],
        ...,
        [ 0.39666308,  0.52125447,  0.86731031, ...,  0.        ,
          0.0115394 ,  0.07898961],
        [ 0.38604392,  0.51137203,  0.86150863, ..., -0.0115394 ,
          0.        ,  0.06748101],
        [ 0.32291404,  0.45221595,  0.82528186, ..., -0.07898961,
         -0.06748101,  0.        ]],

       [[ 0.        ,  0.55226114,  0.47507694, ..., -0.23902315,
          0.12317689, -0.0926923 ],
        [-0.55226114,  0.        ,  0.88201697, ..., -0.73551994,
         -0.4453665 , -0.62715844],
        [-0.47507694, -0.88201697,  0.        , ..., -0.25097925,
         -0.5798479 , -0.39146759],
        ...,
        [ 0.23902315,  0.73551994,  0.25097925, ...,  0.        ,
          0.35680939,  0.1479886 ],
        [-0.12317689,  0.4453665 ,  0.5798479 , ..., -0.35680939,
          0.        , -0.21463301],
        [ 0.0926923 ,  0.62715844,  0.39146759, ..., -0.1479886 ,
          0.21463301,  0.        ]],

       [[ 0.        ,  0.10653279,  0.2916965 , ..., -0.29291063,
         -0.33687704, -0.35973393],
        [-0.10653279,  0.        ,  0.18813673, ..., -0.39310397,
         -0.43526575, -0.45708769],
        [-0.2916965 , -0.18813673,  0.        , ..., -0.55907485,
         -0.59687302, -0.61625828],
        ...,
        [ 0.29291063,  0.39310397,  0.55907485, ...,  0.        ,
         -0.04631196, -0.07065423],
        [ 0.33687704,  0.43526575,  0.59687302, ...,  0.04631196,
          0.        , -0.0243822 ],
        [ 0.35973393,  0.45708769,  0.61625828, ...,  0.07065423,
          0.0243822 ,  0.        ]],

       ...,

       [[ 0.        ,  0.78341037,  0.92456421, ..., -0.15829497,
         -0.02480308,  0.04199471],
        [-0.78341037,  0.        ,  0.27612114, ..., -0.87191411,
         -0.7985846 , -0.75661936],
        [-0.92456421, -0.27612114,  0.        , ..., -0.97322173,
         -0.9337304 , -0.9077475 ],
        ...,
        [ 0.15829497,  0.87191411,  0.97322173, ...,  0.        ,
          0.13375591,  0.19962057],
        [ 0.02480308,  0.7985846 ,  0.9337304 , ..., -0.13375591,
          0.        ,  0.06676299],
        [-0.04199471,  0.75661936,  0.9077475 , ..., -0.19962057,
         -0.06676299,  0.        ]],

       [[ 0.        ,  0.14219932,  0.44357634, ..., -0.35134012,
         -0.67640238, -0.59082175],
        [-0.14219932,  0.        ,  0.3116245 , ..., -0.48090364,
         -0.7742632 , -0.69954456],
        [-0.44357634, -0.3116245 ,  0.        , ..., -0.73018129,
         -0.93292487, -0.8873944 ],
        ...,
        [ 0.35134012,  0.48090364,  0.73018129, ...,  0.        ,
         -0.37450695, -0.26969366],
        [ 0.67640238,  0.7742632 ,  0.93292487, ...,  0.37450695,
          0.        ,  0.11056358],
        [ 0.59082175,  0.69954456,  0.8873944 , ...,  0.26969366,
         -0.11056358,  0.        ]],

       [[ 0.        , -0.01903883, -0.2294291 , ..., -0.10317414,
         -0.052968  , -0.0554257 ],
        [ 0.01903883,  0.        , -0.21085654, ..., -0.08421821,
         -0.0339463 , -0.03640609],
        [ 0.2294291 ,  0.21085654,  0.        , ...,  0.1277827 ,
          0.17755193,  0.17512919],
        ...,
        [ 0.10317414,  0.08421821, -0.1277827 , ...,  0.        ,
          0.05034398,  0.04788563],
        [ 0.052968  ,  0.0339463 , -0.17755193, ..., -0.05034398,
          0.        , -0.00246131],
        [ 0.0554257 ,  0.03640609, -0.17512919, ..., -0.04788563,
          0.00246131,  0.        ]]]), 'num': array([ 9.51339141e-01,  1.33010349e-03,  5.77864378e-05, -4.01741177e-08,
        1.51758632e-03,  1.52127875e-03,  1.50189352e-03,  3.08113779e-01,
        2.21545448e-05,  1.49137011e-03,  1.46723089e-03,  1.54921809e-03,
        7.31831812e-06,  1.53751430e-03,  1.39694747e-03])}
{'img': array([[[ 0.        ,  0.48070004,  0.36277671, ..., -0.51137203,
         -0.45221595, -0.33453714],
        [-0.48070004,  0.        , -0.12983939, ..., -0.86150863,
         -0.82528186, -0.74635397],
        [-0.36277671,  0.12983939,  0.        , ..., -0.78829096,
         -0.74497285, -0.65362161],
        ...,
        [ 0.51137203,  0.86150863,  0.78829096, ...,  0.        ,
          0.06748101,  0.19442043],
        [ 0.45221595,  0.82528186,  0.74497285, ..., -0.06748101,
          0.        ,  0.12778391],
        [ 0.33453714,  0.74635397,  0.65362161, ..., -0.19442043,
         -0.12778391,  0.        ]],

       [[ 0.        ,  0.88201697,  0.14086355, ..., -0.4453665 ,
         -0.62715844, -0.66608358],
        [-0.88201697,  0.        , -0.93959979, ..., -0.5798479 ,
         -0.39146759, -0.34400595],
        [-0.14086355,  0.93959979,  0.        , ..., -0.56704771,
         -0.73062251, -0.76450897],
        ...,
        [ 0.4453665 ,  0.5798479 ,  0.56704771, ...,  0.        ,
         -0.21463301, -0.26418816],
        [ 0.62715844,  0.39146759,  0.73062251, ...,  0.21463301,
          0.        , -0.05102384],
        [ 0.66608358,  0.34400595,  0.76450897, ...,  0.26418816,
          0.05102384,  0.        ]],

       [[ 0.        ,  0.18813673,  0.32680479, ..., -0.43526575,
         -0.45708769, -0.42118341],
        [-0.18813673,  0.        ,  0.14316249, ..., -0.59687302,
         -0.61625828, -0.58429767],
        [-0.32680479, -0.14316249,  0.        , ..., -0.70558913,
         -0.72265711, -0.69446094],
        ...,
        [ 0.43526575,  0.59687302,  0.70558913, ...,  0.        ,
         -0.0243822 ,  0.01558309],
        [ 0.45708769,  0.61625828,  0.72265711, ...,  0.0243822 ,
          0.        ,  0.0399577 ],
        [ 0.42118341,  0.58429767,  0.69446094, ..., -0.01558309,
         -0.0399577 ,  0.        ]],

       ...,

       [[ 0.        ,  0.27612114, -0.30768516, ..., -0.7985846 ,
         -0.75661936, -0.57558964],
        [-0.27612114,  0.        , -0.55844925, ..., -0.9337304 ,
         -0.9077475 , -0.77900729],
        [ 0.30768516,  0.55844925,  0.        , ..., -0.57465351,
         -0.51873275, -0.2960607 ],
        ...,
        [ 0.7985846 ,  0.9337304 ,  0.57465351, ...,  0.        ,
          0.06676299,  0.30659615],
        [ 0.75661936,  0.9077475 ,  0.51873275, ..., -0.06676299,
          0.        ,  0.24236442],
        [ 0.57558964,  0.77900729,  0.2960607 , ..., -0.30659615,
         -0.24236442,  0.        ]],

       [[ 0.        ,  0.3116245 ,  0.47504851, ..., -0.7742632 ,
         -0.69954456, -0.52800785],
        [-0.3116245 ,  0.        ,  0.17717665, ..., -0.93292487,
         -0.8873944 , -0.76635971],
        [-0.47504851, -0.17717665,  0.        , ..., -0.98196131,
         -0.95503539, -0.86805554],
        ...,
        [ 0.7742632 ,  0.93292487,  0.98196131, ...,  0.        ,
          0.11056358,  0.32337787],
        [ 0.69954456,  0.8873944 ,  0.95503539, ..., -0.11056358,
          0.        ,  0.21677227],
        [ 0.52800785,  0.76635971,  0.86805554, ..., -0.32337787,
         -0.21677227,  0.        ]],

       [[ 0.        , -0.21085654, -0.27373638, ..., -0.0339463 ,
         -0.03640609, -0.02432589],
        [ 0.21085654,  0.        , -0.06477915, ...,  0.17755193,
          0.17512919,  0.18701517],
        [ 0.27373638,  0.06477915,  0.        , ...,  0.2409289 ,
          0.23853936,  0.25025862],
        ...,
        [ 0.0339463 , -0.17755193, -0.2409289 , ...,  0.        ,
         -0.00246131,  0.00962438],
        [ 0.03640609, -0.17512919, -0.23853936, ...,  0.00246131,
          0.        ,  0.01208555],
        [ 0.02432589, -0.18701517, -0.25025862, ..., -0.00962438,
         -0.01208555,  0.        ]]]), 'num': array([7.12806911e-01, 6.06452841e-01, 6.27457641e-06, 6.17912605e-08,
       1.16872605e-03, 1.16872605e-03, 1.13976646e-03, 3.52293884e-01,
       3.51652084e-05, 1.12707941e-03, 1.09987808e-03, 1.15698133e-03,
       5.62133815e-06, 1.16108933e-03, 1.03866684e-03])}
{'img': array([[[ 0.        , -0.12983939, -0.16974193, ..., -0.82528186,
         -0.74635397, -0.55498517],
        [ 0.12983939,  0.        , -0.04034984, ..., -0.74497285,
         -0.65362161, -0.44227902],
        [ 0.16974193,  0.04034984,  0.        , ..., -0.71744899,
         -0.62255168, -0.40572997],
        ...,
        [ 0.82528186,  0.74497285,  0.71744899, ...,  0.        ,
          0.12778391,  0.37310736],
        [ 0.74635397,  0.65362161,  0.62255168, ..., -0.12778391,
          0.        ,  0.25149224],
