state_0,state_1,state_2,state_3,state_4,state_5,state_6,state_7,state_8,state_9,state_10,state_11,state_12,state_13,state_14,state_15,state_16,state_17,state_18,state_19,state_20,state_21,state_22,state_23,state_24,state_25,state_26,state_27,state_28,state_29,state_30,state_31,state_32,state_33,state_34,state_35,state_36,state_37,state_38,state_39,state_40,state_41,state_42,state_43,state_44,state_45,state_46,state_47,state_48,state_49,state_50,state_51,state_52,state_53,state_54,state_55,state_56,state_57,state_58,state_59,state_60,state_61,state_62,state_63,state_64,state_65,state_66,state_67,state_68,state_69,state_70,state_71,state_72,state_73,state_74,state_75,state_76,state_77,state_78,state_79,state_80,state_81,state_82,state_83,state_84,state_85,state_86,state_87,state_88,state_89,state_90,state_91,state_92,state_93,state_94,state_95,state_96,state_97,state_98,state_99,state_100,state_101,state_102,state_103,state_104,state_105,state_106,state_107,state_108,state_109,state_110,state_111,state_112,state_113,state_114,state_115,state_116,state_117,state_118,state_119,state_120,state_121,state_122,state_123,state_124,state_125,state_126,state_127,state_128,state_129,state_130,state_131,state_132,state_133,state_134,state_135,state_136,state_137,state_138,state_139,state_140,state_141,state_142,state_143,state_144,state_145,state_146,state_147,state_148,state_149,state_150,state_151,state_152,state_153,state_154,state_155,state_156,state_157,state_158,state_159,state_160,state_161,state_162,state_163,state_164,state_165,state_166,state_167,state_168,state_169,state_170,state_171,state_172,state_173,state_174,state_175,state_176,state_177,state_178,state_179,state_180,state_181,state_182,state_183,state_184,state_185,state_186,state_187,state_188,state_189,state_190,state_191,state_192,state_193,state_194,state_195,state_196,state_197,state_198,state_199,state_200,state_201,state_202,state_203,state_204,state_205,state_206,state_207,state_208,state_209,state_210,state_211,state_212,state_213,state_214,state_215,state_216,state_217,state_218,state_219,state_220,state_221,state_222,state_223,state_224,state_225,state_226,state_227,state_228,state_229,state_230,state_231,state_232,state_233,state_234,state_235,state_236,state_237,state_238,state_239,state_240,state_241,state_242,state_243,state_244,state_245,state_246,state_247,state_248,state_249,state_250,state_251,state_252,state_253,state_254,state_255,state_256,state_257,state_258,state_259,state_260,state_261,state_262,state_263,state_264,state_265,state_266,state_267,state_268,state_269,state_270,state_271,state_272,state_273,state_274,state_275,state_276,state_277,state_278,state_279,state_280,state_281,state_282,state_283,state_284,state_285,state_286,state_287
{'img': array([[[ 0.        ,  0.43047927,  0.23799312, ..., -0.72910865,
         -0.775982  , -0.99507015],
        [-0.43047927,  0.        , -0.20329754, ..., -0.95271294,
         -0.97192869, -0.94084294],
        [-0.23799312,  0.20329754,  0.        , ..., -0.87104106,
         -0.90380095, -0.99008126],
        ...,
        [ 0.72910865,  0.95271294,  0.87104106, ...,  0.        ,
         -0.07119154, -0.6087157 ],
        [ 0.775982  ,  0.97192869,  0.90380095, ...,  0.07119154,
          0.        , -0.55068864],
        [ 0.99507015,  0.94084294,  0.99008126, ...,  0.6087157 ,
          0.55068864,  0.        ]],

       [[ 0.        ,  0.58016185,  0.3242615 , ...,  0.28632273,
          0.26752404,  0.35878641],
        [-0.58016185,  0.        , -0.28470285, ..., -0.32266213,
         -0.34111698, -0.24930252],
        [-0.3242615 ,  0.28470285,  0.        , ..., -0.03983373,
         -0.05937351,  0.03672821],
        ...,
        [-0.28632273,  0.32266213,  0.03983373, ...,  0.        ,
         -0.01956293,  0.07650591],
        [-0.26752404,  0.34111698,  0.05937351, ...,  0.01956293,
          0.        ,  0.09599686],
        [-0.35878641,  0.24930252, -0.03672821, ..., -0.07650591,
         -0.09599686,  0.        ]],

       [[ 0.        ,  0.13662333,  0.18580034, ..., -0.41972761,
         -0.63776527, -0.96361728],
        [-0.13662333,  0.        ,  0.04981372, ..., -0.53979804,
         -0.73701649, -0.991099  ],
        [-0.18580034, -0.04981372,  0.        , ..., -0.58106081,
         -0.76976934, -0.99650012],
        ...,
        [ 0.41972761,  0.53979804,  0.58106081, ...,  0.        ,
         -0.2555806 , -0.76244008],
        [ 0.63776527,  0.73701649,  0.76976934, ...,  0.2555806 ,
          0.        , -0.57174205],
        [ 0.96361728,  0.991099  ,  0.99650012, ...,  0.76244008,
          0.57174205,  0.        ]],

       ...,

       [[ 0.        ,  0.54389782,  0.31824087, ..., -0.84956154,
         -0.8672797 , -0.96845073],
        [-0.54389782,  0.        , -0.24856823, ..., -0.9998112 ,
         -0.99854287, -0.94821895],
        [-0.31824087,  0.24856823,  0.        , ..., -0.97326146,
         -0.98061678, -0.99740812],
        ...,
        [ 0.84956154,  0.9998112 ,  0.97326146, ...,  0.        ,
         -0.03455123, -0.29913253],
        [ 0.8672797 ,  0.99854287,  0.98061678, ...,  0.03455123,
          0.        , -0.26598474],
        [ 0.96845073,  0.94821895,  0.99740812, ...,  0.29913253,
          0.26598474,  0.        ]],

       [[ 0.        , -0.24508722, -0.54125448, ...,  0.33477097,
          0.24479803,  0.37384656],
        [ 0.24508722,  0.        , -0.31866302, ...,  0.55550637,
          0.47496216,  0.58976071],
        [ 0.54125448,  0.31866302,  0.        , ...,  0.79151897,
          0.73062691,  0.81636061],
        ...,
        [-0.33477097, -0.55550637, -0.79151897, ...,  0.        ,
         -0.09391219,  0.04177853],
        [-0.24479803, -0.47496216, -0.73062691, ...,  0.09391219,
          0.        ,  0.13542408],
        [-0.37384656, -0.58976071, -0.81636061, ..., -0.04177853,
         -0.13542408,  0.        ]],

       [[ 0.        ,  0.06249349,  0.15079243, ..., -0.07984933,
         -0.35914629, -0.90654933],
        [-0.06249349,  0.        ,  0.08871878, ..., -0.1419872 ,
         -0.4167683 , -0.93115586],
        [-0.15079243, -0.08871878,  0.        , ..., -0.22924723,
         -0.49577136, -0.95983281],
        ...,
        [ 0.07984933,  0.1419872 ,  0.22924723, ...,  0.        ,
         -0.28347763, -0.86995028],
        [ 0.35914629,  0.4167683 ,  0.49577136, ...,  0.28347763,
          0.        , -0.69446992],
        [ 0.90654933,  0.93115586,  0.95983281, ...,  0.86995028,
          0.69446992,  0.        ]]]), 'num': array([ 7.06958538e-01,  7.06958538e-01,  0.00000000e+00,  0.00000000e+00,
        1.93483389e-03,  2.00180891e-03,  1.93235334e-03,  1.95687116e-02,
       -3.22472316e-05,  2.01073892e-03,  2.24663982e-03,  2.32924234e-03,
        4.13426046e-07,  2.57860869e-03,  1.91467095e-03])}
{'img': array([[[ 0.        , -0.19512087,  0.0340388 , ..., -0.93791701,
         -0.99728169, -0.92801251],
        [ 0.19512087,  0.        ,  0.22839235, ..., -0.85220993,
         -0.96373597, -0.98286746],
        [-0.0340388 , -0.22839235,  0.        , ..., -0.94918019,
         -0.99921187, -0.91479362],
        ...,
        [ 0.93791701,  0.85220993,  0.94918019, ...,  0.        ,
         -0.27680797, -0.67131024],
        [ 0.99728169,  0.96373597,  0.99921187, ...,  0.27680797,
          0.        , -0.43991541],
        [ 0.92801251,  0.98286746,  0.91479362, ...,  0.67131024,
          0.43991541,  0.        ]],

       [[ 0.        , -0.28470285, -0.2255429 , ..., -0.34111698,
         -0.24930252, -0.49830662],
        [ 0.28470285,  0.        ,  0.06115799, ..., -0.05937351,
          0.03672821, -0.23084698],
        [ 0.2255429 , -0.06115799,  0.        , ..., -0.12031246,
         -0.02445727, -0.28992098],
        ...,
        [ 0.34111698,  0.05937351,  0.12031246, ...,  0.        ,
          0.09599686, -0.1726699 ],
        [ 0.24930252, -0.03672821,  0.02445727, ..., -0.09599686,
          0.        , -0.26642741],
        [ 0.49830662,  0.23084698,  0.28992098, ...,  0.1726699 ,
          0.26642741,  0.        ]],

       [[ 0.        ,  0.04607477,  0.19122319, ..., -0.65314644,
         -0.83120708, -0.99855481],
        [-0.04607477,  0.        ,  0.14579558, ..., -0.68734207,
         -0.8559402 , -0.99997053],
        [-0.19122319, -0.14579558,  0.        , ..., -0.78589391,
         -0.92218148, -0.99040493],
        ...,
        [ 0.65314644,  0.68734207,  0.78589391, ...,  0.        ,
         -0.26629107, -0.72103536],
        [ 0.83120708,  0.8559402 ,  0.92218148, ...,  0.26629107,
          0.        , -0.51048807],
        [ 0.99855481,  0.99997053,  0.99040493, ...,  0.72103536,
          0.51048807,  0.        ]],

       ...,

       [[ 0.        , -0.24856823,  0.00902302, ..., -0.99854287,
         -0.94821895, -0.99475301],
        [ 0.24856823,  0.        ,  0.25729794, ..., -0.98061678,
         -0.99740812, -0.98896202],
        [-0.00902302, -0.25729794,  0.        , ..., -0.9980153 ,
         -0.94531448, -0.99378941],
        ...,
        [ 0.99854287,  0.98061678,  0.9980153 , ...,  0.        ,
         -0.26598474, -0.04847557],
        [ 0.94821895,  0.99740812,  0.94531448, ...,  0.26598474,
          0.        ,  0.2189427 ],
        [ 0.99475301,  0.98896202,  0.99378941, ...,  0.04847557,
         -0.2189427 ,  0.        ]],

       [[ 0.        , -0.31866302, -0.61507321, ...,  0.47496216,
          0.58976071,  0.59861096],
        [ 0.31866302,  0.        , -0.33175203, ...,  0.73062691,
          0.81636061,  0.82266601],
        [ 0.61507321,  0.33175203,  0.        , ...,  0.91576167,
          0.96172825,  0.96468497],
        ...,
        [-0.47496216, -0.73062691, -0.91576167, ...,  0.        ,
          0.13542408,  0.14631773],
        [-0.58976071, -0.81636061, -0.96172825, ..., -0.13542408,
          0.        ,  0.01100322],
        [-0.59861096, -0.82266601, -0.96468497, ..., -0.14631773,
         -0.01100322,  0.        ]],

       [[ 0.        ,  0.07504595,  0.1892778 , ..., -0.33100264,
         -0.6155402 , -0.97928602],
        [-0.07504595,  0.        ,  0.11505467, ..., -0.40088483,
         -0.67294855, -0.99171995],
        [-0.1892778 , -0.11505467,  0.        , ..., -0.50362748,
         -0.75358431, -0.99990935],
        ...,
        [ 0.33100264,  0.40088483,  0.50362748, ...,  0.        ,
         -0.3199771 , -0.85706148],
        [ 0.6155402 ,  0.67294855,  0.75358431, ...,  0.3199771 ,
          0.        , -0.64714499],
        [ 0.97928602,  0.99171995,  0.99990935, ...,  0.85706148,
          0.64714499,  0.        ]]]), 'num': array([ 9.99487459e-01,  9.03525454e-04,  1.27046302e-05, -4.93651673e-10,
        2.73584639e-03,  2.78109576e-03,  2.68711630e-03,  3.08821714e-02,
        2.08843236e-05,  2.77761504e-03,  3.11350458e-03,  3.25859262e-03,
        6.65015725e-07,  3.58176436e-03,  2.64524480e-03])}
{'img': array([[[ 0.        ,  0.22839235, -0.08706625, ..., -0.96373597,
         -0.98286746, -0.99249055],
        [-0.22839235,  0.        , -0.31229005, ..., -0.99921187,
         -0.91479362, -0.99419546],
        [ 0.08706625,  0.31229005,  0.        , ..., -0.93684192,
         -0.99518255, -0.97807154],
        ...,
        [ 0.96373597,  0.99921187,  0.93684192, ...,  0.        ,
         -0.43991541, -0.14696819],
        [ 0.98286746,  0.91479362,  0.99518255, ...,  0.43991541,
          0.        ,  0.30315526],
        [ 0.99249055,  0.99419546,  0.97807154, ...,  0.14696819,
         -0.30315526,  0.        ]],

       [[ 0.        ,  0.06115799,  0.40105444, ...,  0.03672821,
         -0.23084698, -0.13088721],
        [-0.06115799,  0.        ,  0.34427967, ..., -0.02445727,
         -0.28992098, -0.19127406],
        [-0.40105444, -0.34427967,  0.        , ..., -0.36713881,
         -0.60169034, -0.51750406],
        ...,
        [-0.03672821,  0.02445727,  0.36713881, ...,  0.        ,
         -0.26642741, -0.16721114],
        [ 0.23084698,  0.28992098,  0.60169034, ...,  0.26642741,
          0.        ,  0.10150911],
        [ 0.13088721,  0.19127406,  0.51750406, ...,  0.16721114,
         -0.10150911,  0.        ]],

       [[ 0.        ,  0.13820551,  0.17656647, ..., -0.78561567,
         -0.90795664, -0.99876052],
        [-0.13820551,  0.        ,  0.03883794, ..., -0.86358636,
         -0.95716047, -0.98229698],
        [-0.17656647, -0.03883794,  0.        , ..., -0.88251693,
         -0.96768415, -0.97428033],
        ...,
        [ 0.78561567,  0.86358636,  0.88251693, ...,  0.        ,
         -0.23254288, -0.65705097],
        [ 0.90795664,  0.95716047,  0.96768415, ...,  0.23254288,
          0.        , -0.46373711],
        [ 0.99876052,  0.98229698,  0.97428033, ...,  0.65705097,
          0.46373711,  0.        ]],

       ...,

       [[ 0.        ,  0.25729794,  0.19647927, ..., -0.99740812,
         -0.98896202, -0.92288258],
        [-0.25729794,  0.        , -0.06241845, ..., -0.94531448,
         -0.99378941, -0.99089175],
        [-0.19647927,  0.06241845,  0.        , ..., -0.9638296 ,
         -0.99879734, -0.98055426],
        ...,
        [ 0.99740812,  0.94531448,  0.9638296 , ...,  0.        ,
          0.2189427 ,  0.45048636],
        [ 0.98896202,  0.99378941,  0.99879734, ..., -0.2189427 ,
          0.        ,  0.24408814],
        [ 0.92288258,  0.99089175,  0.98055426, ..., -0.45048636,
         -0.24408814,  0.        ]],

       [[ 0.        , -0.33175203, -0.66873889, ...,  0.81636061,
          0.82266601,  0.58159577],
        [ 0.33175203,  0.        , -0.3842092 , ...,  0.96172825,
          0.96468497,  0.818531  ],
        [ 0.66873889,  0.3842092 ,  0.        , ...,  0.99318708,
          0.99184474,  0.97641925],
        ...,
        [-0.81636061, -0.96172825, -0.99318708, ...,  0.        ,
          0.01100322, -0.32819506],
        [-0.82266601, -0.96468497, -0.99184474, ..., -0.01100322,
          0.        , -0.33856894],
        [-0.58159577, -0.818531  , -0.97641925, ...,  0.32819506,
          0.33856894,  0.        ]],

       [[ 0.        ,  0.10712462,  0.20223418, ..., -0.60321048,
         -0.83873802, -0.99859067],
        [-0.10712462,  0.        ,  0.09615932, ..., -0.68518004,
         -0.89224471, -0.99852974],
        [-0.20223418, -0.09615932,  0.        , ..., -0.75204481,
         -0.93153096, -0.98869004],
        ...,
        [ 0.60321048,  0.68518004,  0.75204481, ...,  0.        ,
         -0.34049307, -0.76444414],
        [ 0.83873802,  0.89224471,  0.93153096, ...,  0.34049307,
          0.        , -0.49925386],
        [ 0.99859067,  0.99852974,  0.98869004, ...,  0.76444414,
          0.49925386,  0.        ]]]), 'num': array([8.13201869e-01, 5.81544479e-01, 2.87059963e-06, 1.78747410e-08,
       2.27115088e-03, 2.27959382e-03, 2.24582206e-03, 2.15052097e-02,
       5.91005806e-05, 2.23963057e-03, 2.49348164e-03, 2.62889702e-03,
       3.36223278e-07, 2.87084318e-03, 2.11612010e-03])}
{'img': array([[[ 0.        , -0.31229005, -0.36408389, ..., -0.91479362,
         -0.99419546, -0.96963544],
        [ 0.31229005,  0.        , -0.05501851, ..., -0.99518255,
         -0.97807154, -0.84476879],
        [ 0.36408389,  0.05501851,  0.        , ..., -0.99906916,
         -0.96513142, -0.81404711],
        ...,
        [ 0.91479362,  0.99518255,  0.99906916, ...,  0.        ,
          0.30315526,  0.61537397],
        [ 0.99419546,  0.97807154,  0.96513142, ..., -0.30315526,
          0.        ,  0.34745751],
        [ 0.96963544,  0.84476879,  0.81404711, ..., -0.61537397,
         -0.34745751,  0.        ]],

       [[ 0.        ,  0.34427967, -0.37166674, ..., -0.28992098,
         -0.19127406, -0.31548473],
        [-0.34427967,  0.        , -0.6685633 , ..., -0.60169034,
         -0.51750406, -0.62289578],
        [ 0.37166674,  0.6685633 ,  0.        , ...,  0.08655103,
          0.18723215,  0.05980059],
        ...,
        [ 0.28992098,  0.60169034, -0.08655103, ...,  0.        ,
          0.10150911, -0.02681995],
        [ 0.19127406,  0.51750406, -0.18723215, ..., -0.10150911,
          0.        , -0.12815401],
        [ 0.31548473,  0.62289578, -0.05980059, ...,  0.02681995,
          0.12815401,  0.        ]],

       [[ 0.        ,  0.03852149,  0.05881899, ..., -0.94788309,
         -0.99999739, -0.98073548],
        [-0.03852149,  0.        ,  0.02032053, ..., -0.9594532 ,
         -0.99934315, -0.97248275],
        [-0.05881899, -0.02032053,  0.        , ..., -0.96498279,
         -0.99840041, -0.96754777],
        ...,
        [ 0.94788309,  0.9594532 ,  0.96498279, ...,  0.        ,
         -0.31645241, -0.49764027],
        [ 0.99999739,  0.99934315,  0.99840041, ...,  0.31645241,
          0.        , -0.19758014],
        [ 0.98073548,  0.97248275,  0.96754777, ...,  0.49764027,
          0.19758014,  0.        ]],

       ...,

       [[ 0.        , -0.05937923, -0.14683168, ..., -0.98432901,
         -0.95213524, -0.92937315],
        [ 0.05937923,  0.        , -0.08783695, ..., -0.97212112,
         -0.93230432, -0.94965261],
        [ 0.14683168,  0.08783695,  0.        , ..., -0.9477678 ,
         -0.89693243, -0.97350182],
        ...,
        [ 0.98432901,  0.97212112,  0.9477678 , ...,  0.        ,
          0.13298567, -0.52724408],
        [ 0.95213524,  0.93230432,  0.89693243, ..., -0.13298567,
          0.        , -0.63556085],
        [ 0.92937315,  0.94965261,  0.97350182, ...,  0.52724408,
          0.63556085,  0.        ]],

       [[ 0.        , -0.3842092 , -0.49275762, ...,  0.96468497,
          0.818531  ,  0.66958046],
        [ 0.3842092 ,  0.        , -0.12061052, ...,  0.99184474,
          0.97641925,  0.90355488],
        [ 0.49275762,  0.12061052,  0.        , ...,  0.96923214,
          0.99532905,  0.94863712],
        ...,
        [-0.96468497, -0.99184474, -0.96923214, ...,  0.        ,
         -0.33856894, -0.54013791],
        [-0.818531  , -0.97641925, -0.99532905, ...,  0.33856894,
          0.        , -0.22330656],
        [-0.66958046, -0.90355488, -0.94863712, ...,  0.54013791,
          0.22330656,  0.        ]],

       [[ 0.        ,  0.09245137,  0.09943785, ..., -0.84100373,
         -0.94805507, -0.99546664],
        [-0.09245137,  0.        ,  0.00701881, ..., -0.88742079,
         -0.9734041 , -0.98241007],
        [-0.09943785, -0.00701881,  0.        , ..., -0.89063432,
         -0.9749881 , -0.98107521],
        ...,
        [ 0.84100373,  0.88742079,  0.89063432, ...,  0.        ,
         -0.24539706, -0.61856566],
        [ 0.94805507,  0.9734041 ,  0.9749881 , ...,  0.24539706,
          0.        , -0.40683497],
        [ 0.99546664,  0.98241007,  0.98107521, ...,  0.61856566,
          0.40683497,  0.        ]]]), 'num': array([ 9.85021469e-01,  1.70535651e-01,  1.02839118e-05,  4.77449545e-08,
        2.74237649e-03,  2.85317958e-03,  2.72160091e-03,  2.41085710e-02,
       -5.19389487e-05,  2.74099145e-03,  3.03652407e-03,  3.22483161e-03,
        4.62822315e-07,  3.49985248e-03,  2.57319565e-03])}
{'img': array([[[ 0.        , -0.05501851, -0.12532101, ..., -0.97807154,
         -0.84476879, -0.9430408 ],
        [ 0.05501851,  0.        , -0.07054643, ..., -0.96513142,
         -0.81404711, -0.92330901],
        [ 0.12532101,  0.07054643,  0.        , ..., -0.94426015,
         -0.77104563, -0.89391467],
        ...,
        [ 0.97807154,  0.96513142,  0.94426015, ...,  0.        ,
          0.34745751,  0.12897561],
        [ 0.84476879,  0.81404711,  0.77104563, ..., -0.34745751,
          0.        , -0.22361559],
        [ 0.9430408 ,  0.92330901,  0.89391467, ..., -0.12897561,
          0.22361559,  0.        ]],

       [[ 0.        , -0.6685633 , -0.71694732, ..., -0.51750406,
         -0.62289578, -0.6811161 ],
        [ 0.6685633 ,  0.        , -0.06708786, ...,  0.18723215,
          0.05980059, -0.01700994],
        [ 0.71694732,  0.06708786,  0.        , ...,  0.25271179,
          0.12663366,  0.05010654],
        ...,
        [ 0.51750406, -0.18723215, -0.25271179, ...,  0.        ,
         -0.12815401, -0.20391419],
        [ 0.62289578, -0.05980059, -0.12663366, ...,  0.12815401,
          0.        , -0.07677144],
        [ 0.6811161 ,  0.01700994, -0.05010654, ...,  0.20391419,
          0.07677144,  0.        ]],

       [[ 0.        ,  0.02001972, -0.07195203, ..., -0.99618394,
         -0.99973733, -0.96897938],
        [-0.02001972,  0.        , -0.09190544, ..., -0.99773159,
         -0.9999958 , -0.96383747],
        [ 0.07195203,  0.09190544,  0.        , ..., -0.98732205,
         -0.99549706, -0.98425021],
        ...,
        [ 0.99618394,  0.99773159,  0.98732205, ...,  0.        ,
         -0.06442441, -0.33076965],
        [ 0.99973733,  0.9999958 ,  0.99549706, ...,  0.06442441,
          0.        , -0.26928445],
        [ 0.96897938,  0.96383747,  0.98425021, ...,  0.33076965,
          0.26928445,  0.        ]],

       ...,

       [[ 0.        , -0.08783695,  0.10780089, ..., -0.93230432,
         -0.94965261, -0.99985771],
        [ 0.08783695,  0.        ,  0.19470931, ..., -0.89693243,
         -0.97350182, -0.99747483],
        [-0.10780089, -0.19470931,  0.        , ..., -0.96586019,
         -0.91034398, -0.99221257],
        ...,
        [ 0.93230432,  0.89693243,  0.96586019, ...,  0.        ,
         -0.63556085, -0.37735018],
        [ 0.94965261,  0.97350182,  0.91034398, ...,  0.63556085,
          0.        ,  0.29724074],
        [ 0.99985771,  0.99747483,  0.99221257, ...,  0.37735018,
         -0.29724074,  0.        ]],

       [[ 0.        , -0.12061052, -0.29503714, ...,  0.97641925,
          0.90355488,  0.79498579],
        [ 0.12061052,  0.        , -0.1776417 , ...,  0.99532905,
          0.94863712,  0.86234804],
        [ 0.29503714,  0.1776417 ,  0.        , ...,  0.9966482 ,
          0.98974911,  0.93857543],
        ...,
        [-0.97641925, -0.99532905, -0.9966482 , ...,  0.        ,
         -0.22330656, -0.42069941],
        [-0.90355488, -0.94863712, -0.98974911, ...,  0.22330656,
          0.        , -0.20749229],
        [-0.79498579, -0.86234804, -0.93857543, ...,  0.42069941,
          0.20749229,  0.        ]],

       [[ 0.        ,  0.00675656,  0.01471609, ..., -0.93194836,
         -0.97963149, -0.9747469 ],
        [-0.00675656,  0.        ,  0.00795992, ..., -0.93437696,
         -0.98096587, -0.97321582],
        [-0.01471609, -0.00795992,  0.        , ..., -0.93718337,
         -0.98248045, -0.97135506],
        ...,
        [ 0.93194836,  0.93437696,  0.93718337, ...,  0.        ,
         -0.16806685, -0.56155021],
        [ 0.97963149,  0.98096587,  0.98248045, ...,  0.16806685,
          0.        , -0.41449682],
        [ 0.9747469 ,  0.97321582,  0.97135506, ...,  0.56155021,
          0.41449682,  0.        ]]]), 'num': array([ 9.91152592e-01,  1.30955804e-01,  1.06724167e-05, -6.34276410e-09,
        2.76590607e-03,  2.79335923e-03,  2.72472633e-03,  1.99895738e-02,
        4.80430335e-05,  2.72541266e-03,  2.98089865e-03,  3.18948548e-03,
        7.17844159e-07,  3.42607854e-03,  2.53571875e-03])}
{'img': array([[[ 0.00000000e+00, -7.05464265e-02, -1.56955709e-02, ...,
         -8.14047113e-01, -9.23309013e-01, -8.21443791e-01],
        [ 7.05464265e-02,  0.00000000e+00,  5.48812710e-02, ...,
         -7.71045630e-01, -8.93914674e-01, -7.79165276e-01],
        [ 1.56955709e-02, -5.48812710e-02,  0.00000000e+00, ...,
         -8.04830867e-01, -9.17167270e-01, -8.12391584e-01],
        ...,
        [ 8.14047113e-01,  7.71045630e-01,  8.04830867e-01, ...,
          0.00000000e+00, -2.23615588e-01, -1.28510940e-02],
        [ 9.23309013e-01,  8.93914674e-01,  9.17167270e-01, ...,
          2.23615588e-01,  0.00000000e+00,  2.11071451e-01],
        [ 8.21443791e-01,  7.79165276e-01,  8.12391584e-01, ...,
          1.28510940e-02, -2.11071451e-01,  0.00000000e+00]],

       [[ 0.00000000e+00, -6.70878582e-02, -4.00981893e-02, ...,
          5.98005936e-02, -1.70099358e-02, -1.59953239e-01],
        [ 6.70878582e-02,  0.00000000e+00,  2.70260515e-02, ...,
          1.26633661e-01,  5.01065383e-02, -9.33688013e-02],
        [ 4.00981893e-02, -2.70260515e-02,  0.00000000e+00, ...,
          9.97789260e-02,  2.30961324e-02, -1.20242687e-01],
        ...,
        [-5.98005936e-02, -1.26633661e-01, -9.97789260e-02, ...,
          0.00000000e+00, -7.67714356e-02, -2.18697614e-01],
        [ 1.70099358e-02, -5.01065383e-02, -2.30961324e-02, ...,
          7.67714356e-02,  0.00000000e+00, -1.43139171e-01],
        [ 1.59953239e-01,  9.33688013e-02,  1.20242687e-01, ...,
          2.18697614e-01,  1.43139171e-01,  0.00000000e+00]],

       [[ 0.00000000e+00, -9.19054371e-02, -1.27325502e-01, ...,
         -9.99995796e-01, -9.63837472e-01, -9.98461121e-01],
        [ 9.19054371e-02,  0.00000000e+00, -3.56292095e-02, ...,
         -9.95497058e-01, -9.84250211e-01, -9.99332099e-01],
        [ 1.27325502e-01,  3.56292095e-02,  0.00000000e+00, ...,
         -9.91487615e-01, -9.89923856e-01, -9.97395620e-01],
        ...,
        [ 9.99995796e-01,  9.95497058e-01,  9.91487615e-01, ...,
          0.00000000e+00, -2.69284450e-01, -5.83511597e-02],
        [ 9.63837472e-01,  9.84250211e-01,  9.89923856e-01, ...,
          2.69284450e-01,  0.00000000e+00,  2.12629914e-01],
        [ 9.98461121e-01,  9.99332099e-01,  9.97395620e-01, ...,
          5.83511597e-02, -2.12629914e-01,  0.00000000e+00]],

       ...,

       [[ 0.00000000e+00,  1.94709308e-01,  1.70629984e-01, ...,
         -9.73501819e-01, -9.97474831e-01, -8.55434681e-01],
        [-1.94709308e-01,  0.00000000e+00, -2.44896343e-02, ...,
         -9.10343978e-01, -9.92212573e-01, -9.39904546e-01],
        [-1.70629984e-01,  2.44896343e-02,  0.00000000e+00, ...,
         -9.20206046e-01, -9.94965325e-01, -9.31260979e-01],
        ...,
        [ 9.73501819e-01,  9.10343978e-01,  9.20206046e-01, ...,
          0.00000000e+00,  2.97240744e-01,  6.99807198e-01],
        [ 9.97474831e-01,  9.92212573e-01,  9.94965325e-01, ...,
         -2.97240744e-01,  0.00000000e+00,  4.55849199e-01],
        [ 8.55434681e-01,  9.39904546e-01,  9.31260979e-01, ...,
         -6.99807198e-01, -4.55849199e-01,  0.00000000e+00]],

       [[ 0.00000000e+00, -1.77641703e-01, -2.50882673e-01, ...,
          9.48637121e-01,  8.62348044e-01,  7.02786212e-01],
        [ 1.77641703e-01,  0.00000000e+00, -7.49321650e-02, ...,
          9.89749109e-01,  9.38575427e-01,  8.17983065e-01],
        [ 2.50882673e-01,  7.49321650e-02,  0.00000000e+00, ...,
          9.97668150e-01,  9.61793901e-01,  8.58787566e-01],
        ...,
        [-9.48637121e-01, -9.89749109e-01, -9.97668150e-01, ...,
          0.00000000e+00, -2.07492287e-01, -4.52523655e-01],
        [-8.62348044e-01, -9.38575427e-01, -9.61793901e-01, ...,
          2.07492287e-01,  0.00000000e+00, -2.57643481e-01],
        [-7.02786212e-01, -8.17983065e-01, -8.58787566e-01, ...,
          4.52523655e-01,  2.57643481e-01,  0.00000000e+00]],

       [[ 0.00000000e+00,  7.82397135e-03,  6.93764010e-03, ...,
         -9.64405075e-01, -9.99064240e-01, -9.69220453e-01],
        [-7.82397135e-03,  0.00000000e+00, -8.86355307e-04, ...,
         -9.66444444e-01, -9.99372055e-01, -9.67264569e-01],
        [-6.93764010e-03,  8.86355307e-04,  0.00000000e+00, ...,
         -9.66216381e-01, -9.99340256e-01, -9.67489120e-01],
        ...,
        [ 9.64405075e-01,  9.66444444e-01,  9.66216381e-01, ...,
          0.00000000e+00, -2.22470413e-01, -4.93721468e-01],
        [ 9.99064240e-01,  9.99372055e-01,  9.99340256e-01, ...,
          2.22470413e-01,  0.00000000e+00, -2.87883791e-01],
        [ 9.69220453e-01,  9.67264569e-01,  9.67489120e-01, ...,
          4.93721468e-01,  2.87883791e-01,  0.00000000e+00]]]), 'num': array([9.47842232e-01, 3.17883874e-01, 7.71062862e-06, 4.25720992e-08,
       2.65805215e-03, 2.67757272e-03, 2.59298355e-03, 2.20046700e-02,
       3.57877278e-05, 2.60794933e-03, 2.80152840e-03, 3.01864061e-03,
       8.76571759e-07, 3.20212008e-03, 2.40093672e-03])}
{'img': array([[[ 0.00000000e+00,  5.48812710e-02, -1.56955709e-02, ...,
         -8.93914674e-01, -7.79165276e-01, -6.90199981e-01],
        [-5.48812710e-02,  0.00000000e+00, -7.05464265e-02, ...,
         -9.17167270e-01, -8.12391584e-01, -7.28872884e-01],
        [ 1.56955709e-02,  7.05464265e-02,  0.00000000e+00, ...,
         -8.86769221e-01, -7.69231021e-01, -6.78757352e-01],
        ...,
        [ 8.93914674e-01,  9.17167270e-01,  8.86769221e-01, ...,
          0.00000000e+00,  2.11071451e-01,  3.37480070e-01],
        [ 7.79165276e-01,  8.12391584e-01,  7.69231021e-01, ...,
         -2.11071451e-01,  0.00000000e+00,  1.31188405e-01],
        [ 6.90199981e-01,  7.28872884e-01,  6.78757352e-01, ...,
         -3.37480070e-01, -1.31188405e-01,  0.00000000e+00]],

       [[ 0.00000000e+00,  2.70260515e-02,  4.97643126e-03, ...,
          5.01065383e-02, -9.33688013e-02,  2.65237427e-02],
        [-2.70260515e-02,  0.00000000e+00, -2.20511033e-02, ...,
          2.30961324e-02, -1.20242687e-01, -5.02488899e-04],
        [-4.97643126e-03,  2.20511033e-02,  0.00000000e+00, ...,
          4.51357376e-02, -9.83223373e-02,  2.15487338e-02],
        ...,
        [-5.01065383e-02, -2.30961324e-02, -4.51357376e-02, ...,
          0.00000000e+00, -1.43139171e-01, -2.35984844e-02],
        [ 9.33688013e-02,  1.20242687e-01,  9.83223373e-02, ...,
          1.43139171e-01,  0.00000000e+00,  1.19743829e-01],
        [-2.65237427e-02,  5.02488899e-04, -2.15487338e-02, ...,
          2.35984844e-02, -1.19743829e-01,  0.00000000e+00]],

       [[ 0.00000000e+00, -3.56292095e-02, -1.35944097e-01, ...,
         -9.84250211e-01, -9.99332099e-01, -9.70179142e-01],
        [ 3.56292095e-02,  0.00000000e+00, -1.00559338e-01, ...,
         -9.89923856e-01, -9.97395620e-01, -9.60927025e-01],
        [ 1.35944097e-01,  1.00559338e-01,  0.00000000e+00, ...,
         -9.99145267e-01, -9.85087069e-01, -9.28221138e-01],
        ...,
        [ 9.84250211e-01,  9.89923856e-01,  9.99145267e-01, ...,
          0.00000000e+00,  2.12629914e-01,  4.10080676e-01],
        [ 9.99332099e-01,  9.97395620e-01,  9.85087069e-01, ...,
         -2.12629914e-01,  0.00000000e+00,  2.06774328e-01],
        [ 9.70179142e-01,  9.60927025e-01,  9.28221138e-01, ...,
         -4.10080676e-01, -2.06774328e-01,  0.00000000e+00]],

       ...,

       [[ 0.00000000e+00, -2.44896343e-02, -1.34032732e-01, ...,
         -9.92212573e-01, -9.39904546e-01, -8.28518971e-01],
        [ 2.44896343e-02,  0.00000000e+00, -1.09723871e-01, ...,
         -9.94965325e-01, -9.31260979e-01, -8.14557245e-01],
        [ 1.34032732e-01,  1.09723871e-01,  0.00000000e+00, ...,
         -9.99954333e-01, -8.85659922e-01, -7.45990064e-01],
        ...,
        [ 9.92212573e-01,  9.94965325e-01,  9.99954333e-01, ...,
          0.00000000e+00,  4.55849199e-01,  6.58797388e-01],
        [ 9.39904546e-01,  9.31260979e-01,  8.85659922e-01, ...,
         -4.55849199e-01,  0.00000000e+00,  2.43422586e-01],
        [ 8.28518971e-01,  8.14557245e-01,  7.45990064e-01, ...,
         -6.58797388e-01, -2.43422586e-01,  0.00000000e+00]],

       [[ 0.00000000e+00, -7.49321650e-02, -2.98843016e-01, ...,
          9.38575427e-01,  8.17983065e-01,  6.13480878e-01],
        [ 7.49321650e-02,  0.00000000e+00, -2.26494922e-01, ...,
          9.61793901e-01,  8.58787566e-01,  6.70930807e-01],
        [ 2.98843016e-01,  2.26494922e-01,  0.00000000e+00, ...,
          9.98807674e-01,  9.52510252e-01,  8.21445395e-01],
        ...,
        [-9.38575427e-01, -9.61793901e-01, -9.98807674e-01, ...,
          0.00000000e+00, -2.57643481e-01, -5.29505611e-01],
        [-8.17983065e-01, -8.58787566e-01, -9.52510252e-01, ...,
          2.57643481e-01,  0.00000000e+00, -2.93068906e-01],
        [-6.13480878e-01, -6.70930807e-01, -8.21445395e-01, ...,
          5.29505611e-01,  2.93068906e-01,  0.00000000e+00]],

       [[ 0.00000000e+00, -8.82998938e-04,  4.04870676e-03, ...,
         -9.98046808e-01, -9.92532368e-01, -9.66327576e-01],
        [ 8.82998938e-04,  0.00000000e+00,  4.93169688e-03, ...,
         -9.97991257e-01, -9.92639690e-01, -9.66554408e-01],
        [-4.04870676e-03, -4.93169688e-03,  0.00000000e+00, ...,
         -9.98291552e-01, -9.92030365e-01, -9.65277862e-01],
        ...,
        [ 9.98046808e-01,  9.97991257e-01,  9.98291552e-01, ...,
          0.00000000e+00, -1.83747344e-01, -3.17179447e-01],
        [ 9.92532368e-01,  9.92639690e-01,  9.92030365e-01, ...,
          1.83747344e-01,  0.00000000e+00, -1.37519344e-01],
        [ 9.66327576e-01,  9.66554408e-01,  9.65277862e-01, ...,
          3.17179447e-01,  1.37519344e-01,  0.00000000e+00]]]), 'num': array([ 9.76336366e-01,  2.14187186e-01,  9.74615320e-06,  7.70493134e-08,
        2.71227466e-03,  2.77123716e-03,  2.69493275e-03,  2.87088377e-02,
       -1.21393367e-04,  2.77748024e-03,  2.95852978e-03,  3.21102798e-03,
        7.98034778e-07,  3.38012298e-03,  2.53693658e-03])}
{'img': array([[[ 0.00000000e+00, -7.05464265e-02, -1.56888082e-02, ...,
         -8.12391584e-01, -7.28872884e-01, -9.88785882e-01],
        [ 7.05464265e-02,  0.00000000e+00,  5.48880243e-02, ...,
         -7.69231021e-01, -6.78757352e-01, -9.75786905e-01],
        [ 1.56888082e-02, -5.48880243e-02,  0.00000000e+00, ...,
         -8.03143261e-01, -7.18041849e-01, -9.86321216e-01],
        ...,
        [ 8.12391584e-01,  7.69231021e-01,  8.03143261e-01, ...,
          0.00000000e+00,  1.31188405e-01, -4.55250498e-01],
        [ 7.28872884e-01,  6.78757352e-01,  7.18041849e-01, ...,
         -1.31188405e-01,  0.00000000e+00, -5.68121329e-01],
        [ 9.88785882e-01,  9.75786905e-01,  9.86321216e-01, ...,
          4.55250498e-01,  5.68121329e-01,  0.00000000e+00]],

       [[ 0.00000000e+00, -2.20511033e-02, -9.13493469e-02, ...,
         -1.20242687e-01, -5.02488899e-04,  1.67010332e-01],
        [ 2.20511033e-02,  0.00000000e+00, -6.93682292e-02, ...,
         -9.83223373e-02,  2.15487338e-02,  1.88711122e-01],
        [ 9.13493469e-02,  6.93682292e-02,  0.00000000e+00, ...,
         -2.90533772e-02,  9.08489474e-02,  2.56378405e-01],
        ...,
        [ 1.20242687e-01,  9.83223373e-02,  2.90533772e-02, ...,
          0.00000000e+00,  1.19743829e-01,  2.84352489e-01],
        [ 5.02488899e-04, -2.15487338e-02, -9.08489474e-02, ...,
         -1.19743829e-01,  0.00000000e+00,  1.67505743e-01],
        [-1.67010332e-01, -1.88711122e-01, -2.56378405e-01, ...,
         -2.84352489e-01, -1.67505743e-01,  0.00000000e+00]],

       [[ 0.00000000e+00, -1.00559338e-01, -1.19800335e-01, ...,
         -9.97395620e-01, -9.60927025e-01, -9.65623453e-01],
        [ 1.00559338e-01,  0.00000000e+00, -1.93579645e-02, ...,
         -9.85087069e-01, -9.28221138e-01, -9.34588882e-01],
        [ 1.19800335e-01,  1.93579645e-02,  0.00000000e+00, ...,
         -9.81571816e-01, -9.20845482e-01, -9.27527553e-01],
        ...,
        [ 9.97395620e-01,  9.85087069e-01,  9.81571816e-01, ...,
          0.00000000e+00,  2.06774328e-01,  1.89622566e-01],
        [ 9.60927025e-01,  9.28221138e-01,  9.20845482e-01, ...,
         -2.06774328e-01,  0.00000000e+00, -1.74982650e-02],
        [ 9.65623453e-01,  9.34588882e-01,  9.27527553e-01, ...,
         -1.89622566e-01,  1.74982650e-02,  0.00000000e+00]],

       ...,

       [[ 0.00000000e+00, -1.09723871e-01, -1.09723871e-01, ...,
         -9.31260979e-01, -8.14557245e-01, -8.94288801e-01],
        [ 1.09723871e-01,  0.00000000e+00,  0.00000000e+00, ...,
         -8.85659922e-01, -7.45990064e-01, -8.39788818e-01],
        [ 1.09723871e-01,  0.00000000e+00,  0.00000000e+00, ...,
         -8.85659922e-01, -7.45990064e-01, -8.39788818e-01],
        ...,
        [ 9.31260979e-01,  8.85659922e-01,  8.85659922e-01, ...,
          0.00000000e+00,  2.43422586e-01,  9.08935631e-02],
        [ 8.14557245e-01,  7.45990064e-01,  7.45990064e-01, ...,
         -2.43422586e-01,  0.00000000e+00, -1.54255451e-01],
        [ 8.94288801e-01,  8.39788818e-01,  8.39788818e-01, ...,
         -9.08935631e-02,  1.54255451e-01,  0.00000000e+00]],

       [[ 0.00000000e+00, -2.26494922e-01, -5.26264947e-01, ...,
          8.58787566e-01,  6.70930807e-01,  4.95013700e-01],
        [ 2.26494922e-01,  0.00000000e+00, -3.19995247e-01, ...,
          9.52510252e-01,  8.21445395e-01,  6.78947534e-01],
        [ 5.26264947e-01,  3.19995247e-01,  0.00000000e+00, ...,
          9.99867090e-01,  9.60742282e-01,  8.78184178e-01],
        ...,
        [-8.58787566e-01, -9.52510252e-01, -9.99867090e-01, ...,
          0.00000000e+00, -2.93068906e-01, -4.92576498e-01],
        [-6.70930807e-01, -8.21445395e-01, -9.60742282e-01, ...,
          2.93068906e-01,  0.00000000e+00, -2.15899288e-01],
        [-4.95013700e-01, -6.78947534e-01, -8.78184178e-01, ...,
          4.92576498e-01,  2.15899288e-01,  0.00000000e+00]],

       [[ 0.00000000e+00,  4.80880083e-03,  7.15706451e-03, ...,
         -9.95112770e-01, -9.97303460e-01, -9.60022206e-01],
        [-4.80880083e-03,  0.00000000e+00,  2.34830408e-03, ...,
         -9.95576109e-01, -9.97644837e-01, -9.58665008e-01],
        [-7.15706451e-03, -2.34830408e-03,  0.00000000e+00, ...,
         -9.95794007e-01, -9.97803160e-01, -9.57994185e-01],
        ...,
        [ 9.95112770e-01,  9.95576109e-01,  9.95794007e-01, ...,
          0.00000000e+00, -2.54493202e-02, -3.73353196e-01],
        [ 9.97303460e-01,  9.97644837e-01,  9.97803160e-01, ...,
          2.54493202e-02,  0.00000000e+00, -3.49623210e-01],
        [ 9.60022206e-01,  9.58665008e-01,  9.57994185e-01, ...,
          3.73353196e-01,  3.49623210e-01,  0.00000000e+00]]]), 'num': array([ 9.62963995e-01,  2.68767338e-01,  8.69920623e-06, -4.18019752e-08,
        2.69068472e-03,  2.69742829e-03,  2.62324901e-03,  2.00343731e-02,
        5.39485658e-05,  2.69405650e-03,  2.85253042e-03,  3.11524869e-03,
        9.75665551e-07,  3.24775199e-03,  2.45730884e-03])}
{'img': array([[[ 0.        ,  0.05488802,  0.17985613, ..., -0.67875735,
         -0.97578691, -0.83592611],
        [-0.05488802,  0.        ,  0.12559204, ..., -0.71804185,
         -0.98632122, -0.86479082],
        [-0.17985613, -0.12559204,  0.        , ..., -0.79976843,
         -0.99921342, -0.9210072 ],
        ...,
        [ 0.67875735,  0.71804185,  0.79976843, ...,  0.        ,
         -0.56812133, -0.24134235],
        [ 0.97578691,  0.98632122,  0.99921342, ...,  0.56812133,
          0.        ,  0.35271625],
        [ 0.83592611,  0.86479082,  0.9210072 , ...,  0.24134235,
         -0.35271625,  0.        ]],

       [[ 0.        , -0.06936823,  0.20906839, ...,  0.02154873,
          0.18871112, -0.08252013],
        [ 0.06936823,  0.        ,  0.27640003, ...,  0.09084895,
          0.25637841, -0.01318971],
        [-0.20906839, -0.27640003,  0.        , ..., -0.18794731,
         -0.02077118, -0.28905186],
        ...,
        [-0.02154873, -0.09084895,  0.18794731, ...,  0.        ,
          0.16750574, -0.10397621],
        [-0.18871112, -0.25637841,  0.02077118, ..., -0.16750574,
          0.        , -0.26910496],
        [ 0.08252013,  0.01318971,  0.28905186, ...,  0.10397621,
          0.26910496,  0.        ]],

       [[ 0.        , -0.01935796,  0.00176058, ..., -0.92822114,
         -0.93458888, -0.94878647],
        [ 0.01935796,  0.        ,  0.02111819, ..., -0.92084548,
         -0.92752755, -0.94249315],
        [-0.00176058, -0.02111819,  0.        , ..., -0.92887469,
         -0.93521373, -0.9493412 ],
        ...,
        [ 0.92822114,  0.92084548,  0.92887469, ...,  0.        ,
         -0.01749827, -0.05973415],
        [ 0.93458888,  0.92752755,  0.93521373, ...,  0.01749827,
          0.        , -0.04225799],
        [ 0.94878647,  0.94249315,  0.9493412 , ...,  0.05973415,
          0.04225799,  0.        ]],

       ...,

       [[ 0.        ,  0.        ,  0.14819171, ..., -0.74599006,
         -0.83978882, -0.69552298],
