state_0,state_1,state_2,state_3,state_4,state_5,state_6,state_7,state_8,state_9,state_10,state_11,state_12,state_13,state_14,state_15,state_16,state_17,state_18,state_19,state_20,state_21,state_22,state_23,state_24,state_25,state_26,state_27,state_28,state_29,state_30,state_31,state_32,state_33,state_34,state_35,state_36,state_37,state_38,state_39,state_40,state_41,state_42,state_43,state_44,state_45,state_46,state_47,state_48,state_49,state_50,state_51,state_52,state_53,state_54,state_55,state_56,state_57,state_58,state_59,state_60,state_61,state_62,state_63,state_64,state_65,state_66,state_67,state_68,state_69,state_70,state_71,state_72,state_73,state_74,state_75,state_76,state_77,state_78,state_79,state_80,state_81,state_82,state_83,state_84,state_85,state_86,state_87,state_88,state_89,state_90,state_91,state_92,state_93,state_94,state_95,state_96,state_97,state_98,state_99,state_100,state_101,state_102,state_103,state_104,state_105,state_106,state_107,state_108,state_109,state_110,state_111,state_112,state_113,state_114,state_115,state_116,state_117,state_118,state_119,state_120,state_121,state_122,state_123,state_124,state_125,state_126,state_127,state_128,state_129,state_130,state_131,state_132,state_133,state_134,state_135,state_136,state_137,state_138,state_139,state_140,state_141,state_142,state_143,state_144,state_145,state_146,state_147,state_148,state_149,state_150,state_151,state_152,state_153,state_154,state_155,state_156,state_157,state_158,state_159,state_160,state_161,state_162,state_163,state_164,state_165,state_166,state_167,state_168,state_169,state_170,state_171,state_172,state_173,state_174,state_175,state_176,state_177,state_178,state_179,state_180,state_181,state_182,state_183,state_184,state_185,state_186,state_187,state_188,state_189,state_190,state_191,state_192,state_193,state_194,state_195,state_196,state_197,state_198,state_199,state_200,state_201,state_202,state_203,state_204,state_205,state_206,state_207,state_208,state_209,state_210,state_211,state_212,state_213,state_214,state_215,state_216,state_217,state_218,state_219,state_220,state_221,state_222,state_223,state_224,state_225,state_226,state_227,state_228,state_229,state_230,state_231,state_232,state_233,state_234,state_235,state_236,state_237,state_238,state_239,state_240,state_241,state_242,state_243,state_244,state_245,state_246,state_247,state_248,state_249,state_250,state_251,state_252,state_253,state_254,state_255,state_256,state_257,state_258,state_259,state_260,state_261,state_262,state_263,state_264,state_265,state_266,state_267,state_268,state_269,state_270,state_271,state_272,state_273,state_274,state_275,state_276,state_277,state_278,state_279,state_280,state_281,state_282,state_283,state_284,state_285,state_286,state_287
{'img': array([[[ 0.        ,  0.04243426,  0.86251934, ..., -0.99816654,
         -0.99269785, -0.99492545],
        [-0.04243426,  0.        ,  0.84026968, ..., -0.99469901,
         -0.99692243, -0.9982988 ],
        [-0.86251934, -0.84026968,  0.        , ..., -0.45289027,
         -0.60637251, -0.59023849],
        ...,
        [ 0.99816654,  0.99469901,  0.45289027, ...,  0.        ,
          0.18049166,  0.16065061],
        [ 0.99269785,  0.99692243,  0.60637251, ..., -0.18049166,
          0.        , -0.02013515],
        [ 0.99492545,  0.9982988 ,  0.59023849, ..., -0.16065061,
          0.02013515,  0.        ]],

       [[ 0.        ,  0.23798554, -0.24603124, ..., -0.33432727,
         -0.44223941, -0.14992988],
        [-0.23798554,  0.        , -0.46963276, ..., -0.54901276,
         -0.64298182, -0.3809177 ],
        [ 0.24603124,  0.46963276,  0.        , ..., -0.09217681,
         -0.20798112,  0.09792894],
        ...,
        [ 0.33432727,  0.54901276,  0.09217681, ...,  0.        ,
         -0.11693451,  0.18924578],
        [ 0.44223941,  0.64298182,  0.20798112, ...,  0.11693451,
          0.        ,  0.30276895],
        [ 0.14992988,  0.3809177 , -0.09792894, ..., -0.18924578,
         -0.30276895,  0.        ]],

       [[ 0.        , -0.56303178, -0.64400649, ..., -0.61774072,
         -0.51285044, -0.37939782],
        [ 0.56303178,  0.        , -0.10149908, ..., -0.95328067,
         -0.90718806, -0.83448367],
        [ 0.64400649,  0.10149908,  0.        , ..., -0.97901903,
         -0.94520624, -0.8861034 ],
        ...,
        [ 0.61774072,  0.95328067,  0.97901903, ...,  0.        ,
         -0.12702053, -0.27320295],
        [ 0.51285044,  0.90718806,  0.94520624, ...,  0.12702053,
          0.        , -0.14880182],
        [ 0.37939782,  0.83448367,  0.8861034 , ...,  0.27320295,
          0.14880182,  0.        ]],

       ...,

       [[ 0.        , -0.14005435, -0.06762113, ..., -0.27454354,
         -0.18066153, -0.02016125],
        [ 0.14005435,  0.        ,  0.07277913, ..., -0.13716488,
         -0.04113109,  0.12006335],
        [ 0.06762113, -0.07277913,  0.        , ..., -0.20889237,
         -0.11373956,  0.04749228],
        ...,
        [ 0.27454354,  0.13716488,  0.20889237, ...,  0.        ,
          0.09630647,  0.25510119],
        [ 0.18066153,  0.04113109,  0.11373956, ..., -0.09630647,
          0.        ,  0.16079531],
        [ 0.02016125, -0.12006335, -0.04749228, ..., -0.25510119,
         -0.16079531,  0.        ]],

       [[ 0.        ,  0.02773387,  0.01648827, ..., -0.74449645,
         -0.58742432, -0.21709134],
        [-0.02773387,  0.        , -0.01124818, ..., -0.7256942 ,
         -0.56475392, -0.18993538],
        [-0.01648827,  0.01124818,  0.        , ..., -0.73338724,
         -0.57400085, -0.20096678],
        ...,
        [ 0.74449645,  0.7256942 ,  0.73338724, ...,  0.        ,
         -0.21032542, -0.58180526],
        [ 0.58742432,  0.56475392,  0.57400085, ...,  0.21032542,
          0.        , -0.39772752],
        [ 0.21709134,  0.18993538,  0.20096678, ...,  0.58180526,
          0.39772752,  0.        ]],

       [[ 0.        , -0.43007022, -0.35825014, ..., -0.51803786,
         -0.55884901, -0.58060309],
        [ 0.43007022,  0.        ,  0.07809799, ..., -0.83554608,
         -0.86117042, -0.87432329],
        [ 0.35825014, -0.07809799,  0.        , ..., -0.79008544,
         -0.81884166, -0.83374845],
        ...,
        [ 0.51803786,  0.83554608,  0.79008544, ...,  0.        ,
          0.04842284,  0.07484376],
        [ 0.55884901,  0.86117042,  0.81884166, ..., -0.04842284,
          0.        ,  0.02646893],
        [ 0.58060309,  0.87432329,  0.83374845, ..., -0.07484376,
         -0.02646893,  0.        ]]]), 'num': array([7.06703369e-01, 7.06703369e-01, 0.00000000e+00, 0.00000000e+00,
       1.20083262e-02, 1.20224039e-02, 1.17126933e-02, 2.06405248e-03,
       4.36410447e-04, 1.16676445e-02, 1.17929365e-02, 1.25090250e-02,
       7.58558716e-07, 1.22885135e-02, 1.12973595e-02])}
{'img': array([[[ 0.        ,  0.84026968,  0.02894736, ..., -0.99692243,
         -0.9982988 , -0.85297026],
        [-0.84026968,  0.        , -0.8242232 , ..., -0.60637251,
         -0.59023849, -0.90104051],
        [-0.02894736,  0.8242232 ,  0.        , ..., -0.99877396,
         -0.99956823, -0.86772216],
        ...,
        [ 0.99692243,  0.60637251,  0.99877396, ...,  0.        ,
         -0.02013515,  0.4534851 ],
        [ 0.9982988 ,  0.59023849,  0.99956823, ...,  0.02013515,
          0.        ,  0.4713389 ],
        [ 0.85297026,  0.90104051,  0.86772216, ..., -0.4534851 ,
         -0.4713389 ,  0.        ]],

       [[ 0.        , -0.46963276, -0.21432782, ..., -0.64298182,
         -0.3809177 , -0.10155944],
        [ 0.46963276,  0.        ,  0.26949748, ..., -0.20798112,
          0.09792894,  0.37754156],
        [ 0.21432782, -0.26949748,  0.        , ..., -0.46389038,
         -0.17389644,  0.11402025],
        ...,
        [ 0.64298182,  0.20798112,  0.46389038, ...,  0.        ,
          0.30276895,  0.56187478],
        [ 0.3809177 , -0.09792894,  0.17389644, ..., -0.30276895,
          0.        ,  0.28504539],
        [ 0.10155944, -0.37754156, -0.11402025, ..., -0.56187478,
         -0.28504539,  0.        ]],

       [[ 0.        , -0.36052762, -0.65643112, ..., -0.5347201 ,
         -0.39628244, -0.46929597],
        [ 0.36052762,  0.        , -0.34030819, ..., -0.80341577,
         -0.70064261, -0.75609578],
        [ 0.65643112,  0.34030819,  0.        , ..., -0.95808883,
         -0.90163813, -0.93368584],
        ...,
        [ 0.5347201 ,  0.80341577,  0.95808883, ...,  0.        ,
         -0.1560716 , -0.07561092],
        [ 0.39628244,  0.70064261,  0.90163813, ...,  0.1560716 ,
          0.        ,  0.08094046],
        [ 0.46929597,  0.75609578,  0.93368584, ...,  0.07561092,
         -0.08094046,  0.        ]],

       ...,

       [[ 0.        ,  0.07277913,  0.11458078, ..., -0.04113109,
          0.12006335,  0.35918839],
        [-0.07277913,  0.        ,  0.04197712, ..., -0.11373956,
          0.04749228,  0.29031362],
        [-0.11458078, -0.04197712,  0.        , ..., -0.15534402,
          0.00552067,  0.2498885 ],
        ...,
        [ 0.04113109,  0.11373956,  0.15534402, ...,  0.        ,
          0.16079531,  0.39727064],
        [-0.12006335, -0.04749228, -0.00552067, ..., -0.16079531,
          0.        ,  0.24453917],
        [-0.35918839, -0.29031362, -0.2498885 , ..., -0.39727064,
         -0.24453917,  0.        ]],

       [[ 0.        , -0.01122859,  0.06274377, ..., -0.57786964,
         -0.30339421, -0.18961076],
        [ 0.01122859,  0.        ,  0.07394628, ..., -0.58699719,
         -0.31407442, -0.2006237 ],
        [-0.06274377, -0.07394628,  0.        , ..., -0.52552403,
         -0.24301007, -0.1276316 ],
        ...,
        [ 0.57786964,  0.58699719,  0.52552403, ...,  0.        ,
         -0.30302299, -0.41263985],
        [ 0.30339421,  0.31407442,  0.24301007, ...,  0.30302299,
          0.        , -0.11721696],
        [ 0.18961076,  0.2006237 ,  0.1276316 , ...,  0.41263985,
          0.11721696,  0.        ]],

       [[ 0.        ,  0.25051966, -0.14901521, ..., -0.75563357,
         -0.77302047, -0.77610436],
        [-0.25051966,  0.        , -0.39198593, ..., -0.56744854,
         -0.58944509, -0.59337674],
        [ 0.14901521,  0.39198593,  0.        , ..., -0.84480101,
         -0.85892205, -0.86140874],
        ...,
        [ 0.75563357,  0.56744854,  0.84480101, ...,  0.        ,
          0.02696459,  0.03183823],
        [ 0.77302047,  0.58944509,  0.85892205, ..., -0.02696459,
          0.        ,  0.00487573],
        [ 0.77610436,  0.59337674,  0.86140874, ..., -0.03183823,
         -0.00487573,  0.        ]]]), 'num': array([ 7.06705709e-01,  7.06705709e-01,  0.00000000e+00,  0.00000000e+00,
        1.19098213e-02,  1.19802103e-02,  1.17127321e-02,  9.61499865e-04,
       -9.85446207e-05,  1.17099165e-02,  1.17901600e-02,  1.24884190e-02,
        7.58561228e-07,  1.22824002e-02,  1.12979198e-02])}
{'img': array([[[ 0.00000000e+00, -8.24223199e-01, -7.26896536e-01, ...,
         -5.90238492e-01, -9.01040511e-01, -8.55336836e-01],
        [ 8.24223199e-01,  0.00000000e+00,  1.54416688e-01, ...,
         -9.99568234e-01, -8.67722159e-01, -9.11354564e-01],
        [ 7.26896536e-01, -1.54416688e-01,  0.00000000e+00, ...,
         -9.92116410e-01, -9.34067282e-01, -9.63984948e-01],
        ...,
        [ 5.90238492e-01,  9.99568234e-01,  9.92116410e-01, ...,
          0.00000000e+00,  4.71338898e-01,  3.84666420e-01],
        [ 9.01040511e-01,  8.67722159e-01,  9.34067282e-01, ...,
         -4.71338898e-01,  0.00000000e+00, -9.58146489e-02],
        [ 8.55336836e-01,  9.11354564e-01,  9.63984948e-01, ...,
         -3.84666420e-01,  9.58146489e-02,  0.00000000e+00]],

       [[ 0.00000000e+00,  2.69497479e-01,  1.46194479e-01, ...,
          9.79289431e-02,  3.77541559e-01, -2.56667749e-01],
        [-2.69497479e-01,  0.00000000e+00, -1.25816519e-01, ...,
         -1.73896435e-01,  1.14020253e-01, -5.07640556e-01],
        [-1.46194479e-01,  1.25816519e-01,  0.00000000e+00, ...,
         -4.86150002e-02,  2.38110192e-01, -3.95206997e-01],
        ...,
        [-9.79289431e-02,  1.73896435e-01,  4.86150002e-02, ...,
          0.00000000e+00,  2.85045391e-01, -3.50082347e-01],
        [-3.77541559e-01, -1.14020253e-01, -2.38110192e-01, ...,
         -2.85045391e-01,  0.00000000e+00, -6.02566250e-01],
        [ 2.56667749e-01,  5.07640556e-01,  3.95206997e-01, ...,
          3.50082347e-01,  6.02566250e-01,  0.00000000e+00]],

       [[ 0.00000000e+00, -3.98939374e-01, -3.28260633e-01, ...,
         -6.19200643e-01, -6.81281401e-01, -7.42547504e-01],
        [ 3.98939374e-01,  0.00000000e+00,  7.58254715e-02, ...,
         -8.81053221e-01, -9.16751829e-01, -9.48106170e-01],
        [ 3.28260633e-01, -7.58254715e-02,  0.00000000e+00, ...,
         -8.42650013e-01, -8.83823563e-01, -9.21267666e-01],
        ...,
        [ 6.19200643e-01,  8.81053221e-01,  8.42650013e-01, ...,
          0.00000000e+00,  8.16962494e-02,  1.68336156e-01],
        [ 6.81281401e-01,  9.16751829e-01,  8.83823563e-01, ...,
         -8.16962494e-02,  0.00000000e+00,  8.72430388e-02],
        [ 7.42547504e-01,  9.48106170e-01,  9.21267666e-01, ...,
         -1.68336156e-01, -8.72430388e-02,  0.00000000e+00]],

       ...,

       [[ 0.00000000e+00,  4.19771171e-02,  2.15447178e-02, ...,
          4.74922835e-02,  2.90313623e-01,  2.90313623e-01],
        [-4.19771171e-02,  0.00000000e+00, -2.04416460e-02, ...,
          5.52067215e-03,  2.49888505e-01,  2.49888505e-01],
        [-2.15447178e-02,  2.04416460e-02,  0.00000000e+00, ...,
          2.59608530e-02,  2.69629417e-01,  2.69629417e-01],
        ...,
        [-4.74922835e-02, -5.52067215e-03, -2.59608530e-02, ...,
          0.00000000e+00,  2.44539170e-01,  2.44539170e-01],
        [-2.90313623e-01, -2.49888505e-01, -2.69629417e-01, ...,
         -2.44539170e-01,  0.00000000e+00,  0.00000000e+00],
        [-2.90313623e-01, -2.49888505e-01, -2.69629417e-01, ...,
         -2.44539170e-01,  0.00000000e+00,  0.00000000e+00]],

       [[ 0.00000000e+00,  7.38513569e-02,  1.14648770e-01, ...,
         -3.49176028e-01, -2.98221877e-01, -2.00370086e-01],
        [-7.38513569e-02,  0.00000000e+00,  4.09713065e-02, ...,
         -2.79019577e-01, -2.26916643e-01, -1.27469255e-01],
        [-1.14648770e-01, -4.09713065e-02,  0.00000000e+00, ...,
         -2.39441143e-01, -1.86823570e-01, -8.67251384e-02],
        ...,
        [ 3.49176028e-01,  2.79019577e-01,  2.39441143e-01, ...,
          0.00000000e+00, -5.38363808e-02, -1.54336614e-01],
        [ 2.98221877e-01,  2.26916643e-01,  1.86823570e-01, ...,
          5.38363808e-02,  0.00000000e+00, -1.00921460e-01],
        [ 2.00370086e-01,  1.27469255e-01,  8.67251384e-02, ...,
          1.54336614e-01,  1.00921460e-01,  0.00000000e+00]],

       [[ 0.00000000e+00, -3.91985926e-01, -4.73831780e-01, ...,
         -5.89445087e-01, -5.93376740e-01, -5.94145799e-01],
        [ 3.91985926e-01,  0.00000000e+00, -9.07227634e-02, ...,
         -8.58922055e-01, -8.61408740e-01, -8.61893798e-01],
        [ 4.73831780e-01,  9.07227634e-02,  0.00000000e+00, ...,
         -9.01839723e-01, -9.03935666e-01, -9.04344009e-01],
        ...,
        [ 5.89445087e-01,  8.58922055e-01,  9.01839723e-01, ...,
          0.00000000e+00,  4.87573499e-03,  5.83149922e-03],
        [ 5.93376740e-01,  8.61408740e-01,  9.03935666e-01, ...,
         -4.87573499e-03,  0.00000000e+00,  9.55777815e-04],
        [ 5.94145799e-01,  8.61893798e-01,  9.04344009e-01, ...,
         -5.83149922e-03, -9.55777815e-04,  0.00000000e+00]]]), 'num': array([7.06700392e-01, 7.06700392e-01, 0.00000000e+00, 0.00000000e+00,
       1.20927418e-02, 1.21772079e-02, 1.18393432e-02, 1.01503011e-03,
       1.83010062e-04, 1.18337121e-02, 1.17971101e-02, 1.24618121e-02,
       8.35231787e-07, 1.23022622e-02, 1.12919581e-02])}
{'img': array([[[ 0.00000000e+00,  1.87944180e-01,  7.45355992e-01, ...,
         -9.07984521e-01, -9.45323393e-01, -8.70392270e-01],
        [-1.87944180e-01,  0.00000000e+00,  6.06777414e-01, ...,
         -9.70553284e-01, -9.89772530e-01, -9.47417620e-01],
        [-7.45355992e-01, -6.06777414e-01,  0.00000000e+00, ...,
         -9.17629940e-01, -8.73301865e-01, -9.47244178e-01],
        ...,
        [ 9.07984521e-01,  9.70553284e-01,  9.17629940e-01, ...,
          0.00000000e+00, -9.99689733e-02,  8.23566794e-02],
        [ 9.45323393e-01,  9.89772530e-01,  8.73301865e-01, ...,
          9.99689733e-02,  0.00000000e+00,  1.81573489e-01],
        [ 8.70392270e-01,  9.47417620e-01,  9.47244178e-01, ...,
         -8.23566794e-02, -1.81573489e-01,  0.00000000e+00]],

       [[ 0.00000000e+00, -1.25816519e-01, -4.95079155e-01, ...,
          1.14020253e-01, -5.07640556e-01, -4.71307098e-01],
        [ 1.25816519e-01,  0.00000000e+00, -3.81829607e-01, ...,
          2.38110192e-01, -3.95206997e-01, -3.56595578e-01],
        [ 4.95079155e-01,  3.81829607e-01,  0.00000000e+00, ...,
          5.90916713e-01, -1.45175876e-02,  2.71503814e-02],
        ...,
        [-1.14020253e-01, -2.38110192e-01, -5.90916713e-01, ...,
          0.00000000e+00, -6.02566250e-01, -5.68795781e-01],
        [ 5.07640556e-01,  3.95206997e-01,  1.45175876e-02, ...,
          6.02566250e-01,  0.00000000e+00,  4.16597560e-02],
        [ 4.71307098e-01,  3.56595578e-01, -2.71503814e-02, ...,
          5.68795781e-01, -4.16597560e-02,  0.00000000e+00]],

       [[ 0.00000000e+00,  7.58254715e-02,  2.67662743e-01, ...,
         -9.16751829e-01, -9.48106170e-01, -9.93281797e-01],
        [-7.58254715e-02,  0.00000000e+00,  1.93833368e-01, ...,
         -8.83823563e-01, -9.21267666e-01, -9.81647669e-01],
        [-2.67662743e-01, -1.93833368e-01,  0.00000000e+00, ...,
         -7.76382179e-01, -8.28407886e-01, -9.26065481e-01],
        ...,
        [ 9.16751829e-01,  8.83823563e-01,  7.76382179e-01, ...,
          0.00000000e+00,  8.72430388e-02,  2.90686471e-01],
        [ 9.48106170e-01,  9.21267666e-01,  8.28407886e-01, ...,
         -8.72430388e-02,  0.00000000e+00,  2.06102359e-01],
        [ 9.93281797e-01,  9.81647669e-01,  9.26065481e-01, ...,
         -2.90686471e-01, -2.06102359e-01,  0.00000000e+00]],

       ...,

       [[ 0.00000000e+00, -2.04416460e-02, -2.90628424e-01, ...,
          2.49888505e-01,  2.49888505e-01,  4.32248104e-01],
        [ 2.04416460e-02,  0.00000000e+00, -2.71008393e-01, ...,
          2.69629417e-01,  2.69629417e-01,  4.50591136e-01],
        [ 2.90628424e-01,  2.71008393e-01,  0.00000000e+00, ...,
          5.20510441e-01,  5.20510441e-01,  6.75666097e-01],
        ...,
        [-2.49888505e-01, -2.69629417e-01, -5.20510441e-01, ...,
          0.00000000e+00,  0.00000000e+00,  1.93196729e-01],
        [-2.49888505e-01, -2.69629417e-01, -5.20510441e-01, ...,
          0.00000000e+00,  0.00000000e+00,  1.93196729e-01],
        [-4.32248104e-01, -4.50591136e-01, -6.75666097e-01, ...,
         -1.93196729e-01, -1.93196729e-01,  0.00000000e+00]],

       [[ 0.00000000e+00,  4.09713065e-02,  2.53203561e-02, ...,
         -2.26916643e-01, -1.27469255e-01, -3.05087826e-01],
        [-4.09713065e-02,  0.00000000e+00, -1.56590754e-02, ...,
         -1.86823570e-01, -8.67251384e-02, -2.65813683e-01],
        [-2.53203561e-02,  1.56590754e-02,  0.00000000e+00, ...,
         -2.02184037e-01, -1.02314581e-01, -2.80876823e-01],
        ...,
        [ 2.26916643e-01,  1.86823570e-01,  2.02184037e-01, ...,
          0.00000000e+00, -1.00921460e-01,  8.10311456e-02],
        [ 1.27469255e-01,  8.67251384e-02,  1.02314581e-01, ...,
          1.00921460e-01,  0.00000000e+00,  1.81207019e-01],
        [ 3.05087826e-01,  2.65813683e-01,  2.80876823e-01, ...,
         -8.10311456e-02, -1.81207019e-01,  0.00000000e+00]],

       [[ 0.00000000e+00, -2.08623855e-01, -1.48662720e-01, ...,
         -6.73784989e-01, -6.74506283e-01, -6.66308073e-01],
        [ 2.08623855e-01,  0.00000000e+00,  6.09140798e-02, ...,
         -8.13116888e-01, -8.13684963e-01, -8.07212522e-01],
        [ 1.48662720e-01, -6.09140798e-02,  0.00000000e+00, ...,
         -7.76148828e-01, -7.76764235e-01, -7.69758338e-01],
        ...,
        [ 6.73784989e-01,  8.13116888e-01,  7.76148828e-01, ...,
          0.00000000e+00,  9.76571218e-04, -1.00723502e-02],
        [ 6.74506283e-01,  8.13684963e-01,  7.76764235e-01, ...,
         -9.76571218e-04,  0.00000000e+00, -1.10488671e-02],
        [ 6.66308073e-01,  8.07212522e-01,  7.69758338e-01, ...,
          1.00723502e-02,  1.10488671e-02,  0.00000000e+00]]]), 'num': array([ 8.66883119e-01,  4.96759889e-01,  4.32386950e-07, -1.05013181e-10,
        1.48049292e-02,  1.50989523e-02,  1.47011563e-02,  1.00756537e-03,
       -5.18864340e-05,  1.46527290e-02,  1.44892867e-02,  1.52871848e-02,
        1.02125680e-06,  1.50998808e-02,  1.38786926e-02])}
{'img': array([[[ 0.        ,  0.60677741,  0.41237359, ..., -0.98977253,
         -0.94741762, -0.95970907],
        [-0.60677741,  0.        , -0.22499909, ..., -0.87330186,
         -0.94724418, -0.93334742],
        [-0.41237359,  0.22499909,  0.        , ..., -0.96052445,
         -0.99507096, -0.99018434],
        ...,
        [ 0.98977253,  0.87330186,  0.96052445, ...,  0.        ,
          0.18157349,  0.14121474],
        [ 0.94741762,  0.94724418,  0.99507096, ..., -0.18157349,
          0.        , -0.04088656],
        [ 0.95970907,  0.93334742,  0.99018434, ..., -0.14121474,
          0.04088656,  0.        ]],

       [[ 0.        , -0.38182961, -0.12834599, ..., -0.395207  ,
         -0.35659558, -0.50596243],
        [ 0.38182961,  0.        ,  0.2600501 , ..., -0.01451759,
          0.02715038, -0.1382778 ],
        [ 0.12834599, -0.2600501 ,  0.        , ..., -0.27404081,
         -0.23373796, -0.39107229],
        ...,
        [ 0.395207  ,  0.01451759,  0.27404081, ...,  0.        ,
          0.04165976, -0.12388511],
        [ 0.35659558, -0.02715038,  0.23373796, ..., -0.04165976,
          0.        , -0.16511639],
        [ 0.50596243,  0.1382778 ,  0.39107229, ...,  0.12388511,
          0.16511639,  0.        ]],

       [[ 0.        ,  0.19383337,  0.55723156, ..., -0.92126767,
         -0.98164767, -0.99811488],
        [-0.19383337,  0.        ,  0.38571245, ..., -0.82840789,
         -0.92606548, -0.96728891],
        [-0.55723156, -0.38571245,  0.        , ..., -0.54825759,
         -0.7088521 , -0.7945927 ],
        ...,
        [ 0.92126767,  0.82840789,  0.54825759, ...,  0.        ,
          0.20610236,  0.33165476],
        [ 0.98164767,  0.92606548,  0.7088521 , ..., -0.20610236,
          0.        ,  0.13009714],
        [ 0.99811488,  0.96728891,  0.7945927 , ..., -0.33165476,
         -0.13009714,  0.        ]],

       ...,

       [[ 0.        , -0.27100839, -0.13887817, ...,  0.26962942,
          0.45059114,  0.44107113],
        [ 0.27100839,  0.        ,  0.13470125, ...,  0.52051044,
          0.6756661 ,  0.6677874 ],
        [ 0.13887817, -0.13470125,  0.        , ...,  0.40075127,
          0.57020544,  0.56143621],
        ...,
        [-0.26962942, -0.52051044, -0.40075127, ...,  0.        ,
          0.19319673,  0.18275079],
        [-0.45059114, -0.6756661 , -0.57020544, ..., -0.19319673,
          0.        , -0.01063538],
        [-0.44107113, -0.6677874 , -0.56143621, ..., -0.18275079,
          0.01063538,  0.        ]],

       [[ 0.        , -0.01565908, -0.02982347, ..., -0.08672514,
         -0.26581368, -0.20268258],
        [ 0.01565908,  0.        , -0.0141677 , ..., -0.10231458,
         -0.28087682, -0.21799179],
        [ 0.02982347,  0.0141677 ,  0.        , ..., -0.11639767,
         -0.294446  , -0.23179689],
        ...,
        [ 0.08672514,  0.10231458,  0.11639767, ...,  0.        ,
          0.18120702,  0.11699381],
        [ 0.26581368,  0.28087682,  0.294446  , ..., -0.18120702,
          0.        , -0.06490563],
        [ 0.20268258,  0.21799179,  0.23179689, ..., -0.11699381,
          0.06490563,  0.        ]],

       [[ 0.        ,  0.06091408,  0.12454365, ..., -0.81368496,
         -0.80721252, -0.81233686],
        [-0.06091408,  0.        ,  0.06387257, ..., -0.77676423,
         -0.76975834, -0.77530397],
        [-0.12454365, -0.06387257,  0.        , ..., -0.73495173,
         -0.72741442, -0.73337968],
        ...,
        [ 0.81368496,  0.77676423,  0.73495173, ...,  0.        ,
         -0.01104887, -0.00231534],
        [ 0.80721252,  0.76975834,  0.72741442, ...,  0.01104887,
          0.        ,  0.00873363],
        [ 0.81233686,  0.77530397,  0.73337968, ...,  0.00231534,
         -0.00873363,  0.        ]]]), 'num': array([ 9.03455755e-01,  4.26452194e-01,  5.60521222e-07, -2.83743608e-09,
        1.53872116e-02,  1.57307569e-02,  1.53329676e-02,  2.43900865e-03,
       -9.04066488e-05,  1.54233743e-02,  1.51413055e-02,  1.59531572e-02,
        1.10447532e-06,  1.57673897e-02,  1.45152214e-02])}
{'img': array([[[ 0.        , -0.22499909, -0.79807049, ..., -0.94724418,
         -0.93334742, -0.90609377],
        [ 0.22499909,  0.        , -0.64203077, ..., -0.99507096,
         -0.99018434, -0.97805252],
        [ 0.79807049,  0.64203077,  0.        , ..., -0.82656716,
         -0.84888849, -0.88362478],
        ...,
        [ 0.94724418,  0.99507096,  0.82656716, ...,  0.        ,
         -0.04088656, -0.11034248],
        [ 0.93334742,  0.99018434,  0.84888849, ...,  0.04088656,
          0.        , -0.06961333],
        [ 0.90609377,  0.97805252,  0.88362478, ...,  0.11034248,
          0.06961333,  0.        ]],

       [[ 0.        ,  0.2600501 ,  0.4786964 , ...,  0.02715038,
         -0.1382778 ,  0.52284021],
        [-0.2600501 ,  0.        ,  0.233908  , ..., -0.23373796,
         -0.39107229,  0.28317727],
        [-0.4786964 , -0.233908  ,  0.        , ..., -0.45468243,
         -0.59550301,  0.05098799],
        ...,
        [-0.02715038,  0.23373796,  0.45468243, ...,  0.        ,
         -0.16511639,  0.49950365],
        [ 0.1382778 ,  0.39107229,  0.59550301, ...,  0.16511639,
          0.        ,  0.63568978],
        [-0.52284021, -0.28317727, -0.05098799, ..., -0.49950365,
         -0.63568978,  0.        ]],

       [[ 0.        ,  0.38571245, -0.10301536, ..., -0.92606548,
         -0.96728891, -0.98849339],
        [-0.38571245,  0.        , -0.4787043 , ..., -0.7088521 ,
         -0.7945927 , -0.85365839],
        [ 0.10301536,  0.4787043 ,  0.        , ..., -0.96001277,
         -0.98827537, -0.99881689],
        ...,
        [ 0.92606548,  0.7088521 ,  0.96001277, ...,  0.        ,
          0.13009714,  0.23294024],
        [ 0.96728891,  0.7945927 ,  0.98827537, ..., -0.13009714,
          0.        ,  0.10444223],
        [ 0.98849339,  0.85365839,  0.99881689, ..., -0.23294024,
         -0.10444223,  0.        ]],

       ...,

       [[ 0.        ,  0.13470125, -0.15617274, ...,  0.6756661 ,
          0.6677874 ,  0.72408057],
        [-0.13470125,  0.        , -0.28779785, ...,  0.57020544,
          0.56143621,  0.62457596],
        [ 0.15617274,  0.28779785,  0.        , ...,  0.78250727,
          0.77584099,  0.82291067],
        ...,
        [-0.6756661 , -0.57020544, -0.78250727, ...,  0.        ,
         -0.01063538,  0.06778053],
        [-0.6677874 , -0.56143621, -0.77584099, ...,  0.01063538,
          0.        ,  0.07838761],
        [-0.72408057, -0.62457596, -0.82291067, ..., -0.06778053,
         -0.07838761,  0.        ]],

       [[ 0.        , -0.0141495 ,  0.10218382, ..., -0.30577589,
         -0.25442778, -0.10218382],
        [ 0.0141495 ,  0.        ,  0.11624902, ..., -0.31921706,
         -0.26808617, -0.11624902],
        [-0.10218382, -0.11624902,  0.        , ..., -0.20688574,
         -0.15427485, -0.        ],
        ...,
        [ 0.30577589,  0.31921706,  0.20688574, ...,  0.        ,
         -0.05347176, -0.20688574],
        [ 0.25442778,  0.26808617,  0.15427485, ...,  0.05347176,
          0.        , -0.15427485],
        [ 0.10218382,  0.11624902,  0.        , ...,  0.20688574,
          0.15427485,  0.        ]],

       [[ 0.        ,  0.06387257, -0.22870461, ..., -0.76975834,
         -0.77530397, -0.78069907],
        [-0.06387257,  0.        , -0.29041729, ..., -0.72741442,
         -0.73337968, -0.7391905 ],
        [ 0.22870461,  0.29041729,  0.        , ..., -0.89534681,
         -0.89920236, -0.90292647],
        ...,
        [ 0.76975834,  0.72741442,  0.89534681, ...,  0.        ,
          0.00873363,  0.01732036],
        [ 0.77530397,  0.73337968,  0.89920236, ..., -0.00873363,
          0.        ,  0.00858738],
        [ 0.78069907,  0.7391905 ,  0.90292647, ..., -0.01732036,
         -0.00858738,  0.        ]]]), 'num': array([ 9.72769786e-01,  2.26992089e-01,  8.75325935e-07, -9.12400386e-09,
        1.65728377e-02,  1.67868063e-02,  1.63783208e-02,  1.34298340e-03,
        1.94516874e-05,  1.65883991e-02,  1.63053770e-02,  1.71265624e-02,
        1.09145580e-06,  1.69896646e-02,  1.56210894e-02])}
{'img': array([[[ 0.        , -0.78192173, -0.78192173, ..., -0.93650682,
         -0.90955461, -0.91537715],
        [ 0.78192173,  0.        ,  0.        , ..., -0.85797681,
         -0.89194957, -0.88542437],
        [ 0.78192173,  0.        ,  0.        , ..., -0.85797681,
         -0.89194957, -0.88542437],
        ...,
        [ 0.93650682,  0.85797681,  0.85797681, ...,  0.        ,
         -0.07026291, -0.05605881],
        [ 0.90955461,  0.89194957,  0.89194957, ...,  0.07026291,
          0.        ,  0.01423215],
        [ 0.91537715,  0.88542437,  0.88542437, ...,  0.05605881,
         -0.01423215,  0.        ]],

       [[ 0.        ,  0.233908  , -0.09031065, ..., -0.39107229,
          0.28317727, -0.26602366],
        [-0.233908  ,  0.        , -0.32075749, ..., -0.59550301,
          0.05098799, -0.4841233 ],
        [ 0.09031065,  0.32075749,  0.        , ..., -0.30635592,
          0.36863412, -0.17788015],
        ...,
        [ 0.39107229,  0.59550301,  0.30635592, ...,  0.        ,
          0.63568978,  0.13214306],
        [-0.28317727, -0.05098799, -0.36863412, ..., -0.63568978,
          0.        , -0.52810807],
        [ 0.26602366,  0.4841233 ,  0.17788015, ..., -0.13214306,
          0.52810807,  0.        ]],

       [[ 0.        , -0.4787043 , -0.5050412 , ..., -0.7945927 ,
         -0.85365839, -0.85183542],
        [ 0.4787043 ,  0.        , -0.03024674, ..., -0.98827537,
         -0.99881689, -0.99864109],
        [ 0.5050412 ,  0.03024674,  0.        , ..., -0.99244133,
         -0.99983078, -0.99976048],
        ...,
        [ 0.7945927 ,  0.98827537,  0.99244133, ...,  0.        ,
          0.10444223,  0.10097057],
        [ 0.85365839,  0.99881689,  0.99983078, ..., -0.10444223,
          0.        , -0.00349011],
        [ 0.85183542,  0.99864109,  0.99976048, ..., -0.10097057,
          0.00349011,  0.        ]],

       ...,

       [[ 0.        , -0.28779785, -0.16910334, ...,  0.56143621,
          0.62457596,  0.4701513 ],
        [ 0.28779785,  0.        ,  0.1217043 , ...,  0.77584099,
          0.82291067,  0.70426606],
        [ 0.16910334, -0.1217043 ,  0.        , ...,  0.69328699,
          0.74764465,  0.61262855],
        ...,
        [-0.56143621, -0.77584099, -0.69328699, ...,  0.        ,
          0.07838761, -0.10645603],
        [-0.62457596, -0.82291067, -0.74764465, ..., -0.07838761,
          0.        , -0.18407063],
        [-0.4701513 , -0.70426606, -0.61262855, ...,  0.10645603,
          0.18407063,  0.        ]],

       [[ 0.        ,  0.11624902, -0.13719922, ..., -0.26808617,
         -0.11624902, -0.29317733],
        [-0.11624902,  0.        , -0.25141873, ..., -0.15427485,
         -0.        , -0.1800488 ],
        [ 0.13719922,  0.25141873,  0.        , ..., -0.39772804,
         -0.25141873, -0.42157531],
        ...,
        [ 0.26808617,  0.15427485,  0.39772804, ...,  0.        ,
         -0.15427485,  0.0261396 ],
        [ 0.11624902,  0.        ,  0.25141873, ...,  0.15427485,
          0.        ,  0.1800488 ],
        [ 0.29317733,  0.1800488 ,  0.42157531, ..., -0.0261396 ,
         -0.1800488 ,  0.        ]],

       [[ 0.        , -0.29041729, -0.43118339, ..., -0.73337968,
         -0.7391905 , -0.74435835],
        [ 0.29041729,  0.        , -0.15056627, ..., -0.89920236,
         -0.90292647, -0.90621155],
        [ 0.43118339,  0.15056627,  0.        , ..., -0.95482909,
         -0.95734567, -0.95954379],
        ...,
        [ 0.73337968,  0.89920236,  0.95482909, ...,  0.        ,
          0.00858738,  0.01629259],
        [ 0.7391905 ,  0.90292647,  0.95734567, ..., -0.00858738,
          0.        ,  0.00770575],
        [ 0.74435835,  0.90621155,  0.95954379, ..., -0.01629259,
         -0.00770575,  0.        ]]]), 'num': array([ 9.95797566e-01,  7.83062909e-02,  1.05701760e-06, -7.46931028e-09,
        1.69905792e-02,  1.71276000e-02,  1.67752608e-02,  1.57938004e-03,
        3.13190399e-04,  1.67791756e-02,  1.64385811e-02,  1.72045926e-02,
        9.12590269e-07,  1.71722008e-02,  1.57049614e-02])}
{'img': array([[[ 0.        ,  0.        ,  0.        , ..., -0.91801942,
         -0.91211462, -0.79756686],
        [ 0.        ,  0.        ,  0.        , ..., -0.91801942,
         -0.91211462, -0.79756686],
        [ 0.        ,  0.        ,  0.        , ..., -0.91801942,
         -0.91211462, -0.79756686],
        ...,
        [ 0.91801942,  0.91801942,  0.91801942, ...,  0.        ,
          0.01464275,  0.23751384],
        [ 0.91211462,  0.91211462,  0.91211462, ..., -0.01464275,
          0.        ,  0.22326464],
        [ 0.79756686,  0.79756686,  0.79756686, ..., -0.23751384,
         -0.22326464,  0.        ]],

       [[ 0.        , -0.32075749, -0.27587875, ...,  0.05098799,
         -0.4841233 , -0.37570923],
        [ 0.32075749,  0.        ,  0.04700799, ...,  0.36863412,
         -0.17788015, -0.05859924],
        [ 0.27587875, -0.04700799,  0.        , ...,  0.32452918,
         -0.22394182, -0.10546167],
        ...,
        [-0.05098799, -0.36863412, -0.32452918, ...,  0.        ,
         -0.52810807, -0.42247303],
        [ 0.4841233 ,  0.17788015,  0.22394182, ...,  0.52810807,
          0.        ,  0.11990977],
        [ 0.37570923,  0.05859924,  0.10546167, ...,  0.42247303,
         -0.11990977,  0.        ]],

       [[ 0.        , -0.17732616, -0.35037752, ..., -0.87189162,
         -0.87010383, -0.90606531],
        [ 0.17732616,  0.        , -0.17873959, ..., -0.94491043,
         -0.94371302, -0.96673952],
        [ 0.35037752,  0.17873959,  0.        , ..., -0.98820064,
         -0.98763673, -0.99688652],
        ...,
        [ 0.87189162,  0.94491043,  0.98820064, ...,  0.        ,
         -0.003639  ,  0.07476881],
        [ 0.87010383,  0.94371302,  0.98763673, ...,  0.003639  ,
          0.        ,  0.07839713],
        [ 0.90606531,  0.96673952,  0.99688652, ..., -0.07476881,
         -0.07839713,  0.        ]],

       ...,

       [[ 0.        ,  0.1217043 , -0.02897722, ...,  0.82291067,
          0.70426606,  0.44982026],
        [-0.1217043 ,  0.        , -0.15041501, ...,  0.74764465,
          0.61262855,  0.33778004],
        [ 0.02897722,  0.15041501,  0.        , ...,  0.83902912,
          0.72454229,  0.47551148],
        ...,
        [-0.82291067, -0.74764465, -0.83902912, ...,  0.        ,
         -0.18407063, -0.47938252],
        [-0.70426606, -0.61262855, -0.72454229, ...,  0.18407063,
          0.        , -0.30964982],
        [-0.44982026, -0.33778004, -0.47551148, ...,  0.47938252,
          0.30964982,  0.        ]],

       [[ 0.        , -0.25141873, -0.21835252, ..., -0.        ,
         -0.1800488 , -0.34443442],
        [ 0.25141873,  0.        ,  0.03401329, ..., -0.25141873,
         -0.42157531, -0.56940515],
        [ 0.21835252, -0.03401329,  0.        , ..., -0.21835252,
         -0.39048835, -0.54111481],
        ...,
        [ 0.        ,  0.25141873,  0.21835252, ...,  0.        ,
          0.1800488 ,  0.34443442],
        [ 0.1800488 ,  0.42157531,  0.39048835, ..., -0.1800488 ,
          0.        ,  0.16977388],
        [ 0.34443442,  0.56940515,  0.54111481, ..., -0.34443442,
         -0.16977388,  0.        ]],

       [[ 0.        , -0.15056627, -0.24539456, ..., -0.90292647,
         -0.90621155, -0.89775469],
        [ 0.15056627,  0.        , -0.09663459, ..., -0.95734567,
         -0.95954379, -0.95384401],
        [ 0.24539456,  0.09663459,  0.        , ..., -0.98078731,
         -0.98226143, -0.97839956],
        ...,
        [ 0.90292647,  0.95734567,  0.98078731, ...,  0.        ,
          0.00770575, -0.01188476],
        [ 0.90621155,  0.95954379,  0.98226143, ..., -0.00770575,
          0.        , -0.01958961],
        [ 0.89775469,  0.95384401,  0.97839956, ...,  0.01188476,
          0.01958961,  0.        ]]]), 'num': array([9.52473462e-01, 3.01215825e-01, 7.46855089e-07, 2.42687362e-08,
       1.62814409e-02, 1.63747978e-02, 1.61320699e-02, 1.01359438e-03,
       7.46855089e-05, 1.60536501e-02, 1.57194325e-02, 1.63925356e-02,
       1.09920205e-06, 1.64604674e-02, 1.49783975e-02])}
{'img': array([[[ 0.        ,  0.        ,  0.01881853, ..., -0.91211462,
         -0.79756686, -0.76348308],
        [ 0.        ,  0.        ,  0.01881853, ..., -0.91211462,
         -0.79756686, -0.76348308],
        [-0.01881853, -0.01881853,  0.        , ..., -0.91966748,
         -0.80877753, -0.77550141],
        ...,
        [ 0.91211462,  0.91211462,  0.91966748, ...,  0.        ,
          0.22326464,  0.27609038],
        [ 0.79756686,  0.79756686,  0.80877753, ..., -0.22326464,
          0.        ,  0.05453455],
        [ 0.76348308,  0.76348308,  0.77550141, ..., -0.27609038,
         -0.05453455,  0.        ]],

       [[ 0.        ,  0.04700799, -0.1576211 , ..., -0.17788015,
         -0.05859924, -0.36065589],
        [-0.04700799,  0.        , -0.20386722, ..., -0.22394182,
         -0.10546167, -0.40410149],
        [ 0.1576211 ,  0.20386722,  0.        , ..., -0.02054921,
          0.0994835 , -0.20913454],
        ...,
        [ 0.17788015,  0.22394182,  0.02054921, ...,  0.        ,
          0.11990977, -0.18899558],
        [ 0.05859924,  0.10546167, -0.0994835 , ..., -0.11990977,
          0.        , -0.30538068],
        [ 0.36065589,  0.40410149,  0.20913454, ...,  0.18899558,
          0.30538068,  0.        ]],

       [[ 0.        , -0.30585945, -0.51659475, ..., -0.87238585,
         -0.90820281, -0.92621456],
        [ 0.30585945,  0.        , -0.22995177, ..., -0.98008779,
         -0.99269018, -0.99713531],
        [ 0.51659475,  0.22995177,  0.        , ..., -0.99948372,
         -0.9938411 , -0.98780729],
        ...,
        [ 0.87238585,  0.98008779,  0.99948372, ...,  0.        ,
          0.07882583,  0.12386357],
        [ 0.90820281,  0.99269018,  0.9938411 , ..., -0.07882583,
          0.        ,  0.04525935],
        [ 0.92621456,  0.99713531,  0.98780729, ..., -0.12386357,
         -0.04525935,  0.        ]],

       ...,

       [[ 0.        , -0.15041501, -0.06108039, ...,  0.61262855,
          0.33778004,  0.68850639],
        [ 0.15041501,  0.        ,  0.08974869, ...,  0.72454229,
          0.47551148,  0.78975874],
        [ 0.06108039, -0.08974869,  0.        , ...,  0.65976084,
          0.39463975,  0.73151819],
        ...,
        [-0.61262855, -0.72454229, -0.65976084, ...,  0.        ,
         -0.30964982,  0.0998787 ],
        [-0.33778004, -0.47551148, -0.39463975, ...,  0.30964982,
          0.        ,  0.40307117],
        [-0.68850639, -0.78975874, -0.73151819, ..., -0.0998787 ,
         -0.40307117,  0.        ]],

       [[ 0.        ,  0.1269364 ,  0.04769303, ..., -0.30450715,
         -0.46273618, -0.57019393],
        [-0.1269364 ,  0.        , -0.07948472, ..., -0.18113576,
         -0.34646442, -0.46130202],
        [-0.04769303,  0.07948472,  0.        , ..., -0.25873255,
         -0.41992992, -0.53036477],
        ...,
        [ 0.30450715,  0.18113576,  0.25873255, ...,  0.        ,
