state_0,state_1,state_2,state_3,state_4,state_5,state_6,state_7,state_8,state_9,state_10,state_11,state_12,state_13,state_14,state_15,state_16,state_17,state_18,state_19,state_20,state_21,state_22,state_23,state_24,state_25,state_26,state_27,state_28,state_29,state_30,state_31,state_32,state_33,state_34,state_35,state_36,state_37,state_38,state_39,state_40,state_41,state_42,state_43,state_44,state_45,state_46,state_47,state_48,state_49,state_50,state_51,state_52,state_53,state_54,state_55,state_56,state_57,state_58,state_59,state_60,state_61,state_62,state_63,state_64,state_65,state_66,state_67,state_68,state_69,state_70,state_71,state_72,state_73,state_74,state_75,state_76,state_77,state_78,state_79,state_80,state_81,state_82,state_83,state_84,state_85,state_86,state_87,state_88,state_89,state_90,state_91,state_92,state_93,state_94,state_95,state_96,state_97,state_98,state_99,state_100,state_101,state_102,state_103,state_104,state_105,state_106,state_107,state_108,state_109,state_110,state_111,state_112,state_113,state_114,state_115,state_116,state_117,state_118,state_119,state_120,state_121,state_122,state_123,state_124,state_125,state_126,state_127,state_128,state_129,state_130,state_131,state_132,state_133,state_134,state_135,state_136,state_137,state_138,state_139,state_140,state_141,state_142,state_143,state_144,state_145,state_146,state_147,state_148,state_149,state_150,state_151,state_152,state_153,state_154,state_155,state_156,state_157,state_158,state_159,state_160,state_161,state_162,state_163,state_164,state_165,state_166,state_167,state_168,state_169,state_170,state_171,state_172,state_173,state_174,state_175,state_176,state_177,state_178,state_179,state_180,state_181,state_182,state_183,state_184,state_185,state_186,state_187,state_188,state_189,state_190,state_191,state_192,state_193,state_194,state_195,state_196,state_197,state_198,state_199,state_200,state_201,state_202,state_203,state_204,state_205,state_206,state_207,state_208,state_209,state_210,state_211,state_212,state_213,state_214,state_215,state_216,state_217,state_218,state_219,state_220,state_221,state_222,state_223,state_224,state_225,state_226,state_227,state_228,state_229,state_230,state_231,state_232,state_233,state_234,state_235,state_236,state_237,state_238,state_239,state_240,state_241,state_242,state_243,state_244,state_245,state_246,state_247,state_248,state_249,state_250,state_251,state_252,state_253,state_254,state_255,state_256,state_257,state_258,state_259,state_260,state_261,state_262,state_263,state_264,state_265,state_266,state_267,state_268,state_269,state_270,state_271,state_272,state_273,state_274,state_275,state_276,state_277,state_278,state_279,state_280,state_281,state_282,state_283,state_284,state_285,state_286,state_287
{'img': array([[[ 0.        ,  0.31954974,  0.48875859, ..., -0.92667471,
         -0.99442087, -0.97721063],
        [-0.31954974,  0.        ,  0.18435145, ..., -0.99819604,
         -0.90857511, -0.99380644],
        [-0.48875859, -0.18435145,  0.        , ..., -0.9921556 ,
         -0.81599492, -0.95628693],
        ...,
        [ 0.92667471,  0.99819604,  0.9921556 , ...,  0.        ,
         -0.47151781, -0.17059154],
        [ 0.99442087,  0.90857511,  0.81599492, ...,  0.47151781,
          0.        ,  0.31416895],
        [ 0.97721063,  0.99380644,  0.95628693, ...,  0.17059154,
         -0.31416895,  0.        ]],

       [[ 0.        ,  0.23542099,  0.24257454, ...,  0.05285811,
         -0.02907755, -0.2213418 ],
        [-0.23542099,  0.        ,  0.007367  , ..., -0.18371943,
         -0.26358172, -0.44470234],
        [-0.24257454, -0.007367  ,  0.        , ..., -0.19095605,
         -0.27068105, -0.45128873],
        ...,
        [-0.05285811,  0.18371943,  0.19095605, ...,  0.        ,
         -0.08187266, -0.27257941],
        [ 0.02907755,  0.26358172,  0.27068105, ...,  0.08187266,
          0.        , -0.19289189],
        [ 0.2213418 ,  0.44470234,  0.45128873, ...,  0.27257941,
          0.19289189,  0.        ]],

       [[ 0.        ,  0.14510191,  0.37140697, ..., -0.66925705,
         -0.79803168, -0.98866274],
        [-0.14510191,  0.        ,  0.23275347, ..., -0.76998932,
         -0.87702655, -0.99998696],
        [-0.37140697, -0.23275347,  0.        , ..., -0.89735209,
         -0.96476421, -0.97371182],
        ...,
        [ 0.66925705,  0.76998932,  0.89735209, ...,  0.        ,
         -0.18965758, -0.63411592],
        [ 0.79803168,  0.87702655,  0.96476421, ...,  0.18965758,
          0.        , -0.47595646],
        [ 0.98866274,  0.99998696,  0.97371182, ...,  0.63411592,
          0.47595646,  0.        ]],

       ...,

       [[ 0.        ,  0.29746489,  0.39040694, ..., -0.76320198,
         -0.83710098, -0.39040694],
        [-0.29746489,  0.        ,  0.09887551, ..., -0.53644402,
         -0.63648004, -0.09887551],
        [-0.39040694, -0.09887551,  0.        , ..., -0.45037075,
         -0.55709916, -0.        ],
        ...,
        [ 0.76320198,  0.53644402,  0.45037075, ...,  0.        ,
          0.12339275, -0.45037075],
        [ 0.83710098,  0.63648004,  0.55709916, ..., -0.12339275,
          0.        , -0.55709916],
        [ 0.39040694,  0.09887551,  0.        , ...,  0.45037075,
          0.55709916,  0.        ]],

       [[ 0.        ,  0.65835931,  0.87112265, ...,  0.37972414,
          0.1832775 ,  0.        ],
        [-0.65835931,  0.        ,  0.33239979, ...,  0.89486785,
          0.78516117,  0.65835931],
        [-0.87112265, -0.33239979,  0.        , ...,  0.99234479,
          0.94636815,  0.87112265],
        ...,
        [-0.37972414, -0.89486785, -0.99234479, ...,  0.        ,
          0.2037421 ,  0.37972414],
        [-0.1832775 , -0.78516117, -0.94636815, ..., -0.2037421 ,
          0.        ,  0.1832775 ],
        [-0.        , -0.65835931, -0.87112265, ..., -0.37972414,
         -0.1832775 ,  0.        ]],

       [[ 0.        , -0.18929086, -0.48901051, ...,  0.43538393,
          0.17601808, -0.12967054],
        [ 0.18929086,  0.        , -0.31505549, ...,  0.59792078,
          0.3591713 ,  0.06036646],
        [ 0.48901051,  0.31505549,  0.        , ...,  0.82000498,
          0.63491224,  0.37177311],
        ...,
        [-0.43538393, -0.59792078, -0.82000498, ...,  0.        ,
         -0.27012688, -0.54844329],
        [-0.17601808, -0.3591713 , -0.63491224, ...,  0.27012688,
          0.        , -0.30217797],
        [ 0.12967054, -0.06036646, -0.37177311, ...,  0.54844329,
          0.30217797,  0.        ]]]), 'num': array([7.06814818e-01, 7.06814818e-01, 0.00000000e+00, 0.00000000e+00,
       4.24832906e-03, 4.28552984e-03, 4.20368813e-03, 2.53474954e-02,
       2.23204679e-05, 4.25130512e-03, 5.11622326e-03, 5.38171282e-03,
       1.33922808e-06, 6.43573256e-03, 3.79671395e-03])}
{'img': array([[[ 0.        ,  0.18435145, -0.01849728, ..., -0.90857511,
         -0.99380644, -0.99925185],
        [-0.18435145,  0.        , -0.20250015, ..., -0.81599492,
         -0.95628693, -0.97499532],
        [ 0.01849728,  0.20250015,  0.        , ..., -0.91614638,
         -0.99569192, -0.99979627],
        ...,
        [ 0.90857511,  0.81599492,  0.91614638, ...,  0.        ,
          0.31416895,  0.3822701 ],
        [ 0.99380644,  0.95628693,  0.99569192, ..., -0.31416895,
          0.        ,  0.07260663],
        [ 0.99925185,  0.97499532,  0.99979627, ..., -0.3822701 ,
         -0.07260663,  0.        ]],

       [[ 0.        ,  0.007367  , -0.32134792, ..., -0.26358172,
         -0.44470234, -0.58320574],
        [-0.007367  ,  0.        , -0.32831546, ..., -0.27068105,
         -0.45128873, -0.58917431],
        [ 0.32134792,  0.32831546,  0.        , ...,  0.06038245,
         -0.13329146, -0.29123443],
        ...,
        [ 0.26358172,  0.27068105, -0.06038245, ...,  0.        ,
         -0.19289189, -0.34846799],
        [ 0.44470234,  0.45128873,  0.13329146, ...,  0.19289189,
          0.        , -0.16112221],
        [ 0.58320574,  0.58917431,  0.29123443, ...,  0.34846799,
          0.16112221,  0.        ]],

       [[ 0.        ,  0.22307283,  0.38100954, ..., -0.81540778,
         -0.92207858, -0.99908359],
        [-0.22307283,  0.        ,  0.16516208, ..., -0.92399492,
         -0.98517363, -0.9643606 ],
        [-0.38100954, -0.16516208,  0.        , ..., -0.97446394,
         -0.99997893, -0.90741602],
        ...,
        [ 0.81540778,  0.92399492,  0.97446394, ...,  0.        ,
         -0.21821428, -0.61325722],
        [ 0.92207858,  0.98517363,  0.99997893, ...,  0.21821428,
          0.        , -0.42611445],
        [ 0.99908359,  0.9643606 ,  0.90741602, ...,  0.61325722,
          0.42611445,  0.        ]],

       ...,

       [[ 0.        ,  0.09887551, -0.50193575, ..., -0.63648004,
         -0.09887551, -0.37491778],
        [-0.09887551,  0.        , -0.58499408, ..., -0.55709916,
         -0.        , -0.28141728],
        [ 0.50193575,  0.58499408,  0.        , ..., -0.93763433,
         -0.58499408, -0.78959181],
        ...,
        [ 0.63648004,  0.55709916,  0.93763433, ...,  0.        ,
         -0.55709916, -0.30088243],
        [ 0.09887551,  0.        ,  0.58499408, ...,  0.55709916,
          0.        ,  0.28141728],
        [ 0.37491778,  0.28141728,  0.78959181, ...,  0.30088243,
         -0.28141728,  0.        ]],

       [[ 0.        ,  0.71272253,  0.85610047, ...,  0.19566269,
          0.        ,  0.19366299],
        [-0.71272253,  0.        ,  0.23216659, ...,  0.83619333,
          0.71272253,  0.83507349],
        [-0.85610047, -0.23216659,  0.        , ...,  0.94067345,
          0.85610047,  0.93997973],
        ...,
        [-0.19566269, -0.83619333, -0.94067345, ...,  0.        ,
          0.19566269,  0.0020387 ],
        [-0.        , -0.71272253, -0.85610047, ..., -0.19566269,
          0.        , -0.19366299],
        [-0.19366299, -0.83507349, -0.93997973, ..., -0.0020387 ,
          0.19366299,  0.        ]],

       [[ 0.        , -0.18633994, -0.1961619 , ...,  0.31637047,
          0.04912387, -0.47866043],
        [ 0.18633994,  0.        , -0.01000654, ...,  0.48759807,
          0.23437846, -0.30667036],
        [ 0.1961619 ,  0.01000654,  0.        , ...,  0.49631005,
          0.24409454, -0.29713062],
        ...,
        [-0.31637047, -0.48759807, -0.49631005, ...,  0.        ,
         -0.26938785, -0.73184769],
        [-0.04912387, -0.23437846, -0.24409454, ...,  0.26938785,
          0.        , -0.5212133 ],
        [ 0.47866043,  0.30667036,  0.29713062, ...,  0.73184769,
          0.5212133 ,  0.        ]]]), 'num': array([ 9.97545274e-01,  2.09518403e-03,  1.73423361e-05, -1.47910222e-09,
        5.99668729e-03,  6.14294795e-03,  5.95489853e-03,  6.73751845e-02,
        3.13415712e-05,  5.95698797e-03,  7.09573172e-03,  7.52963836e-03,
        9.63762952e-07,  8.99751755e-03,  5.19394588e-03])}
{'img': array([[[ 0.        , -0.20250015, -0.13800605, ..., -0.95628693,
         -0.97499532, -0.98683789],
        [ 0.20250015,  0.        ,  0.06541563, ..., -0.99569192,
         -0.99979627, -0.99913965],
        [ 0.13800605, -0.06541563,  0.        , ..., -0.9874937 ,
         -0.99633442, -0.99971254],
        ...,
        [ 0.95628693,  0.99569192,  0.9874937 , ...,  0.        ,
          0.07260663,  0.13393728],
        [ 0.97499532,  0.99979627,  0.99633442, ..., -0.07260663,
          0.        ,  0.06163134],
        [ 0.98683789,  0.99913965,  0.99971254, ..., -0.13393728,
         -0.06163134,  0.        ]],

       [[ 0.        , -0.32831546,  0.07345629, ..., -0.45128873,
         -0.58917431, -0.34040778],
        [ 0.32831546,  0.        ,  0.39681297, ..., -0.13329146,
         -0.29123443, -0.01283056],
        [-0.07345629, -0.39681297,  0.        , ..., -0.51562032,
         -0.64693574, -0.40855747],
        ...,
        [ 0.45128873,  0.13329146,  0.51562032, ...,  0.        ,
         -0.16112221,  0.12056442],
        [ 0.58917431,  0.29123443,  0.64693574, ...,  0.16112221,
          0.        ,  0.27893608],
        [ 0.34040778,  0.01283056,  0.40855747, ..., -0.12056442,
         -0.27893608,  0.        ]],

       [[ 0.        ,  0.16445478,  0.26719553, ..., -0.98138566,
         -0.9928434 , -0.9631796 ],
        [-0.16445478,  0.        ,  0.10508197, ..., -0.99960683,
         -0.95968569, -0.90585043],
        [-0.26719553, -0.10508197,  0.        , ..., -0.99701896,
         -0.92483649, -0.85632277],
        ...,
        [ 0.98138566,  0.99960683,  0.99701896, ...,  0.        ,
         -0.30787353, -0.44883028],
        [ 0.9928434 ,  0.95968569,  0.92483649, ...,  0.30787353,
          0.        , -0.15190835],
        [ 0.9631796 ,  0.90585043,  0.85632277, ...,  0.44883028,
          0.15190835,  0.        ]],

       ...,

       [[ 0.        , -0.55619507, -0.53652246, ..., -0.61546103,
         -0.65912504, -0.        ],
        [ 0.55619507,  0.        ,  0.02348732, ..., -0.94985475,
         -0.96604428, -0.55619507],
        [ 0.53652246, -0.02348732,  0.        , ..., -0.94224844,
         -0.95970921, -0.53652246],
        ...,
        [ 0.61546103,  0.94985475,  0.94224844, ...,  0.        ,
          0.05665358, -0.61546103],
        [ 0.65912504,  0.96604428,  0.95970921, ..., -0.05665358,
          0.        , -0.65912504],
        [ 0.        ,  0.55619507,  0.53652246, ...,  0.61546103,
          0.65912504,  0.        ]],

       [[ 0.        ,  0.62206571,  0.8146102 , ...,  0.        ,
          0.20979161,  0.38925723],
        [-0.62206571,  0.        ,  0.27700771, ...,  0.62206571,
          0.77248183,  0.87777763],
        [-0.8146102 , -0.27700771,  0.        , ...,  0.8146102 ,
          0.91816294,  0.97613378],
        ...,
        [-0.        , -0.62206571, -0.8146102 , ...,  0.        ,
         -0.20979161, -0.38925723],
        [-0.20979161, -0.77248183, -0.91816294, ...,  0.20979161,
          0.        , -0.1873496 ],
        [-0.38925723, -0.87777763, -0.97613378, ...,  0.38925723,
          0.1873496 ,  0.        ]],

       [[ 0.        , -0.00523121,  0.02705276, ...,  0.15188255,
         -0.08921993, -0.54596481],
        [ 0.00523121,  0.        ,  0.03228168, ...,  0.15705099,
         -0.08400836, -0.54157459],
        [-0.02705276, -0.03228168,  0.        , ...,  0.12508806,
         -0.11613214, -0.56843001],
        ...,
        [-0.15188255, -0.15705099, -0.12508806, ...,  0.        ,
         -0.23946168, -0.66687926],
        [ 0.08921993,  0.08400836,  0.11613214, ...,  0.23946168,
          0.        , -0.46903829],
        [ 0.54596481,  0.54157459,  0.56843001, ...,  0.66687926,
          0.46903829,  0.        ]]]), 'num': array([9.78711189e-01, 2.00722524e-01, 1.34600115e-05, 4.85708916e-08,
       5.89385353e-03, 5.93464144e-03, 5.81227770e-03, 3.86858066e-02,
       4.07879137e-05, 5.81839589e-03, 6.83401494e-03, 7.32024086e-03,
       1.07531772e-06, 8.70371484e-03, 4.96431504e-03])}
{'img': array([[[ 0.        ,  0.06541563,  0.06541563, ..., -0.99979627,
         -0.99913965, -0.99359405],
        [-0.06541563,  0.        ,  0.        , ..., -0.99633442,
         -0.99971254, -0.99885838],
        [-0.06541563,  0.        ,  0.        , ..., -0.99633442,
         -0.99971254, -0.99885838],
        ...,
        [ 0.99979627,  0.99633442,  0.99633442, ...,  0.        ,
          0.06163134,  0.13304064],
        [ 0.99913965,  0.99971254,  0.99971254, ..., -0.06163134,
          0.        ,  0.07170425],
        [ 0.99359405,  0.99885838,  0.99885838, ..., -0.13304064,
         -0.07170425,  0.        ]],

       [[ 0.        ,  0.39681297, -0.21410671, ..., -0.29123443,
         -0.01283056, -0.24657402],
        [-0.39681297,  0.        , -0.58413942, ..., -0.64693574,
         -0.40855747, -0.61089112],
        [ 0.21410671,  0.58413942,  0.        , ..., -0.07965524,
          0.20155606, -0.0333601 ],
        ...,
        [ 0.29123443,  0.64693574,  0.07965524, ...,  0.        ,
          0.27893608,  0.04635681],
        [ 0.01283056,  0.40855747, -0.20155606, ..., -0.27893608,
          0.        , -0.23411932],
        [ 0.24657402,  0.61089112,  0.0333601 , ..., -0.04635681,
          0.23411932,  0.        ]],

       [[ 0.        ,  0.10508197,  0.20179438, ..., -0.95968569,
         -0.90585043, -0.93956973],
        [-0.10508197,  0.        ,  0.09775695, ..., -0.92483649,
         -0.85632277, -0.89839226],
        [-0.20179438, -0.09775695,  0.        , ..., -0.8832235 ,
         -0.80173556, -0.85115498],
        ...,
        [ 0.95968569,  0.92483649,  0.8832235 , ...,  0.        ,
         -0.15190835, -0.06446573],
        [ 0.90585043,  0.85632277,  0.80173556, ...,  0.15190835,
          0.        ,  0.08787479],
        [ 0.93956973,  0.89839226,  0.85115498, ...,  0.06446573,
         -0.08787479,  0.        ]],

       ...,

       [[ 0.        ,  0.02390405,  0.23454138, ..., -0.96387337,
         -0.54841506, -0.75449516],
        [-0.02390405,  0.        ,  0.21123709, ..., -0.95723084,
         -0.52826964, -0.73859121],
        [-0.23454138, -0.21123709,  0.        , ..., -0.87451456,
         -0.33699267, -0.57951855],
        ...,
        [ 0.96387337,  0.95723084,  0.87451456, ...,  0.        ,
         -0.65992062, -0.43162748],
        [ 0.54841506,  0.52826964,  0.33699267, ...,  0.65992062,
          0.        ,  0.2709857 ],
        [ 0.75449516,  0.73859121,  0.57951855, ...,  0.43162748,
         -0.2709857 ,  0.        ]],

       [[ 0.        ,  0.63521115,  0.80298974, ...,  0.22204145,
          0.41123718,  0.62344258],
        [-0.63521115,  0.        ,  0.24159861, ...,  0.79084568,
          0.8966273 ,  0.97816072],
        [-0.80298974, -0.24159861,  0.        , ...,  0.91528001,
          0.97704235,  0.99940022],
        ...,
        [-0.22204145, -0.79084568, -0.91528001, ...,  0.        ,
         -0.19857447, -0.43427236],
        [-0.41123718, -0.8966273 , -0.97704235, ...,  0.19857447,
          0.        , -0.24675194],
        [-0.62344258, -0.97816072, -0.99940022, ...,  0.43427236,
          0.24675194,  0.        ]],

       [[ 0.        ,  0.02596581,  0.10322923, ..., -0.06502385,
         -0.28173814, -0.65003468],
        [-0.02596581,  0.        ,  0.07736733, ..., -0.09091279,
         -0.30655712, -0.66954704],
        [-0.10322923, -0.07736733,  0.        , ..., -0.16768723,
         -0.37928053, -0.72500628],
        ...,
        [ 0.06502385,  0.09091279,  0.16768723, ...,  0.        ,
         -0.21875208, -0.59924709],
        [ 0.28173814,  0.30655712,  0.37928053, ...,  0.21875208,
          0.        , -0.40960854],
        [ 0.65003468,  0.66954704,  0.72500628, ...,  0.59924709,
          0.40960854,  0.        ]]]), 'num': array([9.25998971e-01, 3.72852274e-01, 9.29658315e-06, 9.46883456e-08,
       5.64435406e-03, 5.69178560e-03, 5.51154573e-03, 5.66826904e-02,
       1.61267259e-04, 5.47549775e-03, 6.26523300e-03, 6.78903538e-03,
       1.69135748e-06, 7.94890166e-03, 4.58156435e-03])}
{'img': array([[[ 0.        ,  0.        , -0.04694678, ..., -0.99971254,
         -0.99885838, -0.95912501],
        [ 0.        ,  0.        , -0.04694678, ..., -0.99971254,
         -0.99885838, -0.95912501],
        [ 0.04694678,  0.04694678,  0.        , ..., -0.99973583,
         -0.9955144 , -0.94478234],
        ...,
        [ 0.99971254,  0.99971254,  0.99973583, ...,  0.        ,
          0.07170425,  0.30589708],
        [ 0.99885838,  0.99885838,  0.9955144 , ..., -0.07170425,
          0.        ,  0.2368426 ],
        [ 0.95912501,  0.95912501,  0.94478234, ..., -0.30589708,
         -0.2368426 ,  0.        ]],

       [[ 0.        , -0.58413942, -0.51785052, ..., -0.40855747,
         -0.61089112, -0.44106509],
        [ 0.58413942,  0.        ,  0.0793993 , ...,  0.20155606,
         -0.0333601 ,  0.16625865],
        [ 0.51785052, -0.0793993 ,  0.        , ...,  0.12314993,
         -0.11260988,  0.08743951],
        ...,
        [ 0.40855747, -0.20155606, -0.12314993, ...,  0.        ,
         -0.23411932, -0.03590432],
        [ 0.61089112,  0.0333601 ,  0.11260988, ...,  0.23411932,
          0.        ,  0.1990619 ],
        [ 0.44106509, -0.16625865, -0.08743951, ...,  0.03590432,
         -0.1990619 ,  0.        ]],

       [[ 0.        ,  0.09775695,  0.09775695, ..., -0.85632277,
         -0.89839226, -0.98513834],
        [-0.09775695,  0.        ,  0.        , ..., -0.80173556,
         -0.85115498, -0.96362883],
        [-0.09775695,  0.        ,  0.        , ..., -0.80173556,
         -0.85115498, -0.96362883],
        ...,
        [ 0.85632277,  0.80173556,  0.80173556, ...,  0.        ,
          0.08787479,  0.36168144],
        [ 0.89839226,  0.85115498,  0.85115498, ..., -0.08787479,
          0.        ,  0.27835647],
        [ 0.98513834,  0.96362883,  0.96362883, ..., -0.36168144,
         -0.27835647,  0.        ]],

       ...,

       [[ 0.        ,  0.21123709,  0.21123709, ..., -0.52826964,
         -0.73859121, -0.9550772 ],
        [-0.21123709,  0.        ,  0.        , ..., -0.33699267,
         -0.57951855, -0.87092413],
        [-0.21123709,  0.        ,  0.        , ..., -0.33699267,
         -0.57951855, -0.87092413],
        ...,
        [ 0.52826964,  0.33699267,  0.33699267, ...,  0.        ,
          0.2709857 ,  0.65437731],
        [ 0.73859121,  0.57951855,  0.57951855, ..., -0.2709857 ,
          0.        ,  0.42498195],
        [ 0.9550772 ,  0.87092413,  0.87092413, ..., -0.65437731,
         -0.42498195,  0.        ]],

       [[ 0.        ,  0.59866132,  0.74776193, ...,  0.43555118,
          0.65704694,  0.8898875 ],
        [-0.59866132,  0.        ,  0.20146768, ...,  0.88777083,
          0.97759672,  0.98589925],
        [-0.74776193, -0.20146768,  0.        , ...,  0.96229993,
          0.99995753,  0.93196995],
        ...,
        [-0.43555118, -0.88777083, -0.96229993, ...,  0.        ,
         -0.26310987, -0.6023549 ],
        [-0.65704694, -0.97759672, -0.99995753, ...,  0.26310987,
          0.        , -0.37110969],
        [-0.8898875 , -0.98589925, -0.93196995, ...,  0.6023549 ,
          0.37110969,  0.        ]],

       [[ 0.        ,  0.07323083,  0.17100197, ..., -0.27884853,
         -0.49647936, -0.69961279],
        [-0.07323083,  0.        ,  0.09839064, ..., -0.34842597,
         -0.55871424, -0.7500594 ],
        [-0.17100197, -0.09839064,  0.        , ..., -0.43896048,
         -0.63760457, -0.81149268],
        ...,
        [ 0.27884853,  0.34842597,  0.43896048, ...,  0.        ,
         -0.23473249, -0.47261926],
        [ 0.49647936,  0.55871424,  0.63760457, ...,  0.23473249,
          0.        , -0.25255234],
        [ 0.69961279,  0.7500594 ,  0.81149268, ...,  0.47261926,
          0.25255234,  0.        ]]]), 'num': array([ 9.86003662e-01,  1.62819644e-01,  1.38583168e-05,  2.78013913e-07,
        6.00864247e-03,  6.06933582e-03,  5.97829579e-03,  3.08855350e-02,
       -1.01155597e-05,  5.89130197e-03,  6.60495471e-03,  7.21559733e-03,
        1.83919267e-06,  8.37914977e-03,  4.83075965e-03])}
{'img': array([[[ 0.        , -0.04694678,  0.06771381, ..., -0.99885838,
         -0.95912501, -0.96252399],
        [ 0.04694678,  0.        ,  0.11447818, ..., -0.9955144 ,
         -0.94478234, -0.9487309 ],
        [-0.06771381, -0.11447818,  0.        , ..., -0.99980045,
         -0.97608545, -0.97867854],
        ...,
        [ 0.99885838,  0.9955144 ,  0.99980045, ...,  0.        ,
          0.2368426 ,  0.22490751],
        [ 0.95912501,  0.94478234,  0.97608545, ..., -0.2368426 ,
          0.        , -0.01226627],
        [ 0.96252399,  0.9487309 ,  0.97867854, ..., -0.22490751,
          0.01226627,  0.        ]],

       [[ 0.        ,  0.0793993 ,  0.10248003, ..., -0.0333601 ,
          0.16625865, -0.12763444],
        [-0.0793993 ,  0.        ,  0.02317522, ..., -0.11260988,
          0.08743951, -0.2059814 ],
        [-0.10248003, -0.02317522,  0.        , ..., -0.13560745,
          0.06432957, -0.22860433],
        ...,
        [ 0.0333601 ,  0.11260988,  0.13560745, ...,  0.        ,
          0.1990619 , -0.09447614],
        [-0.16625865, -0.08743951, -0.06432957, ..., -0.1990619 ,
          0.        , -0.29075691],
        [ 0.12763444,  0.2059814 ,  0.22860433, ...,  0.09447614,
          0.29075691,  0.        ]],

       [[ 0.        ,  0.        , -0.01678293, ..., -0.85115498,
         -0.96362883, -0.98878292],
        [ 0.        ,  0.        , -0.01678293, ..., -0.85115498,
         -0.96362883, -0.98878292],
        [ 0.01678293,  0.01678293,  0.        , ..., -0.8598447 ,
         -0.96797825, -0.99115035],
        ...,
        [ 0.85115498,  0.85115498,  0.8598447 , ...,  0.        ,
          0.27835647,  0.39189817],
        [ 0.96362883,  0.96362883,  0.96797825, ..., -0.27835647,
          0.        ,  0.12031916],
        [ 0.98878292,  0.98878292,  0.99115035, ..., -0.39189817,
         -0.12031916,  0.        ]],

       ...,

       [[ 0.        ,  0.        , -0.06500409, ..., -0.57951855,
         -0.87092413, -0.87825813],
        [ 0.        ,  0.        , -0.06500409, ..., -0.57951855,
         -0.87092413, -0.87825813],
        [ 0.06500409,  0.06500409,  0.        , ..., -0.63126854,
         -0.90102627, -0.90748471],
        ...,
        [ 0.57951855,  0.57951855,  0.63126854, ...,  0.        ,
          0.42498195,  0.43862627],
        [ 0.87092413,  0.87092413,  0.90102627, ..., -0.42498195,
          0.        ,  0.01512695],
        [ 0.87825813,  0.87825813,  0.90748471, ..., -0.43862627,
         -0.01512695,  0.        ]],

       [[ 0.        ,  0.24663007,  0.44657235, ...,  0.94021629,
          0.99906059,  0.96973971],
        [-0.24663007,  0.        ,  0.21210595, ...,  0.99516948,
          0.95751152,  0.87957162],
        [-0.44657235, -0.21210595,  0.        , ...,  0.99334889,
          0.87455465,  0.75864554],
        ...,
        [-0.94021629, -0.99516948, -0.99334889, ...,  0.        ,
         -0.38100254, -0.55981741],
        [-0.99906059, -0.95751152, -0.87455465, ...,  0.38100254,
          0.        , -0.20188782],
        [-0.96973971, -0.87957162, -0.75864554, ...,  0.55981741,
          0.20188782,  0.        ]],

       [[ 0.        ,  0.09296602,  0.17410755, ..., -0.4828703 ,
         -0.56265635, -0.78092557],
        [-0.09296602,  0.        ,  0.08180742, ..., -0.56218871,
         -0.6370738 , -0.83561241],
        [-0.17410755, -0.08180742,  0.        , ..., -0.62795981,
         -0.69799582, -0.87774998],
        ...,
        [ 0.4828703 ,  0.56218871,  0.62795981, ...,  0.        ,
         -0.09352912, -0.38223776],
        [ 0.56265635,  0.6370738 ,  0.69799582, ...,  0.09352912,
          0.        , -0.29413535],
        [ 0.78092557,  0.83561241,  0.87774998, ...,  0.38223776,
          0.29413535,  0.        ]]]), 'num': array([9.84664750e-01, 1.59890460e-01, 1.30296096e-05, 2.49397015e-07,
       6.06451684e-03, 6.06451684e-03, 5.79626017e-03, 6.75579512e-02,
       3.73643218e-04, 5.69853810e-03, 6.18954361e-03, 6.81771131e-03,
       2.88776809e-06, 7.78880269e-03, 4.59028453e-03])}
{'img': array([[[ 0.        ,  0.11447818,  0.54924057, ..., -0.94478234,
         -0.9487309 , -0.74689083],
        [-0.11447818,  0.        ,  0.44996441, ..., -0.97608545,
         -0.97867854, -0.81810248],
        [-0.54924057, -0.44996441,  0.        , ..., -0.96950619,
         -0.96642719, -0.98936568],
        ...,
        [ 0.94478234,  0.97608545,  0.96950619, ...,  0.        ,
         -0.01226627,  0.38347485],
        [ 0.9487309 ,  0.97867854,  0.96642719, ...,  0.01226627,
          0.        ,  0.39477453],
        [ 0.74689083,  0.81810248,  0.98936568, ..., -0.38347485,
         -0.39477453,  0.        ]],

       [[ 0.        ,  0.02317522,  0.37346486, ...,  0.08743951,
         -0.2059814 ,  0.16595398],
        [-0.02317522,  0.        ,  0.35186619, ...,  0.06432957,
         -0.22860433,  0.14305554],
        [-0.37346486, -0.35186619,  0.        , ..., -0.29092166,
         -0.55653373, -0.21433995],
        ...,
        [-0.08743951, -0.06432957,  0.29092166, ...,  0.        ,
         -0.29075691,  0.07909132],
        [ 0.2059814 ,  0.22860433,  0.55653373, ...,  0.29075691,
          0.        ,  0.36552041],
        [-0.16595398, -0.14305554,  0.21433995, ..., -0.07909132,
         -0.36552041,  0.        ]],

       [[ 0.        , -0.01678293,  0.11601138, ..., -0.96362883,
         -0.98878292, -0.99797438],
        [ 0.01678293,  0.        ,  0.13266466, ..., -0.96797825,
         -0.99115035, -0.99676614],
        [-0.11601138, -0.13266466,  0.        , ..., -0.92611893,
         -0.96477911, -0.99861625],
        ...,
        [ 0.96362883,  0.96797825,  0.92611893, ...,  0.        ,
          0.12031916,  0.32800613],
        [ 0.98878292,  0.99115035,  0.96477911, ..., -0.12031916,
          0.        ,  0.21196067],
        [ 0.99797438,  0.99676614,  0.99861625, ..., -0.32800613,
         -0.21196067,  0.        ]],

       ...,

       [[ 0.        , -0.06500409,  0.33699267, ..., -0.87092413,
         -0.87825813, -0.99713395],
        [ 0.06500409,  0.        ,  0.39748175, ..., -0.90102627,
         -0.90748471, -0.99994298],
        [-0.33699267, -0.39748175,  0.        , ..., -0.65437731,
         -0.66574096, -0.9133132 ],
        ...,
        [ 0.87092413,  0.90102627,  0.65437731, ...,  0.        ,
          0.01512695,  0.42411805],
        [ 0.87825813,  0.90748471,  0.66574096, ..., -0.01512695,
          0.        ,  0.41037045],
        [ 0.99713395,  0.99994298,  0.9133132 , ..., -0.42411805,
         -0.41037045,  0.        ]],

       [[ 0.        ,  0.21210595,  0.51707801, ...,  0.95751152,
          0.87957162,  0.69364152],
        [-0.21210595,  0.        ,  0.32376316, ...,  0.87455465,
          0.75864554,  0.52507463],
        [-0.51707801, -0.32376316,  0.        , ...,  0.67044803,
          0.50685063,  0.2212525 ],
        ...,
        [-0.95751152, -0.87455465, -0.67044803, ...,  0.        ,
         -0.20188782, -0.48967229],
        [-0.87957162, -0.75864554, -0.50685063, ...,  0.20188782,
          0.        , -0.30356196],
        [-0.69364152, -0.52507463, -0.2212525 , ...,  0.48967229,
          0.30356196,  0.        ]],

       [[ 0.        ,  0.08180742,  0.11838557, ..., -0.6370738 ,
         -0.83561241, -0.73728085],
        [-0.08180742,  0.        ,  0.03675663, ..., -0.69799582,
         -0.87774998, -0.79007758],
        [-0.11838557, -0.03675663,  0.        , ..., -0.72384564,
         -0.89476764, -0.81207575],
        ...,
        [ 0.6370738 ,  0.69799582,  0.72384564, ...,  0.        ,
         -0.29413535, -0.13789977],
        [ 0.83561241,  0.87774998,  0.89476764, ...,  0.29413535,
          0.        ,  0.15952562],
        [ 0.73728085,  0.79007758,  0.81207575, ...,  0.13789977,
         -0.15952562,  0.        ]]]), 'num': array([ 7.21777776e-01,  6.91137769e-01,  4.92604603e-07,  5.66156026e-07,
        4.37714376e-03,  4.48973910e-03,  4.32084609e-03,  3.46590265e-02,
       -7.74092947e-05,  4.25328889e-03,  4.49677630e-03,  4.99512796e-03,
        3.66971001e-06,  5.61047988e-03,  3.38307273e-03])}
{'img': array([[[ 0.        ,  0.44996441,  0.23406014, ..., -0.97867854,
         -0.81810248, -0.87331768],
        [-0.44996441,  0.        , -0.22843876, ..., -0.96642719,
         -0.98936568, -0.99911396],
        [-0.23406014,  0.22843876,  0.        , ..., -0.9995684 ,
         -0.92997887, -0.96308143],
        ...,
        [ 0.97867854,  0.96642719,  0.9995684 , ...,  0.        ,
          0.39477453,  0.29738673],
        [ 0.81810248,  0.98936568,  0.92997887, ..., -0.39477453,
          0.        , -0.10368139],
        [ 0.87331768,  0.99911396,  0.96308143, ..., -0.29738673,
          0.10368139,  0.        ]],

       [[ 0.        ,  0.35186619,  0.09776743, ..., -0.22860433,
          0.14305554, -0.02300499],
        [-0.35186619,  0.        , -0.25866527, ..., -0.55653373,
         -0.21433995, -0.3733069 ],
        [-0.09776743,  0.25866527,  0.        , ..., -0.32268765,
          0.04560834, -0.12063634],
        ...,
        [ 0.22860433,  0.55653373,  0.32268765, ...,  0.        ,
          0.36552041,  0.20614802],
        [-0.14305554,  0.21433995, -0.04560834, ..., -0.36552041,
          0.        , -0.16578606],
        [ 0.02300499,  0.3733069 ,  0.12063634, ..., -0.20614802,
          0.16578606,  0.        ]],

       [[ 0.        ,  0.13266466,  0.2117292 , ..., -0.99115035,
         -0.99676614, -0.97723509],
        [-0.13266466,  0.        ,  0.08020079, ..., -0.96477911,
         -0.99861625, -0.99674333],
        [-0.2117292 , -0.08020079,  0.        , ..., -0.94057357,
         -0.99118176, -0.9999999 ],
        ...,
        [ 0.99115035,  0.96477911,  0.94057357, ...,  0.        ,
          0.21196067,  0.34000391],
        [ 0.99676614,  0.99861625,  0.99118176, ..., -0.21196067,
          0.        ,  0.1329455 ],
        [ 0.97723509,  0.99674333,  0.9999999 , ..., -0.34000391,
         -0.1329455 ,  0.        ]],

       ...,

       [[ 0.        ,  0.39748175, -0.3921442 , ..., -0.90748471,
         -0.99994298, -0.80989152],
        [-0.39748175,  0.        , -0.72548043, ..., -0.66574096,
         -0.9133132 , -0.97631934],
        [ 0.3921442 ,  0.72548043,  0.        , ..., -0.99953254,
         -0.92403887, -0.51499843],
        ...,
        [ 0.90748471,  0.66574096,  0.99953254, ...,  0.        ,
          0.41037045,  0.87253546],
        [ 0.99994298,  0.9133132 ,  0.92403887, ..., -0.41037045,
          0.        ,  0.59519477],
        [ 0.80989152,  0.97631934,  0.51499843, ..., -0.87253546,
         -0.59519477,  0.        ]],

       [[ 0.        ,  0.32376316,  0.48559659, ...,  0.75864554,
          0.52507463,  0.22814519],
        [-0.32376316,  0.        ,  0.1764132 , ...,  0.50685063,
          0.2212525 , -0.09936772],
        [-0.48559659, -0.1764132 ,  0.        , ...,  0.34682712,
          0.04574135, -0.27334935],
        ...,
        [-0.75864554, -0.50685063, -0.34682712, ...,  0.        ,
         -0.30356196, -0.59000046],
        [-0.52507463, -0.2212525 , -0.04574135, ...,  0.30356196,
          0.        , -0.31706253],
        [-0.22814519,  0.09936772,  0.27334935, ...,  0.59000046,
          0.31706253,  0.        ]],

       [[ 0.        ,  0.03675663,  0.11182022, ..., -0.87774998,
         -0.79007758, -0.74627796],
        [-0.03675663,  0.        ,  0.07521855, ..., -0.89476764,
         -0.81207575, -0.77024014],
        [-0.11182022, -0.07521855,  0.        , ..., -0.92582032,
         -0.85366914, -0.81602903],
        ...,
        [ 0.87774998,  0.89476764,  0.92582032, ...,  0.        ,
          0.15952562,  0.22670471],
        [ 0.79007758,  0.81207575,  0.85366914, ..., -0.15952562,
          0.        ,  0.06842934],
        [ 0.74627796,  0.77024014,  0.81602903, ..., -0.22670471,
         -0.06842934,  0.        ]]]), 'num': array([9.93764177e-01, 9.97081268e-02, 1.40574851e-05, 7.55211890e-07,
       6.04091926e-03, 6.09790906e-03, 5.96493285e-03, 4.68074360e-02,
       1.32976210e-04, 5.85095324e-03, 5.99390267e-03, 6.72527182e-03,
       5.34279415e-06, 7.33473812e-03, 4.65306721e-03])}
{'img': array([[[ 0.00000000e+00, -2.28438765e-01, -3.05651304e-01, ...,
         -9.89365685e-01, -9.99113960e-01, -9.84997082e-01],
        [ 2.28438765e-01,  0.00000000e+00, -8.00628693e-02, ...,
         -9.29978866e-01, -9.63081427e-01, -9.19530163e-01],
        [ 3.05651304e-01,  8.00628693e-02,  0.00000000e+00, ...,
         -8.97561312e-01, -9.38436012e-01, -8.85112037e-01],
        ...,
        [ 9.89365685e-01,  9.29978866e-01,  8.97561312e-01, ...,
          0.00000000e+00, -1.03681388e-01,  2.74685414e-02],
        [ 9.99113960e-01,  9.63081427e-01,  9.38436012e-01, ...,
          1.03681388e-01,  0.00000000e+00,  1.30962767e-01],
        [ 9.84997082e-01,  9.19530163e-01,  8.85112037e-01, ...,
         -2.74685414e-02, -1.30962767e-01,  0.00000000e+00]],

       [[ 0.00000000e+00, -2.58665270e-01, -4.15659152e-01, ...,
         -2.14339947e-01, -3.73306902e-01, -3.73068368e-01],
        [ 2.58665270e-01,  0.00000000e+00, -1.66251675e-01, ...,
          4.56083436e-02, -1.20636338e-01, -1.20381104e-01],
        [ 4.15659152e-01,  1.66251675e-01,  0.00000000e+00, ...,
          2.11052302e-01,  4.60800156e-02,  4.63368491e-02],
        ...,
        [ 2.14339947e-01, -4.56083436e-02, -2.11052302e-01, ...,
          0.00000000e+00, -1.65786059e-01, -1.65532503e-01],
        [ 3.73306902e-01,  1.20636338e-01, -4.60800156e-02, ...,
          1.65786059e-01,  0.00000000e+00,  2.57108150e-04],
        [ 3.73068368e-01,  1.20381104e-01, -4.63368491e-02, ...,
          1.65532503e-01, -2.57108150e-04,  0.00000000e+00]],

       [[ 0.00000000e+00,  8.02007945e-02,  1.45782749e-01, ...,
         -9.98616248e-01, -9.96743335e-01, -9.75220929e-01],
        [-8.02007945e-02,  0.00000000e+00,  6.59691639e-02, ...,
         -9.91181764e-01, -9.99999903e-01, -9.89822557e-01],
        [-1.45782749e-01, -6.59691639e-02,  0.00000000e+00, ...,
         -9.80281108e-01, -9.97850599e-01, -9.97054269e-01],
        ...,
        [ 9.98616248e-01,  9.91181764e-01,  9.80281108e-01, ...,
          0.00000000e+00,  1.32945499e-01,  2.72212864e-01],
        [ 9.96743335e-01,  9.99999903e-01,  9.97850599e-01, ...,
         -1.32945499e-01,  0.00000000e+00,  1.41871439e-01],
        [ 9.75220929e-01,  9.89822557e-01,  9.97054269e-01, ...,
         -2.72212864e-01, -1.41871439e-01,  0.00000000e+00]],

       ...,

       [[ 0.00000000e+00, -7.25480432e-01, -6.94031472e-01, ...,
         -9.13313197e-01, -9.76319343e-01, -9.43068351e-01],
        [ 7.25480432e-01,  0.00000000e+00,  4.46436043e-02, ...,
         -9.24038870e-01, -5.14998430e-01, -4.07765941e-01],
        [ 6.94031472e-01, -4.46436043e-02,  0.00000000e+00, ...,
         -9.40184767e-01, -5.52753066e-01, -4.48122861e-01],
        ...,
        [ 9.13313197e-01,  9.24038870e-01,  9.40184767e-01, ...,
          0.00000000e+00,  5.95194771e-01,  6.87839088e-01],
        [ 9.76319343e-01,  5.14998430e-01,  5.52753066e-01, ...,
         -5.95194771e-01,  0.00000000e+00,  1.20704765e-01],
        [ 9.43068351e-01,  4.07765941e-01,  4.48122861e-01, ...,
         -6.87839088e-01, -1.20704765e-01,  0.00000000e+00]],

       [[ 0.00000000e+00,  1.76413201e-01,  2.83223221e-01, ...,
          2.21252504e-01, -9.93677250e-02, -7.04243220e-01],
        [-1.76413201e-01,  0.00000000e+00,  1.09591416e-01, ...,
          4.57413501e-02, -2.73349355e-01, -8.18444114e-01],
        [-2.83223221e-01, -1.09591416e-01,  0.00000000e+00, ...,
         -6.40108713e-02, -3.77120503e-01, -8.76484105e-01],
        ...,
        [-2.21252504e-01, -4.57413501e-02,  6.40108713e-02, ...,
          0.00000000e+00, -3.17062528e-01, -8.43869808e-01],
        [ 9.93677250e-02,  2.73349355e-01,  3.77120503e-01, ...,
          3.17062528e-01,  0.00000000e+00, -6.30210776e-01],
        [ 7.04243220e-01,  8.18444114e-01,  8.76484105e-01, ...,
          8.43869808e-01,  6.30210776e-01,  0.00000000e+00]],

       [[ 0.00000000e+00,  7.52185521e-02,  1.67373784e-01, ...,
         -8.12075750e-01, -7.70240137e-01, -6.09165359e-01],
        [-7.52185521e-02,  0.00000000e+00,  9.27421434e-02, ...,
         -8.53669137e-01, -8.16029032e-01, -6.67091201e-01],
        [-1.67373784e-01, -9.27421434e-02,  0.00000000e+00, ...,
         -8.98291525e-01, -8.66118049e-01, -7.33306821e-01],
        ...,
        [ 8.12075750e-01,  8.53669137e-01,  8.98291525e-01, ...,
          0.00000000e+00,  6.84293384e-02,  2.88531491e-01],
        [ 7.70240137e-01,  8.16029032e-01,  8.66118049e-01, ...,
         -6.84293384e-02,  0.00000000e+00,  2.22336097e-01],
        [ 6.09165359e-01,  6.67091201e-01,  7.33306821e-01, ...,
