state_0,state_1,state_2,state_3,state_4,state_5,state_6,state_7,state_8,state_9,state_10,state_11,state_12,state_13,state_14,state_15,state_16,state_17,state_18,state_19,state_20,state_21,state_22,state_23,state_24,state_25,state_26,state_27,state_28,state_29,state_30,state_31,state_32,state_33,state_34,state_35,state_36,state_37,state_38,state_39,state_40,state_41,state_42,state_43,state_44,state_45,state_46,state_47,state_48,state_49,state_50,state_51,state_52,state_53,state_54,state_55,state_56,state_57,state_58,state_59,state_60,state_61,state_62,state_63,state_64,state_65,state_66,state_67,state_68,state_69,state_70,state_71,state_72,state_73,state_74,state_75,state_76,state_77,state_78,state_79,state_80,state_81,state_82,state_83,state_84,state_85,state_86,state_87,state_88,state_89,state_90,state_91,state_92,state_93,state_94,state_95,state_96,state_97,state_98,state_99,state_100,state_101,state_102,state_103,state_104,state_105,state_106,state_107,state_108,state_109,state_110,state_111,state_112,state_113,state_114,state_115,state_116,state_117,state_118,state_119,state_120,state_121,state_122,state_123,state_124,state_125,state_126,state_127,state_128,state_129,state_130,state_131,state_132,state_133,state_134,state_135,state_136,state_137,state_138,state_139,state_140,state_141,state_142,state_143,state_144,state_145,state_146,state_147,state_148,state_149,state_150,state_151,state_152,state_153,state_154,state_155,state_156,state_157,state_158,state_159,state_160,state_161,state_162,state_163,state_164,state_165,state_166,state_167,state_168,state_169,state_170,state_171,state_172,state_173,state_174,state_175,state_176,state_177,state_178,state_179,state_180,state_181,state_182,state_183,state_184,state_185,state_186,state_187,state_188,state_189,state_190,state_191,state_192,state_193,state_194,state_195,state_196,state_197,state_198,state_199,state_200,state_201,state_202,state_203,state_204,state_205,state_206,state_207,state_208,state_209,state_210,state_211,state_212,state_213,state_214,state_215,state_216,state_217,state_218,state_219,state_220,state_221,state_222,state_223,state_224,state_225,state_226,state_227,state_228,state_229,state_230,state_231,state_232,state_233,state_234,state_235,state_236,state_237,state_238,state_239,state_240,state_241,state_242,state_243,state_244,state_245,state_246,state_247,state_248,state_249,state_250,state_251,state_252,state_253,state_254,state_255,state_256,state_257,state_258,state_259,state_260,state_261,state_262,state_263,state_264,state_265,state_266,state_267,state_268,state_269,state_270,state_271,state_272,state_273,state_274,state_275,state_276,state_277,state_278,state_279,state_280,state_281,state_282,state_283,state_284,state_285,state_286,state_287
{'img': array([[[ 0.        , -0.26487479, -0.45403667, ...,  0.84267397,
          0.28035143, -0.13423533],
        [ 0.26487479,  0.        , -0.20182083, ...,  0.95519102,
          0.52459069,  0.13303671],
        [ 0.45403667,  0.20182083,  0.        , ...,  0.99527249,
          0.68561699,  0.330326  ],
        ...,
        [-0.84267397, -0.95519102, -0.99527249, ...,  0.        ,
         -0.6579326 , -0.90732288],
        [-0.28035143, -0.52459069, -0.68561699, ...,  0.6579326 ,
          0.        , -0.40666626],
        [ 0.13423533, -0.13303671, -0.330326  , ...,  0.90732288,
          0.40666626,  0.        ]],

       [[ 0.        , -0.50918126, -0.55291726, ..., -0.40980461,
         -0.41851149, -0.03994361],
        [ 0.50918126,  0.        , -0.05160515, ...,  0.11175941,
          0.10224847,  0.47439706],
        [ 0.55291726,  0.05160515,  0.        , ...,  0.16289236,
          0.15344691,  0.51919354],
        ...,
        [ 0.40980461, -0.11175941, -0.16289236, ...,  0.        ,
         -0.00956576,  0.37304206],
        [ 0.41851149, -0.10224847, -0.15344691, ...,  0.00956576,
          0.        ,  0.38190024],
        [ 0.03994361, -0.47439706, -0.51919354, ..., -0.37304206,
         -0.38190024,  0.        ]],

       [[ 0.        , -0.06182017, -0.16685731, ...,  0.94106157,
          0.74456521,  0.46271869],
        [ 0.06182017,  0.        , -0.10558465, ...,  0.96017137,
          0.78440912,  0.51663755],
        [ 0.16685731,  0.10558465,  0.        , ...,  0.98430591,
          0.84551274,  0.60415173],
        ...,
        [-0.94106157, -0.96017137, -0.98430591, ...,  0.        ,
         -0.37636717, -0.67774815],
        [-0.74456521, -0.78440912, -0.84551274, ...,  0.37636717,
          0.        , -0.35117316],
        [-0.46271869, -0.51663755, -0.60415173, ...,  0.67774815,
          0.35117316,  0.        ]],

       ...,

       [[ 0.        , -0.55922447, -0.53038602, ...,  0.97436968,
          0.63164877,  0.19993073],
        [ 0.55922447,  0.        ,  0.0343874 , ...,  0.9335674 ,
          0.9571885 ,  0.71367958],
        [ 0.53038602, -0.0343874 ,  0.        , ...,  0.94533978,
          0.94666844,  0.68917007],
        ...,
        [-0.97436968, -0.9335674 , -0.94533978, ...,  0.        ,
         -0.61329354, -0.90972222],
        [-0.63164877, -0.9571885 , -0.94666844, ...,  0.61329354,
          0.        , -0.46389857],
        [-0.19993073, -0.71367958, -0.68917007, ...,  0.90972222,
          0.46389857,  0.        ]],

       [[ 0.        , -0.00313633, -0.0192405 , ...,  0.90608023,
          0.97424905,  0.99572254],
        [ 0.00313633,  0.        , -0.01610465, ...,  0.90740277,
          0.97495142,  0.99600742],
        [ 0.0192405 ,  0.01610465,  0.        , ...,  0.91405327,
          0.97840695,  0.99731592],
        ...,
        [-0.90608023, -0.90740277, -0.91405327, ...,  0.        ,
          0.20791249,  0.33757986],
        [-0.97424905, -0.97495142, -0.97840695, ..., -0.20791249,
          0.        ,  0.13449549],
        [-0.99572254, -0.99600742, -0.99731592, ..., -0.33757986,
         -0.13449549,  0.        ]],

       [[ 0.        , -0.00956036,  0.05709929, ..., -0.9246183 ,
         -0.90993099, -0.89287729],
        [ 0.00956036,  0.        ,  0.06664144, ..., -0.92093455,
         -0.90592415, -0.88853145],
        [-0.05709929, -0.06664144,  0.        , ..., -0.94485862,
         -0.93212893, -0.91713238],
        ...,
        [ 0.9246183 ,  0.92093455,  0.94485862, ...,  0.        ,
          0.03690622,  0.07626318],
        [ 0.90993099,  0.90592415,  0.93212893, ..., -0.03690622,
          0.        ,  0.03941248],
        [ 0.89287729,  0.88853145,  0.91713238, ..., -0.07626318,
         -0.03941248,  0.        ]]]), 'num': array([ 7.04974633e-01,  7.04974633e-01,  0.00000000e+00,  0.00000000e+00,
        4.76894605e-04,  4.80350363e-04,  4.66527331e-04,  7.75867089e-02,
       -1.72787900e-06,  4.89335333e-04,  4.80091181e-04,  4.76952201e-04,
        2.18258400e-06,  5.14166339e-04,  4.46016022e-04])}
{'img': array([[[ 0.        , -0.20182083, -0.47575315, ...,  0.52459069,
          0.13303671,  0.06666667],
        [ 0.20182083,  0.        , -0.28844599, ...,  0.68561699,
          0.330326  ,  0.26666667],
        [ 0.47575315,  0.28844599,  0.        , ...,  0.86645349,
          0.58854051,  0.53333333],
        ...,
        [-0.52459069, -0.68561699, -0.86645349, ...,  0.        ,
         -0.40666626, -0.46666667],
        [-0.13303671, -0.330326  , -0.58854051, ...,  0.40666626,
          0.        , -0.06666667],
        [-0.06666667, -0.26666667, -0.53333333, ...,  0.46666667,
          0.06666667,  0.        ]],

       [[ 0.        , -0.05160515,  0.1900013 , ...,  0.10224847,
          0.47439706,  0.38356899],
        [ 0.05160515,  0.        ,  0.24041324, ...,  0.15344691,
          0.51919354,  0.43071589],
        [-0.1900013 , -0.24041324,  0.        , ..., -0.08861959,
          0.29849513,  0.2011133 ],
        ...,
        [-0.10224847, -0.15344691,  0.08861959, ...,  0.        ,
          0.38190024,  0.28713095],
        [-0.47439706, -0.51919354, -0.29849513, ..., -0.38190024,
          0.        , -0.10045149],
        [-0.38356899, -0.43071589, -0.2011133 , ..., -0.28713095,
          0.10045149,  0.        ]],

       [[ 0.        , -0.10558465, -0.3354086 , ...,  0.78440912,
          0.51663755,  0.27128286],
        [ 0.10558465,  0.        , -0.23406536, ...,  0.84551274,
          0.60415173,  0.37139166],
        [ 0.3354086 ,  0.23406536,  0.        , ...,  0.94700555,
          0.77388842,  0.57839886],
        ...,
        [-0.78440912, -0.84551274, -0.94700555, ...,  0.        ,
         -0.35117316, -0.58673202],
        [-0.51663755, -0.60415173, -0.77388842, ...,  0.35117316,
          0.        , -0.26498995],
        [-0.27128286, -0.37139166, -0.57839886, ...,  0.58673202,
          0.26498995,  0.        ]],

       ...,

       [[ 0.        ,  0.0343874 , -0.47948659, ...,  0.9571885 ,
          0.71367958,  0.61424432],
        [-0.0343874 ,  0.        , -0.50937965, ...,  0.94666844,
          0.68917007,  0.5867454 ],
        [ 0.47948659,  0.50937965,  0.        , ...,  0.97877475,
          0.96215603,  0.91740011],
        ...,
        [-0.9571885 , -0.94666844, -0.97877475, ...,  0.        ,
         -0.46389857, -0.57753025],
        [-0.71367958, -0.68917007, -0.96215603, ...,  0.46389857,
          0.        , -0.13291476],
        [-0.61424432, -0.5867454 , -0.91740011, ...,  0.57753025,
          0.13291476,  0.        ]],

       [[ 0.        , -0.01610465, -0.07242168, ...,  0.97495142,
          0.99600742,  0.98187767],
        [ 0.01610465,  0.        , -0.05634992, ...,  0.97840695,
          0.99731592,  0.98480242],
        [ 0.07242168,  0.05634992,  0.        , ...,  0.98849918,
          0.99985713,  0.99302441],
        ...,
        [-0.97495142, -0.97840695, -0.98849918, ...,  0.        ,
          0.13449549,  0.03361846],
        [-0.99600742, -0.99731592, -0.99985713, ..., -0.13449549,
          0.        , -0.10110646],
        [-0.98187767, -0.98480242, -0.99302441, ..., -0.03361846,
          0.10110646,  0.        ]],

       [[ 0.        ,  0.06664144,  0.21250234, ..., -0.90592415,
         -0.88853145, -0.81005725],
        [-0.06664144,  0.        ,  0.14691055, ..., -0.93212893,
         -0.91713238, -0.84733175],
        [-0.21250234, -0.14691055,  0.        , ..., -0.97521534,
         -0.9657373 , -0.91615691],
        ...,
        [ 0.90592415,  0.93212893,  0.97521534, ...,  0.        ,
          0.03941248,  0.18817871],
        [ 0.88853145,  0.91713238,  0.9657373 , ..., -0.03941248,
          0.        ,  0.14932413],
        [ 0.81005725,  0.84733175,  0.91615691, ..., -0.18817871,
         -0.14932413,  0.        ]]]), 'num': array([ 8.71754932e-01,  4.78799211e-01,  2.90004222e-05, -2.78403377e-10,
        5.83886658e-04,  5.90350348e-04,  5.66650151e-04,  1.03883821e-01,
       -1.07728166e-05,  6.01984990e-04,  5.98645416e-04,  5.94587656e-04,
        2.20980853e-06,  6.41135131e-04,  5.56155702e-04])}
{'img': array([[[ 0.        , -0.28844599,  0.        , ...,  0.330326  ,
          0.26666667, -0.0698472 ],
        [ 0.28844599,  0.        ,  0.28844599, ...,  0.58854051,
          0.53333333,  0.2208631 ],
        [ 0.        , -0.28844599,  0.        , ...,  0.330326  ,
          0.26666667, -0.0698472 ],
        ...,
        [-0.330326  , -0.58854051, -0.330326  , ...,  0.        ,
         -0.06666667, -0.3954457 ],
        [-0.26666667, -0.53333333, -0.26666667, ...,  0.06666667,
          0.        , -0.33333333],
        [ 0.0698472 , -0.2208631 ,  0.0698472 , ...,  0.3954457 ,
          0.33333333,  0.        ]],

       [[ 0.        ,  0.24041324,  0.13195998, ...,  0.51919354,
          0.43071589,  0.4789061 ],
        [-0.24041324,  0.        , -0.11022116, ...,  0.29849513,
          0.2011133 ,  0.25380944],
        [-0.13195998,  0.11022116,  0.        , ...,  0.40187273,
          0.30785706,  0.35887489],
        ...,
        [-0.51919354, -0.29849513, -0.40187273, ...,  0.        ,
         -0.10045149, -0.04648212],
        [-0.43071589, -0.2011133 , -0.30785706, ...,  0.10045149,
          0.        ,  0.05409591],
        [-0.4789061 , -0.25380944, -0.35887489, ...,  0.04648212,
         -0.05409591,  0.        ]],

       [[ 0.        , -0.23406536, -0.37534123, ...,  0.60415173,
          0.37139166,  0.07520957],
        [ 0.23406536,  0.        , -0.14796251, ...,  0.77388842,
          0.57839886,  0.30652274],
        [ 0.37534123,  0.14796251,  0.        , ...,  0.85907811,
          0.69273343,  0.44398892],
        ...,
        [-0.60415173, -0.77388842, -0.85907811, ...,  0.        ,
         -0.26498995, -0.54250843],
        [-0.37139166, -0.57839886, -0.69273343, ...,  0.26498995,
          0.        , -0.30050949],
        [-0.07520957, -0.30652274, -0.44398892, ...,  0.54250843,
          0.30050949,  0.        ]],

       ...,

       [[ 0.        , -0.50937965, -0.06983035, ...,  0.68917007,
          0.5867454 ,  0.27825129],
        [ 0.50937965,  0.        ,  0.44804425, ...,  0.96215603,
          0.91740011,  0.72871028],
        [ 0.06983035, -0.44804425,  0.        , ...,  0.73808677,
          0.64185971,  0.34464467],
        ...,
        [-0.68917007, -0.96215603, -0.73808677, ...,  0.        ,
         -0.13291476, -0.4603328 ],
        [-0.5867454 , -0.91740011, -0.64185971, ...,  0.13291476,
          0.        , -0.33825388],
        [-0.27825129, -0.72871028, -0.34464467, ...,  0.4603328 ,
          0.33825388,  0.        ]],

       [[ 0.        , -0.05634992, -0.15914008, ...,  0.99731592,
          0.98480242,  0.98480242],
        [ 0.05634992,  0.        , -0.10325542, ...,  0.99985713,
          0.99302441,  0.99302441],
        [ 0.15914008,  0.10325542,  0.        , ...,  0.99625814,
          0.99989131,  0.99989131],
        ...,
        [-0.99731592, -0.99985713, -0.99625814, ...,  0.        ,
         -0.10110646, -0.10110646],
        [-0.98480242, -0.99302441, -0.99989131, ...,  0.10110646,
          0.        ,  0.        ],
        [-0.98480242, -0.99302441, -0.99989131, ...,  0.10110646,
          0.        ,  0.        ]],

       [[ 0.        ,  0.14691055,  0.45872846, ..., -0.91713238,
         -0.84733175, -0.84733175],
        [-0.14691055,  0.        ,  0.32320989, ..., -0.9657373 ,
         -0.91615691, -0.91615691],
        [-0.45872846, -0.32320989,  0.        , ..., -0.99778353,
         -0.99653322, -0.99653322],
        ...,
        [ 0.91713238,  0.9657373 ,  0.99778353, ...,  0.        ,
          0.14932413,  0.14932413],
        [ 0.84733175,  0.91615691,  0.99653322, ..., -0.14932413,
          0.        ,  0.        ],
        [ 0.84733175,  0.91615691,  0.99653322, ..., -0.14932413,
          0.        ,  0.        ]]]), 'num': array([ 9.78898189e-01,  1.73062504e-01,  5.94712683e-05, -4.04760717e-08,
        6.55684040e-04,  6.55684040e-04,  6.41167050e-04,  1.08647039e-01,
        0.00000000e+00,  6.66813732e-04,  6.72741503e-04,  6.67660556e-04,
        2.13485144e-06,  7.19569266e-04,  6.25913740e-04])}
{'img': array([[[ 0.00000000e+00,  2.88445992e-01,  2.88445992e-01, ...,
          5.33333333e-01,  2.20863099e-01,  2.20863099e-01],
        [-2.88445992e-01,  0.00000000e+00,  0.00000000e+00, ...,
          2.66666667e-01, -6.98471955e-02, -6.98471955e-02],
        [-2.88445992e-01,  0.00000000e+00,  0.00000000e+00, ...,
          2.66666667e-01, -6.98471955e-02, -6.98471955e-02],
        ...,
        [-5.33333333e-01, -2.66666667e-01, -2.66666667e-01, ...,
          0.00000000e+00, -3.33333333e-01, -3.33333333e-01],
        [-2.20863099e-01,  6.98471955e-02,  6.98471955e-02, ...,
          3.33333333e-01,  0.00000000e+00,  0.00000000e+00],
        [-2.20863099e-01,  6.98471955e-02,  6.98471955e-02, ...,
          3.33333333e-01,  0.00000000e+00,  0.00000000e+00]],

       [[ 0.00000000e+00, -1.10221162e-01, -1.96533775e-01, ...,
          2.01113304e-01,  2.53809440e-01,  2.01144518e-01],
        [ 1.10221162e-01,  0.00000000e+00, -8.72647863e-02, ...,
          3.07857060e-01,  3.58874888e-01,  3.07887377e-01],
        [ 1.96533775e-01,  8.72647863e-02,  0.00000000e+00, ...,
          3.89709196e-01,  4.38957536e-01,  3.89738541e-01],
        ...,
        [-2.01113304e-01, -3.07857060e-01, -3.89709196e-01, ...,
          0.00000000e+00,  5.40959057e-02,  3.18647582e-05],
        [-2.53809440e-01, -3.58874888e-01, -4.38957536e-01, ...,
         -5.40959057e-02,  0.00000000e+00, -5.40640875e-02],
        [-2.01144518e-01, -3.07887377e-01, -3.89738541e-01, ...,
         -3.18647582e-05,  5.40640875e-02,  0.00000000e+00]],

       [[ 0.00000000e+00, -1.47962508e-01, -2.52340572e-01, ...,
          5.78398858e-01,  3.06522737e-01,  2.94372460e-02],
        [ 1.47962508e-01,  0.00000000e+00, -1.06388835e-01, ...,
          6.92733428e-01,  4.43988919e-01,  1.77011615e-01],
        [ 2.52340572e-01,  1.06388835e-01,  0.00000000e+00, ...,
          7.65528852e-01,  5.36796935e-01,  2.80715828e-01],
        ...,
        [-5.78398858e-01, -6.92733428e-01, -7.65528852e-01, ...,
          0.00000000e+00, -3.00509486e-01, -5.54134643e-01],
        [-3.06522737e-01, -4.43988919e-01, -5.36796935e-01, ...,
          3.00509486e-01,  0.00000000e+00, -2.78369664e-01],
        [-2.94372460e-02, -1.77011615e-01, -2.80715828e-01, ...,
          5.54134643e-01,  2.78369664e-01,  0.00000000e+00]],

       ...,

       [[ 0.00000000e+00,  4.48044252e-01,  4.81762036e-01, ...,
          9.17400113e-01,  7.28710282e-01,  5.71224562e-01],
        [-4.48044252e-01,  0.00000000e+00,  3.80786315e-02, ...,
          6.41859708e-01,  3.44644674e-01,  1.42929305e-01],
        [-4.81762036e-01, -3.80786315e-02,  0.00000000e+00, ...,
          6.12194661e-01,  3.08649043e-01,  1.05137970e-01],
        ...,
        [-9.17400113e-01, -6.41859708e-01, -6.12194661e-01, ...,
          0.00000000e+00, -3.38253879e-01, -5.25668323e-01],
        [-7.28710282e-01, -3.44644674e-01, -3.08649043e-01, ...,
          3.38253879e-01,  0.00000000e+00, -2.06933687e-01],
        [-5.71224562e-01, -1.42929305e-01, -1.05137970e-01, ...,
          5.25668323e-01,  2.06933687e-01,  0.00000000e+00]],

       [[ 0.00000000e+00, -1.03255421e-01, -1.10744464e-01, ...,
          9.93024413e-01,  9.93024413e-01,  9.75239009e-01],
        [ 1.03255421e-01,  0.00000000e+00, -7.53223297e-03, ...,
          9.99891308e-01,  9.99891308e-01,  9.92861532e-01],
        [ 1.10744464e-01,  7.53223297e-03,  0.00000000e+00, ...,
          9.99973995e-01,  9.99973995e-01,  9.93731757e-01],
        ...,
        [-9.93024413e-01, -9.99891308e-01, -9.99973995e-01, ...,
          0.00000000e+00,  0.00000000e+00, -1.04621453e-01],
        [-9.93024413e-01, -9.99891308e-01, -9.99973995e-01, ...,
          0.00000000e+00,  0.00000000e+00, -1.04621453e-01],
        [-9.75239009e-01, -9.92861532e-01, -9.93731757e-01, ...,
          1.04621453e-01,  1.04621453e-01,  0.00000000e+00]],

       [[ 0.00000000e+00,  3.23209890e-01,  3.58431944e-01, ...,
         -9.16156909e-01, -9.16156909e-01, -8.75988403e-01],
        [-3.23209890e-01,  0.00000000e+00,  3.74594485e-02, ...,
         -9.96533224e-01, -9.96533224e-01, -9.84866270e-01],
        [-3.58431944e-01, -3.74594485e-02,  0.00000000e+00, ...,
         -9.98950273e-01, -9.98950273e-01, -9.90667362e-01],
        ...,
        [ 9.16156909e-01,  9.96533224e-01,  9.98950273e-01, ...,
          0.00000000e+00,  0.00000000e+00,  9.07784429e-02],
        [ 9.16156909e-01,  9.96533224e-01,  9.98950273e-01, ...,
          0.00000000e+00,  0.00000000e+00,  9.07784429e-02],
        [ 8.75988403e-01,  9.84866270e-01,  9.90667362e-01, ...,
         -9.07784429e-02, -9.07784429e-02,  0.00000000e+00]]]), 'num': array([ 8.54777691e-01,  7.55992783e-02,  5.90286677e-05, -3.62535334e-08,
        5.71245171e-04,  5.77736593e-04,  5.56098519e-04,  5.13456019e-01,
       -1.51466523e-05,  5.88122869e-04,  6.01538475e-04,  5.96958416e-04,
        1.20211526e-06,  6.43718848e-04,  5.59358103e-04])}
{'img': array([[[ 0.        ,  0.        , -0.0698472 , ..., -0.0698472 ,
         -0.0698472 , -0.61103106],
        [ 0.        ,  0.        , -0.0698472 , ..., -0.0698472 ,
         -0.0698472 , -0.61103106],
        [ 0.0698472 ,  0.0698472 ,  0.        , ...,  0.        ,
          0.        , -0.55424723],
        ...,
        [ 0.0698472 ,  0.0698472 ,  0.        , ...,  0.        ,
          0.        , -0.55424723],
        [ 0.0698472 ,  0.0698472 ,  0.        , ...,  0.        ,
          0.        , -0.55424723],
        [ 0.61103106,  0.61103106,  0.55424723, ...,  0.55424723,
          0.55424723,  0.        ]],

       [[ 0.        , -0.06733918, -0.20106042, ...,  0.27384719,
          0.23500023,  0.52987454],
        [ 0.06733918,  0.        , -0.13464   , ...,  0.33799062,
          0.29992018,  0.47156306],
        [ 0.20106042,  0.13464   ,  0.        , ...,  0.46162944,
          0.42563104,  0.34853937],
        ...,
        [-0.27384719, -0.33799062, -0.46162944, ...,  0.        ,
         -0.04016126,  0.74186238],
        [-0.23500023, -0.29992018, -0.42563104, ...,  0.04016126,
          0.        ,  0.71433364],
        [-0.52987454, -0.47156306, -0.34853937, ..., -0.74186238,
         -0.71433364,  0.        ]],

       [[ 0.        , -0.10638884, -0.1683074 , ...,  0.44398892,
          0.17701162, -0.10638884],
        [ 0.10638884,  0.        , -0.06248104, ...,  0.53679694,
          0.28071583,  0.        ],
        [ 0.1683074 ,  0.06248104,  0.        , ...,  0.58846408,
          0.34013608,  0.06248104],
        ...,
        [-0.44398892, -0.53679694, -0.58846408, ...,  0.        ,
         -0.27836966, -0.53679694],
        [-0.17701162, -0.28071583, -0.34013608, ...,  0.27836966,
          0.        , -0.28071583],
        [ 0.10638884,  0.        , -0.06248104, ...,  0.53679694,
          0.28071583,  0.        ]],

       ...,

       [[ 0.        ,  0.03807863,  0.03807863, ...,  0.34464467,
          0.1429293 , -0.39719645],
        [-0.03807863,  0.        ,  0.        , ...,  0.30864904,
          0.10513797, -0.43185442],
        [-0.03807863,  0.        ,  0.        , ...,  0.30864904,
          0.10513797, -0.43185442],
        ...,
        [-0.34464467, -0.30864904, -0.30864904, ...,  0.        ,
         -0.20693369, -0.6891535 ],
        [-0.1429293 , -0.10513797, -0.10513797, ...,  0.20693369,
          0.        , -0.52428942],
        [ 0.39719645,  0.43185442,  0.43185442, ...,  0.6891535 ,
          0.52428942,  0.        ]],

       [[ 0.        , -0.00753223, -0.03019911, ...,  0.99989131,
          0.99286153,  0.9973989 ],
        [ 0.00753223,  0.        , -0.02266946, ...,  0.999974  ,
          0.99373176,  0.99791353],
        [ 0.03019911,  0.02266946,  0.        , ...,  0.9998805 ,
          0.99601062,  0.99912072],
        ...,
        [-0.99989131, -0.999974  , -0.9998805 , ...,  0.        ,
         -0.10462145, -0.05736633],
        [-0.99286153, -0.99373176, -0.99601062, ...,  0.10462145,
          0.        ,  0.04739766],
        [-0.9973989 , -0.99791353, -0.99912072, ...,  0.05736633,
         -0.04739766,  0.        ]],

       [[ 0.        ,  0.03745945,  0.13704831, ..., -0.99653322,
         -0.98486627, -0.98959005],
        [-0.03745945,  0.        ,  0.09984613, ..., -0.99895027,
         -0.99066736, -0.99428648],
        [-0.13704831, -0.09984613,  0.        , ..., -0.99853214,
         -0.99932609, -0.99997595],
        ...,
        [ 0.99653322,  0.99895027,  0.99853214, ...,  0.        ,
          0.09077844,  0.06108643],
        [ 0.98486627,  0.99066736,  0.99932609, ..., -0.09077844,
          0.        , -0.0297747 ],
        [ 0.98959005,  0.99428648,  0.99997595, ..., -0.06108643,
          0.0297747 ,  0.        ]]]), 'num': array([ 9.87566547e-01,  7.60061011e-02,  7.09385561e-05, -1.62897423e-07,
        6.58641941e-04,  6.81707223e-04,  6.56079132e-04,  1.37591993e-01,
       -1.79396638e-05,  6.86320279e-04,  7.11948370e-04,  7.06395617e-04,
        1.00012063e-06,  7.63856486e-04,  6.60040255e-04])}
