state_0,state_1,state_2,state_3,state_4,state_5,state_6,state_7,state_8,state_9,state_10,state_11,state_12,state_13,state_14,state_15,state_16,state_17,state_18,state_19,state_20,state_21,state_22,state_23,state_24,state_25,state_26,state_27,state_28,state_29,state_30,state_31,state_32,state_33,state_34,state_35,state_36,state_37,state_38,state_39,state_40,state_41,state_42,state_43,state_44,state_45,state_46,state_47,state_48,state_49,state_50,state_51,state_52,state_53,state_54,state_55,state_56,state_57,state_58,state_59,state_60,state_61,state_62,state_63,state_64,state_65,state_66,state_67,state_68,state_69,state_70,state_71,state_72,state_73,state_74,state_75,state_76,state_77,state_78,state_79,state_80,state_81,state_82,state_83,state_84,state_85,state_86,state_87,state_88,state_89,state_90,state_91,state_92,state_93,state_94,state_95,state_96,state_97,state_98,state_99,state_100,state_101,state_102,state_103,state_104,state_105,state_106,state_107,state_108,state_109,state_110,state_111,state_112,state_113,state_114,state_115,state_116,state_117,state_118,state_119,state_120,state_121,state_122,state_123,state_124,state_125,state_126,state_127,state_128,state_129,state_130,state_131,state_132,state_133,state_134,state_135,state_136,state_137,state_138,state_139,state_140,state_141,state_142,state_143,state_144,state_145,state_146,state_147,state_148,state_149,state_150,state_151,state_152,state_153,state_154,state_155,state_156,state_157,state_158,state_159,state_160,state_161,state_162,state_163,state_164,state_165,state_166,state_167,state_168,state_169,state_170,state_171,state_172,state_173,state_174,state_175,state_176,state_177,state_178,state_179,state_180,state_181,state_182,state_183,state_184,state_185,state_186,state_187,state_188,state_189,state_190,state_191,state_192,state_193,state_194,state_195,state_196,state_197,state_198,state_199,state_200,state_201,state_202,state_203,state_204,state_205,state_206,state_207,state_208,state_209,state_210,state_211,state_212,state_213,state_214,state_215,state_216,state_217,state_218,state_219,state_220,state_221,state_222,state_223,state_224,state_225,state_226,state_227,state_228,state_229,state_230,state_231,state_232,state_233,state_234,state_235,state_236,state_237,state_238,state_239,state_240,state_241,state_242,state_243,state_244,state_245,state_246,state_247,state_248,state_249,state_250,state_251,state_252,state_253,state_254,state_255,state_256,state_257,state_258,state_259,state_260,state_261,state_262,state_263,state_264,state_265,state_266,state_267,state_268,state_269,state_270,state_271,state_272,state_273,state_274,state_275,state_276,state_277,state_278,state_279,state_280,state_281,state_282,state_283,state_284,state_285,state_286,state_287
{'img': array([[[ 0.        ,  0.15227481,  0.        , ...,  0.88299215,
          0.84207618,  0.82667329],
        [-0.15227481,  0.        , -0.15227481, ...,  0.9441708 ,
          0.91438678,  0.90271511],
        [ 0.        ,  0.15227481,  0.        , ...,  0.88299215,
          0.84207618,  0.82667329],
        ...,
        [-0.88299215, -0.9441708 , -0.88299215, ...,  0.        ,
          0.08098916,  0.10881366],
        [-0.84207618, -0.91438678, -0.84207618, ..., -0.08098916,
          0.        ,  0.02794795],
        [-0.82667329, -0.90271511, -0.82667329, ..., -0.10881366,
         -0.02794795,  0.        ]],

       [[ 0.        , -0.0974295 , -0.11658103, ...,  0.72404612,
          0.79457952,  0.47889587],
        [ 0.0974295 ,  0.        , -0.01926124, ...,  0.78780357,
          0.84995456,  0.56214809],
        [ 0.11658103,  0.01926124,  0.        , ...,  0.79952093,
          0.85994478,  0.57797356],
        ...,
        [-0.72404612, -0.78780357, -0.79952093, ...,  0.        ,
          0.10845056, -0.30530043],
        [-0.79457952, -0.84995456, -0.85994478, ..., -0.10845056,
          0.        , -0.40677243],
        [-0.47889587, -0.56214809, -0.57797356, ...,  0.30530043,
          0.40677243,  0.        ]],

       [[ 0.        ,  0.21167326,  0.27778245, ...,  0.66463572,
          0.73063632,  0.77147864],
        [-0.21167326,  0.        ,  0.06814539, ...,  0.80773079,
          0.85860394,  0.88867553],
        [-0.27778245, -0.06814539,  0.        , ...,  0.84602836,
          0.89154205,  0.91785687],
        ...,
        [-0.66463572, -0.80773079, -0.84602836, ...,  0.        ,
         -0.09211653, -0.15354587],
        [-0.73063632, -0.85860394, -0.89154205, ...,  0.09211653,
          0.        , -0.06186887],
        [-0.77147864, -0.88867553, -0.91785687, ...,  0.15354587,
          0.06186887,  0.        ]],

       ...,

       [[ 0.        ,  0.0595491 ,  0.14387539, ..., -0.48490082,
         -0.45448973, -0.56635151],
        [-0.0595491 ,  0.        ,  0.08469053, ..., -0.53612011,
         -0.50672666, -0.61442467],
        [-0.14387539, -0.08469053,  0.        , ..., -0.6056848 ,
         -0.57791842, -0.67903597],
        ...,
        [ 0.48490082,  0.53612011,  0.6056848 , ...,  0.        ,
          0.03444367, -0.09567586],
        [ 0.45448973,  0.50672666,  0.57791842, ..., -0.03444367,
          0.        , -0.12990475],
        [ 0.56635151,  0.61442467,  0.67903597, ...,  0.09567586,
          0.12990475,  0.        ]],

       [[ 0.        ,  0.2304296 ,  0.30770054, ...,  0.17326803,
          0.12148838,  0.        ],
        [-0.2304296 ,  0.        ,  0.08017011, ...,  0.3955495 ,
          0.34694178,  0.2304296 ],
        [-0.30770054, -0.08017011,  0.        , ...,  0.46790811,
          0.42101552,  0.30770054],
        ...,
        [-0.17326803, -0.3955495 , -0.46790811, ...,  0.        ,
          0.05233378,  0.17326803],
        [-0.12148838, -0.34694178, -0.42101552, ..., -0.05233378,
          0.        ,  0.12148838],
        [-0.        , -0.2304296 , -0.30770054, ..., -0.17326803,
         -0.12148838,  0.        ]],

       [[ 0.        ,  0.16593448,  0.24391263, ...,  0.44460019,
          0.32219221,  0.        ],
        [-0.16593448,  0.        ,  0.07960842, ...,  0.58706894,
          0.47481149,  0.16593448],
        [-0.24391263, -0.07960842,  0.        , ...,  0.64965167,
          0.54336692,  0.24391263],
        ...,
        [-0.44460019, -0.58706894, -0.64965167, ...,  0.        ,
          0.1322946 ,  0.44460019],
        [-0.32219221, -0.47481149, -0.54336692, ..., -0.1322946 ,
          0.        ,  0.32219221],
        [-0.        , -0.16593448, -0.24391263, ..., -0.44460019,
         -0.32219221,  0.        ]]]), 'num': array([7.06747493e-01, 7.06747493e-01, 0.00000000e+00, 0.00000000e+00,
       6.80916079e-03, 6.80916079e-03, 6.50951639e-03, 2.60470549e-02,
       2.37649011e-04, 6.60664250e-03, 6.46973601e-03, 5.51052949e-03,
       1.31009135e-06, 7.64578490e-03, 5.29368712e-03])}
{'img': array([[[ 0.        , -0.15227481,  0.08907546, ...,  0.91438678,
          0.90271511,  0.8150116 ],
        [ 0.15227481,  0.        ,  0.23970618, ...,  0.84207618,
          0.82667329,  0.71727227],
        [-0.08907546, -0.23970618,  0.        , ...,  0.94681345,
          0.93745043,  0.86338613],
        ...,
        [-0.91438678, -0.84207618, -0.94681345, ...,  0.        ,
          0.02794795,  0.19988582],
        [-0.90271511, -0.82667329, -0.93745043, ..., -0.02794795,
          0.        ,  0.17242381],
        [-0.8150116 , -0.71727227, -0.86338613, ..., -0.19988582,
         -0.17242381,  0.        ]],

       [[ 0.        , -0.01926124,  0.44784503, ...,  0.84995456,
          0.56214809,  0.63313567],
        [ 0.01926124,  0.        ,  0.46498364, ...,  0.85994478,
          0.57797356,  0.6479272 ],
        [-0.44784503, -0.46498364,  0.        , ...,  0.52400405,
          0.13223868,  0.21944335],
        ...,
        [-0.84995456, -0.85994478, -0.52400405, ...,  0.        ,
         -0.40677243, -0.32432822],
        [-0.56214809, -0.57797356, -0.13223868, ...,  0.40677243,
          0.        ,  0.08850078],
        [-0.63313567, -0.6479272 , -0.21944335, ...,  0.32432822,
         -0.08850078,  0.        ]],

       [[ 0.        ,  0.18300392,  0.19552038, ...,  0.73401664,
          0.77489755,  0.7597794 ],
        [-0.18300392,  0.        ,  0.01274659, ...,  0.84590443,
          0.87748559,  0.86593405],
        [-0.19552038, -0.01274659,  0.        , ...,  0.8526339 ,
          0.88352761,  0.87223901],
        ...,
        [-0.73401664, -0.84590443, -0.8526339 , ...,  0.        ,
         -0.06229506, -0.03874648],
        [-0.77489755, -0.87748559, -0.88352761, ...,  0.06229506,
          0.        ,  0.02357705],
        [-0.7597794 , -0.86593405, -0.87223901, ...,  0.03874648,
         -0.02357705,  0.        ]],

       ...,

       [[ 0.        ,  0.08469053,  0.12976715, ..., -0.50672666,
         -0.61442467, -0.59019178],
        [-0.08469053,  0.        ,  0.04532651, ..., -0.57791842,
         -0.67903597, -0.65643893],
        [-0.12976715, -0.04532651,  0.        , ..., -0.61431517,
         -0.7116125 , -0.68995764],
        ...,
        [ 0.50672666,  0.57791842,  0.61431517, ...,  0.        ,
         -0.12990475, -0.09974661],
        [ 0.61442467,  0.67903597,  0.7116125 , ...,  0.12990475,
          0.        ,  0.03035549],
        [ 0.59019178,  0.65643893,  0.68995764, ...,  0.09974661,
         -0.03035549,  0.        ]],

       [[ 0.        ,  0.20762149,  0.27747035, ...,  0.18618764,
          0.14117413,  0.        ],
        [-0.20762149,  0.        ,  0.07195499, ...,  0.38612153,
          0.34363996,  0.20762149],
        [-0.27747035, -0.07195499,  0.        , ...,  0.45149539,
          0.41032224,  0.27747035],
        ...,
        [-0.18618764, -0.38612153, -0.45149539, ...,  0.        ,
          0.04561733,  0.18618764],
        [-0.14117413, -0.34363996, -0.41032224, ..., -0.04561733,
          0.        ,  0.14117413],
        [-0.        , -0.20762149, -0.27747035, ..., -0.18618764,
         -0.14117413,  0.        ]],

       [[ 0.        ,  0.17693024,  0.31818002, ...,  0.49966651,
          0.39725954,  0.        ],
        [-0.17693024,  0.        ,  0.14542499, ...,  0.6450436 ,
          0.55336213,  0.17693024],
        [-0.31818002, -0.14542499,  0.        , ...,  0.74931221,
          0.6686099 ,  0.31818002],
        ...,
        [-0.49966651, -0.6450436 , -0.74931221, ...,  0.        ,
          0.11443379,  0.49966651],
        [-0.39725954, -0.55336213, -0.6686099 , ..., -0.11443379,
          0.        ,  0.39725954],
        [-0.        , -0.17693024, -0.31818002, ..., -0.49966651,
         -0.39725954,  0.        ]]]), 'num': array([ 9.95634747e-01,  8.54205096e-02,  2.80497454e-06, -3.83665954e-10,
        9.58120250e-03,  9.83217391e-03,  9.50738738e-03,  2.67991106e-02,
       -1.47630239e-04,  9.43652487e-03,  9.31768252e-03,  7.94201475e-03,
        1.74677000e-06,  1.09192434e-02,  7.71612168e-03])}
{'img': array([[[ 0.        ,  0.23970618,  0.57344797, ...,  0.82667329,
          0.71727227,  0.76963513],
        [-0.23970618,  0.        ,  0.36035201, ...,  0.93745043,
          0.86338613,  0.90024533],
        [-0.57344797, -0.36035201,  0.        , ...,  0.99991444,
          0.98719409,  0.99665474],
        ...,
        [-0.82667329, -0.93745043, -0.99991444, ...,  0.        ,
          0.17242381,  0.09475764],
        [-0.71727227, -0.86338613, -0.98719409, ..., -0.17242381,
          0.        , -0.07830953],
        [-0.76963513, -0.90024533, -0.99665474, ..., -0.09475764,
          0.07830953,  0.        ]],

       [[ 0.        ,  0.46498364,  0.96431775, ...,  0.57797356,
          0.6479272 ,  0.35686555],
        [-0.46498364,  0.        ,  0.7306258 , ...,  0.13223868,
          0.21944335, -0.11842719],
        [-0.96431775, -0.7306258 ,  0.        , ..., -0.6339197 ,
         -0.56298586, -0.80634369],
        ...,
        [-0.57797356, -0.13223868,  0.6339197 , ...,  0.        ,
          0.08850078, -0.24869523],
        [-0.6479272 , -0.21944335,  0.56298586, ..., -0.08850078,
          0.        , -0.33343962],
        [-0.35686555,  0.11842719,  0.80634369, ...,  0.24869523,
          0.33343962,  0.        ]],

       [[ 0.        ,  0.06971557,  0.28869564, ...,  0.7774427 ,
          0.7623186 ,  0.76334976],
        [-0.06971557,  0.        ,  0.22124608, ...,  0.81939898,
          0.80558386,  0.8065277 ],
        [-0.28869564, -0.22124608,  0.        , ...,  0.92591612,
          0.91670416,  0.91734021],
        ...,
        [-0.7774427 , -0.81939898, -0.92591612, ...,  0.        ,
          0.02369927,  0.02210492],
        [-0.7623186 , -0.80558386, -0.91670416, ..., -0.02369927,
          0.        , -0.00159477],
        [-0.76334976, -0.8065277 , -0.91734021, ..., -0.02210492,
          0.00159477,  0.        ]],

       ...,

       [[ 0.        ,  0.04532651,  0.19379131, ..., -0.67903597,
         -0.65643893, -0.76389989],
        [-0.04532651,  0.        ,  0.14912489, ..., -0.7116125 ,
         -0.68995764, -0.79236555],
        [-0.19379131, -0.14912489,  0.        , ..., -0.8084265 ,
         -0.7901868 , -0.87447874],
        ...,
        [ 0.67903597,  0.7116125 ,  0.8084265 , ...,  0.        ,
          0.03035549, -0.12257721],
        [ 0.65643893,  0.68995764,  0.7901868 , ..., -0.03035549,
          0.        , -0.15264731],
        [ 0.76389989,  0.79236555,  0.87447874, ...,  0.12257721,
          0.15264731,  0.        ]],

       [[ 0.        ,  0.18714412,  0.36647096, ...,  0.14194561,
          0.        ,  0.06119572],
        [-0.18714412,  0.        ,  0.18587191, ...,  0.32468697,
          0.18714412,  0.24690792],
        [-0.36647096, -0.18587191,  0.        , ...,  0.49483063,
          0.36647096,  0.42272242],
        ...,
        [-0.14194561, -0.32468697, -0.49483063, ...,  0.        ,
          0.14194561,  0.08110349],
        [-0.        , -0.18714412, -0.36647096, ..., -0.14194561,
          0.        , -0.06119572],
        [-0.06119572, -0.24690792, -0.42272242, ..., -0.08110349,
          0.06119572,  0.        ]],

       [[ 0.        ,  0.26171631,  0.23558108, ...,  0.55534177,
          0.41268498,  0.        ],
        [-0.26171631,  0.        , -0.02698037, ...,  0.75363435,
          0.63669131,  0.26171631],
        [-0.23558108,  0.02698037,  0.        , ...,  0.73562597,
          0.61565447,  0.23558108],
        ...,
        [-0.55534177, -0.75363435, -0.73562597, ...,  0.        ,
          0.16264829,  0.55534177],
        [-0.41268498, -0.63669131, -0.61565447, ..., -0.16264829,
          0.        ,  0.41268498],
        [-0.        , -0.26171631, -0.23558108, ..., -0.55534177,
         -0.41268498,  0.        ]]]), 'num': array([ 9.21322158e-01,  3.87682806e-01,  1.63442374e-06, -3.96731672e-08,
        8.89398921e-03,  8.97571039e-03,  8.73054683e-03,  1.64347300e-02,
        5.44807915e-05,  8.79592378e-03,  8.67674705e-03,  7.39190838e-03,
        1.53919309e-06,  1.00303090e-02,  7.32318511e-03])}
{'img': array([[[ 0.        ,  0.53293871,  0.63897107, ...,  0.72160242,
          0.77404049,  0.7540607 ],
        [-0.53293871,  0.        ,  0.13071497, ...,  0.97954424,
          0.99238007,  0.98808803],
        [-0.63897107, -0.13071497,  0.        , ...,  0.99744337,
          0.99997141,  0.99972591],
        ...,
        [-0.72160242, -0.97954424, -0.99744337, ...,  0.        ,
         -0.07900165, -0.04809014],
        [-0.77404049, -0.99238007, -0.99997141, ...,  0.07900165,
          0.        ,  0.03097041],
        [-0.7540607 , -0.98808803, -0.99972591, ...,  0.04809014,
         -0.03097041,  0.        ]],

       [[ 0.        ,  0.7306258 ,  0.95992979, ...,  0.21944335,
         -0.11842719, -0.59643368],
        [-0.7306258 ,  0.        ,  0.45066802, ..., -0.56298586,
         -0.80634369, -0.99367769],
        [-0.95992979, -0.45066802,  0.        , ..., -0.87503479,
         -0.98636262, -0.93764445],
        ...,
        [-0.21944335,  0.56298586,  0.87503479, ...,  0.        ,
         -0.33343962, -0.75803467],
        [ 0.11842719,  0.80634369,  0.98636262, ...,  0.33343962,
          0.        , -0.49717937],
        [ 0.59643368,  0.99367769,  0.93764445, ...,  0.75803467,
          0.49717937,  0.        ]],

       [[ 0.        ,  0.28066731,  0.42282375, ...,  0.76268321,
          0.76371446,  0.72783802],
        [-0.28066731,  0.        ,  0.15148433, ...,  0.91355507,
          0.91420301,  0.89105001],
        [-0.42282375, -0.15148433,  0.        , ...,  0.96462329,
          0.96504281,  0.94952651],
        ...,
        [-0.76268321, -0.91355507, -0.96462329, ...,  0.        ,
         -0.00159595,  0.0522639 ],
        [-0.76371446, -0.91420301, -0.96504281, ...,  0.00159595,
          0.        ,  0.0538576 ],
        [-0.72783802, -0.89105001, -0.94952651, ..., -0.0522639 ,
         -0.0538576 ,  0.        ]],

       ...,

       [[ 0.        ,  0.14912489,  0.62171202, ..., -0.68995764,
         -0.79236555, -0.84885858],
        [-0.14912489,  0.        ,  0.49795881, ..., -0.7901868 ,
         -0.87447874, -0.91819735],
        [-0.62171202, -0.49795881,  0.        , ..., -0.99043259,
         -0.99989037, -0.99351443],
        ...,
        [ 0.68995764,  0.7901868 ,  0.99043259, ...,  0.        ,
         -0.15264731, -0.24972065],
        [ 0.79236555,  0.87447874,  0.99989037, ...,  0.15264731,
          0.        , -0.09898299],
        [ 0.84885858,  0.91819735,  0.99351443, ...,  0.24972065,
          0.09898299,  0.        ]],

       [[ 0.        ,  0.31935713,  0.46328678, ...,  0.        ,
          0.06146757,  0.19891516],
        [-0.31935713,  0.        ,  0.15600953, ...,  0.31935713,
          0.37700203,  0.50147418],
        [-0.46328678, -0.15600953,  0.        , ...,  0.46328678,
          0.51688381,  0.63030907],
        ...,
        [-0.        , -0.31935713, -0.46328678, ...,  0.        ,
         -0.06146757, -0.19891516],
        [-0.06146757, -0.37700203, -0.51688381, ...,  0.06146757,
          0.        , -0.13829979],
        [-0.19891516, -0.50147418, -0.63030907, ...,  0.19891516,
          0.13829979,  0.        ]],

       [[ 0.        , -0.03918257, -0.14786478, ...,  0.74291377,
          0.63088406,  0.18143244],
        [ 0.03918257,  0.        , -0.10899937, ...,  0.71611495,
          0.59999872,  0.14276083],
        [ 0.14786478,  0.10899937,  0.        , ...,  0.63576857,
          0.50922422,  0.03402733],
        ...,
        [-0.74291377, -0.71611495, -0.63576857, ...,  0.        ,
          0.15410412,  0.6091354 ],
        [-0.63088406, -0.59999872, -0.50922422, ..., -0.15410412,
          0.        ,  0.47964426],
        [-0.18143244, -0.14276083, -0.03402733, ..., -0.6091354 ,
         -0.47964426,  0.        ]]]), 'num': array([ 9.74746751e-01,  2.20384322e-01,  2.28941556e-06, -3.17153508e-08,
        9.42953036e-03,  9.61554537e-03,  9.40091266e-03,  2.49850503e-02,
        8.58530837e-05,  9.31792135e-03,  9.20416601e-03,  7.83385540e-03,
        1.45066654e-06,  1.04626899e-02,  7.94564209e-03])}
{'img': array([[[ 0.        ,  0.39965263,  0.39965263, ...,  0.79807049,
          0.77804776,  0.74535599],
        [-0.39965263,  0.        ,  0.        , ...,  0.97238094,
          0.96427428,  0.94967808],
        [-0.39965263,  0.        ,  0.        , ...,  0.97238094,
          0.96427428,  0.94967808],
        ...,
        [-0.79807049, -0.97238094, -0.97238094, ...,  0.        ,
          0.03252832,  0.08292223],
        [-0.77804776, -0.96427428, -0.96427428, ..., -0.03252832,
          0.        ,  0.05046205],
        [-0.74535599, -0.94967808, -0.94967808, ..., -0.08292223,
         -0.05046205,  0.        ]],

       [[ 0.        ,  0.45066802, -0.46011101, ..., -0.80634369,
         -0.99367769, -0.82940001],
        [-0.45066802,  0.        , -0.81086798, ..., -0.98636262,
         -0.93764445, -0.99216647],
        [ 0.46011101,  0.81086798,  0.        , ..., -0.44379004,
         -0.83059119, -0.47934885],
        ...,
        [ 0.80634369,  0.98636262,  0.44379004, ...,  0.        ,
         -0.49717937, -0.04007827],
        [ 0.99367769,  0.93764445,  0.83059119, ...,  0.49717937,
          0.        ,  0.46200609],
        [ 0.82940001,  0.99216647,  0.47934885, ...,  0.04007827,
         -0.46200609,  0.        ]],

       [[ 0.        ,  0.3261801 ,  0.4498556 , ...,  0.76980043,
          0.73385706,  0.70130115],
        [-0.3261801 ,  0.        ,  0.13394006, ...,  0.93589398,
          0.91529611,  0.89546776],
        [-0.4498556 , -0.13394006,  0.        , ...,  0.97464569,
          0.96099737,  0.94701934],
        ...,
        [-0.76980043, -0.93589398, -0.97464569, ...,  0.        ,
          0.05451875,  0.10113413],
        [-0.73385706, -0.91529611, -0.96099737, ..., -0.05451875,
          0.        ,  0.0467445 ],
        [-0.70130115, -0.89546776, -0.94701934, ..., -0.10113413,
         -0.0467445 ,  0.        ]],

       ...,

       [[ 0.        ,  0.49795881,  0.46959133, ..., -0.87447874,
         -0.91819735, -0.98482897],
        [-0.49795881,  0.        , -0.03240989, ..., -0.99989037,
         -0.99351443, -0.94045405],
        [-0.46959133,  0.03240989,  0.        , ..., -0.99984498,
         -0.9966777 , -0.95097679],
        ...,
        [ 0.87447874,  0.99989037,  0.99984498, ...,  0.        ,
         -0.09898299, -0.32595856],
        [ 0.91819735,  0.99351443,  0.9966777 , ...,  0.09898299,
          0.        , -0.23078088],
        [ 0.98482897,  0.94045405,  0.95097679, ...,  0.32595856,
          0.23078088,  0.        ]],

       [[ 0.        ,  0.34953733,  0.46792158, ...,  0.06228762,
          0.20154416,  0.3146798 ],
        [-0.34953733,  0.        ,  0.12949563, ...,  0.40721728,
          0.53119587,  0.62661066],
        [-0.46792158, -0.12949563,  0.        , ...,  0.52206092,
          0.63643825,  0.72225474],
        ...,
        [-0.06228762, -0.40721728, -0.52206092, ...,  0.        ,
         -0.14014337, -0.25494548],
        [-0.20154416, -0.53119587, -0.63643825, ...,  0.14014337,
          0.        , -0.11691709],
        [-0.3146798 , -0.62661066, -0.72225474, ...,  0.25494548,
          0.11691709,  0.        ]],

       [[ 0.        , -0.10528341, -0.13790952, ...,  0.75714185,
          0.61511102,  0.13790952],
        [ 0.10528341,  0.        , -0.03286565, ...,  0.68415742,
          0.52868269,  0.03286565],
        [ 0.13790952,  0.03286565,  0.        , ...,  0.65981777,
          0.50050008,  0.        ],
        ...,
        [-0.75714185, -0.68415742, -0.65981777, ...,  0.        ,
          0.19513972,  0.65981777],
        [-0.61511102, -0.52868269, -0.50050008, ..., -0.19513972,
          0.        ,  0.50050008],
        [-0.13790952, -0.03286565, -0.        , ..., -0.65981777,
         -0.50050008,  0.        ]]]), 'num': array([ 9.88734730e-01,  1.46263116e-01,  2.54139250e-06, -1.17707444e-08,
        9.57354106e-03,  9.61686025e-03,  9.38582457e-03,  1.78600690e-02,
        5.77589204e-05,  9.48112679e-03,  9.37788272e-03,  7.96904638e-03,
        1.02643865e-06,  1.04474555e-02,  8.30830997e-03])}
{'img': array([[[ 0.        ,  0.        ,  0.19932661, ...,  0.7908267 ,
          0.75806938,  0.73420322],
        [ 0.        ,  0.        ,  0.19932661, ...,  0.7908267 ,
          0.75806938,  0.73420322],
        [-0.19932661, -0.19932661,  0.        , ...,  0.89695316,
          0.8728529 ,  0.85479882],
        ...,
        [-0.7908267 , -0.7908267 , -0.89695316, ...,  0.        ,
          0.05178766,  0.08755395],
        [-0.75806938, -0.75806938, -0.8728529 , ..., -0.05178766,
          0.        ,  0.03584768],
        [-0.73420322, -0.73420322, -0.85479882, ..., -0.08755395,
         -0.03584768,  0.        ]],

       [[ 0.        , -0.81086798, -0.95149195, ..., -0.93764445,
         -0.99216647, -0.95427426],
        [ 0.81086798,  0.        , -0.30735807, ..., -0.83059119,
         -0.47934885, -0.80086386],
        [ 0.95149195,  0.30735807,  0.        , ..., -0.61922316,
         -0.18640049, -0.5780369 ],
        ...,
        [ 0.93764445,  0.83059119,  0.61922316, ...,  0.        ,
          0.46200609,  0.0514094 ],
        [ 0.99216647,  0.47934885,  0.18640049, ..., -0.46200609,
          0.        , -0.41580135],
        [ 0.95427426,  0.80086386,  0.5780369 , ..., -0.0514094 ,
          0.41580135,  0.        ]],

       [[ 0.        ,  0.32321406,  0.46318431, ...,  0.74210148,
          0.70941368,  0.67337936],
        [-0.32321406,  0.        ,  0.15187096, ...,  0.9189162 ,
          0.89913532,  0.87618754],
        [-0.46318431, -0.15187096,  0.        , ...,  0.968163  ,
          0.95517512,  0.93922135],
        ...,
        [-0.74210148, -0.9189162 , -0.968163  , ...,  0.        ,
          0.04751629,  0.0972757 ],
        [-0.70941368, -0.89913532, -0.95517512, ..., -0.04751629,
          0.        ,  0.04987488],
        [-0.67337936, -0.87618754, -0.93922135, ..., -0.0972757 ,
         -0.04987488,  0.        ]],

       ...,

       [[ 0.        , -0.03164359, -0.09931581, ..., -0.99853911,
         -0.96417091, -0.23720209],
        [ 0.03164359,  0.        , -0.06777892, ..., -0.99974888,
         -0.97208254, -0.2678238 ],
        [ 0.09931581,  0.06777892,  0.        , ..., -0.9989687 ,
         -0.9857507 , -0.33251072],
        ...,
        [ 0.99853911,  0.99974888,  0.9989687 , ...,  0.        ,
         -0.21279658, -0.95722423],
        [ 0.96417091,  0.97208254,  0.9857507 , ...,  0.21279658,
          0.        , -0.87372839],
        [ 0.23720209,  0.2678238 ,  0.33251072, ...,  0.95722423,
          0.87372839,  0.        ]],

       [[ 0.        ,  0.32673326,  0.44349743, ...,  0.20476503,
          0.31962693,  0.43264134],
        [-0.32673326,  0.        ,  0.12631372, ...,  0.51333698,
          0.61167868,  0.70346815],
        [-0.44349743, -0.12631372,  0.        , ...,  0.61762614,
          0.70670692,  0.78760816],
        ...,
        [-0.20476503, -0.51333698, -0.61762614, ...,  0.        ,
         -0.11883064, -0.23886496],
        [-0.31962693, -0.61167868, -0.70670692, ...,  0.11883064,
          0.        , -0.12178167],
        [-0.43264134, -0.70346815, -0.78760816, ...,  0.23886496,
          0.12178167,  0.        ]],

       [[ 0.        , -0.03167675,  0.10587893, ...,  0.70293885,
          0.54076193,  0.03167675],
        [ 0.03167675,  0.        ,  0.13732449, ...,  0.68005599,
          0.51384485,  0.        ],
        [-0.10587893, -0.13732449,  0.        , ...,  0.77429407,
          0.62678511,  0.13732449],
        ...,
        [-0.70293885, -0.68005599, -0.77429407, ...,  0.        ,
          0.20667798,  0.68005599],
        [-0.54076193, -0.51384485, -0.62678511, ..., -0.20667798,
          0.        ,  0.51384485],
        [-0.03167675, -0.        , -0.13732449, ..., -0.68005599,
         -0.51384485,  0.        ]]]), 'num': array([9.93596716e-01, 1.08349438e-01, 2.66640746e-06, 3.08631749e-09,
       9.62225302e-03, 9.76716647e-03, 9.60776168e-03, 1.78496272e-02,
       1.44913449e-05, 9.52950842e-03, 9.47878871e-03, 8.05839538e-03,
       1.04129425e-06, 1.04192268e-02, 8.53835066e-03])}
{'img': array([[[ 0.        ,  0.19932661,  0.46313523, ...,  0.75806938,
          0.73420322,  0.72796082],
        [-0.19932661,  0.        ,  0.27718084, ...,  0.8728529 ,
          0.85479882,  0.85001497],
        [-0.46313523, -0.27718084,  0.        , ...,  0.97391223,
          0.96515153,  0.96271686],
        ...,
        [-0.75806938, -0.8728529 , -0.97391223, ...,  0.        ,
          0.03584768,  0.04498951],
        [-0.73420322, -0.85479882, -0.96515153, ..., -0.03584768,
          0.        ,  0.00914921],
        [-0.72796082, -0.85001497, -0.96271686, ..., -0.04498951,
         -0.00914921,  0.        ]],

       [[ 0.        , -0.30735807,  0.12360135, ..., -0.47934885,
         -0.80086386, -0.80559905],
        [ 0.30735807,  0.        ,  0.42261953, ..., -0.18640049,
         -0.5780369 , -0.58450547],
        [-0.12360135, -0.42261953,  0.        , ..., -0.58414875,
         -0.86874103, -0.87265068],
        ...,
        [ 0.47934885,  0.18640049,  0.58414875, ...,  0.        ,
         -0.41580135, -0.42301788],
        [ 0.80086386,  0.5780369 ,  0.86874103, ...,  0.41580135,
          0.        , -0.00794945],
        [ 0.80559905,  0.58450547,  0.87265068, ...,  0.42301788,
          0.00794945,  0.        ]],

       [[ 0.        ,  0.34587741,  0.5022187 , ...,  0.71740986,
          0.68118892,  0.67406321],
        [-0.34587741,  0.        ,  0.17212736, ...,  0.91408708,
          0.89236525,  0.88795037],
        [-0.5022187 , -0.17212736,  0.        , ...,  0.97024479,
          0.95672991,  0.95386558],
        ...,
        [-0.71740986, -0.91408708, -0.97024479, ...,  0.        ,
          0.05067009,  0.06034473],
        [-0.68118892, -0.89236525, -0.95672991, ..., -0.05067009,
          0.        ,  0.00968947],
        [-0.67406321, -0.88795037, -0.95386558, ..., -0.06034473,
         -0.00968947,  0.        ]],

       ...,

       [[ 0.        , -0.06777892, -0.06035948, ..., -0.97208254,
         -0.2678238 , -0.41967233],
        [ 0.06777892,  0.        ,  0.00743466, ..., -0.9857507 ,
         -0.33251072, -0.48022851],
        [ 0.06035948, -0.00743466,  0.        , ..., -0.98447285,
         -0.3254899 , -0.47369397],
        ...,
        [ 0.97208254,  0.9857507 ,  0.98447285, ...,  0.        ,
         -0.87372839, -0.78386412],
        [ 0.2678238 ,  0.33251072,  0.3254899 , ...,  0.87372839,
          0.        ,  0.16124367],
        [ 0.41967233,  0.48022851,  0.47369397, ...,  0.78386412,
         -0.16124367,  0.        ]],

       [[ 0.        ,  0.31291555,  0.45239831, ...,  0.32398167,
          0.43838209,  0.49138085],
        [-0.31291555,  0.        ,  0.15061621, ...,  0.60374956,
          0.69761192,  0.73923634],
        [-0.45239831, -0.15061621,  0.        , ...,  0.7169295 ,
          0.79756666,  0.83223526],
        ...,
        [-0.32398167, -0.60374956, -0.7169295 , ...,  0.        ,
         -0.12354616, -0.18270726],
        [-0.43838209, -0.69761192, -0.79756666, ...,  0.12354616,
          0.        , -0.05984095],
        [-0.49138085, -0.73923634, -0.83223526, ...,  0.18270726,
          0.05984095,  0.        ]],

       [[ 0.        ,  0.13409905,  0.20726567, ...,  0.63654467,
          0.42171376,  0.        ],
        [-0.13409905,  0.        ,  0.07420659, ...,  0.73421788,
          0.53949631,  0.13409905],
        [-0.20726567, -0.07420659,  0.        , ...,  0.78257345,
          0.60048991,  0.20726567],
        ...,
        [-0.63654467, -0.73421788, -0.78257345, ...,  0.        ,
          0.25193107,  0.63654467],
        [-0.42171376, -0.53949631, -0.60048991, ..., -0.25193107,
          0.        ,  0.42171376],
        [-0.        , -0.13409905, -0.20726567, ..., -0.63654467,
         -0.42171376,  0.        ]]]), 'num': array([9.90341918e-01, 1.32762199e-01, 2.49659307e-06, 6.62608497e-09,
       9.63572718e-03, 9.64975298e-03, 9.41131432e-03, 3.02631121e-02,
       3.22593486e-04, 9.32996466e-03, 9.24370596e-03, 7.86380064e-03,
       1.27228602e-06, 1.00682741e-02, 8.41913780e-03])}
{'img': array([[[ 0.        ,  0.42454806,  0.47796592, ...,  0.73719901,
          0.73094868,  0.54591919],
        [-0.42454806,  0.        ,  0.0598391 , ...,  0.95432076,
          0.95153025,  0.84998061],
        [-0.47796592, -0.0598391 ,  0.        , ...,  0.97048962,
          0.96822897,  0.87998155],
        ...,
        [-0.73719901, -0.95432076, -0.97048962, ...,  0.        ,
          0.00920427,  0.24878891],
        [-0.73094868, -0.95153025, -0.96822897, ..., -0.00920427,
          0.        ,  0.23986351],
        [-0.54591919, -0.84998061, -0.87998155, ..., -0.24878891,
         -0.23986351,  0.        ]],

       [[ 0.        ,  0.42261953,  0.06206042, ..., -0.5780369 ,
         -0.58450547,  0.02936297],
        [-0.42261953,  0.        , -0.36555909, ..., -0.86874103,
         -0.87265068, -0.39582544],
        [-0.06206042,  0.36555909,  0.        , ..., -0.62756463,
         -0.63373396, -0.03272729],
        ...,
        [ 0.5780369 ,  0.86874103,  0.62756463, ...,  0.        ,
         -0.00794945,  0.60174815],
        [ 0.58450547,  0.87265068,  0.63373396, ...,  0.00794945,
          0.        ,  0.60807825],
        [-0.02936297,  0.39582544,  0.03272729, ..., -0.60174815,
         -0.60807825,  0.        ]],

       [[ 0.        ,  0.38210421,  0.47857114, ...,  0.69024342,
          0.68307065,  0.62347559],
        [-0.38210421,  0.        ,  0.10675067, ...,  0.91434914,
          0.91030942,  0.87491122],
        [-0.47857114, -0.10675067,  0.        , ...,  0.95235058,
          0.94929489,  0.92160939],
        ...,
        [-0.69024342, -0.91434914, -0.95235058, ...,  0.        ,
          0.0098665 ,  0.08852912],
        [-0.68307065, -0.91030942, -0.94929489, ..., -0.0098665 ,
          0.        ,  0.07869705],
        [-0.62347559, -0.87491122, -0.92160939, ..., -0.08852912,
         -0.07869705,  0.        ]],

       ...,

       [[ 0.        ,  0.00743466, -0.00742967, ..., -0.33251072,
         -0.48022851, -0.9242855 ],
        [-0.00743466,  0.        , -0.01486392, ..., -0.3254899 ,
         -0.47369397, -0.92142213],
        [ 0.00742967,  0.01486392,  0.        , ..., -0.33950846,
         -0.48673214, -0.9270959 ],
        ...,
        [ 0.33251072,  0.3254899 ,  0.33950846, ...,  0.        ,
          0.16124367,  0.7447732 ],
        [ 0.48022851,  0.47369397,  0.48673214, ..., -0.16124367,
          0.        ,  0.62742682],
        [ 0.9242855 ,  0.92142213,  0.9270959 , ..., -0.7447732 ,
         -0.62742682,  0.        ]],

       [[ 0.        ,  0.33967719,  0.45974113, ...,  0.44368686,
          0.4972264 ,  0.50975943],
        [-0.33967719,  0.        ,  0.13075453, ...,  0.72171871,
          0.76237336,  0.77168026],
        [-0.45974113, -0.13075453,  0.        , ...,  0.80602911,
          0.84044436,  0.84821648],
        ...,
        [-0.44368686, -0.72171871, -0.80602911, ...,  0.        ,
         -0.06065333, -0.07512583],
        [-0.4972264 , -0.76237336, -0.84044436, ...,  0.06065333,
          0.        , -0.01450559],
        [-0.50975943, -0.77168026, -0.84821648, ...,  0.07512583,
          0.01450559,  0.        ]],

       [[ 0.        ,  0.15623853,  0.25998214, ...,  0.54649891,
          0.37315212,  0.        ],
        [-0.15623853,  0.        ,  0.10592337, ...,  0.67063104,
          0.51352302,  0.15623853],
        [-0.25998214, -0.10592337,  0.        , ...,  0.74543128,
          0.60152437,  0.25998214],
        ...,
        [-0.54649891, -0.67063104, -0.74543128, ...,  0.        ,
          0.19452548,  0.54649891],
        [-0.37315212, -0.51352302, -0.60152437, ..., -0.19452548,
          0.        ,  0.37315212],
        [-0.        , -0.15623853, -0.25998214, ..., -0.54649891,
         -0.37315212,  0.        ]]]), 'num': array([9.92920508e-01, 1.07546564e-01, 2.41905449e-06, 8.58263776e-08,
       9.72938400e-03, 9.72938400e-03, 9.22430669e-03, 4.35111610e-02,
       5.98117869e-04, 9.05151708e-03, 8.84682786e-03, 7.52232906e-03,
       1.62029814e-06, 9.65257833e-03, 8.04107738e-03])}
{'img': array([[[ 0.        ,  0.22827216,  0.50795071, ...,  0.8344028 ,
          0.71121921,  0.        ],
        [-0.22827216,  0.        ,  0.29790899, ...,  0.93818574,
          0.85290969,  0.22827216],
        [-0.50795071, -0.29790899,  0.        , ...,  0.99870264,
          0.96970863,  0.50795071],
        ...,
        [-0.8344028 , -0.93818574, -0.99870264, ...,  0.        ,
          0.19456828,  0.8344028 ],
        [-0.71121921, -0.85290969, -0.96970863, ..., -0.19456828,
          0.        ,  0.71121921],
        [-0.        , -0.22827216, -0.50795071, ..., -0.8344028 ,
         -0.71121921,  0.        ]],

       [[ 0.        , -0.36555909, -0.08045662, ..., -0.87265068,
         -0.39582544,  0.05632755],
        [ 0.36555909,  0.        ,  0.28948592, ..., -0.63373396,
         -0.03272729,  0.41740772],
        [ 0.08045662, -0.28948592,  0.        , ..., -0.83053106,
         -0.32065683,  0.13647382],
        ...,
        [ 0.87265068,  0.63373396,  0.83053106, ...,  0.        ,
          0.60807825,  0.89877248],
        [ 0.39582544,  0.03272729,  0.32065683, ..., -0.60807825,
          0.        ,  0.44692404],
        [-0.05632755, -0.41740772, -0.13647382, ..., -0.89877248,
         -0.44692404,  0.        ]],

       [[ 0.        ,  0.30574737,  0.43878608, ...,  0.6942662 ,
          0.63411416,  0.46652684],
        [-0.30574737,  0.        ,  0.14303179, ...,  0.88107163,
          0.84016406,  0.71462182],
        [-0.43878608, -0.14303179,  0.        , ...,  0.93966412,
          0.90909633,  0.80732646],
        ...,
        [-0.6942662 , -0.88107163, -0.93966412, ...,  0.        ,
          0.08045043,  0.27831543],
        [-0.63411416, -0.84016406, -0.90909633, ..., -0.08045043,
          0.        ,  0.20014149],
        [-0.46652684, -0.71462182, -0.80732646, ..., -0.27831543,
         -0.20014149,  0.        ]],

       ...,

       [[ 0.        , -0.01486392,  0.10834374, ..., -0.47369397,
         -0.92142213, -0.9815208 ],
        [ 0.01486392,  0.        ,  0.1231082 , ..., -0.48673214,
         -0.9270959 , -0.97856807],
        [-0.10834374, -0.1231082 ,  0.        , ..., -0.37548837,
         -0.87389979, -0.99647524],
        ...,
        [ 0.47369397,  0.48673214,  0.37548837, ...,  0.        ,
          0.62742682,  0.95505902],
        [ 0.92142213,  0.9270959 ,  0.87389979, ..., -0.62742682,
          0.        ,  0.55770192],
        [ 0.9815208 ,  0.97856807,  0.99647524, ..., -0.95505902,
         -0.55770192,  0.        ]],

       [[ 0.        ,  0.3244506 ,  0.48360845, ...,  0.50423795,
          0.51691435,  0.41336675],
        [-0.3244506 ,  0.        ,  0.17345995, ...,  0.75714411,
          0.76669241,  0.68643794],
        [-0.48360845, -0.17345995,  0.        , ...,  0.85897885,
          0.86643388,  0.80217024],
        ...,
        [-0.50423795, -0.75714411, -0.85897885, ...,  0.        ,
         -0.01474261,  0.10217228],
        [-0.51691435, -0.76669241, -0.86643388, ...,  0.01474261,
          0.        ,  0.11682663],
        [-0.41336675, -0.68643794, -0.80217024, ..., -0.10217228,
         -0.11682663,  0.        ]],

       [[ 0.        ,  0.20814915,  0.26035864, ...,  0.44020511,
          0.24523487,  0.        ],
        [-0.20814915,  0.        ,  0.05368553, ...,  0.61745989,
          0.44165656,  0.20814915],
        [-0.26035864, -0.05368553,  0.        , ...,  0.65879861,
          0.48918546,  0.26035864],
        ...,
        [-0.44020511, -0.61745989, -0.65879861, ...,  0.        ,
          0.20656716,  0.44020511],
        [-0.24523487, -0.44165656, -0.48918546, ..., -0.20656716,
          0.        ,  0.24523487],
        [-0.        , -0.20814915, -0.26035864, ..., -0.44020511,
         -0.24523487,  0.        ]]]), 'num': array([8.28458885e-01, 5.58344098e-01, 7.30039963e-07, 2.01613609e-07,
       8.18529655e-03, 8.49501048e-03, 7.98619474e-03, 3.79320358e-02,
       8.84896925e-05, 7.71187670e-03, 7.42815662e-03, 6.31742663e-03,
       1.45345389e-06, 8.14863049e-03, 6.70768276e-03])}
{'img': array([[[ 0.        ,  0.45741993,  0.35503392, ...,  0.75586879,
          0.31861939,  0.        ],
        [-0.45741993,  0.        , -0.11190638, ...,  0.97164034,
          0.71691301,  0.45741993],
        [-0.35503392,  0.11190638,  0.        , ...,  0.93907544,
          0.63439295,  0.35503392],
        ...,
        [-0.75586879, -0.97164034, -0.93907544, ...,  0.        ,
          0.50786749,  0.75586879],
        [-0.31861939, -0.71691301, -0.63439295, ..., -0.50786749,
          0.        ,  0.31861939],
        [-0.        , -0.45741993, -0.35503392, ..., -0.75586879,
