state_0,state_1,state_2,state_3,state_4,state_5,state_6,state_7,state_8,state_9,state_10,state_11,state_12,state_13,state_14,state_15,state_16,state_17,state_18,state_19,state_20,state_21,state_22,state_23,state_24,state_25,state_26,state_27,state_28,state_29,state_30,state_31,state_32,state_33,state_34,state_35,state_36,state_37,state_38,state_39,state_40,state_41,state_42,state_43,state_44,state_45,state_46,state_47,state_48,state_49,state_50,state_51,state_52,state_53,state_54,state_55,state_56,state_57,state_58,state_59,state_60,state_61,state_62,state_63,state_64,state_65,state_66,state_67,state_68,state_69,state_70,state_71,state_72,state_73,state_74,state_75,state_76,state_77,state_78,state_79,state_80,state_81,state_82,state_83,state_84,state_85,state_86,state_87,state_88,state_89,state_90,state_91,state_92,state_93,state_94,state_95,state_96,state_97,state_98,state_99,state_100,state_101,state_102,state_103,state_104,state_105,state_106,state_107,state_108,state_109,state_110,state_111,state_112,state_113,state_114,state_115,state_116,state_117,state_118,state_119,state_120,state_121,state_122,state_123,state_124,state_125,state_126,state_127,state_128,state_129,state_130,state_131,state_132,state_133,state_134,state_135,state_136,state_137,state_138,state_139,state_140,state_141,state_142,state_143,state_144,state_145,state_146,state_147,state_148,state_149,state_150,state_151,state_152,state_153,state_154,state_155,state_156,state_157,state_158,state_159,state_160,state_161,state_162,state_163,state_164,state_165,state_166,state_167,state_168,state_169,state_170,state_171,state_172,state_173,state_174,state_175,state_176,state_177,state_178,state_179,state_180,state_181,state_182,state_183,state_184,state_185,state_186,state_187,state_188,state_189,state_190,state_191,state_192,state_193,state_194,state_195,state_196,state_197,state_198,state_199,state_200,state_201,state_202,state_203,state_204,state_205,state_206,state_207,state_208,state_209,state_210,state_211,state_212,state_213,state_214,state_215,state_216,state_217,state_218,state_219,state_220,state_221,state_222,state_223,state_224,state_225,state_226,state_227,state_228,state_229,state_230,state_231,state_232,state_233,state_234,state_235,state_236,state_237,state_238,state_239,state_240,state_241,state_242,state_243,state_244,state_245,state_246,state_247,state_248,state_249,state_250,state_251,state_252,state_253,state_254,state_255,state_256,state_257,state_258,state_259,state_260,state_261,state_262,state_263,state_264,state_265,state_266,state_267,state_268,state_269,state_270,state_271,state_272,state_273,state_274,state_275,state_276,state_277,state_278,state_279,state_280,state_281,state_282,state_283,state_284,state_285,state_286,state_287
{'img': array([[[ 0.        ,  0.18012831,  0.45659062, ...,  0.85898672,
          0.89966806,  0.81938581],
        [-0.18012831,  0.        ,  0.28886622, ...,  0.75271107,
          0.80631286,  0.70272603],
        [-0.45659062, -0.28886622,  0.        , ...,  0.53044723,
          0.60107804,  0.46725152],
        ...,
        [-0.85898672, -0.75271107, -0.53044723, ...,  0.        ,
          0.08561635, -0.07288385],
        [-0.89966806, -0.80631286, -0.60107804, ..., -0.08561635,
          0.        , -0.15800488],
        [-0.81938581, -0.70272603, -0.46725152, ...,  0.07288385,
          0.15800488,  0.        ]],

       [[ 0.        , -0.64098229, -0.46443837, ..., -0.90543526,
         -0.93247489, -0.95985745],
        [ 0.64098229,  0.        ,  0.21117509, ..., -0.42288499,
         -0.48418129, -0.556956  ],
        [ 0.46443837, -0.21117509,  0.        , ..., -0.60471155,
         -0.65803354, -0.71978546],
        ...,
        [ 0.90543526,  0.42288499,  0.60471155, ...,  0.        ,
         -0.06874632, -0.15348052],
        [ 0.93247489,  0.48418129,  0.65803354, ...,  0.06874632,
          0.        , -0.08518562],
        [ 0.95985745,  0.556956  ,  0.71978546, ...,  0.15348052,
          0.08518562,  0.        ]],

       [[ 0.        , -0.32604227,  0.49363293, ...,  0.99232537,
          0.97207127,  0.93929951],
        [ 0.32604227,  0.        ,  0.75020775, ...,  0.89778344,
          0.84243511,  0.77610712],
        [-0.49363293, -0.75020775,  0.        , ...,  0.92403574,
          0.96123023,  0.98624555],
        ...,
        [-0.99232537, -0.89778344, -0.92403574, ...,  0.        ,
          0.11268403,  0.22431681],
        [-0.97207127, -0.84243511, -0.96123023, ..., -0.11268403,
          0.        ,  0.11307568],
        [-0.93929951, -0.77610712, -0.98624555, ..., -0.22431681,
         -0.11307568,  0.        ]],

       ...,

       [[ 0.        ,  0.08492096,  0.0168457 , ...,  0.18462357,
         -0.14587725, -0.35141488],
        [-0.08492096,  0.        , -0.06812406, ...,  0.10049554,
         -0.22936284, -0.42965015],
        [-0.0168457 ,  0.06812406,  0.        , ...,  0.16804126,
         -0.16252205, -0.36713629],
        ...,
        [-0.18462357, -0.10049554, -0.16804126, ...,  0.        ,
         -0.32601812, -0.51822207],
        [ 0.14587725,  0.22936284,  0.16252205, ...,  0.32601812,
          0.        , -0.21108251],
        [ 0.35141488,  0.42965015,  0.36713629, ...,  0.51822207,
          0.21108251,  0.        ]],

       [[ 0.        ,  0.61129773,  0.83463439, ...,  0.9417088 ,
          0.92692408,  0.92748742],
        [-0.61129773,  0.        ,  0.32382479, ...,  0.95092735,
          0.96295719,  0.96255052],
        [-0.83463439, -0.32382479,  0.        , ...,  0.7994926 ,
          0.82374947,  0.82289582],
        ...,
        [-0.9417088 , -0.95092735, -0.7994926 , ...,  0.        ,
          0.04153098,  0.04002818],
        [-0.92692408, -0.96295719, -0.82374947, ..., -0.04153098,
          0.        , -0.00150404],
        [-0.92748742, -0.96255052, -0.82289582, ..., -0.04002818,
          0.00150404,  0.        ]],

       [[ 0.        , -0.09950939, -0.38142376, ...,  0.98003619,
          0.96880007,  0.94354559],
        [ 0.09950939,  0.        , -0.2875441 , ...,  0.95538752,
          0.9393288 ,  0.90590065],
        [ 0.38142376,  0.2875441 ,  0.        , ...,  0.83011138,
          0.80102567,  0.74586999],
        ...,
        [-0.98003619, -0.95538752, -0.83011138, ...,  0.        ,
          0.05027957,  0.13703486],
        [-0.96880007, -0.9393288 , -0.80102567, ..., -0.05027957,
          0.        ,  0.08705629],
        [-0.94354559, -0.90590065, -0.74586999, ..., -0.13703486,
         -0.08705629,  0.        ]]]), 'num': array([7.06902957e-01, 7.06902957e-01, 0.00000000e+00, 0.00000000e+00,
       1.26314199e-04, 1.27075128e-04, 1.24792341e-04, 2.40061429e-02,
       5.32650236e-07, 1.26359855e-04, 1.23905859e-04, 1.23000354e-04,
       4.04853202e-07, 1.31249241e-04, 1.16562477e-04])}
{'img': array([[[ 0.        ,  0.28886622,  0.20939637, ...,  0.80631286,
          0.70272603,  0.74657725],
        [-0.28886622,  0.        , -0.08199262, ...,  0.60107804,
          0.46725152,  0.52256794],
        [-0.20939637,  0.08199262,  0.        , ...,  0.66458188,
          0.53816993,  0.59071513],
        ...,
        [-0.80631286, -0.60107804, -0.66458188, ...,  0.        ,
         -0.15800488, -0.09484648],
        [-0.70272603, -0.46725152, -0.53816993, ...,  0.15800488,
          0.        ,  0.06363754],
        [-0.74657725, -0.52256794, -0.59071513, ...,  0.09484648,
         -0.06363754,  0.        ]],

       [[ 0.        ,  0.21117509,  0.94895854, ..., -0.48418129,
         -0.556956  , -0.59488075],
        [-0.21117509,  0.        ,  0.86095307, ..., -0.65803354,
         -0.71978546, -0.75121063],
        [-0.94895854, -0.86095307,  0.        , ..., -0.98301926,
         -0.96381431, -0.95041202],
        ...,
        [ 0.48418129,  0.65803354,  0.98301926, ...,  0.        ,
         -0.08518562, -0.13130975],
        [ 0.556956  ,  0.71978546,  0.96381431, ...,  0.08518562,
          0.        , -0.04638443],
        [ 0.59488075,  0.75121063,  0.95041202, ...,  0.13130975,
          0.04638443,  0.        ]],

       [[ 0.        ,  0.75020775,  0.88558315, ...,  0.84243511,
          0.77610712,  0.71360681],
        [-0.75020775,  0.        ,  0.23709236, ...,  0.96123023,
          0.98624555,  0.99739376],
        [-0.88558315, -0.23709236,  0.        , ...,  0.86844526,
          0.91893662,  0.95184884],
        ...,
        [-0.84243511, -0.96123023, -0.86844526, ...,  0.        ,
          0.11307568,  0.20567514],
        [-0.77610712, -0.98624555, -0.91893662, ..., -0.11307568,
          0.        ,  0.09369785],
        [-0.71360681, -0.99739376, -0.95184884, ..., -0.20567514,
         -0.09369785,  0.        ]],

       ...,

       [[ 0.        , -0.06812406,  0.16857428, ..., -0.22936284,
         -0.42965015, -0.39072594],
        [ 0.06812406,  0.        ,  0.2353318 , ..., -0.16252205,
         -0.36713629, -0.32710955],
        [-0.16857428, -0.2353318 ,  0.        , ..., -0.39016067,
         -0.57572321, -0.54030806],
        ...,
        [ 0.22936284,  0.16252205,  0.39016067, ...,  0.        ,
         -0.21108251, -0.16917947],
        [ 0.42965015,  0.36713629,  0.57572321, ...,  0.21108251,
          0.        ,  0.04267225],
        [ 0.39072594,  0.32710955,  0.54030806, ...,  0.16917947,
         -0.04267225,  0.        ]],

       [[ 0.        ,  0.68196216,  0.83190422, ...,  0.95314942,
          0.95364214,  0.96396658],
        [-0.68196216,  0.        ,  0.23001038, ...,  0.90341501,
          0.90271361,  0.88645093],
        [-0.83190422, -0.23001038,  0.        , ...,  0.7805719 ,
          0.77955009,  0.75622956],
        ...,
        [-0.95314942, -0.90341501, -0.7805719 , ...,  0.        ,
         -0.00163305, -0.03803979],
        [-0.95364214, -0.90271361, -0.77955009, ...,  0.00163305,
          0.        , -0.03640786],
        [-0.96396658, -0.88645093, -0.75622956, ...,  0.03803979,
          0.03640786,  0.        ]],

       [[ 0.        , -0.2875441 ,  0.05911598, ...,  0.9393288 ,
          0.90590065,  0.83646564],
        [ 0.2875441 ,  0.        ,  0.34366058, ...,  0.80102567,
          0.74586999,  0.64355979],
        [-0.05911598, -0.34366058,  0.        , ...,  0.95796388,
          0.92935139,  0.86739947],
        ...,
        [-0.9393288 , -0.80102567, -0.95796388, ...,  0.        ,
          0.08705629,  0.22784752],
        [-0.90590065, -0.74586999, -0.92935139, ..., -0.08705629,
          0.        ,  0.14221605],
        [-0.83646564, -0.64355979, -0.86739947, ..., -0.22784752,
         -0.14221605,  0.        ]]]), 'num': array([ 9.33802525e-01,  3.56752455e-01,  3.49727315e-05, -8.87158077e-11,
        1.66488768e-04,  1.68405911e-04,  1.66286964e-04,  2.72086035e-02,
       -1.00902284e-06,  1.67376708e-04,  1.64884422e-04,  1.63254850e-04,
        4.30318563e-07,  1.73641415e-04,  1.56127429e-04])}
{'img': array([[[ 0.        , -0.08199262,  0.44346212, ...,  0.46725152,
          0.52256794,  0.44346212],
        [ 0.08199262,  0.        ,  0.51545837, ...,  0.53816993,
          0.59071513,  0.51545837],
        [-0.44346212, -0.51545837,  0.        , ...,  0.02671863,
          0.09027929,  0.        ],
        ...,
        [-0.46725152, -0.53816993, -0.02671863, ...,  0.        ,
          0.06363754, -0.02671863],
        [-0.52256794, -0.59071513, -0.09027929, ..., -0.06363754,
          0.        , -0.09027929],
        [-0.44346212, -0.51545837,  0.        , ...,  0.02671863,
          0.09027929,  0.        ]],

       [[ 0.        ,  0.86095307,  0.22116984, ..., -0.71978546,
         -0.75121063, -0.84075643],
        [-0.86095307,  0.        , -0.72712618, ..., -0.96381431,
         -0.95041202, -0.89381133],
        [-0.22116984,  0.72712618,  0.        , ..., -0.85549554,
         -0.87859306, -0.9396797 ],
        ...,
        [ 0.71978546,  0.96381431,  0.85549554, ...,  0.        ,
         -0.04638443, -0.19394865],
        [ 0.75121063,  0.95041202,  0.87859306, ...,  0.04638443,
          0.        , -0.14823624],
        [ 0.84075643,  0.89381133,  0.9396797 , ...,  0.19394865,
          0.14823624,  0.        ]],

       [[ 0.        ,  0.27417164,  0.62793016, ...,  0.998397  ,
          0.99918222,  0.99992419],
        [-0.27417164,  0.        ,  0.39048889, ...,  0.94462142,
          0.97198014,  0.96498372],
        [-0.62793016, -0.39048889,  0.        , ...,  0.74148203,
          0.80302285,  0.78594234],
        ...,
        [-0.998397  , -0.94462142, -0.74148203, ...,  0.        ,
          0.09692153,  0.06888768],
        [-0.99918222, -0.97198014, -0.80302285, ..., -0.09692153,
          0.        , -0.02812792],
        [-0.99992419, -0.96498372, -0.78594234, ..., -0.06888768,
          0.02812792,  0.        ]],

       ...,

       [[ 0.        ,  0.2353318 ,  0.30711139, ..., -0.36713629,
         -0.32710955, -0.6880991 ],
        [-0.2353318 ,  0.        ,  0.07452714, ..., -0.57572321,
         -0.54030806, -0.83953459],
        [-0.30711139, -0.07452714,  0.        , ..., -0.63505884,
         -0.60151761, -0.87769089],
        ...,
        [ 0.36713629,  0.57572321,  0.63505884, ...,  0.        ,
          0.04267225, -0.37364695],
        [ 0.32710955,  0.54030806,  0.60151761, ..., -0.04267225,
          0.        , -0.41288815],
        [ 0.6880991 ,  0.83953459,  0.87769089, ...,  0.37364695,
          0.41288815,  0.        ]],

       [[ 0.        ,  0.60509406,  0.88706438, ...,  0.9812991 ,
          0.9883571 ,  0.9935702 ],
        [-0.60509406,  0.        ,  0.42690074, ...,  0.89773925,
          0.87895076,  0.85954228],
        [-0.88706438, -0.42690074,  0.        , ...,  0.62376285,
          0.59123952,  0.55910891],
        ...,
        [-0.9812991 , -0.89773925, -0.62376285, ...,  0.        ,
         -0.04094137, -0.08015101],
        [-0.9883571 , -0.87895076, -0.59123952, ...,  0.04094137,
          0.        , -0.03927416],
        [-0.9935702 , -0.85954228, -0.55910891, ...,  0.08015101,
          0.03927416,  0.        ]],

       [[ 0.        ,  0.34366058,  0.34228157, ...,  0.74586999,
          0.64355979,  0.53354595],
        [-0.34366058,  0.        , -0.00146805, ...,  0.92935139,
          0.86739947,  0.79170794],
        [-0.34228157,  0.00146805,  0.        , ...,  0.92880839,
          0.86666801,  0.79081026],
        ...,
        [-0.74586999, -0.92935139, -0.92880839, ...,  0.        ,
          0.14221605,  0.27544481],
        [-0.64355979, -0.86739947, -0.86666801, ..., -0.14221605,
          0.        ,  0.1359304 ],
        [-0.53354595, -0.79170794, -0.79081026, ..., -0.27544481,
         -0.1359304 ,  0.        ]]]), 'num': array([ 9.65423607e-01,  2.55409261e-01,  4.48241380e-05, -4.12501170e-09,
        1.70308070e-04,  1.77189205e-04,  1.70308070e-04,  5.21835540e-02,
       -7.09616960e-06,  1.76694623e-04,  1.76065644e-04,  1.73938586e-04,
        3.12591458e-07,  1.83781036e-04,  1.68350253e-04])}
{'img': array([[[ 0.        ,  0.51545837,  0.80693869, ...,  0.59071513,
          0.51545837, -0.00825278],
        [-0.51545837,  0.        ,  0.3870297 , ...,  0.09027929,
          0.        , -0.52251274],
        [-0.80693869, -0.3870297 ,  0.        , ..., -0.30220568,
         -0.3870297 , -0.81178559],
        ...,
        [-0.59071513, -0.09027929,  0.30220568, ...,  0.        ,
         -0.09027929, -0.59735402],
        [-0.51545837,  0.        ,  0.3870297 , ...,  0.09027929,
          0.        , -0.52251274],
        [ 0.00825278,  0.52251274,  0.81178559, ...,  0.59735402,
          0.52251274,  0.        ]],

       [[ 0.        , -0.72712618,  0.47828672, ..., -0.95041202,
         -0.89381133, -0.9941507 ],
        [ 0.72712618,  0.        ,  0.9669106 , ..., -0.87859306,
         -0.9396797 , -0.60395737],
        [-0.47828672, -0.9669106 ,  0.        , ..., -0.68591129,
         -0.57046402, -0.92472267],
        ...,
        [ 0.95041202,  0.87859306,  0.68591129, ...,  0.        ,
         -0.14823624,  0.41182065],
        [ 0.89381133,  0.9396797 ,  0.57046402, ...,  0.14823624,
          0.        ,  0.54235333],
        [ 0.9941507 ,  0.60395737,  0.92472267, ..., -0.41182065,
         -0.54235333,  0.        ]],

       [[ 0.        ,  0.39048889,  0.68145701, ...,  0.97198014,
          0.96498372,  0.88523346],
        [-0.39048889,  0.        ,  0.34157205, ...,  0.80302285,
          0.78594234,  0.63331796],
        [-0.68145701, -0.34157205,  0.        , ...,  0.55116626,
          0.52747837,  0.33088765],
        ...,
        [-0.97198014, -0.80302285, -0.55116626, ...,  0.        ,
         -0.02812792, -0.244028  ],
        [-0.96498372, -0.78594234, -0.52747837, ...,  0.02812792,
          0.        , -0.21665388],
        [-0.88523346, -0.63331796, -0.33088765, ...,  0.244028  ,
          0.21665388,  0.        ]],

       ...,

       [[ 0.        ,  0.07452714,  0.57284408, ..., -0.54030806,
         -0.83953459, -0.98907584],
        [-0.07452714,  0.        ,  0.51016375, ..., -0.60151761,
         -0.87769089, -0.97533935],
        [-0.57284408, -0.51016375,  0.        , ..., -0.92490082,
         -0.99936635, -0.72626869],
        ...,
        [ 0.54030806,  0.60151761,  0.92490082, ...,  0.        ,
         -0.41288815, -0.91192044],
        [ 0.83953459,  0.87769089,  0.99936635, ...,  0.41288815,
          0.        , -0.66112479],
        [ 0.98907584,  0.97533935,  0.72626869, ...,  0.91192044,
          0.66112479,  0.        ]],

       [[ 0.        ,  0.77859374,  0.97764183, ...,  0.99843472,
          0.99992091,  0.99349265],
        [-0.77859374,  0.        ,  0.44977753, ...,  0.67009247,
          0.63727077,  0.53476585],
        [-0.97764183, -0.44977753,  0.        , ...,  0.26462701,
          0.22255587,  0.09755896],
        ...,
        [-0.99843472, -0.67009247, -0.26462701, ...,  0.        ,
         -0.04336821, -0.1692836 ],
        [-0.99992091, -0.63727077, -0.22255587, ...,  0.04336821,
          0.        , -0.12638204],
        [-0.99349265, -0.53476585, -0.09755896, ...,  0.1692836 ,
          0.12638204,  0.        ]],

       [[ 0.        , -0.0037978 , -0.1379677 , ...,  0.74939437,
          0.65092689,  0.46697996],
        [ 0.0037978 ,  0.        , -0.13420523, ...,  0.74687436,
          0.64803913,  0.46361832],
        [ 0.1379677 ,  0.13420523,  0.        , ...,  0.650876  ,
          0.53996504,  0.34051369],
        ...,
        [-0.74939437, -0.74687436, -0.650876  , ...,  0.        ,
          0.13790131,  0.3534668 ],
        [-0.65092689, -0.64803913, -0.53996504, ..., -0.13790131,
          0.        ,  0.22109039],
        [-0.46697996, -0.46361832, -0.34051369, ..., -0.3534668 ,
         -0.22109039,  0.        ]]]), 'num': array([ 9.85614642e-01,  1.63799104e-01,  5.23116179e-05, -3.69911476e-08,
        1.73635224e-04,  1.76398356e-04,  1.73414174e-04,  4.16338031e-02,
       -1.43682872e-06,  1.79448854e-04,  1.81106734e-04,  1.78778334e-04,
        3.85356361e-07,  1.88519150e-04,  1.73694318e-04])}
{'img': array([[[ 0.        ,  0.3870297 ,  0.44180963, ...,  0.        ,
         -0.52251274, -0.61174084],
        [-0.3870297 ,  0.        ,  0.06017043, ..., -0.3870297 ,
         -0.81178559, -0.87022923],
        [-0.44180963, -0.06017043,  0.        , ..., -0.44180963,
         -0.84545159, -0.89829526],
        ...,
        [ 0.        ,  0.3870297 ,  0.44180963, ...,  0.        ,
         -0.52251274, -0.61174084],
        [ 0.52251274,  0.81178559,  0.84545159, ...,  0.52251274,
          0.        , -0.10825149],
        [ 0.61174084,  0.87022923,  0.89829526, ...,  0.61174084,
          0.10825149,  0.        ]],

       [[ 0.        ,  0.9669106 , -0.63251519, ..., -0.9396797 ,
         -0.60395737, -0.78628276],
        [-0.9669106 ,  0.        , -0.91028302, ..., -0.57046402,
         -0.92472267, -0.79801486],
        [ 0.63251519,  0.91028302,  0.        , ..., -0.51147161,
          0.03633118, -0.21820355],
        ...,
        [ 0.9396797 ,  0.57046402,  0.51147161, ...,  0.        ,
          0.54235333,  0.31164447],
        [ 0.60395737,  0.92472267, -0.03633118, ..., -0.54235333,
          0.        , -0.25351521],
        [ 0.78628276,  0.79801486,  0.21820355, ..., -0.31164447,
          0.25351521,  0.        ]],

       [[ 0.        ,  0.34157205,  0.62922448, ...,  0.78594234,
          0.63331796,  0.42459969],
        [-0.34157205,  0.        ,  0.32590228, ...,  0.52747837,
          0.33088765,  0.08980948],
        [-0.62922448, -0.32590228,  0.        , ...,  0.22180358,
          0.00527808, -0.2396791 ],
        ...,
        [-0.78594234, -0.52747837, -0.22180358, ...,  0.        ,
         -0.21665388, -0.44904751],
        [-0.63331796, -0.33088765, -0.00527808, ...,  0.21665388,
          0.        , -0.2448    ],
        [-0.42459969, -0.08980948,  0.2396791 , ...,  0.44904751,
          0.2448    ,  0.        ]],

       ...,

       [[ 0.        ,  0.51016375,  0.52836622, ..., -0.87769089,
         -0.97533935, -0.98997979],
        [-0.51016375,  0.        ,  0.0212983 , ..., -0.99936635,
         -0.72626869, -0.92349891],
        [-0.52836622, -0.0212983 ,  0.        , ..., -0.99838157,
         -0.71146326, -0.91511938],
        ...,
        [ 0.87769089,  0.99936635,  0.99838157, ...,  0.        ,
         -0.66112479, -0.35048727],
        [ 0.97533935,  0.72626869,  0.71146326, ...,  0.66112479,
          0.        ,  0.35622582],
        [ 0.98997979,  0.92349891,  0.91511938, ...,  0.35048727,
         -0.35622582,  0.        ]],

       [[ 0.        ,  0.65038295,  0.91579129, ...,  0.83174605,
          0.73761953,  0.70332755],
        [-0.65038295,  0.        ,  0.43441179, ...,  0.2707355 ,
          0.12115123,  0.07191709],
        [-0.91579129, -0.43441179,  0.        , ..., -0.17433279,
         -0.32208929, -0.36851017],
        ...,
        [-0.83174605, -0.2707355 ,  0.17433279, ...,  0.        ,
         -0.1521146 , -0.20080321],
        [-0.73761953, -0.12115123,  0.32208929, ...,  0.1521146 ,
          0.        , -0.04945017],
        [-0.70332755, -0.07191709,  0.36851017, ...,  0.20080321,
          0.04945017,  0.        ]],

       [[ 0.        , -0.13420523, -0.06322693, ...,  0.64803913,
          0.46361832,  0.36771475],
        [ 0.13420523,  0.        ,  0.07128175, ...,  0.53996504,
          0.34051369,  0.23958561],
        [ 0.06322693, -0.07128175,  0.        , ...,  0.59858844,
          0.40666942,  0.30818185],
        ...,
        [-0.64803913, -0.53996504, -0.59858844, ...,  0.        ,
          0.22109039,  0.32258249],
        [-0.46361832, -0.34051369, -0.40666942, ..., -0.22109039,
          0.        ,  0.10532844],
        [-0.36771475, -0.23958561, -0.30818185, ..., -0.32258249,
         -0.10532844,  0.        ]]]), 'num': array([ 8.11923931e-01,  5.82811958e-01,  1.42394017e-05, -3.70867738e-08,
        1.45652875e-04,  1.46739162e-04,  1.42575064e-04,  3.33103690e-02,
        3.43990632e-06,  1.46177914e-04,  1.48259962e-04,  1.46363488e-04,
        4.18551137e-07,  1.54421864e-04,  1.42098060e-04])}
{'img': array([[[ 0.        ,  0.06017043,  0.69985421, ..., -0.81178559,
         -0.87022923, -0.67614435],
        [-0.06017043,  0.        ,  0.65560728, ..., -0.84545159,
         -0.89829526, -0.71925097],
        [-0.69985421, -0.65560728,  0.        , ..., -0.98853065,
         -0.9663734 , -0.99859126],
        ...,
        [ 0.81178559,  0.84545159,  0.98853065, ...,  0.        ,
         -0.10825149,  0.20326031],
        [ 0.87022923,  0.89829526,  0.9663734 , ...,  0.10825149,
          0.        ,  0.30805757],
        [ 0.67614435,  0.71925097,  0.99859126, ..., -0.20326031,
         -0.30805757,  0.        ]],

       [[ 0.        , -0.91028302, -0.9899739 , ..., -0.92472267,
         -0.79801486, -0.78424837],
        [ 0.91028302,  0.        ,  0.53841366, ...,  0.03633118,
         -0.21820355, -0.24011415],
        [ 0.9899739 , -0.53841366,  0.        , ..., -0.50744262,
         -0.70931557, -0.72500174],
        ...,
        [ 0.92472267, -0.03633118,  0.50744262, ...,  0.        ,
         -0.25351521, -0.27522392],
        [ 0.79801486,  0.21820355,  0.70931557, ...,  0.25351521,
          0.        , -0.02250825],
        [ 0.78424837,  0.24011415,  0.72500174, ...,  0.27522392,
          0.02250825,  0.        ]],

       [[ 0.        ,  0.32590228,  0.66447794, ...,  0.33088765,
          0.08980948, -0.01405515],
        [-0.32590228,  0.        ,  0.38465041, ...,  0.00527808,
         -0.2396791 , -0.33915788],
        [-0.66447794, -0.38465041,  0.        , ..., -0.37977305,
         -0.59467743, -0.67491583],
        ...,
        [-0.33088765, -0.00527808,  0.37977305, ...,  0.        ,
         -0.2448    , -0.3441184 ],
        [-0.08980948,  0.2396791 ,  0.59467743, ...,  0.2448    ,
          0.        , -0.10379896],
        [ 0.01405515,  0.33915788,  0.67491583, ...,  0.3441184 ,
          0.10379896,  0.        ]],

       ...,

       [[ 0.        ,  0.0212983 , -0.03951031, ..., -0.72626869,
         -0.92349891, -0.99370612],
        [-0.0212983 ,  0.        , -0.06078302, ..., -0.71146326,
         -0.91511938, -0.99586651],
        [ 0.03951031,  0.06078302,  0.        , ..., -0.75286141,
         -0.93793401, -0.98850431],
        ...,
        [ 0.72626869,  0.71146326,  0.75286141, ...,  0.        ,
          0.35622582,  0.76444001],
        [ 0.92349891,  0.91511938,  0.93793401, ..., -0.35622582,
          0.        ,  0.4846357 ],
        [ 0.99370612,  0.99586651,  0.98850431, ..., -0.76444001,
         -0.4846357 ,  0.        ]],

       [[ 0.        ,  0.43441179,  0.78695974, ...,  0.12115123,
          0.07191709,  0.07470286],
        [-0.43441179,  0.        ,  0.44079199, ..., -0.32208929,
         -0.36851017, -0.36591203],
        [-0.78695974, -0.44079199,  0.        , ..., -0.70641221,
         -0.74054884, -0.73866886],
        ...,
        [-0.12115123,  0.32208929,  0.70641221, ...,  0.        ,
         -0.04945017, -0.0466601 ],
        [-0.07191709,  0.36851017,  0.74054884, ...,  0.04945017,
          0.        ,  0.00279328],
        [-0.07470286,  0.36591203,  0.73866886, ...,  0.0466601 ,
         -0.00279328,  0.        ]],

       [[ 0.        ,  0.07128175,  0.23415552, ...,  0.34051369,
          0.23958561,  0.27566681],
        [-0.07128175,  0.        ,  0.16425982, ...,  0.40666942,
          0.30818185,  0.34348539],
        [-0.23415552, -0.16425982,  0.        , ...,  0.5512094 ,
          0.46026072,  0.49308579],
        ...,
        [-0.34051369, -0.40666942, -0.5512094 , ...,  0.        ,
          0.10532844,  0.06812705],
        [-0.23958561, -0.30818185, -0.46026072, ..., -0.10532844,
          0.        , -0.03733563],
        [-0.27566681, -0.34348539, -0.49308579, ..., -0.06812705,
          0.03733563,  0.        ]]]), 'num': array([ 9.99626425e-01,  1.46873934e-04,  6.29395183e-05, -3.91135612e-08,
        1.79343182e-04,  1.81150166e-04,  1.79004372e-04,  2.73261863e-02,
       -2.37166676e-06,  1.80743594e-04,  1.84673785e-04,  1.82409408e-04,
        5.39585559e-07,  1.92740204e-04,  1.76607366e-04])}
{'img': array([[[ 0.        ,  0.65560728, -0.55410575, ..., -0.89829526,
         -0.71925097, -0.82739607],
        [-0.65560728,  0.        , -0.96416423, ..., -0.9663734 ,
         -0.99859126, -0.99296987],
        [ 0.55410575,  0.96416423,  0.        , ..., -0.50431272,
         -0.21377264, -0.37756655],
        ...,
        [ 0.89829526,  0.9663734 ,  0.50431272, ...,  0.        ,
          0.30805757,  0.14094805],
        [ 0.71925097,  0.99859126,  0.21377264, ..., -0.30805757,
          0.        , -0.1708888 ],
        [ 0.82739607,  0.99296987,  0.37756655, ..., -0.14094805,
          0.1708888 ,  0.        ]],

       [[ 0.        ,  0.72969779,  0.86246129, ..., -0.27494444,
         -0.30171893, -0.71408832],
        [-0.72969779,  0.        ,  0.22040812, ..., -0.88957403,
         -0.90199792, -0.99910106],
        [-0.86246129, -0.22040812,  0.        , ..., -0.96837785,
         -0.97497484, -0.96518742],
        ...,
        [ 0.27494444,  0.88957403,  0.96837785, ...,  0.        ,
         -0.02795954, -0.49409104],
        [ 0.30171893,  0.90199792,  0.97497484, ...,  0.02795954,
          0.        , -0.46958957],
        [ 0.71408832,  0.99910106,  0.96518742, ...,  0.49409104,
          0.46958957,  0.        ]],

       [[ 0.        ,  0.38465041,  0.57301728, ..., -0.2396791 ,
         -0.33915788, -0.49088762],
        [-0.38465041,  0.        ,  0.213693  , ..., -0.59467743,
         -0.67491583, -0.78823611],
        [-0.57301728, -0.213693  ,  0.        , ..., -0.75274246,
         -0.8170088 , -0.90152943],
        ...,
        [ 0.2396791 ,  0.59467743,  0.75274246, ...,  0.        ,
         -0.10379896, -0.26776538],
        [ 0.33915788,  0.67491583,  0.8170088 , ...,  0.10379896,
          0.        , -0.16631034],
        [ 0.49088762,  0.78823611,  0.90152943, ...,  0.26776538,
          0.16631034,  0.        ]],

       ...,

       [[ 0.        , -0.06078302, -0.59735754, ..., -0.91511938,
         -0.99586651, -0.98832763],
        [ 0.06078302,  0.        , -0.54750657, ..., -0.93793401,
         -0.98850431, -0.97724032],
        [ 0.59735754,  0.54750657,  0.        , ..., -0.9747473 ,
         -0.74440277, -0.70161063],
        ...,
        [ 0.91511938,  0.93793401,  0.9747473 , ...,  0.        ,
          0.4846357 ,  0.53788925],
        [ 0.99586651,  0.98850431,  0.74440277, ..., -0.4846357 ,
          0.        ,  0.06194497],
        [ 0.98832763,  0.97724032,  0.70161063, ..., -0.53788925,
         -0.06194497,  0.        ]],

       [[ 0.        ,  0.44079199,  0.64504648, ..., -0.36851017,
         -0.36591203, -0.35629698],
        [-0.44079199,  0.        ,  0.24217145, ..., -0.74054884,
         -0.73866886, -0.7316795 ],
        [-0.64504648, -0.24217145,  0.        , ..., -0.8812451 ,
         -0.87992139, -0.87497583],
        ...,
        [ 0.36851017,  0.74054884,  0.8812451 , ...,  0.        ,
          0.00279328,  0.01310375],
        [ 0.36591203,  0.73866886,  0.87992139, ..., -0.00279328,
          0.        ,  0.01031065],
        [ 0.35629698,  0.7316795 ,  0.87497583, ..., -0.01310375,
         -0.01031065,  0.        ]],

       [[ 0.        ,  0.22347017,  0.35176058, ...,  0.23973586,
          0.27583882,  0.3690691 ],
        [-0.22347017,  0.        ,  0.13367662, ...,  0.4506265 ,
          0.48366347,  0.56742925],
        [-0.35176058, -0.13367662,  0.        , ...,  0.56591693,
          0.5963236 ,  0.67240886],
        ...,
        [-0.23973586, -0.4506265 , -0.56591693, ...,  0.        ,
         -0.0373598 , -0.13549538],
        [-0.27583882, -0.48366347, -0.5963236 , ...,  0.0373598 ,
          0.        , -0.09838553],
        [-0.3690691 , -0.56742925, -0.67240886, ...,  0.13549538,
          0.09838553,  0.        ]]]), 'num': array([ 9.04813911e-01,  4.24465256e-01,  3.06932061e-05, -4.94468465e-08,
        1.61353267e-04,  1.63518391e-04,  1.60012952e-04,  3.37759505e-02,
       -2.37132597e-06,  1.63250328e-04,  1.68204337e-04,  1.66300403e-04,
        4.33534783e-07,  1.76207927e-04,  1.60200747e-04])}
