state_0,state_1,state_2,state_3,state_4,state_5,state_6,state_7,state_8,state_9,state_10,state_11,state_12,state_13,state_14,state_15,state_16,state_17,state_18,state_19,state_20,state_21,state_22,state_23,state_24,state_25,state_26,state_27,state_28,state_29,state_30,state_31,state_32,state_33,state_34,state_35,state_36,state_37,state_38,state_39,state_40,state_41,state_42,state_43,state_44,state_45,state_46,state_47,state_48,state_49,state_50,state_51,state_52,state_53,state_54,state_55,state_56,state_57,state_58,state_59,state_60,state_61,state_62,state_63,state_64,state_65,state_66,state_67,state_68,state_69,state_70,state_71,state_72,state_73,state_74,state_75,state_76,state_77,state_78,state_79,state_80,state_81,state_82,state_83,state_84,state_85,state_86,state_87,state_88,state_89,state_90,state_91,state_92,state_93,state_94,state_95,state_96,state_97,state_98,state_99,state_100,state_101,state_102,state_103,state_104,state_105,state_106,state_107,state_108,state_109,state_110,state_111,state_112,state_113,state_114,state_115,state_116,state_117,state_118,state_119,state_120,state_121,state_122,state_123,state_124,state_125,state_126,state_127,state_128,state_129,state_130,state_131,state_132,state_133,state_134,state_135,state_136,state_137,state_138,state_139,state_140,state_141,state_142,state_143,state_144,state_145,state_146,state_147,state_148,state_149,state_150,state_151,state_152,state_153,state_154,state_155,state_156,state_157,state_158,state_159,state_160,state_161,state_162,state_163,state_164,state_165,state_166,state_167,state_168,state_169,state_170,state_171,state_172,state_173,state_174,state_175,state_176,state_177,state_178,state_179,state_180,state_181,state_182,state_183,state_184,state_185,state_186,state_187,state_188,state_189,state_190,state_191,state_192,state_193,state_194,state_195,state_196,state_197,state_198,state_199,state_200,state_201,state_202,state_203,state_204,state_205,state_206,state_207,state_208,state_209,state_210,state_211,state_212,state_213,state_214,state_215,state_216,state_217,state_218,state_219,state_220,state_221,state_222,state_223,state_224,state_225,state_226,state_227,state_228,state_229,state_230,state_231,state_232,state_233,state_234,state_235,state_236,state_237,state_238,state_239,state_240,state_241,state_242,state_243,state_244,state_245,state_246,state_247,state_248,state_249,state_250,state_251,state_252,state_253,state_254,state_255,state_256,state_257,state_258,state_259,state_260,state_261,state_262,state_263,state_264,state_265,state_266,state_267,state_268,state_269,state_270,state_271,state_272,state_273,state_274,state_275,state_276,state_277,state_278,state_279,state_280,state_281,state_282,state_283,state_284,state_285,state_286,state_287
{'img': array([[[ 0.        ,  0.70146167,  0.53428585, ...,  0.97400667,
          0.91011095,  0.97651055],
        [-0.70146167,  0.        , -0.2121589 , ...,  0.85307618,
          0.93930352,  0.84710975],
        [-0.53428585,  0.2121589 ,  0.        , ...,  0.94435768,
          0.99070947,  0.94057051],
        ...,
        [-0.97400667, -0.85307618, -0.94435768, ...,  0.        ,
          0.19743619, -0.01132968],
        [-0.91011095, -0.93930352, -0.99070947, ..., -0.19743619,
          0.        , -0.20853019],
        [-0.97651055, -0.84710975, -0.94057051, ...,  0.01132968,
          0.20853019,  0.        ]],

       [[ 0.        ,  0.97695733, -0.18560697, ..., -0.20310976,
         -0.16114917, -0.40415451],
        [-0.97695733,  0.        , -0.92036681, ..., -0.91324293,
         -0.92979373, -0.80735321],
        [ 0.18560697,  0.92036681,  0.        , ..., -0.01784237,
          0.02483205, -0.22735897],
        ...,
        [ 0.20310976,  0.91324293,  0.01784237, ...,  0.        ,
          0.04266496, -0.20994769],
        [ 0.16114917,  0.92979373, -0.02483205, ..., -0.04266496,
          0.        , -0.25147058],
        [ 0.40415451,  0.80735321,  0.22735897, ...,  0.20994769,
          0.25147058,  0.        ]],

       [[ 0.        , -0.18060495, -0.37511266, ...,  0.88787525,
          0.91997816,  0.93325907],
        [ 0.18060495,  0.        , -0.20152717, ...,  0.95636828,
          0.97564144,  0.98278632],
        [ 0.37511266,  0.20152717,  0.        , ...,  0.99562535,
          0.99983341,  0.99985374],
        ...,
        [-0.88787525, -0.95636828, -0.99562535, ...,  0.        ,
          0.07524737,  0.1104495 ],
        [-0.91997816, -0.97564144, -0.99983341, ..., -0.07524737,
          0.        ,  0.03534938],
        [-0.93325907, -0.98278632, -0.99985374, ..., -0.1104495 ,
         -0.03534938,  0.        ]],

       ...,

       [[ 0.        ,  0.71864282,  0.76393111, ...,  0.63467355,
          0.97816017,  0.93421412],
        [-0.71864282,  0.        ,  0.06748331, ..., -0.11401416,
          0.53082069,  0.39328418],
        [-0.76393111, -0.06748331,  0.        , ..., -0.18079751,
          0.4724196 ,  0.33034236],
        ...,
        [-0.63467355,  0.11401416,  0.18079751, ...,  0.        ,
          0.62398447,  0.49554617],
        [-0.97816017, -0.53082069, -0.4724196 , ..., -0.62398447,
          0.        , -0.15474344],
        [-0.93421412, -0.39328418, -0.33034236, ..., -0.49554617,
          0.15474344,  0.        ]],

       [[ 0.        , -0.054198  , -0.11159623, ...,  0.09182795,
         -0.07564117, -0.1611671 ],
        [ 0.054198  ,  0.        , -0.05757274, ...,  0.14566199,
         -0.02148726, -0.10744074],
        [ 0.11159623,  0.05757274,  0.        , ...,  0.20237908,
          0.03610783, -0.05002304],
        ...,
        [-0.09182795, -0.14566199, -0.20237908, ...,  0.        ,
         -0.16688645, -0.25111365],
        [ 0.07564117,  0.02148726, -0.03610783, ...,  0.16688645,
          0.        , -0.08605305],
        [ 0.1611671 ,  0.10744074,  0.05002304, ...,  0.25111365,
          0.08605305,  0.        ]],

       [[ 0.        , -0.16181816, -0.41769663, ...,  0.98061768,
          0.99238468,  0.99295175],
        [ 0.16181816,  0.        , -0.26516582, ...,  0.99939892,
          0.99923796,  0.99904381],
        [ 0.41769663,  0.26516582,  0.        , ...,  0.97281577,
          0.95311813,  0.95168772],
        ...,
        [-0.98061768, -0.99939892, -0.97281577, ...,  0.        ,
          0.0736491 ,  0.07832794],
        [-0.99238468, -0.99923796, -0.95311813, ..., -0.0736491 ,
          0.        ,  0.0046924 ],
        [-0.99295175, -0.99904381, -0.95168772, ..., -0.07832794,
         -0.0046924 ,  0.        ]]]), 'num': array([ 7.07080735e-01,  7.07080735e-01,  0.00000000e+00,  0.00000000e+00,
        2.93198686e-03,  3.00934799e-03,  2.91651463e-03,  1.46206348e-03,
       -4.64166785e-05,  2.99155493e-03,  3.04454730e-03,  2.91058361e-03,
        2.88767355e-07,  3.30894700e-03,  2.78014760e-03])}
{'img': array([[[ 0.        , -0.51649961, -0.11542141, ...,  0.98578107,
          0.92395854,  0.8938956 ],
        [ 0.51649961,  0.        ,  0.41421374, ...,  0.93090183,
          0.98873137,  0.99696553],
        [ 0.11542141, -0.41421374,  0.        , ...,  0.99858752,
          0.96193121,  0.93966191],
        ...,
        [-0.98578107, -0.93090183, -0.99858752, ...,  0.        ,
         -0.22179681, -0.29169565],
        [-0.92395854, -0.98873137, -0.96193121, ...,  0.22179681,
          0.        , -0.07227922],
        [-0.8938956 , -0.99696553, -0.93966191, ...,  0.29169565,
          0.07227922,  0.        ]],

       [[ 0.        , -0.92036681, -0.84109324, ..., -0.92979373,
         -0.80735321, -0.67316518],
        [ 0.92036681,  0.        , -0.16890264, ...,  0.02483205,
         -0.22735897, -0.41735863],
        [ 0.84109324,  0.16890264,  0.        , ...,  0.19332584,
         -0.05961319, -0.25787343],
        ...,
        [ 0.92979373, -0.02483205, -0.19332584, ...,  0.        ,
         -0.25147058, -0.43979585],
        [ 0.80735321,  0.22735897,  0.05961319, ...,  0.25147058,
          0.        , -0.19981782],
        [ 0.67316518,  0.41735863,  0.25787343, ...,  0.43979585,
          0.19981782,  0.        ]],

       [[ 0.        , -0.20152717, -0.3018207 , ...,  0.97564144,
          0.98278632,  0.98225732],
        [ 0.20152717,  0.        , -0.10349932, ...,  0.99983341,
          0.99985374,  0.9998983 ],
        [ 0.3018207 ,  0.10349932,  0.        , ...,  0.99635293,
          0.99271393,  0.99305236],
        ...,
        [-0.97564144, -0.99983341, -0.99635293, ...,  0.        ,
          0.03534938,  0.03250915],
        [-0.98278632, -0.99985374, -0.99271393, ..., -0.03534938,
          0.        , -0.00284187],
        [-0.98225732, -0.9998983 , -0.99305236, ..., -0.03250915,
          0.00284187,  0.        ]],

       ...,

       [[ 0.        ,  0.06904589,  0.49284349, ...,  0.5379941 ,
          0.39958201,  0.26523315],
        [-0.06904589,  0.        ,  0.43158925, ...,  0.47850804,
          0.33533421,  0.19802721],
        [-0.49284349, -0.43158925,  0.        , ...,  0.05267661,
         -0.10410488, -0.24440783],
        ...,
        [-0.5379941 , -0.47850804, -0.05267661, ...,  0.        ,
         -0.15635073, -0.29514755],
        [-0.39958201, -0.33533421,  0.10410488, ...,  0.15635073,
          0.        , -0.14213215],
        [-0.26523315, -0.19802721,  0.24440783, ...,  0.29514755,
          0.14213215,  0.        ]],

       [[ 0.        , -0.05757274, -0.22578301, ..., -0.02148726,
         -0.10744074, -0.15385928],
        [ 0.05757274,  0.        , -0.16932242, ...,  0.03610783,
         -0.05002304, -0.09671687],
        [ 0.22578301,  0.16932242,  0.        , ...,  0.20479847,
          0.1198097 ,  0.07320828],
        ...,
        [ 0.02148726, -0.03610783, -0.20479847, ...,  0.        ,
         -0.08605305, -0.13259236],
        [ 0.10744074,  0.05002304, -0.1198097 , ...,  0.08605305,
          0.        , -0.04680725],
        [ 0.15385928,  0.09671687, -0.07320828, ...,  0.13259236,
          0.04680725,  0.        ]],

       [[ 0.        , -0.26516582, -0.45599661, ...,  0.99923796,
          0.99904381,  0.9997853 ],
        [ 0.26516582,  0.        , -0.20368054, ...,  0.95311813,
          0.95168772,  0.95850135],
        [ 0.45599661,  0.20368054,  0.        , ...,  0.87150488,
          0.8691942 ,  0.8803418 ],
        ...,
        [-0.99923796, -0.95311813, -0.87150488, ...,  0.        ,
          0.0046924 , -0.0183185 ],
        [-0.99904381, -0.95168772, -0.8691942 , ..., -0.0046924 ,
          0.        , -0.02300991],
        [-0.9997853 , -0.95850135, -0.8803418 , ...,  0.0183185 ,
          0.02300991,  0.        ]]]), 'num': array([ 8.82407203e-01,  4.70366942e-01,  1.09439644e-06, -6.44248792e-11,
        3.64637399e-03,  3.70448353e-03,  3.60279183e-03,  1.33372061e-03,
       -2.42123107e-05,  3.73741228e-03,  3.79237422e-03,  3.65597820e-03,
        4.06465734e-07,  4.11501850e-03,  3.46972994e-03])}
{'img': array([[[ 0.        ,  0.41421374,  0.47452965, ...,  0.98873137,
          0.99696553,  0.99885194],
        [-0.41421374,  0.        ,  0.06729992, ...,  0.96193121,
          0.93966191,  0.92897727],
        [-0.47452965, -0.06729992,  0.        , ...,  0.9413578 ,
          0.91450789,  0.90196091],
        ...,
        [-0.98873137, -0.96193121, -0.9413578 , ...,  0.        ,
         -0.07227922, -0.10216436],
        [-0.99696553, -0.93966191, -0.91450789, ...,  0.07227922,
          0.        , -0.02999611],
        [-0.99885194, -0.92897727, -0.90196091, ...,  0.10216436,
          0.02999611,  0.        ]],

       [[ 0.        , -0.16890264, -0.53649028, ..., -0.22735897,
         -0.41735863, -0.57852064],
        [ 0.16890264,  0.        , -0.38624435, ..., -0.05961319,
         -0.25787343, -0.43244044],
        [ 0.53649028,  0.38624435,  0.        , ...,  0.33057044,
          0.13531952, -0.0506195 ],
        ...,
        [ 0.22735897,  0.05961319, -0.33057044, ...,  0.        ,
         -0.19981782, -0.37792039],
        [ 0.41735863,  0.25787343, -0.13531952, ...,  0.19981782,
          0.        , -0.18529995],
        [ 0.57852064,  0.43244044,  0.0506195 , ...,  0.37792039,
          0.18529995,  0.        ]],

       [[ 0.        , -0.10349932, -0.27338476, ...,  0.99985374,
          0.9998983 ,  0.99999574],
        [ 0.10349932,  0.        , -0.17236007, ...,  0.99271393,
          0.99305236,  0.99432327],
        [ 0.27338476,  0.17236007,  0.        , ...,  0.95708846,
          0.95790816,  0.96110292],
        ...,
        [-0.99985374, -0.99271393, -0.95708846, ...,  0.        ,
         -0.00284187, -0.01418498],
        [-0.9998983 , -0.99305236, -0.95790816, ...,  0.00284187,
          0.        , -0.01134335],
        [-0.99999574, -0.99432327, -0.96110292, ...,  0.01418498,
          0.01134335,  0.        ]],

       ...,

       [[ 0.        ,  0.43158925,  0.12451064, ...,  0.33533421,
          0.19802721,  0.35964596],
        [-0.43158925,  0.        , -0.31591339, ..., -0.10410488,
         -0.24440783, -0.07828519],
        [-0.12451064,  0.31591339,  0.        , ...,  0.21542336,
          0.07444132,  0.24066781],
        ...,
        [-0.33533421,  0.10410488, -0.21542336, ...,  0.        ,
         -0.14213215,  0.02592557],
        [-0.19802721,  0.24440783, -0.07444132, ...,  0.14213215,
          0.        ,  0.16774674],
        [-0.35964596,  0.07828519, -0.24066781, ..., -0.02592557,
         -0.16774674,  0.        ]],

       [[ 0.        , -0.16932242, -0.37074359, ..., -0.05002304,
         -0.09671687, -0.14918668],
        [ 0.16932242,  0.        , -0.20813461, ...,  0.1198097 ,
          0.07320828,  0.02039502],
        [ 0.37074359,  0.20813461,  0.        , ...,  0.32382128,
          0.27918116,  0.22803969],
        ...,
        [ 0.05002304, -0.1198097 , -0.32382128, ...,  0.        ,
         -0.04680725, -0.09953667],
        [ 0.09671687, -0.07320828, -0.27918116, ...,  0.04680725,
          0.        , -0.05285277],
        [ 0.14918668, -0.02039502, -0.22803969, ...,  0.09953667,
          0.05285277,  0.        ]],

       [[ 0.        , -0.20368054, -0.31018377, ...,  0.95168772,
          0.95850135,  0.96427025],
        [ 0.20368054,  0.        , -0.11004719, ...,  0.8691942 ,
          0.8803418 ,  0.89009749],
        [ 0.31018377,  0.11004719,  0.        , ...,  0.8094999 ,
          0.82279515,  0.83453513],
        ...,
        [-0.95168772, -0.8691942 , -0.8094999 , ...,  0.        ,
         -0.02300991, -0.04397448],
        [-0.95850135, -0.8803418 , -0.82279515, ...,  0.02300991,
          0.        , -0.02097519],
        [-0.96427025, -0.89009749, -0.83453513, ...,  0.04397448,
          0.02097519,  0.        ]]]), 'num': array([ 8.24954845e-01,  5.65101326e-01,  6.87443172e-07, -3.08226187e-09,
        3.41912525e-03,  3.59550870e-03,  3.40103464e-03,  3.57112255e-03,
        1.35679573e-05,  3.47611067e-03,  3.51658841e-03,  3.42794442e-03,
        3.99897690e-07,  3.76518583e-03,  3.26799100e-03])}
{'img': array([[[ 0.00000000e+00,  2.48421477e-01,  6.32825223e-01, ...,
          9.99405293e-01,  9.99995087e-01,  9.99759211e-01],
        [-2.48421477e-01,  0.00000000e+00,  4.20636016e-01, ...,
          9.76642231e-01,  9.69426029e-01,  9.73870052e-01],
        [-6.32825223e-01, -4.20636016e-01,  0.00000000e+00, ...,
          7.95655752e-01,  7.76274644e-01,  7.87994676e-01],
        ...,
        [-9.99405293e-01, -9.76642231e-01, -7.95655752e-01, ...,
          0.00000000e+00, -3.13496572e-02, -1.25439319e-02],
        [-9.99995087e-01, -9.69426029e-01, -7.76274644e-01, ...,
          3.13496572e-02,  0.00000000e+00,  1.88094244e-02],
        [-9.99759211e-01, -9.73870052e-01, -7.87994676e-01, ...,
          1.25439319e-02, -1.88094244e-02,  0.00000000e+00]],

       [[ 0.00000000e+00, -3.86244352e-01,  3.49275394e-01, ...,
         -2.57873431e-01, -4.32440444e-01,  1.96754106e-01],
        [ 3.86244352e-01,  0.00000000e+00,  6.84089128e-01, ...,
          1.35319519e-01, -5.06195038e-02,  5.60179680e-01],
        [-3.49275394e-01, -6.84089128e-01,  0.00000000e+00, ...,
         -5.79095040e-01, -7.20133920e-01, -1.58085506e-01],
        ...,
        [ 2.57873431e-01, -1.35319519e-01,  5.79095040e-01, ...,
          0.00000000e+00, -1.85299947e-01,  4.42932371e-01],
        [ 4.32440444e-01,  5.06195038e-02,  7.20133920e-01, ...,
          1.85299947e-01,  0.00000000e+00,  6.01393271e-01],
        [-1.96754106e-01, -5.60179680e-01,  1.58085506e-01, ...,
         -4.42932371e-01, -6.01393271e-01,  0.00000000e+00]],

       [[ 0.00000000e+00, -1.72360065e-01,  2.90429584e-01, ...,
          9.93052355e-01,  9.94323274e-01,  9.96472005e-01],
        [ 1.72360065e-01,  0.00000000e+00,  4.51013739e-01, ...,
          9.57908159e-01,  9.61102919e-01,  9.67093358e-01],
        [-2.90429584e-01, -4.51013739e-01,  0.00000000e+00, ...,
          9.84424016e-01,  9.82366400e-01,  9.77894983e-01],
        ...,
        [-9.93052355e-01, -9.57908159e-01, -9.84424016e-01, ...,
          0.00000000e+00, -1.13433463e-02, -3.39154732e-02],
        [-9.94323274e-01, -9.61102919e-01, -9.82366400e-01, ...,
          1.13433463e-02,  0.00000000e+00, -2.25764706e-02],
        [-9.96472005e-01, -9.67093358e-01, -9.77894983e-01, ...,
          3.39154732e-02,  2.25764706e-02,  0.00000000e+00]],

       ...,

       [[ 0.00000000e+00, -3.15913395e-01, -1.51855417e-01, ...,
         -2.44407826e-01, -7.82851905e-02, -8.67615155e-04],
        [ 3.15913395e-01,  0.00000000e+00,  1.68171056e-01, ...,
          7.44413209e-02,  2.40667807e-01,  3.15090093e-01],
        [ 1.51855417e-01, -1.68171056e-01,  0.00000000e+00, ...,
         -9.43233328e-02,  7.40120789e-02,  1.50997807e-01],
        ...,
        [ 2.44407826e-01, -7.44413209e-02,  9.43233328e-02, ...,
          0.00000000e+00,  1.67746741e-01,  2.43566431e-01],
        [ 7.82851905e-02, -2.40667807e-01, -7.40120789e-02, ...,
         -1.67746741e-01,  0.00000000e+00,  7.74202085e-02],
        [ 8.67615155e-04, -3.15090093e-01, -1.50997807e-01, ...,
         -2.43566431e-01, -7.74202085e-02,  0.00000000e+00]],

       [[ 0.00000000e+00, -2.08134614e-01, -4.57012025e-01, ...,
          7.32082840e-02,  2.03950161e-02, -1.39434932e-01],
        [ 2.08134614e-01,  0.00000000e+00, -2.61876027e-01, ...,
          2.79181158e-01,  2.28039692e-01,  6.97200625e-02],
        [ 4.57012025e-01,  2.61876027e-01,  0.00000000e+00, ...,
          5.20901590e-01,  4.75057528e-01,  3.28525715e-01],
        ...,
        [-7.32082840e-02, -2.79181158e-01, -5.20901590e-01, ...,
          0.00000000e+00, -5.28527670e-02, -2.11553912e-01],
        [-2.03950161e-02, -2.28039692e-01, -4.75057528e-01, ...,
          5.28527670e-02,  0.00000000e+00, -1.59601712e-01],
        [ 1.39434932e-01, -6.97200625e-02, -3.28525715e-01, ...,
          2.11553912e-01,  1.59601712e-01,  0.00000000e+00]],

       [[ 0.00000000e+00, -1.10047187e-01,  2.25658575e-01, ...,
          8.80341798e-01,  8.90097487e-01,  8.62221642e-01],
        [ 1.10047187e-01,  0.00000000e+00,  3.31496687e-01, ...,
          8.22795153e-01,  8.34535132e-01,  8.01242490e-01],
        [-2.25658575e-01, -3.31496687e-01,  0.00000000e+00, ...,
          9.64673519e-01,  9.69987164e-01,  9.54284991e-01],
        ...,
        [-8.80341798e-01, -8.22795153e-01, -9.64673519e-01, ...,
          0.00000000e+00, -2.09751862e-02,  3.69344649e-02],
        [-8.90097487e-01, -8.34535132e-01, -9.69987164e-01, ...,
          2.09751862e-02,  0.00000000e+00,  5.78872139e-02],
        [-8.62221642e-01, -8.01242490e-01, -9.54284991e-01, ...,
         -3.69344649e-02, -5.78872139e-02,  0.00000000e+00]]]), 'num': array([ 8.89894207e-01,  4.56025852e-01,  1.08061857e-06, -2.06893508e-09,
        3.80586277e-03,  3.82956054e-03,  3.61154101e-03,  4.43034655e-03,
        2.22759091e-04,  3.63997834e-03,  3.67362918e-03,  3.60893425e-03,
        5.80263292e-07,  3.88655920e-03,  3.46069916e-03])}
{'img': array([[[ 0.        ,  0.59658786,  0.59658786, ...,  0.99991886,
          0.99997971,  0.95211746],
        [-0.59658786,  0.        ,  0.        , ...,  0.7948828 ,
          0.80633141,  0.94651603],
        [-0.59658786,  0.        ,  0.        , ...,  0.7948828 ,
          0.80633141,  0.94651603],
        ...,
        [-0.99991886, -0.7948828 , -0.7948828 , ...,  0.        ,
          0.01910751,  0.31783656],
        [-0.99997971, -0.80633141, -0.80633141, ..., -0.01910751,
          0.        ,  0.29966184],
        [-0.95211746, -0.94651603, -0.94651603, ..., -0.31783656,
         -0.29966184,  0.        ]],

       [[ 0.        ,  0.68408913,  0.2085176 , ..., -0.0506195 ,
          0.56017968,  0.6603889 ],
        [-0.68408913,  0.        , -0.51695949, ..., -0.72013392,
         -0.15808551, -0.03201215],
        [-0.2085176 ,  0.51695949,  0.        , ..., -0.2577571 ,
          0.3751362 ,  0.48929182],
        ...,
        [ 0.0506195 ,  0.72013392,  0.2577571 , ...,  0.        ,
          0.60139327,  0.69755368],
        [-0.56017968,  0.15808551, -0.3751362 , ..., -0.60139327,
          0.        ,  0.12639487],
        [-0.6603889 ,  0.03201215, -0.48929182, ..., -0.69755368,
         -0.12639487,  0.        ]],

       [[ 0.        ,  0.45101374,  0.51733609, ...,  0.96110292,
          0.96709336,  0.96815795],
        [-0.45101374,  0.        ,  0.07576168, ...,  0.9823664 ,
          0.97789498,  0.97700428],
        [-0.51733609, -0.07576168,  0.        , ...,  0.96537818,
          0.95924295,  0.95804244],
        ...,
        [-0.96110292, -0.9823664 , -0.96537818, ...,  0.        ,
         -0.02257647, -0.02679337],
        [-0.96709336, -0.97789498, -0.95924295, ...,  0.02257647,
          0.        , -0.00421818],
        [-0.96815795, -0.97700428, -0.95804244, ...,  0.02679337,
          0.00421818,  0.        ]],

       ...,

       [[ 0.        ,  0.16817106,  0.19721046, ...,  0.24066781,
          0.31509009,  0.77563689],
        [-0.16817106,  0.        ,  0.02953338, ...,  0.07401208,
          0.15099781,  0.65844403],
        [-0.19721046, -0.02953338,  0.        , ...,  0.04452742,
          0.12173719,  0.63592912],
        ...,
        [-0.24066781, -0.07401208, -0.04452742, ...,  0.        ,
          0.07742021,  0.60093446],
        [-0.31509009, -0.15099781, -0.12173719, ..., -0.07742021,
          0.        ,  0.53724894],
        [-0.77563689, -0.65844403, -0.63592912, ..., -0.60093446,
         -0.53724894,  0.        ]],

       [[ 0.        , -0.26187603, -0.53040572, ...,  0.22803969,
          0.06972006, -0.04751421],
        [ 0.26187603,  0.        , -0.28989155, ...,  0.47505753,
          0.32852571,  0.21572422],
        [ 0.53040572,  0.28989155,  0.        , ...,  0.70974977,
          0.58821979,  0.48952678],
        ...,
        [-0.22803969, -0.47505753, -0.70974977, ...,  0.        ,
         -0.15960171, -0.27404443],
        [-0.06972006, -0.32852571, -0.58821979, ...,  0.15960171,
          0.        , -0.11703991],
        [ 0.04751421, -0.21572422, -0.48952678, ...,  0.27404443,
          0.11703991,  0.        ]],

       [[ 0.        ,  0.33149669,  0.48019106, ...,  0.83453513,
          0.80124249,  0.75329158],
        [-0.33149669,  0.        ,  0.16226239, ...,  0.96998716,
          0.95428499,  0.92871871],
        [-0.48019106, -0.16226239,  0.        , ...,  0.99658764,
          0.99013841,  0.97657547],
        ...,
        [-0.83453513, -0.96998716, -0.99658764, ...,  0.        ,
          0.05788721,  0.13383309],
        [-0.80124249, -0.95428499, -0.99013841, ..., -0.05788721,
          0.        ,  0.07624222],
        [-0.75329158, -0.92871871, -0.97657547, ..., -0.13383309,
         -0.07624222,  0.        ]]]), 'num': array([ 9.34436864e-01,  3.55938881e-01,  1.47388021e-06,  2.73658570e-08,
        3.96231495e-03,  4.00269523e-03,  3.90679207e-03,  3.52806542e-03,
       -9.08556295e-05,  3.89164946e-03,  3.90300642e-03,  3.85917699e-03,
        5.48148594e-07,  4.10391797e-03,  3.70209487e-03])}
{'img': array([[[ 0.        ,  0.        ,  0.59184505, ...,  0.85761281,
          0.97474841,  0.94024388],
        [ 0.        ,  0.        ,  0.59184505, ...,  0.85761281,
          0.97474841,  0.94024388],
        [-0.59184505, -0.59184505,  0.        , ...,  0.38689683,
          0.65353517,  0.55636095],
        ...,
        [-0.85761281, -0.85761281, -0.38689683, ...,  0.        ,
          0.30979909,  0.1915449 ],
        [-0.97474841, -0.97474841, -0.65353517, ..., -0.30979909,
          0.        , -0.12194152],
        [-0.94024388, -0.94024388, -0.55636095, ..., -0.1915449 ,
          0.12194152,  0.        ]],

       [[ 0.        , -0.51695949,  0.73113696, ..., -0.15808551,
         -0.03201215, -0.24113899],
        [ 0.51695949,  0.        ,  0.97854609, ...,  0.3751362 ,
          0.48929182,  0.29528697],
        [-0.73113696, -0.97854609,  0.        , ..., -0.82979401,
         -0.75260191, -0.87407397],
        ...,
        [ 0.15808551, -0.3751362 ,  0.82979401, ...,  0.        ,
          0.12639487, -0.08468627],
        [ 0.03201215, -0.48929182,  0.75260191, ..., -0.12639487,
          0.        , -0.20994791],
        [ 0.24113899, -0.29528697,  0.87407397, ...,  0.08468627,
          0.20994791,  0.        ]],

       [[ 0.        ,  0.27592556,  0.6148536 , ...,  0.97725282,
          0.97817894,  0.9733484 ],
        [-0.27592556,  0.        ,  0.37337809, ...,  0.99783254,
          0.99753252,  0.99884045],
        [-0.6148536 , -0.37337809,  0.        , ...,  0.9010986 ,
          0.89917684,  0.90862796],
        ...,
        [-0.97725282, -0.99783254, -0.9010986 , ...,  0.        ,
         -0.00441173,  0.01768934],
        [-0.97817894, -0.99753252, -0.89917684, ...,  0.00441173,
          0.        ,  0.02210021],
        [-0.9733484 , -0.99884045, -0.90862796, ..., -0.01768934,
         -0.02210021,  0.        ]],

       ...,

       [[ 0.        ,  0.02953338,  0.21434918, ...,  0.15099781,
          0.65844403,  0.46791908],
        [-0.02953338,  0.        ,  0.18540874, ...,  0.12173719,
          0.63592912,  0.44161421],
        [-0.21434918, -0.18540874,  0.        , ..., -0.06440329,
          0.48181432,  0.26760762],
        ...,
        [-0.15099781, -0.12173719,  0.06440329, ...,  0.        ,
          0.53724894,  0.32910643],
        [-0.65844403, -0.63592912, -0.48181432, ..., -0.53724894,
          0.        , -0.22974416],
        [-0.46791908, -0.44161421, -0.26760762, ..., -0.32910643,
          0.22974416,  0.        ]],

       [[ 0.        , -0.28989155, -0.54240495, ...,  0.32852571,
          0.21572422,  0.15017631],
        [ 0.28989155,  0.        , -0.27557094, ...,  0.58821979,
          0.48952678,  0.43033163],
        [ 0.54240495,  0.27557094,  0.        , ...,  0.78829888,
          0.71086729,  0.66241936],
        ...,
        [-0.32852571, -0.58821979, -0.78829888, ...,  0.        ,
         -0.11703991, -0.1829592 ],
        [-0.21572422, -0.48952678, -0.71086729, ...,  0.11703991,
          0.        , -0.06663743],
        [-0.15017631, -0.43033163, -0.66241936, ...,  0.1829592 ,
          0.06663743,  0.        ]],

       [[ 0.        ,  0.36302653,  0.53098797, ...,  0.8098379 ,
          0.76187225,  0.73868172],
        [-0.36302653,  0.        ,  0.18714214, ...,  0.96756065,
          0.94503862,  0.93298759],
        [-0.53098797, -0.18714214,  0.        , ...,  0.99774598,
          0.98953023,  0.98385841],
        ...,
        [-0.8098379 , -0.96756065, -0.99774598, ...,  0.        ,
          0.07759893,  0.11252441],
        [-0.76187225, -0.94503862, -0.98953023, ..., -0.07759893,
          0.        ,  0.03507901],
        [-0.73868172, -0.93298759, -0.98385841, ..., -0.11252441,
         -0.03507901,  0.        ]]]), 'num': array([8.36721780e-01, 5.47528280e-01, 7.30286617e-07, 1.10656070e-08,
       3.57029013e-03, 3.62889337e-03, 3.47562334e-03, 3.27906805e-03,
       3.15555946e-05, 3.50627735e-03, 3.48238526e-03, 3.45886883e-03,
       4.85787366e-07, 3.65253245e-03, 3.31223806e-03])}
{'img': array([[[ 0.        ,  0.59184505,  0.66405714, ...,  0.97474841,
          0.94024388,  0.95524791],
        [-0.59184505,  0.        ,  0.09275263, ...,  0.65353517,
          0.55636095,  0.59490769],
        [-0.66405714, -0.09275263,  0.        , ...,  0.58051379,
          0.47689065,  0.51778914],
        ...,
        [-0.97474841, -0.65353517, -0.58051379, ...,  0.        ,
         -0.12194152, -0.07502433],
        [-0.94024388, -0.55636095, -0.47689065, ...,  0.12194152,
          0.        ,  0.04713341],
        [-0.95524791, -0.59490769, -0.51778914, ...,  0.07502433,
         -0.04713341,  0.        ]],

       [[ 0.        ,  0.97854609,  0.52034552, ...,  0.48929182,
          0.29528697,  0.32113527],
        [-0.97854609,  0.        , -0.72842937, ..., -0.75260191,
         -0.87407397, -0.86055291],
        [-0.52034552,  0.72842937,  0.        , ..., -0.0359702 ,
         -0.24498056, -0.21854923],
        ...,
        [-0.48929182,  0.75260191,  0.0359702 , ...,  0.        ,
         -0.20994791, -0.18330714],
        [-0.29528697,  0.87407397,  0.24498056, ...,  0.20994791,
          0.        ,  0.02716879],
        [-0.32113527,  0.86055291,  0.21854923, ...,  0.18330714,
         -0.02716879,  0.        ]],

       [[ 0.        ,  0.56652156,  0.75905509, ...,  0.98137886,
          0.97681695,  0.96454194],
        [-0.56652156,  0.        ,  0.25667653, ...,  0.91752088,
          0.92622181,  0.94434963],
        [-0.75905509, -0.25667653,  0.        , ...,  0.78470444,
          0.79842928,  0.82827938],
        ...,
        [-0.98137886, -0.91752088, -0.78470444, ...,  0.        ,
          0.02246084,  0.0737437 ],
        [-0.97681695, -0.92622181, -0.79842928, ..., -0.02246084,
          0.        ,  0.05132541],
        [-0.96454194, -0.94434963, -0.82827938, ..., -0.0737437 ,
         -0.05132541,  0.        ]],

       ...,

       [[ 0.        ,  0.18540874,  0.37594959, ...,  0.63592912,
          0.44161421,  0.42923076],
        [-0.18540874,  0.        ,  0.19762401, ...,  0.48181432,
          0.26760762,  0.25432831],
        [-0.37594959, -0.19762401,  0.        , ...,  0.29913928,
          0.07191358,  0.0581867 ],
        ...,
        [-0.63592912, -0.48181432, -0.29913928, ...,  0.        ,
         -0.22974416, -0.24311016],
        [-0.44161421, -0.26760762, -0.07191358, ...,  0.22974416,
          0.        , -0.01375568],
        [-0.42923076, -0.25432831, -0.0581867 , ...,  0.24311016,
          0.01375568,  0.        ]],

       [[ 0.        , -0.27557094, -0.38607709, ...,  0.48952678,
          0.43033163,  0.40560156],
        [ 0.27557094,  0.        , -0.1169235 , ...,  0.71086729,
          0.66241936,  0.64178258],
        [ 0.38607709,  0.1169235 ,  0.        , ...,  0.78822675,
          0.74546706,  0.72704762],
        ...,
        [-0.48952678, -0.71086729, -0.78822675, ...,  0.        ,
         -0.06663743, -0.09377214],
        [-0.43033163, -0.66241936, -0.74546706, ...,  0.06663743,
          0.        , -0.0272199 ],
        [-0.40560156, -0.64178258, -0.72704762, ...,  0.09377214,
          0.0272199 ,  0.        ]],

       [[ 0.        ,  0.40880899,  0.46299402, ...,  0.77227636,
          0.7490234 ,  0.73922772],
        [-0.40880899,  0.        ,  0.06018508, ...,  0.96450575,
          0.95442747,  0.94994866],
        [-0.46299402, -0.06018508,  0.        , ...,  0.97864991,
          0.97065913,  0.96702881],
        ...,
        [-0.77227636, -0.96450575, -0.97864991, ...,  0.        ,
          0.0358221 ,  0.05047225],
        [-0.7490234 , -0.95442747, -0.97065913, ..., -0.0358221 ,
          0.        ,  0.01466341],
        [-0.73922772, -0.94994866, -0.96702881, ..., -0.05047225,
         -0.01466341,  0.        ]]]), 'num': array([ 9.99924637e-01,  1.44621389e-03,  2.55039189e-06,  1.66550216e-08,
        4.26700181e-03,  4.35964425e-03,  4.22340537e-03,  2.16874863e-03,
       -4.90459978e-05,  4.27136145e-03,  4.20160714e-03,  4.19534016e-03,
        5.87258015e-07,  4.38313542e-03,  4.02007887e-03])}
{'img': array([[[ 0.        ,  0.09275263,  0.07168929, ...,  0.55636095,
          0.59490769,  0.54517546],
        [-0.09275263,  0.        , -0.02113373, ...,  0.47689065,
          0.51778914,  0.46506874],
        [-0.07168929,  0.02113373,  0.        , ...,  0.49535989,
          0.53575358,  0.48367403],
        ...,
        [-0.55636095, -0.47689065, -0.49535989, ...,  0.        ,
          0.04713341, -0.01340111],
        [-0.59490769, -0.51778914, -0.53575358, ..., -0.04713341,
          0.        , -0.0605154 ],
        [-0.54517546, -0.46506874, -0.48367403, ...,  0.01340111,
          0.0605154 ,  0.        ]],

       [[ 0.        , -0.72842937, -0.8826569 , ..., -0.87407397,
         -0.86055291, -0.98679727],
        [ 0.72842937,  0.        , -0.26235188, ..., -0.24498056,
         -0.21854923, -0.55809879],
        [ 0.8826569 ,  0.26235188,  0.        , ...,  0.01795804,
          0.04511582, -0.32085696],
        ...,
        [ 0.87407397,  0.24498056, -0.01795804, ...,  0.        ,
          0.02716879, -0.33781377],
        [ 0.86055291,  0.21854923, -0.04511582, ..., -0.02716879,
          0.        , -0.36326069],
        [ 0.98679727,  0.55809879,  0.32085696, ...,  0.33781377,
          0.36326069,  0.        ]],

       [[ 0.        ,  0.58602995,  0.77379139, ...,  0.99039546,
          0.9812133 ,  0.97048598],
        [-0.58602995,  0.        ,  0.25577984, ...,  0.88353358,
          0.90812717,  0.92770004],
        [-0.77379139, -0.25577984,  0.        , ...,  0.73434384,
          0.77082477,  0.80135078],
        ...,
        [-0.99039546, -0.88353358, -0.73434384, ...,  0.        ,
          0.05540693,  0.1046584 ],
        [-0.9812133 , -0.90812717, -0.77082477, ..., -0.05540693,
          0.        ,  0.04939498],
        [-0.97048598, -0.92770004, -0.80135078, ..., -0.1046584 ,
         -0.04939498,  0.        ]],

       ...,

       [[ 0.        ,  0.19762401,  0.28140911, ...,  0.26760762,
          0.25432831,  0.25432831],
        [-0.19762401,  0.        ,  0.08622153, ...,  0.07191358,
          0.0581867 ,  0.0581867 ],
        [-0.28140911, -0.08622153,  0.        , ..., -0.01435252,
         -0.02810543, -0.02810543],
        ...,
        [-0.26760762, -0.07191358,  0.01435252, ...,  0.        ,
         -0.01375568, -0.01375568],
        [-0.25432831, -0.0581867 ,  0.02810543, ...,  0.01375568,
          0.        ,  0.        ],
        [-0.25432831, -0.0581867 ,  0.02810543, ...,  0.01375568,
          0.        ,  0.        ]],

       [[ 0.        , -0.1169235 ,  0.01398431, ...,  0.66241936,
          0.64178258,  0.59601487],
        [ 0.1169235 ,  0.        ,  0.13080046, ...,  0.74546706,
          0.72704762,  0.68581322],
        [-0.01398431, -0.13080046,  0.        , ...,  0.65187848,
          0.63099545,  0.58472756],
        ...,
        [-0.66241936, -0.74546706, -0.65187848, ...,  0.        ,
         -0.0272199 , -0.08541059],
        [-0.64178258, -0.72704762, -0.63099545, ...,  0.0272199 ,
          0.        , -0.05825851],
        [-0.59601487, -0.68581322, -0.58472756, ...,  0.08541059,
          0.05825851,  0.        ]],

       [[ 0.        ,  0.23272835,  0.24088526, ...,  0.76238264,
          0.75254832,  0.72940146],
        [-0.23272835,  0.        ,  0.00839565, ...,  0.89205366,
          0.88514492,  0.86857957],
        [-0.24088526, -0.00839565,  0.        , ...,  0.89581646,
          0.88902035,  0.87270942],
        ...,
        [-0.76238264, -0.89205366, -0.89581646, ...,  0.        ,
          0.01506324,  0.04952021],
        [-0.75254832, -0.88514492, -0.88902035, ..., -0.01506324,
          0.        ,  0.03446983],
        [-0.72940146, -0.86857957, -0.87270942, ..., -0.04952021,
         -0.03446983,  0.        ]]]), 'num': array([ 9.35884966e-01,  3.52118998e-01,  1.51627524e-06,  3.24754743e-09,
        3.97119706e-03,  4.06918764e-03,  3.97119706e-03,  1.93922320e-03,
       -6.70461842e-05,  4.05680988e-03,  3.97274428e-03,  3.97661233e-03,
        5.58323905e-07,  4.14176539e-03,  3.80372317e-03])}
{'img': array([[[ 0.        , -0.02113373, -0.13664206, ...,  0.51778914,
          0.46506874,  0.38677741],
        [ 0.02113373,  0.        , -0.11567603, ...,  0.53575358,
          0.48367403,  0.40617998],
        [ 0.13664206,  0.11567603,  0.        , ...,  0.62983094,
          0.58167236,  0.50915725],
        ...,
        [-0.51778914, -0.53575358, -0.62983094, ...,  0.        ,
         -0.0605154 , -0.14659995],
        [-0.46506874, -0.48367403, -0.58167236, ...,  0.0605154 ,
          0.        , -0.08646969],
        [-0.38677741, -0.40617998, -0.50915725, ...,  0.14659995,
          0.08646969,  0.        ]],

       [[ 0.        , -0.26235188, -0.28655684, ..., -0.21854923,
         -0.55809879, -0.58475356],
        [ 0.26235188,  0.        , -0.02516971, ...,  0.04511582,
         -0.32085696, -0.35144825],
        [ 0.28655684,  0.02516971,  0.        , ...,  0.07024561,
         -0.29691638, -0.32777284],
        ...,
        [ 0.21854923, -0.04511582, -0.07024561, ...,  0.        ,
         -0.36326069, -0.39332815],
        [ 0.55809879,  0.32085696,  0.29691638, ...,  0.36326069,
          0.        , -0.03247773],
        [ 0.58475356,  0.35144825,  0.32777284, ...,  0.39332815,
          0.03247773,  0.        ]],

       [[ 0.        ,  0.30068015,  0.4287975 , ...,  0.94516302,
          0.96058029,  0.96697016],
        [-0.30068015,  0.        ,  0.13732027, ...,  0.80322382,
          0.83253958,  0.84558341],
        [-0.4287975 , -0.13732027,  0.        , ...,  0.71381607,
          0.74858198,  0.76426543],
        ...,
        [-0.94516302, -0.80322382, -0.71381607, ...,  0.        ,
          0.05096663,  0.0748992 ],
        [-0.96058029, -0.83253958, -0.74858198, ..., -0.05096663,
          0.        ,  0.02397839],
        [-0.96697016, -0.84558341, -0.76426543, ..., -0.0748992 ,
         -0.02397839,  0.        ]],

       ...,

       [[ 0.        ,  0.08622153,  0.01461498, ...,  0.0581867 ,
          0.0581867 ,  0.06631592],
        [-0.08622153,  0.        , -0.07165176, ..., -0.02810543,
         -0.02810543, -0.01996277],
        [-0.01461498,  0.07165176,  0.        , ...,  0.04359027,
          0.04359027,  0.05172603],
        ...,
        [-0.0581867 ,  0.02810543, -0.04359027, ...,  0.        ,
          0.        ,  0.00814495],
        [-0.0581867 ,  0.02810543, -0.04359027, ...,  0.        ,
          0.        ,  0.00814495],
        [-0.06631592,  0.01996277, -0.05172603, ..., -0.00814495,
         -0.00814495,  0.        ]],

       [[ 0.        ,  0.13080046,  0.13080046, ...,  0.72704762,
          0.68581322,  0.67679393],
        [-0.13080046,  0.        ,  0.        , ...,  0.63099545,
          0.58472756,  0.5746877 ],
        [-0.13080046,  0.        ,  0.        , ...,  0.63099545,
          0.58472756,  0.5746877 ],
        ...,
        [-0.72704762, -0.63099545, -0.63099545, ...,  0.        ,
         -0.05825851, -0.07055454],
        [-0.68581322, -0.58472756, -0.58472756, ...,  0.05825851,
          0.        , -0.01232139],
        [-0.67679393, -0.5746877 , -0.5746877 , ...,  0.07055454,
          0.01232139,  0.        ]],

       [[ 0.        ,  0.01082254,  0.01082254, ...,  0.85981641,
          0.84164167,  0.84268669],
        [-0.01082254,  0.        ,  0.        , ...,  0.86529208,
          0.84743695,  0.84846423],
        [-0.01082254,  0.        ,  0.        , ...,  0.86529208,
          0.84743695,  0.84846423],
        ...,
        [-0.85981641, -0.86529208, -0.86529208, ...,  0.        ,
          0.03458712,  0.03265021],
        [-0.84164167, -0.84743695, -0.84743695, ..., -0.03458712,
          0.        , -0.001938  ],
        [-0.84268669, -0.84846423, -0.84846423, ..., -0.03265021,
