state_0,state_1,state_2,state_3,state_4,state_5,state_6,state_7,state_8,state_9,state_10,state_11,state_12,state_13,state_14,state_15,state_16,state_17,state_18,state_19,state_20,state_21,state_22,state_23,state_24,state_25,state_26,state_27,state_28,state_29,state_30,state_31,state_32,state_33,state_34,state_35,state_36,state_37,state_38,state_39,state_40,state_41,state_42,state_43,state_44,state_45,state_46,state_47,state_48,state_49,state_50,state_51,state_52,state_53,state_54,state_55,state_56,state_57,state_58,state_59,state_60,state_61,state_62,state_63,state_64,state_65,state_66,state_67,state_68,state_69,state_70,state_71,state_72,state_73,state_74,state_75,state_76,state_77,state_78,state_79,state_80,state_81,state_82,state_83,state_84,state_85,state_86,state_87,state_88,state_89,state_90,state_91,state_92,state_93,state_94,state_95,state_96,state_97,state_98,state_99,state_100,state_101,state_102,state_103,state_104,state_105,state_106,state_107,state_108,state_109,state_110,state_111,state_112,state_113,state_114,state_115,state_116,state_117,state_118,state_119,state_120,state_121,state_122,state_123,state_124,state_125,state_126,state_127,state_128,state_129,state_130,state_131,state_132,state_133,state_134,state_135,state_136,state_137,state_138,state_139,state_140,state_141,state_142,state_143,state_144,state_145,state_146,state_147,state_148,state_149,state_150,state_151,state_152,state_153,state_154,state_155,state_156,state_157,state_158,state_159,state_160,state_161,state_162,state_163,state_164,state_165,state_166,state_167,state_168,state_169,state_170,state_171,state_172,state_173,state_174,state_175,state_176,state_177,state_178,state_179,state_180,state_181,state_182,state_183,state_184,state_185,state_186,state_187,state_188,state_189,state_190,state_191,state_192,state_193,state_194,state_195,state_196,state_197,state_198,state_199,state_200,state_201,state_202,state_203,state_204,state_205,state_206,state_207,state_208,state_209,state_210,state_211,state_212,state_213,state_214,state_215,state_216,state_217,state_218,state_219,state_220,state_221,state_222,state_223,state_224,state_225,state_226,state_227,state_228,state_229,state_230,state_231,state_232,state_233,state_234,state_235,state_236,state_237,state_238,state_239,state_240,state_241,state_242,state_243,state_244,state_245,state_246,state_247,state_248,state_249,state_250,state_251,state_252,state_253,state_254,state_255,state_256,state_257,state_258,state_259,state_260,state_261,state_262,state_263,state_264,state_265,state_266,state_267,state_268,state_269,state_270,state_271,state_272,state_273,state_274,state_275,state_276,state_277,state_278,state_279,state_280,state_281,state_282,state_283,state_284,state_285,state_286,state_287
{'img': array([[[ 0.        ,  0.02545785, -0.17218758, ...,  0.41108699,
          0.67444523,  0.67444523],
        [-0.02545785,  0.        , -0.19720939, ...,  0.38774648,
          0.65543048,  0.65543048],
        [ 0.17218758,  0.19720939,  0.        , ...,  0.5619126 ,
          0.79150221,  0.79150221],
        ...,
        [-0.41108699, -0.38774648, -0.5619126 , ...,  0.        ,
          0.3113059 ,  0.3113059 ],
        [-0.67444523, -0.65543048, -0.79150221, ..., -0.3113059 ,
          0.        ,  0.        ],
        [-0.67444523, -0.65543048, -0.79150221, ..., -0.3113059 ,
          0.        ,  0.        ]],

       [[ 0.        ,  0.1245014 , -0.03619512, ...,  0.26640498,
          0.52668998,  0.40571901],
        [-0.1245014 ,  0.        , -0.16033332, ...,  0.14433013,
          0.4167587 ,  0.28876828],
        [ 0.03619512,  0.16033332,  0.        , ...,  0.30111749,
          0.5571128 ,  0.43853542],
        ...,
        [-0.26640498, -0.14433013, -0.30111749, ...,  0.        ,
          0.2811965 ,  0.14756323],
        [-0.52668998, -0.4167587 , -0.5571128 , ..., -0.2811965 ,
          0.        , -0.13650905],
        [-0.40571901, -0.28876828, -0.43853542, ..., -0.14756323,
          0.13650905,  0.        ]],

       [[ 0.        , -0.40641831, -0.55210089, ..., -0.27756566,
         -0.22827365, -0.10532315],
        [ 0.40641831,  0.        , -0.1655851 , ...,  0.13684061,
          0.18711695,  0.30792542],
        [ 0.55210089,  0.1655851 ,  0.        , ...,  0.29897905,
          0.34719438,  0.46121407],
        ...,
        [ 0.27756566, -0.13684061, -0.29897905, ...,  0.        ,
          0.05093307,  0.1748372 ],
        [ 0.22827365, -0.18711695, -0.34719438, ..., -0.05093307,
          0.        ,  0.1244617 ],
        [ 0.10532315, -0.30792542, -0.46121407, ..., -0.1748372 ,
         -0.1244617 ,  0.        ]],

       ...,

       [[ 0.        , -0.04948943, -0.25844582, ...,  0.83425665,
          0.9255134 ,  0.80961026],
        [ 0.04948943,  0.        , -0.21032107, ...,  0.86052169,
          0.9431217 ,  0.83766691],
        [ 0.25844582,  0.21032107,  0.        , ...,  0.94841431,
          0.99194705,  0.93380374],
        ...,
        [-0.83425665, -0.86052169, -0.94841431, ...,  0.        ,
          0.19436078, -0.04328189],
        [-0.9255134 , -0.9431217 , -0.99194705, ..., -0.19436078,
          0.        , -0.23663515],
        [-0.80961026, -0.83766691, -0.93380374, ...,  0.04328189,
          0.23663515,  0.        ]],

       [[ 0.        ,  0.12730605,  0.29968559, ..., -0.7972038 ,
         -0.78366863, -0.77823541],
        [-0.12730605,  0.        ,  0.17579239, ..., -0.86757331,
         -0.85637216, -0.851848  ],
        [-0.29968559, -0.17579239,  0.        , ..., -0.94148601,
         -0.9338081 , -0.93066053],
        ...,
        [ 0.7972038 ,  0.86757331,  0.94148601, ...,  0.        ,
          0.02209753,  0.03079347],
        [ 0.78366863,  0.85637216,  0.9338081 , ..., -0.02209753,
          0.        ,  0.0086989 ],
        [ 0.77823541,  0.851848  ,  0.93066053, ..., -0.03079347,
         -0.0086989 ,  0.        ]],

       [[ 0.        , -0.57028448, -0.77721168, ..., -0.75505339,
         -0.85739381, -0.93114455],
        [ 0.57028448,  0.        , -0.27959305, ..., -0.99415115,
         -0.99780693, -0.97284054],
        [ 0.77721168,  0.27959305,  0.        , ..., -0.98469839,
         -0.93950629, -0.86932313],
        ...,
        [ 0.75505339,  0.99415115,  0.98469839, ...,  0.        ,
          0.17356519,  0.33518688],
        [ 0.85739381,  0.99780693,  0.93950629, ..., -0.17356519,
          0.        ,  0.16657482],
        [ 0.93114455,  0.97284054,  0.86932313, ..., -0.33518688,
         -0.16657482,  0.        ]]]), 'num': array([7.05502827e-01, 7.05502827e-01, 0.00000000e+00, 0.00000000e+00,
       8.63312670e-04, 9.15915951e-04, 8.54029738e-04, 6.72753262e-02,
       3.09431064e-06, 8.47841117e-04, 8.07305647e-04, 7.26750427e-04,
       4.21642330e-06, 9.42833628e-04, 6.71777667e-04])}
{'img': array([[[ 0.        , -0.19720939, -0.29062541, ...,  0.65543048,
          0.65543048,  0.69457966],
        [ 0.19720939,  0.        , -0.09622071, ...,  0.79150221,
          0.79150221,  0.82281463],
        [ 0.29062541,  0.09622071,  0.        , ...,  0.84663651,
          0.84663651,  0.87367997],
        ...,
        [-0.65543048, -0.79150221, -0.84663651, ...,  0.        ,
          0.        ,  0.05305808],
        [-0.65543048, -0.79150221, -0.84663651, ...,  0.        ,
          0.        ,  0.05305808],
        [-0.69457966, -0.82281463, -0.87367997, ..., -0.05305808,
         -0.05305808,  0.        ]],

       [[ 0.        , -0.16033332, -0.16888367, ...,  0.4167587 ,
          0.28876828,  0.31198743],
        [ 0.16033332,  0.        , -0.00866853, ...,  0.5571128 ,
          0.43853542,  0.4602817 ],
        [ 0.16888367,  0.00866853,  0.        , ...,  0.56429053,
          0.44630947,  0.46796009],
        ...,
        [-0.4167587 , -0.5571128 , -0.56429053, ...,  0.        ,
         -0.13650905, -0.11235478],
        [-0.28876828, -0.43853542, -0.44630947, ...,  0.13650905,
          0.        ,  0.02434169],
        [-0.31198743, -0.4602817 , -0.46796009, ...,  0.11235478,
         -0.02434169,  0.        ]],

       [[ 0.        , -0.1655851 , -0.37005169, ...,  0.18711695,
          0.30792542,  0.36056696],
        [ 0.1655851 ,  0.        , -0.2111129 , ...,  0.34719438,
          0.46121407,  0.51003626],
        [ 0.37005169,  0.2111129 ,  0.        , ...,  0.53734944,
          0.63813721,  0.68013028],
        ...,
        [-0.18711695, -0.34719438, -0.53734944, ...,  0.        ,
          0.1244617 ,  0.17966828],
        [-0.30792542, -0.46121407, -0.63813721, ..., -0.1244617 ,
          0.        ,  0.05583489],
        [-0.36056696, -0.51003626, -0.68013028, ..., -0.17966828,
         -0.05583489,  0.        ]],

       ...,

       [[ 0.        , -0.21032107, -0.21717835, ...,  0.9431217 ,
          0.83766691,  0.87934923],
        [ 0.21032107,  0.        , -0.00701947, ...,  0.99194705,
          0.93380374,  0.95983041],
        [ 0.21717835,  0.00701947,  0.        , ...,  0.99281165,
          0.9362922 ,  0.9617763 ],
        ...,
        [-0.9431217 , -0.99194705, -0.99281165, ...,  0.        ,
         -0.23663515, -0.15675565],
        [-0.83766691, -0.93380374, -0.9362922 , ...,  0.23663515,
          0.        ,  0.08140616],
        [-0.87934923, -0.95983041, -0.9617763 , ...,  0.15675565,
         -0.08140616,  0.        ]],

       [[ 0.        ,  0.17579239,  0.196656  , ..., -0.85637216,
         -0.851848  , -0.86933021],
        [-0.17579239,  0.        ,  0.02123392, ..., -0.9338081 ,
         -0.93066053, -0.94267453],
        [-0.196656  , -0.02123392,  0.        , ..., -0.94119451,
         -0.93821984, -0.94954804],
        ...,
        [ 0.85637216,  0.9338081 ,  0.94119451, ...,  0.        ,
          0.0086989 , -0.02564029],
        [ 0.851848  ,  0.93066053,  0.93821984, ..., -0.0086989 ,
          0.        , -0.03433536],
        [ 0.86933021,  0.94267453,  0.94954804, ...,  0.02564029,
          0.03433536,  0.        ]],

       [[ 0.        , -0.61445715, -0.80634366, ..., -0.88421288,
         -0.95319119, -0.99804815],
        [ 0.61445715,  0.        , -0.27274598, ..., -0.98460311,
         -0.93781271, -0.82578256],
        [ 0.80634366,  0.27274598,  0.        , ..., -0.89959564,
         -0.80757507, -0.64064828],
        ...,
        [ 0.88421288,  0.98460311,  0.89959564, ...,  0.        ,
          0.17786257,  0.41095418],
        [ 0.95319119,  0.93781271,  0.80757507, ..., -0.17786257,
          0.        ,  0.24225218],
        [ 0.99804815,  0.82578256,  0.64064828, ..., -0.41095418,
         -0.24225218,  0.        ]]]), 'num': array([ 8.86700353e-01,  4.33120576e-01,  3.09610769e-05, -5.37851525e-10,
        1.11171514e-03,  1.13448064e-03,  1.07756689e-03,  1.61741652e-01,
        5.31194947e-05,  1.06087219e-03,  1.00528644e-03,  8.93482549e-04,
        5.02958671e-06,  1.15613303e-03,  8.54439842e-04])}
{'img': array([[[ 0.00000000e+00, -8.53927832e-02, -4.27315295e-02, ...,
          6.50765669e-01,  6.72901354e-01,  9.99260081e-01],
        [ 8.53927832e-02,  0.00000000e+00,  4.27393379e-02, ...,
          7.13225575e-01,  7.33611285e-01,  9.98894487e-01],
        [ 4.27315295e-02, -4.27393379e-02,  0.00000000e+00, ...,
          6.82616391e-01,  7.03896609e-01,  9.99990869e-01],
        ...,
        [-6.50765669e-01, -7.13225575e-01, -6.82616391e-01, ...,
          0.00000000e+00,  2.95272830e-02,  7.33687381e-01],
        [-6.72901354e-01, -7.33611285e-01, -7.03896609e-01, ...,
         -2.95272830e-02,  0.00000000e+00,  7.13304064e-01],
        [-9.99260081e-01, -9.98894487e-01, -9.99990869e-01, ...,
         -7.33687381e-01, -7.13304064e-01,  0.00000000e+00]],

       [[ 0.00000000e+00, -8.66852710e-03, -1.60089158e-01, ...,
          4.38535421e-01,  4.60281699e-01,  7.34195491e-01],
        [ 8.66852710e-03,  0.00000000e+00, -1.51526418e-01, ...,
          4.46309470e-01,  4.67960089e-01,  7.40053299e-01],
        [ 1.60089158e-01,  1.51526418e-01,  0.00000000e+00, ...,
          5.76753789e-01,  5.96468062e-01,  8.33416881e-01],
        ...,
        [-4.38535421e-01, -4.46309470e-01, -5.76753789e-01, ...,
          0.00000000e+00,  2.43416918e-02,  3.62093279e-01],
        [-4.60281699e-01, -4.67960089e-01, -5.96468062e-01, ...,
         -2.43416918e-02,  0.00000000e+00,  3.39296080e-01],
        [-7.34195491e-01, -7.40053299e-01, -8.33416881e-01, ...,
         -3.62093279e-01, -3.39296080e-01,  0.00000000e+00]],

       [[ 0.00000000e+00, -2.03522455e-01, -2.97125447e-01, ...,
          4.29240277e-01,  4.72036748e-01,  8.60290626e-01],
        [ 2.03522455e-01,  0.00000000e+00, -9.65756283e-02, ...,
          6.04075912e-01,  6.41578246e-01,  9.46041529e-01],
        [ 2.97125447e-01,  9.65756283e-02,  0.00000000e+00, ...,
          6.78215954e-01,  7.12658354e-01,  9.72914287e-01],
        ...,
        [-4.29240277e-01, -6.04075912e-01, -6.78215954e-01, ...,
          0.00000000e+00,  4.79298700e-02,  5.58177804e-01],
        [-4.72036748e-01, -6.41578246e-01, -7.12658354e-01, ...,
         -4.79298700e-02,  0.00000000e+00,  5.17767855e-01],
        [-8.60290626e-01, -9.46041529e-01, -9.72914287e-01, ...,
         -5.58177804e-01, -5.17767855e-01,  0.00000000e+00]],

       ...,

       [[ 0.00000000e+00, -7.01947401e-03, -7.01947401e-03, ...,
          9.33803742e-01,  9.59830413e-01,  9.41338882e-01],
        [ 7.01947401e-03,  0.00000000e+00,  0.00000000e+00, ...,
          9.36292203e-01,  9.61776295e-01,  9.43684502e-01],
        [ 7.01947401e-03,  0.00000000e+00,  0.00000000e+00, ...,
          9.36292203e-01,  9.61776295e-01,  9.43684502e-01],
        ...,
        [-9.33803742e-01, -9.36292203e-01, -9.36292203e-01, ...,
          0.00000000e+00,  8.14061575e-02,  2.16735639e-02],
        [-9.59830413e-01, -9.61776295e-01, -9.61776295e-01, ...,
         -8.14061575e-02,  0.00000000e+00, -5.97854057e-02],
        [-9.41338882e-01, -9.43684502e-01, -9.43684502e-01, ...,
         -2.16735639e-02,  5.97854057e-02,  0.00000000e+00]],

       [[ 0.00000000e+00,  2.12339177e-02, -1.78037078e-01, ...,
         -9.30660525e-01, -9.42674531e-01, -9.42624675e-01],
        [-2.12339177e-02,  0.00000000e+00, -1.98891617e-01, ...,
         -9.38219841e-01, -9.49548036e-01, -9.49501182e-01],
        [ 1.78037078e-01,  1.98891617e-01,  0.00000000e+00, ...,
         -8.50651198e-01, -8.68200770e-01, -8.68126644e-01],
        ...,
        [ 9.30660525e-01,  9.38219841e-01,  8.50651198e-01, ...,
          0.00000000e+00, -3.43353578e-02, -3.41860817e-02],
        [ 9.42674531e-01,  9.49548036e-01,  8.68200770e-01, ...,
          3.43353578e-02,  0.00000000e+00,  1.49363744e-04],
        [ 9.42624675e-01,  9.49501182e-01,  8.68126644e-01, ...,
          3.41860817e-02, -1.49363744e-04,  0.00000000e+00]],

       [[ 0.00000000e+00, -6.26779266e-01, -7.96456452e-01, ...,
         -9.75485036e-01, -9.98839746e-01, -9.58222966e-01],
        [ 6.26779266e-01,  0.00000000e+00, -2.41585522e-01, ...,
         -8.98027543e-01, -7.48108568e-01, -5.67371492e-01],
        [ 7.96456452e-01,  2.41585522e-01,  0.00000000e+00, ...,
         -7.65144596e-01, -5.65638803e-01, -3.51629196e-01],
        ...,
        [ 9.75485036e-01,  8.98027543e-01,  7.65144596e-01, ...,
          0.00000000e+00,  2.66787526e-01,  4.89882534e-01],
        [ 9.98839746e-01,  7.48108568e-01,  5.65638803e-01, ...,
         -2.66787526e-01,  0.00000000e+00,  2.39544640e-01],
        [ 9.58222966e-01,  5.67371492e-01,  3.51629196e-01, ...,
         -4.89882534e-01, -2.39544640e-01,  0.00000000e+00]]]), 'num': array([9.74542322e-01, 2.01912542e-01, 5.06642479e-05, 2.01540617e-07,
       1.23226440e-03, 1.24438504e-03, 1.17166123e-03, 9.74078748e-02,
       4.84825338e-05, 1.15792452e-03, 1.08782685e-03, 9.55240590e-04,
       5.41755586e-06, 1.23927550e-03, 9.36378203e-04])}
{'img': array([[[ 0.00000000e+00,  3.82290998e-02,  1.91432018e-02, ...,
          6.35227478e-01,  8.61928442e-01,  9.87866878e-01],
        [-3.82290998e-02,  0.00000000e+00, -1.90928863e-02, ...,
          6.05237834e-01,  8.41915075e-01,  9.93081843e-01],
        [-1.91432018e-02,  1.90928863e-02,  0.00000000e+00, ...,
          6.20326298e-01,  8.52064319e-01,  9.90658851e-01],
        ...,
        [-6.35227478e-01, -6.05237834e-01, -6.20326298e-01, ...,
          0.00000000e+00,  3.43609615e-01,  8.61607132e-01],
        [-8.61928442e-01, -8.41915075e-01, -8.52064319e-01, ...,
         -3.43609615e-01,  0.00000000e+00,  6.34738184e-01],
        [-9.87866878e-01, -9.93081843e-01, -9.90658851e-01, ...,
         -8.61607132e-01, -6.34738184e-01,  0.00000000e+00]],

       [[ 0.00000000e+00, -1.51526418e-01, -1.68638996e-01, ...,
          4.67960089e-01,  7.40053299e-01,  5.07138774e-01],
        [ 1.51526418e-01,  0.00000000e+00, -1.73355174e-02, ...,
          5.96468062e-01,  8.33416881e-01,  6.31878175e-01],
        [ 1.68638996e-01,  1.73355174e-02,  0.00000000e+00, ...,
          6.10292554e-01,  8.42872026e-01,  6.45219422e-01],
        ...,
        [-4.67960089e-01, -5.96468062e-01, -6.10292554e-01, ...,
          0.00000000e+00,  3.39296080e-01,  4.48655426e-02],
        [-7.40053299e-01, -8.33416881e-01, -8.42872026e-01, ...,
         -3.39296080e-01,  0.00000000e+00, -2.96750318e-01],
        [-5.07138774e-01, -6.31878175e-01, -6.45219422e-01, ...,
         -4.48655426e-02,  2.96750318e-01,  0.00000000e+00]],

       [[ 0.00000000e+00, -8.63941223e-02, -1.33696922e-01, ...,
          5.32812775e-01,  6.96784000e-01,  9.76748770e-01],
        [ 8.63941223e-02,  0.00000000e+00, -4.75785355e-02, ...,
          6.03930179e-01,  7.56147615e-01,  9.91618531e-01],
        [ 1.33696922e-01,  4.75785355e-02,  0.00000000e+00, ...,
          6.41168092e-01,  7.86426723e-01,  9.96642679e-01],
        ...,
        [-5.32812775e-01, -6.03930179e-01, -6.41168092e-01, ...,
          0.00000000e+00,  2.07465231e-01,  7.12328990e-01],
        [-6.96784000e-01, -7.56147615e-01, -7.86426723e-01, ...,
         -2.07465231e-01,  0.00000000e+00,  5.51221831e-01],
        [-9.76748770e-01, -9.91618531e-01, -9.96642679e-01, ...,
         -7.12328990e-01, -5.51221831e-01,  0.00000000e+00]],

       ...,

       [[ 0.00000000e+00,  0.00000000e+00,  4.31843442e-02, ...,
          9.61776295e-01,  9.43684502e-01,  9.51499798e-01],
        [ 0.00000000e+00,  0.00000000e+00,  4.31843442e-02, ...,
          9.61776295e-01,  9.43684502e-01,  9.51499798e-01],
        [-4.31843442e-02, -4.31843442e-02,  0.00000000e+00, ...,
          9.49053630e-01,  9.28516759e-01,  9.37326527e-01],
        ...,
        [-9.61776295e-01, -9.61776295e-01, -9.49053630e-01, ...,
          0.00000000e+00, -5.97854057e-02, -3.53346194e-02],
        [-9.43684502e-01, -9.43684502e-01, -9.28516759e-01, ...,
          5.97854057e-02,  0.00000000e+00,  2.44766573e-02],
        [-9.51499798e-01, -9.51499798e-01, -9.37326527e-01, ...,
          3.53346194e-02, -2.44766573e-02,  0.00000000e+00]],

       [[ 0.00000000e+00, -1.98891617e-01, -2.41839730e-01, ...,
         -9.49548036e-01, -9.49501182e-01, -9.36044207e-01],
        [ 1.98891617e-01,  0.00000000e+00, -4.40203737e-02, ...,
         -8.68200770e-01, -8.68126644e-01, -8.47356976e-01],
        [ 2.41839730e-01,  4.40203737e-02,  0.00000000e+00, ...,
         -8.45515680e-01, -8.45435918e-01, -8.23159716e-01],
        ...,
        [ 9.49548036e-01,  8.68200770e-01,  8.45515680e-01, ...,
          0.00000000e+00,  1.49363744e-04,  4.05655569e-02],
        [ 9.49501182e-01,  8.68126644e-01,  8.45435918e-01, ...,
         -1.49363744e-04,  0.00000000e+00,  4.04163156e-02],
        [ 9.36044207e-01,  8.47356976e-01,  8.23159716e-01, ...,
         -4.05655569e-02, -4.04163156e-02,  0.00000000e+00]],

       [[ 0.00000000e+00, -5.94841537e-01, -7.85108673e-01, ...,
         -9.83987611e-01, -8.95221656e-01, -7.48845295e-01],
        [ 5.94841537e-01,  0.00000000e+00, -2.62684216e-01, ...,
         -6.84948846e-01, -4.54543695e-01, -2.07725878e-01],
        [ 7.85108673e-01,  2.62684216e-01,  0.00000000e+00, ...,
         -4.69505318e-01, -2.04601714e-01,  5.65233740e-02],
        ...,
        [ 9.83987611e-01,  6.84948846e-01,  4.69505318e-01, ...,
          0.00000000e+00,  2.78924160e-01,  5.18660872e-01],
        [ 8.95221656e-01,  4.54543695e-01,  2.04601714e-01, ...,
         -2.78924160e-01,  0.00000000e+00,  2.59602252e-01],
        [ 7.48845295e-01,  2.07725878e-01, -5.65233740e-02, ...,
         -5.18660872e-01, -2.59602252e-01,  0.00000000e+00]]]), 'num': array([ 9.93126685e-01,  8.44591828e-02,  6.09843961e-05,  4.87229539e-07,
        1.25333449e-03,  1.27015777e-03,  1.20286464e-03,  8.09624637e-02,
       -2.94407430e-05,  1.22221142e-03,  1.14650665e-03,  9.98181380e-04,
        4.93096188e-06,  1.29418785e-03,  9.98825445e-04])}
{'img': array([[[ 0.        , -0.01909289, -0.25173518, ...,  0.84191507,
          0.99308184,  0.91984996],
        [ 0.01909289,  0.        , -0.23321127, ...,  0.85206432,
          0.99065885,  0.92717186],
        [ 0.25173518,  0.23321127,  0.        , ...,  0.950641  ,
          0.93154098,  0.98897551],
        ...,
        [-0.84191507, -0.85206432, -0.950641  , ...,  0.        ,
          0.63473818,  0.16610194],
        [-0.99308184, -0.99065885, -0.93154098, ..., -0.63473818,
          0.        , -0.49756928],
        [-0.91984996, -0.92717186, -0.98897551, ..., -0.16610194,
          0.49756928,  0.        ]],

       [[ 0.        , -0.01733552,  0.05901426, ...,  0.83341688,
          0.63187818,  0.5557743 ],
        [ 0.01733552,  0.        ,  0.0763107 , ...,  0.84287203,
          0.64521942,  0.57010237],
        [-0.05901426, -0.0763107 ,  0.        , ...,  0.79935043,
          0.58503685,  0.50574515],
        ...,
        [-0.83341688, -0.84287203, -0.79935043, ...,  0.        ,
         -0.29675032, -0.38570135],
        [-0.63187818, -0.64521942, -0.58503685, ...,  0.29675032,
          0.        , -0.0945386 ],
        [-0.5557743 , -0.57010237, -0.50574515, ...,  0.38570135,
          0.0945386 ,  0.        ]],

       [[ 0.        , -0.04524593, -0.14870475, ...,  0.69759182,
          0.87436518,  0.9969397 ],
        [ 0.04524593,  0.        , -0.10380959, ...,  0.72929591,
          0.89542615,  0.99945578],
        [ 0.14870475,  0.10380959,  0.        , ...,  0.79638202,
          0.93680541,  0.99748027],
        ...,
        [-0.69759182, -0.72929591, -0.79638202, ...,  0.        ,
          0.28795927,  0.65976886],
        [-0.87436518, -0.89542615, -0.93680541, ..., -0.28795927,
          0.        ,  0.41543045],
        [-0.9969397 , -0.99945578, -0.99748027, ..., -0.65976886,
         -0.41543045,  0.        ]],

       ...,

       [[ 0.        ,  0.04318434, -0.00695162, ...,  0.9436845 ,
          0.9514998 ,  0.84351609],
        [-0.04318434,  0.        , -0.05012843, ...,  0.92851676,
          0.93732653,  0.81953472],
        [ 0.00695162,  0.05012843,  0.        , ...,  0.94596162,
          0.95361547,  0.84722945],
        ...,
        [-0.9436845 , -0.92851676, -0.94596162, ...,  0.        ,
          0.02447666, -0.22778208],
        [-0.9514998 , -0.93732653, -0.95361547, ..., -0.02447666,
          0.        , -0.25154706],
        [-0.84351609, -0.81953472, -0.84722945, ...,  0.22778208,
          0.25154706,  0.        ]],

       [[ 0.        , -0.08655807,  0.06986305, ..., -0.92053335,
         -0.90375979, -0.89502464],
        [ 0.08655807,  0.        ,  0.15594741, ..., -0.88326329,
         -0.86331748, -0.85305909],
        [-0.06986305, -0.15594741,  0.        , ..., -0.94557709,
         -0.93145571, -0.92399781],
        ...,
        [ 0.92053335,  0.88326329,  0.94557709, ...,  0.        ,
          0.04095871,  0.06091937],
        [ 0.90375979,  0.86331748,  0.93145571, ..., -0.04095871,
          0.        ,  0.01998561],
        [ 0.89502464,  0.85305909,  0.92399781, ..., -0.06091937,
         -0.01998561,  0.        ]],

       [[ 0.        , -0.39038721, -0.67360721, ..., -0.60643029,
         -0.32137853,  0.31765894],
        [ 0.39038721,  0.        , -0.33162589, ..., -0.24789933,
          0.0738001 ,  0.66262007],
        [ 0.67360721,  0.33162589,  0.        , ...,  0.08740351,
          0.40034539,  0.87349615],
        ...,
        [ 0.60643029,  0.24789933, -0.08740351, ...,  0.        ,
          0.31871981,  0.82760252],
        [ 0.32137853, -0.0738001 , -0.40034539, ..., -0.31871981,
          0.        ,  0.60554013],
        [-0.31765894, -0.66262007, -0.87349615, ..., -0.82760252,
         -0.60554013,  0.        ]]]), 'num': array([ 9.93731517e-01,  5.76462755e-02,  6.36792681e-05,  3.03993391e-07,
        1.25312616e-03,  1.25738849e-03,  1.15935481e-03,  9.57251139e-02,
       -1.70493355e-05,  1.25227369e-03,  1.17661727e-03,  1.01500377e-03,
        4.94043245e-06,  1.29895367e-03,  1.05428086e-03])}
{'img': array([[[ 0.        , -0.23321127, -0.17416558, ...,  0.99065885,
          0.92717186,  0.8675834 ],
        [ 0.23321127,  0.        ,  0.0602838 , ...,  0.93154098,
          0.98897551,  0.95963476],
        [ 0.17416558, -0.0602838 ,  0.        , ...,  0.95176815,
          0.97825006,  0.94093468],
        ...,
        [-0.99065885, -0.93154098, -0.95176815, ...,  0.        ,
         -0.49756928, -0.61095326],
        [-0.92717186, -0.98897551, -0.97825006, ...,  0.49756928,
          0.        , -0.13604666],
        [-0.8675834 , -0.95963476, -0.94093468, ...,  0.61095326,
          0.13604666,  0.        ]],

       [[ 0.        ,  0.0763107 ,  0.04896805, ...,  0.64521942,
          0.57010237,  0.62117787],
        [-0.0763107 ,  0.        , -0.02739389, ...,  0.58503685,
          0.50574515,  0.55956419],
        [-0.04896805,  0.02739389,  0.        , ...,  0.60703392,
          0.52918759,  0.58205789],
        ...,
        [-0.64521942, -0.58503685, -0.60703392, ...,  0.        ,
         -0.0945386 , -0.03106063],
        [-0.57010237, -0.50574515, -0.52918759, ...,  0.0945386 ,
          0.        ,  0.06357147],
        [-0.62117787, -0.55956419, -0.58205789, ...,  0.03106063,
         -0.06357147,  0.        ]],

       [[ 0.        , -0.10032115, -0.15267497, ...,  0.84463863,
          0.93133844,  0.99999534],
        [ 0.10032115,  0.        , -0.05275971, ...,  0.89408313,
          0.96317236,  0.99464421],
        [ 0.15267497,  0.05275971,  0.        , ...,  0.91646901,
          0.97601717,  0.98780577],
        ...,
        [-0.84463863, -0.89408313, -0.91646901, ...,  0.        ,
          0.19100061,  0.53791288],
        [-0.93133844, -0.96317236, -0.97601717, ..., -0.19100061,
          0.        ,  0.36699626],
        [-0.99999534, -0.99464421, -0.98780577, ..., -0.53791288,
         -0.36699626,  0.        ]],

       ...,

       [[ 0.        , -0.05012843, -0.78428111, ...,  0.93732653,
          0.81953472,  0.80845636],
        [ 0.05012843,  0.        , -0.75219513, ...,  0.95361547,
          0.84722945,  0.83694335],
        [ 0.78428111,  0.75219513,  0.        , ...,  0.85480718,
          0.95786019,  0.96316433],
        ...,
        [-0.93732653, -0.95361547, -0.85480718, ...,  0.        ,
         -0.25154706, -0.26996082],
        [-0.81953472, -0.84722945, -0.95786019, ...,  0.25154706,
          0.        , -0.0190728 ],
        [-0.80845636, -0.83694335, -0.96316433, ...,  0.26996082,
          0.0190728 ,  0.        ]],

       [[ 0.        ,  0.15594741, -0.05011545, ..., -0.86331748,
         -0.85305909, -0.88283887],
        [-0.15594741,  0.        , -0.20525376, ..., -0.93145571,
         -0.92399781, -0.94528241],
        [ 0.05011545,  0.20525376,  0.        , ..., -0.83694134,
         -0.8258362 , -0.85819149],
        ...,
        [ 0.86331748,  0.93145571,  0.83694134, ...,  0.        ,
          0.01998561, -0.04005502],
        [ 0.85305909,  0.92399781,  0.8258362 , ..., -0.01998561,
          0.        , -0.0600166 ],
        [ 0.88283887,  0.94528241,  0.85819149, ...,  0.04005502,
          0.0600166 ,  0.        ]],

       [[ 0.        , -0.2390731 , -0.40477098, ...,  0.04622724,
          0.26430574,  0.87325912],
        [ 0.2390731 ,  0.        , -0.17442049, ...,  0.28370424,
          0.4872127 ,  0.9644258 ],
        [ 0.40477098,  0.17442049,  0.        , ...,  0.44660928,
          0.63206285,  0.99575107],
        ...,
        [-0.04622724, -0.28370424, -0.44660928, ...,  0.        ,
          0.21943984,  0.84980106],
        [-0.26430574, -0.4872127 , -0.63206285, ..., -0.21943984,
          0.        ,  0.71342051],
        [-0.87325912, -0.9644258 , -0.99575107, ..., -0.84980106,
         -0.71342051,  0.        ]]]), 'num': array([9.98068779e-01, 4.00139394e-02, 6.47334351e-05, 1.91840908e-07,
       1.25894197e-03, 1.26744834e-03, 1.21215697e-03, 4.73927004e-02,
       8.50636467e-06, 1.26404579e-03, 1.18408596e-03, 1.01643969e-03,
       4.97001082e-06, 1.29939035e-03, 1.06878157e-03])}
{'img': array([[[ 0.        ,  0.0602838 ,  0.21455318, ...,  0.98897551,
          0.95963476,  0.97582438],
        [-0.0602838 ,  0.        ,  0.15528304, ...,  0.97825006,
          0.94093468,  0.96087424],
        [-0.21455318, -0.15528304,  0.        , ...,  0.93417369,
          0.87694417,  0.90620778],
        ...,
        [-0.98897551, -0.97825006, -0.93417369, ...,  0.        ,
         -0.13604666, -0.07164737],
        [-0.95963476, -0.94093468, -0.87694417, ...,  0.13604666,
          0.        ,  0.0647158 ],
        [-0.97582438, -0.96087424, -0.90620778, ...,  0.07164737,
         -0.0647158 ,  0.        ]],

       [[ 0.        , -0.02739389,  0.24135843, ...,  0.50574515,
          0.55956419,  0.33323324],
        [ 0.02739389,  0.        ,  0.26785187, ...,  0.52918759,
          0.58205789,  0.35893635],
        [-0.24135843, -0.26785187,  0.        , ...,  0.28257751,
          0.34298652,  0.09581809],
        ...,
        [-0.50574515, -0.52918759, -0.28257751, ...,  0.        ,
          0.06357147, -0.18936437],
        [-0.55956419, -0.58205789, -0.34298652, ..., -0.06357147,
          0.        , -0.2514026 ],
        [-0.33323324, -0.35893635, -0.09581809, ...,  0.18936437,
          0.2514026 ,  0.        ]],

       [[ 0.        , -0.05111028, -0.05111028, ...,  0.92211282,
          0.9702372 ,  0.99078994],
        [ 0.05111028,  0.        ,  0.        , ...,  0.94068328,
          0.9813458 ,  0.98257425],
        [ 0.05111028,  0.        ,  0.        , ...,  0.94068328,
          0.9813458 ,  0.98257425],
        ...,
        [-0.92211282, -0.94068328, -0.94068328, ...,  0.        ,
          0.15210965,  0.50821891],
        [-0.9702372 , -0.9813458 , -0.9813458 , ..., -0.15210965,
          0.        ,  0.37130401],
        [-0.99078994, -0.98257425, -0.98257425, ..., -0.50821891,
         -0.37130401,  0.        ]],

       ...,

       [[ 0.        , -0.75219513, -0.23693309, ...,  0.84722945,
          0.83694335,  0.84426389],
        [ 0.75219513,  0.        ,  0.57465232, ...,  0.95786019,
          0.96316433,  0.9594418 ],
        [ 0.23693309, -0.57465232,  0.        , ...,  0.9489707 ,
          0.9427832 ,  0.94720329],
        ...,
        [-0.84722945, -0.95786019, -0.9489707 , ...,  0.        ,
         -0.0190728 , -0.00555785],
        [-0.83694335, -0.96316433, -0.9427832 , ...,  0.0190728 ,
          0.        ,  0.01351567],
        [-0.84426389, -0.9594418 , -0.94720329, ...,  0.00555785,
         -0.01351567,  0.        ]],

       [[ 0.        , -0.20525376, -0.41829191, ..., -0.92399781,
         -0.94528241, -0.94019752],
        [ 0.20525376,  0.        , -0.22295138, ..., -0.8258362 ,
         -0.85819149, -0.85026403],
        [ 0.41829191,  0.22295138,  0.        , ..., -0.67932502,
         -0.72214289, -0.71151063],
        ...,
        [ 0.92399781,  0.8258362 ,  0.67932502, ...,  0.        ,
         -0.0600166 , -0.04478827],
        [ 0.94528241,  0.85819149,  0.72214289, ...,  0.0600166 ,
          0.        ,  0.01524883],
        [ 0.94019752,  0.85026403,  0.71151063, ...,  0.04478827,
         -0.01524883,  0.        ]],

       [[ 0.        , -0.1630298 , -0.24950772, ...,  0.43968102,
          0.78138602,  0.98119768],
        [ 0.1630298 ,  0.        , -0.08829597, ...,  0.58022446,
          0.87267039,  0.99953602],
        [ 0.24950772,  0.08829597,  0.        , ...,  0.6498715 ,
          0.91237777,  0.99832151],
        ...,
        [-0.43968102, -0.58022446, -0.6498715 , ...,  0.        ,
          0.42742293,  0.79640578],
        [-0.78138602, -0.87267039, -0.91237777, ..., -0.42742293,
          0.        ,  0.46150267],
        [-0.98119768, -0.99953602, -0.99832151, ..., -0.79640578,
         -0.46150267,  0.        ]]]), 'num': array([ 9.96930568e-01,  3.48164487e-02,  6.72807077e-05,  2.56713607e-07,
        1.25602365e-03,  1.30872395e-03,  1.24284858e-03,  7.00360547e-02,
       -4.39169110e-05,  1.29906223e-03,  1.23143018e-03,  1.05342031e-03,
        5.13186376e-06,  1.33163006e-03,  1.13123031e-03])}
{'img': array([[[ 0.        ,  0.15528304,  0.15528304, ...,  0.94093468,
          0.96087424,  0.84498848],
        [-0.15528304,  0.        ,  0.        , ...,  0.87694417,
          0.90620778,  0.75169583],
        [-0.15528304,  0.        ,  0.        , ...,  0.87694417,
          0.90620778,  0.75169583],
        ...,
        [-0.94093468, -0.87694417, -0.87694417, ...,  0.        ,
          0.0647158 , -0.21709422],
        [-0.96087424, -0.90620778, -0.90620778, ..., -0.0647158 ,
          0.        , -0.2798115 ],
        [-0.84498848, -0.75169583, -0.75169583, ...,  0.21709422,
          0.2798115 ,  0.        ]],

       [[ 0.        ,  0.26785187,  0.0249136 , ...,  0.58205789,
          0.35893635,  0.46746889],
        [-0.26785187,  0.        , -0.24376547, ...,  0.34298652,
          0.09581809,  0.21360402],
        [-0.0249136 ,  0.24376547,  0.        , ...,  0.5616188 ,
          0.33557153,  0.44529993],
        ...,
        [-0.58205789, -0.34298652, -0.5616188 , ...,  0.        ,
         -0.2514026 , -0.13442363],
        [-0.35893635, -0.09581809, -0.33557153, ...,  0.2514026 ,
          0.        ,  0.11901456],
        [-0.46746889, -0.21360402, -0.44529993, ...,  0.13442363,
         -0.11901456,  0.        ]],

       [[ 0.        ,  0.        , -0.00856653, ...,  0.9813458 ,
          0.98257425,  0.99841675],
        [ 0.        ,  0.        , -0.00856653, ...,  0.9813458 ,
          0.98257425,  0.99841675],
        [ 0.00856653,  0.00856653,  0.        , ...,  0.98295672,
          0.98094594,  0.99886198],
        ...,
        [-0.9813458 , -0.9813458 , -0.98295672, ...,  0.        ,
          0.37130401,  0.13674645],
        [-0.98257425, -0.98257425, -0.98094594, ..., -0.37130401,
          0.        , -0.24084538],
        [-0.99841675, -0.99841675, -0.99886198, ..., -0.13674645,
          0.24084538,  0.        ]],

       ...,

       [[ 0.        ,  0.57465232,  0.59367547, ...,  0.96316433,
          0.9594418 ,  0.9594418 ],
        [-0.57465232,  0.        ,  0.02343727, ...,  0.9427832 ,
          0.94720329,  0.94720329],
        [-0.59367547, -0.02343727,  0.        , ...,  0.93471009,
          0.93942833,  0.93942833],
        ...,
        [-0.96316433, -0.9427832 , -0.93471009, ...,  0.        ,
          0.01351567,  0.01351567],
        [-0.9594418 , -0.94720329, -0.93942833, ..., -0.01351567,
          0.        ,  0.        ],
        [-0.9594418 , -0.94720329, -0.93942833, ..., -0.01351567,
          0.        ,  0.        ]],

       [[ 0.        , -0.37046508, -0.52152869, ..., -0.94023585,
         -0.93484536, -0.95037897],
        [ 0.37046508,  0.        , -0.16832673, ..., -0.74718246,
         -0.73679221, -0.7675064 ],
        [ 0.52152869,  0.16832673,  0.        , ..., -0.62464796,
         -0.61247017, -0.64865067],
        ...,
        [ 0.94023585,  0.74718246,  0.62464796, ...,  0.        ,
          0.01549836, -0.03112452],
        [ 0.93484536,  0.73679221,  0.61247017, ..., -0.01549836,
          0.        , -0.04661163],
        [ 0.95037897,  0.7675064 ,  0.64865067, ...,  0.03112452,
          0.04661163,  0.        ]],

       [[ 0.        , -0.08137194, -0.14897827, ...,  0.76737716,
          0.86355847,  0.99850151],
        [ 0.08137194,  0.        , -0.06802037, ...,  0.81700775,
          0.90172644,  0.99073728],
        [ 0.14897827,  0.06802037,  0.        , ...,  0.85433786,
          0.92904366,  0.97920599],
        ...,
        [-0.76737716, -0.81700775, -0.85433786, ...,  0.        ,
          0.16676127,  0.68222922],
        [-0.86355847, -0.90172644, -0.92904366, ..., -0.16676127,
          0.        ,  0.55075061],
        [-0.99850151, -0.99073728, -0.97920599, ..., -0.68222922,
         -0.55075061,  0.        ]]]), 'num': array([ 9.98498462e-01,  1.20575224e-02,  6.80304096e-05, -3.79413243e-08,
        1.25821548e-03,  1.26689283e-03,  1.21916742e-03,  5.33249945e-02,
        1.73546963e-05,  1.27036377e-03,  1.22198756e-03,  1.04460810e-03,
        5.18754510e-06,  1.31756747e-03,  1.12640764e-03])}
{'img': array([[[ 0.        ,  0.        , -0.01920099, ...,  0.90620778,
          0.75169583,  0.81565445],
        [ 0.        ,  0.        , -0.01920099, ...,  0.90620778,
          0.75169583,  0.81565445],
        [ 0.01920099,  0.01920099,  0.        , ...,  0.91415952,
          0.76422049,  0.82661261],
        ...,
        [-0.90620778, -0.90620778, -0.91415952, ...,  0.        ,
         -0.2798115 , -0.17939155],
        [-0.75169583, -0.75169583, -0.76422049, ...,  0.2798115 ,
          0.        ,  0.10304658],
        [-0.81565445, -0.81565445, -0.82661261, ...,  0.17939155,
         -0.10304658,  0.        ]],

       [[ 0.        , -0.24376547, -0.38302579, ...,  0.09581809,
          0.21360402,  0.12636542],
        [ 0.24376547,  0.        , -0.14629617, ...,  0.33557153,
          0.44529993,  0.36436489],
        [ 0.38302579,  0.14629617,  0.        , ...,  0.46977421,
          0.57149976,  0.49668386],
        ...,
        [-0.09581809, -0.33557153, -0.46977421, ...,  0.        ,
          0.11901456,  0.030734  ],
        [-0.21360402, -0.44529993, -0.57149976, ..., -0.11901456,
          0.        , -0.08844278],
        [-0.12636542, -0.36436489, -0.49668386, ..., -0.030734  ,
          0.08844278,  0.        ]],

       [[ 0.        , -0.00856653, -0.01714698, ...,  0.98257425,
          0.99841675,  0.96975287],
        [ 0.00856653,  0.        , -0.00858109, ...,  0.98094594,
          0.99886198,  0.97180828],
        [ 0.01714698,  0.00858109,  0.        , ...,  0.97924268,
          0.99923447,  0.97379568],
        ...,
        [-0.98257425, -0.98094594, -0.97924268, ...,  0.        ,
         -0.24084538, -0.42008388],
        [-0.99841675, -0.99886198, -0.99923447, ...,  0.24084538,
          0.        , -0.18915444],
        [-0.96975287, -0.97180828, -0.97379568, ...,  0.42008388,
          0.18915444,  0.        ]],

       ...,

       [[ 0.        ,  0.03553695,  0.14975346, ...,  0.98765182,
          0.98765182,  0.99322004],
        [-0.03553695,  0.        ,  0.11452266, ...,  0.98146059,
          0.98146059,  0.98846154],
        [-0.14975346, -0.11452266,  0.        , ...,  0.95305332,
          0.95305332,  0.9646111 ],
        ...,
        [-0.98765182, -0.98146059, -0.95305332, ...,  0.        ,
          0.        ,  0.04078868],
        [-0.98765182, -0.98146059, -0.95305332, ...,  0.        ,
          0.        ,  0.04078868],
        [-0.99322004, -0.98846154, -0.9646111 , ..., -0.04078868,
         -0.04078868,  0.        ]],

       [[ 0.        , -0.38814561, -0.56978895, ..., -0.91429806,
         -0.93316058, -0.92955737],
        [ 0.38814561,  0.        , -0.2061418 , ..., -0.68540003,
         -0.72047624, -0.71357773],
        [ 0.56978895,  0.2061418 ,  0.        , ..., -0.52057349,
         -0.5620468 , -0.55383358],
        ...,
        [ 0.91429806,  0.68540003,  0.52057349, ...,  0.        ,
