state_0,state_1,state_2,state_3,state_4,state_5,state_6,state_7,state_8,state_9,state_10,state_11,state_12,state_13,state_14,state_15,state_16,state_17,state_18,state_19,state_20,state_21,state_22,state_23,state_24,state_25,state_26,state_27,state_28,state_29,state_30,state_31,state_32,state_33,state_34,state_35,state_36,state_37,state_38,state_39,state_40,state_41,state_42,state_43,state_44,state_45,state_46,state_47,state_48,state_49,state_50,state_51,state_52,state_53,state_54,state_55,state_56,state_57,state_58,state_59,state_60,state_61,state_62,state_63,state_64,state_65,state_66,state_67,state_68,state_69,state_70,state_71,state_72,state_73,state_74,state_75,state_76,state_77,state_78,state_79,state_80,state_81,state_82,state_83,state_84,state_85,state_86,state_87,state_88,state_89,state_90,state_91,state_92,state_93,state_94,state_95,state_96,state_97,state_98,state_99,state_100,state_101,state_102,state_103,state_104,state_105,state_106,state_107,state_108,state_109,state_110,state_111,state_112,state_113,state_114,state_115,state_116,state_117,state_118,state_119,state_120,state_121,state_122,state_123,state_124,state_125,state_126,state_127,state_128,state_129,state_130,state_131,state_132,state_133,state_134,state_135,state_136,state_137,state_138,state_139,state_140,state_141,state_142,state_143,state_144,state_145,state_146,state_147,state_148,state_149,state_150,state_151,state_152,state_153,state_154,state_155,state_156,state_157,state_158,state_159,state_160,state_161,state_162,state_163,state_164,state_165,state_166,state_167,state_168,state_169,state_170,state_171,state_172,state_173,state_174,state_175,state_176,state_177,state_178,state_179,state_180,state_181,state_182,state_183,state_184,state_185,state_186,state_187,state_188,state_189,state_190,state_191,state_192,state_193,state_194,state_195,state_196,state_197,state_198,state_199,state_200,state_201,state_202,state_203,state_204,state_205,state_206,state_207,state_208,state_209,state_210,state_211,state_212,state_213,state_214,state_215,state_216,state_217,state_218,state_219,state_220,state_221,state_222,state_223,state_224,state_225,state_226,state_227,state_228,state_229,state_230,state_231,state_232,state_233,state_234,state_235,state_236,state_237,state_238,state_239,state_240,state_241,state_242,state_243,state_244,state_245,state_246,state_247,state_248,state_249,state_250,state_251,state_252,state_253,state_254,state_255,state_256,state_257,state_258,state_259,state_260,state_261,state_262,state_263,state_264,state_265,state_266,state_267,state_268,state_269,state_270,state_271,state_272,state_273,state_274,state_275,state_276,state_277,state_278,state_279,state_280,state_281,state_282,state_283,state_284,state_285,state_286,state_287
{'img': array([[[ 0.        ,  0.26417055,  0.27160622, ...,  0.75947404,
          0.89588695,  0.90255786],
        [-0.26417055,  0.        ,  0.00771771, ...,  0.5606416 ,
          0.74669521,  0.75675184],
        [-0.27160622, -0.00771771,  0.        , ...,  0.55423419,
          0.74153942,  0.75168422],
        ...,
        [-0.75947404, -0.5606416 , -0.55423419, ...,  0.        ,
          0.24538745,  0.26014217],
        [-0.89588695, -0.74669521, -0.74153942, ..., -0.24538745,
          0.        ,  0.0152495 ],
        [-0.90255786, -0.75675184, -0.75168422, ..., -0.26014217,
         -0.0152495 ,  0.        ]],

       [[ 0.        , -0.15763339, -0.11737934, ..., -0.00904024,
         -0.11055508, -0.10823819],
        [ 0.15763339,  0.        ,  0.04063187, ...,  0.14869974,
          0.04749421,  0.04982233],
        [ 0.11737934, -0.04063187,  0.        , ...,  0.1083968 ,
          0.00686898,  0.00919978],
        ...,
        [ 0.00904024, -0.14869974, -0.1083968 , ...,  0.        ,
         -0.10156574, -0.09924664],
        [ 0.11055508, -0.04749421, -0.00686898, ...,  0.10156574,
          0.        ,  0.00233088],
        [ 0.10823819, -0.04982233, -0.00919978, ...,  0.09924664,
         -0.00233088,  0.        ]],

       [[ 0.        ,  0.12867433,  0.05272937, ...,  0.90992712,
          0.89618847,  0.88181243],
        [-0.12867433,  0.        , -0.0762043 , ...,  0.84899279,
          0.83164897,  0.81379899],
        [-0.05272937,  0.0762043 ,  0.        , ...,  0.8867908 ,
          0.8715471 ,  0.8557185 ],
        ...,
        [-0.90992712, -0.84899279, -0.8867908 , ...,  0.        ,
         -0.03200015, -0.06337417],
        [-0.89618847, -0.83164897, -0.8715471 , ...,  0.03200015,
          0.        , -0.03140588],
        [-0.88181243, -0.81379899, -0.8557185 , ...,  0.06337417,
          0.03140588,  0.        ]],

       ...,

       [[ 0.        ,  0.20812924,  0.26799527, ..., -0.63213634,
         -0.64214934, -0.6573317 ],
        [-0.20812924,  0.        ,  0.06161062, ..., -0.77956383,
         -0.78763475, -0.79978349],
        [-0.26799527, -0.06161062,  0.        , ..., -0.816671  ,
         -0.82409936, -0.83524826],
        ...,
        [ 0.63213634,  0.77956383,  0.816671  , ...,  0.        ,
         -0.01299123, -0.03295936],
        [ 0.64214934,  0.78763475,  0.82409936, ...,  0.01299123,
          0.        , -0.01997241],
        [ 0.6573317 ,  0.79978349,  0.83524826, ...,  0.03295936,
          0.01997241,  0.        ]],

       [[ 0.        ,  0.18288543,  0.29520847, ...,  0.83841915,
          0.88734689,  0.92607569],
        [-0.18288543,  0.        ,  0.1154948 , ...,  0.92395588,
          0.95671003,  0.9794663 ],
        [-0.29520847, -0.1154948 ,  0.        , ...,  0.9619495 ,
          0.98392174,  0.99619646],
        ...,
        [-0.83841915, -0.92395588, -0.9619495 , ...,  0.        ,
         -0.09702997, -0.18836807],
        [-0.88734689, -0.95671003, -0.98392174, ...,  0.09702997,
          0.        , -0.09218626],
        [-0.92607569, -0.9794663 , -0.99619646, ...,  0.18836807,
          0.09218626,  0.        ]],

       [[ 0.        ,  0.08764856,  0.28374824, ...,  0.72242225,
          0.52967983,  0.        ],
        [-0.08764856,  0.        ,  0.19861012, ...,  0.78024677,
          0.60198464,  0.08764856],
        [-0.28374824, -0.19861012,  0.        , ...,  0.88892818,
          0.74858396,  0.28374824],
        ...,
        [-0.72242225, -0.78024677, -0.88892818, ...,  0.        ,
          0.24650861,  0.72242225],
        [-0.52967983, -0.60198464, -0.74858396, ..., -0.24650861,
          0.        ,  0.52967983],
        [-0.        , -0.08764856, -0.28374824, ..., -0.72242225,
         -0.52967983,  0.        ]]]), 'num': array([ 7.07096071e-01,  7.07096071e-01,  0.00000000e+00,  0.00000000e+00,
        1.24920306e-04,  1.30466157e-04,  1.24504367e-04,  5.49252817e-03,
       -5.54585153e-07,  1.24421179e-04,  1.28268614e-04,  1.14226055e-04,
        5.36273379e-07,  1.38971272e-04,  1.17565955e-04])}
{'img': array([[[ 0.        ,  0.00771771,  0.13486282, ...,  0.74669521,
          0.75675184,  0.73653146],
        [-0.00771771,  0.        ,  0.1272116 , ...,  0.74153942,
          0.75168422,  0.73128925],
        [-0.13486282, -0.1272116 ,  0.        , ...,  0.65016741,
          0.66167824,  0.63858107],
        ...,
        [-0.74669521, -0.74153942, -0.65016741, ...,  0.        ,
          0.0152495 , -0.01515116],
        [-0.75675184, -0.75168422, -0.66167824, ..., -0.0152495 ,
          0.        , -0.03039714],
        [-0.73653146, -0.73128925, -0.63858107, ...,  0.01515116,
          0.03039714,  0.        ]],

       [[ 0.        ,  0.04063187, -0.08410539, ...,  0.04749421,
          0.04982233,  0.17835894],
        [-0.04063187,  0.        , -0.12452384, ...,  0.00686898,
          0.00919978,  0.13823129],
        [ 0.08410539,  0.12452384,  0.        , ...,  0.13133641,
          0.13364674,  0.26048379],
        ...,
        [-0.04749421, -0.00686898, -0.13133641, ...,  0.        ,
          0.00233088,  0.131425  ],
        [-0.04982233, -0.00919978, -0.13364674, ..., -0.00233088,
          0.        ,  0.12911398],
        [-0.17835894, -0.13823129, -0.26048379, ..., -0.131425  ,
         -0.12911398,  0.        ]],

       [[ 0.        , -0.0762043 , -0.07990585, ...,  0.83164897,
          0.81379899,  0.77107379],
        [ 0.0762043 ,  0.        , -0.00371288, ...,  0.8715471 ,
          0.8557185 ,  0.81735444],
        [ 0.07990585,  0.00371288,  0.        , ...,  0.87336156,
          0.8576338 ,  0.81948793],
        ...,
        [-0.83164897, -0.8715471 , -0.87336156, ...,  0.        ,
         -0.03140588, -0.1013704 ],
        [-0.81379899, -0.8557185 , -0.8576338 , ...,  0.03140588,
          0.        , -0.07007629],
        [-0.77107379, -0.81735444, -0.81948793, ...,  0.1013704 ,
          0.07007629,  0.        ]],

       ...,

       [[ 0.        ,  0.06161062,  0.08577534, ..., -0.78763475,
         -0.79978349, -0.88329719],
        [-0.06161062,  0.        ,  0.02422884, ..., -0.82409936,
         -0.83524826, -0.91050304],
        [-0.08577534, -0.02422884,  0.        , ..., -0.83758175,
         -0.84832585, -0.92025443],
        ...,
        [ 0.78763475,  0.82409936,  0.83758175, ...,  0.        ,
         -0.01997241, -0.17498309],
        [ 0.79978349,  0.83524826,  0.84832585, ...,  0.01997241,
          0.        , -0.15528392],
        [ 0.88329719,  0.91050304,  0.92025443, ...,  0.17498309,
          0.15528392,  0.        ]],

       [[ 0.        ,  0.1154948 ,  0.23225661, ...,  0.95671003,
          0.9794663 ,  0.98611031],
        [-0.1154948 ,  0.        ,  0.11836583, ...,  0.98392174,
          0.99619646,  0.99869407],
        [-0.23225661, -0.11836583,  0.        , ...,  0.99814498,
          0.99950713,  0.99772057],
        ...,
        [-0.95671003, -0.98392174, -0.99814498, ...,  0.        ,
         -0.09218626, -0.1280987 ],
        [-0.9794663 , -0.99619646, -0.99950713, ...,  0.09218626,
          0.        , -0.03612645],
        [-0.98611031, -0.99869407, -0.99772057, ...,  0.1280987 ,
          0.03612645,  0.        ]],

       [[ 0.        ,  0.26595324,  0.37535872, ...,  0.62198618,
          0.36810701,  0.        ],
        [-0.26595324,  0.        ,  0.11533389, ...,  0.80783482,
          0.6021289 ,  0.26595324],
        [-0.37535872, -0.11533389,  0.        , ...,  0.87042278,
          0.6901932 ,  0.37535872],
        ...,
        [-0.62198618, -0.80783482, -0.87042278, ...,  0.        ,
          0.29007427,  0.62198618],
        [-0.36810701, -0.6021289 , -0.6901932 , ..., -0.29007427,
          0.        ,  0.36810701],
        [-0.        , -0.26595324, -0.37535872, ..., -0.62198618,
         -0.36810701,  0.        ]]]), 'num': array([ 7.12256659e-01,  7.01915391e-01,  1.15933502e-06, -2.90313044e-12,
        1.24593594e-04,  1.26269741e-04,  1.23057126e-04,  2.26059154e-03,
       -1.25711026e-06,  1.24872952e-04,  1.29684891e-04,  1.15323570e-04,
        5.59625631e-07,  1.38703640e-04,  1.20666142e-04])}
{'img': array([[[ 0.        ,  0.1272116 ,  0.14171008, ...,  0.75168422,
          0.73128925,  0.68390966],
        [-0.1272116 ,  0.        ,  0.01463096, ...,  0.66167824,
          0.63858107,  0.58554395],
        [-0.14171008, -0.01463096,  0.        , ...,  0.65063729,
          0.62725339,  0.57362082],
        ...,
        [-0.75168422, -0.66167824, -0.65063729, ...,  0.        ,
         -0.03039714, -0.0973495 ],
        [-0.73128925, -0.63858107, -0.62725339, ...,  0.03039714,
          0.        , -0.06705176],
        [-0.68390966, -0.58554395, -0.57362082, ...,  0.0973495 ,
          0.06705176,  0.        ]],

       [[ 0.        , -0.12452384, -0.05612467, ...,  0.00919978,
          0.13823129, -0.05823916],
        [ 0.12452384,  0.        ,  0.06863973, ...,  0.13364674,
          0.26048379,  0.06652661],
        [ 0.05612467, -0.06863973,  0.        , ...,  0.06530757,
          0.19359928, -0.00211796],
        ...,
        [-0.00919978, -0.13364674, -0.06530757, ...,  0.        ,
          0.12911398, -0.06742086],
        [-0.13823129, -0.26048379, -0.19359928, ..., -0.12911398,
          0.        , -0.19567673],
        [ 0.05823916, -0.06652661,  0.00211796, ...,  0.06742086,
          0.19567673,  0.        ]],

       [[ 0.        , -0.00371288,  0.04213833, ...,  0.8557185 ,
          0.81735444,  0.79979492],
        [ 0.00371288,  0.        ,  0.04584762, ...,  0.8576338 ,
          0.81948793,  0.80201815],
        [-0.04213833, -0.04584762,  0.        , ...,  0.83315432,
          0.79235108,  0.77379001],
        ...,
        [-0.8557185 , -0.8576338 , -0.83315432, ...,  0.        ,
         -0.07007629, -0.09981782],
        [-0.81735444, -0.81948793, -0.79235108, ...,  0.07007629,
          0.        , -0.02984612],
        [-0.79979492, -0.80201815, -0.77379001, ...,  0.09981782,
          0.02984612,  0.        ]],

       ...,

       [[ 0.        ,  0.02422884, -0.00707722, ..., -0.83524826,
         -0.91050304, -0.88448985],
        [-0.02422884,  0.        , -0.03130338, ..., -0.84832585,
         -0.92025443, -0.89553439],
        [ 0.00707722,  0.03130338,  0.        , ..., -0.83133577,
         -0.90755379, -0.88116575],
        ...,
        [ 0.83524826,  0.84832585,  0.83133577, ...,  0.        ,
         -0.15528392, -0.09666416],
        [ 0.91050304,  0.92025443,  0.90755379, ...,  0.15528392,
          0.        ,  0.05906513],
        [ 0.88448985,  0.89553439,  0.88116575, ...,  0.09666416,
         -0.05906513,  0.        ]],

       [[ 0.        ,  0.11836583,  0.22441946, ...,  0.99619646,
          0.99869407,  0.99903204],
        [-0.11836583,  0.        ,  0.10749517, ...,  0.99950713,
          0.99772057,  0.98680217],
        [-0.22441946, -0.10749517,  0.        , ...,  0.99034104,
          0.98468553,  0.96367751],
        ...,
        [-0.99619646, -0.99950713, -0.99034104, ...,  0.        ,
         -0.03612645, -0.13087234],
        [-0.99869407, -0.99772057, -0.98468553, ...,  0.03612645,
          0.        , -0.09497118],
        [-0.99903204, -0.98680217, -0.96367751, ...,  0.13087234,
          0.09497118,  0.        ]],

       [[ 0.        ,  0.26352666,  0.26608305, ...,  0.59459422,
          0.49143362,  0.        ],
        [-0.26352666,  0.        ,  0.00265102, ...,  0.78545884,
          0.70357181,  0.26352666],
        [-0.26608305, -0.00265102,  0.        , ...,  0.78709684,
          0.70545322,  0.26608305],
        ...,
        [-0.59459422, -0.78545884, -0.78709684, ...,  0.        ,
          0.12271566,  0.59459422],
        [-0.49143362, -0.70357181, -0.70545322, ..., -0.12271566,
          0.        ,  0.49143362],
        [-0.        , -0.26352666, -0.26608305, ..., -0.59459422,
         -0.49143362,  0.        ]]]), 'num': array([ 8.71924506e-01,  4.89637112e-01,  4.30019566e-05, -3.57652868e-10,
        1.52245079e-04,  1.54128877e-04,  1.49505010e-04,  1.72149967e-03,
       -5.13762922e-07,  1.53786368e-04,  1.58906872e-04,  1.41684397e-04,
        5.39482434e-07,  1.70159153e-04,  1.47654591e-04])}
{'img': array([[[ 0.        ,  0.01463096,  0.3006993 , ...,  0.63858107,
          0.58554395,  0.56755044],
        [-0.01463096,  0.        ,  0.28671329, ...,  0.62725339,
          0.57362082,  0.55544346],
        [-0.3006993 , -0.28671329,  0.        , ...,  0.37762238,
          0.31468531,  0.29370629],
        ...,
        [-0.63858107, -0.62725339, -0.37762238, ...,  0.        ,
         -0.06705176, -0.08900742],
        [-0.58554395, -0.57362082, -0.31468531, ...,  0.06705176,
          0.        , -0.02202149],
        [-0.56755044, -0.55544346, -0.29370629, ...,  0.08900742,
          0.02202149,  0.        ]],

       [[ 0.        ,  0.06863973,  0.32665313, ...,  0.26048379,
          0.06652661, -0.01521473],
        [-0.06863973,  0.        ,  0.26100827, ...,  0.19359928,
         -0.00211796, -0.08381063],
        [-0.32665313, -0.26100827,  0.        , ..., -0.06918171,
         -0.26305223, -0.34099543],
        ...,
        [-0.26048379, -0.19359928,  0.06918171, ...,  0.        ,
         -0.19567673, -0.27514313],
        [-0.06652661,  0.00211796,  0.26305223, ...,  0.19567673,
          0.        , -0.08169993],
        [ 0.01521473,  0.08381063,  0.34099543, ...,  0.27514313,
          0.08169993,  0.        ]],

       [[ 0.        ,  0.04584762,  0.20669549, ...,  0.81948793,
          0.80201815,  0.82251937],
        [-0.04584762,  0.        ,  0.16162059, ...,  0.79235108,
          0.77379001,  0.7955792 ],
        [-0.20669549, -0.16162059,  0.        , ...,  0.6833349 ,
          0.66123967,  0.68720193],
        ...,
        [-0.81948793, -0.79235108, -0.6833349 , ...,  0.        ,
         -0.02984612,  0.00530974],
        [-0.80201815, -0.77379001, -0.66123967, ...,  0.02984612,
          0.        ,  0.03515307],
        [-0.82251937, -0.7955792 , -0.68720193, ..., -0.00530974,
         -0.03515307,  0.        ]],

       ...,

       [[ 0.        , -0.03130338,  0.08035336, ..., -0.92025443,
         -0.89553439, -0.99986583],
        [ 0.03130338,  0.        ,  0.11151614, ..., -0.90755379,
         -0.88116575, -0.99886306],
        [-0.08035336, -0.11151614,  0.        , ..., -0.94872266,
         -0.92839526, -0.99794894],
        ...,
        [ 0.92025443,  0.90755379,  0.94872266, ...,  0.        ,
          0.05906513, -0.37619377],
        [ 0.89553439,  0.88116575,  0.92839526, ..., -0.05906513,
          0.        , -0.43026325],
        [ 0.99986583,  0.99886306,  0.99794894, ...,  0.37619377,
          0.43026325,  0.        ]],

       [[ 0.        ,  0.10749517,  0.26156812, ...,  0.99772057,
          0.98680217,  0.98772311],
        [-0.10749517,  0.        ,  0.15629975, ...,  0.98468553,
          0.96367751,  0.96520752],
        [-0.26156812, -0.15629975,  0.        , ...,  0.94533413,
          0.91009083,  0.91247475],
        ...,
        [-0.99772057, -0.98468553, -0.94533413, ...,  0.        ,
         -0.09497118, -0.08920637],
        [-0.98680217, -0.96367751, -0.91009083, ...,  0.09497118,
          0.        ,  0.00578938],
        [-0.98772311, -0.96520752, -0.91247475, ...,  0.08920637,
         -0.00578938,  0.        ]],

       [[ 0.        ,  0.03779894,  0.13445722, ...,  0.49552698,
          0.        ,  0.16628686],
        [-0.03779894,  0.        ,  0.09690543, ...,  0.52800474,
          0.03779894,  0.20344071],
        [-0.13445722, -0.09690543,  0.        , ...,  0.60781584,
          0.13445722,  0.29736211],
        ...,
        [-0.49552698, -0.52800474, -0.60781584, ...,  0.        ,
          0.49552698,  0.34419244],
        [-0.        , -0.03779894, -0.13445722, ..., -0.49552698,
          0.        , -0.16628686],
        [-0.16628686, -0.20344071, -0.29736211, ..., -0.34419244,
          0.16628686,  0.        ]]]), 'num': array([ 7.77478173e-01,  6.28907773e-01,  1.68829999e-05, -3.19733460e-09,
        1.34696645e-04,  1.36380353e-04,  1.33319066e-04,  1.59809916e-03,
       -1.37757932e-06,  1.36747707e-04,  1.41768219e-04,  1.26829136e-04,
        5.06289837e-07,  1.52290590e-04,  1.31245848e-04])}
{'img': array([[[ 0.        ,  0.28671329,  0.19154411, ...,  0.57362082,
          0.55544346,  0.50005518],
        [-0.28671329,  0.        , -0.0979021 , ...,  0.31468531,
          0.29370629,  0.23076923],
        [-0.19154411,  0.0979021 ,  0.        , ...,  0.40610187,
          0.38587954,  0.3249202 ],
        ...,
        [-0.57362082, -0.31468531, -0.40610187, ...,  0.        ,
         -0.02202149, -0.08714625],
        [-0.55544346, -0.29370629, -0.38587954, ...,  0.02202149,
          0.        , -0.06518741],
        [-0.50005518, -0.23076923, -0.3249202 , ...,  0.08714625,
          0.06518741,  0.        ]],

       [[ 0.        ,  0.26100827,  0.07705399, ..., -0.00211796,
         -0.08381063, -0.07763855],
        [-0.26100827,  0.        , -0.18584924, ..., -0.26305223,
         -0.34099543, -0.33516777],
        [-0.07705399,  0.18584924,  0.        , ..., -0.07916547,
         -0.16034434, -0.15422913],
        ...,
        [ 0.00211796,  0.26305223,  0.07916547, ...,  0.        ,
         -0.08169993, -0.07552682],
        [ 0.08381063,  0.34099543,  0.16034434, ...,  0.08169993,
          0.        ,  0.00619225],
        [ 0.07763855,  0.33516777,  0.15422913, ...,  0.07552682,
         -0.00619225,  0.        ]],

       [[ 0.        ,  0.16162059,  0.23854643, ...,  0.77379001,
          0.7955792 ,  0.770468  ],
        [-0.16162059,  0.        ,  0.07845548, ...,  0.66123967,
          0.68720193,  0.65730896],
        [-0.23854643, -0.07845548,  0.        , ...,  0.60034616,
          0.62808844,  0.59615717],
        ...,
        [-0.77379001, -0.66123967, -0.60034616, ...,  0.        ,
          0.03515307, -0.00522768],
        [-0.7955792 , -0.68720193, -0.62808844, ..., -0.03515307,
          0.        , -0.04037704],
        [-0.770468  , -0.65730896, -0.59615717, ...,  0.00522768,
          0.04037704,  0.        ]],

       ...,

       [[ 0.        ,  0.11151614, -0.07389025, ..., -0.88116575,
         -0.99886306, -0.98859782],
        [-0.11151614,  0.        , -0.18464067, ..., -0.92839526,
         -0.99794894, -0.99922367],
        [ 0.07389025,  0.18464067,  0.        , ..., -0.84382112,
         -0.99261007, -0.97476896],
        ...,
        [ 0.88116575,  0.92839526,  0.84382112, ...,  0.        ,
         -0.43026325, -0.33473044],
        [ 0.99886306,  0.99794894,  0.99261007, ...,  0.43026325,
          0.        ,  0.10328072],
        [ 0.98859782,  0.99922367,  0.97476896, ...,  0.33473044,
         -0.10328072,  0.        ]],

       [[ 0.        ,  0.15629975,  0.2506008 , ...,  0.96367751,
          0.96520752,  0.96859885],
        [-0.15629975,  0.        ,  0.09620852, ...,  0.91009083,
          0.91247475,  0.91783383],
        [-0.2506008 , -0.09620852,  0.        , ...,  0.86599944,
          0.86887988,  0.87538478],
        ...,
        [-0.96367751, -0.91009083, -0.86599944, ...,  0.        ,
          0.00578938,  0.01908441],
        [-0.96520752, -0.91247475, -0.86887988, ..., -0.00578938,
          0.        ,  0.01329576],
        [-0.96859885, -0.91783383, -0.87538478, ..., -0.01908441,
         -0.01329576,  0.        ]],

       [[ 0.        ,  0.12910412,  0.30544903, ...,  0.        ,
          0.16631637,  0.32137598],
        [-0.12910412,  0.        ,  0.17995872, ...,  0.12910412,
          0.29223049,  0.44094176],
        [-0.30544903, -0.17995872,  0.        , ...,  0.30544903,
          0.45956273,  0.59526239],
        ...,
        [-0.        , -0.12910412, -0.30544903, ...,  0.        ,
         -0.16631637, -0.32137598],
        [-0.16631637, -0.29223049, -0.45956273, ...,  0.16631637,
          0.        , -0.15940643],
        [-0.32137598, -0.44094176, -0.59526239, ...,  0.32137598,
          0.15940643,  0.        ]]]), 'num': array([ 7.77767190e-01,  6.27289565e-01,  1.61283629e-05, -6.12741197e-09,
        1.41293545e-04,  1.50985707e-04,  1.34478744e-04,  3.98226695e-02,
        8.02632144e-06,  1.36144584e-04,  1.40135029e-04,  1.25803755e-04,
        6.79037541e-07,  1.50427281e-04,  1.29842777e-04])}
{'img': array([[[ 0.        , -0.0979021 , -0.02097902, ...,  0.29370629,
          0.23076923,  0.6013986 ],
        [ 0.0979021 ,  0.        ,  0.07700231, ...,  0.38587954,
          0.3249202 ,  0.67672831],
        [ 0.02097902, -0.07700231,  0.        , ...,  0.31369541,
          0.25113121,  0.61802741],
        ...,
        [-0.29370629, -0.38587954, -0.31369541, ...,  0.        ,
         -0.06518741,  0.34021795],
        [-0.23076923, -0.3249202 , -0.25113121, ...,  0.06518741,
          0.        ,  0.40079308],
        [-0.6013986 , -0.67672831, -0.61802741, ..., -0.34021795,
         -0.40079308,  0.        ]],

       [[ 0.        , -0.18584924, -0.19464429, ..., -0.34099543,
         -0.33516777,  0.72675946],
        [ 0.18584924,  0.        , -0.00895858, ..., -0.16034434,
         -0.15422913,  0.84175642],
        [ 0.19464429,  0.00895858,  0.        , ..., -0.15149524,
         -0.14537155,  0.846559  ],
        ...,
        [ 0.34099543,  0.16034434,  0.15149524, ...,  0.        ,
          0.00619225,  0.91742814],
        [ 0.33516777,  0.15422913,  0.14537155, ..., -0.00619225,
          0.        ,  0.91494665],
        [-0.72675946, -0.84175642, -0.846559  , ..., -0.91742814,
         -0.91494665,  0.        ]],

       [[ 0.        ,  0.07845548,  0.17098344, ...,  0.68720193,
          0.65730896,  0.69362514],
        [-0.07845548,  0.        ,  0.09315627, ...,  0.62808844,
          0.59615717,  0.6349728 ],
        [-0.17098344, -0.09315627,  0.        , ...,  0.5528684 ,
          0.51877262,  0.56024519],
        ...,
        [-0.68720193, -0.62808844, -0.5528684 , ...,  0.        ,
         -0.04037704,  0.008879  ],
        [-0.65730896, -0.59615717, -0.51877262, ...,  0.04037704,
          0.        ,  0.04924721],
        [-0.69362514, -0.6349728 , -0.56024519, ..., -0.008879  ,
         -0.04924721,  0.        ]],

       ...,

       [[ 0.        , -0.18464067, -0.09513801, ..., -0.99794894,
         -0.99922367, -0.84320762],
        [ 0.18464067,  0.        ,  0.09030094, ..., -0.99261007,
         -0.97476896, -0.72944897],
        [ 0.09513801, -0.09030094,  0.        , ..., -0.99951259,
         -0.9909432 , -0.78823785],
        ...,
        [ 0.99794894,  0.99261007,  0.99951259, ...,  0.        ,
          0.10328072,  0.59046335],
        [ 0.99922367,  0.97476896,  0.9909432 , ..., -0.10328072,
          0.        ,  0.5039515 ],
        [ 0.84320762,  0.72944897,  0.78823785, ..., -0.59046335,
         -0.5039515 ,  0.        ]],

       [[ 0.        ,  0.09620852,  0.17955878, ...,  0.91247475,
          0.91783383,  0.91129005],
        [-0.09620852,  0.        ,  0.08408097, ...,  0.86887988,
          0.87538478,  0.86744746],
        [-0.17955878, -0.08408097,  0.        , ...,  0.8241811 ,
          0.83163798,  0.82254306],
        ...,
        [-0.91247475, -0.86887988, -0.8241811 , ...,  0.        ,
          0.01329576, -0.00288634],
        [-0.91783383, -0.87538478, -0.83163798, ..., -0.01329576,
          0.        , -0.01618178],
        [-0.91129005, -0.86744746, -0.82254306, ...,  0.00288634,
          0.01618178,  0.        ]],

       [[ 0.        ,  0.27858449,  0.44680249, ...,  0.16666298,
          0.32203206,  0.3236799 ],
        [-0.27858449,  0.        ,  0.17988358, ...,  0.43475327,
          0.57302731,  0.57445332],
        [-0.44680249, -0.17988358,  0.        , ...,  0.58965562,
          0.71110116,  0.71232421],
        ...,
        [-0.16666298, -0.43475327, -0.58965562, ...,  0.        ,
         -0.15974345, -0.16146193],
        [-0.32203206, -0.57302731, -0.71110116, ...,  0.15974345,
          0.        , -0.00174108],
        [-0.3236799 , -0.57445332, -0.71232421, ...,  0.16146193,
          0.00174108,  0.        ]]]), 'num': array([8.95207569e-01, 4.45473901e-01, 4.78440072e-05, 1.21175534e-08,
       1.63242711e-04, 1.70189209e-04, 1.59422136e-04, 1.24982440e-02,
       1.21563721e-06, 1.57477117e-04, 1.60568309e-04, 1.44533475e-04,
       8.39560227e-07, 1.72196900e-04, 1.48939717e-04])}
{'img': array([[[ 0.        ,  0.07700231,  0.18796907, ...,  0.3249202 ,
          0.67672831,  0.72159526],
        [-0.07700231,  0.        ,  0.11178123, ...,  0.25113121,
          0.61802741,  0.66614292],
        [-0.18796907, -0.11178123,  0.        , ...,  0.14135834,
          0.52627659,  0.57859895],
        ...,
        [-0.3249202 , -0.25113121, -0.14135834, ...,  0.        ,
          0.40079308,  0.45749536],
        [-0.67672831, -0.61802741, -0.52627659, ..., -0.40079308,
          0.        ,  0.06275287],
        [-0.72159526, -0.66614292, -0.57859895, ..., -0.45749536,
         -0.06275287,  0.        ]],

       [[ 0.        , -0.00895858,  0.07063596, ..., -0.15422913,
          0.84175642,  0.29753202],
        [ 0.00895858,  0.        ,  0.07956933, ..., -0.14537155,
          0.846559  ,  0.30607295],
        [-0.07063596, -0.07956933,  0.        , ..., -0.2236347 ,
          0.80152049,  0.22935185],
        ...,
        [ 0.15422913,  0.14537155,  0.2236347 , ...,  0.        ,
          0.91494665,  0.44121646],
        [-0.84175642, -0.846559  , -0.80152049, ..., -0.91494665,
          0.        , -0.64300992],
        [-0.29753202, -0.30607295, -0.22935185, ..., -0.44121646,
          0.64300992,  0.        ]],

       [[ 0.        ,  0.09315627,  0.18265777, ...,  0.59615717,
          0.6349728 ,  0.6879277 ],
        [-0.09315627,  0.        ,  0.09027442, ...,  0.51877262,
          0.56024519,  0.61732536],
        [-0.18265777, -0.09027442,  0.        , ...,  0.43947772,
          0.48318095,  0.54378517],
        ...,
        [-0.59615717, -0.51877262, -0.43947772, ...,  0.        ,
          0.04924721,  0.11963647],
        [-0.6349728 , -0.56024519, -0.48318095, ..., -0.04924721,
          0.        ,  0.0705978 ],
        [-0.6879277 , -0.61732536, -0.54378517, ..., -0.11963647,
         -0.0705978 ,  0.        ]],

       ...,

       [[ 0.        ,  0.09030094,  0.13071789, ..., -0.97476896,
         -0.72944897, -0.63733993],
        [-0.09030094,  0.        ,  0.04065772, ..., -0.9909432 ,
         -0.78823785, -0.70432044],
        [-0.13071789, -0.04065772,  0.        , ..., -0.99558341,
         -0.81260565, -0.73260026],
        ...,
        [ 0.97476896,  0.9909432 ,  0.99558341, ...,  0.        ,
          0.5039515 ,  0.60887559],
        [ 0.72944897,  0.78823785,  0.81260565, ..., -0.5039515 ,
          0.        ,  0.12613784],
        [ 0.63733993,  0.70432044,  0.73260026, ..., -0.60887559,
         -0.12613784,  0.        ]],

       [[ 0.        ,  0.08408097,  0.16222881, ...,  0.87538478,
          0.86744746,  0.85878266],
        [-0.08408097,  0.        ,  0.07868717, ...,  0.83163798,
          0.82254306,  0.8126636 ],
        [-0.16222881, -0.07868717,  0.        , ...,  0.78536295,
          0.77524302,  0.7642902 ],
        ...,
        [-0.87538478, -0.83163798, -0.78536295, ...,  0.        ,
         -0.01618178, -0.03333613],
        [-0.86744746, -0.82254306, -0.77524302, ...,  0.01618178,
          0.        , -0.01715897],
        [-0.85878266, -0.8126636 , -0.7642902 , ...,  0.03333613,
          0.01715897,  0.        ]],

       [[ 0.        ,  0.36015477,  0.53742858, ...,  0.32517746,
          0.32684042,  0.32062048],
        [-0.36015477,  0.        ,  0.19764127, ...,  0.64393708,
          0.6452819 ,  0.64024585],
        [-0.53742858, -0.19764127,  0.        , ...,  0.78244612,
          0.78354031,  0.77943873],
        ...,
        [-0.32517746, -0.64393708, -0.78244612, ...,  0.        ,
         -0.00175906,  0.00481489],
        [-0.32684042, -0.6452819 , -0.78354031, ...,  0.00175906,
          0.        ,  0.00657392],
        [-0.32062048, -0.64024585, -0.77943873, ..., -0.00481489,
         -0.00657392,  0.        ]]]), 'num': array([8.12391162e-01, 5.83024160e-01, 2.29596598e-05, 1.60817931e-08,
       1.54873060e-04, 1.54873060e-04, 1.45726403e-04, 1.01616881e-02,
       9.14665718e-06, 1.43897071e-04, 1.43540507e-04, 1.29453621e-04,
       1.05583914e-06, 1.54628603e-04, 1.32452410e-04])}
{'img': array([[[ 0.        ,  0.10831553, -0.28036814, ...,  0.5942082 ,
          0.63990182,  0.99870643],
        [-0.10831553,  0.        , -0.38268988, ...,  0.50359282,
          0.55290121,  0.99833818],
        [ 0.28036814,  0.38268988,  0.        , ...,  0.79587928,
          0.82968776,  0.94439486],
        ...,
        [-0.5942082 , -0.50359282, -0.79587928, ...,  0.        ,
          0.05805699,  0.83348481],
        [-0.63990182, -0.55290121, -0.82968776, ..., -0.05805699,
          0.        ,  0.8       ],
        [-0.99870643, -0.99833818, -0.94439486, ..., -0.83348481,
         -0.8       ,  0.        ]],

       [[ 0.        ,  0.07956933,  0.18627829, ...,  0.846559  ,
          0.30607295,  0.27480739],
        [-0.07956933,  0.        ,  0.10751103, ...,  0.80152049,
          0.22935185,  0.19743021],
        [-0.18627829, -0.10751103,  0.        , ...,  0.73258671,
          0.12337733,  0.090891  ],
        ...,
        [-0.846559  , -0.80152049, -0.73258671, ...,  0.        ,
         -0.64300992, -0.66768731],
        [-0.30607295, -0.22935185, -0.12337733, ...,  0.64300992,
          0.        , -0.03267008],
        [-0.27480739, -0.19743021, -0.090891  , ...,  0.66768731,
          0.03267008,  0.        ]],

       [[ 0.        ,  0.09027442,  0.08546893, ...,  0.56024519,
          0.61732536,  0.7689676 ],
        [-0.09027442,  0.        , -0.00482414, ...,  0.48318095,
          0.54378517,  0.70811652],
        [-0.08546893,  0.00482414,  0.        , ...,  0.48739896,
          0.54782738,  0.71151458],
        ...,
        [-0.56024519, -0.48318095, -0.48739896, ...,  0.        ,
          0.0705978 ,  0.2787986 ],
        [-0.61732536, -0.54378517, -0.54782738, ..., -0.0705978 ,
          0.        ,  0.21030438],
        [-0.7689676 , -0.70811652, -0.71151458, ..., -0.2787986 ,
         -0.21030438,  0.        ]],

       ...,

       [[ 0.        ,  0.04065772, -0.36195181, ..., -0.78823785,
         -0.70432044, -0.11159862],
        [-0.04065772,  0.        , -0.39955352, ..., -0.81260565,
         -0.73260026, -0.15191009],
        [ 0.36195181,  0.39955352,  0.        , ..., -0.51205827,
         -0.39962213,  0.25565894],
        ...,
        [ 0.78823785,  0.81260565,  0.51205827, ...,  0.        ,
          0.12613784,  0.71463949],
        [ 0.70432044,  0.73260026,  0.39962213, ..., -0.12613784,
          0.        ,  0.62069893],
        [ 0.11159862,  0.15191009, -0.25565894, ..., -0.71463949,
         -0.62069893,  0.        ]],

       [[ 0.        ,  0.07868717,  0.07051466, ...,  0.82254306,
          0.8126636 ,  0.84523534],
        [-0.07868717,  0.        , -0.00819528, ...,  0.77524302,
          0.7642902 ,  0.8005646 ],
        [-0.07051466,  0.00819528,  0.        , ...,  0.78039365,
          0.76954944,  0.80544871],
        ...,
        [-0.82254306, -0.77524302, -0.78039365, ...,  0.        ,
         -0.01715897,  0.04112546],
        [-0.8126636 , -0.7642902 , -0.76954944, ...,  0.01715897,
          0.        ,  0.05826386],
        [-0.84523534, -0.8005646 , -0.80544871, ..., -0.04112546,
         -0.05826386,  0.        ]],

       [[ 0.        ,  0.42046989,  0.62292255, ...,  0.33230274,
          0.32598522,  0.39927446],
        [-0.42046989,  0.        ,  0.23625501, ...,  0.69807619,
          0.69327017,  0.74776433],
        [-0.62292255, -0.23625501,  0.        , ...,  0.84747855,
          0.84390819,  0.88346081],
        ...,
        [-0.33230274, -0.69807619, -0.84747855, ...,  0.        ,
          0.00669027, -0.0719192 ],
        [-0.32598522, -0.69327017, -0.84390819, ..., -0.00669027,
          0.        , -0.07859054],
        [-0.39927446, -0.74776433, -0.88346081, ...,  0.0719192 ,
          0.07859054,  0.        ]]]), 'num': array([ 8.78515073e-01,  4.77651654e-01,  4.17131550e-05,  4.69013968e-08,
        1.64019402e-04,  1.74942651e-04,  1.62483321e-04,  7.74313240e-03,
       -6.48567876e-06,  1.60878968e-04,  1.58096954e-04,  1.42852764e-04,
        9.66610273e-07,  1.70421634e-04,  1.45772273e-04])}
{'img': array([[[ 0.        , -0.38268988, -0.63214363, ...,  0.55290121,
          0.99833818,  0.70252977],
        [ 0.38268988,  0.        , -0.28749515, ...,  0.82968776,
          0.94439486,  0.92139392],
        [ 0.63214363,  0.28749515,  0.        , ...,  0.95514785,
          0.80999218,  0.99422383],
        ...,
        [-0.55290121, -0.82968776, -0.95514785, ...,  0.        ,
          0.8       ,  0.19190614],
        [-0.99833818, -0.94439486, -0.80999218, ..., -0.8       ,
          0.        , -0.66998694],
        [-0.70252977, -0.92139392, -0.99422383, ..., -0.19190614,
          0.66998694,  0.        ]],

       [[ 0.        ,  0.10751103,  0.00920324, ...,  0.22935185,
          0.19743021,  0.0841317 ],
        [-0.10751103,  0.        , -0.09835658, ...,  0.12337733,
          0.090891  , -0.0234858 ],
        [-0.00920324,  0.09835658,  0.        , ...,  0.22038422,
          0.18839976,  0.07495753],
        ...,
        [-0.22935185, -0.12337733, -0.22038422, ...,  0.        ,
         -0.03267008, -0.14664966],
        [-0.19743021, -0.090891  , -0.18839976, ...,  0.03267008,
          0.        , -0.11425452],
        [-0.0841317 ,  0.0234858 , -0.07495753, ...,  0.14664966,
          0.11425452,  0.        ]],

       [[ 0.        , -0.00482414, -0.13721242, ...,  0.54378517,
          0.70811652,  0.81643299],
        [ 0.00482414,  0.        , -0.13243231, ...,  0.54782738,
          0.71151458,  0.81920914],
        [ 0.13721242,  0.13243231,  0.        , ...,  0.65379388,
          0.79830399,  0.88794284],
        ...,
        [-0.54378517, -0.54782738, -0.65379388, ...,  0.        ,
          0.21030438,  0.37116712],
        [-0.70811652, -0.71151458, -0.79830399, ..., -0.21030438,
          0.        ,  0.16758481],
        [-0.81643299, -0.81920914, -0.88794284, ..., -0.37116712,
         -0.16758481,  0.        ]],

       ...,

       [[ 0.        , -0.39955352, -0.53594602, ..., -0.73260026,
         -0.15191009, -0.51442256],
        [ 0.39955352,  0.        , -0.15398304, ..., -0.39962213,
          0.25565894, -0.12894438],
        [ 0.53594602,  0.15398304,  0.        , ..., -0.25370286,
          0.40147556,  0.02529104],
        ...,
        [ 0.73260026,  0.39962213,  0.25370286, ...,  0.        ,
          0.62069893,  0.27808528],
        [ 0.15191009, -0.25565894, -0.40147556, ..., -0.62069893,
          0.        , -0.37818384],
        [ 0.51442256,  0.12894438, -0.02529104, ..., -0.27808528,
          0.37818384,  0.        ]],

       [[ 0.        , -0.00819528, -0.04054504, ...,  0.7642902 ,
          0.8005646 ,  0.80717221],
        [ 0.00819528,  0.        , -0.03235513, ...,  0.76954944,
          0.80544871,  0.81198292],
        [ 0.04054504,  0.03235513,  0.        , ...,  0.78980811,
          0.82420277,  0.83044287],
        ...,
        [-0.7642902 , -0.76954944, -0.78980811, ...,  0.        ,
          0.05826386,  0.06935038],
        [-0.8005646 , -0.80544871, -0.82420277, ..., -0.05826386,
          0.        ,  0.01110898],
        [-0.80717221, -0.81198292, -0.83044287, ..., -0.06935038,
         -0.01110898,  0.        ]],

       [[ 0.        ,  0.37254695,  0.54014865, ...,  0.47817695,
          0.54713861,  0.552485  ],
        [-0.37254695,  0.        ,  0.18774096, ...,  0.77094899,
          0.81958938,  0.82323984],
        [-0.54014865, -0.18774096,  0.        , ...,  0.87681205,
          0.91258235,  0.91518083],
        ...,
        [-0.47817695, -0.77094899, -0.87681205, ...,  0.        ,
         -0.08027768, -0.086656  ],
        [-0.54713861, -0.81958938, -0.91258235, ...,  0.08027768,
          0.        , -0.00640063],
        [-0.552485  , -0.82323984, -0.91518083, ...,  0.086656  ,
          0.00640063,  0.        ]]]), 'num': array([8.85537694e-01, 4.64344901e-01, 4.28041456e-05, 1.57669409e-08,
       1.67405721e-04, 1.77783514e-04, 1.65364187e-04, 1.43733803e-02,
       3.91293859e-06, 1.63901089e-04, 1.57538310e-04, 1.42745701e-04,
       1.01045582e-06, 1.69650165e-04, 1.45426456e-04])}
{'img': array([[[ 0.        , -0.28749515, -0.2086724 , ...,  0.94439486,
          0.92139392,  0.99282625],
        [ 0.28749515,  0.        ,  0.08130342, ...,  0.80999218,
          0.99422383,  0.98528585],
        [ 0.2086724 , -0.08130342,  0.        , ...,  0.85499025,
          0.98220633,  0.9959199 ],
        ...,
        [-0.94439486, -0.80999218, -0.85499025, ...,  0.        ,
         -0.66998694, -0.43937225],
        [-0.92139392, -0.99422383, -0.98220633, ...,  0.66998694,
          0.        ,  0.27567463],
