state_0,state_1,state_2,state_3,state_4,state_5,state_6,state_7,state_8,state_9,state_10,state_11,state_12,state_13,state_14,state_15,state_16,state_17,state_18,state_19,state_20,state_21,state_22,state_23,state_24,state_25,state_26,state_27,state_28,state_29,state_30,state_31,state_32,state_33,state_34,state_35,state_36,state_37,state_38,state_39,state_40,state_41,state_42,state_43,state_44,state_45,state_46,state_47,state_48,state_49,state_50,state_51,state_52,state_53,state_54,state_55,state_56,state_57,state_58,state_59,state_60,state_61,state_62,state_63,state_64,state_65,state_66,state_67,state_68,state_69,state_70,state_71,state_72,state_73,state_74,state_75,state_76,state_77,state_78,state_79,state_80,state_81,state_82,state_83,state_84,state_85,state_86,state_87,state_88,state_89,state_90,state_91,state_92,state_93,state_94,state_95,state_96,state_97,state_98,state_99,state_100,state_101,state_102,state_103,state_104,state_105,state_106,state_107,state_108,state_109,state_110,state_111,state_112,state_113,state_114,state_115,state_116,state_117,state_118,state_119,state_120,state_121,state_122,state_123,state_124,state_125,state_126,state_127,state_128,state_129,state_130,state_131,state_132,state_133,state_134,state_135,state_136,state_137,state_138,state_139,state_140,state_141,state_142,state_143,state_144,state_145,state_146,state_147,state_148,state_149,state_150,state_151,state_152,state_153,state_154,state_155,state_156,state_157,state_158,state_159,state_160,state_161,state_162,state_163,state_164,state_165,state_166,state_167,state_168,state_169,state_170,state_171,state_172,state_173,state_174,state_175,state_176,state_177,state_178,state_179,state_180,state_181,state_182,state_183,state_184,state_185,state_186,state_187,state_188,state_189,state_190,state_191,state_192,state_193,state_194,state_195,state_196,state_197,state_198,state_199,state_200,state_201,state_202,state_203,state_204,state_205,state_206,state_207,state_208,state_209,state_210,state_211,state_212,state_213,state_214,state_215,state_216,state_217,state_218,state_219,state_220,state_221,state_222,state_223,state_224,state_225,state_226,state_227,state_228,state_229,state_230,state_231,state_232,state_233,state_234,state_235,state_236,state_237,state_238,state_239,state_240,state_241,state_242,state_243,state_244,state_245,state_246,state_247,state_248,state_249,state_250,state_251,state_252,state_253,state_254,state_255,state_256,state_257,state_258,state_259,state_260,state_261,state_262,state_263,state_264,state_265,state_266,state_267,state_268,state_269,state_270,state_271,state_272,state_273,state_274,state_275,state_276,state_277,state_278,state_279,state_280,state_281,state_282,state_283,state_284,state_285,state_286,state_287
{'img': array([[[ 0.        ,  0.        , -0.89239901, ..., -0.86624371,
         -0.86624371, -0.91662833],
        [ 0.        ,  0.        , -0.89239901, ..., -0.86624371,
         -0.86624371, -0.91662833],
        [ 0.89239901,  0.89239901,  0.        , ...,  0.05497188,
          0.05497188, -0.05689787],
        ...,
        [ 0.86624371,  0.86624371, -0.05497188, ...,  0.        ,
          0.        , -0.11169466],
        [ 0.86624371,  0.86624371, -0.05497188, ...,  0.        ,
          0.        , -0.11169466],
        [ 0.91662833,  0.91662833,  0.05689787, ...,  0.11169466,
          0.11169466,  0.        ]],

       [[ 0.        , -0.3597305 ,  0.95399134, ..., -0.15024133,
         -0.11279075, -0.25028964],
        [ 0.3597305 ,  0.        ,  0.99798708, ...,  0.21546371,
          0.25219486,  0.11474633],
        [-0.95399134, -0.99798708,  0.        , ..., -0.9882104 ,
         -0.98172222, -0.99867214],
        ...,
        [ 0.15024133, -0.21546371,  0.9882104 , ...,  0.        ,
          0.03777211, -0.10198939],
        [ 0.11279075, -0.25219486,  0.98172222, ..., -0.03777211,
          0.        , -0.13949175],
        [ 0.25028964, -0.11474633,  0.99867214, ...,  0.10198939,
          0.13949175,  0.        ]],

       [[ 0.        ,  0.09952905, -0.10866715, ..., -0.93783618,
         -0.93137199, -0.93783618],
        [-0.09952905,  0.        , -0.20706724, ..., -0.96772386,
         -0.96298285, -0.96772386],
        [ 0.10866715,  0.20706724,  0.        , ..., -0.89456649,
         -0.88629425, -0.89456649],
        ...,
        [ 0.93783618,  0.96772386,  0.89456649, ...,  0.        ,
          0.01817809,  0.        ],
        [ 0.93137199,  0.96298285,  0.88629425, ..., -0.01817809,
          0.        , -0.01817809],
        [ 0.93783618,  0.96772386,  0.89456649, ...,  0.        ,
          0.01817809,  0.        ]],

       ...,

       [[ 0.        ,  0.        , -0.91889691, ..., -0.49684655,
         -0.18234283, -0.59097082],
        [ 0.        ,  0.        , -0.91889691, ..., -0.49684655,
         -0.18234283, -0.59097082],
        [ 0.91889691,  0.91889691,  0.        , ...,  0.6014492 ,
          0.83155779,  0.508131  ],
        ...,
        [ 0.49684655,  0.49684655, -0.6014492 , ...,  0.        ,
          0.33027281, -0.11206458],
        [ 0.18234283,  0.18234283, -0.83155779, ..., -0.33027281,
          0.        , -0.43396853],
        [ 0.59097082,  0.59097082, -0.508131  , ...,  0.11206458,
          0.43396853,  0.        ]],

       [[ 0.        , -0.35260676, -0.3842947 , ..., -0.87895099,
         -0.73437139, -0.79693405],
        [ 0.35260676,  0.        , -0.0340818 , ..., -0.9906598 ,
         -0.92653497, -0.95874611],
        [ 0.3842947 ,  0.0340818 ,  0.        , ..., -0.99473156,
         -0.93881857, -0.96787735],
        ...,
        [ 0.87895099,  0.9906598 ,  0.99473156, ...,  0.        ,
         -0.24635551, -0.1508772 ],
        [ 0.73437139,  0.92653497,  0.93881857, ...,  0.24635551,
          0.        ,  0.09730826],
        [ 0.79693405,  0.95874611,  0.96787735, ...,  0.1508772 ,
         -0.09730826,  0.        ]],

       [[ 0.        ,  0.74071702,  0.79323169, ..., -0.04536079,
         -0.07232403, -0.10957364],
        [-0.74071702,  0.        ,  0.08186929, ..., -0.77042874,
         -0.78736575, -0.80987038],
        [-0.79323169, -0.08186929,  0.        , ..., -0.82003628,
         -0.83519391, -0.85517696],
        ...,
        [ 0.04536079,  0.77042874,  0.82003628, ...,  0.        ,
         -0.02700759, -0.0643732 ],
        [ 0.07232403,  0.78736575,  0.83519391, ...,  0.02700759,
          0.        , -0.03739815],
        [ 0.10957364,  0.80987038,  0.85517696, ...,  0.0643732 ,
          0.03739815,  0.        ]]]), 'num': array([7.07106732e-01, 7.07106732e-01, 0.00000000e+00, 0.00000000e+00,
       1.25055994e-04, 1.27757821e-04, 1.25055994e-04, 1.11353871e-04,
       7.71950581e-07, 1.24670019e-04, 1.26040231e-04, 1.28336784e-04,
       2.28726098e-07, 1.29556421e-04, 1.22524041e-04])}
{'img': array([[[ 0.        , -0.89239901, -0.86624371, ..., -0.86624371,
         -0.91662833, -0.86624371],
        [ 0.89239901,  0.        ,  0.05497188, ...,  0.05497188,
         -0.05689787,  0.05497188],
        [ 0.86624371, -0.05497188,  0.        , ...,  0.        ,
         -0.11169466,  0.        ],
        ...,
        [ 0.86624371, -0.05497188,  0.        , ...,  0.        ,
         -0.11169466,  0.        ],
        [ 0.91662833,  0.05689787,  0.11169466, ...,  0.11169466,
          0.        ,  0.11169466],
        [ 0.86624371, -0.05497188,  0.        , ...,  0.        ,
         -0.11169466,  0.        ]],

       [[ 0.        ,  0.99798708,  0.40258701, ...,  0.25219486,
          0.11474633,  0.28162102],
        [-0.99798708,  0.        , -0.93907025, ..., -0.98172222,
         -0.99867214, -0.97545401],
        [-0.40258701,  0.93907025,  0.        , ..., -0.15871942,
         -0.29489117, -0.12850186],
        ...,
        [-0.25219486,  0.98172222,  0.15871942, ...,  0.        ,
         -0.13949175,  0.03053058],
        [-0.11474633,  0.99867214,  0.29489117, ...,  0.13949175,
          0.        ,  0.16965881],
        [-0.28162102,  0.97545401,  0.12850186, ..., -0.03053058,
         -0.16965881,  0.        ]],

       [[ 0.        , -0.20706724, -0.40494067, ..., -0.96298285,
         -0.96772386, -0.95283699],
        [ 0.20706724,  0.        , -0.2068338 , ..., -0.88629425,
         -0.89456649, -0.86934458],
        [ 0.40494067,  0.2068338 ,  0.        , ..., -0.7713397 ,
         -0.78278122, -0.74832736],
        ...,
        [ 0.96298285,  0.88629425,  0.7713397 , ...,  0.        ,
         -0.01817809,  0.03539923],
        [ 0.96772386,  0.89456649,  0.78278122, ...,  0.01817809,
          0.        ,  0.05356008],
        [ 0.95283699,  0.86934458,  0.74832736, ..., -0.03539923,
         -0.05356008,  0.        ]],

       ...,

       [[ 0.        , -0.91889691, -0.77120321, ..., -0.18234283,
         -0.59097082, -0.70064313],
        [ 0.91889691,  0.        ,  0.28072178, ...,  0.83155779,
          0.508131  ,  0.37924174],
        [ 0.77120321, -0.28072178,  0.        , ...,  0.64219656,
          0.24591864,  0.10424092],
        ...,
        [ 0.18234283, -0.83155779, -0.64219656, ...,  0.        ,
         -0.43396853, -0.55879308],
        [ 0.59097082, -0.508131  , -0.24591864, ...,  0.43396853,
          0.        , -0.14353916],
        [ 0.70064313, -0.37924174, -0.10424092, ...,  0.55879308,
          0.14353916,  0.        ]],

       [[ 0.        , -0.0340818 , -0.01962627, ..., -0.92653497,
         -0.95874611, -0.95143895],
        [ 0.0340818 ,  0.        ,  0.01446037, ..., -0.93881857,
         -0.96787735, -0.96137787],
        [ 0.01962627, -0.01446037,  0.        , ..., -0.93374008,
         -0.96414048, -0.95729739],
        ...,
        [ 0.92653497,  0.93881857,  0.93374008, ...,  0.        ,
          0.09730826,  0.07271736],
        [ 0.95874611,  0.96787735,  0.96414048, ..., -0.09730826,
          0.        , -0.02467838],
        [ 0.95143895,  0.96137787,  0.95729739, ..., -0.07271736,
          0.02467838,  0.        ]],

       [[ 0.        ,  0.08186929,  0.04448151, ..., -0.78736575,
         -0.80987038, -0.82003532],
        [-0.08186929,  0.        , -0.03745607, ..., -0.83519391,
         -0.85517696, -0.86413738],
        [-0.04448151,  0.03745607,  0.        , ..., -0.81400866,
         -0.83516203, -0.844681  ],
        ...,
        [ 0.78736575,  0.83519391,  0.81400866, ...,  0.        ,
         -0.03739815, -0.05492084],
        [ 0.80987038,  0.85517696,  0.83516203, ...,  0.03739815,
          0.        , -0.01754071],
        [ 0.82003532,  0.86413738,  0.844681  , ...,  0.05492084,
          0.01754071,  0.        ]]]), 'num': array([ 9.99999866e-01,  9.14338855e-05,  6.15328280e-05, -1.54481248e-10,
        1.76881029e-04,  1.79058026e-04,  1.76336779e-04,  4.67836714e-05,
        5.44249319e-07,  1.76227929e-04,  1.77588553e-04,  1.80781482e-04,
        4.45294897e-07,  1.82481956e-04,  1.72695149e-04])}
{'img': array([[[ 0.        ,  0.05497188, -0.05689787, ..., -0.05689787,
          0.05497188,  0.10819372],
        [-0.05497188,  0.        , -0.11169466, ..., -0.11169466,
          0.        ,  0.05338093],
        [ 0.05689787,  0.11169466,  0.        , ...,  0.        ,
          0.11169466,  0.16458231],
        ...,
        [ 0.05689787,  0.11169466,  0.        , ...,  0.        ,
          0.11169466,  0.16458231],
        [-0.05497188,  0.        , -0.11169466, ..., -0.11169466,
          0.        ,  0.05338093],
        [-0.10819372, -0.05338093, -0.16458231, ..., -0.16458231,
         -0.05338093,  0.        ]],

       [[ 0.        , -0.93907025, -0.93665353, ..., -0.99867214,
         -0.97545401, -0.99864953],
        [ 0.93907025,  0.        ,  0.0069647 , ..., -0.29489117,
         -0.12850186, -0.39204861],
        [ 0.93665353, -0.0069647 ,  0.        , ..., -0.301539  ,
         -0.13540571, -0.39844624],
        ...,
        [ 0.99867214,  0.29489117,  0.301539  , ...,  0.        ,
          0.16965881, -0.10333103],
        [ 0.97545401,  0.12850186,  0.13540571, ..., -0.16965881,
          0.        , -0.27058365],
        [ 0.99864953,  0.39204861,  0.39844624, ...,  0.10333103,
          0.27058365,  0.        ]],

       [[ 0.        , -0.2068338 , -0.41263188, ..., -0.89456649,
         -0.86934458, -0.83399928],
        [ 0.2068338 ,  0.        , -0.21530469, ..., -0.78278122,
         -0.74832736, -0.70184119],
        [ 0.41263188,  0.21530469,  0.        , ..., -0.63043912,
         -0.5879588 , -0.53201212],
        ...,
        [ 0.89456649,  0.78278122,  0.63043912, ...,  0.        ,
          0.05356008,  0.12084758],
        [ 0.86934458,  0.74832736,  0.5879588 , ..., -0.05356008,
          0.        ,  0.06750657],
        [ 0.83399928,  0.70184119,  0.53201212, ..., -0.12084758,
         -0.06750657,  0.        ]],

       ...,

       [[ 0.        ,  0.28072178,  0.24403326, ...,  0.508131  ,
          0.37924174,  0.81950045],
        [-0.28072178,  0.        , -0.0380142 , ...,  0.24591864,
          0.10424092,  0.62567204],
        [-0.24403326,  0.0380142 ,  0.        , ...,  0.28258769,
          0.14197267,  0.65487416],
        ...,
        [-0.508131  , -0.24591864, -0.28258769, ...,  0.        ,
         -0.14353916,  0.41462021],
        [-0.37924174, -0.10424092, -0.14197267, ...,  0.14353916,
          0.        ,  0.54094652],
        [-0.81950045, -0.62567204, -0.65487416, ..., -0.41462021,
         -0.54094652,  0.        ]],

       [[ 0.        ,  0.01433569,  0.11069546, ..., -0.99250872,
         -0.99137038, -0.93597744],
        [-0.01433569,  0.        ,  0.0964365 , ..., -0.99065528,
         -0.98938923, -0.93083423],
        [-0.11069546, -0.0964365 ,  0.        , ..., -0.97288505,
         -0.97076664, -0.89125382],
        ...,
        [ 0.99250872,  0.99065528,  0.97288505, ...,  0.        ,
         -0.00898917, -0.2350707 ],
        [ 0.99137038,  0.98938923,  0.97076664, ...,  0.00898917,
          0.        , -0.22632392],
        [ 0.93597744,  0.93083423,  0.89125382, ...,  0.2350707 ,
          0.22632392,  0.        ]],

       [[ 0.        , -0.03745607, -0.39313724, ..., -0.85517696,
         -0.86413738, -0.87088535],
        [ 0.03745607,  0.        , -0.35842127, ..., -0.83516203,
         -0.844681  , -0.85186509],
        [ 0.39313724,  0.35842127,  0.        , ..., -0.5825407 ,
         -0.59670819, -0.60753995],
        ...,
        [ 0.85517696,  0.83516203,  0.5825407 , ...,  0.        ,
         -0.01754071, -0.03110366],
        [ 0.86413738,  0.844681  ,  0.59670819, ...,  0.01754071,
          0.        , -0.01356665],
        [ 0.87088535,  0.85186509,  0.60753995, ...,  0.03110366,
          0.01356665,  0.        ]]]), 'num': array([9.99999852e-01, 9.05976725e-05, 6.09700765e-05, 3.17496896e-09,
       1.76881170e-04, 1.77420442e-04, 1.75263355e-04, 1.85779156e-04,
       1.61781558e-06, 1.75047646e-04, 1.75775663e-04, 1.79173076e-04,
       6.81185507e-07, 1.80149753e-04, 1.71401573e-04])}
{'img': array([[[ 0.        , -0.11169466, -0.69227316, ...,  0.        ,
          0.05338093,  0.20509979],
        [ 0.11169466,  0.        , -0.60733848, ...,  0.11169466,
          0.16458231,  0.31313654],
        [ 0.69227316,  0.60733848,  0.        , ...,  0.69227316,
          0.72980771,  0.82556347],
        ...,
        [ 0.        , -0.11169466, -0.69227316, ...,  0.        ,
          0.05338093,  0.20509979],
        [-0.05338093, -0.16458231, -0.72980771, ..., -0.05338093,
          0.        ,  0.15256125],
        [-0.20509979, -0.31313654, -0.82556347, ..., -0.20509979,
         -0.15256125,  0.        ]],

       [[ 0.        ,  0.0069647 ,  0.22115907, ..., -0.12850186,
         -0.39204861, -0.0762848 ],
        [-0.0069647 ,  0.        ,  0.21436146, ..., -0.13540571,
         -0.39844624, -0.08322736],
        [-0.22115907, -0.21436146,  0.        , ..., -0.34464536,
         -0.58579467, -0.29491044],
        ...,
        [ 0.12850186,  0.13540571,  0.34464536, ...,  0.        ,
         -0.27058365,  0.05247507],
        [ 0.39204861,  0.39844624,  0.58579467, ...,  0.27058365,
          0.        ,  0.32072842],
        [ 0.0762848 ,  0.08322736,  0.29491044, ..., -0.05247507,
         -0.32072842,  0.        ]],

       [[ 0.        , -0.21530469, -0.59540752, ..., -0.74832736,
         -0.70184119, -0.65482193],
        [ 0.21530469,  0.        , -0.40846246, ..., -0.5879588 ,
         -0.53201212, -0.47674067],
        [ 0.59540752,  0.40846246,  0.        , ..., -0.20627261,
         -0.13974725, -0.07610055],
        ...,
        [ 0.74832736,  0.5879588 ,  0.20627261, ...,  0.        ,
          0.06750657,  0.13121047],
        [ 0.70184119,  0.53201212,  0.13974725, ..., -0.06750657,
          0.        ,  0.06398821],
        [ 0.65482193,  0.47674067,  0.07610055, ..., -0.13121047,
         -0.06398821,  0.        ]],

       ...,

       [[ 0.        , -0.0380142 , -0.66209496, ...,  0.10424092,
          0.62567204,  0.96858857],
        [ 0.0380142 ,  0.        , -0.63312779, ...,  0.14197267,
          0.65487416,  0.95843553],
        [ 0.66209496,  0.63312779,  0.        , ...,  0.73660814,
          0.98538226,  0.56123723],
        ...,
        [-0.10424092, -0.14197267, -0.73660814, ...,  0.        ,
          0.54094652,  0.98923324],
        [-0.62567204, -0.65487416, -0.98538226, ..., -0.54094652,
          0.        ,  0.91116772],
        [-0.96858857, -0.95843553, -0.56123723, ..., -0.98923324,
         -0.91116772,  0.        ]],

       [[ 0.        ,  0.09361369,  0.25462137, ..., -0.99781501,
         -0.99997077, -0.92006669],
        [-0.09361369,  0.        ,  0.16297496, ..., -0.99961823,
         -0.99629526, -0.87935204],
        [-0.25462137, -0.16297496,  0.        , ..., -0.98175061,
         -0.96895938, -0.78999113],
        ...,
        [ 0.99781501,  0.99961823,  0.98175061, ...,  0.        ,
         -0.05843854, -0.45169432],
        [ 0.99997077,  0.99629526,  0.96895938, ...,  0.05843854,
          0.        , -0.3987851 ],
        [ 0.92006669,  0.87935204,  0.78999113, ...,  0.45169432,
          0.3987851 ,  0.        ]],

       [[ 0.        , -0.35842127, -0.75544045, ..., -0.844681  ,
         -0.85186509, -0.82210225],
        [ 0.35842127,  0.        , -0.47040514, ..., -0.59670819,
         -0.60753995, -0.56341822],
        [ 0.75544045,  0.47040514,  0.        , ..., -0.14908498,
         -0.16248629, -0.10855325],
        ...,
        [ 0.844681  ,  0.59670819,  0.14908498, ...,  0.        ,
         -0.01356665,  0.04086388],
        [ 0.85186509,  0.60753995,  0.16248629, ...,  0.01356665,
          0.        ,  0.05441544],
        [ 0.82210225,  0.56341822,  0.10855325, ..., -0.04086388,
         -0.05441544,  0.        ]]]), 'num': array([ 9.99999859e-01,  9.17160603e-05,  6.17227249e-05,  1.33216195e-08,
        1.76880973e-04,  1.79610618e-04,  1.76880973e-04,  1.25825700e-04,
       -2.18371572e-06,  1.77208531e-04,  1.77645274e-04,  1.81384887e-04,
        5.19932315e-07,  1.81465216e-04,  1.73825332e-04])}
{'img': array([[[ 0.        , -0.60733848, -0.82065181, ...,  0.16458231,
          0.31313654,  0.11169466],
        [ 0.60733848,  0.        , -0.30491068, ...,  0.72980771,
          0.82556347,  0.69227316],
        [ 0.82065181,  0.30491068,  0.        , ...,  0.9035079 ,
          0.95831485,  0.87934216],
        ...,
        [-0.16458231, -0.72980771, -0.9035079 , ...,  0.        ,
          0.15256125, -0.05338093],
        [-0.31313654, -0.82556347, -0.95831485, ..., -0.15256125,
          0.        , -0.20509979],
        [-0.11169466, -0.69227316, -0.87934216, ...,  0.05338093,
          0.20509979,  0.        ]],

       [[ 0.        ,  0.21436146,  0.11443834, ..., -0.39844624,
         -0.08322736, -0.19520613],
        [-0.21436146,  0.        , -0.10117503, ..., -0.58579467,
         -0.29491044, -0.40090607],
        [-0.11443834,  0.10117503,  0.        , ..., -0.50079048,
         -0.19672189, -0.3061605 ],
        ...,
        [ 0.39844624,  0.58579467,  0.50079048, ...,  0.        ,
          0.32072842,  0.21173959],
        [ 0.08322736,  0.29491044,  0.19672189, ..., -0.32072842,
          0.        , -0.11290262],
        [ 0.19520613,  0.40090607,  0.3061605 , ..., -0.21173959,
          0.11290262,  0.        ]],

       [[ 0.        , -0.40846246, -0.87037558, ..., -0.53201212,
         -0.47674067, -0.47674067],
        [ 0.40846246,  0.        , -0.59333499, ..., -0.13974725,
         -0.07610055, -0.07610055],
        [ 0.87037558,  0.59333499,  0.        , ...,  0.47502237,
          0.53035683,  0.53035683],
        ...,
        [ 0.53201212,  0.13974725, -0.47502237, ...,  0.        ,
          0.06398821,  0.06398821],
        [ 0.47674067,  0.07610055, -0.53035683, ..., -0.06398821,
          0.        ,  0.        ],
        [ 0.47674067,  0.07610055, -0.53035683, ..., -0.06398821,
          0.        ,  0.        ]],

       ...,

       [[ 0.        , -0.63312779, -0.40483214, ...,  0.65487416,
          0.95843553,  0.85012017],
        [ 0.63312779,  0.        ,  0.26556715, ...,  0.98538226,
          0.56123723,  0.99143117],
        [ 0.40483214, -0.26556715,  0.        , ...,  0.90475806,
          0.7608825 ,  0.9905223 ],
        ...,
        [-0.65487416, -0.98538226, -0.90475806, ...,  0.        ,
          0.91116772,  0.29761872],
        [-0.95843553, -0.56123723, -0.7608825 , ..., -0.91116772,
          0.        , -0.74724846],
        [-0.85012017, -0.99143117, -0.9905223 , ..., -0.29761872,
          0.74724846,  0.        ]],

       [[ 0.        ,  0.15740745,  0.21050928, ..., -0.9959967 ,
         -0.99801337, -0.86370167],
        [-0.15740745,  0.        ,  0.05400478, ..., -0.997651  ,
         -0.97565483, -0.77360065],
        [-0.21050928, -0.05400478,  0.        , ..., -0.99249569,
         -0.96238715, -0.73825033],
        ...,
        [ 0.9959967 ,  0.997651  ,  0.99249569, ...,  0.        ,
         -0.15196268, -0.57919204],
        [ 0.99801337,  0.97565483,  0.96238715, ...,  0.15196268,
          0.        , -0.44858682],
        [ 0.86370167,  0.77360065,  0.73825033, ...,  0.57919204,
          0.44858682,  0.        ]],

       [[ 0.        , -0.47040514, -0.80265087, ..., -0.60753995,
         -0.56341822, -0.51541307],
        [ 0.47040514,  0.        , -0.42772698, ..., -0.16248629,
         -0.10855325, -0.0517167 ],
        [ 0.80265087,  0.42772698,  0.        , ...,  0.27517017,
          0.32707723,  0.38040745],
        ...,
        [ 0.60753995,  0.16248629, -0.27517017, ...,  0.        ,
          0.05441544,  0.11123943],
        [ 0.56341822,  0.10855325, -0.32707723, ..., -0.05441544,
          0.        ,  0.0569969 ],
        [ 0.51541307,  0.0517167 , -0.38040745, ..., -0.11123943,
         -0.0569969 ,  0.        ]]]), 'num': array([ 9.99999859e-01,  9.14338849e-05,  6.15328275e-05, -1.54481247e-10,
        1.76881027e-04,  1.77969526e-04,  1.75248279e-04,  1.31838954e-04,
        5.44249315e-07,  1.76989877e-04,  1.76989877e-04,  1.80854047e-04,
        5.18332681e-07,  1.80690772e-04,  1.73288982e-04])}
{'img': array([[[ 0.00000000e+00, -3.04910678e-01,  3.12298068e-01, ...,
          8.25563471e-01,  6.92273161e-01,  7.29807712e-01],
        [ 3.04910678e-01,  0.00000000e+00,  5.87087048e-01, ...,
          9.58314847e-01,  8.79342158e-01,  9.03507903e-01],
        [-3.12298068e-01, -5.87087048e-01,  0.00000000e+00, ...,
          6.08039530e-01,  4.32283153e-01,  4.79802425e-01],
        ...,
        [-8.25563471e-01, -9.58314847e-01, -6.08039530e-01, ...,
          0.00000000e+00, -2.05099787e-01, -1.52561248e-01],
        [-6.92273161e-01, -8.79342158e-01, -4.32283153e-01, ...,
          2.05099787e-01,  0.00000000e+00,  5.33809338e-02],
        [-7.29807712e-01, -9.03507903e-01, -4.79802425e-01, ...,
          1.52561248e-01, -5.33809338e-02,  0.00000000e+00]],

       [[ 0.00000000e+00, -1.01175029e-01, -1.99615699e-01, ...,
         -2.94910444e-01, -4.00906072e-01, -3.89028066e-01],
        [ 1.01175029e-01,  0.00000000e+00, -9.94525919e-02, ...,
         -1.96721893e-01, -3.06160496e-01, -2.93826766e-01],
        [ 1.99615699e-01,  9.94525919e-02,  0.00000000e+00, ...,
         -9.82373835e-02, -2.09965775e-01, -1.97307437e-01],
        ...,
        [ 2.94910444e-01,  1.96721893e-01,  9.82373835e-02, ...,
          0.00000000e+00, -1.12902625e-01, -1.00046863e-01],
        [ 4.00906072e-01,  3.06160496e-01,  2.09965775e-01, ...,
          1.12902625e-01,  0.00000000e+00,  1.29289918e-02],
        [ 3.89028066e-01,  2.93826766e-01,  1.97307437e-01, ...,
          1.00046863e-01, -1.29289918e-02,  0.00000000e+00]],

       [[ 0.00000000e+00, -5.93334985e-01, -8.56634621e-01, ...,
         -7.61005542e-02, -7.61005542e-02, -3.00129422e-02],
        [ 5.93334985e-01,  0.00000000e+00, -3.83437374e-01, ...,
          5.30356831e-01,  5.30356831e-01,  5.68908606e-01],
        [ 8.56634621e-01,  3.83437374e-01,  0.00000000e+00, ...,
          8.14888438e-01,  8.14888438e-01,  8.40764331e-01],
        ...,
        [ 7.61005542e-02, -5.30356831e-01, -8.14888438e-01, ...,
          0.00000000e+00,  0.00000000e+00,  4.61403626e-02],
        [ 7.61005542e-02, -5.30356831e-01, -8.14888438e-01, ...,
          0.00000000e+00,  0.00000000e+00,  4.61403626e-02],
        [ 3.00129422e-02, -5.68908606e-01, -8.40764331e-01, ...,
         -4.61403626e-02, -4.61403626e-02,  0.00000000e+00]],

       ...,

       [[ 0.00000000e+00,  2.65567149e-01,  7.65289890e-01, ...,
          5.61237229e-01,  9.91431172e-01,  9.91431172e-01],
        [-2.65567149e-01,  0.00000000e+00,  5.66868343e-01, ...,
          7.60882502e-01,  9.90522296e-01,  9.90522296e-01],
        [-7.65289890e-01, -5.66868343e-01,  0.00000000e+00, ...,
          9.94656416e-01,  7.38140068e-01,  7.38140068e-01],
        ...,
        [-5.61237229e-01, -7.60882502e-01, -9.94656416e-01, ...,
          0.00000000e+00, -7.47248457e-01, -7.47248457e-01],
        [-9.91431172e-01, -9.90522296e-01, -7.38140068e-01, ...,
          7.47248457e-01,  0.00000000e+00,  0.00000000e+00],
        [-9.91431172e-01, -9.90522296e-01, -7.38140068e-01, ...,
          7.47248457e-01,  0.00000000e+00,  0.00000000e+00]],

       [[ 0.00000000e+00,  5.35958747e-02,  3.11818758e-03, ...,
         -9.84429988e-01, -8.92488720e-01, -7.69820390e-01],
        [-5.35958747e-02,  0.00000000e+00, -5.04819083e-02, ...,
         -9.73594147e-01, -8.67030478e-01, -7.34505800e-01],
        [-3.11818758e-03,  5.04819083e-02,  0.00000000e+00, ...,
         -9.83877097e-01, -8.91077861e-01, -7.67826432e-01],
        ...,
        [ 9.84429988e-01,  9.73594147e-01,  9.83877097e-01, ...,
          0.00000000e+00, -2.87167449e-01, -4.93006039e-01],
        [ 8.92488720e-01,  8.67030478e-01,  8.91077861e-01, ...,
          2.87167449e-01,  0.00000000e+00, -2.22397706e-01],
        [ 7.69820390e-01,  7.34505800e-01,  7.67826432e-01, ...,
          4.93006039e-01,  2.22397706e-01,  0.00000000e+00]],

       [[ 0.00000000e+00, -4.27726978e-01, -7.09634635e-01, ...,
         -1.08553250e-01, -5.17166998e-02, -5.20033113e-02],
        [ 4.27726978e-01,  0.00000000e+00, -3.40080872e-01, ...,
          3.27077234e-01,  3.80407455e-01,  3.80142018e-01],
        [ 7.09634635e-01,  3.40080872e-01,  0.00000000e+00, ...,
          6.28957798e-01,  6.72246972e-01,  6.72034472e-01],
        ...,
        [ 1.08553250e-01, -3.27077234e-01, -6.28957798e-01, ...,
          0.00000000e+00,  5.69968970e-02,  5.67103635e-02],
        [ 5.17166998e-02, -3.80407455e-01, -6.72246972e-01, ...,
         -5.69968970e-02,  0.00000000e+00, -2.86997701e-04],
        [ 5.20033113e-02, -3.80142018e-01, -6.72034472e-01, ...,
         -5.67103635e-02,  2.86997701e-04,  0.00000000e+00]]]), 'num': array([7.07106734e-01, 7.07106734e-01, 0.00000000e+00, 1.00002219e-09,
       1.25279466e-04, 1.25664941e-04, 1.24123040e-04, 7.89838850e-05,
       0.00000000e+00, 1.25433656e-04, 1.25221645e-04, 1.28164106e-04,
       3.85475281e-07, 1.27550822e-04, 1.22892468e-04])}
{'img': array([[[ 0.00000000e+00,  5.87087048e-01,  9.71241812e-01, ...,
          8.79342158e-01,  9.03507903e-01,  9.03507903e-01],
        [-5.87087048e-01,  0.00000000e+00,  9.26026002e-01, ...,
          4.32283153e-01,  4.79802425e-01,  4.79802425e-01],
        [-9.71241812e-01, -9.26026002e-01,  0.00000000e+00, ...,
         -6.71863281e-01, -6.31367420e-01, -6.31367420e-01],
        ...,
        [-8.79342158e-01, -4.32283153e-01,  6.71863281e-01, ...,
          0.00000000e+00,  5.33809338e-02,  5.33809338e-02],
        [-9.03507903e-01, -4.79802425e-01,  6.31367420e-01, ...,
         -5.33809338e-02,  0.00000000e+00,  0.00000000e+00],
        [-9.03507903e-01, -4.79802425e-01,  6.31367420e-01, ...,
         -5.33809338e-02,  0.00000000e+00,  0.00000000e+00]],

       [[ 0.00000000e+00, -9.94525919e-02,  6.68880956e-01, ...,
         -3.06160496e-01, -2.93826766e-01, -3.34109381e-01],
        [ 9.94525919e-02,  0.00000000e+00,  5.91634819e-01, ...,
         -2.09965775e-01, -1.97307437e-01, -2.38715487e-01],
        [-6.68880956e-01, -5.91634819e-01,  0.00000000e+00, ...,
         -4.09170847e-01, -4.20933807e-01, -3.82076514e-01],
        ...,
        [ 3.06160496e-01,  2.09965775e-01,  4.09170847e-01, ...,
          0.00000000e+00,  1.29289918e-02, -2.94986469e-02],
        [ 2.93826766e-01,  1.97307437e-01,  4.20933807e-01, ...,
         -1.29289918e-02,  0.00000000e+00, -4.24195467e-02],
        [ 3.34109381e-01,  2.38715487e-01,  3.82076514e-01, ...,
          2.94986469e-02,  4.24195467e-02,  0.00000000e+00]],

       [[ 0.00000000e+00, -3.83437374e-01,  2.32816742e-01, ...,
          5.30356831e-01,  5.68908606e-01,  5.81244344e-01],
        [ 3.83437374e-01,  0.00000000e+00,  5.87922586e-01, ...,
          8.14888438e-01,  8.40764331e-01,  8.48832166e-01],
        [-2.32816742e-01, -5.87922586e-01,  0.00000000e+00, ...,
          3.18406855e-01,  3.61806689e-01,  3.75822359e-01],
        ...,
        [-5.30356831e-01, -8.14888438e-01, -3.18406855e-01, ...,
          0.00000000e+00,  4.61403626e-02,  6.11973677e-02],
        [-5.68908606e-01, -8.40764331e-01, -3.61806689e-01, ...,
         -4.61403626e-02,  0.00000000e+00,  1.50783094e-02],
        [-5.81244344e-01, -8.48832166e-01, -3.75822359e-01, ...,
         -6.11973677e-02, -1.50783094e-02,  0.00000000e+00]],

       ...,

       [[ 0.00000000e+00,  7.38972375e-01,  9.49143093e-01, ...,
          9.93395988e-01,  9.93395988e-01,  9.74705987e-01],
        [-7.38972375e-01,  0.00000000e+00,  8.72133386e-01, ...,
          7.54073301e-01,  7.54073301e-01,  8.21847941e-01],
        [-9.49143093e-01, -8.72133386e-01,  0.00000000e+00, ...,
         -2.03864646e-01, -2.03864646e-01, -9.47563650e-02],
        ...,
        [-9.93395988e-01, -7.54073301e-01,  2.03864646e-01, ...,
          0.00000000e+00,  0.00000000e+00,  1.10180961e-01],
        [-9.93395988e-01, -7.54073301e-01,  2.03864646e-01, ...,
          0.00000000e+00,  0.00000000e+00,  1.10180961e-01],
        [-9.74705987e-01, -8.21847941e-01,  9.47563650e-02, ...,
         -1.10180961e-01, -1.10180961e-01,  0.00000000e+00]],

       [[ 0.00000000e+00, -4.94528813e-02, -1.63601186e-01, ...,
         -9.46315734e-01, -9.24441640e-01, -7.24334940e-01],
        [ 4.94528813e-02,  0.00000000e+00, -1.14614433e-01, ...,
         -9.61143212e-01, -9.42168095e-01, -7.57543888e-01],
        [ 1.63601186e-01,  1.14614433e-01,  0.00000000e+00, ...,
         -9.86448668e-01, -9.74371217e-01, -8.27370208e-01],
        ...,
        [ 9.46315734e-01,  9.61143212e-01,  9.86448668e-01, ...,
          0.00000000e+00, -6.20324830e-02, -4.18298977e-01],
        [ 9.24441640e-01,  9.42168095e-01,  9.74371217e-01, ...,
          6.20324830e-02,  0.00000000e+00, -3.61148701e-01],
        [ 7.24334940e-01,  7.57543888e-01,  8.27370208e-01, ...,
          4.18298977e-01,  3.61148701e-01,  0.00000000e+00]],

       [[ 0.00000000e+00, -3.40080872e-01, -2.78935450e-01, ...,
          3.80407455e-01,  3.80142018e-01,  4.17522851e-01],
        [ 3.40080872e-01,  0.00000000e+00,  6.42731776e-02, ...,
          6.72246972e-01,  6.72034472e-01,  7.01656970e-01],
        [ 2.78935450e-01, -6.42731776e-02,  0.00000000e+00, ...,
          6.23273828e-01,  6.23049370e-01,  6.54410585e-01],
        ...,
        [-3.80407455e-01, -6.72246972e-01, -6.23273828e-01, ...,
          0.00000000e+00, -2.86997701e-04,  4.04695813e-02],
        [-3.80142018e-01, -6.72034472e-01, -6.23049370e-01, ...,
          2.86997701e-04,  0.00000000e+00,  4.07563423e-02],
        [-4.17522851e-01, -7.01656970e-01, -6.54410585e-01, ...,
         -4.04695813e-02, -4.07563423e-02,  0.00000000e+00]]]), 'num': array([7.07106728e-01, 7.07106728e-01, 0.00000000e+00, 1.00002218e-09,
       1.25279465e-04, 1.25279465e-04, 1.23352089e-04, 1.55369665e-04,
       0.00000000e+00, 1.25433655e-04, 1.25028906e-04, 1.28241200e-04,
       3.85475277e-07, 1.26517360e-04, 1.23540452e-04])}
{'img': array([[[ 0.        ,  0.98745595,  0.998614  , ...,  0.81536491,
          0.81536491,  0.81536491],
        [-0.98745595,  0.        , -0.20964726, ..., -0.70042685,
         -0.70042685, -0.70042685],
        [-0.998614  ,  0.20964726,  0.        , ..., -0.535231  ,
         -0.535231  , -0.535231  ],
        ...,
        [-0.81536491,  0.70042685,  0.535231  , ...,  0.        ,
          0.        ,  0.        ],
        [-0.81536491,  0.70042685,  0.535231  , ...,  0.        ,
          0.        ,  0.        ],
        [-0.81536491,  0.70042685,  0.535231  , ...,  0.        ,
          0.        ,  0.        ]],

       [[ 0.        ,  0.59163482,  0.19443271, ..., -0.19730744,
         -0.23871549, -0.04805285],
        [-0.59163482,  0.        , -0.73709681, ..., -0.42093381,
         -0.38207651, -0.55221086],
        [-0.19443271,  0.73709681,  0.        , ..., -0.38415248,
         -0.42297138, -0.2413439 ],
        ...,
        [ 0.19730744,  0.42093381,  0.38415248, ...,  0.        ,
         -0.04241955,  0.1499713 ],
        [ 0.23871549,  0.38207651,  0.42297138, ...,  0.04241955,
          0.        ,  0.19177611],
        [ 0.04805285,  0.55221086,  0.2413439 , ..., -0.1499713 ,
         -0.19177611,  0.        ]],

       [[ 0.        ,  0.58792259,  0.76560404, ...,  0.84076433,
          0.84883217,  0.84883217],
        [-0.58792259,  0.        ,  0.24109256, ...,  0.36180669,
          0.37582236,  0.37582236],
        [-0.76560404, -0.24109256,  0.        , ...,  0.12637487,
          0.14131792,  0.14131792],
        ...,
        [-0.84076433, -0.36180669, -0.12637487, ...,  0.        ,
          0.01507831,  0.01507831],
        [-0.84883217, -0.37582236, -0.14131792, ..., -0.01507831,
          0.        ,  0.        ],
        [-0.84883217, -0.37582236, -0.14131792, ..., -0.01507831,
          0.        ,  0.        ]],

       ...,

       [[ 0.        ,  0.87213339,  0.7246644 , ...,  0.7540733 ,
          0.82184794,  0.82184794],
        [-0.87213339,  0.        , -0.24643359, ..., -0.20386465,
         -0.09475636, -0.09475636],
        [-0.7246644 ,  0.24643359,  0.        , ...,  0.04368086,
          0.15349071,  0.15349071],
        ...,
        [-0.7540733 ,  0.20386465, -0.04368086, ...,  0.        ,
          0.11018096,  0.11018096],
        [-0.82184794,  0.09475636, -0.15349071, ..., -0.11018096,
          0.        ,  0.        ],
        [-0.82184794,  0.09475636, -0.15349071, ..., -0.11018096,
          0.        ,  0.        ]],

       [[ 0.        , -0.10922215, -0.18860194, ..., -0.99673269,
         -0.98206999, -0.73413526],
        [ 0.10922215,  0.        , -0.0802116 , ..., -0.99959158,
         -0.99678482, -0.80390539],
        [ 0.18860194,  0.0802116 ,  0.        , ..., -0.9940785 ,
         -1.        , -0.84902152],
        ...,
        [ 0.99673269,  0.99959158,  0.9940785 , ...,  0.        ,
         -0.10857803, -0.61748797],
        [ 0.98206999,  0.99678482,  1.        , ...,  0.10857803,
          0.        , -0.52843199],
        [ 0.73413526,  0.80390539,  0.84902152, ...,  0.61748797,
          0.52843199,  0.        ]],

       [[ 0.        ,  0.06427318,  0.0764335 , ...,  0.67203447,
          0.70165697,  0.8095954 ],
        [-0.06427318,  0.        ,  0.01219031, ...,  0.62304937,
          0.65441059,  0.77019383],
        [-0.0764335 , -0.01219031,  0.        , ...,  0.61346803,
          0.64514439,  0.76236151],
        ...,
        [-0.67203447, -0.62304937, -0.61346803, ...,  0.        ,
          0.04075634,  0.2050451 ],
        [-0.70165697, -0.65441059, -0.64514439, ..., -0.04075634,
          0.        ,  0.16498435],
        [-0.8095954 , -0.77019383, -0.76236151, ..., -0.2050451 ,
         -0.16498435,  0.        ]]]), 'num': array([ 7.07106728e-01,  7.07106728e-01,  0.00000000e+00,  1.00002218e-09,
        1.23737564e-04,  1.24893990e-04,  1.23352089e-04,  1.57451232e-04,
       -1.54190111e-06,  1.24893990e-04,  1.24874716e-04,  1.28266899e-04,
        3.50432070e-07,  1.26220571e-04,  1.23528861e-04])}
{'img': array([[[ 0.        , -0.22716654, -0.6128443 , ..., -0.77164447,
         -0.77164447, -0.96794697],
        [ 0.22716654,  0.        , -0.41731422, ..., -0.60698034,
         -0.60698034, -0.88558695],
        [ 0.6128443 ,  0.41731422,  0.        , ..., -0.21995418,
         -0.21995418, -0.61095654],
        ...,
        [ 0.77164447,  0.60698034,  0.21995418, ...,  0.        ,
          0.        , -0.42186451],
        [ 0.77164447,  0.60698034,  0.21995418, ...,  0.        ,
          0.        , -0.42186451],
        [ 0.96794697,  0.88558695,  0.61095654, ...,  0.42186451,
          0.42186451,  0.        ]],

       [[ 0.        , -0.73709681, -0.6424665 , ..., -0.38207651,
         -0.55221086, -0.55591327],
        [ 0.73709681,  0.        , -0.13067682, ..., -0.42297138,
         -0.2413439 , -0.23702552],
        [ 0.6424665 ,  0.13067682,  0.        , ..., -0.30093252,
         -0.11246041, -0.10804006],
        ...,
        [ 0.38207651,  0.42297138,  0.30093252, ...,  0.        ,
          0.19177611,  0.19613911],
        [ 0.55221086,  0.2413439 ,  0.11246041, ..., -0.19177611,
          0.        ,  0.00444745],
        [ 0.55591327,  0.23702552,  0.10804006, ..., -0.19613911,
         -0.00444745,  0.        ]],

       [[ 0.        ,  0.57677733,  0.78482432, ...,  0.72367507,
          0.72367507,  0.6147367 ],
        [-0.57677733,  0.        ,  0.28368462, ...,  0.19311359,
          0.19311359,  0.04725631],
        [-0.78482432, -0.28368462,  0.        , ..., -0.09316463,
         -0.09316463, -0.23805278],
        ...,
        [-0.72367507, -0.19311359,  0.09316463, ...,  0.        ,
          0.        , -0.14653107],
        [-0.72367507, -0.19311359,  0.09316463, ...,  0.        ,
          0.        , -0.14653107],
        [-0.6147367 , -0.04725631,  0.23805278, ...,  0.14653107,
          0.14653107,  0.        ]],

       ...,

       [[ 0.        , -0.24643359, -0.37307708, ..., -0.09475636,
         -0.09475636, -0.29974409],
        [ 0.24643359,  0.        , -0.1329301 , ...,  0.15349071,
          0.15349071, -0.0553974 ],
        [ 0.37307708,  0.1329301 ,  0.        , ...,  0.28348343,
          0.28348343,  0.0778202 ],
        ...,
        [ 0.09475636, -0.15349071, -0.28348343, ...,  0.        ,
          0.        , -0.20799595],
        [ 0.09475636, -0.15349071, -0.28348343, ...,  0.        ,
          0.        , -0.20799595],
        [ 0.29974409,  0.0553974 , -0.0778202 , ...,  0.20799595,
          0.20799595,  0.        ]],

       [[ 0.        , -0.07912272, -0.16231781, ..., -0.99978777,
         -0.93754654, -0.79747001],
        [ 0.07912272,  0.        , -0.08373549, ..., -0.99828334,
         -0.96213084, -0.84270922],
        [ 0.16231781,  0.08373549,  0.        , ..., -0.98987305,
         -0.98157715, -0.88483023],
        ...,
        [ 0.99978777,  0.99828334,  0.98987305, ...,  0.        ,
         -0.32847149, -0.58680173],
