state_0,state_1,state_2,state_3,state_4,state_5,state_6,state_7,state_8,state_9,state_10,state_11,state_12,state_13,state_14,state_15,state_16,state_17,state_18,state_19,state_20,state_21,state_22,state_23,state_24,state_25,state_26,state_27,state_28,state_29,state_30,state_31,state_32,state_33,state_34,state_35,state_36,state_37,state_38,state_39,state_40,state_41,state_42,state_43,state_44,state_45,state_46,state_47,state_48,state_49,state_50,state_51,state_52,state_53,state_54,state_55,state_56,state_57,state_58,state_59,state_60,state_61,state_62,state_63,state_64,state_65,state_66,state_67,state_68,state_69,state_70,state_71,state_72,state_73,state_74,state_75,state_76,state_77,state_78,state_79,state_80,state_81,state_82,state_83,state_84,state_85,state_86,state_87,state_88,state_89,state_90,state_91,state_92,state_93,state_94,state_95,state_96,state_97,state_98,state_99,state_100,state_101,state_102,state_103,state_104,state_105,state_106,state_107,state_108,state_109,state_110,state_111,state_112,state_113,state_114,state_115,state_116,state_117,state_118,state_119,state_120,state_121,state_122,state_123,state_124,state_125,state_126,state_127,state_128,state_129,state_130,state_131,state_132,state_133,state_134,state_135,state_136,state_137,state_138,state_139,state_140,state_141,state_142,state_143,state_144,state_145,state_146,state_147,state_148,state_149,state_150,state_151,state_152,state_153,state_154,state_155,state_156,state_157,state_158,state_159,state_160,state_161,state_162,state_163,state_164,state_165,state_166,state_167,state_168,state_169,state_170,state_171,state_172,state_173,state_174,state_175,state_176,state_177,state_178,state_179,state_180,state_181,state_182,state_183,state_184,state_185,state_186,state_187,state_188,state_189,state_190,state_191,state_192,state_193,state_194,state_195,state_196,state_197,state_198,state_199,state_200,state_201,state_202,state_203,state_204,state_205,state_206,state_207,state_208,state_209,state_210,state_211,state_212,state_213,state_214,state_215,state_216,state_217,state_218,state_219,state_220,state_221,state_222,state_223,state_224,state_225,state_226,state_227,state_228,state_229,state_230,state_231,state_232,state_233,state_234,state_235,state_236,state_237,state_238,state_239,state_240,state_241,state_242,state_243,state_244,state_245,state_246,state_247,state_248,state_249,state_250,state_251,state_252,state_253,state_254,state_255,state_256,state_257,state_258,state_259,state_260,state_261,state_262,state_263,state_264,state_265,state_266,state_267,state_268,state_269,state_270,state_271,state_272,state_273,state_274,state_275,state_276,state_277,state_278,state_279,state_280,state_281,state_282,state_283,state_284,state_285,state_286,state_287
{'img': array([[[ 0.        ,  0.39925503, -0.35590256, ...,  0.26003345,
          0.352     ,  0.08437336],
        [-0.39925503,  0.        , -0.69941871, ..., -0.14711145,
         -0.05097505, -0.32047451],
        [ 0.35590256,  0.69941871,  0.        , ...,  0.58666663,
          0.66207692,  0.43348234],
        ...,
        [-0.26003345,  0.14711145, -0.58666663, ...,  0.        ,
          0.09649976, -0.17763534],
        [-0.352     ,  0.05097505, -0.66207692, ..., -0.09649976,
          0.        , -0.27177138],
        [-0.08437336,  0.32047451, -0.43348234, ...,  0.17763534,
          0.27177138,  0.        ]],

       [[ 0.        , -0.2897825 ,  0.1164415 , ..., -0.96942262,
         -0.88201432, -0.25415854],
        [ 0.2897825 ,  0.        ,  0.39925656, ..., -0.85671533,
         -0.98072137,  0.03701354],
        [-0.1164415 , -0.39925656,  0.        , ..., -0.99140259,
         -0.82114459, -0.3650475 ],
        ...,
        [ 0.96942262,  0.85671533,  0.99140259, ...,  0.        ,
         -0.67325769,  0.87521948],
        [ 0.88201432,  0.98072137,  0.82114459, ...,  0.67325769,
          0.        ,  0.97281648],
        [ 0.25415854, -0.03701354,  0.3650475 , ..., -0.87521948,
         -0.97281648,  0.        ]],

       [[ 0.        , -0.59130009, -0.81742371, ..., -0.80411776,
         -0.78292205, -0.79015798],
        [ 0.59130009,  0.        , -0.31860202, ..., -0.29697187,
         -0.26352925, -0.27481445],
        [ 0.81742371,  0.31860202,  0.        , ...,  0.02273244,
          0.05754353,  0.0458415 ],
        ...,
        [ 0.80411776,  0.29697187, -0.02273244, ...,  0.        ,
          0.03483388,  0.02312111],
        [ 0.78292205,  0.26352925, -0.05754353, ..., -0.03483388,
          0.        , -0.01171749],
        [ 0.79015798,  0.27481445, -0.0458415 , ..., -0.02312111,
          0.01171749,  0.        ]],

       ...,

       [[ 0.        ,  0.01442451, -0.50325877, ...,  0.17634362,
          0.12140647,  0.16356422],
        [-0.01442451,  0.        , -0.51567115, ...,  0.16212681,
          0.10707603,  0.14931695],
        [ 0.50325877,  0.51567115,  0.        , ...,  0.64775686,
          0.60444778,  0.63782292],
        ...,
        [-0.17634362, -0.16212681, -0.64775686, ...,  0.        ,
         -0.05553531, -0.01296779],
        [-0.12140647, -0.10707603, -0.60444778, ...,  0.05553531,
          0.        ,  0.04258286],
        [-0.16356422, -0.14931695, -0.63782292, ...,  0.01296779,
         -0.04258286,  0.        ]],

       [[ 0.        , -0.02574623,  0.0434766 , ..., -0.8700054 ,
         -0.90819103, -0.9290556 ],
        [ 0.02574623,  0.        ,  0.06918407, ..., -0.85702303,
         -0.89711374, -0.91922307],
        [-0.0434766 , -0.06918407,  0.        , ..., -0.89061856,
         -0.92552967, -0.94426087],
        ...,
        [ 0.8700054 ,  0.85702303,  0.89061856, ...,  0.        ,
         -0.08363059, -0.13621371],
        [ 0.90819103,  0.89711374,  0.92552967, ...,  0.08363059,
          0.        , -0.05288543],
        [ 0.9290556 ,  0.91922307,  0.94426087, ...,  0.13621371,
          0.05288543,  0.        ]],

       [[ 0.        ,  0.39640674, -0.09119839, ..., -0.9925214 ,
         -0.89026928, -0.77842093],
        [-0.39640674,  0.        , -0.47848177, ..., -0.95959875,
         -0.99787128, -0.96349022],
        [ 0.09119839,  0.47848177,  0.        , ..., -0.97725266,
         -0.84502441, -0.71792794],
        ...,
        [ 0.9925214 ,  0.95959875,  0.97725266, ...,  0.        ,
          0.34335268,  0.5280256 ],
        [ 0.89026928,  0.99787128,  0.84502441, ..., -0.34335268,
          0.        ,  0.20434024],
        [ 0.77842093,  0.96349022,  0.71792794, ..., -0.5280256 ,
         -0.20434024,  0.        ]]]), 'num': array([ 7.07055397e-01,  7.07055397e-01,  0.00000000e+00,  0.00000000e+00,
        4.23017172e-03,  4.27360264e-03,  4.20411317e-03,  4.74856320e-04,
       -5.21171054e-05,  4.30313567e-03,  4.27490557e-03,  4.22828972e-03,
        8.00300121e-07,  4.43453060e-03,  4.11528054e-03])}
{'img': array([[[ 0.        , -0.69941871, -0.72758028, ..., -0.05097505,
         -0.32047451, -0.5431703 ],
        [ 0.69941871,  0.        , -0.04019347, ...,  0.66207692,
          0.43348234,  0.19903729],
        [ 0.72758028,  0.04019347,  0.        , ...,  0.69166434,
          0.46935288,  0.23826573],
        ...,
        [ 0.05097505, -0.66207692, -0.69166434, ...,  0.        ,
         -0.27177138, -0.49966434],
        [ 0.32047451, -0.43348234, -0.46935288, ...,  0.27177138,
          0.        , -0.24544432],
        [ 0.5431703 , -0.19903729, -0.23826573, ...,  0.49966434,
          0.24544432,  0.        ]],

       [[ 0.        ,  0.39925656, -0.47244791, ..., -0.98072137,
          0.03701354, -0.85711644],
        [-0.39925656,  0.        , -0.78504698, ..., -0.82114459,
         -0.3650475 , -0.99150411],
        [ 0.47244791,  0.78504698,  0.        , ..., -0.95668888,
          0.50474638, -0.51205829],
        ...,
        [ 0.98072137,  0.82114459,  0.95668888, ...,  0.        ,
          0.97281648,  0.67268212],
        [-0.03701354,  0.3650475 , -0.50474638, ..., -0.97281648,
          0.        , -0.87559563],
        [ 0.85711644,  0.99150411,  0.51205829, ..., -0.67268212,
          0.87559563,  0.        ]],

       [[ 0.        , -0.66717841, -0.88299215, ..., -0.60540396,
         -0.61858957, -0.71011904],
        [ 0.66717841,  0.        , -0.34457367, ...,  0.08005538,
          0.0634255 , -0.05921816],
        [ 0.88299215,  0.34457367,  0.        , ...,  0.41862046,
          0.40342117,  0.28837737],
        ...,
        [ 0.60540396, -0.08005538, -0.41862046, ...,  0.        ,
         -0.01667227, -0.13894298],
        [ 0.61858957, -0.0634255 , -0.40342117, ...,  0.01667227,
          0.        , -0.12241312],
        [ 0.71011904,  0.05921816, -0.28837737, ...,  0.13894298,
          0.12241312,  0.        ]],

       ...,

       [[ 0.        , -0.51567115, -0.71482321, ...,  0.10707603,
          0.14931695, -0.11327837],
        [ 0.51567115,  0.        , -0.25183942, ...,  0.60444778,
          0.63782292,  0.41529653],
        [ 0.71482321,  0.25183942,  0.        , ...,  0.7855924 ,
          0.81122772,  0.63100594],
        ...,
        [-0.10707603, -0.60444778, -0.7855924 , ...,  0.        ,
          0.04258286, -0.21901393],
        [-0.14931695, -0.63782292, -0.81122772, ..., -0.04258286,
          0.        , -0.26036429],
        [ 0.11327837, -0.41529653, -0.63100594, ...,  0.21901393,
          0.26036429,  0.        ]],

       [[ 0.        ,  0.06918407,  0.14851059, ..., -0.89711374,
         -0.91922307, -0.94560255],
        [-0.06918407,  0.        ,  0.07973786, ..., -0.92552967,
         -0.94426087, -0.96584405],
        [-0.14851059, -0.07973786,  0.        , ..., -0.95277741,
         -0.96750377, -0.98343068],
        ...,
        [ 0.89711374,  0.92552967,  0.95277741, ...,  0.        ,
         -0.05288543, -0.12591411],
        [ 0.91922307,  0.94426087,  0.96750377, ...,  0.05288543,
          0.        , -0.07327338],
        [ 0.94560255,  0.96584405,  0.98343068, ...,  0.12591411,
          0.07327338,  0.        ]],

       [[ 0.        , -0.47848177, -0.67457605, ..., -0.99787128,
         -0.96349022, -0.89914358],
        [ 0.47848177,  0.        , -0.23912573, ..., -0.84502441,
         -0.71792794, -0.58012636],
        [ 0.67457605,  0.23912573,  0.        , ..., -0.69264192,
         -0.53064026, -0.36852185],
        ...,
        [ 0.99787128,  0.84502441,  0.69264192, ...,  0.        ,
          0.20434024,  0.37808511],
        [ 0.96349022,  0.71792794,  0.53064026, ..., -0.20434024,
          0.        ,  0.18093524],
        [ 0.89914358,  0.58012636,  0.36852185, ..., -0.37808511,
         -0.18093524,  0.        ]]]), 'num': array([ 9.99853333e-01,  7.33423956e-04,  4.12008210e-06, -3.49881768e-10,
        5.98275395e-03,  6.09377412e-03,  5.94574722e-03,  7.80003088e-04,
       -2.46711503e-05,  6.07157009e-03,  6.08082177e-03,  6.00166850e-03,
        8.44013037e-07,  6.27120170e-03,  5.89044184e-03])}
{'img': array([[[ 0.        , -0.04019347, -0.40828006, ...,  0.43348234,
          0.19903729,  0.11980777],
        [ 0.04019347,  0.        , -0.37125925, ...,  0.46935288,
          0.23826573,  0.15961492],
        [ 0.40828006,  0.37125925,  0.        , ...,  0.76363376,
          0.58180369,  0.51470659],
        ...,
        [-0.43348234, -0.46935288, -0.76363376, ...,  0.        ,
         -0.24544432, -0.32239379],
        [-0.19903729, -0.23826573, -0.58180369, ...,  0.24544432,
          0.        , -0.08019301],
        [-0.11980777, -0.15961492, -0.51470659, ...,  0.32239379,
          0.08019301,  0.        ]],

       [[ 0.        , -0.78504698, -0.87844025, ..., -0.3650475 ,
         -0.99150411, -0.94917798],
        [ 0.78504698,  0.        , -0.16900127, ...,  0.50474638,
         -0.51205829, -0.34086967],
        [ 0.87844025,  0.16900127,  0.        , ...,  0.64337936,
         -0.35952899, -0.17708666],
        ...,
        [ 0.3650475 , -0.50474638, -0.64337936, ...,  0.        ,
         -0.87559563, -0.76877917],
        [ 0.99150411,  0.51205829,  0.35952899, ...,  0.87559563,
          0.        ,  0.18860116],
        [ 0.94917798,  0.34086967,  0.17708666, ...,  0.76877917,
         -0.18860116,  0.        ]],

       [[ 0.        , -0.44731343, -0.72471423, ...,  0.10814789,
         -0.08900422, -0.35606603],
        [ 0.44731343,  0.        , -0.33994682, ...,  0.54141486,
          0.3659348 ,  0.0995395 ],
        [ 0.72471423,  0.33994682,  0.        , ...,  0.7949829 ,
          0.6605097 ,  0.4318699 ],
        ...,
        [-0.10814789, -0.54141486, -0.7949829 , ...,  0.        ,
         -0.19620087, -0.45503759],
        [ 0.08900422, -0.3659348 , -0.6605097 , ...,  0.19620087,
          0.        , -0.27148193],
        [ 0.35606603, -0.0995395 , -0.4318699 , ...,  0.45503759,
          0.27148193,  0.        ]],

       ...,

       [[ 0.        , -0.25183942, -0.29643998, ...,  0.63782292,
          0.41529653, -0.0176481 ],
        [ 0.25183942,  0.        , -0.04636582, ...,  0.81122772,
          0.63100594,  0.23472091],
        [ 0.29643998,  0.04636582,  0.        , ...,  0.83746677,
          0.66629689,  0.27953896],
        ...,
        [-0.63782292, -0.81122772, -0.83746677, ...,  0.        ,
         -0.26036429, -0.65131586],
        [-0.41529653, -0.63100594, -0.66629689, ...,  0.26036429,
          0.        , -0.43128609],
        [ 0.0176481 , -0.23472091, -0.27953896, ...,  0.65131586,
          0.43128609,  0.        ]],

       [[ 0.        ,  0.07973786,  0.27191763, ..., -0.94426087,
         -0.96584405, -0.99341281],
        [-0.07973786,  0.        ,  0.19431843, ..., -0.96750377,
         -0.98343068, -0.99938686],
        [-0.27191763, -0.19431843,  0.        , ..., -0.9981964 ,
         -0.99991195, -0.98714072],
        ...,
        [ 0.94426087,  0.96750377,  0.9981964 , ...,  0.        ,
         -0.07327338, -0.21882632],
        [ 0.96584405,  0.98343068,  0.99991195, ...,  0.07327338,
          0.        , -0.14674058],
        [ 0.99341281,  0.99938686,  0.98714072, ...,  0.21882632,
          0.14674058,  0.        ]],

       [[ 0.        , -0.52512059, -0.8384896 , ..., -0.93673866,
         -0.84739174, -0.61813087],
        [ 0.52512059,  0.        , -0.42743054, ..., -0.61338296,
         -0.44233161, -0.1132623 ],
        [ 0.8384896 ,  0.42743054,  0.        , ..., -0.21694925,
         -0.01654734,  0.32228551],
        ...,
        [ 0.93673866,  0.61338296,  0.21694925, ...,  0.        ,
          0.20076631,  0.51998298],
        [ 0.84739174,  0.44233161,  0.01654734, ..., -0.20076631,
          0.        ,  0.3379058 ],
        [ 0.61813087,  0.1132623 , -0.32228551, ..., -0.51998298,
         -0.3379058 ,  0.        ]]]), 'num': array([ 8.83171162e-01,  4.68807764e-01,  1.69473783e-06, -1.11150373e-08,
        5.31235126e-03,  5.36666978e-03,  5.26889645e-03,  6.84261261e-04,
        4.34548160e-05,  5.32973319e-03,  5.36449704e-03,  5.28682156e-03,
        9.31174630e-07,  5.49783324e-03,  5.23116084e-03])}
{'img': array([[[ 0.        , -0.37125925, -0.20399754, ...,  0.23826573,
          0.15961492,  0.31613029],
        [ 0.37125925,  0.        ,  0.1740345 , ...,  0.58180369,
          0.51470659,  0.64575573],
        [ 0.20399754, -0.1740345 ,  0.        , ...,  0.43137775,
          0.3576406 ,  0.5030182 ],
        ...,
        [-0.23826573, -0.58180369, -0.43137775, ...,  0.        ,
         -0.08019301,  0.08097927],
        [-0.15961492, -0.51470659, -0.3576406 , ...,  0.08019301,
          0.        ,  0.1606481 ],
        [-0.31613029, -0.64575573, -0.5030182 , ..., -0.08097927,
         -0.1606481 ,  0.        ]],

       [[ 0.        , -0.16900127, -0.4374274 , ..., -0.51205829,
         -0.34086967, -0.34560412],
        [ 0.16900127,  0.        , -0.27916035, ..., -0.35952899,
         -0.17708666, -0.18204541],
        [ 0.4374274 ,  0.27916035,  0.        , ..., -0.08474175,
          0.10470179,  0.09968751],
        ...,
        [ 0.51205829,  0.35952899,  0.08474175, ...,  0.        ,
          0.18860116,  0.18364856],
        [ 0.34086967,  0.17708666, -0.10470179, ..., -0.18860116,
          0.        , -0.00504066],
        [ 0.34560412,  0.18204541, -0.09968751, ..., -0.18364856,
          0.00504066,  0.        ]],

       [[ 0.        , -0.33994682, -0.49358979, ...,  0.3659348 ,
          0.0995395 , -0.01363181],
        [ 0.33994682,  0.        , -0.16854389, ...,  0.6605097 ,
          0.4318699 ,  0.32709527],
        [ 0.49358979,  0.16854389,  0.        , ...,  0.77760625,
          0.57770743,  0.48168841],
        ...,
        [-0.3659348 , -0.6605097 , -0.77760625, ...,  0.        ,
         -0.27148193, -0.37858711],
        [-0.0995395 , -0.4318699 , -0.57770743, ...,  0.27148193,
          0.        , -0.11309436],
        [ 0.01363181, -0.32709527, -0.48168841, ...,  0.37858711,
          0.11309436,  0.        ]],

       ...,

       [[ 0.        , -0.04636582,  0.14109443, ...,  0.63100594,
          0.23472091,  0.53679798],
        [ 0.04636582,  0.        ,  0.18684467, ...,  0.66629689,
          0.27953896,  0.57534001],
        [-0.14109443, -0.18684467,  0.        , ...,  0.51523549,
          0.09522015,  0.41238503],
        ...,
        [-0.63100594, -0.66629689, -0.51523549, ...,  0.        ,
         -0.43128609, -0.11595048],
        [-0.23472091, -0.27953896, -0.09522015, ...,  0.43128609,
          0.        ,  0.32376478],
        [-0.53679798, -0.57534001, -0.41238503, ...,  0.11595048,
         -0.32376478,  0.        ]],

       [[ 0.        ,  0.19431843,  0.33250939, ..., -0.98343068,
         -0.99938686, -0.98864579],
        [-0.19431843,  0.        ,  0.14290956, ..., -0.99991195,
         -0.98714072, -0.9406015 ],
        [-0.33250939, -0.14290956,  0.        , ..., -0.98775225,
         -0.95416384, -0.88242734],
        ...,
        [ 0.98343068,  0.99991195,  0.98775225, ...,  0.        ,
         -0.14674058, -0.32700126],
        [ 0.99938686,  0.98714072,  0.95416384, ...,  0.14674058,
          0.        , -0.18478811],
        [ 0.98864579,  0.9406015 ,  0.88242734, ...,  0.32700126,
          0.18478811,  0.        ]],

       [[ 0.        , -0.38886311, -0.60126204, ..., -0.40316727,
         -0.09820742,  0.60306123],
        [ 0.38886311,  0.        , -0.24321823, ..., -0.01557736,
          0.29650527,  0.86579174],
        [ 0.60126204,  0.24321823,  0.        , ...,  0.22807912,
          0.51988269,  0.96150089],
        ...,
        [ 0.40316727,  0.01557736, -0.22807912, ...,  0.        ,
          0.31134616,  0.87348167],
        [ 0.09820742, -0.29650527, -0.51988269, ..., -0.31134616,
          0.        ,  0.67848557],
        [-0.60306123, -0.86579174, -0.96150089, ..., -0.87348167,
         -0.67848557,  0.        ]]]), 'num': array([ 7.93256352e-01,  6.08736276e-01,  7.38080305e-07, -3.25784237e-09,
        4.85579148e-03,  4.86550306e-03,  4.71982932e-03,  8.48034847e-04,
        1.06827413e-04,  4.76644491e-03,  4.80043545e-03,  4.72921718e-03,
        1.22515354e-06,  4.92112508e-03,  4.67974583e-03])}
{'img': array([[[ 0.        ,  0.1740345 ,  0.13200045, ...,  0.51470659,
          0.64575573,  0.93027179],
        [-0.1740345 ,  0.        , -0.04252558, ...,  0.3576406 ,
          0.5030182 ,  0.8522272 ],
        [-0.13200045,  0.04252558,  0.        , ...,  0.39702998,
          0.53931698,  0.87370444],
        ...,
        [-0.51470659, -0.3576406 , -0.39702998, ...,  0.        ,
          0.1606481 ,  0.6087528 ],
        [-0.64575573, -0.5030182 , -0.53931698, ..., -0.1606481 ,
          0.        ,  0.47339439],
        [-0.93027179, -0.8522272 , -0.87370444, ..., -0.6087528 ,
         -0.47339439,  0.        ]],

       [[ 0.        , -0.27916035,  0.41039767, ..., -0.17708666,
         -0.18204541,  0.25531383],
        [ 0.27916035,  0.        ,  0.64865028, ...,  0.10470179,
          0.09968751,  0.51507218],
        [-0.41039767, -0.64865028,  0.        , ..., -0.56539795,
         -0.5695484 , -0.16397399],
        ...,
        [ 0.17708666, -0.10470179,  0.56539795, ...,  0.        ,
         -0.00504066,  0.42249636],
        [ 0.18204541, -0.09968751,  0.5695484 , ...,  0.00504066,
          0.        ,  0.42705967],
        [-0.25531383, -0.51507218,  0.16397399, ..., -0.42249636,
         -0.42705967,  0.        ]],

       [[ 0.        , -0.16854389, -0.4318571 , ...,  0.4318699 ,
          0.32709527,  0.33994682],
        [ 0.16854389,  0.        , -0.27366219, ...,  0.57770743,
          0.48168841,  0.49358979],
        [ 0.4318571 ,  0.27366219,  0.        , ...,  0.77902905,
          0.7031222 ,  0.71275003],
        ...,
        [-0.4318699 , -0.57770743, -0.77902905, ...,  0.        ,
         -0.11309436, -0.0995395 ],
        [-0.32709527, -0.48168841, -0.7031222 , ...,  0.11309436,
          0.        ,  0.01363181],
        [-0.33994682, -0.49358979, -0.71275003, ...,  0.0995395 ,
         -0.01363181,  0.        ]],

       ...,

       [[ 0.        ,  0.18684467,  0.34194241, ...,  0.27953896,
          0.57534001,  0.98152189],
        [-0.18684467,  0.        ,  0.16033878, ...,  0.09522015,
          0.41238503,  0.92848406],
        [-0.34194241, -0.16033878,  0.        , ..., -0.06562205,
          0.26097943,  0.85692599],
        ...,
        [-0.27953896, -0.09522015,  0.06562205, ...,  0.        ,
          0.32376478,  0.88890313],
        [-0.57534001, -0.41238503, -0.26097943, ..., -0.32376478,
          0.        ,  0.69270958],
        [-0.98152189, -0.92848406, -0.85692599, ..., -0.88890313,
         -0.69270958,  0.        ]],

       [[ 0.        ,  0.14290956,  0.31877852, ..., -0.98714072,
         -0.9406015 , -0.95833789],
        [-0.14290956,  0.        ,  0.18005264, ..., -0.95416384,
         -0.88242734, -0.90768102],
        [-0.31877852, -0.18005264,  0.        , ..., -0.88468291,
         -0.78330027, -0.81728574],
        ...,
        [ 0.98714072,  0.95416384,  0.88468291, ...,  0.        ,
         -0.18478811, -0.12877006],
        [ 0.9406015 ,  0.88242734,  0.78330027, ...,  0.18478811,
          0.        ,  0.05669723],
        [ 0.95833789,  0.90768102,  0.81728574, ...,  0.12877006,
         -0.05669723,  0.        ]],

       [[ 0.        , -0.23881823, -0.42967488, ...,  0.287898  ,
          0.75325934,  0.87539298],
        [ 0.23881823,  0.        , -0.20159297, ...,  0.50827439,
          0.88853963,  0.96551045],
        [ 0.42967488,  0.20159297,  0.        , ...,  0.6714501 ,
          0.9627882 ,  0.99817554],
        ...,
        [-0.287898  , -0.50827439, -0.6714501 , ...,  0.        ,
          0.53200983,  0.69915645],
        [-0.75325934, -0.88853963, -0.9627882 , ..., -0.53200983,
          0.        ,  0.21163207],
        [-0.87539298, -0.96551045, -0.99817554, ..., -0.69915645,
         -0.21163207,  0.        ]]]), 'num': array([9.71183374e-01, 2.37753059e-01, 2.89893405e-06, 7.97492061e-09,
       5.96284809e-03, 5.99820094e-03, 5.89214238e-03, 1.09461864e-03,
       7.07057085e-05, 5.81436610e-03, 5.83145331e-03, 5.74523163e-03,
       1.49981806e-06, 5.98977990e-03, 5.67312672e-03])}
{'img': array([[[ 0.        , -0.04252558,  0.        , ...,  0.5030182 ,
          0.8522272 ,  0.98571902],
        [ 0.04252558,  0.        ,  0.04252558, ...,  0.53931698,
          0.87370444,  0.99198855],
        [ 0.        , -0.04252558,  0.        , ...,  0.5030182 ,
          0.8522272 ,  0.98571902],
        ...,
        [-0.5030182 , -0.53931698, -0.5030182 , ...,  0.        ,
          0.47339439,  0.76722565],
        [-0.8522272 , -0.87370444, -0.8522272 , ..., -0.47339439,
          0.        ,  0.37218676],
        [-0.98571902, -0.99198855, -0.98571902, ..., -0.76722565,
         -0.37218676,  0.        ]],

       [[ 0.        ,  0.64865028,  0.22254333, ...,  0.09968751,
          0.51507218,  0.59189053],
        [-0.64865028,  0.        , -0.4630092 , ..., -0.5695484 ,
         -0.16397399, -0.0723441 ],
        [-0.22254333,  0.4630092 ,  0.        , ..., -0.12424718,
          0.3114033 ,  0.39767355],
        ...,
        [-0.09968751,  0.5695484 ,  0.12424718, ...,  0.        ,
          0.42705967,  0.50859223],
        [-0.51507218,  0.16397399, -0.3114033 , ..., -0.42705967,
          0.        ,  0.09217944],
        [-0.59189053,  0.0723441 , -0.39767355, ..., -0.50859223,
         -0.09217944,  0.        ]],

       [[ 0.        , -0.27366219, -0.33799587, ...,  0.48168841,
          0.49358979,  0.65114913],
        [ 0.27366219,  0.        , -0.06753665, ...,  0.7031222 ,
          0.71275003,  0.83398795],
        [ 0.33799587,  0.06753665,  0.        , ...,  0.74954005,
          0.75849411,  0.86934933],
        ...,
        [-0.48168841, -0.7031222 , -0.74954005, ...,  0.        ,
          0.01363181,  0.20505236],
        [-0.49358979, -0.71275003, -0.75849411, ..., -0.01363181,
          0.        ,  0.19169116],
        [-0.65114913, -0.83398795, -0.86934933, ..., -0.20505236,
         -0.19169116,  0.        ]],

       ...,

       [[ 0.        ,  0.16033878,  0.00289603, ...,  0.41238503,
          0.92848406,  0.93738774],
        [-0.16033878,  0.        , -0.15747955, ...,  0.26097943,
          0.85692599,  0.86941585],
        [-0.00289603,  0.15747955,  0.        , ...,  0.40974499,
          0.92740466,  0.93637516],
        ...,
        [-0.41238503, -0.26097943, -0.40974499, ...,  0.        ,
          0.69270958,  0.7103407 ],
        [-0.92848406, -0.85692599, -0.92740466, ..., -0.69270958,
          0.        ,  0.02474036],
        [-0.93738774, -0.86941585, -0.93637516, ..., -0.7103407 ,
         -0.02474036,  0.        ]],

       [[ 0.        ,  0.18005264,  0.42715603, ..., -0.88242734,
         -0.90768102, -0.95198736],
        [-0.18005264,  0.        ,  0.25737538, ..., -0.78330027,
         -0.81728574, -0.88130818],
        [-0.42715603, -0.25737538,  0.        , ..., -0.59691632,
         -0.64144451, -0.72999756],
        ...,
        [ 0.88242734,  0.78330027,  0.59691632, ...,  0.        ,
          0.05669723,  0.17771728],
        [ 0.90768102,  0.81728574,  0.64144451, ..., -0.05669723,
          0.        ,  0.12163672],
        [ 0.95198736,  0.88130818,  0.72999756, ..., -0.17771728,
         -0.12163672,  0.        ]],

       [[ 0.        , -0.20159297, -0.40296041, ...,  0.88853963,
          0.96551045,  0.8733104 ],
        [ 0.20159297,  0.        , -0.21018598, ...,  0.9627882 ,
          0.99817554,  0.95358967],
        [ 0.40296041,  0.21018598,  0.        , ...,  0.99808513,
          0.98856848,  0.99557676],
        ...,
        [-0.88853963, -0.9627882 , -0.99808513, ...,  0.        ,
          0.21163207, -0.03219   ],
        [-0.96551045, -0.99817554, -0.98856848, ..., -0.21163207,
          0.        , -0.24298327],
        [-0.8733104 , -0.95358967, -0.99557676, ...,  0.03219   ,
          0.24298327,  0.        ]]]), 'num': array([ 9.43475571e-01,  3.31044574e-01,  2.43996413e-06,  2.82588364e-08,
        5.77765092e-03,  5.84670651e-03,  5.75463239e-03,  9.05157638e-04,
       -4.60370591e-05,  5.71319903e-03,  5.70399162e-03,  5.61613757e-03,
        1.27880720e-06,  5.85674866e-03,  5.55123458e-03])}
{'img': array([[[ 0.        ,  0.04252558,  0.20608976, ...,  0.87370444,
          0.99198855,  0.92155632],
        [-0.04252558,  0.        ,  0.16429064, ...,  0.8522272 ,
          0.98571902,  0.90421233],
        [-0.20608976, -0.16429064,  0.        , ...,  0.75469487,
          0.94465876,  0.8217601 ],
        ...,
        [-0.87370444, -0.8522272 , -0.75469487, ...,  0.        ,
          0.37218676,  0.10908653],
        [-0.99198855, -0.98571902, -0.94465876, ..., -0.37218676,
          0.        , -0.26871612],
        [-0.92155632, -0.90421233, -0.8217601 , ..., -0.10908653,
          0.26871612,  0.        ]],

       [[ 0.        , -0.4630092 , -0.15219928, ..., -0.16397399,
         -0.0723441 , -0.30756088],
        [ 0.4630092 ,  0.        ,  0.32271271, ...,  0.3114033 ,
          0.39767355,  0.16795875],
        [ 0.15219928, -0.32271271,  0.        , ..., -0.01192445,
          0.0802992 , -0.15915581],
        ...,
        [ 0.16397399, -0.3114033 ,  0.01192445, ...,  0.        ,
          0.09217944, -0.14737204],
        [ 0.0723441 , -0.39767355, -0.0802992 , ..., -0.09217944,
          0.        , -0.23791753],
        [ 0.30756088, -0.16795875,  0.15915581, ...,  0.14737204,
          0.23791753,  0.        ]],

       [[ 0.        , -0.06753665, -0.07886597, ...,  0.71275003,
          0.83398795,  0.95857405],
        [ 0.06753665,  0.        , -0.01135961, ...,  0.75849411,
          0.86934933,  0.9756228 ],
        [ 0.07886597,  0.01135961,  0.        , ...,  0.765848  ,
          0.87490714,  0.97805276],
        ...,
        [-0.71275003, -0.75849411, -0.765848  , ...,  0.        ,
          0.19169116,  0.46933903],
        [-0.83398795, -0.86934933, -0.87490714, ..., -0.19169116,
          0.        ,  0.29136852],
        [-0.95857405, -0.9756228 , -0.97805276, ..., -0.46933903,
         -0.29136852,  0.        ]],

       ...,

       [[ 0.        , -0.15747955, -0.3518438 , ...,  0.85692599,
          0.86941585,  0.66427703],
        [ 0.15747955,  0.        , -0.20004347, ...,  0.92740466,
          0.93637516,  0.77370218],
        [ 0.3518438 ,  0.20004347,  0.        , ...,  0.98348723,
          0.98766365,  0.88480079],
        ...,
        [-0.85692599, -0.92740466, -0.98348723, ...,  0.        ,
          0.02474036, -0.29814599],
        [-0.86941585, -0.93637516, -0.98766365, ..., -0.02474036,
          0.        , -0.3216699 ],
        [-0.66427703, -0.77370218, -0.88480079, ...,  0.29814599,
          0.3216699 ,  0.        ]],

       [[ 0.        ,  0.25737538, -0.20110654, ..., -0.81728574,
         -0.88130818, -0.9005415 ],
        [-0.25737538,  0.        , -0.4464486 , ..., -0.64144451,
         -0.72999756, -0.7583045 ],
        [ 0.20110654,  0.4464486 ,  0.        , ..., -0.91647222,
         -0.95833377, -0.96957798],
        ...,
        [ 0.81728574,  0.64144451,  0.91647222, ...,  0.        ,
          0.12163672,  0.16359002],
        [ 0.88130818,  0.72999756,  0.95833377, ..., -0.12163672,
          0.        ,  0.04237724],
        [ 0.9005415 ,  0.7583045 ,  0.96957798, ..., -0.16359002,
         -0.04237724,  0.        ]],

       [[ 0.        , -0.20728975, -0.34379905, ...,  0.95891994,
          0.92504393,  0.99899463],
        [ 0.20728975,  0.        , -0.14167755, ...,  0.99689511,
          0.98369271,  0.98658884],
        [ 0.34379905,  0.14167755,  0.        , ...,  0.99799512,
          0.99925181,  0.95351165],
        ...,
        [-0.95891994, -0.99689511, -0.99799512, ...,  0.        ,
         -0.10184193,  0.24040334],
        [-0.92504393, -0.98369271, -0.99925181, ...,  0.10184193,
          0.        ,  0.33800861],
        [-0.99899463, -0.98658884, -0.95351165, ..., -0.24040334,
         -0.33800861,  0.        ]]]), 'num': array([ 7.62597949e-01,  6.46739928e-01,  4.66229458e-07,  1.16510169e-08,
        4.63432082e-03,  4.70891753e-03,  4.61567164e-03,  6.09809482e-04,
       -4.66229458e-05,  4.65110508e-03,  4.62266508e-03,  4.55350771e-03,
        8.88056111e-07,  4.74635216e-03,  4.49897800e-03])}
{'img': array([[[ 0.        ,  0.16429064,  0.2818472 , ...,  0.98571902,
          0.90421233,  0.76599033],
        [-0.16429064,  0.        ,  0.12038727, ...,  0.94465876,
          0.8217601 ,  0.64996745],
        [-0.2818472 , -0.12038727,  0.        , ...,  0.89829467,
          0.74718273,  0.55375048],
        ...,
        [-0.98571902, -0.94465876, -0.89829467, ...,  0.        ,
         -0.26871612, -0.50467999],
        [-0.90421233, -0.8217601 , -0.74718273, ...,  0.26871612,
          0.        , -0.25413319],
        [-0.76599033, -0.64996745, -0.55375048, ...,  0.50467999,
          0.25413319,  0.        ]],

       [[ 0.        ,  0.32271271, -0.41421005, ...,  0.39767355,
          0.16795875, -0.07585545],
        [-0.32271271,  0.        , -0.68577563, ...,  0.0802992 ,
         -0.15915581, -0.39357987],
        [ 0.41421005,  0.68577563,  0.        , ...,  0.74200393,
          0.56119871,  0.34397442],
        ...,
        [-0.39767355, -0.0802992 , -0.74200393, ...,  0.        ,
         -0.23791753, -0.46612721],
        [-0.16795875,  0.15915581, -0.56119871, ...,  0.23791753,
          0.        , -0.24225268],
        [ 0.07585545,  0.39357987, -0.34397442, ...,  0.46612721,
          0.24225268,  0.        ]],

       [[ 0.        , -0.01120982,  0.11043698, ...,  0.85525428,
          0.96242386,  0.97098745],
        [ 0.01120982,  0.        ,  0.12157129, ...,  0.86100957,
          0.96540743,  0.96824584],
        [-0.11043698, -0.12157129,  0.        , ...,  0.79279341,
          0.92654749,  0.99145689],
        ...,
        [-0.85525428, -0.86100957, -0.79279341, ...,  0.        ,
          0.26649054,  0.70769134],
        [-0.96242386, -0.96540743, -0.92654749, ..., -0.26649054,
          0.        ,  0.49381812],
        [-0.97098745, -0.96824584, -0.99145689, ..., -0.70769134,
         -0.49381812,  0.        ]],

       ...,

       [[ 0.        , -0.20004347,  0.02494174, ...,  0.93637516,
          0.77370218,  0.55989377],
        [ 0.20004347,  0.        ,  0.22441884, ...,  0.98766365,
          0.88480079,  0.71432555],
        [-0.02494174, -0.22441884,  0.        , ...,  0.92732929,
          0.75765966,  0.53905375],
        ...,
        [-0.93637516, -0.98766365, -0.92732929, ...,  0.        ,
         -0.3216699 , -0.57932396],
        [-0.77370218, -0.88480079, -0.75765966, ...,  0.3216699 ,
          0.        , -0.28634168],
        [-0.55989377, -0.71432555, -0.53905375, ...,  0.57932396,
          0.28634168,  0.        ]],

       [[ 0.        , -0.4464486 , -0.76071538, ..., -0.72999756,
         -0.7583045 , -0.76480191],
        [ 0.4464486 ,  0.        , -0.39091183, ..., -0.95833377,
         -0.96957798, -0.97198328],
        [ 0.76071538,  0.39091183,  0.        , ..., -0.99374164,
         -0.98811528, -0.98652458],
        ...,
        [ 0.72999756,  0.95833377,  0.99374164, ...,  0.        ,
          0.04237724,  0.05239143],
        [ 0.7583045 ,  0.96957798,  0.98811528, ..., -0.04237724,
          0.        ,  0.01002533],
        [ 0.76480191,  0.97198328,  0.98652458, ..., -0.05239143,
         -0.01002533,  0.        ]],

       [[ 0.        , -0.14109935, -0.15626432, ...,  0.97915381,
          0.99966721,  0.9858783 ],
        [ 0.14109935,  0.        , -0.01533498, ...,  0.99801794,
          0.98602611,  0.95238606],
        [ 0.15626432,  0.01533498,  0.        , ...,  0.99886561,
          0.9833555 ,  0.94759851],
        ...,
        [-0.97915381, -0.99801794, -0.99886561, ...,  0.        ,
          0.22831135,  0.36422417],
        [-0.99966721, -0.98602611, -0.9833555 , ..., -0.22831135,
          0.        ,  0.1419754 ],
        [-0.9858783 , -0.95238606, -0.94759851, ..., -0.36422417,
         -0.1419754 ,  0.        ]]]), 'num': array([ 9.00742078e-01,  4.34076668e-01,  1.91256315e-06,  1.03611287e-08,
        5.42634197e-03,  5.54865706e-03,  5.39298331e-03,  8.75308991e-04,
       -1.00075979e-04,  5.54420924e-03,  5.50084298e-03,  5.43227240e-03,
        9.81137049e-07,  5.63631912e-03,  5.36536684e-03])}
{'img': array([[[ 0.        ,  0.12038727,  0.04038978, ...,  0.8217601 ,
          0.64996745,  0.31587744],
        [-0.12038727,  0.        , -0.08019301, ...,  0.74718273,
          0.55375048,  0.19935663],
        [-0.04038978,  0.08019301,  0.        , ...,  0.79807409,
          0.61874237,  0.27729786],
        ...,
        [-0.8217601 , -0.74718273, -0.79807409, ...,  0.        ,
         -0.25413319, -0.5996884 ],
        [-0.64996745, -0.55375048, -0.61874237, ...,  0.25413319,
          0.        , -0.37663425],
        [-0.31587744, -0.19935663, -0.27729786, ...,  0.5996884 ,
          0.37663425,  0.        ]],

       [[ 0.        , -0.68577563,  0.14205502, ..., -0.15915581,
         -0.39357987, -0.1579154 ],
        [ 0.68577563,  0.        ,  0.78221051, ...,  0.56119871,
          0.34397442,  0.56223808],
        [-0.14205502, -0.78221051,  0.        , ..., -0.29778609,
         -0.5201783 , -0.29658655],
        ...,
        [ 0.15915581, -0.56119871,  0.29778609, ...,  0.        ,
         -0.24225268,  0.0012563 ],
        [ 0.39357987, -0.34397442,  0.5201783 , ...,  0.24225268,
          0.        ,  0.24347137],
        [ 0.1579154 , -0.56223808,  0.29658655, ..., -0.0012563 ,
         -0.24347137,  0.        ]],

       [[ 0.        ,  0.12157129,  0.17560442, ...,  0.96540743,
          0.96824584,  0.99448161],
        [-0.12157129,  0.        ,  0.05461974, ...,  0.92654749,
          0.99145689,  0.99985941],
        [-0.17560442, -0.05461974,  0.        , ...,  0.90461763,
          0.99710119,  0.99745101],
        ...,
        [-0.96540743, -0.92654749, -0.90461763, ...,  0.        ,
          0.49381812,  0.360589  ],
        [-0.96824584, -0.99145689, -0.99710119, ..., -0.49381812,
          0.        , -0.14704075],
        [-0.99448161, -0.99985941, -0.99745101, ..., -0.360589  ,
          0.14704075,  0.        ]],

       ...,

       [[ 0.        ,  0.22441884, -0.07747682, ...,  0.88480079,
          0.71432555,  0.62049595],
        [-0.22441884,  0.        , -0.29924487, ...,  0.75765966,
          0.53905375,  0.42867741],
        [ 0.07747682,  0.29924487,  0.        , ...,  0.91824305,
          0.76639773,  0.67938891],
        ...,
        [-0.88480079, -0.75765966, -0.91824305, ...,  0.        ,
         -0.28634168, -0.40473714],
        [-0.71432555, -0.53905375, -0.76639773, ...,  0.28634168,
          0.        , -0.12594951],
        [-0.62049595, -0.42867741, -0.67938891, ...,  0.40473714,
          0.12594951,  0.        ]],

       [[ 0.        , -0.67190768, -0.86130979, ..., -0.77449853,
         -0.78101135, -0.66663527],
        [ 0.67190768,  0.        , -0.29653313, ..., -0.99865313,
         -0.99806193, -0.99456264],
        [ 0.86130979,  0.29653313,  0.        , ..., -0.93835099,
         -0.93471883, -0.98071075],
        ...,
        [ 0.77449853,  0.99865313,  0.93835099, ...,  0.        ,
          0.01036143, -0.15560159],
        [ 0.78101135,  0.99806193,  0.93471883, ..., -0.01036143,
          0.        , -0.16582847],
        [ 0.66663527,  0.99456264,  0.98071075, ...,  0.15560159,
          0.16582847,  0.        ]],

       [[ 0.        , -0.01532337, -0.04248413, ...,  0.98804489,
          0.96953032,  0.9521646 ],
        [ 0.01532337,  0.        , -0.02716961, ...,  0.98556653,
          0.9656627 ,  0.94737021],
        [ 0.04248413,  0.02716961,  0.        , ...,  0.98060319,
          0.95824758,  0.93832239],
        ...,
        [-0.98804489, -0.98556653, -0.98060319, ...,  0.        ,
          0.09257361,  0.15514044],
        [-0.96953032, -0.9656627 , -0.95824758, ..., -0.09257361,
          0.        ,  0.06302148],
        [-0.9521646 , -0.94737021, -0.93832239, ..., -0.15514044,
         -0.06302148,  0.        ]]]), 'num': array([ 8.82356861e-01,  4.70337736e-01,  1.66809362e-06, -1.06979099e-08,
        5.35089773e-03,  5.39422483e-03,  5.25341174e-03,  5.55366859e-04,
        6.49906606e-05,  5.38772577e-03,  5.35577203e-03,  5.29421143e-03,
        1.08317768e-06,  5.48601936e-03,  5.22552470e-03])}
{'img': array([[[ 0.        , -0.08019301, -0.04006418, ...,  0.55375048,
          0.19935663,  0.43634048],
        [ 0.08019301,  0.        ,  0.04019347, ...,  0.61874237,
          0.27729786,  0.50709137],
        [ 0.04006418, -0.04019347,  0.        , ...,  0.58666663,
          0.23845654,  0.47203916],
        ...,
        [-0.55375048, -0.61874237, -0.58666663, ...,  0.        ,
         -0.37663425, -0.13492137],
        [-0.19935663, -0.27729786, -0.23845654, ...,  0.37663425,
          0.        ,  0.24820438],
