state_0,state_1,state_2,state_3,state_4,state_5,state_6,state_7,state_8,state_9,state_10,state_11,state_12,state_13,state_14,state_15,state_16,state_17,state_18,state_19,state_20,state_21,state_22,state_23,state_24,state_25,state_26,state_27,state_28,state_29,state_30,state_31,state_32,state_33,state_34,state_35,state_36,state_37,state_38,state_39,state_40,state_41,state_42,state_43,state_44,state_45,state_46,state_47,state_48,state_49,state_50,state_51,state_52,state_53,state_54,state_55,state_56,state_57,state_58,state_59,state_60,state_61,state_62,state_63,state_64,state_65,state_66,state_67,state_68,state_69,state_70,state_71,state_72,state_73,state_74,state_75,state_76,state_77,state_78,state_79,state_80,state_81,state_82,state_83,state_84,state_85,state_86,state_87,state_88,state_89,state_90,state_91,state_92,state_93,state_94,state_95,state_96,state_97,state_98,state_99,state_100,state_101,state_102,state_103,state_104,state_105,state_106,state_107,state_108,state_109,state_110,state_111,state_112,state_113,state_114,state_115,state_116,state_117,state_118,state_119,state_120,state_121,state_122,state_123,state_124,state_125,state_126,state_127,state_128,state_129,state_130,state_131,state_132,state_133,state_134,state_135,state_136,state_137,state_138,state_139,state_140,state_141,state_142,state_143,state_144,state_145,state_146,state_147,state_148,state_149,state_150,state_151,state_152,state_153,state_154,state_155,state_156,state_157,state_158,state_159,state_160,state_161,state_162,state_163,state_164,state_165,state_166,state_167,state_168,state_169,state_170,state_171,state_172,state_173,state_174,state_175,state_176,state_177,state_178,state_179,state_180,state_181,state_182,state_183,state_184,state_185,state_186,state_187,state_188,state_189,state_190,state_191,state_192,state_193,state_194,state_195,state_196,state_197,state_198,state_199,state_200,state_201,state_202,state_203,state_204,state_205,state_206,state_207,state_208,state_209,state_210,state_211,state_212,state_213,state_214,state_215,state_216,state_217,state_218,state_219,state_220,state_221,state_222,state_223,state_224,state_225,state_226,state_227,state_228,state_229,state_230,state_231,state_232,state_233,state_234,state_235,state_236,state_237,state_238,state_239,state_240,state_241,state_242,state_243,state_244,state_245,state_246,state_247,state_248,state_249,state_250,state_251,state_252,state_253,state_254,state_255,state_256,state_257,state_258,state_259,state_260,state_261,state_262,state_263,state_264,state_265,state_266,state_267,state_268,state_269,state_270,state_271,state_272,state_273,state_274,state_275,state_276,state_277,state_278,state_279,state_280,state_281,state_282,state_283,state_284,state_285,state_286,state_287
{'img': array([[[ 0.        ,  0.01866963, -0.03759604, ...,  0.        ,
         -0.21132612, -0.11385395],
        [-0.01866963,  0.        , -0.05624592, ..., -0.01866963,
         -0.22953728, -0.13238234],
        [ 0.03759604,  0.05624592,  0.        , ...,  0.03759604,
         -0.17442977, -0.07642189],
        ...,
        [ 0.        ,  0.01866963, -0.03759604, ...,  0.        ,
         -0.21132612, -0.11385395],
        [ 0.21132612,  0.22953728,  0.17442977, ...,  0.21132612,
          0.        ,  0.09866934],
        [ 0.11385395,  0.13238234,  0.07642189, ...,  0.11385395,
         -0.09866934,  0.        ]],

       [[ 0.        , -0.16364387, -0.22760606, ...,  0.06710004,
          0.15178541,  0.05827517],
        [ 0.16364387,  0.        , -0.06518905, ...,  0.22947056,
          0.31148707,  0.22085536],
        [ 0.22760606,  0.06518905,  0.        , ...,  0.29243198,
          0.37277044,  0.2839649 ],
        ...,
        [-0.06710004, -0.22947056, -0.29243198, ...,  0.        ,
          0.08512074, -0.00884218],
        [-0.15178541, -0.31148707, -0.37277044, ..., -0.08512074,
          0.        , -0.0939275 ],
        [-0.05827517, -0.22085536, -0.2839649 , ...,  0.00884218,
          0.0939275 ,  0.        ]],

       [[ 0.        , -0.11223119, -0.18143432, ..., -0.38972563,
         -0.48121953, -0.48121953],
        [ 0.11223119,  0.        , -0.06991954, ..., -0.2839062 ,
         -0.37979736, -0.37979736],
        [ 0.18143432,  0.06991954,  0.        , ..., -0.21616889,
         -0.31418741, -0.31418741],
        ...,
        [ 0.38972563,  0.2839062 ,  0.21616889, ...,  0.        ,
         -0.10153646, -0.10153646],
        [ 0.48121953,  0.37979736,  0.31418741, ...,  0.10153646,
          0.        ,  0.        ],
        [ 0.48121953,  0.37979736,  0.31418741, ...,  0.10153646,
          0.        ,  0.        ]],

       ...,

       [[ 0.        , -0.36059467, -0.50487177, ...,  0.4921926 ,
          0.30736673,  0.4961063 ],
        [ 0.36059467,  0.        , -0.15964203, ...,  0.7729719 ,
          0.62982659,  0.77582015],
        [ 0.50487177,  0.15964203,  0.        , ...,  0.86434184,
          0.74574873,  0.86659703],
        ...,
        [-0.4921926 , -0.7729719 , -0.86434184, ...,  0.        ,
         -0.20080758,  0.00450173],
        [-0.30736673, -0.62982659, -0.74574873, ...,  0.20080758,
          0.        ,  0.20521557],
        [-0.4961063 , -0.77582015, -0.86659703, ..., -0.00450173,
         -0.20521557,  0.        ]],

       [[ 0.        , -0.01433692, -0.04455877, ..., -0.44192847,
         -0.44012596, -0.45156633],
        [ 0.01433692,  0.        , -0.03023151, ..., -0.42902211,
         -0.42720709, -0.43872798],
        [ 0.04455877,  0.03023151,  0.        , ..., -0.40151807,
         -0.39967789, -0.41136081],
        ...,
        [ 0.44192847,  0.42902211,  0.40151807, ...,  0.        ,
          0.00200838, -0.01077253],
        [ 0.44012596,  0.42720709,  0.39967789, ..., -0.00200838,
          0.        , -0.01278077],
        [ 0.45156633,  0.43872798,  0.41136081, ...,  0.01077253,
          0.01278077,  0.        ]],

       [[ 0.        , -0.47947265, -0.64719874, ..., -0.33018626,
         -0.34098845, -0.60368436],
        [ 0.47947265,  0.        , -0.20244144, ..., -0.74233902,
         -0.74997339, -0.91201416],
        [ 0.64719874,  0.20244144,  0.        , ..., -0.86260914,
         -0.86835325, -0.97616345],
        ...,
        [ 0.33018626,  0.74233902,  0.86260914, ...,  0.        ,
          0.01146701,  0.30659498],
        [ 0.34098845,  0.74997339,  0.86835325, ..., -0.01146701,
          0.        ,  0.29566006],
        [ 0.60368436,  0.91201416,  0.97616345, ..., -0.30659498,
         -0.29566006,  0.        ]]]), 'num': array([7.07011931e-01, 7.07011931e-01, 0.00000000e+00, 0.00000000e+00,
       5.84205888e-03, 5.90346190e-03, 5.64030610e-03, 2.60017234e-03,
       2.01752784e-04, 5.65434107e-03, 5.63986750e-03, 5.74469123e-03,
       1.10496360e-06, 6.00532788e-03, 5.27440713e-03])}
{'img': array([[[ 0.        , -0.05624592, -0.28899982, ..., -0.22953728,
         -0.13238234,  0.28857918],
        [ 0.05624592,  0.        , -0.23469646, ..., -0.17442977,
         -0.07642189,  0.34197534],
        [ 0.28899982,  0.23469646,  0.        , ...,  0.06154076,
          0.15972278,  0.55296988],
        ...,
        [ 0.22953728,  0.17442977, -0.06154076, ...,  0.        ,
          0.09866934,  0.50064593],
        [ 0.13238234,  0.07642189, -0.15972278, ..., -0.09866934,
          0.        ,  0.41278959],
        [-0.28857918, -0.34197534, -0.55296988, ..., -0.50064593,
         -0.41278959,  0.        ]],

       [[ 0.        , -0.06518905,  0.15826361, ...,  0.31148707,
          0.22085536,  0.59956143],
        [ 0.06518905,  0.        ,  0.22229444, ...,  0.37277044,
          0.2839649 ,  0.65045879],
        [-0.15826361, -0.22229444,  0.        , ...,  0.15717131,
          0.06371636,  0.46534218],
        ...,
        [-0.31148707, -0.37277044, -0.15717131, ...,  0.        ,
         -0.0939275 ,  0.32044142],
        [-0.22085536, -0.2839649 , -0.06371636, ...,  0.0939275 ,
          0.        ,  0.40799931],
        [-0.59956143, -0.65045879, -0.46534218, ..., -0.32044142,
         -0.40799931,  0.        ]],

       [[ 0.        , -0.06991954, -0.21182838, ..., -0.37979736,
         -0.37979736, -0.27485231],
        [ 0.06991954,  0.        , -0.14297712, ..., -0.31418741,
         -0.31418741, -0.20695296],
        [ 0.21182838,  0.14297712,  0.        , ..., -0.17522255,
         -0.17522255, -0.06494493],
        ...,
        [ 0.37979736,  0.31418741,  0.17522255, ...,  0.        ,
          0.        ,  0.11091247],
        [ 0.37979736,  0.31418741,  0.17522255, ...,  0.        ,
          0.        ,  0.11091247],
        [ 0.27485231,  0.20695296,  0.06494493, ..., -0.11091247,
         -0.11091247,  0.        ]],

       ...,

       [[ 0.        , -0.15964203, -0.10492165, ...,  0.62982659,
          0.77582015,  0.86802958],
        [ 0.15964203,  0.        ,  0.05518486, ...,  0.74574873,
          0.86659703,  0.93616134],
        [ 0.10492165, -0.05518486,  0.        , ...,  0.70784666,
          0.83773875,  0.91533339],
        ...,
        [-0.62982659, -0.74574873, -0.70784666, ...,  0.        ,
          0.20521557,  0.36151285],
        [-0.77582015, -0.86659703, -0.83773875, ..., -0.20521557,
          0.        ,  0.16248245],
        [-0.86802958, -0.93616134, -0.91533339, ..., -0.36151285,
         -0.16248245,  0.        ]],

       [[ 0.        , -0.03023151,  0.00587774, ..., -0.42720709,
         -0.43872798, -0.3984821 ],
        [ 0.03023151,  0.        ,  0.03610604, ..., -0.39967789,
         -0.41136081, -0.37057235],
        [-0.00587774, -0.03610604,  0.        , ..., -0.43251409,
         -0.44400226, -0.40386614],
        ...,
        [ 0.42720709,  0.39967789,  0.43251409, ...,  0.        ,
         -0.01278077,  0.03153503],
        [ 0.43872798,  0.41136081,  0.44400226, ...,  0.01278077,
          0.        ,  0.04430687],
        [ 0.3984821 ,  0.37057235,  0.40386614, ..., -0.03153503,
         -0.04430687,  0.        ]],

       [[ 0.        , -0.48003467, -0.75974795, ..., -0.35157681,
         -0.62076141, -0.75652155],
        [ 0.48003467,  0.        , -0.35436149, ..., -0.75780938,
         -0.92090961, -0.97758584],
        [ 0.75974795,  0.35436149,  0.        , ..., -0.93984637,
         -0.99927209, -0.98875513],
        ...,
        [ 0.35157681,  0.75780938,  0.93984637, ...,  0.        ,
          0.30549535,  0.47830424],
        [ 0.62076141,  0.92090961,  0.99927209, ..., -0.30549535,
          0.        ,  0.18715397],
        [ 0.75652155,  0.97758584,  0.98875513, ..., -0.47830424,
         -0.18715397,  0.        ]]]), 'num': array([ 7.37537868e-01,  6.75086544e-01,  1.82606211e-07, -2.13871295e-11,
        6.24513242e-03,  6.33643553e-03,  6.00774435e-03,  2.11472601e-03,
        1.64345590e-04,  5.98948373e-03,  5.89589804e-03,  5.98461423e-03,
        1.22979693e-06,  6.30388605e-03,  5.48791004e-03])}
{'img': array([[[ 0.        , -0.23469646, -0.11527922, ..., -0.07642189,
          0.34197534,  0.63479523],
        [ 0.23469646,  0.        ,  0.12107244, ...,  0.15972278,
          0.55296988,  0.79840994],
        [ 0.11527922, -0.12107244,  0.        , ...,  0.0390297 ,
          0.44802435,  0.71963713],
        ...,
        [ 0.07642189, -0.15972278, -0.0390297 , ...,  0.        ,
          0.41278959,  0.69198851],
        [-0.34197534, -0.55296988, -0.44802435, ..., -0.41278959,
          0.        ,  0.3322851 ],
        [-0.63479523, -0.79840994, -0.71963713, ..., -0.69198851,
         -0.3322851 ,  0.        ]],

       [[ 0.        ,  0.22229444, -0.04548617, ...,  0.2839649 ,
          0.65045879,  0.51533143],
        [-0.22229444,  0.        , -0.26641245, ...,  0.06371636,
          0.46534218,  0.3119333 ],
        [ 0.04548617,  0.26641245,  0.        , ...,  0.3272847 ,
          0.68433419,  0.55377928],
        ...,
        [-0.2839649 , -0.06371636, -0.3272847 , ...,  0.        ,
          0.40799931,  0.25076229],
        [-0.65045879, -0.46534218, -0.68433419, ..., -0.40799931,
          0.        , -0.16602168],
        [-0.51533143, -0.3119333 , -0.55377928, ..., -0.25076229,
          0.16602168,  0.        ]],

       [[ 0.        , -0.14297712, -0.21155846, ..., -0.31418741,
         -0.20695296,  0.04817754],
        [ 0.14297712,  0.        , -0.06964403, ..., -0.17522255,
         -0.06494493,  0.19049365],
        [ 0.21155846,  0.06964403,  0.        , ..., -0.10623054,
          0.00470976,  0.25839985],
        ...,
        [ 0.31418741,  0.17522255,  0.10623054, ...,  0.        ,
          0.11091247,  0.35956045],
        [ 0.20695296,  0.06494493, -0.00470976, ..., -0.11091247,
          0.        ,  0.25384718],
        [-0.04817754, -0.19049365, -0.25839985, ..., -0.35956045,
         -0.25384718,  0.        ]],

       ...,

       [[ 0.        ,  0.05518486, -0.23556799, ...,  0.86659703,
          0.93616134,  0.97930258],
        [-0.05518486,  0.        , -0.28884087, ...,  0.83773875,
          0.91533339,  0.96664077],
        [ 0.23556799,  0.28884087,  0.        , ...,  0.9597596 ,
          0.99263457,  0.99942229],
        ...,
        [-0.86659703, -0.83773875, -0.9597596 , ...,  0.        ,
          0.16248245,  0.31327971],
        [-0.93616134, -0.91533339, -0.99263457, ..., -0.16248245,
          0.        ,  0.15481345],
        [-0.97930258, -0.96664077, -0.99942229, ..., -0.31327971,
         -0.15481345,  0.        ]],

       [[ 0.        ,  0.03610604,  0.06114493, ..., -0.41136081,
         -0.37057235, -0.24663517],
        [-0.03610604,  0.        ,  0.02506658, ..., -0.44400226,
         -0.40386614, -0.28146502],
        [-0.06114493, -0.02506658,  0.        , ..., -0.46632304,
         -0.4266706 , -0.30542976],
        ...,
        [ 0.41136081,  0.44400226,  0.46632304, ...,  0.        ,
          0.04430687,  0.17385202],
        [ 0.37057235,  0.40386614,  0.4266706 , ..., -0.04430687,
          0.        ,  0.13004914],
        [ 0.24663517,  0.28146502,  0.30542976, ..., -0.17385202,
         -0.13004914,  0.        ]],

       [[ 0.        , -0.36299316, -0.5075239 , ..., -0.91347686,
         -0.97361563, -0.97108736],
        [ 0.36299316,  0.        , -0.16013802, ..., -0.99886879,
         -0.99004001, -0.99150657],
        [ 0.5075239 ,  0.16013802,  0.        , ..., -0.99359283,
         -0.95471793, -0.9578838 ],
        ...,
        [ 0.91347686,  0.99886879,  0.99359283, ...,  0.        ,
          0.18770499,  0.17705717],
        [ 0.97361563,  0.99004001,  0.95471793, ..., -0.18770499,
          0.        , -0.01082931],
        [ 0.97108736,  0.99150657,  0.9578838 , ..., -0.17705717,
          0.01082931,  0.        ]]]), 'num': array([ 7.24831168e-01,  6.88720114e-01,  1.07794190e-07,  3.89102255e-09,
        6.01850896e-03,  6.23409734e-03,  5.96461187e-03,  1.31410101e-03,
       -1.25759889e-04,  5.93047704e-03,  5.82492856e-03,  5.89140165e-03,
        1.02661134e-06,  6.21732487e-03,  5.43253225e-03])}
{'img': array([[[ 0.        ,  0.12107244,  0.15972278, ...,  0.55296988,
          0.79840994,  0.61240981],
        [-0.12107244,  0.        ,  0.0390297 , ...,  0.44802435,
          0.71963713,  0.51219206],
        [-0.15972278, -0.0390297 ,  0.        , ...,  0.41278959,
          0.69198851,  0.47828032],
        ...,
        [-0.55296988, -0.44802435, -0.41278959, ...,  0.        ,
          0.3322851 ,  0.07311555],
        [-0.79840994, -0.71963713, -0.69198851, ..., -0.3322851 ,
          0.        , -0.26243468],
        [-0.61240981, -0.51219206, -0.47828032, ..., -0.07311555,
          0.26243468,  0.        ]],

       [[ 0.        , -0.26641245, -0.36429136, ...,  0.46534218,
          0.3119333 ,  0.05520748],
        [ 0.26641245,  0.        , -0.10301963, ...,  0.68433419,
          0.55377928,  0.31921838],
        [ 0.36429136,  0.10301963,  0.        , ...,  0.75581173,
          0.63661349,  0.41514968],
        ...,
        [-0.46534218, -0.68433419, -0.75581173, ...,  0.        ,
         -0.16602168, -0.41576664],
        [-0.3119333 , -0.55377928, -0.63661349, ...,  0.16602168,
          0.        , -0.25900472],
        [-0.05520748, -0.31921838, -0.41514968, ...,  0.41576664,
          0.25900472,  0.        ]],

       [[ 0.        , -0.06964403, -0.09801434, ..., -0.06494493,
          0.19049365,  0.2790135 ],
        [ 0.06964403,  0.        , -0.02846766, ...,  0.00470976,
          0.25839985,  0.34521429],
        [ 0.09801434,  0.02846766,  0.        , ...,  0.03317519,
          0.28579597,  0.37179196],
        ...,
        [ 0.06494493, -0.00470976, -0.03317519, ...,  0.        ,
          0.25384718,  0.34079024],
        [-0.19049365, -0.25839985, -0.28579597, ..., -0.25384718,
          0.        ,  0.09097571],
        [-0.2790135 , -0.34521429, -0.37179196, ..., -0.34079024,
         -0.09097571,  0.        ]],

       ...,

       [[ 0.        , -0.28884087, -0.65018385, ...,  0.91533339,
          0.96664077,  0.81970645],
        [ 0.28884087,  0.        , -0.40301651, ...,  0.99263457,
          0.99942229,  0.95021159],
        [ 0.65018385,  0.40301651,  0.        , ...,  0.9572762 ,
          0.9009668 ,  0.99520885],
        ...,
        [-0.91533339, -0.99263457, -0.9572762 , ...,  0.        ,
          0.15481345, -0.19419494],
        [-0.96664077, -0.99942229, -0.9009668 , ..., -0.15481345,
          0.        , -0.34371992],
        [-0.81970645, -0.95021159, -0.99520885, ...,  0.19419494,
          0.34371992,  0.        ]],

       [[ 0.        ,  0.02506658,  0.04199703, ..., -0.40386614,
         -0.28146502, -0.24513986],
        [-0.02506658,  0.        ,  0.01693937, ..., -0.4266706 ,
         -0.30542976, -0.26936458],
        [-0.04199703, -0.01693937,  0.        , ..., -0.44192947,
         -0.32151585, -0.28563919],
        ...,
        [ 0.40386614,  0.4266706 ,  0.44192947, ...,  0.        ,
          0.13004914,  0.16728488],
        [ 0.28146502,  0.30542976,  0.32151585, ..., -0.13004914,
          0.        ,  0.03764766],
        [ 0.24513986,  0.26936458,  0.28563919, ..., -0.16728488,
         -0.03764766,  0.        ]],

       [[ 0.        , -0.16013802, -0.25670846, ..., -0.99004001,
         -0.99150657, -0.95535752],
        [ 0.16013802,  0.        , -0.09862392, ..., -0.95471793,
         -0.9578838 , -0.89571516],
        [ 0.25670846,  0.09862392,  0.        , ..., -0.92072162,
         -0.92489345, -0.84749735],
        ...,
        [ 0.99004001,  0.95471793,  0.92072162, ...,  0.        ,
         -0.01082931,  0.15800822],
        [ 0.99150657,  0.9578838 ,  0.92489345, ...,  0.01082931,
          0.        ,  0.16869223],
        [ 0.95535752,  0.89571516,  0.84749735, ..., -0.15800822,
         -0.16869223,  0.        ]]]), 'num': array([ 7.96229039e-01,  6.04712066e-01,  5.72547007e-07,  2.16477343e-09,
        6.60403358e-03,  6.71262008e-03,  6.57441908e-03,  1.14077030e-03,
       -9.87150011e-06,  6.57836768e-03,  6.42437227e-03,  6.47981720e-03,
        9.61509751e-07,  6.84673407e-03,  6.00201048e-03])}
{'img': array([[[ 0.00000000e+00,  3.90296997e-02,  1.52543112e-01, ...,
          7.19637127e-01,  5.12192060e-01,  4.96343366e-01],
        [-3.90296997e-02,  0.00000000e+00,  1.13853954e-01, ...,
          6.91988514e-01,  4.78280321e-01,  4.62082469e-01],
        [-1.52543112e-01, -1.13853954e-01,  0.00000000e+00, ...,
          6.05296719e-01,  3.75182937e-01,  3.58107883e-01],
        ...,
        [-7.19637127e-01, -6.91988514e-01, -6.05296719e-01, ...,
          0.00000000e+00, -2.62434681e-01, -2.80099723e-01],
        [-5.12192060e-01, -4.78280321e-01, -3.75182937e-01, ...,
          2.62434681e-01,  0.00000000e+00, -1.83525006e-02],
        [-4.96343366e-01, -4.62082469e-01, -3.58107883e-01, ...,
          2.80099723e-01,  1.83525006e-02,  0.00000000e+00]],

       [[ 0.00000000e+00, -1.03019629e-01,  7.06944559e-02, ...,
          5.53779285e-01,  3.19218376e-01,  2.04536710e-01],
        [ 1.03019629e-01,  0.00000000e+00,  1.73080189e-01, ...,
          6.36613489e-01,  4.15149682e-01,  3.04290116e-01],
        [-7.06944559e-02, -1.73080189e-01,  0.00000000e+00, ...,
          4.93529045e-01,  2.51423891e-01,  1.34825066e-01],
        ...,
        [-5.53779285e-01, -6.36613489e-01, -4.93529045e-01, ...,
          0.00000000e+00, -2.59004719e-01, -3.71761525e-01],
        [-3.19218376e-01, -4.15149682e-01, -2.51423891e-01, ...,
          2.59004719e-01,  0.00000000e+00, -1.18634154e-01],
        [-2.04536710e-01, -3.04290116e-01, -1.34825066e-01, ...,
          3.71761525e-01,  1.18634154e-01,  0.00000000e+00]],

       [[ 0.00000000e+00, -2.84676576e-02, -3.32477327e-02, ...,
          2.58399851e-01,  3.45214294e-01,  4.67258771e-01],
        [ 2.84676576e-02,  0.00000000e+00, -4.78233884e-03, ...,
          2.85795965e-01,  3.71791960e-01,  4.92238240e-01],
        [ 3.32477327e-02,  4.78233884e-03,  0.00000000e+00, ...,
          2.90375567e-01,  3.76227230e-01,  4.96395448e-01],
        ...,
        [-2.58399851e-01, -2.85795965e-01, -2.90375567e-01, ...,
          0.00000000e+00,  9.09757108e-02,  2.22933121e-01],
        [-3.45214294e-01, -3.71791960e-01, -3.76227230e-01, ...,
         -9.09757108e-02,  0.00000000e+00,  1.33322450e-01],
        [-4.67258771e-01, -4.92238240e-01, -4.96395448e-01, ...,
         -2.22933121e-01, -1.33322450e-01,  0.00000000e+00]],

       ...,

       [[ 0.00000000e+00, -4.03016514e-01,  1.98306520e-01, ...,
          9.99422287e-01,  9.50211587e-01,  8.30622624e-01],
        [ 4.03016514e-01,  0.00000000e+00,  5.76501308e-01, ...,
          9.00966801e-01,  9.95208845e-01,  9.84593771e-01],
        [-1.98306520e-01, -5.76501308e-01,  0.00000000e+00, ...,
          9.86313590e-01,  8.69547049e-01,  7.03702342e-01],
        ...,
        [-9.99422287e-01, -9.00966801e-01, -9.86313590e-01, ...,
          0.00000000e+00, -3.43719924e-01, -5.84744152e-01],
        [-9.50211587e-01, -9.95208845e-01, -8.69547049e-01, ...,
          3.43719924e-01,  0.00000000e+00, -2.70285272e-01],
        [-8.30622624e-01, -9.84593771e-01, -7.03702342e-01, ...,
          5.84744152e-01,  2.70285272e-01,  0.00000000e+00]],

       [[ 0.00000000e+00,  1.69393742e-02,  1.63729947e-02, ...,
         -3.05429756e-01, -2.69364577e-01, -2.38247017e-01],
        [-1.69393742e-02,  0.00000000e+00, -5.66458096e-04, ...,
         -3.21515852e-01, -2.85639194e-01, -2.54664431e-01],
        [-1.63729947e-02,  5.66458096e-04,  0.00000000e+00, ...,
         -3.20979419e-01, -2.85096291e-01, -2.54116609e-01],
        ...,
        [ 3.05429756e-01,  3.21515852e-01,  3.20979419e-01, ...,
          0.00000000e+00,  3.76476597e-02,  6.97724901e-02],
        [ 2.69364577e-01,  2.85639194e-01,  2.85096291e-01, ...,
         -3.76476597e-02,  0.00000000e+00,  3.21671170e-02],
        [ 2.38247017e-01,  2.54664431e-01,  2.54116609e-01, ...,
         -6.97724901e-02, -3.21671170e-02,  0.00000000e+00]],

       [[ 0.00000000e+00, -9.86239240e-02, -1.73495087e-01, ...,
         -9.57883804e-01, -8.95715156e-01, -8.27713878e-01],
        [ 9.86239240e-02,  0.00000000e+00, -7.55209938e-02, ...,
         -9.24893447e-01, -8.47497353e-01, -7.68335737e-01],
        [ 1.73495087e-01,  7.55209938e-02,  0.00000000e+00, ...,
         -8.93537072e-01, -8.04990565e-01, -7.17804545e-01],
        ...,
        [ 9.57883804e-01,  9.24893447e-01,  8.93537072e-01, ...,
          0.00000000e+00,  1.68692226e-01,  2.99833772e-01],
        [ 8.95715156e-01,  8.47497353e-01,  8.04990565e-01, ...,
         -1.68692226e-01,  0.00000000e+00,  1.34605843e-01],
        [ 8.27713878e-01,  7.68335737e-01,  7.17804545e-01, ...,
         -2.99833772e-01, -1.34605843e-01,  0.00000000e+00]]]), 'num': array([9.93976219e-01, 1.07216589e-01, 2.52998468e-06, 1.52452684e-09,
       8.28747318e-03, 8.35840733e-03, 7.90915771e-03, 3.14304489e-03,
       3.78315466e-04, 8.01555894e-03, 7.73477793e-03, 7.77221540e-03,
       1.32093389e-06, 8.29135241e-03, 7.17820345e-03])}
{'img': array([[[ 0.00000000e+00,  1.13853954e-01,  5.10321200e-01, ...,
          4.78280321e-01,  4.62082469e-01,  9.09021967e-01],
        [-1.13853954e-01,  0.00000000e+00,  4.09090270e-01, ...,
          3.75182937e-01,  3.58107883e-01,  8.55662619e-01],
        [-5.10321200e-01, -4.09090270e-01,  0.00000000e+00, ...,
         -3.68544004e-02, -5.51882261e-02,  5.69068796e-01],
        ...,
        [-4.78280321e-01, -3.75182937e-01,  3.68544004e-02, ...,
          0.00000000e+00, -1.83525006e-02,  5.98987198e-01],
        [-4.62082469e-01, -3.58107883e-01,  5.51882261e-02, ...,
          1.83525006e-02,  0.00000000e+00,  6.13582239e-01],
        [-9.09021967e-01, -8.55662619e-01, -5.69068796e-01, ...,
         -5.98987198e-01, -6.13582239e-01,  0.00000000e+00]],

       [[ 0.00000000e+00,  1.73080189e-01,  4.95070751e-01, ...,
          4.15149682e-01,  3.04290116e-01,  7.03598059e-01],
        [-1.73080189e-01,  0.00000000e+00,  3.37217829e-01, ...,
          2.51423891e-01,  1.34825066e-01,  5.69988704e-01],
        [-4.95070751e-01, -3.37217829e-01,  0.00000000e+00, ...,
         -8.96882540e-02, -2.07210924e-01,  2.59526674e-01],
        ...,
        [-4.15149682e-01, -2.51423891e-01,  8.96882540e-02, ...,
          0.00000000e+00, -1.18634154e-01,  3.45095923e-01],
        [-3.04290116e-01, -1.34825066e-01,  2.07210924e-01, ...,
          1.18634154e-01,  0.00000000e+00,  4.54005019e-01],
        [-7.03598059e-01, -5.69988704e-01, -2.59526674e-01, ...,
         -3.45095923e-01, -4.54005019e-01,  0.00000000e+00]],

       [[ 0.00000000e+00, -4.78233884e-03,  1.11657908e-01, ...,
          3.71791960e-01,  4.92238240e-01,  6.96333861e-01],
        [ 4.78233884e-03,  0.00000000e+00,  1.16409065e-01, ...,
          3.76227230e-01,  4.96395448e-01,  6.99758269e-01],
        [-1.11657908e-01, -1.16409065e-01,  0.00000000e+00, ...,
          2.65813203e-01,  3.91966328e-01,  6.11840587e-01],
        ...,
        [-3.71791960e-01, -3.76227230e-01, -2.65813203e-01, ...,
          0.00000000e+00,  1.33322450e-01,  3.79576130e-01],
        [-4.92238240e-01, -4.96395448e-01, -3.91966328e-01, ...,
         -1.33322450e-01,  0.00000000e+00,  2.52842880e-01],
        [-6.96333861e-01, -6.99758269e-01, -6.11840587e-01, ...,
         -3.79576130e-01, -2.52842880e-01,  0.00000000e+00]],

       ...,

       [[ 0.00000000e+00,  5.76501308e-01,  9.26158439e-01, ...,
          9.95208845e-01,  9.84593771e-01,  9.98417460e-01],
        [-5.76501308e-01,  0.00000000e+00,  5.39341944e-01, ...,
          8.69547049e-01,  7.03702342e-01,  8.48223720e-01],
        [-9.26158439e-01, -5.39341944e-01,  0.00000000e+00, ...,
          4.65880059e-01,  2.09378786e-01,  4.28621998e-01],
        ...,
        [-9.95208845e-01, -8.69547049e-01, -4.65880059e-01, ...,
          0.00000000e+00, -2.70285272e-01, -4.16498736e-02],
        [-9.84593771e-01, -7.03702342e-01, -2.09378786e-01, ...,
          2.70285272e-01,  0.00000000e+00,  2.29951059e-01],
        [-9.98417460e-01, -8.48223720e-01, -4.28621998e-01, ...,
          4.16498736e-02, -2.29951059e-01,  0.00000000e+00]],

       [[ 0.00000000e+00, -5.66458096e-04, -4.06874610e-02, ...,
         -2.85639194e-01, -2.54664431e-01, -8.54608629e-02],
        [ 5.66458096e-04,  0.00000000e+00, -4.01214655e-02, ...,
         -2.85096291e-01, -2.54116609e-01, -8.48964634e-02],
        [ 4.06874610e-02,  4.01214655e-02,  0.00000000e+00, ...,
         -2.46410354e-01, -2.15107575e-01, -4.48514876e-02],
        ...,
        [ 2.85639194e-01,  2.85096291e-01,  2.46410354e-01, ...,
          0.00000000e+00,  3.21671170e-02,  2.02693865e-01],
        [ 2.54664431e-01,  2.54116609e-01,  2.15107575e-01, ...,
         -3.21671170e-02,  0.00000000e+00,  1.71089574e-01],
        [ 8.54608629e-02,  8.48964634e-02,  4.48514876e-02, ...,
         -2.02693865e-01, -1.71089574e-01,  0.00000000e+00]],

       [[ 0.00000000e+00, -7.55209938e-02, -6.48236176e-02, ...,
         -8.47497353e-01, -7.68335737e-01, -7.89730446e-01],
        [ 7.55209938e-02,  0.00000000e+00,  1.07236583e-02, ...,
         -8.04990565e-01, -7.17804545e-01, -7.41146486e-01],
        [ 6.48236176e-02, -1.07236583e-02,  0.00000000e+00, ...,
         -8.11306492e-01, -7.25229562e-01, -7.48303127e-01],
        ...,
        [ 8.47497353e-01,  8.04990565e-01,  8.11306492e-01, ...,
          0.00000000e+00,  1.34605843e-01,  1.00712030e-01],
        [ 7.68335737e-01,  7.17804545e-01,  7.25229562e-01, ...,
         -1.34605843e-01,  0.00000000e+00, -3.41259834e-02],
        [ 7.89730446e-01,  7.41146486e-01,  7.48303127e-01, ...,
         -1.00712030e-01,  3.41259834e-02,  0.00000000e+00]]]), 'num': array([ 9.93900384e-01,  1.07894977e-01,  2.54599255e-06,  1.02615763e-07,
        8.28042437e-03,  8.42319031e-03,  8.18524708e-03,  1.42568445e-03,
       -5.94858073e-05,  8.13765843e-03,  7.83071167e-03,  7.83190139e-03,
        1.29316972e-06,  8.39190470e-03,  7.26951864e-03])}
{'img': array([[[ 0.        ,  0.40909027,  0.68292157, ...,  0.35810788,
          0.85566262,  0.78645556],
        [-0.40909027,  0.        ,  0.32432474, ..., -0.05518823,
          0.5690688 ,  0.46496259],
        [-0.68292157, -0.32432474,  0.        , ..., -0.37603553,
          0.27161928,  0.15269488],
        ...,
        [-0.35810788,  0.05518823,  0.37603553, ...,  0.        ,
          0.61358224,  0.51311378],
        [-0.85566262, -0.5690688 , -0.27161928, ..., -0.61358224,
          0.        , -0.12147982],
        [-0.78645556, -0.46496259, -0.15269488, ..., -0.51311378,
          0.12147982,  0.        ]],

       [[ 0.        ,  0.33721783,  0.70066107, ...,  0.13482507,
          0.5699887 ,  0.15252685],
        [-0.33721783,  0.        ,  0.41901802, ..., -0.20721092,
          0.25952667, -0.18967931],
        [-0.70066107, -0.41901802,  0.        , ..., -0.59806672,
         -0.16901627, -0.58363584],
        ...,
        [-0.13482507,  0.20721092,  0.59806672, ...,  0.        ,
          0.45400502,  0.01788667],
        [-0.5699887 , -0.25952667,  0.16901627, ..., -0.45400502,
          0.        , -0.43799538],
        [-0.15252685,  0.18967931,  0.58363584, ..., -0.01788667,
          0.43799538,  0.        ]],

       [[ 0.        ,  0.11640906,  0.3480132 , ...,  0.49639545,
          0.69975827,  0.79271921],
        [-0.11640906,  0.        ,  0.23651489, ...,  0.39196633,
          0.61184059,  0.71636834],
        [-0.3480132 , -0.23651489,  0.        , ...,  0.16325654,
          0.40740256,  0.53102173],
        ...,
        [-0.49639545, -0.39196633, -0.16325654, ...,  0.        ,
          0.25284288,  0.38556059],
        [-0.69975827, -0.61184059, -0.40740256, ..., -0.25284288,
          0.        ,  0.139739  ],
        [-0.79271921, -0.71636834, -0.53102173, ..., -0.38556059,
         -0.139739  ,  0.        ]],

       ...,

       [[ 0.        ,  0.53934194,  0.85292153, ...,  0.70370234,
          0.84822372,  0.82110925],
        [-0.53934194,  0.        ,  0.43667641, ...,  0.20937879,
          0.428622  ,  0.38360454],
        [-0.85292153, -0.43667641,  0.        , ..., -0.23863624,
         -0.00893377, -0.05817176],
        ...,
        [-0.70370234, -0.20937879,  0.23863624, ...,  0.        ,
          0.22995106,  0.18174102],
        [-0.84822372, -0.428622  ,  0.00893377, ..., -0.22995106,
          0.        , -0.0492508 ],
        [-0.82110925, -0.38360454,  0.05817176, ..., -0.18174102,
          0.0492508 ,  0.        ]],

       [[ 0.        , -0.04012147, -0.04816957, ..., -0.25411661,
         -0.08489646,  0.00631121],
        [ 0.04012147,  0.        , -0.0080559 , ..., -0.21510757,
         -0.04485149,  0.0464268 ],
        [ 0.04816957,  0.0080559 ,  0.        , ..., -0.20723328,
         -0.03680224,  0.0544725 ],
        ...,
        [ 0.25411661,  0.21510757,  0.20723328, ...,  0.        ,
          0.17108957,  0.26021559],
        [ 0.08489646,  0.04485149,  0.03680224, ..., -0.17108957,
          0.        ,  0.0911832 ],
        [-0.00631121, -0.0464268 , -0.0544725 , ..., -0.26021559,
         -0.0911832 ,  0.        ]],

       [[ 0.        ,  0.01072366,  0.01698925, ..., -0.71780455,
         -0.74114649, -0.63049513],
        [-0.01072366,  0.        ,  0.00626616, ..., -0.72522956,
         -0.74830313, -0.6387825 ],
        [-0.01698925, -0.00626616,  0.        , ..., -0.72952962,
         -0.75244514, -0.64359107],
        ...,
        [ 0.71780455,  0.72522956,  0.72952962, ...,  0.        ,
         -0.03412598,  0.11817614],
        [ 0.74114649,  0.74830313,  0.75244514, ...,  0.03412598,
          0.        ,  0.15199416],
        [ 0.63049513,  0.6387825 ,  0.64359107, ..., -0.11817614,
         -0.15199416,  0.        ]]]), 'num': array([ 9.98428753e-01,  5.09865944e-02,  2.77029871e-06,  8.86492572e-08,
        8.31089613e-03,  8.52960392e-03,  8.31089613e-03,  1.39409207e-03,
       -1.45805195e-04,  8.31089613e-03,  8.03690387e-03,  8.00571776e-03,
        1.35004810e-06,  8.58145341e-03,  7.49235432e-03])}
{'img': array([[[ 0.        ,  0.32432474,  0.7000064 , ...,  0.5690688 ,
          0.46496259,  0.22669375],
        [-0.32432474,  0.        ,  0.43055596, ...,  0.27161928,
          0.15269488, -0.10144129],
        [-0.7000064 , -0.43055596,  0.        , ..., -0.16921536,
         -0.2876901 , -0.51989219],
        ...,
        [-0.5690688 , -0.27161928,  0.16921536, ...,  0.        ,
         -0.12147982, -0.36784573],
        [-0.46496259, -0.15269488,  0.2876901 , ...,  0.12147982,
          0.        , -0.25215894],
        [-0.22669375,  0.10144129,  0.51989219, ...,  0.36784573,
          0.25215894,  0.        ]],

       [[ 0.        ,  0.41901802,  0.01878946, ...,  0.25952667,
         -0.18967931, -0.21065459],
        [-0.41901802,  0.        , -0.40188363, ..., -0.16901627,
         -0.58363584, -0.60088521],
        [-0.01878946,  0.40188363,  0.        , ...,  0.2413352 ,
         -0.20809418, -0.22898524],
        ...,
        [-0.25952667,  0.16901627, -0.2413352 , ...,  0.        ,
         -0.43799538, -0.45713975],
        [ 0.18967931,  0.58363584,  0.20809418, ...,  0.43799538,
          0.        , -0.02140738],
        [ 0.21065459,  0.60088521,  0.22898524, ...,  0.45713975,
          0.02140738,  0.        ]],

       [[ 0.        ,  0.23651489,  0.50083101, ...,  0.61184059,
          0.71636834,  0.71636834],
        [-0.23651489,  0.        ,  0.28190707, ...,  0.40740256,
          0.53102173,  0.53102173],
        [-0.50083101, -0.28190707,  0.        , ...,  0.13342775,
          0.27060813,  0.27060813],
        ...,
        [-0.61184059, -0.40740256, -0.13342775, ...,  0.        ,
          0.139739  ,  0.139739  ],
        [-0.71636834, -0.53102173, -0.27060813, ..., -0.139739  ,
          0.        ,  0.        ],
        [-0.71636834, -0.53102173, -0.27060813, ..., -0.139739  ,
          0.        ,  0.        ]],

       ...,

       [[ 0.        ,  0.43667641,  0.56470166, ...,  0.428622  ,
          0.38360454,  0.41948191],
        [-0.43667641,  0.        ,  0.14762924, ..., -0.00893377,
         -0.05817176, -0.01902524],
        [-0.56470166, -0.14762924,  0.        , ..., -0.15645923,
         -0.2049136 , -0.16641929],
        ...,
        [-0.428622  ,  0.00893377,  0.15645923, ...,  0.        ,
         -0.0492508 , -0.01009233],
        [-0.38360454,  0.05817176,  0.2049136 , ...,  0.0492508 ,
          0.        ,  0.03916821],
        [-0.41948191,  0.01902524,  0.16641929, ...,  0.01009233,
         -0.03916821,  0.        ]],

       [[ 0.        , -0.0080559 ,  0.11886268, ..., -0.04485149,
          0.0464268 ,  0.06691411],
        [ 0.0080559 ,  0.        ,  0.12685761, ..., -0.03680224,
          0.0544725 ,  0.07494978],
        [-0.11886268, -0.12685761,  0.        , ..., -0.16327659,
         -0.07263684, -0.05215654],
        ...,
        [ 0.04485149,  0.03680224,  0.16327659, ...,  0.        ,
          0.0911832 ,  0.11159774],
        [-0.0464268 , -0.0544725 ,  0.07263684, ..., -0.0911832 ,
          0.        ,  0.02051921],
        [-0.06691411, -0.07494978,  0.05215654, ..., -0.11159774,
         -0.02051921,  0.        ]],

       [[ 0.        ,  0.00626616, -0.08612545, ..., -0.74830313,
         -0.6387825 , -0.46406489],
        [-0.00626616,  0.        , -0.09236664, ..., -0.75244514,
         -0.64359107, -0.46960635],
        [ 0.08612545,  0.09236664,  0.        , ..., -0.68839074,
         -0.57014515, -0.38605054],
        ...,
        [ 0.74830313,  0.75244514,  0.68839074, ...,  0.        ,
          0.15199416,  0.35500715],
        [ 0.6387825 ,  0.64359107,  0.57014515, ..., -0.15199416,
          0.        ,  0.20878865],
        [ 0.46406489,  0.46960635,  0.38605054, ..., -0.35500715,
         -0.20878865,  0.        ]]]), 'num': array([8.36327088e-01, 5.47881437e-01, 8.31255476e-07, 3.74875945e-08,
       7.03525976e-03, 7.11635786e-03, 6.96429893e-03, 2.00719813e-03,
       1.01372619e-04, 6.98254600e-03, 6.74482721e-03, 6.68298991e-03,
       1.20551223e-06, 7.16847623e-03, 6.32117819e-03])}
{'img': array([[[ 0.        ,  0.43055596,  0.40242319, ...,  0.15269488,
         -0.10144129,  0.10762065],
        [-0.43055596,  0.        , -0.03094143, ..., -0.2876901 ,
         -0.51989219, -0.33092079],
        [-0.40242319,  0.03094143,  0.        , ..., -0.25791902,
         -0.49321211, -0.3015642 ],
        ...,
        [-0.15269488,  0.2876901 ,  0.25791902, ...,  0.        ,
         -0.25215894, -0.04544941],
        [ 0.10144129,  0.51989219,  0.49321211, ...,  0.25215894,
          0.        ,  0.20791762],
        [-0.10762065,  0.33092079,  0.3015642 , ...,  0.04544941,
         -0.20791762,  0.        ]],

       [[ 0.        , -0.40188363, -0.58158107, ..., -0.58363584,
         -0.60088521, -0.34805094],
        [ 0.40188363,  0.        , -0.20562072, ..., -0.20809418,
         -0.22898524,  0.05804909],
        [ 0.58158107,  0.20562072,  0.        , ..., -0.00252815,
         -0.02393488,  0.26208266],
        ...,
        [ 0.58363584,  0.20809418,  0.00252815, ...,  0.        ,
         -0.02140738,  0.2645216 ],
        [ 0.60088521,  0.22898524,  0.02393488, ...,  0.02140738,
          0.        ,  0.28510583],
        [ 0.34805094, -0.05804909, -0.26208266, ..., -0.2645216 ,
         -0.28510583,  0.        ]],

       [[ 0.        ,  0.28190707,  0.54326838, ...,  0.53102173,
          0.53102173,  0.62832664],
        [-0.28190707,  0.        ,  0.28455671, ...,  0.27060813,
          0.27060813,  0.38353329],
        [-0.54326838, -0.28455671,  0.        , ..., -0.0145188 ,
         -0.0145188 ,  0.10488191],
        ...,
        [-0.53102173, -0.27060813,  0.0145188 , ...,  0.        ,
          0.        ,  0.11930957],
        [-0.53102173, -0.27060813,  0.0145188 , ...,  0.        ,
          0.        ,  0.11930957],
        [-0.62832664, -0.38353329, -0.10488191, ..., -0.11930957,
         -0.11930957,  0.        ]],

       ...,

       [[ 0.        ,  0.14762924,  0.19649349, ..., -0.05817176,
         -0.01902524,  0.10886713],
        [-0.14762924,  0.        ,  0.04958924, ..., -0.2049136 ,
         -0.16641929, -0.03907753],
        [-0.19649349, -0.04958924,  0.        , ..., -0.25319845,
         -0.21511226, -0.08858082],
        ...,
        [ 0.05817176,  0.2049136 ,  0.25319845, ...,  0.        ,
          0.03916821,  0.16650877],
        [ 0.01902524,  0.16641929,  0.21511226, ..., -0.03916821,
          0.        ,  0.12775958],
        [-0.10886713,  0.03907753,  0.08858082, ..., -0.16650877,
         -0.12775958,  0.        ]],

       [[ 0.        ,  0.12685761,  0.20525966, ...,  0.0544725 ,
          0.07494978,  0.09498269],
        [-0.12685761,  0.        ,  0.07944486, ..., -0.07263684,
         -0.05215654, -0.03206875],
        [-0.20525966, -0.07944486,  0.        , ..., -0.15164226,
         -0.13132841, -0.11137139],
        ...,
        [-0.0544725 ,  0.07263684,  0.15164226, ...,  0.        ,
