state_0,state_1,state_2,state_3,state_4,state_5,state_6,state_7,state_8,state_9,state_10,state_11,state_12,state_13,state_14,state_15,state_16,state_17,state_18,state_19,state_20,state_21,state_22,state_23,state_24,state_25,state_26,state_27,state_28,state_29,state_30,state_31,state_32,state_33,state_34,state_35,state_36,state_37,state_38,state_39,state_40,state_41,state_42,state_43,state_44,state_45,state_46,state_47,state_48,state_49,state_50,state_51,state_52,state_53,state_54,state_55,state_56,state_57,state_58,state_59,state_60,state_61,state_62,state_63,state_64,state_65,state_66,state_67,state_68,state_69,state_70,state_71,state_72,state_73,state_74,state_75,state_76,state_77,state_78,state_79,state_80,state_81,state_82,state_83,state_84,state_85,state_86,state_87,state_88,state_89,state_90,state_91,state_92,state_93,state_94,state_95,state_96,state_97,state_98,state_99,state_100,state_101,state_102,state_103,state_104,state_105,state_106,state_107,state_108,state_109,state_110,state_111,state_112,state_113,state_114,state_115,state_116,state_117,state_118,state_119,state_120,state_121,state_122,state_123,state_124,state_125,state_126,state_127,state_128,state_129,state_130,state_131,state_132,state_133,state_134,state_135,state_136,state_137,state_138,state_139,state_140,state_141,state_142,state_143,state_144,state_145,state_146,state_147,state_148,state_149,state_150,state_151,state_152,state_153,state_154,state_155,state_156,state_157,state_158,state_159,state_160,state_161,state_162,state_163,state_164,state_165,state_166,state_167,state_168,state_169,state_170,state_171,state_172,state_173,state_174,state_175,state_176,state_177,state_178,state_179,state_180,state_181,state_182,state_183,state_184,state_185,state_186,state_187,state_188,state_189,state_190,state_191,state_192,state_193,state_194,state_195,state_196,state_197,state_198,state_199,state_200,state_201,state_202,state_203,state_204,state_205,state_206,state_207,state_208,state_209,state_210,state_211,state_212,state_213,state_214,state_215,state_216,state_217,state_218,state_219,state_220,state_221,state_222,state_223,state_224,state_225,state_226,state_227,state_228,state_229,state_230,state_231,state_232,state_233,state_234,state_235,state_236,state_237,state_238,state_239,state_240,state_241,state_242,state_243,state_244,state_245,state_246,state_247,state_248,state_249,state_250,state_251,state_252,state_253,state_254,state_255,state_256,state_257,state_258,state_259,state_260,state_261,state_262,state_263,state_264,state_265,state_266,state_267,state_268,state_269,state_270,state_271,state_272,state_273,state_274,state_275,state_276,state_277,state_278,state_279,state_280,state_281,state_282,state_283,state_284,state_285,state_286,state_287
{'img': array([[[ 0.        ,  0.50679098, -0.26553403, ..., -0.9181458 ,
         -0.98331081, -0.99936943],
        [-0.50679098,  0.        , -0.71750658, ..., -0.59069278,
         -0.75547939, -0.87951992],
        [ 0.26553403,  0.71750658,  0.        , ..., -0.99040166,
         -0.99632099, -0.95406528],
        ...,
        [ 0.9181458 ,  0.59069278,  0.99040166, ...,  0.        ,
          0.2225881 ,  0.42859331],
        [ 0.98331081,  0.75547939,  0.99632099, ..., -0.2225881 ,
          0.        ,  0.2167332 ],
        [ 0.99936943,  0.87951992,  0.95406528, ..., -0.42859331,
         -0.2167332 ,  0.        ]],

       [[ 0.        ,  0.06783482,  0.4101627 , ...,  0.33867923,
          0.27071263,  0.11408409],
        [-0.06783482,  0.        ,  0.34735172, ...,  0.27407319,
          0.20478718,  0.04642937],
        [-0.4101627 , -0.34735172,  0.        , ..., -0.07704322,
         -0.14795405, -0.30343869],
        ...,
        [-0.33867923, -0.27407319,  0.07704322, ...,  0.        ,
         -0.07131899, -0.22912608],
        [-0.27071263, -0.20478718,  0.14795405, ...,  0.07131899,
          0.        , -0.15912096],
        [-0.11408409, -0.04642937,  0.30343869, ...,  0.22912608,
          0.15912096,  0.        ]],

       [[ 0.        , -0.40369502, -0.62382972, ..., -0.51338897,
         -0.4402559 , -0.4733935 ],
        [ 0.40369502,  0.        , -0.25522584, ..., -0.8161296 ,
         -0.76525391, -0.78869988],
        [ 0.62382972,  0.25522584,  0.        , ..., -0.93658766,
         -0.90420598, -0.91948663],
        ...,
        [ 0.51338897,  0.8161296 ,  0.93658766, ...,  0.        ,
         -0.0831495 , -0.04597373],
        [ 0.4402559 ,  0.76525391,  0.90420598, ...,  0.0831495 ,
          0.        ,  0.03724705],
        [ 0.4733935 ,  0.78869988,  0.91948663, ...,  0.04597373,
         -0.03724705,  0.        ]],

       ...,

       [[ 0.        ,  0.30028659,  0.00940165, ..., -0.31688312,
         -0.10259921,  0.35042665],
        [-0.30028659,  0.        , -0.29130556, ..., -0.58706985,
         -0.39656607,  0.05300865],
        [-0.00940165,  0.29130556,  0.        , ..., -0.32578625,
         -0.11194672,  0.34160567],
        ...,
        [ 0.31688312,  0.58706985,  0.32578625, ...,  0.        ,
          0.21789914,  0.62915689],
        [ 0.10259921,  0.39656607,  0.11194672, ..., -0.21789914,
          0.        ,  0.44467079],
        [-0.35042665, -0.05300865, -0.34160567, ..., -0.62915689,
         -0.44467079,  0.        ]],

       [[ 0.        ,  0.02819208,  0.03621553, ..., -0.94526755,
         -0.94399426, -0.94241891],
        [-0.02819208,  0.        ,  0.00802755, ..., -0.93569286,
         -0.93431673, -0.93261591],
        [-0.03621553, -0.00802755,  0.        , ..., -0.93283047,
         -0.93142526, -0.92968896],
        ...,
        [ 0.94526755,  0.93569286,  0.93283047, ...,  0.        ,
         -0.00388045, -0.00862253],
        [ 0.94399426,  0.93431673,  0.93142526, ...,  0.00388045,
          0.        , -0.00474216],
        [ 0.94241891,  0.93261591,  0.92968896, ...,  0.00862253,
          0.00474216,  0.        ]],

       [[ 0.        , -0.32640407, -0.53612257, ..., -0.8423816 ,
         -0.84625722, -0.85614906],
        [ 0.32640407,  0.        , -0.23122853, ..., -0.97213775,
         -0.97380778, -0.97792049],
        [ 0.53612257,  0.23122853,  0.        , ..., -0.99999465,
         -0.99999215, -0.99973984],
        ...,
        [ 0.8423816 ,  0.97213775,  0.99999465, ...,  0.        ,
          0.00723286,  0.02607992],
        [ 0.84625722,  0.97380778,  0.99999215, ..., -0.00723286,
          0.        ,  0.01884883],
        [ 0.85614906,  0.97792049,  0.99973984, ..., -0.02607992,
         -0.01884883,  0.        ]]]), 'num': array([7.07106685e-01, 7.07106685e-01, 0.00000000e+00, 0.00000000e+00,
       1.70105854e-04, 1.71356632e-04, 1.67187371e-04, 1.98631938e-04,
       1.25077833e-06, 1.64852584e-04, 1.72002867e-04, 1.72114048e-04,
       3.19966551e-07, 1.85779042e-04, 1.58226692e-04])}
{'img': array([[[ 0.00000000e+00, -7.17506582e-01, -7.30644008e-01, ...,
         -7.55479390e-01, -8.79519921e-01, -9.00680150e-01],
        [ 7.17506582e-01,  0.00000000e+00, -1.90475388e-02, ...,
         -9.96320991e-01, -9.54065284e-01, -9.39114551e-01],
        [ 7.30644008e-01,  1.90475388e-02,  0.00000000e+00, ...,
         -9.94507864e-01, -9.48185577e-01, -9.32399361e-01],
        ...,
        [ 7.55479390e-01,  9.96320991e-01,  9.94507864e-01, ...,
          0.00000000e+00,  2.16733204e-01,  2.61858019e-01],
        [ 8.79519921e-01,  9.54065284e-01,  9.48185577e-01, ...,
         -2.16733204e-01,  0.00000000e+00,  4.64632781e-02],
        [ 9.00680150e-01,  9.39114551e-01,  9.32399361e-01, ...,
         -2.61858019e-01, -4.64632781e-02,  0.00000000e+00]],

       [[ 0.00000000e+00,  3.47351724e-01,  1.94249503e-01, ...,
          2.04787178e-01,  4.64293741e-02, -1.56540530e-02],
        [-3.47351724e-01,  0.00000000e+00, -1.58580880e-01, ...,
         -1.47954046e-01, -3.03438686e-01, -3.61988515e-01],
        [-1.94249503e-01,  1.58580880e-01,  0.00000000e+00, ...,
          1.07537420e-02, -1.48495025e-01, -2.09581579e-01],
        ...,
        [-2.04787178e-01,  1.47954046e-01, -1.07537420e-02, ...,
          0.00000000e+00, -1.59120956e-01, -2.20084374e-01],
        [-4.64293741e-02,  3.03438686e-01,  1.48495025e-01, ...,
          1.59120956e-01,  0.00000000e+00, -6.20608563e-02],
        [ 1.56540530e-02,  3.61988515e-01,  2.09581579e-01, ...,
          2.20084374e-01,  6.20608563e-02,  0.00000000e+00]],

       [[ 0.00000000e+00, -5.09043591e-01, -6.73420929e-01, ...,
         -4.49394655e-01, -4.83117449e-01, -5.64862293e-01],
        [ 5.09043591e-01,  0.00000000e+00, -2.03325641e-01, ...,
         -8.41557896e-01, -8.61534814e-01, -9.06255218e-01],
        [ 6.73420929e-01,  2.03325641e-01,  0.00000000e+00, ...,
         -9.33808523e-01, -9.46766483e-01, -9.73276654e-01],
        ...,
        [ 4.49394655e-01,  8.41557896e-01,  9.33808523e-01, ...,
          0.00000000e+00,  3.81149343e-02,  1.33776504e-01],
        [ 4.83117449e-01,  8.61534814e-01,  9.46766483e-01, ...,
         -3.81149343e-02,  0.00000000e+00,  9.59069576e-02],
        [ 5.64862293e-01,  9.06255218e-01,  9.73276654e-01, ...,
         -1.33776504e-01, -9.59069576e-02,  0.00000000e+00]],

       ...,

       [[ 0.00000000e+00, -2.91305560e-01, -2.69964738e-01, ...,
         -3.96566067e-01,  5.30086511e-02,  3.08073857e-02],
        [ 2.91305560e-01,  0.00000000e+00,  2.22330616e-02, ...,
         -1.11946715e-01,  3.41605668e-01,  3.20638560e-01],
        [ 2.69964738e-01, -2.22330616e-02,  0.00000000e+00, ...,
         -1.34012353e-01,  3.20625633e-01,  2.99500111e-01],
        ...,
        [ 3.96566067e-01,  1.11946715e-01,  1.34012353e-01, ...,
          0.00000000e+00,  4.44670786e-01,  4.24659203e-01],
        [-5.30086511e-02, -3.41605668e-01, -3.20625633e-01, ...,
         -4.44670786e-01,  0.00000000e+00, -2.22194178e-02],
        [-3.08073857e-02, -3.20638560e-01, -2.99500111e-01, ...,
         -4.24659203e-01,  2.22194178e-02,  0.00000000e+00]],

       [[ 0.00000000e+00,  8.02754802e-03, -9.60066694e-02, ...,
         -9.34316734e-01, -9.32615914e-01, -9.32877990e-01],
        [-8.02754802e-03,  0.00000000e+00, -1.03994042e-01, ...,
         -9.31425259e-01, -9.29688958e-01, -9.29956469e-01],
        [ 9.60066694e-02,  1.03994042e-01,  0.00000000e+00, ...,
         -9.64221826e-01, -9.62953853e-01, -9.63149623e-01],
        ...,
        [ 9.34316734e-01,  9.31425259e-01,  9.64221826e-01, ...,
          0.00000000e+00, -4.74216237e-03, -4.01525373e-03],
        [ 9.32615914e-01,  9.29688958e-01,  9.62953853e-01, ...,
          4.74216237e-03,  0.00000000e+00,  7.26915552e-04],
        [ 9.32877990e-01,  9.29956469e-01,  9.63149623e-01, ...,
          4.01525373e-03, -7.26915552e-04,  0.00000000e+00]],

       [[ 0.00000000e+00, -4.43925828e-01, -5.53399598e-01, ...,
         -8.54397846e-01, -8.64215391e-01, -8.67412262e-01],
        [ 4.43925828e-01,  0.00000000e+00, -1.26128323e-01, ...,
         -9.96267227e-01, -9.97740754e-01, -9.98149622e-01],
        [ 5.53399598e-01,  1.26128323e-01,  0.00000000e+00, ...,
         -9.99198712e-01, -9.98246253e-01, -9.97847654e-01],
        ...,
        [ 8.54397846e-01,  9.96267227e-01,  9.99198712e-01, ...,
          0.00000000e+00,  1.91967218e-02,  2.55842780e-02],
        [ 8.64215391e-01,  9.97740754e-01,  9.98246253e-01, ...,
         -1.91967218e-02,  0.00000000e+00,  6.38912536e-03],
        [ 8.67412262e-01,  9.98149622e-01,  9.97847654e-01, ...,
         -2.55842780e-02, -6.38912536e-03,  0.00000000e+00]]]), 'num': array([ 8.85437219e-01,  4.64758534e-01,  1.98433342e-05, -6.77697606e-11,
        2.17405005e-04,  2.18943248e-04,  2.05611809e-04,  2.75714668e-04,
        8.20396246e-06,  2.06124557e-04,  2.11328945e-04,  2.10918747e-04,
        4.81982794e-07,  2.27878149e-04,  1.94779742e-04])}
{'img': array([[[ 0.00000000e+00, -1.79599366e-01, -3.54754866e-01, ...,
         -9.24115268e-01, -9.42809042e-01, -9.97319429e-01],
        [ 1.79599366e-01,  0.00000000e+00, -1.81068387e-01, ...,
         -9.77716403e-01, -9.87345269e-01, -9.94244270e-01],
        [ 3.54754866e-01,  1.81068387e-01,  0.00000000e+00, ...,
         -9.99566947e-01, -9.99739750e-01, -9.58410798e-01],
        ...,
        [ 9.24115268e-01,  9.77716403e-01,  9.99566947e-01, ...,
          0.00000000e+00,  5.22219430e-02,  3.13471348e-01],
        [ 9.42809042e-01,  9.87345269e-01,  9.99739750e-01, ...,
         -5.22219430e-02,  0.00000000e+00,  2.63453782e-01],
        [ 9.97319429e-01,  9.94244270e-01,  9.58410798e-01, ...,
         -3.13471348e-01, -2.63453782e-01,  0.00000000e+00]],

       [[ 0.00000000e+00, -1.58580880e-01, -1.95410423e-01, ...,
         -3.03438686e-01, -3.61988515e-01, -3.20799965e-01],
        [ 1.58580880e-01,  0.00000000e+00, -3.74140110e-02, ...,
         -1.48495025e-01, -2.09581579e-01, -1.66541159e-01],
        [ 1.95410423e-01,  3.74140110e-02,  0.00000000e+00, ...,
         -1.11391849e-01, -1.72851751e-01, -1.29533050e-01],
        ...,
        [ 3.03438686e-01,  1.48495025e-01,  1.11391849e-01, ...,
          0.00000000e+00, -6.20608563e-02, -1.82735243e-02],
        [ 3.61988515e-01,  2.09581579e-01,  1.72851751e-01, ...,
          6.20608563e-02,  0.00000000e+00,  4.38121940e-02],
        [ 3.20799965e-01,  1.66541159e-01,  1.29533050e-01, ...,
          1.82735243e-02, -4.38121940e-02,  0.00000000e+00]],

       [[ 0.00000000e+00, -4.94061862e-01, -6.17432071e-01, ...,
         -4.99624590e-01, -5.83515627e-01, -7.07207179e-01],
        [ 4.94061862e-01,  0.00000000e+00, -1.48170941e-01, ...,
         -8.62364139e-01, -9.08552678e-01, -9.64169723e-01],
        [ 6.17432071e-01,  1.48170941e-01,  0.00000000e+00, ...,
         -9.27862411e-01, -9.60425280e-01, -9.92834691e-01],
        ...,
        [ 4.99624590e-01,  8.62364139e-01,  9.27862411e-01, ...,
          0.00000000e+00,  9.97196812e-02,  2.59374820e-01],
        [ 5.83515627e-01,  9.08552678e-01,  9.60425280e-01, ...,
         -9.97196812e-02,  0.00000000e+00,  1.61775037e-01],
        [ 7.07207179e-01,  9.64169723e-01,  9.92834691e-01, ...,
         -2.59374820e-01, -1.61775037e-01,  0.00000000e+00]],

       ...,

       [[ 0.00000000e+00,  2.22330616e-02, -1.40604470e-01, ...,
          3.41605668e-01,  3.20638560e-01,  5.63494272e-01],
        [-2.22330616e-02,  0.00000000e+00, -1.62581909e-01, ...,
          3.20625633e-01,  2.99500111e-01,  5.44987808e-01],
        [ 1.40604470e-01,  1.62581909e-01,  0.00000000e+00, ...,
          4.70358285e-01,  4.50634069e-01,  6.74052594e-01],
        ...,
        [-3.41605668e-01, -3.20625633e-01, -4.70358285e-01, ...,
          0.00000000e+00, -2.22194178e-02,  2.47389093e-01],
        [-3.20638560e-01, -2.99500111e-01, -4.50634069e-01, ...,
          2.22194178e-02,  0.00000000e+00,  2.68856771e-01],
        [-5.63494272e-01, -5.44987808e-01, -6.74052594e-01, ...,
         -2.47389093e-01, -2.68856771e-01,  0.00000000e+00]],

       [[ 0.00000000e+00, -1.03994042e-01, -1.74154320e-01, ...,
         -9.29688958e-01, -9.29956469e-01, -9.22073677e-01],
        [ 1.03994042e-01,  0.00000000e+00, -7.08051976e-02, ...,
         -9.62953853e-01, -9.63149623e-01, -9.57321310e-01],
        [ 1.74154320e-01,  7.08051976e-02,  0.00000000e+00, ...,
         -9.79630766e-01, -9.79776477e-01, -9.75383117e-01],
        ...,
        [ 9.29688958e-01,  9.62953853e-01,  9.79630766e-01, ...,
          0.00000000e+00,  7.26915552e-04, -2.01612703e-02],
        [ 9.29956469e-01,  9.63149623e-01,  9.79776477e-01, ...,
         -7.26915552e-04,  0.00000000e+00, -2.08880328e-02],
        [ 9.22073677e-01,  9.57321310e-01,  9.75383117e-01, ...,
          2.01612703e-02,  2.08880328e-02,  0.00000000e+00]],

       [[ 0.00000000e+00, -3.58861566e-01, -5.05460072e-01, ...,
         -8.79507696e-01, -8.82640016e-01, -8.85107369e-01],
        [ 3.58861566e-01,  0.00000000e+00, -1.62148078e-01, ...,
         -9.91701103e-01, -9.92530793e-01, -9.93160535e-01],
        [ 5.05460072e-01,  1.62148078e-01,  0.00000000e+00, ...,
         -9.99423908e-01, -9.99177226e-01, -9.98949374e-01],
        ...,
        [ 8.79507696e-01,  9.91701103e-01,  9.99423908e-01, ...,
          0.00000000e+00,  6.62262847e-03,  1.18976825e-02],
        [ 8.82640016e-01,  9.92530793e-01,  9.99177226e-01, ...,
         -6.62262847e-03,  0.00000000e+00,  5.27526189e-03],
        [ 8.85107369e-01,  9.93160535e-01,  9.98949374e-01, ...,
         -1.18976825e-02, -5.27526189e-03,  0.00000000e+00]]]), 'num': array([ 9.98118660e-01,  6.13068413e-02,  4.54763019e-05,  2.15224447e-08,
        2.44662267e-04,  2.56539076e-04,  2.41693064e-04,  3.57373185e-04,
       -7.12608544e-06,  2.42405673e-04,  2.43949658e-04,  2.43504278e-04,
        5.16861135e-07,  2.61668010e-04,  2.26231306e-04])}
{'img': array([[[ 0.        , -0.30974498, -0.39650448, ..., -0.94472325,
         -0.99784772, -0.96498771],
        [ 0.30974498,  0.        , -0.09264821, ..., -0.99981718,
         -0.96908439, -0.99877389],
        [ 0.39650448,  0.09264821,  0.        , ..., -0.99728838,
         -0.94205722, -0.98989154],
        ...,
        [ 0.94472325,  0.99981718,  0.99728838, ...,  0.        ,
          0.26521412,  0.06859315],
        [ 0.99784772,  0.96908439,  0.94205722, ..., -0.26521412,
          0.        , -0.19845267],
        [ 0.96498771,  0.99877389,  0.98989154, ..., -0.06859315,
          0.19845267,  0.        ]],

       [[ 0.        , -0.03741401, -0.13705928, ..., -0.20958158,
         -0.16654116, -0.12517699],
        [ 0.03741401,  0.        , -0.09990239, ..., -0.17285175,
         -0.12953305, -0.08796962],
        [ 0.13705928,  0.09990239,  0.        , ..., -0.07358837,
         -0.0298243 ,  0.01198556],
        ...,
        [ 0.20958158,  0.17285175,  0.07358837, ...,  0.        ,
          0.04381219,  0.08553614],
        [ 0.16654116,  0.12953305,  0.0298243 , ..., -0.04381219,
          0.        ,  0.04180239],
        [ 0.12517699,  0.08796962, -0.01198556, ..., -0.08553614,
         -0.04180239,  0.        ]],

       [[ 0.        , -0.41149068, -0.52664522, ..., -0.60136045,
         -0.72709039, -0.81396071],
        [ 0.41149068,  0.        , -0.13018969, ..., -0.87686025,
         -0.94518587, -0.98089829],
        [ 0.52664522,  0.13018969,  0.        , ..., -0.93198547,
         -0.97965269, -0.99787464],
        ...,
        [ 0.60136045,  0.87686025,  0.93198547, ...,  0.        ,
          0.16807008,  0.30099431],
        [ 0.72709039,  0.94518587,  0.97965269, ..., -0.16807008,
          0.        ,  0.1364367 ],
        [ 0.81396071,  0.98089829,  0.99787464, ..., -0.30099431,
         -0.1364367 ,  0.        ]],

       ...,

       [[ 0.        , -0.16258191, -0.14848968, ...,  0.29950011,
          0.54498781,  0.44905667],
        [ 0.16258191,  0.        ,  0.01426548, ...,  0.45063407,
          0.67405259,  0.58834946],
        [ 0.14848968, -0.01426548,  0.        , ...,  0.43785329,
          0.66344633,  0.57675443],
        ...,
        [-0.29950011, -0.45063407, -0.43785329, ...,  0.        ,
          0.26885677,  0.16083896],
        [-0.54498781, -0.67405259, -0.66344633, ..., -0.26885677,
          0.        , -0.11043954],
        [-0.44905667, -0.58834946, -0.57675443, ..., -0.16083896,
          0.11043954,  0.        ]],

       [[ 0.        , -0.0708052 , -0.10579093, ..., -0.96314962,
         -0.95732131, -0.93410303],
        [ 0.0708052 ,  0.        , -0.03511754, ..., -0.97977648,
         -0.97538312, -0.95703629],
        [ 0.10579093,  0.03511754,  0.        , ..., -0.98619899,
         -0.98252551, -0.96662895],
        ...,
        [ 0.96314962,  0.97977648,  0.98619899, ...,  0.        ,
         -0.02088803, -0.09260572],
        [ 0.95732131,  0.97538312,  0.98252551, ...,  0.02088803,
          0.        , -0.07178724],
        [ 0.93410303,  0.95703629,  0.96662895, ...,  0.09260572,
          0.07178724,  0.        ]],

       [[ 0.        , -0.37498982, -0.53004575, ..., -0.89212345,
         -0.89454976, -0.90156217],
        [ 0.37498982,  0.        , -0.17338798, ..., -0.99644154,
         -0.9968821 , -0.9980134 ],
        [ 0.53004575,  0.17338798,  0.        , ..., -0.99596335,
         -0.99546419, -0.99382088],
        ...,
        [ 0.89212345,  0.99644154,  0.99596335, ...,  0.        ,
          0.0053992 ,  0.02134148],
        [ 0.89454976,  0.9968821 ,  0.99546419, ..., -0.0053992 ,
          0.        ,  0.0159432 ],
        [ 0.90156217,  0.9980134 ,  0.99382088, ..., -0.02134148,
         -0.0159432 ,  0.        ]]]), 'num': array([ 9.47009927e-01,  3.21203541e-01,  2.98003041e-05, -1.04975205e-08,
        2.33771530e-04,  2.34884728e-04,  2.29875338e-04,  2.40884864e-04,
        4.45279105e-06,  2.30320617e-04,  2.28400351e-04,  2.27593283e-04,
        5.72204457e-07,  2.44533175e-04,  2.12267527e-04])}
{'img': array([[[ 0.        , -0.25709342, -0.98717144, ..., -0.9991169 ,
         -0.9698513 , -0.994015  ],
        [ 0.25709342,  0.        , -0.91294068, ..., -0.97633539,
         -0.99990427, -0.98868856],
        [ 0.98717144,  0.91294068,  0.        , ..., -0.20100066,
         -0.3954214 , -0.26655053],
        ...,
        [ 0.9991169 ,  0.97633539,  0.20100066, ...,  0.        ,
         -0.20273222, -0.06738189],
        [ 0.9698513 ,  0.99990427,  0.3954214 , ...,  0.20273222,
          0.        ,  0.13628881],
        [ 0.994015  ,  0.98868856,  0.26655053, ...,  0.06738189,
         -0.13628881,  0.        ]],

       [[ 0.        , -0.09990239,  0.86148073, ..., -0.12953305,
         -0.08796962, -0.20646736],
        [ 0.09990239,  0.        ,  0.80644149, ..., -0.0298243 ,
          0.01198556, -0.10768461],
        [-0.86148073, -0.80644149,  0.        , ..., -0.78844722,
         -0.81347079, -0.73807671],
        ...,
        [ 0.12953305,  0.0298243 ,  0.78844722, ...,  0.        ,
          0.04180239, -0.07798583],
        [ 0.08796962, -0.01198556,  0.81347079, ..., -0.04180239,
          0.        , -0.11959274],
        [ 0.20646736,  0.10768461,  0.73807671, ...,  0.07798583,
          0.11959274,  0.        ]],

       [[ 0.        , -0.3524547 , -0.74694651, ..., -0.74053821,
         -0.82747855, -0.88704885],
        [ 0.3524547 ,  0.        , -0.46467258, ..., -0.92987162,
         -0.97228069, -0.99284565],
        [ 0.74694651,  0.46467258,  0.        , ..., -0.99433081,
         -0.96958583, -0.93463167],
        ...,
        [ 0.74053821,  0.92987162,  0.99433081, ...,  0.        ,
          0.14026716,  0.25422107],
        [ 0.82747855,  0.97228069,  0.96958583, ..., -0.14026716,
          0.        ,  0.11604892],
        [ 0.88704885,  0.99284565,  0.93463167, ..., -0.25422107,
         -0.11604892,  0.        ]],

       ...,

       [[ 0.        ,  0.01426548, -0.27631278, ...,  0.67405259,
          0.58834946,  0.77319335],
        [-0.01426548,  0.        , -0.28999476, ...,  0.66344633,
          0.57675443,  0.76406793],
        [ 0.27631278,  0.28999476,  0.        , ...,  0.85191787,
          0.78887209,  0.91832058],
        ...,
        [-0.67405259, -0.66344633, -0.85191787, ...,  0.        ,
         -0.11043954,  0.14368088],
        [-0.58834946, -0.57675443, -0.78887209, ...,  0.11043954,
          0.        ,  0.25209559],
        [-0.77319335, -0.76406793, -0.91832058, ..., -0.14368088,
         -0.25209559,  0.        ]],

       [[ 0.        , -0.03511754,  0.09849606, ..., -0.97538312,
         -0.95703629, -0.94904755],
        [ 0.03511754,  0.        ,  0.13338209, ..., -0.98252551,
         -0.96662895, -0.95952886],
        [-0.09849606, -0.13338209,  0.        , ..., -0.9489202 ,
         -0.92382192, -0.9133934 ],
        ...,
        [ 0.97538312,  0.98252551,  0.9489202 , ...,  0.        ,
         -0.07178724, -0.09809414],
        [ 0.95703629,  0.96662895,  0.92382192, ...,  0.07178724,
          0.        , -0.02640004],
        [ 0.94904755,  0.95952886,  0.9133934 , ...,  0.09809414,
          0.02640004,  0.        ]],

       [[ 0.        , -0.39670455, -0.74692831, ..., -0.90471061,
         -0.91156065, -0.91401752],
        [ 0.39670455,  0.        , -0.42186945, ..., -0.99948251,
         -0.99987505, -0.99995205],
        [ 0.74692831,  0.42186945,  0.        , ..., -0.91975759,
         -0.91321211, -0.91074436],
        ...,
        [ 0.90471061,  0.99948251,  0.91975759, ...,  0.        ,
          0.01636321,  0.02237762],
        [ 0.91156065,  0.99987505,  0.91321211, ..., -0.01636321,
          0.        ,  0.00601551],
        [ 0.91401752,  0.99995205,  0.91074436, ..., -0.02237762,
         -0.00601551,  0.        ]]]), 'num': array([9.92884115e-01, 1.19082340e-01, 4.14124086e-05, 3.67997877e-09,
       2.45243284e-04, 2.51054737e-04, 2.42918703e-04, 2.45801184e-04,
       1.16229045e-06, 2.42453787e-04, 2.38124255e-04, 2.37010394e-04,
       6.69197530e-07, 2.54081428e-04, 2.22167083e-04])}
{'img': array([[[ 0.        , -0.98376031, -0.98376031, ..., -0.97300851,
         -0.99557058, -0.99820864],
        [ 0.98376031,  0.        , -0.35314473, ..., -0.40166416,
         -0.27118244, -0.23802311],
        [ 0.98376031,  0.35314473,  0.        , ..., -0.05237906,
          0.08620187,  0.1203082 ],
        ...,
        [ 0.97300851,  0.40166416,  0.05237906, ...,  0.        ,
          0.13826763,  0.17214165],
        [ 0.99557058,  0.27118244, -0.08620187, ..., -0.13826763,
          0.        ,  0.03428462],
        [ 0.99820864,  0.23802311, -0.1203082 , ..., -0.17214165,
         -0.03428462,  0.        ]],

       [[ 0.        ,  0.80644149,  0.99889641, ...,  0.01198556,
         -0.10768461, -0.11577357],
        [-0.80644149,  0.        , -0.62853798, ..., -0.81347079,
         -0.73807671, -0.73256016],
        [-0.99889641,  0.62853798,  0.        , ..., -0.99826173,
         -0.99814563, -0.99761708],
        ...,
        [-0.01198556,  0.81347079,  0.99826173, ...,  0.        ,
         -0.11959274, -0.12767022],
        [ 0.10768461,  0.73807671,  0.99814563, ...,  0.11959274,
          0.        , -0.00813987],
        [ 0.11577357,  0.73256016,  0.99761708, ...,  0.12767022,
          0.00813987,  0.        ]],

       [[ 0.        , -0.69389763, -0.89611072, ..., -0.83715788,
         -0.89611072, -0.92448622],
        [ 0.69389763,  0.        , -0.33729275, ..., -0.98235051,
         -0.95323871, -0.93022269],
        [ 0.89611072,  0.33729275,  0.        , ..., -0.86169417,
         -0.79544267, -0.75192651],
        ...,
        [ 0.83715788,  0.98235051,  0.86169417, ...,  0.        ,
          0.11858165,  0.18652067],
        [ 0.89611072,  0.95323871,  0.79544267, ..., -0.11858165,
          0.        ,  0.06870398],
        [ 0.92448622,  0.93022269,  0.75192651, ..., -0.18652067,
         -0.06870398,  0.        ]],

       ...,

       [[ 0.        , -0.28999476, -0.73592652, ...,  0.57675443,
          0.76406793,  0.88540899],
        [ 0.28999476,  0.        , -0.5079582 , ...,  0.78887209,
          0.91832058,  0.98215467],
        [ 0.73592652,  0.5079582 ,  0.        , ...,  0.99168948,
          0.99209346,  0.94154431],
        ...,
        [-0.57675443, -0.78887209, -0.99168948, ...,  0.        ,
          0.25209559,  0.45522335],
        [-0.76406793, -0.91832058, -0.99209346, ..., -0.25209559,
          0.        ,  0.21606051],
        [-0.88540899, -0.98215467, -0.94154431, ..., -0.45522335,
         -0.21606051,  0.        ]],

       [[ 0.        ,  0.13338209,  0.35642012, ..., -0.96662895,
         -0.95952886, -0.94572842],
        [-0.13338209,  0.        ,  0.22861307, ..., -0.92382192,
         -0.9133934 , -0.89393446],
        [-0.35642012, -0.22861307,  0.        , ..., -0.81183845,
         -0.79614099, -0.76779687],
        ...,
        [ 0.96662895,  0.92382192,  0.81183845, ...,  0.        ,
         -0.02640004, -0.07183664],
        [ 0.95952886,  0.9133934 ,  0.79614099, ...,  0.02640004,
          0.        , -0.04547977],
        [ 0.94572842,  0.89393446,  0.76779687, ...,  0.07183664,
          0.04547977,  0.        ]],

       [[ 0.        , -0.67683736, -0.89993755, ..., -0.92250961,
         -0.92488446, -0.93019745],
        [ 0.67683736,  0.        , -0.36735953, ..., -0.94033109,
         -0.93820382, -0.93318827],
        [ 0.89993755,  0.36735953,  0.        , ..., -0.74958415,
         -0.74546671, -0.73591426],
        ...,
        [ 0.92250961,  0.94033109,  0.74958415, ...,  0.        ,
          0.00619879,  0.02041618],
        [ 0.92488446,  0.93820382,  0.74546671, ..., -0.00619879,
          0.        ,  0.01421829],
        [ 0.93019745,  0.93318827,  0.73591426, ..., -0.02041618,
         -0.01421829,  0.        ]]]), 'num': array([9.75089304e-01, 2.21811346e-01, 3.54483745e-05, 8.16110795e-09,
       2.41280576e-04, 2.45822328e-04, 2.35035667e-04, 3.56379927e-04,
       1.70315701e-06, 2.38782613e-04, 2.32651247e-04, 2.30976476e-04,
       6.88144246e-07, 2.48300533e-04, 2.17001962e-04])}
{'img': array([[[ 0.00000000e+00, -7.31024079e-01, -6.43532492e-01, ...,
         -6.19298057e-01, -5.67672842e-01, -4.81350595e-01],
        [ 7.31024079e-01,  0.00000000e+00,  1.20424102e-01, ...,
          1.51388869e-01,  2.14466164e-01,  3.12312806e-01],
        [ 6.43532492e-01, -1.20424102e-01,  0.00000000e+00, ...,
          3.12510139e-02,  9.52833901e-02,  1.95639555e-01],
        ...,
        [ 6.19298057e-01, -1.51388869e-01, -3.12510139e-02, ...,
          0.00000000e+00,  6.41280230e-02,  1.64896883e-01],
        [ 5.67672842e-01, -2.14466164e-01, -9.52833901e-02, ...,
         -6.41280230e-02,  0.00000000e+00,  1.01307310e-01],
        [ 4.81350595e-01, -3.12312806e-01, -1.95639555e-01, ...,
         -1.64896883e-01, -1.01307310e-01,  0.00000000e+00]],

       [[ 0.00000000e+00, -6.28537985e-01, -9.81846511e-01, ...,
         -7.38076711e-01, -7.32560155e-01, -8.22671636e-01],
        [ 6.28537985e-01,  0.00000000e+00, -8.82878797e-01, ...,
         -9.98145627e-01, -9.97617075e-01, -9.97191051e-01],
        [ 9.81846511e-01,  8.82878797e-01,  0.00000000e+00, ...,
         -5.22472038e-01, -5.29395238e-01, -4.02154230e-01],
        ...,
        [ 7.38076711e-01,  9.98145627e-01,  5.22472038e-01, ...,
          0.00000000e+00, -8.13986608e-03,  1.35461351e-01],
        [ 7.32560155e-01,  9.97617075e-01,  5.29395238e-01, ...,
          8.13986608e-03,  0.00000000e+00,  1.43521702e-01],
        [ 8.22671636e-01,  9.97191051e-01,  4.02154230e-01, ...,
         -1.35461351e-01, -1.43521702e-01,  0.00000000e+00]],

       [[ 0.00000000e+00, -7.34322407e-01, -9.25390533e-01, ...,
         -9.35502883e-01, -9.59849958e-01, -9.78190709e-01],
        [ 7.34322407e-01,  0.00000000e+00, -3.49836687e-01, ...,
         -8.94470259e-01, -8.57534629e-01, -8.16521902e-01],
        [ 9.25390533e-01,  3.49836687e-01,  0.00000000e+00, ...,
         -6.81527726e-01, -6.23382446e-01, -5.62960679e-01],
        ...,
        [ 9.35502883e-01,  8.94470259e-01,  6.81527726e-01, ...,
          0.00000000e+00,  7.67117032e-02,  1.51301258e-01],
        [ 9.59849958e-01,  8.57534629e-01,  6.23382446e-01, ...,
         -7.67117032e-02,  0.00000000e+00,  7.50268457e-02],
        [ 9.78190709e-01,  8.16521902e-01,  5.62960679e-01, ...,
         -1.51301258e-01, -7.50268457e-02,  0.00000000e+00]],

       ...,

       [[ 0.00000000e+00, -5.07958202e-01, -2.85535375e-01, ...,
          9.18320579e-01,  9.82154673e-01,  9.97506340e-01],
        [ 5.07958202e-01,  0.00000000e+00,  2.40856020e-01, ...,
          9.92093455e-01,  9.41544309e-01,  8.95083851e-01],
        [ 2.85535375e-01, -2.40856020e-01,  0.00000000e+00, ...,
          9.93114818e-01,  9.94967837e-01,  9.76130533e-01],
        ...,
        [-9.18320579e-01, -9.92093455e-01, -9.93114818e-01, ...,
          0.00000000e+00,  2.16060510e-01,  3.30038163e-01],
        [-9.82154673e-01, -9.41544309e-01, -9.94967837e-01, ...,
         -2.16060510e-01,  0.00000000e+00,  1.18288534e-01],
        [-9.97506340e-01, -8.95083851e-01, -9.76130533e-01, ...,
         -3.30038163e-01, -1.18288534e-01,  0.00000000e+00]],

       [[ 0.00000000e+00,  2.28613073e-01,  3.50183138e-01, ...,
         -9.13393400e-01, -8.93934462e-01, -8.95485961e-01],
        [-2.28613073e-01,  0.00000000e+00,  1.26771786e-01, ...,
         -7.96140985e-01, -7.67796869e-01, -7.70017796e-01],
        [-3.50183138e-01, -1.26771786e-01,  0.00000000e+00, ...,
         -7.13006624e-01, -6.80380375e-01, -6.82921983e-01],
        ...,
        [ 9.13393400e-01,  7.96140985e-01,  7.13006624e-01, ...,
          0.00000000e+00, -4.54797705e-02, -4.20094166e-02],
        [ 8.93934462e-01,  7.67796869e-01,  6.80380375e-01, ...,
          4.54797705e-02,  0.00000000e+00,  3.47367386e-03],
        [ 8.95485961e-01,  7.70017796e-01,  6.82921983e-01, ...,
          4.20094166e-02, -3.47367386e-03,  0.00000000e+00]],

       [[ 0.00000000e+00, -7.56258263e-01, -9.17495204e-01, ...,
         -9.58213252e-01, -9.62618296e-01, -9.62354586e-01],
        [ 7.56258263e-01,  0.00000000e+00, -2.99493201e-01, ...,
         -8.43264590e-01, -8.34656703e-01, -8.35191613e-01],
        [ 9.17495204e-01,  2.99493201e-01,  0.00000000e+00, ...,
         -6.43580224e-01, -6.31392621e-01, -6.32146011e-01],
        ...,
        [ 9.58213252e-01,  8.43264590e-01,  6.43580224e-01, ...,
          0.00000000e+00,  1.58184171e-02,  1.48466124e-02],
        [ 9.62618296e-01,  8.34656703e-01,  6.31392621e-01, ...,
         -1.58184171e-02,  0.00000000e+00, -9.71918789e-04],
        [ 9.62354586e-01,  8.35191613e-01,  6.32146011e-01, ...,
         -1.48466124e-02,  9.71918789e-04,  0.00000000e+00]]]), 'num': array([ 8.50920079e-01,  5.25294678e-01,  1.56550673e-05,  1.20659977e-08,
        2.07934483e-04,  2.09933853e-04,  2.03935743e-04,  4.23606529e-04,
       -4.49858257e-06,  2.09434011e-04,  2.04535554e-04,  2.03194310e-04,
        5.38291932e-07,  2.17758632e-04,  1.91312476e-04])}
{'img': array([[[ 0.        ,  0.1204241 , -0.05832372, ...,  0.21446616,
          0.31231281,  0.02961789],
        [-0.1204241 ,  0.        , -0.17811838, ...,  0.09528339,
          0.19563955, -0.09096893],
        [ 0.05832372,  0.17811838,  0.        , ...,  0.27106769,
          0.36718749,  0.0878656 ],
        ...,
        [-0.21446616, -0.09528339, -0.27106769, ...,  0.        ,
          0.10130731, -0.18544335],
        [-0.31231281, -0.19563955, -0.36718749, ..., -0.10130731,
          0.        , -0.28403941],
        [-0.02961789,  0.09096893, -0.0878656 , ...,  0.18544335,
          0.28403941,  0.        ]],

       [[ 0.        , -0.8828788 , -0.73862046, ..., -0.99761708,
         -0.99719105, -0.98096404],
        [ 0.8828788 ,  0.        ,  0.24831074, ..., -0.52939524,
         -0.40215423, -0.28921584],
        [ 0.73862046, -0.24831074,  0.        , ..., -0.72347551,
         -0.61690528, -0.51785663],
        ...,
        [ 0.99761708,  0.52939524,  0.72347551, ...,  0.        ,
          0.1435217 ,  0.26140738],
        [ 0.99719105,  0.40215423,  0.61690528, ..., -0.1435217 ,
          0.        ,  0.12016983],
        [ 0.98096404,  0.28921584,  0.51785663, ..., -0.26140738,
         -0.12016983,  0.        ]],

       [[ 0.        , -0.76598609, -0.96274577, ..., -0.98974332,
         -0.99842389, -0.99529035],
        [ 0.76598609,  0.        , -0.41177911, ..., -0.74569015,
         -0.68483295, -0.71408326],
        [ 0.96274577,  0.41177911,  0.        , ..., -0.40516978,
         -0.32401362, -0.36246203],
        ...,
        [ 0.98974332,  0.74569015,  0.40516978, ...,  0.        ,
          0.08708517,  0.04623983],
        [ 0.99842389,  0.68483295,  0.32401362, ..., -0.08708517,
          0.        , -0.04092786],
        [ 0.99529035,  0.71408326,  0.36246203, ..., -0.04623983,
          0.04092786,  0.        ]],

       ...,

       [[ 0.        ,  0.24085602,  0.27289934, ...,  0.94154431,
          0.89508385,  0.9781908 ],
        [-0.24085602,  0.        ,  0.03315167, ...,  0.99496784,
          0.97613053,  0.99942151],
        [-0.27289934, -0.03315167,  0.        , ...,  0.99774256,
          0.98279402,  0.99774469],
        ...,
        [-0.94154431, -0.99496784, -0.99774256, ...,  0.        ,
          0.11828853, -0.13397526],
        [-0.89508385, -0.97613053, -0.98279402, ..., -0.11828853,
          0.        , -0.25025678],
        [-0.9781908 , -0.99942151, -0.99774469, ...,  0.13397526,
          0.25025678,  0.        ]],

       [[ 0.        ,  0.12677179,  0.26764429, ..., -0.76779687,
         -0.7700178 , -0.74457404],
        [-0.12677179,  0.        ,  0.14333804, ..., -0.68038037,
         -0.68292198, -0.65394152],
        [-0.26764429, -0.14333804,  0.        , ..., -0.56830803,
         -0.57116279, -0.53874709],
        ...,
        [ 0.76779687,  0.68038037,  0.56830803, ...,  0.        ,
          0.00347367, -0.03549141],
        [ 0.7700178 ,  0.68292198,  0.57116279, ..., -0.00347367,
          0.        , -0.03896268],
        [ 0.74457404,  0.65394152,  0.53874709, ...,  0.03549141,
          0.03896268,  0.        ]],

       [[ 0.        , -0.72394076, -0.9160693 , ..., -0.99295657,
         -0.99282097, -0.99398847],
        [ 0.72394076,  0.        , -0.34164681, ..., -0.77077485,
         -0.77150005, -0.76497552],
        [ 0.9160693 ,  0.34164681,  0.        , ..., -0.50673031,
         -0.50771197, -0.49890491],
        ...,
        [ 0.99295657,  0.77077485,  0.50673031, ...,  0.        ,
         -0.00113906,  0.009053  ],
        [ 0.99282097,  0.77150005,  0.50771197, ...,  0.00113906,
          0.        ,  0.01019201],
        [ 0.99398847,  0.76497552,  0.49890491, ..., -0.009053  ,
         -0.01019201,  0.        ]]]), 'num': array([ 9.94308406e-01,  1.06537569e-01,  4.36251049e-05,  4.39189101e-09,
        2.42427877e-04,  2.48979982e-04,  2.40640939e-04,  2.45882623e-04,
       -5.36081300e-06,  2.48979982e-04,  2.43053305e-04,  2.42060562e-04,
        6.01012068e-07,  2.57752489e-04,  2.28354121e-04])}
{'img': array([[[ 0.        , -0.17811838, -0.56455443, ...,  0.19563955,
         -0.09096893, -0.34215839],
        [ 0.17811838,  0.        , -0.40850851, ...,  0.36718749,
          0.0878656 , -0.1693194 ],
        [ 0.56455443,  0.40850851,  0.        , ...,  0.71512499,
          0.48712827,  0.24806311],
        ...,
        [-0.19563955, -0.36718749, -0.71512499, ...,  0.        ,
         -0.28403941, -0.51937768],
        [ 0.09096893, -0.0878656 , -0.48712827, ...,  0.28403941,
          0.        , -0.25526146],
        [ 0.34215839,  0.1693194 , -0.24806311, ...,  0.51937768,
          0.25526146,  0.        ]],

       [[ 0.        ,  0.24831074,  0.79006879, ..., -0.40215423,
         -0.28921584, -0.53668472],
        [-0.24831074,  0.        ,  0.91754318, ..., -0.61690528,
         -0.51785663, -0.72939633],
        [-0.79006879, -0.91754318,  0.        , ..., -0.47683696,
         -0.57900977, -0.33764901],
        ...,
        [ 0.40215423,  0.61690528,  0.47683696, ...,  0.        ,
          0.12016983, -0.15204262],
        [ 0.28921584,  0.51785663,  0.57900977, ..., -0.12016983,
          0.        , -0.26971355],
        [ 0.53668472,  0.72939633,  0.33764901, ...,  0.15204262,
          0.26971355,  0.        ]],

       [[ 0.        , -0.83740438, -0.99992284, ..., -0.9888269 ,
         -0.99504967, -0.99766325],
        [ 0.83740438,  0.        , -0.53613914, ..., -0.41564635,
         -0.46065777, -0.48809266],
        [ 0.99992284,  0.53613914,  0.        , ...,  0.13677326,
          0.08701035,  0.05592438],
        ...,
        [ 0.9888269 ,  0.41564635, -0.13677326, ...,  0.        ,
         -0.05006187, -0.08116039],
        [ 0.99504967,  0.46065777, -0.08701035, ...,  0.05006187,
          0.        , -0.0311619 ],
        [ 0.99766325,  0.48809266, -0.05592438, ...,  0.08116039,
          0.0311619 ,  0.        ]],

       ...,

       [[ 0.        ,  0.03315167, -0.46296017, ...,  0.97613053,
          0.99942151,  0.98889958],
        [-0.03315167,  0.        , -0.49209064, ...,  0.98279402,
