state_0,state_1,state_2,state_3,state_4,state_5,state_6,state_7,state_8,state_9,state_10,state_11,state_12,state_13,state_14,state_15,state_16,state_17,state_18,state_19,state_20,state_21,state_22,state_23,state_24,state_25,state_26,state_27,state_28,state_29,state_30,state_31,state_32,state_33,state_34,state_35,state_36,state_37,state_38,state_39,state_40,state_41,state_42,state_43,state_44,state_45,state_46,state_47,state_48,state_49,state_50,state_51,state_52,state_53,state_54,state_55,state_56,state_57,state_58,state_59,state_60,state_61,state_62,state_63,state_64,state_65,state_66,state_67,state_68,state_69,state_70,state_71,state_72,state_73,state_74,state_75,state_76,state_77,state_78,state_79,state_80,state_81,state_82,state_83,state_84,state_85,state_86,state_87,state_88,state_89,state_90,state_91,state_92,state_93,state_94,state_95,state_96,state_97,state_98,state_99,state_100,state_101,state_102,state_103,state_104,state_105,state_106,state_107,state_108,state_109,state_110,state_111,state_112,state_113,state_114,state_115,state_116,state_117,state_118,state_119,state_120,state_121,state_122,state_123,state_124,state_125,state_126,state_127,state_128,state_129,state_130,state_131,state_132,state_133,state_134,state_135,state_136,state_137,state_138,state_139,state_140,state_141,state_142,state_143,state_144,state_145,state_146,state_147,state_148,state_149,state_150,state_151,state_152,state_153,state_154,state_155,state_156,state_157,state_158,state_159,state_160,state_161,state_162,state_163,state_164,state_165,state_166,state_167,state_168,state_169,state_170,state_171,state_172,state_173,state_174,state_175,state_176,state_177,state_178,state_179,state_180,state_181,state_182,state_183,state_184,state_185,state_186,state_187,state_188,state_189,state_190,state_191,state_192,state_193,state_194,state_195,state_196,state_197,state_198,state_199,state_200,state_201,state_202,state_203,state_204,state_205,state_206,state_207,state_208,state_209,state_210,state_211,state_212,state_213,state_214,state_215,state_216,state_217,state_218,state_219,state_220,state_221,state_222,state_223,state_224,state_225,state_226,state_227,state_228,state_229,state_230,state_231,state_232,state_233,state_234,state_235,state_236,state_237,state_238,state_239,state_240,state_241,state_242,state_243,state_244,state_245,state_246,state_247,state_248,state_249,state_250,state_251,state_252,state_253,state_254,state_255,state_256,state_257,state_258,state_259,state_260,state_261,state_262,state_263,state_264,state_265,state_266,state_267,state_268,state_269,state_270,state_271,state_272,state_273,state_274,state_275,state_276,state_277,state_278,state_279,state_280,state_281,state_282,state_283,state_284,state_285,state_286,state_287
{'img': array([[[ 0.        ,  0.1060331 , -0.35154706, ...,  0.911822  ,
          0.92847857,  0.911822  ],
        [-0.1060331 ,  0.        , -0.44883028, ...,  0.86314602,
          0.88386515,  0.86314602],
        [ 0.35154706,  0.44883028,  0.        , ...,  0.9979608 ,
          0.99977363,  0.9979608 ],
        ...,
        [-0.911822  , -0.86314602, -0.9979608 , ...,  0.        ,
          0.04258213,  0.        ],
        [-0.92847857, -0.88386515, -0.99977363, ..., -0.04258213,
          0.        , -0.04258213],
        [-0.911822  , -0.86314602, -0.9979608 , ...,  0.        ,
          0.04258213,  0.        ]],

       [[ 0.        , -0.68468284,  0.90361991, ..., -0.42714132,
         -0.12589544, -0.16655465],
        [ 0.68468284,  0.        ,  0.3653216 , ...,  0.3077617 ,
          0.5874774 ,  0.55372746],
        [-0.90361991, -0.3653216 ,  0.        , ..., -0.63407979,
         -0.84250482, -0.81965713],
        ...,
        [ 0.42714132, -0.3077617 ,  0.63407979, ...,  0.        ,
          0.30991002,  0.27057891],
        [ 0.12589544, -0.5874774 ,  0.84250482, ..., -0.30991002,
          0.        , -0.0410925 ],
        [ 0.16655465, -0.55372746,  0.81965713, ..., -0.27057891,
          0.0410925 ,  0.        ]],

       [[ 0.        ,  0.0777434 ,  0.04598644, ...,  0.83953069,
          0.86721881,  0.89446259],
        [-0.0777434 ,  0.        , -0.03181389, ...,  0.79475082,
          0.82588353,  0.85699301],
        [-0.04598644,  0.03181389,  0.        , ...,  0.81365752,
          0.84340345,  0.8729538 ],
        ...,
        [-0.83953069, -0.79475082, -0.81365752, ...,  0.        ,
          0.05314543,  0.11058241],
        [-0.86721881, -0.82588353, -0.84340345, ..., -0.05314543,
          0.        ,  0.05760665],
        [-0.89446259, -0.85699301, -0.8729538 , ..., -0.11058241,
         -0.05760665,  0.        ]],

       ...,

       [[ 0.        ,  0.        , -0.02553664, ..., -0.31113725,
         -0.24563837, -0.41401193],
        [ 0.        ,  0.        , -0.02553664, ..., -0.31113725,
         -0.24563837, -0.41401193],
        [ 0.02553664,  0.02553664,  0.        , ..., -0.28676666,
         -0.22080402, -0.39063164],
        ...,
        [ 0.31113725,  0.31113725,  0.28676666, ...,  0.        ,
          0.06815838, -0.11024309],
        [ 0.24563837,  0.24563837,  0.22080402, ..., -0.06815838,
          0.        , -0.17772965],
        [ 0.41401193,  0.41401193,  0.39063164, ...,  0.11024309,
          0.17772965,  0.        ]],

       [[ 0.        , -0.17909745, -0.40870376, ...,  0.86379441,
          0.83682768,  0.79775623],
        [ 0.17909745,  0.        , -0.23863921, ...,  0.94006527,
          0.92134713,  0.89284978],
        [ 0.40870376,  0.23863921,  0.        , ...,  0.99427986,
          0.98749666,  0.9745261 ],
        ...,
        [-0.86379441, -0.94006527, -0.99427986, ...,  0.        ,
         -0.05126742, -0.1189058 ],
        [-0.83682768, -0.92134713, -0.98749666, ...,  0.05126742,
          0.        , -0.06784572],
        [-0.79775623, -0.89284978, -0.9745261 , ...,  0.1189058 ,
          0.06784572,  0.        ]],

       [[ 0.        ,  0.07618676,  0.14394949, ...,  0.86895474,
          0.87034003,  0.87585338],
        [-0.07618676,  0.        ,  0.06813783, ...,  0.828725  ,
          0.83029218,  0.83654177],
        [-0.14394949, -0.06813783,  0.        , ...,  0.78866522,
          0.79038736,  0.79726464],
        ...,
        [-0.86895474, -0.828725  , -0.78866522, ...,  0.        ,
          0.00280608,  0.0141146 ],
        [-0.87034003, -0.83029218, -0.79038736, ..., -0.00280608,
          0.        ,  0.01130874],
        [-0.87585338, -0.83654177, -0.79726464, ..., -0.0141146 ,
         -0.01130874,  0.        ]]]), 'num': array([7.07076083e-01, 7.07076083e-01, 0.00000000e+00, 0.00000000e+00,
       2.14774360e-04, 2.15216283e-04, 2.12122825e-04, 9.29805050e-03,
       4.41922552e-07, 2.14597591e-04, 2.15547725e-04, 2.18118241e-04,
       3.87651362e-06, 2.24292321e-04, 2.06803128e-04])}
{'img': array([[[ 0.        , -0.44883028,  0.        , ...,  0.88386515,
          0.86314602,  0.87370842],
        [ 0.44883028,  0.        ,  0.44883028, ...,  0.99977363,
          0.9979608 ,  0.9990942 ],
        [ 0.        , -0.44883028,  0.        , ...,  0.88386515,
          0.86314602,  0.87370842],
        ...,
        [-0.88386515, -0.99977363, -0.88386515, ...,  0.        ,
         -0.04258213, -0.02128624],
        [-0.86314602, -0.9979608 , -0.86314602, ...,  0.04258213,
          0.        ,  0.02130555],
        [-0.87370842, -0.9990942 , -0.87370842, ...,  0.02128624,
         -0.02130555,  0.        ]],

       [[ 0.        ,  0.3653216 ,  0.12481686, ...,  0.5874774 ,
          0.55372746,  0.39968031],
        [-0.3653216 ,  0.        , -0.4786544 , ..., -0.84250482,
         -0.81965713, -0.70692867],
        [-0.12481686,  0.4786544 ,  0.        , ...,  0.48187634,
          0.44546246,  0.28214078],
        ...,
        [-0.5874774 ,  0.84250482, -0.48187634, ...,  0.        ,
         -0.0410925 , -0.21507633],
        [-0.55372746,  0.81965713, -0.44546246, ...,  0.0410925 ,
          0.        , -0.17476385],
        [-0.39968031,  0.70692867, -0.28214078, ...,  0.21507633,
          0.17476385,  0.        ]],

       [[ 0.        , -0.03181389, -0.20490482, ...,  0.82588353,
          0.85699301,  0.88293115],
        [ 0.03181389,  0.        , -0.17366224, ...,  0.84340345,
          0.8729538 ,  0.89742092],
        [ 0.20490482,  0.17366224,  0.        , ...,  0.92389355,
          0.94440245,  0.96040035],
        ...,
        [-0.82588353, -0.84340345, -0.92389355, ...,  0.        ,
          0.05760665,  0.11007818],
        [-0.85699301, -0.8729538 , -0.94440245, ..., -0.05760665,
          0.        ,  0.05263881],
        [-0.88293115, -0.89742092, -0.96040035, ..., -0.11007818,
         -0.05263881,  0.        ]],

       ...,

       [[ 0.        , -0.02553664, -0.09601592, ..., -0.24563837,
         -0.41401193, -0.24101853],
        [ 0.02553664,  0.        , -0.07056595, ..., -0.22080402,
         -0.39063164, -0.2161561 ],
        [ 0.09601592,  0.07056595,  0.        , ..., -0.15142933,
         -0.32469856, -0.14671955],
        ...,
        [ 0.24563837,  0.22080402,  0.15142933, ...,  0.        ,
         -0.17772965,  0.00476298],
        [ 0.41401193,  0.39063164,  0.32469856, ...,  0.17772965,
          0.        ,  0.18241479],
        [ 0.24101853,  0.2161561 ,  0.14671955, ..., -0.00476298,
         -0.18241479,  0.        ]],

       [[ 0.        , -0.23863921, -0.60361871, ...,  0.92134713,
          0.89284978,  0.85567771],
        [ 0.23863921,  0.        , -0.39591851, ...,  0.98749666,
          0.9745261 ,  0.95445368],
        [ 0.60361871,  0.39591851,  0.        , ...,  0.96921658,
          0.98368761,  0.99458702],
        ...,
        [-0.92134713, -0.98749666, -0.96921658, ...,  0.        ,
         -0.06784572, -0.14416862],
        [-0.89284978, -0.9745261 , -0.98368761, ...,  0.06784572,
          0.        , -0.07669948],
        [-0.85567771, -0.95445368, -0.99458702, ...,  0.14416862,
          0.07669948,  0.        ]],

       [[ 0.        ,  0.06813783,  0.11927016, ...,  0.83029218,
          0.83654177,  0.84941152],
        [-0.06813783,  0.        ,  0.05134152, ...,  0.79038736,
          0.79726464,  0.81147897],
        [-0.11927016, -0.05134152,  0.        , ...,  0.75789277,
          0.7652219 ,  0.78040572],
        ...,
        [-0.83029218, -0.79038736, -0.75789277, ...,  0.        ,
          0.01130874,  0.03523016],
        [-0.83654177, -0.79726464, -0.7652219 , ..., -0.01130874,
          0.        ,  0.02392619],
        [-0.84941152, -0.81147897, -0.78040572, ..., -0.03523016,
         -0.02392619,  0.        ]]]), 'num': array([7.01881553e-01, 7.01881553e-01, 0.00000000e+00, 0.00000000e+00,
       2.13635198e-04, 2.32059589e-04, 2.11441818e-04, 1.21343301e-01,
       4.38675971e-07, 2.13196522e-04, 2.13635198e-04, 2.16815599e-04,
       4.00195622e-06, 2.21827993e-04, 2.05442403e-04])}
{'img': array([[[ 0.        ,  0.44883028,  0.28860979, ...,  0.9979608 ,
          0.9990942 ,  0.99977363],
        [-0.44883028,  0.        , -0.1718245 , ...,  0.86314602,
          0.87370842,  0.88386515],
        [-0.28860979,  0.1718245 ,  0.        , ...,  0.93707248,
          0.94429829,  0.95108944],
        ...,
        [-0.9979608 , -0.86314602, -0.93707248, ...,  0.        ,
          0.02130555,  0.04258213],
        [-0.9990942 , -0.87370842, -0.94429829, ..., -0.02130555,
          0.        ,  0.02128624],
        [-0.99977363, -0.88386515, -0.95108944, ..., -0.04258213,
         -0.02128624,  0.        ]],

       [[ 0.        , -0.8923601 , -0.87754233, ..., -0.72611285,
         -0.79624955,  0.98972486],
        [ 0.8923601 ,  0.        ,  0.03182991, ...,  0.28585274,
          0.18048295,  0.31909261],
        [ 0.87754233, -0.03182991,  0.        , ...,  0.25520614,
          0.14908429,  0.34909688],
        ...,
        [ 0.72611285, -0.28585274, -0.25520614, ...,  0.        ,
         -0.10820646,  0.57668738],
        [ 0.79624955, -0.18048295, -0.14908429, ...,  0.10820646,
          0.        ,  0.48490044],
        [-0.98972486, -0.31909261, -0.34909688, ..., -0.57668738,
         -0.48490044,  0.        ]],

       [[ 0.        , -0.17366224, -0.43687643, ...,  0.8729538 ,
          0.89742092,  0.90160155],
        [ 0.17366224,  0.        , -0.27402528, ...,  0.94440245,
          0.96040035,  0.96302261],
        [ 0.43687643,  0.27402528,  0.        , ...,  0.99835033,
          0.99998855,  0.99998855],
        ...,
        [-0.8729538 , -0.94440245, -0.99835033, ...,  0.        ,
          0.05263881,  0.06219241],
        [-0.89742092, -0.96040035, -0.99998855, ..., -0.05263881,
          0.        ,  0.00956927],
        [-0.90160155, -0.96302261, -0.99998855, ..., -0.06219241,
         -0.00956927,  0.        ]],

       ...,

       [[ 0.        , -0.07056595, -0.09492229, ..., -0.39063164,
         -0.2161561 , -0.1747982 ],
        [ 0.07056595,  0.        , -0.02443833, ..., -0.32469856,
         -0.14671955, -0.10488291],
        [ 0.09492229,  0.02443833,  0.        , ..., -0.30148738,
         -0.12250187, -0.08054804],
        ...,
        [ 0.39063164,  0.32469856,  0.30148738, ...,  0.        ,
          0.18241479,  0.22370761],
        [ 0.2161561 ,  0.14671955,  0.12250187, ..., -0.18241479,
          0.        ,  0.04216245],
        [ 0.1747982 ,  0.10488291,  0.08054804, ..., -0.22370761,
         -0.04216245,  0.        ]],

       [[ 0.        , -0.39591851, -0.39591851, ...,  0.9745261 ,
          0.95445368,  0.94123989],
        [ 0.39591851,  0.        ,  0.        , ...,  0.98368761,
          0.99458702,  0.99804411],
        [ 0.39591851,  0.        ,  0.        , ...,  0.98368761,
          0.99458702,  0.99804411],
        ...,
        [-0.9745261 , -0.98368761, -0.98368761, ...,  0.        ,
         -0.07669948, -0.11803949],
        [-0.95445368, -0.99458702, -0.99458702, ...,  0.07669948,
          0.        , -0.04152851],
        [-0.94123989, -0.99804411, -0.99804411, ...,  0.11803949,
          0.04152851,  0.        ]],

       [[ 0.        ,  0.05134152,  0.05134152, ...,  0.79726464,
          0.81147897,  0.81644134],
        [-0.05134152,  0.        ,  0.        , ...,  0.7652219 ,
          0.78040572,  0.78571853],
        [-0.05134152,  0.        ,  0.        , ...,  0.7652219 ,
          0.78040572,  0.78571853],
        ...,
        [-0.79726464, -0.7652219 , -0.7652219 , ...,  0.        ,
          0.02392619,  0.0324652 ],
        [-0.81147897, -0.78040572, -0.78040572, ..., -0.02392619,
          0.        ,  0.00854233],
        [-0.81644134, -0.78571853, -0.78571853, ..., -0.0324652 ,
         -0.00854233,  0.        ]]]), 'num': array([7.06998381e-01, 7.06998381e-01, 0.00000000e+00, 0.00000000e+00,
       2.16960128e-04, 2.18285750e-04, 2.13867010e-04, 1.74987402e-02,
       1.76749595e-06, 2.15281007e-04, 2.15015883e-04, 2.18764447e-04,
       3.76411175e-06, 2.22951920e-04, 2.07079845e-04])}
{'img': array([[[ 0.        , -0.35522032,  0.26968854, ...,  0.90962599,
          0.91845429,  0.94934301],
        [ 0.35522032,  0.        ,  0.59415871, ...,  0.99787108,
          0.99905437,  0.99905437],
        [-0.26968854, -0.59415871,  0.        , ...,  0.76388595,
          0.77775423,  0.8294202 ],
        ...,
        [-0.90962599, -0.99787108, -0.76388595, ...,  0.        ,
          0.02177002,  0.10854142],
        [-0.91845429, -0.99905437, -0.77775423, ..., -0.02177002,
          0.        ,  0.08687429],
        [-0.94934301, -0.99905437, -0.8294202 , ..., -0.10854142,
         -0.08687429,  0.        ]],

       [[ 0.        ,  0.03182991, -0.01903771, ...,  0.18048295,
          0.31909261,  0.40345507],
        [-0.03182991,  0.        , -0.05085221, ...,  0.14908429,
          0.34909688,  0.37412628],
        [ 0.01903771,  0.05085221,  0.        , ...,  0.19917531,
          0.30099229,  0.42080144],
        ...,
        [-0.18048295, -0.14908429, -0.19917531, ...,  0.        ,
          0.48490044,  0.23168777],
        [-0.31909261, -0.34909688, -0.30099229, ..., -0.48490044,
          0.        , -0.67433343],
        [-0.40345507, -0.37412628, -0.42080144, ..., -0.23168777,
          0.67433343,  0.        ]],

       [[ 0.        , -0.27402528,  0.        , ...,  0.96040035,
          0.96302261,  0.9703608 ],
        [ 0.27402528,  0.        ,  0.27402528, ...,  0.99998855,
          0.99998855,  0.99943896],
        [ 0.        , -0.27402528,  0.        , ...,  0.96040035,
          0.96302261,  0.9703608 ],
        ...,
        [-0.96040035, -0.99998855, -0.96040035, ...,  0.        ,
          0.00956927,  0.03827444],
        [-0.96302261, -0.99998855, -0.96302261, ..., -0.00956927,
          0.        ,  0.02871044],
        [-0.9703608 , -0.99943896, -0.9703608 , ..., -0.03827444,
         -0.02871044,  0.        ]],

       ...,

       [[ 0.        , -0.02443833, -0.02443833, ..., -0.14671955,
         -0.10488291, -0.17689297],
        [ 0.02443833,  0.        ,  0.        , ..., -0.12250187,
         -0.08054804, -0.1527872 ],
        [ 0.02443833,  0.        ,  0.        , ..., -0.12250187,
         -0.08054804, -0.1527872 ],
        ...,
        [ 0.14671955,  0.12250187,  0.12250187, ...,  0.        ,
          0.04216245, -0.03057286],
        [ 0.10488291,  0.08054804,  0.08054804, ..., -0.04216245,
          0.        , -0.07268842],
        [ 0.17689297,  0.1527872 ,  0.1527872 , ...,  0.03057286,
          0.07268842,  0.        ]],

       [[ 0.        ,  0.        ,  0.17523631, ...,  0.99458702,
          0.99804411,  0.99928942],
        [ 0.        ,  0.        ,  0.17523631, ...,  0.99458702,
          0.99804411,  0.99928942],
        [-0.17523631, -0.17523631,  0.        , ...,  0.99740546,
          0.99355543,  0.99043175],
        ...,
        [-0.99458702, -0.99458702, -0.99740546, ...,  0.        ,
         -0.04152851, -0.06634559],
        [-0.99804411, -0.99804411, -0.99355543, ...,  0.04152851,
          0.        , -0.02485135],
        [-0.99928942, -0.99928942, -0.99043175, ...,  0.06634559,
          0.02485135,  0.        ]],

       [[ 0.        ,  0.        , -0.00272275, ...,  0.78040572,
          0.78571853,  0.79032995],
        [ 0.        ,  0.        , -0.00272275, ...,  0.78040572,
          0.78571853,  0.79032995],
        [ 0.00272275,  0.00272275,  0.        , ...,  0.78210529,
          0.78739987,  0.7919952 ],
        ...,
        [-0.78040572, -0.78040572, -0.78210529, ...,  0.        ,
          0.00854233,  0.01603225],
        [-0.78571853, -0.78571853, -0.78739987, ..., -0.00854233,
          0.        ,  0.00749043],
        [-0.79032995, -0.79032995, -0.7919952 , ..., -0.01603225,
         -0.00749043,  0.        ]]]), 'num': array([7.07048718e-01, 7.07048718e-01, 0.00000000e+00, 0.00000000e+00,
       2.16975575e-04, 2.19627008e-04, 2.15649859e-04, 1.28002332e-02,
       0.00000000e+00, 2.15649859e-04, 2.14876524e-04, 2.19111452e-04,
       4.14850013e-06, 2.22529913e-04, 2.07223135e-04])}
{'img': array([[[ 0.00000000e+00,  5.94158712e-01,  3.55220318e-01, ...,
          9.99054373e-01,  9.99054373e-01,  9.99054373e-01],
        [-5.94158712e-01,  0.00000000e+00, -2.69688540e-01, ...,
          7.77754226e-01,  8.29420201e-01,  8.29420201e-01],
        [-3.55220318e-01,  2.69688540e-01,  0.00000000e+00, ...,
          9.18454292e-01,  9.49343015e-01,  9.49343015e-01],
        ...,
        [-9.99054373e-01, -7.77754226e-01, -9.18454292e-01, ...,
          0.00000000e+00,  8.68742933e-02,  8.68742933e-02],
        [-9.99054373e-01, -8.29420201e-01, -9.49343015e-01, ...,
         -8.68742933e-02,  0.00000000e+00,  0.00000000e+00],
        [-9.99054373e-01, -8.29420201e-01, -9.49343015e-01, ...,
         -8.68742933e-02,  0.00000000e+00,  0.00000000e+00]],

       [[ 0.00000000e+00, -5.08522057e-02, -2.03150844e-01, ...,
          3.49096879e-01,  3.74126284e-01,  2.56095800e-01],
        [ 5.08522057e-02,  0.00000000e+00, -1.53096198e-01, ...,
          3.00992291e-01,  4.20801441e-01,  3.04920817e-01],
        [ 2.03150844e-01,  1.53096198e-01,  0.00000000e+00, ...,
          1.51447378e-01,  5.54722375e-01,  4.47131600e-01],
        ...,
        [-3.49096879e-01, -3.00992291e-01, -1.51447378e-01, ...,
          0.00000000e+00, -6.74333426e-01, -5.77438942e-01],
        [-3.74126284e-01, -4.20801441e-01, -5.54722375e-01, ...,
          6.74333426e-01,  0.00000000e+00, -1.24152147e-01],
        [-2.56095800e-01, -3.04920817e-01, -4.47131600e-01, ...,
          5.77438942e-01,  1.24152147e-01,  0.00000000e+00]],

       [[ 0.00000000e+00,  2.74025284e-01,  2.74025284e-01, ...,
          9.99988553e-01,  9.99438958e-01,  9.98613998e-01],
        [-2.74025284e-01,  0.00000000e+00,  0.00000000e+00, ...,
          9.63022605e-01,  9.70360802e-01,  9.74811922e-01],
        [-2.74025284e-01,  0.00000000e+00,  0.00000000e+00, ...,
          9.63022605e-01,  9.70360802e-01,  9.74811922e-01],
        ...,
        [-9.99988553e-01, -9.63022605e-01, -9.63022605e-01, ...,
          0.00000000e+00,  2.87104350e-02,  4.78529191e-02],
        [-9.99438958e-01, -9.70360802e-01, -9.70360802e-01, ...,
         -2.87104350e-02,  0.00000000e+00,  1.91556486e-02],
        [-9.98613998e-01, -9.74811922e-01, -9.74811922e-01, ...,
         -4.78529191e-02, -1.91556486e-02,  0.00000000e+00]],

       ...,

       [[ 0.00000000e+00,  0.00000000e+00, -8.01406082e-02, ...,
         -8.05480416e-02, -1.52787199e-01, -4.88531519e-02],
        [ 0.00000000e+00,  0.00000000e+00, -8.01406082e-02, ...,
         -8.05480416e-02, -1.52787199e-01, -4.88531519e-02],
        [ 8.01406082e-02,  8.01406082e-02,  0.00000000e+00, ...,
         -4.08754808e-04, -7.30960831e-02,  3.13488989e-02],
        ...,
        [ 8.05480416e-02,  8.05480416e-02,  4.08754808e-04, ...,
          0.00000000e+00, -7.26884157e-02,  3.17574502e-02],
        [ 1.52787199e-01,  1.52787199e-01,  7.30960831e-02, ...,
          7.26884157e-02,  0.00000000e+00,  1.04325194e-01],
        [ 4.88531519e-02,  4.88531519e-02, -3.13488989e-02, ...,
         -3.17574502e-02, -1.04325194e-01,  0.00000000e+00]],

       [[ 0.00000000e+00,  1.75236309e-01,  1.67356720e-01, ...,
          9.98044111e-01,  9.99289420e-01,  9.99877425e-01],
        [-1.75236309e-01,  0.00000000e+00, -7.99773820e-03, ...,
          9.93555434e-01,  9.90431750e-01,  9.87149363e-01],
        [-1.67356720e-01,  7.99773820e-03,  0.00000000e+00, ...,
          9.94430179e-01,  9.91503789e-01,  9.88395832e-01],
        ...,
        [-9.98044111e-01, -9.93555434e-01, -9.94430179e-01, ...,
          0.00000000e+00, -2.48513471e-02, -4.68797873e-02],
        [-9.99289420e-01, -9.90431750e-01, -9.91503789e-01, ...,
          2.48513471e-02,  0.00000000e+00, -2.20412848e-02],
        [-9.99877425e-01, -9.87149363e-01, -9.88395832e-01, ...,
          4.68797873e-02,  2.20412848e-02,  0.00000000e+00]],

       [[ 0.00000000e+00, -2.72274897e-03,  2.71374421e-02, ...,
          7.85718533e-01,  7.90329953e-01,  7.94541171e-01],
        [ 2.72274897e-03,  0.00000000e+00,  2.98590877e-02, ...,
          7.87399870e-01,  7.91995201e-01,  7.96191507e-01],
        [-2.71374421e-02, -2.98590877e-02,  0.00000000e+00, ...,
          7.68642370e-01,  7.73412276e-01,  7.77770417e-01],
        ...,
        [-7.85718533e-01, -7.87399870e-01, -7.68642370e-01, ...,
          0.00000000e+00,  7.49043062e-03,  1.43942248e-02],
        [-7.90329953e-01, -7.91995201e-01, -7.73412276e-01, ...,
         -7.49043062e-03,  0.00000000e+00,  6.90416637e-03],
        [-7.94541171e-01, -7.96191507e-01, -7.77770417e-01, ...,
         -1.43942248e-02, -6.90416637e-03,  0.00000000e+00]]]), 'num': array([ 9.73051446e-01,  2.30222078e-01,  3.01350656e-04, -1.31272469e-09,
        2.98925299e-04,  2.98925299e-04,  2.93468244e-04,  1.29569868e-02,
        1.21267870e-06,  2.96863745e-04,  2.94741557e-04,  3.01148543e-04,
        8.19377497e-06,  3.05066432e-04,  2.84416682e-04])}
{'img': array([[[ 0.        , -0.5014812 ,  0.15766601, ...,  0.87074855,
          0.87074855,  0.89197525],
        [ 0.5014812 ,  0.        ,  0.6316166 , ...,  0.99993687,
          0.99993687,  0.99842067],
        [-0.15766601, -0.6316166 ,  0.        , ...,  0.78232877,
          0.78232877,  0.80954055],
        ...,
        [-0.87074855, -0.99993687, -0.78232877, ...,  0.        ,
          0.        ,  0.04495802],
        [-0.87074855, -0.99993687, -0.78232877, ...,  0.        ,
          0.        ,  0.04495802],
        [-0.89197525, -0.99842067, -0.80954055, ..., -0.04495802,
         -0.04495802,  0.        ]],

       [[ 0.        , -0.1530962 ,  0.1114342 , ...,  0.42080144,
          0.30492082,  0.20403098],
        [ 0.1530962 ,  0.        ,  0.26226322, ...,  0.55472237,
          0.4471316 ,  0.35150145],
        [-0.1114342 , -0.26226322,  0.        , ...,  0.31709277,
          0.19689427,  0.09367011],
        ...,
        [-0.42080144, -0.55472237, -0.31709277, ...,  0.        ,
         -0.12415215, -0.22686238],
        [-0.30492082, -0.4471316 , -0.19689427, ...,  0.12415215,
          0.        , -0.10419208],
        [-0.20403098, -0.35150145, -0.09367011, ...,  0.22686238,
          0.10419208,  0.        ]],

       [[ 0.        ,  0.        ,  0.37548303, ...,  0.99989292,
          0.99941684,  0.99731943],
        [ 0.        ,  0.        ,  0.37548303, ...,  0.99989292,
          0.99941684,  0.99731943],
        [-0.37548303, -0.37548303,  0.        , ...,  0.93222489,
          0.93911015,  0.95181921],
        ...,
        [-0.99989292, -0.99989292, -0.93222489, ...,  0.        ,
          0.01951707,  0.05856798],
        [-0.99941684, -0.99941684, -0.93911015, ..., -0.01951707,
          0.        ,  0.03907325],
        [-0.99731943, -0.99731943, -0.95181921, ..., -0.05856798,
         -0.03907325,  0.        ]],

       ...,

       [[ 0.        , -0.08014061,  0.17875199, ..., -0.1527872 ,
         -0.04885315,  0.44648368],
        [ 0.08014061,  0.        ,  0.25702693, ..., -0.07309608,
          0.0313489 ,  0.51675675],
        [-0.17875199, -0.25702693,  0.        , ..., -0.32697972,
         -0.22660489,  0.27934687],
        ...,
        [ 0.1527872 ,  0.07309608,  0.32697972, ...,  0.        ,
          0.10432519,  0.57795429],
        [ 0.04885315, -0.0313489 ,  0.22660489, ..., -0.10432519,
          0.        ,  0.48966396],
        [-0.44648368, -0.51675675, -0.27934687, ..., -0.57795429,
         -0.48966396,  0.        ]],

       [[ 0.        , -0.05251256,  0.18668124, ...,  0.99976512,
          0.99903784,  0.99855616],
        [ 0.05251256,  0.        ,  0.23801309, ...,  0.9995238 ,
          0.99996245,  0.99999927],
        [-0.18668124, -0.23801309,  0.        , ...,  0.97814389,
          0.97328812,  0.97097398],
        ...,
        [-0.99976512, -0.9995238 , -0.97814389, ...,  0.        ,
         -0.02219424, -0.03206369],
        [-0.99903784, -0.99996245, -0.97328812, ...,  0.02219424,
          0.        , -0.00987296],
        [-0.99855616, -0.99999927, -0.97097398, ...,  0.03206369,
          0.00987296,  0.        ]],

       [[ 0.        ,  0.02985909,  0.04416173, ...,  0.7919952 ,
          0.79619151,  0.79821276],
        [-0.02985909,  0.        ,  0.01431208, ...,  0.77341228,
          0.77777042,  0.77987046],
        [-0.04416173, -0.01431208,  0.        , ...,  0.76426059,
          0.76869492,  0.77083207],
        ...,
        [-0.7919952 , -0.77341228, -0.76426059, ...,  0.        ,
          0.00690417,  0.01025209],
        [-0.79619151, -0.77777042, -0.76869492, ..., -0.00690417,
          0.        ,  0.00334804],
        [-0.79821276, -0.77987046, -0.77083207, ..., -0.01025209,
         -0.00334804,  0.        ]]]), 'num': array([9.75878059e-01, 1.94505538e-01, 3.12549009e-04, 3.59945460e-08,
       3.00643525e-04, 3.09662831e-04, 2.95833229e-04, 9.91403291e-02,
       4.20900935e-06, 2.96073743e-04, 2.92195442e-04, 2.99120264e-04,
       1.04006409e-05, 3.02100996e-04, 2.82289888e-04])}
{'img': array([[[ 0.        ,  0.6316166 ,  0.72817311, ...,  0.99993687,
          0.99842067,  0.97694675],
        [-0.6316166 ,  0.        ,  0.13163295, ...,  0.78232877,
          0.80954055,  0.89224765],
        [-0.72817311, -0.13163295,  0.        , ...,  0.69353171,
          0.7252194 ,  0.8250454 ],
        ...,
        [-0.99993687, -0.78232877, -0.69353171, ...,  0.        ,
          0.04495802,  0.20249274],
        [-0.99842067, -0.80954055, -0.7252194 , ..., -0.04495802,
          0.        ,  0.15826134],
        [-0.97694675, -0.89224765, -0.8250454 , ..., -0.20249274,
         -0.15826134,  0.        ]],

       [[ 0.        ,  0.26226322,  0.29610868, ...,  0.4471316 ,
          0.35150145,  0.999567  ],
        [-0.26226322,  0.        ,  0.03524197, ...,  0.19689427,
          0.09367011,  0.97229557],
        [-0.29610868, -0.03524197,  0.        , ...,  0.16221986,
          0.0585249 ,  0.9634536 ],
        ...,
        [-0.4471316 , -0.19689427, -0.16221986, ...,  0.        ,
         -0.10419208,  0.90723763],
        [-0.35150145, -0.09367011, -0.0585249 , ...,  0.10419208,
          0.        ,  0.94612482],
        [-0.999567  , -0.97229557, -0.9634536 , ..., -0.90723763,
         -0.94612482,  0.        ]],

       [[ 0.        ,  0.37548303,  0.51275231, ...,  0.99941684,
          0.99731943,  0.98994348],
        [-0.37548303,  0.        ,  0.15286793, ...,  0.93911015,
          0.95181921,  0.97062571],
        [-0.51275231, -0.15286793,  0.        , ...,  0.87554454,
          0.89375368,  0.92243839],
        ...,
        [-0.99941684, -0.93911015, -0.87554454, ...,  0.        ,
          0.03907325,  0.10757797],
        [-0.99731943, -0.95181921, -0.89375368, ..., -0.03907325,
          0.        ,  0.06864932],
        [-0.98994348, -0.97062571, -0.92243839, ..., -0.10757797,
         -0.06864932,  0.        ]],

       ...,

       [[ 0.        ,  0.25702693,  0.27695573, ...,  0.0313489 ,
          0.51675675,  0.93675347],
        [-0.25702693,  0.        ,  0.02067847, ..., -0.22660489,
          0.27934687,  0.8153257 ],
        [-0.27695573, -0.02067847,  0.        , ..., -0.246697  ,
          0.25943187,  0.80317848],
        ...,
        [-0.0313489 ,  0.22660489,  0.246697  , ...,  0.        ,
          0.48966396,  0.92532126],
        [-0.51675675, -0.27934687, -0.25943187, ..., -0.48966396,
          0.        ,  0.62112523],
        [-0.93675347, -0.8153257 , -0.80317848, ..., -0.92532126,
         -0.62112523,  0.        ]],

       [[ 0.        ,  0.23801309,  0.35132353, ...,  0.99996245,
          0.99999927,  0.99985583],
        [-0.23801309,  0.        ,  0.11838644, ...,  0.97328812,
          0.97097398,  0.96708052],
        [-0.35132353, -0.11838644,  0.        , ...,  0.93926357,
          0.93582943,  0.93015376],
        ...,
        [-0.99996245, -0.97328812, -0.93926357, ...,  0.        ,
         -0.00987296, -0.02564396],
        [-0.99999927, -0.97097398, -0.93582943, ...,  0.00987296,
          0.        , -0.015773  ],
        [-0.99985583, -0.96708052, -0.93015376, ...,  0.02564396,
          0.015773  ,  0.        ]],

       [[ 0.        ,  0.01431208,  0.03990219, ...,  0.77777042,
          0.77987046,  0.78586103],
        [-0.01431208,  0.        ,  0.02559743, ...,  0.76869492,
          0.77083207,  0.77692991],
        [-0.03990219, -0.02559743,  0.        , ...,  0.75207053,
          0.75427295,  0.76055952],
        ...,
        [-0.77777042, -0.76869492, -0.75207053, ...,  0.        ,
          0.00334804,  0.01297608],
        [-0.77987046, -0.77083207, -0.75427295, ..., -0.00334804,
          0.        ,  0.00962825],
        [-0.78586103, -0.77692991, -0.76055952, ..., -0.01297608,
         -0.00962825,  0.        ]]]), 'num': array([9.29530049e-01, 3.68044174e-01, 2.23699552e-04, 1.60424699e-07,
       2.86911536e-04, 2.89197683e-04, 2.82339240e-04, 2.27307093e-02,
       1.14307385e-06, 2.83139392e-04, 2.77995560e-04, 2.84854003e-04,
       9.92669393e-06, 2.88093503e-04, 2.67897616e-04])}
{'img': array([[[ 0.        ,  0.43849388,  0.22358888, ...,  0.99799511,
          0.99348946,  0.98636758],
        [-0.43849388,  0.        , -0.22644579, ...,  0.86917953,
          0.94283793,  0.95863948],
        [-0.22358888,  0.22644579,  0.        , ...,  0.95857821,
          0.99380998,  0.99818936],
        ...,
        [-0.99799511, -0.86917953, -0.95857821, ...,  0.        ,
          0.17657472,  0.22665537],
        [-0.99348946, -0.94283793, -0.99380998, ..., -0.17657472,
          0.        ,  0.05111462],
        [-0.98636758, -0.95863948, -0.99818936, ..., -0.22665537,
         -0.05111462,  0.        ]],

       [[ 0.        ,  0.03524197, -0.04495891, ...,  0.09367011,
          0.97229557,  0.31884414],
        [-0.03524197,  0.        , -0.08013732, ...,  0.0585249 ,
          0.9634536 ,  0.28524348],
        [ 0.04495891,  0.08013732,  0.        , ...,  0.13833664,
          0.98182178,  0.36113411],
        ...,
        [-0.09367011, -0.0585249 , -0.13833664, ...,  0.        ,
          0.94612482,  0.22866106],
        [-0.97229557, -0.9634536 , -0.98182178, ..., -0.94612482,
          0.        , -0.84701734],
        [-0.31884414, -0.28524348, -0.36113411, ..., -0.22866106,
          0.84701734,  0.        ]],

       [[ 0.        ,  0.36979361,  0.5132689 , ...,  0.9992787 ,
          0.99405701,  0.98277425],
        [-0.36979361,  0.        ,  0.1595181 , ...,  0.94248655,
          0.96384822,  0.98145084],
        [-0.5132689 , -0.1595181 ,  0.        , ...,  0.87710003,
          0.90900225,  0.93830152],
        ...,
        [-0.9992787 , -0.94248655, -0.87710003, ...,  0.        ,
          0.07103324,  0.14735628],
        [-0.99405701, -0.96384822, -0.90900225, ..., -0.07103324,
          0.        ,  0.07672625],
        [-0.98277425, -0.98145084, -0.93830152, ..., -0.14735628,
         -0.07672625,  0.        ]],

       ...,

       [[ 0.        ,  0.02067847,  0.20923608, ...,  0.27934687,
          0.8153257 ,  0.82739581],
        [-0.02067847,  0.        ,  0.18897058, ...,  0.25943187,
          0.80317848,  0.81560546],
        [-0.20923608, -0.18897058,  0.        , ...,  0.07225713,
          0.67613037,  0.69157052],
        ...,
        [-0.27934687, -0.25943187, -0.07225713, ...,  0.        ,
          0.62112523,  0.63757081],
        [-0.8153257 , -0.80317848, -0.67613037, ..., -0.62112523,
          0.        ,  0.02116171],
        [-0.82739581, -0.81560546, -0.69157052, ..., -0.63757081,
         -0.02116171,  0.        ]],

       [[ 0.        ,  0.26414927,  0.34605541, ...,  0.99987512,
          0.99949407,  0.99998459],
        [-0.26414927,  0.        ,  0.08593559, ...,  0.96018702,
          0.95559238,  0.96593345],
        [-0.34605541, -0.08593559,  0.        , ...,  0.9326282 ,
          0.92673284,  0.94012084],
        ...,
        [-0.99987512, -0.96018702, -0.9326282 , ...,  0.        ,
         -0.0160068 ,  0.02135385],
        [-0.99949407, -0.95559238, -0.92673284, ...,  0.0160068 ,
          0.        ,  0.03735426],
        [-0.99998459, -0.96593345, -0.94012084, ..., -0.02135385,
         -0.03735426,  0.        ]],

       [[ 0.        ,  0.02559743,  0.02407792, ...,  0.77083207,
          0.77692991,  0.76566459],
        [-0.02559743,  0.        , -0.00151997, ...,  0.75427295,
          0.76055952,  0.74894842],
        [-0.02407792,  0.00151997,  0.        , ...,  0.75527003,
          0.76154551,  0.74995473],
        ...,
        [-0.77083207, -0.75427295, -0.75527003, ...,  0.        ,
          0.00962825, -0.0080723 ],
        [-0.77692991, -0.76055952, -0.76154551, ..., -0.00962825,
          0.        , -0.01769987],
        [-0.76566459, -0.74894842, -0.74995473, ...,  0.0080723 ,
          0.01769987,  0.        ]]]), 'num': array([ 9.70070588e-01,  2.42516124e-01,  2.90440904e-04,  1.96650953e-07,
        2.99281968e-04,  3.03463552e-04,  2.98087230e-04,  1.21736674e-02,
       -5.97369198e-07,  2.97131439e-04,  2.90829194e-04,  2.98176835e-04,
        1.00099703e-05,  3.01968328e-04,  2.79690060e-04])}
{'img': array([[[ 0.00000000e+00, -2.26445794e-01, -4.38493875e-01, ...,
          9.42837932e-01,  9.58639477e-01,  9.51035351e-01],
        [ 2.26445794e-01,  0.00000000e+00, -2.23588883e-01, ...,
          9.93809981e-01,  9.98189358e-01,  9.96321385e-01],
        [ 4.38493875e-01,  2.23588883e-01,  0.00000000e+00, ...,
          9.93489462e-01,  9.86367582e-01,  9.90258593e-01],
        ...,
        [-9.42837932e-01, -9.93809981e-01, -9.93489462e-01, ...,
          0.00000000e+00,  5.11146173e-02,  2.55197056e-02],
        [-9.58639477e-01, -9.98189358e-01, -9.86367582e-01, ...,
         -5.11146173e-02,  0.00000000e+00, -2.56116242e-02],
        [-9.51035351e-01, -9.96321385e-01, -9.90258593e-01, ...,
         -2.55197056e-02,  2.56116242e-02,  0.00000000e+00]],

       [[ 0.00000000e+00, -8.01373197e-02,  3.82228905e-04, ...,
          9.63453604e-01,  2.85243478e-01,  4.34935822e-02],
        [ 8.01373197e-02,  0.00000000e+00,  8.05183135e-02, ...,
          9.81821782e-01,  3.61134110e-01,  1.23415186e-01],
        [-3.82228905e-04, -8.05183135e-02,  0.00000000e+00, ...,
          9.63351144e-01,  2.84877108e-01,  4.31117118e-02],
        ...,
        [-9.63453604e-01, -9.81821782e-01, -9.63351144e-01, ...,
          0.00000000e+00, -8.47017341e-01, -9.50891040e-01],
        [-2.85243478e-01, -3.61134110e-01, -2.84877108e-01, ...,
          8.47017341e-01,  0.00000000e+00, -2.43286909e-01],
        [-4.34935822e-02, -1.23415186e-01, -4.31117118e-02, ...,
          9.50891040e-01,  2.43286909e-01,  0.00000000e+00]],

       [[ 0.00000000e+00,  3.76272146e-01,  4.24321058e-01, ...,
          9.97099009e-01,  9.87937108e-01,  9.78267018e-01],
        [-3.76272146e-01,  0.00000000e+00,  5.24184860e-02, ...,
          9.52461528e-01,  9.73600671e-01,  9.84393063e-01],
        [-4.24321058e-01, -5.24184860e-02,  0.00000000e+00, ...,
          9.35182332e-01,  9.60297230e-01,  9.73814921e-01],
        ...,
        [-9.97099009e-01, -9.52461528e-01, -9.35182332e-01, ...,
          0.00000000e+00,  7.92090954e-02,  1.32286294e-01],
        [-9.87937108e-01, -9.73600671e-01, -9.60297230e-01, ...,
         -7.92090954e-02,  0.00000000e+00,  5.33576837e-02],
        [-9.78267018e-01, -9.84393063e-01, -9.73814921e-01, ...,
         -1.32286294e-01, -5.33576837e-02,  0.00000000e+00]],

       ...,

       [[ 0.00000000e+00,  1.88970579e-01,  7.30855950e-02, ...,
          8.03178478e-01,  8.15605461e-01,  7.14415412e-01],
        [-1.88970579e-01,  0.00000000e+00, -1.16696416e-01, ...,
          6.76130365e-01,  6.91570521e-01,  5.69316774e-01],
        [-7.30855950e-02,  1.16696416e-01,  0.00000000e+00, ...,
          7.57490614e-01,  7.71136322e-01,  6.61365246e-01],
        ...,
        [-8.03178478e-01, -6.76130365e-01, -7.57490614e-01, ...,
          0.00000000e+00,  2.11617058e-02, -1.36396753e-01],
        [-8.15605461e-01, -6.91570521e-01, -7.71136322e-01, ...,
         -2.11617058e-02,  0.00000000e+00, -1.57330144e-01],
        [-7.14415412e-01, -5.69316774e-01, -6.61365246e-01, ...,
          1.36396753e-01,  1.57330144e-01,  0.00000000e+00]],

       [[ 0.00000000e+00,  2.29717543e-01,  3.05294680e-01, ...,
          9.98726031e-01,  9.99922769e-01,  9.99787243e-01],
        [-2.29717543e-01,  0.00000000e+00,  7.83799374e-02, ...,
          9.60425660e-01,  9.70327239e-01,  9.77788630e-01],
        [-3.05294680e-01, -7.83799374e-02,  0.00000000e+00, ...,
          9.35639299e-01,  9.48390172e-01,  9.58352604e-01],
        ...,
        [-9.98726031e-01, -9.60425660e-01, -9.35639299e-01, ...,
          0.00000000e+00,  3.80449280e-02,  7.10508853e-02],
        [-9.99922769e-01, -9.70327239e-01, -9.48390172e-01, ...,
         -3.80449280e-02,  0.00000000e+00,  3.30506699e-02],
        [-9.99787243e-01, -9.77788630e-01, -9.58352604e-01, ...,
