state_0,state_1,state_2,state_3,state_4,state_5,state_6,state_7,state_8,state_9,state_10,state_11,state_12,state_13,state_14,state_15,state_16,state_17,state_18,state_19,state_20,state_21,state_22,state_23,state_24,state_25,state_26,state_27,state_28,state_29,state_30,state_31,state_32,state_33,state_34,state_35,state_36,state_37,state_38,state_39,state_40,state_41,state_42,state_43,state_44,state_45,state_46,state_47,state_48,state_49,state_50,state_51,state_52,state_53,state_54,state_55,state_56,state_57,state_58,state_59,state_60,state_61,state_62,state_63,state_64,state_65,state_66,state_67,state_68,state_69,state_70,state_71,state_72,state_73,state_74,state_75,state_76,state_77,state_78,state_79,state_80,state_81,state_82,state_83,state_84,state_85,state_86,state_87,state_88,state_89,state_90,state_91,state_92,state_93,state_94,state_95,state_96,state_97,state_98,state_99,state_100,state_101,state_102,state_103,state_104,state_105,state_106,state_107,state_108,state_109,state_110,state_111,state_112,state_113,state_114,state_115,state_116,state_117,state_118,state_119,state_120,state_121,state_122,state_123,state_124,state_125,state_126,state_127,state_128,state_129,state_130,state_131,state_132,state_133,state_134,state_135,state_136,state_137,state_138,state_139,state_140,state_141,state_142,state_143,state_144,state_145,state_146,state_147,state_148,state_149,state_150,state_151,state_152,state_153,state_154,state_155,state_156,state_157,state_158,state_159,state_160,state_161,state_162,state_163,state_164,state_165,state_166,state_167,state_168,state_169,state_170,state_171,state_172,state_173,state_174,state_175,state_176,state_177,state_178,state_179,state_180,state_181,state_182,state_183,state_184,state_185,state_186,state_187,state_188,state_189,state_190,state_191,state_192,state_193,state_194,state_195,state_196,state_197,state_198,state_199,state_200,state_201,state_202,state_203,state_204,state_205,state_206,state_207,state_208,state_209,state_210,state_211,state_212,state_213,state_214,state_215,state_216,state_217,state_218,state_219,state_220,state_221,state_222,state_223,state_224,state_225,state_226,state_227,state_228,state_229,state_230,state_231,state_232,state_233,state_234,state_235,state_236,state_237,state_238,state_239,state_240,state_241,state_242,state_243,state_244,state_245,state_246,state_247,state_248,state_249,state_250,state_251,state_252,state_253,state_254,state_255,state_256,state_257,state_258,state_259,state_260,state_261,state_262,state_263,state_264,state_265,state_266,state_267,state_268,state_269,state_270,state_271,state_272,state_273,state_274,state_275,state_276,state_277,state_278,state_279,state_280,state_281,state_282,state_283,state_284,state_285,state_286,state_287
{'img': array([[[ 0.        , -0.09090909, -0.13636364, ..., -0.18181818,
         -0.18181818, -0.13636364],
        [ 0.09090909,  0.        , -0.04573909, ..., -0.09167147,
         -0.09167147, -0.04573909],
        [ 0.13636364,  0.04573909,  0.        , ..., -0.04602904,
         -0.04602904,  0.        ],
        ...,
        [ 0.18181818,  0.09167147,  0.04602904, ...,  0.        ,
          0.        ,  0.04602904],
        [ 0.18181818,  0.09167147,  0.04602904, ...,  0.        ,
          0.        ,  0.04602904],
        [ 0.13636364,  0.04573909,  0.        , ..., -0.04602904,
         -0.04602904,  0.        ]],

       [[ 0.        , -0.1242934 , -0.19976408, ..., -0.6354364 ,
         -0.86625485, -0.26990671],
        [ 0.1242934 ,  0.        , -0.07642687, ..., -0.53453537,
         -0.7974402 , -0.14813329],
        [ 0.19976408,  0.07642687,  0.        , ..., -0.46838009,
         -0.74899202, -0.07211634],
        ...,
        [ 0.6354364 ,  0.53453537,  0.46838009, ...,  0.        ,
         -0.35141592,  0.40344379],
        [ 0.86625485,  0.7974402 ,  0.74899202, ...,  0.35141592,
          0.        ,  0.69925904],
        [ 0.26990671,  0.14813329,  0.07211634, ..., -0.40344379,
         -0.69925904,  0.        ]],

       [[ 0.        ,  0.2455375 ,  0.65915263, ...,  0.67080759,
          0.56961014,  0.63503211],
        [-0.2455375 ,  0.        ,  0.4543276 , ...,  0.46817389,
          0.35036176,  0.42591771],
        [-0.65915263, -0.4543276 ,  0.        , ...,  0.01560516,
         -0.11341538, -0.03163603],
        ...,
        [-0.67080759, -0.46817389, -0.01560516, ...,  0.        ,
         -0.12890605, -0.04722953],
        [-0.56961014, -0.35036176,  0.11341538, ...,  0.12890605,
          0.        ,  0.08192671],
        [-0.63503211, -0.42591771,  0.03163603, ...,  0.04722953,
         -0.08192671,  0.        ]],

       ...,

       [[ 0.        , -0.54097998, -0.5622407 , ...,  0.66950525,
          0.76495043,  0.88113149],
        [ 0.54097998,  0.        , -0.02548819, ...,  0.96492155,
          0.99178978,  0.99687676],
        [ 0.5622407 ,  0.02548819,  0.        , ...,  0.9712997 ,
          0.99472698,  0.99454002],
        ...,
        [-0.66950525, -0.96492155, -0.9712997 , ...,  0.        ,
          0.13698971,  0.33792109],
        [-0.76495043, -0.99178978, -0.99472698, ..., -0.13698971,
          0.        ,  0.20580411],
        [-0.88113149, -0.99687676, -0.99454002, ..., -0.33792109,
         -0.20580411,  0.        ]],

       [[ 0.        , -0.27216423, -0.37200876, ..., -0.53866111,
         -0.38940914, -0.04414762],
        [ 0.27216423,  0.        , -0.10533493, ..., -0.74763159,
         -0.62539018, -0.31437996],
        [ 0.37200876,  0.10533493,  0.        , ..., -0.81342674,
         -0.70410514, -0.41262517],
        ...,
        [ 0.53866111,  0.74763159,  0.81342674, ...,  0.        ,
         -0.16805586, -0.50094056],
        [ 0.38940914,  0.62539018,  0.70410514, ...,  0.16805586,
          0.        , -0.34836665],
        [ 0.04414762,  0.31437996,  0.41262517, ...,  0.50094056,
          0.34836665,  0.        ]],

       [[ 0.        , -0.1537731 , -0.30597785, ...,  0.73730431,
          0.77291896,  0.81771696],
        [ 0.1537731 ,  0.        , -0.15594068, ...,  0.83241802,
          0.86129577,  0.89650614],
        [ 0.30597785,  0.15594068,  0.        , ...,  0.90864882,
          0.92999311,  0.95462526],
        ...,
        [-0.73730431, -0.83241802, -0.90864882, ...,  0.        ,
          0.05433064,  0.12801001],
        [-0.77291896, -0.86129577, -0.92999311, ..., -0.05433064,
          0.        ,  0.07393729],
        [-0.81771696, -0.89650614, -0.95462526, ..., -0.12801001,
         -0.07393729,  0.        ]]]), 'num': array([ 7.07092916e-01,  7.07092916e-01,  0.00000000e+00,  0.00000000e+00,
        4.38766125e-04,  4.43372594e-04,  4.38766125e-04,  6.13699070e-03,
       -1.15161713e-06,  4.37844831e-04,  4.40435970e-04,  4.46385992e-04,
        1.09927089e-06,  4.49776856e-04,  4.31095084e-04])}
{'img': array([[[ 0.        , -0.04573909,  0.18106531, ..., -0.09167147,
         -0.04573909, -0.09167147],
        [ 0.04573909,  0.        ,  0.22585888, ..., -0.04602904,
          0.        , -0.04602904],
        [-0.18106531, -0.22585888,  0.        , ..., -0.27045914,
         -0.22585888, -0.27045914],
        ...,
        [ 0.09167147,  0.04602904,  0.27045914, ...,  0.        ,
          0.04602904,  0.        ],
        [ 0.04573909,  0.        ,  0.22585888, ..., -0.04602904,
          0.        , -0.04602904],
        [ 0.09167147,  0.04602904,  0.27045914, ...,  0.        ,
          0.04602904,  0.        ]],

       [[ 0.        , -0.07435507, -0.5181083 , ..., -0.7325185 ,
         -0.14387248, -0.89567874],
        [ 0.07435507,  0.        , -0.45307708, ..., -0.67987377,
         -0.06989272, -0.86013353],
        [ 0.5181083 ,  0.45307708,  0.        , ..., -0.27383335,
          0.38966172, -0.53568385],
        ...,
        [ 0.7325185 ,  0.67987377,  0.27383335, ...,  0.        ,
          0.62695677, -0.28397852],
        [ 0.14387248,  0.06989272, -0.38966172, ..., -0.62695677,
          0.        , -0.82237998],
        [ 0.89567874,  0.86013353,  0.53568385, ...,  0.28397852,
          0.82237998,  0.        ]],

       [[ 0.        ,  0.4543276 ,  0.63995139, ...,  0.35036176,
          0.42591771,  0.44024441],
        [-0.4543276 ,  0.        ,  0.22097858, ..., -0.11341538,
         -0.03163603, -0.01574576],
        [-0.63995139, -0.22097858,  0.        , ..., -0.33016435,
         -0.25172192, -0.23630768],
        ...,
        [-0.35036176,  0.11341538,  0.33016435, ...,  0.        ,
          0.08192671,  0.09775716],
        [-0.42591771,  0.03163603,  0.25172192, ..., -0.08192671,
          0.        ,  0.01589424],
        [-0.44024441,  0.01574576,  0.23630768, ..., -0.09775716,
         -0.01589424,  0.        ]],

       ...,

       [[ 0.        , -0.02548819,  0.22550945, ...,  0.99178978,
          0.99687676,  0.94573047],
        [ 0.02548819,  0.        ,  0.25026783, ...,  0.99472698,
          0.99454002,  0.95370567],
        [-0.22550945, -0.25026783,  0.        , ...,  0.93740434,
          0.98900734,  0.84808961],
        ...,
        [-0.99178978, -0.99472698, -0.93740434, ...,  0.        ,
          0.20580411, -0.20134516],
        [-0.99687676, -0.99454002, -0.98900734, ..., -0.20580411,
          0.        , -0.39862432],
        [-0.94573047, -0.95370567, -0.84808961, ...,  0.20134516,
          0.39862432,  0.        ]],

       [[ 0.        , -0.25610491, -0.42090209, ..., -0.53287433,
         -0.38571524, -0.        ],
        [ 0.25610491,  0.        , -0.17455026, ..., -0.73181698,
         -0.60913822, -0.25610491],
        [ 0.42090209,  0.17455026,  0.        , ..., -0.83953853,
         -0.73821643, -0.42090209],
        ...,
        [ 0.53287433,  0.73181698,  0.83953853, ...,  0.        ,
         -0.16524932, -0.53287433],
        [ 0.38571524,  0.60913822,  0.73821643, ...,  0.16524932,
          0.        , -0.38571524],
        [ 0.        ,  0.25610491,  0.42090209, ...,  0.53287433,
          0.38571524,  0.        ]],

       [[ 0.        , -0.15594068, -0.2638023 , ...,  0.86129577,
          0.89650614,  0.93203677],
        [ 0.15594068,  0.        , -0.1101583 , ...,  0.92999311,
          0.95462526,  0.97714187],
        [ 0.2638023 ,  0.1101583 ,  0.        , ...,  0.96482488,
          0.98162167,  0.9946134 ],
        ...,
        [-0.86129577, -0.92999311, -0.96482488, ...,  0.        ,
          0.07393729,  0.16146921],
        [-0.89650614, -0.95462526, -0.98162167, ..., -0.07393729,
          0.        ,  0.08806019],
        [-0.93203677, -0.97714187, -0.9946134 , ..., -0.16146921,
         -0.08806019,  0.        ]]]), 'num': array([ 9.80621722e-01,  1.95571990e-01,  4.12099597e-05, -3.62953158e-10,
        6.08565683e-04,  6.11760254e-04,  6.03773828e-04,  1.13865035e-02,
        0.00000000e+00,  6.08885140e-04,  6.10322697e-04,  6.19081145e-04,
        1.48584675e-06,  6.22649766e-04,  5.97995628e-04])}
{'img': array([[[ 0.        ,  0.22585888,  0.        , ...,  0.        ,
         -0.04602904, -0.04602904],
        [-0.22585888,  0.        , -0.22585888, ..., -0.22585888,
         -0.27045914, -0.27045914],
        [ 0.        ,  0.22585888,  0.        , ...,  0.        ,
         -0.04602904, -0.04602904],
        ...,
        [ 0.        ,  0.22585888,  0.        , ...,  0.        ,
         -0.04602904, -0.04602904],
        [ 0.04602904,  0.27045914,  0.04602904, ...,  0.04602904,
          0.        ,  0.        ],
        [ 0.04602904,  0.27045914,  0.04602904, ...,  0.04602904,
          0.        ,  0.        ]],

       [[ 0.        , -0.45307708, -0.11001584, ..., -0.06989272,
         -0.86013353, -0.3448385 ],
        [ 0.45307708,  0.        ,  0.35225085, ...,  0.38966172,
         -0.53568385,  0.11787261],
        [ 0.11001584, -0.35225085,  0.        , ...,  0.04027834,
         -0.79879671, -0.23947758],
        ...,
        [ 0.06989272, -0.38966172, -0.04027834, ...,  0.        ,
         -0.82237998, -0.27838956],
        [ 0.86013353,  0.53568385,  0.79879671, ...,  0.82237998,
          0.        ,  0.63148328],
        [ 0.3448385 , -0.11787261,  0.23947758, ...,  0.27838956,
         -0.63148328,  0.        ]],

       [[ 0.        ,  0.22097858,  0.24852216, ..., -0.03163603,
         -0.01574576,  0.06161235],
        [-0.22097858,  0.        ,  0.02833272, ..., -0.25172192,
         -0.23630768, -0.16046954],
        [-0.24852216, -0.02833272,  0.        , ..., -0.27904125,
         -0.2637431 , -0.18837066],
        ...,
        [ 0.03163603,  0.25172192,  0.27904125, ...,  0.        ,
          0.01589424,  0.09315744],
        [ 0.01574576,  0.23630768,  0.2637431 , ..., -0.01589424,
          0.        ,  0.07732056],
        [-0.06161235,  0.16046954,  0.18837066, ..., -0.09315744,
         -0.07732056,  0.        ]],

       ...,

       [[ 0.        ,  0.25026783,  0.49735464, ...,  0.99454002,
          0.95370567,  0.93464231],
        [-0.25026783,  0.        ,  0.26440796, ...,  0.98900734,
          0.84808961,  0.8159063 ],
        [-0.49735464, -0.26440796,  0.        , ...,  0.91471241,
          0.67780958,  0.63399246],
        ...,
        [-0.99454002, -0.98900734, -0.91471241, ...,  0.        ,
         -0.39862432, -0.45118319],
        [-0.95370567, -0.84808961, -0.67780958, ...,  0.39862432,
          0.        , -0.05804171],
        [-0.93464231, -0.8159063 , -0.63399246, ...,  0.45118319,
          0.05804171,  0.        ]],

       [[ 0.        , -0.34105492, -0.50563492, ..., -0.43091238,
         -0.19744706, -0.        ],
        [ 0.34105492,  0.        , -0.18107446, ..., -0.71284217,
         -0.51994956, -0.34105492],
        [ 0.50563492,  0.18107446,  0.        , ..., -0.8280504 ,
         -0.66602773, -0.50563492],
        ...,
        [ 0.43091238,  0.71284217,  0.8280504 , ...,  0.        ,
         -0.24425426, -0.43091238],
        [ 0.19744706,  0.51994956,  0.66602773, ...,  0.24425426,
          0.        , -0.19744706],
        [ 0.        ,  0.34105492,  0.50563492, ...,  0.43091238,
          0.19744706,  0.        ]],

       [[ 0.        , -0.1101583 , -0.23971694, ...,  0.95462526,
          0.97714187,  0.97777261],
        [ 0.1101583 ,  0.        , -0.13131164, ...,  0.98162167,
          0.9946134 ,  0.99491862],
        [ 0.23971694,  0.13131164,  0.        , ...,  0.99818111,
          0.99961218,  0.99952452],
        ...,
        [-0.95462526, -0.98162167, -0.99818111, ...,  0.        ,
          0.08806019,  0.09103566],
        [-0.97714187, -0.9946134 , -0.99961218, ..., -0.08806019,
          0.        ,  0.00298747],
        [-0.97777261, -0.99491862, -0.99952452, ..., -0.09103566,
         -0.00298747,  0.        ]]]), 'num': array([ 9.91902513e-01,  1.26444141e-01,  4.51936486e-05, -3.98044840e-10,
        6.15984606e-04,  6.17592921e-04,  6.04726402e-04,  1.17582616e-02,
        3.21662980e-06,  6.13732965e-04,  6.14697954e-04,  6.23382855e-04,
        1.57257457e-06,  6.27097634e-04,  6.02298274e-04])}
{'img': array([[[ 0.        , -0.22585888, -0.44681616, ..., -0.27045914,
         -0.27045914, -0.18106531],
        [ 0.22585888,  0.        , -0.23321127, ..., -0.04602904,
         -0.04602904,  0.04573909],
        [ 0.44681616,  0.23321127,  0.        , ...,  0.18820425,
          0.18820425,  0.27744507],
        ...,
        [ 0.27045914,  0.04602904, -0.18820425, ...,  0.        ,
          0.        ,  0.09167147],
        [ 0.27045914,  0.04602904, -0.18820425, ...,  0.        ,
          0.        ,  0.09167147],
        [ 0.18106531, -0.04573909, -0.27744507, ..., -0.09167147,
         -0.09167147,  0.        ]],

       [[ 0.        ,  0.35225085,  0.53692503, ..., -0.53568385,
          0.11787261,  0.15281253],
        [-0.35225085,  0.        ,  0.20534178, ..., -0.79879671,
         -0.23947758, -0.20509563],
        [-0.53692503, -0.20534178,  0.        , ..., -0.90530844,
         -0.43374111, -0.40170172],
        ...,
        [ 0.53568385,  0.79879671,  0.90530844, ...,  0.        ,
          0.63148328,  0.6584301 ],
        [-0.11787261,  0.23947758,  0.43374111, ..., -0.63148328,
          0.        ,  0.03525902],
        [-0.15281253,  0.20509563,  0.40170172, ..., -0.6584301 ,
         -0.03525902,  0.        ]],

       [[ 0.        ,  0.02833272, -0.08651346, ..., -0.23630768,
         -0.16046954, -0.13067273],
        [-0.02833272,  0.        , -0.11470522, ..., -0.2637431 ,
         -0.18837066, -0.15871005],
        [ 0.08651346,  0.11470522,  0.        , ..., -0.15135844,
         -0.07447557, -0.04441114],
        ...,
        [ 0.23630768,  0.2637431 ,  0.15135844, ...,  0.        ,
          0.07732056,  0.10730962],
        [ 0.16046954,  0.18837066,  0.07447557, ..., -0.07732056,
          0.        ,  0.03011428],
        [ 0.13067273,  0.15871005,  0.04441114, ..., -0.10730962,
         -0.03011428,  0.        ]],

       ...,

       [[ 0.        ,  0.26440796,  0.35350656, ...,  0.84808961,
          0.8159063 ,  0.87622971],
        [-0.26440796,  0.        ,  0.09358991, ...,  0.67780958,
          0.63399246,  0.71762899],
        [-0.35350656, -0.09358991,  0.        , ...,  0.60602375,
          0.55883301,  0.64930078],
        ...,
        [-0.84808961, -0.67780958, -0.60602375, ...,  0.        ,
         -0.05804171,  0.05558379],
        [-0.8159063 , -0.63399246, -0.55883301, ...,  0.05804171,
          0.        ,  0.11344207],
        [-0.87622971, -0.71762899, -0.64930078, ..., -0.05558379,
         -0.11344207,  0.        ]],

       [[ 0.        , -0.39117724, -0.55478938, ..., -0.20044407,
         -0.        , -0.07090611],
        [ 0.39117724,  0.        , -0.18512532, ..., -0.56771011,
         -0.39117724, -0.45544863],
        [ 0.55478938,  0.18512532,  0.        , ..., -0.71029764,
         -0.55478938, -0.61238621],
        ...,
        [ 0.20044407,  0.56771011,  0.71029764, ...,  0.        ,
         -0.20044407, -0.13047247],
        [ 0.        ,  0.39117724,  0.55478938, ...,  0.20044407,
          0.        ,  0.07090611],
        [ 0.07090611,  0.45544863,  0.61238621, ...,  0.13047247,
         -0.07090611,  0.        ]],

       [[ 0.        , -0.13131164, -0.29681149, ...,  0.9946134 ,
          0.99491862,  0.99563877],
        [ 0.13131164,  0.        , -0.16884722, ...,  0.99961218,
          0.99952452,  0.99926803],
        [ 0.29681149,  0.16884722,  0.        , ...,  0.98055798,
          0.97996738,  0.9784616 ],
        ...,
        [-0.9946134 , -0.99961218, -0.98055798, ...,  0.        ,
          0.00298747,  0.01041241],
        [-0.99491862, -0.99952452, -0.97996738, ..., -0.00298747,
          0.        ,  0.00742505],
        [-0.99563877, -0.99926803, -0.9784616 , ..., -0.01041241,
         -0.00742505,  0.        ]]]), 'num': array([ 9.38979597e-01,  3.43291664e-01,  3.21993477e-05,  1.26831376e-08,
        5.76100516e-04,  5.97898913e-04,  5.76100516e-04,  2.15720682e-02,
       -2.02413695e-05,  5.90736583e-04,  5.94162045e-04,  6.03063058e-04,
        1.22337947e-06,  6.08748335e-04,  5.79575755e-04])}
{'img': array([[[ 0.        , -0.23321127, -0.73213548, ..., -0.04602904,
          0.04573909, -0.57569626],
        [ 0.23321127,  0.        , -0.55309368, ...,  0.18820425,
          0.27744507, -0.36913369],
        [ 0.73213548,  0.55309368,  0.        , ...,  0.7000064 ,
          0.76252483,  0.20649985],
        ...,
        [ 0.04602904, -0.18820425, -0.7000064 , ...,  0.        ,
          0.09167147, -0.53744981],
        [-0.04573909, -0.27744507, -0.76252483, ..., -0.09167147,
          0.        , -0.61249294],
        [ 0.57569626,  0.36913369, -0.20649985, ...,  0.53744981,
          0.61249294,  0.        ]],

       [[ 0.        ,  0.20534178,  0.16358441, ..., -0.23947758,
         -0.20509563,  0.65154427],
        [-0.20534178,  0.        , -0.04247721, ..., -0.43374111,
         -0.40170172,  0.48188562],
        [-0.16358441,  0.04247721,  0.        , ..., -0.39507608,
         -0.36243978,  0.51867067],
        ...,
        [ 0.23947758,  0.43374111,  0.39507608, ...,  0.        ,
          0.03525902,  0.8142558 ],
        [ 0.20509563,  0.40170172,  0.36243978, ..., -0.03525902,
          0.        ,  0.79328142],
        [-0.65154427, -0.48188562, -0.51867067, ..., -0.8142558 ,
         -0.79328142,  0.        ]],

       [[ 0.        , -0.11470522, -0.35677572, ..., -0.18837066,
         -0.15871005, -0.32542244],
        [ 0.11470522,  0.        , -0.24726437, ..., -0.07447557,
         -0.04441114, -0.21481284],
        [ 0.35677572,  0.24726437,  0.        , ...,  0.17441472,
          0.20398832,  0.03334956],
        ...,
        [ 0.18837066,  0.07447557, -0.17441472, ...,  0.        ,
          0.03011428, -0.14147932],
        [ 0.15871005,  0.04441114, -0.20398832, ..., -0.03011428,
          0.        , -0.17122652],
        [ 0.32542244,  0.21481284, -0.03334956, ...,  0.14147932,
          0.17122652,  0.        ]],

       ...,

       [[ 0.        ,  0.09358991, -0.76080426, ...,  0.63399246,
          0.71762899,  0.32684367],
        [-0.09358991,  0.        , -0.81820307, ...,  0.55883301,
          0.64930078,  0.23695929],
        [ 0.76080426,  0.81820307,  0.        , ...,  0.9998091 ,
          0.99557145,  0.93113515],
        ...,
        [-0.63399246, -0.55883301, -0.9998091 , ...,  0.        ,
          0.11344207, -0.34641156],
        [-0.71762899, -0.64930078, -0.99557145, ..., -0.11344207,
          0.        , -0.45059337],
        [-0.32684367, -0.23695929, -0.93113515, ...,  0.34641156,
          0.45059337,  0.        ]],

       [[ 0.        , -0.41894766, -0.60414438, ..., -0.        ,
         -0.07236041, -0.25365079],
        [ 0.41894766,  0.        , -0.21472052, ..., -0.41894766,
         -0.48355341, -0.63556388],
        [ 0.60414438,  0.21472052,  0.        , ..., -0.60414438,
         -0.66022285, -0.7865143 ],
        ...,
        [ 0.        ,  0.41894766,  0.60414438, ...,  0.        ,
          0.07236041,  0.25365079],
        [ 0.07236041,  0.48355341,  0.66022285, ..., -0.07236041,
          0.        ,  0.18299193],
        [ 0.25365079,  0.63556388,  0.7865143 , ..., -0.25365079,
         -0.18299193,  0.        ]],

       [[ 0.        , -0.16884722, -0.48556978, ...,  0.99952452,
          0.99926803,  0.99421159],
        [ 0.16884722,  0.        , -0.3309922 , ...,  0.97996738,
          0.9784616 ,  0.99807785],
        [ 0.48556978,  0.3309922 ,  0.        , ...,  0.85881026,
          0.85498278,  0.92130722],
        ...,
        [-0.99952452, -0.97996738, -0.85881026, ...,  0.        ,
          0.00742505, -0.1380441 ],
        [-0.99926803, -0.9784616 , -0.85498278, ..., -0.00742505,
          0.        , -0.14539426],
        [-0.99421159, -0.99807785, -0.92130722, ...,  0.1380441 ,
          0.14539426,  0.        ]]]), 'num': array([ 9.74020991e-01,  2.25811881e-01,  4.04437357e-05, -5.76235162e-08,
        5.97611110e-04,  6.00841441e-04,  5.78229129e-04,  1.70044265e-02,
        0.00000000e+00,  6.08917267e-04,  6.15620202e-04,  6.25257354e-04,
        1.11819127e-06,  6.32752377e-04,  5.98488027e-04])}
{'img': array([[[ 0.        , -0.55309368, -0.93154098, ...,  0.27744507,
         -0.36913369, -0.36913369],
        [ 0.55309368,  0.        , -0.57495957, ...,  0.76252483,
          0.20649985,  0.20649985],
        [ 0.93154098,  0.57495957,  0.        , ...,  0.9958592 ,
          0.73152168,  0.73152168],
        ...,
        [-0.27744507, -0.76252483, -0.9958592 , ...,  0.        ,
         -0.61249294, -0.61249294],
        [ 0.36913369, -0.20649985, -0.73152168, ...,  0.61249294,
          0.        ,  0.        ],
        [ 0.36913369, -0.20649985, -0.73152168, ...,  0.61249294,
          0.        ,  0.        ]],

       [[ 0.        , -0.04247721, -0.07954189, ..., -0.40170172,
          0.48188562,  0.0798334 ],
        [ 0.04247721,  0.        , -0.03712748, ..., -0.36243978,
          0.51867067,  0.12210297],
        [ 0.07954189,  0.03712748,  0.        , ..., -0.32758682,
          0.55005609,  0.15886846],
        ...,
        [ 0.40170172,  0.36243978,  0.32758682, ...,  0.        ,
          0.79328142,  0.47352865],
        [-0.48188562, -0.51867067, -0.55005609, ..., -0.79328142,
          0.        , -0.4103948 ],
        [-0.0798334 , -0.12210297, -0.15886846, ..., -0.47352865,
          0.4103948 ,  0.        ]],

       [[ 0.        , -0.24726437, -0.59168845, ..., -0.04441114,
         -0.21481284, -0.41847152],
        [ 0.24726437,  0.        , -0.37397906, ...,  0.20398832,
          0.03334956, -0.18090427],
        [ 0.59168845,  0.37397906,  0.        , ...,  0.55530187,
          0.40470066,  0.20003133],
        ...,
        [ 0.04441114, -0.20398832, -0.55530187, ...,  0.        ,
         -0.17122652, -0.37772311],
        [ 0.21481284, -0.03334956, -0.40470066, ...,  0.17122652,
          0.        , -0.21360296],
        [ 0.41847152,  0.18090427, -0.20003133, ...,  0.37772311,
          0.21360296,  0.        ]],

       ...,

       [[ 0.        , -0.81820307, -0.17719265, ...,  0.64930078,
          0.23695929, -0.01575164],
        [ 0.81820307,  0.        ,  0.70338273, ...,  0.99557145,
          0.93113515,  0.80904549],
        [ 0.17719265, -0.70338273,  0.        , ...,  0.773787  ,
          0.40535582,  0.16166828],
        ...,
        [-0.64930078, -0.99557145, -0.773787  , ...,  0.        ,
         -0.45059337, -0.66119985],
        [-0.23695929, -0.93113515, -0.40535582, ...,  0.45059337,
          0.        , -0.25223292],
        [ 0.01575164, -0.80904549, -0.16166828, ...,  0.66119985,
          0.25223292,  0.        ]],

       [[ 0.        , -0.46841911, -0.76346419, ..., -0.07408187,
         -0.25958927, -0.3350263 ],
        [ 0.46841911,  0.        , -0.37199693, ..., -0.53258378,
         -0.68171007, -0.73734647],
        [ 0.76346419,  0.37199693,  0.        , ..., -0.80921211,
         -0.90494774, -0.93571945],
        ...,
        [ 0.07408187,  0.53258378,  0.80921211, ...,  0.        ,
          0.18733369,  0.26430511],
        [ 0.25958927,  0.68171007,  0.90494774, ..., -0.18733369,
          0.        ,  0.07895401],
        [ 0.3350263 ,  0.73734647,  0.93571945, ..., -0.26430511,
         -0.07895401,  0.        ]],

       [[ 0.        , -0.3309922 , -0.55149923, ...,  0.9784616 ,
          0.99807785,  0.99930844],
        [ 0.3309922 ,  0.        , -0.24430759, ...,  0.85498278,
          0.92130722,  0.95528851],
        [ 0.55149923,  0.24430759,  0.        , ...,  0.70236321,
          0.79839412,  0.85410544],
        ...,
        [-0.9784616 , -0.85498278, -0.70236321, ...,  0.        ,
         -0.14539426, -0.24266922],
        [-0.99807785, -0.92130722, -0.79839412, ...,  0.14539426,
          0.        , -0.09904227],
        [-0.99930844, -0.95528851, -0.85410544, ...,  0.24266922,
          0.09904227,  0.        ]]]), 'num': array([ 9.99708713e-01,  2.09598525e-02,  5.34835443e-05, -5.98763938e-08,
        6.13251165e-04,  6.21628914e-04,  6.11575616e-04,  1.18321953e-02,
       -6.70219853e-06,  6.26655563e-04,  6.37797968e-04,  6.48326004e-04,
        1.09672340e-06,  6.58463004e-04,  6.17132931e-04])}
{'img': array([[[ 0.        , -0.57495957,  0.7000064 , ...,  0.20649985,
          0.20649985, -0.08409803],
        [ 0.57495957,  0.        ,  0.98333217, ...,  0.73152168,
          0.73152168,  0.5041153 ],
        [-0.7000064 , -0.98333217,  0.        , ..., -0.53744981,
         -0.53744981, -0.75758409],
        ...,
        [-0.20649985, -0.73152168,  0.53744981, ...,  0.        ,
          0.        , -0.28805375],
        [-0.20649985, -0.73152168,  0.53744981, ...,  0.        ,
          0.        , -0.28805375],
        [ 0.08409803, -0.5041153 ,  0.75758409, ...,  0.28805375,
          0.28805375,  0.        ]],

       [[ 0.        , -0.03712748, -0.03562335, ...,  0.51867067,
          0.12210297, -0.40730258],
        [ 0.03712748,  0.        ,  0.00150512, ...,  0.55005609,
          0.15886846, -0.37311349],
        [ 0.03562335, -0.00150512,  0.        , ...,  0.5487985 ,
          0.15738227, -0.3745095 ],
        ...,
        [-0.51867067, -0.55005609, -0.5487985 , ...,  0.        ,
         -0.4103948 , -0.8219316 ],
        [-0.12210297, -0.15886846, -0.15738227, ...,  0.4103948 ,
          0.        , -0.51577074],
        [ 0.40730258,  0.37311349,  0.3745095 , ...,  0.8219316 ,
          0.51577074,  0.        ]],

       [[ 0.        , -0.37397906, -0.53666647, ...,  0.03334956,
         -0.18090427, -0.53666647],
        [ 0.37397906,  0.        , -0.18216296, ...,  0.40470066,
          0.20003133, -0.18216296],
        [ 0.53666647,  0.18216296,  0.        , ...,  0.56450812,
          0.37516583,  0.        ],
        ...,
        [-0.03334956, -0.40470066, -0.56450812, ...,  0.        ,
         -0.21360296, -0.56450812],
        [ 0.18090427, -0.20003133, -0.37516583, ...,  0.21360296,
          0.        , -0.37516583],
        [ 0.53666647,  0.18216296,  0.        , ...,  0.56450812,
          0.37516583,  0.        ]],

       ...,

       [[ 0.        ,  0.70338273,  0.99937034, ...,  0.93113515,
          0.80904549,  0.73512733],
        [-0.70338273,  0.        ,  0.73532074, ...,  0.40535582,
          0.16166828,  0.04569324],
        [-0.99937034, -0.73532074,  0.        , ..., -0.39748262,
         -0.616082  , -0.70358552],
        ...,
        [-0.93113515, -0.40535582,  0.39748262, ...,  0.        ,
         -0.25223292, -0.36316154],
        [-0.80904549, -0.16166828,  0.616082  , ...,  0.25223292,
          0.        , -0.11640727],
        [-0.73512733, -0.04569324,  0.70358552, ...,  0.36316154,
          0.11640727,  0.        ]],

       [[ 0.        , -0.66409873, -0.90433874, ..., -0.26735225,
         -0.34491362, -0.43622355],
        [ 0.66409873,  0.        , -0.39267663, ..., -0.83980932,
         -0.88121884, -0.9237218 ],
        [ 0.90433874,  0.39267663,  0.        , ..., -0.98552986,
         -0.99605795, -0.99994562],
        ...,
        [ 0.26735225,  0.83980932,  0.98552986, ...,  0.        ,
          0.08141235,  0.17977072],
        [ 0.34491362,  0.88121884,  0.99605795, ..., -0.08141235,
          0.        ,  0.09908795],
        [ 0.43622355,  0.9237218 ,  0.99994562, ..., -0.17977072,
         -0.09908795,  0.        ]],

       [[ 0.        , -0.24430759,  0.32481732, ...,  0.92130722,
          0.95528851,  0.98423263],
        [ 0.24430759,  0.        ,  0.54603508, ...,  0.79839412,
          0.85410544,  0.91119535],
        [-0.32481732, -0.54603508,  0.        , ...,  0.99765146,
          0.99953013,  0.98831768],
        ...,
        [-0.92130722, -0.79839412, -0.99765146, ...,  0.        ,
         -0.09904227, -0.21974476],
        [-0.95528851, -0.85410544, -0.99953013, ...,  0.09904227,
          0.        , -0.1220429 ],
        [-0.98423263, -0.91119535, -0.98831768, ...,  0.21974476,
          0.1220429 ,  0.        ]]]), 'num': array([ 9.88583328e-01,  1.49563853e-01,  4.71359256e-05, -9.66054179e-08,
        6.04045698e-04,  6.17619759e-04,  5.98955426e-04,  1.81791965e-02,
       -1.69675758e-05,  6.26103547e-04,  6.43580150e-04,  6.56220994e-04,
        6.43597703e-07,  6.71213867e-04,  6.15946433e-04])}
