state_0,state_1,state_2,state_3,state_4,state_5,state_6,state_7,state_8,state_9,state_10,state_11,state_12,state_13,state_14,state_15,state_16,state_17,state_18,state_19,state_20,state_21,state_22,state_23,state_24,state_25,state_26,state_27,state_28,state_29,state_30,state_31,state_32,state_33,state_34,state_35,state_36,state_37,state_38,state_39,state_40,state_41,state_42,state_43,state_44,state_45,state_46,state_47,state_48,state_49,state_50,state_51,state_52,state_53,state_54,state_55,state_56,state_57,state_58,state_59,state_60,state_61,state_62,state_63,state_64,state_65,state_66,state_67,state_68,state_69,state_70,state_71,state_72,state_73,state_74,state_75,state_76,state_77,state_78,state_79,state_80,state_81,state_82,state_83,state_84,state_85,state_86,state_87,state_88,state_89,state_90,state_91,state_92,state_93,state_94,state_95,state_96,state_97,state_98,state_99,state_100,state_101,state_102,state_103,state_104,state_105,state_106,state_107,state_108,state_109,state_110,state_111,state_112,state_113,state_114,state_115,state_116,state_117,state_118,state_119,state_120,state_121,state_122,state_123,state_124,state_125,state_126,state_127,state_128,state_129,state_130,state_131,state_132,state_133,state_134,state_135,state_136,state_137,state_138,state_139,state_140,state_141,state_142,state_143,state_144,state_145,state_146,state_147,state_148,state_149,state_150,state_151,state_152,state_153,state_154,state_155,state_156,state_157,state_158,state_159,state_160,state_161,state_162,state_163,state_164,state_165,state_166,state_167,state_168,state_169,state_170,state_171,state_172,state_173,state_174,state_175,state_176,state_177,state_178,state_179,state_180,state_181,state_182,state_183,state_184,state_185,state_186,state_187,state_188,state_189,state_190,state_191,state_192,state_193,state_194,state_195,state_196,state_197,state_198,state_199,state_200,state_201,state_202,state_203,state_204,state_205,state_206,state_207,state_208,state_209,state_210,state_211,state_212,state_213,state_214,state_215,state_216,state_217,state_218,state_219,state_220,state_221,state_222,state_223,state_224,state_225,state_226,state_227,state_228,state_229,state_230,state_231,state_232,state_233,state_234,state_235,state_236,state_237,state_238,state_239,state_240,state_241,state_242,state_243,state_244,state_245,state_246,state_247,state_248,state_249,state_250,state_251,state_252,state_253,state_254,state_255,state_256,state_257,state_258,state_259,state_260,state_261,state_262,state_263,state_264,state_265,state_266,state_267,state_268,state_269,state_270,state_271,state_272,state_273,state_274,state_275,state_276,state_277,state_278,state_279,state_280,state_281,state_282,state_283,state_284,state_285,state_286,state_287
{'img': array([[[ 0.        , -0.3286711 , -0.63734422, ..., -0.9860133 ,
         -0.63734422, -0.82739756],
        [ 0.3286711 ,  0.        , -0.34866908, ..., -0.9860133 ,
         -0.34866908, -0.59684387],
        [ 0.63734422,  0.34866908,  0.        , ..., -0.8660254 ,
          0.        , -0.27963225],
        ...,
        [ 0.9860133 ,  0.9860133 ,  0.8660254 , ...,  0.        ,
          0.8660254 ,  0.69166109],
        [ 0.63734422,  0.34866908,  0.        , ..., -0.8660254 ,
          0.        , -0.27963225],
        [ 0.82739756,  0.59684387,  0.27963225, ..., -0.69166109,
          0.27963225,  0.        ]],

       [[ 0.        , -0.21453883,  0.30643846, ..., -0.12771943,
         -0.25643353, -0.59297645],
        [ 0.21453883,  0.        ,  0.50352065, ...,  0.08803629,
         -0.04309755, -0.40641835],
        [-0.30643846, -0.50352065,  0.        , ..., -0.42550374,
         -0.54028837, -0.81119895],
        ...,
        [ 0.12771943, -0.08803629,  0.42550374, ...,  0.        ,
         -0.1308847 , -0.48527796],
        [ 0.25643353,  0.04309755,  0.54028837, ...,  0.1308847 ,
          0.        , -0.36666306],
        [ 0.59297645,  0.40641835,  0.81119895, ...,  0.48527796,
          0.36666306,  0.        ]],

       [[ 0.        , -0.28198654, -0.45591965, ..., -0.81350977,
         -0.94408063, -0.99999971],
        [ 0.28198654,  0.        , -0.18644376, ..., -0.61650658,
         -0.81279319, -0.95920302],
        [ 0.45591965,  0.18644376,  0.        , ..., -0.45890008,
         -0.68992813, -0.88967296],
        ...,
        [ 0.81350977,  0.61650658,  0.45890008, ...,  0.        ,
         -0.28080516, -0.58093063],
        [ 0.94408063,  0.81279319,  0.68992813, ...,  0.28080516,
          0.        , -0.32899455],
        [ 0.99999971,  0.95920302,  0.88967296, ...,  0.58093063,
          0.32899455,  0.        ]],

       ...,

       [[ 0.        , -0.31352103, -0.20172191, ..., -0.99989393,
         -0.59670943, -0.61998192],
        [ 0.31352103,  0.        ,  0.11552458, ..., -0.95404684,
         -0.31503683, -0.34272957],
        [ 0.20172191, -0.11552458,  0.        , ..., -0.98227694,
         -0.42256954, -0.44896259],
        ...,
        [ 0.99989393,  0.95404684,  0.98227694, ...,  0.        ,
          0.81106309,  0.79356265],
        [ 0.59670943,  0.31503683,  0.42256954, ..., -0.81106309,
          0.        , -0.02932125],
        [ 0.61998192,  0.34272957,  0.44896259, ..., -0.79356265,
          0.02932125,  0.        ]],

       [[ 0.        ,  0.12817917,  0.31451901, ...,  0.18667516,
          0.27605767,  0.45640575],
        [-0.12817917,  0.        ,  0.19025032, ...,  0.05920928,
          0.15058222,  0.33859066],
        [-0.31451901, -0.19025032,  0.        , ..., -0.13178868,
         -0.04024906,  0.15339356],
        ...,
        [-0.18667516, -0.05920928,  0.13178868, ...,  0.        ,
          0.09178388,  0.28228462],
        [-0.27605767, -0.15058222,  0.04024906, ..., -0.09178388,
          0.        ,  0.19304199],
        [-0.45640575, -0.33859066, -0.15339356, ..., -0.28228462,
         -0.19304199,  0.        ]],

       [[ 0.        , -0.16855969, -0.44923162, ..., -0.76489825,
         -0.85377023, -0.94080454],
        [ 0.16855969,  0.        , -0.29220996, ..., -0.64537575,
         -0.75379341, -0.87020975],
        [ 0.44923162,  0.29220996,  0.        , ..., -0.39399877,
         -0.52887897, -0.68826232],
        ...,
        [ 0.76489825,  0.64537575,  0.39399877, ...,  0.        ,
         -0.15171279, -0.34675835],
        [ 0.85377023,  0.75379341,  0.52887897, ...,  0.15171279,
          0.        , -0.2004448 ],
        [ 0.94080454,  0.87020975,  0.68826232, ...,  0.34675835,
          0.2004448 ,  0.        ]]]), 'num': array([7.07103917e-01, 7.07103917e-01, 0.00000000e+00, 0.00000000e+00,
       9.10343366e-04, 9.14577521e-04, 8.97640900e-04, 1.00626392e-03,
       8.46831038e-06, 9.01875055e-04, 9.75549356e-04, 9.64963968e-04,
       2.41951725e-07, 1.07355519e-03, 8.77543525e-04])}
{'img': array([[[ 0.        , -0.34866908, -0.66214267, ..., -0.34866908,
         -0.59684387, -0.47063954],
        [ 0.34866908,  0.        , -0.35930563, ...,  0.        ,
         -0.27963225, -0.13346533],
        [ 0.66214267,  0.35930563,  0.        , ...,  0.35930563,
          0.08401353,  0.23153859],
        ...,
        [ 0.34866908,  0.        , -0.35930563, ...,  0.        ,
         -0.27963225, -0.13346533],
        [ 0.59684387,  0.27963225, -0.08401353, ...,  0.27963225,
          0.        ,  0.14898949],
        [ 0.47063954,  0.13346533, -0.23153859, ...,  0.13346533,
         -0.14898949,  0.        ]],

       [[ 0.        ,  0.50352065,  0.82461111, ..., -0.04309755,
         -0.40641835, -0.60150457],
        [-0.50352065,  0.        ,  0.42760851, ..., -0.54028837,
         -0.81119895, -0.92193706],
        [-0.82461111, -0.42760851,  0.        , ..., -0.84822523,
         -0.98334741, -0.9990277 ],
        ...,
        [ 0.04309755,  0.54028837,  0.84822523, ...,  0.        ,
         -0.36666306, -0.56651639],
        [ 0.40641835,  0.81119895,  0.98334741, ...,  0.36666306,
          0.        , -0.22491181],
        [ 0.60150457,  0.92193706,  0.9990277 , ...,  0.56651639,
          0.22491181,  0.        ]],

       [[ 0.        , -0.18644376, -0.46308191, ..., -0.81279319,
         -0.95920302, -0.98004683],
        [ 0.18644376,  0.        , -0.28971407, ..., -0.68992813,
         -0.88967296, -0.92580351],
        [ 0.46308191,  0.28971407,  0.        , ..., -0.45062174,
         -0.71923481, -0.7765854 ],
        ...,
        [ 0.81279319,  0.68992813,  0.45062174, ...,  0.        ,
         -0.32899455, -0.40937232],
        [ 0.95920302,  0.88967296,  0.71923481, ...,  0.32899455,
          0.        , -0.0864194 ],
        [ 0.98004683,  0.92580351,  0.7765854 , ...,  0.40937232,
          0.0864194 ,  0.        ]],

       ...,

       [[ 0.        ,  0.11552458, -0.14000267, ..., -0.31503683,
         -0.34272957, -0.65782179],
        [-0.11552458,  0.        , -0.25345209, ..., -0.42256954,
         -0.44896259, -0.74042749],
        [ 0.14000267,  0.25345209,  0.        , ..., -0.17906041,
         -0.20783078, -0.54589667],
        ...,
        [ 0.31503683,  0.42256954,  0.17906041, ...,  0.        ,
         -0.02932125, -0.38704772],
        [ 0.34272957,  0.44896259,  0.20783078, ...,  0.02932125,
          0.        , -0.35984536],
        [ 0.65782179,  0.74042749,  0.54589667, ...,  0.38704772,
          0.35984536,  0.        ]],

       [[ 0.        ,  0.19025032,  0.6519164 , ...,  0.15058222,
          0.33859066,  0.30109211],
        [-0.19025032,  0.        ,  0.49574447, ..., -0.04024906,
          0.15339356,  0.11417108],
        [-0.6519164 , -0.49574447,  0.        , ..., -0.5302978 ,
         -0.35665996, -0.39334887],
        ...,
        [-0.15058222,  0.04024906,  0.5302978 , ...,  0.        ,
          0.19304199,  0.15406445],
        [-0.33859066, -0.15339356,  0.35665996, ..., -0.19304199,
          0.        , -0.03957065],
        [-0.30109211, -0.11417108,  0.39334887, ..., -0.15406445,
          0.03957065,  0.        ]],

       [[ 0.        , -0.29220996, -0.58080277, ..., -0.75379341,
         -0.87020975, -0.94496572],
        [ 0.29220996,  0.        , -0.31758131, ..., -0.52887897,
         -0.68826232, -0.80811979],
        [ 0.58080277,  0.31758131,  0.        , ..., -0.23196907,
         -0.42223856, -0.5792231 ],
        ...,
        [ 0.75379341,  0.52887897,  0.23196907, ...,  0.        ,
         -0.2004448 , -0.37432972],
        [ 0.87020975,  0.68826232,  0.42223856, ...,  0.2004448 ,
          0.        , -0.18086111],
        [ 0.94496572,  0.80811979,  0.5792231 , ...,  0.37432972,
          0.18086111,  0.        ]]]), 'num': array([ 9.68424364e-01,  2.49273571e-01,  6.56758715e-06, -1.20036019e-10,
        1.25287595e-03,  1.26431773e-03,  1.23571326e-03,  1.95761008e-03,
        2.28835789e-05,  1.22655983e-03,  1.31294534e-03,  1.30341052e-03,
        3.52055060e-07,  1.44708782e-03,  1.17880286e-03])}
{'img': array([[[ 0.        , -0.35930563, -0.35930563, ..., -0.27963225,
         -0.13346533,  0.12385467],
        [ 0.35930563,  0.        ,  0.        , ...,  0.08401353,
          0.23153859,  0.47212276],
        [ 0.35930563,  0.        ,  0.        , ...,  0.08401353,
          0.23153859,  0.47212276],
        ...,
        [ 0.27963225, -0.08401353, -0.08401353, ...,  0.        ,
          0.14898949,  0.39639295],
        [ 0.13346533, -0.23153859, -0.23153859, ..., -0.14898949,
          0.        ,  0.25518431],
        [-0.12385467, -0.47212276, -0.47212276, ..., -0.39639295,
         -0.25518431,  0.        ]],

       [[ 0.        ,  0.42760851, -0.55169243, ..., -0.81119895,
         -0.92193706, -0.77876892],
        [-0.42760851,  0.        , -0.85535598, ..., -0.98334741,
         -0.9990277 , -0.97222257],
        [ 0.55169243,  0.85535598,  0.        , ..., -0.35396523,
         -0.55524703, -0.3034477 ],
        ...,
        [ 0.81119895,  0.98334741,  0.35396523, ...,  0.        ,
         -0.22491181,  0.05347303],
        [ 0.92193706,  0.9990277 ,  0.55524703, ...,  0.22491181,
          0.        ,  0.27669303],
        [ 0.77876892,  0.97222257,  0.3034477 , ..., -0.05347303,
         -0.27669303,  0.        ]],

       [[ 0.        , -0.28971407, -0.57497059, ..., -0.88967296,
         -0.92580351, -0.84058427],
        [ 0.28971407,  0.        , -0.31327542, ..., -0.71923481,
         -0.7765854 , -0.64760179],
        [ 0.57497059,  0.31327542,  0.        , ..., -0.46537675,
         -0.54012661, -0.37629374],
        ...,
        [ 0.88967296,  0.71923481,  0.46537675, ...,  0.        ,
         -0.0864194 ,  0.09810939],
        [ 0.92580351,  0.7765854 ,  0.54012661, ...,  0.0864194 ,
          0.        ,  0.18374483],
        [ 0.84058427,  0.64760179,  0.37629374, ..., -0.09810939,
         -0.18374483,  0.        ]],

       ...,

       [[ 0.        , -0.25345209, -0.18516609, ..., -0.44896259,
         -0.74042749, -0.61374459],
        [ 0.25345209,  0.        ,  0.06994916, ..., -0.20783078,
         -0.54589667, -0.39360296],
        [ 0.18516609, -0.06994916,  0.        , ..., -0.27574352,
         -0.60316661, -0.45694176],
        ...,
        [ 0.44896259,  0.20783078,  0.27574352, ...,  0.        ,
         -0.35984536, -0.19395376],
        [ 0.74042749,  0.54589667,  0.60316661, ...,  0.35984536,
          0.        ,  0.17205096],
        [ 0.61374459,  0.39360296,  0.45694176, ...,  0.19395376,
         -0.17205096,  0.        ]],

       [[ 0.        ,  0.49574447,  0.02339786, ...,  0.15339356,
          0.11417108, -0.02559864],
        [-0.49574447,  0.        , -0.47528845, ..., -0.35665996,
         -0.39334887, -0.51781363],
        [-0.02339786,  0.47528845,  0.        , ...,  0.13023061,
          0.09089496, -0.04898183],
        ...,
        [-0.15339356,  0.35665996, -0.13023061, ...,  0.        ,
         -0.03957065, -0.17863898],
        [-0.11417108,  0.39334887, -0.09089496, ...,  0.03957065,
          0.        , -0.13956492],
        [ 0.02559864,  0.51781363,  0.04898183, ...,  0.17863898,
          0.13956492,  0.        ]],

       [[ 0.        , -0.31758131, -0.50899571, ..., -0.68826232,
         -0.80811979, -0.87183208],
        [ 0.31758131,  0.        , -0.20928137, ..., -0.42223856,
         -0.5792231 , -0.67114536],
        [ 0.50899571,  0.20928137,  0.        , ..., -0.22317791,
         -0.39579678, -0.50113748],
        ...,
        [ 0.68826232,  0.42223856,  0.22317791, ...,  0.        ,
         -0.18086111, -0.2953667 ],
        [ 0.80811979,  0.5792231 ,  0.39579678, ...,  0.18086111,
          0.        , -0.11770391],
        [ 0.87183208,  0.67114536,  0.50113748, ...,  0.2953667 ,
          0.11770391,  0.        ]]]), 'num': array([9.88237161e-01, 1.52871383e-01, 7.52581782e-06, 1.57315885e-08,
       1.28123586e-03, 1.29277852e-03, 1.26392186e-03, 2.04059318e-03,
       1.73139980e-05, 1.25353346e-03, 1.32163518e-03, 1.31538291e-03,
       4.08432774e-07, 1.45806343e-03, 1.18520693e-03])}
{'img': array([[[ 0.        ,  0.        , -0.62853936, ...,  0.23153859,
          0.47212276,  0.61865484],
        [ 0.        ,  0.        , -0.62853936, ...,  0.23153859,
          0.47212276,  0.61865484],
        [ 0.62853936,  0.62853936,  0.        , ...,  0.79154482,
          0.92128466,  0.97499604],
        ...,
        [-0.23153859, -0.23153859, -0.79154482, ...,  0.        ,
          0.25518431,  0.41993207],
        [-0.47212276, -0.47212276, -0.92128466, ..., -0.25518431,
          0.        ,  0.1744352 ],
        [-0.61865484, -0.61865484, -0.97499604, ..., -0.41993207,
         -0.1744352 ,  0.        ]],

       [[ 0.        , -0.85535598, -0.37295329, ..., -0.9990277 ,
         -0.97222257, -0.96539659],
        [ 0.85535598,  0.        ,  0.60043717, ..., -0.55524703,
         -0.3034477 , -0.27704972],
        [ 0.37295329, -0.60043717,  0.        , ..., -0.94339034,
         -0.81478402, -0.79848229],
        ...,
        [ 0.9990277 ,  0.55524703,  0.94339034, ...,  0.        ,
          0.27669303,  0.30309398],
        [ 0.97222257,  0.3034477 ,  0.81478402, ..., -0.27669303,
          0.        ,  0.02758312],
        [ 0.96539659,  0.27704972,  0.79848229, ..., -0.30309398,
         -0.02758312,  0.        ]],

       [[ 0.        , -0.31327542, -0.64760179, ..., -0.7765854 ,
         -0.64760179, -0.41949712],
        [ 0.31327542,  0.        , -0.37629374, ..., -0.54012661,
         -0.37629374, -0.11400276],
        [ 0.64760179,  0.37629374,  0.        , ..., -0.18374483,
          0.        ,  0.26821686],
        ...,
        [ 0.7765854 ,  0.54012661,  0.18374483, ...,  0.        ,
          0.18374483,  0.44066235],
        [ 0.64760179,  0.37629374,  0.        , ..., -0.18374483,
          0.        ,  0.26821686],
        [ 0.41949712,  0.11400276, -0.26821686, ..., -0.44066235,
         -0.26821686,  0.        ]],

       ...,

       [[ 0.        ,  0.06994916, -0.45334787, ..., -0.54589667,
         -0.39360296, -0.12027874],
        [-0.06994916,  0.        , -0.51458547, ..., -0.60316661,
         -0.45694176, -0.18942546],
        [ 0.45334787,  0.51458547,  0.        , ..., -0.10673743,
          0.0659223 ,  0.34284815],
        ...,
        [ 0.54589667,  0.60316661,  0.10673743, ...,  0.        ,
          0.17205096,  0.4411577 ],
        [ 0.39360296,  0.45694176, -0.0659223 , ..., -0.17205096,
          0.        ,  0.28017556],
        [ 0.12027874,  0.18942546, -0.34284815, ..., -0.4411577 ,
         -0.28017556,  0.        ]],

       [[ 0.        , -0.47528845, -0.58187404, ..., -0.39334887,
         -0.51781363, -0.56872336],
        [ 0.47528845,  0.        , -0.12540818, ...,  0.09089496,
         -0.04898183, -0.10944142],
        [ 0.58187404,  0.12540818,  0.        , ...,  0.21506641,
          0.07666252,  0.01607748],
        ...,
        [ 0.39334887, -0.09089496, -0.21506641, ...,  0.        ,
         -0.13956492, -0.19933736],
        [ 0.51781363,  0.04898183, -0.07666252, ...,  0.13956492,
          0.        , -0.06062245],
        [ 0.56872336,  0.10944142, -0.01607748, ...,  0.19933736,
          0.06062245,  0.        ]],

       [[ 0.        , -0.20928137, -0.46533003, ..., -0.5792231 ,
         -0.67114536, -0.72421568],
        [ 0.20928137,  0.        , -0.26978277, ..., -0.39579678,
         -0.50113748, -0.56386337],
        [ 0.46533003,  0.26978277,  0.        , ..., -0.13336931,
         -0.24909462, -0.32015101],
        ...,
        [ 0.5792231 ,  0.39579678,  0.13336931, ...,  0.        ,
         -0.11770391, -0.19094129],
        [ 0.67114536,  0.50113748,  0.24909462, ...,  0.11770391,
          0.        , -0.07407568],
        [ 0.72421568,  0.56386337,  0.32015101, ...,  0.19094129,
          0.07407568,  0.        ]]]), 'num': array([ 9.54420549e-01,  2.98439719e-01,  6.01817275e-06,  2.83203198e-08,
        1.23073326e-03,  1.26460666e-03,  1.23073326e-03,  1.53225162e-03,
       -2.25822617e-05,  1.22734593e-03,  1.28747120e-03,  1.28728301e-03,
        3.81905897e-07,  1.42185344e-03,  1.15308895e-03])}
{'img': array([[[ 0.00000000e+00, -6.28539361e-01, -9.38499577e-02, ...,
          4.72122765e-01,  6.18654842e-01,  4.17387497e-01],
        [ 6.28539361e-01,  0.00000000e+00,  5.52770798e-01, ...,
          9.21284664e-01,  9.74996043e-01,  8.95806416e-01],
        [ 9.38499577e-02, -5.52770798e-01,  0.00000000e+00, ...,
          5.52770798e-01,  6.89658747e-01,  5.00829437e-01],
        ...,
        [-4.72122765e-01, -9.21284664e-01, -5.52770798e-01, ...,
          0.00000000e+00,  1.74435203e-01, -6.10906887e-02],
        [-6.18654842e-01, -9.74996043e-01, -6.89658747e-01, ...,
         -1.74435203e-01,  0.00000000e+00, -2.34263482e-01],
        [-4.17387497e-01, -8.95806416e-01, -5.00829437e-01, ...,
          6.10906887e-02,  2.34263482e-01,  0.00000000e+00]],

       [[ 0.00000000e+00,  6.00437170e-01,  1.53189160e-02, ...,
         -3.03447695e-01, -2.77049716e-01, -4.71766731e-01],
        [-6.00437170e-01,  0.00000000e+00, -5.88116607e-01, ...,
         -8.14784021e-01, -7.98482291e-01, -9.06678117e-01],
        [-1.53189160e-02,  5.88116607e-01,  0.00000000e+00, ...,
         -3.18008688e-01, -2.91736473e-01, -4.85218420e-01],
        ...,
        [ 3.03447695e-01,  8.14784021e-01,  3.18008688e-01, ...,
          0.00000000e+00,  2.75831177e-02, -1.81965099e-01],
        [ 2.77049716e-01,  7.98482291e-01,  2.91736473e-01, ...,
         -2.75831177e-02,  0.00000000e+00, -2.09018481e-01],
        [ 4.71766731e-01,  9.06678117e-01,  4.85218420e-01, ...,
          1.81965099e-01,  2.09018481e-01,  0.00000000e+00]],

       [[ 0.00000000e+00, -3.76293739e-01, -6.98941995e-01, ...,
         -3.76293739e-01, -1.14002758e-01, -9.71727363e-02],
        [ 3.76293739e-01,  0.00000000e+00, -3.78452909e-01, ...,
          0.00000000e+00,  2.68216865e-01,  2.84482360e-01],
        [ 6.98941995e-01,  3.78452909e-01,  0.00000000e+00, ...,
          3.78452909e-01,  6.12852890e-01,  6.26138435e-01],
        ...,
        [ 3.76293739e-01,  0.00000000e+00, -3.78452909e-01, ...,
          0.00000000e+00,  2.68216865e-01,  2.84482360e-01],
        [ 1.14002758e-01, -2.68216865e-01, -6.12852890e-01, ...,
         -2.68216865e-01,  0.00000000e+00,  1.69240311e-02],
        [ 9.71727363e-02, -2.84482360e-01, -6.26138435e-01, ...,
         -2.84482360e-01, -1.69240311e-02,  0.00000000e+00]],

       ...,

       [[ 0.00000000e+00, -5.14585465e-01, -3.51953023e-01, ...,
         -4.56941757e-01, -1.89425465e-01, -2.75743523e-01],
        [ 5.14585465e-01,  0.00000000e+00,  1.79882805e-01, ...,
          6.59223044e-02,  3.42848150e-01,  2.58202352e-01],
        [ 3.51953023e-01, -1.79882805e-01,  0.00000000e+00, ...,
         -1.14644533e-01,  1.68275369e-01,  8.02074344e-02],
        ...,
        [ 4.56941757e-01, -6.59223044e-02,  1.14644533e-01, ...,
          0.00000000e+00,  2.80175564e-01,  1.93953764e-01],
        [ 1.89425465e-01, -3.42848150e-01, -1.68275369e-01, ...,
         -2.80175564e-01,  0.00000000e+00, -8.86695396e-02],
        [ 2.75743523e-01, -2.58202352e-01, -8.02074344e-02, ...,
         -1.93953764e-01,  8.86695396e-02,  0.00000000e+00]],

       [[ 0.00000000e+00, -1.67689959e-01, -7.16182259e-02, ...,
         -6.92485929e-02, -1.47824005e-01, -3.05231166e-01],
        [ 1.67689959e-01,  0.00000000e+00,  9.66552551e-02, ...,
          9.90193910e-02,  2.01168788e-02, -1.41221519e-01],
        [ 7.16182259e-02, -9.66552551e-02,  0.00000000e+00, ...,
          2.37553104e-03, -7.66130055e-02, -2.36246887e-01],
        ...,
        [ 6.92485929e-02, -9.90193910e-02, -2.37553104e-03, ...,
          0.00000000e+00, -7.89813384e-02, -2.38554507e-01],
        [ 1.47824005e-01, -2.01168788e-02,  7.66130055e-02, ...,
          7.89813384e-02,  0.00000000e+00, -1.61108209e-01],
        [ 3.05231166e-01,  1.41221519e-01,  2.36246887e-01, ...,
          2.38554507e-01,  1.61108209e-01,  0.00000000e+00]],

       [[ 0.00000000e+00, -2.69782774e-01, -5.00374006e-01, ...,
         -5.01137482e-01, -5.63863369e-01, -6.69553112e-01],
        [ 2.69782774e-01,  0.00000000e+00, -2.48240291e-01, ...,
         -2.49094616e-01, -3.20151013e-01, -4.44341911e-01],
        [ 5.00374006e-01,  2.48240291e-01,  0.00000000e+00, ...,
         -8.82030354e-04, -7.49552605e-02, -2.08045464e-01],
        ...,
        [ 5.01137482e-01,  2.49094616e-01,  8.82030354e-04, ...,
          0.00000000e+00, -7.40756822e-02, -2.07182653e-01],
        [ 5.63863369e-01,  3.20151013e-01,  7.49552605e-02, ...,
          7.40756822e-02,  0.00000000e+00, -1.34145035e-01],
        [ 6.69553112e-01,  4.44341911e-01,  2.08045464e-01, ...,
          2.07182653e-01,  1.34145035e-01,  0.00000000e+00]]]), 'num': array([9.53904851e-01, 3.00082977e-01, 5.94383522e-06, 1.38043105e-08,
       1.23362618e-03, 1.25044835e-03, 1.22801879e-03, 1.76192098e-03,
       1.12147834e-05, 1.22689731e-03, 1.27371903e-03, 1.27932642e-03,
       3.79323557e-07, 1.40600000e-03, 1.14143805e-03])}
{'img': array([[[ 0.        ,  0.5527708 ,  0.79154482, ...,  0.97499604,
          0.89580642,  0.94280904],
        [-0.5527708 ,  0.        ,  0.32181631, ...,  0.68965875,
          0.50082944,  0.60141727],
        [-0.79154482, -0.32181631,  0.        , ...,  0.41993207,
          0.19563955,  0.31231281],
        ...,
        [-0.97499604, -0.68965875, -0.41993207, ...,  0.        ,
         -0.23426348, -0.11548556],
        [-0.89580642, -0.50082944, -0.19563955, ...,  0.23426348,
          0.        ,  0.1204241 ],
        [-0.94280904, -0.60141727, -0.31231281, ...,  0.11548556,
         -0.1204241 ,  0.        ]],

       [[ 0.        , -0.58811661, -0.52271985, ..., -0.79848229,
         -0.90667812, -0.85316415],
        [ 0.58811661,  0.        ,  0.07860872, ..., -0.29173647,
         -0.48521842, -0.38323217],
        [ 0.52271985, -0.07860872,  0.        , ..., -0.36602285,
         -0.55245185, -0.45465338],
        ...,
        [ 0.79848229,  0.29173647,  0.36602285, ...,  0.        ,
         -0.20901848, -0.0970981 ],
        [ 0.90667812,  0.48521842,  0.55245185, ...,  0.20901848,
          0.        ,  0.11307746],
        [ 0.85316415,  0.38323217,  0.45465338, ...,  0.0970981 ,
         -0.11307746,  0.        ]],

       [[ 0.        , -0.37845291, -0.58006592, ...,  0.26821686,
          0.28448236,  0.39071665],
        [ 0.37845291,  0.        , -0.22864472, ...,  0.61285289,
          0.62613844,  0.71002542],
        [ 0.58006592,  0.22864472,  0.        , ...,  0.77729276,
          0.787829  ,  0.85222294],
        ...,
        [-0.26821686, -0.61285289, -0.77729276, ...,  0.        ,
          0.01692403,  0.12950365],
        [-0.28448236, -0.62613844, -0.787829  , ..., -0.01692403,
          0.        ,  0.11270359],
        [-0.39071665, -0.71002542, -0.85222294, ..., -0.12950365,
         -0.11270359,  0.        ]],

       ...,

       [[ 0.        ,  0.1798828 , -0.26329255, ...,  0.34284815,
          0.25820235,  0.25820235],
        [-0.1798828 ,  0.        , -0.43253356, ...,  0.16827537,
          0.08020743,  0.08020743],
        [ 0.26329255,  0.43253356,  0.        , ...,  0.57808571,
          0.50345647,  0.50345647],
        ...,
        [-0.34284815, -0.16827537, -0.57808571, ...,  0.        ,
         -0.08866954, -0.08866954],
        [-0.25820235, -0.08020743, -0.50345647, ...,  0.08866954,
          0.        ,  0.        ],
        [-0.25820235, -0.08020743, -0.50345647, ...,  0.08866954,
          0.        ,  0.        ]],

       [[ 0.        ,  0.09665526, -0.11768684, ...,  0.02011688,
         -0.14122152, -0.31869479],
        [-0.09665526,  0.        , -0.2131194 , ..., -0.07661301,
         -0.23624689, -0.40881803],
        [ 0.11768684,  0.2131194 ,  0.        , ...,  0.13764011,
         -0.02373275, -0.20492976],
        ...,
        [-0.02011688,  0.07661301, -0.13764011, ...,  0.        ,
         -0.16110821, -0.33769823],
        [ 0.14122152,  0.23624689,  0.02373275, ...,  0.16110821,
          0.        , -0.18164298],
        [ 0.31869479,  0.40881803,  0.20492976, ...,  0.33769823,
          0.18164298,  0.        ]],

       [[ 0.        , -0.24824029, -0.41263218, ..., -0.32015101,
         -0.44434191, -0.5297323 ],
        [ 0.24824029,  0.        , -0.17359465, ..., -0.07495526,
         -0.20804546, -0.30260218],
        [ 0.41263218,  0.17359465,  0.        , ...,  0.09928908,
         -0.0350905 , -0.13255182],
        ...,
        [ 0.32015101,  0.07495526, -0.09928908, ...,  0.        ,
         -0.13414504, -0.2303098 ],
        [ 0.44434191,  0.20804546,  0.0350905 , ...,  0.13414504,
          0.        , -0.09768933],
        [ 0.5297323 ,  0.30260218,  0.13255182, ...,  0.2303098 ,
          0.09768933,  0.        ]]]), 'num': array([ 9.70159492e-01,  2.42436085e-01,  6.70712817e-06,  2.14888674e-08,
        1.25038386e-03,  1.27919455e-03,  1.23885958e-03,  1.45201258e-03,
       -1.72864128e-05,  1.26306056e-03,  1.30368363e-03,  1.31549601e-03,
        3.78654757e-07,  1.44022927e-03,  1.16713799e-03])}
{'img': array([[[ 0.        ,  0.32181631,  0.5527708 , ...,  0.50082944,
          0.60141727,  0.44530244],
        [-0.32181631,  0.        ,  0.25518431, ...,  0.19563955,
          0.31231281,  0.13346533],
        [-0.5527708 , -0.25518431,  0.        , ..., -0.06109069,
          0.05955307, -0.12385467],
        ...,
        [-0.50082944, -0.19563955,  0.06109069, ...,  0.        ,
          0.1204241 , -0.06300303],
        [-0.60141727, -0.31231281, -0.05955307, ..., -0.1204241 ,
          0.        , -0.18272939],
        [-0.44530244, -0.13346533,  0.12385467, ...,  0.06300303,
          0.18272939,  0.        ]],

       [[ 0.        ,  0.07860872,  0.07740976, ..., -0.48521842,
         -0.38323217, -0.53250803],
        [-0.07860872,  0.        , -0.00120263, ..., -0.55245185,
         -0.45465338, -0.59739659],
        [-0.07740976,  0.00120263,  0.        , ..., -0.551449  ,
         -0.45358191, -0.59643171],
        ...,
        [ 0.48521842,  0.55245185,  0.551449  , ...,  0.        ,
          0.11307746, -0.0549203 ],
        [ 0.38323217,  0.45465338,  0.45358191, ..., -0.11307746,
          0.        , -0.16747485],
        [ 0.53250803,  0.59739659,  0.59643171, ...,  0.0549203 ,
          0.16747485,  0.        ]],

       [[ 0.        , -0.22864472,  0.20193137, ...,  0.62613844,
          0.71002542,  0.73137199],
        [ 0.22864472,  0.        ,  0.42051676, ...,  0.787829  ,
          0.85222294,  0.86792874],
        [-0.20193137, -0.42051676,  0.        , ...,  0.45579148,
          0.55320343,  0.57859258],
        ...,
        [-0.62613844, -0.787829  , -0.45579148, ...,  0.        ,
          0.11270359,  0.14324634],
        [-0.71002542, -0.85222294, -0.55320343, ..., -0.11270359,
          0.        ,  0.03079238],
        [-0.73137199, -0.86792874, -0.57859258, ..., -0.14324634,
         -0.03079238,  0.        ]],

       ...,

       [[ 0.        , -0.43253356,  0.02340978, ...,  0.08020743,
          0.08020743,  0.02220564],
        [ 0.43253356,  0.        ,  0.4535217 , ...,  0.50345647,
          0.50345647,  0.45244791],
        [-0.02340978, -0.4535217 ,  0.        , ...,  0.05685109,
          0.05685109, -0.00120446],
        ...,
        [-0.08020743, -0.50345647, -0.05685109, ...,  0.        ,
          0.        , -0.05805356],
        [-0.08020743, -0.50345647, -0.05685109, ...,  0.        ,
          0.        , -0.05805356],
        [-0.02220564, -0.45244791,  0.00120446, ...,  0.05805356,
          0.05805356,  0.        ]],

       [[ 0.        , -0.2131194 , -0.24290098, ..., -0.23624689,
         -0.40881803, -0.50917768],
        [ 0.2131194 ,  0.        , -0.03058391, ..., -0.02373275,
         -0.20492976, -0.31405627],
        [ 0.24290098,  0.03058391,  0.        , ...,  0.00685365,
         -0.17489908, -0.28487286],
        ...,
        [ 0.23624689,  0.02373275, -0.00685365, ...,  0.        ,
         -0.18164298, -0.29143583],
        [ 0.40881803,  0.20492976,  0.17489908, ...,  0.18164298,
          0.        , -0.11282974],
        [ 0.50917768,  0.31405627,  0.28487286, ...,  0.29143583,
          0.11282974,  0.        ]],

       [[ 0.        , -0.17359465, -0.28444525, ..., -0.20804546,
         -0.30260218, -0.47589515],
        [ 0.17359465,  0.        , -0.11370272, ..., -0.0350905 ,
         -0.13255182, -0.31599288],
        [ 0.28444525,  0.11370272,  0.        , ...,  0.07876977,
         -0.01899279, -0.20606684],
        ...,
        [ 0.20804546,  0.0350905 , -0.07876977, ...,  0.        ,
         -0.09768933, -0.28250576],
        [ 0.30260218,  0.13255182,  0.01899279, ...,  0.09768933,
          0.        , -0.18744451],
        [ 0.47589515,  0.31599288,  0.20606684, ...,  0.28250576,
          0.18744451,  0.        ]]]), 'num': array([ 9.98294982e-01,  5.82367439e-02,  8.74472824e-06,  9.76644247e-09,
        1.28598945e-03,  1.29795214e-03,  1.27402675e-03,  1.26872728e-03,
       -1.19626925e-05,  1.30632602e-03,  1.34520478e-03,  1.36594011e-03,
        4.36733219e-07,  1.48290051e-03,  1.20750904e-03])}
{'img': array([[[ 0.        ,  0.25518431,  0.19563955, ...,  0.31231281,
          0.13346533,  0.        ],
        [-0.25518431,  0.        , -0.06109069, ...,  0.05955307,
         -0.12385467, -0.25518431],
        [-0.19563955,  0.06109069,  0.        , ...,  0.1204241 ,
         -0.06300303, -0.19563955],
        ...,
        [-0.31231281, -0.05955307, -0.1204241 , ...,  0.        ,
         -0.18272939, -0.31231281],
        [-0.13346533,  0.12385467,  0.06300303, ...,  0.18272939,
          0.        , -0.13346533],
        [ 0.        ,  0.25518431,  0.19563955, ...,  0.31231281,
          0.13346533,  0.        ]],

       [[ 0.        , -0.00120263, -0.39636452, ..., -0.45465338,
         -0.59739659, -0.69118546],
        [ 0.00120263,  0.        , -0.39526011, ..., -0.45358191,
         -0.59643171, -0.69031585],
        [ 0.39636452,  0.39526011,  0.        , ..., -0.06438481,
         -0.23060283, -0.348129  ],
        ...,
        [ 0.45465338,  0.45358191,  0.06438481, ...,  0.        ,
         -0.16747485, -0.28704935],
        [ 0.59739659,  0.59643171,  0.23060283, ...,  0.16747485,
          0.        , -0.12256836],
        [ 0.69118546,  0.69031585,  0.348129  , ...,  0.28704935,
          0.12256836,  0.        ]],

       [[ 0.        ,  0.42051676,  0.56100182, ...,  0.85222294,
          0.86792874,  0.83538262],
        [-0.42051676,  0.        ,  0.1608785 , ...,  0.55320343,
          0.57859258,  0.52678495],
        [-0.56100182, -0.1608785 ,  0.        , ...,  0.4119783 ,
          0.43984077,  0.38317667],
        ...,
        [-0.85222294, -0.55320343, -0.4119783 , ...,  0.        ,
          0.03079238, -0.03138594],
        [-0.86792874, -0.57859258, -0.43984077, ..., -0.03079238,
          0.        , -0.06214827],
        [-0.83538262, -0.52678495, -0.38317667, ...,  0.03138594,
          0.06214827,  0.        ]],

       ...,

       [[ 0.        ,  0.4535217 ,  0.68889847, ...,  0.50345647,
          0.45244791,  0.62665203],
        [-0.4535217 ,  0.        ,  0.28523872, ...,  0.05685109,
         -0.00120446,  0.20507153],
        [-0.68889847, -0.28523872,  0.        , ..., -0.23028809,
         -0.28639293, -0.08262439],
        ...,
        [-0.50345647, -0.05685109,  0.23028809, ...,  0.        ,
         -0.05805356,  0.14909703],
        [-0.45244791,  0.00120446,  0.28639293, ...,  0.05805356,
          0.        ,  0.20625024],
        [-0.62665203, -0.20507153,  0.08262439, ..., -0.14909703,
         -0.20625024,  0.        ]],

       [[ 0.        , -0.03058391, -0.11912754, ..., -0.20492976,
         -0.31405627, -0.54380952],
        [ 0.03058391,  0.        , -0.0887057 , ..., -0.17489908,
         -0.28487286, -0.51788885],
        [ 0.11912754,  0.0887057 ,  0.        , ..., -0.08687118,
         -0.19871965, -0.43996416],
        ...,
        [ 0.20492976,  0.17489908,  0.08687118, ...,  0.        ,
         -0.11282974, -0.36028925],
        [ 0.31405627,  0.28487286,  0.19871965, ...,  0.11282974,
          0.        , -0.25273639],
        [ 0.54380952,  0.51788885,  0.43996416, ...,  0.36028925,
          0.25273639,  0.        ]],

       [[ 0.        , -0.11370272, -0.28364095, ..., -0.13255182,
         -0.31599288, -0.59827564],
        [ 0.11370272,  0.        , -0.17276848, ..., -0.01899279,
         -0.20606684, -0.50328682],
        [ 0.28364095,  0.17276848,  0.        , ...,  0.15403013,
         -0.03390759, -0.34642603],
        ...,
        [ 0.13255182,  0.01899279, -0.15403013, ...,  0.        ,
         -0.18744451, -0.486784  ],
        [ 0.31599288,  0.20606684,  0.03390759, ...,  0.18744451,
          0.        , -0.31441888],
        [ 0.59827564,  0.50328682,  0.34642603, ...,  0.486784  ,
          0.31441888,  0.        ]]]), 'num': array([ 8.56748028e-01,  5.15724189e-01,  3.14307685e-06, -1.52215677e-09,
        1.11082684e-03,  1.11594585e-03,  1.09546978e-03,  1.06738685e-03,
        1.02380354e-05,  1.11287444e-03,  1.14435640e-03,  1.16918364e-03,
        3.63285125e-07,  1.25440814e-03,  1.03430466e-03])}
{'img': array([[[ 0.        , -0.06109069,  0.05955307, ..., -0.12385467,
         -0.25518431, -0.12385467],
        [ 0.06109069,  0.        ,  0.1204241 , ..., -0.06300303,
         -0.19563955, -0.06300303],
        [-0.05955307, -0.1204241 ,  0.        , ..., -0.18272939,
         -0.31231281, -0.18272939],
        ...,
        [ 0.12385467,  0.06300303,  0.18272939, ...,  0.        ,
         -0.13346533,  0.        ],
        [ 0.25518431,  0.19563955,  0.31231281, ...,  0.13346533,
          0.        ,  0.13346533],
        [ 0.12385467,  0.06300303,  0.18272939, ...,  0.        ,
         -0.13346533,  0.        ]],

       [[ 0.        , -0.39526011, -0.50559553, ..., -0.59643171,
         -0.69031585, -0.69891139],
        [ 0.39526011,  0.        , -0.12340569, ..., -0.23060283,
         -0.348129  , -0.35930521],
        [ 0.50559553,  0.12340569,  0.        , ..., -0.10876052,
         -0.22978176, -0.24139412],
        ...,
        [ 0.59643171,  0.23060283,  0.10876052, ...,  0.        ,
         -0.12256836, -0.134418  ],
        [ 0.69031585,  0.348129  ,  0.22978176, ...,  0.12256836,
          0.        , -0.01194848],
        [ 0.69891139,  0.35930521,  0.24139412, ...,  0.134418  ,
          0.01194848,  0.        ]],

       [[ 0.        ,  0.39965263,  0.66143783, ...,  0.82202982,
          0.78062475,  0.71954632],
        [-0.39965263,  0.        ,  0.30657854, ...,  0.52594737,
          0.4657898 ,  0.38204758],
        [-0.66143783, -0.30657854,  0.        , ...,  0.23987027,
          0.17206992,  0.08032792],
        ...,
        [-0.82202982, -0.52594737, -0.23987027, ...,  0.        ,
         -0.06924621, -0.16111238],
        [-0.78062475, -0.4657898 , -0.17206992, ...,  0.06924621,
          0.        , -0.09238407],
        [-0.71954632, -0.38204758, -0.08032792, ...,  0.16111238,
          0.09238407,  0.        ]],

       ...,

       [[ 0.        ,  0.28523872, -0.26327313, ..., -0.00120446,
          0.20507153,  0.15056252],
        [-0.28523872,  0.        , -0.52751173, ..., -0.28639293,
         -0.08262439, -0.13767951],
        [ 0.26327313,  0.52751173,  0.        , ...,  0.26211098,
          0.45551467,  0.40552283],
        ...,
        [ 0.00120446,  0.28639293, -0.26211098, ...,  0.        ,
          0.20625024,  0.15175314],
        [-0.20507153,  0.08262439, -0.45551467, ..., -0.20625024,
          0.        , -0.0553712 ],
        [-0.15056252,  0.13767951, -0.40552283, ..., -0.15175314,
          0.0553712 ,  0.        ]],

       [[ 0.        , -0.0887057 , -0.14475265, ..., -0.28487286,
         -0.51788885, -0.76425458],
        [ 0.0887057 ,  0.        , -0.05641058, ..., -0.19871965,
         -0.43996416, -0.70403419],
        [ 0.14475265,  0.05641058,  0.        , ..., -0.14311767,
         -0.38860602, -0.66285224],
        ...,
        [ 0.28487286,  0.19871965,  0.14311767, ...,  0.        ,
         -0.25273639, -0.54886925],
        [ 0.51788885,  0.43996416,  0.38860602, ...,  0.25273639,
          0.        , -0.31978587],
        [ 0.76425458,  0.70403419,  0.66285224, ...,  0.54886925,
          0.31978587,  0.        ]],

       [[ 0.        , -0.17276848, -0.35509919, ..., -0.20606684,
         -0.50328682, -0.35806561],
        [ 0.17276848,  0.        , -0.18825045, ..., -0.03390759,
         -0.34642603, -0.19136788],
        [ 0.35509919,  0.18825045,  0.        , ...,  0.15484084,
         -0.16363882, -0.00317514],
        ...,
        [ 0.20606684,  0.03390759, -0.15484084, ...,  0.        ,
         -0.31441888, -0.15797691],
        [ 0.50328682,  0.34642603,  0.16363882, ...,  0.31441888,
          0.        ,  0.16050566],
        [ 0.35806561,  0.19136788,  0.00317514, ...,  0.15797691,
