state_0,state_1,state_2,state_3,state_4,state_5,state_6,state_7,state_8,state_9,state_10,state_11,state_12,state_13,state_14,state_15,state_16,state_17,state_18,state_19,state_20,state_21,state_22,state_23,state_24,state_25,state_26,state_27,state_28,state_29,state_30,state_31,state_32,state_33,state_34,state_35,state_36,state_37,state_38,state_39,state_40,state_41,state_42,state_43,state_44,state_45,state_46,state_47,state_48,state_49,state_50,state_51,state_52,state_53,state_54,state_55,state_56,state_57,state_58,state_59,state_60,state_61,state_62,state_63,state_64,state_65,state_66,state_67,state_68,state_69,state_70,state_71,state_72,state_73,state_74,state_75,state_76,state_77,state_78,state_79,state_80,state_81,state_82,state_83,state_84,state_85,state_86,state_87,state_88,state_89,state_90,state_91,state_92,state_93,state_94,state_95,state_96,state_97,state_98,state_99,state_100,state_101,state_102,state_103,state_104,state_105,state_106,state_107,state_108,state_109,state_110,state_111,state_112,state_113,state_114,state_115,state_116,state_117,state_118,state_119,state_120,state_121,state_122,state_123,state_124,state_125,state_126,state_127,state_128,state_129,state_130,state_131,state_132,state_133,state_134,state_135,state_136,state_137,state_138,state_139,state_140,state_141,state_142,state_143,state_144,state_145,state_146,state_147,state_148,state_149,state_150,state_151,state_152,state_153,state_154,state_155,state_156,state_157,state_158,state_159,state_160,state_161,state_162,state_163,state_164,state_165,state_166,state_167,state_168,state_169,state_170,state_171,state_172,state_173,state_174,state_175,state_176,state_177,state_178,state_179,state_180,state_181,state_182,state_183,state_184,state_185,state_186,state_187,state_188,state_189,state_190,state_191,state_192,state_193,state_194,state_195,state_196,state_197,state_198,state_199,state_200,state_201,state_202,state_203,state_204,state_205,state_206,state_207,state_208,state_209,state_210,state_211,state_212,state_213,state_214,state_215,state_216,state_217,state_218,state_219,state_220,state_221,state_222,state_223,state_224,state_225,state_226,state_227,state_228,state_229,state_230,state_231,state_232,state_233,state_234,state_235,state_236,state_237,state_238,state_239,state_240,state_241,state_242,state_243,state_244,state_245,state_246,state_247,state_248,state_249,state_250,state_251,state_252,state_253,state_254,state_255,state_256,state_257,state_258,state_259,state_260,state_261,state_262,state_263,state_264,state_265,state_266,state_267,state_268,state_269,state_270,state_271,state_272,state_273,state_274,state_275,state_276,state_277,state_278,state_279,state_280,state_281,state_282,state_283,state_284,state_285,state_286,state_287
{'img': array([[[ 0.        , -0.23114666, -0.35546775, ..., -0.71556446,
         -0.87088762, -0.92156028],
        [ 0.23114666,  0.        , -0.12979117, ..., -0.53471946,
         -0.73369857, -0.98634273],
        [ 0.35546775,  0.12979117,  0.        , ..., -0.42051907,
         -0.63930261, -0.99937697],
        ...,
        [ 0.71556446,  0.53471946,  0.42051907, ...,  0.        ,
         -0.25666849, -0.92156028],
        [ 0.87088762,  0.73369857,  0.63930261, ...,  0.25666849,
          0.        , -0.79103979],
        [ 0.92156028,  0.98634273,  0.99937697, ...,  0.92156028,
          0.79103979,  0.        ]],

       [[ 0.        ,  0.20956014,  0.19651262, ..., -0.70885901,
         -0.26581612,  0.20688087],
        [-0.20956014,  0.        , -0.01332478, ..., -0.84093263,
         -0.46193483, -0.00273931],
        [-0.19651262,  0.01332478,  0.        , ..., -0.8336474 ,
         -0.45007589,  0.01058567],
        ...,
        [ 0.70885901,  0.84093263,  0.8336474 , ...,  0.        ,
          0.49586347,  0.83944712],
        [ 0.26581612,  0.46193483,  0.45007589, ..., -0.49586347,
          0.        ,  0.45950357],
        [-0.20688087,  0.00273931, -0.01058567, ..., -0.83944712,
         -0.45950357,  0.        ]],

       [[ 0.        , -0.32945345, -0.52283162, ..., -0.96541441,
         -0.99658387, -0.9862841 ],
        [ 0.32945345,  0.        , -0.2128049 , ..., -0.82562192,
         -0.9137379 , -0.98560011],
        [ 0.52283162,  0.2128049 ,  0.        , ..., -0.68664122,
         -0.80634496, -0.92704085],
        ...,
        [ 0.96541441,  0.82562192,  0.68664122, ...,  0.        ,
         -0.18009904, -0.41649216],
        [ 0.99658387,  0.9137379 ,  0.80634496, ...,  0.18009904,
          0.        , -0.24594677],
        [ 0.9862841 ,  0.98560011,  0.92704085, ...,  0.41649216,
          0.24594677,  0.        ]],

       ...,

       [[ 0.        , -0.53944882, -0.47564278, ..., -0.59873735,
         -0.70068371, -0.92117331],
        [ 0.53944882,  0.        ,  0.07402   , ..., -0.07207879,
         -0.20510692, -0.56571697],
        [ 0.47564278, -0.07402   ,  0.        , ..., -0.14570853,
         -0.27699057, -0.62520193],
        ...,
        [ 0.59873735,  0.07207879,  0.14570853, ...,  0.        ,
         -0.13402706, -0.50480937],
        [ 0.70068371,  0.20510692,  0.27699057, ...,  0.13402706,
          0.        , -0.38455853],
        [ 0.92117331,  0.56571697,  0.62520193, ...,  0.50480937,
          0.38455853,  0.        ]],

       [[ 0.        ,  0.01853327,  0.06825921, ..., -0.66533706,
         -0.61317586, -0.48958835],
        [-0.01853327,  0.        ,  0.04975745, ..., -0.67905867,
         -0.62771083, -0.50566441],
        [-0.06825921, -0.04975745,  0.        , ..., -0.71474369,
         -0.66566683, -0.54796532],
        ...,
        [ 0.66533706,  0.67905867,  0.71474369, ...,  0.        ,
          0.06781843,  0.21464431],
        [ 0.61317586,  0.62771083,  0.66566683, ..., -0.06781843,
          0.        ,  0.14791239],
        [ 0.48958835,  0.50566441,  0.54796532, ..., -0.21464431,
         -0.14791239,  0.        ]],

       [[ 0.        , -0.27406884, -0.4537271 , ..., -0.96010071,
         -0.99894226, -0.93171938],
        [ 0.27406884,  0.        , -0.19212002, ..., -0.84669396,
         -0.94809058, -0.99557997],
        [ 0.4537271 ,  0.19212002,  0.        , ..., -0.728698  ,
         -0.86933477, -0.99507721],
        ...,
        [ 0.96010071,  0.84669396,  0.728698  , ...,  0.        ,
         -0.23521121, -0.60924792],
        [ 0.99894226,  0.94809058,  0.86933477, ...,  0.23521121,
          0.        , -0.40563729],
        [ 0.93171938,  0.99557997,  0.99507721, ...,  0.60924792,
          0.40563729,  0.        ]]]), 'num': array([7.06951311e-01, 7.06951311e-01, 0.00000000e+00, 0.00000000e+00,
       1.97764515e-04, 2.00037670e-04, 1.90566189e-04, 2.09601138e-02,
       6.44060680e-06, 2.02689684e-04, 2.27220819e-04, 2.19113232e-04,
       1.60501937e-07, 2.62777015e-04, 1.91664624e-04])}
{'img': array([[[ 0.        , -0.12979117, -0.24537464, ..., -0.73369857,
         -0.98634273, -0.88789771],
        [ 0.12979117,  0.        , -0.11747586, ..., -0.63930261,
         -0.99937697, -0.82067805],
        [ 0.24537464,  0.11747586,  0.        , ..., -0.54454223,
         -0.99660323, -0.74787082],
        ...,
        [ 0.73369857,  0.63930261,  0.54454223, ...,  0.        ,
         -0.79103979, -0.26577301],
        [ 0.98634273,  0.99937697,  0.99660323, ...,  0.79103979,
          0.        ,  0.6       ],
        [ 0.88789771,  0.82067805,  0.74787082, ...,  0.26577301,
         -0.6       ,  0.        ]],

       [[ 0.        , -0.01332478, -0.42575981, ..., -0.46193483,
         -0.00273931, -0.55584125],
        [ 0.01332478,  0.        , -0.41366526, ..., -0.45007589,
          0.01058567, -0.54471517],
        [ 0.42575981,  0.41366526,  0.        , ..., -0.04036309,
          0.42327958, -0.14901609],
        ...,
        [ 0.46193483,  0.45007589,  0.04036309, ...,  0.        ,
          0.45950357, -0.10898222],
        [ 0.00273931, -0.01058567, -0.42327958, ..., -0.45950357,
          0.        , -0.55356201],
        [ 0.55584125,  0.54471517,  0.14901609, ...,  0.10898222,
          0.55356201,  0.        ]],

       [[ 0.        , -0.2128049 , -0.34192652, ..., -0.9137379 ,
         -0.98560011, -0.99652273],
        [ 0.2128049 ,  0.        , -0.13411615, ..., -0.80634496,
         -0.92704085, -0.99142828],
        [ 0.34192652,  0.13411615,  0.        , ..., -0.71973774,
         -0.86837737, -0.96494878],
        ...,
        [ 0.9137379 ,  0.80634496,  0.71973774, ...,  0.        ,
         -0.24594677, -0.48102516],
        [ 0.98560011,  0.92704085,  0.86837737, ...,  0.24594677,
          0.        , -0.25062647],
        [ 0.99652273,  0.99142828,  0.96494878, ...,  0.48102516,
          0.25062647,  0.        ]],

       ...,

       [[ 0.        ,  0.07402   ,  0.01397338, ..., -0.20510692,
         -0.56571697, -0.26331362],
        [-0.07402   ,  0.        , -0.06007772, ..., -0.27699057,
         -0.62520193, -0.33399914],
        [-0.01397338,  0.06007772,  0.        , ..., -0.2187632 ,
         -0.57718418, -0.27676817],
        ...,
        [ 0.20510692,  0.27699057,  0.2187632 , ...,  0.        ,
         -0.38455853, -0.0598467 ],
        [ 0.56571697,  0.62520193,  0.57718418, ...,  0.38455853,
          0.        ,  0.32862471],
        [ 0.26331362,  0.33399914,  0.27676817, ...,  0.0598467 ,
         -0.32862471,  0.        ]],

       [[ 0.        ,  0.04975745,  0.12864957, ..., -0.62771083,
         -0.50566441, -0.45269458],
        [-0.04975745,  0.        ,  0.07914624, ..., -0.66566683,
         -0.54796532, -0.49650085],
        [-0.12864957, -0.07914624,  0.        , ..., -0.72264145,
         -0.61245227, -0.56364514],
        ...,
        [ 0.62771083,  0.66566683,  0.72264145, ...,  0.        ,
          0.14791239,  0.20730963],
        [ 0.50566441,  0.54796532,  0.61245227, ..., -0.14791239,
          0.        ,  0.06033026],
        [ 0.45269458,  0.49650085,  0.56364514, ..., -0.20730963,
         -0.06033026,  0.        ]],

       [[ 0.        , -0.20235402, -0.33488189, ..., -0.95445418,
         -0.9932941 , -0.90156787],
        [ 0.20235402,  0.        , -0.13728388, ..., -0.87433501,
         -0.99614043, -0.97046261],
        [ 0.33488189,  0.13728388,  0.        , ..., -0.79942958,
         -0.97465878, -0.99439397],
        ...,
        [ 0.95445418,  0.87433501,  0.79942958, ...,  0.        ,
         -0.406706  , -0.68192241],
        [ 0.9932941 ,  0.99614043,  0.97465878, ...,  0.406706  ,
          0.        , -0.32550168],
        [ 0.90156787,  0.97046261,  0.99439397, ...,  0.68192241,
          0.32550168,  0.        ]]]), 'num': array([ 9.27373045e-01,  3.72227749e-01,  2.18561140e-05, -8.68145448e-11,
        2.56655245e-04,  2.75348639e-04,  2.56655245e-04,  3.77505005e-02,
       -7.07317605e-06,  2.65749329e-04,  2.99852142e-04,  2.91389592e-04,
        1.61086825e-07,  3.50662494e-04,  2.49041790e-04])}
{'img': array([[[ 0.        , -0.11747586, -0.08228452, ..., -0.99937697,
         -0.82067805, -0.97339883],
        [ 0.11747586,  0.        ,  0.03536273, ..., -0.99660323,
         -0.74787082, -0.93974302],
        [ 0.08228452, -0.03536273,  0.        , ..., -0.99889212,
         -0.7708784 , -0.95124512],
        ...,
        [ 0.99937697,  0.99660323,  0.99889212, ...,  0.        ,
          0.6       ,  0.26332976],
        [ 0.82067805,  0.74787082,  0.7708784 , ..., -0.6       ,
          0.        , -0.36815972],
        [ 0.97339883,  0.93974302,  0.95124512, ..., -0.26332976,
          0.36815972,  0.        ]],

       [[ 0.        , -0.41366526,  0.02488786, ...,  0.01058567,
         -0.54471517, -0.25143443],
        [ 0.41366526,  0.        ,  0.43619576, ...,  0.42327958,
         -0.14901609,  0.17146278],
        [-0.02488786, -0.43619576,  0.        , ..., -0.01430408,
         -0.56541793, -0.27544487],
        ...,
        [-0.01058567, -0.42327958,  0.01430408, ...,  0.        ,
         -0.55356201, -0.26166594],
        [ 0.54471517,  0.14901609,  0.56541793, ...,  0.55356201,
          0.        ,  0.3163576 ],
        [ 0.25143443, -0.17146278,  0.27544487, ...,  0.26166594,
         -0.3163576 ,  0.        ]],

       [[ 0.        , -0.13363555, -0.25418259, ..., -0.92386783,
         -0.98945667, -0.92287359],
        [ 0.13363555,  0.        , -0.12265625, ..., -0.86443735,
         -0.96122744, -0.96605937],
        [ 0.25418259,  0.12265625,  0.        , ..., -0.79624589,
         -0.92014613, -0.99044944],
        ...,
        [ 0.92386783,  0.86443735,  0.79624589, ...,  0.        ,
         -0.24487357, -0.7089788 ],
        [ 0.98945667,  0.96122744,  0.92014613, ...,  0.24487357,
          0.        , -0.51470182],
        [ 0.92287359,  0.96605937,  0.99044944, ...,  0.7089788 ,
          0.51470182,  0.        ]],

       ...,

       [[ 0.        , -0.06007772,  0.043751  , ..., -0.62520193,
         -0.33399914, -0.49231574],
        [ 0.06007772,  0.        ,  0.10369217, ..., -0.57718418,
         -0.27676817, -0.43913381],
        [-0.043751  , -0.10369217,  0.        , ..., -0.65874931,
         -0.37491785, -0.52992593],
        ...,
        [ 0.62520193,  0.57718418,  0.65874931, ...,  0.        ,
          0.32862471,  0.15995196],
        [ 0.33399914,  0.27676817,  0.37491785, ..., -0.32862471,
          0.        , -0.17332529],
        [ 0.49231574,  0.43913381,  0.52992593, ..., -0.15995196,
          0.17332529,  0.        ]],

       [[ 0.        ,  0.07914624,  0.01556862, ..., -0.54796532,
         -0.49650085, -0.48798799],
        [-0.07914624,  0.        , -0.06361687, ..., -0.61245227,
         -0.56364514, -0.55554001],
        [-0.01556862,  0.06361687,  0.        , ..., -0.56092207,
         -0.5099548 , -0.50151792],
        ...,
        [ 0.54796532,  0.61245227,  0.56092207, ...,  0.        ,
          0.06033026,  0.07008924],
        [ 0.49650085,  0.56364514,  0.5099548 , ..., -0.06033026,
          0.        ,  0.00977968],
        [ 0.48798799,  0.55554001,  0.50151792, ..., -0.07008924,
         -0.00977968,  0.        ]],

       [[ 0.        , -0.13728388, -0.04800943, ..., -0.99614043,
         -0.97046261, -0.62332161],
        [ 0.13728388,  0.        ,  0.08957071, ..., -0.97465878,
         -0.99439397, -0.72477111],
        [ 0.04800943, -0.08957071,  0.        , ..., -0.99077779,
         -0.9809259 , -0.66014456],
        ...,
        [ 0.99614043,  0.97465878,  0.99077779, ...,  0.        ,
         -0.32550168, -0.83365886],
        [ 0.97046261,  0.99439397,  0.9809259 , ...,  0.32550168,
          0.        , -0.60849104],
        [ 0.62332161,  0.72477111,  0.66014456, ...,  0.83365886,
          0.60849104,  0.        ]]]), 'num': array([ 8.65095825e-01,  4.97073811e-01,  1.53342506e-05, -1.60122455e-08,
        2.31897929e-04,  2.43975947e-04,  2.27066723e-04,  6.72777248e-02,
       -1.35273792e-05,  2.46681422e-04,  2.82746382e-04,  2.77729978e-04,
        1.57073721e-07,  3.35421936e-04,  2.30070827e-04])}
{'img': array([[[ 0.        ,  0.03084519,  0.        , ..., -0.61470363,
         -0.75124861, -0.99840767],
        [-0.03084519,  0.        , -0.03084519, ..., -0.63874053,
         -0.77124956, -0.99619262],
        [ 0.        ,  0.03084519,  0.        , ..., -0.61470363,
         -0.75124861, -0.99840767],
        ...,
        [ 0.61470363,  0.63874053,  0.61470363, ...,  0.        ,
         -0.18683719, -0.8221778 ],
        [ 0.75124861,  0.77124956,  0.75124861, ...,  0.18683719,
          0.        , -0.7013465 ],
        [ 0.99840767,  0.99619262,  0.99840767, ...,  0.8221778 ,
          0.7013465 ,  0.        ]],

       [[ 0.        ,  0.43619576,  0.1354776 , ..., -0.14901609,
          0.17146278,  0.86201765],
        [-0.43619576,  0.        , -0.31026445, ..., -0.56541793,
         -0.27544487,  0.55458998],
        [-0.1354776 ,  0.31026445,  0.        , ..., -0.28160718,
          0.0364107 ,  0.78539955],
        ...,
        [ 0.14901609,  0.56541793,  0.28160718, ...,  0.        ,
          0.3163576 ,  0.92792604],
        [-0.17146278,  0.27544487, -0.0364107 , ..., -0.3163576 ,
          0.        ,  0.76234093],
        [-0.86201765, -0.55458998, -0.78539955, ..., -0.92792604,
         -0.76234093,  0.        ]],

       [[ 0.        , -0.11183969, -0.22496932, ..., -0.87260199,
         -0.94723084, -0.94079248],
        [ 0.11183969,  0.        , -0.11458514, ..., -0.81250143,
         -0.9054377 , -0.97280195],
        [ 0.22496932,  0.11458514,  0.        , ..., -0.74035137,
         -0.85083496, -0.99293685],
        ...,
        [ 0.87260199,  0.81250143,  0.74035137, ...,  0.        ,
         -0.18294329, -0.75531039],
        [ 0.94723084,  0.9054377 ,  0.85083496, ...,  0.18294329,
          0.        , -0.62266833],
        [ 0.94079248,  0.97280195,  0.99293685, ...,  0.75531039,
          0.62266833,  0.        ]],

       ...,

       [[ 0.        ,  0.10369217,  0.0755171 , ..., -0.27676817,
         -0.43913381, -0.4291655 ],
        [-0.10369217,  0.        , -0.02828606, ..., -0.37491785,
         -0.52992593, -0.52050951],
        [-0.0755171 ,  0.02828606,  0.        , ..., -0.34854502,
         -0.50572607, -0.49614902],
        ...,
        [ 0.27676817,  0.37491785,  0.34854502, ...,  0.        ,
         -0.17332529, -0.16241672],
        [ 0.43913381,  0.52992593,  0.50572607, ...,  0.17332529,
          0.        ,  0.01106544],
        [ 0.4291655 ,  0.52050951,  0.49614902, ...,  0.16241672,
         -0.01106544,  0.        ]],

       [[ 0.        , -0.06361687, -0.0696841 , ..., -0.56364514,
         -0.55554001, -0.55182079],
        [ 0.06361687,  0.        , -0.00608073, ..., -0.5099548 ,
         -0.50151792, -0.49764892],
        [ 0.0696841 ,  0.00608073,  0.        , ..., -0.50471473,
         -0.49624793, -0.49236543],
        ...,
        [ 0.56364514,  0.5099548 ,  0.50471473, ...,  0.        ,
          0.00977968,  0.01424566],
        [ 0.55554001,  0.50151792,  0.49624793, ..., -0.00977968,
          0.        ,  0.00446629],
        [ 0.55182079,  0.49764892,  0.49236543, ..., -0.01424566,
         -0.00446629,  0.        ]],

       [[ 0.        ,  0.08116619,  0.09096456, ..., -0.98655107,
         -0.98742413, -0.51528895],
        [-0.08116619,  0.        ,  0.00983475, ..., -0.99656291,
         -0.97133435, -0.44402803],
        [-0.09096456, -0.00983475,  0.        , ..., -0.99732942,
         -0.96894949, -0.4351945 ],
        ...,
        [ 0.98655107,  0.99656291,  0.99732942, ...,  0.        ,
         -0.31736515, -0.92971624],
        [ 0.98742413,  0.97133435,  0.96894949, ...,  0.31736515,
          0.        , -0.76477491],
        [ 0.51528895,  0.44402803,  0.4351945 , ...,  0.92971624,
          0.76477491,  0.        ]]]), 'num': array([ 7.86437838e-01,  6.16754842e-01,  7.04078823e-06, -3.57453999e-08,
        2.11574809e-04,  2.14647472e-04,  2.05429482e-04,  3.35939008e-02,
        8.77903770e-07,  2.19212571e-04,  2.53297185e-04,  2.51599905e-04,
        1.20321836e-07,  3.03370399e-04,  2.03223971e-04])}
{'img': array([[[ 0.        , -0.03084519, -0.08206966, ..., -0.77124956,
         -0.99619262, -0.99332513],
        [ 0.03084519,  0.        , -0.05128948, ..., -0.75124861,
         -0.99840767, -0.98929455],
        [ 0.08206966,  0.05128948,  0.        , ..., -0.71640779,
         -0.99998685, -0.98050767],
        ...,
        [ 0.77124956,  0.75124861,  0.71640779, ...,  0.        ,
         -0.7013465 , -0.54332195],
        [ 0.99619262,  0.99840767,  0.99998685, ...,  0.7013465 ,
          0.        ,  0.20150649],
        [ 0.99332513,  0.98929455,  0.98050767, ...,  0.54332195,
         -0.20150649,  0.        ]],

       [[ 0.        , -0.31026445,  0.02108163, ..., -0.27544487,
          0.55458998, -0.24967905],
        [ 0.31026445,  0.        ,  0.33023675, ...,  0.0364107 ,
          0.78539955,  0.0630805 ],
        [-0.02108163, -0.33023675,  0.        , ..., -0.29564978,
          0.53692421, -0.2700375 ],
        ...,
        [ 0.27544487, -0.0364107 ,  0.29564978, ...,  0.        ,
          0.76234093,  0.02670048],
        [-0.55458998, -0.78539955, -0.53692421, ..., -0.76234093,
          0.        , -0.74478924],
        [ 0.24967905, -0.0630805 ,  0.2700375 , ..., -0.02670048,
          0.74478924,  0.        ]],

       [[ 0.        , -0.10759782, -0.17573711, ..., -0.84259958,
         -0.96735413, -0.957643  ],
        [ 0.10759782,  0.        , -0.06879358, ..., -0.77976207,
         -0.93446981, -0.98306708],
        [ 0.17573711,  0.06879358,  0.        , ..., -0.73484475,
         -0.90776255, -0.99334426],
        ...,
        [ 0.84259958,  0.77976207,  0.73484475, ...,  0.        ,
         -0.30742075, -0.758363  ],
        [ 0.96735413,  0.93446981,  0.90776255, ...,  0.30742075,
          0.        , -0.52125145],
        [ 0.957643  ,  0.98306708,  0.99334426, ...,  0.758363  ,
          0.52125145,  0.        ]],

       ...,

       [[ 0.        , -0.02828606, -0.32739126, ..., -0.52992593,
         -0.52050951, -0.59752313],
        [ 0.02828606,  0.        , -0.30053308, ..., -0.50572607,
         -0.49614902, -0.57460282],
        [ 0.32739126,  0.30053308,  0.        , ..., -0.22307893,
         -0.21227868, -0.30207372],
        ...,
        [ 0.52992593,  0.50572607,  0.22307893, ...,  0.        ,
          0.01106544, -0.08180387],
        [ 0.52050951,  0.49614902,  0.21227868, ..., -0.01106544,
          0.        , -0.09282722],
        [ 0.59752313,  0.57460282,  0.30207372, ...,  0.08180387,
          0.09282722,  0.        ]],

       [[ 0.        , -0.00608073,  0.24553541, ..., -0.50151792,
         -0.49764892, -0.55245173],
        [ 0.00608073,  0.        ,  0.25142545, ..., -0.49624793,
         -0.49236543, -0.54737296],
        [-0.24553541, -0.25142545,  0.        , ..., -0.69858955,
         -0.69538685, -0.74020466],
        ...,
        [ 0.50151792,  0.49624793,  0.69858955, ...,  0.        ,
          0.00446629, -0.0599144 ],
        [ 0.49764892,  0.49236543,  0.69538685, ..., -0.00446629,
          0.        , -0.06437207],
        [ 0.55245173,  0.54737296,  0.74020466, ...,  0.0599144 ,
          0.06437207,  0.        ]],

       [[ 0.        ,  0.00917701, -0.22230339, ..., -0.99964435,
         -0.91215161, -0.41710735],
        [-0.00917701,  0.        , -0.23124141, ..., -0.99935752,
         -0.90835197, -0.40874919],
        [ 0.22230339,  0.23124141,  0.        , ..., -0.98055916,
         -0.98043903, -0.60871234],
        ...,
        [ 0.99964435,  0.99935752,  0.98055916, ...,  0.        ,
         -0.38538199, -0.8974106 ],
        [ 0.91215161,  0.90835197,  0.98043903, ...,  0.38538199,
          0.        , -0.6580629 ],
        [ 0.41710735,  0.40874919,  0.60871234, ...,  0.8974106 ,
          0.6580629 ,  0.        ]]]), 'num': array([ 9.25413860e-01,  3.77432263e-01,  2.14894744e-05, -3.98870763e-08,
        2.54875162e-04,  2.55874672e-04,  2.41381771e-04,  3.39630848e-02,
        1.39931461e-05,  2.50077511e-04,  2.84835487e-04,  2.85818339e-04,
        2.54504973e-07,  3.40903902e-04,  2.28767072e-04])}
{'img': array([[[ 0.        , -0.05128948, -0.12284527, ..., -0.99840767,
         -0.98929455, -0.73191109],
        [ 0.05128948,  0.        , -0.07178259, ..., -0.99998685,
         -0.98050767, -0.69599911],
        [ 0.12284527,  0.07178259,  0.        , ..., -0.9977753 ,
         -0.96387435, -0.64266069],
        ...,
        [ 0.99840767,  0.99998685,  0.9977753 , ...,  0.        ,
          0.20150649,  0.72160242],
        [ 0.98929455,  0.98050767,  0.96387435, ..., -0.20150649,
          0.        ,  0.56729583],
        [ 0.73191109,  0.69599911,  0.64266069, ..., -0.72160242,
         -0.56729583,  0.        ]],

       [[ 0.        ,  0.33023675, -0.31118117, ...,  0.78539955,
          0.0630805 , -0.06702689],
        [-0.33023675,  0.        , -0.60756402, ...,  0.53692421,
         -0.2700375 , -0.39276066],
        [ 0.31118117,  0.60756402,  0.        , ...,  0.9390227 ,
          0.37051002,  0.24678233],
        ...,
        [-0.78539955, -0.53692421, -0.9390227 , ...,  0.        ,
         -0.74478924, -0.82512223],
        [-0.0630805 ,  0.2700375 , -0.37051002, ...,  0.74478924,
          0.        , -0.12983204],
        [ 0.06702689,  0.39276066, -0.24678233, ...,  0.82512223,
          0.12983204,  0.        ]],

       [[ 0.        , -0.06879358, -0.1263255 , ..., -0.93446981,
         -0.98306708, -0.99975105],
        [ 0.06879358,  0.        , -0.05778376, ..., -0.90776255,
         -0.99334426, -0.9989175 ],
        [ 0.1263255 ,  0.05778376,  0.        , ..., -0.8820064 ,
         -0.99834023, -0.99456051],
        ...,
        [ 0.93446981,  0.90776255,  0.8820064 , ...,  0.        ,
         -0.52125145, -0.37680397],
        [ 0.98306708,  0.99334426,  0.99834023, ...,  0.52125145,
          0.        ,  0.16126589],
        [ 0.99975105,  0.9989175 ,  0.99456051, ...,  0.37680397,
         -0.16126589,  0.        ]],

       ...,

       [[ 0.        , -0.30053308, -0.10624749, ..., -0.49614902,
         -0.57460282, -0.22354487],
        [ 0.30053308,  0.        ,  0.19749617, ..., -0.21227868,
         -0.30207372,  0.07971699],
        [ 0.10624749, -0.19749617,  0.        , ..., -0.40109263,
         -0.48439402, -0.11872079],
        ...,
        [ 0.49614902,  0.21227868,  0.40109263, ...,  0.        ,
         -0.09282722,  0.28950329],
        [ 0.57460282,  0.30207372,  0.48439402, ...,  0.09282722,
          0.        ,  0.37710536],
        [ 0.22354487, -0.07971699,  0.11872079, ..., -0.28950329,
         -0.37710536,  0.        ]],

       [[ 0.        ,  0.25142545, -0.26882573, ..., -0.49236543,
         -0.54737296, -0.67816905],
        [-0.25142545,  0.        , -0.50236034, ..., -0.69538685,
         -0.74020466, -0.84115806],
        [ 0.26882573,  0.50236034,  0.        , ..., -0.24025804,
         -0.30224629, -0.45564323],
        ...,
        [ 0.49236543,  0.69538685,  0.24025804, ...,  0.        ,
         -0.06437207, -0.22842832],
        [ 0.54737296,  0.74020466,  0.30224629, ...,  0.06437207,
          0.        , -0.16528443],
        [ 0.67816905,  0.84115806,  0.45564323, ...,  0.22842832,
          0.16528443,  0.        ]],

       [[ 0.        , -0.22551007, -0.34357   , ..., -0.94754363,
         -0.748166  , -0.39957528],
        [ 0.22551007,  0.        , -0.12293731, ..., -0.99521468,
         -0.87852241, -0.59600773],
        [ 0.34357   ,  0.12293731,  0.        , ..., -0.99967793,
         -0.93058562, -0.69020271],
        ...,
        [ 0.94754363,  0.99521468,  0.99967793, ...,  0.        ,
         -0.38957256, -0.74089879],
        [ 0.748166  ,  0.87852241,  0.93058562, ...,  0.38957256,
          0.        , -0.42072122],
        [ 0.39957528,  0.59600773,  0.69020271, ...,  0.74089879,
          0.42072122,  0.        ]]]), 'num': array([ 8.54223677e-01,  5.19380415e-01,  1.28785870e-05, -7.30853562e-09,
        2.38153102e-04,  2.42732969e-04,  2.29909341e-04,  2.33538245e-02,
        4.57986735e-06,  2.28993367e-04,  2.57480142e-04,  2.61449361e-04,
        2.71864272e-07,  3.04718627e-04,  2.10241658e-04])}
{'img': array([[[ 0.        , -0.07178259, -0.08203508, ..., -0.98050767,
         -0.69599911, -0.59387733],
        [ 0.07178259,  0.        , -0.01028281, ..., -0.96387435,
         -0.64266069, -0.53459222],
        [ 0.08203508,  0.01028281,  0.        , ..., -0.96108449,
         -0.63474853, -0.52587385],
        ...,
        [ 0.98050767,  0.96387435,  0.96108449, ...,  0.        ,
          0.56729583,  0.67218743],
        [ 0.69599911,  0.64266069,  0.63474853, ..., -0.56729583,
          0.        ,  0.13354075],
        [ 0.59387733,  0.53459222,  0.52587385, ..., -0.67218743,
         -0.13354075,  0.        ]],

       [[ 0.        , -0.60756402, -0.69034018, ..., -0.2700375 ,
         -0.39276066, -0.65141185],
        [ 0.60756402,  0.        , -0.10875357, ...,  0.37051002,
          0.24678233, -0.05642375],
        [ 0.69034018,  0.10875357,  0.        , ...,  0.46932584,
          0.35070852,  0.05249122],
        ...,
        [ 0.2700375 , -0.37051002, -0.46932584, ...,  0.        ,
         -0.12983204, -0.42232776],
        [ 0.39276066, -0.24678233, -0.35070852, ...,  0.12983204,
          0.        , -0.30106781],
        [ 0.65141185,  0.05642375, -0.05249122, ...,  0.42232776,
          0.30106781,  0.        ]],

       [[ 0.        , -0.05778376, -0.09174787, ..., -0.99334426,
         -0.9989175 , -0.99995031],
        [ 0.05778376,  0.        , -0.03405453, ..., -0.99834023,
         -0.99456051, -0.99770345],
        [ 0.09174787,  0.03405453,  0.        , ..., -0.99972242,
         -0.99043651, -0.99481812],
        ...,
        [ 0.99334426,  0.99834023,  0.99972242, ...,  0.        ,
          0.16126589,  0.1250805 ],
        [ 0.9989175 ,  0.99456051,  0.99043651, ..., -0.16126589,
          0.        , -0.03655609],
        [ 0.99995031,  0.99770345,  0.99481812, ..., -0.1250805 ,
          0.03655609,  0.        ]],

       ...,

       [[ 0.        ,  0.19749617,  0.14092792, ..., -0.30207372,
          0.07971699,  0.20086793],
        [-0.19749617,  0.        , -0.05737297, ..., -0.48439402,
         -0.11872079,  0.0034407 ],
        [-0.14092792,  0.05737297,  0.        , ..., -0.43340339,
         -0.06155802,  0.06080767],
        ...,
        [ 0.30207372,  0.48439402,  0.43340339, ...,  0.        ,
          0.37710536,  0.48740125],
        [-0.07971699,  0.11872079,  0.06155802, ..., -0.37710536,
          0.        ,  0.12213645],
        [-0.20086793, -0.0034407 , -0.06080767, ..., -0.48740125,
         -0.12213645,  0.        ]],

       [[ 0.        , -0.50236034, -0.59640745, ..., -0.74020466,
         -0.84115806, -0.95558733],
        [ 0.50236034,  0.        , -0.11245316, ..., -0.30224629,
         -0.45564323, -0.67820694],
        [ 0.59640745,  0.11245316,  0.        , ..., -0.19313543,
         -0.35265151, -0.59126652],
        ...,
        [ 0.74020466,  0.30224629,  0.19313543, ...,  0.        ,
         -0.16528443, -0.42437509],
        [ 0.84115806,  0.45564323,  0.35265151, ...,  0.16528443,
          0.        , -0.26887538],
        [ 0.95558733,  0.67820694,  0.59126652, ...,  0.42437509,
          0.26887538,  0.        ]],

       [[ 0.        , -0.12293731, -0.27233877, ..., -0.87852241,
         -0.59600773, -0.75380227],
        [ 0.12293731,  0.        , -0.15198248, ..., -0.93058562,
         -0.69020271, -0.82886653],
        [ 0.27233877,  0.15198248,  0.        , ..., -0.97541206,
         -0.79216172, -0.90426379],
        ...,
        [ 0.87852241,  0.93058562,  0.97541206, ...,  0.        ,
         -0.42072122, -0.21718603],
        [ 0.59600773,  0.69020271,  0.79216172, ...,  0.42072122,
          0.        ,  0.21364971],
        [ 0.75380227,  0.82886653,  0.90426379, ...,  0.21718603,
         -0.21364971,  0.        ]]]), 'num': array([ 8.16534853e-01,  5.76990643e-01,  9.48689941e-06, -5.26510316e-10,
        2.23039302e-04,  2.27014260e-04,  2.20389330e-04,  1.87665887e-02,
       -6.62492976e-06,  2.20565995e-04,  2.45343232e-04,  2.51592749e-04,
        2.68299336e-07,  2.89362998e-04,  2.01323467e-04])}
{'img': array([[[ 0.        , -0.01028281, -0.18619543, ..., -0.64266069,
         -0.53459222, -0.69735974],
        [ 0.01028281,  0.        , -0.17608259, ..., -0.63474853,
         -0.52587385, -0.68995296],
        [ 0.18619543,  0.17608259,  0.        , ..., -0.48876851,
         -0.36788801, -0.55171459],
        ...,
        [ 0.64266069,  0.63474853,  0.48876851, ...,  0.        ,
          0.13354075, -0.07367422],
        [ 0.53459222,  0.52587385,  0.36788801, ..., -0.13354075,
          0.        , -0.20619217],
        [ 0.69735974,  0.68995296,  0.55171459, ...,  0.07367422,
          0.20619217,  0.        ]],

       [[ 0.        , -0.10875357,  0.56068344, ...,  0.24678233,
         -0.05642375, -0.26497689],
        [ 0.10875357,  0.        ,  0.64740912, ...,  0.35070852,
          0.05249122, -0.1585391 ],
        [-0.56068344, -0.64740912,  0.        , ..., -0.33899879,
         -0.60651079, -0.76005055],
        ...,
        [-0.24678233, -0.35070852,  0.33899879, ...,  0.        ,
         -0.30106781, -0.49474244],
        [ 0.05642375, -0.05249122,  0.60651079, ...,  0.30106781,
          0.        , -0.21014788],
        [ 0.26497689,  0.1585391 ,  0.76005055, ...,  0.49474244,
          0.21014788,  0.        ]],

       [[ 0.        , -0.03405453, -0.12020079, ..., -0.99456051,
         -0.99770345, -0.99834023],
        [ 0.03405453,  0.        , -0.08632345, ..., -0.99043651,
         -0.99481812, -0.99972242],
        [ 0.12020079,  0.08632345,  0.        , ..., -0.97482938,
         -0.98232807, -0.99802442],
        ...,
        [ 0.99456051,  0.99043651,  0.97482938, ...,  0.        ,
         -0.03655609, -0.16126589],
        [ 0.99770345,  0.99481812,  0.98232807, ...,  0.03655609,
          0.        , -0.1250805 ],
        [ 0.99834023,  0.99972242,  0.99802442, ...,  0.16126589,
          0.1250805 ,  0.        ]],

       ...,

       [[ 0.        , -0.05737297, -0.29090449, ..., -0.11872079,
          0.0034407 ,  0.02316416],
        [ 0.05737297,  0.        , -0.2355336 , ..., -0.06155802,
          0.06080767,  0.08048358],
        [ 0.29090449,  0.2355336 ,  0.        , ...,  0.17526075,
          0.29419466,  0.31298879],
        ...,
        [ 0.11872079,  0.06155802, -0.17526075, ...,  0.        ,
          0.12213645,  0.14168927],
        [-0.0034407 , -0.06080767, -0.29419466, ..., -0.12213645,
          0.        ,  0.01972425],
        [-0.02316416, -0.08048358, -0.31298879, ..., -0.14168927,
         -0.01972425,  0.        ]],

       [[ 0.        , -0.35851212, -0.50970331, ..., -0.75768215,
         -0.92137228, -0.97347375],
        [ 0.35851212,  0.        , -0.16737483, ..., -0.47334176,
         -0.72077718, -0.82673504],
        [ 0.50970331,  0.16737483,  0.        , ..., -0.31922754,
         -0.59459073, -0.72090891],
        ...,
        [ 0.75768215,  0.47334176,  0.31922754, ...,  0.        ,
         -0.30681257, -0.46195538],
        [ 0.92137228,  0.72077718,  0.59459073, ...,  0.30681257,
          0.        , -0.16756221],
        [ 0.97347375,  0.82673504,  0.72090891, ...,  0.46195538,
          0.16756221,  0.        ]],

       [[ 0.        , -0.15045611, -0.31216154, ..., -0.84965716,
         -0.88775548, -0.68528748],
        [ 0.15045611,  0.        , -0.16567044, ..., -0.91932609,
         -0.94690714, -0.78705971],
        [ 0.31216154,  0.16567044,  0.        , ..., -0.97181283,
         -0.98708623, -0.87838172],
        ...,
        [ 0.84965716,  0.91932609,  0.97181283, ...,  0.        ,
          0.07703476, -0.25740567],
        [ 0.88775548,  0.94690714,  0.98708623, ..., -0.07703476,
          0.        , -0.33107972],
        [ 0.68528748,  0.78705971,  0.87838172, ...,  0.25740567,
          0.33107972,  0.        ]]]), 'num': array([ 7.27514251e-01,  6.85809549e-01,  1.69531310e-06, -7.57859339e-09,
        1.93975359e-04,  2.00677759e-04,  1.93581100e-04,  1.96959583e-02,
       -5.12536517e-06,  1.97839096e-04,  2.15915864e-04,  2.24070452e-04,
        2.25787012e-07,  2.52785519e-04,  1.79046210e-04])}
{'img': array([[[ 0.        , -0.17608259, -0.56921024, ..., -0.52587385,
         -0.68995296, -0.83735318],
        [ 0.17608259,  0.        , -0.41554286, ..., -0.36788801,
         -0.55171459, -0.72801216],
        [ 0.56921024,  0.41554286,  0.        , ...,  0.05177966,
         -0.15524858, -0.37729933],
        ...,
        [ 0.52587385,  0.36788801, -0.05177966, ...,  0.        ,
         -0.20619217, -0.42474589],
        [ 0.68995296,  0.55171459,  0.15524858, ...,  0.20619217,
          0.        , -0.22895037],
        [ 0.83735318,  0.72801216,  0.37729933, ...,  0.42474589,
          0.22895037,  0.        ]],

       [[ 0.        ,  0.64740912,  0.99763413, ...,  0.05249122,
         -0.1585391 ,  0.03012634],
        [-0.64740912,  0.        ,  0.80484692, ..., -0.60651079,
         -0.76005055, -0.62415469],
        [-0.99763413, -0.80484692,  0.        , ..., -0.99986739,
         -0.97411767, -0.9992524 ],
        ...,
        [-0.05249122,  0.60651079,  0.99986739, ...,  0.        ,
         -0.21014788, -0.02238259],
        [ 0.1585391 ,  0.76005055,  0.97411767, ...,  0.21014788,
          0.        ,  0.18821246],
        [-0.03012634,  0.62415469,  0.9992524 , ...,  0.02238259,
         -0.18821246,  0.        ]],

       [[ 0.        , -0.08632345, -0.26103571, ..., -0.99481812,
         -0.99972242, -0.97417642],
        [ 0.08632345,  0.        , -0.17673076, ..., -0.98232807,
         -0.99802442, -0.95104916],
        [ 0.26103571,  0.17673076,  0.        , ..., -0.93378727,
         -0.97121124, -0.88146211],
        ...,
        [ 0.99481812,  0.98232807,  0.93378727, ...,  0.        ,
         -0.1250805 ,  0.12557309],
        [ 0.99972242,  0.99802442,  0.97121124, ...,  0.1250805 ,
          0.        ,  0.24867732],
        [ 0.97417642,  0.95104916,  0.88146211, ..., -0.12557309,
         -0.24867732,  0.        ]],

       ...,

       [[ 0.        , -0.2355336 , -0.95315562, ...,  0.06080767,
          0.08048358,  0.03089777],
        [ 0.2355336 ,  0.        , -0.85509545, ...,  0.29419466,
          0.31298879,  0.26544964],
        [ 0.95315562,  0.85509545,  0.        , ...,  0.96978493,
          0.97440823,  0.9620465 ],
        ...,
        [-0.06080767, -0.29419466, -0.96978493, ...,  0.        ,
          0.01972425, -0.02993804],
        [-0.08048358, -0.31298879, -0.97440823, ..., -0.01972425,
          0.        , -0.04964763],
        [-0.03089777, -0.26544964, -0.9620465 , ...,  0.02993804,
          0.04964763,  0.        ]],

       [[ 0.        , -0.38164398, -0.27247188, ..., -0.89974095,
         -0.96256667, -0.99905475],
        [ 0.38164398,  0.        ,  0.11535568, ..., -0.66508029,
         -0.78626672, -0.9068458 ],
        [ 0.27247188, -0.11535568,  0.        , ..., -0.74678475,
         -0.8522946 , -0.94941003],
        ...,
        [ 0.89974095,  0.66508029,  0.74678475, ...,  0.        ,
         -0.17621724, -0.39690048],
        [ 0.96256667,  0.78626672,  0.8522946 , ...,  0.17621724,
          0.        , -0.22894647],
        [ 0.99905475,  0.9068458 ,  0.94941003, ...,  0.39690048,
          0.22894647,  0.        ]],

       [[ 0.        , -0.16411786, -0.45270093, ..., -0.96714772,
         -0.90921415, -0.78263405],
        [ 0.16411786,  0.        , -0.30022491, ..., -0.99575514,
         -0.96521286, -0.87418254],
        [ 0.45270093,  0.30022491,  0.        , ..., -0.97745266,
         -0.9991845 , -0.97964359],
        ...,
        [ 0.96714772,  0.99575514,  0.97745266, ...,  0.        ,
         -0.1715155 , -0.40307478],
        [ 0.90921415,  0.96521286,  0.9991845 , ...,  0.1715155 ,
          0.        , -0.24013645],
        [ 0.78263405,  0.87418254,  0.97964359, ...,  0.40307478,
          0.24013645,  0.        ]]]), 'num': array([ 7.11100791e-01,  7.02773873e-01,  3.46954934e-07, -8.62193548e-09,
        1.85042632e-04,  1.97764312e-04,  1.83115104e-04,  2.10765947e-02,
       -4.62606579e-06,  1.93292449e-04,  2.08481365e-04,  2.18517358e-04,
        2.32017188e-07,  2.44046288e-04,  1.72916442e-04])}
{'img': array([[[ 0.        , -0.41554286, -0.3797227 , ..., -0.55171459,
         -0.72801216, -0.96791391],
        [ 0.41554286,  0.        ,  0.0390331 , ..., -0.15524858,
         -0.37729933, -0.77597047],
        [ 0.3797227 , -0.0390331 ,  0.        , ..., -0.19369011,
         -0.41316001, -0.8       ],
        ...,
        [ 0.55171459,  0.15524858,  0.19369011, ...,  0.        ,
         -0.22895037, -0.66863614],
        [ 0.72801216,  0.37729933,  0.41316001, ...,  0.22895037,
          0.        , -0.48063075],
