state_0,state_1,state_2,state_3,state_4,state_5,state_6,state_7,state_8,state_9,state_10,state_11,state_12,state_13,state_14,state_15,state_16,state_17,state_18,state_19,state_20,state_21,state_22,state_23,state_24,state_25,state_26,state_27,state_28,state_29,state_30,state_31,state_32,state_33,state_34,state_35,state_36,state_37,state_38,state_39,state_40,state_41,state_42,state_43,state_44,state_45,state_46,state_47,state_48,state_49,state_50,state_51,state_52,state_53,state_54,state_55,state_56,state_57,state_58,state_59,state_60,state_61,state_62,state_63,state_64,state_65,state_66,state_67,state_68,state_69,state_70,state_71,state_72,state_73,state_74,state_75,state_76,state_77,state_78,state_79,state_80,state_81,state_82,state_83,state_84,state_85,state_86,state_87,state_88,state_89,state_90,state_91,state_92,state_93,state_94,state_95,state_96,state_97,state_98,state_99,state_100,state_101,state_102,state_103,state_104,state_105,state_106,state_107,state_108,state_109,state_110,state_111,state_112,state_113,state_114,state_115,state_116,state_117,state_118,state_119,state_120,state_121,state_122,state_123,state_124,state_125,state_126,state_127,state_128,state_129,state_130,state_131,state_132,state_133,state_134,state_135,state_136,state_137,state_138,state_139,state_140,state_141,state_142,state_143,state_144,state_145,state_146,state_147,state_148,state_149,state_150,state_151,state_152,state_153,state_154,state_155,state_156,state_157,state_158,state_159,state_160,state_161,state_162,state_163,state_164,state_165,state_166,state_167,state_168,state_169,state_170,state_171,state_172,state_173,state_174,state_175,state_176,state_177,state_178,state_179,state_180,state_181,state_182,state_183,state_184,state_185,state_186,state_187,state_188,state_189,state_190,state_191,state_192,state_193,state_194,state_195,state_196,state_197,state_198,state_199,state_200,state_201,state_202,state_203,state_204,state_205,state_206,state_207,state_208,state_209,state_210,state_211,state_212,state_213,state_214,state_215,state_216,state_217,state_218,state_219,state_220,state_221,state_222,state_223,state_224,state_225,state_226,state_227,state_228,state_229,state_230,state_231,state_232,state_233,state_234,state_235,state_236,state_237,state_238,state_239,state_240,state_241,state_242,state_243,state_244,state_245,state_246,state_247,state_248,state_249,state_250,state_251,state_252,state_253,state_254,state_255,state_256,state_257,state_258,state_259,state_260,state_261,state_262,state_263,state_264,state_265,state_266,state_267,state_268,state_269,state_270,state_271,state_272,state_273,state_274,state_275,state_276,state_277,state_278,state_279,state_280,state_281,state_282,state_283,state_284,state_285,state_286,state_287
{'img': array([[[ 0.        , -0.08326711,  0.26543619, ...,  0.04252558,
         -0.16429064, -0.32      ],
        [ 0.08326711,  0.        ,  0.34479459, ...,  0.12556969,
         -0.08158442, -0.24      ],
        [-0.26543619, -0.34479459,  0.        , ..., -0.22419595,
         -0.42022671, -0.56      ],
        ...,
        [-0.04252558, -0.12556969,  0.22419595, ...,  0.        ,
         -0.20608976, -0.36      ],
        [ 0.16429064,  0.08158442,  0.42022671, ...,  0.20608976,
          0.        , -0.16      ],
        [ 0.32      ,  0.24      ,  0.56      , ...,  0.36      ,
          0.16      ,  0.        ]],

       [[ 0.        ,  0.28114391,  0.13243715, ...,  0.32684572,
          0.3437237 , -0.09867897],
        [-0.28114391,  0.        , -0.15157205, ...,  0.04795976,
          0.06584578, -0.37447055],
        [-0.13243715,  0.15157205,  0.        , ...,  0.19880327,
          0.21632812, -0.22960051],
        ...,
        [-0.32684572, -0.04795976, -0.19880327, ...,  0.        ,
          0.01791433, -0.41850979],
        [-0.3437237 , -0.06584578, -0.21632812, ..., -0.01791433,
          0.        , -0.43471264],
        [ 0.09867897,  0.37447055,  0.22960051, ...,  0.41850979,
          0.43471264,  0.        ]],

       [[ 0.        , -0.08008076, -0.09125974, ...,  0.26363498,
          0.27731024,  0.17116952],
        [ 0.08008076,  0.        , -0.01122006, ...,  0.34003598,
          0.35335964,  0.24951868],
        [ 0.09125974,  0.01122006,  0.        , ...,  0.35056606,
          0.36383363,  0.26036814],
        ...,
        [-0.26363498, -0.34003598, -0.35056606, ...,  0.        ,
          0.01420437, -0.09463017],
        [-0.27731024, -0.35335964, -0.36383363, ..., -0.01420437,
          0.        , -0.10876126],
        [-0.17116952, -0.24951868, -0.26036814, ...,  0.09463017,
          0.10876126,  0.        ]],

       ...,

       [[ 0.        ,  0.        ,  0.69688291, ...,  0.81338185,
          0.85126526,  0.9669279 ],
        [ 0.        ,  0.        ,  0.69688291, ...,  0.81338185,
          0.85126526,  0.9669279 ],
        [-0.69688291, -0.69688291,  0.        , ...,  0.988743  ,
          0.97619389,  0.871206  ],
        ...,
        [-0.81338185, -0.81338185, -0.988743  , ...,  0.        ,
         -0.06839625, -0.3550382 ],
        [-0.85126526, -0.85126526, -0.97619389, ...,  0.06839625,
          0.        , -0.29026642],
        [-0.9669279 , -0.9669279 , -0.871206  , ...,  0.3550382 ,
          0.29026642,  0.        ]],

       [[ 0.        , -0.57897478, -0.78701584, ..., -0.79082269,
         -0.82067335, -0.82318468],
        [ 0.57897478,  0.        , -0.28450125, ..., -0.99915249,
         -0.9999571 , -0.99990654],
        [ 0.78701584,  0.28450125,  0.        , ..., -0.96957381,
         -0.95599929, -0.95469652],
        ...,
        [ 0.79082269,  0.99915249,  0.96957381, ...,  0.        ,
          0.05041507,  0.05481801],
        [ 0.82067335,  0.9999571 ,  0.95599929, ..., -0.05041507,
          0.        ,  0.00440904],
        [ 0.82318468,  0.99990654,  0.95469652, ..., -0.05481801,
         -0.00440904,  0.        ]],

       [[ 0.        , -0.05273634,  0.40030124, ..., -0.52201694,
         -0.61084921, -0.61224991],
        [ 0.05273634,  0.        ,  0.44807094, ..., -0.56627122,
         -0.65175303, -0.6530947 ],
        [-0.40030124, -0.44807094,  0.        , ..., -0.13693678,
         -0.2428349 , -0.24455188],
        ...,
        [ 0.52201694,  0.56627122,  0.13693678, ...,  0.        ,
          0.10770941,  0.10946929],
        [ 0.61084921,  0.65175303,  0.2428349 , ..., -0.10770941,
          0.        ,  0.00177035],
        [ 0.61224991,  0.6530947 ,  0.24455188, ..., -0.10946929,
         -0.00177035,  0.        ]]]), 'num': array([ 7.06977340e-01,  7.06977340e-01,  0.00000000e+00,  0.00000000e+00,
        3.54537598e-03,  3.66075804e-03,  3.54537598e-03,  1.61255867e-02,
       -1.67828449e-04,  3.73837869e-03,  3.64292626e-03,  3.68121213e-03,
        1.08509773e-06,  3.90596256e-03,  3.37988997e-03])}
{'img': array([[[ 0.        ,  0.34479459, -0.12177299, ..., -0.08158442,
         -0.24      , -0.80570463],
        [-0.34479459,  0.        , -0.45653427, ..., -0.42022671,
         -0.56      , -0.96052522],
        [ 0.12177299,  0.45653427,  0.        , ...,  0.04038978,
         -0.12      , -0.72758028],
        ...,
        [ 0.08158442,  0.42022671, -0.04038978, ...,  0.        ,
         -0.16      , -0.75469487],
        [ 0.24      ,  0.56      ,  0.12      , ...,  0.16      ,
          0.        , -0.64      ],
        [ 0.80570463,  0.96052522,  0.72758028, ...,  0.75469487,
          0.64      ,  0.        ]],

       [[ 0.        , -0.15157205, -0.34308956, ...,  0.06584578,
         -0.37447055,  0.0848824 ],
        [ 0.15157205,  0.        , -0.19675354, ...,  0.21632812,
         -0.22960051,  0.23492671],
        [ 0.34308956,  0.19675354,  0.        , ...,  0.4041941 ,
         -0.03361525,  0.42158161],
        ...,
        [-0.06584578, -0.21632812, -0.4041941 , ...,  0.        ,
         -0.43471264,  0.01909005],
        [ 0.37447055,  0.22960051,  0.03361525, ...,  0.43471264,
          0.        ,  0.45182534],
        [-0.0848824 , -0.23492671, -0.42158161, ..., -0.01909005,
         -0.45182534,  0.        ]],

       [[ 0.        , -0.01122006,  0.02260095, ...,  0.35335964,
          0.24951868, -0.14193607],
        [ 0.01122006,  0.        ,  0.03381672, ...,  0.36383363,
          0.26036814, -0.13082067],
        [-0.02260095, -0.03381672,  0.        , ...,  0.33212648,
          0.22756886, -0.16427194],
        ...,
        [-0.35335964, -0.36383363, -0.33212648, ...,  0.        ,
         -0.10876126, -0.4825616 ],
        [-0.24951868, -0.26036814, -0.22756886, ...,  0.10876126,
          0.        , -0.38443914],
        [ 0.14193607,  0.13082067,  0.16427194, ...,  0.4825616 ,
          0.38443914,  0.        ]],

       ...,

       [[ 0.        ,  0.69688291,  0.60311921, ...,  0.85126526,
          0.9669279 ,  0.94661198],
        [-0.69688291,  0.        , -0.12332139, ...,  0.97619389,
          0.871206  ,  0.4542381 ],
        [-0.60311921,  0.12332139,  0.        , ...,  0.99549076,
          0.92509654,  0.5606354 ],
        ...,
        [-0.85126526, -0.97619389, -0.99549076, ...,  0.        ,
         -0.29026642, -0.7711478 ],
        [-0.9669279 , -0.871206  , -0.92509654, ...,  0.29026642,
          0.        , -0.5531468 ],
        [-0.94661198, -0.4542381 , -0.5606354 , ...,  0.7711478 ,
          0.5531468 ,  0.        ]],

       [[ 0.        , -0.62402413, -0.77737652, ..., -0.84936821,
         -0.85183623, -0.84332325],
        [ 0.62402413,  0.        , -0.21491257, ..., -0.99306104,
         -0.99249811, -0.99433177],
        [ 0.77737652,  0.21491257,  0.        , ..., -0.94458274,
         -0.94303149, -0.94824762],
        ...,
        [ 0.84936821,  0.99306104,  0.94458274, ...,  0.        ,
          0.00469377, -0.01134945],
        [ 0.85183623,  0.99249811,  0.94303149, ..., -0.00469377,
          0.        , -0.0160428 ],
        [ 0.84332325,  0.99433177,  0.94824762, ...,  0.01134945,
          0.0160428 ,  0.        ]],

       [[ 0.        ,  0.44232295,  0.11752023, ..., -0.76342866,
         -0.76410698, -0.44232295],
        [-0.44232295,  0.        , -0.33385917, ..., -0.39899253,
         -0.3999559 , -0.        ],
        [-0.11752023,  0.33385917,  0.        , ..., -0.68223308,
         -0.68300103, -0.33385917],
        ...,
        [ 0.76342866,  0.39899253,  0.68223308, ...,  0.        ,
          0.00105086, -0.39899253],
        [ 0.76410698,  0.3999559 ,  0.68300103, ..., -0.00105086,
          0.        , -0.3999559 ],
        [ 0.44232295,  0.        ,  0.33385917, ...,  0.39899253,
          0.3999559 ,  0.        ]]]), 'num': array([ 8.05540267e-01,  5.92271802e-01,  1.23633893e-06, -8.79773251e-11,
        4.10131664e-03,  4.11320451e-03,  4.00621365e-03,  1.35266891e-02,
        8.32151202e-05,  4.17977661e-03,  4.13103633e-03,  4.16907752e-03,
        1.40493060e-06,  4.42747138e-03,  3.83460127e-03])}
{'img': array([[[ 0.        , -0.45653427, -0.74247104, ..., -0.56      ,
         -0.96052522, -0.82071063],
        [ 0.45653427,  0.        , -0.35475848, ..., -0.12      ,
         -0.72758028, -0.46935288],
        [ 0.74247104,  0.35475848,  0.        , ...,  0.24      ,
         -0.43688467, -0.12556969],
        ...,
        [ 0.56      ,  0.12      , -0.24      , ...,  0.        ,
         -0.64      , -0.36      ],
        [ 0.96052522,  0.72758028,  0.43688467, ...,  0.64      ,
          0.        ,  0.32047451],
        [ 0.82071063,  0.46935288,  0.12556969, ...,  0.36      ,
         -0.32047451,  0.        ]],

       [[ 0.        , -0.19675354,  0.00118144, ..., -0.22960051,
          0.23492671, -0.03093278],
        [ 0.19675354,  0.        ,  0.19791174, ..., -0.03361525,
          0.42158161,  0.16633125],
        [-0.00118144, -0.19791174,  0.        , ..., -0.23075022,
          0.23377818, -0.03211363],
        ...,
        [ 0.22960051,  0.03361525,  0.23075022, ...,  0.        ,
          0.45182534,  0.19938423],
        [-0.23492671, -0.42158161, -0.23377818, ..., -0.45182534,
          0.        , -0.26488136],
        [ 0.03093278, -0.16633125,  0.03211363, ..., -0.19938423,
          0.26488136,  0.        ]],

       [[ 0.        ,  0.03381672,  0.01122006, ...,  0.26036814,
         -0.13082067, -0.37343685],
        [-0.03381672,  0.        , -0.02260095, ...,  0.22756886,
         -0.16427194, -0.40459353],
        [-0.01122006,  0.02260095,  0.        , ...,  0.24951868,
         -0.14193607, -0.3838217 ],
        ...,
        [-0.26036814, -0.22756886, -0.24951868, ...,  0.        ,
         -0.38443914, -0.60208876],
        [ 0.13082067,  0.16427194,  0.14193607, ...,  0.38443914,
          0.        , -0.24887103],
        [ 0.37343685,  0.40459353,  0.3838217 , ...,  0.60208876,
          0.24887103,  0.        ]],

       ...,

       [[ 0.        , -0.12332139, -0.24142635, ...,  0.871206  ,
          0.4542381 ,  0.71759971],
        [ 0.12332139,  0.        , -0.11991006, ...,  0.92509654,
          0.5606354 ,  0.79801001],
        [ 0.24142635,  0.11991006,  0.        , ...,  0.96395543,
          0.65588333,  0.86451527],
        ...,
        [-0.871206  , -0.92509654, -0.96395543, ...,  0.        ,
         -0.5531468 , -0.25447412],
        [-0.4542381 , -0.5606354 , -0.65588333, ...,  0.5531468 ,
          0.        ,  0.32293871],
        [-0.71759971, -0.79801001, -0.86451527, ...,  0.25447412,
         -0.32293871,  0.        ]],

       [[ 0.        , -0.55934738, -0.73160591, ..., -0.88511358,
         -0.87691683, -0.87844154],
        [ 0.55934738,  0.        , -0.22512988, ..., -0.99400649,
         -0.99575154, -0.99545354],
        [ 0.73160591,  0.22512988,  0.        , ..., -0.94387768,
         -0.94945921, -0.94845578],
        ...,
        [ 0.88511358,  0.99400649,  0.94387768, ...,  0.        ,
         -0.01732766, -0.01414659],
        [ 0.87691683,  0.99575154,  0.94945921, ...,  0.01732766,
          0.        ,  0.00318146],
        [ 0.87844154,  0.99545354,  0.94845578, ...,  0.01414659,
         -0.00318146,  0.        ]],

       [[ 0.        , -0.33385917, -0.62314197, ..., -0.3999559 ,
         -0.        , -0.23963817],
        [ 0.33385917,  0.        , -0.32627376, ..., -0.68300103,
         -0.33385917, -0.55001972],
        [ 0.62314197,  0.32627376,  0.        , ..., -0.88394005,
         -0.62314197, -0.79240814],
        ...,
        [ 0.3999559 ,  0.68300103,  0.88394005, ...,  0.        ,
         -0.3999559 , -0.16866547],
        [ 0.        ,  0.33385917,  0.62314197, ...,  0.3999559 ,
          0.        ,  0.23963817],
        [ 0.23963817,  0.55001972,  0.79240814, ...,  0.16866547,
         -0.23963817,  0.        ]]]), 'num': array([7.59129873e-01, 6.50618604e-01, 6.27232768e-07, 1.15632581e-08,
       3.87540246e-03, 3.96500714e-03, 3.78579778e-03, 1.72026875e-02,
       1.12005851e-05, 3.90004375e-03, 3.89444346e-03, 3.92393833e-03,
       1.13540178e-06, 4.17244369e-03, 3.61644322e-03])}
{'img': array([[[ 0.00000000e+00, -3.54758481e-01, -2.38265734e-01, ...,
         -7.27580280e-01, -4.69352877e-01, -4.31377750e-01],
        [ 3.54758481e-01,  0.00000000e+00,  1.21772987e-01, ...,
         -4.36884670e-01, -1.25569687e-01, -8.32671139e-02],
        [ 2.38265734e-01, -1.21772987e-01,  0.00000000e+00, ...,
         -5.43170302e-01, -2.45444325e-01, -2.03997540e-01],
        ...,
        [ 7.27580280e-01,  4.36884670e-01,  5.43170302e-01, ...,
          0.00000000e+00,  3.20474507e-01,  3.60467257e-01],
        [ 4.69352877e-01,  1.25569687e-01,  2.45444325e-01, ...,
         -3.20474507e-01,  0.00000000e+00,  4.25255783e-02],
        [ 4.31377750e-01,  8.32671139e-02,  2.03997540e-01, ...,
         -3.60467257e-01, -4.25255783e-02,  0.00000000e+00]],

       [[ 0.00000000e+00,  1.97911742e-01, -2.68170502e-01, ...,
          4.21581609e-01,  1.66331246e-01,  4.20764549e-01],
        [-1.97911742e-01,  0.00000000e+00, -4.53528573e-01, ...,
          2.33778179e-01, -3.21136302e-02,  2.32902189e-01],
        [ 2.68170502e-01,  4.53528573e-01,  0.00000000e+00, ...,
          6.49314148e-01,  4.24673646e-01,  6.48628763e-01],
        ...,
        [-4.21581609e-01, -2.33778179e-01, -6.49314148e-01, ...,
          0.00000000e+00, -2.64881362e-01, -9.00857842e-04],
        [-1.66331246e-01,  3.21136302e-02, -4.24673646e-01, ...,
          2.64881362e-01,  0.00000000e+00,  2.64012574e-01],
        [-4.20764549e-01, -2.32902189e-01, -6.48628763e-01, ...,
          9.00857842e-04, -2.64012574e-01,  0.00000000e+00]],

       [[ 0.00000000e+00, -2.26009467e-02, -1.43037843e-01, ...,
         -1.64271944e-01, -4.04593531e-01, -5.59302739e-01],
        [ 2.26009467e-02,  0.00000000e+00, -1.20632760e-01, ...,
         -1.41936068e-01, -3.83821695e-01, -5.40424515e-01],
        [ 1.43037843e-01,  1.20632760e-01,  0.00000000e+00, ...,
         -2.14880852e-02, -2.69625561e-01, -4.34978405e-01],
        ...,
        [ 1.64271944e-01,  1.41936068e-01,  2.14880852e-02, ...,
          0.00000000e+00, -2.48871026e-01, -4.15529220e-01],
        [ 4.04593531e-01,  3.83821695e-01,  2.69625561e-01, ...,
          2.48871026e-01,  0.00000000e+00, -1.76087206e-01],
        [ 5.59302739e-01,  5.40424515e-01,  4.34978405e-01, ...,
          4.15529220e-01,  1.76087206e-01,  0.00000000e+00]],

       ...,

       [[ 0.00000000e+00, -1.19910055e-01,  1.51154568e-02, ...,
          5.60635396e-01,  7.98010007e-01,  5.22152793e-01],
        [ 1.19910055e-01,  0.00000000e+00,  1.34902751e-01, ...,
          6.55883330e-01,  8.64515272e-01,  6.20650861e-01],
        [-1.51154568e-02, -1.34902751e-01,  0.00000000e+00, ...,
          5.48054799e-01,  7.88809596e-01,  5.09201893e-01],
        ...,
        [-5.60635396e-01, -6.55883330e-01, -5.48054799e-01, ...,
          0.00000000e+00,  3.22938710e-01, -4.57637060e-02],
        [-7.98010007e-01, -8.64515272e-01, -7.88809596e-01, ...,
         -3.22938710e-01,  0.00000000e+00, -3.65912046e-01],
        [-5.22152793e-01, -6.20650861e-01, -5.09201893e-01, ...,
          4.57637060e-02,  3.65912046e-01,  0.00000000e+00]],

       [[ 0.00000000e+00, -5.44091651e-01, -7.78418335e-01, ...,
         -9.01842587e-01, -9.03299137e-01, -9.05348638e-01],
        [ 5.44091651e-01,  0.00000000e+00, -3.11561763e-01, ...,
         -9.91752012e-01, -9.91312721e-01, -9.90669767e-01],
        [ 7.78418335e-01,  3.11561763e-01,  0.00000000e+00, ...,
         -9.02455096e-01, -9.00992554e-01, -8.98899095e-01],
        ...,
        [ 9.01842587e-01,  9.91752012e-01,  9.02455096e-01, ...,
          0.00000000e+00,  3.38308126e-03,  8.18455300e-03],
        [ 9.03299137e-01,  9.91312721e-01,  9.00992554e-01, ...,
         -3.38308126e-03,  0.00000000e+00,  4.80153821e-03],
        [ 9.05348638e-01,  9.90669767e-01,  8.98899095e-01, ...,
         -8.18455300e-03, -4.80153821e-03,  0.00000000e+00]],

       [[ 0.00000000e+00, -5.50636934e-01, -6.12315772e-01, ...,
         -0.00000000e+00, -2.43098285e-01, -3.35039412e-01],
        [ 5.50636934e-01,  0.00000000e+00, -7.57865525e-02, ...,
         -5.50636934e-01, -7.37043783e-01, -7.98484809e-01],
        [ 6.12315772e-01,  7.57865525e-02,  0.00000000e+00, ...,
         -6.12315772e-01, -7.86144054e-01, -8.41813056e-01],
        ...,
        [ 0.00000000e+00,  5.50636934e-01,  6.12315772e-01, ...,
          0.00000000e+00,  2.43098285e-01,  3.35039412e-01],
        [ 2.43098285e-01,  7.37043783e-01,  7.86144054e-01, ...,
         -2.43098285e-01,  0.00000000e+00,  9.59405828e-02],
        [ 3.35039412e-01,  7.98484809e-01,  8.41813056e-01, ...,
         -3.35039412e-01, -9.59405828e-02,  0.00000000e+00]]]), 'num': array([ 8.12501864e-01,  5.82623476e-01,  1.34826034e-06,  1.33789405e-08,
        4.10497121e-03,  4.21331356e-03,  4.06885710e-03,  1.58626440e-02,
       -6.01901937e-05,  4.15071576e-03,  4.18983939e-03,  4.21411610e-03,
        1.17212483e-06,  4.48149550e-03,  3.89818327e-03])}
{'img': array([[[ 0.        ,  0.12177299,  0.04099644, ..., -0.12556969,
         -0.08326711, -0.299802  ],
        [-0.12177299,  0.        , -0.08097927, ..., -0.24544432,
         -0.20399754, -0.41374247],
        [-0.04099644,  0.08097927,  0.        , ..., -0.16613606,
         -0.12405118, -0.33866061],
        ...,
        [ 0.12556969,  0.24544432,  0.16613606, ...,  0.        ,
          0.04252558, -0.17763534],
        [ 0.08326711,  0.20399754,  0.12405118, ..., -0.04252558,
          0.        , -0.21932392],
        [ 0.299802  ,  0.41374247,  0.33866061, ...,  0.17763534,
          0.21932392,  0.        ]],

       [[ 0.        , -0.45352857, -0.74198044, ..., -0.03211363,
          0.23290219,  0.09503411],
        [ 0.45352857,  0.        , -0.35722862, ...,  0.42467365,
          0.64862876,  0.53617428],
        [ 0.74198044,  0.35722862,  0.        , ...,  0.72006808,
          0.87771874,  0.80233517],
        ...,
        [ 0.03211363, -0.42467365, -0.72006808, ...,  0.        ,
          0.26401257,  0.12695338],
        [-0.23290219, -0.64862876, -0.87771874, ..., -0.26401257,
          0.        , -0.13942739],
        [-0.09503411, -0.53617428, -0.80233517, ..., -0.12695338,
          0.13942739,  0.        ]],

       [[ 0.        , -0.12063276, -0.23555758, ..., -0.3838217 ,
         -0.54042451, -0.68430012],
        [ 0.12063276,  0.        , -0.11659915, ..., -0.26962556,
         -0.4349784 , -0.59133735],
        [ 0.23555758,  0.11659915,  0.        , ..., -0.15550553,
         -0.3270208 , -0.49327549],
        ...,
        [ 0.3838217 ,  0.26962556,  0.15550553, ...,  0.        ,
         -0.17608721, -0.35200472],
        [ 0.54042451,  0.4349784 ,  0.3270208 , ...,  0.17608721,
          0.        , -0.18168718],
        [ 0.68430012,  0.59133735,  0.49327549, ...,  0.35200472,
          0.18168718,  0.        ]],

       ...,

       [[ 0.        ,  0.13490275,  0.2920788 , ...,  0.86451527,
          0.62065086,  0.54880513],
        [-0.13490275,  0.        ,  0.16038864, ...,  0.7888096 ,
          0.50920189,  0.43101642],
        [-0.2920788 , -0.16038864,  0.        , ...,  0.68001673,
          0.36457172,  0.28071071],
        ...,
        [-0.86451527, -0.7888096 , -0.68001673, ...,  0.        ,
         -0.36591205, -0.44685876],
        [-0.62065086, -0.50920189, -0.36457172, ...,  0.36591205,
          0.        , -0.08852229],
        [-0.54880513, -0.43101642, -0.28071071, ...,  0.44685876,
          0.08852229,  0.        ]],

       [[ 0.        , -0.63777072, -0.85048323, ..., -0.92538385,
         -0.92730402, -0.92170519],
        [ 0.63777072,  0.        , -0.31959574, ..., -0.95449002,
         -0.95295726, -0.95730717],
        [ 0.85048323,  0.31959574,  0.        , ..., -0.80911368,
         -0.80610749, -0.81471384],
        ...,
        [ 0.92538385,  0.95449002,  0.80911368, ...,  0.        ,
          0.0050977 , -0.00959308],
        [ 0.92730402,  0.95295726,  0.80610749, ..., -0.0050977 ,
          0.        , -0.01469042],
        [ 0.92170519,  0.95730717,  0.81471384, ...,  0.00959308,
          0.01469042,  0.        ]],

       [[ 0.        , -0.14473211, -0.19879095, ..., -0.49138447,
         -0.57551797, -0.72830367],
        [ 0.14473211,  0.        , -0.05485432, ..., -0.61226401,
         -0.68781861, -0.8198136 ],
        [ 0.19879095,  0.05485432,  0.        , ..., -0.65471292,
         -0.72660081, -0.84999052],
        ...,
        [ 0.49138447,  0.61226401,  0.65471292, ...,  0.        ,
          0.09939432,  0.29758738],
        [ 0.57551797,  0.68781861,  0.72660081, ..., -0.09939432,
          0.        ,  0.20122254],
        [ 0.72830367,  0.8198136 ,  0.84999052, ..., -0.29758738,
         -0.20122254,  0.        ]]]), 'num': array([ 7.60328836e-01,  6.49182870e-01,  6.53799801e-07,  2.65660942e-09,
        3.83261952e-03,  3.86643675e-03,  3.76498506e-03,  1.84656510e-02,
       -1.12724104e-05,  3.85516434e-03,  3.92899863e-03,  3.94459213e-03,
        1.03584311e-06,  4.18943523e-03,  3.66856204e-03])}
{'img': array([[[ 0.        , -0.08097927, -0.37125925, ..., -0.20399754,
         -0.41374247, -0.45653427],
        [ 0.08097927,  0.        , -0.29484833, ..., -0.12405118,
         -0.33866061, -0.38298718],
        [ 0.37125925,  0.29484833,  0.        , ...,  0.1740345 ,
         -0.04617981, -0.0935939 ],
        ...,
        [ 0.20399754,  0.12405118, -0.1740345 , ...,  0.        ,
         -0.21932392, -0.26543619],
        [ 0.41374247,  0.33866061,  0.04617981, ...,  0.21932392,
          0.        , -0.04751695],
        [ 0.45653427,  0.38298718,  0.0935939 , ...,  0.26543619,
          0.04751695,  0.        ]],

       [[ 0.        , -0.35722862,  0.19484292, ...,  0.64862876,
          0.53617428,  0.69443016],
        [ 0.35722862,  0.        ,  0.53236874, ...,  0.87771874,
          0.80233517,  0.90565702],
        [-0.19484292, -0.53236874,  0.        , ...,  0.48790153,
          0.36142987,  0.54091983],
        ...,
        [-0.64862876, -0.87771874, -0.48790153, ...,  0.        ,
         -0.13942739,  0.06180684],
        [-0.53617428, -0.80233517, -0.36142987, ...,  0.13942739,
          0.        ,  0.20036395],
        [-0.69443016, -0.90565702, -0.54091983, ..., -0.06180684,
         -0.20036395,  0.        ]],

       [[ 0.        , -0.11659915, -0.37760615, ..., -0.4349784 ,
         -0.59133735, -0.71234439],
        [ 0.11659915,  0.        , -0.26706364, ..., -0.3270208 ,
         -0.49327549, -0.62565274],
        [ 0.37760615,  0.26706364,  0.        , ..., -0.06276333,
         -0.24304769, -0.39459155],
        ...,
        [ 0.4349784 ,  0.3270208 ,  0.06276333, ...,  0.        ,
         -0.18168718, -0.33614308],
        [ 0.59133735,  0.49327549,  0.24304769, ...,  0.18168718,
          0.        , -0.15943348],
        [ 0.71234439,  0.62565274,  0.39459155, ...,  0.33614308,
          0.15943348,  0.        ]],

       ...,

       [[ 0.        ,  0.16038864, -0.53814029, ...,  0.50920189,
          0.43101642,  0.31653255],
        [-0.16038864,  0.        , -0.66635791, ...,  0.36457172,
          0.28071071,  0.16029297],
        [ 0.53814029,  0.66635791,  0.        , ...,  0.89233239,
          0.84887217,  0.77726113],
        ...,
        [-0.50920189, -0.36457172, -0.89233239, ...,  0.        ,
         -0.08852229, -0.21059675],
        [-0.43101642, -0.28071071, -0.84887217, ...,  0.08852229,
          0.        , -0.12323299],
        [-0.31653255, -0.16029297, -0.77726113, ...,  0.21059675,
          0.12323299,  0.        ]],

       [[ 0.        , -0.68972037, -0.88449467, ..., -0.95608334,
         -0.95124381, -0.93750903],
        [ 0.68972037,  0.        , -0.31865197, ..., -0.89443039,
         -0.90150999, -0.91882339],
        [ 0.88449467,  0.31865197,  0.        , ..., -0.70530188,
         -0.7166166 , -0.74516473],
        ...,
        [ 0.95608334,  0.89443039,  0.70530188, ...,  0.        ,
         -0.01608958, -0.05790052],
        [ 0.95124381,  0.90150999,  0.7166166 , ...,  0.01608958,
          0.        , -0.04183044],
        [ 0.93750903,  0.91882339,  0.74516473, ...,  0.05790052,
          0.04183044,  0.        ]],

       [[ 0.        , -0.05485432, -0.23869998, ..., -0.68781861,
         -0.8198136 , -0.93411046],
        [ 0.05485432,  0.        , -0.18507192, ..., -0.72660081,
         -0.84999052, -0.95228616],
        [ 0.23869998,  0.18507192,  0.        , ..., -0.84120425,
         -0.93280243, -0.99232057],
        ...,
        [ 0.68781861,  0.72660081,  0.84120425, ...,  0.        ,
          0.20122254,  0.43251424],
        [ 0.8198136 ,  0.84999052,  0.93280243, ..., -0.20122254,
          0.        ,  0.2422397 ],
        [ 0.93411046,  0.95228616,  0.99232057, ..., -0.43251424,
         -0.2422397 ,  0.        ]]]), 'num': array([7.94895361e-01, 6.06441668e-01, 1.07687825e-06, 1.72285237e-09,
       4.09681942e-03, 4.09681942e-03, 3.94465184e-03, 1.54073887e-02,
       1.17051983e-04, 4.03127031e-03, 4.08979630e-03, 4.09584399e-03,
       1.21282778e-06, 4.34703385e-03, 3.83255876e-03])}
{'img': array([[[ 0.00000000e+00, -2.94848333e-01, -5.19618788e-01, ...,
         -3.38660614e-01, -3.82987181e-01,  4.06560593e-02],
        [ 2.94848333e-01,  0.00000000e+00, -2.44600758e-01, ...,
         -4.61798089e-02, -9.35939019e-02,  3.33453209e-01],
        [ 5.19618788e-01,  2.44600758e-01,  0.00000000e+00, ...,
          1.99562759e-01,  1.52776191e-01,  5.53925632e-01],
        ...,
        [ 3.38660614e-01,  4.61798089e-02, -1.99562759e-01, ...,
          0.00000000e+00, -4.75169500e-02,  3.76634246e-01],
        [ 3.82987181e-01,  9.35939019e-02, -1.52776191e-01, ...,
          4.75169500e-02,  0.00000000e+00,  4.20226711e-01],
        [-4.06560593e-02, -3.33453209e-01, -5.53925632e-01, ...,
         -3.76634246e-01, -4.20226711e-01,  0.00000000e+00]],

       [[ 0.00000000e+00,  5.32368740e-01,  7.33392505e-01, ...,
          8.02335167e-01,  9.05657024e-01,  8.01763089e-01],
        [-5.32368740e-01,  0.00000000e+00,  2.58918808e-01, ...,
          3.61429872e-01,  5.40919833e-01,  3.60536616e-01],
        [-7.33392505e-01, -2.58918808e-01,  0.00000000e+00, ...,
          1.07689070e-01,  3.04704057e-01,  1.06736750e-01],
        ...,
        [-8.02335167e-01, -3.61429872e-01, -1.07689070e-01, ...,
          0.00000000e+00,  2.00363948e-01, -9.57840876e-04],
        [-9.05657024e-01, -5.40919833e-01, -3.04704057e-01, ...,
         -2.00363948e-01,  0.00000000e+00, -2.01302273e-01],
        [-8.01763089e-01, -3.60536616e-01, -1.06736750e-01, ...,
          9.57840876e-04,  2.01302273e-01,  0.00000000e+00]],

       [[ 0.00000000e+00, -2.67063637e-01, -4.64346481e-01, ...,
         -4.93275489e-01, -6.25652741e-01, -5.12457322e-01],
        [ 2.67063637e-01,  0.00000000e+00, -2.10955025e-01, ...,
         -2.43047692e-01, -3.94591548e-01, -2.64513371e-01],
        [ 4.64346481e-01,  2.10955025e-01,  0.00000000e+00, ...,
         -3.29486906e-02, -1.91874144e-01, -5.51194675e-02],
        ...,
        [ 4.93275489e-01,  2.43047692e-01,  3.29486906e-02, ...,
          0.00000000e+00, -1.59433477e-01, -2.21909392e-02],
        [ 6.25652741e-01,  3.94591548e-01,  1.91874144e-01, ...,
          1.59433477e-01,  0.00000000e+00,  1.37487128e-01],
        [ 5.12457322e-01,  2.64513371e-01,  5.51194675e-02, ...,
          2.21909392e-02, -1.37487128e-01,  0.00000000e+00]],

       ...,

       [[ 0.00000000e+00, -6.66357910e-01, -8.16091065e-01, ...,
          2.80710709e-01,  1.60292973e-01,  4.10141706e-01],
        [ 6.66357910e-01,  0.00000000e+00, -2.23399863e-01, ...,
          8.48872172e-01,  7.77261133e-01,  9.13547743e-01],
        [ 8.16091065e-01,  2.23399863e-01,  0.00000000e+00, ...,
          9.45507289e-01,  8.98175634e-01,  9.81323310e-01],
        ...,
        [-2.80710709e-01, -8.48872172e-01, -9.45507289e-01, ...,
          0.00000000e+00, -1.23232993e-01,  1.37636613e-01],
        [-1.60292973e-01, -7.77261133e-01, -8.98175634e-01, ...,
          1.23232993e-01,  0.00000000e+00,  2.58647674e-01],
        [-4.10141706e-01, -9.13547743e-01, -9.81323310e-01, ...,
         -1.37636613e-01, -2.58647674e-01,  0.00000000e+00]],

       [[ 0.00000000e+00, -7.12905984e-01, -7.96920260e-01, ...,
         -9.80250170e-01, -9.69873910e-01, -9.64522781e-01],
        [ 7.12905984e-01,  0.00000000e+00, -1.28192537e-01, ...,
         -8.28395209e-01, -8.53802634e-01, -8.64587799e-01],
        [ 7.96920260e-01,  1.28192537e-01,  0.00000000e+00, ...,
         -7.49754079e-01, -7.80021536e-01, -7.93039930e-01],
        ...,
        [ 9.80250170e-01,  8.28395209e-01,  7.49754079e-01, ...,
          0.00000000e+00, -4.69925600e-02, -6.80402294e-02],
        [ 9.69873910e-01,  8.53802634e-01,  7.80021536e-01, ...,
          4.69925600e-02,  0.00000000e+00, -2.10814027e-02],
        [ 9.64522781e-01,  8.64587799e-01,  7.93039930e-01, ...,
          6.80402294e-02,  2.10814027e-02,  0.00000000e+00]],

       [[ 0.00000000e+00, -1.85071917e-01, -5.55491428e-01, ...,
         -8.49990522e-01, -9.52286158e-01, -9.97199351e-01],
        [ 1.85071917e-01,  0.00000000e+00, -3.92003883e-01, ...,
         -9.32802430e-01, -9.92320567e-01, -9.93814129e-01],
        [ 5.55491428e-01,  3.92003883e-01,  0.00000000e+00, ...,
         -9.99417805e-01, -9.61386795e-01, -8.70738330e-01],
        ...,
        [ 8.49990522e-01,  9.32802430e-01,  9.99417805e-01, ...,
          0.00000000e+00,  2.42239701e-01,  4.61752327e-01],
        [ 9.52286158e-01,  9.92320567e-01,  9.61386795e-01, ...,
         -2.42239701e-01,  0.00000000e+00,  2.33130925e-01],
        [ 9.97199351e-01,  9.93814129e-01,  8.70738330e-01, ...,
         -4.61752327e-01, -2.33130925e-01,  0.00000000e+00]]]), 'num': array([ 7.68620538e-01,  6.39433716e-01,  7.48909114e-07,  1.69072579e-08,
        3.91475219e-03,  4.06226459e-03,  3.90340508e-03,  1.48824581e-02,
       -5.67355389e-05,  3.90794392e-03,  3.97035302e-03,  3.96978566e-03,
        1.09558282e-06,  4.20954832e-03,  3.73115771e-03])}
{'img': array([[[ 0.        , -0.24460076, -0.0935939 , ..., -0.0935939 ,
          0.33345321,  0.13200045],
        [ 0.24460076,  0.        ,  0.15277619, ...,  0.15277619,
          0.55392563,  0.37045121],
        [ 0.0935939 , -0.15277619,  0.        , ...,  0.        ,
          0.42022671,  0.22419595],
        ...,
        [ 0.0935939 , -0.15277619,  0.        , ...,  0.        ,
          0.42022671,  0.22419595],
        [-0.33345321, -0.55392563, -0.42022671, ..., -0.42022671,
          0.        , -0.20608976],
        [-0.13200045, -0.37045121, -0.22419595, ..., -0.22419595,
          0.20608976,  0.        ]],

       [[ 0.        ,  0.26418233, -0.23367799, ...,  0.54823719,
          0.3668837 ,  0.36388888],
        [-0.26418233,  0.        , -0.48224424, ...,  0.3078181 ,
          0.10808927,  0.10489029],
        [ 0.23367799,  0.48224424,  0.        , ...,  0.72848897,
          0.57410905,  0.57147184],
        ...,
        [-0.54823719, -0.3078181 , -0.72848897, ...,  0.        ,
         -0.20317363, -0.20632275],
        [-0.3668837 , -0.10808927, -0.57410905, ...,  0.20317363,
          0.        , -0.00321727],
        [-0.36388888, -0.10489029, -0.57147184, ...,  0.20632275,
          0.00321727,  0.        ]],

       [[ 0.        , -0.21095503, -0.2968214 , ..., -0.39459155,
         -0.26451337, -0.26451337],
        [ 0.21095503,  0.        , -0.08869375, ..., -0.19187414,
         -0.05511947, -0.05511947],
        [ 0.2968214 ,  0.08869375,  0.        , ..., -0.10407218,
          0.03365668,  0.03365668],
        ...,
        [ 0.39459155,  0.19187414,  0.10407218, ...,  0.        ,
          0.13748713,  0.13748713],
        [ 0.26451337,  0.05511947, -0.03365668, ..., -0.13748713,
          0.        ,  0.        ],
        [ 0.26451337,  0.05511947, -0.03365668, ..., -0.13748713,
          0.        ,  0.        ]],

       ...,

       [[ 0.        , -0.22339986,  0.01508385, ...,  0.77726113,
          0.91354774,  0.83909904],
        [ 0.22339986,  0.        ,  0.23807708, ...,  0.89817563,
          0.98132331,  0.93941716],
        [-0.01508385, -0.23807708,  0.        , ...,  0.76768228,
          0.90730873,  0.83079829],
        ...,
        [-0.77726113, -0.89817563, -0.76768228, ...,  0.        ,
          0.25864767,  0.1051293 ],
        [-0.91354774, -0.98132331, -0.90730873, ..., -0.25864767,
          0.        , -0.15566246],
        [-0.83909904, -0.93941716, -0.83079829, ..., -0.1051293 ,
          0.15566246,  0.        ]],

       [[ 0.        , -0.46414165, -0.62828561, ..., -0.99384436,
         -0.9908785 , -0.98561496],
        [ 0.46414165,  0.        , -0.19541667, ..., -0.93172864,
         -0.94022846, -0.95146217],
        [ 0.62828561,  0.19541667,  0.        , ..., -0.8427986 ,
         -0.85555311, -0.87297572],
        ...,
        [ 0.99384436,  0.93172864,  0.8427986 , ...,  0.        ,
         -0.02415402, -0.05877437],
        [ 0.9908785 ,  0.94022846,  0.85555311, ...,  0.02415402,
          0.        , -0.03464495],
        [ 0.98561496,  0.95146217,  0.87297572, ...,  0.05877437,
          0.03464495,  0.        ]],

       [[ 0.        , -0.39200388, -0.60080926, ..., -0.99232057,
         -0.99381413, -0.96676699],
        [ 0.39200388,  0.        , -0.2393577 , ..., -0.9613868 ,
         -0.87073833, -0.78917103],
        [ 0.60080926,  0.2393577 ,  0.        , ..., -0.86756927,
         -0.72772389, -0.61922382],
        ...,
        [ 0.99232057,  0.9613868 ,  0.86756927, ...,  0.        ,
          0.23313093,  0.37327787],
        [ 0.99381413,  0.87073833,  0.72772389, ..., -0.23313093,
          0.        ,  0.1467122 ],
        [ 0.96676699,  0.78917103,  0.61922382, ..., -0.37327787,
         -0.1467122 ,  0.        ]]]), 'num': array([7.07041169e-01, 7.07041169e-01, 0.00000000e+00, 9.86587189e-09,
       3.64387260e-03, 3.65431349e-03, 3.57078633e-03, 8.91713050e-03,
       4.17635828e-05, 3.60210902e-03, 3.66371030e-03, 3.65396546e-03,
       9.42227173e-07, 3.85992137e-03, 3.46749923e-03])}
{'img': array([[[ 0.        ,  0.15277619, -0.05601036, ...,  0.55392563,
          0.37045121,  0.51961879],
        [-0.15277619,  0.        , -0.2078892 , ...,  0.42022671,
          0.22419595,  0.38298718],
        [ 0.05601036,  0.2078892 ,  0.        , ...,  0.5996884 ,
          0.421895  ,  0.56665823],
        ...,
        [-0.55392563, -0.42022671, -0.5996884 , ...,  0.        ,
         -0.20608976, -0.04065606],
        [-0.37045121, -0.22419595, -0.421895  , ...,  0.20608976,
          0.        ,  0.16613606],
        [-0.51961879, -0.38298718, -0.56665823, ...,  0.04065606,
         -0.16613606,  0.        ]],

       [[ 0.        , -0.48224424, -0.45585907, ...,  0.10808927,
          0.10489029, -0.26511161],
        [ 0.48224424,  0.        ,  0.02987311, ...,  0.57410905,
          0.57147184,  0.23274092],
        [ 0.45585907, -0.02987311,  0.        , ...,  0.54939335,
          0.54670227,  0.20358429],
        ...,
        [-0.10808927, -0.57410905, -0.54939335, ...,  0.        ,
         -0.00321727, -0.36777997],
        [-0.10489029, -0.57147184, -0.54670227, ...,  0.00321727,
          0.        , -0.36478628],
        [ 0.26511161, -0.23274092, -0.20358429, ...,  0.36777997,
          0.36478628,  0.        ]],

       [[ 0.        , -0.08869375, -0.26294256, ..., -0.05511947,
         -0.05511947, -0.02192529],
        [ 0.08869375,  0.        , -0.17633354, ...,  0.03365668,
          0.03365668,  0.06683355],
        [ 0.26294256,  0.17633354,  0.        , ...,  0.20936293,
          0.20936293,  0.24172558],
        ...,
        [ 0.05511947, -0.03365668, -0.20936293, ...,  0.        ,
          0.        ,  0.03321426],
        [ 0.05511947, -0.03365668, -0.20936293, ...,  0.        ,
          0.        ,  0.03321426],
        [ 0.02192529, -0.06683355, -0.24172558, ..., -0.03321426,
         -0.03321426,  0.        ]],

       ...,

       [[ 0.        ,  0.23807708,  0.3084408 , ...,  0.98132331,
          0.93941716,  0.88084121],
        [-0.23807708,  0.        ,  0.07310269, ...,  0.90730873,
          0.83079829,  0.74280523],
        [-0.3084408 , -0.07310269,  0.        , ...,  0.87414403,
          0.78788839,  0.69187499],
        ...,
        [-0.98132331, -0.90730873, -0.87414403, ...,  0.        ,
         -0.15566246, -0.29512643],
        [-0.93941716, -0.83079829, -0.78788839, ...,  0.15566246,
          0.        , -0.14279995],
        [-0.88084121, -0.74280523, -0.69187499, ...,  0.29512643,
          0.14279995,  0.        ]],

       [[ 0.        , -0.46427213, -0.55663487, ..., -0.99660412,
         -0.99293435, -0.97160922],
        [ 0.46427213,  0.        , -0.10730995, ..., -0.92091406,
         -0.93452744, -0.97038992],
        [ 0.55663487,  0.10730995,  0.        , ..., -0.87377062,
         -0.89094046, -0.93886646],
        ...,
        [ 0.99660412,  0.92091406,  0.87377062, ...,  0.        ,
