state_0,state_1,state_2,state_3,state_4,state_5,state_6,state_7,state_8,state_9,state_10,state_11,state_12,state_13,state_14,state_15,state_16,state_17,state_18,state_19,state_20,state_21,state_22,state_23,state_24,state_25,state_26,state_27,state_28,state_29,state_30,state_31,state_32,state_33,state_34,state_35,state_36,state_37,state_38,state_39,state_40,state_41,state_42,state_43,state_44,state_45,state_46,state_47,state_48,state_49,state_50,state_51,state_52,state_53,state_54,state_55,state_56,state_57,state_58,state_59,state_60,state_61,state_62,state_63,state_64,state_65,state_66,state_67,state_68,state_69,state_70,state_71,state_72,state_73,state_74,state_75,state_76,state_77,state_78,state_79,state_80,state_81,state_82,state_83,state_84,state_85,state_86,state_87,state_88,state_89,state_90,state_91,state_92,state_93,state_94,state_95,state_96,state_97,state_98,state_99,state_100,state_101,state_102,state_103,state_104,state_105,state_106,state_107,state_108,state_109,state_110,state_111,state_112,state_113,state_114,state_115,state_116,state_117,state_118,state_119,state_120,state_121,state_122,state_123,state_124,state_125,state_126,state_127,state_128,state_129,state_130,state_131,state_132,state_133,state_134,state_135,state_136,state_137,state_138,state_139,state_140,state_141,state_142,state_143,state_144,state_145,state_146,state_147,state_148,state_149,state_150,state_151,state_152,state_153,state_154,state_155,state_156,state_157,state_158,state_159,state_160,state_161,state_162,state_163,state_164,state_165,state_166,state_167,state_168,state_169,state_170,state_171,state_172,state_173,state_174,state_175,state_176,state_177,state_178,state_179,state_180,state_181,state_182,state_183,state_184,state_185,state_186,state_187,state_188,state_189,state_190,state_191,state_192,state_193,state_194,state_195,state_196,state_197,state_198,state_199,state_200,state_201,state_202,state_203,state_204,state_205,state_206,state_207,state_208,state_209,state_210,state_211,state_212,state_213,state_214,state_215,state_216,state_217,state_218,state_219,state_220,state_221,state_222,state_223,state_224,state_225,state_226,state_227,state_228,state_229,state_230,state_231,state_232,state_233,state_234,state_235,state_236,state_237,state_238,state_239,state_240,state_241,state_242,state_243,state_244,state_245,state_246,state_247,state_248,state_249,state_250,state_251,state_252,state_253,state_254,state_255,state_256,state_257,state_258,state_259,state_260,state_261,state_262,state_263,state_264,state_265,state_266,state_267,state_268,state_269,state_270,state_271,state_272,state_273,state_274,state_275,state_276,state_277,state_278,state_279,state_280,state_281,state_282,state_283,state_284,state_285,state_286,state_287
{'img': array([[[ 0.        ,  0.01037987,  0.06156696, ..., -0.48977622,
         -0.48282259, -0.91103806],
        [-0.01037987,  0.        ,  0.05120346, ..., -0.49879951,
         -0.49188642, -0.91526883],
        [-0.06156696, -0.05120346,  0.        , ..., -0.54252414,
         -0.53582196, -0.93469521],
        ...,
        [ 0.48977622,  0.49879951,  0.54252414, ...,  0.        ,
          0.00795795, -0.59234123],
        [ 0.48282259,  0.49188642,  0.53582196, ..., -0.00795795,
          0.        , -0.59873409],
        [ 0.91103806,  0.91526883,  0.93469521, ...,  0.59234123,
          0.59873409,  0.        ]],

       [[ 0.        , -0.13316979,  0.02306505, ...,  0.00481908,
          0.11870991,  0.37635972],
        [ 0.13316979,  0.        ,  0.15599398, ...,  0.1379444 ,
          0.24988073,  0.49638587],
        [-0.02306505, -0.15599398,  0.        , ..., -0.01824699,
          0.09577636,  0.35489043],
        ...,
        [-0.00481908, -0.1379444 ,  0.01824699, ...,  0.        ,
          0.11392352,  0.3718906 ],
        [-0.11870991, -0.24988073, -0.09577636, ..., -0.11392352,
          0.        ,  0.26371688],
        [-0.37635972, -0.49638587, -0.35489043, ..., -0.3718906 ,
         -0.26371688,  0.        ]],

       [[ 0.        ,  0.05616227,  0.12494969, ..., -0.542287  ,
         -0.53660931, -0.77746938],
        [-0.05616227,  0.        ,  0.06903035, ..., -0.58861824,
         -0.58315381, -0.81156389],
        [-0.12494969, -0.06903035,  0.        , ..., -0.64301904,
         -0.63784035, -0.84995988],
        ...,
        [ 0.542287  ,  0.58861824,  0.64301904, ...,  0.        ,
          0.00674292, -0.31216902],
        [ 0.53660931,  0.58315381,  0.63784035, ..., -0.00674292,
          0.        , -0.31856787],
        [ 0.77746938,  0.81156389,  0.84995988, ...,  0.31216902,
          0.31856787,  0.        ]],

       ...,

       [[ 0.        ,  0.54476858,  0.46655365, ..., -0.96063302,
         -0.95811441, -0.88325114],
        [-0.54476858,  0.        , -0.09059837, ..., -0.95692167,
         -0.95947568, -0.99612453],
        [-0.46655365,  0.09059837,  0.        , ..., -0.97929123,
         -0.98105969, -0.99999648],
        ...,
        [ 0.96063302,  0.95692167,  0.97929123, ...,  0.        ,
          0.00892779,  0.20505581],
        [ 0.95811441,  0.95947568,  0.98105969, ..., -0.00892779,
          0.        ,  0.19630956],
        [ 0.88325114,  0.99612453,  0.99999648, ..., -0.20505581,
         -0.19630956,  0.        ]],

       [[ 0.        ,  0.25325387,  0.38457825, ...,  0.46188032,
          0.63117742,  0.76029211],
        [-0.25325387,  0.        ,  0.13826421, ...,  0.67144451,
          0.80703439,  0.90001547],
        [-0.38457825, -0.13826421,  0.        , ...,  0.76745691,
          0.88092877,  0.95163472],
        ...,
        [-0.46188032, -0.67144451, -0.76745691, ...,  0.        ,
         -0.20156577, -0.37430638],
        [-0.63117742, -0.80703439, -0.88092877, ...,  0.20156577,
          0.        , -0.17971076],
        [-0.76029211, -0.90001547, -0.95163472, ...,  0.37430638,
          0.17971076,  0.        ]],

       [[ 0.        , -0.02089022, -0.04532472, ..., -0.88513435,
         -0.94857825, -0.99474206],
        [ 0.02089022,  0.        , -0.02444607, ..., -0.87522023,
         -0.9417586 , -0.99666439],
        [ 0.04532472,  0.02444607,  0.        , ..., -0.8631335 ,
         -0.93325619, -0.99836157],
        ...,
        [ 0.88513435,  0.87522023,  0.8631335 , ...,  0.        ,
         -0.16122435, -0.55353732],
        [ 0.94857825,  0.9417586 ,  0.93325619, ...,  0.16122435,
          0.        , -0.41202426],
        [ 0.99474206,  0.99666439,  0.99836157, ...,  0.55353732,
          0.41202426,  0.        ]]]), 'num': array([ 7.07070096e-01,  7.07070096e-01,  0.00000000e+00,  0.00000000e+00,
        2.11138987e-04,  2.22050562e-04,  2.08956672e-04,  1.01566036e-02,
       -7.09252411e-06,  2.31870980e-04,  2.94803492e-04,  3.15417277e-04,
        2.01935002e-07,  4.54756648e-04,  1.34850337e-04])}
{'img': array([[[ 0.        ,  0.04883817,  0.24010848, ..., -0.45687114,
         -0.75394785, -0.93259696],
        [-0.04883817,  0.        ,  0.1924125 , ..., -0.49976912,
         -0.78513163, -0.94911074],
        [-0.24010848, -0.1924125 ,  0.        , ..., -0.65709025,
         -0.8896274 , -0.99197467],
        ...,
        [ 0.45687114,  0.49976912,  0.65709025, ...,  0.        ,
         -0.37052709, -0.66468194],
        [ 0.75394785,  0.78513163,  0.8896274 , ...,  0.37052709,
          0.        , -0.3405404 ],
        [ 0.93259696,  0.94911074,  0.99197467, ...,  0.66468194,
          0.3405404 ,  0.        ]],

       [[ 0.        ,  0.15599398,  0.38761068, ...,  0.24988073,
          0.49638587,  0.23036767],
        [-0.15599398,  0.        ,  0.23906669, ...,  0.09577636,
          0.35489043,  0.0757492 ],
        [-0.38761068, -0.23906669,  0.        , ..., -0.14496852,
          0.12109439, -0.16482711],
        ...,
        [-0.24988073, -0.09577636,  0.14496852, ...,  0.        ,
          0.26371688, -0.02010022],
        [-0.49638587, -0.35489043, -0.12109439, ..., -0.26371688,
          0.        , -0.28305227],
        [-0.23036767, -0.0757492 ,  0.16482711, ...,  0.02010022,
          0.28305227,  0.        ]],

       [[ 0.        ,  0.06645634,  0.16335546, ..., -0.53381623,
         -0.65691172, -0.83054683],
        [-0.06645634,  0.        ,  0.09743068, ..., -0.58883166,
         -0.70556543, -0.86572355],
        [-0.16335546, -0.09743068,  0.        , ..., -0.66477909,
         -0.77125232, -0.91037095],
        ...,
        [ 0.53381623,  0.58883166,  0.66477909, ...,  0.        ,
         -0.1530048 , -0.40500252],
        [ 0.65691172,  0.70556543,  0.77125232, ...,  0.1530048 ,
          0.        , -0.26033912],
        [ 0.83054683,  0.86572355,  0.91037095, ...,  0.40500252,
          0.26033912,  0.        ]],

       ...,

       [[ 0.        , -0.09059837,  0.04928458, ..., -0.95947568,
         -0.99612453, -0.99960973],
        [ 0.09059837,  0.        ,  0.13957017, ..., -0.98105969,
         -0.99999648, -0.99802975],
        [-0.04928458, -0.13957017,  0.        , ..., -0.94442173,
         -0.99057923, -0.99701819],
        ...,
        [ 0.95947568,  0.98105969,  0.94442173, ...,  0.        ,
          0.19630956,  0.25487805],
        [ 0.99612453,  0.99999648,  0.99057923, ..., -0.19630956,
          0.        ,  0.06009254],
        [ 0.99960973,  0.99802975,  0.99701819, ..., -0.25487805,
         -0.06009254,  0.        ]],

       [[ 0.        ,  0.29673983,  0.5076867 , ...,  0.63571873,
          0.76521498,  0.87027477],
        [-0.29673983,  0.        ,  0.2291659 , ...,  0.83614456,
          0.92178208,  0.97724029],
        [-0.5076867 , -0.2291659 ,  0.        , ...,  0.93959215,
          0.98610058,  0.99984756],
        ...,
        [-0.63571873, -0.83614456, -0.93959215, ...,  0.        ,
         -0.18142563, -0.35864938],
        [-0.76521498, -0.92178208, -0.98610058, ...,  0.18142563,
          0.        , -0.18334167],
        [-0.87027477, -0.97724029, -0.99984756, ...,  0.35864938,
          0.18334167,  0.        ]],

       [[ 0.        , -0.02372836, -0.08334425, ..., -0.90346769,
         -0.96952514, -0.99384147],
        [ 0.02372836,  0.        , -0.05967497, ..., -0.893042  ,
         -0.96343891, -0.99619102],
        [ 0.08334425,  0.05967497,  0.        , ..., -0.86459833,
         -0.94573332, -0.99961919],
        ...,
        [ 0.90346769,  0.893042  ,  0.86459833, ...,  0.        ,
         -0.19425075, -0.52613067],
        [ 0.96952514,  0.96343891,  0.94573332, ...,  0.19425075,
          0.        , -0.35091732],
        [ 0.99384147,  0.99619102,  0.99961919, ...,  0.52613067,
          0.35091732,  0.        ]]]), 'num': array([ 9.99948959e-01,  1.07756106e-04,  5.15382063e-05, -2.18552949e-10,
        2.98638352e-04,  3.02486784e-04,  2.90171801e-04,  1.00467791e-02,
        7.69686474e-07,  3.16802953e-04,  3.99544249e-04,  4.43211128e-04,
        3.33147877e-07,  6.08812872e-04,  1.90275626e-04])}
{'img': array([[[ 0.        ,  0.1924125 ,  0.11875725, ..., -0.78513163,
         -0.94911074, -0.91458107],
        [-0.1924125 ,  0.        , -0.07451269, ..., -0.8896274 ,
         -0.99197467, -0.97530345],
        [-0.11875725,  0.07451269,  0.        , ..., -0.8531253 ,
         -0.9797959 , -0.95613461],
        ...,
        [ 0.78513163,  0.8896274 ,  0.8531253 , ...,  0.        ,
         -0.3405404 , -0.24891724],
        [ 0.94911074,  0.99197467,  0.9797959 , ...,  0.3405404 ,
          0.        ,  0.09578238],
        [ 0.91458107,  0.97530345,  0.95613461, ...,  0.24891724,
         -0.09578238,  0.        ]],

       [[ 0.        ,  0.23906669,  0.0790844 , ...,  0.35489043,
          0.0757492 , -0.03918084],
        [-0.23906669,  0.        , -0.16152671, ...,  0.12109439,
         -0.16482711, -0.27692783],
        [-0.0790844 ,  0.16152671,  0.        , ...,  0.27984226,
         -0.00334523, -0.11808179],
        ...,
        [-0.35489043, -0.12109439, -0.27984226, ...,  0.        ,
         -0.28305227, -0.3912484 ],
        [-0.0757492 ,  0.16482711,  0.00334523, ...,  0.28305227,
          0.        , -0.1147593 ],
        [ 0.03918084,  0.27692783,  0.11808179, ...,  0.3912484 ,
          0.1147593 ,  0.        ]],

       [[ 0.        ,  0.0916998 ,  0.13234624, ..., -0.60603242,
         -0.67011852, -0.89314298],
        [-0.0916998 ,  0.        ,  0.04089546, ..., -0.67642071,
         -0.73535966, -0.93062398],
        [-0.13234624, -0.04089546,  0.        , ..., -0.70597497,
         -0.76245839, -0.94481224],
        ...,
        [ 0.60603242,  0.67642071,  0.70597497, ...,  0.        ,
         -0.08320898, -0.43786468],
        [ 0.67011852,  0.73535966,  0.76245839, ...,  0.08320898,
          0.        , -0.36153795],
        [ 0.89314298,  0.93062398,  0.94481224, ...,  0.43786468,
          0.36153795,  0.        ]],

       ...,

       [[ 0.        ,  0.13957017, -0.05822776, ..., -0.99999648,
         -0.99802975, -0.98684147],
        [-0.13957017,  0.        , -0.1969912 , ..., -0.99057923,
         -0.99701819, -0.99974966],
        [ 0.05822776,  0.1969912 ,  0.        , ..., -0.99814522,
         -0.99268307, -0.97575223],
        ...,
        [ 0.99999648,  0.99057923,  0.99814522, ...,  0.        ,
          0.06009254,  0.15907029],
        [ 0.99802975,  0.99701819,  0.99268307, ..., -0.06009254,
          0.        ,  0.09945542],
        [ 0.98684147,  0.99974966,  0.97575223, ..., -0.15907029,
         -0.09945542,  0.        ]],

       [[ 0.        ,  0.42661969,  0.53311751, ...,  0.77204529,
          0.87678891,  0.96356124],
        [-0.42661969,  0.        ,  0.12123023, ...,  0.9694074 ,
          0.99814611,  0.98559034],
        [-0.53311751, -0.12123023,  0.        , ...,  0.9920143 ,
          0.99816267,  0.95781496],
        ...,
        [-0.77204529, -0.9694074 , -0.9920143 , ...,  0.        ,
         -0.1860009 , -0.4058955 ],
        [-0.87678891, -0.99814611, -0.99816267, ...,  0.1860009 ,
          0.        , -0.2288226 ],
        [-0.96356124, -0.98559034, -0.95781496, ...,  0.4058955 ,
          0.2288226 ,  0.        ]],

       [[ 0.        , -0.05967497, -0.06125957, ..., -0.96343891,
         -0.99619102, -0.99797558],
        [ 0.05967497,  0.        , -0.00158751, ..., -0.94573332,
         -0.99961919, -0.99999227],
        [ 0.06125957,  0.00158751,  0.        , ..., -0.94521628,
         -0.99966174, -0.99999725],
        ...,
        [ 0.96343891,  0.94573332,  0.94521628, ...,  0.        ,
         -0.35091732, -0.32865879],
        [ 0.99619102,  0.99961919,  0.99966174, ...,  0.35091732,
          0.        ,  0.0236652 ],
        [ 0.99797558,  0.99999227,  0.99999725, ...,  0.32865879,
         -0.0236652 ,  0.        ]]]), 'num': array([ 9.62268073e-01,  2.71930316e-01,  3.68180137e-05,  3.01828805e-09,
        2.84792804e-04,  2.96184516e-04,  2.80236119e-04,  9.64554496e-03,
       -9.87281721e-06,  3.02563875e-04,  3.77255534e-04,  4.35277322e-04,
        3.55225433e-07,  5.59725889e-04,  1.94785180e-04])}
{'img': array([[[ 0.        , -0.07217396, -0.04053551, ..., -0.91082304,
         -0.90513696, -0.99536233],
        [ 0.07217396,  0.        ,  0.03168485, ..., -0.87865447,
         -0.87209382, -0.98582357],
        [ 0.04053551, -0.03168485,  0.        , ..., -0.8933415 ,
         -0.88716057, -0.99064485],
        ...,
        [ 0.91082304,  0.87865447,  0.8933415 , ...,  0.        ,
          0.01357132, -0.32326428],
        [ 0.90513696,  0.87209382,  0.88716057, ..., -0.01357132,
          0.        , -0.33607717],
        [ 0.99536233,  0.98582357,  0.99064485, ...,  0.32326428,
          0.33607717,  0.        ]],

       [[ 0.        , -0.16152671, -0.26245942, ..., -0.16482711,
         -0.27692783, -0.28493929],
        [ 0.16152671,  0.        , -0.10314881, ..., -0.00334523,
         -0.11808179, -0.12636685],
        [ 0.26245942,  0.10314881,  0.        , ...,  0.09982085,
         -0.01502476, -0.02337087],
        ...,
        [ 0.16482711,  0.00334523, -0.09982085, ...,  0.        ,
         -0.1147593 , -0.12304773],
        [ 0.27692783,  0.11808179,  0.01502476, ...,  0.1147593 ,
          0.        , -0.00834757],
        [ 0.28493929,  0.12636685,  0.02337087, ...,  0.12304773,
          0.00834757,  0.        ]],

       [[ 0.        ,  0.03895712,  0.08343669, ..., -0.66503391,
         -0.77197541, -0.94676193],
        [-0.03895712,  0.        ,  0.04455208, ..., -0.69362276,
         -0.79615257, -0.95858487],
        [-0.08343669, -0.04455208,  0.        , ..., -0.72502661,
         -0.82232033, -0.9703218 ],
        ...,
        [ 0.66503391,  0.69362276,  0.72502661, ...,  0.        ,
         -0.153791  , -0.49295689],
        [ 0.77197541,  0.79615257,  0.82232033, ...,  0.153791  ,
          0.        , -0.35328594],
        [ 0.94676193,  0.95858487,  0.9703218 , ...,  0.49295689,
          0.35328594,  0.        ]],

       ...,

       [[ 0.        , -0.1969912 , -0.07758342, ..., -0.99701819,
         -0.99974966, -0.99724863],
        [ 0.1969912 ,  0.        ,  0.12033425, ..., -0.99268307,
         -0.97575223, -0.96310496],
        [ 0.07758342, -0.12033425,  0.        , ..., -0.99999991,
         -0.99500038, -0.98849158],
        ...,
        [ 0.99701819,  0.99268307,  0.99999991, ...,  0.        ,
          0.09945542,  0.15086292],
        [ 0.99974966,  0.97575223,  0.99500038, ..., -0.09945542,
          0.        ,  0.05179783],
        [ 0.99724863,  0.96310496,  0.98849158, ..., -0.15086292,
         -0.05179783,  0.        ]],

       [[ 0.        ,  0.34478974,  0.48156641, ...,  0.89058106,
          0.97301814,  0.99856426],
        [-0.34478974,  0.        ,  0.14985969, ...,  0.99278942,
          0.99290548,  0.91886289],
        [-0.48156641, -0.14985969,  0.        , ...,  0.99954202,
          0.9638736 ,  0.84935524],
        ...,
        [-0.89058106, -0.99278942, -0.99954202, ...,  0.        ,
         -0.23707001, -0.5018773 ],
        [-0.97301814, -0.99290548, -0.9638736 , ...,  0.23707001,
          0.        , -0.28251901],
        [-0.99856426, -0.91886289, -0.84935524, ...,  0.5018773 ,
          0.28251901,  0.        ]],

       [[ 0.        , -0.00158751, -0.01226443, ..., -0.99961919,
         -0.99999227, -0.94784105],
        [ 0.00158751,  0.        , -0.01067703, ..., -0.99966174,
         -0.99999725, -0.94733385],
        [ 0.01226443,  0.01067703,  0.        , ..., -0.99988244,
         -0.99996527, -0.94386056],
        ...,
        [ 0.99961919,  0.99966174,  0.99988244, ...,  0.        ,
          0.0236652 ,  0.34477741],
        [ 0.99999227,  0.99999725,  0.99996527, ..., -0.0236652 ,
          0.        ,  0.32246669],
        [ 0.94784105,  0.94733385,  0.94386056, ..., -0.34477741,
         -0.32246669,  0.        ]]]), 'num': array([ 9.71814390e-01,  2.35627730e-01,  3.77531620e-05, -3.32588791e-08,
        2.90408939e-04,  2.92642853e-04,  2.83707194e-04,  7.44507248e-03,
        1.11695746e-05,  2.88919662e-04,  3.54410601e-04,  4.24468655e-04,
        4.38375776e-07,  5.01747013e-04,  2.07074188e-04])}
{'img': array([[[ 0.        ,  0.03168485,  0.03168485, ..., -0.87209382,
         -0.98582357, -0.85922937],
        [-0.03168485,  0.        ,  0.        , ..., -0.88716057,
         -0.99064485, -0.87500762],
        [-0.03168485,  0.        ,  0.        , ..., -0.88716057,
         -0.99064485, -0.87500762],
        ...,
        [ 0.87209382,  0.88716057,  0.88716057, ...,  0.        ,
         -0.33607717,  0.02570076],
        [ 0.98582357,  0.99064485,  0.99064485, ...,  0.33607717,
          0.        ,  0.36017202],
        [ 0.85922937,  0.87500762,  0.87500762, ..., -0.02570076,
         -0.36017202,  0.        ]],

       [[ 0.        , -0.10314881, -0.12953324, ..., -0.11808179,
         -0.12636685, -0.19627798],
        [ 0.10314881,  0.        , -0.0265625 , ..., -0.01502476,
         -0.02337087, -0.09408863],
        [ 0.12953324,  0.0265625 ,  0.        , ...,  0.01154004,
          0.00319263, -0.06761076],
        ...,
        [ 0.11808179,  0.01502476, -0.01154004, ...,  0.        ,
         -0.00834757, -0.0791199 ],
        [ 0.12636685,  0.02337087, -0.00319263, ...,  0.00834757,
          0.        , -0.07079574],
        [ 0.19627798,  0.09408863,  0.06761076, ...,  0.0791199 ,
          0.07079574,  0.        ]],

       [[ 0.        ,  0.04309142,  0.08377956, ..., -0.74215278,
         -0.84089337, -0.96747213],
        [-0.04309142,  0.        ,  0.04076182, ..., -0.77034461,
         -0.8634334 , -0.97747464],
        [-0.08377956, -0.04076182,  0.        , ..., -0.79569525,
         -0.88327862, -0.98526516],
        ...,
        [ 0.74215278,  0.77034461,  0.79569525, ...,  0.        ,
         -0.16193889, -0.46068153],
        [ 0.84089337,  0.8634334 ,  0.88327862, ...,  0.16193889,
          0.        , -0.31086953],
        [ 0.96747213,  0.97747464,  0.98526516, ...,  0.46068153,
          0.31086953,  0.        ]],

       ...,

       [[ 0.        ,  0.12033425,  0.33766428, ..., -0.97575223,
         -0.96310496, -0.90544134],
        [-0.12033425,  0.        ,  0.22194401, ..., -0.99500038,
         -0.98849158, -0.94994034],
        [-0.33766428, -0.22194401,  0.        , ..., -0.99235028,
         -0.9974128 , -0.99559054],
        ...,
        [ 0.97575223,  0.99500038,  0.99235028, ...,  0.        ,
          0.05179783,  0.21599772],
        [ 0.96310496,  0.98849158,  0.9974128 , ..., -0.05179783,
          0.        ,  0.16513268],
        [ 0.90544134,  0.94994034,  0.99559054, ..., -0.21599772,
         -0.16513268,  0.        ]],

       [[ 0.        ,  0.35263736,  0.47406493, ...,  0.97846839,
          0.99621782,  0.90266002],
        [-0.35263736,  0.        ,  0.13311739, ...,  0.98839484,
          0.9015798 ,  0.69291416],
        [-0.47406493, -0.13311739,  0.        , ...,  0.95937697,
          0.83596769,  0.5907671 ],
        ...,
        [-0.97846839, -0.98839484, -0.95937697, ...,  0.        ,
         -0.2906363 , -0.60739423],
        [-0.99621782, -0.9015798 , -0.83596769, ...,  0.2906363 ,
          0.        , -0.35029358],
        [-0.90266002, -0.69291416, -0.5907671 , ...,  0.60739423,
          0.35029358,  0.        ]],

       [[ 0.        , -0.01067703, -0.02167612, ..., -0.99999725,
         -0.94733385, -0.81190956],
        [ 0.01067703,  0.        , -0.01100037, ..., -0.99996527,
         -0.94386056, -0.80563021],
        [ 0.02167612,  0.01100037,  0.        , ..., -0.99981309,
         -0.94016954, -0.79906464],
        ...,
        [ 0.99999725,  0.99996527,  0.99981309, ...,  0.        ,
          0.32246669,  0.58568418],
        [ 0.94733385,  0.94386056,  0.94016954, ..., -0.32246669,
          0.        ,  0.29302547],
        [ 0.81190956,  0.80563021,  0.79906464, ..., -0.58568418,
         -0.29302547,  0.        ]]]), 'num': array([9.79512613e-01, 2.00575788e-01, 3.76297983e-05, 1.00290356e-08,
       2.96399096e-04, 2.99978795e-04, 2.69193382e-04, 1.79878311e-02,
       1.71825563e-05, 2.79789292e-04, 3.26719148e-04, 4.06355524e-04,
       5.55569320e-07, 4.18945179e-04, 2.34493118e-04])}
{'img': array([[[ 0.        ,  0.        ,  0.01804368, ..., -0.99064485,
         -0.87500762, -0.74076   ],
        [ 0.        ,  0.        ,  0.01804368, ..., -0.99064485,
         -0.87500762, -0.74076   ],
        [-0.01804368, -0.01804368,  0.        , ..., -0.99294591,
         -0.88360028, -0.7527606 ],
        ...,
        [ 0.99064485,  0.99064485,  0.99294591, ...,  0.        ,
          0.36017202,  0.56439721],
        [ 0.87500762,  0.87500762,  0.88360028, ..., -0.36017202,
          0.        ,  0.22919499],
        [ 0.74076   ,  0.74076   ,  0.7527606 , ..., -0.56439721,
         -0.22919499,  0.        ]],

       [[ 0.        , -0.0265625 ,  0.10586181, ..., -0.02337087,
         -0.09408863,  0.20845706],
        [ 0.0265625 ,  0.        ,  0.13223771, ...,  0.00319263,
         -0.06761076,  0.23436248],
        [-0.10586181, -0.13223771,  0.        , ..., -0.12907244,
         -0.19895212,  0.10374952],
        ...,
        [ 0.02337087, -0.00319263,  0.12907244, ...,  0.        ,
         -0.07079574,  0.23125757],
        [ 0.09408863,  0.06761076,  0.19895212, ...,  0.07079574,
          0.        ,  0.29955396],
        [-0.20845706, -0.23436248, -0.10374952, ..., -0.23125757,
         -0.29955396,  0.        ]],

       [[ 0.        ,  0.04076182,  0.07541885, ..., -0.8634334 ,
         -0.97747464, -0.9300776 ],
        [-0.04076182,  0.        ,  0.03471044, ..., -0.88327862,
         -0.98526516, -0.94427899],
        [-0.07541885, -0.03471044,  0.        , ..., -0.8990203 ,
         -0.99060811, -0.95513479],
        ...,
        [ 0.8634334 ,  0.88327862,  0.8990203 , ...,  0.        ,
         -0.31086953, -0.15199599],
        [ 0.97747464,  0.98526516,  0.99060811, ...,  0.31086953,
          0.        ,  0.16279258],
        [ 0.9300776 ,  0.94427899,  0.95513479, ...,  0.15199599,
         -0.16279258,  0.        ]],

       ...,

       [[ 0.        ,  0.22194401,  0.36634379, ..., -0.98849158,
         -0.94994034, -0.85282768],
        [-0.22194401,  0.        ,  0.15069259, ..., -0.9974128 ,
         -0.99559054, -0.94745514],
        [-0.36634379, -0.15069259,  0.        , ..., -0.97519021,
         -0.99835736, -0.98484069],
        ...,
        [ 0.98849158,  0.9974128 ,  0.97519021, ...,  0.        ,
          0.16513268,  0.38717055],
        [ 0.94994034,  0.99559054,  0.99835736, ..., -0.16513268,
          0.        ,  0.22960155],
        [ 0.85282768,  0.94745514,  0.98484069, ..., -0.38717055,
         -0.22960155,  0.        ]],

       [[ 0.        ,  0.3330883 ,  0.42927038, ...,  0.99241156,
          0.87845669,  0.21990609],
        [-0.3330883 ,  0.        ,  0.10391981, ...,  0.8947838 ,
          0.66913607, -0.11758616],
        [-0.42927038, -0.10391981,  0.        , ...,  0.843539  ,
          0.5882862 , -0.22014839],
        ...,
        [-0.99241156, -0.8947838 , -0.843539  , ...,  0.        ,
         -0.36618052, -0.94107859],
        [-0.87845669, -0.66913607, -0.5882862 , ...,  0.36618052,
          0.        , -0.75187703],
        [-0.21990609,  0.11758616,  0.22014839, ...,  0.94107859,
          0.75187703,  0.        ]],

       [[ 0.        , -0.01100037,  0.03987857, ..., -0.94386056,
         -0.80563021, -0.48439925],
        [ 0.01100037,  0.        ,  0.05086777, ..., -0.94016954,
         -0.79906464, -0.4747463 ],
        [-0.03987857, -0.05086777,  0.        , ..., -0.9562834 ,
         -0.82861417, -0.51890157],
        ...,
        [ 0.94386056,  0.94016954,  0.9562834 , ...,  0.        ,
          0.29302547,  0.66571518],
        [ 0.80563021,  0.79906464,  0.82861417, ..., -0.29302547,
          0.        ,  0.41783603],
        [ 0.48439925,  0.4747463 ,  0.51890157, ..., -0.66571518,
         -0.41783603,  0.        ]]]), 'num': array([9.97524359e-01, 6.95898908e-02, 4.41873556e-05, 8.00734726e-08,
       3.02160361e-04, 3.07196367e-04, 2.94966067e-04, 1.00776092e-02,
       4.31657658e-06, 2.85901256e-04, 3.20901498e-04, 4.06561562e-04,
       6.30648778e-07, 3.95242581e-04, 2.46560414e-04])}
{'img': array([[[ 0.        ,  0.01804368,  0.02704875, ..., -0.87500762,
         -0.74076   , -0.70906329],
        [-0.01804368,  0.        ,  0.00900727, ..., -0.88360028,
         -0.7527606 , -0.72167126],
        [-0.02704875, -0.00900727,  0.        , ..., -0.88778202,
         -0.7586595 , -0.72787715],
        ...,
        [ 0.87500762,  0.88360028,  0.88778202, ...,  0.        ,
          0.22919499,  0.27374309],
        [ 0.74076   ,  0.7527606 ,  0.7586595 , ..., -0.22919499,
          0.        ,  0.0460158 ],
        [ 0.70906329,  0.72167126,  0.72787715, ..., -0.27374309,
         -0.0460158 ,  0.        ]],

       [[ 0.        ,  0.13223771, -0.03137885, ..., -0.06761076,
          0.23436248,  0.03336237],
        [-0.13223771,  0.        , -0.16327587, ..., -0.19895212,
          0.10374952, -0.09909471],
        [ 0.03137885,  0.16327587,  0.        , ..., -0.03627041,
          0.264752  ,  0.06470733],
        ...,
        [ 0.06761076,  0.19895212,  0.03627041, ...,  0.        ,
          0.29955396,  0.10085916],
        [-0.23436248, -0.10374952, -0.264752  , ..., -0.29955396,
          0.        , -0.20179881],
        [-0.03336237,  0.09909471, -0.06470733, ..., -0.10085916,
          0.20179881,  0.        ]],

       [[ 0.        ,  0.03471044,  0.03182585, ..., -0.98526516,
         -0.94427899, -0.8905317 ],
        [-0.03471044,  0.        , -0.00288618, ..., -0.99060811,
         -0.95513479, -0.90578559],
        [-0.03182585,  0.00288618,  0.        , ..., -0.99020935,
         -0.95427601, -0.90455884],
        ...,
        [ 0.98526516,  0.99060811,  0.99020935, ...,  0.        ,
          0.16279258,  0.29590695],
        [ 0.94427899,  0.95513479,  0.95427601, ..., -0.16279258,
          0.        ,  0.13645744],
        [ 0.8905317 ,  0.90578559,  0.90455884, ..., -0.29590695,
         -0.13645744,  0.        ]],

       ...,

       [[ 0.        ,  0.15069259,  0.06395037, ..., -0.99559054,
         -0.94745514, -0.90329571],
        [-0.15069259,  0.        , -0.08716404, ..., -0.99835736,
         -0.98484069, -0.95763058],
        [-0.06395037,  0.08716404,  0.        , ..., -0.99955154,
         -0.96597277, -0.92888262],
        ...,
        [ 0.99559054,  0.99835736,  0.99955154, ...,  0.        ,
          0.22960155,  0.34239258],
        [ 0.94745514,  0.98484069,  0.96597277, ..., -0.22960155,
          0.        ,  0.11752172],
        [ 0.90329571,  0.95763058,  0.92888262, ..., -0.34239258,
         -0.11752172,  0.        ]],

       [[ 0.        ,  0.05690946,  0.1182145 , ...,  0.51171768,
         -0.0500225 , -0.61899806],
        [-0.05690946,  0.        ,  0.0615125 , ...,  0.4619944 ,
         -0.10677964, -0.66269114],
        [-0.1182145 , -0.0615125 ,  0.        , ...,  0.40656515,
         -0.16773825, -0.70750248],
        ...,
        [-0.51171768, -0.4619944 , -0.40656515, ...,  0.        ,
         -0.55405408, -0.93371369],
        [ 0.0500225 ,  0.10677964,  0.16773825, ...,  0.55405408,
          0.        , -0.57893583],
        [ 0.61899806,  0.66269114,  0.70750248, ...,  0.93371369,
          0.57893583,  0.        ]],

       [[ 0.        ,  0.05086777,  0.07473472, ..., -0.79906464,
         -0.4747463 , -0.37497902],
        [-0.05086777,  0.        ,  0.02391245, ..., -0.82861417,
         -0.51890157, -0.42164969],
        [-0.07473472, -0.02391245,  0.        , ..., -0.84176391,
         -0.53919438, -0.44321195],
        ...,
        [ 0.79906464,  0.82861417,  0.84176391, ...,  0.        ,
          0.41783603,  0.51530523],
        [ 0.4747463 ,  0.51890157,  0.53919438, ..., -0.41783603,
          0.        ,  0.11007809],
        [ 0.37497902,  0.42164969,  0.44321195, ..., -0.51530523,
         -0.11007809,  0.        ]]]), 'num': array([ 7.45064638e-01,  6.66959064e-01,  3.90527870e-06,  7.40231181e-08,
        2.16358931e-04,  2.29340467e-04,  2.15277136e-04,  6.62083210e-03,
       -1.08179465e-05,  2.16250751e-04,  2.36372132e-04,  3.04155582e-04,
        4.05116517e-07,  2.82051544e-04,  1.90692720e-04])}
{'img': array([[[ 0.        ,  0.00900727, -0.108855  , ..., -0.7527606 ,
         -0.72167126, -0.8273881 ],
        [-0.00900727,  0.        , -0.11780433, ..., -0.7586595 ,
         -0.72787715, -0.8324133 ],
        [ 0.108855  ,  0.11780433,  0.        , ..., -0.67662879,
         -0.64202949, -0.76133516],
        ...,
        [ 0.7527606 ,  0.7586595 ,  0.67662879, ...,  0.        ,
          0.0460158 , -0.12189155],
        [ 0.72167126,  0.72787715,  0.64202949, ..., -0.0460158 ,
          0.        , -0.16743511],
        [ 0.8273881 ,  0.8324133 ,  0.76133516, ...,  0.12189155,
          0.16743511,  0.        ]],

       [[ 0.        , -0.16327587,  0.30533588, ...,  0.10374952,
         -0.09909471, -0.14013884],
        [ 0.16327587,  0.        ,  0.456717  , ...,  0.264752  ,
          0.06470733,  0.02340641],
        [-0.30533588, -0.456717  ,  0.        , ..., -0.20489319,
         -0.39819543, -0.43576925],
        ...,
        [-0.10374952, -0.264752  ,  0.20489319, ...,  0.        ,
         -0.20179881, -0.24210828],
        [ 0.09909471, -0.06470733,  0.39819543, ...,  0.20179881,
          0.        , -0.04133225],
        [ 0.14013884, -0.02340641,  0.43576925, ...,  0.24210828,
          0.04133225,  0.        ]],

       [[ 0.        , -0.00288618, -0.01540628, ..., -0.95513479,
         -0.90578559, -0.88971992],
        [ 0.00288618,  0.        , -0.01252038, ..., -0.95427601,
         -0.90455884, -0.88839866],
        [ 0.01540628,  0.01252038,  0.        , ..., -0.95045853,
         -0.89914989, -0.88258126],
        ...,
        [ 0.95513479,  0.95427601,  0.95045853, ...,  0.        ,
          0.13645744,  0.17251587],
        [ 0.90578559,  0.90455884,  0.89914989, ..., -0.13645744,
          0.        ,  0.03649065],
        [ 0.88971992,  0.88839866,  0.88258126, ..., -0.17251587,
         -0.03649065,  0.        ]],

       ...,

       [[ 0.        , -0.08716404, -0.58091777, ..., -0.98484069,
         -0.95763058, -0.98991909],
        [ 0.08716404,  0.        , -0.50775855, ..., -0.96597277,
         -0.92888262, -0.97380603],
        [ 0.58091777,  0.50775855,  0.        , ..., -0.7008564 ,
         -0.61217116, -0.72347904],
        ...,
        [ 0.98484069,  0.96597277,  0.7008564 , ...,  0.        ,
          0.11752172, -0.03222566],
        [ 0.95763058,  0.92888262,  0.61217116, ..., -0.11752172,
          0.        , -0.14946304],
        [ 0.98991909,  0.97380603,  0.72347904, ...,  0.03222566,
          0.14946304,  0.        ]],

       [[ 0.        ,  0.04972981,  0.06876502, ..., -0.08275603,
         -0.35508902, -0.77550289],
        [-0.04972981,  0.        ,  0.01906784, ..., -0.13221287,
         -0.40113871, -0.80593999],
        [-0.06876502, -0.01906784,  0.        , ..., -0.15108928,
         -0.41853225, -0.81708157],
        ...,
        [ 0.08275603,  0.13221287,  0.15108928, ...,  0.        ,
         -0.27650798, -0.72059527],
        [ 0.35508902,  0.40113871,  0.41853225, ...,  0.27650798,
          0.        , -0.50078197],
        [ 0.77550289,  0.80593999,  0.81708157, ...,  0.72059527,
          0.50078197,  0.        ]],

       [[ 0.        ,  0.02391245,  0.06015908, ..., -0.51890157,
         -0.42164969, -0.35830386],
        [-0.02391245,  0.        ,  0.03627273, ..., -0.53919438,
         -0.44321195, -0.3805262 ],
        [-0.06015908, -0.03627273,  0.        , ..., -0.56938777,
         -0.47543577, -0.41381972],
        ...,
        [ 0.51890157,  0.53919438,  0.56938777, ...,  0.        ,
          0.11007809,  0.17815879],
        [ 0.42164969,  0.44321195,  0.47543577, ..., -0.11007809,
          0.        ,  0.06875908],
        [ 0.35830386,  0.3805262 ,  0.41381972, ..., -0.17815879,
         -0.06875908,  0.        ]]]), 'num': array([9.99982740e-01, 6.19613994e-05, 4.99960389e-05, 9.10763883e-08,
       2.90421370e-04, 2.96955851e-04, 2.84612943e-04, 5.80610404e-03,
       0.00000000e+00, 2.93906427e-04, 3.12202973e-04, 4.06190589e-04,
       5.95232989e-07, 3.63992522e-04, 2.60413424e-04])}
{'img': array([[[ 0.        , -0.11780433, -0.13149827, ..., -0.72787715,
         -0.8324133 , -0.8324133 ],
        [ 0.11780433,  0.        , -0.01380126, ..., -0.64202949,
         -0.76133516, -0.76133516],
        [ 0.13149827,  0.01380126,  0.        , ..., -0.63138719,
         -0.75231449, -0.75231449],
        ...,
        [ 0.72787715,  0.64202949,  0.63138719, ...,  0.        ,
         -0.16743511, -0.16743511],
        [ 0.8324133 ,  0.76133516,  0.75231449, ...,  0.16743511,
          0.        ,  0.        ],
        [ 0.8324133 ,  0.76133516,  0.75231449, ...,  0.16743511,
          0.        ,  0.        ]],

       [[ 0.        ,  0.456717  , -0.03694318, ...,  0.06470733,
          0.02340641, -0.10051039],
        [-0.456717  ,  0.        , -0.48927032, ..., -0.39819543,
         -0.43576925, -0.54381944],
        [ 0.03694318,  0.48927032,  0.        , ...,  0.10152891,
          0.06032348, -0.06368568],
        ...,
        [-0.06470733,  0.39819543, -0.10152891, ...,  0.        ,
         -0.04133225, -0.1646794 ],
        [-0.02340641,  0.43576925, -0.06032348, ...,  0.04133225,
          0.        , -0.12377073],
        [ 0.10051039,  0.54381944,  0.06368568, ...,  0.1646794 ,
          0.12377073,  0.        ]],

       [[ 0.        , -0.01252038, -0.03472623, ..., -0.90455884,
         -0.88839866, -0.85623438],
        [ 0.01252038,  0.        , -0.02221069, ..., -0.89914989,
         -0.88258126, -0.8496994 ],
        [ 0.03472623,  0.02221069,  0.        , ..., -0.88920778,
         -0.87192096, -0.83777881],
        ...,
        [ 0.90455884,  0.89914989,  0.88920778, ...,  0.        ,
          0.03649065,  0.10222932],
        [ 0.88839866,  0.88258126,  0.87192096, ..., -0.03649065,
          0.        ,  0.06586177],
        [ 0.85623438,  0.8496994 ,  0.83777881, ..., -0.10222932,
         -0.06586177,  0.        ]],

       ...,

       [[ 0.        , -0.50775855, -0.55028804, ..., -0.92888262,
         -0.97380603, -0.95132395],
        [ 0.50775855,  0.        , -0.05010719, ..., -0.61217116,
         -0.72347904, -0.66307755],
        [ 0.55028804,  0.05010719,  0.        , ..., -0.57178116,
         -0.68797892, -0.62473684],
        ...,
        [ 0.92888262,  0.61217116,  0.57178116, ...,  0.        ,
         -0.14946304, -0.06607102],
        [ 0.97380603,  0.72347904,  0.68797892, ...,  0.14946304,
          0.        ,  0.08380758],
        [ 0.95132395,  0.66307755,  0.62473684, ...,  0.06607102,
         -0.08380758,  0.        ]],

       [[ 0.        ,  0.01717249,  0.02775594, ..., -0.34164752,
         -0.55848053, -0.85509151],
        [-0.01717249,  0.        ,  0.01058597, ..., -0.35773633,
         -0.57264306, -0.86386896],
        [-0.02775594, -0.01058597,  0.        , ..., -0.36760171,
         -0.58128941, -0.86915288],
        ...,
        [ 0.34164752,  0.35773633,  0.36760171, ...,  0.        ,
         -0.24147309, -0.62650266],
        [ 0.55848053,  0.57264306,  0.58128941, ...,  0.24147309,
          0.        , -0.4197541 ],
        [ 0.85509151,  0.86386896,  0.86915288, ...,  0.62650266,
          0.4197541 ,  0.        ]],

       [[ 0.        ,  0.03627273,  0.07940936, ..., -0.44321195,
         -0.3805262 , -0.34130602],
        [-0.03627273,  0.        ,  0.04319892, ..., -0.47543577,
         -0.41381972, -0.37517605],
        [-0.07940936, -0.04319892,  0.        , ..., -0.51299621,
         -0.45275994, -0.41486921],
        ...,
        [ 0.44321195,  0.47543577,  0.51299621, ...,  0.        ,
          0.06875908,  0.11064559],
        [ 0.3805262 ,  0.41381972,  0.45275994, ..., -0.06875908,
          0.        ,  0.04204683],
        [ 0.34130602,  0.37517605,  0.41486921, ..., -0.11064559,
         -0.04204683,  0.        ]]]), 'num': array([ 7.07102907e-01,  7.07102907e-01,  0.00000000e+00,  6.27128374e-08,
        2.02099337e-04,  2.06727566e-04,  2.00556594e-04,  3.25026130e-03,
       -3.59973373e-06,  2.08476008e-04,  2.18195289e-04,  2.86144549e-04,
        3.83348268e-07,  2.50905807e-04,  1.85484771e-04])}
{'img': array([[[ 0.        , -0.01380126,  0.09090082, ..., -0.76133516,
         -0.76133516, -0.80684609],
        [ 0.01380126,  0.        ,  0.10463628, ..., -0.75231449,
         -0.75231449, -0.79861599],
        [-0.09090082, -0.10463628,  0.        , ..., -0.81711952,
         -0.81711952, -0.85720643],
        ...,
        [ 0.76133516,  0.75231449,  0.81711952, ...,  0.        ,
          0.        , -0.07335788],
        [ 0.76133516,  0.75231449,  0.81711952, ...,  0.        ,
          0.        , -0.07335788],
