state_0,state_1,state_2,state_3,state_4,state_5,state_6,state_7,state_8,state_9,state_10,state_11,state_12,state_13,state_14,state_15,state_16,state_17,state_18,state_19,state_20,state_21,state_22,state_23,state_24,state_25,state_26,state_27,state_28,state_29,state_30,state_31,state_32,state_33,state_34,state_35,state_36,state_37,state_38,state_39,state_40,state_41,state_42,state_43,state_44,state_45,state_46,state_47,state_48,state_49,state_50,state_51,state_52,state_53,state_54,state_55,state_56,state_57,state_58,state_59,state_60,state_61,state_62,state_63,state_64,state_65,state_66,state_67,state_68,state_69,state_70,state_71,state_72,state_73,state_74,state_75,state_76,state_77,state_78,state_79,state_80,state_81,state_82,state_83,state_84,state_85,state_86,state_87,state_88,state_89,state_90,state_91,state_92,state_93,state_94,state_95,state_96,state_97,state_98,state_99,state_100,state_101,state_102,state_103,state_104,state_105,state_106,state_107,state_108,state_109,state_110,state_111,state_112,state_113,state_114,state_115,state_116,state_117,state_118,state_119,state_120,state_121,state_122,state_123,state_124,state_125,state_126,state_127,state_128,state_129,state_130,state_131,state_132,state_133,state_134,state_135,state_136,state_137,state_138,state_139,state_140,state_141,state_142,state_143,state_144,state_145,state_146,state_147,state_148,state_149,state_150,state_151,state_152,state_153,state_154,state_155,state_156,state_157,state_158,state_159,state_160,state_161,state_162,state_163,state_164,state_165,state_166,state_167,state_168,state_169,state_170,state_171,state_172,state_173,state_174,state_175,state_176,state_177,state_178,state_179,state_180,state_181,state_182,state_183,state_184,state_185,state_186,state_187,state_188,state_189,state_190,state_191,state_192,state_193,state_194,state_195,state_196,state_197,state_198,state_199,state_200,state_201,state_202,state_203,state_204,state_205,state_206,state_207,state_208,state_209,state_210,state_211,state_212,state_213,state_214,state_215,state_216,state_217,state_218,state_219,state_220,state_221,state_222,state_223,state_224,state_225,state_226,state_227,state_228,state_229,state_230,state_231,state_232,state_233,state_234,state_235,state_236,state_237,state_238,state_239,state_240,state_241,state_242,state_243,state_244,state_245,state_246,state_247,state_248,state_249,state_250,state_251,state_252,state_253,state_254,state_255,state_256,state_257,state_258,state_259,state_260,state_261,state_262,state_263,state_264,state_265,state_266,state_267,state_268,state_269,state_270,state_271,state_272,state_273,state_274,state_275,state_276,state_277,state_278,state_279,state_280,state_281,state_282,state_283,state_284,state_285,state_286,state_287
{'img': array([[[ 0.        ,  0.06213306,  0.094589  , ..., -0.3855449 ,
         -0.40746647, -0.65909091],
        [-0.06213306,  0.        ,  0.03255176, ..., -0.44212948,
         -0.46342035, -0.70454545],
        [-0.094589  , -0.03255176,  0.        , ..., -0.47109251,
         -0.49202013, -0.72727273],
        ...,
        [ 0.3855449 ,  0.44212948,  0.47109251, ...,  0.        ,
         -0.02387748, -0.31818182],
        [ 0.40746647,  0.46342035,  0.49202013, ...,  0.02387748,
          0.        , -0.29545455],
        [ 0.65909091,  0.70454545,  0.72727273, ...,  0.31818182,
          0.29545455,  0.        ]],

       [[ 0.        , -0.59343956, -0.65891147, ..., -0.90123586,
         -0.45726746, -0.49087154],
        [ 0.59343956,  0.        , -0.08394631, ..., -0.46823092,
          0.15971837,  0.12193153],
        [ 0.65891147,  0.08394631,  0.        , ..., -0.39240272,
          0.24202327,  0.20482109],
        ...,
        [ 0.90123586,  0.46823092,  0.39240272, ...,  0.        ,
          0.60334819,  0.57247667],
        [ 0.45726746, -0.15971837, -0.24202327, ..., -0.60334819,
          0.        , -0.03816038],
        [ 0.49087154, -0.12193153, -0.20482109, ..., -0.57247667,
          0.03816038,  0.        ]],

       [[ 0.        , -0.44282806, -0.48603411, ..., -0.91668382,
         -0.91877505, -0.92881763],
        [ 0.44282806,  0.        , -0.04877629, ..., -0.64494475,
         -0.64895941, -0.6686997 ],
        [ 0.48603411,  0.04877629,  0.        , ..., -0.60690083,
         -0.61107685, -0.63163701],
        ...,
        [ 0.91668382,  0.64494475,  0.60690083, ...,  0.        ,
         -0.00526491, -0.0315024 ],
        [ 0.91877505,  0.64895941,  0.61107685, ...,  0.00526491,
          0.        , -0.02623966],
        [ 0.92881763,  0.6686997 ,  0.63163701, ...,  0.0315024 ,
          0.02623966,  0.        ]],

       ...,

       [[ 0.        , -0.29583583, -0.231335  , ...,  0.22739895,
          0.44797806,  0.10905346],
        [ 0.29583583,  0.        ,  0.06683087, ...,  0.50530573,
          0.69241644,  0.39824353],
        [ 0.231335  , -0.06683087,  0.        , ...,  0.44650497,
          0.64265007,  0.33605059],
        ...,
        [-0.22739895, -0.50530573, -0.44650497, ...,  0.        ,
          0.23293699, -0.11984627],
        [-0.44797806, -0.69241644, -0.64265007, ..., -0.23293699,
          0.        , -0.34780761],
        [-0.10905346, -0.39824353, -0.33605059, ...,  0.11984627,
          0.34780761,  0.        ]],

       [[ 0.        ,  0.09012034,  0.18695343, ..., -0.999958  ,
         -0.96171794, -0.96073636],
        [-0.09012034,  0.        ,  0.09766129, ..., -0.99506313,
         -0.93310792, -0.93182197],
        [-0.18695343, -0.09766129,  0.        , ..., -0.98061415,
         -0.89352874, -0.89192478],
        ...,
        [ 0.999958  ,  0.99506313,  0.98061415, ...,  0.        ,
         -0.26521585, -0.26864633],
        [ 0.96171794,  0.93310792,  0.89352874, ...,  0.26521585,
          0.        , -0.00355964],
        [ 0.96073636,  0.93182197,  0.89192478, ...,  0.26864633,
          0.00355964,  0.        ]],

       [[ 0.        , -0.39539517, -0.52681098, ..., -0.99371471,
         -0.95461383, -0.95276577],
        [ 0.39539517,  0.        , -0.14780278, ..., -0.95699943,
         -0.75905642, -0.75504202],
        [ 0.52681098,  0.14780278,  0.        , ..., -0.90361249,
         -0.65449631, -0.64983849],
        ...,
        [ 0.99371471,  0.95699943,  0.90361249, ...,  0.        ,
          0.40283589,  0.40845196],
        [ 0.95461383,  0.75905642,  0.65449631, ..., -0.40283589,
          0.        ,  0.00614426],
        [ 0.95276577,  0.75504202,  0.64983849, ..., -0.40845196,
         -0.00614426,  0.        ]]]), 'num': array([ 7.07097149e-01,  7.07097149e-01,  0.00000000e+00,  0.00000000e+00,
        1.75360093e-03,  1.79804704e-03,  1.74956038e-03,  1.01762189e-03,
       -4.44461065e-05,  1.82067415e-03,  1.84289720e-03,  1.82316582e-03,
        2.78059709e-07,  1.90738932e-03,  1.77840508e-03])}
{'img': array([[[ 0.        ,  0.03255176,  0.13753748, ..., -0.46342035,
         -0.70454545, -0.85958792],
        [-0.03255176,  0.        ,  0.10522219, ..., -0.49202013,
         -0.72727273, -0.87576594],
        [-0.13753748, -0.10522219,  0.        , ..., -0.58089354,
         -0.79545455, -0.92169887],
        ...,
        [ 0.46342035,  0.49202013,  0.58089354, ...,  0.        ,
         -0.29545455, -0.52491183],
        [ 0.70454545,  0.72727273,  0.79545455, ...,  0.29545455,
          0.        , -0.25      ],
        [ 0.85958792,  0.87576594,  0.92169887, ...,  0.52491183,
          0.25      ,  0.        ]],

       [[ 0.        , -0.08394631,  0.19290109, ...,  0.15971837,
          0.12193153,  0.13747754],
        [ 0.08394631,  0.        ,  0.27458986, ...,  0.24202327,
          0.20482109,  0.22014152],
        [-0.19290109, -0.27458986,  0.        , ..., -0.03370618,
         -0.07182033, -0.05617401],
        ...,
        [-0.15971837, -0.24202327,  0.03370618, ...,  0.        ,
         -0.03816038, -0.02248913],
        [-0.12193153, -0.20482109,  0.07182033, ...,  0.03816038,
          0.        ,  0.01567798],
        [-0.13747754, -0.22014152,  0.05617401, ...,  0.02248913,
         -0.01567798,  0.        ]],

       [[ 0.        , -0.04877629, -0.07975258, ..., -0.64895941,
         -0.6686997 , -0.72821169],
        [ 0.04877629,  0.        , -0.03103673, ..., -0.61107685,
         -0.63163701, -0.69391598],
        [ 0.07975258,  0.03103673,  0.        , ..., -0.58621467,
         -0.60727104, -0.6712335 ],
        ...,
        [ 0.64895941,  0.61107685,  0.58621467, ...,  0.        ,
         -0.02623966, -0.10927442],
        [ 0.6686997 ,  0.63163701,  0.60727104, ...,  0.02623966,
          0.        , -0.08315427],
        [ 0.72821169,  0.69391598,  0.6712335 , ...,  0.10927442,
          0.08315427,  0.        ]],

       ...,

       [[ 0.        ,  0.06683087,  0.1728004 , ...,  0.69241644,
          0.39824353,  0.0014092 ],
        [-0.06683087,  0.        ,  0.10658855, ...,  0.64265007,
          0.33605059, -0.06542475],
        [-0.1728004 , -0.10658855,  0.        , ...,  0.55732517,
          0.2337464 , -0.17141222],
        ...,
        [-0.69241644, -0.64265007, -0.55732517, ...,  0.        ,
         -0.34780761, -0.69139901],
        [-0.39824353, -0.33605059, -0.2337464 , ...,  0.34780761,
          0.        , -0.3969505 ],
        [-0.0014092 ,  0.06542475,  0.17141222, ...,  0.69139901,
          0.3969505 ,  0.        ]],

       [[ 0.        ,  0.09766129,  0.21253751, ..., -0.93310792,
         -0.93182197, -0.95049014],
        [-0.09766129,  0.        ,  0.11609151, ..., -0.89352874,
         -0.89192478, -0.91559781],
        [-0.21253751, -0.11609151,  0.        , ..., -0.83536138,
         -0.83339935, -0.86272717],
        ...,
        [ 0.93310792,  0.89352874,  0.83536138, ...,  0.        ,
         -0.00355964,  0.0518252 ],
        [ 0.93182197,  0.89192478,  0.83339935, ...,  0.00355964,
          0.        ,  0.05537972],
        [ 0.95049014,  0.91559781,  0.86272717, ..., -0.0518252 ,
         -0.05537972,  0.        ]],

       [[ 0.        , -0.37118085, -0.48717935, ..., -0.93563372,
         -0.93330636, -0.96216392],
        [ 0.37118085,  0.        , -0.12822259, ..., -0.737776  ,
         -0.73334748, -0.79229138],
        [ 0.48717935,  0.12822259,  0.        , ..., -0.64512987,
         -0.64012136, -0.70751723],
        ...,
        [ 0.93563372,  0.737776  ,  0.64512987, ...,  0.        ,
          0.00653697, -0.08468401],
        [ 0.93330636,  0.73334748,  0.64012136, ..., -0.00653697,
          0.        , -0.09119569],
        [ 0.96216392,  0.79229138,  0.70751723, ...,  0.08468401,
          0.09119569,  0.        ]]]), 'num': array([ 8.93876778e-01,  4.48265547e-01,  2.05350797e-06, -7.22974918e-11,
        2.21697129e-03,  2.23229598e-03,  2.16588901e-03,  9.88493353e-04,
        0.00000000e+00,  2.27827004e-03,  2.32628739e-03,  2.30134221e-03,
        3.75777750e-07,  2.42011208e-03,  2.23246270e-03])}
{'img': array([[[ 0.        ,  0.10522219,  0.22612629, ..., -0.72727273,
         -0.87576594, -0.87576594],
        [-0.10522219,  0.        ,  0.12237428, ..., -0.79545455,
         -0.92169887, -0.92169887],
        [-0.22612629, -0.12237428,  0.        , ..., -0.86363636,
         -0.96224114, -0.96224114],
        ...,
        [ 0.72727273,  0.79545455,  0.86363636, ...,  0.        ,
         -0.25      , -0.25      ],
        [ 0.87576594,  0.92169887,  0.96224114, ...,  0.25      ,
          0.        ,  0.        ],
        [ 0.87576594,  0.92169887,  0.96224114, ...,  0.25      ,
          0.        ,  0.        ]],

       [[ 0.        ,  0.27458986,  0.08392386, ...,  0.20482109,
          0.22014152,  0.00921433],
        [-0.27458986,  0.        , -0.1929232 , ..., -0.07182033,
         -0.05617401, -0.26571806],
        [-0.08392386,  0.1929232 ,  0.        , ...,  0.12195389,
          0.13749986, -0.07473848],
        ...,
        [-0.20482109,  0.07182033, -0.12195389, ...,  0.        ,
          0.01567798, -0.19579342],
        [-0.22014152,  0.05617401, -0.13749986, ..., -0.01567798,
          0.        , -0.21114389],
        [-0.00921433,  0.26571806,  0.07473848, ...,  0.19579342,
          0.21114389,  0.        ]],

       [[ 0.        , -0.03103673,  0.06570112, ..., -0.63163701,
         -0.69391598, -0.77429896],
        [ 0.03103673,  0.        ,  0.09663914, ..., -0.60727104,
         -0.6712335 , -0.75428527],
        [-0.06570112, -0.09663914,  0.        , ..., -0.68120799,
         -0.73972515, -0.81420295],
        ...,
        [ 0.63163701,  0.60727104,  0.68120799, ...,  0.        ,
         -0.08315427, -0.20057381],
        [ 0.69391598,  0.6712335 ,  0.73972515, ...,  0.08315427,
          0.        , -0.1184147 ],
        [ 0.77429896,  0.75428527,  0.81420295, ...,  0.20057381,
          0.1184147 ,  0.        ]],

       ...,

       [[ 0.        ,  0.10658855, -0.41277516, ...,  0.33605059,
         -0.06542475,  0.03133862],
        [-0.10658855,  0.        , -0.50750803, ...,  0.2337464 ,
         -0.17141222, -0.07537611],
        [ 0.41277516,  0.50750803,  0.        , ...,  0.69485573,
          0.35229978,  0.44111666],
        ...,
        [-0.33605059, -0.2337464 , -0.69485573, ...,  0.        ,
         -0.3969505 , -0.30636944],
        [ 0.06542475,  0.17141222, -0.35229978, ...,  0.3969505 ,
          0.        ,  0.09666409],
        [-0.03133862,  0.07537611, -0.44111666, ...,  0.30636944,
         -0.09666409,  0.        ]],

       [[ 0.        ,  0.11609151, -0.01016118, ..., -0.89192478,
         -0.91559781, -0.93234651],
        [-0.11609151,  0.        , -0.12617799, ..., -0.83339935,
         -0.86272717, -0.88406772],
        [ 0.01016118,  0.12617799,  0.        , ..., -0.89647345,
         -0.91963631, -0.93597231],
        ...,
        [ 0.89192478,  0.83339935,  0.89647345, ...,  0.        ,
          0.05537972,  0.09910229],
        [ 0.91559781,  0.86272717,  0.91963631, ..., -0.05537972,
          0.        ,  0.0438431 ],
        [ 0.93234651,  0.88406772,  0.93597231, ..., -0.09910229,
         -0.0438431 ,  0.        ]],

       [[ 0.        , -0.33365738, -0.45124569, ..., -0.91234362,
         -0.9475501 , -0.97202187],
        [ 0.33365738,  0.        , -0.12763102, ..., -0.72345344,
         -0.78661086, -0.83794667],
        [ 0.45124569,  0.12763102,  0.        , ..., -0.6294238 ,
         -0.70137208, -0.7614388 ],
        ...,
        [ 0.91234362,  0.72345344,  0.6294238 , ...,  0.        ,
         -0.09635939, -0.18366965],
        [ 0.9475501 ,  0.78661086,  0.70137208, ...,  0.09635939,
          0.        , -0.08809484],
        [ 0.97202187,  0.83794667,  0.7614388 , ...,  0.18366965,
          0.08809484,  0.        ]]]), 'num': array([ 9.78342088e-01,  2.06874141e-01,  3.50667249e-06, -1.23465213e-10,
        2.43365283e-03,  2.44471489e-03,  2.37281151e-03,  1.08789813e-03,
        3.31861749e-05,  2.44582109e-03,  2.51247000e-03,  2.48841002e-03,
        3.73177871e-07,  2.61856632e-03,  2.40637367e-03])}
{'img': array([[[ 0.        ,  0.12237428,  0.12237428, ..., -0.92169887,
         -0.92169887, -0.85916706],
        [-0.12237428,  0.        ,  0.        , ..., -0.96224114,
         -0.96224114, -0.91532791],
        [-0.12237428,  0.        ,  0.        , ..., -0.96224114,
         -0.96224114, -0.91532791],
        ...,
        [ 0.92169887,  0.96224114,  0.96224114, ...,  0.        ,
          0.        ,  0.13835267],
        [ 0.92169887,  0.96224114,  0.96224114, ...,  0.        ,
          0.        ,  0.13835267],
        [ 0.85916706,  0.91532791,  0.91532791, ..., -0.13835267,
         -0.13835267,  0.        ]],

       [[ 0.        , -0.1929232 , -0.12164755, ..., -0.05617401,
         -0.26571806, -0.25329314],
        [ 0.1929232 ,  0.        ,  0.07212817, ...,  0.13749986,
         -0.07473848, -0.06190285],
        [ 0.12164755, -0.07212817,  0.        , ...,  0.06569864,
         -0.14647025, -0.13373145],
        ...,
        [ 0.05617401, -0.13749986, -0.06569864, ...,  0.        ,
         -0.21114389, -0.19855104],
        [ 0.26571806,  0.07473848,  0.14647025, ...,  0.21114389,
          0.        ,  0.01286543],
        [ 0.25329314,  0.06190285,  0.13373145, ...,  0.19855104,
         -0.01286543,  0.        ]],

       [[ 0.        ,  0.09663914,  0.17750587, ..., -0.6712335 ,
         -0.75428527, -0.81505138],
        [-0.09663914,  0.        ,  0.08157056, ..., -0.73972515,
         -0.81420295, -0.86722814],
        [-0.17750587, -0.08157056,  0.        , ..., -0.79214965,
         -0.85884794, -0.90495304],
        ...,
        [ 0.6712335 ,  0.73972515,  0.79214965, ...,  0.        ,
         -0.1184147 , -0.21524845],
        [ 0.75428527,  0.81420295,  0.85884794, ...,  0.1184147 ,
          0.        , -0.09809503],
        [ 0.81505138,  0.86722814,  0.90495304, ...,  0.21524845,
          0.09809503,  0.        ]],

       ...,

       [[ 0.        , -0.50750803, -0.44133797, ..., -0.17141222,
         -0.07537611, -0.19940477],
        [ 0.50750803,  0.        ,  0.07513019, ...,  0.35229978,
          0.44111666,  0.32549933],
        [ 0.44133797, -0.07513019,  0.        , ...,  0.2809907 ,
          0.37244437,  0.25354061],
        ...,
        [ 0.17141222, -0.35229978, -0.2809907 , ...,  0.        ,
          0.09666409, -0.02848367],
        [ 0.07537611, -0.44111666, -0.37244437, ..., -0.09666409,
          0.        , -0.12497515],
        [ 0.19940477, -0.32549933, -0.25354061, ...,  0.02848367,
          0.12497515,  0.        ]],

       [[ 0.        , -0.12617799, -0.12853209, ..., -0.86272717,
         -0.88406772, -0.88004587],
        [ 0.12617799,  0.        , -0.00237343, ..., -0.91963631,
         -0.93597231, -0.93293271],
        [ 0.12853209,  0.00237343,  0.        , ..., -0.92056593,
         -0.93680529, -0.93378464],
        ...,
        [ 0.86272717,  0.91963631,  0.92056593, ...,  0.        ,
          0.0438431 ,  0.03531316],
        [ 0.88406772,  0.93597231,  0.93680529, ..., -0.0438431 ,
          0.        , -0.00853656],
        [ 0.88004587,  0.93293271,  0.93378464, ..., -0.03531316,
          0.00853656,  0.        ]],

       [[ 0.        , -0.31760904, -0.416163  , ..., -0.93351704,
         -0.96248999, -0.97635956],
        [ 0.31760904,  0.        , -0.10581608, ..., -0.77130783,
         -0.82648116, -0.85715331],
        [ 0.416163  ,  0.10581608,  0.        , ..., -0.69962955,
         -0.76227038, -0.79783924],
        ...,
        [ 0.93351704,  0.77130783,  0.69962955, ...,  0.        ,
         -0.09180525, -0.14827489],
        [ 0.96248999,  0.82648116,  0.76227038, ...,  0.09180525,
          0.        , -0.05685827],
        [ 0.97635956,  0.85715331,  0.79783924, ...,  0.14827489,
          0.05685827,  0.        ]]]), 'num': array([ 9.88243812e-01,  1.52714135e-01,  3.80651333e-06,  1.20339049e-08,
        2.45744023e-03,  2.51341836e-03,  2.44064679e-03,  1.60517309e-03,
       -5.59781373e-06,  2.45408154e-03,  2.53636940e-03,  2.51463122e-03,
        3.96807049e-07,  2.64792752e-03,  2.42481128e-03])}
{'img': array([[[ 0.        ,  0.        ,  0.30957941, ..., -0.96224114,
         -0.91532791, -0.924312  ],
        [ 0.        ,  0.        ,  0.30957941, ..., -0.96224114,
         -0.91532791, -0.924312  ],
        [-0.30957941, -0.30957941,  0.        , ..., -0.99923672,
         -0.99503166, -0.99705104],
        ...,
        [ 0.96224114,  0.96224114,  0.99923672, ...,  0.        ,
          0.13835267,  0.11563119],
        [ 0.91532791,  0.91532791,  0.99503166, ..., -0.13835267,
          0.        , -0.02290546],
        [ 0.924312  ,  0.924312  ,  0.99705104, ..., -0.11563119,
          0.02290546,  0.        ]],

       [[ 0.        ,  0.07212817, -0.16120956, ..., -0.07473848,
         -0.06190285,  0.24672314],
        [-0.07212817,  0.        , -0.23197442, ..., -0.14647025,
         -0.13373145,  0.17618212],
        [ 0.16120956,  0.23197442,  0.        , ...,  0.08699777,
          0.09980722,  0.39972198],
        ...,
        [ 0.07473848,  0.14647025, -0.08699777, ...,  0.        ,
          0.01286543,  0.31846111],
        [ 0.06190285,  0.13373145, -0.09980722, ..., -0.01286543,
          0.        ,  0.30623915],
        [-0.24672314, -0.17618212, -0.39972198, ..., -0.31846111,
         -0.30623915,  0.        ]],

       [[ 0.        ,  0.08157056,  0.20947715, ..., -0.81420295,
         -0.86722814, -0.91238966],
        [-0.08157056,  0.        ,  0.12901828, ..., -0.85884794,
         -0.90495304, -0.94273787],
        [-0.20947715, -0.12901828,  0.        , ..., -0.91775699,
         -0.95228839, -0.97789073],
        ...,
        [ 0.81420295,  0.85884794,  0.91775699, ...,  0.        ,
         -0.09809503, -0.19644373],
        [ 0.86722814,  0.90495304,  0.95228839, ...,  0.09809503,
          0.        , -0.09931263],
        [ 0.91238966,  0.94273787,  0.97789073, ...,  0.19644373,
          0.09931263,  0.        ]],

       ...,

       [[ 0.        ,  0.07513019,  0.36509158, ...,  0.44111666,
          0.32549933,  0.39204485],
        [-0.07513019,  0.        ,  0.29411566, ...,  0.37244437,
          0.25354061,  0.32182109],
        [-0.36509158, -0.29411566,  0.        , ...,  0.08301573,
         -0.04217889,  0.02911804],
        ...,
        [-0.44111666, -0.37244437, -0.08301573, ...,  0.        ,
         -0.12497515, -0.053963  ],
        [-0.32549933, -0.25354061,  0.04217889, ...,  0.12497515,
          0.        ,  0.07125313],
        [-0.39204485, -0.32182109, -0.02911804, ...,  0.053963  ,
         -0.07125313,  0.        ]],

       [[ 0.        , -0.02463473, -0.08674551, ..., -0.88519418,
         -0.88117952, -0.87624237],
        [ 0.02463473,  0.        , -0.06217731, ..., -0.89638615,
         -0.89255895, -0.8878472 ],
        [ 0.08674551,  0.06217731,  0.        , ..., -0.92221334,
         -0.91886962, -0.91473949],
        ...,
        [ 0.88519418,  0.89638615,  0.92221334, ...,  0.        ,
         -0.00855984, -0.01890208],
        [ 0.88117952,  0.89255895,  0.91886962, ...,  0.00855984,
          0.        , -0.01034308],
        [ 0.87624237,  0.8878472 ,  0.91473949, ...,  0.01890208,
          0.01034308,  0.        ]],

       [[ 0.        , -0.27988485, -0.34521684, ..., -0.95231865,
         -0.9686384 , -0.98104132],
        [ 0.27988485,  0.        , -0.0687414 , ..., -0.82886356,
         -0.8603811 , -0.88759129],
        [ 0.34521684,  0.0687414 ,  0.        , ..., -0.78844546,
         -0.82331174, -0.85382723],
        ...,
        [ 0.95231865,  0.82886356,  0.78844546, ...,  0.        ,
         -0.05890957, -0.11476271],
        [ 0.9686384 ,  0.8603811 ,  0.82331174, ...,  0.05890957,
          0.        , -0.05604305],
        [ 0.98104132,  0.88759129,  0.85382723, ...,  0.11476271,
          0.05604305,  0.        ]]]), 'num': array([ 9.99151632e-01,  4.05373711e-02,  4.41757724e-06,  1.00591667e-08,
        2.48345663e-03,  2.51779014e-03,  2.46056763e-03,  1.11157001e-03,
       -2.86112515e-05,  2.49604559e-03,  2.58817382e-03,  2.56585704e-03,
        4.10828227e-07,  2.71165250e-03,  2.46469513e-03])}
{'img': array([[[ 0.        ,  0.30957941,  0.15630819, ..., -0.91532791,
         -0.924312  , -0.96224114],
        [-0.30957941,  0.        , -0.15714483, ..., -0.99503166,
         -0.99705104, -0.99923672],
        [-0.15630819,  0.15714483,  0.        , ..., -0.96702377,
         -0.97260376, -0.99296044],
        ...,
        [ 0.91532791,  0.99503166,  0.96702377, ...,  0.        ,
         -0.02290546, -0.13835267],
        [ 0.924312  ,  0.99705104,  0.97260376, ...,  0.02290546,
          0.        , -0.11563119],
        [ 0.96224114,  0.99923672,  0.99296044, ...,  0.13835267,
          0.11563119,  0.        ]],

       [[ 0.        , -0.23197442, -0.32452589, ..., -0.13373145,
          0.17618212, -0.14347471],
        [ 0.23197442,  0.        , -0.09625422, ...,  0.09980722,
          0.39972198,  0.09001341],
        [ 0.32452589,  0.09625422,  0.        , ...,  0.19511739,
          0.4860961 ,  0.18545894],
        ...,
        [ 0.13373145, -0.09980722, -0.19511739, ...,  0.        ,
          0.30623915, -0.0098381 ],
        [-0.17618212, -0.39972198, -0.4860961 , ..., -0.30623915,
          0.        , -0.31558975],
        [ 0.14347471, -0.09001341, -0.18545894, ...,  0.0098381 ,
          0.31558975,  0.        ]],

       [[ 0.        ,  0.12901828,  0.25491728, ..., -0.90495304,
         -0.94273787, -0.96064545],
        [-0.12901828,  0.        ,  0.12803086, ..., -0.95228839,
         -0.97789073, -0.98845495],
        [-0.25491728, -0.12803086,  0.        , ..., -0.98352621,
         -0.99661624, -0.99971875],
        ...,
        [ 0.90495304,  0.95228839,  0.98352621, ...,  0.        ,
         -0.09931263, -0.15739008],
        [ 0.94273787,  0.97789073,  0.99661624, ...,  0.09931263,
          0.        , -0.05853714],
        [ 0.96064545,  0.98845495,  0.99971875, ...,  0.15739008,
          0.05853714,  0.        ]],

       ...,

       [[ 0.        ,  0.29411566,  0.33821416, ...,  0.25354061,
          0.32182109,  0.33927664],
        [-0.29411566,  0.        ,  0.04647172, ..., -0.04217889,
          0.02911804,  0.04759971],
        [-0.33821416, -0.04647172,  0.        , ..., -0.08856368,
         -0.01736543,  0.00112924],
        ...,
        [-0.25354061,  0.04217889,  0.08856368, ...,  0.        ,
          0.07125313,  0.08968843],
        [-0.32182109, -0.02911804,  0.01736543, ..., -0.07125313,
          0.        ,  0.01849449],
        [-0.33927664, -0.04759971, -0.00112924, ..., -0.08968843,
         -0.01849449,  0.        ]],

       [[ 0.        , -0.08319294, -0.30414638, ..., -0.88122245,
         -0.87628561, -0.8865513 ],
        [ 0.08319294,  0.        , -0.22384035, ..., -0.91749311,
         -0.91332962, -0.92196561],
        [ 0.30414638,  0.22384035,  0.        , ..., -0.98324535,
         -0.98130714, -0.98525854],
        ...,
        [ 0.88122245,  0.91749311,  0.98324535, ...,  0.        ,
         -0.01034414,  0.0113942 ],
        [ 0.87628561,  0.91332962,  0.98130714, ...,  0.01034414,
          0.        ,  0.02173705],
        [ 0.8865513 ,  0.92196561,  0.98525854, ..., -0.0113942 ,
         -0.02173705,  0.        ]],

       [[ 0.        , -0.20836678, -0.320971  , ..., -0.96174909,
         -0.97591725, -0.98927188],
        [ 0.20836678,  0.        , -0.11658404, ..., -0.88356112,
         -0.90904326, -0.93711863],
        [ 0.320971  ,  0.11658404,  0.        , ..., -0.82293781,
         -0.85426356, -0.89003914],
        ...,
        [ 0.96174909,  0.88356112,  0.82293781, ...,  0.        ,
         -0.05753791, -0.13049496],
        [ 0.97591725,  0.90904326,  0.85426356, ...,  0.05753791,
          0.        , -0.07323288],
        [ 0.98927188,  0.93711863,  0.89003914, ...,  0.13049496,
          0.07323288,  0.        ]]]), 'num': array([ 9.34063858e-01,  3.57033929e-01,  2.48719797e-06, -2.90388438e-09,
        2.38442120e-03,  2.39469887e-03,  2.21997835e-03,  2.89417345e-03,
        1.54165164e-04,  2.27239451e-03,  2.32686620e-03,  2.30262801e-03,
        4.86837358e-07,  2.44078627e-03,  2.21294613e-03])}
{'img': array([[[ 0.        , -0.15714483,  0.21198589, ..., -0.99705104,
         -0.99923672, -0.78992221],
        [ 0.15714483,  0.        ,  0.36292544, ..., -0.97260376,
         -0.99296044, -0.68374555],
        [-0.21198589, -0.36292544,  0.        , ..., -0.99065885,
         -0.96824584, -0.90196067],
        ...,
        [ 0.99705104,  0.97260376,  0.99065885, ...,  0.        ,
         -0.11563119,  0.55077914],
        [ 0.99923672,  0.99296044,  0.96824584, ...,  0.11563119,
          0.        ,  0.64359633],
        [ 0.78992221,  0.68374555,  0.90196067, ..., -0.55077914,
         -0.64359633,  0.        ]],

       [[ 0.        , -0.09625422, -0.34233758, ...,  0.39972198,
          0.09001341,  0.91941561],
        [ 0.09625422,  0.        , -0.25030978, ...,  0.4860961 ,
          0.18545894,  0.95300213],
        [ 0.34233758,  0.25030978,  0.        , ...,  0.68936868,
          0.42552241,  0.99849882],
        ...,
        [-0.39972198, -0.4860961 , -0.68936868, ...,  0.        ,
         -0.31558975,  0.68556424],
        [-0.09001341, -0.18545894, -0.42552241, ...,  0.31558975,
          0.        ,  0.88028215],
        [-0.91941561, -0.95300213, -0.99849882, ..., -0.68556424,
         -0.88028215,  0.        ]],

       [[ 0.        ,  0.12803086,  0.42066404, ..., -0.97789073,
         -0.98845495, -0.95228839],
        [-0.12803086,  0.        ,  0.30105035, ..., -0.99661624,
         -0.99971875, -0.98352621],
        [-0.42066404, -0.30105035,  0.        , ..., -0.97512641,
         -0.96047956, -0.99231825],
        ...,
        [ 0.97789073,  0.99661624,  0.97512641, ...,  0.        ,
         -0.05853714,  0.09931263],
        [ 0.98845495,  0.99971875,  0.96047956, ...,  0.05853714,
          0.        ,  0.15739008],
        [ 0.95228839,  0.98352621,  0.99231825, ..., -0.09931263,
         -0.15739008,  0.        ]],

       ...,

       [[ 0.        ,  0.04647172,  0.04647172, ...,  0.02911804,
          0.04759971,  0.46000055],
        [-0.04647172,  0.        ,  0.        , ..., -0.01736543,
          0.00112924,  0.41824047],
        [-0.04647172,  0.        ,  0.        , ..., -0.01736543,
          0.00112924,  0.41824047],
        ...,
        [-0.02911804,  0.01736543,  0.01736543, ...,  0.        ,
          0.01849449,  0.43395105],
        [-0.04759971, -0.00112924, -0.00112924, ..., -0.01849449,
          0.        ,  0.41721447],
        [-0.46000055, -0.41824047, -0.41824047, ..., -0.43395105,
         -0.41721447,  0.        ]],

       [[ 0.        , -0.29331578, -0.39188303, ..., -0.8767797 ,
         -0.88703756, -0.89942122],
        [ 0.29331578,  0.        , -0.10479137, ..., -0.97926837,
         -0.98344485, -0.98806404],
        [ 0.39188303,  0.10479137,  0.        , ..., -0.99510403,
         -0.99701923, -0.99876643],
        ...,
        [ 0.8767797 ,  0.97926837,  0.99510403, ...,  0.        ,
          0.02176269,  0.04929928],
        [ 0.88703756,  0.98344485,  0.99701923, ..., -0.02176269,
          0.        ,  0.02755138],
        [ 0.89942122,  0.98806404,  0.99876643, ..., -0.04929928,
         -0.02755138,  0.        ]],

       [[ 0.        , -0.21346853, -0.28444939, ..., -0.96323144,
         -0.98051176, -0.98103895],
        [ 0.21346853,  0.        , -0.07324244, ..., -0.88367567,
         -0.91597279, -0.91705346],
        [ 0.28444939,  0.07324244,  0.        , ..., -0.8470175 ,
         -0.88412481, -0.88538394],
        ...,
        [ 0.96323144,  0.88367567,  0.8470175 , ...,  0.        ,
         -0.07420021, -0.07689414],
        [ 0.98051176,  0.91597279,  0.88412481, ...,  0.07420021,
          0.        , -0.00270165],
        [ 0.98103895,  0.91705346,  0.88538394, ...,  0.07689414,
          0.00270165,  0.        ]]]), 'num': array([ 9.99971125e-01,  1.84095249e-03,  4.33969640e-06,  4.28466708e-08,
        2.55276259e-03,  2.60270794e-03,  2.53056465e-03,  1.83609114e-03,
       -2.21979356e-05,  2.48283909e-03,  2.51197388e-03,  2.48404148e-03,
        5.61183764e-07,  2.63367218e-03,  2.39027559e-03])}
{'img': array([[[ 0.00000000e+00,  3.62925441e-01, -4.34196036e-01, ...,
         -9.92960435e-01, -6.83745551e-01, -7.52274212e-01],
        [-3.62925441e-01,  0.00000000e+00, -7.31521679e-01, ...,
         -9.68245837e-01, -9.01960674e-01, -9.40096267e-01],
        [ 4.34196036e-01,  7.31521679e-01,  0.00000000e+00, ...,
         -8.43048036e-01, -2.99088826e-01, -3.91592337e-01],
        ...,
        [ 9.92960435e-01,  9.68245837e-01,  8.43048036e-01, ...,
          0.00000000e+00,  6.43596325e-01,  5.65107875e-01],
        [ 6.83745551e-01,  9.01960674e-01,  2.99088826e-01, ...,
         -6.43596325e-01,  0.00000000e+00, -9.84640674e-02],
        [ 7.52274212e-01,  9.40096267e-01,  3.91592337e-01, ...,
         -5.65107875e-01,  9.84640674e-02,  0.00000000e+00]],

       [[ 0.00000000e+00, -2.50309781e-01,  7.54219830e-01, ...,
          1.85458941e-01,  9.53002126e-01,  5.96000524e-01],
        [ 2.50309781e-01,  0.00000000e+00,  8.94568752e-01, ...,
          4.25522414e-01,  9.98498819e-01,  7.78022083e-01],
        [-7.54219830e-01, -8.94568752e-01,  0.00000000e+00, ...,
         -6.19359215e-01,  3.97260999e-01, -2.14279435e-01],
        ...,
        [-1.85458941e-01, -4.25522414e-01,  6.19359215e-01, ...,
          0.00000000e+00,  8.80282149e-01,  4.36740545e-01],
        [-9.53002126e-01, -9.98498819e-01, -3.97260999e-01, ...,
         -8.80282149e-01,  0.00000000e+00, -5.84679032e-01],
        [-5.96000524e-01, -7.78022083e-01,  2.14279435e-01, ...,
         -4.36740545e-01,  5.84679032e-01,  0.00000000e+00]],

       [[ 0.00000000e+00,  3.01050345e-01,  1.76135770e-02, ...,
         -9.99718751e-01, -9.83526207e-01, -9.50453959e-01],
        [-3.01050345e-01,  0.00000000e+00, -2.84207191e-01, ...,
         -9.60479563e-01, -9.92318247e-01, -9.99946858e-01],
        [-1.76135770e-02,  2.84207191e-01,  0.00000000e+00, ...,
         -9.99981376e-01, -9.86557560e-01, -9.55781965e-01],
        ...,
        [ 9.99718751e-01,  9.60479563e-01,  9.99981376e-01, ...,
          0.00000000e+00,  1.57390082e-01,  2.88237575e-01],
        [ 9.83526207e-01,  9.92318247e-01,  9.86557560e-01, ...,
         -1.57390082e-01,  0.00000000e+00,  1.33934851e-01],
        [ 9.50453959e-01,  9.99946858e-01,  9.55781965e-01, ...,
         -2.88237575e-01, -1.33934851e-01,  0.00000000e+00]],

       ...,

       [[ 0.00000000e+00,  0.00000000e+00, -6.94696644e-01, ...,
          1.12924332e-03,  4.18240468e-01,  5.19558174e-01],
        [ 0.00000000e+00,  0.00000000e+00, -6.94696644e-01, ...,
          1.12924332e-03,  4.18240468e-01,  5.19558174e-01],
        [ 6.94696644e-01,  6.94696644e-01,  0.00000000e+00, ...,
          6.95508469e-01,  9.31859764e-01,  9.67292851e-01],
        ...,
        [-1.12924332e-03, -1.12924332e-03, -6.95508469e-01, ...,
          0.00000000e+00,  4.17214468e-01,  5.18592977e-01],
        [-4.18240468e-01, -4.18240468e-01, -9.31859764e-01, ...,
         -4.17214468e-01,  0.00000000e+00,  1.14574244e-01],
        [-5.19558174e-01, -5.19558174e-01, -9.67292851e-01, ...,
         -5.18592977e-01, -1.14574244e-01,  0.00000000e+00]],

       [[ 0.00000000e+00, -2.68821906e-01, -3.41318603e-01, ...,
         -8.93233724e-01, -9.05463218e-01, -9.01199857e-01],
        [ 2.68821906e-01,  0.00000000e+00, -7.60761082e-02, ...,
         -9.81214043e-01, -9.86227694e-01, -9.84535024e-01],
        [ 3.41318603e-01,  7.60761082e-02,  0.00000000e+00, ...,
         -9.93047274e-01, -9.95952096e-01, -9.95009466e-01],
        ...,
        [ 8.93233724e-01,  9.81214043e-01,  9.93047274e-01, ...,
          0.00000000e+00,  2.79790793e-02,  1.80419433e-02],
        [ 9.05463218e-01,  9.86227694e-01,  9.95952096e-01, ...,
         -2.79790793e-02,  0.00000000e+00, -9.93964514e-03],
        [ 9.01199857e-01,  9.84535024e-01,  9.95009466e-01, ...,
         -1.80419433e-02,  9.93964514e-03,  0.00000000e+00]],

       [[ 0.00000000e+00, -7.32424370e-02, -2.41258219e-01, ...,
         -9.15972789e-01, -9.17053458e-01, -9.15984471e-01],
        [ 7.32424370e-02,  0.00000000e+00, -1.69531314e-01, ...,
         -8.84124814e-01, -8.85383937e-01, -8.84138418e-01],
        [ 2.41258219e-01,  1.69531314e-01,  0.00000000e+00, ...,
         -7.92113289e-01, -7.93759417e-01, -7.92131061e-01],
        ...,
        [ 9.15972789e-01,  8.84124814e-01,  7.92113289e-01, ...,
          0.00000000e+00, -2.70165282e-03, -2.91164951e-05],
        [ 9.17053458e-01,  8.85383937e-01,  7.93759417e-01, ...,
          2.70165282e-03,  0.00000000e+00,  2.67253643e-03],
        [ 9.15984471e-01,  8.84138418e-01,  7.92131061e-01, ...,
          2.91164951e-05, -2.67253643e-03,  0.00000000e+00]]]), 'num': array([ 8.66324935e-01,  4.99439307e-01,  1.66766195e-06,  2.81670177e-08,
        2.15815076e-03,  2.28077296e-03,  2.14343609e-03,  1.62679442e-03,
       -9.80977616e-05,  2.19444693e-03,  2.21602843e-03,  2.19174924e-03,
        4.04990759e-07,  2.32638733e-03,  2.10566954e-03])}
{'img': array([[[ 0.        , -0.73152168, -0.46298975, ..., -0.90196067,
         -0.94009627, -0.99352241],
        [ 0.73152168,  0.        ,  0.33271939, ..., -0.29908883,
         -0.39159234, -0.76052911],
        [ 0.46298975, -0.33271939,  0.        , ..., -0.59953775,
         -0.67542973, -0.93323461],
        ...,
        [ 0.90196067,  0.29908883,  0.59953775, ...,  0.        ,
         -0.09846407, -0.53151657],
        [ 0.94009627,  0.39159234,  0.67542973, ...,  0.09846407,
          0.        , -0.44552994],
        [ 0.99352241,  0.76052911,  0.93323461, ...,  0.53151657,
          0.44552994,  0.        ]],

       [[ 0.        ,  0.89456875,  0.62417664, ...,  0.99849882,
          0.77802208,  0.77948163],
        [-0.89456875,  0.        , -0.4199481 , ...,  0.397261  ,
         -0.21427943, -0.2120063 ],
        [-0.62417664,  0.4199481 ,  0.        , ...,  0.74592223,
          0.21572481,  0.21799604],
        ...,
        [-0.99849882, -0.397261  , -0.74592223, ...,  0.        ,
         -0.58467903, -0.58278997],
        [-0.77802208,  0.21427943, -0.21572481, ...,  0.58467903,
          0.        ,  0.00232659],
        [-0.77948163,  0.2120063 , -0.21799604, ...,  0.58278997,
         -0.00232659,  0.        ]],

       [[ 0.        , -0.28420719, -0.26620106, ..., -0.99231825,
         -0.99994686, -0.99994686],
        [ 0.28420719,  0.        ,  0.0187286 , ..., -0.98655756,
         -0.95578196, -0.95578196],
        [ 0.26620106, -0.0187286 ,  0.        , ..., -0.98944504,
         -0.96112196, -0.96112196],
        ...,
        [ 0.99231825,  0.98655756,  0.98944504, ...,  0.        ,
          0.13393485,  0.13393485],
        [ 0.99994686,  0.95578196,  0.96112196, ..., -0.13393485,
          0.        ,  0.        ],
        [ 0.99994686,  0.95578196,  0.96112196, ..., -0.13393485,
          0.        ,  0.        ]],

       ...,

       [[ 0.        , -0.69469664, -0.08971471, ...,  0.41824047,
          0.51955817,  0.20804867],
        [ 0.69469664,  0.        ,  0.62736324, ...,  0.93185976,
          0.96729285,  0.82914562],
        [ 0.08971471, -0.62736324,  0.        , ...,  0.49804504,
          0.59411845,  0.29496132],
        ...,
        [-0.41824047, -0.93185976, -0.49804504, ...,  0.        ,
          0.11457424, -0.22011056],
        [-0.51955817, -0.96729285, -0.59411845, ..., -0.11457424,
          0.        , -0.33042537],
        [-0.20804867, -0.82914562, -0.29496132, ...,  0.22011056,
          0.33042537,  0.        ]],

       [[ 0.        , -0.21632247, -0.54558711, ..., -0.91044388,
         -0.90623235, -0.90313101],
        [ 0.21632247,  0.        , -0.35137874, ..., -0.97836439,
         -0.97623137, -0.97462796],
        [ 0.54558711,  0.35137874,  0.        , ..., -0.98867387,
         -0.99013507, -0.99112872],
        ...,
        [ 0.91044388,  0.97836439,  0.98867387, ...,  0.        ,
         -0.0100702 , -0.01734837],
        [ 0.90623235,  0.97623137,  0.99013507, ...,  0.0100702 ,
          0.        , -0.00727881],
        [ 0.90313101,  0.97462796,  0.99112872, ...,  0.01734837,
          0.00727881,  0.        ]],

       [[ 0.        , -0.16953131, -0.09107912, ..., -0.88538394,
         -0.88413842, -0.90324406],
        [ 0.16953131,  0.        ,  0.07906595, ..., -0.79375942,
         -0.79213106, -0.81741892],
        [ 0.09107912, -0.07906595,  0.        , ..., -0.83936489,
         -0.83790919, -0.86040534],
        ...,
        [ 0.88538394,  0.79375942,  0.83936489, ...,  0.        ,
          0.00267254, -0.03994015],
        [ 0.88413842,  0.79213106,  0.83790919, ..., -0.00267254,
          0.        , -0.04261041],
        [ 0.90324406,  0.81741892,  0.86040534, ...,  0.03994015,
