state_0,state_1,state_2,state_3,state_4,state_5,state_6,state_7,state_8,state_9,state_10,state_11,state_12,state_13,state_14,state_15,state_16,state_17,state_18,state_19,state_20,state_21,state_22,state_23,state_24,state_25,state_26,state_27,state_28,state_29,state_30,state_31,state_32,state_33,state_34,state_35,state_36,state_37,state_38,state_39,state_40,state_41,state_42,state_43,state_44,state_45,state_46,state_47,state_48,state_49,state_50,state_51,state_52,state_53,state_54,state_55,state_56,state_57,state_58,state_59,state_60,state_61,state_62,state_63,state_64,state_65,state_66,state_67,state_68,state_69,state_70,state_71,state_72,state_73,state_74,state_75,state_76,state_77,state_78,state_79,state_80,state_81,state_82,state_83,state_84,state_85,state_86,state_87,state_88,state_89,state_90,state_91,state_92,state_93,state_94,state_95,state_96,state_97,state_98,state_99,state_100,state_101,state_102,state_103,state_104,state_105,state_106,state_107,state_108,state_109,state_110,state_111,state_112,state_113,state_114,state_115,state_116,state_117,state_118,state_119,state_120,state_121,state_122,state_123,state_124,state_125,state_126,state_127,state_128,state_129,state_130,state_131,state_132,state_133,state_134,state_135,state_136,state_137,state_138,state_139,state_140,state_141,state_142,state_143,state_144,state_145,state_146,state_147,state_148,state_149,state_150,state_151,state_152,state_153,state_154,state_155,state_156,state_157,state_158,state_159,state_160,state_161,state_162,state_163,state_164,state_165,state_166,state_167,state_168,state_169,state_170,state_171,state_172,state_173,state_174,state_175,state_176,state_177,state_178,state_179,state_180,state_181,state_182,state_183,state_184,state_185,state_186,state_187,state_188,state_189,state_190,state_191,state_192,state_193,state_194,state_195,state_196,state_197,state_198,state_199,state_200,state_201,state_202,state_203,state_204,state_205,state_206,state_207,state_208,state_209,state_210,state_211,state_212,state_213,state_214,state_215,state_216,state_217,state_218,state_219,state_220,state_221,state_222,state_223,state_224,state_225,state_226,state_227,state_228,state_229,state_230,state_231,state_232,state_233,state_234,state_235,state_236,state_237,state_238,state_239,state_240,state_241,state_242,state_243,state_244,state_245,state_246,state_247,state_248,state_249,state_250,state_251,state_252,state_253,state_254,state_255,state_256,state_257,state_258,state_259,state_260,state_261,state_262,state_263,state_264,state_265,state_266,state_267,state_268,state_269,state_270,state_271,state_272,state_273,state_274,state_275,state_276,state_277,state_278,state_279,state_280,state_281,state_282,state_283,state_284,state_285,state_286,state_287
{'img': array([[[ 0.        , -0.19155705,  0.23864934, ...,  0.75420937,
          0.76116551,  0.8003052 ],
        [ 0.19155705,  0.        ,  0.42025206, ...,  0.8660254 ,
          0.87130564,  0.90034097],
        [-0.23864934, -0.42025206,  0.        , ...,  0.57571183,
          0.58439439,  0.63408859],
        ...,
        [-0.75420937, -0.8660254 , -0.57571183, ...,  0.        ,
          0.01065887,  0.07328906],
        [-0.76116551, -0.87130564, -0.58439439, ..., -0.01065887,
          0.        ,  0.06265468],
        [-0.8003052 , -0.90034097, -0.63408859, ..., -0.07328906,
         -0.06265468,  0.        ]],

       [[ 0.        ,  0.29509631,  0.25999605, ...,  0.2749726 ,
          0.42747184,  0.15499381],
        [-0.29509631,  0.        , -0.03653007, ..., -0.02099357,
          0.14165993, -0.14343865],
        [-0.25999605,  0.03653007,  0.        , ...,  0.01554247,
          0.17772706, -0.10719059],
        ...,
        [-0.2749726 ,  0.02099357, -0.01554247, ...,  0.        ,
          0.16241057, -0.12263056],
        [-0.42747184, -0.14165993, -0.17772706, ..., -0.16241057,
          0.        , -0.28218718],
        [-0.15499381,  0.14343865,  0.10719059, ...,  0.12263056,
          0.28218718,  0.        ]],

       [[ 0.        , -0.2396797 ,  0.01804969, ...,  0.94690058,
          0.91397251,  0.88713674],
        [ 0.2396797 ,  0.        ,  0.25716423, ...,  0.99636372,
          0.98458835,  0.97189228],
        [-0.01804969, -0.25716423,  0.        , ...,  0.94094287,
          0.90649948,  0.87866217],
        ...,
        [-0.94690058, -0.99636372, -0.94094287, ...,  0.        ,
         -0.09036326, -0.15176297],
        [-0.91397251, -0.98458835, -0.90649948, ...,  0.09036326,
          0.        , -0.06182551],
        [-0.88713674, -0.97189228, -0.87866217, ...,  0.15176297,
          0.06182551,  0.        ]],

       ...,

       [[ 0.        , -0.10434985, -0.02348759, ..., -0.66153575,
         -0.86437803, -0.98241158],
        [ 0.10434985,  0.        ,  0.0809617 , ..., -0.73617757,
         -0.91213063, -0.99653333],
        [ 0.02348759, -0.0809617 ,  0.        , ..., -0.67896692,
         -0.87595013, -0.98652636],
        ...,
        [ 0.66153575,  0.73617757,  0.67896692, ...,  0.        ,
          0.31556054,  0.61319631],
        [ 0.86437803,  0.91213063,  0.87595013, ..., -0.31556054,
          0.        ,  0.3325944 ],
        [ 0.98241158,  0.99653333,  0.98652636, ..., -0.61319631,
         -0.3325944 ,  0.        ]],

       [[ 0.        ,  0.32487871,  0.41736589, ...,  0.39412272,
          0.47547707,  0.44683309],
        [-0.32487871,  0.        ,  0.09949636, ...,  0.67132613,
          0.73549008,  0.71323707],
        [-0.41736589, -0.09949636,  0.        , ...,  0.74173789,
          0.79925284,  0.77943721],
        ...,
        [-0.39412272, -0.67132613, -0.74173789, ...,  0.        ,
         -0.09027008, -0.05807643],
        [-0.47547707, -0.73549008, -0.79925284, ...,  0.09027008,
          0.        ,  0.0322784 ],
        [-0.44683309, -0.71323707, -0.77943721, ...,  0.05807643,
         -0.0322784 ,  0.        ]],

       [[ 0.        ,  0.45745014,  0.64090486, ...,  0.68255325,
          0.73018888,  0.75196931],
        [-0.45745014,  0.        ,  0.21876719, ...,  0.9412714 ,
          0.96186039,  0.97022791],
        [-0.64090486, -0.21876719,  0.        , ...,  0.99233801,
          0.99840309,  0.9997102 ],
        ...,
        [-0.68255325, -0.9412714 , -0.99233801, ...,  0.        ,
         -0.06729689, -0.09962832],
        [-0.73018888, -0.96186039, -0.99840309, ...,  0.06729689,
          0.        , -0.0324404 ],
        [-0.75196931, -0.97022791, -0.9997102 , ...,  0.09962832,
          0.0324404 ,  0.        ]]]), 'num': array([ 7.07106226e-01,  7.07106226e-01,  0.00000000e+00,  0.00000000e+00,
        1.59653252e-04,  1.60885145e-04,  1.57682225e-04,  1.16182234e-03,
       -2.46378476e-07,  1.59850355e-04,  1.72021452e-04,  1.67718041e-04,
        4.33443615e-07,  1.93983492e-04,  1.50059412e-04])}
{'img': array([[[ 0.        ,  0.42025206,  0.42025206, ...,  0.87130564,
          0.90034097,  0.89580642],
        [-0.42025206,  0.        ,  0.        , ...,  0.58439439,
          0.63408859,  0.62608268],
        [-0.42025206,  0.        ,  0.        , ...,  0.58439439,
          0.63408859,  0.62608268],
        ...,
        [-0.87130564, -0.58439439, -0.58439439, ...,  0.        ,
          0.06265468,  0.05236175],
        [-0.90034097, -0.63408859, -0.63408859, ..., -0.06265468,
          0.        , -0.01030986],
        [-0.89580642, -0.62608268, -0.62608268, ..., -0.05236175,
          0.01030986,  0.        ]],

       [[ 0.        , -0.03653007, -0.02317698, ...,  0.14165993,
         -0.14343865, -0.16314705],
        [ 0.03653007,  0.        ,  0.01335875, ...,  0.17772706,
         -0.10719059, -0.12699752],
        [ 0.02317698, -0.01335875,  0.        , ...,  0.16456512,
         -0.12046281, -0.14023678],
        ...,
        [-0.14165993, -0.17772706, -0.16456512, ...,  0.        ,
         -0.28218718, -0.30126371],
        [ 0.14343865,  0.10719059,  0.12046281, ...,  0.28218718,
          0.        , -0.01994316],
        [ 0.16314705,  0.12699752,  0.14023678, ...,  0.30126371,
          0.01994316,  0.        ]],

       [[ 0.        ,  0.25716423,  0.37750151, ...,  0.98458835,
          0.97189228,  0.95657698],
        [-0.25716423,  0.        ,  0.12666888, ...,  0.90649948,
          0.87866217,  0.84944692],
        [-0.37750151, -0.12666888,  0.        , ...,  0.8457172 ,
          0.81110729,  0.77576479],
        ...,
        [-0.98458835, -0.90649948, -0.8457172 , ...,  0.        ,
         -0.06182551, -0.11969391],
        [-0.97189228, -0.87866217, -0.81110729, ...,  0.06182551,
          0.        , -0.05808389],
        [-0.95657698, -0.84944692, -0.77576479, ...,  0.11969391,
          0.05808389,  0.        ]],

       ...,

       [[ 0.        ,  0.0809617 ,  0.04435711, ..., -0.91213063,
         -0.99653333, -1.        ],
        [-0.0809617 ,  0.        , -0.03667051, ..., -0.87595013,
         -0.98652636, -0.99671747],
        [-0.04435711,  0.03667051,  0.        , ..., -0.89305089,
         -0.99186221, -0.99901588],
        ...,
        [ 0.91213063,  0.87595013,  0.89305089, ...,  0.        ,
          0.3325944 ,  0.40990255],
        [ 0.99653333,  0.98652636,  0.99186221, ..., -0.3325944 ,
          0.        ,  0.08319767],
        [ 1.        ,  0.99671747,  0.99901588, ..., -0.40990255,
         -0.08319767,  0.        ]],

       [[ 0.        ,  0.21127386, -0.07329627, ...,  0.54427901,
          0.51653093,  0.520628  ],
        [-0.21127386,  0.        , -0.28234732, ...,  0.70923149,
          0.68577839,  0.68925797],
        [ 0.07329627,  0.28234732,  0.        , ...,  0.48132647,
          0.45238029,  0.45664847],
        ...,
        [-0.54427901, -0.70923149, -0.48132647, ...,  0.        ,
          0.03272899,  0.02793946],
        [-0.51653093, -0.68577839, -0.45238029, ..., -0.03272899,
          0.        , -0.00479171],
        [-0.520628  , -0.68925797, -0.45664847, ..., -0.02793946,
          0.00479171,  0.        ]],

       [[ 0.        ,  0.49083094,  0.7146209 , ...,  0.74713332,
          0.76902633,  0.80044235],
        [-0.49083094,  0.        ,  0.27927481, ...,  0.97718618,
          0.98376544,  0.99159812],
        [-0.7146209 , -0.27927481,  0.        , ...,  0.99761877,
          0.99474101,  0.98826972],
        ...,
        [-0.74713332, -0.97718618, -0.99761877, ...,  0.        ,
         -0.03357157, -0.08419439],
        [-0.76902633, -0.98376544, -0.99474101, ...,  0.03357157,
          0.        , -0.05069457],
        [-0.80044235, -0.99159812, -0.98826972, ...,  0.08419439,
          0.05069457,  0.        ]]]), 'num': array([ 9.57931888e-01,  2.86985382e-01,  1.00290957e-04, -3.21462877e-10,
        2.18407065e-04,  2.20365873e-04,  2.12530642e-04,  2.34244026e-03,
        6.85582717e-06,  2.12269468e-04,  2.26829939e-04,  2.22678355e-04,
        1.25564600e-06,  2.55605529e-04,  1.98054348e-04])}
{'img': array([[[ 0.        ,  0.        ,  0.46844031, ...,  0.86320453,
          0.85745251,  0.95051469],
        [ 0.        ,  0.        ,  0.46844031, ...,  0.86320453,
          0.85745251,  0.95051469],
        [-0.46844031, -0.46844031,  0.        , ...,  0.52614288,
          0.51651303,  0.69424026],
        ...,
        [-0.86320453, -0.86320453, -0.52614288, ...,  0.        ,
         -0.01128456,  0.21169145],
        [-0.85745251, -0.85745251, -0.51651303, ...,  0.01128456,
          0.        ,  0.22270678],
        [-0.95051469, -0.95051469, -0.69424026, ..., -0.21169145,
         -0.22270678,  0.        ]],

       [[ 0.        ,  0.01335875, -0.03270743, ..., -0.10719059,
         -0.12699752, -0.00685236],
        [-0.01335875,  0.        , -0.04605612, ..., -0.12046281,
         -0.14023678, -0.02021018],
        [ 0.03270743,  0.04605612,  0.        , ..., -0.07461425,
         -0.09448697,  0.02585798],
        ...,
        [ 0.10719059,  0.12046281,  0.07461425, ...,  0.        ,
         -0.01994316,  0.1003752 ],
        [ 0.12699752,  0.14023678,  0.09448697, ...,  0.01994316,
          0.        ,  0.12019767],
        [ 0.00685236,  0.02021018, -0.02585798, ..., -0.1003752 ,
         -0.12019767,  0.        ]],

       [[ 0.        ,  0.28357193,  0.42220704, ...,  0.96652925,
          0.94956542,  0.95468895],
        [-0.28357193,  0.        ,  0.14781806, ...,  0.85410196,
          0.82166732,  0.83110733],
        [-0.42220704, -0.14781806,  0.        , ...,  0.76783828,
          0.72838948,  0.73977386],
        ...,
        [-0.96652925, -0.85410196, -0.76783828, ...,  0.        ,
         -0.05945647, -0.0427128 ],
        [-0.94956542, -0.82166732, -0.72838948, ...,  0.05945647,
          0.        ,  0.01676498],
        [-0.95468895, -0.83110733, -0.73977386, ...,  0.0427128 ,
         -0.01676498,  0.        ]],

       ...,

       [[ 0.        , -0.03667051,  0.30594777, ..., -0.98652636,
         -0.99671747, -0.87665025],
        [ 0.03667051,  0.        ,  0.34065409, ..., -0.99186221,
         -0.99901588, -0.85841741],
        [-0.30594777, -0.34065409,  0.        , ..., -0.88916695,
         -0.9241541 , -0.98181348],
        ...,
        [ 0.98652636,  0.99186221,  0.88916695, ...,  0.        ,
          0.08319767,  0.61806774],
        [ 0.99671747,  0.99901588,  0.9241541 , ..., -0.08319767,
          0.        ,  0.55052118],
        [ 0.87665025,  0.85841741,  0.98181348, ..., -0.61806774,
         -0.55052118,  0.        ]],

       [[ 0.        , -0.28234732, -0.10303049, ...,  0.68577839,
          0.68925797,  0.76749125],
        [ 0.28234732,  0.        ,  0.18200631, ...,  0.45238029,
          0.45664847,  0.55526235],
        [ 0.10303049, -0.18200631,  0.        , ...,  0.60714215,
          0.61094264,  0.69735815],
        ...,
        [-0.68577839, -0.45238029, -0.60714215, ...,  0.        ,
         -0.00479171, -0.11896343],
        [-0.68925797, -0.45664847, -0.61094264, ...,  0.00479171,
          0.        , -0.11420438],
        [-0.76749125, -0.55526235, -0.69735815, ...,  0.11896343,
          0.11420438,  0.        ]],

       [[ 0.        ,  0.57742894,  0.73078501, ...,  0.78899883,
          0.82035923,  0.83191102],
        [-0.57742894,  0.        ,  0.20248537, ...,  0.99894023,
          0.99997675,  0.99962677],
        [-0.73078501, -0.20248537,  0.        , ...,  0.98756711,
          0.97788185,  0.97338808],
        ...,
        [-0.78899883, -0.99894023, -0.98756711, ...,  0.        ,
         -0.05283654, -0.07329913],
        [-0.82035923, -0.99997675, -0.97788185, ...,  0.05283654,
          0.        , -0.02050233],
        [-0.83191102, -0.99962677, -0.97338808, ...,  0.07329913,
          0.02050233,  0.        ]]]), 'num': array([ 9.37973330e-01,  3.46705251e-01,  8.85131855e-05,  7.12409820e-08,
        2.13762863e-04,  2.19842944e-04,  2.10562820e-04,  1.05588614e-03,
       -3.20004286e-07,  2.09730809e-04,  2.20610955e-04,  2.18642928e-04,
        1.09900462e-06,  2.46365555e-04,  1.94856354e-04])}
{'img': array([[[ 0.        ,  0.46844031,  0.61770772, ...,  0.85745251,
          0.95051469,  0.94728628],
        [-0.46844031,  0.        ,  0.17735667, ...,  0.51651303,
          0.69424026,  0.68684002],
        [-0.61770772, -0.17735667,  0.        , ...,  0.35645771,
          0.55558294,  0.54704694],
        ...,
        [-0.85745251, -0.51651303, -0.35645771, ...,  0.        ,
          0.22270678,  0.21272078],
        [-0.95051469, -0.69424026, -0.55558294, ..., -0.22270678,
          0.        , -0.0102313 ],
        [-0.94728628, -0.68684002, -0.54704694, ..., -0.21272078,
          0.0102313 ,  0.        ]],

       [[ 0.        , -0.04605612,  0.51079869, ..., -0.14023678,
         -0.02021018, -0.23270494],
        [ 0.04605612,  0.        ,  0.54985112, ..., -0.09448697,
          0.02585798, -0.18766625],
        [-0.51079869, -0.54985112,  0.        , ..., -0.62631258,
         -0.52806906, -0.69683245],
        ...,
        [ 0.14023678,  0.09448697,  0.62631258, ...,  0.        ,
          0.12019767, -0.09401844],
        [ 0.02021018, -0.02585798,  0.52806906, ..., -0.12019767,
          0.        , -0.21300205],
        [ 0.23270494,  0.18766625,  0.69683245, ...,  0.09401844,
          0.21300205,  0.        ]],

       [[ 0.        ,  0.3228523 ,  0.48121847, ...,  0.94002909,
          0.945784  ,  0.96445127],
        [-0.3228523 ,  0.        ,  0.17243636, ...,  0.77956685,
          0.79027544,  0.82748709],
        [-0.48121847, -0.17243636,  0.        , ...,  0.65988928,
          0.67277695,  0.71827149],
        ...,
        [-0.94002909, -0.77956685, -0.65988928, ...,  0.        ,
          0.01728358,  0.08055602],
        [-0.945784  , -0.79027544, -0.67277695, ..., -0.01728358,
          0.        ,  0.06331657],
        [-0.96445127, -0.82748709, -0.71827149, ..., -0.08055602,
         -0.06331657,  0.        ]],

       ...,

       [[ 0.        ,  0.34065409,  0.34648292, ..., -0.99901588,
         -0.85841741, -0.90617709],
        [-0.34065409,  0.        ,  0.00620662, ..., -0.9241541 ,
         -0.98181348, -0.99603954],
        [-0.34648292, -0.00620662,  0.        , ..., -0.92176524,
         -0.98297288, -0.99657219],
        ...,
        [ 0.99901588,  0.9241541 ,  0.92176524, ...,  0.        ,
          0.55052118,  0.46267476],
        [ 0.85841741,  0.98181348,  0.98297288, ..., -0.55052118,
          0.        , -0.10180179],
        [ 0.90617709,  0.99603954,  0.99657219, ..., -0.46267476,
          0.10180179,  0.        ]],

       [[ 0.        ,  0.18200631,  0.42045127, ...,  0.45664847,
          0.55526235,  0.75170795],
        [-0.18200631,  0.        ,  0.24829155, ...,  0.61094264,
          0.69735815,  0.8591849 ],
        [-0.42045127, -0.24829155,  0.        , ...,  0.78837736,
          0.85347684,  0.95932198],
        ...,
        [-0.45664847, -0.61094264, -0.78837736, ...,  0.        ,
         -0.11420438, -0.36759698],
        [-0.55526235, -0.69735815, -0.85347684, ...,  0.11420438,
          0.        , -0.25898351],
        [-0.75170795, -0.8591849 , -0.95932198, ...,  0.36759698,
          0.25898351,  0.        ]],

       [[ 0.        ,  0.52249503,  0.64583546, ...,  0.84888224,
          0.86021547,  0.84957055],
        [-0.52249503,  0.        ,  0.15175391, ...,  0.99997441,
          0.99989239,  0.99998288],
        [-0.64583546, -0.15175391,  0.        , ...,  0.98947875,
          0.98608575,  0.98928932],
        ...,
        [-0.84888224, -0.99997441, -0.98947875, ...,  0.        ,
         -0.02182329, -0.00130353],
        [-0.86021547, -0.99989239, -0.98608575, ...,  0.02182329,
          0.        ,  0.02052005],
        [-0.84957055, -0.99998288, -0.98928932, ...,  0.00130353,
         -0.02052005,  0.        ]]]), 'num': array([ 9.24290562e-01,  3.81688188e-01,  8.27137765e-05,  6.76799966e-08,
        2.09095327e-04,  2.12920242e-04,  2.07820356e-04,  8.42819915e-04,
       -3.82491452e-06,  2.09732813e-04,  2.17382642e-04,  2.18089189e-04,
        1.01282783e-06,  2.37172442e-04,  1.97592842e-04])}
{'img': array([[[ 0.        ,  0.44221878,  0.316916  , ...,  0.9200706 ,
          0.91561251,  0.8506248 ],
        [-0.44221878,  0.        , -0.13517974, ...,  0.65197762,
          0.64342016,  0.53042474],
        [-0.316916  ,  0.13517974,  0.        , ...,  0.74849162,
          0.74099615,  0.64015222],
        ...,
        [-0.9200706 , -0.65197762, -0.74849162, ...,  0.        ,
         -0.01123174, -0.15051401],
        [-0.91561251, -0.64342016, -0.74099615, ...,  0.01123174,
          0.        , -0.13940073],
        [-0.8506248 , -0.53042474, -0.64015222, ...,  0.15051401,
          0.13940073,  0.        ]],

       [[ 0.        ,  0.54985112,  0.10546328, ...,  0.02585798,
         -0.18766625, -0.24534659],
        [-0.54985112,  0.        , -0.45869516, ..., -0.52806906,
         -0.69683245, -0.737974  ],
        [-0.10546328,  0.45869516,  0.        , ..., -0.07971425,
         -0.29020917, -0.34621818],
        ...,
        [-0.02585798,  0.52806906,  0.07971425, ...,  0.        ,
         -0.21300205, -0.27033219],
        [ 0.18766625,  0.69683245,  0.29020917, ...,  0.21300205,
          0.        , -0.05905717],
        [ 0.24534659,  0.737974  ,  0.34621818, ...,  0.27033219,
          0.05905717,  0.        ]],

       [[ 0.        ,  0.37200765,  0.5041153 , ...,  0.93247132,
          0.95423962,  0.96343488],
        [-0.37200765,  0.        ,  0.14665544, ...,  0.731162  ,
          0.77450721,  0.79461215],
        [-0.5041153 , -0.14665544,  0.        , ...,  0.6232075 ,
          0.67336385,  0.69698344],
        ...,
        [-0.93247132, -0.731162  , -0.6232075 , ...,  0.        ,
          0.06586428,  0.09818631],
        [-0.95423962, -0.77450721, -0.67336385, ..., -0.06586428,
          0.        ,  0.03242709],
        [-0.96343488, -0.79461215, -0.69698344, ..., -0.09818631,
         -0.03242709,  0.        ]],

       ...,

       [[ 0.        ,  0.00620662, -0.11351496, ..., -0.98181348,
         -0.99603954, -0.99972238],
        [-0.00620662,  0.        , -0.11967927, ..., -0.98297288,
         -0.99657219, -0.99984936],
        [ 0.11351496,  0.11967927,  0.        , ..., -0.95391672,
         -0.97950865, -0.99058584],
        ...,
        [ 0.98181348,  0.98297288,  0.95391672, ...,  0.        ,
         -0.10180179, -0.16666205],
        [ 0.99603954,  0.99657219,  0.97950865, ...,  0.10180179,
          0.        , -0.06541819],
        [ 0.99972238,  0.99984936,  0.99058584, ...,  0.16666205,
          0.06541819,  0.        ]],

       [[ 0.        ,  0.38389234,  0.51056369, ...,  0.55737975,
          0.75421413,  0.9495242 ],
        [-0.38389234,  0.        ,  0.14135725, ...,  0.83340168,
          0.9484993 ,  0.99719427],
        [-0.51056369, -0.14135725,  0.        , ...,  0.9031568 ,
          0.98375413,  0.97659949],
        ...,
        [-0.55737975, -0.83340168, -0.9031568 , ...,  0.        ,
         -0.26020062, -0.6135032 ],
        [-0.75421413, -0.9484993 , -0.98375413, ...,  0.26020062,
          0.        , -0.3868924 ],
        [-0.9495242 , -0.99719427, -0.97659949, ...,  0.6135032 ,
          0.3868924 ,  0.        ]],

       [[ 0.        ,  0.42807729,  0.5714945 , ...,  0.88215937,
          0.87178383,  0.81316797],
        [-0.42807729,  0.        ,  0.1652009 , ...,  0.99884801,
          0.99757888,  0.98404758],
        [-0.5714945 , -0.1652009 ,  0.        , ...,  0.99305109,
          0.99536082,  0.99991685],
        ...,
        [-0.88215937, -0.99884801, -0.99305109, ...,  0.        ,
          0.02159425,  0.13048014],
        [-0.87178383, -0.99757888, -0.99536082, ..., -0.02159425,
          0.        ,  0.10904007],
        [-0.81316797, -0.98404758, -0.99991685, ..., -0.13048014,
         -0.10904007,  0.        ]]]), 'num': array([ 8.54743980e-01,  5.19047688e-01,  5.14871613e-05,  2.97429564e-08,
        1.92707400e-04,  1.96549726e-04,  1.91820710e-04,  1.38282338e-03,
       -1.18225399e-06,  1.94658119e-04,  1.99860037e-04,  2.02436365e-04,
        8.48376706e-07,  2.14402962e-04,  1.85317111e-04])}
{'img': array([[[ 0.        , -0.32096827,  0.13701623, ...,  0.70992272,
          0.59898425,  0.55629372],
        [ 0.32096827,  0.        ,  0.44770785, ...,  0.89841208,
          0.82431078,  0.79358024],
        [-0.13701623, -0.44770785,  0.        , ...,  0.60672957,
          0.48361789,  0.43718867],
        ...,
        [-0.70992272, -0.89841208, -0.60672957, ...,  0.        ,
         -0.14662591, -0.19814936],
        [-0.59898425, -0.82431078, -0.48361789, ...,  0.14662591,
          0.        , -0.05228917],
        [-0.55629372, -0.79358024, -0.43718867, ...,  0.19814936,
          0.05228917,  0.        ]],

       [[ 0.        , -0.45869516, -0.56994295, ..., -0.69683245,
         -0.737974  , -0.62797116],
        [ 0.45869516,  0.        , -0.12954511, ..., -0.29020917,
         -0.34621818, -0.20103784],
        [ 0.56994295,  0.12954511,  0.        , ..., -0.16379383,
         -0.22176752, -0.07244355],
        ...,
        [ 0.69683245,  0.29020917,  0.16379383, ...,  0.        ,
         -0.05905717,  0.09189829],
        [ 0.737974  ,  0.34621818,  0.22176752, ...,  0.05905717,
          0.        ,  0.15054515],
        [ 0.62797116,  0.20103784,  0.07244355, ..., -0.09189829,
         -0.15054515,  0.        ]],

       [[ 0.        ,  0.35986993,  0.5000354 , ...,  0.93771906,
          0.94904636,  0.95148591],
        [-0.35986993,  0.        ,  0.15488512, ...,  0.74987736,
          0.77205447,  0.77700951],
        [-0.5000354 , -0.15488512,  0.        , ...,  0.63835979,
          0.66429947,  0.67013448],
        ...,
        [-0.93771906, -0.74987736, -0.63835979, ...,  0.        ,
          0.03418405,  0.04201207],
        [-0.94904636, -0.77205447, -0.66429947, ..., -0.03418405,
          0.        ,  0.00783365],
        [-0.95148591, -0.77700951, -0.67013448, ..., -0.04201207,
         -0.00783365,  0.        ]],

       ...,

       [[ 0.        , -0.11967927, -0.16612185, ..., -0.99657219,
         -0.99984936, -0.99798173],
        [ 0.11967927,  0.        , -0.04691152, ..., -0.97950865,
         -0.99058584, -0.99840868],
        [ 0.16612185,  0.04691152,  0.        , ..., -0.96898218,
         -0.9830734 , -0.99466403],
        ...,
        [ 0.99657219,  0.97950865,  0.96898218, ...,  0.        ,
         -0.06541819, -0.14584475],
        [ 0.99984936,  0.99058584,  0.9830734 , ...,  0.06541819,
          0.        , -0.08081364],
        [ 0.99798173,  0.99840868,  0.99466403, ...,  0.14584475,
          0.08081364,  0.        ]],

       [[ 0.        ,  0.35745361,  0.53839336, ...,  0.76590853,
          0.95812412,  0.99960581],
        [-0.35745361,  0.        ,  0.20159831, ...,  0.94513027,
          0.99717971,  0.9435984 ],
        [-0.53839336, -0.20159831,  0.        , ...,  0.99158602,
          0.96157578,  0.85747708],
        ...,
        [-0.76590853, -0.94513027, -0.99158602, ...,  0.        ,
         -0.39670511, -0.62119292],
        [-0.95812412, -0.99717971, -0.96157578, ...,  0.39670511,
          0.        , -0.25934061],
        [-0.99960581, -0.9435984 , -0.85747708, ...,  0.62119292,
          0.25934061,  0.        ]],

       [[ 0.        ,  0.40871917,  0.52582592, ...,  0.88578366,
          0.82788664,  0.78202108],
        [-0.40871917,  0.        ,  0.13224705, ...,  0.9981054 ,
          0.98482791,  0.96845455],
        [-0.52582592, -0.13224705,  0.        , ...,  0.99747564,
          0.99912729,  0.99290308],
        ...,
        [-0.88578366, -0.9981054 , -0.99747564, ...,  0.        ,
          0.11261117,  0.18913171],
        [-0.82788664, -0.98482791, -0.99912729, ..., -0.11261117,
          0.        ,  0.07734993],
        [-0.78202108, -0.96845455, -0.99290308, ..., -0.18913171,
         -0.07734993,  0.        ]]]), 'num': array([ 9.45834197e-01,  3.24645300e-01,  9.55675226e-05,  2.48994088e-08,
        2.13027743e-04,  2.15321887e-04,  2.07783983e-04,  1.64758933e-03,
       -6.55469977e-07,  2.15977357e-04,  2.20221526e-04,  2.24635023e-04,
        1.04740048e-06,  2.34105232e-04,  2.06337819e-04])}
{'img': array([[[ 0.        ,  0.44770785,  0.5237828 , ...,  0.82431078,
          0.79358024,  0.77689544],
        [-0.44770785,  0.        ,  0.08697529, ...,  0.48361789,
          0.43718867,  0.41279416],
        [-0.5237828 , -0.08697529,  0.        , ...,  0.40565754,
          0.35730898,  0.33201065],
        ...,
        [-0.82431078, -0.48361789, -0.40565754, ...,  0.        ,
         -0.05228917, -0.07918079],
        [-0.79358024, -0.43718867, -0.35730898, ...,  0.05228917,
          0.        , -0.02694748],
        [-0.77689544, -0.41279416, -0.33201065, ...,  0.07918079,
          0.02694748,  0.        ]],

       [[ 0.        , -0.12954511, -0.14427066, ..., -0.34621818,
         -0.20103784, -0.18183085],
        [ 0.12954511,  0.        , -0.01486513, ..., -0.22176752,
         -0.07244355, -0.05291309],
        [ 0.14427066,  0.01486513,  0.        , ..., -0.20724804,
         -0.05760948, -0.03806294],
        ...,
        [ 0.34621818,  0.22176752,  0.20724804, ...,  0.        ,
          0.15054515,  0.16986132],
        [ 0.20103784,  0.07244355,  0.05760948, ..., -0.15054515,
          0.        ,  0.019568  ],
        [ 0.18183085,  0.05291309,  0.03806294, ..., -0.16986132,
         -0.019568  ,  0.        ]],

       [[ 0.        ,  0.36583339,  0.52501797, ...,  0.93267459,
          0.93561703,  0.93753836],
        [-0.36583339,  0.        ,  0.17726635, ...,  0.73605892,
          0.7416151 ,  0.74528173],
        [-0.52501797, -0.17726635,  0.        , ...,  0.6044072 ,
          0.61095526,  0.61528635],
        ...,
        [-0.93267459, -0.73605892, -0.6044072 , ...,  0.        ,
          0.00824502,  0.01372717],
        [-0.93561703, -0.7416151 , -0.61095526, ..., -0.00824502,
          0.        ,  0.00548246],
        [-0.93753836, -0.74528173, -0.61528635, ..., -0.01372717,
         -0.00548246,  0.        ]],

       ...,

       [[ 0.        , -0.04691152, -0.11018709, ..., -0.99058584,
         -0.99840868, -0.98992787],
        [ 0.04691152,  0.        , -0.06343991, ..., -0.9830734 ,
         -0.99466403, -0.98219661],
        [ 0.11018709,  0.06343991,  0.        , ..., -0.96947019,
         -0.98611552, -0.96830058],
        ...,
        [ 0.99058584,  0.9830734 ,  0.96947019, ...,  0.        ,
         -0.08081364,  0.00472571],
        [ 0.99840868,  0.99466403,  0.98611552, ...,  0.08081364,
          0.        ,  0.08552298],
        [ 0.98992787,  0.98219661,  0.96830058, ..., -0.00472571,
         -0.08552298,  0.        ]],

       [[ 0.        ,  0.27814024,  0.40750161, ...,  0.99723071,
          0.98135411,  0.93902048],
        [-0.27814024,  0.        ,  0.13742288, ...,  0.97856578,
          0.88916943,  0.80632554],
        [-0.40750161, -0.13742288,  0.        , ...,  0.9409815 ,
          0.8178517 ,  0.71739372],
        ...,
        [-0.99723071, -0.97856578, -0.9409815 , ...,  0.        ,
         -0.26465965, -0.41274402],
        [-0.98135411, -0.88916943, -0.8178517 , ...,  0.26465965,
          0.        , -0.15696189],
        [-0.93902048, -0.80632554, -0.71739372, ...,  0.41274402,
          0.15696189,  0.        ]],

       [[ 0.        ,  0.35438995,  0.52721601, ...,  0.84112282,
          0.79542796,  0.77667261],
        [-0.35438995,  0.        ,  0.19186226, ...,  0.97820177,
          0.95858025,  0.94949661],
        [-0.52721601, -0.19186226,  0.        , ...,  0.99987008,
          0.99541832,  0.99205875],
        ...,
        [-0.84112282, -0.97820177, -0.99987008, ...,  0.        ,
          0.07955835,  0.10976819],
        [-0.79542796, -0.95858025, -0.99541832, ..., -0.07955835,
          0.        ,  0.03034264],
        [-0.77667261, -0.94949661, -0.99205875, ..., -0.10976819,
         -0.03034264,  0.        ]]]), 'num': array([9.56873902e-01, 2.90493911e-01, 9.93114741e-05, 1.80353038e-08,
       2.17628998e-04, 2.19899345e-04, 2.10169285e-04, 2.28847756e-03,
       6.81104166e-06, 2.13866708e-04, 2.17174928e-04, 2.22607545e-04,
       1.49251650e-06, 2.29085411e-04, 2.05264445e-04])}
{'img': array([[[ 0.        ,  0.10066135,  0.1441337 , ...,  0.4733461 ,
          0.44836552,  0.67111876],
        [-0.10066135,  0.        ,  0.04379134, ...,  0.38227163,
          0.35611198,  0.5930847 ],
        [-0.1441337 , -0.04379134,  0.        , ...,  0.34143953,
          0.31484983,  0.55725759],
        ...,
        [-0.4733461 , -0.38227163, -0.34143953, ...,  0.        ,
         -0.02814589,  0.24025771],
        [-0.44836552, -0.35611198, -0.31484983, ...,  0.02814589,
          0.        ,  0.267484  ],
        [-0.67111876, -0.5930847 , -0.55725759, ..., -0.24025771,
         -0.267484  ,  0.        ]],

       [[ 0.        , -0.01486513,  0.126229  , ..., -0.07244355,
         -0.05291309,  0.0449634 ],
        [ 0.01486513,  0.        ,  0.14096127, ..., -0.05760948,
         -0.03806294,  0.05980852],
        [-0.126229  , -0.14096127,  0.        , ..., -0.19776142,
         -0.17854201, -0.08149759],
        ...,
        [ 0.07244355,  0.05760948,  0.19776142, ...,  0.        ,
          0.019568  ,  0.11721554],
        [ 0.05291309,  0.03806294,  0.17854201, ..., -0.019568  ,
          0.        ,  0.09775999],
        [-0.0449634 , -0.05980852,  0.08149759, ..., -0.11721554,
         -0.09775999,  0.        ]],

       [[ 0.        ,  0.39761305,  0.50741447, ...,  0.91581704,
          0.91813118,  0.92040875],
        [-0.39761305,  0.        ,  0.12295575, ...,  0.68063114,
          0.68486944,  0.68907421],
        [-0.50741447, -0.12295575,  0.        , ...,  0.585386  ,
          0.59007911,  0.59474072],
        ...,
        [-0.91581704, -0.68063114, -0.585386  , ...,  0.        ,
          0.00580071,  0.01158675],
        [-0.91813118, -0.68486944, -0.59007911, ..., -0.00580071,
          0.        ,  0.00578623],
        [-0.92040875, -0.68907421, -0.59474072, ..., -0.01158675,
         -0.00578623,  0.        ]],

       ...,

       [[ 0.        , -0.06343991, -0.1538535 , ..., -0.99466403,
         -0.98219661, -0.86127909],
        [ 0.06343991,  0.        , -0.09085901, ..., -0.98611552,
         -0.96830058, -0.82730832],
        [ 0.1538535 ,  0.09085901,  0.        , ..., -0.9669486 ,
         -0.94159998, -0.77284651],
        ...,
        [ 0.99466403,  0.98611552,  0.9669486 , ...,  0.        ,
          0.08552298,  0.41656508],
        [ 0.98219661,  0.96830058,  0.94159998, ..., -0.08552298,
          0.        ,  0.33728942],
        [ 0.86127909,  0.82730832,  0.77284651, ..., -0.41656508,
         -0.33728942,  0.        ]],

       [[ 0.        ,  0.13742288,  0.23667707, ...,  0.88916943,
          0.80632554,  0.73263042],
        [-0.13742288,  0.        ,  0.10091312, ...,  0.8178517 ,
          0.71739372,  0.63214589],
        [-0.23667707, -0.10091312,  0.        , ...,  0.75560843,
          0.64342867,  0.55072647],
        ...,
        [-0.88916943, -0.8178517 , -0.75560843, ...,  0.        ,
         -0.15696189, -0.26995679],
        [-0.80632554, -0.71739372, -0.64342867, ...,  0.15696189,
          0.        , -0.11547631],
        [-0.73263042, -0.63214589, -0.55072647, ...,  0.26995679,
          0.11547631,  0.        ]],

       [[ 0.        ,  0.41070026,  0.56592447, ...,  0.80532381,
          0.78657743,  0.76096496],
        [-0.41070026,  0.        ,  0.17738845, ...,  0.97774799,
          0.97078202,  0.96028479],
        [-0.56592447, -0.17738845,  0.        , ...,  0.99945487,
          0.99795298,  0.99455078],
        ...,
        [-0.80532381, -0.97774799, -0.99945487, ...,  0.        ,
          0.03096995,  0.07136163],
        [-0.78657743, -0.97078202, -0.99795298, ..., -0.03096995,
          0.        ,  0.0404364 ],
        [-0.76096496, -0.96028479, -0.99455078, ..., -0.07136163,
         -0.0404364 ,  0.        ]]]), 'num': array([9.86168266e-01, 1.65726767e-01, 1.18049136e-04, 9.07333927e-08,
       2.25643976e-04, 2.26617979e-04, 2.16228616e-04, 2.52760214e-03,
       7.79202221e-06, 2.15839015e-04, 2.17429886e-04, 2.23214381e-04,
       1.76871151e-06, 2.29438375e-04, 2.05421398e-04])}
{'img': array([[[ 0.        ,  0.04379134,  0.15866262, ...,  0.35611198,
          0.5930847 ,  0.78740836],
        [-0.04379134,  0.        ,  0.11527379, ...,  0.31484983,
          0.55725759,  0.75965863],
        [-0.15866262, -0.11527379,  0.        , ...,  0.20333983,
          0.45782638,  0.67962947],
        ...,
        [-0.35611198, -0.31484983, -0.20333983, ...,  0.        ,
          0.267484  ,  0.51626974],
        [-0.5930847 , -0.55725759, -0.45782638, ..., -0.267484  ,
          0.        ,  0.26837779],
        [-0.78740836, -0.75965863, -0.67962947, ..., -0.51626974,
         -0.26837779,  0.        ]],

       [[ 0.        ,  0.14096127,  0.04790354, ..., -0.03806294,
          0.05980852,  0.09032468],
        [-0.14096127,  0.        , -0.09337421, ..., -0.17854201,
         -0.08149759, -0.05096227],
        [-0.04790354,  0.09337421,  0.        , ..., -0.08588808,
          0.01192207,  0.04251326],
        ...,
        [ 0.03806294,  0.17854201,  0.08588808, ...,  0.        ,
          0.09775999,  0.12816659],
        [-0.05980852,  0.08149759, -0.01192207, ..., -0.09775999,
          0.        ,  0.03059894],
        [-0.09032468,  0.05096227, -0.04251326, ..., -0.12816659,
         -0.03059894,  0.        ]],

       [[ 0.        ,  0.33632055,  0.44688614, ...,  0.88982052,
          0.89264375,  0.92667368],
        [-0.33632055,  0.        ,  0.11998465, ...,  0.68451966,
          0.68904429,  0.74628094],
        [-0.44688614, -0.11998465,  0.        , ...,  0.59210638,
          0.59711127,  0.66102411],
        ...,
        [-0.88982052, -0.68451966, -0.59210638, ...,  0.        ,
          0.00622486,  0.08839706],
        [-0.89264375, -0.68904429, -0.59711127, ..., -0.00622486,
          0.        ,  0.08219485],
        [-0.92667368, -0.74628094, -0.66102411, ..., -0.08839706,
         -0.08219485,  0.        ]],

       ...,

       [[ 0.        , -0.09085901, -0.38376455, ..., -0.96830058,
         -0.82730832, -0.69863423],
        [ 0.09085901,  0.        , -0.29827519, ..., -0.94159998,
         -0.77284651, -0.6307368 ],
        [ 0.38376455,  0.29827519,  0.        , ..., -0.79829901,
         -0.54838312, -0.37056501],
        ...,
        [ 0.96830058,  0.94159998,  0.79829901, ...,  0.        ,
          0.33728942,  0.51828836],
        [ 0.82730832,  0.77284651,  0.54838312, ..., -0.33728942,
          0.        ,  0.19946528],
        [ 0.69863423,  0.6307368 ,  0.37056501, ..., -0.51828836,
         -0.19946528,  0.        ]],

       [[ 0.        ,  0.10091312,  0.12015832, ...,  0.71739372,
          0.63214589,  0.63627837],
        [-0.10091312,  0.        ,  0.01936297, ...,  0.64342867,
          0.55072647,  0.55517993],
        [-0.12015832, -0.01936297,  0.        , ...,  0.62848557,
          0.53446122,  0.53897108],
        ...,
        [-0.71739372, -0.64342867, -0.62848557, ...,  0.        ,
         -0.11547631, -0.11016549],
        [-0.63214589, -0.55072647, -0.53446122, ...,  0.11547631,
          0.        ,  0.00534492],
        [-0.63627837, -0.55517993, -0.53897108, ...,  0.11016549,
         -0.00534492,  0.        ]],

       [[ 0.        ,  0.41754315,  0.64880701, ...,  0.80012101,
          0.77449133,  0.77582403],
        [-0.41754315,  0.        ,  0.27181238, ...,  0.97749414,
          0.96787838,  0.96840659],
        [-0.64880701, -0.27181238,  0.        , ...,  0.99803398,
          0.99977677,  0.99972998],
        ...,
        [-0.80012101, -0.97749414, -0.99803398, ...,  0.        ,
          0.04157436,  0.03946662],
        [-0.77449133, -0.96787838, -0.99977677, ..., -0.04157436,
          0.        , -0.00210947],
        [-0.77582403, -0.96840659, -0.99972998, ..., -0.03946662,
          0.00210947,  0.        ]]]), 'num': array([ 9.23941711e-01,  3.82529598e-01,  8.04475650e-05,  1.79682272e-07,
        2.08717083e-04,  2.15229800e-04,  2.05615789e-04,  1.57018513e-03,
       -6.82284668e-06,  2.07228462e-04,  2.07290487e-04,  2.13446556e-04,
        1.51942589e-06,  2.17996736e-04,  1.96584239e-04])}
{'img': array([[[ 0.        ,  0.11527379,  0.16629127, ...,  0.55725759,
          0.75965863,  0.57677004],
        [-0.11527379,  0.        ,  0.05151393, ...,  0.45782638,
          0.67962947,  0.47875723],
        [-0.16629127, -0.05151393,  0.        , ...,  0.41142048,
          0.64093878,  0.43289506],
        ...,
        [-0.55725759, -0.45782638, -0.41142048, ...,  0.        ,
          0.26837779,  0.02368766],
        [-0.75965863, -0.67962947, -0.64093878, ..., -0.26837779,
          0.        , -0.24548384],
