state_0,state_1,state_2,state_3,state_4,state_5,state_6,state_7,state_8,state_9,state_10,state_11,state_12,state_13,state_14,state_15,state_16,state_17,state_18,state_19,state_20,state_21,state_22,state_23,state_24,state_25,state_26,state_27,state_28,state_29,state_30,state_31,state_32,state_33,state_34,state_35,state_36,state_37,state_38,state_39,state_40,state_41,state_42,state_43,state_44,state_45,state_46,state_47,state_48,state_49,state_50,state_51,state_52,state_53,state_54,state_55,state_56,state_57,state_58,state_59,state_60,state_61,state_62,state_63,state_64,state_65,state_66,state_67,state_68,state_69,state_70,state_71,state_72,state_73,state_74,state_75,state_76,state_77,state_78,state_79,state_80,state_81,state_82,state_83,state_84,state_85,state_86,state_87,state_88,state_89,state_90,state_91,state_92,state_93,state_94,state_95,state_96,state_97,state_98,state_99,state_100,state_101,state_102,state_103,state_104,state_105,state_106,state_107,state_108,state_109,state_110,state_111,state_112,state_113,state_114,state_115,state_116,state_117,state_118,state_119,state_120,state_121,state_122,state_123,state_124,state_125,state_126,state_127,state_128,state_129,state_130,state_131,state_132,state_133,state_134,state_135,state_136,state_137,state_138,state_139,state_140,state_141,state_142,state_143,state_144,state_145,state_146,state_147,state_148,state_149,state_150,state_151,state_152,state_153,state_154,state_155,state_156,state_157,state_158,state_159,state_160,state_161,state_162,state_163,state_164,state_165,state_166,state_167,state_168,state_169,state_170,state_171,state_172,state_173,state_174,state_175,state_176,state_177,state_178,state_179,state_180,state_181,state_182,state_183,state_184,state_185,state_186,state_187,state_188,state_189,state_190,state_191,state_192,state_193,state_194,state_195,state_196,state_197,state_198,state_199,state_200,state_201,state_202,state_203,state_204,state_205,state_206,state_207,state_208,state_209,state_210,state_211,state_212,state_213,state_214,state_215,state_216,state_217,state_218,state_219,state_220,state_221,state_222,state_223,state_224,state_225,state_226,state_227,state_228,state_229,state_230,state_231,state_232,state_233,state_234,state_235,state_236,state_237,state_238,state_239,state_240,state_241,state_242,state_243,state_244,state_245,state_246,state_247,state_248,state_249,state_250,state_251,state_252,state_253,state_254,state_255,state_256,state_257,state_258,state_259,state_260,state_261,state_262,state_263,state_264,state_265,state_266,state_267,state_268,state_269,state_270,state_271,state_272,state_273,state_274,state_275,state_276,state_277,state_278,state_279,state_280,state_281,state_282,state_283,state_284,state_285,state_286,state_287
{'img': array([[[ 0.        ,  0.04148187,  0.04658152, ...,  0.80755075,
          0.80755075,  0.89114381],
        [-0.04148187,  0.        ,  0.00510459, ...,  0.83132158,
          0.83132158,  0.90919795],
        [-0.04658152, -0.00510459,  0.        , ...,  0.83414784,
          0.83414784,  0.91131148],
        ...,
        [-0.80755075, -0.83132158, -0.83414784, ...,  0.        ,
          0.        , -0.15919221],
        [-0.80755075, -0.83132158, -0.83414784, ...,  0.        ,
          0.        , -0.15919221],
        [-0.89114381, -0.90919795, -0.91131148, ...,  0.15919221,
          0.15919221,  0.        ]],

       [[ 0.        ,  0.04671443,  0.34626643, ...,  0.82908355,
          0.72250246,  0.44374397],
        [-0.04671443,  0.        ,  0.3020639 , ...,  0.80205923,
          0.68941681,  0.40139622],
        [-0.34626643, -0.3020639 ,  0.        , ...,  0.58418718,
          0.43840808,  0.10598438],
        ...,
        [-0.82908355, -0.80205923, -0.58418718, ...,  0.        ,
         -0.16923313, -0.49487798],
        [-0.72250246, -0.68941681, -0.43840808, ...,  0.16923313,
          0.        , -0.34068265],
        [-0.44374397, -0.40139622, -0.10598438, ...,  0.49487798,
          0.34068265,  0.        ]],

       [[ 0.        ,  0.10457386,  0.18575131, ...,  0.96898607,
          0.91736118,  0.59980256],
        [-0.10457386,  0.        ,  0.08197892, ...,  0.98951505,
          0.95395764,  0.68018849],
        [-0.18575131, -0.08197892,  0.        , ...,  0.9980246 ,
          0.97533554,  0.73799262],
        ...,
        [-0.96898607, -0.98951505, -0.9980246 , ...,  0.        ,
          0.15901657,  0.62711189],
        [-0.91736118, -0.95395764, -0.97533554, ..., -0.15901657,
          0.        ,  0.49526982],
        [-0.59980256, -0.68018849, -0.73799262, ..., -0.62711189,
         -0.49526982,  0.        ]],

       ...,

       [[ 0.        , -0.06166158, -0.12642367, ...,  0.48124852,
          0.38894656,  0.31065646],
        [ 0.06166158,  0.        , -0.06501628, ...,  0.53438432,
          0.4450128 ,  0.36867602],
        [ 0.12642367,  0.06501628,  0.        , ...,  0.58820813,
          0.5022949 ,  0.42833237],
        ...,
        [-0.48124852, -0.53438432, -0.58820813, ...,  0.        ,
         -0.10241075, -0.18512088],
        [-0.38894656, -0.4450128 , -0.5022949 , ...,  0.10241075,
          0.        , -0.08350689],
        [-0.31065646, -0.36867602, -0.42833237, ...,  0.18512088,
          0.08350689,  0.        ]],

       [[ 0.        , -0.05060491,  0.24338303, ...,  0.6659958 ,
          0.48101893,  0.05060491],
        [ 0.05060491,  0.        ,  0.29215443, ...,  0.62739348,
          0.43603678,  0.        ],
        [-0.24338303, -0.29215443,  0.        , ...,  0.82752239,
          0.6799312 ,  0.29215443],
        ...,
        [-0.6659958 , -0.62739348, -0.82752239, ...,  0.        ,
          0.2250666 ,  0.62739348],
        [-0.48101893, -0.43603678, -0.6799312 , ..., -0.2250666 ,
          0.        ,  0.43603678],
        [-0.05060491, -0.        , -0.29215443, ..., -0.62739348,
         -0.43603678,  0.        ]],

       [[ 0.        ,  0.00165991, -0.03077379, ...,  0.89884334,
          0.93978057,  0.94886937],
        [-0.00165991,  0.        , -0.03243287, ...,  0.89956959,
          0.9403466 ,  0.94939205],
        [ 0.03077379,  0.03243287,  0.        , ...,  0.88493039,
          0.92881765,  0.93870563],
        ...,
        [-0.89884334, -0.89956959, -0.88493039, ...,  0.        ,
         -0.10467245, -0.13212408],
        [-0.93978057, -0.9403466 , -0.92881765, ...,  0.10467245,
          0.        , -0.02764348],
        [-0.94886937, -0.94939205, -0.93870563, ...,  0.13212408,
          0.02764348,  0.        ]]]), 'num': array([7.07074204e-01, 7.07074204e-01, 0.00000000e+00, 0.00000000e+00,
       8.33919031e-05, 8.44203747e-05, 7.93637228e-05, 9.59648824e-03,
       1.71411928e-06, 8.09407126e-05, 7.16201890e-05, 6.17290065e-05,
       6.26460635e-07, 8.55799279e-05, 5.76604500e-05])}
{'img': array([[[ 0.00000000e+00,  4.98986650e-03, -4.05610577e-02, ...,
          9.73120640e-01,  9.80036966e-01,  8.20753811e-01],
        [-4.98986650e-03,  0.00000000e+00, -4.55463129e-02, ...,
          9.74257671e-01,  9.81016827e-01,  8.23594214e-01],
        [ 4.05610577e-02,  4.55463129e-02,  0.00000000e+00, ...,
          9.62978775e-01,  9.71166295e-01,  7.96906577e-01],
        ...,
        [-9.73120640e-01, -9.74257671e-01, -9.62978775e-01, ...,
          0.00000000e+00, -3.22272087e-02,  3.66910086e-01],
        [-9.80036966e-01, -9.81016827e-01, -9.71166295e-01, ...,
          3.22272087e-02,  0.00000000e+00,  3.96699069e-01],
        [-8.20753811e-01, -8.23594214e-01, -7.96906577e-01, ...,
         -3.66910086e-01, -3.96699069e-01,  0.00000000e+00]],

       [[ 0.00000000e+00,  3.02063901e-01, -1.75160958e-01, ...,
          6.89416813e-01,  4.01396222e-01,  2.38092279e-01],
        [-3.02063901e-01,  0.00000000e+00, -4.64372719e-01, ...,
          4.38408076e-01,  1.05984384e-01, -6.64068740e-02],
        [ 1.75160958e-01,  4.64372719e-01,  0.00000000e+00, ...,
          8.05638742e-01,  5.55621272e-01,  4.04535101e-01],
        ...,
        [-6.89416813e-01, -4.38408076e-01, -8.05638742e-01, ...,
          0.00000000e+00, -3.40682648e-01, -4.97125253e-01],
        [-4.01396222e-01, -1.05984384e-01, -5.55621272e-01, ...,
          3.40682648e-01,  0.00000000e+00, -1.71783293e-01],
        [-2.38092279e-01,  6.64068740e-02, -4.04535101e-01, ...,
          4.97125253e-01,  1.71783293e-01,  0.00000000e+00]],

       [[ 0.00000000e+00,  7.88937545e-02,  1.17837349e-01, ...,
          9.92222061e-01,  9.43544389e-01,  6.61372340e-01],
        [-7.88937545e-02,  0.00000000e+00,  3.91259585e-02, ...,
          9.98950064e-01,  9.66736639e-01,  7.18485734e-01],
        [-1.17837349e-01, -3.91259585e-02,  0.00000000e+00, ...,
          9.99977606e-01,  9.76003793e-01,  7.45149315e-01],
        ...,
        [-9.92222061e-01, -9.98950064e-01, -9.99977606e-01, ...,
          0.00000000e+00,  2.11216871e-01,  6.61895922e-01],
        [-9.43544389e-01, -9.66736639e-01, -9.76003793e-01, ...,
         -2.11216871e-01,  0.00000000e+00,  4.88635767e-01],
        [-6.61372340e-01, -7.18485734e-01, -7.45149315e-01, ...,
         -6.61895922e-01, -4.88635767e-01,  0.00000000e+00]],

       ...,

       [[ 0.00000000e+00, -6.50162752e-02,  2.85901082e-01, ...,
          4.45012805e-01,  3.68676020e-01,  4.03161083e-01],
        [ 6.50162752e-02,  0.00000000e+00,  3.47598613e-01, ...,
          5.02294896e-01,  4.28332373e-01,  4.61806357e-01],
        [-2.85901082e-01, -3.47598613e-01,  0.00000000e+00, ...,
          1.70406246e-01,  8.75255393e-02,  1.24696411e-01],
        ...,
        [-4.45012805e-01, -5.02294896e-01, -1.70406246e-01, ...,
          0.00000000e+00, -8.35068922e-02, -4.62036276e-02],
        [-3.68676020e-01, -4.28332373e-01, -8.75255393e-02, ...,
          8.35068922e-02,  0.00000000e+00,  3.73754629e-02],
        [-4.03161083e-01, -4.61806357e-01, -1.24696411e-01, ...,
          4.62036276e-02, -3.73754629e-02,  0.00000000e+00]],

       [[ 0.00000000e+00,  2.84946138e-01,  3.73374582e-01, ...,
          5.92830402e-01,  4.35030464e-01,  0.00000000e+00],
        [-2.84946138e-01,  0.00000000e+00,  9.35567659e-02, ...,
          7.97728659e-01,  6.73565623e-01,  2.84946138e-01],
        [-3.73374582e-01, -9.35567659e-02,  0.00000000e+00, ...,
          8.50646060e-01,  7.39761700e-01,  3.73374582e-01],
        ...,
        [-5.92830402e-01, -7.97728659e-01, -8.50646060e-01, ...,
          0.00000000e+00,  1.83451898e-01,  5.92830402e-01],
        [-4.35030464e-01, -6.73565623e-01, -7.39761700e-01, ...,
         -1.83451898e-01,  0.00000000e+00,  4.35030464e-01],
        [-0.00000000e+00, -2.84946138e-01, -3.73374582e-01, ...,
         -5.92830402e-01, -4.35030464e-01,  0.00000000e+00]],

       [[ 0.00000000e+00, -3.24328718e-02, -3.23081934e-02, ...,
          9.40346597e-01,  9.49392048e-01,  9.41985974e-01],
        [ 3.24328718e-02,  0.00000000e+00,  1.24743730e-04, ...,
          9.28817649e-01,  9.38705634e-01,  9.30604244e-01],
        [ 3.23081934e-02, -1.24743730e-04,  0.00000000e+00, ...,
          9.28863864e-01,  9.38748628e-01,  9.30649897e-01],
        ...,
        [-9.40346597e-01, -9.28817649e-01, -9.28863864e-01, ...,
          0.00000000e+00, -2.76434785e-02, -4.85113069e-03],
        [-9.49392048e-01, -9.38705634e-01, -9.38748628e-01, ...,
          2.76434785e-02,  0.00000000e+00,  2.27938764e-02],
        [-9.41985974e-01, -9.30604244e-01, -9.30649897e-01, ...,
          4.85113069e-03, -2.27938764e-02,  0.00000000e+00]]]), 'num': array([ 8.94247529e-01,  4.44018469e-01,  3.98432797e-05, -6.67231956e-11,
        1.13924357e-04,  1.18461168e-04,  9.57771145e-05,  5.62928075e-02,
        1.58284284e-05,  1.00172780e-04,  8.63405483e-05,  7.35206975e-05,
        7.88612788e-07,  1.06307749e-04,  6.63733476e-05])}
{'img': array([[[ 0.00000000e+00, -3.84125729e-02, -1.88171915e-01, ...,
          9.33956127e-01,  9.56913623e-01,  7.39993128e-01],
        [ 3.84125729e-02,  0.00000000e+00, -1.50306663e-01, ...,
          9.46995015e-01,  9.67361350e-01,  7.13610136e-01],
        [ 1.88171915e-01,  1.50306663e-01,  0.00000000e+00, ...,
          9.84522357e-01,  9.94459411e-01,  6.00206823e-01],
        ...,
        [-9.33956127e-01, -9.46995015e-01, -9.84522357e-01, ...,
          0.00000000e+00,  7.07937544e-02,  8.92656794e-01],
        [-9.56913623e-01, -9.67361350e-01, -9.94459411e-01, ...,
         -7.07937544e-02,  0.00000000e+00,  8.58507731e-01],
        [-7.39993128e-01, -7.13610136e-01, -6.00206823e-01, ...,
         -8.92656794e-01, -8.58507731e-01,  0.00000000e+00]],

       [[ 0.00000000e+00, -4.64372719e-01, -3.90013343e-01, ...,
          1.05984384e-01, -6.64068740e-02,  7.78575530e-01],
        [ 4.64372719e-01,  0.00000000e+00,  8.21873086e-02, ...,
          5.55621272e-01,  4.04535101e-01,  9.80955053e-01],
        [ 3.90013343e-01, -8.21873086e-02,  0.00000000e+00, ...,
          4.85408104e-01,  3.28004377e-01,  9.61672743e-01],
        ...,
        [-1.05984384e-01, -5.55621272e-01, -4.85408104e-01, ...,
          0.00000000e+00, -1.71783293e-01,  7.07679836e-01],
        [ 6.64068740e-02, -4.04535101e-01, -3.28004377e-01, ...,
          1.71783293e-01,  0.00000000e+00,  8.18530617e-01],
        [-7.78575530e-01, -9.80955053e-01, -9.61672743e-01, ...,
         -7.07679836e-01, -8.18530617e-01,  0.00000000e+00]],

       [[ 0.00000000e+00,  3.67233585e-02,  9.61223338e-03, ...,
          9.99969953e-01,  9.86734568e-01,  6.87047256e-01],
        [-3.67233585e-02,  0.00000000e+00, -2.71159123e-02, ...,
          9.99010763e-01,  9.92030726e-01,  7.13267482e-01],
        [-9.61223338e-03,  2.71159123e-02,  0.00000000e+00, ...,
          9.99849241e-01,  9.88249451e-01,  6.93999887e-01],
        ...,
        [-9.99969953e-01, -9.99010763e-01, -9.99849241e-01, ...,
          0.00000000e+00,  1.69986198e-01,  7.31916902e-01],
        [-9.86734568e-01, -9.92030726e-01, -9.88249451e-01, ...,
         -1.69986198e-01,  0.00000000e+00,  6.05437349e-01],
        [-6.87047256e-01, -7.13267482e-01, -6.93999887e-01, ...,
         -7.31916902e-01, -6.05437349e-01,  0.00000000e+00]],

       ...,

       [[ 0.00000000e+00,  3.47598613e-01,  7.96603423e-02, ...,
          4.28332373e-01,  4.61806357e-01,  7.78634788e-01],
        [-3.47598613e-01,  0.00000000e+00, -2.71800971e-01, ...,
          8.75255393e-02,  1.24696411e-01,  5.11971525e-01],
        [-7.96603423e-02,  2.71800971e-01,  0.00000000e+00, ...,
          3.54988382e-01,  3.89681575e-01,  7.26175274e-01],
        ...,
        [-4.28332373e-01, -8.75255393e-02, -3.54988382e-01, ...,
          0.00000000e+00,  3.73754629e-02,  4.34822070e-01],
        [-4.61806357e-01, -1.24696411e-01, -3.89681575e-01, ...,
         -3.73754629e-02,  0.00000000e+00,  4.00861040e-01],
        [-7.78634788e-01, -5.11971525e-01, -7.26175274e-01, ...,
         -4.34822070e-01, -4.00861040e-01,  0.00000000e+00]],

       [[ 0.00000000e+00,  2.33498720e-01,  2.53274421e-01, ...,
          7.46833463e-01,  6.56638350e-01,  0.00000000e+00],
        [-2.33498720e-01,  0.00000000e+00,  2.03878133e-02, ...,
          8.81468070e-01,  8.14593008e-01,  2.33498720e-01],
        [-2.53274421e-01, -2.03878133e-02,  0.00000000e+00, ...,
          8.90912869e-01,  8.26249296e-01,  2.53274421e-01],
        ...,
        [-7.46833463e-01, -8.81468070e-01, -8.90912869e-01, ...,
          0.00000000e+00,  1.26594176e-01,  7.46833463e-01],
        [-6.56638350e-01, -8.14593008e-01, -8.26249296e-01, ...,
         -1.26594176e-01,  0.00000000e+00,  6.56638350e-01],
        [-0.00000000e+00, -2.33498720e-01, -2.53274421e-01, ...,
         -7.46833463e-01, -6.56638350e-01,  0.00000000e+00]],

       [[ 0.00000000e+00,  1.24743730e-04,  3.94993910e-02, ...,
          9.38705634e-01,  9.30604244e-01,  9.86922859e-01],
        [-1.24743730e-04,  0.00000000e+00,  3.93747443e-02, ...,
          9.38748628e-01,  9.30649897e-01,  9.86942960e-01],
        [-3.94993910e-02, -3.93747443e-02,  0.00000000e+00, ...,
          9.51589284e-01,  9.44335838e-01,  9.92519695e-01],
        ...,
        [-9.38705634e-01, -9.38748628e-01, -9.51589284e-01, ...,
          0.00000000e+00,  2.27938764e-02, -1.88898812e-01],
        [-9.30604244e-01, -9.30649897e-01, -9.44335838e-01, ...,
         -2.27938764e-02,  0.00000000e+00, -2.11233241e-01],
        [-9.86922859e-01, -9.86942960e-01, -9.92519695e-01, ...,
          1.88898812e-01,  2.11233241e-01,  0.00000000e+00]]]), 'num': array([ 9.72603440e-01,  2.31572991e-01,  6.70615791e-05,  8.37728908e-08,
        1.23258558e-04,  1.29951330e-04,  1.21027634e-04,  2.04058279e-02,
       -2.78865515e-06,  1.14156387e-04,  9.77144765e-05,  8.22997204e-05,
        8.00175513e-07,  1.21621720e-04,  7.38072332e-05])}
{'img': array([[[ 0.        , -0.15030666, -0.15030666, ...,  0.96736135,
          0.71361014,  0.92878928],
        [ 0.15030666,  0.        ,  0.        , ...,  0.99445941,
          0.60020682,  0.86253281],
        [ 0.15030666,  0.        ,  0.        , ...,  0.99445941,
          0.60020682,  0.86253281],
        ...,
        [-0.96736135, -0.99445941, -0.99445941, ...,  0.        ,
          0.85850773,  0.59386814],
        [-0.71361014, -0.60020682, -0.60020682, ..., -0.85850773,
          0.        , -0.38618707],
        [-0.92878928, -0.86253281, -0.86253281, ..., -0.59386814,
          0.38618707,  0.        ]],

       [[ 0.        ,  0.08218731,  0.15684203, ...,  0.4045351 ,
          0.98095505,  0.58142064],
        [-0.08218731,  0.        ,  0.07514128, ...,  0.32800438,
          0.96167274,  0.51258578],
        [-0.15684203, -0.07514128,  0.        , ...,  0.25609289,
          0.93835027,  0.44661764],
        ...,
        [-0.4045351 , -0.32800438, -0.25609289, ...,  0.        ,
          0.81853062,  0.20259121],
        [-0.98095505, -0.96167274, -0.93835027, ..., -0.81853062,
          0.        , -0.68517593],
        [-0.58142064, -0.51258578, -0.44661764, ..., -0.20259121,
          0.68517593,  0.        ]],

       [[ 0.        , -0.02618632, -0.06388161, ...,  0.99998149,
          0.9511059 ,  0.69572901],
        [ 0.02618632,  0.        , -0.03772688, ...,  0.9997979 ,
          0.94269171,  0.67668068],
        [ 0.06388161,  0.03772688,  0.        , ...,  0.99832767,
          0.92943246,  0.64842153],
        ...,
        [-0.99998149, -0.9997979 , -0.99832767, ...,  0.        ,
          0.31464577,  0.72252388],
        [-0.9511059 , -0.94269171, -0.92943246, ..., -0.31464577,
          0.        ,  0.4682972 ],
        [-0.69572901, -0.67668068, -0.64842153, ..., -0.72252388,
         -0.4682972 ,  0.        ]],

       ...,

       [[ 0.        , -0.27180097, -0.71796824, ...,  0.12469641,
          0.51197153,  0.04432117],
        [ 0.27180097,  0.        , -0.50174515, ...,  0.38968157,
          0.72617527,  0.31418652],
        [ 0.71796824,  0.50174515,  0.        , ...,  0.79916262,
          0.97310748,  0.74811362],
        ...,
        [-0.12469641, -0.38968157, -0.79916262, ...,  0.        ,
          0.40086104, -0.08059863],
        [-0.51197153, -0.72617527, -0.97310748, ..., -0.40086104,
          0.        , -0.47339643],
        [-0.04432117, -0.31418652, -0.74811362, ...,  0.08059863,
          0.47339643,  0.        ]],

       [[ 0.        ,  0.0964243 ,  0.05464829, ...,  0.7836834 ,
          0.52362354,  0.        ],
        [-0.0964243 ,  0.        , -0.04188657, ...,  0.83992665,
          0.60333229,  0.0964243 ],
        [-0.05464829,  0.04188657,  0.        , ...,  0.81645767,
          0.56939867,  0.05464829],
        ...,
        [-0.7836834 , -0.83992665, -0.81645767, ...,  0.        ,
          0.34240464,  0.7836834 ],
        [-0.52362354, -0.60333229, -0.56939867, ..., -0.34240464,
          0.        ,  0.52362354],
        [-0.        , -0.0964243 , -0.05464829, ..., -0.7836834 ,
         -0.52362354,  0.        ]],

       [[ 0.        ,  0.03937474,  0.11643207, ...,  0.9306499 ,
          0.98694296,  0.97904406],
        [-0.03937474,  0.        ,  0.07723483, ...,  0.94433584,
          0.9925197 ,  0.98630343],
        [-0.11643207, -0.07723483,  0.        , ...,  0.96692399,
          0.99898415,  0.99609647],
        ...,
        [-0.9306499 , -0.94433584, -0.96692399, ...,  0.        ,
         -0.21123324, -0.16871736],
        [-0.98694296, -0.9925197 , -0.99898415, ...,  0.21123324,
          0.        ,  0.04329473],
        [-0.97904406, -0.98630343, -0.99609647, ...,  0.16871736,
         -0.04329473,  0.        ]]]), 'num': array([ 9.48579403e-01,  3.16313944e-01,  5.93676466e-05,  6.32732529e-08,
        1.18779905e-04,  1.24356427e-04,  1.17106949e-04,  1.19376259e-02,
       -4.46121710e-06,  1.16571603e-04,  9.96468606e-05,  8.31858989e-05,
        7.75863844e-07,  1.23759571e-04,  7.55341498e-05])}
{'img': array([[[ 0.        ,  0.        ,  0.27826094, ...,  0.60020682,
          0.86253281,  0.96086277],
        [ 0.        ,  0.        ,  0.27826094, ...,  0.60020682,
          0.86253281,  0.96086277],
        [-0.27826094, -0.27826094,  0.        , ...,  0.79906754,
          0.96926787,  0.99999917],
        ...,
        [-0.60020682, -0.60020682, -0.79906754, ...,  0.        ,
         -0.38618707, -0.60226895],
        [-0.86253281, -0.86253281, -0.96926787, ...,  0.38618707,
          0.        , -0.24725468],
        [-0.96086277, -0.96086277, -0.99999917, ...,  0.60226895,
          0.24725468,  0.        ]],

       [[ 0.        ,  0.07514128,  0.63875862, ...,  0.96167274,
          0.51258578,  0.31234675],
        [-0.07514128,  0.        ,  0.57913854, ...,  0.93835027,
          0.44661764,  0.24008189],
        [-0.63875862, -0.57913854,  0.        , ...,  0.56477043,
         -0.15407398, -0.36647852],
        ...,
        [-0.96167274, -0.93835027, -0.56477043, ...,  0.        ,
         -0.68517593, -0.82791307],
        [-0.51258578, -0.44661764,  0.15407398, ...,  0.68517593,
          0.        , -0.218748  ],
        [-0.31234675, -0.24008189,  0.36647852, ...,  0.82791307,
          0.218748  ,  0.        ]],

       [[ 0.        , -0.03684084, -0.00906567, ...,  0.97776992,
          0.90619649,  0.66476908],
        [ 0.03684084,  0.        ,  0.02777981, ...,  0.96938134,
          0.89000291,  0.6367959 ],
        [ 0.00906567, -0.02777981,  0.        , ...,  0.97582884,
          0.90232577,  0.65796927],
        ...,
        [-0.97776992, -0.96938134, -0.97582884, ...,  0.        ,
          0.22344482,  0.59105271],
        [-0.90619649, -0.89000291, -0.90232577, ..., -0.22344482,
          0.        ,  0.39587092],
        [-0.66476908, -0.6367959 , -0.65796927, ..., -0.59105271,
         -0.39587092,  0.        ]],

       ...,

       [[ 0.        , -0.50174515, -0.09458441, ...,  0.72617527,
          0.31418652,  0.19977243],
        [ 0.50174515,  0.        ,  0.41767877, ...,  0.97310748,
          0.74811362,  0.66443738],
        [ 0.09458441, -0.41767877,  0.        , ...,  0.78794741,
          0.40257274,  0.29155462],
        ...,
        [-0.72617527, -0.97310748, -0.78794741, ...,  0.        ,
         -0.47339643, -0.5741918 ],
        [-0.31418652, -0.74811362, -0.40257274, ...,  0.47339643,
          0.        , -0.11819704],
        [-0.19977243, -0.66443738, -0.29155462, ...,  0.5741918 ,
          0.11819704,  0.        ]],

       [[ 0.        , -0.07799392,  0.20030362, ...,  0.68379515,
          0.45501612,  0.07799392],
        [ 0.07799392,  0.        ,  0.27610675, ...,  0.62480206,
          0.38417779,  0.        ],
        [-0.20030362, -0.27610675,  0.        , ...,  0.81609362,
          0.62416171,  0.27610675],
        ...,
        [-0.68379515, -0.62480206, -0.81609362, ...,  0.        ,
          0.27689465,  0.62480206],
        [-0.45501612, -0.38417779, -0.62416171, ..., -0.27689465,
          0.        ,  0.38417779],
        [-0.07799392, -0.        , -0.27610675, ..., -0.62480206,
         -0.38417779,  0.        ]],

       [[ 0.        ,  0.07723483,  0.09980952, ...,  0.9925197 ,
          0.98630343,  0.91175391],
        [-0.07723483,  0.        ,  0.02266221, ...,  0.99898415,
          0.99609647,  0.94075363],
        [-0.09980952, -0.02266221,  0.        , ...,  0.99974882,
          0.99784107,  0.94819658],
        ...,
        [-0.9925197 , -0.99898415, -0.99974882, ...,  0.        ,
          0.04329473,  0.29635334],
        [-0.98630343, -0.99609647, -0.99784107, ..., -0.04329473,
          0.        ,  0.2547256 ],
        [-0.91175391, -0.94075363, -0.94819658, ..., -0.29635334,
         -0.2547256 ,  0.        ]]]), 'num': array([9.22998106e-01, 3.84492582e-01, 4.85140112e-05, 3.26027488e-08,
       1.17628992e-04, 1.22397735e-04, 1.10210947e-04, 1.54873934e-02,
       4.76874291e-06, 1.14089525e-04, 9.66253285e-05, 8.00292201e-05,
       7.60396043e-07, 1.20379775e-04, 7.28708824e-05])}
{'img': array([[[ 0.00000000e+00,  2.78260935e-01,  3.11236062e-01, ...,
          8.62532805e-01,  9.60862767e-01,  8.40347887e-01],
        [-2.78260935e-01,  0.00000000e+00,  3.45035087e-02, ...,
          9.69267872e-01,  9.99999172e-01,  9.57989411e-01],
        [-3.11236062e-01, -3.45035087e-02,  0.00000000e+00, ...,
          9.77178876e-01,  9.99359353e-01,  9.67314732e-01],
        ...,
        [-8.62532805e-01, -9.69267872e-01, -9.77178876e-01, ...,
          0.00000000e+00, -2.47254678e-01,  4.23167055e-02],
        [-9.60862767e-01, -9.99999172e-01, -9.99359353e-01, ...,
          2.47254678e-01,  0.00000000e+00,  2.88035993e-01],
        [-8.40347887e-01, -9.57989411e-01, -9.67314732e-01, ...,
         -4.23167055e-02, -2.88035993e-01,  0.00000000e+00]],

       [[ 0.00000000e+00,  5.79138544e-01,  1.78935323e-01, ...,
          4.46617636e-01,  2.40081885e-01,  3.55732168e-01],
        [-5.79138544e-01,  0.00000000e+00, -4.23918444e-01, ...,
         -1.54073979e-01, -3.66478522e-01, -2.51252672e-01],
        [-1.78935323e-01,  4.23918444e-01,  0.00000000e+00, ...,
          2.79311708e-01,  6.25052273e-02,  1.82760153e-01],
        ...,
        [-4.46617636e-01,  1.54073979e-01, -2.79311708e-01, ...,
          0.00000000e+00, -2.18748003e-01, -9.91210212e-02],
        [-2.40081885e-01,  3.66478522e-01, -6.25052273e-02, ...,
          2.18748003e-01,  0.00000000e+00,  1.20950306e-01],
        [-3.55732168e-01,  2.51252672e-01, -1.82760153e-01, ...,
          9.91210212e-02, -1.20950306e-01,  0.00000000e+00]],

       [[ 0.00000000e+00,  2.68964845e-02,  6.14396614e-02, ...,
          9.61887050e-01,  9.11136035e-01,  6.21070014e-01],
        [-2.68964845e-02,  0.00000000e+00,  3.45717624e-02, ...,
          9.68893827e-01,  9.21890603e-01,  6.41925583e-01],
        [-6.14396614e-02, -3.45717624e-02,  0.00000000e+00, ...,
          9.76870348e-01,  9.34734352e-01,  6.68050336e-01],
        ...,
        [-9.61887050e-01, -9.68893827e-01, -9.76870348e-01, ...,
          0.00000000e+00,  1.47251673e-01,  5.84054090e-01],
        [-9.11136035e-01, -9.21890603e-01, -9.34734352e-01, ...,
         -1.47251673e-01,  0.00000000e+00,  4.58160996e-01],
        [-6.21070014e-01, -6.41925583e-01, -6.68050336e-01, ...,
         -5.84054090e-01, -4.58160996e-01,  0.00000000e+00]],

       ...,

       [[ 0.00000000e+00,  4.17678767e-01,  4.50108206e-01, ...,
          7.48113618e-01,  6.64437376e-01,  7.48853972e-01],
        [-4.17678767e-01,  0.00000000e+00,  3.59896712e-02, ...,
          4.02572744e-01,  2.91554624e-01,  4.03594446e-01],
        [-4.50108206e-01, -3.59896712e-02,  0.00000000e+00, ...,
          3.69367429e-01,  2.56939673e-01,  3.70404665e-01],
        ...,
        [-7.48113618e-01, -4.02572744e-01, -3.69367429e-01, ...,
          0.00000000e+00, -1.18197038e-01,  1.11641512e-03],
        [-6.64437376e-01, -2.91554624e-01, -2.56939673e-01, ...,
          1.18197038e-01,  0.00000000e+00,  1.19305554e-01],
        [-7.48853972e-01, -4.03594446e-01, -3.70404665e-01, ...,
         -1.11641512e-03, -1.19305554e-01,  0.00000000e+00]],

       [[ 0.00000000e+00,  2.69297519e-01,  3.90033185e-01, ...,
          5.61069327e-01,  4.34442694e-01,  0.00000000e+00],
        [-2.69297519e-01,  0.00000000e+00,  1.27654830e-01, ...,
          7.63257849e-01,  6.60949225e-01,  2.69297519e-01],
        [-3.90033185e-01, -1.27654830e-01,  0.00000000e+00, ...,
          8.39490393e-01,  7.51337865e-01,  3.90033185e-01],
        ...,
        [-5.61069327e-01, -7.63257849e-01, -8.39490393e-01, ...,
          0.00000000e+00,  1.45736736e-01,  5.61069327e-01],
        [-4.34442694e-01, -6.60949225e-01, -7.51337865e-01, ...,
         -1.45736736e-01,  0.00000000e+00,  4.34442694e-01],
        [-0.00000000e+00, -2.69297519e-01, -3.90033185e-01, ...,
         -5.61069327e-01, -4.34442694e-01,  0.00000000e+00]],

       [[ 0.00000000e+00,  2.25589124e-02,  2.15934455e-02, ...,
          9.97624719e-01,  9.52078049e-01,  7.54770970e-01],
        [-2.25589124e-02,  0.00000000e+00, -9.65702061e-04, ...,
          9.98924773e-01,  9.58735519e-01,  7.69377277e-01],
        [-2.15934455e-02,  9.65702061e-04,  0.00000000e+00, ...,
          9.98879537e-01,  9.58460524e-01,  7.68760033e-01],
        ...,
        [-9.97624719e-01, -9.98924773e-01, -9.98879537e-01, ...,
          0.00000000e+00,  2.39546328e-01,  6.02439067e-01],
        [-9.52078049e-01, -9.58735519e-01, -9.58460524e-01, ...,
         -2.39546328e-01,  0.00000000e+00,  3.93701548e-01],
        [-7.54770970e-01, -7.69377277e-01, -7.68760033e-01, ...,
         -6.02439067e-01, -3.93701548e-01,  0.00000000e+00]]]), 'num': array([ 9.84626214e-01,  1.74416399e-01,  7.39917639e-05,  6.36797282e-08,
        1.25186931e-04,  1.26901820e-04,  1.21757152e-04,  9.48830046e-03,
       -1.71488946e-06,  1.25872886e-04,  1.06174523e-04,  8.73764761e-05,
        8.70750824e-07,  1.31999045e-04,  8.03500006e-05])}
{'img': array([[[ 0.00000000e+00,  3.45035087e-02, -8.42272530e-02, ...,
          9.99999172e-01,  9.57989411e-01,  9.84786173e-01],
        [-3.45035087e-02,  0.00000000e+00, -1.18558005e-01, ...,
          9.99359353e-01,  9.67314732e-01,  9.90195501e-01],
        [ 8.42272530e-02,  1.18558005e-01,  0.00000000e+00, ...,
          9.96554123e-01,  9.30428588e-01,  9.66650592e-01],
        ...,
        [-9.99999172e-01, -9.99359353e-01, -9.96554123e-01, ...,
          0.00000000e+00,  2.88035993e-01,  1.75037519e-01],
        [-9.57989411e-01, -9.67314732e-01, -9.30428588e-01, ...,
         -2.88035993e-01,  0.00000000e+00, -1.15969869e-01],
        [-9.84786173e-01, -9.90195501e-01, -9.66650592e-01, ...,
         -1.75037519e-01,  1.15969869e-01,  0.00000000e+00]],

       [[ 0.00000000e+00, -4.23918444e-01, -5.40494453e-01, ...,
         -3.66478522e-01, -2.51252672e-01, -4.46716032e-01],
        [ 4.23918444e-01,  0.00000000e+00, -1.32863268e-01, ...,
          6.25052273e-02,  1.82760153e-01, -2.53213007e-02],
        [ 5.40494453e-01,  1.32863268e-01,  0.00000000e+00, ...,
          1.94554551e-01,  3.11765392e-01,  1.07723855e-01],
        ...,
        [ 3.66478522e-01, -6.25052273e-02, -1.94554551e-01, ...,
          0.00000000e+00,  1.20950306e-01, -8.77569742e-02],
        [ 2.51252672e-01, -1.82760153e-01, -3.11765392e-01, ...,
         -1.20950306e-01,  0.00000000e+00, -2.07596381e-01],
        [ 4.46716032e-01,  2.53213007e-02, -1.07723855e-01, ...,
          8.77569742e-02,  2.07596381e-01,  0.00000000e+00]],

       [[ 0.00000000e+00,  3.37518881e-02,  4.50467088e-02, ...,
          9.65485698e-01,  8.87359410e-01,  6.30214966e-01],
        [-3.37518881e-02,  0.00000000e+00,  1.13034172e-02, ...,
          9.73726490e-01,  9.02416096e-01,  6.56061561e-01],
        [-4.50467088e-02, -1.13034172e-02,  0.00000000e+00, ...,
          9.76238305e-01,  9.07228699e-01,  6.64550420e-01],
        ...,
        [-9.65485698e-01, -9.73726490e-01, -9.76238305e-01, ...,
          0.00000000e+00,  2.14046439e-01,  5.85479761e-01],
        [-8.87359410e-01, -9.02416096e-01, -9.07228699e-01, ...,
         -2.14046439e-01,  0.00000000e+00,  3.98385711e-01],
        [-6.30214966e-01, -6.56061561e-01, -6.64550420e-01, ...,
         -5.85479761e-01, -3.98385711e-01,  0.00000000e+00]],

       ...,

       [[ 0.00000000e+00,  3.59896712e-02,  2.33558698e-02, ...,
          2.91554624e-01,  4.03594446e-01,  6.51111942e-01],
        [-3.59896712e-02,  0.00000000e+00, -1.26391147e-02, ...,
          2.56939673e-01,  3.70404665e-01,  6.23374624e-01],
        [-2.33558698e-02,  1.26391147e-02,  0.00000000e+00, ...,
          2.69133937e-01,  3.82115179e-01,  6.33207650e-01],
        ...,
        [-2.91554624e-01, -2.56939673e-01, -2.69133937e-01, ...,
          0.00000000e+00,  1.19305554e-01,  4.01539223e-01],
        [-4.03594446e-01, -3.70404665e-01, -3.82115179e-01, ...,
         -1.19305554e-01,  0.00000000e+00,  2.89406246e-01],
        [-6.51111942e-01, -6.23374624e-01, -6.33207650e-01, ...,
         -4.01539223e-01, -2.89406246e-01,  0.00000000e+00]],

       [[ 0.00000000e+00,  2.85303860e-01,  3.34389161e-01, ...,
          5.53008441e-01,  3.65409596e-01,  0.00000000e+00],
        [-2.85303860e-01,  0.00000000e+00,  5.16106160e-02, ...,
          7.67732045e-01,  6.15796314e-01,  2.85303860e-01],
        [-3.34389161e-01, -5.16106160e-02,  0.00000000e+00, ...,
          7.99779463e-01,  6.55639915e-01,  3.34389161e-01],
        ...,
        [-5.53008441e-01, -7.67732045e-01, -7.99779463e-01, ...,
          0.00000000e+00,  2.10315778e-01,  5.53008441e-01],
        [-3.65409596e-01, -6.15796314e-01, -6.55639915e-01, ...,
         -2.10315778e-01,  0.00000000e+00,  3.65409596e-01],
        [-0.00000000e+00, -2.85303860e-01, -3.34389161e-01, ...,
         -5.53008441e-01, -3.65409596e-01,  0.00000000e+00]],

       [[ 0.00000000e+00, -9.32732798e-04,  2.50362502e-02, ...,
          9.95320432e-01,  9.70635569e-01,  7.52224660e-01],
        [ 9.32732798e-04,  0.00000000e+00,  2.59686797e-02, ...,
          9.95229870e-01,  9.70410774e-01,  7.51609749e-01],
        [-2.50362502e-02, -2.59686797e-02,  0.00000000e+00, ...,
          9.97427680e-01,  9.76353907e-01,  7.68485424e-01],
        ...,
        [-9.95320432e-01, -9.95229870e-01, -9.97427680e-01, ...,
          0.00000000e+00,  1.45637151e-01,  5.83136314e-01],
        [-9.70635569e-01, -9.70410774e-01, -9.76353907e-01, ...,
         -1.45637151e-01,  0.00000000e+00,  4.58607074e-01],
        [-7.52224660e-01, -7.51609749e-01, -7.68485424e-01, ...,
         -5.83136314e-01, -4.58607074e-01,  0.00000000e+00]]]), 'num': array([ 9.81399483e-01,  1.90598344e-01,  8.03659693e-05,  5.46108130e-08,
        1.22320362e-04,  1.34254056e-04,  1.20580031e-04,  2.29608993e-02,
       -1.37983335e-05,  1.33234719e-04,  1.16794813e-04,  9.57730725e-05,
        7.76689257e-07,  1.43437459e-04,  9.01521663e-05])}
{'img': array([[[ 0.        , -0.11855801, -0.24473757, ...,  0.96731473,
          0.9901955 ,  0.92808724],
        [ 0.11855801,  0.        , -0.12805889, ...,  0.93042859,
          0.96665059,  0.96568815],
        [ 0.24473757,  0.12805889,  0.        , ...,  0.87583781,
          0.925896  ,  0.99099468],
        ...,
        [-0.96731473, -0.93042859, -0.87583781, ...,  0.        ,
         -0.11596987, -0.5955353 ],
        [-0.9901955 , -0.96665059, -0.925896  , ...,  0.11596987,
          0.        , -0.49835509],
        [-0.92808724, -0.96568815, -0.99099468, ...,  0.5955353 ,
          0.49835509,  0.        ]],

       [[ 0.        , -0.13286327, -0.21702613, ...,  0.18276015,
         -0.0253213 ,  0.28365144],
        [ 0.13286327,  0.        , -0.08540548, ...,  0.31176539,
          0.10772386,  0.40854293],
        [ 0.21702613,  0.08540548,  0.        , ...,  0.39177509,
          0.19223876,  0.48500315],
        ...,
        [-0.18276015, -0.31176539, -0.39177509, ...,  0.        ,
         -0.20759638,  0.10362032],
        [ 0.0253213 , -0.10772386, -0.19223876, ...,  0.20759638,
          0.        ,  0.30784178],
        [-0.28365144, -0.40854293, -0.48500315, ..., -0.10362032,
         -0.30784178,  0.        ]],

       [[ 0.        ,  0.01130342,  0.02548304, ...,  0.9024161 ,
          0.65606156,  0.91857898],
        [-0.01130342,  0.        ,  0.01418166, ...,  0.9072287 ,
          0.66455042,  0.92298783],
        [-0.02548304, -0.01418166,  0.        , ...,  0.91310281,
          0.67508074,  0.92835253],
        ...,
        [-0.9024161 , -0.9072287 , -0.91310281, ...,  0.        ,
          0.39838571, -0.03911545],
        [-0.65606156, -0.66455042, -0.67508074, ..., -0.39838571,
          0.        , -0.43395822],
        [-0.91857898, -0.92298783, -0.92835253, ...,  0.03911545,
          0.43395822,  0.        ]],

       ...,

       [[ 0.        , -0.01263911, -0.19492254, ...,  0.37040466,
          0.62337462, -0.07905871],
        [ 0.01263911,  0.        , -0.18251029, ...,  0.38211518,
          0.63320765, -0.06645284],
        [ 0.19492254,  0.18251029,  0.        , ...,  0.5443576 ,
          0.76383193,  0.11677017],
        ...,
        [-0.37040466, -0.38211518, -0.5443576 , ...,  0.        ,
          0.28940625, -0.44268059],
        [-0.62337462, -0.63320765, -0.76383193, ..., -0.28940625,
          0.        , -0.68324129],
        [ 0.07905871,  0.06645284, -0.11677017, ...,  0.44268059,
          0.68324129,  0.        ]],

       [[ 0.        ,  0.07351899,  0.03242219, ...,  0.53261141,
          0.18419662,  0.25544452],
        [-0.07351899,  0.        , -0.04114589, ...,  0.59339359,
          0.25595918,  0.32583315],
        [-0.03242219,  0.04114589,  0.        , ...,  0.55977224,
          0.21596721,  0.28665677],
        ...,
        [-0.53261141, -0.59339359, -0.55977224, ...,  0.        ,
          0.36760148,  0.29874334],
        [-0.18419662, -0.25595918, -0.21596721, ..., -0.36760148,
          0.        , -0.07298806],
        [-0.25544452, -0.32583315, -0.28665677, ..., -0.29874334,
          0.07298806,  0.        ]],

       [[ 0.        ,  0.02476382,  0.11295549, ...,  0.99968307,
          0.9807171 ,  0.72809688],
        [-0.02476382,  0.        ,  0.08831552, ...,  0.99999992,
          0.98525601,  0.74484856],
        [-0.11295549, -0.08831552,  0.        , ...,  0.99612875,
          0.99651576,  0.80086518],
        ...,
        [-0.99968307, -0.99999992, -0.99612875, ...,  0.        ,
          0.17068178,  0.66692752],
        [-0.9807171 , -0.98525601, -0.99651576, ..., -0.17068178,
          0.        ,  0.52996232],
        [-0.72809688, -0.74484856, -0.80086518, ..., -0.66692752,
         -0.52996232,  0.        ]]]), 'num': array([ 9.80948743e-01,  1.93890736e-01,  8.26741604e-05, -5.49363951e-08,
        1.21478316e-04,  1.27475670e-04,  1.21350712e-04,  1.20756336e-02,
       -4.08330473e-06,  1.32860528e-04,  1.20738217e-04,  9.90105694e-05,
        7.26263460e-07,  1.47162584e-04,  9.43138495e-05])}
