state_0,state_1,state_2,state_3,state_4,state_5,state_6,state_7,state_8,state_9,state_10,state_11,state_12,state_13,state_14,state_15,state_16,state_17,state_18,state_19,state_20,state_21,state_22,state_23,state_24,state_25,state_26,state_27,state_28,state_29,state_30,state_31,state_32,state_33,state_34,state_35,state_36,state_37,state_38,state_39,state_40,state_41,state_42,state_43,state_44,state_45,state_46,state_47,state_48,state_49,state_50,state_51,state_52,state_53,state_54,state_55,state_56,state_57,state_58,state_59,state_60,state_61,state_62,state_63,state_64,state_65,state_66,state_67,state_68,state_69,state_70,state_71,state_72,state_73,state_74,state_75,state_76,state_77,state_78,state_79,state_80,state_81,state_82,state_83,state_84,state_85,state_86,state_87,state_88,state_89,state_90,state_91,state_92,state_93,state_94,state_95,state_96,state_97,state_98,state_99,state_100,state_101,state_102,state_103,state_104,state_105,state_106,state_107,state_108,state_109,state_110,state_111,state_112,state_113,state_114,state_115,state_116,state_117,state_118,state_119,state_120,state_121,state_122,state_123,state_124,state_125,state_126,state_127,state_128,state_129,state_130,state_131,state_132,state_133,state_134,state_135,state_136,state_137,state_138,state_139,state_140,state_141,state_142,state_143,state_144,state_145,state_146,state_147,state_148,state_149,state_150,state_151,state_152,state_153,state_154,state_155,state_156,state_157,state_158,state_159,state_160,state_161,state_162,state_163,state_164,state_165,state_166,state_167,state_168,state_169,state_170,state_171,state_172,state_173,state_174,state_175,state_176,state_177,state_178,state_179,state_180,state_181,state_182,state_183,state_184,state_185,state_186,state_187,state_188,state_189,state_190,state_191,state_192,state_193,state_194,state_195,state_196,state_197,state_198,state_199,state_200,state_201,state_202,state_203,state_204,state_205,state_206,state_207,state_208,state_209,state_210,state_211,state_212,state_213,state_214,state_215,state_216,state_217,state_218,state_219,state_220,state_221,state_222,state_223,state_224,state_225,state_226,state_227,state_228,state_229,state_230,state_231,state_232,state_233,state_234,state_235,state_236,state_237,state_238,state_239,state_240,state_241,state_242,state_243,state_244,state_245,state_246,state_247,state_248,state_249,state_250,state_251,state_252,state_253,state_254,state_255,state_256,state_257,state_258,state_259,state_260,state_261,state_262,state_263,state_264,state_265,state_266,state_267,state_268,state_269,state_270,state_271,state_272,state_273,state_274,state_275,state_276,state_277,state_278,state_279,state_280,state_281,state_282,state_283,state_284,state_285,state_286,state_287
{'img': array([[[ 0.00000000e+00, -1.39346613e-01, -7.25684525e-02, ...,
         -8.68386610e-01, -8.79811837e-01, -8.68386610e-01],
        [ 1.39346613e-01,  0.00000000e+00,  6.71187660e-02, ...,
         -7.90814058e-01, -8.04993570e-01, -7.90814058e-01],
        [ 7.25684525e-02, -6.71187660e-02,  0.00000000e+00, ...,
         -8.30111242e-01, -8.42998763e-01, -8.30111242e-01],
        ...,
        [ 8.68386610e-01,  7.90814058e-01,  8.30111242e-01, ...,
          0.00000000e+00, -2.35245661e-02,  0.00000000e+00],
        [ 8.79811837e-01,  8.04993570e-01,  8.42998763e-01, ...,
          2.35245661e-02,  0.00000000e+00,  2.35245661e-02],
        [ 8.68386610e-01,  7.90814058e-01,  8.30111242e-01, ...,
          0.00000000e+00, -2.35245661e-02,  0.00000000e+00]],

       [[ 0.00000000e+00, -2.76522070e-01, -3.01836328e-01, ...,
          9.04395963e-01, -2.81713209e-02, -6.70163429e-01],
        [ 2.76522070e-01,  0.00000000e+00, -2.64419816e-02, ...,
          9.87121728e-01,  2.49339468e-01, -4.38793695e-01],
        [ 3.01836328e-01,  2.64419816e-02,  0.00000000e+00, ...,
          9.91006529e-01,  2.74859128e-01, -4.14879828e-01],
        ...,
        [-9.04395963e-01, -9.87121728e-01, -9.91006529e-01, ...,
          0.00000000e+00, -9.16057556e-01, -9.57209803e-01],
        [ 2.81713209e-02, -2.49339468e-01, -2.74859128e-01, ...,
          9.16057556e-01,  0.00000000e+00, -6.48988311e-01],
        [ 6.70163429e-01,  4.38793695e-01,  4.14879828e-01, ...,
          9.57209803e-01,  6.48988311e-01,  0.00000000e+00]],

       [[ 0.00000000e+00,  2.25376560e-02,  4.56340431e-02, ...,
         -9.80063850e-01, -9.48325592e-01, -9.05183598e-01],
        [-2.25376560e-02,  0.00000000e+00,  2.31082750e-02, ...,
         -9.84292753e-01, -9.55235885e-01, -9.14532649e-01],
        [-4.56340431e-02, -2.31082750e-02,  0.00000000e+00, ...,
         -9.88109542e-01, -9.61817280e-01, -9.23636016e-01],
        ...,
        [ 9.80063850e-01,  9.84292753e-01,  9.88109542e-01, ...,
          0.00000000e+00,  1.22557177e-01,  2.36703089e-01],
        [ 9.48325592e-01,  9.55235885e-01,  9.61817280e-01, ...,
         -1.22557177e-01,  0.00000000e+00,  1.15844340e-01],
        [ 9.05183598e-01,  9.14532649e-01,  9.23636016e-01, ...,
         -2.36703089e-01, -1.15844340e-01,  0.00000000e+00]],

       ...,

       [[ 0.00000000e+00, -2.74054980e-01, -3.85804625e-01, ...,
          1.54218930e-01,  4.74814887e-01,  4.93658506e-01],
        [ 2.74054980e-01,  0.00000000e+00, -1.18195937e-01, ...,
          4.19090886e-01,  6.97828003e-01,  7.13091823e-01],
        [ 3.85804625e-01,  1.18195937e-01,  0.00000000e+00, ...,
          5.23468507e-01,  7.77596089e-01,  7.90956960e-01],
        ...,
        [-1.54218930e-01, -4.19090886e-01, -5.23468507e-01, ...,
          0.00000000e+00,  3.33408661e-01,  3.53635328e-01],
        [-4.74814887e-01, -6.97828003e-01, -7.77596089e-01, ...,
         -3.33408661e-01,  0.00000000e+00,  2.15362481e-02],
        [-4.93658506e-01, -7.13091823e-01, -7.90956960e-01, ...,
         -3.53635328e-01, -2.15362481e-02,  0.00000000e+00]],

       [[ 0.00000000e+00, -1.73404967e-02, -2.78611267e-02, ...,
         -9.98572426e-01, -9.89368947e-01, -9.52596131e-01],
        [ 1.73404967e-02,  0.00000000e+00, -1.05231724e-02, ...,
         -9.99348517e-01, -9.91741968e-01, -9.57728535e-01],
        [ 2.78611267e-02,  1.05231724e-02,  0.00000000e+00, ...,
         -9.99672972e-01, -9.93036644e-01, -9.60702743e-01],
        ...,
        [ 9.98572426e-01,  9.99348517e-01,  9.99672972e-01, ...,
          0.00000000e+00, -9.23729835e-02, -2.52920968e-01],
        [ 9.89368947e-01,  9.91741968e-01,  9.93036644e-01, ...,
          9.23729835e-02,  0.00000000e+00, -1.62469943e-01],
        [ 9.52596131e-01,  9.57728535e-01,  9.60702743e-01, ...,
          2.52920968e-01,  1.62469943e-01,  0.00000000e+00]],

       [[ 0.00000000e+00, -2.13238305e-02, -2.06259034e-02, ...,
         -2.29633419e-01, -2.82982688e-01, -3.11939493e-01],
        [ 2.13238305e-02,  0.00000000e+00,  6.98080659e-04, ...,
         -2.50335203e-01, -3.03370563e-01, -3.32128378e-01],
        [ 2.06259034e-02, -6.98080659e-04,  0.00000000e+00, ...,
         -2.49659289e-01, -3.02705307e-01, -3.31469843e-01],
        ...,
        [ 2.29633419e-01,  2.50335203e-01,  2.49659289e-01, ...,
          0.00000000e+00,  5.51734386e-02,  8.54284298e-02],
        [ 2.82982688e-01,  3.03370563e-01,  3.02705307e-01, ...,
         -5.51734386e-02,  0.00000000e+00,  3.03265624e-02],
        [ 3.11939493e-01,  3.32128378e-01,  3.31469843e-01, ...,
         -8.54284298e-02, -3.03265624e-02,  0.00000000e+00]]]), 'num': array([7.07093280e-01, 7.07093280e-01, 0.00000000e+00, 0.00000000e+00,
       1.41618118e-04, 1.45108706e-04, 1.40122152e-04, 6.16711999e-03,
       1.49596604e-06, 1.39224572e-04, 1.31345818e-04, 1.44959109e-04,
       7.23854534e-07, 1.44146409e-04, 1.18545227e-04])}
{'img': array([[[ 0.00000000e+00,  6.71187660e-02,  1.02514826e-01, ...,
         -8.04993570e-01, -7.90814058e-01, -7.45956823e-01],
        [-6.71187660e-02,  0.00000000e+00,  3.55185054e-02, ...,
         -8.42998763e-01, -8.30111242e-01, -7.88975402e-01],
        [-1.02514826e-01, -3.55185054e-02,  0.00000000e+00, ...,
         -8.61572801e-01, -8.49392498e-01, -8.10301023e-01],
        ...,
        [ 8.04993570e-01,  8.42998763e-01,  8.61572801e-01, ...,
          0.00000000e+00,  2.35245661e-02,  9.35572351e-02],
        [ 7.90814058e-01,  8.30111242e-01,  8.49392498e-01, ...,
         -2.35245661e-02,  0.00000000e+00,  7.01099589e-02],
        [ 7.45956823e-01,  7.88975402e-01,  8.10301023e-01, ...,
         -9.35572351e-02, -7.01099589e-02,  0.00000000e+00]],

       [[ 0.00000000e+00, -2.64419816e-02, -3.34029695e-01, ...,
          2.49339468e-01, -4.38793695e-01,  2.68199603e-01],
        [ 2.64419816e-02,  0.00000000e+00, -3.08989680e-01, ...,
          2.74859128e-01, -4.14879828e-01,  2.93579063e-01],
        [ 3.34029695e-01,  3.08989680e-01,  0.00000000e+00, ...,
          5.58497795e-01, -1.13435485e-01,  5.74586873e-01],
        ...,
        [-2.49339468e-01, -2.74859128e-01, -5.58497795e-01, ...,
          0.00000000e+00, -6.48988311e-01,  1.95243165e-02],
        [ 4.38793695e-01,  4.14879828e-01,  1.13435485e-01, ...,
          6.48988311e-01,  0.00000000e+00,  6.63718671e-01],
        [-2.68199603e-01, -2.93579063e-01, -5.74586873e-01, ...,
         -1.95243165e-02, -6.63718671e-01,  0.00000000e+00]],

       [[ 0.00000000e+00,  2.31082750e-02,  8.78967715e-02, ...,
         -9.55235885e-01, -9.14532649e-01, -8.61075283e-01],
        [-2.31082750e-02,  0.00000000e+00,  6.48544638e-02, ...,
         -9.61817280e-01, -9.23636016e-01, -8.72595386e-01],
        [-8.78967715e-02, -6.48544638e-02,  0.00000000e+00, ...,
         -9.77542570e-01, -9.46548338e-01, -9.02436097e-01],
        ...,
        [ 9.55235885e-01,  9.61817280e-01,  9.77542570e-01, ...,
          0.00000000e+00,  1.15844340e-01,  2.30970924e-01],
        [ 9.14532649e-01,  9.23636016e-01,  9.46548338e-01, ...,
         -1.15844340e-01,  0.00000000e+00,  1.16703900e-01],
        [ 8.61075283e-01,  8.72595386e-01,  9.02436097e-01, ...,
         -2.30970924e-01, -1.16703900e-01,  0.00000000e+00]],

       ...,

       [[ 0.00000000e+00, -1.18195937e-01, -1.18195937e-01, ...,
          6.97828003e-01,  7.13091823e-01,  7.90206838e-01],
        [ 1.18195937e-01,  0.00000000e+00,  0.00000000e+00, ...,
          7.77596089e-01,  7.90956960e-01,  8.57102945e-01],
        [ 1.18195937e-01,  0.00000000e+00,  0.00000000e+00, ...,
          7.77596089e-01,  7.90956960e-01,  8.57102945e-01],
        ...,
        [-6.97828003e-01, -7.77596089e-01, -7.77596089e-01, ...,
          0.00000000e+00,  2.15362481e-02,  1.38340715e-01],
        [-7.13091823e-01, -7.90956960e-01, -7.90956960e-01, ...,
         -2.15362481e-02,  0.00000000e+00,  1.16979459e-01],
        [-7.90206838e-01, -8.57102945e-01, -8.57102945e-01, ...,
         -1.38340715e-01, -1.16979459e-01,  0.00000000e+00]],

       [[ 0.00000000e+00, -1.05231724e-02, -5.78726215e-03, ...,
         -9.91741968e-01, -9.57728535e-01, -9.99310958e-01],
        [ 1.05231724e-02,  0.00000000e+00,  4.73605451e-03, ...,
         -9.93036644e-01, -9.60702743e-01, -9.99646206e-01],
        [ 5.78726215e-03, -4.73605451e-03,  0.00000000e+00, ...,
         -9.92467572e-01, -9.59377338e-01, -9.99509024e-01],
        ...,
        [ 9.91741968e-01,  9.93036644e-01,  9.92467572e-01, ...,
          0.00000000e+00, -1.62469943e-01,  9.13512310e-02],
        [ 9.57728535e-01,  9.60702743e-01,  9.59377338e-01, ...,
          1.62469943e-01,  0.00000000e+00,  2.51928105e-01],
        [ 9.99310958e-01,  9.99646206e-01,  9.99509024e-01, ...,
         -9.13512310e-02, -2.51928105e-01,  0.00000000e+00]],

       [[ 0.00000000e+00,  6.98080659e-04,  1.41477681e-01, ...,
         -3.03370563e-01, -3.32128378e-01, -2.52184520e-01],
        [-6.98080659e-04,  0.00000000e+00,  1.40786587e-01, ...,
         -3.02705307e-01, -3.31469843e-01, -2.51508940e-01],
        [-1.41477681e-01, -1.40786587e-01,  0.00000000e+00, ...,
         -1.65508880e-01, -1.95341061e-01, -1.12742904e-01],
        ...,
        [ 3.03370563e-01,  3.02705307e-01,  1.65508880e-01, ...,
          0.00000000e+00,  3.03265624e-02, -5.32656395e-02],
        [ 3.32128378e-01,  3.31469843e-01,  1.95341061e-01, ...,
         -3.03265624e-02,  0.00000000e+00, -8.35246499e-02],
        [ 2.52184520e-01,  2.51508940e-01,  1.12742904e-01, ...,
          5.32656395e-02,  8.35246499e-02,  0.00000000e+00]]]), 'num': array([ 9.77771346e-01,  2.07009945e-01,  5.29732940e-05, -1.50690585e-10,
        1.96873928e-04,  2.00933184e-04,  1.86725787e-04,  3.33135042e-02,
        4.73579895e-06,  1.91732203e-04,  1.78471966e-04,  1.96377797e-04,
        1.01481406e-06,  1.96799157e-04,  1.60144775e-04])}
{'img': array([[[ 0.        ,  0.03551851, -0.29765663, ..., -0.83011124,
         -0.7889754 , -0.67882224],
        [-0.03551851,  0.        , -0.33137737, ..., -0.8493925 ,
         -0.81030102, -0.70447525],
        [ 0.29765663,  0.33137737,  0.        , ..., -0.6265121 ,
         -0.5703259 , -0.42948321],
        ...,
        [ 0.83011124,  0.8493925 ,  0.6265121 , ...,  0.        ,
          0.07010996,  0.23104308],
        [ 0.7889754 ,  0.81030102,  0.5703259 , ..., -0.07010996,
          0.        ,  0.16226151],
        [ 0.67882224,  0.70447525,  0.42948321, ..., -0.23104308,
         -0.16226151,  0.        ]],

       [[ 0.        , -0.22959178,  0.22665338, ..., -0.31148111,
          0.21108498,  0.59243366],
        [ 0.22959178,  0.        ,  0.44421556, ..., -0.0849904 ,
          0.42986482,  0.39164444],
        [-0.22665338, -0.44421556,  0.        , ..., -0.51875287,
         -0.01595476,  0.75961219],
        ...,
        [ 0.31148111,  0.0849904 ,  0.51875287, ...,  0.        ,
          0.50504673,  0.3120263 ],
        [-0.21108498, -0.42986482,  0.01595476, ..., -0.50504673,
          0.        ,  0.7491389 ],
        [-0.59243366, -0.39164444, -0.75961219, ..., -0.3120263 ,
         -0.7491389 ,  0.        ]],

       [[ 0.        ,  0.06485446,  0.02373794, ..., -0.92363602,
         -0.87259539, -0.81427956],
        [-0.06485446,  0.        , -0.04114822, ..., -0.94654834,
         -0.9024361 , -0.85021154],
        [-0.02373794,  0.04114822,  0.        , ..., -0.93247381,
         -0.88394415, -0.82782934],
        ...,
        [ 0.92363602,  0.94654834,  0.93247381, ...,  0.        ,
          0.1167039 ,  0.22405611],
        [ 0.87259539,  0.9024361 ,  0.88394415, ..., -0.1167039 ,
          0.        ,  0.10878823],
        [ 0.81427956,  0.85021154,  0.82782934, ..., -0.22405611,
         -0.10878823,  0.        ]],

       ...,

       [[ 0.        ,  0.        , -0.24123025, ...,  0.79095696,
          0.85710294,  0.91569536],
        [ 0.        ,  0.        , -0.24123025, ...,  0.79095696,
          0.85710294,  0.91569536],
        [ 0.24123025,  0.24123025,  0.        , ...,  0.91520033,
          0.9560595 ,  0.98559692],
        ...,
        [-0.79095696, -0.79095696, -0.91520033, ...,  0.        ,
          0.11697946,  0.2424238 ],
        [-0.85710294, -0.85710294, -0.9560595 , ..., -0.11697946,
          0.        ,  0.12726939],
        [-0.91569536, -0.91569536, -0.98559692, ..., -0.2424238 ,
         -0.12726939,  0.        ]],

       [[ 0.        ,  0.00473605,  0.02549637, ..., -0.96070274,
         -0.99964621, -0.9883475 ],
        [-0.00473605,  0.        ,  0.02076157, ..., -0.95937734,
         -0.99950902, -0.98905731],
        [-0.02549637, -0.02076157,  0.        , ..., -0.95331317,
         -0.99864308, -0.99190712],
        ...,
        [ 0.96070274,  0.95937734,  0.95331317, ...,  0.        ,
          0.25192811,  0.42057754],
        [ 0.99964621,  0.99950902,  0.99864308, ..., -0.25192811,
          0.        ,  0.17844878],
        [ 0.9883475 ,  0.98905731,  0.99190712, ..., -0.42057754,
         -0.17844878,  0.        ]],

       [[ 0.        ,  0.14003717, -0.11480165, ..., -0.4129765 ,
         -0.36738912, -0.14003717],
        [-0.14003717,  0.        , -0.25278172, ..., -0.28136945,
         -0.23352497, -0.        ],
        [ 0.11480165,  0.25278172,  0.        , ..., -0.51480073,
         -0.47173337, -0.25278172],
        ...,
        [ 0.4129765 ,  0.28136945,  0.51480073, ...,  0.        ,
         -0.04949936, -0.28136945],
        [ 0.36738912,  0.23352497,  0.47173337, ...,  0.04949936,
          0.        , -0.23352497],
        [ 0.14003717,  0.        ,  0.25278172, ...,  0.28136945,
          0.23352497,  0.        ]]]), 'num': array([ 9.81514496e-01,  1.90904010e-01,  5.58735326e-05,  2.66893098e-08,
        1.96571478e-04,  2.04906665e-04,  1.96571478e-04,  1.35885487e-02,
       -5.55679091e-06,  1.97127158e-04,  1.83617210e-04,  2.01202138e-04,
        1.12458864e-06,  2.03176181e-04,  1.64058238e-04])}
{'img': array([[[ 0.        , -0.33137737, -0.25166362, ..., -0.81030102,
         -0.70447525, -0.82375312],
        [ 0.33137737,  0.        ,  0.08326772, ..., -0.5703259 ,
         -0.42948321, -0.5893357 ],
        [ 0.25166362, -0.08326772,  0.        , ..., -0.63674292,
         -0.50318869, -0.65456007],
        ...,
        [ 0.81030102,  0.5703259 ,  0.63674292, ...,  0.        ,
          0.16226151, -0.02333166],
        [ 0.70447525,  0.42948321,  0.50318869, ..., -0.16226151,
          0.        , -0.1852398 ],
        [ 0.82375312,  0.5893357 ,  0.65456007, ...,  0.02333166,
          0.1852398 ,  0.        ]],

       [[ 0.        ,  0.44421556,  0.35734014, ...,  0.42986482,
          0.39164444,  0.73358803],
        [-0.44421556,  0.        , -0.09473777, ..., -0.01595476,
          0.75961219,  0.35534973],
        [-0.35734014,  0.09473777,  0.        , ...,  0.0788427 ,
          0.69458045,  0.44230602],
        ...,
        [-0.42986482,  0.01595476, -0.0788427 , ...,  0.        ,
          0.7491389 ,  0.37021795],
        [-0.39164444, -0.75961219, -0.69458045, ..., -0.7491389 ,
          0.        , -0.94114594],
        [-0.73358803, -0.35534973, -0.44230602, ..., -0.37021795,
          0.94114594,  0.        ]],

       [[ 0.        , -0.04114822, -0.11032487, ..., -0.9024361 ,
         -0.85021154, -0.84474396],
        [ 0.04114822,  0.        , -0.0693344 , ..., -0.88394415,
         -0.82782934, -0.82200719],
        [ 0.11032487,  0.0693344 ,  0.        , ..., -0.84939667,
         -0.78694193, -0.78054465],
        ...,
        [ 0.9024361 ,  0.88394415,  0.84939667, ...,  0.        ,
          0.10878823,  0.11902158],
        [ 0.85021154,  0.82782934,  0.78694193, ..., -0.10878823,
          0.        ,  0.01030025],
        [ 0.84474396,  0.82200719,  0.78054465, ..., -0.11902158,
         -0.01030025,  0.        ]],

       ...,

       [[ 0.        , -0.23852056, -0.123929  , ...,  0.84293843,
          0.90071464,  0.98678892],
        [ 0.23852056,  0.        ,  0.11632974, ...,  0.94693554,
          0.97833373,  0.91966468],
        [ 0.123929  , -0.11632974,  0.        , ...,  0.90311534,
          0.94760726,  0.95910397],
        ...,
        [-0.84293843, -0.94693554, -0.90311534, ...,  0.        ,
          0.11841157,  0.66746779],
        [-0.90071464, -0.97833373, -0.94760726, ..., -0.11841157,
          0.        ,  0.57459805],
        [-0.98678892, -0.91966468, -0.95910397, ..., -0.66746779,
         -0.57459805,  0.        ]],

       [[ 0.        ,  0.02076157,  0.0243864 , ..., -0.99950902,
         -0.98905731, -0.96580268],
        [-0.02076157,  0.        ,  0.00362575, ..., -0.99864308,
         -0.99190712, -0.97097753],
        [-0.0243864 , -0.00362575,  0.        , ..., -0.9984477 ,
         -0.99236094, -0.97183832],
        ...,
        [ 0.99950902,  0.99864308,  0.9984477 , ...,  0.        ,
          0.17844878,  0.28941168],
        [ 0.98905731,  0.99190712,  0.99236094, ..., -0.17844878,
          0.        ,  0.11395438],
        [ 0.96580268,  0.97097753,  0.97183832, ..., -0.28941168,
         -0.11395438,  0.        ]],

       [[ 0.        , -0.25191092, -0.31590861, ..., -0.28489364,
         -0.16665663, -0.        ],
        [ 0.25191092,  0.        , -0.06671022, ..., -0.51717745,
         -0.40966997, -0.25191092],
        [ 0.31590861,  0.06671022,  0.        , ..., -0.57312121,
         -0.46961271, -0.31590861],
        ...,
        [ 0.28489364,  0.51717745,  0.57312121, ...,  0.        ,
         -0.12115916, -0.28489364],
        [ 0.16665663,  0.40966997,  0.46961271, ...,  0.12115916,
          0.        , -0.16665663],
        [ 0.        ,  0.25191092,  0.31590861, ...,  0.28489364,
          0.16665663,  0.        ]]]), 'num': array([ 9.97499764e-01,  6.26787598e-02,  6.40288359e-05, -4.79523484e-09,
        2.00175804e-04,  2.09773274e-04,  1.94006002e-04,  3.26387745e-02,
        6.16980218e-06,  1.96199709e-04,  1.82077718e-04,  1.98256310e-04,
        1.13262069e-06,  2.03075198e-04,  1.61080237e-04])}
{'img': array([[[ 0.        ,  0.08326772, -0.10497628, ..., -0.42948321,
         -0.5893357 , -0.40824952],
        [-0.08326772,  0.        , -0.18741936, ..., -0.50318869,
         -0.65456007, -0.48284439],
        [ 0.10497628,  0.18741936,  0.        , ..., -0.33230876,
         -0.50127035, -0.31016408],
        ...,
        [ 0.42948321,  0.50318869,  0.33230876, ...,  0.        ,
         -0.1852398 ,  0.02338264],
        [ 0.5893357 ,  0.65456007,  0.50127035, ...,  0.1852398 ,
          0.        ,  0.20816712],
        [ 0.40824952,  0.48284439,  0.31016408, ..., -0.02338264,
         -0.20816712,  0.        ]],

       [[ 0.        , -0.09473777, -0.41517373, ...,  0.75961219,
          0.35534973,  0.94850503],
        [ 0.09473777,  0.        , -0.32711945, ...,  0.69458045,
          0.44230602,  0.91422957],
        [ 0.41517373,  0.32711945,  0.        , ...,  0.42103206,
          0.71135339,  0.73138371],
        ...,
        [-0.75961219, -0.69458045, -0.42103206, ...,  0.        ,
         -0.94114594, -0.37626886],
        [-0.35534973, -0.44230602, -0.71135339, ...,  0.94114594,
          0.        ,  0.99916067],
        [-0.94850503, -0.91422957, -0.73138371, ...,  0.37626886,
         -0.99916067,  0.        ]],

       [[ 0.        , -0.0693344 , -0.15415086, ..., -0.82782934,
         -0.82200719, -0.78536173],
        [ 0.0693344 ,  0.        , -0.08527423, ..., -0.78694193,
         -0.78054465, -0.74055117],
        [ 0.15415086,  0.08527423,  0.        , ..., -0.73145901,
         -0.72439661, -0.68054945],
        ...,
        [ 0.82782934,  0.78694193,  0.73145901, ...,  0.        ,
          0.01030025,  0.07188484],
        [ 0.82200719,  0.78054465,  0.72439661, ..., -0.01030025,
          0.        ,  0.06160742],
        [ 0.78536173,  0.74055117,  0.68054945, ..., -0.07188484,
         -0.06160742,  0.        ]],

       ...,

       [[ 0.        ,  0.11420247,  0.07075232, ...,  0.96473934,
          0.99452813,  0.91313042],
        [-0.11420247,  0.        , -0.04362685, ...,  0.92836863,
          0.99995206,  0.95371291],
        [-0.07075232,  0.04362685,  0.        , ...,  0.94369911,
          0.99942719,  0.93968547],
        ...,
        [-0.96473934, -0.92836863, -0.94369911, ...,  0.        ,
          0.36255241,  0.63363536],
        [-0.99452813, -0.99995206, -0.99942719, ..., -0.36255241,
          0.        ,  0.31004287],
        [-0.91313042, -0.95371291, -0.93968547, ..., -0.63363536,
         -0.31004287,  0.        ]],

       [[ 0.        ,  0.00362575,  0.03872236, ..., -0.99190712,
         -0.97097753, -0.90212407],
        [-0.00362575,  0.        ,  0.03509908, ..., -0.99236094,
         -0.97183832, -0.90368257],
        [-0.03872236, -0.03509908,  0.        , ..., -0.9960796 ,
         -0.97951056, -0.91815528],
        ...,
        [ 0.99190712,  0.99236094,  0.9960796 , ...,  0.        ,
          0.11395438,  0.31344608],
        [ 0.97097753,  0.97183832,  0.97951056, ..., -0.11395438,
          0.        ,  0.20319252],
        [ 0.90212407,  0.90368257,  0.91815528, ..., -0.31344608,
         -0.20319252,  0.        ]],

       [[ 0.        , -0.19377904, -0.38116176, ..., -0.30250795,
         -0.25429218, -0.        ],
        [ 0.19377904,  0.        , -0.19478657, ..., -0.48147385,
         -0.43688114, -0.19377904],
        [ 0.38116176,  0.19478657,  0.        , ..., -0.64297426,
         -0.60372724, -0.38116176],
        ...,
        [ 0.30250795,  0.48147385,  0.64297426, ...,  0.        ,
         -0.05018595, -0.30250795],
        [ 0.25429218,  0.43688114,  0.60372724, ...,  0.05018595,
          0.        , -0.25429218],
        [ 0.        ,  0.19377904,  0.38116176, ...,  0.30250795,
          0.25429218,  0.        ]]]), 'num': array([ 9.63062237e-01,  2.69150445e-01,  4.81883189e-05,  3.44822873e-08,
        1.92592782e-04,  1.97273856e-04,  1.91255332e-04,  8.29939806e-03,
       -2.67489974e-06,  1.92325292e-04,  1.78649867e-04,  1.93161198e-04,
        1.04023879e-06,  1.99945475e-04,  1.57354258e-04])}
{'img': array([[[ 0.        , -0.18741936, -0.41987335, ..., -0.65456007,
         -0.48284439, -0.56231669],
        [ 0.18741936,  0.        , -0.24233461, ..., -0.50127035,
         -0.31016408, -0.39737124],
        [ 0.41987335,  0.24233461,  0.        , ..., -0.27663896,
         -0.07053553, -0.16314641],
        ...,
        [ 0.65456007,  0.50127035,  0.27663896, ...,  0.        ,
          0.20816712,  0.11615307],
        [ 0.48284439,  0.31016408,  0.07053553, ..., -0.20816712,
          0.        , -0.09314956],
        [ 0.56231669,  0.39737124,  0.16314641, ..., -0.11615307,
          0.09314956,  0.        ]],

       [[ 0.        , -0.32711945,  0.16582632, ...,  0.44230602,
          0.91422957,  0.08143601],
        [ 0.32711945,  0.        ,  0.47929353, ...,  0.71135339,
          0.73138371,  0.40298859],
        [-0.16582632, -0.47929353,  0.        , ...,  0.28745859,
          0.9687643 , -0.08496702],
        ...,
        [-0.44230602, -0.71135339, -0.28745859, ...,  0.        ,
          0.99916067, -0.36779989],
        [-0.91422957, -0.73138371, -0.9687643 , ..., -0.99916067,
          0.        , -0.94419062],
        [-0.08143601, -0.40298859,  0.08496702, ...,  0.36779989,
          0.94419062,  0.        ]],

       [[ 0.        , -0.08527423, -0.23734909, ..., -0.78054465,
         -0.74055117, -0.7159541 ],
        [ 0.08527423,  0.        , -0.15364708, ..., -0.72439661,
         -0.68054945, -0.65381227],
        [ 0.23734909,  0.15364708,  0.        , ..., -0.60987321,
         -0.55989091, -0.52979065],
        ...,
        [ 0.78054465,  0.72439661,  0.60987321, ...,  0.        ,
          0.06160742,  0.09739226],
        [ 0.74055117,  0.68054945,  0.55989091, ..., -0.06160742,
          0.        ,  0.03589272],
        [ 0.7159541 ,  0.65381227,  0.52979065, ..., -0.09739226,
         -0.03589272,  0.        ]],

       ...,

       [[ 0.        , -0.04362685, -0.3407221 , ...,  0.99995206,
          0.95371291,  0.9719674 ],
        [ 0.04362685,  0.        , -0.2993813 , ...,  0.99942719,
          0.93968547,  0.98129934],
        [ 0.3407221 ,  0.2993813 ,  0.        , ...,  0.9434553 ,
          0.79418511,  0.99391792],
        ...,
        [-0.99995206, -0.99942719, -0.9434553 , ...,  0.        ,
          0.31004287, -0.225587  ],
        [-0.95371291, -0.93968547, -0.79418511, ..., -0.31004287,
          0.        , -0.51652156],
        [-0.9719674 , -0.98129934, -0.99391792, ...,  0.225587  ,
          0.51652156,  0.        ]],

       [[ 0.        ,  0.03509908,  0.12032578, ..., -0.97183832,
         -0.90368257, -0.84253501],
        [-0.03509908,  0.        ,  0.08540758, ..., -0.97951056,
         -0.91815528, -0.8609217 ],
        [-0.12032578, -0.08540758,  0.        , ..., -0.99313199,
         -0.94864069, -0.90122601],
        ...,
        [ 0.97183832,  0.97951056,  0.99313199, ...,  0.        ,
          0.20319252,  0.32493029],
        [ 0.90368257,  0.91815528,  0.94864069, ..., -0.20319252,
          0.        ,  0.12598497],
        [ 0.84253501,  0.8609217 ,  0.90122601, ..., -0.32493029,
         -0.12598497,  0.        ]],

       [[ 0.        , -0.33301306, -0.58606653, ..., -0.2554854 ,
         -0.        , -0.13451466],
        [ 0.33301306,  0.        , -0.28278702, ..., -0.56286418,
         -0.33301306, -0.45682337],
        [ 0.58606653,  0.28278702,  0.        , ..., -0.77362704,
         -0.58606653, -0.68973238],
        ...,
        [ 0.2554854 ,  0.56286418,  0.77362704, ...,  0.        ,
         -0.2554854 , -0.12311293],
        [ 0.        ,  0.33301306,  0.58606653, ...,  0.2554854 ,
          0.        ,  0.13451466],
        [ 0.13451466,  0.45682337,  0.68973238, ...,  0.12311293,
         -0.13451466,  0.        ]]]), 'num': array([ 9.89949076e-01,  1.41286895e-01,  5.93470057e-05,  2.15738664e-08,
        1.97777250e-04,  2.02617952e-04,  1.97777250e-04,  6.20756402e-03,
       -1.38305769e-06,  1.99160308e-04,  1.85744648e-04,  1.99448445e-04,
        1.09086241e-06,  2.08218378e-04,  1.63270918e-04])}
{'img': array([[[ 0.        , -0.24233461,  0.05183439, ..., -0.31016408,
         -0.39737124, -0.43961164],
        [ 0.24233461,  0.        ,  0.29229819, ..., -0.07053553,
         -0.16314641, -0.20884598],
        [-0.05183439, -0.29229819,  0.        , ..., -0.3590252 ,
         -0.44440329, -0.48557769],
        ...,
        [ 0.31016408,  0.07053553,  0.3590252 , ...,  0.        ,
         -0.09314956, -0.13934568],
        [ 0.39737124,  0.16314641,  0.44440329, ...,  0.09314956,
          0.        , -0.04649905],
        [ 0.43961164,  0.20884598,  0.48557769, ...,  0.13934568,
          0.04649905,  0.        ]],

       [[ 0.        ,  0.47929353, -0.01991377, ...,  0.73138371,
          0.40298859,  0.18196292],
        [-0.47929353,  0.        , -0.4966759 , ...,  0.9687643 ,
         -0.08496702, -0.3115913 ],
        [ 0.01991377,  0.4966759 ,  0.        , ...,  0.71765816,
          0.42113387,  0.20150816],
        ...,
        [-0.73138371, -0.9687643 , -0.71765816, ...,  0.        ,
         -0.94419062, -0.8432661 ],
        [-0.40298859,  0.08496702, -0.42113387, ...,  0.94419062,
          0.        , -0.22972748],
        [-0.18196292,  0.3115913 , -0.20150816, ...,  0.8432661 ,
          0.22972748,  0.        ]],

       [[ 0.        , -0.15364708, -0.2294797 , ..., -0.68054945,
         -0.65381227, -0.64601647],
        [ 0.15364708,  0.        , -0.07720804, ..., -0.55989091,
         -0.52979065, -0.52106311],
        [ 0.2294797 ,  0.07720804,  0.        , ..., -0.49424766,
         -0.46272689, -0.45360928],
        ...,
        [ 0.68054945,  0.55989091,  0.49424766, ...,  0.        ,
          0.03589272,  0.04614171],
        [ 0.65381227,  0.52979065,  0.46272689, ..., -0.03589272,
          0.        ,  0.01025749],
        [ 0.64601647,  0.52106311,  0.45360928, ..., -0.04614171,
         -0.01025749,  0.        ]],

       ...,

       [[ 0.        , -0.2993813 ,  0.18312179, ...,  0.93968547,
          0.98129934,  0.99196577],
        [ 0.2993813 ,  0.        ,  0.46904148, ...,  0.79418511,
          0.99391792,  0.98434153],
        [-0.18312179, -0.46904148,  0.        , ...,  0.98643055,
          0.92945706,  0.95202575],
        ...,
        [-0.93968547, -0.79418511, -0.98643055, ...,  0.        ,
         -0.51652156, -0.45816816],
        [-0.98129934, -0.99391792, -0.92945706, ...,  0.51652156,
          0.        ,  0.06680064],
        [-0.99196577, -0.98434153, -0.95202575, ...,  0.45816816,
         -0.06680064,  0.        ]],

       [[ 0.        ,  0.08540758,  0.05011865, ..., -0.91815528,
         -0.8609217 , -0.81303557],
        [-0.08540758,  0.        , -0.03536472, ..., -0.94864069,
         -0.90122601, -0.8597903 ],
        [-0.05011865,  0.03536472,  0.        , ..., -0.93685946,
         -0.88533699, -0.84119358],
        ...,
        [ 0.91815528,  0.94864069,  0.93685946, ...,  0.        ,
          0.12598497,  0.21242132],
        [ 0.8609217 ,  0.90122601,  0.88533699, ..., -0.12598497,
          0.        ,  0.08761901],
        [ 0.81303557,  0.8597903 ,  0.84119358, ..., -0.21242132,
         -0.08761901,  0.        ]],

       [[ 0.        , -0.50444548, -0.54206909, ..., -0.        ,
         -0.13646705, -0.24957525],
        [ 0.50444548,  0.        , -0.04414341, ..., -0.50444548,
         -0.61755779, -0.70397665],
        [ 0.54206909,  0.04414341,  0.        , ..., -0.54206909,
         -0.65167572, -0.73464209],
        ...,
        [ 0.        ,  0.50444548,  0.54206909, ...,  0.        ,
          0.13646705,  0.24957525],
        [ 0.13646705,  0.61755779,  0.65167572, ..., -0.13646705,
          0.        ,  0.11509177],
        [ 0.24957525,  0.70397665,  0.73464209, ..., -0.24957525,
         -0.11509177,  0.        ]]]), 'num': array([9.96010307e-01, 8.89937553e-02, 6.23379092e-05, 1.30662436e-08,
       1.99300501e-04, 1.99985382e-04, 1.95876094e-04, 6.57847805e-03,
       3.42440723e-06, 1.97245856e-04, 1.85157699e-04, 1.97371418e-04,
       1.04362887e-06, 2.08001447e-04, 1.62313951e-04])}
{'img': array([[[ 0.        ,  0.29229819,  0.29229819, ..., -0.16314641,
         -0.20884598, -0.09384065],
        [-0.29229819,  0.        ,  0.        , ..., -0.44440329,
         -0.48557769, -0.38075071],
        [-0.29229819,  0.        ,  0.        , ..., -0.44440329,
         -0.48557769, -0.38075071],
        ...,
        [ 0.16314641,  0.44440329,  0.44440329, ...,  0.        ,
         -0.04649905,  0.06984312],
        [ 0.20884598,  0.48557769,  0.48557769, ...,  0.04649905,
          0.        ,  0.11615307],
        [ 0.09384065,  0.38075071,  0.38075071, ..., -0.06984312,
         -0.11615307,  0.        ]],

       [[ 0.        , -0.4966759 , -0.48256635, ..., -0.08496702,
         -0.3115913 , -0.26623027],
        [ 0.4966759 ,  0.        ,  0.01618152, ...,  0.42113387,
          0.20150816,  0.24767974],
        [ 0.48256635, -0.01618152,  0.        , ...,  0.40640211,
          0.18563219,  0.23196998],
        ...,
        [ 0.08496702, -0.42113387, -0.40640211, ...,  0.        ,
         -0.22972748, -0.18336701],
        [ 0.3115913 , -0.20150816, -0.18563219, ...,  0.22972748,
          0.        ,  0.04736949],
        [ 0.26623027, -0.24767974, -0.23196998, ...,  0.18336701,
         -0.04736949,  0.        ]],

       [[ 0.        , -0.07720804, -0.08876468, ..., -0.52979065,
         -0.52106311, -0.52106311],
        [ 0.07720804,  0.        , -0.01159645, ..., -0.46272689,
         -0.45360928, -0.45360928],
        [ 0.08876468,  0.01159645,  0.        , ..., -0.45241552,
         -0.44324401, -0.44324401],
        ...,
        [ 0.52979065,  0.46272689,  0.45241552, ...,  0.        ,
          0.01025749,  0.01025749],
        [ 0.52106311,  0.45360928,  0.44324401, ..., -0.01025749,
          0.        ,  0.        ],
        [ 0.52106311,  0.45360928,  0.44324401, ..., -0.01025749,
          0.        ,  0.        ]],

       ...,

       [[ 0.        ,  0.46904148,  0.52059928, ...,  0.99391792,
          0.98434153,  0.99969079],
        [-0.46904148,  0.        ,  0.05931272, ...,  0.92945706,
          0.95202575,  0.89456622],
        [-0.52059928, -0.05931272,  0.        , ...,  0.90593844,
          0.93219891,  0.86648234],
        ...,
        [-0.99391792, -0.92945706, -0.90593844, ...,  0.        ,
          0.06680064, -0.08537469],
        [-0.98434153, -0.95202575, -0.93219891, ..., -0.06680064,
          0.        , -0.15174074],
        [-0.99969079, -0.89456622, -0.86648234, ...,  0.08537469,
          0.15174074,  0.        ]],

       [[ 0.        , -0.03536472, -0.08552384, ..., -0.90122601,
         -0.8597903 , -0.80341435],
        [ 0.03536472,  0.        , -0.0502352 , ..., -0.88533699,
         -0.84119358, -0.78185492],
        [ 0.08552384,  0.0502352 ,  0.        , ..., -0.86086233,
         -0.81296762, -0.7495481 ],
        ...,
        [ 0.90122601,  0.88533699,  0.86086233, ...,  0.        ,
          0.08761901,  0.1884492 ],
        [ 0.8597903 ,  0.84119358,  0.81296762, ..., -0.08761901,
          0.        ,  0.1016753 ],
        [ 0.80341435,  0.78185492,  0.7495481 , ..., -0.1884492 ,
         -0.1016753 ,  0.        ]],

       [[ 0.        , -0.2213393 , -0.27847702, ..., -0.14135458,
         -0.25840589, -0.34343742],
        [ 0.2213393 ,  0.        , -0.05898616, ..., -0.35696538,
         -0.46581845, -0.54279555],
        [ 0.27847702,  0.05898616,  0.        , ..., -0.41144384,
         -0.51720305, -0.59139084],
        ...,
        [ 0.14135458,  0.35696538,  0.41144384, ...,  0.        ,
          0.11925758,  0.2072322 ],
        [ 0.25840589,  0.46581845,  0.51720305, ..., -0.11925758,
          0.        ,  0.08908455],
        [ 0.34343742,  0.54279555,  0.59139084, ..., -0.2072322 ,
         -0.08908455,  0.        ]]]), 'num': array([8.78250875e-01, 4.77943370e-01, 2.60786648e-05, 2.92618001e-08,
       1.81134617e-04, 1.82904662e-04, 1.69924331e-04, 1.56621380e-02,
       9.44024064e-06, 1.72756404e-04, 1.60985604e-04, 1.70150504e-04,
       9.53101218e-07, 1.82426055e-04, 1.39545152e-04])}
{'img': array([[[ 0.        ,  0.        ,  0.05328718, ..., -0.48557769,
         -0.38075071,  0.        ],
        [ 0.        ,  0.        ,  0.05328718, ..., -0.48557769,
         -0.38075071,  0.        ],
        [-0.05328718, -0.05328718,  0.        , ..., -0.5314711 ,
         -0.42948321, -0.05328718],
        ...,
        [ 0.48557769,  0.48557769,  0.5314711 , ...,  0.        ,
          0.11615307,  0.48557769],
        [ 0.38075071,  0.38075071,  0.42948321, ..., -0.11615307,
          0.        ,  0.38075071],
        [ 0.        ,  0.        ,  0.05328718, ..., -0.48557769,
         -0.38075071,  0.        ]],

       [[ 0.        ,  0.01618152, -0.40288587, ...,  0.20150816,
          0.24767974,  0.90565119],
        [-0.01618152,  0.        , -0.41764326, ...,  0.18563219,
          0.23196998,  0.89867127],
        [ 0.40288587,  0.41764326,  0.        , ...,  0.5790518 ,
          0.61702168,  0.99973053],
        ...,
        [-0.20150816, -0.18563219, -0.5790518 , ...,  0.        ,
          0.04736949,  0.80162922],
        [-0.24767974, -0.23196998, -0.61702168, ..., -0.04736949,
          0.        ,  0.77241084],
        [-0.90565119, -0.89867127, -0.99973053, ..., -0.80162922,
         -0.77241084,  0.        ]],

       [[ 0.        , -0.01159645, -0.02885822, ..., -0.45360928,
         -0.45360928, -0.34030153],
        [ 0.01159645,  0.        , -0.01726466, ..., -0.44324401,
         -0.44324401, -0.32937431],
        [ 0.02885822,  0.01726466,  0.        , ..., -0.42770189,
         -0.42770189, -0.31302394],
        ...,
        [ 0.45360928,  0.44324401,  0.42770189, ...,  0.        ,
          0.        ,  0.12325928],
        [ 0.45360928,  0.44324401,  0.42770189, ...,  0.        ,
          0.        ,  0.12325928],
        [ 0.34030153,  0.32937431,  0.31302394, ..., -0.12325928,
         -0.12325928,  0.        ]],

       ...,

       [[ 0.        ,  0.05931272,  0.08357743, ...,  0.95202575,
          0.89456622,  0.98601492],
        [-0.05931272,  0.        ,  0.02432509, ...,  0.93219891,
          0.86648234,  0.97439411],
        [-0.08357743, -0.02432509,  0.        , ...,  0.92311869,
          0.85408268,  0.96863637],
        ...,
        [-0.95202575, -0.93219891, -0.92311869, ...,  0.        ,
         -0.15174074,  0.14307643],
        [-0.89456622, -0.86648234, -0.85408268, ...,  0.15174074,
          0.        ,  0.29159923],
        [-0.98601492, -0.97439411, -0.96863637, ..., -0.14307643,
         -0.29159923,  0.        ]],

       [[ 0.        , -0.0502352 , -0.09605847, ..., -0.84119358,
         -0.78185492, -0.64352573],
        [ 0.0502352 ,  0.        , -0.04593429, ..., -0.81296762,
         -0.7495481 , -0.60426197],
        [ 0.09605847,  0.04593429,  0.        , ..., -0.78536156,
         -0.71835073, -0.56702437],
        ...,
        [ 0.84119358,  0.81296762,  0.78536156, ...,  0.        ,
