state_0,state_1,state_2,state_3,state_4,state_5,state_6,state_7,state_8,state_9,state_10,state_11,state_12,state_13,state_14,state_15,state_16,state_17,state_18,state_19,state_20,state_21,state_22,state_23,state_24,state_25,state_26,state_27,state_28,state_29,state_30,state_31,state_32,state_33,state_34,state_35,state_36,state_37,state_38,state_39,state_40,state_41,state_42,state_43,state_44,state_45,state_46,state_47,state_48,state_49,state_50,state_51,state_52,state_53,state_54,state_55,state_56,state_57,state_58,state_59,state_60,state_61,state_62,state_63,state_64,state_65,state_66,state_67,state_68,state_69,state_70,state_71,state_72,state_73,state_74,state_75,state_76,state_77,state_78,state_79,state_80,state_81,state_82,state_83,state_84,state_85,state_86,state_87,state_88,state_89,state_90,state_91,state_92,state_93,state_94,state_95,state_96,state_97,state_98,state_99,state_100,state_101,state_102,state_103,state_104,state_105,state_106,state_107,state_108,state_109,state_110,state_111,state_112,state_113,state_114,state_115,state_116,state_117,state_118,state_119,state_120,state_121,state_122,state_123,state_124,state_125,state_126,state_127,state_128,state_129,state_130,state_131,state_132,state_133,state_134,state_135,state_136,state_137,state_138,state_139,state_140,state_141,state_142,state_143,state_144,state_145,state_146,state_147,state_148,state_149,state_150,state_151,state_152,state_153,state_154,state_155,state_156,state_157,state_158,state_159,state_160,state_161,state_162,state_163,state_164,state_165,state_166,state_167,state_168,state_169,state_170,state_171,state_172,state_173,state_174,state_175,state_176,state_177,state_178,state_179,state_180,state_181,state_182,state_183,state_184,state_185,state_186,state_187,state_188,state_189,state_190,state_191,state_192,state_193,state_194,state_195,state_196,state_197,state_198,state_199,state_200,state_201,state_202,state_203,state_204,state_205,state_206,state_207,state_208,state_209,state_210,state_211,state_212,state_213,state_214,state_215,state_216,state_217,state_218,state_219,state_220,state_221,state_222,state_223,state_224,state_225,state_226,state_227,state_228,state_229,state_230,state_231,state_232,state_233,state_234,state_235,state_236,state_237,state_238,state_239,state_240,state_241,state_242,state_243,state_244,state_245,state_246,state_247,state_248,state_249,state_250,state_251,state_252,state_253,state_254,state_255,state_256,state_257,state_258,state_259,state_260,state_261,state_262,state_263,state_264,state_265,state_266,state_267,state_268,state_269,state_270,state_271,state_272,state_273,state_274,state_275,state_276,state_277,state_278,state_279,state_280,state_281,state_282,state_283,state_284,state_285,state_286,state_287
{'img': array([[[ 0.        , -0.80759055,  0.38745848, ...,  0.97032593,
          0.98466156,  0.99977404],
        [ 0.80759055,  0.        ,  0.97300851, ...,  0.76751946,
          0.72160242,  0.60677741],
        [-0.38745848, -0.97300851,  0.        , ...,  0.80084328,
          0.84014491,  0.91344258],
        ...,
        [-0.97032593, -0.76751946, -0.80084328, ...,  0.        ,
          0.06879397,  0.22111969],
        [-0.98466156, -0.72160242, -0.84014491, ..., -0.06879397,
          0.        ,  0.15350474],
        [-0.99977404, -0.60677741, -0.91344258, ..., -0.22111969,
         -0.15350474,  0.        ]],

       [[ 0.        , -0.4845012 , -0.48748083, ..., -0.41046674,
         -0.77902083, -0.08309172],
        [ 0.4845012 ,  0.        , -0.00340932, ...,  0.08273237,
         -0.37769879,  0.41013789],
        [ 0.48748083,  0.00340932,  0.        , ...,  0.08612952,
         -0.3745398 ,  0.41324489],
        ...,
        [ 0.41046674, -0.08273237, -0.08612952, ...,  0.        ,
         -0.45300822,  0.33327799],
        [ 0.77902083,  0.37769879,  0.3745398 , ...,  0.45300822,
          0.        ,  0.72422855],
        [ 0.08309172, -0.41013789, -0.41324489, ..., -0.33327799,
         -0.72422855,  0.        ]],

       [[ 0.        , -0.48757207, -0.65298273, ...,  0.53774254,
          0.50343496,  0.55509277],
        [ 0.48757207,  0.        , -0.20083413, ...,  0.88057018,
          0.8608188 ,  0.89019873],
        [ 0.65298273,  0.20083413,  0.        , ...,  0.95780725,
          0.94548665,  0.96355565],
        ...,
        [-0.53774254, -0.88057018, -0.95780725, ...,  0.        ,
         -0.04017676,  0.02071574],
        [-0.50343496, -0.8608188 , -0.94548665, ...,  0.04017676,
          0.        ,  0.06086715],
        [-0.55509277, -0.89019873, -0.96355565, ..., -0.02071574,
         -0.06086715,  0.        ]],

       ...,

       [[ 0.        , -0.53040417,  0.45982841, ...,  0.99341869,
          0.87133052,  0.89476853],
        [ 0.53040417,  0.        ,  0.86082022, ...,  0.90291787,
          0.99893351,  0.99537697],
        [-0.45982841, -0.86082022,  0.        , ...,  0.82949501,
          0.54811207,  0.58923412],
        ...,
        [-0.99341869, -0.90291787, -0.82949501, ...,  0.        ,
         -0.38766536, -0.34110516],
        [-0.87133052, -0.99893351, -0.54811207, ...,  0.38766536,
          0.        ,  0.04998439],
        [-0.89476853, -0.99537697, -0.58923412, ...,  0.34110516,
         -0.04998439,  0.        ]],

       [[ 0.        ,  0.3438488 , -0.04983872, ..., -0.99997746,
         -0.99999997, -0.99074115],
        [-0.3438488 ,  0.        , -0.3902213 , ..., -0.93669521,
         -0.93894126, -0.88364829],
        [ 0.04983872,  0.3902213 ,  0.        , ..., -0.99906939,
         -0.99876939, -0.99627626],
        ...,
        [ 0.99997746,  0.93669521,  0.99906939, ...,  0.        ,
          0.00647062, -0.12910939],
        [ 0.99999997,  0.93894126,  0.99876939, ..., -0.00647062,
          0.        , -0.13552315],
        [ 0.99074115,  0.88364829,  0.99627626, ...,  0.12910939,
          0.13552315,  0.        ]],

       [[ 0.        , -0.7140522 , -0.87723848, ..., -0.41505082,
         -0.32329288,  0.6677978 ],
        [ 0.7140522 ,  0.        , -0.27136384, ...,  0.35906947,
          0.44937194,  0.99901977],
        [ 0.87723848,  0.27136384,  0.        , ...,  0.59886286,
          0.67493155,  0.97354565],
        ...,
        [ 0.41505082, -0.35906947, -0.59886286, ...,  0.        ,
          0.09863088,  0.91650131],
        [ 0.32329288, -0.44937194, -0.67493155, ..., -0.09863088,
          0.        ,  0.87257706],
        [-0.6677978 , -0.99901977, -0.97354565, ..., -0.91650131,
         -0.87257706,  0.        ]]]), 'num': array([7.07093107e-01, 7.07093107e-01, 0.00000000e+00, 0.00000000e+00,
       2.20966596e-03, 2.24588999e-03, 2.12997309e-03, 1.34501280e-03,
       7.24480643e-05, 2.14156478e-03, 2.12598845e-03, 2.05837025e-03,
       8.54515630e-07, 2.21103087e-03, 2.04094602e-03])}
{'img': array([[[ 0.        ,  0.94280904,  0.85951465, ...,  0.88443328,
          0.83147942,  0.        ],
        [-0.94280904,  0.        , -0.19537529, ...,  0.73478865,
          0.80094261,  0.94280904],
        [-0.85951465,  0.19537529,  0.        , ...,  0.85315051,
          0.90248651,  0.85951465],
        ...,
        [-0.88443328, -0.73478865, -0.85315051, ...,  0.        ,
          0.10332809,  0.88443328],
        [-0.83147942, -0.80094261, -0.90248651, ..., -0.10332809,
          0.        ,  0.83147942],
        [-0.        , -0.94280904, -0.85951465, ..., -0.88443328,
         -0.83147942,  0.        ]],

       [[ 0.        , -0.00230787,  0.19013627, ..., -0.27359774,
          0.25761208,  0.99044592],
        [ 0.00230787,  0.        ,  0.19240153, ..., -0.2713772 ,
          0.25984136,  0.99012502],
        [-0.19013627, -0.19240153,  0.        , ..., -0.45148815,
          0.06919377,  0.99859803],
        ...,
        [ 0.27359774,  0.2713772 ,  0.45148815, ...,  0.        ,
          0.51214606,  0.91492508],
        [-0.25761208, -0.25984136, -0.06919377, ..., -0.51214606,
          0.        ,  0.99254195],
        [-0.99044592, -0.99012502, -0.99859803, ..., -0.91492508,
         -0.99254195,  0.        ]],

       [[ 0.        , -0.20083413, -0.54120048, ...,  0.8608188 ,
          0.89019873,  0.99840257],
        [ 0.20083413,  0.        , -0.36129353, ...,  0.94548665,
          0.96355565,  0.9894076 ],
        [ 0.54120048,  0.36129353,  0.        , ...,  0.99928021,
          0.99511842,  0.8701284 ],
        ...,
        [-0.8608188 , -0.94548665, -0.99928021, ...,  0.        ,
          0.06086715,  0.45946199],
        [-0.89019873, -0.96355565, -0.99511842, ..., -0.06086715,
          0.        ,  0.40454804],
        [-0.99840257, -0.9894076 , -0.8701284 , ..., -0.45946199,
         -0.40454804,  0.        ]],

       ...,

       [[ 0.        ,  0.86082022,  0.84587878, ...,  0.99893351,
          0.99537697,  0.90291787],
        [-0.86082022,  0.        , -0.02866468, ...,  0.54811207,
          0.58923412,  0.82949501],
        [-0.84587878,  0.02866468,  0.        , ...,  0.57186212,
          0.61215197,  0.84516379],
        ...,
        [-0.99893351, -0.54811207, -0.57186212, ...,  0.        ,
          0.04998439,  0.38766536],
        [-0.99537697, -0.58923412, -0.61215197, ..., -0.04998439,
          0.        ,  0.34110516],
        [-0.90291787, -0.82949501, -0.84516379, ..., -0.38766536,
         -0.34110516,  0.        ]],

       [[ 0.        , -0.3902213 , -0.59835545, ..., -0.93894126,
         -0.88364829, -0.89592702],
        [ 0.3902213 ,  0.        , -0.23826117, ..., -0.99876939,
         -0.99627626, -0.99823571],
        [ 0.59835545,  0.23826117,  0.        , ..., -0.95818927,
         -0.98812712, -0.98363456],
        ...,
        [ 0.93894126,  0.99876939,  0.95818927, ...,  0.        ,
         -0.13552315, -0.10881059],
        [ 0.88364829,  0.99627626,  0.98812712, ...,  0.13552315,
          0.        ,  0.02691176],
        [ 0.89592702,  0.99823571,  0.98363456, ...,  0.10881059,
         -0.02691176,  0.        ]],

       [[ 0.        , -0.25123518, -0.4823458 , ...,  0.40304314,
          0.85390825,  0.99900644],
        [ 0.25123518,  0.        , -0.24679785, ...,  0.62004162,
          0.95726877,  0.95576783],
        [ 0.4823458 ,  0.24679785,  0.        , ...,  0.79449179,
          0.99903144,  0.85361433],
        ...,
        [-0.40304314, -0.62004162, -0.79449179, ...,  0.        ,
          0.57172744,  0.93223372],
        [-0.85390825, -0.95726877, -0.99903144, ..., -0.57172744,
          0.        ,  0.55796179],
        [-0.99900644, -0.95576783, -0.85361433, ..., -0.93223372,
         -0.55796179,  0.        ]]]), 'num': array([ 9.33150736e-01,  3.59391961e-01,  3.87674848e-06, -1.71977021e-10,
        2.88320993e-03,  2.97087509e-03,  2.86372878e-03,  1.03579317e-03,
       -8.76651666e-05,  2.88515804e-03,  2.86762501e-03,  2.77330378e-03,
        9.74057407e-07,  2.95548477e-03,  2.77976524e-03])}
{'img': array([[[ 0.        , -0.23481456, -0.36672364, ...,  0.8518899 ,
          0.88614157,  0.88073342],
        [ 0.23481456,  0.        , -0.1380151 , ...,  0.95104851,
          0.75254871,  0.96731935],
        [ 0.36672364,  0.1380151 ,  0.        , ...,  0.98459951,
          0.65445892,  0.9930575 ],
        ...,
        [-0.8518899 , -0.95104851, -0.98459951, ...,  0.        ,
          0.85886912,  0.05779294],
        [-0.88614157, -0.75254871, -0.65445892, ..., -0.85886912,
          0.        , -0.82783233],
        [-0.88073342, -0.96731935, -0.9930575 , ..., -0.05779294,
          0.82783233,  0.        ]],

       [[ 0.        ,  0.19240153, -0.78103415, ...,  0.25984136,
          0.99012502,  0.13320645],
        [-0.19240153,  0.        , -0.88659404, ...,  0.06919377,
          0.99859803, -0.05996925],
        [ 0.78103415,  0.88659404,  0.        , ...,  0.91647455,
          0.50883056,  0.85725969],
        ...,
        [-0.25984136, -0.06919377, -0.91647455, ...,  0.        ,
          0.99254195, -0.12889476],
        [-0.99012502, -0.99859803, -0.50883056, ..., -0.99254195,
          0.        , -0.99997517],
        [-0.13320645,  0.05996925, -0.85725969, ...,  0.12889476,
          0.99997517,  0.        ]],

       [[ 0.        , -0.36129353, -0.88392648, ...,  0.96355565,
          0.9894076 ,  0.95024927],
        [ 0.36129353,  0.        , -0.65526892, ...,  0.99511842,
          0.8701284 ,  0.77352246],
        [ 0.88392648,  0.65526892,  0.        , ...,  0.68704094,
          0.33435827,  0.16902648],
        ...,
        [-0.96355565, -0.99511842, -0.68704094, ...,  0.        ,
          0.40454804,  0.55433766],
        [-0.9894076 , -0.8701284 , -0.33435827, ..., -0.40454804,
          0.        ,  0.17024903],
        [-0.95024927, -0.77352246, -0.16902648, ..., -0.55433766,
         -0.17024903,  0.        ]],

       ...,

       [[ 0.        , -0.08658095, -0.39878663, ...,  0.84767791,
          0.99143269,  0.90312093],
        [ 0.08658095,  0.        , -0.3178906 , ...,  0.89042689,
          0.99901877,  0.93690622],
        [ 0.39878663,  0.3178906 ,  0.        , ...,  0.98891851,
          0.96127609,  0.99943491],
        ...,
        [-0.84767791, -0.89042689, -0.98891851, ...,  0.        ,
          0.4152437 ,  0.11513453],
        [-0.99143269, -0.99901877, -0.96127609, ..., -0.4152437 ,
          0.        , -0.30774323],
        [-0.90312093, -0.93690622, -0.99943491, ..., -0.11513453,
          0.30774323,  0.        ]],

       [[ 0.        , -0.48307741, -0.62312198, ..., -0.89493377,
         -0.90693975, -0.8685245 ],
        [ 0.48307741,  0.        , -0.16776491, ..., -0.99913266,
         -0.99759753, -0.99989614],
        [ 0.62312198,  0.16776491,  0.        , ..., -0.97798618,
         -0.97183654, -0.9881425 ],
        ...,
        [ 0.89493377,  0.99913266,  0.97798618, ...,  0.        ,
          0.02767549, -0.0560358 ],
        [ 0.90693975,  0.99759753,  0.97183654, ..., -0.02767549,
          0.        , -0.08364634],
        [ 0.8685245 ,  0.99989614,  0.9881425 , ...,  0.0560358 ,
          0.08364634,  0.        ]],

       [[ 0.        , -0.22559481, -0.50325009, ...,  0.86189006,
          0.94674106,  0.92434326],
        [ 0.22559481,  0.        , -0.29533124, ...,  0.95406962,
          0.99497583,  0.81443642],
        [ 0.50325009,  0.29533124,  0.        , ...,  0.99999007,
          0.98016206,  0.60674165],
        ...,
        [-0.86189006, -0.95406962, -0.99999007, ...,  0.        ,
          0.20256275,  0.79759448],
        [-0.94674106, -0.99497583, -0.98016206, ..., -0.20256275,
          0.        ,  0.65887513],
        [-0.92434326, -0.81443642, -0.60674165, ..., -0.79759448,
         -0.65887513,  0.        ]]]), 'num': array([ 9.88400705e-01,  1.51629011e-01,  5.52324550e-06, -3.73690111e-08,
        3.06509778e-03,  3.08532945e-03,  3.01451861e-03,  6.80836108e-04,
        7.08108398e-05,  3.01856494e-03,  2.98720585e-03,  2.88486733e-03,
        1.21390011e-06,  3.07495161e-03,  2.89946010e-03])}
{'img': array([[[ 0.        , -0.1380151 ,  0.        , ...,  0.75254871,
          0.96731935,  0.96283848],
        [ 0.1380151 ,  0.        ,  0.1380151 , ...,  0.65445892,
          0.9930575 ,  0.91634941],
        [ 0.        , -0.1380151 ,  0.        , ...,  0.75254871,
          0.96731935,  0.96283848],
        ...,
        [-0.75254871, -0.65445892, -0.75254871, ...,  0.        ,
         -0.82783233, -0.4308176 ],
        [-0.96731935, -0.9930575 , -0.96731935, ...,  0.82783233,
          0.        ,  0.50539003],
        [-0.96283848, -0.91634941, -0.96283848, ...,  0.4308176 ,
         -0.50539003,  0.        ]],

       [[ 0.        , -0.88659404, -0.77441491, ...,  0.99859803,
         -0.05996925, -0.54771559],
        [ 0.88659404,  0.        ,  0.20272424, ...,  0.50883056,
          0.85725969,  0.48843687],
        [ 0.77441491, -0.20272424,  0.        , ...,  0.67278368,
          0.73507991,  0.30139789],
        ...,
        [-0.99859803, -0.50883056, -0.67278368, ...,  0.        ,
         -0.99997517, -0.86448419],
        [ 0.05996925, -0.85725969, -0.73507991, ...,  0.99997517,
          0.        , -0.49655567],
        [ 0.54771559, -0.48843687, -0.30139789, ...,  0.86448419,
          0.49655567,  0.        ]],

       [[ 0.        , -0.6358507 , -0.39342946, ...,  0.96674935,
          0.9456039 ,  0.6358507 ],
        [ 0.6358507 ,  0.        ,  0.28091879, ...,  0.58354537,
          0.52297342,  0.        ],
        [ 0.39342946, -0.28091879,  0.        , ...,  0.78817558,
          0.74135493,  0.28091879],
        ...,
        [-0.96674935, -0.58354537, -0.78817558, ...,  0.        ,
          0.07268778,  0.58354537],
        [-0.9456039 , -0.52297342, -0.74135493, ..., -0.07268778,
          0.        ,  0.52297342],
        [-0.6358507 , -0.        , -0.28091879, ..., -0.58354537,
         -0.52297342,  0.        ]],

       ...,

       [[ 0.        , -0.3178906 ,  0.18515979, ...,  0.99901877,
          0.93690622,  0.99997307],
        [ 0.3178906 ,  0.        ,  0.48794885, ...,  0.96127609,
          0.99943491,  0.95043466],
        [-0.18515979, -0.48794885,  0.        , ...,  0.97354364,
          0.85597733,  0.9813232 ],
        ...,
        [-0.99901877, -0.96127609, -0.97354364, ...,  0.        ,
         -0.30774323,  0.03695658],
        [-0.93690622, -0.99943491, -0.85597733, ...,  0.30774323,
          0.        ,  0.34269605],
        [-0.99997307, -0.95043466, -0.9813232 , ..., -0.03695658,
         -0.34269605,  0.        ]],

       [[ 0.        , -0.43517161, -0.65148692, ..., -0.92380313,
         -0.88678179, -0.89929923],
        [ 0.43517161,  0.        , -0.25641741, ..., -0.99835708,
         -0.99954303, -0.99999711],
        [ 0.65148692,  0.25641741,  0.        , ..., -0.95028574,
         -0.97387541, -0.96717951],
        ...,
        [ 0.92380313,  0.99835708,  0.95028574, ...,  0.        ,
         -0.08745081, -0.05969763],
        [ 0.88678179,  0.99954303,  0.97387541, ...,  0.08745081,
          0.        ,  0.02782593],
        [ 0.89929923,  0.99999711,  0.96717951, ...,  0.05969763,
         -0.02782593,  0.        ]],

       [[ 0.        , -0.28845125, -0.53926198, ...,  0.98367005,
          0.97242235,  0.80209327],
        [ 0.28845125,  0.        , -0.27342465, ...,  0.99377454,
          0.86381456,  0.59573722],
        [ 0.53926198,  0.27342465,  0.        , ...,  0.925443  ,
          0.6931435 ,  0.35342667],
        ...,
        [-0.98367005, -0.99377454, -0.925443  , ...,  0.        ,
          0.404436  ,  0.73180826],
        [-0.97242235, -0.86381456, -0.6931435 , ..., -0.404436  ,
          0.        ,  0.39365976],
        [-0.80209327, -0.59573722, -0.35342667, ..., -0.73180826,
         -0.39365976,  0.        ]]]), 'num': array([ 8.69115388e-01,  4.94551811e-01,  2.53941408e-06,  7.86130382e-10,
        2.65647927e-03,  2.74652941e-03,  2.64747425e-03,  4.32762985e-04,
       -7.20401158e-05,  2.69069832e-03,  2.66368328e-03,  2.57168205e-03,
        9.47896260e-07,  2.72926551e-03,  2.59810105e-03])}
{'img': array([[[ 0.        ,  0.1380151 ,  0.67064206, ...,  0.9930575 ,
          0.91634941,  0.98459951],
        [-0.1380151 ,  0.        ,  0.5618471 , ...,  0.96731935,
          0.96283848,  0.95104851],
        [-0.67064206, -0.5618471 ,  0.        , ...,  0.6577437 ,
          0.94824204,  0.61311228],
        ...,
        [-0.9930575 , -0.96731935, -0.6577437 , ...,  0.        ,
          0.50539003, -0.05779294],
        [-0.91634941, -0.96283848, -0.94824204, ..., -0.50539003,
          0.        , -0.55441433],
        [-0.98459951, -0.95104851, -0.61311228, ...,  0.05779294,
          0.55441433,  0.        ]],

       [[ 0.        ,  0.20272424,  0.28311763, ...,  0.85725969,
          0.48843687,  0.19219046],
        [-0.20272424,  0.        ,  0.08280912, ...,  0.73507991,
          0.30139789, -0.0107452 ],
        [-0.28311763, -0.08280912,  0.        , ...,  0.67641225,
          0.22140434, -0.09351263],
        ...,
        [-0.85725969, -0.73507991, -0.67641225, ...,  0.        ,
         -0.49655567, -0.7423225 ],
        [-0.48843687, -0.30139789, -0.22140434, ...,  0.49655567,
          0.        , -0.31162601],
        [-0.19219046,  0.0107452 ,  0.09351263, ...,  0.7423225 ,
          0.31162601,  0.        ]],

       [[ 0.        ,  0.27909017,  0.74337564, ...,  0.56100182,
          0.22864472,  0.        ],
        [-0.27909017,  0.        ,  0.52716133, ...,  0.76974526,
          0.49125655,  0.27909017],
        [-0.74337564, -0.52716133,  0.        , ...,  0.99061681,
          0.87661812,  0.74337564],
        ...,
        [-0.56100182, -0.76974526, -0.99061681, ...,  0.        ,
          0.35686541,  0.56100182],
        [-0.22864472, -0.49125655, -0.87661812, ..., -0.35686541,
          0.        ,  0.22864472],
        [-0.        , -0.27909017, -0.74337564, ..., -0.56100182,
         -0.22864472,  0.        ]],

       ...,

       [[ 0.        ,  0.48794885,  0.83103041, ...,  0.99943491,
          0.95043466,  0.99837107],
        [-0.48794885,  0.        ,  0.45397305, ...,  0.85597733,
          0.9813232 ,  0.89929001],
        [-0.83103041, -0.45397305,  0.        , ...,  0.52797887,
          0.78704501,  0.60273487],
        ...,
        [-0.99943491, -0.85597733, -0.52797887, ...,  0.        ,
          0.34269605,  0.09058085],
        [-0.95043466, -0.9813232 , -0.78704501, ..., -0.34269605,
          0.        , -0.25619142],
        [-0.99837107, -0.89929001, -0.60273487, ..., -0.09058085,
          0.25619142,  0.        ]],

       [[ 0.        , -0.52535626, -0.67141811, ..., -0.90091962,
         -0.9130587 , -0.89307887],
        [ 0.52535626,  0.        , -0.18196746, ..., -0.99457387,
         -0.99116062, -0.99626291],
        [ 0.67141811,  0.18196746,  0.        , ..., -0.95903845,
         -0.95047162, -0.96391287],
        ...,
        [ 0.90091962,  0.99457387,  0.95903845, ...,  0.        ,
          0.02883431, -0.01774013],
        [ 0.9130587 ,  0.99116062,  0.95047162, ..., -0.02883431,
          0.        , -0.04656252],
        [ 0.89307887,  0.99626291,  0.96391287, ...,  0.01774013,
          0.04656252,  0.        ]],

       [[ 0.        , -0.26510872, -0.43860975, ...,  0.94840681,
          0.89310832,  0.58010047],
        [ 0.26510872,  0.        , -0.18466838, ...,  0.8304171 ,
          0.74189465,  0.34340066],
        [ 0.43860975,  0.18466838,  0.        , ...,  0.71324811,
          0.60531153,  0.16405597],
        ...,
        [-0.94840681, -0.8304171 , -0.71324811, ...,  0.        ,
          0.14346751,  0.5885956 ],
        [-0.89310832, -0.74189465, -0.60531153, ..., -0.14346751,
          0.        ,  0.4665235 ],
        [-0.58010047, -0.34340066, -0.16405597, ..., -0.5885956 ,
         -0.4665235 ,  0.        ]]]), 'num': array([ 9.92986442e-01,  1.17906071e-01,  6.05591953e-06, -2.34365872e-08,
        3.02795976e-03,  3.11177872e-03,  3.02795976e-03,  7.76226391e-04,
       -6.28642165e-05,  3.11806514e-03,  3.09553880e-03,  2.99565454e-03,
        8.82304793e-07,  3.17789785e-03,  3.01317974e-03])}
{'img': array([[[ 0.        ,  0.5618471 ,  0.5618471 , ...,  0.96283848,
          0.95104851,  0.80766834],
        [-0.5618471 ,  0.        ,  0.        , ...,  0.94824204,
          0.61311228,  0.33685058],
        [-0.5618471 ,  0.        ,  0.        , ...,  0.94824204,
          0.61311228,  0.33685058],
        ...,
        [-0.96283848, -0.94824204, -0.94824204, ...,  0.        ,
         -0.55441433, -0.7858586 ],
        [-0.95104851, -0.61311228, -0.61311228, ...,  0.55441433,
          0.        , -0.31117031],
        [-0.80766834, -0.33685058, -0.33685058, ...,  0.7858586 ,
          0.31117031,  0.        ]],

       [[ 0.        ,  0.08280912,  0.46298649, ...,  0.30139789,
         -0.0107452 ,  0.39235009],
        [-0.08280912,  0.        ,  0.3879972 , ...,  0.22140434,
         -0.09351263,  0.31483338],
        [-0.46298649, -0.3879972 ,  0.        , ..., -0.17430827,
         -0.47248393, -0.07809685],
        ...,
        [-0.30139789, -0.22140434,  0.17430827, ...,  0.        ,
         -0.31162601,  0.09687462],
        [ 0.0107452 ,  0.09351263,  0.47248393, ...,  0.31162601,
          0.        ,  0.40221104],
        [-0.39235009, -0.31483338,  0.07809685, ..., -0.09687462,
         -0.40221104,  0.        ]],

       [[ 0.        ,  0.7114836 ,  0.79385422, ...,  0.23091902,
          0.        ,  0.39444647],
        [-0.7114836 ,  0.        ,  0.12518456, ...,  0.85452173,
          0.7114836 ,  0.93097434],
        [-0.79385422, -0.12518456,  0.        , ...,  0.91282243,
          0.79385422,  0.96935376],
        ...,
        [-0.23091902, -0.85452173, -0.91282243, ...,  0.        ,
          0.23091902, -0.1715899 ],
        [-0.        , -0.7114836 , -0.79385422, ..., -0.23091902,
          0.        , -0.39444647],
        [-0.39444647, -0.93097434, -0.96935376, ...,  0.1715899 ,
          0.39444647,  0.        ]],

       ...,

       [[ 0.        ,  0.74962627,  0.78684031, ...,  0.96448135,
          0.99997584,  0.91900738],
        [-0.74962627,  0.        ,  0.05814235, ...,  0.83636742,
          0.65663445,  0.31272257],
        [-0.78684031, -0.05814235,  0.        , ...,  0.80308069,
          0.61167214,  0.25696734],
        ...,
        [-0.96448135, -0.83636742, -0.80308069, ...,  0.        ,
         -0.270849  , -0.6229941 ],
        [-0.99997584, -0.65663445, -0.61167214, ...,  0.270849  ,
          0.        , -0.38784246],
        [-0.91900738, -0.31272257, -0.25696734, ...,  0.6229941 ,
          0.38784246,  0.        ]],

       [[ 0.        , -0.47246397, -0.69476537, ..., -0.93290622,
         -0.91405913, -0.91912724],
        [ 0.47246397,  0.        , -0.27251814, ..., -0.99236033,
         -0.99722839, -0.99620507],
        [ 0.69476537,  0.27251814,  0.        , ..., -0.92117866,
         -0.93920825, -0.93478014],
        ...,
        [ 0.93290622,  0.99236033,  0.92117866, ...,  0.        ,
         -0.04919855, -0.03653293],
        [ 0.91405913,  0.99722839,  0.93920825, ...,  0.04919855,
          0.        ,  0.01267702],
        [ 0.91912724,  0.99620507,  0.93478014, ...,  0.03653293,
         -0.01267702,  0.        ]],

       [[ 0.        , -0.18466838, -0.34340066, ...,  0.74189465,
          0.34340066,  0.63558699],
        [ 0.18466838,  0.        , -0.16405597, ...,  0.60531153,
          0.16405597,  0.48208607],
        [ 0.34340066,  0.16405597,  0.        , ...,  0.4665235 ,
          0.        ,  0.33182095],
        ...,
        [-0.74189465, -0.60531153, -0.4665235 , ...,  0.        ,
          0.4665235 ,  0.14659284],
        [-0.34340066, -0.16405597, -0.        , ..., -0.4665235 ,
          0.        , -0.33182095],
        [-0.63558699, -0.48208607, -0.33182095, ..., -0.14659284,
          0.33182095,  0.        ]]]), 'num': array([ 7.78779356e-01,  6.27260890e-01,  1.07459905e-06, -4.96628051e-08,
        2.33105332e-03,  2.43851323e-03,  2.33105332e-03,  6.31401337e-04,
       -5.78630257e-05,  2.42198093e-03,  2.43603338e-03,  2.36494452e-03,
        6.03559905e-07,  2.51670352e-03,  2.35536325e-03])}
{'img': array([[[ 0.        ,  0.        ,  0.09770674, ...,  0.61311228,
          0.33685058,  0.        ],
        [ 0.        ,  0.        ,  0.09770674, ...,  0.61311228,
          0.33685058,  0.        ],
        [-0.09770674, -0.09770674,  0.        , ...,  0.53299078,
          0.24324225, -0.09770674],
        ...,
        [-0.61311228, -0.61311228, -0.53299078, ...,  0.        ,
         -0.31117031, -0.61311228],
        [-0.33685058, -0.33685058, -0.24324225, ...,  0.31117031,
          0.        , -0.33685058],
        [ 0.        ,  0.        ,  0.09770674, ...,  0.61311228,
          0.33685058,  0.        ]],

       [[ 0.        ,  0.3879972 , -0.2134892 , ..., -0.09351263,
          0.31483338,  0.34491522],
        [-0.3879972 ,  0.        , -0.57581666, ..., -0.47248393,
         -0.07809685, -0.04629255],
        [ 0.2134892 ,  0.57581666,  0.        , ...,  0.12119697,
          0.51020766,  0.53735153],
        ...,
        [ 0.09351263,  0.47248393, -0.12119697, ...,  0.        ,
          0.40221104,  0.43117795],
        [-0.31483338,  0.07809685, -0.51020766, ..., -0.40221104,
          0.        ,  0.03186196],
        [-0.34491522,  0.04629255, -0.53735153, ..., -0.43117795,
         -0.03186196,  0.        ]],

       [[ 0.        ,  0.1875156 ,  0.44020278, ...,  0.47386591,
          0.79566628,  0.99402366],
        [-0.1875156 ,  0.        ,  0.26402434, ...,  0.63058598,
          0.89513726,  0.99686141],
        [-0.44020278, -0.26402434,  0.        , ...,  0.81312468,
          0.9810738 ,  0.94058692],
        ...,
        [-0.47386591, -0.63058598, -0.81312468, ...,  0.        ,
         -0.41362407, -0.82360476],
        [-0.79566628, -0.89513726, -0.9810738 , ...,  0.41362407,
          0.        , -0.51525635],
        [-0.99402366, -0.99686141, -0.94058692, ...,  0.82360476,
          0.51525635,  0.        ]],

       ...,

       [[ 0.        ,  0.11026423,  0.30313705, ...,  0.83301915,
          0.47605502,  0.14683027],
        [-0.11026423,  0.        ,  0.19621265, ...,  0.76693661,
          0.37618412,  0.0368658 ],
        [-0.30313705, -0.19621265,  0.        , ...,  0.62611427,
          0.18707177, -0.1599301 ],
        ...,
        [-0.83301915, -0.76693661, -0.62611427, ...,  0.        ,
         -0.46919528, -0.74275765],
        [-0.47605502, -0.37618412, -0.18707177, ...,  0.46919528,
          0.        , -0.34177058],
        [-0.14683027, -0.0368658 ,  0.1599301 , ...,  0.74275765,
          0.34177058,  0.        ]],

       [[ 0.        , -0.56122608, -0.76347757, ..., -0.92978895,
         -0.93458493, -0.95596987],
        [ 0.56122608,  0.        , -0.26944271, ..., -0.97613492,
         -0.97317156, -0.95592057],
        [ 0.76347757,  0.26944271,  0.        , ..., -0.88152044,
         -0.87518662, -0.84145199],
        ...,
        [ 0.92978895,  0.97613492,  0.88152044, ...,  0.        ,
          0.01325103,  0.07902552],
        [ 0.93458493,  0.97317156,  0.87518662, ..., -0.01325103,
          0.        ,  0.065809  ],
        [ 0.95596987,  0.95592057,  0.84145199, ..., -0.07902552,
         -0.065809  ,  0.        ]],

       [[ 0.        , -0.16405597,  0.01126045, ...,  0.16405597,
          0.48208607,  0.7435415 ],
        [ 0.16405597,  0.        ,  0.17515345, ...,  0.        ,
          0.33182095,  0.62376473],
        [-0.01126045, -0.17515345,  0.        , ...,  0.17515345,
          0.49192105,  0.7510241 ],
        ...,
        [-0.16405597, -0.        , -0.17515345, ...,  0.        ,
         -0.33182095, -0.62376473],
        [-0.48208607, -0.33182095, -0.49192105, ...,  0.33182095,
          0.        , -0.32906842],
        [-0.7435415 , -0.62376473, -0.7510241 , ...,  0.62376473,
          0.32906842,  0.        ]]]), 'num': array([ 9.99963042e-01,  1.50070332e-04,  6.99169910e-06, -7.28729949e-08,
        2.99345201e-03,  3.04578509e-03,  2.96205216e-03,  4.25446984e-04,
        4.18664617e-05,  3.04578509e-03,  3.07823160e-03,  2.99519645e-03,
        8.56359444e-07,  3.18637762e-03,  2.97008557e-03])}
{'img': array([[[ 0.        ,  0.09770674,  0.33685058, ...,  0.33685058,
          0.        ,  0.19424891],
        [-0.09770674,  0.        ,  0.24324225, ...,  0.24324225,
         -0.09770674,  0.09747383],
        [-0.33685058, -0.24324225,  0.        , ...,  0.        ,
         -0.33685058, -0.1475377 ],
        ...,
        [-0.33685058, -0.24324225,  0.        , ...,  0.        ,
         -0.33685058, -0.1475377 ],
        [ 0.        ,  0.09770674,  0.33685058, ...,  0.33685058,
          0.        ,  0.19424891],
        [-0.19424891, -0.09747383,  0.1475377 , ...,  0.1475377 ,
         -0.19424891,  0.        ]],

       [[ 0.        , -0.57581666, -0.07617608, ..., -0.07809685,
         -0.04629255, -0.60348368],
        [ 0.57581666,  0.        ,  0.5118636 , ...,  0.51020766,
          0.53735153, -0.03425348],
        [ 0.07617608, -0.5118636 ,  0.        , ..., -0.0019265 ,
          0.02993638, -0.54098925],
        ...,
        [ 0.07809685, -0.51020766,  0.0019265 , ...,  0.        ,
          0.03186196, -0.539368  ],
        [ 0.04629255, -0.53735153, -0.02993638, ..., -0.03186196,
          0.        , -0.56592416],
        [ 0.60348368,  0.03425348,  0.54098925, ...,  0.539368  ,
          0.56592416,  0.        ]],

       [[ 0.        ,  0.26402434,  0.56543523, ...,  0.89513726,
          0.99686141,  0.96862381],
        [-0.26402434,  0.        ,  0.32760599, ...,  0.9810738 ,
          0.94058692,  0.86863481],
        [-0.56543523, -0.32760599,  0.        , ...,  0.99036841,
          0.77744049,  0.65838536],
        ...,
        [-0.89513726, -0.9810738 , -0.99036841, ...,  0.        ,
         -0.51525635, -0.65427325],
        [-0.99686141, -0.94058692, -0.77744049, ...,  0.51525635,
          0.        , -0.17106895],
        [-0.96862381, -0.86863481, -0.65838536, ...,  0.65427325,
          0.17106895,  0.        ]],

       ...,

       [[ 0.        ,  0.19621265,  0.44983246, ...,  0.37618412,
          0.0368658 ,  0.31523398],
        [-0.19621265,  0.        ,  0.26584827, ...,  0.18707177,
         -0.1599301 ,  0.12289771],
        [-0.44983246, -0.26584827,  0.        , ..., -0.08081508,
         -0.41660136, -0.14535775],
        ...,
        [-0.37618412, -0.18707177,  0.08081508, ...,  0.        ,
         -0.34177058, -0.06492554],
        [-0.0368658 ,  0.1599301 ,  0.41660136, ...,  0.34177058,
          0.        ,  0.28003354],
        [-0.31523398, -0.12289771,  0.14535775, ...,  0.06492554,
         -0.28003354,  0.        ]],

       [[ 0.        , -0.59862888, -0.79726647, ..., -0.95550025,
         -0.97393137, -0.97356203],
        [ 0.59862888,  0.        , -0.27728271, ..., -0.94197074,
         -0.91593953, -0.91658947],
        [ 0.79726647,  0.27728271,  0.        , ..., -0.81195211,
         -0.76874598, -0.76978266],
        ...,
        [ 0.95550025,  0.94197074,  0.81195211, ...,  0.        ,
          0.07055189,  0.06893332],
        [ 0.97393137,  0.91593953,  0.76874598, ..., -0.07055189,
          0.        , -0.00162252],
        [ 0.97356203,  0.91658947,  0.76978266, ..., -0.06893332,
          0.00162252,  0.        ]],

       [[ 0.        ,  0.17515345,  0.35710867, ...,  0.33182095,
          0.62376473,  0.70424351],
        [-0.17515345,  0.        ,  0.18798385, ...,  0.49192105,
          0.7510241 ,  0.81770839],
        [-0.35710867, -0.18798385,  0.        , ...,  0.64681736,
          0.86175593,  0.91134003],
        ...,
        [-0.33182095, -0.49192105, -0.64681736, ...,  0.        ,
         -0.32906842, -0.42876365],
        [-0.62376473, -0.7510241 , -0.86175593, ...,  0.32906842,
          0.        , -0.10759822],
        [-0.70424351, -0.81770839, -0.91134003, ...,  0.42876365,
          0.10759822,  0.        ]]]), 'num': array([ 7.35441220e-01,  6.77559086e-01,  4.00568397e-07, -3.48272564e-08,
        2.22623590e-03,  2.23393914e-03,  2.14920351e-03,  4.05945257e-04,
        2.31097152e-05,  2.22007331e-03,  2.26282628e-03,  2.20530877e-03,
        7.00294400e-07,  2.34389349e-03,  2.18175907e-03])}
{'img': array([[[ 0.        ,  0.24324225,  0.09747383, ..., -0.09770674,
          0.09747383,  0.24324225],
        [-0.24324225,  0.        , -0.1475377 , ..., -0.33685058,
         -0.1475377 ,  0.        ],
        [-0.09747383,  0.1475377 ,  0.        , ..., -0.19424891,
          0.        ,  0.1475377 ],
        ...,
        [ 0.09770674,  0.33685058,  0.19424891, ...,  0.        ,
          0.19424891,  0.33685058],
        [-0.09747383,  0.1475377 ,  0.        , ..., -0.19424891,
          0.        ,  0.1475377 ],
        [-0.24324225,  0.        , -0.1475377 , ..., -0.33685058,
         -0.1475377 ,  0.        ]],

       [[ 0.        ,  0.5118636 ,  0.23266462, ...,  0.53735153,
         -0.03425348,  0.20473095],
        [-0.5118636 ,  0.        , -0.2979421 , ...,  0.02993638,
         -0.54098925, -0.32514391],
        [-0.23266462,  0.2979421 ,  0.        , ...,  0.32638535,
         -0.26584155, -0.02862387],
        ...,
        [-0.53735153, -0.02993638, -0.32638535, ...,  0.        ,
         -0.56592416, -0.35330795],
        [ 0.03425348,  0.54098925,  0.26584155, ...,  0.56592416,
          0.        ,  0.23813874],
        [-0.20473095,  0.32514391,  0.02862387, ...,  0.35330795,
         -0.23813874,  0.        ]],

       [[ 0.        ,  0.32760599,  0.53250651, ...,  0.94058692,
          0.86863481,  0.7391467 ],
        [-0.32760599,  0.        ,  0.22582563, ...,  0.77744049,
          0.65838536,  0.47769926],
        [-0.53250651, -0.22582563,  0.        , ...,  0.61532295,
          0.47140311,  0.2669661 ],
        ...,
        [-0.94058692, -0.77744049, -0.61532295, ...,  0.        ,
         -0.17106895, -0.38254763],
        [-0.86863481, -0.65838536, -0.47140311, ...,  0.17106895,
          0.        , -0.2188518 ],
        [-0.7391467 , -0.47769926, -0.2669661 , ...,  0.38254763,
          0.2188518 ,  0.        ]],

       ...,

       [[ 0.        ,  0.26584827,  0.31432035, ..., -0.1599301 ,
          0.12289771,  0.3482842 ],
        [-0.26584827,  0.        ,  0.05063522, ..., -0.41660136,
         -0.14535775,  0.08654791],
        [-0.31432035, -0.05063522,  0.        , ..., -0.46209888,
         -0.19526871,  0.03599167],
        ...,
        [ 0.1599301 ,  0.41660136,  0.46209888, ...,  0.        ,
          0.28003354,  0.49371792],
        [-0.12289771,  0.14535775,  0.19526871, ..., -0.28003354,
          0.        ,  0.23044101],
        [-0.3482842 , -0.08654791, -0.03599167, ..., -0.49371792,
         -0.23044101,  0.        ]],

       [[ 0.        , -0.62479005, -0.86065751, ..., -0.98994881,
         -0.98969658, -0.98812728],
        [ 0.62479005,  0.        , -0.35386191, ..., -0.86130655,
         -0.86220578, -0.86751385],
        [ 0.86065751,  0.35386191,  0.        , ..., -0.62578586,
         -0.62716742, -0.63536817],
        ...,
        [ 0.98994881,  0.86130655,  0.62578586, ...,  0.        ,
         -0.00177251, -0.01234625],
        [ 0.98969658,  0.86220578,  0.62716742, ...,  0.00177251,
          0.        , -0.01057386],
        [ 0.98812728,  0.86751385,  0.63536817, ...,  0.01234625,
          0.01057386,  0.        ]],

       [[ 0.        ,  0.31488904,  0.48604448, ...,  0.62589044,
          0.70651388,  0.73837905],
        [-0.31488904,  0.        ,  0.1861264 , ...,  0.83963587,
          0.89341917,  0.91317333],
        [-0.48604448, -0.1861264 ,  0.        , ...,  0.92605841,
          0.96141983,  0.97307617],
        ...,
        [-0.62589044, -0.83963587, -0.92605841, ...,  0.        ,
         -0.10807579, -0.15377824],
        [-0.70651388, -0.89341917, -0.96141983, ...,  0.10807579,
          0.        , -0.04608724],
        [-0.73837905, -0.91317333, -0.97307617, ...,  0.15377824,
          0.04608724,  0.        ]]]), 'num': array([ 7.96656228e-01,  6.04393755e-01,  1.35874539e-06, -3.66182365e-08,
        2.37361078e-03,  2.44909664e-03,  2.36522346e-03,  3.69109058e-04,
       -5.03239035e-05,  2.39709527e-03,  2.45958078e-03,  2.40100935e-03,
        7.29331935e-07,  2.55621709e-03,  2.36294447e-03])}
{'img': array([[[ 0.        , -0.1475377 , -0.33685058, ..., -0.1475377 ,
          0.        , -0.29030986],
        [ 0.1475377 ,  0.        , -0.19424891, ...,  0.        ,
          0.1475377 , -0.14594918],
        [ 0.33685058,  0.19424891,  0.        , ...,  0.19424891,
          0.33685058,  0.04899973],
        ...,
        [ 0.1475377 ,  0.        , -0.19424891, ...,  0.        ,
          0.1475377 , -0.14594918],
        [ 0.        , -0.1475377 , -0.33685058, ..., -0.1475377 ,
          0.        , -0.29030986],
