state_0,state_1,state_2,state_3,state_4,state_5,state_6,state_7,state_8,state_9,state_10,state_11,state_12,state_13,state_14,state_15,state_16,state_17,state_18,state_19,state_20,state_21,state_22,state_23,state_24,state_25,state_26,state_27,state_28,state_29,state_30,state_31,state_32,state_33,state_34,state_35,state_36,state_37,state_38,state_39,state_40,state_41,state_42,state_43,state_44,state_45,state_46,state_47,state_48,state_49,state_50,state_51,state_52,state_53,state_54,state_55,state_56,state_57,state_58,state_59,state_60,state_61,state_62,state_63,state_64,state_65,state_66,state_67,state_68,state_69,state_70,state_71,state_72,state_73,state_74,state_75,state_76,state_77,state_78,state_79,state_80,state_81,state_82,state_83,state_84,state_85,state_86,state_87,state_88,state_89,state_90,state_91,state_92,state_93,state_94,state_95,state_96,state_97,state_98,state_99,state_100,state_101,state_102,state_103,state_104,state_105,state_106,state_107,state_108,state_109,state_110,state_111,state_112,state_113,state_114,state_115,state_116,state_117,state_118,state_119,state_120,state_121,state_122,state_123,state_124,state_125,state_126,state_127,state_128,state_129,state_130,state_131,state_132,state_133,state_134,state_135,state_136,state_137,state_138,state_139,state_140,state_141,state_142,state_143,state_144,state_145,state_146,state_147,state_148,state_149,state_150,state_151,state_152,state_153,state_154,state_155,state_156,state_157,state_158,state_159,state_160,state_161,state_162,state_163,state_164,state_165,state_166,state_167,state_168,state_169,state_170,state_171,state_172,state_173,state_174,state_175,state_176,state_177,state_178,state_179,state_180,state_181,state_182,state_183,state_184,state_185,state_186,state_187,state_188,state_189,state_190,state_191,state_192,state_193,state_194,state_195,state_196,state_197,state_198,state_199,state_200,state_201,state_202,state_203,state_204,state_205,state_206,state_207,state_208,state_209,state_210,state_211,state_212,state_213,state_214,state_215,state_216,state_217,state_218,state_219,state_220,state_221,state_222,state_223,state_224,state_225,state_226,state_227,state_228,state_229,state_230,state_231,state_232,state_233,state_234,state_235,state_236,state_237,state_238,state_239,state_240,state_241,state_242,state_243,state_244,state_245,state_246,state_247,state_248,state_249,state_250,state_251,state_252,state_253,state_254,state_255,state_256,state_257,state_258,state_259,state_260,state_261,state_262,state_263,state_264,state_265,state_266,state_267,state_268,state_269,state_270,state_271,state_272,state_273,state_274,state_275,state_276,state_277,state_278,state_279,state_280,state_281,state_282,state_283,state_284,state_285,state_286,state_287
{'img': array([[[ 0.        ,  0.58708705,  0.        , ..., -0.99461171,
         -0.99461171, -0.99919716],
        [-0.58708705,  0.        , -0.58708705, ..., -0.8660254 ,
         -0.8660254 , -0.78535345],
        [ 0.        ,  0.58708705,  0.        , ..., -0.99461171,
         -0.99461171, -0.99919716],
        ...,
        [ 0.99461171,  0.8660254 ,  0.99461171, ...,  0.        ,
          0.        , -0.14343424],
        [ 0.99461171,  0.8660254 ,  0.99461171, ...,  0.        ,
          0.        , -0.14343424],
        [ 0.99919716,  0.78535345,  0.99919716, ...,  0.14343424,
          0.14343424,  0.        ]],

       [[ 0.        , -0.23954094, -0.18879426, ...,  0.18225303,
         -0.24828702, -0.02287675],
        [ 0.23954094,  0.        ,  0.05193544, ...,  0.41247599,
         -0.00901838,  0.21726753],
        [ 0.18879426, -0.05193544,  0.        , ...,  0.36460778,
         -0.06093954,  0.1662795 ],
        ...,
        [-0.18225303, -0.41247599, -0.36460778, ...,  0.        ,
         -0.42067467, -0.20469893],
        [ 0.24828702,  0.00901838,  0.06093954, ...,  0.42067467,
          0.        ,  0.22606164],
        [ 0.02287675, -0.21726753, -0.1662795 , ...,  0.20469893,
         -0.22606164,  0.        ]],

       [[ 0.        , -0.31015828, -0.53226891, ..., -0.63154102,
         -0.64476179, -0.54931336],
        [ 0.31015828,  0.        , -0.24344767, ..., -0.84087542,
         -0.85004522, -0.78139729],
        [ 0.53226891,  0.24344767,  0.        , ..., -0.94733774,
         -0.95269704, -0.90980779],
        ...,
        [ 0.63154102,  0.84087542,  0.94733774, ...,  0.        ,
          0.01717162, -0.10182008],
        [ 0.64476179,  0.85004522,  0.95269704, ..., -0.01717162,
          0.        , -0.11888745],
        [ 0.54931336,  0.78139729,  0.90980779, ...,  0.10182008,
          0.11888745,  0.        ]],

       ...,

       [[ 0.        , -0.09904289, -0.23743367, ..., -0.85234574,
         -0.82170808, -0.87030209],
        [ 0.09904289,  0.        , -0.14005562, ..., -0.79635758,
         -0.76122248, -0.81724253],
        [ 0.23743367,  0.14005562,  0.        , ..., -0.7037991 ,
         -0.66289481, -0.72847429],
        ...,
        [ 0.85234574,  0.79635758,  0.7037991 , ...,  0.        ,
          0.05602336, -0.0353536 ],
        [ 0.82170808,  0.76122248,  0.66289481, ..., -0.05602336,
          0.        , -0.09128641],
        [ 0.87030209,  0.81724253,  0.72847429, ...,  0.0353536 ,
          0.09128641,  0.        ]],

       [[ 0.        , -0.31440141, -0.40168865, ..., -0.96024221,
         -0.98188632, -0.99522651],
        [ 0.31440141,  0.        , -0.09339771, ..., -0.82377758,
         -0.87252504, -0.91407565],
        [ 0.40168865,  0.09339771,  0.        , ..., -0.76722836,
         -0.82307987, -0.87220327],
        ...,
        [ 0.96024221,  0.82377758,  0.76722836, ...,  0.        ,
         -0.09217341, -0.18412369],
        [ 0.98188632,  0.87252504,  0.82307987, ...,  0.09217341,
          0.        , -0.09274234],
        [ 0.99522651,  0.91407565,  0.87220327, ...,  0.18412369,
          0.09274234,  0.        ]],

       [[ 0.        ,  0.28374043,  0.4588106 , ..., -0.46997786,
         -0.58493578, -0.72280409],
        [-0.28374043,  0.        ,  0.18784095, ..., -0.70111379,
         -0.79103166, -0.88917733],
        [-0.4588106 , -0.18784095,  0.        , ..., -0.82257347,
         -0.89186731, -0.95929852],
        ...,
        [ 0.46997786,  0.70111379,  0.82257347, ...,  0.        ,
         -0.13512061, -0.31322381],
        [ 0.58493578,  0.79103166,  0.89186731, ...,  0.13512061,
          0.        , -0.18203003],
        [ 0.72280409,  0.88917733,  0.95929852, ...,  0.31322381,
          0.18203003,  0.        ]]]), 'num': array([ 7.06531959e-01,  7.06531959e-01,  0.00000000e+00,  0.00000000e+00,
        1.02561091e-02,  1.04270442e-02,  1.01421523e-02,  2.65701029e-02,
       -1.13956768e-04,  1.03871594e-02,  1.10409863e-02,  1.12280653e-02,
        1.64262007e-06,  1.22141704e-02,  9.86780222e-03])}
{'img': array([[[ 0.        , -0.58708705, -0.82065181, ..., -0.8660254 ,
         -0.78535345, -0.69985421],
        [ 0.58708705,  0.        , -0.32885886, ..., -0.99461171,
         -0.99919716, -0.98589654],
        [ 0.82065181,  0.32885886,  0.        , ..., -0.90519756,
         -0.95679595, -0.98609655],
        ...,
        [ 0.8660254 ,  0.99461171,  0.90519756, ...,  0.        ,
         -0.14343424, -0.26866247],
        [ 0.78535345,  0.99919716,  0.95679595, ...,  0.14343424,
          0.        , -0.12772367],
        [ 0.69985421,  0.98589654,  0.98609655, ...,  0.26866247,
          0.12772367,  0.        ]],

       [[ 0.        ,  0.05193544,  0.4377438 , ..., -0.00901838,
          0.21726753,  0.43416195],
        [-0.05193544,  0.        ,  0.3904579 , ..., -0.06093954,
          0.1662795 ,  0.38679076],
        [-0.4377438 , -0.3904579 ,  0.        , ..., -0.44583442,
         -0.23194184, -0.00397997],
        ...,
        [ 0.00901838,  0.06093954,  0.44583442, ...,  0.        ,
          0.22606164,  0.44226836],
        [-0.21726753, -0.1662795 ,  0.23194184, ..., -0.22606164,
          0.        ,  0.22806856],
        [-0.43416195, -0.38679076,  0.00397997, ..., -0.44226836,
         -0.22806856,  0.        ]],

       [[ 0.        , -0.44954353, -0.63845046, ..., -0.65175804,
         -0.55558361, -0.47120734],
        [ 0.44954353,  0.        , -0.22430427, ..., -0.92313429,
         -0.87005751, -0.81741742],
        [ 0.63845046,  0.22430427,  0.        , ..., -0.98585204,
         -0.95845855, -0.92579847],
        ...,
        [ 0.65175804,  0.92313429,  0.98585204, ...,  0.        ,
         -0.12054158, -0.21748888],
        [ 0.55558361,  0.87005751,  0.95845855, ...,  0.12054158,
          0.        , -0.09824685],
        [ 0.47120734,  0.81741742,  0.92579847, ...,  0.21748888,
          0.09824685,  0.        ]],

       ...,

       [[ 0.        , -0.14005562, -0.37525365, ..., -0.76122248,
         -0.81724253, -0.81187716],
        [ 0.14005562,  0.        , -0.24173436, ..., -0.66289481,
         -0.72847429, -0.72210658],
        [ 0.37525365,  0.24173436,  0.        , ..., -0.46224544,
         -0.54126383, -0.53346324],
        ...,
        [ 0.76122248,  0.66289481,  0.46224544, ...,  0.        ,
         -0.09128641, -0.08207167],
        [ 0.81724253,  0.72847429,  0.54126383, ...,  0.09128641,
          0.        ,  0.00924946],
        [ 0.81187716,  0.72210658,  0.53346324, ...,  0.08207167,
         -0.00924946,  0.        ]],

       [[ 0.        , -0.1630492 , -0.30059484, ..., -0.94072769,
         -0.96872667, -0.99530429],
        [ 0.1630492 ,  0.        , -0.14106378, ..., -0.87283859,
         -0.91530567, -0.96620263],
        [ 0.30059484,  0.14106378,  0.        , ..., -0.79527026,
         -0.84933825, -0.92017715],
        ...,
        [ 0.94072769,  0.87283859,  0.79527026, ...,  0.        ,
         -0.09513304, -0.24651197],
        [ 0.96872667,  0.91530567,  0.84933825, ...,  0.09513304,
          0.        , -0.15319673],
        [ 0.99530429,  0.96620263,  0.92017715, ...,  0.24651197,
          0.15319673,  0.        ]],

       [[ 0.        ,  0.18784095,  0.32916981, ..., -0.79103166,
         -0.88917733, -0.96714387],
        [-0.18784095,  0.        ,  0.14593769, ..., -0.89186731,
         -0.95929852, -0.99768293],
        [-0.32916981, -0.14593769,  0.        , ..., -0.94832598,
         -0.99023998, -0.9969304 ],
        ...,
        [ 0.79103166,  0.89186731,  0.94832598, ...,  0.        ,
         -0.18203003, -0.39057092],
        [ 0.88917733,  0.95929852,  0.99023998, ...,  0.18203003,
          0.        , -0.21647374],
        [ 0.96714387,  0.99768293,  0.9969304 , ...,  0.39057092,
          0.21647374,  0.        ]]]), 'num': array([ 7.06481623e-01,  7.06481623e-01,  0.00000000e+00,  0.00000000e+00,
        1.01414297e-02,  1.02838656e-02,  1.00559683e-02,  2.93512918e-02,
       -1.13948649e-04,  1.03579322e-02,  1.09661331e-02,  1.11911817e-02,
        1.23623534e-06,  1.21694215e-02,  9.76284467e-03])}
{'img': array([[[ 0.        , -0.40061236, -0.53714981, ..., -0.98153394,
         -0.94785148, -0.88871192],
        [ 0.40061236,  0.        , -0.15425099, ..., -0.97596052,
         -0.99614679, -0.99794737],
        [ 0.53714981,  0.15425099,  0.        , ..., -0.93066134,
         -0.97069655, -0.99588178],
        ...,
        [ 0.98153394,  0.97596052,  0.93066134, ...,  0.        ,
         -0.13151429, -0.28      ],
        [ 0.94785148,  0.99614679,  0.97069655, ...,  0.13151429,
          0.        , -0.15131427],
        [ 0.88871192,  0.99794737,  0.99588178, ...,  0.28      ,
          0.15131427,  0.        ]],

       [[ 0.        ,  0.3904579 ,  0.3253914 , ...,  0.1662795 ,
          0.38679076,  0.46805178],
        [-0.3904579 ,  0.        , -0.06964687, ..., -0.23194184,
         -0.00397997,  0.08585015],
        [-0.3253914 ,  0.06964687,  0.        , ..., -0.16363104,
          0.06567601,  0.15503142],
        ...,
        [-0.1662795 ,  0.23194184,  0.16363104, ...,  0.        ,
          0.22806856,  0.31459451],
        [-0.38679076,  0.00397997, -0.06567601, ..., -0.22806856,
          0.        ,  0.08981475],
        [-0.46805178, -0.08585015, -0.15503142, ..., -0.31459451,
         -0.08981475,  0.        ]],

       [[ 0.        , -0.49404523, -0.61778106, ..., -0.56954745,
         -0.48345191, -0.42531686],
        [ 0.49404523,  0.        , -0.14862868, ..., -0.90126983,
         -0.85280342, -0.8169188 ],
        [ 0.61778106,  0.14862868,  0.        , ..., -0.95565409,
         -0.92095006, -0.89356734],
        ...,
        [ 0.56954745,  0.90126983,  0.95565409, ...,  0.        ,
         -0.10118788, -0.165873  ],
        [ 0.48345191,  0.85280342,  0.92095006, ...,  0.10118788,
          0.        , -0.06523549],
        [ 0.42531686,  0.8169188 ,  0.89356734, ...,  0.165873  ,
          0.06523549,  0.        ]],

       ...,

       [[ 0.        , -0.24173436, -0.26361323, ..., -0.72847429,
         -0.72210658, -0.89051354],
        [ 0.24173436,  0.        , -0.02261127, ..., -0.54126383,
         -0.53346324, -0.75412442],
        [ 0.26361323,  0.02261127,  0.        , ..., -0.52211269,
         -0.51420171, -0.73908208],
        ...,
        [ 0.72847429,  0.54126383,  0.52211269, ...,  0.        ,
          0.00924946, -0.27864261],
        [ 0.72210658,  0.53346324,  0.51420171, ..., -0.00924946,
          0.        , -0.28751382],
        [ 0.89051354,  0.75412442,  0.73908208, ...,  0.27864261,
          0.28751382,  0.        ]],

       [[ 0.        , -0.14106378, -0.30889668, ..., -0.91530567,
         -0.96620263, -0.98154238],
        [ 0.14106378,  0.        , -0.17164273, ..., -0.84933825,
         -0.92017715, -0.94474975],
        [ 0.30889668,  0.17164273,  0.        , ..., -0.746132  ,
         -0.83932253, -0.87446577],
        ...,
        [ 0.91530567,  0.84933825,  0.746132  , ...,  0.        ,
         -0.15319673, -0.22027849],
        [ 0.96620263,  0.92017715,  0.83932253, ...,  0.15319673,
          0.        , -0.0682445 ],
        [ 0.98154238,  0.94474975,  0.87446577, ...,  0.22027849,
          0.0682445 ,  0.        ]],

       [[ 0.        ,  0.14206594,  0.31129902, ..., -0.93092391,
         -0.97798553, -0.95575569],
        [-0.14206594,  0.        ,  0.1731346 , ..., -0.97336609,
         -0.9977113 , -0.90427129],
        [-0.31129902, -0.1731346 ,  0.        , ..., -0.99835868,
         -0.99435101, -0.81669388],
        ...,
        [ 0.93092391,  0.97336609,  0.99835868, ...,  0.        ,
         -0.16291476, -0.62289668],
        [ 0.97798553,  0.9977113 ,  0.99435101, ...,  0.16291476,
          0.        , -0.48712598],
        [ 0.95575569,  0.90427129,  0.81669388, ...,  0.62289668,
          0.48712598,  0.        ]]]), 'num': array([ 7.93854645e-01,  6.06044093e-01,  1.01519217e-06, -2.06722600e-10,
        1.17381595e-02,  1.18016090e-02,  1.12305634e-02,  3.69878288e-02,
        4.44146575e-04,  1.15414660e-02,  1.21474088e-02,  1.24345179e-02,
        2.02382060e-06,  1.34463274e-02,  1.08484903e-02])}
{'img': array([[[ 0.        , -0.15425099, -0.09483755, ..., -0.99614679,
         -0.99794737, -0.92243895],
        [ 0.15425099,  0.        ,  0.05985324, ..., -0.97069655,
         -0.99588178, -0.85183599],
        [ 0.09483755, -0.05985324,  0.        , ..., -0.98333952,
         -0.99952273, -0.88166045],
        ...,
        [ 0.99614679,  0.97069655,  0.98333952, ...,  0.        ,
         -0.15131427,  0.30375571],
        [ 0.99794737,  0.99588178,  0.99952273, ...,  0.15131427,
          0.        ,  0.44442284],
        [ 0.92243895,  0.85183599,  0.88166045, ..., -0.30375571,
         -0.44442284,  0.        ]],

       [[ 0.        , -0.06964687, -0.09520472, ..., -0.00397997,
          0.08585015,  0.20233148],
        [ 0.06964687,  0.        , -0.02564302, ...,  0.06567601,
          0.15503142,  0.27004653],
        [ 0.09520472,  0.02564302,  0.        , ...,  0.09124208,
          0.18031343,  0.29464805],
        ...,
        [ 0.00397997, -0.06567601, -0.09124208, ...,  0.        ,
          0.08981475,  0.20622753],
        [-0.08585015, -0.15503142, -0.18031343, ..., -0.08981475,
          0.        ,  0.11750997],
        [-0.20233148, -0.27004653, -0.29464805, ..., -0.20622753,
         -0.11750997,  0.        ]],

       [[ 0.        , -0.41216082, -0.55988337, ..., -0.49888765,
         -0.43915216, -0.45191009],
        [ 0.41216082,  0.        , -0.16861128, ..., -0.81174813,
         -0.77040693, -0.77941392],
        [ 0.55988337,  0.16861128,  0.        , ..., -0.89859631,
         -0.86687527, -0.8738913 ],
        ...,
        [ 0.49888765,  0.81174813,  0.89859631, ...,  0.        ,
         -0.06760846, -0.05338405],
        [ 0.43915216,  0.77040693,  0.86687527, ...,  0.06760846,
          0.        ,  0.01425015],
        [ 0.45191009,  0.77941392,  0.8738913 , ...,  0.05338405,
         -0.01425015,  0.        ]],

       ...,

       [[ 0.        , -0.02261127,  0.13667899, ..., -0.53346324,
         -0.75412442, -0.44117326],
        [ 0.02261127,  0.        ,  0.15904312, ..., -0.51420171,
         -0.73908208, -0.42076861],
        [-0.13667899, -0.15904312,  0.        , ..., -0.64406317,
         -0.83680867, -0.55969175],
        ...,
        [ 0.53346324,  0.51420171,  0.64406317, ...,  0.        ,
         -0.28751382,  0.10558702],
        [ 0.75412442,  0.73908208,  0.83680867, ...,  0.28751382,
          0.        ,  0.3870354 ],
        [ 0.44117326,  0.42076861,  0.55969175, ..., -0.10558702,
         -0.3870354 ,  0.        ]],

       [[ 0.        , -0.17164273, -0.35593078, ..., -0.92017715,
         -0.94474975, -0.98321288],
        [ 0.17164273,  0.        , -0.19024626, ..., -0.83932253,
         -0.87446577, -0.93730297],
        [ 0.35593078,  0.19024626,  0.        , ..., -0.72056918,
         -0.76620885, -0.85388065],
        ...,
        [ 0.92017715,  0.83932253,  0.72056918, ...,  0.        ,
         -0.0682445 , -0.21703254],
        [ 0.94474975,  0.87446577,  0.76620885, ...,  0.0682445 ,
          0.        , -0.1499087 ],
        [ 0.98321288,  0.93730297,  0.85388065, ...,  0.21703254,
          0.1499087 ,  0.        ]],

       [[ 0.        ,  0.17166527,  0.41665823, ..., -0.99428051,
         -0.97548737, -0.90075067],
        [-0.17166527,  0.        ,  0.2544185 , ..., -0.99785462,
         -0.92323072, -0.81281883],
        [-0.41665823, -0.2544185 ,  0.        , ..., -0.94836298,
         -0.79509178, -0.6378694 ],
        ...,
        [ 0.99428051,  0.99785462,  0.94836298, ...,  0.        ,
         -0.32297898, -0.52805264],
        [ 0.97548737,  0.92323072,  0.79509178, ...,  0.32297898,
          0.        , -0.22547474],
        [ 0.90075067,  0.81281883,  0.6378694 , ...,  0.52805264,
          0.22547474,  0.        ]]]), 'num': array([ 9.85692967e-01,  1.59213973e-01,  4.61720108e-06,  7.21970072e-08,
        1.44996315e-02,  1.49451509e-02,  1.44996315e-02,  3.51457296e-02,
       -4.86021167e-04,  1.46454378e-02,  1.53906703e-02,  1.58368647e-02,
        2.96745597e-06,  1.69839913e-02,  1.37973492e-02])}
{'img': array([[[ 0.        ,  0.05985324,  0.05985324, ..., -0.99588178,
         -0.85183599, -0.98558153],
        [-0.05985324,  0.        ,  0.        , ..., -0.99952273,
         -0.88166045, -0.99394181],
        [-0.05985324,  0.        ,  0.        , ..., -0.99952273,
         -0.88166045, -0.99394181],
        ...,
        [ 0.99588178,  0.99952273,  0.99952273, ...,  0.        ,
          0.44442284,  0.07915026],
        [ 0.85183599,  0.88166045,  0.88166045, ..., -0.44442284,
          0.        , -0.37212439],
        [ 0.98558153,  0.99394181,  0.99394181, ..., -0.07915026,
          0.37212439,  0.        ]],

       [[ 0.        , -0.02564302, -0.23296113, ...,  0.15503142,
          0.27004653,  0.00280221],
        [ 0.02564302,  0.        , -0.20794704, ...,  0.18031343,
          0.29464805,  0.02844421],
        [ 0.23296113,  0.20794704,  0.        , ...,  0.38091042,
          0.48692248,  0.23568533],
        ...,
        [-0.15503142, -0.18031343, -0.38091042, ...,  0.        ,
          0.11750997, -0.15226248],
        [-0.27004653, -0.29464805, -0.48692248, ..., -0.11750997,
          0.        , -0.26734737],
        [-0.00280221, -0.02844421, -0.23568533, ...,  0.15226248,
          0.26734737,  0.        ]],

       [[ 0.        , -0.22048651, -0.44222587, ..., -0.67514739,
         -0.68573279, -0.53206431],
        [ 0.22048651,  0.        , -0.23358752, ..., -0.82118115,
         -0.82933878, -0.70565702],
        [ 0.44222587,  0.23358752,  0.        , ..., -0.93176465,
         -0.93691188, -0.85164485],
        ...,
        [ 0.67514739,  0.82118115,  0.93176465, ...,  0.        ,
          0.01444501, -0.17915524],
        [ 0.68573279,  0.82933878,  0.93691188, ..., -0.01444501,
          0.        , -0.19334785],
        [ 0.53206431,  0.70565702,  0.85164485, ...,  0.17915524,
          0.19334785,  0.        ]],

       ...,

       [[ 0.        ,  0.15904312,  0.0373542 , ..., -0.73908208,
         -0.42076861, -0.27909638],
        [-0.15904312,  0.        , -0.12205338, ..., -0.83680867,
         -0.55969175, -0.42826718],
        [-0.0373542 ,  0.12205338,  0.        , ..., -0.76372863,
         -0.45436149, -0.31477146],
        ...,
        [ 0.73908208,  0.83680867,  0.76372863, ...,  0.        ,
          0.3870354 ,  0.52170963],
        [ 0.42076861,  0.55969175,  0.45436149, ..., -0.3870354 ,
          0.        ,  0.15086126],
        [ 0.27909638,  0.42826718,  0.31477146, ..., -0.52170963,
         -0.15086126,  0.        ]],

       [[ 0.        , -0.19024626, -0.31138097, ..., -0.87446577,
         -0.93730297, -0.98980365],
        [ 0.19024626,  0.        , -0.12490584, ..., -0.76620885,
         -0.85388065, -0.94462788],
        [ 0.31138097,  0.12490584,  0.        , ..., -0.67994492,
         -0.78218397, -0.89624308],
        ...,
        [ 0.87446577,  0.76620885,  0.67994492, ...,  0.        ,
         -0.1499087 , -0.3555835 ],
        [ 0.93730297,  0.85388065,  0.78218397, ...,  0.1499087 ,
          0.        , -0.211454  ],
        [ 0.98980365,  0.94462788,  0.89624308, ...,  0.3555835 ,
          0.211454  ,  0.        ]],

       [[ 0.        ,  0.2511985 ,  0.49626678, ..., -0.96622011,
         -0.94356769, -0.80626066],
        [-0.2511985 ,  0.        ,  0.26227126, ..., -0.8705004 ,
         -0.8301209 , -0.6318093 ],
        [-0.49626678, -0.26227126,  0.        , ..., -0.71094638,
         -0.65482374, -0.40639959],
        ...,
        [ 0.96622011,  0.8705004 ,  0.71094638, ...,  0.        ,
         -0.0768179 , -0.3637895 ],
        [ 0.94356769,  0.8301209 ,  0.65482374, ...,  0.0768179 ,
          0.        , -0.29116013],
        [ 0.80626066,  0.6318093 ,  0.40639959, ...,  0.3637895 ,
          0.29116013,  0.        ]]]), 'num': array([ 9.89448726e-01,  1.31987241e-01,  4.84441517e-06, -1.53312232e-07,
        1.45332455e-02,  1.50669523e-02,  1.45332455e-02,  4.15005447e-02,
       -1.64217463e-04,  1.47631500e-02,  1.54857068e-02,  1.60153081e-02,
        3.10002354e-06,  1.70605257e-02,  1.39108879e-02])}
{'img': array([[[ 0.        ,  0.        ,  0.30952273, ..., -0.88166045,
         -0.99394181, -0.99833044],
        [ 0.        ,  0.        ,  0.30952273, ..., -0.88166045,
         -0.99394181, -0.99833044],
        [-0.30952273, -0.30952273,  0.        , ..., -0.98442284,
         -0.97915026, -0.93142615],
        ...,
        [ 0.88166045,  0.88166045,  0.98442284, ...,  0.        ,
         -0.37212439, -0.52202206],
        [ 0.99394181,  0.99394181,  0.97915026, ...,  0.37212439,
          0.        , -0.16713514],
        [ 0.99833044,  0.99833044,  0.93142615, ...,  0.52202206,
          0.16713514,  0.        ]],

       [[ 0.        , -0.20794704,  0.75483204, ...,  0.29464805,
          0.02844421,  0.16304736],
        [ 0.20794704,  0.        ,  0.87472771, ...,  0.48692248,
          0.23568533,  0.3646475 ],
        [-0.75483204, -0.87472771,  0.        , ..., -0.52805691,
         -0.73586954, -0.63778534],
        ...,
        [-0.29464805, -0.48692248,  0.52805691, ...,  0.        ,
         -0.26734737, -0.13489613],
        [-0.02844421, -0.23568533,  0.73586954, ...,  0.26734737,
          0.        ,  0.1349178 ],
        [-0.16304736, -0.3646475 ,  0.63778534, ...,  0.13489613,
         -0.1349178 ,  0.        ]],

       [[ 0.        , -0.23195524, -0.26839764, ..., -0.8548492 ,
         -0.75790845, -0.47900256],
        [ 0.23195524,  0.        , -0.0376331 , ..., -0.95189057,
         -0.88855614, -0.6695519 ],
        [ 0.26839764,  0.0376331 ,  0.        , ..., -0.96274849,
         -0.90519157, -0.69703017],
        ...,
        [ 0.8548492 ,  0.95189057,  0.96274849, ...,  0.        ,
         -0.16440932, -0.501855  ],
        [ 0.75790845,  0.88855614,  0.90519157, ...,  0.16440932,
          0.        , -0.35281972],
        [ 0.47900256,  0.6695519 ,  0.69703017, ...,  0.501855  ,
          0.35281972,  0.        ]],

       ...,

       [[ 0.        , -0.12205338, -0.0125997 , ..., -0.55969175,
         -0.42826718, -0.39698098],
        [ 0.12205338,  0.        ,  0.10953819, ..., -0.45436149,
         -0.31477146, -0.2819891 ],
        [ 0.0125997 , -0.10953819,  0.        , ..., -0.54920593,
         -0.41684744, -0.38538512],
        ...,
        [ 0.55969175,  0.45436149,  0.54920593, ...,  0.        ,
          0.15086126,  0.18472162],
        [ 0.42826718,  0.31477146,  0.41684744, ..., -0.15086126,
          0.        ,  0.0343424 ],
        [ 0.39698098,  0.2819891 ,  0.38538512, ..., -0.18472162,
         -0.0343424 ,  0.        ]],

       [[ 0.        , -0.12490584, -0.1287329 , ..., -0.85388065,
         -0.94462788, -0.99072656],
        [ 0.12490584,  0.        , -0.00385821, ..., -0.78218397,
         -0.89624308, -0.96599673],
        [ 0.1287329 ,  0.00385821,  0.        , ..., -0.7797743 ,
         -0.89452505, -0.96499198],
        ...,
        [ 0.85388065,  0.78218397,  0.7797743 , ...,  0.        ,
         -0.211454  , -0.39962487],
        [ 0.94462788,  0.89624308,  0.89452505, ...,  0.211454  ,
          0.        , -0.19675313],
        [ 0.99072656,  0.96599673,  0.96499198, ...,  0.39962487,
          0.19675313,  0.        ]],

       [[ 0.        ,  0.25815671,  0.36109584, ..., -0.90304607,
         -0.85139109, -0.62357762],
        [-0.25815671,  0.        ,  0.10811725, ..., -0.76154598,
         -0.68712023, -0.40062328],
        [-0.36109584, -0.10811725,  0.        , ..., -0.68700994,
         -0.60454053, -0.29921323],
        ...,
        [ 0.90304607,  0.76154598,  0.68700994, ...,  0.        ,
         -0.10796635, -0.43811275],
        [ 0.85139109,  0.68712023,  0.60454053, ...,  0.10796635,
          0.        , -0.33849867],
        [ 0.62357762,  0.40062328,  0.29921323, ...,  0.43811275,
          0.33849867,  0.        ]]]), 'num': array([ 8.85732696e-01,  4.51414997e-01,  2.54731788e-06, -2.15577047e-07,
        1.27740500e-02,  1.32235767e-02,  1.23994444e-02,  1.01135263e-01,
       -4.86987243e-04,  1.33284662e-02,  1.39971372e-02,  1.45696593e-02,
        2.26176949e-06,  1.54191145e-02,  1.25751599e-02])}
{'img': array([[[ 0.        ,  0.2951099 , -0.21409596, ..., -0.96620846,
         -0.9903907 , -0.79302015],
        [-0.2951099 ,  0.        , -0.49282791, ..., -0.99924484,
         -0.98709502, -0.57792207],
        [ 0.21409596,  0.49282791,  0.        , ..., -0.88861885,
         -0.93781715, -0.90505838],
        ...,
        [ 0.96620846,  0.99924484,  0.88861885, ...,  0.        ,
         -0.12166055, -0.79302015],
        [ 0.9903907 ,  0.98709502,  0.93781715, ...,  0.12166055,
          0.        , -0.71301436],
        [ 0.79302015,  0.57792207,  0.90505838, ...,  0.79302015,
          0.71301436,  0.        ]],

       [[ 0.        ,  0.87472771,  0.64236937, ...,  0.23568533,
          0.3646475 ,  0.9624007 ],
        [-0.87472771,  0.        , -0.35908546, ..., -0.73586954,
         -0.63778534,  0.70399913],
        [-0.64236937,  0.35908546,  0.        , ..., -0.44364535,
         -0.31867534,  0.91206848],
        ...,
        [-0.23568533,  0.73586954,  0.44364535, ...,  0.        ,
          0.1349178 ,  0.9993094 ],
        [-0.3646475 ,  0.63778534,  0.31867534, ..., -0.1349178 ,
          0.        ,  0.99518578],
        [-0.9624007 , -0.70399913, -0.91206848, ..., -0.9993094 ,
         -0.99518578,  0.        ]],

       [[ 0.        , -0.03637116, -0.1294988 , ..., -0.96698946,
         -0.93052098, -0.65274725],
        [ 0.03637116,  0.        , -0.09334822, ..., -0.97561762,
         -0.94322583, -0.67986927],
        [ 0.1294988 ,  0.09334822,  0.        , ..., -0.99184541,
         -0.97011306, -0.74535599],
        ...,
        [ 0.96698946,  0.97561762,  0.99184541, ...,  0.        ,
         -0.11703686, -0.56623708],
        [ 0.93052098,  0.94322583,  0.97011306, ...,  0.11703686,
          0.        , -0.46587891],
        [ 0.65274725,  0.67986927,  0.74535599, ...,  0.56623708,
          0.46587891,  0.        ]],

       ...,

       [[ 0.        ,  0.10953819,  0.02143222, ..., -0.31477146,
         -0.2819891 , -0.50518854],
        [-0.10953819,  0.        , -0.08820978, ..., -0.41684744,
         -0.38538512, -0.59668106],
        [-0.02143222,  0.08820978,  0.        , ..., -0.33504192,
         -0.30248677, -0.5235687 ],
        ...,
        [ 0.31477146,  0.41684744,  0.33504192, ...,  0.        ,
          0.0343424 , -0.20785794],
        [ 0.2819891 ,  0.38538512,  0.30248677, ..., -0.0343424 ,
          0.        , -0.24132765],
        [ 0.50518854,  0.59668106,  0.5235687 , ...,  0.20785794,
          0.24132765,  0.        ]],

       [[ 0.        , -0.00385821,  0.02898266, ..., -0.89624308,
         -0.96599673, -0.99990645],
        [ 0.00385821,  0.        ,  0.03283903, ..., -0.89452505,
         -0.96499198, -0.99984624],
        [-0.02898266, -0.03283903,  0.        , ..., -0.90872222,
         -0.97308452, -0.99988283],
        ...,
        [ 0.89624308,  0.89452505,  0.90872222, ...,  0.        ,
         -0.19675313, -0.43126297],
        [ 0.96599673,  0.96499198,  0.97308452, ...,  0.19675313,
          0.        , -0.24531725],
        [ 0.99990645,  0.99984624,  0.99988283, ...,  0.43126297,
          0.24531725,  0.        ]],

       [[ 0.        ,  0.10538265, -0.01678218, ..., -0.82096946,
         -0.74897249, -0.39118017],
        [-0.10538265,  0.        , -0.12205655, ..., -0.75622753,
         -0.67497536, -0.29201684],
        [ 0.01678218,  0.12205655,  0.        , ..., -0.830436  ,
         -0.75998691, -0.40656996],
        ...,
        [ 0.82096946,  0.75622753,  0.830436  , ...,  0.        ,
         -0.11633285, -0.53219681],
        [ 0.74897249,  0.67497536,  0.75998691, ...,  0.11633285,
          0.        , -0.43009355],
        [ 0.39118017,  0.29201684,  0.40656996, ...,  0.53219681,
          0.43009355,  0.        ]]]), 'num': array([ 8.89089623e-01,  4.53125860e-01,  2.55697222e-06, -3.50428918e-07,
        1.28224636e-02,  1.31984890e-02,  1.27472586e-02,  5.21647150e-02,
        0.00000000e+00,  1.32661735e-02,  1.39260980e-02,  1.45810087e-02,
        2.40656209e-06,  1.53270686e-02,  1.25251273e-02])}
{'img': array([[[ 0.        , -0.49282791, -0.75192844, ..., -0.98709502,
         -0.57792207, -0.57792207],
        [ 0.49282791,  0.        , -0.32937889, ..., -0.93781715,
         -0.90505838, -0.90505838],
        [ 0.75192844,  0.32937889,  0.        , ..., -0.77114775,
         -0.99463483, -0.99463483],
        ...,
        [ 0.98709502,  0.93781715,  0.77114775, ...,  0.        ,
         -0.71301436, -0.71301436],
        [ 0.57792207,  0.90505838,  0.99463483, ...,  0.71301436,
          0.        ,  0.        ],
        [ 0.57792207,  0.90505838,  0.99463483, ...,  0.71301436,
          0.        ,  0.        ]],

       [[ 0.        , -0.35908546, -0.56944655, ..., -0.63778534,
          0.70399913, -0.36636081],
        [ 0.35908546,  0.        , -0.2362887 , ..., -0.31867534,
          0.91206848, -0.00780698],
        [ 0.56944655,  0.2362887 ,  0.        , ..., -0.08568184,
          0.98312867,  0.22869559],
        ...,
        [ 0.63778534,  0.31867534,  0.08568184, ...,  0.        ,
          0.99518578,  0.31126567],
        [-0.70399913, -0.91206848, -0.98312867, ..., -0.99518578,
          0.        , -0.91524184],
        [ 0.36636081,  0.00780698, -0.22869559, ..., -0.31126567,
          0.91524184,  0.        ]],

       [[ 0.        , -0.09095525, -0.23743984, ..., -0.97971306,
         -0.91296056, -0.66714539],
        [ 0.09095525,  0.        , -0.14810151, ..., -0.99388005,
         -0.94629041, -0.73213513],
        [ 0.23743984,  0.14810151,  0.        , ..., -0.99927969,
         -0.98373874, -0.824942  ],
        ...,
        [ 0.97971306,  0.99388005,  0.99927969, ...,  0.        ,
         -0.21680754, -0.59611569],
        [ 0.91296056,  0.94629041,  0.98373874, ...,  0.21680754,
          0.        , -0.40786224],
        [ 0.66714539,  0.73213513,  0.824942  , ...,  0.59611569,
          0.40786224,  0.        ]],

       ...,

       [[ 0.        , -0.08820978, -0.69226007, ..., -0.38538512,
         -0.59668106, -0.54632577],
        [ 0.08820978,  0.        , -0.62590517, ..., -0.30248677,
         -0.5235687 , -0.47031404],
        [ 0.69226007,  0.62590517,  0.        , ...,  0.36067457,
          0.12493006,  0.18556323],
        ...,
        [ 0.38538512,  0.30248677, -0.36067457, ...,  0.        ,
         -0.24132765, -0.1813372 ],
        [ 0.59668106,  0.5235687 , -0.12493006, ...,  0.24132765,
          0.        ,  0.06134913],
        [ 0.54632577,  0.47031404, -0.18556323, ...,  0.1813372 ,
         -0.06134913,  0.        ]],

       [[ 0.        ,  0.03283903,  0.16566858, ..., -0.96499198,
         -0.99984624, -0.92737012],
        [-0.03283903,  0.        ,  0.13319398, ..., -0.97308452,
         -0.99988283, -0.91458338],
        [-0.16566858, -0.13319398,  0.        , ..., -0.99510868,
         -0.98893496, -0.85257114],
        ...,
        [ 0.96499198,  0.97308452,  0.99510868, ...,  0.        ,
         -0.24531725, -0.60427721],
        [ 0.99984624,  0.99988283,  0.98893496, ...,  0.24531725,
          0.        , -0.39034978],
        [ 0.92737012,  0.91458338,  0.85257114, ...,  0.60427721,
          0.39034978,  0.        ]],

       [[ 0.        , -0.11961691, -0.41049779, ..., -0.77278458,
         -0.63325629, -0.28645649],
        [ 0.11961691,  0.        , -0.2984764 , ..., -0.84315315,
         -0.72128615, -0.39900392],
        [ 0.41049779,  0.2984764 ,  0.        , ..., -0.96520256,
         -0.89514364, -0.65450384],
        ...,
        [ 0.77278458,  0.84315315,  0.96520256, ...,  0.        ,
         -0.1961828 , -0.5585948 ],
        [ 0.63325629,  0.72128615,  0.89514364, ...,  0.1961828 ,
          0.        , -0.38501782],
        [ 0.28645649,  0.39900392,  0.65450384, ...,  0.5585948 ,
          0.38501782,  0.        ]]]), 'num': array([ 9.43449460e-01,  3.12630112e-01,  3.85822231e-06, -3.82717382e-07,
        1.34216883e-02,  1.39963171e-02,  1.33395984e-02,  1.02368981e-01,
       -5.74628855e-04,  1.41276608e-02,  1.50183356e-02,  1.58522315e-02,
        2.52584112e-06,  1.64798805e-02,  1.35567906e-02])}
