state_0,state_1,state_2,state_3,state_4,state_5,state_6,state_7,state_8,state_9,state_10,state_11,state_12,state_13,state_14,state_15,state_16,state_17,state_18,state_19,state_20,state_21,state_22,state_23,state_24,state_25,state_26,state_27,state_28,state_29,state_30,state_31,state_32,state_33,state_34,state_35,state_36,state_37,state_38,state_39,state_40,state_41,state_42,state_43,state_44,state_45,state_46,state_47,state_48,state_49,state_50,state_51,state_52,state_53,state_54,state_55,state_56,state_57,state_58,state_59,state_60,state_61,state_62,state_63,state_64,state_65,state_66,state_67,state_68,state_69,state_70,state_71,state_72,state_73,state_74,state_75,state_76,state_77,state_78,state_79,state_80,state_81,state_82,state_83,state_84,state_85,state_86,state_87,state_88,state_89,state_90,state_91,state_92,state_93,state_94,state_95,state_96,state_97,state_98,state_99,state_100,state_101,state_102,state_103,state_104,state_105,state_106,state_107,state_108,state_109,state_110,state_111,state_112,state_113,state_114,state_115,state_116,state_117,state_118,state_119,state_120,state_121,state_122,state_123,state_124,state_125,state_126,state_127,state_128,state_129,state_130,state_131,state_132,state_133,state_134,state_135,state_136,state_137,state_138,state_139,state_140,state_141,state_142,state_143,state_144,state_145,state_146,state_147,state_148,state_149,state_150,state_151,state_152,state_153,state_154,state_155,state_156,state_157,state_158,state_159,state_160,state_161,state_162,state_163,state_164,state_165,state_166,state_167,state_168,state_169,state_170,state_171,state_172,state_173,state_174,state_175,state_176,state_177,state_178,state_179,state_180,state_181,state_182,state_183,state_184,state_185,state_186,state_187,state_188,state_189,state_190,state_191,state_192,state_193,state_194,state_195,state_196,state_197,state_198,state_199,state_200,state_201,state_202,state_203,state_204,state_205,state_206,state_207,state_208,state_209,state_210,state_211,state_212,state_213,state_214,state_215,state_216,state_217,state_218,state_219,state_220,state_221,state_222,state_223,state_224,state_225,state_226,state_227,state_228,state_229,state_230,state_231,state_232,state_233,state_234,state_235,state_236,state_237,state_238,state_239,state_240,state_241,state_242,state_243,state_244,state_245,state_246,state_247,state_248,state_249,state_250,state_251,state_252,state_253,state_254,state_255,state_256,state_257,state_258,state_259,state_260,state_261,state_262,state_263,state_264,state_265,state_266,state_267,state_268,state_269,state_270,state_271,state_272,state_273,state_274,state_275,state_276,state_277,state_278,state_279,state_280,state_281,state_282,state_283,state_284,state_285,state_286,state_287
{'img': array([[[ 0.        ,  0.05612308, -0.11530452, ...,  0.16554525,
          0.6138077 ,  0.42359524],
        [-0.05612308,  0.        , -0.17087154, ...,  0.10993562,
          0.56853358,  0.37208841],
        [ 0.11530452,  0.17087154,  0.        , ...,  0.27815467,
          0.70074152,  0.52521872],
        ...,
        [-0.16554525, -0.10993562, -0.27815467, ...,  0.        ,
          0.47464788,  0.26779113],
        [-0.6138077 , -0.56853358, -0.70074152, ..., -0.47464788,
          0.        , -0.22160905],
        [-0.42359524, -0.37208841, -0.52521872, ..., -0.26779113,
          0.22160905,  0.        ]],

       [[ 0.        ,  0.26343282,  0.54105726, ...,  0.86927227,
          0.34509414,  0.83603163],
        [-0.26343282,  0.        ,  0.30040266, ...,  0.70834392,
          0.085655  ,  0.66196046],
        [-0.54105726, -0.30040266,  0.        , ...,  0.46358281,
         -0.21759982,  0.40622271],
        ...,
        [-0.86927227, -0.70834392, -0.46358281, ...,  0.        ,
         -0.64527957, -0.06367486],
        [-0.34509414, -0.085655  ,  0.21759982, ...,  0.64527957,
          0.        ,  0.59532592],
        [-0.83603163, -0.66196046, -0.40622271, ...,  0.06367486,
         -0.59532592,  0.        ]],

       [[ 0.        ,  0.58093005,  0.69300765, ...,  0.75221764,
          0.8892794 ,  0.9744035 ],
        [-0.58093005,  0.        ,  0.14526596, ...,  0.22948681,
          0.45813539,  0.66252245],
        [-0.69300765, -0.14526596,  0.        , ...,  0.08566349,
          0.32415142,  0.54668452],
        ...,
        [-0.75221764, -0.22948681, -0.08566349, ...,  0.        ,
          0.24192177,  0.47294562],
        [-0.8892794 , -0.45813539, -0.32415142, ..., -0.24192177,
          0.        ,  0.24574189],
        [-0.9744035 , -0.66252245, -0.54668452, ..., -0.47294562,
         -0.24574189,  0.        ]],

       ...,

       [[ 0.        ,  0.33609699, -0.86020199, ..., -0.98686657,
         -0.98368621, -0.98368621],
        [-0.33609699,  0.        , -0.98155561, ..., -0.87516567,
         -0.98692405, -0.98692405],
        [ 0.86020199,  0.98155561,  0.        , ..., -0.64221094,
         -0.34688999, -0.34688999],
        ...,
        [ 0.98686657,  0.87516567,  0.64221094, ...,  0.        ,
          0.33643251,  0.33643251],
        [ 0.98368621,  0.98692405,  0.34688999, ..., -0.33643251,
          0.        ,  0.        ],
        [ 0.98368621,  0.98692405,  0.34688999, ..., -0.33643251,
          0.        ,  0.        ]],

       [[ 0.        ,  0.54501149,  0.67171846, ...,  0.9987126 ,
          0.99992402,  0.99941679],
        [-0.54501149,  0.        ,  0.15943988, ...,  0.86499548,
          0.84508309,  0.81932859],
        [-0.67171846, -0.15943988,  0.        , ...,  0.77392646,
          0.74903035,  0.7174367 ],
        ...,
        [-0.9987126 , -0.86499548, -0.77392646, ...,  0.        ,
         -0.03841134, -0.08480044],
        [-0.99992402, -0.84508309, -0.74903035, ...,  0.03841134,
          0.        , -0.04646487],
        [-0.99941679, -0.81932859, -0.7174367 , ...,  0.08480044,
          0.04646487,  0.        ]],

       [[ 0.        , -0.07787919, -0.13651324, ...,  0.80438329,
          0.79580439,  0.79169067],
        [ 0.07787919,  0.        , -0.05894852, ...,  0.75567136,
          0.74622734,  0.74170803],
        [ 0.13651324,  0.05894852,  0.        , ...,  0.71574888,
          0.70568816,  0.7008801 ],
        ...,
        [-0.80438329, -0.75567136, -0.71574888, ...,  0.        ,
          0.01430143,  0.02106368],
        [-0.79580439, -0.74622734, -0.70568816, ..., -0.01430143,
          0.        ,  0.00676327],
        [-0.79169067, -0.74170803, -0.7008801 , ..., -0.02106368,
         -0.00676327,  0.        ]]]), 'num': array([7.07096044e-01, 7.07096044e-01, 0.00000000e+00, 5.05812262e-04,
       5.05812262e-04, 4.92798224e-04, 5.32930914e-03, 1.30140376e-05,
       4.95053991e-04, 4.91887242e-04, 4.91728181e-04, 4.76123328e-07,
       5.03636451e-04, 4.80138033e-04])}
{'img': array([[[ 0.        , -0.17087154, -0.54149844, ...,  0.56853358,
          0.37208841,  0.99642446],
        [ 0.17087154,  0.        , -0.38988279, ...,  0.70074152,
          0.52521872,  0.99620702],
        [ 0.54149844,  0.38988279,  0.        , ...,  0.92343631,
          0.81543277,  0.88344612],
        ...,
        [-0.56853358, -0.70074152, -0.92343631, ...,  0.        ,
         -0.22160905,  0.77168412],
        [-0.37208841, -0.52521872, -0.81543277, ...,  0.22160905,
          0.        ,  0.89344134],
        [-0.99642446, -0.99620702, -0.88344612, ..., -0.77168412,
         -0.89344134,  0.        ]],

       [[ 0.        ,  0.30040266,  0.11823011, ...,  0.085655  ,
          0.66196046,  0.47541792],
        [-0.30040266,  0.        , -0.18552634, ..., -0.21759982,
          0.40622271,  0.18917729],
        [-0.11823011,  0.18552634,  0.        , ..., -0.03274136,
          0.56869957,  0.36806932],
        ...,
        [-0.085655  ,  0.21759982,  0.03274136, ...,  0.        ,
          0.59532592,  0.39831484],
        [-0.66196046, -0.40622271, -0.56869957, ..., -0.59532592,
          0.        , -0.22602223],
        [-0.47541792, -0.18917729, -0.36806932, ..., -0.39831484,
          0.22602223,  0.        ]],

       [[ 0.        ,  0.14526596,  0.12283039, ...,  0.45813539,
          0.66252245,  0.91751522],
        [-0.14526596,  0.        , -0.02263848, ...,  0.32415142,
          0.54668452,  0.85001045],
        [-0.12283039,  0.02263848,  0.        , ...,  0.34548447,
          0.56550049,  0.86171778],
        ...,
        [-0.45813539, -0.32415142, -0.34548447, ...,  0.        ,
          0.24574189,  0.63336242],
        [-0.66252245, -0.54668452, -0.56550049, ..., -0.24574189,
          0.        ,  0.42377188],
        [-0.91751522, -0.85001045, -0.86171778, ..., -0.63336242,
         -0.42377188,  0.        ]],

       ...,

       [[ 0.        , -0.98155561, -0.99596827, ..., -0.98692405,
         -0.98692405, -0.99964791],
        [ 0.98155561,  0.        , -0.10235442, ..., -0.34688999,
         -0.34688999, -0.21715405],
        [ 0.99596827,  0.10235442,  0.        , ..., -0.24906931,
         -0.24906931, -0.11610158],
        ...,
        [ 0.98692405,  0.34688999,  0.24906931, ...,  0.        ,
          0.        ,  0.13494222],
        [ 0.98692405,  0.34688999,  0.24906931, ...,  0.        ,
          0.        ,  0.13494222],
        [ 0.99964791,  0.21715405,  0.11610158, ..., -0.13494222,
         -0.13494222,  0.        ]],

       [[ 0.        ,  0.16672353,  0.22838739, ...,  0.85661614,
          0.83148386,  0.92367138],
        [-0.16672353,  0.        ,  0.06287372, ...,  0.75860495,
          0.72722307,  0.84685733],
        [-0.22838739, -0.06287372,  0.        , ...,  0.71613862,
          0.68262766,  0.8117443 ],
        ...,
        [-0.85661614, -0.75860495, -0.71613862, ...,  0.        ,
         -0.04688453,  0.14832923],
        [-0.83148386, -0.72722307, -0.68262766, ...,  0.04688453,
          0.        ,  0.19453201],
        [-0.92367138, -0.84685733, -0.8117443 , ..., -0.14832923,
         -0.19453201,  0.        ]],

       [[ 0.        , -0.05894852,  0.19049057, ...,  0.74622734,
          0.74170803,  0.80523357],
        [ 0.05894852,  0.        ,  0.24802843, ...,  0.70568816,
          0.7008801 ,  0.76887931],
        [-0.19049057, -0.24802843,  0.        , ...,  0.85937109,
          0.85589302,  0.90344182],
        ...,
        [-0.74622734, -0.70568816, -0.85937109, ...,  0.        ,
          0.00676327, -0.0935556 ],
        [-0.74170803, -0.7008801 , -0.85589302, ..., -0.00676327,
          0.        , -0.10028706],
        [-0.80523357, -0.76887931, -0.90344182, ...,  0.0935556 ,
          0.10028706,  0.        ]]]), 'num': array([7.07029744e-01, 7.07029744e-01, 0.00000000e+00, 5.29187907e-04,
       5.33525512e-04, 5.06632357e-04, 1.46912626e-02, 2.34230713e-05,
       5.02468255e-04, 4.93619539e-04, 4.92390551e-04, 5.67537206e-07,
       5.13711599e-04, 4.73527479e-04])}
{'img': array([[[ 0.        , -0.28690894, -0.28690894, ...,  0.36048925,
          0.75258362,  0.75925465],
        [ 0.28690894,  0.        ,  0.        , ...,  0.61295167,
          0.90987198,  0.54061544],
        [ 0.28690894,  0.        ,  0.        , ...,  0.61295167,
          0.90987198,  0.54061544],
        ...,
        [-0.36048925, -0.61295167, -0.61295167, ...,  0.        ,
          0.46460145,  0.94280904],
        [-0.75258362, -0.90987198, -0.90987198, ..., -0.46460145,
          0.        ,  0.98974332],
        [-0.75925465, -0.54061544, -0.54061544, ..., -0.94280904,
         -0.98974332,  0.        ]],

       [[ 0.        , -0.15478233, -0.09466593, ...,  0.33131545,
          0.15518541,  0.76941925],
        [ 0.15478233,  0.        ,  0.06056215, ...,  0.47336286,
          0.30622241,  0.66128037],
        [ 0.09466593, -0.06056215,  0.        , ...,  0.41914674,
          0.24800758,  0.70549656],
        ...,
        [-0.33131545, -0.47336286, -0.41914674, ...,  0.        ,
         -0.18088113,  0.93758827],
        [-0.15518541, -0.30622241, -0.24800758, ...,  0.18088113,
          0.        ,  0.85922178],
        [-0.76941925, -0.66128037, -0.70549656, ..., -0.93758827,
         -0.85922178,  0.        ]],

       [[ 0.        , -0.02263848, -0.25929996, ...,  0.54668452,
          0.85001045,  0.95480646],
        [ 0.02263848,  0.        , -0.23736933, ...,  0.56550049,
          0.86171778,  0.94783297],
        [ 0.25929996,  0.23736933,  0.        , ...,  0.74510806,
          0.95752776,  0.8450778 ],
        ...,
        [-0.54668452, -0.56550049, -0.74510806, ...,  0.        ,
          0.42377188,  0.96198643],
        [-0.85001045, -0.86171778, -0.95752776, ..., -0.42377188,
          0.        ,  0.75560651],
        [-0.95480646, -0.94783297, -0.8450778 , ..., -0.96198643,
         -0.75560651,  0.        ]],

       ...,

       [[ 0.        , -0.10445002, -0.30335251, ..., -0.35287835,
         -0.22127304,  0.28684901],
        [ 0.10445002,  0.        , -0.20216504, ..., -0.25321749,
         -0.1182018 ,  0.38534058],
        [ 0.30335251,  0.20216504,  0.        , ..., -0.05241256,
          0.08498667,  0.56393659],
        ...,
        [ 0.35287835,  0.25321749,  0.05241256, ...,  0.        ,
          0.1370928 ,  0.60644471],
        [ 0.22127304,  0.1182018 , -0.08498667, ..., -0.1370928 ,
          0.        ,  0.49171278],
        [-0.28684901, -0.38534058, -0.56393659, ..., -0.60644471,
         -0.49171278,  0.        ]],

       [[ 0.        ,  0.06139058,  0.10204848, ...,  0.71071908,
          0.82939851,  0.64257236],
        [-0.06139058,  0.        ,  0.04078592, ...,  0.66619174,
          0.79353782,  0.68839935],
        [-0.10204848, -0.04078592,  0.        , ...,  0.63522007,
          0.76805844,  0.71740986],
        ...,
        [-0.71071908, -0.66619174, -0.63522007, ...,  0.        ,
          0.18641341,  0.99660492],
        [-0.82939851, -0.79353782, -0.76805844, ..., -0.18641341,
          0.        ,  0.9944837 ],
        [-0.64257236, -0.68839935, -0.71740986, ..., -0.99660492,
         -0.9944837 ,  0.        ]],

       [[ 0.        ,  0.24802843,  0.42180838, ...,  0.7008801 ,
          0.76887931,  0.97498517],
        [-0.24802843,  0.        ,  0.18374438, ...,  0.85589302,
          0.90344182,  0.99964883],
        [-0.42180838, -0.18374438,  0.        , ...,  0.93634458,
          0.96683306,  0.97775974],
        ...,
        [-0.7008801 , -0.85589302, -0.93634458, ...,  0.        ,
         -0.10028706, -0.539652  ],
        [-0.76887931, -0.90344182, -0.96683306, ...,  0.10028706,
          0.        , -0.45250088],
        [-0.97498517, -0.99964883, -0.97775974, ...,  0.539652  ,
          0.45250088,  0.        ]]]), 'num': array([7.07094130e-01, 7.07094130e-01, 0.00000000e+00, 5.33574098e-04,
       5.37044499e-04, 5.25765697e-04, 5.80425374e-03, 4.33800080e-06,
       5.11537054e-04, 4.95746731e-04, 4.93259611e-04, 6.57272848e-07,
       5.22286789e-04, 4.69206674e-04])}
{'img': array([[[ 0.        ,  0.        ,  0.        , ...,  0.88217052,
          0.8904826 ,  0.52200704],
        [ 0.        ,  0.        ,  0.        , ...,  0.88217052,
          0.8904826 ,  0.52200704],
        [ 0.        ,  0.        ,  0.        , ...,  0.88217052,
          0.8904826 ,  0.52200704],
        ...,
        [-0.88217052, -0.88217052, -0.88217052, ...,  0.        ,
          0.82075792,  0.9982684 ],
        [-0.8904826 , -0.8904826 , -0.8904826 , ..., -0.82075792,
          0.        ,  0.52200704],
        [-0.52200704, -0.52200704, -0.52200704, ..., -0.9982684 ,
         -0.52200704,  0.        ]],

       [[ 0.        ,  0.06056215, -0.48030557, ...,  0.30622241,
          0.66128037,  0.38786628],
        [-0.06056215,  0.        , -0.53254307, ...,  0.24800758,
          0.70549656,  0.33133324],
        [ 0.48030557,  0.53254307,  0.        , ...,  0.72581974,
          0.21971396,  0.78290315],
        ...,
        [-0.30622241, -0.24800758, -0.72581974, ...,  0.        ,
          0.85922178,  0.08698319],
        [-0.66128037, -0.70549656, -0.21971396, ..., -0.85922178,
          0.        , -0.90046603],
        [-0.38786628, -0.33133324, -0.78290315, ..., -0.08698319,
          0.90046603,  0.        ]],

       [[ 0.        , -0.2028132 , -0.59534766, ...,  0.74107721,
          0.97424627,  0.59534766],
        [ 0.2028132 ,  0.        , -0.42002086, ...,  0.86184853,
          0.9997306 ,  0.42002086],
        [ 0.59534766,  0.42002086,  0.        , ...,  0.99516019,
          0.91701882,  0.        ],
        ...,
        [-0.74107721, -0.86184853, -0.99516019, ...,  0.        ,
          0.48702528,  0.99516019],
        [-0.97424627, -0.9997306 , -0.91701882, ..., -0.48702528,
          0.        ,  0.91701882],
        [-0.59534766, -0.42002086, -0.        , ..., -0.99516019,
         -0.91701882,  0.        ]],

       ...,

       [[ 0.        , -0.20216504,  0.14497405, ..., -0.1182018 ,
          0.38534058,  0.93311004],
        [ 0.20216504,  0.        ,  0.34200981, ...,  0.08498667,
          0.56393659,  0.98653941],
        [-0.14497405, -0.34200981,  0.        , ..., -0.26091078,
          0.24749128,  0.8711208 ],
        ...,
        [ 0.1182018 , -0.08498667,  0.26091078, ...,  0.        ,
          0.49171278,  0.96907286],
        [-0.38534058, -0.56393659, -0.24749128, ..., -0.49171278,
          0.        ,  0.72248509],
        [-0.93311004, -0.98653941, -0.8711208 , ..., -0.96907286,
         -0.72248509,  0.        ]],

       [[ 0.        ,  0.03398272,  0.07003415, ...,  0.66630834,
          0.98504443,  0.59928217],
        [-0.03398272,  0.        ,  0.03609442, ...,  0.64058338,
          0.97862024,  0.62614049],
        [-0.07003415, -0.03609442,  0.        , ...,  0.61244948,
          0.97055882,  0.65387567],
        ...,
        [-0.66630834, -0.64058338, -0.61244948, ...,  0.        ,
          0.61971903,  0.98027559],
        [-0.98504443, -0.97862024, -0.97055882, ..., -0.61971903,
          0.        ,  0.89182201],
        [-0.59928217, -0.62614049, -0.65387567, ..., -0.98027559,
         -0.89182201,  0.        ]],

       [[ 0.        ,  0.34947114,  0.42714817, ...,  0.77360303,
          0.97771726,  0.99742629],
        [-0.34947114,  0.        ,  0.08422986, ...,  0.9462747 ,
          0.98943249,  0.90947882],
        [-0.42714817, -0.08422986,  0.        , ...,  0.97014887,
          0.97370354,  0.87122827],
        ...,
        [-0.77360303, -0.9462747 , -0.97014887, ...,  0.        ,
         -0.45715117, -0.68750654],
        [-0.97771726, -0.98943249, -0.97370354, ...,  0.45715117,
          0.        , -0.27948755],
        [-0.99742629, -0.90947882, -0.87122827, ...,  0.68750654,
          0.27948755,  0.        ]]]), 'num': array([ 7.07092663e-01,  7.07092663e-01,  0.00000000e+00,  5.32705393e-04,
        5.37043385e-04,  5.27499803e-04,  6.14997965e-03, -8.67598360e-07,
        5.18823819e-04,  4.97654419e-04,  4.94155106e-04,  6.48507865e-07,
        5.28681949e-04,  4.66626889e-04])}
{'img': array([[[ 0.        ,  0.        ,  0.50694478, ...,  0.8904826 ,
          0.52200704,  0.71199579],
        [ 0.        ,  0.        ,  0.50694478, ...,  0.8904826 ,
          0.52200704,  0.71199579],
        [-0.50694478, -0.50694478,  0.        , ...,  0.99824553,
          0.88235294,  0.96969346],
        ...,
        [-0.8904826 , -0.8904826 , -0.99824553, ...,  0.        ,
          0.52200704,  0.301312  ],
        [-0.52200704, -0.52200704, -0.88235294, ..., -0.52200704,
          0.        , -0.24074567],
        [-0.71199579, -0.71199579, -0.96969346, ..., -0.301312  ,
          0.24074567,  0.        ]],

       [[ 0.        , -0.53254307,  0.00144427, ...,  0.70549656,
          0.33133324,  0.38834761],
        [ 0.53254307,  0.        ,  0.53376495, ...,  0.21971396,
          0.78290315,  0.81944388],
        [-0.00144427, -0.53376495,  0.        , ...,  0.7065194 ,
          0.3299702 ,  0.38701629],
        ...,
        [-0.70549656, -0.21971396, -0.7065194 , ...,  0.        ,
         -0.90046603, -0.92535135],
        [-0.33133324, -0.78290315, -0.3299702 , ...,  0.90046603,
          0.        ,  0.06108345],
        [-0.38834761, -0.81944388, -0.38701629, ...,  0.92535135,
         -0.06108345,  0.        ]],

       [[ 0.        , -0.37854865, -0.11432644, ...,  0.96579253,
          0.96457924,  0.37854865],
        [ 0.37854865,  0.        ,  0.27024817, ...,  0.99208332,
          0.792938  ,  0.        ],
        [ 0.11432644, -0.27024817,  0.        , ...,  0.98910673,
          0.92809617,  0.27024817],
        ...,
        [-0.96579253, -0.99208332, -0.98910673, ...,  0.        ,
          0.50490041,  0.99208332],
        [-0.96457924, -0.792938  , -0.92809617, ..., -0.50490041,
          0.        ,  0.792938  ],
        [-0.37854865, -0.        , -0.27024817, ..., -0.99208332,
         -0.792938  ,  0.        ]],

       ...,

       [[ 0.        ,  0.34200981,  0.64658833, ...,  0.56393659,
          0.98653941,  0.95249177],
        [-0.34200981,  0.        ,  0.34669825, ...,  0.24749128,
          0.8711208 ,  0.79088907],
        [-0.64658833, -0.34669825,  0.        , ..., -0.10377145,
          0.64683834,  0.52967023],
        ...,
        [-0.56393659, -0.24749128,  0.10377145, ...,  0.        ,
          0.72248509,  0.61482996],
        [-0.98653941, -0.8711208 , -0.64683834, ..., -0.72248509,
          0.        , -0.14470975],
        [-0.95249177, -0.79088907, -0.52967023, ..., -0.61482996,
          0.14470975,  0.        ]],

       [[ 0.        ,  0.03251656, -0.04684853, ...,  0.91800311,
          0.99442423,  0.5762967 ],
        [-0.03251656,  0.        , -0.07930462, ...,  0.90462247,
          0.99732737,  0.6025658 ],
        [ 0.04684853,  0.07930462,  0.        , ...,  0.93557402,
          0.98839202,  0.53737741],
        ...,
        [-0.91800311, -0.90462247, -0.93557402, ...,  0.        ,
          0.49116862,  0.97877318],
        [-0.99442423, -0.99732737, -0.98839202, ..., -0.49116862,
          0.        ,  0.7519113 ],
        [-0.5762967 , -0.6025658 , -0.53737741, ..., -0.97877318,
         -0.7519113 ,  0.        ]],

       [[ 0.        ,  0.25791389,  0.7653645 , ...,  0.98288746,
          0.99430347,  0.96045733],
        [-0.25791389,  0.        ,  0.573478  , ...,  0.99714388,
          0.93317407,  0.8561528 ],
        [-0.7653645 , -0.573478  ,  0.        , ...,  0.77356902,
          0.55835356,  0.40504919],
        ...,
        [-0.98288746, -0.99714388, -0.77356902, ...,  0.        ,
         -0.28791987, -0.45058564],
        [-0.99430347, -0.93317407, -0.55835356, ...,  0.28791987,
          0.        , -0.17446974],
        [-0.96045733, -0.8561528 , -0.40504919, ...,  0.45058564,
          0.17446974,  0.        ]]]), 'num': array([ 7.07087811e-01,  7.07087811e-01,  0.00000000e+00,  5.28363776e-04,
        5.36172107e-04,  5.24025814e-04,  7.17919703e-03, -4.33796203e-06,
        5.25934517e-04,  4.99386189e-04,  4.94975928e-04,  6.07314685e-07,
        5.33092573e-04,  4.65679805e-04])}
{'img': array([[[ 0.        ,  0.50694478,  0.53514956, ...,  0.52200704,
          0.71199579,  0.91373914],
        [-0.50694478,  0.        ,  0.03304211, ...,  0.88235294,
          0.96969346,  0.99359587],
        [-0.53514956, -0.03304211,  0.        , ...,  0.89742037,
          0.97723698,  0.98931982],
        ...,
        [-0.52200704, -0.88235294, -0.89742037, ...,  0.        ,
         -0.24074567, -0.56727357],
        [-0.71199579, -0.96969346, -0.97723698, ...,  0.24074567,
          0.        , -0.35232792],
        [-0.91373914, -0.99359587, -0.98931982, ...,  0.56727357,
          0.35232792,  0.        ]],

       [[ 0.        ,  0.53376495,  0.97597392, ...,  0.78290315,
          0.81944388,  0.90640136],
        [-0.53376495,  0.        ,  0.70901501, ...,  0.3299702 ,
          0.38701629,  0.54101113],
        [-0.97597392, -0.70901501,  0.        , ..., -0.43661123,
         -0.38084219, -0.2147751 ],
        ...,
        [-0.78290315, -0.3299702 ,  0.43661123, ...,  0.        ,
          0.06108345,  0.23319979],
        [-0.81944388, -0.38701629,  0.38084219, ..., -0.06108345,
          0.        ,  0.17336502],
        [-0.90640136, -0.54101113,  0.2147751 , ..., -0.23319979,
         -0.17336502,  0.        ]],

       [[ 0.        ,  0.24803919,  0.42274216, ...,  0.93616441,
          0.73350181,  0.        ],
        [-0.24803919,  0.        ,  0.18474596, ...,  0.99411055,
          0.87916901,  0.24803919],
        [-0.42274216, -0.18474596,  0.        , ...,  0.99701929,
          0.95206858,  0.42274216],
        ...,
        [-0.93616441, -0.99411055, -0.99701929, ...,  0.        ,
          0.37842752,  0.93616441],
        [-0.73350181, -0.87916901, -0.95206858, ..., -0.37842752,
          0.        ,  0.73350181],
        [-0.        , -0.24803919, -0.42274216, ..., -0.93616441,
         -0.73350181,  0.        ]],

       ...,

       [[ 0.        ,  0.34669825,  0.27761613, ...,  0.8711208 ,
          0.79088907,  0.49468159],
        [-0.34669825,  0.        , -0.0726728 , ...,  0.64683834,
          0.52967023,  0.16269327],
        [-0.27761613,  0.0726728 ,  0.        , ...,  0.70055024,
          0.58991103,  0.23396764],
        ...,
        [-0.8711208 , -0.64683834, -0.70055024, ...,  0.        ,
         -0.14470975, -0.51414601],
        [-0.79088907, -0.52967023, -0.58991103, ...,  0.14470975,
          0.        , -0.38461625],
        [-0.49468159, -0.16269327, -0.23396764, ...,  0.51414601,
          0.38461625,  0.        ]],

       [[ 0.        , -0.07464118, -0.5733454 , ...,  0.994538  ,
          0.95546927,  0.5733454 ],
        [ 0.07464118,  0.        , -0.51059149, ...,  0.99955438,
          0.93077804,  0.51059149],
        [ 0.5733454 ,  0.51059149,  0.        , ...,  0.87468167,
          0.61364028,  0.        ],
        ...,
        [-0.994538  , -0.99955438, -0.87468167, ...,  0.        ,
          0.39320604,  0.87468167],
        [-0.95546927, -0.93077804, -0.61364028, ..., -0.39320604,
          0.        ,  0.61364028],
        [-0.5733454 , -0.51059149, -0.        , ..., -0.87468167,
         -0.61364028,  0.        ]],

       [[ 0.        ,  0.74066126,  0.98173206, ...,  0.99207751,
          0.95380535,  0.93124084],
        [-0.74066126,  0.        ,  0.51868018, ...,  0.57350842,
          0.41832807,  0.35578068],
        [-0.98173206, -0.51868018,  0.        , ...,  0.06542891,
         -0.11345788, -0.18056145],
        ...,
        [-0.99207751, -0.57350842, -0.06542891, ...,  0.        ,
         -0.17822119, -0.24452805],
        [-0.95380535, -0.41832807,  0.11345788, ...,  0.17822119,
          0.        , -0.06780248],
        [-0.93124084, -0.35578068,  0.18056145, ...,  0.24452805,
          0.06780248,  0.        ]]]), 'num': array([ 7.07085062e-01,  7.07085062e-01,  0.00000000e+00,  5.20553420e-04,
        5.31832077e-04,  5.18818242e-04,  7.70236868e-03, -7.80830130e-06,
        5.28882275e-04,  5.00902528e-04,  4.95668074e-04,  5.78392689e-07,
        5.35537808e-04,  4.66267248e-04])}
{'img': array([[[ 0.00000000e+00,  3.30421122e-02,  2.20237960e-01, ...,
          9.69693464e-01,  9.93595869e-01,  8.83332102e-01],
        [-3.30421122e-02,  0.00000000e+00,  1.87886900e-01, ...,
          9.77236979e-01,  9.89319823e-01,  8.67361354e-01],
        [-2.20237960e-01, -1.87886900e-01,  0.00000000e+00, ...,
          9.99693366e-01,  9.44314106e-01,  7.58406885e-01],
        ...,
        [-9.69693464e-01, -9.77236979e-01, -9.99693366e-01, ...,
          0.00000000e+00, -3.52327917e-01, -6.70361472e-01],
        [-9.93595869e-01, -9.89319823e-01, -9.44314106e-01, ...,
          3.52327917e-01,  0.00000000e+00, -3.65936084e-01],
        [-8.83332102e-01, -8.67361354e-01, -7.58406885e-01, ...,
          6.70361472e-01,  3.65936084e-01,  0.00000000e+00]],

       [[ 0.00000000e+00,  7.09015014e-01,  5.78587932e-01, ...,
          3.87016286e-01,  5.41011128e-01,  6.11054357e-01],
        [-7.09015014e-01,  0.00000000e+00, -1.70270453e-01, ...,
         -3.80842191e-01, -2.14775101e-01, -1.30336740e-01],
        [-5.78587932e-01,  1.70270453e-01,  0.00000000e+00, ...,
         -2.17842012e-01, -4.53418774e-02,  4.03845291e-02],
        ...,
        [-3.87016286e-01,  3.80842191e-01,  2.17842012e-01, ...,
          0.00000000e+00,  1.73365019e-01,  2.57078956e-01],
        [-5.41011128e-01,  2.14775101e-01,  4.53418774e-02, ...,
         -1.73365019e-01,  0.00000000e+00,  8.56478828e-02],
        [-6.11054357e-01,  1.30336740e-01, -4.03845291e-02, ...,
         -2.57078956e-01, -8.56478828e-02,  0.00000000e+00]],

       [[ 0.00000000e+00,  3.39737090e-01,  6.10752499e-01, ...,
          8.22494382e-01,  4.86633998e-01,  0.00000000e+00],
        [-3.39737090e-01,  0.00000000e+00,  3.05414060e-01, ...,
          9.66806146e-01,  7.54485567e-01,  3.39737090e-01],
        [-6.10752499e-01, -3.05414060e-01,  0.00000000e+00, ...,
          9.98648460e-01,  9.18884308e-01,  6.10752499e-01],
        ...,
        [-8.22494382e-01, -9.66806146e-01, -9.98648460e-01, ...,
          0.00000000e+00,  4.41751591e-01,  8.22494382e-01],
        [-4.86633998e-01, -7.54485567e-01, -9.18884308e-01, ...,
         -4.41751591e-01,  0.00000000e+00,  4.86633998e-01],
        [-0.00000000e+00, -3.39737090e-01, -6.10752499e-01, ...,
         -8.22494382e-01, -4.86633998e-01,  0.00000000e+00]],

       ...,

       [[ 0.00000000e+00, -7.26727987e-02,  8.20548848e-01, ...,
          5.29670234e-01,  1.62693270e-01, -3.60734235e-02],
        [ 7.26727987e-02,  0.00000000e+00,  8.59917240e-01, ...,
          5.89911033e-01,  2.33967639e-01,  3.66474597e-02],
        [-8.20548848e-01, -8.59917240e-01,  0.00000000e+00, ...,
         -3.93245525e-01, -7.16624791e-01, -8.40633505e-01],
        ...,
        [-5.29670234e-01, -5.89911033e-01,  3.93245525e-01, ...,
          0.00000000e+00, -3.84616250e-01, -5.59923104e-01],
        [-1.62693270e-01, -2.33967639e-01,  7.16624791e-01, ...,
          3.84616250e-01,  0.00000000e+00, -1.98180186e-01],
        [ 3.60734235e-02, -3.66474597e-02,  8.40633505e-01, ...,
          5.59923104e-01,  1.98180186e-01,  0.00000000e+00]],

       [[ 0.00000000e+00, -4.97351622e-01, -3.87605458e-04, ...,
          9.70796752e-01,  8.38482372e-01,  4.97351622e-01],
        [ 4.97351622e-01,  0.00000000e+00,  4.97015318e-01, ...,
          7.22897434e-01,  4.56403406e-01,  0.00000000e+00],
        [ 3.87605458e-04, -4.97015318e-01,  0.00000000e+00, ...,
          9.70703691e-01,  8.38271091e-01,  4.97015318e-01],
        ...,
        [-9.70796752e-01, -7.22897434e-01, -9.70703691e-01, ...,
          0.00000000e+00,  3.27860217e-01,  7.22897434e-01],
        [-8.38482372e-01, -4.56403406e-01, -8.38271091e-01, ...,
         -3.27860217e-01,  0.00000000e+00,  4.56403406e-01],
        [-4.97351622e-01, -0.00000000e+00, -4.97015318e-01, ...,
         -7.22897434e-01, -4.56403406e-01,  0.00000000e+00]],

       [[ 0.00000000e+00,  9.05723191e-01,  8.69951786e-01, ...,
          8.31419281e-01,  7.74820717e-01,  8.11465220e-01],
        [-9.05723191e-01,  0.00000000e+00, -7.78992421e-02, ...,
         -1.50847642e-01, -2.44158016e-01, -1.85349781e-01],
        [-8.69951786e-01,  7.78992421e-02,  0.00000000e+00, ...,
         -7.33814088e-02, -1.67874420e-01, -1.08237095e-01],
        ...,
        [-8.31419281e-01,  1.50847642e-01,  7.33814088e-02, ...,
          0.00000000e+00, -9.50818141e-02, -3.49949819e-02],
        [-7.74820717e-01,  2.44158016e-01,  1.67874420e-01, ...,
          9.50818141e-02,  0.00000000e+00,  6.01871395e-02],
        [-8.11465220e-01,  1.85349781e-01,  1.08237095e-01, ...,
          3.49949819e-02, -6.01871395e-02,  0.00000000e+00]]]), 'num': array([ 7.07071107e-01,  7.07071107e-01,  0.00000000e+00,  5.10132283e-04,
        5.19675574e-04,  5.05794424e-04,  9.94161062e-03, -1.04108629e-05,
        5.25054520e-04,  5.01456564e-04,  4.95990861e-04,  5.23534773e-07,
        5.36306616e-04,  4.66606512e-04])}
{'img': array([[[ 0.        ,  0.1878869 ,  0.36027158, ...,  0.98931982,
          0.86736135,  0.61648805],
        [-0.1878869 ,  0.        ,  0.17858557, ...,  0.94431411,
          0.75840688,  0.45757339],
        [-0.36027158, -0.17858557,  0.        , ...,  0.87037092,
          0.62981627,  0.29142435],
        ...,
        [-0.98931982, -0.94431411, -0.87037092, ...,  0.        ,
         -0.36593608, -0.68909512],
        [-0.86736135, -0.75840688, -0.62981627, ...,  0.36593608,
          0.        , -0.37611624],
        [-0.61648805, -0.45757339, -0.29142435, ...,  0.68909512,
          0.37611624,  0.        ]],

       [[ 0.        , -0.17027045,  0.47893233, ..., -0.2147751 ,
         -0.13033674,  0.23123609],
        [ 0.17027045,  0.        ,  0.62141089, ..., -0.04534188,
          0.04038453,  0.39351516],
        [-0.47893233, -0.62141089,  0.        , ..., -0.65629646,
         -0.58926328, -0.26296112],
        ...,
        [ 0.2147751 ,  0.04534188,  0.65629646, ...,  0.        ,
          0.08564788,  0.43479405],
        [ 0.13033674, -0.04038453,  0.58926328, ..., -0.08564788,
          0.        ,  0.35606791],
        [-0.23123609, -0.39351516,  0.26296112, ..., -0.43479405,
         -0.35606791,  0.        ]],

       [[ 0.        ,  0.31582943,  0.56219082, ...,  0.74052737,
          0.31898075,  0.78693377],
        [-0.31582943,  0.        ,  0.27222231, ...,  0.91486986,
          0.60198491,  0.94153393],
        [-0.56219082, -0.27222231,  0.        , ...,  0.99022868,
          0.79662213,  0.99769297],
        ...,
        [-0.74052737, -0.91486986, -0.99022868, ...,  0.        ,
          0.48747969, -0.07190697],
        [-0.31898075, -0.60198491, -0.79662213, ..., -0.48747969,
          0.        , -0.54900221],
        [-0.78693377, -0.94153393, -0.99769297, ...,  0.07190697,
          0.54900221,  0.        ]],

       ...,

       [[ 0.        ,  0.85991724,  0.85991724, ...,  0.23396764,
          0.03664746, -0.28319008],
        [-0.85991724,  0.        ,  0.        , ..., -0.71662479,
         -0.84063351, -0.9692652 ],
        [-0.85991724,  0.        ,  0.        , ..., -0.71662479,
         -0.84063351, -0.9692652 ],
        ...,
        [-0.23396764,  0.71662479,  0.71662479, ...,  0.        ,
         -0.19818019, -0.49971986],
        [-0.03664746,  0.84063351,  0.84063351, ...,  0.19818019,
          0.        , -0.3181471 ],
        [ 0.28319008,  0.9692652 ,  0.9692652 , ...,  0.49971986,
          0.3181471 ,  0.        ]],

       [[ 0.        ,  0.49301093,  0.70456793, ...,  0.51502378,
          0.26039713,  0.        ],
        [-0.49301093,  0.        ,  0.2631318 , ...,  0.87067967,
          0.70255436,  0.49301093],
        [-0.70456793, -0.2631318 ,  0.        , ...,  0.96941834,
          0.86504878,  0.70456793],
        ...,
        [-0.51502378, -0.87067967, -0.96941834, ...,  0.        ,
          0.27405014,  0.51502378],
        [-0.26039713, -0.70255436, -0.86504878, ..., -0.27405014,
          0.        ,  0.26039713],
        [-0.        , -0.49301093, -0.70456793, ..., -0.51502378,
         -0.26039713,  0.        ]],

       [[ 0.        , -0.13783692, -0.26844817, ..., -0.66734938,
         -0.37718941, -0.29126077],
        [ 0.13783692,  0.        , -0.13310832, ..., -0.55832616,
         -0.24593336, -0.15661985],
        [ 0.26844817,  0.13310832,  0.        , ..., -0.44292836,
         -0.11472479, -0.02376054],
        ...,
        [ 0.66734938,  0.55832616,  0.44292836, ...,  0.        ,
          0.33714653,  0.42150064],
        [ 0.37718941,  0.24593336,  0.11472479, ..., -0.33714653,
          0.        ,  0.09108875],
        [ 0.29126077,  0.15661985,  0.02376054, ..., -0.42150064,
         -0.09108875,  0.        ]]]), 'num': array([ 7.07093452e-01,  7.07093452e-01,  0.00000000e+00,  5.04942808e-04,
        5.12751202e-04,  4.94531616e-04,  5.97206791e-03, -5.20559596e-06,
        5.19344957e-04,  5.01689311e-04,  4.96237895e-04,  5.19076520e-07,
        5.36570149e-04,  4.66808473e-04])}
{'img': array([[[ 0.        ,  0.17858557, -0.22023796, ...,  0.75840688,
          0.45757339,  0.29295399],
        [-0.17858557,  0.        , -0.39089811, ...,  0.62981627,
          0.29142435,  0.11749417],
        [ 0.22023796,  0.39089811,  0.        , ...,  0.8833321 ,
          0.64216761,  0.49633621],
        ...,
        [-0.75840688, -0.62981627, -0.8833321 , ...,  0.        ,
         -0.37611624, -0.53419099],
        [-0.45757339, -0.29142435, -0.64216761, ...,  0.37611624,
          0.        , -0.17701162],
        [-0.29295399, -0.11749417, -0.49633621, ...,  0.53419099,
          0.17701162,  0.        ]],

       [[ 0.        ,  0.62141089, -0.20388103, ...,  0.04038453,
          0.39351516, -0.24822554],
        [-0.62141089,  0.        , -0.76809626, ..., -0.58926328,
         -0.26296112, -0.79644308],
        [ 0.20388103,  0.76809626,  0.        , ...,  0.24325098,
          0.57268117, -0.04551171],
        ...,
        [-0.04038453,  0.58926328, -0.24325098, ...,  0.        ,
          0.35606791, -0.28714362],
        [-0.39351516,  0.26296112, -0.57268117, ..., -0.35606791,
          0.        , -0.60939727],
        [ 0.24822554,  0.79644308,  0.04551171, ...,  0.28714362,
          0.60939727,  0.        ]],

       [[ 0.        ,  0.27222231,  0.38256803, ...,  0.60198491,
          0.94153393,  0.99988018],
        [-0.27222231,  0.        ,  0.11660647, ...,  0.79662213,
          0.99769297,  0.95790521],
        [-0.38256803, -0.11660647,  0.        , ...,  0.86167373,
          0.99880305,  0.91789464],
        ...,
        [-0.60198491, -0.79662213, -0.86167373, ...,  0.        ,
         -0.54900221, -0.80773025],
        [-0.94153393, -0.99769297, -0.99880305, ...,  0.54900221,
          0.        , -0.35145234],
        [-0.99988018, -0.95790521, -0.91789464, ...,  0.80773025,
          0.35145234,  0.        ]],

       ...,

       [[ 0.        ,  0.        , -0.9307565 , ..., -0.84063351,
         -0.9692652 , -0.97506878],
        [ 0.        ,  0.        , -0.9307565 , ..., -0.84063351,
         -0.9692652 , -0.97506878],
        [ 0.9307565 ,  0.9307565 ,  0.        , ...,  0.19673289,
         -0.12541867, -0.14998628],
        ...,
        [ 0.84063351,  0.84063351, -0.19673289, ...,  0.        ,
         -0.3181471 , -0.34156258],
        [ 0.9692652 ,  0.9692652 ,  0.12541867, ...,  0.3181471 ,
          0.        , -0.02480203],
        [ 0.97506878,  0.97506878,  0.14998628, ...,  0.34156258,
          0.02480203,  0.        ]],

       [[ 0.        ,  0.55856455,  0.61186543, ...,  0.30699083,
          0.15190821,  0.        ],
        [-0.55856455,  0.        ,  0.06571528, ...,  0.78622979,
          0.67808414,  0.55856455],
        [-0.61186543, -0.06571528,  0.        , ...,  0.82513801,
          0.7249181 ,  0.61186543],
        ...,
        [-0.30699083, -0.78622979, -0.82513801, ...,  0.        ,
          0.15885514,  0.30699083],
        [-0.15190821, -0.67808414, -0.7249181 , ..., -0.15885514,
          0.        ,  0.15190821],
        [-0.        , -0.55856455, -0.61186543, ..., -0.30699083,
         -0.15190821,  0.        ]],

       [[ 0.        , -0.13310832, -0.01868307, ..., -0.24593336,
         -0.15661985, -0.11478781],
        [ 0.13310832,  0.        ,  0.11456827, ..., -0.11472479,
         -0.02376054,  0.01846211],
        [ 0.01868307, -0.11456827,  0.        , ..., -0.22778118,
         -0.13814001, -0.0962082 ],
        ...,
        [ 0.24593336,  0.11472479,  0.22778118, ...,  0.        ,
          0.09108875,  0.13304545],
        [ 0.15661985,  0.02376054,  0.13814001, ..., -0.09108875,
          0.        ,  0.04221339],
        [ 0.11478781, -0.01846211,  0.0962082 , ..., -0.13304545,
         -0.04221339,  0.        ]]]), 'num': array([ 8.11776225e-01,  5.83930748e-01,  3.92837029e-06,  5.78288013e-04,
