state_0,state_1,state_2,state_3,state_4,state_5,state_6,state_7,state_8,state_9,state_10,state_11,state_12,state_13,state_14,state_15,state_16,state_17,state_18,state_19,state_20,state_21,state_22,state_23,state_24,state_25,state_26,state_27,state_28,state_29,state_30,state_31,state_32,state_33,state_34,state_35,state_36,state_37,state_38,state_39,state_40,state_41,state_42,state_43,state_44,state_45,state_46,state_47,state_48,state_49,state_50,state_51,state_52,state_53,state_54,state_55,state_56,state_57,state_58,state_59,state_60,state_61,state_62,state_63,state_64,state_65,state_66,state_67,state_68,state_69,state_70,state_71,state_72,state_73,state_74,state_75,state_76,state_77,state_78,state_79,state_80,state_81,state_82,state_83,state_84,state_85,state_86,state_87,state_88,state_89,state_90,state_91,state_92,state_93,state_94,state_95,state_96,state_97,state_98,state_99,state_100,state_101,state_102,state_103,state_104,state_105,state_106,state_107,state_108,state_109,state_110,state_111,state_112,state_113,state_114,state_115,state_116,state_117,state_118,state_119,state_120,state_121,state_122,state_123,state_124,state_125,state_126,state_127,state_128,state_129,state_130,state_131,state_132,state_133,state_134,state_135,state_136,state_137,state_138,state_139,state_140,state_141,state_142,state_143,state_144,state_145,state_146,state_147,state_148,state_149,state_150,state_151,state_152,state_153,state_154,state_155,state_156,state_157,state_158,state_159,state_160,state_161,state_162,state_163,state_164,state_165,state_166,state_167,state_168,state_169,state_170,state_171,state_172,state_173,state_174,state_175,state_176,state_177,state_178,state_179,state_180,state_181,state_182,state_183,state_184,state_185,state_186,state_187,state_188,state_189,state_190,state_191,state_192,state_193,state_194,state_195,state_196,state_197,state_198,state_199,state_200,state_201,state_202,state_203,state_204,state_205,state_206,state_207,state_208,state_209,state_210,state_211,state_212,state_213,state_214,state_215,state_216,state_217,state_218,state_219,state_220,state_221,state_222,state_223,state_224,state_225,state_226,state_227,state_228,state_229,state_230,state_231,state_232,state_233,state_234,state_235,state_236,state_237,state_238,state_239,state_240,state_241,state_242,state_243,state_244,state_245,state_246,state_247,state_248,state_249,state_250,state_251,state_252,state_253,state_254,state_255,state_256,state_257,state_258,state_259,state_260,state_261,state_262,state_263,state_264,state_265,state_266,state_267,state_268,state_269,state_270,state_271,state_272,state_273,state_274,state_275,state_276,state_277,state_278,state_279,state_280,state_281,state_282,state_283,state_284,state_285,state_286,state_287
{'img': array([[[ 0.        , -0.09776122,  0.32601768, ..., -0.90510933,
         -0.88914251, -0.94578742],
        [ 0.09776122,  0.        ,  0.41687593, ..., -0.85920775,
         -0.84014491, -0.97300851],
        [-0.32601768, -0.41687593,  0.        , ..., -0.99427332,
         -0.98975863, -0.78822698],
        ...,
        [ 0.90510933,  0.85920775,  0.99427332, ...,  0.        ,
          0.03616092, -0.696096  ],
        [ 0.88914251,  0.84014491,  0.98975863, ..., -0.03616092,
          0.        , -0.72160242],
        [ 0.94578742,  0.97300851,  0.78822698, ...,  0.696096  ,
          0.72160242,  0.        ]],

       [[ 0.        ,  0.06035032,  0.55027221, ...,  0.22947457,
          0.14518872,  0.18258935],
        [-0.06035032,  0.        ,  0.49887758, ...,  0.17031645,
          0.08521323,  0.12292075],
        [-0.55027221, -0.49887758,  0.        , ..., -0.34398011,
         -0.42321107, -0.3885623 ],
        ...,
        [-0.22947457, -0.17031645,  0.34398011, ...,  0.        ,
         -0.08572875, -0.04790004],
        [-0.14518872, -0.08521323,  0.42321107, ...,  0.08572875,
          0.        ,  0.03790664],
        [-0.18258935, -0.12292075,  0.3885623 , ...,  0.04790004,
         -0.03790664,  0.        ]],

       [[ 0.        , -0.04254434,  0.07228005, ..., -0.97151649,
         -0.99222689, -0.86448444],
        [ 0.04254434,  0.        ,  0.11464767, ..., -0.96055505,
         -0.9860342 , -0.88508704],
        [-0.07228005, -0.11464767,  0.        , ..., -0.98610372,
         -0.99862627, -0.82589102],
        ...,
        [ 0.97151649,  0.96055505,  0.98610372, ...,  0.        ,
         -0.11423251, -0.69320062],
        [ 0.99222689,  0.9860342 ,  0.99862627, ...,  0.11423251,
          0.        , -0.60633048],
        [ 0.86448444,  0.88508704,  0.82589102, ...,  0.69320062,
          0.60633048,  0.        ]],

       ...,

       [[ 0.        ,  0.05545578,  0.61083982, ..., -0.13810373,
          0.0231624 , -0.17194208],
        [-0.05545578,  0.        ,  0.56599248, ..., -0.19281559,
         -0.03231415, -0.22630737],
        [-0.61083982, -0.56599248,  0.        , ..., -0.71433081,
         -0.59233701, -0.73787848],
        ...,
        [ 0.13810373,  0.19281559,  0.71433081, ...,  0.        ,
          0.16100712, -0.03424754],
        [-0.0231624 ,  0.03231415,  0.59233701, ..., -0.16100712,
          0.        , -0.19471339],
        [ 0.17194208,  0.22630737,  0.73787848, ...,  0.03424754,
          0.19471339,  0.        ]],

       [[ 0.        ,  0.01659662,  0.06495057, ..., -0.13206855,
         -0.24001465, -0.19370522],
        [-0.01659662,  0.        ,  0.04838005, ..., -0.1485016 ,
         -0.25609308, -0.20996082],
        [-0.06495057, -0.04838005,  0.        , ..., -0.19617132,
         -0.30255987, -0.2570166 ],
        ...,
        [ 0.13206855,  0.1485016 ,  0.19617132, ...,  0.        ,
         -0.10970417, -0.06244134],
        [ 0.24001465,  0.25609308,  0.30255987, ...,  0.10970417,
          0.        ,  0.04742564],
        [ 0.19370522,  0.20996082,  0.2570166 , ...,  0.06244134,
         -0.04742564,  0.        ]],

       [[ 0.        , -0.32326911, -0.31526164, ..., -0.83213029,
         -0.70463692, -0.        ],
        [ 0.32326911,  0.        ,  0.00844961, ..., -0.96672942,
         -0.89618434, -0.32326911],
        [ 0.31526164, -0.00844961,  0.        , ..., -0.96453349,
         -0.8924034 , -0.31526164],
        ...,
        [ 0.83213029,  0.96672942,  0.96453349, ...,  0.        ,
         -0.19967539, -0.83213029],
        [ 0.70463692,  0.89618434,  0.8924034 , ...,  0.19967539,
          0.        , -0.70463692],
        [ 0.        ,  0.32326911,  0.31526164, ...,  0.83213029,
          0.70463692,  0.        ]]]), 'num': array([7.07106412e-01, 7.07106412e-01, 0.00000000e+00, 3.05136684e-04,
       3.08514581e-04, 2.92751062e-04, 4.16393347e-04, 1.12596562e-05,
       3.11667285e-04, 3.48880448e-04, 3.60308999e-04, 3.14014317e-07,
       4.03572831e-04, 2.94188066e-04])}
{'img': array([[[ 0.        ,  0.41687593,  0.16121629, ..., -0.84014491,
         -0.97300851, -0.93571917],
        [-0.41687593,  0.        , -0.26488311, ..., -0.98975863,
         -0.78822698, -0.99758573],
        [-0.16121629,  0.26488311,  0.        , ..., -0.91659265,
         -0.92307692, -0.9803475 ],
        ...,
        [ 0.84014491,  0.98975863,  0.91659265, ...,  0.        ,
         -0.72160242, -0.21114088],
        [ 0.97300851,  0.78822698,  0.92307692, ...,  0.72160242,
          0.        ,  0.55915991],
        [ 0.93571917,  0.99758573,  0.9803475 , ...,  0.21114088,
         -0.55915991,  0.        ]],

       [[ 0.        ,  0.54083582,  0.19433588, ...,  0.12428779,
          0.16460781,  0.14073935],
        [-0.54083582,  0.        , -0.36706342, ..., -0.43210033,
         -0.39500206, -0.41707287],
        [-0.19433588,  0.36706342,  0.        , ..., -0.0709108 ,
         -0.03021539, -0.05434543],
        ...,
        [-0.12428779,  0.43210033,  0.0709108 , ...,  0.        ,
          0.04073909,  0.01659738],
        [-0.16460781,  0.39500206,  0.03021539, ..., -0.04073909,
          0.        , -0.02414988],
        [-0.14073935,  0.41707287,  0.05434543, ..., -0.01659738,
          0.02414988,  0.        ]],

       [[ 0.        ,  0.10855624,  0.10249724, ..., -0.94629462,
         -0.99909603, -0.86102806],
        [-0.10855624,  0.        , -0.00609299, ..., -0.97579914,
         -0.99780644, -0.80073256],
        [-0.10249724,  0.00609299,  0.        , ..., -0.97444868,
         -0.99819126, -0.80436754],
        ...,
        [ 0.94629462,  0.97579914,  0.97444868, ...,  0.        ,
         -0.2827861 , -0.75962036],
        [ 0.99909603,  0.99780644,  0.99819126, ...,  0.2827861 ,
          0.        , -0.54470026],
        [ 0.86102806,  0.80073256,  0.80436754, ...,  0.75962036,
          0.54470026,  0.        ]],

       ...,

       [[ 0.        ,  0.56599248,  0.38183573, ..., -0.03231415,
         -0.22630737, -0.07834667],
        [-0.56599248,  0.        , -0.208318  , ..., -0.59233701,
         -0.73787848, -0.62884252],
        [-0.38183573,  0.208318  ,  0.        , ..., -0.41150203,
         -0.58108946, -0.45307239],
        ...,
        [ 0.03231415,  0.59233701,  0.41150203, ...,  0.        ,
         -0.19471339, -0.04609093],
        [ 0.22630737,  0.73787848,  0.58108946, ...,  0.19471339,
          0.        ,  0.1492977 ],
        [ 0.07834667,  0.62884252,  0.45307239, ...,  0.04609093,
         -0.1492977 ,  0.        ]],

       [[ 0.        ,  0.04838005,  0.01893656, ..., -0.25609308,
         -0.20996082, -0.27150404],
        [-0.04838005,  0.        , -0.02945699, ..., -0.30255987,
         -0.2570166 , -0.31774887],
        [-0.01893656,  0.02945699,  0.        , ..., -0.27435223,
         -0.22843763, -0.28968061],
        ...,
        [ 0.25609308,  0.30255987,  0.27435223, ...,  0.        ,
          0.04742564, -0.01597642],
        [ 0.20996082,  0.2570166 ,  0.22843763, ..., -0.04742564,
          0.        , -0.06337803],
        [ 0.27150404,  0.31774887,  0.28968061, ...,  0.01597642,
          0.06337803,  0.        ]],

       [[ 0.        ,  0.00815526,  0.30905095, ..., -0.95523793,
         -0.77031977, -0.30905095],
        [-0.00815526,  0.        ,  0.30128464, ..., -0.95279352,
         -0.76509388, -0.30128464],
        [-0.30905095, -0.30128464,  0.        , ..., -0.81704551,
         -0.53554039, -0.        ],
        ...,
        [ 0.95523793,  0.95279352,  0.81704551, ...,  0.        ,
         -0.38122456, -0.81704551],
        [ 0.77031977,  0.76509388,  0.53554039, ...,  0.38122456,
          0.        , -0.53554039],
        [ 0.30905095,  0.30128464,  0.        , ...,  0.81704551,
          0.53554039,  0.        ]]]), 'num': array([7.07106368e-01, 7.07106368e-01, 0.00000000e+00, 3.23715097e-04,
       3.31596856e-04, 3.05136665e-04, 5.19948374e-04, 1.85784316e-05,
       3.09865721e-04, 3.45952917e-04, 3.59455120e-04, 3.39093873e-07,
       3.99438651e-04, 2.92467182e-04])}
{'img': array([[[ 0.        , -0.26488311, -0.43274759, ..., -0.78822698,
         -0.99758573, -0.94632199],
        [ 0.26488311,  0.        , -0.17849394, ..., -0.92307692,
         -0.9803475 , -0.8269029 ],
        [ 0.43274759,  0.17849394,  0.        , ..., -0.97690476,
         -0.9293911 , -0.71324855],
        ...,
        [ 0.78822698,  0.92307692,  0.97690476, ...,  0.        ,
          0.55915991,  0.83712702],
        [ 0.99758573,  0.9803475 ,  0.9293911 , ..., -0.55915991,
          0.        ,  0.38816314],
        [ 0.94632199,  0.8269029 ,  0.71324855, ..., -0.83712702,
         -0.38816314,  0.        ]],

       [[ 0.        , -0.36706342, -0.40790188, ..., -0.39500206,
         -0.41707287, -0.38962347],
        [ 0.36706342,  0.        , -0.0442903 , ..., -0.03021539,
         -0.05434543, -0.0243702 ],
        [ 0.40790188,  0.0442903 ,  0.        , ...,  0.01408434,
         -0.01006725,  0.01993086],
        ...,
        [ 0.39500206,  0.03021539, -0.01408434, ...,  0.        ,
         -0.02414988,  0.00584735],
        [ 0.41707287,  0.05434543,  0.01006725, ...,  0.02414988,
          0.        ,  0.02999511],
        [ 0.38962347,  0.0243702 , -0.01993086, ..., -0.00584735,
         -0.02999511,  0.        ]],

       [[ 0.        , -0.00601969, -0.05900537, ..., -0.99990149,
         -0.93086968, -0.79491972],
        [ 0.00601969,  0.        , -0.0529951 , ..., -0.99996787,
         -0.93305212, -0.79855755],
        [ 0.05900537,  0.0529951 ,  0.        , ..., -0.99898753,
         -0.95080549, -0.82933412],
        ...,
        [ 0.99990149,  0.99996787,  0.99898753, ...,  0.        ,
         -0.35224962, -0.59549729],
        [ 0.93086968,  0.93305212,  0.95080549, ...,  0.35224962,
          0.        , -0.27434724],
        [ 0.79491972,  0.79855755,  0.82933412, ...,  0.59549729,
          0.27434724,  0.        ]],

       ...,

       [[ 0.        , -0.208318  , -0.32314298, ..., -0.73787848,
         -0.62884252, -0.56965679],
        [ 0.208318  ,  0.        , -0.11891183, ..., -0.58108946,
         -0.45307239, -0.38594623],
        [ 0.32314298,  0.11891183,  0.        , ..., -0.48019136,
         -0.34385099, -0.27350918],
        ...,
        [ 0.73787848,  0.58108946,  0.48019136, ...,  0.        ,
          0.1492977 ,  0.22196904],
        [ 0.62884252,  0.45307239,  0.34385099, ..., -0.1492977 ,
          0.        ,  0.073908  ],
        [ 0.56965679,  0.38594623,  0.27350918, ..., -0.22196904,
         -0.073908  ,  0.        ]],

       [[ 0.        , -0.02945699, -0.01865032, ..., -0.2570166 ,
         -0.31774887, -0.46089849],
        [ 0.02945699,  0.        ,  0.01080964, ..., -0.22843763,
         -0.28968061, -0.4345568 ],
        [ 0.01865032, -0.01080964,  0.        , ..., -0.2389481 ,
         -0.30000984, -0.44426705],
        ...,
        [ 0.2570166 ,  0.22843763,  0.2389481 , ...,  0.        ,
         -0.06337803, -0.2173254 ],
        [ 0.31774887,  0.28968061,  0.30000984, ...,  0.06337803,
          0.        , -0.15502524],
        [ 0.46089849,  0.4345568 ,  0.44426705, ...,  0.2173254 ,
          0.15502524,  0.        ]],

       [[ 0.        ,  0.29804054,  0.14750727, ..., -0.80716962,
         -0.56456304, -0.29804054],
        [-0.29804054,  0.        , -0.15397673, ..., -0.59454719,
         -0.2929058 , -0.        ],
        [-0.14750727,  0.15397673,  0.        , ..., -0.71126354,
         -0.43663625, -0.15397673],
        ...,
        [ 0.80716962,  0.59454719,  0.71126354, ...,  0.        ,
         -0.33295708, -0.59454719],
        [ 0.56456304,  0.2929058 ,  0.43663625, ...,  0.33295708,
          0.        , -0.2929058 ],
        [ 0.29804054,  0.        ,  0.15397673, ...,  0.59454719,
          0.2929058 ,  0.        ]]]), 'num': array([7.07106423e-01, 7.07106423e-01, 0.00000000e+00, 3.23715122e-04,
       3.31033899e-04, 3.19774242e-04, 3.36607429e-04, 0.00000000e+00,
       3.12117676e-04, 3.42603196e-04, 3.58179054e-04, 3.61421070e-07,
       3.92744046e-04, 2.92462345e-04])}
{'img': array([[[ 0.        , -0.17849394, -0.24641147, ..., -0.9803475 ,
         -0.8269029 , -0.8269029 ],
        [ 0.17849394,  0.        , -0.06946422, ..., -0.9293911 ,
         -0.71324855, -0.71324855],
        [ 0.24641147,  0.06946422,  0.        , ..., -0.90150711,
         -0.66283741, -0.66283741],
        ...,
        [ 0.9803475 ,  0.9293911 ,  0.90150711, ...,  0.        ,
          0.38816314,  0.38816314],
        [ 0.8269029 ,  0.71324855,  0.66283741, ..., -0.38816314,
          0.        ,  0.        ],
        [ 0.8269029 ,  0.71324855,  0.66283741, ..., -0.38816314,
          0.        ,  0.        ]],

       [[ 0.        , -0.0442903 , -0.08927418, ..., -0.05434543,
         -0.0243702 , -0.08230197],
        [ 0.0442903 ,  0.        , -0.04507312, ..., -0.01006725,
          0.01993086, -0.03808117],
        [ 0.08927418,  0.04507312,  0.        , ...,  0.03501381,
          0.06497477,  0.00699796],
        ...,
        [ 0.05434543,  0.01006725, -0.03501381, ...,  0.        ,
          0.02999511, -0.02801929],
        [ 0.0243702 , -0.01993086, -0.06497477, ..., -0.02999511,
          0.        , -0.05799001],
        [ 0.08230197,  0.03808117, -0.00699796, ...,  0.02801929,
          0.05799001,  0.        ]],

       [[ 0.        , -0.0529951 , -0.11234574, ..., -0.93305212,
         -0.79855755, -0.94443164],
        [ 0.0529951 ,  0.        , -0.05952828, ..., -0.95080549,
         -0.82933412, -0.9605244 ],
        [ 0.11234574,  0.05952828,  0.        , ..., -0.96756053,
         -0.861125  , -0.97538154],
        ...,
        [ 0.93305212,  0.95080549,  0.96756053, ...,  0.        ,
         -0.27434724,  0.03304938],
        [ 0.79855755,  0.82933412,  0.861125  , ...,  0.27434724,
          0.        ,  0.30597866],
        [ 0.94443164,  0.9605244 ,  0.97538154, ..., -0.03304938,
         -0.30597866,  0.        ]],

       ...,

       [[ 0.        , -0.11891183, -0.08980317, ..., -0.45307239,
         -0.38594623, -0.32609233],
        [ 0.11891183,  0.        ,  0.02926536, ..., -0.34385099,
         -0.27350918, -0.21136679],
        [ 0.08980317, -0.02926536,  0.        , ..., -0.37118459,
         -0.30154148, -0.23988042],
        ...,
        [ 0.45307239,  0.34385099,  0.37118459, ...,  0.        ,
          0.073908  ,  0.13760377],
        [ 0.38594623,  0.27350918,  0.30154148, ..., -0.073908  ,
          0.        ,  0.06402249],
        [ 0.32609233,  0.21136679,  0.23988042, ..., -0.13760377,
         -0.06402249,  0.        ]],

       [[ 0.        ,  0.01080964,  0.06264749, ..., -0.28968061,
         -0.4345568 , -0.64082886],
        [-0.01080964,  0.        ,  0.05185543, ..., -0.30000984,
         -0.44426705, -0.64908981],
        [-0.06264749, -0.05185543,  0.        , ..., -0.34907297,
         -0.49012632, -0.68766356],
        ...,
        [ 0.28968061,  0.30000984,  0.34907297, ...,  0.        ,
         -0.15502524, -0.39096918],
        [ 0.4345568 ,  0.44426705,  0.49012632, ...,  0.15502524,
          0.        , -0.24355675],
        [ 0.64082886,  0.64908981,  0.68766356, ...,  0.39096918,
          0.24355675,  0.        ]],

       [[ 0.        , -0.15397199, -0.40442466, ..., -0.29330094,
         -0.01573836, -0.        ],
        [ 0.15397199,  0.        , -0.25878362, ..., -0.43700372,
         -0.1695036 , -0.15397199],
        [ 0.40442466,  0.25878362,  0.        , ..., -0.65488276,
         -0.41876842, -0.40442466],
        ...,
        [ 0.29330094,  0.43700372,  0.65488276, ...,  0.        ,
         -0.27821843, -0.29330094],
        [ 0.01573836,  0.1695036 ,  0.41876842, ...,  0.27821843,
          0.        , -0.01573836],
        [ 0.        ,  0.15397199,  0.40442466, ...,  0.29330094,
          0.01573836,  0.        ]]]), 'num': array([9.11209633e-01, 4.11940926e-01, 1.72458956e-05, 4.18498472e-04,
       4.28617606e-04, 4.06933748e-04, 4.48783595e-04, 2.89118116e-06,
       4.03753448e-04, 4.36459935e-04, 4.58589518e-04, 5.04418840e-07,
       4.97738782e-04, 3.75181088e-04])}
{'img': array([[[ 0.        , -0.06946422, -0.02617229, ..., -0.71324855,
         -0.71324855, -0.68441608],
        [ 0.06946422,  0.        ,  0.04333136, ..., -0.66283741,
         -0.66283741, -0.63211706],
        [ 0.02617229, -0.04333136,  0.        , ..., -0.69465977,
         -0.69465977, -0.66509964],
        ...,
        [ 0.71324855,  0.66283741,  0.69465977, ...,  0.        ,
          0.        ,  0.04030866],
        [ 0.71324855,  0.66283741,  0.69465977, ...,  0.        ,
          0.        ,  0.04030866],
        [ 0.68441608,  0.63211706,  0.66509964, ..., -0.04030866,
         -0.04030866,  0.        ]],

       [[ 0.        , -0.04507312, -0.05652647, ...,  0.01993086,
         -0.03808117, -0.03311607],
        [ 0.04507312,  0.        , -0.01146797, ...,  0.06497477,
          0.00699796,  0.01196599],
        [ 0.05652647,  0.01146797,  0.        , ...,  0.07641423,
          0.01846519,  0.02343235],
        ...,
        [-0.01993086, -0.06497477, -0.07641423, ...,  0.        ,
         -0.05799001, -0.05302942],
        [ 0.03808117, -0.00699796, -0.01846519, ...,  0.05799001,
          0.        ,  0.00496824],
        [ 0.03311607, -0.01196599, -0.02343235, ...,  0.05302942,
         -0.00496824,  0.        ]],

       [[ 0.        , -0.05952828, -0.07336531, ..., -0.82933412,
         -0.9605244 , -0.98940145],
        [ 0.05952828,  0.        , -0.01386735, ..., -0.861125  ,
         -0.97538154, -0.99629072],
        [ 0.07336531,  0.01386735,  0.        , ..., -0.86809227,
         -0.97834584, -0.99738823],
        ...,
        [ 0.82933412,  0.861125  ,  0.86809227, ...,  0.        ,
          0.30597866,  0.43240675],
        [ 0.9605244 ,  0.97538154,  0.97834584, ..., -0.30597866,
          0.        ,  0.13577339],
        [ 0.98940145,  0.99629072,  0.99738823, ..., -0.43240675,
         -0.13577339,  0.        ]],

       ...,

       [[ 0.        ,  0.02926536,  0.09152024, ..., -0.27350918,
         -0.21136679, -0.12448793],
        [-0.02926536,  0.        ,  0.0623385 , ..., -0.30154148,
         -0.23988042, -0.15347233],
        [-0.09152024, -0.0623385 ,  0.        , ..., -0.36039184,
         -0.29993223, -0.2147738 ],
        ...,
        [ 0.27350918,  0.30154148,  0.36039184, ...,  0.        ,
          0.06402249,  0.15164045],
        [ 0.21136679,  0.23988042,  0.29993223, ..., -0.06402249,
          0.        ,  0.08804723],
        [ 0.12448793,  0.15347233,  0.2147738 , ..., -0.15164045,
         -0.08804723,  0.        ]],

       [[ 0.        ,  0.05185543, -0.08267551, ..., -0.44426705,
         -0.64908981, -0.78047001],
        [-0.05185543,  0.        , -0.13424217, ..., -0.49012632,
         -0.68766356, -0.81183963],
        [ 0.08267551,  0.13424217,  0.        , ..., -0.36867759,
         -0.58397543, -0.72610993],
        ...,
        [ 0.44426705,  0.49012632,  0.36867759, ...,  0.        ,
         -0.24355675, -0.42146598],
        [ 0.64908981,  0.68766356,  0.58397543, ...,  0.24355675,
          0.        , -0.1879062 ],
        [ 0.78047001,  0.81183963,  0.72610993, ...,  0.42146598,
          0.1879062 ,  0.        ]],

       [[ 0.        , -0.37684249, -0.42901057, ..., -0.11057694,
         -0.10945465, -0.        ],
        [ 0.37684249,  0.        , -0.05698115, ..., -0.47695645,
         -0.4759637 , -0.37684249],
        [ 0.42901057,  0.05698115,  0.        , ..., -0.52626378,
         -0.52530331, -0.42901057],
        ...,
        [ 0.11057694,  0.47695645,  0.52626378, ...,  0.        ,
         -0.00112915, -0.11057694],
        [ 0.10945465,  0.4759637 ,  0.52530331, ...,  0.00112915,
          0.        , -0.10945465],
        [ 0.        ,  0.37684249,  0.42901057, ...,  0.11057694,
          0.10945465,  0.        ]]]), 'num': array([ 8.71688338e-01,  4.90059153e-01,  1.32051621e-05,  4.00030593e-04,
        4.06259443e-04,  3.93801743e-04,  3.39237016e-04, -6.92094451e-07,
        3.94355418e-04,  4.15671927e-04,  4.38118857e-04,  5.06712009e-07,
        4.73463099e-04,  3.57880756e-04])}
{'img': array([[[ 0.        ,  0.04333136,  0.07819786, ..., -0.66283741,
         -0.63211706, -0.63982309],
        [-0.04333136,  0.        ,  0.03492574, ..., -0.69465977,
         -0.66509964, -0.67252325],
        [-0.07819786, -0.03492574,  0.        , ..., -0.7193594 ,
         -0.69077483, -0.69796066],
        ...,
        [ 0.66283741,  0.69465977,  0.7193594 , ...,  0.        ,
          0.04030866,  0.03032919],
        [ 0.63211706,  0.66509964,  0.69077483, ..., -0.04030866,
          0.        , -0.00998558],
        [ 0.63982309,  0.67252325,  0.69796066, ..., -0.03032919,
          0.00998558,  0.        ]],

       [[ 0.        , -0.01146797, -0.02474556, ...,  0.00699796,
          0.01196599, -0.01966231],
        [ 0.01146797,  0.        , -0.01327947, ...,  0.01846519,
          0.02343235, -0.00819527],
        [ 0.02474556,  0.01327947,  0.        , ...,  0.03174077,
          0.03670611,  0.00508448],
        ...,
        [-0.00699796, -0.01846519, -0.03174077, ...,  0.        ,
          0.00496824, -0.02665844],
        [-0.01196599, -0.02343235, -0.03670611, ..., -0.00496824,
          0.        , -0.03162458],
        [ 0.01966231,  0.00819527, -0.00508448, ...,  0.02665844,
          0.03162458,  0.        ]],

       [[ 0.        , -0.01386735, -0.13650008, ..., -0.97538154,
         -0.99629072, -0.98678965],
        [ 0.01386735,  0.        , -0.1227494 , ..., -0.97834584,
         -0.99738823, -0.98444816],
        [ 0.13650008,  0.1227494 ,  0.        , ..., -0.99635358,
         -0.99871149, -0.95543942],
        ...,
        [ 0.97538154,  0.97834584,  0.99635358, ...,  0.        ,
          0.13577339,  0.37562923],
        [ 0.99629072,  0.99738823,  0.99871149, ..., -0.13577339,
          0.        ,  0.24632017],
        [ 0.98678965,  0.98444816,  0.95543942, ..., -0.37562923,
         -0.24632017,  0.        ]],

       ...,

       [[ 0.        ,  0.0623385 , -0.12939314, ..., -0.23988042,
         -0.15347233, -0.10076875],
        [-0.0623385 ,  0.        , -0.19095592, ..., -0.29993223,
         -0.2147738 , -0.16259395],
        [ 0.12939314,  0.19095592,  0.        , ..., -0.11224866,
         -0.02432193,  0.02881288],
        ...,
        [ 0.23988042,  0.29993223,  0.11224866, ...,  0.        ,
          0.08804723,  0.14083285],
        [ 0.15347233,  0.2147738 ,  0.02432193, ..., -0.08804723,
          0.        ,  0.0531162 ],
        [ 0.10076875,  0.16259395, -0.02881288, ..., -0.14083285,
         -0.0531162 ,  0.        ]],

       [[ 0.        , -0.13424217, -0.19684291, ..., -0.68766356,
         -0.81183963, -0.8655581 ],
        [ 0.13424217,  0.        , -0.06344547, ..., -0.58397543,
         -0.72610993, -0.79049392],
        [ 0.19684291,  0.06344547,  0.        , ..., -0.53129569,
         -0.68102329, -0.75004288],
        ...,
        [ 0.68766356,  0.58397543,  0.53129569, ...,  0.        ,
         -0.1879062 , -0.28403294],
        [ 0.81183963,  0.72610993,  0.68102329, ...,  0.1879062 ,
          0.        , -0.09880627],
        [ 0.8655581 ,  0.79049392,  0.75004288, ...,  0.28403294,
          0.09880627,  0.        ]],

       [[ 0.        , -0.21556735, -0.32512007, ..., -0.26289697,
         -0.2391951 , -0.        ],
        [ 0.21556735,  0.        , -0.11361999, ..., -0.46470053,
         -0.44288113, -0.21556735],
        [ 0.32512007,  0.11361999,  0.        , ..., -0.56229812,
         -0.54188261, -0.32512007],
        ...,
        [ 0.26289697,  0.46470053,  0.56229812, ...,  0.        ,
         -0.02448432, -0.26289697],
        [ 0.2391951 ,  0.44288113,  0.54188261, ...,  0.02448432,
          0.        , -0.2391951 ],
        [ 0.        ,  0.21556735,  0.32512007, ...,  0.26289697,
          0.2391951 ,  0.        ]]]), 'num': array([8.81013795e-01, 4.73089076e-01, 1.40906639e-05, 4.04687221e-04,
       4.08181929e-04, 4.01891454e-04, 2.00931748e-04, 6.98941659e-07,
       4.03429126e-04, 4.17407959e-04, 4.41556393e-04, 5.74377799e-07,
       4.74143082e-04, 3.60672836e-04])}
{'img': array([[[ 0.00000000e+00,  3.49257404e-02, -6.91594758e-02, ...,
         -6.65099638e-01, -6.72523254e-01, -6.65099638e-01],
        [-3.49257404e-02,  0.00000000e+00, -1.03959397e-01, ...,
         -6.90774826e-01, -6.97960656e-01, -6.90774826e-01],
        [ 6.91594758e-02,  1.03959397e-01,  0.00000000e+00, ...,
         -6.11861976e-01, -6.19729708e-01, -6.11861976e-01],
        ...,
        [ 6.65099638e-01,  6.90774826e-01,  6.11861976e-01, ...,
          0.00000000e+00, -9.98557688e-03,  0.00000000e+00],
        [ 6.72523254e-01,  6.97960656e-01,  6.19729708e-01, ...,
          9.98557688e-03,  0.00000000e+00,  9.98557688e-03],
        [ 6.65099638e-01,  6.90774826e-01,  6.11861976e-01, ...,
          0.00000000e+00, -9.98557688e-03,  0.00000000e+00]],

       [[ 0.00000000e+00, -1.21236209e-02,  2.16932376e-02, ...,
          2.19299941e-02, -7.51522805e-03, -1.11347592e-01],
        [ 1.21236209e-02,  0.00000000e+00,  3.38124112e-02, ...,
          3.40490877e-02,  4.60860284e-03, -9.92911784e-02],
        [-2.16932376e-02, -3.38124112e-02,  0.00000000e+00, ...,
          2.36812891e-04, -2.92060845e-02, -1.32879728e-01],
        ...,
        [-2.19299941e-02, -3.40490877e-02, -2.36812891e-04, ...,
          0.00000000e+00, -2.94427955e-02, -1.33114437e-01],
        [ 7.51522805e-03, -4.60860284e-03,  2.92060845e-02, ...,
          2.94427955e-02,  0.00000000e+00, -1.03875953e-01],
        [ 1.11347592e-01,  9.92911784e-02,  1.32879728e-01, ...,
          1.33114437e-01,  1.03875953e-01,  0.00000000e+00]],

       [[ 0.00000000e+00, -1.22749397e-01, -2.01035843e-01, ...,
         -9.97388225e-01, -9.84448158e-01, -9.53722678e-01],
        [ 1.22749397e-01,  0.00000000e+00, -7.92722177e-02, ...,
         -9.98711486e-01, -9.55439423e-01, -9.09601114e-01],
        [ 2.01035843e-01,  7.92722177e-02,  0.00000000e+00, ...,
         -9.91545634e-01, -9.29032514e-01, -8.73802375e-01],
        ...,
        [ 9.97388225e-01,  9.98711486e-01,  9.91545634e-01, ...,
          0.00000000e+00,  2.46320172e-01,  3.68786760e-01],
        [ 9.84448158e-01,  9.55439423e-01,  9.29032514e-01, ...,
         -2.46320172e-01,  0.00000000e+00,  1.28465837e-01],
        [ 9.53722678e-01,  9.09601114e-01,  8.73802375e-01, ...,
         -3.68786760e-01, -1.28465837e-01,  0.00000000e+00]],

       ...,

       [[ 0.00000000e+00, -1.90955916e-01, -1.41862814e-01, ...,
         -2.14773802e-01, -1.62593947e-01, -2.62154838e-02],
        [ 1.90955916e-01,  0.00000000e+00,  4.97723082e-02, ...,
         -2.43219327e-02,  2.88128848e-02,  1.65157204e-01],
        [ 1.41862814e-01, -4.97723082e-02,  0.00000000e+00, ...,
         -7.40493723e-02, -2.09744700e-02,  1.15863709e-01],
        ...,
        [ 2.14773802e-01,  2.43219327e-02,  7.40493723e-02, ...,
          0.00000000e+00,  5.31161961e-02,  1.89096273e-01],
        [ 1.62593947e-01, -2.88128848e-02,  2.09744700e-02, ...,
         -5.31161961e-02,  0.00000000e+00,  1.36671430e-01],
        [ 2.62154838e-02, -1.65157204e-01, -1.15863709e-01, ...,
         -1.89096273e-01, -1.36671430e-01,  0.00000000e+00]],

       [[ 0.00000000e+00, -6.34454661e-02, -1.11809376e-01, ...,
         -7.26109926e-01, -7.90493921e-01, -8.63910709e-01],
        [ 6.34454661e-02,  0.00000000e+00, -4.85364724e-02, ...,
         -6.81023290e-01, -7.50042881e-01, -8.30216203e-01],
        [ 1.11809376e-01,  4.85364724e-02,  0.00000000e+00, ...,
         -6.44679241e-01, -7.17057390e-01, -8.02181474e-01],
        ...,
        [ 7.26109926e-01,  6.81023290e-01,  6.44679241e-01, ...,
          0.00000000e+00, -9.88062663e-02, -2.28304910e-01],
        [ 7.90493921e-01,  7.50042881e-01,  7.17057390e-01, ...,
          9.88062663e-02,  0.00000000e+00, -1.30990982e-01],
        [ 8.63910709e-01,  8.30216203e-01,  8.02181474e-01, ...,
          2.28304910e-01,  1.30990982e-01,  0.00000000e+00]],

       [[ 0.00000000e+00, -2.46809430e-01, -4.07204444e-01, ...,
         -2.96517974e-01, -1.77235139e-01, -0.00000000e+00],
        [ 2.46809430e-01,  0.00000000e+00, -1.69186988e-01, ...,
         -5.23054641e-01, -4.14654274e-01, -2.46809430e-01],
        [ 4.07204444e-01,  1.69186988e-01,  0.00000000e+00, ...,
         -6.59712196e-01, -5.62633217e-01, -4.07204444e-01],
        ...,
        [ 2.96517974e-01,  5.23054641e-01,  6.59712196e-01, ...,
          0.00000000e+00, -1.22559269e-01, -2.96517974e-01],
        [ 1.77235139e-01,  4.14654274e-01,  5.62633217e-01, ...,
          1.22559269e-01,  0.00000000e+00, -1.77235139e-01],
        [ 0.00000000e+00,  2.46809430e-01,  4.07204444e-01, ...,
          2.96517974e-01,  1.77235139e-01,  0.00000000e+00]]]), 'num': array([ 8.43089306e-01,  5.37772353e-01,  1.05829100e-05,  3.86477156e-04,
        3.92505396e-04,  3.84467743e-04,  2.45202006e-04, -1.33960886e-06,
        3.86879039e-04,  3.97461949e-04,  4.22211222e-04,  5.85197554e-07,
        4.49302215e-04,  3.45621682e-04])}
{'img': array([[[ 0.        , -0.1039594 , -0.11251333, ..., -0.69796066,
         -0.69077483, -0.70512036],
        [ 0.1039594 ,  0.        , -0.0086044 , ..., -0.61972971,
         -0.61186198, -0.62758337],
        [ 0.11251333,  0.0086044 ,  0.        , ..., -0.6129539 ,
         -0.60503355, -0.62086119],
        ...,
        [ 0.69796066,  0.61972971,  0.6129539 , ...,  0.        ,
          0.00998558, -0.01004688],
        [ 0.69077483,  0.61186198,  0.60503355, ..., -0.00998558,
          0.        , -0.02003145],
        [ 0.70512036,  0.62758337,  0.62086119, ...,  0.01004688,
          0.02003145,  0.        ]],

       [[ 0.        ,  0.03381241,  0.07603599, ...,  0.0046086 ,
         -0.09929118, -0.03466155],
        [-0.03381241,  0.        ,  0.04227798, ..., -0.02920608,
         -0.13287973, -0.06843382],
        [-0.07603599, -0.04227798,  0.        , ..., -0.07143992,
         -0.17466399, -0.1105515 ],
        ...,
        [-0.0046086 ,  0.02920608,  0.07143992, ...,  0.        ,
         -0.10387595, -0.03926701],
        [ 0.09929118,  0.13287973,  0.17466399, ...,  0.10387595,
          0.        ,  0.06474125],
        [ 0.03466155,  0.06843382,  0.1105515 , ...,  0.03926701,
         -0.06474125,  0.        ]],

       [[ 0.        , -0.07927222, -0.10927866, ..., -0.95543942,
         -0.90960111, -0.90687677],
        [ 0.07927222,  0.        , -0.03013729, ..., -0.92903251,
         -0.87380238, -0.87061785],
        [ 0.10927866,  0.03013729,  0.        , ..., -0.91745978,
         -0.85875027, -0.85539605],
        ...,
        [ 0.95543942,  0.92903251,  0.91745978, ...,  0.        ,
          0.12846584,  0.13491981],
        [ 0.90960111,  0.87380238,  0.85875027, ..., -0.12846584,
          0.        ,  0.00651065],
        [ 0.90687677,  0.87061785,  0.85539605, ..., -0.13491981,
         -0.00651065,  0.        ]],

       ...,

       [[ 0.        ,  0.04977231,  0.12508618, ...,  0.02881288,
          0.1651572 ,  0.2424025 ],
        [-0.04977231,  0.        ,  0.07554975, ..., -0.02097447,
          0.11586371,  0.19381417],
        [-0.12508618, -0.07554975,  0.        , ..., -0.09644766,
          0.04049164,  0.11914306],
        ...,
        [-0.02881288,  0.02097447,  0.09644766, ...,  0.        ,
          0.13667143,  0.2143483 ],
        [-0.1651572 , -0.11586371, -0.04049164, ..., -0.13667143,
          0.        ,  0.07884213],
        [-0.2424025 , -0.19381417, -0.11914306, ..., -0.2143483 ,
         -0.07884213,  0.        ]],

       [[ 0.        , -0.04853647, -0.10936919, ..., -0.75004288,
         -0.8302162 , -0.92102283],
        [ 0.04853647,  0.        , -0.06099498, ..., -0.71705739,
         -0.80218147, -0.90103194],
        [ 0.10936919,  0.06099498,  0.        , ..., -0.67320792,
         -0.76426897, -0.87289755],
        ...,
        [ 0.75004288,  0.71705739,  0.67320792, ...,  0.        ,
         -0.13099098, -0.31700639],
        [ 0.8302162 ,  0.80218147,  0.76426897, ...,  0.13099098,
          0.        , -0.19004002],
        [ 0.92102283,  0.90103194,  0.87289755, ...,  0.31700639,
          0.19004002,  0.        ]],

       [[ 0.        , -0.33163624, -0.44404988, ..., -0.18050523,
         -0.02640166, -0.        ],
        [ 0.33163624,  0.        , -0.12177316, ..., -0.49647874,
         -0.35642815, -0.33163624],
        [ 0.44404988,  0.12177316,  0.        , ..., -0.59848899,
         -0.46755103, -0.44404988],
        ...,
        [ 0.18050523,  0.49647874,  0.59848899, ...,  0.        ,
         -0.15447432, -0.18050523],
        [ 0.02640166,  0.35642815,  0.46755103, ...,  0.15447432,
          0.        , -0.02640166],
        [ 0.        ,  0.33163624,  0.44404988, ...,  0.18050523,
          0.02640166,  0.        ]]]), 'num': array([ 9.05290876e-01,  4.24790384e-01,  1.72222399e-05,  4.08588854e-04,
        4.19572426e-04,  4.08588854e-04,  3.17176251e-04, -1.39125237e-05,
        4.20451111e-04,  4.30116654e-04,  4.60260455e-04,  6.26554242e-07,
        4.80131035e-04,  3.80102273e-04])}
{'img': array([[[ 0.        , -0.0086044 , -0.12813935, ..., -0.61186198,
         -0.62758337, -0.77367916],
        [ 0.0086044 ,  0.        , -0.11960114, ..., -0.60503355,
         -0.62086119, -0.76819896],
        [ 0.12813935,  0.11960114,  0.        , ..., -0.50546421,
         -0.52264687, -0.68611486],
        ...,
        [ 0.61186198,  0.60503355,  0.50546421, ...,  0.        ,
         -0.02003145, -0.22429075],
        [ 0.62758337,  0.62086119,  0.52264687, ...,  0.02003145,
          0.        , -0.20472466],
        [ 0.77367916,  0.76819896,  0.68611486, ...,  0.22429075,
          0.20472466,  0.        ]],

       [[ 0.        ,  0.04227798,  0.01283921, ..., -0.13287973,
         -0.06843382, -0.04504446],
        [-0.04227798,  0.        , -0.02944677, ..., -0.17466399,
         -0.1105515 , -0.08723926],
        [-0.01283921,  0.02944677,  0.        , ..., -0.14559413,
         -0.08123729, -0.05786693],
        ...,
        [ 0.13287973,  0.17466399,  0.14559413, ...,  0.        ,
          0.06474125,  0.08809984],
        [ 0.06843382,  0.1105515 ,  0.08123729, ..., -0.06474125,
          0.        ,  0.0234255 ],
        [ 0.04504446,  0.08723926,  0.05786693, ..., -0.08809984,
         -0.0234255 ,  0.        ]],

       [[ 0.        , -0.03013729, -0.07479674, ..., -0.87380238,
         -0.87061785, -0.89708497],
        [ 0.03013729,  0.        , -0.04470989, ..., -0.85875027,
         -0.85539605, -0.88336108],
        [ 0.07479674,  0.04470989,  0.        , ..., -0.83498243,
         -0.83138208, -0.86152251],
        ...,
        [ 0.87380238,  0.85875027,  0.83498243, ...,  0.        ,
          0.00651065, -0.05013893],
        [ 0.87061785,  0.85539605,  0.83138208, ..., -0.00651065,
          0.        , -0.05664033],
        [ 0.89708497,  0.88336108,  0.86152251, ...,  0.05013893,
          0.05664033,  0.        ]],

       ...,

       [[ 0.        ,  0.07554975,  0.01974024, ...,  0.11586371,
          0.19381417,  0.16686486],
        [-0.07554975,  0.        , -0.05585121, ...,  0.04049164,
          0.11914306,  0.09189744],
        [-0.01974024,  0.05585121,  0.        , ...,  0.09623385,
          0.17441048,  0.14736888],
        ...,
        [-0.11586371, -0.04049164, -0.09623385, ...,  0.        ,
          0.07884213,  0.05150178],
        [-0.19381417, -0.11914306, -0.17441048, ..., -0.07884213,
          0.        , -0.02739604],
        [-0.16686486, -0.09189744, -0.14736888, ..., -0.05150178,
          0.02739604,  0.        ]],

       [[ 0.        , -0.06099498, -0.10026373, ..., -0.80218147,
         -0.90103194, -0.99091441],
        [ 0.06099498,  0.        , -0.03938943, ..., -0.76426897,
         -0.87289755, -0.99727285],
        [ 0.10026373,  0.03938943,  0.        , ..., -0.7382737 ,
         -0.85300188, -0.99940596],
        ...,
        [ 0.80218147,  0.76426897,  0.7382737 , ...,  0.        ,
         -0.19004002, -0.69954408],
        [ 0.90103194,  0.87289755,  0.85300188, ...,  0.19004002,
          0.        , -0.55099524],
        [ 0.99091441,  0.99727285,  0.99940596, ...,  0.69954408,
          0.55099524,  0.        ]],

       [[ 0.        , -0.30853105, -0.49681637, ..., -0.02678325,
         -0.        , -0.30540028],
        [ 0.30853105,  0.        , -0.20481839, ..., -0.33389698,
         -0.30853105, -0.5842918 ],
        [ 0.49681637,  0.20481839,  0.        , ..., -0.51988213,
         -0.49681637, -0.73812387],
        ...,
        [ 0.02678325,  0.33389698,  0.51988213, ...,  0.        ,
         -0.02678325,  0.27978707],
        [ 0.        ,  0.30853105,  0.49681637, ...,  0.02678325,
          0.        ,  0.30540028],
        [ 0.30540028,  0.5842918 ,  0.73812387, ..., -0.27978707,
         -0.30540028,  0.        ]]]), 'num': array([ 8.23145516e-01,  5.67829341e-01,  9.56240357e-06,  3.60616067e-04,
        3.73446976e-04,  3.53862957e-04,  3.36777589e-04, -1.62074637e-05,
