state_0,state_1,state_2,state_3,state_4,state_5,state_6,state_7,state_8,state_9,state_10,state_11,state_12,state_13,state_14,state_15,state_16,state_17,state_18,state_19,state_20,state_21,state_22,state_23,state_24,state_25,state_26,state_27,state_28,state_29,state_30,state_31,state_32,state_33,state_34,state_35,state_36,state_37,state_38,state_39,state_40,state_41,state_42,state_43,state_44,state_45,state_46,state_47,state_48,state_49,state_50,state_51,state_52,state_53,state_54,state_55,state_56,state_57,state_58,state_59,state_60,state_61,state_62,state_63,state_64,state_65,state_66,state_67,state_68,state_69,state_70,state_71,state_72,state_73,state_74,state_75,state_76,state_77,state_78,state_79,state_80,state_81,state_82,state_83,state_84,state_85,state_86,state_87,state_88,state_89,state_90,state_91,state_92,state_93,state_94,state_95,state_96,state_97,state_98,state_99,state_100,state_101,state_102,state_103,state_104,state_105,state_106,state_107,state_108,state_109,state_110,state_111,state_112,state_113,state_114,state_115,state_116,state_117,state_118,state_119,state_120,state_121,state_122,state_123,state_124,state_125,state_126,state_127,state_128,state_129,state_130,state_131,state_132,state_133,state_134,state_135,state_136,state_137,state_138,state_139,state_140,state_141,state_142,state_143,state_144,state_145,state_146,state_147,state_148,state_149,state_150,state_151,state_152,state_153,state_154,state_155,state_156,state_157,state_158,state_159,state_160,state_161,state_162,state_163,state_164,state_165,state_166,state_167,state_168,state_169,state_170,state_171,state_172,state_173,state_174,state_175,state_176,state_177,state_178,state_179,state_180,state_181,state_182,state_183,state_184,state_185,state_186,state_187,state_188,state_189,state_190,state_191,state_192,state_193,state_194,state_195,state_196,state_197,state_198,state_199,state_200,state_201,state_202,state_203,state_204,state_205,state_206,state_207,state_208,state_209,state_210,state_211,state_212,state_213,state_214,state_215,state_216,state_217,state_218,state_219,state_220,state_221,state_222,state_223,state_224,state_225,state_226,state_227,state_228,state_229,state_230,state_231,state_232,state_233,state_234,state_235,state_236,state_237,state_238,state_239,state_240,state_241,state_242,state_243,state_244,state_245,state_246,state_247,state_248,state_249,state_250,state_251,state_252,state_253,state_254,state_255,state_256,state_257,state_258,state_259,state_260,state_261,state_262,state_263,state_264,state_265,state_266,state_267,state_268,state_269,state_270,state_271,state_272,state_273,state_274,state_275,state_276,state_277,state_278,state_279,state_280,state_281,state_282,state_283,state_284,state_285,state_286,state_287
{'img': array([[[ 0.        ,  0.06152126,  0.        , ...,  0.46830505,
          0.46830505, -0.08977122],
        [-0.06152126,  0.        , -0.06152126, ...,  0.41305983,
          0.41305983, -0.15087404],
        [ 0.        ,  0.06152126,  0.        , ...,  0.46830505,
          0.46830505, -0.08977122],
        ...,
        [-0.46830505, -0.41305983, -0.46830505, ...,  0.        ,
          0.        , -0.54573311],
        [-0.46830505, -0.41305983, -0.46830505, ...,  0.        ,
          0.        , -0.54573311],
        [ 0.08977122,  0.15087404,  0.08977122, ...,  0.54573311,
          0.54573311,  0.        ]],

       [[ 0.        , -0.23909376, -0.23341034, ...,  0.03524437,
          0.99932207,  0.41373806],
        [ 0.23909376,  0.        ,  0.00584897, ...,  0.27316738,
          0.97914066,  0.6194082 ],
        [ 0.23341034, -0.00584897,  0.        , ...,  0.2675362 ,
          0.98031232,  0.61480576],
        ...,
        [-0.03524437, -0.27316738, -0.2675362 , ...,  0.        ,
          0.99740366,  0.38139468],
        [-0.99932207, -0.97914066, -0.98031232, ..., -0.99740366,
          0.        , -0.89454665],
        [-0.41373806, -0.6194082 , -0.61480576, ..., -0.38139468,
          0.89454665,  0.        ]],

       [[ 0.        ,  0.07051653,  0.        , ...,  0.87645626,
          0.65826676,  0.36918733],
        [-0.07051653,  0.        , -0.07051653, ...,  0.84032202,
          0.60354431,  0.30273339],
        [ 0.        ,  0.07051653,  0.        , ...,  0.87645626,
          0.65826676,  0.36918733],
        ...,
        [-0.87645626, -0.84032202, -0.87645626, ...,  0.        ,
         -0.34283965, -0.63678215],
        [-0.65826676, -0.60354431, -0.65826676, ...,  0.34283965,
          0.        , -0.33384491],
        [-0.36918733, -0.30273339, -0.36918733, ...,  0.63678215,
          0.33384491,  0.        ]],

       ...,

       [[ 0.        ,  0.100948  ,  0.27367866, ...,  0.79528613,
          0.83080717,  0.59312587],
        [-0.100948  ,  0.        ,  0.17518671, ...,  0.73002544,
          0.7703795 ,  0.50882179],
        [-0.27367866, -0.17518671,  0.        , ...,  0.59900967,
          0.64676924,  0.35013967],
        ...,
        [-0.79528613, -0.73002544, -0.59900967, ...,  0.        ,
          0.06103902, -0.28071939],
        [-0.83080717, -0.7703795 , -0.64676924, ..., -0.06103902,
          0.        , -0.33878059],
        [-0.59312587, -0.50882179, -0.35013967, ...,  0.28071939,
          0.33878059,  0.        ]],

       [[ 0.        , -0.39903301, -0.59986868, ..., -0.90233392,
         -0.88428774, -0.90671013],
        [ 0.39903301,  0.        , -0.23077582, ..., -0.65538469,
         -0.62451033, -0.66310176],
        [ 0.59986868,  0.23077582,  0.        , ..., -0.46338998,
         -0.42741316, -0.47246016],
        ...,
        [ 0.90233392,  0.65538469,  0.46338998, ...,  0.        ,
          0.0401766 , -0.01026298],
        [ 0.88428774,  0.62451033,  0.42741316, ..., -0.0401766 ,
          0.        , -0.05042919],
        [ 0.90671013,  0.66310176,  0.47246016, ...,  0.01026298,
          0.05042919,  0.        ]],

       [[ 0.        , -0.02326066,  0.01039516, ..., -0.89020975,
         -0.70920088, -0.32222072],
        [ 0.02326066,  0.        ,  0.03365175, ..., -0.87937247,
         -0.69261008, -0.3001135 ],
        [-0.01039516, -0.03365175,  0.        , ..., -0.89489717,
         -0.71649122, -0.33204405],
        ...,
        [ 0.89020975,  0.87937247,  0.89489717, ...,  0.        ,
          0.30452653,  0.69594209],
        [ 0.70920088,  0.69261008,  0.71649122, ..., -0.30452653,
          0.        ,  0.44420765],
        [ 0.32222072,  0.3001135 ,  0.33204405, ..., -0.69594209,
         -0.44420765,  0.        ]]]), 'num': array([7.07106367e-01, 7.07106367e-01, 0.00000000e+00, 2.14866576e-04,
       2.18122130e-04, 2.11611021e-04, 8.96631709e-04, 1.30222167e-06,
       2.20205684e-04, 2.14671242e-04, 2.03732580e-04, 6.86886156e-07,
       2.38438482e-04, 1.90904002e-04])}
{'img': array([[[ 0.        , -0.06152126, -0.23696174, ...,  0.41305983,
         -0.15087404, -0.09168376],
        [ 0.06152126,  0.        , -0.17674381, ...,  0.46830505,
         -0.08977122, -0.03024795],
        [ 0.23696174,  0.17674381,  0.        , ...,  0.61709744,
          0.08767224,  0.14689118],
        ...,
        [-0.41305983, -0.46830505, -0.61709744, ...,  0.        ,
         -0.54573311, -0.49481685],
        [ 0.15087404,  0.08977122, -0.08767224, ...,  0.54573311,
          0.        ,  0.05960433],
        [ 0.09168376,  0.03024795, -0.14689118, ...,  0.49481685,
         -0.05960433,  0.        ]],

       [[ 0.        ,  0.00584897,  0.90624825, ...,  0.97914066,
          0.6194082 , -0.03023223],
        [-0.00584897,  0.        ,  0.90376012, ...,  0.98031232,
          0.61480576, -0.03607801],
        [-0.90624825, -0.90376012,  0.        , ...,  0.59806249,
         -0.44961521, -0.91861456],
        ...,
        [-0.97914066, -0.98031232, -0.59806249, ...,  0.        ,
         -0.89454665, -0.9725504 ],
        [-0.6194082 , -0.61480576,  0.44961521, ...,  0.89454665,
          0.        , -0.64285946],
        [ 0.03023223,  0.03607801,  0.91861456, ...,  0.9725504 ,
          0.64285946,  0.        ]],

       [[ 0.        , -0.07051653, -0.16721645, ...,  0.60354431,
          0.30273339,  0.13403894],
        [ 0.07051653,  0.        , -0.09727651, ...,  0.65826676,
          0.36918733,  0.20358546],
        [ 0.16721645,  0.09727651,  0.        , ...,  0.72837314,
          0.45784084,  0.2978592 ],
        ...,
        [-0.60354431, -0.65826676, -0.72837314, ...,  0.        ,
         -0.33384491, -0.49122477],
        [-0.30273339, -0.36918733, -0.45784084, ...,  0.33384491,
          0.        , -0.17225235],
        [-0.13403894, -0.20358546, -0.2978592 , ...,  0.49122477,
          0.17225235,  0.        ]],

       ...,

       [[ 0.        ,  0.17518671,  0.22023034, ...,  0.7703795 ,
          0.50882179,  0.28976537],
        [-0.17518671,  0.        ,  0.04593902, ...,  0.64676924,
          0.35013967,  0.11761341],
        [-0.22023034, -0.04593902,  0.        , ...,  0.61104937,
          0.30673904,  0.07186906],
        ...,
        [-0.7703795 , -0.64676924, -0.61104937, ...,  0.        ,
         -0.33878059, -0.55257823],
        [-0.50882179, -0.35013967, -0.30673904, ...,  0.33878059,
          0.        , -0.23754132],
        [-0.28976537, -0.11761341, -0.07186906, ...,  0.55257823,
          0.23754132,  0.        ]],

       [[ 0.        , -0.4784787 , -0.64180267, ..., -0.84768057,
         -0.87542119, -0.91244876],
        [ 0.4784787 ,  0.        , -0.19663552, ..., -0.49051132,
         -0.53742873, -0.60543132],
        [ 0.64180267,  0.19663552,  0.        , ..., -0.30957986,
         -0.36111179, -0.43710955],
        ...,
        [ 0.84768057,  0.49051132,  0.30957986, ...,  0.        ,
         -0.05468141, -0.13719718],
        [ 0.87542119,  0.53742873,  0.36111179, ...,  0.05468141,
          0.        , -0.08282758],
        [ 0.91244876,  0.60543132,  0.43710955, ...,  0.13719718,
          0.08282758,  0.        ]],

       [[ 0.        ,  0.03365175,  0.02126682, ..., -0.69261008,
         -0.3001135 ,  0.39430697],
        [-0.03365175,  0.        , -0.01238937, ..., -0.71649122,
         -0.33204405,  0.36315839],
        [-0.02126682,  0.01238937,  0.        , ..., -0.70779345,
         -0.32033212,  0.37467403],
        ...,
        [ 0.69261008,  0.71649122,  0.70779345, ...,  0.        ,
          0.44420765,  0.9209124 ],
        [ 0.3001135 ,  0.33204405,  0.32033212, ..., -0.44420765,
          0.        ,  0.65192874],
        [-0.39430697, -0.36315839, -0.37467403, ..., -0.9209124 ,
         -0.65192874,  0.        ]]]), 'num': array([ 7.07105202e-01,  7.07105202e-01,  0.00000000e+00,  2.05099575e-04,
        2.18121770e-04,  2.01192917e-04,  2.02673540e-03, -9.76664644e-06,
        2.16559107e-04,  2.15321998e-04,  2.03536912e-04,  6.31379164e-07,
        2.37217494e-04,  1.93426502e-04])}
{'img': array([[[ 0.        , -0.17674381, -0.26107641, ..., -0.08977122,
         -0.03024795, -0.44796929],
        [ 0.17674381,  0.        , -0.08635225, ...,  0.08767224,
          0.14689118, -0.28289925],
        [ 0.26107641,  0.08635225,  0.        , ...,  0.1733645 ,
          0.23175806, -0.19901779],
        ...,
        [ 0.08977122, -0.08767224, -0.1733645 , ...,  0.        ,
          0.05960433, -0.36590071],
        [ 0.03024795, -0.14689118, -0.23175806, ..., -0.05960433,
          0.        , -0.42072117],
        [ 0.44796929,  0.28289925,  0.19901779, ...,  0.36590071,
          0.42072117,  0.        ]],

       [[ 0.        ,  0.90376012, -0.02514869, ...,  0.61480576,
         -0.03607801,  0.71086932],
        [-0.90376012,  0.        , -0.91423891, ..., -0.44961521,
         -0.91861456, -0.33135628],
        [ 0.02514869,  0.91423891,  0.        , ...,  0.63444554,
         -0.01093428,  0.72833217],
        ...,
        [-0.61480576,  0.44961521, -0.63444554, ...,  0.        ,
         -0.64285946,  0.12823968],
        [ 0.03607801,  0.91861456,  0.01093428, ...,  0.64285946,
          0.        ,  0.73578106],
        [-0.71086932,  0.33135628, -0.72833217, ..., -0.12823968,
         -0.73578106,  0.        ]],

       [[ 0.        , -0.09727651, -0.17583794, ...,  0.36918733,
          0.20358546, -0.02290553],
        [ 0.09727651,  0.        , -0.07924314, ...,  0.45784084,
          0.2978592 ,  0.07445409],
        [ 0.17583794,  0.07924314,  0.        , ...,  0.52685094,
          0.37256881,  0.15324316],
        ...,
        [-0.36918733, -0.45784084, -0.52685094, ...,  0.        ,
         -0.17225235, -0.39037784],
        [-0.20358546, -0.2978592 , -0.37256881, ...,  0.17225235,
          0.        , -0.22595787],
        [ 0.02290553, -0.07445409, -0.15324316, ...,  0.39037784,
          0.22595787,  0.        ]],

       ...,

       [[ 0.        ,  0.04593902, -0.04921843, ...,  0.35013967,
          0.11761341, -0.02257138],
        [-0.04593902,  0.        , -0.09504981, ...,  0.30673904,
          0.07186906, -0.06847487],
        [ 0.04921843,  0.09504981,  0.        , ...,  0.39581809,
          0.16634769,  0.02666186],
        ...,
        [-0.35013967, -0.30673904, -0.39581809, ...,  0.        ,
         -0.23754132, -0.37119302],
        [-0.11761341, -0.07186906, -0.16634769, ...,  0.23754132,
          0.        , -0.13999817],
        [ 0.02257138,  0.06847487, -0.02666186, ...,  0.37119302,
          0.13999817,  0.        ]],

       [[ 0.        , -0.47208851, -0.68546419, ..., -0.81487221,
         -0.86564596, -0.89435393],
        [ 0.47208851,  0.        , -0.26054111, ..., -0.44470986,
         -0.52675696, -0.57722518],
        [ 0.68546419,  0.26054111,  0.        , ..., -0.19599072,
         -0.28710012, -0.34453544],
        ...,
        [ 0.81487221,  0.44470986,  0.19599072, ...,  0.        ,
         -0.0937924 , -0.15386258],
        [ 0.86564596,  0.52675696,  0.28710012, ...,  0.0937924 ,
          0.        , -0.06050877],
        [ 0.89435393,  0.57722518,  0.34453544, ...,  0.15386258,
          0.06050877,  0.        ]],

       [[ 0.        , -0.01076094,  0.02959044, ..., -0.29837868,
          0.29695245,  0.87117541],
        [ 0.01076094,  0.        ,  0.04034495, ..., -0.28809065,
          0.30721079,  0.87640828],
        [-0.02959044, -0.04034495,  0.        , ..., -0.32649054,
          0.26856673,  0.85626585],
        ...,
        [ 0.29837868,  0.28809065,  0.32649054, ...,  0.        ,
          0.56834504,  0.9779868 ],
        [-0.29695245, -0.30721079, -0.26856673, ..., -0.56834504,
          0.        ,  0.68608335],
        [-0.87117541, -0.87640828, -0.85626585, ..., -0.9779868 ,
         -0.68608335,  0.        ]]]), 'num': array([ 8.62767860e-01,  5.05596988e-01,  2.31929138e-05,  2.47006136e-04,
        2.58233687e-04,  2.42996296e-04,  1.66555917e-03, -5.61377581e-06,
        2.60799985e-04,  2.65852383e-04,  2.50387767e-04,  6.24690843e-07,
        2.90332776e-04,  2.41371991e-04])}
{'img': array([[[ 0.        , -0.08635225,  0.11720218, ...,  0.14689118,
         -0.28289925, -0.47237522],
        [ 0.08635225,  0.        ,  0.20252152, ...,  0.23175806,
         -0.19901779, -0.39450008],
        [-0.11720218, -0.20252152,  0.        , ...,  0.02994797,
         -0.39336396, -0.57242136],
        ...,
        [-0.14689118, -0.23175806, -0.02994797, ...,  0.        ,
         -0.42072117, -0.59672073],
        [ 0.28289925,  0.19901779,  0.39336396, ...,  0.42072117,
          0.        , -0.20373181],
        [ 0.47237522,  0.39450008,  0.57242136, ...,  0.59672073,
          0.20373181,  0.        ]],

       [[ 0.        , -0.91423891, -0.67252248, ..., -0.91861456,
         -0.33135628, -0.71790084],
        [ 0.91423891,  0.        ,  0.40411725, ..., -0.01093428,
          0.72833217,  0.34556733],
        [ 0.67252248, -0.40411725,  0.        , ..., -0.41409475,
          0.38929974, -0.06312826],
        ...,
        [ 0.91861456,  0.01093428,  0.41409475, ...,  0.        ,
          0.73578106,  0.35580733],
        [ 0.33135628, -0.72833217, -0.38929974, ..., -0.73578106,
          0.        , -0.4466714 ],
        [ 0.71790084, -0.34556733,  0.06312826, ..., -0.35580733,
          0.4466714 ,  0.        ]],

       [[ 0.        , -0.07924314, -0.09337145, ...,  0.2978592 ,
          0.07445409, -0.19000633],
        [ 0.07924314,  0.        , -0.01418087, ...,  0.37256881,
          0.15324316, -0.11160926],
        [ 0.09337145,  0.01418087,  0.        , ...,  0.38569126,
          0.16724112, -0.09750576],
        ...,
        [-0.2978592 , -0.37256881, -0.38569126, ...,  0.        ,
         -0.22595787, -0.47381496],
        [-0.07445409, -0.15324316, -0.16724112, ...,  0.22595787,
          0.        , -0.26257671],
        [ 0.19000633,  0.11160926,  0.09750576, ...,  0.47381496,
          0.26257671,  0.        ]],

       ...,

       [[ 0.        , -0.09504981, -0.20061521, ...,  0.07186906,
         -0.06847487, -0.3789335 ],
        [ 0.09504981,  0.        , -0.10658947, ...,  0.16634769,
          0.02666186, -0.28925652],
        [ 0.20061521,  0.10658947,  0.        , ...,  0.27050441,
          0.13306155, -0.18557571],
        ...,
        [-0.07186906, -0.16634769, -0.27050441, ...,  0.        ,
         -0.13999817, -0.44446295],
        [ 0.06847487, -0.02666186, -0.13306155, ...,  0.13999817,
          0.        , -0.3146758 ],
        [ 0.3789335 ,  0.28925652,  0.18557571, ...,  0.44446295,
          0.3146758 ,  0.        ]],

       [[ 0.        , -0.54736284, -0.7428163 , ..., -0.80363158,
         -0.84264122, -0.88325566],
        [ 0.54736284,  0.        , -0.25520271, ..., -0.34680512,
         -0.41046115, -0.48253871],
        [ 0.7428163 ,  0.25520271,  0.        , ..., -0.09595744,
         -0.16415602, -0.2430351 ],
        ...,
        [ 0.80363158,  0.34680512,  0.09595744, ...,  0.        ,
         -0.0687428 , -0.14883321],
        [ 0.84264122,  0.41046115,  0.16415602, ...,  0.0687428 ,
          0.        , -0.08050397],
        [ 0.88325566,  0.48253871,  0.2430351 , ...,  0.14883321,
          0.08050397,  0.        ]],

       [[ 0.        ,  0.03242904,  0.13505274, ...,  0.23589628,
          0.52579361,  0.95305469],
        [-0.03242904,  0.        ,  0.10284976, ...,  0.20425837,
          0.49793252,  0.94273397],
        [-0.13505274, -0.10284976,  0.        , ...,  0.10249379,
          0.406099  ,  0.90342947],
        ...,
        [-0.23589628, -0.20425837, -0.10249379, ...,  0.        ,
          0.31029853,  0.85472884],
        [-0.52579361, -0.49793252, -0.406099  , ..., -0.31029853,
          0.        ,  0.65147058],
        [-0.95305469, -0.94273397, -0.90342947, ..., -0.85472884,
         -0.65147058,  0.        ]]]), 'num': array([ 8.60972627e-01,  5.08646982e-01,  2.33328242e-05,  2.43655356e-04,
        2.50916608e-04,  2.37200909e-04,  1.96468511e-03, -4.84083489e-06,
        2.55434721e-04,  2.67052725e-04,  2.51588947e-04,  5.59824443e-07,
        2.92930950e-04,  2.41174499e-04])}
{'img': array([[[ 0.        ,  0.20252152, -0.14250679, ..., -0.19901779,
         -0.39450008, -0.55885111],
        [-0.20252152,  0.        , -0.34000828, ..., -0.39336396,
         -0.57242136, -0.71521511],
        [ 0.14250679,  0.34000828,  0.        , ..., -0.05733052,
         -0.25952484, -0.43497106],
        ...,
        [ 0.19901779,  0.39336396,  0.05733052, ...,  0.        ,
         -0.20373181, -0.38263269],
        [ 0.39450008,  0.57242136,  0.25952484, ...,  0.20373181,
          0.        , -0.1863797 ],
        [ 0.55885111,  0.71521511,  0.43497106, ...,  0.38263269,
          0.1863797 ,  0.        ]],

       [[ 0.        ,  0.40411725,  0.38988627, ...,  0.72833217,
          0.34556733,  0.49441833],
        [-0.40411725,  0.        , -0.01550485, ...,  0.38929974,
         -0.06312826,  0.10097956],
        [-0.38988627,  0.01550485,  0.        , ...,  0.40353464,
         -0.04764674,  0.11639302],
        ...,
        [-0.72833217, -0.38929974, -0.40353464, ...,  0.        ,
         -0.4466714 , -0.29429644],
        [-0.34556733,  0.06312826,  0.04764674, ...,  0.4466714 ,
          0.        ,  0.16358373],
        [-0.49441833, -0.10097956, -0.11639302, ...,  0.29429644,
         -0.16358373,  0.        ]],

       [[ 0.        , -0.01418087, -0.1252738 , ...,  0.15324316,
         -0.11160926, -0.3922773 ],
        [ 0.01418087,  0.        , -0.11119204, ...,  0.16724112,
         -0.09750576, -0.37919362],
        [ 0.1252738 ,  0.11119204,  0.        , ...,  0.27583007,
          0.01376108, -0.27395429],
        ...,
        [-0.15324316, -0.16724112, -0.27583007, ...,  0.        ,
         -0.26257671, -0.52860418],
        [ 0.11160926,  0.09750576, -0.01376108, ...,  0.26257671,
          0.        , -0.28716298],
        [ 0.3922773 ,  0.37919362,  0.27395429, ...,  0.52860418,
          0.28716298,  0.        ]],

       ...,

       [[ 0.        , -0.10658947, -0.26598184, ...,  0.02666186,
         -0.28925652, -0.43182872],
        [ 0.10658947,  0.        , -0.16171666, ...,  0.13306155,
         -0.18557571, -0.33322967],
        [ 0.26598184,  0.16171666,  0.        , ...,  0.29158873,
         -0.02422538, -0.17636959],
        ...,
        [-0.02666186, -0.13306155, -0.29158873, ...,  0.        ,
         -0.3146758 , -0.45572302],
        [ 0.28925652,  0.18557571,  0.02422538, ...,  0.3146758 ,
          0.        , -0.1524722 ],
        [ 0.43182872,  0.33322967,  0.17636959, ...,  0.45572302,
          0.1524722 ,  0.        ]],

       [[ 0.        , -0.57559372, -0.80730233, ..., -0.73774251,
         -0.80050961, -0.77345395],
        [ 0.57559372,  0.        , -0.32048026, ..., -0.2147054 ,
         -0.3096406 , -0.26763949],
        [ 0.80730233,  0.32048026,  0.        , ...,  0.10962549,
          0.01142117,  0.05526597],
        ...,
        [ 0.73774251,  0.2147054 , -0.10962549, ...,  0.        ,
         -0.09826601, -0.05452507],
        [ 0.80050961,  0.3096406 , -0.01142117, ...,  0.09826601,
          0.        ,  0.04385865],
        [ 0.77345395,  0.26763949, -0.05526597, ...,  0.05452507,
         -0.04385865,  0.        ]],

       [[ 0.        ,  0.10284976,  0.21535006, ...,  0.49793252,
          0.94273397,  0.66073427],
        [-0.10284976,  0.        ,  0.11377145, ...,  0.406099  ,
          0.90342947,  0.58002925],
        [-0.21535006, -0.11377145,  0.        , ...,  0.29949452,
          0.84878546,  0.48358537],
        ...,
        [-0.49793252, -0.406099  , -0.29949452, ...,  0.        ,
          0.65147058,  0.19924113],
        [-0.94273397, -0.90342947, -0.84878546, ..., -0.65147058,
          0.        , -0.48724987],
        [-0.66073427, -0.58002925, -0.48358537, ..., -0.19924113,
          0.48724987,  0.        ]]]), 'num': array([9.77806036e-01, 2.09508796e-01, 4.86264076e-05, 2.79482445e-04,
       2.80366883e-04, 2.69753625e-04, 8.80352012e-04, 1.23821336e-05,
       2.77890456e-04, 2.93014348e-04, 2.75708842e-04, 6.13691754e-07,
       3.20775563e-04, 2.65253133e-04])}
{'img': array([[[ 0.        , -0.34000828, -0.36680406, ..., -0.57242136,
         -0.71521511, -0.36680406],
        [ 0.34000828,  0.        , -0.02864167, ..., -0.25952484,
         -0.43497106, -0.02864167],
        [ 0.36680406,  0.02864167,  0.        , ..., -0.23175806,
         -0.40900237,  0.        ],
        ...,
        [ 0.57242136,  0.25952484,  0.23175806, ...,  0.        ,
         -0.1863797 ,  0.23175806],
        [ 0.71521511,  0.43497106,  0.40900237, ...,  0.1863797 ,
          0.        ,  0.40900237],
        [ 0.36680406,  0.02864167,  0.        , ..., -0.23175806,
         -0.40900237,  0.        ]],

       [[ 0.        , -0.01550485,  0.4314072 , ..., -0.06312826,
          0.10097956, -0.63458863],
        [ 0.01550485,  0.        ,  0.44534316, ..., -0.04764674,
          0.11639302, -0.62252942],
        [-0.4314072 , -0.44534316,  0.        , ..., -0.48749835,
         -0.33810262, -0.90591187],
        ...,
        [ 0.06312826,  0.04764674,  0.48749835, ...,  0.        ,
          0.16358373, -0.58453421],
        [-0.10097956, -0.11639302,  0.33810262, ..., -0.16358373,
          0.        , -0.70938699],
        [ 0.63458863,  0.62252942,  0.90591187, ...,  0.58453421,
          0.70938699,  0.        ]],

       [[ 0.        , -0.11119204, -0.21198636, ..., -0.09750576,
         -0.37919362, -0.45317442],
        [ 0.11119204,  0.        , -0.10200688, ...,  0.01376108,
         -0.27395429, -0.35124524],
        [ 0.21198636,  0.10200688,  0.        , ...,  0.11568652,
         -0.17442089, -0.25390568],
        ...,
        [ 0.09750576, -0.01376108, -0.11568652, ...,  0.        ,
         -0.28716298, -0.36409626],
        [ 0.37919362,  0.27395429,  0.17442089, ...,  0.28716298,
          0.        , -0.08130867],
        [ 0.45317442,  0.35124524,  0.25390568, ...,  0.36409626,
          0.08130867,  0.        ]],

       ...,

       [[ 0.        , -0.16171666,  0.6302616 , ..., -0.18557571,
         -0.33322967, -0.33322967],
        [ 0.16171666,  0.        ,  0.74751966, ..., -0.02422538,
         -0.17636959, -0.17636959],
        [-0.6302616 , -0.74751966,  0.        , ..., -0.76339174,
         -0.85295323, -0.85295323],
        ...,
        [ 0.18557571,  0.02422538,  0.76339174, ...,  0.        ,
         -0.1524722 , -0.1524722 ],
        [ 0.33322967,  0.17636959,  0.85295323, ...,  0.1524722 ,
          0.        ,  0.        ],
        [ 0.33322967,  0.17636959,  0.85295323, ...,  0.1524722 ,
          0.        ,  0.        ]],

       [[ 0.        , -0.41797265, -0.59833158, ..., -0.40570174,
         -0.35734425, -0.37557194],
        [ 0.41797265,  0.        , -0.20866007, ...,  0.01346567,
          0.06574224,  0.0461823 ],
        [ 0.59833158,  0.20866007,  0.        , ...,  0.22181042,
          0.2725038 ,  0.25360318],
        ...,
        [ 0.40570174, -0.01346567, -0.22181042, ...,  0.        ,
          0.05229975,  0.03272681],
        [ 0.35734425, -0.06574224, -0.2725038 , ..., -0.05229975,
          0.        , -0.01958971],
        [ 0.37557194, -0.0461823 , -0.25360318, ..., -0.03272681,
          0.01958971,  0.        ]],

       [[ 0.        ,  0.11377145,  0.15655663, ...,  0.90342947,
          0.58002925,  0.69114992],
        [-0.11377145,  0.        ,  0.04317157, ...,  0.84878546,
          0.48358537,  0.60443833],
        [-0.15655663, -0.04317157,  0.        , ...,  0.82516769,
          0.44534655,  0.56948208],
        ...,
        [-0.90342947, -0.84878546, -0.82516769, ...,  0.        ,
         -0.48724987, -0.35659743],
        [-0.58002925, -0.48358537, -0.44534655, ...,  0.48724987,
          0.        ,  0.14381396],
        [-0.69114992, -0.60443833, -0.56948208, ...,  0.35659743,
         -0.14381396,  0.        ]]]), 'num': array([ 9.99989393e-01,  4.46629190e-03,  6.34091147e-05,  2.85823457e-04,
        2.90374786e-04,  2.80361862e-04,  7.63512736e-04, -1.82053157e-06,
        2.83092660e-04,  3.01889648e-04,  2.83532621e-04,  6.72805147e-07,
        3.29596889e-04,  2.74182408e-04])}
{'img': array([[[ 0.        , -0.02864167, -0.31776672, ..., -0.43497106,
         -0.02864167, -0.08606695],
        [ 0.02864167,  0.        , -0.29047921, ..., -0.40900237,
          0.        , -0.05749625],
        [ 0.31776672,  0.29047921,  0.        , ..., -0.12629477,
          0.29047921,  0.23498159],
        ...,
        [ 0.43497106,  0.40900237,  0.12629477, ...,  0.        ,
          0.40900237,  0.35585852],
        [ 0.02864167,  0.        , -0.29047921, ..., -0.40900237,
          0.        , -0.05749625],
        [ 0.08606695,  0.05749625, -0.23498159, ..., -0.35585852,
          0.05749625,  0.        ]],

       [[ 0.        ,  0.44534316,  0.59790835, ...,  0.11639302,
         -0.62252942, -0.72836416],
        [-0.44534316,  0.        ,  0.17837194, ..., -0.33810262,
         -0.90591187, -0.95729289],
        [-0.59790835, -0.17837194,  0.        , ..., -0.50054799,
         -0.96691839, -0.99351179],
        ...,
        [-0.11639302,  0.33810262,  0.50054799, ...,  0.        ,
         -0.70938699, -0.803165  ],
        [ 0.62252942,  0.90591187,  0.96691839, ...,  0.70938699,
          0.        , -0.14346409],
        [ 0.72836416,  0.95729289,  0.99351179, ...,  0.803165  ,
          0.14346409,  0.        ]],

       [[ 0.        , -0.10200688, -0.22826106, ..., -0.27395429,
         -0.35124524, -0.45218867],
        [ 0.10200688,  0.        , -0.12775648, ..., -0.17442089,
         -0.25390568, -0.35884771],
        [ 0.22826106,  0.12775648,  0.        , ..., -0.04719349,
         -0.1282553 , -0.23665975],
        ...,
        [ 0.27395429,  0.17442089,  0.04719349, ...,  0.        ,
         -0.08130867, -0.19054322],
        [ 0.35124524,  0.25390568,  0.1282553 , ...,  0.08130867,
          0.        , -0.11009333],
        [ 0.45218867,  0.35884771,  0.23665975, ...,  0.19054322,
          0.11009333,  0.        ]],

       ...,

       [[ 0.        ,  0.74751966,  0.41595816, ..., -0.17636959,
         -0.17636959, -0.0944503 ],
        [-0.74751966,  0.        , -0.40348632, ..., -0.85295323,
         -0.85295323, -0.80691557],
        [-0.41595816,  0.40348632,  0.        , ..., -0.56982524,
         -0.56982524, -0.49999022],
        ...,
        [ 0.17636959,  0.85295323,  0.56982524, ...,  0.        ,
          0.        ,  0.08261144],
        [ 0.17636959,  0.85295323,  0.56982524, ...,  0.        ,
          0.        ,  0.08261144],
        [ 0.0944503 ,  0.80691557,  0.49999022, ..., -0.08261144,
         -0.08261144,  0.        ]],

       [[ 0.        , -0.20866007, -0.2310772 , ...,  0.06574224,
          0.0461823 ,  0.01654083],
        [ 0.20866007,  0.        , -0.02297802, ...,  0.2725038 ,
          0.25360318,  0.22480825],
        [ 0.2310772 ,  0.02297802,  0.        , ...,  0.29454026,
          0.27576304,  0.24713875],
        ...,
        [-0.06574224, -0.2725038 , -0.29454026, ...,  0.        ,
         -0.01958971, -0.04922821],
        [-0.0461823 , -0.25360318, -0.27576304, ...,  0.01958971,
          0.        , -0.0296528 ],
        [-0.01654083, -0.22480825, -0.24713875, ...,  0.04922821,
          0.0296528 ,  0.        ]],

       [[ 0.        ,  0.04249058, -0.11431264, ...,  0.47107228,
          0.58470617,  0.85560624],
        [-0.04249058,  0.        , -0.15642145, ...,  0.43316613,
          0.54970783,  0.83283924],
        [ 0.11431264,  0.15642145,  0.        , ...,  0.56881888,
          0.67360889,  0.90916893],
        ...,
        [-0.47107228, -0.43316613, -0.56881888, ...,  0.        ,
          0.13361106,  0.51088582],
        [-0.58470617, -0.54970783, -0.67360889, ..., -0.13361106,
          0.        ,  0.39144657],
        [-0.85560624, -0.83283924, -0.90916893, ..., -0.51088582,
         -0.39144657,  0.        ]]]), 'num': array([9.99989371e-01, 4.41035981e-03, 6.26150321e-05, 2.85839509e-04,
       2.86738376e-04, 2.80446311e-04, 1.06607351e-03, 3.59546553e-06,
       2.80086764e-04, 2.97794432e-04, 2.79996878e-04, 6.39193871e-07,
       3.25564021e-04, 2.70024843e-04])}
{'img': array([[[ 0.        , -0.29047921, -0.14428505, ...,  0.        ,
         -0.05749625,  0.05721301],
        [ 0.29047921,  0.        ,  0.14937602, ...,  0.29047921,
          0.23498159,  0.34474946],
        [ 0.14428505, -0.14937602,  0.        , ...,  0.14428505,
          0.08715174,  0.20066305],
        ...,
        [ 0.        , -0.29047921, -0.14428505, ...,  0.        ,
         -0.05749625,  0.05721301],
        [ 0.05749625, -0.23498159, -0.08715174, ...,  0.05749625,
          0.        ,  0.11452044],
        [-0.05721301, -0.34474946, -0.20066305, ..., -0.05721301,
         -0.11452044,  0.        ]],

       [[ 0.        ,  0.17837194, -0.52142221, ..., -0.90591187,
         -0.95729289, -0.83788702],
        [-0.17837194,  0.        , -0.66526479, ..., -0.96691839,
         -0.99351179, -0.92181314],
        [ 0.52142221,  0.66526479,  0.        , ..., -0.55220882,
         -0.66610336, -0.43035299],
        ...,
        [ 0.90591187,  0.96691839,  0.55220882, ...,  0.        ,
         -0.14346409,  0.13966939],
        [ 0.95729289,  0.99351179,  0.66610336, ...,  0.14346409,
          0.        ,  0.28028247],
        [ 0.83788702,  0.92181314,  0.43035299, ..., -0.13966939,
         -0.28028247,  0.        ]],

       [[ 0.        , -0.12775648, -0.20098809, ..., -0.25390568,
         -0.35884771, -0.33926441],
        [ 0.12775648,  0.        , -0.07419166, ..., -0.1282553 ,
         -0.23665975, -0.21630495],
        [ 0.20098809,  0.07419166,  0.        , ..., -0.0543229 ,
         -0.16392345, -0.14327358],
        ...,
        [ 0.25390568,  0.1282553 ,  0.0543229 , ...,  0.        ,
         -0.11009333, -0.08929957],
        [ 0.35884771,  0.23665975,  0.16392345, ...,  0.11009333,
          0.        ,  0.02089675],
        [ 0.33926441,  0.21630495,  0.14327358, ...,  0.08929957,
         -0.02089675,  0.        ]],

       ...,

       [[ 0.        , -0.40348632, -0.26227682, ..., -0.85295323,
         -0.80691557, -0.83587512],
        [ 0.40348632,  0.        ,  0.14938181, ..., -0.56982524,
         -0.49999022, -0.5433322 ],
        [ 0.26227682, -0.14938181,  0.        , ..., -0.68618844,
         -0.62374941, -0.66264448],
        ...,
        [ 0.85295323,  0.56982524,  0.68618844, ...,  0.        ,
          0.08261144,  0.03188655],
        [ 0.80691557,  0.49999022,  0.62374941, ..., -0.08261144,
          0.        , -0.05079188],
        [ 0.83587512,  0.5433322 ,  0.66264448, ..., -0.03188655,
          0.05079188,  0.        ]],

       [[ 0.        , -0.02297802, -0.02711778, ...,  0.25360318,
          0.22480825,  0.22982027],
        [ 0.02297802,  0.        , -0.00414106, ...,  0.27576304,
          0.24713875,  0.25212256],
        [ 0.02711778,  0.00414106,  0.        , ...,  0.27974117,
          0.25114923,  0.25612768],
        ...,
        [-0.25360318, -0.27576304, -0.27974117, ...,  0.        ,
         -0.0296528 , -0.02450794],
        [-0.22480825, -0.24713875, -0.25114923, ...,  0.0296528 ,
          0.        ,  0.00514673],
        [-0.22982027, -0.25212256, -0.25612768, ...,  0.02450794,
         -0.00514673,  0.        ]],

       [[ 0.        , -0.15642145, -0.22796498, ...,  0.54970783,
          0.83283924,  0.61977122],
        [ 0.15642145,  0.        , -0.07285606, ...,  0.67360889,
          0.90916893,  0.73489891],
        [ 0.22796498,  0.07285606,  0.        , ...,  0.72566579,
          0.93709205,  0.78235517],
        ...,
        [-0.54970783, -0.67360889, -0.72566579, ...,  0.        ,
          0.39144657,  0.08632912],
        [-0.83283924, -0.90916893, -0.93709205, ..., -0.39144657,
          0.        , -0.31054504],
        [-0.61977122, -0.73489891, -0.78235517, ..., -0.08632912,
          0.31054504,  0.        ]]]), 'num': array([ 9.99989546e-01,  4.43815037e-03,  6.30095820e-05,  2.85831581e-04,
        2.91258763e-04,  2.82213459e-04,  7.28309722e-04, -1.80906064e-06,
        2.83298896e-04,  2.99580442e-04,  2.81761194e-04,  4.85357732e-07,
        3.27691404e-04,  2.71469479e-04])}
{'img': array([[[ 0.        ,  0.14937602,  0.17823188, ...,  0.23498159,
          0.34474946,  0.29047921],
        [-0.14937602,  0.        ,  0.02924792, ...,  0.08715174,
          0.20066305,  0.14428505],
        [-0.17823188, -0.02924792,  0.        , ...,  0.05797782,
          0.17192418,  0.11528145],
        ...,
        [-0.23498159, -0.08715174, -0.05797782, ...,  0.        ,
          0.11452044,  0.05749625],
        [-0.34474946, -0.20066305, -0.17192418, ..., -0.11452044,
          0.        , -0.05721301],
        [-0.29047921, -0.14428505, -0.11528145, ..., -0.05749625,
          0.05721301,  0.        ]],

       [[ 0.        , -0.66526479, -0.75383719, ..., -0.99351179,
         -0.92181314, -0.99705537],
        [ 0.66526479,  0.        , -0.12570078, ..., -0.66610336,
         -0.43035299, -0.69339314],
        [ 0.75383719,  0.12570078,  0.        , ..., -0.56706485,
         -0.31347436, -0.59731839],
        ...,
        [ 0.99351179,  0.66610336,  0.56706485, ...,  0.        ,
          0.28028247, -0.03720673],
        [ 0.92181314,  0.43035299,  0.31347436, ..., -0.28028247,
          0.        , -0.3158038 ],
        [ 0.99705537,  0.69339314,  0.59731839, ...,  0.03720673,
          0.3158038 ,  0.        ]],

       [[ 0.        , -0.07419166, -0.18918631, ..., -0.23665975,
         -0.21630495, -0.16209134],
        [ 0.07419166,  0.        , -0.11581306, ..., -0.16392345,
         -0.14327358, -0.08843408],
        [ 0.18918631,  0.11581306,  0.        , ..., -0.04857395,
         -0.02769126,  0.0275203 ],
        ...,
        [ 0.23665975,  0.16392345,  0.04857395, ...,  0.        ,
          0.02089675,  0.07604336],
        [ 0.21630495,  0.14327358,  0.02769126, ..., -0.02089675,
          0.        ,  0.05519052],
        [ 0.16209134,  0.08843408, -0.0275203 , ..., -0.07604336,
         -0.05519052,  0.        ]],

       ...,

       [[ 0.        ,  0.14938181, -0.34492926, ..., -0.49999022,
         -0.5433322 , -0.80417158],
        [-0.14938181,  0.        , -0.48127306, ..., -0.62374941,
         -0.66264448, -0.88394058],
        [ 0.34492926,  0.48127306,  0.        , ..., -0.17058571,
         -0.22041294, -0.54979352],
        ...,
        [ 0.49999022,  0.62374941,  0.17058571, ...,  0.        ,
         -0.05079188, -0.39924476],
        [ 0.5433322 ,  0.66264448,  0.22041294, ...,  0.05079188,
          0.        , -0.35216119],
        [ 0.80417158,  0.88394058,  0.54979352, ...,  0.39924476,
          0.35216119,  0.        ]],

       [[ 0.        , -0.00414106, -0.03130431, ...,  0.24713875,
          0.25212256,  0.25610618],
        [ 0.00414106,  0.        , -0.02716501, ...,  0.25114923,
          0.25612768,  0.26010694],
        [ 0.03130431,  0.02716501,  0.        , ...,  0.27735088,
          0.28229203,  0.28624093],
        ...,
        [-0.24713875, -0.25114923, -0.27735088, ...,  0.        ,
          0.00514673,  0.00926546],
        [-0.25212256, -0.25612768, -0.28229203, ..., -0.00514673,
          0.        ,  0.00411882],
        [-0.25610618, -0.26010694, -0.28624093, ..., -0.00926546,
         -0.00411882,  0.        ]],

       [[ 0.        , -0.07285606, -0.14477111, ...,  0.90916893,
          0.73489891,  0.6986452 ],
        [ 0.07285606,  0.        , -0.07229785, ...,  0.93709205,
          0.78235517,  0.74891472],
        [ 0.14477111,  0.07229785,  0.        , ...,  0.95987766,
          0.82533727,  0.79486423],
        ...,
        [-0.90916893, -0.93709205, -0.95987766, ...,  0.        ,
         -0.31054504, -0.35954648],
        [-0.73489891, -0.78235517, -0.82533727, ...,  0.31054504,
          0.        , -0.05199201],
        [-0.6986452 , -0.74891472, -0.79486423, ...,  0.35954648,
          0.05199201,  0.        ]]]), 'num': array([ 9.99992691e-01,  3.63791457e-03,  6.40742622e-05,  2.85816058e-04,
        2.91330194e-04,  2.80301921e-04,  8.30226721e-04, -4.59511347e-06,
        2.89492148e-04,  3.03553196e-04,  2.86352154e-04,  4.70197657e-07,
        3.33236917e-04,  2.73869474e-04])}
{'img': array([[[ 0.        ,  0.02924792,  0.        , ...,  0.20066305,
          0.14428505,  0.        ],
        [-0.02924792,  0.        , -0.02924792, ...,  0.17192418,
          0.11528145, -0.02924792],
        [ 0.        ,  0.02924792,  0.        , ...,  0.20066305,
          0.14428505,  0.        ],
        ...,
        [-0.20066305, -0.17192418, -0.20066305, ...,  0.        ,
         -0.05721301, -0.20066305],
        [-0.14428505, -0.11528145, -0.14428505, ...,  0.05721301,
          0.        , -0.14428505],
        [ 0.        ,  0.02924792,  0.        , ...,  0.20066305,
          0.14428505,  0.        ]],

       [[ 0.        , -0.12570078, -0.07521276, ..., -0.43035299,
         -0.69339314, -0.61695207],
