state_0,state_1,state_2,state_3,state_4,state_5,state_6,state_7,state_8,state_9,state_10,state_11,state_12,state_13,state_14,state_15,state_16,state_17,state_18,state_19,state_20,state_21,state_22,state_23,state_24,state_25,state_26,state_27,state_28,state_29,state_30,state_31,state_32,state_33,state_34,state_35,state_36,state_37,state_38,state_39,state_40,state_41,state_42,state_43,state_44,state_45,state_46,state_47,state_48,state_49,state_50,state_51,state_52,state_53,state_54,state_55,state_56,state_57,state_58,state_59,state_60,state_61,state_62,state_63,state_64,state_65,state_66,state_67,state_68,state_69,state_70,state_71,state_72,state_73,state_74,state_75,state_76,state_77,state_78,state_79,state_80,state_81,state_82,state_83,state_84,state_85,state_86,state_87,state_88,state_89,state_90,state_91,state_92,state_93,state_94,state_95,state_96,state_97,state_98,state_99,state_100,state_101,state_102,state_103,state_104,state_105,state_106,state_107,state_108,state_109,state_110,state_111,state_112,state_113,state_114,state_115,state_116,state_117,state_118,state_119,state_120,state_121,state_122,state_123,state_124,state_125,state_126,state_127,state_128,state_129,state_130,state_131,state_132,state_133,state_134,state_135,state_136,state_137,state_138,state_139,state_140,state_141,state_142,state_143,state_144,state_145,state_146,state_147,state_148,state_149,state_150,state_151,state_152,state_153,state_154,state_155,state_156,state_157,state_158,state_159,state_160,state_161,state_162,state_163,state_164,state_165,state_166,state_167,state_168,state_169,state_170,state_171,state_172,state_173,state_174,state_175,state_176,state_177,state_178,state_179,state_180,state_181,state_182,state_183,state_184,state_185,state_186,state_187,state_188,state_189,state_190,state_191,state_192,state_193,state_194,state_195,state_196,state_197,state_198,state_199,state_200,state_201,state_202,state_203,state_204,state_205,state_206,state_207,state_208,state_209,state_210,state_211,state_212,state_213,state_214,state_215,state_216,state_217,state_218,state_219,state_220,state_221,state_222,state_223,state_224,state_225,state_226,state_227,state_228,state_229,state_230,state_231,state_232,state_233,state_234,state_235,state_236,state_237,state_238,state_239,state_240,state_241,state_242,state_243,state_244,state_245,state_246,state_247,state_248,state_249,state_250,state_251,state_252,state_253,state_254,state_255,state_256,state_257,state_258,state_259,state_260,state_261,state_262,state_263,state_264,state_265,state_266,state_267,state_268,state_269,state_270,state_271,state_272,state_273,state_274,state_275,state_276,state_277,state_278,state_279,state_280,state_281,state_282,state_283,state_284,state_285,state_286,state_287
{'img': array([[[ 0.        ,  0.01723968, -0.26603947, ..., -0.95472829,
         -0.96833064, -0.9528854 ],
        [-0.01723968,  0.        , -0.28261834, ..., -0.95971485,
         -0.97249099, -0.95797311],
        [ 0.26603947,  0.28261834,  0.        , ..., -0.8411807 ,
         -0.86701164, -0.83784755],
        ...,
        [ 0.95472829,  0.95971485,  0.8411807 , ...,  0.        ,
         -0.04968998,  0.00613463],
        [ 0.96833064,  0.97249099,  0.86701164, ...,  0.04968998,
          0.        ,  0.05581609],
        [ 0.9528854 ,  0.95797311,  0.83784755, ..., -0.00613463,
         -0.05581609,  0.        ]],

       [[ 0.        , -0.65153091, -0.34755431, ..., -0.10754949,
         -0.7148999 , -0.55169161],
        [ 0.65153091,  0.        ,  0.34725199, ...,  0.56616243,
         -0.08677098,  0.12488272],
        [ 0.34755431, -0.34725199,  0.        , ...,  0.24469357,
         -0.42731364, -0.22742203],
        ...,
        [ 0.10754949, -0.56616243, -0.24469357, ...,  0.        ,
         -0.6355518 , -0.45879019],
        [ 0.7148999 ,  0.08677098,  0.42731364, ...,  0.6355518 ,
          0.        ,  0.21050339],
        [ 0.55169161, -0.12488272,  0.22742203, ...,  0.45879019,
         -0.21050339,  0.        ]],

       [[ 0.        , -0.36725453, -0.5869288 , ..., -0.8009022 ,
         -0.8009022 , -0.8141013 ],
        [ 0.36725453,  0.        , -0.24857107, ..., -0.96484578,
         -0.96484578, -0.9704854 ],
        [ 0.5869288 ,  0.24857107,  0.        , ..., -0.99989143,
         -0.99989143, -0.99997079],
        ...,
        [ 0.8009022 ,  0.96484578,  0.99989143, ...,  0.        ,
          0.        ,  0.02237769],
        [ 0.8009022 ,  0.96484578,  0.99989143, ...,  0.        ,
          0.        ,  0.02237769],
        [ 0.8141013 ,  0.9704854 ,  0.99997079, ..., -0.02237769,
         -0.02237769,  0.        ]],

       ...,

       [[ 0.        ,  0.12568119, -0.33759779, ...,  0.98752253,
          0.88183929,  0.74310318],
        [-0.12568119,  0.        , -0.45322337, ...,  0.99948415,
          0.81558194,  0.65310794],
        [ 0.33759779,  0.45322337,  0.        , ...,  0.87638139,
          0.98926117,  0.92538856],
        ...,
        [-0.98752253, -0.99948415, -0.87638139, ...,  0.        ,
         -0.60453641, -0.77784946],
        [-0.88183929, -0.81558194, -0.98926117, ...,  0.60453641,
          0.        , -0.23969609],
        [-0.74310318, -0.65310794, -0.92538856, ...,  0.77784946,
          0.23969609,  0.        ]],

       [[ 0.        ,  0.03463016,  0.18630912, ..., -0.63298828,
         -0.67254743, -0.72319924],
        [-0.03463016,  0.        ,  0.15217355, ..., -0.60579928,
         -0.64651584, -0.69884851],
        [-0.18630912, -0.15217355,  0.        , ..., -0.47767208,
         -0.5228931 , -0.58186444],
        ...,
        [ 0.63298828,  0.60579928,  0.47767208, ...,  0.        ,
          0.05221472,  0.12270623],
        [ 0.67254743,  0.64651584,  0.5228931 , ..., -0.05221472,
          0.        ,  0.07071871],
        [ 0.72319924,  0.69884851,  0.58186444, ..., -0.12270623,
         -0.07071871,  0.        ]],

       [[ 0.        , -0.34482024, -0.55320471, ..., -0.78818893,
         -0.78964465, -0.79221192],
        [ 0.34482024,  0.        , -0.23202507, ..., -0.95206218,
         -0.95278419, -0.95404976],
        [ 0.55320471,  0.23202507,  0.        , ..., -0.99705775,
         -0.99723654, -0.99753946],
        ...,
        [ 0.78818893,  0.95206218,  0.99705775, ...,  0.        ,
          0.00236896,  0.00656444],
        [ 0.78964465,  0.95278419,  0.99723654, ..., -0.00236896,
          0.        ,  0.00419551],
        [ 0.79221192,  0.95404976,  0.99753946, ..., -0.00656444,
         -0.00419551,  0.        ]]]), 'num': array([7.07098612e-01, 7.07098612e-01, 0.00000000e+00, 5.49898665e-05,
       5.51103262e-05, 5.34841199e-05, 4.80441585e-03, 1.08413757e-06,
       5.35563957e-05, 5.25595915e-05, 5.95040949e-05, 7.24039863e-07,
       5.68212577e-05, 4.82979252e-05])}
{'img': array([[[ 0.        , -0.28261834, -0.25645897, ..., -0.97249099,
         -0.95797311, -0.92148926],
        [ 0.28261834,  0.        ,  0.02716244, ..., -0.86701164,
         -0.83784755, -0.77415235],
        [ 0.25645897, -0.02716244,  0.        , ..., -0.88022646,
         -0.8523665 , -0.79106052],
        ...,
        [ 0.97249099,  0.86701164,  0.88022646, ...,  0.        ,
          0.05581609,  0.16306705],
        [ 0.95797311,  0.83784755,  0.8523665 , ..., -0.05581609,
          0.        ,  0.10774384],
        [ 0.92148926,  0.77415235,  0.79106052, ..., -0.16306705,
         -0.10774384,  0.        ]],

       [[ 0.        ,  0.34725199,  0.57730771, ..., -0.08677098,
          0.12488272,  0.33287108],
        [-0.34725199,  0.        ,  0.2578424 , ..., -0.42731364,
         -0.22742203, -0.0152919 ],
        [-0.57730771, -0.2578424 ,  0.        , ..., -0.64598108,
         -0.47081818, -0.27258709],
        ...,
        [ 0.08677098,  0.42731364,  0.64598108, ...,  0.        ,
          0.21050339,  0.41343821],
        [-0.12488272,  0.22742203,  0.47081818, ..., -0.21050339,
          0.        ,  0.21250424],
        [-0.33287108,  0.0152919 ,  0.27258709, ..., -0.41343821,
         -0.21250424,  0.        ]],

       [[ 0.        , -0.48384076, -0.64663861, ..., -0.81155959,
         -0.82471876, -0.85227369],
        [ 0.48384076,  0.        , -0.19683766, ..., -0.99293476,
         -0.99539041, -0.99896771],
        [ 0.64663861,  0.19683766,  0.        , ..., -0.99686614,
         -0.99479457, -0.98836554],
        ...,
        [ 0.81155959,  0.99293476,  0.99686614, ...,  0.        ,
          0.02288625,  0.07343398],
        [ 0.82471876,  0.99539041,  0.99479457, ..., -0.02288625,
          0.        ,  0.05059029],
        [ 0.85227369,  0.99896771,  0.98836554, ..., -0.07343398,
         -0.05059029,  0.        ]],

       ...,

       [[ 0.        , -0.45322337, -0.16802759, ...,  0.81558194,
          0.65310794,  0.70817544],
        [ 0.45322337,  0.        ,  0.29700029, ...,  0.98926117,
          0.92538856,  0.95125769],
        [ 0.16802759, -0.29700029,  0.        , ...,  0.90121399,
          0.77106362,  0.81674042],
        ...,
        [-0.81558194, -0.98926117, -0.90121399, ...,  0.        ,
         -0.23969609, -0.16605086],
        [-0.65310794, -0.92538856, -0.77106362, ...,  0.23969609,
          0.        ,  0.0751583 ],
        [-0.70817544, -0.95125769, -0.81674042, ...,  0.16605086,
         -0.0751583 ,  0.        ]],

       [[ 0.        ,  0.15217355,  0.20533627, ..., -0.64651584,
         -0.69884851, -0.7526272 ],
        [-0.15217355,  0.        ,  0.05401393, ..., -0.5228931 ,
         -0.58186444, -0.64366374],
        [-0.20533627, -0.05401393,  0.        , ..., -0.47608839,
         -0.53708627, -0.6013868 ],
        ...,
        [ 0.64651584,  0.5228931 ,  0.47608839, ...,  0.        ,
          0.07071871,  0.14848336],
        [ 0.69884851,  0.58186444,  0.53708627, ..., -0.07071871,
          0.        ,  0.07817682],
        [ 0.7526272 ,  0.64366374,  0.6013868 , ..., -0.14848336,
         -0.07817682,  0.        ]],

       [[ 0.        , -0.45393435, -0.58400422, ..., -0.7989938 ,
         -0.80155883, -0.82029845],
        [ 0.45393435,  0.        , -0.15188679, ..., -0.98490009,
         -0.98563165, -0.990536  ],
        [ 0.58400422,  0.15188679,  0.        , ..., -0.99976838,
         -0.9998513 , -0.99989064],
        ...,
        [ 0.7989938 ,  0.98490009,  0.99976838, ...,  0.        ,
          0.00427768,  0.03630457],
        [ 0.80155883,  0.98563165,  0.9998513 , ..., -0.00427768,
          0.        ,  0.03202938],
        [ 0.82029845,  0.990536  ,  0.99989064, ..., -0.03630457,
         -0.03202938,  0.        ]]]), 'num': array([9.77196751e-01, 2.12202664e-01, 1.65583136e-04, 7.62022200e-05,
       7.78516187e-05, 7.52950507e-05, 7.51438009e-03, 9.07169286e-07,
       7.44208694e-05, 7.24044795e-05, 8.12315116e-05, 1.02145503e-06,
       7.81325434e-05, 6.66764156e-05])}
{'img': array([[[ 0.        ,  0.02716244, -0.1658414 , ..., -0.83784755,
         -0.77415235, -0.73199008],
        [-0.02716244,  0.        , -0.19256652, ..., -0.8523665 ,
         -0.79106052, -0.75022618],
        [ 0.1658414 ,  0.19256652,  0.        , ..., -0.73571187,
         -0.65845473, -0.60886352],
        ...,
        [ 0.83784755,  0.8523665 ,  0.73571187, ...,  0.        ,
          0.10774384,  0.17124182],
        [ 0.77415235,  0.79106052,  0.65845473, ..., -0.10774384,
          0.        ,  0.06409261],
        [ 0.73199008,  0.75022618,  0.60886352, ..., -0.17124182,
         -0.06409261,  0.        ]],

       [[ 0.        ,  0.2578424 ,  0.18236112, ..., -0.22742203,
         -0.0152919 ,  0.09116467],
        [-0.2578424 ,  0.        , -0.07732386, ..., -0.47081818,
         -0.27258709, -0.16868658],
        [-0.18236112,  0.07732386,  0.        , ..., -0.40119112,
         -0.19737528, -0.09196575],
        ...,
        [ 0.22742203,  0.47081818,  0.40119112, ...,  0.        ,
          0.21250424,  0.31525083],
        [ 0.0152919 ,  0.27258709,  0.19737528, ..., -0.21250424,
          0.        ,  0.10638224],
        [-0.09116467,  0.16868658,  0.09196575, ..., -0.31525083,
         -0.10638224,  0.        ]],

       [[ 0.        , -0.19971569, -0.37545327, ..., -0.99454241,
         -0.99855155, -0.99918274],
        [ 0.19971569,  0.        , -0.18278459, ..., -0.9953432 ,
         -0.98918   , -0.97098041],
        [ 0.37545327,  0.18278459,  0.        , ..., -0.96095521,
         -0.94569951, -0.9109077 ],
        ...,
        [ 0.99454241,  0.9953432 ,  0.96095521, ...,  0.        ,
          0.05067221,  0.14444812],
        [ 0.99855155,  0.98918   ,  0.94569951, ..., -0.05067221,
          0.        ,  0.09412178],
        [ 0.99918274,  0.97098041,  0.9109077 , ..., -0.14444812,
         -0.09412178,  0.        ]],

       ...,

       [[ 0.        ,  0.29700029, -0.21035408, ...,  0.92538856,
          0.95125769,  0.97363121],
        [-0.29700029,  0.        , -0.49121735, ...,  0.77106362,
          0.81674042,  0.86194442],
        [ 0.21035408,  0.49121735,  0.        , ...,  0.9844116 ,
          0.99484615,  0.99983407],
        ...,
        [-0.92538856, -0.77106362, -0.9844116 , ...,  0.        ,
          0.0751583 ,  0.15791869],
        [-0.95125769, -0.81674042, -0.99484615, ..., -0.0751583 ,
          0.        ,  0.08325681],
        [-0.97363121, -0.86194442, -0.99983407, ..., -0.15791869,
         -0.08325681,  0.        ]],

       [[ 0.        ,  0.05401393,  0.33101038, ..., -0.58186444,
         -0.64366374, -0.69293758],
        [-0.05401393,  0.        ,  0.27955816, ..., -0.53708627,
         -0.6013868 , -0.65298211],
        [-0.33101038, -0.27955816,  0.        , ..., -0.27985703,
         -0.35405353, -0.41521701],
        ...,
        [ 0.58186444,  0.53708627,  0.27985703, ...,  0.        ,
          0.07817682,  0.14403343],
        [ 0.64366374,  0.6013868 ,  0.35405353, ..., -0.07817682,
          0.        ,  0.06623097],
        [ 0.69293758,  0.65298211,  0.41521701, ..., -0.14403343,
         -0.06623097,  0.        ]],

       [[ 0.        , -0.40084252, -0.59612025, ..., -0.81833109,
         -0.83695621, -0.85912568],
        [ 0.40084252,  0.        , -0.22429924, ..., -0.98009462,
         -0.98614393, -0.99222243],
        [ 0.59612025,  0.22429924,  0.        , ..., -0.99965246,
         -0.99822674, -0.99486113],
        ...,
        [ 0.81833109,  0.98009462,  0.99965246, ...,  0.        ,
          0.03319021,  0.07498706],
        [ 0.83695621,  0.98614393,  0.99822674, ..., -0.03319021,
          0.        ,  0.04184899],
        [ 0.85912568,  0.99222243,  0.99486113, ..., -0.07498706,
         -0.04184899,  0.        ]]]), 'num': array([ 7.59111012e-01,  6.50939026e-01,  2.37219268e-05,  5.85980423e-05,
        6.01400960e-05,  5.78270154e-05,  5.36918698e-03, -7.71026872e-07,
        5.82125289e-05,  5.68086174e-05,  6.31246126e-05,  7.23241287e-07,
        6.04907305e-05,  5.31265044e-05])}
{'img': array([[[ 0.        , -0.19256652,  0.09943692, ..., -0.79106052,
         -0.75022618, -0.79465012],
        [ 0.19256652,  0.        ,  0.28918798, ..., -0.65845473,
         -0.60886352, -0.66287647],
        [-0.09943692, -0.28918798,  0.        , ..., -0.84796925,
         -0.81225379, -0.85107667],
        ...,
        [ 0.79106052,  0.65845473,  0.84796925, ...,  0.        ,
          0.06409261, -0.00589031],
        [ 0.75022618,  0.60886352,  0.81225379, ..., -0.06409261,
          0.        , -0.06996969],
        [ 0.79465012,  0.66287647,  0.85107667, ...,  0.00589031,
          0.06996969,  0.        ]],

       [[ 0.        , -0.07732386, -0.19351053, ..., -0.27258709,
         -0.16868658, -0.23716432],
        [ 0.07732386,  0.        , -0.11706887, ..., -0.19737528,
         -0.09196575, -0.16133648],
        [ 0.19351053,  0.11706887,  0.        , ..., -0.0812522 ,
          0.02523938, -0.04469189],
        ...,
        [ 0.27258709,  0.19737528,  0.0812522 , ...,  0.        ,
          0.10638224,  0.03662689],
        [ 0.16868658,  0.09196575, -0.02523938, ..., -0.10638224,
          0.        , -0.06989181],
        [ 0.23716432,  0.16133648,  0.04469189, ..., -0.03662689,
          0.06989181,  0.        ]],

       [[ 0.        , -0.18278459, -0.21110305, ..., -0.98918   ,
         -0.97098041, -0.96471756],
        [ 0.18278459,  0.        , -0.02888126, ..., -0.94569951,
         -0.9109077 , -0.90034014],
        [ 0.21110305,  0.02888126,  0.        , ..., -0.93591738,
         -0.89861101, -0.88739581],
        ...,
        [ 0.98918   ,  0.94569951,  0.93591738, ...,  0.        ,
          0.09412178,  0.11890747],
        [ 0.97098041,  0.9109077 ,  0.89861101, ..., -0.09412178,
          0.        ,  0.02492559],
        [ 0.96471756,  0.90034014,  0.88739581, ..., -0.11890747,
         -0.02492559,  0.        ]],

       ...,

       [[ 0.        , -0.49121735,  0.06462481, ...,  0.81674042,
          0.86194442,  0.71650602],
        [ 0.49121735,  0.        ,  0.54648113, ...,  0.99484615,
          0.99983407,  0.96676712],
        [-0.06462481, -0.54648113,  0.        , ...,  0.77774427,
          0.82737768,  0.66992722],
        ...,
        [-0.81674042, -0.99484615, -0.77774427, ...,  0.        ,
          0.08325681, -0.15631477],
        [-0.86194442, -0.99983407, -0.82737768, ..., -0.08325681,
          0.        , -0.23800543],
        [-0.71650602, -0.96676712, -0.66992722, ...,  0.15631477,
          0.23800543,  0.        ]],

       [[ 0.        ,  0.27955816,  0.07097218, ..., -0.6013868 ,
         -0.65298211, -0.57148805],
        [-0.27955816,  0.        , -0.21071076, ..., -0.35405353,
         -0.41521701, -0.31929378],
        [-0.07097218,  0.21071076,  0.        , ..., -0.54316648,
         -0.59758304, -0.51180641],
        ...,
        [ 0.6013868 ,  0.35405353,  0.54316648, ...,  0.        ,
          0.06623097, -0.0369093 ],
        [ 0.65298211,  0.41521701,  0.59758304, ..., -0.06623097,
          0.        , -0.1030141 ],
        [ 0.57148805,  0.31929378,  0.51180641, ...,  0.0369093 ,
          0.1030141 ,  0.        ]],

       [[ 0.        , -0.47163821, -0.54462834, ..., -0.84958122,
         -0.87149811, -0.92192316],
        [ 0.47163821,  0.        , -0.08469664, ..., -0.99792331,
         -0.99977104, -0.99564442],
        [ 0.54462834,  0.08469664,  0.        , ..., -0.99979314,
         -0.99799099, -0.98417043],
        ...,
        [ 0.84958122,  0.99792331,  0.99979314, ...,  0.        ,
          0.04304483,  0.15717092],
        [ 0.87149811,  0.99977104,  0.99799099, ..., -0.04304483,
          0.        ,  0.1145154 ],
        [ 0.92192316,  0.99564442,  0.98417043, ..., -0.15717092,
         -0.1145154 ,  0.        ]]]), 'num': array([7.48953967e-01, 6.62589031e-01, 1.88569730e-05, 5.80409519e-05,
       5.96250390e-05, 5.63301378e-05, 6.61088976e-03, 2.53453938e-07,
       5.77874979e-05, 5.63744922e-05, 6.20909346e-05, 6.14888253e-07,
       5.92856565e-05, 5.34633280e-05])}
{'img': array([[[ 0.00000000e+00,  2.89187979e-01,  3.91618000e-01, ...,
         -6.08863517e-01, -6.62876474e-01, -6.45101769e-01],
        [-2.89187979e-01,  0.00000000e+00,  1.08795149e-01, ...,
         -8.12253790e-01, -8.51076668e-01, -8.38505642e-01],
        [-3.91618000e-01, -1.08795149e-01,  0.00000000e+00, ...,
         -8.70893073e-01, -9.03146800e-01, -8.92810138e-01],
        ...,
        [ 6.08863517e-01,  8.12253790e-01,  8.70893073e-01, ...,
          0.00000000e+00, -6.99696949e-02, -4.65125217e-02],
        [ 6.62876474e-01,  8.51076668e-01,  9.03146800e-01, ...,
          6.99696949e-02,  0.00000000e+00,  2.34954422e-02],
        [ 6.45101769e-01,  8.38505642e-01,  8.92810138e-01, ...,
          4.65125217e-02, -2.34954422e-02,  0.00000000e+00]],

       [[ 0.00000000e+00, -1.17068871e-01,  2.30997700e-02, ...,
         -9.19657533e-02, -1.61336480e-01,  2.30525664e-02],
        [ 1.17068871e-01,  0.00000000e+00,  1.39978564e-01, ...,
          2.52393750e-02, -4.46918925e-02,  1.39931813e-01],
        [-2.30997700e-02, -1.39978564e-01,  0.00000000e+00, ...,
         -1.14943091e-01, -1.84090580e-01, -4.72161440e-05],
        ...,
        [ 9.19657533e-02, -2.52393750e-02,  1.14943091e-01, ...,
          0.00000000e+00, -6.98918116e-02,  1.14896187e-01],
        [ 1.61336480e-01,  4.46918925e-02,  1.84090580e-01, ...,
          6.98918116e-02,  0.00000000e+00,  1.84044171e-01],
        [-2.30525664e-02, -1.39931813e-01,  4.72161440e-05, ...,
         -1.14896187e-01, -1.84044171e-01,  0.00000000e+00]],

       [[ 0.00000000e+00, -2.88812642e-02, -3.83597529e-02, ...,
         -9.10907702e-01, -9.00340140e-01, -8.81777627e-01],
        [ 2.88812642e-02,  0.00000000e+00, -9.48374362e-03, ...,
         -8.98611012e-01, -8.87395815e-01, -8.67787501e-01],
        [ 3.83597529e-02,  9.48374362e-03,  0.00000000e+00, ...,
         -8.94409644e-01, -8.82983822e-01, -8.63035667e-01],
        ...,
        [ 9.10907702e-01,  8.98611012e-01,  8.94409644e-01, ...,
          0.00000000e+00,  2.49255882e-02,  6.58131896e-02],
        [ 9.00340140e-01,  8.87395815e-01,  8.82983822e-01, ...,
         -2.49255882e-02,  0.00000000e+00,  4.09211935e-02],
        [ 8.81777627e-01,  8.67787501e-01,  8.63035667e-01, ...,
         -6.58131896e-02, -4.09211935e-02,  0.00000000e+00]],

       ...,

       [[ 0.00000000e+00,  5.46481128e-01,  4.33005417e-01, ...,
          9.99834072e-01,  9.66767121e-01,  8.59668821e-01],
        [-5.46481128e-01,  0.00000000e+00, -1.29963684e-01, ...,
          8.27377675e-01,  6.69927216e-01,  4.40777223e-01],
        [-4.33005417e-01,  1.29963684e-01,  0.00000000e+00, ...,
          8.93354060e-01,  7.60733919e-01,  5.53696435e-01],
        ...,
        [-9.99834072e-01, -8.27377675e-01, -8.93354060e-01, ...,
          0.00000000e+00, -2.38005430e-01, -4.95107135e-01],
        [-9.66767121e-01, -6.69927216e-01, -7.60733919e-01, ...,
          2.38005430e-01,  0.00000000e+00, -2.74092931e-01],
        [-8.59668821e-01, -4.40777223e-01, -5.53696435e-01, ...,
          4.95107135e-01,  2.74092931e-01,  0.00000000e+00]],

       [[ 0.00000000e+00, -2.10710760e-01, -3.64170031e-01, ...,
         -4.15217009e-01, -3.19293779e-01, -1.74132245e-01],
        [ 2.10710760e-01,  0.00000000e+00, -1.59752075e-01, ...,
         -5.97583041e-01, -5.11806410e-01, -3.77714286e-01],
        [ 3.64170031e-01,  1.59752075e-01,  0.00000000e+00, ...,
         -7.17998719e-01, -6.42476503e-01, -5.20781357e-01],
        ...,
        [ 4.15217009e-01,  5.97583041e-01,  7.17998719e-01, ...,
          0.00000000e+00, -1.03014098e-01, -2.50461435e-01],
        [ 3.19293779e-01,  5.11806410e-01,  6.42476503e-01, ...,
          1.03014098e-01,  0.00000000e+00, -1.49398268e-01],
        [ 1.74132245e-01,  3.77714286e-01,  5.20781357e-01, ...,
          2.50461435e-01,  1.49398268e-01,  0.00000000e+00]],

       [[ 0.00000000e+00, -1.15599568e-01, -1.60191358e-01, ...,
         -9.87774615e-01, -9.99234618e-01, -9.97926849e-01],
        [ 1.15599568e-01,  0.00000000e+00, -4.50107065e-02, ...,
         -9.99173148e-01, -9.97057611e-01, -9.83796843e-01],
        [ 1.60191358e-01,  4.50107065e-02,  0.00000000e+00, ...,
         -9.99990507e-01, -9.92596763e-01, -9.74729941e-01],
        ...,
        [ 9.87774615e-01,  9.99173148e-01,  9.99990507e-01, ...,
          0.00000000e+00,  1.17130202e-01,  2.19137182e-01],
        [ 9.99234618e-01,  9.97057611e-01,  9.92596763e-01, ...,
         -1.17130202e-01,  0.00000000e+00,  1.03345524e-01],
        [ 9.97926849e-01,  9.83796843e-01,  9.74729941e-01, ...,
         -2.19137182e-01, -1.03345524e-01,  0.00000000e+00]]]), 'num': array([9.78343947e-01, 2.06894839e-01, 1.67342540e-04, 7.59300304e-05,
       7.74947490e-05, 7.52712015e-05, 6.12969464e-03, 4.94121673e-07,
       7.55512038e-05, 7.36488353e-05, 8.05404601e-05, 8.52602102e-07,
       7.68617240e-05, 7.04359466e-05])}
{'img': array([[[ 0.00000000e+00,  1.08795149e-01, -1.65862440e-01, ...,
         -8.51076668e-01, -8.38505642e-01, -8.18953250e-01],
        [-1.08795149e-01,  0.00000000e+00, -2.72166129e-01, ...,
         -9.03146800e-01, -8.92810138e-01, -8.76525310e-01],
        [ 1.65862440e-01,  2.72166129e-01,  0.00000000e+00, ...,
         -7.52203666e-01, -7.36514147e-01, -7.12427986e-01],
        ...,
        [ 8.51076668e-01,  9.03146800e-01,  7.52203666e-01, ...,
          0.00000000e+00,  2.34954422e-02,  5.84146733e-02],
        [ 8.38505642e-01,  8.92810138e-01,  7.36514147e-01, ...,
         -2.34954422e-02,  0.00000000e+00,  3.49432261e-02],
        [ 8.18953250e-01,  8.76525310e-01,  7.12427986e-01, ...,
         -5.84146733e-02, -3.49432261e-02,  0.00000000e+00]],

       [[ 0.00000000e+00,  1.39978564e-01,  7.94577987e-02, ...,
         -4.46918925e-02,  1.39931813e-01, -1.34463481e-01],
        [-1.39978564e-01,  0.00000000e+00, -6.08604848e-02, ...,
         -1.84090580e-01, -4.72161440e-05, -2.71846981e-01],
        [-7.94577987e-02,  6.08604848e-02,  0.00000000e+00, ...,
         -1.23928993e-01,  6.08133561e-02, -2.12774545e-01],
        ...,
        [ 4.46918925e-02,  1.84090580e-01,  1.23928993e-01, ...,
          0.00000000e+00,  1.84044171e-01, -9.00431021e-02],
        [-1.39931813e-01,  4.72161440e-05, -6.08133561e-02, ...,
         -1.84044171e-01,  0.00000000e+00, -2.71801543e-01],
        [ 1.34463481e-01,  2.71846981e-01,  2.12774545e-01, ...,
          9.00431021e-02,  2.71801543e-01,  0.00000000e+00]],

       [[ 0.00000000e+00, -9.48374362e-03, -1.88984346e-02, ...,
         -8.87395815e-01, -8.67787501e-01, -8.49202849e-01],
        [ 9.48374362e-03,  0.00000000e+00, -9.41553485e-03, ...,
         -8.82983822e-01, -8.63035667e-01, -8.44156609e-01],
        [ 1.88984346e-02,  9.41553485e-03,  0.00000000e+00, ...,
         -8.78524998e-01, -8.58241219e-01, -8.39071553e-01],
        ...,
        [ 8.87395815e-01,  8.82983822e-01,  8.78524998e-01, ...,
          0.00000000e+00,  4.09211935e-02,  7.71146719e-02],
        [ 8.67787501e-01,  8.63035667e-01,  8.58241219e-01, ...,
         -4.09211935e-02,  0.00000000e+00,  3.62507392e-02],
        [ 8.49202849e-01,  8.44156609e-01,  8.39071553e-01, ...,
         -7.71146719e-02, -3.62507392e-02,  0.00000000e+00]],

       ...,

       [[ 0.00000000e+00, -1.29963684e-01, -2.73274030e-01, ...,
          6.69927216e-01,  4.40777223e-01,  5.37964242e-01],
        [ 1.29963684e-01,  0.00000000e+00, -1.45939549e-01, ...,
          7.60733919e-01,  5.53696435e-01,  6.42956818e-01],
        [ 2.73274030e-01,  1.45939549e-01,  0.00000000e+00, ...,
          8.47313217e-01,  6.69294865e-01,  7.47848462e-01],
        ...,
        [-6.69927216e-01, -7.60733919e-01, -8.47313217e-01, ...,
          0.00000000e+00, -2.74092931e-01, -1.65327918e-01],
        [-4.40777223e-01, -5.53696435e-01, -6.69294865e-01, ...,
          2.74092931e-01,  0.00000000e+00,  1.11324654e-01],
        [-5.37964242e-01, -6.42956818e-01, -7.47848462e-01, ...,
          1.65327918e-01, -1.11324654e-01,  0.00000000e+00]],

       [[ 0.00000000e+00, -3.02153360e-01, -3.24439449e-01, ...,
         -3.21052179e-01, -1.75110284e-01, -2.90649469e-02],
        [ 3.02153360e-01,  0.00000000e+00, -2.34661139e-02, ...,
         -5.92203801e-01, -4.64410247e-01, -3.29732140e-01],
        [ 3.24439449e-01,  2.34661139e-02,  0.00000000e+00, ...,
         -6.10949446e-01, -4.85064428e-01, -3.51795103e-01],
        ...,
        [ 3.21052179e-01,  5.92203801e-01,  6.10949446e-01, ...,
          0.00000000e+00, -1.50251336e-01, -2.93390250e-01],
        [ 1.75110284e-01,  4.64410247e-01,  4.85064428e-01, ...,
          1.50251336e-01,  0.00000000e+00, -1.46420445e-01],
        [ 2.90649469e-02,  3.29732140e-01,  3.51795103e-01, ...,
          2.93390250e-01,  1.46420445e-01,  0.00000000e+00]],

       [[ 0.00000000e+00, -4.50107065e-02, -1.59473436e-01, ...,
         -9.97057611e-01, -9.83796843e-01, -9.69137231e-01],
        [ 4.50107065e-02,  0.00000000e+00, -1.14877141e-01, ...,
         -9.92596763e-01, -9.74729941e-01, -9.57058891e-01],
        [ 1.59473436e-01,  1.14877141e-01,  0.00000000e+00, ...,
         -9.72072914e-01, -9.42614938e-01, -9.17420737e-01],
        ...,
        [ 9.97057611e-01,  9.92596763e-01,  9.72072914e-01, ...,
          0.00000000e+00,  1.03345524e-01,  1.71506455e-01],
        [ 9.83796843e-01,  9.74729941e-01,  9.42614938e-01, ...,
         -1.03345524e-01,  0.00000000e+00,  6.87738735e-02],
        [ 9.69137231e-01,  9.57058891e-01,  9.17420737e-01, ...,
         -1.71506455e-01, -6.87738735e-02,  0.00000000e+00]]]), 'num': array([ 8.25438021e-01,  5.64463545e-01,  5.79299582e-05,  6.31135337e-05,
        6.55652248e-05,  6.26231955e-05,  5.73968905e-03, -1.47101466e-06,
        6.40942101e-05,  6.27702969e-05,  6.82947742e-05,  7.12630278e-07,
        6.53405643e-05,  6.02000296e-05])}
{'img': array([[[ 0.00000000e+00, -2.72166129e-01,  2.24735002e-01, ...,
         -8.92810138e-01, -8.76525310e-01, -9.29342897e-01],
        [ 2.72166129e-01,  0.00000000e+00,  4.81455415e-01, ...,
         -7.36514147e-01, -7.12427986e-01, -7.93771884e-01],
        [-2.24735002e-01, -4.81455415e-01,  0.00000000e+00, ...,
         -9.71200086e-01, -9.62281212e-01, -9.88546392e-01],
        ...,
        [ 8.92810138e-01,  7.36514147e-01,  9.71200086e-01, ...,
          0.00000000e+00,  3.49432261e-02, -8.89654934e-02],
        [ 8.76525310e-01,  7.12427986e-01,  9.62281212e-01, ...,
         -3.49432261e-02,  0.00000000e+00, -1.23715828e-01],
        [ 9.29342897e-01,  7.93771884e-01,  9.88546392e-01, ...,
          8.89654934e-02,  1.23715828e-01,  0.00000000e+00]],

       [[ 0.00000000e+00, -6.08604848e-02,  2.00791211e-01, ...,
         -4.72161440e-05, -2.71846981e-01, -1.99352031e-01],
        [ 6.08604848e-02,  0.00000000e+00,  2.60040005e-01, ...,
          6.08133561e-02, -2.12774545e-01, -1.39343599e-01],
        [-2.00791211e-01, -2.60040005e-01,  0.00000000e+00, ...,
         -2.00837466e-01, -4.59540075e-01, -3.92052957e-01],
        ...,
        [ 4.72161440e-05, -6.08133561e-02,  2.00837466e-01, ...,
          0.00000000e+00, -2.71801543e-01, -1.99305762e-01],
        [ 2.71846981e-01,  2.12774545e-01,  4.59540075e-01, ...,
          2.71801543e-01,  0.00000000e+00,  7.45459214e-02],
        [ 1.99352031e-01,  1.39343599e-01,  3.92052957e-01, ...,
          1.99305762e-01, -7.45459214e-02,  0.00000000e+00]],

       [[ 0.00000000e+00, -9.41553485e-03,  7.45721265e-02, ...,
         -8.63035667e-01, -8.44156609e-01, -8.52652922e-01],
        [ 9.41553485e-03,  0.00000000e+00,  8.39581394e-02, ...,
         -8.58241219e-01, -8.39071553e-01, -8.47695719e-01],
        [-7.45721265e-02, -8.39581394e-02,  0.00000000e+00, ...,
         -8.98302236e-01, -8.81784026e-01, -8.89241091e-01],
        ...,
        [ 8.63035667e-01,  8.58241219e-01,  8.98302236e-01, ...,
          0.00000000e+00,  3.62507392e-02,  2.02052852e-02],
        [ 8.44156609e-01,  8.39071553e-01,  8.81784026e-01, ...,
         -3.62507392e-02,  0.00000000e+00, -1.60513339e-02],
        [ 8.52652922e-01,  8.47695719e-01,  8.89241091e-01, ...,
         -2.02052852e-02,  1.60513339e-02,  0.00000000e+00]],

       ...,

       [[ 0.00000000e+00, -1.45939549e-01,  2.92897216e-01, ...,
          5.53696435e-01,  6.42956818e-01,  6.18613539e-01],
        [ 1.45939549e-01,  0.00000000e+00,  4.29300529e-01, ...,
          6.69294865e-01,  7.47848462e-01,  7.26654394e-01],
        [-2.92897216e-01, -4.29300529e-01,  0.00000000e+00, ...,
          2.85512529e-01,  3.90428571e-01,  3.61355582e-01],
        ...,
        [-5.53696435e-01, -6.69294865e-01, -2.85512529e-01, ...,
          0.00000000e+00,  1.11324654e-01,  8.00942459e-02],
        [-6.42956818e-01, -7.47848462e-01, -3.90428571e-01, ...,
         -1.11324654e-01,  0.00000000e+00, -3.13706129e-02],
        [-6.18613539e-01, -7.26654394e-01, -3.61355582e-01, ...,
         -8.00942459e-02,  3.13706129e-02,  0.00000000e+00]],

       [[ 0.00000000e+00, -1.22386783e-01, -4.08441400e-01, ...,
         -1.92979638e-01, -8.27780314e-02, -0.00000000e+00],
        [ 1.22386783e-01,  0.00000000e+00, -2.93658170e-01, ...,
         -3.11615160e-01, -2.04122499e-01, -1.22386783e-01],
        [ 4.08441400e-01,  2.93658170e-01,  0.00000000e+00, ...,
         -5.76912661e-01, -4.82598141e-01, -4.08441400e-01],
        ...,
        [ 1.92979638e-01,  3.11615160e-01,  5.76912661e-01, ...,
          0.00000000e+00, -1.11095301e-01, -1.92979638e-01],
        [ 8.27780314e-02,  2.04122499e-01,  4.82598141e-01, ...,
          1.11095301e-01,  0.00000000e+00, -8.27780314e-02],
        [ 0.00000000e+00,  1.22386783e-01,  4.08441400e-01, ...,
          1.92979638e-01,  8.27780314e-02,  0.00000000e+00]],

       [[ 0.00000000e+00, -1.14877141e-01, -8.94555993e-02, ...,
         -9.74729941e-01, -9.57058891e-01, -9.49718993e-01],
        [ 1.14877141e-01,  0.00000000e+00,  2.55531996e-02, ...,
         -9.42614938e-01, -9.17420737e-01, -9.07463134e-01],
        [ 8.94555993e-02, -2.55531996e-02,  0.00000000e+00, ...,
         -9.50838889e-01, -9.27289259e-01, -9.17902524e-01],
        ...,
        [ 9.74729941e-01,  9.42614938e-01,  9.50838889e-01, ...,
          0.00000000e+00,  6.87738735e-02,  9.30369782e-02],
        [ 9.57058891e-01,  9.17420737e-01,  9.27289259e-01, ...,
         -6.87738735e-02,  0.00000000e+00,  2.43411146e-02],
        [ 9.49718993e-01,  9.07463134e-01,  9.17902524e-01, ...,
         -9.30369782e-02, -2.43411146e-02,  0.00000000e+00]]]), 'num': array([9.31051951e-01, 3.64831047e-01, 1.25547872e-04, 7.12227552e-05,
       7.19334036e-05, 6.96435367e-05, 6.36518237e-03, 7.89609260e-08,
       7.19018192e-05, 7.08634830e-05, 7.67289638e-05, 8.89559799e-07,
       7.36629680e-05, 6.80639980e-05])}
{'img': array([[[ 0.00000000e+00,  4.81455415e-01,  8.56073602e-01, ...,
         -7.12427986e-01, -7.93771884e-01, -7.90091383e-01],
        [-4.81455415e-01,  0.00000000e+00,  5.01481205e-01, ...,
         -9.62281212e-01, -9.88546392e-01, -9.87618765e-01],
        [-8.56073602e-01, -5.01481205e-01,  0.00000000e+00, ...,
         -9.68966771e-01, -9.30941426e-01, -9.33125604e-01],
        ...,
        [ 7.12427986e-01,  9.62281212e-01,  9.68966771e-01, ...,
          0.00000000e+00, -1.23715828e-01, -1.17732285e-01],
        [ 7.93771884e-01,  9.88546392e-01,  9.30941426e-01, ...,
          1.23715828e-01,  0.00000000e+00,  6.02760138e-03],
        [ 7.90091383e-01,  9.87618765e-01,  9.33125604e-01, ...,
          1.17732285e-01, -6.02760138e-03,  0.00000000e+00]],

       [[ 0.00000000e+00,  2.60040005e-01,  7.63725897e-02, ...,
         -2.12774545e-01, -1.39343599e-01, -1.52052361e-01],
        [-2.60040005e-01,  0.00000000e+00, -1.85535311e-01, ...,
         -4.59540075e-01, -3.92052957e-01, -4.03837806e-01],
        [-7.63725897e-02,  1.85535311e-01,  0.00000000e+00, ...,
         -2.86776863e-01, -2.14564131e-01, -2.27092832e-01],
        ...,
        [ 2.12774545e-01,  4.59540075e-01,  2.86776863e-01, ...,
          0.00000000e+00,  7.45459214e-02,  6.17299335e-02],
        [ 1.39343599e-01,  3.92052957e-01,  2.14564131e-01, ...,
         -7.45459214e-02,  0.00000000e+00, -1.28455791e-02],
        [ 1.52052361e-01,  4.03837806e-01,  2.27092832e-01, ...,
         -6.17299335e-02,  1.28455791e-02,  0.00000000e+00]],

       [[ 0.00000000e+00,  8.39581394e-02,  2.76206310e-01, ...,
         -8.39071553e-01, -8.47695719e-01, -8.63071574e-01],
        [-8.39581394e-02,  0.00000000e+00,  1.94539073e-01, ...,
         -8.81784026e-01, -8.89241091e-01, -9.02430027e-01],
        [-2.76206310e-01, -1.94539073e-01,  0.00000000e+00, ...,
         -9.56692354e-01, -9.61241661e-01, -9.69003417e-01],
        ...,
        [ 8.39071553e-01,  8.81784026e-01,  9.56692354e-01, ...,
          0.00000000e+00, -1.60513339e-02, -4.57294927e-02],
        [ 8.47695719e-01,  8.89241091e-01,  9.61241661e-01, ...,
          1.60513339e-02,  0.00000000e+00, -2.96890594e-02],
        [ 8.63071574e-01,  9.02430027e-01,  9.69003417e-01, ...,
          4.57294927e-02,  2.96890594e-02,  0.00000000e+00]],

       ...,

       [[ 0.00000000e+00,  4.29300529e-01,  6.00356419e-01, ...,
          7.47848462e-01,  7.26654394e-01,  8.48292377e-01],
        [-4.29300529e-01,  0.00000000e+00,  1.98893311e-01, ...,
          3.90428571e-01,  3.61355582e-01,  5.38818477e-01],
        [-6.00356419e-01, -1.98893311e-01,  0.00000000e+00, ...,
          1.99520467e-01,  1.68682402e-01,  3.60501423e-01],
        ...,
        [-7.47848462e-01, -3.90428571e-01, -1.99520467e-01, ...,
          0.00000000e+00, -3.13706129e-02,  1.67148614e-01],
        [-7.26654394e-01, -3.61355582e-01, -1.68682402e-01, ...,
          3.13706129e-02,  0.00000000e+00,  1.97995629e-01],
        [-8.48292377e-01, -5.38818477e-01, -3.60501423e-01, ...,
         -1.67148614e-01, -1.97995629e-01,  0.00000000e+00]],

       [[ 0.00000000e+00, -3.91915151e-01, -3.94558588e-01, ...,
         -8.29337738e-02, -0.00000000e+00, -3.83702549e-02],
        [ 3.91915151e-01,  0.00000000e+00, -2.87505772e-03, ...,
         -4.66864212e-01, -3.91915151e-01, -4.26927228e-01],
        [ 3.94558588e-01,  2.87505772e-03,  0.00000000e+00, ...,
         -4.69404780e-01, -3.94558588e-01, -4.29525338e-01],
        ...,
        [ 8.29337738e-02,  4.66864212e-01,  4.69404780e-01, ...,
          0.00000000e+00, -8.29337738e-02, -4.46346288e-02],
        [ 0.00000000e+00,  3.91915151e-01,  3.94558588e-01, ...,
          8.29337738e-02,  0.00000000e+00,  3.83702549e-02],
        [ 3.83702549e-02,  4.26927228e-01,  4.29525338e-01, ...,
          4.46346288e-02, -3.83702549e-02,  0.00000000e+00]],

       [[ 0.00000000e+00,  2.55531996e-02,  2.52481463e-02, ...,
         -9.17420737e-01, -9.07463134e-01, -9.00956043e-01],
        [-2.55531996e-02,  0.00000000e+00, -3.05151782e-04, ...,
         -9.27289259e-01, -9.17902524e-01, -9.11749647e-01],
        [-2.52481463e-02,  3.05151782e-04,  0.00000000e+00, ...,
         -9.27174983e-01, -9.17781395e-01, -9.11624264e-01],
        ...,
        [ 9.17420737e-01,  9.27289259e-01,  9.27174983e-01, ...,
          0.00000000e+00,  2.43411146e-02,  3.95712273e-02],
        [ 9.07463134e-01,  9.17902524e-01,  9.17781395e-01, ...,
         -2.43411146e-02,  0.00000000e+00,  1.52374533e-02],
        [ 9.00956043e-01,  9.11749647e-01,  9.11624264e-01, ...,
         -3.95712273e-02, -1.52374533e-02,  0.00000000e+00]]]), 'num': array([9.90396006e-01, 1.38114208e-01, 1.88976001e-04, 7.57651137e-05,
       7.69410689e-05, 7.43371681e-05, 6.33517306e-03, 0.00000000e+00,
       7.63194926e-05, 7.54879243e-05, 8.14040989e-05, 9.27237404e-07,
       7.83625790e-05, 7.26132695e-05])}
{'img': array([[[ 0.00000000e+00,  5.01481205e-01,  2.61841371e-01, ...,
         -9.88546392e-01, -9.87618765e-01, -9.87618765e-01],
        [-5.01481205e-01,  0.00000000e+00, -2.57448073e-01, ...,
         -9.30941426e-01, -9.33125604e-01, -9.33125604e-01],
        [-2.61841371e-01,  2.57448073e-01,  0.00000000e+00, ...,
         -9.93573314e-01, -9.94237531e-01, -9.94237531e-01],
        ...,
        [ 9.88546392e-01,  9.30941426e-01,  9.93573314e-01, ...,
          0.00000000e+00,  6.02760138e-03,  6.02760138e-03],
        [ 9.87618765e-01,  9.33125604e-01,  9.94237531e-01, ...,
         -6.02760138e-03,  0.00000000e+00,  0.00000000e+00],
        [ 9.87618765e-01,  9.33125604e-01,  9.94237531e-01, ...,
         -6.02760138e-03,  0.00000000e+00,  0.00000000e+00]],

       [[ 0.00000000e+00, -1.85535311e-01, -2.84626601e-01, ...,
         -3.92052957e-01, -4.03837806e-01, -4.50519141e-01],
        [ 1.85535311e-01,  0.00000000e+00, -1.01823514e-01, ...,
         -2.14564131e-01, -2.27092832e-01, -2.77057286e-01],
        [ 2.84626601e-01,  1.01823514e-01,  0.00000000e+00, ...,
         -1.13996894e-01, -1.26749329e-01, -1.77779805e-01],
        ...,
        [ 3.92052957e-01,  2.14564131e-01,  1.13996894e-01, ...,
          0.00000000e+00, -1.28455791e-02, -6.44399201e-02],
        [ 4.03837806e-01,  2.27092832e-01,  1.26749329e-01, ...,
