state_0,state_1,state_2,state_3,state_4,state_5,state_6,state_7,state_8,state_9,state_10,state_11,state_12,state_13,state_14,state_15,state_16,state_17,state_18,state_19,state_20,state_21,state_22,state_23,state_24,state_25,state_26,state_27,state_28,state_29,state_30,state_31,state_32,state_33,state_34,state_35,state_36,state_37,state_38,state_39,state_40,state_41,state_42,state_43,state_44,state_45,state_46,state_47,state_48,state_49,state_50,state_51,state_52,state_53,state_54,state_55,state_56,state_57,state_58,state_59,state_60,state_61,state_62,state_63,state_64,state_65,state_66,state_67,state_68,state_69,state_70,state_71,state_72,state_73,state_74,state_75,state_76,state_77,state_78,state_79,state_80,state_81,state_82,state_83,state_84,state_85,state_86,state_87,state_88,state_89,state_90,state_91,state_92,state_93,state_94,state_95,state_96,state_97,state_98,state_99,state_100,state_101,state_102,state_103,state_104,state_105,state_106,state_107,state_108,state_109,state_110,state_111,state_112,state_113,state_114,state_115,state_116,state_117,state_118,state_119,state_120,state_121,state_122,state_123,state_124,state_125,state_126,state_127,state_128,state_129,state_130,state_131,state_132,state_133,state_134,state_135,state_136,state_137,state_138,state_139,state_140,state_141,state_142,state_143,state_144,state_145,state_146,state_147,state_148,state_149,state_150,state_151,state_152,state_153,state_154,state_155,state_156,state_157,state_158,state_159,state_160,state_161,state_162,state_163,state_164,state_165,state_166,state_167,state_168,state_169,state_170,state_171,state_172,state_173,state_174,state_175,state_176,state_177,state_178,state_179,state_180,state_181,state_182,state_183,state_184,state_185,state_186,state_187,state_188,state_189,state_190,state_191,state_192,state_193,state_194,state_195,state_196,state_197,state_198,state_199,state_200,state_201,state_202,state_203,state_204,state_205,state_206,state_207,state_208,state_209,state_210,state_211,state_212,state_213,state_214,state_215,state_216,state_217,state_218,state_219,state_220,state_221,state_222,state_223,state_224,state_225,state_226,state_227,state_228,state_229,state_230,state_231,state_232,state_233,state_234,state_235,state_236,state_237,state_238,state_239,state_240,state_241,state_242,state_243,state_244,state_245,state_246,state_247,state_248,state_249,state_250,state_251,state_252,state_253,state_254,state_255,state_256,state_257,state_258,state_259,state_260,state_261,state_262,state_263,state_264,state_265,state_266,state_267,state_268,state_269,state_270,state_271,state_272,state_273,state_274,state_275,state_276,state_277,state_278,state_279,state_280,state_281,state_282,state_283,state_284,state_285,state_286,state_287
{'img': array([[[ 0.        ,  0.27467032, -0.20540834, ..., -0.9700519 ,
         -0.85709042, -0.27467032],
        [-0.27467032,  0.        , -0.46632137, ..., -0.8660254 ,
         -0.68262459, -0.        ],
        [ 0.20540834,  0.46632137,  0.        , ..., -0.99926008,
         -0.94463352, -0.46632137],
        ...,
        [ 0.9700519 ,  0.8660254 ,  0.99926008, ...,  0.        ,
         -0.29155242, -0.8660254 ],
        [ 0.85709042,  0.68262459,  0.94463352, ...,  0.29155242,
          0.        , -0.68262459],
        [ 0.27467032,  0.        ,  0.46632137, ...,  0.8660254 ,
          0.68262459,  0.        ]],

       [[ 0.        ,  0.14132536, -0.08099491, ..., -0.62669992,
         -0.44062859,  0.1215389 ],
        [-0.14132536,  0.        , -0.22104301, ..., -0.73053916,
         -0.56307238, -0.01995863],
        [ 0.08099491,  0.22104301,  0.        , ..., -0.56152476,
         -0.36647263,  0.20153405],
        ...,
        [ 0.62669992,  0.73053916,  0.56152476, ...,  0.        ,
          0.21921741,  0.71676448],
        [ 0.44062859,  0.56307238,  0.36647263, ..., -0.21921741,
          0.        ,  0.54646626],
        [-0.1215389 ,  0.01995863, -0.20153405, ..., -0.71676448,
         -0.54646626,  0.        ]],

       [[ 0.        , -0.38351557, -0.51769541, ..., -0.33015928,
         -0.36672003, -0.        ],
        [ 0.38351557,  0.        , -0.14998703, ..., -0.66692349,
         -0.69547512, -0.38351557],
        [ 0.51769541,  0.14998703,  0.        , ..., -0.77113849,
         -0.79538109, -0.51769541],
        ...,
        [ 0.33015928,  0.66692349,  0.77113849, ...,  0.        ,
          0.03899875, -0.33015928],
        [ 0.36672003,  0.69547512,  0.79538109, ..., -0.03899875,
          0.        , -0.36672003],
        [ 0.        ,  0.38351557,  0.51769541, ...,  0.33015928,
          0.36672003,  0.        ]],

       ...,

       [[ 0.        ,  0.0765322 ,  0.10358951, ...,  0.01503465,
         -0.03410428,  0.01503465],
        [-0.0765322 ,  0.        ,  0.02716522, ..., -0.06153299,
         -0.11049193, -0.06153299],
        [-0.10358951, -0.02716522,  0.        , ..., -0.08862403,
         -0.13745005, -0.08862403],
        ...,
        [-0.01503465,  0.06153299,  0.08862403, ...,  0.        ,
         -0.04912632,  0.        ],
        [ 0.03410428,  0.11049193,  0.13745005, ...,  0.04912632,
          0.        ,  0.04912632],
        [-0.01503465,  0.06153299,  0.08862403, ...,  0.        ,
         -0.04912632,  0.        ]],

       [[ 0.        ,  0.01031953,  0.0928058 , ..., -0.8930282 ,
         -0.7604251 , -0.41679708],
        [-0.01031953,  0.        ,  0.08252587, ..., -0.88833685,
         -0.75368284, -0.40739444],
        [-0.0928058 , -0.08252587,  0.        , ..., -0.84741142,
         -0.69687281, -0.33063785],
        ...,
        [ 0.8930282 ,  0.88833685,  0.84741142, ...,  0.        ,
         -0.23776359, -0.62420326],
        [ 0.7604251 ,  0.75368284,  0.69687281, ...,  0.23776359,
          0.        , -0.42054736],
        [ 0.41679708,  0.40739444,  0.33063785, ...,  0.62420326,
          0.42054736,  0.        ]],

       [[ 0.        , -0.32129573, -0.46177089, ..., -0.48725305,
         -0.40281124, -0.        ],
        [ 0.32129573,  0.        , -0.15229823, ..., -0.74199334,
         -0.67553029, -0.32129573],
        [ 0.46177089,  0.15229823,  0.        , ..., -0.83543951,
         -0.77994434, -0.46177089],
        ...,
        [ 0.48725305,  0.74199334,  0.83543951, ...,  0.        ,
         -0.0942152 , -0.48725305],
        [ 0.40281124,  0.67553029,  0.77994434, ...,  0.0942152 ,
          0.        , -0.40281124],
        [ 0.        ,  0.32129573,  0.46177089, ...,  0.48725305,
          0.40281124,  0.        ]]]), 'num': array([6.94135269e-01, 6.94135269e-01, 0.00000000e+00, 3.91439572e-03,
       3.93636203e-03, 3.79138441e-03, 1.90304125e-01, 7.02921791e-05,
       4.01456208e-03, 4.22719592e-03, 4.63115629e-03, 1.31089245e-06,
       4.68986786e-03, 3.76452398e-03])}
{'img': array([[[ 0.        , -0.46632137, -0.53293871, ..., -0.68262459,
         -0.        , -0.48063075],
        [ 0.46632137,  0.        , -0.07686616, ..., -0.94463352,
         -0.46632137, -0.83410133],
        [ 0.53293871,  0.07686616,  0.        , ..., -0.96706063,
         -0.53293871, -0.87403381],
        ...,
        [ 0.68262459,  0.94463352,  0.96706063, ...,  0.        ,
         -0.68262459, -0.24737909],
        [ 0.        ,  0.46632137,  0.53293871, ...,  0.68262459,
          0.        ,  0.48063075],
        [ 0.48063075,  0.83410133,  0.87403381, ...,  0.24737909,
         -0.48063075,  0.        ]],

       [[ 0.        , -0.22104301, -0.77169271, ..., -0.56307238,
         -0.01995863, -0.20255925],
        [ 0.22104301,  0.        , -0.61202179, ..., -0.36647263,
          0.20153405,  0.01891204],
        [ 0.77169271,  0.61202179,  0.        , ...,  0.27962117,
          0.7588454 ,  0.62686874],
        ...,
        [ 0.56307238,  0.36647263, -0.27962117, ...,  0.        ,
          0.54646626,  0.38400339],
        [ 0.01995863, -0.20153405, -0.7588454 , ..., -0.54646626,
          0.        , -0.18297402],
        [ 0.20255925, -0.01891204, -0.62686874, ..., -0.38400339,
          0.18297402,  0.        ]],

       [[ 0.        , -0.36031794, -0.54185778, ..., -0.5546648 ,
         -0.43397774, -0.        ],
        [ 0.36031794,  0.        , -0.20262446, ..., -0.81721888,
         -0.7294462 , -0.36031794],
        [ 0.54185778,  0.20262446,  0.        , ..., -0.91704495,
         -0.85291781, -0.54185778],
        ...,
        [ 0.5546648 ,  0.81721888,  0.91704495, ...,  0.        ,
         -0.13860906, -0.5546648 ],
        [ 0.43397774,  0.7294462 ,  0.85291781, ...,  0.13860906,
          0.        , -0.43397774],
        [ 0.        ,  0.36031794,  0.54185778, ...,  0.5546648 ,
          0.43397774,  0.        ]],

       ...,

       [[ 0.        ,  0.02716522, -0.25109556, ..., -0.11049193,
         -0.06153299,  0.13860457],
        [-0.02716522,  0.        , -0.27729781, ..., -0.13745005,
         -0.08862403,  0.1116504 ],
        [ 0.25109556,  0.27729781,  0.        , ...,  0.14260609,
          0.19105813,  0.38283594],
        ...,
        [ 0.11049193,  0.13745005, -0.14260609, ...,  0.        ,
          0.04912632,  0.24718134],
        [ 0.06153299,  0.08862403, -0.19105813, ..., -0.04912632,
          0.        ,  0.19928099],
        [-0.13860457, -0.1116504 , -0.38283594, ..., -0.24718134,
         -0.19928099,  0.        ]],

       [[ 0.        ,  0.07953865,  0.18396227, ..., -0.88539461,
         -0.80507607, -0.39372681],
        [-0.07953865,  0.        ,  0.10519825, ..., -0.84561672,
         -0.75534534, -0.31936528],
        [-0.18396227, -0.10519825,  0.        , ..., -0.78477079,
         -0.68221489, -0.21790402],
        ...,
        [ 0.88539461,  0.84561672,  0.78477079, ...,  0.        ,
         -0.15095922, -0.63085903],
        [ 0.80507607,  0.75534534,  0.68221489, ...,  0.15095922,
          0.        , -0.5065005 ],
        [ 0.39372681,  0.31936528,  0.21790402, ...,  0.63085903,
          0.5065005 ,  0.        ]],

       [[ 0.        , -0.3427446 , -0.46976145, ..., -0.4737985 ,
         -0.2578463 , -0.        ],
        [ 0.3427446 ,  0.        , -0.13873469, ..., -0.74693217,
         -0.57338321, -0.3427446 ],
        [ 0.46976145,  0.13873469,  0.        , ..., -0.83195375,
         -0.68150193, -0.46976145],
        ...,
        [ 0.4737985 ,  0.74693217,  0.83195375, ...,  0.        ,
         -0.23070941, -0.4737985 ],
        [ 0.2578463 ,  0.57338321,  0.68150193, ...,  0.23070941,
          0.        , -0.2578463 ],
        [ 0.        ,  0.3427446 ,  0.46976145, ...,  0.4737985 ,
          0.2578463 ,  0.        ]]]), 'num': array([8.12532455e-01, 5.53951197e-01, 2.79547307e-06, 4.70147743e-03,
       4.74722153e-03, 4.59474118e-03, 1.80947668e-01, 1.72811062e-04,
       4.61608843e-03, 4.86132766e-03, 5.34011596e-03, 2.03307132e-06,
       5.37023018e-03, 4.35242515e-03])}
{'img': array([[[ 0.        , -0.07686616, -0.14492878, ..., -0.46632137,
         -0.83410133, -0.98424471],
        [ 0.07686616,  0.        , -0.06844538, ..., -0.53293871,
         -0.87403381, -0.99492358],
        [ 0.14492878,  0.06844538,  0.        , ..., -0.58960422,
         -0.90523931, -0.99947824],
        ...,
        [ 0.46632137,  0.53293871,  0.58960422, ...,  0.        ,
          0.48063075,  0.78822698],
        [ 0.83410133,  0.87403381,  0.90523931, ..., -0.48063075,
          0.        ,  0.39544166],
        [ 0.98424471,  0.99492358,  0.99947824, ..., -0.78822698,
         -0.39544166,  0.        ]],

       [[ 0.        , -0.61202179, -0.48831598, ...,  0.20153405,
          0.01891204, -0.21752156],
        [ 0.61202179,  0.        ,  0.1479109 , ...,  0.7588454 ,
          0.62686874,  0.42534229],
        [ 0.48831598, -0.1479109 ,  0.        , ...,  0.65416857,
          0.50473255,  0.28679964],
        ...,
        [-0.20153405, -0.7588454 , -0.65416857, ...,  0.        ,
         -0.18297402, -0.40976677],
        [-0.01891204, -0.62686874, -0.50473255, ...,  0.18297402,
          0.        , -0.23594186],
        [ 0.21752156, -0.42534229, -0.28679964, ...,  0.40976677,
          0.23594186,  0.        ]],

       [[ 0.        , -0.42177486, -0.58170311, ..., -0.52286207,
         -0.30453195, -0.        ],
        [ 0.42177486,  0.        , -0.18435838, ..., -0.83360754,
         -0.67786075, -0.42177486],
        [ 0.58170311,  0.18435838,  0.        , ..., -0.92115042,
         -0.8017801 , -0.58170311],
        ...,
        [ 0.52286207,  0.83360754,  0.92115042, ...,  0.        ,
         -0.23843892, -0.52286207],
        [ 0.30453195,  0.67786075,  0.8017801 , ...,  0.23843892,
          0.        , -0.30453195],
        [ 0.        ,  0.42177486,  0.58170311, ...,  0.52286207,
          0.30453195,  0.        ]],

       ...,

       [[ 0.        , -0.27729781, -0.30283604, ..., -0.08862403,
          0.1116504 ,  0.5075694 ],
        [ 0.27729781,  0.        , -0.02668338, ...,  0.19105813,
          0.38283594,  0.72658738],
        [ 0.30283604,  0.02668338,  0.        , ...,  0.21718194,
          0.40735017,  0.74466212],
        ...,
        [ 0.08862403, -0.19105813, -0.21718194, ...,  0.        ,
          0.19928099,  0.58193162],
        [-0.1116504 , -0.38283594, -0.40735017, ..., -0.19928099,
          0.        ,  0.40819665],
        [-0.5075694 , -0.72658738, -0.74466212, ..., -0.58193162,
         -0.40819665,  0.        ]],

       [[ 0.        ,  0.10234864,  0.18818832, ..., -0.85074774,
         -0.70291427, -0.31105919],
        [-0.10234864,  0.        ,  0.08668009, ..., -0.7924883 ,
         -0.62642499, -0.21215451],
        [-0.18818832, -0.08668009,  0.        , ..., -0.73664047,
         -0.55650171, -0.12664909],
        ...,
        [ 0.85074774,  0.7924883 ,  0.73664047, ...,  0.        ,
         -0.23568161, -0.6450579 ],
        [ 0.70291427,  0.62642499,  0.55650171, ...,  0.23568161,
          0.        , -0.44679457],
        [ 0.31105919,  0.21215451,  0.12664909, ...,  0.6450579 ,
          0.44679457,  0.        ]],

       [[ 0.        , -0.33637833, -0.39769424, ..., -0.277509  ,
         -0.09460428, -0.        ],
        [ 0.33637833,  0.        , -0.06588621, ..., -0.58450411,
         -0.42396105, -0.33637833],
        [ 0.39769424,  0.06588621,  0.        , ..., -0.63669353,
         -0.48271169, -0.39769424],
        ...,
        [ 0.277509  ,  0.58450411,  0.63669353, ...,  0.        ,
         -0.18537586, -0.277509  ],
        [ 0.09460428,  0.42396105,  0.48271169, ...,  0.18537586,
          0.        , -0.09460428],
        [ 0.        ,  0.33637833,  0.39769424, ...,  0.277509  ,
          0.09460428,  0.        ]]]), 'num': array([ 8.45946124e-01,  4.89513445e-01,  3.87006167e-06,  4.88263945e-03,
        4.96216126e-03,  4.81902200e-03,  2.11068180e-01, -2.12058174e-05,
        4.79463531e-03,  5.03373090e-03,  5.55238985e-03,  2.12846494e-06,
        5.50608423e-03,  4.56137756e-03])}
{'img': array([[[ 0.        , -0.06844538,  0.28002772, ..., -0.87403381,
         -0.99492358, -0.99015109],
        [ 0.06844538,  0.        ,  0.34507803, ..., -0.90523931,
         -0.99947824, -0.99741161],
        [-0.28002772, -0.34507803,  0.        , ..., -0.7030097 ,
         -0.92693845, -0.91133235],
        ...,
        [ 0.87403381,  0.90523931,  0.7030097 , ...,  0.        ,
          0.39544166,  0.35871259],
        [ 0.99492358,  0.99947824,  0.92693845, ..., -0.39544166,
          0.        , -0.03964994],
        [ 0.99015109,  0.99741161,  0.91133235, ..., -0.35871259,
          0.03964994,  0.        ]],

       [[ 0.        ,  0.1479109 ,  0.04248274, ...,  0.62686874,
          0.42534229,  0.54114887],
        [-0.1479109 ,  0.        , -0.10576191, ...,  0.50473255,
          0.28679964,  0.41081436],
        [-0.04248274,  0.10576191,  0.        , ...,  0.59320344,
          0.38651003,  0.50493544],
        ...,
        [-0.62686874, -0.50473255, -0.59320344, ...,  0.        ,
         -0.23594186, -0.10552818],
        [-0.42534229, -0.28679964, -0.38651003, ...,  0.23594186,
          0.        ,  0.13207561],
        [-0.54114887, -0.41081436, -0.50493544, ...,  0.10552818,
         -0.13207561,  0.        ]],

       [[ 0.        , -0.42803527, -0.42803527, ..., -0.39713482,
         -0.25570765, -0.        ],
        [ 0.42803527,  0.        ,  0.        , ..., -0.75174915,
         -0.64490374, -0.42803527],
        [ 0.42803527,  0.        ,  0.        , ..., -0.75174915,
         -0.64490374, -0.42803527],
        ...,
        [ 0.39713482,  0.75174915,  0.75174915, ...,  0.        ,
         -0.14925342, -0.39713482],
        [ 0.25570765,  0.64490374,  0.64490374, ...,  0.14925342,
          0.        , -0.25570765],
        [ 0.        ,  0.42803527,  0.42803527, ...,  0.39713482,
          0.25570765,  0.        ]],

       ...,

       [[ 0.        , -0.02668338,  0.45460067, ...,  0.38283594,
          0.72658738,  0.73079042],
        [ 0.02668338,  0.        ,  0.47820556, ...,  0.40735017,
          0.74466212,  0.74874434],
        [-0.45460067, -0.47820556,  0.        , ..., -0.07897733,
          0.33482368,  0.34060036],
        ...,
        [-0.38283594, -0.40735017,  0.07897733, ...,  0.        ,
          0.40819665,  0.4137916 ],
        [-0.72658738, -0.74466212, -0.33482368, ..., -0.40819665,
          0.        ,  0.00613723],
        [-0.73079042, -0.74874434, -0.34060036, ..., -0.4137916 ,
         -0.00613723,  0.        ]],

       [[ 0.        ,  0.08313907,  0.20362091, ..., -0.80595461,
         -0.70140222, -0.20362091],
        [-0.08313907,  0.        ,  0.12151867, ..., -0.75394791,
         -0.63971525, -0.12151867],
        [-0.20362091, -0.12151867,  0.        , ..., -0.66853075,
         -0.54157371, -0.        ],
        ...,
        [ 0.80595461,  0.75394791,  0.66853075, ...,  0.        ,
         -0.15924258, -0.66853075],
        [ 0.70140222,  0.63971525,  0.54157371, ...,  0.15924258,
          0.        , -0.54157371],
        [ 0.20362091,  0.12151867,  0.        , ...,  0.66853075,
          0.54157371,  0.        ]],

       [[ 0.        , -0.22192149, -0.34295924, ..., -0.09601013,
         -0.        , -0.2569411 ],
        [ 0.22192149,  0.        , -0.12594538, ..., -0.31451236,
         -0.22192149, -0.46500509],
        [ 0.34295924,  0.12594538,  0.        , ..., -0.43156204,
         -0.34295924, -0.57280279],
        ...,
        [ 0.09601013,  0.31451236,  0.43156204, ...,  0.        ,
         -0.09601013,  0.16296734],
        [ 0.        ,  0.22192149,  0.34295924, ...,  0.09601013,
          0.        ,  0.2569411 ],
        [ 0.2569411 ,  0.46500509,  0.57280279, ..., -0.16296734,
         -0.2569411 ,  0.        ]]]), 'num': array([8.81796841e-01, 4.34733285e-01, 4.76106023e-06, 5.13866156e-03,
       5.20980384e-03, 4.99637700e-03, 1.82277136e-01, 9.85046945e-05,
       4.98105405e-03, 5.16438223e-03, 5.71546127e-03, 2.48928831e-06,
       5.57390683e-03, 4.75485764e-03])}
{'img': array([[[ 0.        ,  0.34507803, -0.12048601, ..., -0.99947824,
         -0.99741161, -0.99519552],
        [-0.34507803,  0.        , -0.45564918, ..., -0.92693845,
         -0.91133235, -0.96785038],
        [ 0.12048601,  0.45564918,  0.        , ..., -0.9960887 ,
         -0.99880883, -0.97614905],
        ...,
        [ 0.99947824,  0.92693845,  0.9960887 , ...,  0.        ,
         -0.03964994,  0.13000074],
        [ 0.99741161,  0.91133235,  0.99880883, ...,  0.03964994,
          0.        ,  0.16921197],
        [ 0.99519552,  0.96785038,  0.97614905, ..., -0.13000074,
         -0.16921197,  0.        ]],

       [[ 0.        , -0.10576191,  0.59892996, ...,  0.28679964,
          0.41081436,  0.21350602],
        [ 0.10576191,  0.        ,  0.68026513, ...,  0.38651003,
          0.50493544,  0.31563179],
        [-0.59892996, -0.68026513,  0.        , ..., -0.3440997 ,
         -0.21707511, -0.41414376],
        ...,
        [-0.28679964, -0.38651003,  0.3440997 , ...,  0.        ,
          0.13207561, -0.07564978],
        [-0.41081436, -0.50493544,  0.21707511, ..., -0.13207561,
          0.        , -0.2066842 ],
        [-0.21350602, -0.31563179,  0.41414376, ...,  0.07564978,
          0.2066842 ,  0.        ]],

       [[ 0.        ,  0.        , -0.19410205, ..., -0.47680563,
         -0.23164054, -0.53076049],
        [ 0.        ,  0.        , -0.19410205, ..., -0.47680563,
         -0.23164054, -0.53076049],
        [ 0.19410205,  0.19410205,  0.        , ..., -0.63835483,
         -0.4160578 , -0.68517187],
        ...,
        [ 0.47680563,  0.47680563,  0.63835483, ...,  0.        ,
         -0.26022315,  0.06243993],
        [ 0.23164054,  0.23164054,  0.4160578 , ...,  0.26022315,
          0.        ,  0.32000416],
        [ 0.53076049,  0.53076049,  0.68517187, ..., -0.06243993,
         -0.32000416,  0.        ]],

       ...,

       [[ 0.        ,  0.47820556,  0.45008752, ...,  0.74466212,
          0.74874434,  0.87810084],
        [-0.47820556,  0.        , -0.03174169, ...,  0.33482368,
          0.34060036,  0.54238054],
        [-0.45008752,  0.03174169,  0.        , ...,  0.36456455,
          0.37027253,  0.56877448],
        ...,
        [-0.74466212, -0.33482368, -0.36456455, ...,  0.        ,
          0.00613723,  0.22977838],
        [-0.74874434, -0.34060036, -0.37027253, ..., -0.00613723,
          0.        ,  0.22380103],
        [-0.87810084, -0.54238054, -0.56877448, ..., -0.22977838,
         -0.22380103,  0.        ]],

       [[ 0.        ,  0.11646843, -0.18397569, ..., -0.79897568,
         -0.64144097, -0.11646843],
        [-0.11646843,  0.        , -0.29720402, ..., -0.72349832,
         -0.54772422, -0.        ],
        [ 0.18397569,  0.29720402,  0.        , ..., -0.89597403,
         -0.77163315, -0.29720402],
        ...,
        [ 0.79897568,  0.72349832,  0.89597403, ...,  0.        ,
         -0.227213  , -0.72349832],
        [ 0.64144097,  0.54772422,  0.77163315, ...,  0.227213  ,
          0.        , -0.54772422],
        [ 0.11646843,  0.        ,  0.29720402, ...,  0.72349832,
          0.54772422,  0.        ]],

       [[ 0.        , -0.26650025, -0.44933496, ..., -0.        ,
         -0.25853011, -0.44526983],
        [ 0.26650025,  0.        , -0.19500314, ..., -0.26650025,
         -0.50662042, -0.66778995],
        [ 0.44933496,  0.19500314,  0.        , ..., -0.44933496,
         -0.66502033, -0.80012067],
        ...,
        [ 0.        ,  0.26650025,  0.44933496, ...,  0.        ,
          0.25853011,  0.44526983],
        [ 0.25853011,  0.50662042,  0.66502033, ..., -0.25853011,
          0.        ,  0.19864514],
        [ 0.44526983,  0.66778995,  0.80012067, ..., -0.44526983,
         -0.19864514,  0.        ]]]), 'num': array([7.80095700e-01, 6.10550849e-01, 1.78844780e-06, 4.58229329e-03,
       4.66446522e-03, 4.56779236e-03, 1.36041811e-01, 4.35027844e-05,
       4.47015278e-03, 4.54048228e-03, 5.03520561e-03, 2.44397665e-06,
       4.84082658e-03, 4.24013799e-03])}
{'img': array([[[ 0.        , -0.45564918, -0.62691951, ..., -0.91133235,
         -0.96785038, -0.98461502],
        [ 0.45564918,  0.        , -0.20306932, ..., -0.99880883,
         -0.97614905, -0.95608344],
        [ 0.62691951,  0.20306932,  0.        , ..., -0.96808932,
         -0.91172373, -0.87664431],
        ...,
        [ 0.91133235,  0.99880883,  0.96808932, ...,  0.        ,
          0.16921197,  0.24609374],
        [ 0.96785038,  0.97614905,  0.91172373, ..., -0.16921197,
          0.        ,  0.07853696],
        [ 0.98461502,  0.95608344,  0.87664431, ..., -0.24609374,
         -0.07853696,  0.        ]],

       [[ 0.        ,  0.68026513,  0.42572845, ...,  0.50493544,
          0.31563179,  0.13538488],
        [-0.68026513,  0.        , -0.30349403, ..., -0.21707511,
         -0.41414376, -0.57476945],
        [-0.42572845,  0.30349403,  0.        , ...,  0.08942078,
         -0.11836623, -0.29930566],
        ...,
        [-0.50493544,  0.21707511, -0.08942078, ...,  0.        ,
         -0.2066842 , -0.38342812],
        [-0.31563179,  0.41414376,  0.11836623, ...,  0.2066842 ,
          0.        , -0.18426155],
        [-0.13538488,  0.57476945,  0.29930566, ...,  0.38342812,
          0.18426155,  0.        ]],

       [[ 0.        , -0.19410205, -0.33876549, ..., -0.23164054,
         -0.53076049, -0.75243081],
        [ 0.19410205,  0.        , -0.14969766, ..., -0.4160578 ,
         -0.68517187, -0.86597004],
        [ 0.33876549,  0.14969766,  0.        , ..., -0.54749538,
         -0.78648823, -0.93107532],
        ...,
        [ 0.23164054,  0.4160578 ,  0.54749538, ...,  0.        ,
          0.32000416,  0.57939082],
        [ 0.53076049,  0.68517187,  0.78648823, ..., -0.32000416,
          0.        ,  0.28810486],
        [ 0.75243081,  0.86597004,  0.93107532, ..., -0.57939082,
         -0.28810486,  0.        ]],

       ...,

       [[ 0.        , -0.03174169, -0.1467749 , ...,  0.34060036,
          0.54238054,  0.72244451],
        [ 0.03174169,  0.        , -0.11530301, ...,  0.37027253,
          0.56877448,  0.7440276 ],
        [ 0.1467749 ,  0.11530301,  0.        , ...,  0.47491059,
          0.65981694,  0.81610479],
        ...,
        [-0.34060036, -0.37027253, -0.47491059, ...,  0.        ,
          0.22380103,  0.44374729],
        [-0.54238054, -0.56877448, -0.65981694, ..., -0.22380103,
          0.        ,  0.23193184],
        [-0.72244451, -0.7440276 , -0.81610479, ..., -0.44374729,
         -0.23193184,  0.        ]],

       [[ 0.        , -0.28761592, -0.40112803, ..., -0.69656919,
         -0.49264123, -0.        ],
        [ 0.28761592,  0.        , -0.12071619, ..., -0.87349768,
         -0.72211781, -0.28761592],
        [ 0.40112803,  0.12071619,  0.        , ..., -0.9258779 ,
         -0.80034486, -0.40112803],
        ...,
        [ 0.69656919,  0.87349768,  0.9258779 , ...,  0.        ,
         -0.25271218, -0.69656919],
        [ 0.49264123,  0.72211781,  0.80034486, ...,  0.25271218,
          0.        , -0.49264123],
        [ 0.        ,  0.28761592,  0.40112803, ...,  0.69656919,
          0.49264123,  0.        ]],

       [[ 0.        , -0.37200497, -0.54431446, ..., -0.26085819,
         -0.44912267, -0.56866791],
        [ 0.37200497,  0.        , -0.19318141, ..., -0.60126168,
         -0.74926479, -0.83385412],
        [ 0.54431446,  0.19318141,  0.        , ..., -0.74429778,
         -0.86308929, -0.92478008],
        ...,
        [ 0.26085819,  0.60126168,  0.74429778, ...,  0.        ,
          0.20050376,  0.3344056 ],
        [ 0.44912267,  0.74926479,  0.86308929, ..., -0.20050376,
          0.        ,  0.1386542 ],
        [ 0.56866791,  0.83385412,  0.92478008, ..., -0.3344056 ,
         -0.1386542 ,  0.        ]]]), 'num': array([ 7.74565207e-01,  6.25823469e-01,  1.58742517e-06,  4.50732541e-03,
        4.60353299e-03,  4.49770465e-03,  9.06960940e-02, -5.29141724e-05,
        4.49289427e-03,  4.50588229e-03,  4.99549873e-03,  2.27206107e-06,
        4.78308872e-03,  4.22867587e-03])}
{'img': array([[[ 0.        , -0.20306932, -0.10658865, ..., -0.97614905,
         -0.95608344, -0.97988917],
        [ 0.20306932,  0.        ,  0.09754467, ..., -0.91172373,
         -0.87664431, -0.9189516 ],
        [ 0.10658865, -0.09754467,  0.        , ..., -0.94744758,
         -0.91939627, -0.95303798],
        ...,
        [ 0.97614905,  0.91172373,  0.94744758, ...,  0.        ,
          0.07853696, -0.01795211],
        [ 0.95608344,  0.87664431,  0.91939627, ..., -0.07853696,
          0.        , -0.09642096],
        [ 0.97988917,  0.9189516 ,  0.95303798, ...,  0.01795211,
          0.09642096,  0.        ]],

       [[ 0.        , -0.30349403, -0.62048124, ..., -0.41414376,
         -0.57476945, -0.88345328],
        [ 0.30349403,  0.        , -0.35320873, ..., -0.11836623,
         -0.29930566, -0.69959094],
        [ 0.62048124,  0.35320873,  0.        , ...,  0.2399888 ,
          0.05700291, -0.40211546],
        ...,
        [ 0.41414376,  0.11836623, -0.2399888 , ...,  0.        ,
         -0.18426155, -0.610095  ],
        [ 0.57476945,  0.29930566, -0.05700291, ...,  0.18426155,
          0.        , -0.45365286],
        [ 0.88345328,  0.69959094,  0.40211546, ...,  0.610095  ,
          0.45365286,  0.        ]],

       [[ 0.        , -0.14969766, -0.2264851 , ..., -0.68517187,
         -0.86597004, -0.92429182],
        [ 0.14969766,  0.        , -0.07812531, ..., -0.78648823,
         -0.93107532, -0.97101432],
        [ 0.2264851 ,  0.07812531,  0.        , ..., -0.83233497,
         -0.95673175, -0.98672007],
        ...,
        [ 0.68517187,  0.78648823,  0.83233497, ...,  0.        ,
          0.28810486,  0.4117161 ],
        [ 0.86597004,  0.93107532,  0.95673175, ..., -0.28810486,
          0.        ,  0.13170541],
        [ 0.92429182,  0.97101432,  0.98672007, ..., -0.4117161 ,
         -0.13170541,  0.        ]],

       ...,

       [[ 0.        , -0.11530301, -0.25995152, ...,  0.56877448,
          0.7440276 ,  0.63071122],
        [ 0.11530301,  0.        , -0.14687865, ...,  0.65981694,
          0.81610479,  0.71598178],
        [ 0.25995152,  0.14687865,  0.        , ...,  0.7630294 ,
          0.89213549,  0.81075538],
        ...,
        [-0.56877448, -0.65981694, -0.7630294 , ...,  0.        ,
          0.23193184,  0.07737686],
        [-0.7440276 , -0.81610479, -0.89213549, ..., -0.23193184,
          0.        , -0.15596954],
        [-0.63071122, -0.71598178, -0.81075538, ..., -0.07737686,
          0.15596954,  0.        ]],

       [[ 0.        , -0.28499139, -0.39277525, ..., -0.5768444 ,
         -0.32465698, -0.        ],
        [ 0.28499139,  0.        , -0.11439898, ..., -0.78571908,
         -0.5807474 , -0.28499139],
        [ 0.39277525,  0.11439898,  0.        , ..., -0.85132606,
         -0.67006509, -0.39277525],
        ...,
        [ 0.5768444 ,  0.78571908,  0.85132606, ...,  0.        ,
         -0.28040043, -0.5768444 ],
        [ 0.32465698,  0.5807474 ,  0.67006509, ...,  0.28040043,
          0.        , -0.32465698],
        [ 0.        ,  0.28499139,  0.39277525, ...,  0.5768444 ,
          0.32465698,  0.        ]],

       [[ 0.        , -0.42043014, -0.54554246, ..., -0.45692537,
         -0.57810398, -0.60055921],
        [ 0.42043014,  0.        , -0.14262884, ..., -0.7885545 ,
         -0.86758362, -0.88106999],
        [ 0.54554246,  0.14262884,  0.        , ..., -0.86820424,
         -0.92964174, -0.93952357],
        ...,
        [ 0.45692537,  0.7885545 ,  0.86820424, ...,  0.        ,
          0.14139215,  0.16885192],
        [ 0.57810398,  0.86758362,  0.92964174, ..., -0.14139215,
          0.        ,  0.02779362],
        [ 0.60055921,  0.88106999,  0.93952357, ..., -0.16885192,
         -0.02779362,  0.        ]]]), 'num': array([ 7.65930029e-01,  6.32685457e-01,  1.42813047e-06,  4.44148576e-03,
        4.47480880e-03,  4.36531880e-03,  1.13569124e-01, -1.90417396e-05,
        4.45386289e-03,  4.44529410e-03,  4.93038242e-03,  2.48708435e-06,
        4.69266455e-03,  4.19792366e-03])}
{'img': array([[[ 0.        ,  0.09754467,  0.53207434, ..., -0.87664431,
         -0.9189516 , -0.93273783],
        [-0.09754467,  0.        ,  0.44694612, ..., -0.91939627,
         -0.95303798, -0.96345999],
        [-0.53207434, -0.44694612,  0.        , ..., -0.9982544 ,
         -0.98790849, -0.98158916],
        ...,
        [ 0.87664431,  0.91939627,  0.9982544 , ...,  0.        ,
         -0.09642096, -0.13269779],
        [ 0.9189516 ,  0.95303798,  0.98790849, ...,  0.09642096,
          0.        , -0.03651124],
        [ 0.93273783,  0.96345999,  0.98158916, ...,  0.13269779,
          0.03651124,  0.        ]],

       [[ 0.        , -0.35320873, -0.22479144, ..., -0.29930566,
         -0.69959094, -0.46588864],
        [ 0.35320873,  0.        ,  0.13386662, ...,  0.05700291,
         -0.40211546, -0.12332517],
        [ 0.22479144, -0.13386662,  0.        , ..., -0.07715911,
         -0.52106296, -0.25505989],
        ...,
        [ 0.29930566, -0.05700291,  0.07715911, ...,  0.        ,
         -0.45365286, -0.17969241],
        [ 0.69959094,  0.40211546,  0.52106296, ...,  0.45365286,
          0.        ,  0.28613067],
        [ 0.46588864,  0.12332517,  0.25505989, ...,  0.17969241,
         -0.28613067,  0.        ]],

       [[ 0.        , -0.07812531, -0.03232025, ..., -0.93107532,
         -0.97101432, -0.97582875],
        [ 0.07812531,  0.        ,  0.04586303, ..., -0.95673175,
         -0.98672007, -0.98991941],
        [ 0.03232025, -0.04586303,  0.        , ..., -0.94238019,
         -0.97823225, -0.9823821 ],
        ...,
        [ 0.93107532,  0.95673175,  0.94238019, ...,  0.        ,
          0.13170541,  0.15253463],
        [ 0.97101432,  0.98672007,  0.97823225, ..., -0.13170541,
          0.        ,  0.02104168],
        [ 0.97582875,  0.98991941,  0.9823821 , ..., -0.15253463,
         -0.02104168,  0.        ]],

       ...,

       [[ 0.        , -0.14687865,  0.18568898, ...,  0.81610479,
          0.71598178,  0.86251034],
        [ 0.14687865,  0.        ,  0.32799931, ...,  0.89213549,
          0.81075538,  0.92748239],
        [-0.18568898, -0.32799931,  0.        , ...,  0.69460116,
          0.57389683,  0.75354411],
        ...,
        [-0.81610479, -0.89213549, -0.69460116, ...,  0.        ,
         -0.15596954,  0.08546693],
        [-0.71598178, -0.81075538, -0.57389683, ...,  0.15596954,
          0.        ,  0.23981982],
        [-0.86251034, -0.92748239, -0.75354411, ..., -0.08546693,
         -0.23981982,  0.        ]],

       [[ 0.        , -0.27462067, -0.49040563, ..., -0.47046922,
         -0.3521054 , -0.        ],
        [ 0.27462067,  0.        , -0.23222048, ..., -0.69471071,
         -0.59560194, -0.27462067],
        [ 0.49040563,  0.23222048,  0.        , ..., -0.84275322,
         -0.76585808, -0.49040563],
        ...,
        [ 0.47046922,  0.69471071,  0.84275322, ...,  0.        ,
         -0.12963695, -0.47046922],
        [ 0.3521054 ,  0.59560194,  0.76585808, ...,  0.12963695,
          0.        , -0.3521054 ],
        [ 0.        ,  0.27462067,  0.49040563, ...,  0.47046922,
          0.3521054 ,  0.        ]],

       [[ 0.        , -0.22212205, -0.19968327, ..., -0.74652609,
         -0.76508996, -0.79041597],
        [ 0.22212205,  0.        ,  0.02295366, ..., -0.87566729,
         -0.88900673, -0.9067359 ],
        [ 0.19968327, -0.02295366,  0.        , ..., -0.86435191,
         -0.87826216, -0.89681746],
        ...,
        [ 0.74652609,  0.87566729,  0.86435191, ...,  0.        ,
          0.02835168,  0.06860828],
        [ 0.76508996,  0.88900673,  0.87826216, ..., -0.02835168,
          0.        ,  0.04029582],
        [ 0.79041597,  0.9067359 ,  0.89681746, ..., -0.06860828,
         -0.04029582,  0.        ]]]), 'num': array([9.85742485e-01, 2.51385405e-02, 1.02191909e-05, 5.71788062e-03,
       5.86386906e-03, 5.70571492e-03, 1.65564032e-01, 4.25799621e-05,
       5.71423091e-03, 5.66830538e-03, 6.28581621e-03, 3.53959044e-06,
       5.95901924e-03, 5.37759152e-03])}
{'img': array([[[ 0.        ,  0.44694612,  0.44694612, ..., -0.95303798,
         -0.96345999, -0.94456114],
        [-0.44694612,  0.        ,  0.        , ..., -0.98790849,
         -0.98158916, -0.99171576],
        [-0.44694612,  0.        ,  0.        , ..., -0.98790849,
         -0.98158916, -0.99171576],
        ...,
        [ 0.95303798,  0.98790849,  0.98790849, ...,  0.        ,
         -0.03651124,  0.02685517],
        [ 0.96345999,  0.98158916,  0.98158916, ...,  0.03651124,
          0.        ,  0.06333533],
        [ 0.94456114,  0.99171576,  0.99171576, ..., -0.02685517,
         -0.06333533,  0.        ]],

       [[ 0.        ,  0.13386662,  0.09132814, ..., -0.40211546,
         -0.12332517,  0.02069099],
        [-0.13386662,  0.        , -0.04280104, ..., -0.52106296,
         -0.25505989, -0.1133332 ],
        [-0.09132814,  0.04280104,  0.        , ..., -0.484054  ,
         -0.21344075, -0.07070407],
        ...,
        [ 0.40211546,  0.52106296,  0.484054  , ...,  0.        ,
          0.28613067,  0.42097382],
        [ 0.12332517,  0.25505989,  0.21344075, ..., -0.28613067,
          0.        ,  0.14383181],
        [-0.02069099,  0.1133332 ,  0.07070407, ..., -0.42097382,
         -0.14383181,  0.        ]],

       [[ 0.        ,  0.04586303,  0.03025994, ..., -0.98672007,
         -0.98991941, -0.99559879],
        [-0.04586303,  0.        , -0.01561393, ..., -0.97823225,
         -0.9823821 , -0.99025297],
        [-0.03025994,  0.01561393,  0.        , ..., -0.9813531 ,
         -0.98518032, -0.99230697],
        ...,
        [ 0.98672007,  0.97823225,  0.9813531 , ...,  0.        ,
          0.02104168,  0.0692417 ],
        [ 0.98991941,  0.9823821 ,  0.98518032, ..., -0.02104168,
          0.        ,  0.04823519],
        [ 0.99559879,  0.99025297,  0.99230697, ..., -0.0692417 ,
         -0.04823519,  0.        ]],

       ...,

       [[ 0.        ,  0.32799931,  0.49825154, ...,  0.81075538,
          0.92748239,  0.99998652],
        [-0.32799931,  0.        ,  0.18630118, ...,  0.57389683,
          0.75354411,  0.94296233],
        [-0.49825154, -0.18630118,  0.        , ...,  0.41128225,
          0.61787767,  0.86443403],
        ...,
        [-0.81075538, -0.57389683, -0.41128225, ...,  0.        ,
          0.23981982,  0.58116795],
        [-0.92748239, -0.75354411, -0.61787767, ..., -0.23981982,
          0.        ,  0.36904653],
        [-0.99998652, -0.94296233, -0.86443403, ..., -0.58116795,
         -0.36904653,  0.        ]],

       [[ 0.        , -0.41401365, -0.59358188, ..., -0.45482524,
         -0.2985743 , -0.        ],
        [ 0.41401365,  0.        , -0.20713293, ..., -0.78272665,
         -0.66691242, -0.41401365],
        [ 0.59358188,  0.20713293,  0.        , ..., -0.89466392,
         -0.80679119, -0.59358188],
        ...,
        [ 0.45482524,  0.78272665,  0.89466392, ...,  0.        ,
         -0.16817451, -0.45482524],
        [ 0.2985743 ,  0.66691242,  0.80679119, ...,  0.16817451,
          0.        , -0.2985743 ],
        [ 0.        ,  0.41401365,  0.59358188, ...,  0.45482524,
          0.2985743 ,  0.        ]],

       [[ 0.        ,  0.02295366,  0.10119904, ..., -0.88900673,
         -0.9067359 , -0.9193895 ],
        [-0.02295366,  0.        ,  0.07833656, ..., -0.87826216,
         -0.89681746, -0.91011848],
        [-0.10119904, -0.07833656,  0.        , ..., -0.8381043 ,
         -0.85940536, -0.87486305],
        ...,
        [ 0.88900673,  0.87826216,  0.8381043 , ...,  0.        ,
          0.04029582,  0.07129369],
        [ 0.9067359 ,  0.89681746,  0.85940536, ..., -0.04029582,
          0.        ,  0.0310425 ],
        [ 0.9193895 ,  0.91011848,  0.87486305, ..., -0.07129369,
         -0.0310425 ,  0.        ]]]), 'num': array([9.46075980e-01, 2.87239788e-01, 7.00889566e-06, 5.49030160e-03,
       5.57791279e-03, 5.39100891e-03, 1.48956964e-01, 0.00000000e+00,
       5.48796530e-03, 5.43277025e-03, 6.02103075e-03, 3.24188217e-06,
       5.68939844e-03, 5.17614205e-03])}
{'img': array([[[ 0.        ,  0.        ,  0.11628065, ..., -0.98158916,
         -0.99171576, -0.99171576],
        [ 0.        ,  0.        ,  0.11628065, ..., -0.98158916,
         -0.99171576, -0.99171576],
        [-0.11628065, -0.11628065,  0.        , ..., -0.95272032,
         -0.9700519 , -0.9700519 ],
        ...,
        [ 0.98158916,  0.98158916,  0.95272032, ...,  0.        ,
          0.06333533,  0.06333533],
        [ 0.99171576,  0.99171576,  0.9700519 , ..., -0.06333533,
          0.        ,  0.        ],
        [ 0.99171576,  0.99171576,  0.9700519 , ..., -0.06333533,
          0.        ,  0.        ]],

       [[ 0.        , -0.04280104,  0.06327059, ..., -0.25505989,
         -0.1133332 , -0.18335031],
