state_0,state_1,state_2,state_3,state_4,state_5,state_6,state_7,state_8,state_9,state_10,state_11,state_12,state_13,state_14,state_15,state_16,state_17,state_18,state_19,state_20,state_21,state_22,state_23,state_24,state_25,state_26,state_27,state_28,state_29,state_30,state_31,state_32,state_33,state_34,state_35,state_36,state_37,state_38,state_39,state_40,state_41,state_42,state_43,state_44,state_45,state_46,state_47,state_48,state_49,state_50,state_51,state_52,state_53,state_54,state_55,state_56,state_57,state_58,state_59,state_60,state_61,state_62,state_63,state_64,state_65,state_66,state_67,state_68,state_69,state_70,state_71,state_72,state_73,state_74,state_75,state_76,state_77,state_78,state_79,state_80,state_81,state_82,state_83,state_84,state_85,state_86,state_87,state_88,state_89,state_90,state_91,state_92,state_93,state_94,state_95,state_96,state_97,state_98,state_99,state_100,state_101,state_102,state_103,state_104,state_105,state_106,state_107,state_108,state_109,state_110,state_111,state_112,state_113,state_114,state_115,state_116,state_117,state_118,state_119,state_120,state_121,state_122,state_123,state_124,state_125,state_126,state_127,state_128,state_129,state_130,state_131,state_132,state_133,state_134,state_135,state_136,state_137,state_138,state_139,state_140,state_141,state_142,state_143,state_144,state_145,state_146,state_147,state_148,state_149,state_150,state_151,state_152,state_153,state_154,state_155,state_156,state_157,state_158,state_159,state_160,state_161,state_162,state_163,state_164,state_165,state_166,state_167,state_168,state_169,state_170,state_171,state_172,state_173,state_174,state_175,state_176,state_177,state_178,state_179,state_180,state_181,state_182,state_183,state_184,state_185,state_186,state_187,state_188,state_189,state_190,state_191,state_192,state_193,state_194,state_195,state_196,state_197,state_198,state_199,state_200,state_201,state_202,state_203,state_204,state_205,state_206,state_207,state_208,state_209,state_210,state_211,state_212,state_213,state_214,state_215,state_216,state_217,state_218,state_219,state_220,state_221,state_222,state_223,state_224,state_225,state_226,state_227,state_228,state_229,state_230,state_231,state_232,state_233,state_234,state_235,state_236,state_237,state_238,state_239,state_240,state_241,state_242,state_243,state_244,state_245,state_246,state_247,state_248,state_249,state_250,state_251,state_252,state_253,state_254,state_255,state_256,state_257,state_258,state_259,state_260,state_261,state_262,state_263,state_264,state_265,state_266,state_267,state_268,state_269,state_270,state_271,state_272,state_273,state_274,state_275,state_276,state_277,state_278,state_279,state_280,state_281,state_282,state_283,state_284,state_285,state_286,state_287
{'img': array([[[ 0.00000000e+00, -5.65034768e-02, -5.65034768e-02, ...,
         -5.89182484e-01, -1.87174742e-01,  2.66685121e-02],
        [ 5.65034768e-02,  0.00000000e+00,  0.00000000e+00, ...,
         -5.42586399e-01, -1.31370842e-01,  8.31092870e-02],
        [ 5.65034768e-02,  0.00000000e+00,  0.00000000e+00, ...,
         -5.42586399e-01, -1.31370842e-01,  8.31092870e-02],
        ...,
        [ 5.89182484e-01,  5.42586399e-01,  5.42586399e-01, ...,
          0.00000000e+00,  4.27532455e-01,  6.10521089e-01],
        [ 1.87174742e-01,  1.31370842e-01,  1.31370842e-01, ...,
         -4.27532455e-01,  0.00000000e+00,  2.13305360e-01],
        [-2.66685121e-02, -8.31092870e-02, -8.31092870e-02, ...,
         -6.10521089e-01, -2.13305360e-01,  0.00000000e+00]],

       [[ 0.00000000e+00, -5.38825570e-01, -5.38665215e-01, ...,
         -2.78397607e-01,  6.55994530e-01, -4.75849050e-01],
        [ 5.38825570e-01,  0.00000000e+00,  1.90339291e-04, ...,
          2.82996617e-01,  9.59308207e-01,  7.30481185e-02],
        [ 5.38665215e-01, -1.90339291e-04,  0.00000000e+00, ...,
          2.82814053e-01,  9.59254445e-01,  7.28582864e-02],
        ...,
        [ 2.78397607e-01, -2.82996617e-01, -2.82814053e-01, ...,
          0.00000000e+00,  8.40185335e-01, -2.12178590e-01],
        [-6.55994530e-01, -9.59308207e-01, -9.59254445e-01, ...,
         -8.40185335e-01,  0.00000000e+00, -9.36119392e-01],
        [ 4.75849050e-01, -7.30481185e-02, -7.28582864e-02, ...,
          2.12178590e-01,  9.36119392e-01,  0.00000000e+00]],

       [[ 0.00000000e+00,  5.53158947e-01,  7.25909906e-01, ...,
          8.14902442e-01,  7.17009525e-01,  7.04777787e-01],
        [-5.53158947e-01,  0.00000000e+00,  2.24280847e-01, ...,
          3.58265550e-01,  2.11736397e-01,  1.94706754e-01],
        [-7.25909906e-01, -2.24280847e-01,  0.00000000e+00, ...,
          1.39745551e-01, -1.28533681e-02, -3.02419351e-02],
        ...,
        [-8.14902442e-01, -3.58265550e-01, -1.39745551e-01, ...,
          0.00000000e+00, -1.52461251e-01, -1.69626817e-01],
        [-7.17009525e-01, -2.11736397e-01,  1.28533681e-02, ...,
          1.52461251e-01,  0.00000000e+00, -1.73919478e-02],
        [-7.04777787e-01, -1.94706754e-01,  3.02419351e-02, ...,
          1.69626817e-01,  1.73919478e-02,  0.00000000e+00]],

       ...,

       [[ 0.00000000e+00,  9.58274395e-03, -6.75137154e-02, ...,
         -6.80364662e-01, -9.99851783e-01, -9.19692762e-01],
        [-9.58274395e-03,  0.00000000e+00, -7.70714949e-02, ...,
         -6.87356364e-01, -9.99640891e-01, -9.23413090e-01],
        [ 6.75137154e-02,  7.70714949e-02,  0.00000000e+00, ...,
         -6.29333276e-01, -9.98732826e-01, -8.91085837e-01],
        ...,
        [ 6.80364662e-01,  6.87356364e-01,  6.29333276e-01, ...,
          0.00000000e+00, -7.44478716e-01, -4.06881117e-01],
        [ 9.99851783e-01,  9.99640891e-01,  9.98732826e-01, ...,
          7.44478716e-01,  0.00000000e+00,  4.08414622e-01],
        [ 9.19692762e-01,  9.23413090e-01,  8.91085837e-01, ...,
          4.06881117e-01, -4.08414622e-01,  0.00000000e+00]],

       [[ 0.00000000e+00,  1.80418387e-01,  2.09329863e-01, ...,
          2.25299189e-01,  2.65679547e-01,  3.82635715e-01],
        [-1.80418387e-01,  0.00000000e+00,  2.94735190e-02, ...,
          3.97381783e-01,  4.35254137e-01,  5.43045067e-01],
        [-2.09329863e-01, -2.94735190e-02,  0.00000000e+00, ...,
          4.24255619e-01,  4.61600280e-01,  5.67558166e-01],
        ...,
        [-2.25299189e-01, -3.97381783e-01, -4.24255619e-01, ...,
          0.00000000e+00, -4.16465752e-02, -1.64644245e-01],
        [-2.65679547e-01, -4.35254137e-01, -4.61600280e-01, ...,
          4.16465752e-02,  0.00000000e+00, -1.23423175e-01],
        [-3.82635715e-01, -5.43045067e-01, -5.67558166e-01, ...,
          1.64644245e-01,  1.23423175e-01,  0.00000000e+00]],

       [[ 0.00000000e+00, -2.56174327e-02, -3.60535511e-02, ...,
          8.93746937e-01,  8.24129631e-01,  7.63120624e-01],
        [ 2.56174327e-02,  0.00000000e+00, -1.04409413e-02, ...,
          9.04944877e-01,  8.38368914e-01,  7.79425605e-01],
        [ 3.60535511e-02,  1.04409413e-02,  0.00000000e+00, ...,
          9.09338472e-01,  8.44014607e-01,  7.85924315e-01],
        ...,
        [-8.93746937e-01, -9.04944877e-01, -9.09338472e-01, ...,
          0.00000000e+00, -1.36538277e-01, -2.35275204e-01],
        [-8.24129631e-01, -8.38368914e-01, -8.44014607e-01, ...,
          1.36538277e-01,  0.00000000e+00, -1.00366321e-01],
        [-7.63120624e-01, -7.79425605e-01, -7.85924315e-01, ...,
          2.35275204e-01,  1.00366321e-01,  0.00000000e+00]]]), 'num': array([ 7.07104900e-01,  7.07104900e-01,  0.00000000e+00,  7.06108978e-04,
        7.18060046e-04,  7.03121210e-04,  1.01798208e-03, -3.98368958e-06,
        7.02922026e-04,  7.52170388e-04,  7.56353262e-04,  1.04051593e-07,
        8.31973234e-04,  6.72367543e-04])}
{'img': array([[[ 0.00000000e+00,  0.00000000e+00, -6.19504060e-02, ...,
         -1.31370842e-01,  8.31092870e-02, -3.01942672e-02],
        [ 0.00000000e+00,  0.00000000e+00, -6.19504060e-02, ...,
         -1.31370842e-01,  8.31092870e-02, -3.01942672e-02],
        [ 6.19504060e-02,  6.19504060e-02,  0.00000000e+00, ...,
         -6.97050088e-02,  1.44685738e-01,  3.17858888e-02],
        ...,
        [ 1.31370842e-01,  1.31370842e-01,  6.97050088e-02, ...,
          0.00000000e+00,  2.13305360e-01,  1.01378361e-01],
        [-8.31092870e-02, -8.31092870e-02, -1.44685738e-01, ...,
         -2.13305360e-01,  0.00000000e+00, -1.13161201e-01],
        [ 3.01942672e-02,  3.01942672e-02, -3.17858888e-02, ...,
         -1.01378361e-01,  1.13161201e-01,  0.00000000e+00]],

       [[ 0.00000000e+00,  1.90339291e-04,  1.38431780e-01, ...,
          9.59308207e-01,  7.30481185e-02, -4.33229539e-01],
        [-1.90339291e-04,  0.00000000e+00,  1.38243270e-01, ...,
          9.59254445e-01,  7.28582864e-02, -4.33401081e-01],
        [-1.38431780e-01, -1.38243270e-01,  0.00000000e+00, ...,
          9.10984218e-01, -6.57171384e-02, -5.53824688e-01],
        ...,
        [-9.59308207e-01, -9.59254445e-01, -9.10984218e-01, ...,
          0.00000000e+00, -9.36119392e-01, -9.86935924e-01],
        [-7.30481185e-02, -7.28582864e-02,  6.57171384e-02, ...,
          9.36119392e-01,  0.00000000e+00, -4.97909204e-01],
        [ 4.33229539e-01,  4.33401081e-01,  5.53824688e-01, ...,
          9.86935924e-01,  4.97909204e-01,  0.00000000e+00]],

       [[ 0.00000000e+00,  5.40282067e-01,  6.03135001e-01, ...,
          5.24188891e-01,  5.01611938e-01,  5.50646385e-01],
        [-5.40282067e-01,  0.00000000e+00,  7.65783268e-02, ...,
         -1.90087474e-02, -4.52956887e-02,  1.23658058e-02],
        [-6.03135001e-01, -7.65783268e-02,  0.00000000e+00, ...,
         -9.55174200e-02, -1.21662410e-01, -6.42429772e-02],
        ...,
        [-5.24188891e-01,  1.90087474e-02,  9.55174200e-02, ...,
          0.00000000e+00, -2.62982673e-02,  3.13708655e-02],
        [-5.01611938e-01,  4.52956887e-02,  1.21662410e-01, ...,
          2.62982673e-02,  0.00000000e+00,  5.76453392e-02],
        [-5.50646385e-01, -1.23658058e-02,  6.42429772e-02, ...,
         -3.13708655e-02, -5.76453392e-02,  0.00000000e+00]],

       ...,

       [[ 0.00000000e+00, -7.11542939e-02,  4.74037414e-02, ...,
         -8.93443636e-01, -8.24803859e-01, -9.94614682e-01],
        [ 7.11542939e-02,  0.00000000e+00,  1.18357891e-01, ...,
         -8.59218291e-01, -7.82481260e-01, -9.99468216e-01],
        [-4.74037414e-02, -1.18357891e-01,  0.00000000e+00, ...,
         -9.13731827e-01, -8.50679598e-01, -9.88583535e-01],
        ...,
        [ 8.93443636e-01,  8.59218291e-01,  9.13731827e-01, ...,
          0.00000000e+00,  1.34688428e-01, -5.39354528e-01],
        [ 8.24803859e-01,  7.82481260e-01,  8.50679598e-01, ...,
         -1.34688428e-01,  0.00000000e+00, -6.47858198e-01],
        [ 9.94614682e-01,  9.99468216e-01,  9.88583535e-01, ...,
          5.39354528e-01,  6.47858198e-01,  0.00000000e+00]],

       [[ 0.00000000e+00,  3.71357483e-02, -1.36845870e-01, ...,
          3.95546196e-01,  5.06072981e-01,  5.55406504e-01],
        [-3.71357483e-02,  0.00000000e+00, -1.73537866e-01, ...,
          4.29380543e-01,  5.37753143e-01,  5.85904709e-01],
        [ 1.36845870e-01,  1.73537866e-01,  0.00000000e+00, ...,
          2.66139484e-01,  3.83283740e-01,  4.36383285e-01],
        ...,
        [-3.95546196e-01, -4.29380543e-01, -2.66139484e-01, ...,
          0.00000000e+00, -1.23645847e-01, -1.81183021e-01],
        [-5.06072981e-01, -5.37753143e-01, -3.83283740e-01, ...,
          1.23645847e-01,  0.00000000e+00, -5.81932641e-02],
        [-5.55406504e-01, -5.85904709e-01, -4.36383285e-01, ...,
          1.81183021e-01,  5.81932641e-02,  0.00000000e+00]],

       [[ 0.00000000e+00, -1.04409413e-02,  1.78883573e-02, ...,
          8.38368914e-01,  7.79425605e-01,  7.06685920e-01],
        [ 1.04409413e-02,  0.00000000e+00,  2.83266529e-02, ...,
          8.44014607e-01,  7.85924315e-01,  7.14034652e-01],
        [-1.78883573e-02, -2.83266529e-02,  0.00000000e+00, ...,
          8.28483765e-01,  7.68093926e-01,  6.93916341e-01],
        ...,
        [-8.38368914e-01, -8.44014607e-01, -8.28483765e-01, ...,
          0.00000000e+00, -1.00366321e-01, -2.07952171e-01],
        [-7.79425605e-01, -7.85924315e-01, -7.68093926e-01, ...,
          1.00366321e-01,  0.00000000e+00, -1.08729915e-01],
        [-7.06685920e-01, -7.14034652e-01, -6.93916341e-01, ...,
          2.07952171e-01,  1.08729915e-01,  0.00000000e+00]]]), 'num': array([ 8.71884781e-01,  4.89699978e-01,  5.54694925e-06,  8.56916600e-04,
        8.81790811e-04,  8.55672889e-04,  2.08028009e-03, -2.48742119e-05,
        8.74826032e-04,  9.32845131e-04,  9.44100712e-04,  1.21761876e-07,
        1.03619584e-03,  8.29494427e-04])}
{'img': array([[[ 0.        , -0.04152268, -0.17807814, ...,  0.05936028,
         -0.02055091, -0.72268602],
        [ 0.04152268,  0.        , -0.13706556, ...,  0.10075855,
          0.02098073, -0.69336325],
        [ 0.17807814,  0.13706556,  0.        , ...,  0.2361756 ,
          0.1578181 , -0.58805144],
        ...,
        [-0.05936028, -0.10075855, -0.2361756 , ...,  0.        ,
         -0.07986241, -0.76244008],
        [ 0.02055091, -0.02098073, -0.1578181 , ...,  0.07986241,
          0.        , -0.70832909],
        [ 0.72268602,  0.69336325,  0.58805144, ...,  0.76244008,
          0.70832909,  0.        ]],

       [[ 0.        ,  0.13824327,  0.20612418, ...,  0.07285829,
         -0.43340108,  0.21655365],
        [-0.13824327,  0.        ,  0.06887042, ..., -0.06571714,
         -0.55382469,  0.07951151],
        [-0.20612418, -0.06887042,  0.        , ..., -0.13428265,
         -0.6098535 ,  0.01067034],
        ...,
        [-0.07285829,  0.06571714,  0.13428265, ...,  0.        ,
         -0.4979092 ,  0.1448487 ],
        [ 0.43340108,  0.55382469,  0.6098535 , ...,  0.4979092 ,
          0.        ,  0.61827518],
        [-0.21655365, -0.07951151, -0.01067034, ..., -0.1448487 ,
         -0.61827518,  0.        ]],

       [[ 0.        ,  0.14014086,  0.15764683, ..., -0.12168609,
          0.02585421, -0.26579789],
        [-0.14014086,  0.        ,  0.01770262, ..., -0.25958467,
         -0.11449495, -0.39827471],
        [-0.15764683, -0.01770262,  0.        , ..., -0.27663977,
         -0.13206322, -0.41445031],
        ...,
        [ 0.12168609,  0.25958467,  0.27663977, ...,  0.        ,
          0.14730749, -0.14651375],
        [-0.02585421,  0.11449495,  0.13206322, ..., -0.14730749,
          0.        , -0.29063324],
        [ 0.26579789,  0.39827471,  0.41445031, ...,  0.14651375,
          0.29063324,  0.        ]],

       ...,

       [[ 0.        ,  0.11752909,  0.03313883, ..., -0.7741768 ,
         -0.9908192 , -0.99919758],
        [-0.11752909,  0.        , -0.08455537, ..., -0.84320364,
         -0.99984145, -0.98756525],
        [-0.03313883,  0.08455537,  0.        , ..., -0.79472745,
         -0.99475516, -0.99732148],
        ...,
        [ 0.7741768 ,  0.84320364,  0.79472745, ...,  0.        ,
         -0.52249446, -0.66346921],
        [ 0.9908192 ,  0.99984145,  0.99475516, ...,  0.52249446,
          0.        , -0.17476993],
        [ 0.99919758,  0.98756525,  0.99732148, ...,  0.66346921,
          0.17476993,  0.        ]],

       [[ 0.        , -0.17353787, -0.17353787, ...,  0.53775314,
          0.58590471,  0.64904048],
        [ 0.17353787,  0.        ,  0.        , ...,  0.38328374,
          0.43638328,  0.50717311],
        [ 0.17353787,  0.        ,  0.        , ...,  0.38328374,
          0.43638328,  0.50717311],
        ...,
        [-0.53775314, -0.38328374, -0.38328374, ...,  0.        ,
         -0.05819326, -0.13810976],
        [-0.58590471, -0.43638328, -0.43638328, ...,  0.05819326,
          0.        , -0.08024012],
        [-0.64904048, -0.50717311, -0.50717311, ...,  0.13810976,
          0.08024012,  0.        ]],

       [[ 0.        ,  0.02832665,  0.02832665, ...,  0.78592431,
          0.71403465,  0.58681691],
        [-0.02832665,  0.        ,  0.        , ...,  0.76809393,
          0.69391634,  0.56364479],
        [-0.02832665,  0.        ,  0.        , ...,  0.76809393,
          0.69391634,  0.56364479],
        ...,
        [-0.78592431, -0.76809393, -0.76809393, ...,  0.        ,
         -0.10872992, -0.27353614],
        [-0.71403465, -0.69391634, -0.69391634, ...,  0.10872992,
          0.        , -0.16733129],
        [-0.58681691, -0.56364479, -0.56364479, ...,  0.27353614,
          0.16733129,  0.        ]]]), 'num': array([9.94674898e-01, 1.02996871e-01, 1.26658811e-05, 9.79865963e-04,
       9.95176369e-04, 9.70122978e-04, 2.29521075e-03, 2.08778259e-05,
       9.80144335e-04, 1.03748876e-03, 1.05641799e-03, 2.84252090e-07,
       1.15228230e-03, 9.22695227e-04])}
{'img': array([[[ 0.        , -0.13706556,  0.02098073, ...,  0.02098073,
         -0.69336325, -0.08895829],
        [ 0.13706556,  0.        ,  0.1578181 , ...,  0.1578181 ,
         -0.58805144,  0.04840344],
        [-0.02098073, -0.1578181 ,  0.        , ...,  0.        ,
         -0.70832909, -0.10983626],
        ...,
        [-0.02098073, -0.1578181 ,  0.        , ...,  0.        ,
         -0.70832909, -0.10983626],
        [ 0.69336325,  0.58805144,  0.70832909, ...,  0.70832909,
          0.        ,  0.62651201],
        [ 0.08895829, -0.04840344,  0.10983626, ...,  0.10983626,
         -0.62651201,  0.        ]],

       [[ 0.        ,  0.06887042, -0.15847858, ..., -0.55382469,
          0.07951151,  0.06087222],
        [-0.06887042,  0.        , -0.22610235, ..., -0.6098535 ,
          0.01067034, -0.00801502],
        [ 0.15847858,  0.22610235,  0.        , ..., -0.41487114,
          0.2364835 ,  0.21828763],
        ...,
        [ 0.55382469,  0.6098535 ,  0.41487114, ...,  0.        ,
          0.61827518,  0.60348189],
        [-0.07951151, -0.01067034, -0.2364835 , ..., -0.61827518,
          0.        , -0.01868457],
        [-0.06087222,  0.00801502, -0.21828763, ..., -0.60348189,
          0.01868457,  0.        ]],

       [[ 0.        ,  0.01770262, -0.00912771, ..., -0.11449495,
         -0.39827471, -0.23750186],
        [-0.01770262,  0.        , -0.02682816, ..., -0.13206322,
         -0.41445031, -0.25466074],
        [ 0.00912771,  0.02682816,  0.        , ..., -0.1054225 ,
         -0.38988558, -0.22862543],
        ...,
        [ 0.11449495,  0.13206322,  0.1054225 , ...,  0.        ,
         -0.29063324, -0.12472109],
        [ 0.39827471,  0.41445031,  0.38988558, ...,  0.29063324,
          0.        ,  0.16902648],
        [ 0.23750186,  0.25466074,  0.22862543, ...,  0.12472109,
         -0.16902648,  0.        ]],

       ...,

       [[ 0.        , -0.08455537,  0.10875337, ..., -0.99984145,
         -0.98756525, -0.84557976],
        [ 0.08455537,  0.        ,  0.19241775, ..., -0.99475516,
         -0.99732148, -0.79741174],
        [-0.10875337, -0.19241775,  0.        , ..., -0.99584768,
         -0.96461068, -0.89862231],
        ...,
        [ 0.99984145,  0.99475516,  0.99584768, ...,  0.        ,
         -0.17476993,  0.51870756],
        [ 0.98756525,  0.99732148,  0.96461068, ...,  0.17476993,
          0.        ,  0.66014414],
        [ 0.84557976,  0.79741174,  0.89862231, ..., -0.51870756,
         -0.66014414,  0.        ]],

       [[ 0.        ,  0.        ,  0.26489337, ...,  0.43638328,
          0.50717311,  0.63536021],
        [ 0.        ,  0.        ,  0.26489337, ...,  0.43638328,
          0.50717311,  0.63536021],
        [-0.26489337, -0.26489337,  0.        , ...,  0.65913537,
          0.71735255,  0.81721857],
        ...,
        [-0.43638328, -0.43638328, -0.65913537, ...,  0.        ,
         -0.08024012, -0.23469015],
        [-0.50717311, -0.50717311, -0.71735255, ...,  0.08024012,
          0.        , -0.15593437],
        [-0.63536021, -0.63536021, -0.81721857, ...,  0.23469015,
          0.15593437,  0.        ]],

       [[ 0.        ,  0.        , -0.02902412, ...,  0.69391634,
          0.56364479,  0.48483021],
        [ 0.        ,  0.        , -0.02902412, ...,  0.69391634,
          0.56364479,  0.48483021],
        [ 0.02902412,  0.02902412,  0.        , ...,  0.71452298,
          0.58738175,  0.51001069],
        ...,
        [-0.69391634, -0.69391634, -0.71452298, ...,  0.        ,
         -0.16733129, -0.25780027],
        [-0.56364479, -0.56364479, -0.58738175, ...,  0.16733129,
          0.        , -0.09249027],
        [-0.48483021, -0.48483021, -0.51001069, ...,  0.25780027,
          0.09249027,  0.        ]]]), 'num': array([ 9.98786093e-01,  4.91124986e-02,  1.37236069e-05,  9.83098959e-04,
        9.98726255e-04,  9.78836970e-04,  2.42174779e-03, -1.70479588e-05,
        9.96453194e-04,  1.05370592e-03,  1.07790455e-03,  2.78373202e-07,
        1.17452780e-03,  9.32884047e-04])}
{'img': array([[[ 0.        ,  0.1578181 ,  0.21723269, ..., -0.58805144,
          0.04840344, -0.32451627],
        [-0.1578181 ,  0.        ,  0.06046099, ..., -0.70832909,
         -0.10983626, -0.4697265 ],
        [-0.21723269, -0.06046099,  0.        , ..., -0.74971159,
         -0.1697305 , -0.52224285],
        ...,
        [ 0.58805144,  0.70832909,  0.74971159, ...,  0.        ,
          0.62651201,  0.29374977],
        [-0.04840344,  0.10983626,  0.1697305 , ..., -0.62651201,
          0.        , -0.36991975],
        [ 0.32451627,  0.4697265 ,  0.52224285, ..., -0.29374977,
          0.36991975,  0.        ]],

       [[ 0.        , -0.22610235, -0.17583142, ...,  0.01067034,
         -0.00801502,  0.03573313],
        [ 0.22610235,  0.        ,  0.05130173, ...,  0.2364835 ,
          0.21828763,  0.26076573],
        [ 0.17583142, -0.05130173,  0.        , ...,  0.18632551,
          0.16793562,  0.21089555],
        ...,
        [-0.01067034, -0.2364835 , -0.18632551, ...,  0.        ,
         -0.01868457,  0.02506757],
        [ 0.00801502, -0.21828763, -0.16793562, ...,  0.01868457,
          0.        ,  0.04374189],
        [-0.03573313, -0.26076573, -0.21089555, ..., -0.02506757,
         -0.04374189,  0.        ]],

       [[ 0.        , -0.02246505, -0.00738492, ..., -0.23380238,
         -0.18567431, -0.48172019],
        [ 0.02246505,  0.        ,  0.01508138, ..., -0.21190097,
         -0.16355304, -0.46191193],
        [ 0.00738492, -0.01508138,  0.        , ..., -0.22661576,
         -0.17841274, -0.47523546],
        ...,
        [ 0.23380238,  0.21190097,  0.22661576, ...,  0.        ,
          0.04920868, -0.26348201],
        [ 0.18567431,  0.16355304,  0.17841274, ..., -0.04920868,
          0.        , -0.31063266],
        [ 0.48172019,  0.46191193,  0.47523546, ...,  0.26348201,
          0.31063266,  0.        ]],

       ...,

       [[ 0.        ,  0.19241775,  0.32750274, ..., -0.99732148,
         -0.79741174, -0.81507647],
        [-0.19241775,  0.        ,  0.13957677, ..., -0.96461068,
         -0.89862231, -0.91132309],
        [-0.32750274, -0.13957677,  0.        , ..., -0.91836499,
         -0.95106148, -0.95986501],
        ...,
        [ 0.99732148,  0.96461068,  0.91836499, ...,  0.        ,
          0.66014414,  0.63741849],
        [ 0.79741174,  0.89862231,  0.95106148, ..., -0.66014414,
          0.        , -0.02986295],
        [ 0.81507647,  0.91132309,  0.95986501, ..., -0.63741849,
          0.02986295,  0.        ]],

       [[ 0.        ,  0.26489337,  0.38962774, ...,  0.50717311,
          0.63536021,  0.65799125],
        [-0.26489337,  0.        ,  0.13174985, ...,  0.71735255,
          0.81721857,  0.83395778],
        [-0.38962774, -0.13174985,  0.        , ...,  0.80289087,
          0.88602598,  0.89939146],
        ...,
        [-0.50717311, -0.71735255, -0.80289087, ...,  0.        ,
         -0.15593437, -0.18517162],
        [-0.63536021, -0.81721857, -0.88602598, ...,  0.15593437,
          0.        , -0.02966883],
        [-0.65799125, -0.83395778, -0.89939146, ...,  0.18517162,
          0.02966883,  0.        ]],

       [[ 0.        , -0.02902412, -0.0667637 , ...,  0.56364479,
          0.48483021,  0.33281258],
        [ 0.02902412,  0.        , -0.03777621, ...,  0.58738175,
          0.51001069,  0.36004191],
        [ 0.0667637 ,  0.03777621,  0.        , ...,  0.61753516,
          0.54214055,  0.39502772],
        ...,
        [-0.56364479, -0.58738175, -0.61753516, ...,  0.        ,
         -0.09249027, -0.25660414],
        [-0.48483021, -0.51001069, -0.54214055, ...,  0.09249027,
          0.        , -0.16611085],
        [-0.33281258, -0.36004191, -0.39502772, ...,  0.25660414,
          0.16611085,  0.        ]]]), 'num': array([9.98854268e-01, 4.77383790e-02, 1.33396338e-05, 9.84592018e-04,
       9.94258419e-04, 9.66640130e-04, 1.76973856e-03, 2.89992039e-05,
       9.68573410e-04, 1.01835538e-03, 1.04799901e-03, 4.36998250e-07,
       1.13131545e-03, 9.05395307e-04])}
{'img': array([[[ 0.        ,  0.06046099,  0.06046099, ..., -0.10983626,
         -0.4697265 ,  0.07986241],
        [-0.06046099,  0.        ,  0.        , ..., -0.1697305 ,
         -0.52224285,  0.01944843],
        [-0.06046099,  0.        ,  0.        , ..., -0.1697305 ,
         -0.52224285,  0.01944843],
        ...,
        [ 0.10983626,  0.1697305 ,  0.1697305 , ...,  0.        ,
         -0.36991975,  0.18886464],
        [ 0.4697265 ,  0.52224285,  0.52224285, ...,  0.36991975,
          0.        ,  0.53872964],
        [-0.07986241, -0.01944843, -0.01944843, ..., -0.18886464,
         -0.53872964,  0.        ]],

       [[ 0.        ,  0.05130173,  0.61828862, ...,  0.21828763,
          0.26076573, -0.10477669],
        [-0.05130173,  0.        ,  0.5771538 , ...,  0.16793562,
          0.21089555, -0.15565808],
        [-0.61828862, -0.5771538 ,  0.        , ..., -0.43181486,
         -0.39194802, -0.69723478],
        ...,
        [-0.21828763, -0.16793562,  0.43181486, ...,  0.        ,
          0.04374189, -0.31933607],
        [-0.26076573, -0.21089555,  0.39194802, ..., -0.04374189,
          0.        , -0.36048206],
        [ 0.10477669,  0.15565808,  0.69723478, ...,  0.31933607,
          0.36048206,  0.        ]],

       [[ 0.        ,  0.01508138,  0.02974962, ..., -0.16355304,
         -0.46191193, -0.46191193],
        [-0.01508138,  0.        ,  0.01467154, ..., -0.17841274,
         -0.47523546, -0.47523546],
        [-0.02974962, -0.01467154,  0.        , ..., -0.19282968,
         -0.48809319, -0.48809319],
        ...,
        [ 0.16355304,  0.17841274,  0.19282968, ...,  0.        ,
         -0.31063266, -0.31063266],
        [ 0.46191193,  0.47523546,  0.48809319, ...,  0.31063266,
          0.        ,  0.        ],
        [ 0.46191193,  0.47523546,  0.48809319, ...,  0.31063266,
          0.        ,  0.        ]],

       ...,

       [[ 0.        ,  0.13957677,  0.09251302, ..., -0.89862231,
         -0.91132309, -0.701249  ],
        [-0.13957677,  0.        , -0.04737076, ..., -0.95106148,
         -0.95986501, -0.79389122],
        [-0.09251302,  0.04737076,  0.        , ..., -0.93535615,
         -0.94550172, -0.76419573],
        ...,
        [ 0.89862231,  0.95106148,  0.93535615, ...,  0.        ,
         -0.02986295,  0.3329885 ],
        [ 0.91132309,  0.95986501,  0.94550172, ...,  0.02986295,
          0.        ,  0.36099868],
        [ 0.701249  ,  0.79389122,  0.76419573, ..., -0.3329885 ,
         -0.36099868,  0.        ]],

       [[ 0.        ,  0.29366898,  0.41050824, ...,  0.64036178,
          0.6630963 ,  0.78552607],
        [-0.29366898,  0.        ,  0.1246237 , ...,  0.83768576,
          0.85367975,  0.93262076],
        [-0.41050824, -0.1246237 ,  0.        , ...,  0.89921877,
          0.91192834,  0.97032158],
        ...,
        [-0.64036178, -0.83768576, -0.89921877, ...,  0.        ,
         -0.02997402, -0.20706754],
        [-0.6630963 , -0.85367975, -0.91192834, ...,  0.02997402,
          0.        , -0.17765012],
        [-0.78552607, -0.93262076, -0.97032158, ...,  0.20706754,
          0.17765012,  0.        ]],

       [[ 0.        , -0.03777621, -0.05188272, ...,  0.51001069,
          0.36004191,  0.33122746],
        [ 0.03777621,  0.        , -0.01412035, ...,  0.54214055,
          0.39502772,  0.36663482],
        [ 0.05188272,  0.01412035,  0.        , ...,  0.55395166,
          0.40796026,  0.37973535],
        ...,
        [-0.51001069, -0.54214055, -0.55395166, ...,  0.        ,
         -0.16611085, -0.19630978],
        [-0.36004191, -0.39502772, -0.40796026, ...,  0.16611085,
          0.        , -0.03070382],
        [-0.33122746, -0.36663482, -0.37973535, ...,  0.19630978,
          0.03070382,  0.        ]]]), 'num': array([9.98872785e-01, 4.73597719e-02, 1.32338388e-05, 9.85003119e-04,
       9.91852932e-04, 9.67193605e-04, 1.50373946e-03, 8.21977568e-06,
       9.63631702e-04, 1.00479908e-03, 1.03991579e-03, 5.11452709e-07,
       1.11036437e-03, 8.99233792e-04])}
{'img': array([[[ 0.        ,  0.        , -0.03993491, ..., -0.52224285,
          0.01944843,  0.12983612],
        [ 0.        ,  0.        , -0.03993491, ..., -0.52224285,
          0.01944843,  0.12983612],
        [ 0.03993491,  0.03993491,  0.        , ..., -0.48776989,
          0.05936028,  0.16932943],
        ...,
        [ 0.52224285,  0.52224285,  0.48776989, ...,  0.        ,
          0.53872964,  0.62854614],
        [-0.01944843, -0.01944843, -0.05936028, ..., -0.53872964,
          0.        ,  0.11052775],
        [-0.12983612, -0.12983612, -0.16932943, ..., -0.62854614,
         -0.11052775,  0.        ]],

       [[ 0.        ,  0.5771538 ,  0.21470978, ...,  0.21089555,
         -0.15565808, -0.35972698],
        [-0.5771538 ,  0.        , -0.38835374, ..., -0.39194802,
         -0.69723478, -0.83228356],
        [-0.21470978,  0.38835374,  0.        , ..., -0.00390364,
         -0.36412049, -0.55167398],
        ...,
        [-0.21089555,  0.39194802,  0.00390364, ...,  0.        ,
         -0.36048206, -0.54841391],
        [ 0.15565808,  0.69723478,  0.36412049, ...,  0.36048206,
          0.        , -0.21010431],
        [ 0.35972698,  0.83228356,  0.55167398, ...,  0.54841391,
          0.21010431,  0.        ]],

       [[ 0.        ,  0.01467154,  0.02896483, ..., -0.47523546,
         -0.47523546, -0.22661576],
        [-0.01467154,  0.        ,  0.01429633, ..., -0.48809319,
         -0.48809319, -0.24088122],
        [-0.02896483, -0.01429633,  0.        , ..., -0.50052102,
         -0.50052102, -0.25473197],
        ...,
        [ 0.47523546,  0.48809319,  0.50052102, ...,  0.        ,
          0.        ,  0.26348201],
        [ 0.47523546,  0.48809319,  0.50052102, ...,  0.        ,
          0.        ,  0.26348201],
        [ 0.22661576,  0.24088122,  0.25473197, ..., -0.26348201,
         -0.26348201,  0.        ]],

       ...,

       [[ 0.        , -0.04737076,  0.31894435, ..., -0.95986501,
         -0.79389122, -0.69622678],
        [ 0.04737076,  0.        ,  0.36348304, ..., -0.94550172,
         -0.76419573, -0.66144141],
        [-0.31894435, -0.36348304,  0.        , ..., -0.99918647,
         -0.94636626, -0.88881049],
        ...,
        [ 0.95986501,  0.94550172,  0.99918647, ...,  0.        ,
          0.36099868,  0.49374668],
        [ 0.79389122,  0.76419573,  0.94636626, ..., -0.36099868,
          0.        ,  0.14652499],
        [ 0.69622678,  0.66144141,  0.88881049, ..., -0.49374668,
         -0.14652499,  0.        ]],

       [[ 0.        ,  0.29674529,  0.36852792, ...,  0.66944103,
          0.79221994,  0.89023041],
        [-0.29674529,  0.        ,  0.07606882, ...,  0.85972892,
          0.93762027,  0.98530206],
        [-0.36852792, -0.07606882,  0.        , ...,  0.89609011,
          0.96134975,  0.99544137],
        ...,
        [-0.66944103, -0.85972892, -0.89609011, ...,  0.        ,
         -0.17999584, -0.35638377],
        [-0.79221994, -0.93762027, -0.96134975, ...,  0.17999584,
          0.        , -0.18238583],
        [-0.89023041, -0.98530206, -0.99544137, ...,  0.35638377,
          0.18238583,  0.        ]],

       [[ 0.        , -0.01412035, -0.03956348, ...,  0.39502772,
          0.36663482,  0.38781797],
        [ 0.01412035,  0.        , -0.02545024, ...,  0.40796026,
          0.37973535,  0.40079454],
        [ 0.03956348,  0.02545024,  0.        , ...,  0.43106418,
          0.40315624,  0.42398142],
        ...,
        [-0.39502772, -0.40796026, -0.43106418, ...,  0.        ,
         -0.03070382, -0.00783483],
        [-0.36663482, -0.37973535, -0.40315624, ...,  0.03070382,
          0.        ,  0.02287174],
        [-0.38781797, -0.40079454, -0.42398142, ...,  0.00783483,
         -0.02287174,  0.        ]]]), 'num': array([9.99854286e-01, 1.67453556e-02, 1.35976331e-05, 9.86067077e-04,
       9.94250207e-04, 9.73792383e-04, 1.76013655e-03, 5.45541951e-06,
       9.68609735e-04, 9.94045628e-04, 1.03552955e-03, 5.76276709e-07,
       1.08599120e-03, 9.02100059e-04])}
{'img': array([[[ 0.        , -0.03993491,  0.19824925, ...,  0.01944843,
          0.12983612,  0.19824925],
        [ 0.03993491,  0.        ,  0.23723337, ...,  0.05936028,
          0.16932943,  0.23723337],
        [-0.19824925, -0.23723337,  0.        , ..., -0.17914934,
         -0.06931207,  0.        ],
        ...,
        [-0.01944843, -0.05936028,  0.17914934, ...,  0.        ,
          0.11052775,  0.17914934],
        [-0.12983612, -0.16932943,  0.06931207, ..., -0.11052775,
          0.        ,  0.06931207],
        [-0.19824925, -0.23723337,  0.        , ..., -0.17914934,
         -0.06931207,  0.        ]],

       [[ 0.        , -0.38835374, -0.58185088, ..., -0.69723478,
         -0.83228356, -0.69068498],
        [ 0.38835374,  0.        , -0.22033528, ..., -0.36412049,
         -0.55167398, -0.35563313],
        [ 0.58185088,  0.22033528,  0.        , ..., -0.14996227,
         -0.35434335, -0.14096217],
        ...,
        [ 0.69723478,  0.36412049,  0.14996227, ...,  0.        ,
         -0.21010431,  0.00909677],
        [ 0.83228356,  0.55167398,  0.35434335, ...,  0.21010431,
          0.        ,  0.21898933],
        [ 0.69068498,  0.35563313,  0.14096217, ..., -0.00909677,
         -0.21898933,  0.        ]],

       [[ 0.        ,  0.01429633,  0.14706605, ..., -0.48809319,
         -0.24088122,  0.05519082],
        [-0.01429633,  0.        ,  0.13291014, ..., -0.50052102,
         -0.25473197,  0.04091064],
        [-0.14706605, -0.13291014,  0.        , ..., -0.611144  ,
         -0.38099767, -0.09225118],
        ...,
        [ 0.48809319,  0.50052102,  0.611144  , ...,  0.        ,
          0.26348201,  0.53551933],
        [ 0.24088122,  0.25473197,  0.38099767, ..., -0.26348201,
          0.        ,  0.29407978],
        [-0.05519082, -0.04091064,  0.09225118, ..., -0.53551933,
         -0.29407978,  0.        ]],

       ...,

       [[ 0.        ,  0.36348304,  0.37496595, ..., -0.76419573,
         -0.66144141, -0.56630091],
        [-0.36348304,  0.        ,  0.01235578, ..., -0.94636626,
         -0.88881049, -0.82714859],
        [-0.37496595, -0.01235578,  0.        , ..., -0.95028612,
         -0.89440499, -0.83402919],
        ...,
        [ 0.76419573,  0.94636626,  0.95028612, ...,  0.        ,
          0.14652499,  0.26459377],
        [ 0.66144141,  0.88881049,  0.89440499, ..., -0.14652499,
          0.        ,  0.12043516],
        [ 0.56630091,  0.82714859,  0.83402919, ..., -0.26459377,
         -0.12043516,  0.        ]],

       [[ 0.        ,  0.22622029,  0.44139665, ...,  0.79905701,
          0.89653883,  0.9827087 ],
        [-0.22622029,  0.        ,  0.22696376, ...,  0.91435853,
          0.97350481,  0.9991197 ],
        [-0.44139665, -0.22696376,  0.        , ...,  0.98239558,
          0.99999847,  0.96352467],
        ...,
        [-0.79905701, -0.91435853, -0.98239558, ...,  0.        ,
         -0.18509428, -0.44290671],
        [-0.89653883, -0.97350481, -0.99999847, ...,  0.18509428,
          0.        , -0.26930407],
        [-0.9827087 , -0.9991197 , -0.96352467, ...,  0.44290671,
          0.26930407,  0.        ]],

       [[ 0.        , -0.02545024, -0.07508033, ...,  0.37973535,
          0.40079454,  0.52305243],
        [ 0.02545024,  0.        , -0.04967761, ...,  0.40315624,
          0.42398142,  0.54457426],
        [ 0.07508033,  0.04967761,  0.        , ...,  0.44811999,
          0.46844949,  0.58556711],
        ...,
        [-0.37973535, -0.40315624, -0.44811999, ...,  0.        ,
          0.02287174,  0.16022464],
        [-0.40079454, -0.42398142, -0.46844949, ..., -0.02287174,
          0.        ,  0.13760648],
        [-0.52305243, -0.54457426, -0.58556711, ..., -0.16022464,
         -0.13760648,  0.        ]]]), 'num': array([9.99854647e-01, 1.66999410e-02, 1.35607553e-05, 9.86113100e-04,
       9.96994348e-04, 9.80672476e-04, 1.98177450e-03, 2.72031200e-06,
       9.71695447e-04, 9.85977085e-04, 1.03301581e-03, 5.89717986e-07,
       1.06477180e-03, 9.07182366e-04])}
{'img': array([[[ 0.        ,  0.23723337,  0.25361554, ...,  0.16932943,
          0.23723337,  0.26977405],
        [-0.23723337,  0.        ,  0.01689845, ..., -0.06931207,
          0.        ,  0.0336351 ],
        [-0.25361554, -0.01689845,  0.        , ..., -0.08615999,
         -0.01689845,  0.01674141],
        ...,
        [-0.16932943,  0.06931207,  0.08615999, ...,  0.        ,
          0.06931207,  0.10282707],
        [-0.23723337,  0.        ,  0.01689845, ..., -0.06931207,
          0.        ,  0.0336351 ],
        [-0.26977405, -0.0336351 , -0.01674141, ..., -0.10282707,
         -0.0336351 ,  0.        ]],

       [[ 0.        , -0.22033528,  0.10428465, ..., -0.55167398,
         -0.35563313, -0.20615766],
        [ 0.22033528,  0.        ,  0.32085567, ..., -0.35434335,
         -0.14096217,  0.01451103],
        [-0.10428465, -0.32085567,  0.        , ..., -0.63564562,
         -0.45116115, -0.30707808],
        ...,
        [ 0.55167398,  0.35434335,  0.63564562, ...,  0.        ,
          0.21898933,  0.36787553],
        [ 0.35563313,  0.14096217,  0.45116115, ..., -0.21898933,
          0.        ,  0.15531346],
        [ 0.20615766, -0.01451103,  0.30707808, ..., -0.36787553,
         -0.15531346,  0.        ]],

       [[ 0.        ,  0.13291014,  0.21405986, ..., -0.25473197,
          0.04091064,  0.16647736],
        [-0.13291014,  0.        ,  0.08233139, ..., -0.38099767,
         -0.09225118,  0.03394497],
        [-0.21405986, -0.08233139,  0.        , ..., -0.45582581,
         -0.1739183 , -0.04845421],
        ...,
        [ 0.25473197,  0.38099767,  0.45582581, ...,  0.        ,
          0.29407978,  0.41216281],
        [-0.04091064,  0.09225118,  0.1739183 , ..., -0.29407978,
          0.        ,  0.12599824],
        [-0.16647736, -0.03394497,  0.04845421, ..., -0.41216281,
         -0.12599824,  0.        ]],

       ...,

       [[ 0.        ,  0.01235578,  0.20469475, ..., -0.88881049,
         -0.82714859, -0.81195898],
        [-0.01235578,  0.        ,  0.19258496, ..., -0.89440499,
         -0.83402919, -0.81910925],
        [-0.20469475, -0.19258496,  0.        , ..., -0.96379716,
         -0.92466946, -0.91424974],
        ...,
        [ 0.88881049,  0.89440499,  0.96379716, ...,  0.        ,
          0.12043516,  0.14671112],
        [ 0.82714859,  0.83402919,  0.92466946, ..., -0.12043516,
          0.        ,  0.02651126],
        [ 0.81195898,  0.81910925,  0.91424974, ..., -0.14671112,
         -0.02651126,  0.        ]],

       [[ 0.        ,  0.38664686,  0.52670314, ...,  0.9001161 ,
          0.98466466,  0.99740784],
        [-0.38664686,  0.        ,  0.15707141, ...,  0.99855488,
          0.97553871,  0.89201592],
        [-0.52670314, -0.15707141,  0.        , ...,  0.99460133,
          0.92890094,  0.80994665],
        ...,
        [-0.9001161 , -0.99855488, -0.99460133, ...,  0.        ,
         -0.27193705, -0.49928913],
        [-0.98466466, -0.97553871, -0.92890094, ...,  0.27193705,
          0.        , -0.24485755],
