state_0,state_1,state_2,state_3,state_4,state_5,state_6,state_7,state_8,state_9,state_10,state_11,state_12,state_13,state_14,state_15,state_16,state_17,state_18,state_19,state_20,state_21,state_22,state_23,state_24,state_25,state_26,state_27,state_28,state_29,state_30,state_31,state_32,state_33,state_34,state_35,state_36,state_37,state_38,state_39,state_40,state_41,state_42,state_43,state_44,state_45,state_46,state_47,state_48,state_49,state_50,state_51,state_52,state_53,state_54,state_55,state_56,state_57,state_58,state_59,state_60,state_61,state_62,state_63,state_64,state_65,state_66,state_67,state_68,state_69,state_70,state_71,state_72,state_73,state_74,state_75,state_76,state_77,state_78,state_79,state_80,state_81,state_82,state_83,state_84,state_85,state_86,state_87,state_88,state_89,state_90,state_91,state_92,state_93,state_94,state_95,state_96,state_97,state_98,state_99,state_100,state_101,state_102,state_103,state_104,state_105,state_106,state_107,state_108,state_109,state_110,state_111,state_112,state_113,state_114,state_115,state_116,state_117,state_118,state_119,state_120,state_121,state_122,state_123,state_124,state_125,state_126,state_127,state_128,state_129,state_130,state_131,state_132,state_133,state_134,state_135,state_136,state_137,state_138,state_139,state_140,state_141,state_142,state_143,state_144,state_145,state_146,state_147,state_148,state_149,state_150,state_151,state_152,state_153,state_154,state_155,state_156,state_157,state_158,state_159,state_160,state_161,state_162,state_163,state_164,state_165,state_166,state_167,state_168,state_169,state_170,state_171,state_172,state_173,state_174,state_175,state_176,state_177,state_178,state_179,state_180,state_181,state_182,state_183,state_184,state_185,state_186,state_187,state_188,state_189,state_190,state_191,state_192,state_193,state_194,state_195,state_196,state_197,state_198,state_199,state_200,state_201,state_202,state_203,state_204,state_205,state_206,state_207,state_208,state_209,state_210,state_211,state_212,state_213,state_214,state_215,state_216,state_217,state_218,state_219,state_220,state_221,state_222,state_223,state_224,state_225,state_226,state_227,state_228,state_229,state_230,state_231,state_232,state_233,state_234,state_235,state_236,state_237,state_238,state_239,state_240,state_241,state_242,state_243,state_244,state_245,state_246,state_247,state_248,state_249,state_250,state_251,state_252,state_253,state_254,state_255,state_256,state_257,state_258,state_259,state_260,state_261,state_262,state_263,state_264,state_265,state_266,state_267,state_268,state_269,state_270,state_271,state_272,state_273,state_274,state_275,state_276,state_277,state_278,state_279,state_280,state_281,state_282,state_283,state_284,state_285,state_286,state_287
{'img': array([[[ 0.        , -0.07792545, -0.08463128, ..., -0.00632514,
         -0.39242988, -0.810544  ],
        [ 0.07792545,  0.        , -0.00672805, ...,  0.07161799,
         -0.31956215, -0.76244008],
        [ 0.08463128,  0.00672805,  0.        , ...,  0.07832714,
         -0.31317965, -0.75806938],
        ...,
        [ 0.00632514, -0.07161799, -0.07832714, ...,  0.        ,
         -0.38660428, -0.80682329],
        [ 0.39242988,  0.31956215,  0.31317965, ...,  0.38660428,
          0.        , -0.51568627],
        [ 0.810544  ,  0.76244008,  0.75806938, ...,  0.80682329,
          0.51568627,  0.        ]],

       [[ 0.        , -0.15703995, -0.18865739, ...,  0.1218785 ,
          0.39413056,  0.24989003],
        [ 0.15703995,  0.        , -0.0320966 , ...,  0.27623548,
          0.53356855,  0.39884719],
        [ 0.18865739,  0.0320966 ,  0.        , ...,  0.30694088,
          0.56043956,  0.42807483],
        ...,
        [-0.1218785 , -0.27623548, -0.30694088, ...,  0.        ,
          0.27917935,  0.13001529],
        [-0.39413056, -0.53356855, -0.56043956, ..., -0.27917935,
          0.        , -0.15196392],
        [-0.24989003, -0.39884719, -0.42807483, ..., -0.13001529,
          0.15196392,  0.        ]],

       [[ 0.        , -0.12880855, -0.30879832, ...,  0.62375738,
          0.33597829, -0.37698661],
        [ 0.12880855,  0.        , -0.18371251, ...,  0.71924024,
          0.45450029, -0.25454123],
        [ 0.30879832,  0.18371251,  0.        , ...,  0.83463516,
          0.610406  , -0.07254756],
        ...,
        [-0.62375738, -0.71924024, -0.83463516, ...,  0.        ,
         -0.32489151, -0.87239528],
        [-0.33597829, -0.45450029, -0.610406  , ...,  0.32489151,
          0.        , -0.66626165],
        [ 0.37698661,  0.25454123,  0.07254756, ...,  0.87239528,
          0.66626165,  0.        ]],

       ...,

       [[ 0.        , -0.15735235,  0.04510811, ..., -0.44555065,
         -0.54779732, -0.93834823],
        [ 0.15735235,  0.        ,  0.20173836, ..., -0.29912946,
         -0.40933043, -0.87226342],
        [-0.04510811, -0.20173836,  0.        , ..., -0.48548046,
         -0.58497767, -0.95298659],
        ...,
        [ 0.44555065,  0.29912946,  0.48548046, ...,  0.        ,
         -0.11766664, -0.68603952],
        [ 0.54779732,  0.40933043,  0.58497767, ...,  0.11766664,
          0.        , -0.59566366],
        [ 0.93834823,  0.87226342,  0.95298659, ...,  0.68603952,
          0.59566366,  0.        ]],

       [[ 0.        , -0.05971155, -0.07471475, ...,  0.94584225,
          0.9170653 ,  0.89655277],
        [ 0.05971155,  0.        , -0.01503678, ...,  0.9247706 ,
          0.89161975,  0.86850457],
        [ 0.07471475,  0.01503678,  0.        , ...,  0.91894417,
          0.88471051,  0.86095293],
        ...,
        [-0.94584225, -0.9247706 , -0.91894417, ...,  0.        ,
          0.07943854,  0.12790359],
        [-0.9170653 , -0.89161975, -0.88471051, ..., -0.07943854,
          0.        ,  0.0487133 ],
        [-0.89655277, -0.86850457, -0.86095293, ..., -0.12790359,
         -0.0487133 ,  0.        ]],

       [[ 0.        , -0.03868867, -0.09898659, ...,  0.51789411,
          0.11933725, -0.70305559],
        [ 0.03868867,  0.        , -0.06041383, ...,  0.55060238,
          0.15766009, -0.67501636],
        [ 0.09898659,  0.06041383,  0.        , ...,  0.60002817,
          0.21703037, -0.6292099 ],
        ...,
        [-0.51789411, -0.55060238, -0.60002817, ...,  0.        ,
         -0.4121067 , -0.96971777],
        [-0.11933725, -0.15766009, -0.21703037, ...,  0.4121067 ,
          0.        , -0.78289628],
        [ 0.70305559,  0.67501636,  0.6292099 , ...,  0.96971777,
          0.78289628,  0.        ]]]), 'num': array([6.90155183e-01, 6.90155183e-01, 0.00000000e+00, 1.11775133e-03,
       1.12225234e-03, 1.08024289e-03, 2.17624983e-01, 4.35097833e-05,
       1.11400049e-03, 1.23477764e-03, 1.21028463e-03, 1.86823617e-06,
       1.40331836e-03, 1.06623693e-03])}
{'img': array([[[ 0.        , -0.00672805, -0.10535581, ..., -0.31956215,
         -0.76244008, -0.0762692 ],
        [ 0.00672805,  0.        , -0.09866282, ..., -0.31317965,
         -0.75806938, -0.06955902],
        [ 0.10535581,  0.09866282,  0.        , ..., -0.21795215,
         -0.69002539,  0.0292042 ],
        ...,
        [ 0.31956215,  0.31317965,  0.21795215, ...,  0.        ,
         -0.51568627,  0.2463613 ],
        [ 0.76244008,  0.75806938,  0.69002539, ...,  0.51568627,
          0.        ,  0.71086863],
        [ 0.0762692 ,  0.06955902, -0.0292042 , ..., -0.2463613 ,
         -0.71086863,  0.        ]],

       [[ 0.        , -0.0320966 , -0.12991029, ...,  0.53356855,
          0.39884719,  0.42849685],
        [ 0.0320966 ,  0.        , -0.09801874, ...,  0.56043956,
          0.42807483,  0.45727674],
        [ 0.12991029,  0.09801874,  0.        , ...,  0.63891947,
          0.51459725,  0.54224522],
        ...,
        [-0.53356855, -0.56043956, -0.63891947, ...,  0.        ,
         -0.15196392, -0.11969815],
        [-0.39884719, -0.42807483, -0.51459725, ...,  0.15196392,
          0.        ,  0.03256337],
        [-0.42849685, -0.45727674, -0.54224522, ...,  0.11969815,
         -0.03256337,  0.        ]],

       [[ 0.        , -0.10069942,  0.02199022, ...,  0.40288967,
         -0.11134865, -0.3440235 ],
        [ 0.10069942,  0.        ,  0.12255352, ...,  0.49300674,
         -0.01070944, -0.24772195],
        [-0.02199022, -0.12255352,  0.        , ...,  0.38266572,
         -0.1331752 , -0.36458827],
        ...,
        [-0.40288967, -0.49300674, -0.38266572, ...,  0.        ,
         -0.50229595, -0.69316471],
        [ 0.11134865,  0.01070944,  0.1331752 , ...,  0.50229595,
          0.        , -0.23733211],
        [ 0.3440235 ,  0.24772195,  0.36458827, ...,  0.69316471,
          0.23733211,  0.        ]],

       ...,

       [[ 0.        ,  0.20173836,  0.14183343, ..., -0.40933043,
         -0.87226342, -0.27065817],
        [-0.20173836,  0.        , -0.06078163, ..., -0.58497767,
         -0.95298659, -0.45930187],
        [-0.14183343,  0.06078163,  0.        , ..., -0.53459919,
         -0.932807  , -0.40446153],
        ...,
        [ 0.40933043,  0.58497767,  0.53459919, ...,  0.        ,
         -0.59566366,  0.1471076 ],
        [ 0.87226342,  0.95298659,  0.932807  , ...,  0.59566366,
          0.        ,  0.70734496],
        [ 0.27065817,  0.45930187,  0.40446153, ..., -0.1471076 ,
         -0.70734496,  0.        ]],

       [[ 0.        , -0.01503678, -0.0225281 , ...,  0.89161975,
          0.86850457,  0.9262577 ],
        [ 0.01503678,  0.        , -0.00749258, ...,  0.88471051,
          0.86095293,  0.92048575],
        [ 0.0225281 ,  0.00749258,  0.        , ...,  0.88119308,
          0.8571174 ,  0.917532  ],
        ...,
        [-0.89161975, -0.88471051, -0.88119308, ...,  0.        ,
          0.0487133 , -0.08335229],
        [-0.86850457, -0.86095293, -0.8571174 , ..., -0.0487133 ,
          0.        , -0.13179711],
        [-0.9262577 , -0.92048575, -0.917532  , ...,  0.08335229,
          0.13179711,  0.        ]],

       [[ 0.        , -0.04501032, -0.11287688, ...,  0.12429101,
         -0.33635949, -0.81171887],
        [ 0.04501032,  0.        , -0.06803983, ...,  0.16882634,
         -0.29363087, -0.78460801],
        [ 0.11287688,  0.06803983,  0.        , ...,  0.23549828,
         -0.22790985, -0.74060561],
        ...,
        [-0.12429101, -0.16882634, -0.23549828, ...,  0.        ,
         -0.45080032, -0.87801661],
        [ 0.33635949,  0.29363087,  0.22790985, ...,  0.45080032,
          0.        , -0.56797278],
        [ 0.81171887,  0.78460801,  0.74060561, ...,  0.87801661,
          0.56797278,  0.        ]]]), 'num': array([ 6.92998590e-01,  6.92998590e-01,  0.00000000e+00,  1.10653797e-03,
        1.11407056e-03,  1.08168041e-03,  1.98733466e-01, -1.58184461e-05,
        1.10924970e-03,  1.22713479e-03,  1.21486921e-03,  1.90884432e-06,
        1.39626786e-03,  1.05800171e-03])}
{'img': array([[[ 0.        , -0.09866282, -0.09131185, ..., -0.75806938,
         -0.06955902, -0.23281319],
        [ 0.09866282,  0.        ,  0.0073843 , ..., -0.69002539,
          0.0292042 , -0.13572557],
        [ 0.09131185, -0.0073843 ,  0.        , ..., -0.69535122,
          0.02182225, -0.14303784],
        ...,
        [ 0.75806938,  0.69002539,  0.69535122, ...,  0.        ,
          0.71086863,  0.58540406],
        [ 0.06955902, -0.0292042 , -0.02182225, ..., -0.71086863,
          0.        , -0.16460164],
        [ 0.23281319,  0.13572557,  0.14303784, ..., -0.58540406,
          0.16460164,  0.        ]],

       [[ 0.        , -0.09801874,  0.47003959, ...,  0.42807483,
          0.45727674,  0.41482894],
        [ 0.09801874,  0.        ,  0.55429194, ...,  0.51459725,
          0.54224522,  0.50201856],
        [-0.47003959, -0.55429194,  0.        , ..., -0.04695688,
         -0.01440452, -0.06154192],
        ...,
        [-0.42807483, -0.51459725,  0.04695688, ...,  0.        ,
          0.03256337, -0.01460617],
        [-0.45727674, -0.54224522,  0.01440452, ..., -0.03256337,
          0.        , -0.04715832],
        [-0.41482894, -0.50201856,  0.06154192, ...,  0.01460617,
          0.04715832,  0.        ]],

       [[ 0.        ,  0.0747722 ,  0.09607985, ..., -0.00556971,
         -0.07154204, -0.45078173],
        [-0.0747722 ,  0.        ,  0.02138462, ..., -0.08032516,
         -0.14592237, -0.51626406],
        [-0.09607985, -0.02138462,  0.        , ..., -0.10162231,
         -0.16704472, -0.53446041],
        ...,
        [ 0.00556971,  0.08032516,  0.10162231, ...,  0.        ,
         -0.06598549, -0.44580303],
        [ 0.07154204,  0.14592237,  0.16704472, ...,  0.06598549,
          0.        , -0.38576577],
        [ 0.45078173,  0.51626406,  0.53446041, ...,  0.44580303,
          0.38576577,  0.        ]],

       ...,

       [[ 0.        , -0.06078163, -0.04567255, ..., -0.95298659,
         -0.45930187, -0.44083189],
        [ 0.06078163,  0.        ,  0.0151301 , ..., -0.932807  ,
         -0.40446153, -0.38545986],
        [ 0.04567255, -0.0151301 ,  0.        , ..., -0.93815276,
         -0.41825254, -0.39937665],
        ...,
        [ 0.95298659,  0.932807  ,  0.93815276, ...,  0.        ,
          0.70734496,  0.72181337],
        [ 0.45930187,  0.40446153,  0.41825254, ..., -0.70734496,
          0.        ,  0.02068236],
        [ 0.44083189,  0.38545986,  0.39937665, ..., -0.72181337,
         -0.02068236,  0.        ]],

       [[ 0.        , -0.00749258, -0.01306319, ...,  0.86095293,
          0.92048575,  0.97797784],
        [ 0.00749258,  0.        , -0.00557088, ...,  0.8571174 ,
          0.917532  ,  0.97638662],
        [ 0.01306319,  0.00557088,  0.        , ...,  0.85423442,
          0.91530243,  0.97516799],
        ...,
        [-0.86095293, -0.8571174 , -0.85423442, ...,  0.        ,
         -0.13179711, -0.31779386],
        [-0.92048575, -0.917532  , -0.91530243, ...,  0.13179711,
          0.        , -0.19005693],
        [-0.97797784, -0.97638662, -0.97516799, ...,  0.31779386,
          0.19005693,  0.        ]],

       [[ 0.        , -0.05694229, -0.10756033, ..., -0.23533377,
         -0.4823348 , -0.86252338],
        [ 0.05694229,  0.        , -0.05077387, ..., -0.17960889,
         -0.4316715 , -0.83231013],
        [ 0.10756033,  0.05077387,  0.        , ..., -0.12942904,
         -0.38531512, -0.80309212],
        ...,
        [ 0.23533377,  0.17960889,  0.12942904, ...,  0.        ,
         -0.26263893, -0.71921614],
        [ 0.4823348 ,  0.4316715 ,  0.38531512, ...,  0.26263893,
          0.        , -0.51148951],
        [ 0.86252338,  0.83231013,  0.80309212, ...,  0.71921614,
          0.51148951,  0.        ]]]), 'num': array([9.01600932e-01, 1.54054353e-01, 4.75236223e-05, 1.45720581e-03,
       1.46369051e-03, 1.38494767e-03, 4.04185443e-01, 9.63441856e-05,
       1.37549853e-03, 1.49917111e-03, 1.49521853e-03, 3.46638048e-06,
       1.69670059e-03, 1.30164163e-03])}
{'img': array([[[ 0.        ,  0.0073843 ,  0.20706643, ...,  0.0292042 ,
         -0.13572557,  0.50273228],
        [-0.0073843 ,  0.        ,  0.19983653, ...,  0.02182225,
         -0.14303784,  0.49633527],
        [-0.20706643, -0.19983653,  0.        , ..., -0.17840686,
         -0.33793431,  0.31283955],
        ...,
        [-0.0292042 , -0.02182225,  0.17840686, ...,  0.        ,
         -0.16460164,  0.47727251],
        [ 0.13572557,  0.14303784,  0.33793431, ...,  0.16460164,
          0.        ,  0.61540714],
        [-0.50273228, -0.49633527, -0.31283955, ..., -0.47727251,
         -0.61540714,  0.        ]],

       [[ 0.        ,  0.55429194,  0.4073758 , ...,  0.54224522,
          0.50201856,  0.71108207],
        [-0.55429194,  0.        , -0.16714503, ..., -0.01440452,
         -0.06154192,  0.20212183],
        [-0.4073758 ,  0.16714503,  0.        , ...,  0.1529258 ,
          0.10615204,  0.36297366],
        ...,
        [-0.54224522,  0.01440452, -0.1529258 , ...,  0.        ,
         -0.04715832,  0.21620807],
        [-0.50201856,  0.06154192, -0.10615204, ...,  0.04715832,
          0.        ,  0.26201042],
        [-0.71108207, -0.20212183, -0.36297366, ..., -0.21620807,
         -0.26201042,  0.        ]],

       [[ 0.        ,  0.02138462,  0.0306571 , ..., -0.14592237,
         -0.51626406, -0.14913571],
        [-0.02138462,  0.        ,  0.00927552, ..., -0.16704472,
         -0.53446041, -0.17024707],
        [-0.0306571 , -0.00927552,  0.        , ..., -0.17618273,
         -0.54227703, -0.17937986],
        ...,
        [ 0.14592237,  0.16704472,  0.17618273, ...,  0.        ,
         -0.38576577, -0.00324888],
        [ 0.51626406,  0.53446041,  0.54227703, ...,  0.38576577,
          0.        ,  0.38276632],
        [ 0.14913571,  0.17024707,  0.17937986, ...,  0.00324888,
         -0.38276632,  0.        ]],

       ...,

       [[ 0.        ,  0.0151301 ,  0.26226567, ..., -0.40446153,
         -0.38545986,  0.08111939],
        [-0.0151301 ,  0.        ,  0.24763517, ..., -0.41825254,
         -0.39937665,  0.06602987],
        [-0.26226567, -0.24763517,  0.        , ..., -0.63016003,
         -0.6139661 , -0.18312148],
        ...,
        [ 0.40446153,  0.41825254,  0.63016003, ...,  0.        ,
          0.02068236,  0.47731673],
        [ 0.38545986,  0.39937665,  0.6139661 , ..., -0.02068236,
          0.        ,  0.45904039],
        [-0.08111939, -0.06602987,  0.18312148, ..., -0.47731673,
         -0.45904039,  0.        ]],

       [[ 0.        , -0.00557088, -0.04823749, ...,  0.917532  ,
          0.97638662,  0.99975711],
        [ 0.00557088,  0.        , -0.04267234, ...,  0.91530243,
          0.97516799,  0.99961882],
        [ 0.04823749,  0.04267234,  0.        , ...,  0.89728168,
          0.96482923,  0.99753018],
        ...,
        [-0.917532  , -0.91530243, -0.89728168, ...,  0.        ,
         -0.19005693, -0.37734384],
        [-0.97638662, -0.97516799, -0.96482923, ...,  0.19005693,
          0.        , -0.19445939],
        [-0.99975711, -0.99961882, -0.99753018, ...,  0.37734384,
          0.19445939,  0.        ]],

       [[ 0.        , -0.05077387, -0.05720905, ..., -0.4316715 ,
         -0.83231013, -0.77756   ],
        [ 0.05077387,  0.        , -0.00644454, ..., -0.38531512,
         -0.80309212, -0.74463003],
        [ 0.05720905,  0.00644454,  0.        , ..., -0.37936019,
         -0.79923543, -0.74031298],
        ...,
        [ 0.4316715 ,  0.38531512,  0.37936019, ...,  0.        ,
         -0.51148951, -0.42994432],
        [ 0.83231013,  0.80309212,  0.79923543, ...,  0.51148951,
          0.        ,  0.09235442],
        [ 0.77756   ,  0.74463003,  0.74031298, ...,  0.42994432,
         -0.09235442,  0.        ]]]), 'num': array([ 8.28239405e-01,  5.26473171e-01,  1.94186766e-05,  1.32936667e-03,
        1.34476474e-03,  1.31995674e-03,  1.91913668e-01, -1.62535178e-05,
        1.28625207e-03,  1.37684405e-03,  1.38169159e-03,  3.36593921e-06,
        1.55523528e-03,  1.19845282e-03])}
{'img': array([[[ 0.        ,  0.19983653,  0.28741632, ..., -0.14303784,
          0.49633527,  0.40452215],
        [-0.19983653,  0.        ,  0.09021434, ..., -0.33793431,
          0.31283955,  0.2136065 ],
        [-0.28741632, -0.09021434,  0.        , ..., -0.42146334,
          0.22587779,  0.12460332],
        ...,
        [ 0.14303784,  0.33793431,  0.42146334, ...,  0.        ,
          0.61540714,  0.53117468],
        [-0.49633527, -0.31283955, -0.22587779, ..., -0.61540714,
          0.        , -0.10273441],
        [-0.40452215, -0.2136065 , -0.12460332, ..., -0.53117468,
          0.10273441,  0.        ]],

       [[ 0.        , -0.18213548, -0.13556214, ..., -0.06586677,
          0.21125602, -0.15213158],
        [ 0.18213548,  0.        ,  0.04715951, ...,  0.11697491,
          0.38574726,  0.03042852],
        [ 0.13556214, -0.04715951,  0.        , ...,  0.07000901,
          0.34180849, -0.01674301],
        ...,
        [ 0.06586677, -0.11697491, -0.07000901, ...,  0.        ,
          0.27517747, -0.08670112],
        [-0.21125602, -0.38574726, -0.34180849, ..., -0.27517747,
          0.        , -0.35749515],
        [ 0.15213158, -0.03042852,  0.01674301, ...,  0.08670112,
          0.35749515,  0.        ]],

       [[ 0.        ,  0.00927552,  0.0770544 , ..., -0.53446041,
         -0.17024707,  0.06867858],
        [-0.00927552,  0.        ,  0.06780314, ..., -0.54227703,
         -0.17937986,  0.05942201],
        [-0.0770544 , -0.06780314,  0.        , ..., -0.59799728,
         -0.24567043, -0.00839807],
        ...,
        [ 0.53446041,  0.54227703,  0.59799728, ...,  0.        ,
          0.38276632,  0.59124516],
        [ 0.17024707,  0.17937986,  0.24567043, ..., -0.38276632,
          0.        ,  0.23752107],
        [-0.06867858, -0.05942201,  0.00839807, ..., -0.59124516,
         -0.23752107,  0.        ]],

       ...,

       [[ 0.        ,  0.24763517,  0.33320742, ..., -0.39937665,
          0.06602987,  0.13310325],
        [-0.24763517,  0.        ,  0.08934543, ..., -0.6139661 ,
         -0.18312148, -0.11647422],
        [-0.33320742, -0.08934543,  0.        , ..., -0.6820339 ,
         -0.27022375, -0.20474573],
        ...,
        [ 0.39937665,  0.6139661 ,  0.6820339 , ...,  0.        ,
          0.45904039,  0.51785039],
        [-0.06602987,  0.18312148,  0.27022375, ..., -0.45904039,
          0.        ,  0.06737043],
        [-0.13310325,  0.11647422,  0.20474573, ..., -0.51785039,
         -0.06737043,  0.        ]],

       [[ 0.        , -0.04267234, -0.14645162, ...,  0.97516799,
          0.99961882,  0.99702722],
        [ 0.04267234,  0.        , -0.10410598, ...,  0.96482923,
          0.99753018,  0.99940696],
        [ 0.14645162,  0.10410598,  0.        , ...,  0.93221944,
          0.98479749,  0.99756123],
        ...,
        [-0.97516799, -0.96482923, -0.93221944, ...,  0.        ,
         -0.19445939, -0.29594495],
        [-0.99961882, -0.99753018, -0.98479749, ...,  0.19445939,
          0.        , -0.10454695],
        [-0.99702722, -0.99940696, -0.99756123, ...,  0.29594495,
          0.10454695,  0.        ]],

       [[ 0.        , -0.00621493,  0.02549047, ..., -0.65721366,
         -0.64444511, -0.82018313],
        [ 0.00621493,  0.        ,  0.03170289, ..., -0.65251675,
         -0.63968041, -0.81661172],
        [-0.02549047, -0.03170289,  0.        , ..., -0.67621239,
         -0.66372701, -0.83449975],
        ...,
        [ 0.65721366,  0.65251675,  0.67621239, ...,  0.        ,
          0.01681774, -0.24218292],
        [ 0.64444511,  0.63968041,  0.66372701, ..., -0.01681774,
          0.        , -0.25846576],
        [ 0.82018313,  0.81661172,  0.83449975, ...,  0.24218292,
          0.25846576,  0.        ]]]), 'num': array([7.87593942e-01, 5.88172883e-01, 1.26455966e-05, 1.27834012e-03,
       1.28968873e-03, 1.26293843e-03, 1.83671374e-01, 1.86441489e-05,
       1.24234881e-03, 1.29884869e-03, 1.31049452e-03, 3.54029502e-06,
       1.46299464e-03, 1.13470274e-03])}
{'img': array([[[ 0.        ,  0.09021434, -0.08956105, ...,  0.31283955,
          0.2136065 ,  0.33294235],
        [-0.09021434,  0.        , -0.17904765, ...,  0.22587779,
          0.12460332,  0.24651738],
        [ 0.08956105,  0.17904765,  0.        , ...,  0.39664798,
          0.30024205,  0.41605571],
        ...,
        [-0.31283955, -0.22587779, -0.39664798, ...,  0.        ,
         -0.10273441,  0.02123946],
        [-0.2136065 , -0.12460332, -0.30024205, ...,  0.10273441,
          0.        ,  0.12383832],
        [-0.33294235, -0.24651738, -0.41605571, ..., -0.02123946,
         -0.12383832,  0.        ]],

       [[ 0.        ,  0.04715951, -0.07013027, ...,  0.38574726,
          0.03042852,  0.03581174],
        [-0.04715951,  0.        , -0.11709563, ...,  0.34180849,
         -0.01674301, -0.01135736],
        [ 0.07013027,  0.11709563,  0.        , ...,  0.44949999,
          0.10045139,  0.10580885],
        ...,
        [-0.38574726, -0.34180849, -0.44949999, ...,  0.        ,
         -0.35749515, -0.35245975],
        [-0.03042852,  0.01674301, -0.10045139, ...,  0.35749515,
          0.        ,  0.00538615],
        [-0.03581174,  0.01135736, -0.10580885, ...,  0.35245975,
         -0.00538615,  0.        ]],

       [[ 0.        ,  0.06780314,  0.0740245 , ..., -0.17937986,
          0.05942201,  0.31638857],
        [-0.06780314,  0.        ,  0.00623703, ..., -0.24567043,
         -0.00839807,  0.2513404 ],
        [-0.0740245 , -0.00623703,  0.        , ..., -0.25171154,
         -0.01463472,  0.24529869],
        ...,
        [ 0.17937986,  0.24567043,  0.25171154, ...,  0.        ,
          0.23752107,  0.48142177],
        [-0.05942201,  0.00839807,  0.01463472, ..., -0.23752107,
          0.        ,  0.25946002],
        [-0.31638857, -0.2513404 , -0.24529869, ..., -0.48142177,
         -0.25946002,  0.        ]],

       ...,

       [[ 0.        ,  0.08934543,  0.14541418, ..., -0.18312148,
         -0.11647422,  0.03134968],
        [-0.08934543,  0.        ,  0.05643686, ..., -0.27022375,
         -0.20474573, -0.05807721],
        [-0.14541418, -0.05643686,  0.        , ..., -0.32413033,
         -0.25966065, -0.11432624],
        ...,
        [ 0.18312148,  0.27022375,  0.32413033, ...,  0.        ,
          0.06737043,  0.21385104],
        [ 0.11647422,  0.20474573,  0.25966065, ..., -0.06737043,
          0.        ,  0.14755328],
        [-0.03134968,  0.05807721,  0.11432624, ..., -0.21385104,
         -0.14755328,  0.        ]],

       [[ 0.        , -0.10410598, -0.34019132, ...,  0.99753018,
          0.99940696,  0.99148599],
        [ 0.10410598,  0.        , -0.24044609, ...,  0.98479749,
          0.99756123,  0.99965446],
        [ 0.34019132,  0.24044609,  0.        , ...,  0.91413898,
          0.95151288,  0.97664751],
        ...,
        [-0.99753018, -0.98479749, -0.91413898, ...,  0.        ,
         -0.10454695, -0.19953294],
        [-0.99940696, -0.99756123, -0.95151288, ...,  0.10454695,
          0.        , -0.09599486],
        [-0.99148599, -0.99965446, -0.97664751, ...,  0.19953294,
          0.09599486,  0.        ]],

       [[ 0.        ,  0.03135968,  0.08017775, ..., -0.62030685,
         -0.73550739, -0.8218813 ],
        [-0.03135968,  0.        ,  0.04887959, ..., -0.64459902,
         -0.75639235, -0.83934139],
        [-0.08017775, -0.04887959,  0.        , ..., -0.68119798,
         -0.78746125, -0.86490928],
        ...,
        [ 0.62030685,  0.64459902,  0.68119798, ...,  0.        ,
         -0.15663377, -0.29128694],
        [ 0.73550739,  0.75639235,  0.78746125, ...,  0.15663377,
          0.        , -0.13785006],
        [ 0.8218813 ,  0.83934139,  0.86490928, ...,  0.29128694,
          0.13785006,  0.        ]]]), 'num': array([7.98203760e-01, 4.95263789e-01, 1.91008809e-05, 1.30017155e-03,
       1.34443968e-03, 1.27967704e-03, 3.42886061e-01, 7.37802266e-06,
       1.27213506e-03, 1.30689375e-03, 1.32625422e-03, 3.39728771e-06,
       1.46361859e-03, 1.15016891e-03])}
{'img': array([[[ 0.        , -0.17904765,  0.06901057, ...,  0.12460332,
          0.24651738,  0.29213257],
        [ 0.17904765,  0.        ,  0.24651618, ...,  0.30024205,
          0.41605571,  0.45864903],
        [-0.06901057, -0.24651618,  0.        , ...,  0.05583351,
          0.17904887,  0.22543593],
        ...,
        [-0.12460332, -0.30024205, -0.05583351, ...,  0.        ,
          0.12383832,  0.17068802],
        [-0.24651738, -0.41605571, -0.17904887, ..., -0.12383832,
          0.        ,  0.04735313],
        [-0.29213257, -0.45864903, -0.22543593, ..., -0.17068802,
         -0.04735313,  0.        ]],

       [[ 0.        , -0.11709563,  0.24853183, ..., -0.01674301,
         -0.01135736,  0.31828644],
        [ 0.11709563,  0.        ,  0.3602437 , ...,  0.10045139,
          0.10580885,  0.42710286],
        [-0.24853183, -0.3602437 ,  0.        , ..., -0.26471467,
         -0.25951681,  0.07269297],
        ...,
        [ 0.01674301, -0.10045139,  0.26471467, ...,  0.        ,
          0.00538615,  0.3341141 ],
        [ 0.01135736, -0.10580885,  0.25951681, ..., -0.00538615,
          0.        ,  0.32903263],
        [-0.31828644, -0.42710286, -0.07269297, ..., -0.3341141 ,
         -0.32903263,  0.        ]],

       [[ 0.        ,  0.00623703,  0.11798779, ..., -0.00839807,
          0.2513404 ,  0.38914032],
        [-0.00623703,  0.        ,  0.11179203, ..., -0.01463472,
          0.24529869,  0.38338733],
        [-0.11798779, -0.11179203,  0.        , ..., -0.12632304,
          0.13538456,  0.27773438],
        ...,
        [ 0.00839807,  0.01463472,  0.12632304, ...,  0.        ,
          0.25946002,  0.39686272],
        [-0.2513404 , -0.24529869, -0.13538456, ..., -0.25946002,
          0.        ,  0.14511907],
        [-0.38914032, -0.38338733, -0.27773438, ..., -0.39686272,
         -0.14511907,  0.        ]],

       ...,

       [[ 0.        ,  0.05643686,  0.314031  , ..., -0.20474573,
         -0.05807721, -0.13371827],
        [-0.05643686,  0.        ,  0.25994862, ..., -0.25966065,
         -0.11432624, -0.18943517],
        [-0.314031  , -0.25994862,  0.        , ..., -0.50176652,
         -0.36864019, -0.43816464],
        ...,
        [ 0.20474573,  0.25966065,  0.50176652, ...,  0.        ,
          0.14755328,  0.07202151],
        [ 0.05807721,  0.11432624,  0.36864019, ..., -0.14755328,
          0.        , -0.07593693],
        [ 0.13371827,  0.18943517,  0.43816464, ..., -0.07202151,
          0.07593693,  0.        ]],

       [[ 0.        , -0.24044609, -0.31168913, ...,  0.99756123,
          0.99965446,  0.98735745],
        [ 0.24044609,  0.        , -0.07407689, ...,  0.95151288,
          0.97664751,  0.99650384],
        [ 0.31168913,  0.07407689,  0.        , ...,  0.92611192,
          0.95804893,  0.98757707],
        ...,
        [-0.99756123, -0.95151288, -0.92611192, ...,  0.        ,
         -0.09599486, -0.22703738],
        [-0.99965446, -0.97664751, -0.95804893, ...,  0.09599486,
          0.        , -0.13250082],
        [-0.98735745, -0.99650384, -0.98757707, ...,  0.22703738,
          0.13250082,  0.        ]],

       [[ 0.        ,  0.04887959,  0.05986524, ..., -0.75639235,
         -0.83934139, -0.69288458],
        [-0.04887959,  0.        ,  0.01100176, ..., -0.78746125,
         -0.86490928, -0.72730092],
        [-0.05986524, -0.01100176,  0.        , ..., -0.79419468,
         -0.87037903, -0.73480761],
        ...,
        [ 0.75639235,  0.78746125,  0.79419468, ...,  0.        ,
         -0.13785006,  0.09216717],
        [ 0.83934139,  0.86490928,  0.87037903, ...,  0.13785006,
          0.        ,  0.22855057],
        [ 0.69288458,  0.72730092,  0.73480761, ..., -0.09216717,
         -0.22855057,  0.        ]]]), 'num': array([9.00181650e-01, 3.66088053e-01, 3.29484021e-05, 1.47948365e-03,
       1.48313444e-03, 1.44023763e-03, 2.35871678e-01, 3.19444341e-05,
       1.44407096e-03, 1.44904517e-03, 1.47793206e-03, 3.95024665e-06,
       1.61113920e-03, 1.28695114e-03])}
{'img': array([[[ 0.        ,  0.24651618,  0.213209  , ...,  0.41605571,
          0.45864903,  0.61084211],
        [-0.24651618,  0.        , -0.03421884, ...,  0.17904887,
          0.22543593,  0.39681093],
        [-0.213209  ,  0.03421884,  0.        , ...,  0.21260989,
          0.25864188,  0.42798804],
        ...,
        [-0.41605571, -0.17904887, -0.21260989, ...,  0.        ,
          0.04735313,  0.22604951],
        [-0.45864903, -0.22543593, -0.25864188, ..., -0.04735313,
          0.        ,  0.17966851],
        [-0.61084211, -0.39681093, -0.42798804, ..., -0.22604951,
         -0.17966851,  0.        ]],

       [[ 0.        ,  0.3602437 ,  0.01794609, ...,  0.10580885,
          0.42710286,  0.17551927],
        [-0.3602437 ,  0.        , -0.34344452, ..., -0.25951681,
          0.07269297, -0.19091668],
        [-0.01794609,  0.34344452,  0.        , ...,  0.08794645,
          0.41080716,  0.1578235 ],
        ...,
        [-0.10580885,  0.25951681, -0.08794645, ...,  0.        ,
          0.32903263,  0.07036772],
        [-0.42710286, -0.07269297, -0.41080716, ..., -0.32903263,
          0.        , -0.26176746],
        [-0.17551927,  0.19091668, -0.1578235 , ..., -0.07036772,
          0.26176746,  0.        ]],

       [[ 0.        ,  0.11179203,  0.19917057, ...,  0.24529869,
          0.38338733,  0.56645796],
        [-0.11179203,  0.        ,  0.08836984, ...,  0.13538456,
          0.27773438,  0.47078043],
        [-0.19917057, -0.08836984,  0.        , ...,  0.04729867,
          0.19175462,  0.39097428],
        ...,
        [-0.24529869, -0.13538456, -0.04729867, ...,  0.        ,
          0.14511907,  0.34700292],
        [-0.38338733, -0.27773438, -0.19175462, ..., -0.14511907,
          0.        ,  0.20722767],
        [-0.56645796, -0.47078043, -0.39097428, ..., -0.34700292,
         -0.20722767,  0.        ]],

       ...,

       [[ 0.        ,  0.25994862,  0.27832373, ..., -0.11432624,
         -0.18943517, -0.12757135],
        [-0.25994862,  0.        ,  0.01907829, ..., -0.36864019,
         -0.43816464, -0.38101044],
        [-0.27832373, -0.01907829,  0.        , ..., -0.38630774,
         -0.45523426, -0.39858032],
        ...,
        [ 0.11432624,  0.36864019,  0.38630774, ...,  0.        ,
         -0.07593693, -0.01334276],
        [ 0.18943517,  0.43816464,  0.45523426, ...,  0.07593693,
          0.        ,  0.06262593],
        [ 0.12757135,  0.38101044,  0.39858032, ...,  0.01334276,
         -0.06262593,  0.        ]],

       [[ 0.        , -0.07407689, -0.26823567, ...,  0.97664751,
          0.99650384,  0.99887083],
        [ 0.07407689,  0.        , -0.19613648, ...,  0.95804893,
          0.98757707,  0.99964575],
        [ 0.26823567,  0.19613648,  0.        , ...,  0.88322674,
          0.93757499,  0.97500902],
        ...,
        [-0.97664751, -0.95804893, -0.88322674, ...,  0.        ,
         -0.13250082, -0.26100442],
        [-0.99650384, -0.98757707, -0.93757499, ...,  0.13250082,
          0.        , -0.13079509],
        [-0.99887083, -0.99964575, -0.97500902, ...,  0.26100442,
          0.13079509,  0.        ]],

       [[ 0.        ,  0.01100176,  0.02242795, ..., -0.86490928,
         -0.72730092, -0.59025077],
        [-0.01100176,  0.        ,  0.0114276 , ..., -0.87037903,
         -0.73480761, -0.59909589],
        [-0.02242795, -0.0114276 ,  0.        , ..., -0.87594894,
         -0.74251069, -0.60820659],
        ...,
        [ 0.86490928,  0.87037903,  0.87594894, ...,  0.        ,
          0.22855057,  0.40190849],
        [ 0.72730092,  0.73480761,  0.74251069, ..., -0.22855057,
          0.        ,  0.18199165],
        [ 0.59025077,  0.59909589,  0.60820659, ..., -0.40190849,
         -0.18199165,  0.        ]]]), 'num': array([8.94499279e-01, 2.32698624e-01, 3.94163582e-05, 1.48385797e-03,
       1.49799837e-03, 1.44055300e-03, 3.81714376e-01, 5.12589412e-05,
       1.41704459e-03, 1.40122502e-03, 1.43368902e-03, 4.59923645e-06,
       1.55322864e-03, 1.24922140e-03])}
{'img': array([[[ 0.        , -0.03421884,  0.29567411, ...,  0.22543593,
          0.39681093,  0.65021486],
        [ 0.03421884,  0.        ,  0.32818984, ...,  0.25864188,
          0.42798804,  0.67583185],
        [-0.29567411, -0.32818984,  0.        , ..., -0.07270644,
          0.10766969,  0.3965045 ],
        ...,
        [-0.22543593, -0.25864188,  0.07270644, ...,  0.        ,
          0.17966851,  0.462202  ],
        [-0.39681093, -0.42798804, -0.10766969, ..., -0.17966851,
          0.        ,  0.29535521],
        [-0.65021486, -0.67583185, -0.3965045 , ..., -0.462202  ,
         -0.29535521,  0.        ]],

       [[ 0.        , -0.34344452,  0.27948422, ...,  0.07269297,
         -0.19091668,  0.09154377],
        [ 0.34344452,  0.        ,  0.59224238, ...,  0.41080716,
          0.1578235 ,  0.42797785],
        [-0.27948422, -0.59224238,  0.        , ..., -0.20894863,
         -0.45765216, -0.1904149 ],
        ...,
        [-0.07269297, -0.41080716,  0.20894863, ...,  0.        ,
         -0.26176746,  0.01891385],
        [ 0.19091668, -0.1578235 ,  0.45765216, ...,  0.26176746,
          0.        ,  0.27997497],
        [-0.09154377, -0.42797785,  0.1904149 , ..., -0.01891385,
         -0.27997497,  0.        ]],

       [[ 0.        ,  0.08836984,  0.21773781, ...,  0.27773438,
          0.47078043,  0.58669074],
        [-0.08836984,  0.        ,  0.13063635, ...,  0.19175462,
          0.39097428,  0.51283258],
        [-0.21773781, -0.13063635,  0.        , ...,  0.06189924,
          0.26738586,  0.39628796],
        ...,
        [-0.27773438, -0.19175462, -0.06189924, ...,  0.        ,
          0.20722767,  0.33869672],
        [-0.47078043, -0.39097428, -0.26738586, ..., -0.20722767,
          0.        ,  0.13636495],
        [-0.58669074, -0.51283258, -0.39628796, ..., -0.33869672,
         -0.13636495,  0.        ]],

       ...,

       [[ 0.        ,  0.01907829,  0.19207236, ..., -0.43816464,
         -0.38101044, -0.09270746],
        [-0.01907829,  0.        ,  0.17331434, ..., -0.45523426,
         -0.39858032, -0.11168671],
        [-0.19207236, -0.17331434,  0.        , ..., -0.60265918,
         -0.5515008 , -0.28222649],
        ...,
        [ 0.43816464,  0.45523426,  0.60265918, ...,  0.        ,
          0.06262593,  0.35294339],
        [ 0.38101044,  0.39858032,  0.5515008 , ..., -0.06262593,
          0.        ,  0.29365497],
        [ 0.09270746,  0.11168671,  0.28222649, ..., -0.35294339,
         -0.29365497,  0.        ]],

       [[ 0.        , -0.19613648,  0.18167776, ...,  0.98757707,
          0.99964575,  0.99974105],
        [ 0.19613648,  0.        ,  0.37102136, ...,  0.93757499,
          0.97500902,  0.98478599],
        [-0.18167776, -0.37102136,  0.        , ...,  0.99968994,
          0.98784517,  0.97896919],
        ...,
        [-0.98757707, -0.93757499, -0.99968994, ...,  0.        ,
         -0.13079509, -0.17956812],
        [-0.99964575, -0.97500902, -0.98784517, ...,  0.13079509,
          0.        , -0.04935644],
        [-0.99974105, -0.98478599, -0.97896919, ...,  0.17956812,
          0.04935644,  0.        ]],

       [[ 0.        ,  0.0114276 , -0.05596217, ..., -0.73480761,
         -0.59909589, -0.54510936],
        [-0.0114276 ,  0.        , -0.06736821, ..., -0.74251069,
         -0.60820659, -0.55465426],
        [ 0.05596217,  0.06736821,  0.        , ..., -0.69569832,
         -0.5533494 , -0.49733839],
        ...,
        [ 0.73480761,  0.74251069,  0.69569832, ...,  0.        ,
          0.18199165,  0.24630258],
        [ 0.59909589,  0.60820659,  0.5533494 , ..., -0.18199165,
          0.        ,  0.06580431],
        [ 0.54510936,  0.55465426,  0.49733839, ..., -0.24630258,
         -0.06580431,  0.        ]]]), 'num': array([9.36986770e-01, 1.59728438e-01, 4.62653769e-05, 1.55451666e-03,
       1.57672405e-03, 1.53601051e-03, 3.10683665e-01, 9.25307538e-07,
       1.50695586e-03, 1.46490063e-03, 1.50316210e-03, 5.08174265e-06,
       1.61790215e-03, 1.31189910e-03])}
{'img': array([[[ 0.        ,  0.32818984, -0.00576195, ...,  0.42798804,
          0.67583185,  0.67973332],
        [-0.32818984,  0.        , -0.3336272 , ...,  0.10766969,
          0.3965045 ,  0.4013702 ],
        [ 0.00576195,  0.3336272 ,  0.        , ...,  0.43318849,
          0.68006751,  0.68394819],
        ...,
        [-0.42798804, -0.10766969, -0.43318849, ...,  0.        ,
          0.29535521,  0.30042054],
        [-0.67583185, -0.3965045 , -0.68006751, ..., -0.29535521,
          0.        ,  0.00530622],
        [-0.67973332, -0.4013702 , -0.68394819, ..., -0.30042054,
         -0.00530622,  0.        ]],

       [[ 0.        ,  0.59224238,  0.28761753, ...,  0.1578235 ,
          0.42797785,  0.29467018],
