state_0,state_1,state_2,state_3,state_4,state_5,state_6,state_7,state_8,state_9,state_10,state_11,state_12,state_13,state_14,state_15,state_16,state_17,state_18,state_19,state_20,state_21,state_22,state_23,state_24,state_25,state_26,state_27,state_28,state_29,state_30,state_31,state_32,state_33,state_34,state_35,state_36,state_37,state_38,state_39,state_40,state_41,state_42,state_43,state_44,state_45,state_46,state_47,state_48,state_49,state_50,state_51,state_52,state_53,state_54,state_55,state_56,state_57,state_58,state_59,state_60,state_61,state_62,state_63,state_64,state_65,state_66,state_67,state_68,state_69,state_70,state_71,state_72,state_73,state_74,state_75,state_76,state_77,state_78,state_79,state_80,state_81,state_82,state_83,state_84,state_85,state_86,state_87,state_88,state_89,state_90,state_91,state_92,state_93,state_94,state_95,state_96,state_97,state_98,state_99,state_100,state_101,state_102,state_103,state_104,state_105,state_106,state_107,state_108,state_109,state_110,state_111,state_112,state_113,state_114,state_115,state_116,state_117,state_118,state_119,state_120,state_121,state_122,state_123,state_124,state_125,state_126,state_127,state_128,state_129,state_130,state_131,state_132,state_133,state_134,state_135,state_136,state_137,state_138,state_139,state_140,state_141,state_142,state_143,state_144,state_145,state_146,state_147,state_148,state_149,state_150,state_151,state_152,state_153,state_154,state_155,state_156,state_157,state_158,state_159,state_160,state_161,state_162,state_163,state_164,state_165,state_166,state_167,state_168,state_169,state_170,state_171,state_172,state_173,state_174,state_175,state_176,state_177,state_178,state_179,state_180,state_181,state_182,state_183,state_184,state_185,state_186,state_187,state_188,state_189,state_190,state_191,state_192,state_193,state_194,state_195,state_196,state_197,state_198,state_199,state_200,state_201,state_202,state_203,state_204,state_205,state_206,state_207,state_208,state_209,state_210,state_211,state_212,state_213,state_214,state_215,state_216,state_217,state_218,state_219,state_220,state_221,state_222,state_223,state_224,state_225,state_226,state_227,state_228,state_229,state_230,state_231,state_232,state_233,state_234,state_235,state_236,state_237,state_238,state_239,state_240,state_241,state_242,state_243,state_244,state_245,state_246,state_247,state_248,state_249,state_250,state_251,state_252,state_253,state_254,state_255,state_256,state_257,state_258,state_259,state_260,state_261,state_262,state_263,state_264,state_265,state_266,state_267,state_268,state_269,state_270,state_271,state_272,state_273,state_274,state_275,state_276,state_277,state_278,state_279,state_280,state_281,state_282,state_283,state_284,state_285,state_286,state_287
{'img': array([[[ 0.        , -0.44552419, -0.28494678, ..., -0.99837628,
         -0.99631988, -0.99499461],
        [ 0.44552419,  0.        ,  0.17194997, ..., -0.86843777,
         -0.85378807, -0.84626813],
        [ 0.28494678, -0.17194997,  0.        , ..., -0.94075546,
         -0.9305922 , -0.92527113],
        ...,
        [ 0.99837628,  0.86843777,  0.94075546, ...,  0.        ,
          0.02882012,  0.04308829],
        [ 0.99631988,  0.85378807,  0.9305922 , ..., -0.02882012,
          0.        ,  0.01427704],
        [ 0.99499461,  0.84626813,  0.92527113, ..., -0.04308829,
         -0.01427704,  0.        ]],

       [[ 0.        ,  0.05277454, -0.22760769, ..., -0.42440634,
         -0.25397009, -0.50938588],
        [-0.05277454,  0.        , -0.27867987, ..., -0.47160077,
         -0.30466035, -0.55409054],
        [ 0.22760769,  0.27867987,  0.        , ..., -0.20717455,
         -0.02715921, -0.30015087],
        ...,
        [ 0.42440634,  0.47160077,  0.20717455, ...,  0.        ,
          0.18052817, -0.0960167 ],
        [ 0.25397009,  0.30466035,  0.02715921, ..., -0.18052817,
          0.        , -0.2741332 ],
        [ 0.50938588,  0.55409054,  0.30015087, ...,  0.0960167 ,
          0.2741332 ,  0.        ]],

       [[ 0.        , -0.02233671,  0.1435897 , ..., -0.71706554,
         -0.78380711, -0.82686464],
        [ 0.02233671,  0.        ,  0.16565912, ..., -0.73245545,
         -0.79748274, -0.83922053],
        [-0.1435897 , -0.16565912,  0.        , ..., -0.60955197,
         -0.68651492, -0.7375411 ],
        ...,
        [ 0.71706554,  0.73245545,  0.60955197, ...,  0.        ,
          0.10101722,  0.17305103],
        [ 0.78380711,  0.79748274,  0.68651492, ..., -0.10101722,
          0.        ,  0.07267266],
        [ 0.82686464,  0.83922053,  0.7375411 , ..., -0.17305103,
         -0.07267266,  0.        ]],

       ...,

       [[ 0.        , -0.2688717 ,  0.00597892, ...,  0.2795237 ,
         -0.39674752, -0.74072064],
        [ 0.2688717 ,  0.        ,  0.27462565, ...,  0.52738467,
         -0.13533288, -0.53281279],
        [-0.00597892, -0.27462565,  0.        , ...,  0.27377811,
         -0.40222865, -0.74472412],
        ...,
        [-0.2795237 , -0.52738467, -0.27377811, ...,  0.        ,
         -0.63751526, -0.89898232],
        [ 0.39674752,  0.13533288,  0.40222865, ...,  0.63751526,
          0.        , -0.41338784],
        [ 0.74072064,  0.53281279,  0.74472412, ...,  0.89898232,
          0.41338784,  0.        ]],

       [[ 0.        , -0.1284352 , -0.3666253 , ..., -0.99645283,
         -0.99635932, -0.99713426],
        [ 0.1284352 ,  0.        , -0.24409678, ..., -0.97739189,
         -0.97715787, -0.97915949],
        [ 0.3666253 ,  0.24409678,  0.        , ..., -0.89621585,
         -0.89572554, -0.89996648],
        ...,
        [ 0.99645283,  0.97739189,  0.89621585, ...,  0.        ,
          0.00110403, -0.0085281 ],
        [ 0.99635932,  0.97715787,  0.89572554, ..., -0.00110403,
          0.        , -0.00963208],
        [ 0.99713426,  0.97915949,  0.89996648, ...,  0.0085281 ,
          0.00963208,  0.        ]],

       [[ 0.        , -0.00425052,  0.22300574, ..., -0.82914068,
         -0.83284681, -0.90154412],
        [ 0.00425052,  0.        ,  0.2271472 , ..., -0.8315094 ,
         -0.83519196, -0.90337512],
        [-0.22300574, -0.2271472 ,  0.        , ..., -0.6835914 ,
         -0.68843887, -0.78234893],
        ...,
        [ 0.82914068,  0.8315094 ,  0.6835914 , ...,  0.        ,
          0.00666238,  0.1452407 ],
        [ 0.83284681,  0.83519196,  0.68843887, ..., -0.00666238,
          0.        ,  0.13864574],
        [ 0.90154412,  0.90337512,  0.78234893, ..., -0.1452407 ,
         -0.13864574,  0.        ]]]), 'num': array([ 7.07097195e-01,  7.07097195e-01,  0.00000000e+00,  2.67962055e-04,
        2.75131608e-04,  2.67065861e-04,  5.14816945e-03, -8.51384456e-06,
        2.74056175e-04,  2.78828409e-04,  2.83854565e-04,  1.45722628e-07,
        3.01254538e-04,  2.56402281e-04])}
{'img': array([[[ 0.        ,  0.17194997,  0.37438913, ..., -0.85378807,
         -0.84626813, -0.96383191],
        [-0.17194997,  0.        ,  0.20936852, ..., -0.9305922 ,
         -0.92527113, -0.99530283],
        [-0.37438913, -0.20936852,  0.        , ..., -0.98660824,
         -0.98417899, -0.99351282],
        ...,
        [ 0.85378807,  0.9305922 ,  0.98660824, ...,  0.        ,
          0.01427704, -0.27424705],
        [ 0.84626813,  0.92527113,  0.98417899, ..., -0.01427704,
          0.        , -0.28794874],
        [ 0.96383191,  0.99530283,  0.99351282, ...,  0.27424705,
          0.28794874,  0.        ]],

       [[ 0.        , -0.27867987,  0.3626662 , ..., -0.30466035,
         -0.55409054, -0.04071035],
        [ 0.27867987,  0.        ,  0.60800593, ..., -0.02715921,
         -0.30015087,  0.23935128],
        [-0.3626662 , -0.60800593,  0.        , ..., -0.62934423,
         -0.81827136, -0.40030429],
        ...,
        [ 0.30466035,  0.02715921,  0.62934423, ...,  0.        ,
         -0.2741332 ,  0.26563276],
        [ 0.55409054,  0.30015087,  0.81827136, ...,  0.2741332 ,
          0.        ,  0.5197416 ],
        [ 0.04071035, -0.23935128,  0.40030429, ..., -0.26563276,
         -0.5197416 ,  0.        ]],

       [[ 0.        ,  0.16565912, -0.16680948, ..., -0.79748274,
         -0.83922053, -0.8287945 ],
        [-0.16565912,  0.        , -0.32784278, ..., -0.68651492,
         -0.7375411 , -0.72464803],
        [ 0.16680948,  0.32784278,  0.        , ..., -0.88695245,
         -0.91817186, -0.91052114],
        ...,
        [ 0.79748274,  0.68651492,  0.88695245, ...,  0.        ,
          0.07267266,  0.05381238],
        [ 0.83922053,  0.7375411 ,  0.91817186, ..., -0.07267266,
          0.        , -0.01889727],
        [ 0.8287945 ,  0.72464803,  0.91052114, ..., -0.05381238,
          0.01889727,  0.        ]],

       ...,

       [[ 0.        ,  0.23514496,  0.17172554, ..., -0.11304274,
         -0.43712669, -0.91898726],
        [-0.23514496,  0.        , -0.06474143, ..., -0.34351076,
         -0.63635915, -0.8005045 ],
        [-0.17172554,  0.06474143,  0.        , ..., -0.28198827,
         -0.58508304, -0.83762637],
        ...,
        [ 0.11304274,  0.34351076,  0.28198827, ...,  0.        ,
         -0.33265413, -0.95766798],
        [ 0.43712669,  0.63635915,  0.58508304, ...,  0.33265413,
          0.        , -0.99889056],
        [ 0.91898726,  0.8005045 ,  0.83762637, ...,  0.95766798,
          0.99889056,  0.        ]],

       [[ 0.        , -0.24409678, -0.33422441, ..., -0.97715787,
         -0.97915949, -0.98178778],
        [ 0.24409678,  0.        , -0.09405478, ..., -0.89572554,
         -0.89996648, -0.90571583],
        [ 0.33422441,  0.09405478,  0.        , ..., -0.84993735,
         -0.85497291, -0.86183237],
        ...,
        [ 0.97715787,  0.89572554,  0.84993735, ...,  0.        ,
         -0.00963208, -0.023003  ],
        [ 0.97915949,  0.89996648,  0.85497291, ...,  0.00963208,
          0.        , -0.0133724 ],
        [ 0.98178778,  0.90571583,  0.86183237, ...,  0.023003  ,
          0.0133724 ,  0.        ]],

       [[ 0.        ,  0.2271472 ,  0.47564957, ..., -0.83519196,
         -0.90337512, -0.92948526],
        [-0.2271472 ,  0.        ,  0.2634097 , ..., -0.68843887,
         -0.78234893, -0.82140358],
        [-0.47564957, -0.2634097 ,  0.        , ..., -0.47307643,
         -0.59065734, -0.6421599 ],
        ...,
        [ 0.83519196,  0.68843887,  0.47307643, ...,  0.        ,
          0.13864574,  0.20311007],
        [ 0.90337512,  0.78234893,  0.59065734, ..., -0.13864574,
          0.        ,  0.06539264],
        [ 0.92948526,  0.82140358,  0.6421599 , ..., -0.20311007,
         -0.06539264,  0.        ]]]), 'num': array([7.07101491e-01, 7.07101491e-01, 0.00000000e+00, 2.68411783e-04,
       2.68859882e-04, 2.62138385e-04, 3.78966966e-03, 4.48099804e-07,
       2.72803161e-04, 2.78538838e-04, 2.83176671e-04, 1.82720308e-07,
       3.01344257e-04, 2.55733420e-04])}
{'img': array([[[ 0.        ,  0.20936852,  0.03813226, ..., -0.92527113,
         -0.99530283, -0.99352966],
        [-0.20936852,  0.        , -0.17192912, ..., -0.98417899,
         -0.99351282, -0.99528847],
        [-0.03813226,  0.17192912,  0.        , ..., -0.93906199,
         -0.99827055, -0.99713786],
        ...,
        [ 0.92527113,  0.98417899,  0.93906199, ...,  0.        ,
         -0.28794874, -0.27176635],
        [ 0.99530283,  0.99351282,  0.99827055, ...,  0.28794874,
          0.        ,  0.01685538],
        [ 0.99352966,  0.99528847,  0.99713786, ...,  0.27176635,
         -0.01685538,  0.        ]],

       [[ 0.        ,  0.60800593,  0.41015531, ..., -0.30015087,
          0.23935128, -0.03097067],
        [-0.60800593,  0.        , -0.22887533, ..., -0.81827136,
         -0.40030429, -0.63230289],
        [-0.41015531,  0.22887533,  0.        , ..., -0.66498606,
         -0.17994122, -0.43820429],
        ...,
        [ 0.30015087,  0.81827136,  0.66498606, ...,  0.        ,
          0.5197416 ,  0.27046422],
        [-0.23935128,  0.40030429,  0.17994122, ..., -0.5197416 ,
          0.        , -0.2693069 ],
        [ 0.03097067,  0.63230289,  0.43820429, ..., -0.27046422,
          0.2693069 ,  0.        ]],

       [[ 0.        , -0.32784278, -0.45700409, ..., -0.7375411 ,
         -0.72464803, -0.67537071],
        [ 0.32784278,  0.        , -0.14014198, ..., -0.91817186,
         -0.91052114, -0.87982149],
        [ 0.45700409,  0.14014198,  0.        , ..., -0.96463258,
         -0.95947904, -0.93774898],
        ...,
        [ 0.7375411 ,  0.91817186,  0.96463258, ...,  0.        ,
         -0.01889727, -0.08784128],
        [ 0.72464803,  0.91052114,  0.95947904, ...,  0.01889727,
          0.        , -0.06900138],
        [ 0.67537071,  0.87982149,  0.93774898, ...,  0.08784128,
          0.06900138,  0.        ]],

       ...,

       [[ 0.        , -0.06474143, -0.19856397, ..., -0.63635915,
         -0.8005045 , -0.99887742],
        [ 0.06474143,  0.        , -0.13469511, ..., -0.58508304,
         -0.83762637, -0.99984864],
        [ 0.19856397,  0.13469511,  0.        , ..., -0.47051708,
         -0.9035695 , -0.98839363],
        ...,
        [ 0.63635915,  0.58508304,  0.47051708, ...,  0.        ,
         -0.99889056, -0.80067113],
        [ 0.8005045 ,  0.83762637,  0.9035695 , ...,  0.99889056,
          0.        ,  0.56073428],
        [ 0.99887742,  0.99984864,  0.98839363, ...,  0.80067113,
         -0.56073428,  0.        ]],

       [[ 0.        , -0.09405478, -0.10087142, ..., -0.89996648,
         -0.90571583, -0.90418253],
        [ 0.09405478,  0.        , -0.00684921, ..., -0.85497291,
         -0.86183237, -0.85999916],
        [ 0.10087142,  0.00684921,  0.        , ..., -0.85140036,
         -0.85833828, -0.85648387],
        ...,
        [ 0.89996648,  0.85497291,  0.85140036, ...,  0.        ,
         -0.0133724 , -0.00976925],
        [ 0.90571583,  0.86183237,  0.85833828, ...,  0.0133724 ,
          0.        ,  0.00360338],
        [ 0.90418253,  0.85999916,  0.85648387, ...,  0.00976925,
         -0.00360338,  0.        ]],

       [[ 0.        ,  0.2634097 ,  0.29136981, ..., -0.78234893,
         -0.82140358, -0.78999091],
        [-0.2634097 ,  0.        ,  0.02909933, ..., -0.59065734,
         -0.6421599 , -0.60059026],
        [-0.29136981, -0.02909933,  0.        , ..., -0.56692631,
         -0.61958127, -0.57706936],
        ...,
        [ 0.78234893,  0.59065734,  0.56692631, ...,  0.        ,
          0.06539264,  0.0123656 ],
        [ 0.82140358,  0.6421599 ,  0.61958127, ..., -0.06539264,
          0.        , -0.05304851],
        [ 0.78999091,  0.60059026,  0.57706936, ..., -0.0123656 ,
          0.05304851,  0.        ]]]), 'num': array([ 7.59117123e-01,  6.50946430e-01,  3.62988903e-06,  2.86924915e-04,
        2.91739092e-04,  2.84999245e-04,  3.04038350e-03, -1.44425293e-06,
        2.91353957e-04,  2.99104782e-04,  3.03397422e-04,  1.94418663e-07,
        3.23859387e-04,  2.74350176e-04])}
{'img': array([[[ 0.        , -0.17192912,  0.5393132 , ..., -0.99351282,
         -0.99528847, -0.98900912],
        [ 0.17192912,  0.        ,  0.67606487, ..., -0.99827055,
         -0.99713786, -0.9997026 ],
        [-0.5393132 , -0.67606487,  0.        , ..., -0.77531157,
         -0.78584693, -0.7531099 ],
        ...,
        [ 0.99351282,  0.99827055,  0.77531157, ...,  0.        ,
          0.01685538, -0.03442505],
        [ 0.99528847,  0.99713786,  0.78584693, ..., -0.01685538,
          0.        , -0.05126555],
        [ 0.98900912,  0.9997026 ,  0.7531099 , ...,  0.03442505,
          0.05126555,  0.        ]],

       [[ 0.        , -0.22887533, -0.37562029, ..., -0.40030429,
         -0.63230289, -0.82268149],
        [ 0.22887533,  0.        , -0.15353411, ..., -0.17994122,
         -0.43820429, -0.6707278 ],
        [ 0.37562029,  0.15353411,  0.        , ..., -0.02677969,
         -0.29500062, -0.54889842],
        ...,
        [ 0.40030429,  0.17994122,  0.02677969, ...,  0.        ,
         -0.2693069 , -0.52631671],
        [ 0.63230289,  0.43820429,  0.29500062, ...,  0.2693069 ,
          0.        , -0.27788304],
        [ 0.82268149,  0.6707278 ,  0.54889842, ...,  0.52631671,
          0.27788304,  0.        ]],

       [[ 0.        , -0.14332533, -0.06905497, ..., -0.9064773 ,
         -0.8751469 , -0.82389713],
        [ 0.14332533,  0.        ,  0.07464117, ..., -0.95763827,
         -0.93546057, -0.89661902],
        [ 0.06905497, -0.07464117,  0.        , ..., -0.93347219,
         -0.90647055, -0.86106654],
        ...,
        [ 0.9064773 ,  0.95763827,  0.93347219, ...,  0.        ,
         -0.06907092, -0.16584207],
        [ 0.8751469 ,  0.93546057,  0.90647055, ...,  0.06907092,
          0.        , -0.09733155],
        [ 0.82389713,  0.89661902,  0.86106654, ...,  0.16584207,
          0.09733155,  0.        ]],

       ...,

       [[ 0.        , -0.13469511,  0.26608707, ..., -0.83762637,
         -0.99984864, -0.99999643],
        [ 0.13469511,  0.        ,  0.39350146, ..., -0.9035695 ,
         -0.98839363, -0.99052371],
        [-0.26608707, -0.39350146,  0.        , ..., -0.66208074,
         -0.96843258, -0.96465643],
        ...,
        [ 0.83762637,  0.9035695 ,  0.66208074, ...,  0.        ,
          0.56073428,  0.54847942],
        [ 0.99984864,  0.98839363,  0.96843258, ..., -0.56073428,
          0.        , -0.01472718],
        [ 0.99999643,  0.99052371,  0.96465643, ..., -0.54847942,
          0.01472718,  0.        ]],

       [[ 0.        , -0.00684921,  0.05801432, ..., -0.86183237,
         -0.85999916, -0.85787051],
        [ 0.00684921,  0.        ,  0.06485064, ..., -0.85833828,
         -0.85648387, -0.85433081],
        [-0.05801432, -0.06485064,  0.        , ..., -0.8898053 ,
         -0.88815515, -0.88623723],
        ...,
        [ 0.86183237,  0.85833828,  0.8898053 , ...,  0.        ,
          0.00360338,  0.00776016],
        [ 0.85999916,  0.85648387,  0.88815515, ..., -0.00360338,
          0.        ,  0.00415684],
        [ 0.85787051,  0.85433081,  0.88623723, ..., -0.00776016,
         -0.00415684,  0.        ]],

       [[ 0.        ,  0.02909933, -0.17255872, ..., -0.6421599 ,
         -0.60059026, -0.57543792],
        [-0.02909933,  0.        , -0.20114846, ..., -0.61958127,
         -0.57706936, -0.55139549],
        [ 0.17255872,  0.20114846,  0.        , ..., -0.76480547,
         -0.72955147, -0.70793228],
        ...,
        [ 0.6421599 ,  0.61958127,  0.76480547, ...,  0.        ,
         -0.05304851, -0.0840737 ],
        [ 0.60059026,  0.57706936,  0.72955147, ...,  0.05304851,
          0.        , -0.03109462],
        [ 0.57543792,  0.55139549,  0.70793228, ...,  0.0840737 ,
          0.03109462,  0.        ]]]), 'num': array([ 7.17539793e-01,  6.96494162e-01,  7.19508733e-07,  2.66400385e-04,
        2.77785017e-04,  2.66400385e-04,  5.64893593e-03, -5.00923802e-06,
        2.72775779e-04,  2.83090256e-04,  2.86042670e-04,  1.83905591e-07,
        3.06005277e-04,  2.60175234e-04])}
{'img': array([[[ 0.        ,  0.67606487,  0.22176241, ..., -0.99713786,
         -0.9997026 , -0.98213899],
        [-0.67606487,  0.        , -0.49582747, ..., -0.78584693,
         -0.7531099 , -0.5964751 ],
        [-0.22176241,  0.49582747,  0.        , ..., -0.98907616,
         -0.98021877, -0.91595832],
        ...,
        [ 0.99713786,  0.78584693,  0.98907616, ...,  0.        ,
         -0.05126555, -0.2618728 ],
        [ 0.9997026 ,  0.7531099 ,  0.98021877, ...,  0.05126555,
          0.        , -0.21205195],
        [ 0.98213899,  0.5964751 ,  0.91595832, ...,  0.2618728 ,
          0.21205195,  0.        ]],

       [[ 0.        , -0.15353411,  0.06351426, ..., -0.43820429,
         -0.6707278 , -0.10982907],
        [ 0.15353411,  0.        ,  0.2159853 , ..., -0.29500062,
         -0.54889842,  0.04407844],
        [-0.06351426, -0.2159853 ,  0.        , ..., -0.49441093,
         -0.71648231, -0.17273734],
        ...,
        [ 0.43820429,  0.29500062,  0.49441093, ...,  0.        ,
         -0.27788304,  0.33683072],
        [ 0.6707278 ,  0.54889842,  0.71648231, ...,  0.27788304,
          0.        ,  0.58520962],
        [ 0.10982907, -0.04407844,  0.17273734, ..., -0.33683072,
         -0.58520962,  0.        ]],

       [[ 0.        ,  0.07464117,  0.45058494, ..., -0.93546057,
         -0.89661902, -0.78526344],
        [-0.07464117,  0.        ,  0.38269333, ..., -0.90647055,
         -0.86106654, -0.73685795],
        [-0.45058494, -0.38269333,  0.        , ..., -0.67586633,
         -0.60092162, -0.42204605],
        ...,
        [ 0.93546057,  0.90647055,  0.67586633, ...,  0.        ,
         -0.09733155, -0.30166495],
        [ 0.89661902,  0.86106654,  0.60092162, ...,  0.09733155,
          0.        , -0.20743538],
        [ 0.78526344,  0.73685795,  0.42204605, ...,  0.30166495,
          0.20743538,  0.        ]],

       ...,

       [[ 0.        ,  0.39350146,  0.54844679, ..., -0.98839363,
         -0.99052371, -0.99052371],
        [-0.39350146,  0.        ,  0.1751601 , ..., -0.96843258,
         -0.96465643, -0.96465643],
        [-0.54844679, -0.1751601 ,  0.        , ..., -0.90979744,
         -0.90358621, -0.90358621],
        ...,
        [ 0.98839363,  0.96843258,  0.90979744, ...,  0.        ,
         -0.01472718, -0.01472718],
        [ 0.99052371,  0.96465643,  0.90358621, ...,  0.01472718,
          0.        ,  0.        ],
        [ 0.99052371,  0.96465643,  0.90358621, ...,  0.01472718,
          0.        ,  0.        ]],

       [[ 0.        ,  0.06485064,  0.09815297, ..., -0.85648387,
         -0.85433081, -0.8614149 ],
        [-0.06485064,  0.        ,  0.03340886, ..., -0.88815515,
         -0.88623723, -0.89253937],
        [-0.09815297, -0.03340886,  0.        , ..., -0.90301219,
         -0.90121855, -0.9071075 ],
        ...,
        [ 0.85648387,  0.88815515,  0.90301219, ...,  0.        ,
          0.00415684, -0.00962998],
        [ 0.85433081,  0.88623723,  0.90121855, ..., -0.00415684,
          0.        , -0.01378654],
        [ 0.8614149 ,  0.89253937,  0.9071075 , ...,  0.00962998,
          0.01378654,  0.        ]],

       [[ 0.        , -0.20114846, -0.2075896 , ..., -0.57706936,
         -0.55139549, -0.59536203],
        [ 0.20114846,  0.        , -0.00657998, ..., -0.72955147,
         -0.70793228, -0.74480754],
        [ 0.2075896 ,  0.00657998,  0.        , ..., -0.7340359 ,
         -0.71256426, -0.7491821 ],
        ...,
        [ 0.57706936,  0.72955147,  0.7340359 , ...,  0.        ,
         -0.03109462,  0.02257854],
        [ 0.55139549,  0.70793228,  0.71256426, ...,  0.03109462,
          0.        ,  0.05365432],
        [ 0.59536203,  0.74480754,  0.7491821 , ..., -0.02257854,
         -0.05365432,  0.        ]]]), 'num': array([ 8.81056855e-01,  4.72994196e-01,  1.40469074e-05,  3.25928641e-04,
        3.29855492e-04,  3.24245705e-04,  3.79360743e-03, -2.24391491e-06,
        3.31987211e-04,  3.47498273e-04,  3.51238131e-04,  2.37990976e-07,
        3.77398966e-04,  3.17597581e-04])}
{'img': array([[[ 0.00000000e+00, -4.95827465e-01, -7.85846933e-01, ...,
         -7.53109896e-01, -5.96475103e-01, -5.18193912e-01],
        [ 4.95827465e-01,  0.00000000e+00, -3.75815878e-01, ...,
         -9.80218768e-01, -9.15958318e-01, -8.74073467e-01],
        [ 7.85846933e-01,  3.75815878e-01,  0.00000000e+00, ...,
         -9.82743576e-01, -9.99618325e-01, -9.92567954e-01],
        ...,
        [ 7.53109896e-01,  9.80218768e-01,  9.82743576e-01, ...,
          0.00000000e+00, -2.12051954e-01, -3.03190100e-01],
        [ 5.96475103e-01,  9.15958318e-01,  9.99618325e-01, ...,
          2.12051954e-01,  0.00000000e+00, -9.42243821e-02],
        [ 5.18193912e-01,  8.74073467e-01,  9.92567954e-01, ...,
          3.03190100e-01,  9.42243821e-02,  0.00000000e+00]],

       [[ 0.00000000e+00,  2.15985302e-01, -6.49854489e-02, ...,
         -5.48898422e-01,  4.40784384e-02, -4.86603656e-01],
        [-2.15985302e-01,  0.00000000e+00, -2.78980327e-01, ...,
         -7.16482312e-01, -1.72737342e-01, -6.63807857e-01],
        [ 6.49854489e-02,  2.78980327e-01,  0.00000000e+00, ...,
         -4.93417541e-01,  1.08907554e-01, -4.28802305e-01],
        ...,
        [ 5.48898422e-01,  7.16482312e-01,  4.93417541e-01, ...,
          0.00000000e+00,  5.85209617e-01,  7.27835304e-02],
        [-4.40784384e-02,  1.72737342e-01, -1.08907554e-01, ...,
         -5.85209617e-01,  0.00000000e+00, -5.24638643e-01],
        [ 4.86603656e-01,  6.63807857e-01,  4.28802305e-01, ...,
         -7.27835304e-02,  5.24638643e-01,  0.00000000e+00]],

       [[ 0.00000000e+00,  3.79863407e-01,  1.69979157e-01, ...,
         -8.81440087e-01, -7.77165709e-01, -3.79863407e-01],
        [-3.79863407e-01,  0.00000000e+00, -2.17097544e-01, ...,
         -6.35961709e-01, -4.79864856e-01, -0.00000000e+00],
        [-1.69979157e-01,  2.17097544e-01,  0.00000000e+00, ...,
         -7.88332618e-01, -6.58888923e-01, -2.17097544e-01],
        ...,
        [ 8.81440087e-01,  6.35961709e-01,  7.88332618e-01, ...,
          0.00000000e+00, -1.87634583e-01, -6.35961709e-01],
        [ 7.77165709e-01,  4.79864856e-01,  6.58888923e-01, ...,
          1.87634583e-01,  0.00000000e+00, -4.79864856e-01],
        [ 3.79863407e-01,  0.00000000e+00,  2.17097544e-01, ...,
          6.35961709e-01,  4.79864856e-01,  0.00000000e+00]],

       ...,

       [[ 0.00000000e+00,  1.75160100e-01, -1.64303272e-01, ...,
         -9.64656428e-01, -9.64656428e-01, -9.81388931e-01],
        [-1.75160100e-01,  0.00000000e+00, -3.34542789e-01, ...,
         -9.03586214e-01, -9.03586214e-01, -9.32580517e-01],
        [ 1.64303272e-01,  3.34542789e-01,  0.00000000e+00, ...,
         -9.94842320e-01, -9.94842320e-01, -9.99602992e-01],
        ...,
        [ 9.64656428e-01,  9.03586214e-01,  9.94842320e-01, ...,
          0.00000000e+00,  0.00000000e+00,  7.33630596e-02],
        [ 9.64656428e-01,  9.03586214e-01,  9.94842320e-01, ...,
          0.00000000e+00,  0.00000000e+00,  7.33630596e-02],
        [ 9.81388931e-01,  9.32580517e-01,  9.99602992e-01, ...,
         -7.33630596e-02, -7.33630596e-02,  0.00000000e+00]],

       [[ 0.00000000e+00,  3.34088592e-02,  3.50807272e-02, ...,
         -8.86237230e-01, -8.92539366e-01, -8.85976398e-01],
        [-3.34088592e-02,  0.00000000e+00,  1.67284857e-03, ...,
         -9.01218545e-01, -9.07107499e-01, -9.00974519e-01],
        [-3.50807272e-02, -1.67284857e-03,  0.00000000e+00, ...,
         -9.01942238e-01, -9.07810330e-01, -9.01699061e-01],
        ...,
        [ 8.86237230e-01,  9.01218545e-01,  9.01942238e-01, ...,
          0.00000000e+00, -1.37865442e-02,  5.62766409e-04],
        [ 8.92539366e-01,  9.07107499e-01,  9.07810330e-01, ...,
          1.37865442e-02,  0.00000000e+00,  1.43492549e-02],
        [ 8.85976398e-01,  9.00974519e-01,  9.01699061e-01, ...,
         -5.62766409e-04, -1.43492549e-02,  0.00000000e+00]],

       [[ 0.00000000e+00, -8.57325367e-03,  9.25439017e-03, ...,
         -6.73735751e-01, -7.12504429e-01, -5.42959565e-01],
        [ 8.57325367e-03,  0.00000000e+00,  1.78269366e-02, ...,
         -6.80046388e-01, -7.18493818e-01, -5.50139076e-01],
        [-9.25439017e-03, -1.78269366e-02,  0.00000000e+00, ...,
         -6.66868162e-01, -7.05980411e-01, -5.35164858e-01],
        ...,
        [ 6.73735751e-01,  6.80046388e-01,  6.66868162e-01, ...,
          0.00000000e+00,  5.37825173e-02, -1.64543447e-01],
        [ 7.12504429e-01,  7.18493818e-01,  7.05980411e-01, ...,
         -5.37825173e-02,  0.00000000e+00, -2.17354752e-01],
        [ 5.42959565e-01,  5.50139076e-01,  5.35164858e-01, ...,
          1.64543447e-01,  2.17354752e-01,  0.00000000e+00]]]), 'num': array([9.18386787e-01, 3.95637844e-01, 1.70554297e-05, 3.47803673e-04,
       3.47803673e-04, 3.29647527e-04, 5.95360455e-03, 1.81561461e-05,
       3.37477365e-04, 3.50498726e-04, 3.54215062e-04, 5.01185282e-07,
       3.79903825e-04, 3.21093626e-04])}
{'img': array([[[ 0.00000000e+00, -6.80880674e-01, -7.49528715e-01, ...,
         -6.14736700e-01, -5.34655011e-01, -9.18953373e-01],
        [ 6.80880674e-01,  0.00000000e+00, -9.82267818e-02, ...,
         -9.87262340e-01, -9.66970437e-01, -9.41552596e-01],
        [ 7.49528715e-01,  9.82267818e-02,  0.00000000e+00, ...,
         -9.98115957e-01, -9.87331105e-01, -9.03910036e-01],
        ...,
        [ 6.14736700e-01,  9.87262340e-01,  9.98115957e-01, ...,
          0.00000000e+00, -9.77960755e-02,  4.82376920e-01],
        [ 5.34655011e-01,  9.66970437e-01,  9.87331105e-01, ...,
          9.77960755e-02,  0.00000000e+00,  5.65730452e-01],
        [ 9.18953373e-01,  9.41552596e-01,  9.03910036e-01, ...,
         -4.82376920e-01, -5.65730452e-01,  0.00000000e+00]],

       [[ 0.00000000e+00, -2.78980327e-01, -3.88303049e-01, ...,
         -1.72737342e-01, -6.63807857e-01, -3.20498983e-01],
        [ 2.78980327e-01,  0.00000000e+00, -1.15796956e-01, ...,
          1.08907554e-01, -4.28802305e-01, -4.35103564e-02],
        [ 3.88303049e-01,  1.15796956e-01,  0.00000000e+00, ...,
          2.23283105e-01, -3.21306932e-01,  7.24696356e-02],
        ...,
        [ 1.72737342e-01, -1.08907554e-01, -2.23283105e-01, ...,
          0.00000000e+00, -5.24638643e-01, -1.52055967e-01],
        [ 6.63807857e-01,  4.28802305e-01,  3.21306932e-01, ...,
          5.24638643e-01,  0.00000000e+00,  3.89089035e-01],
        [ 3.20498983e-01,  4.35103564e-02, -7.24696356e-02, ...,
          1.52055967e-01, -3.89089035e-01,  0.00000000e+00]],

       [[ 0.00000000e+00, -2.17097544e-01, -4.33419047e-01, ...,
         -4.79864856e-01, -0.00000000e+00, -3.15598942e-01],
        [ 2.17097544e-01,  0.00000000e+00, -2.27435286e-01, ...,
         -6.58888923e-01, -2.17097544e-01, -5.14074150e-01],
        [ 4.33419047e-01,  2.27435286e-01,  0.00000000e+00, ...,
         -8.12707526e-01, -4.33419047e-01, -6.95683559e-01],
        ...,
        [ 4.79864856e-01,  6.58888923e-01,  8.12707526e-01, ...,
          0.00000000e+00, -4.79864856e-01, -1.78451907e-01],
        [ 0.00000000e+00,  2.17097544e-01,  4.33419047e-01, ...,
          4.79864856e-01,  0.00000000e+00,  3.15598942e-01],
        [ 3.15598942e-01,  5.14074150e-01,  6.95683559e-01, ...,
          1.78451907e-01, -3.15598942e-01,  0.00000000e+00]],

       ...,

       [[ 0.00000000e+00, -3.34542789e-01, -1.75160100e-01, ...,
         -9.03586214e-01, -9.32580517e-01, -7.57711503e-01],
        [ 3.34542789e-01,  0.00000000e+00,  1.64303272e-01, ...,
         -9.94842320e-01, -9.99602992e-01, -4.95733423e-01],
        [ 1.75160100e-01, -1.64303272e-01,  0.00000000e+00, ...,
         -9.64656428e-01, -9.81388931e-01, -6.31689583e-01],
        ...,
        [ 9.03586214e-01,  9.94842320e-01,  9.64656428e-01, ...,
          0.00000000e+00,  7.33630596e-02,  9.14279408e-01],
        [ 9.32580517e-01,  9.99602992e-01,  9.81388931e-01, ...,
         -7.33630596e-02,  0.00000000e+00,  8.82097487e-01],
        [ 7.57711503e-01,  4.95733423e-01,  6.31689583e-01, ...,
         -9.14279408e-01, -8.82097487e-01,  0.00000000e+00]],

       [[ 0.00000000e+00,  1.67284857e-03,  1.90903183e-03, ...,
         -9.07107499e-01, -9.00974519e-01, -9.24950487e-01],
        [-1.67284857e-03,  0.00000000e+00,  2.36183633e-04, ...,
         -9.07810330e-01, -9.01699061e-01, -9.25585022e-01],
        [-1.90903183e-03, -2.36183633e-04,  0.00000000e+00, ...,
         -9.07909355e-01, -9.01801153e-01, -9.25674401e-01],
        ...,
        [ 9.07107499e-01,  9.07810330e-01,  9.07909355e-01, ...,
          0.00000000e+00,  1.43492549e-02, -4.45304270e-02],
        [ 9.00974519e-01,  9.01699061e-01,  9.01801153e-01, ...,
         -1.43492549e-02,  0.00000000e+00, -5.88608632e-02],
        [ 9.24950487e-01,  9.25585022e-01,  9.25674401e-01, ...,
          4.45304270e-02,  5.88608632e-02,  0.00000000e+00]],

       [[ 0.00000000e+00,  1.78269366e-02,  1.61768329e-01, ...,
         -7.18493818e-01, -5.50139076e-01, -5.40133441e-01],
        [-1.78269366e-02,  0.00000000e+00,  1.44150488e-01, ...,
         -7.05980411e-01, -5.35164858e-01, -5.25044825e-01],
        [-1.61768329e-01, -1.44150488e-01,  0.00000000e+00, ...,
         -5.96515099e-01, -4.07804692e-01, -3.96878324e-01],
        ...,
        [ 7.18493818e-01,  7.05980411e-01,  5.96515099e-01, ...,
          0.00000000e+00, -2.17354752e-01, -2.28988769e-01],
        [ 5.50139076e-01,  5.35164858e-01,  4.07804692e-01, ...,
          2.17354752e-01,  0.00000000e+00, -1.19348270e-02],
        [ 5.40133441e-01,  5.25044825e-01,  3.96878324e-01, ...,
          2.28988769e-01,  1.19348270e-02,  0.00000000e+00]]]), 'num': array([ 7.53308125e-01,  6.57655487e-01,  3.13101924e-06,  2.84680470e-04,
        2.93067129e-04,  2.83282693e-04,  3.93379953e-03, -9.31850965e-07,
        2.78250698e-04,  2.86194728e-04,  2.90092971e-04,  4.65925483e-07,
        3.06212993e-04,  2.66176463e-04])}
{'img': array([[[ 0.00000000e+00, -3.94957977e-01, -7.06896427e-01, ...,
         -5.70729391e-01, -9.53683141e-01, -9.42809042e-01],
        [ 3.94957977e-01,  0.00000000e+00, -3.70064652e-01, ...,
         -8.48643715e-01, -9.94956424e-01, -9.97810559e-01],
        [ 7.06896427e-01,  3.70064652e-01,  0.00000000e+00, ...,
         -9.84146310e-01, -8.87200009e-01, -9.02497074e-01],
        ...,
        [ 5.70729391e-01,  8.48643715e-01,  9.84146310e-01, ...,
          0.00000000e+00,  6.11422844e-01,  5.83933400e-01],
        [ 9.53683141e-01,  9.94956424e-01,  8.87200009e-01, ...,
         -6.11422844e-01,  0.00000000e+00, -3.42851566e-02],
        [ 9.42809042e-01,  9.97810559e-01,  9.02497074e-01, ...,
         -5.83933400e-01,  3.42851566e-02,  0.00000000e+00]],

       [[ 0.00000000e+00, -1.15796956e-01, -2.56895449e-02, ...,
         -4.28802305e-01, -4.35103564e-02, -2.33739003e-01],
        [ 1.15796956e-01,  0.00000000e+00,  9.02420108e-02, ...,
         -3.21306932e-01,  7.24696356e-02, -1.19577310e-01],
        [ 2.56895449e-02, -9.02420108e-02,  0.00000000e+00, ...,
         -4.05452895e-01, -1.78307803e-02, -2.08683934e-01],
        ...,
        [ 4.28802305e-01,  3.21306932e-01,  4.05452895e-01, ...,
          0.00000000e+00,  3.89089035e-01,  2.05764784e-01],
        [ 4.35103564e-02, -7.24696356e-02,  1.78307803e-02, ...,
         -3.89089035e-01,  0.00000000e+00, -1.91212554e-01],
        [ 2.33739003e-01,  1.19577310e-01,  2.08683934e-01, ...,
         -2.05764784e-01,  1.91212554e-01,  0.00000000e+00]],

       [[ 0.00000000e+00, -3.82059006e-01, -5.56220899e-01, ...,
         -0.00000000e+00, -3.17447459e-01, -4.21353349e-01],
        [ 3.82059006e-01,  0.00000000e+00, -1.96520622e-01, ...,
         -3.82059006e-01, -6.55662572e-01, -7.35876607e-01],
        [ 5.56220899e-01,  1.96520622e-01,  0.00000000e+00, ...,
         -5.56220899e-01, -7.91260638e-01, -8.54593977e-01],
        ...,
        [ 0.00000000e+00,  3.82059006e-01,  5.56220899e-01, ...,
          0.00000000e+00,  3.17447459e-01,  4.21353349e-01],
        [ 3.17447459e-01,  6.55662572e-01,  7.91260638e-01, ...,
         -3.17447459e-01,  0.00000000e+00,  1.11667204e-01],
        [ 4.21353349e-01,  7.35876607e-01,  8.54593977e-01, ...,
         -4.21353349e-01, -1.11667204e-01,  0.00000000e+00]],

       ...,

       [[ 0.00000000e+00,  1.64303272e-01,  0.00000000e+00, ...,
         -9.99602992e-01, -4.95733423e-01, -2.61235660e-01],
        [-1.64303272e-01,  0.00000000e+00, -1.64303272e-01, ...,
         -9.81388931e-01, -6.31689583e-01, -4.16283284e-01],
        [ 0.00000000e+00,  1.64303272e-01,  0.00000000e+00, ...,
         -9.99602992e-01, -4.95733423e-01, -2.61235660e-01],
        ...,
        [ 9.99602992e-01,  9.81388931e-01,  9.99602992e-01, ...,
          0.00000000e+00,  8.82097487e-01,  9.72252278e-01],
        [ 4.95733423e-01,  6.31689583e-01,  4.95733423e-01, ...,
         -8.82097487e-01,  0.00000000e+00,  2.51642534e-01],
        [ 2.61235660e-01,  4.16283284e-01,  2.61235660e-01, ...,
         -9.72252278e-01, -2.51642534e-01,  0.00000000e+00]],

       [[ 0.00000000e+00,  2.36183633e-04, -4.96690315e-03, ...,
         -9.01699061e-01, -9.25585022e-01, -9.90365743e-01],
        [-2.36183633e-04,  0.00000000e+00, -5.20308373e-03, ...,
         -9.01801153e-01, -9.25674401e-01, -9.90398421e-01],
        [ 4.96690315e-03,  5.20308373e-03,  0.00000000e+00, ...,
         -8.99540427e-01, -9.23693434e-01, -9.89665728e-01],
        ...,
        [ 9.01699061e-01,  9.01801153e-01,  8.99540427e-01, ...,
          0.00000000e+00, -5.88608632e-02, -3.03334716e-01],
        [ 9.25585022e-01,  9.25674401e-01,  9.23693434e-01, ...,
          5.88608632e-02,  0.00000000e+00, -2.46721214e-01],
        [ 9.90365743e-01,  9.90398421e-01,  9.89665728e-01, ...,
          3.03334716e-01,  2.46721214e-01,  0.00000000e+00]],

       [[ 0.00000000e+00,  1.44150488e-01, -1.53343857e-01, ...,
         -5.35164858e-01, -5.25044825e-01, -7.04853176e-01],
        [-1.44150488e-01,  0.00000000e+00, -2.94187905e-01, ...,
         -4.07804692e-01, -3.96878324e-01, -5.95237918e-01],
        [ 1.53343857e-01,  2.94187905e-01,  0.00000000e+00, ...,
         -6.58372266e-01, -6.49342120e-01, -8.05291760e-01],
        ...,
        [ 5.35164858e-01,  4.07804692e-01,  6.58372266e-01, ...,
          0.00000000e+00, -1.19348270e-02,  2.15802138e-01],
        [ 5.25044825e-01,  3.96878324e-01,  6.49342120e-01, ...,
          1.19348270e-02,  0.00000000e+00,  2.27440376e-01],
        [ 7.04853176e-01,  5.95237918e-01,  8.05291760e-01, ...,
         -2.15802138e-01, -2.27440376e-01,  0.00000000e+00]]]), 'num': array([ 7.49025479e-01,  6.62532282e-01,  2.83584252e-06,  2.82657506e-04,
        2.86364490e-04,  2.75706912e-04,  3.34180873e-03, -4.63372961e-07,
        2.78023777e-04,  2.83468409e-04,  2.87862729e-04,  5.28145526e-07,
        3.00843042e-04,  2.66093777e-04])}
{'img': array([[[ 0.        , -0.6262018 , -0.88021438, ..., -0.96252684,
         -0.95232521, -0.94672814],
        [ 0.6262018 ,  0.        , -0.38908833, ..., -0.92026209,
         -0.93353546, -0.93978523],
        [ 0.88021438,  0.38908833,  0.        , ..., -0.6954946 ,
         -0.72049093, -0.73275358],
        ...,
        [ 0.96252684,  0.92026209,  0.6954946 , ...,  0.        ,
         -0.03539457, -0.05322644],
        [ 0.95232521,  0.93353546,  0.72049093, ...,  0.03539457,
          0.        , -0.01784869],
        [ 0.94672814,  0.93978523,  0.73275358, ...,  0.05322644,
          0.01784869,  0.        ]],

       [[ 0.        ,  0.09024201, -0.02019814, ...,  0.07246964,
         -0.11957731, -0.26091217],
        [-0.09024201,  0.        , -0.11033933, ..., -0.01783078,
         -0.20868393, -0.34696387],
        [ 0.02019814,  0.11033933,  0.        , ...,  0.09259988,
         -0.0994997 , -0.24136042],
        ...,
        [-0.07246964,  0.01783078, -0.09259988, ...,  0.        ,
         -0.19121255, -0.33018561],
        [ 0.11957731,  0.20868393,  0.0994997 , ...,  0.19121255,
          0.        , -0.14360464],
        [ 0.26091217,  0.34696387,  0.24136042, ...,  0.33018561,
          0.14360464,  0.        ]],

       [[ 0.        , -0.42916564, -0.74213458, ..., -0.32347546,
         -0.42916564, -0.52183475],
        [ 0.42916564,  0.        , -0.38266645, ..., -0.6982636 ,
         -0.77526695, -0.8374329 ],
        [ 0.74213458,  0.38266645,  0.        , ..., -0.91904459,
         -0.95796376, -0.98283559],
        ...,
        [ 0.32347546,  0.6982636 ,  0.91904459, ...,  0.        ,
          0.11392083,  0.21783948],
        [ 0.42916564,  0.77526695,  0.95796376, ..., -0.11392083,
          0.        ,  0.10523633],
        [ 0.52183475,  0.8374329 ,  0.98283559, ..., -0.21783948,
         -0.10523633,  0.        ]],

       ...,

       [[ 0.        , -0.16430327, -0.73547104, ..., -0.63168958,
         -0.41628328, -0.07591274],
        [ 0.16430327,  0.        , -0.6141512 , ..., -0.49573342,
         -0.26123566,  0.0889481 ],
        [ 0.73547104,  0.6141512 ,  0.        , ...,  0.14214775,
