state_0,state_1,state_2,state_3,state_4,state_5,state_6,state_7,state_8,state_9,state_10,state_11,state_12,state_13,state_14,state_15,state_16,state_17,state_18,state_19,state_20,state_21,state_22,state_23,state_24,state_25,state_26,state_27,state_28,state_29,state_30,state_31,state_32,state_33,state_34,state_35,state_36,state_37,state_38,state_39,state_40,state_41,state_42,state_43,state_44,state_45,state_46,state_47,state_48,state_49,state_50,state_51,state_52,state_53,state_54,state_55,state_56,state_57,state_58,state_59,state_60,state_61,state_62,state_63,state_64,state_65,state_66,state_67,state_68,state_69,state_70,state_71,state_72,state_73,state_74,state_75,state_76,state_77,state_78,state_79,state_80,state_81,state_82,state_83,state_84,state_85,state_86,state_87,state_88,state_89,state_90,state_91,state_92,state_93,state_94,state_95,state_96,state_97,state_98,state_99,state_100,state_101,state_102,state_103,state_104,state_105,state_106,state_107,state_108,state_109,state_110,state_111,state_112,state_113,state_114,state_115,state_116,state_117,state_118,state_119,state_120,state_121,state_122,state_123,state_124,state_125,state_126,state_127,state_128,state_129,state_130,state_131,state_132,state_133,state_134,state_135,state_136,state_137,state_138,state_139,state_140,state_141,state_142,state_143,state_144,state_145,state_146,state_147,state_148,state_149,state_150,state_151,state_152,state_153,state_154,state_155,state_156,state_157,state_158,state_159,state_160,state_161,state_162,state_163,state_164,state_165,state_166,state_167,state_168,state_169,state_170,state_171,state_172,state_173,state_174,state_175,state_176,state_177,state_178,state_179,state_180,state_181,state_182,state_183,state_184,state_185,state_186,state_187,state_188,state_189,state_190,state_191,state_192,state_193,state_194,state_195,state_196,state_197,state_198,state_199,state_200,state_201,state_202,state_203,state_204,state_205,state_206,state_207,state_208,state_209,state_210,state_211,state_212,state_213,state_214,state_215,state_216,state_217,state_218,state_219,state_220,state_221,state_222,state_223,state_224,state_225,state_226,state_227,state_228,state_229,state_230,state_231,state_232,state_233,state_234,state_235,state_236,state_237,state_238,state_239,state_240,state_241,state_242,state_243,state_244,state_245,state_246,state_247,state_248,state_249,state_250,state_251,state_252,state_253,state_254,state_255,state_256,state_257,state_258,state_259,state_260,state_261,state_262,state_263,state_264,state_265,state_266,state_267,state_268,state_269,state_270,state_271,state_272,state_273,state_274,state_275,state_276,state_277,state_278,state_279,state_280,state_281,state_282,state_283,state_284,state_285,state_286,state_287
{'img': array([[[ 0.        , -0.07236105, -0.12132335, ...,  0.71671289,
          0.92673693,  0.86232869],
        [ 0.07236105,  0.        , -0.04917878, ...,  0.76529634,
          0.95149432,  0.89670804],
        [ 0.12132335,  0.04917878,  0.        , ...,  0.79602563,
          0.96547366,  0.91739065],
        ...,
        [-0.71671289, -0.76529634, -0.79602563, ...,  0.        ,
          0.37700018,  0.23845396],
        [-0.92673693, -0.95149432, -0.96547366, ..., -0.37700018,
          0.        , -0.14526596],
        [-0.86232869, -0.89670804, -0.91739065, ..., -0.23845396,
          0.14526596,  0.        ]],

       [[ 0.        ,  0.19156214, -0.70051528, ..., -0.89121851,
         -0.23633781, -0.83632654],
        [-0.19156214,  0.        , -0.82424798, ..., -0.96160122,
         -0.41809632, -0.92585861],
        [ 0.70051528,  0.82424798,  0.        , ..., -0.3182712 ,
          0.51201084, -0.21278928],
        ...,
        [ 0.89121851,  0.96160122,  0.3182712 , ...,  0.        ,
          0.7587744 ,  0.10925802],
        [ 0.23633781,  0.41809632, -0.51201084, ..., -0.7587744 ,
          0.        , -0.68306635],
        [ 0.83632654,  0.92585861,  0.21278928, ..., -0.10925802,
          0.68306635,  0.        ]],

       [[ 0.        ,  0.        , -0.02493955, ...,  0.90670377,
          0.96886817,  0.98115101],
        [ 0.        ,  0.        , -0.02493955, ...,  0.90670377,
          0.96886817,  0.98115101],
        [ 0.02493955,  0.02493955,  0.        , ...,  0.91694045,
          0.97474128,  0.98566522],
        ...,
        [-0.90670377, -0.90670377, -0.91694045, ...,  0.        ,
          0.18415846,  0.23860436],
        [-0.96886817, -0.96886817, -0.97474128, ..., -0.18415846,
          0.        ,  0.05568402],
        [-0.98115101, -0.98115101, -0.98566522, ..., -0.23860436,
         -0.05568402,  0.        ]],

       ...,

       [[ 0.        , -0.03808907, -0.44076836, ...,  0.55135743,
          0.80270024,  0.98939696],
        [ 0.03808907,  0.        , -0.40625897, ...,  0.58273387,
          0.7794021 ,  0.99421093],
        [ 0.44076836,  0.40625897,  0.        , ...,  0.86262938,
          0.45765388,  0.95211905],
        ...,
        [-0.55135743, -0.58273387, -0.86262938, ...,  0.        ,
          0.99848806,  0.74534611],
        [-0.80270024, -0.7794021 , -0.45765388, ..., -0.99848806,
          0.        , -0.70664063],
        [-0.98939696, -0.99421093, -0.95211905, ..., -0.74534611,
          0.70664063,  0.        ]],

       [[ 0.        , -0.01739724, -0.06448681, ...,  0.93805152,
          0.97033772,  0.98000852],
        [ 0.01739724,  0.        , -0.04711603, ...,  0.94393762,
          0.97439671,  0.98332148],
        [ 0.06448681,  0.04711603,  0.        , ...,  0.95844343,
          0.98390793,  0.9907987 ],
        ...,
        [-0.93805152, -0.94393762, -0.95844343, ...,  0.        ,
          0.10944083,  0.15293831],
        [-0.97033772, -0.97439671, -0.98390793, ..., -0.10944083,
          0.        ,  0.04386631],
        [-0.98000852, -0.98332148, -0.9907987 , ..., -0.15293831,
         -0.04386631,  0.        ]],

       [[ 0.        , -0.03256331, -0.05914616, ..., -0.18019621,
         -0.21751311, -0.23116128],
        [ 0.03256331,  0.        , -0.0266085 , ..., -0.14807038,
         -0.1856141 , -0.19935735],
        [ 0.05914616,  0.0266085 ,  0.        , ..., -0.12170277,
         -0.15940227, -0.17321238],
        ...,
        [ 0.18019621,  0.14807038,  0.12170277, ...,  0.        ,
         -0.03807072, -0.05206165],
        [ 0.21751311,  0.1856141 ,  0.15940227, ...,  0.03807072,
          0.        , -0.01400482],
        [ 0.23116128,  0.19935735,  0.17321238, ...,  0.05206165,
          0.01400482,  0.        ]]]), 'num': array([ 7.07106753e-01,  7.07106753e-01,  0.00000000e+00,  4.29433936e-05,
        4.31935493e-05,  4.25264675e-05,  2.55000373e-04, -1.66770461e-07,
        4.29100395e-05,  4.22867349e-05,  4.19663967e-05,  5.81169787e-07,
        4.37362655e-05,  4.08372043e-05])}
{'img': array([[[ 0.        , -0.04917878,  0.02430382, ...,  0.95149432,
          0.89670804,  0.83382039],
        [ 0.04917878,  0.        ,  0.07343866, ...,  0.96547366,
          0.91739065,  0.85995991],
        [-0.02430382, -0.07343866,  0.        , ...,  0.9437358 ,
          0.88568576,  0.82015751],
        ...,
        [-0.95149432, -0.96547366, -0.9437358 , ...,  0.        ,
         -0.14526596, -0.26872053],
        [-0.89670804, -0.91739065, -0.88568576, ...,  0.14526596,
          0.        , -0.1259473 ],
        [-0.83382039, -0.85995991, -0.82015751, ...,  0.26872053,
          0.1259473 ,  0.        ]],

       [[ 0.        , -0.82424798, -0.96639864, ..., -0.41809632,
         -0.92585861, -0.45196834],
        [ 0.82424798,  0.        , -0.33533162, ...,  0.51201084,
         -0.21278928,  0.47933964],
        [ 0.96639864,  0.33533162,  0.        , ...,  0.77040831,
          0.12718308,  0.74588286],
        ...,
        [ 0.41809632, -0.51201084, -0.77040831, ...,  0.        ,
         -0.68306635, -0.03761314],
        [ 0.92585861,  0.21278928, -0.12718308, ...,  0.68306635,
          0.        ,  0.655112  ],
        [ 0.45196834, -0.47933964, -0.74588286, ...,  0.03761314,
         -0.655112  ,  0.        ]],

       [[ 0.        , -0.02493955,  0.01639259, ...,  0.96886817,
          0.98115101,  0.99339401],
        [ 0.02493955,  0.        ,  0.04132369, ...,  0.97474128,
          0.98566522,  0.99594693],
        [-0.01639259, -0.04132369,  0.        , ...,  0.96467956,
          0.97785143,  0.99137943],
        ...,
        [-0.96886817, -0.97474128, -0.96467956, ...,  0.        ,
          0.05568402,  0.13476082],
        [-0.98115101, -0.98566522, -0.97785143, ..., -0.05568402,
          0.        ,  0.07937565],
        [-0.99339401, -0.99594693, -0.99137943, ..., -0.13476082,
         -0.07937565,  0.        ]],

       ...,

       [[ 0.        , -0.40625897,  0.09791372, ...,  0.7794021 ,
          0.99421093,  0.88528259],
        [ 0.40625897,  0.        ,  0.4937763 , ...,  0.45765388,
          0.95211905,  0.99786618],
        [-0.09791372, -0.4937763 ,  0.        , ...,  0.8370023 ,
          0.97891322,  0.83549361],
        ...,
        [-0.7794021 , -0.45765388, -0.8370023 , ...,  0.        ,
         -0.70664063, -0.91711448],
        [-0.99421093, -0.95211905, -0.97891322, ...,  0.70664063,
          0.        , -0.36724124],
        [-0.88528259, -0.99786618, -0.83549361, ...,  0.91711448,
          0.36724124,  0.        ]],

       [[ 0.        , -0.04711603, -0.11308121, ...,  0.97439671,
          0.98332148,  0.99503777],
        [ 0.04711603,  0.        , -0.06614181, ...,  0.98390793,
          0.9907987 ,  0.99862065],
        [ 0.11308121,  0.06614181,  0.        , ...,  0.99357137,
          0.99758096,  0.99990669],
        ...,
        [-0.97439671, -0.98390793, -0.99357137, ...,  0.        ,
          0.04386631,  0.12676945],
        [-0.98332148, -0.9907987 , -0.99758096, ..., -0.04386631,
          0.        ,  0.08313502],
        [-0.99503777, -0.99862065, -0.99990669, ..., -0.12676945,
         -0.08313502,  0.        ]],

       [[ 0.        , -0.0266085 , -0.022837  , ..., -0.1856141 ,
         -0.19935735, -0.19334088],
        [ 0.0266085 ,  0.        ,  0.00377264, ..., -0.15940227,
         -0.17321238, -0.16716599],
        [ 0.022837  , -0.00377264,  0.        , ..., -0.16312554,
         -0.17692677, -0.17088436],
        ...,
        [ 0.1856141 ,  0.15940227,  0.16312554, ...,  0.        ,
         -0.01400482, -0.00786928],
        [ 0.19935735,  0.17321238,  0.17692677, ...,  0.01400482,
          0.        ,  0.00613588],
        [ 0.19334088,  0.16716599,  0.17088436, ...,  0.00786928,
         -0.00613588,  0.        ]]]), 'num': array([ 7.07106759e-01,  7.07106759e-01,  0.00000000e+00,  4.24430826e-05,
        4.27766235e-05,  4.24430826e-05,  2.20303780e-04, -5.00311386e-07,
        4.29100399e-05,  4.22742275e-05,  4.19858536e-05,  4.91759055e-07,
        4.37137945e-05,  4.08346605e-05])}
{'img': array([[[ 0.        ,  0.07343866, -0.05009653, ...,  0.91739065,
          0.85995991,  0.65384884],
        [-0.07343866,  0.        , -0.12330771, ...,  0.88568576,
          0.82015751,  0.59651773],
        [ 0.05009653,  0.12330771,  0.        , ...,  0.93617657,
          0.88444747,  0.69093215],
        ...,
        [-0.91739065, -0.88568576, -0.93617657, ...,  0.        ,
         -0.1259473 , -0.43389695],
        [-0.85995991, -0.82015751, -0.88444747, ...,  0.1259473 ,
          0.        , -0.316968  ],
        [-0.65384884, -0.59651773, -0.69093215, ...,  0.43389695,
          0.316968  ,  0.        ]],

       [[ 0.        , -0.33533162, -0.02968255, ..., -0.21278928,
          0.47933964,  0.3898633 ],
        [ 0.33533162,  0.        ,  0.30721992, ...,  0.12718308,
          0.74588286,  0.67608802],
        [ 0.02968255, -0.30721992,  0.        , ..., -0.18369275,
          0.50517871,  0.41702537],
        ...,
        [ 0.21278928, -0.12718308,  0.18369275, ...,  0.        ,
          0.655112  ,  0.57688654],
        [-0.47933964, -0.74588286, -0.50517871, ..., -0.655112  ,
          0.        , -0.09925528],
        [-0.3898633 , -0.67608802, -0.41702537, ..., -0.57688654,
          0.09925528,  0.        ]],

       [[ 0.        ,  0.04132369, -0.00841351, ...,  0.98566522,
          0.99594693,  0.99594693],
        [-0.04132369,  0.        , -0.04972855, ...,  0.97785143,
          0.99137943,  0.99137943],
        [ 0.00841351,  0.04972855,  0.        , ...,  0.9870498 ,
          0.99666841,  0.99666841],
        ...,
        [-0.98566522, -0.97785143, -0.9870498 , ...,  0.        ,
          0.07937565,  0.07937565],
        [-0.99594693, -0.99137943, -0.99666841, ..., -0.07937565,
          0.        ,  0.        ],
        [-0.99594693, -0.99137943, -0.99666841, ..., -0.07937565,
          0.        ,  0.        ]],

       ...,

       [[ 0.        ,  0.4937763 ,  0.15402309, ...,  0.95211905,
          0.99786618,  0.91122571],
        [-0.4937763 ,  0.        , -0.35394742, ...,  0.97891322,
          0.83549361,  0.58900171],
        [-0.15402309,  0.35394742,  0.        , ...,  0.98784674,
          0.97590236,  0.83690903],
        ...,
        [-0.95211905, -0.97891322, -0.98784674, ...,  0.        ,
         -0.36724124, -0.67077166],
        [-0.99786618, -0.83549361, -0.97590236, ...,  0.36724124,
          0.        , -0.35153241],
        [-0.91122571, -0.58900171, -0.83690903, ...,  0.67077166,
          0.35153241,  0.        ]],

       [[ 0.        , -0.06614181, -0.11364354, ...,  0.9907987 ,
          0.99862065,  0.99675774],
        [ 0.06614181,  0.        , -0.04768137, ...,  0.99758096,
          0.99990669,  0.99989692],
        [ 0.11364354,  0.04768137,  0.        , ...,  0.99976084,
          0.99811805,  0.99944423],
        ...,
        [-0.9907987 , -0.99758096, -0.99976084, ...,  0.        ,
          0.08313502,  0.05518406],
        [-0.99862065, -0.99990669, -0.99811805, ..., -0.08313502,
          0.        , -0.02801531],
        [-0.99675774, -0.99989692, -0.99944423, ..., -0.05518406,
          0.02801531,  0.        ]],

       [[ 0.        ,  0.00377264, -0.02636423, ..., -0.17321238,
         -0.16716599, -0.16968887],
        [-0.00377264,  0.        , -0.03013538, ..., -0.17692677,
         -0.17088436, -0.1734056 ],
        [ 0.02636423,  0.03013538,  0.        , ..., -0.14718645,
         -0.14111463, -0.143648  ],
        ...,
        [ 0.17321238,  0.17692677,  0.14718645, ...,  0.        ,
          0.00613588,  0.00357646],
        [ 0.16716599,  0.17088436,  0.14111463, ..., -0.00613588,
          0.        , -0.00255945],
        [ 0.16968887,  0.1734056 ,  0.143648  , ..., -0.00357646,
          0.00255945,  0.        ]]]), 'num': array([7.07106771e-01, 7.07106771e-01, 0.00000000e+00, 4.28600095e-05,
       4.28600095e-05, 4.23596981e-05, 1.22409521e-04, 4.16926162e-07,
       4.29267176e-05, 4.22617204e-05, 4.20136493e-05, 5.23581692e-07,
       4.36761451e-05, 4.08472957e-05])}
{'img': array([[[ 0.        , -0.12330771, -0.09827879, ...,  0.82015751,
          0.59651773,  0.78535407],
        [ 0.12330771,  0.        ,  0.02518199, ...,  0.88444747,
          0.69093215,  0.85569388],
        [ 0.09827879, -0.02518199,  0.        , ...,  0.87241608,
          0.67250849,  0.84239128],
        ...,
        [-0.82015751, -0.88444747, -0.87241608, ...,  0.        ,
         -0.316968  , -0.05838517],
        [-0.59651773, -0.69093215, -0.67250849, ...,  0.316968  ,
          0.        ,  0.26105268],
        [-0.78535407, -0.85569388, -0.84239128, ...,  0.05838517,
         -0.26105268,  0.        ]],

       [[ 0.        ,  0.30721992,  0.64690715, ...,  0.74588286,
          0.67608802,  0.37289855],
        [-0.30721992,  0.        ,  0.38134546, ...,  0.50517871,
          0.41702537,  0.06980383],
        [-0.64690715, -0.38134546,  0.        , ...,  0.13789691,
          0.03890892, -0.31588632],
        ...,
        [-0.74588286, -0.50517871, -0.13789691, ...,  0.        ,
         -0.09925528, -0.44370471],
        [-0.67608802, -0.41702537, -0.03890892, ...,  0.09925528,
          0.        , -0.35256379],
        [-0.37289855, -0.06980383,  0.31588632, ...,  0.44370471,
          0.35256379,  0.        ]],

       [[ 0.        , -0.04972855, -0.10121409, ...,  0.99137943,
          0.99137943,  0.993913  ],
        [ 0.04972855,  0.        , -0.05161569, ...,  0.99666841,
          0.99666841,  0.99816179],
        [ 0.10121409,  0.05161569,  0.        , ...,  0.99954966,
          0.99954966,  0.99995946],
        ...,
        [-0.99137943, -0.99666841, -0.99954966, ...,  0.        ,
          0.        ,  0.02100658],
        [-0.99137943, -0.99666841, -0.99954966, ...,  0.        ,
          0.        ,  0.02100658],
        [-0.993913  , -0.99816179, -0.99995946, ..., -0.02100658,
         -0.02100658,  0.        ]],

       ...,

       [[ 0.        , -0.35394742, -0.06541307, ...,  0.83549361,
          0.58900171,  0.68492516],
        [ 0.35394742,  0.        ,  0.29201078, ...,  0.97590236,
          0.83690903,  0.89847759],
        [ 0.06541307, -0.29201078,  0.        , ...,  0.8696487 ,
          0.64060261,  0.73111908],
        ...,
        [-0.83549361, -0.97590236, -0.8696487 , ...,  0.        ,
         -0.35153241, -0.23238537],
        [-0.58900171, -0.83690903, -0.64060261, ...,  0.35153241,
          0.        ,  0.12435525],
        [-0.68492516, -0.89847759, -0.73111908, ...,  0.23238537,
         -0.12435525,  0.        ]],

       [[ 0.        , -0.04768137, -0.11518504, ...,  0.99990669,
          0.99989692,  0.99823983],
        [ 0.04768137,  0.        , -0.06769003, ...,  0.99811805,
          0.99944423,  0.99993224],
        [ 0.11518504,  0.06769003,  0.        , ...,  0.9916779 ,
          0.99489546,  0.9984268 ],
        ...,
        [-0.99990669, -0.99811805, -0.9916779 , ...,  0.        ,
         -0.02801531, -0.07293716],
        [-0.99989692, -0.99944423, -0.99489546, ...,  0.02801531,
          0.        , -0.04496783],
        [-0.99823983, -0.99993224, -0.9984268 , ...,  0.07293716,
          0.04496783,  0.        ]],

       [[ 0.        , -0.03013538, -0.03981609, ..., -0.17088436,
         -0.1734056 , -0.16087254],
        [ 0.03013538,  0.        , -0.00968653, ..., -0.14111463,
         -0.143648  , -0.1310566 ],
        [ 0.03981609,  0.00968653,  0.        , ..., -0.13151841,
         -0.13405519, -0.12144747],
        ...,
        [ 0.17088436,  0.14111463,  0.13151841, ...,  0.        ,
         -0.00255945,  0.01015234],
        [ 0.1734056 ,  0.143648  ,  0.13405519, ...,  0.00255945,
          0.        ,  0.01271162],
        [ 0.16087254,  0.1310566 ,  0.12144747, ..., -0.01015234,
         -0.01271162,  0.        ]]]), 'num': array([ 7.07106773e-01,  7.07106773e-01,  0.00000000e+00,  4.26098539e-05,
        4.28600096e-05,  4.25264686e-05,  9.60597880e-05, -2.50155698e-07,
        4.27933014e-05,  4.22867361e-05,  4.20351907e-05,  4.73779731e-07,
        4.37071944e-05,  4.08662778e-05])}
{'img': array([[[ 0.        ,  0.02518199,  0.        , ...,  0.69093215,
          0.85569388,  0.76052359],
        [-0.02518199,  0.        , -0.02518199, ...,  0.67250849,
          0.84239128,  0.74393149],
        [ 0.        ,  0.02518199,  0.        , ...,  0.69093215,
          0.85569388,  0.76052359],
        ...,
        [-0.69093215, -0.67250849, -0.69093215, ...,  0.        ,
          0.26105268,  0.10116806],
        [-0.85569388, -0.84239128, -0.85569388, ..., -0.26105268,
          0.        , -0.1620533 ],
        [-0.76052359, -0.74393149, -0.76052359, ..., -0.10116806,
          0.1620533 ,  0.        ]],

       [[ 0.        ,  0.38134546,  0.39401241, ...,  0.41702537,
          0.06980383, -0.08393096],
        [-0.38134546,  0.        ,  0.01374136, ...,  0.03890892,
         -0.31588632, -0.45758843],
        [-0.39401241, -0.01374136,  0.        , ...,  0.0251743 ,
         -0.32889425, -0.46976354],
        ...,
        [-0.41702537, -0.03890892, -0.0251743 , ...,  0.        ,
         -0.35256379, -0.49183834],
        [-0.06980383,  0.31588632,  0.32889425, ...,  0.35256379,
          0.        , -0.15328377],
        [ 0.08393096,  0.45758843,  0.46976354, ...,  0.49183834,
          0.15328377,  0.        ]],

       [[ 0.        , -0.05161569, -0.08719122, ...,  0.99666841,
          0.99816179,  0.97658583],
        [ 0.05161569,  0.        , -0.03565588, ...,  0.99954966,
          0.99995946,  0.98638805],
        [ 0.08719122,  0.03565588,  0.        , ...,  0.99998403,
          0.99964466,  0.99162388],
        ...,
        [-0.99666841, -0.99954966, -0.99998403, ...,  0.        ,
          0.02100658, -0.13476082],
        [-0.99816179, -0.99995946, -0.99964466, ..., -0.02100658,
          0.        , -0.15554604],
        [-0.97658583, -0.98638805, -0.99162388, ...,  0.13476082,
          0.15554604,  0.        ]],

       ...,

       [[ 0.        ,  0.29201078,  0.17714601, ...,  0.83690903,
          0.89847759,  0.79659578],
        [-0.29201078,  0.        , -0.1179674 , ...,  0.64060261,
          0.73111908,  0.58535205],
        [-0.17714601,  0.1179674 ,  0.        , ...,  0.72671352,
          0.80649727,  0.67691033],
        ...,
        [-0.83690903, -0.64060261, -0.72671352, ...,  0.        ,
          0.12435525, -0.06991151],
        [-0.89847759, -0.73111908, -0.80649727, ..., -0.12435525,
          0.        , -0.19341981],
        [-0.79659578, -0.58535205, -0.67691033, ...,  0.06991151,
          0.19341981,  0.        ]],

       [[ 0.        , -0.06769003, -0.12659245, ...,  0.99944423,
          0.99993224,  0.99968032],
        [ 0.06769003,  0.        , -0.05915665, ...,  0.99489546,
          0.9984268 ,  0.99567602],
        [ 0.12659245,  0.05915665,  0.        , ...,  0.98718355,
          0.99336132,  0.98843701],
        ...,
        [-0.99944423, -0.99489546, -0.98718355, ...,  0.        ,
         -0.04496783, -0.00805497],
        [-0.99993224, -0.9984268 , -0.99336132, ...,  0.04496783,
          0.        ,  0.03691955],
        [-0.99968032, -0.99567602, -0.98843701, ...,  0.00805497,
         -0.03691955,  0.        ]],

       [[ 0.        , -0.00968653, -0.02644632, ..., -0.143648  ,
         -0.1310566 , -0.11208977],
        [ 0.00968653,  0.        , -0.01676194, ..., -0.13405519,
         -0.12144747, -0.10245902],
        [ 0.02644632,  0.01676194,  0.        , ..., -0.11742571,
         -0.10479254, -0.0857709 ],
        ...,
        [ 0.143648  ,  0.13405519,  0.11742571, ...,  0.        ,
          0.01271162,  0.03181548],
        [ 0.1310566 ,  0.12144747,  0.10479254, ..., -0.01271162,
          0.        ,  0.01910772],
        [ 0.11208977,  0.10245902,  0.0857709 , ..., -0.03181548,
         -0.01910772,  0.        ]]]), 'num': array([7.07106759e-01, 7.07106759e-01, 0.00000000e+00, 4.27766235e-05,
       4.31935496e-05, 4.26098530e-05, 2.21621267e-04, 1.66770462e-07,
       4.27265924e-05, 4.24243209e-05, 4.20629849e-05, 4.89435051e-07,
       4.34075862e-05, 4.14410556e-05])}
{'img': array([[[ 0.        , -0.02518199, -0.07633425, ...,  0.84239128,
          0.74393149,  0.81086758],
        [ 0.02518199,  0.        , -0.05120152, ...,  0.85569388,
          0.76052359,  0.82534769],
        [ 0.07633425,  0.05120152,  0.        , ...,  0.88106738,
          0.79277172,  0.85317477],
        ...,
        [-0.84239128, -0.85569388, -0.88106738, ...,  0.        ,
         -0.1620533 , -0.05604313],
        [-0.74393149, -0.76052359, -0.79277172, ...,  0.1620533 ,
          0.        ,  0.10649626],
        [-0.81086758, -0.82534769, -0.85317477, ...,  0.05604313,
         -0.10649626,  0.        ]],

       [[ 0.        ,  0.01374136, -0.07051152, ..., -0.31588632,
         -0.45758843,  0.04284135],
        [-0.01374136,  0.        , -0.08421201, ..., -0.32889425,
         -0.46976354,  0.02910857],
        [ 0.07051152,  0.08421201,  0.        , ..., -0.24819895,
         -0.39375316,  0.1131815 ],
        ...,
        [ 0.31588632,  0.32889425,  0.24819895, ...,  0.        ,
         -0.15328377,  0.35624405],
        [ 0.45758843,  0.46976354,  0.39375316, ...,  0.15328377,
          0.        ,  0.4952613 ],
        [-0.04284135, -0.02910857, -0.1131815 , ..., -0.35624405,
         -0.4952613 ,  0.        ]],

       [[ 0.        , -0.03565588, -0.07241776, ...,  0.99995946,
          0.98638805,  0.97239762],
        [ 0.03565588,  0.        , -0.03680945, ...,  0.99964466,
          0.99162388,  0.98009888],
        [ 0.07241776,  0.03680945,  0.        , ...,  0.99798601,
          0.99570613,  0.98674171],
        ...,
        [-0.99995946, -0.99964466, -0.99798601, ...,  0.        ,
         -0.15554604, -0.22456494],
        [-0.98638805, -0.99162388, -0.99570613, ...,  0.15554604,
          0.        , -0.07025842],
        [-0.97239762, -0.98009888, -0.98674171, ...,  0.22456494,
          0.07025842,  0.        ]],

       ...,

       [[ 0.        , -0.1179674 , -0.1179674 , ...,  0.73111908,
          0.58535205,  0.63362656],
        [ 0.1179674 ,  0.        ,  0.        , ...,  0.80649727,
          0.67691033,  0.72046643],
        [ 0.1179674 ,  0.        ,  0.        , ...,  0.80649727,
          0.67691033,  0.72046643],
        ...,
        [-0.73111908, -0.80649727, -0.80649727, ...,  0.        ,
         -0.19341981, -0.13333064],
        [-0.58535205, -0.67691033, -0.67691033, ...,  0.19341981,
          0.        ,  0.06088005],
        [-0.63362656, -0.72046643, -0.72046643, ...,  0.13333064,
         -0.06088005,  0.        ]],

       [[ 0.        , -0.05915665, -0.10238876, ...,  0.9984268 ,
          0.99567602,  0.97598013],
        [ 0.05915665,  0.        , -0.04336369, ...,  0.99336132,
          0.98843701,  0.98715875],
        [ 0.10238876,  0.04336369,  0.        , ...,  0.98743853,
          0.98093191,  0.9931572 ],
        ...,
        [-0.9984268 , -0.99336132, -0.98743853, ...,  0.        ,
          0.03691955, -0.27224064],
        [-0.99567602, -0.98843701, -0.98093191, ..., -0.03691955,
          0.        , -0.3075801 ],
        [-0.97598013, -0.98715875, -0.9931572 , ...,  0.27224064,
          0.3075801 ,  0.        ]],

       [[ 0.        , -0.01676194, -0.04919695, ..., -0.12144747,
         -0.10245902,  0.50290622],
        [ 0.01676194,  0.        , -0.0324484 , ..., -0.10479254,
         -0.0857709 ,  0.5173236 ],
        [ 0.04919695,  0.0324484 ,  0.        , ..., -0.07246762,
         -0.05339691,  0.5448202 ],
        ...,
        [ 0.12144747,  0.10479254,  0.07246762, ...,  0.        ,
          0.01910772,  0.60415567],
        [ 0.10245902,  0.0857709 ,  0.05339691, ..., -0.01910772,
          0.        ,  0.58881907],
        [-0.50290622, -0.5173236 , -0.5448202 , ..., -0.60415567,
         -0.58881907,  0.        ]]]), 'num': array([ 7.07106716e-01,  7.07106716e-01,  0.00000000e+00,  4.25264653e-05,
        4.26932357e-05,  4.21929244e-05,  4.10647222e-04, -2.50155678e-07,
        4.26432046e-05,  4.24889419e-05,  4.20859133e-05,  4.69041896e-07,
        4.33067550e-05,  4.16711288e-05])}
{'img': array([[[ 0.        , -0.05120152, -0.02545798, ...,  0.76052359,
          0.82534769,  0.72628037],
        [ 0.05120152,  0.        ,  0.02576034, ...,  0.79277172,
          0.85317477,  0.76052359],
        [ 0.02545798, -0.02576034,  0.        , ...,  0.77680723,
          0.8394544 ,  0.74354476],
        ...,
        [-0.76052359, -0.79277172, -0.77680723, ...,  0.        ,
          0.10649626, -0.05120152],
        [-0.82534769, -0.85317477, -0.8394544 , ..., -0.10649626,
          0.        , -0.15726692],
        [-0.72628037, -0.76052359, -0.74354476, ...,  0.05120152,
          0.15726692,  0.        ]],

       [[ 0.        , -0.08421201, -0.10946079, ..., -0.46976354,
          0.02910857,  0.48595356],
        [ 0.08421201,  0.        , -0.02536598, ..., -0.39375316,
          0.1131815 ,  0.55782739],
        [ 0.10946079,  0.02536598,  0.        , ..., -0.37030965,
          0.13834806,  0.57870057],
        ...,
        [ 0.46976354,  0.39375316,  0.37030965, ...,  0.        ,
          0.4952613 ,  0.83956217],
        [-0.02910857, -0.1131815 , -0.13834806, ..., -0.4952613 ,
          0.        ,  0.46030721],
        [-0.48595356, -0.55782739, -0.57870057, ..., -0.83956217,
         -0.46030721,  0.        ]],

       [[ 0.        , -0.03680945, -0.09446269, ...,  0.99162388,
          0.98009888,  0.96028071],
        [ 0.03680945,  0.        , -0.05775382, ...,  0.99570613,
          0.98674171,  0.96990108],
        [ 0.09446269,  0.05775382,  0.        , ...,  0.99939046,
          0.99446805,  0.98234519],
        ...,
        [-0.99162388, -0.99570613, -0.99939046, ...,  0.        ,
         -0.07025842, -0.15266951],
        [-0.98009888, -0.98674171, -0.99446805, ...,  0.07025842,
          0.        , -0.08285743],
        [-0.96028071, -0.96990108, -0.98234519, ...,  0.15266951,
          0.08285743,  0.        ]],

       ...,

       [[ 0.        ,  0.        ,  0.25234593, ...,  0.67691033,
          0.72046643,  0.66322351],
        [ 0.        ,  0.        ,  0.25234593, ...,  0.67691033,
          0.72046643,  0.66322351],
        [-0.25234593, -0.25234593,  0.        , ...,  0.46926042,
          0.52215071,  0.45289858],
        ...,
        [-0.67691033, -0.67691033, -0.46926042, ...,  0.        ,
          0.06088005, -0.01843824],
        [-0.72046643, -0.72046643, -0.52215071, ..., -0.06088005,
          0.        , -0.07927374],
        [-0.66322351, -0.66322351, -0.45289858, ...,  0.01843824,
          0.07927374,  0.        ]],

       [[ 0.        , -0.04336369, -0.1818278 , ...,  0.98843701,
          0.98715875,  0.96851725],
        [ 0.04336369,  0.        , -0.13901593, ...,  0.98093191,
          0.9931572 ,  0.97840146],
        [ 0.1818278 ,  0.13901593,  0.        , ...,  0.94438922,
          0.99974879,  0.99763783],
        ...,
        [-0.98843701, -0.98093191, -0.94438922, ...,  0.        ,
         -0.3075801 , -0.39292614],
        [-0.98715875, -0.9931572 , -0.99974879, ...,  0.3075801 ,
          0.        , -0.09103649],
        [-0.96851725, -0.97840146, -0.99763783, ...,  0.39292614,
          0.09103649,  0.        ]],

       [[ 0.        , -0.0324484 , -0.01289543, ..., -0.0857709 ,
          0.5173236 ,  0.78340431],
        [ 0.0324484 ,  0.        ,  0.01955706, ..., -0.05339691,
          0.5448202 ,  0.80315887],
        [ 0.01289543, -0.01955706,  0.        , ..., -0.07291586,
          0.52831636,  0.79135384],
        ...,
        [ 0.0857709 ,  0.05339691,  0.07291586, ...,  0.        ,
          0.58881907,  0.83382506],
        [-0.5173236 , -0.5448202 , -0.52831636, ..., -0.58881907,
          0.        ,  0.34890643],
        [-0.78340431, -0.80315887, -0.79135384, ..., -0.83382506,
         -0.34890643,  0.        ]]]), 'num': array([9.22887125e-01, 3.85070510e-01, 1.05247866e-04, 5.55538264e-05,
       5.62061218e-05, 5.53363946e-05, 1.42961412e-04, 1.08715903e-07,
       5.56407991e-05, 5.54451105e-05, 5.49033429e-05, 5.90847298e-07,
       5.64438777e-05, 5.44463432e-05])}
{'img': array([[[ 0.        ,  0.02576034, -0.10649626, ...,  0.85317477,
          0.76052359,  0.79277172],
        [-0.02576034,  0.        , -0.13207476, ...,  0.8394544 ,
          0.74354476,  0.77680723],
        [ 0.10649626,  0.13207476,  0.        , ...,  0.90387398,
          0.82534769,  0.85317477],
        ...,
        [-0.85317477, -0.8394544 , -0.90387398, ...,  0.        ,
         -0.15726692, -0.10649626],
        [-0.76052359, -0.74354476, -0.82534769, ...,  0.15726692,
          0.        ,  0.05120152],
        [-0.79277172, -0.77680723, -0.85317477, ...,  0.10649626,
         -0.05120152,  0.        ]],

       [[ 0.        , -0.02536598, -0.15525791, ...,  0.1131815 ,
          0.55782739, -0.3128143 ],
        [ 0.02536598,  0.        , -0.13014956, ...,  0.13834806,
          0.57870057, -0.28862068],
        [ 0.15525791,  0.13014956,  0.        , ...,  0.26606933,
          0.67992055, -0.16155492],
        ...,
        [-0.1131815 , -0.13834806, -0.26606933, ...,  0.        ,
          0.46030721, -0.41830566],
        [-0.55782739, -0.57870057, -0.67992055, ..., -0.46030721,
          0.        , -0.78945485],
        [ 0.3128143 ,  0.28862068,  0.16155492, ...,  0.41830566,
          0.78945485,  0.        ]],

       [[ 0.        , -0.05775382, -0.1190792 , ...,  0.98674171,
          0.96990108,  0.97732475],
        [ 0.05775382,  0.        , -0.06153755, ...,  0.99446805,
          0.98234519,  0.98792259],
        [ 0.1190792 ,  0.06153755,  0.        , ...,  0.99904718,
          0.9919957 ,  0.99558538],
        ...,
        [-0.98674171, -0.99446805, -0.99904718, ...,  0.        ,
         -0.08285743, -0.05032021],
        [-0.96990108, -0.98234519, -0.9919957 , ...,  0.08285743,
          0.        ,  0.03260529],
        [-0.97732475, -0.98792259, -0.99558538, ...,  0.05032021,
         -0.03260529,  0.        ]],

       ...,

       [[ 0.        ,  0.25234593,  0.07480174, ...,  0.72046643,
          0.66322351,  0.61568647],
        [-0.25234593,  0.        , -0.17925803, ...,  0.52215071,
          0.45289858,  0.39691469],
        [-0.07480174,  0.17925803,  0.        , ...,  0.66657375,
          0.60538222,  0.55501847],
        ...,
        [-0.72046643, -0.52215071, -0.66657375, ...,  0.        ,
         -0.07927374, -0.14074893],
        [-0.66322351, -0.45289858, -0.60538222, ...,  0.07927374,
          0.        , -0.06182138],
        [-0.61568647, -0.39691469, -0.55501847, ...,  0.14074893,
          0.06182138,  0.        ]],

       [[ 0.        , -0.13901593, -0.16932819, ...,  0.9931572 ,
          0.97840146,  0.9757355 ],
        [ 0.13901593,  0.        , -0.03067554, ...,  0.99974879,
          0.99763783,  0.99669915],
        [ 0.16932819,  0.03067554,  0.        , ...,  0.99859076,
          0.99927554,  0.99872045],
        ...,
        [-0.9931572 , -0.99974879, -0.99859076, ...,  0.        ,
         -0.09103649, -0.10350288],
        [-0.97840146, -0.99763783, -0.99927554, ...,  0.09103649,
          0.        , -0.01252554],
        [-0.9757355 , -0.99669915, -0.99872045, ...,  0.10350288,
          0.01252554,  0.        ]],

       [[ 0.        ,  0.01955706, -0.03718644, ...,  0.5448202 ,
          0.80315887,  0.91338489],
        [-0.01955706,  0.        , -0.05672287, ...,  0.52831636,
          0.79135384,  0.90524857],
        [ 0.03718644,  0.05672287,  0.        , ...,  0.57562617,
          0.82475774,  0.92789163],
        ...,
        [-0.5448202 , -0.52831636, -0.57562617, ...,  0.        ,
          0.34890643,  0.54412682],
        [-0.80315887, -0.79135384, -0.82475774, ..., -0.34890643,
          0.        ,  0.21719903],
        [-0.91338489, -0.90524857, -0.92789163, ..., -0.54412682,
         -0.21719903,  0.        ]]]), 'num': array([9.50707836e-01, 3.10087503e-01, 1.23196218e-04, 5.75579814e-05,
       5.76686698e-05, 5.62297202e-05, 5.56674230e-04, 9.96195831e-07,
       5.67831624e-05, 5.65507167e-05, 5.59511544e-05, 6.76429268e-07,
       5.75911879e-05, 5.55102455e-05])}
{'img': array([[[ 0.        , -0.13207476, -0.07823491, ...,  0.74354476,
          0.77680723,  0.99473036],
        [ 0.13207476,  0.        ,  0.0541204 , ...,  0.82534769,
          0.85317477,  0.99955733],
        [ 0.07823491, -0.0541204 ,  0.        , ...,  0.79358036,
          0.82369381,  0.99970255],
        ...,
        [-0.74354476, -0.82534769, -0.79358036, ...,  0.        ,
          0.05120152,  0.58893   ],
        [-0.77680723, -0.85317477, -0.82369381, ..., -0.05120152,
          0.        ,  0.54677727],
        [-0.99473036, -0.99955733, -0.99970255, ..., -0.58893   ,
         -0.54677727,  0.        ]],

       [[ 0.        , -0.13014956, -0.2073585 , ...,  0.57870057,
         -0.28862068,  0.59470065],
        [ 0.13014956,  0.        , -0.07827402, ...,  0.67992055,
         -0.16155492,  0.69427572],
        [ 0.2073585 ,  0.07827402,  0.        , ...,  0.7352317 ,
         -0.08381346,  0.74848013],
        ...,
        [-0.57870057, -0.67992055, -0.7352317 , ...,  0.        ,
         -0.78945485,  0.0197575 ],
        [ 0.28862068,  0.16155492,  0.08381346, ...,  0.78945485,
          0.        ,  0.80142807],
        [-0.59470065, -0.69427572, -0.74848013, ..., -0.0197575 ,
         -0.80142807,  0.        ]],

       [[ 0.        , -0.06153755, -0.11633871, ...,  0.98234519,
          0.98792259,  0.99860199],
        [ 0.06153755,  0.        , -0.05499854, ...,  0.9919957 ,
          0.99558538,  0.99996222],
        [ 0.11633871,  0.05499854,  0.        , ...,  0.99743901,
          0.99924068,  0.99797062],
        ...,
        [-0.98234519, -0.9919957 , -0.99743901, ...,  0.        ,
          0.03260529,  0.13489005],
        [-0.98792259, -0.99558538, -0.99924068, ..., -0.03260529,
          0.        ,  0.10251104],
        [-0.99860199, -0.99996222, -0.99797062, ..., -0.13489005,
         -0.10251104,  0.        ]],

       ...,

       [[ 0.        , -0.17925803, -0.11309392, ...,  0.45289858,
          0.39691469,  0.58753225],
        [ 0.17925803,  0.        ,  0.06684592, ...,  0.60538222,
          0.55501847,  0.72307118],
        [ 0.11309392, -0.06684592,  0.        , ...,  0.55082316,
          0.49817208,  0.67527851],
        ...,
        [-0.45289858, -0.60538222, -0.55082316, ...,  0.        ,
         -0.06182138,  0.15733558],
        [-0.39691469, -0.55501847, -0.49817208, ...,  0.06182138,
          0.        ,  0.21808605],
        [-0.58753225, -0.72307118, -0.67527851, ..., -0.15733558,
         -0.21808605,  0.        ]],

       [[ 0.        , -0.03067554, -0.16064006, ...,  0.99763783,
          0.99669915,  0.99999821],
        [ 0.03067554,  0.        , -0.1302873 , ...,  0.99927554,
          0.99872045,  0.9994695 ],
        [ 0.16064006,  0.1302873 ,  0.        , ...,  0.99571645,
          0.99679644,  0.98670703],
        ...,
        [-0.99763783, -0.99927554, -0.99571645, ...,  0.        ,
         -0.01252554,  0.07058268],
        [-0.99669915, -0.99872045, -0.99679644, ...,  0.01252554,
          0.        ,  0.08307144],
        [-0.99999821, -0.9994695 , -0.98670703, ..., -0.07058268,
         -0.08307144,  0.        ]],

       [[ 0.        , -0.05645172, -0.0629719 , ...,  0.78472797,
          0.89594486,  0.99282152],
        [ 0.05645172,  0.        , -0.0065318 , ...,  0.81846763,
          0.91959001,  0.99799022],
        [ 0.0629719 ,  0.0065318 ,  0.        , ...,  0.82220304,
          0.92213661,  0.99838284],
        ...,
        [-0.78472797, -0.81846763, -0.82220304, ...,  0.        ,
          0.20679381,  0.52153315],
        [-0.89594486, -0.91959001, -0.92213661, ..., -0.20679381,
          0.        ,  0.33381708],
        [-0.99282152, -0.99799022, -0.99838284, ..., -0.52153315,
         -0.33381708,  0.        ]]]), 'num': array([9.53247042e-01, 3.02187911e-01, 1.21693300e-04, 5.82394805e-05,
       5.85660571e-05, 5.61711625e-05, 1.58186049e-03, 1.63288263e-06,
       5.63671085e-05, 5.57901566e-05, 5.51034387e-05, 7.25725614e-07,
       5.72579355e-05, 5.43223777e-05])}
{'img': array([[[ 0.        ,  0.04625738,  0.        , ...,  0.72936538,
          0.91745553,  0.77138922],
        [-0.04625738,  0.        , -0.04625738, ...,  0.69693884,
          0.89807049,  0.8       ],
        [ 0.        ,  0.04625738,  0.        , ...,  0.72936538,
          0.91745553,  0.77138922],
        ...,
        [-0.72936538, -0.69693884, -0.72936538, ...,  0.        ,
          0.33748417,  0.99186776],
        [-0.91745553, -0.89807049, -0.91745553, ..., -0.33748417,
          0.        ,  0.89072354],
        [-0.77138922, -0.8       , -0.77138922, ..., -0.99186776,
         -0.89072354,  0.        ]],

       [[ 0.        , -0.0696182 , -0.13728827, ..., -0.14394251,
          0.61988728,  0.47742613],
