state_0,state_1,state_2,state_3,state_4,state_5,state_6,state_7,state_8,state_9,state_10,state_11,state_12,state_13,state_14,state_15,state_16,state_17,state_18,state_19,state_20,state_21,state_22,state_23,state_24,state_25,state_26,state_27,state_28,state_29,state_30,state_31,state_32,state_33,state_34,state_35,state_36,state_37,state_38,state_39,state_40,state_41,state_42,state_43,state_44,state_45,state_46,state_47,state_48,state_49,state_50,state_51,state_52,state_53,state_54,state_55,state_56,state_57,state_58,state_59,state_60,state_61,state_62,state_63,state_64,state_65,state_66,state_67,state_68,state_69,state_70,state_71,state_72,state_73,state_74,state_75,state_76,state_77,state_78,state_79,state_80,state_81,state_82,state_83,state_84,state_85,state_86,state_87,state_88,state_89,state_90,state_91,state_92,state_93,state_94,state_95,state_96,state_97,state_98,state_99,state_100,state_101,state_102,state_103,state_104,state_105,state_106,state_107,state_108,state_109,state_110,state_111,state_112,state_113,state_114,state_115,state_116,state_117,state_118,state_119,state_120,state_121,state_122,state_123,state_124,state_125,state_126,state_127,state_128,state_129,state_130,state_131,state_132,state_133,state_134,state_135,state_136,state_137,state_138,state_139,state_140,state_141,state_142,state_143,state_144,state_145,state_146,state_147,state_148,state_149,state_150,state_151,state_152,state_153,state_154,state_155,state_156,state_157,state_158,state_159,state_160,state_161,state_162,state_163,state_164,state_165,state_166,state_167,state_168,state_169,state_170,state_171,state_172,state_173,state_174,state_175,state_176,state_177,state_178,state_179,state_180,state_181,state_182,state_183,state_184,state_185,state_186,state_187,state_188,state_189,state_190,state_191,state_192,state_193,state_194,state_195,state_196,state_197,state_198,state_199,state_200,state_201,state_202,state_203,state_204,state_205,state_206,state_207,state_208,state_209,state_210,state_211,state_212,state_213,state_214,state_215,state_216,state_217,state_218,state_219,state_220,state_221,state_222,state_223,state_224,state_225,state_226,state_227,state_228,state_229,state_230,state_231,state_232,state_233,state_234,state_235,state_236,state_237,state_238,state_239,state_240,state_241,state_242,state_243,state_244,state_245,state_246,state_247,state_248,state_249,state_250,state_251,state_252,state_253,state_254,state_255,state_256,state_257,state_258,state_259,state_260,state_261,state_262,state_263,state_264,state_265,state_266,state_267,state_268,state_269,state_270,state_271,state_272,state_273,state_274,state_275,state_276,state_277,state_278,state_279,state_280,state_281,state_282,state_283,state_284,state_285,state_286,state_287
{'img': array([[[ 0.        , -0.16343682,  0.02294454, ..., -0.74206335,
         -0.62955646, -0.34474243],
        [ 0.16343682,  0.        ,  0.18602982, ..., -0.84164198,
         -0.74807433, -0.49352466],
        [-0.02294454, -0.18602982,  0.        , ..., -0.72648758,
         -0.61156385, -0.3231137 ],
        ...,
        [ 0.74206335,  0.84164198,  0.72648758, ...,  0.        ,
         -0.1545392 , -0.46548176],
        [ 0.62955646,  0.74807433,  0.61156385, ...,  0.1545392 ,
          0.        , -0.3231137 ],
        [ 0.34474243,  0.49352466,  0.3231137 , ...,  0.46548176,
          0.3231137 ,  0.        ]],

       [[ 0.        , -0.2941078 , -0.48338881, ...,  0.29014944,
          0.64143017,  0.40129095],
        [ 0.2941078 ,  0.        , -0.20454595, ...,  0.55877246,
          0.8386952 ,  0.65293098],
        [ 0.48338881,  0.20454595,  0.        , ...,  0.71659257,
          0.93235859,  0.7940527 ],
        ...,
        [-0.29014944, -0.55877246, -0.71659257, ...,  0.        ,
          0.39123945,  0.11826538],
        [-0.64143017, -0.8386952 , -0.93235859, ..., -0.39123945,
          0.        , -0.27965541],
        [-0.40129095, -0.65293098, -0.7940527 , ..., -0.11826538,
          0.27965541,  0.        ]],

       [[ 0.        , -0.53677005, -0.6864146 , ..., -0.38092511,
         -0.29292853, -0.        ],
        [ 0.53677005,  0.        , -0.18880285, ..., -0.81769815,
         -0.76037645, -0.53677005],
        [ 0.6864146 ,  0.18880285,  0.        , ..., -0.9116757 ,
         -0.86932526, -0.6864146 ],
        ...,
        [ 0.38092511,  0.81769815,  0.9116757 , ...,  0.        ,
         -0.09337213, -0.38092511],
        [ 0.29292853,  0.76037645,  0.86932526, ...,  0.09337213,
          0.        , -0.29292853],
        [ 0.        ,  0.53677005,  0.6864146 , ...,  0.38092511,
          0.29292853,  0.        ]],

       ...,

       [[ 0.        ,  0.02032077,  0.35344105, ..., -0.30027041,
         -0.99997418, -0.99716   ],
        [-0.02032077,  0.        ,  0.33435887, ..., -0.31959145,
         -0.99991372, -0.99542369],
        [-0.35344105, -0.33435887,  0.        , ..., -0.6180212 ,
         -0.93797235, -0.90618165],
        ...,
        [ 0.30027041,  0.31959145,  0.6180212 , ...,  0.        ,
         -0.95167186, -0.97375922],
        [ 0.99997418,  0.99991372,  0.93797235, ...,  0.95167186,
          0.        , -0.08247557],
        [ 0.99716   ,  0.99542369,  0.90618165, ...,  0.97375922,
          0.08247557,  0.        ]],

       [[ 0.        ,  0.13761905,  0.24923479, ..., -0.55335662,
         -0.32182168, -0.4535877 ],
        [-0.13761905,  0.        ,  0.11358716, ..., -0.43346255,
         -0.18846187, -0.32662422],
        [-0.24923479, -0.11358716,  0.        , ..., -0.32829567,
         -0.07569041, -0.21715293],
        ...,
        [ 0.55335662,  0.43346255,  0.32829567, ...,  0.        ,
         -0.25585864, -0.11534452],
        [ 0.32182168,  0.18846187,  0.07569041, ...,  0.25585864,
          0.        ,  0.14264574],
        [ 0.4535877 ,  0.32662422,  0.21715293, ...,  0.11534452,
         -0.14264574,  0.        ]],

       [[ 0.        , -0.47188288, -0.59981359, ..., -0.60626042,
         -0.57417311, -0.49631165],
        [ 0.47188288,  0.        , -0.15126014, ..., -0.90978881,
         -0.8925727 , -0.84724124],
        [ 0.59981359,  0.15126014,  0.        , ..., -0.96210454,
         -0.95050648, -0.91784352],
        ...,
        [ 0.60626042,  0.90978881,  0.96210454, ...,  0.        ,
         -0.03974551, -0.13162173],
        [ 0.57417311,  0.8925727 ,  0.95050648, ...,  0.03974551,
          0.        , -0.092118  ],
        [ 0.49631165,  0.84724124,  0.91784352, ...,  0.13162173,
          0.092118  ,  0.        ]]]), 'num': array([7.07077807e-01, 7.07077807e-01, 0.00000000e+00, 2.08024340e-03,
       2.08024340e-03, 2.05974839e-03, 6.67696647e-03, 1.53712567e-05,
       2.08741666e-03, 2.17042144e-03, 2.43958923e-03, 2.59430492e-07,
       2.29152640e-03, 2.04931649e-03])}
{'img': array([[[ 0.        ,  0.18602982,  0.26471377, ..., -0.74807433,
         -0.49352466, -0.73152158],
        [-0.18602982,  0.        ,  0.08069937, ..., -0.61156385,
         -0.3231137 , -0.59191368],
        [-0.26471377, -0.08069937,  0.        , ..., -0.54572029,
         -0.24568919, -0.52493935],
        ...,
        [ 0.74807433,  0.61156385,  0.54572029, ...,  0.        ,
         -0.3231137 , -0.02460211],
        [ 0.49352466,  0.3231137 ,  0.24568919, ...,  0.3231137 ,
          0.        ,  0.29973344],
        [ 0.73152158,  0.59191368,  0.52493935, ...,  0.02460211,
         -0.29973344,  0.        ]],

       [[ 0.        , -0.20454595, -0.23356392, ...,  0.8386952 ,
          0.65293098,  0.76459905],
        [ 0.20454595,  0.        , -0.02973716, ...,  0.93235859,
          0.7940527 ,  0.88026424],
        [ 0.23356392,  0.02973716,  0.        , ...,  0.94269727,
          0.81177724,  0.89398475],
        ...,
        [-0.8386952 , -0.93235859, -0.94269727, ...,  0.        ,
         -0.27965541, -0.1241428 ],
        [-0.65293098, -0.7940527 , -0.81177724, ...,  0.27965541,
          0.        ,  0.15830254],
        [-0.76459905, -0.88026424, -0.89398475, ...,  0.1241428 ,
         -0.15830254,  0.        ]],

       [[ 0.        , -0.48279936, -0.57834897, ..., -0.39287791,
         -0.2571396 , -0.        ],
        [ 0.48279936,  0.        , -0.11261548, ..., -0.78803314,
         -0.69175   , -0.48279936],
        [ 0.57834897,  0.11261548,  0.        , ..., -0.85234996,
         -0.76867334, -0.57834897],
        ...,
        [ 0.39287791,  0.78803314,  0.85234996, ...,  0.        ,
         -0.14320393, -0.39287791],
        [ 0.2571396 ,  0.69175   ,  0.76867334, ...,  0.14320393,
          0.        , -0.2571396 ],
        [ 0.        ,  0.48279936,  0.57834897, ...,  0.39287791,
          0.2571396 ,  0.        ]],

       ...,

       [[ 0.        ,  0.33435887,  0.48379951, ..., -0.99991372,
         -0.99542369, -0.72158864],
        [-0.33435887,  0.        ,  0.16333101, ..., -0.93797235,
         -0.90618165, -0.91154223],
        [-0.48379951, -0.16333101,  0.        , ..., -0.86874812,
         -0.824942  , -0.9664642 ],
        ...,
        [ 0.99991372,  0.93797235,  0.86874812, ...,  0.        ,
         -0.08247557,  0.70174117],
        [ 0.99542369,  0.90618165,  0.824942  , ...,  0.08247557,
          0.        ,  0.75810863],
        [ 0.72158864,  0.91154223,  0.9664642 , ..., -0.70174117,
         -0.75810863,  0.        ]],

       [[ 0.        ,  0.11358716,  0.18846187, ..., -0.18846187,
         -0.32662422, -0.2562826 ],
        [-0.11358716,  0.        ,  0.07569041, ..., -0.07569041,
         -0.21715293, -0.14483038],
        [-0.18846187, -0.07569041,  0.        , ..., -0.        ,
         -0.14264574, -0.06952254],
        ...,
        [ 0.18846187,  0.07569041,  0.        , ...,  0.        ,
          0.14264574,  0.06952254],
        [ 0.32662422,  0.21715293,  0.14264574, ..., -0.14264574,
          0.        , -0.073489  ],
        [ 0.2562826 ,  0.14483038,  0.06952254, ..., -0.06952254,
          0.073489  ,  0.        ]],

       [[ 0.        , -0.40717178, -0.5379817 , ..., -0.59009476,
         -0.51054346, -0.44882414],
        [ 0.40717178,  0.        , -0.14813834, ..., -0.86768761,
         -0.81641313, -0.77379114],
        [ 0.5379817 ,  0.14813834,  0.        , ..., -0.93175514,
         -0.89295055, -0.8590905 ],
        ...,
        [ 0.59009476,  0.86768761,  0.93175514, ...,  0.        ,
         -0.09521504, -0.16496955],
        [ 0.51054346,  0.81641313,  0.89295055, ...,  0.09521504,
          0.        , -0.07030958],
        [ 0.44882414,  0.77379114,  0.8590905 , ...,  0.16496955,
          0.07030958,  0.        ]]]), 'num': array([ 7.46452513e-01,  6.65374517e-01,  1.00096292e-06,  2.19129720e-03,
        2.22376086e-03,  2.17777067e-03,  6.61869145e-03, -5.41061036e-06,
        2.19778993e-03,  2.28435970e-03,  2.56535073e-03,  2.67190635e-07,
        2.41715023e-03,  2.15156916e-03])}
{'img': array([[[ 0.        ,  0.08069937,  0.3231137 , ..., -0.3231137 ,
         -0.59191368, -0.54572029],
        [-0.08069937,  0.        ,  0.24568919, ..., -0.24568919,
         -0.52493935, -0.47631697],
        [-0.3231137 , -0.24568919,  0.        , ..., -0.        ,
         -0.29973344, -0.24568919],
        ...,
        [ 0.3231137 ,  0.24568919,  0.        , ...,  0.        ,
          0.29973344,  0.24568919],
        [ 0.59191368,  0.52493935,  0.29973344, ..., -0.29973344,
          0.        , -0.05615308],
        [ 0.54572029,  0.47631697,  0.24568919, ..., -0.24568919,
          0.05615308,  0.        ]],

       [[ 0.        , -0.02973716, -0.01874418, ...,  0.7940527 ,
          0.88026424,  0.84525185],
        [ 0.02973716,  0.        ,  0.01099605, ...,  0.81177724,
          0.89398475,  0.86076864],
        [ 0.01874418, -0.01099605,  0.        , ...,  0.80530683,
          0.8890034 ,  0.85511965],
        ...,
        [-0.7940527 , -0.81177724, -0.80530683, ...,  0.        ,
          0.15830254,  0.08946896],
        [-0.88026424, -0.89398475, -0.8890034 , ..., -0.15830254,
          0.        , -0.06932686],
        [-0.84525185, -0.86076864, -0.85511965, ..., -0.08946896,
          0.06932686,  0.        ]],

       [[ 0.        , -0.35018773, -0.41367481, ..., -0.32432432,
         -0.1916303 , -0.        ],
        [ 0.35018773,  0.        , -0.06866117, ..., -0.63504662,
         -0.52319394, -0.35018773],
        [ 0.41367481,  0.06866117,  0.        , ..., -0.68658689,
         -0.58047321, -0.41367481],
        ...,
        [ 0.32432432,  0.63504662,  0.68658689, ...,  0.        ,
         -0.13704178, -0.32432432],
        [ 0.1916303 ,  0.52319394,  0.58047321, ...,  0.13704178,
          0.        , -0.1916303 ],
        [ 0.        ,  0.35018773,  0.41367481, ...,  0.32432432,
          0.1916303 ,  0.        ]],

       ...,

       [[ 0.        ,  0.16333101, -0.20364907, ..., -0.90618165,
         -0.91154223, -0.9177998 ],
        [-0.16333101,  0.        , -0.36082257, ..., -0.824942  ,
         -0.9664642 , -0.97032448],
        [ 0.20364907,  0.36082257,  0.        , ..., -0.97331254,
         -0.80869809, -0.8177088 ],
        ...,
        [ 0.90618165,  0.824942  ,  0.97331254, ...,  0.        ,
          0.75810863,  0.74792065],
        [ 0.91154223,  0.9664642 ,  0.80869809, ..., -0.75810863,
          0.        , -0.0154833 ],
        [ 0.9177998 ,  0.97032448,  0.8177088 , ..., -0.74792065,
          0.0154833 ,  0.        ]],

       [[ 0.        ,  0.07562139, -0.20207664, ..., -0.24000679,
         -0.18483067, -0.07562139],
        [-0.07562139,  0.        , -0.27555931, ..., -0.16590849,
         -0.10998297, -0.        ],
        [ 0.20207664,  0.27555931,  0.        , ..., -0.43122557,
         -0.3796125 , -0.27555931],
        ...,
        [ 0.24000679,  0.16590849,  0.43122557, ...,  0.        ,
         -0.05644327, -0.16590849],
        [ 0.18483067,  0.10998297,  0.3796125 , ...,  0.05644327,
          0.        , -0.10998297],
        [ 0.07562139,  0.        ,  0.27555931, ...,  0.16590849,
          0.10998297,  0.        ]],

       [[ 0.        , -0.37649907, -0.47191071, ..., -0.52108436,
         -0.45829031, -0.38429535],
        [ 0.37649907,  0.        , -0.10524706, ..., -0.80408531,
         -0.75920127, -0.70360553],
        [ 0.47191071,  0.10524706,  0.        , ..., -0.86219035,
         -0.82348542, -0.77448537],
        ...,
        [ 0.52108436,  0.80408531,  0.86219035, ...,  0.        ,
         -0.07198796, -0.15307233],
        [ 0.45829031,  0.75920127,  0.82348542, ...,  0.07198796,
          0.        , -0.0815356 ],
        [ 0.38429535,  0.70360553,  0.77448537, ...,  0.15307233,
          0.0815356 ,  0.        ]]]), 'num': array([7.46594098e-01, 6.65233107e-01, 1.00075019e-06, 2.19894568e-03,
       2.21246933e-03, 2.18812676e-03, 4.55311583e-03, 8.11419070e-06,
       2.19299527e-03, 2.27670667e-03, 2.55367105e-03, 4.02054494e-07,
       2.41154094e-03, 2.14187241e-03])}
{'img': array([[[ 0.        ,  0.24568919, -0.08069937, ..., -0.52493935,
         -0.47631697, -0.54572029],
        [-0.24568919,  0.        , -0.3231137 , ..., -0.29973344,
         -0.24568919, -0.3231137 ],
        [ 0.08069937,  0.3231137 ,  0.        , ..., -0.59191368,
         -0.54572029, -0.61156385],
        ...,
        [ 0.52493935,  0.29973344,  0.59191368, ...,  0.        ,
         -0.05615308,  0.02460211],
        [ 0.47631697,  0.24568919,  0.54572029, ...,  0.05615308,
          0.        ,  0.08069937],
        [ 0.54572029,  0.3231137 ,  0.61156385, ..., -0.02460211,
         -0.08069937,  0.        ]],

       [[ 0.        ,  0.01099605,  0.46696879, ...,  0.89398475,
          0.86076864,  0.63621781],
        [-0.01099605,  0.        ,  0.45721705, ...,  0.8890034 ,
          0.85511965,  0.62769579],
        [-0.46696879, -0.45721705,  0.        , ...,  0.58127979,
          0.52346971,  0.20231988],
        ...,
        [-0.89398475, -0.8890034 , -0.58127979, ...,  0.        ,
         -0.06932686, -0.40463019],
        [-0.86076864, -0.85511965, -0.52346971, ...,  0.06932686,
          0.        , -0.34025859],
        [-0.63621781, -0.62769579, -0.20231988, ...,  0.40463019,
          0.34025859,  0.        ]],

       [[ 0.        , -0.23055778, -0.22376371, ..., -0.24977354,
         -0.15873197, -0.        ],
        [ 0.23055778,  0.        ,  0.00697641, ..., -0.46629439,
         -0.38209021, -0.23055778],
        [ 0.22376371, -0.00697641,  0.        , ..., -0.4601115 ,
         -0.37563384, -0.22376371],
        ...,
        [ 0.24977354,  0.46629439,  0.4601115 , ...,  0.        ,
         -0.092906  , -0.24977354],
        [ 0.15873197,  0.38209021,  0.37563384, ...,  0.092906  ,
          0.        , -0.15873197],
        [ 0.        ,  0.23055778,  0.22376371, ...,  0.24977354,
          0.15873197,  0.        ]],

       ...,

       [[ 0.        , -0.36082257, -0.76962167, ..., -0.9664642 ,
         -0.97032448, -0.86567051],
        [ 0.36082257,  0.        , -0.48739043, ..., -0.80869809,
         -0.8177088 , -0.62672126],
        [ 0.76962167,  0.48739043,  0.        , ..., -0.41944765,
         -0.43345279, -0.16744724],
        ...,
        [ 0.9664642 ,  0.80869809,  0.41944765, ...,  0.        ,
         -0.0154833 ,  0.2615203 ],
        [ 0.97032448,  0.8177088 ,  0.43345279, ...,  0.0154833 ,
          0.        ,  0.27643341],
        [ 0.86567051,  0.62672126,  0.16744724, ..., -0.2615203 ,
         -0.27643341,  0.        ]],

       [[ 0.        , -0.27478046, -0.37544992, ..., -0.18651277,
         -0.15132454, -0.        ],
        [ 0.27478046,  0.        , -0.10631947, ..., -0.44929209,
         -0.41711573, -0.27478046],
        [ 0.37544992,  0.10631947,  0.        , ..., -0.54172973,
         -0.51138034, -0.37544992],
        ...,
        [ 0.18651277,  0.44929209,  0.54172973, ...,  0.        ,
         -0.03569573, -0.18651277],
        [ 0.15132454,  0.41711573,  0.51138034, ...,  0.03569573,
          0.        , -0.15132454],
        [ 0.        ,  0.27478046,  0.37544992, ...,  0.18651277,
          0.15132454,  0.        ]],

       [[ 0.        , -0.30133208, -0.42808796, ..., -0.46643557,
         -0.39126729, -0.32203244],
        [ 0.30133208,  0.        , -0.13586514, ..., -0.71130015,
         -0.65038991, -0.59234384],
        [ 0.42808796,  0.13586514,  0.        , ..., -0.80020254,
         -0.74756229, -0.69631578],
        ...,
        [ 0.46643557,  0.71130015,  0.80020254, ...,  0.        ,
         -0.08315246, -0.15673246],
        [ 0.39126729,  0.65038991,  0.74756229, ...,  0.08315246,
          0.        , -0.07406488],
        [ 0.32203244,  0.59234384,  0.69631578, ...,  0.15673246,
          0.07406488,  0.        ]]]), 'num': array([7.54785920e-01, 6.55924865e-01, 1.20122789e-06, 2.24684217e-03,
       2.26868267e-03, 2.21954153e-03, 4.28483448e-03, 2.73006338e-05,
       2.21899552e-03, 2.29175171e-03, 2.56666909e-03, 7.35017065e-07,
       2.42510042e-03, 2.15840299e-03])}
{'img': array([[[ 0.        , -0.3231137 , -0.69761267, ..., -0.24568919,
         -0.3231137 , -0.49352466],
        [ 0.3231137 ,  0.        , -0.42868992, ..., -0.54572029,
         -0.61156385, -0.74807433],
        [ 0.69761267,  0.42868992,  0.        , ..., -0.85226009,
         -0.89169575, -0.96033406],
        ...,
        [ 0.24568919,  0.54572029,  0.85226009, ...,  0.        ,
          0.08069937,  0.26471377],
        [ 0.3231137 ,  0.61156385,  0.89169575, ..., -0.08069937,
          0.        ,  0.18602982],
        [ 0.49352466,  0.74807433,  0.96033406, ..., -0.26471377,
         -0.18602982,  0.        ]],

       [[ 0.        ,  0.45721705,  0.40557246, ...,  0.85511965,
          0.62769579,  0.58300149],
        [-0.45721705,  0.        , -0.05722718, ...,  0.52346971,
          0.20231988,  0.14701975],
        [-0.40557246,  0.05722718,  0.        , ...,  0.57137193,
          0.25803201,  0.20338414],
        ...,
        [-0.85511965, -0.52346971, -0.57137193, ...,  0.        ,
         -0.34025859, -0.39251411],
        [-0.62769579, -0.20231988, -0.25803201, ...,  0.34025859,
          0.        , -0.05614208],
        [-0.58300149, -0.14701975, -0.20338414, ...,  0.39251411,
          0.05614208,  0.        ]],

       [[ 0.        ,  0.05663653, -0.19612433, ..., -0.21539417,
         -0.05663653, -0.2338929 ],
        [-0.05663653,  0.        , -0.25134612, ..., -0.15974132,
         -0.        , -0.17845191],
        [ 0.19612433,  0.25134612,  0.        , ..., -0.40273175,
         -0.25134612, -0.42003478],
        ...,
        [ 0.21539417,  0.15974132,  0.40273175, ...,  0.        ,
         -0.15974132,  0.01898313],
        [ 0.05663653,  0.        ,  0.25134612, ...,  0.15974132,
          0.        ,  0.17845191],
        [ 0.2338929 ,  0.17845191,  0.42003478, ..., -0.01898313,
         -0.17845191,  0.        ]],

       ...,

       [[ 0.        , -0.48739043, -0.56403561, ..., -0.8177088 ,
         -0.62672126, -0.09987358],
        [ 0.48739043,  0.        , -0.09004409, ..., -0.43345279,
         -0.16744724,  0.39774551],
        [ 0.56403561,  0.09004409,  0.        , ..., -0.35054641,
         -0.07799428,  0.47874485],
        ...,
        [ 0.8177088 ,  0.43345279,  0.35054641, ...,  0.        ,
          0.27643341,  0.75612993],
        [ 0.62672126,  0.16744724,  0.07799428, ..., -0.27643341,
          0.        ,  0.5457619 ],
        [ 0.09987358, -0.39774551, -0.47874485, ..., -0.75612993,
         -0.5457619 ,  0.        ]],

       [[ 0.        , -0.26219127, -0.32876274, ..., -0.25103228,
         -0.20095336, -0.        ],
        [ 0.26219127,  0.        , -0.06964456, ..., -0.49604572,
         -0.45076597, -0.26219127],
        [ 0.32876274,  0.06964456,  0.        , ..., -0.55531337,
         -0.51183913, -0.32876274],
        ...,
        [ 0.25103228,  0.49604572,  0.55531337, ...,  0.        ,
         -0.05139285, -0.25103228],
        [ 0.20095336,  0.45076597,  0.51183913, ...,  0.05139285,
          0.        , -0.20095336],
        [ 0.        ,  0.26219127,  0.32876274, ...,  0.25103228,
          0.20095336,  0.        ]],

       [[ 0.        , -0.31517572, -0.51068546, ..., -0.39569912,
         -0.32573493, -0.29429829],
        [ 0.31517572,  0.        , -0.21367964, ..., -0.6649828 ,
         -0.6071197 , -0.58051661],
        [ 0.51068546,  0.21367964,  0.        , ..., -0.80921271,
         -0.7628896 , -0.74109719],
        ...,
        [ 0.39569912,  0.6649828 ,  0.80921271, ...,  0.        ,
         -0.07496962, -0.10789731],
        [ 0.32573493,  0.6071197 ,  0.7628896 , ...,  0.07496962,
          0.        , -0.03306171],
        [ 0.29429829,  0.58051661,  0.74109719, ...,  0.10789731,
          0.03306171,  0.        ]]]), 'num': array([ 7.33809330e-01,  6.79317146e-01,  6.63729408e-07,  2.17968737e-03,
        2.19030705e-03,  2.16110295e-03,  3.48919895e-03, -5.30983526e-06,
        2.16588180e-03,  2.22057311e-03,  2.48513565e-03,  8.32138362e-07,
        2.34091323e-03,  2.10023298e-03])}
{'img': array([[[ 0.        , -0.64547721, -0.66366323, ..., -0.32741138,
         -0.49979846, -0.47145567],
        [ 0.64547721,  0.        , -0.0240551 , ..., -0.85996984,
         -0.94081058, -0.92932793],
        [ 0.66366323,  0.0240551 ,  0.        , ..., -0.87199739,
         -0.94869141, -0.93794149],
        ...,
        [ 0.32741138,  0.85996984,  0.87199739, ...,  0.        ,
          0.18866585,  0.15672917],
        [ 0.49979846,  0.94081058,  0.94869141, ..., -0.18866585,
          0.        , -0.03241972],
        [ 0.47145567,  0.92932793,  0.93794149, ..., -0.15672917,
          0.03241972,  0.        ]],

       [[ 0.        , -0.05722718, -0.40356197, ...,  0.20231988,
          0.14701975,  0.01405642],
        [ 0.05722718,  0.        , -0.35054046, ...,  0.25803201,
          0.20338414,  0.07125492],
        [ 0.40356197,  0.35054046,  0.        , ...,  0.58032915,
          0.53369275,  0.41638306],
        ...,
        [-0.20231988, -0.25803201, -0.58032915, ...,  0.        ,
         -0.05614208, -0.18853416],
        [-0.14701975, -0.20338414, -0.53369275, ...,  0.05614208,
          0.        , -0.13310154],
        [-0.01405642, -0.07125492, -0.41638306, ...,  0.18853416,
          0.13310154,  0.        ]],

       [[ 0.        , -0.25134612, -0.39995929, ..., -0.        ,
         -0.17845191, -0.28043989],
        [ 0.25134612,  0.        , -0.15675252, ..., -0.25134612,
         -0.42003478, -0.51269701],
        [ 0.39995929,  0.15675252,  0.        , ..., -0.39995929,
         -0.55709644, -0.64094195],
        ...,
        [ 0.        ,  0.25134612,  0.39995929, ...,  0.        ,
          0.17845191,  0.28043989],
        [ 0.17845191,  0.42003478,  0.55709644, ..., -0.17845191,
          0.        ,  0.10464753],
        [ 0.28043989,  0.51269701,  0.64094195, ..., -0.28043989,
         -0.10464753,  0.        ]],

       ...,

       [[ 0.        , -0.09004409, -0.08570469, ..., -0.16744724,
          0.39774551,  0.58229398],
        [ 0.09004409,  0.        ,  0.00435624, ..., -0.07799428,
          0.47874485,  0.65313247],
        [ 0.08570469, -0.00435624,  0.        , ..., -0.0823365 ,
          0.47491574,  0.64982754],
        ...,
        [ 0.16744724,  0.07799428,  0.0823365 , ...,  0.        ,
          0.5457619 ,  0.71020357],
        [-0.39774551, -0.47874485, -0.47491574, ..., -0.5457619 ,
          0.        ,  0.2108938 ],
        [-0.58229398, -0.65313247, -0.64982754, ..., -0.71020357,
         -0.2108938 ,  0.        ]],

       [[ 0.        , -0.20167049, -0.27868642, ..., -0.34321968,
         -0.28137426, -0.        ],
        [ 0.20167049,  0.        , -0.07927963, ..., -0.52558774,
         -0.4691156 , -0.20167049],
        [ 0.27868642,  0.07927963,  0.        , ..., -0.59137971,
         -0.53765378, -0.27868642],
        ...,
        [ 0.34321968,  0.52558774,  0.59137971, ...,  0.        ,
         -0.06507073, -0.34321968],
        [ 0.28137426,  0.4691156 ,  0.53765378, ...,  0.06507073,
          0.        , -0.28137426],
        [ 0.        ,  0.20167049,  0.27868642, ...,  0.34321968,
          0.28137426,  0.        ]],

       [[ 0.        , -0.41810215, -0.56688408, ..., -0.32984542,
         -0.29803309, -0.30994601],
        [ 0.41810215,  0.        , -0.17052597, ..., -0.69433463,
         -0.66983499, -0.67906732],
        [ 0.56688408,  0.17052597,  0.        , ..., -0.80688425,
         -0.78664128, -0.79430017],
        ...,
        [ 0.32984542,  0.69433463,  0.80688425, ...,  0.        ,
         -0.03350212, -0.02100203],
        [ 0.29803309,  0.66983499,  0.78664128, ...,  0.03350212,
          0.        ,  0.01250448],
        [ 0.30994601,  0.67906732,  0.79430017, ...,  0.02100203,
         -0.01250448,  0.        ]]]), 'num': array([ 8.45923610e-01,  5.33198090e-01,  3.88478906e-06,  2.48194857e-03,
        2.52511289e-03,  2.45111691e-03,  7.75397731e-03, -4.93306548e-05,
        2.51093033e-03,  2.56766058e-03,  2.87289401e-03,  8.09331055e-07,
        2.70099601e-03,  2.43432515e-03])}
{'img': array([[[ 0.        , -0.02571851,  0.11291501, ..., -0.93115337,
         -0.91911963, -0.60944456],
        [ 0.02571851,  0.        ,  0.13843169, ..., -0.94022305,
         -0.92894815, -0.62963335],
        [-0.11291501, -0.13843169,  0.        , ..., -0.88402637,
         -0.86875545, -0.5160247 ],
        ...,
        [ 0.93115337,  0.94022305,  0.88402637, ...,  0.        ,
         -0.03171792, -0.5160247 ],
        [ 0.91911963,  0.92894815,  0.86875545, ...,  0.03171792,
          0.        , -0.48859633],
        [ 0.60944456,  0.62963335,  0.5160247 , ...,  0.5160247 ,
          0.48859633,  0.        ]],

       [[ 0.        , -0.35054046, -0.43970703, ...,  0.20338414,
          0.07125492,  0.59553845],
        [ 0.35054046,  0.        , -0.0969717 , ...,  0.53369275,
          0.41638306,  0.83934865],
        [ 0.43970703,  0.0969717 ,  0.        , ...,  0.61318441,
          0.50258634,  0.8881061 ],
        ...,
        [-0.20338414, -0.53369275, -0.61318441, ...,  0.        ,
         -0.13310154,  0.41970718],
        [-0.07125492, -0.41638306, -0.50258634, ...,  0.13310154,
          0.        ,  0.53678369],
        [-0.59553845, -0.83934865, -0.8881061 , ..., -0.41970718,
         -0.53678369,  0.        ]],

       [[ 0.        , -0.31887221, -0.421099  , ..., -0.17988971,
         -0.28267086, -0.24055215],
        [ 0.31887221,  0.        , -0.10989489, ..., -0.48416944,
         -0.57378243, -0.5375037 ],
        [ 0.421099  ,  0.10989489,  0.        , ..., -0.57739213,
         -0.66031192, -0.62691827],
        ...,
        [ 0.17988971,  0.48416944,  0.57739213, ...,  0.        ,
          0.10550633,  0.06202051],
        [ 0.28267086,  0.57378243,  0.66031192, ..., -0.10550633,
          0.        , -0.04362886],
        [ 0.24055215,  0.5375037 ,  0.62691827, ..., -0.06202051,
          0.04362886,  0.        ]],

       ...,

       [[ 0.        ,  0.00435624,  0.22645829, ...,  0.47874485,
          0.65313247,  0.45076747],
        [-0.00435624,  0.        ,  0.22221307, ...,  0.47491574,
          0.64982754,  0.44687463],
        [-0.22645829, -0.22221307,  0.        , ...,  0.2674875 ,
          0.46468054,  0.23691087],
        ...,
        [-0.47874485, -0.47491574, -0.2674875 , ...,  0.        ,
          0.2108938 , -0.03159435],
        [-0.65313247, -0.64982754, -0.46468054, ..., -0.2108938 ,
          0.        , -0.24167227],
        [-0.45076747, -0.44687463, -0.23691087, ...,  0.03159435,
          0.24167227,  0.        ]],

       [[ 0.        , -0.19367834, -0.23393792, ..., -0.37951023,
         -0.26114137, -0.        ],
        [ 0.19367834,  0.        , -0.04120427, ..., -0.55151302,
         -0.4431545 , -0.19367834],
        [ 0.23393792,  0.04120427,  0.        , ..., -0.58541586,
         -0.47971551, -0.23393792],
        ...,
        [ 0.37951023,  0.55151302,  0.58541586, ...,  0.        ,
         -0.12473669, -0.37951023],
        [ 0.26114137,  0.4431545 ,  0.47971551, ...,  0.12473669,
          0.        , -0.26114137],
        [ 0.        ,  0.19367834,  0.23393792, ...,  0.37951023,
          0.26114137,  0.        ]],

       [[ 0.        , -0.4116616 , -0.53846509, ..., -0.30493151,
         -0.31710499, -0.27536219],
        [ 0.4116616 ,  0.        , -0.14383729, ..., -0.66995123,
         -0.67940536, -0.64669468],
        [ 0.53846509,  0.14383729,  0.        , ..., -0.76977017,
         -0.77788297, -0.74968167],
        ...,
        [ 0.30493151,  0.66995123,  0.76977017, ...,  0.        ,
          0.0128085 , -0.03089516],
        [ 0.31710499,  0.67940536,  0.77788297, ..., -0.0128085 ,
          0.        , -0.04369501],
        [ 0.27536219,  0.64669468,  0.74968167, ...,  0.03089516,
          0.04369501,  0.        ]]]), 'num': array([ 7.71286186e-01,  6.36439873e-01,  1.68980342e-06,  2.24743855e-03,
        2.27560194e-03,  2.22772418e-03,  4.27523082e-03, -1.97143733e-05,
        2.28686730e-03,  2.33460425e-03,  2.61337487e-03,  7.21257559e-07,
        2.45062203e-03,  2.21858646e-03])}
{'img': array([[[ 0.        ,  0.13636857,  0.19984394, ..., -0.95738525,
         -0.84273947, -0.62209   ],
        [-0.13636857,  0.        ,  0.06435932, ..., -0.90905638,
         -0.76145659, -0.50950936],
        [-0.19984394, -0.06435932,  0.        , ..., -0.88035491,
         -0.71815919, -0.45307408],
        ...,
        [ 0.95738525,  0.90905638,  0.88035491, ...,  0.        ,
         -0.27198631, -0.56991244],
        [ 0.84273947,  0.76145659,  0.71815919, ...,  0.27198631,
          0.        , -0.32493476],
        [ 0.62209   ,  0.50950936,  0.45307408, ...,  0.56991244,
          0.32493476,  0.        ]],

       [[ 0.        , -0.0969717 , -0.0632033 , ...,  0.41638306,
          0.83934865,  0.51152754],
        [ 0.0969717 ,  0.        ,  0.0338724 , ...,  0.50258634,
          0.8881061 ,  0.59244135],
        [ 0.0632033 , -0.0338724 ,  0.        , ...,  0.47301433,
          0.87202742,  0.56481333],
        ...,
        [-0.41638306, -0.50258634, -0.47301433, ...,  0.        ,
          0.53678369,  0.10729118],
        [-0.83934865, -0.8881061 , -0.87202742, ..., -0.53678369,
          0.        , -0.44316148],
        [-0.51152754, -0.59244135, -0.56481333, ..., -0.10729118,
          0.44316148,  0.        ]],

       [[ 0.        , -0.28635379, -0.40061175, ..., -0.28635379,
         -0.24370564, -0.14141957],
        [ 0.28635379,  0.        , -0.12146466, ..., -0.54872484,
         -0.51122022, -0.41897334],
        [ 0.40061175,  0.12146466,  0.        , ..., -0.64620677,
         -0.61182779, -0.52616089],
        ...,
        [ 0.28635379,  0.54872484,  0.64620677, ...,  0.        ,
         -0.04421979, -0.14797838],
        [ 0.24370564,  0.51122022,  0.61182779, ...,  0.04421979,
          0.        , -0.10410067],
        [ 0.14141957,  0.41897334,  0.52616089, ...,  0.14797838,
          0.10410067,  0.        ]],

       ...,

       [[ 0.        ,  0.22221307,  0.20338582, ...,  0.64982754,
          0.44687463,  0.41987141],
        [-0.22221307,  0.        , -0.01926773, ...,  0.46468054,
          0.23691087,  0.2076969 ],
        [-0.20338582,  0.01926773,  0.        , ...,  0.48165544,
          0.2555861 ,  0.2265059 ],
        ...,
        [-0.64982754, -0.46468054, -0.48165544, ...,  0.        ,
         -0.24167227, -0.27063625],
        [-0.44687463, -0.23691087, -0.2555861 , ...,  0.24167227,
          0.        , -0.02996056],
        [-0.41987141, -0.2076969 , -0.2265059 , ...,  0.27063625,
          0.02996056,  0.        ]],

       [[ 0.        , -0.13191356, -0.17948046, ..., -0.36793124,
         -0.26496493, -0.        ],
        [ 0.13191356,  0.        , -0.04814053, ..., -0.48737619,
         -0.38984818, -0.13191356],
        [ 0.17948046,  0.04814053,  0.        , ..., -0.52884705,
         -0.43372779, -0.17948046],
        ...,
        [ 0.36793124,  0.48737619,  0.52884705, ...,  0.        ,
         -0.10840223, -0.36793124],
        [ 0.26496493,  0.38984818,  0.43372779, ...,  0.10840223,
          0.        , -0.26496493],
        [ 0.        ,  0.13191356,  0.17948046, ...,  0.36793124,
          0.26496493,  0.        ]],

       [[ 0.        , -0.37226946, -0.49377526, ..., -0.32417721,
         -0.28154775, -0.21960355],
        [ 0.37226946,  0.        , -0.13456338, ..., -0.65304243,
         -0.61852155, -0.56700154],
        [ 0.49377526,  0.13456338,  0.        , ..., -0.74901072,
         -0.71863166, -0.67268676],
        ...,
        [ 0.32417721,  0.65304243,  0.74901072, ...,  0.        ,
         -0.04472019, -0.10851962],
        [ 0.28154775,  0.61852155,  0.71863166, ...,  0.04472019,
          0.        , -0.06395497],
        [ 0.21960355,  0.56700154,  0.67268676, ...,  0.10851962,
          0.06395497,  0.        ]]]), 'num': array([ 7.42353978e-01,  6.69962904e-01,  9.23355534e-07,  2.12914923e-03,
        2.16988550e-03,  2.12100198e-03,  4.51531719e-03, -3.80205220e-05,
        2.18943892e-03,  2.23886559e-03,  2.50899235e-03,  6.06710457e-07,
        2.34729723e-03,  2.13043396e-03])}
{'img': array([[[ 0.        ,  0.06257736,  0.15389212, ..., -0.88359105,
         -0.82942319, -0.49718063],
        [-0.06257736,  0.        ,  0.09175859, ..., -0.85255688,
         -0.7928406 , -0.44191115],
        [-0.15389212, -0.09175859,  0.        , ..., -0.80100398,
         -0.73357548, -0.357734  ],
        ...,
        [ 0.88359105,  0.85255688,  0.80100398, ...,  0.        ,
         -0.10520714, -0.53383568],
        [ 0.82942319,  0.7928406 ,  0.73357548, ...,  0.10520714,
          0.        , -0.44191115],
        [ 0.49718063,  0.44191115,  0.357734  , ...,  0.53383568,
          0.44191115,  0.        ]],

       [[ 0.        ,  0.0338724 ,  0.4077804 , ...,  0.8881061 ,
          0.59244135,  0.64890862],
        [-0.0338724 ,  0.        ,  0.3766182 , ...,  0.87202742,
          0.56481333,  0.62276389],
        [-0.4077804 , -0.3766182 ,  0.        , ...,  0.62348037,
          0.21243294,  0.28223911],
        ...,
        [-0.8881061 , -0.87202742, -0.62348037, ...,  0.        ,
         -0.44316148, -0.37746666],
        [-0.59244135, -0.56481333, -0.21243294, ...,  0.44316148,
          0.        ,  0.07200091],
        [-0.64890862, -0.62276389, -0.28223911, ...,  0.37746666,
         -0.07200091,  0.        ]],

       [[ 0.        , -0.17434506, -0.23474869, ..., -0.5011653 ,
         -0.44866882, -0.15236947],
        [ 0.17434506,  0.        , -0.06168024, ..., -0.64435954,
         -0.59760914, -0.32234522],
        [ 0.23474869,  0.06168024,  0.        , ..., -0.69030093,
         -0.64592572, -0.38011935],
        ...,
        [ 0.5011653 ,  0.64435954,  0.69030093, ...,  0.        ,
         -0.05963421, -0.36346033],
        [ 0.44866882,  0.59760914,  0.64592572, ...,  0.05963421,
          0.        , -0.30725768],
        [ 0.15236947,  0.32234522,  0.38011935, ...,  0.36346033,
          0.30725768,  0.        ]],

       ...,

       [[ 0.        , -0.01926773, -0.09893242, ...,  0.23691087,
          0.2076969 ,  0.05658273],
        [ 0.01926773,  0.        , -0.07974085, ...,  0.2555861 ,
          0.2265059 ,  0.07580909],
        [ 0.09893242,  0.07974085,  0.        , ...,  0.33186457,
          0.30345299,  0.15507906],
        ...,
        [-0.23691087, -0.2555861 , -0.33186457, ...,  0.        ,
         -0.02996056, -0.18155942],
        [-0.2076969 , -0.2265059 , -0.30345299, ...,  0.02996056,
          0.        , -0.1520153 ],
        [-0.05658273, -0.07580909, -0.15507906, ...,  0.18155942,
          0.1520153 ,  0.        ]],

       [[ 0.        , -0.12144336, -0.27775468, ..., -0.36767719,
         -0.26140888, -0.        ],
        [ 0.12144336,  0.        , -0.15903403, ..., -0.47789245,
         -0.37669457, -0.12144336],
        [ 0.27775468,  0.15903403,  0.        , ..., -0.61150877,
         -0.51921961, -0.27775468],
        ...,
        [ 0.36767719,  0.47789245,  0.61150877, ...,  0.        ,
         -0.11179428, -0.36767719],
        [ 0.26140888,  0.37669457,  0.51921961, ...,  0.11179428,
          0.        , -0.26140888],
        [ 0.        ,  0.12144336,  0.27775468, ...,  0.36767719,
          0.26140888,  0.        ]],

       [[ 0.        , -0.1486673 , -0.2275848 , ..., -0.59306569,
         -0.54386163, -0.32560508],
        [ 0.1486673 ,  0.        , -0.0802897 , ..., -0.70617519,
         -0.66257571, -0.46255253],
        [ 0.2275848 ,  0.0802897 ,  0.        , ..., -0.76074345,
         -0.72057321, -0.5322434 ],
        ...,
        [ 0.59306569,  0.70617519,  0.76074345, ...,  0.        ,
         -0.05979343, -0.29858482],
        [ 0.54386163,  0.66257571,  0.72057321, ...,  0.05979343,
          0.        , -0.24098474],
        [ 0.32560508,  0.46255253,  0.5322434 , ...,  0.29858482,
          0.24098474,  0.        ]]]), 'num': array([ 8.52269764e-01,  5.23037264e-01,  4.21552497e-06,  2.43875926e-03,
        2.46998537e-03,  2.39504270e-03,  4.04044017e-03, -9.36783326e-06,
        2.49121913e-03,  2.56116561e-03,  2.87150111e-03,  6.24522218e-07,
        2.68491875e-03,  2.43741248e-03])}
{'img': array([[[ 0.        ,  0.09123637,  0.43962418, ..., -0.81787997,
         -0.61663023, -0.43962418],
        [-0.09123637,  0.        ,  0.35584378, ..., -0.76197242,
         -0.54223233, -0.35584378],
        [-0.43962418, -0.35584378,  0.        , ..., -0.48165006,
         -0.20775065, -0.        ],
        ...,
        [ 0.81787997,  0.76197242,  0.48165006, ...,  0.        ,
         -0.28907622, -0.48165006],
        [ 0.61663023,  0.54223233,  0.20775065, ...,  0.28907622,
          0.        , -0.20775065],
        [ 0.43962418,  0.35584378,  0.        , ...,  0.48165006,
          0.20775065,  0.        ]],

       [[ 0.        ,  0.3766182 ,  0.18950031, ...,  0.56481333,
          0.62276389,  0.46312418],
