state_0,state_1,state_2,state_3,state_4,state_5,state_6,state_7,state_8,state_9,state_10,state_11,state_12,state_13,state_14,state_15,state_16,state_17,state_18,state_19,state_20,state_21,state_22,state_23,state_24,state_25,state_26,state_27,state_28,state_29,state_30,state_31,state_32,state_33,state_34,state_35,state_36,state_37,state_38,state_39,state_40,state_41,state_42,state_43,state_44,state_45,state_46,state_47,state_48,state_49,state_50,state_51,state_52,state_53,state_54,state_55,state_56,state_57,state_58,state_59,state_60,state_61,state_62,state_63,state_64,state_65,state_66,state_67,state_68,state_69,state_70,state_71,state_72,state_73,state_74,state_75,state_76,state_77,state_78,state_79,state_80,state_81,state_82,state_83,state_84,state_85,state_86,state_87,state_88,state_89,state_90,state_91,state_92,state_93,state_94,state_95,state_96,state_97,state_98,state_99,state_100,state_101,state_102,state_103,state_104,state_105,state_106,state_107,state_108,state_109,state_110,state_111,state_112,state_113,state_114,state_115,state_116,state_117,state_118,state_119,state_120,state_121,state_122,state_123,state_124,state_125,state_126,state_127,state_128,state_129,state_130,state_131,state_132,state_133,state_134,state_135,state_136,state_137,state_138,state_139,state_140,state_141,state_142,state_143,state_144,state_145,state_146,state_147,state_148,state_149,state_150,state_151,state_152,state_153,state_154,state_155,state_156,state_157,state_158,state_159,state_160,state_161,state_162,state_163,state_164,state_165,state_166,state_167,state_168,state_169,state_170,state_171,state_172,state_173,state_174,state_175,state_176,state_177,state_178,state_179,state_180,state_181,state_182,state_183,state_184,state_185,state_186,state_187,state_188,state_189,state_190,state_191,state_192,state_193,state_194,state_195,state_196,state_197,state_198,state_199,state_200,state_201,state_202,state_203,state_204,state_205,state_206,state_207,state_208,state_209,state_210,state_211,state_212,state_213,state_214,state_215,state_216,state_217,state_218,state_219,state_220,state_221,state_222,state_223,state_224,state_225,state_226,state_227,state_228,state_229,state_230,state_231,state_232,state_233,state_234,state_235,state_236,state_237,state_238,state_239,state_240,state_241,state_242,state_243,state_244,state_245,state_246,state_247,state_248,state_249,state_250,state_251,state_252,state_253,state_254,state_255,state_256,state_257,state_258,state_259,state_260,state_261,state_262,state_263,state_264,state_265,state_266,state_267,state_268,state_269,state_270,state_271,state_272,state_273,state_274,state_275,state_276,state_277,state_278,state_279,state_280,state_281,state_282,state_283,state_284,state_285,state_286,state_287
{'img': array([[[ 0.        , -0.14784236,  0.08521583, ...,  0.16727998,
          0.31208199,  0.90765442],
        [ 0.14784236,  0.        ,  0.23158397, ...,  0.31120091,
          0.4491109 ,  0.835628  ],
        [-0.08521583, -0.23158397,  0.        , ...,  0.08265641,
          0.22998706,  0.94011948],
        ...,
        [-0.16727998, -0.31120091, -0.08265641, ...,  0.        ,
          0.14875937,  0.96507552],
        [-0.31208199, -0.4491109 , -0.22998706, ..., -0.14875937,
          0.        ,  0.9933083 ],
        [-0.90765442, -0.835628  , -0.94011948, ..., -0.96507552,
         -0.9933083 ,  0.        ]],

       [[ 0.        ,  0.06530333,  0.14275745, ...,  0.17395039,
          0.35265025,  0.31377751],
        [-0.06530333,  0.        ,  0.07781825, ...,  0.10927134,
          0.29078957,  0.37511303],
        [-0.14275745, -0.07781825,  0.        , ...,  0.03158771,
          0.21545228,  0.44611141],
        ...,
        [-0.17395039, -0.10927134, -0.03158771, ...,  0.        ,
          0.18449891,  0.47415908],
        [-0.35265025, -0.29078957, -0.21545228, ..., -0.18449891,
          0.        ,  0.62845913],
        [-0.31377751, -0.37511303, -0.44611141, ..., -0.47415908,
         -0.62845913,  0.        ]],

       [[ 0.        ,  0.0645482 ,  0.17932602, ...,  0.32372001,
          0.49904054,  0.97015947],
        [-0.0645482 ,  0.        ,  0.1154502 , ...,  0.26197246,
          0.44206375,  0.98378715],
        [-0.17932602, -0.1154502 ,  0.        , ...,  0.14880258,
          0.33555085,  0.99791367],
        ...,
        [-0.32372001, -0.26197246, -0.14880258, ...,  0.        ,
          0.19163982,  0.99641088],
        [-0.49904054, -0.44206375, -0.33555085, ..., -0.19163982,
          0.        ,  0.9617207 ],
        [-0.97015947, -0.98378715, -0.99791367, ..., -0.99641088,
         -0.9617207 ,  0.        ]],

       ...,

       [[ 0.        , -0.57196999, -0.62663398, ..., -0.82991737,
         -0.93220464, -0.90202399],
        [ 0.57196999,  0.        , -0.06826785, ..., -0.99985433,
         -0.97167777, -0.49299593],
        [ 0.62663398,  0.06826785,  0.        , ..., -0.99635652,
         -0.95327851, -0.43245059],
        ...,
        [ 0.82991737,  0.99985433,  0.99635652, ...,  0.        ,
          0.21969089,  0.8614905 ],
        [ 0.93220464,  0.97167777,  0.95327851, ..., -0.21969089,
          0.        ,  0.72889063],
        [ 0.90202399,  0.49299593,  0.43245059, ..., -0.8614905 ,
         -0.72889063,  0.        ]],

       [[ 0.        ,  0.16040535,  0.37928001, ..., -0.25258382,
         -0.12381556,  0.98730278],
        [-0.16040535,  0.        ,  0.22594863, ..., -0.40451738,
         -0.28138338,  0.94903809],
        [-0.37928001, -0.22594863,  0.        , ..., -0.60069311,
         -0.49092585,  0.85328493],
        ...,
        [ 0.25258382,  0.40451738,  0.60069311, ...,  0.        ,
          0.13083941,  0.99541236],
        [ 0.12381556,  0.28138338,  0.49092585, ..., -0.13083941,
          0.        ,  0.99937379],
        [-0.98730278, -0.94903809, -0.85328493, ..., -0.99541236,
         -0.99937379,  0.        ]],

       [[ 0.        ,  0.38070512,  0.52207203, ...,  0.66135021,
          0.66244604,  0.8707361 ],
        [-0.38070512,  0.        ,  0.15805424, ...,  0.89710648,
          0.89775141,  0.99237859],
        [-0.52207203, -0.15805424,  0.        , ...,  0.95566088,
          0.95609034,  0.99938127],
        ...,
        [-0.66135021, -0.89710648, -0.95566088, ...,  0.        ,
         -0.0014619 , -0.3279    ],
        [-0.66244604, -0.89775141, -0.95609034, ...,  0.0014619 ,
          0.        , -0.32651858],
        [-0.8707361 , -0.99237859, -0.99938127, ...,  0.3279    ,
          0.32651858,  0.        ]]]), 'num': array([7.06103965e-01, 7.06103965e-01, 0.00000000e+00, 2.00024581e-04,
       2.00597717e-04, 1.92573809e-04, 5.32363990e-02, 2.63642714e-06,
       1.82326131e-04, 1.70502328e-04, 1.66404404e-04, 8.70359680e-07,
       1.91759735e-04, 1.49244922e-04])}
{'img': array([[[ 0.        ,  0.22201577,  0.23866358, ...,  0.43007492,
          0.99325401,  0.81694218],
        [-0.22201577,  0.        ,  0.01710725, ...,  0.21890724,
          0.99421015,  0.92459466],
        [-0.23866358, -0.01710725,  0.        , ...,  0.20218289,
          0.99222643,  0.9309764 ],
        ...,
        [-0.43007492, -0.21890724, -0.20218289, ...,  0.        ,
          0.94657399,  0.98556247],
        [-0.99325401, -0.99421015, -0.99222643, ..., -0.94657399,
          0.        ,  0.4780973 ],
        [-0.81694218, -0.92459466, -0.9309764 , ..., -0.98556247,
         -0.4780973 ,  0.        ]],

       [[ 0.        ,  0.07781825,  0.1170951 , ...,  0.29078957,
          0.37511303,  0.67716934],
        [-0.07781825,  0.        ,  0.0394571 , ...,  0.21545228,
          0.44611141,  0.61785508],
        [-0.1170951 , -0.0394571 ,  0.        , ...,  0.17675407,
          0.48107722,  0.58634913],
        ...,
        [-0.29078957, -0.21545228, -0.17675407, ...,  0.        ,
          0.62845913,  0.43393596],
        [-0.37511303, -0.44611141, -0.48107722, ..., -0.62845913,
          0.        , -0.90374018],
        [-0.67716934, -0.61785508, -0.58634913, ..., -0.43393596,
          0.90374018,  0.        ]],

       [[ 0.        ,  0.08781222,  0.18263761, ...,  0.32836053,
          0.75961614,  0.9083974 ],
        [-0.08781222,  0.        ,  0.09559685, ...,  0.24414885,
          0.6995712 ,  0.94160328],
        [-0.18263761, -0.09559685,  0.        , ...,  0.1503268 ,
          0.62805729,  0.96948065],
        ...,
        [-0.32836053, -0.24414885, -0.1503268 , ...,  0.        ,
          0.50394091,  0.99531912],
        [-0.75961614, -0.6995712 , -0.62805729, ..., -0.50394091,
          0.        ,  0.9083974 ],
        [-0.9083974 , -0.94160328, -0.96948065, ..., -0.99531912,
         -0.9083974 ,  0.        ]],

       ...,

       [[ 0.        , -0.2966223 , -0.39734789, ..., -0.9542745 ,
         -0.81952465, -0.74135971],
        [ 0.2966223 ,  0.        , -0.10726439, ..., -0.99999707,
         -0.61266423, -0.50892917],
        [ 0.39734789,  0.10726439,  0.        , ..., -0.99448711,
         -0.52435379, -0.41365882],
        ...,
        [ 0.9542745 ,  0.99999707,  0.99448711, ...,  0.        ,
          0.79182313,  0.86203707],
        [ 0.81952465,  0.61266423,  0.52435379, ..., -0.79182313,
          0.        ,  0.12515776],
        [ 0.74135971,  0.50892917,  0.41365882, ..., -0.86203707,
         -0.12515776,  0.        ]],

       [[ 0.        ,  0.14792151,  0.26802765, ..., -0.20256858,
          0.48619082,  0.9985135 ],
        [-0.14792151,  0.        ,  0.12256986, ..., -0.34519496,
          0.35158067,  0.99559141],
        [-0.26802765, -0.12256986,  0.        , ..., -0.45762777,
          0.23418501,  0.97658794],
        ...,
        [ 0.20256858,  0.34519496,  0.45762777, ...,  0.        ,
          0.65312624,  0.9667714 ],
        [-0.48619082, -0.35158067, -0.23418501, ..., -0.65312624,
          0.        ,  0.8990535 ],
        [-0.9985135 , -0.99559141, -0.97658794, ..., -0.9667714 ,
         -0.8990535 ,  0.        ]],

       [[ 0.        ,  0.37900181,  0.56025286, ...,  0.67338325,
          0.8816706 ,  0.95700075],
        [-0.37900181,  0.        ,  0.20452031, ...,  0.90333972,
          0.99473223,  0.99554751],
        [-0.56025286, -0.20452031,  0.        , ...,  0.97196926,
          0.99467077,  0.95522563],
        ...,
        [-0.67338325, -0.90333972, -0.97196926, ...,  0.        ,
         -0.33406717, -0.51216584],
        [-0.8816706 , -0.99473223, -0.99467077, ...,  0.33406717,
          0.        , -0.19581573],
        [-0.95700075, -0.99554751, -0.95522563, ...,  0.51216584,
          0.19581573,  0.        ]]]), 'num': array([ 9.07350366e-01,  4.18462446e-01,  2.83413287e-05,  2.55694519e-04,
        2.60882524e-04,  2.52285259e-04,  4.00504627e-02, -2.96457413e-06,
        2.43510119e-04,  2.22595049e-04,  2.15870407e-04,  1.24217577e-06,
        2.53833854e-04,  1.91356244e-04])}
{'img': array([[[ 0.        ,  0.01710725,  0.        , ...,  0.99421015,
          0.92459466,  0.99730932],
        [-0.01710725,  0.        , -0.01710725, ...,  0.99222643,
          0.9309764 ,  0.99590928],
        [ 0.        ,  0.01710725,  0.        , ...,  0.99421015,
          0.92459466,  0.99730932],
        ...,
        [-0.99421015, -0.99222643, -0.99421015, ...,  0.        ,
          0.4780973 ,  0.03428011],
        [-0.92459466, -0.9309764 , -0.92459466, ..., -0.4780973 ,
          0.        , -0.44770785],
        [-0.99730932, -0.99590928, -0.99730932, ..., -0.03428011,
          0.44770785,  0.        ]],

       [[ 0.        ,  0.0394571 , -0.09501671, ...,  0.44611141,
          0.61785508,  0.35486397],
        [-0.0394571 ,  0.        , -0.1342213 , ...,  0.48107722,
          0.58634913,  0.31769847],
        [ 0.09501671,  0.1342213 ,  0.        , ...,  0.35905525,
          0.68977058,  0.44209128],
        ...,
        [-0.44611141, -0.48107722, -0.35905525, ...,  0.        ,
         -0.90374018, -0.73467281],
        [-0.61785508, -0.58634913, -0.68977058, ...,  0.90374018,
          0.        , -0.2986171 ],
        [-0.35486397, -0.31769847, -0.44209128, ...,  0.73467281,
          0.2986171 ,  0.        ]],

       [[ 0.        ,  0.08050267,  0.13404301, ...,  0.57846207,
          0.8979863 ,  0.87950792],
        [-0.08050267,  0.        ,  0.05383178, ...,  0.51091784,
          0.85964873,  0.91496334],
        [-0.13404301, -0.05383178,  0.        , ...,  0.46390162,
          0.83090037,  0.93535977],
        ...,
        [-0.57846207, -0.51091784, -0.46390162, ...,  0.        ,
          0.4779589 ,  0.99270376],
        [-0.8979863 , -0.85964873, -0.83090037, ..., -0.4779589 ,
          0.        ,  0.81434161],
        [-0.87950792, -0.91496334, -0.93535977, ..., -0.99270376,
         -0.81434161,  0.        ]],

       ...,

       [[ 0.        , -0.17239537, -0.51235936, ..., -0.71035789,
         -0.61153836,  0.13443827],
        [ 0.17239537,  0.        , -0.35664006, ..., -0.57838342,
         -0.46598054,  0.3032558 ],
        [ 0.51235936,  0.35664006,  0.        , ..., -0.24941551,
         -0.1197852 ,  0.62315985],
        ...,
        [ 0.71035789,  0.57838342,  0.24941551, ...,  0.        ,
          0.13162011,  0.79853236],
        [ 0.61153836,  0.46598054,  0.1197852 , ..., -0.13162011,
          0.        ,  0.71235634],
        [-0.13443827, -0.3032558 , -0.62315985, ..., -0.79853236,
         -0.71235634,  0.        ]],

       [[ 0.        ,  0.10144276,  0.14452433, ...,  0.28537521,
          0.73372025,  0.99639972],
        [-0.10144276,  0.        ,  0.04340104, ...,  0.18667871,
          0.6610098 ,  0.99985996],
        [-0.14452433, -0.04340104,  0.        , ...,  0.14386471,
          0.6278198 ,  0.99819149],
        ...,
        [-0.28537521, -0.18667871, -0.14386471, ...,  0.        ,
          0.50931046,  0.97915932],
        [-0.73372025, -0.6610098 , -0.6278198 , ..., -0.50931046,
          0.        ,  0.73921002],
        [-0.99639972, -0.99985996, -0.99819149, ..., -0.97915932,
         -0.73921002,  0.        ]],

       [[ 0.        ,  0.43761113,  0.68479623, ...,  0.89232093,
          0.96491074,  0.98269533],
        [-0.43761113,  0.        ,  0.29684197, ...,  0.9998815 ,
          0.98252042,  0.96466299],
        [-0.68479623, -0.29684197,  0.        , ...,  0.95938322,
          0.88297634,  0.84296841],
        ...,
        [-0.89232093, -0.9998815 , -0.95938322, ...,  0.        ,
         -0.20125827, -0.27830624],
        [-0.96491074, -0.98252042, -0.88297634, ...,  0.20125827,
          0.        , -0.07930455],
        [-0.98269533, -0.96466299, -0.84296841, ...,  0.27830624,
          0.07930455,  0.        ]]]), 'num': array([7.29957394e-01, 6.82273816e-01, 2.75627620e-06, 2.06422417e-04,
       2.11075870e-04, 2.03797392e-04, 4.07963600e-02, 5.96596581e-07,
       2.01554189e-04, 1.80691207e-04, 1.74257907e-04, 1.01279679e-06,
       2.08438146e-04, 1.52944267e-04])}
{'img': array([[[ 0.        , -0.01710725,  0.10032083, ...,  0.9309764 ,
          0.99590928,  0.99962534],
        [ 0.01710725,  0.        ,  0.11732709, ...,  0.92459466,
          0.99730932,  0.9999473 ],
        [-0.10032083, -0.11732709,  0.        , ...,  0.96290482,
          0.98182018,  0.99183646],
        ...,
        [-0.9309764 , -0.92459466, -0.96290482, ...,  0.        ,
         -0.44770785, -0.39042457],
        [-0.99590928, -0.99730932, -0.98182018, ...,  0.44770785,
          0.        ,  0.06306568],
        [-0.99962534, -0.9999473 , -0.99183646, ...,  0.39042457,
         -0.06306568,  0.        ]],

       [[ 0.        , -0.1342213 ,  0.36401676, ...,  0.58634913,
          0.31769847,  0.42847983],
        [ 0.1342213 ,  0.        ,  0.48573561, ...,  0.68977058,
          0.44209128,  0.54587852],
        [-0.36401676, -0.48573561,  0.        , ...,  0.25124627,
         -0.04925576,  0.07017502],
        ...,
        [-0.58634913, -0.68977058, -0.25124627, ...,  0.        ,
         -0.2986171 , -0.18270284],
        [-0.31769847, -0.44209128,  0.04925576, ...,  0.2986171 ,
          0.        ,  0.11922417],
        [-0.42847983, -0.54587852, -0.07017502, ...,  0.18270284,
         -0.11922417,  0.        ]],

       [[ 0.        ,  0.04776236,  0.1001959 , ...,  0.75710638,
          0.95684696,  0.8675844 ],
        [-0.04776236,  0.        ,  0.05255954, ...,  0.72503957,
          0.94187557,  0.89034599],
        [-0.1001959 , -0.05255954,  0.        , ...,  0.68783928,
          0.9229157 ,  0.91304489],
        ...,
        [-0.75710638, -0.72503957, -0.68783928, ...,  0.        ,
          0.4050908 ,  0.94328702],
        [-0.95684696, -0.94187557, -0.9229157 , ..., -0.4050908 ,
          0.        ,  0.72794375],
        [-0.8675844 , -0.89034599, -0.91304489, ..., -0.94328702,
         -0.72794375,  0.        ]],

       ...,

       [[ 0.        , -0.30492637, -0.47992851, ..., -0.40897874,
          0.13382866,  0.40624135],
        [ 0.30492637,  0.        , -0.18955813, ..., -0.1112428 ,
          0.4296386 ,  0.66552578],
        [ 0.47992851,  0.18955813,  0.        , ...,  0.07915569,
          0.59302021,  0.79494089],
        ...,
        [ 0.40897874,  0.1112428 , -0.07915569, ...,  0.        ,
          0.52742429,  0.74442386],
        [-0.13382866, -0.4296386 , -0.59302021, ..., -0.52742429,
          0.        ,  0.28029894],
        [-0.40624135, -0.66552578, -0.79494089, ..., -0.74442386,
         -0.28029894,  0.        ]],

       [[ 0.        ,  0.03812959,  0.04489711, ...,  0.5595593 ,
          0.81899505,  0.99394902],
        [-0.03812959,  0.        ,  0.00677333, ...,  0.52755096,
          0.7965207 ,  0.99741447],
        [-0.04489711, -0.00677333,  0.        , ...,  0.52178476,
          0.7924072 ,  0.99787834],
        ...,
        [-0.5595593 , -0.52755096, -0.52178476, ...,  0.        ,
          0.35769971,  0.88523863],
        [-0.81899505, -0.7965207 , -0.7924072 , ..., -0.35769971,
          0.        ,  0.66028886],
        [-0.99394902, -0.99741447, -0.99787834, ..., -0.88523863,
         -0.66028886,  0.        ]],

       [[ 0.        ,  0.57161588,  0.81377016, ...,  0.97472115,
          0.98987107,  0.99721782],
        [-0.57161588,  0.        ,  0.33550016, ...,  0.92749272,
          0.89336221,  0.86084836],
        [-0.81377016, -0.33550016,  0.        , ...,  0.74831159,
          0.69083035,  0.64023057],
        ...,
        [-0.97472115, -0.92749272, -0.74831159, ...,  0.        ,
         -0.0827814 , -0.15014481],
        [-0.98987107, -0.89336221, -0.69083035, ...,  0.0827814 ,
          0.        , -0.06778648],
        [-0.99721782, -0.86084836, -0.64023057, ...,  0.15014481,
          0.06778648,  0.        ]]]), 'num': array([ 7.42532194e-01,  6.66329716e-01,  4.88477420e-06,  1.91463511e-04,
        2.12941790e-04,  1.90113448e-04,  6.81934851e-02, -2.08646134e-05,
        2.08204295e-04,  1.86008028e-04,  1.79392719e-04,  7.81751651e-07,
        2.14632408e-04,  1.57383649e-04])}
{'img': array([[[ 0.        ,  0.11732709, -0.23468518, ...,  0.99730932,
          0.9999473 ,  0.4004352 ],
        [-0.11732709,  0.        , -0.34711459, ...,  0.98182018,
          0.99183646,  0.29015977],
        [ 0.23468518,  0.34711459,  0.        , ...,  0.98666028,
          0.97442958,  0.60429953],
        ...,
        [-0.99730932, -0.98182018, -0.98666028, ...,  0.        ,
          0.06306568, -0.88450431],
        [-0.9999473 , -0.99183646, -0.97442958, ..., -0.06306568,
          0.        , -0.91216576],
        [-0.4004352 , -0.29015977, -0.60429953, ...,  0.88450431,
          0.91216576,  0.        ]],

       [[ 0.        ,  0.48573561,  0.10906548, ...,  0.44209128,
          0.54587852,  0.77566793],
        [-0.48573561,  0.        , -0.38750322, ..., -0.04925576,
          0.07017502,  0.37144805],
        [-0.10906548,  0.38750322,  0.        , ...,  0.34162554,
          0.45124003,  0.70220501],
        ...,
        [-0.44209128,  0.04925576, -0.34162554, ...,  0.        ,
          0.11922417,  0.41672888],
        [-0.54587852, -0.07017502, -0.45124003, ..., -0.11922417,
          0.        ,  0.30537806],
        [-0.77566793, -0.37144805, -0.70220501, ..., -0.41672888,
         -0.30537806,  0.        ]],

       [[ 0.        ,  0.05168709,  0.04877079, ...,  0.92799495,
          0.98429366,  0.88359392],
        [-0.05168709,  0.        , -0.00291998, ...,  0.90749629,
          0.99210276,  0.90661553],
        [-0.04877079,  0.00291998,  0.        , ...,  0.90871899,
          0.99173229,  0.90537956],
        ...,
        [-0.92799495, -0.90749629, -0.90871899, ...,  0.        ,
          0.53056795,  0.76375803],
        [-0.98429366, -0.99210276, -0.99173229, ..., -0.53056795,
          0.        ,  0.30491068],
        [-0.88359392, -0.90661553, -0.90537956, ..., -0.76375803,
         -0.30491068,  0.        ]],

       ...,

       [[ 0.        , -0.18955813, -0.79793463, ...,  0.4296386 ,
          0.66552578, -0.5870243 ],
        [ 0.18955813,  0.        , -0.66921265, ...,  0.59302021,
          0.79494089, -0.4229208 ],
        [ 0.79793463,  0.66921265,  0.        , ...,  0.9794978 ,
          0.99670002,  0.29215802],
        ...,
        [-0.4296386 , -0.59302021, -0.9794978 , ...,  0.        ,
          0.28029894, -0.87790571],
        [-0.66552578, -0.79494089, -0.99670002, ..., -0.28029894,
          0.        , -0.97692943],
        [ 0.5870243 ,  0.4229208 , -0.29215802, ...,  0.87790571,
          0.97692943,  0.        ]],

       [[ 0.        ,  0.00673063, -0.09278056, ...,  0.78954892,
          0.99627604,  0.99694308],
        [-0.00673063,  0.        , -0.09948006, ...,  0.78540053,
          0.99567315,  0.99744637],
        [ 0.09278056,  0.09948006,  0.        , ...,  0.84308154,
          0.99997831,  0.98539377],
        ...,
        [-0.78954892, -0.78540053, -0.84308154, ...,  0.        ,
          0.5433266 ,  0.67350014],
        [-0.99627604, -0.99567315, -0.99997831, ..., -0.5433266 ,
          0.        ,  0.16379777],
        [-0.99694308, -0.99744637, -0.98539377, ..., -0.67350014,
         -0.16379777,  0.        ]],

       [[ 0.        ,  0.67581602,  0.91492218, ...,  0.99835246,
          0.99986063,  0.99992196],
        [-0.67581602,  0.        ,  0.40158221, ...,  0.77463369,
          0.72568509,  0.72856986],
        [-0.91492218, -0.40158221,  0.        , ...,  0.45546265,
          0.38829968,  0.39216866],
        ...,
        [-0.99835246, -0.77463369, -0.45546265, ...,  0.        ,
         -0.07403825, -0.06984699],
        [-0.99986063, -0.72568509, -0.38829968, ...,  0.07403825,
          0.        ,  0.00420214],
        [-0.99992196, -0.72856986, -0.39216866, ...,  0.06984699,
         -0.00420214,  0.        ]]]), 'num': array([ 8.88476991e-01,  4.57067860e-01,  2.87606087e-05,  2.24575289e-04,
        2.33708018e-04,  2.23676988e-04,  4.11969145e-02, -8.98301157e-06,
        2.47332252e-04,  2.26716240e-04,  2.18873572e-04,  8.98301157e-07,
        2.61641702e-04,  1.91790779e-04])}
{'img': array([[[ 0.        , -0.34711459, -0.23300146, ...,  0.99183646,
          0.29015977, -0.02758079],
        [ 0.34711459,  0.        ,  0.11904668, ...,  0.97442958,
          0.60429953,  0.32111665],
        [ 0.23300146, -0.11904668,  0.        , ...,  0.99424905,
          0.50515084,  0.20609114],
        ...,
        [-0.99183646, -0.97442958, -0.99424905, ...,  0.        ,
         -0.91216576, -0.99497615],
        [-0.29015977, -0.60429953, -0.50515084, ...,  0.91216576,
          0.        , -0.3164436 ],
        [ 0.02758079, -0.32111665, -0.20609114, ...,  0.99497615,
          0.3164436 ,  0.        ]],

       [[ 0.        , -0.38750322, -0.4027328 , ...,  0.07017502,
          0.37144805, -0.04057724],
        [ 0.38750322,  0.        , -0.01657811, ...,  0.45124003,
          0.70220501,  0.3497772 ],
        [ 0.4027328 ,  0.01657811,  0.        , ...,  0.46597237,
          0.71391171,  0.36526005],
        ...,
        [-0.07017502, -0.45124003, -0.46597237, ...,  0.        ,
          0.30537806, -0.11059443],
        [-0.37144805, -0.70220501, -0.71391171, ..., -0.30537806,
          0.        , -0.40881622],
        [ 0.04057724, -0.3497772 , -0.36526005, ...,  0.11059443,
          0.40881622,  0.        ]],

       [[ 0.        , -0.00291998, -0.03234145, ...,  0.99210276,
          0.90661553,  0.93907562],
        [ 0.00291998,  0.        , -0.02942286, ...,  0.99173229,
          0.90537956,  0.94007524],
        [ 0.03234145,  0.02942286,  0.        , ...,  0.98752726,
          0.89249454,  0.94970047],
        ...,
        [-0.99210276, -0.99173229, -0.98752726, ...,  0.        ,
          0.30491068, -0.45878234],
        [-0.90661553, -0.90537956, -0.89249454, ..., -0.30491068,
          0.        , -0.70786355],
        [-0.93907562, -0.94007524, -0.94970047, ...,  0.45878234,
          0.70786355,  0.        ]],

       ...,

       [[ 0.        , -0.66921265, -0.66042441, ...,  0.79494089,
         -0.4229208 , -0.54418867],
        [ 0.66921265,  0.        ,  0.01176459, ...,  0.99670002,
          0.29215802,  0.15707378],
        [ 0.66042441, -0.01176459,  0.        , ...,  0.99758601,
          0.28088649,  0.14544435],
        ...,
        [-0.79494089, -0.99670002, -0.99758601, ...,  0.        ,
         -0.97692943, -0.99707802],
        [ 0.4229208 , -0.29215802, -0.28088649, ...,  0.97692943,
          0.        , -0.13831077],
        [ 0.54418867, -0.15707378, -0.14544435, ...,  0.99707802,
          0.13831077,  0.        ]],

       [[ 0.        , -0.09948006, -0.25903282, ...,  0.99567315,
          0.99744637,  0.99821421],
        [ 0.09948006,  0.        , -0.16166325, ...,  0.99997831,
          0.98539377,  0.99920516],
        [ 0.25903282,  0.16166325,  0.        , ...,  0.98575987,
          0.94490205,  0.97961726],
        ...,
        [-0.99567315, -0.99997831, -0.98575987, ...,  0.        ,
          0.16379777,  0.03328117],
        [-0.99744637, -0.98539377, -0.94490205, ..., -0.16379777,
          0.        , -0.13087536],
        [-0.99821421, -0.99920516, -0.97961726, ..., -0.03328117,
          0.13087536,  0.        ]],

       [[ 0.        ,  0.78767643,  0.99004528, ...,  0.98534288,
          0.98616817,  0.98405066],
        [-0.78767643,  0.        ,  0.49909132, ...,  0.47269287,
          0.47701185,  0.46614442],
        [-0.99004528, -0.49909132,  0.        , ..., -0.03020115,
         -0.02529546, -0.03761324],
        ...,
        [-0.98534288, -0.47269287,  0.03020115, ...,  0.        ,
          0.00490756, -0.00741631],
        [-0.98616817, -0.47701185,  0.02529546, ..., -0.00490756,
          0.        , -0.01232364],
        [-0.98405066, -0.46614442,  0.03761324, ...,  0.00741631,
          0.01232364,  0.        ]]]), 'num': array([ 9.04703352e-01,  4.24912217e-01,  3.26388527e-05,  2.26530281e-04,
        2.33002574e-04,  2.26222076e-04,  3.10002991e-02, -4.62306695e-06,
        2.46101264e-04,  2.33202907e-04,  2.25194728e-04,  8.27902640e-07,
        2.69240577e-04,  1.97165238e-04])}
{'img': array([[[ 0.        ,  0.11904668,  0.27853302, ...,  0.60429953,
          0.32111665,  0.15469516],
        [-0.11904668,  0.        ,  0.16221666, ...,  0.50515084,
          0.20609114,  0.03598144],
        [-0.27853302, -0.16221666,  0.        , ...,  0.35846218,
          0.04462717, -0.12660675],
        ...,
        [-0.60429953, -0.50515084, -0.35846218, ...,  0.        ,
         -0.3164436 , -0.47377063],
        [-0.32111665, -0.20609114, -0.04462717, ...,  0.3164436 ,
          0.        , -0.17074867],
        [-0.15469516, -0.03598144,  0.12660675, ...,  0.47377063,
          0.17074867,  0.        ]],

       [[ 0.        , -0.01657811,  0.1769826 , ...,  0.70220501,
          0.3497772 ,  0.21774546],
        [ 0.01657811,  0.        ,  0.19327469, ...,  0.71391171,
          0.36526005,  0.23389587],
        [-0.1769826 , -0.19327469,  0.        , ...,  0.56511284,
          0.17845248,  0.04157212],
        ...,
        [-0.70220501, -0.71391171, -0.56511284, ...,  0.        ,
         -0.40881622, -0.53032674],
        [-0.3497772 , -0.36526005, -0.17845248, ...,  0.40881622,
          0.        , -0.13739339],
        [-0.21774546, -0.23389587, -0.04157212, ...,  0.53032674,
          0.13739339,  0.        ]],

       [[ 0.        , -0.02942286, -0.02202867, ...,  0.90537956,
          0.94007524,  0.70908425],
        [ 0.02942286,  0.        ,  0.00739659, ...,  0.89249454,
          0.94970047,  0.72952401],
        [ 0.02202867, -0.00739659,  0.        , ...,  0.89580642,
          0.94735817,  0.72444512],
        ...,
        [-0.90537956, -0.89249454, -0.89580642, ...,  0.        ,
         -0.70786355, -0.93948407],
        [-0.94007524, -0.94970047, -0.94735817, ...,  0.70786355,
          0.        , -0.42109502],
        [-0.70908425, -0.72952401, -0.72444512, ...,  0.93948407,
          0.42109502,  0.        ]],

       ...,

       [[ 0.        ,  0.01176459,  0.        , ...,  0.29215802,
          0.15707378, -0.07588228],
        [-0.01176459,  0.        , -0.01176459, ...,  0.28088649,
          0.14544435, -0.0876077 ],
        [ 0.        ,  0.01176459,  0.        , ...,  0.29215802,
          0.15707378, -0.07588228],
        ...,
        [-0.29215802, -0.28088649, -0.29215802, ...,  0.        ,
         -0.13831077, -0.3638872 ],
        [-0.15707378, -0.14544435, -0.15707378, ...,  0.13831077,
          0.        , -0.23156124],
        [ 0.07588228,  0.0876077 ,  0.07588228, ...,  0.3638872 ,
          0.23156124,  0.        ]],

       [[ 0.        , -0.16166325, -0.26376506, ...,  0.98539377,
          0.99920516,  0.9998289 ],
        [ 0.16166325,  0.        , -0.10435723, ...,  0.94490205,
          0.97961726,  0.98368672],
        [ 0.26376506,  0.10435723,  0.        , ...,  0.9055811 ,
          0.95330586,  0.95954284],
        ...,
        [-0.98539377, -0.94490205, -0.9055811 , ...,  0.        ,
         -0.13087536, -0.15203449],
        [-0.99920516, -0.97961726, -0.95330586, ...,  0.13087536,
          0.        , -0.02137286],
        [-0.9998289 , -0.98368672, -0.95954284, ...,  0.15203449,
          0.02137286,  0.        ]],

       [[ 0.        ,  0.91130116,  0.99935758, ...,  0.89668083,
          0.88910551,  0.87948751],
        [-0.91130116,  0.        ,  0.44413606, ..., -0.03421286,
         -0.05102392, -0.07158766],
        [-0.99935758, -0.44413606,  0.        , ..., -0.47452938,
         -0.4892729 , -0.50713618],
        ...,
        [-0.89668083,  0.03421286,  0.47452938, ...,  0.        ,
         -0.01682575, -0.03742066],
        [-0.88910551,  0.05102392,  0.4892729 , ...,  0.01682575,
          0.        , -0.0206014 ],
        [-0.87948751,  0.07158766,  0.50713618, ...,  0.03742066,
          0.0206014 ,  0.        ]]]), 'num': array([7.95418851e-01, 6.05761961e-01, 1.27457588e-05, 2.01120775e-04,
       2.03959173e-04, 1.98012053e-04, 1.89991146e-02, 2.43291260e-06,
       2.09446742e-04, 2.04594433e-04, 1.97613326e-04, 7.06728424e-07,
       2.36175487e-04, 1.73013380e-04])}
{'img': array([[[ 0.        ,  0.16221666, -0.11904668, ...,  0.20609114,
          0.03598144,  0.13988976],
        [-0.16221666,  0.        , -0.27853302, ...,  0.04462717,
         -0.12660675, -0.02258466],
        [ 0.11904668,  0.27853302,  0.        , ...,  0.32111665,
          0.15469516,  0.25677107],
        ...,
        [-0.20609114, -0.04462717, -0.32111665, ...,  0.        ,
         -0.17074867, -0.06717795],
        [-0.03598144,  0.12660675, -0.15469516, ...,  0.17074867,
          0.        ,  0.10417154],
        [-0.13988976,  0.02258466, -0.25677107, ...,  0.06717795,
         -0.10417154,  0.        ]],

       [[ 0.        ,  0.19327469,  0.05890829, ...,  0.36526005,
          0.23389587,  0.10316827],
        [-0.19327469,  0.        , -0.1351415 , ...,  0.17845248,
          0.04157212, -0.09102036],
        [-0.05890829,  0.1351415 ,  0.        , ...,  0.30978769,
          0.17621541,  0.04439516],
        ...,
        [-0.36526005, -0.17845248, -0.30978769, ...,  0.        ,
         -0.13739339, -0.26727108],
        [-0.23389587, -0.04157212, -0.17621541, ...,  0.13739339,
          0.        , -0.13234122],
        [-0.10316827,  0.09102036, -0.04439516, ...,  0.26727108,
          0.13234122,  0.        ]],

       [[ 0.        ,  0.00739659, -0.05104981, ...,  0.94970047,
          0.72952401,  0.47683924],
        [-0.00739659,  0.        , -0.05843536, ...,  0.94735817,
          0.72444512,  0.47032466],
        [ 0.05104981,  0.05843536,  0.        , ...,  0.9644489 ,
          0.76348857,  0.52108979],
        ...,
        [-0.94970047, -0.94735817, -0.9644489 , ...,  0.        ,
         -0.42109502, -0.68545086],
        [-0.72952401, -0.72444512, -0.76348857, ...,  0.42109502,
          0.        , -0.31510802],
        [-0.47683924, -0.47032466, -0.52108979, ...,  0.68545086,
          0.31510802,  0.        ]],

       ...,

       [[ 0.        , -0.01176459, -0.0979438 , ...,  0.14544435,
         -0.0876077 , -0.14149965],
        [ 0.01176459,  0.        , -0.086229  , ...,  0.15707378,
         -0.07588228, -0.12984363],
        [ 0.0979438 ,  0.086229  ,  0.        , ...,  0.24164735,
          0.01038074, -0.04386099],
        ...,
        [-0.14544435, -0.15707378, -0.24164735, ...,  0.        ,
         -0.23156124, -0.28397593],
        [ 0.0876077 ,  0.07588228, -0.01038074, ...,  0.23156124,
          0.        , -0.05422937],
        [ 0.14149965,  0.12984363,  0.04386099, ...,  0.28397593,
          0.05422937,  0.        ]],

       [[ 0.        , -0.10435723, -0.29957389, ...,  0.97961726,
          0.98368672,  0.98190365],
        [ 0.10435723,  0.        , -0.19837375, ...,  0.95330586,
          0.95954284,  0.95677905],
        [ 0.29957389,  0.19837375,  0.        , ...,  0.87445012,
          0.88461867,  0.88007422],
        ...,
        [-0.97961726, -0.95330586, -0.87445012, ...,  0.        ,
         -0.02137286, -0.01171707],
        [-0.98368672, -0.95954284, -0.88461867, ...,  0.02137286,
          0.        ,  0.00965699],
        [-0.98190365, -0.95677905, -0.88007422, ...,  0.01171707,
         -0.00965699,  0.        ]],

       [[ 0.        ,  0.74405087,  0.99810869, ..., -0.19619471,
         -0.40789559, -0.27907991],
        [-0.74405087,  0.        ,  0.62111964, ..., -0.8606724 ,
         -0.95186412, -0.90094785],
        [-0.99810869, -0.62111964,  0.        , ..., -0.99077126,
         -0.93637669, -0.97560785],
        ...,
        [ 0.19619471,  0.8606724 ,  0.99077126, ...,  0.        ,
         -0.22083675, -0.08525651],
        [ 0.40789559,  0.95186412,  0.93637669, ...,  0.22083675,
          0.        ,  0.1368811 ],
        [ 0.27907991,  0.90094785,  0.97560785, ...,  0.08525651,
         -0.1368811 ,  0.        ]]]), 'num': array([8.17446380e-01, 5.75738326e-01, 1.61569555e-05, 2.07474725e-04,
       2.09832392e-04, 2.05394430e-04, 1.75056244e-02, 1.10949051e-06,
       2.08417792e-04, 2.10511955e-04, 2.02840291e-04, 7.36069754e-07,
       2.42294295e-04, 1.78729615e-04])}
{'img': array([[[ 0.        , -0.27853302, -0.13250743, ..., -0.12660675,
         -0.02258466,  0.02240254],
        [ 0.27853302,  0.        ,  0.14881325, ...,  0.15469516,
          0.25677107,  0.29997911],
        [ 0.13250743, -0.14881325,  0.        , ...,  0.00595081,
          0.11008812,  0.15467917],
        ...,
        [ 0.12660675, -0.15469516, -0.00595081, ...,  0.        ,
          0.10417154,  0.14879724],
        [ 0.02258466, -0.25677107, -0.11008812, ..., -0.10417154,
          0.        ,  0.04497582],
        [-0.02240254, -0.29997911, -0.15467917, ..., -0.14879724,
         -0.04497582,  0.        ]],

       [[ 0.        , -0.1351415 , -0.22121543, ...,  0.04157212,
         -0.09102036, -0.12643324],
        [ 0.1351415 ,  0.        , -0.08739271, ...,  0.17621541,
          0.04439516,  0.00878362],
        [ 0.22121543,  0.08739271,  0.        , ...,  0.26156636,
          0.13153185,  0.09613935],
        ...,
        [-0.04157212, -0.17621541, -0.26156636, ...,  0.        ,
         -0.13234122, -0.16756244],
        [ 0.09102036, -0.04439516, -0.13153185, ...,  0.13234122,
          0.        , -0.03561849],
        [ 0.12643324, -0.00878362, -0.09613935, ...,  0.16756244,
          0.03561849,  0.        ]],

       [[ 0.        , -0.05843536, -0.11397853, ...,  0.72444512,
          0.47032466,  0.17540678],
        [ 0.05843536,  0.        , -0.05572921, ...,  0.76348857,
          0.52108979,  0.23263642],
        [ 0.11397853,  0.05572921,  0.        , ...,  0.79829317,
          0.56784496,  0.2864751 ],
        ...,
        [-0.72444512, -0.76348857, -0.79829317, ...,  0.        ,
         -0.31510802, -0.59229976],
        [-0.47032466, -0.52108979, -0.56784496, ...,  0.31510802,
          0.        , -0.30823743],
        [-0.17540678, -0.23263642, -0.2864751 , ...,  0.59229976,
          0.30823743,  0.        ]],

       ...,

       [[ 0.        , -0.086229  ,  0.04650277, ..., -0.07588228,
         -0.12984363, -0.10025927],
        [ 0.086229  ,  0.        ,  0.13246527, ...,  0.01038074,
         -0.04386099, -0.01409132],
        [-0.04650277, -0.13246527,  0.        , ..., -0.12216888,
         -0.17581226, -0.14641927],
        ...,
        [ 0.07588228, -0.01038074,  0.12216888, ...,  0.        ,
         -0.05422937, -0.02447027],
        [ 0.12984363,  0.04386099,  0.17581226, ...,  0.05422937,
          0.        ,  0.02977887],
        [ 0.10025927,  0.01409132,  0.14641927, ...,  0.02447027,
         -0.02977887,  0.        ]],

       [[ 0.        , -0.19837375, -0.3398443 , ...,  0.95954284,
          0.95677905,  0.96069578],
        [ 0.19837375,  0.        , -0.1465235 , ...,  0.88461867,
          0.88007422,  0.88653412],
        [ 0.3398443 ,  0.1465235 ,  0.        , ...,  0.80674502,
          0.80100109,  0.80917489],
        ...,
        [-0.95954284, -0.88461867, -0.80674502, ...,  0.        ,
          0.00965699, -0.00412375],
        [-0.95677905, -0.88007422, -0.80100109, ..., -0.00965699,
          0.        , -0.01378047],
        [-0.96069578, -0.88653412, -0.80917489, ...,  0.00412375,
          0.01378047,  0.        ]],

       [[ 0.        ,  0.62111964,  0.95684693, ..., -0.95186412,
         -0.90094785, -0.65451184],
        [-0.62111964,  0.        ,  0.56940336, ..., -0.93637669,
         -0.97560785, -0.98254984],
        [-0.95684693, -0.56940336,  0.        , ..., -0.5698975 ,
         -0.6770107 , -0.91362198],
        ...,
        [ 0.95186412,  0.93637669,  0.5698975 , ...,  0.        ,
          0.1368811 ,  0.51903738],
        [ 0.90094785,  0.97560785,  0.6770107 , ..., -0.1368811 ,
          0.        ,  0.3971526 ],
        [ 0.65451184,  0.98254984,  0.91362198, ..., -0.51903738,
         -0.3971526 ,  0.        ]]]), 'num': array([ 7.67075162e-01,  6.41365147e-01,  8.42560424e-06,  1.94296778e-04,
        1.96380389e-04,  1.90129555e-04,  1.56888137e-02, -5.20902889e-07,
        1.93932146e-04,  1.98223083e-04,  1.90465971e-04,  6.75639181e-07,
        2.27377278e-04,  1.69068889e-04])}
{'img': array([[[ 0.        ,  0.14881325, -0.22051589, ...,  0.25677107,
          0.29997911,  0.27853302],
        [-0.14881325,  0.        , -0.36321049, ...,  0.11008812,
          0.15467917,  0.13250743],
        [ 0.22051589,  0.36321049,  0.        , ...,  0.46357272,
          0.50295484,  0.48346581],
        ...,
        [-0.25677107, -0.11008812, -0.46357272, ...,  0.        ,
          0.04497582,  0.02258466],
        [-0.29997911, -0.15467917, -0.50295484, ..., -0.04497582,
          0.        , -0.02240254],
        [-0.27853302, -0.13250743, -0.48346581, ..., -0.02258466,
          0.02240254,  0.        ]],

       [[ 0.        , -0.08739271, -0.14445958, ...,  0.04439516,
          0.00878362, -0.00612665],
