state_0,state_1,state_2,state_3,state_4,state_5,state_6,state_7,state_8,state_9,state_10,state_11,state_12,state_13,state_14,state_15,state_16,state_17,state_18,state_19,state_20,state_21,state_22,state_23,state_24,state_25,state_26,state_27,state_28,state_29,state_30,state_31,state_32,state_33,state_34,state_35,state_36,state_37,state_38,state_39,state_40,state_41,state_42,state_43,state_44,state_45,state_46,state_47,state_48,state_49,state_50,state_51,state_52,state_53,state_54,state_55,state_56,state_57,state_58,state_59,state_60,state_61,state_62,state_63,state_64,state_65,state_66,state_67,state_68,state_69,state_70,state_71,state_72,state_73,state_74,state_75,state_76,state_77,state_78,state_79,state_80,state_81,state_82,state_83,state_84,state_85,state_86,state_87,state_88,state_89,state_90,state_91,state_92,state_93,state_94,state_95,state_96,state_97,state_98,state_99,state_100,state_101,state_102,state_103,state_104,state_105,state_106,state_107,state_108,state_109,state_110,state_111,state_112,state_113,state_114,state_115,state_116,state_117,state_118,state_119,state_120,state_121,state_122,state_123,state_124,state_125,state_126,state_127,state_128,state_129,state_130,state_131,state_132,state_133,state_134,state_135,state_136,state_137,state_138,state_139,state_140,state_141,state_142,state_143,state_144,state_145,state_146,state_147,state_148,state_149,state_150,state_151,state_152,state_153,state_154,state_155,state_156,state_157,state_158,state_159,state_160,state_161,state_162,state_163,state_164,state_165,state_166,state_167,state_168,state_169,state_170,state_171,state_172,state_173,state_174,state_175,state_176,state_177,state_178,state_179,state_180,state_181,state_182,state_183,state_184,state_185,state_186,state_187,state_188,state_189,state_190,state_191,state_192,state_193,state_194,state_195,state_196,state_197,state_198,state_199,state_200,state_201,state_202,state_203,state_204,state_205,state_206,state_207,state_208,state_209,state_210,state_211,state_212,state_213,state_214,state_215,state_216,state_217,state_218,state_219,state_220,state_221,state_222,state_223,state_224,state_225,state_226,state_227,state_228,state_229,state_230,state_231,state_232,state_233,state_234,state_235,state_236,state_237,state_238,state_239,state_240,state_241,state_242,state_243,state_244,state_245,state_246,state_247,state_248,state_249,state_250,state_251,state_252,state_253,state_254,state_255,state_256,state_257,state_258,state_259,state_260,state_261,state_262,state_263,state_264,state_265,state_266,state_267,state_268,state_269,state_270,state_271,state_272,state_273,state_274,state_275,state_276,state_277,state_278,state_279,state_280,state_281,state_282,state_283,state_284,state_285,state_286,state_287
{'img': array([[[ 0.        , -0.22152242, -0.87821782, ..., -0.99766325,
         -0.95256097, -0.98583776],
        [ 0.22152242,  0.        , -0.75045324, ..., -0.98801166,
         -0.99631472, -0.99849462],
        [ 0.87821782,  0.75045324,  0.        , ..., -0.53714576,
         -0.72285632, -0.61876639],
        ...,
        [ 0.99766325,  0.98801166,  0.53714576, ...,  0.        ,
         -0.23855484, -0.09995461],
        [ 0.95256097,  0.99631472,  0.72285632, ...,  0.23855484,
          0.        ,  0.14029133],
        [ 0.98583776,  0.99849462,  0.61876639, ...,  0.09995461,
         -0.14029133,  0.        ]],

       [[ 0.        , -0.08314625,  0.48396417, ..., -0.02282132,
         -0.04738879,  0.32021524],
        [ 0.08314625,  0.        ,  0.55504865, ...,  0.0603823 ,
          0.03582814,  0.39787461],
        [-0.48396417, -0.55504865,  0.        , ..., -0.50380879,
         -0.5248898 , -0.1782645 ],
        ...,
        [ 0.02282132, -0.0603823 ,  0.50380879, ...,  0.        ,
         -0.02458076,  0.3417515 ],
        [ 0.04738879, -0.03582814,  0.5248898 , ...,  0.02458076,
          0.        ,  0.364749  ],
        [-0.32021524, -0.39787461,  0.1782645 , ..., -0.3417515 ,
         -0.364749  ,  0.        ]],

       [[ 0.        ,  0.25111494, -0.16184861, ..., -0.97549226,
         -0.98989318, -0.99821905],
        [-0.25111494,  0.        , -0.40446668, ..., -0.88898108,
         -0.92256245, -0.95125313],
        [ 0.16184861,  0.40446668,  0.        , ..., -0.99824314,
         -0.99979459, -0.99471321],
        ...,
        [ 0.97549226,  0.88898108,  0.99824314, ...,  0.        ,
          0.07947048,  0.16144886],
        [ 0.98989318,  0.92256245,  0.99979459, ..., -0.07947048,
          0.        ,  0.08251032],
        [ 0.99821905,  0.95125313,  0.99471321, ..., -0.16144886,
         -0.08251032,  0.        ]],

       ...,

       [[ 0.        , -0.03637242, -0.37881809, ..., -0.46523299,
         -0.45867486, -0.28774406],
        [ 0.03637242,  0.        , -0.34490579, ..., -0.4327287 ,
         -0.42605066, -0.25271952],
        [ 0.37881809,  0.34490579,  0.        , ..., -0.09523439,
         -0.08787102,  0.09649804],
        ...,
        [ 0.46523299,  0.4327287 ,  0.09523439, ...,  0.        ,
          0.00739438,  0.19084939],
        [ 0.45867486,  0.42605066,  0.08787102, ..., -0.00739438,
          0.        ,  0.18358571],
        [ 0.28774406,  0.25271952, -0.09649804, ..., -0.19084939,
         -0.18358571,  0.        ]],

       [[ 0.        ,  0.0570607 ,  0.0570607 , ..., -0.96226653,
         -0.99263517, -0.99920656],
        [-0.0570607 ,  0.        ,  0.        , ..., -0.97622543,
         -0.99793033, -0.99985116],
        [-0.0570607 ,  0.        ,  0.        , ..., -0.97622543,
         -0.99793033, -0.99985116],
        ...,
        [ 0.96226653,  0.97622543,  0.97622543, ...,  0.        ,
         -0.15353359, -0.23356782],
        [ 0.99263517,  0.99793033,  0.99793033, ...,  0.15353359,
          0.        , -0.08151157],
        [ 0.99920656,  0.99985116,  0.99985116, ...,  0.23356782,
          0.08151157,  0.        ]],

       [[ 0.        ,  0.35331807,  0.35331807, ..., -0.97878368,
         -0.97444956, -0.97197891],
        [-0.35331807,  0.        ,  0.        , ..., -0.9880489 ,
         -0.99095825, -0.99234323],
        [-0.35331807,  0.        ,  0.        , ..., -0.9880489 ,
         -0.99095825, -0.99234323],
        ...,
        [ 0.97878368,  0.9880489 ,  0.9880489 , ...,  0.        ,
          0.02017995,  0.03092584],
        [ 0.97444956,  0.99095825,  0.99095825, ..., -0.02017995,
          0.        ,  0.01074924],
        [ 0.97197891,  0.99234323,  0.99234323, ..., -0.03092584,
         -0.01074924,  0.        ]]]), 'num': array([ 7.07081614e-01,  7.07081614e-01,  0.00000000e+00,  2.94315168e-03,
        2.97336884e-03,  2.90084765e-03,  1.47139453e-03, -1.20868652e-05,
        2.94798642e-03,  2.92728767e-03,  2.94592158e-03,  3.31146992e-06,
        3.03389688e-03,  2.82067845e-03])}
{'img': array([[[ 0.        , -0.86783337, -0.9754715 , ..., -0.95531258,
         -0.98756158, -0.97822501],
        [ 0.86783337,  0.        , -0.29363572, ..., -0.73118153,
         -0.62712704, -0.66615269],
        [ 0.9754715 ,  0.29363572,  0.        , ..., -0.49863585,
         -0.37076379, -0.4177889 ],
        ...,
        [ 0.95531258,  0.73118153,  0.49863585, ...,  0.        ,
          0.14171434,  0.09088843],
        [ 0.98756158,  0.62712704,  0.37076379, ..., -0.14171434,
          0.        , -0.05115665],
        [ 0.97822501,  0.66615269,  0.4177889 , ..., -0.09088843,
          0.05115665,  0.        ]],

       [[ 0.        ,  0.55504865,  0.17911062, ...,  0.03582814,
          0.39787461,  0.44186912],
        [-0.55504865,  0.        , -0.39708551, ..., -0.5248898 ,
         -0.1782645 , -0.13036814],
        [-0.17911062,  0.39708551,  0.        , ..., -0.14374686,
          0.22711735,  0.27404715],
        ...,
        [-0.03582814,  0.5248898 ,  0.14374686, ...,  0.        ,
          0.364749  ,  0.40944473],
        [-0.39787461,  0.1782645 , -0.22711735, ..., -0.364749  ,
          0.        ,  0.04846314],
        [-0.44186912,  0.13036814, -0.27404715, ..., -0.40944473,
         -0.04846314,  0.        ]],

       [[ 0.        , -0.40446668, -0.66855999, ..., -0.92256245,
         -0.95125313, -0.96105175],
        [ 0.40446668,  0.        , -0.31064841, ..., -0.99979459,
         -0.99471321, -0.99071435],
        [ 0.66855999,  0.31064841,  0.        , ..., -0.94403354,
         -0.9135986 , -0.89946294],
        ...,
        [ 0.92256245,  0.99979459,  0.94403354, ...,  0.        ,
          0.08251032,  0.11585251],
        [ 0.95125313,  0.99471321,  0.9135986 , ..., -0.08251032,
          0.        ,  0.03350274],
        [ 0.96105175,  0.99071435,  0.89946294, ..., -0.11585251,
         -0.03350274,  0.        ]],

       ...,

       [[ 0.        , -0.34490579, -0.59148681, ..., -0.42605066,
         -0.25271952, -0.26940205],
        [ 0.34490579,  0.        , -0.27708898, ..., -0.08787102,
          0.09649804,  0.07928305],
        [ 0.59148681,  0.27708898,  0.        , ...,  0.1915868 ,
          0.36851545,  0.35239542],
        ...,
        [ 0.42605066,  0.08787102, -0.1915868 , ...,  0.        ,
          0.18358571,  0.16657079],
        [ 0.25271952, -0.09649804, -0.36851545, ..., -0.18358571,
          0.        , -0.01728122],
        [ 0.26940205, -0.07928305, -0.35239542, ..., -0.16657079,
          0.01728122,  0.        ]],

       [[ 0.        ,  0.        ,  0.01679967, ..., -0.99793033,
         -0.99985116, -0.95991949],
        [ 0.        ,  0.        ,  0.01679967, ..., -0.99793033,
         -0.99985116, -0.95991949],
        [-0.01679967, -0.01679967,  0.        , ..., -0.99886979,
         -0.99942022, -0.95507547],
        ...,
        [ 0.99793033,  0.99793033,  0.99886979, ...,  0.        ,
         -0.08151157, -0.34142281],
        [ 0.99985116,  0.99985116,  0.99942022, ...,  0.08151157,
          0.        , -0.26367316],
        [ 0.95991949,  0.95991949,  0.95507547, ...,  0.34142281,
          0.26367316,  0.        ]],

       [[ 0.        ,  0.        , -0.22049878, ..., -0.99095825,
         -0.99234323, -0.99698398],
        [ 0.        ,  0.        , -0.22049878, ..., -0.99095825,
         -0.99234323, -0.99698398],
        [ 0.22049878,  0.22049878,  0.        , ..., -0.99615249,
         -0.99515291, -0.98955785],
        ...,
        [ 0.99095825,  0.99095825,  0.99615249, ...,  0.        ,
          0.01074924,  0.05686002],
        [ 0.99234323,  0.99234323,  0.99515291, ..., -0.01074924,
          0.        ,  0.04612488],
        [ 0.99698398,  0.99698398,  0.98955785, ..., -0.05686002,
         -0.04612488,  0.        ]]]), 'num': array([9.89465296e-01, 1.44302987e-01, 1.72482104e-05, 4.12274297e-03,
       4.13536361e-03, 4.06384664e-03, 1.00981961e-03, 2.52412835e-05,
       4.11012233e-03, 4.07183972e-03, 4.09504767e-03, 4.37025459e-06,
       4.21184480e-03, 3.93183463e-03])}
{'img': array([[[ 0.        , -0.77639055, -0.9035079 , ..., -0.99202384,
         -0.9982684 , -0.98717144],
        [ 0.77639055,  0.        , -0.23669895, ..., -0.52736075,
         -0.58349072, -0.49820536],
        [ 0.9035079 ,  0.23669895,  0.        , ..., -0.31126552,
         -0.37468179, -0.27881591],
        ...,
        [ 0.99202384,  0.52736075,  0.31126552, ...,  0.        ,
         -0.06747781,  0.03395699],
        [ 0.9982684 ,  0.58349072,  0.37468179, ...,  0.06747781,
          0.        ,  0.10131848],
        [ 0.98717144,  0.49820536,  0.27881591, ..., -0.03395699,
         -0.10131848,  0.        ]],

       [[ 0.        , -0.39708551, -0.40382543, ..., -0.1782645 ,
         -0.13036814, -0.65276367],
        [ 0.39708551,  0.        , -0.00735542, ...,  0.22711735,
          0.27404715, -0.29827776],
        [ 0.40382543,  0.00735542,  0.        , ...,  0.23427441,
          0.28111357, -0.2912491 ],
        ...,
        [ 0.1782645 , -0.22711735, -0.23427441, ...,  0.        ,
          0.04846314, -0.50726176],
        [ 0.13036814, -0.27404715, -0.28111357, ..., -0.04846314,
          0.        , -0.54843086],
        [ 0.65276367,  0.29827776,  0.2912491 , ...,  0.50726176,
          0.54843086,  0.        ]],

       [[ 0.        , -0.57023966, -0.80946454, ..., -0.96071254,
         -0.96975698, -0.97446332],
        [ 0.57023966,  0.        , -0.33013071, ..., -0.94747194,
         -0.93581423, -0.928546  ],
        [ 0.80946454,  0.33013071,  0.        , ..., -0.78876349,
         -0.76697906, -0.75393703],
        ...,
        [ 0.96071254,  0.94747194,  0.78876349, ...,  0.        ,
          0.03466798,  0.05473289],
        [ 0.96975698,  0.93581423,  0.76697906, ..., -0.03466798,
          0.        ,  0.02008397],
        [ 0.97446332,  0.928546  ,  0.75393703, ..., -0.05473289,
         -0.02008397,  0.        ]],

       ...,

       [[ 0.        , -0.27708898, -0.27708898, ...,  0.09649804,
          0.07928305, -0.01653203],
        [ 0.27708898,  0.        ,  0.        , ...,  0.36851545,
          0.35239542,  0.26116641],
        [ 0.27708898,  0.        ,  0.        , ...,  0.36851545,
          0.35239542,  0.26116641],
        ...,
        [-0.09649804, -0.36851545, -0.36851545, ...,  0.        ,
         -0.01728122, -0.11293973],
        [-0.07928305, -0.35239542, -0.35239542, ...,  0.01728122,
          0.        , -0.0957522 ],
        [ 0.01653203, -0.26116641, -0.26116641, ...,  0.11293973,
          0.0957522 ,  0.        ]],

       [[ 0.        ,  0.01679967,  0.03098941, ..., -0.99985116,
         -0.95991949, -0.87442893],
        [-0.01679967,  0.        ,  0.01419343, ..., -0.99942022,
         -0.95507547, -0.86615511],
        [-0.03098941, -0.01419343,  0.        , ..., -0.9988363 ,
         -0.95077286, -0.85897433],
        ...,
        [ 0.99985116,  0.99942022,  0.9988363 , ...,  0.        ,
         -0.26367316, -0.46999532],
        [ 0.95991949,  0.95507547,  0.95077286, ...,  0.26367316,
          0.        , -0.22062706],
        [ 0.87442893,  0.86615511,  0.85897433, ...,  0.46999532,
          0.22062706,  0.        ]],

       [[ 0.        , -0.22049878, -0.28264998, ..., -0.99234323,
         -0.99698398, -0.9982713 ],
        [ 0.22049878,  0.        , -0.06418565, ..., -0.99515291,
         -0.98955785, -0.98666076],
        [ 0.28264998,  0.06418565,  0.        , ..., -0.98678889,
         -0.97826587, -0.97417746],
        ...,
        [ 0.99234323,  0.99515291,  0.98678889, ...,  0.        ,
          0.04612488,  0.06497296],
        [ 0.99698398,  0.98955785,  0.97826587, ..., -0.04612488,
          0.        ,  0.01887639],
        [ 0.9982713 ,  0.98666076,  0.97417746, ..., -0.06497296,
         -0.01887639,  0.        ]]]), 'num': array([8.99016229e-01, 4.37785987e-01, 9.40326692e-06, 3.74983937e-03,
       3.78041910e-03, 3.68103498e-03, 1.56614086e-03, 3.82246623e-06,
       3.73072704e-03, 3.70224967e-03, 3.71773065e-03, 4.23411644e-06,
       3.83132173e-03, 3.57317760e-03])}
{'img': array([[[ 0.        , -0.33721062, -0.24035421, ..., -0.72437261,
         -0.63790721, -0.62227448],
        [ 0.33721062,  0.        ,  0.10104889, ..., -0.44946963,
         -0.34085414, -0.32185921],
        [ 0.24035421, -0.10104889,  0.        , ..., -0.53743553,
         -0.43410716, -0.41588359],
        ...,
        [ 0.72437261,  0.44946963,  0.53743553, ...,  0.        ,
          0.11807017,  0.13803682],
        [ 0.63790721,  0.34085414,  0.43410716, ..., -0.11807017,
          0.        ,  0.0201314 ],
        [ 0.62227448,  0.32185921,  0.41588359, ..., -0.13803682,
         -0.0201314 ,  0.        ]],

       [[ 0.        , -0.00735542, -0.05714322, ...,  0.27404715,
         -0.29827776,  0.12552073],
        [ 0.00735542,  0.        , -0.04979827, ...,  0.28111357,
         -0.2912491 ,  0.13281458],
        [ 0.05714322,  0.04979827,  0.        , ...,  0.32855492,
         -0.24324837,  0.1820069 ],
        ...,
        [-0.27404715, -0.28111357, -0.32855492, ...,  0.        ,
         -0.54843086, -0.15116439],
        [ 0.29827776,  0.2912491 ,  0.24324837, ...,  0.54843086,
          0.        ,  0.4157256 ],
        [-0.12552073, -0.13281458, -0.1820069 , ...,  0.15116439,
         -0.4157256 ,  0.        ]],

       [[ 0.        , -0.6695956 , -0.85281986, ..., -0.9854467 ,
         -0.98890562, -0.98648375],
        [ 0.6695956 ,  0.        , -0.28374508, ..., -0.84573777,
         -0.833951  , -0.84240635],
        [ 0.85281986,  0.28374508,  0.        , ..., -0.65957172,
         -0.64309394, -0.65488926],
        ...,
        [ 0.9854467 ,  0.84573777,  0.65957172, ...,  0.        ,
          0.02171546,  0.00621271],
        [ 0.98890562,  0.833951  ,  0.64309394, ..., -0.02171546,
          0.        , -0.01550379],
        [ 0.98648375,  0.84240635,  0.65488926, ..., -0.00621271,
          0.01550379,  0.        ]],

       ...,

       [[ 0.        ,  0.        ,  0.        , ...,  0.35239542,
          0.26116641,  0.37123013],
        [ 0.        ,  0.        ,  0.        , ...,  0.35239542,
          0.26116641,  0.37123013],
        [ 0.        ,  0.        ,  0.        , ...,  0.35239542,
          0.26116641,  0.37123013],
        ...,
        [-0.35239542, -0.35239542, -0.35239542, ...,  0.        ,
         -0.0957522 ,  0.02020261],
        [-0.26116641, -0.26116641, -0.26116641, ...,  0.0957522 ,
          0.        ,  0.11584244],
        [-0.37123013, -0.37123013, -0.37123013, ..., -0.02020261,
         -0.11584244,  0.        ]],

       [[ 0.        ,  0.01419343,  0.02865475, ..., -0.95507547,
         -0.86615511, -0.91710623],
        [-0.01419343,  0.        ,  0.01446426, ..., -0.95077286,
         -0.85897433, -0.91135574],
        [-0.02865475, -0.01446426,  0.        , ..., -0.94619109,
         -0.8514785 , -0.90530662],
        ...,
        [ 0.95507547,  0.95077286,  0.94619109, ...,  0.        ,
         -0.22062706, -0.108938  ],
        [ 0.86615511,  0.85897433,  0.8514785 , ...,  0.22062706,
          0.        ,  0.11306043],
        [ 0.91710623,  0.91135574,  0.90530662, ...,  0.108938  ,
         -0.11306043,  0.        ]],

       [[ 0.        , -0.18017556, -0.46046798, ..., -0.99781202,
         -0.99889268, -0.99901645],
        [ 0.18017556,  0.        , -0.29299459, ..., -0.99339458,
         -0.99102198, -0.99065621],
        [ 0.46046798,  0.29299459,  0.        , ..., -0.91617788,
         -0.90835698, -0.90722094],
        ...,
        [ 0.99781202,  0.99339458,  0.91617788, ...,  0.        ,
          0.01909767,  0.02180566],
        [ 0.99889268,  0.99102198,  0.90835698, ..., -0.01909767,
          0.        ,  0.00270855],
        [ 0.99901645,  0.99065621,  0.90722094, ..., -0.02180566,
         -0.00270855,  0.        ]]]), 'num': array([7.74330804e-01, 6.32712484e-01, 2.82108207e-06, 3.29344930e-03,
       3.30657061e-03, 3.18847881e-03, 1.95494427e-03, 7.54475438e-05,
       3.22587455e-03, 3.17978594e-03, 3.19022831e-03, 3.28032799e-06,
       3.29866377e-03, 3.06090810e-03])}
{'img': array([[[ 0.        ,  0.10104889, -0.34085414, ..., -0.34085414,
         -0.32185921,  0.21193423],
        [-0.10104889,  0.        , -0.43410716, ..., -0.43410716,
         -0.41588359,  0.11209598],
        [ 0.34085414,  0.43410716,  0.        , ...,  0.        ,
          0.0201314 ,  0.53235408],
        ...,
        [ 0.34085414,  0.43410716,  0.        , ...,  0.        ,
          0.0201314 ,  0.53235408],
        [ 0.32185921,  0.41588359, -0.0201314 , ..., -0.0201314 ,
          0.        ,  0.51520452],
        [-0.21193423, -0.11209598, -0.53235408, ..., -0.53235408,
         -0.51520452,  0.        ]],

       [[ 0.        , -0.04979827, -0.16214296, ..., -0.2912491 ,
          0.13281458,  0.46307239],
        [ 0.04979827,  0.        , -0.11280248, ..., -0.24324837,
          0.1820069 ,  0.50663508],
        [ 0.16214296,  0.11280248,  0.        , ..., -0.13228147,
          0.2917636 ,  0.6006553 ],
        ...,
        [ 0.2912491 ,  0.24324837,  0.13228147, ...,  0.        ,
          0.4157256 ,  0.70113697],
        [-0.13281458, -0.1820069 , -0.2917636 , ..., -0.4157256 ,
          0.        ,  0.34125371],
        [-0.46307239, -0.50663508, -0.6006553 , ..., -0.70113697,
         -0.34125371,  0.        ]],

       [[ 0.        , -0.66490894, -0.90255243, ..., -0.99973897,
         -0.99918271, -0.99597505],
        [ 0.66490894,  0.        , -0.38784199, ..., -0.7619207 ,
         -0.77319078, -0.68432169],
        [ 0.90255243,  0.38784199,  0.        , ..., -0.45108828,
         -0.46671084, -0.34795029],
        ...,
        [ 0.99973897,  0.7619207 ,  0.45108828, ...,  0.        ,
         -0.01758281,  0.11236268],
        [ 0.99918271,  0.77319078,  0.46671084, ...,  0.01758281,
          0.        ,  0.12981677],
        [ 0.99597505,  0.68432169,  0.34795029, ..., -0.11236268,
         -0.12981677,  0.        ]],

       ...,

       [[ 0.        ,  0.        , -0.3164151 , ...,  0.26116641,
          0.37123013,  0.19891442],
        [ 0.        ,  0.        , -0.3164151 , ...,  0.26116641,
          0.37123013,  0.19891442],
        [ 0.3164151 ,  0.3164151 ,  0.        , ...,  0.55318143,
          0.64596099,  0.49878649],
        ...,
        [-0.26116641, -0.26116641, -0.55318143, ...,  0.        ,
          0.11584244, -0.06393664],
        [-0.37123013, -0.37123013, -0.64596099, ..., -0.11584244,
          0.        , -0.17911162],
        [-0.19891442, -0.19891442, -0.49878649, ...,  0.06393664,
          0.17911162,  0.        ]],

       [[ 0.        ,  0.01446426,  0.108081  , ..., -0.85897433,
         -0.91135574, -0.97173651],
        [-0.01446426,  0.        ,  0.09369016, ..., -0.8514785 ,
         -0.90530662, -0.96822031],
        [-0.108081  , -0.09369016,  0.        , ..., -0.79860305,
         -0.86152884, -0.94052969],
        ...,
        [ 0.85897433,  0.8514785 ,  0.79860305, ...,  0.        ,
          0.11306043,  0.29477078],
        [ 0.91135574,  0.90530662,  0.86152884, ..., -0.11306043,
          0.        ,  0.18484381],
        [ 0.97173651,  0.96822031,  0.94052969, ..., -0.29477078,
         -0.18484381,  0.        ]],

       [[ 0.        , -0.42911436, -0.66317606, ..., -0.99923198,
         -0.99933523, -0.99792417],
        [ 0.42911436,  0.        , -0.27783748, ..., -0.91937121,
         -0.91829383, -0.9290101 ],
        [ 0.66317606,  0.27783748,  0.        , ..., -0.77387502,
         -0.77214312, -0.78961823],
        ...,
        [ 0.99923198,  0.91937121,  0.77387502, ...,  0.        ,
          0.00273   , -0.025247  ],
        [ 0.99933523,  0.91829383,  0.77214312, ..., -0.00273   ,
          0.        , -0.02797603],
        [ 0.99792417,  0.9290101 ,  0.78961823, ...,  0.025247  ,
          0.02797603,  0.        ]]]), 'num': array([ 7.72686357e-01,  6.34721847e-01,  2.83004124e-06,  3.20847699e-03,
        3.28416414e-03,  3.20189550e-03,  1.16545047e-03, -9.54316232e-05,
        3.23414480e-03,  3.19103603e-03,  3.19920805e-03,  3.02957534e-06,
        3.31054222e-03,  3.07152985e-03])}
{'img': array([[[ 0.        , -0.43410716, -0.14830372, ..., -0.41588359,
          0.11209598, -0.52090672],
        [ 0.43410716,  0.        ,  0.29570567, ...,  0.0201314 ,
          0.53235408, -0.09870489],
        [ 0.14830372, -0.29570567,  0.        , ..., -0.27641464,
          0.25822543, -0.38855239],
        ...,
        [ 0.41588359, -0.0201314 ,  0.27641464, ...,  0.        ,
          0.51520452, -0.11871798],
        [-0.11209598, -0.53235408, -0.25822543, ..., -0.51520452,
          0.        , -0.6133103 ],
        [ 0.52090672,  0.09870489,  0.38855239, ...,  0.11871798,
          0.6133103 ,  0.        ]],

       [[ 0.        , -0.11280248, -0.26723241, ...,  0.1820069 ,
          0.50663508,  0.06275345],
        [ 0.11280248,  0.        , -0.15682669, ...,  0.2917636 ,
          0.6006553 ,  0.17493307],
        [ 0.26723241,  0.15682669,  0.        , ...,  0.43815659,
          0.71860709,  0.32717695],
        ...,
        [-0.1820069 , -0.2917636 , -0.43815659, ...,  0.        ,
          0.34125371, -0.11994288],
        [-0.50663508, -0.6006553 , -0.71860709, ..., -0.34125371,
          0.        , -0.45153298],
        [-0.06275345, -0.17493307, -0.32717695, ...,  0.11994288,
          0.45153298,  0.        ]],

       [[ 0.        , -0.7701797 , -0.87005325, ..., -0.99512798,
         -0.96889175, -0.97189555],
        [ 0.7701797 ,  0.        , -0.17527737, ..., -0.55878625,
         -0.42737743, -0.43859128],
        [ 0.87005325,  0.17527737,  0.        , ..., -0.40477615,
         -0.26229764, -0.27428205],
        ...,
        [ 0.99512798,  0.55878625,  0.40477615, ...,  0.        ,
          0.15075462,  0.13844485],
        [ 0.96889175,  0.42737743,  0.26229764, ..., -0.15075462,
          0.        , -0.01244028],
        [ 0.97189555,  0.43859128,  0.27428205, ..., -0.13844485,
          0.01244028,  0.        ]],

       ...,

       [[ 0.        , -0.3164151 , -0.27022152, ...,  0.37123013,
          0.19891442,  0.07132012],
        [ 0.3164151 ,  0.        ,  0.04830611, ...,  0.64596099,
          0.49878649,  0.38326509],
        [ 0.27022152, -0.04830611,  0.        , ...,  0.60833143,
          0.45633609,  0.33820027],
        ...,
        [-0.37123013, -0.64596099, -0.60833143, ...,  0.        ,
         -0.17911162, -0.30406114],
        [-0.19891442, -0.49878649, -0.45633609, ...,  0.17911162,
          0.        , -0.12851296],
        [-0.07132012, -0.38326509, -0.33820027, ...,  0.30406114,
          0.12851296,  0.        ]],

       [[ 0.        ,  0.09369016,  0.11836411, ..., -0.90530662,
         -0.96822031, -0.97276289],
        [-0.09369016,  0.        ,  0.02481193, ..., -0.86152884,
         -0.94052969, -0.94676649],
        [-0.11836411, -0.02481193,  0.        , ..., -0.84866637,
         -0.93181124, -0.93848753],
        ...,
        [ 0.90530662,  0.86152884,  0.84866637, ...,  0.        ,
          0.18484381,  0.2033372 ],
        [ 0.96822031,  0.94052969,  0.93181124, ..., -0.18484381,
          0.        ,  0.01885108],
        [ 0.97276289,  0.94676649,  0.93848753, ..., -0.2033372 ,
         -0.01885108,  0.        ]],

       [[ 0.        , -0.54667506, -0.66421871, ..., -0.99992157,
         -0.9998582 , -0.99992759],
        [ 0.54667506,  0.        , -0.14751956, ..., -0.8304326 ,
         -0.8464319 , -0.84386294],
        [ 0.66421871,  0.14751956,  0.        , ..., -0.73916099,
         -0.75861748, -0.75547744],
        ...,
        [ 0.99992157,  0.8304326 ,  0.73916099, ...,  0.        ,
         -0.02936053, -0.02455626],
        [ 0.9998582 ,  0.8464319 ,  0.75861748, ...,  0.02936053,
          0.        ,  0.004806  ],
        [ 0.99992759,  0.84386294,  0.75547744, ...,  0.02455626,
         -0.004806  ,  0.        ]]]), 'num': array([7.69598212e-01, 6.38463143e-01, 2.68719402e-06, 3.19841630e-03,
       3.22135576e-03, 3.13942912e-03, 1.42585137e-03, 3.27706588e-06,
       3.22201118e-03, 3.18121171e-03, 3.18459801e-03, 3.81962646e-06,
       3.29841665e-03, 3.06400677e-03])}
{'img': array([[[ 0.        ,  0.29570567, -0.17544384, ...,  0.53235408,
         -0.09870489, -0.07921685],
        [-0.29570567,  0.        , -0.45871694, ...,  0.25822543,
         -0.38855239, -0.37045059],
        [ 0.17544384,  0.45871694,  0.        , ...,  0.672614  ,
          0.07741318,  0.09690434],
        ...,
        [-0.53235408, -0.25822543, -0.672614  , ...,  0.        ,
         -0.6133103 , -0.59773989],
        [ 0.09870489,  0.38855239, -0.07741318, ...,  0.6133103 ,
          0.        ,  0.01956469],
        [ 0.07921685,  0.37045059, -0.09690434, ...,  0.59773989,
         -0.01956469,  0.        ]],

       [[ 0.        , -0.15682669,  0.17011879, ...,  0.6006553 ,
          0.17493307,  0.340592  ],
        [ 0.15682669,  0.        ,  0.32255448, ...,  0.71860709,
          0.32717695,  0.48382777],
        [-0.17011879, -0.32255448,  0.        , ...,  0.45588854,
          0.00488756,  0.1756798 ],
        ...,
        [-0.6006553 , -0.71860709, -0.45588854, ...,  0.        ,
         -0.45153298, -0.29243677],
        [-0.17493307, -0.32717695, -0.00488756, ...,  0.45153298,
          0.        ,  0.17086615],
        [-0.340592  , -0.48382777, -0.1756798 , ...,  0.29243677,
         -0.17086615,  0.        ]],

       [[ 0.        , -0.24910122, -0.44385344, ..., -0.54937496,
         -0.56162115, -0.55347899],
        [ 0.24910122,  0.        , -0.2066426 , ..., -0.32391428,
         -0.33781244, -0.32856471],
        [ 0.44385344,  0.2066426 ,  0.        , ..., -0.12142131,
         -0.13602647, -0.12630302],
        ...,
        [ 0.54937496,  0.32391428,  0.12142131, ...,  0.        ,
         -0.01472729, -0.00491958],
        [ 0.56162115,  0.33781244,  0.13602647, ...,  0.01472729,
          0.        ,  0.00980807],
        [ 0.55347899,  0.32856471,  0.12630302, ...,  0.00491958,
         -0.00980807,  0.        ]],

       ...,

       [[ 0.        ,  0.04830611, -0.08686288, ...,  0.49878649,
          0.38326509,  0.71997665],
        [-0.04830611,  0.        , -0.13488501, ...,  0.45633609,
          0.33820027,  0.68561177],
        [ 0.08686288,  0.13488501,  0.        , ...,  0.57218744,
          0.46204634,  0.77753803],
        ...,
        [-0.49878649, -0.45633609, -0.57218744, ...,  0.        ,
         -0.12851296,  0.27786471],
        [-0.38326509, -0.33820027, -0.46204634, ...,  0.12851296,
          0.        ,  0.39901275],
        [-0.71997665, -0.68561177, -0.77753803, ..., -0.27786471,
         -0.39901275,  0.        ]],

       [[ 0.        ,  0.02481193,  0.12806021, ..., -0.94052969,
         -0.94676649, -0.95337774],
        [-0.02481193,  0.        ,  0.10341314, ..., -0.93181124,
         -0.93848753, -0.94559649],
        [-0.12806021, -0.10341314,  0.        , ..., -0.88928222,
         -0.89774591, -0.90688205],
        ...,
        [ 0.94052969,  0.93181124,  0.88928222, ...,  0.        ,
          0.01885108,  0.04004075],
        [ 0.94676649,  0.93848753,  0.89774591, ..., -0.01885108,
          0.        ,  0.02119767],
        [ 0.95337774,  0.94559649,  0.90688205, ..., -0.04004075,
         -0.02119767,  0.        ]],

       [[ 0.        , -0.4312277 , -0.67628443, ..., -0.99753315,
         -0.99715126, -0.99436509],
        [ 0.4312277 ,  0.        , -0.29251315, ..., -0.86974658,
         -0.8671463 , -0.85144471],
        [ 0.67628443,  0.29251315,  0.        , ..., -0.68735034,
         -0.68353142, -0.66079693],
        ...,
        [ 0.99753315,  0.86974658,  0.68735034, ...,  0.        ,
          0.00524484,  0.03594691],
        [ 0.99715126,  0.8671463 ,  0.68353142, ..., -0.00524484,
          0.        ,  0.03070497],
        [ 0.99436509,  0.85144471,  0.66079693, ..., -0.03594691,
         -0.03070497,  0.        ]]]), 'num': array([ 7.63759776e-01,  6.45437228e-01,  2.48055657e-06,  3.11375127e-03,
        3.26062633e-03,  3.11375127e-03,  1.17167131e-03, -7.18055848e-05,
        3.19208463e-03,  3.16858462e-03,  3.17037976e-03,  3.54595481e-06,
        3.28500261e-03,  3.05216664e-03])}
{'img': array([[[ 0.        , -0.45871694, -0.25687206, ..., -0.38855239,
         -0.37045059, -0.71864587],
        [ 0.45871694,  0.        ,  0.21507289, ...,  0.07741318,
          0.09690434, -0.31959525],
        [ 0.25687206, -0.21507289,  0.        , ..., -0.13882592,
         -0.1194241 , -0.51590929],
        ...,
        [ 0.38855239, -0.07741318,  0.13882592, ...,  0.        ,
          0.01956469, -0.39198935],
        [ 0.37045059, -0.09690434,  0.1194241 , ..., -0.01956469,
          0.        , -0.40991325],
        [ 0.71864587,  0.31959525,  0.51590929, ...,  0.39198935,
          0.40991325,  0.        ]],

       [[ 0.        ,  0.32255448,  0.29702916, ...,  0.32717695,
          0.48382777,  0.33748441],
        [-0.32255448,  0.        , -0.02684386, ...,  0.00488756,
          0.1756798 ,  0.0158156 ],
        [-0.29702916,  0.02684386,  0.        , ...,  0.03172934,
          0.20204286,  0.04265041],
        ...,
        [-0.32717695, -0.00488756, -0.03172934, ...,  0.        ,
          0.17086615,  0.01092847],
        [-0.48382777, -0.1756798 , -0.20204286, ..., -0.17086615,
          0.        , -0.16008819],
        [-0.33748441, -0.0158156 , -0.04265041, ..., -0.01092847,
          0.16008819,  0.        ]],

       [[ 0.        , -0.2066426 , -0.27640776, ..., -0.33781244,
         -0.32856471, -0.4435347 ],
        [ 0.2066426 ,  0.        , -0.07185001, ..., -0.13602647,
         -0.12630302, -0.24875675],
        [ 0.27640776,  0.07185001,  0.        , ..., -0.06449272,
         -0.05470197, -0.17852235],
        ...,
        [ 0.33781244,  0.13602647,  0.06449272, ...,  0.        ,
          0.00980807, -0.11469399],
        [ 0.32856471,  0.12630302,  0.05470197, ..., -0.00980807,
          0.        , -0.12443182],
        [ 0.4435347 ,  0.24875675,  0.17852235, ...,  0.11469399,
          0.12443182,  0.        ]],

       ...,

       [[ 0.        , -0.13488501,  0.07555903, ...,  0.33820027,
          0.68561177,  0.57911336],
        [ 0.13488501,  0.        ,  0.20936793, ...,  0.46204634,
          0.77753803,  0.6837856 ],
        [-0.07555903, -0.20936793,  0.        , ...,  0.26612682,
          0.62864732,  0.51585859],
        ...,
        [-0.33820027, -0.46204634, -0.26612682, ...,  0.        ,
          0.39901275,  0.26927185],
        [-0.68561177, -0.77753803, -0.62864732, ..., -0.39901275,
          0.        , -0.13736732],
        [-0.57911336, -0.6837856 , -0.51585859, ..., -0.26927185,
          0.13736732,  0.        ]],

       [[ 0.        ,  0.10341314,  0.14014314, ..., -0.93848753,
         -0.94559649, -0.94496142],
        [-0.10341314,  0.        ,  0.03699917, ..., -0.89774591,
         -0.90688205, -0.90606011],
        [-0.14014314, -0.03699917,  0.        , ..., -0.88083258,
         -0.89067023, -0.88978356],
        ...,
        [ 0.93848753,  0.89774591,  0.88083258, ...,  0.        ,
          0.02119767,  0.01925156],
        [ 0.94559649,  0.90688205,  0.89067023, ..., -0.02119767,
          0.        , -0.00194651],
        [ 0.94496142,  0.90606011,  0.88978356, ..., -0.01925156,
          0.00194651,  0.        ]],

       [[ 0.        , -0.56383552, -0.70821458, ..., -0.9914227 ,
         -0.98665117, -0.98616015],
        [ 0.56383552,  0.        , -0.18683896, ..., -0.74511306,
         -0.72304301, -0.72097552],
        [ 0.70821458,  0.18683896,  0.        , ..., -0.60738199,
         -0.5812417 , -0.57880751],
        ...,
        [ 0.9914227 ,  0.74511306,  0.60738199, ...,  0.        ,
          0.03250137,  0.03548784],
        [ 0.98665117,  0.72304301,  0.5812417 , ..., -0.03250137,
          0.        ,  0.0029882 ],
        [ 0.98616015,  0.72097552,  0.57880751, ..., -0.03548784,
         -0.0029882 ,  0.        ]]]), 'num': array([ 9.31222729e-01,  3.64283174e-01,  1.20241687e-05,  3.77959704e-03,
        3.84372594e-03,  3.74753259e-03,  1.81773367e-03, -4.40886187e-05,
        3.88941778e-03,  3.88520932e-03,  3.88981858e-03,  4.07756011e-06,
        4.03614390e-03,  3.73427473e-03])}
{'img': array([[[ 0.        ,  0.21507289,  0.07741318, ...,  0.09690434,
         -0.31959525, -0.51798735],
        [-0.21507289,  0.        , -0.13882592, ..., -0.1194241 ,
         -0.51590929, -0.68983623],
        [-0.07741318,  0.13882592,  0.        , ...,  0.01956469,
         -0.39198935, -0.58265124],
        ...,
        [-0.09690434,  0.1194241 , -0.01956469, ...,  0.        ,
         -0.40991325, -0.59844038],
        [ 0.31959525,  0.51590929,  0.39198935, ...,  0.40991325,
          0.        , -0.21744304],
        [ 0.51798735,  0.68983623,  0.58265124, ...,  0.59844038,
          0.21744304,  0.        ]],

       [[ 0.        , -0.02684386, -0.15636902, ...,  0.1756798 ,
          0.0158156 ,  0.21129573],
        [ 0.02684386,  0.        , -0.12979903, ...,  0.20204286,
          0.04265041,  0.23745737],
        [ 0.15636902,  0.12979903,  0.        , ...,  0.32745578,
          0.17197052,  0.36153507],
        ...,
        [-0.1756798 , -0.20204286, -0.32745578, ...,  0.        ,
         -0.16008819,  0.0362962 ],
        [-0.0158156 , -0.04265041, -0.17197052, ...,  0.16008819,
          0.        ,  0.19581078],
        [-0.21129573, -0.23745737, -0.36153507, ..., -0.0362962 ,
         -0.19581078,  0.        ]],

       [[ 0.        , -0.07185001, -0.19328069, ..., -0.12630302,
         -0.24875675, -0.41364237],
        [ 0.07185001,  0.        , -0.12228597, ..., -0.05470197,
         -0.17852235, -0.3471582 ],
        [ 0.19328069,  0.12228597,  0.        , ...,  0.06781145,
         -0.05686097, -0.22987216],
        ...,
        [ 0.12630302,  0.05470197, -0.06781145, ...,  0.        ,
         -0.12443182, -0.29533854],
        [ 0.24875675,  0.17852235,  0.05686097, ...,  0.12443182,
          0.        , -0.17416197],
        [ 0.41364237,  0.3471582 ,  0.22987216, ...,  0.29533854,
          0.17416197,  0.        ]],

       ...,

       [[ 0.        ,  0.20936793, -0.14813584, ...,  0.77753803,
          0.6837856 ,  0.59529801],
        [-0.20936793,  0.        , -0.35191068, ...,  0.62864732,
          0.51585859,  0.4138762 ],
        [ 0.14813584,  0.35191068,  0.        , ...,  0.86211261,
          0.78433361,  0.70775799],
        ...,
        [-0.77753803, -0.62864732, -0.86211261, ...,  0.        ,
         -0.13736732, -0.25041092],
        [-0.6837856 , -0.51585859, -0.78433361, ...,  0.13736732,
          0.        , -0.11504632],
        [-0.59529801, -0.4138762 , -0.70775799, ...,  0.25041092,
          0.11504632,  0.        ]],

       [[ 0.        ,  0.03699917,  0.09701773, ..., -0.90688205,
         -0.90606011, -0.91516287],
        [-0.03699917,  0.        ,  0.06012667, ..., -0.89067023,
         -0.88978356, -0.89962247],
        [-0.09701773, -0.06012667,  0.        , ..., -0.8617222 ,
         -0.86073295, -0.87173941],
        ...,
        [ 0.90688205,  0.89067023,  0.8617222 , ...,  0.        ,
         -0.00194651,  0.02008562],
        [ 0.90606011,  0.88978356,  0.86073295, ...,  0.00194651,
          0.        ,  0.0220317 ],
        [ 0.91516287,  0.89962247,  0.87173941, ..., -0.02008562,
         -0.0220317 ,  0.        ]],

       [[ 0.        , -0.3963344 , -0.58890206, ..., -0.9220529 ,
         -0.92075482, -0.9482162 ],
        [ 0.3963344 ,  0.        , -0.22035545, ..., -0.69313577,
         -0.69072414, -0.74467725],
        [ 0.58890206,  0.22035545,  0.        , ..., -0.51726449,
         -0.51440283, -0.57930213],
        ...,
        [ 0.9220529 ,  0.69313577,  0.51726449, ...,  0.        ,
          0.00334037, -0.07415264],
        [ 0.92075482,  0.69072414,  0.51440283, ..., -0.00334037,
          0.        , -0.0774834 ],
        [ 0.9482162 ,  0.74467725,  0.57930213, ...,  0.07415264,
          0.0774834 ,  0.        ]]]), 'num': array([ 8.54536576e-01,  5.19289309e-01,  7.15575811e-06,  3.45615740e-03,
        3.54468224e-03,  3.40820644e-03,  2.48238413e-03, -2.21312107e-05,
        3.52992810e-03,  3.57123969e-03,  3.57763315e-03,  3.42816793e-06,
        3.71899488e-03,  3.42348451e-03])}
{'img': array([[[ 0.        , -0.13882592, -0.3965458 , ..., -0.51590929,
         -0.68983623, -0.77658067],
        [ 0.13882592,  0.        , -0.2652617 , ..., -0.39198935,
         -0.58265124, -0.68159808],
        [ 0.3965458 ,  0.2652617 ,  0.        , ..., -0.13391416,
         -0.34619451, -0.46308173],
        ...,
        [ 0.51590929,  0.39198935,  0.13391416, ...,  0.        ,
         -0.21744304, -0.34022052],
        [ 0.68983623,  0.58265124,  0.34619451, ...,  0.21744304,
          0.        , -0.12760845],
        [ 0.77658067,  0.68159808,  0.46308173, ...,  0.34022052,
          0.12760845,  0.        ]],

       [[ 0.        , -0.12979903, -0.0507806 , ...,  0.04265041,
          0.23745737,  0.59094508],
