state_0,state_1,state_2,state_3,state_4,state_5,state_6,state_7,state_8,state_9,state_10,state_11,state_12,state_13,state_14,state_15,state_16,state_17,state_18,state_19,state_20,state_21,state_22,state_23,state_24,state_25,state_26,state_27,state_28,state_29,state_30,state_31,state_32,state_33,state_34,state_35,state_36,state_37,state_38,state_39,state_40,state_41,state_42,state_43,state_44,state_45,state_46,state_47,state_48,state_49,state_50,state_51,state_52,state_53,state_54,state_55,state_56,state_57,state_58,state_59,state_60,state_61,state_62,state_63,state_64,state_65,state_66,state_67,state_68,state_69,state_70,state_71,state_72,state_73,state_74,state_75,state_76,state_77,state_78,state_79,state_80,state_81,state_82,state_83,state_84,state_85,state_86,state_87,state_88,state_89,state_90,state_91,state_92,state_93,state_94,state_95,state_96,state_97,state_98,state_99,state_100,state_101,state_102,state_103,state_104,state_105,state_106,state_107,state_108,state_109,state_110,state_111,state_112,state_113,state_114,state_115,state_116,state_117,state_118,state_119,state_120,state_121,state_122,state_123,state_124,state_125,state_126,state_127,state_128,state_129,state_130,state_131,state_132,state_133,state_134,state_135,state_136,state_137,state_138,state_139,state_140,state_141,state_142,state_143,state_144,state_145,state_146,state_147,state_148,state_149,state_150,state_151,state_152,state_153,state_154,state_155,state_156,state_157,state_158,state_159,state_160,state_161,state_162,state_163,state_164,state_165,state_166,state_167,state_168,state_169,state_170,state_171,state_172,state_173,state_174,state_175,state_176,state_177,state_178,state_179,state_180,state_181,state_182,state_183,state_184,state_185,state_186,state_187,state_188,state_189,state_190,state_191,state_192,state_193,state_194,state_195,state_196,state_197,state_198,state_199,state_200,state_201,state_202,state_203,state_204,state_205,state_206,state_207,state_208,state_209,state_210,state_211,state_212,state_213,state_214,state_215,state_216,state_217,state_218,state_219,state_220,state_221,state_222,state_223,state_224,state_225,state_226,state_227,state_228,state_229,state_230,state_231,state_232,state_233,state_234,state_235,state_236,state_237,state_238,state_239,state_240,state_241,state_242,state_243,state_244,state_245,state_246,state_247,state_248,state_249,state_250,state_251,state_252,state_253,state_254,state_255,state_256,state_257,state_258,state_259,state_260,state_261,state_262,state_263,state_264,state_265,state_266,state_267,state_268,state_269,state_270,state_271,state_272,state_273,state_274,state_275,state_276,state_277,state_278,state_279,state_280,state_281,state_282,state_283,state_284,state_285,state_286,state_287
{'img': array([[[ 0.        ,  0.37143494,  0.3564401 , ...,  0.99474337,
          0.93457814,  0.93457814],
        [-0.37143494,  0.        , -0.0160984 , ...,  0.96161312,
          0.73557655,  0.73557655],
        [-0.3564401 ,  0.0160984 ,  0.        , ...,  0.96590605,
          0.74638696,  0.74638696],
        ...,
        [-0.99474337, -0.96161312, -0.96590605, ...,  0.        ,
         -0.44958803, -0.44958803],
        [-0.93457814, -0.73557655, -0.74638696, ...,  0.44958803,
          0.        ,  0.        ],
        [-0.93457814, -0.73557655, -0.74638696, ...,  0.44958803,
          0.        ,  0.        ]],

       [[ 0.        , -0.02233452, -0.09554411, ...,  0.11299215,
          0.70841465,  0.28661241],
        [ 0.02233452,  0.        , -0.07328793, ...,  0.13515545,
          0.72400156,  0.30793842],
        [ 0.09554411,  0.07328793,  0.        , ...,  0.20740746,
          0.77260849,  0.37683692],
        ...,
        [-0.11299215, -0.13515545, -0.20740746, ...,  0.        ,
          0.62412842,  0.17652516],
        [-0.70841465, -0.72400156, -0.77260849, ..., -0.62412842,
          0.        , -0.47640423],
        [-0.28661241, -0.30793842, -0.37683692, ..., -0.17652516,
          0.47640423,  0.        ]],

       [[ 0.        ,  0.37909746,  0.52205979, ...,  0.8989846 ,
          0.93251099,  0.95052514],
        [-0.37909746,  0.        ,  0.15975596, ...,  0.99791866,
          0.9998132 ,  0.99734059],
        [-0.52205979, -0.15975596,  0.        , ...,  0.99540383,
          0.98388442,  0.97288799],
        ...,
        [-0.8989846 , -0.99791866, -0.99540383, ...,  0.        ,
         -0.08376065, -0.13704379],
        [-0.93251099, -0.9998132 , -0.98388442, ...,  0.08376065,
          0.        , -0.05359184],
        [-0.95052514, -0.99734059, -0.97288799, ...,  0.13704379,
          0.05359184,  0.        ]],

       ...,

       [[ 0.        , -0.07064022, -0.11036913, ..., -0.87205381,
         -0.94660806, -0.97270104],
        [ 0.07064022,  0.        , -0.03988476, ..., -0.83530327,
         -0.92146984, -0.9538782 ],
        [ 0.11036913,  0.03988476,  0.        , ..., -0.81271038,
         -0.90524338, -0.94114603],
        ...,
        [ 0.87205381,  0.83530327,  0.81271038, ...,  0.        ,
         -0.18214093, -0.27367925],
        [ 0.94660806,  0.92146984,  0.90524338, ...,  0.18214093,
          0.        , -0.09391429],
        [ 0.97270104,  0.9538782 ,  0.94114603, ...,  0.27367925,
          0.09391429,  0.        ]],

       [[ 0.        ,  0.37362317,  0.49170722, ...,  0.74659454,
          0.70985547,  0.6842938 ],
        [-0.37362317,  0.        ,  0.13076174, ...,  0.94109037,
          0.92160864,  0.90718605],
        [-0.49170722, -0.13076174,  0.        , ...,  0.97722776,
          0.96444686,  0.95441214],
        ...,
        [-0.74659454, -0.94109037, -0.97722776, ...,  0.        ,
          0.05360972,  0.089175  ],
        [-0.70985547, -0.92160864, -0.96444686, ..., -0.05360972,
          0.        ,  0.03565063],
        [-0.6842938 , -0.90718605, -0.95441214, ..., -0.089175  ,
         -0.03565063,  0.        ]],

       [[ 0.        , -0.04729288, -0.13441512, ...,  0.91494528,
          0.96028261,  0.98548249],
        [ 0.04729288,  0.        , -0.08740101, ...,  0.89483515,
          0.94601202,  0.97635056],
        [ 0.13441512,  0.08740101,  0.        , ...,  0.85239528,
          0.9140624 ,  0.95371874],
        ...,
        [-0.91494528, -0.89483515, -0.85239528, ...,  0.        ,
         -0.13225238, -0.24238224],
        [-0.96028261, -0.94601202, -0.9140624 , ...,  0.13225238,
          0.        , -0.11194445],
        [-0.98548249, -0.97635056, -0.95371874, ...,  0.24238224,
          0.11194445,  0.        ]]]), 'num': array([ 7.06707719e-01,  7.06707719e-01,  0.00000000e+00,  5.04197356e-04,
        5.12511565e-04,  5.00634124e-04,  3.35589484e-02, -1.12835686e-05,
        5.23320036e-04,  5.40809567e-04,  5.24131661e-04,  3.31772086e-07,
        5.73294476e-04,  5.08324658e-04])}
{'img': array([[[ 0.        , -0.0160984 ,  0.23735383, ...,  0.73557655,
          0.73557655,  0.5878291 ],
        [ 0.0160984 ,  0.        ,  0.25296144, ...,  0.74638696,
          0.74638696,  0.6007763 ],
        [-0.23735383, -0.25296144,  0.        , ...,  0.55376281,
          0.55376281,  0.37901515],
        ...,
        [-0.73557655, -0.74638696, -0.55376281, ...,  0.        ,
          0.        , -0.1968506 ],
        [-0.73557655, -0.74638696, -0.55376281, ...,  0.        ,
          0.        , -0.1968506 ],
        [-0.5878291 , -0.6007763 , -0.37901515, ...,  0.1968506 ,
          0.1968506 ,  0.        ]],

       [[ 0.        , -0.07328793,  0.41598612, ...,  0.72400156,
          0.30793842,  0.80376977],
        [ 0.07328793,  0.        ,  0.48151338, ...,  0.77260849,
          0.37683692,  0.84521025],
        [-0.41598612, -0.48151338,  0.        , ...,  0.37143947,
         -0.11574155,  0.48343792],
        ...,
        [-0.72400156, -0.77260849, -0.37143947, ...,  0.        ,
         -0.47640423,  0.12370122],
        [-0.30793842, -0.37683692,  0.11574155, ...,  0.47640423,
          0.        ,  0.58150659],
        [-0.80376977, -0.84521025, -0.48343792, ..., -0.12370122,
         -0.58150659,  0.        ]],

       [[ 0.        ,  0.38059107,  0.62728308, ...,  0.94172848,
          0.95884724,  0.9770027 ],
        [-0.38059107,  0.        ,  0.28367488, ...,  0.99887818,
          0.99474606,  0.9846291 ],
        [-0.62728308, -0.28367488,  0.        , ...,  0.9444117 ,
          0.92484168,  0.89463487],
        ...,
        [-0.94172848, -0.99887818, -0.9444117 , ...,  0.        ,
         -0.05515342, -0.12783646],
        [-0.95884724, -0.99474606, -0.92484168, ...,  0.05515342,
          0.        , -0.07294098],
        [-0.9770027 , -0.9846291 , -0.89463487, ...,  0.12783646,
          0.07294098,  0.        ]],

       ...,

       [[ 0.        , -0.03988476,  0.50754482, ..., -0.92146984,
         -0.9538782 , -0.99994388],
        [ 0.03988476,  0.        ,  0.54150668, ..., -0.90524338,
         -0.94114603, -0.99957075],
        [-0.50754482, -0.54150668,  0.        , ..., -0.99111752,
         -0.9742475 , -0.85620007],
        ...,
        [ 0.92146984,  0.90524338,  0.99111752, ...,  0.        ,
         -0.09391429, -0.39819017],
        [ 0.9538782 ,  0.94114603,  0.9742475 , ...,  0.09391429,
          0.        , -0.31028243],
        [ 0.99994388,  0.99957075,  0.85620007, ...,  0.39819017,
          0.31028243,  0.        ]],

       [[ 0.        ,  0.33828062,  0.54457554, ...,  0.72070713,
          0.69497627,  0.6682377 ],
        [-0.33828062,  0.        ,  0.2287503 , ...,  0.91272759,
          0.89723896,  0.88050507],
        [-0.54457554, -0.2287503 ,  0.        , ...,  0.98198694,
          0.97445241,  0.96559464],
        ...,
        [-0.72070713, -0.91272759, -0.98198694, ...,  0.        ,
          0.03642686,  0.07291963],
        [-0.69497627, -0.89723896, -0.97445241, ..., -0.03642686,
          0.        ,  0.03654135],
        [-0.6682377 , -0.88050507, -0.96559464, ..., -0.07291963,
         -0.03654135,  0.        ]],

       [[ 0.        , -0.08740101, -0.33954968, ...,  0.94601202,
          0.97635056,  0.99771091],
        [ 0.08740101,  0.        , -0.25604193, ...,  0.9140624 ,
          0.95371874,  0.98798252],
        [ 0.33954968,  0.25604193,  0.        , ...,  0.77974891,
          0.84493533,  0.9154735 ],
        ...,
        [-0.94601202, -0.9140624 , -0.77974891, ...,  0.        ,
         -0.11194445, -0.25941696],
        [-0.97635056, -0.95371874, -0.84493533, ...,  0.11194445,
          0.        , -0.14967431],
        [-0.99771091, -0.98798252, -0.9154735 , ...,  0.25941696,
          0.14967431,  0.        ]]]), 'num': array([7.06624140e-01, 7.06624140e-01, 0.00000000e+00, 5.17201366e-04,
       5.19576573e-04, 4.97605907e-04, 3.69113492e-02, 1.30636396e-05,
       5.18745251e-04, 5.38607921e-04, 5.24792133e-04, 3.68347640e-07,
       5.71376904e-04, 5.05838938e-04])}
{'img': array([[[ 0.        ,  0.25296144,  0.10681897, ...,  0.74638696,
          0.6007763 ,  0.76661698],
        [-0.25296144,  0.        , -0.14816929, ...,  0.55376281,
          0.37901515,  0.57925609],
        [-0.10681897,  0.14816929,  0.        , ...,  0.67102716,
          0.51194603,  0.69364181],
        ...,
        [-0.74638696, -0.55376281, -0.67102716, ...,  0.        ,
         -0.1968506 ,  0.03093441],
        [-0.6007763 , -0.37901515, -0.51194603, ...,  0.1968506 ,
          0.        ,  0.22708552],
        [-0.76661698, -0.57925609, -0.69364181, ..., -0.03093441,
         -0.22708552,  0.        ]],

       [[ 0.        ,  0.48151338,  0.21672788, ...,  0.37683692,
          0.84521025,  0.94555482],
        [-0.48151338,  0.        , -0.28012009, ..., -0.11574155,
          0.48343792,  0.67200616],
        [-0.21672788,  0.28012009,  0.        , ...,  0.16712967,
          0.70929461,  0.85254405],
        ...,
        [-0.37683692,  0.11574155, -0.16712967, ...,  0.        ,
          0.58150659,  0.75320174],
        [-0.84521025, -0.48343792, -0.70929461, ..., -0.58150659,
          0.        ,  0.23025204],
        [-0.94555482, -0.67200616, -0.85254405, ..., -0.75320174,
         -0.23025204,  0.        ]],

       [[ 0.        ,  0.52944986,  0.60812816, ...,  0.96669686,
          0.98321245,  0.99572039],
        [-0.52944986,  0.        ,  0.09560232, ...,  0.95558782,
          0.93070544,  0.89364086],
        [-0.60812816, -0.09560232,  0.        , ...,  0.92303623,
          0.89147403,  0.84664296],
        ...,
        [-0.96669686, -0.95558782, -0.92303623, ...,  0.        ,
         -0.07524002, -0.16548963],
        [-0.98321245, -0.93070544, -0.89147403, ...,  0.07524002,
          0.        , -0.09081797],
        [-0.99572039, -0.89364086, -0.84664296, ...,  0.16548963,
          0.09081797,  0.        ]],

       ...,

       [[ 0.        ,  0.54150668,  0.17612721, ..., -0.94114603,
         -0.99957075, -0.97526242],
        [-0.54150668,  0.        , -0.38497201, ..., -0.9742475 ,
         -0.85620007, -0.93959984],
        [-0.17612721,  0.38497201,  0.        , ..., -0.98596452,
         -0.98910487, -0.99894951],
        ...,
        [ 0.94114603,  0.9742475 ,  0.98596452, ...,  0.        ,
         -0.31028243, -0.12159835],
        [ 0.99957075,  0.85620007,  0.98910487, ...,  0.31028243,
          0.        ,  0.19238315],
        [ 0.97526242,  0.93959984,  0.99894951, ...,  0.12159835,
         -0.19238315,  0.        ]],

       [[ 0.        ,  0.44695113,  0.54583263, ...,  0.70369827,
          0.67679575,  0.70938924],
        [-0.44695113,  0.        ,  0.11378137, ...,  0.94705749,
          0.9344657 ,  0.94960881],
        [-0.54583263, -0.11378137,  0.        , ...,  0.97743822,
          0.96890932,  0.97910523],
        ...,
        [-0.70369827, -0.94705749, -0.97743822, ...,  0.        ,
          0.03717948, -0.00804185],
        [-0.67679575, -0.9344657 , -0.96890932, ..., -0.03717948,
          0.        , -0.04521457],
        [-0.70938924, -0.94960881, -0.97910523, ...,  0.00804185,
          0.04521457,  0.        ]],

       [[ 0.        , -0.25604193, -0.32497789, ...,  0.95371874,
          0.98798252,  0.99462967],
        [ 0.25604193,  0.        , -0.07200058, ...,  0.84493533,
          0.9154735 ,  0.93497457],
        [ 0.32497789,  0.07200058,  0.        , ...,  0.80423154,
          0.88412601,  0.90700825],
        ...,
        [-0.95371874, -0.84493533, -0.80423154, ...,  0.        ,
         -0.14967431, -0.20037739],
        [-0.98798252, -0.9154735 , -0.88412601, ...,  0.14967431,
          0.        , -0.05148147],
        [-0.99462967, -0.93497457, -0.90700825, ...,  0.20037739,
          0.05148147,  0.        ]]]), 'num': array([7.06446122e-01, 7.06446122e-01, 0.00000000e+00, 5.22413939e-04,
       5.30725070e-04, 5.14696461e-04, 4.31917360e-02, 5.34286983e-06,
       5.14815191e-04, 5.36572544e-04, 5.25481142e-04, 4.10048429e-07,
       5.68418596e-04, 5.04726492e-04])}
{'img': array([[[ 0.        , -0.14816929, -0.80913059, ...,  0.37901515,
          0.57925609,  0.65235935],
        [ 0.14816929,  0.        , -0.71313087, ...,  0.51194603,
          0.69364181,  0.75745757],
        [ 0.80913059,  0.71313087,  0.        , ...,  0.97148198,
          0.99994686,  0.9965932 ],
        ...,
        [-0.37901515, -0.51194603, -0.97148198, ...,  0.        ,
          0.22708552,  0.31642783],
        [-0.57925609, -0.69364181, -0.99994686, ..., -0.22708552,
          0.        ,  0.092744  ],
        [-0.65235935, -0.75745757, -0.9965932 , ..., -0.31642783,
         -0.092744  ,  0.        ]],

       [[ 0.        , -0.28012009,  0.32347776, ...,  0.48343792,
          0.67200616,  0.96659721],
        [ 0.28012009,  0.        ,  0.57558697, ...,  0.70929461,
          0.85254405,  0.99969432],
        [-0.32347776, -0.57558697,  0.        , ...,  0.17428072,
          0.39632625,  0.83172141],
        ...,
        [-0.48343792, -0.70929461, -0.17428072, ...,  0.        ,
          0.23025204,  0.72223328],
        [-0.67200616, -0.85254405, -0.39632625, ..., -0.23025204,
          0.        ,  0.54357389],
        [-0.96659721, -0.99969432, -0.83172141, ..., -0.72223328,
         -0.54357389,  0.        ]],

       [[ 0.        ,  0.19036938,  0.15744742, ...,  0.99611229,
          0.9829622 ,  0.96482964],
        [-0.19036938,  0.        , -0.03342686, ...,  0.96112578,
          0.92999493,  0.89714182],
        [-0.15744742,  0.03342686,  0.        , ...,  0.96981819,
          0.941762  ,  0.91140654],
        ...,
        [-0.99611229, -0.96112578, -0.96981819, ...,  0.        ,
         -0.09650152, -0.17685958],
        [-0.9829622 , -0.92999493, -0.941762  , ...,  0.09650152,
          0.        , -0.08105387],
        [-0.96482964, -0.89714182, -0.91140654, ...,  0.17685958,
          0.08105387,  0.        ]],

       ...,

       [[ 0.        , -0.38497201, -0.75813029, ..., -0.85620007,
         -0.93959984, -0.98576084],
        [ 0.38497201,  0.        , -0.44865842, ..., -0.98910487,
         -0.99894951, -0.97452088],
        [ 0.75813029,  0.44865842,  0.        , ..., -0.9500145 ,
         -0.87220498, -0.77029991],
        ...,
        [ 0.85620007,  0.98910487,  0.9500145 , ...,  0.        ,
          0.19238315,  0.36531484],
        [ 0.93959984,  0.99894951,  0.87220498, ..., -0.19238315,
          0.        ,  0.17940431],
        [ 0.98576084,  0.97452088,  0.77029991, ..., -0.36531484,
         -0.17940431,  0.        ]],

       [[ 0.        ,  0.34067199,  0.35792381, ...,  0.69242753,
          0.72534215,  0.77002232],
        [-0.34067199,  0.        ,  0.01841085, ...,  0.89679861,
          0.91646848,  0.94131579],
        [-0.35792381, -0.01841085,  0.        , ...,  0.90479228,
          0.92367945,  0.94737041],
        ...,
        [-0.69242753, -0.89679861, -0.90479228, ...,  0.        ,
         -0.04666609, -0.11378093],
        [-0.72534215, -0.91646848, -0.92367945, ...,  0.04666609,
          0.        , -0.06729394],
        [-0.77002232, -0.94131579, -0.94737041, ...,  0.11378093,
          0.06729394,  0.        ]],

       [[ 0.        , -0.07200058,  0.12926094, ...,  0.9154735 ,
          0.93497457,  0.9420709 ],
        [ 0.07200058,  0.        ,  0.200322  , ...,  0.88412601,
          0.90700825,  0.91547585],
        [-0.12926094, -0.200322  ,  0.        , ...,  0.95980504,
          0.97298147,  0.97752341],
        ...,
        [-0.9154735 , -0.88412601, -0.95980504, ...,  0.        ,
         -0.05148147, -0.0720064 ],
        [-0.93497457, -0.90700825, -0.97298147, ...,  0.05148147,
          0.        , -0.02056308],
        [-0.9420709 , -0.91547585, -0.97752341, ...,  0.0720064 ,
          0.02056308,  0.        ]]]), 'num': array([7.06013061e-01, 7.06013061e-01, 0.00000000e+00, 5.45825223e-04,
       5.49384953e-04, 5.37519187e-04, 5.55771227e-02, 2.37315315e-05,
       5.20669800e-04, 5.35531672e-04, 5.26197269e-04, 5.77107697e-07,
       5.65793504e-04, 5.05269840e-04])}
{'img': array([[[ 0.        , -0.71313087, -0.42629162, ...,  0.69364181,
          0.75745757,  0.9620721 ],
        [ 0.71313087,  0.        ,  0.34624445, ...,  0.99994686,
          0.9965932 ,  0.86898105],
        [ 0.42629162, -0.34624445,  0.        , ...,  0.93452494,
          0.9635045 ,  0.9865671 ],
        ...,
        [-0.69364181, -0.99994686, -0.93452494, ...,  0.        ,
          0.092744  ,  0.50377763],
        [-0.75745757, -0.9965932 , -0.9635045 , ..., -0.092744  ,
          0.        ,  0.42149098],
        [-0.9620721 , -0.86898105, -0.9865671 , ..., -0.50377763,
         -0.42149098,  0.        ]],

       [[ 0.        ,  0.47163026, -0.26861163, ...,  0.70551814,
          0.89011116,  0.77504191],
        [-0.47163026,  0.        , -0.69115794, ...,  0.28788283,
          0.56995439,  0.98145697],
        [ 0.26861163,  0.69115794,  0.        , ...,  0.86995221,
          0.97981629,  0.57681967],
        ...,
        [-0.70551814, -0.28788283, -0.86995221, ...,  0.        ,
          0.30927923,  0.99508974],
        [-0.89011116, -0.56995439, -0.97981629, ..., -0.30927923,
          0.        ,  0.9156903 ],
        [-0.77504191, -0.98145697, -0.57681967, ..., -0.99508974,
         -0.9156903 ,  0.        ]],

       [[ 0.        , -0.03342686, -0.17894472, ...,  0.92999493,
          0.89714182,  0.94745282],
        [ 0.03342686,  0.        , -0.14595739, ...,  0.941762  ,
          0.91140654,  0.95761645],
        [ 0.17894472,  0.14595739,  0.        , ...,  0.98075913,
          0.96170868,  0.98940372],
        ...,
        [-0.92999493, -0.941762  , -0.98075913, ...,  0.        ,
         -0.08105387,  0.05075623],
        [-0.89714182, -0.91140654, -0.96170868, ...,  0.08105387,
          0.        ,  0.13153862],
        [-0.94745282, -0.95761645, -0.98940372, ..., -0.05075623,
         -0.13153862,  0.        ]],

       ...,

       [[ 0.        , -0.44865842, -0.36367152, ..., -0.99894951,
         -0.97452088, -0.69187861],
        [ 0.44865842,  0.        ,  0.09292309, ..., -0.87220498,
         -0.77029991, -0.29439663],
        [ 0.36367152, -0.09292309,  0.        , ..., -0.91388366,
         -0.82622241, -0.38192791],
        ...,
        [ 0.99894951,  0.87220498,  0.91388366, ...,  0.        ,
          0.17940431,  0.68955044],
        [ 0.97452088,  0.77029991,  0.82622241, ..., -0.17940431,
          0.        ,  0.54843142],
        [ 0.69187861,  0.29439663,  0.38192791, ..., -0.68955044,
         -0.54843142,  0.        ]],

       [[ 0.        ,  0.1149585 ,  0.15171957, ...,  0.73434055,
          0.77913462,  0.81115795],
        [-0.1149585 ,  0.        ,  0.03708602, ...,  0.80750377,
          0.84603168,  0.87301106],
        [-0.15171957, -0.03708602,  0.        , ...,  0.82882392,
          0.86522145,  0.89049737],
        ...,
        [-0.73434055, -0.80750377, -0.82882392, ...,  0.        ,
         -0.0685357 , -0.1211365 ],
        [-0.77913462, -0.84603168, -0.86522145, ...,  0.0685357 ,
          0.        , -0.05282068],
        [-0.81115795, -0.87301106, -0.89049737, ...,  0.1211365 ,
          0.05282068,  0.        ]],

       [[ 0.        ,  0.200322  ,  0.33585764, ...,  0.90700825,
          0.91547585,  0.90816769],
        [-0.200322  ,  0.        ,  0.140364  , ...,  0.97298147,
          0.97752341,  0.97361534],
        [-0.33585764, -0.140364  ,  0.        , ...,  0.99575661,
          0.9974384 ,  0.99600694],
        ...,
        [-0.90700825, -0.97298147, -0.99575661, ...,  0.        ,
         -0.02056308, -0.00276148],
        [-0.91547585, -0.97752341, -0.9974384 , ...,  0.02056308,
          0.        ,  0.01780211],
        [-0.90816769, -0.97361534, -0.99600694, ...,  0.00276148,
         -0.01780211,  0.        ]]]), 'num': array([7.97012784e-01, 6.01937876e-01, 4.19515930e-06, 6.21257667e-04,
       6.25265781e-04, 6.08565306e-04, 4.93808460e-02, 6.68018997e-06,
       5.94536907e-04, 6.03388159e-04, 5.93880022e-04, 6.94739757e-07,
       6.38117117e-04, 5.68659201e-04])}
{'img': array([[[ 0.        ,  0.34624445,  0.5000797 , ...,  0.9965932 ,
          0.86898105,  0.80154225],
        [-0.34624445,  0.        ,  0.16930639, ...,  0.9635045 ,
          0.9865671 ,  0.95899508],
        [-0.5000797 , -0.16930639,  0.        , ...,  0.90427285,
          0.9999818 ,  0.99313579],
        ...,
        [-0.9965932 , -0.9635045 , -0.90427285, ...,  0.        ,
          0.42149098,  0.52979451],
        [-0.86898105, -0.9865671 , -0.9999818 , ..., -0.42149098,
          0.        ,  0.12295745],
        [-0.80154225, -0.95899508, -0.99313579, ..., -0.52979451,
         -0.12295745,  0.        ]],

       [[ 0.        , -0.69115794, -0.72514586, ...,  0.56995439,
          0.98145697,  0.59971041],
        [ 0.69115794,  0.        , -0.04813751, ...,  0.97981629,
          0.57681967,  0.98648937],
        [ 0.72514586,  0.04813751,  0.        , ...,  0.9883031 ,
          0.53682881,  0.99323189],
        ...,
        [-0.56995439, -0.97981629, -0.9883031 , ...,  0.        ,
          0.9156903 ,  0.03668059],
        [-0.98145697, -0.57681967, -0.53682881, ..., -0.9156903 ,
          0.        , -0.90033271],
        [-0.59971041, -0.98648937, -0.99323189, ..., -0.03668059,
          0.90033271,  0.        ]],

       [[ 0.        , -0.14595739, -0.29638201, ...,  0.91140654,
          0.95761645,  0.99119062],
        [ 0.14595739,  0.        , -0.15380856, ...,  0.96170868,
          0.98940372,  0.99990688],
        [ 0.29638201,  0.15380856,  0.        , ...,  0.99241988,
          0.99996202,  0.98590964],
        ...,
        [-0.91140654, -0.96170868, -0.99241988, ...,  0.        ,
          0.13153862,  0.28717257],
        [-0.95761645, -0.98940372, -0.99996202, ..., -0.13153862,
          0.        ,  0.15867928],
        [-0.99119062, -0.99990688, -0.98590964, ..., -0.28717257,
         -0.15867928,  0.        ]],

       ...,

       [[ 0.        ,  0.09292309,  0.22424991, ..., -0.77029991,
         -0.29439663, -0.16961913],
        [-0.09292309,  0.        ,  0.13272315, ..., -0.82622241,
         -0.38192791, -0.26046185],
        [-0.22424991, -0.13272315,  0.        , ..., -0.89368174,
         -0.50121074, -0.38629968],
        ...,
        [ 0.77029991,  0.82622241,  0.89368174, ...,  0.        ,
          0.54843142,  0.650975  ],
        [ 0.29439663,  0.38192791,  0.50121074, ..., -0.54843142,
          0.        ,  0.12802855],
        [ 0.16961913,  0.26046185,  0.38629968, ..., -0.650975  ,
         -0.12802855,  0.        ]],

       [[ 0.        ,  0.0995073 ,  0.21852593, ...,  0.78013147,
          0.8121517 ,  0.79938397],
        [-0.0995073 ,  0.        ,  0.12033902, ...,  0.83851287,
          0.86617803,  0.85520252],
        [-0.21852593, -0.12033902,  0.        , ...,  0.89798981,
          0.92002107,  0.91135863],
        ...,
        [-0.78013147, -0.83851287, -0.89798981, ...,  0.        ,
         -0.05292995, -0.03138812],
        [-0.8121517 , -0.86617803, -0.92002107, ...,  0.05292995,
          0.        ,  0.02155975],
        [-0.79938397, -0.85520252, -0.91135863, ...,  0.03138812,
         -0.02155975,  0.        ]],

       [[ 0.        ,  0.27376911,  0.29129081, ...,  0.91814094,
          0.91088793,  0.91284493],
        [-0.27376911,  0.        ,  0.01826519, ...,  0.99154587,
          0.98905973,  0.98975178],
        [-0.29129081, -0.01826519,  0.        , ...,  0.99375049,
          0.99158913,  0.99219491],
        ...,
        [-0.91814094, -0.99154587, -0.99375049, ...,  0.        ,
          0.0179314 ,  0.01316441],
        [-0.91088793, -0.98905973, -0.99158913, ..., -0.0179314 ,
          0.        , -0.00476756],
        [-0.91284493, -0.98975178, -0.99219491, ..., -0.01316441,
          0.00476756,  0.        ]]]), 'num': array([ 7.18166819e-01,  6.93281095e-01,  5.42172631e-07,  5.53016084e-04,
        5.63859536e-04,  5.40967803e-04,  5.99612568e-02, -7.22896841e-06,
        5.44461804e-04,  5.43979873e-04,  5.36991870e-04,  6.37850154e-07,
        5.75096176e-04,  5.12863570e-04])}
{'img': array([[[ 0.        ,  0.37866961,  0.76084285, ...,  0.87796578,
          0.81095655,  0.88923699],
        [-0.37866961,  0.        ,  0.45845194, ...,  0.99386335,
          0.97212817,  0.99623842],
        [-0.76084285, -0.45845194,  0.        , ...,  0.93397703,
          0.97143305,  0.92510318],
        ...,
        [-0.87796578, -0.99386335, -0.93397703, ...,  0.        ,
          0.1254795 , -0.02407592],
        [-0.81095655, -0.97212817, -0.97143305, ..., -0.1254795 ,
          0.        , -0.14932875],
        [-0.88923699, -0.99623842, -0.92510318, ...,  0.02407592,
          0.14932875,  0.        ]],

       [[ 0.        , -0.04607703,  0.71614777, ...,  0.91408473,
          0.96649653,  0.55623811],
        [ 0.04607703,  0.        ,  0.74754654, ...,  0.89442856,
          0.97729704,  0.51735626],
        [-0.71614777, -0.74754654,  0.        , ...,  0.92839881,
          0.49074441,  0.9833609 ],
        ...,
        [-0.91408473, -0.89442856, -0.92839881, ...,  0.        ,
         -0.62656379,  0.53405791],
        [-0.96649653, -0.97729704, -0.49074441, ...,  0.62656379,
          0.        ,  0.94595583],
        [-0.55623811, -0.51735626, -0.9833609 , ..., -0.53405791,
         -0.94595583,  0.        ]],

       [[ 0.        , -0.15380856, -0.22372871, ...,  0.98940372,
          0.99990688,  0.98028159],
        [ 0.15380856,  0.        , -0.07115675, ...,  0.99996202,
          0.98590964,  0.93822344],
        [ 0.22372871,  0.07115675,  0.        , ...,  0.99680706,
          0.97150749,  0.91122281],
        ...,
        [-0.98940372, -0.99996202, -0.99680706, ...,  0.        ,
          0.15867928,  0.33783936],
        [-0.99990688, -0.98590964, -0.97150749, ..., -0.15867928,
          0.        ,  0.18420946],
        [-0.98028159, -0.93822344, -0.91122281, ..., -0.33783936,
         -0.18420946,  0.        ]],

       ...,

       [[ 0.        ,  0.13272315,  0.34830515, ..., -0.38192791,
         -0.26046185, -0.22550797],
        [-0.13272315,  0.        ,  0.22081156, ..., -0.50121074,
         -0.38629968, -0.35281731],
        [-0.34830515, -0.22081156,  0.        , ..., -0.67991292,
         -0.58043514, -0.5507202 ],
        ...,
        [ 0.38192791,  0.50121074,  0.67991292, ...,  0.        ,
          0.12802855,  0.16367726],
        [ 0.26046185,  0.38629968,  0.58043514, ..., -0.12802855,
          0.        ,  0.03602833],
        [ 0.22550797,  0.35281731,  0.5507202 , ..., -0.16367726,
         -0.03602833,  0.        ]],

       [[ 0.        ,  0.19528502,  0.41143632, ...,  0.81289516,
          0.80012939,  0.80492282],
        [-0.19528502,  0.        ,  0.22552446, ...,  0.91098007,
          0.90186144,  0.9053034 ],
        [-0.41143632, -0.22552446,  0.        , ...,  0.9805286 ,
          0.97605954,  0.97777554],
        ...,
        [-0.81289516, -0.91098007, -0.9805286 , ...,  0.        ,
          0.02159343,  0.01356021],
        [-0.80012939, -0.90186144, -0.97605954, ..., -0.02159343,
          0.        , -0.0080344 ],
        [-0.80492282, -0.9053034 , -0.97777554, ..., -0.01356021,
          0.0080344 ,  0.        ]],

       [[ 0.        ,  0.0223663 , -0.06985116, ...,  0.9805192 ,
          0.98144894,  0.98124294],
        [-0.0223663 ,  0.        , -0.09214536, ...,  0.98466718,
          0.98549157,  0.98530914],
        [ 0.06985116,  0.09214536,  0.        , ...,  0.96440381,
          0.96565955,  0.9653806 ],
        ...,
        [-0.9805192 , -0.98466718, -0.96440381, ...,  0.        ,
         -0.00479063, -0.00371911],
        [-0.98144894, -0.98549157, -0.96565955, ...,  0.00479063,
          0.        ,  0.00107153],
        [-0.98124294, -0.98530914, -0.9653806 , ...,  0.00371911,
         -0.00107153,  0.        ]]]), 'num': array([7.16145040e-01, 6.96166145e-01, 4.32443607e-07, 5.54969295e-04,
       5.62176689e-04, 5.43557589e-04, 4.98656969e-02, 3.60369672e-06,
       5.49203380e-04, 5.42236233e-04, 5.36820678e-04, 6.68559120e-07,
       5.73044035e-04, 5.11428432e-04])}
{'img': array([[[ 0.        ,  0.70146167,  0.71251443, ...,  0.82229547,
          0.89972168,  0.86442463],
        [-0.70146167,  0.        ,  0.01562834, ...,  0.98523021,
          0.94740093,  0.96875021],
        [-0.71251443, -0.01562834,  0.        , ...,  0.98243376,
          0.94228339,  0.96475547],
        ...,
        [-0.82229547, -0.98523021, -0.98243376, ...,  0.        ,
         -0.15309387, -0.07849088],
        [-0.89972168, -0.94740093, -0.94228339, ...,  0.15309387,
          0.        ,  0.07505595],
        [-0.86442463, -0.96875021, -0.96475547, ...,  0.07849088,
         -0.07505595,  0.        ]],

       [[ 0.        ,  0.74754654,  0.06937204, ...,  0.97729704,
          0.51735626,  0.99843288],
        [-0.74754654,  0.        , -0.69966803, ...,  0.49074441,
          0.9833609 ,  0.70500304],
        [-0.06937204,  0.69966803,  0.        , ...,  0.96024448,
          0.5754764 ,  0.99990974],
        ...,
        [-0.97729704, -0.49074441, -0.96024448, ...,  0.        ,
          0.94595583,  0.26623363],
        [-0.51735626, -0.9833609 , -0.5754764 , ..., -0.94595583,
          0.        , -0.82547652],
        [-0.99843288, -0.70500304, -0.99990974, ..., -0.26623363,
          0.82547652,  0.        ]],

       [[ 0.        , -0.07115675,  0.16473092, ...,  0.98590964,
          0.93822344,  0.87436189],
        [ 0.07115675,  0.        ,  0.23449799, ...,  0.97150749,
          0.91122281,  0.83761496],
        [-0.16473092, -0.23449799,  0.        , ...,  0.99999666,
          0.98240779,  0.94235654],
        ...,
        [-0.98590964, -0.97150749, -0.99999666, ...,  0.        ,
          0.18420946,  0.33217456],
        [-0.93822344, -0.91122281, -0.98240779, ..., -0.18420946,
          0.        ,  0.15274039],
        [-0.87436189, -0.83761496, -0.94235654, ..., -0.33217456,
         -0.15274039,  0.        ]],

       ...,

       [[ 0.        ,  0.22081156,  0.36036229, ..., -0.38629968,
         -0.35281731, -0.25290469],
        [-0.22081156,  0.        ,  0.14549151, ..., -0.58043514,
         -0.5507202 , -0.46029536],
        [-0.36036229, -0.14549151,  0.        , ..., -0.6927337 ,
         -0.66630056, -0.58455998],
        ...,
        [ 0.38629968,  0.58043514,  0.6927337 , ...,  0.        ,
          0.03602833,  0.140469  ],
        [ 0.35281731,  0.5507202 ,  0.66630056, ..., -0.03602833,
          0.        ,  0.10470669],
        [ 0.25290469,  0.46029536,  0.58455998, ..., -0.140469  ,
         -0.10470669,  0.        ]],

       [[ 0.        ,  0.36751327,  0.49741052, ...,  0.80303072,
          0.80782162,  0.81232237],
        [-0.36751327,  0.        ,  0.14377751, ...,  0.96584823,
          0.96791113,  0.96981158],
        [-0.49741052, -0.14377751,  0.        , ...,  0.99306707,
          0.99398481,  0.99479621],
        ...,
        [-0.80303072, -0.96584823, -0.99306707, ...,  0.        ,
         -0.00808328, -0.01575899],
        [-0.80782162, -0.96791113, -0.99398481, ...,  0.00808328,
          0.        , -0.0076762 ],
        [-0.81232237, -0.96981158, -0.99479621, ...,  0.01575899,
          0.0076762 ,  0.        ]],

       [[ 0.        , -0.09214536, -0.08618807, ...,  0.98549157,
          0.98530914,  0.98496576],
        [ 0.09214536,  0.        ,  0.00598108, ...,  0.96565955,
          0.9653806 ,  0.96485721],
        [ 0.08618807, -0.00598108,  0.        , ...,  0.96719623,
          0.96692347,  0.96641163],
        ...,
        [-0.98549157, -0.96565955, -0.96719623, ...,  0.        ,
          0.00107153,  0.00307065],
        [-0.98530914, -0.9653806 , -0.96692347, ..., -0.00107153,
          0.        ,  0.00199913],
        [-0.98496576, -0.96485721, -0.96641163, ..., -0.00307065,
         -0.00199913,  0.        ]]]), 'num': array([7.13477348e-01, 6.99332017e-01, 2.99055628e-07, 5.65813248e-04,
       5.72990584e-04, 5.57439691e-04, 4.33863206e-02, 1.31584476e-05,
       5.54808001e-04, 5.40094464e-04, 5.36156899e-04, 7.05721231e-07,
       5.71154814e-04, 5.09034114e-04])}
{'img': array([[[ 0.        ,  0.02275758,  0.28100338, ...,  0.98979695,
          0.99798147,  0.96440178],
        [-0.02275758,  0.        ,  0.25909001, ...,  0.98629799,
          0.99627777,  0.97017006],
        [-0.28100338, -0.25909001,  0.        , ...,  0.90987605,
          0.93992424,  0.99985183],
        ...,
        [-0.98979695, -0.98629799, -0.90987605, ...,  0.        ,
          0.07933965,  0.39915605],
        [-0.99798147, -0.99627777, -0.93992424, ..., -0.07933965,
          0.        ,  0.32515259],
        [-0.96440178, -0.97017006, -0.99985183, ..., -0.39915605,
         -0.32515259,  0.        ]],

       [[ 0.        , -0.69966803, -0.1960407 , ...,  0.9833609 ,
          0.70500304,  0.45701191],
        [ 0.69966803,  0.        ,  0.54602668, ...,  0.5754764 ,
          0.99990974,  0.94884755],
        [ 0.1960407 , -0.54602668,  0.        , ...,  0.92866624,
          0.8303559 ,  0.62251442],
        ...,
        [-0.9833609 , -0.5754764 , -0.92866624, ...,  0.        ,
         -0.82547652, -0.95768277],
        [-0.70500304, -0.99990974, -0.8303559 , ...,  0.82547652,
          0.        , -0.3029576 ],
        [-0.45701191, -0.94884755, -0.62251442, ...,  0.95768277,
          0.3029576 ,  0.        ]],

       [[ 0.        ,  0.23449799,  0.54989397, ...,  0.91122281,
          0.83761496,  0.70059263],
        [-0.23449799,  0.        ,  0.33870024, ...,  0.98240779,
          0.94235654,  0.84838646],
        [-0.54989397, -0.33870024,  0.        , ...,  0.98759363,
          0.99999057,  0.97754226],
        ...,
        [-0.91122281, -0.98240779, -0.98759363, ...,  0.        ,
          0.15274039,  0.36162971],
        [-0.83761496, -0.94235654, -0.99999057, ..., -0.15274039,
          0.        ,  0.21498327],
        [-0.70059263, -0.84838646, -0.97754226, ..., -0.36162971,
         -0.21498327,  0.        ]],

       ...,

       [[ 0.        ,  0.14549151,  0.08850624, ..., -0.5507202 ,
         -0.46029536, -0.33897342],
        [-0.14549151,  0.        , -0.05735606, ..., -0.66630056,
         -0.58455998, -0.4722444 ],
        [-0.08850624,  0.05735606,  0.        , ..., -0.62243424,
         -0.5370618 , -0.42090948],
        ...,
        [ 0.5507202 ,  0.66630056,  0.62243424, ...,  0.        ,
          0.10470669,  0.23517764],
        [ 0.46029536,  0.58455998,  0.5370618 , ..., -0.10470669,
          0.        ,  0.13211498],
        [ 0.33897342,  0.4722444 ,  0.42090948, ..., -0.23517764,
         -0.13211498,  0.        ]],

       [[ 0.        ,  0.35403897,  0.53586918, ...,  0.81847663,
          0.8229623 ,  0.8162175 ],
        [-0.35403897,  0.        ,  0.20224582, ...,  0.96887393,
          0.9707877 ,  0.96789579],
        [-0.53586918, -0.20224582,  0.        , ...,  0.99891884,
          0.99925305,  0.99872888],
        ...,
        [-0.81847663, -0.96887393, -0.99891884, ...,  0.        ,
         -0.00785133,  0.00392112],
        [-0.8229623 , -0.9707877 , -0.99925305, ...,  0.00785133,
          0.        ,  0.01177226],
        [-0.8162175 , -0.96789579, -0.99872888, ..., -0.00392112,
         -0.01177226,  0.        ]],

       [[ 0.        ,  0.00598108, -0.08308585, ...,  0.9653806 ,
          0.96485721,  0.96628535],
        [-0.00598108,  0.        , -0.08904477, ...,  0.96692347,
          0.96641163,  0.96780804],
        [ 0.08308585,  0.08904477,  0.        , ...,  0.94037014,
          0.93968825,  0.94155191],
        ...,
        [-0.9653806 , -0.96692347, -0.94037014, ...,  0.        ,
          0.00199913, -0.00349107],
        [-0.96485721, -0.96641163, -0.93968825, ..., -0.00199913,
          0.        , -0.00549018],
        [-0.96628535, -0.96780804, -0.94155191, ...,  0.00349107,
          0.00549018,  0.        ]]]), 'num': array([ 7.08637482e-01,  7.04765601e-01,  8.31768261e-08,  5.53125893e-04,
        5.65008297e-04,  5.53125893e-04,  3.37043312e-02, -8.91180279e-06,
        5.52412949e-04,  5.36223174e-04,  5.33737771e-04,  6.92321870e-07,
        5.66394829e-04,  5.06051519e-04])}
{'img': array([[[ 0.        ,  0.25909001,  0.38956289, ...,  0.99627777,
          0.97017006,  0.99994206],
        [-0.25909001,  0.        ,  0.13763869, ...,  0.93992424,
          0.99985183,  0.96858613],
        [-0.38956289, -0.13763869,  0.        , ...,  0.883991  ,
          0.98796642,  0.92513985],
        ...,
        [-0.99627777, -0.93992424, -0.883991  , ...,  0.        ,
          0.32515259,  0.09692013],
        [-0.97017006, -0.99985183, -0.98796642, ..., -0.32515259,
          0.        , -0.23196819],
        [-0.99994206, -0.96858613, -0.92513985, ..., -0.09692013,
          0.23196819,  0.        ]],

       [[ 0.        ,  0.54602668,  0.57136606, ...,  0.99990974,
          0.94884755,  0.73659361],
