state_0,state_1,state_2,state_3,state_4,state_5,state_6,state_7,state_8,state_9,state_10,state_11,state_12,state_13,state_14,state_15,state_16,state_17,state_18,state_19,state_20,state_21,state_22,state_23,state_24,state_25,state_26,state_27,state_28,state_29,state_30,state_31,state_32,state_33,state_34,state_35,state_36,state_37,state_38,state_39,state_40,state_41,state_42,state_43,state_44,state_45,state_46,state_47,state_48,state_49,state_50,state_51,state_52,state_53,state_54,state_55,state_56,state_57,state_58,state_59,state_60,state_61,state_62,state_63,state_64,state_65,state_66,state_67,state_68,state_69,state_70,state_71,state_72,state_73,state_74,state_75,state_76,state_77,state_78,state_79,state_80,state_81,state_82,state_83,state_84,state_85,state_86,state_87,state_88,state_89,state_90,state_91,state_92,state_93,state_94,state_95,state_96,state_97,state_98,state_99,state_100,state_101,state_102,state_103,state_104,state_105,state_106,state_107,state_108,state_109,state_110,state_111,state_112,state_113,state_114,state_115,state_116,state_117,state_118,state_119,state_120,state_121,state_122,state_123,state_124,state_125,state_126,state_127,state_128,state_129,state_130,state_131,state_132,state_133,state_134,state_135,state_136,state_137,state_138,state_139,state_140,state_141,state_142,state_143,state_144,state_145,state_146,state_147,state_148,state_149,state_150,state_151,state_152,state_153,state_154,state_155,state_156,state_157,state_158,state_159,state_160,state_161,state_162,state_163,state_164,state_165,state_166,state_167,state_168,state_169,state_170,state_171,state_172,state_173,state_174,state_175,state_176,state_177,state_178,state_179,state_180,state_181,state_182,state_183,state_184,state_185,state_186,state_187,state_188,state_189,state_190,state_191,state_192,state_193,state_194,state_195,state_196,state_197,state_198,state_199,state_200,state_201,state_202,state_203,state_204,state_205,state_206,state_207,state_208,state_209,state_210,state_211,state_212,state_213,state_214,state_215,state_216,state_217,state_218,state_219,state_220,state_221,state_222,state_223,state_224,state_225,state_226,state_227,state_228,state_229,state_230,state_231,state_232,state_233,state_234,state_235,state_236,state_237,state_238,state_239,state_240,state_241,state_242,state_243,state_244,state_245,state_246,state_247,state_248,state_249,state_250,state_251,state_252,state_253,state_254,state_255,state_256,state_257,state_258,state_259,state_260,state_261,state_262,state_263,state_264,state_265,state_266,state_267,state_268,state_269,state_270,state_271,state_272,state_273,state_274,state_275,state_276,state_277,state_278,state_279,state_280,state_281,state_282,state_283,state_284,state_285,state_286,state_287
{'img': array([[[ 0.        , -0.26767315, -0.17140532, ..., -0.31198048,
          0.03395883,  0.12067641],
        [ 0.26767315,  0.        ,  0.09856105, ..., -0.04628305,
          0.30023843,  0.38198987],
        [ 0.17140532, -0.09856105,  0.        , ..., -0.14451313,
          0.20476272,  0.28904314],
        ...,
        [ 0.31198048,  0.04628305,  0.14451313, ...,  0.        ,
          0.34406443,  0.42435376],
        [-0.03395883, -0.30023843, -0.20476272, ..., -0.34406443,
          0.        ,  0.08689615],
        [-0.12067641, -0.38198987, -0.28904314, ..., -0.42435376,
         -0.08689615,  0.        ]],

       [[ 0.        , -0.4428693 , -0.23430202, ..., -0.9502625 ,
         -0.6359235 , -0.76692716],
        [ 0.4428693 ,  0.        ,  0.22046958, ..., -0.71406053,
         -0.22837491, -0.40341193],
        [ 0.23430202, -0.22046958,  0.        , ..., -0.85083747,
         -0.43739877, -0.59521925],
        ...,
        [ 0.9502625 ,  0.71406053,  0.85083747, ...,  0.        ,
          0.53530863,  0.37095636],
        [ 0.6359235 ,  0.22837491,  0.43739877, ..., -0.53530863,
          0.        , -0.18378381],
        [ 0.76692716,  0.40341193,  0.59521925, ..., -0.37095636,
          0.18378381,  0.        ]],

       [[ 0.        ,  0.46127946,  0.62036439, ...,  0.5490579 ,
          0.58124937,  0.60454811],
        [-0.46127946,  0.        ,  0.18863354, ...,  0.10162418,
          0.1403615 ,  0.16894753],
        [-0.62036439, -0.18863354,  0.        , ..., -0.08785718,
         -0.04892446, -0.02000743],
        ...,
        [-0.5490579 , -0.10162418,  0.08785718, ...,  0.        ,
          0.03901669,  0.06790953],
        [-0.58124937, -0.1403615 ,  0.04892446, ..., -0.03901669,
          0.        ,  0.0289312 ],
        [-0.60454811, -0.16894753,  0.02000743, ..., -0.06790953,
         -0.0289312 ,  0.        ]],

       ...,

       [[ 0.        , -0.21440069, -0.18612275, ..., -0.83197657,
         -0.64556051, -0.55424579],
        [ 0.21440069,  0.        ,  0.02885974, ..., -0.6936778 ,
         -0.46680875, -0.36290018],
        [ 0.18612275, -0.02885974,  0.        , ..., -0.71417612,
         -0.49213667, -0.38964134],
        ...,
        [ 0.83197657,  0.6936778 ,  0.71417612, ...,  0.        ,
          0.27722417,  0.3849967 ],
        [ 0.64556051,  0.46680875,  0.49213667, ..., -0.27722417,
          0.        ,  0.1140517 ],
        [ 0.55424579,  0.36290018,  0.38964134, ..., -0.3849967 ,
         -0.1140517 ,  0.        ]],

       [[ 0.        ,  0.35990962,  0.50742248, ...,  0.43538927,
          0.48512848,  0.53105854],
        [-0.35990962,  0.        ,  0.16328548, ...,  0.08220674,
          0.13789825,  0.19050674],
        [-0.50742248, -0.16328548,  0.        , ..., -0.08162937,
         -0.02567802,  0.02765487],
        ...,
        [-0.43538927, -0.08220674,  0.08162937, ...,  0.        ,
          0.05601013,  0.10916073],
        [-0.48512848, -0.13789825,  0.02567802, ..., -0.05601013,
          0.        ,  0.05331395],
        [-0.53105854, -0.19050674, -0.02765487, ..., -0.10916073,
         -0.05331395,  0.        ]],

       [[ 0.        ,  0.05879631,  0.11000447, ...,  0.99430782,
          0.99484198,  0.99709224],
        [-0.05879631,  0.        ,  0.05137468, ...,  0.99885216,
          0.99908501,  0.99984779],
        [-0.11000447, -0.05137468,  0.        , ...,  0.99999395,
          0.99996288,  0.99942377],
        ...,
        [-0.99430782, -0.99885216, -0.99999395, ...,  0.        ,
         -0.0051365 , -0.03046537],
        [-0.99484198, -0.99908501, -0.99996288, ...,  0.0051365 ,
          0.        , -0.02533085],
        [-0.99709224, -0.99984779, -0.99942377, ...,  0.03046537,
          0.02533085,  0.        ]]]), 'num': array([7.06994548e-01, 7.06994548e-01, 0.00000000e+00, 1.14341094e-03,
       1.17541480e-03, 1.14195621e-03, 1.75267440e-02, 2.90944259e-06,
       1.11606218e-03, 1.10646102e-03, 1.14743566e-03, 1.66515267e-06,
       1.14388328e-03, 1.06903875e-03])}
{'img': array([[[ 0.        ,  0.09856105,  0.09856105, ...,  0.30023843,
          0.38198987,  0.40137022],
        [-0.09856105,  0.        ,  0.        , ...,  0.20476272,
          0.28904314,  0.30914232],
        [-0.09856105,  0.        ,  0.        , ...,  0.20476272,
          0.28904314,  0.30914232],
        ...,
        [-0.30023843, -0.20476272, -0.20476272, ...,  0.        ,
          0.08689615,  0.10785953],
        [-0.38198987, -0.28904314, -0.28904314, ..., -0.08689615,
          0.        ,  0.02106233],
        [-0.40137022, -0.30914232, -0.30914232, ..., -0.10785953,
         -0.02106233,  0.        ]],

       [[ 0.        ,  0.22046958, -0.26541752, ..., -0.22837491,
         -0.40341193, -0.0918746 ],
        [-0.22046958,  0.        , -0.47144874, ..., -0.43739877,
         -0.59521925, -0.30915104],
        [ 0.26541752,  0.47144874,  0.        , ...,  0.03821948,
         -0.14608105,  0.17571557],
        ...,
        [ 0.22837491,  0.43739877, -0.03821948, ...,  0.        ,
         -0.18378381,  0.13796236],
        [ 0.40341193,  0.59521925,  0.14608105, ...,  0.18378381,
          0.        ,  0.31763877],
        [ 0.0918746 ,  0.30915104, -0.17571557, ..., -0.13796236,
         -0.31763877,  0.        ]],

       [[ 0.        ,  0.21128923,  0.12589377, ...,  0.15884793,
          0.19000199,  0.30796085],
        [-0.21128923,  0.        , -0.08655662, ..., -0.05334479,
         -0.0217279 ,  0.09998782],
        [-0.12589377,  0.08655662,  0.        , ...,  0.0332888 ,
          0.06488984,  0.18573542],
        ...,
        [-0.15884793,  0.05334479, -0.0332888 , ...,  0.        ,
          0.03163524,  0.15292292],
        [-0.19000199,  0.0217279 , -0.06488984, ..., -0.03163524,
          0.        ,  0.12158323],
        [-0.30796085, -0.09998782, -0.18573542, ..., -0.15292292,
         -0.12158323,  0.        ]],

       ...,

       [[ 0.        ,  0.02885974,  0.02410817, ..., -0.46680875,
         -0.36290018, -0.39425939],
        [-0.02885974,  0.        , -0.00475323, ..., -0.49213667,
         -0.38964134, -0.42061725],
        [-0.02410817,  0.00475323,  0.        , ..., -0.48799334,
         -0.38525937, -0.41630018],
        ...,
        [ 0.46680875,  0.49213667,  0.48799334, ...,  0.        ,
          0.1140517 ,  0.08033032],
        [ 0.36290018,  0.38964134,  0.38525937, ..., -0.1140517 ,
          0.        , -0.03387697],
        [ 0.39425939,  0.42061725,  0.41630018, ..., -0.08033032,
          0.03387697,  0.        ]],

       [[ 0.        ,  0.37693733,  0.49601814, ...,  0.34275153,
          0.41156907,  0.48404852],
        [-0.37693733,  0.        ,  0.13213196, ..., -0.03663501,
          0.03767861,  0.11850882],
        [-0.49601814, -0.13213196,  0.        , ..., -0.16835706,
         -0.09468988, -0.01373108],
        ...,
        [-0.34275153,  0.03663501,  0.16835706, ...,  0.        ,
          0.07426232,  0.15480611],
        [-0.41156907, -0.03767861,  0.09468988, ..., -0.07426232,
          0.        ,  0.08101158],
        [-0.48404852, -0.11850882,  0.01373108, ..., -0.15480611,
         -0.08101158,  0.        ]],

       [[ 0.        ,  0.05137468,  0.13037283, ...,  0.99908501,
          0.99984779,  0.99994741],
        [-0.05137468,  0.        ,  0.07926446, ...,  0.99996288,
          0.99942377,  0.99810003],
        [-0.13037283, -0.07926446,  0.        , ...,  0.9961337 ,
          0.99358874,  0.9900758 ],
        ...,
        [-0.99908501, -0.99996288, -0.9961337 , ...,  0.        ,
         -0.02533085, -0.05301265],
        [-0.99984779, -0.99942377, -0.99358874, ...,  0.02533085,
          0.        , -0.02770042],
        [-0.99994741, -0.99810003, -0.9900758 , ...,  0.05301265,
          0.02770042,  0.        ]]]), 'num': array([7.07053215e-01, 7.07053215e-01, 0.00000000e+00, 1.15223487e-03,
       1.17260266e-03, 1.13623161e-03, 1.18835569e-02, 8.72905203e-06,
       1.13099418e-03, 1.10880783e-03, 1.14850077e-03, 1.83272305e-06,
       1.15120618e-03, 1.06640949e-03])}
{'img': array([[[ 0.        ,  0.        ,  0.63915466, ...,  0.28904314,
          0.30914232,  0.36732175],
        [ 0.        ,  0.        ,  0.63915466, ...,  0.28904314,
          0.30914232,  0.36732175],
        [-0.63915466, -0.63915466,  0.        , ..., -0.38957624,
         -0.37009154, -0.31197471],
        ...,
        [-0.28904314, -0.28904314,  0.38957624, ...,  0.        ,
          0.02106233,  0.08280574],
        [-0.30914232, -0.30914232,  0.37009154, ..., -0.02106233,
          0.        ,  0.06179738],
        [-0.36732175, -0.36732175,  0.31197471, ..., -0.08280574,
         -0.06179738,  0.        ]],

       [[ 0.        , -0.47144874,  0.97429564, ..., -0.59521925,
         -0.30915104, -0.54390315],
        [ 0.47144874,  0.        ,  0.96542972, ..., -0.14608105,
          0.17571557, -0.08404937],
        [-0.97429564, -0.96542972,  0.        , ..., -0.9169952 ,
         -0.99621121, -0.94010504],
        ...,
        [ 0.59521925,  0.14608105,  0.9169952 , ...,  0.        ,
          0.31763877,  0.06241642],
        [ 0.30915104, -0.17571557,  0.99621121, ..., -0.31763877,
          0.        , -0.25783546],
        [ 0.54390315,  0.08404937,  0.94010504, ..., -0.06241642,
          0.25783546,  0.        ]],

       [[ 0.        , -0.08655662,  0.2121355 , ..., -0.0217279 ,
          0.09998782,  0.27240728],
        [ 0.08655662,  0.        ,  0.29592596, ...,  0.06488984,
          0.18573542,  0.35466814],
        [-0.2121355 , -0.29592596,  0.        , ..., -0.2333188 ,
         -0.11336029,  0.06209439],
        ...,
        [ 0.0217279 , -0.06488984,  0.2333188 , ...,  0.        ,
          0.12158323,  0.29324916],
        [-0.09998782, -0.18573542,  0.11336029, ..., -0.12158323,
          0.        ,  0.17483566],
        [-0.27240728, -0.35466814, -0.06209439, ..., -0.29324916,
         -0.17483566,  0.        ]],

       ...,

       [[ 0.        , -0.00475323,  0.1207057 , ..., -0.38964134,
         -0.42061725, -0.24201178],
        [ 0.00475323,  0.        ,  0.12542281, ..., -0.38525937,
         -0.41630018, -0.23739711],
        [-0.1207057 , -0.12542281,  0.        , ..., -0.49795834,
         -0.52705066, -0.35735979],
        ...,
        [ 0.38964134,  0.38525937,  0.49795834, ...,  0.        ,
         -0.03387697,  0.1551738 ],
        [ 0.42061725,  0.41630018,  0.52705066, ...,  0.03387697,
          0.        ,  0.18855136],
        [ 0.24201178,  0.23739711,  0.35735979, ..., -0.1551738 ,
         -0.18855136,  0.        ]],

       [[ 0.        ,  0.15128398,  0.49432125, ...,  0.04469077,
          0.13625746,  0.24452361],
        [-0.15128398,  0.        ,  0.35712375, ..., -0.10695644,
         -0.01518384,  0.09501772],
        [-0.49432125, -0.35712375,  0.        , ..., -0.4549786 ,
         -0.37126515, -0.26675599],
        ...,
        [-0.04469077,  0.10695644,  0.4549786 , ...,  0.        ,
          0.09184737,  0.20094519],
        [-0.13625746,  0.01518384,  0.37126515, ..., -0.09184737,
          0.        ,  0.11012191],
        [-0.24452361, -0.09501772,  0.26675599, ..., -0.20094519,
         -0.11012191,  0.        ]],

       [[ 0.        ,  0.07926446, -0.00932847, ...,  0.99942377,
          0.99810003,  0.99562195],
        [-0.07926446,  0.        , -0.08856013, ...,  0.99358874,
          0.9900758 ,  0.98508038],
        [ 0.00932847,  0.08856013,  0.        , ...,  0.99969692,
          0.99863137,  0.99645058],
        ...,
        [-0.99942377, -0.99358874, -0.99969692, ...,  0.        ,
         -0.02770042, -0.05962334],
        [-0.99810003, -0.9900758 , -0.99863137, ...,  0.02770042,
          0.        , -0.03194933],
        [-0.99562195, -0.98508038, -0.99645058, ...,  0.05962334,
          0.03194933,  0.        ]]]), 'num': array([ 7.07083648e-01,  7.07083648e-01,  0.00000000e+00,  1.14937465e-03,
        1.15810408e-03,  1.14064523e-03,  7.42513486e-03, -2.90980925e-06,
        1.14297307e-03,  1.11081968e-03,  1.14930191e-03,  1.77286391e-06,
        1.15675874e-03,  1.06488062e-03])}
{'img': array([[[ 0.        ,  0.63915466,  0.69424891, ...,  0.30914232,
          0.36732175,  0.34827048],
        [-0.63915466,  0.        ,  0.07390975, ..., -0.37009154,
         -0.31197471, -0.33129255],
        [-0.69424891, -0.07390975,  0.        , ..., -0.43774112,
         -0.38134239, -0.40012237],
        ...,
        [-0.30914232,  0.37009154,  0.43774112, ...,  0.        ,
          0.06179738,  0.04142254],
        [-0.36732175,  0.31197471,  0.38134239, ..., -0.06179738,
          0.        , -0.02040097],
        [-0.34827048,  0.33129255,  0.40012237, ..., -0.04142254,
          0.02040097,  0.        ]],

       [[ 0.        ,  0.96542972,  0.81022623, ...,  0.17571557,
         -0.08404937, -0.34644395],
        [-0.96542972,  0.        , -0.77705143, ..., -0.99621121,
         -0.94010504, -0.81533602],
        [-0.81022623,  0.77705143,  0.        , ..., -0.69462997,
         -0.85662211, -0.96310625],
        ...,
        [-0.17571557,  0.99621121,  0.69462997, ...,  0.        ,
         -0.25783546, -0.50588724],
        [ 0.08404937,  0.94010504,  0.85662211, ...,  0.25783546,
          0.        , -0.26637384],
        [ 0.34644395,  0.81533602,  0.96310625, ...,  0.50588724,
          0.26637384,  0.        ]],

       [[ 0.        ,  0.29592596,  0.46828057, ...,  0.18573542,
          0.35466814,  0.46828057],
        [-0.29592596,  0.        ,  0.18583249, ..., -0.11336029,
          0.06209439,  0.18583249],
        [-0.46828057, -0.18583249,  0.        , ..., -0.29602033,
         -0.12446109,  0.        ],
        ...,
        [-0.18573542,  0.11336029,  0.29602033, ...,  0.        ,
          0.17483566,  0.29602033],
        [-0.35466814, -0.06209439,  0.12446109, ..., -0.17483566,
          0.        ,  0.12446109],
        [-0.46828057, -0.18583249,  0.        , ..., -0.29602033,
         -0.12446109,  0.        ]],

       ...,

       [[ 0.        ,  0.12542281,  0.1463321 , ..., -0.41630018,
         -0.23739711, -0.30394751],
        [-0.12542281,  0.        ,  0.02110387, ..., -0.52705066,
         -0.35735979, -0.42103626],
        [-0.1463321 , -0.02110387,  0.        , ..., -0.54486806,
         -0.37699052, -0.44008462],
        ...,
        [ 0.41630018,  0.52705066,  0.54486806, ...,  0.        ,
          0.18855136,  0.12024716],
        [ 0.23739711,  0.35735979,  0.37699052, ..., -0.18855136,
          0.        , -0.0690929 ],
        [ 0.30394751,  0.42103626,  0.44008462, ..., -0.12024716,
          0.0690929 ,  0.        ]],

       [[ 0.        ,  0.35712375,  0.57524167, ..., -0.01518384,
          0.09501772,  0.16689614],
        [-0.35712375,  0.        ,  0.24518722, ..., -0.37126515,
         -0.26675599, -0.19622438],
        [-0.57524167, -0.24518722,  0.        , ..., -0.58759549,
         -0.4949161 , -0.43065532],
        ...,
        [ 0.01518384,  0.37126515,  0.58759549, ...,  0.        ,
          0.11012191,  0.18184778],
        [-0.09501772,  0.26675599,  0.4949161 , ..., -0.11012191,
          0.        ,  0.07245598],
        [-0.16689614,  0.19622438,  0.43065532, ..., -0.18184778,
         -0.07245598,  0.        ]],

       [[ 0.        , -0.08856013, -0.14146353, ...,  0.9900758 ,
          0.98508038,  0.98179913],
        [ 0.08856013,  0.        , -0.05323818, ...,  0.99863137,
          0.99645058,  0.99476102],
        [ 0.14146353,  0.05323818,  0.        , ...,  0.99999956,
          0.99951904,  0.99879271],
        ...,
        [-0.9900758 , -0.99863137, -0.99999956, ...,  0.        ,
         -0.03194933, -0.05006091],
        [-0.98508038, -0.99645058, -0.99951904, ...,  0.03194933,
          0.        , -0.01812608],
        [-0.98179913, -0.99476102, -0.99879271, ...,  0.05006091,
          0.01812608,  0.        ]]]), 'num': array([8.77440430e-01, 4.79326924e-01, 9.94041214e-06, 1.43723287e-03,
       1.43902717e-03, 1.40852410e-03, 1.81156296e-02, 1.97372804e-05,
       1.41857217e-03, 1.37362500e-03, 1.41866189e-03, 2.62145697e-06,
       1.43729074e-03, 1.30995927e-03])}
{'img': array([[[ 0.        ,  0.07390975,  0.53845343, ..., -0.31197471,
         -0.33129255, -0.22567279],
        [-0.07390975,  0.        ,  0.47470029, ..., -0.38134239,
         -0.40012237, -0.29705868],
        [-0.53845343, -0.47470029,  0.        , ..., -0.77446657,
         -0.78721135, -0.7147274 ],
        ...,
        [ 0.31197471,  0.38134239,  0.77446657, ...,  0.        ,
         -0.02040097,  0.08951719],
        [ 0.33129255,  0.40012237,  0.78721135, ...,  0.02040097,
          0.        ,  0.10981763],
        [ 0.22567279,  0.29705868,  0.7147274 , ..., -0.08951719,
         -0.10981763,  0.        ]],

       [[ 0.        , -0.77705143, -0.62209746, ..., -0.94010504,
         -0.81533602, -0.9776587 ],
        [ 0.77705143,  0.        ,  0.21681326, ..., -0.85662211,
         -0.96310625, -0.77870982],
        [ 0.62209746, -0.21681326,  0.        , ..., -0.9481093 ,
         -0.99854603, -0.89621195],
        ...,
        [ 0.94010504,  0.85662211,  0.9481093 , ...,  0.        ,
         -0.26637384,  0.1356603 ],
        [ 0.81533602,  0.96310625,  0.99854603, ...,  0.26637384,
          0.        ,  0.39467019],
        [ 0.9776587 ,  0.77870982,  0.89621195, ..., -0.1356603 ,
         -0.39467019,  0.        ]],

       [[ 0.        ,  0.18583249,  0.51770232, ...,  0.06209439,
          0.18583249,  0.25554219],
        [-0.18583249,  0.        ,  0.3496937 , ..., -0.12446109,
          0.        ,  0.07142855],
        [-0.51770232, -0.3496937 ,  0.        , ..., -0.46357778,
         -0.3496937 , -0.28188164],
        ...,
        [-0.06209439,  0.12446109,  0.46357778, ...,  0.        ,
          0.12446109,  0.19501634],
        [-0.18583249,  0.        ,  0.3496937 , ..., -0.12446109,
          0.        ,  0.07142855],
        [-0.25554219, -0.07142855,  0.28188164, ..., -0.19501634,
         -0.07142855,  0.        ]],

       ...,

       [[ 0.        ,  0.02110387,  0.22063354, ..., -0.35735979,
         -0.42103626,  0.01392311],
        [-0.02110387,  0.        ,  0.2000006 , ..., -0.37699052,
         -0.44008462, -0.00718182],
        [-0.22063354, -0.2000006 ,  0.        , ..., -0.55461769,
         -0.61078485, -0.20703215],
        ...,
        [ 0.35735979,  0.37699052,  0.55461769, ...,  0.        ,
         -0.0690929 ,  0.37032887],
        [ 0.42103626,  0.44008462,  0.61078485, ...,  0.0690929 ,
          0.        ,  0.43362431],
        [-0.01392311,  0.00718182,  0.20703215, ..., -0.37032887,
         -0.43362431,  0.        ]],

       [[ 0.        ,  0.24518722,  0.54545579, ..., -0.26675599,
         -0.19622438, -0.09557657],
        [-0.24518722,  0.        ,  0.32330505, ..., -0.4949161 ,
         -0.43065532, -0.33672394],
        [-0.54545579, -0.32330505,  0.        , ..., -0.74926947,
         -0.69931502, -0.62306525],
        ...,
        [ 0.26675599,  0.4949161 ,  0.74926947, ...,  0.        ,
          0.07245598,  0.17342154],
        [ 0.19622438,  0.43065532,  0.69931502, ..., -0.07245598,
          0.        ,  0.10160762],
        [ 0.09557657,  0.33672394,  0.62306525, ..., -0.17342154,
         -0.10160762,  0.        ]],

       [[ 0.        , -0.05323818, -0.18919249, ...,  0.99645058,
          0.99476102,  0.9911808 ],
        [ 0.05323818,  0.        , -0.13664749, ...,  0.99951904,
          0.99879271,  0.99683009],
        [ 0.18919249,  0.13664749,  0.        , ...,  0.99438089,
          0.99613638,  0.99835122],
        ...,
        [-0.99645058, -0.99951904, -0.99438089, ...,  0.        ,
         -0.01812608, -0.04860867],
        [-0.99476102, -0.99879271, -0.99613638, ...,  0.01812608,
          0.        , -0.03049603],
        [-0.9911808 , -0.99683009, -0.99835122, ...,  0.04860867,
          0.03049603,  0.        ]]]), 'num': array([ 8.74355877e-01,  4.84472146e-01,  1.01137155e-05,  1.40245946e-03,
        1.47340099e-03,  1.39882144e-03,  2.77937270e-02, -5.45704072e-05,
        1.43338269e-03,  1.39345535e-03,  1.43656597e-03,  2.12957687e-06,
        1.45801854e-03,  1.32889215e-03])}
{'img': array([[[ 0.        ,  0.47470029,  0.99913956, ..., -0.40012237,
         -0.29705868, -0.57960433],
        [-0.47470029,  0.        ,  0.89907822, ..., -0.78721135,
         -0.7147274 , -0.89696964],
        [-0.99913956, -0.89907822,  0.        , ..., -0.89907822,
         -0.94171722, -0.79015798],
        ...,
        [ 0.40012237,  0.78721135,  0.89907822, ...,  0.        ,
          0.10981763, -0.20512625],
        [ 0.29705868,  0.7147274 ,  0.94171722, ..., -0.10981763,
          0.        , -0.31136801],
        [ 0.57960433,  0.89696964,  0.79015798, ...,  0.20512625,
          0.31136801,  0.        ]],

       [[ 0.        ,  0.21681326,  0.78814276, ..., -0.96310625,
         -0.77870982, -0.54685948],
        [-0.21681326,  0.        ,  0.63594836, ..., -0.99854603,
         -0.89621195, -0.71537274],
        [-0.78814276, -0.63594836,  0.        , ..., -0.80489077,
         -0.9737584 , -0.99644025],
        ...,
        [ 0.96310625,  0.99854603,  0.80489077, ...,  0.        ,
          0.39467019,  0.65916444],
        [ 0.77870982,  0.89621195,  0.9737584 , ..., -0.39467019,
          0.        ,  0.30886383],
        [ 0.54685948,  0.71537274,  0.99644025, ..., -0.65916444,
         -0.30886383,  0.        ]],

       [[ 0.        ,  0.3496937 ,  0.73642329, ...,  0.        ,
          0.07142855,  0.03466796],
        [-0.3496937 ,  0.        ,  0.45335339, ..., -0.3496937 ,
         -0.28188164, -0.31700433],
        [-0.73642329, -0.45335339,  0.        , ..., -0.73642329,
         -0.68621934, -0.71252702],
        ...,
        [ 0.        ,  0.3496937 ,  0.73642329, ...,  0.        ,
          0.07142855,  0.03466796],
        [-0.07142855,  0.28188164,  0.68621934, ..., -0.07142855,
          0.        , -0.03680621],
        [-0.03466796,  0.31700433,  0.71252702, ..., -0.03466796,
          0.03680621,  0.        ]],

       ...,

       [[ 0.        ,  0.2000006 ,  0.36941532, ..., -0.44008462,
         -0.00718182, -0.50906502],
        [-0.2000006 ,  0.        ,  0.17609814, ..., -0.61078485,
         -0.20703215, -0.67092589],
        [-0.36941532, -0.17609814,  0.        , ..., -0.74067379,
         -0.3760796 , -0.79102214],
        ...,
        [ 0.44008462,  0.61078485,  0.74067379, ...,  0.        ,
          0.43362431, -0.07832496],
        [ 0.00718182,  0.20703215,  0.3760796 , ..., -0.43362431,
          0.        , -0.5028703 ],
        [ 0.50906502,  0.67092589,  0.79102214, ...,  0.07832496,
          0.5028703 ,  0.        ]],

       [[ 0.        ,  0.32330505,  0.69665343, ..., -0.43065532,
         -0.33672394, -0.32899185],
        [-0.32330505,  0.        ,  0.42729794, ..., -0.69931502,
         -0.62306525, -0.61663083],
        [-0.69665343, -0.42729794,  0.        , ..., -0.9376967 ,
         -0.89753964, -0.89389399],
        ...,
        [ 0.43065532,  0.69931502,  0.9376967 , ...,  0.        ,
          0.10160762,  0.10976136],
        [ 0.33672394,  0.62306525,  0.89753964, ..., -0.10160762,
          0.        ,  0.00819959],
        [ 0.32899185,  0.61663083,  0.89389399, ..., -0.10976136,
         -0.00819959,  0.        ]],

       [[ 0.        , -0.13664749, -0.50502528, ...,  0.99879271,
          0.99683009,  0.99743164],
        [ 0.13664749,  0.        , -0.38234694, ...,  0.99613638,
          0.99835122,  0.99786283],
        [ 0.50502528,  0.38234694,  0.        , ...,  0.88687115,
          0.90054834,  0.89706018],
        ...,
        [-0.99879271, -0.99613638, -0.88687115, ...,  0.        ,
         -0.03049603, -0.0225411 ],
        [-0.99683009, -0.99835122, -0.90054834, ...,  0.03049603,
          0.        ,  0.00795767],
        [-0.99743164, -0.99786283, -0.89706018, ...,  0.0225411 ,
         -0.00795767,  0.        ]]]), 'num': array([8.98313137e-01, 4.39230643e-01, 1.17864568e-05, 1.44820976e-03,
       1.45192789e-03, 1.41102851e-03, 9.66199447e-03, 1.48725007e-05,
       1.46233864e-03, 1.42617987e-03, 1.46652153e-03, 2.07635562e-06,
       1.49248641e-03, 1.35987333e-03])}
{'img': array([[[ 0.        ,  0.89907822,  0.68637229, ..., -0.7147274 ,
         -0.89696964, -0.85346006],
        [-0.89907822,  0.        , -0.35336939, ..., -0.94171722,
         -0.79015798, -0.84219663],
        [-0.68637229,  0.35336939,  0.        , ..., -0.99983669,
         -0.95576129, -0.97838772],
        ...,
        [ 0.7147274 ,  0.94171722,  0.99983669, ...,  0.        ,
         -0.31136801, -0.22442655],
        [ 0.89696964,  0.79015798,  0.95576129, ...,  0.31136801,
          0.        ,  0.09015515],
        [ 0.85346006,  0.84219663,  0.97838772, ...,  0.22442655,
         -0.09015515,  0.        ]],

       [[ 0.        ,  0.63594836,  0.89477319, ..., -0.89621195,
         -0.71537274, -0.99795694],
        [-0.63594836,  0.        ,  0.40656052, ..., -0.9737584 ,
         -0.99644025, -0.81078576],
        [-0.89477319, -0.40656052,  0.        , ..., -0.79712215,
         -0.94464544, -0.50277585],
        ...,
        [ 0.89621195,  0.9737584 ,  0.79712215, ...,  0.        ,
          0.30886383, -0.38546064],
        [ 0.71537274,  0.99644025,  0.94464544, ..., -0.30886383,
          0.        , -0.65161019],
        [ 0.99795694,  0.81078576,  0.50277585, ...,  0.38546064,
          0.65161019,  0.        ]],

       [[ 0.        ,  0.45335339,  0.84180573, ..., -0.28188164,
         -0.31700433, -0.33604077],
        [-0.45335339,  0.        ,  0.50561605, ..., -0.68621934,
         -0.71252702, -0.72651324],
        [-0.84180573, -0.50561605,  0.        , ..., -0.95982406,
         -0.96950162, -0.97424086],
        ...,
        [ 0.28188164,  0.68621934,  0.95982406, ...,  0.        ,
         -0.03680621, -0.05692455],
        [ 0.31700433,  0.71252702,  0.96950162, ...,  0.03680621,
          0.        , -0.02013945],
        [ 0.33604077,  0.72651324,  0.97424086, ...,  0.05692455,
          0.02013945,  0.        ]],

       ...,

       [[ 0.        ,  0.17609814,  0.56924137, ..., -0.20703215,
         -0.67092589, -0.73257267],
        [-0.17609814,  0.        ,  0.41556293, ..., -0.3760796 ,
         -0.79102214, -0.84099251],
        [-0.56924137, -0.41556293,  0.        , ..., -0.72712399,
         -0.97372182, -0.98977585],
        ...,
        [ 0.20703215,  0.3760796 ,  0.72712399, ...,  0.        ,
         -0.5028703 , -0.57577637],
        [ 0.67092589,  0.79102214,  0.97372182, ...,  0.5028703 ,
          0.        , -0.08652876],
        [ 0.73257267,  0.84099251,  0.98977585, ...,  0.57577637,
          0.08652876,  0.        ]],

       [[ 0.        ,  0.42729794,  0.71751986, ..., -0.62306525,
         -0.61663083, -0.60067352],
        [-0.42729794,  0.        ,  0.35108823, ..., -0.89753964,
         -0.89389399, -0.88469778],
        [-0.71751986, -0.35108823,  0.        , ..., -0.99521106,
         -0.9943761 , -0.99204508],
        ...,
        [ 0.62306525,  0.89753964,  0.99521106, ...,  0.        ,
          0.00819959,  0.02830846],
        [ 0.61663083,  0.89389399,  0.9943761 , ..., -0.00819959,
          0.        ,  0.0201112 ],
        [ 0.60067352,  0.88469778,  0.99204508, ..., -0.02830846,
         -0.0201112 ,  0.        ]],

       [[ 0.        , -0.38234694, -0.5561347 , ...,  0.99835122,
          0.99786283,  0.99675217],
        [ 0.38234694,  0.        , -0.19611338, ...,  0.90054834,
          0.89706018,  0.8902273 ],
        [ 0.5561347 ,  0.19611338,  0.        , ...,  0.79779934,
          0.79297622,  0.78360729],
        ...,
        [-0.99835122, -0.90054834, -0.79779934, ...,  0.        ,
          0.00795767,  0.02318312],
        [-0.99786283, -0.89706018, -0.79297622, ..., -0.00795767,
          0.        ,  0.01522686],
        [-0.99675217, -0.8902273 , -0.78360729, ..., -0.02318312,
         -0.01522686,  0.        ]]]), 'num': array([ 9.35048561e-01,  3.54353085e-01,  1.53015936e-05,  1.49279043e-03,
        1.52622579e-03,  1.49082364e-03,  9.98564690e-03, -3.93357162e-05,
        1.53409293e-03,  1.50842638e-03,  1.54736873e-03,  1.93267970e-06,
        1.57884143e-03,  1.43801132e-03])}
{'img': array([[[ 0.        , -0.35336939, -0.8301073 , ..., -0.79015798,
         -0.84219663, -0.69032197],
        [ 0.35336939,  0.        , -0.57951191, ..., -0.95576129,
         -0.97838772, -0.90144863],
        [ 0.8301073 ,  0.57951191,  0.        , ..., -0.94937045,
         -0.91718132, -0.98551062],
        ...,
        [ 0.79015798,  0.95576129,  0.94937045, ...,  0.        ,
          0.09015515, -0.14858056],
        [ 0.84219663,  0.97838772,  0.91718132, ..., -0.09015515,
          0.        , -0.23712996],
        [ 0.69032197,  0.90144863,  0.98551062, ...,  0.14858056,
          0.23712996,  0.        ]],

       [[ 0.        ,  0.40656052, -0.56174212, ..., -0.99644025,
         -0.81078576, -0.80319794],
        [-0.40656052,  0.        , -0.84957355, ..., -0.94464544,
         -0.50277585, -0.49162772],
        [ 0.56174212,  0.84957355,  0.        , ..., -0.77701139,
         -0.99958493, -0.99913226],
        ...,
        [ 0.99644025,  0.94464544,  0.77701139, ...,  0.        ,
         -0.65161019, -0.66130283],
        [ 0.81078576,  0.50277585,  0.99958493, ...,  0.65161019,
          0.        , -0.0128487 ],
        [ 0.80319794,  0.49162772,  0.99913226, ...,  0.66130283,
          0.0128487 ,  0.        ]],

       [[ 0.        ,  0.50561605,  0.75351893, ..., -0.71252702,
         -0.72651324, -0.79059109],
        [-0.50561605,  0.        ,  0.31769971, ..., -0.96950162,
         -0.97424086, -0.99170045],
        [-0.75351893, -0.31769971,  0.        , ..., -0.99713648,
         -0.99541124, -0.98116844],
        ...,
        [ 0.71252702,  0.96950162,  0.99713648, ...,  0.        ,
         -0.02013945, -0.11840206],
        [ 0.72651324,  0.97424086,  0.99541124, ...,  0.02013945,
          0.        , -0.09838025],
        [ 0.79059109,  0.99170045,  0.98116844, ...,  0.11840206,
          0.09838025,  0.        ]],

       ...,

       [[ 0.        ,  0.41556293, -0.26943065, ..., -0.79102214,
         -0.84099251, -0.93625134],
        [-0.41556293,  0.        , -0.64525986, ..., -0.97372182,
         -0.98977585, -0.99758103],
        [ 0.26943065,  0.64525986,  0.        , ..., -0.59693567,
         -0.66411785, -0.80696925],
        ...,
        [ 0.79102214,  0.97372182,  0.59693567, ...,  0.        ,
         -0.08652876, -0.29487635],
        [ 0.84099251,  0.98977585,  0.66411785, ...,  0.08652876,
          0.        , -0.21108908],
        [ 0.93625134,  0.99758103,  0.80696925, ...,  0.29487635,
          0.21108908,  0.        ]],

       [[ 0.        ,  0.35108823,  0.54350118, ..., -0.89389399,
         -0.88469778, -0.88516803],
        [-0.35108823,  0.        ,  0.21419678, ..., -0.9943761 ,
         -0.99204508, -0.99217168],
        [-0.54350118, -0.21419678,  0.        , ..., -0.99398197,
         -0.995984  , -0.99589309],
        ...,
        [ 0.89389399,  0.9943761 ,  0.99398197, ...,  0.        ,
          0.0201112 ,  0.01910167],
        [ 0.88469778,  0.99204508,  0.995984  , ..., -0.0201112 ,
          0.        , -0.00100973],
        [ 0.88516803,  0.99217168,  0.99589309, ..., -0.01910167,
          0.00100973,  0.        ]],

       [[ 0.        , -0.19611338,  0.29006844, ...,  0.89706018,
          0.8902273 ,  0.89273355],
        [ 0.19611338,  0.        ,  0.47211733, ...,  0.79297622,
          0.78360729,  0.78703202],
        [-0.29006844, -0.47211733,  0.        , ...,  0.98667557,
          0.98408377,  0.98505176],
        ...,
        [-0.89706018, -0.79297622, -0.98667557, ...,  0.        ,
          0.01522686,  0.00969537],
        [-0.8902273 , -0.78360729, -0.98408377, ..., -0.01522686,
          0.        , -0.00553189],
        [-0.89273355, -0.78703202, -0.98505176, ..., -0.00969537,
          0.00553189,  0.        ]]]), 'num': array([9.23222789e-01, 3.84072503e-01, 1.38599045e-05, 1.48936543e-03,
       1.49702284e-03, 1.45107840e-03, 1.14219397e-02, 3.63726776e-05,
       1.48859969e-03, 1.47070050e-03, 1.50075582e-03, 2.02696036e-06,
       1.53851152e-03, 1.40288948e-03])}
{'img': array([[[ 0.        , -0.79276776, -0.93585665, ..., -0.85183542,
         -0.69985421, -0.84590517],
        [ 0.79276776,  0.        , -0.29107065, ..., -0.93447327,
         -0.99284049, -0.93840881],
        [ 0.93585665,  0.29107065,  0.        , ..., -0.7903812 ,
         -0.91508433, -0.79720441],
        ...,
        [ 0.85183542,  0.93447327,  0.7903812 , ...,  0.        ,
         -0.24186357, -0.01121904],
        [ 0.69985421,  0.99284049,  0.91508433, ...,  0.24186357,
          0.        ,  0.2309624 ],
        [ 0.84590517,  0.93840881,  0.79720441, ...,  0.01121904,
         -0.2309624 ,  0.        ]],

       [[ 0.        , -0.84957355, -0.99938665, ..., -0.50277585,
         -0.49162772, -0.56731991],
        [ 0.84957355,  0.        , -0.55689785, ..., -0.99958493,
         -0.99913226, -0.99886602],
        [ 0.99938665,  0.55689785,  0.        , ..., -0.84627993,
         -0.85305506, -0.80312543],
        ...,
        [ 0.50277585,  0.99958493,  0.84627993, ...,  0.        ,
         -0.0128487 ,  0.07636622],
        [ 0.49162772,  0.99913226,  0.85305506, ...,  0.0128487 ,
          0.        ,  0.08917109],
        [ 0.56731991,  0.99886602,  0.80312543, ..., -0.07636622,
         -0.08917109,  0.        ]],

       [[ 0.        ,  0.31769971,  0.69028588, ..., -0.97424086,
         -0.99170045, -0.99583225],
        [-0.31769971,  0.        ,  0.42465571, ..., -0.99541124,
         -0.98116844, -0.97321496],
        [-0.69028588, -0.42465571,  0.        , ..., -0.86056539,
         -0.8062817 , -0.78347788],
        ...,
        [ 0.97424086,  0.99541124,  0.86056539, ...,  0.        ,
         -0.09838025, -0.13571566],
        [ 0.99170045,  0.98116844,  0.8062817 , ...,  0.09838025,
          0.        , -0.03758727],
        [ 0.99583225,  0.97321496,  0.78347788, ...,  0.13571566,
          0.03758727,  0.        ]],

       ...,

       [[ 0.        , -0.64525986, -0.81009635, ..., -0.98977585,
         -0.99758103, -0.99870544],
        [ 0.64525986,  0.        , -0.24057   , ..., -0.66411785,
         -0.80696925, -0.73015181],
        [ 0.81009635,  0.24057   ,  0.        , ..., -0.46475706,
         -0.64119095, -0.5443307 ],
        ...,
        [ 0.98977585,  0.66411785,  0.46475706, ...,  0.        ,
         -0.21108908, -0.09210013],
        [ 0.99758103,  0.80696925,  0.64119095, ...,  0.21108908,
          0.        ,  0.12016707],
        [ 0.99870544,  0.73015181,  0.5443307 , ...,  0.09210013,
         -0.12016707,  0.        ]],

       [[ 0.        ,  0.21419678,  0.38281171, ..., -0.99204508,
         -0.99217168, -0.99028481],
        [-0.21419678,  0.        ,  0.17604621, ..., -0.995984  ,
         -0.99589309, -0.99708573],
        [-0.38281171, -0.17604621,  0.        , ..., -0.96466695,
         -0.96440042, -0.96808272],
        ...,
        [ 0.99204508,  0.995984  ,  0.96466695, ...,  0.        ,
         -0.00100973,  0.01328767],
        [ 0.99217168,  0.99589309,  0.96440042, ...,  0.00100973,
          0.        ,  0.0142973 ],
        [ 0.99028481,  0.99708573,  0.96808272, ..., -0.01328767,
         -0.0142973 ,  0.        ]],

       [[ 0.        ,  0.47211733,  0.62247951, ...,  0.78360729,
          0.78703202,  0.7694847 ],
        [-0.47211733,  0.        ,  0.17924186, ...,  0.98408377,
          0.98505176,  0.97985318],
        [-0.62247951, -0.17924186,  0.        , ...,  0.99999878,
          0.99997484,  0.99978253],
        ...,
        [-0.78360729, -0.98408377, -0.99999878, ...,  0.        ,
         -0.00553189,  0.02241538],
        [-0.78703202, -0.98505176, -0.99997484, ...,  0.00553189,
          0.        ,  0.02794555],
        [-0.7694847 , -0.97985318, -0.99978253, ..., -0.02241538,
         -0.02794555,  0.        ]]]), 'num': array([ 9.93880916e-01,  1.09924068e-01,  2.29897750e-05,  1.60137110e-03,
        1.61803036e-03,  1.59095907e-03,  9.83787447e-03, -1.87416644e-05,
        1.60595240e-03,  1.60105874e-03,  1.62660293e-03,  1.99284125e-06,
        1.67403545e-03,  1.52808203e-03])}
{'img': array([[[ 0.        , -0.73277281, -0.88401654, ..., -0.76420754,
         -0.90746933, -0.85009633],
        [ 0.73277281,  0.        , -0.25901095, ..., -0.99263966,
         -0.92536001, -0.96436602],
        [ 0.88401654,  0.25901095,  0.        , ..., -0.92739762,
         -0.7955932 , -0.86292948],
        ...,
        [ 0.76420754,  0.99263966,  0.92739762, ...,  0.        ,
          0.26423326,  0.14583449],
        [ 0.90746933,  0.92536001,  0.7955932 , ..., -0.26423326,
          0.        , -0.12075699],
        [ 0.85009633,  0.96436602,  0.86292948, ..., -0.14583449,
          0.12075699,  0.        ]],

       [[ 0.        , -0.96465878, -0.93790922, ..., -0.55651349,
         -0.6393743 , -0.51794251],
