state_0,state_1,state_2,state_3,state_4,state_5,state_6,state_7,state_8,state_9,state_10,state_11,state_12,state_13,state_14,state_15,state_16,state_17,state_18,state_19,state_20,state_21,state_22,state_23,state_24,state_25,state_26,state_27,state_28,state_29,state_30,state_31,state_32,state_33,state_34,state_35,state_36,state_37,state_38,state_39,state_40,state_41,state_42,state_43,state_44,state_45,state_46,state_47,state_48,state_49,state_50,state_51,state_52,state_53,state_54,state_55,state_56,state_57,state_58,state_59,state_60,state_61,state_62,state_63,state_64,state_65,state_66,state_67,state_68,state_69,state_70,state_71,state_72,state_73,state_74,state_75,state_76,state_77,state_78,state_79,state_80,state_81,state_82,state_83,state_84,state_85,state_86,state_87,state_88,state_89,state_90,state_91,state_92,state_93,state_94,state_95,state_96,state_97,state_98,state_99,state_100,state_101,state_102,state_103,state_104,state_105,state_106,state_107,state_108,state_109,state_110,state_111,state_112,state_113,state_114,state_115,state_116,state_117,state_118,state_119,state_120,state_121,state_122,state_123,state_124,state_125,state_126,state_127,state_128,state_129,state_130,state_131,state_132,state_133,state_134,state_135,state_136,state_137,state_138,state_139,state_140,state_141,state_142,state_143,state_144,state_145,state_146,state_147,state_148,state_149,state_150,state_151,state_152,state_153,state_154,state_155,state_156,state_157,state_158,state_159,state_160,state_161,state_162,state_163,state_164,state_165,state_166,state_167,state_168,state_169,state_170,state_171,state_172,state_173,state_174,state_175,state_176,state_177,state_178,state_179,state_180,state_181,state_182,state_183,state_184,state_185,state_186,state_187,state_188,state_189,state_190,state_191,state_192,state_193,state_194,state_195,state_196,state_197,state_198,state_199,state_200,state_201,state_202,state_203,state_204,state_205,state_206,state_207,state_208,state_209,state_210,state_211,state_212,state_213,state_214,state_215,state_216,state_217,state_218,state_219,state_220,state_221,state_222,state_223,state_224,state_225,state_226,state_227,state_228,state_229,state_230,state_231,state_232,state_233,state_234,state_235,state_236,state_237,state_238,state_239,state_240,state_241,state_242,state_243,state_244,state_245,state_246,state_247,state_248,state_249,state_250,state_251,state_252,state_253,state_254,state_255,state_256,state_257,state_258,state_259,state_260,state_261,state_262,state_263,state_264,state_265,state_266,state_267,state_268,state_269,state_270,state_271,state_272,state_273,state_274,state_275,state_276,state_277,state_278,state_279,state_280,state_281,state_282,state_283,state_284,state_285,state_286,state_287
{'img': array([[[ 0.        , -0.39572897,  0.50605028, ...,  0.54831525,
          0.72403179,  0.92625218],
        [ 0.39572897,  0.        ,  0.80605786, ...,  0.83449177,
          0.93788778,  0.99979173],
        [-0.50605028, -0.80605786,  0.        , ...,  0.04972855,
          0.27542371,  0.60816363],
        ...,
        [-0.54831525, -0.83449177, -0.04972855, ...,  0.        ,
          0.22727775,  0.56793609],
        [-0.72403179, -0.93788778, -0.27542371, ..., -0.22727775,
          0.        ,  0.36600709],
        [-0.92625218, -0.99979173, -0.60816363, ..., -0.56793609,
         -0.36600709,  0.        ]],

       [[ 0.        , -0.08289158,  0.28349914, ..., -0.10120669,
         -0.45556912,  0.07054753],
        [ 0.08289158,  0.        ,  0.36201425, ..., -0.01839242,
         -0.38021119,  0.1529898 ],
        [-0.28349914, -0.36201425,  0.        , ..., -0.37909792,
         -0.68924931, -0.21513964],
        ...,
        [ 0.10120669,  0.01839242,  0.37909792, ...,  0.        ,
         -0.36313573,  0.17113982],
        [ 0.45556912,  0.38021119,  0.68924931, ...,  0.36313573,
          0.        ,  0.51723547],
        [-0.07054753, -0.1529898 ,  0.21513964, ..., -0.17113982,
         -0.51723547,  0.        ]],

       [[ 0.        ,  0.31149206,  0.58512201, ...,  0.99093688,
          0.96727473,  0.98099563],
        [-0.31149206,  0.        ,  0.30340845, ...,  0.89979432,
          0.84011631,  0.87175112],
        [-0.58512201, -0.30340845,  0.        , ...,  0.7249971 ,
          0.63594308,  0.68200263],
        ...,
        [-0.99093688, -0.89979432, -0.7249971 , ...,  0.        ,
         -0.12149932, -0.0604958 ],
        [-0.96727473, -0.84011631, -0.63594308, ...,  0.12149932,
          0.        ,  0.06122917],
        [-0.98099563, -0.87175112, -0.68200263, ...,  0.0604958 ,
         -0.06122917,  0.        ]],

       ...,

       [[ 0.        , -0.11608638,  0.3537133 , ..., -0.60913313,
         -0.89471199,  0.12546464],
        [ 0.11608638,  0.        ,  0.45990373, ..., -0.51295046,
         -0.83681372,  0.23978546],
        [-0.3537133 , -0.45990373,  0.        , ..., -0.85027374,
         -0.9948561 , -0.23356446],
        ...,
        [ 0.60913313,  0.51295046,  0.85027374, ...,  0.        ,
         -0.43750206,  0.7038218 ],
        [ 0.89471199,  0.83681372,  0.9948561 , ...,  0.43750206,
          0.        ,  0.94368003],
        [-0.12546464, -0.23978546,  0.23356446, ..., -0.7038218 ,
         -0.94368003,  0.        ]],

       [[ 0.        , -0.55085808, -0.86230606, ...,  0.71982704,
          0.75394727,  0.68147097],
        [ 0.55085808,  0.        , -0.4407321 , ...,  0.98314692,
          0.9911215 ,  0.97189776],
        [ 0.86230606,  0.4407321 ,  0.        , ...,  0.96308412,
          0.94826842,  0.97616285],
        ...,
        [-0.71982704, -0.98314692, -0.96308412, ...,  0.        ,
          0.05047558, -0.05375648],
        [-0.75394727, -0.9911215 , -0.94826842, ..., -0.05047558,
          0.        , -0.10409055],
        [-0.68147097, -0.97189776, -0.97616285, ...,  0.05375648,
          0.10409055,  0.        ]],

       [[ 0.        ,  0.5910939 ,  0.74752023, ...,  0.85790453,
          0.89212751,  0.89971169],
        [-0.5910939 ,  0.        ,  0.21032422, ...,  0.9956976 ,
          0.98663909,  0.98371336],
        [-0.74752023, -0.21032422,  0.        , ...,  0.9539364 ,
          0.93030337,  0.92390476],
        ...,
        [-0.85790453, -0.9956976 , -0.9539364 , ...,  0.        ,
         -0.07079599, -0.0878179 ],
        [-0.89212751, -0.98663909, -0.93030337, ...,  0.07079599,
          0.        , -0.01707508],
        [-0.89971169, -0.98371336, -0.92390476, ...,  0.0878179 ,
          0.01707508,  0.        ]]]), 'num': array([7.05384895e-01, 7.05384895e-01, 0.00000000e+00, 4.23503287e-05,
       4.24865033e-05, 4.16694552e-05, 6.97444277e-02, 8.17048141e-07,
       4.06072926e-05, 4.20984055e-05, 4.13857579e-05, 1.31919231e-06,
       4.46767861e-05, 3.95200248e-05])}
{'img': array([[[ 0.        ,  0.80605786,  0.        , ...,  0.93788778,
          0.99979173,  0.96416423],
        [-0.80605786,  0.        , -0.80605786, ...,  0.27542371,
          0.60816363,  0.7844799 ],
        [ 0.        ,  0.80605786,  0.        , ...,  0.93788778,
          0.99979173,  0.96416423],
        ...,
        [-0.93788778, -0.27542371, -0.93788778, ...,  0.        ,
          0.36600709,  0.58333333],
        [-0.99979173, -0.60816363, -0.99979173, ..., -0.36600709,
          0.        ,  0.24557405],
        [-0.96416423, -0.7844799 , -0.96416423, ..., -0.58333333,
         -0.24557405,  0.        ]],

       [[ 0.        ,  0.36201425,  0.15931614, ..., -0.38021119,
          0.1529898 ,  0.00239314],
        [-0.36201425,  0.        , -0.20888033, ..., -0.68924931,
         -0.21513964, -0.35978239],
        [-0.15931614,  0.20888033,  0.        , ..., -0.52270644,
         -0.00640488, -0.15695311],
        ...,
        [ 0.38021119,  0.68924931,  0.52270644, ...,  0.        ,
          0.51723547,  0.38242352],
        [-0.1529898 ,  0.21513964,  0.00640488, ..., -0.51723547,
          0.        , -0.15062439],
        [-0.00239314,  0.35978239,  0.15695311, ..., -0.38242352,
          0.15062439,  0.        ]],

       [[ 0.        ,  0.51507875,  0.53169043, ...,  0.95831485,
          0.97447644,  0.99478021],
        [-0.51507875,  0.        ,  0.01949448, ...,  0.67424737,
          0.7196356 ,  0.8001097 ],
        [-0.53169043, -0.01949448,  0.        , ...,  0.65972245,
          0.70596281,  0.78826381],
        ...,
        [-0.95831485, -0.67424737, -0.65972245, ...,  0.        ,
          0.06328994,  0.18643569],
        [-0.97447644, -0.7196356 , -0.70596281, ..., -0.06328994,
          0.        ,  0.12388164],
        [-0.99478021, -0.8001097 , -0.78826381, ..., -0.18643569,
         -0.12388164,  0.        ]],

       ...,

       [[ 0.        ,  0.45990373,  0.252611  , ..., -0.83681372,
          0.23978546,  0.48539093],
        [-0.45990373,  0.        , -0.22067742, ..., -0.9948561 ,
         -0.23356446,  0.02891943],
        [-0.252611  ,  0.22067742,  0.        , ..., -0.94797553,
         -0.01323259,  0.24879159],
        ...,
        [ 0.83681372,  0.9948561 ,  0.94797553, ...,  0.        ,
          0.94368003,  0.99736949],
        [-0.23978546,  0.23356446,  0.01323259, ..., -0.94368003,
          0.        ,  0.26158632],
        [-0.48539093, -0.02891943, -0.24879159, ..., -0.99736949,
         -0.26158632,  0.        ]],

       [[ 0.        , -0.4407321 , -0.73442217, ...,  0.9911215 ,
          0.97189776,  0.96359993],
        [ 0.4407321 ,  0.        , -0.360124  , ...,  0.94826842,
          0.97616285,  0.98279361],
        [ 0.73442217,  0.360124  ,  0.        , ...,  0.77031537,
          0.83250558,  0.85033506],
        ...,
        [-0.9911215 , -0.94826842, -0.77031537, ...,  0.        ,
         -0.10409055, -0.13685524],
        [-0.97189776, -0.97616285, -0.83250558, ...,  0.10409055,
          0.        , -0.03300066],
        [-0.96359993, -0.98279361, -0.85033506, ...,  0.13685524,
          0.03300066,  0.        ]],

       [[ 0.        ,  0.53885861,  0.59347074, ...,  0.91949701,
          0.92655463,  0.92734615],
        [-0.53885861,  0.        ,  0.06623416, ...,  0.98640451,
          0.9832233 ,  0.98283629],
        [-0.59347074, -0.06623416,  0.        , ...,  0.97335385,
          0.96898274,  0.96845922],
        ...,
        [-0.91949701, -0.98640451, -0.97335385, ...,  0.        ,
         -0.01834764, -0.02045693],
        [-0.92655463, -0.9832233 , -0.96898274, ...,  0.01834764,
          0.        , -0.00210969],
        [-0.92734615, -0.98283629, -0.96845922, ...,  0.02045693,
          0.00210969,  0.        ]]]), 'num': array([7.04864980e-01, 7.04864980e-01, 0.00000000e+00, 4.23191137e-05,
       4.27273366e-05, 4.19108907e-05, 7.95657305e-02, 0.00000000e+00,
       4.12033042e-05, 4.20265539e-05, 4.14255590e-05, 1.29594591e-06,
       4.45595473e-05, 3.94935605e-05])}
{'img': array([[[ 0.00000000e+00, -8.06057864e-01, -2.83255957e-01, ...,
          6.08163634e-01,  7.84479896e-01,  7.84479896e-01],
        [ 8.06057864e-01,  0.00000000e+00,  6.05403958e-01, ...,
          9.99791732e-01,  9.64164229e-01,  9.64164229e-01],
        [ 2.83255957e-01, -6.05403958e-01,  0.00000000e+00, ...,
          8.08107786e-01,  9.28013396e-01,  9.28013396e-01],
        ...,
        [-6.08163634e-01, -9.99791732e-01, -8.08107786e-01, ...,
          0.00000000e+00,  2.45574047e-01,  2.45574047e-01],
        [-7.84479896e-01, -9.64164229e-01, -9.28013396e-01, ...,
         -2.45574047e-01,  0.00000000e+00,  0.00000000e+00],
        [-7.84479896e-01, -9.64164229e-01, -9.28013396e-01, ...,
         -2.45574047e-01,  0.00000000e+00,  0.00000000e+00]],

       [[ 0.00000000e+00, -2.08880330e-01, -4.03868716e-01, ...,
         -2.15139641e-01, -3.59782391e-01, -2.97724128e-01],
        [ 2.08880330e-01,  0.00000000e+00, -2.03872593e-01, ...,
         -6.40487968e-03, -1.56953108e-01, -9.17486792e-02],
        [ 4.03868716e-01,  2.03872593e-01,  0.00000000e+00, ...,
          1.97598051e-01,  4.76891190e-02,  1.13190978e-01],
        ...,
        [ 2.15139641e-01,  6.40487968e-03, -1.97598051e-01, ...,
          0.00000000e+00, -1.50624390e-01, -8.53689321e-02],
        [ 3.59782391e-01,  1.56953108e-01, -4.76891190e-02, ...,
          1.50624390e-01,  0.00000000e+00,  6.56795589e-02],
        [ 2.97724128e-01,  9.17486792e-02, -1.13190978e-01, ...,
          8.53689321e-02, -6.56795589e-02,  0.00000000e+00]],

       [[ 0.00000000e+00,  1.47842022e-01,  0.00000000e+00, ...,
          9.47861919e-01,  9.82395457e-01,  9.97823982e-01],
        [-1.47842022e-01,  0.00000000e+00, -1.47842022e-01, ...,
          8.90331363e-01,  9.43981063e-01,  9.96606709e-01],
        [ 0.00000000e+00,  1.47842022e-01,  0.00000000e+00, ...,
          9.47861919e-01,  9.82395457e-01,  9.97823982e-01],
        ...,
        [-9.47861919e-01, -8.90331363e-01, -9.47861919e-01, ...,
          0.00000000e+00,  1.35997974e-01,  3.80484253e-01],
        [-9.82395457e-01, -9.43981063e-01, -9.82395457e-01, ...,
         -1.35997974e-01,  0.00000000e+00,  2.51180005e-01],
        [-9.97823982e-01, -9.96606709e-01, -9.97823982e-01, ...,
         -3.80484253e-01, -2.51180005e-01,  0.00000000e+00]],

       ...,

       [[ 0.00000000e+00, -2.20677415e-01,  1.84597247e-01, ...,
         -2.33564457e-01,  2.89194256e-02, -6.08914165e-03],
        [ 2.20677415e-01,  0.00000000e+00,  3.96931252e-01, ...,
         -1.32325880e-02,  2.48791587e-01,  2.14734299e-01],
        [-1.84597247e-01, -3.96931252e-01,  0.00000000e+00, ...,
         -4.09042008e-01, -1.56097614e-01, -1.90578320e-01],
        ...,
        [ 2.33564457e-01,  1.32325880e-02,  4.09042008e-01, ...,
          0.00000000e+00,  2.61586320e-01,  2.27639403e-01],
        [-2.89194256e-02, -2.48791587e-01,  1.56097614e-01, ...,
         -2.61586320e-01,  0.00000000e+00, -3.50054843e-02],
        [ 6.08914165e-03, -2.14734299e-01,  1.90578320e-01, ...,
         -2.27639403e-01,  3.50054843e-02,  0.00000000e+00]],

       [[ 0.00000000e+00, -3.60124005e-01, -3.12901082e-01, ...,
          9.76162854e-01,  9.82793609e-01,  9.91378832e-01],
        [ 3.60124005e-01,  0.00000000e+00,  5.01338270e-02, ...,
          8.32505583e-01,  8.50335056e-01,  8.77675836e-01],
        [ 3.12901082e-01, -5.01338270e-02,  0.00000000e+00, ...,
          8.59233690e-01,  8.75648276e-01,  9.00599042e-01],
        ...,
        [-9.76162854e-01, -8.32505583e-01, -8.59233690e-01, ...,
          0.00000000e+00, -3.30006568e-02, -8.72647663e-02],
        [-9.82793609e-01, -8.50335056e-01, -8.75648276e-01, ...,
          3.30006568e-02,  0.00000000e+00, -5.43424714e-02],
        [-9.91378832e-01, -8.77675836e-01, -9.00599042e-01, ...,
          8.72647663e-02,  5.43424714e-02,  0.00000000e+00]],

       [[ 0.00000000e+00,  7.76463571e-02,  9.74889009e-02, ...,
          9.93990301e-01,  9.93752945e-01,  9.93863586e-01],
        [-7.76463571e-02,  0.00000000e+00,  1.99180811e-02, ...,
          9.82489604e-01,  9.82087254e-01,  9.82274403e-01],
        [-9.74889009e-02, -1.99180811e-02,  0.00000000e+00, ...,
          9.78583608e-01,  9.78139325e-01,  9.78345917e-01],
        ...,
        [-9.93990301e-01, -9.82489604e-01, -9.78583608e-01, ...,
          0.00000000e+00, -2.14732753e-03, -1.15152922e-03],
        [-9.93752945e-01, -9.82087254e-01, -9.78139325e-01, ...,
          2.14732753e-03,  0.00000000e+00,  9.95799544e-04],
        [-9.93863586e-01, -9.82274403e-01, -9.78345917e-01, ...,
          1.15152922e-03, -9.95799544e-04,  0.00000000e+00]]]), 'num': array([9.55403227e-01, 2.78812601e-01, 4.30949443e-04, 5.75283246e-05,
       5.78947471e-05, 5.62458461e-05, 9.73036281e-02, 5.49633675e-07,
       5.63191305e-05, 5.66031079e-05, 5.58488884e-05, 1.68193911e-06,
       6.00296477e-05, 5.31765682e-05])}
{'img': array([[[ 0.00000000e+00,  6.05403958e-01,  6.99854212e-01, ...,
          9.64164229e-01,  9.64164229e-01,  9.21762432e-01],
        [-6.05403958e-01,  0.00000000e+00,  1.24595423e-01, ...,
          9.28013396e-01,  9.28013396e-01,  9.68396123e-01],
        [-6.99854212e-01, -1.24595423e-01,  0.00000000e+00, ...,
          8.74364343e-01,  8.74364343e-01,  9.29773779e-01],
        ...,
        [-9.64164229e-01, -9.28013396e-01, -8.74364343e-01, ...,
          0.00000000e+00,  0.00000000e+00,  1.29310383e-01],
        [-9.64164229e-01, -9.28013396e-01, -8.74364343e-01, ...,
          0.00000000e+00,  0.00000000e+00,  1.29310383e-01],
        [-9.21762432e-01, -9.68396123e-01, -9.29773779e-01, ...,
         -1.29310383e-01, -1.29310383e-01,  0.00000000e+00]],

       [[ 0.00000000e+00, -2.03872593e-01, -7.44568534e-02, ...,
         -1.56953108e-01, -9.17486792e-02, -1.39048162e-01],
        [ 2.03872593e-01,  0.00000000e+00,  1.30413623e-01, ...,
          4.76891190e-02,  1.13190978e-01,  6.57643049e-02],
        [ 7.44568534e-02, -1.30413623e-01,  0.00000000e+00, ...,
         -8.29834036e-02, -1.73511976e-02, -6.49286455e-02],
        ...,
        [ 1.56953108e-01, -4.76891190e-02,  8.29834036e-02, ...,
          0.00000000e+00,  6.56795589e-02,  1.81035991e-02],
        [ 9.17486792e-02, -1.13190978e-01,  1.73511976e-02, ...,
         -6.56795589e-02,  0.00000000e+00, -4.76042859e-02],
        [ 1.39048162e-01, -6.57643049e-02,  6.49286455e-02, ...,
         -1.81035991e-02,  4.76042859e-02,  0.00000000e+00]],

       [[ 0.00000000e+00, -1.47842022e-01,  1.83600265e-01, ...,
          9.43981063e-01,  9.96606709e-01,  9.84560344e-01],
        [ 1.47842022e-01,  0.00000000e+00,  3.26911534e-01, ...,
          9.82395457e-01,  9.97823982e-01,  9.47861919e-01],
        [-1.83600265e-01, -3.26911534e-01,  0.00000000e+00, ...,
          8.67346299e-01,  9.64553095e-01,  9.99962192e-01],
        ...,
        [-9.43981063e-01, -9.82395457e-01, -8.67346299e-01, ...,
          0.00000000e+00,  2.51180005e-01,  4.90144185e-01],
        [-9.96606709e-01, -9.97823982e-01, -9.64553095e-01, ...,
         -2.51180005e-01,  0.00000000e+00,  2.55491472e-01],
        [-9.84560344e-01, -9.47861919e-01, -9.99962192e-01, ...,
         -4.90144185e-01, -2.55491472e-01,  0.00000000e+00]],

       ...,

       [[ 0.00000000e+00,  3.96931252e-01,  4.22902061e-01, ...,
          2.48791587e-01,  2.14734299e-01,  1.41982806e-01],
        [-3.96931252e-01,  0.00000000e+00,  2.84706215e-02, ...,
         -1.56097614e-01, -1.90578320e-01, -2.62591308e-01],
        [-4.22902061e-01, -2.84706215e-02,  0.00000000e+00, ...,
         -1.84155955e-01, -2.18449877e-01, -2.89956368e-01],
        ...,
        [-2.48791587e-01,  1.56097614e-01,  1.84155955e-01, ...,
          0.00000000e+00, -3.50054843e-02, -1.08752664e-01],
        [-2.14734299e-01,  1.90578320e-01,  2.18449877e-01, ...,
          3.50054843e-02,  0.00000000e+00, -7.38881502e-02],
        [-1.41982806e-01,  2.62591308e-01,  2.89956368e-01, ...,
          1.08752664e-01,  7.38881502e-02,  0.00000000e+00]],

       [[ 0.00000000e+00,  5.01338270e-02, -2.99957143e-01, ...,
          8.50335056e-01,  8.77675836e-01,  8.69821460e-01],
        [-5.01338270e-02,  0.00000000e+00, -3.47405248e-01, ...,
          8.75648276e-01,  9.00599042e-01,  8.93462024e-01],
        [ 2.99957143e-01,  3.47405248e-01,  0.00000000e+00, ...,
          6.53329456e-01,  6.93505325e-01,  6.81779668e-01],
        ...,
        [-8.50335056e-01, -8.75648276e-01, -6.53329456e-01, ...,
          0.00000000e+00, -5.43424714e-02, -3.82093583e-02],
        [-8.77675836e-01, -9.00599042e-01, -6.93505325e-01, ...,
          5.43424714e-02,  0.00000000e+00,  1.61498896e-02],
        [-8.69821460e-01, -8.93462024e-01, -6.81779668e-01, ...,
          3.82093583e-02, -1.61498896e-02,  0.00000000e+00]],

       [[ 0.00000000e+00,  1.99180811e-02,  5.00023818e-02, ...,
          9.82087254e-01,  9.82274403e-01,  9.82389650e-01],
        [-1.99180811e-02,  0.00000000e+00,  3.00992966e-02, ...,
          9.78139325e-01,  9.78345917e-01,  9.78473190e-01],
        [-5.00023818e-02, -3.00992966e-02,  0.00000000e+00, ...,
          9.71436976e-01,  9.71672795e-01,  9.71818146e-01],
        ...,
        [-9.82087254e-01, -9.78139325e-01, -9.71436976e-01, ...,
          0.00000000e+00,  9.95799544e-04,  1.61161172e-03],
        [-9.82274403e-01, -9.78345917e-01, -9.71672795e-01, ...,
         -9.95799544e-04,  0.00000000e+00,  6.15812665e-04],
        [-9.82389650e-01, -9.78473190e-01, -9.71818146e-01, ...,
         -1.61161172e-03, -6.15812665e-04,  0.00000000e+00]]]), 'num': array([ 9.55697032e-01,  2.80162056e-01,  4.33035241e-04,  5.74385662e-05,
        5.83590560e-05,  5.72544682e-05,  9.02894863e-02, -3.68195937e-07,
        5.71808290e-05,  5.68310429e-05,  5.62173830e-05,  1.74737055e-06,
        6.02178451e-05,  5.34442406e-05])}
{'img': array([[[ 0.00000000e+00,  4.16597790e-01,  8.38140405e-01, ...,
          9.83332166e-01,  9.48029710e-01,  9.73831149e-01],
        [-4.16597790e-01,  0.00000000e+00,  5.34710664e-01, ...,
          9.69683386e-01,  9.94399033e-01,  9.79982361e-01],
        [-8.38140405e-01, -5.34710664e-01,  0.00000000e+00, ...,
          6.88752164e-01,  7.83788152e-01,  7.21667083e-01],
        ...,
        [-9.83332166e-01, -9.69683386e-01, -6.88752164e-01, ...,
          0.00000000e+00,  1.40509378e-01,  4.64243742e-02],
        [-9.48029710e-01, -9.94399033e-01, -7.83788152e-01, ...,
         -1.40509378e-01,  0.00000000e+00, -9.43940680e-02],
        [-9.73831149e-01, -9.79982361e-01, -7.21667083e-01, ...,
         -4.64243742e-02,  9.43940680e-02,  0.00000000e+00]],

       [[ 0.00000000e+00,  1.30413623e-01,  2.78161067e-01, ...,
          1.13190978e-01,  6.57643049e-02,  2.58982292e-02],
        [-1.30413623e-01,  0.00000000e+00,  1.50518703e-01, ...,
         -1.73511976e-02, -6.49286455e-02, -1.04692831e-01],
        [-2.78161067e-01, -1.50518703e-01,  0.00000000e+00, ...,
         -1.67649562e-01, -2.14390019e-01, -2.53191626e-01],
        ...,
        [-1.13190978e-01,  1.73511976e-02,  1.67649562e-01, ...,
          0.00000000e+00, -4.76042859e-02, -8.74212238e-02],
        [-6.57643049e-02,  6.49286455e-02,  2.14390019e-01, ...,
          4.76042859e-02,  0.00000000e+00, -3.99000822e-02],
        [-2.58982292e-02,  1.04692831e-01,  2.53191626e-01, ...,
          8.74212238e-02,  3.99000822e-02,  0.00000000e+00]],

       [[ 0.00000000e+00,  3.26911534e-01,  6.25505471e-01, ...,
          9.97823982e-01,  9.47861919e-01,  8.69174503e-01],
        [-3.26911534e-01,  0.00000000e+00,  3.36074194e-01, ...,
          9.64553095e-01,  9.99962192e-01,  9.83077211e-01],
        [-6.25505471e-01, -3.36074194e-01,  0.00000000e+00, ...,
          8.19764127e-01,  9.38877526e-01,  9.87463032e-01],
        ...,
        [-9.97823982e-01, -9.64553095e-01, -8.19764127e-01, ...,
          0.00000000e+00,  2.55491472e-01,  4.36121233e-01],
        [-9.47861919e-01, -9.99962192e-01, -9.38877526e-01, ...,
         -2.55491472e-01,  0.00000000e+00,  1.91733250e-01],
        [-8.69174503e-01, -9.83077211e-01, -9.87463032e-01, ...,
         -4.36121233e-01, -1.91733250e-01,  0.00000000e+00]],

       ...,

       [[ 0.00000000e+00,  2.84706215e-02,  6.87260206e-01, ...,
         -1.90578320e-01, -2.62591308e-01, -1.97366580e-01],
        [-2.84706215e-02,  0.00000000e+00,  6.66300229e-01, ...,
         -2.18449877e-01, -2.89956368e-01, -2.25197171e-01],
        [-6.87260206e-01, -6.66300229e-01,  0.00000000e+00, ...,
         -8.13102346e-01, -8.53891585e-01, -8.17110949e-01],
        ...,
        [ 1.90578320e-01,  2.18449877e-01,  8.13102346e-01, ...,
          0.00000000e+00, -7.38881502e-02, -6.91964632e-03],
        [ 2.62591308e-01,  2.89956368e-01,  8.53891585e-01, ...,
          7.38881502e-02,  0.00000000e+00,  6.69856495e-02],
        [ 1.97366580e-01,  2.25197171e-01,  8.17110949e-01, ...,
          6.91964632e-03, -6.69856495e-02,  0.00000000e+00]],

       [[ 0.00000000e+00, -3.47405248e-01, -1.98689092e-01, ...,
          9.00599042e-01,  8.93462024e-01,  9.13588780e-01],
        [ 3.47405248e-01,  0.00000000e+00,  1.54165121e-01, ...,
          6.93505325e-01,  6.81779668e-01,  7.15417352e-01],
        [ 1.98689092e-01, -1.54165121e-01,  0.00000000e+00, ...,
          7.96283030e-01,  7.86409720e-01,  8.14579372e-01],
        ...,
        [-9.00599042e-01, -6.93505325e-01, -7.96283030e-01, ...,
          0.00000000e+00,  1.61498896e-02, -3.08731582e-02],
        [-8.93462024e-01, -6.81779668e-01, -7.86409720e-01, ...,
         -1.61498896e-02,  0.00000000e+00, -4.70113229e-02],
        [-9.13588780e-01, -7.15417352e-01, -8.14579372e-01, ...,
          3.08731582e-02,  4.70113229e-02,  0.00000000e+00]],

       [[ 0.00000000e+00,  3.00992966e-02,  2.15373616e-02, ...,
          9.78345917e-01,  9.78473190e-01,  9.79056841e-01],
        [-3.00992966e-02,  0.00000000e+00, -8.56471160e-03, ...,
          9.71672795e-01,  9.71818146e-01,  9.72485415e-01],
        [-2.15373616e-02,  8.56471160e-03,  0.00000000e+00, ...,
          9.73661256e-01,  9.73801477e-01,  9.74445014e-01],
        ...,
        [-9.78345917e-01, -9.71672795e-01, -9.73661256e-01, ...,
          0.00000000e+00,  6.15812665e-04,  3.46315017e-03],
        [-9.78473190e-01, -9.71818146e-01, -9.73801477e-01, ...,
         -6.15812665e-04,  0.00000000e+00,  2.84734054e-03],
        [-9.79056841e-01, -9.72485415e-01, -9.74445014e-01, ...,
         -3.46315017e-03, -2.84734054e-03,  0.00000000e+00]]]), 'num': array([ 9.55814252e-01,  2.81471794e-01,  4.35059651e-04,  5.73371702e-05,
        5.78920460e-05,  5.69672530e-05,  8.48087771e-02, -3.69917227e-07,
        5.76331040e-05,  5.69672530e-05,  5.65572614e-05,  1.66462752e-06,
        6.01169847e-05,  5.38175213e-05])}
{'img': array([[[ 0.        ,  0.78535345,  0.97124181, ...,  0.95831485,
          0.98169182,  0.99545452],
        [-0.78535345,  0.        ,  0.41425601, ...,  0.81762923,
          0.75730511,  0.69102932],
        [-0.97124181, -0.41425601,  0.        , ...,  0.50566786,
          0.41873459,  0.3295122 ],
        ...,
        [-0.95831485, -0.81762923, -0.50566786, ...,  0.        ,
         -0.09794721, -0.1931475 ],
        [-0.98169182, -0.75730511, -0.41873459, ...,  0.09794721,
          0.        , -0.09611593],
        [-0.99545452, -0.69102932, -0.3295122 , ...,  0.1931475 ,
          0.09611593,  0.        ]],

       [[ 0.        ,  0.1505187 ,  0.29660334, ..., -0.06492865,
         -0.10469283, -0.13889722],
        [-0.1505187 ,  0.        ,  0.14947871, ..., -0.21439002,
         -0.25319163, -0.28637448],
        [-0.29660334, -0.14947871,  0.        , ..., -0.35798439,
         -0.39495512, -0.42637525],
        ...,
        [ 0.06492865,  0.21439002,  0.35798439, ...,  0.        ,
         -0.03990008, -0.07430485],
        [ 0.10469283,  0.25319163,  0.39495512, ...,  0.03990008,
          0.        , -0.0344559 ],
        [ 0.13889722,  0.28637448,  0.42637525, ...,  0.07430485,
          0.0344559 ,  0.        ]],

       [[ 0.        ,  0.55700599,  0.72984205, ...,  0.95411669,
          0.8771448 ,  0.8437584 ],
        [-0.55700599,  0.        ,  0.2253619 , ...,  0.9591891 ,
          0.99596494,  0.99970652],
        [-0.72984205, -0.2253619 ,  0.        , ...,  0.87078954,
          0.95011918,  0.96852972],
        ...,
        [-0.95411669, -0.9591891 , -0.87078954, ...,  0.        ,
          0.19554375,  0.25944571],
        [-0.8771448 , -0.99596494, -0.95011918, ..., -0.19554375,
          0.        ,  0.06558922],
        [-0.8437584 , -0.99970652, -0.96852972, ..., -0.25944571,
         -0.06558922,  0.        ]],

       ...,

       [[ 0.        ,  0.66630023,  0.83430898, ..., -0.28995637,
         -0.22519717, -0.3272454 ],
        [-0.66630023,  0.        ,  0.2548011 , ..., -0.85389158,
         -0.81711095, -0.87363486],
        [-0.83430898, -0.2548011 ,  0.        , ..., -0.95831907,
         -0.93702881, -0.96878087],
        ...,
        [ 0.28995637,  0.85389158,  0.95831907, ...,  0.        ,
          0.06698565, -0.03919571],
        [ 0.22519717,  0.81711095,  0.93702881, ..., -0.06698565,
          0.        , -0.10604184],
        [ 0.3272454 ,  0.87363486,  0.96878087, ...,  0.03919571,
          0.10604184,  0.        ]],

       [[ 0.        ,  0.15416512,  0.48819605, ...,  0.68177967,
          0.71541735,  0.81709697],
        [-0.15416512,  0.        ,  0.34781457, ...,  0.78640972,
          0.81457937,  0.89620489],
        [-0.48819605, -0.34781457,  0.        , ...,  0.95215581,
          0.96547033,  0.99455345],
        ...,
        [-0.68177967, -0.78640972, -0.95215581, ...,  0.        ,
         -0.04701132, -0.20470733],
        [-0.71541735, -0.81457937, -0.96547033, ...,  0.04701132,
          0.        , -0.15846523],
        [-0.81709697, -0.89620489, -0.99455345, ...,  0.20470733,
          0.15846523,  0.        ]],

       [[ 0.        , -0.00856471, -0.11364649, ...,  0.97181815,
          0.97248542,  0.97988755],
        [ 0.00856471,  0.        , -0.1051331 , ...,  0.97380148,
          0.97444501,  0.9815607 ],
        [ 0.11364649,  0.1051331 ,  0.        , ...,  0.99231207,
          0.99266044,  0.99621731],
        ...,
        [-0.97181815, -0.97380148, -0.99231207, ...,  0.        ,
          0.00284734,  0.03706391],
        [-0.97248542, -0.97444501, -0.99266044, ..., -0.00284734,
          0.        ,  0.03421837],
        [-0.97988755, -0.9815607 , -0.99621731, ..., -0.03706391,
         -0.03421837,  0.        ]]]), 'num': array([ 9.95794953e-01,  3.93372996e-02,  6.19066468e-04,  5.97300751e-05,
        6.05032799e-05,  5.91501714e-05,  8.27319530e-02, -1.93301214e-07,
        6.01553378e-05,  5.94884486e-05,  5.91791666e-05,  1.83127466e-06,
        6.27388417e-05,  5.62380555e-05])}
{'img': array([[[ 0.        ,  0.43248964,  0.1229964 , ...,  0.77735158,
          0.71183587,  0.67669553],
        [-0.43248964,  0.        , -0.31830745, ...,  0.42882574,
          0.33806161,  0.2917089 ],
        [-0.1229964 ,  0.31830745,  0.        , ...,  0.69407634,
          0.62004497,  0.58099976],
        ...,
        [-0.77735158, -0.42882574, -0.69407634, ...,  0.        ,
         -0.09817764, -0.14664878],
        [-0.71183587, -0.33806161, -0.62004497, ...,  0.09817764,
          0.        , -0.0488241 ],
        [-0.67669553, -0.2917089 , -0.58099976, ...,  0.14664878,
          0.0488241 ,  0.        ]],

       [[ 0.        ,  0.14947871,  0.16171082, ..., -0.25319163,
         -0.28637448, -0.32115289],
        [-0.14947871,  0.        ,  0.0123827 , ..., -0.39495512,
         -0.42637525, -0.45910515],
        [-0.16171082, -0.0123827 ,  0.        , ..., -0.40630083,
         -0.43754329, -0.47007051],
        ...,
        [ 0.25319163,  0.39495512,  0.40630083, ...,  0.        ,
         -0.0344559 , -0.07090909],
        [ 0.28637448,  0.42637525,  0.43754329, ...,  0.0344559 ,
          0.        , -0.03649782],
        [ 0.32115289,  0.45910515,  0.47007051, ...,  0.07090909,
          0.03649782,  0.        ]],

       [[ 0.        ,  0.54335015,  0.77689544, ...,  0.90182629,
          0.86956008,  0.88312604],
        [-0.54335015,  0.        ,  0.31009917, ...,  0.99186967,
          0.99832212,  0.99629477],
        [-0.77689544, -0.31009917,  0.        , ...,  0.90351211,
          0.93115286,  0.92051179],
        ...,
        [-0.90182629, -0.99186967, -0.90351211, ...,  0.        ,
          0.06961048,  0.04148133],
        [-0.86956008, -0.99832212, -0.93115286, ..., -0.06961048,
          0.        , -0.02816986],
        [-0.88312604, -0.99629477, -0.92051179, ..., -0.04148133,
          0.02816986,  0.        ]],

       ...,

       [[ 0.        ,  0.2548011 ,  0.2548011 , ..., -0.81711095,
         -0.87363486, -0.8193108 ],
        [-0.2548011 ,  0.        ,  0.        , ..., -0.93702881,
         -0.96878087, -0.93835832],
        [-0.2548011 ,  0.        ,  0.        , ..., -0.93702881,
         -0.96878087, -0.93835832],
        ...,
        [ 0.81711095,  0.93702881,  0.93702881, ...,  0.        ,
         -0.10604184, -0.00382638],
        [ 0.87363486,  0.96878087,  0.96878087, ...,  0.10604184,
          0.        ,  0.10223626],
        [ 0.8193108 ,  0.93835832,  0.93835832, ...,  0.00382638,
         -0.10223626,  0.        ]],

       [[ 0.        ,  0.46749544,  0.54308984, ...,  0.71718239,
          0.81888784,  0.83755712],
        [-0.46749544,  0.        ,  0.08754492, ...,  0.95977679,
          0.99221383,  0.99581274],
        [-0.54308984, -0.08754492,  0.        , ...,  0.98067128,
          0.99930767,  0.99999244],
        ...,
        [-0.71718239, -0.95977679, -0.98067128, ...,  0.        ,
         -0.15904168, -0.191849  ],
        [-0.81888784, -0.99221383, -0.99930767, ...,  0.15904168,
          0.        , -0.03331973],
        [-0.83755712, -0.99581274, -0.99999244, ...,  0.191849  ,
          0.03331973,  0.        ]],

       [[ 0.        , -0.1051331 , -0.1407089 , ...,  0.97444501,
          0.9815607 ,  0.98120585],
        [ 0.1051331 ,  0.        , -0.03584198, ...,  0.99266044,
          0.99621731,  0.99605506],
        [ 0.1407089 ,  0.03584198,  0.        , ...,  0.99635717,
          0.99869177,  0.99859559],
        ...,
        [-0.97444501, -0.99266044, -0.99635717, ...,  0.        ,
          0.03421837,  0.03237175],
        [-0.9815607 , -0.99621731, -0.99869177, ..., -0.03421837,
          0.        , -0.00184764],
        [-0.98120585, -0.99605506, -0.99859559, ..., -0.03237175,
          0.00184764,  0.        ]]]), 'num': array([ 9.97705263e-01,  3.96593146e-02,  6.24134143e-04,  5.98292581e-05,
        6.04139088e-05,  5.94394909e-05,  5.48719266e-02, -3.89767154e-07,
        6.04918622e-05,  5.99169557e-05,  5.97025838e-05,  1.74723207e-06,
        6.31604063e-05,  5.66735051e-05])}
{'img': array([[[ 0.        , -0.31830745, -0.49172988, ...,  0.33806161,
          0.2917089 ,  0.1970854 ],
        [ 0.31830745,  0.        , -0.18898829, ...,  0.62004497,
          0.58099976,  0.49889878],
        [ 0.49172988,  0.18898829,  0.        , ...,  0.75714519,
          0.72434803,  0.65369693],
        ...,
        [-0.33806161, -0.62004497, -0.75714519, ...,  0.        ,
         -0.0488241 , -0.14594918],
        [-0.2917089 , -0.58099976, -0.72434803, ...,  0.0488241 ,
          0.        , -0.09747383],
        [-0.1970854 , -0.49889878, -0.65369693, ...,  0.14594918,
          0.09747383,  0.        ]],

       [[ 0.        ,  0.01217204, -0.09091492, ..., -0.41153472,
         -0.44163112, -0.70958693],
        [-0.01217204,  0.        , -0.10302981, ..., -0.42259776,
         -0.45251912, -0.718111  ],
        [ 0.09091492,  0.10302981,  0.        , ..., -0.3269711 ,
         -0.35823361, -0.64258801],
        ...,
        [ 0.41153472,  0.42259776,  0.3269711 , ...,  0.        ,
         -0.03327239, -0.3567386 ],
        [ 0.44163112,  0.45251912,  0.35823361, ...,  0.03327239,
          0.        , -0.32545787],
        [ 0.70958693,  0.718111  ,  0.64258801, ...,  0.3567386 ,
          0.32545787,  0.        ]],

       [[ 0.        ,  0.6358507 ,  0.75907197, ...,  0.89319757,
          0.90621425,  0.92937876],
        [-0.6358507 ,  0.        ,  0.17191785, ...,  0.97530012,
          0.96827673,  0.95201574],
        [-0.75907197, -0.17191785,  0.        , ...,  0.92280528,
          0.91090145,  0.88522616],
        ...,
        [-0.89319757, -0.97530012, -0.92280528, ...,  0.        ,
         -0.0298316 , -0.08820477],
        [-0.90621425, -0.96827673, -0.91090145, ...,  0.0298316 ,
          0.        , -0.05845019],
        [-0.92937876, -0.95201574, -0.88522616, ...,  0.08820477,
          0.05845019,  0.        ]],

       ...,

       [[ 0.        ,  0.        , -0.38808959, ..., -0.96878087,
         -0.93835832, -0.9706213 ],
        [ 0.        ,  0.        , -0.38808959, ..., -0.96878087,
         -0.93835832, -0.9706213 ],
        [ 0.38808959,  0.38808959,  0.        , ..., -0.7966348 ,
         -0.73066272, -0.80116646],
        ...,
        [ 0.96878087,  0.96878087,  0.7966348 , ...,  0.        ,
          0.10223626, -0.00753444],
        [ 0.93835832,  0.93835832,  0.73066272, ..., -0.10223626,
          0.        , -0.10972833],
        [ 0.9706213 ,  0.9706213 ,  0.80116646, ...,  0.00753444,
          0.10972833,  0.        ]],

       [[ 0.        ,  0.30312718,  0.3833419 , ...,  0.83666148,
          0.85512804,  0.87250111],
        [-0.30312718,  0.        ,  0.08533547, ...,  0.96332557,
          0.9720406 ,  0.97956165],
        [-0.3833419 , -0.08533547,  0.        , ...,  0.98271015,
          0.98853273,  0.99315321],
        ...,
        [-0.83666148, -0.96332557, -0.98271015, ...,  0.        ,
         -0.0346316 , -0.06908365],
        [-0.85512804, -0.9720406 , -0.98853273, ...,  0.0346316 ,
          0.        , -0.03449335],
        [-0.87250111, -0.97956165, -0.99315321, ...,  0.06908365,
          0.03449335,  0.        ]],

       [[ 0.        , -0.03584198, -0.05388941, ...,  0.99621731,
          0.99605506,  0.99544876],
        [ 0.03584198,  0.        , -0.01806489, ...,  0.99869177,
          0.99859559,  0.99822483],
        [ 0.05388941,  0.01806489,  0.        , ...,  0.99945254,
          0.99938971,  0.99913785],
        ...,
        [-0.99621731, -0.99869177, -0.99945254, ...,  0.        ,
         -0.00184764, -0.0084365 ],
        [-0.99605506, -0.99859559, -0.99938971, ...,  0.00184764,
          0.        , -0.00658891],
        [-0.99544876, -0.99822483, -0.99913785, ...,  0.0084365 ,
          0.00658891,  0.        ]]]), 'num': array([ 9.94934714e-01,  3.97981520e-02,  6.26319082e-04,  5.96475739e-05,
        6.02342713e-05,  5.90608764e-05,  9.23071043e-02, -3.91131632e-07,
        6.03516108e-05,  6.00387055e-05,  5.99181066e-05,  1.84898590e-06,
        6.32450308e-05,  5.68323803e-05])}
{'img': array([[[ 0.        , -0.18898829,  0.        , ...,  0.58099976,
          0.49889878,  0.41140189],
        [ 0.18898829,  0.        ,  0.18898829, ...,  0.72434803,
          0.65369693,  0.5762423 ],
        [ 0.        , -0.18898829,  0.        , ...,  0.58099976,
          0.49889878,  0.41140189],
        ...,
        [-0.58099976, -0.72434803, -0.58099976, ...,  0.        ,
         -0.09747383, -0.19471305],
        [-0.49889878, -0.65369693, -0.49889878, ...,  0.09747383,
          0.        , -0.09817764],
        [-0.41140189, -0.5762423 , -0.41140189, ...,  0.19471305,
          0.09817764,  0.        ]],

       [[ 0.        , -0.10302981, -0.27655556, ..., -0.45251912,
         -0.718111  , -0.4100581 ],
        [ 0.10302981,  0.        , -0.17607237, ..., -0.35823361,
         -0.64258801, -0.31390657],
        [ 0.27655556,  0.17607237,  0.        , ..., -0.18825022,
         -0.49764027, -0.14182989],
        ...,
        [ 0.45251912,  0.35823361,  0.18825022, ...,  0.        ,
         -0.32545787,  0.04705308],
        [ 0.718111  ,  0.64258801,  0.49764027, ...,  0.32545787,
          0.        ,  0.36958874],
        [ 0.4100581 ,  0.31390657,  0.14182989, ..., -0.04705308,
         -0.36958874,  0.        ]],

       [[ 0.        ,  0.5041153 ,  0.70205654, ...,  0.93731441,
          0.95766685,  0.98845494],
        [-0.5041153 ,  0.        ,  0.24733036, ...,  0.98517535,
          0.97220002,  0.93004673],
        [-0.70205654, -0.24733036,  0.        , ...,  0.91213754,
          0.88408207,  0.81027193],
        ...,
        [-0.93731441, -0.98517535, -0.91213754, ...,  0.        ,
         -0.06389945, -0.20244423],
        [-0.95766685, -0.97220002, -0.88408207, ...,  0.06389945,
          0.        , -0.13945417],
        [-0.98845494, -0.93004673, -0.81027193, ...,  0.20244423,
          0.13945417,  0.        ]],

       ...,

       [[ 0.        , -0.38808959, -0.38808959, ..., -0.93835832,
         -0.9706213 , -0.93976991],
        [ 0.38808959,  0.        ,  0.        , ..., -0.73066272,
         -0.80116646, -0.73346029],
        [ 0.38808959,  0.        ,  0.        , ..., -0.73066272,
         -0.80116646, -0.73346029],
