state_0,state_1,state_2,state_3,state_4,state_5,state_6,state_7,state_8,state_9,state_10,state_11,state_12,state_13,state_14,state_15,state_16,state_17,state_18,state_19,state_20,state_21,state_22,state_23,state_24,state_25,state_26,state_27,state_28,state_29,state_30,state_31,state_32,state_33,state_34,state_35,state_36,state_37,state_38,state_39,state_40,state_41,state_42,state_43,state_44,state_45,state_46,state_47,state_48,state_49,state_50,state_51,state_52,state_53,state_54,state_55,state_56,state_57,state_58,state_59,state_60,state_61,state_62,state_63,state_64,state_65,state_66,state_67,state_68,state_69,state_70,state_71,state_72,state_73,state_74,state_75,state_76,state_77,state_78,state_79,state_80,state_81,state_82,state_83,state_84,state_85,state_86,state_87,state_88,state_89,state_90,state_91,state_92,state_93,state_94,state_95,state_96,state_97,state_98,state_99,state_100,state_101,state_102,state_103,state_104,state_105,state_106,state_107,state_108,state_109,state_110,state_111,state_112,state_113,state_114,state_115,state_116,state_117,state_118,state_119,state_120,state_121,state_122,state_123,state_124,state_125,state_126,state_127,state_128,state_129,state_130,state_131,state_132,state_133,state_134,state_135,state_136,state_137,state_138,state_139,state_140,state_141,state_142,state_143,state_144,state_145,state_146,state_147,state_148,state_149,state_150,state_151,state_152,state_153,state_154,state_155,state_156,state_157,state_158,state_159,state_160,state_161,state_162,state_163,state_164,state_165,state_166,state_167,state_168,state_169,state_170,state_171,state_172,state_173,state_174,state_175,state_176,state_177,state_178,state_179,state_180,state_181,state_182,state_183,state_184,state_185,state_186,state_187,state_188,state_189,state_190,state_191,state_192,state_193,state_194,state_195,state_196,state_197,state_198,state_199,state_200,state_201,state_202,state_203,state_204,state_205,state_206,state_207,state_208,state_209,state_210,state_211,state_212,state_213,state_214,state_215,state_216,state_217,state_218,state_219,state_220,state_221,state_222,state_223,state_224,state_225,state_226,state_227,state_228,state_229,state_230,state_231,state_232,state_233,state_234,state_235,state_236,state_237,state_238,state_239,state_240,state_241,state_242,state_243,state_244,state_245,state_246,state_247,state_248,state_249,state_250,state_251,state_252,state_253,state_254,state_255,state_256,state_257,state_258,state_259,state_260,state_261,state_262,state_263,state_264,state_265,state_266,state_267,state_268,state_269,state_270,state_271,state_272,state_273,state_274,state_275,state_276,state_277,state_278,state_279,state_280,state_281,state_282,state_283,state_284,state_285,state_286,state_287
{'img': array([[[ 0.        , -0.05886557, -0.08365996, ...,  0.99850808,
          0.98762209,  0.95248109],
        [ 0.05886557,  0.        , -0.02485568, ...,  0.99999089,
          0.99514267,  0.96875973],
        [ 0.08365996,  0.02485568,  0.        , ...,  0.99957585,
          0.99728209,  0.97462467],
        ...,
        [-0.99850808, -0.99999089, -0.99957585, ...,  0.        ,
         -0.10268988, -0.25213385],
        [-0.98762209, -0.99514267, -0.99728209, ...,  0.10268988,
          0.        , -0.15142871],
        [-0.95248109, -0.96875973, -0.97462467, ...,  0.25213385,
          0.15142871,  0.        ]],

       [[ 0.        ,  0.15331988,  0.39205368, ...,  0.64614806,
          0.82597777,  0.71821646],
        [-0.15331988,  0.        ,  0.24637282, ...,  0.52149282,
          0.72978508,  0.6030417 ],
        [-0.39205368, -0.24637282,  0.        , ...,  0.29519886,
          0.53885021,  0.38791904],
        ...,
        [-0.64614806, -0.52149282, -0.29519886, ...,  0.        ,
          0.26616081,  0.09854889],
        [-0.82597777, -0.72978508, -0.53885021, ..., -0.26616081,
          0.        , -0.1698711 ],
        [-0.71821646, -0.6030417 , -0.38791904, ..., -0.09854889,
          0.1698711 ,  0.        ]],

       [[ 0.        , -0.0617451 , -0.04405861, ...,  0.93572677,
          0.96690463,  0.99229781],
        [ 0.0617451 ,  0.        ,  0.0177106 , ...,  0.91216227,
          0.94930621,  0.98275577],
        [ 0.04405861, -0.0177106 ,  0.        , ...,  0.91927752,
          0.95472469,  0.98587647],
        ...,
        [-0.93572677, -0.91216227, -0.91927752, ...,  0.        ,
         -0.1023126 , -0.23409562],
        [-0.96690463, -0.94930621, -0.95472469, ...,  0.1023126 ,
          0.        , -0.13339746],
        [-0.99229781, -0.98275577, -0.98587647, ...,  0.23409562,
          0.13339746,  0.        ]],

       ...,

       [[ 0.        , -0.14047293, -0.62301161, ..., -0.30307375,
         -0.6461623 , -0.80994579],
        [ 0.14047293,  0.        , -0.50695446, ..., -0.16620255,
         -0.53254635, -0.71952675],
        [ 0.62301161,  0.50695446,  0.        , ...,  0.35664147,
         -0.02995381, -0.26815052],
        ...,
        [ 0.30307375,  0.16620255, -0.35664147, ...,  0.        ,
         -0.38446552, -0.5940975 ],
        [ 0.6461623 ,  0.53254635,  0.02995381, ...,  0.38446552,
          0.        , -0.23917339],
        [ 0.80994579,  0.71952675,  0.26815052, ...,  0.5940975 ,
          0.23917339,  0.        ]],

       [[ 0.        , -0.03161307, -0.08034778, ...,  0.76684637,
          0.84539044,  0.90211306],
        [ 0.03161307,  0.        , -0.04879676, ...,  0.74617285,
          0.82808182,  0.88802114],
        [ 0.08034778,  0.04879676,  0.        , ...,  0.7127974 ,
          0.79973953,  0.86452639],
        ...,
        [-0.76684637, -0.74617285, -0.7127974 , ...,  0.        ,
         -0.13298743, -0.24810985],
        [-0.84539044, -0.82808182, -0.79973953, ...,  0.13298743,
          0.        , -0.11707691],
        [-0.90211306, -0.88802114, -0.86452639, ...,  0.24810985,
          0.11707691,  0.        ]],

       [[ 0.        ,  0.3671071 ,  0.51715387, ...,  0.64904512,
          0.46450246,  0.        ],
        [-0.3671071 ,  0.        ,  0.16684132, ...,  0.88300463,
          0.75716999,  0.3671071 ],
        [-0.51715387, -0.16684132,  0.        , ...,  0.94893758,
          0.85554105,  0.51715387],
        ...,
        [-0.64904512, -0.88300463, -0.94893758, ...,  0.        ,
          0.22140587,  0.64904512],
        [-0.46450246, -0.75716999, -0.85554105, ..., -0.22140587,
          0.        ,  0.46450246],
        [-0.        , -0.3671071 , -0.51715387, ..., -0.64904512,
         -0.46450246,  0.        ]]]), 'num': array([ 6.95102000e-01,  6.95102000e-01,  0.00000000e+00,  4.63940172e-03,
        4.88187916e-03,  4.58551784e-03,  1.82919270e-01, -2.85584543e-04,
        5.16746370e-03,  5.59934297e-03,  4.26441485e-03,  1.98368959e-06,
        6.47945176e-03,  4.71923418e-03])}
{'img': array([[[ 0.        , -0.02485568, -0.09790985, ...,  0.99514267,
          0.96875973,  0.92520407],
        [ 0.02485568,  0.        , -0.07314334, ...,  0.99728209,
          0.97462467,  0.93435021],
        [ 0.09790985,  0.07314334,  0.        , ...,  0.99999986,
          0.98838687,  0.95791257],
        ...,
        [-0.99514267, -0.99728209, -0.99999986, ...,  0.        ,
         -0.15142871, -0.28654662],
        [-0.96875973, -0.97462467, -0.98838687, ...,  0.15142871,
          0.        , -0.13816347],
        [-0.92520407, -0.93435021, -0.95791257, ...,  0.28654662,
          0.13816347,  0.        ]],

       [[ 0.        ,  0.36409976,  0.24430794, ...,  0.81955411,
          0.70830699,  0.71696898],
        [-0.36409976,  0.        , -0.12552807, ...,  0.55467006,
          0.40266909,  0.4139404 ],
        [-0.24430794,  0.12552807,  0.        , ...,  0.65473085,
          0.51438557,  0.52493487],
        ...,
        [-0.81955411, -0.55467006, -0.65473085, ...,  0.        ,
         -0.17266579, -0.16049081],
        [-0.70830699, -0.40266909, -0.51438557, ...,  0.17266579,
          0.        ,  0.01234726],
        [-0.71696898, -0.4139404 , -0.52493487, ...,  0.16049081,
         -0.01234726,  0.        ]],

       [[ 0.        ,  0.0177106 , -0.00348642, ...,  0.94930621,
          0.98275577,  0.99828586],
        [-0.0177106 ,  0.        , -0.02119637, ...,  0.95472469,
          0.98587647,  0.99916582],
        [ 0.00348642,  0.02119637,  0.        , ...,  0.94820447,
          0.98210513,  0.99807574],
        ...,
        [-0.94930621, -0.95472469, -0.94820447, ...,  0.        ,
         -0.13339746, -0.2582545 ],
        [-0.98275577, -0.98587647, -0.98210513, ...,  0.13339746,
          0.        , -0.12707418],
        [-0.99828586, -0.99916582, -0.99807574, ...,  0.2582545 ,
          0.12707418,  0.        ]],

       ...,

       [[ 0.        , -0.50695446, -0.75964252, ..., -0.53254635,
         -0.71952675, -0.83615587],
        [ 0.50695446,  0.        , -0.32509801, ..., -0.02995381,
         -0.26815052, -0.44268323],
        [ 0.75964252,  0.32509801,  0.        , ...,  0.29662541,
          0.05960728, -0.12712856],
        ...,
        [ 0.53254635,  0.02995381, -0.29662541, ...,  0.        ,
         -0.23917339, -0.41562567],
        [ 0.71952675,  0.26815052, -0.05960728, ...,  0.23917339,
          0.        , -0.18602616],
        [ 0.83615587,  0.44268323,  0.12712856, ...,  0.41562567,
          0.18602616,  0.        ]],

       [[ 0.        , -0.04879676, -0.12378536, ...,  0.82808182,
          0.88802114,  0.8547075 ],
        [ 0.04879676,  0.        , -0.07521644, ...,  0.79973953,
          0.86452639,  0.82835843],
        [ 0.12378536,  0.07521644,  0.        , ...,  0.75231808,
          0.82427455,  0.78387574],
        ...,
        [-0.82808182, -0.79973953, -0.75231808, ...,  0.        ,
         -0.11707691, -0.04928975],
        [-0.88802114, -0.86452639, -0.82427455, ...,  0.11707691,
          0.        ,  0.06798382],
        [-0.8547075 , -0.82835843, -0.78387574, ...,  0.04928975,
         -0.06798382,  0.        ]],

       [[ 0.        ,  0.22752925,  0.37623791, ...,  0.65359051,
          0.22168439,  0.60299658],
        [-0.22752925,  0.        ,  0.15555855, ...,  0.80865279,
          0.43773786,  0.76869077],
        [-0.37623791, -0.15555855,  0.        , ...,  0.89032175,
          0.57227224,  0.8588317 ],
        ...,
        [-0.65359051, -0.80865279, -0.89032175, ...,  0.        ,
          0.46954672,  0.06502079],
        [-0.22168439, -0.43773786, -0.57227224, ..., -0.46954672,
          0.        , -0.41114576],
        [-0.60299658, -0.76869077, -0.8588317 , ..., -0.06502079,
          0.41114576,  0.        ]]]), 'num': array([9.59233717e-01, 3.45498436e-02, 9.95354008e-06, 6.42141579e-03,
       6.52509850e-03, 5.95138751e-03, 2.79872811e-01, 4.70028282e-04,
       6.46980105e-03, 7.15618059e-03, 5.52237150e-03, 2.89974406e-06,
       8.32973859e-03, 5.98262259e-03])}
{'img': array([[[ 0.        , -0.07314334, -0.23675181, ...,  0.97462467,
          0.93435021,  0.98279588],
        [ 0.07314334,  0.        , -0.16505377, ...,  0.98838687,
          0.95791257,  0.99367261],
        [ 0.23675181,  0.16505377,  0.        , ...,  0.99991205,
          0.99215474,  0.99858204],
        ...,
        [-0.97462467, -0.98838687, -0.99991205, ...,  0.        ,
         -0.13816347,  0.03998599],
        [-0.93435021, -0.95791257, -0.99215474, ...,  0.13816347,
          0.        ,  0.17765547],
        [-0.98279588, -0.99367261, -0.99858204, ..., -0.03998599,
         -0.17765547,  0.        ]],

       [[ 0.        , -0.17242771,  0.16472108, ...,  0.43418919,
          0.44568421,  0.5457955 ],
        [ 0.17242771,  0.        ,  0.3323263 , ...,  0.58301261,
          0.59336444,  0.68210103],
        [-0.16472108, -0.3323263 ,  0.        , ...,  0.27987393,
          0.29213955,  0.40031721],
        ...,
        [-0.43418919, -0.58301261, -0.27987393, ...,  0.        ,
          0.01280008,  0.12784931],
        [-0.44568421, -0.59336444, -0.29213955, ..., -0.01280008,
          0.        ,  0.1151438 ],
        [-0.5457955 , -0.68210103, -0.40031721, ..., -0.12784931,
         -0.1151438 ,  0.        ]],

       [[ 0.        , -0.02119637, -0.07958085, ...,  0.98587647,
          0.99916582,  0.99949447],
        [ 0.02119637,  0.        , -0.05843383, ...,  0.98210513,
          0.99807574,  0.99994382],
        [ 0.07958085,  0.05843383,  0.        , ...,  0.96942194,
          0.99274703,  0.99885461],
        ...,
        [-0.98587647, -0.98210513, -0.96942194, ...,  0.        ,
         -0.12707418, -0.19873355],
        [-0.99916582, -0.99807574, -0.99274703, ...,  0.12707418,
          0.        , -0.07258296],
        [-0.99949447, -0.99994382, -0.99885461, ...,  0.19873355,
          0.07258296,  0.        ]],

       ...,

       [[ 0.        , -0.32509801, -0.80217414, ..., -0.26815052,
         -0.44268323, -0.13784615],
        [ 0.32509801,  0.        , -0.56448747, ...,  0.05960728,
         -0.12712856,  0.19163612],
        [ 0.80217414,  0.56448747,  0.        , ...,  0.6126861 ,
          0.45497016,  0.71220972],
        ...,
        [ 0.26815052, -0.05960728, -0.6126861 , ...,  0.        ,
         -0.18602616,  0.13279285],
        [ 0.44268323,  0.12712856, -0.45497016, ...,  0.18602616,
          0.        ,  0.3148536 ],
        [ 0.13784615, -0.19163612, -0.71220972, ..., -0.13279285,
         -0.3148536 ,  0.        ]],

       [[ 0.        , -0.07521644, -0.23155364, ...,  0.86452639,
          0.82835843,  0.82001513],
        [ 0.07521644,  0.        , -0.15772549, ...,  0.82427455,
          0.78387574,  0.77464269],
        [ 0.23155364,  0.15772549,  0.        , ...,  0.72465446,
          0.67612942,  0.66520103],
        ...,
        [-0.86452639, -0.82427455, -0.72465446, ...,  0.        ,
          0.06798382,  0.08267534],
        [-0.82835843, -0.78387574, -0.67612942, ..., -0.06798382,
          0.        ,  0.01473298],
        [-0.82001513, -0.77464269, -0.66520103, ..., -0.08267534,
         -0.01473298,  0.        ]],

       [[ 0.        ,  0.15555855,  0.29921846, ...,  0.43773786,
          0.76869077,  0.81854954],
        [-0.15555855,  0.        ,  0.14714439, ...,  0.57227224,
          0.8588317 ,  0.89794349],
        [-0.29921846, -0.14714439,  0.        , ...,  0.68671085,
          0.92485921,  0.95292923],
        ...,
        [-0.43773786, -0.57227224, -0.68671085, ...,  0.        ,
         -0.41114576, -0.48450769],
        [-0.76869077, -0.8588317 , -0.92485921, ...,  0.41114576,
          0.        , -0.08199753],
        [-0.81854954, -0.89794349, -0.95292923, ...,  0.48450769,
          0.08199753,  0.        ]]]), 'num': array([ 9.82653536e-01,  2.24477414e-02,  1.04370195e-05,  6.57675202e-03,
        6.95563012e-03,  6.34799543e-03,  1.83067181e-01, -6.43377915e-05,
        6.56817364e-03,  7.37203861e-03,  5.76454697e-03,  2.88739998e-06,
        8.63440788e-03,  6.10966933e-03])}
{'img': array([[[ 0.        , -0.16505377, -0.22831518, ...,  0.95791257,
          0.99367261,  0.99068433],
        [ 0.16505377,  0.        , -0.06448949, ...,  0.99215474,
          0.99858204,  0.99957343],
        [ 0.22831518,  0.06448949,  0.        , ...,  0.99815167,
          0.99307031,  0.99560925],
        ...,
        [-0.95791257, -0.99215474, -0.99815167, ...,  0.        ,
          0.17765547,  0.15393893],
        [-0.99367261, -0.99858204, -0.99307031, ..., -0.17765547,
          0.        , -0.0240477 ],
        [-0.99068433, -0.99957343, -0.99560925, ..., -0.15393893,
          0.0240477 ,  0.        ]],

       [[ 0.        ,  0.3323263 ,  0.24897251, ...,  0.59336444,
          0.68210103,  0.44757099],
        [-0.3323263 ,  0.        , -0.0870395 , ...,  0.29213955,
          0.40031721,  0.1249508 ],
        [-0.24897251,  0.0870395 ,  0.        , ...,  0.3742733 ,
          0.47855891,  0.21083396],
        ...,
        [-0.59336444, -0.29213955, -0.3742733 , ...,  0.        ,
          0.1151438 , -0.17035012],
        [-0.68210103, -0.40031721, -0.47855891, ..., -0.1151438 ,
          0.        , -0.28267791],
        [-0.44757099, -0.1249508 , -0.21083396, ...,  0.17035012,
          0.28267791,  0.        ]],

       [[ 0.        , -0.05843383, -0.15641104, ...,  0.99807574,
          0.99994382,  0.99798801],
        [ 0.05843383,  0.        , -0.09842915, ...,  0.99274703,
          0.99885461,  0.99998761],
        [ 0.15641104,  0.09842915,  0.        , ...,  0.97609297,
          0.98929456,  0.99562174],
        ...,
        [-0.99807574, -0.99274703, -0.97609297, ...,  0.        ,
         -0.07258296, -0.12516272],
        [-0.99994382, -0.99885461, -0.98929456, ...,  0.07258296,
          0.        , -0.0528204 ],
        [-0.99798801, -0.99998761, -0.99562174, ...,  0.12516272,
          0.0528204 ,  0.        ]],

       ...,

       [[ 0.        , -0.56448747, -0.44668962, ..., -0.12712856,
          0.19163612,  0.10863366],
        [ 0.56448747,  0.        ,  0.13632452, ...,  0.45497016,
          0.71220972,  0.6508175 ],
        [ 0.44668962, -0.13632452,  0.        , ...,  0.32932477,
          0.60986542,  0.54123938],
        ...,
        [ 0.12712856, -0.45497016, -0.32932477, ...,  0.        ,
          0.3148536 ,  0.23412842],
        [-0.19163612, -0.71220972, -0.60986542, ..., -0.3148536 ,
          0.        , -0.08388175],
        [-0.10863366, -0.6508175 , -0.54123938, ..., -0.23412842,
          0.08388175,  0.        ]],

       [[ 0.        , -0.15772549, -0.23040166, ...,  0.78387574,
          0.77464269,  0.76437092],
        [ 0.15772549,  0.        , -0.07403574, ...,  0.67612942,
          0.66520103,  0.65310555],
        [ 0.23040166,  0.07403574,  0.        , ...,  0.61972557,
          0.60809559,  0.59524834],
        ...,
        [-0.78387574, -0.67612942, -0.61972557, ...,  0.        ,
          0.01473298,  0.03081344],
        [-0.77464269, -0.66520103, -0.60809559, ..., -0.01473298,
          0.        ,  0.0160841 ],
        [-0.76437092, -0.65310555, -0.59524834, ..., -0.03081344,
         -0.0160841 ,  0.        ]],

       [[ 0.        ,  0.14714439,  0.18715219, ...,  0.8588317 ,
          0.89794349,  0.9284117 ],
        [-0.14714439,  0.        ,  0.04057056, ...,  0.92485921,
          0.95292923,  0.97297792],
        [-0.18715219, -0.04057056,  0.        , ...,  0.93952713,
          0.96444536,  0.98154451],
        ...,
        [-0.8588317 , -0.92485921, -0.93952713, ...,  0.        ,
         -0.08199753, -0.15648459],
        [-0.89794349, -0.95292923, -0.96444536, ...,  0.08199753,
          0.        , -0.07497029],
        [-0.9284117 , -0.97297792, -0.98154451, ...,  0.15648459,
          0.07497029,  0.        ]]]), 'num': array([ 9.93014922e-01,  2.30516940e-02,  1.07178257e-05,  6.64358375e-03,
        7.01797356e-03,  6.61421985e-03,  1.14010798e-01, -1.10114648e-04,
        6.64945653e-03,  7.54652387e-03,  5.97396435e-03,  2.16150975e-06,
        8.89172251e-03,  6.20132522e-03])}
{'img': array([[[ 0.        , -0.06448949, -0.23084577, ...,  0.99858204,
          0.99957343,  0.99994447],
        [ 0.06448949,  0.        , -0.16761759, ...,  0.99307031,
          0.99560925,  0.99854261],
        [ 0.23084577,  0.16761759,  0.        , ...,  0.95932173,
          0.96583333,  0.97536916],
        ...,
        [-0.99858204, -0.99307031, -0.95932173, ...,  0.        ,
         -0.0240477 , -0.06375544],
        [-0.99957343, -0.99560925, -0.96583333, ...,  0.0240477 ,
          0.        , -0.03973822],
        [-0.99994447, -0.99854261, -0.97536916, ...,  0.06375544,
          0.03973822,  0.        ]],

       [[ 0.        , -0.0870395 , -0.29798531, ...,  0.40031721,
          0.1249508 , -0.1754584 ],
        [ 0.0870395 ,  0.        , -0.21376908, ...,  0.47855891,
          0.21083396, -0.08910327],
        [ 0.29798531,  0.21376908,  0.        , ...,  0.65519776,
          0.41492432,  0.12587521],
        ...,
        [-0.40031721, -0.47855891, -0.65519776, ...,  0.        ,
         -0.28267791, -0.554893  ],
        [-0.1249508 , -0.21083396, -0.41492432, ...,  0.28267791,
          0.        , -0.29709574],
        [ 0.1754584 ,  0.08910327, -0.12587521, ...,  0.554893  ,
          0.29709574,  0.        ]],

       [[ 0.        , -0.09842915, -0.23679594, ...,  0.99885461,
          0.99998761,  0.99902191],
        [ 0.09842915,  0.        , -0.1400163 , ...,  0.98929456,
          0.99562174,  0.99852305],
        [ 0.23679594,  0.1400163 ,  0.        , ...,  0.9591163 ,
          0.97272622,  0.98107974],
        ...,
        [-0.99885461, -0.98929456, -0.9591163 , ...,  0.        ,
         -0.0528204 , -0.09196874],
        [-0.99998761, -0.99562174, -0.97272622, ...,  0.0528204 ,
          0.        , -0.03924382],
        [-0.99902191, -0.99852305, -0.98107974, ...,  0.09196874,
          0.03924382,  0.        ]],

       ...,

       [[ 0.        ,  0.01623899,  0.00543295, ...,  0.39409028,
          0.33225088, -0.52515912],
        [-0.01623899,  0.        , -0.01080652, ...,  0.37911351,
          0.3168906 , -0.53890932],
        [-0.00543295,  0.01080652,  0.        , ...,  0.38909118,
          0.32712166, -0.52977483],
        ...,
        [-0.39409028, -0.37911351, -0.38909118, ...,  0.        ,
         -0.06634003, -0.81803132],
        [-0.33225088, -0.3168906 , -0.32712166, ...,  0.06634003,
          0.        , -0.77807222],
        [ 0.52515912,  0.53890932,  0.52977483, ...,  0.81803132,
          0.77807222,  0.        ]],

       [[ 0.        , -0.07403574, -0.06288903, ...,  0.66520103,
          0.65310555,  0.63739587],
        [ 0.07403574,  0.        ,  0.01117275, ...,  0.60809559,
          0.59524834,  0.57859935],
        [ 0.06288903, -0.01117275,  0.        , ...,  0.61692728,
          0.60418896,  0.58767587],
        ...,
        [-0.66520103, -0.60809559, -0.61692728, ...,  0.        ,
          0.0160841 ,  0.03664092],
        [-0.65310555, -0.59524834, -0.60418896, ..., -0.0160841 ,
          0.        ,  0.02056288],
        [-0.63739587, -0.57859935, -0.58767587, ..., -0.03664092,
         -0.02056288,  0.        ]],

       [[ 0.        ,  0.04057056,  0.03505675, ...,  0.95292923,
          0.97297792,  0.98535328],
        [-0.04057056,  0.        , -0.00551773, ...,  0.96444536,
          0.98154451,  0.99146032],
        [-0.03505675,  0.00551773,  0.        , ...,  0.96297244,
          0.98047439,  0.99072567],
        ...,
        [-0.95292923, -0.96444536, -0.96297244, ...,  0.        ,
         -0.07497029, -0.13625338],
        [-0.97297792, -0.98154451, -0.98047439, ...,  0.07497029,
          0.        , -0.06159882],
        [-0.98535328, -0.99146032, -0.99072567, ...,  0.13625338,
          0.06159882,  0.        ]]]), 'num': array([9.95149722e-01, 1.60076232e-02, 1.05284097e-05, 6.66083060e-03,
       6.71812807e-03, 6.38866763e-03, 9.51243245e-02, 1.79054586e-04,
       6.51042475e-03, 7.32870421e-03, 5.88683731e-03, 2.37021898e-06,
       8.67640468e-03, 5.98100374e-03])}
{'img': array([[[ 0.        , -0.16761759,  0.23471039, ...,  0.99560925,
          0.99854261,  0.99275149],
        [ 0.16761759,  0.        ,  0.39432498, ...,  0.96583333,
          0.97536916,  0.95856097],
        [-0.23471039, -0.39432498,  0.        , ...,  0.98976772,
          0.98331576,  0.99322803],
        ...,
        [-0.99560925, -0.96583333, -0.98976772, ...,  0.        ,
         -0.03973822,  0.02672932],
        [-0.99854261, -0.97536916, -0.98331576, ...,  0.03973822,
          0.        ,  0.06643224],
        [-0.99275149, -0.95856097, -0.99322803, ..., -0.02672932,
         -0.06643224,  0.        ]],

       [[ 0.        , -0.21376908,  0.16679101, ...,  0.21083396,
         -0.08910327, -0.21115479],
        [ 0.21376908,  0.        ,  0.37371017, ...,  0.41492432,
          0.12587521,  0.00267537],
        [-0.16679101, -0.37371017,  0.        , ...,  0.04483879,
         -0.25398272, -0.37122731],
        ...,
        [-0.21083396, -0.41492432, -0.04483879, ...,  0.        ,
         -0.29709574, -0.41248864],
        [ 0.08910327, -0.12587521,  0.25398272, ...,  0.29709574,
          0.        , -0.12322068],
        [ 0.21115479, -0.00267537,  0.37122731, ...,  0.41248864,
          0.12322068,  0.        ]],

       [[ 0.        , -0.1400163 , -0.2128976 , ...,  0.99562174,
          0.99852305,  0.99795464],
        [ 0.1400163 ,  0.        , -0.07399403, ...,  0.97272622,
          0.98107974,  0.97917329],
        [ 0.2128976 ,  0.07399403,  0.        , ...,  0.95289629,
          0.96406475,  0.96146633],
        ...,
        [-0.99562174, -0.97272622, -0.95289629, ...,  0.        ,
         -0.03924382, -0.02963639],
        [-0.99852305, -0.98107974, -0.96406475, ...,  0.03924382,
          0.        ,  0.00961302],
        [-0.99795464, -0.97917329, -0.96146633, ...,  0.02963639,
         -0.00961302,  0.        ]],

       ...,

       [[ 0.        , -0.01080652,  0.26693991, ...,  0.3168906 ,
         -0.53890932, -0.06590482],
        [ 0.01080652,  0.        ,  0.27733871, ...,  0.32712166,
         -0.52977483, -0.05511795],
        [-0.26693991, -0.27733871,  0.        , ...,  0.05220925,
         -0.74421452, -0.32987291],
        ...,
        [-0.3168906 , -0.32712166, -0.05220925, ...,  0.        ,
         -0.77807222, -0.37870987],
        [ 0.53890932,  0.52977483,  0.74421452, ...,  0.77807222,
          0.        ,  0.48222185],
        [ 0.06590482,  0.05511795,  0.32987291, ...,  0.37870987,
         -0.48222185,  0.        ]],

       [[ 0.        ,  0.01117275, -0.01480801, ...,  0.59524834,
          0.57859935,  0.57772543],
        [-0.01117275,  0.        , -0.02597861, ...,  0.60418896,
          0.58767587,  0.58680892],
        [ 0.01480801,  0.02597861,  0.        , ...,  0.58328422,
          0.56645832,  0.56557533],
        ...,
        [-0.59524834, -0.60418896, -0.58328422, ...,  0.        ,
          0.02056288,  0.02163373],
        [-0.57859935, -0.58767587, -0.56645832, ..., -0.02056288,
          0.        ,  0.00107109],
        [-0.57772543, -0.58680892, -0.56557533, ..., -0.02163373,
         -0.00107109,  0.        ]],

       [[ 0.        , -0.00551773,  0.0120605 , ...,  0.98154451,
          0.99146032,  0.99717784],
        [ 0.00551773,  0.        ,  0.01757764, ...,  0.98047439,
          0.99072567,  0.99674842],
        [-0.0120605 , -0.01757764,  0.        , ...,  0.9837795 ,
          0.99296101,  0.99801077],
        ...,
        [-0.98154451, -0.98047439, -0.9837795 , ...,  0.        ,
         -0.06159882, -0.11700406],
        [-0.99146032, -0.99072567, -0.99296101, ...,  0.06159882,
          0.        , -0.05560615],
        [-0.99717784, -0.99674842, -0.99801077, ...,  0.11700406,
          0.05560615,  0.        ]]]), 'num': array([9.85772467e-01, 8.74545736e-03, 9.91905593e-06, 6.60153385e-03,
       6.69536276e-03, 6.05196453e-03, 1.66844352e-01, 3.68613565e-04,
       6.25838813e-03, 6.84481880e-03, 5.56997437e-03, 2.09362099e-06,
       8.11086776e-03, 5.57876984e-03])}
{'img': array([[[ 0.        ,  0.39432498,  0.37583129, ...,  0.97536916,
          0.95856097,  0.90455047],
        [-0.39432498,  0.        , -0.02003819, ...,  0.98331576,
          0.99322803,  0.99938269],
        [-0.37583129,  0.02003819,  0.        , ...,  0.98676341,
          0.99535667,  0.99847806],
        ...,
        [-0.97536916, -0.98331576, -0.98676341, ...,  0.        ,
          0.06643224,  0.21634016],
        [-0.95856097, -0.99322803, -0.99535667, ..., -0.06643224,
          0.        ,  0.15100326],
        [-0.90455047, -0.99938269, -0.99847806, ..., -0.21634016,
         -0.15100326,  0.        ]],

       [[ 0.        ,  0.37371017,  0.09086463, ...,  0.12587521,
          0.00267537,  0.39975553],
        [-0.37371017,  0.        , -0.28788315, ..., -0.25398272,
         -0.37122731,  0.02824057],
        [-0.09086463,  0.28788315,  0.        , ...,  0.0352126 ,
         -0.0882    ,  0.31481335],
        ...,
        [-0.12587521,  0.25398272, -0.0352126 , ...,  0.        ,
         -0.12322068,  0.28119594],
        [-0.00267537,  0.37122731,  0.0882    , ...,  0.12322068,
          0.        ,  0.3973018 ],
        [-0.39975553, -0.02824057, -0.31481335, ..., -0.28119594,
         -0.3973018 ,  0.        ]],

       [[ 0.        , -0.07399403, -0.12151639, ...,  0.98107974,
          0.97917329,  0.96102506],
        [ 0.07399403,  0.        , -0.04773758, ...,  0.96406475,
          0.96146633,  0.93793411],
        [ 0.12151639,  0.04773758,  0.        , ...,  0.95028331,
          0.94724603,  0.92030874],
        ...,
        [-0.98107974, -0.96406475, -0.95028331, ...,  0.        ,
          0.00961302,  0.08517216],
        [-0.97917329, -0.96146633, -0.94724603, ..., -0.00961302,
          0.        ,  0.07559014],
        [-0.96102506, -0.93793411, -0.92030874, ..., -0.08517216,
         -0.07559014,  0.        ]],

       ...,

       [[ 0.        ,  0.27733871,  0.26944702, ..., -0.52977483,
         -0.05511795, -0.20594531],
        [-0.27733871,  0.        , -0.00820418, ..., -0.74421452,
         -0.32987291, -0.46926006],
        [-0.26944702,  0.00820418,  0.        , ..., -0.73870957,
         -0.32211685, -0.46199948],
        ...,
        [ 0.52977483,  0.74421452,  0.73870957, ...,  0.        ,
          0.48222185,  0.34374821],
        [ 0.05511795,  0.32987291,  0.32211685, ..., -0.48222185,
          0.        , -0.15169582],
        [ 0.20594531,  0.46926006,  0.46199948, ..., -0.34374821,
          0.15169582,  0.        ]],

       [[ 0.        , -0.02597861, -0.04658103, ...,  0.58767587,
          0.58680892,  0.59281789],
        [ 0.02597861,  0.        , -0.02061489, ...,  0.56645832,
          0.56557533,  0.57169629],
        [ 0.04658103,  0.02061489,  0.        , ...,  0.54934941,
          0.5484541 ,  0.55466099],
        ...,
        [-0.58767587, -0.56645832, -0.54934941, ...,  0.        ,
          0.00107109, -0.00637   ],
        [-0.58680892, -0.56557533, -0.5484541 , ..., -0.00107109,
          0.        , -0.00744106],
        [-0.59281789, -0.57169629, -0.55466099, ...,  0.00637   ,
          0.00744106,  0.        ]],

       [[ 0.        ,  0.01757764,  0.00560553, ...,  0.99072567,
          0.99674842,  0.99783136],
        [-0.01757764,  0.        , -0.0119727 , ...,  0.99296101,
          0.99801077,  0.9988342 ],
        [-0.00560553,  0.0119727 ,  0.        , ...,  0.99147177,
          0.99718443,  0.99818465],
        ...,
        [-0.99072567, -0.99296101, -0.99147177, ...,  0.        ,
         -0.05560615, -0.07037081],
        [-0.99674842, -0.99801077, -0.99718443, ...,  0.05560615,
          0.        , -0.01479364],
        [-0.99783136, -0.9988342 , -0.99818465, ...,  0.07037081,
          0.01479364,  0.        ]]]), 'num': array([ 9.92671914e-01,  9.11862936e-03,  1.03423058e-05,  6.64563030e-03,
        6.93214013e-03,  6.47791723e-03,  1.18962862e-01, -2.37593512e-04,
        6.55618333e-03,  7.11627510e-03,  5.86826859e-03,  1.87606960e-06,
        8.45340249e-03,  5.77914771e-03])}
{'img': array([[[ 0.        , -0.12632177,  0.18784781, ...,  0.99104117,
          0.95829678,  0.98153256],
        [ 0.12632177,  0.        ,  0.31041604, ...,  0.96623114,
          0.91452058,  0.94950508],
        [-0.18784781, -0.31041604,  0.        , ...,  0.99848714,
          0.99491951,  0.99999384],
        ...,
        [-0.99104117, -0.96623114, -0.99848714, ...,  0.        ,
          0.15522772,  0.05849111],
        [-0.95829678, -0.91452058, -0.99491951, ..., -0.15522772,
          0.        , -0.09717984],
        [-0.98153256, -0.94950508, -0.99999384, ..., -0.05849111,
          0.09717984,  0.        ]],

       [[ 0.        , -0.28788315, -0.27312784, ..., -0.37122731,
          0.02824057, -0.19571364],
        [ 0.28788315,  0.        ,  0.01537207, ..., -0.0882    ,
          0.31481335,  0.0948876 ],
        [ 0.27312784, -0.01537207,  0.        , ..., -0.10350174,
          0.3001857 ,  0.07957368],
        ...,
        [ 0.37122731,  0.0882    ,  0.10350174, ...,  0.        ,
          0.3973018 ,  0.18231984],
        [-0.02824057, -0.31481335, -0.3001857 , ..., -0.3973018 ,
          0.        , -0.22333   ],
        [ 0.19571364, -0.0948876 , -0.07957368, ..., -0.18231984,
          0.22333   ,  0.        ]],

       [[ 0.        , -0.04773758,  0.15595364, ...,  0.96146633,
          0.93793411,  0.93310674],
        [ 0.04773758,  0.        ,  0.20292932, ...,  0.94724603,
          0.92030874,  0.91487651],
        [-0.15595364, -0.20292932,  0.        , ...,  0.99257739,
          0.98054473,  0.97777045],
        ...,
        [-0.96146633, -0.94724603, -0.99257739, ...,  0.        ,
          0.07559014,  0.08921059],
        [-0.93793411, -0.92030874, -0.98054473, ..., -0.07559014,
          0.        ,  0.01366662],
        [-0.93310674, -0.91487651, -0.97777045, ..., -0.08921059,
         -0.01366662,  0.        ]],

       ...,

       [[ 0.        , -0.00728526, -0.08565027, ..., -0.27790438,
         -0.37957478, -0.801895  ],
        [ 0.00728526,  0.        , -0.07838951, ..., -0.27089872,
         -0.37282466, -0.79752103],
        [ 0.08565027,  0.07838951,  0.        , ..., -0.19460675,
         -0.29893965, -0.74777521],
        ...,
        [ 0.27790438,  0.27089872,  0.19460675, ...,  0.        ,
         -0.10751654, -0.60426921],
        [ 0.37957478,  0.37282466,  0.29893965, ...,  0.10751654,
          0.        , -0.51509939],
        [ 0.801895  ,  0.79752103,  0.74777521, ...,  0.60426921,
          0.51509939,  0.        ]],

       [[ 0.        , -0.02061489, -0.13055437, ...,  0.56557533,
          0.57169629,  0.57422758],
        [ 0.02061489,  0.        , -0.11008817, ...,  0.5484541 ,
          0.55466099,  0.55722822],
        [ 0.13055437,  0.11008817,  0.        , ...,  0.4530669 ,
          0.45968789,  0.46242854],
        ...,
        [-0.56557533, -0.5484541 , -0.4530669 , ...,  0.        ,
         -0.00744106, -0.01052945],
        [-0.57169629, -0.55466099, -0.45968789, ...,  0.00744106,
          0.        , -0.00308851],
        [-0.57422758, -0.55722822, -0.46242854, ...,  0.01052945,
          0.00308851,  0.        ]],

       [[ 0.        , -0.0119727 , -0.0138512 , ...,  0.99801077,
          0.9988342 ,  0.99981319],
        [ 0.0119727 ,  0.        , -0.00187866, ...,  0.99718443,
          0.99818465,  0.99951012],
        [ 0.0138512 ,  0.00187866,  0.        , ...,  0.99704179,
          0.99806974,  0.99944956],
        ...,
        [-0.99801077, -0.99718443, -0.99704179, ...,  0.        ,
         -0.01479364, -0.04374225],
        [-0.9988342 , -0.99818465, -0.99806974, ...,  0.01479364,
          0.        , -0.02895799],
        [-0.99981319, -0.99951012, -0.99944956, ...,  0.04374225,
          0.02895799,  0.        ]]]), 'num': array([ 9.91773000e-01,  9.29435793e-03,  1.05416163e-05,  6.63836921e-03,
        7.00162761e-03,  6.49591493e-03,  1.26186709e-01, -1.35331561e-04,
        6.69962454e-03,  7.21922651e-03,  6.03715281e-03,  2.29715227e-06,
        8.60757827e-03,  5.83087476e-03])}
{'img': array([[[ 0.        ,  0.31041604,  0.50835399, ...,  0.91452058,
          0.94950508,  0.9647911 ],
        [-0.31041604,  0.        ,  0.2159275 , ...,  0.99491951,
          0.99999384,  0.998776  ],
        [-0.50835399, -0.2159275 ,  0.        , ...,  0.99318696,
          0.9771615 ,  0.96453404],
        ...,
        [-0.91452058, -0.99491951, -0.99318696, ...,  0.        ,
         -0.09717984, -0.14976122],
        [-0.94950508, -0.99999384, -0.9771615 , ...,  0.09717984,
          0.        , -0.0529685 ],
        [-0.9647911 , -0.998776  , -0.96453404, ...,  0.14976122,
          0.0529685 ,  0.        ]],

       [[ 0.        ,  0.01537207,  0.93351462, ...,  0.31481335,
          0.0948876 ,  0.11946268],
        [-0.01537207,  0.        ,  0.92789283, ...,  0.3001857 ,
          0.07957368,  0.10418658],
        [-0.93351462, -0.92789283,  0.        , ..., -0.77317579,
         -0.89528166, -0.88399736],
        ...,
        [-0.31481335, -0.3001857 ,  0.77317579, ...,  0.        ,
         -0.22333   , -0.19917044],
        [-0.0948876 , -0.07957368,  0.89528166, ...,  0.22333   ,
          0.        ,  0.02471558],
        [-0.11946268, -0.10418658,  0.88399736, ...,  0.19917044,
         -0.02471558,  0.        ]],

       [[ 0.        ,  0.20292932,  0.35082758, ...,  0.92030874,
          0.91487651,  0.91182714],
        [-0.20292932,  0.        ,  0.15349689, ...,  0.98054473,
          0.97777045,  0.97617267],
        [-0.35082758, -0.15349689,  0.        , ...,  0.99905521,
          0.99836797,  0.99791226],
        ...,
        [-0.92030874, -0.98054473, -0.99905521, ...,  0.        ,
          0.01366662,  0.02115491],
        [-0.91487651, -0.97777045, -0.99836797, ..., -0.01366662,
          0.        ,  0.00748937],
        [-0.91182714, -0.97617267, -0.99791226, ..., -0.02115491,
         -0.00748937,  0.        ]],

       ...,

       [[ 0.        , -0.07838951,  0.2941051 , ..., -0.37282466,
         -0.79752103, -0.31565191],
        [ 0.07838951,  0.        ,  0.36812267, ..., -0.29893965,
         -0.74777521, -0.24029874],
        [-0.2941051 , -0.36812267,  0.        , ..., -0.62923644,
         -0.93968014, -0.5807606 ],
        ...,
        [ 0.37282466,  0.29893965,  0.62923644, ...,  0.        ,
         -0.51509939,  0.06087004],
        [ 0.79752103,  0.74777521,  0.93968014, ...,  0.51509939,
          0.        ,  0.56631781],
        [ 0.31565191,  0.24029874,  0.5807606 , ..., -0.06087004,
         -0.56631781,  0.        ]],

       [[ 0.        , -0.11008817, -0.04484028, ...,  0.55466099,
          0.55722822,  0.56332544],
        [ 0.11008817,  0.        ,  0.06540971, ...,  0.45968789,
          0.46242854,  0.46894273],
        [ 0.04484028, -0.06540971,  0.        , ...,  0.51679255,
          0.5194342 ,  0.52571021],
        ...,
        [-0.55466099, -0.45968789, -0.51679255, ...,  0.        ,
         -0.00308851, -0.01044944],
        [-0.55722822, -0.46242854, -0.5194342 , ...,  0.00308851,
          0.        , -0.00736104],
        [-0.56332544, -0.46894273, -0.52571021, ...,  0.01044944,
          0.00736104,  0.        ]],

       [[ 0.        , -0.00187866, -0.00320936, ...,  0.99818465,
          0.99951012,  0.99992845],
        [ 0.00187866,  0.        , -0.0013307 , ...,  0.99806974,
          0.99944956,  0.99994915],
        [ 0.00320936,  0.0013307 ,  0.        , ...,  0.99798622,
          0.99940453,  0.99996169],
        ...,
        [-0.99818465, -0.99806974, -0.99798622, ...,  0.        ,
         -0.02895799, -0.07216447],
        [-0.99951012, -0.99944956, -0.99940453, ...,  0.02895799,
          0.        , -0.04325172],
        [-0.99992845, -0.99994915, -0.99996169, ...,  0.07216447,
          0.04325172,  0.        ]]]), 'num': array([9.94591645e-01, 8.93154364e-03, 1.01301141e-05, 6.65986555e-03,
       6.74200161e-03, 6.26971926e-03, 1.01756859e-01, 2.80631539e-04,
       6.53118572e-03, 6.91517180e-03, 5.86012270e-03, 2.57697799e-06,
       8.25225770e-03, 5.57808591e-03])}
{'img': array([[[ 0.00000000e+00,  4.18358472e-01,  3.05825409e-01, ...,
          9.55072474e-01,  9.69686301e-01,  9.34255226e-01],
        [-4.18358472e-01,  0.00000000e+00, -1.20538205e-01, ...,
          9.91465018e-01,  9.82975836e-01,  9.97755954e-01],
        [-3.05825409e-01,  1.20538205e-01,  0.00000000e+00, ...,
          9.99950865e-01,  9.97955726e-01,  9.98551716e-01],
        ...,
        [-9.55072474e-01, -9.91465018e-01, -9.99950865e-01, ...,
          0.00000000e+00, -5.40132066e-02,  6.36962671e-02],
        [-9.69686301e-01, -9.82975836e-01, -9.97955726e-01, ...,
          5.40132066e-02,  0.00000000e+00,  1.17506808e-01],
        [-9.34255226e-01, -9.97755954e-01, -9.98551716e-01, ...,
