state_0,state_1,state_2,state_3,state_4,state_5,state_6,state_7,state_8,state_9,state_10,state_11,state_12,state_13,state_14,state_15,state_16,state_17,state_18,state_19,state_20,state_21,state_22,state_23,state_24,state_25,state_26,state_27,state_28,state_29,state_30,state_31,state_32,state_33,state_34,state_35,state_36,state_37,state_38,state_39,state_40,state_41,state_42,state_43,state_44,state_45,state_46,state_47,state_48,state_49,state_50,state_51,state_52,state_53,state_54,state_55,state_56,state_57,state_58,state_59,state_60,state_61,state_62,state_63,state_64,state_65,state_66,state_67,state_68,state_69,state_70,state_71,state_72,state_73,state_74,state_75,state_76,state_77,state_78,state_79,state_80,state_81,state_82,state_83,state_84,state_85,state_86,state_87,state_88,state_89,state_90,state_91,state_92,state_93,state_94,state_95,state_96,state_97,state_98,state_99,state_100,state_101,state_102,state_103,state_104,state_105,state_106,state_107,state_108,state_109,state_110,state_111,state_112,state_113,state_114,state_115,state_116,state_117,state_118,state_119,state_120,state_121,state_122,state_123,state_124,state_125,state_126,state_127,state_128,state_129,state_130,state_131,state_132,state_133,state_134,state_135,state_136,state_137,state_138,state_139,state_140,state_141,state_142,state_143,state_144,state_145,state_146,state_147,state_148,state_149,state_150,state_151,state_152,state_153,state_154,state_155,state_156,state_157,state_158,state_159,state_160,state_161,state_162,state_163,state_164,state_165,state_166,state_167,state_168,state_169,state_170,state_171,state_172,state_173,state_174,state_175,state_176,state_177,state_178,state_179,state_180,state_181,state_182,state_183,state_184,state_185,state_186,state_187,state_188,state_189,state_190,state_191,state_192,state_193,state_194,state_195,state_196,state_197,state_198,state_199,state_200,state_201,state_202,state_203,state_204,state_205,state_206,state_207,state_208,state_209,state_210,state_211,state_212,state_213,state_214,state_215,state_216,state_217,state_218,state_219,state_220,state_221,state_222,state_223,state_224,state_225,state_226,state_227,state_228,state_229,state_230,state_231,state_232,state_233,state_234,state_235,state_236,state_237,state_238,state_239,state_240,state_241,state_242,state_243,state_244,state_245,state_246,state_247,state_248,state_249,state_250,state_251,state_252,state_253,state_254,state_255,state_256,state_257,state_258,state_259,state_260,state_261,state_262,state_263,state_264,state_265,state_266,state_267,state_268,state_269,state_270,state_271,state_272,state_273,state_274,state_275,state_276,state_277,state_278,state_279,state_280,state_281,state_282,state_283,state_284,state_285,state_286,state_287
{'img': array([[[ 0.        , -0.29269982, -0.17024677, ..., -0.82710747,
         -0.82710747, -0.80649503],
        [ 0.29269982,  0.        ,  0.12563612, ..., -0.95539391,
         -0.95539391, -0.94423017],
        [ 0.17024677, -0.12563612,  0.        , ..., -0.91071905,
         -0.91071905, -0.89537823],
        ...,
        [ 0.82710747,  0.95539391,  0.91071905, ...,  0.        ,
          0.        , -0.03573422],
        [ 0.82710747,  0.95539391,  0.91071905, ...,  0.        ,
          0.        , -0.03573422],
        [ 0.80649503,  0.94423017,  0.89537823, ...,  0.03573422,
          0.03573422,  0.        ]],

       [[ 0.        ,  0.89216926,  0.49774089, ...,  0.6862551 ,
          0.56749573,  0.89075677],
        [-0.89216926,  0.        , -0.54897123, ..., -0.3389468 ,
         -0.47825254, -0.00311747],
        [-0.49774089,  0.54897123,  0.        , ...,  0.23316946,
          0.08237561,  0.54636285],
        ...,
        [-0.6862551 ,  0.3389468 , -0.23316946, ...,  0.        ,
         -0.15227199,  0.33601222],
        [-0.56749573,  0.47825254, -0.08237561, ...,  0.15227199,
          0.        ,  0.47551239],
        [-0.89075677,  0.00311747, -0.54636285, ..., -0.33601222,
         -0.47551239,  0.        ]],

       [[ 0.        , -0.26339893, -0.38491158, ..., -0.73416351,
         -0.69985421, -0.66551055],
        [ 0.26339893,  0.        , -0.12821425, ..., -0.88707867,
         -0.86328235, -0.83860729],
        [ 0.38491158,  0.12821425,  0.        , ..., -0.9389432 ,
         -0.92086971, -0.90152882],
        ...,
        [ 0.73416351,  0.88707867,  0.9389432 , ...,  0.        ,
         -0.04922059, -0.09610765],
        [ 0.69985421,  0.86328235,  0.92086971, ...,  0.04922059,
          0.        , -0.04699842],
        [ 0.66551055,  0.83860729,  0.90152882, ...,  0.09610765,
          0.04699842,  0.        ]],

       ...,

       [[ 0.        , -0.15137763, -0.09117379, ..., -0.85993954,
         -0.82108396, -0.79800782],
        [ 0.15137763,  0.        ,  0.06062404, ..., -0.77276707,
         -0.72521432, -0.69758429],
        [ 0.09117379, -0.06062404,  0.        , ..., -0.80982316,
         -0.76562147, -0.73973849],
        ...,
        [ 0.85993954,  0.77276707,  0.80982316, ...,  0.        ,
          0.07178197,  0.11094013],
        [ 0.82108396,  0.72521432,  0.76562147, ..., -0.07178197,
          0.        ,  0.03931507],
        [ 0.79800782,  0.69758429,  0.73973849, ..., -0.11094013,
         -0.03931507,  0.        ]],

       [[ 0.        , -0.01277761, -0.00350679, ..., -0.66066542,
         -0.64948996, -0.51131441],
        [ 0.01277761,  0.        ,  0.00927102, ..., -0.67020339,
         -0.65915265, -0.52225366],
        [ 0.00350679, -0.00927102,  0.        , ..., -0.66329384,
         -0.65215243, -0.51432498],
        ...,
        [ 0.66066542,  0.67020339,  0.66329384, ...,  0.        ,
         -0.01479083, -0.18393797],
        [ 0.64948996,  0.65915265,  0.65215243, ...,  0.01479083,
          0.        , -0.16937938],
        [ 0.51131441,  0.52225366,  0.51432498, ...,  0.18393797,
          0.16937938,  0.        ]],

       [[ 0.        , -0.01027315,  0.04690506, ..., -0.99066068,
         -0.98631736, -0.98166351],
        [ 0.01027315,  0.        ,  0.05716442, ..., -0.99200915,
         -0.98795892, -0.98357   ],
        [-0.04690506, -0.05716442,  0.        , ..., -0.98317479,
         -0.97749911, -0.97164191],
        ...,
        [ 0.99066068,  0.99200915,  0.98317479, ...,  0.        ,
         -0.02883334, -0.05499154],
        [ 0.98631736,  0.98795892,  0.97749911, ...,  0.02883334,
          0.        , -0.02617897],
        [ 0.98166351,  0.98357   ,  0.97164191, ...,  0.05499154,
          0.02617897,  0.        ]]]), 'num': array([ 7.05120386e-01,  7.05120386e-01,  0.00000000e+00,  6.16980338e-04,
        6.29137586e-04,  6.13941026e-04,  7.48806241e-02, -9.11793603e-06,
        6.32176898e-04,  6.59226775e-04,  7.16923048e-04,  2.22103570e-06,
        7.00806518e-04,  6.17647031e-04])}
{'img': array([[[ 0.00000000e+00,  2.40745670e-01, -1.79129745e-01, ...,
         -9.39430161e-01, -9.26519933e-01, -9.04131937e-01],
        [-2.40745670e-01,  0.00000000e+00, -4.10712942e-01, ...,
         -8.29286599e-01, -8.08689829e-01, -7.74680423e-01],
        [ 1.79129745e-01,  4.10712942e-01,  0.00000000e+00, ...,
         -9.85630308e-01, -9.78930692e-01, -9.66041805e-01],
        ...,
        [ 9.39430161e-01,  8.29286599e-01,  9.85630308e-01, ...,
          0.00000000e+00, -3.59007422e-02, -9.14921717e-02],
        [ 9.26519933e-01,  8.08689829e-01,  9.78930692e-01, ...,
          3.59007422e-02,  0.00000000e+00, -5.56830251e-02],
        [ 9.04131937e-01,  7.74680423e-01,  9.66041805e-01, ...,
          9.14921717e-02,  5.56830251e-02,  0.00000000e+00]],

       [[ 0.00000000e+00, -5.48066432e-01, -3.92856807e-01, ...,
         -4.77542555e-01, -3.11455729e-03, -8.92544297e-01],
        [ 5.48066432e-01,  0.00000000e+00,  1.75402595e-01, ...,
          8.21026766e-02,  5.45458649e-01, -4.99399226e-01],
        [ 3.92856807e-01, -1.75402595e-01,  0.00000000e+00, ...,
         -9.39805923e-02,  3.89990756e-01, -6.43620829e-01],
        ...,
        [ 4.77542555e-01, -8.21026766e-02,  9.39805923e-02, ...,
          0.00000000e+00,  4.74803762e-01, -5.68844651e-01],
        [ 3.11455729e-03, -5.45458649e-01, -3.89990756e-01, ...,
         -4.74803762e-01,  0.00000000e+00, -8.91135428e-01],
        [ 8.92544297e-01,  4.99399226e-01,  6.43620829e-01, ...,
          5.68844651e-01,  8.91135428e-01,  0.00000000e+00]],

       [[ 0.00000000e+00, -2.88379019e-01, -3.80364642e-01, ...,
         -7.05057313e-01, -6.70587917e-01, -6.12010453e-01],
        [ 2.88379019e-01,  0.00000000e+00, -9.75018875e-02, ...,
         -8.79607973e-01, -8.56027115e-01, -8.14074462e-01],
        [ 3.80364642e-01,  9.75018875e-02,  0.00000000e+00, ...,
         -9.21798519e-01, -9.02350177e-01, -8.66820920e-01],
        ...,
        [ 7.05057313e-01,  8.79607973e-01,  9.21798519e-01, ...,
          0.00000000e+00, -4.74850719e-02, -1.23586933e-01],
        [ 6.70587917e-01,  8.56027115e-01,  9.02350177e-01, ...,
          4.74850719e-02,  0.00000000e+00, -7.63264806e-02],
        [ 6.12010453e-01,  8.14074462e-01,  8.66820920e-01, ...,
          1.23586933e-01,  7.63264806e-02,  0.00000000e+00]],

       ...,

       [[ 0.00000000e+00,  6.06240440e-02, -3.11436223e-01, ...,
         -7.25214318e-01, -6.97584287e-01, -6.66896164e-01],
        [-6.06240440e-02,  0.00000000e+00, -3.68472421e-01, ...,
         -7.65621471e-01, -7.39738493e-01, -7.10843569e-01],
        [ 3.11436223e-01,  3.68472421e-01,  0.00000000e+00, ...,
         -4.74716211e-01, -4.39746464e-01, -4.01662547e-01],
        ...,
        [ 7.25214318e-01,  7.65621471e-01,  4.74716211e-01, ...,
          0.00000000e+00,  3.93150746e-02,  8.12204490e-02],
        [ 6.97584287e-01,  7.39738493e-01,  4.39746464e-01, ...,
         -3.93150746e-02,  0.00000000e+00,  4.19724706e-02],
        [ 6.66896164e-01,  7.10843569e-01,  4.01662547e-01, ...,
         -8.12204490e-02, -4.19724706e-02,  0.00000000e+00]],

       [[ 0.00000000e+00,  9.27102182e-03,  9.65860188e-03, ...,
         -6.59152652e-01, -5.22253659e-01, -6.39686239e-01],
        [-9.27102182e-03,  0.00000000e+00,  3.87597410e-04, ...,
         -6.52152431e-01, -5.14324978e-01, -6.32532705e-01],
        [-9.65860188e-03, -3.87597410e-04,  0.00000000e+00, ...,
         -6.51858549e-01, -5.13992537e-01, -6.32232451e-01],
        ...,
        [ 6.59152652e-01,  6.52152431e-01,  6.51858549e-01, ...,
          0.00000000e+00, -1.69379382e-01, -2.55986367e-02],
        [ 5.22253659e-01,  5.14324978e-01,  5.13992537e-01, ...,
          1.69379382e-01,  0.00000000e+00,  1.44095116e-01],
        [ 6.39686239e-01,  6.32532705e-01,  6.32232451e-01, ...,
          2.55986367e-02, -1.44095116e-01,  0.00000000e+00]],

       [[ 0.00000000e+00,  5.71644237e-02,  7.90248584e-02, ...,
         -9.87958918e-01, -9.83570000e-01, -9.74958956e-01],
        [-5.71644237e-02,  0.00000000e+00,  2.19099850e-02, ...,
         -9.77499109e-01, -9.71641913e-01, -9.60652177e-01],
        [-7.90248584e-02, -2.19099850e-02,  0.00000000e+00, ...,
         -9.72642775e-01, -9.66227895e-01, -9.54335980e-01],
        ...,
        [ 9.87958918e-01,  9.77499109e-01,  9.72642775e-01, ...,
          0.00000000e+00, -2.61789681e-02, -6.88649454e-02],
        [ 9.83570000e-01,  9.71641913e-01,  9.66227895e-01, ...,
          2.61789681e-02,  0.00000000e+00, -4.27245244e-02],
        [ 9.74958956e-01,  9.60652177e-01,  9.54335980e-01, ...,
          6.88649454e-02,  4.27245244e-02,  0.00000000e+00]]]), 'num': array([7.70244944e-01, 6.32998417e-01, 1.33899051e-05, 6.79438253e-04,
       6.79438253e-04, 6.66180922e-04, 7.76643662e-02, 6.62866589e-06,
       6.82752586e-04, 7.15730199e-04, 7.75885342e-04, 2.50138335e-06,
       7.62811229e-04, 6.68649169e-04])}
{'img': array([[[ 0.00000000e+00, -4.10712942e-01, -5.67273574e-01, ...,
         -8.08689829e-01, -7.74680423e-01, -7.97785646e-01],
        [ 4.10712942e-01,  0.00000000e+00, -1.78985836e-01, ...,
         -9.78930692e-01, -9.66041805e-01, -9.75028540e-01],
        [ 5.67273574e-01,  1.78985836e-01,  0.00000000e+00, ...,
         -9.99670197e-01, -9.96689226e-01, -9.99032540e-01],
        ...,
        [ 8.08689829e-01,  9.78930692e-01,  9.99670197e-01, ...,
          0.00000000e+00, -5.56830251e-02, -1.83067222e-02],
        [ 7.74680423e-01,  9.66041805e-01,  9.96689226e-01, ...,
          5.56830251e-02,  0.00000000e+00,  3.73953743e-02],
        [ 7.97785646e-01,  9.75028540e-01,  9.99032540e-01, ...,
          1.83067222e-02, -3.73953743e-02,  0.00000000e+00]],

       [[ 0.00000000e+00,  1.67708264e-01,  1.72103905e-01, ...,
          5.31268711e-01, -3.61877425e-01, -5.25517872e-01],
        [-1.67708264e-01,  0.00000000e+00,  4.46048417e-03, ...,
          3.81661170e-01, -5.13093987e-01, -6.60758055e-01],
        [-1.72103905e-01, -4.46048417e-03,  0.00000000e+00, ...,
          3.77534537e-01, -5.16917460e-01, -6.64099516e-01],
        ...,
        [-5.31268711e-01, -3.81661170e-01, -3.77534537e-01, ...,
          0.00000000e+00, -8.01846114e-01, -8.97214669e-01],
        [ 3.61877425e-01,  5.13093987e-01,  5.16917460e-01, ...,
          8.01846114e-01,  0.00000000e+00, -1.82022256e-01],
        [ 5.25517872e-01,  6.60758055e-01,  6.64099516e-01, ...,
          8.97214669e-01,  1.82022256e-01,  0.00000000e+00]],

       [[ 0.00000000e+00, -2.56248198e-01, -3.92231724e-01, ...,
         -6.76734614e-01, -6.17831506e-01, -5.72793795e-01],
        [ 2.56248198e-01,  0.00000000e+00, -1.43421387e-01, ...,
         -8.42795989e-01, -7.98693395e-01, -7.63715313e-01],
        [ 3.92231724e-01,  1.43421387e-01,  0.00000000e+00, ...,
         -9.11277066e-01, -8.76738400e-01, -8.48405938e-01],
        ...,
        [ 6.76734614e-01,  8.42795989e-01,  9.11277066e-01, ...,
          0.00000000e+00, -7.72592806e-02, -1.33012742e-01],
        [ 6.17831506e-01,  7.98693395e-01,  8.76738400e-01, ...,
          7.72592806e-02,  0.00000000e+00, -5.60423912e-02],
        [ 5.72793795e-01,  7.63715313e-01,  8.48405938e-01, ...,
          1.33012742e-01,  5.60423912e-02,  0.00000000e+00]],

       ...,

       [[ 0.00000000e+00, -3.68472421e-01, -3.49393083e-01, ...,
         -7.39738493e-01, -7.10843569e-01, -6.84414215e-01],
        [ 3.68472421e-01,  0.00000000e+00,  2.04405790e-02, ...,
         -4.39746464e-01, -4.01662547e-01, -3.67607119e-01],
        [ 3.49393083e-01, -2.04405790e-02,  0.00000000e+00, ...,
         -4.58012720e-01, -4.20297860e-01, -3.86539668e-01],
        ...,
        [ 7.39738493e-01,  4.39746464e-01,  4.58012720e-01, ...,
          0.00000000e+00,  4.19724706e-02,  7.87999135e-02],
        [ 7.10843569e-01,  4.01662547e-01,  4.20297860e-01, ...,
         -4.19724706e-02,  0.00000000e+00,  3.68885172e-02],
        [ 6.84414215e-01,  3.67607119e-01,  3.86539668e-01, ...,
         -7.87999135e-02, -3.68885172e-02,  0.00000000e+00]],

       [[ 0.00000000e+00,  3.87597410e-04,  1.56631474e-03, ...,
         -5.14324978e-01, -6.32532705e-01, -5.78070556e-01],
        [-3.87597410e-04,  0.00000000e+00,  1.17871768e-03, ...,
         -5.13992537e-01, -6.32232451e-01, -5.77754238e-01],
        [-1.56631474e-03, -1.17871768e-03,  0.00000000e+00, ...,
         -5.12981082e-01, -6.31318766e-01, -5.76791755e-01],
        ...,
        [ 5.14324978e-01,  5.13992537e-01,  5.12981082e-01, ...,
          0.00000000e+00,  1.44095116e-01,  7.60682475e-02],
        [ 6.32532705e-01,  6.32232451e-01,  6.31318766e-01, ...,
         -1.44095116e-01,  0.00000000e+00, -6.84032297e-02],
        [ 5.78070556e-01,  5.77754238e-01,  5.76791755e-01, ...,
         -7.60682475e-02,  6.84032297e-02,  0.00000000e+00]],

       [[ 0.00000000e+00,  2.19099850e-02,  6.00398087e-03, ...,
         -9.71641913e-01, -9.60652177e-01, -9.52862788e-01],
        [-2.19099850e-02,  0.00000000e+00, -1.59070505e-02, ...,
         -9.66227895e-01, -9.54335980e-01, -9.45986528e-01],
        [-6.00398087e-03,  1.59070505e-02,  0.00000000e+00, ...,
         -9.70204716e-01, -9.58967232e-01, -9.51023997e-01],
        ...,
        [ 9.71641913e-01,  9.66227895e-01,  9.70204716e-01, ...,
          0.00000000e+00, -4.27245244e-02, -6.94864339e-02],
        [ 9.60652177e-01,  9.54335980e-01,  9.58967232e-01, ...,
          4.27245244e-02,  0.00000000e+00, -2.68017304e-02],
        [ 9.52862788e-01,  9.45986528e-01,  9.51023997e-01, ...,
          6.94864339e-02,  2.68017304e-02,  0.00000000e+00]]]), 'num': array([8.62004747e-01, 4.71357183e-01, 3.66805224e-05, 7.76635316e-04,
       7.76635316e-04, 7.58404440e-04, 1.86454534e-01, 2.91694015e-05,
       7.54758265e-04, 7.85568445e-04, 8.47431885e-04, 3.78121872e-06,
       8.36168898e-04, 7.34967993e-04])}
{'img': array([[[ 0.        , -0.41963636, -0.57891962, ..., -0.78822698,
         -0.81131058, -0.8871202 ],
        [ 0.41963636,  0.        , -0.18331586, ..., -0.97370533,
         -0.98174624, -0.9989105 ],
        [ 0.57891962,  0.18331586,  0.        , ..., -0.99896638,
         -0.99997548, -0.99053783],
        ...,
        [ 0.78822698,  0.97370533,  0.99896638, ...,  0.        ,
          0.03845843,  0.18212305],
        [ 0.81131058,  0.98174624,  0.99997548, ..., -0.03845843,
          0.        ,  0.14417308],
        [ 0.8871202 ,  0.9989105 ,  0.99053783, ..., -0.18212305,
         -0.14417308,  0.        ]],

       [[ 0.        ,  0.00446048,  0.10925133, ..., -0.51309399,
         -0.66075805,  0.18455863],
        [-0.00446048,  0.        ,  0.10481646, ..., -0.51691746,
         -0.66409952,  0.18017294],
        [-0.10925133, -0.10481646,  0.        , ..., -0.60379665,
         -0.73880679,  0.07607934],
        ...,
        [ 0.51309399,  0.51691746,  0.60379665, ...,  0.        ,
         -0.18202226,  0.66269247],
        [ 0.66075805,  0.66409952,  0.73880679, ...,  0.18202226,
          0.        ,  0.78793674],
        [-0.18455863, -0.18017294, -0.07607934, ..., -0.66269247,
         -0.78793674,  0.        ]],

       [[ 0.        , -0.30465804, -0.45994835, ..., -0.62242115,
         -0.5771497 , -0.60045248],
        [ 0.30465804,  0.        , -0.16756345, ..., -0.83128288,
         -0.79850848, -0.81553103],
        [ 0.45994835,  0.16756345,  0.        , ..., -0.91266969,
         -0.88808905, -0.90097168],
        ...,
        [ 0.62242115,  0.83128288,  0.91266969, ...,  0.        ,
         -0.05656802, -0.02776191],
        [ 0.5771497 ,  0.79850848,  0.88808905, ...,  0.05656802,
          0.        ,  0.02882875],
        [ 0.60045248,  0.81553103,  0.90097168, ...,  0.02776191,
         -0.02882875,  0.        ]],

       ...,

       [[ 0.        ,  0.02044058, -0.54793802, ..., -0.40166255,
         -0.36760712,  0.05857314],
        [-0.02044058,  0.        , -0.56492247, ..., -0.42029786,
         -0.38653967,  0.03815541],
        [ 0.54793802,  0.56492247,  0.        , ...,  0.16579659,
          0.20206173,  0.59599481],
        ...,
        [ 0.40166255,  0.42029786, -0.16579659, ...,  0.        ,
          0.03688852,  0.4546135 ],
        [ 0.36760712,  0.38653967, -0.20206173, ..., -0.03688852,
          0.        ,  0.4214479 ],
        [-0.05857314, -0.03815541, -0.59599481, ..., -0.4546135 ,
         -0.4214479 ,  0.        ]],

       [[ 0.        ,  0.001175  ,  0.00413689, ..., -0.6807066 ,
         -0.65122241, -0.51260146],
        [-0.001175  ,  0.        ,  0.00296189, ..., -0.67984537,
         -0.65033026, -0.51159222],
        [-0.00413689, -0.00296189,  0.        , ..., -0.67767027,
         -0.64807741, -0.50904503],
        ...,
        [ 0.6807066 ,  0.67984537,  0.67767027, ...,  0.        ,
         -0.03952236, -0.20896347],
        [ 0.65122241,  0.65033026,  0.64807741, ...,  0.03952236,
          0.        , -0.17015037],
        [ 0.51260146,  0.51159222,  0.50904503, ...,  0.20896347,
          0.17015037,  0.        ]],

       [[ 0.        , -0.01590705, -0.03545039, ..., -0.95433598,
         -0.94598653, -0.94495839],
        [ 0.01590705,  0.        , -0.01954885, ..., -0.95896723,
         -0.951024  , -0.95004347],
        [ 0.03545039,  0.01954885,  0.        , ..., -0.96432641,
         -0.95688514, -0.95596346],
        ...,
        [ 0.95433598,  0.95896723,  0.96432641, ...,  0.        ,
         -0.02680173, -0.02995717],
        [ 0.94598653,  0.951024  ,  0.95688514, ...,  0.02680173,
          0.        , -0.0031567 ],
        [ 0.94495839,  0.95004347,  0.95596346, ...,  0.02995717,
          0.0031567 ,  0.        ]]]), 'num': array([ 9.65013503e-01,  2.33708380e-01,  6.93180211e-05,  8.67503111e-04,
        8.71614500e-04,  8.59280332e-04,  1.18840690e-01, -8.22277830e-06,
        8.53524388e-04,  8.81892973e-04,  9.48908616e-04,  3.61802245e-06,
        9.32347608e-04,  8.31438337e-04])}
{'img': array([[[ 0.        , -0.42916564, -0.42916564, ..., -0.82542204,
         -0.90019653, -0.88386508],
        [ 0.42916564,  0.        ,  0.        , ..., -0.98781341,
         -0.99997545, -0.99906852],
        [ 0.42916564,  0.        ,  0.        , ..., -0.98781341,
         -0.99997545, -0.99906852],
        ...,
        [ 0.82542204,  0.98781341,  0.98781341, ...,  0.        ,
          0.14871748,  0.11287159],
        [ 0.90019653,  0.99997545,  0.99997545, ..., -0.14871748,
          0.        , -0.03615068],
        [ 0.88386508,  0.99906852,  0.99906852, ..., -0.11287159,
          0.03615068,  0.        ]],

       [[ 0.        ,  0.10481646, -0.06789749, ..., -0.66409952,
          0.18017294, -0.3279837 ],
        [-0.10481646,  0.        , -0.17209805, ..., -0.73880679,
          0.07607934, -0.4251954 ],
        [ 0.06789749,  0.17209805,  0.        , ..., -0.61180382,
          0.24654349, -0.26308519],
        ...,
        [ 0.66409952,  0.73880679,  0.61180382, ...,  0.        ,
          0.78793674,  0.38214867],
        [-0.18017294, -0.07607934, -0.24654349, ..., -0.78793674,
          0.        , -0.49282261],
        [ 0.3279837 ,  0.4251954 ,  0.26308519, ..., -0.38214867,
          0.49282261,  0.        ]],

       [[ 0.        , -0.35750025, -0.47818181, ..., -0.58341541,
         -0.60689423, -0.62032128],
        [ 0.35750025,  0.        , -0.13260175, ..., -0.83521163,
         -0.85092142, -0.85973067],
        [ 0.47818181,  0.13260175,  0.        , ..., -0.90075771,
         -0.91306204, -0.91986477],
        ...,
        [ 0.58341541,  0.83521163,  0.90075771, ...,  0.        ,
          0.02921524,  0.04620815],
        [ 0.60689423,  0.85092142,  0.91306204, ..., -0.02921524,
          0.        ,  0.01700439],
        [ 0.62032128,  0.85973067,  0.91986477, ..., -0.04620815,
         -0.01700439,  0.        ]],

       ...,

       [[ 0.        , -0.56492247, -0.53794114, ..., -0.38653967,
          0.03815541, -0.20417732],
        [ 0.56492247,  0.        ,  0.0323408 , ...,  0.20206173,
          0.59599481,  0.38454608],
        [ 0.53794114, -0.0323408 ,  0.        , ...,  0.17028233,
          0.56971376,  0.35449094],
        ...,
        [ 0.38653967, -0.20206173, -0.17028233, ...,  0.        ,
          0.4214479 ,  0.19008961],
        [-0.03815541, -0.59599481, -0.56971376, ..., -0.4214479 ,
          0.        , -0.24138027],
        [ 0.20417732, -0.38454608, -0.35449094, ..., -0.19008961,
          0.24138027,  0.        ]],

       [[ 0.        ,  0.00292667, -0.01194279, ..., -0.76696391,
         -0.73713996, -0.50634986],
        [-0.00292667,  0.        , -0.01486921, ..., -0.76508261,
         -0.73515913, -0.50382394],
        [ 0.01194279,  0.01486921,  0.        , ..., -0.77457278,
         -0.74515761, -0.51661236],
        ...,
        [ 0.76696391,  0.76508261,  0.77457278, ...,  0.        ,
         -0.04525275, -0.33645479],
        [ 0.73713996,  0.73515913,  0.74515761, ...,  0.04525275,
          0.        , -0.29349562],
        [ 0.50634986,  0.50382394,  0.51661236, ...,  0.33645479,
          0.29349562,  0.        ]],

       [[ 0.        , -0.01954885,  0.14606923, ..., -0.951024  ,
         -0.95004347, -0.95371471],
        [ 0.01954885,  0.        ,  0.1653805 , ..., -0.95688514,
         -0.95596346, -0.95941105],
        [-0.14606923, -0.1653805 ,  0.        , ..., -0.89567117,
         -0.89426287, -0.89956061],
        ...,
        [ 0.951024  ,  0.95688514,  0.89567117, ...,  0.        ,
         -0.0031567 ,  0.00882429],
        [ 0.95004347,  0.95596346,  0.89426287, ...,  0.0031567 ,
          0.        ,  0.01198083],
        [ 0.95371471,  0.95941105,  0.89956061, ..., -0.00882429,
         -0.01198083,  0.        ]]]), 'num': array([7.34520774e-01, 6.66895439e-01, 6.32012480e-06, 6.69557776e-04,
       6.72686551e-04, 6.60171452e-04, 1.25403666e-01, 9.38632396e-06,
       6.54539658e-04, 6.69244898e-04, 7.17532321e-04, 2.60731221e-06,
       7.03910818e-04, 6.34578979e-04])}
{'img': array([[[ 0.        ,  0.        , -0.40287676, ..., -0.9135263 ,
         -0.89766527, -0.92088662],
        [ 0.        ,  0.        , -0.40287676, ..., -0.9135263 ,
         -0.89766527, -0.92088662],
        [ 0.40287676,  0.40287676,  0.        , ..., -0.99999089,
         -0.99913085, -0.99989904],
        ...,
        [ 0.9135263 ,  0.9135263 ,  0.99999089, ...,  0.        ,
         -0.03741894,  0.01847753],
        [ 0.89766527,  0.89766527,  0.99913085, ...,  0.03741894,
          0.        ,  0.05587714],
        [ 0.92088662,  0.92088662,  0.99989904, ..., -0.01847753,
         -0.05587714,  0.        ]],

       [[ 0.        , -0.17209805, -0.21151159, ...,  0.07607934,
         -0.4251954 , -0.13749888],
        [ 0.17209805,  0.        , -0.04015138, ...,  0.24654349,
         -0.26308519,  0.03501607],
        [ 0.21151159,  0.04015138,  0.        , ...,  0.28525666,
         -0.22413608,  0.0751146 ],
        ...,
        [-0.07607934, -0.24654349, -0.28525666, ...,  0.        ,
         -0.49282261, -0.21245711],
        [ 0.4251954 ,  0.26308519,  0.22413608, ...,  0.49282261,
          0.        ,  0.2967064 ],
        [ 0.13749888, -0.03501607, -0.0751146 , ...,  0.21245711,
         -0.2967064 ,  0.        ]],

       [[ 0.        , -0.33435827, -0.5107787 , ..., -0.61596978,
         -0.62952723, -0.66347163],
        [ 0.33435827,  0.        , -0.19392947, ..., -0.84391563,
         -0.85308461, -0.87545356],
        [ 0.5107787 ,  0.19392947,  0.        , ..., -0.93193278,
         -0.93807629, -0.95256004],
        ...,
        [ 0.61596978,  0.84391563,  0.93193278, ...,  0.        ,
          0.01732731,  0.06179343],
        [ 0.62952723,  0.85308461,  0.93807629, ..., -0.01732731,
          0.        ,  0.04448996],
        [ 0.66347163,  0.87545356,  0.95256004, ..., -0.06179343,
         -0.04448996,  0.        ]],

       ...,

       [[ 0.        ,  0.0323408 , -0.76855562, ...,  0.59599481,
          0.38454608,  0.31797855],
        [-0.0323408 ,  0.        , -0.78884468, ...,  0.56971376,
          0.35449094,  0.28714997],
        [ 0.76855562,  0.78884468,  0.        , ...,  0.99844849,
          0.95548418,  0.93210324],
        ...,
        [-0.59599481, -0.56971376, -0.99844849, ...,  0.        ,
         -0.24138027, -0.30972838],
        [-0.38454608, -0.35449094, -0.95548418, ...,  0.24138027,
          0.        , -0.07105949],
        [-0.31797855, -0.28714997, -0.93210324, ...,  0.30972838,
          0.07105949,  0.        ]],

       [[ 0.        , -0.01474729,  0.00435364, ..., -0.78977323,
         -0.69696227, -0.50025629],
        [ 0.01474729,  0.        ,  0.01910032, ..., -0.79873332,
         -0.70746187, -0.51297124],
        [-0.00435364, -0.01910032,  0.        , ..., -0.78709523,
         -0.69383363, -0.49648184],
        ...,
        [ 0.78977323,  0.79873332,  0.78709523, ...,  0.        ,
         -0.13883663, -0.3769901 ],
        [ 0.69696227,  0.70746187,  0.69383363, ...,  0.13883663,
          0.        , -0.24474617],
        [ 0.50025629,  0.51297124,  0.49648184, ...,  0.3769901 ,
          0.24474617,  0.        ]],

       [[ 0.        ,  0.1653805 , -0.02123382, ..., -0.95596346,
         -0.95941105, -0.96238999],
        [-0.1653805 ,  0.        , -0.18628464, ..., -0.89426287,
         -0.89956061, -0.90420852],
        [ 0.02123382,  0.18628464,  0.        , ..., -0.96197975,
         -0.96518292, -0.96794163],
        ...,
        [ 0.95596346,  0.89426287,  0.96197975, ...,  0.        ,
          0.01198083,  0.0227395 ],
        [ 0.95941105,  0.89956061,  0.96518292, ..., -0.01198083,
          0.        ,  0.01076013],
        [ 0.96238999,  0.90420852,  0.96794163, ..., -0.0227395 ,
         -0.01076013,  0.        ]]]), 'num': array([ 8.17583819e-01,  5.40798669e-01,  2.70034293e-05,  7.24568457e-04,
        7.52844299e-04,  7.17499496e-04,  1.97709354e-01, -3.18103225e-05,
        7.40827066e-04,  7.53021023e-04,  8.05213515e-04,  2.52462877e-06,
        7.92154919e-04,  7.13887127e-04])}
{'img': array([[[ 0.        , -0.40287676, -0.58148193, ..., -0.89766527,
         -0.92088662, -0.84013788],
        [ 0.40287676,  0.        , -0.20443966, ..., -0.99913085,
         -0.99989904, -0.98744918],
        [ 0.58148193,  0.20443966,  0.        , ..., -0.98655022,
         -0.97587529, -0.99888203],
        ...,
        [ 0.89766527,  0.99913085,  0.98655022, ...,  0.        ,
          0.05587714, -0.11663904],
        [ 0.92088662,  0.99989904,  0.97587529, ..., -0.05587714,
          0.        , -0.17195255],
        [ 0.84013788,  0.98744918,  0.99888203, ...,  0.11663904,
          0.17195255,  0.        ]],

       [[ 0.        , -0.04015138,  0.30440124, ..., -0.26308519,
          0.03501607,  0.32506151],
        [ 0.04015138,  0.        ,  0.34240173, ..., -0.22413608,
          0.0751146 ,  0.36277026],
        [-0.30440124, -0.34240173,  0.        , ..., -0.54427817,
         -0.27086022,  0.02176527],
        ...,
        [ 0.26308519,  0.22413608,  0.54427817, ...,  0.        ,
          0.2967064 ,  0.56240823],
        [-0.03501607, -0.0751146 ,  0.27086022, ..., -0.2967064 ,
          0.        ,  0.29174771],
        [-0.32506151, -0.36277026, -0.02176527, ..., -0.56240823,
         -0.29174771,  0.        ]],

       [[ 0.        , -0.40387356, -0.55831414, ..., -0.63759665,
         -0.67179101, -0.67986927],
        [ 0.40387356,  0.        , -0.17568857, ..., -0.89441509,
         -0.91372997, -0.91812842],
        [ 0.55831414,  0.17568857,  0.        , ..., -0.95907775,
         -0.97090375, -0.97347006],
        ...,
        [ 0.63759665,  0.89441509,  0.95907775, ...,  0.        ,
          0.04523407,  0.05618026],
        [ 0.67179101,  0.91372997,  0.97090375, ..., -0.04523407,
          0.        ,  0.01096013],
        [ 0.67986927,  0.91812842,  0.97347006, ..., -0.05618026,
         -0.01096013,  0.        ]],

       ...,

       [[ 0.        , -0.78884468, -0.76574461, ...,  0.35449094,
          0.28714997,  0.10847641],
        [ 0.78884468,  0.        ,  0.03672036, ...,  0.95548418,
          0.93210324,  0.85085853],
        [ 0.76574461, -0.03672036,  0.        , ...,  0.94400573,
          0.91817476,  0.830992  ],
        ...,
        [-0.35449094, -0.95548418, -0.94400573, ...,  0.        ,
         -0.07105949, -0.25096721],
        [-0.28714997, -0.93210324, -0.91817476, ...,  0.07105949,
          0.        , -0.18154751],
        [-0.10847641, -0.85085853, -0.830992  , ...,  0.25096721,
          0.18154751,  0.        ]],

       [[ 0.        ,  0.01902616,  0.06539201, ..., -0.74235136,
         -0.64943811, -0.51125554],
        [-0.01902616,  0.        ,  0.04639473, ..., -0.72946925,
         -0.63485279, -0.49481136],
        [-0.06539201, -0.04639473,  0.        , ..., -0.69694912,
         -0.59832307, -0.4539615 ],
        ...,
        [ 0.74235136,  0.72946925,  0.69694912, ...,  0.        ,
         -0.12936416, -0.29545138],
        [ 0.64943811,  0.63485279,  0.59832307, ...,  0.12936416,
          0.        , -0.16937969],
        [ 0.51125554,  0.49481136,  0.4539615 , ...,  0.29545138,
          0.16937969,  0.        ]],

       [[ 0.        , -0.18628464, -0.32796925, ..., -0.89956061,
         -0.90420852, -0.89755884],
        [ 0.18628464,  0.        , -0.14624748, ..., -0.96518292,
         -0.96794163, -0.96397971],
        [ 0.32796925,  0.14624748,  0.        , ..., -0.99306012,
         -0.9942681 , -0.99251332],
        ...,
        [ 0.89956061,  0.96518292,  0.99306012, ...,  0.        ,
          0.01076013, -0.00456144],
        [ 0.90420852,  0.96794163,  0.9942681 , ..., -0.01076013,
          0.        , -0.01532119],
        [ 0.89755884,  0.96397971,  0.99251332, ...,  0.00456144,
          0.01532119,  0.        ]]]), 'num': array([7.98327927e-01, 5.92417215e-01, 2.00888499e-05, 7.07596947e-04,
       7.14500332e-04, 7.04145254e-04, 1.08213250e-01, 0.00000000e+00,
       7.23474732e-04, 7.33312055e-04, 7.81117995e-04, 2.81770810e-06,
       7.72816973e-04, 6.93807138e-04])}
{'img': array([[[ 0.        , -0.4484552 , -0.74798395, ..., -0.93185463,
         -0.85286965, -0.85286965],
        [ 0.4484552 ,  0.        , -0.37090477, ..., -0.99561045,
         -0.9964486 , -0.9964486 ],
        [ 0.74798395,  0.37090477,  0.        , ..., -0.88987999,
         -0.95660422, -0.95660422],
        ...,
        [ 0.93185463,  0.99561045,  0.88987999, ...,  0.        ,
         -0.17709529, -0.17709529],
        [ 0.85286965,  0.9964486 ,  0.95660422, ...,  0.17709529,
          0.        ,  0.        ],
        [ 0.85286965,  0.9964486 ,  0.95660422, ...,  0.17709529,
          0.        ,  0.        ]],

       [[ 0.        ,  0.34240173,  0.60573044, ...,  0.0751146 ,
          0.36277026, -0.1446168 ],
        [-0.34240173,  0.        ,  0.29667749, ..., -0.27086022,
          0.02176527, -0.47467755],
        [-0.60573044, -0.29667749,  0.        , ..., -0.54425277,
         -0.27582186, -0.71443008],
        ...,
        [-0.0751146 ,  0.27086022,  0.54425277, ...,  0.        ,
          0.29174771, -0.21853322],
        [-0.36277026, -0.02176527,  0.27582186, ..., -0.29174771,
          0.        , -0.49372202],
        [ 0.1446168 ,  0.47467755,  0.71443008, ...,  0.21853322,
          0.49372202,  0.        ]],

       [[ 0.        , -0.4123508 , -0.60664745, ..., -0.68429322,
         -0.69244567, -0.69244567],
        [ 0.4123508 ,  0.        , -0.22486416, ..., -0.9240974 ,
         -0.92833416, -0.92833416],
        [ 0.60664745,  0.22486416,  0.        , ..., -0.9863648 ,
         -0.98815217, -0.98815217],
        ...,
        [ 0.68429322,  0.9240974 ,  0.9863648 , ...,  0.        ,
          0.01123917,  0.01123917],
        [ 0.69244567,  0.92833416,  0.98815217, ..., -0.01123917,
          0.        ,  0.        ],
        [ 0.69244567,  0.92833416,  0.98815217, ..., -0.01123917,
          0.        ,  0.        ]],

       ...,

       [[ 0.        ,  0.03672036, -0.22315456, ...,  0.93210324,
          0.85085853,  0.92240543],
        [-0.03672036,  0.        , -0.25879845, ...,  0.91817476,
          0.830992  ,  0.9076011 ],
        [ 0.22315456,  0.25879845,  0.        , ...,  0.98942341,
          0.94664675,  0.98533263],
        ...,
        [-0.93210324, -0.91817476, -0.98942341, ...,  0.        ,
         -0.18154751, -0.02591121],
        [-0.85085853, -0.830992  , -0.94664675, ...,  0.18154751,
          0.        ,  0.15600594],
        [-0.92240543, -0.9076011 , -0.98533263, ...,  0.02591121,
         -0.15600594,  0.        ]],

       [[ 0.        ,  0.04634766,  0.20171312, ..., -0.65061121,
         -0.56835303, -0.49437213],
        [-0.04634766,  0.        ,  0.15610139, ..., -0.61471512,
         -0.52960811, -0.45355314],
        [-0.20171312, -0.15610139,  0.        , ..., -0.4840545 ,
         -0.39070384, -0.30887093],
        ...,
        [ 0.65061121,  0.61471512,  0.4840545 , ...,  0.        ,
         -0.10369948, -0.19011241],
        [ 0.56835303,  0.52960811,  0.39070384, ...,  0.10369948,
          0.        , -0.08727921],
        [ 0.49437213,  0.45355314,  0.30887093, ...,  0.19011241,
          0.08727921,  0.        ]],

       [[ 0.        , -0.27354655, -0.53716715, ..., -0.90658054,
         -0.89996694, -0.89199535],
        [ 0.27354655,  0.        , -0.28594903, ..., -0.98744807,
         -0.98489594, -0.98162878],
        [ 0.53716715,  0.28594903,  0.        , ..., -0.99138094,
         -0.99328275, -0.9952    ],
        ...,
        [ 0.90658054,  0.98744807,  0.99138094, ...,  0.        ,
         -0.01541556, -0.03336347],
        [ 0.89996694,  0.98489594,  0.99328275, ...,  0.01541556,
          0.        , -0.01795253],
        [ 0.89199535,  0.98162878,  0.9952    , ...,  0.03336347,
          0.01795253,  0.        ]]]), 'num': array([7.45195421e-01, 6.30110779e-01, 1.09084969e-05, 6.76968484e-04,
       6.86593628e-04, 6.57718195e-04, 2.18266959e-01, 1.92502886e-05,
       6.71193397e-04, 6.80497703e-04, 7.21778878e-04, 2.69504041e-06,
       7.16334046e-04, 6.44661361e-04])}
{'img': array([[[ 0.        , -0.51745632, -0.56253687, ..., -0.94576642,
         -0.94576642, -0.97871824],
        [ 0.51745632,  0.        , -0.05354971, ..., -0.9773958 ,
         -0.9773958 , -0.94368514],
        [ 0.56253687,  0.05354971,  0.        , ..., -0.96467206,
         -0.96467206, -0.92461448],
        ...,
        [ 0.94576642,  0.9773958 ,  0.96467206, ...,  0.        ,
          0.        ,  0.12385467],
        [ 0.94576642,  0.9773958 ,  0.96467206, ...,  0.        ,
          0.        ,  0.12385467],
        [ 0.97871824,  0.94368514,  0.92461448, ..., -0.12385467,
         -0.12385467,  0.        ]],

       [[ 0.        ,  0.29667749, -0.07709445, ...,  0.02176527,
         -0.47467755,  0.21019836],
        [-0.29667749,  0.        , -0.36941799, ..., -0.27582186,
         -0.71443008, -0.08931459],
        [ 0.07709445,  0.36941799,  0.        , ...,  0.09877668,
         -0.40540938,  0.28494483],
        ...,
        [-0.02176527,  0.27582186, -0.09877668, ...,  0.        ,
         -0.49372202,  0.18886956],
        [ 0.47467755,  0.71443008,  0.40540938, ...,  0.49372202,
          0.        ,  0.64908081],
        [-0.21019836,  0.08931459, -0.28494483, ..., -0.18886956,
         -0.64908081,  0.        ]],

       [[ 0.        , -0.47766417, -0.63406549, ..., -0.70570878,
         -0.70570878, -0.6974852 ],
        [ 0.47766417,  0.        , -0.18768565, ..., -0.95842119,
         -0.95842119, -0.95506415],
        [ 0.63406549,  0.18768565,  0.        , ..., -0.99494671,
         -0.99494671, -0.99372172],
        ...,
        [ 0.70570878,  0.95842119,  0.99494671, ...,  0.        ,
          0.        , -0.01154067],
        [ 0.70570878,  0.95842119,  0.99494671, ...,  0.        ,
          0.        , -0.01154067],
        [ 0.6974852 ,  0.95506415,  0.99372172, ...,  0.01154067,
          0.01154067,  0.        ]],

       ...,

       [[ 0.        , -0.25879845, -0.38526923, ...,  0.830992  ,
          0.9076011 ,  0.92215059],
        [ 0.25879845,  0.        , -0.13332332, ...,  0.94664675,
          0.98533263,  0.99084545],
        [ 0.38526923,  0.13332332,  0.        , ...,  0.98116217,
          0.99928708,  0.99999857],
        ...,
        [-0.830992  , -0.94664675, -0.98116217, ...,  0.        ,
          0.15600594,  0.19152442],
        [-0.9076011 , -0.98533263, -0.99928708, ..., -0.15600594,
          0.        ,  0.03606149],
        [-0.92215059, -0.99084545, -0.99999857, ..., -0.19152442,
         -0.03606149,  0.        ]],

       [[ 0.        ,  0.1556797 ,  0.45243332, ..., -0.5960422 ,
         -0.5763638 , -0.45243332],
        [-0.1556797 ,  0.        ,  0.30808218, ..., -0.46377151,
         -0.44211613, -0.30808218],
        [-0.45243332, -0.30808218,  0.        , ..., -0.16826664,
         -0.14427477, -0.        ],
        ...,
        [ 0.5960422 ,  0.46377151,  0.16826664, ...,  0.        ,
         -0.02428855, -0.16826664],
        [ 0.5763638 ,  0.44211613,  0.14427477, ...,  0.02428855,
          0.        , -0.14427477],
