state_0,state_1,state_2,state_3,state_4,state_5,state_6,state_7,state_8,state_9,state_10,state_11,state_12,state_13,state_14,state_15,state_16,state_17,state_18,state_19,state_20,state_21,state_22,state_23,state_24,state_25,state_26,state_27,state_28,state_29,state_30,state_31,state_32,state_33,state_34,state_35,state_36,state_37,state_38,state_39,state_40,state_41,state_42,state_43,state_44,state_45,state_46,state_47,state_48,state_49,state_50,state_51,state_52,state_53,state_54,state_55,state_56,state_57,state_58,state_59,state_60,state_61,state_62,state_63,state_64,state_65,state_66,state_67,state_68,state_69,state_70,state_71,state_72,state_73,state_74,state_75,state_76,state_77,state_78,state_79,state_80,state_81,state_82,state_83,state_84,state_85,state_86,state_87,state_88,state_89,state_90,state_91,state_92,state_93,state_94,state_95,state_96,state_97,state_98,state_99,state_100,state_101,state_102,state_103,state_104,state_105,state_106,state_107,state_108,state_109,state_110,state_111,state_112,state_113,state_114,state_115,state_116,state_117,state_118,state_119,state_120,state_121,state_122,state_123,state_124,state_125,state_126,state_127,state_128,state_129,state_130,state_131,state_132,state_133,state_134,state_135,state_136,state_137,state_138,state_139,state_140,state_141,state_142,state_143,state_144,state_145,state_146,state_147,state_148,state_149,state_150,state_151,state_152,state_153,state_154,state_155,state_156,state_157,state_158,state_159,state_160,state_161,state_162,state_163,state_164,state_165,state_166,state_167,state_168,state_169,state_170,state_171,state_172,state_173,state_174,state_175,state_176,state_177,state_178,state_179,state_180,state_181,state_182,state_183,state_184,state_185,state_186,state_187,state_188,state_189,state_190,state_191,state_192,state_193,state_194,state_195,state_196,state_197,state_198,state_199,state_200,state_201,state_202,state_203,state_204,state_205,state_206,state_207,state_208,state_209,state_210,state_211,state_212,state_213,state_214,state_215,state_216,state_217,state_218,state_219,state_220,state_221,state_222,state_223,state_224,state_225,state_226,state_227,state_228,state_229,state_230,state_231,state_232,state_233,state_234,state_235,state_236,state_237,state_238,state_239,state_240,state_241,state_242,state_243,state_244,state_245,state_246,state_247,state_248,state_249,state_250,state_251,state_252,state_253,state_254,state_255,state_256,state_257,state_258,state_259,state_260,state_261,state_262,state_263,state_264,state_265,state_266,state_267,state_268,state_269,state_270,state_271,state_272,state_273,state_274,state_275,state_276,state_277,state_278,state_279,state_280,state_281,state_282,state_283,state_284,state_285,state_286,state_287
{'img': array([[[ 0.00000000e+00,  3.82602520e-01,  5.47269386e-01, ...,
          7.67286605e-01,  8.72210650e-01,  9.00535442e-01],
        [-3.82602520e-01,  0.00000000e+00,  1.85407650e-01, ...,
          9.54270761e-01,  9.92989333e-01,  9.98365363e-01],
        [-5.47269386e-01, -1.85407650e-01,  0.00000000e+00, ...,
          9.93151764e-01,  9.97688504e-01,  9.91652223e-01],
        ...,
        [-7.67286605e-01, -9.54270761e-01, -9.93151764e-01, ...,
          0.00000000e+00, -1.84049252e-01, -2.43914423e-01],
        [-8.72210650e-01, -9.92989333e-01, -9.97688504e-01, ...,
          1.84049252e-01,  0.00000000e+00, -6.12572708e-02],
        [-9.00535442e-01, -9.98365363e-01, -9.91652223e-01, ...,
          2.43914423e-01,  6.12572708e-02,  0.00000000e+00]],

       [[ 0.00000000e+00, -4.15146245e-01, -3.76796041e-01, ...,
         -1.03675031e-02,  2.72687619e-02,  1.78350575e-01],
        [ 4.15146245e-01,  0.00000000e+00,  4.17564455e-02, ...,
          4.05692049e-01,  4.39799752e-01,  5.70745481e-01],
        [ 3.76796041e-01, -4.17564455e-02,  0.00000000e+00, ...,
          3.67172411e-01,  4.01914877e-01,  5.35960342e-01],
        ...,
        [ 1.03675031e-02, -4.05692049e-01, -3.67172411e-01, ...,
          0.00000000e+00,  3.76309442e-02,  1.88542271e-01],
        [-2.72687619e-02, -4.39799752e-01, -4.01914877e-01, ...,
         -3.76309442e-02,  0.00000000e+00,  1.51452691e-01],
        [-1.78350575e-01, -5.70745481e-01, -5.35960342e-01, ...,
         -1.88542271e-01, -1.51452691e-01,  0.00000000e+00]],

       [[ 0.00000000e+00, -2.68038089e-01, -4.85826235e-01, ...,
          8.95804653e-01,  9.23852519e-01,  9.55125313e-01],
        [ 2.68038089e-01,  0.00000000e+00, -2.33768891e-01, ...,
          7.43896660e-01,  7.87455984e-01,  8.40782245e-01],
        [ 4.85826235e-01,  2.33768891e-01,  0.00000000e+00, ...,
          5.67058411e-01,  6.21548965e-01,  6.90929740e-01],
        ...,
        [-8.95804653e-01, -7.43896660e-01, -5.67058411e-01, ...,
          0.00000000e+00, -6.77363876e-02, -1.59164386e-01],
        [-9.23852519e-01, -7.87455984e-01, -6.21548965e-01, ...,
          6.77363876e-02,  0.00000000e+00, -9.19259349e-02],
        [-9.55125313e-01, -8.40782245e-01, -6.90929740e-01, ...,
          1.59164386e-01,  9.19259349e-02,  0.00000000e+00]],

       ...,

       [[ 0.00000000e+00,  6.41015809e-01,  8.71029107e-01, ...,
          8.38903331e-01,  9.19437017e-01,  9.51322137e-01],
        [-6.41015809e-01,  0.00000000e+00,  3.53651847e-01, ...,
          9.92773892e-01,  9.57764681e-01,  9.27726050e-01],
        [-8.71029107e-01, -3.53651847e-01,  0.00000000e+00, ...,
          8.86179772e-01,  7.94177472e-01,  7.35769001e-01],
        ...,
        [-8.38903331e-01, -9.92773892e-01, -8.86179772e-01, ...,
          0.00000000e+00, -1.70543507e-01, -2.59237454e-01],
        [-9.19437017e-01, -9.57764681e-01, -7.94177472e-01, ...,
          1.70543507e-01,  0.00000000e+00, -9.07264215e-02],
        [-9.51322137e-01, -9.27726050e-01, -7.35769001e-01, ...,
          2.59237454e-01,  9.07264215e-02,  0.00000000e+00]],

       [[ 0.00000000e+00,  1.80038363e-02,  6.02778101e-04, ...,
          8.54662487e-01,  8.66067371e-01,  9.10219813e-01],
        [-1.80038363e-02,  0.00000000e+00, -1.74011526e-02, ...,
          8.63871265e-01,  8.74927606e-01,  9.17528130e-01],
        [-6.02778101e-04,  1.74011526e-02,  0.00000000e+00, ...,
          8.54975284e-01,  8.66368559e-01,  9.10469274e-01],
        ...,
        [-8.54662487e-01, -8.63871265e-01, -8.54975284e-01, ...,
          0.00000000e+00, -2.23792150e-02, -1.18634080e-01],
        [-8.66067371e-01, -8.74927606e-01, -8.66368559e-01, ...,
          2.23792150e-02,  0.00000000e+00, -9.63831943e-02],
        [-9.10219813e-01, -9.17528130e-01, -9.10469274e-01, ...,
          1.18634080e-01,  9.63831943e-02,  0.00000000e+00]],

       [[ 0.00000000e+00, -1.65522656e-01, -2.72907419e-01, ...,
          9.99581981e-01,  9.77741895e-01,  8.08194010e-01],
        [ 1.65522656e-01,  0.00000000e+00, -1.09903465e-01, ...,
          9.81008263e-01,  9.29526386e-01,  6.99566777e-01],
        [ 2.72907419e-01,  1.09903465e-01,  0.00000000e+00, ...,
          9.53748046e-01,  8.83368044e-01,  6.16795574e-01],
        ...,
        [-9.99581981e-01, -9.81008263e-01, -9.53748046e-01, ...,
          0.00000000e+00,  1.81455831e-01,  5.65304223e-01],
        [-9.77741895e-01, -9.29526386e-01, -8.83368044e-01, ...,
         -1.81455831e-01,  0.00000000e+00,  4.06239922e-01],
        [-8.08194010e-01, -6.99566777e-01, -6.16795574e-01, ...,
         -5.65304223e-01, -4.06239922e-01,  0.00000000e+00]]]), 'num': array([7.07061514e-01, 7.07061514e-01, 0.00000000e+00, 3.78856791e-04,
       3.89710805e-04, 3.76789359e-04, 1.12649164e-02, 3.61800482e-06,
       3.81130965e-04, 3.78236561e-04, 3.45605604e-04, 5.19713400e-07,
       4.06163342e-04, 3.50309780e-04])}
{'img': array([[[ 0.        ,  0.41547517,  0.55700599, ...,  0.88323716,
          0.91098958,  0.87086323],
        [-0.41547517,  0.        ,  0.16159952, ...,  0.99822386,
          0.9999944 ,  0.99635774],
        [-0.55700599, -0.16159952,  0.        , ...,  0.99473085,
          0.9863102 ,  0.99704189],
        ...,
        [-0.88323716, -0.99822386, -0.99473085, ...,  0.        ,
         -0.06291425,  0.02576263],
        [-0.91098958, -0.9999944 , -0.9863102 , ...,  0.06291425,
          0.        ,  0.08860496],
        [-0.87086323, -0.99635774, -0.99704189, ..., -0.02576263,
         -0.08860496,  0.        ]],

       [[ 0.        ,  0.04175645,  0.16453436, ...,  0.43979975,
          0.57074548,  0.66953108],
        [-0.04175645,  0.        ,  0.1232035 , ...,  0.40191488,
          0.53596034,  0.6379311 ],
        [-0.16453436, -0.1232035 ,  0.        , ...,  0.28603824,
          0.42786338,  0.53819277],
        ...,
        [-0.43979975, -0.40191488, -0.28603824, ...,  0.        ,
          0.15145269,  0.27462685],
        [-0.57074548, -0.53596034, -0.42786338, ..., -0.15145269,
          0.        ,  0.12582943],
        [-0.66953108, -0.6379311 , -0.53819277, ..., -0.27462685,
         -0.12582943,  0.        ]],

       [[ 0.        , -0.23376889, -0.0937402 , ...,  0.78745598,
          0.84078225,  0.85229501],
        [ 0.23376889,  0.        ,  0.14159667, ...,  0.62154897,
          0.69092974,  0.7064043 ],
        [ 0.0937402 , -0.14159667,  0.        , ...,  0.72620984,
          0.78633157,  0.79951021],
        ...,
        [-0.78745598, -0.62154897, -0.72620984, ...,  0.        ,
         -0.09192593, -0.11344201],
        [-0.84078225, -0.69092974, -0.78633157, ...,  0.09192593,
          0.        , -0.02162916],
        [-0.85229501, -0.7064043 , -0.79951021, ...,  0.11344201,
          0.02162916,  0.        ]],

       ...,

       [[ 0.        ,  0.72631298,  0.87041162, ...,  0.94961017,
          0.97612495,  0.99991819],
        [-0.72631298,  0.        ,  0.24070792, ...,  0.88037875,
          0.82871556,  0.67801736],
        [-0.87041162, -0.24070792,  0.        , ...,  0.74033265,
          0.66963232,  0.48115065],
        ...,
        [-0.94961017, -0.88037875, -0.74033265, ...,  0.        ,
         -0.09968559, -0.32555462],
        [-0.97612495, -0.82871556, -0.66963232, ...,  0.09968559,
          0.        , -0.22967798],
        [-0.99991819, -0.67801736, -0.48115065, ...,  0.32555462,
          0.22967798,  0.        ]],

       [[ 0.        , -0.01740115, -0.05247979, ...,  0.87492761,
          0.91752813,  0.95208099],
        [ 0.01740115,  0.        , -0.03509467, ...,  0.86636856,
          0.91046927,  0.94661476],
        [ 0.05247979,  0.03509467,  0.        , ...,  0.84830841,
          0.89539408,  0.93471828],
        ...,
        [-0.87492761, -0.86636856, -0.84830841, ...,  0.        ,
         -0.09638319, -0.19345566],
        [-0.91752813, -0.91046927, -0.89539408, ...,  0.09638319,
          0.        , -0.09799257],
        [-0.95208099, -0.94661476, -0.93471828, ...,  0.19345566,
          0.09799257,  0.        ]],

       [[ 0.        , -0.1059407 , -0.16504048, ...,  0.9859453 ,
          0.95067829,  0.68077549],
        [ 0.1059407 ,  0.        , -0.05962379, ...,  0.96269749,
          0.91246775,  0.59934366],
        [ 0.16504048,  0.05962379,  0.        , ...,  0.94485176,
          0.88644941,  0.55054902],
        ...,
        [-0.9859453 , -0.96269749, -0.94485176, ...,  0.        ,
          0.14699081,  0.60846106],
        [-0.95067829, -0.91246775, -0.88644941, ..., -0.14699081,
          0.        ,  0.48520235],
        [-0.68077549, -0.59934366, -0.55054902, ..., -0.60846106,
         -0.48520235,  0.        ]]]), 'num': array([ 7.07070210e-01,  7.07070210e-01,  0.00000000e+00,  3.74209672e-04,
        3.80928907e-04,  3.72142216e-04,  1.01152699e-02, -4.65177769e-06,
        3.78241213e-04,  3.78809764e-04,  3.46669425e-04,  4.31733616e-07,
        4.05910210e-04,  3.51709317e-04])}
{'img': array([[[ 0.        ,  0.17865143,  0.17865143, ...,  0.99897492,
          0.99094131,  0.99979173],
        [-0.17865143,  0.        ,  0.        , ...,  0.99099088,
          0.99899158,  0.98735346],
        [-0.17865143,  0.        ,  0.        , ...,  0.99099088,
          0.99899158,  0.98735346],
        ...,
        [-0.99897492, -0.99099088, -0.99099088, ...,  0.        ,
          0.08930083, -0.02487051],
        [-0.99094131, -0.99899158, -0.99899158, ..., -0.08930083,
          0.        , -0.11404435],
        [-0.99979173, -0.98735346, -0.98735346, ...,  0.02487051,
          0.11404435,  0.        ]],

       [[ 0.        ,  0.1232035 , -0.24586668, ...,  0.53596034,
          0.6379311 ,  0.57716757],
        [-0.1232035 ,  0.        , -0.36341513, ...,  0.42786338,
          0.53819277,  0.47215923],
        [ 0.24586668,  0.36341513,  0.        , ...,  0.72707958,
          0.80768927,  0.76023169],
        ...,
        [-0.53596034, -0.42786338, -0.72707958, ...,  0.        ,
          0.12582943,  0.04959076],
        [-0.6379311 , -0.53819277, -0.80768927, ..., -0.12582943,
          0.        , -0.076478  ],
        [-0.57716757, -0.47215923, -0.76023169, ..., -0.04959076,
          0.076478  ,  0.        ]],

       [[ 0.        ,  0.14159667,  0.36248418, ...,  0.69092974,
          0.7064043 ,  0.77063267],
        [-0.14159667,  0.        ,  0.22686528, ...,  0.78633157,
          0.79951021,  0.85310478],
        [-0.36248418, -0.22686528,  0.        , ...,  0.90598731,
          0.9149311 ,  0.94922566],
        ...,
        [-0.69092974, -0.78633157, -0.90598731, ...,  0.        ,
         -0.02162916, -0.11679182],
        [-0.7064043 , -0.79951021, -0.9149311 , ...,  0.02162916,
          0.        , -0.09528336],
        [-0.77063267, -0.85310478, -0.94922566, ...,  0.11679182,
          0.09528336,  0.        ]],

       ...,

       [[ 0.        ,  0.30626898,  0.17266158, ...,  0.90384203,
          0.76990433,  0.50027213],
        [-0.30626898,  0.        , -0.13730487, ...,  0.72936573,
          0.53745818,  0.21104298],
        [-0.17266158,  0.13730487,  0.        , ...,  0.81639134,
          0.6481557 ,  0.34325647],
        ...,
        [-0.90384203, -0.72936573, -0.81639134, ...,  0.        ,
         -0.24737908, -0.5685585 ],
        [-0.76990433, -0.53745818, -0.6481557 , ...,  0.24737908,
          0.        , -0.34738237],
        [-0.50027213, -0.21104298, -0.34325647, ...,  0.5685585 ,
          0.34738237,  0.        ]],

       [[ 0.        , -0.03509467, -0.05988885, ...,  0.91046927,
          0.94661476,  0.95571687],
        [ 0.03509467,  0.        , -0.02482027, ...,  0.89539408,
          0.93471828,  0.9448002 ],
        [ 0.05988885,  0.02482027,  0.        , ...,  0.8840664 ,
          0.92560945,  0.93637685],
        ...,
        [-0.91046927, -0.89539408, -0.8840664 , ...,  0.        ,
         -0.09799257, -0.1273223 ],
        [-0.94661476, -0.93471828, -0.92560945, ...,  0.09799257,
          0.        , -0.02951447],
        [-0.95571687, -0.9448002 , -0.93637685, ...,  0.1273223 ,
          0.02951447,  0.        ]],

       [[ 0.        , -0.05870545, -0.12180797, ...,  0.94546214,
          0.82428276,  0.5918383 ],
        [ 0.05870545,  0.        , -0.06332958, ...,  0.9247093 ,
          0.7896234 ,  0.54349766],
        [ 0.12180797,  0.06332958,  0.        , ...,  0.89874517,
          0.74917985,  0.48924715],
        ...,
        [-0.94546214, -0.9247093 , -0.89874517, ...,  0.        ,
          0.26680492,  0.56931542],
        [-0.82428276, -0.7896234 , -0.74917985, ..., -0.26680492,
          0.        ,  0.32933262],
        [-0.5918383 , -0.54349766, -0.48924715, ..., -0.56931542,
         -0.32933262,  0.        ]]]), 'num': array([8.58435782e-01, 5.12849183e-01, 9.53342341e-06, 4.54719209e-04,
       4.59109601e-04, 4.50956015e-04, 8.48981461e-03, 6.27198909e-07,
       4.56475366e-04, 4.61336157e-04, 4.21885346e-04, 6.06151966e-07,
       4.89327715e-04, 4.33344600e-04])}
{'img': array([[[ 0.        ,  0.        , -0.09441453, ...,  0.99899158,
          0.98735346,  0.98924382],
        [ 0.        ,  0.        , -0.09441453, ...,  0.99899158,
          0.98735346,  0.98924382],
        [ 0.09441453,  0.09441453,  0.        , ...,  0.99876807,
          0.99791087,  0.99863542],
        ...,
        [-0.99899158, -0.99899158, -0.99876807, ...,  0.        ,
         -0.11404435, -0.10171346],
        [-0.98735346, -0.98735346, -0.99791087, ...,  0.11404435,
          0.        ,  0.01240304],
        [-0.98924382, -0.98924382, -0.99863542, ...,  0.10171346,
         -0.01240304,  0.        ]],

       [[ 0.        , -0.36341513, -0.00167769, ...,  0.53819277,
          0.47215923,  0.24777963],
        [ 0.36341513,  0.        ,  0.36185163, ...,  0.80768927,
          0.76023169,  0.58292082],
        [ 0.00167769, -0.36185163,  0.        , ...,  0.53960601,
          0.47363747,  0.24940466],
        ...,
        [-0.53819277, -0.80768927, -0.53960601, ...,  0.        ,
         -0.076478  , -0.31257592],
        [-0.47215923, -0.76023169, -0.47363747, ...,  0.076478  ,
          0.        , -0.23901457],
        [-0.24777963, -0.58292082, -0.24940466, ...,  0.31257592,
          0.23901457,  0.        ]],

       [[ 0.        ,  0.33625171,  0.44364515, ...,  0.70788359,
          0.77214775,  0.81117021],
        [-0.33625171,  0.        ,  0.11646302, ...,  0.90416943,
          0.94085606,  0.96058092],
        [-0.44364515, -0.11646302,  0.        , ...,  0.94776656,
          0.97391199,  0.98642098],
        ...,
        [-0.70788359, -0.90416943, -0.94776656, ...,  0.        ,
         -0.09557073, -0.15897564],
        [-0.77214775, -0.94085606, -0.97391199, ...,  0.09557073,
          0.        , -0.06389264],
        [-0.81117021, -0.96058092, -0.98642098, ...,  0.15897564,
          0.06389264,  0.        ]],

       ...,

       [[ 0.        , -0.13730487, -0.78689092, ...,  0.53745818,
          0.21104298,  0.46946324],
        [ 0.13730487,  0.        , -0.69470839, ...,  0.6481557 ,
          0.34325647,  0.58625049],
        [ 0.78689092,  0.69470839,  0.        , ...,  0.99523877,
          0.89940056,  0.98448899],
        ...,
        [-0.53745818, -0.6481557 , -0.99523877, ...,  0.        ,
         -0.34738237, -0.07865594],
        [-0.21104298, -0.34325647, -0.89940056, ...,  0.34738237,
          0.        ,  0.27254859],
        [-0.46946324, -0.58625049, -0.98448899, ...,  0.07865594,
         -0.27254859,  0.        ]],

       [[ 0.        , -0.02482027, -0.03849431, ...,  0.93471828,
          0.9448002 ,  0.99170937],
        [ 0.02482027,  0.        , -0.01368058, ...,  0.92560945,
          0.93637685,  0.98821443],
        [ 0.03849431,  0.01368058,  0.        , ...,  0.920345  ,
          0.93148739,  0.98602778],
        ...,
        [-0.93471828, -0.92560945, -0.920345  , ...,  0.        ,
         -0.02951447, -0.23233089],
        [-0.9448002 , -0.93637685, -0.93148739, ...,  0.02951447,
          0.        , -0.20352281],
        [-0.99170937, -0.98821443, -0.98602778, ...,  0.23233089,
          0.20352281,  0.        ]],

       [[ 0.        , -0.05994171, -0.14560875, ...,  0.95231514,
          0.92467386,  0.51852056],
        [ 0.05994171,  0.        , -0.08604406, ...,  0.93231358,
          0.90018777,  0.46633413],
        [ 0.14560875,  0.08604406,  0.        , ...,  0.89773802,
          0.85937692,  0.38848933],
        ...,
        [-0.95231514, -0.93231358, -0.89773802, ...,  0.        ,
          0.08047067,  0.6560825 ],
        [-0.92467386, -0.90018777, -0.85937692, ..., -0.08047067,
          0.        ,  0.59322446],
        [-0.51852056, -0.46633413, -0.38848933, ..., -0.6560825 ,
         -0.59322446,  0.        ]]]), 'num': array([7.87860514e-01, 6.15698104e-01, 4.59712710e-06, 4.28264701e-04,
       4.31123611e-04, 4.13970152e-04, 1.37932567e-02, 1.37227675e-05,
       4.18201339e-04, 4.22232402e-04, 3.85876597e-04, 6.16291952e-07,
       4.45085019e-04, 3.99379784e-04])}
{'img': array([[[ 0.        , -0.09441453, -0.04524377, ...,  0.98735346,
          0.98924382,  0.98380914],
        [ 0.09441453,  0.        ,  0.04927618, ...,  0.99791087,
          0.99863542,  0.96249353],
        [ 0.04524377, -0.04927618,  0.        , ...,  0.99351508,
          0.99484889,  0.97469314],
        ...,
        [-0.98735346, -0.99791087, -0.99351508, ...,  0.        ,
          0.01240304,  0.33292042],
        [-0.98924382, -0.99863542, -0.99484889, ..., -0.01240304,
          0.        ,  0.3211993 ],
        [-0.98380914, -0.96249353, -0.97469314, ..., -0.33292042,
         -0.3211993 ,  0.        ]],

       [[ 0.        ,  0.36185163,  0.25623408, ...,  0.76023169,
          0.58292082,  0.85001119],
        [-0.36185163,  0.        , -0.11090058, ...,  0.47363747,
          0.24940466,  0.60180013],
        [-0.25623408,  0.11090058,  0.        , ...,  0.56838819,
          0.35526226,  0.68665832],
        ...,
        [-0.76023169, -0.47363747, -0.56838819, ...,  0.        ,
         -0.23901457,  0.15174834],
        [-0.58292082, -0.24940466, -0.35526226, ...,  0.23901457,
          0.        ,  0.38359664],
        [-0.85001119, -0.60180013, -0.68665832, ..., -0.15174834,
         -0.38359664,  0.        ]],

       [[ 0.        ,  0.30276927,  0.39387134, ...,  0.78101595,
          0.82000257,  0.78515764],
        [-0.30276927,  0.        ,  0.09708946, ...,  0.93344086,
          0.9548078 ,  0.93580917],
        [-0.39387134, -0.09708946,  0.        , ...,  0.96386   ,
          0.97915428,  0.96561281],
        ...,
        [-0.78101595, -0.93344086, -0.96386   , ...,  0.        ,
         -0.06507853, -0.00665963],
        [-0.82000257, -0.9548078 , -0.97915428, ...,  0.06507853,
          0.        ,  0.05843157],
        [-0.78515764, -0.93580917, -0.96561281, ...,  0.00665963,
         -0.05843157,  0.        ]],

       ...,

       [[ 0.        , -0.69470839, -0.15702239, ...,  0.34325647,
          0.58625049,  0.7510361 ],
        [ 0.69470839,  0.        ,  0.5731457 , ...,  0.89940056,
          0.98448899,  0.99890283],
        [ 0.15702239, -0.5731457 ,  0.        , ...,  0.48648037,
          0.7061866 ,  0.84539531],
        ...,
        [-0.34325647, -0.89940056, -0.48648037, ...,  0.        ,
          0.27254859,  0.47876552],
        [-0.58625049, -0.98448899, -0.7061866 , ..., -0.27254859,
          0.        ,  0.22135835],
        [-0.7510361 , -0.99890283, -0.84539531, ..., -0.47876552,
         -0.22135835,  0.        ]],

       [[ 0.        , -0.01368058, -0.08629461, ...,  0.93637685,
          0.98821443,  0.99484187],
        [ 0.01368058,  0.        , -0.07265699, ...,  0.93148739,
          0.98602778,  0.99336104],
        [ 0.08629461,  0.07265699,  0.        , ...,  0.90259476,
          0.97131842,  0.98237722],
        ...,
        [-0.93637685, -0.93148739, -0.90259476, ...,  0.        ,
         -0.20352281, -0.25420166],
        [-0.98821443, -0.98602778, -0.97131842, ...,  0.20352281,
          0.        , -0.05204393],
        [-0.99484187, -0.99336104, -0.98237722, ...,  0.25420166,
          0.05204393,  0.        ]],

       [[ 0.        , -0.08303026, -0.09975235, ...,  0.95893532,
          0.8347721 ,  0.45162031],
        [ 0.08303026,  0.        , -0.01679177, ...,  0.9320747 ,
          0.78617355,  0.37598042],
        [ 0.09975235,  0.01679177,  0.        , ...,  0.92586019,
          0.77568529,  0.36036769],
        ...,
        [-0.95893532, -0.9320747 , -0.92586019, ...,  0.        ,
          0.29122349,  0.72748117],
        [-0.8347721 , -0.78617355, -0.77568529, ..., -0.29122349,
          0.        ,  0.49613204],
        [-0.45162031, -0.37598042, -0.36036769, ..., -0.72748117,
         -0.49613204,  0.        ]]]), 'num': array([7.12346410e-01, 7.01667995e-01, 2.79174228e-07, 3.95496823e-04,
       3.97047791e-04, 3.88258973e-04, 1.49479394e-02, 8.27182898e-06,
       3.82158499e-04, 3.83631919e-04, 3.50182710e-04, 5.10186821e-07,
       4.02080470e-04, 3.65183367e-04])}
{'img': array([[[ 0.        ,  0.04927618,  0.175465  , ...,  0.99863542,
          0.96249353,  0.84663554],
        [-0.04927618,  0.        ,  0.12674015, ...,  0.99484889,
          0.97469314,  0.8718305 ],
        [-0.175465  , -0.12674015,  0.        , ...,  0.97397885,
          0.99516555,  0.92687832],
        ...,
        [-0.99863542, -0.99484889, -0.97397885, ...,  0.        ,
          0.3211993 ,  0.57566131],
        [-0.96249353, -0.97469314, -0.99516555, ..., -0.3211993 ,
          0.        ,  0.28251705],
        [-0.84663554, -0.8718305 , -0.92687832, ..., -0.57566131,
         -0.28251705,  0.        ]],

       [[ 0.        , -0.11298361, -0.04894042, ...,  0.25131139,
          0.60428877,  0.71396325],
        [ 0.11298361,  0.        ,  0.06422118, ...,  0.35905975,
          0.69044085,  0.78850086],
        [ 0.04894042, -0.06422118,  0.        , ...,  0.29837997,
          0.64255868,  0.74737496],
        ...,
        [-0.25131139, -0.35905975, -0.29837997, ...,  0.        ,
          0.38465868,  0.51508551],
        [-0.60428877, -0.69044085, -0.64255868, ..., -0.38465868,
          0.        ,  0.14574838],
        [-0.71396325, -0.78850086, -0.74737496, ..., -0.51508551,
         -0.14574838,  0.        ]],

       [[ 0.        ,  0.26119133,  0.35222713, ...,  0.82708098,
          0.79228834,  0.69985421],
        [-0.26119133,  0.        ,  0.09554752, ...,  0.94518171,
          0.92415074,  0.86212545],
        [-0.35222713, -0.09554752,  0.        , ...,  0.97205793,
          0.95642446,  0.90659455],
        ...,
        [-0.82708098, -0.94518171, -0.97205793, ...,  0.        ,
          0.05930924,  0.19739613],
        [-0.79228834, -0.92415074, -0.95642446, ..., -0.05930924,
          0.        ,  0.13890639],
        [-0.69985421, -0.86212545, -0.90659455, ..., -0.19739613,
         -0.13890639,  0.        ]],

       ...,

       [[ 0.        ,  0.5731457 ,  0.68425238, ...,  0.98448899,
          0.99890283,  0.9908804 ],
        [-0.5731457 ,  0.        ,  0.1427492 , ...,  0.7061866 ,
          0.84539531,  0.73475229],
        [-0.68425238, -0.1427492 ,  0.        , ...,  0.59788435,
          0.76048931,  0.63039576],
        ...,
        [-0.98448899, -0.7061866 , -0.59788435, ...,  0.        ,
          0.22135835,  0.0411921 ],
        [-0.99890283, -0.84539531, -0.76048931, ..., -0.22135835,
          0.        , -0.18100024],
        [-0.9908804 , -0.73475229, -0.63039576, ..., -0.0411921 ,
          0.18100024,  0.        ]],

       [[ 0.        , -0.07265699, -0.13316365, ...,  0.98602778,
          0.99336104,  0.99535675],
        [ 0.07265699,  0.        , -0.06080179, ...,  0.97131842,
          0.98237722,  0.98573245],
        [ 0.13316365,  0.06080179,  0.        , ...,  0.95506374,
          0.96919528,  0.97367456],
        ...,
        [-0.98602778, -0.97131842, -0.95506374, ...,  0.        ,
         -0.05204393, -0.07089786],
        [-0.99336104, -0.98237722, -0.96919528, ...,  0.05204393,
          0.        , -0.01888881],
        [-0.99535675, -0.98573245, -0.97367456, ...,  0.07089786,
          0.01888881,  0.        ]],

       [[ 0.        , -0.0162244 , -0.01335358, ...,  0.89037489,
          0.77409718,  0.36414487],
        [ 0.0162244 ,  0.        ,  0.00287114, ...,  0.88287189,
          0.76372416,  0.34898647],
        [ 0.01335358, -0.00287114,  0.        , ...,  0.88421658,
          0.76557445,  0.35167565],
        ...,
        [-0.89037489, -0.88287189, -0.88421658, ...,  0.        ,
          0.21127604,  0.66347486],
        [-0.77409718, -0.76372416, -0.76557445, ..., -0.21127604,
          0.        ,  0.49042144],
        [-0.36414487, -0.34898647, -0.35167565, ..., -0.66347486,
         -0.49042144,  0.        ]]]), 'num': array([8.82997769e-01, 4.66674164e-01, 1.03821348e-05, 5.02806287e-04,
       5.12210395e-04, 4.82744191e-04, 5.02827102e-02, 2.31967988e-05,
       4.72086202e-04, 4.68449947e-04, 4.26643465e-04, 7.11471812e-07,
       4.92855897e-04, 4.44043998e-04])}
{'img': array([[[ 0.        ,  0.11827893,  0.02153851, ...,  0.99993256,
          0.97916278,  0.45703787],
        [-0.11827893,  0.        , -0.09686417, ...,  0.99428708,
          0.99630918,  0.55903252],
        [-0.02153851,  0.09686417,  0.        , ...,  0.99995073,
          0.98330961,  0.47608922],
        ...,
        [-0.99993256, -0.99428708, -0.99995073, ...,  0.        ,
          0.1916917 ,  0.88407942],
        [-0.97916278, -0.99630918, -0.98330961, ..., -0.1916917 ,
          0.        ,  0.77809977],
        [-0.45703787, -0.55903252, -0.47608922, ..., -0.88407942,
         -0.77809977,  0.        ]],

       [[ 0.        ,  0.06422118, -0.2496707 , ...,  0.69044085,
          0.78850086,  0.40257866],
        [-0.06422118,  0.        , -0.31134265, ...,  0.64255868,
          0.74737496,  0.46053475],
        [ 0.2496707 ,  0.31134265,  0.        , ...,  0.84918414,
          0.91708555,  0.16128441],
        ...,
        [-0.69044085, -0.64255868, -0.84918414, ...,  0.        ,
          0.14574838,  0.92324039],
        [-0.78850086, -0.74737496, -0.91708555, ..., -0.14574838,
          0.        ,  0.9693816 ],
        [-0.40257866, -0.46053475, -0.16128441, ..., -0.92324039,
         -0.9693816 ,  0.        ]],

       [[ 0.        ,  0.10488251,  0.09672388, ...,  0.91219386,
          0.84625303,  0.63452372],
        [-0.10488251,  0.        , -0.00820033, ...,  0.9501393 ,
          0.89746505,  0.71208813],
        [-0.09672388,  0.00820033,  0.        , ...,  0.94755028,
          0.89381783,  0.70630682],
        ...,
        [-0.91219386, -0.9501393 , -0.94755028, ...,  0.        ,
          0.13924002,  0.44503597],
        [-0.84625303, -0.89746505, -0.89381783, ..., -0.13924002,
          0.        ,  0.31600951],
        [-0.63452372, -0.71208813, -0.70630682, ..., -0.44503597,
         -0.31600951,  0.        ]],

       ...,

       [[ 0.        ,  0.24794384,  0.21538953, ...,  0.95451224,
          0.87732276,  0.98384631],
        [-0.24794384,  0.        , -0.03346028, ...,  0.85077718,
          0.7309394 ,  0.90873941],
        [-0.21538953,  0.03346028,  0.        , ...,  0.86788506,
          0.75336482,  0.92219568],
        ...,
        [-0.95451224, -0.85077718, -0.86788506, ...,  0.        ,
         -0.19647832,  0.12248297],
        [-0.87732276, -0.7309394 , -0.75336482, ...,  0.19647832,
          0.        ,  0.31509452],
        [-0.98384631, -0.90873941, -0.92219568, ..., -0.12248297,
         -0.31509452,  0.        ]],

       [[ 0.        , -0.06080179, -0.10169415, ...,  0.98237722,
          0.98573245,  0.88037608],
        [ 0.06080179,  0.        , -0.04101943, ...,  0.96919528,
          0.97367456,  0.84991041],
        [ 0.10169415,  0.04101943,  0.        , ...,  0.95827674,
          0.96350499,  0.82758083],
        ...,
        [-0.98237722, -0.96919528, -0.95827674, ...,  0.        ,
         -0.01888881,  0.30136794],
        [-0.98573245, -0.97367456, -0.96350499, ...,  0.01888881,
          0.        ,  0.3193248 ],
        [-0.88037608, -0.84991041, -0.82758083, ..., -0.30136794,
         -0.3193248 ,  0.        ]],

       [[ 0.        ,  0.00284838, -0.03276218, ...,  0.79678415,
          0.56607317,  0.34639261],
        [-0.00284838,  0.        , -0.03560889, ...,  0.79850209,
          0.56841894,  0.34906324],
        [ 0.03276218,  0.03560889,  0.        , ...,  0.77655941,
          0.53876162,  0.3154728 ],
        ...,
        [-0.79678415, -0.79850209, -0.77655941, ...,  0.        ,
          0.31477534,  0.53814235],
        [-0.56607317, -0.56841894, -0.53876162, ..., -0.31477534,
          0.        ,  0.24547688],
        [-0.34639261, -0.34906324, -0.3154728 , ..., -0.53814235,
         -0.24547688,  0.        ]]]), 'num': array([ 9.92908640e-01,  1.13733728e-01,  2.20621057e-05,  5.65022437e-04,
        5.84163724e-04,  5.56515199e-04,  3.45646982e-02, -3.54468279e-06,
        5.44179702e-04,  5.32021440e-04,  4.84605400e-04,  8.62681836e-07,
        5.63109663e-04,  5.00933218e-04])}
{'img': array([[[ 0.        , -0.09686417, -0.38238792, ...,  0.99630918,
          0.55903252,  0.79047407],
        [ 0.09686417,  0.        , -0.29108711, ...,  0.98330961,
          0.47608922,  0.72742809],
        [ 0.38238792,  0.29108711,  0.        , ...,  0.88776849,
          0.19949179,  0.49618865],
        ...,
        [-0.99630918, -0.98330961, -0.88776849, ...,  0.        ,
          0.77809977,  0.54238289],
        [-0.55903252, -0.47608922, -0.19949179, ..., -0.77809977,
          0.        , -0.3130133 ],
        [-0.79047407, -0.72742809, -0.49618865, ..., -0.54238289,
          0.3130133 ,  0.        ]],

       [[ 0.        , -0.31134265,  0.13890726, ...,  0.74737496,
          0.46053475,  0.9840541 ],
        [ 0.31134265,  0.        ,  0.44032756, ...,  0.91708555,
          0.16128441,  0.99052271],
        [-0.13890726, -0.44032756,  0.        , ...,  0.64783912,
          0.57936992,  0.94980672],
        ...,
        [-0.74737496, -0.91708555, -0.64783912, ...,  0.        ,
          0.9693816 ,  0.52087283],
        [-0.46053475, -0.16128441, -0.57936992, ..., -0.9693816 ,
          0.        , -0.95540248],
        [-0.9840541 , -0.99052271, -0.94980672, ..., -0.52087283,
          0.95540248,  0.        ]],

       [[ 0.        , -0.00800941, -0.11408238, ...,  0.93577971,
          0.81390941,  0.32351573],
        [ 0.00800941,  0.        , -0.1061216 , ...,  0.93292569,
          0.8092299 ,  0.31592667],
        [ 0.11408238,  0.1061216 ,  0.        , ...,  0.88944651,
          0.74231471,  0.21345625],
        ...,
        [-0.93577971, -0.93292569, -0.88944651, ...,  0.        ,
          0.25670789,  0.77138922],
        [-0.81390941, -0.8092299 , -0.74231471, ..., -0.25670789,
          0.        ,  0.58217965],
        [-0.32351573, -0.31592667, -0.21345625, ..., -0.77138922,
         -0.58217965,  0.        ]],

       ...,

       [[ 0.        , -0.03346028, -0.50139691, ...,  0.7309394 ,
          0.90873941,  0.9687407 ],
        [ 0.03346028,  0.        , -0.47216574, ...,  0.75336482,
          0.92219568,  0.97649892],
        [ 0.50139691,  0.47216574,  0.        , ...,  0.97459598,
          0.99552215,  0.9625556 ],
        ...,
        [-0.7309394 , -0.75336482, -0.97459598, ...,  0.        ,
          0.31509452,  0.47978153],
        [-0.90873941, -0.92219568, -0.99552215, ..., -0.31509452,
          0.        ,  0.17888145],
        [-0.9687407 , -0.97649892, -0.9625556 , ..., -0.47978153,
         -0.17888145,  0.        ]],

       [[ 0.        , -0.03995706, -0.07653756, ...,  0.99466873,
          0.95332906,  0.71678614],
        [ 0.03995706,  0.        , -0.03663659, ...,  0.98975394,
          0.94050336,  0.68835193],
        [ 0.07653756,  0.03663659,  0.        , ...,  0.98385838,
          0.92742342,  0.66131448],
        ...,
        [-0.99466873, -0.98975394, -0.98385838, ...,  0.        ,
          0.20201456,  0.61965932],
        [-0.95332906, -0.94050336, -0.92742342, ..., -0.20201456,
          0.        ,  0.44832816],
        [-0.71678614, -0.68835193, -0.66131448, ..., -0.61965932,
         -0.44832816,  0.        ]],

       [[ 0.        , -0.03560889, -0.14475176, ...,  0.56841894,
          0.34906324,  0.55542861],
        [ 0.03560889,  0.        , -0.1094261 , ...,  0.53876162,
          0.3154728 ,  0.52546528],
        [ 0.14475176,  0.1094261 ,  0.        , ...,  0.4433394 ,
          0.20974016,  0.42920846],
        ...,
        [-0.56841894, -0.53876162, -0.4433394 , ...,  0.        ,
          0.24547688,  0.01570393],
        [-0.34906324, -0.3154728 , -0.20974016, ..., -0.24547688,
          0.        , -0.23022319],
        [-0.55542861, -0.52546528, -0.42920846, ..., -0.01570393,
          0.23022319,  0.        ]]]), 'num': array([9.97777156e-01, 6.21604831e-02, 2.30731608e-05, 5.68418392e-04,
       5.74025478e-04, 5.62811305e-04, 2.39682902e-02, 9.81240133e-06,
       5.50055183e-04, 5.28047369e-04, 4.81333330e-04, 9.71106845e-07,
       5.63929437e-04, 4.92165301e-04])}
{'img': array([[[ 0.        , -0.28470239, -0.46632137, ...,  0.78593882,
          0.8468354 ,  0.46632137],
        [ 0.28470239,  0.        , -0.19517099, ...,  0.57738079,
          0.66036952,  0.19517099],
        [ 0.46632137,  0.19517099,  0.        , ...,  0.40692508,
          0.50110824,  0.        ],
        ...,
        [-0.78593882, -0.57738079, -0.40692508, ...,  0.        ,
         -0.1055964 ,  0.40692508],
        [-0.8468354 , -0.66036952, -0.50110824, ...,  0.1055964 ,
          0.        ,  0.50110824],
        [-0.46632137, -0.19517099, -0.        , ..., -0.40692508,
         -0.50110824,  0.        ]],

       [[ 0.        ,  0.44032756,  0.4440744 , ...,  0.16128441,
          0.99052271,  0.96668974],
        [-0.44032756,  0.        ,  0.00417747, ...,  0.57936992,
          0.94980672,  0.7552277 ],
        [-0.4440744 , -0.00417747,  0.        , ...,  0.58276977,
          0.94849157,  0.75248293],
        ...,
        [-0.16128441, -0.57936992, -0.58276977, ...,  0.        ,
         -0.95540248, -0.99531472],
        [-0.99052271, -0.94980672, -0.94849157, ...,  0.95540248,
          0.        , -0.3862993 ],
        [-0.96668974, -0.7552277 , -0.75248293, ...,  0.99531472,
          0.3862993 ,  0.        ]],

       [[ 0.        , -0.10064797, -0.30023934, ...,  0.92838233,
          0.81093516,  0.30023934],
        [ 0.10064797,  0.        , -0.20271029, ...,  0.88626465,
          0.74792456,  0.20271029],
        [ 0.30023934,  0.20271029,  0.        , ...,  0.7739735 ,
          0.59784092,  0.        ],
        ...,
        [-0.92838233, -0.88626465, -0.7739735 , ...,  0.        ,
          0.24186495,  0.7739735 ],
        [-0.81093516, -0.74792456, -0.59784092, ..., -0.24186495,
          0.        ,  0.59784092],
        [-0.30023934, -0.20271029, -0.        , ..., -0.7739735 ,
         -0.59784092,  0.        ]],

       ...,

       [[ 0.        , -0.47216574, -0.47216574, ...,  0.92219568,
          0.97649892,  0.98102826],
        [ 0.47216574,  0.        ,  0.        , ...,  0.99552215,
          0.9625556 ,  0.77324972],
        [ 0.47216574,  0.        ,  0.        , ...,  0.99552215,
          0.9625556 ,  0.77324972],
        ...,
        [-0.92219568, -0.99552215, -0.99552215, ...,  0.        ,
          0.17888145,  0.55816801],
        [-0.97649892, -0.9625556 , -0.9625556 , ..., -0.17888145,
          0.        ,  0.40074218],
        [-0.98102826, -0.77324972, -0.77324972, ..., -0.55816801,
         -0.40074218,  0.        ]],

       [[ 0.        , -0.03530461, -0.09231352, ...,  0.98828834,
          0.94573105,  0.66975693],
        [ 0.03530461,  0.        , -0.05710211, ...,  0.98228483,
          0.93366923,  0.64312289],
        [ 0.09231352,  0.05710211,  0.        , ...,  0.96998148,
          0.91169545,  0.59834685],
        ...,
        [-0.98828834, -0.98228483, -0.96998148, ...,  0.        ,
          0.17682803,  0.63167997],
        [-0.94573105, -0.93366923, -0.91169545, ..., -0.17682803,
          0.        ,  0.48464355],
        [-0.66975693, -0.64312289, -0.59834685, ..., -0.63167997,
         -0.48464355,  0.        ]],

       [[ 0.        , -0.1094261 , -0.3154728 , ...,  0.3154728 ,
          0.52546528,  0.6932316 ],
        [ 0.1094261 ,  0.        , -0.20974016, ...,  0.20974016,
          0.42920846,  0.61020368],
        [ 0.3154728 ,  0.20974016,  0.        , ...,  0.        ,
          0.23022319,  0.43046551],
        ...,
        [-0.3154728 , -0.20974016, -0.        , ...,  0.        ,
         -0.23022319, -0.43046551],
        [-0.52546528, -0.42920846, -0.23022319, ...,  0.23022319,
          0.        , -0.21110122],
        [-0.6932316 , -0.61020368, -0.43046551, ...,  0.43046551,
          0.21110122,  0.        ]]]), 'num': array([9.14075466e-01, 4.04590977e-01, 1.24264509e-05, 5.23622291e-04,
       5.29369365e-04, 5.18513781e-04, 2.77524667e-02, 5.74707392e-06,
