state_0,state_1,state_2,state_3,state_4,state_5,state_6,state_7,state_8,state_9,state_10,state_11,state_12,state_13,state_14,state_15,state_16,state_17,state_18,state_19,state_20,state_21,state_22,state_23,state_24,state_25,state_26,state_27,state_28,state_29,state_30,state_31,state_32,state_33,state_34,state_35,state_36,state_37,state_38,state_39,state_40,state_41,state_42,state_43,state_44,state_45,state_46,state_47,state_48,state_49,state_50,state_51,state_52,state_53,state_54,state_55,state_56,state_57,state_58,state_59,state_60,state_61,state_62,state_63,state_64,state_65,state_66,state_67,state_68,state_69,state_70,state_71,state_72,state_73,state_74,state_75,state_76,state_77,state_78,state_79,state_80,state_81,state_82,state_83,state_84,state_85,state_86,state_87,state_88,state_89,state_90,state_91,state_92,state_93,state_94,state_95,state_96,state_97,state_98,state_99,state_100,state_101,state_102,state_103,state_104,state_105,state_106,state_107,state_108,state_109,state_110,state_111,state_112,state_113,state_114,state_115,state_116,state_117,state_118,state_119,state_120,state_121,state_122,state_123,state_124,state_125,state_126,state_127,state_128,state_129,state_130,state_131,state_132,state_133,state_134,state_135,state_136,state_137,state_138,state_139,state_140,state_141,state_142,state_143,state_144,state_145,state_146,state_147,state_148,state_149,state_150,state_151,state_152,state_153,state_154,state_155,state_156,state_157,state_158,state_159,state_160,state_161,state_162,state_163,state_164,state_165,state_166,state_167,state_168,state_169,state_170,state_171,state_172,state_173,state_174,state_175,state_176,state_177,state_178,state_179,state_180,state_181,state_182,state_183,state_184,state_185,state_186,state_187,state_188,state_189,state_190,state_191,state_192,state_193,state_194,state_195,state_196,state_197,state_198,state_199,state_200,state_201,state_202,state_203,state_204,state_205,state_206,state_207,state_208,state_209,state_210,state_211,state_212,state_213,state_214,state_215,state_216,state_217,state_218,state_219,state_220,state_221,state_222,state_223,state_224,state_225,state_226,state_227,state_228,state_229,state_230,state_231,state_232,state_233,state_234,state_235,state_236,state_237,state_238,state_239,state_240,state_241,state_242,state_243,state_244,state_245,state_246,state_247,state_248,state_249,state_250,state_251,state_252,state_253,state_254,state_255,state_256,state_257,state_258,state_259,state_260,state_261,state_262,state_263,state_264,state_265,state_266,state_267,state_268,state_269,state_270,state_271,state_272,state_273,state_274,state_275,state_276,state_277,state_278,state_279,state_280,state_281,state_282,state_283,state_284,state_285,state_286,state_287
{'img': array([[[ 0.00000000e+00, -3.84615385e-01, -8.16798484e-01, ...,
         -8.42650088e-01, -7.56627522e-01, -6.38971066e-01],
        [ 3.84615385e-01,  0.00000000e+00, -5.32074340e-01, ...,
         -9.84931443e-01, -9.49904695e-01, -8.85677434e-01],
        [ 8.16798484e-01,  5.32074340e-01,  0.00000000e+00, ...,
         -9.25958850e-01, -9.70576425e-01, -9.96943680e-01],
        ...,
        [ 8.42650088e-01,  9.84931443e-01,  9.25958850e-01, ...,
          0.00000000e+00, -1.43548700e-01, -3.04131032e-01],
        [ 7.56627522e-01,  9.49904695e-01,  9.70576425e-01, ...,
          1.43548700e-01,  0.00000000e+00, -1.64232397e-01],
        [ 6.38971066e-01,  8.85677434e-01,  9.96943680e-01, ...,
          3.04131032e-01,  1.64232397e-01,  0.00000000e+00]],

       [[ 0.00000000e+00, -1.51295272e-01, -1.50747337e-02, ...,
         -3.91025195e-01, -3.14081732e-01, -4.83179037e-01],
        [ 1.51295272e-01,  0.00000000e+00,  1.36376877e-01, ...,
         -2.47274815e-01, -1.66827098e-01, -3.45154703e-01],
        [ 1.50747337e-02, -1.36376877e-01,  0.00000000e+00, ...,
         -3.77106280e-01, -2.99734151e-01, -4.69925879e-01],
        ...,
        [ 3.91025195e-01,  2.47274815e-01,  3.77106280e-01, ...,
          0.00000000e+00,  8.21631996e-02, -1.02357317e-01],
        [ 3.14081732e-01,  1.66827098e-01,  2.99734151e-01, ...,
         -8.21631996e-02,  0.00000000e+00, -1.83742890e-01],
        [ 4.83179037e-01,  3.45154703e-01,  4.69925879e-01, ...,
          1.02357317e-01,  1.83742890e-01,  0.00000000e+00]],

       [[ 0.00000000e+00, -3.57350219e-01, -7.36164382e-01, ...,
         -7.93142870e-01, -7.37758110e-01, -6.59709832e-01],
        [ 3.57350219e-01,  0.00000000e+00, -4.45700165e-01, ...,
         -9.58411024e-01, -9.30278965e-01, -8.84705481e-01],
        [ 7.36164382e-01,  4.45700165e-01,  0.00000000e+00, ...,
         -9.85151631e-01, -9.96275666e-01, -9.99736012e-01],
        ...,
        [ 7.93142870e-01,  9.58411024e-01,  9.85151631e-01, ...,
          0.00000000e+00, -8.61021502e-02, -1.94276273e-01],
        [ 7.37758110e-01,  9.30278965e-01,  9.96275666e-01, ...,
          8.61021502e-02,  0.00000000e+00, -1.09093158e-01],
        [ 6.59709832e-01,  8.84705481e-01,  9.99736012e-01, ...,
          1.94276273e-01,  1.09093158e-01,  0.00000000e+00]],

       ...,

       [[ 0.00000000e+00, -1.14867428e-01, -4.09174790e-01, ...,
          2.87469726e-01,  1.68176971e-01,  1.15032592e-01],
        [ 1.14867428e-01,  0.00000000e+00, -3.01654916e-01, ...,
          3.95585757e-01,  2.80295130e-01,  2.28376077e-01],
        [ 4.09174790e-01,  3.01654916e-01,  0.00000000e+00, ...,
          6.54206892e-01,  5.56800930e-01,  5.11420753e-01],
        ...,
        [-2.87469726e-01, -3.95585757e-01, -6.54206892e-01, ...,
          0.00000000e+00, -1.22297067e-01, -1.75384386e-01],
        [-1.68176971e-01, -2.80295130e-01, -5.56800930e-01, ...,
          1.22297067e-01,  0.00000000e+00, -5.36664035e-02],
        [-1.15032592e-01, -2.28376077e-01, -5.11420753e-01, ...,
          1.75384386e-01,  5.36664035e-02,  0.00000000e+00]],

       [[ 0.00000000e+00, -8.65829993e-02, -1.10737486e-01, ...,
         -9.25488769e-01, -8.70607888e-01, -7.69550950e-01],
        [ 8.65829993e-02,  0.00000000e+00, -2.42711397e-02, ...,
         -9.54808706e-01, -9.09935334e-01, -8.21951651e-01],
        [ 1.10737486e-01,  2.42711397e-02,  0.00000000e+00, ...,
         -9.61741324e-01, -9.19733738e-01, -8.35533318e-01],
        ...,
        [ 9.25488769e-01,  9.54808706e-01,  9.61741324e-01, ...,
          0.00000000e+00, -1.25555145e-01, -2.99516931e-01],
        [ 8.70607888e-01,  9.09935334e-01,  9.19733738e-01, ...,
          1.25555145e-01,  0.00000000e+00, -1.77355714e-01],
        [ 7.69550950e-01,  8.21951651e-01,  8.35533318e-01, ...,
          2.99516931e-01,  1.77355714e-01,  0.00000000e+00]],

       [[ 0.00000000e+00,  3.34766841e-01,  5.77184135e-01, ...,
         -9.76667264e-01, -9.76519257e-01, -9.80113926e-01],
        [-3.34766841e-01,  0.00000000e+00,  2.70505885e-01, ...,
         -9.92208435e-01, -9.92293930e-01, -9.89991989e-01],
        [-5.77184135e-01, -2.70505885e-01,  0.00000000e+00, ...,
         -9.21515177e-01, -9.21782179e-01, -9.14908669e-01],
        ...,
        [ 9.76667264e-01,  9.92208435e-01,  9.21515177e-01, ...,
          0.00000000e+00,  6.88102895e-04, -1.66818723e-02],
        [ 9.76519257e-01,  9.92293930e-01,  9.21782179e-01, ...,
         -6.88102895e-04,  0.00000000e+00, -1.73698755e-02],
        [ 9.80113926e-01,  9.89991989e-01,  9.14908669e-01, ...,
          1.66818723e-02,  1.73698755e-02,  0.00000000e+00]]]), 'num': array([7.06983819e-01, 7.06983819e-01, 0.00000000e+00, 6.66294102e-05,
       6.86638960e-05, 6.48492352e-05, 1.86473976e-02, 2.03448581e-06,
       6.59427713e-05, 6.57870060e-05, 6.77557948e-05, 8.26857279e-07,
       6.83751330e-05, 6.31988789e-05])}
{'img': array([[[ 0.00000000e+00, -7.68374908e-01, -8.77268488e-01, ...,
         -7.68374908e-01, -6.49923072e-01, -8.97997773e-01],
        [ 7.68374908e-01,  0.00000000e+00, -1.92631876e-01, ...,
         -9.83519883e-01, -9.99915697e-01, -9.12803534e-01],
        [ 8.77268488e-01,  1.92631876e-01,  0.00000000e+00, ...,
         -9.30271788e-01, -9.78687126e-01, -8.17037066e-01],
        ...,
        [ 7.68374908e-01,  9.83519883e-01,  9.30271788e-01, ...,
          0.00000000e+00, -1.68014164e-01,  2.36633615e-01],
        [ 6.49923072e-01,  9.99915697e-01,  9.78687126e-01, ...,
          1.68014164e-01,  0.00000000e+00,  3.96512156e-01],
        [ 8.97997773e-01,  9.12803534e-01,  8.17037066e-01, ...,
         -2.36633615e-01, -3.96512156e-01,  0.00000000e+00]],

       [[ 0.00000000e+00,  1.36376877e-01,  1.16306506e-02, ...,
         -1.66827098e-01, -3.45154703e-01, -2.31251839e-02],
        [-1.36376877e-01,  0.00000000e+00, -1.24845667e-01, ...,
         -2.99734151e-01, -4.69925879e-01, -1.59249533e-01],
        [-1.16306506e-02,  1.24845667e-01,  0.00000000e+00, ...,
         -1.78283475e-01, -3.56047256e-01, -3.47511601e-02],
        ...,
        [ 1.66827098e-01,  2.99734151e-01,  1.78283475e-01, ...,
          0.00000000e+00, -1.83742890e-01,  1.43981373e-01],
        [ 3.45154703e-01,  4.69925879e-01,  3.56047256e-01, ...,
          1.83742890e-01,  0.00000000e+00,  3.23358357e-01],
        [ 2.31251839e-02,  1.59249533e-01,  3.47511601e-02, ...,
         -1.43981373e-01, -3.23358357e-01,  0.00000000e+00]],

       [[ 0.00000000e+00, -6.79093144e-01, -8.14961697e-01, ...,
         -7.47758103e-01, -6.69250520e-01, -6.73219227e-01],
        [ 6.79093144e-01,  0.00000000e+00, -2.04679810e-01, ...,
         -9.99791737e-01, -9.95855979e-01, -9.96328631e-01],
        [ 8.14961697e-01,  2.04679810e-01,  0.00000000e+00, ...,
         -9.74448042e-01, -9.93387160e-01, -9.92758202e-01],
        ...,
        [ 7.47758103e-01,  9.99791737e-01,  9.74448042e-01, ...,
          0.00000000e+00, -1.11248713e-01, -1.05926244e-01],
        [ 6.69250520e-01,  9.95855979e-01,  9.93387160e-01, ...,
          1.11248713e-01,  0.00000000e+00,  5.35410893e-03],
        [ 6.73219227e-01,  9.96328631e-01,  9.92758202e-01, ...,
          1.05926244e-01, -5.35410893e-03,  0.00000000e+00]],

       ...,

       [[ 0.00000000e+00, -3.01654916e-01, -2.75062686e-01, ...,
          2.80295130e-01,  2.28376077e-01,  8.02765847e-01],
        [ 3.01654916e-01,  0.00000000e+00,  2.77694785e-02, ...,
          5.56800930e-01,  5.11420753e-01,  9.45245880e-01],
        [ 2.75062686e-01, -2.77694785e-02,  0.00000000e+00, ...,
          5.33519596e-01,  4.87360367e-01,  9.35818528e-01],
        ...,
        [-2.80295130e-01, -5.56800930e-01, -5.33519596e-01, ...,
          0.00000000e+00, -5.36664035e-02,  6.03447659e-01],
        [-2.28376077e-01, -5.11420753e-01, -4.87360367e-01, ...,
          5.36664035e-02,  0.00000000e+00,  6.45371773e-01],
        [-8.02765847e-01, -9.45245880e-01, -9.35818528e-01, ...,
         -6.03447659e-01, -6.45371773e-01,  0.00000000e+00]],

       [[ 0.00000000e+00, -2.42711397e-02,  4.76477093e-03, ...,
         -9.09935334e-01, -8.21951651e-01, -8.82615079e-01],
        [ 2.42711397e-02,  0.00000000e+00,  2.90342315e-02, ...,
         -9.19733738e-01, -8.35533318e-01, -8.93764847e-01],
        [-4.76477093e-03, -2.90342315e-02,  0.00000000e+00, ...,
         -9.07948816e-01, -8.19228510e-01, -8.80365158e-01],
        ...,
        [ 9.09935334e-01,  9.19733738e-01,  9.07948816e-01, ...,
          0.00000000e+00, -1.77355714e-01, -6.16925850e-02],
        [ 8.21951651e-01,  8.35533318e-01,  8.19228510e-01, ...,
          1.77355714e-01,  0.00000000e+00,  1.16303326e-01],
        [ 8.82615079e-01,  8.93764847e-01,  8.80365158e-01, ...,
          6.16925850e-02, -1.16303326e-01,  0.00000000e+00]],

       [[ 0.00000000e+00,  2.70505885e-01, -2.82064826e-02, ...,
         -9.92293930e-01, -9.89991989e-01, -9.90098323e-01],
        [-2.70505885e-01,  0.00000000e+00, -2.97553153e-01, ...,
         -9.21782179e-01, -9.14908669e-01, -9.15213368e-01],
        [ 2.82064826e-02,  2.97553153e-01,  0.00000000e+00, ...,
         -9.95394073e-01, -9.93578688e-01, -9.93663883e-01],
        ...,
        [ 9.92293930e-01,  9.21782179e-01,  9.95394073e-01, ...,
          0.00000000e+00, -1.73698755e-02, -1.66144993e-02],
        [ 9.89991989e-01,  9.14908669e-01,  9.93578688e-01, ...,
          1.73698755e-02,  0.00000000e+00,  7.55485228e-04],
        [ 9.90098323e-01,  9.15213368e-01,  9.93663883e-01, ...,
          1.66144993e-02, -7.55485228e-04,  0.00000000e+00]]]), 'num': array([ 7.07079062e-01,  7.07079062e-01,  0.00000000e+00,  6.61296965e-05,
        6.72742489e-05,  6.57481790e-05,  8.85238823e-03, -5.08689973e-07,
        6.57736135e-05,  6.58085859e-05,  6.76038376e-05,  7.39374960e-07,
        6.84009949e-05,  6.32161769e-05])}
{'img': array([[[ 0.00000000e+00, -5.93440247e-01, -8.43846044e-01, ...,
         -7.06896427e-01, -9.48401078e-01, -9.09988200e-01],
        [ 5.93440247e-01,  0.00000000e+00, -3.60761805e-01, ...,
         -9.88715835e-01, -9.51511190e-01, -9.78490117e-01],
        [ 8.43846044e-01,  3.60761805e-01,  0.00000000e+00, ...,
         -9.76176991e-01, -7.76459080e-01, -8.38173735e-01],
        ...,
        [ 7.06896427e-01,  9.88715835e-01,  9.76176991e-01, ...,
          0.00000000e+00,  4.46682383e-01,  3.50546794e-01],
        [ 9.48401078e-01,  9.51511190e-01,  7.76459080e-01, ...,
         -4.46682383e-01,  0.00000000e+00, -1.04706627e-01],
        [ 9.09988200e-01,  9.78490117e-01,  8.38173735e-01, ...,
         -3.50546794e-01,  1.04706627e-01,  0.00000000e+00]],

       [[ 0.00000000e+00, -1.24845667e-01, -1.38041369e-01, ...,
         -4.69925879e-01, -1.59249533e-01, -4.47918788e-01],
        [ 1.24845667e-01,  0.00000000e+00, -1.33109050e-02, ...,
         -3.56047256e-01, -3.47511601e-02, -3.32793053e-01],
        [ 1.38041369e-01,  1.33109050e-02,  0.00000000e+00, ...,
         -3.43577098e-01, -2.14452162e-02, -3.20211388e-01],
        ...,
        [ 4.69925879e-01,  3.56047256e-01,  3.43577098e-01, ...,
          0.00000000e+00,  3.23358357e-01,  2.47680787e-02],
        [ 1.59249533e-01,  3.47511601e-02,  2.14452162e-02, ...,
         -3.23358357e-01,  0.00000000e+00, -2.99821705e-01],
        [ 4.47918788e-01,  3.32793053e-01,  3.20211388e-01, ...,
         -2.47680787e-02,  2.99821705e-01,  0.00000000e+00]],

       [[ 0.00000000e+00, -5.69831359e-01, -8.10678019e-01, ...,
         -7.10569578e-01, -7.14650348e-01, -6.85048556e-01],
        [ 5.69831359e-01,  0.00000000e+00, -3.32552281e-01, ...,
         -9.84867531e-01, -9.85858957e-01, -9.78067306e-01],
        [ 8.10678019e-01,  3.32552281e-01,  0.00000000e+00, ...,
         -9.86447862e-01, -9.85476798e-01, -9.91667442e-01],
        ...,
        [ 7.10569578e-01,  9.84867531e-01,  9.86447862e-01, ...,
          0.00000000e+00,  5.81670602e-03, -3.56294751e-02],
        [ 7.14650348e-01,  9.85858957e-01,  9.85476798e-01, ...,
         -5.81670602e-03,  0.00000000e+00, -4.14418852e-02],
        [ 6.85048556e-01,  9.78067306e-01,  9.91667442e-01, ...,
          3.56294751e-02,  4.14418852e-02,  0.00000000e+00]],

       ...,

       [[ 0.00000000e+00,  2.77694785e-02, -6.77366840e-03, ...,
          5.11420753e-01,  9.45245880e-01,  7.11349372e-01],
        [-2.77694785e-02,  0.00000000e+00, -3.45398976e-02, ...,
          4.87360367e-01,  9.35818528e-01,  6.91557582e-01],
        [ 6.77366840e-03,  3.45398976e-02,  0.00000000e+00, ...,
          5.17229840e-01,  9.47434842e-01,  7.16093848e-01],
        ...,
        [-5.11420753e-01, -4.87360367e-01, -5.17229840e-01, ...,
          0.00000000e+00,  6.45371773e-01,  2.51837936e-01],
        [-9.45245880e-01, -9.35818528e-01, -9.47434842e-01, ...,
         -6.45371773e-01,  0.00000000e+00, -4.32199969e-01],
        [-7.11349372e-01, -6.91557582e-01, -7.16093848e-01, ...,
         -2.51837936e-01,  4.32199969e-01,  0.00000000e+00]],

       [[ 0.00000000e+00,  2.90342315e-02,  9.78282236e-02, ...,
         -8.35533318e-01, -8.93764847e-01, -9.00642828e-01],
        [-2.90342315e-02,  0.00000000e+00,  6.88920176e-02, ...,
         -8.19228510e-01, -8.80365158e-01, -8.87646014e-01],
        [-9.78282236e-02, -6.88920176e-02,  0.00000000e+00, ...,
         -7.77774810e-01, -8.45598274e-01, -8.53810484e-01],
        ...,
        [ 8.35533318e-01,  8.19228510e-01,  7.77774810e-01, ...,
          0.00000000e+00,  1.16303326e-01,  1.31759542e-01],
        [ 8.93764847e-01,  8.80365158e-01,  8.45598274e-01, ...,
         -1.16303326e-01,  0.00000000e+00,  1.55760287e-02],
        [ 9.00642828e-01,  8.87646014e-01,  8.53810484e-01, ...,
         -1.31759542e-01, -1.55760287e-02,  0.00000000e+00]],

       [[ 0.00000000e+00, -2.97553153e-01, -6.05824458e-01, ...,
         -9.14908669e-01, -9.15213368e-01, -9.15736559e-01],
        [ 2.97553153e-01,  0.00000000e+00, -3.41650996e-01, ...,
         -9.93578688e-01, -9.93663883e-01, -9.93809182e-01],
        [ 6.05824458e-01,  3.41650996e-01,  0.00000000e+00, ...,
         -9.72447472e-01, -9.72271075e-01, -9.71966179e-01],
        ...,
        [ 9.14908669e-01,  9.93578688e-01,  9.72447472e-01, ...,
          0.00000000e+00,  7.55485228e-04,  2.05574162e-03],
        [ 9.15213368e-01,  9.93663883e-01,  9.72271075e-01, ...,
         -7.55485228e-04,  0.00000000e+00,  1.30025740e-03],
        [ 9.15736559e-01,  9.93809182e-01,  9.71966179e-01, ...,
         -2.05574162e-03, -1.30025740e-03,  0.00000000e+00]]]), 'num': array([ 7.26507822e-01,  6.87120133e-01,  7.64809495e-06,  6.73293829e-05,
        6.82445395e-05,  6.70679095e-05,  7.22980299e-03, -6.53683329e-07,
        6.74862669e-05,  6.76594930e-05,  6.93612485e-05,  7.18333328e-07,
        7.03207067e-05,  6.49982792e-05])}
{'img': array([[[ 0.        , -0.39253035, -0.98975094, ..., -0.96888313,
         -0.98975094, -0.9999978 ],
        [ 0.39253035,  0.        , -0.85425757, ..., -0.79396106,
         -0.85425757, -0.91891432],
        [ 0.98975094,  0.85425757,  0.        , ...,  0.10662114,
          0.        , -0.14072956],
        ...,
        [ 0.96888313,  0.79396106, -0.10662114, ...,  0.        ,
         -0.10662114, -0.24548741],
        [ 0.98975094,  0.85425757,  0.        , ...,  0.10662114,
          0.        , -0.14072956],
        [ 0.9999978 ,  0.91891432,  0.14072956, ...,  0.24548741,
          0.14072956,  0.        ]],

       [[ 0.        , -0.01331091,  0.2995917 , ..., -0.03475116,
         -0.33279305, -0.46519814],
        [ 0.01331091,  0.        ,  0.31226466, ..., -0.02144522,
         -0.32021139, -0.45337402],
        [-0.2995917 , -0.31226466,  0.        , ..., -0.3325657 ,
         -0.60002198, -0.70903097],
        ...,
        [ 0.03475116,  0.02144522,  0.3325657 , ...,  0.        ,
         -0.29982171, -0.4341552 ],
        [ 0.33279305,  0.32021139,  0.60002198, ...,  0.29982171,
          0.        , -0.14409119],
        [ 0.46519814,  0.45337402,  0.70903097, ...,  0.4341552 ,
          0.14409119,  0.        ]],

       [[ 0.        , -0.67193036, -0.92639049, ..., -0.74228922,
         -0.71224198, -0.68907804],
        [ 0.67193036,  0.        , -0.43307311, ..., -0.99999688,
         -0.9991474 , -0.99728037],
        [ 0.92639049,  0.43307311,  0.        , ..., -0.90027501,
         -0.91846989, -0.93082545],
        ...,
        [ 0.74228922,  0.99999688,  0.90027501, ...,  0.        ,
         -0.0437792 , -0.07619029],
        [ 0.71224198,  0.9991474 ,  0.91846989, ...,  0.0437792 ,
          0.        , -0.03246529],
        [ 0.68907804,  0.99728037,  0.93082545, ...,  0.07619029,
          0.03246529,  0.        ]],

       ...,

       [[ 0.        , -0.0345399 , -0.44170296, ...,  0.93581853,
          0.69155758,  0.57777753],
        [ 0.0345399 ,  0.        , -0.41045154, ...,  0.94743484,
          0.71609385,  0.60562405],
        [ 0.44170296,  0.41045154,  0.        , ...,  0.99527264,
          0.93949021,  0.8788751 ],
        ...,
        [-0.93581853, -0.94743484, -0.99527264, ...,  0.        ,
         -0.43219997, -0.56015347],
        [-0.69155758, -0.71609385, -0.93949021, ...,  0.43219997,
          0.        , -0.14710432],
        [-0.57777753, -0.60562405, -0.8788751 , ...,  0.56015347,
          0.14710432,  0.        ]],

       [[ 0.        ,  0.06889202,  0.29902729, ..., -0.88036516,
         -0.88764601, -0.88869434],
        [-0.06889202,  0.        ,  0.23257701, ..., -0.84559827,
         -0.85381048, -0.85499592],
        [-0.29902729, -0.23257701,  0.        , ..., -0.69825606,
         -0.70932142, -0.71092769],
        ...,
        [ 0.88036516,  0.84559827,  0.69825606, ...,  0.        ,
          0.01557603,  0.0178571 ],
        [ 0.88764601,  0.85381048,  0.70932142, ..., -0.01557603,
          0.        ,  0.00228139],
        [ 0.88869434,  0.85499592,  0.71092769, ..., -0.0178571 ,
         -0.00228139,  0.        ]],

       [[ 0.        , -0.54688729, -0.86363997, ..., -0.92118069,
         -0.92169424, -0.92228264],
        [ 0.54688729,  0.        , -0.4473539 , ..., -0.98403127,
         -0.98379514, -0.98352155],
        [ 0.86363997,  0.4473539 ,  0.        , ..., -0.80044822,
         -0.79965524, -0.79874188],
        ...,
        [ 0.92118069,  0.98403127,  0.80044822, ...,  0.        ,
          0.00132178,  0.00284134],
        [ 0.92169424,  0.98379514,  0.79965524, ..., -0.00132178,
          0.        ,  0.00151957],
        [ 0.92228264,  0.98352155,  0.79874188, ..., -0.00284134,
         -0.00151957,  0.        ]]]), 'num': array([7.16258876e-01, 6.97656720e-01, 3.49008563e-06, 6.86426436e-05,
       6.86426436e-05, 6.63245055e-05, 1.57571313e-02, 2.31813806e-06,
       6.69684327e-05, 6.67977920e-05, 6.82466283e-05, 7.20090675e-07,
       6.95164388e-05, 6.40791453e-05])}
{'img': array([[[ 0.        , -0.85425757, -0.99833044, ..., -0.85425757,
         -0.91891432, -0.63474204],
        [ 0.85425757,  0.        , -0.56832479, ...,  0.        ,
         -0.14072956,  0.33013478],
        [ 0.99833044,  0.56832479,  0.        , ...,  0.56832479,
          0.44687598,  0.8080973 ],
        ...,
        [ 0.85425757,  0.        , -0.56832479, ...,  0.        ,
         -0.14072956,  0.33013478],
        [ 0.91891432,  0.14072956, -0.44687598, ...,  0.14072956,
          0.        ,  0.45968869],
        [ 0.63474204, -0.33013478, -0.8080973 , ..., -0.33013478,
         -0.45968869,  0.        ]],

       [[ 0.        ,  0.31226466,  0.32368089, ..., -0.32021139,
         -0.45337402, -0.09515978],
        [-0.31226466,  0.        ,  0.01204097, ..., -0.60002198,
         -0.70903097, -0.40124894],
        [-0.32368089, -0.01204097,  0.        , ..., -0.60961106,
         -0.71747059, -0.41224901],
        ...,
        [ 0.32021139,  0.60002198,  0.60961106, ...,  0.        ,
         -0.14409119,  0.22860902],
        [ 0.45337402,  0.70903097,  0.71747059, ...,  0.14409119,
          0.        ,  0.36649876],
        [ 0.09515978,  0.40124894,  0.41224901, ..., -0.22860902,
         -0.36649876,  0.        ]],

       [[ 0.        , -0.81340388, -0.99592403, ..., -0.75344028,
         -0.72980054, -0.81152786],
        [ 0.81340388,  0.        , -0.50596252, ..., -0.97310206,
         -0.9806163 , -0.94734828],
        [ 0.99592403,  0.50596252,  0.        , ..., -0.72279368,
         -0.7466987 , -0.65512871],
        ...,
        [ 0.75344028,  0.97310206,  0.72279368, ...,  0.        ,
         -0.0352413 ,  0.09334733],
        [ 0.72980054,  0.9806163 ,  0.7466987 , ...,  0.0352413 ,
          0.        ,  0.12837677],
        [ 0.81152786,  0.94734828,  0.65512871, ..., -0.09334733,
         -0.12837677,  0.        ]],

       ...,

       [[ 0.        , -0.41045154, -0.44393312, ...,  0.71609385,
          0.60562405,  0.63924941],
        [ 0.41045154,  0.        , -0.03702563, ...,  0.93949021,
          0.8788751 ,  0.89855732],
        [ 0.44393312,  0.03702563,  0.        , ...,  0.9515301 ,
          0.89593562,  0.91419012],
        ...,
        [-0.71609385, -0.93949021, -0.9515301 , ...,  0.        ,
         -0.14710432, -0.10447714],
        [-0.60562405, -0.8788751 , -0.89593562, ...,  0.14710432,
          0.        ,  0.04295873],
        [-0.63924941, -0.89855732, -0.91419012, ...,  0.10447714,
         -0.04295873,  0.        ]],

       [[ 0.        ,  0.23257701,  0.53136216, ..., -0.85381048,
         -0.85499592, -0.91857073],
        [-0.23257701,  0.        ,  0.31976475, ..., -0.70932142,
         -0.71092769, -0.80145407],
        [-0.53136216, -0.31976475,  0.        , ..., -0.44668247,
         -0.44872245, -0.56813797],
        ...,
        [ 0.85381048,  0.70932142,  0.44668247, ...,  0.        ,
          0.00228139,  0.14071893],
        [ 0.85499592,  0.71092769,  0.44872245, ..., -0.00228139,
          0.        ,  0.13845988],
        [ 0.91857073,  0.80145407,  0.56813797, ..., -0.14071893,
         -0.13845988,  0.        ]],

       [[ 0.        , -0.77054356, -0.96934719, ..., -0.9426861 ,
         -0.94322457, -0.94586467],
        [ 0.77054356,  0.        , -0.42853093, ..., -0.85797183,
         -0.85713984, -0.85297077],
        [ 0.96934719,  0.42853093,  0.        , ..., -0.55506587,
         -0.55371975, -0.54700678],
        ...,
        [ 0.9426861 ,  0.85797183,  0.55506587, ...,  0.        ,
          0.00161743,  0.00965754],
        [ 0.94322457,  0.85713984,  0.55371975, ..., -0.00161743,
          0.        ,  0.00804017],
        [ 0.94586467,  0.85297077,  0.54700678, ..., -0.00965754,
         -0.00804017,  0.        ]]]), 'num': array([7.13149601e-01, 7.00180207e-01, 2.35807158e-06, 7.04858352e-05,
       7.07421474e-05, 6.81790261e-05, 3.41362900e-02, 2.17865309e-06,
       6.77176642e-05, 6.67404743e-05, 6.78938788e-05, 7.71424852e-07,
       6.98834282e-05, 6.35975203e-05])}
{'img': array([[[ 0.        , -0.56832479, -0.14072956, ..., -0.14072956,
          0.33013478,  0.69548018],
        [ 0.56832479,  0.        ,  0.44687598, ...,  0.44687598,
          0.8080973 ,  0.98061119],
        [ 0.14072956, -0.44687598,  0.        , ...,  0.        ,
          0.45968869,  0.78967937],
        ...,
        [ 0.14072956, -0.44687598,  0.        , ...,  0.        ,
          0.45968869,  0.78967937],
        [-0.33013478, -0.8080973 , -0.45968869, ..., -0.45968869,
          0.        ,  0.41927046],
        [-0.69548018, -0.98061119, -0.78967937, ..., -0.78967937,
         -0.41927046,  0.        ]],

       [[ 0.        ,  0.01204097, -0.38775233, ..., -0.70903097,
         -0.40124894, -0.0625385 ],
        [-0.01204097,  0.        , -0.39882315, ..., -0.71747059,
         -0.41224901, -0.07455137],
        [ 0.38775233,  0.39882315,  0.        , ..., -0.38012479,
         -0.01468754,  0.32934761],
        ...,
        [ 0.70903097,  0.71747059,  0.38012479, ...,  0.        ,
          0.36649876,  0.66354235],
        [ 0.40124894,  0.41224901,  0.01468754, ..., -0.36649876,
          0.        ,  0.34318018],
        [ 0.0625385 ,  0.07455137, -0.32934761, ..., -0.66354235,
         -0.34318018,  0.        ]],

       [[ 0.        , -0.92559622, -0.99927711, ..., -0.8       ,
         -0.88032009, -0.98046488],
        [ 0.92559622,  0.        , -0.41342673, ..., -0.85816765,
         -0.77229656, -0.55317753],
        [ 0.99927711,  0.41342673,  0.        , ..., -0.56915304,
         -0.44057053, -0.15927816],
        ...,
        [ 0.8       ,  0.85816765,  0.56915304, ...,  0.        ,
          0.14868792,  0.43092356],
        [ 0.88032009,  0.77229656,  0.44057053, ..., -0.14868792,
          0.        ,  0.29195922],
        [ 0.98046488,  0.55317753,  0.15927816, ..., -0.43092356,
         -0.29195922,  0.        ]],

       ...,

       [[ 0.        , -0.03702563,  0.17547891, ...,  0.8788751 ,
          0.89855732,  0.97065979],
        [ 0.03702563,  0.        ,  0.2118097 , ...,  0.89593562,
          0.91419012,  0.9788973 ],
        [-0.17547891, -0.2118097 ,  0.        , ...,  0.78152521,
          0.80760457,  0.91340311],
        ...,
        [-0.8788751 , -0.89593562, -0.78152521, ...,  0.        ,
          0.04295873,  0.25172346],
        [-0.89855732, -0.91419012, -0.80760457, ..., -0.04295873,
          0.        ,  0.20991565],
        [-0.97065979, -0.9788973 , -0.91340311, ..., -0.25172346,
         -0.20991565,  0.        ]],

       [[ 0.        ,  0.31976475,  0.610262  , ..., -0.71092769,
         -0.80145407, -0.91200799],
        [-0.31976475,  0.        ,  0.32490388, ..., -0.44872245,
         -0.56813797, -0.73296611],
        [-0.610262  , -0.32490388,  0.        , ..., -0.1340207 ,
         -0.26994058, -0.47217975],
        ...,
        [ 0.71092769,  0.44872245,  0.1340207 , ...,  0.        ,
          0.13845988,  0.34978045],
        [ 0.80145407,  0.56813797,  0.26994058, ..., -0.13845988,
          0.        ,  0.21669777],
        [ 0.91200799,  0.73296611,  0.47217975, ..., -0.34978045,
         -0.21669777,  0.        ]],

       [[ 0.        , -0.85321203, -0.97713484, ..., -0.98287825,
         -0.984572  , -0.97859384],
        [ 0.85321203,  0.        , -0.32822816, ..., -0.66984372,
         -0.6628125 , -0.68599151],
        [ 0.97713484,  0.32822816,  0.        , ..., -0.38902326,
         -0.38031922, -0.40916459],
        ...,
        [ 0.98287825,  0.66984372,  0.38902326, ...,  0.        ,
          0.00942952, -0.02196545],
        [ 0.984572  ,  0.6628125 ,  0.38031922, ..., -0.00942952,
          0.        , -0.03139173],
        [ 0.97859384,  0.68599151,  0.40916459, ...,  0.02196545,
          0.03139173,  0.        ]]]), 'num': array([7.11199985e-01, 6.98852779e-01, 2.13250528e-06, 7.39353626e-05,
       7.59784814e-05, 7.06152945e-05, 7.61533724e-02, 3.70315287e-06,
       6.88786435e-05, 6.69791814e-05, 6.77751465e-05, 9.00793669e-07,
       7.13413184e-05, 6.26170444e-05])}
{'img': array([[[ 0.        ,  0.4379783 ,  0.67839885, ...,  0.79421653,
          0.97169911,  0.51793217],
        [-0.4379783 ,  0.        ,  0.2880908 , ...,  0.44785829,
          0.77008335,  0.84026968],
        [-0.67839885, -0.2880908 ,  0.        , ...,  0.17128719,
          0.5536486 ,  0.96083865],
        ...,
        [-0.79421653, -0.44785829, -0.17128719, ...,  0.        ,
          0.40282683,  0.99410368],
        [-0.97169911, -0.77008335, -0.5536486 , ..., -0.40282683,
          0.        ,  0.95355947],
        [-0.51793217, -0.84026968, -0.96083865, ..., -0.99410368,
         -0.95355947,  0.        ]],

       [[ 0.        , -0.39882315, -0.31181762, ..., -0.41224901,
         -0.07455137,  0.4453089 ],
        [ 0.39882315,  0.        ,  0.09299317, ..., -0.01468754,
          0.32934761,  0.76545775],
        [ 0.31181762, -0.09299317,  0.        , ..., -0.10760703,
          0.2401155 ,  0.702301  ],
        ...,
        [ 0.41224901,  0.01468754,  0.10760703, ...,  0.        ,
          0.34318018,  0.77482641],
        [ 0.07455137, -0.32934761, -0.2401155 , ..., -0.34318018,
          0.        ,  0.51082127],
        [-0.4453089 , -0.76545775, -0.702301  , ..., -0.77482641,
         -0.51082127,  0.        ]],

       [[ 0.        , -0.45786622, -0.7138794 , ..., -0.82146244,
         -0.60383878, -0.24710334],
        [ 0.45786622,  0.        , -0.31402449, ..., -0.46919346,
         -0.1718573 ,  0.2239873 ],
        [ 0.7138794 ,  0.31402449,  0.        , ..., -0.16814566,
          0.14618851,  0.51870266],
        ...,
        [ 0.82146244,  0.46919346,  0.16814566, ...,  0.        ,
          0.31044634,  0.65507438],
        [ 0.60383878,  0.1718573 , -0.14618851, ..., -0.31044634,
          0.        ,  0.38814554],
        [ 0.24710334, -0.2239873 , -0.51870266, ..., -0.65507438,
         -0.38814554,  0.        ]],

       ...,

       [[ 0.        ,  0.20255898,  0.13761392, ...,  0.87771935,
          0.9484407 ,  0.85888256],
        [-0.20255898,  0.        , -0.06587062, ...,  0.76246308,
          0.86457758,  0.94482313],
        [-0.13761392,  0.06587062,  0.        , ...,  0.80342752,
          0.89579981,  0.92119318],
        ...,
        [-0.87771935, -0.76246308, -0.80342752, ...,  0.        ,
          0.17627191,  0.86109889],
        [-0.9484407 , -0.86457758, -0.89579981, ..., -0.17627191,
          0.        ,  0.75799213],
        [-0.85888256, -0.94482313, -0.92119318, ..., -0.86109889,
         -0.75799213,  0.        ]],

       [[ 0.        ,  0.32490388,  0.13300593, ..., -0.56813797,
         -0.73296611, -0.91215636],
        [-0.32490388,  0.        , -0.19622722, ..., -0.26994058,
         -0.47217975, -0.7295098 ],
        [-0.13300593,  0.19622722,  0.        , ..., -0.45363519,
         -0.63597459, -0.84954061],
        ...,
        [ 0.56813797,  0.26994058,  0.45363519, ...,  0.        ,
          0.21669777,  0.51779684],
        [ 0.73296611,  0.47217975,  0.63597459, ..., -0.21669777,
          0.        ,  0.32010761],
        [ 0.91215636,  0.7295098 ,  0.84954061, ..., -0.51779684,
         -0.32010761,  0.        ]],

       [[ 0.        , -0.6121423 , -0.81201732, ..., -0.92735809,
         -0.94139761, -0.98612495],
        [ 0.6121423 ,  0.        , -0.28483412, ..., -0.50425782,
         -0.53793301, -0.67815743],
        [ 0.81201732,  0.28483412,  0.        , ..., -0.23740046,
         -0.27553849, -0.44073665],
        ...,
        [ 0.92735809,  0.50425782,  0.23740046, ...,  0.        ,
         -0.03945067, -0.21503751],
        [ 0.94139761,  0.53793301,  0.27553849, ...,  0.03945067,
          0.        , -0.17634236],
        [ 0.98612495,  0.67815743,  0.44073665, ...,  0.21503751,
          0.17634236,  0.        ]]]), 'num': array([7.74587870e-01, 6.28350768e-01, 2.52568396e-05, 8.05270382e-05,
       8.28913899e-05, 7.87190045e-05, 7.20339947e-02, 0.00000000e+00,
       7.66606277e-05, 7.35243847e-05, 7.39960960e-05, 9.71348982e-07,
       7.89739417e-05, 6.80748277e-05])}
{'img': array([[[ 0.        ,  0.2880908 ,  0.23933963, ...,  0.77008335,
          0.84026968,  0.84026968],
        [-0.2880908 ,  0.        , -0.05052534, ...,  0.5536486 ,
          0.96083865,  0.96083865],
        [-0.23933963,  0.05052534,  0.        , ...,  0.59501647,
          0.94561045,  0.94561045],
        ...,
        [-0.77008335, -0.5536486 , -0.59501647, ...,  0.        ,
          0.95355947,  0.95355947],
        [-0.84026968, -0.96083865, -0.94561045, ..., -0.95355947,
          0.        ,  0.        ],
        [-0.84026968, -0.96083865, -0.94561045, ..., -0.95355947,
          0.        ,  0.        ]],

       [[ 0.        ,  0.09299317, -0.14684262, ...,  0.32934761,
          0.76545775,  0.68652035],
        [-0.09299317,  0.        , -0.23819143, ...,  0.2401155 ,
          0.702301  ,  0.61592916],
        [ 0.14684262,  0.23819143,  0.        , ...,  0.46442752,
          0.85165128,  0.7858492 ],
        ...,
        [-0.32934761, -0.2401155 , -0.46442752, ...,  0.        ,
          0.51082127,  0.40874638],
        [-0.76545775, -0.702301  , -0.85165128, ..., -0.51082127,
          0.        , -0.11480609],
        [-0.68652035, -0.61592916, -0.7858492 , ..., -0.40874638,
          0.11480609,  0.        ]],

       [[ 0.        , -0.31402449, -0.56018603, ..., -0.1718573 ,
          0.2239873 ,  0.6580709 ],
        [ 0.31402449,  0.        , -0.27172148, ...,  0.14618851,
          0.51870266,  0.86122892],
        [ 0.56018603,  0.27172148,  0.        , ...,  0.40949061,
          0.73149651,  0.96691952],
        ...,
        [ 0.1718573 , -0.14618851, -0.40949061, ...,  0.        ,
          0.38814554,  0.777681  ],
        [-0.2239873 , -0.51870266, -0.73149651, ..., -0.38814554,
          0.        ,  0.4726981 ],
        [-0.6580709 , -0.86122892, -0.96691952, ..., -0.777681  ,
         -0.4726981 ,  0.        ]],

       ...,

       [[ 0.        , -0.06587062, -0.09826928, ...,  0.86457758,
          0.94482313,  0.99325567],
        [ 0.06587062,  0.        , -0.03250405, ...,  0.89579981,
          0.92119318,  0.98346114],
        [ 0.09826928,  0.03250405,  0.        , ...,  0.90977315,
          0.90805892,  0.97705437],
        ...,
        [-0.86457758, -0.89579981, -0.90977315, ...,  0.        ,
          0.75799213,  0.59935356],
        [-0.94482313, -0.92119318, -0.90805892, ..., -0.75799213,
          0.        , -0.21582433],
        [-0.99325567, -0.98346114, -0.97705437, ..., -0.59935356,
          0.21582433,  0.        ]],

       [[ 0.        , -0.19622722, -0.25098421, ..., -0.47217975,
         -0.7295098 , -0.83583064],
        [ 0.19622722,  0.        , -0.05615847, ..., -0.63597459,
         -0.84954061, -0.92730706],
        [ 0.25098421,  0.05615847,  0.        , ..., -0.67830899,
         -0.87782482, -0.94686385],
        ...,
        [ 0.47217975,  0.63597459,  0.67830899, ...,  0.        ,
          0.32010761,  0.47756589],
        [ 0.7295098 ,  0.84954061,  0.87782482, ..., -0.32010761,
          0.        ,  0.1711917 ],
        [ 0.83583064,  0.92730706,  0.94686385, ..., -0.47756589,
         -0.1711917 ,  0.        ]],

       [[ 0.        , -0.28483412, -0.51200683, ..., -0.53793301,
         -0.67815743, -0.69799271],
        [ 0.28483412,  0.        , -0.24613068, ..., -0.27553849,
         -0.44073665, -0.46510854],
        [ 0.51200683,  0.24613068,  0.        , ..., -0.03045903,
         -0.20624224, -0.23291215],
        ...,
        [ 0.53793301,  0.27553849,  0.03045903, ...,  0.        ,
         -0.17634236, -0.20318274],
        [ 0.67815743,  0.44073665,  0.20624224, ...,  0.17634236,
          0.        , -0.02733464],
        [ 0.69799271,  0.46510854,  0.23291215, ...,  0.20318274,
          0.02733464,  0.        ]]]), 'num': array([ 7.73492054e-01,  6.31530826e-01,  2.53502193e-05,  7.82586704e-05,
        8.23113516e-05,  7.76996799e-05,  5.36545357e-02, -2.65520489e-06,
        7.82866199e-05,  7.42549009e-05,  7.44563704e-05,  8.32539047e-07,
        7.98449981e-05,  6.86648038e-05])}
{'img': array([[[ 0.        , -0.05052534, -0.26076283, ...,  0.96083865,
          0.96083865,  0.75378243],
        [ 0.05052534,  0.        , -0.21165247, ...,  0.94561045,
          0.94561045,  0.7860211 ],
        [ 0.26076283,  0.21165247,  0.        , ...,  0.85533684,
          0.85533684,  0.89905727],
        ...,
        [-0.96083865, -0.94561045, -0.85533684, ...,  0.        ,
          0.        , -0.84026968],
        [-0.96083865, -0.94561045, -0.85533684, ...,  0.        ,
          0.        , -0.84026968],
        [-0.75378243, -0.7860211 , -0.89905727, ...,  0.84026968,
          0.84026968,  0.        ]],

       [[ 0.        , -0.23819143, -0.18311101, ...,  0.702301  ,
          0.61592916,  0.4380866 ],
        [ 0.23819143,  0.        ,  0.05632339, ...,  0.85165128,
          0.7858492 ,  0.63959577],
        [ 0.18311101, -0.05632339,  0.        , ...,  0.82077976,
          0.74977032,  0.59528402],
        ...,
        [-0.702301  , -0.85165128, -0.82077976, ...,  0.        ,
         -0.11480609, -0.31945625],
        [-0.61592916, -0.7858492 , -0.74977032, ...,  0.11480609,
          0.        , -0.20855362],
        [-0.4380866 , -0.63959577, -0.59528402, ...,  0.31945625,
          0.20855362,  0.        ]],

       [[ 0.        , -0.27036885, -0.30283728, ...,  0.51530979,
          0.85550764,  0.96107364],
        [ 0.27036885,  0.        , -0.03388571, ...,  0.72782519,
          0.96364015,  0.85057936],
        [ 0.30283728,  0.03388571,  0.        , ...,  0.75064477,
          0.97214112,  0.83227219],
        ...,
        [-0.51530979, -0.72782519, -0.75064477, ...,  0.        ,
          0.4663511 ,  0.96602008],
        [-0.85550764, -0.96364015, -0.97214112, ..., -0.4663511 ,
          0.        ,  0.7340047 ],
        [-0.96107364, -0.85057936, -0.83227219, ..., -0.96602008,
         -0.7340047 ,  0.        ]],

       ...,

       [[ 0.        , -0.03250405, -0.03712261, ...,  0.92119318,
          0.98346114,  0.88340021],
        [ 0.03250405,  0.        , -0.00462135, ...,  0.90805892,
          0.97705437,  0.89816545],
        [ 0.03712261,  0.00462135,  0.        , ...,  0.9061136 ,
          0.97605963,  0.90018767],
        ...,
