state_0,state_1,state_2,state_3,state_4,state_5,state_6,state_7,state_8,state_9,state_10,state_11,state_12,state_13,state_14,state_15,state_16,state_17,state_18,state_19,state_20,state_21,state_22,state_23,state_24,state_25,state_26,state_27,state_28,state_29,state_30,state_31,state_32,state_33,state_34,state_35,state_36,state_37,state_38,state_39,state_40,state_41,state_42,state_43,state_44,state_45,state_46,state_47,state_48,state_49,state_50,state_51,state_52,state_53,state_54,state_55,state_56,state_57,state_58,state_59,state_60,state_61,state_62,state_63,state_64,state_65,state_66,state_67,state_68,state_69,state_70,state_71,state_72,state_73,state_74,state_75,state_76,state_77,state_78,state_79,state_80,state_81,state_82,state_83,state_84,state_85,state_86,state_87,state_88,state_89,state_90,state_91,state_92,state_93,state_94,state_95,state_96,state_97,state_98,state_99,state_100,state_101,state_102,state_103,state_104,state_105,state_106,state_107,state_108,state_109,state_110,state_111,state_112,state_113,state_114,state_115,state_116,state_117,state_118,state_119,state_120,state_121,state_122,state_123,state_124,state_125,state_126,state_127,state_128,state_129,state_130,state_131,state_132,state_133,state_134,state_135,state_136,state_137,state_138,state_139,state_140,state_141,state_142,state_143,state_144,state_145,state_146,state_147,state_148,state_149,state_150,state_151,state_152,state_153,state_154,state_155,state_156,state_157,state_158,state_159,state_160,state_161,state_162,state_163,state_164,state_165,state_166,state_167,state_168,state_169,state_170,state_171,state_172,state_173,state_174,state_175,state_176,state_177,state_178,state_179,state_180,state_181,state_182,state_183,state_184,state_185,state_186,state_187,state_188,state_189,state_190,state_191,state_192,state_193,state_194,state_195,state_196,state_197,state_198,state_199,state_200,state_201,state_202,state_203,state_204,state_205,state_206,state_207,state_208,state_209,state_210,state_211,state_212,state_213,state_214,state_215,state_216,state_217,state_218,state_219,state_220,state_221,state_222,state_223,state_224,state_225,state_226,state_227,state_228,state_229,state_230,state_231,state_232,state_233,state_234,state_235,state_236,state_237,state_238,state_239,state_240,state_241,state_242,state_243,state_244,state_245,state_246,state_247,state_248,state_249,state_250,state_251,state_252,state_253,state_254,state_255,state_256,state_257,state_258,state_259,state_260,state_261,state_262,state_263,state_264,state_265,state_266,state_267,state_268,state_269,state_270,state_271,state_272,state_273,state_274,state_275,state_276,state_277,state_278,state_279,state_280,state_281,state_282,state_283,state_284,state_285,state_286,state_287
{'img': array([[[ 0.        ,  0.23337665,  0.46085699, ...,  0.23337665,
         -0.10121409,  0.46085699],
        [-0.23337665,  0.        ,  0.24101527, ...,  0.        ,
         -0.33059739,  0.24101527],
        [-0.46085699, -0.24101527,  0.        , ..., -0.24101527,
         -0.54831525,  0.        ],
        ...,
        [-0.23337665,  0.        ,  0.24101527, ...,  0.        ,
         -0.33059739,  0.24101527],
        [ 0.10121409,  0.33059739,  0.54831525, ...,  0.33059739,
          0.        ,  0.54831525],
        [-0.46085699, -0.24101527,  0.        , ..., -0.24101527,
         -0.54831525,  0.        ]],

       [[ 0.        ,  0.10910141, -0.27832806, ..., -0.5551663 ,
         -0.15613978,  0.52349921],
        [-0.10910141,  0.        , -0.381457  , ..., -0.64259623,
         -0.262971  ,  0.42741699],
        [ 0.27832806,  0.381457  ,  0.        , ..., -0.30173308,
          0.12494428,  0.73995649],
        ...,
        [ 0.5551663 ,  0.64259623,  0.30173308, ...,  0.        ,
          0.41848956,  0.90843111],
        [ 0.15613978,  0.262971  , -0.12494428, ..., -0.41848956,
          0.        ,  0.65011365],
        [-0.52349921, -0.42741699, -0.73995649, ..., -0.90843111,
         -0.65011365,  0.        ]],

       [[ 0.        ,  0.34605136,  0.74831432, ...,  0.89986594,
          0.99914182,  0.96653515],
        [-0.34605136,  0.        ,  0.47252894, ...,  0.6933322 ,
          0.92307692,  0.8180443 ],
        [-0.74831432, -0.47252894,  0.        , ...,  0.27053125,
          0.63177978,  0.44917735],
        ...,
        [-0.89986594, -0.6933322 , -0.27053125, ...,  0.        ,
          0.39851972,  0.19072391],
        [-0.99914182, -0.92307692, -0.63177978, ..., -0.39851972,
          0.        , -0.21628008],
        [-0.96653515, -0.8180443 , -0.44917735, ..., -0.19072391,
          0.21628008,  0.        ]],

       ...,

       [[ 0.        ,  0.48670855, -0.28056965, ...,  0.83255061,
         -0.33379482, -0.42296554],
        [-0.48670855,  0.        , -0.71225492, ...,  0.45767488,
         -0.75038502, -0.81051654],
        [ 0.28056965,  0.71225492,  0.        , ...,  0.95453138,
         -0.05590972, -0.15173956],
        ...,
        [-0.83255061, -0.45767488, -0.95453138, ...,  0.        ,
         -0.9697056 , -0.98871355],
        [ 0.33379482,  0.75038502,  0.05590972, ...,  0.9697056 ,
          0.        , -0.09623991],
        [ 0.42296554,  0.81051654,  0.15173956, ...,  0.98871355,
          0.09623991,  0.        ]],

       [[ 0.        ,  0.50220883,  0.99982893, ...,  0.5866772 ,
          0.65349139,  0.818489  ],
        [-0.50220883,  0.        ,  0.87388742, ...,  0.10062778,
          0.1849654 ,  0.41925527],
        [-0.99982893, -0.87388742,  0.        , ..., -0.82053368,
         -0.7688916 , -0.5895629 ],
        ...,
        [-0.5866772 , -0.10062778,  0.82053368, ...,  0.        ,
          0.08513509,  0.32577042],
        [-0.65349139, -0.1849654 ,  0.7688916 , ..., -0.08513509,
          0.        ,  0.2440968 ],
        [-0.818489  , -0.41925527,  0.5895629 , ..., -0.32577042,
         -0.2440968 ,  0.        ]],

       [[ 0.        ,  0.31994374,  0.41632611, ...,  0.73171073,
          0.71024106,  0.66685631],
        [-0.31994374,  0.        ,  0.10354481, ...,  0.91132803,
          0.89813547,  0.87022174],
        [-0.41632611, -0.10354481,  0.        , ...,  0.94905688,
          0.93883841,  0.91655652],
        ...,
        [-0.73171073, -0.91132803, -0.94905688, ...,  0.        ,
          0.03098285,  0.09072137],
        [-0.71024106, -0.89813547, -0.93883841, ..., -0.03098285,
          0.        ,  0.05982273],
        [-0.66685631, -0.87022174, -0.91655652, ..., -0.09072137,
         -0.05982273,  0.        ]]]), 'num': array([7.06134541e-01, 7.06134541e-01, 0.00000000e+00, 8.23232228e-04,
       8.28554851e-04, 7.85086770e-04, 5.23740166e-02, 4.25809773e-05,
       7.87038398e-04, 7.72667318e-04, 7.66945499e-04, 1.27975615e-06,
       8.05169712e-04, 7.40164923e-04])}
{'img': array([[[ 0.        ,  0.06318243, -0.40750326, ..., -0.12726084,
          0.06318243,  0.99728162],
        [-0.06318243,  0.        , -0.4643875 , ..., -0.18967528,
          0.        ,  0.9999446 ],
        [ 0.40750326,  0.4643875 ,  0.        , ...,  0.28797489,
          0.4643875 ,  0.88069476],
        ...,
        [ 0.12726084,  0.18967528, -0.28797489, ...,  0.        ,
          0.18967528,  0.9797959 ],
        [-0.06318243,  0.        , -0.4643875 , ..., -0.18967528,
          0.        ,  0.9999446 ],
        [-0.99728162, -0.9999446 , -0.88069476, ..., -0.9797959 ,
         -0.9999446 ,  0.        ]],

       [[ 0.        , -0.24693355, -0.24545804, ..., -0.1665608 ,
          0.2458045 ,  0.84963482],
        [ 0.24693355,  0.        ,  0.00152236, ...,  0.08208137,
          0.47755002,  0.69309796],
        [ 0.24545804, -0.00152236,  0.        , ...,  0.08056404,
          0.47621191,  0.69419455],
        ...,
        [ 0.1665608 , -0.08208137, -0.08056404, ...,  0.        ,
          0.40382152,  0.74992701],
        [-0.2458045 , -0.47755002, -0.47621191, ..., -0.40382152,
          0.        ,  0.95319781],
        [-0.84963482, -0.69309796, -0.69419455, ..., -0.74992701,
         -0.95319781,  0.        ]],

       [[ 0.        ,  0.30712791,  0.21327299, ...,  0.48769982,
          0.46853369,  0.99730299],
        [-0.30712791,  0.        , -0.09709658, ...,  0.19600227,
          0.17455782,  0.92656009],
        [-0.21327299,  0.09709658,  0.        , ...,  0.29028939,
          0.26933888,  0.95870462],
        ...,
        [-0.48769982, -0.19600227, -0.29028939, ...,  0.        ,
         -0.02182103,  0.83486239],
        [-0.46853369, -0.17455782, -0.26933888, ...,  0.02182103,
          0.        ,  0.84667517],
        [-0.99730299, -0.92656009, -0.95870462, ..., -0.83486239,
         -0.84667517,  0.        ]],

       ...,

       [[ 0.        , -0.66189014, -0.94293619, ..., -0.70122334,
         -0.76439048,  0.55137297],
        [ 0.66189014,  0.        , -0.48643391, ..., -0.05374856,
         -0.14623172,  0.96549736],
        [ 0.94293619,  0.48643391,  0.        , ...,  0.43876973,
          0.35343974,  0.97024545],
        ...,
        [ 0.70122334,  0.05374856, -0.43876973, ...,  0.        ,
         -0.09284956,  0.97809855],
        [ 0.76439048,  0.14623172, -0.35343974, ...,  0.09284956,
          0.        ,  0.99319923],
        [-0.55137297, -0.96549736, -0.97024545, ..., -0.97809855,
         -0.99319923,  0.        ]],

       [[ 0.        ,  0.31740106,  0.05775909, ...,  0.09545839,
          0.19954127,  0.9972911 ],
        [-0.31740106,  0.        , -0.26209873, ..., -0.22542926,
         -0.12179467,  0.96906928],
        [-0.05775909,  0.26209873,  0.        , ...,  0.03780369,
          0.14261063,  0.99987469],
        ...,
        [-0.09545839,  0.22542926, -0.03780369, ...,  0.        ,
          0.10509139,  0.99975841],
        [-0.19954127,  0.12179467, -0.14261063, ..., -0.10509139,
          0.        ,  0.99191243],
        [-0.9972911 , -0.96906928, -0.99987469, ..., -0.99975841,
         -0.99191243,  0.        ]],

       [[ 0.        ,  0.27742539,  0.83995826, ...,  0.71807274,
          0.67446302,  0.79981888],
        [-0.27742539,  0.        ,  0.65644236, ...,  0.88296557,
          0.85281401,  0.93494595],
        [-0.83995826, -0.65644236,  0.        , ...,  0.97424702,
          0.98614647,  0.93820026],
        ...,
        [-0.71807274, -0.88296557, -0.97424702, ...,  0.        ,
          0.06075457, -0.12563139],
        [-0.67446302, -0.85281401, -0.98614647, ..., -0.06075457,
          0.        , -0.18567253],
        [-0.79981888, -0.93494595, -0.93820026, ...,  0.12563139,
          0.18567253,  0.        ]]]), 'num': array([ 7.06914583e-01,  7.06914583e-01,  0.00000000e+00,  8.17925039e-04,
        8.33022461e-04,  8.17036956e-04,  2.32051106e-02, -6.21658553e-06,
        7.95190098e-04,  7.76806767e-04,  7.68443979e-04,  1.19358442e-06,
        8.13125370e-04,  7.40488163e-04])}
{'img': array([[[ 0.        , -0.4643875 , -0.44322021, ...,  0.        ,
          0.9999446 ,  0.85808447],
        [ 0.4643875 ,  0.        ,  0.02375282, ...,  0.4643875 ,
          0.88069476,  0.99841412],
        [ 0.44322021, -0.02375282,  0.        , ...,  0.44322021,
          0.89169762,  0.99679525],
        ...,
        [ 0.        , -0.4643875 , -0.44322021, ...,  0.        ,
          0.9999446 ,  0.85808447],
        [-0.9999446 , -0.88069476, -0.89169762, ..., -0.9999446 ,
          0.        , -0.52251257],
        [-0.85808447, -0.99841412, -0.99679525, ..., -0.85808447,
          0.52251257,  0.        ]],

       [[ 0.        ,  0.00152236, -0.04024215, ...,  0.47755002,
          0.69309796,  0.48624968],
        [-0.00152236,  0.        , -0.04176324, ...,  0.47621191,
          0.69419455,  0.48491885],
        [ 0.04024215,  0.04176324,  0.        , ...,  0.51252012,
          0.66352823,  0.52102019],
        ...,
        [-0.47755002, -0.47621191, -0.51252012, ...,  0.        ,
          0.95319781,  0.00992847],
        [-0.69309796, -0.69419455, -0.66352823, ..., -0.95319781,
          0.        , -0.95615268],
        [-0.48624968, -0.48491885, -0.52102019, ..., -0.00992847,
          0.95615268,  0.        ]],

       [[ 0.        , -0.07772123, -0.1621123 , ...,  0.13440522,
          0.55921346,  0.98739088],
        [ 0.07772123,  0.        , -0.08492877, ...,  0.21101468,
          0.62195466,  0.99670751],
        [ 0.1621123 ,  0.08492877,  0.        , ...,  0.29326871,
          0.6862113 ,  0.99999255],
        ...,
        [-0.13440522, -0.21101468, -0.29326871, ...,  0.        ,
          0.4427143 ,  0.95715524],
        [-0.55921346, -0.62195466, -0.6862113 , ..., -0.4427143 ,
          0.        ,  0.7300463 ],
        [-0.98739088, -0.99670751, -0.99999255, ..., -0.95715524,
         -0.7300463 ,  0.        ]],

       ...,

       [[ 0.        , -0.48643391, -0.46571659, ..., -0.14623172,
          0.96549736,  0.50552447],
        [ 0.48643391,  0.        ,  0.0235572 , ...,  0.35343974,
          0.97024545,  0.86138666],
        [ 0.46571659, -0.0235572 ,  0.        , ...,  0.3313049 ,
          0.97567995,  0.84918175],
        ...,
        [ 0.14623172, -0.35343974, -0.3313049 , ...,  0.        ,
          0.99319923,  0.62626079],
        [-0.96549736, -0.97024545, -0.97567995, ..., -0.99319923,
          0.        , -0.70139791],
        [-0.50552447, -0.86138666, -0.84918175, ..., -0.62626079,
          0.70139791,  0.        ]],

       [[ 0.        , -0.20604821, -0.51764674, ..., -0.09391239,
          0.58480444,  0.99969779],
        [ 0.20604821,  0.        , -0.33024529, ...,  0.11324037,
          0.73939663,  0.97318079],
        [ 0.51764674,  0.33024529,  0.        , ...,  0.43500806,
          0.92025717,  0.84261047],
        ...,
        [ 0.09391239, -0.11324037, -0.43500806, ...,  0.        ,
          0.65839919,  0.99297092],
        [-0.58480444, -0.73939663, -0.92025717, ..., -0.65839919,
          0.        ,  0.82530553],
        [-0.99969779, -0.97318079, -0.84261047, ..., -0.99297092,
         -0.82530553,  0.        ]],

       [[ 0.        ,  0.81918187,  0.99671847, ...,  0.68015347,
          0.8057627 ,  0.8213893 ],
        [-0.81918187,  0.        ,  0.50534205, ...,  0.99060848,
          0.94728324,  0.93832965],
        [-0.99671847, -0.50534205,  0.        , ...,  0.78572003,
          0.65551855,  0.63498468],
        ...,
        [-0.68015347, -0.99060848, -0.78572003, ...,  0.        ,
         -0.18786716, -0.21419789],
        [-0.8057627 , -0.94728324, -0.65551855, ...,  0.18786716,
          0.        , -0.02687716],
        [-0.8213893 , -0.93832965, -0.63498468, ...,  0.21419789,
          0.02687716,  0.        ]]]), 'num': array([ 7.07020057e-01,  7.07020057e-01,  0.00000000e+00,  8.14494212e-04,
        8.22488157e-04,  8.10053131e-04,  1.54989277e-02, -3.55286461e-06,
        8.02414472e-04,  7.80253479e-04,  7.69106366e-04,  1.15190532e-06,
        8.17518249e-04,  7.42988709e-04])}
{'img': array([[[ 0.00000000e+00,  2.37528234e-02, -8.80694765e-01, ...,
          8.80694765e-01,  9.98414124e-01,  9.79876049e-01],
        [-2.37528234e-02,  0.00000000e+00, -8.91697625e-01, ...,
          8.91697625e-01,  9.96795245e-01,  9.74858360e-01],
        [ 8.80694765e-01,  8.91697625e-01,  0.00000000e+00, ...,
          0.00000000e+00,  5.22512575e-01,  6.39944596e-01],
        ...,
        [-8.80694765e-01, -8.91697625e-01, -0.00000000e+00, ...,
          0.00000000e+00, -5.22512575e-01, -6.39944596e-01],
        [-9.98414124e-01, -9.96795245e-01, -5.22512575e-01, ...,
          5.22512575e-01,  0.00000000e+00, -1.44127309e-01],
        [-9.79876049e-01, -9.74858360e-01, -6.39944596e-01, ...,
          6.39944596e-01,  1.44127309e-01,  0.00000000e+00]],

       [[ 0.00000000e+00, -4.17632391e-02,  1.12958382e-01, ...,
          6.94194547e-01,  4.84918846e-01,  1.16695890e-01],
        [ 4.17632391e-02,  0.00000000e+00,  1.54355772e-01, ...,
          6.63528233e-01,  5.21020194e-01,  1.58071976e-01],
        [-1.12958382e-01, -1.54355772e-01,  0.00000000e+00, ...,
          7.71057530e-01,  3.83026442e-01,  3.76238749e-03],
        ...,
        [-6.94194547e-01, -6.63528233e-01, -7.71057530e-01, ...,
          0.00000000e+00, -9.56152681e-01, -7.73447831e-01],
        [-4.84918846e-01, -5.21020194e-01, -3.83026442e-01, ...,
          9.56152681e-01,  0.00000000e+00, -3.79548273e-01],
        [-1.16695890e-01, -1.58071976e-01, -3.76238749e-03, ...,
          7.73447831e-01,  3.79548273e-01,  0.00000000e+00]],

       [[ 0.00000000e+00, -7.39017156e-02, -3.45755067e-01, ...,
          5.13750202e-01,  7.74224626e-01,  9.97978965e-01],
        [ 7.39017156e-02,  0.00000000e+00, -2.75465797e-01, ...,
          5.75748592e-01,  8.18880735e-01,  9.90553925e-01],
        [ 3.45755067e-01,  2.75465797e-01,  0.00000000e+00, ...,
          7.78701595e-01,  9.45306325e-01,  9.14457357e-01],
        ...,
        [-5.13750202e-01, -5.75748592e-01, -7.78701595e-01, ...,
          0.00000000e+00,  3.39080023e-01,  8.88852224e-01],
        [-7.74224626e-01, -8.18880735e-01, -9.45306325e-01, ...,
         -3.39080023e-01,  0.00000000e+00,  6.80830001e-01],
        [-9.97978965e-01, -9.90553925e-01, -9.14457357e-01, ...,
         -8.88852224e-01, -6.80830001e-01,  0.00000000e+00]],

       ...,

       [[ 0.00000000e+00,  2.35571961e-02, -7.68563429e-04, ...,
          9.70245450e-01,  8.61386662e-01,  7.56403477e-01],
        [-2.35571961e-02,  0.00000000e+00, -2.43255393e-02, ...,
          9.75679948e-01,  8.49181746e-01,  7.40784681e-01],
        [ 7.68563429e-04,  2.43255393e-02,  0.00000000e+00, ...,
          9.70059076e-01,  8.61776799e-01,  7.56905976e-01],
        ...,
        [-9.70245450e-01, -9.75679948e-01, -9.70059076e-01, ...,
          0.00000000e+00, -7.01397914e-01, -8.17785740e-01],
        [-8.61386662e-01, -8.49181746e-01, -8.61776799e-01, ...,
          7.01397914e-01,  0.00000000e+00, -1.79222595e-01],
        [-7.56403477e-01, -7.40784681e-01, -7.56905976e-01, ...,
          8.17785740e-01,  1.79222595e-01,  0.00000000e+00]],

       [[ 0.00000000e+00, -3.03623213e-01, -4.83379734e-01, ...,
          6.57925670e-01,  9.32097882e-01,  9.47567000e-01],
        [ 3.03623213e-01,  0.00000000e+00, -1.94765399e-01, ...,
          8.55519877e-01,  9.98069873e-01,  8.05809458e-01],
        [ 4.83379734e-01,  1.94765399e-01,  0.00000000e+00, ...,
          9.39980222e-01,  9.91051808e-01,  6.75042909e-01],
        ...,
        [-6.57925670e-01, -8.55519877e-01, -9.39980222e-01, ...,
          0.00000000e+00,  4.63642005e-01,  9.23841339e-01],
        [-9.32097882e-01, -9.98069873e-01, -9.91051808e-01, ...,
         -4.63642005e-01,  0.00000000e+00,  6.41073469e-01],
        [-9.47567000e-01, -8.05809458e-01, -6.75042909e-01, ...,
         -9.23841339e-01, -6.41073469e-01,  0.00000000e+00]],

       [[ 0.00000000e+00,  9.27465338e-01,  9.93517238e-01, ...,
          8.76322338e-01,  8.91038787e-01,  8.08648939e-01],
        [-9.27465338e-01,  0.00000000e+00,  2.66049468e-01, ...,
          7.74448352e-01,  7.54169270e-01,  8.47981210e-01],
        [-9.93517238e-01, -2.66049468e-01,  0.00000000e+00, ...,
          5.78223977e-01,  5.52279157e-01,  6.76406226e-01],
        ...,
        [-8.76322338e-01, -7.74448352e-01, -5.78223977e-01, ...,
          0.00000000e+00, -3.14493072e-02,  1.25986419e-01],
        [-8.91038787e-01, -7.54169270e-01, -5.52279157e-01, ...,
          3.14493072e-02,  0.00000000e+00,  1.57122818e-01],
        [-8.08648939e-01, -8.47981210e-01, -6.76406226e-01, ...,
         -1.25986419e-01, -1.57122818e-01,  0.00000000e+00]]]), 'num': array([ 7.06979043e-01,  7.06979043e-01,  0.00000000e+00,  7.97571835e-04,
        8.22440444e-04,  7.93131012e-04,  1.88742977e-02, -1.68751279e-05,
        8.07164013e-04,  7.82961527e-04,  7.69653860e-04,  1.03827696e-06,
        8.16639132e-04,  7.49283921e-04])}
{'img': array([[[ 0.        , -0.89169762, -0.14718608, ...,  0.99679525,
          0.97485836,  0.74931322],
        [ 0.89169762,  0.        ,  0.81536491, ...,  0.52251257,
          0.6399446 ,  0.92965904],
        [ 0.14718608, -0.81536491,  0.        , ...,  0.99771315,
          0.99703781,  0.83862125],
        ...,
        [-0.99679525, -0.52251257, -0.99771315, ...,  0.        ,
         -0.14412731, -0.60015202],
        [-0.97485836, -0.6399446 , -0.99703781, ...,  0.14412731,
          0.        , -0.47860052],
        [-0.74931322, -0.92965904, -0.83862125, ...,  0.60015202,
          0.47860052,  0.        ]],

       [[ 0.        ,  0.15435577, -0.29862806, ...,  0.52102019,
          0.15807198,  0.33297337],
        [-0.15435577,  0.        , -0.44236155, ...,  0.38302644,
          0.00376239,  0.18343515],
        [ 0.29862806,  0.44236155,  0.        , ...,  0.75213811,
          0.44573267,  0.59936687],
        ...,
        [-0.52102019, -0.38302644, -0.75213811, ...,  0.        ,
         -0.37954827, -0.20708128],
        [-0.15807198, -0.00376239, -0.44573267, ...,  0.37954827,
          0.        ,  0.1797353 ],
        [-0.33297337, -0.18343515, -0.59936687, ...,  0.20708128,
         -0.1797353 ,  0.        ]],

       [[ 0.        , -0.25814713, -0.42132314, ...,  0.74457616,
          0.93098254,  0.9780034 ],
        [ 0.25814713,  0.        , -0.17292629, ...,  0.8916621 ,
          0.99366761,  0.89100794],
        [ 0.42132314,  0.17292629,  0.        , ...,  0.956513  ,
          0.99812771,  0.79907828],
        ...,
        [-0.74457616, -0.8916621 , -0.956513  , ...,  0.        ,
          0.34964805,  0.80816433],
        [-0.93098254, -0.99366761, -0.99812771, ..., -0.34964805,
          0.        ,  0.55122623],
        [-0.9780034 , -0.89100794, -0.79907828, ..., -0.80816433,
         -0.55122623,  0.        ]],

       ...,

       [[ 0.        , -0.02432554,  0.14862603, ...,  0.84918175,
          0.74078468,  0.41282914],
        [ 0.02432554,  0.        ,  0.17263742, ...,  0.8617768 ,
          0.75690598,  0.43486289],
        [-0.14862603, -0.17263742,  0.        , ...,  0.76126077,
          0.63271871,  0.27287419],
        ...,
        [-0.84918175, -0.8617768 , -0.76126077, ...,  0.        ,
         -0.17922259, -0.55542658],
        [-0.74078468, -0.75690598, -0.63271871, ...,  0.17922259,
          0.        , -0.39739808],
        [-0.41282914, -0.43486289, -0.27287419, ...,  0.55542658,
          0.39739808,  0.        ]],

       [[ 0.        , -0.1947654 , -0.22656483, ...,  0.99806987,
          0.80580946,  0.94549293],
        [ 0.1947654 ,  0.        , -0.03252535, ...,  0.99105181,
          0.67504291,  0.86396268],
        [ 0.22656483,  0.03252535,  0.        , ...,  0.98618604,
          0.65068925,  0.84712724],
        ...,
        [-0.99806987, -0.99105181, -0.98618604, ...,  0.        ,
          0.64107347,  0.38373012],
        [-0.80580946, -0.67504291, -0.65068925, ..., -0.64107347,
          0.        , -0.29749127],
        [-0.94549293, -0.86396268, -0.84712724, ..., -0.38373012,
          0.29749127,  0.        ]],

       [[ 0.        ,  0.78366267,  0.89632967, ...,  0.97874488,
          0.9162199 ,  0.39329909],
        [-0.78366267,  0.        ,  0.2093212 , ...,  0.76869803,
          0.88313822,  0.96481989],
        [-0.89632967, -0.2093212 ,  0.        , ...,  0.61778469,
          0.76537873,  0.99847917],
        ...,
        [-0.97874488, -0.76869803, -0.61778469, ...,  0.        ,
          0.20425954,  0.81920999],
        [-0.9162199 , -0.88313822, -0.76537873, ..., -0.20425954,
          0.        ,  0.68479684],
        [-0.39329909, -0.96481989, -0.99847917, ..., -0.81920999,
         -0.68479684,  0.        ]]]), 'num': array([8.28691764e-01, 5.59494274e-01, 5.93599756e-06, 9.41249962e-04,
       9.47476533e-04, 9.30872344e-04, 1.51403222e-02, 9.33985630e-06,
       9.48721847e-04, 9.17433329e-04, 9.00120003e-04, 1.29896716e-06,
       9.56563830e-04, 8.78302828e-04])}
{'img': array([[[ 0.        ,  0.81536491,  0.96475278, ...,  0.6399446 ,
          0.92965904,  0.82991172],
        [-0.81536491,  0.        ,  0.34397137, ...,  0.99703781,
          0.83862125,  0.935363  ],
        [-0.96475278, -0.34397137,  0.        , ...,  0.90974282,
          0.60008235,  0.75662832],
        ...,
        [-0.6399446 , -0.99703781, -0.90974282, ...,  0.        ,
         -0.47860052, -0.28069992],
        [-0.92965904, -0.83862125, -0.60008235, ...,  0.47860052,
          0.        ,  0.21289494],
        [-0.82991172, -0.935363  , -0.75662832, ...,  0.28069992,
         -0.21289494,  0.        ]],

       [[ 0.        , -0.44236155, -0.19560158, ...,  0.00376239,
          0.18343515, -0.15148296],
        [ 0.44236155,  0.        ,  0.25839395, ...,  0.44573267,
          0.59936687,  0.30140115],
        [ 0.19560158, -0.25839395,  0.        , ...,  0.19928991,
          0.37217439,  0.04478749],
        ...,
        [-0.00376239, -0.44573267, -0.19928991, ...,  0.        ,
          0.1797353 , -0.15520085],
        [-0.18343515, -0.59936687, -0.37217439, ..., -0.1797353 ,
          0.        , -0.33023085],
        [ 0.15148296, -0.30140115, -0.04478749, ...,  0.15520085,
          0.33023085,  0.        ]],

       [[ 0.        , -0.16433258, -0.25350496, ...,  0.95966265,
          0.9991293 ,  0.86846487],
        [ 0.16433258,  0.        , -0.09109405, ...,  0.9928188 ,
          0.99240224,  0.77519009],
        [ 0.25350496,  0.09109405,  0.        , ...,  0.99958834,
          0.9770683 ,  0.71442041],
        ...,
        [-0.95966265, -0.9928188 , -0.99958834, ...,  0.        ,
          0.24087117,  0.71992584],
        [-0.9991293 , -0.99240224, -0.9770683 , ..., -0.24087117,
          0.        ,  0.53155226],
        [-0.86846487, -0.77519009, -0.71442041, ..., -0.71992584,
         -0.53155226,  0.        ]],

       ...,

       [[ 0.        ,  0.17263742,  0.3694471 , ...,  0.75690598,
          0.43486289,  0.64828675],
        [-0.17263742,  0.        ,  0.20347639, ...,  0.63271871,
          0.27287419,  0.50710752],
        [-0.3694471 , -0.20347639,  0.        , ...,  0.46191375,
          0.07141122,  0.32112596],
        ...,
        [-0.75690598, -0.63271871, -0.46191375, ...,  0.        ,
         -0.39739808, -0.15263458],
        [-0.43486289, -0.27287419, -0.07141122, ...,  0.39739808,
          0.        ,  0.25267708],
        [-0.64828675, -0.50710752, -0.32112596, ...,  0.15263458,
         -0.25267708,  0.        ]],

       [[ 0.        , -0.03193412, -0.10785046, ...,  0.8849369 ,
          0.93050547,  0.66585874],
        [ 0.03193412,  0.        , -0.07604759, ...,  0.86961349,
          0.91833412,  0.6416938 ],
        [ 0.10785046,  0.07604759,  0.        , ...,  0.82954804,
          0.8855747 ,  0.58151004],
        ...,
        [-0.8849369 , -0.86961349, -0.82954804, ...,  0.        ,
         -0.10921366,  0.3501341 ],
        [-0.93050547, -0.91833412, -0.8855747 , ...,  0.10921366,
          0.        ,  0.45034009],
        [-0.66585874, -0.6416938 , -0.58151004, ..., -0.3501341 ,
         -0.45034009,  0.        ]],

       [[ 0.        ,  0.60613317,  0.941983  , ...,  0.98437028,
          0.63422528,  0.        ],
        [-0.60613317,  0.        ,  0.54576359, ...,  0.88967871,
          0.97307026,  0.60613317],
        [-0.941983  , -0.54576359,  0.        , ...,  0.49630804,
          0.94117698,  0.941983  ],
        ...,
        [-0.98437028, -0.88967871, -0.49630804, ...,  0.        ,
          0.64937003,  0.98437028],
        [-0.63422528, -0.97307026, -0.94117698, ..., -0.64937003,
          0.        ,  0.63422528],
        [-0.        , -0.60613317, -0.941983  , ..., -0.98437028,
         -0.63422528,  0.        ]]]), 'num': array([9.04721345e-01, 4.25631305e-01, 1.05063605e-05, 1.03030116e-03,
       1.03820917e-03, 1.02013372e-03, 1.75803044e-02, 5.64858093e-06,
       1.02917144e-03, 1.00115448e-03, 9.81365621e-04, 1.42541371e-06,
       1.04511540e-03, 9.57193570e-04])}
{'img': array([[[ 0.        ,  0.34397137,  0.28118981, ...,  0.83862125,
          0.935363  ,  0.97404593],
        [-0.34397137,  0.        , -0.06606122, ...,  0.60008235,
          0.75662832,  0.83675172],
        [-0.28118981,  0.06606122,  0.        , ...,  0.65161641,
          0.79816933,  0.87109786],
        ...,
        [-0.83862125, -0.60008235, -0.65161641, ...,  0.        ,
          0.21289494,  0.34075511],
        [-0.935363  , -0.75662832, -0.79816933, ..., -0.21289494,
          0.        ,  0.13278972],
        [-0.97404593, -0.83675172, -0.87109786, ..., -0.34075511,
         -0.13278972,  0.        ]],

       [[ 0.        ,  0.25839395,  0.41771883, ...,  0.59936687,
          0.30140115,  0.35398862],
        [-0.25839395,  0.        ,  0.16876231, ...,  0.37217439,
          0.04478749,  0.10030416],
        [-0.41771883, -0.16876231,  0.        , ...,  0.21019731,
         -0.12444787, -0.06904573],
        ...,
        [-0.59936687, -0.37217439, -0.21019731, ...,  0.        ,
         -0.33023085, -0.27719885],
        [-0.30140115, -0.04478749,  0.12444787, ...,  0.33023085,
          0.        ,  0.0556419 ],
        [-0.35398862, -0.10030416,  0.06904573, ...,  0.27719885,
         -0.0556419 ,  0.        ]],

       [[ 0.        , -0.09109405, -0.03710528, ...,  0.99240224,
          0.77519009,  0.9677391 ],
        [ 0.09109405,  0.        ,  0.05408032, ...,  0.9770683 ,
          0.71442041,  0.94076397],
        [ 0.03710528, -0.05408032,  0.        , ...,  0.98715356,
          0.75121582,  0.95772384],
        ...,
        [-0.99240224, -0.9770683 , -0.98715356, ...,  0.        ,
          0.53155226,  0.13097368],
        [-0.77519009, -0.71442041, -0.75121582, ..., -0.53155226,
          0.        , -0.41603535],
        [-0.9677391 , -0.94076397, -0.95772384, ..., -0.13097368,
          0.41603535,  0.        ]],

       ...,

       [[ 0.        ,  0.20347639, -0.1101979 , ...,  0.27287419,
          0.50710752,  0.53520178],
        [-0.20347639,  0.        , -0.31012969, ...,  0.07141122,
          0.32112596,  0.35212385],
        [ 0.1101979 ,  0.31012969,  0.        , ...,  0.37722816,
          0.59899674,  0.62502906],
        ...,
        [-0.27287419, -0.07141122, -0.37722816, ...,  0.        ,
          0.25267708,  0.28438728],
        [-0.50710752, -0.32112596, -0.59899674, ..., -0.25267708,
          0.        ,  0.03291519],
        [-0.53520178, -0.35212385, -0.62502906, ..., -0.28438728,
         -0.03291519,  0.        ]],

       [[ 0.        , -0.07292072, -0.03797682, ...,  0.98279295,
          0.93786158,  0.62083857],
        [ 0.07292072,  0.        ,  0.0349924 , ...,  0.96670727,
          0.91006056,  0.56202038],
        [ 0.03797682, -0.0349924 ,  0.        , ...,  0.97506926,
          0.92400671,  0.59061922],
        ...,
        [-0.98279295, -0.96670727, -0.97506926, ...,  0.        ,
          0.16780557,  0.65577368],
        [-0.93786158, -0.91006056, -0.92400671, ..., -0.16780557,
          0.        ,  0.5197888 ],
        [-0.62083857, -0.56202038, -0.59061922, ..., -0.65577368,
         -0.5197888 ,  0.        ]],

       [[ 0.        ,  0.86049179,  0.86234849, ...,  0.73899183,
          0.40167693,  0.        ],
        [-0.86049179,  0.        ,  0.00365571, ...,  0.95621566,
          0.99266247,  0.86049179],
        [-0.86234849, -0.00365571,  0.        , ...,  0.95513938,
          0.99309788,  0.86234849],
        ...,
        [-0.73899183, -0.95621566, -0.95513938, ...,  0.        ,
          0.40613948,  0.73899183],
        [-0.40167693, -0.99266247, -0.99309788, ..., -0.40613948,
          0.        ,  0.40167693],
        [-0.        , -0.86049179, -0.86234849, ..., -0.73899183,
         -0.40167693,  0.        ]]]), 'num': array([ 7.51701439e-01,  6.59318555e-01,  2.05067446e-06,  8.47549399e-04,
        8.63540897e-04,  8.42846018e-04,  1.54377407e-02, -1.03474399e-05,
        8.53193458e-04,  8.34897302e-04,  8.17902416e-04,  1.18689366e-06,
        8.71583560e-04,  7.98211045e-04])}
{'img': array([[[ 0.        , -0.06606122, -0.02188713, ...,  0.75662832,
          0.83675172,  0.65375519],
        [ 0.06606122,  0.        ,  0.04420607, ...,  0.79816933,
          0.87109786,  0.70231604],
        [ 0.02188713, -0.04420607,  0.        , ...,  0.77075786,
          0.84853628,  0.67016071],
        ...,
        [-0.75662832, -0.79816933, -0.77075786, ...,  0.        ,
          0.13278972, -0.14509056],
        [-0.83675172, -0.87109786, -0.84853628, ..., -0.13278972,
          0.        , -0.27519026],
        [-0.65375519, -0.70231604, -0.67016071, ...,  0.14509056,
          0.27519026,  0.        ]],

       [[ 0.        ,  0.16876231,  0.32137043, ...,  0.04478749,
          0.10030416,  0.14615788],
        [-0.16876231,  0.        ,  0.15695088, ..., -0.12444787,
         -0.06904573, -0.02288851],
        [-0.32137043, -0.15695088,  0.        , ..., -0.27863628,
         -0.22476632, -0.1795146 ],
        ...,
        [-0.04478749,  0.12444787,  0.27863628, ...,  0.        ,
          0.0556419 ,  0.10170469],
        [-0.10030416,  0.06904573,  0.22476632, ..., -0.0556419 ,
          0.        ,  0.04619376],
        [-0.14615788,  0.02288851,  0.1795146 , ..., -0.10170469,
         -0.04619376,  0.        ]],

       [[ 0.        ,  0.05408032,  0.11271613, ...,  0.71442041,
          0.94076397,  0.99220781],
        [-0.05408032,  0.        ,  0.0588155 , ...,  0.75121582,
          0.95772384,  0.99749389],
        [-0.11271613, -0.0588155 ,  0.        , ...,  0.78873693,
          0.97298648,  0.99992845],
        ...,
        [-0.71442041, -0.75121582, -0.78873693, ...,  0.        ,
         -0.41603535, -0.60525191],
        [-0.94076397, -0.95772384, -0.97298648, ...,  0.41603535,
          0.        , -0.21920661],
        [-0.99220781, -0.99749389, -0.99992845, ...,  0.60525191,
          0.21920661,  0.        ]],

       ...,

       [[ 0.        , -0.31012969,  0.04853174, ...,  0.32112596,
          0.35212385,  0.35212385],
        [ 0.31012969,  0.        ,  0.35590309, ...,  0.59899674,
          0.62502906,  0.62502906],
        [-0.04853174, -0.35590309,  0.        , ...,  0.27478623,
          0.30628547,  0.30628547],
        ...,
        [-0.32112596, -0.59899674, -0.27478623, ...,  0.        ,
          0.03291519,  0.03291519],
        [-0.35212385, -0.62502906, -0.30628547, ..., -0.03291519,
          0.        ,  0.        ],
        [-0.35212385, -0.62502906, -0.30628547, ..., -0.03291519,
          0.        ,  0.        ]],

       [[ 0.        ,  0.03440719,  0.09676338, ...,  0.94379026,
          0.80579714,  0.55424908],
        [-0.03440719,  0.        ,  0.06246035, ...,  0.95460457,
          0.82569568,  0.58255977],
        [-0.09676338, -0.06246035,  0.        , ...,  0.97134609,
          0.85931834,  0.6321893 ],
        ...,
        [-0.94379026, -0.95460457, -0.97134609, ...,  0.        ,
          0.29255258,  0.60236043],
        [-0.80579714, -0.82569568, -0.85931834, ..., -0.29255258,
          0.        ,  0.34248426],
        [-0.55424908, -0.58255977, -0.6321893 , ..., -0.60236043,
         -0.34248426,  0.        ]],

       [[ 0.        ,  0.01277063,  0.07655553, ...,  0.84114124,
          0.73338668,  0.29130928],
        [-0.01277063,  0.        ,  0.06381614, ...,  0.84797921,
          0.7420085 ,  0.30350228],
        [-0.07655553, -0.06381614,  0.        , ...,  0.88007518,
          0.78327778,  0.36368961],
        ...,
        [-0.84114124, -0.84797921, -0.88007518, ...,  0.        ,
          0.17519079,  0.64711547],
        [-0.73338668, -0.7420085 , -0.78327778, ..., -0.17519079,
          0.        ,  0.50354346],
        [-0.29130928, -0.30350228, -0.36368961, ..., -0.64711547,
         -0.50354346,  0.        ]]]), 'num': array([ 9.79339877e-01,  2.01257298e-01,  1.75639408e-05,  1.10054113e-03,
        1.12289975e-03,  1.09805684e-03,  1.94718519e-02, -1.86321862e-05,
        1.11892489e-03,  1.10296331e-03,  1.08039767e-03,  1.41083220e-06,
        1.15111293e-03,  1.05481370e-03])}
{'img': array([[[ 0.        ,  0.04420607, -0.13687988, ...,  0.87109786,
          0.70231604,  0.43357217],
        [-0.04420607,  0.        , -0.18053606, ...,  0.84853628,
          0.67016071,  0.3933134 ],
        [ 0.13687988,  0.18053606,  0.        , ...,  0.93012179,
          0.79314563,  0.55283628],
        ...,
        [-0.87109786, -0.84853628, -0.93012179, ...,  0.        ,
         -0.27519026, -0.5720313 ],
        [-0.70231604, -0.67016071, -0.79314563, ...,  0.27519026,
          0.        , -0.32422524],
        [-0.43357217, -0.3933134 , -0.55283628, ...,  0.5720313 ,
          0.32422524,  0.        ]],

       [[ 0.        ,  0.15695088, -0.15987108, ..., -0.06904573,
         -0.02288851, -0.06272225],
        [-0.15695088,  0.        , -0.31282186, ..., -0.22476632,
         -0.1795146 , -0.21858674],
        [ 0.15987108,  0.31282186,  0.        , ...,  0.09133189,
          0.13723508,  0.09764079],
        ...,
        [ 0.06904573,  0.22476632, -0.09133189, ...,  0.        ,
          0.04619376,  0.00633722],
        [ 0.02288851,  0.1795146 , -0.13723508, ..., -0.04619376,
          0.        , -0.03986237],
        [ 0.06272225,  0.21858674, -0.09764079, ..., -0.00633722,
          0.03986237,  0.        ]],

       [[ 0.        ,  0.0588155 ,  0.23237783, ...,  0.95772384,
          0.99749389,  0.98372642],
        [-0.0588155 ,  0.        ,  0.17477009, ...,  0.97298648,
          0.99992845,  0.97145592],
        [-0.23237783, -0.17477009,  0.        , ...,  0.9983593 ,
          0.98662945,  0.91504551],
        ...,
        [-0.95772384, -0.97298648, -0.9983593 , ...,  0.        ,
         -0.21920661, -0.45508438],
        [-0.99749389, -0.99992845, -0.98662945, ...,  0.21920661,
          0.        , -0.24882388],
        [-0.98372642, -0.97145592, -0.91504551, ...,  0.45508438,
          0.24882388,  0.        ]],

       ...,

       [[ 0.        ,  0.35590309,  0.13724403, ...,  0.62502906,
          0.62502906,  0.28485383],
        [-0.35590309,  0.        , -0.22427759, ...,  0.30628547,
          0.30628547, -0.07495595],
        [-0.13724403,  0.22427759,  0.        , ...,  0.51198169,
          0.51198169,  0.1506002 ],
        ...,
        [-0.62502906, -0.30628547, -0.51198169, ...,  0.        ,
          0.        , -0.37677739],
        [-0.62502906, -0.30628547, -0.51198169, ...,  0.        ,
          0.        , -0.37677739],
        [-0.28485383,  0.07495595, -0.1506002 , ...,  0.37677739,
          0.37677739,  0.        ]],

       [[ 0.        ,  0.06234112,  0.07211768, ...,  0.83561447,
          0.67275221,  0.58166357],
        [-0.06234112,  0.        ,  0.00979861, ...,  0.86823411,
          0.71756783,  0.63124227],
        [-0.07211768, -0.00979861,  0.        , ...,  0.87305406,
          0.724358  ,  0.63881164],
        ...,
        [-0.83561447, -0.86823411, -0.87305406, ...,  0.        ,
          0.24869051,  0.36019613],
        [-0.67275221, -0.71756783, -0.724358  , ..., -0.24869051,
          0.        ,  0.11688229],
        [-0.58166357, -0.63124227, -0.63881164, ..., -0.36019613,
         -0.11688229,  0.        ]],

       [[ 0.        ,  0.06272057,  0.10442564, ...,  0.80932059,
          0.62042829,  0.29855068],
        [-0.06272057,  0.        ,  0.04184239, ...,  0.84456715,
          0.66839618,  0.35782299],
        [-0.10442564, -0.04184239,  0.        , ...,  0.86623198,
          0.69893341,  0.3965816 ],
        ...,
        [-0.80932059, -0.84456715, -0.86623198, ...,  0.        ,
          0.27030114,  0.59705168],
        [-0.62042829, -0.66839618, -0.69893341, ..., -0.27030114,
          0.        ,  0.35799059],
        [-0.29855068, -0.35782299, -0.3965816 , ..., -0.59705168,
         -0.35799059,  0.        ]]]), 'num': array([ 9.67294938e-01,  2.52046898e-01,  1.67309483e-05,  1.07718078e-03,
