state_0,state_1,state_2,state_3,state_4,state_5,state_6,state_7,state_8,state_9,state_10,state_11,state_12,state_13,state_14,state_15,state_16,state_17,state_18,state_19,state_20,state_21,state_22,state_23,state_24,state_25,state_26,state_27,state_28,state_29,state_30,state_31,state_32,state_33,state_34,state_35,state_36,state_37,state_38,state_39,state_40,state_41,state_42,state_43,state_44,state_45,state_46,state_47,state_48,state_49,state_50,state_51,state_52,state_53,state_54,state_55,state_56,state_57,state_58,state_59,state_60,state_61,state_62,state_63,state_64,state_65,state_66,state_67,state_68,state_69,state_70,state_71,state_72,state_73,state_74,state_75,state_76,state_77,state_78,state_79,state_80,state_81,state_82,state_83,state_84,state_85,state_86,state_87,state_88,state_89,state_90,state_91,state_92,state_93,state_94,state_95,state_96,state_97,state_98,state_99,state_100,state_101,state_102,state_103,state_104,state_105,state_106,state_107,state_108,state_109,state_110,state_111,state_112,state_113,state_114,state_115,state_116,state_117,state_118,state_119,state_120,state_121,state_122,state_123,state_124,state_125,state_126,state_127,state_128,state_129,state_130,state_131,state_132,state_133,state_134,state_135,state_136,state_137,state_138,state_139,state_140,state_141,state_142,state_143,state_144,state_145,state_146,state_147,state_148,state_149,state_150,state_151,state_152,state_153,state_154,state_155,state_156,state_157,state_158,state_159,state_160,state_161,state_162,state_163,state_164,state_165,state_166,state_167,state_168,state_169,state_170,state_171,state_172,state_173,state_174,state_175,state_176,state_177,state_178,state_179,state_180,state_181,state_182,state_183,state_184,state_185,state_186,state_187,state_188,state_189,state_190,state_191,state_192,state_193,state_194,state_195,state_196,state_197,state_198,state_199,state_200,state_201,state_202,state_203,state_204,state_205,state_206,state_207,state_208,state_209,state_210,state_211,state_212,state_213,state_214,state_215,state_216,state_217,state_218,state_219,state_220,state_221,state_222,state_223,state_224,state_225,state_226,state_227,state_228,state_229,state_230,state_231,state_232,state_233,state_234,state_235,state_236,state_237,state_238,state_239,state_240,state_241,state_242,state_243,state_244,state_245,state_246,state_247,state_248,state_249,state_250,state_251,state_252,state_253,state_254,state_255,state_256,state_257,state_258,state_259,state_260,state_261,state_262,state_263,state_264,state_265,state_266,state_267,state_268,state_269,state_270,state_271,state_272,state_273,state_274,state_275,state_276,state_277,state_278,state_279,state_280,state_281,state_282,state_283,state_284,state_285,state_286,state_287
{'img': array([[[ 0.00000000e+00, -4.06018270e-01, -4.06018270e-01, ...,
          3.56549957e-01,  3.92045471e-01,  3.92045471e-01],
        [ 4.06018270e-01,  0.00000000e+00,  0.00000000e+00, ...,
          7.05171743e-01,  7.31791437e-01,  7.31791437e-01],
        [ 4.06018270e-01,  0.00000000e+00,  0.00000000e+00, ...,
          7.05171743e-01,  7.31791437e-01,  7.31791437e-01],
        ...,
        [-3.56549957e-01, -7.05171743e-01, -7.05171743e-01, ...,
          0.00000000e+00,  3.82721258e-02,  3.82721258e-02],
        [-3.92045471e-01, -7.31791437e-01, -7.31791437e-01, ...,
         -3.82721258e-02,  0.00000000e+00,  0.00000000e+00],
        [-3.92045471e-01, -7.31791437e-01, -7.31791437e-01, ...,
         -3.82721258e-02,  0.00000000e+00,  0.00000000e+00]],

       [[ 0.00000000e+00, -1.18093766e-01, -2.70363771e-01, ...,
         -3.43399781e-01, -5.60406466e-01, -4.84681230e-01],
        [ 1.18093766e-01,  0.00000000e+00, -1.54776141e-01, ...,
         -2.30084419e-01, -4.58677643e-01, -3.77994111e-01],
        [ 2.70363771e-01,  1.54776141e-01,  0.00000000e+00, ...,
         -7.66882011e-02, -3.15615877e-01, -2.30146129e-01],
        ...,
        [ 3.43399781e-01,  2.30084419e-01,  7.66882011e-02, ...,
          0.00000000e+00, -2.41917987e-01, -1.54838788e-01],
        [ 5.60406466e-01,  4.58677643e-01,  3.15615877e-01, ...,
          2.41917987e-01,  0.00000000e+00,  8.87608311e-02],
        [ 4.84681230e-01,  3.77994111e-01,  2.30146129e-01, ...,
          1.54838788e-01, -8.87608311e-02,  0.00000000e+00]],

       [[ 0.00000000e+00, -1.42904140e-01, -2.97275304e-01, ...,
          5.00480080e-01,  3.86903739e-01,  2.95516120e-01],
        [ 1.42904140e-01,  0.00000000e+00, -1.57780527e-01, ...,
          6.19062400e-01,  5.14707547e-01,  4.29004820e-01],
        [ 2.97275304e-01,  1.57780527e-01,  0.00000000e+00, ...,
          7.35219795e-01,  6.43536056e-01,  5.66154691e-01],
        ...,
        [-5.00480080e-01, -6.19062400e-01, -7.35219795e-01, ...,
          0.00000000e+00, -1.26541587e-01, -2.22285010e-01],
        [-3.86903739e-01, -5.14707547e-01, -6.43536056e-01, ...,
          1.26541587e-01,  0.00000000e+00, -9.71223919e-02],
        [-2.95516120e-01, -4.29004820e-01, -5.66154691e-01, ...,
          2.22285010e-01,  9.71223919e-02,  0.00000000e+00]],

       ...,

       [[ 0.00000000e+00, -6.78163374e-01, -3.36600992e-01, ...,
          4.87234342e-01,  5.69365199e-01, -2.19903285e-01],
        [ 6.78163374e-01,  0.00000000e+00,  3.91218927e-01, ...,
          9.50294549e-01,  9.75940589e-01,  4.99953691e-01],
        [ 3.36600992e-01, -3.91218927e-01,  0.00000000e+00, ...,
          7.52746910e-01,  8.12855772e-01,  1.21290214e-01],
        ...,
        [-4.87234342e-01, -9.50294549e-01, -7.52746910e-01, ...,
          0.00000000e+00,  9.66623626e-02, -6.67342882e-01],
        [-5.69365199e-01, -9.75940589e-01, -8.12855772e-01, ...,
         -9.66623626e-02,  0.00000000e+00, -7.36207223e-01],
        [ 2.19903285e-01, -4.99953691e-01, -1.21290214e-01, ...,
          6.67342882e-01,  7.36207223e-01,  0.00000000e+00]],

       [[ 0.00000000e+00, -2.34307778e-01, -5.56651888e-01, ...,
         -8.10084530e-01, -8.16998583e-01, -8.09729212e-01],
        [ 2.34307778e-01,  0.00000000e+00, -3.46505858e-01, ...,
         -6.50156056e-01, -6.59144197e-01, -6.49695674e-01],
        [ 5.56651888e-01,  3.46505858e-01,  0.00000000e+00, ...,
         -3.46602071e-01, -3.57730622e-01, -3.46033789e-01],
        ...,
        [ 8.10084530e-01,  6.50156056e-01,  3.46602071e-01, ...,
          0.00000000e+00, -1.18900921e-02,  6.05767806e-04],
        [ 8.16998583e-01,  6.59144197e-01,  3.57730622e-01, ...,
          1.18900921e-02,  0.00000000e+00,  1.24958149e-02],
        [ 8.09729212e-01,  6.49695674e-01,  3.46033789e-01, ...,
         -6.05767806e-04, -1.24958149e-02,  0.00000000e+00]],

       [[ 0.00000000e+00, -2.34582643e-01, -4.15787173e-01, ...,
          7.08681752e-01,  6.13595398e-01,  5.24932391e-01],
        [ 2.34582643e-01,  0.00000000e+00, -1.90841136e-01, ...,
          8.54411516e-01,  7.81705029e-01,  7.09948364e-01],
        [ 4.15787173e-01,  1.90841136e-01,  0.00000000e+00, ...,
          9.37868698e-01,  8.86355779e-01,  8.31300760e-01],
        ...,
        [-7.08681752e-01, -8.54411516e-01, -9.37868698e-01, ...,
          0.00000000e+00, -1.26680794e-01, -2.32835515e-01],
        [-6.13595398e-01, -7.81705029e-01, -8.86355779e-01, ...,
          1.26680794e-01,  0.00000000e+00, -1.07760568e-01],
        [-5.24932391e-01, -7.09948364e-01, -8.31300760e-01, ...,
          2.32835515e-01,  1.07760568e-01,  0.00000000e+00]]]), 'num': array([ 7.07104977e-01,  7.07104977e-01,  0.00000000e+00,  5.62329426e-05,
        5.71157204e-05,  5.59681093e-05,  2.25298123e-03, -2.64833325e-07,
        5.65860537e-05,  5.90534175e-05,  5.85472916e-05,  1.96983465e-07,
        6.32413490e-05,  5.48654860e-05])}
{'img': array([[[ 0.        ,  0.        , -0.36956837, ...,  0.73179144,
          0.73179144,  0.69130063],
        [ 0.        ,  0.        , -0.36956837, ...,  0.73179144,
          0.73179144,  0.69130063],
        [ 0.36956837,  0.36956837,  0.        , ...,  0.93185463,
          0.93185463,  0.909397  ],
        ...,
        [-0.73179144, -0.73179144, -0.93185463, ...,  0.        ,
          0.        , -0.05762735],
        [-0.73179144, -0.73179144, -0.93185463, ...,  0.        ,
          0.        , -0.05762735],
        [-0.69130063, -0.69130063, -0.909397  , ...,  0.05762735,
          0.05762735,  0.        ]],

       [[ 0.        , -0.15477614, -0.03331014, ..., -0.45867764,
         -0.37799411, -0.33992762],
        [ 0.15477614,  0.        ,  0.12178152, ..., -0.31561588,
         -0.23014613, -0.19027187],
        [ 0.03331014, -0.12178152,  0.        , ..., -0.42882363,
         -0.34694556, -0.30841241],
        ...,
        [ 0.45867764,  0.31561588,  0.42882363, ...,  0.        ,
          0.08876083,  0.12930352],
        [ 0.37799411,  0.23014613,  0.34694556, ..., -0.08876083,
          0.        ,  0.04077746],
        [ 0.33992762,  0.19027187,  0.30841241, ..., -0.12930352,
         -0.04077746,  0.        ]],

       [[ 0.        , -0.15778053, -0.45352374, ...,  0.51470755,
          0.42900482,  0.4162122 ],
        [ 0.15778053,  0.        , -0.30722202, ...,  0.64353606,
          0.56615469,  0.55446351],
        [ 0.45352374,  0.30722202,  0.        , ...,  0.84756586,
          0.79201705,  0.78332111],
        ...,
        [-0.51470755, -0.64353606, -0.84756586, ...,  0.        ,
         -0.09712239, -0.11116074],
        [-0.42900482, -0.56615469, -0.79201705, ...,  0.09712239,
          0.        , -0.01411475],
        [-0.4162122 , -0.55446351, -0.78332111, ...,  0.11116074,
          0.01411475,  0.        ]],

       ...,

       [[ 0.        ,  0.39121893,  0.70598354, ...,  0.97594059,
          0.49995369,  0.59792184],
        [-0.39121893,  0.        ,  0.37264269, ...,  0.81285577,
          0.12129021,  0.23668281],
        [-0.70598354, -0.37264269,  0.        , ...,  0.53725843,
         -0.25733723, -0.14241908],
        ...,
        [-0.97594059, -0.81285577, -0.53725843, ...,  0.        ,
         -0.73620722, -0.65190063],
        [-0.49995369, -0.12129021,  0.25733723, ...,  0.73620722,
          0.        ,  0.11709141],
        [-0.59792184, -0.23668281,  0.14241908, ...,  0.65190063,
         -0.11709141,  0.        ]],

       [[ 0.        , -0.5160022 , -0.60845401, ..., -0.80082807,
         -0.79301522, -0.77534284],
        [ 0.5160022 ,  0.        , -0.11170022, ..., -0.37694834,
         -0.36493726, -0.33827248],
        [ 0.60845401,  0.11170022,  0.        , ..., -0.27112881,
         -0.25865697, -0.23104027],
        ...,
        [ 0.80082807,  0.37694834,  0.27112881, ...,  0.        ,
          0.01293362,  0.04140699],
        [ 0.79301522,  0.36493726,  0.25865697, ..., -0.01293362,
          0.        ,  0.028481  ],
        [ 0.77534284,  0.33827248,  0.23104027, ..., -0.04140699,
         -0.028481  ,  0.        ]],

       [[ 0.        , -0.19084114, -0.47250192, ...,  0.78170503,
          0.70994836,  0.63371199],
        [ 0.19084114,  0.        , -0.29562383, ...,  0.88635578,
          0.83130076,  0.76969376],
        [ 0.47250192,  0.29562383,  0.        , ...,  0.98361485,
          0.95845978,  0.92402204],
        ...,
        [-0.78170503, -0.88635578, -0.98361485, ...,  0.        ,
         -0.10776057, -0.2094894 ],
        [-0.70994836, -0.83130076, -0.95845978, ...,  0.10776057,
          0.        , -0.10290006],
        [-0.63371199, -0.76969376, -0.92402204, ...,  0.2094894 ,
          0.10290006,  0.        ]]]), 'num': array([7.07096408e-01, 7.07096408e-01, 0.00000000e+00, 5.66736447e-05,
       5.91453924e-05, 5.64970912e-05, 5.41421336e-03, 4.41383525e-07,
       5.64441252e-05, 5.89114591e-05, 5.85966055e-05, 2.13572674e-07,
       6.32185211e-05, 5.46043972e-05])}
{'img': array([[[ 0.        , -0.36956837,  0.30843692, ...,  0.73179144,
          0.69130063,  0.75697132],
        [ 0.36956837,  0.        ,  0.63815067, ...,  0.93185463,
          0.909397  ,  0.94487418],
        [-0.30843692, -0.63815067,  0.        , ...,  0.4859042 ,
          0.43472971,  0.51851751],
        ...,
        [-0.73179144, -0.93185463, -0.4859042 , ...,  0.        ,
         -0.05762735,  0.03770991],
        [-0.69130063, -0.909397  , -0.43472971, ...,  0.05762735,
          0.        ,  0.09523361],
        [-0.75697132, -0.94487418, -0.51851751, ..., -0.03770991,
         -0.09523361,  0.        ]],

       [[ 0.        ,  0.12178152,  0.12501329, ..., -0.23014613,
         -0.19027187,  0.16067599],
        [-0.12178152,  0.        ,  0.00325666, ..., -0.34694556,
         -0.30841241,  0.03928083],
        [-0.12501329, -0.00325666,  0.        , ..., -0.34999809,
         -0.31150867,  0.03602648],
        ...,
        [ 0.23014613,  0.34694556,  0.34999809, ...,  0.        ,
          0.04077746,  0.3835187 ],
        [ 0.19027187,  0.30841241,  0.31150867, ..., -0.04077746,
          0.        ,  0.34554038],
        [-0.16067599, -0.03928083, -0.03602648, ..., -0.3835187 ,
         -0.34554038,  0.        ]],

       [[ 0.        , -0.30722202, -0.40527371, ...,  0.56615469,
          0.55446351,  0.52247302],
        [ 0.30722202,  0.        , -0.10481286, ...,  0.79201705,
          0.78332111,  0.75915975],
        [ 0.40527371,  0.10481286,  0.        , ...,  0.85164273,
          0.84416003,  0.82320142],
        ...,
        [-0.56615469, -0.79201705, -0.85164273, ...,  0.        ,
         -0.01411475, -0.0520611 ],
        [-0.55446351, -0.78332111, -0.84416003, ...,  0.01411475,
          0.        , -0.0379603 ],
        [-0.52247302, -0.75915975, -0.82320142, ...,  0.0520611 ,
          0.0379603 ,  0.        ]],

       ...,

       [[ 0.        ,  0.6268641 ,  0.93200729, ...,  0.33136391,
          0.48171434,  0.5970455 ],
        [-0.6268641 ,  0.        ,  0.49895322, ..., -0.33327307,
         -0.17402133, -0.03769978],
        [-0.93200729, -0.49895322,  0.        , ..., -0.75925232,
         -0.64215205, -0.53127023],
        ...,
        [-0.33136391,  0.33327307,  0.75925232, ...,  0.        ,
          0.16411536,  0.29749166],
        [-0.48171434,  0.17402133,  0.64215205, ..., -0.16411536,
          0.        ,  0.13677307],
        [-0.5970455 ,  0.03769978,  0.53127023, ..., -0.29749166,
         -0.13677307,  0.        ]],

       [[ 0.        , -0.3621095 , -0.6815815 , ..., -0.67968385,
         -0.65275453, -0.66237476],
        [ 0.3621095 ,  0.        , -0.37035555, ..., -0.36794829,
         -0.3341326 , -0.34614053],
        [ 0.6815815 ,  0.37035555,  0.        , ...,  0.00259021,
          0.03869732,  0.02593466],
        ...,
        [ 0.67968385,  0.36794829, -0.00259021, ...,  0.        ,
          0.03610892,  0.02334524],
        [ 0.65275453,  0.3341326 , -0.03869732, ..., -0.03610892,
          0.        , -0.01276906],
        [ 0.66237476,  0.34614053, -0.02593466, ..., -0.02334524,
          0.01276906,  0.        ]],

       [[ 0.        , -0.29562383, -0.45322661, ...,  0.83130076,
          0.76969376,  0.71818466],
        [ 0.29562383,  0.        , -0.16945169, ...,  0.95845978,
          0.92402204,  0.89179559],
        [ 0.45322661,  0.16945169,  0.        , ...,  0.99293133,
          0.97544731,  0.95556535],
        ...,
        [-0.83130076, -0.95845978, -0.99293133, ...,  0.        ,
         -0.10290006, -0.17927932],
        [-0.76969376, -0.92402204, -0.97544731, ...,  0.10290006,
          0.        , -0.07709475],
        [-0.71818466, -0.89179559, -0.95556535, ...,  0.17927932,
          0.07709475,  0.        ]]]), 'num': array([ 9.69135491e-01,  2.46507149e-01,  1.15068207e-04,  7.72534041e-05,
        7.93446587e-05,  7.72534041e-05,  3.24963738e-03, -1.72220965e-06,
        7.84097449e-05,  8.16819432e-05,  8.16962950e-05,  3.41708263e-07,
        8.78233357e-05,  7.55405507e-05])}
{'img': array([[[ 0.        ,  0.63815067,  0.56802855, ...,  0.909397  ,
          0.94487418,  0.81799788],
        [-0.63815067,  0.        , -0.08787193, ...,  0.43472971,
          0.51851751,  0.26270816],
        [-0.56802855,  0.08787193,  0.        , ...,  0.51218211,
          0.59164816,  0.34647741],
        ...,
        [-0.909397  , -0.43472971, -0.51218211, ...,  0.        ,
          0.09523361, -0.18287526],
        [-0.94487418, -0.51851751, -0.59164816, ..., -0.09523361,
          0.        , -0.27567168],
        [-0.81799788, -0.26270816, -0.34647741, ...,  0.18287526,
          0.27567168,  0.        ]],

       [[ 0.        ,  0.00325666, -0.0841819 , ..., -0.30841241,
          0.03928083, -0.29023322],
        [-0.00325666,  0.        , -0.08742655, ..., -0.31150867,
          0.03602648, -0.29334816],
        [ 0.0841819 ,  0.08742655,  0.        , ..., -0.2272394 ,
          0.12325833, -0.20864464],
        ...,
        [ 0.30841241,  0.31150867,  0.2272394 , ...,  0.        ,
          0.34554038,  0.01905194],
        [-0.03928083, -0.03602648, -0.12325833, ..., -0.34554038,
          0.        , -0.32759925],
        [ 0.29023322,  0.29334816,  0.20864464, ..., -0.01905194,
          0.32759925,  0.        ]],

       [[ 0.        , -0.10481286, -0.34873941, ...,  0.78332111,
          0.75915975,  0.72689715],
        [ 0.10481286,  0.        , -0.24858586, ...,  0.84416003,
          0.82320142,  0.79487323],
        [ 0.34873941,  0.24858586,  0.        , ...,  0.95092644,
          0.93849549,  0.92075787],
        ...,
        [-0.78332111, -0.84416003, -0.95092644, ...,  0.        ,
         -0.0379603 , -0.08609107],
        [-0.75915975, -0.82320142, -0.93849549, ...,  0.0379603 ,
          0.        , -0.04820965],
        [-0.72689715, -0.79487323, -0.92075787, ...,  0.08609107,
          0.04820965,  0.        ]],

       ...,

       [[ 0.        ,  0.5370019 , -0.09834682, ..., -0.21448584,
         -0.04413135,  0.19116912],
        [-0.5370019 ,  0.        , -0.61736214, ..., -0.7054405 ,
         -0.57370709, -0.36583139],
        [ 0.09834682,  0.61736214,  0.        , ..., -0.11738806,
          0.0543336 ,  0.28677539],
        ...,
        [ 0.21448584,  0.7054405 ,  0.11738806, ...,  0.        ,
          0.1711726 ,  0.39725016],
        [ 0.04413135,  0.57370709, -0.0543336 , ..., -0.1711726 ,
          0.        ,  0.23430031],
        [-0.19116912,  0.36583139, -0.28677539, ..., -0.39725016,
         -0.23430031,  0.        ]],

       [[ 0.        , -0.60978352, -0.83999679, ..., -0.57336157,
         -0.58558543, -0.67966586],
        [ 0.60978352,  0.        , -0.33489131, ...,  0.0451691 ,
          0.03018077, -0.09139187],
        [ 0.83999679,  0.33489131,  0.        , ...,  0.37711039,
          0.36317679,  0.24737518],
        ...,
        [ 0.57336157, -0.0451691 , -0.37711039, ...,  0.        ,
         -0.01499856, -0.13627866],
        [ 0.58558543, -0.03018077, -0.36317679, ...,  0.01499856,
          0.        , -0.1214047 ],
        [ 0.67966586,  0.09139187, -0.24737518, ...,  0.13627866,
          0.1214047 ,  0.        ]],

       [[ 0.        , -0.16945169, -0.43715959, ...,  0.92402204,
          0.89179559,  0.83253356],
        [ 0.16945169,  0.        , -0.27843548, ...,  0.97544731,
          0.95556535,  0.9143658 ],
        [ 0.43715959,  0.27843548,  0.        , ...,  0.99819385,
          0.99985449,  0.99094264],
        ...,
        [-0.92402204, -0.97544731, -0.99819385, ...,  0.        ,
         -0.07709475, -0.19357453],
        [-0.89179559, -0.95556535, -0.99985449, ...,  0.07709475,
          0.        , -0.11736186],
        [-0.83253356, -0.9143658 , -0.99094264, ...,  0.19357453,
          0.11736186,  0.        ]]]), 'num': array([9.91540011e-01, 1.29789206e-01, 1.35922848e-04, 7.91395771e-05,
       7.98885321e-05, 7.86402737e-05, 1.76014408e-03, 7.48954988e-07,
       7.94141939e-05, 8.25410810e-05, 8.29613279e-05, 4.68096868e-07,
       8.88037436e-05, 7.62784184e-05])}
{'img': array([[[ 0.        , -0.33632055,  0.59827835, ...,  0.68451966,
          0.40059162,  0.53933235],
        [ 0.33632055,  0.        ,  0.83291692, ...,  0.88982052,
          0.68541214,  0.79112811],
        [-0.59827835, -0.83291692,  0.        , ...,  0.11235607,
         -0.22718715, -0.07164528],
        ...,
        [-0.68451966, -0.88982052, -0.11235607, ...,  0.        ,
         -0.33516669, -0.18325895],
        [-0.40059162, -0.68541214,  0.22718715, ...,  0.33516669,
          0.        ,  0.15683149],
        [-0.53933235, -0.79112811,  0.07164528, ...,  0.18325895,
         -0.15683149,  0.        ]],

       [[ 0.        , -0.07613124,  0.48124402, ...,  0.03236165,
         -0.22787181, -0.47830021],
        [ 0.07613124,  0.        ,  0.54658298, ...,  0.1083591 ,
         -0.15308217, -0.41005391],
        [-0.48124402, -0.54658298,  0.        , ..., -0.45262416,
         -0.66833243, -0.84189835],
        ...,
        [-0.03236165, -0.1083591 ,  0.45262416, ...,  0.        ,
         -0.25926272, -0.50646958],
        [ 0.22787181,  0.15308217,  0.66833243, ...,  0.25926272,
          0.        , -0.26560047],
        [ 0.47830021,  0.41005391,  0.84189835, ...,  0.50646958,
          0.26560047,  0.        ]],

       [[ 0.        , -0.24858586,  0.26139285, ...,  0.82320142,
          0.79487323,  0.77668752],
        [ 0.24858586,  0.        ,  0.49313084, ...,  0.93849549,
          0.92075787,  0.90888797],
        [-0.26139285, -0.49313084,  0.        , ...,  0.64617512,
          0.60863069,  0.58503631],
        ...,
        [-0.82320142, -0.93849549, -0.64617512, ...,  0.        ,
         -0.04820965, -0.07755923],
        [-0.79487323, -0.92075787, -0.60863069, ...,  0.04820965,
          0.        , -0.02940461],
        [-0.77668752, -0.90888797, -0.58503631, ...,  0.07755923,
          0.02940461,  0.        ]],

       ...,

       [[ 0.        , -0.61736214,  0.26163825, ..., -0.57370709,
         -0.36583139,  0.09359602],
        [ 0.61736214,  0.        ,  0.80168229, ...,  0.0543336 ,
          0.28677539,  0.6882821 ],
        [-0.26163825, -0.80168229,  0.        , ..., -0.76802015,
         -0.59658981, -0.17015403],
        ...,
        [ 0.57370709, -0.0543336 ,  0.76802015, ...,  0.        ,
          0.23430031,  0.64784947],
        [ 0.36583139, -0.28677539,  0.59658981, ..., -0.23430031,
          0.        ,  0.45133353],
        [-0.09359602, -0.6882821 ,  0.17015403, ..., -0.64784947,
         -0.45133353,  0.        ]],

       [[ 0.        , -0.47518065, -0.79577973, ...,  0.06494015,
         -0.15743724, -0.32394734],
        [ 0.47518065,  0.        , -0.41243441, ...,  0.53131769,
          0.3307275 ,  0.16451913],
        [ 0.79577973,  0.41243441,  0.        , ...,  0.83342683,
          0.69051375,  0.55668937],
        ...,
        [-0.06494015, -0.53131769, -0.83342683, ...,  0.        ,
         -0.22123519, -0.38470179],
        [ 0.15743724, -0.3307275 , -0.69051375, ...,  0.22123519,
          0.        , -0.17095994],
        [ 0.32394734, -0.16451913, -0.55668937, ...,  0.38470179,
          0.17095994,  0.        ]],

       [[ 0.        , -0.27843548,  0.10849668, ...,  0.95556535,
          0.9143658 ,  0.87927672],
        [ 0.27843548,  0.        ,  0.38099799, ...,  0.99985449,
          0.99094264,  0.97712763],
        [-0.10849668, -0.38099799,  0.        , ...,  0.91794189,
          0.86503901,  0.82240799],
        ...,
        [-0.95556535, -0.99985449, -0.91794189, ...,  0.        ,
         -0.11736186, -0.19595397],
        [-0.9143658 , -0.99094264, -0.86503901, ...,  0.11736186,
          0.        , -0.0795132 ],
        [-0.87927672, -0.97712763, -0.82240799, ...,  0.19595397,
          0.0795132 ,  0.        ]]]), 'num': array([ 9.51698552e-01,  3.07011376e-01,  1.03315252e-04,  7.55965262e-05,
        7.71714538e-05,  7.48696365e-05,  3.71777416e-03, -1.21148279e-06,
        7.66868607e-05,  7.97640270e-05,  8.05312994e-05,  3.09314755e-07,
        8.60405836e-05,  7.34874704e-05])}
{'img': array([[[ 0.        ,  0.83291692,  0.59215342, ...,  0.68541214,
          0.79112811,  0.59215342],
        [-0.83291692,  0.        , -0.34348892, ..., -0.22718715,
         -0.07164528, -0.34348892],
        [-0.59215342,  0.34348892,  0.        , ...,  0.12114273,
          0.27532007,  0.        ],
        ...,
        [-0.68541214,  0.22718715, -0.12114273, ...,  0.        ,
          0.15683149, -0.12114273],
        [-0.79112811,  0.07164528, -0.27532007, ..., -0.15683149,
          0.        , -0.27532007],
        [-0.59215342,  0.34348892,  0.        , ...,  0.12114273,
          0.27532007,  0.        ]],

       [[ 0.        ,  0.54658298,  0.07794829, ..., -0.15308217,
         -0.41005391, -0.10998236],
        [-0.54658298,  0.        , -0.47964567, ..., -0.66833243,
         -0.84189835, -0.63536693],
        [-0.07794829,  0.47964567,  0.        , ..., -0.22964596,
         -0.4798999 , -0.18712315],
        ...,
        [ 0.15308217,  0.66833243,  0.22964596, ...,  0.        ,
         -0.26560047,  0.04346745],
        [ 0.41005391,  0.84189835,  0.4798999 , ...,  0.26560047,
          0.        ,  0.30725568],
        [ 0.10998236,  0.63536693,  0.18712315, ..., -0.04346745,
         -0.30725568,  0.        ]],

       [[ 0.        ,  0.49313084,  0.60238421, ...,  0.92075787,
          0.90888797,  0.8724019 ],
        [-0.49313084,  0.        ,  0.13042712, ...,  0.60863069,
          0.58503631,  0.51791349],
        [-0.60238421, -0.13042712,  0.        , ...,  0.49994383,
          0.47426155,  0.40191776],
        ...,
        [-0.92075787, -0.60863069, -0.49994383, ...,  0.        ,
         -0.02940461, -0.10970243],
        [-0.90888797, -0.58503631, -0.47426155, ...,  0.02940461,
          0.        , -0.08042785],
        [-0.8724019 , -0.51791349, -0.40191776, ...,  0.10970243,
          0.08042785,  0.        ]],

       ...,

       [[ 0.        ,  0.80168229,  0.59486788, ...,  0.28677539,
          0.6882821 ,  0.15079165],
        [-0.80168229,  0.        , -0.28882856, ..., -0.59658981,
         -0.17015403, -0.70237974],
        [-0.59486788,  0.28882856,  0.        , ..., -0.33936535,
          0.12171451, -0.46685603],
        ...,
        [-0.28677539,  0.59658981,  0.33936535, ...,  0.        ,
          0.45133353, -0.1390382 ],
        [-0.6882821 ,  0.17015403, -0.12171451, ..., -0.45133353,
          0.        , -0.57102122],
        [-0.15079165,  0.70237974,  0.46685603, ...,  0.1390382 ,
          0.57102122,  0.        ]],

       [[ 0.        , -0.41243441, -0.85279303, ...,  0.3307275 ,
          0.16451913,  0.0944554 ],
        [ 0.41243441,  0.        , -0.56149014, ...,  0.69051375,
          0.55668937,  0.49663813],
        [ 0.85279303,  0.56149014,  0.        , ...,  0.97752532,
          0.92709273,  0.89830951],
        ...,
        [-0.3307275 , -0.69051375, -0.97752532, ...,  0.        ,
         -0.17095994, -0.2401088 ],
        [-0.16451913, -0.55668937, -0.92709273, ...,  0.17095994,
          0.        , -0.07061524],
        [-0.0944554 , -0.49663813, -0.89830951, ...,  0.2401088 ,
          0.07061524,  0.        ]],

       [[ 0.        ,  0.38099799,  0.65245659, ...,  0.99094264,
          0.97712763,  0.94398428],
        [-0.38099799,  0.        ,  0.3145154 , ...,  0.86503901,
          0.82240799,  0.74705939],
        [-0.65245659, -0.3145154 ,  0.        , ...,  0.6633465 ,
          0.60174551,  0.50007149],
        ...,
        [-0.99094264, -0.86503901, -0.6633465 , ...,  0.        ,
         -0.0795132 , -0.20023785],
        [-0.97712763, -0.82240799, -0.60174551, ...,  0.0795132 ,
          0.        , -0.12170101],
        [-0.94398428, -0.74705939, -0.50007149, ...,  0.20023785,
          0.12170101,  0.        ]]]), 'num': array([9.54432664e-01, 2.98392574e-01, 1.04464982e-04, 7.59657353e-05,
       7.72963453e-05, 7.47560898e-05, 4.48368398e-03, 4.83858187e-07,
       7.63528218e-05, 7.91047653e-05, 8.04373914e-05, 3.56527085e-07,
       8.46520021e-05, 7.35575285e-05])}
{'img': array([[[ 0.        , -0.69352755,  0.22211982, ..., -0.09802936,
         -0.69352755, -0.34154565],
        [ 0.69352755,  0.        ,  0.83622461, ...,  0.61956388,
          0.        ,  0.40576263],
        [-0.22211982, -0.83622461,  0.        , ..., -0.31663052,
         -0.83622461, -0.54177632],
        ...,
        [ 0.09802936, -0.61956388,  0.31663052, ...,  0.        ,
         -0.61956388, -0.24776622],
        [ 0.69352755,  0.        ,  0.83622461, ...,  0.61956388,
          0.        ,  0.40576263],
        [ 0.34154565, -0.40576263,  0.54177632, ...,  0.24776622,
         -0.40576263,  0.        ]],

       [[ 0.        , -0.47964567,  0.87838767, ..., -0.84189835,
         -0.63536693, -0.59134677],
        [ 0.47964567,  0.        ,  0.99999813, ..., -0.4798999 ,
         -0.18712315, -0.13208987],
        [-0.87838767, -0.99999813,  0.        , ..., -0.87639408,
         -0.98197296, -0.99098059],
        ...,
        [ 0.84189835,  0.4798999 ,  0.87639408, ...,  0.        ,
          0.30725568,  0.35980938],
        [ 0.63536693,  0.18712315,  0.98197296, ..., -0.30725568,
          0.        ,  0.05572683],
        [ 0.59134677,  0.13208987,  0.99098059, ..., -0.35980938,
         -0.05572683,  0.        ]],

       [[ 0.        ,  0.38417236,  0.68704094, ...,  0.85683692,
          0.8056983 ,  0.77210778],
        [-0.38417236,  0.        ,  0.35517155, ...,  0.59300996,
          0.5163148 ,  0.46871899],
        [-0.68704094, -0.35517155,  0.        , ...,  0.26836399,
          0.17848314,  0.1244192 ],
        ...,
        [-0.85683692, -0.59300996, -0.26836399, ...,  0.        ,
         -0.09211891, -0.14642353],
        [-0.8056983 , -0.5163148 , -0.17848314, ...,  0.09211891,
          0.        , -0.05467489],
        [-0.77210778, -0.46871899, -0.1244192 , ...,  0.14642353,
          0.05467489,  0.        ]],

       ...,

       [[ 0.        , -0.28882856,  0.33626504, ..., -0.17015403,
         -0.70237974, -0.51916705],
        [ 0.28882856,  0.        ,  0.59394302, ...,  0.12171451,
         -0.46685603, -0.25018667],
        [-0.33626504, -0.59394302,  0.        , ..., -0.49160696,
         -0.90083261, -0.77633117],
        ...,
        [ 0.17015403, -0.12171451,  0.49160696, ...,  0.        ,
         -0.57102122, -0.36617026],
        [ 0.70237974,  0.46685603,  0.90083261, ...,  0.57102122,
          0.        ,  0.23076049],
        [ 0.51916705,  0.25018667,  0.77633117, ...,  0.36617026,
         -0.23076049,  0.        ]],

       [[ 0.        , -0.56149014, -0.90128467, ...,  0.55668937,
          0.49663813,  0.04224179],
        [ 0.56149014,  0.        , -0.50254524, ...,  0.92709273,
          0.89830951,  0.59594334],
        [ 0.90128467,  0.50254524,  0.        , ...,  0.98988893,
          0.99743419,  0.9187805 ],
        ...,
        [-0.55668937, -0.92709273, -0.98988893, ...,  0.        ,
         -0.07061524, -0.52110136],
        [-0.49663813, -0.89830951, -0.99743419, ...,  0.07061524,
          0.        , -0.45953075],
        [-0.04224179, -0.59594334, -0.9187805 , ...,  0.52110136,
          0.45953075,  0.        ]],

       [[ 0.        ,  0.56262048,  0.75957707, ...,  0.96556078,
          0.92411571,  0.9399391 ],
        [-0.56262048,  0.        ,  0.26201589, ...,  0.65186263,
          0.54899614,  0.58501594],
        [-0.75957707, -0.26201589,  0.        , ...,  0.4303925 ,
          0.31081676,  0.35207697],
        ...,
        [-0.96556078, -0.65186263, -0.4303925 , ...,  0.        ,
         -0.12851888, -0.08503552],
        [-0.92411571, -0.54899614, -0.31081676, ...,  0.12851888,
          0.        ,  0.04372305],
        [-0.9399391 , -0.58501594, -0.35207697, ...,  0.08503552,
         -0.04372305,  0.        ]]]), 'num': array([ 9.53586417e-01,  3.01093997e-01,  1.05410730e-04,  7.55549352e-05,
        7.66534722e-05,  7.51887562e-05,  3.91032797e-03, -1.09853702e-06,
        7.64825887e-05,  7.93021670e-05,  8.11289934e-05,  3.19962240e-07,
        8.44432415e-05,  7.41610926e-05])}
{'img': array([[[ 0.        ,  0.58632333,  0.25640422, ...,  0.        ,
          0.1594049 , -0.44007875],
        [-0.58632333,  0.        , -0.35901514, ..., -0.58632333,
         -0.44969592, -0.88299215],
        [-0.25640422,  0.35901514,  0.        , ..., -0.25640422,
         -0.09904972, -0.65560728],
        ...,
        [ 0.        ,  0.58632333,  0.25640422, ...,  0.        ,
          0.1594049 , -0.44007875],
        [-0.1594049 ,  0.44969592,  0.09904972, ..., -0.1594049 ,
          0.        , -0.57759068],
        [ 0.44007875,  0.88299215,  0.65560728, ...,  0.44007875,
          0.57759068,  0.        ]],

       [[ 0.        ,  0.99999813,  0.09541346, ..., -0.18712315,
         -0.13208987, -0.17477589],
        [-0.99999813,  0.        , -0.99562028, ..., -0.98197296,
         -0.99098059, -0.9842686 ],
        [-0.09541346,  0.99562028,  0.        , ..., -0.27999757,
         -0.22606467, -0.2679234 ],
        ...,
        [ 0.18712315,  0.98197296,  0.27999757, ...,  0.        ,
          0.05572683,  0.01255427],
        [ 0.13208987,  0.99098059,  0.22606467, ..., -0.05572683,
          0.        , -0.04318768],
        [ 0.17477589,  0.9842686 ,  0.2679234 , ..., -0.01255427,
          0.04318768,  0.        ]],

       [[ 0.        ,  0.60593885,  0.68802626, ...,  0.75488224,
          0.71340876,  0.57881153],
        [-0.60593885,  0.        ,  0.1076114 , ...,  0.20310603,
          0.14291416, -0.03366864],
        [-0.68802626, -0.1076114 ,  0.        , ...,  0.09655817,
          0.03557748, -0.14102352],
        ...,
        [-0.75488224, -0.20310603, -0.09655817, ...,  0.        ,
         -0.0610858 , -0.23595776],
        [-0.71340876, -0.14291416, -0.03557748, ...,  0.0610858 ,
          0.        , -0.17615617],
        [-0.57881153,  0.03366864,  0.14102352, ...,  0.23595776,
          0.17615617,  0.        ]],

       ...,

       [[ 0.        ,  0.59394302,  0.5547539 , ..., -0.46685603,
         -0.25018667, -0.42677226],
        [-0.59394302,  0.        , -0.04786575, ..., -0.90083261,
         -0.77633117, -0.88047911],
        [-0.5547539 ,  0.04786575,  0.        , ..., -0.87901835,
         -0.74527034, -0.85677746],
        ...,
        [ 0.46685603,  0.90083261,  0.87901835, ...,  0.        ,
          0.23076049,  0.04479658],
        [ 0.25018667,  0.77633117,  0.74527034, ..., -0.23076049,
          0.        , -0.18694129],
        [ 0.42677226,  0.88047911,  0.85677746, ..., -0.04479658,
          0.18694129,  0.        ]],

       [[ 0.        , -0.50254524, -0.68312964, ...,  0.89830951,
          0.59594334,  0.32391092],
        [ 0.50254524,  0.        , -0.223593  , ...,  0.99743419,
          0.9187805 ,  0.75548929],
        [ 0.68312964,  0.223593  ,  0.        , ...,  0.95617488,
          0.9837869 ,  0.88285168],
        ...,
        [-0.89830951, -0.99743419, -0.95617488, ...,  0.        ,
         -0.45953075, -0.70756494],
        [-0.59594334, -0.9187805 , -0.9837869 , ...,  0.45953075,
          0.        , -0.30370555],
        [-0.32391092, -0.75548929, -0.88285168, ...,  0.70756494,
          0.30370555,  0.        ]],

       [[ 0.        ,  0.59058132,  0.6142326 , ...,  0.85825598,
          0.88341909,  0.87518697],
        [-0.59058132,  0.        ,  0.02962978, ...,  0.38949458,
          0.4361631 ,  0.42054247],
        [-0.6142326 , -0.02962978,  0.        , ...,  0.36203369,
          0.40930872,  0.39347553],
        ...,
        [-0.85825598, -0.38949458, -0.36203369, ...,  0.        ,
          0.0512252 ,  0.03395385],
        [-0.88341909, -0.4361631 , -0.40930872, ..., -0.0512252 ,
          0.        , -0.01728639],
        [-0.87518697, -0.42054247, -0.39347553, ..., -0.03395385,
          0.01728639,  0.        ]]]), 'num': array([8.81879053e-01, 4.71298325e-01, 6.44553733e-05, 7.09856030e-05,
       7.29914757e-05, 6.89797304e-05, 1.29298103e-02, 2.00587261e-06,
       7.00272417e-05, 7.20163987e-05, 7.40928483e-05, 4.14436490e-07,
       7.57537063e-05, 6.82790911e-05])}
{'img': array([[[ 0.        , -0.35901514, -0.02325628, ..., -0.44969592,
         -0.88299215, -0.19511722],
        [ 0.35901514,  0.        ,  0.33721222, ..., -0.09904972,
         -0.65560728,  0.17000576],
        [ 0.02325628, -0.33721222,  0.        , ..., -0.42880221,
         -0.87183712, -0.17225515],
        ...,
        [ 0.44969592,  0.09904972,  0.42880221, ...,  0.        ,
         -0.57759068,  0.26677761],
        [ 0.88299215,  0.65560728,  0.87183712, ...,  0.57759068,
          0.        ,  0.77443535],
        [ 0.19511722, -0.17000576,  0.17225515, ..., -0.26677761,
         -0.77443535,  0.        ]],

       [[ 0.        , -0.99562028, -0.97453602, ..., -0.99098059,
         -0.9842686 , -0.95850968],
        [ 0.99562028,  0.        ,  0.13214021, ..., -0.22606467,
         -0.2679234 ,  0.19420107],
        [ 0.97453602, -0.13214021,  0.        , ..., -0.35280172,
         -0.39288318,  0.06287364],
        ...,
        [ 0.99098059,  0.22606467,  0.35280172, ...,  0.        ,
         -0.04318768,  0.41093444],
        [ 0.9842686 ,  0.2679234 ,  0.39288318, ...,  0.04318768,
          0.        ,  0.44992373],
        [ 0.95850968, -0.19420107, -0.06287364, ..., -0.41093444,
         -0.44992373,  0.        ]],

       [[ 0.        ,  0.23620288,  0.50830995, ...,  0.29375019,
         -0.20850182,  0.10555617],
        [-0.23620288,  0.        ,  0.29051486, ...,  0.05965602,
         -0.43361362, -0.13231398],
        [-0.50830995, -0.29051486,  0.        , ..., -0.23291437,
         -0.6766947 , -0.41456795],
        ...,
        [-0.29375019, -0.05965602,  0.23291437, ...,  0.        ,
         -0.48659733, -0.19120984],
        [ 0.20850182,  0.43361362,  0.6766947 , ...,  0.48659733,
          0.        ,  0.31057325],
        [-0.10555617,  0.13231398,  0.41456795, ...,  0.19120984,
         -0.31057325,  0.        ]],

       ...,

       [[ 0.        , -0.04786575,  0.16398453, ..., -0.77633117,
         -0.88047911, -0.50312744],
        [ 0.04786575,  0.        ,  0.21101435, ..., -0.74527034,
         -0.85677746, -0.46118458],
        [-0.16398453, -0.21101435,  0.        , ..., -0.8691855 ,
         -0.94630258, -0.638034  ],
        ...,
        [ 0.77633117,  0.74527034,  0.8691855 , ...,  0.        ,
         -0.18694129,  0.35378097],
        [ 0.88047911,  0.85677746,  0.94630258, ...,  0.18694129,
          0.        ,  0.52239567],
        [ 0.50312744,  0.46118458,  0.638034  , ..., -0.35378097,
         -0.52239567,  0.        ]],

       [[ 0.        , -0.223593  , -0.29660585, ...,  0.9187805 ,
          0.75548929,  0.38063741],
        [ 0.223593  ,  0.        , -0.07556524, ...,  0.9837869 ,
          0.88285168,  0.57776256],
        [ 0.29660585,  0.07556524,  0.        , ...,  0.99452609,
          0.91581684,  0.63778738],
        ...,
        [-0.9187805 , -0.9837869 , -0.99452609, ...,  0.        ,
         -0.30370555, -0.69935495],
        [-0.75548929, -0.88285168, -0.91581684, ...,  0.30370555,
          0.        , -0.44924057],
        [-0.38063741, -0.57776256, -0.63778738, ...,  0.69935495,
          0.44924057,  0.        ]],

       [[ 0.        ,  0.03666648,  0.05164998, ...,  0.48933233,
          0.47305133,  0.62192863],
        [-0.03666648,  0.        ,  0.01499771, ...,  0.45702654,
          0.44042878,  0.59279785],
        [-0.05164998, -0.01499771,  0.        , ...,  0.44363538,
          0.42691449,  0.58065276],
        ...,
        [-0.48933233, -0.45702654, -0.44363538, ...,  0.        ,
         -0.01857201,  0.15919895],
        [-0.47305133, -0.44042878, -0.42691449, ...,  0.01857201,
          0.        ,  0.17750665],
        [-0.62192863, -0.59279785, -0.58065276, ..., -0.15919895,
         -0.17750665,  0.        ]]]), 'num': array([8.84634466e-01, 4.65959613e-01, 6.37252441e-05, 7.23850024e-05,
       7.42579781e-05, 7.09527268e-05, 1.74199631e-02, 2.20350083e-06,
