state_0,state_1,state_2,state_3,state_4,state_5,state_6,state_7,state_8,state_9,state_10,state_11,state_12,state_13,state_14,state_15,state_16,state_17,state_18,state_19,state_20,state_21,state_22,state_23,state_24,state_25,state_26,state_27,state_28,state_29,state_30,state_31,state_32,state_33,state_34,state_35,state_36,state_37,state_38,state_39,state_40,state_41,state_42,state_43,state_44,state_45,state_46,state_47,state_48,state_49,state_50,state_51,state_52,state_53,state_54,state_55,state_56,state_57,state_58,state_59,state_60,state_61,state_62,state_63,state_64,state_65,state_66,state_67,state_68,state_69,state_70,state_71,state_72,state_73,state_74,state_75,state_76,state_77,state_78,state_79,state_80,state_81,state_82,state_83,state_84,state_85,state_86,state_87,state_88,state_89,state_90,state_91,state_92,state_93,state_94,state_95,state_96,state_97,state_98,state_99,state_100,state_101,state_102,state_103,state_104,state_105,state_106,state_107,state_108,state_109,state_110,state_111,state_112,state_113,state_114,state_115,state_116,state_117,state_118,state_119,state_120,state_121,state_122,state_123,state_124,state_125,state_126,state_127,state_128,state_129,state_130,state_131,state_132,state_133,state_134,state_135,state_136,state_137,state_138,state_139,state_140,state_141,state_142,state_143,state_144,state_145,state_146,state_147,state_148,state_149,state_150,state_151,state_152,state_153,state_154,state_155,state_156,state_157,state_158,state_159,state_160,state_161,state_162,state_163,state_164,state_165,state_166,state_167,state_168,state_169,state_170,state_171,state_172,state_173,state_174,state_175,state_176,state_177,state_178,state_179,state_180,state_181,state_182,state_183,state_184,state_185,state_186,state_187,state_188,state_189,state_190,state_191,state_192,state_193,state_194,state_195,state_196,state_197,state_198,state_199,state_200,state_201,state_202,state_203,state_204,state_205,state_206,state_207,state_208,state_209,state_210,state_211,state_212,state_213,state_214,state_215,state_216,state_217,state_218,state_219,state_220,state_221,state_222,state_223,state_224,state_225,state_226,state_227,state_228,state_229,state_230,state_231,state_232,state_233,state_234,state_235,state_236,state_237,state_238,state_239,state_240,state_241,state_242,state_243,state_244,state_245,state_246,state_247,state_248,state_249,state_250,state_251,state_252,state_253,state_254,state_255,state_256,state_257,state_258,state_259,state_260,state_261,state_262,state_263,state_264,state_265,state_266,state_267,state_268,state_269,state_270,state_271,state_272,state_273,state_274,state_275,state_276,state_277,state_278,state_279,state_280,state_281,state_282,state_283,state_284,state_285,state_286,state_287
{'img': array([[[ 0.        , -0.2980817 , -0.24529245, ...,  0.94547544,
          0.96501638,  0.81858616],
        [ 0.2980817 ,  0.        ,  0.0548335 , ...,  0.99957771,
          0.999301  ,  0.95258681],
        [ 0.24529245, -0.0548335 ,  0.        , ...,  0.99648047,
          0.99984742,  0.93446964],
        ...,
        [-0.94547544, -0.99957771, -0.99648047, ...,  0.        ,
          0.06640565, -0.27645763],
        [-0.96501638, -0.999301  , -0.99984742, ..., -0.06640565,
          0.        , -0.33966497],
        [-0.81858616, -0.95258681, -0.93446964, ...,  0.27645763,
          0.33966497,  0.        ]],

       [[ 0.        , -0.00664688, -0.18564501, ...,  0.13613057,
          0.07527699,  0.12770123],
        [ 0.00664688,  0.        , -0.17910958, ...,  0.14271256,
          0.08190335,  0.13429086],
        [ 0.18564501,  0.17910958,  0.        , ...,  0.31768102,
          0.25908672,  0.30960646],
        ...,
        [-0.13613057, -0.14271256, -0.31768102, ...,  0.        ,
         -0.06116808, -0.00850358],
        [-0.07527699, -0.08190335, -0.25908672, ...,  0.06116808,
          0.        ,  0.05267822],
        [-0.12770123, -0.13429086, -0.30960646, ...,  0.00850358,
         -0.05267822,  0.        ]],

       [[ 0.        , -0.05533283, -0.04907404, ...,  0.98614825,
          0.98417212,  0.99365277],
        [ 0.05533283,  0.        ,  0.0062673 , ...,  0.97545958,
          0.97285852,  0.98590602],
        [ 0.04907404, -0.0062673 ,  0.        , ...,  0.97682035,
          0.97428967,  0.98693518],
        ...,
        [-0.98614825, -0.97545958, -0.97682035, ...,  0.        ,
          0.01151948, -0.05388093],
        [-0.98417212, -0.97285852, -0.97428967, ..., -0.01151948,
          0.        , -0.0653801 ],
        [-0.99365277, -0.98590602, -0.98693518, ...,  0.05388093,
          0.0653801 ,  0.        ]],

       ...,

       [[ 0.        , -0.1874657 ,  0.03710171, ...,  0.506532  ,
          0.639669  ,  0.6525701 ],
        [ 0.1874657 ,  0.        ,  0.22378057, ...,  0.65918866,
          0.772424  ,  0.78304886],
        [-0.03710171, -0.22378057,  0.        , ...,  0.47419337,
          0.61071033,  0.62400778],
        ...,
        [-0.506532  , -0.65918866, -0.47419337, ...,  0.        ,
          0.16219007,  0.17884609],
        [-0.639669  , -0.772424  , -0.61071033, ..., -0.16219007,
          0.        ,  0.01690299],
        [-0.6525701 , -0.78304886, -0.62400778, ..., -0.17884609,
         -0.01690299,  0.        ]],

       [[ 0.        ,  0.00644261,  0.00140501, ...,  0.95750279,
          0.90751171,  0.78126446],
        [-0.00644261,  0.        , -0.00503762, ...,  0.95562472,
          0.90478681,  0.77722677],
        [-0.00140501,  0.00503762,  0.        , ...,  0.95709661,
          0.90692068,  0.78038668],
        ...,
        [-0.95750279, -0.95562472, -0.95709661, ...,  0.        ,
         -0.14042866, -0.37233799],
        [-0.90751171, -0.90478681, -0.90692068, ...,  0.14042866,
          0.        , -0.23831697],
        [-0.78126446, -0.77722677, -0.78038668, ...,  0.37233799,
          0.23831697,  0.        ]],

       [[ 0.        , -0.05922861, -0.10504234, ...,  0.64383581,
          0.81771248,  0.99050814],
        [ 0.05922861,  0.        , -0.04595699, ...,  0.6880251 ,
          0.85037052,  0.98062803],
        [ 0.10504234,  0.04595699,  0.        , ...,  0.72064853,
          0.87365388,  0.9705899 ],
        ...,
        [-0.64383581, -0.6880251 , -0.72064853, ...,  0.        ,
          0.25507469,  0.84639872],
        [-0.81771248, -0.85037052, -0.87365388, ..., -0.25507469,
          0.        ,  0.68256104],
        [-0.99050814, -0.98062803, -0.9705899 , ..., -0.84639872,
         -0.68256104,  0.        ]]]), 'num': array([ 7.03764325e-01,  7.03764325e-01,  0.00000000e+00,  9.87424436e-05,
        1.01614951e-04,  9.87424436e-05,  9.71157426e-02, -2.69297573e-06,
        1.02333078e-04,  1.02844743e-04,  9.57592249e-05,  8.97658578e-07,
        1.06732382e-04,  9.89571043e-05])}
{'img': array([[[ 0.        ,  0.0548335 ,  0.08135246, ...,  0.999301  ,
          0.95258681,  0.79184182],
        [-0.0548335 ,  0.        ,  0.02657832, ...,  0.99984742,
          0.93446964,  0.75716225],
        [-0.08135246, -0.02657832,  0.        , ...,  0.99902993,
          0.9246765 ,  0.7395331 ],
        ...,
        [-0.999301  , -0.99984742, -0.99902993, ...,  0.        ,
         -0.33966497, -0.6399009 ],
        [-0.95258681, -0.93446964, -0.9246765 , ...,  0.33966497,
          0.        , -0.34083847],
        [-0.79184182, -0.75716225, -0.7395331 , ...,  0.6399009 ,
          0.34083847,  0.        ]],

       [[ 0.        , -0.17910958, -0.06613152, ...,  0.08190335,
          0.13429086,  0.2371493 ],
        [ 0.17910958,  0.        ,  0.11365537, ...,  0.25908672,
          0.30960646,  0.40731455],
        [ 0.06613152, -0.11365537,  0.        , ...,  0.14763339,
          0.19952939,  0.30087516],
        ...,
        [-0.08190335, -0.25908672, -0.14763339, ...,  0.        ,
          0.05267822,  0.15678563],
        [-0.13429086, -0.30960646, -0.19952939, ..., -0.05267822,
          0.        ,  0.10454122],
        [-0.2371493 , -0.40731455, -0.30087516, ..., -0.15678563,
         -0.10454122,  0.        ]],

       [[ 0.        ,  0.0062673 , -0.01262883, ...,  0.97285852,
          0.98590602,  0.99366899],
        [-0.0062673 ,  0.        , -0.01889539, ...,  0.97428967,
          0.98693518,  0.99294536],
        [ 0.01262883,  0.01889539,  0.        , ...,  0.96985861,
          0.9837146 ,  0.99500856],
        ...,
        [-0.97285852, -0.97428967, -0.96985861, ...,  0.        ,
         -0.0653801 , -0.33923387],
        [-0.98590602, -0.98693518, -0.9837146 , ...,  0.0653801 ,
          0.        , -0.27700486],
        [-0.99366899, -0.99294536, -0.99500856, ...,  0.33923387,
          0.27700486,  0.        ]],

       ...,

       [[ 0.        ,  0.22378057, -0.39533842, ...,  0.772424  ,
          0.78304886,  0.76172893],
        [-0.22378057,  0.        , -0.59086287, ...,  0.61071033,
          0.62400778,  0.59742465],
        [ 0.39533842,  0.59086287,  0.        , ...,  0.96058117,
          0.96514297,  0.95581322],
        ...,
        [-0.772424  , -0.61071033, -0.96058117, ...,  0.        ,
          0.01690299, -0.01667077],
        [-0.78304886, -0.62400778, -0.96514297, ..., -0.01690299,
          0.        , -0.03356903],
        [-0.76172893, -0.59742465, -0.95581322, ...,  0.01667077,
          0.03356903,  0.        ]],

       [[ 0.        , -0.00503762, -0.02369721, ...,  0.90478681,
          0.77722677,  0.79694987],
        [ 0.00503762,  0.        , -0.0186607 , ...,  0.90692068,
          0.78038668,  0.79998271],
        [ 0.02369721,  0.0186607 ,  0.        , ...,  0.91462454,
          0.79191928,  0.81104026],
        ...,
        [-0.90478681, -0.90692068, -0.91462454, ...,  0.        ,
         -0.23831697, -0.20713946],
        [-0.77722677, -0.78038668, -0.79191928, ...,  0.23831697,
          0.        ,  0.03197698],
        [-0.79694987, -0.79998271, -0.81104026, ...,  0.20713946,
         -0.03197698,  0.        ]],

       [[ 0.        , -0.04595699, -0.08318343, ...,  0.85037052,
          0.98062803,  0.97282625],
        [ 0.04595699,  0.        , -0.03729783, ...,  0.87365388,
          0.9705899 ,  0.9824391 ],
        [ 0.08318343,  0.03729783,  0.        , ...,  0.89119317,
          0.96093552,  0.98871467],
        ...,
        [-0.85037052, -0.87365388, -0.89119317, ...,  0.        ,
          0.68256104,  0.31499427],
        [-0.98062803, -0.9705899 , -0.96093552, ..., -0.68256104,
          0.        , -0.41760748],
        [-0.97282625, -0.9824391 , -0.98871467, ..., -0.31499427,
          0.41760748,  0.        ]]]), 'num': array([9.19444457e-01, 3.85619955e-01, 9.61845949e-05, 1.29506187e-04,
       1.30672909e-04, 1.27872775e-04, 7.69350053e-02, 1.16672240e-06,
       1.31699625e-04, 1.33298035e-04, 1.24637065e-04, 1.14470877e-06,
       1.38422855e-04, 1.28173214e-04])}
{'img': array([[[ 0.        ,  0.02657832, -0.11217136, ...,  0.93446964,
          0.75716225,  0.82480174],
        [-0.02657832,  0.        , -0.13854232, ...,  0.9246765 ,
          0.7395331 ,  0.80948239],
        [ 0.11217136,  0.13854232,  0.        , ...,  0.96850989,
          0.82565706,  0.88302048],
        ...,
        [-0.93446964, -0.9246765 , -0.96850989, ...,  0.        ,
         -0.34083847, -0.23470499],
        [-0.75716225, -0.7395331 , -0.82565706, ...,  0.34083847,
          0.        ,  0.11066642],
        [-0.82480174, -0.80948239, -0.88302048, ...,  0.23470499,
         -0.11066642,  0.        ]],

       [[ 0.        ,  0.11365537,  0.07793798, ...,  0.30960646,
          0.40731455,  0.23231136],
        [-0.11365537,  0.        , -0.0358767 , ...,  0.19952939,
          0.30087516,  0.12026011],
        [-0.07793798,  0.0358767 ,  0.        , ...,  0.23455622,
          0.33489577,  0.15579901],
        ...,
        [-0.30960646, -0.19952939, -0.23455622, ...,  0.        ,
          0.10454122, -0.08023939],
        [-0.40731455, -0.30087516, -0.33489577, ..., -0.10454122,
          0.        , -0.18400386],
        [-0.23231136, -0.12026011, -0.15579901, ...,  0.08023939,
          0.18400386,  0.        ]],

       [[ 0.        , -0.01889539, -0.10429306, ...,  0.98693518,
          0.99294536,  0.95557375],
        [ 0.01889539,  0.        , -0.0854821 , ...,  0.9837146 ,
          0.99500856,  0.9609726 ],
        [ 0.10429306,  0.0854821 ,  0.        , ...,  0.96474957,
          0.99989676,  0.98110323],
        ...,
        [-0.98693518, -0.9837146 , -0.96474957, ...,  0.        ,
         -0.27700486, -0.44486117],
        [-0.99294536, -0.99500856, -0.99989676, ...,  0.27700486,
          0.        , -0.17936767],
        [-0.95557375, -0.9609726 , -0.98110323, ...,  0.44486117,
          0.17936767,  0.        ]],

       ...,

       [[ 0.        , -0.59086287, -0.22092908, ...,  0.62400778,
          0.59742465,  0.56988009],
        [ 0.59086287,  0.        ,  0.39802317, ...,  0.96514297,
          0.95581322,  0.94529179],
        [ 0.22092908, -0.39802317,  0.        , ...,  0.78122646,
          0.75983077,  0.73734186],
        ...,
        [-0.62400778, -0.96514297, -0.78122646, ...,  0.        ,
         -0.03356903, -0.06744995],
        [-0.59742465, -0.95581322, -0.75983077, ...,  0.03356903,
          0.        , -0.03391935],
        [-0.56988009, -0.94529179, -0.73734186, ...,  0.06744995,
          0.03391935,  0.        ]],

       [[ 0.        , -0.0186607 , -0.04598787, ...,  0.78038668,
          0.79998271,  0.77765304],
        [ 0.0186607 ,  0.        , -0.0273389 , ...,  0.79191928,
          0.81104026,  0.78924949],
        [ 0.04598787,  0.0273389 ,  0.        , ...,  0.80831712,
          0.82673011,  0.80574256],
        ...,
        [-0.78038668, -0.79191928, -0.80831712, ...,  0.        ,
          0.03197698, -0.00435989],
        [-0.79998271, -0.81104026, -0.82673011, ..., -0.03197698,
          0.        , -0.03633434],
        [-0.77765304, -0.78924949, -0.80574256, ...,  0.00435989,
          0.03633434,  0.        ]],

       [[ 0.        , -0.03729783, -0.08521887, ...,  0.9705899 ,
          0.9824391 ,  0.96058815],
        [ 0.03729783,  0.        , -0.04799742, ...,  0.96093552,
          0.98871467,  0.97028765],
        [ 0.08521887,  0.04799742,  0.        , ...,  0.94654364,
          0.99476567,  0.98078254],
        ...,
        [-0.9705899 , -0.96093552, -0.94654364, ...,  0.        ,
         -0.41760748, -0.50105125],
        [-0.9824391 , -0.98871467, -0.99476567, ...,  0.41760748,
          0.        , -0.0938641 ],
        [-0.96058815, -0.97028765, -0.98078254, ...,  0.50105125,
          0.0938641 ,  0.        ]]]), 'num': array([ 8.94940928e-01,  4.30075368e-01,  8.60862146e-05,  1.24428683e-04,
        1.28345882e-04,  1.24198259e-04,  1.18809829e-01, -3.45635230e-06,
        1.28438052e-04,  1.31134006e-04,  1.23184396e-04,  8.58851178e-07,
        1.36924746e-04,  1.25343266e-04])}
{'img': array([[[ 0.        , -0.13854232, -0.10962294, ...,  0.7395331 ,
          0.80948239,  0.57853416],
        [ 0.13854232,  0.        ,  0.02914157, ...,  0.82565706,
          0.88302048,  0.68595825],
        [ 0.10962294, -0.02914157,  0.        , ...,  0.80886553,
          0.86896831,  0.66446233],
        ...,
        [-0.7395331 , -0.82565706, -0.80886553, ...,  0.        ,
          0.11066642, -0.21378317],
        [-0.80948239, -0.88302048, -0.86896831, ..., -0.11066642,
          0.        , -0.32057796],
        [-0.57853416, -0.68595825, -0.66446233, ...,  0.21378317,
          0.32057796,  0.        ]],

       [[ 0.        , -0.0358767 ,  0.04156798, ...,  0.30087516,
          0.12026011,  0.28220543],
        [ 0.0358767 ,  0.        ,  0.07738691, ...,  0.33489577,
          0.15579901,  0.31644221],
        [-0.04156798, -0.07738691,  0.        , ...,  0.26097325,
          0.07888987,  0.24208311],
        ...,
        [-0.30087516, -0.33489577, -0.26097325, ...,  0.        ,
         -0.18400386, -0.01951676],
        [-0.12026011, -0.15579901, -0.07888987, ...,  0.18400386,
          0.        ,  0.16478529],
        [-0.28220543, -0.31644221, -0.24208311, ...,  0.01951676,
         -0.16478529,  0.        ]],

       [[ 0.        , -0.0854821 , -0.17798887, ...,  0.99500856,
          0.9609726 ,  0.88786931],
        [ 0.0854821 ,  0.        , -0.09322022, ...,  0.99989676,
          0.98110323,  0.92394939],
        [ 0.17798887,  0.09322022,  0.        , ...,  0.9968822 ,
          0.99486775,  0.95558418],
        ...,
        [-0.99500856, -0.99989676, -0.9968822 , ...,  0.        ,
         -0.17936767, -0.36919911],
        [-0.9609726 , -0.98110323, -0.99486775, ...,  0.17936767,
          0.        , -0.19651608],
        [-0.88786931, -0.92394939, -0.95558418, ...,  0.36919911,
          0.19651608,  0.        ]],

       ...,

       [[ 0.        ,  0.39802317,  0.59086287, ...,  0.95581322,
          0.94529179,  0.68443335],
        [-0.39802317,  0.        ,  0.22092908, ...,  0.75983077,
          0.73734186,  0.33769337],
        [-0.59086287, -0.22092908,  0.        , ...,  0.59742465,
          0.56988009,  0.12139806],
        ...,
        [-0.95581322, -0.75983077, -0.59742465, ...,  0.        ,
         -0.03391935, -0.49565389],
        [-0.94529179, -0.73734186, -0.56988009, ...,  0.03391935,
          0.        , -0.46590903],
        [-0.68443335, -0.33769337, -0.12139806, ...,  0.49565389,
          0.46590903,  0.        ]],

       [[ 0.        , -0.0273389 , -0.03923329, ...,  0.81104026,
          0.78924949,  0.80646501],
        [ 0.0273389 ,  0.        , -0.01190077, ...,  0.82673011,
          0.80574256,  0.82232856],
        [ 0.03923329,  0.01190077,  0.        , ...,  0.83336692,
          0.81273392,  0.82904202],
        ...,
        [-0.81104026, -0.82673011, -0.83336692, ...,  0.        ,
         -0.03633434, -0.00777914],
        [-0.78924949, -0.80574256, -0.81273392, ...,  0.03633434,
          0.        ,  0.02855924],
        [-0.80646501, -0.82232856, -0.82904202, ...,  0.00777914,
         -0.02855924,  0.        ]],

       [[ 0.        , -0.04799742, -0.09105834, ...,  0.98871467,
          0.97028765,  0.90051043],
        [ 0.04799742,  0.        , -0.04315537, ...,  0.99476567,
          0.98078254,  0.92034348],
        [ 0.09105834,  0.04315537,  0.        , ...,  0.99824865,
          0.98828861,  0.93636461],
        ...,
        [-0.98871467, -0.99476567, -0.99824865, ...,  0.        ,
         -0.0938641 , -0.29502091],
        [-0.97028765, -0.98078254, -0.98828861, ...,  0.0938641 ,
          0.        , -0.20403212],
        [-0.90051043, -0.92034348, -0.93636461, ...,  0.29502091,
          0.20403212,  0.        ]]]), 'num': array([ 7.89865656e-01,  6.06902753e-01,  3.40079747e-05,  1.09558625e-04,
        1.10984109e-04,  1.08947703e-04,  8.82110659e-02, -4.07281134e-07,
        1.11920856e-04,  1.15423473e-04,  1.08951097e-04,  5.30313977e-07,
        1.21035388e-04,  1.09811559e-04])}
{'img': array([[[ 0.        ,  0.02914157,  0.16432457, ...,  0.88302048,
          0.68595825,  0.65419705],
        [-0.02914157,  0.        ,  0.13550936, ...,  0.86896831,
          0.66446233,  0.63187874],
        [-0.16432457, -0.13550936,  0.        , ...,  0.7938938 ,
          0.55706428,  0.52102147],
        ...,
        [-0.88302048, -0.86896831, -0.7938938 , ...,  0.        ,
         -0.32057796, -0.36081248],
        [-0.68595825, -0.66446233, -0.55706428, ...,  0.32057796,
          0.        , -0.04278626],
        [-0.65419705, -0.63187874, -0.52102147, ...,  0.36081248,
          0.04278626,  0.        ]],

       [[ 0.        ,  0.07738691,  0.00447573, ...,  0.15579901,
          0.31644221,  0.25149702],
        [-0.07738691,  0.        , -0.07292383, ...,  0.07888987,
          0.24208311,  0.17584327],
        [-0.00447573,  0.07292383,  0.        , ...,  0.15137638,
          0.31219332,  0.24716263],
        ...,
        [-0.15579901, -0.07888987, -0.15137638, ...,  0.        ,
          0.16478529,  0.0976346 ],
        [-0.31644221, -0.24208311, -0.31219332, ..., -0.16478529,
          0.        , -0.06769812],
        [-0.25149702, -0.17584327, -0.24716263, ..., -0.0976346 ,
          0.06769812,  0.        ]],

       [[ 0.        , -0.09322022, -0.0635799 , ...,  0.98110323,
          0.92394939,  0.82839683],
        [ 0.09322022,  0.        ,  0.02972857, ...,  0.99486775,
          0.95558418,  0.87700612],
        [ 0.0635799 , -0.02972857,  0.        , ...,  0.99141997,
          0.94640026,  0.86233453],
        ...,
        [-0.98110323, -0.99486775, -0.99141997, ...,  0.        ,
         -0.19651608, -0.38927444],
        [-0.92394939, -0.95558418, -0.94640026, ...,  0.19651608,
          0.        , -0.20066857],
        [-0.82839683, -0.87700612, -0.86233453, ...,  0.38927444,
          0.20066857,  0.        ]],

       ...,

       [[ 0.        ,  0.16201291,  0.70136852, ...,  0.63982151,
          0.25934599, -0.57972142],
        [-0.16201291,  0.        ,  0.57661987, ...,  0.50685786,
          0.09945012, -0.70407302],
        [-0.70136852, -0.57661987,  0.        , ..., -0.08295418,
         -0.4925093 , -0.98471018],
        ...,
        [-0.63982151, -0.50685786,  0.08295418, ...,  0.        ,
         -0.41861618, -0.96686556],
        [-0.25934599, -0.09945012,  0.4925093 , ...,  0.41861618,
          0.        , -0.77120489],
        [ 0.57972142,  0.70407302,  0.98471018, ...,  0.96686556,
          0.77120489,  0.        ]],

       [[ 0.        , -0.01190077, -0.12336442, ...,  0.80574256,
          0.82232856,  0.82437677],
        [ 0.01190077,  0.        , -0.11154582, ...,  0.81273392,
          0.82904202,  0.83105472],
        [ 0.12336442,  0.11154582,  0.        , ...,  0.87265239,
          0.88624311,  0.88790909],
        ...,
        [-0.80574256, -0.81273392, -0.87265239, ...,  0.        ,
          0.02855924,  0.03216657],
        [-0.82232856, -0.82904202, -0.88624311, ..., -0.02855924,
          0.        ,  0.00360899],
        [-0.82437677, -0.83105472, -0.88790909, ..., -0.03216657,
         -0.00360899,  0.        ]],

       [[ 0.        , -0.04315537, -0.02186549, ...,  0.98078254,
          0.92034348,  0.85224728],
        [ 0.04315537,  0.        ,  0.02129994, ...,  0.98828861,
          0.93636461,  0.87402957],
        [ 0.02186549, -0.02129994,  0.        , ...,  0.9848141 ,
          0.92867528,  0.86348222],
        ...,
        [-0.98078254, -0.98828861, -0.9848141 , ...,  0.        ,
         -0.20403212, -0.3468088 ],
        [-0.92034348, -0.93636461, -0.92867528, ...,  0.20403212,
          0.        , -0.14814436],
        [-0.85224728, -0.87402957, -0.86348222, ...,  0.3468088 ,
          0.14814436,  0.        ]]]), 'num': array([ 7.80352416e-01,  6.19396024e-01,  3.04265391e-05,  1.06805834e-04,
        1.09834355e-04,  1.06805834e-04,  8.60149579e-02, -1.81711249e-06,
        1.09511313e-04,  1.13963238e-04,  1.08091273e-04,  5.04753469e-07,
        1.20367651e-04,  1.07558826e-04])}
{'img': array([[[ 0.        ,  0.13550936,  0.08316607, ...,  0.66446233,
          0.63187874,  0.46982701],
        [-0.13550936,  0.        , -0.05264096, ...,  0.55706428,
          0.52102147,  0.34587132],
        [-0.08316607,  0.05264096,  0.        , ...,  0.60000861,
          0.56523043,  0.39478383],
        ...,
        [-0.66446233, -0.55706428, -0.60000861, ...,  0.        ,
         -0.04278626, -0.23544782],
        [-0.63187874, -0.52102147, -0.56523043, ...,  0.04278626,
          0.        , -0.1936488 ],
        [-0.46982701, -0.34587132, -0.39478383, ...,  0.23544782,
          0.1936488 ,  0.        ]],

       [[ 0.        , -0.07292383, -0.16774578, ...,  0.24208311,
          0.17584327,  0.16970794],
        [ 0.07292383,  0.        , -0.09540864, ...,  0.31219332,
          0.24716263,  0.24112212],
        [ 0.16774578,  0.09540864,  0.        , ...,  0.40140913,
          0.33848361,  0.33261575],
        ...,
        [-0.24208311, -0.31219332, -0.40140913, ...,  0.        ,
         -0.06769812, -0.07391149],
        [-0.17584327, -0.24716263, -0.33848361, ...,  0.06769812,
          0.        , -0.00622897],
        [-0.16970794, -0.24112212, -0.33261575, ...,  0.07391149,
          0.00622897,  0.        ]],

       [[ 0.        ,  0.02972857,  0.02972857, ...,  0.95558418,
          0.87700612,  0.77754637],
        [-0.02972857,  0.        ,  0.        , ...,  0.94640026,
          0.86233453,  0.75850862],
        [-0.02972857,  0.        ,  0.        , ...,  0.94640026,
          0.86233453,  0.75850862],
        ...,
        [-0.95558418, -0.94640026, -0.94640026, ...,  0.        ,
         -0.20066857, -0.37173864],
        [-0.87700612, -0.86233453, -0.86233453, ...,  0.20066857,
          0.        , -0.17788903],
        [-0.77754637, -0.75850862, -0.75850862, ...,  0.37173864,
          0.17788903,  0.        ]],

       ...,

       [[ 0.        ,  0.5603721 ,  0.42416809, ...,  0.09467439,
         -0.53322036, -0.73155318],
        [-0.5603721 ,  0.        , -0.15615032, ..., -0.47944186,
         -0.91569651, -0.98795526],
        [-0.42416809,  0.15615032,  0.        , ..., -0.33652728,
         -0.84171173, -0.95167365],
        ...,
        [-0.09467439,  0.47944186,  0.33652728, ...,  0.        ,
         -0.61091759, -0.79281478],
        [ 0.53322036,  0.91569651,  0.84171173, ...,  0.61091759,
          0.        , -0.2553354 ],
        [ 0.73155318,  0.98795526,  0.95167365, ...,  0.79281478,
          0.2553354 ,  0.        ]],

       [[ 0.        , -0.11154582, -0.22004053, ...,  0.82904202,
          0.83105472,  0.85918453],
        [ 0.11154582,  0.        , -0.1098554 , ...,  0.88624311,
          0.88790909,  0.9108968 ],
        [ 0.22004053,  0.1098554 ,  0.        , ...,  0.93176646,
          0.93307066,  0.95071377],
        ...,
        [-0.82904202, -0.88624311, -0.93176646, ...,  0.        ,
          0.00360899,  0.05625174],
        [-0.83105472, -0.88790909, -0.93307066, ..., -0.00360899,
          0.        ,  0.0526481 ],
        [-0.85918453, -0.9108968 , -0.95071377, ..., -0.05625174,
         -0.0526481 ,  0.        ]],

       [[ 0.        ,  0.02129994,  0.04014534, ...,  0.93636461,
          0.87402957,  0.77343069],
        [-0.02129994,  0.        ,  0.01885346, ...,  0.92867528,
          0.86348222,  0.7597536 ],
        [-0.04014534, -0.01885346,  0.        , ...,  0.92151759,
          0.85381944,  0.74735983],
        ...,
        [-0.93636461, -0.92867528, -0.92151759, ...,  0.        ,
         -0.14814436, -0.32204707],
        [-0.87402957, -0.86348222, -0.85381944, ...,  0.14814436,
          0.        , -0.17824175],
        [-0.77343069, -0.7597536 , -0.74735983, ...,  0.32204707,
          0.17824175,  0.        ]]]), 'num': array([ 7.42936219e-01,  6.54984343e-01,  1.71112599e-05,  9.91565680e-05,
        1.01278596e-04,  9.87707448e-05,  1.37989849e-01, -2.89367416e-06,
        1.03246294e-04,  1.08416325e-04,  1.03294522e-04,  4.50728063e-07,
        1.15864812e-04,  1.00967838e-04])}
{'img': array([[[ 0.        , -0.05264096,  0.09999898, ...,  0.52102147,
          0.34587132,  0.        ],
        [ 0.05264096,  0.        ,  0.15223743, ...,  0.56523043,
          0.39478383,  0.05264096],
        [-0.09999898, -0.15223743,  0.        , ...,  0.43305638,
          0.25031041, -0.09999898],
        ...,
        [-0.52102147, -0.56523043, -0.43305638, ...,  0.        ,
         -0.1936488 , -0.52102147],
        [-0.34587132, -0.39478383, -0.25031041, ...,  0.1936488 ,
          0.        , -0.34587132],
        [ 0.        , -0.05264096,  0.09999898, ...,  0.52102147,
          0.34587132,  0.        ]],

       [[ 0.        , -0.09540864,  0.02950961, ...,  0.24716263,
          0.24112212,  0.4436118 ],
        [ 0.09540864,  0.        ,  0.12474208, ...,  0.33848361,
          0.33261575,  0.52709516],
        [-0.02950961, -0.12474208,  0.        , ...,  0.21846094,
          0.21237818,  0.41697152],
        ...,
        [-0.24716263, -0.33848361, -0.21846094, ...,  0.        ,
         -0.00622897,  0.20833645],
        [-0.24112212, -0.33261575, -0.21237818, ...,  0.00622897,
          0.        ,  0.2144247 ],
        [-0.4436118 , -0.52709516, -0.41697152, ..., -0.20833645,
         -0.2144247 ,  0.        ]],

       [[ 0.        ,  0.        ,  0.03584989, ...,  0.86233453,
          0.75850862,  0.63122684],
        [ 0.        ,  0.        ,  0.03584989, ...,  0.86233453,
          0.75850862,  0.63122684],
        [-0.03584989, -0.03584989,  0.        , ...,  0.84362801,
          0.73465899,  0.60301596],
        ...,
        [-0.86233453, -0.86233453, -0.84362801, ...,  0.        ,
         -0.17788903, -0.34921042],
        [-0.75850862, -0.75850862, -0.73465899, ...,  0.17788903,
          0.        , -0.1769508 ],
        [-0.63122684, -0.63122684, -0.60301596, ...,  0.34921042,
          0.1769508 ,  0.        ]],

       ...,

       [[ 0.        , -0.15114218, -0.23792676, ..., -0.85967355,
         -0.90232752, -0.99209958],
        [ 0.15114218,  0.        , -0.08839162, ..., -0.7725876 ,
         -0.82681161, -0.96174115],
        [ 0.23792676,  0.08839162,  0.        , ..., -0.71344297,
         -0.77385688, -0.93376095],
        ...,
        [ 0.85967355,  0.7725876 ,  0.71344297, ...,  0.        ,
         -0.0903852 , -0.39895938],
        [ 0.90232752,  0.82681161,  0.77385688, ...,  0.0903852 ,
          0.        , -0.314446  ],
        [ 0.99209958,  0.96174115,  0.93376095, ...,  0.39895938,
          0.314446  ,  0.        ]],

       [[ 0.        , -0.1098554 , -0.20002972, ...,  0.88790909,
          0.9108968 ,  0.95991004],
        [ 0.1098554 ,  0.        , -0.09118385, ...,  0.93307066,
          0.95071377,  0.98489364],
        [ 0.20002972,  0.09118385,  0.        , ...,  0.96198176,
          0.97502653,  0.99658008],
        ...,
        [-0.88790909, -0.93307066, -0.96198176, ...,  0.        ,
          0.0526481 ,  0.19268857],
        [-0.9108968 , -0.95071377, -0.97502653, ..., -0.0526481 ,
          0.        ,  0.14075987],
        [-0.95991004, -0.98489364, -0.99658008, ..., -0.19268857,
         -0.14075987,  0.        ]],

       [[ 0.        ,  0.01885346,  0.04340883, ...,  0.86348222,
          0.7597536 ,  0.59157696],
        [-0.01885346,  0.        ,  0.02456542, ...,  0.85381944,
          0.74735983,  0.57627124],
        [-0.04340883, -0.02456542,  0.        , ...,  0.84077378,
          0.73081255,  0.55602103],
        ...,
        [-0.86348222, -0.85381944, -0.84077378, ...,  0.        ,
         -0.17824175, -0.39780211],
        [-0.7597536 , -0.74735983, -0.73081255, ...,  0.17824175,
          0.        , -0.22790032],
        [-0.59157696, -0.57627124, -0.55602103, ...,  0.39780211,
          0.22790032,  0.        ]]]), 'num': array([ 7.15974038e-01,  6.91455652e-01,  4.79811866e-06,  9.50325051e-05,
        9.76361354e-05,  9.46605580e-05,  9.62817641e-02, -5.57920774e-07,
        9.78964985e-05,  1.04154510e-04,  9.95702608e-05,  3.82375608e-07,
        1.12402580e-04,  9.59064395e-05])}
{'img': array([[[ 0.        ,  0.15223743,  0.17607494, ...,  0.39478383,
          0.05264096, -0.0271253 ],
        [-0.15223743,  0.        ,  0.02416361, ...,  0.25031041,
         -0.09999898, -0.17899054],
        [-0.17607494, -0.02416361,  0.        , ...,  0.22684295,
         -0.12401227, -0.20271167],
        ...,
        [-0.39478383, -0.25031041, -0.22684295, ...,  0.        ,
         -0.34587132, -0.41956059],
        [-0.05264096,  0.09999898,  0.12401227, ...,  0.34587132,
          0.        , -0.07970928],
        [ 0.0271253 ,  0.17899054,  0.20271167, ...,  0.41956059,
          0.07970928,  0.        ]],

       [[ 0.        ,  0.12474208,  0.03054099, ...,  0.33261575,
          0.52709516,  0.40291144],
        [-0.12474208,  0.        , -0.09438145, ...,  0.21237818,
          0.41697152,  0.28559556],
        [-0.03054099,  0.09438145,  0.        , ...,  0.30365853,
          0.50089536,  0.37477118],
        ...,
        [-0.33261575, -0.21237818, -0.30365853, ...,  0.        ,
          0.2144247 ,  0.07554775],
        [-0.52709516, -0.41697152, -0.50089536, ..., -0.2144247 ,
          0.        , -0.14002137],
        [-0.40291144, -0.28559556, -0.37477118, ..., -0.07554775,
          0.14002137,  0.        ]],

       [[ 0.        ,  0.03584989,  0.11028581, ...,  0.75850862,
          0.63122684,  0.44245138],
        [-0.03584989,  0.        ,  0.07458372, ...,  0.73465899,
          0.60301596,  0.41001705],
        [-0.11028581, -0.07458372,  0.        , ...,  0.68201247,
          0.54183881,  0.3408489 ],
        ...,
        [-0.75850862, -0.73465899, -0.68201247, ...,  0.        ,
         -0.1769508 , -0.39189564],
        [-0.63122684, -0.60301596, -0.54183881, ...,  0.1769508 ,
          0.        , -0.22291496],
        [-0.44245138, -0.41001705, -0.3408489 , ...,  0.39189564,
          0.22291496,  0.        ]],

       ...,

       [[ 0.        , -0.08326361,  0.09723306, ..., -0.73695709,
         -0.80575177, -0.97530141],
        [ 0.08326361,  0.        ,  0.1797645 , ..., -0.67811688,
         -0.75364068, -0.95352362],
        [-0.09723306, -0.1797645 ,  0.        , ..., -0.79918879,
         -0.85952043, -0.99215674],
        ...,
        [ 0.73695709,  0.67811688,  0.79918879, ...,  0.        ,
         -0.10817413, -0.49646707],
        [ 0.80575177,  0.75364068,  0.85952043, ...,  0.10817413,
          0.        , -0.39965263],
        [ 0.97530141,  0.95352362,  0.99215674, ...,  0.49646707,
          0.39965263,  0.        ]],

       [[ 0.        , -0.09118385, -0.31101179, ...,  0.95071377,
          0.98489364,  0.99950085],
        [ 0.09118385,  0.        , -0.22305445, ...,  0.97502653,
          0.99658008,  0.99821767],
        [ 0.31101179,  0.22305445,  0.        , ...,  0.99999951,
          0.9899038 ,  0.9597571 ],
        ...,
        [-0.95071377, -0.97502653, -0.99999951, ...,  0.        ,
          0.14075987,  0.2798803 ],
        [-0.98489364, -0.99658008, -0.9899038 , ..., -0.14075987,
          0.        ,  0.14195937],
        [-0.99950085, -0.99821767, -0.9597571 , ..., -0.2798803 ,
         -0.14195937,  0.        ]],

       [[ 0.        ,  0.02456542,  0.12410656, ...,  0.74735983,
          0.57627124,  0.422737  ],
        [-0.02456542,  0.        ,  0.09969361, ...,  0.73081255,
          0.55602103,  0.40034696],
        [-0.12410656, -0.09969361,  0.        , ...,  0.65912309,
          0.47038888,  0.30699691],
        ...,
        [-0.74735983, -0.73081255, -0.65912309, ...,  0.        ,
         -0.22790032, -0.39642193],
        [-0.57627124, -0.55602103, -0.47038888, ...,  0.22790032,
          0.        , -0.17676179],
        [-0.422737  , -0.40034696, -0.30699691, ...,  0.39642193,
          0.17676179,  0.        ]]]), 'num': array([ 7.16219155e-01,  6.93518495e-01,  4.50409912e-06,  9.38043784e-05,
        9.49210972e-05,  9.34321388e-05,  7.78597559e-02, -1.30283859e-06,
        9.66333994e-05,  1.03743176e-04,  9.96237241e-05,  3.32356783e-07,
        1.13170029e-04,  9.43163227e-05])}
{'img': array([[[ 0.        ,  0.02416361, -0.09999898, ..., -0.09999898,
         -0.17899054, -0.38141099],
        [-0.02416361,  0.        , -0.12401227, ..., -0.12401227,
         -0.20271167, -0.40363659],
        [ 0.09999898,  0.12401227,  0.        , ...,  0.        ,
         -0.07970928, -0.28705956],
        ...,
        [ 0.09999898,  0.12401227,  0.        , ...,  0.        ,
         -0.07970928, -0.28705956],
        [ 0.17899054,  0.20271167,  0.07970928, ...,  0.07970928,
          0.        , -0.20979165],
        [ 0.38141099,  0.40363659,  0.28705956, ...,  0.28705956,
          0.20979165,  0.        ]],

       [[ 0.        , -0.09438145, -0.07292148, ...,  0.41697152,
          0.28559556,  0.20574816],
        [ 0.09438145,  0.        ,  0.02153422, ...,  0.50089536,
          0.37477118,  0.29719189],
        [ 0.07292148, -0.02153422,  0.        , ...,  0.48214117,
          0.35471953,  0.27656172],
        ...,
        [-0.41697152, -0.50089536, -0.48214117, ...,  0.        ,
         -0.14002137, -0.22104188],
        [-0.28559556, -0.37477118, -0.35471953, ...,  0.14002137,
          0.        , -0.08230644],
        [-0.20574816, -0.29719189, -0.27656172, ...,  0.22104188,
          0.08230644,  0.        ]],

       [[ 0.        ,  0.07458372,  0.1067845 , ...,  0.60301596,
          0.41001705,  0.22109799],
        [-0.07458372,  0.        ,  0.03232981, ...,  0.54183881,
          0.3408489 ,  0.14774429],
        [-0.1067845 , -0.03232981,  0.        , ...,  0.51438293,
          0.31027688,  0.11569204],
        ...,
        [-0.60301596, -0.54183881, -0.51438293, ...,  0.        ,
         -0.22291496, -0.41171597],
        [-0.41001705, -0.3408489 , -0.31027688, ...,  0.22291496,
          0.        , -0.1982112 ],
        [-0.22109799, -0.14774429, -0.11569204, ...,  0.41171597,
          0.1982112 ,  0.        ]],

       ...,

       [[ 0.        ,  0.17128321,  0.04971248, ..., -0.68045646,
         -0.79643691, -0.96797341],
        [-0.17128321,  0.        , -0.12209361, ..., -0.79591493,
         -0.8882457 , -0.99666966],
        [-0.04971248,  0.12209361,  0.        , ..., -0.71604386,
         -0.82551439, -0.97925703],
        ...,
        [ 0.68045646,  0.79591493,  0.71604386, ...,  0.        ,
         -0.17213309, -0.53848933],
        [ 0.79643691,  0.8882457 ,  0.82551439, ...,  0.17213309,
          0.        , -0.38540677],
        [ 0.96797341,  0.99666966,  0.97925703, ...,  0.53848933,
          0.38540677,  0.        ]],

       [[ 0.        , -0.22305445, -0.39613855, ...,  0.99658008,
          0.99821767,  0.97188262],
        [ 0.22305445,  0.        , -0.18135169, ...,  0.9899038 ,
          0.9597571 ,  0.89487529],
        [ 0.39613855,  0.18135169,  0.        , ...,  0.94778458,
          0.89291344,  0.79909653],
        ...,
        [-0.99658008, -0.9899038 , -0.94778458, ...,  0.        ,
          0.14195937,  0.3149698 ],
        [-0.99821767, -0.9597571 , -0.89291344, ..., -0.14195937,
          0.        ,  0.17704606],
        [-0.97188262, -0.89487529, -0.79909653, ..., -0.3149698 ,
         -0.17704606,  0.        ]],

       [[ 0.        ,  0.09969361,  0.15266185, ...,  0.55602103,
          0.40034696,  0.20738754],
        [-0.09969361,  0.        ,  0.05337627, ...,  0.47038888,
          0.30699691,  0.10882822],
        [-0.15266185, -0.05337627,  0.        , ...,  0.42261595,
          0.25576052,  0.05561384],
        ...,
        [-0.55602103, -0.47038888, -0.42261595, ...,  0.        ,
         -0.17676179, -0.37155857],
        [-0.40034696, -0.30699691, -0.25576052, ...,  0.17676179,
          0.        , -0.20160056],
        [-0.20738754, -0.10882822, -0.05561384, ...,  0.37155857,
          0.20160056,  0.        ]]]), 'num': array([7.07919014e-01, 7.01230005e-01, 1.32455641e-06, 9.29029147e-05,
       9.30868809e-05, 9.14311854e-05, 8.44220008e-02, 1.83966168e-07,
       9.43010576e-05, 1.01963248e-04, 9.84310981e-05, 3.57711993e-07,
       1.12127025e-04, 9.17994715e-05])}
{'img': array([[[ 0.        , -0.12401227, -0.07342113, ..., -0.20271167,
         -0.40363659, -0.37304138],
        [ 0.12401227,  0.        ,  0.0508232 , ..., -0.07970928,
         -0.28705956, -0.25510134],
        [ 0.07342113, -0.0508232 ,  0.        , ..., -0.13026776,
         -0.33537277, -0.30391334],
        ...,
        [ 0.20271167,  0.07970928,  0.13026776, ...,  0.        ,
         -0.20979165, -0.1772176 ],
        [ 0.40363659,  0.28705956,  0.33537277, ...,  0.20979165,
          0.        ,  0.03319718],
        [ 0.37304138,  0.25510134,  0.30391334, ...,  0.1772176 ,
         -0.03319718,  0.        ]],

       [[ 0.        ,  0.02153422,  0.09237804, ...,  0.37477118,
