state_0,state_1,state_2,state_3,state_4,state_5,state_6,state_7,state_8,state_9,state_10,state_11,state_12,state_13,state_14,state_15,state_16,state_17,state_18,state_19,state_20,state_21,state_22,state_23,state_24,state_25,state_26,state_27,state_28,state_29,state_30,state_31,state_32,state_33,state_34,state_35,state_36,state_37,state_38,state_39,state_40,state_41,state_42,state_43,state_44,state_45,state_46,state_47,state_48,state_49,state_50,state_51,state_52,state_53,state_54,state_55,state_56,state_57,state_58,state_59,state_60,state_61,state_62,state_63,state_64,state_65,state_66,state_67,state_68,state_69,state_70,state_71,state_72,state_73,state_74,state_75,state_76,state_77,state_78,state_79,state_80,state_81,state_82,state_83,state_84,state_85,state_86,state_87,state_88,state_89,state_90,state_91,state_92,state_93,state_94,state_95,state_96,state_97,state_98,state_99,state_100,state_101,state_102,state_103,state_104,state_105,state_106,state_107,state_108,state_109,state_110,state_111,state_112,state_113,state_114,state_115,state_116,state_117,state_118,state_119,state_120,state_121,state_122,state_123,state_124,state_125,state_126,state_127,state_128,state_129,state_130,state_131,state_132,state_133,state_134,state_135,state_136,state_137,state_138,state_139,state_140,state_141,state_142,state_143,state_144,state_145,state_146,state_147,state_148,state_149,state_150,state_151,state_152,state_153,state_154,state_155,state_156,state_157,state_158,state_159,state_160,state_161,state_162,state_163,state_164,state_165,state_166,state_167,state_168,state_169,state_170,state_171,state_172,state_173,state_174,state_175,state_176,state_177,state_178,state_179,state_180,state_181,state_182,state_183,state_184,state_185,state_186,state_187,state_188,state_189,state_190,state_191,state_192,state_193,state_194,state_195,state_196,state_197,state_198,state_199,state_200,state_201,state_202,state_203,state_204,state_205,state_206,state_207,state_208,state_209,state_210,state_211,state_212,state_213,state_214,state_215,state_216,state_217,state_218,state_219,state_220,state_221,state_222,state_223,state_224,state_225,state_226,state_227,state_228,state_229,state_230,state_231,state_232,state_233,state_234,state_235,state_236,state_237,state_238,state_239,state_240,state_241,state_242,state_243,state_244,state_245,state_246,state_247,state_248,state_249,state_250,state_251,state_252,state_253,state_254,state_255,state_256,state_257,state_258,state_259,state_260,state_261,state_262,state_263,state_264,state_265,state_266,state_267,state_268,state_269,state_270,state_271,state_272,state_273,state_274,state_275,state_276,state_277,state_278,state_279,state_280,state_281,state_282,state_283,state_284,state_285,state_286,state_287
{'img': array([[[ 0.        , -0.0614995 ,  0.        , ...,  0.18984905,
         -0.48172022, -0.26035479],
        [ 0.0614995 ,  0.        ,  0.0614995 , ...,  0.24987072,
         -0.42691483, -0.2004834 ],
        [ 0.        , -0.0614995 ,  0.        , ...,  0.18984905,
         -0.48172022, -0.26035479],
        ...,
        [-0.18984905, -0.24987072, -0.18984905, ...,  0.        ,
         -0.6393288 , -0.43892153],
        [ 0.48172022,  0.42691483,  0.48172022, ...,  0.6393288 ,
          0.        ,  0.23695171],
        [ 0.26035479,  0.2004834 ,  0.26035479, ...,  0.43892153,
         -0.23695171,  0.        ]],

       [[ 0.        , -0.01424359,  0.05136854, ...,  0.71359738,
          0.51350071,  0.26571978],
        [ 0.01424359,  0.        ,  0.06558812, ...,  0.72350342,
          0.52567089,  0.27942437],
        [-0.05136854, -0.06558812,  0.        , ...,  0.67666872,
          0.46874398,  0.21584711],
        ...,
        [-0.71359738, -0.72350342, -0.67666872, ...,  0.        ,
         -0.25259415, -0.50179217],
        [-0.51350071, -0.52567089, -0.46874398, ...,  0.25259415,
          0.        , -0.26702925],
        [-0.26571978, -0.27942437, -0.21584711, ...,  0.50179217,
          0.26702925,  0.        ]],

       [[ 0.        ,  0.16899237,  0.19044231, ...,  0.61685778,
          0.35587628,  0.14100304],
        [-0.16899237,  0.        ,  0.02180372, ...,  0.47497613,
          0.19282889, -0.02832895],
        [-0.19044231, -0.02180372,  0.        , ...,  0.45567597,
          0.17138853, -0.05011718],
        ...,
        [-0.61685778, -0.47497613, -0.45567597, ...,  0.        ,
         -0.2963728 , -0.49971493],
        [-0.35587628, -0.19282889, -0.17138853, ...,  0.2963728 ,
          0.        , -0.22054878],
        [-0.14100304,  0.02832895,  0.05011718, ...,  0.49971493,
          0.22054878,  0.        ]],

       ...,

       [[ 0.        , -0.40516878, -0.43661475, ..., -0.97396687,
         -0.98450865, -0.99927792],
        [ 0.40516878,  0.        , -0.03466199, ..., -0.79859345,
         -0.97111974, -0.89818729],
        [ 0.43661475,  0.03466199,  0.        , ..., -0.77725153,
         -0.96226609, -0.88240971],
        ...,
        [ 0.97396687,  0.79859345,  0.77725153, ...,  0.        ,
         -0.39395012, -0.18952068],
        [ 0.98450865,  0.97111974,  0.96226609, ...,  0.39395012,
          0.        ,  0.21261596],
        [ 0.99927792,  0.89818729,  0.88240971, ...,  0.18952068,
         -0.21261596,  0.        ]],

       [[ 0.        ,  0.04686763,  0.04686763, ...,  0.43839603,
          0.26357122,  0.        ],
        [-0.04686763,  0.        ,  0.        , ...,  0.48003806,
          0.30849197,  0.04686763],
        [-0.04686763,  0.        ,  0.        , ...,  0.48003806,
          0.30849197,  0.04686763],
        ...,
        [-0.43839603, -0.48003806, -0.48003806, ...,  0.        ,
          0.18600128,  0.43839603],
        [-0.26357122, -0.30849197, -0.30849197, ..., -0.18600128,
          0.        ,  0.26357122],
        [-0.        , -0.04686763, -0.04686763, ..., -0.43839603,
         -0.26357122,  0.        ]],

       [[ 0.        , -0.00612733, -0.00612733, ...,  0.94856241,
          0.80815243,  0.62895672],
        [ 0.00612733,  0.        ,  0.        , ...,  0.95048446,
          0.81174609,  0.63370855],
        [ 0.00612733,  0.        ,  0.        , ...,  0.95048446,
          0.81174609,  0.63370855],
        ...,
        [-0.94856241, -0.95048446, -0.95048446, ...,  0.        ,
         -0.30282487, -0.53832913],
        [-0.80815243, -0.81174609, -0.81174609, ...,  0.30282487,
          0.        , -0.25785151],
        [-0.62895672, -0.63370855, -0.63370855, ...,  0.53832913,
          0.25785151,  0.        ]]]), 'num': array([ 7.07024177e-01,  7.07024177e-01,  0.00000000e+00,  3.57053111e-03,
        3.73577883e-03,  3.49971066e-03,  1.00771011e-02, -3.54102259e-05,
        3.60712168e-03,  4.44368827e-03,  4.24125981e-03,  3.13109618e-07,
        5.64477122e-03,  3.24260531e-03])}
{'img': array([[[ 0.        ,  0.0614995 ,  0.11158363, ..., -0.42691483,
         -0.2004834 , -0.27134574],
        [-0.0614995 ,  0.        ,  0.05025697, ..., -0.48172022,
         -0.26035479, -0.33002428],
        [-0.11158363, -0.05025697,  0.        , ..., -0.52515293,
         -0.30854955, -0.37704843],
        ...,
        [ 0.42691483,  0.48172022,  0.52515293, ...,  0.        ,
          0.23695171,  0.16552207],
        [ 0.2004834 ,  0.26035479,  0.30854955, ..., -0.23695171,
          0.        , -0.07287498],
        [ 0.27134574,  0.33002428,  0.37704843, ..., -0.16552207,
          0.07287498,  0.        ]],

       [[ 0.        ,  0.06558812, -0.08809308, ...,  0.52567089,
          0.27942437,  0.10539501],
        [-0.06558812,  0.        , -0.15323652, ...,  0.46874398,
          0.21584711,  0.03994525],
        [ 0.08809308,  0.15323652,  0.        , ...,  0.59856694,
          0.36292216,  0.1925877 ],
        ...,
        [-0.52567089, -0.46874398, -0.59856694, ...,  0.        ,
         -0.26702925, -0.43308486],
        [-0.27942437, -0.21584711, -0.36292216, ...,  0.26702925,
          0.        , -0.17667121],
        [-0.10539501, -0.03994525, -0.1925877 , ...,  0.43308486,
          0.17667121,  0.        ]],

       [[ 0.        ,  0.02180372,  0.07094602, ...,  0.19282889,
         -0.02832895, -0.39992094],
        [-0.02180372,  0.        ,  0.04918038, ...,  0.17138853,
         -0.05011718, -0.41981006],
        [-0.07094602, -0.04918038,  0.        , ...,  0.12272846,
         -0.0991751 , -0.46393875],
        ...,
        [-0.19282889, -0.17138853, -0.12272846, ...,  0.        ,
         -0.22054878, -0.56915263],
        [ 0.02832895,  0.05011718,  0.0991751 , ...,  0.22054878,
          0.        , -0.37379555],
        [ 0.39992094,  0.41981006,  0.46393875, ...,  0.56915263,
          0.37379555,  0.        ]],

       ...,

       [[ 0.        , -0.03116352,  0.01021888, ..., -0.87104545,
         -0.79715411, -0.92311595],
        [ 0.03116352,  0.        ,  0.04137581, ..., -0.85531479,
         -0.77795114, -0.93465065],
        [-0.01021888, -0.04137581,  0.        , ..., -0.87601951,
         -0.80328239, -0.91913837],
        ...,
        [ 0.87104545,  0.85531479,  0.87601951, ...,  0.        ,
          0.13435222, -0.78837267],
        [ 0.79715411,  0.77795114,  0.80328239, ..., -0.13435222,
          0.        , -0.86387821],
        [ 0.92311595,  0.93465065,  0.91913837, ...,  0.78837267,
          0.86387821,  0.        ]],

       [[ 0.        ,  0.        ,  0.27777629, ...,  0.34925308,
          0.23534851,  0.        ],
        [ 0.        ,  0.        ,  0.27777629, ...,  0.34925308,
          0.23534851,  0.        ],
        [-0.27777629, -0.27777629,  0.        , ...,  0.59579279,
          0.4960604 ,  0.27777629],
        ...,
        [-0.34925308, -0.34925308, -0.59579279, ...,  0.        ,
          0.11891469,  0.34925308],
        [-0.23534851, -0.23534851, -0.4960604 , ..., -0.11891469,
          0.        ,  0.23534851],
        [-0.        , -0.        , -0.27777629, ..., -0.34925308,
         -0.23534851,  0.        ]],

       [[ 0.        ,  0.        , -0.10380755, ...,  0.81174609,
          0.63370855,  0.33781754],
        [ 0.        ,  0.        , -0.10380755, ...,  0.81174609,
          0.63370855,  0.33781754],
        [ 0.10380755,  0.10380755,  0.        , ...,  0.86798526,
          0.71058748,  0.43369732],
        ...,
        [-0.81174609, -0.81174609, -0.86798526, ...,  0.        ,
         -0.25785151, -0.56673586],
        [-0.63370855, -0.63370855, -0.71058748, ...,  0.25785151,
          0.        , -0.33512769],
        [-0.33781754, -0.33781754, -0.43369732, ...,  0.56673586,
          0.33512769,  0.        ]]]), 'num': array([ 8.38553843e-01,  5.44326263e-01,  1.05081279e-06,  4.03051480e-03,
        4.39757954e-03,  4.01612010e-03,  1.86416491e-02, -3.23880653e-04,
        4.36447174e-03,  5.36418335e-03,  5.16385717e-03,  3.23341750e-07,
        6.94614076e-03,  3.78222594e-03])}
{'img': array([[[ 0.        ,  0.04215764,  0.09001285, ..., -0.20549446,
         -0.25560346, -0.84880819],
        [-0.04215764,  0.        ,  0.04794632, ..., -0.24656969,
         -0.29613345, -0.87034236],
        [-0.09001285, -0.04794632,  0.        , ..., -0.29275209,
         -0.34158864, -0.89295242],
        ...,
        [ 0.20549446,  0.24656969,  0.29275209, ...,  0.        ,
         -0.05148016, -0.72204806],
        [ 0.25560346,  0.29613345,  0.34158864, ...,  0.05148016,
          0.        , -0.68547446],
        [ 0.84880819,  0.87034236,  0.89295242, ...,  0.72204806,
          0.68547446,  0.        ]],

       [[ 0.        , -0.15323652,  0.05509374, ...,  0.21584711,
          0.03994525,  0.27174537],
        [ 0.15323652,  0.        ,  0.20744684, ...,  0.36292216,
          0.1925877 ,  0.41600604],
        [-0.05509374, -0.20744684,  0.        , ...,  0.16172425,
         -0.01516519,  0.21831212],
        ...,
        [-0.21584711, -0.36292216, -0.16172425, ...,  0.        ,
         -0.17667121,  0.05761495],
        [-0.03994525, -0.1925877 ,  0.01516519, ...,  0.17667121,
          0.        ,  0.2330864 ],
        [-0.27174537, -0.41600604, -0.21831212, ..., -0.05761495,
         -0.2330864 ,  0.        ]],

       [[ 0.        ,  0.04645646,  0.09477125, ..., -0.04690086,
         -0.35710097, -0.59215342],
        [-0.04645646,  0.        ,  0.04842157, ..., -0.09325556,
         -0.4001088 , -0.62894987],
        [-0.09477125, -0.04842157,  0.        , ..., -0.14135673,
         -0.44401627, -0.66585725],
        ...,
        [ 0.04690086,  0.09325556,  0.14135673, ...,  0.        ,
         -0.3128995 , -0.55370789],
        [ 0.35710097,  0.4001088 ,  0.44401627, ...,  0.3128995 ,
          0.        , -0.26534928],
        [ 0.59215342,  0.62894987,  0.66585725, ...,  0.55370789,
          0.26534928,  0.        ]],

       ...,

       [[ 0.        ,  0.03914874,  0.52890545, ..., -0.72970669,
         -0.99057182, -0.91495086],
        [-0.03914874,  0.        ,  0.4952752 , ..., -0.75591565,
         -0.9951756 , -0.89845038],
        [-0.52890545, -0.4952752 ,  0.        , ..., -0.98093257,
         -0.91313634, -0.56305332],
        ...,
        [ 0.72970669,  0.75591565,  0.98093257, ...,  0.        ,
         -0.57734792, -0.92009135],
        [ 0.99057182,  0.9951756 ,  0.91313634, ...,  0.57734792,
          0.        , -0.52510356],
        [ 0.91495086,  0.89845038,  0.56305332, ...,  0.92009135,
          0.52510356,  0.        ]],

       [[ 0.        ,  0.27395188,  0.24536464, ...,  0.39908642,
          0.32931862,  0.        ],
        [-0.27395188,  0.        , -0.02959958, ...,  0.63500886,
          0.57539054,  0.27395188],
        [-0.24536464,  0.02959958,  0.        , ...,  0.6118648 ,
          0.55092956,  0.24536464],
        ...,
        [-0.39908642, -0.63500886, -0.6118648 , ...,  0.        ,
          0.07486829,  0.39908642],
        [-0.32931862, -0.57539054, -0.55092956, ..., -0.07486829,
          0.        ,  0.32931862],
        [-0.        , -0.27395188, -0.24536464, ..., -0.39908642,
         -0.32931862,  0.        ]],

       [[ 0.        , -0.00980118,  0.2134012 , ...,  0.39149441,
          0.14967226, -0.51709205],
        [ 0.00980118,  0.        ,  0.22296636, ...,  0.40049446,
          0.15935585, -0.50867809],
        [-0.2134012 , -0.22296636,  0.        , ...,  0.18610858,
         -0.06477287, -0.6878371 ],
        ...,
        [-0.39149441, -0.40049446, -0.18610858, ...,  0.        ,
         -0.24935899, -0.81090974],
        [-0.14967226, -0.15935585,  0.06477287, ...,  0.24935899,
          0.        , -0.6393763 ],
        [ 0.51709205,  0.50867809,  0.6878371 , ...,  0.81090974,
          0.6393763 ,  0.        ]]]), 'num': array([7.93865102e-01, 6.07744619e-01, 6.16292991e-07, 4.04609746e-03,
       4.09968816e-03, 3.79824050e-03, 1.61358635e-02, 2.94748822e-04,
       3.98446817e-03, 4.93402829e-03, 4.80239615e-03, 3.78859968e-07,
       6.45822479e-03, 3.40983180e-03])}
{'img': array([[[ 0.        ,  0.04794632, -0.21450047, ..., -0.29613345,
         -0.87034236, -0.30458102],
        [-0.04794632,  0.        , -0.26108409, ..., -0.34158864,
         -0.89295242, -0.34989895],
        [ 0.21450047,  0.26108409,  0.        , ..., -0.08436123,
         -0.74445403, -0.09318277],
        ...,
        [ 0.29613345,  0.34158864,  0.08436123, ...,  0.        ,
         -0.68547446, -0.00885642],
        [ 0.87034236,  0.89295242,  0.74445403, ...,  0.68547446,
          0.        ,  0.67899924],
        [ 0.30458102,  0.34989895,  0.09318277, ...,  0.00885642,
         -0.67899924,  0.        ]],

       [[ 0.        ,  0.20744684,  0.21801708, ...,  0.1925877 ,
          0.41600604,  0.37481829],
        [-0.20744684,  0.        ,  0.01081769, ..., -0.01516519,
          0.21831212,  0.17434098],
        [-0.21801708, -0.01081769,  0.        , ..., -0.02598075,
          0.20774259,  0.16367876],
        ...,
        [-0.1925877 ,  0.01516519,  0.02598075, ...,  0.        ,
          0.2330864 ,  0.18925387],
        [-0.41600604, -0.21831212, -0.20774259, ..., -0.2330864 ,
          0.        , -0.04483304],
        [-0.37481829, -0.17434098, -0.16367876, ..., -0.18925387,
          0.04483304,  0.        ]],

       [[ 0.        ,  0.04146022, -0.00403776, ..., -0.29633574,
         -0.37081184, -0.71054607],
        [-0.04146022,  0.        , -0.04549417, ..., -0.33567892,
         -0.40899744, -0.73910862],
        [ 0.00403776,  0.04549417,  0.        , ..., -0.29247692,
         -0.36705892, -0.70769911],
        ...,
        [ 0.29633574,  0.33567892,  0.29247692, ...,  0.        ,
         -0.07894702, -0.47011422],
        [ 0.37081184,  0.40899744,  0.36705892, ...,  0.07894702,
          0.        , -0.39896783],
        [ 0.71054607,  0.73910862,  0.70769911, ...,  0.47011422,
          0.39896783,  0.        ]],

       ...,

       [[ 0.        ,  0.4952752 , -0.14099881, ..., -0.9951756 ,
         -0.89845038, -0.97792354],
        [-0.4952752 ,  0.        , -0.61281804, ..., -0.91313634,
         -0.56305332, -0.95305172],
        [ 0.14099881,  0.61281804,  0.        , ..., -0.9714002 ,
         -0.95138371, -0.93869032],
        ...,
        [ 0.9951756 ,  0.91313634,  0.9714002 , ...,  0.        ,
         -0.52510356,  0.11201104],
        [ 0.89845038,  0.56305332,  0.95138371, ...,  0.52510356,
          0.        ,  0.61712475],
        [ 0.97792354,  0.95305172,  0.93869032, ..., -0.11201104,
         -0.61712475,  0.        ]],

       [[ 0.        , -0.03089365, -0.09825203, ...,  0.56717989,
          0.26408776,  0.37275282],
        [ 0.03089365,  0.        , -0.06746096, ...,  0.54146535,
          0.23416483,  0.34390773],
        [ 0.09825203,  0.06746096,  0.        , ...,  0.48351586,
          0.16804604,  0.27977821],
        ...,
        [-0.56717989, -0.54146535, -0.48351586, ...,  0.        ,
          0.32954317,  0.21930666],
        [-0.26408776, -0.23416483, -0.16804604, ..., -0.32954317,
          0.        , -0.11446446],
        [-0.37275282, -0.34390773, -0.27977821, ..., -0.21930666,
          0.11446446,  0.        ]],

       [[ 0.        ,  0.16666807,  0.24931204, ...,  0.11644406,
         -0.21003954, -0.69004929],
        [-0.16666807,  0.        ,  0.0844197 , ..., -0.05071891,
         -0.37005192, -0.80102569],
        [-0.24931204, -0.0844197 ,  0.        , ..., -0.1348489 ,
         -0.44715777, -0.84870242],
        ...,
        [-0.11644406,  0.05071891,  0.1348489 , ...,  0.        ,
         -0.32245723, -0.76963289],
        [ 0.21003954,  0.37005192,  0.44715777, ...,  0.32245723,
          0.        , -0.52263757],
        [ 0.69004929,  0.80102569,  0.84870242, ...,  0.76963289,
          0.52263757,  0.        ]]]), 'num': array([7.94964048e-01, 6.06330622e-01, 5.80410542e-07, 4.28712332e-03,
       4.33329234e-03, 4.02989592e-03, 1.51384524e-02, 3.03396420e-04,
       3.99691805e-03, 4.82103506e-03, 4.72902680e-03, 4.61587629e-07,
       6.33964783e-03, 3.30242230e-03])}
{'img': array([[[ 0.        , -0.26108409, -0.26893906, ..., -0.89295242,
         -0.34989895, -0.00677823],
        [ 0.26108409,  0.        , -0.00814617, ..., -0.74445403,
         -0.09318277,  0.25453496],
        [ 0.26893906,  0.00814617,  0.        , ..., -0.73899035,
         -0.08506895,  0.26240438],
        ...,
        [ 0.89295242,  0.74445403,  0.73899035, ...,  0.        ,
          0.67899924,  0.88988068],
        [ 0.34989895,  0.09318277,  0.08506895, ..., -0.67899924,
          0.        ,  0.34354115],
        [ 0.00677823, -0.25453496, -0.26240438, ..., -0.88988068,
         -0.34354115,  0.        ]],

       [[ 0.        ,  0.01081769,  0.08075072, ...,  0.21831212,
          0.17434098,  0.14588801],
        [-0.01081769,  0.        ,  0.06996363, ...,  0.20774259,
          0.16367876,  0.13517751],
        [-0.08075072, -0.06996363,  0.        , ...,  0.13879625,
          0.09425759,  0.0655248 ],
        ...,
        [-0.21831212, -0.20774259, -0.13879625, ...,  0.        ,
         -0.04483304, -0.07360738],
        [-0.17434098, -0.16367876, -0.09425759, ...,  0.04483304,
          0.        , -0.02882194],
        [-0.14588801, -0.13517751, -0.0655248 , ...,  0.07360738,
          0.02882194,  0.        ]],

       [[ 0.        , -0.04549417, -0.08043191, ..., -0.40899744,
         -0.73910862, -0.41559066],
        [ 0.04549417,  0.        , -0.03500186, ..., -0.36705892,
         -0.70769911, -0.37378106],
        [ 0.08043191,  0.03500186,  0.        , ..., -0.33427535,
         -0.68253616, -0.3410872 ],
        ...,
        [ 0.40899744,  0.36705892,  0.33427535, ...,  0.        ,
         -0.39896783, -0.0072369 ],
        [ 0.73910862,  0.70769911,  0.68253616, ...,  0.39896783,
          0.        ,  0.39232139],
        [ 0.41559066,  0.37378106,  0.3410872 , ...,  0.0072369 ,
         -0.39232139,  0.        ]],

       ...,

       [[ 0.        , -0.61281804, -0.73936848, ..., -0.56305332,
         -0.95305172, -0.99964369],
        [ 0.61281804,  0.        , -0.17165575, ..., -0.95138371,
         -0.93869032, -0.7735849 ],
        [ 0.73936848,  0.17165575,  0.        , ..., -0.99013369,
         -0.86557705, -0.65332559],
        ...,
        [ 0.56305332,  0.95138371,  0.99013369, ...,  0.        ,
          0.61712475,  0.84115536],
        [ 0.95305172,  0.93869032,  0.86557705, ..., -0.61712475,
          0.        ,  0.3281389 ],
        [ 0.99964369,  0.7735849 ,  0.65332559, ..., -0.84115536,
         -0.3281389 ,  0.        ]],

       [[ 0.        , -0.06746096, -0.15523413, ...,  0.23416483,
          0.34390773,  0.44528645],
        [ 0.06746096,  0.        , -0.08823731, ...,  0.16804604,
          0.27977821,  0.38386831],
        [ 0.15523413,  0.08823731,  0.        , ...,  0.08040808,
          0.19397341,  0.30089376],
        ...,
        [-0.23416483, -0.16804604, -0.08040808, ...,  0.        ,
         -0.11446446, -0.2232377 ],
        [-0.34390773, -0.27977821, -0.19397341, ...,  0.11446446,
          0.        , -0.1101946 ],
        [-0.44528645, -0.38386831, -0.30089376, ...,  0.2232377 ,
          0.1101946 ,  0.        ]],

       [[ 0.        ,  0.0780277 ,  0.13838459, ..., -0.32643284,
         -0.57923132, -0.84082434],
        [-0.0780277 ,  0.        ,  0.06068572, ..., -0.39919098,
         -0.64107066, -0.88049785],
        [-0.13838459, -0.06068572,  0.        , ..., -0.45409602,
         -0.68646431, -0.9076431 ],
        ...,
        [ 0.32643284,  0.39919098,  0.45409602, ...,  0.        ,
         -0.28140521, -0.61806358],
        [ 0.57923132,  0.64107066,  0.68646431, ...,  0.28140521,
          0.        , -0.37186649],
        [ 0.84082434,  0.88049785,  0.9076431 , ...,  0.61806358,
          0.37186649,  0.        ]]]), 'num': array([ 7.89338833e-01,  6.13543797e-01,  5.52814576e-07,  4.18559607e-03,
        4.34354310e-03,  4.07371693e-03,  1.85497194e-02, -9.21357626e-05,
        4.02106793e-03,  4.76210270e-03,  4.71702199e-03,  3.94654228e-07,
        6.29225283e-03,  3.23195258e-03])}
{'img': array([[[ 0.        , -0.00814617, -0.11106181, ..., -0.09318277,
          0.25453496,  0.15903083],
        [ 0.00814617,  0.        , -0.10296235, ..., -0.08506895,
          0.26240438,  0.16706806],
        [ 0.11106181,  0.10296235,  0.        , ...,  0.01797228,
          0.36036411,  0.26769538],
        ...,
        [ 0.09318277,  0.08506895, -0.01797228, ...,  0.        ,
          0.34354115,  0.25033579],
        [-0.25453496, -0.26240438, -0.36036411, ..., -0.34354115,
          0.        , -0.09750272],
        [-0.15903083, -0.16706806, -0.26769538, ..., -0.25033579,
          0.09750272,  0.        ]],

       [[ 0.        ,  0.06996363, -0.18225887, ...,  0.16367876,
          0.13517751,  0.26093784],
        [-0.06996363,  0.        , -0.25060404, ...,  0.09425759,
          0.0655248 ,  0.19275864],
        [ 0.18225887,  0.25060404,  0.        , ...,  0.3407381 ,
          0.31349936,  0.43251191],
        ...,
        [-0.16367876, -0.09425759, -0.3407381 , ...,  0.        ,
         -0.02882194,  0.09941055],
        [-0.13517751, -0.0655248 , -0.31349936, ...,  0.02882194,
          0.        ,  0.12804843],
        [-0.26093784, -0.19275864, -0.43251191, ..., -0.09941055,
         -0.12804843,  0.        ]],

       [[ 0.        , -0.03500186, -0.11368906, ..., -0.70769911,
         -0.37378106, -0.29539607],
        [ 0.03500186,  0.        , -0.07884448, ..., -0.68253616,
         -0.3410872 , -0.26177517],
        [ 0.11368906,  0.07884448,  0.        , ..., -0.62278775,
         -0.26590907, -0.18486516],
        ...,
        [ 0.70769911,  0.68253616,  0.62278775, ...,  0.        ,
          0.39232139,  0.4674165 ],
        [ 0.37378106,  0.3410872 ,  0.26590907, ..., -0.39232139,
          0.        ,  0.08311617],
        [ 0.29539607,  0.26177517,  0.18486516, ..., -0.4674165 ,
         -0.08311617,  0.        ]],

       ...,

       [[ 0.        , -0.17165575, -0.24882657, ..., -0.93869032,
         -0.7735849 , -0.90148581],
        [ 0.17165575,  0.        , -0.07887639, ..., -0.86557705,
         -0.65332559, -0.81381095],
        [ 0.24882657,  0.07887639,  0.        , ..., -0.82338087,
         -0.59157458, -0.76543803],
        ...,
        [ 0.93869032,  0.86557705,  0.82338087, ...,  0.        ,
          0.3281389 ,  0.09547572],
        [ 0.7735849 ,  0.65332559,  0.59157458, ..., -0.3281389 ,
          0.        , -0.2364507 ],
        [ 0.90148581,  0.81381095,  0.76543803, ..., -0.09547572,
          0.2364507 ,  0.        ]],

       [[ 0.        , -0.08823731, -0.09901203, ...,  0.27977821,
          0.38386831,  0.4896094 ],
        [ 0.08823731,  0.        , -0.0108221 , ...,  0.19397341,
          0.30089376,  0.41076187],
        [ 0.09901203,  0.0108221 ,  0.        , ...,  0.18334549,
          0.29055556,  0.40087084],
        ...,
        [-0.27977821, -0.19397341, -0.18334549, ...,  0.        ,
         -0.1101946 , -0.22610635],
        [-0.38386831, -0.30089376, -0.29055556, ...,  0.1101946 ,
          0.        , -0.11738852],
        [-0.4896094 , -0.41076187, -0.40087084, ...,  0.22610635,
          0.11738852,  0.        ]],

       [[ 0.        ,  0.05659521,  0.06479244, ..., -0.55684863,
         -0.67487605, -0.90963544],
        [-0.05659521,  0.        ,  0.00821229, ..., -0.6029649 ,
         -0.71555773, -0.93168756],
        [-0.06479244, -0.00821229,  0.        , ..., -0.60949606,
         -0.72127033, -0.93463935],
        ...,
        [ 0.55684863,  0.6029649 ,  0.60949606, ...,  0.        ,
         -0.14964556, -0.52423685],
        [ 0.67487605,  0.71555773,  0.72127033, ...,  0.14964556,
          0.        , -0.39089974],
        [ 0.90963544,  0.93168756,  0.93463935, ...,  0.52423685,
          0.39089974,  0.        ]]]), 'num': array([ 7.74038780e-01,  6.32959787e-01,  4.53630202e-07,  4.03082837e-03,
        4.20580002e-03,  4.01138708e-03,  8.30753727e-03, -9.07260405e-05,
        3.98157709e-03,  4.64452523e-03,  4.64560530e-03,  3.84873137e-07,
        6.17352312e-03,  3.11552734e-03])}
{'img': array([[[ 0.        , -0.10296235, -0.04167411, ...,  0.26240438,
          0.16706806,  0.06356755],
        [ 0.10296235,  0.        ,  0.06142028, ...,  0.36036411,
          0.26769538,  0.16598381],
        [ 0.04167411, -0.06142028,  0.        , ...,  0.30239018,
          0.20801132,  0.10510215],
        ...,
        [-0.26240438, -0.36036411, -0.30239018, ...,  0.        ,
         -0.09750272, -0.20053366],
        [-0.16706806, -0.26769538, -0.20801132, ...,  0.09750272,
          0.        , -0.10405604],
        [-0.06356755, -0.16598381, -0.10510215, ...,  0.20053366,
          0.10405604,  0.        ]],

       [[ 0.        , -0.25060404, -0.31480024, ...,  0.0655248 ,
          0.19275864, -0.23076619],
        [ 0.25060404,  0.        , -0.06689205, ...,  0.31349936,
          0.43251191,  0.02043767],
        [ 0.31480024,  0.06689205,  0.        , ...,  0.37631711,
          0.49185494,  0.08726998],
        ...,
        [-0.0655248 , -0.31349936, -0.37631711, ...,  0.        ,
          0.12804843, -0.2940265 ],
        [-0.19275864, -0.43251191, -0.49185494, ..., -0.12804843,
          0.        , -0.41399439],
        [ 0.23076619, -0.02043767, -0.08726998, ...,  0.2940265 ,
          0.41399439,  0.        ]],

       [[ 0.        , -0.07884448, -0.16329795, ..., -0.3410872 ,
         -0.26177517, -0.21345651],
        [ 0.07884448,  0.        , -0.08500346, ..., -0.26590907,
         -0.18486516, -0.1357647 ],
        [ 0.16329795,  0.08500346,  0.        , ..., -0.18300348,
         -0.10065774, -0.05105689],
        ...,
        [ 0.3410872 ,  0.26590907,  0.18300348, ...,  0.        ,
          0.08311617,  0.13257014],
        [ 0.26177517,  0.18486516,  0.10065774, ..., -0.08311617,
          0.        ,  0.04972887],
        [ 0.21345651,  0.1357647 ,  0.05105689, ..., -0.13257014,
         -0.04972887,  0.        ]],

       ...,

       [[ 0.        , -0.07887639, -0.04884738, ..., -0.65332559,
         -0.81381095, -0.82270733],
        [ 0.07887639,  0.        ,  0.03008704, ..., -0.59157458,
         -0.76543803, -0.77530563],
        [ 0.04884738, -0.03008704,  0.        , ..., -0.61556445,
         -0.78445281, -0.79395719],
        ...,
        [ 0.65332559,  0.59157458,  0.61556445, ...,  0.        ,
         -0.2364507 , -0.25146001],
        [ 0.81381095,  0.76543803,  0.78445281, ...,  0.2364507 ,
          0.        , -0.01547649],
        [ 0.82270733,  0.77530563,  0.79395719, ...,  0.25146001,
          0.01547649,  0.        ]],

       [[ 0.        , -0.0108221 , -0.00155752, ...,  0.30089376,
          0.41076187,  0.46598289],
        [ 0.0108221 ,  0.        ,  0.00926466, ...,  0.29055556,
          0.40087084,  0.45638027],
        [ 0.00155752, -0.00926466,  0.        , ...,  0.29940805,
          0.40934131,  0.46460424],
        ...,
        [-0.30089376, -0.29055556, -0.29940805, ...,  0.        ,
         -0.11738852, -0.17815924],
        [-0.41076187, -0.40087084, -0.40934131, ...,  0.11738852,
          0.        , -0.06141696],
        [-0.46598289, -0.45638027, -0.46460424, ...,  0.17815924,
          0.06141696,  0.        ]],

       [[ 0.        ,  0.0077132 ,  0.01098873, ..., -0.6349293 ,
         -0.75158209, -0.95160638],
        [-0.0077132 ,  0.        ,  0.00327567, ..., -0.6408694 ,
         -0.75664766, -0.95394849],
        [-0.01098873, -0.00327567,  0.        , ..., -0.64338053,
         -0.75878531, -0.95492598],
        ...,
        [ 0.6349293 ,  0.6408694 ,  0.64338053, ...,  0.        ,
         -0.16182546, -0.5400566 ],
        [ 0.75158209,  0.75664766,  0.75878531, ...,  0.16182546,
          0.        , -0.39674137],
        [ 0.95160638,  0.95394849,  0.95492598, ...,  0.5400566 ,
          0.39674137,  0.        ]]]), 'num': array([ 7.51792343e-01,  6.59148575e-01,  3.02757411e-07,  3.86015699e-03,
        3.96738357e-03,  3.72139318e-03,  1.37011479e-02, -6.30744606e-05,
        3.94089230e-03,  4.43791905e-03,  4.52138759e-03,  4.07287093e-07,
        5.87935141e-03,  2.99648669e-03])}
{'img': array([[[ 0.        ,  0.06142028,  0.06987353, ...,  0.26769538,
          0.16598381,  0.08655934],
        [-0.06142028,  0.        ,  0.00847146, ...,  0.20801132,
          0.10510215,  0.02520617],
        [-0.06987353, -0.00847146,  0.        , ...,  0.1997177 ,
          0.09667384,  0.0167365 ],
        ...,
        [-0.26769538, -0.20801132, -0.1997177 , ...,  0.        ,
         -0.10405604, -0.1832904 ],
        [-0.16598381, -0.10510215, -0.09667384, ...,  0.10405604,
          0.        , -0.08000219],
        [-0.08655934, -0.02520617, -0.0167365 , ...,  0.1832904 ,
          0.08000219,  0.        ]],

       [[ 0.        , -0.06689205, -0.17203478, ...,  0.43251191,
          0.02043767,  0.28297598],
        [ 0.06689205,  0.        , -0.10575471, ...,  0.49185494,
          0.08726998,  0.34650014],
        [ 0.17203478,  0.10575471,  0.        , ...,  0.58117495,
          0.19213182,  0.44376026],
        ...,
        [-0.43251191, -0.49185494, -0.58117495, ...,  0.        ,
         -0.41399439, -0.15969472],
        [-0.02043767, -0.08726998, -0.19213182, ...,  0.41399439,
          0.        ,  0.26331455],
        [-0.28297598, -0.34650014, -0.44376026, ...,  0.15969472,
         -0.26331455,  0.        ]],

       [[ 0.        , -0.08500346, -0.20011778, ..., -0.18486516,
         -0.1357647 , -0.00461087],
        [ 0.08500346,  0.        , -0.11610949, ..., -0.10065774,
         -0.05105689,  0.08040837],
        [ 0.20011778,  0.11610949,  0.        , ...,  0.01554285,
          0.06524649,  0.19559805],
        ...,
        [ 0.18486516,  0.10065774, -0.01554285, ...,  0.        ,
          0.04972887,  0.18033179],
        [ 0.1357647 ,  0.05105689, -0.06524649, ..., -0.04972887,
          0.        ,  0.13119507],
        [ 0.00461087, -0.08040837, -0.19559805, ..., -0.18033179,
         -0.13119507,  0.        ]],

       ...,

       [[ 0.        ,  0.03008704,  0.34215078, ..., -0.76543803,
         -0.77530563, -0.68607941],
        [-0.03008704,  0.        ,  0.31372474, ..., -0.78445281,
         -0.79395719, -0.70765793],
        [-0.34215078, -0.31372474,  0.        , ..., -0.93941738,
         -0.94460983, -0.89359494],
        ...,
        [ 0.76543803,  0.78445281,  0.93941738, ...,  0.        ,
         -0.01547649,  0.11537789],
        [ 0.77530563,  0.79395719,  0.94460983, ...,  0.01547649,
          0.        ,  0.1307372 ],
        [ 0.68607941,  0.70765793,  0.89359494, ..., -0.11537789,
         -0.1307372 ,  0.        ]],

       [[ 0.        ,  0.00926466,  0.01768943, ...,  0.40087084,
          0.45638027,  0.67064087],
        [-0.00926466,  0.        ,  0.00842546, ...,  0.40934131,
          0.46460424,  0.67748445],
        [-0.01768943, -0.00842546,  0.        , ...,  0.41701401,
          0.47204865,  0.68365764],
        ...,
        [-0.40087084, -0.40934131, -0.41701401, ...,  0.        ,
         -0.06141696, -0.31703844],
        [-0.45638027, -0.46460424, -0.47204865, ...,  0.06141696,
          0.        , -0.25819131],
        [-0.67064087, -0.67748445, -0.68365764, ...,  0.31703844,
          0.25819131,  0.        ]],

       [[ 0.        ,  0.00317506,  0.00552689, ..., -0.71170172,
         -0.84026272, -0.96250598],
        [-0.00317506,  0.        ,  0.00235185, ..., -0.71392856,
         -0.84197994, -0.9633624 ],
        [-0.00552689, -0.00235185,  0.        , ..., -0.7155734 ,
         -0.84324645, -0.96399051],
        ...,
        [ 0.71170172,  0.71392856,  0.7155734 , ...,  0.        ,
         -0.2043992 , -0.48308639],
        [ 0.84026272,  0.84197994,  0.84324645, ...,  0.2043992 ,
          0.        , -0.29392093],
        [ 0.96250598,  0.9633624 ,  0.96399051, ...,  0.48308639,
          0.29392093,  0.        ]]]), 'num': array([ 7.65433931e-01,  6.43216046e-01,  4.28834686e-07,  3.70357229e-03,
        3.91149213e-03,  3.63859733e-03,  1.54918609e-02, -2.72894800e-04,
        4.01545206e-03,  4.46735285e-03,  4.65415584e-03,  4.35520514e-07,
        5.88703683e-03,  3.04766888e-03])}
{'img': array([[[ 0.        ,  0.00847146,  0.02520617, ...,  0.10510215,
          0.02520617, -0.42637431],
        [-0.00847146,  0.        ,  0.0167365 , ...,  0.09667384,
          0.0167365 , -0.43402184],
        [-0.02520617, -0.0167365 ,  0.        , ...,  0.08000219,
          0.        , -0.449039  ],
        ...,
        [-0.10510215, -0.09667384, -0.08000219, ...,  0.        ,
         -0.08000219, -0.51908262],
        [-0.02520617, -0.0167365 ,  0.        , ...,  0.08000219,
          0.        , -0.449039  ],
        [ 0.42637431,  0.43402184,  0.449039  , ...,  0.51908262,
          0.449039  ,  0.        ]],

       [[ 0.        , -0.10575471,  0.03624761, ...,  0.08726998,
          0.34650014,  0.3972154 ],
        [ 0.10575471,  0.        ,  0.14172956, ...,  0.19213182,
          0.44376026,  0.4920417 ],
        [-0.03624761, -0.14172956,  0.        , ...,  0.05110331,
          0.31227037,  0.36368902],
        ...,
        [-0.08726998, -0.19213182, -0.05110331, ...,  0.        ,
          0.26331455,  0.31561003],
        [-0.34650014, -0.44376026, -0.31227037, ..., -0.26331455,
          0.        ,  0.05461589],
        [-0.3972154 , -0.4920417 , -0.36368902, ..., -0.31561003,
         -0.05461589,  0.        ]],

       [[ 0.        , -0.11610949, -0.12559738, ..., -0.05105689,
          0.08040837, -0.00258909],
        [ 0.11610949,  0.        , -0.00955784, ...,  0.06524649,
          0.19559805,  0.11353752],
        [ 0.12559738,  0.00955784,  0.        , ...,  0.07478098,
          0.20496234,  0.12302837],
        ...,
        [ 0.05105689, -0.06524649, -0.07478098, ...,  0.        ,
          0.13119507,  0.048471  ],
        [-0.08040837, -0.19559805, -0.20496234, ..., -0.13119507,
          0.        , -0.08298881],
        [ 0.00258909, -0.11353752, -0.12302837, ..., -0.048471  ,
          0.08298881,  0.        ]],

       ...,

       [[ 0.        ,  0.31372474,  0.32330564, ..., -0.79395719,
         -0.70765793, -0.66606995],
        [-0.31372474,  0.        ,  0.01010719, ..., -0.94460983,
         -0.89359494, -0.86644665],
        [-0.32330564, -0.01010719,  0.        , ..., -0.94787872,
         -0.89808616, -0.87144861],
        ...,
        [ 0.79395719,  0.94460983,  0.94787872, ...,  0.        ,
          0.1307372 ,  0.18725117],
        [ 0.70765793,  0.89359494,  0.89808616, ..., -0.1307372 ,
          0.        ,  0.05721928],
        [ 0.66606995,  0.86644665,  0.87144861, ..., -0.18725117,
         -0.05721928,  0.        ]],

       [[ 0.        ,  0.00842546, -0.0788555 , ...,  0.46460424,
          0.67748445,  0.83253037],
        [-0.00842546,  0.        , -0.08725192, ...,  0.47204865,
          0.68365764,  0.83716835],
        [ 0.0788555 ,  0.08725192,  0.        , ...,  0.39332949,
          0.61737365,  0.78625359],
        ...,
        [-0.46460424, -0.47204865, -0.39332949, ...,  0.        ,
         -0.25819131, -0.47983981],
        [-0.67748445, -0.68365764, -0.61737365, ...,  0.25819131,
          0.        , -0.23704454],
        [-0.83253037, -0.83716835, -0.78625359, ...,  0.47983981,
          0.23704454,  0.        ]],

       [[ 0.        ,  0.00228027,  0.02789238, ..., -0.78613151,
         -0.85514131, -0.9709595 ],
        [-0.00228027,  0.        ,  0.02561292, ..., -0.78753881,
         -0.85632117, -0.97150252],
        [-0.02789238, -0.02561292,  0.        , ..., -0.8030648 ,
         -0.86926787, -0.97725481],
        ...,
        [ 0.78613151,  0.78753881,  0.8030648 , ...,  0.        ,
         -0.12100138, -0.41203333],
        [ 0.85514131,  0.85632117,  0.86926787, ...,  0.12100138,
          0.        , -0.29875317],
        [ 0.9709595 ,  0.97150252,  0.97725481, ...,  0.41203333,
          0.29875317,  0.        ]]]), 'num': array([7.30080555e-01, 6.83090129e-01, 1.47768635e-07, 3.91586882e-03,
       3.95896800e-03, 3.62033155e-03, 1.54019248e-02, 4.06363745e-04,
       3.78780267e-03, 4.15845566e-03, 4.41304870e-03, 5.45119449e-07,
       5.39525746e-03, 2.92165386e-03])}
{'img': array([[[ 0.        ,  0.0167365 ,  0.17121439, ...,  0.0167365 ,
         -0.43402184,  0.1997177 ],
        [-0.0167365 ,  0.        ,  0.15470104, ...,  0.        ,
         -0.449039  ,  0.1832904 ],
        [-0.17121439, -0.15470104,  0.        , ..., -0.15470104,
         -0.58186043,  0.02900361],
        ...,
        [-0.0167365 ,  0.        ,  0.15470104, ...,  0.        ,
         -0.449039  ,  0.1832904 ],
        [ 0.43402184,  0.449039  ,  0.58186043, ...,  0.449039  ,
          0.        ,  0.60520395],
        [-0.1997177 , -0.1832904 , -0.02900361, ..., -0.1832904 ,
         -0.60520395,  0.        ]],

       [[ 0.        ,  0.14172956,  0.18387531, ...,  0.44376026,
          0.4920417 ,  0.51731845],
