state_0,state_1,state_2,state_3,state_4,state_5,state_6,state_7,state_8,state_9,state_10,state_11,state_12,state_13,state_14,state_15,state_16,state_17,state_18,state_19,state_20,state_21,state_22,state_23,state_24,state_25,state_26,state_27,state_28,state_29,state_30,state_31,state_32,state_33,state_34,state_35,state_36,state_37,state_38,state_39,state_40,state_41,state_42,state_43,state_44,state_45,state_46,state_47,state_48,state_49,state_50,state_51,state_52,state_53,state_54,state_55,state_56,state_57,state_58,state_59,state_60,state_61,state_62,state_63,state_64,state_65,state_66,state_67,state_68,state_69,state_70,state_71,state_72,state_73,state_74,state_75,state_76,state_77,state_78,state_79,state_80,state_81,state_82,state_83,state_84,state_85,state_86,state_87,state_88,state_89,state_90,state_91,state_92,state_93,state_94,state_95,state_96,state_97,state_98,state_99,state_100,state_101,state_102,state_103,state_104,state_105,state_106,state_107,state_108,state_109,state_110,state_111,state_112,state_113,state_114,state_115,state_116,state_117,state_118,state_119,state_120,state_121,state_122,state_123,state_124,state_125,state_126,state_127,state_128,state_129,state_130,state_131,state_132,state_133,state_134,state_135,state_136,state_137,state_138,state_139,state_140,state_141,state_142,state_143,state_144,state_145,state_146,state_147,state_148,state_149,state_150,state_151,state_152,state_153,state_154,state_155,state_156,state_157,state_158,state_159,state_160,state_161,state_162,state_163,state_164,state_165,state_166,state_167,state_168,state_169,state_170,state_171,state_172,state_173,state_174,state_175,state_176,state_177,state_178,state_179,state_180,state_181,state_182,state_183,state_184,state_185,state_186,state_187,state_188,state_189,state_190,state_191,state_192,state_193,state_194,state_195,state_196,state_197,state_198,state_199,state_200,state_201,state_202,state_203,state_204,state_205,state_206,state_207,state_208,state_209,state_210,state_211,state_212,state_213,state_214,state_215,state_216,state_217,state_218,state_219,state_220,state_221,state_222,state_223,state_224,state_225,state_226,state_227,state_228,state_229,state_230,state_231,state_232,state_233,state_234,state_235,state_236,state_237,state_238,state_239,state_240,state_241,state_242,state_243,state_244,state_245,state_246,state_247,state_248,state_249,state_250,state_251,state_252,state_253,state_254,state_255,state_256,state_257,state_258,state_259,state_260,state_261,state_262,state_263,state_264,state_265,state_266,state_267,state_268,state_269,state_270,state_271,state_272,state_273,state_274,state_275,state_276,state_277,state_278,state_279,state_280,state_281,state_282,state_283,state_284,state_285,state_286,state_287
{'img': array([[[ 0.00000000e+00,  1.24482006e-02, -1.64030412e-01, ...,
         -2.71209263e-01, -2.81525731e-01, -6.95356721e-01],
        [-1.24482006e-02,  0.00000000e+00, -1.76297296e-01, ...,
         -2.83169896e-01, -2.93448635e-01, -7.04248926e-01],
        [ 1.64030412e-01,  1.76297296e-01,  0.00000000e+00, ...,
         -1.09653191e-01, -1.20316559e-01, -5.68055434e-01],
        ...,
        [ 2.71209263e-01,  2.83169896e-01,  1.09653191e-01, ...,
          0.00000000e+00, -1.07344156e-02, -4.74386495e-01],
        [ 2.81525731e-01,  2.93448635e-01,  1.20316559e-01, ...,
          1.07344156e-02,  0.00000000e+00, -4.64909478e-01],
        [ 6.95356721e-01,  7.04248926e-01,  5.68055434e-01, ...,
          4.74386495e-01,  4.64909478e-01,  0.00000000e+00]],

       [[ 0.00000000e+00,  2.65090091e-04, -2.01121288e-01, ...,
         -3.17676769e-02, -4.40874836e-01,  4.51976483e-01],
        [-2.65090091e-04,  0.00000000e+00, -2.01380955e-01, ...,
         -3.20326320e-02, -4.41112757e-01,  4.51739999e-01],
        [ 2.01121288e-01,  2.01380955e-01,  0.00000000e+00, ...,
          1.69901231e-01, -2.51346000e-01,  6.22147146e-01],
        ...,
        [ 3.17676769e-02,  3.20326320e-02, -1.69901231e-01, ...,
          0.00000000e+00, -4.12138648e-01,  4.80086078e-01],
        [ 4.40874836e-01,  4.41112757e-01,  2.51346000e-01, ...,
          4.12138648e-01,  0.00000000e+00,  7.98953411e-01],
        [-4.51976483e-01, -4.51739999e-01, -6.22147146e-01, ...,
         -4.80086078e-01, -7.98953411e-01,  0.00000000e+00]],

       [[ 0.00000000e+00,  5.89236420e-02,  5.89236420e-02, ...,
         -1.92896161e-01, -1.90510176e-01, -2.86002870e-01],
        [-5.89236420e-02,  0.00000000e+00,  0.00000000e+00, ...,
         -2.50378010e-01, -2.48023632e-01, -3.41968266e-01],
        [-5.89236420e-02,  0.00000000e+00,  0.00000000e+00, ...,
         -2.50378010e-01, -2.48023632e-01, -3.41968266e-01],
        ...,
        [ 1.92896161e-01,  2.50378010e-01,  2.50378010e-01, ...,
          0.00000000e+00,  2.43107259e-03, -9.57928505e-02],
        [ 1.90510176e-01,  2.48023632e-01,  2.48023632e-01, ...,
         -2.43107259e-03,  0.00000000e+00, -9.82124602e-02],
        [ 2.86002870e-01,  3.41968266e-01,  3.41968266e-01, ...,
          9.57928505e-02,  9.82124602e-02,  0.00000000e+00]],

       ...,

       [[ 0.00000000e+00, -9.95490495e-02, -2.25592001e-01, ...,
         -2.29001453e-01, -3.21625686e-01, -8.67474562e-01],
        [ 9.95490495e-02,  0.00000000e+00, -1.27488547e-01, ...,
         -1.30960283e-01, -2.25768361e-01, -8.13641703e-01],
        [ 2.25592001e-01,  1.27488547e-01,  0.00000000e+00, ...,
         -3.50108669e-03, -9.97291795e-02, -7.32884832e-01],
        ...,
        [ 2.29001453e-01,  1.30960283e-01,  3.50108669e-03, ...,
          0.00000000e+00, -9.62449358e-02, -7.30498367e-01],
        [ 3.21625686e-01,  2.25768361e-01,  9.97291795e-02, ...,
          9.62449358e-02,  0.00000000e+00, -6.61380103e-01],
        [ 8.67474562e-01,  8.13641703e-01,  7.32884832e-01, ...,
          7.30498367e-01,  6.61380103e-01,  0.00000000e+00]],

       [[ 0.00000000e+00, -5.17927496e-03,  2.18994968e-03, ...,
          1.71883672e-01,  1.90341287e-01,  1.47082349e-01],
        [ 5.17927496e-03,  0.00000000e+00,  7.36918285e-03, ...,
          1.76983560e-01,  1.95423321e-01,  1.52203322e-01],
        [-2.18994968e-03, -7.36918285e-03,  0.00000000e+00, ...,
          1.69725903e-01,  1.88190917e-01,  1.44915863e-01],
        ...,
        [-1.71883672e-01, -1.76983560e-01, -1.69725903e-01, ...,
          0.00000000e+00,  1.87671944e-02, -2.51209489e-02],
        [-1.90341287e-01, -1.95423321e-01, -1.88190917e-01, ...,
         -1.87671944e-02,  0.00000000e+00, -4.38777965e-02],
        [-1.47082349e-01, -1.52203322e-01, -1.44915863e-01, ...,
          2.51209489e-02,  4.38777965e-02,  0.00000000e+00]],

       [[ 0.00000000e+00,  9.23799361e-03,  2.48930327e-02, ...,
         -9.50658733e-01, -9.28173724e-01, -8.86326092e-01],
        [-9.23799361e-03,  0.00000000e+00,  1.56568395e-02, ...,
         -9.53484149e-01, -9.31572011e-01, -8.90566032e-01],
        [-2.48930327e-02, -1.56568395e-02,  0.00000000e+00, ...,
         -9.58086922e-01, -9.37149974e-01, -8.97578446e-01],
        ...,
        [ 9.50658733e-01,  9.53484149e-01,  9.58086922e-01, ...,
          0.00000000e+00,  6.58296929e-02,  1.65241023e-01],
        [ 9.28173724e-01,  9.31572011e-01,  9.37149974e-01, ...,
         -6.58296929e-02,  0.00000000e+00,  9.99578484e-02],
        [ 8.86326092e-01,  8.90566032e-01,  8.97578446e-01, ...,
         -1.65241023e-01, -9.99578484e-02,  0.00000000e+00]]]), 'num': array([7.06747781e-01, 7.06747781e-01, 0.00000000e+00, 1.09691699e-02,
       1.11357902e-02, 1.08997448e-02, 3.98593252e-03, 8.33101510e-05,
       1.13107415e-02, 1.13232380e-02, 1.10596540e-02, 5.18781160e-07,
       1.21060629e-02, 1.05404132e-02])}
{'img': array([[[ 0.        , -0.1762973 , -0.13131698, ..., -0.29344863,
         -0.70424893, -0.65934282],
        [ 0.1762973 ,  0.        ,  0.04551048, ..., -0.12031656,
         -0.56805543, -0.51646773],
        [ 0.13131698, -0.04551048,  0.        , ..., -0.16537177,
         -0.60492153, -0.55490352],
        ...,
        [ 0.29344863,  0.12031656,  0.16537177, ...,  0.        ,
         -0.46490948, -0.40968802],
        [ 0.70424893,  0.56805543,  0.60492153, ...,  0.46490948,
          0.        ,  0.06138172],
        [ 0.65934282,  0.51646773,  0.55490352, ...,  0.40968802,
         -0.06138172,  0.        ]],

       [[ 0.        , -0.20138095, -0.3061012 , ..., -0.44111276,
          0.45174   ,  0.19993887],
        [ 0.20138095,  0.        , -0.10811565, ..., -0.251346  ,
          0.62214715,  0.39315747],
        [ 0.3061012 ,  0.10811565,  0.        , ..., -0.14522785,
          0.7031441 ,  0.49026213],
        ...,
        [ 0.44111276,  0.251346  ,  0.14522785, ...,  0.        ,
          0.79895341,  0.61164145],
        [-0.45174   , -0.62214715, -0.7031441 , ..., -0.79895341,
          0.        , -0.26424324],
        [-0.19993887, -0.39315747, -0.49026213, ..., -0.61164145,
          0.26424324,  0.        ]],

       [[ 0.        ,  0.        , -0.0483648 , ..., -0.24802363,
         -0.34196827, -0.47038032],
        [ 0.        ,  0.        , -0.0483648 , ..., -0.24802363,
         -0.34196827, -0.47038032],
        [ 0.0483648 ,  0.0483648 ,  0.        , ..., -0.20087978,
         -0.29611911, -0.42714966],
        ...,
        [ 0.24802363,  0.24802363,  0.20087978, ...,  0.        ,
         -0.09821246, -0.23681093],
        [ 0.34196827,  0.34196827,  0.29611911, ...,  0.09821246,
          0.        , -0.14024718],
        [ 0.47038032,  0.47038032,  0.42714966, ...,  0.23681093,
          0.14024718,  0.        ]],

       ...,

       [[ 0.        , -0.12748855,  0.00607798, ..., -0.22576836,
         -0.8136417 , -0.72329247],
        [ 0.12748855,  0.        ,  0.13351457, ..., -0.09972918,
         -0.73288483, -0.62935426],
        [-0.00607798, -0.13351457,  0.        , ..., -0.23168524,
         -0.81716021, -0.72747621],
        ...,
        [ 0.22576836,  0.09972918,  0.23168524, ...,  0.        ,
         -0.6613801 , -0.5487153 ],
        [ 0.8136417 ,  0.73288483,  0.81716021, ...,  0.6613801 ,
          0.        ,  0.1413555 ],
        [ 0.72329247,  0.62935426,  0.72747621, ...,  0.5487153 ,
         -0.1413555 ,  0.        ]],

       [[ 0.        ,  0.00736918,  0.00236752, ...,  0.19542332,
          0.15220332,  0.08609218],
        [-0.00736918,  0.        , -0.0050017 , ...,  0.18819092,
          0.14491586,  0.07874802],
        [-0.00236752,  0.0050017 ,  0.        , ...,  0.1931009 ,
          0.14986296,  0.08373321],
        ...,
        [-0.19542332, -0.18819092, -0.1931009 , ...,  0.        ,
         -0.0438778 , -0.11026551],
        [-0.15220332, -0.14491586, -0.14986296, ...,  0.0438778 ,
          0.        , -0.06654908],
        [-0.08609218, -0.07874802, -0.08373321, ...,  0.11026551,
          0.06654908,  0.        ]],

       [[ 0.        ,  0.01565684,  0.01998281, ..., -0.93157201,
         -0.89056603, -0.8168794 ],
        [-0.01565684,  0.        ,  0.00432664, ..., -0.93714997,
         -0.89757845, -0.82581027],
        [-0.01998281, -0.00432664,  0.        , ..., -0.93865088,
         -0.89947747, -0.82824254],
        ...,
        [ 0.93157201,  0.93714997,  0.93865088, ...,  0.        ,
          0.09995785,  0.24035655],
        [ 0.89056603,  0.89757845,  0.89947747, ..., -0.09995785,
          0.        ,  0.14212521],
        [ 0.8168794 ,  0.82581027,  0.82824254, ..., -0.24035655,
         -0.14212521,  0.        ]]]), 'num': array([ 9.60298499e-01,  2.75621366e-01,  8.71090499e-07,  1.48842855e-02,
        1.51494000e-02,  1.47517282e-02,  3.27791355e-03, -7.57469999e-05,
        1.52365090e-02,  1.54893147e-02,  1.50610285e-02,  7.27513559e-07,
        1.63563180e-02,  1.46223113e-02])}
{'img': array([[[ 0.        ,  0.04551048,  0.11575225, ..., -0.56805543,
         -0.51646773, -0.55104209],
        [-0.04551048,  0.        ,  0.07042775, ..., -0.60492153,
         -0.55490352, -0.58844861],
        [-0.11575225, -0.07042775,  0.        , ..., -0.65950001,
         -0.61211551, -0.64393069],
        ...,
        [ 0.56805543,  0.60492153,  0.65950001, ...,  0.        ,
          0.06138172,  0.02052715],
        [ 0.51646773,  0.55490352,  0.61211551, ..., -0.06138172,
          0.        , -0.04088034],
        [ 0.55104209,  0.58844861,  0.64393069, ..., -0.02052715,
          0.04088034,  0.        ]],

       [[ 0.        , -0.10811565,  0.09089096, ...,  0.62214715,
          0.39315747, -0.04276838],
        [ 0.10811565,  0.        ,  0.19802633, ...,  0.7031441 ,
          0.49026213,  0.06549903],
        [-0.09089096, -0.19802633,  0.        , ...,  0.54841342,
          0.30795852, -0.13339916],
        ...,
        [-0.62214715, -0.7031441 , -0.54841342, ...,  0.        ,
         -0.26424324, -0.65506127],
        [-0.39315747, -0.49026213, -0.30795852, ...,  0.26424324,
          0.        , -0.43212203],
        [ 0.04276838, -0.06549903,  0.13339916, ...,  0.65506127,
          0.43212203,  0.        ]],

       [[ 0.        , -0.0483648 , -0.05101077, ..., -0.34196827,
         -0.47038032, -0.56952824],
        [ 0.0483648 ,  0.        , -0.00264924, ..., -0.29611911,
         -0.42714966, -0.52910724],
        [ 0.05101077,  0.00264924,  0.        , ..., -0.29358765,
         -0.42475277, -0.52685736],
        ...,
        [ 0.34196827,  0.29611911,  0.29358765, ...,  0.        ,
         -0.14024718, -0.25410398],
        [ 0.47038032,  0.42714966,  0.42475277, ...,  0.14024718,
          0.        , -0.11594872],
        [ 0.56952824,  0.52910724,  0.52685736, ...,  0.25410398,
          0.11594872,  0.        ]],

       ...,

       [[ 0.        ,  0.13351457,  0.298684  , ..., -0.73288483,
         -0.62935426, -0.60326909],
        [-0.13351457,  0.        ,  0.16858993, ..., -0.81716021,
         -0.72747621, -0.70435084],
        [-0.298684  , -0.16858993,  0.        , ..., -0.90264063,
         -0.83273841, -0.81394286],
        ...,
        [ 0.73288483,  0.81716021,  0.90264063, ...,  0.        ,
          0.1413555 ,  0.17406753],
        [ 0.62935426,  0.72747621,  0.83273841, ..., -0.1413555 ,
          0.        ,  0.03312217],
        [ 0.60326909,  0.70435084,  0.81394286, ..., -0.17406753,
         -0.03312217,  0.        ]],

       [[ 0.        , -0.0050017 ,  0.013125  , ...,  0.14491586,
          0.07874802, -0.02630251],
        [ 0.0050017 ,  0.        ,  0.01812611, ...,  0.14986296,
          0.08373321, -0.0213022 ],
        [-0.013125  , -0.01812611,  0.        , ...,  0.13191693,
          0.06565699, -0.0394207 ],
        ...,
        [-0.14491586, -0.14986296, -0.13191693, ...,  0.        ,
         -0.06654908, -0.17089058],
        [-0.07874802, -0.08373321, -0.06565699, ...,  0.06654908,
          0.        , -0.1049416 ],
        [ 0.02630251,  0.0213022 ,  0.0394207 , ...,  0.17089058,
          0.1049416 ,  0.        ]],

       [[ 0.        ,  0.00432664, -0.00570212, ..., -0.89757845,
         -0.82581027, -0.69687453],
        [-0.00432664,  0.        , -0.01002865, ..., -0.89947747,
         -0.82824254, -0.69997105],
        [ 0.00570212,  0.01002865,  0.        , ..., -0.89505004,
         -0.82258114, -0.69277368],
        ...,
        [ 0.89757845,  0.89947747,  0.89505004, ...,  0.        ,
          0.14212521,  0.33651657],
        [ 0.82581027,  0.82824254,  0.82258114, ..., -0.14212521,
          0.        ,  0.19926436],
        [ 0.69687453,  0.69997105,  0.69277368, ..., -0.33651657,
         -0.19926436,  0.        ]]]), 'num': array([ 9.59275615e-01,  2.79125722e-01,  8.82165879e-07,  1.47858672e-02,
        1.51885951e-02,  1.46899796e-02,  3.28835002e-03, -2.87662787e-04,
        1.51962661e-02,  1.56929639e-02,  1.52298268e-02,  6.52851714e-07,
        1.65407838e-02,  1.48451440e-02])}
{'img': array([[[ 0.        ,  0.07042775,  0.05849875, ..., -0.55490352,
         -0.58844861, -0.70695782],
        [-0.07042775,  0.        , -0.01195365, ..., -0.61211551,
         -0.64393069, -0.75501279],
        [-0.05849875,  0.01195365,  0.        , ..., -0.60261921,
         -0.63473914, -0.74712071],
        ...,
        [ 0.55490352,  0.61211551,  0.60261921, ...,  0.        ,
         -0.04088034, -0.19566992],
        [ 0.58844861,  0.64393069,  0.63473914, ...,  0.04088034,
          0.        , -0.15541623],
        [ 0.70695782,  0.75501279,  0.74712071, ...,  0.19566992,
          0.15541623,  0.        ]],

       [[ 0.        ,  0.19802633,  0.32100435, ...,  0.49026213,
          0.06549903,  0.05642843],
        [-0.19802633,  0.        ,  0.12710108, ...,  0.30795852,
         -0.13339916, -0.14239984],
        [-0.32100435, -0.12710108,  0.        , ...,  0.18453696,
         -0.25828236, -0.26705076],
        ...,
        [-0.49026213, -0.30795852, -0.18453696, ...,  0.        ,
         -0.43212203, -0.44029935],
        [-0.06549903,  0.13339916,  0.25828236, ...,  0.43212203,
          0.        , -0.00908741],
        [-0.05642843,  0.14239984,  0.26705076, ...,  0.44029935,
          0.00908741,  0.        ]],

       [[ 0.        , -0.00264924, -0.01583801, ..., -0.42714966,
         -0.52910724, -0.64459959],
        [ 0.00264924,  0.        , -0.01318905, ..., -0.42475277,
         -0.52685736, -0.64257193],
        [ 0.01583801,  0.01318905,  0.        , ..., -0.41277566,
         -0.51560146, -0.63241026],
        ...,
        [ 0.42714966,  0.42475277,  0.41277566, ...,  0.        ,
         -0.11594872, -0.25627005],
        [ 0.52910724,  0.52685736,  0.51560146, ...,  0.11594872,
          0.        , -0.14246492],
        [ 0.64459959,  0.64257193,  0.63241026, ...,  0.25627005,
          0.14246492,  0.        ]],

       ...,

       [[ 0.        ,  0.16858993, -0.03782284, ..., -0.72747621,
         -0.70435084, -0.79639016],
        [-0.16858993,  0.        , -0.20575075, ..., -0.83273841,
         -0.81394286, -0.88695121],
        [ 0.03782284,  0.20575075,  0.        , ..., -0.70100418,
         -0.67699823, -0.77294569],
        ...,
        [ 0.72747621,  0.83273841,  0.70100418, ...,  0.        ,
          0.03312217, -0.10646411],
        [ 0.70435084,  0.81394286,  0.67699823, ..., -0.03312217,
          0.        , -0.13933961],
        [ 0.79639016,  0.88695121,  0.77294569, ...,  0.10646411,
          0.13933961,  0.        ]],

       [[ 0.        ,  0.01812611,  0.02917003, ...,  0.08373321,
         -0.0213022 , -0.03710089],
        [-0.01812611,  0.        ,  0.01104684, ...,  0.06565699,
         -0.0394207 , -0.05520843],
        [-0.02917003, -0.01104684,  0.        , ...,  0.05462999,
         -0.05045655, -0.06623504],
        ...,
        [-0.08373321, -0.06565699, -0.05462999, ...,  0.        ,
         -0.1049416 , -0.12064616],
        [ 0.0213022 ,  0.0394207 ,  0.05045655, ...,  0.1049416 ,
          0.        , -0.01580493],
        [ 0.03710089,  0.05520843,  0.06623504, ...,  0.12064616,
          0.01580493,  0.        ]],

       [[ 0.        , -0.01002865, -0.01744317, ..., -0.82824254,
         -0.69997105, -0.67725671],
        [ 0.01002865,  0.        , -0.00741517, ..., -0.82258114,
         -0.69277368, -0.66984411],
        [ 0.01744317,  0.00741517,  0.        , ..., -0.8183419 ,
         -0.68740714, -0.66431992],
        ...,
        [ 0.82824254,  0.82258114,  0.8183419 , ...,  0.        ,
          0.19926436,  0.2298626 ],
        [ 0.69997105,  0.69277368,  0.68740714, ..., -0.19926436,
          0.        ,  0.0313242 ],
        [ 0.67725671,  0.66984411,  0.66431992, ..., -0.2298626 ,
         -0.0313242 ,  0.        ]]]), 'num': array([ 8.85549431e-01,  4.62828649e-01,  5.49701928e-07,  1.36361543e-02,
        1.37957452e-02,  1.34588311e-02,  3.79916735e-03, -3.54646405e-05,
        1.38312098e-02,  1.44864190e-02,  1.40593656e-02,  5.38827411e-07,
        1.53430553e-02,  1.36297828e-02])}
{'img': array([[[ 0.        , -0.01195365,  0.35236771, ..., -0.64393069,
         -0.75501279, -0.76879554],
        [ 0.01195365,  0.        ,  0.36352949, ..., -0.63473914,
         -0.74712071, -0.76109631],
        [-0.35236771, -0.36352949,  0.        , ..., -0.87222087,
         -0.93763855, -0.94482352],
        ...,
        [ 0.64393069,  0.63473914,  0.87222087, ...,  0.        ,
         -0.15541623, -0.17640279],
        [ 0.75501279,  0.74712071,  0.93763855, ...,  0.15541623,
          0.        , -0.02128033],
        [ 0.76879554,  0.76109631,  0.94482352, ...,  0.17640279,
          0.02128033,  0.        ]],

       [[ 0.        ,  0.12710108,  0.68537866, ..., -0.13339916,
         -0.14239984,  0.05789377],
        [-0.12710108,  0.        ,  0.58726675, ..., -0.25828236,
         -0.26705076, -0.06946366],
        [-0.68537866, -0.58726675,  0.        , ..., -0.77639253,
         -0.7820878 , -0.64207163],
        ...,
        [ 0.13339916,  0.25828236,  0.77639253, ...,  0.        ,
         -0.00908741,  0.19055175],
        [ 0.14239984,  0.26705076,  0.7820878 , ...,  0.00908741,
          0.        ,  0.19946478],
        [-0.05789377,  0.06946366,  0.64207163, ..., -0.19055175,
         -0.19946478,  0.        ]],

       [[ 0.        , -0.01318905,  0.04285943, ..., -0.52685736,
         -0.64257193, -0.74964271],
        [ 0.01318905,  0.        ,  0.05603263, ..., -0.51560146,
         -0.63241026, -0.74084843],
        [-0.04285943, -0.05603263,  0.        , ..., -0.56280177,
         -0.67482146, -0.77732008],
        ...,
        [ 0.52685736,  0.51560146,  0.56280177, ...,  0.        ,
         -0.14246492, -0.28846489],
        [ 0.64257193,  0.63241026,  0.67482146, ...,  0.14246492,
          0.        , -0.1491137 ],
        [ 0.74964271,  0.74084843,  0.77732008, ...,  0.28846489,
          0.1491137 ,  0.        ]],

       ...,

       [[ 0.        , -0.20575075,  0.06974665, ..., -0.81394286,
         -0.88695121, -0.93708321],
        [ 0.20575075,  0.        ,  0.27350407, ..., -0.67699823,
         -0.77294569, -0.84520494],
        [-0.06974665, -0.27350407,  0.        , ..., -0.85247966,
         -0.91700465, -0.95915015],
        ...,
        [ 0.81394286,  0.67699823,  0.85247966, ...,  0.        ,
         -0.13933961, -0.26024135],
        [ 0.88695121,  0.77294569,  0.91700465, ...,  0.13933961,
          0.        , -0.12316413],
        [ 0.93708321,  0.84520494,  0.95915015, ...,  0.26024135,
          0.12316413,  0.        ]],

       [[ 0.        ,  0.01104684,  0.09677283, ..., -0.0394207 ,
         -0.05520843, -0.01976017],
        [-0.01104684,  0.        ,  0.08577194, ..., -0.05045655,
         -0.06623504, -0.03080365],
        [-0.09677283, -0.08577194,  0.        , ..., -0.13593329,
         -0.15157454, -0.11642136],
        ...,
        [ 0.0394207 ,  0.05045655,  0.13593329, ...,  0.        ,
         -0.01580493,  0.01966819],
        [ 0.05520843,  0.06623504,  0.15157454, ...,  0.01580493,
          0.        ,  0.03546761],
        [ 0.01976017,  0.03080365,  0.11642136, ..., -0.01966819,
         -0.03546761,  0.        ]],

       [[ 0.        , -0.00741517, -0.0360905 , ..., -0.69277368,
         -0.66984411, -0.73206282],
        [ 0.00741517,  0.        , -0.02867917, ..., -0.68740714,
         -0.66431992, -0.7269912 ],
        [ 0.0360905 ,  0.02867917,  0.        , ..., -0.6662955 ,
         -0.64261046, -0.7069997 ],
        ...,
        [ 0.69277368,  0.68740714,  0.6662955 , ...,  0.        ,
          0.0313242 , -0.05598765],
        [ 0.66984411,  0.66431992,  0.64261046, ..., -0.0313242 ,
          0.        , -0.08723525],
        [ 0.73206282,  0.7269912 ,  0.7069997 , ...,  0.05598765,
          0.08723525,  0.        ]]]), 'num': array([ 8.81928998e-01,  4.69683072e-01,  5.57842931e-07,  1.32982557e-02,
        1.36401594e-02,  1.31902861e-02,  4.65246403e-03, -5.39847998e-04,
        1.38740935e-02,  1.46388782e-02,  1.42336923e-02,  5.59164593e-07,
        1.57012501e-02,  1.35765064e-02])}
{'img': array([[[ 0.        ,  0.36352949,  0.73029548, ..., -0.74712071,
         -0.76109631, -0.93616939],
        [-0.36352949,  0.        ,  0.43199222, ..., -0.93763855,
         -0.94482352, -0.99991772],
        [-0.73029548, -0.43199222,  0.        , ..., -0.99580054,
         -0.99362684, -0.89626154],
        ...,
        [ 0.74712071,  0.93763855,  0.99580054, ...,  0.        ,
         -0.02128033, -0.35961118],
        [ 0.76109631,  0.94482352,  0.99362684, ...,  0.02128033,
          0.        , -0.33967302],
        [ 0.93616939,  0.99991772,  0.89626154, ...,  0.35961118,
          0.33967302,  0.        ]],

       [[ 0.        ,  0.58726675,  0.47849572, ..., -0.26705076,
         -0.06946366,  0.09305005],
        [-0.58726675,  0.        , -0.12838169, ..., -0.7820878 ,
         -0.64207163, -0.50940475],
        [-0.47849572,  0.12838169,  0.        , ..., -0.69561251,
         -0.53833524, -0.39471342],
        ...,
        [ 0.26705076,  0.7820878 ,  0.69561251, ...,  0.        ,
          0.19946478,  0.35556285],
        [ 0.06946366,  0.64207163,  0.53833524, ..., -0.19946478,
          0.        ,  0.16198757],
        [-0.09305005,  0.50940475,  0.39471342, ..., -0.35556285,
         -0.16198757,  0.        ]],

       [[ 0.        ,  0.05603263,  0.20882172, ..., -0.63241026,
         -0.74084843, -0.81229766],
        [-0.05603263,  0.        ,  0.15369632, ..., -0.67482146,
         -0.77732008, -0.84370214],
        [-0.20882172, -0.15369632,  0.        , ..., -0.78022829,
         -0.86477523, -0.91618335],
        ...,
        [ 0.63241026,  0.67482146,  0.78022829, ...,  0.        ,
         -0.1491137 , -0.26038418],
        [ 0.74084843,  0.77732008,  0.86477523, ...,  0.1491137 ,
          0.        , -0.11350306],
        [ 0.81229766,  0.84370214,  0.91618335, ...,  0.26038418,
          0.11350306,  0.        ]],

       ...,

       [[ 0.        ,  0.27350407,  0.78923844, ..., -0.77294569,
         -0.84520494, -0.83224386],
        [-0.27350407,  0.        ,  0.59119018, ..., -0.91700465,
         -0.95915015, -0.95214443],
        [-0.78923844, -0.59119018,  0.        , ..., -0.97540564,
         -0.94083169, -0.94863151],
        ...,
        [ 0.77294569,  0.91700465,  0.97540564, ...,  0.        ,
         -0.12316413, -0.09950696],
        [ 0.84520494,  0.95915015,  0.94083169, ...,  0.12316413,
          0.        ,  0.0238035 ],
        [ 0.83224386,  0.95214443,  0.94863151, ...,  0.09950696,
         -0.0238035 ,  0.        ]],

       [[ 0.        ,  0.08577194,  0.22516306, ..., -0.06623504,
         -0.03080365,  0.06313644],
        [-0.08577194,  0.        ,  0.14076388, ..., -0.15157454,
         -0.11642136, -0.02269704],
        [-0.22516306, -0.14076388,  0.        , ..., -0.28920282,
         -0.25506886, -0.16319868],
        ...,
        [ 0.06623504,  0.15157454,  0.28920282, ...,  0.        ,
          0.03546761,  0.1291007 ],
        [ 0.03080365,  0.11642136,  0.25506886, ..., -0.03546761,
          0.        ,  0.09384867],
        [-0.06313644,  0.02269704,  0.16319868, ..., -0.1291007 ,
         -0.09384867,  0.        ]],

       [[ 0.        , -0.02867917, -0.16943525, ..., -0.66431992,
         -0.7269912 , -0.85560813],
        [ 0.02867917,  0.        , -0.14110105, ..., -0.64261046,
         -0.7069997 , -0.84041116],
        [ 0.16943525,  0.14110105,  0.        , ..., -0.52807063,
         -0.6001377 , -0.7555334 ],
        ...,
        [ 0.66431992,  0.64261046,  0.52807063, ...,  0.        ,
         -0.08723525, -0.29565488],
        [ 0.7269912 ,  0.7069997 ,  0.6001377 , ...,  0.08723525,
          0.        , -0.21119239],
        [ 0.85560813,  0.84041116,  0.7555334 , ...,  0.29565488,
          0.21119239,  0.        ]]]), 'num': array([7.74544257e-01, 6.31545069e-01, 1.88902494e-07, 1.19165990e-02,
       1.21055015e-02, 1.16804709e-02, 4.39957058e-03, 2.83353742e-04,
       1.20330889e-02, 1.27343894e-02, 1.24268981e-02, 5.24729151e-07,
       1.37051654e-02, 1.17636134e-02])}
{'img': array([[[ 0.        ,  0.43199222,  0.3226901 , ..., -0.94482352,
         -0.99991772, -0.97957966],
        [-0.43199222,  0.        , -0.11785576, ..., -0.99362684,
         -0.89626154, -0.97031551],
        [-0.3226901 ,  0.11785576,  0.        , ..., -0.99998663,
         -0.94228733, -0.99205565],
        ...,
        [ 0.94482352,  0.99362684,  0.99998663, ...,  0.        ,
         -0.33967302, -0.13092764],
        [ 0.99991772,  0.89626154,  0.94228733, ...,  0.33967302,
          0.        ,  0.21360594],
        [ 0.97957966,  0.97031551,  0.99205565, ...,  0.13092764,
         -0.21360594,  0.        ]],

       [[ 0.        , -0.12838169, -0.42924717, ..., -0.64207163,
         -0.50940475, -0.44927651],
        [ 0.12838169,  0.        , -0.3097424 , ..., -0.53833524,
         -0.39471342, -0.33086341],
        [ 0.42924717,  0.3097424 ,  0.        , ..., -0.25083074,
         -0.09070898, -0.02229443],
        ...,
        [ 0.64207163,  0.53833524,  0.25083074, ...,  0.        ,
          0.16198757,  0.2291867 ],
        [ 0.50940475,  0.39471342,  0.09070898, ..., -0.16198757,
          0.        ,  0.06848392],
        [ 0.44927651,  0.33086341,  0.02229443, ..., -0.2291867 ,
         -0.06848392,  0.        ]],

       [[ 0.        ,  0.15369632,  0.30229856, ..., -0.77732008,
         -0.84370214, -0.88743442],
        [-0.15369632,  0.        ,  0.15220131, ..., -0.86477523,
         -0.91618335, -0.9477339 ],
        [-0.30229856, -0.15220131,  0.        , ..., -0.93112946,
         -0.96650547, -0.98525397],
        ...,
        [ 0.77732008,  0.86477523,  0.93112946, ...,  0.        ,
         -0.11350306, -0.19999647],
        [ 0.84370214,  0.91618335,  0.96650547, ...,  0.11350306,
          0.        , -0.0874941 ],
        [ 0.88743442,  0.9477339 ,  0.98525397, ...,  0.19999647,
          0.0874941 ,  0.        ]],

       ...,

       [[ 0.        ,  0.59119018,  0.21925022, ..., -0.95915015,
         -0.95214443, -0.92607921],
        [-0.59119018,  0.        , -0.39997337, ..., -0.94083169,
         -0.94863151, -0.96998599],
        [-0.21925022,  0.39997337,  0.        , ..., -0.99783808,
         -0.99599098, -0.98627597],
        ...,
        [ 0.95915015,  0.94083169,  0.99783808, ...,  0.        ,
          0.0238035 ,  0.09992983],
        [ 0.95214443,  0.94863151,  0.99599098, ..., -0.0238035 ,
          0.        ,  0.07621716],
        [ 0.92607921,  0.96998599,  0.98627597, ..., -0.09992983,
         -0.07621716,  0.        ]],

       [[ 0.        ,  0.14076388,  0.24102657, ..., -0.11642136,
         -0.02269704, -0.04750702],
        [-0.14076388,  0.        ,  0.10201276, ..., -0.25506886,
         -0.16319868, -0.18763895],
        [-0.24102657, -0.10201276,  0.        , ..., -0.35237666,
         -0.26299238, -0.28686087],
        ...,
        [ 0.11642136,  0.25506886,  0.35237666, ...,  0.        ,
          0.09384867,  0.06910594],
        [ 0.02269704,  0.16319868,  0.26299238, ..., -0.09384867,
          0.        , -0.02482337],
        [ 0.04750702,  0.18763895,  0.28686087, ..., -0.06910594,
          0.02482337,  0.        ]],

       [[ 0.        , -0.14110105, -0.14862869, ..., -0.7069997 ,
         -0.84041116, -0.89171723],
        [ 0.14110105,  0.        , -0.00760784, ..., -0.6001377 ,
         -0.7555334 , -0.81893444],
        [ 0.14862869,  0.00760784,  0.        , ..., -0.59403484,
         -0.75052756, -0.81454469],
        ...,
        [ 0.7069997 ,  0.6001377 ,  0.59403484, ...,  0.        ,
         -0.21119239, -0.31065168],
        [ 0.84041116,  0.7555334 ,  0.75052756, ...,  0.21119239,
          0.        , -0.10290139],
        [ 0.89171723,  0.81893444,  0.81454469, ...,  0.31065168,
          0.10290139,  0.        ]]]), 'num': array([7.52332902e-01, 6.57905899e-01, 1.21998712e-07, 1.18033754e-02,
       1.18033754e-02, 1.15441281e-02, 2.97934579e-03, 2.59247262e-04,
       1.16203773e-02, 1.22890827e-02, 1.20120440e-02, 5.80577625e-07,
       1.32368464e-02, 1.13413190e-02])}
{'img': array([[[ 0.        , -0.11785576,  0.        , ..., -0.89626154,
         -0.97031551, -0.99820017],
        [ 0.11785576,  0.        ,  0.11785576, ..., -0.94228733,
         -0.99205565, -0.99831127],
        [ 0.        , -0.11785576,  0.        , ..., -0.89626154,
         -0.97031551, -0.99820017],
        ...,
        [ 0.89626154,  0.94228733,  0.89626154, ...,  0.        ,
          0.21360594,  0.38897866],
        [ 0.97031551,  0.99205565,  0.97031551, ..., -0.21360594,
          0.        ,  0.18321722],
        [ 0.99820017,  0.99831127,  0.99820017, ..., -0.38897866,
         -0.18321722,  0.        ]],

       [[ 0.        , -0.3097424 , -0.71660057, ..., -0.39471342,
         -0.33086341, -0.60458334],
        [ 0.3097424 ,  0.        , -0.46531822, ..., -0.09070898,
         -0.02229443, -0.32812744],
        [ 0.71660057,  0.46531822,  0.        , ...,  0.38310946,
          0.4454688 ,  0.1491153 ],
        ...,
        [ 0.39471342,  0.09070898, -0.38310946, ...,  0.        ,
          0.06848392, -0.24108798],
        [ 0.33086341,  0.02229443, -0.4454688 , ..., -0.06848392,
          0.        , -0.30698583],
        [ 0.60458334,  0.32812744, -0.1491153 , ...,  0.24108798,
          0.30698583,  0.        ]],

       [[ 0.        ,  0.15220131,  0.31978748, ..., -0.91618335,
         -0.9477339 , -0.95774712],
        [-0.15220131,  0.        ,  0.17185269, ..., -0.96650547,
         -0.98525397, -0.99036377],
        [-0.31978748, -0.17185269,  0.        , ..., -0.99623175,
         -0.99999971, -0.99942975],
        ...,
        [ 0.91618335,  0.96650547,  0.99623175, ...,  0.        ,
         -0.0874941 , -0.12032112],
        [ 0.9477339 ,  0.98525397,  0.99999971, ...,  0.0874941 ,
          0.        , -0.03300123],
        [ 0.95774712,  0.99036377,  0.99942975, ...,  0.12032112,
          0.03300123,  0.        ]],

       ...,

       [[ 0.        , -0.39997337, -0.36775096, ..., -0.94863151,
         -0.96998599, -0.99565022],
        [ 0.39997337,  0.        ,  0.03489137, ..., -0.99599098,
         -0.98627597, -0.94980557],
        [ 0.36775096, -0.03489137,  0.        , ..., -0.99850569,
         -0.99143618, -0.96014269],
        ...,
        [ 0.94863151,  0.99599098,  0.99850569, ...,  0.        ,
          0.07621716,  0.22662295],
        [ 0.96998599,  0.98627597,  0.99143618, ..., -0.07621716,
          0.        ,  0.15172957],
        [ 0.99565022,  0.94980557,  0.96014269, ..., -0.22662295,
         -0.15172957,  0.        ]],

       [[ 0.        ,  0.10201276,  0.19114415, ..., -0.16319868,
         -0.18763895, -0.22074761],
        [-0.10201276,  0.        ,  0.09001512, ..., -0.26299238,
         -0.28686087, -0.31909219],
        [-0.19114415, -0.09001512,  0.        , ..., -0.34877114,
         -0.37192832, -0.40310627],
        ...,
        [ 0.16319868,  0.26299238,  0.34877114, ...,  0.        ,
         -0.02482337, -0.05861537],
        [ 0.18763895,  0.28686087,  0.37192832, ...,  0.02482337,
          0.        , -0.03381662],
        [ 0.22074761,  0.31909219,  0.40310627, ...,  0.05861537,
          0.03381662,  0.        ]],

       [[ 0.        , -0.00760784,  0.04591932, ..., -0.7555334 ,
         -0.81893444, -0.84701639],
        [ 0.00760784,  0.        ,  0.05351781, ..., -0.75052756,
         -0.81454469, -0.8429478 ],
        [-0.04591932, -0.05351781,  0.        , ..., -0.78481864,
         -0.84442309, -0.8705321 ],
        ...,
        [ 0.7555334 ,  0.75052756,  0.78481864, ...,  0.        ,
         -0.10290139, -0.15327257],
        [ 0.81893444,  0.81454469,  0.84442309, ...,  0.10290139,
          0.        , -0.05077343],
        [ 0.84701639,  0.8429478 ,  0.8705321 , ...,  0.15327257,
          0.05077343,  0.        ]]]), 'num': array([ 7.23368237e-01,  6.89694521e-01,  4.40179297e-08,  1.12245721e-02,
        1.14446617e-02,  1.10191551e-02,  2.46129188e-03, -1.32053789e-04,
        1.11629470e-02,  1.17784644e-02,  1.15253613e-02,  4.91570788e-07,
        1.27143386e-02,  1.08425901e-02])}
{'img': array([[[ 0.        ,  0.11785576,  0.03402184, ..., -0.99205565,
         -0.99831127, -0.99928369],
        [-0.11785576,  0.        , -0.08400281, ..., -0.97031551,
         -0.99820017, -0.98785939],
        [-0.03402184,  0.08400281,  0.        , ..., -0.9872014 ,
         -0.99970971, -0.99741771],
        ...,
        [ 0.99205565,  0.97031551,  0.9872014 , ...,  0.        ,
          0.18321722,  0.08816724],
        [ 0.99831127,  0.99820017,  0.99970971, ..., -0.18321722,
          0.        , -0.09582893],
        [ 0.99928369,  0.98785939,  0.99741771, ..., -0.08816724,
          0.09582893,  0.        ]],

       [[ 0.        , -0.46531822, -0.11681046, ..., -0.02229443,
         -0.32812744, -0.45803461],
        [ 0.46531822,  0.        ,  0.35873875, ...,  0.4454688 ,
          0.1491153 ,  0.00821102],
        [ 0.11681046, -0.35873875,  0.        , ...,  0.09463962,
         -0.21553809, -0.35106218],
        ...,
        [ 0.02229443, -0.4454688 , -0.09463962, ...,  0.        ,
         -0.30698583, -0.43810248],
        [ 0.32812744, -0.1491153 ,  0.21553809, ...,  0.30698583,
          0.        , -0.14099106],
        [ 0.45803461, -0.00821102,  0.35106218, ...,  0.43810248,
          0.14099106,  0.        ]],

       [[ 0.        ,  0.17185269,  0.4027543 , ..., -0.98525397,
         -0.99036377, -0.99254724],
        [-0.17185269,  0.        ,  0.23946422, ..., -0.99999971,
         -0.99942975, -0.99872283],
        [-0.4027543 , -0.23946422,  0.        , ..., -0.97072153,
         -0.96226564, -0.95756638],
        ...,
        [ 0.98525397,  0.99999971,  0.97072153, ...,  0.        ,
         -0.03300123, -0.0497596 ],
        [ 0.99036377,  0.99942975,  0.96226564, ...,  0.03300123,
          0.        , -0.01677215],
        [ 0.99254724,  0.99872283,  0.95756638, ...,  0.0497596 ,
          0.01677215,  0.        ]],

       ...,

       [[ 0.        ,  0.03489137, -0.03122716, ..., -0.98627597,
         -0.94980557, -0.98533588],
        [-0.03489137,  0.        , -0.06608249, ..., -0.99143618,
         -0.96014269, -0.99068929],
        [ 0.03122716,  0.06608249,  0.        , ..., -0.98063921,
         -0.93957323, -0.97952718],
        ...,
        [ 0.98627597,  0.99143618,  0.98063921, ...,  0.        ,
          0.15172957,  0.00560021],
        [ 0.94980557,  0.96014269,  0.93957323, ..., -0.15172957,
          0.        , -0.14619181],
        [ 0.98533588,  0.99068929,  0.97952718, ..., -0.00560021,
          0.14619181,  0.        ]],

       [[ 0.        ,  0.09001512,  0.1470604 , ..., -0.28686087,
         -0.31909219, -0.33695021],
        [-0.09001512,  0.        ,  0.05742696, ..., -0.37192832,
         -0.40310627, -0.42033359],
        [-0.1470604 , -0.05742696,  0.        , ..., -0.42462177,
         -0.45499549, -0.4717474 ],
        ...,
        [ 0.28686087,  0.37192832,  0.42462177, ...,  0.        ,
         -0.03381662, -0.052703  ],
        [ 0.31909219,  0.40310627,  0.45499549, ...,  0.03381662,
          0.        , -0.01890323],
        [ 0.33695021,  0.42033359,  0.4717474 , ...,  0.052703  ,
          0.01890323,  0.        ]],

       [[ 0.        ,  0.05351781,  0.24230515, ..., -0.81454469,
         -0.8429478 , -0.87700322],
        [-0.05351781,  0.        ,  0.19003491, ..., -0.84442309,
         -0.8705321 , -0.90146086],
        [-0.24230515, -0.19003491,  0.        , ..., -0.93083274,
         -0.94818707, -0.96729247],
        ...,
        [ 0.81454469,  0.84442309,  0.93083274, ...,  0.        ,
         -0.05077343, -0.11737418],
        [ 0.8429478 ,  0.8705321 ,  0.94818707, ...,  0.05077343,
          0.        , -0.06680032],
        [ 0.87700322,  0.90146086,  0.96729247, ...,  0.11737418,
          0.06680032,  0.        ]]]), 'num': array([7.17954388e-01, 6.95334186e-01, 2.91122288e-08, 1.13101009e-02,
       1.14265498e-02, 1.11354275e-02, 2.74697168e-03, 1.74673373e-04,
