state_0,state_1,state_2,state_3,state_4,state_5,state_6,state_7,state_8,state_9,state_10,state_11,state_12,state_13,state_14,state_15,state_16,state_17,state_18,state_19,state_20,state_21,state_22,state_23,state_24,state_25,state_26,state_27,state_28,state_29,state_30,state_31,state_32,state_33,state_34,state_35,state_36,state_37,state_38,state_39,state_40,state_41,state_42,state_43,state_44,state_45,state_46,state_47,state_48,state_49,state_50,state_51,state_52,state_53,state_54,state_55,state_56,state_57,state_58,state_59,state_60,state_61,state_62,state_63,state_64,state_65,state_66,state_67,state_68,state_69,state_70,state_71,state_72,state_73,state_74,state_75,state_76,state_77,state_78,state_79,state_80,state_81,state_82,state_83,state_84,state_85,state_86,state_87,state_88,state_89,state_90,state_91,state_92,state_93,state_94,state_95,state_96,state_97,state_98,state_99,state_100,state_101,state_102,state_103,state_104,state_105,state_106,state_107,state_108,state_109,state_110,state_111,state_112,state_113,state_114,state_115,state_116,state_117,state_118,state_119,state_120,state_121,state_122,state_123,state_124,state_125,state_126,state_127,state_128,state_129,state_130,state_131,state_132,state_133,state_134,state_135,state_136,state_137,state_138,state_139,state_140,state_141,state_142,state_143,state_144,state_145,state_146,state_147,state_148,state_149,state_150,state_151,state_152,state_153,state_154,state_155,state_156,state_157,state_158,state_159,state_160,state_161,state_162,state_163,state_164,state_165,state_166,state_167,state_168,state_169,state_170,state_171,state_172,state_173,state_174,state_175,state_176,state_177,state_178,state_179,state_180,state_181,state_182,state_183,state_184,state_185,state_186,state_187,state_188,state_189,state_190,state_191,state_192,state_193,state_194,state_195,state_196,state_197,state_198,state_199,state_200,state_201,state_202,state_203,state_204,state_205,state_206,state_207,state_208,state_209,state_210,state_211,state_212,state_213,state_214,state_215,state_216,state_217,state_218,state_219,state_220,state_221,state_222,state_223,state_224,state_225,state_226,state_227,state_228,state_229,state_230,state_231,state_232,state_233,state_234,state_235,state_236,state_237,state_238,state_239,state_240,state_241,state_242,state_243,state_244,state_245,state_246,state_247,state_248,state_249,state_250,state_251,state_252,state_253,state_254,state_255,state_256,state_257,state_258,state_259,state_260,state_261,state_262,state_263,state_264,state_265,state_266,state_267,state_268,state_269,state_270,state_271,state_272,state_273,state_274,state_275,state_276,state_277,state_278,state_279,state_280,state_281,state_282,state_283,state_284,state_285,state_286,state_287
{'img': array([[[ 0.        ,  0.58708705,  0.78535345, ...,  0.92459466,
          0.58708705,  0.87934216],
        [-0.58708705,  0.        ,  0.27232748, ...,  0.52482918,
          0.        ,  0.43228315],
        [-0.78535345, -0.27232748,  0.        , ...,  0.27318585,
         -0.27232748,  0.17037683],
        ...,
        [-0.92459466, -0.52482918, -0.27318585, ...,  0.        ,
         -0.52482918, -0.10529568],
        [-0.58708705,  0.        ,  0.27232748, ...,  0.52482918,
          0.        ,  0.43228315],
        [-0.87934216, -0.43228315, -0.17037683, ...,  0.10529568,
         -0.43228315,  0.        ]],

       [[ 0.        , -0.00160128,  0.89277919, ..., -0.70742357,
          0.08065845, -0.4594596 ],
        [ 0.00160128,  0.        ,  0.89349941, ..., -0.70629089,
          0.08225441, -0.45803676],
        [-0.89277919, -0.89349941,  0.        , ..., -0.94969772,
         -0.85353414, -0.99994932],
        ...,
        [ 0.70742357,  0.70629089,  0.94969772, ...,  0.        ,
          0.76212721,  0.30359129],
        [-0.08065845, -0.08225441,  0.85353414, ..., -0.76212721,
          0.        , -0.52960332],
        [ 0.4594596 ,  0.45803676,  0.99994932, ..., -0.30359129,
          0.52960332,  0.        ]],

       [[ 0.        ,  0.57214616,  0.75333398, ...,  0.99766786,
          0.99325781,  0.97695739],
        [-0.57214616,  0.        ,  0.241583  , ...,  0.8572912 ,
          0.74829526,  0.67913754],
        [-0.75333398, -0.241583  ,  0.        , ...,  0.70752376,
          0.56587298,  0.48169701],
        ...,
        [-0.99766786, -0.8572912 , -0.70752376, ...,  0.        ,
         -0.18345147, -0.27961959],
        [-0.99325781, -0.74829526, -0.56587298, ...,  0.18345147,
          0.        , -0.09874036],
        [-0.97695739, -0.67913754, -0.48169701, ...,  0.27961959,
          0.09874036,  0.        ]],

       ...,

       [[ 0.        ,  0.35861145,  0.58397773, ...,  0.05228278,
         -0.37745869,  0.37573837],
        [-0.35861145,  0.        ,  0.25402567, ..., -0.30931569,
         -0.68443643,  0.01841238],
        [-0.58397773, -0.25402567,  0.        , ..., -0.54073746,
         -0.84718833, -0.2361742 ],
        ...,
        [-0.05228278,  0.30931569,  0.54073746, ...,  0.        ,
         -0.42535768,  0.32677268],
        [ 0.37745869,  0.68443643,  0.84718833, ...,  0.42535768,
          0.        ,  0.69774436],
        [-0.37573837, -0.01841238,  0.2361742 , ..., -0.32677268,
         -0.69774436,  0.        ]],

       [[ 0.        , -0.03044453, -0.14778018, ...,  0.17832409,
          0.35839359,  0.38845366],
        [ 0.03044453,  0.        , -0.11760142, ...,  0.20819798,
          0.38664957,  0.41632726],
        [ 0.14778018,  0.11760142,  0.        , ...,  0.32177766,
          0.49242173,  0.52036327],
        ...,
        [-0.17832409, -0.20819798, -0.32177766, ...,  0.        ,
          0.18617106,  0.21790746],
        [-0.35839359, -0.38664957, -0.49242173, ..., -0.18617106,
          0.        ,  0.03240059],
        [-0.38845366, -0.41632726, -0.52036327, ..., -0.21790746,
         -0.03240059,  0.        ]],

       [[ 0.        , -0.17394657, -0.23152762, ...,  0.84718528,
          0.98757185,  0.99662436],
        [ 0.17394657,  0.        , -0.05877785, ...,  0.74185263,
          0.94517753,  0.96715047],
        [ 0.23152762,  0.05877785,  0.        , ...,  0.70115579,
          0.92434909,  0.95053676],
        ...,
        [-0.84718528, -0.74185263, -0.70115579, ...,  0.        ,
         -0.39154391, -0.45995294],
        [-0.98757185, -0.94517753, -0.92434909, ...,  0.39154391,
          0.        , -0.07556124],
        [-0.99662436, -0.96715047, -0.95053676, ...,  0.45995294,
          0.07556124,  0.        ]]]), 'num': array([7.07106690e-01, 7.07106690e-01, 0.00000000e+00, 9.30403540e-05,
       9.34632647e-05, 9.05028898e-05, 4.31318164e-04, 0.00000000e+00,
       9.31249361e-05, 9.66139494e-05, 9.74104312e-05, 3.85813270e-07,
       1.01993234e-04, 9.12346649e-05])}
{'img': array([[[ 0.        ,  0.61378441,  0.77531157, ...,  0.        ,
          0.77531157,  0.77531157],
        [-0.61378441,  0.        ,  0.22443477, ..., -0.61378441,
          0.22443477,  0.22443477],
        [-0.77531157, -0.22443477,  0.        , ..., -0.77531157,
          0.        ,  0.        ],
        ...,
        [ 0.        ,  0.61378441,  0.77531157, ...,  0.        ,
          0.77531157,  0.77531157],
        [-0.77531157, -0.22443477,  0.        , ..., -0.77531157,
          0.        ,  0.        ],
        [-0.77531157, -0.22443477,  0.        , ..., -0.77531157,
          0.        ,  0.        ]],

       [[ 0.        ,  0.89349941,  0.33425148, ...,  0.08225441,
         -0.45803676, -0.42167095],
        [-0.89349941,  0.        , -0.6920084 , ..., -0.85353414,
         -0.99994932, -0.99953703],
        [-0.33425148,  0.6920084 ,  0.        , ..., -0.25559537,
         -0.72881954, -0.70050027],
        ...,
        [-0.08225441,  0.85353414,  0.25559537, ...,  0.        ,
         -0.52960332, -0.49482616],
        [ 0.45803676,  0.99994932,  0.72881954, ...,  0.52960332,
          0.        ,  0.040487  ],
        [ 0.42167095,  0.99953703,  0.70050027, ...,  0.49482616,
         -0.040487  ,  0.        ]],

       [[ 0.        ,  0.57031141,  0.64768907, ...,  0.97408309,
          0.94280904,  0.92459466],
        [-0.57031141,  0.        ,  0.09750733, ...,  0.67114067,
          0.58434648,  0.54222698],
        [-0.64768907, -0.09750733,  0.        , ...,  0.59565745,
          0.50243434,  0.45771438],
        ...,
        [-0.97408309, -0.67114067, -0.59565745, ...,  0.        ,
         -0.11143994, -0.16194477],
        [-0.94280904, -0.58434648, -0.50243434, ...,  0.11143994,
          0.        , -0.05096713],
        [-0.92459466, -0.54222698, -0.45771438, ...,  0.16194477,
          0.05096713,  0.        ]],

       ...,

       [[ 0.        ,  0.25402567,  0.32960288, ..., -0.68443643,
          0.01841238,  0.09095555],
        [-0.25402567,  0.        ,  0.07896044, ..., -0.84718833,
         -0.2361742 , -0.16500075],
        [-0.32960288, -0.07896044,  0.        , ..., -0.8864943 ,
         -0.31216351, -0.24236374],
        ...,
        [ 0.68443643,  0.84718833,  0.8864943 , ...,  0.        ,
          0.69774436,  0.7479126 ],
        [-0.01841238,  0.2361742 ,  0.31216351, ..., -0.69774436,
          0.        ,  0.07260406],
        [-0.09095555,  0.16500075,  0.24236374, ..., -0.7479126 ,
         -0.07260406,  0.        ]],

       [[ 0.        , -0.11760142, -0.82613588, ...,  0.38664957,
          0.41632726,  0.4255177 ],
        [ 0.11760142,  0.        , -0.75413824, ...,  0.49242173,
          0.52036327,  0.5289884 ],
        [ 0.82613588,  0.75413824,  0.        , ...,  0.97975038,
          0.98572331,  0.98737861],
        ...,
        [-0.38664957, -0.49242173, -0.97975038, ...,  0.        ,
          0.03240059,  0.04252522],
        [-0.41632726, -0.52036327, -0.98572331, ..., -0.03240059,
          0.        ,  0.01013161],
        [-0.4255177 , -0.5289884 , -0.98737861, ..., -0.04252522,
         -0.01013161,  0.        ]],

       [[ 0.        , -0.05877785,  0.3308343 , ...,  0.94517753,
          0.96715047,  0.98752248],
        [ 0.05877785,  0.        ,  0.38573031, ...,  0.92434909,
          0.95053676,  0.97655892],
        [-0.3308343 , -0.38573031,  0.        , ...,  0.99998974,
          0.99678872,  0.98401312],
        ...,
        [-0.94517753, -0.92434909, -0.99998974, ...,  0.        ,
         -0.07556124, -0.17363757],
        [-0.96715047, -0.95053676, -0.99678872, ...,  0.07556124,
          0.        , -0.09872773],
        [-0.98752248, -0.97655892, -0.98401312, ...,  0.17363757,
          0.09872773,  0.        ]]]), 'num': array([ 7.07106711e-01,  7.07106711e-01,  0.00000000e+00,  9.17716246e-05,
        9.30403567e-05,  9.00799817e-05,  3.56099278e-04, -1.26873214e-06,
        9.23636996e-05,  9.63602058e-05,  9.74386281e-05,  3.03219001e-07,
        1.02135841e-04,  9.05845707e-05])}
{'img': array([[[ 0.        ,  0.22443477,  0.68265716, ...,  0.22443477,
          0.22443477,  0.        ],
        [-0.22443477,  0.        ,  0.50123877, ...,  0.        ,
          0.        , -0.22443477],
        [-0.68265716, -0.50123877,  0.        , ..., -0.50123877,
         -0.50123877, -0.68265716],
        ...,
        [-0.22443477,  0.        ,  0.50123877, ...,  0.        ,
          0.        , -0.22443477],
        [-0.22443477,  0.        ,  0.50123877, ...,  0.        ,
          0.        , -0.22443477],
        [ 0.        ,  0.22443477,  0.68265716, ...,  0.22443477,
          0.22443477,  0.        ]],

       [[ 0.        , -0.6920084 , -0.33126869, ..., -0.99994932,
         -0.99953703, -0.99562156],
        [ 0.6920084 ,  0.        ,  0.41379578, ..., -0.72881954,
         -0.70050027, -0.78341465],
        [ 0.33126869, -0.41379578,  0.        , ..., -0.94682363,
         -0.93302049, -0.97037081],
        ...,
        [ 0.99994932,  0.72881954,  0.94682363, ...,  0.        ,
          0.040487  , -0.08344768],
        [ 0.99953703,  0.70050027,  0.93302049, ..., -0.040487  ,
          0.        , -0.12372505],
        [ 0.99562156,  0.78341465,  0.97037081, ...,  0.08344768,
          0.12372505,  0.        ]],

       [[ 0.        ,  0.355594  ,  0.72734263, ...,  0.88580781,
          0.85638376,  0.77334376],
        [-0.355594  ,  0.        ,  0.4357688 , ...,  0.66289766,
          0.6168036 ,  0.49735647],
        [-0.72734263, -0.4357688 ,  0.        , ...,  0.27038231,
          0.21215835,  0.06960039],
        ...,
        [-0.88580781, -0.66289766, -0.27038231, ...,  0.        ,
         -0.05997105, -0.20271863],
        [-0.85638376, -0.6168036 , -0.21215835, ...,  0.05997105,
          0.        , -0.14362789],
        [-0.77334376, -0.49735647, -0.06960039, ...,  0.20271863,
          0.14362789,  0.        ]],

       ...,

       [[ 0.        ,  0.07896044,  0.19447056, ..., -0.2361742 ,
         -0.16500075, -0.66539363],
        [-0.07896044,  0.        ,  0.11641042, ..., -0.31216351,
         -0.24236374, -0.72225949],
        [-0.19447056, -0.11641042,  0.        , ..., -0.42063438,
         -0.35365566, -0.79786102],
        ...,
        [ 0.2361742 ,  0.31216351,  0.42063438, ...,  0.        ,
          0.07260406, -0.47026782],
        [ 0.16500075,  0.24236374,  0.35365566, ..., -0.07260406,
          0.        , -0.53310152],
        [ 0.66539363,  0.72225949,  0.79786102, ...,  0.47026782,
          0.53310152,  0.        ]],

       [[ 0.        , -0.75413824, -0.75413824, ...,  0.52036327,
          0.5289884 ,  0.55882955],
        [ 0.75413824,  0.        ,  0.        , ...,  0.98572331,
          0.98737861,  0.99238582],
        [ 0.75413824,  0.        ,  0.        , ...,  0.98572331,
          0.98737861,  0.99238582],
        ...,
        [-0.52036327, -0.98572331, -0.98572331, ...,  0.        ,
          0.01013161,  0.04568152],
        [-0.5289884 , -0.98737861, -0.98737861, ..., -0.01013161,
          0.        ,  0.03555815],
        [-0.55882955, -0.99238582, -0.99238582, ..., -0.04568152,
         -0.03555815,  0.        ]],

       [[ 0.        ,  0.38573031,  0.38573031, ...,  0.95053676,
          0.97655892,  0.99650652],
        [-0.38573031,  0.        ,  0.        , ...,  0.99678872,
          0.98401312,  0.95160273],
        [-0.38573031,  0.        ,  0.        , ...,  0.99678872,
          0.98401312,  0.95160273],
        ...,
        [-0.95053676, -0.99678872, -0.99678872, ...,  0.        ,
         -0.09872773, -0.23014289],
        [-0.97655892, -0.98401312, -0.98401312, ...,  0.09872773,
          0.        , -0.13294095],
        [-0.99650652, -0.95160273, -0.95160273, ...,  0.23014289,
          0.13294095,  0.        ]]]), 'num': array([7.07106704e-01, 7.07106704e-01, 0.00000000e+00, 9.34632665e-05,
       9.34632665e-05, 9.13487130e-05, 3.82065992e-04, 1.69164283e-06,
       9.22791165e-05, 9.61064585e-05, 9.74668212e-05, 2.46697913e-07,
       1.01922826e-04, 9.02900908e-05])}
{'img': array([[[ 0.        ,  0.50123877,  0.45420063, ...,  0.        ,
         -0.22443477,  0.06610272],
        [-0.50123877,  0.        , -0.05352943, ..., -0.50123877,
         -0.68265716, -0.44294319],
        [-0.45420063,  0.05352943,  0.        , ..., -0.45420063,
         -0.64256238, -0.39431634],
        ...,
        [ 0.        ,  0.50123877,  0.45420063, ...,  0.        ,
         -0.22443477,  0.06610272],
        [ 0.22443477,  0.68265716,  0.64256238, ...,  0.22443477,
          0.        ,  0.28836027],
        [-0.06610272,  0.44294319,  0.39431634, ..., -0.06610272,
         -0.28836027,  0.        ]],

       [[ 0.        ,  0.41379578, -0.27019093, ..., -0.70050027,
         -0.78341465, -0.75349036],
        [-0.41379578,  0.        , -0.64437902, ..., -0.93302049,
         -0.97037081, -0.95800856],
        [ 0.27019093,  0.64437902,  0.        , ..., -0.48162406,
         -0.58635342, -0.54782617],
        ...,
        [ 0.70050027,  0.93302049,  0.48162406, ...,  0.        ,
         -0.12372505, -0.07717984],
        [ 0.78341465,  0.97037081,  0.58635342, ...,  0.12372505,
          0.        ,  0.04676918],
        [ 0.75349036,  0.95800856,  0.54782617, ...,  0.07717984,
         -0.04676918,  0.        ]],

       [[ 0.        ,  0.66902129,  0.8736881 , ...,  0.82332682,
          0.72458144,  0.7114836 ],
        [-0.66902129,  0.        ,  0.32389296, ...,  0.23221731,
          0.07745802,  0.05868231],
        [-0.8736881 , -0.32389296,  0.        , ..., -0.09533966,
         -0.24963732, -0.26781583],
        ...,
        [-0.82332682, -0.23221731,  0.09533966, ...,  0.        ,
         -0.15617902, -0.17473897],
        [-0.72458144, -0.07745802,  0.24963732, ...,  0.15617902,
          0.        , -0.01881853],
        [-0.7114836 , -0.05868231,  0.26781583, ...,  0.17473897,
          0.01881853,  0.        ]],

       ...,

       [[ 0.        ,  0.10733746,  0.06355309, ..., -0.21921598,
         -0.62633878, -0.98595867],
        [-0.10733746,  0.        , -0.04393455, ..., -0.32267612,
         -0.70639523, -0.99818667],
        [-0.06355309,  0.04393455,  0.        , ..., -0.28078008,
         -0.67461549, -0.99457821],
        ...,
        [ 0.21921598,  0.32267612,  0.28078008, ...,  0.        ,
         -0.44021391, -0.92536979],
        [ 0.62633878,  0.70639523,  0.67461549, ...,  0.44021391,
          0.        , -0.66401302],
        [ 0.98595867,  0.99818667,  0.99457821, ...,  0.92536979,
          0.66401302,  0.        ]],

       [[ 0.        ,  0.        ,  0.45511404, ...,  0.98737861,
          0.99238582,  0.98443267],
        [ 0.        ,  0.        ,  0.45511404, ...,  0.98737861,
          0.99238582,  0.98443267],
        [-0.45511404, -0.45511404,  0.        , ...,  0.80711476,
          0.82759768,  0.7965797 ],
        ...,
        [-0.98737861, -0.98737861, -0.80711476, ...,  0.        ,
          0.03555815, -0.01763159],
        [-0.99238582, -0.99238582, -0.82759768, ..., -0.03555815,
          0.        , -0.05317306],
        [-0.98443267, -0.98443267, -0.7965797 , ...,  0.01763159,
          0.05317306,  0.        ]],

       [[ 0.        ,  0.        , -0.04360858, ...,  0.98401312,
          0.95160273,  0.93180854],
        [ 0.        ,  0.        , -0.04360858, ...,  0.98401312,
          0.95160273,  0.93180854],
        [ 0.04360858,  0.04360858,  0.        , ...,  0.99084353,
          0.96409972,  0.94674985],
        ...,
        [-0.98401312, -0.98401312, -0.99084353, ...,  0.        ,
         -0.13294095, -0.19119637],
        [-0.95160273, -0.95160273, -0.96409972, ...,  0.13294095,
          0.        , -0.05901087],
        [-0.93180854, -0.93180854, -0.94674985, ...,  0.19119637,
          0.05901087,  0.        ]]]), 'num': array([9.09850135e-01, 4.14936678e-01, 4.47885462e-05, 1.20270580e-04,
       1.20814790e-04, 1.17549526e-04, 4.05045190e-04, 0.00000000e+00,
       1.19617527e-04, 1.23318160e-04, 1.25431512e-04, 3.62807178e-07,
       1.30743397e-04, 1.15892923e-04])}
{'img': array([[[ 0.        , -0.05352943,  0.05307481, ..., -0.68265716,
         -0.44294319, -0.44294319],
        [ 0.05352943,  0.        ,  0.1064527 , ..., -0.64256238,
         -0.39431634, -0.39431634],
        [-0.05307481, -0.1064527 ,  0.        , ..., -0.7204788 ,
         -0.48990308, -0.48990308],
        ...,
        [ 0.68265716,  0.64256238,  0.7204788 , ...,  0.        ,
          0.28836027,  0.28836027],
        [ 0.44294319,  0.39431634,  0.48990308, ..., -0.28836027,
          0.        ,  0.        ],
        [ 0.44294319,  0.39431634,  0.48990308, ..., -0.28836027,
          0.        ,  0.        ]],

       [[ 0.        , -0.64437902, -0.82987557, ..., -0.97037081,
         -0.95800856, -0.98808864],
        [ 0.64437902,  0.        , -0.27508073, ..., -0.58635342,
         -0.54782617, -0.65643677],
        [ 0.82987557,  0.27508073,  0.        , ..., -0.34090195,
         -0.29656126, -0.42359649],
        ...,
        [ 0.97037081,  0.58635342,  0.34090195, ...,  0.        ,
          0.04676918, -0.08941621],
        [ 0.95800856,  0.54782617,  0.29656126, ..., -0.04676918,
          0.        , -0.1359002 ],
        [ 0.98808864,  0.65643677,  0.42359649, ...,  0.08941621,
          0.1359002 ,  0.        ]],

       [[ 0.        ,  0.70878322,  0.89708379, ...,  0.34667721,
          0.3014298 ,  0.55857003],
        [-0.70878322,  0.        ,  0.31964327, ..., -0.42027243,
         -0.46318003, -0.19387544],
        [-0.89708379, -0.31964327,  0.        , ..., -0.68826774,
         -0.72216905, -0.49728274],
        ...,
        [-0.34667721,  0.42027243,  0.68826774, ...,  0.        ,
         -0.04781621,  0.23637607],
        [-0.3014298 ,  0.46318003,  0.72216905, ...,  0.04781621,
          0.        ,  0.28256686],
        [-0.55857003,  0.19387544,  0.49728274, ..., -0.23637607,
         -0.28256686,  0.        ]],

       ...,

       [[ 0.        , -0.04393455,  0.171585  , ..., -0.70639523,
         -0.99818667, -0.80876051],
        [ 0.04393455,  0.        ,  0.21470229, ..., -0.67461549,
         -0.99457821, -0.78214   ],
        [-0.171585  , -0.21470229,  0.        , ..., -0.81736979,
         -0.99371135, -0.89768172],
        ...,
        [ 0.70639523,  0.67461549,  0.81736979, ...,  0.        ,
         -0.66401302, -0.15699699],
        [ 0.99818667,  0.99457821,  0.99371135, ...,  0.66401302,
          0.        ,  0.5383887 ],
        [ 0.80876051,  0.78214   ,  0.89768172, ...,  0.15699699,
         -0.5383887 ,  0.        ]],

       [[ 0.        ,  0.45511404,  0.45511404, ...,  0.99238582,
          0.98443267,  0.96693321],
        [-0.45511404,  0.        ,  0.        , ...,  0.82759768,
          0.7965797 ,  0.74492179],
        [-0.45511404,  0.        ,  0.        , ...,  0.82759768,
          0.7965797 ,  0.74492179],
        ...,
        [-0.99238582, -0.82759768, -0.82759768, ...,  0.        ,
         -0.05317306, -0.13399251],
        [-0.98443267, -0.7965797 , -0.7965797 , ...,  0.05317306,
          0.        , -0.08110939],
        [-0.96693321, -0.74492179, -0.74492179, ...,  0.13399251,
          0.08110939,  0.        ]],

       [[ 0.        , -0.04360858, -0.04360858, ...,  0.95160273,
          0.93180854,  0.91433669],
        [ 0.04360858,  0.        ,  0.        , ...,  0.96409972,
          0.94674985,  0.93112638],
        [ 0.04360858,  0.        ,  0.        , ...,  0.96409972,
          0.94674985,  0.93112638],
        ...,
        [-0.95160273, -0.96409972, -0.96409972, ...,  0.        ,
         -0.05901087, -0.10435225],
        [-0.93180854, -0.94674985, -0.94674985, ...,  0.05901087,
          0.        , -0.0454817 ],
        [-0.91433669, -0.93112638, -0.93112638, ...,  0.10435225,
          0.0454817 ,  0.        ]]]), 'num': array([ 9.10301906e-01,  4.13944616e-01,  4.53294329e-05,  1.19835174e-04,
        1.20929559e-04,  1.18193596e-04,  4.16621482e-04, -1.09438515e-06,
        1.20163489e-04,  1.23638162e-04,  1.26027570e-04,  3.30860626e-07,
        1.31184462e-04,  1.16091863e-04])}
{'img': array([[[ 0.        ,  0.1064527 ,  0.        , ..., -0.39431634,
         -0.39431634, -0.51534254],
        [-0.1064527 ,  0.        , -0.1064527 , ..., -0.48990308,
         -0.48990308, -0.60364253],
        [ 0.        ,  0.1064527 ,  0.        , ..., -0.39431634,
         -0.39431634, -0.51534254],
        ...,
        [ 0.39431634,  0.48990308,  0.39431634, ...,  0.        ,
          0.        , -0.13566389],
        [ 0.39431634,  0.48990308,  0.39431634, ...,  0.        ,
          0.        , -0.13566389],
        [ 0.51534254,  0.60364253,  0.51534254, ...,  0.13566389,
          0.13566389,  0.        ]],

       [[ 0.        , -0.27508073,  0.09218463, ..., -0.54782617,
         -0.65643677, -0.64308475],
        [ 0.27508073,  0.        ,  0.36253767, ..., -0.29656126,
         -0.42359649, -0.40761981],
        [-0.09218463, -0.36253767,  0.        , ..., -0.62261443,
         -0.72318396, -0.71094098],
        ...,
        [ 0.54782617,  0.29656126,  0.62261443, ...,  0.        ,
         -0.1359002 , -0.11847712],
        [ 0.65643677,  0.42359649,  0.72318396, ...,  0.1359002 ,
          0.        ,  0.01756506],
        [ 0.64308475,  0.40761981,  0.71094098, ...,  0.11847712,
         -0.01756506,  0.        ]],

       [[ 0.        ,  0.33891698,  0.51046532, ..., -0.66591038,
         -0.21751677, -0.25014615],
        [-0.33891698,  0.        ,  0.18881994, ..., -0.87934216,
         -0.53544547, -0.56348374],
        [-0.51046532, -0.18881994,  0.        , ..., -0.95343857,
         -0.68528535, -0.70933691],
        ...,
        [ 0.66591038,  0.87934216,  0.95343857, ...,  0.        ,
          0.48769179,  0.45812285],
        [ 0.21751677,  0.53544547,  0.68528535, ..., -0.48769179,
          0.        , -0.0335553 ],
        [ 0.25014615,  0.56348374,  0.70933691, ..., -0.45812285,
          0.0335553 ,  0.        ]],

       ...,

       [[ 0.        ,  0.21470229,  0.05961673, ..., -0.99457821,
         -0.78214   , -0.92535287],
        [-0.21470229,  0.        , -0.15609397, ..., -0.99371135,
         -0.89768172, -0.98516834],
        [-0.05961673,  0.15609397,  0.        , ..., -0.99900882,
         -0.81789619, -0.9463081 ],
        ...,
        [ 0.99457821,  0.99371135,  0.99900882, ...,  0.        ,
          0.5383887 ,  0.28082291],
        [ 0.78214   ,  0.89768172,  0.81789619, ..., -0.5383887 ,
          0.        , -0.28007521],
        [ 0.92535287,  0.98516834,  0.9463081 , ..., -0.28082291,
          0.28007521,  0.        ]],

       [[ 0.        ,  0.        ,  0.38885821, ...,  0.96979847,
          0.94475773,  0.92360403],
        [ 0.        ,  0.        ,  0.38885821, ...,  0.96979847,
          0.94475773,  0.92360403],
        [-0.38885821, -0.38885821,  0.        , ...,  0.79862754,
          0.74294719,  0.70184622],
        ...,
        [-0.96979847, -0.96979847, -0.79862754, ...,  0.        ,
         -0.08743674, -0.14649614],
        [-0.94475773, -0.94475773, -0.74294719, ...,  0.08743674,
          0.        , -0.05944166],
        [-0.92360403, -0.92360403, -0.70184622, ...,  0.14649614,
          0.05944166,  0.        ]],

       [[ 0.        ,  0.        , -0.04031164, ...,  0.94674985,
          0.93112638,  0.90475861],
        [ 0.        ,  0.        , -0.04031164, ...,  0.94674985,
          0.93112638,  0.90475861],
        [ 0.04031164,  0.04031164,  0.        , ...,  0.95895943,
          0.94507104,  0.92119291],
        ...,
        [-0.94674985, -0.94674985, -0.95895943, ...,  0.        ,
         -0.0454817 , -0.11193898],
        [-0.93112638, -0.93112638, -0.94507104, ...,  0.0454817 ,
          0.        , -0.06662729],
        [-0.90475861, -0.90475861, -0.92119291, ...,  0.11193898,
          0.06662729,  0.        ]]]), 'num': array([ 9.21786749e-01,  3.87695659e-01,  4.99150552e-05,  1.20182514e-04,
        1.24113717e-04,  1.19620913e-04,  1.06724318e-03, -2.80800265e-06,
        1.22653556e-04,  1.26528600e-04,  1.29214922e-04,  3.39572414e-07,
        1.34798442e-04,  1.18258758e-04])}
{'img': array([[[ 0.        , -0.1064527 ,  0.10526316, ..., -0.48990308,
         -0.60364253, -0.90840571],
        [ 0.1064527 ,  0.        ,  0.21052632, ..., -0.39431634,
         -0.51534254, -0.85873715],
        [-0.10526316, -0.21052632,  0.        , ..., -0.57894737,
         -0.68421053, -0.94736842],
        ...,
        [ 0.48990308,  0.39431634,  0.57894737, ...,  0.        ,
         -0.13566389, -0.58710364],
        [ 0.60364253,  0.51534254,  0.68421053, ...,  0.13566389,
          0.        , -0.4718543 ],
        [ 0.90840571,  0.85873715,  0.94736842, ...,  0.58710364,
          0.4718543 ,  0.        ]],

       [[ 0.        ,  0.36253767,  0.4084341 , ..., -0.42359649,
         -0.40761981,  0.17772397],
        [-0.36253767,  0.        ,  0.049728  , ..., -0.72318396,
         -0.71094098, -0.19113295],
        [-0.4084341 , -0.049728  ,  0.        , ..., -0.75663414,
         -0.7450327 , -0.2397077 ],
        ...,
        [ 0.42359649,  0.72318396,  0.75663414, ...,  0.        ,
          0.01756506,  0.57784443],
        [ 0.40761981,  0.71094098,  0.7450327 , ..., -0.01756506,
          0.        ,  0.56341961],
        [-0.17772397,  0.19113295,  0.2397077 , ..., -0.57784443,
         -0.56341961,  0.        ]],

       [[ 0.        ,  0.18881994,  0.37553722, ..., -0.53544547,
         -0.56348374, -0.78087686],
        [-0.18881994,  0.        ,  0.19378225, ..., -0.68528535,
         -0.70933691, -0.88478322],
        [-0.37553722, -0.19378225,  0.        , ..., -0.81342217,
         -0.83248234, -0.95831485],
        ...,
        [ 0.53544547,  0.68528535,  0.81342217, ...,  0.        ,
         -0.0335553 , -0.32502027],
        [ 0.56348374,  0.70933691,  0.83248234, ...,  0.0335553 ,
          0.        , -0.29310376],
        [ 0.78087686,  0.88478322,  0.95831485, ...,  0.32502027,
          0.29310376,  0.        ]],

       ...,

       [[ 0.        , -0.15609397, -0.04666508, ..., -0.89768172,
         -0.98516834, -0.98516834],
        [ 0.15609397,  0.        ,  0.10983084, ..., -0.81789619,
         -0.9463081 , -0.9463081 ],
        [ 0.04666508, -0.10983084,  0.        , ..., -0.87614107,
         -0.9760878 , -0.9760878 ],
        ...,
        [ 0.89768172,  0.81789619,  0.87614107, ...,  0.        ,
         -0.28007521, -0.28007521],
        [ 0.98516834,  0.9463081 ,  0.9760878 , ...,  0.28007521,
          0.        ,  0.        ],
        [ 0.98516834,  0.9463081 ,  0.9760878 , ...,  0.28007521,
          0.        ,  0.        ]],

       [[ 0.        ,  0.38885821,  0.68935901, ...,  0.94475773,
          0.92360403,  0.93603246],
        [-0.38885821,  0.        ,  0.35340819, ...,  0.74294719,
          0.70184622,  0.72551996],
        [-0.68935901, -0.35340819,  0.        , ...,  0.45845044,
          0.40481281,  0.43548567],
        ...,
        [-0.94475773, -0.74294719, -0.45845044, ...,  0.        ,
         -0.05944166, -0.02567028],
        [-0.92360403, -0.70184622, -0.40481281, ...,  0.05944166,
          0.        ,  0.03379718],
        [-0.93603246, -0.72551996, -0.43548567, ...,  0.02567028,
         -0.03379718,  0.        ]],

       [[ 0.        , -0.04031164, -0.12321787, ...,  0.93112638,
          0.90475861,  0.84061133],
        [ 0.04031164,  0.        , -0.08311326, ...,  0.94507104,
          0.92119291,  0.86176239],
        [ 0.12321787,  0.08311326,  0.        , ...,  0.96896801,
          0.95034556,  0.90094515],
        ...,
        [-0.93112638, -0.94507104, -0.96896801, ...,  0.        ,
         -0.06662729, -0.19776603],
        [-0.90475861, -0.92119291, -0.95034556, ...,  0.06662729,
          0.        , -0.13201523],
        [-0.84061133, -0.86176239, -0.90094515, ...,  0.19776603,
          0.13201523,  0.        ]]]), 'num': array([9.26980337e-01, 3.75109482e-01, 5.10991532e-05, 1.21316961e-04,
       1.21316961e-04, 1.16823740e-04, 4.54669010e-04, 1.12330519e-06,
       1.22552597e-04, 1.26287586e-04, 1.29095849e-04, 3.82944952e-07,
       1.34866542e-04, 1.17708630e-04])}
{'img': array([[[ 0.        ,  0.21052632,  0.1064527 , ..., -0.51534254,
         -0.85873715, -0.70969254],
        [-0.21052632,  0.        , -0.10526316, ..., -0.68421053,
         -0.94736842, -0.84210526],
        [-0.1064527 ,  0.10526316,  0.        , ..., -0.60364253,
         -0.90840571, -0.78065705],
        ...,
        [ 0.51534254,  0.68421053,  0.60364253, ...,  0.        ,
         -0.4718543 , -0.24513059],
        [ 0.85873715,  0.94736842,  0.90840571, ...,  0.4718543 ,
          0.        ,  0.24133217],
        [ 0.70969254,  0.84210526,  0.78065705, ...,  0.24513059,
         -0.24133217,  0.        ]],

       [[ 0.        ,  0.049728  , -0.25348899, ..., -0.71094098,
         -0.19113295, -0.67877877],
        [-0.049728  ,  0.        , -0.30127917, ..., -0.7450327 ,
         -0.2397077 , -0.71445638],
        [ 0.25348899,  0.30127917,  0.        , ..., -0.50945386,
          0.06392548, -0.47046086],
        ...,
        [ 0.71094098,  0.7450327 ,  0.50945386, ...,  0.        ,
          0.56341961,  0.04472209],
        [ 0.19113295,  0.2397077 , -0.06392548, ..., -0.56341961,
          0.        , -0.5259078 ],
        [ 0.67877877,  0.71445638,  0.47046086, ..., -0.04472209,
          0.5259078 ,  0.        ]],

       [[ 0.        ,  0.19378225,  0.20941277, ..., -0.70933691,
         -0.88478322, -0.95343857],
        [-0.19378225,  0.        ,  0.01595768, ..., -0.83248234,
         -0.95831485, -0.99380799],
        [-0.20941277, -0.01595768,  0.        , ..., -0.84121772,
         -0.96275216, -0.99545452],
        ...,
        [ 0.70933691,  0.83248234,  0.84121772, ...,  0.        ,
         -0.29310376, -0.45812285],
        [ 0.88478322,  0.95831485,  0.96275216, ...,  0.29310376,
          0.        , -0.17746571],
        [ 0.95343857,  0.99380799,  0.99545452, ...,  0.45812285,
          0.17746571,  0.        ]],

       ...,

       [[ 0.        ,  0.10983084,  0.01701448, ..., -0.9463081 ,
         -0.9463081 , -0.78743918],
        [-0.10983084,  0.        , -0.0929034 , ..., -0.9760878 ,
         -0.9760878 , -0.8503743 ],
        [-0.01701448,  0.0929034 ,  0.        , ..., -0.95167132,
         -0.95167132, -0.79781279],
        ...,
        [ 0.9463081 ,  0.9760878 ,  0.95167132, ...,  0.        ,
          0.        ,  0.32874467],
        [ 0.9463081 ,  0.9760878 ,  0.95167132, ...,  0.        ,
          0.        ,  0.32874467],
        [ 0.78743918,  0.8503743 ,  0.79781279, ..., -0.32874467,
         -0.32874467,  0.        ]],

       [[ 0.        ,  0.60653402,  0.76062857, ...,  0.89799084,
          0.91329786,  0.91829031],
        [-0.60653402,  0.        ,  0.21098928, ...,  0.44707083,
          0.47908771,  0.48996215],
        [-0.76062857, -0.21098928,  0.        , ...,  0.24827693,
          0.28310324,  0.29500373],
        ...,
        [-0.89799084, -0.44707083, -0.24827693, ...,  0.        ,
          0.03611924,  0.04853925],
        [-0.91329786, -0.47908771, -0.28310324, ..., -0.03611924,
          0.        ,  0.01243092],
        [-0.91829031, -0.48996215, -0.29500373, ..., -0.04853925,
         -0.01243092,  0.        ]],

       [[ 0.        , -0.08311326, -0.10001741, ...,  0.92119291,
          0.86176239,  0.81603747],
        [ 0.08311326,  0.        , -0.01697486, ...,  0.95034556,
          0.90094515,  0.86125345],
        [ 0.10001741,  0.01697486,  0.        , ...,  0.95549115,
          0.90818129,  0.86975557],
        ...,
        [-0.92119291, -0.95034556, -0.95549115, ...,  0.        ,
         -0.13201523, -0.21492334],
        [-0.86176239, -0.90094515, -0.90818129, ...,  0.13201523,
          0.        , -0.08411211],
        [-0.81603747, -0.86125345, -0.86975557, ...,  0.21492334,
          0.08411211,  0.        ]]]), 'num': array([ 8.51696983e-01,  5.24034356e-01,  3.04802443e-05,  1.11185146e-04,
        1.12219427e-04,  1.10150866e-04,  3.71420446e-04, -5.17140215e-07,
        1.12219427e-04,  1.15839408e-04,  1.18752631e-04,  3.44760144e-07,
        1.23844231e-04,  1.07834586e-04])}
{'img': array([[[ 0.        , -0.10526316,  0.21052632, ..., -0.94736842,
         -0.84210526, -0.89473684],
        [ 0.10526316,  0.        ,  0.31226074, ..., -0.90840571,
         -0.78065705, -0.84275617],
        [-0.21052632, -0.31226074,  0.        , ..., -0.99353521,
         -0.93677178, -0.96870391],
        ...,
        [ 0.94736842,  0.90840571,  0.99353521, ...,  0.        ,
          0.24133217,  0.13664294],
        [ 0.84210526,  0.78065705,  0.93677178, ..., -0.24133217,
          0.        , -0.10646443],
        [ 0.89473684,  0.84275617,  0.96870391, ..., -0.13664294,
          0.10646443,  0.        ]],

       [[ 0.        , -0.30127917,  0.07225344, ..., -0.2397077 ,
         -0.71445638, -0.77532924],
        [ 0.30127917,  0.        ,  0.36938797, ...,  0.06392548,
         -0.47046086, -0.54902928],
        [-0.07225344, -0.36938797,  0.        , ..., -0.30922808,
         -0.7631433 , -0.81893495],
        ...,
        [ 0.2397077 , -0.06392548,  0.30922808, ...,  0.        ,
         -0.5259078 , -0.60133546],
        [ 0.71445638,  0.47046086,  0.7631433 , ...,  0.5259078 ,
          0.        , -0.09126224],
        [ 0.77532924,  0.54902928,  0.81893495, ...,  0.60133546,
          0.09126224,  0.        ]],

       [[ 0.        ,  0.01517243,  0.13605021, ..., -0.86513322,
         -0.88217143, -0.99816176],
        [-0.01517243,  0.        ,  0.12100319, ..., -0.87264325,
         -0.88921502, -0.99896641],
        [-0.13605021, -0.12100319,  0.        , ..., -0.92532408,
         -0.93803886, -0.99712627],
        ...,
        [ 0.86513322,  0.87264325,  0.92532408, ...,  0.        ,
         -0.03503033, -0.44818786],
        [ 0.88217143,  0.88921502,  0.93803886, ...,  0.03503033,
          0.        , -0.41659779],
        [ 0.99816176,  0.99896641,  0.99712627, ...,  0.44818786,
          0.41659779,  0.        ]],

       ...,

       [[ 0.        , -0.0929034 ,  0.99785398, ..., -0.9760878 ,
         -0.8503743 , -0.87614107],
        [ 0.0929034 ,  0.        ,  0.99962156, ..., -0.95167132,
         -0.79781279, -0.82756734],
        [-0.99785398, -0.99962156,  0.        , ..., -0.28082291,
         -0.5807303 , -0.5383887 ],
        ...,
        [ 0.9760878 ,  0.95167132,  0.28082291, ...,  0.        ,
          0.32874467,  0.28007521],
        [ 0.8503743 ,  0.79781279,  0.5807303 , ..., -0.32874467,
          0.        , -0.05107937],
        [ 0.87614107,  0.82756734,  0.5383887 , ..., -0.28007521,
          0.05107937,  0.        ]],

       [[ 0.        ,  0.54647453,  0.81969732, ...,  0.82305378,
          0.8316641 ,  0.7700532 ],
        [-0.54647453,  0.        ,  0.37345768, ...,  0.37891001,
          0.39305263,  0.29626121],
        [-0.81969732, -0.37345768,  0.        , ...,  0.00588456,
          0.02121388, -0.08186614],
        ...,
        [-0.82305378, -0.37891001, -0.00588456, ...,  0.        ,
          0.01533028, -0.08772953],
        [-0.8316641 , -0.39305263, -0.02121388, ..., -0.01533028,
          0.        , -0.10299039],
        [-0.7700532 , -0.29626121,  0.08186614, ...,  0.08772953,
          0.10299039,  0.        ]],

       [[ 0.        , -0.01697486, -0.34468365, ...,  0.90094515,
          0.86125345,  0.81189375],
        [ 0.01697486,  0.        , -0.32869937, ...,  0.90818129,
          0.86975557,  0.82168678],
        [ 0.34468365,  0.32869937,  0.        , ...,  0.99530385,
          0.98363473,  0.96336813],
        ...,
        [-0.90094515, -0.90818129, -0.99530385, ...,  0.        ,
         -0.08411211, -0.173669  ],
        [-0.86125345, -0.86975557, -0.98363473, ...,  0.08411211,
          0.        , -0.09021963],
        [-0.81189375, -0.82168678, -0.96336813, ...,  0.173669  ,
          0.09021963,  0.        ]]]), 'num': array([7.92624811e-01, 6.09709462e-01, 1.69366064e-05, 1.03870158e-04,
       1.04351039e-04, 1.02908398e-04, 4.36754781e-04, 4.80880363e-07,
       1.03870158e-04, 1.07116101e-04, 1.10297926e-04, 3.41959369e-07,
       1.13715735e-04, 1.00516467e-04])}
{'img': array([[[ 0.        ,  0.31226074, -0.16014297, ..., -0.78065705,
         -0.84275617, -0.78065705],
        [-0.31226074,  0.        , -0.4603659 , ..., -0.93677178,
         -0.96870391, -0.93677178],
        [ 0.16014297,  0.4603659 ,  0.        , ..., -0.67049887,
         -0.74567518, -0.67049887],
        ...,
        [ 0.78065705,  0.93677178,  0.67049887, ...,  0.        ,
         -0.10646443,  0.        ],
        [ 0.84275617,  0.96870391,  0.74567518, ...,  0.10646443,
          0.        ,  0.10646443],
        [ 0.78065705,  0.93677178,  0.67049887, ...,  0.        ,
         -0.10646443,  0.        ]],

       [[ 0.        ,  0.36938797,  0.223761  , ..., -0.47046086,
         -0.54902928, -0.40074689],
