state_0,state_1,state_2,state_3,state_4,state_5,state_6,state_7,state_8,state_9,state_10,state_11,state_12,state_13,state_14,state_15,state_16,state_17,state_18,state_19,state_20,state_21,state_22,state_23,state_24,state_25,state_26,state_27,state_28,state_29,state_30,state_31,state_32,state_33,state_34,state_35,state_36,state_37,state_38,state_39,state_40,state_41,state_42,state_43,state_44,state_45,state_46,state_47,state_48,state_49,state_50,state_51,state_52,state_53,state_54,state_55,state_56,state_57,state_58,state_59,state_60,state_61,state_62,state_63,state_64,state_65,state_66,state_67,state_68,state_69,state_70,state_71,state_72,state_73,state_74,state_75,state_76,state_77,state_78,state_79,state_80,state_81,state_82,state_83,state_84,state_85,state_86,state_87,state_88,state_89,state_90,state_91,state_92,state_93,state_94,state_95,state_96,state_97,state_98,state_99,state_100,state_101,state_102,state_103,state_104,state_105,state_106,state_107,state_108,state_109,state_110,state_111,state_112,state_113,state_114,state_115,state_116,state_117,state_118,state_119,state_120,state_121,state_122,state_123,state_124,state_125,state_126,state_127,state_128,state_129,state_130,state_131,state_132,state_133,state_134,state_135,state_136,state_137,state_138,state_139,state_140,state_141,state_142,state_143,state_144,state_145,state_146,state_147,state_148,state_149,state_150,state_151,state_152,state_153,state_154,state_155,state_156,state_157,state_158,state_159,state_160,state_161,state_162,state_163,state_164,state_165,state_166,state_167,state_168,state_169,state_170,state_171,state_172,state_173,state_174,state_175,state_176,state_177,state_178,state_179,state_180,state_181,state_182,state_183,state_184,state_185,state_186,state_187,state_188,state_189,state_190,state_191,state_192,state_193,state_194,state_195,state_196,state_197,state_198,state_199,state_200,state_201,state_202,state_203,state_204,state_205,state_206,state_207,state_208,state_209,state_210,state_211,state_212,state_213,state_214,state_215,state_216,state_217,state_218,state_219,state_220,state_221,state_222,state_223,state_224,state_225,state_226,state_227,state_228,state_229,state_230,state_231,state_232,state_233,state_234,state_235,state_236,state_237,state_238,state_239,state_240,state_241,state_242,state_243,state_244,state_245,state_246,state_247,state_248,state_249,state_250,state_251,state_252,state_253,state_254,state_255,state_256,state_257,state_258,state_259,state_260,state_261,state_262,state_263,state_264,state_265,state_266,state_267,state_268,state_269,state_270,state_271,state_272,state_273,state_274,state_275,state_276,state_277,state_278,state_279,state_280,state_281,state_282,state_283,state_284,state_285,state_286,state_287
{'img': array([[[ 0.00000000e+00, -2.03074657e-01, -5.67273574e-01, ...,
          9.10711971e-01,  7.51072321e-01,  5.35103131e-01],
        [ 2.03074657e-01,  0.00000000e+00, -3.88215488e-01, ...,
          9.75614065e-01,  8.69496358e-01,  6.95508102e-01],
        [ 5.67273574e-01,  3.88215488e-01,  0.00000000e+00, ...,
          9.84305914e-01,  9.93055472e-01,  9.19898361e-01],
        ...,
        [-9.10711971e-01, -9.75614065e-01, -9.84305914e-01, ...,
          0.00000000e+00, -2.91045779e-01, -5.48337324e-01],
        [-7.51072321e-01, -8.69496358e-01, -9.93055472e-01, ...,
          2.91045779e-01,  0.00000000e+00, -2.81210182e-01],
        [-5.35103131e-01, -6.95508102e-01, -9.19898361e-01, ...,
          5.48337324e-01,  2.81210182e-01,  0.00000000e+00]],

       [[ 0.00000000e+00,  4.60348949e-02,  2.81029774e-01, ...,
         -5.31802293e-02,  3.34627843e-01,  4.71588969e-01],
        [-4.60348949e-02,  0.00000000e+00,  2.36552191e-01, ...,
         -9.90936017e-02,  2.90892081e-01,  4.30494585e-01],
        [-2.81029774e-01, -2.36552191e-01,  0.00000000e+00, ...,
         -3.31669113e-01,  5.63135128e-02,  2.04766235e-01],
        ...,
        [ 5.31802293e-02,  9.90936017e-02,  3.31669113e-01, ...,
          0.00000000e+00,  3.84268729e-01,  5.17816948e-01],
        [-3.34627843e-01, -2.90892081e-01, -5.63135128e-02, ...,
         -3.84268729e-01,  0.00000000e+00,  1.49321019e-01],
        [-4.71588969e-01, -4.30494585e-01, -2.04766235e-01, ...,
         -5.17816948e-01, -1.49321019e-01,  0.00000000e+00]],

       [[ 0.00000000e+00, -1.31188151e-01, -3.21760527e-01, ...,
          9.06240216e-01,  8.91936394e-01,  8.46041944e-01],
        [ 1.31188151e-01,  0.00000000e+00, -1.94768001e-01, ...,
          9.53869539e-01,  9.43545974e-01,  9.08668563e-01],
        [ 3.21760527e-01,  1.94768001e-01,  0.00000000e+00, ...,
          9.94075833e-01,  9.89991708e-01,  9.72586143e-01],
        ...,
        [-9.06240216e-01, -9.53869539e-01, -9.94075833e-01, ...,
          0.00000000e+00, -3.26885522e-02, -1.25456117e-01],
        [-8.91936394e-01, -9.43545974e-01, -9.89991708e-01, ...,
          3.26885522e-02,  0.00000000e+00, -9.29587863e-02],
        [-8.46041944e-01, -9.08668563e-01, -9.72586143e-01, ...,
          1.25456117e-01,  9.29587863e-02,  0.00000000e+00]],

       ...,

       [[ 0.00000000e+00, -6.22613747e-02,  6.35308679e-02, ...,
          4.33666186e-01,  1.83707465e-01,  1.04377334e-01],
        [ 6.22613747e-02,  0.00000000e+00,  1.25543209e-01, ...,
          4.88926902e-01,  2.44552796e-01,  1.66096118e-01],
        [-6.35308679e-02, -1.25543209e-01,  0.00000000e+00, ...,
          3.75544137e-01,  1.20886719e-01,  4.09826307e-02],
        ...,
        [-4.33666186e-01, -4.88926902e-01, -3.75544137e-01, ...,
          0.00000000e+00, -2.60751656e-01, -3.37245740e-01],
        [-1.83707465e-01, -2.44552796e-01, -1.20886719e-01, ...,
          2.60751656e-01,  0.00000000e+00, -8.01030803e-02],
        [-1.04377334e-01, -1.66096118e-01, -4.09826307e-02, ...,
          3.37245740e-01,  8.01030803e-02,  0.00000000e+00]],

       [[ 0.00000000e+00, -4.64970744e-02, -7.64869969e-02, ...,
          6.17760449e-01,  5.83132091e-01,  5.83510568e-01],
        [ 4.64970744e-02,  0.00000000e+00, -3.00434056e-02, ...,
          6.53656029e-01,  6.20274561e-01,  6.20639990e-01],
        [ 7.64869969e-02,  3.00434056e-02,  0.00000000e+00, ...,
          6.76097568e-01,  6.43560156e-01,  6.43916734e-01],
        ...,
        [-6.17760449e-01, -6.53656029e-01, -6.76097568e-01, ...,
          0.00000000e+00, -4.32991471e-02, -4.28336139e-02],
        [-5.83132091e-01, -6.20274561e-01, -6.43560156e-01, ...,
          4.32991471e-02,  0.00000000e+00,  4.65965523e-04],
        [-5.83510568e-01, -6.20639990e-01, -6.43916734e-01, ...,
          4.28336139e-02, -4.65965523e-04,  0.00000000e+00]],

       [[ 0.00000000e+00, -1.37521127e-01, -3.94042469e-01, ...,
          9.91921271e-01,  9.81845974e-01,  9.38491343e-01],
        [ 1.37521127e-01,  0.00000000e+00, -2.63904006e-01, ...,
          9.99942105e-01,  9.98602293e-01,  9.77061006e-01],
        [ 3.94042469e-01,  2.63904006e-01,  0.00000000e+00, ...,
          9.61653395e-01,  9.77148964e-01,  9.98624058e-01],
        ...,
        [-9.91921271e-01, -9.99942105e-01, -9.61653395e-01, ...,
          0.00000000e+00, -6.35955004e-02, -2.23460834e-01],
        [-9.81845974e-01, -9.98602293e-01, -9.77148964e-01, ...,
          6.35955004e-02,  0.00000000e+00, -1.61021140e-01],
        [-9.38491343e-01, -9.77061006e-01, -9.98624058e-01, ...,
          2.23460834e-01,  1.61021140e-01,  0.00000000e+00]]]), 'num': array([ 6.75401881e-01,  6.75401881e-01,  0.00000000e+00,  6.61114534e-03,
        6.67608783e-03,  6.54620285e-03,  2.95446240e-01, -1.03907982e-04,
        6.86831759e-03,  7.06249564e-03,  6.92135396e-03,  6.04943729e-06,
        7.42271283e-03,  6.70227844e-03])}
{'img': array([[[ 0.00000000e+00, -3.88215488e-01,  1.68207036e-01, ...,
          8.69496358e-01,  6.95508102e-01,  5.57117871e-01],
        [ 3.88215488e-01,  0.00000000e+00,  5.37698400e-01, ...,
          9.93055472e-01,  9.19898361e-01,  8.35809470e-01],
        [-1.68207036e-01, -5.37698400e-01,  0.00000000e+00, ...,
          7.74023429e-01,  5.64738461e-01,  4.09495137e-01],
        ...,
        [-8.69496358e-01, -9.93055472e-01, -7.74023429e-01, ...,
          0.00000000e+00, -2.81210182e-01, -4.46876400e-01],
        [-6.95508102e-01, -9.19898361e-01, -5.64738461e-01, ...,
          2.81210182e-01,  0.00000000e+00, -1.77273818e-01],
        [-5.57117871e-01, -8.35809470e-01, -4.09495137e-01, ...,
          4.46876400e-01,  1.77273818e-01,  0.00000000e+00]],

       [[ 0.00000000e+00,  2.36552191e-01, -1.62334757e-01, ...,
          2.90892081e-01,  4.30494585e-01,  3.56112850e-01],
        [-2.36552191e-01,  0.00000000e+00, -3.91142001e-01, ...,
          5.63135128e-02,  2.04766235e-01,  1.24961406e-01],
        [ 1.62334757e-01,  3.91142001e-01,  0.00000000e+00, ...,
          4.42348346e-01,  5.71306635e-01,  5.03081849e-01],
        ...,
        [-2.90892081e-01, -5.63135128e-02, -4.42348346e-01, ...,
          0.00000000e+00,  1.49321019e-01,  6.88910043e-02],
        [-4.30494585e-01, -2.04766235e-01, -5.71306635e-01, ...,
         -1.49321019e-01,  0.00000000e+00, -8.08476091e-02],
        [-3.56112850e-01, -1.24961406e-01, -5.03081849e-01, ...,
         -6.88910043e-02,  8.08476091e-02,  0.00000000e+00]],

       [[ 0.00000000e+00, -1.94768001e-01, -2.17164953e-01, ...,
          9.43545974e-01,  9.08668563e-01,  8.46457964e-01],
        [ 1.94768001e-01,  0.00000000e+00, -2.28862537e-02, ...,
          9.89991708e-01,  9.72586143e-01,  9.33953038e-01],
        [ 2.17164953e-01,  2.28862537e-02,  0.00000000e+00, ...,
          9.92962240e-01,  9.77653435e-01,  9.41887862e-01],
        ...,
        [-9.43545974e-01, -9.89991708e-01, -9.92962240e-01, ...,
          0.00000000e+00, -9.29587863e-02, -2.22014206e-01],
        [-9.08668563e-01, -9.72586143e-01, -9.77653435e-01, ...,
          9.29587863e-02,  0.00000000e+00, -1.30414021e-01],
        [-8.46457964e-01, -9.33953038e-01, -9.41887862e-01, ...,
          2.22014206e-01,  1.30414021e-01,  0.00000000e+00]],

       ...,

       [[ 0.00000000e+00,  1.25543209e-01,  5.93019378e-01, ...,
          2.44552796e-01,  1.66096118e-01,  1.35610500e-01],
        [-1.25543209e-01,  0.00000000e+00,  4.87241590e-01, ...,
          1.20886719e-01,  4.09826307e-02,  1.01541007e-02],
        [-5.93019378e-01, -4.87241590e-01,  0.00000000e+00, ...,
         -3.78101902e-01, -4.51043451e-01, -4.78349227e-01],
        ...,
        [-2.44552796e-01, -1.20886719e-01,  3.78101902e-01, ...,
          0.00000000e+00, -8.01030803e-02, -1.10800853e-01],
        [-1.66096118e-01, -4.09826307e-02,  4.51043451e-01, ...,
          8.01030803e-02,  0.00000000e+00, -3.08349481e-02],
        [-1.35610500e-01, -1.01541007e-02,  4.78349227e-01, ...,
          1.10800853e-01,  3.08349481e-02,  0.00000000e+00]],

       [[ 0.00000000e+00, -3.00434056e-02, -1.50329870e-01, ...,
          6.20274561e-01,  6.20639990e-01,  6.36610455e-01],
        [ 3.00434056e-02,  0.00000000e+00, -1.20560021e-01, ...,
          6.43560156e-01,  6.43916734e-01,  6.59492125e-01],
        [ 1.50329870e-01,  1.20560021e-01,  0.00000000e+00, ...,
          7.31142156e-01,  7.31459970e-01,  7.45308167e-01],
        ...,
        [-6.20274561e-01, -6.43560156e-01, -7.31142156e-01, ...,
          0.00000000e+00,  4.65965523e-04,  2.10007766e-02],
        [-6.20639990e-01, -6.43916734e-01, -7.31459970e-01, ...,
         -4.65965523e-04,  0.00000000e+00,  2.05349115e-02],
        [-6.36610455e-01, -6.59492125e-01, -7.45308167e-01, ...,
         -2.10007766e-02, -2.05349115e-02,  0.00000000e+00]],

       [[ 0.00000000e+00, -2.63904006e-01, -1.98801115e-01, ...,
          9.98602293e-01,  9.77061006e-01,  9.16562407e-01],
        [ 2.63904006e-01,  0.00000000e+00,  6.68830372e-02, ...,
          9.77148964e-01,  9.98624058e-01,  9.89602322e-01],
        [ 1.98801115e-01, -6.68830372e-02,  0.00000000e+00, ...,
          9.89177321e-01,  9.99895332e-01,  9.77766599e-01],
        ...,
        [-9.98602293e-01, -9.77148964e-01, -9.89177321e-01, ...,
          0.00000000e+00, -1.61021140e-01, -3.50889489e-01],
        [-9.77061006e-01, -9.98624058e-01, -9.99895332e-01, ...,
          1.61021140e-01,  0.00000000e+00, -1.95527804e-01],
        [-9.16562407e-01, -9.89602322e-01, -9.77766599e-01, ...,
          3.50889489e-01,  1.95527804e-01,  0.00000000e+00]]]), 'num': array([6.97942693e-01, 6.97942693e-01, 0.00000000e+00, 6.92573903e-03,
       6.97942693e-03, 6.85862916e-03, 1.59213345e-01, 9.39538241e-05,
       7.03043044e-03, 7.26665719e-03, 7.15816290e-03, 7.06419730e-06,
       7.65263175e-03, 6.88068264e-03])}
{'img': array([[[ 0.        ,  0.5376984 ,  0.6882325 , ...,  0.91989836,
          0.83580947,  0.9112902 ],
        [-0.5376984 ,  0.        ,  0.19017954, ...,  0.56473846,
          0.40949514,  0.54693749],
        [-0.6882325 , -0.19017954,  0.        , ...,  0.39748214,
          0.22851844,  0.37774225],
        ...,
        [-0.91989836, -0.56473846, -0.39748214, ...,  0.        ,
         -0.17727382, -0.02141297],
        [-0.83580947, -0.40949514, -0.22851844, ...,  0.17727382,
          0.        ,  0.15615935],
        [-0.9112902 , -0.54693749, -0.37774225, ...,  0.02141297,
         -0.15615935,  0.        ]],

       [[ 0.        , -0.391142  , -0.23785791, ...,  0.20476624,
          0.12496141, -0.3584162 ],
        [ 0.391142  ,  0.        ,  0.16100836, ...,  0.57130664,
          0.50308185,  0.03529397],
        [ 0.23785791, -0.16100836,  0.        , ...,  0.43170735,
          0.35736849, -0.12607456],
        ...,
        [-0.20476624, -0.57130664, -0.43170735, ...,  0.        ,
         -0.08084761, -0.54198364],
        [-0.12496141, -0.50308185, -0.35736849, ...,  0.08084761,
          0.        , -0.472266  ],
        [ 0.3584162 , -0.03529397,  0.12607456, ...,  0.54198364,
          0.472266  ,  0.        ]],

       [[ 0.        , -0.02288625, -0.02288625, ...,  0.97258614,
          0.93395304,  0.88494976],
        [ 0.02288625,  0.        ,  0.        , ...,  0.97765343,
          0.94188786,  0.89537579],
        [ 0.02288625,  0.        ,  0.        , ...,  0.97765343,
          0.94188786,  0.89537579],
        ...,
        [-0.97258614, -0.97765343, -0.97765343, ...,  0.        ,
         -0.13041402, -0.24713148],
        [-0.93395304, -0.94188786, -0.94188786, ...,  0.13041402,
          0.        , -0.11865205],
        [-0.88494976, -0.89537579, -0.89537579, ...,  0.24713148,
          0.11865205,  0.        ]],

       ...,

       [[ 0.        ,  0.48724159,  0.70024377, ...,  0.04098263,
          0.0101541 ,  0.14410685],
        [-0.48724159,  0.        ,  0.26365629, ..., -0.45104345,
         -0.47834923, -0.35631204],
        [-0.70024377, -0.26365629,  0.        , ..., -0.67039781,
         -0.69295862, -0.59005629],
        ...,
        [-0.04098263,  0.45104345,  0.67039781, ...,  0.        ,
         -0.03083495,  0.10343092],
        [-0.0101541 ,  0.47834923,  0.69295862, ...,  0.03083495,
          0.        ,  0.1340513 ],
        [-0.14410685,  0.35631204,  0.59005629, ..., -0.10343092,
         -0.1340513 ,  0.        ]],

       [[ 0.        , -0.12056002, -0.25816321, ...,  0.64391673,
          0.65949213,  0.63680252],
        [ 0.12056002,  0.        , -0.13980698, ...,  0.73145997,
          0.74530817,  0.72511273],
        [ 0.25816321,  0.13980698,  0.        , ...,  0.81960833,
          0.83120046,  0.81426654],
        ...,
        [-0.64391673, -0.73145997, -0.81960833, ...,  0.        ,
          0.02053491, -0.00926236],
        [-0.65949213, -0.74530817, -0.83120046, ..., -0.02053491,
          0.        , -0.02979444],
        [-0.63680252, -0.72511273, -0.81426654, ...,  0.00926236,
          0.02979444,  0.        ]],

       [[ 0.        ,  0.06688304,  0.22259941, ...,  0.99862406,
          0.98960232,  0.96985431],
        [-0.06688304,  0.        ,  0.15689603, ...,  0.99989533,
          0.9777666 ,  0.95138421],
        [-0.22259941, -0.15689603,  0.        , ...,  0.98524177,
          0.93275659,  0.89127642],
        ...,
        [-0.99862406, -0.99989533, -0.98524177, ...,  0.        ,
         -0.1955278 , -0.29420969],
        [-0.98960232, -0.9777666 , -0.93275659, ...,  0.1955278 ,
          0.        , -0.10165698],
        [-0.96985431, -0.95138421, -0.89127642, ...,  0.29420969,
          0.10165698,  0.        ]]]), 'num': array([6.89336507e-01, 6.89336507e-01, 0.00000000e+00, 6.93313448e-03,
       6.95964743e-03, 6.85359566e-03, 2.21891059e-01, 9.27952990e-05,
       6.88275989e-03, 7.15252908e-03, 7.07807190e-03, 9.67364121e-06,
       7.53023152e-03, 6.77482665e-03])}
{'img': array([[[ 0.        ,  0.24101527, -0.20306369, ...,  0.48384081,
          0.62516083,  0.73881091],
        [-0.24101527,  0.        , -0.43307149, ...,  0.25865185,
          0.41862046,  0.55460847],
        [ 0.20306369,  0.43307149,  0.        , ...,  0.65147266,
          0.77062632,  0.8602654 ],
        ...,
        [-0.48384081, -0.25865185, -0.65147266, ...,  0.        ,
          0.16947747,  0.32050832],
        [-0.62516083, -0.41862046, -0.77062632, ..., -0.16947747,
          0.        ,  0.15533506],
        [-0.73881091, -0.55460847, -0.8602654 , ..., -0.32050832,
         -0.15533506,  0.        ]],

       [[ 0.        ,  0.16100836, -0.02479842, ...,  0.50308185,
          0.03529397,  0.28508631],
        [-0.16100836,  0.        , -0.18543372, ...,  0.35736849,
         -0.12607456,  0.12703999],
        [ 0.02479842,  0.18543372,  0.        , ...,  0.52435889,
          0.06006608,  0.30876797],
        ...,
        [-0.50308185, -0.35736849, -0.52435889, ...,  0.        ,
         -0.472266  , -0.23582224],
        [-0.03529397,  0.12607456, -0.06006608, ...,  0.472266  ,
          0.        ,  0.25107936],
        [-0.28508631, -0.12703999, -0.30876797, ...,  0.23582224,
         -0.25107936,  0.        ]],

       [[ 0.        ,  0.        , -0.19199784, ...,  0.94188786,
          0.89537579,  0.83948564],
        [ 0.        ,  0.        , -0.19199784, ...,  0.94188786,
          0.89537579,  0.83948564],
        [ 0.19199784,  0.19199784,  0.        , ...,  0.98886171,
          0.96421645,  0.92819544],
        ...,
        [-0.94188786, -0.94188786, -0.98886171, ...,  0.        ,
         -0.11865205, -0.22979852],
        [-0.89537579, -0.89537579, -0.96421645, ...,  0.11865205,
          0.        , -0.11269849],
        [-0.83948564, -0.83948564, -0.92819544, ...,  0.22979852,
          0.11269849,  0.        ]],

       ...,

       [[ 0.        ,  0.26365629,  0.01830063, ..., -0.47834923,
         -0.35631204,  0.00403025],
        [-0.26365629,  0.        , -0.24595905, ..., -0.69295862,
         -0.59005629, -0.25976651],
        [-0.01830063,  0.24595905,  0.        , ..., -0.49434018,
         -0.37335188, -0.01427091],
        ...,
        [ 0.47834923,  0.69295862,  0.49434018, ...,  0.        ,
          0.1340513 ,  0.48188459],
        [ 0.35631204,  0.59005629,  0.37335188, ..., -0.1340513 ,
          0.        ,  0.36007488],
        [-0.00403025,  0.25976651,  0.01427091, ..., -0.48188459,
         -0.36007488,  0.        ]],

       [[ 0.        , -0.13980698, -0.22013929, ...,  0.74530817,
          0.72511273,  0.69201366],
        [ 0.13980698,  0.        , -0.08159996, ...,  0.83120046,
          0.81426654,  0.78614171],
        [ 0.22013929,  0.08159996,  0.        , ...,  0.8737959 ,
          0.85891915,  0.83395261],
        ...,
        [-0.74530817, -0.83120046, -0.8737959 , ...,  0.        ,
         -0.02979444, -0.07664691],
        [-0.72511273, -0.81426654, -0.85891915, ...,  0.02979444,
          0.        , -0.04690609],
        [-0.69201366, -0.78614171, -0.83395261, ...,  0.07664691,
          0.04690609,  0.        ]],

       [[ 0.        ,  0.15689603,  0.12109989, ...,  0.9777666 ,
          0.95138421,  0.93555614],
        [-0.15689603,  0.        , -0.03614124, ...,  0.93275659,
          0.89127642,  0.86855717],
        [-0.12109989,  0.03614124,  0.        , ...,  0.94517637,
          0.90708277,  0.88590093],
        ...,
        [-0.9777666 , -0.93275659, -0.94517637, ...,  0.        ,
         -0.10165698, -0.14914314],
        [-0.95138421, -0.89127642, -0.90708277, ...,  0.10165698,
          0.        , -0.0478505 ],
        [-0.93555614, -0.86855717, -0.88590093, ...,  0.14914314,
          0.0478505 ,  0.        ]]]), 'num': array([ 6.94479659e-01,  6.94479659e-01,  0.00000000e+00,  6.85130894e-03,
        6.93144121e-03,  6.83795357e-03,  1.87086410e-01, -1.33553781e-04,
        6.88603293e-03,  7.17183802e-03,  7.13511073e-03,  8.68904115e-06,
        7.55128121e-03,  6.79239483e-03])}
{'img': array([[[ 0.        , -0.43307149, -0.60540396, ...,  0.41862046,
          0.55460847,  0.35339734],
        [ 0.43307149,  0.        , -0.2009971 , ...,  0.77062632,
          0.8602654 ,  0.7236649 ],
        [ 0.60540396,  0.2009971 ,  0.        , ...,  0.88299215,
          0.94518663,  0.84761468],
        ...,
        [-0.41862046, -0.77062632, -0.88299215, ...,  0.        ,
          0.15533506, -0.07066649],
        [-0.55460847, -0.8602654 , -0.94518663, ..., -0.15533506,
          0.        , -0.22475546],
        [-0.35339734, -0.7236649 , -0.84761468, ...,  0.07066649,
          0.22475546,  0.        ]],

       [[ 0.        , -0.18543372, -0.31021341, ..., -0.12607456,
          0.12703999, -0.00333852],
        [ 0.18543372,  0.        , -0.1285476 , ...,  0.06006608,
          0.30876797,  0.18215207],
        [ 0.31021341,  0.1285476 ,  0.        , ...,  0.18788322,
          0.42847265,  0.30703786],
        ...,
        [ 0.12607456, -0.06006608, -0.18788322, ...,  0.        ,
          0.25107936,  0.12276198],
        [-0.12703999, -0.30876797, -0.42847265, ..., -0.25107936,
          0.        , -0.13035075],
        [ 0.00333852, -0.18215207, -0.30703786, ..., -0.12276198,
          0.13035075,  0.        ]],

       [[ 0.        , -0.19199784, -0.19199784, ...,  0.89537579,
          0.83948564,  0.78600025],
        [ 0.19199784,  0.        ,  0.        , ...,  0.96421645,
          0.92819544,  0.89007508],
        [ 0.19199784,  0.        ,  0.        , ...,  0.96421645,
          0.92819544,  0.89007508],
        ...,
        [-0.89537579, -0.96421645, -0.96421645, ...,  0.        ,
         -0.11269849, -0.20352992],
        [-0.83948564, -0.92819544, -0.92819544, ...,  0.11269849,
          0.        , -0.09189371],
        [-0.78600025, -0.89007508, -0.89007508, ...,  0.20352992,
          0.09189371,  0.        ]],

       ...,

       [[ 0.        , -0.24595905, -0.24595905, ..., -0.59005629,
         -0.25976651, -0.38611243],
        [ 0.24595905,  0.        ,  0.        , ..., -0.37335188,
         -0.01427091, -0.1473658 ],
        [ 0.24595905,  0.        ,  0.        , ..., -0.37335188,
         -0.01427091, -0.1473658 ],
        ...,
        [ 0.59005629,  0.37335188,  0.37335188, ...,  0.        ,
          0.36007488,  0.2325659 ],
        [ 0.25976651,  0.01427091,  0.01427091, ..., -0.36007488,
          0.        , -0.13323569],
        [ 0.38611243,  0.1473658 ,  0.1473658 , ..., -0.2325659 ,
          0.13323569,  0.        ]],

       [[ 0.        , -0.08159996, -0.18861963, ...,  0.81426654,
          0.78614171,  0.7492997 ],
        [ 0.08159996,  0.        , -0.10785535, ...,  0.85891915,
          0.83395261,  0.80083893],
        [ 0.18861963,  0.10785535,  0.        , ...,  0.90914266,
          0.8886063 ,  0.86075971],
        ...,
        [-0.81426654, -0.85891915, -0.90914266, ...,  0.        ,
         -0.04690609, -0.10427072],
        [-0.78614171, -0.83395261, -0.8886063 , ...,  0.04690609,
          0.        , -0.05750556],
        [-0.7492997 , -0.80083893, -0.86075971, ...,  0.10427072,
          0.05750556,  0.        ]],

       [[ 0.        , -0.03614124, -0.03229216, ...,  0.89127642,
          0.86855717,  0.82901032],
        [ 0.03614124,  0.        ,  0.00385133, ...,  0.90708277,
          0.88590093,  0.84868011],
        [ 0.03229216, -0.00385133,  0.        , ...,  0.90545481,
          0.88410783,  0.84663682],
        ...,
        [-0.89127642, -0.90708277, -0.90545481, ...,  0.        ,
         -0.0478505 , -0.1225081 ],
        [-0.86855717, -0.88590093, -0.88410783, ...,  0.0478505 ,
          0.        , -0.0748777 ],
        [-0.82901032, -0.84868011, -0.84663682, ...,  0.1225081 ,
          0.0748777 ,  0.        ]]]), 'num': array([6.99223996e-01, 6.99223996e-01, 0.00000000e+00, 6.99223996e-03,
       7.01913320e-03, 6.88466704e-03, 1.47549172e-01, 9.41263072e-05,
       6.94114283e-03, 7.19192220e-03, 7.18833644e-03, 9.38135952e-06,
       7.55054875e-03, 6.83329565e-03])}
{'img': array([[[ 0.00000000e+00, -2.00997098e-01, -2.00997098e-01, ...,
          8.60265398e-01,  7.23664900e-01,  8.25013303e-01],
        [ 2.00997098e-01,  0.00000000e+00,  0.00000000e+00, ...,
          9.45186627e-01,  8.47614680e-01,  9.21762432e-01],
        [ 2.00997098e-01,  0.00000000e+00,  0.00000000e+00, ...,
          9.45186627e-01,  8.47614680e-01,  9.21762432e-01],
        ...,
        [-8.60265398e-01, -9.45186627e-01, -9.45186627e-01, ...,
          0.00000000e+00, -2.24755457e-01, -6.55172856e-02],
        [-7.23664900e-01, -8.47614680e-01, -8.47614680e-01, ...,
          2.24755457e-01,  0.00000000e+00,  1.60431517e-01],
        [-8.25013303e-01, -9.21762432e-01, -9.21762432e-01, ...,
          6.55172856e-02, -1.60431517e-01,  0.00000000e+00]],

       [[ 0.00000000e+00, -1.28547598e-01, -3.33625690e-01, ...,
          3.08767966e-01,  1.82152071e-01, -6.34107694e-05],
        [ 1.28547598e-01,  0.00000000e+00, -2.09675167e-01, ...,
          4.28472650e-01,  3.07037862e-01,  1.28484713e-01],
        [ 3.33625690e-01,  2.09675167e-01,  0.00000000e+00, ...,
          6.08401168e-01,  4.99760039e-01,  3.33565911e-01],
        ...,
        [-3.08767966e-01, -4.28472650e-01, -6.08401168e-01, ...,
          0.00000000e+00, -1.30350746e-01, -3.08828277e-01],
        [-1.82152071e-01, -3.07037862e-01, -4.99760039e-01, ...,
          1.30350746e-01,  0.00000000e+00, -1.82214421e-01],
        [ 6.34107694e-05, -1.28484713e-01, -3.33565911e-01, ...,
          3.08828277e-01,  1.82214421e-01,  0.00000000e+00]],

       [[ 0.00000000e+00,  0.00000000e+00,  1.91997837e-01, ...,
          9.28195444e-01,  8.90075075e-01,  8.97083792e-01],
        [ 0.00000000e+00,  0.00000000e+00,  1.91997837e-01, ...,
          9.28195444e-01,  8.90075075e-01,  8.97083792e-01],
        [-1.91997837e-01, -1.91997837e-01,  0.00000000e+00, ...,
          8.39485636e-01,  7.86000246e-01,  7.95557607e-01],
        ...,
        [-9.28195444e-01, -9.28195444e-01, -8.39485636e-01, ...,
          0.00000000e+00, -9.18937092e-02, -7.63342504e-02],
        [-8.90075075e-01, -8.90075075e-01, -7.86000246e-01, ...,
          9.18937092e-02,  0.00000000e+00,  1.56143229e-02],
        [-8.97083792e-01, -8.97083792e-01, -7.95557607e-01, ...,
          7.63342504e-02, -1.56143229e-02,  0.00000000e+00]],

       ...,

       [[ 0.00000000e+00,  0.00000000e+00,  0.00000000e+00, ...,
         -1.42709066e-02, -1.47365796e-01, -6.73450822e-02],
        [ 0.00000000e+00,  0.00000000e+00,  0.00000000e+00, ...,
         -1.42709066e-02, -1.47365796e-01, -6.73450822e-02],
        [ 0.00000000e+00,  0.00000000e+00,  0.00000000e+00, ...,
         -1.42709066e-02, -1.47365796e-01, -6.73450822e-02],
        ...,
        [ 1.42709066e-02,  1.42709066e-02,  1.42709066e-02, ...,
          0.00000000e+00, -1.33235692e-01, -5.30997162e-02],
        [ 1.47365796e-01,  1.47365796e-01,  1.47365796e-01, ...,
          1.33235692e-01,  0.00000000e+00,  8.04214253e-02],
        [ 6.73450822e-02,  6.73450822e-02,  6.73450822e-02, ...,
          5.30997162e-02, -8.04214253e-02,  0.00000000e+00]],

       [[ 0.00000000e+00, -1.07855354e-01, -2.38730864e-01, ...,
          8.33952608e-01,  8.00838932e-01,  7.47858294e-01],
        [ 1.07855354e-01,  0.00000000e+00, -1.32601451e-01, ...,
          8.88606301e-01,  8.60759708e-01,  8.15096418e-01],
        [ 2.38730864e-01,  1.32601451e-01,  0.00000000e+00, ...,
          9.41579813e-01,  9.20654382e-01,  8.84718037e-01],
        ...,
        [-8.33952608e-01, -8.88606301e-01, -9.41579813e-01, ...,
          0.00000000e+00, -5.75055559e-02, -1.40931261e-01],
        [-8.00838932e-01, -8.60759708e-01, -9.20654382e-01, ...,
          5.75055559e-02,  0.00000000e+00, -8.37664307e-02],
        [-7.47858294e-01, -8.15096418e-01, -8.84718037e-01, ...,
          1.40931261e-01,  8.37664307e-02,  0.00000000e+00]],

       [[ 0.00000000e+00,  3.85133271e-03,  4.23020351e-02, ...,
          8.85900931e-01,  8.48680110e-01,  8.42009853e-01],
        [-3.85133271e-03,  0.00000000e+00,  3.84538361e-02, ...,
          8.84107826e-01,  8.46636821e-01,  8.39925960e-01],
        [-4.23020351e-02, -3.84538361e-02,  0.00000000e+00, ...,
          8.65485098e-01,  8.25546609e-01,  8.18435796e-01],
        ...,
        [-8.85900931e-01, -8.84107826e-01, -8.65485098e-01, ...,
          0.00000000e+00, -7.48776976e-02, -8.73231296e-02],
        [-8.48680110e-01, -8.46636821e-01, -8.25546609e-01, ...,
          7.48776976e-02,  0.00000000e+00, -1.24863217e-02],
        [-8.42009853e-01, -8.39925960e-01, -8.18435796e-01, ...,
          8.73231296e-02,  1.24863217e-02,  0.00000000e+00]]]), 'num': array([ 8.39603834e-01,  5.12909735e-01,  1.26136718e-05,  8.37677176e-03,
        8.39294314e-03,  8.31208627e-03,  1.77231468e-01, -3.23427481e-05,
        8.37677176e-03,  8.62015094e-03,  8.65222417e-03,  1.14150876e-05,
        9.04240345e-03,  8.19789844e-03])}
{'img': array([[[ 0.        ,  0.        ,  0.60540396, ...,  0.84761468,
          0.92176243,  0.9035079 ],
        [ 0.        ,  0.        ,  0.60540396, ...,  0.84761468,
          0.92176243,  0.9035079 ],
        [-0.60540396, -0.60540396,  0.        , ...,  0.35339734,
          0.49889918,  0.4596597 ],
        ...,
        [-0.84761468, -0.84761468, -0.35339734, ...,  0.        ,
          0.16043152,  0.11614892],
        [-0.92176243, -0.92176243, -0.49889918, ..., -0.16043152,
          0.        , -0.04470124],
        [-0.9035079 , -0.9035079 , -0.4596597 , ..., -0.11614892,
          0.04470124,  0.        ]],

       [[ 0.        , -0.20967517,  0.29465952, ...,  0.30703786,
          0.12848471,  0.12752744],
        [ 0.20967517,  0.        ,  0.48847563, ...,  0.49976004,
          0.33356591,  0.33265582],
        [-0.29465952, -0.48847563,  0.        , ...,  0.01297942,
         -0.16943694, -0.17038812],
        ...,
        [-0.30703786, -0.49976004, -0.01297942, ...,  0.        ,
         -0.18221442, -0.18316339],
        [-0.12848471, -0.33356591,  0.16943694, ...,  0.18221442,
          0.        , -0.00096521],
        [-0.12752744, -0.33265582,  0.17038812, ...,  0.18316339,
          0.00096521,  0.        ]],

       [[ 0.        ,  0.19199784,  0.3014298 , ...,  0.89007508,
          0.89708379,  0.91651514],
        [-0.19199784,  0.        ,  0.1127541 , ...,  0.78600025,
          0.79555761,  0.82266456],
        [-0.3014298 , -0.1127541 ,  0.        , ...,  0.71128033,
          0.72216905,  0.75331461],
        ...,
        [-0.89007508, -0.78600025, -0.71128033, ...,  0.        ,
          0.01561432,  0.06173036],
        [-0.89708379, -0.79555761, -0.72216905, ..., -0.01561432,
          0.        ,  0.04613829],
        [-0.91651514, -0.82266456, -0.75331461, ..., -0.06173036,
         -0.04613829,  0.        ]],

       ...,

       [[ 0.        ,  0.        ,  0.19275694, ..., -0.1473658 ,
         -0.06734508, -0.05365037],
        [ 0.        ,  0.        ,  0.19275694, ..., -0.1473658 ,
         -0.06734508, -0.05365037],
        [-0.19275694, -0.19275694,  0.        , ..., -0.33525461,
         -0.25840146, -0.24512356],
        ...,
        [ 0.1473658 ,  0.1473658 ,  0.33525461, ...,  0.        ,
          0.08042143,  0.09408894],
        [ 0.06734508,  0.06734508,  0.25840146, ..., -0.08042143,
          0.        ,  0.01371952],
        [ 0.05365037,  0.05365037,  0.24512356, ..., -0.09408894,
         -0.01371952,  0.        ]],

       [[ 0.        , -0.13260145, -0.20671886, ...,  0.86075971,
          0.81509642,  0.78489169],
        [ 0.13260145,  0.        , -0.07515611, ...,  0.92065438,
          0.88471804,  0.86012489],
        [ 0.20671886,  0.07515611,  0.        , ...,  0.94738991,
          0.91724812,  0.89602816],
        ...,
        [-0.86075971, -0.92065438, -0.94738991, ...,  0.        ,
         -0.08376643, -0.1338362 ],
        [-0.81509642, -0.88471804, -0.91724812, ...,  0.08376643,
          0.        , -0.050353  ],
        [-0.78489169, -0.86012489, -0.89602816, ...,  0.1338362 ,
          0.050353  ,  0.        ]],

       [[ 0.        ,  0.03845384,  0.07360654, ...,  0.84663682,
          0.83992596,  0.8186854 ],
        [-0.03845384,  0.        ,  0.03520257, ...,  0.82554661,
          0.8184358 ,  0.79599806],
        [-0.07360654, -0.03520257,  0.        , ...,  0.80516893,
          0.7977012 ,  0.77419661],
        ...,
        [-0.84663682, -0.82554661, -0.80516893, ...,  0.        ,
         -0.01248632, -0.05049396],
        [-0.83992596, -0.8184358 , -0.7977012 , ...,  0.01248632,
          0.        , -0.03801963],
        [-0.8186854 , -0.79599806, -0.77419661, ...,  0.05049396,
          0.03801963,  0.        ]]]), 'num': array([ 8.19289972e-01,  5.02766070e-01,  1.23642149e-05,  8.11599747e-03,
        8.14770059e-03,  8.10014592e-03,  2.74663425e-01, -9.51093454e-05,
        8.19842557e-03,  8.42113996e-03,  8.48692392e-03,  1.06864433e-05,
        8.84433498e-03,  7.99794493e-03])}
{'img': array([[[ 0.        ,  0.60540396,  0.60540396, ...,  0.92176243,
          0.9035079 ,  0.83449177],
        [-0.60540396,  0.        ,  0.        , ...,  0.49889918,
          0.4596597 ,  0.33059739],
        [-0.60540396,  0.        ,  0.        , ...,  0.49889918,
          0.4596597 ,  0.33059739],
        ...,
        [-0.92176243, -0.49889918, -0.49889918, ...,  0.        ,
         -0.04470124, -0.18433147],
        [-0.9035079 , -0.4596597 , -0.4596597 , ...,  0.04470124,
          0.        , -0.14021196],
        [-0.83449177, -0.33059739, -0.33059739, ...,  0.18433147,
          0.14021196,  0.        ]],

       [[ 0.        ,  0.48847563,  0.41311281, ...,  0.33356591,
          0.33265582,  0.62864117],
        [-0.48847563,  0.        , -0.08437196, ..., -0.16943694,
         -0.17038812,  0.16865287],
        [-0.41311281,  0.08437196,  0.        , ..., -0.08568075,
         -0.08664238,  0.25121488],
        ...,
        [-0.33356591,  0.16943694,  0.08568075, ...,  0.        ,
         -0.00096521,  0.33322416],
        [-0.33265582,  0.17038812,  0.08664238, ...,  0.00096521,
          0.        ,  0.33413406],
        [-0.62864117, -0.16865287, -0.25121488, ..., -0.33322416,
         -0.33413406,  0.        ]],

       [[ 0.        ,  0.23567888,  0.23567888, ...,  0.89028742,
          0.91066501,  0.90190958],
        [-0.23567888,  0.        ,  0.        , ...,  0.75788096,
          0.7876428 ,  0.77470811],
        [-0.23567888,  0.        ,  0.        , ...,  0.75788096,
          0.7876428 ,  0.77470811],
        ...,
        [-0.89028742, -0.75788096, -0.75788096, ...,  0.        ,
          0.04689771,  0.02619149],
        [-0.91066501, -0.7876428 , -0.7876428 , ..., -0.04689771,
          0.        , -0.02071896],
        [-0.90190958, -0.77470811, -0.77470811, ..., -0.02619149,
          0.02071896,  0.        ]],

       ...,

       [[ 0.        ,  0.19275694,  0.14295473, ..., -0.06734508,
         -0.05365037, -0.10699931],
        [-0.19275694,  0.        , -0.05050334, ..., -0.25840146,
         -0.24512356, -0.29664305],
        [-0.14295473,  0.05050334,  0.        , ..., -0.20928358,
         -0.19584818, -0.24803439],
        ...,
        [ 0.06734508,  0.25840146,  0.20928358, ...,  0.        ,
          0.01371952, -0.03979794],
        [ 0.05365037,  0.24512356,  0.19584818, ..., -0.01371952,
          0.        , -0.05350285],
        [ 0.10699931,  0.29664305,  0.24803439, ...,  0.03979794,
          0.05350285,  0.        ]],

       [[ 0.        , -0.07515611, -0.12055938, ...,  0.88471804,
          0.86012489,  0.84666426],
        [ 0.07515611,  0.        , -0.04561049, ...,  0.91724812,
          0.89602816,  0.88426234],
        [ 0.12055938,  0.04561049,  0.        , ...,  0.93446094,
          0.91534659,  0.90464175],
        ...,
        [-0.88471804, -0.91724812, -0.93446094, ...,  0.        ,
         -0.050353  , -0.07613003],
        [-0.86012489, -0.89602816, -0.91534659, ...,  0.050353  ,
          0.        , -0.02582659],
        [-0.84666426, -0.88426234, -0.90464175, ...,  0.07613003,
          0.02582659,  0.        ]],

       [[ 0.        ,  0.03520257,  0.04534278, ...,  0.8184358 ,
          0.79599806,  0.74905777],
        [-0.03520257,  0.        ,  0.01014831, ...,  0.7977012 ,
          0.77419661,  0.72527163],
        [-0.04534278, -0.01014831,  0.        , ...,  0.79154016,
          0.76773342,  0.71824755],
        ...,
        [-0.8184358 , -0.7977012 , -0.79154016, ...,  0.        ,
         -0.03801963, -0.11181047],
        [-0.79599806, -0.77419661, -0.76773342, ...,  0.03801963,
          0.        , -0.0739484 ],
        [-0.74905777, -0.72527163, -0.71824755, ...,  0.11181047,
          0.0739484 ,  0.        ]]]), 'num': array([ 8.39566146e-01,  5.15987458e-01,  1.26893603e-05,  8.29688943e-03,
        8.36196307e-03,  8.21554737e-03,  1.68257664e-01, -3.25368213e-05,
        8.37172412e-03,  8.60842949e-03,  8.71552986e-03,  1.10920982e-05,
        9.03863899e-03,  8.17821999e-03])}
{'img': array([[[ 0.        ,  0.        , -0.29481109, ...,  0.63074084,
          0.48955856,  0.43345806],
        [ 0.        ,  0.        , -0.29481109, ...,  0.63074084,
          0.48955856,  0.43345806],
        [ 0.29481109,  0.29481109,  0.        , ...,  0.83147942,
          0.72486695,  0.67986927],
        ...,
        [-0.63074084, -0.63074084, -0.83147942, ...,  0.        ,
         -0.17009307, -0.23204642],
        [-0.48955856, -0.48955856, -0.72486695, ...,  0.17009307,
          0.        , -0.06321471],
        [-0.43345806, -0.43345806, -0.67986927, ...,  0.23204642,
          0.06321471,  0.        ]],

       [[ 0.        , -0.08437196, -0.10118633, ..., -0.17038812,
          0.16865287, -0.21648213],
        [ 0.08437196,  0.        , -0.01688661, ..., -0.08664238,
          0.25121488, -0.13333901],
        [ 0.10118633,  0.01688661,  0.        , ..., -0.06980692,
          0.26752414, -0.11658418],
        ...,
        [ 0.17038812,  0.08664238,  0.06980692, ...,  0.        ,
          0.33413406, -0.04696888],
        [-0.16865287, -0.25121488, -0.26752414, ..., -0.33413406,
          0.        , -0.37803466],
        [ 0.21648213,  0.13333901,  0.11658418, ...,  0.04696888,
          0.37803466,  0.        ]],

       [[ 0.        ,  0.        ,  0.25603819, ...,  0.90123372,
          0.8918248 ,  0.85761892],
        [ 0.        ,  0.        ,  0.25603819, ...,  0.90123372,
          0.8918248 ,  0.85761892],
        [-0.25603819, -0.25603819,  0.        , ...,  0.76024272,
          0.74627051,  0.69735483],
        ...,
        [-0.90123372, -0.90123372, -0.76024272, ...,  0.        ,
         -0.02124356, -0.09185677],
        [-0.8918248 , -0.8918248 , -0.74627051, ...,  0.02124356,
          0.        , -0.07068229],
        [-0.85761892, -0.85761892, -0.69735483, ...,  0.09185677,
          0.07068229,  0.        ]],

       ...,

       [[ 0.        , -0.05050334,  0.09126489, ..., -0.24512356,
         -0.29664305, -0.28415266],
        [ 0.05050334,  0.        ,  0.141441  , ..., -0.19584818,
         -0.24803439, -0.23536851],
        [-0.09126489, -0.141441  ,  0.        , ..., -0.33258115,
         -0.38256197, -0.37046966],
