state_0,state_1,state_2,state_3,state_4,state_5,state_6,state_7,state_8,state_9,state_10,state_11,state_12,state_13,state_14,state_15,state_16,state_17,state_18,state_19,state_20,state_21,state_22,state_23,state_24,state_25,state_26,state_27,state_28,state_29,state_30,state_31,state_32,state_33,state_34,state_35,state_36,state_37,state_38,state_39,state_40,state_41,state_42,state_43,state_44,state_45,state_46,state_47,state_48,state_49,state_50,state_51,state_52,state_53,state_54,state_55,state_56,state_57,state_58,state_59,state_60,state_61,state_62,state_63,state_64,state_65,state_66,state_67,state_68,state_69,state_70,state_71,state_72,state_73,state_74,state_75,state_76,state_77,state_78,state_79,state_80,state_81,state_82,state_83,state_84,state_85,state_86,state_87,state_88,state_89,state_90,state_91,state_92,state_93,state_94,state_95,state_96,state_97,state_98,state_99,state_100,state_101,state_102,state_103,state_104,state_105,state_106,state_107,state_108,state_109,state_110,state_111,state_112,state_113,state_114,state_115,state_116,state_117,state_118,state_119,state_120,state_121,state_122,state_123,state_124,state_125,state_126,state_127,state_128,state_129,state_130,state_131,state_132,state_133,state_134,state_135,state_136,state_137,state_138,state_139,state_140,state_141,state_142,state_143,state_144,state_145,state_146,state_147,state_148,state_149,state_150,state_151,state_152,state_153,state_154,state_155,state_156,state_157,state_158,state_159,state_160,state_161,state_162,state_163,state_164,state_165,state_166,state_167,state_168,state_169,state_170,state_171,state_172,state_173,state_174,state_175,state_176,state_177,state_178,state_179,state_180,state_181,state_182,state_183,state_184,state_185,state_186,state_187,state_188,state_189,state_190,state_191,state_192,state_193,state_194,state_195,state_196,state_197,state_198,state_199,state_200,state_201,state_202,state_203,state_204,state_205,state_206,state_207,state_208,state_209,state_210,state_211,state_212,state_213,state_214,state_215,state_216,state_217,state_218,state_219,state_220,state_221,state_222,state_223,state_224,state_225,state_226,state_227,state_228,state_229,state_230,state_231,state_232,state_233,state_234,state_235,state_236,state_237,state_238,state_239,state_240,state_241,state_242,state_243,state_244,state_245,state_246,state_247,state_248,state_249,state_250,state_251,state_252,state_253,state_254,state_255,state_256,state_257,state_258,state_259,state_260,state_261,state_262,state_263,state_264,state_265,state_266,state_267,state_268,state_269,state_270,state_271,state_272,state_273,state_274,state_275,state_276,state_277,state_278,state_279,state_280,state_281,state_282,state_283,state_284,state_285,state_286,state_287
{'img': array([[[ 0.        , -0.44444444, -0.61462613, ..., -0.63239967,
         -0.68428302, -0.73391124],
        [ 0.44444444,  0.        , -0.2       , ..., -0.22222222,
         -0.28888889, -0.35555556],
        [ 0.61462613,  0.2       ,  0.        , ..., -0.02273321,
         -0.09157962, -0.16144084],
        ...,
        [ 0.63239967,  0.22222222,  0.02273321, ...,  0.        ,
         -0.06891827, -0.13896412],
        [ 0.68428302,  0.28888889,  0.09157962, ...,  0.06891827,
          0.        , -0.07038412],
        [ 0.73391124,  0.35555556,  0.16144084, ...,  0.13896412,
          0.07038412,  0.        ]],

       [[ 0.        , -0.07074036, -0.09498505, ..., -0.31707083,
         -0.27749529, -0.20226038],
        [ 0.07074036,  0.        , -0.02432658, ..., -0.24918621,
         -0.20883793, -0.13247539],
        [ 0.09498505,  0.02432658,  0.        , ..., -0.22555326,
         -0.18498595, -0.10832402],
        ...,
        [ 0.31707083,  0.24918621,  0.22555326, ...,  0.        ,
          0.04144146,  0.11869342],
        [ 0.27749529,  0.20883793,  0.18498595, ..., -0.04144146,
          0.        ,  0.07744295],
        [ 0.20226038,  0.13247539,  0.10832402, ..., -0.11869342,
         -0.07744295,  0.        ]],

       [[ 0.        , -0.21343318, -0.40736598, ..., -0.92735646,
         -0.91317972, -0.91801988],
        [ 0.21343318,  0.        , -0.20305826, ..., -0.82612577,
         -0.80515172, -0.81223297],
        [ 0.40736598,  0.20305826,  0.        , ..., -0.69449436,
         -0.66795018, -0.67686082],
        ...,
        [ 0.92735646,  0.82612577,  0.69449436, ...,  0.        ,
          0.03625796,  0.02422485],
        [ 0.91317972,  0.80515172,  0.66795018, ..., -0.03625796,
          0.        , -0.01203839],
        [ 0.91801988,  0.81223297,  0.67686082, ..., -0.02422485,
          0.01203839,  0.        ]],

       ...,

       [[ 0.        , -0.15681727, -0.43733617, ..., -0.16270936,
          0.14965973,  0.06979776],
        [ 0.15681727,  0.        , -0.29089981, ..., -0.00596873,
          0.30285922,  0.22536902],
        [ 0.43733617,  0.29089981,  0.        , ...,  0.28518402,
          0.56699941,  0.49903857],
        ...,
        [ 0.16270936,  0.00596873, -0.28518402, ...,  0.        ,
          0.30854224,  0.23118018],
        [-0.14965973, -0.30285922, -0.56699941, ..., -0.30854224,
          0.        , -0.08028308],
        [-0.06979776, -0.22536902, -0.49903857, ..., -0.23118018,
          0.08028308,  0.        ]],

       [[ 0.        ,  0.15945656,  0.36688523, ..., -0.32603491,
         -0.63891272, -0.99994687],
        [-0.15945656,  0.        ,  0.21385386, ..., -0.47260677,
         -0.75340442, -0.98550884],
        [-0.36688523, -0.21385386,  0.        , ..., -0.65013705,
         -0.87659611, -0.92643498],
        ...,
        [ 0.32603491,  0.47260677,  0.65013705, ...,  0.        ,
         -0.35318919, -0.94866824],
        [ 0.63891272,  0.75340442,  0.87659611, ...,  0.35318919,
          0.        , -0.77582421],
        [ 0.99994687,  0.98550884,  0.92643498, ...,  0.94866824,
          0.77582421,  0.        ]],

       [[ 0.        , -0.52485124, -0.75732183, ..., -0.47598259,
         -0.54926546, -0.63789546],
        [ 0.52485124,  0.        , -0.30187795, ..., -0.8667364 ,
         -0.9061223 , -0.94717277],
        [ 0.75732183,  0.30187795,  0.        , ..., -0.97686679,
         -0.99154774, -0.99980336],
        ...,
        [ 0.47598259,  0.8667364 ,  0.97686679, ...,  0.        ,
          0.08530023,  0.19443505],
        [ 0.54926546,  0.9061223 ,  0.99154774, ..., -0.08530023,
          0.        ,  0.11005408],
        [ 0.63789546,  0.94717277,  0.99980336, ..., -0.19443505,
         -0.11005408,  0.        ]]]), 'num': array([7.07103446e-01, 7.07103446e-01, 0.00000000e+00, 4.38495968e-05,
       4.38495968e-05, 4.20894908e-05, 3.06885957e-03, 7.65263470e-07,
       4.35741020e-05, 4.32756492e-05, 4.45421603e-05, 9.70578059e-07,
       4.57842664e-05, 4.07670320e-05])}
{'img': array([[[ 0.        , -0.2       ,  0.22222222, ..., -0.28888889,
         -0.35555556, -0.13333333],
        [ 0.2       ,  0.        ,  0.41273163, ..., -0.09157962,
         -0.16144084,  0.0675748 ],
        [-0.22222222, -0.41273163,  0.        , ..., -0.49441278,
         -0.5543664 , -0.35023753],
        ...,
        [ 0.28888889,  0.09157962,  0.49441278, ...,  0.        ,
         -0.07038412,  0.15866112],
        [ 0.35555556,  0.16144084,  0.5543664 , ...,  0.07038412,
          0.        ,  0.2277602 ],
        [ 0.13333333, -0.0675748 ,  0.35023753, ..., -0.15866112,
         -0.2277602 ,  0.        ]],

       [[ 0.        , -0.02432658,  0.22464102, ..., -0.20883793,
         -0.13247539,  0.2069098 ],
        [ 0.02432658,  0.        ,  0.24827937, ..., -0.18498595,
         -0.10832402,  0.23064872],
        [-0.22464102, -0.24827937,  0.        , ..., -0.42318812,
         -0.35175064, -0.01815828],
        ...,
        [ 0.20883793,  0.18498595,  0.42318812, ...,  0.        ,
          0.07744295,  0.40666618],
        [ 0.13247539,  0.10832402,  0.35175064, ..., -0.07744295,
          0.        ,  0.33469479],
        [-0.2069098 , -0.23064872,  0.01815828, ..., -0.40666618,
         -0.33469479,  0.        ]],

       [[ 0.        , -0.20305826, -0.35982887, ..., -0.80515172,
         -0.81223297, -0.81922469],
        [ 0.20305826,  0.        , -0.16287536, ..., -0.66795018,
         -0.67686082, -0.68570914],
        [ 0.35982887,  0.16287536,  0.        , ..., -0.53781799,
         -0.54792811, -0.55799962],
        ...,
        [ 0.80515172,  0.66795018,  0.53781799, ...,  0.        ,
         -0.01203839, -0.02412418],
        [ 0.81223297,  0.67686082,  0.54792811, ...,  0.01203839,
          0.        , -0.01208754],
        [ 0.81922469,  0.68570914,  0.55799962, ...,  0.02412418,
          0.01208754,  0.        ]],

       ...,

       [[ 0.        , -0.29089981,  0.00884529, ...,  0.30285922,
          0.22536902,  0.73638538],
        [ 0.29089981,  0.        ,  0.29935119, ...,  0.56699941,
          0.49903857,  0.90135116],
        [-0.00884529, -0.29935119,  0.        , ...,  0.2944175 ,
          0.21674247,  0.73037219],
        ...,
        [-0.30285922, -0.56699941, -0.2944175 , ...,  0.        ,
         -0.08028308,  0.49689813],
        [-0.22536902, -0.49903857, -0.21674247, ...,  0.08028308,
          0.        ,  0.56496456],
        [-0.73638538, -0.90135116, -0.73037219, ..., -0.49689813,
         -0.56496456,  0.        ]],

       [[ 0.        ,  0.19209946,  0.20928395, ..., -0.65178245,
         -0.89402103, -0.95976946],
        [-0.19209946,  0.        ,  0.01754073, ..., -0.78533268,
         -0.96343566, -0.88795474],
        [-0.20928395, -0.01754073,  0.        , ..., -0.79607087,
         -0.9679873 , -0.8797506 ],
        ...,
        [ 0.65178245,  0.78533268,  0.79607087, ...,  0.        ,
         -0.38601608, -0.91090839],
        [ 0.89402103,  0.96343566,  0.9679873 , ...,  0.38601608,
          0.        , -0.68103217],
        [ 0.95976946,  0.88795474,  0.8797506 , ...,  0.91090839,
          0.68103217,  0.        ]],

       [[ 0.        , -0.61832864, -0.67132191, ..., -0.56885667,
         -0.65956838, -0.74461126],
        [ 0.61832864,  0.        , -0.06932097, ..., -0.95561179,
         -0.98313111, -0.99793798],
        [ 0.67132191,  0.06932097,  0.        , ..., -0.97373693,
         -0.99344506, -0.99998676],
        ...,
        [ 0.56885667,  0.95561179,  0.97373693, ...,  0.        ,
          0.11487519,  0.23268471],
        [ 0.65956838,  0.98313111,  0.99344506, ..., -0.11487519,
          0.        ,  0.11942219],
        [ 0.74461126,  0.99793798,  0.99998676, ..., -0.23268471,
         -0.11942219,  0.        ]]]), 'num': array([ 7.07104525e-01,  7.07104525e-01,  0.00000000e+00,  4.23956609e-05,
        4.43853490e-05,  4.20895551e-05,  2.52310812e-03, -1.45400281e-06,
        4.32374520e-05,  4.30882254e-05,  4.45103422e-05,  8.29036691e-07,
        4.52470178e-05,  4.09294330e-05])}
{'img': array([[[ 0.        ,  0.41273163,  0.28630128, ..., -0.16144084,
          0.0675748 , -0.37803517],
        [-0.41273163,  0.        , -0.13467625, ..., -0.5543664 ,
         -0.35023753, -0.72643767],
        [-0.28630128,  0.13467625,  0.        , ..., -0.43722856,
         -0.22090076, -0.6272657 ],
        ...,
        [ 0.16144084,  0.5543664 ,  0.43722856, ...,  0.        ,
          0.2277602 , -0.22361573],
        [-0.0675748 ,  0.35023753,  0.22090076, ..., -0.2277602 ,
          0.        , -0.43973122],
        [ 0.37803517,  0.72643767,  0.6272657 , ...,  0.22361573,
          0.43973122,  0.        ]],

       [[ 0.        ,  0.24827937, -0.01083732, ..., -0.10832402,
          0.23064872,  0.16091403],
        [-0.24827937,  0.        , -0.25876278, ..., -0.35175064,
         -0.01815828, -0.08916834],
        [ 0.01083732,  0.25876278,  0.        , ..., -0.0975441 ,
          0.24118029,  0.17160068],
        ...,
        [ 0.10832402,  0.35175064,  0.0975441 , ...,  0.        ,
          0.33469479,  0.26687954],
        [-0.23064872,  0.01815828, -0.24118029, ..., -0.33469479,
          0.        , -0.07106769],
        [-0.16091403,  0.08916834, -0.17160068, ..., -0.26687954,
          0.07106769,  0.        ]],

       [[ 0.        , -0.16287536, -0.32587831, ..., -0.67686082,
         -0.68570914, -0.77866811],
        [ 0.16287536,  0.        , -0.16754247, ..., -0.54792811,
         -0.55799962, -0.66607642],
        [ 0.32587831,  0.16754247,  0.        , ..., -0.40002954,
         -0.41107858, -0.53169417],
        ...,
        [ 0.67686082,  0.54792811,  0.40002954, ...,  0.        ,
         -0.01208754, -0.14849931],
        [ 0.68570914,  0.55799962,  0.41107858, ...,  0.01208754,
          0.        , -0.13653494],
        [ 0.77866811,  0.66607642,  0.53169417, ...,  0.14849931,
          0.13653494,  0.        ]],

       ...,

       [[ 0.        ,  0.29935119,  0.26063911, ...,  0.49903857,
          0.90135116,  0.66838581],
        [-0.29935119,  0.        , -0.04031753, ...,  0.21674247,
          0.73037219,  0.4150738 ],
        [-0.26063911,  0.04031753,  0.        , ...,  0.25592537,
          0.7573172 ,  0.45141671],
        ...,
        [-0.49903857, -0.21674247, -0.25592537, ...,  0.        ,
          0.56496456,  0.20801736],
        [-0.90135116, -0.73037219, -0.7573172 , ..., -0.56496456,
          0.        , -0.38096776],
        [-0.66838581, -0.4150738 , -0.45141671, ..., -0.20801736,
          0.38096776,  0.        ]],

       [[ 0.        ,  0.01592898,  0.03219171, ..., -0.8837146 ,
         -0.98191707, -0.84622481],
        [-0.01592898,  0.        ,  0.0162669 , ..., -0.89105766,
         -0.98480803, -0.83763007],
        [-0.03219171, -0.0162669 ,  0.        , ..., -0.89832315,
         -0.98750241, -0.82863365],
        ...,
        [ 0.8837146 ,  0.89105766,  0.89832315, ...,  0.        ,
         -0.29226548, -0.86692149],
        [ 0.98191707,  0.98480803,  0.98750241, ...,  0.29226548,
          0.        , -0.68339112],
        [ 0.84622481,  0.83763007,  0.82863365, ...,  0.86692149,
          0.68339112,  0.        ]],

       [[ 0.        , -0.31260998, -0.52483006, ..., -0.69202462,
         -0.77850291, -0.83234393],
        [ 0.31260998,  0.        , -0.23243059, ..., -0.88300642,
         -0.93569241, -0.96389521],
        [ 0.52483006,  0.23243059,  0.        , ..., -0.96791734,
         -0.99207201, -0.99938905],
        ...,
        [ 0.69202462,  0.88300642,  0.96791734, ...,  0.        ,
          0.12763792,  0.21728615],
        [ 0.77850291,  0.93569241,  0.99207201, ..., -0.12763792,
          0.        ,  0.09092054],
        [ 0.83234393,  0.96389521,  0.99938905, ..., -0.21728615,
         -0.09092054,  0.        ]]]), 'num': array([ 7.07106012e-01,  7.07106012e-01,  0.00000000e+00,  4.11713241e-05,
        4.23957501e-05,  4.09417442e-05,  1.47029073e-03, -1.22442599e-06,
        4.27630779e-05,  4.28663888e-05,  4.44696216e-05,  7.95876896e-07,
        4.48479851e-05,  4.08847925e-05])}
{'img': array([[[ 0.        , -0.13467625, -0.09023858, ..., -0.35023753,
         -0.72643767, -0.97992102],
        [ 0.13467625,  0.        ,  0.04471032, ..., -0.22090076,
         -0.6272657 , -0.94414104],
        [ 0.09023858, -0.04471032,  0.        , ..., -0.26428567,
         -0.66145906, -0.9579308 ],
        ...,
        [ 0.35023753,  0.22090076,  0.26428567, ...,  0.        ,
         -0.43973122, -0.84802125],
        [ 0.72643767,  0.6272657 ,  0.66145906, ...,  0.43973122,
          0.        , -0.5285919 ],
        [ 0.97992102,  0.94414104,  0.9579308 , ...,  0.84802125,
          0.5285919 ,  0.        ]],

       [[ 0.        , -0.25876278, -0.3207458 , ..., -0.01815828,
         -0.08916834, -0.25468681],
        [ 0.25876278,  0.        , -0.06473035, ...,  0.24118029,
          0.17160068,  0.00421731],
        [ 0.3207458 ,  0.06473035,  0.        , ...,  0.30349402,
          0.23501097,  0.06893824],
        ...,
        [ 0.01815828, -0.24118029, -0.30349402, ...,  0.        ,
         -0.07106769, -0.23708533],
        [ 0.08916834, -0.17160068, -0.23501097, ...,  0.07106769,
          0.        , -0.16744439],
        [ 0.25468681, -0.00421731, -0.06893824, ...,  0.23708533,
          0.16744439,  0.        ]],

       [[ 0.        , -0.16754247, -0.24589375, ..., -0.55799962,
         -0.66607642, -0.80828894],
        [ 0.16754247,  0.        , -0.08001963, ..., -0.41107858,
         -0.53169417, -0.69821699],
        [ 0.24589375,  0.08001963,  0.        , ..., -0.33681448,
         -0.46221764, -0.63869307],
        ...,
        [ 0.55799962,  0.41107858,  0.33681448, ...,  0.        ,
         -0.13653494, -0.34220908],
        [ 0.66607642,  0.53169417,  0.46221764, ...,  0.13653494,
          0.        , -0.21071289],
        [ 0.80828894,  0.69821699,  0.63869307, ...,  0.34220908,
          0.21071289,  0.        ]],

       ...,

       [[ 0.        , -0.04031753, -0.09925951, ...,  0.73037219,
          0.4150738 ,  0.34194987],
        [ 0.04031753,  0.        , -0.05906038, ...,  0.7573172 ,
          0.45141671,  0.37955896],
        [ 0.09925951,  0.05906038,  0.        , ...,  0.79456445,
          0.50332908,  0.43353715],
        ...,
        [-0.73037219, -0.7573172 , -0.79456445, ...,  0.        ,
         -0.38096776, -0.45277538],
        [-0.4150738 , -0.45141671, -0.50332908, ...,  0.38096776,
          0.        , -0.0789506 ],
        [-0.34194987, -0.37955896, -0.43353715, ...,  0.45277538,
          0.0789506 ,  0.        ]],

       [[ 0.        ,  0.01530867,  0.03403447, ..., -0.94497114,
         -0.99989092, -0.8091613 ],
        [-0.01530867,  0.        ,  0.01873068, ..., -0.94986869,
         -0.99954763, -0.80007131],
        [-0.03403447, -0.01873068,  0.        , ..., -0.95555818,
         -0.99880894, -0.78869432],
        ...,
        [ 0.94497114,  0.94986869,  0.95555818, ...,  0.        ,
         -0.34107537, -0.81997247],
        [ 0.99989092,  0.99954763,  0.99880894, ...,  0.34107537,
          0.        , -0.57557105],
        [ 0.8091613 ,  0.80007131,  0.78869432, ...,  0.81997247,
          0.57557105,  0.        ]],

       [[ 0.        , -0.34625001, -0.43384922, ..., -0.85055722,
         -0.89541776, -0.8840823 ],
        [ 0.34625001,  0.        , -0.09504606, ..., -0.98003051,
         -0.99418909, -0.99120843],
        [ 0.43384922,  0.09504606,  0.        , ..., -0.99449343,
         -0.99991977, -0.99929662],
        ...,
        [ 0.85055722,  0.98003051,  0.99449343, ...,  0.        ,
          0.09219356,  0.06743147],
        [ 0.89541776,  0.99418909,  0.99991977, ..., -0.09219356,
          0.        , -0.02483942],
        [ 0.8840823 ,  0.99120843,  0.99929662, ..., -0.06743147,
          0.02483942,  0.        ]]]), 'num': array([ 7.07102915e-01,  7.07102915e-01,  0.00000000e+00,  3.89518814e-05,
        3.97936705e-05,  3.86457762e-05,  3.30469598e-03, -2.21926240e-06,
        4.18904909e-05,  4.25677485e-05,  4.43673918e-05,  5.40185573e-07,
        4.49740714e-05,  4.01614256e-05])}
{'img': array([[[ 0.        ,  0.03650937,  0.47102797, ..., -0.48834243,
         -0.72403463, -0.95794361],
        [-0.03650937,  0.        ,  0.43850836, ..., -0.51987684,
         -0.74873476, -0.94682835],
        [-0.47102797, -0.43850836,  0.        , ..., -0.84181933,
         -0.96358214, -0.70985501],
        ...,
        [ 0.48834243,  0.51987684,  0.84181933, ...,  0.        ,
         -0.29498948, -0.97608454],
        [ 0.72403463,  0.74873476,  0.96358214, ...,  0.29498948,
          0.        , -0.86852111],
        [ 0.95794361,  0.94682835,  0.70985501, ...,  0.97608454,
          0.86852111,  0.        ]],

       [[ 0.        , -0.06473035,  0.37725837, ...,  0.17160068,
          0.00421731,  0.26888638],
        [ 0.06473035,  0.        ,  0.31651989, ...,  0.23501097,
          0.06893824,  0.33066892],
        [-0.37725837, -0.31651989,  0.        , ..., -0.53058311,
         -0.38116071, -0.6123825 ],
        ...,
        [-0.17160068, -0.23501097,  0.53058311, ...,  0.        ,
         -0.16744439,  0.09961692],
        [-0.00421731, -0.06893824,  0.38116071, ...,  0.16744439,
          0.        ,  0.26482199],
        [-0.26888638, -0.33066892,  0.6123825 , ..., -0.09961692,
         -0.26482199,  0.        ]],

       [[ 0.        , -0.08001963,  0.08057523, ..., -0.53169417,
         -0.69821699, -0.98046697],
        [ 0.08001963,  0.        ,  0.1600763 , ..., -0.46221764,
         -0.63869307, -0.96158433],
        [-0.08057523, -0.1600763 ,  0.        , ..., -0.59820748,
         -0.75362946, -0.99312685],
        ...,
        [ 0.53169417,  0.46221764,  0.59820748, ...,  0.        ,
         -0.21071289, -0.72581755],
        [ 0.69821699,  0.63869307,  0.75362946, ...,  0.21071289,
          0.        , -0.56457477],
        [ 0.98046697,  0.96158433,  0.99312685, ...,  0.72581755,
          0.56457477,  0.        ]],

       ...,

       [[ 0.        , -0.05906038,  0.21675255, ...,  0.45141671,
          0.37955896, -0.17608003],
        [ 0.05906038,  0.        ,  0.2740305 , ...,  0.50332908,
          0.43353715, -0.11763506],
        [-0.21675255, -0.2740305 ,  0.        , ...,  0.24727381,
          0.17000312, -0.38525999],
        ...,
        [-0.45141671, -0.50332908, -0.24727381, ...,  0.        ,
         -0.0789506 , -0.60148225],
        [-0.37955896, -0.43353715, -0.17000312, ...,  0.0789506 ,
          0.        , -0.53653221],
        [ 0.17608003,  0.11763506,  0.38525999, ...,  0.60148225,
          0.53653221,  0.        ]],

       [[ 0.        ,  0.01873068,  0.01873068, ..., -0.99954763,
         -0.80007131, -0.95470425],
        [-0.01873068,  0.        ,  0.        , ..., -0.99880894,
         -0.78869432, -0.94896332],
        [-0.01873068,  0.        ,  0.        , ..., -0.99880894,
         -0.78869432, -0.94896332],
        ...,
        [ 0.99954763,  0.99880894,  0.99880894, ...,  0.        ,
         -0.57557105, -0.26870865],
        [ 0.80007131,  0.78869432,  0.78869432, ...,  0.57557105,
          0.        ,  0.33466544],
        [ 0.95470425,  0.94896332,  0.94896332, ...,  0.26870865,
         -0.33466544,  0.        ]],

       [[ 0.        , -0.09504606, -0.09504606, ..., -0.99418909,
         -0.99120843, -0.79596928],
        [ 0.09504606,  0.        ,  0.        , ..., -0.99991977,
         -0.99929662, -0.84990073],
        [ 0.09504606,  0.        ,  0.        , ..., -0.99991977,
         -0.99929662, -0.84990073],
        ...,
        [ 0.99418909,  0.99991977,  0.99991977, ...,  0.        ,
         -0.02483942, -0.5161351 ],
        [ 0.99120843,  0.99929662,  0.99929662, ...,  0.02483942,
          0.        , -0.49470071],
        [ 0.79596928,  0.84990073,  0.84990073, ...,  0.5161351 ,
          0.49470071,  0.        ]]]), 'num': array([7.07106108e-01, 7.07106108e-01, 0.00000000e+00, 3.97938502e-05,
       4.00234301e-05, 3.79572110e-05, 1.37516833e-03, 8.41792985e-07,
       4.12325510e-05, 4.23957558e-05, 4.42872391e-05, 5.40188012e-07,
       4.50643308e-05, 3.97271809e-05])}
{'img': array([[[ 0.00000000e+00,  4.38508358e-01,  1.50831227e-01, ...,
         -7.48734759e-01, -9.46828354e-01, -9.54951709e-01],
        [-4.38508358e-01,  0.00000000e+00, -2.97935503e-01, ...,
         -9.63582138e-01, -7.09855013e-01, -9.88373274e-01],
        [-1.50831227e-01,  2.97935503e-01,  0.00000000e+00, ...,
         -8.40150333e-01, -8.87467883e-01, -9.88787473e-01],
        ...,
        [ 7.48734759e-01,  9.63582138e-01,  8.40150333e-01, ...,
          0.00000000e+00, -8.68521112e-01, -4.10813113e-01],
        [ 9.46828354e-01,  7.09855013e-01,  8.87467883e-01, ...,
          8.68521112e-01,  0.00000000e+00,  5.88227288e-01],
        [ 9.54951709e-01,  9.88373274e-01,  9.88787473e-01, ...,
          4.10813113e-01, -5.88227288e-01,  0.00000000e+00]],

       [[ 0.00000000e+00,  3.16519888e-01,  4.86019777e-01, ...,
          6.89382411e-02,  3.30668919e-01,  5.03264127e-02],
        [-3.16519888e-01,  0.00000000e+00, -7.37653358e-01, ...,
         -3.81160707e-01, -6.12382504e-01, -3.63857726e-01],
        [-4.86019777e-01,  7.37653358e-01,  0.00000000e+00, ...,
         -4.24615077e-01, -1.69692243e-01, -4.41421246e-01],
        ...,
        [-6.89382411e-02,  3.81160707e-01,  4.24615077e-01, ...,
          0.00000000e+00,  2.64821988e-01, -1.86442015e-02],
        [-3.30668919e-01,  6.12382504e-01,  1.69692243e-01, ...,
         -2.64821988e-01,  0.00000000e+00, -2.82754511e-01],
        [-5.03264127e-02,  3.63857726e-01,  4.41421246e-01, ...,
          1.86442015e-02,  2.82754511e-01,  0.00000000e+00]],

       [[ 0.00000000e+00,  1.46858490e-01,  2.69190234e-01, ...,
         -5.65787085e-01, -8.35373761e-01, -9.95142434e-01],
        [-1.46858490e-01,  0.00000000e+00,  1.24834035e-01, ...,
         -6.80744915e-01, -9.07041750e-01, -9.69895043e-01],
        [-2.69190234e-01, -1.24834035e-01,  0.00000000e+00, ...,
         -7.66863378e-01, -9.52506749e-01, -9.31908174e-01],
        ...,
        [ 5.65787085e-01,  6.80744915e-01,  7.66863378e-01, ...,
          0.00000000e+00, -3.77805415e-01, -8.76245312e-01],
        [ 8.35373761e-01,  9.07041750e-01,  9.52506749e-01, ...,
          3.77805415e-01,  0.00000000e+00, -6.29251093e-01],
        [ 9.95142434e-01,  9.69895043e-01,  9.31908174e-01, ...,
          8.76245312e-01,  6.29251093e-01,  0.00000000e+00]],

       ...,

       [[ 0.00000000e+00,  2.74030503e-01,  1.98154045e-01, ...,
          4.33537151e-01, -1.17635058e-01, -1.17635058e-01],
        [-2.74030503e-01,  0.00000000e+00, -7.80278160e-02, ...,
          1.70003116e-01, -3.85259986e-01, -3.85259986e-01],
        [-1.98154045e-01,  7.80278160e-02,  0.00000000e+00, ...,
          2.46376813e-01, -3.12080700e-01, -3.12080700e-01],
        ...,
        [-4.33537151e-01, -1.70003116e-01, -2.46376813e-01, ...,
          0.00000000e+00, -5.36532206e-01, -5.36532206e-01],
        [ 1.17635058e-01,  3.85259986e-01,  3.12080700e-01, ...,
          5.36532206e-01,  0.00000000e+00,  0.00000000e+00],
        [ 1.17635058e-01,  3.85259986e-01,  3.12080700e-01, ...,
          5.36532206e-01,  0.00000000e+00,  0.00000000e+00]],

       [[ 0.00000000e+00,  0.00000000e+00, -4.55403706e-04, ...,
         -7.88694322e-01, -9.48963324e-01, -9.77213730e-01],
        [ 0.00000000e+00,  0.00000000e+00, -4.55403706e-04, ...,
         -7.88694322e-01, -9.48963324e-01, -9.77213730e-01],
        [ 4.55403706e-04,  4.55403706e-04,  0.00000000e+00, ...,
         -7.88974215e-01, -9.49106854e-01, -9.77310292e-01],
        ...,
        [ 7.88694322e-01,  7.88694322e-01,  7.88974215e-01, ...,
          0.00000000e+00,  3.34665438e-01,  4.33370445e-01],
        [ 9.48963324e-01,  9.48963324e-01,  9.49106854e-01, ...,
         -3.34665438e-01,  0.00000000e+00,  1.06775204e-01],
        [ 9.77213730e-01,  9.77213730e-01,  9.77310292e-01, ...,
         -4.33370445e-01, -1.06775204e-01,  0.00000000e+00]],

       [[ 0.00000000e+00,  0.00000000e+00, -3.69503860e-02, ...,
         -9.99340547e-01, -9.23714504e-01, -5.21801953e-01],
        [ 0.00000000e+00,  0.00000000e+00, -3.69503860e-02, ...,
         -9.99340547e-01, -9.23714504e-01, -5.21801953e-01],
        [ 3.69503860e-02,  3.69503860e-02,  0.00000000e+00, ...,
         -9.97316401e-01, -9.37238713e-01, -5.52966758e-01],
        ...,
        [ 9.99340547e-01,  9.99340547e-01,  9.97316401e-01, ...,
          0.00000000e+00, -4.16369764e-01, -8.71451129e-01],
        [ 9.23714504e-01,  9.23714504e-01,  9.37238713e-01, ...,
          4.16369764e-01,  0.00000000e+00, -5.88097314e-01],
        [ 5.21801953e-01,  5.21801953e-01,  5.52966758e-01, ...,
          8.71451129e-01,  5.88097314e-01,  0.00000000e+00]]]), 'num': array([7.07091082e-01, 7.07091082e-01, 0.00000000e+00, 3.99460546e-05,
       4.28540050e-05, 3.85686045e-05, 6.66249685e-03, 1.53050018e-07,
       4.04511197e-05, 4.22264999e-05, 4.42059468e-05, 5.31783960e-07,
       4.50616869e-05, 3.93913129e-05])}
{'img': array([[[ 0.00000000e+00, -2.97935503e-01, -3.16491215e-01, ...,
         -7.09855013e-01, -9.88373274e-01, -9.95423810e-01],
        [ 2.97935503e-01,  0.00000000e+00, -1.94978242e-02, ...,
         -8.87467883e-01, -9.88787473e-01, -9.78687922e-01],
        [ 3.16491215e-01,  1.94978242e-02,  0.00000000e+00, ...,
         -8.96285129e-01, -9.85687901e-01, -9.74497932e-01],
        ...,
        [ 7.09855013e-01,  8.87467883e-01,  8.96285129e-01, ...,
          0.00000000e+00,  5.88227288e-01,  6.33291877e-01],
        [ 9.88373274e-01,  9.88787473e-01,  9.85687901e-01, ...,
         -5.88227288e-01,  0.00000000e+00,  5.69036167e-02],
        [ 9.95423810e-01,  9.78687922e-01,  9.74497932e-01, ...,
         -6.33291877e-01, -5.69036167e-02,  0.00000000e+00]],

       [[ 0.00000000e+00, -7.37653358e-01, -4.56537639e-01, ...,
         -6.12382504e-01, -3.63857726e-01, -8.38195608e-01],
        [ 7.37653358e-01,  0.00000000e+00, -3.48048306e-01, ...,
         -1.69692243e-01, -4.41421246e-01,  1.63638795e-01],
        [ 4.56537639e-01,  3.48048306e-01,  0.00000000e+00, ...,
          1.83918091e-01, -1.01518345e-01,  4.96764268e-01],
        ...,
        [ 6.12382504e-01,  1.69692243e-01, -1.83918091e-01, ...,
          0.00000000e+00, -2.82754511e-01,  3.28670405e-01],
        [ 3.63857726e-01,  4.41421246e-01,  1.01518345e-01, ...,
          2.82754511e-01,  0.00000000e+00,  5.82304120e-01],
        [ 8.38195608e-01, -1.63638795e-01, -4.96764268e-01, ...,
         -3.28670405e-01, -5.82304120e-01,  0.00000000e+00]],

       [[ 0.00000000e+00,  1.13872678e-01,  1.29081938e-01, ...,
         -8.10189014e-01, -9.36226616e-01, -9.43347018e-01],
        [-1.13872678e-01,  0.00000000e+00,  1.53222949e-02, ...,
         -8.71667620e-01, -9.70151288e-01, -8.99427037e-01],
        [-1.29081938e-01, -1.53222949e-02,  0.00000000e+00, ...,
         -8.79074711e-01, -9.73753062e-01, -8.92624521e-01],
        ...,
        [ 8.10189014e-01,  8.71667620e-01,  8.79074711e-01, ...,
          0.00000000e+00, -2.64088912e-01, -8.21787527e-01],
        [ 9.36226616e-01,  9.70151288e-01,  9.73753062e-01, ...,
          2.64088912e-01,  0.00000000e+00, -6.42136415e-01],
        [ 9.43347018e-01,  8.99427037e-01,  8.92624521e-01, ...,
          8.21787527e-01,  6.42136415e-01,  0.00000000e+00]],

       ...,

       [[ 0.00000000e+00, -7.80278160e-02, -2.70171911e-01, ...,
         -3.85259986e-01, -3.85259986e-01, -4.02360786e-01],
        [ 7.80278160e-02,  0.00000000e+00, -1.94222081e-01, ...,
         -3.12080700e-01, -3.12080700e-01, -3.29701064e-01],
        [ 2.70171911e-01,  1.94222081e-01,  0.00000000e+00, ...,
         -1.21616154e-01, -1.21616154e-01, -1.40060532e-01],
        ...,
        [ 3.85259986e-01,  3.12080700e-01,  1.21616154e-01, ...,
          0.00000000e+00,  0.00000000e+00, -1.86035146e-02],
        [ 3.85259986e-01,  3.12080700e-01,  1.21616154e-01, ...,
          0.00000000e+00,  0.00000000e+00, -1.86035146e-02],
        [ 4.02360786e-01,  3.29701064e-01,  1.40060532e-01, ...,
          1.86035146e-02,  1.86035146e-02,  0.00000000e+00]],

       [[ 0.00000000e+00, -4.55403706e-04, -3.20719012e-02, ...,
         -9.48963324e-01, -9.77213730e-01, -9.76834362e-01],
        [ 4.55403706e-04,  0.00000000e+00, -3.16167284e-02, ...,
         -9.49106854e-01, -9.77310292e-01, -9.76931715e-01],
        [ 3.20719012e-02,  3.16167284e-02,  0.00000000e+00, ...,
         -9.58590187e-01, -9.83518524e-01, -9.83195127e-01],
        ...,
        [ 9.48963324e-01,  9.49106854e-01,  9.58590187e-01, ...,
          0.00000000e+00,  1.06775204e-01,  1.05005201e-01],
        [ 9.77213730e-01,  9.77310292e-01,  9.83518524e-01, ...,
         -1.06775204e-01,  0.00000000e+00, -1.78000983e-03],
        [ 9.76834362e-01,  9.76931715e-01,  9.83195127e-01, ...,
         -1.05005201e-01,  1.78000983e-03,  0.00000000e+00]],

       [[ 0.00000000e+00, -3.55560845e-02, -9.57191825e-02, ...,
         -9.74855540e-01, -8.72155655e-01, -5.04936896e-01],
        [ 3.55560845e-02,  0.00000000e+00, -6.02658331e-02, ...,
         -9.82162361e-01, -8.88999225e-01, -5.35308073e-01],
        [ 9.57191825e-02,  6.02658331e-02,  0.00000000e+00, ...,
         -9.91709222e-01, -9.14979596e-01, -5.85239028e-01],
        ...,
        [ 9.74855540e-01,  9.82162361e-01,  9.91709222e-01, ...,
          0.00000000e+00, -2.82577873e-01, -7.28933646e-01],
        [ 8.72155655e-01,  8.88999225e-01,  9.14979596e-01, ...,
          2.82577873e-01,  0.00000000e+00, -5.05777100e-01],
        [ 5.04936896e-01,  5.35308073e-01,  5.85239028e-01, ...,
          7.28933646e-01,  5.05777100e-01,  0.00000000e+00]]]), 'num': array([ 7.07104297e-01,  7.07104297e-01,  0.00000000e+00,  3.80336402e-05,
        4.00233276e-05,  3.78805873e-05,  2.64828926e-03, -1.91316098e-06,
        3.95794743e-05,  4.20206677e-05,  4.40664745e-05,  4.38822937e-07,
        4.53947461e-05,  3.86465893e-05])}
{'img': array([[[ 0.        , -0.01823187, -0.2232636 , ..., -0.94212857,
         -0.92788134, -0.85909806],
        [ 0.01823187,  0.        , -0.20545484, ..., -0.93585971,
         -0.92092889, -0.86828654],
        [ 0.2232636 ,  0.20545484,  0.        , ..., -0.84349794,
         -0.8212103 , -0.95168157],
        ...,
        [ 0.94212857,  0.93585971,  0.84349794, ...,  0.        ,
          0.0402229 , -0.77020594],
        [ 0.92788134,  0.92092889,  0.8212103 , ..., -0.0402229 ,
          0.        , -0.79523661],
        [ 0.85909806,  0.86828654,  0.95168157, ...,  0.77020594,
          0.79523661,  0.        ]],

       [[ 0.        , -0.41556576, -0.58457646, ..., -0.52218167,
          0.20191403, -0.30173047],
        [ 0.41556576,  0.        , -0.19454464, ..., -0.12054848,
          0.59066002,  0.12175469],
        [ 0.58457646,  0.19454464,  0.        , ...,  0.07488067,
          0.73635673,  0.31252567],
        ...,
        [ 0.52218167,  0.12054848, -0.07488067, ...,  0.        ,
          0.68362563,  0.24051841],
        [-0.20191403, -0.59066002, -0.73635673, ..., -0.68362563,
          0.        , -0.48801928],
        [ 0.30173047, -0.12175469, -0.31252567, ..., -0.24051841,
          0.48801928,  0.        ]],

       [[ 0.        ,  0.01410142,  0.        , ..., -0.90168481,
         -0.98605094, -0.86485352],
        [-0.01410142,  0.        , -0.01410142, ..., -0.90769253,
         -0.98829999, -0.85768827],
        [ 0.        ,  0.01410142,  0.        , ..., -0.90168481,
         -0.98605094, -0.86485352],
        ...,
        [ 0.90168481,  0.90769253,  0.90168481, ...,  0.        ,
         -0.27628254, -0.82662508],
        [ 0.98605094,  0.98829999,  0.98605094, ...,  0.27628254,
          0.        , -0.63897107],
        [ 0.86485352,  0.85768827,  0.86485352, ...,  0.82662508,
          0.63897107,  0.        ]],

       ...,

       [[ 0.        , -0.19422208, -0.25883057, ..., -0.3120807 ,
         -0.32970106, -0.52159914],
        [ 0.19422208,  0.        , -0.06629828, ..., -0.12161615,
         -0.14006053, -0.34595816],
        [ 0.25883057,  0.06629828,  0.        , ..., -0.05554241,
         -0.0741076 , -0.28299264],
        ...,
        [ 0.3120807 ,  0.12161615,  0.05554241, ...,  0.        ,
         -0.01860351, -0.22928384],
        [ 0.32970106,  0.14006053,  0.0741076 , ...,  0.01860351,
          0.        , -0.21113625],
        [ 0.52159914,  0.34595816,  0.28299264, ...,  0.22928384,
          0.21113625,  0.        ]],

       [[ 0.        , -0.03161673, -0.04756676, ..., -0.97731029,
         -0.97693172, -0.99816212],
        [ 0.03161673,  0.        , -0.01596204, ..., -0.98351852,
         -0.98319513, -0.99574713],
        [ 0.04756676,  0.01596204,  0.        , ..., -0.98627928,
         -0.98598386, -0.99414971],
        ...,
        [ 0.97731029,  0.98351852,  0.98627928, ...,  0.        ,
         -0.00178001,  0.27064851],
        [ 0.97693172,  0.98319513,  0.98598386, ...,  0.00178001,
          0.        ,  0.27236166],
        [ 0.99816212,  0.99574713,  0.99414971, ..., -0.27064851,
         -0.27236166,  0.        ]],

       [[ 0.        , -0.05578815, -0.1787815 , ..., -0.99046137,
         -0.95521948, -0.50134766],
        [ 0.05578815,  0.        , -0.12361374, ..., -0.99660594,
         -0.97023946, -0.54883734],
        [ 0.1787815 ,  0.12361374,  0.        , ..., -0.99913828,
         -0.99273087, -0.64796031],
        ...,
        [ 0.99046137,  0.99660594,  0.99913828, ...,  0.        ,
         -0.16145538, -0.78791162],
        [ 0.95521948,  0.97023946,  0.99273087, ...,  0.16145538,
          0.        , -0.6781519 ],
        [ 0.50134766,  0.54883734,  0.64796031, ...,  0.78791162,
          0.6781519 ,  0.        ]]]), 'num': array([ 7.65311406e-01,  6.43651792e-01,  5.22144267e-05,  3.90059680e-05,
        4.08474515e-05,  3.85037453e-05,  3.28698103e-03, -2.59481762e-06,
        4.20862677e-05,  4.56269382e-05,  4.80222617e-05,  3.79586973e-07,
        5.04055085e-05,  4.08483678e-05])}
{'img': array([[[ 0.        , -0.17726069, -0.38416149, ..., -0.80317419,
         -0.96089486, -0.80377255],
        [ 0.17726069,  0.        , -0.21441913, ..., -0.68485303,
         -0.8965922 , -0.89650285],
        [ 0.38416149,  0.21441913,  0.        , ..., -0.51268136,
         -0.78078199, -0.97064757],
        ...,
        [ 0.80317419,  0.68485303,  0.51268136, ...,  0.        ,
         -0.35003786, -0.95668069],
        [ 0.96089486,  0.8965922 ,  0.78078199, ...,  0.35003786,
          0.        , -0.79424706],
        [ 0.80377255,  0.89650285,  0.97064757, ...,  0.95668069,
          0.79424706,  0.        ]],

       [[ 0.        , -0.19454464, -0.04411251, ...,  0.59066002,
          0.12175469,  0.17655622],
        [ 0.19454464,  0.        ,  0.15108558, ...,  0.73635673,
          0.31252567,  0.36467133],
        [ 0.04411251, -0.15108558,  0.        , ...,  0.62568034,
          0.16542049,  0.21980388],
        ...,
        [-0.59066002, -0.73635673, -0.62568034, ...,  0.        ,
         -0.48801928, -0.43891423],
        [-0.12175469, -0.31252567, -0.16542049, ...,  0.48801928,
          0.        ,  0.0554007 ],
        [-0.17655622, -0.36467133, -0.21980388, ...,  0.43891423,
         -0.0554007 ,  0.        ]],

       [[ 0.        , -0.012909  , -0.10019602, ..., -0.92806814,
         -0.99332637, -0.81746961],
        [ 0.012909  ,  0.        , -0.08734363, ..., -0.92318336,
         -0.99175471, -0.82483671],
        [ 0.10019602,  0.08734363,  0.        , ..., -0.88608379,
         -0.97677132, -0.87106595],
        ...,
        [ 0.92806814,  0.92318336,  0.88608379, ...,  0.        ,
         -0.26288414, -0.83897523],
        [ 0.99332637,  0.99175471,  0.97677132, ...,  0.26288414,
          0.        , -0.66641273],
        [ 0.81746961,  0.82483671,  0.87106595, ...,  0.83897523,
          0.66641273,  0.        ]],

       ...,

       [[ 0.        , -0.06629828, -0.08187106, ..., -0.14006053,
         -0.34595816, -0.55262241],
        [ 0.06629828,  0.        , -0.01561522, ..., -0.0741076 ,
         -0.28299264, -0.49615146],
        [ 0.08187106,  0.01561522,  0.        , ..., -0.05852628,
         -0.26798124, -0.48253327],
        ...,
        [ 0.14006053,  0.0741076 ,  0.05852628, ...,  0.        ,
         -0.21113625, -0.43044428],
        [ 0.34595816,  0.28299264,  0.26798124, ...,  0.21113625,
          0.        , -0.23016542],
        [ 0.55262241,  0.49615146,  0.48253327, ...,  0.43044428,
          0.23016542,  0.        ]],

       [[ 0.        , -0.01596204,  0.04094465, ..., -0.98319513,
         -0.99574713, -0.88243555],
        [ 0.01596204,  0.        ,  0.05688808, ..., -0.98598386,
         -0.99414971, -0.87481405],
        [-0.04094465, -0.05688808,  0.        , ..., -0.97489587,
         -0.99868428, -0.90095728],
        ...,
        [ 0.98319513,  0.98598386,  0.97489587, ...,  0.        ,
          0.27236166,  0.62362321],
        [ 0.99574713,  0.99414971,  0.99868428, ..., -0.27236166,
          0.        ,  0.38713516],
