state_0,state_1,state_2,state_3,state_4,state_5,state_6,state_7,state_8,state_9,state_10,state_11,state_12,state_13,state_14,state_15,state_16,state_17,state_18,state_19,state_20,state_21,state_22,state_23,state_24,state_25,state_26,state_27,state_28,state_29,state_30,state_31,state_32,state_33,state_34,state_35,state_36,state_37,state_38,state_39,state_40,state_41,state_42,state_43,state_44,state_45,state_46,state_47,state_48,state_49,state_50,state_51,state_52,state_53,state_54,state_55,state_56,state_57,state_58,state_59,state_60,state_61,state_62,state_63,state_64,state_65,state_66,state_67,state_68,state_69,state_70,state_71,state_72,state_73,state_74,state_75,state_76,state_77,state_78,state_79,state_80,state_81,state_82,state_83,state_84,state_85,state_86,state_87,state_88,state_89,state_90,state_91,state_92,state_93,state_94,state_95,state_96,state_97,state_98,state_99,state_100,state_101,state_102,state_103,state_104,state_105,state_106,state_107,state_108,state_109,state_110,state_111,state_112,state_113,state_114,state_115,state_116,state_117,state_118,state_119,state_120,state_121,state_122,state_123,state_124,state_125,state_126,state_127,state_128,state_129,state_130,state_131,state_132,state_133,state_134,state_135,state_136,state_137,state_138,state_139,state_140,state_141,state_142,state_143,state_144,state_145,state_146,state_147,state_148,state_149,state_150,state_151,state_152,state_153,state_154,state_155,state_156,state_157,state_158,state_159,state_160,state_161,state_162,state_163,state_164,state_165,state_166,state_167,state_168,state_169,state_170,state_171,state_172,state_173,state_174,state_175,state_176,state_177,state_178,state_179,state_180,state_181,state_182,state_183,state_184,state_185,state_186,state_187,state_188,state_189,state_190,state_191,state_192,state_193,state_194,state_195,state_196,state_197,state_198,state_199,state_200,state_201,state_202,state_203,state_204,state_205,state_206,state_207,state_208,state_209,state_210,state_211,state_212,state_213,state_214,state_215,state_216,state_217,state_218,state_219,state_220,state_221,state_222,state_223,state_224,state_225,state_226,state_227,state_228,state_229,state_230,state_231,state_232,state_233,state_234,state_235,state_236,state_237,state_238,state_239,state_240,state_241,state_242,state_243,state_244,state_245,state_246,state_247,state_248,state_249,state_250,state_251,state_252,state_253,state_254,state_255,state_256,state_257,state_258,state_259,state_260,state_261,state_262,state_263,state_264,state_265,state_266,state_267,state_268,state_269,state_270,state_271,state_272,state_273,state_274,state_275,state_276,state_277,state_278,state_279,state_280,state_281,state_282,state_283,state_284,state_285,state_286,state_287
{'img': array([[[ 0.        , -0.06168917,  0.0222168 , ..., -0.48882629,
         -0.50871075, -0.49281186],
        [ 0.06168917,  0.        ,  0.08384843, ..., -0.43407881,
         -0.45463134, -0.43819529],
        [-0.0222168 , -0.08384843,  0.        , ..., -0.50808715,
         -0.52771246, -0.51202185],
        ...,
        [ 0.48882629,  0.43407881,  0.50808715, ...,  0.        ,
         -0.02294078, -0.00457447],
        [ 0.50871075,  0.45463134,  0.52771246, ...,  0.02294078,
          0.        ,  0.01836727],
        [ 0.49281186,  0.43819529,  0.51202185, ...,  0.00457447,
         -0.01836727,  0.        ]],

       [[ 0.        , -0.83751835, -0.91927414, ...,  0.24859463,
         -0.97740291, -0.99366718],
        [ 0.83751835,  0.        , -0.17263764, ...,  0.94706104,
         -0.35702327, -0.63705533],
        [ 0.91927414,  0.17263764,  0.        , ...,  0.98826723,
         -0.19040267, -0.49441798],
        ...,
        [-0.24859463, -0.94706104, -0.98826723, ...,  0.        ,
         -0.99926904, -0.93454065],
        [ 0.97740291,  0.35702327,  0.19040267, ...,  0.99926904,
          0.        , -0.31987052],
        [ 0.99366718,  0.63705533,  0.49441798, ...,  0.93454065,
          0.31987052,  0.        ]],

       [[ 0.        , -0.17429834, -0.3120385 , ..., -0.88567475,
         -0.90492207, -0.90127524],
        [ 0.17429834,  0.        , -0.14166656, ..., -0.79118983,
         -0.81689291, -0.81196509],
        [ 0.3120385 ,  0.14166656,  0.        , ..., -0.69657112,
         -0.72694232, -0.72108434],
        ...,
        [ 0.88567475,  0.79118983,  0.69657112, ...,  0.        ,
         -0.04323785, -0.03475177],
        [ 0.90492207,  0.81689291,  0.72694232, ...,  0.04323785,
          0.        ,  0.00849246],
        [ 0.90127524,  0.81196509,  0.72108434, ...,  0.03475177,
         -0.00849246,  0.        ]],

       ...,

       [[ 0.        , -0.09691669, -0.32032878, ..., -0.48451407,
         -0.41072142, -0.24510174],
        [ 0.09691669,  0.        , -0.22701102, ..., -0.3974521 ,
         -0.3204231 , -0.14998745],
        [ 0.32032878,  0.22701102,  0.        , ..., -0.17876498,
         -0.0970158 ,  0.07837145],
        ...,
        [ 0.48451407,  0.3974521 ,  0.17876498, ...,  0.        ,
          0.08246866,  0.25532416],
        [ 0.41072142,  0.3204231 ,  0.0970158 , ..., -0.08246866,
          0.        ,  0.17471916],
        [ 0.24510174,  0.14998745, -0.07837145, ..., -0.25532416,
         -0.17471916,  0.        ]],

       [[ 0.        ,  0.00889532,  0.02614225, ..., -0.99298117,
         -0.99955265, -0.91178008],
        [-0.00889532,  0.        ,  0.01724893, ..., -0.99399395,
         -0.99924705, -0.90809088],
        [-0.02614225, -0.01724893,  0.        , ..., -0.99573371,
         -0.99842916, -0.90073239],
        ...,
        [ 0.99298117,  0.99399395,  0.99573371, ...,  0.        ,
         -0.14791808, -0.5156349 ],
        [ 0.99955265,  0.99924705,  0.99842916, ...,  0.14791808,
          0.        , -0.38322526],
        [ 0.91178008,  0.90809088,  0.90073239, ...,  0.5156349 ,
          0.38322526,  0.        ]],

       [[ 0.        ,  0.01431578,  0.0397726 , ..., -0.46605319,
         -0.45808937, -0.44204875],
        [-0.01431578,  0.        ,  0.02546407, ..., -0.47867142,
         -0.47076781, -0.45484458],
        [-0.0397726 , -0.02546407,  0.        , ..., -0.50087351,
         -0.49308102, -0.47737465],
        ...,
        [ 0.46605319,  0.47867142,  0.50087351, ...,  0.        ,
          0.0089799 ,  0.02693994],
        [ 0.45808937,  0.47076781,  0.49308102, ..., -0.0089799 ,
          0.        ,  0.01796221],
        [ 0.44204875,  0.45484458,  0.47737465, ..., -0.02693994,
         -0.01796221,  0.        ]]]), 'num': array([7.07093438e-01, 7.07093438e-01, 0.00000000e+00, 2.08039911e-03,
       2.09705441e-03, 2.01074965e-03, 2.02934302e-03, 7.57059355e-05,
       2.04224332e-03, 1.97637915e-03, 2.20867020e-03, 9.64529342e-07,
       2.17785164e-03, 1.77490667e-03])}
{'img': array([[[ 0.        ,  0.08384843,  0.51050085, ..., -0.45463134,
         -0.43819529, -0.22894397],
        [-0.08384843,  0.        ,  0.43660378, ..., -0.52771246,
         -0.51202185, -0.30975913],
        [-0.51050085, -0.43660378,  0.        , ..., -0.8456199 ,
         -0.83567306, -0.69380546],
        ...,
        [ 0.45463134,  0.52771246,  0.8456199 , ...,  0.        ,
          0.01836727,  0.2386404 ],
        [ 0.43819529,  0.51202185,  0.83567306, ..., -0.01836727,
          0.        ,  0.22076354],
        [ 0.22894397,  0.30975913,  0.69380546, ..., -0.2386404 ,
         -0.22076354,  0.        ]],

       [[ 0.        , -0.17263764, -0.07724272, ..., -0.35702327,
         -0.63705533, -0.12024126],
        [ 0.17263764,  0.        ,  0.0960389 , ..., -0.19040267,
         -0.49441798,  0.05294922],
        [ 0.07724272, -0.0960389 ,  0.        , ..., -0.28380452,
         -0.57561192, -0.04319971],
        ...,
        [ 0.35702327,  0.19040267,  0.28380452, ...,  0.        ,
         -0.31987052,  0.24211614],
        [ 0.63705533,  0.49441798,  0.57561192, ...,  0.31987052,
          0.        ,  0.53974916],
        [ 0.12024126, -0.05294922,  0.04319971, ..., -0.24211614,
         -0.53974916,  0.        ]],

       [[ 0.        , -0.14166656, -0.17943613, ..., -0.81689291,
         -0.81196509, -0.76905089],
        [ 0.14166656,  0.        , -0.03825916, ..., -0.72694232,
         -0.72108434, -0.67074307],
        [ 0.17943613,  0.03825916,  0.        , ..., -0.70013758,
         -0.69404864, -0.64187556],
        ...,
        [ 0.81689291,  0.72694232,  0.70013758, ...,  0.        ,
          0.00849246,  0.07856741],
        [ 0.81196509,  0.72108434,  0.69404864, ..., -0.00849246,
          0.        ,  0.07009837],
        [ 0.76905089,  0.67074307,  0.64187556, ..., -0.07856741,
         -0.07009837,  0.        ]],

       ...,

       [[ 0.        , -0.22701102,  0.31649601, ..., -0.3204231 ,
         -0.14998745,  0.06485169],
        [ 0.22701102,  0.        ,  0.52357425, ..., -0.0970158 ,
          0.07837145,  0.2896917 ],
        [-0.31649601, -0.52357425,  0.        , ..., -0.60375999,
         -0.45519294, -0.25431184],
        ...,
        [ 0.3204231 ,  0.0970158 ,  0.60375999, ...,  0.        ,
          0.17471916,  0.38118094],
        [ 0.14998745, -0.07837145,  0.45519294, ..., -0.17471916,
          0.        ,  0.21378979],
        [-0.06485169, -0.2896917 ,  0.25431184, ..., -0.38118094,
         -0.21378979,  0.        ]],

       [[ 0.        ,  0.01722642,  0.1190576 , ..., -0.99952708,
         -0.94041301, -0.90759097],
        [-0.01722642,  0.        ,  0.10193604, ..., -0.99884903,
         -0.9344159 , -0.90022369],
        [-0.1190576 , -0.10193604,  0.        , ..., -0.98875665,
         -0.89324051, -0.85114861],
        ...,
        [ 0.99952708,  0.99884903,  0.98875665, ...,  0.        ,
         -0.31095489, -0.39174758],
        [ 0.94041301,  0.9344159 ,  0.89324051, ...,  0.31095489,
          0.        , -0.08622546],
        [ 0.90759097,  0.90022369,  0.85114861, ...,  0.39174758,
          0.08622546,  0.        ]],

       [[ 0.        ,  0.02546407,  0.06107718, ..., -0.47076781,
         -0.45484458, -0.45361586],
        [-0.02546407,  0.        ,  0.03564084, ..., -0.49308102,
         -0.47737465, -0.47616228],
        [-0.06107718, -0.03564084,  0.        , ..., -0.52377469,
         -0.50838896, -0.5072008 ],
        ...,
        [ 0.47076781,  0.49308102,  0.52377469, ...,  0.        ,
          0.01796221,  0.01934118],
        [ 0.45484458,  0.47737465,  0.50838896, ..., -0.01796221,
          0.        ,  0.00137921],
        [ 0.45361586,  0.47616228,  0.5072008 , ..., -0.01934118,
         -0.00137921,  0.        ]]]), 'num': array([ 7.07093685e-01,  7.07093685e-01,  0.00000000e+00,  2.03951862e-03,
        2.07131512e-03,  2.01075035e-03,  1.95165428e-03, -4.08812195e-05,
        2.02589154e-03,  1.97373013e-03,  2.20665214e-03,  9.73362368e-07,
        2.17035932e-03,  1.77710095e-03])}
{'img': array([[[ 0.        ,  0.43660378,  0.32380387, ..., -0.51202185,
         -0.30975913, -0.42034904],
        [-0.43660378,  0.        , -0.12177   , ..., -0.83567306,
         -0.69380546, -0.77432654],
        [-0.32380387,  0.12177   ,  0.        , ..., -0.76257488,
         -0.60094822, -0.69150989],
        ...,
        [ 0.51202185,  0.83567306,  0.76257488, ...,  0.        ,
          0.22076354,  0.10352119],
        [ 0.30975913,  0.69380546,  0.60094822, ..., -0.22076354,
          0.        , -0.11861038],
        [ 0.42034904,  0.77432654,  0.69150989, ..., -0.10352119,
          0.11861038,  0.        ]],

       [[ 0.        ,  0.0960389 , -0.35947416, ..., -0.49441798,
          0.05294922,  0.0169823 ],
        [-0.0960389 ,  0.        , -0.44743171, ..., -0.57561192,
         -0.04319971, -0.07912125],
        [ 0.35947416,  0.44743171,  0.        , ..., -0.14890496,
          0.40837973,  0.37526944],
        ...,
        [ 0.49441798,  0.57561192,  0.14890496, ...,  0.        ,
          0.53974916,  0.50910811],
        [-0.05294922,  0.04319971, -0.40837973, ..., -0.53974916,
          0.        , -0.03598311],
        [-0.0169823 ,  0.07912125, -0.37526944, ..., -0.50910811,
          0.03598311,  0.        ]],

       [[ 0.        , -0.03825916, -0.1033253 , ..., -0.72108434,
         -0.67074307, -0.71149416],
        [ 0.03825916,  0.        , -0.06519527, ..., -0.69404864,
         -0.64187556, -0.68408883],
        [ 0.1033253 ,  0.06519527,  0.        , ..., -0.64563616,
         -0.59051767, -0.6350801 ],
        ...,
        [ 0.72108434,  0.69404864,  0.64563616, ...,  0.        ,
          0.07009837,  0.0137434 ],
        [ 0.67074307,  0.64187556,  0.59051767, ..., -0.07009837,
          0.        , -0.05638215],
        [ 0.71149416,  0.68408883,  0.6350801 , ..., -0.0137434 ,
          0.05638215,  0.        ]],

       ...,

       [[ 0.        ,  0.52357425,  0.33008788, ...,  0.07837145,
          0.2896917 ,  0.31442358],
        [-0.52357425,  0.        , -0.21299973, ..., -0.45519294,
         -0.25431184, -0.22913741],
        [-0.33008788,  0.21299973,  0.        , ..., -0.25509386,
         -0.04247918, -0.01654655],
        ...,
        [-0.07837145,  0.45519294,  0.25509386, ...,  0.        ,
          0.21378979,  0.23905981],
        [-0.2896917 ,  0.25431184,  0.04247918, ..., -0.21378979,
          0.        ,  0.02594175],
        [-0.31442358,  0.22913741,  0.01654655, ..., -0.23905981,
         -0.02594175,  0.        ]],

       [[ 0.        ,  0.10060488,  0.14712904, ..., -0.98553451,
         -0.98325763, -0.89484349],
        [-0.10060488,  0.        ,  0.04687255, ..., -0.96348437,
         -0.95993673, -0.84539545],
        [-0.14712904, -0.04687255,  0.        , ..., -0.94987457,
         -0.94574716, -0.81942971],
        ...,
        [ 0.98553451,  0.96348437,  0.94987457, ...,  0.        ,
         -0.01294748, -0.28826947],
        [ 0.98325763,  0.95993673,  0.94574716, ...,  0.01294748,
          0.        , -0.27584745],
        [ 0.89484349,  0.84539545,  0.81942971, ...,  0.28826947,
          0.27584745,  0.        ]],

       [[ 0.        ,  0.03564084,  0.10369341, ..., -0.47737465,
         -0.47616228, -0.46562757],
        [-0.03564084,  0.        ,  0.06817881, ..., -0.50838896,
         -0.5072008 , -0.4968732 ],
        [-0.10369341, -0.06817881,  0.        , ..., -0.56591665,
         -0.56477901, -0.55488418],
        ...,
        [ 0.47737465,  0.50838896,  0.56591665, ...,  0.        ,
          0.00137921,  0.01332051],
        [ 0.47616228,  0.5072008 ,  0.56477901, ..., -0.00137921,
          0.        ,  0.01194141],
        [ 0.46562757,  0.4968732 ,  0.55488418, ..., -0.01332051,
         -0.01194141,  0.        ]]]), 'num': array([ 7.07094191e-01,  7.07094191e-01,  0.00000000e+00,  2.03800595e-03,
        2.06526012e-03,  2.01529415e-03,  1.54373652e-03, -1.51412032e-06,
        2.03225230e-03,  1.97335302e-03,  2.20413019e-03,  1.01811539e-06,
        2.16945609e-03,  1.77724994e-03])}
{'img': array([[[ 0.00000000e+00, -1.21769996e-01,  5.67931341e-02, ...,
         -6.93805460e-01, -7.74326540e-01, -7.77136123e-01],
        [ 1.21769996e-01,  0.00000000e+00,  1.77943955e-01, ...,
         -6.00948218e-01, -6.91509893e-01, -6.94719123e-01],
        [-5.67931341e-02, -1.77943955e-01,  0.00000000e+00, ...,
         -7.33585919e-01, -8.09014665e-01, -8.11623568e-01],
        ...,
        [ 6.93805460e-01,  6.00948218e-01,  7.33585919e-01, ...,
          0.00000000e+00, -1.18610375e-01, -1.23029918e-01],
        [ 7.74326540e-01,  6.91509893e-01,  8.09014665e-01, ...,
          1.18610375e-01,  0.00000000e+00, -4.45214671e-03],
        [ 7.77136123e-01,  6.94719123e-01,  8.11623568e-01, ...,
          1.23029918e-01,  4.45214671e-03,  0.00000000e+00]],

       [[ 0.00000000e+00, -4.47431707e-01, -1.54694123e-01, ...,
         -4.31997112e-02, -7.91212492e-02, -2.76397245e-01],
        [ 4.47431707e-01,  0.00000000e+00,  3.03699954e-01, ...,
          4.08379727e-01,  3.75269443e-01,  1.82814264e-01],
        [ 1.54694123e-01, -3.03699954e-01,  0.00000000e+00, ...,
          1.11870018e-01,  7.60403367e-02, -1.24402311e-01],
        ...,
        [ 4.31997112e-02, -4.08379727e-01, -1.11870018e-01, ...,
          0.00000000e+00, -3.59831060e-02, -2.34622415e-01],
        [ 7.91212492e-02, -3.75269443e-01, -7.60403367e-02, ...,
          3.59831060e-02,  0.00000000e+00, -1.99491779e-01],
        [ 2.76397245e-01, -1.82814264e-01,  1.24402311e-01, ...,
          2.34622415e-01,  1.99491779e-01,  0.00000000e+00]],

       [[ 0.00000000e+00, -6.51952738e-02,  5.15272128e-02, ...,
         -6.41875557e-01, -6.84088832e-01, -6.67831852e-01],
        [ 6.51952738e-02,  0.00000000e+00,  1.16526258e-01, ...,
         -5.90517671e-01, -6.35080102e-01, -6.17885420e-01],
        [-5.15272128e-02, -1.16526258e-01,  0.00000000e+00, ...,
         -6.80534405e-01, -7.20763965e-01, -7.05297030e-01],
        ...,
        [ 6.41875557e-01,  5.90517671e-01,  6.80534405e-01, ...,
          0.00000000e+00, -5.63821526e-02, -3.43435621e-02],
        [ 6.84088832e-01,  6.35080102e-01,  7.20763965e-01, ...,
          5.63821526e-02,  0.00000000e+00,  2.20599615e-02],
        [ 6.67831852e-01,  6.17885420e-01,  7.05297030e-01, ...,
          3.43435621e-02, -2.20599615e-02,  0.00000000e+00]],

       ...,

       [[ 0.00000000e+00, -2.12999728e-01, -4.03617929e-01, ...,
         -2.54311844e-01, -2.29137409e-01, -8.41080515e-02],
        [ 2.12999728e-01,  0.00000000e+00, -1.99476473e-01, ...,
         -4.24791814e-02, -1.65465468e-02,  1.30067032e-01],
        [ 4.03617929e-01,  1.99476473e-01,  0.00000000e+00, ...,
          1.57670955e-01,  1.83235159e-01,  3.25234985e-01],
        ...,
        [ 2.54311844e-01,  4.24791814e-02, -1.57670955e-01, ...,
          0.00000000e+00,  2.59417547e-02,  1.72067956e-01],
        [ 2.29137409e-01,  1.65465468e-02, -1.83235159e-01, ...,
         -2.59417547e-02,  0.00000000e+00,  1.46455212e-01],
        [ 8.41080515e-02, -1.30067032e-01, -3.25234985e-01, ...,
         -1.72067956e-01, -1.46455212e-01,  0.00000000e+00]],

       [[ 0.00000000e+00,  4.68020903e-02,  8.00203258e-02, ...,
         -9.63997937e-01, -8.92446243e-01, -8.44706610e-01],
        [-4.68020903e-02,  0.00000000e+00,  3.32806312e-02, ...,
         -9.50496440e-01, -8.70353345e-01, -8.18731100e-01],
        [-8.00203258e-02, -3.32806312e-02,  0.00000000e+00, ...,
         -9.39628437e-01, -8.53482905e-01, -7.99168583e-01],
        ...,
        [ 9.63997937e-01,  9.50496440e-01,  9.39628437e-01, ...,
          0.00000000e+00, -1.97601155e-01, -2.91344553e-01],
        [ 8.92446243e-01,  8.70353345e-01,  8.53482905e-01, ...,
          1.97601155e-01,  0.00000000e+00, -9.65711086e-02],
        [ 8.44706610e-01,  8.18731100e-01,  7.99168583e-01, ...,
          2.91344553e-01,  9.65711086e-02,  0.00000000e+00]],

       [[ 0.00000000e+00,  6.81788111e-02,  1.76272212e-01, ...,
         -5.07200799e-01, -4.96873198e-01, -4.96181110e-01],
        [-6.81788111e-02,  0.00000000e+00,  1.08750817e-01, ...,
         -5.64779005e-01, -5.54884183e-01, -5.54220697e-01],
        [-1.76272212e-01, -1.08750817e-01,  0.00000000e+00, ...,
         -6.51175087e-01, -6.42065996e-01, -6.41454529e-01],
        ...,
        [ 5.07200799e-01,  5.64779005e-01,  6.51175087e-01, ...,
          0.00000000e+00,  1.19414064e-02,  1.27386625e-02],
        [ 4.96873198e-01,  5.54884183e-01,  6.42065996e-01, ...,
         -1.19414064e-02,  0.00000000e+00,  7.97316657e-04],
        [ 4.96181110e-01,  5.54220697e-01,  6.41454529e-01, ...,
         -1.27386625e-02, -7.97316657e-04,  0.00000000e+00]]]), 'num': array([ 9.99543132e-01,  2.90456097e-02,  7.34113103e-06,  2.87981461e-03,
        2.90377676e-03,  2.85367408e-03,  1.45053778e-03, -5.22810519e-05,
        2.92468918e-03,  2.83929679e-03,  3.16322148e-03,  1.34546825e-06,
        3.12155059e-03,  2.55704299e-03])}
{'img': array([[[ 0.00000000e+00,  1.77943955e-01,  2.91594403e-01, ...,
         -6.91509893e-01, -6.94719123e-01, -7.68474689e-01],
        [-1.77943955e-01,  0.00000000e+00,  1.16729862e-01, ...,
         -8.09014665e-01, -8.11623568e-01, -8.70073123e-01],
        [-2.91594403e-01, -1.16729862e-01,  0.00000000e+00, ...,
         -8.72096465e-01, -8.74266409e-01, -9.21663839e-01],
        ...,
        [ 6.91509893e-01,  8.09014665e-01,  8.72096465e-01, ...,
          0.00000000e+00, -4.45214671e-03, -1.12637269e-01],
        [ 6.94719123e-01,  8.11623568e-01,  8.74266409e-01, ...,
          4.45214671e-03,  0.00000000e+00, -1.08212339e-01],
        [ 7.68474689e-01,  8.70073123e-01,  9.21663839e-01, ...,
          1.12637269e-01,  1.08212339e-01,  0.00000000e+00]],

       [[ 0.00000000e+00,  3.03699954e-01, -1.91840500e-01, ...,
          3.75269443e-01,  1.82814264e-01, -1.39525709e-01],
        [-3.03699954e-01,  0.00000000e+00, -4.80838503e-01, ...,
          7.60403367e-02, -1.24402311e-01, -4.33664890e-01],
        [ 1.91840500e-01,  4.80838503e-01,  0.00000000e+00, ...,
          5.46119217e-01,  3.68026195e-01,  5.30298276e-02],
        ...,
        [-3.75269443e-01, -7.60403367e-02, -5.46119217e-01, ...,
          0.00000000e+00, -1.99491779e-01, -5.00927306e-01],
        [-1.82814264e-01,  1.24402311e-01, -3.68026195e-01, ...,
          1.99491779e-01,  0.00000000e+00, -3.18200404e-01],
        [ 1.39525709e-01,  4.33664890e-01, -5.30298276e-02, ...,
          5.00927306e-01,  3.18200404e-01,  0.00000000e+00]],

       [[ 0.00000000e+00,  1.16526258e-01,  2.77118847e-01, ...,
         -6.35080102e-01, -6.17885420e-01, -6.16238765e-01],
        [-1.16526258e-01,  0.00000000e+00,  1.63268423e-01, ...,
         -7.20763965e-01, -7.05297030e-01, -7.03812055e-01],
        [-2.77118847e-01, -1.63268423e-01,  0.00000000e+00, ...,
         -8.24267026e-01, -8.11576062e-01, -8.10351722e-01],
        ...,
        [ 6.35080102e-01,  7.20763965e-01,  8.24267026e-01, ...,
          0.00000000e+00,  2.20599615e-02,  2.41519500e-02],
        [ 6.17885420e-01,  7.05297030e-01,  8.11576062e-01, ...,
         -2.20599615e-02,  0.00000000e+00,  2.09254609e-03],
        [ 6.16238765e-01,  7.03812055e-01,  8.10351722e-01, ...,
         -2.41519500e-02, -2.09254609e-03,  0.00000000e+00]],

       ...,

       [[ 0.00000000e+00, -1.99476473e-01, -1.47265581e-01, ...,
         -1.65465468e-02,  1.30067032e-01, -1.23396554e-01],
        [ 1.99476473e-01,  0.00000000e+00,  5.29956501e-02, ...,
          1.83235159e-01,  3.25234985e-01,  7.70353557e-02],
        [ 1.47265581e-01, -5.29956501e-02,  0.00000000e+00, ...,
          1.30879280e-01,  2.74663499e-01,  2.40889350e-02],
        ...,
        [ 1.65465468e-02, -1.83235159e-01, -1.30879280e-01, ...,
          0.00000000e+00,  1.46455212e-01, -1.06959572e-01],
        [-1.30067032e-01, -3.25234985e-01, -2.74663499e-01, ...,
         -1.46455212e-01,  0.00000000e+00, -2.51421312e-01],
        [ 1.23396554e-01, -7.70353557e-02, -2.40889350e-02, ...,
          1.06959572e-01,  2.51421312e-01,  0.00000000e+00]],

       [[ 0.00000000e+00,  3.32806312e-02,  3.48846873e-02, ...,
         -8.70353345e-01, -8.18731100e-01, -8.45960754e-01],
        [-3.32806312e-02,  0.00000000e+00,  1.60498813e-03, ...,
         -8.53482905e-01, -7.99168583e-01, -8.27745395e-01],
        [-3.48846873e-02, -1.60498813e-03,  0.00000000e+00, ...,
         -8.52645413e-01, -7.98202784e-01, -8.26843764e-01],
        ...,
        [ 8.70353345e-01,  8.53482905e-01,  8.52645413e-01, ...,
          0.00000000e+00, -9.65711086e-02, -4.75371903e-02],
        [ 8.18731100e-01,  7.99168583e-01,  7.98202784e-01, ...,
          9.65711086e-02,  0.00000000e+00,  4.91469263e-02],
        [ 8.45960754e-01,  8.27745395e-01,  8.26843764e-01, ...,
          4.75371903e-02, -4.91469263e-02,  0.00000000e+00]],

       [[ 0.00000000e+00,  1.08750817e-01,  2.43823916e-01, ...,
         -5.54884183e-01, -5.54220697e-01, -5.53911373e-01],
        [-1.08750817e-01,  0.00000000e+00,  1.36909141e-01, ...,
         -6.42065996e-01, -6.41454529e-01, -6.41169429e-01],
        [-2.43823916e-01, -1.36909141e-01,  0.00000000e+00, ...,
         -7.40981358e-01, -7.40445704e-01, -7.40195913e-01],
        ...,
        [ 5.54884183e-01,  6.42065996e-01,  7.40981358e-01, ...,
          0.00000000e+00,  7.97316657e-04,  1.16888945e-03],
        [ 5.54220697e-01,  6.41454529e-01,  7.40445704e-01, ...,
         -7.97316657e-04,  0.00000000e+00,  3.71572963e-04],
        [ 5.53911373e-01,  6.41169429e-01,  7.40195913e-01, ...,
         -1.16888945e-03, -3.71572963e-04,  0.00000000e+00]]]), 'num': array([ 9.99690215e-01,  2.34445086e-02,  7.43523006e-06,  2.87978085e-03,
        2.93461293e-03,  2.87758756e-03,  1.08389863e-03, -1.97395488e-05,
        2.93987681e-03,  2.86168626e-03,  3.17744593e-03,  1.16233902e-06,
        3.14545295e-03,  2.57791957e-03])}
{'img': array([[[ 0.00000000e+00,  1.16729862e-01,  8.47272321e-02, ...,
         -8.11623568e-01, -8.70073123e-01, -8.89835744e-01],
        [-1.16729862e-01,  0.00000000e+00, -3.21621108e-02, ...,
         -8.74266409e-01, -9.21663839e-01, -9.37014180e-01],
        [-8.47272321e-02,  3.21621108e-02,  0.00000000e+00, ...,
         -8.58201139e-01, -9.08708473e-01, -9.25295484e-01],
        ...,
        [ 8.11623568e-01,  8.74266409e-01,  8.58201139e-01, ...,
          0.00000000e+00, -1.08212339e-01, -1.49496529e-01],
        [ 8.70073123e-01,  9.21663839e-01,  9.08708473e-01, ...,
          1.08212339e-01,  0.00000000e+00, -4.16223801e-02],
        [ 8.89835744e-01,  9.37014180e-01,  9.25295484e-01, ...,
          1.49496529e-01,  4.16223801e-02,  0.00000000e+00]],

       [[ 0.00000000e+00, -4.80838503e-01, -4.25906986e-01, ...,
         -1.24402311e-01, -4.33664890e-01, -6.25454188e-01],
        [ 4.80838503e-01,  0.00000000e+00,  6.16076329e-02, ...,
          3.68026195e-01,  5.30298276e-02, -1.73224493e-01],
        [ 4.25906986e-01, -6.16076329e-02,  0.00000000e+00, ...,
          3.10043382e-01, -8.59185195e-03, -2.33571715e-01],
        ...,
        [ 1.24402311e-01, -3.68026195e-01, -3.10043382e-01, ...,
          0.00000000e+00, -3.18200404e-01, -5.23529315e-01],
        [ 4.33664890e-01, -5.30298276e-02,  8.59185195e-03, ...,
          3.18200404e-01,  0.00000000e+00, -2.25208896e-01],
        [ 6.25454188e-01,  1.73224493e-01,  2.33571715e-01, ...,
          5.23529315e-01,  2.25208896e-01,  0.00000000e+00]],

       [[ 0.00000000e+00,  1.63268423e-01,  3.11291221e-01, ...,
         -7.05297030e-01, -7.03812055e-01, -7.11953844e-01],
        [-1.63268423e-01,  0.00000000e+00,  1.51957856e-01, ...,
         -8.11576062e-01, -8.10351722e-01, -8.17051998e-01],
        [-3.11291221e-01, -1.51957856e-01,  0.00000000e+00, ...,
         -8.90932096e-01, -8.89979844e-01, -8.95176979e-01],
        ...,
        [ 7.05297030e-01,  8.11576062e-01,  8.90932096e-01, ...,
          0.00000000e+00,  2.09254609e-03, -9.43446396e-03],
        [ 7.03812055e-01,  8.10351722e-01,  8.89979844e-01, ...,
         -2.09254609e-03,  0.00000000e+00, -1.15268963e-02],
        [ 7.11953844e-01,  8.17051998e-01,  8.95176979e-01, ...,
          9.43446396e-03,  1.15268963e-02,  0.00000000e+00]],

       ...,

       [[ 0.00000000e+00,  5.29956501e-02,  6.86602158e-02, ...,
          3.25234985e-01,  7.70353557e-02, -2.31910034e-01],
        [-5.29956501e-02,  0.00000000e+00,  1.56931447e-02, ...,
          2.74663499e-01,  2.40889350e-02, -2.83134983e-01],
        [-6.86602158e-02, -1.56931447e-02,  0.00000000e+00, ...,
          2.59540082e-01,  8.39737768e-03, -2.98151098e-01],
        ...,
        [-3.25234985e-01, -2.74663499e-01, -2.59540082e-01, ...,
          0.00000000e+00, -2.51421312e-01, -5.35670015e-01],
        [-7.70353557e-02, -2.40889350e-02, -8.39737768e-03, ...,
          2.51421312e-01,  0.00000000e+00, -3.06156040e-01],
        [ 2.31910034e-01,  2.83134983e-01,  2.98151098e-01, ...,
          5.35670015e-01,  3.06156040e-01,  0.00000000e+00]],

       [[ 0.00000000e+00,  1.60498813e-03, -5.08281121e-02, ...,
         -7.99168583e-01, -8.27745395e-01, -8.76906637e-01],
        [-1.60498813e-03,  0.00000000e+00, -5.24309602e-02, ...,
         -7.98202784e-01, -8.26843764e-01, -8.76134053e-01],
        [ 5.08281121e-02,  5.24309602e-02,  0.00000000e+00, ...,
         -8.28688723e-01, -8.55195315e-01, -9.00204240e-01],
        ...,
        [ 7.99168583e-01,  7.98202784e-01,  8.28688723e-01, ...,
          0.00000000e+00,  4.91469263e-02,  1.42985717e-01],
        [ 8.27745395e-01,  8.26843764e-01,  8.55195315e-01, ...,
         -4.91469263e-02,  0.00000000e+00,  9.41709979e-02],
        [ 8.76906637e-01,  8.76134053e-01,  9.00204240e-01, ...,
         -1.42985717e-01, -9.41709979e-02,  0.00000000e+00]],

       [[ 0.00000000e+00,  1.36909141e-01,  2.90040675e-01, ...,
         -6.41454529e-01, -6.41169429e-01, -6.31545045e-01],
        [-1.36909141e-01,  0.00000000e+00,  1.56285531e-01, ...,
         -7.40445704e-01, -7.40195913e-01, -7.31749193e-01],
        [-2.90040675e-01, -1.56285531e-01,  0.00000000e+00, ...,
         -8.36389080e-01, -8.36185350e-01, -8.29277553e-01],
        ...,
        [ 6.41454529e-01,  7.40445704e-01,  8.36389080e-01, ...,
          0.00000000e+00,  3.71572963e-04,  1.28480691e-02],
        [ 6.41169429e-01,  7.40195913e-01,  8.36185350e-01, ...,
         -3.71572963e-04,  0.00000000e+00,  1.24765259e-02],
        [ 6.31545045e-01,  7.31749193e-01,  8.29277553e-01, ...,
         -1.28480691e-02, -1.24765259e-02,  0.00000000e+00]]]), 'num': array([9.99711677e-01, 2.24434676e-02, 7.11775826e-06, 2.88279708e-03,
       2.89119561e-03, 2.75681905e-03, 2.92277410e-03, 1.25978022e-04,
       2.81392909e-03, 2.75356462e-03, 3.03561542e-03, 1.06000925e-06,
       3.02430007e-03, 2.48282917e-03])}
{'img': array([[[ 0.        , -0.03216211, -0.07538261, ..., -0.92166384,
         -0.93701418, -0.81046703],
        [ 0.03216211,  0.        , -0.04327301, ..., -0.90870847,
         -0.92529548, -0.79120769],
        [ 0.07538261,  0.04327301,  0.        , ..., -0.88979376,
         -0.90801759, -0.76400305],
        ...,
        [ 0.92166384,  0.90870847,  0.88979376, ...,  0.        ,
         -0.04162238,  0.22544356],
        [ 0.93701418,  0.92529548,  0.90801759, ...,  0.04162238,
          0.        ,  0.26579905],
        [ 0.81046703,  0.79120769,  0.76400305, ..., -0.22544356,
         -0.26579905,  0.        ]],

       [[ 0.        ,  0.06160763,  0.01877305, ...,  0.05302983,
         -0.17322449,  0.60478497],
        [-0.06160763,  0.        , -0.04285939, ..., -0.00859185,
         -0.23357172,  0.55457251],
        [-0.01877305,  0.04285939,  0.        , ...,  0.03427385,
         -0.19168321,  0.58972774],
        ...,
        [-0.05302983,  0.00859185, -0.03427385, ...,  0.        ,
         -0.2252089 ,  0.56170163],
        [ 0.17322449,  0.23357172,  0.19168321, ...,  0.2252089 ,
          0.        ,  0.7335961 ],
        [-0.60478497, -0.55457251, -0.58972774, ..., -0.56170163,
         -0.7335961 ,  0.        ]],

       [[ 0.        ,  0.15195786,  0.17566727, ..., -0.81035172,
         -0.817052  , -0.81765703],
        [-0.15195786,  0.        ,  0.02403239, ..., -0.88997984,
         -0.89517698, -0.89564455],
        [-0.17566727, -0.02403239,  0.        , ..., -0.90068157,
         -0.90562993, -0.90607477],
        ...,
        [ 0.81035172,  0.88997984,  0.90068157, ...,  0.        ,
         -0.0115269 , -0.01257697],
        [ 0.817052  ,  0.89517698,  0.90562993, ...,  0.0115269 ,
          0.        , -0.00105015],
        [ 0.81765703,  0.89564455,  0.90607477, ...,  0.01257697,
          0.00105015,  0.        ]],

       ...,

       [[ 0.        ,  0.01569314, -0.12953699, ...,  0.02408894,
         -0.28313498, -0.35828407],
        [-0.01569314,  0.        , -0.14508196, ...,  0.00839738,
         -0.2981511 , -0.37289127],
        [ 0.12953699,  0.14508196,  0.        , ...,  0.15338538,
         -0.15651311, -0.23432801],
        ...,
        [-0.02408894, -0.00839738, -0.15338538, ...,  0.        ,
         -0.30615604, -0.38066984],
        [ 0.28313498,  0.2981511 ,  0.15651311, ...,  0.30615604,
          0.        , -0.07928472],
        [ 0.35828407,  0.37289127,  0.23432801, ...,  0.38066984,
          0.07928472,  0.        ]],

       [[ 0.        , -0.05243096, -0.02142037, ..., -0.82684376,
         -0.87613405, -0.95519931],
        [ 0.05243096,  0.        ,  0.03102802, ..., -0.85519532,
         -0.90020424, -0.96940312],
        [ 0.02142037, -0.03102802,  0.        , ..., -0.83870155,
         -0.8862591 , -0.96131979],
        ...,
        [ 0.82684376,  0.85519532,  0.83870155, ...,  0.        ,
          0.094171  ,  0.29251894],
        [ 0.87613405,  0.90020424,  0.8862591 , ..., -0.094171  ,
          0.        ,  0.20116707],
        [ 0.95519931,  0.96940312,  0.96131979, ..., -0.29251894,
         -0.20116707,  0.        ]],

       [[ 0.        ,  0.15628553,  0.22013313, ..., -0.74019591,
         -0.73174919, -0.69291044],
        [-0.15628553,  0.        ,  0.0649763 , ..., -0.83618535,
         -0.82927755, -0.79708146],
        [-0.22013313, -0.0649763 ,  0.        , ..., -0.87005438,
         -0.86383629, -0.83463443],
        ...,
        [ 0.74019591,  0.83618535,  0.87005438, ...,  0.        ,
          0.01247653,  0.06779185],
        [ 0.73174919,  0.82927755,  0.86383629, ..., -0.01247653,
          0.        ,  0.05533875],
        [ 0.69291044,  0.79708146,  0.83463443, ..., -0.06779185,
         -0.05533875,  0.        ]]]), 'num': array([9.99717758e-01, 2.22691964e-02, 7.06248961e-06, 2.88332909e-03,
       2.90207906e-03, 2.84374582e-03, 1.98485125e-03, 2.29166329e-05,
       2.80749587e-03, 2.74895429e-03, 3.00565530e-03, 1.09675319e-06,
       3.01128354e-03, 2.48662503e-03])}
{'img': array([[[ 0.        , -0.04327301, -0.09626631, ..., -0.92529548,
         -0.79120769, -0.76097297],
        [ 0.04327301,  0.        , -0.0531041 , ..., -0.90801759,
         -0.76400305, -0.73218534],
        [ 0.09626631,  0.0531041 ,  0.        , ..., -0.88448935,
         -0.72866159, -0.69498272],
        ...,
        [ 0.92529548,  0.90801759,  0.88448935, ...,  0.        ,
          0.26579905,  0.31171982],
        [ 0.79120769,  0.76400305,  0.72866159, ..., -0.26579905,
          0.        ,  0.04795141],
        [ 0.76097297,  0.73218534,  0.69498272, ..., -0.31171982,
         -0.04795141,  0.        ]],

       [[ 0.        , -0.04285939, -0.2271907 , ..., -0.23357172,
          0.55457251,  0.25813397],
        [ 0.04285939,  0.        , -0.18524331, ..., -0.19168321,
          0.58972774,  0.29930362],
        [ 0.2271907 ,  0.18524331,  0.        , ..., -0.00655737,
          0.72912403,  0.47087486],
        ...,
        [ 0.23357172,  0.19168321,  0.00655737, ...,  0.        ,
          0.7335961 ,  0.47664964],
        [-0.55457251, -0.58972774, -0.72912403, ..., -0.7335961 ,
          0.        , -0.32097515],
        [-0.25813397, -0.29930362, -0.47087486, ..., -0.47664964,
          0.32097515,  0.        ]],

       [[ 0.        ,  0.02403239,  0.06943553, ..., -0.89517698,
         -0.89564455, -0.87780558],
        [-0.02403239,  0.        ,  0.04544108, ..., -0.90562993,
         -0.90607477, -0.88906398],
        [-0.06943553, -0.04544108,  0.        , ..., -0.92396459,
         -0.92436574, -0.90894775],
        ...,
        [ 0.89517698,  0.90562993,  0.92396459, ...,  0.        ,
         -0.00105015,  0.03755757],
        [ 0.89564455,  0.90607477,  0.92436574, ...,  0.00105015,
          0.        ,  0.03860696],
        [ 0.87780558,  0.88906398,  0.90894775, ..., -0.03755757,
         -0.03860696,  0.        ]],

       ...,

       [[ 0.        , -0.14508196, -0.23524089, ..., -0.2981511 ,
         -0.37289127, -0.3088978 ],
        [ 0.14508196,  0.        , -0.09174142, ..., -0.15651311,
         -0.23432801, -0.16764279],
        [ 0.23524089,  0.09174142,  0.        , ..., -0.06524229,
         -0.1441527 , -0.07649274],
        ...,
        [ 0.2981511 ,  0.15651311,  0.06524229, ...,  0.        ,
         -0.07928472, -0.01127863],
        [ 0.37289127,  0.23432801,  0.1441527 , ...,  0.07928472,
          0.        ,  0.06803655],
        [ 0.3088978 ,  0.16764279,  0.07649274, ...,  0.01127863,
         -0.06803655,  0.        ]],

       [[ 0.        ,  0.03102802, -0.03519903, ..., -0.90020424,
         -0.96940312, -0.98931683],
        [-0.03102802,  0.        , -0.06619088, ..., -0.8862591 ,
         -0.96131979, -0.98431718],
        [ 0.03519903,  0.06619088,  0.        , ..., -0.91497445,
         -0.97744286, -0.99383513],
        ...,
        [ 0.90020424,  0.8862591 ,  0.91497445, ...,  0.        ,
          0.20116707,  0.29958273],
        [ 0.96940312,  0.96131979,  0.97744286, ..., -0.20116707,
          0.        ,  0.10153081],
        [ 0.98931683,  0.98431718,  0.99383513, ..., -0.29958273,
         -0.10153081,  0.        ]],

       [[ 0.        ,  0.0649763 ,  0.19745515, ..., -0.82927755,
         -0.79708146, -0.74654631],
        [-0.0649763 ,  0.        ,  0.13334085, ..., -0.86383629,
         -0.83463443, -0.78819962],
        [-0.19745515, -0.13334085,  0.        , ..., -0.92329591,
         -0.90062606, -0.86322177],
        ...,
        [ 0.82927755,  0.86383629,  0.92329591, ...,  0.        ,
          0.05533875,  0.13454843],
        [ 0.79708146,  0.83463443,  0.90062606, ..., -0.05533875,
          0.        ,  0.07950671],
        [ 0.74654631,  0.78819962,  0.86322177, ..., -0.13454843,
         -0.07950671,  0.        ]]]), 'num': array([ 9.99932611e-01,  8.05429830e-03,  7.35269320e-06,  2.88336719e-03,
        2.96031398e-03,  2.86413049e-03,  1.60801690e-03, -7.48093785e-05,
        2.88165726e-03,  2.83719912e-03,  3.07605477e-03,  1.04020660e-06,
        3.07595240e-03,  2.59844583e-03])}
{'img': array([[[ 0.        , -0.0531041 , -0.05884472, ..., -0.76400305,
         -0.73218534, -0.8277719 ],
        [ 0.0531041 ,  0.        , -0.00574961, ..., -0.72866159,
         -0.69498272, -0.79680906],
        [ 0.05884472,  0.00574961,  0.        , ..., -0.72471179,
         -0.69083711, -0.79332179],
        ...,
        [ 0.76400305,  0.72866159,  0.72471179, ...,  0.        ,
          0.04795141, -0.10543369],
        [ 0.73218534,  0.69498272,  0.69083711, ..., -0.04795141,
          0.        , -0.15299655],
        [ 0.8277719 ,  0.79680906,  0.79332179, ...,  0.10543369,
          0.15299655,  0.        ]],

       [[ 0.        , -0.18524331, -0.32296792, ...,  0.58972774,
          0.29930362,  0.12388597],
        [ 0.18524331,  0.        , -0.14206211, ...,  0.72912403,
          0.47087486,  0.30555812],
        [ 0.32296792,  0.14206211,  0.        , ...,  0.81895376,
          0.59142632,  0.43772684],
        ...,
        [-0.58972774, -0.72912403, -0.81895376, ...,  0.        ,
         -0.32097515, -0.48513417],
        [-0.29930362, -0.47087486, -0.59142632, ...,  0.32097515,
          0.        , -0.17879114],
        [-0.12388597, -0.30555812, -0.43772684, ...,  0.48513417,
          0.17879114,  0.        ]],

       [[ 0.        ,  0.04544108,  0.04094568, ..., -0.90607477,
         -0.88906398, -0.88763566],
        [-0.04544108,  0.        , -0.00449959, ..., -0.92436574,
         -0.90894775, -0.90764648],
        [-0.04094568,  0.00449959,  0.        , ..., -0.92263975,
         -0.90706263, -0.90574865],
        ...,
        [ 0.90607477,  0.92436574,  0.92263975, ...,  0.        ,
          0.03860696,  0.04171514],
        [ 0.88906398,  0.90894775,  0.90706263, ..., -0.03860696,
          0.        ,  0.00311069],
        [ 0.88763566,  0.90764648,  0.90574865, ..., -0.04171514,
         -0.00311069,  0.        ]],

       ...,

       [[ 0.        , -0.09174142, -0.31966472, ..., -0.23432801,
         -0.16764279, -0.28832258],
        [ 0.09174142,  0.        , -0.23138883, ..., -0.1441527 ,
         -0.07649274, -0.19926122],
        [ 0.31966472,  0.23138883,  0.        , ...,  0.08873149,
          0.15629407,  0.03289511],
