state_0,state_1,state_2,state_3,state_4,state_5,state_6,state_7,state_8,state_9,state_10,state_11,state_12,state_13,state_14,state_15,state_16,state_17,state_18,state_19,state_20,state_21,state_22,state_23,state_24,state_25,state_26,state_27,state_28,state_29,state_30,state_31,state_32,state_33,state_34,state_35,state_36,state_37,state_38,state_39,state_40,state_41,state_42,state_43,state_44,state_45,state_46,state_47,state_48,state_49,state_50,state_51,state_52,state_53,state_54,state_55,state_56,state_57,state_58,state_59,state_60,state_61,state_62,state_63,state_64,state_65,state_66,state_67,state_68,state_69,state_70,state_71,state_72,state_73,state_74,state_75,state_76,state_77,state_78,state_79,state_80,state_81,state_82,state_83,state_84,state_85,state_86,state_87,state_88,state_89,state_90,state_91,state_92,state_93,state_94,state_95,state_96,state_97,state_98,state_99,state_100,state_101,state_102,state_103,state_104,state_105,state_106,state_107,state_108,state_109,state_110,state_111,state_112,state_113,state_114,state_115,state_116,state_117,state_118,state_119,state_120,state_121,state_122,state_123,state_124,state_125,state_126,state_127,state_128,state_129,state_130,state_131,state_132,state_133,state_134,state_135,state_136,state_137,state_138,state_139,state_140,state_141,state_142,state_143,state_144,state_145,state_146,state_147,state_148,state_149,state_150,state_151,state_152,state_153,state_154,state_155,state_156,state_157,state_158,state_159,state_160,state_161,state_162,state_163,state_164,state_165,state_166,state_167,state_168,state_169,state_170,state_171,state_172,state_173,state_174,state_175,state_176,state_177,state_178,state_179,state_180,state_181,state_182,state_183,state_184,state_185,state_186,state_187,state_188,state_189,state_190,state_191,state_192,state_193,state_194,state_195,state_196,state_197,state_198,state_199,state_200,state_201,state_202,state_203,state_204,state_205,state_206,state_207,state_208,state_209,state_210,state_211,state_212,state_213,state_214,state_215,state_216,state_217,state_218,state_219,state_220,state_221,state_222,state_223,state_224,state_225,state_226,state_227,state_228,state_229,state_230,state_231,state_232,state_233,state_234,state_235,state_236,state_237,state_238,state_239,state_240,state_241,state_242,state_243,state_244,state_245,state_246,state_247,state_248,state_249,state_250,state_251,state_252,state_253,state_254,state_255,state_256,state_257,state_258,state_259,state_260,state_261,state_262,state_263,state_264,state_265,state_266,state_267,state_268,state_269,state_270,state_271,state_272,state_273,state_274,state_275,state_276,state_277,state_278,state_279,state_280,state_281,state_282,state_283,state_284,state_285,state_286,state_287
{'img': array([[[ 0.        , -0.03227799,  0.19834598, ..., -0.8364552 ,
         -0.96723415, -0.75445483],
        [ 0.03227799,  0.        ,  0.22987932, ..., -0.81832987,
         -0.95853522, -0.73287598],
        [-0.19834598, -0.22987932,  0.        , ..., -0.92853716,
         -0.99837447, -0.86965015],
        ...,
        [ 0.8364552 ,  0.81832987,  0.92853716, ...,  0.        ,
         -0.31771419,  0.13554113],
        [ 0.96723415,  0.95853522,  0.99837447, ...,  0.31771419,
          0.        ,  0.44330051],
        [ 0.75445483,  0.73287598,  0.86965015, ..., -0.13554113,
         -0.44330051,  0.        ]],

       [[ 0.        , -0.07641905,  0.48895885, ...,  0.29978112,
          0.13483403,  0.18261547],
        [ 0.07641905,  0.        ,  0.55418989, ...,  0.37180888,
          0.21016095,  0.25721548],
        [-0.48895885, -0.55418989,  0.        , ..., -0.20496953,
         -0.36687713, -0.32143999],
        ...,
        [-0.29978112, -0.37180888,  0.20496953, ...,  0.        ,
         -0.16841084, -0.1205235 ],
        [-0.13483403, -0.21016095,  0.36687713, ...,  0.16841084,
          0.        ,  0.04838115],
        [-0.18261547, -0.25721548,  0.32143999, ...,  0.1205235 ,
         -0.04838115,  0.        ]],

       [[ 0.        , -0.03471302,  0.00246988, ..., -0.84602672,
         -0.91518745, -0.97889725],
        [ 0.03471302,  0.        ,  0.0371813 , ..., -0.82700992,
         -0.90064556, -0.97121357],
        [-0.00246988, -0.0371813 ,  0.        , ..., -0.84734093,
         -0.91618009, -0.97939899],
        ...,
        [ 0.84602672,  0.82700992,  0.84734093, ...,  0.        ,
         -0.14695067, -0.3490016 ],
        [ 0.91518745,  0.90064556,  0.91618009, ...,  0.14695067,
          0.        , -0.20750205],
        [ 0.97889725,  0.97121357,  0.97939899, ...,  0.3490016 ,
          0.20750205,  0.        ]],

       ...,

       [[ 0.        ,  0.28939476,  0.22610119, ..., -0.84304293,
         -0.83802966, -0.99595995],
        [-0.28939476,  0.        , -0.06547426, ..., -0.96261888,
         -0.96007116, -0.92735543],
        [-0.22610119,  0.06547426,  0.        , ..., -0.94281902,
         -0.93969428, -0.94986483],
        ...,
        [ 0.84304293,  0.96261888,  0.94281902, ...,  0.        ,
          0.0092539 , -0.61137738],
        [ 0.83802966,  0.96007116,  0.93969428, ..., -0.0092539 ,
          0.        , -0.61867418],
        [ 0.99595995,  0.92735543,  0.94986483, ...,  0.61137738,
          0.61867418,  0.        ]],

       [[ 0.        , -0.09585442, -0.10382788, ...,  0.84718627,
          0.90936515,  0.95994445],
        [ 0.09585442,  0.        , -0.00801344, ...,  0.79235821,
          0.86530253,  0.92866677],
        [ 0.10382788,  0.00801344,  0.        , ...,  0.78744412,
          0.86125801,  0.92566465],
        ...,
        [-0.84718627, -0.79235821, -0.78744412, ...,  0.        ,
         -0.13071357, -0.2726412 ],
        [-0.90936515, -0.86530253, -0.86125801, ...,  0.13071357,
          0.        , -0.1445404 ],
        [-0.95994445, -0.92866677, -0.92566465, ...,  0.2726412 ,
          0.1445404 ,  0.        ]],

       [[ 0.        ,  0.01612746,  0.01810499, ..., -0.55957135,
         -0.7630449 , -0.97812641],
        [-0.01612746,  0.        ,  0.00197782, ..., -0.57286473,
         -0.77336958, -0.98135389],
        [-0.01810499, -0.00197782,  0.        , ..., -0.57448472,
         -0.77462191, -0.98173213],
        ...,
        [ 0.55957135,  0.57286473,  0.57448472, ...,  0.        ,
         -0.27072161, -0.69425653],
        [ 0.7630449 ,  0.77336958,  0.77462191, ...,  0.27072161,
          0.        , -0.47348556],
        [ 0.97812641,  0.98135389,  0.98173213, ...,  0.69425653,
          0.47348556,  0.        ]]]), 'num': array([7.06703623e-01, 7.06703623e-01, 0.00000000e+00, 4.79434162e-05,
       4.82646451e-05, 4.71403439e-05, 3.37632715e-02, 2.40921690e-07,
       4.74294499e-05, 5.37576597e-05, 5.51148518e-05, 1.41027330e-07,
       6.46161237e-05, 4.28991956e-05])}
{'img': array([[[ 0.        ,  0.22987932, -0.02169189, ..., -0.95853522,
         -0.73287598, -0.68655423],
        [-0.22987932,  0.        , -0.25093619, ..., -0.99837447,
         -0.86965015, -0.83530805],
        [ 0.02169189,  0.25093619,  0.        , ..., -0.95212805,
         -0.7179452 , -0.67062098],
        ...,
        [ 0.95853522,  0.99837447,  0.95212805, ...,  0.        ,
          0.44330051,  0.50128027],
        [ 0.73287598,  0.86965015,  0.7179452 , ..., -0.44330051,
          0.        ,  0.06575286],
        [ 0.68655423,  0.83530805,  0.67062098, ..., -0.50128027,
         -0.06575286,  0.        ]],

       [[ 0.        ,  0.55418989,  0.23947612, ...,  0.21016095,
          0.25721548,  0.15200993],
        [-0.55418989,  0.        , -0.33872662, ..., -0.36687713,
         -0.32143999, -0.42121804],
        [-0.23947612,  0.33872662,  0.        , ..., -0.03008211,
          0.01831237, -0.08910637],
        ...,
        [-0.21016095,  0.36687713,  0.03008211, ...,  0.        ,
          0.04838115, -0.05910359],
        [-0.25721548,  0.32143999, -0.01831237, ..., -0.04838115,
          0.        , -0.10733095],
        [-0.15200993,  0.42121804,  0.08910637, ...,  0.05910359,
          0.10733095,  0.        ]],

       [[ 0.        ,  0.03684026,  0.02949763, ..., -0.87732169,
         -0.92055633, -0.97335775],
        [-0.03684026,  0.        , -0.00734662, ..., -0.89440588,
         -0.9343216 , -0.98114417],
        [-0.02949763,  0.00734662,  0.        , ..., -0.89109592,
         -0.93167782, -0.97969776],
        ...,
        [ 0.87732169,  0.89440588,  0.89109592, ...,  0.        ,
         -0.09908703, -0.26595446],
        [ 0.92055633,  0.9343216 ,  0.93167782, ...,  0.09908703,
          0.        , -0.16912717],
        [ 0.97335775,  0.98114417,  0.97969776, ...,  0.26595446,
          0.16912717,  0.        ]],

       ...,

       [[ 0.        , -0.06547426, -0.31323221, ..., -0.96007116,
         -0.92735543, -0.99967935],
        [ 0.06547426,  0.        , -0.25038072, ..., -0.93969428,
         -0.94986483, -0.99919223],
        [ 0.31323221,  0.25038072,  0.        , ..., -0.82412852,
         -0.99789347, -0.95730372],
        ...,
        [ 0.96007116,  0.93969428,  0.82412852, ...,  0.        ,
         -0.61867418, -0.30397716],
        [ 0.92735543,  0.94986483,  0.99789347, ...,  0.61867418,
          0.        ,  0.35057914],
        [ 0.99967935,  0.99919223,  0.95730372, ...,  0.30397716,
         -0.35057914,  0.        ]],

       [[ 0.        , -0.00801344, -0.16726798, ...,  0.86530253,
          0.92866677,  0.96265178],
        [ 0.00801344,  0.        , -0.15936207, ...,  0.86125801,
          0.92566465,  0.96045129],
        [ 0.16726798,  0.15936207,  0.        , ...,  0.76926862,
          0.853541  ,  0.90380286],
        ...,
        [-0.86530253, -0.86125801, -0.76926862, ...,  0.        ,
         -0.1445404 , -0.24825493],
        [-0.92866677, -0.92566465, -0.853541  , ...,  0.1445404 ,
          0.        , -0.10563245],
        [-0.96265178, -0.96045129, -0.90380286, ...,  0.24825493,
          0.10563245,  0.        ]],

       [[ 0.        ,  0.00186373,  0.0311567 , ..., -0.69989122,
         -0.83698101, -0.99093652],
        [-0.00186373,  0.        ,  0.02929382, ..., -0.70122118,
         -0.83799945, -0.99118516],
        [-0.0311567 , -0.02929382,  0.        , ..., -0.72180509,
         -0.85362461, -0.99464074],
        ...,
        [ 0.69989122,  0.70122118,  0.72180509, ...,  0.        ,
         -0.2148104 , -0.61375879],
        [ 0.83698101,  0.83799945,  0.85362461, ...,  0.2148104 ,
          0.        , -0.42983963],
        [ 0.99093652,  0.99118516,  0.99464074, ...,  0.61375879,
          0.42983963,  0.        ]]]), 'num': array([ 7.75090295e-01,  6.30999602e-01,  2.43396441e-05,  5.22256953e-05,
        5.23139144e-05,  5.16963808e-05,  3.27797311e-02, -4.41095400e-07,
        5.21551200e-05,  5.84627843e-05,  6.04550651e-05,  1.22283873e-07,
        7.05136656e-05,  4.64119029e-05])}
{'img': array([[[ 0.        , -0.25093619, -0.05197499, ..., -0.86965015,
         -0.83530805, -0.89288608],
        [ 0.25093619,  0.        ,  0.20028504, ..., -0.7179452 ,
         -0.67062098, -0.75132475],
        [ 0.05197499, -0.20028504,  0.        , ..., -0.8428163 ,
         -0.80560411, -0.8682758 ],
        ...,
        [ 0.86965015,  0.7179452 ,  0.8428163 , ...,  0.        ,
          0.06575286, -0.0492014 ],
        [ 0.83530805,  0.67062098,  0.80560411, ..., -0.06575286,
          0.        , -0.11476815],
        [ 0.89288608,  0.75132475,  0.8682758 , ...,  0.0492014 ,
          0.11476815,  0.        ]],

       [[ 0.        , -0.33872662, -0.44070303, ..., -0.32143999,
         -0.42121804, -0.45735993],
        [ 0.33872662,  0.        , -0.11059184, ...,  0.01831237,
         -0.08910637, -0.12909965],
        [ 0.44070303,  0.11059184,  0.        , ...,  0.12877334,
          0.02159213, -0.01864138],
        ...,
        [ 0.32143999, -0.01831237, -0.12877334, ...,  0.        ,
         -0.10733095, -0.14723713],
        [ 0.42121804,  0.08910637, -0.02159213, ...,  0.10733095,
          0.        , -0.04022541],
        [ 0.45735993,  0.12909965,  0.01864138, ...,  0.14723713,
          0.04022541,  0.        ]],

       [[ 0.        , -0.00734662,  0.03900374, ..., -0.9343216 ,
         -0.98114417, -0.950921  ],
        [ 0.00734662,  0.        ,  0.04634372, ..., -0.93167782,
         -0.97969776, -0.94862204],
        [-0.03900374, -0.04634372,  0.        , ..., -0.94751279,
         -0.98793612, -0.96226648],
        ...,
        [ 0.9343216 ,  0.93167782,  0.94751279, ...,  0.        ,
         -0.16912717, -0.0498272 ],
        [ 0.98114417,  0.97969776,  0.98793612, ...,  0.16912717,
          0.        ,  0.11980768],
        [ 0.950921  ,  0.94862204,  0.96226648, ...,  0.0498272 ,
         -0.11980768,  0.        ]],

       ...,

       [[ 0.        , -0.245736  ,  0.16344513, ..., -0.99946805,
         -0.99117764, -0.94461158],
        [ 0.245736  ,  0.        ,  0.40086483, ..., -0.97683538,
         -0.92821508, -0.99629496],
        [-0.16344513, -0.40086483,  0.        , ..., -0.98069717,
         -0.99951174, -0.87826772],
        ...,
        [ 0.99946805,  0.97683538,  0.98069717, ...,  0.        ,
          0.16479503, -0.2972091 ],
        [ 0.99117764,  0.92821508,  0.99951174, ..., -0.16479503,
          0.        , -0.45049394],
        [ 0.94461158,  0.99629496,  0.87826772, ...,  0.2972091 ,
          0.45049394,  0.        ]],

       [[ 0.        , -0.15936207, -0.19954125, ...,  0.92566465,
          0.96045129,  0.98656027],
        [ 0.15936207,  0.        , -0.04083394, ...,  0.853541  ,
          0.90380286,  0.94791281],
        [ 0.19954125,  0.04083394,  0.        , ...,  0.83155357,
          0.8855742 ,  0.93411537],
        ...,
        [-0.92566465, -0.853541  , -0.83155357, ...,  0.        ,
         -0.10563245, -0.2220086 ],
        [-0.96045129, -0.90380286, -0.8855742 , ...,  0.10563245,
          0.        , -0.11777015],
        [-0.98656027, -0.94791281, -0.93411537, ...,  0.2220086 ,
          0.11777015,  0.        ]],

       [[ 0.        ,  0.02789154,  0.03546733, ..., -0.76967688,
         -0.87589536, -0.99653044],
        [-0.02789154,  0.        ,  0.00757954, ..., -0.78718434,
         -0.8890123 , -0.99846413],
        [-0.03546733, -0.00757954,  0.        , ..., -0.79183616,
         -0.89245731, -0.99885537],
        ...,
        [ 0.76967688,  0.78718434,  0.79183616, ...,  0.        ,
         -0.18783111, -0.57215905],
        [ 0.87589536,  0.8890123 ,  0.89245731, ...,  0.18783111,
          0.        , -0.40792707],
        [ 0.99653044,  0.99846413,  0.99885537, ...,  0.57215905,
          0.40792707,  0.        ]]]), 'num': array([ 7.34024947e-01,  6.78405154e-01,  9.49143236e-06,  4.90042234e-05,
        4.97568480e-05,  4.90042234e-05,  3.12058059e-02, -5.01749728e-07,
        4.93888982e-05,  5.48872390e-05,  5.71827440e-05,  1.01981652e-07,
        6.64653880e-05,  4.33090900e-05])}
{'img': array([[[ 0.00000000e+00,  2.00285043e-01,  5.39509850e-02, ...,
         -6.70620976e-01, -7.51324753e-01, -8.70479373e-01],
        [-2.00285043e-01,  0.00000000e+00, -1.47135533e-01, ...,
         -8.05604114e-01, -8.68275804e-01, -9.51422711e-01],
        [-5.39509850e-02,  1.47135533e-01,  0.00000000e+00, ...,
         -7.09665124e-01, -7.85834530e-01, -8.95766532e-01],
        ...,
        [ 6.70620976e-01,  8.05604114e-01,  7.09665124e-01, ...,
          0.00000000e+00, -1.14768152e-01, -3.15638825e-01],
        [ 7.51324753e-01,  8.68275804e-01,  7.85834530e-01, ...,
          1.14768152e-01,  0.00000000e+00, -2.04652044e-01],
        [ 8.70479373e-01,  9.51422711e-01,  8.95766532e-01, ...,
          3.15638825e-01,  2.04652044e-01,  0.00000000e+00]],

       [[ 0.00000000e+00, -1.10591840e-01, -8.82215578e-02, ...,
         -8.91063709e-02, -1.29099650e-01, -1.27709714e-01],
        [ 1.10591840e-01,  0.00000000e+00,  2.24802300e-02, ...,
          2.15921342e-02, -1.86413751e-02, -1.72400627e-02],
        [ 8.82215578e-02, -2.24802300e-02,  0.00000000e+00, ...,
         -8.88311459e-04, -4.11129879e-02, -3.97125949e-02],
        ...,
        [ 8.91063709e-02, -2.15921342e-02,  8.88311459e-04, ...,
          0.00000000e+00, -4.02254113e-02, -3.88249685e-02],
        [ 1.29099650e-01,  1.86413751e-02,  4.11129879e-02, ...,
          4.02254113e-02,  0.00000000e+00,  1.40153765e-03],
        [ 1.27709714e-01,  1.72400627e-02,  3.97125949e-02, ...,
          3.88249685e-02, -1.40153765e-03,  0.00000000e+00]],

       [[ 0.00000000e+00,  4.63437234e-02,  4.63437234e-02, ...,
         -9.79697756e-01, -9.48622042e-01, -9.79697756e-01],
        [-4.63437234e-02,  0.00000000e+00,  0.00000000e+00, ...,
         -9.87936120e-01, -9.62266483e-01, -9.87936120e-01],
        [-4.63437234e-02,  0.00000000e+00,  0.00000000e+00, ...,
         -9.87936120e-01, -9.62266483e-01, -9.87936120e-01],
        ...,
        [ 9.79697756e-01,  9.87936120e-01,  9.87936120e-01, ...,
          0.00000000e+00,  1.19807683e-01,  0.00000000e+00],
        [ 9.48622042e-01,  9.62266483e-01,  9.62266483e-01, ...,
         -1.19807683e-01,  0.00000000e+00, -1.19807683e-01],
        [ 9.79697756e-01,  9.87936120e-01,  9.87936120e-01, ...,
          0.00000000e+00,  1.19807683e-01,  0.00000000e+00]],

       ...,

       [[ 0.00000000e+00,  3.93901341e-01,  3.30913999e-01, ...,
         -9.00209877e-01, -9.79956696e-01, -9.94199598e-01],
        [-3.93901341e-01,  0.00000000e+00, -6.75487958e-02, ...,
         -9.98957177e-01, -9.79199202e-01, -8.71456895e-01],
        [-3.30913999e-01,  6.75487958e-02,  0.00000000e+00, ...,
         -9.93591459e-01, -9.90668419e-01, -9.02597263e-01],
        ...,
        [ 9.00209877e-01,  9.98957177e-01,  9.93591459e-01, ...,
          0.00000000e+00, -2.47396931e-01, -5.29748693e-01],
        [ 9.79956696e-01,  9.79199202e-01,  9.90668419e-01, ...,
          2.47396931e-01,  0.00000000e+00, -3.03450180e-01],
        [ 9.94199598e-01,  8.71456895e-01,  9.02597263e-01, ...,
          5.29748693e-01,  3.03450180e-01,  0.00000000e+00]],

       [[ 0.00000000e+00, -4.08339391e-02, -1.06185718e-01, ...,
          9.03802862e-01,  9.47912814e-01,  9.72451599e-01],
        [ 4.08339391e-02,  0.00000000e+00, -6.54940765e-02, ...,
          8.85574197e-01,  9.34115374e-01,  9.62121932e-01],
        [ 1.06185718e-01,  6.54940765e-02,  0.00000000e+00, ...,
          8.53250968e-01,  9.08730287e-01,  9.42201253e-01],
        ...,
        [-9.03802862e-01, -8.85574197e-01, -8.53250968e-01, ...,
          0.00000000e+00, -1.17770150e-01, -2.05478871e-01],
        [-9.47912814e-01, -9.34115374e-01, -9.08730287e-01, ...,
          1.17770150e-01,  0.00000000e+00, -8.87918014e-02],
        [-9.72451599e-01, -9.62121932e-01, -9.42201253e-01, ...,
          2.05478871e-01,  8.87918014e-02,  0.00000000e+00]],

       [[ 0.00000000e+00,  7.24997985e-03,  1.37147075e-02, ...,
         -8.26174413e-01, -9.11130585e-01, -9.99941319e-01],
        [-7.24997985e-03,  0.00000000e+00,  6.46504903e-03, ...,
         -8.30237443e-01, -9.14094484e-01, -9.99993580e-01],
        [-1.37147075e-02, -6.46504903e-03,  0.00000000e+00, ...,
         -8.33823775e-01, -9.16696967e-01, -9.99995848e-01],
        ...,
        [ 8.26174413e-01,  8.30237443e-01,  8.33823775e-01, ...,
          0.00000000e+00, -1.72862977e-01, -5.54431278e-01],
        [ 9.11130585e-01,  9.14094484e-01,  9.16696967e-01, ...,
          1.72862977e-01,  0.00000000e+00, -4.02223134e-01],
        [ 9.99941319e-01,  9.99993580e-01,  9.99995848e-01, ...,
          5.54431278e-01,  4.02223134e-01,  0.00000000e+00]]]), 'num': array([7.29937981e-01, 6.82445862e-01, 8.09065050e-06, 4.88099881e-05,
       4.94752009e-05, 4.83942301e-05, 3.81859579e-02, 8.31515981e-08,
       4.91592248e-05, 5.40277509e-05, 5.67703678e-05, 7.17551862e-08,
       6.55411549e-05, 4.25143469e-05])}
{'img': array([[[ 0.        , -0.14713553, -0.14713553, ..., -0.8682758 ,
         -0.95142271, -0.93623943],
        [ 0.14713553,  0.        ,  0.        , ..., -0.78583453,
         -0.89576653, -0.87435179],
        [ 0.14713553,  0.        ,  0.        , ..., -0.78583453,
         -0.89576653, -0.87435179],
        ...,
        [ 0.8682758 ,  0.78583453,  0.78583453, ...,  0.        ,
         -0.20465204, -0.15937161],
        [ 0.95142271,  0.89576653,  0.89576653, ...,  0.20465204,
          0.        ,  0.04603784],
        [ 0.93623943,  0.87435179,  0.87435179, ...,  0.15937161,
         -0.04603784,  0.        ]],

       [[ 0.        ,  0.02248023, -0.03845638, ..., -0.01864138,
         -0.01724006,  0.05026897],
        [-0.02248023,  0.        , -0.06091026, ..., -0.04111299,
         -0.03971259,  0.02780445],
        [ 0.03845638,  0.06091026,  0.        , ...,  0.01982211,
          0.02122336,  0.08863954],
        ...,
        [ 0.01864138,  0.04111299, -0.01982211, ...,  0.        ,
          0.00140154,  0.06887804],
        [ 0.01724006,  0.03971259, -0.02122336, ..., -0.00140154,
          0.        ,  0.06747976],
        [-0.05026897, -0.02780445, -0.08863954, ..., -0.06887804,
         -0.06747976,  0.        ]],

       [[ 0.        ,  0.        ,  0.00728668, ..., -0.96226648,
         -0.98793612, -0.96226648],
        [ 0.        ,  0.        ,  0.00728668, ..., -0.96226648,
         -0.98793612, -0.96226648],
        [-0.00728668, -0.00728668,  0.        , ..., -0.96422371,
         -0.98903832, -0.96422371],
        ...,
        [ 0.96226648,  0.96226648,  0.96422371, ...,  0.        ,
         -0.11980768,  0.        ],
        [ 0.98793612,  0.98793612,  0.98903832, ...,  0.11980768,
          0.        ,  0.11980768],
        [ 0.96226648,  0.96226648,  0.96422371, ...,  0.        ,
         -0.11980768,  0.        ]],

       ...,

       [[ 0.        , -0.06533289, -0.10297622, ..., -0.99999364,
         -0.9950988 , -0.85722384],
        [ 0.06533289,  0.        , -0.03777065, ..., -0.99809019,
         -0.99943328, -0.88903518],
        [ 0.10297622,  0.03777065,  0.        , ..., -0.99504476,
         -0.99999155, -0.90569367],
        ...,
        [ 0.99999364,  0.99809019,  0.99504476, ...,  0.        ,
         -0.09533595, -0.51188332],
        [ 0.9950988 ,  0.99943328,  0.99999155, ...,  0.09533595,
          0.        , -0.42765295],
        [ 0.85722384,  0.88903518,  0.90569367, ...,  0.51188332,
          0.42765295,  0.        ]],

       [[ 0.        , -0.06549408, -0.04602144, ...,  0.93411537,
          0.96212193,  0.98759187],
        [ 0.06549408,  0.        ,  0.01950206, ...,  0.90873029,
          0.94220125,  0.97518612],
        [ 0.04602144, -0.01950206,  0.        , ...,  0.9166973 ,
          0.94855618,  0.97931815],
        ...,
        [-0.93411537, -0.90873029, -0.9166973 , ...,  0.        ,
         -0.0887918 , -0.2058462 ],
        [-0.96212193, -0.94220125, -0.94855618, ...,  0.0887918 ,
          0.        , -0.11814288],
        [-0.98759187, -0.97518612, -0.97931815, ...,  0.2058462 ,
          0.11814288,  0.        ]],

       [[ 0.        ,  0.00625559,  0.007511  , ..., -0.86752027,
         -0.94427774, -0.99956635],
        [-0.00625559,  0.        ,  0.00125544, ..., -0.87061484,
         -0.94631829, -0.99936259],
        [-0.007511  , -0.00125544,  0.        , ..., -0.87123179,
         -0.94672335, -0.99931698],
        ...,
        [ 0.86752027,  0.87061484,  0.87123179, ...,  0.        ,
         -0.18414139, -0.52273167],
        [ 0.94427774,  0.94631829,  0.94672335, ...,  0.18414139,
          0.        , -0.35681281],
        [ 0.99956635,  0.99936259,  0.99931698, ...,  0.52273167,
          0.35681281,  0.        ]]]), 'num': array([7.30010758e-01, 6.82950091e-01, 7.98992639e-06, 4.89705166e-05,
       4.92199420e-05, 4.85548076e-05, 2.57574192e-02, 1.66283588e-07,
       4.90702868e-05, 5.35100586e-05, 5.66514327e-05, 8.31417939e-08,
       6.49654651e-05, 4.20546520e-05])}
{'img': array([[[ 0.        ,  0.        ,  0.05319702, ..., -0.89576653,
         -0.87435179, -0.8364552 ],
        [ 0.        ,  0.        ,  0.05319702, ..., -0.89576653,
         -0.87435179, -0.8364552 ],
        [-0.05319702, -0.05319702,  0.        , ..., -0.91814556,
         -0.89892986, -0.86442466],
        ...,
        [ 0.89576653,  0.89576653,  0.91814556, ...,  0.        ,
          0.04603784,  0.11908659],
        [ 0.87435179,  0.87435179,  0.89892986, ..., -0.04603784,
          0.        ,  0.07325009],
        [ 0.8364552 ,  0.8364552 ,  0.86442466, ..., -0.11908659,
         -0.07325009,  0.        ]],

       [[ 0.        , -0.06091026, -0.15528341, ..., -0.03971259,
          0.02780445, -0.1022154 ],
        [ 0.06091026,  0.        , -0.09482366, ...,  0.02122336,
          0.08863954, -0.04143438],
        [ 0.15528341,  0.09482366,  0.        , ...,  0.11593003,
          0.18269056,  0.05349455],
        ...,
        [ 0.03971259, -0.02122336, -0.11593003, ...,  0.        ,
          0.06747976, -0.06263018],
        [-0.02780445, -0.08863954, -0.18269056, ..., -0.06747976,
          0.        , -0.1298347 ],
        [ 0.1022154 ,  0.04143438, -0.05349455, ...,  0.06263018,
          0.1298347 ,  0.        ]],

       [[ 0.        ,  0.00726615, -0.02671236, ..., -0.9687615 ,
         -0.95306057, -0.98836575],
        [-0.00726615,  0.        , -0.03397521, ..., -0.97053789,
         -0.95523545, -0.98944481],
        [ 0.02671236,  0.03397521,  0.        , ..., -0.9617913 ,
         -0.94463252, -0.98395023],
        ...,
        [ 0.9687615 ,  0.97053789,  0.9617913 , ...,  0.        ,
          0.05696779, -0.09776446],
        [ 0.95306057,  0.95523545,  0.94463252, ..., -0.05696779,
          0.        , -0.15430058],
        [ 0.98836575,  0.98944481,  0.98395023, ...,  0.09776446,
          0.15430058,  0.        ]],

       ...,

       [[ 0.        , -0.03777065, -0.08556065, ..., -0.99943328,
         -0.88903518, -0.9794707 ],
        [ 0.03777065,  0.        , -0.04786745, ..., -0.99999155,
         -0.90569367, -0.98638584],
        [ 0.08556065,  0.04786745,  0.        , ..., -0.99864845,
         -0.92494805, -0.99312682],
        ...,
        [ 0.99943328,  0.99999155,  0.99864845, ...,  0.        ,
         -0.42765295, -0.16850167],
        [ 0.88903518,  0.90569367,  0.92494805, ...,  0.42765295,
          0.        ,  0.26922219],
        [ 0.9794707 ,  0.98638584,  0.99312682, ...,  0.16850167,
         -0.26922219,  0.        ]],

       [[ 0.        ,  0.01950206,  0.02156914, ...,  0.94220125,
          0.97518612,  0.99389954],
        [-0.01950206,  0.        ,  0.00206752, ...,  0.94855618,
          0.97931815,  0.99586138],
        [-0.02156914, -0.00206752,  0.        , ...,  0.94920874,
          0.97973437,  0.99604716],
        ...,
        [-0.94220125, -0.94855618, -0.94920874, ...,  0.        ,
         -0.11814288, -0.22908886],
        [-0.97518612, -0.97931815, -0.97973437, ...,  0.11814288,
          0.        , -0.11248353],
        [-0.99389954, -0.99586138, -0.99604716, ...,  0.22908886,
          0.11248353,  0.        ]],

       [[ 0.        ,  0.0012237 ,  0.03951905, ..., -0.91000938,
         -0.96488494, -0.99812171],
        [-0.0012237 ,  0.        ,  0.03829628, ..., -0.91051603,
         -0.96520565, -0.99804599],
        [-0.03951905, -0.03829628,  0.        , ..., -0.92568261,
         -0.97451177, -0.99492096],
        ...,
        [ 0.91000938,  0.91051603,  0.92568261, ...,  0.        ,
         -0.16099458, -0.46955815],
        [ 0.96488494,  0.96520565,  0.97451177, ...,  0.16099458,
          0.        , -0.32129054],
        [ 0.99812171,  0.99804599,  0.99492096, ...,  0.46955815,
          0.32129054,  0.        ]]]), 'num': array([ 7.66520886e-01,  6.41487487e-01,  2.13367576e-05,  5.12012284e-05,
        5.16380990e-05,  5.10264802e-05,  3.06514494e-02, -2.62122330e-07,
        5.13759766e-05,  5.55524591e-05,  5.94333258e-05,  9.88159576e-08,
        6.71002097e-05,  4.40047085e-05])}
{'img': array([[[ 0.00000000e+00,  5.31970239e-02, -2.14880852e-02, ...,
         -8.74351785e-01, -8.36455199e-01, -8.95766532e-01],
        [-5.31970239e-02,  0.00000000e+00, -7.46423998e-02, ...,
         -8.98929859e-01, -8.64424656e-01, -9.18145557e-01],
        [ 2.14880852e-02,  7.46423998e-02,  0.00000000e+00, ...,
         -8.63721891e-01, -8.24485836e-01, -8.86007717e-01],
        ...,
        [ 8.74351785e-01,  8.98929859e-01,  8.63721891e-01, ...,
          0.00000000e+00,  7.32500908e-02, -4.60378405e-02],
        [ 8.36455199e-01,  8.64424656e-01,  8.24485836e-01, ...,
         -7.32500908e-02,  0.00000000e+00, -1.19086588e-01],
        [ 8.95766532e-01,  9.18145557e-01,  8.86007717e-01, ...,
          4.60378405e-02,  1.19086588e-01,  0.00000000e+00]],

       [[ 0.00000000e+00, -9.48236642e-02, -1.52392616e-01, ...,
          8.86395430e-02, -4.14343785e-02,  8.50997944e-04],
        [ 9.48236642e-02,  0.00000000e+00, -5.79898205e-02, ...,
          1.82690557e-01,  5.34945536e-02,  9.56707933e-02],
        [ 1.52392616e-01,  5.79898205e-02,  0.00000000e+00, ...,
          2.39397000e-01,  1.11311319e-01,  1.53233619e-01],
        ...,
        [-8.86395430e-02, -1.82690557e-01, -2.39397000e-01, ...,
          0.00000000e+00, -1.29834705e-01, -8.77918627e-02],
        [ 4.14343785e-02, -5.34945536e-02, -1.11311319e-01, ...,
          1.29834705e-01,  0.00000000e+00,  4.22846306e-02],
        [-8.50997944e-04, -9.56707933e-02, -1.53233619e-01, ...,
          8.77918627e-02, -4.22846306e-02,  0.00000000e+00]],

       [[ 0.00000000e+00, -3.34536970e-02, -2.62726416e-02, ...,
         -9.18584290e-01, -9.36267683e-01, -9.91510894e-01],
        [ 3.34536970e-02,  0.00000000e+00,  7.18421329e-03, ...,
         -9.04848388e-01, -9.23991763e-01, -9.86606143e-01],
        [ 2.62726416e-02, -7.18421329e-03,  0.00000000e+00, ...,
         -9.07883600e-01, -9.26715249e-01, -9.87752574e-01],
        ...,
        [ 9.18584290e-01,  9.04848388e-01,  9.07883600e-01, ...,
          0.00000000e+00, -4.73494426e-02, -2.72432346e-01],
        [ 9.36267683e-01,  9.23991763e-01,  9.26715249e-01, ...,
          4.73494426e-02,  0.00000000e+00, -2.26568335e-01],
        [ 9.91510894e-01,  9.86606143e-01,  9.87752574e-01, ...,
          2.72432346e-01,  2.26568335e-01,  0.00000000e+00]],

       ...,

       [[ 0.00000000e+00, -4.78674506e-02, -1.69628680e-01, ...,
         -9.05693670e-01, -9.86385836e-01, -9.98462489e-01],
        [ 4.78674506e-02,  0.00000000e+00, -1.22260476e-01, ...,
         -9.24948051e-01, -9.93126821e-01, -9.99971316e-01],
        [ 1.69628680e-01,  1.22260476e-01,  0.00000000e+00, ...,
         -9.64479553e-01, -9.99986192e-01, -9.93395601e-01],
        ...,
        [ 9.05693670e-01,  9.24948051e-01,  9.64479553e-01, ...,
          0.00000000e+00,  2.69222193e-01,  3.73076926e-01],
        [ 9.86385836e-01,  9.93126821e-01,  9.99986192e-01, ...,
         -2.69222193e-01,  0.00000000e+00,  1.09517753e-01],
        [ 9.98462489e-01,  9.99971316e-01,  9.93395601e-01, ...,
         -3.73076926e-01, -1.09517753e-01,  0.00000000e+00]],

       [[ 0.00000000e+00,  2.06751513e-03,  1.06653766e-02, ...,
          9.79318149e-01,  9.95861379e-01,  9.93692083e-01],
        [-2.06751513e-03,  0.00000000e+00,  8.59795623e-03, ...,
          9.79734369e-01,  9.96047157e-01,  9.93458102e-01],
        [-1.06653766e-02, -8.59795623e-03,  0.00000000e+00, ...,
          9.81420336e-01,  9.96774062e-01,  9.92439518e-01],
        ...,
        [-9.79318149e-01, -9.79734369e-01, -9.81420336e-01, ...,
          0.00000000e+00, -1.12483528e-01, -3.10873758e-01],
        [-9.95861379e-01, -9.96047157e-01, -9.96774062e-01, ...,
          1.12483528e-01,  0.00000000e+00, -2.01990719e-01],
        [-9.93692083e-01, -9.93458102e-01, -9.92439518e-01, ...,
          3.10873758e-01,  2.01990719e-01,  0.00000000e+00]],

       [[ 0.00000000e+00,  3.79271639e-02,  3.92564986e-02, ...,
         -9.51358832e-01, -9.91215134e-01, -9.97382931e-01],
        [-3.79271639e-02,  0.00000000e+00,  1.33032538e-03, ...,
         -9.62359126e-01, -9.95518186e-01, -9.93923187e-01],
        [-3.92564986e-02, -1.33032538e-03,  0.00000000e+00, ...,
         -9.62719832e-01, -9.95643115e-01, -9.93775871e-01],
        ...,
        [ 9.51358832e-01,  9.62359126e-01,  9.62719832e-01, ...,
          0.00000000e+00, -1.79552343e-01, -3.76061964e-01],
        [ 9.91215134e-01,  9.95518186e-01,  9.95643115e-01, ...,
          1.79552343e-01,  0.00000000e+00, -2.03578146e-01],
        [ 9.97382931e-01,  9.93923187e-01,  9.93775871e-01, ...,
          3.76061964e-01,  2.03578146e-01,  0.00000000e+00]]]), 'num': array([ 7.47891922e-01,  6.61747439e-01,  1.49297198e-05,  4.92817411e-05,
        5.00504338e-05,  4.91109205e-05,  5.24211588e-02, -7.68692669e-07,
        4.99650235e-05,  5.36504778e-05,  5.79850503e-05,  2.66032071e-07,
        6.45046816e-05,  4.27962740e-05])}
{'img': array([[[ 0.        , -0.07132641, -0.14350483, ..., -0.79266718,
         -0.83193916, -0.98711701],
        [ 0.07132641,  0.        , -0.07255117, ..., -0.74716381,
         -0.79024357, -0.97319063],
        [ 0.14350483,  0.07255117,  0.        , ..., -0.69697439,
         -0.7437022 , -0.9539392 ],
        ...,
        [ 0.79266718,  0.74716381,  0.69697439, ...,  0.        ,
         -0.06737079, -0.47497368],
        [ 0.83193916,  0.79024357,  0.7437022 , ...,  0.06737079,
          0.        , -0.41460825],
        [ 0.98711701,  0.97319063,  0.9539392 , ...,  0.47497368,
          0.41460825,  0.        ]],

       [[ 0.        , -0.05798982,  0.0868753 , ...,  0.05349455,
          0.09567079,  0.27672215],
        [ 0.05798982,  0.        ,  0.14449968, ...,  0.11131132,
          0.15323362,  0.33198179],
        [-0.0868753 , -0.14449968,  0.        , ..., -0.0334586 ,
          0.00883228,  0.1921931 ],
        ...,
        [-0.05349455, -0.11131132,  0.0334586 , ...,  0.        ,
          0.04228463,  0.22492033],
        [-0.09567079, -0.15323362, -0.00883228, ..., -0.04228463,
          0.        ,  0.18351799],
        [-0.27672215, -0.33198179, -0.1921931 , ..., -0.22492033,
         -0.18351799,  0.        ]],

       [[ 0.        ,  0.00703728, -0.04709923, ..., -0.88107353,
         -0.91787574, -0.98974332],
        [-0.00703728,  0.        , -0.05412754, ..., -0.8843802 ,
         -0.92064588, -0.99072414],
        [ 0.04709923,  0.05412754,  0.        , ..., -0.85781876,
         -0.89816492, -0.98191646],
        ...,
        [ 0.88107353,  0.8843802 ,  0.85781876, ...,  0.        ,
         -0.08446645, -0.34226048],
        [ 0.91787574,  0.92064588,  0.89816492, ...,  0.08446645,
          0.        , -0.26167224],
        [ 0.98974332,  0.99072414,  0.98191646, ...,  0.34226048,
          0.26167224,  0.        ]],

       ...,

       [[ 0.        , -0.12226048, -0.28092921, ..., -0.99312682,
         -0.99997132, -0.71330323],
        [ 0.12226048,  0.        , -0.16148483, ..., -0.99998619,
         -0.9933956 , -0.62226513],
        [ 0.28092921,  0.16148483,  0.        , ..., -0.98601297,
         -0.96182877, -0.48768664],
        ...,
        [ 0.99312682,  0.99998619,  0.98601297, ...,  0.        ,
          0.10951775,  0.77952576],
        [ 0.99997132,  0.9933956 ,  0.96182877, ..., -0.10951775,
          0.        ,  0.70623813],
        [ 0.71330323,  0.62226513,  0.48768664, ..., -0.77952576,
         -0.70623813,  0.        ]],

       [[ 0.        ,  0.00859796,  0.00859796, ...,  0.99604716,
          0.9934581 ,  0.95670126],
        [-0.00859796,  0.        ,  0.        , ...,  0.99677406,
          0.99243952,  0.95416328],
        [-0.00859796,  0.        ,  0.        , ...,  0.99677406,
          0.99243952,  0.95416328],
        ...,
        [-0.99604716, -0.99677406, -0.99677406, ...,  0.        ,
         -0.20199072, -0.37490103],
        [-0.9934581 , -0.99243952, -0.99243952, ...,  0.20199072,
          0.        , -0.17991487],
        [-0.95670126, -0.95416328, -0.95416328, ...,  0.37490103,
          0.17991487,  0.        ]],

       [[ 0.        ,  0.00131581,  0.00131581, ..., -0.98383847,
         -0.99501498, -0.99266381],
        [-0.00131581,  0.        ,  0.        , ..., -0.98407322,
         -0.99514534, -0.99250386],
        [-0.00131581,  0.        ,  0.        , ..., -0.98407322,
         -0.99514534, -0.99250386],
        ...,
        [ 0.98383847,  0.98407322,  0.98407322, ...,  0.        ,
         -0.08005184, -0.29669786],
        [ 0.99501498,  0.99514534,  0.99514534, ...,  0.08005184,
          0.        , -0.21929845],
        [ 0.99266381,  0.99250386,  0.99250386, ...,  0.29669786,
          0.21929845,  0.        ]]]), 'num': array([9.74802888e-01, 2.13223995e-01, 1.29520220e-04, 6.45077836e-05,
       6.53854405e-05, 6.33010053e-05, 6.55347628e-02, 1.20677826e-06,
       6.42225451e-05, 6.80897209e-05, 7.43466833e-05, 4.48099483e-07,
       8.09933064e-05, 5.51861353e-05])}
{'img': array([[[ 0.        , -0.07255117, -0.17847777, ..., -0.79024357,
         -0.97319063, -0.76126874],
        [ 0.07255117,  0.        , -0.10662114, ..., -0.7437022 ,
         -0.9539392 , -0.71221773],
        [ 0.17847777,  0.10662114,  0.        , ..., -0.66818548,
         -0.91651514, -0.63331426],
        ...,
        [ 0.79024357,  0.7437022 ,  0.66818548, ...,  0.        ,
         -0.41460825,  0.04592274],
        [ 0.97319063,  0.9539392 ,  0.91651514, ...,  0.41460825,
          0.        ,  0.45596052],
        [ 0.76126874,  0.71221773,  0.63331426, ..., -0.04592274,
         -0.45596052,  0.        ]],

       [[ 0.        ,  0.14449968,  0.37249128, ...,  0.15323362,
          0.33198179,  0.32321857],
        [-0.14449968,  0.        ,  0.23448108, ...,  0.00883228,
          0.1921931 ,  0.18308278],
        [-0.37249128, -0.23448108,  0.        , ..., -0.22588589,
         -0.04327479, -0.0525392 ],
        ...,
        [-0.15323362, -0.00883228,  0.22588589, ...,  0.        ,
          0.18351799,  0.17439265],
        [-0.33198179, -0.1921931 ,  0.04327479, ..., -0.18351799,
          0.        , -0.00927497],
        [-0.32321857, -0.18308278,  0.0525392 , ..., -0.17439265,
          0.00927497,  0.        ]],

       [[ 0.        , -0.05412754, -0.09915027, ..., -0.92064588,
         -0.99072414, -0.97303805],
        [ 0.05412754,  0.        , -0.0451441 , ..., -0.89816492,
         -0.98191646, -0.95912738],
        [ 0.09915027,  0.0451441 ,  0.        , ..., -0.87740123,
         -0.97236893, -0.9453749 ],
        ...,
        [ 0.92064588,  0.89816492,  0.87740123, ...,  0.        ,
         -0.26167224, -0.16753078],
        [ 0.99072414,  0.98191646,  0.97236893, ...,  0.26167224,
          0.        ,  0.09628052],
        [ 0.97303805,  0.95912738,  0.9453749 , ...,  0.16753078,
         -0.09628052,  0.        ]],

       ...,

       [[ 0.        , -0.16148483, -0.4440888 , ..., -0.9933956 ,
         -0.62226513, -0.38928089],
        [ 0.16148483,  0.        , -0.29357259, ..., -0.96182877,
         -0.48768664, -0.23542489],
        [ 0.4440888 ,  0.29357259,  0.        , ..., -0.83911077,
         -0.20990321,  0.0602697 ],
        ...,
        [ 0.9933956 ,  0.96182877,  0.83911077, ...,  0.        ,
          0.70623813,  0.87036972],
        [ 0.62226513,  0.48768664,  0.20990321, ..., -0.70623813,
          0.        ,  0.26844866],
        [ 0.38928089,  0.23542489, -0.0602697 , ..., -0.87036972,
         -0.26844866,  0.        ]],

       [[ 0.        ,  0.        , -0.02772196, ...,  0.99243952,
          0.95416328,  0.85816113],
        [ 0.        ,  0.        , -0.02772196, ...,  0.99243952,
          0.95416328,  0.85816113],
        [ 0.02772196,  0.02772196,  0.        , ...,  0.99546054,
          0.96209338,  0.87206323],
        ...,
        [-0.99243952, -0.99243952, -0.99546054, ...,  0.        ,
         -0.17991487, -0.4041729 ],
        [-0.95416328, -0.95416328, -0.96209338, ...,  0.17991487,
          0.        , -0.23301268],
