state_0,state_1,state_2,state_3,state_4,state_5,state_6,state_7,state_8,state_9,state_10,state_11,state_12,state_13,state_14,state_15,state_16,state_17,state_18,state_19,state_20,state_21,state_22,state_23,state_24,state_25,state_26,state_27,state_28,state_29,state_30,state_31,state_32,state_33,state_34,state_35,state_36,state_37,state_38,state_39,state_40,state_41,state_42,state_43,state_44,state_45,state_46,state_47,state_48,state_49,state_50,state_51,state_52,state_53,state_54,state_55,state_56,state_57,state_58,state_59,state_60,state_61,state_62,state_63,state_64,state_65,state_66,state_67,state_68,state_69,state_70,state_71,state_72,state_73,state_74,state_75,state_76,state_77,state_78,state_79,state_80,state_81,state_82,state_83,state_84,state_85,state_86,state_87,state_88,state_89,state_90,state_91,state_92,state_93,state_94,state_95,state_96,state_97,state_98,state_99,state_100,state_101,state_102,state_103,state_104,state_105,state_106,state_107,state_108,state_109,state_110,state_111,state_112,state_113,state_114,state_115,state_116,state_117,state_118,state_119,state_120,state_121,state_122,state_123,state_124,state_125,state_126,state_127,state_128,state_129,state_130,state_131,state_132,state_133,state_134,state_135,state_136,state_137,state_138,state_139,state_140,state_141,state_142,state_143,state_144,state_145,state_146,state_147,state_148,state_149,state_150,state_151,state_152,state_153,state_154,state_155,state_156,state_157,state_158,state_159,state_160,state_161,state_162,state_163,state_164,state_165,state_166,state_167,state_168,state_169,state_170,state_171,state_172,state_173,state_174,state_175,state_176,state_177,state_178,state_179,state_180,state_181,state_182,state_183,state_184,state_185,state_186,state_187,state_188,state_189,state_190,state_191,state_192,state_193,state_194,state_195,state_196,state_197,state_198,state_199,state_200,state_201,state_202,state_203,state_204,state_205,state_206,state_207,state_208,state_209,state_210,state_211,state_212,state_213,state_214,state_215,state_216,state_217,state_218,state_219,state_220,state_221,state_222,state_223,state_224,state_225,state_226,state_227,state_228,state_229,state_230,state_231,state_232,state_233,state_234,state_235,state_236,state_237,state_238,state_239,state_240,state_241,state_242,state_243,state_244,state_245,state_246,state_247,state_248,state_249,state_250,state_251,state_252,state_253,state_254,state_255,state_256,state_257,state_258,state_259,state_260,state_261,state_262,state_263,state_264,state_265,state_266,state_267,state_268,state_269,state_270,state_271,state_272,state_273,state_274,state_275,state_276,state_277,state_278,state_279,state_280,state_281,state_282,state_283,state_284,state_285,state_286,state_287
{'img': array([[[ 0.        ,  0.26133126,  0.18834913, ...,  0.67779214,
          0.88555693,  0.85035442],
        [-0.26133126,  0.        , -0.07485015, ...,  0.46209356,
          0.73338666,  0.68328868],
        [-0.18834913,  0.07485015,  0.        , ...,  0.52717673,
          0.78221337,  0.73602362],
        ...,
        [-0.67779214, -0.46209356, -0.52717673, ...,  0.        ,
          0.33625353,  0.26856486],
        [-0.88555693, -0.73338666, -0.78221337, ..., -0.33625353,
          0.        , -0.07097338],
        [-0.85035442, -0.68328868, -0.73602362, ..., -0.26856486,
          0.07097338,  0.        ]],

       [[ 0.        , -0.02286304, -0.1967818 , ..., -0.16348796,
          0.90832197, -0.11931402],
        [ 0.02286304,  0.        , -0.17431435, ..., -0.1408898 ,
          0.91764751, -0.09658311],
        [ 0.1967818 ,  0.17431435,  0.        , ...,  0.03384283,
          0.97287009,  0.07839499],
        ...,
        [ 0.16348796,  0.1408898 , -0.03384283, ...,  0.        ,
          0.96448318,  0.0446114 ],
        [-0.90832197, -0.91764751, -0.97287009, ..., -0.96448318,
          0.        , -0.95173911],
        [ 0.11931402,  0.09658311, -0.07839499, ..., -0.0446114 ,
          0.95173911,  0.        ]],

       [[ 0.        , -0.11709255, -0.28707769, ...,  0.27383965,
          0.37527852,  0.44312249],
        [ 0.11709255,  0.        , -0.17293908, ...,  0.38457264,
          0.48123148,  0.54504317],
        [ 0.28707769,  0.17293908,  0.        , ...,  0.53841725,
          0.62557782,  0.68182424],
        ...,
        [-0.27383965, -0.38457264, -0.53841725, ...,  0.        ,
          0.10710835,  0.18069771],
        [-0.37527852, -0.48123148, -0.62557782, ..., -0.10710835,
          0.        ,  0.07431301],
        [-0.44312249, -0.54504317, -0.68182424, ..., -0.18069771,
         -0.07431301,  0.        ]],

       ...,

       [[ 0.        ,  0.20978198, -0.03599331, ..., -0.52874966,
         -0.01228957,  0.49702925],
        [-0.20978198,  0.        , -0.24483844, ..., -0.69504231,
         -0.22178224,  0.30393454],
        [ 0.03599331,  0.24483844,  0.        , ..., -0.49785673,
          0.02370898,  0.5279398 ],
        ...,
        [ 0.52874966,  0.69504231,  0.49785673, ...,  0.        ,
          0.51827862,  0.88068135],
        [ 0.01228957,  0.22178224, -0.02370898, ..., -0.51827862,
          0.        ,  0.50765579],
        [-0.49702925, -0.30393454, -0.5279398 , ..., -0.88068135,
         -0.50765579,  0.        ]],

       [[ 0.        , -0.17058125, -0.33904207, ...,  0.99692126,
          0.99532266,  0.95815873],
        [ 0.17058125,  0.        , -0.17359501, ...,  0.96893485,
          0.99721407,  0.99294232],
        [ 0.33904207,  0.17359501,  0.        , ...,  0.9112908 ,
          0.96912455,  0.99845467],
        ...,
        [-0.99692126, -0.96893485, -0.9112908 , ...,  0.        ,
         -0.17435145, -0.36048461],
        [-0.99532266, -0.99721407, -0.96912455, ...,  0.17435145,
          0.        , -0.19233429],
        [-0.95815873, -0.99294232, -0.99845467, ...,  0.36048461,
          0.19233429,  0.        ]],

       [[ 0.        , -0.00279176, -0.02210653, ...,  0.36747497,
          0.41587355,  0.47780013],
        [ 0.00279176,  0.        , -0.01931536, ...,  0.37006997,
          0.41841082,  0.48025074],
        [ 0.02210653,  0.01931536,  0.        , ...,  0.38794497,
          0.43587609,  0.49710326],
        ...,
        [-0.36747497, -0.37006997, -0.38794497, ...,  0.        ,
          0.05258631,  0.12155487],
        [-0.41587355, -0.41841082, -0.43587609, ..., -0.05258631,
          0.        ,  0.06919032],
        [-0.47780013, -0.48025074, -0.49710326, ..., -0.12155487,
         -0.06919032,  0.        ]]]), 'num': array([7.07106648e-01, 7.07106648e-01, 0.00000000e+00, 1.42640479e-04,
       1.43453245e-04, 1.41014947e-04, 4.67722601e-04, 8.12766262e-07,
       1.40120904e-04, 1.38779839e-04, 1.37662286e-04, 4.95925177e-07,
       1.49161318e-04, 1.28398361e-04])}
{'img': array([[[ 0.        , -0.07485015, -0.20611764, ...,  0.73338666,
          0.68328868,  0.71694057],
        [ 0.07485015,  0.        , -0.13229653, ...,  0.78221337,
          0.73602362,  0.76711001],
        [ 0.20611764,  0.13229653,  0.        , ...,  0.85776   ,
          0.81911302,  0.84523753],
        ...,
        [-0.73338666, -0.78221337, -0.85776   , ...,  0.        ,
         -0.07097338, -0.02388437],
        [-0.68328868, -0.73602362, -0.81911302, ...,  0.07097338,
          0.        ,  0.04712899],
        [-0.71694057, -0.76711001, -0.84523753, ...,  0.02388437,
         -0.04712899,  0.        ]],

       [[ 0.        , -0.17431435, -0.09348725, ...,  0.91764751,
         -0.09658311, -0.04661182],
        [ 0.17431435,  0.        ,  0.08149498, ...,  0.97287009,
          0.07839499,  0.12822669],
        [ 0.09348725, -0.08149498,  0.        , ...,  0.95078004,
         -0.00310994,  0.04697795],
        ...,
        [-0.91764751, -0.97287009, -0.95078004, ...,  0.        ,
         -0.95173911, -0.93517342],
        [ 0.09658311, -0.07839499,  0.00310994, ...,  0.95173911,
          0.        ,  0.05008423],
        [ 0.04661182, -0.12822669, -0.04697795, ...,  0.93517342,
         -0.05008423,  0.        ]],

       [[ 0.        , -0.17293908, -0.3247572 , ...,  0.48123148,
          0.54504317,  0.61154673],
        [ 0.17293908,  0.        , -0.1562986 , ...,  0.62557782,
          0.68182424,  0.7391631 ],
        [ 0.3247572 ,  0.1562986 ,  0.        , ...,  0.73982756,
          0.78777945,  0.83534992],
        ...,
        [-0.48123148, -0.62557782, -0.73982756, ...,  0.        ,
          0.07431301,  0.15532358],
        [-0.54504317, -0.68182424, -0.78777945, ..., -0.07431301,
          0.        ,  0.08148298],
        [-0.61154673, -0.7391631 , -0.83534992, ..., -0.15532358,
         -0.08148298,  0.        ]],

       ...,

       [[ 0.        , -0.24483844, -0.24483844, ..., -0.22178224,
          0.30393454,  0.36120477],
        [ 0.24483844,  0.        ,  0.        , ...,  0.02370898,
          0.5279398 ,  0.57851964],
        [ 0.24483844,  0.        ,  0.        , ...,  0.02370898,
          0.5279398 ,  0.57851964],
        ...,
        [ 0.22178224, -0.02370898, -0.02370898, ...,  0.        ,
          0.50765579,  0.55901835],
        [-0.30393454, -0.5279398 , -0.5279398 , ..., -0.50765579,
          0.        ,  0.06070237],
        [-0.36120477, -0.57851964, -0.57851964, ..., -0.55901835,
         -0.06070237,  0.        ]],

       [[ 0.        , -0.17359501, -0.14703429, ...,  0.99721407,
          0.99294232,  0.96829826],
        [ 0.17359501,  0.        ,  0.02690638, ...,  0.96912455,
          0.99845467,  0.9969602 ],
        [ 0.14703429, -0.02690638,  0.        , ...,  0.97540803,
          0.99958843,  0.99450291],
        ...,
        [-0.99721407, -0.96912455, -0.97540803, ...,  0.        ,
         -0.19233429, -0.32132913],
        [-0.99294232, -0.99845467, -0.99958843, ...,  0.19233429,
          0.        , -0.1331954 ],
        [-0.96829826, -0.9969602 , -0.99450291, ...,  0.32132913,
          0.1331954 ,  0.        ]],

       [[ 0.        , -0.01931536, -0.05466544, ...,  0.41841082,
          0.48025074,  0.52615978],
        [ 0.01931536,  0.        , -0.03536876, ...,  0.43587609,
          0.49710326,  0.54248713],
        [ 0.05466544,  0.03536876,  0.        , ...,  0.4674355 ,
          0.5274814 ,  0.57185974],
        ...,
        [-0.41841082, -0.43587609, -0.4674355 , ...,  0.        ,
          0.06919032,  0.12207818],
        [-0.48025074, -0.49710326, -0.5274814 , ..., -0.06919032,
          0.        ,  0.05311281],
        [-0.52615978, -0.54248713, -0.57185974, ..., -0.12207818,
         -0.05311281,  0.        ]]]), 'num': array([7.07106671e-01, 7.07106671e-01, 0.00000000e+00, 1.43859633e-04,
       1.45891549e-04, 1.42640484e-04, 3.89144371e-04, 1.21914943e-06,
       1.41665164e-04, 1.38454737e-04, 1.37919666e-04, 5.19637463e-07,
       1.47711357e-04, 1.29198118e-04])}
{'img': array([[[ 0.00000000e+00, -1.32296527e-01,  7.48501482e-02, ...,
          7.36023620e-01,  7.67110006e-01,  8.11497935e-01],
        [ 1.32296527e-01,  0.00000000e+00,  2.06117637e-01, ...,
          8.19113016e-01,  8.45237534e-01,  8.81673193e-01],
        [-7.48501482e-02, -2.06117637e-01,  0.00000000e+00, ...,
          6.83288675e-01,  7.16940568e-01,  7.65482436e-01],
        ...,
        [-7.36023620e-01, -8.19113016e-01, -6.83288675e-01, ...,
          0.00000000e+00,  4.71289923e-02,  1.19248986e-01],
        [-7.67110006e-01, -8.45237534e-01, -7.16940568e-01, ...,
         -4.71289923e-02,  0.00000000e+00,  7.23237799e-02],
        [-8.11497935e-01, -8.81673193e-01, -7.65482436e-01, ...,
         -1.19248986e-01, -7.23237799e-02,  0.00000000e+00]],

       [[ 0.00000000e+00,  8.14949766e-02,  1.03084080e-01, ...,
          7.83949884e-02,  1.28226690e-01,  8.07676623e-02],
        [-8.14949766e-02,  0.00000000e+00,  2.16803724e-02, ...,
         -3.10993848e-03,  4.69779506e-02, -7.29719826e-04],
        [-1.03084080e-01, -2.16803724e-02,  0.00000000e+00, ...,
         -2.47894750e-02,  2.53104729e-02, -2.24099149e-02],
        ...,
        [-7.83949884e-02,  3.10993848e-03,  2.47894750e-02, ...,
          0.00000000e+00,  5.00842283e-02,  2.38022136e-03],
        [-1.28226690e-01, -4.69779506e-02, -2.53104729e-02, ...,
         -5.00842283e-02,  0.00000000e+00, -4.77068522e-02],
        [-8.07676623e-02,  7.29719826e-04,  2.24099149e-02, ...,
         -2.38022136e-03,  4.77068522e-02,  0.00000000e+00]],

       [[ 0.00000000e+00, -1.56298600e-01, -1.49175962e-01, ...,
          6.81824243e-01,  7.39163101e-01,  8.11185225e-01],
        [ 1.56298600e-01,  0.00000000e+00,  7.20715553e-03, ...,
          7.87779452e-01,  8.35349920e-01,  8.92617386e-01],
        [ 1.49175962e-01, -7.20715553e-03,  0.00000000e+00, ...,
          7.83319691e-01,  8.31366318e-01,  8.89345109e-01],
        ...,
        [-6.81824243e-01, -7.87779452e-01, -7.83319691e-01, ...,
          0.00000000e+00,  8.14829787e-02,  1.94671469e-01],
        [-7.39163101e-01, -8.35349920e-01, -8.31366318e-01, ...,
         -8.14829787e-02,  0.00000000e+00,  1.14100048e-01],
        [-8.11185225e-01, -8.92617386e-01, -8.89345109e-01, ...,
         -1.94671469e-01, -1.14100048e-01,  0.00000000e+00]],

       ...,

       [[ 0.00000000e+00,  0.00000000e+00,  5.01364267e-02, ...,
          5.27939797e-01,  5.78519644e-01,  6.86629541e-01],
        [ 0.00000000e+00,  0.00000000e+00,  5.01364267e-02, ...,
          5.27939797e-01,  5.78519644e-01,  6.86629541e-01],
        [-5.01364267e-02, -5.01364267e-02,  0.00000000e+00, ...,
          4.84695894e-01,  5.36897384e-01,  6.49316463e-01],
        ...,
        [-5.27939797e-01, -5.27939797e-01, -4.84695894e-01, ...,
          0.00000000e+00,  6.07023668e-02,  1.99325790e-01],
        [-5.78519644e-01, -5.78519644e-01, -5.36897384e-01, ...,
         -6.07023668e-02,  0.00000000e+00,  1.39473946e-01],
        [-6.86629541e-01, -6.86629541e-01, -6.49316463e-01, ...,
         -1.99325790e-01, -1.39473946e-01,  0.00000000e+00]],

       [[ 0.00000000e+00,  2.69063848e-02,  3.24995832e-03, ...,
          9.98454670e-01,  9.96960200e-01,  9.76032944e-01],
        [-2.69063848e-02,  0.00000000e+00, -2.36574610e-02, ...,
          9.99588435e-01,  9.94502914e-01,  9.69824135e-01],
        [-3.24995832e-03,  2.36574610e-02,  0.00000000e+00, ...,
          9.98630005e-01,  9.96701722e-01,  9.75320524e-01],
        ...,
        [-9.98454670e-01, -9.99588435e-01, -9.98630005e-01, ...,
          0.00000000e+00, -1.33195404e-01, -2.71526838e-01],
        [-9.96960200e-01, -9.94502914e-01, -9.96701722e-01, ...,
          1.33195404e-01,  0.00000000e+00, -1.40916111e-01],
        [-9.76032944e-01, -9.69824135e-01, -9.75320524e-01, ...,
          2.71526838e-01,  1.40916111e-01,  0.00000000e+00]],

       [[ 0.00000000e+00, -3.53687562e-02, -4.18770981e-02, ...,
          4.97103256e-01,  5.42487133e-01,  5.99821010e-01],
        [ 3.53687562e-02,  0.00000000e+00, -6.51316721e-03, ...,
          5.27481399e-01,  5.71859737e-01,  6.27745472e-01],
        [ 4.18770981e-02,  6.51316721e-03,  0.00000000e+00, ...,
          5.33003580e-01,  5.77190694e-01,  6.32802128e-01],
        ...,
        [-4.97103256e-01, -5.27481399e-01, -5.33003580e-01, ...,
          0.00000000e+00,  5.31128104e-02,  1.22710206e-01],
        [-5.42487133e-01, -5.71859737e-01, -5.77190694e-01, ...,
         -5.31128104e-02,  0.00000000e+00,  6.98255902e-02],
        [-5.99821010e-01, -6.27745472e-01, -6.32802128e-01, ...,
         -1.22710206e-01, -6.98255902e-02,  0.00000000e+00]]]), 'num': array([ 7.07106708e-01,  7.07106708e-01,  0.00000000e+00,  1.41421342e-04,
        1.45078790e-04,  1.41421342e-04,  2.18821079e-04, -2.43829899e-06,
        1.42559215e-04,  1.38231234e-04,  1.38156730e-04,  4.62651604e-07,
        1.46959584e-04,  1.29502884e-04])}
{'img': array([[[ 0.00000000e+00,  2.06117637e-01,  0.00000000e+00, ...,
          8.45237534e-01,  8.81673193e-01,  8.05528691e-01],
        [-2.06117637e-01,  0.00000000e+00, -2.06117637e-01, ...,
          7.16940568e-01,  7.65482436e-01,  6.66095348e-01],
        [ 0.00000000e+00,  2.06117637e-01,  0.00000000e+00, ...,
          8.45237534e-01,  8.81673193e-01,  8.05528691e-01],
        ...,
        [-8.45237534e-01, -7.16940568e-01, -8.45237534e-01, ...,
          0.00000000e+00,  7.23237799e-02, -7.03841152e-02],
        [-8.81673193e-01, -7.65482436e-01, -8.81673193e-01, ...,
         -7.23237799e-02,  0.00000000e+00, -1.42344208e-01],
        [-8.05528691e-01, -6.66095348e-01, -8.05528691e-01, ...,
          7.03841152e-02,  1.42344208e-01,  0.00000000e+00]],

       [[ 0.00000000e+00,  2.16803724e-02,  4.58812183e-02, ...,
          4.69779506e-02, -7.29719826e-04, -1.42440030e-01],
        [-2.16803724e-02,  0.00000000e+00,  2.42128932e-02, ...,
          2.53104729e-02, -2.24099149e-02, -1.63865857e-01],
        [-4.58812183e-02, -2.42128932e-02,  0.00000000e+00, ...,
          1.09791620e-03, -4.66101574e-02, -1.87703414e-01],
        ...,
        [-4.69779506e-02, -2.53104729e-02, -1.09791620e-03, ...,
          0.00000000e+00, -4.77068522e-02, -1.88781703e-01],
        [ 7.29719826e-04,  2.24099149e-02,  4.66101574e-02, ...,
          4.77068522e-02,  0.00000000e+00, -1.41717713e-01],
        [ 1.42440030e-01,  1.63865857e-01,  1.87703414e-01, ...,
          1.88781703e-01,  1.41717713e-01,  0.00000000e+00]],

       [[ 0.00000000e+00,  7.20715553e-03,  2.14974576e-02, ...,
          8.35349920e-01,  8.92617386e-01,  9.21527857e-01],
        [-7.20715553e-03,  0.00000000e+00,  1.42914093e-02, ...,
          8.31366318e-01,  8.89345109e-01,  9.18705296e-01],
        [-2.14974576e-02, -1.42914093e-02,  0.00000000e+00, ...,
          8.23339322e-01,  8.82719728e-01,  9.12967168e-01],
        ...,
        [-8.35349920e-01, -8.31366318e-01, -8.23339322e-01, ...,
          0.00000000e+00,  1.14100048e-01,  1.82204366e-01],
        [-8.92617386e-01, -8.89345109e-01, -8.82719728e-01, ...,
         -1.14100048e-01,  0.00000000e+00,  6.88243473e-02],
        [-9.21527857e-01, -9.18705296e-01, -9.12967168e-01, ...,
         -1.82204366e-01, -6.88243473e-02,  0.00000000e+00]],

       ...,

       [[ 0.00000000e+00,  5.01364267e-02, -1.82914285e-02, ...,
          5.78519644e-01,  6.86629541e-01,  4.27297812e-01],
        [-5.01364267e-02,  0.00000000e+00, -6.83964636e-02, ...,
          5.36897384e-01,  6.49316463e-01,  3.81431542e-01],
        [ 1.82914285e-02,  6.83964636e-02,  0.00000000e+00, ...,
          5.93342598e-01,  6.99812671e-01,  4.43763805e-01],
        ...,
        [-5.78519644e-01, -5.36897384e-01, -5.93342598e-01, ...,
          0.00000000e+00,  1.39473946e-01, -1.74512591e-01],
        [-6.86629541e-01, -6.49316463e-01, -6.99812671e-01, ...,
         -1.39473946e-01,  0.00000000e+00, -3.10140570e-01],
        [-4.27297812e-01, -3.81431542e-01, -4.43763805e-01, ...,
          1.74512591e-01,  3.10140570e-01,  0.00000000e+00]],

       [[ 0.00000000e+00, -2.36574610e-02,  4.13809378e-03, ...,
          9.94502914e-01,  9.69824135e-01,  9.49305593e-01],
        [ 2.36574610e-02,  0.00000000e+00,  2.77941940e-02, ...,
          9.96701722e-01,  9.75320524e-01,  9.56476738e-01],
        [-4.13809378e-03, -2.77941940e-02,  0.00000000e+00, ...,
          9.94061104e-01,  9.68806941e-01,  9.47996635e-01],
        ...,
        [-9.94502914e-01, -9.96701722e-01, -9.94061104e-01, ...,
          0.00000000e+00, -1.40916111e-01, -2.13225942e-01],
        [-9.69824135e-01, -9.75320524e-01, -9.68806941e-01, ...,
          1.40916111e-01,  0.00000000e+00, -7.34228243e-02],
        [-9.49305593e-01, -9.56476738e-01, -9.47996635e-01, ...,
          2.13225942e-01,  7.34228243e-02,  0.00000000e+00]],

       [[ 0.00000000e+00, -6.51316721e-03, -2.85567481e-02, ...,
          5.71859737e-01,  6.27745472e-01,  6.48646529e-01],
        [ 6.51316721e-03,  0.00000000e+00, -2.20456315e-02, ...,
          5.77190694e-01,  6.32802128e-01,  6.53589876e-01],
        [ 2.85567481e-02,  2.20456315e-02,  0.00000000e+00, ...,
          5.95053086e-01,  6.49718566e-01,  6.70116243e-01],
        ...,
        [-5.71859737e-01, -5.77190694e-01, -5.95053086e-01, ...,
          0.00000000e+00,  6.98255902e-02,  9.68814848e-02],
        [-6.27745472e-01, -6.32802128e-01, -6.49718566e-01, ...,
         -6.98255902e-02,  0.00000000e+00,  2.71478925e-02],
        [-6.48646529e-01, -6.53589876e-01, -6.70116243e-01, ...,
         -9.68814848e-02, -2.71478925e-02,  0.00000000e+00]]]), 'num': array([7.07106667e-01, 7.07106667e-01, 0.00000000e+00, 1.44672399e-04,
       1.47110697e-04, 1.39795801e-04, 4.04968929e-04, 3.25106514e-06,
       1.42884313e-04, 1.38170268e-04, 1.38481829e-04, 6.09574713e-07,
       1.46698507e-04, 1.29642030e-04])}
{'img': array([[[ 0.        , -0.20611764, -0.15253778, ...,  0.76548244,
          0.66609535,  0.79645715],
        [ 0.20611764,  0.        ,  0.05444321, ...,  0.88167319,
          0.80552869,  0.9039933 ],
        [ 0.15253778, -0.05444321,  0.        , ...,  0.85467595,
          0.77207329,  0.87937555],
        ...,
        [-0.76548244, -0.88167319, -0.85467595, ...,  0.        ,
         -0.14234421,  0.04960238],
        [-0.66609535, -0.80552869, -0.77207329, ...,  0.14234421,
          0.        ,  0.19126628],
        [-0.79645715, -0.9039933 , -0.87937555, ..., -0.04960238,
         -0.19126628,  0.        ]],

       [[ 0.        ,  0.02421289, -0.13439205, ..., -0.02240991,
         -0.16386586, -0.01226156],
        [-0.02421289,  0.        , -0.15834589, ..., -0.04661016,
         -0.18770341, -0.03646904],
        [ 0.13439205,  0.15834589,  0.        , ...,  0.11215168,
         -0.02980388,  0.12223162],
        ...,
        [ 0.02240991,  0.04661016, -0.11215168, ...,  0.        ,
         -0.14171771,  0.01014975],
        [ 0.16386586,  0.18770341,  0.02980388, ...,  0.14171771,
          0.        ,  0.15175772],
        [ 0.01226156,  0.03646904, -0.12223162, ..., -0.01014975,
         -0.15175772,  0.        ]],

       [[ 0.        ,  0.01429141, -0.02908318, ...,  0.88934511,
          0.9187053 ,  0.92853886],
        [-0.01429141,  0.        , -0.04336557, ...,  0.88271973,
          0.91296717,  0.92313856],
        [ 0.02908318,  0.04336557,  0.        , ...,  0.90226681,
          0.9298029 ,  0.93894279],
        ...,
        [-0.88934511, -0.88271973, -0.90226681, ...,  0.        ,
          0.06882435,  0.0944057 ],
        [-0.9187053 , -0.91296717, -0.9298029 , ..., -0.06882435,
          0.        ,  0.02566488],
        [-0.92853886, -0.92313856, -0.93894279, ..., -0.0944057 ,
         -0.02566488,  0.        ]],

       ...,

       [[ 0.        , -0.06507331,  0.21163039, ...,  0.60463608,
          0.35848038,  0.99992841],
        [ 0.06507331,  0.        ,  0.27478123, ...,  0.65518556,
          0.41846894,  0.9985877 ],
        [-0.21163039, -0.27478123,  0.        , ...,  0.42237693,
          0.15279586,  0.97474747],
        ...,
        [-0.60463608, -0.65518556, -0.42237693, ...,  0.        ,
         -0.27892002,  0.78920988],
        [-0.35848038, -0.41846894, -0.15279586, ...,  0.27892002,
          0.        ,  0.92918092],
        [-0.99992841, -0.9985877 , -0.97474747, ..., -0.78920988,
         -0.92918092,  0.        ]],

       [[ 0.        ,  0.02779419,  0.03219356, ...,  0.97532052,
          0.95647674,  0.94867747],
        [-0.02779419,  0.        ,  0.00440134, ...,  0.96880694,
          0.94799664,  0.93952119],
        [-0.03219356, -0.00440134,  0.        , ...,  0.96770683,
          0.94658659,  0.93800467],
        ...,
        [-0.97532052, -0.96880694, -0.96770683, ...,  0.        ,
         -0.07342282, -0.09897843],
        [-0.95647674, -0.94799664, -0.94658659, ...,  0.07342282,
          0.        , -0.02564899],
        [-0.94867747, -0.93952119, -0.93800467, ...,  0.09897843,
          0.02564899,  0.        ]],

       [[ 0.        , -0.02204563, -0.04036112, ...,  0.63280213,
          0.65358988,  0.663004  ],
        [ 0.02204563,  0.        , -0.01832365, ...,  0.64971857,
          0.67011624,  0.67934658],
        [ 0.04036112,  0.01832365,  0.        , ...,  0.66353866,
          0.68360458,  0.69267873],
        ...,
        [-0.63280213, -0.64971857, -0.66353866, ...,  0.        ,
          0.02714789,  0.03964727],
        [-0.65358988, -0.67011624, -0.68360458, ..., -0.02714789,
          0.        ,  0.01250611],
        [-0.663004  , -0.67934658, -0.69267873, ..., -0.03964727,
         -0.01250611,  0.        ]]]), 'num': array([ 8.53987065e-01,  5.20293918e-01,  1.87996128e-05,  1.74434463e-04,
        1.78856745e-04,  1.72960369e-04,  3.11839683e-04, -4.91364684e-07,
        1.73353461e-04,  1.66990288e-04,  1.67760093e-04,  7.75838975e-07,
        1.77066379e-04,  1.56914196e-04])}
{'img': array([[[ 0.        ,  0.05444321,  0.15732663, ...,  0.80552869,
          0.9039933 ,  0.89303941],
        [-0.05444321,  0.        ,  0.10332809, ...,  0.77207329,
          0.87937555,  0.86721664],
        [-0.15732663, -0.10332809,  0.        , ...,  0.70227218,
          0.82547106,  0.81112445],
        ...,
        [-0.80552869, -0.77207329, -0.70227218, ...,  0.        ,
          0.19126628,  0.16670598],
        [-0.9039933 , -0.87937555, -0.82547106, ..., -0.19126628,
          0.        , -0.02496154],
        [-0.89303941, -0.86721664, -0.81112445, ..., -0.16670598,
          0.02496154,  0.        ]],

       [[ 0.        , -0.15834589, -0.19986463, ..., -0.18770341,
         -0.03646904, -0.14736811],
        [ 0.15834589,  0.        , -0.04219205, ..., -0.02980388,
          0.12223162,  0.01110816],
        [ 0.19986463,  0.04219205,  0.        , ...,  0.01239597,
          0.16399845,  0.05328771],
        ...,
        [ 0.18770341,  0.02980388, -0.01239597, ...,  0.        ,
          0.15175772,  0.04090526],
        [ 0.03646904, -0.12223162, -0.16399845, ..., -0.15175772,
          0.        , -0.11119922],
        [ 0.14736811, -0.01110816, -0.05328771, ..., -0.04090526,
          0.11119922,  0.        ]],

       [[ 0.        , -0.04336557, -0.03603379, ...,  0.91296717,
          0.92313856,  0.93750566],
        [ 0.04336557,  0.        ,  0.00733752, ...,  0.9298029 ,
          0.93894279,  0.95171364],
        [ 0.03603379, -0.00733752,  0.        , ...,  0.92707724,
          0.93639286,  0.94943549],
        ...,
        [-0.91296717, -0.9298029 , -0.92707724, ...,  0.        ,
          0.02566488,  0.06484806],
        [-0.92313856, -0.93894279, -0.93639286, ..., -0.02566488,
          0.        ,  0.03921584],
        [-0.93750566, -0.95171364, -0.94943549, ..., -0.06484806,
         -0.03921584,  0.        ]],

       ...,

       [[ 0.        ,  0.25649522,  0.32440483, ...,  0.38908097,
          0.92153533,  0.99346915],
        [-0.25649522,  0.        ,  0.07092849, ...,  0.13978015,
          0.79111013,  0.9894995 ],
        [-0.32440483, -0.07092849,  0.        , ...,  0.06919594,
          0.74573255,  0.97675561],
        ...,
        [-0.38908097, -0.13978015, -0.06919594, ...,  0.        ,
          0.69784361,  0.95958185],
        [-0.92153533, -0.79111013, -0.74573255, ..., -0.69784361,
          0.        ,  0.49090675],
        [-0.99346915, -0.9894995 , -0.97675561, ..., -0.95958185,
         -0.49090675,  0.        ]],

       [[ 0.        ,  0.00440134,  0.0021209 , ...,  0.94799664,
          0.93952119,  0.93058422],
        [-0.00440134,  0.        , -0.00228045, ...,  0.94658659,
          0.93800467,  0.92896397],
        [-0.0021209 ,  0.00228045,  0.        , ...,  0.94731946,
          0.93879269,  0.92980571],
        ...,
        [-0.94799664, -0.94658659, -0.94731946, ...,  0.        ,
         -0.02564899, -0.05085393],
        [-0.93952119, -0.93800467, -0.93879269, ...,  0.02564899,
          0.        , -0.0252214 ],
        [-0.93058422, -0.92896397, -0.92980571, ...,  0.05085393,
          0.0252214 ,  0.        ]],

       [[ 0.        , -0.01832365, -0.00737978, ...,  0.67011624,
          0.67934658,  0.68817472],
        [ 0.01832365,  0.        ,  0.01094461, ...,  0.68360458,
          0.69267873,  0.70135381],
        [ 0.00737978, -0.01094461,  0.        , ...,  0.67557568,
          0.68474349,  0.69351034],
        ...,
        [-0.67011624, -0.68360458, -0.67557568, ...,  0.        ,
          0.01250611,  0.02460243],
        [-0.67934658, -0.69267873, -0.68474349, ..., -0.01250611,
          0.        ,  0.01209818],
        [-0.68817472, -0.70135381, -0.69351034, ..., -0.02460243,
         -0.01209818,  0.        ]]]), 'num': array([8.56501112e-01, 5.16144447e-01, 1.86496813e-05, 1.77917765e-04,
       1.79380103e-04, 1.73530752e-04, 7.20815545e-04, 4.87445931e-06,
       1.73335773e-04, 1.66316552e-04, 1.66885239e-04, 7.97638797e-07,
       1.77633699e-04, 1.54999405e-04])}
{'img': array([[[ 0.        ,  0.10332809, -0.02696915, ...,  0.87937555,
          0.86721664,  0.96840628],
        [-0.10332809,  0.        , -0.1301153 , ...,  0.82547106,
          0.81112445,  0.93745498],
        [ 0.02696915,  0.1301153 ,  0.        , ...,  0.89189648,
          0.88032998,  0.97477954],
        ...,
        [-0.87937555, -0.82547106, -0.89189648, ...,  0.        ,
         -0.02496154,  0.24178939],
        [-0.86721664, -0.81112445, -0.88032998, ...,  0.02496154,
          0.        ,  0.26593495],
        [-0.96840628, -0.93745498, -0.97477954, ..., -0.24178939,
         -0.26593495,  0.        ]],

       [[ 0.        , -0.04219205,  0.20462954, ...,  0.12223162,
          0.01110816,  0.22764435],
        [ 0.04219205,  0.        ,  0.24574657, ...,  0.16399845,
          0.05328771,  0.26852591],
        [-0.20462954, -0.24574657,  0.        , ..., -0.08345001,
         -0.19374382,  0.02357042],
        ...,
        [-0.12223162, -0.16399845,  0.08345001, ...,  0.        ,
         -0.11119922,  0.10691503],
        [-0.01110816, -0.05328771,  0.19374382, ...,  0.11119922,
          0.        ,  0.2168138 ],
        [-0.22764435, -0.26852591, -0.02357042, ..., -0.10691503,
         -0.2168138 ,  0.        ]],

       [[ 0.        ,  0.00733752,  0.01463002, ...,  0.93894279,
          0.95171364,  0.97667236],
        [-0.00733752,  0.        ,  0.00729289, ...,  0.93639286,
          0.94943549,  0.97507045],
        [-0.01463002, -0.00729289,  0.        , ...,  0.93380849,
          0.94712055,  0.97342626],
        ...,
        [-0.93894279, -0.93639286, -0.93380849, ...,  0.        ,
          0.03921584,  0.13442307],
        [-0.95171364, -0.94943549, -0.94712055, ..., -0.03921584,
          0.        ,  0.09545975],
        [-0.97667236, -0.97507045, -0.97342626, ..., -0.13442307,
         -0.09545975,  0.        ]],

       ...,

       [[ 0.        ,  0.06720048, -0.32240293, ...,  0.7265398 ,
          0.86796302,  0.99563492],
        [-0.06720048,  0.        , -0.38528628, ...,  0.67872236,
          0.83262729,  0.98711223],
        [ 0.32240293,  0.38528628,  0.        , ...,  0.90927533,
          0.98173058,  0.97256147],
        ...,
        [-0.7265398 , -0.67872236, -0.90927533, ...,  0.        ,
          0.23557795,  0.61631465],
        [-0.86796302, -0.83262729, -0.98173058, ..., -0.23557795,
          0.        ,  0.41345112],
        [-0.99563492, -0.98711223, -0.97256147, ..., -0.61631465,
         -0.41345112,  0.        ]],

       [[ 0.        , -0.00228045, -0.2075626 , ...,  0.93800467,
          0.92896397,  0.97641024],
        [ 0.00228045,  0.        , -0.20533127, ...,  0.93879269,
          0.92980571,  0.9769001 ],
        [ 0.2075626 ,  0.20533127,  0.        , ...,  0.98952245,
          0.98556623,  0.99996341],
        ...,
        [-0.93800467, -0.93879269, -0.98952245, ...,  0.        ,
         -0.0252214 ,  0.13590842],
        [-0.92896397, -0.92980571, -0.98556623, ...,  0.0252214 ,
          0.        ,  0.16085257],
        [-0.97641024, -0.9769001 , -0.99996341, ..., -0.13590842,
         -0.16085257,  0.        ]],

       [[ 0.        ,  0.01094461, -0.02293497, ...,  0.69267873,
          0.70135381,  0.66517584],
        [-0.01094461,  0.        , -0.03387533, ...,  0.68474349,
          0.69351034,  0.65696381],
        [ 0.02293497,  0.03387533,  0.        , ...,  0.70903829,
          0.71751767,  0.68212611],
        ...,
        [-0.69267873, -0.68474349, -0.70903829, ...,  0.        ,
          0.01209818, -0.03745844],
        [-0.70135381, -0.69351034, -0.71751767, ..., -0.01209818,
          0.        , -0.04954539],
        [-0.66517584, -0.65696381, -0.68212611, ...,  0.03745844,
          0.04954539,  0.        ]]]), 'num': array([ 8.45509805e-01,  5.33959526e-01,  1.70899769e-05,  1.75521284e-04,
        1.76965507e-04,  1.71862584e-04,  4.04844703e-04, -1.92563120e-07,
        1.72209198e-04,  1.64896613e-04,  1.65256065e-04,  7.58382149e-07,
        1.77069935e-04,  1.52723292e-04])}
{'img': array([[[ 0.        , -0.1301153 , -0.39457418, ...,  0.81112445,
          0.93745498,  0.93325951],
        [ 0.1301153 ,  0.        , -0.27166157, ...,  0.88032998,
          0.97477954,  0.97206354],
        [ 0.39457418,  0.27166157,  0.        , ...,  0.97608915,
          0.99874757,  0.99927082],
        ...,
        [-0.81112445, -0.88032998, -0.97608915, ...,  0.        ,
          0.26593495,  0.25448064],
        [-0.93745498, -0.97477954, -0.99874757, ..., -0.26593495,
          0.        , -0.01186276],
        [-0.93325951, -0.97206354, -0.99927082, ..., -0.25448064,
          0.01186276,  0.        ]],

       [[ 0.        ,  0.24574657,  0.35647938, ...,  0.05328771,
          0.26852591,  0.1218073 ],
        [-0.24574657,  0.        ,  0.11594582, ..., -0.19374382,
          0.02357042, -0.12584471],
        [-0.35647938, -0.11594582,  0.        , ..., -0.30618602,
         -0.09250216, -0.24002001],
        ...,
        [-0.05328771,  0.19374382,  0.30618602, ...,  0.        ,
          0.2168138 ,  0.06874332],
        [-0.26852591, -0.02357042,  0.09250216, ..., -0.2168138 ,
          0.        , -0.14919278],
        [-0.1218073 ,  0.12584471,  0.24002001, ..., -0.06874332,
          0.14919278,  0.        ]],

       [[ 0.        ,  0.00729289, -0.1152864 , ...,  0.94943549,
          0.97507045,  0.98928985],
        [-0.00729289,  0.        , -0.1225276 , ...,  0.94712055,
          0.97342626,  0.98819904],
        [ 0.1152864 ,  0.1225276 ,  0.        , ...,  0.97930051,
          0.9941505 ,  0.99952126],
        ...,
        [-0.94943549, -0.94712055, -0.97930051, ...,  0.        ,
          0.09545975,  0.17201583],
        [-0.97507045, -0.97342626, -0.9941505 , ..., -0.09545975,
          0.        ,  0.07719344],
        [-0.98928985, -0.98819904, -0.99952126, ..., -0.17201583,
         -0.07719344,  0.        ]],

       ...,

       [[ 0.        , -0.38528628, -0.69044999, ...,  0.83262729,
          0.98711223,  0.82513694],
        [ 0.38528628,  0.        , -0.35843681, ...,  0.98173058,
          0.97256147,  0.97909482],
        [ 0.69044999,  0.35843681,  0.        , ...,  0.98470053,
          0.82454974,  0.98694549],
        ...,
        [-0.83262729, -0.98173058, -0.98470053, ...,  0.        ,
          0.41345112, -0.01338977],
        [-0.98711223, -0.97256147, -0.82454974, ..., -0.41345112,
          0.        , -0.42560579],
        [-0.82513694, -0.97909482, -0.98694549, ...,  0.01338977,
          0.42560579,  0.        ]],

       [[ 0.        , -0.20533127, -0.03926211, ...,  0.92980571,
          0.9769001 ,  0.99676504],
        [ 0.20533127,  0.        ,  0.16674742, ...,  0.98556623,
          0.99996341,  0.99202912],
        [ 0.03926211, -0.16674742,  0.        , ...,  0.94353923,
          0.98453703,  0.99915201],
        ...,
        [-0.92980571, -0.98556623, -0.94353923, ...,  0.        ,
          0.16085257,  0.29213095],
        [-0.9769001 , -0.99996341, -0.98453703, ..., -0.16085257,
          0.        ,  0.13449104],
        [-0.99676504, -0.99202912, -0.99915201, ..., -0.29213095,
         -0.13449104,  0.        ]],

       [[ 0.        , -0.03387533, -0.11482268, ...,  0.69351034,
          0.65696381,  0.63675152],
        [ 0.03387533,  0.        , -0.08110551, ...,  0.71751767,
          0.68212611,  0.66250629],
        [ 0.11482268,  0.08110551,  0.        , ...,  0.77164708,
          0.73918601,  0.72107627],
        ...,
        [-0.69351034, -0.71751767, -0.77164708, ...,  0.        ,
         -0.04954539, -0.07599885],
        [-0.65696381, -0.68212611, -0.73918601, ...,  0.04954539,
          0.        , -0.02650341],
        [-0.63675152, -0.66250629, -0.72107627, ...,  0.07599885,
          0.02650341,  0.        ]]]), 'num': array([7.20642260e-01, 6.93306925e-01, 1.48561599e-06, 1.51023946e-04,
       1.52665511e-04, 1.48807834e-04, 2.65367130e-04, 1.39532994e-06,
       1.48446689e-04, 1.41207389e-04, 1.41247061e-04, 6.50586651e-07,
       1.52472207e-04, 1.29942572e-04])}
{'img': array([[[ 0.        , -0.27166157, -0.81619412, ...,  0.97477954,
          0.97206354,  0.99135571],
        [ 0.27166157,  0.        , -0.62853936, ...,  0.99874757,
          0.99927082,  0.98971607],
        [ 0.81619412,  0.62853936,  0.        , ...,  0.74535599,
          0.75321205,  0.67986927],
        ...,
        [-0.97477954, -0.99874757, -0.74535599, ...,  0.        ,
         -0.01186276,  0.09334822],
        [-0.97206354, -0.99927082, -0.75321205, ...,  0.01186276,
          0.        ,  0.10515261],
        [-0.99135571, -0.98971607, -0.67986927, ..., -0.09334822,
         -0.10515261,  0.        ]],

       [[ 0.        ,  0.11594582,  0.2048274 , ...,  0.02357042,
         -0.12584471, -0.18925718],
        [-0.11594582,  0.        ,  0.0899584 , ..., -0.09250216,
         -0.24002001, -0.30183114],
        [-0.2048274 , -0.0899584 ,  0.        , ..., -0.18169981,
         -0.32637558, -0.38637024],
        ...,
        [-0.02357042,  0.09250216,  0.18169981, ...,  0.        ,
         -0.14919278, -0.21234905],
        [ 0.12584471,  0.24002001,  0.32637558, ...,  0.14919278,
          0.        , -0.06418219],
        [ 0.18925718,  0.30183114,  0.38637024, ...,  0.21234905,
          0.06418219,  0.        ]],

       [[ 0.        , -0.1225276 , -0.28010608, ...,  0.97342626,
          0.98819904,  0.9999548 ],
        [ 0.1225276 ,  0.        , -0.1603728 , ...,  0.9941505 ,
          0.99952126,  0.99125525],
        [ 0.28010608,  0.1603728 ,  0.        , ...,  0.99860357,
          0.99154582,  0.95726242],
        ...,
        [-0.97342626, -0.9941505 , -0.99860357, ...,  0.        ,
          0.07719344,  0.23824567],
        [-0.98819904, -0.99952126, -0.99154582, ..., -0.07719344,
          0.        ,  0.16256414],
        [-0.9999548 , -0.99125525, -0.95726242, ..., -0.23824567,
         -0.16256414,  0.        ]],

       ...,

       [[ 0.        , -0.35843681, -0.49186769, ...,  0.97256147,
          0.97909482,  0.98610565],
        [ 0.35843681,  0.        , -0.14710488, ...,  0.82454974,
          0.98694549,  0.98012617],
        [ 0.49186769,  0.14710488,  0.        , ...,  0.73234898,
          0.95251648,  0.94028133],
        ...,
        [-0.97256147, -0.82454974, -0.73234898, ...,  0.        ,
         -0.42560579, -0.39097491],
        [-0.97909482, -0.98694549, -0.95251648, ...,  0.42560579,
          0.        ,  0.03793155],
        [-0.98610565, -0.98012617, -0.94028133, ...,  0.39097491,
         -0.03793155,  0.        ]],

       [[ 0.        ,  0.16674742,  0.29624276, ...,  0.99996341,
          0.99202912,  0.96203201],
        [-0.16674742,  0.        ,  0.13283269, ...,  0.98453703,
          0.99915201,  0.9940747 ],
        [-0.29624276, -0.13283269,  0.        , ...,  0.95254336,
          0.98482879,  0.99970447],
        ...,
        [-0.99996341, -0.98453703, -0.95254336, ...,  0.        ,
          0.13449104,  0.28115688],
        [-0.99202912, -0.99915201, -0.98482879, ..., -0.13449104,
          0.        ,  0.1495366 ],
