state_0,state_1,state_2,state_3,state_4,state_5,state_6,state_7,state_8,state_9,state_10,state_11,state_12,state_13,state_14,state_15,state_16,state_17,state_18,state_19,state_20,state_21,state_22,state_23,state_24,state_25,state_26,state_27,state_28,state_29,state_30,state_31,state_32,state_33,state_34,state_35,state_36,state_37,state_38,state_39,state_40,state_41,state_42,state_43,state_44,state_45,state_46,state_47,state_48,state_49,state_50,state_51,state_52,state_53,state_54,state_55,state_56,state_57,state_58,state_59,state_60,state_61,state_62,state_63,state_64,state_65,state_66,state_67,state_68,state_69,state_70,state_71,state_72,state_73,state_74,state_75,state_76,state_77,state_78,state_79,state_80,state_81,state_82,state_83,state_84,state_85,state_86,state_87,state_88,state_89,state_90,state_91,state_92,state_93,state_94,state_95,state_96,state_97,state_98,state_99,state_100,state_101,state_102,state_103,state_104,state_105,state_106,state_107,state_108,state_109,state_110,state_111,state_112,state_113,state_114,state_115,state_116,state_117,state_118,state_119,state_120,state_121,state_122,state_123,state_124,state_125,state_126,state_127,state_128,state_129,state_130,state_131,state_132,state_133,state_134,state_135,state_136,state_137,state_138,state_139,state_140,state_141,state_142,state_143,state_144,state_145,state_146,state_147,state_148,state_149,state_150,state_151,state_152,state_153,state_154,state_155,state_156,state_157,state_158,state_159,state_160,state_161,state_162,state_163,state_164,state_165,state_166,state_167,state_168,state_169,state_170,state_171,state_172,state_173,state_174,state_175,state_176,state_177,state_178,state_179,state_180,state_181,state_182,state_183,state_184,state_185,state_186,state_187,state_188,state_189,state_190,state_191,state_192,state_193,state_194,state_195,state_196,state_197,state_198,state_199,state_200,state_201,state_202,state_203,state_204,state_205,state_206,state_207,state_208,state_209,state_210,state_211,state_212,state_213,state_214,state_215,state_216,state_217,state_218,state_219,state_220,state_221,state_222,state_223,state_224,state_225,state_226,state_227,state_228,state_229,state_230,state_231,state_232,state_233,state_234,state_235,state_236,state_237,state_238,state_239,state_240,state_241,state_242,state_243,state_244,state_245,state_246,state_247,state_248,state_249,state_250,state_251,state_252,state_253,state_254,state_255,state_256,state_257,state_258,state_259,state_260,state_261,state_262,state_263,state_264,state_265,state_266,state_267,state_268,state_269,state_270,state_271,state_272,state_273,state_274,state_275,state_276,state_277,state_278,state_279,state_280,state_281,state_282,state_283,state_284,state_285,state_286,state_287
{'img': array([[[ 0.        ,  0.54613569,  0.18413511, ...,  0.1238072 ,
          0.17215131,  0.40417435],
        [-0.54613569,  0.        , -0.3825479 , ..., -0.438221  ,
         -0.39377158, -0.16096494],
        [-0.18413511,  0.3825479 ,  0.        , ..., -0.06102822,
         -0.01217838,  0.22883828],
        ...,
        [-0.1238072 ,  0.438221  ,  0.06102822, ...,  0.        ,
          0.04886801,  0.28782054],
        [-0.17215131,  0.39377158,  0.01217838, ..., -0.04886801,
          0.        ,  0.24067653],
        [-0.40417435,  0.16096494, -0.22883828, ..., -0.28782054,
         -0.24067653,  0.        ]],

       [[ 0.        ,  0.52337271,  0.98860651, ..., -0.82439021,
         -0.95046029, -0.85701178],
        [-0.52337271,  0.        ,  0.76361581, ..., -0.9987065 ,
         -0.97257921, -0.99995535],
        [-0.98860651, -0.76361581,  0.        , ..., -0.6836626 ,
         -0.4503705 , -0.63842576],
        ...,
        [ 0.82439021,  0.9987065 ,  0.6836626 , ...,  0.        ,
         -0.28172293, -0.06028177],
        [ 0.95046029,  0.97257921,  0.4503705 , ...,  0.28172293,
          0.        ,  0.22337048],
        [ 0.85701178,  0.99995535,  0.63842576, ...,  0.06028177,
         -0.22337048,  0.        ]],

       [[ 0.        ,  0.56008714,  0.72819549, ...,  0.99298734,
          0.94636087,  0.94158548],
        [-0.56008714,  0.        ,  0.21939505, ...,  0.75641024,
          0.60302658,  0.5914183 ],
        [-0.72819549, -0.21939505,  0.        , ...,  0.59447539,
          0.41331844,  0.40009657],
        ...,
        [-0.99298734, -0.75641024, -0.59447539, ...,  0.        ,
         -0.20896622, -0.22309746],
        [-0.94636087, -0.60302658, -0.41331844, ...,  0.20896622,
          0.        , -0.01447263],
        [-0.94158548, -0.5914183 , -0.40009657, ...,  0.22309746,
          0.01447263,  0.        ]],

       ...,

       [[ 0.        ,  0.74001175, -0.16503553, ..., -0.75227962,
         -0.73439797, -0.66837036],
        [-0.74001175,  0.        , -0.84086632, ..., -0.99353099,
         -0.99621174, -0.9999838 ],
        [ 0.16503553,  0.84086632,  0.        , ..., -0.63323141,
         -0.61231486, -0.53644725],
        ...,
        [ 0.75227962,  0.99353099,  0.63323141, ...,  0.        ,
          0.02673287,  0.11921536],
        [ 0.73439797,  0.99621174,  0.61231486, ..., -0.02673287,
          0.        ,  0.09263053],
        [ 0.66837036,  0.9999838 ,  0.53644725, ..., -0.11921536,
         -0.09263053,  0.        ]],

       [[ 0.        ,  0.87028806,  0.96611167, ...,  0.21865808,
          0.21334336,  0.        ],
        [-0.87028806,  0.        ,  0.25120898, ...,  0.95692695,
          0.95533246,  0.87028806],
        [-0.96611167, -0.25120898,  0.        , ...,  0.99917426,
          0.9989383 ,  0.96611167],
        ...,
        [-0.21865808, -0.95692695, -0.99917426, ...,  0.        ,
          0.0054432 ,  0.21865808],
        [-0.21334336, -0.95533246, -0.9989383 , ..., -0.0054432 ,
          0.        ,  0.21334336],
        [-0.        , -0.87028806, -0.96611167, ..., -0.21865808,
         -0.21334336,  0.        ]],

       [[ 0.        , -0.34678889, -0.44880327, ...,  0.9259299 ,
          0.94619208,  0.9677032 ],
        [ 0.34678889,  0.        , -0.11105082, ...,  0.99945023,
          0.99969724,  0.99507345],
        [ 0.44880327,  0.11105082,  0.        , ...,  0.99695021,
          0.99078141,  0.97790902],
        ...,
        [-0.9259299 , -0.99945023, -0.99695021, ...,  0.        ,
          0.05773635,  0.13207725],
        [-0.94619208, -0.99969724, -0.99078141, ..., -0.05773635,
          0.        ,  0.07462638],
        [-0.9677032 , -0.99507345, -0.97790902, ..., -0.13207725,
         -0.07462638,  0.        ]]]), 'num': array([ 7.05376189e-01,  7.05376189e-01,  0.00000000e+00,  1.22287180e-03,
        1.24759293e-03,  1.21298335e-03,  6.98346489e-02, -2.80172785e-05,
        1.22089411e-03,  1.22831045e-03,  1.19158584e-03,  1.83377382e-06,
        1.34063666e-03,  1.11598424e-03])}
{'img': array([[[ 0.        , -0.3825479 , -0.13671254, ..., -0.39377158,
         -0.16096494, -0.35996816],
        [ 0.3825479 ,  0.        ,  0.25264248, ..., -0.01217838,
          0.22883828,  0.02431623],
        [ 0.13671254, -0.25264248,  0.        , ..., -0.26440706,
         -0.02452377, -0.22904037],
        ...,
        [ 0.39377158,  0.01217838,  0.26440706, ...,  0.        ,
          0.24067653,  0.03648921],
        [ 0.16096494, -0.22883828,  0.02452377, ..., -0.24067653,
          0.        , -0.20509963],
        [ 0.35996816, -0.02431623,  0.22904037, ..., -0.03648921,
          0.20509963,  0.        ]],

       [[ 0.        ,  0.76361581, -0.92098007, ..., -0.97257921,
         -0.99995535, -0.9637099 ],
        [-0.76361581,  0.        , -0.89216214, ..., -0.4503705 ,
         -0.63842576, -0.82608798],
        [ 0.92098007,  0.89216214,  0.        , ..., -0.59312036,
         -0.3982957 , -0.12961351],
        ...,
        [ 0.97257921,  0.4503705 ,  0.59312036, ...,  0.        ,
          0.22337048,  0.48376352],
        [ 0.99995535,  0.63842576,  0.3982957 , ..., -0.22337048,
          0.        ,  0.276047  ],
        [ 0.9637099 ,  0.82608798,  0.12961351, ..., -0.48376352,
         -0.276047  ,  0.        ]],

       [[ 0.        ,  0.21939505,  0.49474128, ...,  0.60302658,
          0.5914183 ,  0.53786714],
        [-0.21939505,  0.        ,  0.29202432, ...,  0.41331844,
          0.40009657,  0.33980608],
        [-0.49474128, -0.29202432,  0.        , ...,  0.12938885,
          0.11502432,  0.05034668],
        ...,
        [-0.60302658, -0.41331844, -0.12938885, ...,  0.        ,
         -0.01447263, -0.0793013 ],
        [-0.5914183 , -0.40009657, -0.11502432, ...,  0.01447263,
          0.        , -0.06486594],
        [-0.53786714, -0.33980608, -0.05034668, ...,  0.0793013 ,
          0.06486594,  0.        ]],

       ...,

       [[ 0.        , -0.84086632, -0.68687597, ..., -0.99621174,
         -0.9999838 , -0.99159652],
        [ 0.84086632,  0.        ,  0.23935362, ..., -0.61231486,
         -0.53644725, -0.64547656],
        [ 0.68687597, -0.23935362,  0.        , ..., -0.7837527 ,
         -0.72285268, -0.80952767],
        ...,
        [ 0.99621174,  0.61231486,  0.7837527 , ...,  0.        ,
          0.09263053, -0.04264891],
        [ 0.9999838 ,  0.53644725,  0.72285268, ..., -0.09263053,
          0.        , -0.13501179],
        [ 0.99159652,  0.64547656,  0.80952767, ...,  0.04264891,
          0.13501179,  0.        ]],

       [[ 0.        ,  0.36335986,  0.67586065, ...,  0.79062534,
          0.65835264,  0.62278819],
        [-0.36335986,  0.        ,  0.3618579 , ...,  0.95907053,
          0.88685796,  0.86450921],
        [-0.67586065, -0.3618579 ,  0.        , ...,  0.99654378,
          0.9939521 ,  0.98780017],
        ...,
        [-0.79062534, -0.95907053, -0.99654378, ...,  0.        ,
          0.19200184,  0.23724439],
        [-0.65835264, -0.88685796, -0.9939521 , ..., -0.19200184,
          0.        ,  0.04631017],
        [-0.62278819, -0.86450921, -0.98780017, ..., -0.23724439,
         -0.04631017,  0.        ]],

       [[ 0.        , -0.11105082, -0.32883382, ...,  0.99969724,
          0.99507345,  0.9876108 ],
        [ 0.11105082,  0.        , -0.22192485, ...,  0.99078141,
          0.97790902,  0.9640757 ],
        [ 0.32883382,  0.22192485,  0.        , ...,  0.93601084,
          0.90713449,  0.88108591],
        ...,
        [-0.99969724, -0.99078141, -0.93601084, ...,  0.        ,
          0.07462638,  0.13257533],
        [-0.99507345, -0.97790902, -0.90713449, ..., -0.07462638,
          0.        ,  0.05823801],
        [-0.9876108 , -0.9640757 , -0.88108591, ..., -0.13257533,
         -0.05823801,  0.        ]]]), 'num': array([ 7.06214750e-01,  7.06214750e-01,  0.00000000e+00,  1.21937547e-03,
        1.22102550e-03,  1.20452516e-03,  5.00952113e-02, -4.95010339e-06,
        1.22564560e-03,  1.23100821e-03,  1.19209490e-03,  1.69965956e-06,
        1.34243368e-03,  1.11958274e-03])}
{'img': array([[[ 0.        ,  0.25264248,  0.28824419, ...,  0.22883828,
          0.02431623, -0.01217838],
        [-0.25264248,  0.        ,  0.03697391, ..., -0.02452377,
         -0.22904037, -0.26440706],
        [-0.28824419, -0.03697391,  0.        , ..., -0.06146979,
         -0.26487479, -0.29988431],
        ...,
        [-0.22883828,  0.02452377,  0.06146979, ...,  0.        ,
         -0.20509963, -0.24067653],
        [-0.02431623,  0.22904037,  0.26487479, ...,  0.20509963,
          0.        , -0.03648921],
        [ 0.01217838,  0.26440706,  0.29988431, ...,  0.24067653,
          0.03648921,  0.        ]],

       [[ 0.        , -0.89216214, -0.9575386 , ..., -0.63842576,
         -0.82608798, -0.60988665],
        [ 0.89216214,  0.        ,  0.17531995, ..., -0.3982957 ,
         -0.12961351, -0.43153324],
        [ 0.9575386 , -0.17531995,  0.        , ..., -0.55294016,
         -0.30144704, -0.58300505],
        ...,
        [ 0.63842576,  0.3982957 ,  0.55294016, ...,  0.        ,
          0.276047  , -0.03652554],
        [ 0.82608798,  0.12961351,  0.30144704, ..., -0.276047  ,
          0.        , -0.31096912],
        [ 0.60988665,  0.43153324,  0.58300505, ...,  0.03652554,
          0.31096912,  0.        ]],

       [[ 0.        ,  0.29202432,  0.5293577 , ...,  0.40009657,
          0.33980608,  0.37346025],
        [-0.29202432,  0.        ,  0.25853041, ...,  0.11502432,
          0.05034668,  0.0862862 ],
        [-0.5293577 , -0.25853041,  0.        , ..., -0.1457006 ,
         -0.20956749, -0.17421345],
        ...,
        [-0.40009657, -0.11502432,  0.1457006 , ...,  0.        ,
         -0.06486594, -0.02888183],
        [-0.33980608, -0.05034668,  0.20956749, ...,  0.06486594,
          0.        ,  0.03601787],
        [-0.37346025, -0.0862862 ,  0.17421345, ...,  0.02888183,
         -0.03601787,  0.        ]],

       ...,

       [[ 0.        ,  0.24722694,  0.16630414, ..., -0.54454579,
         -0.65391187, -0.7678488 ],
        [-0.24722694,  0.        , -0.08264252, ..., -0.73499871,
         -0.82065754, -0.9023942 ],
        [-0.16630414,  0.08264252,  0.        , ..., -0.67644718,
         -0.77062667, -0.86369573],
        ...,
        [ 0.54454579,  0.73499871,  0.67644718, ...,  0.        ,
         -0.13646883, -0.29516571],
        [ 0.65391187,  0.82065754,  0.77062667, ...,  0.13646883,
          0.        , -0.16201564],
        [ 0.7678488 ,  0.9023942 ,  0.86369573, ...,  0.29516571,
          0.16201564,  0.        ]],

       [[ 0.        ,  0.3615104 ,  0.63495531, ...,  0.90437983,
          0.89856245,  0.86412297],
        [-0.3615104 ,  0.        ,  0.31272762, ...,  0.99748164,
          0.99643822,  0.98762189],
        [-0.63495531, -0.31272762,  0.        , ...,  0.96963107,
          0.97283079,  0.98713799],
        ...,
        [-0.90437983, -0.99748164, -0.96963107, ...,  0.        ,
          0.01344106,  0.08641114],
        [-0.89856245, -0.99643822, -0.97283079, ..., -0.01344106,
          0.        ,  0.07301255],
        [-0.86412297, -0.98762189, -0.98713799, ..., -0.08641114,
         -0.07301255,  0.        ]],

       [[ 0.        , -0.22192485, -0.48362185, ...,  0.97790902,
          0.9640757 ,  0.955545  ],
        [ 0.22192485,  0.        , -0.27731642, ...,  0.90713449,
          0.88108591,  0.86628382],
        [ 0.48362185,  0.27731642,  0.        , ...,  0.75484938,
          0.71536999,  0.69377298],
        ...,
        [-0.97790902, -0.90713449, -0.75484938, ...,  0.        ,
          0.05823801,  0.08859338],
        [-0.9640757 , -0.88108591, -0.71536999, ..., -0.05823801,
          0.        ,  0.030434  ],
        [-0.955545  , -0.86628382, -0.69377298, ..., -0.08859338,
         -0.030434  ,  0.        ]]]), 'num': array([7.03434705e-01, 7.03434705e-01, 0.00000000e+00, 1.24908966e-03,
       1.27538629e-03, 1.22279304e-03, 1.01720537e-01, 3.45143196e-05,
       1.22903849e-03, 1.22953155e-03, 1.18795001e-03, 1.86149940e-06,
       1.33899618e-03, 1.12006691e-03])}
{'img': array([[[ 0.        ,  0.03697391,  0.11161797, ..., -0.22904037,
         -0.26440706, -0.01227433],
        [-0.03697391,  0.        ,  0.07479879, ..., -0.26487479,
         -0.29988431, -0.04923706],
        [-0.11161797, -0.07479879,  0.        , ..., -0.33625996,
         -0.37040044, -0.1238072 ],
        ...,
        [ 0.22904037,  0.26487479,  0.33625996, ...,  0.        ,
         -0.03648921,  0.21707507],
        [ 0.26440706,  0.29988431,  0.37040044, ...,  0.03648921,
          0.        ,  0.25254963],
        [ 0.01227433,  0.04923706,  0.1238072 , ..., -0.21707507,
         -0.25254963,  0.        ]],

       [[ 0.        ,  0.21411428,  0.0555758 , ..., -0.15499099,
         -0.50210773,  0.33458074],
        [-0.21411428,  0.        , -0.15949644, ..., -0.36292343,
         -0.67563028,  0.1250471 ],
        [-0.0555758 ,  0.15949644,  0.        , ..., -0.20965566,
         -0.54939394,  0.28169083],
        ...,
        [ 0.15499099,  0.36292343,  0.20965566, ...,  0.        ,
         -0.36200321,  0.47659603],
        [ 0.50210773,  0.67563028,  0.54939394, ...,  0.36200321,
          0.        ,  0.76251692],
        [-0.33458074, -0.1250471 , -0.28169083, ..., -0.47659603,
         -0.76251692,  0.        ]],

       [[ 0.        ,  0.25853041,  0.41957896, ...,  0.05034668,
          0.0862862 ,  0.17605248],
        [-0.25853041,  0.        ,  0.17064166, ..., -0.20956749,
         -0.17421345, -0.08442512],
        [-0.41957896, -0.17064166,  0.        , ..., -0.37334622,
         -0.33969048, -0.25321931],
        ...,
        [-0.05034668,  0.20956749,  0.37334622, ...,  0.        ,
          0.03601787,  0.12626891],
        [-0.0862862 ,  0.17421345,  0.33969048, ..., -0.03601787,
          0.        ,  0.09045739],
        [-0.17605248,  0.08442512,  0.25321931, ..., -0.12626891,
         -0.09045739,  0.        ]],

       ...,

       [[ 0.        , -0.08264252, -0.06164136, ..., -0.82065754,
         -0.9023942 , -0.79796596],
        [ 0.08264252,  0.        ,  0.02105486, ..., -0.77062667,
         -0.86369573, -0.74542747],
        [ 0.06164136, -0.02105486,  0.        , ..., -0.78387382,
         -0.87411621, -0.75929712],
        ...,
        [ 0.82065754,  0.77062667,  0.78387382, ...,  0.        ,
         -0.16201564,  0.03863839],
        [ 0.9023942 ,  0.86369573,  0.87411621, ...,  0.16201564,
          0.        ,  0.20002256],
        [ 0.79796596,  0.74542747,  0.75929712, ..., -0.03863839,
         -0.20002256,  0.        ]],

       [[ 0.        ,  0.30907777,  0.58138699, ...,  0.99796586,
          0.99864778,  0.9859577 ],
        [-0.30907777,  0.        ,  0.30144634, ...,  0.9293983 ,
          0.93368282,  0.98929655],
        [-0.58138699, -0.30144634,  0.        , ...,  0.77490831,
          0.78230257,  0.89929084],
        ...,
        [-0.99796586, -0.9293983 , -0.77490831, ...,  0.        ,
          0.01178352,  0.22951106],
        [-0.99864778, -0.93368282, -0.78230257, ..., -0.01178352,
          0.        ,  0.21802615],
        [-0.9859577 , -0.98929655, -0.89929084, ..., -0.22951106,
         -0.21802615,  0.        ]],

       [[ 0.        , -0.27731642, -0.18552548, ...,  0.88108591,
          0.86628382,  0.82956876],
        [ 0.27731642,  0.        ,  0.09425313, ...,  0.71536999,
          0.69377298,  0.64217719],
        [ 0.18552548, -0.09425313,  0.        , ...,  0.77804434,
          0.75856501,  0.71156871],
        ...,
        [-0.88108591, -0.71536999, -0.77804434, ...,  0.        ,
          0.030434  ,  0.09965267],
        [-0.86628382, -0.69377298, -0.75856501, ..., -0.030434  ,
          0.        ,  0.069324  ],
        [-0.82956876, -0.64217719, -0.71156871, ..., -0.09965267,
         -0.069324  ,  0.        ]]]), 'num': array([ 7.02489848e-01,  7.02489848e-01,  0.00000000e+00,  1.20966126e-03,
        1.25725987e-03,  1.20966126e-03,  1.14035275e-01, -3.77506227e-05,
        1.22673110e-03,  1.23050617e-03,  1.18569782e-03,  1.60640947e-06,
        1.33533110e-03,  1.12568123e-03])}
{'img': array([[[ 0.        ,  0.07479879, -0.15825284, ..., -0.29988431,
         -0.04923706, -0.32307485],
        [-0.07479879,  0.        , -0.23166573, ..., -0.37040044,
         -0.1238072 , -0.39295738],
        [ 0.15825284,  0.23166573,  0.        , ..., -0.14513601,
          0.10944429, -0.16923738],
        ...,
        [ 0.29988431,  0.37040044,  0.14513601, ...,  0.        ,
          0.25254963, -0.02440297],
        [ 0.04923706,  0.1238072 , -0.10944429, ..., -0.25254963,
          0.        , -0.27608635],
        [ 0.32307485,  0.39295738,  0.16923738, ...,  0.02440297,
          0.27608635,  0.        ]],

       [[ 0.        , -0.15949644, -0.04560377, ..., -0.67563028,
          0.1250471 ,  0.30963064],
        [ 0.15949644,  0.        ,  0.11431053, ..., -0.54939394,
          0.28169083,  0.4573252 ],
        [ 0.04560377, -0.11431053,  0.        , ..., -0.6413064 ,
          0.17016282,  0.35267116],
        ...,
        [ 0.67563028,  0.54939394,  0.6413064 , ...,  0.        ,
          0.76251692,  0.8707    ],
        [-0.1250471 , -0.28169083, -0.17016282, ..., -0.76251692,
          0.        ,  0.18829839],
        [-0.30963064, -0.4573252 , -0.35267116, ..., -0.8707    ,
         -0.18829839,  0.        ]],

       [[ 0.        ,  0.17064166,  0.09006072, ..., -0.17421345,
         -0.08442512, -0.0916829 ],
        [-0.17064166,  0.        , -0.08120841, ..., -0.33969048,
         -0.25321931, -0.26026116],
        [-0.09006072,  0.08120841,  0.        , ..., -0.26218899,
         -0.17382122, -0.18099173],
        ...,
        [ 0.17421345,  0.33969048,  0.26218899, ...,  0.        ,
          0.09045739,  0.08319883],
        [ 0.08442512,  0.25321931,  0.17382122, ..., -0.09045739,
          0.        , -0.00728604],
        [ 0.0916829 ,  0.26026116,  0.18099173, ..., -0.08319883,
          0.00728604,  0.        ]],

       ...,

       [[ 0.        ,  0.02105486, -0.2386269 , ..., -0.86369573,
         -0.74542747, -0.91171934],
        [-0.02105486,  0.        , -0.25902062, ..., -0.87411621,
         -0.75929712, -0.92016685],
        [ 0.2386269 ,  0.25902062,  0.        , ..., -0.71847351,
         -0.56482753, -0.78734978],
        ...,
        [ 0.86369573,  0.87411621,  0.71847351, ...,  0.        ,
          0.20002256, -0.10470092],
        [ 0.74542747,  0.75929712,  0.56482753, ..., -0.20002256,
          0.        , -0.30150824],
        [ 0.91171934,  0.92016685,  0.78734978, ...,  0.10470092,
          0.30150824,  0.        ]],

       [[ 0.        ,  0.30144634,  0.48583758, ...,  0.93368282,
          0.98929655,  0.93321289],
        [-0.30144634,  0.        ,  0.19975904, ...,  0.78230257,
          0.89929084,  0.78148587],
        [-0.48583758, -0.19975904,  0.        , ...,  0.64210566,
          0.79380085,  0.64110081],
        ...,
        [-0.93368282, -0.78230257, -0.64210566, ...,  0.        ,
          0.21802615, -0.00131005],
        [-0.98929655, -0.89929084, -0.79380085, ..., -0.21802615,
          0.        , -0.2193045 ],
        [-0.93321289, -0.78148587, -0.64110081, ...,  0.00131005,
          0.2193045 ,  0.        ]],

       [[ 0.        ,  0.09425313,  0.36803467, ...,  0.69377298,
          0.64217719,  0.55158203],
        [-0.09425313,  0.        ,  0.27875857, ...,  0.75856501,
          0.71156871,  0.62774502],
        [-0.36803467, -0.27875857,  0.        , ...,  0.91013476,
          0.87922337,  0.81985295],
        ...,
        [-0.69377298, -0.75856501, -0.91013476, ...,  0.        ,
          0.069324  ,  0.18144443],
        [-0.64217719, -0.71156871, -0.87922337, ..., -0.069324  ,
          0.        ,  0.11283461],
        [-0.55158203, -0.62774502, -0.81985295, ..., -0.18144443,
         -0.11283461,  0.        ]]]), 'num': array([7.05926478e-01, 7.05926478e-01, 0.00000000e+00, 1.23372197e-03,
       1.24031942e-03, 1.20568284e-03, 5.76501455e-02, 1.81429702e-05,
       1.22910376e-03, 1.24007201e-03, 1.19105851e-03, 1.47173744e-06,
       1.33987280e-03, 1.14027123e-03])}
{'img': array([[[ 0.        , -0.23166573, -0.50323853, ..., -0.1238072 ,
         -0.39295738, -0.26689141],
        [ 0.23166573,  0.        , -0.28935477, ...,  0.10944429,
         -0.16923738, -0.03636831],
        [ 0.50323853,  0.28935477,  0.        , ...,  0.39237907,
          0.12318319,  0.2543508 ],
        ...,
        [ 0.1238072 , -0.10944429, -0.39237907, ...,  0.        ,
         -0.27608635, -0.14552173],
        [ 0.39295738,  0.16923738, -0.12318319, ...,  0.27608635,
          0.        ,  0.13328171],
        [ 0.26689141,  0.03636831, -0.2543508 , ...,  0.14552173,
         -0.13328171,  0.        ]],

       [[ 0.        ,  0.11431053,  0.79666471, ...,  0.28169083,
          0.4573252 , -0.41462974],
        [-0.11431053,  0.        ,  0.72235089, ...,  0.17016282,
          0.35267116, -0.51593333],
        [-0.79666471, -0.72235089,  0.        , ..., -0.59414396,
         -0.43205638, -0.97556821],
        ...,
        [-0.28169083, -0.17016282,  0.59414396, ...,  0.        ,
          0.18829839, -0.6541753 ],
        [-0.4573252 , -0.35267116,  0.43205638, ..., -0.18829839,
          0.        , -0.78489149],
        [ 0.41462974,  0.51593333,  0.97556821, ...,  0.6541753 ,
          0.78489149,  0.        ]],

       [[ 0.        , -0.08120841, -0.13007937, ..., -0.25321931,
         -0.26026116, -0.29860325],
        [ 0.08120841,  0.        , -0.04913131, ..., -0.17382122,
         -0.18099173, -0.22011354],
        [ 0.13007937,  0.04913131,  0.        , ..., -0.12522791,
         -0.13245326, -0.17192139],
        ...,
        [ 0.25321931,  0.17382122,  0.12522791, ...,  0.        ,
         -0.00728604, -0.04720468],
        [ 0.26026116,  0.18099173,  0.13245326, ...,  0.00728604,
          0.        , -0.03992551],
        [ 0.29860325,  0.22011354,  0.17192139, ...,  0.04720468,
          0.03992551,  0.        ]],

       ...,

       [[ 0.        , -0.25902062, -0.32704479, ..., -0.75929712,
         -0.92016685, -0.9771882 ],
        [ 0.25902062,  0.        , -0.07110656, ..., -0.56482753,
         -0.78734978, -0.88882896],
        [ 0.32704479,  0.07110656,  0.        , ..., -0.50472002,
         -0.74151912, -0.85399529],
        ...,
        [ 0.75929712,  0.56482753,  0.50472002, ...,  0.        ,
         -0.30150824, -0.47464359],
        [ 0.92016685,  0.78734978,  0.74151912, ...,  0.30150824,
          0.        , -0.18717442],
        [ 0.9771882 ,  0.88882896,  0.85399529, ...,  0.47464359,
          0.18717442,  0.        ]],

       [[ 0.        ,  0.19975904,  0.27057083, ...,  0.89929084,
          0.78148587,  0.71735808],
        [-0.19975904,  0.        ,  0.07280944, ...,  0.79380085,
          0.64110081,  0.56372671],
        [-0.27057083, -0.07280944,  0.        , ...,  0.74741291,
          0.58352115,  0.50209272],
        ...,
        [-0.89929084, -0.79380085, -0.74741291, ...,  0.        ,
         -0.2193045 , -0.31280278],
        [-0.78148587, -0.64110081, -0.58352115, ...,  0.2193045 ,
          0.        , -0.09688868],
        [-0.71735808, -0.56372671, -0.50209272, ...,  0.31280278,
          0.09688868,  0.        ]],

       [[ 0.        ,  0.35696658,  0.59126575, ...,  0.64279832,
          0.55214122,  0.39255186],
        [-0.35696658,  0.        ,  0.26442623, ...,  0.87389799,
          0.81338569,  0.69500225],
        [-0.59126575, -0.26442623,  0.        , ...,  0.97133245,
          0.93825726,  0.86038874],
        ...,
        [-0.64279832, -0.87389799, -0.97133245, ...,  0.        ,
          0.11297373,  0.29049217],
        [-0.55214122, -0.81338569, -0.93825726, ..., -0.11297373,
          0.        ,  0.18053043],
        [-0.39255186, -0.69500225, -0.86038874, ..., -0.29049217,
         -0.18053043,  0.        ]]]), 'num': array([7.24609001e-01, 6.87604385e-01, 9.81554797e-07, 1.27602124e-03,
       1.27602124e-03, 1.25402087e-03, 4.61430264e-02, 1.01540151e-05,
       1.26519029e-03, 1.27610585e-03, 1.22164084e-03, 1.31066011e-06,
       1.37321394e-03, 1.17899777e-03])}
{'img': array([[[ 0.        , -0.28935477, -0.69186058, ..., -0.16923738,
         -0.03636831,  0.03642458],
        [ 0.28935477,  0.        , -0.45334096, ...,  0.12318319,
          0.2543508 ,  0.32402917],
        [ 0.69186058,  0.45334096,  0.        , ...,  0.55968605,
          0.66514382,  0.71770114],
        ...,
        [ 0.16923738, -0.12318319, -0.55968605, ...,  0.        ,
          0.13328171,  0.20502424],
        [ 0.03636831, -0.2543508 , -0.66514382, ..., -0.13328171,
          0.        ,  0.07274467],
        [-0.03642458, -0.32402917, -0.71770114, ..., -0.20502424,
         -0.07274467,  0.        ]],

       [[ 0.        ,  0.72235089,  0.50884815, ...,  0.35267116,
         -0.51593333, -0.72851857],
        [-0.72235089,  0.        , -0.26995822, ..., -0.43205638,
         -0.97556821, -0.99861923],
        [-0.50884815,  0.26995822,  0.        , ..., -0.17255411,
         -0.88003841, -0.97572404],
        ...,
        [-0.35267116,  0.43205638,  0.17255411, ...,  0.        ,
         -0.78489149, -0.92329824],
        [ 0.51593333,  0.97556821,  0.88003841, ...,  0.78489149,
          0.        , -0.27064217],
        [ 0.72851857,  0.99861923,  0.97572404, ...,  0.92329824,
          0.27064217,  0.        ]],

       [[ 0.        , -0.04913131, -0.29333728, ..., -0.18099173,
         -0.22011354, -0.1774087 ],
        [ 0.04913131,  0.        , -0.24601305, ..., -0.13245326,
         -0.17192139, -0.1288425 ],
        [ 0.29333728,  0.24601305,  0.        , ...,  0.11546298,
          0.07571243,  0.11907983],
        ...,
        [ 0.18099173,  0.13245326, -0.11546298, ...,  0.        ,
         -0.03992551,  0.00364198],
        [ 0.22011354,  0.17192139, -0.07571243, ...,  0.03992551,
          0.        ,  0.04356432],
        [ 0.1774087 ,  0.1288425 , -0.11907983, ..., -0.00364198,
         -0.04356432,  0.        ]],

       ...,

       [[ 0.        , -0.07110656, -0.40762146, ..., -0.78734978,
         -0.88882896, -0.98553161],
        [ 0.07110656,  0.        , -0.34165863, ..., -0.74151912,
         -0.85399529, -0.97098498],
        [ 0.40762146,  0.34165863,  0.        , ..., -0.46766794,
         -0.62484696, -0.8308507 ],
        ...,
        [ 0.78734978,  0.74151912,  0.46766794, ...,  0.        ,
         -0.18717442, -0.4741374 ],
        [ 0.88882896,  0.85399529,  0.62484696, ...,  0.18717442,
          0.        , -0.30095995],
        [ 0.98553161,  0.97098498,  0.8308507 , ...,  0.4741374 ,
          0.30095995,  0.        ]],

       [[ 0.        ,  0.07280944,  0.0603545 , ...,  0.64110081,
          0.56372671,  0.51460017],
        [-0.07280944,  0.        , -0.01248241, ...,  0.58352115,
          0.50209272,  0.45080533],
        [-0.0603545 ,  0.01248241,  0.        , ...,  0.59361262,
          0.51284856,  0.46191228],
        ...,
        [-0.64110081, -0.58352115, -0.59361262, ...,  0.        ,
         -0.09688868, -0.1547659 ],
        [-0.56372671, -0.50209272, -0.51284856, ...,  0.09688868,
          0.        , -0.05831648],
        [-0.51460017, -0.45080533, -0.46191228, ...,  0.1547659 ,
          0.05831648,  0.        ]],

       [[ 0.        ,  0.49619703,  0.65228234, ...,  0.56463245,
          0.40545053,  0.        ],
        [-0.49619703,  0.        ,  0.19021253, ...,  0.89975199,
          0.80559831,  0.49619703],
        [-0.65228234, -0.19021253,  0.        , ...,  0.96633421,
          0.90358417,  0.65228234],
        ...,
        [-0.56463245, -0.89975199, -0.96633421, ...,  0.        ,
          0.18150458,  0.56463245],
        [-0.40545053, -0.80559831, -0.90358417, ..., -0.18150458,
          0.        ,  0.40545053],
        [-0.        , -0.49619703, -0.65228234, ..., -0.56463245,
         -0.40545053,  0.        ]]]), 'num': array([ 7.21795666e-01,  6.90260444e-01,  8.43187755e-07,  1.26140888e-03,
        1.29176364e-03,  1.25803613e-03,  5.03857298e-02, -1.01182531e-05,
        1.26376981e-03,  1.27481557e-03,  1.21725395e-03,  1.05205078e-06,
        1.36558879e-03,  1.18404234e-03])}
{'img': array([[[ 0.        , -0.45334096, -0.96863578, ...,  0.2543508 ,
          0.32402917,  0.2543508 ],
        [ 0.45334096,  0.        , -0.75073273, ...,  0.66514382,
          0.71770114,  0.66514382],
        [ 0.96863578,  0.75073273,  0.        , ...,  0.99998163,
          0.9968914 ,  0.99998163],
        ...,
        [-0.2543508 , -0.66514382, -0.99998163, ...,  0.        ,
          0.07274467,  0.        ],
        [-0.32402917, -0.71770114, -0.9968914 , ..., -0.07274467,
          0.        , -0.07274467],
        [-0.2543508 , -0.66514382, -0.99998163, ...,  0.        ,
          0.07274467,  0.        ]],

       [[ 0.        , -0.26995822, -0.47073569, ..., -0.97556821,
         -0.99861923, -0.99876059],
        [ 0.26995822,  0.        , -0.21508104, ..., -0.88003841,
         -0.97572404, -0.94824217],
        [ 0.47073569,  0.21508104,  0.        , ..., -0.75729964,
         -0.90578486, -0.85775113],
        ...,
        [ 0.97556821,  0.88003841,  0.75729964, ...,  0.        ,
         -0.27064217, -0.17086809],
        [ 0.99861923,  0.97572404,  0.90578486, ...,  0.27064217,
          0.        ,  0.10217079],
        [ 0.99876059,  0.94824217,  0.85775113, ...,  0.17086809,
         -0.10217079,  0.        ]],

       [[ 0.        , -0.24601305, -0.57305615, ..., -0.17192139,
         -0.1288425 , -0.09617285],
        [ 0.24601305,  0.        , -0.35383248, ...,  0.07571243,
          0.11907983,  0.15165557],
        [ 0.57305615,  0.35383248,  0.        , ...,  0.42363138,
          0.46269127,  0.49158464],
        ...,
        [ 0.17192139, -0.07571243, -0.42363138, ...,  0.        ,
          0.04356432,  0.07638358],
        [ 0.1288425 , -0.11907983, -0.46269127, ..., -0.04356432,
          0.        ,  0.03287401],
        [ 0.09617285, -0.15165557, -0.49158464, ..., -0.07638358,
         -0.03287401,  0.        ]],

       ...,

       [[ 0.        , -0.33388235, -0.63093019, ..., -0.83503685,
         -0.95461935, -0.89291251],
        [ 0.33388235,  0.        , -0.33568496, ..., -0.60341798,
         -0.80039857, -0.99199643],
        [ 0.63093019,  0.33568496,  0.        , ..., -0.30072064,
         -0.55272243, -0.97682073],
        ...,
        [ 0.83503685,  0.60341798,  0.30072064, ...,  0.        ,
         -0.27652798, -0.86723395],
        [ 0.95461935,  0.80039857,  0.55272243, ...,  0.27652798,
          0.        , -0.69573339],
        [ 0.89291251,  0.99199643,  0.97682073, ...,  0.86723395,
          0.69573339,  0.        ]],

       [[ 0.        , -0.01248241, -0.07477851, ...,  0.50209272,
          0.45080533,  0.37167269],
        [ 0.01248241,  0.        , -0.06232522, ...,  0.51284856,
          0.46191228,  0.38323195],
        [ 0.07477851,  0.06232522,  0.        , ...,  0.56535643,
          0.51629211,  0.44005373],
        ...,
        [-0.50209272, -0.51284856, -0.56535643, ...,  0.        ,
         -0.05831648, -0.14469705],
        [-0.45080533, -0.46191228, -0.51629211, ...,  0.05831648,
          0.        , -0.08674803],
        [-0.37167269, -0.38323195, -0.44005373, ...,  0.14469705,
          0.08674803,  0.        ]],

       [[ 0.        ,  0.46120499,  0.63087558, ...,  0.56904806,
          0.41435879,  0.        ],
        [-0.46120499,  0.        ,  0.20193029, ...,  0.88416354,
          0.78740685,  0.46120499],
        [-0.63087558, -0.20193029,  0.        , ...,  0.96028697,
          0.89566281,  0.63087558],
        ...,
        [-0.56904806, -0.88416354, -0.96028697, ...,  0.        ,
          0.17716939,  0.56904806],
        [-0.41435879, -0.78740685, -0.89566281, ..., -0.17716939,
          0.        ,  0.41435879],
        [-0.        , -0.46120499, -0.63087558, ..., -0.56904806,
         -0.41435879,  0.        ]]]), 'num': array([ 7.44756128e-01,  6.64927114e-01,  2.16046047e-06,  1.28756475e-03,
        1.29104936e-03,  1.27188399e-03,  5.65402959e-02, -1.56807615e-05,
        1.29836705e-03,  1.31779377e-03,  1.25797457e-03,  1.22773953e-06,
        1.41047581e-03,  1.22511173e-03])}
{'img': array([[[ 0.        , -0.75073273,  0.29884932, ...,  0.71770114,
          0.66514382,  0.57974224],
        [ 0.75073273,  0.        ,  0.91384615, ...,  0.9968914 ,
          0.99998163,  0.99467822],
        [-0.29884932, -0.91384615,  0.        , ...,  0.47679833,
          0.41159161,  0.30974579],
        ...,
        [-0.71770114, -0.9968914 , -0.47679833, ...,  0.        ,
         -0.07274467, -0.18107861],
        [-0.66514382, -0.99998163, -0.41159161, ...,  0.07274467,
          0.        , -0.10905676],
        [-0.57974224, -0.99467822, -0.30974579, ...,  0.18107861,
          0.10905676,  0.        ]],

       [[ 0.        , -0.21508104, -0.70755387, ..., -0.97572404,
         -0.94824217, -0.91566258],
        [ 0.21508104,  0.        , -0.53900538, ..., -0.90578486,
         -0.85775113, -0.80778125],
        [ 0.70755387,  0.53900538,  0.        , ..., -0.53454769,
         -0.44540188, -0.36266186],
        ...,
        [ 0.97572404,  0.90578486,  0.53454769, ...,  0.        ,
          0.10217079,  0.19165668],
        [ 0.94824217,  0.85775113,  0.44540188, ..., -0.10217079,
          0.        ,  0.09037696],
        [ 0.91566258,  0.80778125,  0.36266186, ..., -0.19165668,
         -0.09037696,  0.        ]],

       [[ 0.        , -0.35383248, -0.5514263 , ...,  0.11907983,
          0.15165557,  0.07571243],
        [ 0.35383248,  0.        , -0.22057847, ...,  0.46269127,
          0.49158464,  0.42363138],
        [ 0.5514263 ,  0.22057847,  0.        , ...,  0.64684194,
          0.67156283,  0.61300464],
        ...,
        [-0.11907983, -0.46269127, -0.64684194, ...,  0.        ,
          0.03287401, -0.04356432],
        [-0.15165557, -0.49158464, -0.67156283, ..., -0.03287401,
          0.        , -0.07638358],
        [-0.07571243, -0.42363138, -0.61300464, ...,  0.04356432,
          0.07638358,  0.        ]],

       ...,

       [[ 0.        , -0.33568496, -0.13151278, ..., -0.80039857,
         -0.99199643, -0.90881126],
        [ 0.33568496,  0.        ,  0.2088877 , ..., -0.55272243,
         -0.97682073, -0.71602658],
        [ 0.13151278, -0.2088877 ,  0.        , ..., -0.71460896,
         -0.999986  , -0.84604964],
        ...,
        [ 0.80039857,  0.55272243,  0.71460896, ...,  0.        ,
         -0.69573339, -0.21087117],
        [ 0.99199643,  0.97682073,  0.999986  , ...,  0.69573339,
          0.        ,  0.52862024],
        [ 0.90881126,  0.71602658,  0.84604964, ...,  0.21087117,
         -0.52862024,  0.        ]],

       [[ 0.        , -0.06232522, -0.04546885, ...,  0.46191228,
          0.38323195,  0.37304021],
        [ 0.06232522,  0.        ,  0.01688031, ...,  0.51629211,
          0.44005373,  0.43014127],
        [ 0.04546885, -0.01688031,  0.        , ...,  0.50176204,
          0.424833  ,  0.41484109],
        ...,
        [-0.46191228, -0.51629211, -0.50176204, ...,  0.        ,
         -0.08674803, -0.0977103 ],
        [-0.38323195, -0.44005373, -0.424833  , ...,  0.08674803,
          0.        , -0.01100903],
        [-0.37304021, -0.43014127, -0.41484109, ...,  0.0977103 ,
          0.01100903,  0.        ]],

       [[ 0.        ,  0.46938782,  0.64527642, ...,  0.46037179,
          0.18820721,  0.        ],
        [-0.46938782,  0.        ,  0.21118555, ...,  0.82319253,
          0.62718503,  0.46938782],
        [-0.64527642, -0.21118555,  0.        , ...,  0.92452943,
          0.77752565,  0.64527642],
        ...,
        [-0.46037179, -0.82319253, -0.92452943, ...,  0.        ,
          0.28506817,  0.46037179],
        [-0.18820721, -0.62718503, -0.77752565, ..., -0.28506817,
          0.        ,  0.18820721],
        [-0.        , -0.46938782, -0.64527642, ..., -0.46037179,
         -0.18820721,  0.        ]]]), 'num': array([7.27409156e-01, 6.81938794e-01, 1.18876763e-06, 1.29915320e-03,
       1.30764440e-03, 1.25669721e-03, 7.63039714e-02, 4.41542263e-05,
       1.27503820e-03, 1.28802973e-03, 1.22819509e-03, 1.71650011e-06,
       1.37469969e-03, 1.20135977e-03])}
{'img': array([[[ 0.        ,  0.91384615,  0.81762046, ...,  0.99998163,
          0.99467822,  0.97724336],
        [-0.91384615,  0.        , -0.19415038, ...,  0.41159161,
          0.30974579,  0.59066619],
        [-0.81762046,  0.19415038,  0.        , ...,  0.58070228,
          0.48845384,  0.73608991],
        ...,
        [-0.99998163, -0.41159161, -0.58070228, ...,  0.        ,
         -0.10905676,  0.20619463],
        [-0.99467822, -0.30974579, -0.48845384, ...,  0.10905676,
          0.        ,  0.31167803],
        [-0.97724336, -0.59066619, -0.73608991, ..., -0.20619463,
         -0.31167803,  0.        ]],

       [[ 0.        , -0.53900538,  0.22729786, ..., -0.85775113,
         -0.80778125, -0.54286582],
