state_0,state_1,state_2,state_3,state_4,state_5,state_6,state_7,state_8,state_9,state_10,state_11,state_12,state_13,state_14,state_15,state_16,state_17,state_18,state_19,state_20,state_21,state_22,state_23,state_24,state_25,state_26,state_27,state_28,state_29,state_30,state_31,state_32,state_33,state_34,state_35,state_36,state_37,state_38,state_39,state_40,state_41,state_42,state_43,state_44,state_45,state_46,state_47,state_48,state_49,state_50,state_51,state_52,state_53,state_54,state_55,state_56,state_57,state_58,state_59,state_60,state_61,state_62,state_63,state_64,state_65,state_66,state_67,state_68,state_69,state_70,state_71,state_72,state_73,state_74,state_75,state_76,state_77,state_78,state_79,state_80,state_81,state_82,state_83,state_84,state_85,state_86,state_87,state_88,state_89,state_90,state_91,state_92,state_93,state_94,state_95,state_96,state_97,state_98,state_99,state_100,state_101,state_102,state_103,state_104,state_105,state_106,state_107,state_108,state_109,state_110,state_111,state_112,state_113,state_114,state_115,state_116,state_117,state_118,state_119,state_120,state_121,state_122,state_123,state_124,state_125,state_126,state_127,state_128,state_129,state_130,state_131,state_132,state_133,state_134,state_135,state_136,state_137,state_138,state_139,state_140,state_141,state_142,state_143,state_144,state_145,state_146,state_147,state_148,state_149,state_150,state_151,state_152,state_153,state_154,state_155,state_156,state_157,state_158,state_159,state_160,state_161,state_162,state_163,state_164,state_165,state_166,state_167,state_168,state_169,state_170,state_171,state_172,state_173,state_174,state_175,state_176,state_177,state_178,state_179,state_180,state_181,state_182,state_183,state_184,state_185,state_186,state_187,state_188,state_189,state_190,state_191,state_192,state_193,state_194,state_195,state_196,state_197,state_198,state_199,state_200,state_201,state_202,state_203,state_204,state_205,state_206,state_207,state_208,state_209,state_210,state_211,state_212,state_213,state_214,state_215,state_216,state_217,state_218,state_219,state_220,state_221,state_222,state_223,state_224,state_225,state_226,state_227,state_228,state_229,state_230,state_231,state_232,state_233,state_234,state_235,state_236,state_237,state_238,state_239,state_240,state_241,state_242,state_243,state_244,state_245,state_246,state_247,state_248,state_249,state_250,state_251,state_252,state_253,state_254,state_255,state_256,state_257,state_258,state_259,state_260,state_261,state_262,state_263,state_264,state_265,state_266,state_267,state_268,state_269,state_270,state_271,state_272,state_273,state_274,state_275,state_276,state_277,state_278,state_279,state_280,state_281,state_282,state_283,state_284,state_285,state_286,state_287
{'img': array([[[ 0.        ,  0.08579005, -0.21459366, ..., -0.97582795,
         -0.83981121, -0.6262018 ],
        [-0.08579005,  0.        , -0.29759393, ..., -0.99097888,
         -0.79014145, -0.55700599],
        [ 0.21459366,  0.29759393,  0.        , ..., -0.90619716,
         -0.93674478, -0.77892375],
        ...,
        [ 0.97582795,  0.99097888,  0.90619716, ...,  0.        ,
         -0.71328856, -0.89766527],
        [ 0.83981121,  0.79014145,  0.93674478, ...,  0.71328856,
          0.        , -0.31481654],
        [ 0.6262018 ,  0.55700599,  0.77892375, ...,  0.89766527,
          0.31481654,  0.        ]],

       [[ 0.        , -0.22114608,  0.45618028, ...,  0.02074177,
          0.99671629,  0.79538106],
        [ 0.22114608,  0.        ,  0.64168068, ...,  0.24132672,
          0.95413141,  0.90972676],
        [-0.45618028, -0.64168068,  0.        , ..., -0.4376243 ,
          0.92390357,  0.43130428],
        ...,
        [-0.02074177, -0.24132672,  0.4376243 , ...,  0.        ,
          0.99818139,  0.78263816],
        [-0.99671629, -0.95413141, -0.92390357, ..., -0.99818139,
          0.        , -0.66852386],
        [-0.79538106, -0.90972676, -0.43130428, ..., -0.78263816,
          0.66852386,  0.        ]],

       [[ 0.        ,  0.02138799,  0.05816461, ..., -0.94562993,
         -0.99999948, -0.69194395],
        [-0.02138799,  0.        ,  0.03679952, ..., -0.95236995,
         -0.99974882, -0.67634459],
        [-0.05816461, -0.03679952,  0.        , ..., -0.96294671,
         -0.99824692, -0.64878049],
        ...,
        [ 0.94562993,  0.95236995,  0.96294671, ...,  0.        ,
         -0.32621281, -0.9077497 ],
        [ 0.99999948,  0.99974882,  0.99824692, ...,  0.32621281,
          0.        , -0.72124224],
        [ 0.69194395,  0.67634459,  0.64878049, ...,  0.9077497 ,
          0.72124224,  0.        ]],

       ...,

       [[ 0.        ,  0.16059043,  0.02398238, ...,  0.32678435,
         -0.20194285, -0.0897729 ],
        [-0.16059043,  0.        , -0.13687313, ...,  0.17076922,
         -0.3566037 , -0.24854976],
        [-0.02398238,  0.13687313,  0.        , ...,  0.30402465,
         -0.22537304, -0.11363262],
        ...,
        [-0.32678435, -0.17076922, -0.30402465, ...,  0.        ,
         -0.51090769, -0.41030916],
        [ 0.20194285,  0.3566037 ,  0.22537304, ...,  0.51090769,
          0.        ,  0.11320412],
        [ 0.0897729 ,  0.24854976,  0.11363262, ...,  0.41030916,
         -0.11320412,  0.        ]],

       [[ 0.        , -0.50642543, -0.69035239, ..., -0.28394163,
         -0.60864526, -0.71996288],
        [ 0.50642543,  0.        , -0.22889439, ..., -0.73042   ,
         -0.92664437, -0.97227791],
        [ 0.69035239,  0.22889439,  0.        , ..., -0.86736274,
         -0.98809348, -0.99998714],
        ...,
        [ 0.28394163,  0.73042   ,  0.86736274, ...,  0.        ,
          0.35830304,  0.49327128],
        [ 0.60864526,  0.92664437,  0.98809348, ..., -0.35830304,
          0.        ,  0.14884166],
        [ 0.71996288,  0.97227791,  0.99998714, ..., -0.49327128,
         -0.14884166,  0.        ]],

       [[ 0.        , -0.03550206, -0.09717673, ..., -0.76099903,
         -0.97080502, -0.82826357],
        [ 0.03550206,  0.        , -0.06178144, ..., -0.73748723,
         -0.96167715, -0.84763462],
        [ 0.09717673,  0.06178144,  0.        , ..., -0.69435363,
         -0.94290056, -0.8787954 ],
        ...,
        [ 0.76099903,  0.73748723,  0.69435363, ...,  0.        ,
         -0.44727186, -0.9637557 ],
        [ 0.97080502,  0.96167715,  0.94290056, ...,  0.44727186,
          0.        , -0.74265519],
        [ 0.82826357,  0.84763462,  0.8787954 , ...,  0.9637557 ,
          0.74265519,  0.        ]]]), 'num': array([7.07096198e-01, 7.07096198e-01, 0.00000000e+00, 8.28873876e-04,
       8.32802188e-04, 8.01375691e-04, 4.84624092e-03, 5.89246831e-06,
       8.55586399e-04, 9.46919658e-04, 9.87774105e-04, 1.02605170e-06,
       1.06602528e-03, 8.27814035e-04])}
{'img': array([[[ 0.        , -0.29759393, -0.44947668, ..., -0.79014145,
         -0.55700599, -0.79014145],
        [ 0.29759393,  0.        , -0.16327374, ..., -0.93674478,
         -0.77892375, -0.93674478],
        [ 0.44947668,  0.16327374,  0.        , ..., -0.98132238,
         -0.87086323, -0.98132238],
        ...,
        [ 0.79014145,  0.93674478,  0.98132238, ...,  0.        ,
         -0.31481654,  0.        ],
        [ 0.55700599,  0.77892375,  0.87086323, ...,  0.31481654,
          0.        ,  0.31481654],
        [ 0.79014145,  0.93674478,  0.98132238, ...,  0.        ,
         -0.31481654,  0.        ]],

       [[ 0.        ,  0.64168068, -0.09680438, ...,  0.95413141,
          0.90972676,  0.38100187],
        [-0.64168068,  0.        , -0.71291322, ...,  0.92390357,
          0.43130428, -0.30106372],
        [ 0.09680438,  0.71291322,  0.        , ...,  0.92066818,
          0.94564806,  0.4687153 ],
        ...,
        [-0.95413141, -0.92390357, -0.92066818, ...,  0.        ,
         -0.66852386, -0.99623279],
        [-0.90972676, -0.43130428, -0.94564806, ...,  0.66852386,
          0.        , -0.68291515],
        [-0.38100187,  0.30106372, -0.4687153 , ...,  0.99623279,
          0.68291515,  0.        ]],

       [[ 0.        ,  0.0343909 , -0.02652872, ..., -0.98528938,
         -0.98224766, -0.64256192],
        [-0.0343909 ,  0.        , -0.06089182, ..., -0.99058375,
         -0.97521527, -0.61583035],
        [ 0.02652872,  0.06089182,  0.        , ..., -0.980409  ,
         -0.98687844, -0.66266297],
        ...,
        [ 0.98528938,  0.99058375,  0.980409  , ...,  0.        ,
         -0.35268967, -0.86477212],
        [ 0.98224766,  0.97521527,  0.98687844, ...,  0.35268967,
          0.        , -0.63209393],
        [ 0.64256192,  0.61583035,  0.66266297, ...,  0.86477212,
          0.63209393,  0.        ]],

       ...,

       [[ 0.        , -0.13687313, -0.12111865, ..., -0.3566037 ,
         -0.24854976, -0.01779829],
        [ 0.13687313,  0.        ,  0.01588672, ..., -0.22537304,
         -0.11363262,  0.11922067],
        [ 0.12111865, -0.01588672,  0.        , ..., -0.2408226 ,
         -0.1294021 ,  0.1034322 ],
        ...,
        [ 0.3566037 ,  0.22537304,  0.2408226 , ...,  0.        ,
          0.11320412,  0.33991906],
        [ 0.24854976,  0.11363262,  0.1294021 , ..., -0.11320412,
          0.        ,  0.23127062],
        [ 0.01779829, -0.11922067, -0.1034322 , ..., -0.33991906,
         -0.23127062,  0.        ]],

       [[ 0.        , -0.52528809, -0.73656062, ..., -0.62805681,
         -0.74110899, -0.77364484],
        [ 0.52528809,  0.        , -0.27146754, ..., -0.94319101,
         -0.98329817, -0.99114609],
        [ 0.73656062,  0.27146754,  0.        , ..., -0.99796728,
         -0.99578058, -0.98997051],
        ...,
        [ 0.62805681,  0.94319101,  0.99796728, ...,  0.        ,
          0.15503916,  0.20407624],
        [ 0.74110899,  0.98329817,  0.99578058, ..., -0.15503916,
          0.        ,  0.04983225],
        [ 0.77364484,  0.99114609,  0.98997051, ..., -0.20407624,
         -0.04983225,  0.        ]],

       [[ 0.        , -0.05721907, -0.10845664, ..., -0.9034046 ,
         -0.99835999, -0.81269883],
        [ 0.05721907,  0.        , -0.0513974 , ..., -0.87738958,
         -0.99344865, -0.84470798],
        [ 0.10845664,  0.0513974 ,  0.        , ..., -0.85157055,
         -0.98626192, -0.87110081],
        ...,
        [ 0.9034046 ,  0.87738958,  0.85157055, ...,  0.        ,
         -0.37636784, -0.87487582],
        [ 0.99835999,  0.99344865,  0.98626192, ...,  0.37636784,
          0.        , -0.62825373],
        [ 0.81269883,  0.84470798,  0.87110081, ...,  0.87487582,
          0.62825373,  0.        ]]]), 'num': array([9.09022003e-01, 4.16689700e-01, 2.31141926e-05, 1.07028761e-03,
       1.07280003e-03, 1.04265108e-03, 6.18003163e-03, 1.00496490e-05,
       1.07581492e-03, 1.20017933e-03, 1.25926289e-03, 1.01306945e-06,
       1.35958669e-03, 1.04077197e-03])}
{'img': array([[[ 0.        , -0.16327374, -0.25603904, ..., -0.77892375,
         -0.93674478, -0.98279307],
        [ 0.16327374,  0.        , -0.09477196, ..., -0.87086323,
         -0.98132238, -0.99976307],
        [ 0.25603904,  0.09477196,  0.        , ..., -0.9135263 ,
         -0.99513678, -0.99732605],
        ...,
        [ 0.77892375,  0.87086323,  0.9135263 , ...,  0.        ,
          0.31481654,  0.47245288],
        [ 0.93674478,  0.98132238,  0.99513678, ..., -0.31481654,
          0.        ,  0.17096443],
        [ 0.98279307,  0.99976307,  0.99732605, ..., -0.47245288,
         -0.17096443,  0.        ]],

       [[ 0.        , -0.71291322, -0.46844158, ...,  0.43130428,
         -0.30106372, -0.30532659],
        [ 0.71291322,  0.        ,  0.30135916, ...,  0.94564806,
          0.4687153 ,  0.464759  ],
        [ 0.46844158, -0.30135916,  0.        , ...,  0.803686  ,
          0.18071965,  0.17631806],
        ...,
        [-0.43130428, -0.94564806, -0.803686  , ...,  0.        ,
         -0.68291515, -0.68617615],
        [ 0.30106372, -0.4687153 , -0.18071965, ...,  0.68291515,
          0.        , -0.00447343],
        [ 0.30532659, -0.464759  , -0.17631806, ...,  0.68617615,
          0.00447343,  0.        ]],

       [[ 0.        , -0.05831163, -0.10086373, ..., -0.99812061,
         -0.9280094 , -0.59516002],
        [ 0.05831163,  0.        , -0.04267785, ..., -0.99999558,
         -0.94815472, -0.64100695],
        [ 0.10086373,  0.04267785,  0.        , ..., -0.99921138,
         -0.96085425, -0.67317967],
        ...,
        [ 0.99812061,  0.99999558,  0.99921138, ...,  0.        ,
         -0.31498814, -0.76562549],
        [ 0.9280094 ,  0.94815472,  0.96085425, ...,  0.31498814,
          0.        , -0.52402415],
        [ 0.59516002,  0.64100695,  0.67317967, ...,  0.76562549,
          0.52402415,  0.        ]],

       ...,

       [[ 0.        ,  0.01359239, -0.05532901, ..., -0.09281635,
          0.10462355, -0.50258743],
        [-0.01359239,  0.        , -0.06889546, ..., -0.10634149,
          0.0910961 , -0.51429198],
        [ 0.05532901,  0.06889546,  0.        , ..., -0.03758401,
          0.15948864, -0.45398417],
        ...,
        [ 0.09281635,  0.10634149,  0.03758401, ...,  0.        ,
          0.19647888, -0.42017569],
        [-0.10462355, -0.0910961 , -0.15948864, ..., -0.19647888,
          0.        , -0.590279  ],
        [ 0.50258743,  0.51429198,  0.45398417, ...,  0.42017569,
          0.590279  ,  0.        ]],

       [[ 0.        , -0.58450738, -0.69477689, ..., -0.76425203,
         -0.79690034, -0.76350584],
        [ 0.58450738,  0.        , -0.14334139, ..., -0.99706438,
         -0.9997029 , -0.99697518],
        [ 0.69477689,  0.14334139,  0.        , ..., -0.99774333,
         -0.99287312, -0.9978203 ],
        ...,
        [ 0.76425203,  0.99706438,  0.99774333, ...,  0.        ,
          0.05224224, -0.00115624],
        [ 0.79690034,  0.9997029 ,  0.99287312, ..., -0.05224224,
          0.        , -0.05339686],
        [ 0.76350584,  0.99697518,  0.9978203 , ...,  0.00115624,
          0.05339686,  0.        ]],

       [[ 0.        , -0.04889343, -0.14401174, ..., -0.9660561 ,
         -0.99842896, -0.82200857],
        [ 0.04889343,  0.        , -0.09545574, ..., -0.95226995,
         -0.99997445, -0.84886904],
        [ 0.14401174,  0.09545574,  0.        , ..., -0.91878302,
         -0.99609062, -0.89545104],
        ...,
        [ 0.9660561 ,  0.95226995,  0.91878302, ...,  0.        ,
         -0.31205686, -0.76249632],
        [ 0.99842896,  0.99997445,  0.99609062, ...,  0.31205686,
          0.        , -0.52252141],
        [ 0.82200857,  0.84886904,  0.89545104, ...,  0.76249632,
          0.52252141,  0.        ]]]), 'num': array([8.67584990e-01, 4.97264380e-01, 1.72643641e-05, 1.02581887e-03,
       1.04973073e-03, 1.01625412e-03, 3.85841800e-03, 7.17355850e-06,
       1.01290646e-03, 1.13210709e-03, 1.19507499e-03, 9.01594784e-07,
       1.28641161e-03, 9.77802567e-04])}
{'img': array([[[ 0.        , -0.09477196, -0.18489347, ..., -0.98132238,
         -0.99976307, -0.99704189],
        [ 0.09477196,  0.        , -0.09092331, ..., -0.99513678,
         -0.99732605, -0.98527004],
        [ 0.18489347,  0.09092331,  0.        , ..., -0.99997102,
         -0.9865503 , -0.96564055],
        ...,
        [ 0.98132238,  0.99513678,  0.99997102, ...,  0.        ,
          0.17096443,  0.26722585],
        [ 0.99976307,  0.99732605,  0.9865503 , ..., -0.17096443,
          0.        ,  0.09854442],
        [ 0.99704189,  0.98527004,  0.96564055, ..., -0.26722585,
         -0.09854442,  0.        ]],

       [[ 0.        ,  0.30135916, -0.10152576, ...,  0.4687153 ,
          0.464759  , -0.03021887],
        [-0.30135916,  0.        , -0.39660791, ...,  0.18071965,
          0.17631806, -0.33003555],
        [ 0.10152576,  0.39660791,  0.        , ...,  0.55597611,
          0.55225224,  0.07141666],
        ...,
        [-0.4687153 , -0.18071965, -0.55597611, ...,  0.        ,
         -0.00447343, -0.49519506],
        [-0.464759  , -0.17631806, -0.55225224, ...,  0.00447343,
          0.        , -0.49130366],
        [ 0.03021887,  0.33003555, -0.07141666, ...,  0.49519506,
          0.49130366,  0.        ]],

       [[ 0.        , -0.04159909, -0.18572599, ..., -0.980196  ,
         -0.89239959, -0.62853936],
        [ 0.04159909,  0.        , -0.14468989, ..., -0.98758539,
         -0.91039854, -0.66035014],
        [ 0.18572599,  0.14468989,  0.        , ..., -0.99992141,
         -0.96068136, -0.76205731],
        ...,
        [ 0.980196  ,  0.98758539,  0.99992141, ...,  0.        ,
         -0.26558783, -0.63790515],
        [ 0.89239959,  0.91039854,  0.96068136, ...,  0.26558783,
          0.        , -0.41046269],
        [ 0.62853936,  0.66035014,  0.76205731, ...,  0.63790515,
          0.41046269,  0.        ]],

       ...,

       [[ 0.        , -0.05953898, -0.2119671 , ...,  0.08133171,
         -0.31642057, -0.57366048],
        [ 0.05953898,  0.        , -0.153405  , ...,  0.14052917,
         -0.25937943, -0.52387482],
        [ 0.2119671 ,  0.153405  ,  0.        , ...,  0.29074847,
         -0.10815446, -0.38700427],
        ...,
        [-0.08133171, -0.14052917, -0.29074847, ...,  0.        ,
         -0.39252511, -0.63837825],
        [ 0.31642057,  0.25937943,  0.10815446, ...,  0.39252511,
          0.        , -0.2850073 ],
        [ 0.57366048,  0.52387482,  0.38700427, ...,  0.63837825,
          0.2850073 ,  0.        ]],

       [[ 0.        , -0.43950444, -0.65140441, ..., -0.82653274,
         -0.7932318 , -0.71363123],
        [ 0.43950444,  0.        , -0.25165226, ..., -0.98981717,
         -0.98013581, -0.94889475],
        [ 0.65140441,  0.25165226,  0.        , ..., -0.99378392,
         -0.99850237, -0.99777677],
        ...,
        [ 0.82653274,  0.98981717,  0.99378392, ...,  0.        ,
         -0.05679096, -0.17730909],
        [ 0.7932318 ,  0.98013581,  0.99850237, ...,  0.05679096,
          0.        , -0.1211318 ],
        [ 0.71363123,  0.94889475,  0.99777677, ...,  0.17730909,
          0.1211318 ,  0.        ]],

       [[ 0.        , -0.09214712, -0.16867394, ..., -0.9920246 ,
         -0.99192261, -0.83320001],
        [ 0.09214712,  0.        , -0.07712947, ..., -0.97618931,
         -0.99939074, -0.88060983],
        [ 0.16867394,  0.07712947,  0.        , ..., -0.95655038,
         -0.99910561, -0.91453376],
        ...,
        [ 0.9920246 ,  0.97618931,  0.95655038, ...,  0.        ,
         -0.25085917, -0.65358175],
        [ 0.99192261,  0.99939074,  0.99910561, ...,  0.25085917,
          0.        , -0.44281831],
        [ 0.83320001,  0.88060983,  0.91453376, ...,  0.65358175,
          0.44281831,  0.        ]]]), 'num': array([8.81173737e-01, 4.72775294e-01, 1.89512038e-05, 1.04449730e-03,
       1.04449730e-03, 1.02026302e-03, 2.58414932e-03, 4.84685520e-06,
       1.03092610e-03, 1.13901097e-03, 1.20811905e-03, 7.80425837e-07,
       1.29858959e-03, 9.79432359e-04])}
{'img': array([[[ 0.        , -0.09092331, -0.09092331, ..., -0.99732605,
         -0.98527004, -0.97361995],
        [ 0.09092331,  0.        ,  0.        , ..., -0.9865503 ,
         -0.96564055, -0.94884062],
        [ 0.09092331,  0.        ,  0.        , ..., -0.9865503 ,
         -0.96564055, -0.94884062],
        ...,
        [ 0.99732605,  0.9865503 ,  0.9865503 , ...,  0.        ,
          0.09854442,  0.15641305],
        [ 0.98527004,  0.96564055,  0.96564055, ..., -0.09854442,
          0.        ,  0.05832023],
        [ 0.97361995,  0.94884062,  0.94884062, ..., -0.15641305,
         -0.05832023,  0.        ]],

       [[ 0.        , -0.39660791, -0.39559231, ...,  0.17631806,
         -0.33003555, -0.6746229 ],
        [ 0.39660791,  0.        ,  0.00110607, ...,  0.55225224,
          0.07141666, -0.32653469],
        [ 0.39559231, -0.00110607,  0.        , ...,  0.55132979,
          0.07031337, -0.32757994],
        ...,
        [-0.17631806, -0.55225224, -0.55132979, ...,  0.        ,
         -0.49130366, -0.79420514],
        [ 0.33003555, -0.07141666, -0.07031337, ...,  0.49130366,
          0.        , -0.39320289],
        [ 0.6746229 ,  0.32653469,  0.32757994, ...,  0.79420514,
          0.39320289,  0.        ]],

       [[ 0.        , -0.14468989, -0.28392086, ..., -0.91039854,
         -0.66035014, -0.83308315],
        [ 0.14468989,  0.        , -0.1421976 , ..., -0.96068136,
         -0.76205731, -0.90435155],
        [ 0.28392086,  0.1421976 ,  0.        , ..., -0.99040082,
         -0.84638782, -0.95585007],
        ...,
        [ 0.91039854,  0.96068136,  0.99040082, ...,  0.        ,
         -0.41046269, -0.15891144],
        [ 0.66035014,  0.76205731,  0.84638782, ...,  0.41046269,
          0.        ,  0.26033912],
        [ 0.83308315,  0.90435155,  0.95585007, ...,  0.15891144,
         -0.26033912,  0.        ]],

       ...,

       [[ 0.        , -0.11450967, -0.0051032 , ..., -0.18214202,
         -0.26992667, -0.6326252 ],
        [ 0.11450967,  0.        ,  0.10943855, ..., -0.06834974,
         -0.15789196, -0.53978093],
        [ 0.0051032 , -0.10943855,  0.        , ..., -0.17712182,
         -0.26500939, -0.62866475],
        ...,
        [ 0.18214202,  0.06834974,  0.17712182, ...,  0.        ,
         -0.09003033, -0.48098143],
        [ 0.26992667,  0.15789196,  0.26500939, ...,  0.09003033,
          0.        , -0.40009581],
        [ 0.6326252 ,  0.53978093,  0.62866475, ...,  0.48098143,
          0.40009581,  0.        ]],

       [[ 0.        , -0.52189203, -0.72723267, ..., -0.80889362,
         -0.72904353, -0.66207521],
        [ 0.52189203,  0.        , -0.26211586, ..., -0.99684464,
         -0.9791006 , -0.95588321],
        [ 0.72723267,  0.26211586,  0.        , ..., -0.98279743,
         -0.99817594, -0.99945785],
        ...,
        [ 0.80889362,  0.99684464,  0.98279743, ...,  0.        ,
         -0.12501644, -0.21694468],
        [ 0.72904353,  0.9791006 ,  0.99817594, ...,  0.12501644,
          0.        , -0.09320364],
        [ 0.66207521,  0.95588321,  0.99945785, ...,  0.21694468,
          0.09320364,  0.        ]],

       [[ 0.        , -0.07477016, -0.12787686, ..., -0.99484581,
         -0.995327  , -0.86770117],
        [ 0.07477016,  0.        , -0.05336261, ..., -0.98447939,
         -0.99976081, -0.90243951],
        [ 0.12787686,  0.05336261,  0.        , ..., -0.97371155,
         -0.99950343, -0.92414321],
        ...,
        [ 0.99484581,  0.98447939,  0.97371155, ...,  0.        ,
         -0.1969895 , -0.5825084 ],
        [ 0.995327  ,  0.99976081,  0.99950343, ...,  0.1969895 ,
          0.        , -0.41097657],
        [ 0.86770117,  0.90243951,  0.92414321, ...,  0.5825084 ,
          0.41097657,  0.        ]]]), 'num': array([ 8.71360713e-01,  4.90618219e-01,  1.80446680e-05,  1.02075736e-03,
        1.04010821e-03,  1.01108193e-03,  3.84075678e-03, -2.17697067e-05,
        1.03043278e-03,  1.12706609e-03,  1.20261504e-03,  7.29496344e-07,
        1.28956914e-03,  9.64563048e-04])}
{'img': array([[[ 0.        ,  0.        , -0.10551827, ..., -0.96564055,
         -0.94884062, -0.99997102],
        [ 0.        ,  0.        , -0.10551827, ..., -0.96564055,
         -0.94884062, -0.99997102],
        [ 0.10551827,  0.10551827,  0.        , ..., -0.9328275 ,
         -0.91022562, -0.99519192],
        ...,
        [ 0.96564055,  0.96564055,  0.9328275 , ...,  0.        ,
          0.05832023, -0.26722585],
        [ 0.94884062,  0.94884062,  0.91022562, ..., -0.05832023,
          0.        , -0.32297037],
        [ 0.99997102,  0.99997102,  0.99519192, ...,  0.26722585,
          0.32297037,  0.        ]],

       [[ 0.        ,  0.00110607,  0.17896953, ...,  0.07141666,
         -0.32653469,  0.05462108],
        [-0.00110607,  0.        ,  0.17788121, ...,  0.07031337,
         -0.32757994,  0.05351663],
        [-0.17896953, -0.17788121,  0.        , ..., -0.10824893,
         -0.49042202, -0.12496316],
        ...,
        [-0.07141666, -0.07031337,  0.10824893, ...,  0.        ,
         -0.39320289, -0.01682844],
        [ 0.32653469,  0.32757994,  0.49042202, ...,  0.39320289,
          0.        ,  0.37767427],
        [-0.05462108, -0.05351663,  0.12496316, ...,  0.01682844,
         -0.37767427,  0.        ]],

       [[ 0.        , -0.1421976 , -0.24549512, ..., -0.76205731,
         -0.90435155, -0.92110047],
        [ 0.1421976 ,  0.        , -0.10515442, ..., -0.84638782,
         -0.95585007, -0.96710159],
        [ 0.24549512,  0.10515442,  0.        , ..., -0.89769714,
         -0.98145088, -0.98849017],
        ...,
        [ 0.76205731,  0.84638782,  0.89769714, ...,  0.        ,
          0.26033912,  0.29973344],
        [ 0.90435155,  0.95585007,  0.98145088, ..., -0.26033912,
          0.        ,  0.0410283 ],
        [ 0.92110047,  0.96710159,  0.98849017, ..., -0.29973344,
         -0.0410283 ,  0.        ]],

       ...,

       [[ 0.        ,  0.10140969,  0.2306883 , ..., -0.14032411,
         -0.36393719, -0.58134813],
        [-0.10140969,  0.        ,  0.1308246 , ..., -0.24000701,
         -0.45651637, -0.66086363],
        [-0.2306883 , -0.1308246 ,  0.        , ..., -0.36494503,
         -0.56898946, -0.75336851],
        ...,
        [ 0.14032411,  0.24000701,  0.36494503, ...,  0.        ,
         -0.22963508, -0.46142065],
        [ 0.36393719,  0.45651637,  0.56898946, ...,  0.22963508,
          0.        , -0.24536202],
        [ 0.58134813,  0.66086363,  0.75336851, ...,  0.46142065,
          0.24536202,  0.        ]],

       [[ 0.        , -0.57213071, -0.78442378, ..., -0.75175896,
         -0.68391495, -0.57393294],
        [ 0.57213071,  0.        , -0.28850503, ..., -0.9938492 ,
         -0.97832604, -0.93923741],
        [ 0.78442378,  0.28850503,  0.        , ..., -0.98353871,
         -0.99646689, -0.99833413],
        ...,
        [ 0.75175896,  0.9938492 ,  0.98353871, ...,  0.        ,
         -0.09745509, -0.23714396],
        [ 0.68391495,  0.97832604,  0.99646689, ...,  0.09745509,
          0.        , -0.14134   ],
        [ 0.57393294,  0.93923741,  0.99833413, ...,  0.23714396,
          0.14134   ,  0.        ]],

       [[ 0.        , -0.05156666, -0.09972911, ..., -0.99125254,
         -0.99934797, -0.88902455],
        [ 0.05156666,  0.        , -0.04828684, ..., -0.98312803,
         -0.99988025, -0.91145204],
        [ 0.09972911,  0.04828684,  0.        , ..., -0.97314865,
         -0.99796666, -0.93025435],
        ...,
        [ 0.99125254,  0.98312803,  0.97314865, ...,  0.        ,
         -0.16768284, -0.5711868 ],
        [ 0.99934797,  0.99988025,  0.99796666, ...,  0.16768284,
          0.        , -0.42546192],
        [ 0.88902455,  0.91145204,  0.93025435, ...,  0.5711868 ,
          0.42546192,  0.        ]]]), 'num': array([8.33875875e-01, 5.51933865e-01, 1.31135818e-05, 9.89270210e-04,
       9.96172095e-04, 9.77767068e-04, 3.37437768e-03, 1.84050272e-05,
       9.83748702e-04, 1.06461579e-03, 1.14126506e-03, 1.04398263e-06,
       1.22020275e-03, 9.09028831e-04])}
{'img': array([[[ 0.        , -0.10551827, -0.08818903, ..., -0.94884062,
         -0.99997102, -0.95747639],
        [ 0.10551827,  0.        ,  0.01741044, ..., -0.91022562,
         -0.99519192, -0.9216879 ],
        [ 0.08818903, -0.01741044,  0.        , ..., -0.91729754,
         -0.99674632, -0.92830227],
        ...,
        [ 0.94884062,  0.91022562,  0.91729754, ...,  0.        ,
         -0.32297037, -0.0285768 ],
        [ 0.99997102,  0.99519192,  0.99674632, ...,  0.32297037,
          0.        ,  0.29579312],
        [ 0.95747639,  0.9216879 ,  0.92830227, ...,  0.0285768 ,
         -0.29579312,  0.        ]],

       [[ 0.        ,  0.17788121,  0.85106175, ..., -0.32757994,
          0.05351663, -0.02756869],
        [-0.17788121,  0.        ,  0.74408969, ..., -0.49042202,
         -0.12496316, -0.20494262],
        [-0.85106175, -0.74408969,  0.        , ..., -0.97610408,
         -0.82174241, -0.86521365],
        ...,
        [ 0.32757994,  0.49042202,  0.97610408, ...,  0.        ,
          0.37767427,  0.30140788],
        [-0.05351663,  0.12496316,  0.82174241, ..., -0.37767427,
          0.        , -0.08102547],
        [ 0.02756869,  0.20494262,  0.86521365, ..., -0.30140788,
          0.08102547,  0.        ]],

       [[ 0.        , -0.10515442, -0.1676401 , ..., -0.95585007,
         -0.96710159, -0.98598688],
        [ 0.10515442,  0.        , -0.06304438, ..., -0.98145088,
         -0.98849017, -0.99806264],
        [ 0.1676401 ,  0.06304438,  0.        , ..., -0.99158498,
         -0.99606147, -0.99999966],
        ...,
        [ 0.95585007,  0.98145088,  0.99158498, ...,  0.        ,
          0.0410283 ,  0.13027934],
        [ 0.96710159,  0.98849017,  0.99606147, ..., -0.0410283 ,
          0.        ,  0.08949101],
        [ 0.98598688,  0.99806264,  0.99999966, ..., -0.13027934,
         -0.08949101,  0.        ]],

       ...,

       [[ 0.        ,  0.1308246 ,  0.31832663, ..., -0.45651637,
         -0.66086363, -0.03387746],
        [-0.1308246 ,  0.        ,  0.19157154, ..., -0.56898946,
         -0.75336851, -0.16433581],
        [-0.31832663, -0.19157154,  0.        , ..., -0.71598887,
         -0.86539228, -0.3502591 ],
        ...,
        [ 0.45651637,  0.56898946,  0.71598887, ...,  0.        ,
         -0.24536202,  0.42611304],
        [ 0.66086363,  0.75336851,  0.86539228, ...,  0.24536202,
          0.        ,  0.63505906],
        [ 0.03387746,  0.16433581,  0.3502591 , ..., -0.42611304,
         -0.63505906,  0.        ]],

       [[ 0.        , -0.62539495, -0.84851972, ..., -0.71134636,
         -0.5986519 , -0.43481201],
        [ 0.62539495,  0.        , -0.3311707 , ..., -0.99462313,
         -0.96808026, -0.90246889],
        [ 0.84851972,  0.3311707 ,  0.        , ..., -0.9727937 ,
         -0.99645708, -0.99419679],
        ...,
        [ 0.71134636,  0.99462313,  0.9727937 , ...,  0.        ,
         -0.14903757, -0.33497852],
        [ 0.5986519 ,  0.96808026,  0.99645708, ...,  0.14903757,
          0.        , -0.19081029],
        [ 0.43481201,  0.90246889,  0.99419679, ...,  0.33497852,
          0.19081029,  0.        ]],

       [[ 0.        , -0.04720648, -0.07023909, ..., -0.99293823,
         -0.99602228, -0.90294465],
        [ 0.04720648,  0.        , -0.0230709 , ..., -0.98623104,
         -0.99911818, -0.92222531],
        [ 0.07023909,  0.0230709 ,  0.        , ..., -0.98215322,
         -0.99982091, -0.93090028],
        ...,
        [ 0.99293823,  0.98623104,  0.98215322, ...,  0.        ,
         -0.20663589, -0.53384059],
        [ 0.99602228,  0.99911818,  0.99982091, ...,  0.20663589,
          0.        , -0.34759095],
        [ 0.90294465,  0.92222531,  0.93090028, ...,  0.53384059,
          0.34759095,  0.        ]]]), 'num': array([ 8.32673255e-01,  5.53750357e-01,  1.31567405e-05,  9.78676836e-04,
        9.83293236e-04,  9.67135835e-04,  2.68840680e-03, -1.38492005e-05,
        9.86063076e-04,  1.06096417e-03,  1.14221281e-03,  9.08144296e-07,
        1.21966547e-03,  9.02262865e-04])}
{'img': array([[[ 0.        ,  0.01741044,  0.12335873, ..., -0.99519192,
         -0.9216879 , -0.98152982],
        [-0.01741044,  0.        ,  0.10606257, ..., -0.99674632,
         -0.92830227, -0.98471182],
        [-0.12335873, -0.10606257,  0.        , ..., -0.99967304,
         -0.96250301, -0.9976327 ],
        ...,
        [ 0.99519192,  0.99674632,  0.99967304, ...,  0.        ,
          0.29579312,  0.09425433],
        [ 0.9216879 ,  0.92830227,  0.96250301, ..., -0.29579312,
          0.        , -0.20443966],
        [ 0.98152982,  0.98471182,  0.9976327 , ..., -0.09425433,
          0.20443966,  0.        ]],

       [[ 0.        ,  0.74408969, -0.16768305, ..., -0.12496316,
         -0.20494262, -0.41648838],
        [-0.74408969,  0.        , -0.84557974, ..., -0.82174241,
         -0.86521365, -0.95472992],
        [ 0.16768305,  0.84557974,  0.        , ...,  0.04317485,
         -0.03791702, -0.25814376],
        ...,
        [ 0.12496316,  0.82174241, -0.04317485, ...,  0.        ,
         -0.08102547, -0.29961455],
        [ 0.20494262,  0.86521365,  0.03791702, ...,  0.08102547,
          0.        , -0.22132624],
        [ 0.41648838,  0.95472992,  0.25814376, ...,  0.29961455,
          0.22132624,  0.        ]],

       [[ 0.        , -0.06304438, -0.07953796, ..., -0.98849017,
         -0.99806264, -0.99658044],
        [ 0.06304438,  0.        , -0.01653509, ..., -0.99606147,
         -0.99999966, -0.99980721],
        [ 0.07953796,  0.01653509,  0.        , ..., -0.99739138,
         -0.99984924, -0.99999519],
        ...,
        [ 0.98849017,  0.99606147,  0.99739138, ...,  0.        ,
          0.08949101,  0.0690906 ],
        [ 0.99806264,  0.99999966,  0.99984924, ..., -0.08949101,
          0.        , -0.02046378],
        [ 0.99658044,  0.99980721,  0.99999519, ..., -0.0690906 ,
          0.02046378,  0.        ]],

       ...,

       [[ 0.        ,  0.19157154,  0.29153786, ..., -0.75336851,
         -0.16433581, -0.31732155],
        [-0.19157154,  0.        ,  0.10288865, ..., -0.86539228,
         -0.3502591 , -0.49311506],
        [-0.29153786, -0.10288865,  0.        , ..., -0.91235653,
         -0.44477118, -0.58000747],
        ...,
        [ 0.75336851,  0.86539228,  0.91235653, ...,  0.        ,
          0.63505906,  0.50576272],
        [ 0.16433581,  0.3502591 ,  0.44477118, ..., -0.63505906,
          0.        , -0.15716478],
        [ 0.31732155,  0.49311506,  0.58000747, ..., -0.50576272,
          0.15716478,  0.        ]],

       [[ 0.        , -0.69618345, -0.89057823, ..., -0.63017434,
         -0.4593691 , -0.24969157],
        [ 0.69618345,  0.        , -0.32266881, ..., -0.99293361,
         -0.9481463 , -0.8533767 ],
        [ 0.89057823,  0.32266881,  0.        , ..., -0.97811499,
         -0.99998698, -0.97593678],
        ...,
        [ 0.63017434,  0.99293361,  0.97811499, ...,  0.        ,
         -0.20307068, -0.41633989],
        [ 0.4593691 ,  0.9481463 ,  0.99998698, ...,  0.20307068,
          0.        , -0.22303137],
        [ 0.24969157,  0.8533767 ,  0.97593678, ...,  0.41633989,
          0.22303137,  0.        ]],

       [[ 0.        , -0.02248781, -0.02643526, ..., -0.99547448,
         -0.99900739, -0.9129598 ],
        [ 0.02248781,  0.        , -0.00394862, ..., -0.99308574,
         -0.99975647, -0.92190507],
        [ 0.02643526,  0.00394862,  0.        , ..., -0.99261446,
         -0.99983582, -0.92342764],
        ...,
        [ 0.99547448,  0.99308574,  0.99261446, ...,  0.        ,
         -0.13927812, -0.49296078],
        [ 0.99900739,  0.99975647,  0.99983582, ...,  0.13927812,
          0.        , -0.3669769 ],
        [ 0.9129598 ,  0.92190507,  0.92342764, ...,  0.49296078,
          0.3669769 ,  0.        ]]]), 'num': array([8.35066637e-01, 5.50126621e-01, 1.30706429e-05, 9.99789529e-04,
       1.00896191e-03, 9.67686195e-04, 3.98448230e-03, 2.75171430e-05,
       9.82820624e-04, 1.04668333e-03, 1.13263618e-03, 1.44827068e-06,
       1.20003963e-03, 8.93327020e-04])}
{'img': array([[[ 0.        ,  0.10606257,  0.05268159, ..., -0.92830227,
         -0.98471182, -0.85818455],
        [-0.10606257,  0.        , -0.05353085, ..., -0.96250301,
         -0.9976327 , -0.90779022],
        [-0.05268159,  0.05353085,  0.        , ..., -0.9466016 ,
         -0.99252109, -0.88403647],
        ...,
        [ 0.92830227,  0.96250301,  0.9466016 , ...,  0.        ,
         -0.20443966,  0.1574402 ],
        [ 0.98471182,  0.9976327 ,  0.99252109, ...,  0.20443966,
          0.        ,  0.35600492],
        [ 0.85818455,  0.90779022,  0.88403647, ..., -0.1574402 ,
         -0.35600492,  0.        ]],

       [[ 0.        , -0.84557974, -0.54086223, ..., -0.86521365,
         -0.95472992, -0.76323401],
        [ 0.84557974,  0.        ,  0.42248775, ..., -0.03791702,
         -0.25814376,  0.13889598],
        [ 0.54086223, -0.42248775,  0.        , ..., -0.45655074,
         -0.64214158, -0.29250161],
        ...,
        [ 0.86521365,  0.03791702,  0.45655074, ...,  0.        ,
         -0.22132624,  0.17634559],
        [ 0.95472992,  0.25814376,  0.64214158, ...,  0.22132624,
          0.        ,  0.38982988],
        [ 0.76323401, -0.13889598,  0.29250161, ..., -0.17634559,
         -0.38982988,  0.        ]],

       [[ 0.        , -0.01653509, -0.02476053, ..., -0.99999966,
         -0.99980721, -0.99884514],
        [ 0.01653509,  0.        , -0.00822712, ..., -0.99984924,
         -0.99999519, -0.99791415],
        [ 0.02476053,  0.00822712,  0.        , ..., -0.99967254,
         -0.99998686, -0.99734928],
        ...,
        [ 0.99999966,  0.99984924,  0.99967254, ...,  0.        ,
         -0.02046378,  0.04721761],
        [ 0.99980721,  0.99999519,  0.99998686, ...,  0.02046378,
          0.        ,  0.06764868],
        [ 0.99884514,  0.99791415,  0.99734928, ..., -0.04721761,
         -0.06764868,  0.        ]],

       ...,

       [[ 0.        ,  0.10288865,  0.07775822, ..., -0.3502591 ,
         -0.49311506, -0.00643025],
        [-0.10288865,  0.        , -0.02523158, ..., -0.44477118,
         -0.58000747, -0.10928264],
        [-0.07775822,  0.02523158,  0.        , ..., -0.42203106,
         -0.55926889, -0.08416739],
        ...,
        [ 0.3502591 ,  0.44477118,  0.42203106, ...,  0.        ,
         -0.15716478,  0.34422895],
        [ 0.49311506,  0.58000747,  0.55926889, ...,  0.15716478,
          0.        ,  0.48751078],
        [ 0.00643025,  0.10928264,  0.08416739, ..., -0.34422895,
         -0.48751078,  0.        ]],

       [[ 0.        , -0.6918918 , -0.91994335, ..., -0.71659758,
         -0.62312428, -0.        ],
        [ 0.6918918 ,  0.        , -0.39294313, ..., -0.99996975,
         -0.99104086, -0.6918918 ],
        [ 0.91994335,  0.39294313,  0.        , ..., -0.92259141,
         -0.96380539, -0.91994335],
        ...,
        [ 0.71659758,  0.99996975,  0.92259141, ...,  0.        ,
         -0.12584634, -0.71659758],
        [ 0.62312428,  0.99104086,  0.96380539, ...,  0.12584634,
          0.        , -0.62312428],
        [ 0.        ,  0.6918918 ,  0.91994335, ...,  0.71659758,
          0.62312428,  0.        ]],

       [[ 0.        , -0.0039179 ,  0.00835145, ..., -0.99971325,
         -0.98068378, -0.91909907],
        [ 0.0039179 ,  0.        ,  0.01226915, ..., -0.99961176,
         -0.98144259, -0.92063577],
        [-0.00835145, -0.01226915,  0.        , ..., -0.99987837,
         -0.97901604, -0.91577633],
        ...,
        [ 0.99971325,  0.99961176,  0.99987837, ...,  0.        ,
         -0.21902748, -0.41592247],
        [ 0.98068378,  0.98144259,  0.97901604, ...,  0.21902748,
          0.        , -0.20663973],
        [ 0.91909907,  0.92063577,  0.91577633, ...,  0.41592247,
          0.20663973,  0.        ]]]), 'num': array([8.03943514e-01, 5.94692796e-01, 9.57669191e-06, 9.64289024e-04,
       9.73115468e-04, 9.48842746e-04, 2.72145753e-03, 2.20661104e-06,
       9.48401424e-04, 9.99705131e-04, 1.08789602e-03, 1.31203900e-06,
       1.13979609e-03, 8.59614175e-04])}
{'img': array([[[ 0.        , -0.05353085, -0.15763741, ..., -0.9976327 ,
         -0.90779022, -0.89753092],
        [ 0.05353085,  0.        , -0.10454983, ..., -0.99252109,
         -0.88403647, -0.87263953],
        [ 0.15763741,  0.10454983,  0.        , ..., -0.97431899,
         -0.83032318, -0.8167987 ],
        ...,
        [ 0.9976327 ,  0.99252109,  0.97431899, ...,  0.        ,
          0.35600492,  0.37818647],
        [ 0.90779022,  0.88403647,  0.83032318, ..., -0.35600492,
          0.        ,  0.023845  ],
        [ 0.89753092,  0.87263953,  0.8167987 , ..., -0.37818647,
         -0.023845  ,  0.        ]],

       [[ 0.        ,  0.42248775,  0.21517   , ..., -0.25814376,
          0.13889598, -0.20542765],
