state_0,state_1,state_2,state_3,state_4,state_5,state_6,state_7,state_8,state_9,state_10,state_11,state_12,state_13,state_14,state_15,state_16,state_17,state_18,state_19,state_20,state_21,state_22,state_23,state_24,state_25,state_26,state_27,state_28,state_29,state_30,state_31,state_32,state_33,state_34,state_35,state_36,state_37,state_38,state_39,state_40,state_41,state_42,state_43,state_44,state_45,state_46,state_47,state_48,state_49,state_50,state_51,state_52,state_53,state_54,state_55,state_56,state_57,state_58,state_59,state_60,state_61,state_62,state_63,state_64,state_65,state_66,state_67,state_68,state_69,state_70,state_71,state_72,state_73,state_74,state_75,state_76,state_77,state_78,state_79,state_80,state_81,state_82,state_83,state_84,state_85,state_86,state_87,state_88,state_89,state_90,state_91,state_92,state_93,state_94,state_95,state_96,state_97,state_98,state_99,state_100,state_101,state_102,state_103,state_104,state_105,state_106,state_107,state_108,state_109,state_110,state_111,state_112,state_113,state_114,state_115,state_116,state_117,state_118,state_119,state_120,state_121,state_122,state_123,state_124,state_125,state_126,state_127,state_128,state_129,state_130,state_131,state_132,state_133,state_134,state_135,state_136,state_137,state_138,state_139,state_140,state_141,state_142,state_143,state_144,state_145,state_146,state_147,state_148,state_149,state_150,state_151,state_152,state_153,state_154,state_155,state_156,state_157,state_158,state_159,state_160,state_161,state_162,state_163,state_164,state_165,state_166,state_167,state_168,state_169,state_170,state_171,state_172,state_173,state_174,state_175,state_176,state_177,state_178,state_179,state_180,state_181,state_182,state_183,state_184,state_185,state_186,state_187,state_188,state_189,state_190,state_191,state_192,state_193,state_194,state_195,state_196,state_197,state_198,state_199,state_200,state_201,state_202,state_203,state_204,state_205,state_206,state_207,state_208,state_209,state_210,state_211,state_212,state_213,state_214,state_215,state_216,state_217,state_218,state_219,state_220,state_221,state_222,state_223,state_224,state_225,state_226,state_227,state_228,state_229,state_230,state_231,state_232,state_233,state_234,state_235,state_236,state_237,state_238,state_239,state_240,state_241,state_242,state_243,state_244,state_245,state_246,state_247,state_248,state_249,state_250,state_251,state_252,state_253,state_254,state_255,state_256,state_257,state_258,state_259,state_260,state_261,state_262,state_263,state_264,state_265,state_266,state_267,state_268,state_269,state_270,state_271,state_272,state_273,state_274,state_275,state_276,state_277,state_278,state_279,state_280,state_281,state_282,state_283,state_284,state_285,state_286,state_287
{'img': array([[[ 0.00000000e+00, -1.05650870e-01, -3.59107488e-01, ...,
          9.47455917e-01,  9.33798963e-01,  9.47455917e-01],
        [ 1.05650870e-01,  0.00000000e+00, -2.58494109e-01, ...,
          9.75949549e-01,  9.66374440e-01,  9.75949549e-01],
        [ 3.59107488e-01,  2.58494109e-01,  0.00000000e+00, ...,
          9.99130603e-01,  9.99999016e-01,  9.99130603e-01],
        ...,
        [-9.47455917e-01, -9.75949549e-01, -9.99130603e-01, ...,
          0.00000000e+00, -4.02883936e-02,  0.00000000e+00],
        [-9.33798963e-01, -9.66374440e-01, -9.99999016e-01, ...,
          4.02883936e-02,  0.00000000e+00,  4.02883936e-02],
        [-9.47455917e-01, -9.75949549e-01, -9.99130603e-01, ...,
          0.00000000e+00, -4.02883936e-02,  0.00000000e+00]],

       [[ 0.00000000e+00, -6.69066183e-02, -8.42371730e-03, ...,
          1.35727495e-02,  1.12102742e-02, -1.18467512e-01],
        [ 6.69066183e-02,  0.00000000e+00,  5.84994027e-02, ...,
          8.04427915e-02,  7.80875688e-02, -5.17665979e-02],
        [ 8.42371730e-03, -5.84994027e-02,  0.00000000e+00, ...,
          2.19952093e-02,  1.96330644e-02, -1.10098912e-01],
        ...,
        [-1.35727495e-02, -8.04427915e-02, -2.19952093e-02, ...,
          0.00000000e+00, -2.36265504e-03, -1.31933769e-01],
        [-1.12102742e-02, -7.80875688e-02, -1.96330644e-02, ...,
          2.36265504e-03,  0.00000000e+00, -1.29591399e-01],
        [ 1.18467512e-01,  5.17665979e-02,  1.10098912e-01, ...,
          1.31933769e-01,  1.29591399e-01,  0.00000000e+00]],

       [[ 0.00000000e+00, -7.37121221e-03, -9.83205723e-02, ...,
          9.89343983e-01,  9.95844000e-01,  9.99778516e-01],
        [ 7.37121221e-03,  0.00000000e+00, -9.09824039e-02, ...,
          9.90390331e-01,  9.96488281e-01,  9.99596223e-01],
        [ 9.83205723e-02,  9.09824039e-02,  0.00000000e+00, ...,
          9.98865588e-01,  9.99973516e-01,  9.92865166e-01],
        ...,
        [-9.89343983e-01, -9.90390331e-01, -9.98865588e-01, ...,
          0.00000000e+00,  5.48869916e-02,  1.66386106e-01],
        [-9.95844000e-01, -9.96488281e-01, -9.99973516e-01, ...,
         -5.48869916e-02,  0.00000000e+00,  1.12013386e-01],
        [-9.99778516e-01, -9.99596223e-01, -9.92865166e-01, ...,
         -1.66386106e-01, -1.12013386e-01,  0.00000000e+00]],

       ...,

       [[ 0.00000000e+00,  3.39009478e-01,  2.00954764e-01, ...,
          9.83005245e-01,  9.95748724e-01,  9.83005245e-01],
        [-3.39009478e-01,  0.00000000e+00, -1.43039044e-01, ...,
          8.62560078e-01,  9.05556851e-01,  8.62560078e-01],
        [-2.00954764e-01,  1.43039044e-01,  0.00000000e+00, ...,
          9.26061683e-01,  9.56925780e-01,  9.26061683e-01],
        ...,
        [-9.83005245e-01, -8.62560078e-01, -9.26061683e-01, ...,
          0.00000000e+00,  9.22512173e-02, -4.99600361e-16],
        [-9.95748724e-01, -9.05556851e-01, -9.56925780e-01, ...,
         -9.22512173e-02,  0.00000000e+00, -9.22512173e-02],
        [-9.83005245e-01, -8.62560078e-01, -9.26061683e-01, ...,
          4.99600361e-16,  9.22512173e-02,  0.00000000e+00]],

       [[ 0.00000000e+00, -7.27512505e-01, -9.49445532e-01, ...,
         -6.20417166e-01, -5.81182883e-01, -5.33378242e-01],
        [ 7.27512505e-01,  0.00000000e+00, -4.23019965e-01, ...,
          1.44902916e-01,  1.93283681e-01,  2.49438151e-01],
        [ 9.49445532e-01,  4.23019965e-01,  0.00000000e+00, ...,
          5.49854843e-01,  5.90181321e-01,  6.35669601e-01],
        ...,
        [ 6.20417166e-01, -1.44902916e-01, -5.49854843e-01, ...,
          0.00000000e+00,  4.90732727e-02,  1.06482910e-01],
        [ 5.81182883e-01, -1.93283681e-01, -5.90181321e-01, ...,
         -4.90732727e-02,  0.00000000e+00,  5.75603491e-02],
        [ 5.33378242e-01, -2.49438151e-01, -6.35669601e-01, ...,
         -1.06482910e-01, -5.75603491e-02,  0.00000000e+00]],

       [[ 0.00000000e+00,  2.21923359e-01,  3.86644804e-01, ...,
          3.48012880e-01,  2.95020458e-01,  1.49178240e-01],
        [-2.21923359e-01,  0.00000000e+00,  1.72339379e-01, ...,
          5.47385744e-01,  4.99709618e-01,  3.64898456e-01],
        [-3.86644804e-01, -1.72339379e-01,  0.00000000e+00, ...,
          6.83423011e-01,  6.41511942e-01,  5.19894829e-01],
        ...,
        [-3.48012880e-01, -5.47385744e-01, -6.83423011e-01, ...,
          0.00000000e+00,  5.59444967e-02,  2.04265657e-01],
        [-2.95020458e-01, -4.99709618e-01, -6.41511942e-01, ...,
         -5.59444967e-02,  0.00000000e+00,  1.49180818e-01],
        [-1.49178240e-01, -3.64898456e-01, -5.19894829e-01, ...,
         -2.04265657e-01, -1.49180818e-01,  0.00000000e+00]]]), 'num': array([ 7.07026787e-01,  7.07026787e-01,  0.00000000e+00,  7.39164368e-04,
        7.57911290e-04,  7.39164368e-04,  1.48983935e-02, -1.07125271e-05,
        7.41842500e-04,  7.32870758e-04,  6.72791335e-04,  2.63273970e-06,
        7.68290000e-04,  6.97451516e-04])}
{'img': array([[[ 0.        , -0.25849411, -0.32101694, ...,  0.96637444,
          0.97594955,  0.9321153 ],
        [ 0.25849411,  0.        , -0.06529358, ...,  0.99999902,
          0.9991306 ,  0.994052  ],
        [ 0.32101694,  0.06529358,  0.        , ...,  0.99777354,
          0.99427648,  0.99904168],
        ...,
        [-0.96637444, -0.99999902, -0.99777354, ...,  0.        ,
          0.04028839, -0.11030063],
        [-0.97594955, -0.9991306 , -0.99427648, ..., -0.04028839,
          0.        , -0.15025364],
        [-0.9321153 , -0.994052  , -0.99904168, ...,  0.11030063,
          0.15025364,  0.        ]],

       [[ 0.        ,  0.0584994 ,  0.13486442, ...,  0.07808757,
         -0.0517666 ,  0.04379797],
        [-0.0584994 ,  0.        ,  0.0766685 , ...,  0.01963306,
         -0.11009891, -0.0147203 ],
        [-0.13486442, -0.0766685 ,  0.        , ..., -0.05707844,
         -0.18597725, -0.09133717],
        ...,
        [-0.07808757, -0.01963306,  0.05707844, ...,  0.        ,
         -0.1295914 , -0.0343484 ],
        [ 0.0517666 ,  0.11009891,  0.18597725, ...,  0.1295914 ,
          0.        ,  0.09545617],
        [-0.04379797,  0.0147203 ,  0.09133717, ...,  0.0343484 ,
         -0.09545617,  0.        ]],

       [[ 0.        , -0.0909824 , -0.1790194 , ...,  0.99648828,
          0.99959622,  0.99623946],
        [ 0.0909824 ,  0.        , -0.08876429, ...,  0.99997352,
          0.99286517,  0.9842246 ],
        [ 0.1790194 ,  0.08876429,  0.        , ...,  0.99538027,
          0.97836152,  0.96463503],
        ...,
        [-0.99648828, -0.99997352, -0.99538027, ...,  0.        ,
          0.11201339,  0.16975584],
        [-0.99959622, -0.99286517, -0.97836152, ..., -0.11201339,
          0.        ,  0.05829987],
        [-0.99623946, -0.9842246 , -0.96463503, ..., -0.16975584,
         -0.05829987,  0.        ]],

       ...,

       [[ 0.        , -0.14303904, -0.21804336, ...,  0.90555685,
          0.86256008,  0.47603115],
        [ 0.14303904,  0.        , -0.07620384, ...,  0.95692578,
          0.92606168,  0.59692874],
        [ 0.21804336,  0.07620384,  0.        , ...,  0.97626775,
          0.95212615,  0.65633093],
        ...,
        [-0.90555685, -0.95692578, -0.97626775, ...,  0.        ,
         -0.09225122, -0.59442815],
        [-0.86256008, -0.92606168, -0.95212615, ...,  0.09225122,
          0.        , -0.51770967],
        [-0.47603115, -0.59692874, -0.65633093, ...,  0.59442815,
          0.51770967,  0.        ]],

       [[ 0.        , -0.50287222, -0.81495922, ...,  0.30646344,
          0.44890595,  0.57710729],
        [ 0.50287222,  0.        , -0.41299512, ...,  0.74357021,
          0.83737275,  0.90950872],
        [ 0.81495922,  0.41299512,  0.        , ...,  0.95334654,
          0.98837967,  0.99999563],
        ...,
        [-0.30646344, -0.74357021, -0.95334654, ...,  0.        ,
          0.15345639,  0.2990593 ],
        [-0.44890595, -0.83737275, -0.98837967, ..., -0.15345639,
          0.        ,  0.14908368],
        [-0.57710729, -0.90950872, -0.99999563, ..., -0.2990593 ,
         -0.14908368,  0.        ]],

       [[ 0.        ,  0.17178381,  0.33617486, ...,  0.55579428,
          0.50510818,  0.36381261],
        [-0.17178381,  0.        ,  0.1693916 , ...,  0.69033951,
          0.64585863,  0.51841625],
        [-0.33617486, -0.1693916 ,  0.        , ...,  0.80291567,
          0.76584842,  0.65577609],
        ...,
        [-0.55579428, -0.69033951, -0.80291567, ...,  0.        ,
          0.05977515,  0.21526226],
        [-0.50510818, -0.64585863, -0.76584842, ..., -0.05977515,
          0.        ,  0.15650354],
        [-0.36381261, -0.51841625, -0.65577609, ..., -0.21526226,
         -0.15650354,  0.        ]]]), 'num': array([7.06966752e-01, 7.06966752e-01, 0.00000000e+00, 7.57846935e-04,
       7.68558553e-04, 7.47135318e-04, 1.97903024e-02, 1.87453306e-05,
       7.48742060e-04, 7.35754224e-04, 6.75055059e-04, 3.01264241e-06,
       7.69152963e-04, 7.02355485e-04])}
{'img': array([[[ 0.        , -0.06529358, -0.28878692, ...,  0.9991306 ,
          0.994052  ,  0.98403776],
        [ 0.06529358,  0.        , -0.22565904, ...,  0.99427648,
          0.99904168,  0.97031829],
        [ 0.28878692,  0.22565904,  0.        , ...,  0.94452158,
          0.98314959,  0.89071879],
        ...,
        [-0.9991306 , -0.99427648, -0.94452158, ...,  0.        ,
         -0.15025364,  0.13678075],
        [-0.994052  , -0.99904168, -0.98314959, ...,  0.15025364,
          0.        ,  0.2840694 ],
        [-0.98403776, -0.97031829, -0.89071879, ..., -0.13678075,
         -0.2840694 ,  0.        ]],

       [[ 0.        ,  0.0766685 ,  0.23837496, ..., -0.11009891,
         -0.0147203 ,  0.07993547],
        [-0.0766685 ,  0.        ,  0.16321495, ..., -0.18597725,
         -0.09133717,  0.00327703],
        [-0.23837496, -0.16321495,  0.        , ..., -0.34385091,
         -0.2526451 , -0.15998098],
        ...,
        [ 0.11009891,  0.18597725,  0.34385091, ...,  0.        ,
          0.09545617,  0.18919612],
        [ 0.0147203 ,  0.09133717,  0.2526451 , ..., -0.09545617,
          0.        ,  0.09460001],
        [-0.07993547, -0.00327703,  0.15998098, ..., -0.18919612,
         -0.09460001,  0.        ]],

       [[ 0.        , -0.08876429, -0.28727164, ...,  0.99286517,
          0.9842246 ,  0.88139969],
        [ 0.08876429,  0.        , -0.20111488, ...,  0.97836152,
          0.96463503,  0.83599081],
        [ 0.28727164,  0.20111488,  0.        , ...,  0.91676009,
          0.89191358,  0.70854909],
        ...,
        [-0.99286517, -0.97836152, -0.91676009, ...,  0.        ,
          0.05829987,  0.36390069],
        [-0.9842246 , -0.96463503, -0.89191358, ..., -0.05829987,
          0.        ,  0.30897903],
        [-0.88139969, -0.83599081, -0.70854909, ..., -0.36390069,
         -0.30897903,  0.        ]],

       ...,

       [[ 0.        , -0.07620384, -0.11607762, ...,  0.92606168,
          0.59692874,  0.83846788],
        [ 0.07620384,  0.        , -0.04005138, ...,  0.95212615,
          0.65633093,  0.8775572 ],
        [ 0.11607762,  0.04005138,  0.        , ...,  0.9636061 ,
          0.68602199,  0.89605658],
        ...,
        [-0.92606168, -0.95212615, -0.9636061 , ...,  0.        ,
         -0.51770967, -0.1882438 ],
        [-0.59692874, -0.65633093, -0.68602199, ...,  0.51770967,
          0.        ,  0.34740105],
        [-0.83846788, -0.8775572 , -0.89605658, ...,  0.1882438 ,
         -0.34740105,  0.        ]],

       [[ 0.        , -0.40921524, -0.66166665, ...,  0.79830348,
          0.83041705,  0.91431606],
        [ 0.40921524,  0.        , -0.29690089, ...,  0.97485442,
          0.98569509,  0.99998936],
        [ 0.66166665,  0.29690089,  0.        , ...,  0.99705877,
          0.99128762,  0.95352841],
        ...,
        [-0.79830348, -0.97485442, -0.99705877, ...,  0.        ,
          0.05535453,  0.22733774],
        [-0.83041705, -0.98569509, -0.99128762, ..., -0.05535453,
          0.        ,  0.17308405],
        [-0.91431606, -0.99998936, -0.95352841, ..., -0.22733774,
         -0.17308405,  0.        ]],

       [[ 0.        ,  0.16640168,  0.20806341, ...,  0.8005713 ,
          0.78068713,  0.51068792],
        [-0.16640168,  0.        ,  0.04240256, ...,  0.88912391,
          0.87379092,  0.64663447],
        [-0.20806341, -0.04240256,  0.        , ...,  0.90773047,
          0.89362548,  0.67839757],
        ...,
        [-0.8005713 , -0.88912391, -0.90773047, ...,  0.        ,
          0.03247768,  0.38228076],
        [-0.78068713, -0.87379092, -0.89362548, ..., -0.03247768,
          0.        ,  0.35206822],
        [-0.51068792, -0.64663447, -0.67839757, ..., -0.38228076,
         -0.35206822,  0.        ]]]), 'num': array([8.43867285e-01, 5.36049042e-01, 2.12288444e-05, 9.18860428e-04,
       9.25197396e-04, 8.90344070e-04, 2.30910893e-02, 2.21793896e-05,
       8.92245160e-04, 8.74343224e-04, 8.02313016e-04, 3.68868314e-06,
       9.16969642e-04, 8.31716806e-04])}
{'img': array([[[ 0.        , -0.22260302,  0.        , ...,  0.99600295,
          0.98597195,  0.72689654],
        [ 0.22260302,  0.        ,  0.22260302, ...,  0.99089539,
          0.92407818,  0.55578615],
        [ 0.        , -0.22260302,  0.        , ...,  0.99600295,
          0.98597195,  0.72689654],
        ...,
        [-0.99600295, -0.99089539, -0.99600295, ...,  0.        ,
          0.25431134,  0.74892869],
        [-0.98597195, -0.92407818, -0.98597195, ..., -0.25431134,
          0.        ,  0.55578615],
        [-0.72689654, -0.55578615, -0.72689654, ..., -0.74892869,
         -0.55578615,  0.        ]],

       [[ 0.        ,  0.16321495,  0.01833315, ..., -0.09133717,
          0.00327703, -0.00161533],
        [-0.16321495,  0.        , -0.1451002 , ..., -0.2526451 ,
         -0.15998098, -0.16480841],
        [-0.01833315,  0.1451002 ,  0.        , ..., -0.10957833,
         -0.01505657, -0.01994819],
        ...,
        [ 0.09133717,  0.2526451 ,  0.10957833, ...,  0.        ,
          0.09460001,  0.08972847],
        [-0.00327703,  0.15998098,  0.01505657, ..., -0.09460001,
          0.        , -0.00489235],
        [ 0.00161533,  0.16480841,  0.01994819, ..., -0.08972847,
          0.00489235,  0.        ]],

       [[ 0.        , -0.19784366, -0.36246924, ...,  0.98645874,
          0.93862875,  0.75993421],
        [ 0.19784366,  0.        , -0.17091507, ...,  0.93451172,
          0.85183339,  0.61631465],
        [ 0.36246924,  0.17091507,  0.        , ...,  0.85992689,
          0.74977181,  0.47265044],
        ...,
        [-0.98645874, -0.93451172, -0.85992689, ...,  0.        ,
          0.18631416,  0.51656165],
        [-0.93862875, -0.85183339, -0.74977181, ..., -0.18631416,
          0.        ,  0.34798527],
        [-0.75993421, -0.61631465, -0.47265044, ..., -0.51656165,
         -0.34798527,  0.        ]],

       ...,

       [[ 0.        , -0.04005138,  0.56378948, ...,  0.65633093,
          0.8775572 ,  0.92028882],
        [ 0.04005138,  0.        ,  0.59641628, ...,  0.68602199,
          0.89605658,  0.93522009],
        [-0.56378948, -0.59641628,  0.        , ...,  0.11671186,
          0.4544695 ,  0.53950678],
        ...,
        [-0.65633093, -0.68602199, -0.11671186, ...,  0.        ,
          0.34740105,  0.43755049],
        [-0.8775572 , -0.89605658, -0.4544695 , ..., -0.34740105,
          0.        ,  0.0979175 ],
        [-0.92028882, -0.93522009, -0.53950678, ..., -0.43755049,
         -0.0979175 ,  0.        ]],

       [[ 0.        , -0.28566486, -0.4843761 , ...,  0.9160047 ,
          0.92889594,  0.9987621 ],
        [ 0.28566486,  0.        , -0.21427522, ...,  0.99243387,
          0.99598182,  0.94293373],
        [ 0.4843761 ,  0.21427522,  0.        , ...,  0.99569172,
          0.99203803,  0.84968306],
        ...,
        [-0.9160047 , -0.99243387, -0.99569172, ...,  0.        ,
          0.03340895,  0.44623482],
        [-0.92889594, -0.99598182, -0.99203803, ..., -0.03340895,
          0.        ,  0.41608752],
        [-0.9987621 , -0.94293373, -0.84968306, ..., -0.44623482,
         -0.41608752,  0.        ]],

       [[ 0.        ,  0.04231131,  0.07100509, ...,  0.88276672,
          0.73424614,  0.6455799 ],
        [-0.04231131,  0.        ,  0.02873699, ...,  0.90185452,
          0.76231305,  0.67731461],
        [-0.07100509, -0.02873699,  0.        , ...,  0.91389759,
          0.78059704,  0.6981765 ],
        ...,
        [-0.88276672, -0.90185452, -0.91389759, ...,  0.        ,
          0.25433829,  0.37086161],
        [-0.73424614, -0.76231305, -0.78059704, ..., -0.25433829,
          0.        ,  0.12246499],
        [-0.6455799 , -0.67731461, -0.6981765 , ..., -0.37086161,
         -0.12246499,  0.        ]]]), 'num': array([8.91547890e-01, 4.52396718e-01, 2.99761892e-05, 9.75891494e-04,
       9.82552870e-04, 9.49245993e-04, 2.17386658e-02, 9.99206308e-06,
       9.47247580e-04, 9.23599698e-04, 8.47437972e-04, 4.11437892e-06,
       9.72099817e-04, 8.75099578e-04])}
{'img': array([[[ 0.        ,  0.21824327,  0.4395358 , ...,  0.95645102,
          0.81595917,  0.54688261],
        [-0.21824327,  0.        ,  0.23290894, ...,  0.99709884,
          0.9224585 ,  0.71641497],
        [-0.4395358 , -0.23290894,  0.        , ...,  0.98740566,
          0.98701482,  0.85920713],
        ...,
        [-0.95645102, -0.99709884, -0.98740566, ...,  0.        ,
          0.31476078,  0.64111855],
        [-0.81595917, -0.9224585 , -0.98701482, ..., -0.31476078,
          0.        ,  0.36697055],
        [-0.54688261, -0.71641497, -0.85920713, ..., -0.64111855,
         -0.36697055,  0.        ]],

       [[ 0.        , -0.1451002 , -0.20751213, ..., -0.15998098,
         -0.16480841, -0.20190012],
        [ 0.1451002 ,  0.        , -0.06337429, ..., -0.01505657,
         -0.01994819, -0.05765138],
        [ 0.20751213,  0.06337429,  0.        , ...,  0.0483408 ,
          0.04345359,  0.00573339],
        ...,
        [ 0.15998098,  0.01505657, -0.0483408 , ...,  0.        ,
         -0.00489235, -0.04261332],
        [ 0.16480841,  0.01994819, -0.04345359, ...,  0.00489235,
          0.        , -0.0377249 ],
        [ 0.20190012,  0.05765138, -0.00573339, ...,  0.04261332,
          0.0377249 ,  0.        ]],

       [[ 0.        , -0.16701988, -0.20665257, ...,  0.92919305,
          0.87325846,  0.60476077],
        [ 0.16701988,  0.        , -0.04033518, ...,  0.85441149,
          0.77961061,  0.46325019],
        [ 0.20665257,  0.04033518,  0.        , ...,  0.83275814,
          0.75371568,  0.42712705],
        ...,
        [-0.92919305, -0.85441149, -0.83275814, ...,  0.        ,
          0.13000433,  0.51649961],
        [-0.87325846, -0.77961061, -0.75371568, ..., -0.13000433,
          0.        ,  0.40079522],
        [-0.60476077, -0.46325019, -0.42712705, ..., -0.51649961,
         -0.40079522,  0.        ]],

       ...,

       [[ 0.        ,  0.59641628,  0.62359781, ...,  0.89605658,
          0.93522009,  0.98415822],
        [-0.59641628,  0.        ,  0.0343009 , ...,  0.4544695 ,
          0.53950678,  0.68421942],
        [-0.62359781, -0.0343009 ,  0.        , ...,  0.42364812,
          0.51030859,  0.65880196],
        ...,
        [-0.89605658, -0.4544695 , -0.42364812, ...,  0.        ,
          0.0979175 ,  0.27804307],
        [-0.93522009, -0.53950678, -0.51030859, ..., -0.0979175 ,
          0.        ,  0.18265047],
        [-0.98415822, -0.68421942, -0.65880196, ..., -0.27804307,
         -0.18265047,  0.        ]],

       [[ 0.        , -0.2071125 , -0.4833738 , ...,  0.97100624,
          0.99751246,  0.9308483 ],
        [ 0.2071125 ,  0.        , -0.29158368, ...,  0.99946314,
          0.99048296,  0.83498471],
        [ 0.4833738 ,  0.29158368,  0.        , ...,  0.96558501,
          0.9073096 ,  0.63825006],
        ...,
        [-0.97100624, -0.99946314, -0.96558501, ...,  0.        ,
          0.17001294,  0.57733451],
        [-0.99751246, -0.99048296, -0.9073096 , ..., -0.17001294,
          0.        ,  0.43011269],
        [-0.9308483 , -0.83498471, -0.63825006, ..., -0.57733451,
         -0.43011269,  0.        ]],

       [[ 0.        ,  0.02866802,  0.14229387, ...,  0.79582277,
          0.76515467,  0.6761238 ],
        [-0.02866802,  0.        ,  0.11385908, ...,  0.81285501,
          0.78329798,  0.69696816],
        [-0.14229387, -0.11385908,  0.        , ...,  0.87388799,
          0.84898422,  0.7740843 ],
        ...,
        [-0.79582277, -0.81285501, -0.87388799, ...,  0.        ,
          0.04906389,  0.1769397 ],
        [-0.76515467, -0.78329798, -0.84898422, ..., -0.04906389,
          0.        ,  0.12843685],
        [-0.6761238 , -0.69696816, -0.7740843 , ..., -0.1769397 ,
         -0.12843685,  0.        ]]]), 'num': array([7.78820768e-01, 6.25200767e-01, 9.97532472e-06, 8.87976883e-04,
       8.90859925e-04, 8.47614297e-04, 5.05639408e-02, 4.32456274e-05,
       8.36082130e-04, 8.05954343e-04, 7.38058708e-04, 3.68388678e-06,
       8.59067298e-04, 7.52841388e-04])}
{'img': array([[[ 0.        ,  0.21145459,  0.16263304, ...,  0.99939647,
          0.99895709,  0.66976374],
        [-0.21145459,  0.        , -0.04968387, ...,  0.96945254,
          0.98602326,  0.81163966],
        [-0.16263304,  0.04968387,  0.        , ...,  0.98044167,
          0.99308323,  0.78161403],
        ...,
        [-0.99939647, -0.96945254, -0.98044167, ...,  0.        ,
          0.08033251,  0.765392  ],
        [-0.99895709, -0.98602326, -0.99308323, ..., -0.08033251,
          0.        ,  0.71121921],
        [-0.66976374, -0.81163966, -0.78161403, ..., -0.765392  ,
         -0.71121921,  0.        ]],

       [[ 0.        , -0.06337429, -0.15838752, ..., -0.01994819,
         -0.05765138,  0.34998364],
        [ 0.06337429,  0.        , -0.09549482, ...,  0.04345359,
          0.00573339,  0.40864635],
        [ 0.15838752,  0.09549482,  0.        , ...,  0.13865962,
          0.10120044,  0.49393624],
        ...,
        [ 0.01994819, -0.04345359, -0.13865962, ...,  0.        ,
         -0.0377249 ,  0.36860058],
        [ 0.05765138, -0.00573339, -0.10120044, ...,  0.0377249 ,
          0.        ,  0.40340681],
        [-0.34998364, -0.40864635, -0.49393624, ..., -0.36860058,
         -0.40340681,  0.        ]],

       [[ 0.        , -0.03866222,  0.01223703, ...,  0.91578425,
          0.85521517,  0.44601071],
        [ 0.03866222,  0.        ,  0.05088721, ...,  0.89957007,
          0.83453817,  0.41107349],
        [-0.01223703, -0.05088721,  0.        , ...,  0.92063093,
          0.86149326,  0.45692979],
        ...,
        [-0.91578425, -0.89957007, -0.92063093, ...,  0.        ,
          0.13111161,  0.64050284],
        [-0.85521517, -0.83453817, -0.86149326, ..., -0.13111161,
          0.        ,  0.53428585],
        [-0.44601071, -0.41107349, -0.45692979, ..., -0.64050284,
         -0.53428585,  0.        ]],

       ...,

       [[ 0.        ,  0.0343009 , -0.2593577 , ...,  0.53950678,
          0.68421942,  0.76399595],
        [-0.0343009 ,  0.        , -0.29233225, ...,  0.51030859,
          0.65880196,  0.74141471],
        [ 0.2593577 ,  0.29233225,  0.        , ...,  0.7394199 ,
          0.84994974,  0.90519607],
        ...,
        [-0.53950678, -0.51030859, -0.7394199 , ...,  0.        ,
          0.18265047,  0.29516914],
        [-0.68421942, -0.65880196, -0.84994974, ..., -0.18265047,
          0.        ,  0.1156913 ],
        [-0.76399595, -0.74141471, -0.90519607, ..., -0.29516914,
         -0.1156913 ,  0.        ]],

       [[ 0.        , -0.27296183, -0.41989826, ...,  0.9877386 ,
          0.99963126,  0.80092898],
        [ 0.27296183,  0.        , -0.15622027, ...,  0.99284302,
          0.96908219,  0.60707513],
        [ 0.41989826,  0.15622027,  0.        , ...,  0.96199627,
          0.91863854,  0.47548204],
        ...,
        [-0.9877386 , -0.99284302, -0.96199627, ...,  0.        ,
          0.12923798,  0.71645622],
        [-0.99963126, -0.96908219, -0.91863854, ..., -0.12923798,
          0.        ,  0.62028719],
        [-0.80092898, -0.60707513, -0.47548204, ..., -0.71645622,
         -0.62028719,  0.        ]],

       [[ 0.        ,  0.11385908,  0.13179733, ...,  0.78329798,
          0.69696816,  0.89346809],
        [-0.11385908,  0.        ,  0.01807439, ...,  0.84898422,
          0.7740843 ,  0.93879494],
        [-0.13179733, -0.01807439,  0.        , ...,  0.85839637,
          0.78540042,  0.94486778],
        ...,
        [-0.78329798, -0.84898422, -0.85839637, ...,  0.        ,
          0.12843685, -0.20362122],
        [-0.69696816, -0.7740843 , -0.78540042, ..., -0.12843685,
          0.        , -0.32768083],
        [-0.89346809, -0.93879494, -0.94486778, ...,  0.20362122,
          0.32768083,  0.        ]]]), 'num': array([7.70923874e-01, 6.36075675e-01, 8.72803874e-06, 8.81360775e-04,
       8.98474576e-04, 8.55690072e-04, 3.28420695e-02, 2.85230024e-06,
       8.45992252e-04, 8.03350363e-04, 7.34419774e-04, 4.12486496e-06,
       8.64771587e-04, 7.41929139e-04])}
{'img': array([[[ 0.        , -0.04938025, -0.80868983, ...,  0.98283182,
          0.90874869,  0.80868983],
        [ 0.04938025,  0.        , -0.77865606, ...,  0.99074365,
          0.88703152,  0.77865606],
        [ 0.80868983,  0.77865606,  0.        , ...,  0.72734263,
          0.19705638,  0.        ],
        ...,
        [-0.98283182, -0.99074365, -0.72734263, ...,  0.        ,
          0.57784623,  0.72734263],
        [-0.90874869, -0.88703152, -0.19705638, ..., -0.57784623,
          0.        ,  0.19705638],
        [-0.80868983, -0.77865606, -0.        , ..., -0.72734263,
         -0.19705638,  0.        ]],

       [[ 0.        , -0.09549482,  0.682383  , ...,  0.00573339,
          0.40864635,  0.21815365],
        [ 0.09549482,  0.        ,  0.74907068, ...,  0.10120044,
          0.49393624,  0.31035144],
        [-0.682383  , -0.74907068,  0.        , ..., -0.6781807 ,
         -0.32408768, -0.50647823],
        ...,
        [-0.00573339, -0.10120044,  0.6781807 , ...,  0.        ,
          0.40340681,  0.21255476],
        [-0.40864635, -0.49393624,  0.32408768, ..., -0.40340681,
          0.        , -0.19969661],
        [-0.21815365, -0.31035144,  0.50647823, ..., -0.21255476,
          0.19969661,  0.        ]],

       [[ 0.        ,  0.04861109, -0.13781478, ...,  0.93667927,
          0.83697961,  0.39428703],
        [-0.04861109,  0.        , -0.18579909, ...,  0.95259495,
          0.86259176,  0.43849388],
        [ 0.13781478,  0.18579909,  0.        , ...,  0.87948035,
          0.75357623,  0.26387472],
        ...,
        [-0.93667927, -0.95259495, -0.87948035, ...,  0.        ,
          0.21948222,  0.72272163],
        [-0.83697961, -0.86259176, -0.75357623, ..., -0.21948222,
          0.        ,  0.55340637],
        [-0.39428703, -0.43849388, -0.26387472, ..., -0.72272163,
         -0.55340637,  0.        ]],

       ...,

       [[ 0.        , -0.29233225, -0.44914906, ...,  0.65880196,
          0.74141471,  0.99112327],
        [ 0.29233225,  0.        , -0.16834255, ...,  0.84994974,
          0.90519607,  0.98669228],
        [ 0.44914906,  0.16834255,  0.        , ...,  0.92651332,
          0.96382223,  0.94523847],
        ...,
        [-0.65880196, -0.84994974, -0.92651332, ...,  0.        ,
          0.1156913 ,  0.65805316],
        [-0.74141471, -0.90519607, -0.96382223, ..., -0.1156913 ,
          0.        ,  0.56652223],
        [-0.99112327, -0.98669228, -0.94523847, ..., -0.65805316,
         -0.56652223,  0.        ]],

       [[ 0.        , -0.14900493, -0.11050322, ...,  0.99798163,
          0.9363735 ,  0.58374719],
        [ 0.14900493,  0.        ,  0.03882278, ...,  0.97737831,
          0.87361874,  0.45624811],
        [ 0.11050322, -0.03882278,  0.        , ...,  0.98485244,
          0.89185172,  0.4904507 ],
        ...,
        [-0.99798163, -0.97737831, -0.98485244, ...,  0.        ,
          0.29083399,  0.77322683],
        [-0.9363735 , -0.87361874, -0.89185172, ..., -0.29083399,
          0.        ,  0.55537654],
        [-0.58374719, -0.45624811, -0.4904507 , ..., -0.77322683,
         -0.55537654,  0.        ]],

       [[ 0.        ,  0.01807439, -0.16932554, ...,  0.7740843 ,
          0.93879494,  0.96682062],
        [-0.01807439,  0.        , -0.18711128, ...,  0.78540042,
          0.94486778,  0.9712799 ],
        [ 0.16932554,  0.18711128,  0.        , ...,  0.65570961,
          0.86691024,  0.90960464],
        ...,
        [-0.7740843 , -0.78540042, -0.65570961, ...,  0.        ,
         -0.32768083, -0.4143326 ],
        [-0.93879494, -0.94486778, -0.86691024, ...,  0.32768083,
          0.        , -0.09322597],
        [-0.96682062, -0.9712799 , -0.90960464, ...,  0.4143326 ,
          0.09322597,  0.        ]]]), 'num': array([7.15363075e-01, 6.98075660e-01, 1.11173086e-06, 8.23210233e-04,
       8.33798146e-04, 8.04681385e-04, 3.06792719e-02, 5.29395648e-06,
       7.99916824e-04, 7.50021285e-04, 6.85214434e-04, 4.39667572e-06,
       8.15936358e-04, 6.84106211e-04])}
{'img': array([[[ 0.        , -0.77282813, -0.42699271, ...,  0.94067811,
          0.91741398,  0.77282813],
        [ 0.77282813,  0.        ,  0.42785761, ...,  0.33474798,
          0.27467032,  0.        ],
        [ 0.42699271, -0.42785761,  0.        , ...,  0.70573419,
          0.65966126,  0.42785761],
        ...,
        [-0.94067811, -0.33474798, -0.70573419, ...,  0.        ,
          0.0630491 ,  0.33474798],
        [-0.91741398, -0.27467032, -0.65966126, ..., -0.0630491 ,
          0.        ,  0.27467032],
        [-0.77282813, -0.        , -0.42785761, ..., -0.33474798,
         -0.27467032,  0.        ]],

       [[ 0.        ,  0.74907068,  0.24070091, ...,  0.49393624,
          0.31035144,  0.31303136],
        [-0.74907068,  0.        , -0.56758553, ..., -0.32408768,
         -0.50647823, -0.5040443 ],
        [-0.24070091,  0.56758553,  0.        , ...,  0.27012519,
          0.07241134,  0.07522407],
        ...,
        [-0.49393624,  0.32408768, -0.27012519, ...,  0.        ,
         -0.19969661, -0.1969322 ],
        [-0.31035144,  0.50647823, -0.07241134, ...,  0.19969661,
          0.        ,  0.00282042],
        [-0.31303136,  0.5040443 , -0.07522407, ...,  0.1969322 ,
         -0.00282042,  0.        ]],

       [[ 0.        , -0.17941405, -0.21873125, ...,  0.93821437,
          0.81850484,  0.42447992],
        [ 0.17941405,  0.        , -0.04011248, ...,  0.86090352,
          0.70215019,  0.25514397],
        [ 0.21873125,  0.04011248,  0.        , ...,  0.83980269,
          0.67302383,  0.21615375],
        ...,
        [-0.93821437, -0.86090352, -0.83980269, ...,  0.        ,
          0.25575645,  0.70260111],
        [-0.81850484, -0.70215019, -0.67302383, ..., -0.25575645,
          0.        ,  0.4972413 ],
        [-0.42447992, -0.25514397, -0.21615375, ..., -0.70260111,
         -0.4972413 ,  0.        ]],

       ...,

       [[ 0.        , -0.15056404, -0.74378144, ...,  0.81289638,
          0.97032154,  0.74378144],
        [ 0.15056404,  0.        , -0.63466207, ...,  0.89131933,
          0.99566927,  0.63466207],
        [ 0.74378144,  0.63466207,  0.        , ...,  0.97654307,
          0.82844512,  0.        ],
        ...,
        [-0.81289638, -0.89131933, -0.97654307, ...,  0.        ,
          0.36855012,  0.97654307],
        [-0.97032154, -0.99566927, -0.82844512, ..., -0.36855012,
          0.        ,  0.82844512],
        [-0.74378144, -0.63466207, -0.        , ..., -0.97654307,
         -0.82844512,  0.        ]],

       [[ 0.        ,  0.03723619, -0.03391146, ...,  0.95220006,
          0.84820045,  0.43960873],
        [-0.03723619,  0.        , -0.07110271, ...,  0.96291443,
          0.86733531,  0.47274901],
        [ 0.03391146,  0.07110271,  0.        , ...,  0.94129329,
          0.82975054,  0.40889697],
        ...,
        [-0.95220006, -0.96291443, -0.94129329, ...,  0.        ,
          0.2452528 ,  0.72096646],
        [-0.84820045, -0.86733531, -0.82975054, ..., -0.2452528 ,
          0.        ,  0.52899472],
        [-0.43960873, -0.47274901, -0.40889697, ..., -0.72096646,
         -0.52899472,  0.        ]],

       [[ 0.        , -0.18711128, -0.2870588 , ...,  0.94486778,
          0.9712799 ,  0.99301314],
        [ 0.18711128,  0.        , -0.10275266, ...,  0.86691024,
          0.90960464,  0.95339542],
        [ 0.2870588 ,  0.10275266,  0.        , ...,  0.8111031 ,
          0.86209889,  0.91734614],
        ...,
        [-0.94486778, -0.86691024, -0.8111031 , ...,  0.        ,
         -0.09322597, -0.21366624],
        [-0.9712799 , -0.90960464, -0.86209889, ...,  0.09322597,
          0.        , -0.12166264],
        [-0.99301314, -0.95339542, -0.91734614, ...,  0.21366624,
          0.12166264,  0.        ]]]), 'num': array([7.12948922e-01, 7.00580086e-01, 7.91352252e-07, 8.24589046e-04,
       8.30919864e-04, 7.96627933e-04, 2.97747867e-02, 4.22054534e-06,
       8.09078542e-04, 7.52391342e-04, 6.86656349e-04, 4.37539470e-06,
       8.25261685e-04, 6.79521000e-04])}
{'img': array([[[ 0.        ,  0.42476632,  0.73503395, ...,  0.36292544,
          0.24431084,  0.        ],
        [-0.42476632,  0.        ,  0.37742403, ...,  0.72436248,
          0.63306995,  0.42476632],
        [-0.73503395, -0.37742403,  0.        , ...,  0.93099245,
          0.87841035,  0.73503395],
        ...,
        [-0.36292544, -0.72436248, -0.93099245, ...,  0.        ,
          0.12427442,  0.36292544],
        [-0.24431084, -0.63306995, -0.87841035, ..., -0.12427442,
          0.        ,  0.24431084],
        [-0.        , -0.42476632, -0.73503395, ..., -0.36292544,
         -0.24431084,  0.        ]],

       [[ 0.        , -0.56758553, -0.43930002, ..., -0.50647823,
         -0.5040443 , -0.51375697],
        [ 0.56758553,  0.        ,  0.14820297, ...,  0.07241134,
          0.07522407,  0.06396839],
        [ 0.43930002, -0.14820297,  0.        , ..., -0.07620221,
         -0.07338969, -0.08463746],
        ...,
        [ 0.50647823, -0.07241134,  0.07620221, ...,  0.        ,
          0.00282042, -0.00846258],
        [ 0.5040443 , -0.07522407,  0.07338969, ..., -0.00282042,
          0.        , -0.01128286],
        [ 0.51375697, -0.06396839,  0.08463746, ...,  0.00846258,
          0.01128286,  0.        ]],

       [[ 0.        , -0.03906838,  0.03386152, ...,  0.80681776,
          0.6485242 ,  0.24869563],
        [ 0.03906838,  0.        ,  0.07288164, ...,  0.78312018,
          0.61829047,  0.21066484],
        [-0.03386152, -0.07288164,  0.        , ...,  0.82636048,
          0.67392749,  0.28135066],
        ...,
        [-0.80681776, -0.78312018, -0.82636048, ...,  0.        ,
          0.23099652,  0.63453944],
        [-0.6485242 , -0.61829047, -0.67392749, ..., -0.23099652,
          0.        ,  0.43884304],
        [-0.24869563, -0.21066484, -0.28135066, ..., -0.63453944,
         -0.43884304,  0.        ]],

       ...,

       [[ 0.        , -0.63466207,  0.29814371, ...,  0.99566927,
          0.63466207,  0.70679027],
        [ 0.63466207,  0.        ,  0.83620069, ...,  0.82844512,
          0.        ,  0.09722567],
        [-0.29814371, -0.83620069,  0.        , ...,  0.92266996,
          0.83620069,  0.88555992],
        ...,
        [-0.99566927, -0.82844512, -0.92266996, ...,  0.        ,
          0.82844512,  0.77006704],
        [-0.63466207, -0.        , -0.83620069, ..., -0.82844512,
          0.        , -0.09722567],
        [-0.70679027, -0.09722567, -0.88555992, ..., -0.77006704,
          0.09722567,  0.        ]],

       [[ 0.        , -0.06866245, -0.15201207, ...,  0.94211197,
          0.83537896,  0.4582205 ],
        [ 0.06866245,  0.        , -0.08378882, ...,  0.91686613,
          0.79566543,  0.39610925],
        [ 0.15201207,  0.08378882,  0.        , ...,  0.88019394,
          0.74211356,  0.31778117],
        ...,
        [-0.94211197, -0.91686613, -0.88019394, ...,  0.        ,
          0.23775364,  0.68374483],
        [-0.83537896, -0.79566543, -0.74211356, ..., -0.23775364,
          0.        ,  0.49064492],
        [-0.4582205 , -0.39610925, -0.31778117, ..., -0.68374483,
         -0.49064492,  0.        ]],

       [[ 0.        , -0.10275266, -0.11038199, ...,  0.90960464,
          0.95339542,  0.96805899],
        [ 0.10275266,  0.        , -0.00767297, ...,  0.86209889,
          0.91734614,  0.93717259],
        [ 0.11038199,  0.00767297,  0.        , ...,  0.85818532,
          0.9142646 ,  0.93446816],
        ...,
        [-0.90960464, -0.86209889, -0.85818532, ...,  0.        ,
         -0.12166264, -0.17414585],
        [-0.95339542, -0.91734614, -0.9142646 , ...,  0.12166264,
          0.        , -0.05304858],
        [-0.96805899, -0.93717259, -0.93446816, ...,  0.17414585,
          0.05304858,  0.        ]]]), 'num': array([ 7.19980666e-01,  6.93777055e-01,  1.70596423e-06,  8.18862831e-04,
        8.32723790e-04,  8.17263489e-04,  1.72126460e-02, -1.43940732e-05,
