state_0,state_1,state_2,state_3,state_4,state_5,state_6,state_7,state_8,state_9,state_10,state_11,state_12,state_13,state_14,state_15,state_16,state_17,state_18,state_19,state_20,state_21,state_22,state_23,state_24,state_25,state_26,state_27,state_28,state_29,state_30,state_31,state_32,state_33,state_34,state_35,state_36,state_37,state_38,state_39,state_40,state_41,state_42,state_43,state_44,state_45,state_46,state_47,state_48,state_49,state_50,state_51,state_52,state_53,state_54,state_55,state_56,state_57,state_58,state_59,state_60,state_61,state_62,state_63,state_64,state_65,state_66,state_67,state_68,state_69,state_70,state_71,state_72,state_73,state_74,state_75,state_76,state_77,state_78,state_79,state_80,state_81,state_82,state_83,state_84,state_85,state_86,state_87,state_88,state_89,state_90,state_91,state_92,state_93,state_94,state_95,state_96,state_97,state_98,state_99,state_100,state_101,state_102,state_103,state_104,state_105,state_106,state_107,state_108,state_109,state_110,state_111,state_112,state_113,state_114,state_115,state_116,state_117,state_118,state_119,state_120,state_121,state_122,state_123,state_124,state_125,state_126,state_127,state_128,state_129,state_130,state_131,state_132,state_133,state_134,state_135,state_136,state_137,state_138,state_139,state_140,state_141,state_142,state_143,state_144,state_145,state_146,state_147,state_148,state_149,state_150,state_151,state_152,state_153,state_154,state_155,state_156,state_157,state_158,state_159,state_160,state_161,state_162,state_163,state_164,state_165,state_166,state_167,state_168,state_169,state_170,state_171,state_172,state_173,state_174,state_175,state_176,state_177,state_178,state_179,state_180,state_181,state_182,state_183,state_184,state_185,state_186,state_187,state_188,state_189,state_190,state_191,state_192,state_193,state_194,state_195,state_196,state_197,state_198,state_199,state_200,state_201,state_202,state_203,state_204,state_205,state_206,state_207,state_208,state_209,state_210,state_211,state_212,state_213,state_214,state_215,state_216,state_217,state_218,state_219,state_220,state_221,state_222,state_223,state_224,state_225,state_226,state_227,state_228,state_229,state_230,state_231,state_232,state_233,state_234,state_235,state_236,state_237,state_238,state_239,state_240,state_241,state_242,state_243,state_244,state_245,state_246,state_247,state_248,state_249,state_250,state_251,state_252,state_253,state_254,state_255,state_256,state_257,state_258,state_259,state_260,state_261,state_262,state_263,state_264,state_265,state_266,state_267,state_268,state_269,state_270,state_271,state_272,state_273,state_274,state_275,state_276,state_277,state_278,state_279,state_280,state_281,state_282,state_283,state_284,state_285,state_286,state_287
{'img': array([[[ 0.        , -0.05941868, -0.07598957, ...,  0.5428435 ,
          0.51192481,  0.57667337],
        [ 0.05941868,  0.        , -0.01660843, ...,  0.5917862 ,
          0.56206276,  0.62419804],
        [ 0.07598957,  0.01660843,  0.        , ...,  0.60509254,
          0.57572198,  0.63708754],
        ...,
        [-0.5428435 , -0.5917862 , -0.60509254, ...,  0.        ,
         -0.0363872 ,  0.04082037],
        [-0.51192481, -0.56206276, -0.57572198, ...,  0.0363872 ,
          0.        ,  0.0771502 ],
        [-0.57667337, -0.62419804, -0.63708754, ..., -0.04082037,
         -0.0771502 ,  0.        ]],

       [[ 0.        ,  0.15513127,  0.1299586 , ...,  0.58560359,
          0.45487063,  0.99991527],
        [-0.15513127,  0.        , -0.02543036, ...,  0.45276516,
          0.31121059,  0.9857908 ],
        [-0.1299586 ,  0.02543036,  0.        , ...,  0.4752932 ,
          0.33527746,  0.98974373],
        ...,
        [-0.58560359, -0.45276516, -0.4752932 , ...,  0.        ,
         -0.15279665,  0.80290603],
        [-0.45487063, -0.31121059, -0.33527746, ...,  0.15279665,
          0.        ,  0.88456097],
        [-0.99991527, -0.9857908 , -0.98974373, ..., -0.80290603,
         -0.88456097,  0.        ]],

       [[ 0.        ,  0.00960479,  0.00698568, ...,  0.7951717 ,
          0.78106645,  0.80758877],
        [-0.00960479,  0.        , -0.0026192 , ...,  0.78931082,
          0.77503273,  0.80188713],
        [-0.00698568,  0.0026192 ,  0.        , ...,  0.79091629,
          0.7766852 ,  0.80344929],
        ...,
        [-0.7951717 , -0.78931082, -0.79091629, ...,  0.        ,
         -0.02291684,  0.02075984],
        [-0.78106645, -0.77503273, -0.7766852 , ...,  0.02291684,
          0.        ,  0.04366629],
        [-0.80758877, -0.80188713, -0.80344929, ..., -0.02075984,
         -0.04366629,  0.        ]],

       ...,

       [[ 0.        , -0.1266012 , -0.10531236, ...,  0.67245963,
          0.6639322 ,  0.48087456],
        [ 0.1266012 ,  0.        ,  0.02143222, ...,  0.76075065,
          0.75326146,  0.5880079 ],
        [ 0.10531236, -0.02143222,  0.        , ...,  0.74666545,
          0.73899202,  0.57053727],
        ...,
        [-0.67245963, -0.76075065, -0.74666545, ...,  0.        ,
         -0.0114618 , -0.23369396],
        [-0.6639322 , -0.75326146, -0.73899202, ...,  0.0114618 ,
          0.        , -0.22253418],
        [-0.48087456, -0.5880079 , -0.57053727, ...,  0.23369396,
          0.22253418,  0.        ]],

       [[ 0.        , -0.03579713, -0.07505129, ...,  0.92998237,
          0.97705799,  0.98602404],
        [ 0.03579713,  0.        , -0.03930702, ...,  0.91622715,
          0.96880794,  0.97942816],
        [ 0.07505129,  0.03930702,  0.        , ...,  0.89977036,
          0.95831844,  0.97073935],
        ...,
        [-0.92998237, -0.91622715, -0.89977036, ...,  0.        ,
         -0.16110901, -0.20752855],
        [-0.97705799, -0.96880794, -0.95831844, ...,  0.16110901,
          0.        , -0.04721602],
        [-0.98602404, -0.97942816, -0.97073935, ...,  0.20752855,
          0.04721602,  0.        ]],

       [[ 0.        , -0.1702071 , -0.23308298, ..., -0.92724939,
         -0.81891451, -0.63992829],
        [ 0.1702071 ,  0.        , -0.06416285, ..., -0.84998617,
         -0.70928066, -0.49979762],
        [ 0.23308298,  0.06416285,  0.        , ..., -0.81443342,
         -0.66258908, -0.44319361],
        ...,
        [ 0.92724939,  0.84998617,  0.81443342, ...,  0.        ,
          0.22552492,  0.47291302],
        [ 0.81891451,  0.70928066,  0.66258908, ..., -0.22552492,
          0.        ,  0.26201749],
        [ 0.63992829,  0.49979762,  0.44319361, ..., -0.47291302,
         -0.26201749,  0.        ]]]), 'num': array([7.07076792e-01, 7.07076792e-01, 0.00000000e+00, 2.85892580e-04,
       3.00133805e-04, 2.69871203e-04, 9.17854746e-03, 1.24610714e-05,
       2.73360303e-04, 2.60596605e-04, 2.00593580e-04, 2.52721968e-07,
       3.31684596e-04, 1.89508614e-04])}
{'img': array([[[ 0.        , -0.01660843, -0.08013986, ...,  0.56206276,
          0.62419804,  0.72509142],
        [ 0.01660843,  0.        , -0.0635738 , ...,  0.57572198,
          0.63708754,  0.73642884],
        [ 0.08013986,  0.0635738 ,  0.        , ...,  0.6265382 ,
          0.68480095,  0.77794778],
        ...,
        [-0.56206276, -0.57572198, -0.6265382 , ...,  0.        ,
          0.0771502 ,  0.21265319],
        [-0.62419804, -0.63708754, -0.68480095, ..., -0.0771502 ,
          0.        ,  0.13663377],
        [-0.72509142, -0.73642884, -0.77794778, ..., -0.21265319,
         -0.13663377,  0.        ]],

       [[ 0.        , -0.0313602 , -0.01349338, ...,  0.32710831,
          0.98928657,  0.97361573],
        [ 0.0313602 ,  0.        ,  0.01787061, ...,  0.3565824 ,
          0.99337815,  0.98029306],
        [ 0.01349338, -0.01787061,  0.        , ...,  0.33982959,
          0.99116635,  0.9766062 ],
        ...,
        [-0.32710831, -0.3565824 , -0.33982959, ...,  0.        ,
          0.88710937,  0.84540999],
        [-0.98928657, -0.99337815, -0.99116635, ..., -0.88710937,
          0.        , -0.08361418],
        [-0.97361573, -0.98029306, -0.9766062 , ..., -0.84540999,
          0.08361418,  0.        ]],

       [[ 0.        , -0.0026192 , -0.02969692, ...,  0.77503273,
          0.80188713,  0.81778481],
        [ 0.0026192 ,  0.        , -0.02707878, ...,  0.7766852 ,
          0.80344929,  0.81928942],
        [ 0.02969692,  0.02707878,  0.        , ...,  0.79345701,
          0.81927665,  0.83451542],
        ...,
        [-0.77503273, -0.7766852 , -0.79345701, ...,  0.        ,
          0.04366629,  0.07072545],
        [-0.80188713, -0.80344929, -0.81927665, ..., -0.04366629,
          0.        ,  0.02710105],
        [-0.81778481, -0.81928942, -0.83451542, ..., -0.07072545,
         -0.02710105,  0.        ]],

       ...,

       [[ 0.        ,  0.02143222, -0.05994286, ...,  0.75326146,
          0.5880079 ,  0.13708733],
        [-0.02143222,  0.        , -0.08132276, ...,  0.73899202,
          0.57053727,  0.11582597],
        [ 0.05994286,  0.08132276,  0.        , ...,  0.79133264,
          0.63543564,  0.19621776],
        ...,
        [-0.75326146, -0.73899202, -0.79133264, ...,  0.        ,
         -0.22253418, -0.65598465],
        [-0.5880079 , -0.57053727, -0.63543564, ...,  0.22253418,
          0.        , -0.47157269],
        [-0.13708733, -0.11582597, -0.19621776, ...,  0.65598465,
          0.47157269,  0.        ]],

       [[ 0.        , -0.03930702, -0.07402794, ...,  0.96880794,
          0.97942816,  0.98211259],
        [ 0.03930702,  0.        , -0.03477157, ...,  0.95831844,
          0.97073935,  0.9739523 ],
        [ 0.07402794,  0.03477157,  0.        , ...,  0.94780462,
          0.96180244,  0.96547878],
        ...,
        [-0.96880794, -0.95831844, -0.94780462, ...,  0.        ,
         -0.04721602, -0.06095877],
        [-0.97942816, -0.97073935, -0.96180244, ...,  0.04721602,
          0.        , -0.01376257],
        [-0.98211259, -0.9739523 , -0.96547878, ...,  0.06095877,
          0.01376257,  0.        ]],

       [[ 0.        , -0.16100648, -0.29578318, ..., -0.81068471,
         -0.62399081, -0.14344472],
        [ 0.16100648,  0.        , -0.13812194, ..., -0.70584144,
         -0.49003426,  0.01776815],
        [ 0.29578318,  0.13812194,  0.        , ..., -0.6012347 ,
         -0.36493606,  0.15569798],
        ...,
        [ 0.81068471,  0.70584144,  0.6012347 , ...,  0.        ,
          0.26815873,  0.71831643],
        [ 0.62399081,  0.49003426,  0.36493606, ..., -0.26815873,
          0.        ,  0.50544545],
        [ 0.14344472, -0.01776815, -0.15569798, ..., -0.71831643,
         -0.50544545,  0.        ]]]), 'num': array([9.91942891e-01, 1.26552924e-01, 2.12888070e-05, 4.01759520e-04,
       4.11642903e-04, 3.83475261e-04, 5.70362127e-03, 4.94169151e-06,
       3.84265932e-04, 3.68205434e-04, 2.80432757e-04, 4.24340901e-07,
       4.59149154e-04, 2.77261715e-04])}
{'img': array([[[ 0.        , -0.0635738 , -0.26951731, ...,  0.63708754,
          0.73642884,  0.76401737],
        [ 0.0635738 ,  0.        , -0.20775083, ...,  0.68480095,
          0.77794778,  0.80348941],
        [ 0.26951731,  0.20775083,  0.        , ...,  0.82125411,
          0.8915102 ,  0.90963673],
        ...,
        [-0.63708754, -0.68480095, -0.82125411, ...,  0.        ,
          0.13663377,  0.17785193],
        [-0.73642884, -0.77794778, -0.8915102 , ..., -0.13663377,
          0.        ,  0.04172852],
        [-0.76401737, -0.80348941, -0.90963673, ..., -0.17785193,
         -0.04172852,  0.        ]],

       [[ 0.        ,  0.01787061,  0.18419991, ...,  0.99337815,
          0.98029306,  0.73420375],
        [-0.01787061,  0.        ,  0.16660568, ...,  0.99116635,
          0.9766062 ,  0.72195363],
        [-0.18419991, -0.16660568,  0.        , ...,  0.95521743,
          0.92713061,  0.59658194],
        ...,
        [-0.99337815, -0.99116635, -0.95521743, ...,  0.        ,
         -0.08361418, -0.59008034],
        [-0.98029306, -0.9766062 , -0.92713061, ...,  0.08361418,
          0.        , -0.52050854],
        [-0.73420375, -0.72195363, -0.59658194, ...,  0.59008034,
          0.52050854,  0.        ]],

       [[ 0.        , -0.02707878, -0.11723101, ...,  0.80344929,
          0.81928942,  0.85992762],
        [ 0.02707878,  0.        , -0.09029596, ...,  0.81927665,
          0.83451542,  0.87343372],
        [ 0.11723101,  0.09029596,  0.        , ...,  0.86770545,
          0.88085809,  0.91383472],
        ...,
        [-0.80344929, -0.81927665, -0.86770545, ...,  0.        ,
          0.02710105,  0.10188447],
        [-0.81928942, -0.83451542, -0.88085809, ..., -0.02710105,
          0.        ,  0.07488703],
        [-0.85992762, -0.87343372, -0.91383472, ..., -0.10188447,
         -0.07488703,  0.        ]],

       ...,

       [[ 0.        , -0.08132276, -0.24746699, ...,  0.57053727,
          0.11582597,  0.30507698],
        [ 0.08132276,  0.        , -0.16785401, ...,  0.63543564,
          0.19621776,  0.38151243],
        [ 0.24746699,  0.16785401,  0.        , ...,  0.75602911,
          0.35802477,  0.53125763],
        ...,
        [-0.57053727, -0.63543564, -0.75602911, ...,  0.        ,
         -0.47157269, -0.29278735],
        [-0.11582597, -0.19621776, -0.35802477, ...,  0.47157269,
          0.        ,  0.19271939],
        [-0.30507698, -0.38151243, -0.53125763, ...,  0.29278735,
         -0.19271939,  0.        ]],

       [[ 0.        , -0.03477157, -0.01563688, ...,  0.97073935,
          0.9739523 ,  0.9844364 ],
        [ 0.03477157,  0.        ,  0.01913989, ...,  0.96180244,
          0.96547878,  0.9777303 ],
        [ 0.01563688, -0.01913989,  0.        , ...,  0.96686569,
          0.97028751,  0.98156799],
        ...,
        [-0.97073935, -0.96180244, -0.96686569, ...,  0.        ,
         -0.01376257, -0.06579932],
        [-0.9739523 , -0.96547878, -0.97028751, ...,  0.01376257,
          0.        , -0.05206034],
        [-0.9844364 , -0.9777303 , -0.98156799, ...,  0.06579932,
          0.05206034,  0.        ]],

       [[ 0.        , -0.04593994, -0.22875708, ..., -0.26121256,
          0.00404954,  0.60537043],
        [ 0.04593994,  0.        , -0.18379378, ..., -0.21659181,
          0.04998483,  0.64129689],
        [ 0.22875708,  0.18379378,  0.        , ..., -0.0334712 ,
          0.23269736,  0.77139594],
        ...,
        [ 0.26121256,  0.21659181,  0.0334712 , ...,  0.        ,
          0.26511936,  0.79226329],
        [-0.00404954, -0.04998483, -0.23269736, ..., -0.26511936,
          0.        ,  0.60214226],
        [-0.60537043, -0.64129689, -0.77139594, ..., -0.79226329,
         -0.60214226,  0.        ]]]), 'num': array([9.92329984e-01, 1.22145818e-01, 2.05474410e-05, 4.03985203e-04,
       4.53112093e-04, 4.03985203e-04, 1.89854062e-02, 1.62166433e-05,
       3.79469454e-04, 3.62108106e-04, 2.72916568e-04, 5.92727112e-07,
       4.42857662e-04, 2.81358551e-04])}
{'img': array([[[ 0.        , -0.20775083, -0.47099689, ...,  0.77794778,
          0.80348941,  0.88567571],
        [ 0.20775083,  0.        , -0.27745632, ...,  0.8915102 ,
          0.90963673,  0.96281146],
        [ 0.47099689,  0.27745632,  0.        , ...,  0.98219584,
          0.98917945,  0.99997134],
        ...,
        [-0.77794778, -0.8915102 , -0.98219584, ...,  0.        ,
          0.04172852,  0.19529114],
        [-0.80348941, -0.90963673, -0.98917945, ..., -0.04172852,
          0.        ,  0.15419598],
        [-0.88567571, -0.96281146, -0.99997134, ..., -0.19529114,
         -0.15419598,  0.        ]],

       [[ 0.        ,  0.16660568,  0.25629765, ...,  0.9766062 ,
          0.72195363,  0.95801322],
        [-0.16660568,  0.        ,  0.09167483, ...,  0.92713061,
          0.59658194,  0.9923935 ],
        [-0.25629765, -0.09167483,  0.        , ...,  0.88887238,
          0.5204959 ,  0.99950027],
        ...,
        [-0.9766062 , -0.92713061, -0.88887238, ...,  0.        ,
         -0.52050854,  0.48602346],
        [-0.72195363, -0.59658194, -0.5204959 , ...,  0.52050854,
          0.        ,  0.86989051],
        [-0.95801322, -0.9923935 , -0.99950027, ..., -0.48602346,
         -0.86989051,  0.        ]],

       [[ 0.        , -0.09029596, -0.24312443, ...,  0.83451542,
          0.87343372,  0.9427283 ],
        [ 0.09029596,  0.        , -0.15454462, ...,  0.88085809,
          0.91383472,  0.9689965 ],
        [ 0.24312443,  0.15454462,  0.        , ...,  0.94343369,
          0.96561419,  0.99553882],
        ...,
        [-0.83451542, -0.88085809, -0.94343369, ...,  0.        ,
          0.07488703,  0.24106644],
        [-0.87343372, -0.91383472, -0.96561419, ..., -0.07488703,
          0.        ,  0.16771102],
        [-0.9427283 , -0.9689965 , -0.99553882, ..., -0.24106644,
         -0.16771102,  0.        ]],

       ...,

       [[ 0.        , -0.16785401, -0.26211482, ...,  0.19621776,
          0.38151243,  0.768117  ],
        [ 0.16785401,  0.        , -0.09641062, ...,  0.35802477,
          0.53125763,  0.86469737],
        [ 0.26211482,  0.09641062,  0.        , ...,  0.44637673,
          0.61046292,  0.9090957 ],
        ...,
        [-0.19621776, -0.35802477, -0.44637673, ...,  0.        ,
          0.19271939,  0.62754498],
        [-0.38151243, -0.53125763, -0.61046292, ..., -0.19271939,
          0.        ,  0.46573344],
        [-0.768117  , -0.86469737, -0.9090957 , ..., -0.62754498,
         -0.46573344,  0.        ]],

       [[ 0.        ,  0.01913989,  0.09487504, ...,  0.96547878,
          0.9777303 ,  0.98013753],
        [-0.01913989,  0.        ,  0.07580411, ...,  0.97028751,
          0.98156799,  0.98375379],
        [-0.09487504, -0.07580411,  0.        , ...,  0.9858369 ,
          0.99323093,  0.99453184],
        ...,
        [-0.96547878, -0.97028751, -0.9858369 , ...,  0.        ,
         -0.05206034, -0.06383513],
        [-0.9777303 , -0.98156799, -0.99323093, ...,  0.05206034,
          0.        , -0.0117944 ],
        [-0.98013753, -0.98375379, -0.99453184, ...,  0.06383513,
          0.0117944 ,  0.        ]],

       [[ 0.        , -0.1417213 , -0.38406699, ...,  0.0359714 ,
          0.30069397,  0.79606869],
        [ 0.1417213 ,  0.        , -0.24933843, ...,  0.17723791,
          0.43282148,  0.87380427],
        [ 0.38406699,  0.24933843,  0.        , ...,  0.41703101,
          0.64392495,  0.96745414],
        ...,
        [-0.0359714 , -0.17723791, -0.41703101, ...,  0.        ,
          0.2661927 ,  0.77378337],
        [-0.30069397, -0.43282148, -0.64392495, ..., -0.2661927 ,
          0.        ,  0.57724529],
        [-0.79606869, -0.87380427, -0.96745414, ..., -0.77378337,
         -0.57724529,  0.        ]]]), 'num': array([9.88973868e-01, 1.45358768e-01, 1.53384564e-05, 4.20336373e-04,
       4.20336373e-04, 3.18309271e-04, 2.82950652e-02, 9.66773657e-05,
       3.30995787e-04, 3.00578719e-04, 2.22185985e-04, 6.35682875e-07,
       3.77291627e-04, 2.23865811e-04])}
{'img': array([[[ 0.00000000e+00, -2.37845137e-01, -2.86903289e-01, ...,
          7.65586745e-01,  8.20906617e-01,  8.26526999e-01],
        [ 2.37845137e-01,  0.00000000e+00, -5.08240298e-02, ...,
          8.96630320e-01,  9.33173561e-01,  6.68925894e-01],
        [ 2.86903289e-01,  5.08240298e-02,  0.00000000e+00, ...,
          9.17975397e-01,  9.50235031e-01,  6.30282410e-01],
        ...,
        [-7.65586745e-01, -8.96630320e-01, -9.17975397e-01, ...,
          0.00000000e+00,  9.09182077e-02,  9.62678370e-01],
        [-8.20906617e-01, -9.33173561e-01, -9.50235031e-01, ...,
         -9.09182077e-02,  0.00000000e+00,  9.34084472e-01],
        [-8.26526999e-01, -6.68925894e-01, -6.30282410e-01, ...,
         -9.62678370e-01, -9.34084472e-01,  0.00000000e+00]],

       [[ 0.00000000e+00,  8.00312561e-02,  3.30919975e-04, ...,
          5.24991641e-01,  9.84145634e-01,  2.47296219e-01],
        [-8.00312561e-02,  0.00000000e+00, -7.97013932e-02, ...,
          4.55192461e-01,  9.66794319e-01,  3.24048460e-01],
        [-3.30919975e-04,  7.97013932e-02,  0.00000000e+00, ...,
          5.24709964e-01,  9.84086887e-01,  2.47616847e-01],
        ...,
        [-5.24991641e-01, -4.55192461e-01, -5.24709964e-01, ...,
          0.00000000e+00,  7.44499911e-01,  7.19160999e-01],
        [-9.84145634e-01, -9.66794319e-01, -9.84086887e-01, ...,
         -7.44499911e-01,  0.00000000e+00,  9.97439014e-01],
        [-2.47296219e-01, -3.24048460e-01, -2.47616847e-01, ...,
         -7.19160999e-01, -9.97439014e-01,  0.00000000e+00]],

       [[ 0.00000000e+00, -1.41966337e-01, -2.85109322e-01, ...,
          8.14593320e-01,  8.67088418e-01,  9.71250953e-01],
        [ 1.41966337e-01,  0.00000000e+00, -1.46147563e-01, ...,
          8.88687792e-01,  9.29027238e-01,  9.27617409e-01],
        [ 2.85109322e-01,  1.46147563e-01,  0.00000000e+00, ...,
          9.46156307e-01,  9.73128343e-01,  8.63066647e-01],
        ...,
        [-8.14593320e-01, -8.88687792e-01, -9.46156307e-01, ...,
          0.00000000e+00,  9.71463395e-02,  7.57277551e-01],
        [-8.67088418e-01, -9.29027238e-01, -9.73128343e-01, ...,
         -9.71463395e-02,  0.00000000e+00,  6.90250098e-01],
        [-9.71250953e-01, -9.27617409e-01, -8.63066647e-01, ...,
         -7.57277551e-01, -6.90250098e-01,  0.00000000e+00]],

       ...,

       [[ 0.00000000e+00, -9.64106204e-02, -3.35893243e-01, ...,
          5.31257631e-01,  8.64697370e-01,  9.91241708e-01],
        [ 9.64106204e-02,  0.00000000e+00, -2.43519363e-01, ...,
          6.10462918e-01,  9.09095703e-01,  9.73892154e-01],
        [ 3.35893243e-01,  2.43519363e-01,  0.00000000e+00, ...,
          7.84963819e-01,  9.83175399e-01,  8.89292523e-01],
        ...,
        [-5.31257631e-01, -6.10462918e-01, -7.84963819e-01, ...,
          0.00000000e+00,  4.65733442e-01,  9.09948156e-01],
        [-8.64697370e-01, -9.09095703e-01, -9.83175399e-01, ...,
         -4.65733442e-01,  0.00000000e+00,  6.12086013e-01],
        [-9.91241708e-01, -9.73892154e-01, -8.89292523e-01, ...,
         -9.09948156e-01, -6.12086013e-01,  0.00000000e+00]],

       [[ 0.00000000e+00,  6.96241177e-02,  1.15252401e-01, ...,
          9.78876041e-01,  9.77999083e-01,  8.57636235e-01],
        [-6.96241177e-02,  0.00000000e+00,  4.58125580e-02, ...,
          9.62265626e-01,  9.61101539e-01,  8.91359685e-01],
        [-1.15252401e-01, -4.58125580e-02,  0.00000000e+00, ...,
          9.48789158e-01,  9.47439222e-01,  9.11190487e-01],
        ...,
        [-9.78876041e-01, -9.62265626e-01, -9.48789158e-01, ...,
          0.00000000e+00, -4.24609284e-03,  6.78741391e-01],
        [-9.77999083e-01, -9.61101539e-01, -9.47439222e-01, ...,
          4.24609284e-03,  0.00000000e+00,  6.81853507e-01],
        [-8.57636235e-01, -8.91359685e-01, -9.11190487e-01, ...,
         -6.78741391e-01, -6.81853507e-01,  0.00000000e+00]],

       [[ 0.00000000e+00, -2.49338426e-01, -4.43339040e-01, ...,
          4.32821484e-01,  8.73804271e-01,  7.41550763e-01],
        [ 2.49338426e-01,  0.00000000e+00, -2.05841307e-01, ...,
          6.43924947e-01,  9.67454139e-01,  8.85410273e-01],
        [ 4.43339040e-01,  2.05841307e-01,  0.00000000e+00, ...,
          7.87622393e-01,  9.98823886e-01,  9.62126720e-01],
        ...,
        [-4.32821484e-01, -6.43924947e-01, -7.87622393e-01, ...,
          0.00000000e+00,  5.77245293e-01,  3.78114391e-01],
        [-8.73804271e-01, -9.67454139e-01, -9.98823886e-01, ...,
         -5.77245293e-01,  0.00000000e+00, -2.25632785e-01],
        [-7.41550763e-01, -8.85410273e-01, -9.62126720e-01, ...,
         -3.78114391e-01,  2.25632785e-01,  0.00000000e+00]]]), 'num': array([ 9.99578337e-01,  2.07031888e-03,  1.85410412e-05,  4.24833057e-04,
        4.84846649e-04,  4.09829659e-04,  2.89442157e-02, -9.47583027e-06,
        3.66319805e-04,  3.21013492e-04,  2.33460768e-04,  6.23256242e-07,
        4.02669624e-04,  2.39357359e-04])}
{'img': array([[[ 0.        , -0.05082403, -0.05486045, ...,  0.93317356,
          0.66892589,  0.88375293],
        [ 0.05082403,  0.        , -0.00404206, ...,  0.95023503,
          0.63028241,  0.85882749],
        [ 0.05486045,  0.00404206,  0.        , ...,  0.95148651,
          0.62713915,  0.85674987],
        ...,
        [-0.93317356, -0.95023503, -0.95148651, ...,  0.        ,
          0.93408447,  0.75432596],
        [-0.66892589, -0.63028241, -0.62713915, ..., -0.93408447,
          0.        , -0.34389286],
        [-0.88375293, -0.85882749, -0.85674987, ..., -0.75432596,
          0.34389286,  0.        ]],

       [[ 0.        , -0.07970139, -0.14835328, ...,  0.96679432,
          0.32404846,  0.50588475],
        [ 0.07970139,  0.        , -0.06906189, ...,  0.98408689,
          0.24761685,  0.43552492],
        [ 0.14835328,  0.06906189,  0.        , ...,  0.99400872,
          0.18011447,  0.37231715],
        ...,
        [-0.96679432, -0.98408689, -0.99400872, ...,  0.        ,
          0.99743901,  0.96323958],
        [-0.32404846, -0.24761685, -0.18011447, ..., -0.99743901,
          0.        , -0.19906291],
        [-0.50588475, -0.43552492, -0.37231715, ..., -0.96323958,
          0.19906291,  0.        ]],

       [[ 0.        , -0.1353228 , -0.27783587, ...,  0.85462131,
          0.97764975,  0.89753148],
        [ 0.1353228 ,  0.        , -0.14528527, ...,  0.91702674,
          0.9971072 ,  0.82960495],
        [ 0.27783587,  0.14528527,  0.        , ...,  0.96524041,
          0.99757056,  0.73968254],
        ...,
        [-0.85462131, -0.91702674, -0.96524041, ...,  0.        ,
          0.32797056,  0.84289042],
        [-0.97764975, -0.9971072 , -0.99757056, ..., -0.32797056,
          0.        ,  0.61979229],
        [-0.89753148, -0.82960495, -0.73968254, ..., -0.84289042,
         -0.61979229,  0.        ]],

       ...,

       [[ 0.        , -0.24351936, -0.34819301, ...,  0.9090957 ,
          0.97389215,  0.99793815],
        [ 0.24351936,  0.        , -0.1094304 , ...,  0.9831754 ,
          0.88929252,  0.95226647],
        [ 0.34819301,  0.1094304 ,  0.        , ...,  0.99725989,
          0.83390507,  0.91314199],
        ...,
        [-0.9090957 , -0.9831754 , -0.99725989, ...,  0.        ,
          0.61208601,  0.47407682],
        [-0.97389215, -0.88929252, -0.83390507, ..., -0.61208601,
          0.        , -0.16403585],
        [-0.99793815, -0.95226647, -0.91314199, ..., -0.47407682,
          0.16403585,  0.        ]],

       [[ 0.        ,  0.04361195,  0.05222883, ...,  0.92145072,
          0.99982925,  0.87113524],
        [-0.04361195,  0.        ,  0.00862672, ...,  0.90363096,
          0.99807205,  0.89172174],
        [-0.05222883, -0.00862672,  0.        , ...,  0.89990241,
          0.99749948,  0.89559287],
        ...,
        [-0.92145072, -0.90363096, -0.89990241, ...,  0.        ,
          0.37140136,  0.790904  ],
        [-0.99982925, -0.99807205, -0.99749948, ..., -0.37140136,
          0.        ,  0.50705711],
        [-0.87113524, -0.89172174, -0.89559287, ..., -0.790904  ,
         -0.50705711,  0.        ]],

       [[ 0.        , -0.19439501, -0.34173911, ...,  0.80175321,
          0.76858048,  0.98156002],
        [ 0.19439501,  0.        , -0.15252843, ...,  0.90263963,
          0.87828334,  0.99999455],
        [ 0.34173911,  0.15252843,  0.        , ...,  0.95772572,
          0.94093665,  0.98778993],
        ...,
        [-0.80175321, -0.90263963, -0.95772572, ...,  0.        ,
         -0.05357796,  0.433376  ],
        [-0.76858048, -0.87828334, -0.94093665, ...,  0.05357796,
          0.        ,  0.48103869],
        [-0.98156002, -0.99999455, -0.98778993, ..., -0.433376  ,
         -0.48103869,  0.        ]]]), 'num': array([9.99967683e-01, 1.19875538e-03, 1.82257104e-05, 4.25008054e-04,
       4.25008054e-04, 3.99414504e-04, 7.88313936e-03, 7.75562143e-06,
       3.82507249e-04, 3.22750186e-04, 2.33702726e-04, 6.34938238e-07,
       4.13874315e-04, 2.31626057e-04])}
{'img': array([[[ 0.        , -0.00404206, -0.16127674, ...,  0.63028241,
          0.85882749,  0.73429163],
        [ 0.00404206,  0.        , -0.15728628, ...,  0.62713915,
          0.85674987,  0.73154174],
        [ 0.16127674,  0.15728628,  0.        , ...,  0.49682176,
          0.76496836,  0.61519902],
        ...,
        [-0.63028241, -0.62713915, -0.49682176, ...,  0.        ,
         -0.34389286, -0.14222179],
        [-0.85882749, -0.85674987, -0.76496836, ...,  0.34389286,
          0.        ,  0.2068496 ],
        [-0.73429163, -0.73154174, -0.61519902, ...,  0.14222179,
         -0.2068496 ,  0.        ]],

       [[ 0.        , -0.06906189,  0.07384443, ...,  0.24761685,
          0.43552492,  0.74891824],
        [ 0.06906189,  0.        ,  0.14254145, ...,  0.18011447,
          0.37231715,  0.79289482],
        [-0.07384443, -0.14254145,  0.        , ...,  0.31848557,
          0.50080887,  0.6979396 ],
        ...,
        [-0.24761685, -0.18011447, -0.31848557, ...,  0.        ,
         -0.19906291, -0.88968183],
        [-0.43552492, -0.37231715, -0.50080887, ...,  0.19906291,
          0.        , -0.96276472],
        [-0.74891824, -0.79289482, -0.6979396 , ...,  0.88968183,
          0.96276472,  0.        ]],

       [[ 0.        , -0.13692792, -0.30908507, ...,  0.96623649,
          0.99972691,  0.80047504],
        [ 0.13692792,  0.        , -0.17595063, ...,  0.99241594,
          0.98711061,  0.71086543],
        [ 0.30908507,  0.17595063,  0.        , ...,  0.99856202,
          0.94355164,  0.57602419],
        ...,
        [-0.96623649, -0.99241594, -0.99856202, ...,  0.        ,
          0.28016653,  0.78537725],
        [-0.99972691, -0.98711061, -0.94355164, ..., -0.28016653,
          0.        ,  0.58049603],
        [-0.80047504, -0.71086543, -0.57602419, ..., -0.78537725,
         -0.58049603,  0.        ]],

       ...,

       [[ 0.        , -0.1094304 , -0.21293363, ...,  0.88929252,
          0.95226647,  0.91283041],
        [ 0.1094304 ,  0.        , -0.10473405, ...,  0.83390507,
          0.91314199,  0.86266368],
        [ 0.21293363,  0.10473405,  0.        , ...,  0.77151526,
          0.86542599,  0.80494708],
        ...,
        [-0.88929252, -0.83390507, -0.77151526, ...,  0.        ,
         -0.16403585, -0.05434007],
        [-0.95226647, -0.91314199, -0.86542599, ...,  0.16403585,
          0.        ,  0.11018949],
        [-0.91283041, -0.86266368, -0.80494708, ...,  0.05434007,
         -0.11018949,  0.        ]],

       [[ 0.        ,  0.0080831 ,  0.02557158, ...,  0.96092443,
          0.99613831,  0.86447781],
        [-0.0080831 ,  0.        ,  0.01749029, ...,  0.95865555,
          0.99539609,  0.86851271],
        [-0.02557158, -0.01749029,  0.        , ...,  0.95353171,
          0.99356744,  0.87704921],
        ...,
        [-0.96092443, -0.95865555, -0.95353171, ...,  0.        ,
          0.19137476,  0.72232565],
        [-0.99613831, -0.99539609, -0.99356744, ..., -0.19137476,
          0.        ,  0.57662914],
        [-0.86447781, -0.86851271, -0.87704921, ..., -0.72232565,
         -0.57662914,  0.        ]],

       [[ 0.        , -0.15252843, -0.33384163, ...,  0.87828334,
          0.99999455,  0.94710164],
        [ 0.15252843,  0.        , -0.18615763, ...,  0.94093665,
          0.98778993,  0.98497121],
        [ 0.33384163,  0.18615763,  0.        , ...,  0.98751872,
          0.94152144,  0.99990669],
        ...,
        [-0.87828334, -0.94093665, -0.98751872, ...,  0.        ,
          0.48103869,  0.1709769 ],
        [-0.99999455, -0.98778993, -0.94152144, ..., -0.48103869,
          0.        , -0.32406007],
        [-0.94710164, -0.98497121, -0.99990669, ..., -0.1709769 ,
          0.32406007,  0.        ]]]), 'num': array([ 9.99963470e-01,  1.25838306e-03,  1.91322814e-05,  4.24980888e-04,
        4.55104054e-04,  4.20910190e-04,  8.38454726e-03, -2.11676304e-05,
        4.20340292e-04,  3.41246627e-04,  2.49689841e-04,  5.99218156e-07,
        4.42897788e-04,  2.39595466e-04])}
{'img': array([[[ 0.        , -0.15728628, -0.62713915, ...,  0.85674987,
          0.73154174,  0.93838123],
        [ 0.15728628,  0.        , -0.49682176, ...,  0.76496836,
          0.61519902,  0.87234281],
        [ 0.62713915,  0.49682176,  0.        , ...,  0.34389286,
          0.14222179,  0.51417146],
        ...,
        [-0.85674987, -0.76496836, -0.34389286, ...,  0.        ,
          0.2068496 , -0.187859  ],
        [-0.73154174, -0.61519902, -0.14222179, ..., -0.2068496 ,
          0.        , -0.38696297],
        [-0.93838123, -0.87234281, -0.51417146, ...,  0.187859  ,
          0.38696297,  0.        ]],

       [[ 0.        ,  0.14254145,  0.19321555, ...,  0.37231715,
          0.79289482,  0.79784411],
        [-0.14254145,  0.        ,  0.05138715, ...,  0.50080887,
          0.6979396 ,  0.70376411],
        [-0.19321555, -0.05138715,  0.        , ...,  0.54462576,
          0.66021624,  0.66632714],
        ...,
        [-0.37231715, -0.50080887, -0.54462576, ...,  0.        ,
         -0.96276472, -0.9649401 ],
        [-0.79289482, -0.6979396 , -0.66021624, ...,  0.96276472,
          0.        ,  0.00816551],
        [-0.79784411, -0.70376411, -0.66632714, ...,  0.9649401 ,
         -0.00816551,  0.        ]],

       [[ 0.        , -0.16913259, -0.37973537, ...,  0.99999995,
          0.96093375,  0.69025349],
        [ 0.16913259,  0.        , -0.2178009 , ...,  0.9855379 ,
          0.90027762,  0.55793036],
        [ 0.37973537,  0.2178009 ,  0.        , ...,  0.92497083,
          0.78385259,  0.36378594],
        ...,
        [-0.99999995, -0.9855379 , -0.92497083, ...,  0.        ,
          0.27646397,  0.7233417 ],
        [-0.96093375, -0.90027762, -0.78385259, ..., -0.27646397,
          0.        ,  0.50425326],
        [-0.69025349, -0.55793036, -0.36378594, ..., -0.7233417 ,
         -0.50425326,  0.        ]],

       ...,

       [[ 0.        , -0.10473405, -0.36026541, ...,  0.91314199,
          0.86266368,  0.96996928],
        [ 0.10473405,  0.        , -0.2605829 , ...,  0.86542599,
          0.80494708,  0.9391605 ],
        [ 0.36026541,  0.2605829 ,  0.        , ...,  0.70496518,
          0.62252136,  0.81720924],
        ...,
        [-0.91314199, -0.86542599, -0.70496518, ...,  0.        ,
          0.11018949, -0.17329864],
        [-0.86266368, -0.80494708, -0.62252136, ..., -0.11018949,
          0.        , -0.2807656 ],
        [-0.96996928, -0.9391605 , -0.81720924, ...,  0.17329864,
          0.2807656 ,  0.        ]],

       [[ 0.        ,  0.01703846,  0.04810568, ...,  0.98275761,
          0.98931074,  0.85715501],
        [-0.01703846,  0.        ,  0.03107997, ...,  0.97946456,
          0.99165172,  0.86580638],
        [-0.04810568, -0.03107997,  0.        , ...,  0.97272515,
          0.99518027,  0.88093988],
        ...,
        [-0.98275761, -0.97946456, -0.97272515, ...,  0.        ,
          0.32623049,  0.66466442],
        [-0.98931074, -0.99165172, -0.99518027, ..., -0.32623049,
          0.        ,  0.3845603 ],
        [-0.85715501, -0.86580638, -0.88093988, ..., -0.66466442,
         -0.3845603 ,  0.        ]],

       [[ 0.        , -0.18615763, -0.4329255 , ...,  0.98778993,
          0.98497121,  0.95239301],
        [ 0.18615763,  0.        , -0.2575499 , ...,  0.94152144,
          0.99990669,  0.99249951],
        [ 0.4329255 ,  0.2575499 ,  0.        , ...,  0.82297697,
          0.9626566 ,  0.99050265],
        ...,
        [-0.98778993, -0.94152144, -0.82297697, ...,  0.        ,
         -0.32406007, -0.44952544],
        [-0.98497121, -0.99990669, -0.9626566 , ...,  0.32406007,
          0.        , -0.13579514],
        [-0.95239301, -0.99249951, -0.99050265, ...,  0.44952544,
          0.13579514,  0.        ]]]), 'num': array([ 9.21974048e-01,  3.87181550e-01,  1.11881276e-05,  3.78212517e-04,
        4.31225568e-04,  3.76234418e-04,  7.29669267e-03, -3.48145413e-05,
        4.17141504e-04,  3.33448138e-04,  2.46332661e-04,  5.12479786e-07,
        4.34236120e-04,  2.32660155e-04])}
{'img': array([[[ 0.        , -0.49682176, -0.01555671, ...,  0.61519902,
          0.87234281,  0.98611263],
        [ 0.49682176,  0.        ,  0.48326071, ...,  0.14222179,
          0.51417146,  0.77328929],
        [ 0.01555671, -0.48326071,  0.        , ...,  0.60286011,
          0.86463165,  0.98340967],
        ...,
        [-0.61519902, -0.14222179, -0.60286011, ...,  0.        ,
         -0.38696297, -0.67525246],
        [-0.87234281, -0.51417146, -0.86463165, ...,  0.38696297,
          0.        , -0.33722835],
        [-0.98611263, -0.77328929, -0.98340967, ...,  0.67525246,
          0.33722835,  0.        ]],

       [[ 0.        ,  0.05138715, -0.03871102, ...,  0.6979396 ,
          0.70376411,  0.65497919],
        [-0.05138715,  0.        , -0.0900085 , ...,  0.66021624,
          0.66632714,  0.6152833 ],
        [ 0.03871102,  0.0900085 ,  0.        , ...,  0.72513961,
          0.73073822,  0.68374011],
        ...,
        [-0.6979396 , -0.66021624, -0.72513961, ...,  0.        ,
          0.00816551, -0.05832821],
        [-0.70376411, -0.66632714, -0.73073822, ..., -0.00816551,
          0.        , -0.06647787],
        [-0.65497919, -0.6152833 , -0.68374011, ...,  0.05832821,
          0.06647787,  0.        ]],

       [[ 0.        , -0.21422881, -0.30585547, ...,  0.93795934,
          0.80600639,  0.54995675],
        [ 0.21422881,  0.        , -0.09479206, ...,  0.84190039,
          0.66049025,  0.35826626],
        [ 0.30585547,  0.09479206,  0.        , ...,  0.78695647,
          0.58634297,  0.26815331],
        ...,
        [-0.93795934, -0.84190039, -0.78695647, ...,  0.        ,
          0.27570564,  0.5926823 ],
        [-0.80600639, -0.66049025, -0.58634297, ..., -0.27570564,
          0.        ,  0.34764784],
        [-0.54995675, -0.35826626, -0.26815331, ..., -0.5926823 ,
         -0.34764784,  0.        ]],

       ...,

       [[ 0.        , -0.2605829 ,  0.50311148, ...,  0.80494708,
          0.9391605 ,  0.99497143],
        [ 0.2605829 ,  0.        ,  0.71093107, ...,  0.62252136,
          0.81720924,  0.93449688],
        [-0.50311148, -0.71093107,  0.        , ...,  0.99417208,
          0.98445075,  0.91026694],
        ...,
        [-0.80494708, -0.62252136, -0.99417208, ...,  0.        ,
         -0.2807656 , -0.50974012],
        [-0.9391605 , -0.81720924, -0.98445075, ...,  0.2807656 ,
          0.        , -0.24768589],
        [-0.99497143, -0.93449688, -0.91026694, ...,  0.50974012,
          0.24768589,  0.        ]],

       [[ 0.        ,  0.03071452,  0.01514547, ...,  0.99822825,
          0.96406817,  0.86069704],
        [-0.03071452,  0.        , -0.01557267, ...,  0.99958483,
          0.97177278,  0.87592826],
        [-0.01514547,  0.01557267,  0.        , ...,  0.99901492,
          0.96798106,  0.86830914],
        ...,
        [-0.99822825, -0.99958483, -0.99901492, ...,  0.        ,
          0.20782136,  0.45700319],
        [-0.96406817, -0.97177278, -0.96798106, ..., -0.20782136,
          0.        ,  0.26217551],
        [-0.86069704, -0.87592826, -0.86830914, ..., -0.45700319,
         -0.26217551,  0.        ]],

       [[ 0.        , -0.2575499 , -0.40738787, ...,  0.99990669,
          0.99249951,  0.99166835],
        [ 0.2575499 ,  0.        , -0.15843584, ...,  0.9626566 ,
          0.99050265,  0.99139129],
        [ 0.40738787,  0.15843584,  0.        , ...,  0.90760493,
          0.95620797,  0.95812491],
        ...,
        [-0.99990669, -0.9626566 , -0.90760493, ...,  0.        ,
         -0.13579514, -0.14235187],
        [-0.99249951, -0.99050265, -0.95620797, ...,  0.13579514,
          0.        , -0.00662103],
        [-0.99166835, -0.99139129, -0.95812491, ...,  0.14235187,
          0.00662103,  0.        ]]]), 'num': array([9.19944154e-01, 3.92018038e-01, 1.04539825e-05, 3.86475927e-04,
       4.02547203e-04, 3.69639352e-04, 4.85868352e-03, 2.06630694e-05,
