state_0,state_1,state_2,state_3,state_4,state_5,state_6,state_7,state_8,state_9,state_10,state_11,state_12,state_13,state_14,state_15,state_16,state_17,state_18,state_19,state_20,state_21,state_22,state_23,state_24,state_25,state_26,state_27,state_28,state_29,state_30,state_31,state_32,state_33,state_34,state_35,state_36,state_37,state_38,state_39,state_40,state_41,state_42,state_43,state_44,state_45,state_46,state_47,state_48,state_49,state_50,state_51,state_52,state_53,state_54,state_55,state_56,state_57,state_58,state_59,state_60,state_61,state_62,state_63,state_64,state_65,state_66,state_67,state_68,state_69,state_70,state_71,state_72,state_73,state_74,state_75,state_76,state_77,state_78,state_79,state_80,state_81,state_82,state_83,state_84,state_85,state_86,state_87,state_88,state_89,state_90,state_91,state_92,state_93,state_94,state_95,state_96,state_97,state_98,state_99,state_100,state_101,state_102,state_103,state_104,state_105,state_106,state_107,state_108,state_109,state_110,state_111,state_112,state_113,state_114,state_115,state_116,state_117,state_118,state_119,state_120,state_121,state_122,state_123,state_124,state_125,state_126,state_127,state_128,state_129,state_130,state_131,state_132,state_133,state_134,state_135,state_136,state_137,state_138,state_139,state_140,state_141,state_142,state_143,state_144,state_145,state_146,state_147,state_148,state_149,state_150,state_151,state_152,state_153,state_154,state_155,state_156,state_157,state_158,state_159,state_160,state_161,state_162,state_163,state_164,state_165,state_166,state_167,state_168,state_169,state_170,state_171,state_172,state_173,state_174,state_175,state_176,state_177,state_178,state_179,state_180,state_181,state_182,state_183,state_184,state_185,state_186,state_187,state_188,state_189,state_190,state_191,state_192,state_193,state_194,state_195,state_196,state_197,state_198,state_199,state_200,state_201,state_202,state_203,state_204,state_205,state_206,state_207,state_208,state_209,state_210,state_211,state_212,state_213,state_214,state_215,state_216,state_217,state_218,state_219,state_220,state_221,state_222,state_223,state_224,state_225,state_226,state_227,state_228,state_229,state_230,state_231,state_232,state_233,state_234,state_235,state_236,state_237,state_238,state_239,state_240,state_241,state_242,state_243,state_244,state_245,state_246,state_247,state_248,state_249,state_250,state_251,state_252,state_253,state_254,state_255,state_256,state_257,state_258,state_259,state_260,state_261,state_262,state_263,state_264,state_265,state_266,state_267,state_268,state_269,state_270,state_271,state_272,state_273,state_274,state_275,state_276,state_277,state_278,state_279,state_280,state_281,state_282,state_283,state_284,state_285,state_286,state_287
{'img': array([[[ 0.        ,  0.06011198,  0.25546171, ..., -0.94018656,
         -0.99782383, -0.9990194 ],
        [-0.06011198,  0.        ,  0.19688233, ..., -0.91800861,
         -0.99205584, -0.99455138],
        [-0.25546171, -0.19688233,  0.        , ..., -0.8219648 ,
         -0.94787098, -0.95456065],
        ...,
        [ 0.94018656,  0.91800861,  0.8219648 , ...,  0.        ,
          0.27792615,  0.29869959],
        [ 0.99782383,  0.99205584,  0.94787098, ..., -0.27792615,
          0.        ,  0.02169352],
        [ 0.9990194 ,  0.99455138,  0.95456065, ..., -0.29869959,
         -0.02169352,  0.        ]],

       [[ 0.        , -0.27908447,  0.82279204, ..., -0.48094101,
         -0.74149454, -0.78606652],
        [ 0.27908447,  0.        ,  0.94871526, ..., -0.21714344,
         -0.5247782 , -0.58231958],
        [-0.82279204, -0.94871526,  0.        , ..., -0.9947246 ,
         -0.97348254, -0.9553573 ],
        ...,
        [ 0.48094101,  0.21714344,  0.9947246 , ...,  0.        ,
         -0.32741588, -0.39189635],
        [ 0.74149454,  0.5247782 ,  0.97348254, ...,  0.32741588,
          0.        , -0.06906947],
        [ 0.78606652,  0.58231958,  0.9553573 , ...,  0.39189635,
          0.06906947,  0.        ]],

       [[ 0.        ,  0.18857309,  0.3917441 , ..., -0.99971213,
         -0.98846993, -0.89395309],
        [-0.18857309,  0.        ,  0.21121465, ..., -0.98630085,
         -0.94218271, -0.79340381],
        [-0.3917441 , -0.21121465,  0.        , ..., -0.92920838,
         -0.85014885, -0.64693894],
        ...,
        [ 0.99971213,  0.98630085,  0.92920838, ...,  0.        ,
         -0.17508986, -0.46947993],
        [ 0.98846993,  0.94218271,  0.85014885, ...,  0.17508986,
          0.        , -0.30763323],
        [ 0.89395309,  0.79340381,  0.64693894, ...,  0.46947993,
          0.30763323,  0.        ]],

       ...,

       [[ 0.        ,  0.22519366,  0.54293859, ..., -0.81562749,
         -0.51890856, -0.67642468],
        [-0.22519366,  0.        ,  0.33988126, ..., -0.92496926,
         -0.69808213, -0.82490784],
        [-0.54293859, -0.33988126,  0.        , ..., -0.99907345,
         -0.89988515, -0.96792346],
        ...,
        [ 0.81562749,  0.92496926,  0.99907345, ...,  0.        ,
          0.39699388,  0.20935525],
        [ 0.51890856,  0.69808213,  0.89988515, ..., -0.39699388,
          0.        , -0.19604565],
        [ 0.67642468,  0.82490784,  0.96792346, ..., -0.20935525,
          0.19604565,  0.        ]],

       [[ 0.        ,  0.05511215,  0.14191566, ..., -0.9997225 ,
         -0.99779283, -0.98942852],
        [-0.05511215,  0.        ,  0.08714562, ..., -0.99690483,
         -0.9926167 , -0.97993232],
        [-0.14191566, -0.08714562,  0.        , ..., -0.98626098,
         -0.97827018, -0.95883347],
        ...,
        [ 0.9997225 ,  0.99690483,  0.98626098, ...,  0.        ,
         -0.04288059, -0.12167336],
        [ 0.99779283,  0.9926167 ,  0.97827018, ...,  0.04288059,
          0.        , -0.07899945],
        [ 0.98942852,  0.97993232,  0.95883347, ...,  0.12167336,
          0.07899945,  0.        ]],

       [[ 0.        ,  0.00215071, -0.00360806, ..., -0.96490597,
         -0.99755611, -0.95242688],
        [-0.00215071,  0.        , -0.00575875, ..., -0.9654685 ,
         -0.99770407, -0.95176921],
        [ 0.00360806,  0.00575875,  0.        , ..., -0.96395223,
         -0.99729752, -0.9535203 ],
        ...,
        [ 0.96490597,  0.9654685 ,  0.96395223, ...,  0.        ,
         -0.19453596, -0.54417484],
        [ 0.99755611,  0.99770407,  0.99729752, ...,  0.19453596,
          0.        , -0.3705684 ],
        [ 0.95242688,  0.95176921,  0.9535203 , ...,  0.54417484,
          0.3705684 ,  0.        ]]]), 'num': array([7.07105380e-01, 7.07105380e-01, 0.00000000e+00, 2.33396641e-04,
       2.36854369e-04, 2.29506697e-04, 1.86043056e-03, 4.32216003e-07,
       2.27864277e-04, 2.57168522e-04, 2.89354207e-04, 1.99818453e-07,
       3.00939862e-04, 2.13397181e-04])}
{'img': array([[[ 0.        ,  0.19688233,  0.68088067, ..., -0.99205584,
         -0.99455138, -0.99560493],
        [-0.19688233,  0.        ,  0.52335837, ..., -0.94787098,
         -0.95456065, -0.95767951],
        [-0.68088067, -0.52335837,  0.        , ..., -0.64092245,
         -0.65742369, -0.66540912],
        ...,
        [ 0.99205584,  0.94787098,  0.64092245, ...,  0.        ,
          0.02169352,  0.03233672],
        [ 0.99455138,  0.95456065,  0.65742369, ..., -0.02169352,
          0.        ,  0.01064693],
        [ 0.99560493,  0.95767951,  0.66540912, ..., -0.03233672,
         -0.01064693,  0.        ]],

       [[ 0.        ,  0.94871526,  0.99903865, ..., -0.5247782 ,
         -0.58231958, -0.7964956 ],
        [-0.94871526,  0.        ,  0.35741769, ..., -0.97348254,
         -0.9553573 , -0.82543294],
        [-0.99903865, -0.35741769,  0.        , ..., -0.82741547,
         -0.78665073, -0.56914632],
        ...,
        [ 0.5247782 ,  0.97348254,  0.82741547, ...,  0.        ,
         -0.06906947, -0.36070396],
        [ 0.58231958,  0.9553573 ,  0.78665073, ...,  0.06906947,
          0.        , -0.2954228 ],
        [ 0.7964956 ,  0.82543294,  0.56914632, ...,  0.36070396,
          0.2954228 ,  0.        ]],

       [[ 0.        ,  0.21121465,  0.5721775 , ..., -0.94218271,
         -0.79340381, -0.90576897],
        [-0.21121465,  0.        ,  0.38604557, ..., -0.85014885,
         -0.64693894, -0.79582773],
        [-0.5721775 , -0.38604557,  0.        , ..., -0.58097569,
         -0.30241216, -0.50037542],
        ...,
        [ 0.94218271,  0.85014885,  0.58097569, ...,  0.        ,
         -0.30763323, -0.0957477 ],
        [ 0.79340381,  0.64693894,  0.30241216, ...,  0.30763323,
          0.        ,  0.21511543],
        [ 0.90576897,  0.79582773,  0.50037542, ...,  0.0957477 ,
         -0.21511543,  0.        ]],

       ...,

       [[ 0.        ,  0.33988126,  0.43488928, ..., -0.69808213,
         -0.82490784, -0.80906345],
        [-0.33988126,  0.        ,  0.102942  , ..., -0.89988515,
         -0.96792346, -0.96065403],
        [-0.43488928, -0.102942  ,  0.        , ..., -0.94000016,
         -0.98864492, -0.98414234],
        ...,
        [ 0.69808213,  0.89988515,  0.94000016, ...,  0.        ,
         -0.19604565, -0.16902602],
        [ 0.82490784,  0.96792346,  0.98864492, ...,  0.19604565,
          0.        ,  0.02747884],
        [ 0.80906345,  0.96065403,  0.98414234, ...,  0.16902602,
         -0.02747884,  0.        ]],

       [[ 0.        ,  0.08714562,  0.48442961, ..., -0.9926167 ,
         -0.97993232, -0.95204615],
        [-0.08714562,  0.        ,  0.40634902, ..., -0.97827018,
         -0.95883347, -0.92176158],
        [-0.48442961, -0.40634902,  0.        , ..., -0.80961299,
         -0.76071283, -0.68466536],
        ...,
        [ 0.9926167 ,  0.97827018,  0.80961299, ...,  0.        ,
         -0.07899945, -0.18821859],
        [ 0.97993232,  0.95883347,  0.76071283, ...,  0.07899945,
          0.        , -0.11004284],
        [ 0.95204615,  0.92176158,  0.68466536, ...,  0.18821859,
          0.11004284,  0.        ]],

       [[ 0.        , -0.00563687, -0.02390242, ..., -0.98515371,
         -0.99999714, -0.94536165],
        [ 0.00563687,  0.        , -0.01826678, ..., -0.98417035,
         -0.99996775, -0.94718438],
        [ 0.02390242,  0.01826678,  0.        , ..., -0.98076881,
         -0.99965422, -0.95288431],
        ...,
        [ 0.98515371,  0.98417035,  0.98076881, ...,  0.        ,
         -0.16931592, -0.4834779 ],
        [ 0.99999714,  0.99996775,  0.99965422, ...,  0.16931592,
          0.        , -0.32828555],
        [ 0.94536165,  0.94718438,  0.95288431, ...,  0.4834779 ,
          0.32828555,  0.        ]]]), 'num': array([ 7.07105481e-01,  7.07105481e-01,  0.00000000e+00,  2.32100026e-04,
        2.32964459e-04,  2.29074514e-04,  1.78406689e-03, -1.29664819e-06,
        2.30716935e-04,  2.54315932e-04,  2.87819881e-04,  2.06030455e-07,
        2.96795010e-04,  2.11836854e-04])}
{'img': array([[[ 0.00000000e+00,  5.23358374e-01, -3.91212675e-02, ...,
         -9.54560653e-01, -9.57679512e-01, -9.47870983e-01],
        [-5.23358374e-01,  0.00000000e+00, -5.56293455e-01, ...,
         -6.57423693e-01, -6.65409116e-01, -6.40922453e-01],
        [ 3.91212675e-02,  5.56293455e-01,  0.00000000e+00, ...,
         -9.65488700e-01, -9.68206915e-01, -9.59611522e-01],
        ...,
        [ 9.54560653e-01,  6.57423693e-01,  9.65488700e-01, ...,
          0.00000000e+00,  1.06469297e-02, -2.16935211e-02],
        [ 9.57679512e-01,  6.65409116e-01,  9.68206915e-01, ...,
         -1.06469297e-02,  0.00000000e+00, -3.23367156e-02],
        [ 9.47870983e-01,  6.40922453e-01,  9.59611522e-01, ...,
          2.16935211e-02,  3.23367156e-02,  0.00000000e+00]],

       [[ 0.00000000e+00,  3.57417689e-01, -8.01332298e-01, ...,
         -9.55357300e-01, -8.25432939e-01, -8.08175378e-01],
        [-3.57417689e-01,  0.00000000e+00, -9.62214231e-01, ...,
         -7.86650731e-01, -5.69146318e-01, -5.44292813e-01],
        [ 8.01332298e-01,  9.62214231e-01,  0.00000000e+00, ...,
         -8.08269319e-01, -9.46142298e-01, -9.55404420e-01],
        ...,
        [ 9.55357300e-01,  7.86650731e-01,  8.08269319e-01, ...,
          0.00000000e+00, -2.95422801e-01, -3.23872162e-01],
        [ 8.25432939e-01,  5.69146318e-01,  9.46142298e-01, ...,
          2.95422801e-01,  0.00000000e+00, -2.99168874e-02],
        [ 8.08175378e-01,  5.44292813e-01,  9.55404420e-01, ...,
          3.23872162e-01,  2.99168874e-02,  0.00000000e+00]],

       [[ 0.00000000e+00,  3.86045570e-01,  5.43127882e-01, ...,
         -6.46938942e-01, -7.95827726e-01, -8.92419702e-01],
        [-3.86045570e-01,  0.00000000e+00,  1.76881293e-01, ...,
         -3.02412162e-01, -5.00375419e-01, -6.49052897e-01],
        [-5.43127882e-01, -1.76881293e-01,  0.00000000e+00, ...,
         -1.29044559e-01, -3.39340260e-01, -5.04257501e-01],
        ...,
        [ 6.46938942e-01,  3.02412162e-01,  1.29044559e-01, ...,
          0.00000000e+00,  2.15115435e-01,  3.88604441e-01],
        [ 7.95827726e-01,  5.00375419e-01,  3.39340260e-01, ...,
         -2.15115435e-01,  0.00000000e+00,  1.81298309e-01],
        [ 8.92419702e-01,  6.49052897e-01,  5.04257501e-01, ...,
         -3.88604441e-01, -1.81298309e-01,  0.00000000e+00]],

       ...,

       [[ 0.00000000e+00,  1.02942000e-01, -1.02717947e-01, ...,
         -9.67923462e-01, -9.60654032e-01, -9.51498002e-01],
        [-1.02942000e-01,  0.00000000e+00, -2.04569734e-01, ...,
         -9.88644921e-01, -9.84142336e-01, -9.78113649e-01],
        [ 1.02717947e-01,  2.04569734e-01,  0.00000000e+00, ...,
         -9.36996257e-01, -9.27042993e-01, -9.14863393e-01],
        ...,
        [ 9.67923462e-01,  9.88644921e-01,  9.36996257e-01, ...,
          0.00000000e+00,  2.74788377e-02,  5.87270706e-02],
        [ 9.60654032e-01,  9.84142336e-01,  9.27042993e-01, ...,
         -2.74788377e-02,  0.00000000e+00,  3.12734831e-02],
        [ 9.51498002e-01,  9.78113649e-01,  9.14863393e-01, ...,
         -5.87270706e-02, -3.12734831e-02,  0.00000000e+00]],

       [[ 0.00000000e+00,  4.06349017e-01,  5.43900249e-02, ...,
         -9.58833471e-01, -9.21761576e-01, -8.11254046e-01],
        [-4.06349017e-01,  0.00000000e+00, -3.56050384e-01, ...,
         -7.60712834e-01, -6.84665359e-01, -5.03667615e-01],
        [-5.43900249e-02,  3.56050384e-01,  0.00000000e+00, ...,
         -9.41969095e-01, -8.99307034e-01, -7.78251689e-01],
        ...,
        [ 9.58833471e-01,  7.60712834e-01,  9.41969095e-01, ...,
          0.00000000e+00, -1.10042838e-01, -3.30253039e-01],
        [ 9.21761576e-01,  6.84665359e-01,  8.99307034e-01, ...,
          1.10042838e-01,  0.00000000e+00, -2.24378759e-01],
        [ 8.11254046e-01,  5.03667615e-01,  7.78251689e-01, ...,
          3.30253039e-01,  2.24378759e-01,  0.00000000e+00]],

       [[ 0.00000000e+00, -1.80326923e-02,  2.62571068e-04, ...,
         -9.96425804e-01, -9.96945422e-01, -9.43230320e-01],
        [ 1.80326923e-02,  0.00000000e+00,  1.82952200e-02, ...,
         -9.94740515e-01, -9.98191694e-01, -9.49066315e-01],
        [-2.62571068e-04, -1.82952200e-02,  0.00000000e+00, ...,
         -9.96447950e-01, -9.96924880e-01, -9.43143077e-01],
        ...,
        [ 9.96425804e-01,  9.94740515e-01,  9.96447950e-01, ...,
          0.00000000e+00, -1.62036788e-01, -4.10629342e-01],
        [ 9.96945422e-01,  9.98191694e-01,  9.96924880e-01, ...,
          1.62036788e-01,  0.00000000e+00, -2.57457233e-01],
        [ 9.43230320e-01,  9.49066315e-01,  9.43143077e-01, ...,
          4.10629342e-01,  2.57457233e-01,  0.00000000e+00]]]), 'num': array([9.82434353e-01, 1.86553257e-01, 2.83736568e-05, 3.25247680e-04,
       3.28146501e-04, 3.11333341e-04, 4.44022799e-03, 1.39143393e-05,
       3.14695973e-04, 3.38553267e-04, 3.84084077e-04, 4.14117240e-07,
       3.93467031e-04, 2.83639503e-04])}
{'img': array([[[ 0.        , -0.55629346, -0.68837803, ..., -0.66540912,
         -0.64092245, -0.8010544 ],
        [ 0.55629346,  0.        , -0.16852381, ..., -0.96820692,
         -0.95961152, -0.99865749],
        [ 0.68837803,  0.16852381,  0.        , ..., -0.99651556,
         -0.99329731, -0.99310378],
        ...,
        [ 0.66540912,  0.96820692,  0.99651556, ...,  0.        ,
         -0.03233672,  0.19966191],
        [ 0.64092245,  0.95961152,  0.99329731, ...,  0.03233672,
          0.        ,  0.23124311],
        [ 0.8010544 ,  0.99865749,  0.99310378, ..., -0.19966191,
         -0.23124311,  0.        ]],

       [[ 0.        , -0.96221423, -0.93586655, ..., -0.56914632,
         -0.54429281, -0.86255499],
        [ 0.96221423,  0.        , -0.59387107, ..., -0.9461423 ,
         -0.95540442, -0.72171327],
        [ 0.93586655,  0.59387107,  0.        , ..., -0.56896207,
         -0.59330996, -0.16958891],
        ...,
        [ 0.56914632,  0.9461423 ,  0.56896207, ...,  0.        ,
         -0.02991689,  0.42125682],
        [ 0.54429281,  0.95540442,  0.59330996, ...,  0.02991689,
          0.        ,  0.44820113],
        [ 0.86255499,  0.72171327,  0.16958891, ..., -0.42125682,
         -0.44820113,  0.        ]],

       [[ 0.        ,  0.17688129,  0.30241216, ..., -0.50037542,
         -0.6490529 , -0.76387227],
        [-0.17688129,  0.        ,  0.12904456, ..., -0.33934026,
         -0.5042575 , -0.63767425],
        [-0.30241216, -0.12904456,  0.        , ..., -0.21511543,
         -0.38860444, -0.53293871],
        ...,
        [ 0.50037542,  0.33934026,  0.21511543, ...,  0.        ,
          0.18129831,  0.33844113],
        [ 0.6490529 ,  0.5042575 ,  0.38860444, ..., -0.18129831,
          0.        ,  0.16223308],
        [ 0.76387227,  0.63767425,  0.53293871, ..., -0.33844113,
         -0.16223308,  0.        ]],

       ...,

       [[ 0.        , -0.20456973,  0.04783048, ..., -0.98414234,
         -0.97811365, -0.79286852],
        [ 0.20456973,  0.        ,  0.25115455, ..., -0.92704299,
         -0.91486339, -0.65143763],
        [-0.04783048, -0.25115455,  0.        , ..., -0.99150015,
         -0.98694632, -0.82110861],
        ...,
        [ 0.98414234,  0.92704299,  0.99150015, ...,  0.        ,
          0.03127348,  0.45908972],
        [ 0.97811365,  0.91486339,  0.98694632, ..., -0.03127348,
          0.        ,  0.43108212],
        [ 0.79286852,  0.65143763,  0.82110861, ..., -0.45908972,
         -0.43108212,  0.        ]],

       [[ 0.        , -0.35605038, -0.60992887, ..., -0.68466536,
         -0.50366761, -0.21435596],
        [ 0.35605038,  0.        , -0.28780393, ..., -0.89930703,
         -0.77825169, -0.54808273],
        [ 0.60992887,  0.28780393,  0.        , ..., -0.98711855,
         -0.92605055, -0.76561914],
        ...,
        [ 0.68466536,  0.89930703,  0.98711855, ...,  0.        ,
         -0.22437876, -0.51251577],
        [ 0.50366761,  0.77825169,  0.92605055, ...,  0.22437876,
          0.        , -0.30677859],
        [ 0.21435596,  0.54808273,  0.76561914, ...,  0.51251577,
          0.30677859,  0.        ]],

       [[ 0.        ,  0.01823836,  0.06183128, ..., -0.99944431,
         -0.98102856, -0.94812559],
        [-0.01823836,  0.        ,  0.04361753, ..., -0.99867013,
         -0.97732963, -0.94216998],
        [-0.06183128, -0.04361753,  0.        , ..., -0.99547097,
         -0.96716466, -0.92665555],
        ...,
        [ 0.99944431,  0.99867013,  0.99547097, ...,  0.        ,
         -0.16105505, -0.2861156 ],
        [ 0.98102856,  0.97732963,  0.96716466, ...,  0.16105505,
          0.        , -0.12805832],
        [ 0.94812559,  0.94216998,  0.92665555, ...,  0.2861156 ,
          0.12805832,  0.        ]]]), 'num': array([9.82425977e-01, 1.86551666e-01, 2.83734149e-05, 3.25244907e-04,
       3.32781777e-04, 3.17708038e-04, 6.06350428e-03, 0.00000000e+00,
       3.17476134e-04, 3.36144380e-04, 3.81887380e-04, 4.29451254e-07,
       3.88920429e-04, 2.83368330e-04])}
{'img': array([[[ 0.        , -0.46632137, -0.53293871, ..., -0.66577356,
         -0.82745064, -0.82745064],
        [ 0.46632137,  0.        , -0.07686616, ..., -0.93690102,
         -0.99383295, -0.99383295],
        [ 0.53293871,  0.07686616,  0.        , ..., -0.96100113,
         -0.99941612, -0.99941612],
        ...,
        [ 0.66577356,  0.93690102,  0.96100113, ...,  0.        ,
          0.24354801,  0.24354801],
        [ 0.82745064,  0.99383295,  0.99941612, ..., -0.24354801,
          0.        ,  0.        ],
        [ 0.82745064,  0.99383295,  0.99941612, ..., -0.24354801,
          0.        ,  0.        ]],

       [[ 0.        , -0.63419703, -0.70050727, ..., -0.97631783,
         -0.76218058, -0.53478392],
        [ 0.63419703,  0.        , -0.08902053, ..., -0.61765817,
         -0.17873965,  0.12240975],
        [ 0.70050727,  0.08902053,  0.        , ..., -0.54519604,
         -0.09044304,  0.21027482],
        ...,
        [ 0.97631783,  0.61765817,  0.54519604, ...,  0.        ,
          0.46714245,  0.70928191],
        [ 0.76218058,  0.17873965,  0.09044304, ..., -0.46714245,
          0.        ,  0.29783398],
        [ 0.53478392, -0.12240975, -0.21027482, ..., -0.70928191,
         -0.29783398,  0.        ]],

       [[ 0.        ,  0.12904456, -0.01237062, ..., -0.5042575 ,
         -0.63767425, -0.69095182],
        [-0.12904456,  0.        , -0.14130187, ..., -0.38860444,
         -0.53293871, -0.59188821],
        [ 0.01237062,  0.14130187,  0.        , ..., -0.51490161,
         -0.64715462, -0.69984168],
        ...,
        [ 0.5042575 ,  0.38860444,  0.51490161, ...,  0.        ,
          0.16223308,  0.23214559],
        [ 0.63767425,  0.53293871,  0.64715462, ..., -0.16223308,
          0.        ,  0.07126919],
        [ 0.69095182,  0.59188821,  0.69984168, ..., -0.23214559,
         -0.07126919,  0.        ]],

       ...,

       [[ 0.        ,  0.25115455,  0.31398304, ..., -0.91486339,
         -0.65143763, -0.61653362],
        [-0.25115455,  0.        ,  0.06546563, ..., -0.98694632,
         -0.82110861, -0.79451302],
        [-0.31398304, -0.06546563,  0.        , ..., -0.99537236,
         -0.85671313, -0.83256247],
        ...,
        [ 0.91486339,  0.98694632,  0.99537236, ...,  0.        ,
          0.43108212,  0.47136432],
        [ 0.65143763,  0.82110861,  0.85671313, ..., -0.43108212,
          0.        ,  0.04513005],
        [ 0.61653362,  0.79451302,  0.83256247, ..., -0.47136432,
         -0.04513005,  0.        ]],

       [[ 0.        , -0.51112777, -0.61887811, ..., -0.62680685,
         -0.45433973, -0.        ],
        [ 0.51112777,  0.        , -0.13044444, ..., -0.93700127,
         -0.84583434, -0.51112777],
        [ 0.61887811,  0.13044444,  0.        , ..., -0.97456281,
         -0.90819223, -0.61887811],
        ...,
        [ 0.62680685,  0.93700127,  0.97456281, ...,  0.        ,
         -0.20436739, -0.62680685],
        [ 0.45433973,  0.84583434,  0.90819223, ...,  0.20436739,
          0.        , -0.45433973],
        [ 0.        ,  0.51112777,  0.61887811, ...,  0.62680685,
          0.45433973,  0.        ]],

       [[ 0.        ,  0.04354838,  0.06175775, ..., -0.98295847,
         -0.96879323, -0.94166012],
        [-0.04354838,  0.        ,  0.0182339 , ..., -0.97402056,
         -0.9570798 , -0.9261099 ],
        [-0.06175775, -0.0182339 ,  0.        , ..., -0.96972938,
         -0.95163605, -0.91907713],
        ...,
        [ 0.98295847,  0.97402056,  0.96972938, ...,  0.        ,
         -0.06555512, -0.15772648],
        [ 0.96879323,  0.9570798 ,  0.95163605, ...,  0.06555512,
          0.        , -0.09265265],
        [ 0.94166012,  0.9261099 ,  0.91907713, ...,  0.15772648,
          0.09265265,  0.        ]]]), 'num': array([ 9.81562847e-01,  1.91078525e-01,  2.90619236e-05,  3.23042224e-04,
        3.36106432e-04,  3.21260741e-04,  4.73698666e-03, -1.00950695e-05,
        3.25773831e-04,  3.41629028e-04,  3.88976884e-04,  4.09536288e-07,
        3.94324128e-04,  2.88933929e-04])}
{'img': array([[[ 0.        , -0.0845249 ,  0.42195928, ..., -0.98809384,
         -0.98809384, -0.94793415],
        [ 0.0845249 ,  0.        ,  0.49708076, ..., -0.99756217,
         -0.99756217, -0.97146018],
        [-0.42195928, -0.49708076,  0.        , ..., -0.83090103,
         -0.83090103, -0.72503127],
        ...,
        [ 0.98809384,  0.99756217,  0.83090103, ...,  0.        ,
          0.        , -0.16883273],
        [ 0.98809384,  0.99756217,  0.83090103, ...,  0.        ,
          0.        , -0.16883273],
        [ 0.94793415,  0.97146018,  0.72503127, ...,  0.16883273,
          0.16883273,  0.        ]],

       [[ 0.        , -0.08902053, -0.1727565 , ..., -0.17873965,
          0.12240975, -0.1429596 ],
        [ 0.08902053,  0.        , -0.08438855, ..., -0.09044304,
          0.21027482, -0.05428586],
        [ 0.1727565 ,  0.08438855,  0.        , ..., -0.00607773,
          0.29202658,  0.0301719 ],
        ...,
        [ 0.17873965,  0.09044304,  0.00607773, ...,  0.        ,
          0.29783398,  0.0362463 ],
        [-0.12240975, -0.21027482, -0.29202658, ..., -0.29783398,
          0.        , -0.26303691],
        [ 0.1429596 ,  0.05428586, -0.0301719 , ..., -0.0362463 ,
          0.26303691,  0.        ]],

       [[ 0.        , -0.14130187, -0.19932661, ..., -0.53293871,
         -0.59188821, -0.60310889],
        [ 0.14130187,  0.        , -0.0588603 , ..., -0.64715462,
         -0.69984168, -0.70976833],
        [ 0.19932661,  0.0588603 ,  0.        , ..., -0.69090527,
         -0.7406721 , -0.75000102],
        ...,
        [ 0.53293871,  0.64715462,  0.69090527, ...,  0.        ,
          0.07126919,  0.08521963],
        [ 0.59188821,  0.69984168,  0.7406721 , ..., -0.07126919,
          0.        ,  0.013993  ],
        [ 0.60310889,  0.70976833,  0.75000102, ..., -0.08521963,
         -0.013993  ,  0.        ]],

       ...,

       [[ 0.        ,  0.06546563,  0.39599797, ..., -0.82110861,
         -0.79451302, -0.84460508],
        [-0.06546563,  0.        ,  0.33503459, ..., -0.85671313,
         -0.83256247, -0.87784288],
        [-0.39599797, -0.33503459,  0.        , ..., -0.98000866,
         -0.97003131, -0.98757307],
        ...,
        [ 0.82110861,  0.85671313,  0.98000866, ...,  0.        ,
          0.04513005, -0.04246373],
        [ 0.79451302,  0.83256247,  0.97003131, ..., -0.04513005,
          0.        , -0.08750981],
        [ 0.84460508,  0.87784288,  0.98757307, ...,  0.04246373,
          0.08750981,  0.        ]],

       [[ 0.        , -0.17042826, -0.13457291, ..., -0.843846  ,
         -0.71327939, -0.3500256 ],
        [ 0.17042826,  0.        ,  0.03627387, ..., -0.92294993,
         -0.8222939 , -0.50455175],
        [ 0.13457291, -0.03627387,  0.        , ..., -0.90837998,
         -0.80111062, -0.47290151],
        ...,
        [ 0.843846  ,  0.92294993,  0.90837998, ...,  0.        ,
         -0.2086993 , -0.60264578],
        [ 0.71327939,  0.8222939 ,  0.80111062, ...,  0.2086993 ,
          0.        , -0.42283155],
        [ 0.3500256 ,  0.50455175,  0.47290151, ...,  0.60264578,
          0.42283155,  0.        ]],

       [[ 0.        ,  0.01810064,  0.01425168, ..., -0.98529511,
         -0.98163291, -0.92351344],
        [-0.01810064,  0.        , -0.00384946, ..., -0.98204099,
         -0.97801886, -0.91641935],
        [-0.01425168,  0.00384946,  0.        , ..., -0.98275998,
         -0.97881429, -0.91795319],
        ...,
        [ 0.98529511,  0.98204099,  0.98275998, ...,  0.        ,
         -0.02025116, -0.22013316],
        [ 0.98163291,  0.97801886,  0.97881429, ...,  0.02025116,
          0.        , -0.20033361],
        [ 0.92351344,  0.91641935,  0.91795319, ...,  0.22013316,
          0.20033361,  0.        ]]]), 'num': array([ 9.81350762e-01,  1.92175217e-01,  2.92287239e-05,  3.22507375e-04,
        3.30868677e-04,  3.19521195e-04,  4.29423347e-03, -2.38894351e-06,
        3.27643603e-04,  3.40334866e-04,  3.89129037e-04,  3.63798505e-07,
        3.90011501e-04,  2.90658230e-04])}
{'img': array([[[ 0.        ,  0.49708076,  0.49708076, ..., -0.99756217,
         -0.97146018, -0.96012513],
        [-0.49708076,  0.        ,  0.        , ..., -0.83090103,
         -0.72503127, -0.69413551],
        [-0.49708076,  0.        ,  0.        , ..., -0.83090103,
         -0.72503127, -0.69413551],
        ...,
        [ 0.99756217,  0.83090103,  0.83090103, ...,  0.        ,
         -0.16883273, -0.21188838],
        [ 0.97146018,  0.72503127,  0.72503127, ...,  0.16883273,
          0.        , -0.04384747],
        [ 0.96012513,  0.69413551,  0.69413551, ...,  0.21188838,
          0.04384747,  0.        ]],

       [[ 0.        , -0.08438855,  0.9225868 , ...,  0.21027482,
         -0.05428586, -0.14472624],
        [ 0.08438855,  0.        ,  0.88673963, ...,  0.29202658,
          0.0301719 , -0.0607099 ],
        [-0.9225868 , -0.88673963,  0.        , ..., -0.98308173,
         -0.90028346, -0.85703968],
        ...,
        [-0.21027482, -0.29202658,  0.98308173, ...,  0.        ,
         -0.26303691, -0.34955149],
        [ 0.05428586, -0.0301719 ,  0.90028346, ...,  0.26303691,
          0.        , -0.0907985 ],
        [ 0.14472624,  0.0607099 ,  0.85703968, ...,  0.34955149,
          0.0907985 ,  0.        ]],

       [[ 0.        , -0.14165585, -0.32840267, ..., -0.59321779,
         -0.60445583, -0.60445583],
        [ 0.14165585,  0.        , -0.19129174, ..., -0.70127468,
         -0.711209  , -0.711209  ],
        [ 0.32840267,  0.19129174,  0.        , ..., -0.82469459,
         -0.83254965, -0.83254965],
        ...,
        [ 0.59321779,  0.70127468,  0.82469459, ...,  0.        ,
          0.01403212,  0.01403212],
        [ 0.60445583,  0.711209  ,  0.83254965, ..., -0.01403212,
          0.        ,  0.        ],
        [ 0.60445583,  0.711209  ,  0.83254965, ..., -0.01403212,
          0.        ,  0.        ]],

       ...,

       [[ 0.        ,  0.33503459,  0.27719513, ..., -0.83256247,
         -0.87784288, -0.93716534],
        [-0.33503459,  0.        , -0.06073094, ..., -0.97003131,
         -0.98757307, -0.99989137],
        [-0.27719513,  0.06073094,  0.        , ..., -0.9534844 ,
         -0.97620567, -0.99715062],
        ...,
        [ 0.83256247,  0.97003131,  0.9534844 , ...,  0.        ,
         -0.08750981, -0.22865609],
        [ 0.87784288,  0.98757307,  0.97620567, ...,  0.08750981,
          0.        , -0.14258745],
        [ 0.93716534,  0.99989137,  0.99715062, ...,  0.22865609,
          0.14258745,  0.        ]],

       [[ 0.        ,  0.03488583,  0.14848478, ..., -0.93165195,
         -0.86615084, -0.48766203],
        [-0.03488583,  0.        ,  0.11389529, ..., -0.91840902,
         -0.84818829, -0.45690872],
        [-0.14848478, -0.11389529,  0.        , ..., -0.86737206,
         -0.78233917, -0.3526241 ],
        ...,
        [ 0.93165195,  0.91840902,  0.86737206, ...,  0.        ,
         -0.15090589, -0.63616948],
        [ 0.86615084,  0.84818829,  0.78233917, ...,  0.15090589,
          0.        , -0.51245281],
        [ 0.48766203,  0.45690872,  0.3526241 , ...,  0.63616948,
          0.51245281,  0.        ]],

       [[ 0.        , -0.00384946, -0.00689356, ..., -0.97801886,
         -0.91641935, -0.93351352],
        [ 0.00384946,  0.        , -0.00304414, ..., -0.97881429,
         -0.91795319, -0.9348868 ],
        [ 0.00689356,  0.00304414,  0.        , ..., -0.97943304,
         -0.91915651, -0.93596297],
        ...,
        [ 0.97801886,  0.97881429,  0.97943304, ...,  0.        ,
         -0.20033361, -0.15600811],
        [ 0.91641935,  0.91795319,  0.91915651, ...,  0.20033361,
          0.        ,  0.04503521],
        [ 0.93351352,  0.9348868 ,  0.93596297, ...,  0.15600811,
         -0.04503521,  0.        ]]]), 'num': array([9.81518452e-01, 1.91353165e-01, 2.91036947e-05, 3.22911856e-04,
       3.25885261e-04, 3.18154407e-04, 2.14116132e-03, 1.78404340e-06,
       3.26955687e-04, 3.35786702e-04, 3.85472311e-04, 3.88237424e-07,
       3.80935926e-04, 2.90637478e-04])}
{'img': array([[[ 0.00000000e+00,  0.00000000e+00, -4.68867559e-01, ...,
         -7.25031265e-01, -6.94135506e-01, -7.17558681e-01],
        [ 0.00000000e+00,  0.00000000e+00, -4.68867559e-01, ...,
         -7.25031265e-01, -6.94135506e-01, -7.17558681e-01],
        [ 4.68867559e-01,  4.68867559e-01,  0.00000000e+00, ...,
         -9.63313833e-01, -9.50619682e-01, -9.60362310e-01],
        ...,
        [ 7.25031265e-01,  7.25031265e-01,  9.63313833e-01, ...,
          0.00000000e+00, -4.38474691e-02, -1.07887549e-02],
        [ 6.94135506e-01,  6.94135506e-01,  9.50619682e-01, ...,
          4.38474691e-02,  0.00000000e+00,  3.30665385e-02],
        [ 7.17558681e-01,  7.17558681e-01,  9.60362310e-01, ...,
          1.07887549e-02, -3.30665385e-02,  0.00000000e+00]],

       [[ 0.00000000e+00,  8.86739632e-01,  3.16308338e-01, ...,
          3.01718980e-02, -6.07098983e-02, -5.60705517e-01],
        [-8.86739632e-01,  0.00000000e+00, -9.87430866e-01, ...,
         -9.00283461e-01, -8.57039683e-01, -4.75037078e-01],
        [-3.16308338e-01,  9.87430866e-01,  0.00000000e+00, ...,
         -2.87541565e-01, -3.73317728e-01, -7.93825039e-01],
        ...,
        [-3.01718980e-02,  9.00283461e-01,  2.87541565e-01, ...,
          0.00000000e+00, -9.07985030e-02, -5.85433035e-01],
        [ 6.07098983e-02,  8.57039683e-01,  3.73317728e-01, ...,
          9.07985030e-02,  0.00000000e+00, -5.09402546e-01],
        [ 5.60705517e-01,  4.75037078e-01,  7.93825039e-01, ...,
          5.85433035e-01,  5.09402546e-01,  0.00000000e+00]],

       [[ 0.00000000e+00, -2.98556723e-01, -3.82425121e-01, ...,
         -6.05811636e-01, -6.05811636e-01, -6.18895960e-01],
        [ 2.98556723e-01,  0.00000000e+00, -8.91210570e-02, ...,
         -8.15715863e-01, -8.15715863e-01, -8.25177522e-01],
        [ 3.82425121e-01,  8.91210570e-02,  0.00000000e+00, ...,
         -8.64022292e-01, -8.64022292e-01, -8.72236099e-01],
        ...,
        [ 6.05811636e-01,  8.15715863e-01,  8.64022292e-01, ...,
          0.00000000e+00,  0.00000000e+00,  1.65499767e-02],
        [ 6.05811636e-01,  8.15715863e-01,  8.64022292e-01, ...,
          0.00000000e+00,  0.00000000e+00,  1.65499767e-02],
        [ 6.18895960e-01,  8.25177522e-01,  8.72236099e-01, ...,
         -1.65499767e-02, -1.65499767e-02,  0.00000000e+00]],

       ...,

       [[ 0.00000000e+00, -6.07309355e-02, -3.82486959e-02, ...,
         -9.87573067e-01, -9.99891372e-01, -9.95647443e-01],
        [ 6.07309355e-02,  0.00000000e+00,  2.25084003e-02, ...,
         -9.76205671e-01, -9.97150622e-01, -9.88149550e-01],
        [ 3.82486959e-02, -2.25084003e-02,  0.00000000e+00, ...,
         -9.80839226e-01, -9.98595948e-01, -9.91354115e-01],
        ...,
        [ 9.87573067e-01,  9.76205671e-01,  9.80839226e-01, ...,
          0.00000000e+00, -1.42587454e-01, -6.44350592e-02],
        [ 9.99891372e-01,  9.97150622e-01,  9.98595948e-01, ...,
          1.42587454e-01,  0.00000000e+00,  7.85144679e-02],
        [ 9.95647443e-01,  9.88149550e-01,  9.91354115e-01, ...,
          6.44350592e-02, -7.85144679e-02,  0.00000000e+00]],

       [[ 0.00000000e+00,  1.09435636e-01,  1.48188673e-01, ...,
         -9.39651101e-01, -8.45396998e-01, -4.40628015e-01],
        [-1.09435636e-01,  0.00000000e+00,  3.90712659e-02, ...,
         -8.96565775e-01, -7.81865662e-01, -3.39742300e-01],
        [-1.48188673e-01, -3.90712659e-02,  0.00000000e+00, ...,
         -8.78576102e-01, -7.56909789e-01, -3.02735631e-01],
        ...,
        [ 9.39651101e-01,  8.96565775e-01,  8.78576102e-01, ...,
          0.00000000e+00, -2.12664588e-01, -6.92761285e-01],
        [ 8.45396998e-01,  7.81865662e-01,  7.56909789e-01, ...,
          2.12664588e-01,  0.00000000e+00, -5.23547873e-01],
        [ 4.40628015e-01,  3.39742300e-01,  3.02735631e-01, ...,
          6.92761285e-01,  5.23547873e-01,  0.00000000e+00]],

       [[ 0.00000000e+00, -3.04414276e-03, -2.61141257e-03, ...,
         -9.17953190e-01, -9.34886796e-01, -9.78428230e-01],
        [ 3.04414276e-03,  0.00000000e+00,  4.32731914e-04, ...,
         -9.19156514e-01, -9.35962971e-01, -9.79052577e-01],
        [ 2.61141257e-03, -4.32731914e-04,  0.00000000e+00, ...,
         -9.18985978e-01, -9.35810519e-01, -9.78964378e-01],
        ...,
        [ 9.17953190e-01,  9.19156514e-01,  9.18985978e-01, ...,
          0.00000000e+00,  4.50352139e-02,  1.98494225e-01],
        [ 9.34886796e-01,  9.35962971e-01,  9.35810519e-01, ...,
         -4.50352139e-02,  0.00000000e+00,  1.54153726e-01],
        [ 9.78428230e-01,  9.79052577e-01,  9.78964378e-01, ...,
         -1.98494225e-01, -1.54153726e-01,  0.00000000e+00]]]), 'num': array([9.82089661e-01, 1.88392131e-01, 2.86533387e-05, 3.24355326e-04,
       3.26111763e-04, 3.16744100e-04, 2.72372994e-03, 6.44026821e-06,
       3.21076644e-04, 3.28131665e-04, 3.77487539e-04, 5.03784194e-07,
       3.68013869e-04, 2.88249461e-04])}
{'img': array([[[ 0.00000000e+00, -4.68867559e-01, -3.25548648e-01, ...,
         -6.94135506e-01, -7.17558681e-01, -7.91711671e-01],
        [ 4.68867559e-01,  0.00000000e+00,  1.55779275e-01, ...,
         -9.50619682e-01, -9.60362310e-01, -9.85722786e-01],
        [ 3.25548648e-01, -1.55779275e-01,  0.00000000e+00, ...,
         -8.90667034e-01, -9.05213881e-01, -9.47459432e-01],
        ...,
        [ 6.94135506e-01,  9.50619682e-01,  8.90667034e-01, ...,
          0.00000000e+00,  3.30665385e-02,  1.45865310e-01],
        [ 7.17558681e-01,  9.60362310e-01,  9.05213881e-01, ...,
         -3.30665385e-02,  0.00000000e+00,  1.13072670e-01],
        [ 7.91711671e-01,  9.85722786e-01,  9.47459432e-01, ...,
         -1.45865310e-01, -1.13072670e-01,  0.00000000e+00]],

       [[ 0.00000000e+00, -9.87430866e-01, -9.75176125e-01, ...,
         -8.57039683e-01, -4.75037078e-01, -6.34260442e-01],
        [ 9.87430866e-01,  0.00000000e+00,  3.72775514e-01, ...,
         -3.73317728e-01, -7.93825039e-01, -6.63156184e-01],
        [ 9.75176125e-01, -3.72775514e-01,  0.00000000e+00, ...,
         -6.92234735e-01, -9.63309381e-01, -8.94372325e-01],
        ...,
        [ 8.57039683e-01,  3.73317728e-01,  6.92234735e-01, ...,
          0.00000000e+00, -5.09402546e-01, -3.35791101e-01],
        [ 4.75037078e-01,  7.93825039e-01,  9.63309381e-01, ...,
          5.09402546e-01,  0.00000000e+00,  1.90867078e-01],
        [ 6.34260442e-01,  6.63156184e-01,  8.94372325e-01, ...,
          3.35791101e-01, -1.90867078e-01,  0.00000000e+00]],

       [[ 0.00000000e+00, -2.47511140e-01, -2.10805203e-01, ...,
         -6.12025052e-01, -6.25197323e-01, -6.09784861e-01],
        [ 2.47511140e-01,  0.00000000e+00,  3.77030835e-02, ...,
         -7.88723230e-01, -7.98918547e-01, -7.86980592e-01],
        [ 2.10805203e-01, -3.77030835e-02,  0.00000000e+00, ...,
         -7.64984524e-01, -7.75674391e-01, -7.63159074e-01],
        ...,
        [ 6.12025052e-01,  7.88723230e-01,  7.64984524e-01, ...,
          0.00000000e+00,  1.67648472e-02, -2.82958092e-03],
        [ 6.25197323e-01,  7.98918547e-01,  7.75674391e-01, ...,
         -1.67648472e-02,  0.00000000e+00, -1.95939633e-02],
        [ 6.09784861e-01,  7.86980592e-01,  7.63159074e-01, ...,
          2.82958092e-03,  1.95939633e-02,  0.00000000e+00]],

       ...,

       [[ 0.00000000e+00,  2.25084003e-02,  4.77316163e-01, ...,
         -9.97150622e-01, -9.88149550e-01, -8.74202811e-01],
        [-2.25084003e-02,  0.00000000e+00,  4.57416393e-01, ...,
         -9.98595948e-01, -9.91354115e-01, -8.84910535e-01],
        [-4.77316163e-01, -4.57416393e-01,  0.00000000e+00, ...,
         -9.12234765e-01, -9.41583525e-01, -9.99955757e-01],
        ...,
        [ 9.97150622e-01,  9.98595948e-01,  9.12234765e-01, ...,
          0.00000000e+00,  7.85144679e-02,  4.18230775e-01],
        [ 9.88149550e-01,  9.91354115e-01,  9.41583525e-01, ...,
         -7.85144679e-02,  0.00000000e+00,  3.45621791e-01],
        [ 8.74202811e-01,  8.84910535e-01,  9.99955757e-01, ...,
