state_0,state_1,state_2,state_3,state_4,state_5,state_6,state_7,state_8,state_9,state_10,state_11,state_12,state_13,state_14,state_15,state_16,state_17,state_18,state_19,state_20,state_21,state_22,state_23,state_24,state_25,state_26,state_27,state_28,state_29,state_30,state_31,state_32,state_33,state_34,state_35,state_36,state_37,state_38,state_39,state_40,state_41,state_42,state_43,state_44,state_45,state_46,state_47,state_48,state_49,state_50,state_51,state_52,state_53,state_54,state_55,state_56,state_57,state_58,state_59,state_60,state_61,state_62,state_63,state_64,state_65,state_66,state_67,state_68,state_69,state_70,state_71,state_72,state_73,state_74,state_75,state_76,state_77,state_78,state_79,state_80,state_81,state_82,state_83,state_84,state_85,state_86,state_87,state_88,state_89,state_90,state_91,state_92,state_93,state_94,state_95,state_96,state_97,state_98,state_99,state_100,state_101,state_102,state_103,state_104,state_105,state_106,state_107,state_108,state_109,state_110,state_111,state_112,state_113,state_114,state_115,state_116,state_117,state_118,state_119,state_120,state_121,state_122,state_123,state_124,state_125,state_126,state_127,state_128,state_129,state_130,state_131,state_132,state_133,state_134,state_135,state_136,state_137,state_138,state_139,state_140,state_141,state_142,state_143,state_144,state_145,state_146,state_147,state_148,state_149,state_150,state_151,state_152,state_153,state_154,state_155,state_156,state_157,state_158,state_159,state_160,state_161,state_162,state_163,state_164,state_165,state_166,state_167,state_168,state_169,state_170,state_171,state_172,state_173,state_174,state_175,state_176,state_177,state_178,state_179,state_180,state_181,state_182,state_183,state_184,state_185,state_186,state_187,state_188,state_189,state_190,state_191,state_192,state_193,state_194,state_195,state_196,state_197,state_198,state_199,state_200,state_201,state_202,state_203,state_204,state_205,state_206,state_207,state_208,state_209,state_210,state_211,state_212,state_213,state_214,state_215,state_216,state_217,state_218,state_219,state_220,state_221,state_222,state_223,state_224,state_225,state_226,state_227,state_228,state_229,state_230,state_231,state_232,state_233,state_234,state_235,state_236,state_237,state_238,state_239,state_240,state_241,state_242,state_243,state_244,state_245,state_246,state_247,state_248,state_249,state_250,state_251,state_252,state_253,state_254,state_255,state_256,state_257,state_258,state_259,state_260,state_261,state_262,state_263,state_264,state_265,state_266,state_267,state_268,state_269,state_270,state_271,state_272,state_273,state_274,state_275,state_276,state_277,state_278,state_279,state_280,state_281,state_282,state_283,state_284,state_285,state_286,state_287
{'img': array([[[ 0.        ,  0.09210342,  0.24804108, ..., -0.09107686,
         -0.29966935, -0.44515543],
        [-0.09210342,  0.        ,  0.15776162, ..., -0.18241036,
         -0.38626622, -0.52573758],
        [-0.24804108, -0.15776162,  0.        , ..., -0.33524085,
         -0.52694642, -0.65335331],
        ...,
        [ 0.09107686,  0.18241036,  0.33524085, ...,  0.        ,
         -0.21153263, -0.36175022],
        [ 0.29966935,  0.38626622,  0.52694642, ...,  0.21153263,
          0.        , -0.15635756],
        [ 0.44515543,  0.52573758,  0.65335331, ...,  0.36175022,
          0.15635756,  0.        ]],

       [[ 0.        ,  0.15275881,  0.54521877, ..., -0.00781683,
          0.22817614,  0.17054653],
        [-0.15275881,  0.        ,  0.41076305, ..., -0.16047923,
          0.07676913,  0.01802407],
        [-0.54521877, -0.41076305,  0.        , ..., -0.55175491,
         -0.33955719, -0.39426302],
        ...,
        [ 0.00781683,  0.16047923,  0.55175491, ...,  0.        ,
          0.23577979,  0.17824363],
        [-0.22817614, -0.07676913,  0.33955719, ..., -0.23577979,
          0.        , -0.05878578],
        [-0.17054653, -0.01802407,  0.39426302, ..., -0.17824363,
          0.05878578,  0.        ]],

       [[ 0.        ,  0.07072067,  0.21057431, ..., -0.07920932,
         -0.06331344, -0.09513264],
        [-0.07072067,  0.        ,  0.1409121 , ..., -0.14950945,
         -0.13373369, -0.16529436],
        [-0.21057431, -0.1409121 ,  0.        , ..., -0.28734596,
         -0.27204564, -0.30261883],
        ...,
        [ 0.07920932,  0.14950945,  0.28734596, ...,  0.        ,
          0.01593589, -0.01598366],
        [ 0.06331344,  0.13373369,  0.27204564, ..., -0.01593589,
          0.        , -0.03191549],
        [ 0.09513264,  0.16529436,  0.30261883, ...,  0.01598366,
          0.03191549,  0.        ]],

       ...,

       [[ 0.        , -0.0895197 ,  0.17807707, ..., -0.45497845,
         -0.78976211, -0.75702717],
        [ 0.0895197 ,  0.        ,  0.26545097, ..., -0.37343423,
         -0.73167868, -0.69549706],
        [-0.17807707, -0.26545097,  0.        , ..., -0.6062844 ,
         -0.88637382, -0.86127986],
        ...,
        [ 0.45497845,  0.37343423,  0.6062844 , ...,  0.        ,
         -0.42419528, -0.37685918],
        [ 0.78976211,  0.73167868,  0.88637382, ...,  0.42419528,
          0.        ,  0.05164695],
        [ 0.75702717,  0.69549706,  0.86127986, ...,  0.37685918,
         -0.05164695,  0.        ]],

       [[ 0.        ,  0.24772909,  0.49918217, ...,  0.99453403,
          0.93165846,  0.81949095],
        [-0.24772909,  0.        ,  0.26896581, ...,  0.93766764,
          0.81260934,  0.65197529],
        [-0.49918217, -0.26896581,  0.        , ...,  0.80963975,
          0.62590883,  0.42400913],
        ...,
        [-0.99453403, -0.93766764, -0.80963975, ...,  0.        ,
         -0.26407211, -0.48439417],
        [-0.93165846, -0.81260934, -0.62590883, ...,  0.26407211,
          0.        , -0.23617616],
        [-0.81949095, -0.65197529, -0.42400913, ...,  0.48439417,
          0.23617616,  0.        ]],

       [[ 0.        ,  0.14186235,  0.22776914, ..., -0.45900701,
          0.01365825,  0.32184629],
        [-0.14186235,  0.        ,  0.08733205, ..., -0.58039994,
         -0.128329  ,  0.18427713],
        [-0.22776914, -0.08733205,  0.        , ..., -0.64929962,
         -0.21444864,  0.09773663],
        ...,
        [ 0.45900701,  0.58039994,  0.64929962, ...,  0.        ,
          0.47109863,  0.72052289],
        [-0.01365825,  0.128329  ,  0.21444864, ..., -0.47109863,
          0.        ,  0.30888475],
        [-0.32184629, -0.18427713, -0.09773663, ..., -0.72052289,
         -0.30888475,  0.        ]]]), 'num': array([7.07105507e-01, 7.07105507e-01, 0.00000000e+00, 4.50071606e-04,
       4.53218960e-04, 4.41678663e-04, 1.39415188e-03, 4.19647185e-06,
       4.54477902e-04, 4.59880859e-04, 4.62905816e-04, 8.80741006e-07,
       4.76512275e-04, 4.43249444e-04])}
{'img': array([[[ 0.        ,  0.15776162,  0.09398688, ..., -0.38626622,
         -0.52573758, -0.41458809],
        [-0.15776162,  0.        , -0.06425337, ..., -0.52694642,
         -0.65335331, -0.55296082],
        [-0.09398688,  0.06425337,  0.        , ..., -0.4712487 ,
         -0.60336002, -0.49828182],
        ...,
        [ 0.38626622,  0.52694642,  0.4712487 , ...,  0.        ,
         -0.15635756, -0.030905  ],
        [ 0.52573758,  0.65335331,  0.60336002, ...,  0.15635756,
          0.        ,  0.12575799],
        [ 0.41458809,  0.55296082,  0.49828182, ...,  0.030905  ,
         -0.12575799,  0.        ]],

       [[ 0.        ,  0.41076305, -0.03755501, ...,  0.07676913,
          0.01802407,  0.08365845],
        [-0.41076305,  0.        , -0.44471376, ..., -0.33955719,
         -0.39426302, -0.33304818],
        [ 0.03755501,  0.44471376,  0.        , ...,  0.11415916,
          0.05556026,  0.12102279],
        ...,
        [-0.07676913,  0.33955719, -0.11415916, ...,  0.        ,
         -0.05878578,  0.00691155],
        [-0.01802407,  0.39426302, -0.05556026, ...,  0.05878578,
          0.        ,  0.06568397],
        [-0.08365845,  0.33304818, -0.12102279, ..., -0.00691155,
         -0.06568397,  0.        ]],

       [[ 0.        ,  0.1409121 ,  0.18772478, ..., -0.13373369,
         -0.16529436, -0.23644217],
        [-0.1409121 ,  0.        ,  0.04744476, ..., -0.27204564,
         -0.30261883, -0.3709996 ],
        [-0.18772478, -0.04744476,  0.        , ..., -0.31739464,
         -0.3474982 , -0.41464058],
        ...,
        [ 0.13373369,  0.27204564,  0.31739464, ...,  0.        ,
         -0.03191549, -0.10437654],
        [ 0.16529436,  0.30261883,  0.3474982 , ...,  0.03191549,
          0.        , -0.07258221],
        [ 0.23644217,  0.3709996 ,  0.41464058, ...,  0.10437654,
          0.07258221,  0.        ]],

       ...,

       [[ 0.        ,  0.26545097, -0.0301433 , ..., -0.73167868,
         -0.69549706, -0.53740359],
        [-0.26545097,  0.        , -0.29439224, ..., -0.88637382,
         -0.86127986, -0.74198538],
        [ 0.0301433 ,  0.29439224,  0.        , ..., -0.71079903,
         -0.67352219, -0.51173878],
        ...,
        [ 0.73167868,  0.88637382,  0.71079903, ...,  0.        ,
          0.05164695,  0.25072208],
        [ 0.69549706,  0.86127986,  0.67352219, ..., -0.05164695,
          0.        ,  0.20039016],
        [ 0.53740359,  0.74198538,  0.51173878, ..., -0.25072208,
         -0.20039016,  0.        ]],

       [[ 0.        ,  0.44395802,  0.57368996, ...,  0.92295007,
          0.80149801,  0.77337673],
        [-0.44395802,  0.        ,  0.15041968, ...,  0.65611899,
          0.4526946 ,  0.41153662],
        [-0.57368996, -0.15041968,  0.        , ...,  0.53513849,
          0.31341988,  0.26976277],
        ...,
        [-0.92295007, -0.65611899, -0.53513849, ...,  0.        ,
         -0.2434094 , -0.28741323],
        [-0.80149801, -0.4526946 , -0.31341988, ...,  0.2434094 ,
          0.        , -0.04562973],
        [-0.77337673, -0.41153662, -0.26976277, ...,  0.28741323,
          0.04562973,  0.        ]],

       [[ 0.        ,  0.08733205,  0.15687175, ..., -0.128329  ,
          0.18427713,  0.25231665],
        [-0.08733205,  0.        ,  0.0700216 , ..., -0.21444864,
          0.09773663,  0.16684622],
        [-0.15687175, -0.0700216 ,  0.        , ..., -0.28231484,
          0.02781038,  0.09739658],
        ...,
        [ 0.128329  ,  0.21444864,  0.28231484, ...,  0.        ,
          0.30888475,  0.37440729],
        [-0.18427713, -0.09773663, -0.02781038, ..., -0.30888475,
          0.        ,  0.06968076],
        [-0.25231665, -0.16684622, -0.09739658, ..., -0.37440729,
         -0.06968076,  0.        ]]]), 'num': array([ 7.07104338e-01,  7.07104338e-01,  0.00000000e+00,  4.39579700e-04,
        4.45874397e-04,  4.35383235e-04,  2.29794222e-03, -1.04911623e-05,
        4.49021746e-04,  4.59250629e-04,  4.62485404e-04,  8.39292982e-07,
        4.77839536e-04,  4.40661722e-04])}
{'img': array([[[ 0.        , -0.06425337, -0.09579478, ..., -0.65335331,
         -0.55296082, -0.79155716],
        [ 0.06425337,  0.        , -0.03163896, ..., -0.60336002,
         -0.49828182, -0.75065657],
        [ 0.09579478,  0.03163896,  0.        , ..., -0.57782687,
         -0.47060091, -0.72937714],
        ...,
        [ 0.65335331,  0.60336002,  0.57782687, ...,  0.        ,
          0.12575799, -0.1999898 ],
        [ 0.55296082,  0.49828182,  0.47060091, ..., -0.12575799,
          0.        , -0.32161949],
        [ 0.79155716,  0.75065657,  0.72937714, ...,  0.1999898 ,
          0.32161949,  0.        ]],

       [[ 0.        , -0.44471376, -0.42169015, ..., -0.39426302,
         -0.33304818, -0.02592391],
        [ 0.44471376,  0.        ,  0.02554339, ...,  0.05556026,
          0.12102279,  0.42134497],
        [ 0.42169015, -0.02554339,  0.        , ...,  0.0300382 ,
          0.09562767,  0.39804218],
        ...,
        [ 0.39426302, -0.05556026, -0.0300382 , ...,  0.        ,
          0.06568397,  0.3703065 ],
        [ 0.33304818, -0.12102279, -0.09562767, ..., -0.06568397,
          0.        ,  0.30849234],
        [ 0.02592391, -0.42134497, -0.39804218, ..., -0.3703065 ,
         -0.30849234,  0.        ]],

       [[ 0.        ,  0.04744476,  0.06331344, ..., -0.30261883,
         -0.3709996 , -0.56504539],
        [-0.04744476,  0.        ,  0.01589256, ..., -0.3474982 ,
         -0.41464058, -0.60355384],
        [-0.06331344, -0.01589256,  0.        , ..., -0.36235646,
         -0.42905021, -0.61614911],
        ...,
        [ 0.30261883,  0.3474982 ,  0.36235646, ...,  0.        ,
         -0.07258221, -0.28887272],
        [ 0.3709996 ,  0.41464058,  0.42905021, ...,  0.07258221,
          0.        , -0.21862295],
        [ 0.56504539,  0.60355384,  0.61614911, ...,  0.28887272,
          0.21862295,  0.        ]],

       ...,

       [[ 0.        , -0.29439224, -0.34396694, ..., -0.86127986,
         -0.74198538, -0.78819307],
        [ 0.29439224,  0.        , -0.052295  , ..., -0.67352219,
         -0.51173878, -0.5720868 ],
        [ 0.34396694,  0.052295  ,  0.        , ..., -0.63394586,
         -0.46610978, -0.52841201],
        ...,
        [ 0.86127986,  0.67352219,  0.63394586, ...,  0.        ,
          0.20039016,  0.12955055],
        [ 0.74198538,  0.51173878,  0.46610978, ..., -0.20039016,
          0.        , -0.07177867],
        [ 0.78819307,  0.5720868 ,  0.52841201, ..., -0.12955055,
          0.07177867,  0.        ]],

       [[ 0.        ,  0.39471238,  0.52325375, ...,  0.72796998,
          0.69029375,  0.78296034],
        [-0.39471238,  0.        ,  0.14440324, ...,  0.39824391,
          0.34865922,  0.47384829],
        [-0.52325375, -0.14440324,  0.        , ...,  0.26161174,
          0.20966302,  0.34171942],
        ...,
        [-0.72796998, -0.39824391, -0.26161174, ...,  0.        ,
         -0.05343595,  0.08395519],
        [-0.69029375, -0.34865922, -0.20966302, ...,  0.05343595,
          0.        ,  0.13708254],
        [-0.78296034, -0.47384829, -0.34171942, ..., -0.08395519,
         -0.13708254,  0.        ]],

       [[ 0.        ,  0.0700216 ,  0.12459328, ...,  0.09773663,
          0.16684622, -0.00818189],
        [-0.0700216 ,  0.        ,  0.05481147, ...,  0.02781038,
          0.09739658, -0.07818107],
        [-0.12459328, -0.05481147,  0.        , ..., -0.02702171,
          0.04269929, -0.13270724],
        ...,
        [-0.09773663, -0.02781038,  0.02702171, ...,  0.        ,
          0.06968076, -0.10587608],
        [-0.16684622, -0.09739658, -0.04269929, ..., -0.06968076,
          0.        , -0.17490784],
        [ 0.00818189,  0.07818107,  0.13270724, ...,  0.10587608,
          0.17490784,  0.        ]]]), 'num': array([ 8.02367473e-01,  5.96827403e-01,  9.90554554e-06,  4.95277277e-04,
        4.97664156e-04,  4.90503520e-04,  1.18737655e-03, -4.77375689e-06,
        5.05540855e-04,  5.20936220e-04,  5.25451399e-04,  7.25127629e-07,
        5.45107416e-04,  4.96765025e-04])}
{'img': array([[[ 0.        , -0.03163896,  0.26582583, ..., -0.49828182,
         -0.75065657, -0.84019671],
        [ 0.03163896,  0.        ,  0.29619337, ..., -0.47060091,
         -0.72937714, -0.82261885],
        [-0.26582583, -0.29619337,  0.        , ..., -0.71082919,
         -0.89927792, -0.95411983],
        ...,
        [ 0.49828182,  0.47060091,  0.71082919, ...,  0.        ,
         -0.32161949, -0.45825412],
        [ 0.75065657,  0.72937714,  0.89927792, ...,  0.32161949,
          0.        , -0.14804439],
        [ 0.84019671,  0.82261885,  0.95411983, ...,  0.45825412,
          0.14804439,  0.        ]],

       [[ 0.        ,  0.02554339,  0.10867075, ...,  0.12102279,
          0.42134497, -0.04127619],
        [-0.02554339,  0.        ,  0.08324318, ...,  0.09562767,
          0.39804218, -0.06678434],
        [-0.10867075, -0.08324318,  0.        , ...,  0.01243408,
          0.32029612, -0.14960988],
        ...,
        [-0.12102279, -0.09562767, -0.01243408, ...,  0.        ,
          0.30849234, -0.16189245],
        [-0.42134497, -0.39804218, -0.32029612, ..., -0.30849234,
          0.        , -0.45841928],
        [ 0.04127619,  0.06678434,  0.14960988, ...,  0.16189245,
          0.45841928,  0.        ]],

       [[ 0.        ,  0.01589256,  0.12826242, ..., -0.41464058,
         -0.60355384, -0.75605485],
        [-0.01589256,  0.        ,  0.11248493, ..., -0.42905021,
         -0.61614911, -0.76636118],
        [-0.12826242, -0.11248493,  0.        , ..., -0.52793267,
         -0.70083512, -0.83375885],
        ...,
        [ 0.41464058,  0.42905021,  0.52793267, ...,  0.        ,
         -0.21862295, -0.41661309],
        [ 0.60355384,  0.61614911,  0.70083512, ...,  0.21862295,
          0.        , -0.20778838],
        [ 0.75605485,  0.76636118,  0.83375885, ...,  0.41661309,
          0.20778838,  0.        ]],

       ...,

       [[ 0.        , -0.052295  , -0.02973021, ..., -0.51173878,
         -0.5720868 , -0.84562094],
        [ 0.052295  ,  0.        ,  0.02258234, ..., -0.46610978,
         -0.52841201, -0.81654964],
        [ 0.02973021, -0.02258234,  0.        , ..., -0.48597012,
         -0.5474494 , -0.82937763],
        ...,
        [ 0.51173878,  0.46610978,  0.48597012, ...,  0.        ,
         -0.07177867, -0.45334979],
        [ 0.5720868 ,  0.52841201,  0.5474494 , ...,  0.07177867,
          0.        , -0.38820174],
        [ 0.84562094,  0.81654964,  0.82937763, ...,  0.45334979,
          0.38820174,  0.        ]],

       [[ 0.        ,  0.36615773,  0.69154673, ...,  0.6046895 ,
          0.72313142,  0.812198  ],
        [-0.36615773,  0.        ,  0.3790334 , ...,  0.27106504,
          0.42000299,  0.54218333],
        [-0.69154673, -0.3790334 ,  0.        , ..., -0.1140038 ,
          0.0446822 ,  0.18324055],
        ...,
        [-0.6046895 , -0.27106504,  0.1140038 , ...,  0.        ,
          0.15828083,  0.29411938],
        [-0.72313142, -0.42000299, -0.0446822 , ..., -0.15828083,
          0.        ,  0.13913189],
        [-0.812198  , -0.54218333, -0.18324055, ..., -0.29411938,
         -0.13913189,  0.        ]],

       [[ 0.        ,  0.05481147,  0.0410641 , ...,  0.09739658,
         -0.07818107, -0.34284318],
        [-0.05481147,  0.        , -0.01376287, ...,  0.04269929,
         -0.13270724, -0.39381728],
        [-0.0410641 ,  0.01376287,  0.        , ...,  0.05644556,
         -0.11905353, -0.38112931],
        ...,
        [-0.09739658, -0.04269929, -0.05644556, ...,  0.        ,
         -0.17490784, -0.43270682],
        [ 0.07818107,  0.13270724,  0.11905353, ...,  0.17490784,
          0.        , -0.26835108],
        [ 0.34284318,  0.39381728,  0.38112931, ...,  0.43270682,
          0.26835108,  0.        ]]]), 'num': array([8.03246374e-01, 5.95642797e-01, 9.88588464e-06, 5.00249584e-04,
       5.02631725e-04, 4.91912091e-04, 1.68569817e-03, 5.95535219e-06,
       5.02155297e-04, 5.18592069e-04, 5.23892332e-04, 7.64637812e-07,
       5.43963826e-04, 4.93220311e-04])}
{'img': array([[[ 0.        ,  0.29619337,  0.59005766, ..., -0.72937714,
         -0.82261885, -0.70499532],
        [-0.29619337,  0.        ,  0.32444558, ..., -0.89927792,
         -0.95411983, -0.88342465],
        [-0.59005766, -0.32444558,  0.        , ..., -0.99253616,
         -0.99965324, -0.98766175],
        ...,
        [ 0.72937714,  0.89927792,  0.99253616, ...,  0.        ,
         -0.14804439,  0.03498735],
        [ 0.82261885,  0.95411983,  0.99965324, ...,  0.14804439,
          0.        ,  0.18255557],
        [ 0.70499532,  0.88342465,  0.98766175, ..., -0.03498735,
         -0.18255557,  0.        ]],

       [[ 0.        ,  0.08324318,  0.47120521, ...,  0.39804218,
         -0.06678434,  0.13190412],
        [-0.08324318,  0.        ,  0.39614733, ...,  0.32029612,
         -0.14960988,  0.04893047],
        [-0.47120521, -0.39614733,  0.        , ..., -0.08118556,
         -0.52905857, -0.3507455 ],
        ...,
        [-0.39804218, -0.32029612,  0.08118556, ...,  0.        ,
         -0.45841928, -0.27355978],
        [ 0.06678434,  0.14960988,  0.52905857, ...,  0.45841928,
          0.        ,  0.19781044],
        [-0.13190412, -0.04893047,  0.3507455 , ...,  0.27355978,
         -0.19781044,  0.        ]],

       [[ 0.        ,  0.11248493,  0.26888411, ..., -0.61614911,
         -0.76636118, -0.83115597],
        [-0.11248493,  0.        ,  0.15883522, ..., -0.70083512,
         -0.83375885, -0.88842702],
        [-0.26888411, -0.15883522,  0.        , ..., -0.80523896,
         -0.91087187, -0.95005675],
        ...,
        [ 0.61614911,  0.70083512,  0.80523896, ...,  0.        ,
         -0.20778838, -0.31203983],
        [ 0.76636118,  0.83375885,  0.91087187, ...,  0.20778838,
          0.        , -0.10781589],
        [ 0.83115597,  0.88842702,  0.95005675, ...,  0.31203983,
          0.10781589,  0.        ]],

       ...,

       [[ 0.        ,  0.02258234,  0.08689752, ..., -0.52841201,
         -0.81654964, -0.76745484],
        [-0.02258234,  0.        ,  0.06437844, ..., -0.5474494 ,
         -0.82937763, -0.78173674],
        [-0.08689752, -0.06437844,  0.        , ..., -0.60018812,
         -0.86362463, -0.82026202],
        ...,
        [ 0.52841201,  0.5474494 ,  0.60018812, ...,  0.        ,
         -0.38820174, -0.31279348],
        [ 0.81654964,  0.82937763,  0.86362463, ...,  0.38820174,
          0.        ,  0.08045976],
        [ 0.76745484,  0.78173674,  0.82026202, ...,  0.31279348,
         -0.08045976,  0.        ]],

       [[ 0.        ,  0.62039609,  0.86189072, ...,  0.65969904,
          0.76809125,  0.7643351 ],
        [-0.62039609,  0.        ,  0.36137193, ...,  0.05114826,
          0.20514057,  0.199416  ],
        [-0.86189072, -0.36137193,  0.        , ..., -0.31320717,
         -0.16240893, -0.16817393],
        ...,
        [-0.65969904, -0.05114826,  0.31320717, ...,  0.        ,
          0.15481159,  0.14903404],
        [-0.76809125, -0.20514057,  0.16240893, ..., -0.15481159,
          0.        , -0.00584538],
        [-0.7643351 , -0.199416  ,  0.16817393, ..., -0.14903404,
          0.00584538,  0.        ]],

       [[ 0.        , -0.01376287,  0.04340082, ..., -0.13270724,
         -0.39381728, -0.53728346],
        [ 0.01376287,  0.        ,  0.05714661, ..., -0.11905353,
         -0.38112931, -0.52562494],
        [-0.04340082, -0.05714661,  0.        , ..., -0.17559915,
         -0.43333975, -0.57338152],
        ...,
        [ 0.13270724,  0.11905353,  0.17559915, ...,  0.        ,
         -0.26835108, -0.42060582],
        [ 0.39381728,  0.38112931,  0.43333975, ...,  0.26835108,
          0.        , -0.16171873],
        [ 0.53728346,  0.52562494,  0.57338152, ...,  0.42060582,
          0.16171873,  0.        ]]]), 'num': array([7.86133074e-01, 6.18053317e-01, 7.96586525e-06, 4.91461277e-04,
       4.99613478e-04, 4.87967477e-04, 1.69982713e-03, 2.32920037e-06,
       4.90296677e-04, 5.05145329e-04, 5.11802960e-04, 8.36123208e-07,
       5.28494038e-04, 4.81796620e-04])}
{'img': array([[[ 0.        ,  0.32444558,  0.67948175, ..., -0.95411983,
         -0.88342465, -0.84951035],
        [-0.32444558,  0.        ,  0.40468149, ..., -0.99965324,
         -0.98766175, -0.97472394],
        [-0.67948175, -0.40468149,  0.        , ..., -0.90348432,
         -0.96654893, -0.98175481],
        ...,
        [ 0.95411983,  0.99965324,  0.90348432, ...,  0.        ,
          0.18255557,  0.2490022 ],
        [ 0.88342465,  0.98766175,  0.96654893, ..., -0.18255557,
          0.        ,  0.06801225],
        [ 0.84951035,  0.97472394,  0.98175481, ..., -0.2490022 ,
         -0.06801225,  0.        ]],

       [[ 0.        ,  0.39614733,  0.62498607, ..., -0.14960988,
          0.04893047,  0.0670012 ],
        [-0.39614733,  0.        ,  0.26460724, ..., -0.52905857,
         -0.3507455 , -0.33373752],
        [-0.62498607, -0.26460724,  0.        , ..., -0.73474276,
         -0.58604057, -0.57127812],
        ...,
        [ 0.14960988,  0.52905857,  0.73474276, ...,  0.        ,
          0.19781044,  0.2155208 ],
        [-0.04893047,  0.3507455 ,  0.58604057, ..., -0.19781044,
          0.        ,  0.01810042],
        [-0.0670012 ,  0.33373752,  0.57127812, ..., -0.2155208 ,
         -0.01810042,  0.        ]],

       [[ 0.        ,  0.15883522,  0.33525288, ..., -0.83375885,
         -0.88842702, -0.90387457],
        [-0.15883522,  0.        ,  0.18135374, ..., -0.91087187,
         -0.95005675, -0.9603493 ],
        [-0.33525288, -0.18135374,  0.        , ..., -0.97061047,
         -0.9908992 , -0.99498607],
        ...,
        [ 0.83375885,  0.91087187,  0.97061047, ...,  0.        ,
         -0.10781589, -0.14237515],
        [ 0.88842702,  0.95005675,  0.9908992 , ...,  0.10781589,
          0.        , -0.03482768],
        [ 0.90387457,  0.9603493 ,  0.99498607, ...,  0.14237515,
          0.03482768,  0.        ]],

       ...,

       [[ 0.        ,  0.06437844,  0.66224276, ..., -0.82937763,
         -0.78173674, -0.67173577],
        [-0.06437844,  0.        ,  0.6126309 , ..., -0.86362463,
         -0.82026202, -0.71803325],
        [-0.66224276, -0.6126309 ,  0.        , ..., -0.99143118,
         -0.99872728, -0.99390782],
        ...,
        [ 0.82937763,  0.86362463,  0.99143118, ...,  0.        ,
          0.08045976,  0.23910435],
        [ 0.78173674,  0.82026202,  0.99872728, ..., -0.08045976,
          0.        ,  0.16020321],
        [ 0.67173577,  0.71803325,  0.99390782, ..., -0.23910435,
         -0.16020321,  0.        ]],

       [[ 0.        ,  0.41661374,  0.78887387, ...,  0.24490019,
          0.23841674, -0.31997639],
        [-0.41661374,  0.        ,  0.46112019, ..., -0.18129239,
         -0.18785908, -0.68559578],
        [-0.78887387, -0.46112019,  0.        , ..., -0.61434665,
         -0.61960484, -0.94404237],
        ...,
        [-0.24490019,  0.18129239,  0.61434665, ...,  0.        ,
         -0.00668145, -0.54225726],
        [-0.23841674,  0.18785908,  0.61960484, ...,  0.00668145,
          0.        , -0.53663131],
        [ 0.31997639,  0.68559578,  0.94404237, ...,  0.54225726,
          0.53663131,  0.        ]],

       [[ 0.        ,  0.05714661, -0.02147853, ..., -0.38112931,
         -0.52562494, -0.55194254],
        [-0.05714661,  0.        , -0.07857685, ..., -0.43333975,
         -0.57338152, -0.59869409],
        [ 0.02147853,  0.07857685,  0.        , ..., -0.36118402,
         -0.50723155, -0.53390465],
        ...,
        [ 0.38112931,  0.43333975,  0.36118402, ...,  0.        ,
         -0.16171873, -0.19246595],
        [ 0.52562494,  0.57338152,  0.50723155, ...,  0.16171873,
          0.        , -0.03123732],
        [ 0.55194254,  0.59869409,  0.53390465, ...,  0.19246595,
          0.03123732,  0.        ]]]), 'num': array([7.73939146e-01, 6.33227026e-01, 6.39600543e-06, 5.00754874e-04,
       5.09859508e-04, 4.83683685e-04, 6.30664345e-03, 2.04854267e-05,
       4.81635142e-04, 4.93243551e-04, 4.99882346e-04, 1.12584185e-06,
       5.15257663e-04, 4.71229438e-04])}
{'img': array([[[ 0.        ,  0.40468149,  0.16519856, ..., -0.98766175,
         -0.97472394, -0.70742336],
        [-0.40468149,  0.        , -0.2480542 , ..., -0.96654893,
         -0.98175481, -0.9329336 ],
        [-0.16519856,  0.2480542 ,  0.        , ..., -0.99996207,
         -0.99823901, -0.8144643 ],
        ...,
        [ 0.98766175,  0.96654893,  0.99996207, ...,  0.        ,
          0.06801225,  0.58728541],
        [ 0.97472394,  0.98175481,  0.99823901, ..., -0.06801225,
          0.        ,  0.5308778 ],
        [ 0.70742336,  0.9329336 ,  0.8144643 , ..., -0.58728541,
         -0.5308778 ,  0.        ]],

       [[ 0.        ,  0.26460724, -0.63885077, ..., -0.3507455 ,
         -0.33373752,  0.74262594],
        [-0.26460724,  0.        , -0.81965021, ..., -0.58604057,
         -0.57127812,  0.53894681],
        [ 0.63885077,  0.81965021,  0.        , ...,  0.32842583,
          0.34546841,  0.99916739],
        ...,
        [ 0.3507455 ,  0.58604057, -0.32842583, ...,  0.        ,
          0.01810042,  0.93034404],
        [ 0.33373752,  0.57127812, -0.34546841, ..., -0.01810042,
          0.        ,  0.92355442],
        [-0.74262594, -0.53894681, -0.99916739, ..., -0.93034404,
         -0.92355442,  0.        ]],

       [[ 0.        ,  0.18135374,  0.3723508 , ..., -0.95005675,
         -0.9603493 , -0.91924166],
        [-0.18135374,  0.        ,  0.19786349, ..., -0.9908992 ,
         -0.99498607, -0.97539656],
        [-0.3723508 , -0.19786349,  0.        , ..., -0.99794232,
         -0.99510382, -0.99973307],
        ...,
        [ 0.95005675,  0.9908992 ,  0.99794232, ...,  0.        ,
         -0.03482768,  0.08715704],
        [ 0.9603493 ,  0.99498607,  0.99510382, ...,  0.03482768,
          0.        ,  0.12179931],
        [ 0.91924166,  0.97539656,  0.99973307, ..., -0.08715704,
         -0.12179931,  0.        ]],

       ...,

       [[ 0.        ,  0.6126309 ,  0.66561797, ..., -0.82026202,
         -0.71803325, -0.30673436],
        [-0.6126309 ,  0.        ,  0.06888197, ..., -0.99872728,
         -0.99390782, -0.8255325 ],
        [-0.66561797, -0.06888197,  0.        , ..., -0.99288098,
         -0.9991389 , -0.86244556],
        ...,
        [ 0.82026202,  0.99872728,  0.99288098, ...,  0.        ,
          0.16020321,  0.60527306],
        [ 0.71803325,  0.99390782,  0.9991389 , ..., -0.16020321,
          0.        ,  0.46993076],
        [ 0.30673436,  0.8255325 ,  0.86244556, ..., -0.60527306,
         -0.46993076,  0.        ]],

       [[ 0.        ,  0.4374463 ,  0.6221677 , ..., -0.1707367 ,
         -0.56111549, -0.85619778],
        [-0.4374463 ,  0.        ,  0.2170112 , ..., -0.58455718,
         -0.86667075, -0.99593702],
        [-0.6221677 , -0.2170112 ,  0.        , ..., -0.74669925,
         -0.95427989, -0.99174536],
        ...,
        [ 0.1707367 ,  0.58455718,  0.74669925, ...,  0.        ,
         -0.41155129, -0.75541516],
        [ 0.56111549,  0.86667075,  0.95427989, ...,  0.41155129,
          0.        , -0.41880773],
        [ 0.85619778,  0.99593702,  0.99174536, ...,  0.75541516,
          0.41880773,  0.        ]],

       [[ 0.        , -0.07857685,  0.03583351, ..., -0.57338152,
         -0.59869409, -0.57604081],
        [ 0.07857685,  0.        ,  0.1142491 , ..., -0.50723155,
         -0.53390465, -0.51002937],
        [-0.03583351, -0.1142491 ,  0.        , ..., -0.60237126,
         -0.62701143, -0.60496193],
        ...,
        [ 0.57338152,  0.50723155,  0.60237126, ...,  0.        ,
         -0.03123732, -0.00324955],
        [ 0.59869409,  0.53390465,  0.62701143, ...,  0.03123732,
          0.        ,  0.02798919],
        [ 0.57604081,  0.51002937,  0.60496193, ...,  0.00324955,
         -0.02798919,  0.        ]]]), 'num': array([7.63971832e-01, 6.45241698e-01, 5.31231025e-06, 5.00971029e-04,
       5.06574732e-04, 4.93125846e-04, 2.87380294e-03, 7.84518391e-06,
       4.80573551e-04, 4.86009143e-04, 4.91986426e-04, 1.29128803e-06,
       5.08314696e-04, 4.63703590e-04])}
{'img': array([[[ 0.        , -0.2480542 , -0.30588867, ..., -0.98175481,
         -0.9329336 , -0.83280212],
        [ 0.2480542 ,  0.        , -0.06016417, ..., -0.99823901,
         -0.8144643 , -0.66945829],
        [ 0.30588867,  0.06016417,  0.        , ..., -0.99286175,
         -0.77808081, -0.62355263],
        ...,
        [ 0.98175481,  0.99823901,  0.99286175, ...,  0.        ,
          0.5308778 ,  0.70182914],
        [ 0.9329336 ,  0.8144643 ,  0.77808081, ..., -0.5308778 ,
          0.        ,  0.21659566],
        [ 0.83280212,  0.66945829,  0.62355263, ..., -0.70182914,
         -0.21659566,  0.        ]],

       [[ 0.        , -0.81965021, -0.43544102, ..., -0.57127812,
          0.53894681, -0.23212709],
        [ 0.81965021,  0.        ,  0.48841463, ...,  0.34546841,
          0.99916739,  0.66428452],
        [ 0.43544102, -0.48841463,  0.        , ..., -0.15688336,
          0.85195852,  0.21458234],
        ...,
        [ 0.57127812, -0.34546841,  0.15688336, ...,  0.        ,
          0.92355442,  0.3651541 ],
        [-0.53894681, -0.99916739, -0.85195852, ..., -0.92355442,
          0.        , -0.71975561],
        [ 0.23212709, -0.66428452, -0.21458234, ..., -0.3651541 ,
          0.71975561,  0.        ]],

       [[ 0.        ,  0.19786349,  0.44108283, ..., -0.99498607,
         -0.97539656, -0.88342847],
        [-0.19786349,  0.        ,  0.25478661, ..., -0.99510382,
         -0.99973307, -0.95867484],
        [-0.44108283, -0.25478661,  0.        , ..., -0.93708084,
         -0.97262569, -0.99952381],
        ...,
        [ 0.99498607,  0.99510382,  0.93708084, ...,  0.        ,
          0.12179931,  0.37786183],
        [ 0.97539656,  0.99973307,  0.97262569, ..., -0.12179931,
          0.        ,  0.2622792 ],
        [ 0.88342847,  0.95867484,  0.99952381, ..., -0.37786183,
         -0.2622792 ,  0.        ]],

       ...,

       [[ 0.        ,  0.06888197,  0.14780635, ..., -0.99390782,
         -0.8255325 , -0.63879431],
        [-0.06888197,  0.        ,  0.0793299 , ..., -0.9991389 ,
         -0.86244556, -0.6902733 ],
        [-0.14780635, -0.0793299 ,  0.        , ..., -0.99928146,
         -0.89988031, -0.74549689],
        ...,
        [ 0.99390782,  0.9991389 ,  0.99928146, ...,  0.        ,
          0.46993076,  0.69428596],
        [ 0.8255325 ,  0.86244556,  0.89988031, ..., -0.46993076,
          0.        ,  0.27463968],
        [ 0.63879431,  0.6902733 ,  0.74549689, ..., -0.69428596,
         -0.27463968,  0.        ]],

       [[ 0.        ,  0.2170112 ,  0.4425537 , ..., -0.86667075,
         -0.99593702, -0.89252903],
        [-0.2170112 ,  0.        ,  0.2374042 , ..., -0.95427989,
         -0.99174536, -0.96912914],
        [-0.4425537 , -0.2374042 ,  0.        , ..., -0.9979615 ,
         -0.93295163, -0.99995554],
        ...,
        [ 0.86667075,  0.95427989,  0.9979615 , ...,  0.        ,
         -0.41880773, -0.05440558],
        [ 0.99593702,  0.99174536,  0.93295163, ...,  0.41880773,
          0.        ,  0.36878309],
        [ 0.89252903,  0.96912914,  0.99995554, ...,  0.05440558,
         -0.36878309,  0.        ]],

       [[ 0.        ,  0.1142491 ,  0.12425767, ..., -0.53390465,
         -0.51002937, -0.53080802],
        [-0.1142491 ,  0.        ,  0.01008038, ..., -0.62701143,
         -0.60496193, -0.62415757],
        [-0.12425767, -0.01008038,  0.        , ..., -0.63483229,
         -0.61295773, -0.63200164],
        ...,
        [ 0.53390465,  0.62701143,  0.63483229, ...,  0.        ,
          0.02798919,  0.00365806],
        [ 0.51002937,  0.60496193,  0.61295773, ..., -0.02798919,
          0.        , -0.02433237],
        [ 0.53080802,  0.62415757,  0.63200164, ..., -0.00365806,
          0.02433237,  0.        ]]]), 'num': array([7.52668894e-01, 6.58394424e-01, 4.21809707e-06, 4.93583610e-04,
       5.00208894e-04, 4.80333044e-04, 2.10659718e-03, 0.00000000e+00,
       4.80553886e-04, 4.79449672e-04, 4.84345021e-04, 1.34536405e-06,
       5.02332224e-04, 4.56567121e-04])}
{'img': array([[[ 0.        , -0.06016417, -0.16519856, ..., -0.8144643 ,
         -0.66945829, -0.66945829],
        [ 0.06016417,  0.        , -0.10556176, ..., -0.77808081,
         -0.62355263, -0.62355263],
        [ 0.16519856,  0.10556176,  0.        , ..., -0.70742336,
         -0.53754246, -0.53754246],
        ...,
        [ 0.8144643 ,  0.77808081,  0.70742336, ...,  0.        ,
          0.21659566,  0.21659566],
        [ 0.66945829,  0.62355263,  0.53754246, ..., -0.21659566,
          0.        ,  0.        ],
        [ 0.66945829,  0.62355263,  0.53754246, ..., -0.21659566,
          0.        ,  0.        ]],

       [[ 0.        ,  0.48841463,  0.0105147 , ...,  0.99916739,
          0.66428452,  0.49559289],
        [-0.48841463,  0.        , -0.47921239, ...,  0.85195852,
          0.21458234,  0.0082452 ],
        [-0.0105147 ,  0.47921239,  0.        , ...,  0.99868317,
          0.65638827,  0.4864329 ],
        ...,
        [-0.99916739, -0.85195852, -0.99868317, ...,  0.        ,
         -0.71975561, -0.8476123 ],
        [-0.66428452, -0.21458234, -0.65638827, ...,  0.71975561,
          0.        , -0.20652192],
        [-0.49559289, -0.0082452 , -0.4864329 , ...,  0.8476123 ,
          0.20652192,  0.        ]],

       [[ 0.        ,  0.25478661,  0.40289937, ..., -0.99973307,
         -0.95867484, -0.85030864],
        [-0.25478661,  0.        ,  0.15641061, ..., -0.97262569,
         -0.99952381, -0.95633637],
        [-0.40289937, -0.15641061,  0.        , ..., -0.92430844,
         -0.99204817, -0.99027975],
        ...,
        [ 0.99973307,  0.97262569,  0.92430844, ...,  0.        ,
          0.2622792 ,  0.50649861],
        [ 0.95867484,  0.99952381,  0.99204817, ..., -0.2622792 ,
          0.        ,  0.2626193 ],
        [ 0.85030864,  0.95633637,  0.99027975, ..., -0.50649861,
         -0.2626193 ,  0.        ]],

       ...,

       [[ 0.        ,  0.0793299 , -0.13527619, ..., -0.86244556,
         -0.6902733 , -0.60138432],
        [-0.0793299 ,  0.        , -0.21345055, ..., -0.89988031,
         -0.74549689, -0.66287041],
        [ 0.13527619,  0.21345055,  0.        , ..., -0.78604788,
         -0.58604934, -0.4877761 ],
        ...,
        [ 0.86244556,  0.89988031,  0.78604788, ...,  0.        ,
          0.27463968,  0.38466884],
        [ 0.6902733 ,  0.74549689,  0.58604934, ..., -0.27463968,
          0.        ,  0.11636982],
        [ 0.60138432,  0.66287041,  0.4877761 , ..., -0.38466884,
         -0.11636982,  0.        ]],

       [[ 0.        ,  0.2374042 ,  0.41492768, ..., -0.99174536,
         -0.96912914, -0.87863834],
        [-0.2374042 ,  0.        ,  0.18706204, ..., -0.93295163,
         -0.99995554, -0.96687654],
        [-0.41492768, -0.18706204,  0.        , ..., -0.8491406 ,
         -0.98406835, -0.99755589],
        ...,
        [ 0.99174536,  0.93295163,  0.8491406 , ...,  0.        ,
          0.36878309,  0.58620803],
        [ 0.96912914,  0.99995554,  0.98406835, ..., -0.36878309,
          0.        ,  0.24611592],
        [ 0.87863834,  0.96687654,  0.99755589, ..., -0.58620803,
         -0.24611592,  0.        ]],

       [[ 0.        ,  0.01008038,  0.05166697, ..., -0.60496193,
         -0.62415757, -0.64082427],
        [-0.01008038,  0.        ,  0.04159743, ..., -0.61295773,
         -0.63200164, -0.64853029],
        [-0.05166697, -0.04159743,  0.        , ..., -0.64529397,
         -0.66369125, -0.67963246],
        ...,
        [ 0.60496193,  0.61295773,  0.64529397, ...,  0.        ,
         -0.02433237, -0.04583737],
        [ 0.62415757,  0.63200164,  0.66369125, ...,  0.02433237,
          0.        , -0.021517  ],
        [ 0.64082427,  0.64853029,  0.67963246, ...,  0.04583737,
          0.021517  ,  0.        ]]]), 'num': array([7.08279841e-01, 7.05925930e-01, 1.03925466e-07, 4.70782362e-04,
       4.72860871e-04, 4.67664598e-04, 2.55982973e-03, 6.23552797e-06,
       4.59142709e-04, 4.51608113e-04, 4.55643885e-04, 1.31036457e-06,
       4.74181480e-04, 4.29034746e-04])}
{'img': array([[[ 0.        , -0.10556176,  0.52921967, ..., -0.62355263,
         -0.62355263, -0.45460731],
        [ 0.10556176,  0.        ,  0.61583035, ..., -0.53754246,
         -0.53754246, -0.35804429],
        [-0.52921967, -0.61583035,  0.        , ..., -0.94280904,
         -0.94280904, -0.85709913],
        ...,
        [ 0.62355263,  0.53754246,  0.94280904, ...,  0.        ,
          0.        ,  0.1999898 ],
        [ 0.62355263,  0.53754246,  0.94280904, ...,  0.        ,
          0.        ,  0.1999898 ],
        [ 0.45460731,  0.35804429,  0.85709913, ..., -0.1999898 ,
         -0.1999898 ,  0.        ]],

       [[ 0.        , -0.47921239, -0.20677281, ...,  0.21458234,
          0.0082452 ,  0.18493172],
