state_0,state_1,state_2,state_3,state_4,state_5,state_6,state_7,state_8,state_9,state_10,state_11,state_12,state_13,state_14,state_15,state_16,state_17,state_18,state_19,state_20,state_21,state_22,state_23,state_24,state_25,state_26,state_27,state_28,state_29,state_30,state_31,state_32,state_33,state_34,state_35,state_36,state_37,state_38,state_39,state_40,state_41,state_42,state_43,state_44,state_45,state_46,state_47,state_48,state_49,state_50,state_51,state_52,state_53,state_54,state_55,state_56,state_57,state_58,state_59,state_60,state_61,state_62,state_63,state_64,state_65,state_66,state_67,state_68,state_69,state_70,state_71,state_72,state_73,state_74,state_75,state_76,state_77,state_78,state_79,state_80,state_81,state_82,state_83,state_84,state_85,state_86,state_87,state_88,state_89,state_90,state_91,state_92,state_93,state_94,state_95,state_96,state_97,state_98,state_99,state_100,state_101,state_102,state_103,state_104,state_105,state_106,state_107,state_108,state_109,state_110,state_111,state_112,state_113,state_114,state_115,state_116,state_117,state_118,state_119,state_120,state_121,state_122,state_123,state_124,state_125,state_126,state_127,state_128,state_129,state_130,state_131,state_132,state_133,state_134,state_135,state_136,state_137,state_138,state_139,state_140,state_141,state_142,state_143,state_144,state_145,state_146,state_147,state_148,state_149,state_150,state_151,state_152,state_153,state_154,state_155,state_156,state_157,state_158,state_159,state_160,state_161,state_162,state_163,state_164,state_165,state_166,state_167,state_168,state_169,state_170,state_171,state_172,state_173,state_174,state_175,state_176,state_177,state_178,state_179,state_180,state_181,state_182,state_183,state_184,state_185,state_186,state_187,state_188,state_189,state_190,state_191,state_192,state_193,state_194,state_195,state_196,state_197,state_198,state_199,state_200,state_201,state_202,state_203,state_204,state_205,state_206,state_207,state_208,state_209,state_210,state_211,state_212,state_213,state_214,state_215,state_216,state_217,state_218,state_219,state_220,state_221,state_222,state_223,state_224,state_225,state_226,state_227,state_228,state_229,state_230,state_231,state_232,state_233,state_234,state_235,state_236,state_237,state_238,state_239,state_240,state_241,state_242,state_243,state_244,state_245,state_246,state_247,state_248,state_249,state_250,state_251,state_252,state_253,state_254,state_255,state_256,state_257,state_258,state_259,state_260,state_261,state_262,state_263,state_264,state_265,state_266,state_267,state_268,state_269,state_270,state_271,state_272,state_273,state_274,state_275,state_276,state_277,state_278,state_279,state_280,state_281,state_282,state_283,state_284,state_285,state_286,state_287
{'img': array([[[ 0.00000000e+00,  0.00000000e+00, -1.82387973e-01, ...,
         -9.60865628e-01, -9.84223425e-01, -9.93864408e-01],
        [ 0.00000000e+00,  0.00000000e+00, -1.82387973e-01, ...,
         -9.60865628e-01, -9.84223425e-01, -9.93864408e-01],
        [ 1.82387973e-01,  1.82387973e-01,  0.00000000e+00, ...,
         -8.94224500e-01, -9.99984609e-01, -9.97367045e-01],
        ...,
        [ 9.60865628e-01,  9.60865628e-01,  8.94224500e-01, ...,
          0.00000000e+00, -4.42650562e-01, -3.81592089e-01],
        [ 9.84223425e-01,  9.84223425e-01,  9.99984609e-01, ...,
          4.42650562e-01,  0.00000000e+00,  6.69841488e-02],
        [ 9.93864408e-01,  9.93864408e-01,  9.97367045e-01, ...,
          3.81592089e-01, -6.69841488e-02,  0.00000000e+00]],

       [[ 0.00000000e+00, -2.38283484e-01,  7.50062383e-02, ...,
          9.63960435e-01,  7.05598658e-01,  8.03914892e-01],
        [ 2.38283484e-01,  0.00000000e+00,  3.10457987e-01, ...,
          9.99588457e-01,  8.54124808e-01,  9.22476399e-01],
        [-7.50062383e-02, -3.10457987e-01,  0.00000000e+00, ...,
          9.41289938e-01,  6.50460735e-01,  7.57040779e-01],
        ...,
        [-9.63960435e-01, -9.99588457e-01, -9.41289938e-01, ...,
          0.00000000e+00, -4.95352194e-01, -3.59431978e-01],
        [-7.05598658e-01, -8.54124808e-01, -6.50460735e-01, ...,
          4.95352194e-01,  0.00000000e+00,  1.50012675e-01],
        [-8.03914892e-01, -9.22476399e-01, -7.57040779e-01, ...,
          3.59431978e-01, -1.50012675e-01,  0.00000000e+00]],

       [[ 0.00000000e+00,  1.21603155e-01,  1.47862553e-01, ...,
         -9.87632351e-01, -9.99996232e-01, -9.91453912e-01],
        [-1.21603155e-01,  0.00000000e+00,  2.64987518e-02, ...,
         -9.99368795e-01, -9.92241252e-01, -9.68232098e-01],
        [-1.47862553e-01, -2.64987518e-02,  0.00000000e+00, ...,
         -9.99959226e-01, -9.88598303e-01, -9.61266002e-01],
        ...,
        [ 9.87632351e-01,  9.99368795e-01,  9.99959226e-01, ...,
          0.00000000e+00, -1.59498075e-01, -2.84291617e-01],
        [ 9.99996232e-01,  9.92241252e-01,  9.88598303e-01, ...,
          1.59498075e-01,  0.00000000e+00, -1.27735341e-01],
        [ 9.91453912e-01,  9.68232098e-01,  9.61266002e-01, ...,
          2.84291617e-01,  1.27735341e-01,  0.00000000e+00]],

       ...,

       [[ 0.00000000e+00, -1.21278730e-01, -4.46849122e-01, ...,
         -6.72068068e-01, -9.58552477e-01, -9.99841168e-01],
        [ 1.21278730e-01,  0.00000000e+00, -3.35053618e-01, ...,
         -5.77301581e-01, -9.16922659e-01, -9.94622314e-01],
        [ 4.46849122e-01,  3.35053618e-01,  0.00000000e+00, ...,
         -2.70351341e-01, -7.30215513e-01, -9.02431182e-01],
        ...,
        [ 6.72068068e-01,  5.77301581e-01,  2.70351341e-01, ...,
          0.00000000e+00, -5.18314952e-01, -7.52349650e-01],
        [ 9.58552477e-01,  9.16922659e-01,  7.30215513e-01, ...,
          5.18314952e-01,  0.00000000e+00, -3.01954524e-01],
        [ 9.99841168e-01,  9.94622314e-01,  9.02431182e-01, ...,
          7.52349650e-01,  3.01954524e-01,  0.00000000e+00]],

       [[ 0.00000000e+00,  5.21636528e-03,  4.63049949e-02, ...,
         -9.53537850e-01, -9.89721646e-01, -9.89775966e-01],
        [-5.21636528e-03,  0.00000000e+00,  4.10935950e-02, ...,
         -9.51953326e-01, -9.88962203e-01, -9.89018485e-01],
        [-4.63049949e-02, -4.10935950e-02,  0.00000000e+00, ...,
         -9.38564580e-01, -9.82038072e-01, -9.82109764e-01],
        ...,
        [ 9.53537850e-01,  9.51953326e-01,  9.38564580e-01, ...,
          0.00000000e+00,  1.61813862e-01,  1.62189177e-01],
        [ 9.89721646e-01,  9.88962203e-01,  9.82038072e-01, ...,
         -1.61813862e-01,  0.00000000e+00,  3.80339143e-04],
        [ 9.89775966e-01,  9.89018485e-01,  9.82109764e-01, ...,
         -1.62189177e-01, -3.80339143e-04,  0.00000000e+00]],

       [[ 0.00000000e+00,  2.45066219e-01,  3.64360509e-01, ...,
          7.34106655e-02,  3.19921765e-02, -1.30473575e-02],
        [-2.45066219e-01,  0.00000000e+00,  1.25029953e-01, ...,
         -1.73232875e-01, -2.13924156e-01, -2.57694855e-01],
        [-3.64360509e-01, -1.25029953e-01,  0.00000000e+00, ...,
         -2.95013122e-01, -3.34381030e-01, -3.76479950e-01],
        ...,
        [-7.34106655e-02,  1.73232875e-01,  2.95013122e-01, ...,
          0.00000000e+00, -4.14672329e-02, -8.64165698e-02],
        [-3.19921765e-02,  2.13924156e-01,  3.34381030e-01, ...,
          4.14672329e-02,  0.00000000e+00, -4.50301321e-02],
        [ 1.30473575e-02,  2.57694855e-01,  3.76479950e-01, ...,
          8.64165698e-02,  4.50301321e-02,  0.00000000e+00]]]), 'num': array([7.07024400e-01, 7.07024400e-01, 0.00000000e+00, 9.96803531e-05,
       1.00047162e-04, 9.90384374e-05, 1.52615114e-02, 0.00000000e+00,
       1.00285588e-04, 1.01569420e-04, 1.05537071e-04, 3.22390747e-07,
       1.05675551e-04, 9.74632879e-05])}
{'img': array([[[ 0.00000000e+00, -1.82387973e-01, -4.08429406e-01, ...,
         -9.84223425e-01, -9.93864408e-01, -9.93864408e-01],
        [ 1.82387973e-01,  0.00000000e+00, -2.35096771e-01, ...,
         -9.99984609e-01, -9.97367045e-01, -9.97367045e-01],
        [ 4.08429406e-01,  2.35096771e-01,  0.00000000e+00, ...,
         -9.70652656e-01, -9.52363871e-01, -9.52363871e-01],
        ...,
        [ 9.84223425e-01,  9.99984609e-01,  9.70652656e-01, ...,
          0.00000000e+00,  6.69841488e-02,  6.69841488e-02],
        [ 9.93864408e-01,  9.97367045e-01,  9.52363871e-01, ...,
         -6.69841488e-02,  0.00000000e+00,  0.00000000e+00],
        [ 9.93864408e-01,  9.97367045e-01,  9.52363871e-01, ...,
         -6.69841488e-02,  0.00000000e+00,  0.00000000e+00]],

       [[ 0.00000000e+00,  3.10457987e-01,  4.60580034e-01, ...,
          8.54124808e-01,  9.22476399e-01,  8.10543514e-01],
        [-3.10457987e-01,  0.00000000e+00,  1.62253286e-01, ...,
          6.50460735e-01,  7.57040779e-01,  5.88663666e-01],
        [-4.60580034e-01, -1.62253286e-01,  0.00000000e+00, ...,
          5.18603731e-01,  6.40998294e-01,  4.49701371e-01],
        ...,
        [-8.54124808e-01, -6.50460735e-01, -5.18603731e-01, ...,
          0.00000000e+00,  1.50012675e-01, -7.87046558e-02],
        [-9.22476399e-01, -7.57040779e-01, -6.40998294e-01, ...,
         -1.50012675e-01,  0.00000000e+00, -2.27361372e-01],
        [-8.10543514e-01, -5.88663666e-01, -4.49701371e-01, ...,
          7.87046558e-02,  2.27361372e-01,  0.00000000e+00]],

       [[ 0.00000000e+00,  2.64987518e-02, -1.21603155e-01, ...,
         -9.92241252e-01, -9.68232098e-01, -9.47256905e-01],
        [-2.64987518e-02,  0.00000000e+00, -1.47862553e-01, ...,
         -9.88598303e-01, -9.61266002e-01, -9.38432079e-01],
        [ 1.21603155e-01,  1.47862553e-01,  0.00000000e+00, ...,
         -9.99996232e-01, -9.91453912e-01, -9.79197917e-01],
        ...,
        [ 9.92241252e-01,  9.88598303e-01,  9.99996232e-01, ...,
          0.00000000e+00, -1.27735341e-01, -2.00218747e-01],
        [ 9.68232098e-01,  9.61266002e-01,  9.91453912e-01, ...,
          1.27735341e-01,  0.00000000e+00, -7.34297563e-02],
        [ 9.47256905e-01,  9.38432079e-01,  9.79197917e-01, ...,
          2.00218747e-01,  7.34297563e-02,  0.00000000e+00]],

       ...,

       [[ 0.00000000e+00, -3.35053618e-01, -7.08154219e-01, ...,
         -9.16922659e-01, -9.94622314e-01, -9.82830901e-01],
        [ 3.35053618e-01,  0.00000000e+00, -4.30655024e-01, ...,
         -7.30215513e-01, -9.02431182e-01, -9.87842624e-01],
        [ 7.08154219e-01,  4.30655024e-01,  0.00000000e+00, ...,
         -3.64800855e-01, -6.28918301e-01, -8.24595950e-01],
        ...,
        [ 9.16922659e-01,  7.30215513e-01,  3.64800855e-01, ...,
          0.00000000e+00, -3.01954524e-01, -5.61393475e-01],
        [ 9.94622314e-01,  9.02431182e-01,  6.28918301e-01, ...,
          3.01954524e-01,  0.00000000e+00, -2.85306769e-01],
        [ 9.82830901e-01,  9.87842624e-01,  8.24595950e-01, ...,
          5.61393475e-01,  2.85306769e-01,  0.00000000e+00]],

       [[ 0.00000000e+00,  4.10935950e-02, -2.66912892e-03, ...,
         -9.88962203e-01, -9.89018485e-01, -9.85687080e-01],
        [-4.10935950e-02,  0.00000000e+00, -4.37603229e-02, ...,
         -9.82038072e-01, -9.82109764e-01, -9.77926699e-01],
        [ 2.66912892e-03,  4.37603229e-02,  0.00000000e+00, ...,
         -9.89354160e-01, -9.89409438e-01, -9.86133545e-01],
        ...,
        [ 9.88962203e-01,  9.82038072e-01,  9.89354160e-01, ...,
          0.00000000e+00,  3.80339143e-04, -2.06771210e-02],
        [ 9.89018485e-01,  9.82109764e-01,  9.89409438e-01, ...,
         -3.80339143e-04,  0.00000000e+00, -2.10573774e-02],
        [ 9.85687080e-01,  9.77926699e-01,  9.86133545e-01, ...,
          2.06771210e-02,  2.10573774e-02,  0.00000000e+00]],

       [[ 0.00000000e+00,  1.25029953e-01,  2.74181758e-01, ...,
         -2.13924156e-01, -2.57694855e-01, -2.99820456e-01],
        [-1.25029953e-01,  0.00000000e+00,  1.51791704e-01, ...,
         -3.34381030e-01, -3.76479950e-01, -4.16745786e-01],
        [-2.74181758e-01, -1.51791704e-01,  0.00000000e+00, ...,
         -4.73560657e-01, -5.12741084e-01, -5.49898907e-01],
        ...,
        [ 2.13924156e-01,  3.34381030e-01,  4.73560657e-01, ...,
          0.00000000e+00, -4.50301321e-02, -8.87969804e-02],
        [ 2.57694855e-01,  3.76479950e-01,  5.12741084e-01, ...,
          4.50301321e-02,  0.00000000e+00, -4.38546556e-02],
        [ 2.99820456e-01,  4.16745786e-01,  5.49898907e-01, ...,
          8.87969804e-02,  4.38546556e-02,  0.00000000e+00]]]), 'num': array([7.12809131e-01, 7.01141029e-01, 1.07243589e-06, 1.00587090e-04,
       1.02251215e-04, 1.00124834e-04, 1.74446675e-02, 9.24513699e-08,
       1.00864445e-04, 1.02413005e-04, 1.06234328e-04, 3.05685981e-07,
       1.06526364e-04, 9.82996462e-05])}
{'img': array([[[ 0.        , -0.23509677,  0.18238797, ..., -0.99736704,
         -0.99736704, -0.99560824],
        [ 0.23509677,  0.        ,  0.40842941, ..., -0.95236387,
         -0.95236387, -0.94569413],
        [-0.18238797, -0.40842941,  0.        , ..., -0.99386441,
         -0.99386441, -0.99598325],
        ...,
        [ 0.99736704,  0.95236387,  0.99386441, ...,  0.        ,
          0.        ,  0.02117067],
        [ 0.99736704,  0.95236387,  0.99386441, ...,  0.        ,
          0.        ,  0.02117067],
        [ 0.99560824,  0.94569413,  0.99598325, ..., -0.02117067,
         -0.02117067,  0.        ]],

       [[ 0.        ,  0.16225329, -0.30186503, ...,  0.75704078,
          0.58866367,  0.73913895],
        [-0.16225329,  0.        , -0.45254934, ...,  0.64099829,
          0.44970137,  0.62005854],
        [ 0.30186503,  0.45254934,  0.        , ...,  0.91895418,
          0.80522397,  0.9079807 ],
        ...,
        [-0.75704078, -0.64099829, -0.91895418, ...,  0.        ,
         -0.22736137, -0.02697761],
        [-0.58866367, -0.44970137, -0.80522397, ...,  0.22736137,
          0.        ,  0.20100754],
        [-0.73913895, -0.62005854, -0.9079807 , ...,  0.02697761,
         -0.20100754,  0.        ]],

       [[ 0.        , -0.14786255, -0.07708833, ..., -0.961266  ,
         -0.93843208, -0.90298234],
        [ 0.14786255,  0.        ,  0.07118159, ..., -0.99145391,
         -0.97919792, -0.95658992],
        [ 0.07708833, -0.07118159,  0.        , ..., -0.9796528 ,
         -0.96227078, -0.93341844],
        ...,
        [ 0.961266  ,  0.99145391,  0.9796528 , ...,  0.        ,
         -0.07342976, -0.16415242],
        [ 0.93843208,  0.97919792,  0.96227078, ...,  0.07342976,
          0.        , -0.09127559],
        [ 0.90298234,  0.95658992,  0.93341844, ...,  0.16415242,
          0.09127559,  0.        ]],

       ...,

       [[ 0.        , -0.43065502, -0.19707141, ..., -0.90243118,
         -0.98784262, -0.99831952],
        [ 0.43065502,  0.        ,  0.24434929, ..., -0.6289183 ,
         -0.82459595, -0.87604378],
        [ 0.19707141, -0.24434929,  0.        , ..., -0.79982866,
         -0.937834  , -0.96732145],
        ...,
        [ 0.90243118,  0.6289183 ,  0.79982866, ...,  0.        ,
         -0.28530677, -0.37781471],
        [ 0.98784262,  0.82459595,  0.937834  , ...,  0.28530677,
          0.        , -0.09795113],
        [ 0.99831952,  0.87604378,  0.96732145, ...,  0.37781471,
          0.09795113,  0.        ]],

       [[ 0.        , -0.04376032,  0.03033772, ..., -0.98210976,
         -0.9779267 , -0.97289561],
        [ 0.04376032,  0.        ,  0.07404884, ..., -0.98940944,
         -0.98613354, -0.98208297],
        [-0.03033772, -0.07404884,  0.        , ..., -0.97594483,
         -0.97113755, -0.96543235],
        ...,
        [ 0.98210976,  0.98940944,  0.97594483, ...,  0.        ,
         -0.02105738, -0.0439024 ],
        [ 0.9779267 ,  0.98613354,  0.97113755, ...,  0.02105738,
          0.        , -0.02285559],
        [ 0.97289561,  0.98208297,  0.96543235, ...,  0.0439024 ,
          0.02285559,  0.        ]],

       [[ 0.        ,  0.1517917 ,  0.23064262, ..., -0.37647995,
         -0.41674579, -0.40855291],
        [-0.1517917 ,  0.        ,  0.08027088, ..., -0.51274108,
         -0.54989891, -0.54236435],
        [-0.23064262, -0.08027088,  0.        , ..., -0.58000254,
         -0.61516917, -0.60805323],
        ...,
        [ 0.37647995,  0.51274108,  0.58000254, ...,  0.        ,
         -0.04385466, -0.03486724],
        [ 0.41674579,  0.54989891,  0.61516917, ...,  0.04385466,
          0.        ,  0.00899429],
        [ 0.40855291,  0.54236435,  0.60805323, ...,  0.03486724,
         -0.00899429,  0.        ]]]), 'num': array([ 8.13946293e-01,  5.80812619e-01,  2.15067965e-05,  1.14562002e-04,
        1.15196109e-04,  1.13927895e-04,  1.21665374e-02, -4.22738014e-07,
        1.14773371e-04,  1.17119567e-04,  1.21262399e-04,  2.77645730e-07,
        1.21698329e-04,  1.12540805e-04])}
{'img': array([[[ 0.        ,  0.40842941,  0.60541507, ..., -0.95236387,
         -0.94569413, -0.97065266],
        [-0.40842941,  0.        ,  0.22754375, ..., -0.99386441,
         -0.99598325, -0.98422342],
        [-0.60541507, -0.22754375,  0.        , ..., -0.94262567,
         -0.94948226, -0.9181458 ],
        ...,
        [ 0.95236387,  0.99386441,  0.94262567, ...,  0.        ,
          0.02117067, -0.06698415],
        [ 0.94569413,  0.99598325,  0.94948226, ..., -0.02117067,
          0.        , -0.08809225],
        [ 0.97065266,  0.98422342,  0.9181458 , ...,  0.06698415,
          0.08809225,  0.        ]],

       [[ 0.        , -0.45254934, -0.44342394, ...,  0.44970137,
          0.62005854,  0.02165489],
        [ 0.45254934,  0.        ,  0.01020682, ...,  0.80522397,
          0.9079807 ,  0.47175374],
        [ 0.44342394, -0.01020682,  0.        , ...,  0.79912968,
          0.90365662,  0.4627295 ],
        ...,
        [-0.44970137, -0.80522397, -0.79912968, ...,  0.        ,
          0.20100754, -0.43025423],
        [-0.62005854, -0.9079807 , -0.90365662, ..., -0.20100754,
          0.        , -0.60292368],
        [-0.02165489, -0.47175374, -0.4627295 , ...,  0.43025423,
          0.60292368,  0.        ]],

       [[ 0.        ,  0.07118159,  0.12160315, ..., -0.97919792,
         -0.95658992, -0.84454445],
        [-0.07118159,  0.        ,  0.05064136, ..., -0.96227078,
         -0.93341844, -0.80428545],
        [-0.12160315, -0.05064136,  0.        , ..., -0.9472569 ,
         -0.91405118, -0.7731602 ],
        ...,
        [ 0.97919792,  0.96227078,  0.9472569 , ...,  0.        ,
         -0.09127559, -0.35298187],
        [ 0.95658992,  0.93341844,  0.91405118, ...,  0.09127559,
          0.        , -0.26610821],
        [ 0.84454445,  0.80428545,  0.7731602 , ...,  0.35298187,
          0.26610821,  0.        ]],

       ...,

       [[ 0.        ,  0.24434929,  0.28936392, ..., -0.82459595,
         -0.87604378, -0.99415245],
        [-0.24434929,  0.        ,  0.0466967 , ..., -0.937834  ,
         -0.96732145, -0.99040321],
        [-0.28936392, -0.0466967 ,  0.        , ..., -0.95301862,
         -0.97810631, -0.98286893],
        ...,
        [ 0.82459595,  0.937834  ,  0.95301862, ...,  0.        ,
         -0.09795113, -0.47336947],
        [ 0.87604378,  0.96732145,  0.97810631, ...,  0.09795113,
          0.        , -0.38481152],
        [ 0.99415245,  0.99040321,  0.98286893, ...,  0.47336947,
          0.38481152,  0.        ]],

       [[ 0.        ,  0.073808  ,  0.20305495, ..., -0.99305401,
         -0.99104186, -0.95179353],
        [-0.073808  ,  0.        ,  0.13023073, ..., -0.98166123,
         -0.97848158, -0.92655767],
        [-0.20305495, -0.13023073,  0.        , ..., -0.94847475,
         -0.9432775 , -0.86968019],
        ...,
        [ 0.99305401,  0.98166123,  0.94847475, ...,  0.        ,
         -0.01601865, -0.19262139],
        [ 0.99104186,  0.97848158,  0.9432775 , ...,  0.01601865,
          0.        , -0.17687801],
        [ 0.95179353,  0.92655767,  0.86968019, ...,  0.19262139,
          0.17687801,  0.        ]],

       [[ 0.        ,  0.08027088,  0.11972426, ..., -0.54989891,
         -0.54236435, -0.51451004],
        [-0.08027088,  0.        ,  0.03964442, ..., -0.61516917,
         -0.60805323, -0.58168078],
        [-0.11972426, -0.03964442,  0.        , ..., -0.64594102,
         -0.63904877, -0.61347094],
        ...,
        [ 0.54989891,  0.61516917,  0.64594102, ...,  0.        ,
          0.00899429,  0.04179487],
        [ 0.54236435,  0.60805323,  0.63904877, ..., -0.00899429,
          0.        ,  0.03280674],
        [ 0.51451004,  0.58168078,  0.61347094, ..., -0.04179487,
         -0.03280674,  0.        ]]]), 'num': array([7.10058767e-01, 7.04062487e-01, 5.44127048e-07, 1.01631866e-04,
       1.01631866e-04, 9.97873672e-05, 1.06055895e-02, 1.66004862e-06,
       1.00488277e-04, 1.02351220e-04, 1.05714356e-04, 3.09763102e-07,
       1.06020150e-04, 9.86822905e-05])}
{'img': array([[[ 0.        ,  0.22754375,  0.        , ..., -0.99598325,
         -0.98422342, -0.98587248],
        [-0.22754375,  0.        , -0.22754375, ..., -0.94948226,
         -0.9181458 , -0.99812397],
        [ 0.        ,  0.22754375,  0.        , ..., -0.99598325,
         -0.98422342, -0.98587248],
        ...,
        [ 0.99598325,  0.94948226,  0.99598325, ...,  0.        ,
         -0.08809225,  0.2550996 ],
        [ 0.98422342,  0.9181458 ,  0.98422342, ...,  0.08809225,
          0.        ,  0.33928555],
        [ 0.98587248,  0.99812397,  0.98587248, ..., -0.2550996 ,
         -0.33928555,  0.        ]],

       [[ 0.        ,  0.01020682,  0.278612  , ...,  0.9079807 ,
          0.47175374,  0.47078756],
        [-0.01020682,  0.        ,  0.26879482, ...,  0.90365662,
          0.4627295 ,  0.4617581 ],
        [-0.278612  , -0.26879482,  0.        , ...,  0.7552863 ,
          0.2074134 ,  0.20634165],
        ...,
        [-0.9079807 , -0.90365662, -0.7552863 , ...,  0.        ,
         -0.60292368, -0.60379726],
        [-0.47175374, -0.4627295 , -0.2074134 , ...,  0.60292368,
          0.        , -0.00109545],
        [-0.47078756, -0.4617581 , -0.20634165, ...,  0.60379726,
          0.00109545,  0.        ]],

       [[ 0.        ,  0.05064136,  0.05064136, ..., -0.93341844,
         -0.80428545, -0.91139981],
        [-0.05064136,  0.        ,  0.        , ..., -0.91405118,
         -0.7731602 , -0.88939036],
        [-0.05064136,  0.        ,  0.        , ..., -0.91405118,
         -0.7731602 , -0.88939036],
        ...,
        [ 0.93341844,  0.91405118,  0.91405118, ...,  0.        ,
         -0.26610821, -0.05712144],
        [ 0.80428545,  0.7731602 ,  0.7731602 , ...,  0.26610821,
          0.        ,  0.21061189],
        [ 0.91139981,  0.88939036,  0.88939036, ...,  0.05712144,
         -0.21061189,  0.        ]],

       ...,

       [[ 0.        ,  0.0466967 , -0.03460986, ..., -0.96732145,
         -0.99040321, -0.9606408 ],
        [-0.0466967 ,  0.        , -0.08124083, ..., -0.97810631,
         -0.98286893, -0.97256489],
        [ 0.03460986,  0.08124083,  0.        , ..., -0.95796649,
         -0.99459322, -0.95045088],
        ...,
        [ 0.96732145,  0.97810631,  0.95796649, ...,  0.        ,
         -0.38481152,  0.02514215],
        [ 0.99040321,  0.98286893,  0.99459322, ...,  0.38481152,
          0.        ,  0.40789596],
        [ 0.9606408 ,  0.97256489,  0.95045088, ..., -0.02514215,
         -0.40789596,  0.        ]],

       [[ 0.        ,  0.12834571,  0.17800516, ..., -0.99821449,
         -0.99400115, -0.92115655],
        [-0.12834571,  0.        ,  0.05023699, ..., -0.98229247,
         -0.97174314, -0.86358695],
        [-0.17800516, -0.05023699,  0.        , ..., -0.97164006,
         -0.95865816, -0.83716704],
        ...,
        [ 0.99821449,  0.98229247,  0.97164006, ...,  0.        ,
         -0.04980121, -0.33347537],
        [ 0.99400115,  0.97174314,  0.95865816, ...,  0.04980121,
          0.        , -0.28611104],
        [ 0.92115655,  0.86358695,  0.83716704, ...,  0.33347537,
          0.28611104,  0.        ]],

       [[ 0.        ,  0.03964442,  0.12138441, ..., -0.60805323,
         -0.58168078, -0.49880645],
        [-0.03964442,  0.        ,  0.08193771, ..., -0.63904877,
         -0.61347094, -0.53277466],
        [-0.12138441, -0.08193771,  0.        , ..., -0.69992365,
         -0.67611574, -0.60032356],
        ...,
        [ 0.60805323,  0.63904877,  0.69992365, ...,  0.        ,
          0.03280674,  0.13100731],
        [ 0.58168078,  0.61347094,  0.67611574, ..., -0.03280674,
          0.        ,  0.0984128 ],
        [ 0.49880645,  0.53277466,  0.60032356, ..., -0.13100731,
         -0.0984128 ,  0.        ]]]), 'num': array([9.73777093e-01, 2.26552973e-01, 6.70757738e-05, 1.39746422e-04,
       1.39871868e-04, 1.37362955e-04, 2.07788880e-02, 1.50534746e-06,
       1.37362955e-04, 1.39401447e-04, 1.43624783e-04, 5.85412900e-07,
       1.44186092e-04, 1.34616802e-04])}
{'img': array([[[ 0.        , -0.22754375,  0.        , ..., -0.9181458 ,
         -0.99812397, -0.99188874],
        [ 0.22754375,  0.        ,  0.22754375, ..., -0.98422342,
         -0.98587248, -0.93694649],
        [ 0.        , -0.22754375,  0.        , ..., -0.9181458 ,
         -0.99812397, -0.99188874],
        ...,
        [ 0.9181458 ,  0.98422342,  0.9181458 , ...,  0.        ,
          0.33928555,  0.50973337],
        [ 0.99812397,  0.98587248,  0.99812397, ..., -0.33928555,
          0.        ,  0.18759937],
        [ 0.99188874,  0.93694649,  0.99188874, ..., -0.50973337,
         -0.18759937,  0.        ]],

       [[ 0.        ,  0.26879482, -0.09914814, ...,  0.4627295 ,
          0.4617581 ,  0.79495752],
        [-0.26879482,  0.        , -0.36296962, ...,  0.2074134 ,
          0.20634165,  0.60263263],
        [ 0.09914814,  0.36296962,  0.        , ...,  0.54834426,
          0.54742786,  0.85119023],
        ...,
        [-0.4627295 , -0.2074134 , -0.54834426, ...,  0.        ,
         -0.00109545,  0.42400763],
        [-0.4617581 , -0.20634165, -0.54742786, ...,  0.00109545,
          0.        ,  0.42499948],
        [-0.79495752, -0.60263263, -0.85119023, ..., -0.42400763,
         -0.42499948,  0.        ]],

       [[ 0.        ,  0.        ,  0.11176313, ..., -0.7731602 ,
         -0.88939036, -0.96039768],
        [ 0.        ,  0.        ,  0.11176313, ..., -0.7731602 ,
         -0.88939036, -0.96039768],
        [-0.11176313, -0.11176313,  0.        , ..., -0.69743487,
         -0.83272586, -0.92323979],
        ...,
        [ 0.7731602 ,  0.7731602 ,  0.69743487, ...,  0.        ,
          0.21061189,  0.3936667 ],
        [ 0.88939036,  0.88939036,  0.83272586, ..., -0.21061189,
          0.        ,  0.19123099],
        [ 0.96039768,  0.96039768,  0.92323979, ..., -0.3936667 ,
         -0.19123099,  0.        ]],

       ...,

       [[ 0.        , -0.08124083,  0.09244902, ..., -0.98286893,
         -0.97256489, -0.70773251],
        [ 0.08124083,  0.        ,  0.17303634, ..., -0.99459322,
         -0.95045088, -0.64799803],
        [-0.09244902, -0.17303634,  0.        , ..., -0.96162082,
         -0.98990638, -0.77001502],
        ...,
        [ 0.98286893,  0.99459322,  0.96162082, ...,  0.        ,
          0.40789596,  0.824817  ],
        [ 0.97256489,  0.95045088,  0.98990638, ..., -0.40789596,
          0.        ,  0.52245707],
        [ 0.70773251,  0.64799803,  0.77001502, ..., -0.824817  ,
         -0.52245707,  0.        ]],

       [[ 0.        ,  0.05016942,  0.13242666, ..., -0.97463095,
         -0.90518862, -0.86299173],
        [-0.05016942,  0.        ,  0.08253232, ..., -0.96217479,
         -0.88272623, -0.83655849],
        [-0.13242666, -0.08253232,  0.        , ..., -0.93640771,
         -0.84093379, -0.78848686],
        ...,
        [ 0.97463095,  0.96217479,  0.93640771, ...,  0.        ,
         -0.21163042, -0.29924802],
        [ 0.90518862,  0.88272623,  0.84093379, ...,  0.21163042,
          0.        , -0.09053746],
        [ 0.86299173,  0.83655849,  0.78848686, ...,  0.29924802,
          0.09053746,  0.        ]],

       [[ 0.        ,  0.08193771,  0.15394329, ..., -0.61347094,
         -0.53277466, -0.48466356],
        [-0.08193771,  0.        ,  0.07246466, ..., -0.67611574,
         -0.60032356, -0.55470482],
        [-0.15394329, -0.07246466,  0.        , ..., -0.72772985,
         -0.65669943, -0.61354051],
        ...,
        [ 0.61347094,  0.67611574,  0.72772985, ...,  0.        ,
          0.0984128 ,  0.15385624],
        [ 0.53277466,  0.60032356,  0.65669943, ..., -0.0984128 ,
          0.        ,  0.05586835],
        [ 0.48466356,  0.55470482,  0.61354051, ..., -0.15385624,
         -0.05586835,  0.        ]]]), 'num': array([ 9.91457396e-01,  1.27376839e-01,  7.92007819e-05,  1.41908446e-04,
        1.45290316e-04,  1.40217512e-04,  2.80571079e-02, -2.99165377e-06,
        1.42532792e-04,  1.44418834e-04,  1.48674353e-04,  4.36882728e-07,
        1.49511344e-04,  1.39326324e-04])}
{'img': array([[[ 0.        ,  0.22754375,  0.68965517, ..., -0.98587248,
         -0.93694649, -0.99958025],
        [-0.22754375,  0.        ,  0.50679098, ..., -0.99812397,
         -0.99188874, -0.9667669 ],
        [-0.68965517, -0.50679098,  0.        , ..., -0.82942325,
         -0.91949425, -0.70385384],
        ...,
        [ 0.98587248,  0.99812397,  0.82942325, ...,  0.        ,
          0.18759937, -0.1959892 ],
        [ 0.93694649,  0.99188874,  0.91949425, ..., -0.18759937,
          0.        , -0.37647061],
        [ 0.99958025,  0.9667669 ,  0.70385384, ...,  0.1959892 ,
          0.37647061,  0.        ]],

       [[ 0.        , -0.36296962, -0.10114577, ...,  0.20634165,
          0.60263263,  0.90521057],
        [ 0.36296962,  0.        ,  0.26686045, ...,  0.54742786,
          0.85119023,  0.99772487],
        [ 0.10114577, -0.26686045,  0.        , ...,  0.30425256,
          0.68025832,  0.94355155],
        ...,
        [-0.20634165, -0.54742786, -0.30425256, ...,  0.        ,
          0.42499948,  0.79804282],
        [-0.60263263, -0.85119023, -0.68025832, ..., -0.42499948,
          0.        ,  0.46627824],
        [-0.90521057, -0.99772487, -0.94355155, ..., -0.79804282,
         -0.46627824,  0.        ]],

       [[ 0.        ,  0.11176313,  0.49393895, ..., -0.88939036,
         -0.96039768, -0.96675873],
        [-0.11176313,  0.        ,  0.3936667 , ..., -0.83272586,
         -0.92323979, -0.93212512],
        [-0.49393895, -0.3936667 ,  0.        , ..., -0.54751841,
         -0.69743487, -0.71429801],
        ...,
        [ 0.88939036,  0.83272586,  0.54751841, ...,  0.        ,
          0.19123099,  0.21454383],
        [ 0.96039768,  0.92323979,  0.69743487, ..., -0.19123099,
          0.        ,  0.02380638],
        [ 0.96675873,  0.93212512,  0.71429801, ..., -0.21454383,
         -0.02380638,  0.        ]],

       ...,

       [[ 0.        ,  0.17303634,  0.501591  , ..., -0.95045088,
         -0.64799803, -0.95045088],
        [-0.17303634,  0.        ,  0.34433014, ..., -0.98990638,
         -0.77001502, -0.98990638],
        [-0.501591  , -0.34433014,  0.        , ..., -0.97817169,
         -0.94261904, -0.97817169],
        ...,
        [ 0.95045088,  0.98990638,  0.97817169, ...,  0.        ,
          0.52245707,  0.        ],
        [ 0.64799803,  0.77001502,  0.94261904, ..., -0.52245707,
          0.        , -0.52245707],
        [ 0.95045088,  0.98990638,  0.97817169, ...,  0.        ,
          0.52245707,  0.        ]],

       [[ 0.        ,  0.08253232,  0.1883746 , ..., -0.88272623,
         -0.83655849, -0.86335282],
        [-0.08253232,  0.        ,  0.10667717, ..., -0.84093379,
         -0.78848686, -0.81876152],
        [-0.1883746 , -0.10667717,  0.        , ..., -0.7784081 ,
         -0.71837556, -0.75284246],
        ...,
        [ 0.88272623,  0.84093379,  0.7784081 , ...,  0.        ,
         -0.09053746, -0.03974549],
        [ 0.83655849,  0.78848686,  0.71837556, ...,  0.09053746,
          0.        ,  0.05088366],
        [ 0.86335282,  0.81876152,  0.75284246, ...,  0.03974549,
         -0.05088366,  0.        ]],

       [[ 0.        ,  0.07246466,  0.1505643 , ..., -0.60032356,
         -0.55470482, -0.58363883],
        [-0.07246466,  0.        ,  0.07852988, ..., -0.65669943,
         -0.61354051, -0.64094671],
        [-0.1505643 , -0.07852988,  0.        , ..., -0.71389489,
         -0.67365791, -0.6992457 ],
        ...,
        [ 0.60032356,  0.65669943,  0.71389489, ...,  0.        ,
          0.05586835,  0.02070138],
        [ 0.55470482,  0.61354051,  0.67365791, ..., -0.05586835,
          0.        , -0.03518733],
        [ 0.58363883,  0.64094671,  0.6992457 , ..., -0.02070138,
          0.03518733,  0.        ]]]), 'num': array([ 9.95627924e-01,  8.92335881e-02,  8.34617300e-05,  1.42447649e-04,
        1.42841150e-04,  1.40217805e-04,  2.76085186e-02, -6.55836320e-07,
        1.43680621e-04,  1.45379237e-04,  1.49688082e-04,  4.24364677e-07,
        1.50613633e-04,  1.40144841e-04])}
{'img': array([[[ 0.        ,  0.50679098, -0.12313729, ..., -0.99188874,
         -0.9667669 , -0.93515277],
        [-0.50679098,  0.        , -0.60908696, ..., -0.91949425,
         -0.70385384, -0.62663816],
        [ 0.12313729,  0.60908696,  0.        , ..., -0.96868824,
         -0.99089068, -0.97165665],
        ...,
        [ 0.99188874,  0.91949425,  0.96868824, ...,  0.        ,
         -0.37647061, -0.47023776],
        [ 0.9667669 ,  0.70385384,  0.99089068, ...,  0.37647061,
          0.        , -0.1033914 ],
        [ 0.93515277,  0.62663816,  0.97165665, ...,  0.47023776,
          0.1033914 ,  0.        ]],

       [[ 0.        ,  0.26686045, -0.05200236, ...,  0.85119023,
          0.99772487,  0.99220832],
        [-0.26686045,  0.        , -0.31661588, ...,  0.68025832,
          0.94355155,  0.92297794],
        [ 0.05200236,  0.31661588,  0.        , ...,  0.87733236,
          0.99988076,  0.99734479],
        ...,
        [-0.85119023, -0.68025832, -0.87733236, ...,  0.        ,
          0.46627824,  0.41471804],
        [-0.99772487, -0.94355155, -0.99988076, ..., -0.46627824,
          0.        , -0.05741449],
        [-0.99220832, -0.92297794, -0.99734479, ..., -0.41471804,
          0.05741449,  0.        ]],

       [[ 0.        ,  0.3936667 ,  0.55487644, ..., -0.92323979,
         -0.93212512, -0.92778682],
        [-0.3936667 ,  0.        ,  0.18256774, ..., -0.69743487,
         -0.71429801, -0.70598978],
        [-0.55487644, -0.18256774,  0.        , ..., -0.55487644,
         -0.57452449, -0.56482592],
        ...,
        [ 0.92323979,  0.69743487,  0.55487644, ...,  0.        ,
          0.02380638,  0.01200756],
        [ 0.93212512,  0.71429801,  0.57452449, ..., -0.02380638,
          0.        , -0.0118005 ],
        [ 0.92778682,  0.70598978,  0.56482592, ..., -0.01200756,
          0.0118005 ,  0.        ]],

       ...,

       [[ 0.        ,  0.34433014, -0.44231793, ..., -0.77001502,
         -0.98990638, -0.99663082],
        [-0.34433014,  0.        , -0.72408493, ..., -0.94261904,
         -0.97817169, -0.96392689],
        [ 0.44231793,  0.72408493,  0.        , ..., -0.40838414,
         -0.82511923, -0.85755843],
        ...,
        [ 0.77001502,  0.94261904,  0.40838414, ...,  0.        ,
         -0.52245707, -0.57272074],
        [ 0.98990638,  0.97817169,  0.82511923, ...,  0.52245707,
          0.        , -0.06005479],
        [ 0.99663082,  0.96392689,  0.85755843, ...,  0.57272074,
          0.06005479,  0.        ]],

       [[ 0.        ,  0.1059034 ,  0.15556903, ..., -0.90112457,
         -0.90362064, -0.78484931],
        [-0.1059034 ,  0.        ,  0.05008015, ..., -0.85014152,
         -0.85317707, -0.71480872],
        [-0.15556903, -0.05008015,  0.        , ..., -0.82270484,
         -0.82598363, -0.67888973],
        ...,
        [ 0.90112457,  0.85014152,  0.82270484, ...,  0.        ,
          0.00579202, -0.2181354 ],
        [ 0.90362064,  0.85317707,  0.82598363, ..., -0.00579202,
          0.        , -0.22378428],
        [ 0.78484931,  0.71480872,  0.67888973, ...,  0.2181354 ,
          0.22378428,  0.        ]],

       [[ 0.        ,  0.07852988,  0.14409659, ..., -0.61354051,
         -0.64094671, -0.67854714],
        [-0.07852988,  0.        ,  0.06594127, ..., -0.67365791,
         -0.6992457 , -0.73413628],
        [-0.14409659, -0.06594127,  0.        , ..., -0.72092516,
         -0.74486399, -0.7773127 ],
        ...,
        [ 0.61354051,  0.67365791,  0.72092516, ...,  0.        ,
         -0.03518733, -0.08514334],
        [ 0.64094671,  0.6992457 ,  0.74486399, ...,  0.03518733,
          0.        , -0.05003106],
        [ 0.67854714,  0.73413628,  0.7773127 , ...,  0.08514334,
          0.05003106,  0.        ]]]), 'num': array([9.81716089e-01, 1.89961827e-01, 7.27047095e-05, 1.40556415e-04,
       1.40814554e-04, 1.38491307e-04, 1.21597175e-02, 3.87207755e-07,
       1.41511528e-04, 1.42789313e-04, 1.47044296e-04, 4.89214100e-07,
       1.47881974e-04, 1.37696652e-04])}
{'img': array([[[ 0.        , -0.60908696, -0.60908696, ..., -0.70385384,
         -0.62663816, -0.67487613],
        [ 0.60908696,  0.        ,  0.        , ..., -0.99089068,
         -0.97165665, -0.98471075],
        [ 0.60908696,  0.        ,  0.        , ..., -0.99089068,
         -0.97165665, -0.98471075],
        ...,
        [ 0.70385384,  0.99089068,  0.99089068, ...,  0.        ,
         -0.1033914 , -0.04000082],
        [ 0.62663816,  0.97165665,  0.97165665, ...,  0.1033914 ,
          0.        ,  0.0635222 ],
        [ 0.67487613,  0.98471075,  0.98471075, ...,  0.04000082,
         -0.0635222 ,  0.        ]],

       [[ 0.        , -0.31661588, -0.47198318, ...,  0.94355155,
          0.92297794,  0.120553  ],
        [ 0.31661588,  0.        , -0.16857051, ...,  0.99988076,
          0.99734479,  0.42865777],
        [ 0.47198318,  0.16857051,  0.        , ...,  0.98817514,
          0.9953484 ,  0.57482139],
        ...,
        [-0.94355155, -0.99988076, -0.98817514, ...,  0.        ,
         -0.05741449, -0.89673987],
        [-0.92297794, -0.99734479, -0.9953484 , ...,  0.05741449,
          0.        , -0.86985139],
        [-0.120553  , -0.42865777, -0.57482139, ...,  0.89673987,
          0.86985139,  0.        ]],

       [[ 0.        ,  0.18256774,  0.        , ..., -0.71429801,
         -0.70598978, -0.72632437],
        [-0.18256774,  0.        , -0.18256774, ..., -0.57452449,
         -0.56482592, -0.58862892],
        [ 0.        ,  0.18256774,  0.        , ..., -0.71429801,
         -0.70598978, -0.72632437],
        ...,
        [ 0.71429801,  0.57452449,  0.71429801, ...,  0.        ,
         -0.0118005 ,  0.01733783],
        [ 0.70598978,  0.56482592,  0.70598978, ...,  0.0118005 ,
          0.        ,  0.02913535],
        [ 0.72632437,  0.58862892,  0.72632437, ..., -0.01733783,
         -0.02913535,  0.        ]],

       ...,

       [[ 0.        , -0.72408493, -0.67256448, ..., -0.97817169,
         -0.96392689, -0.99988232],
        [ 0.72408493,  0.        ,  0.07197575, ..., -0.82511923,
         -0.85755843, -0.70073805],
        [ 0.67256448, -0.07197575,  0.        , ..., -0.86364251,
         -0.89235761, -0.75026945],
        ...,
        [ 0.97817169,  0.82511923,  0.86364251, ...,  0.        ,
         -0.06005479,  0.19276744],
        [ 0.96392689,  0.85755843,  0.89235761, ...,  0.06005479,
          0.        ,  0.25134795],
        [ 0.99988232,  0.70073805,  0.75026945, ..., -0.19276744,
         -0.25134795,  0.        ]],

       [[ 0.        ,  0.04932474,  0.0774298 , ..., -0.92414036,
         -0.89493072, -0.70712622],
        [-0.04932474,  0.        ,  0.02815889, ..., -0.90417082,
         -0.87183245, -0.6713886 ],
        [-0.0774298 , -0.02815889,  0.        , ..., -0.89178361,
         -0.85769439, -0.65025366],
        ...,
        [ 0.92414036,  0.90417082,  0.89178361, ...,  0.        ,
         -0.07044507, -0.38328816],
        [ 0.89493072,  0.87183245,  0.85769439, ...,  0.07044507,
          0.        , -0.31727085],
