state_0,state_1,state_2,state_3,state_4,state_5,state_6,state_7,state_8,state_9,state_10,state_11,state_12,state_13,state_14,state_15,state_16,state_17,state_18,state_19,state_20,state_21,state_22,state_23,state_24,state_25,state_26,state_27,state_28,state_29,state_30,state_31,state_32,state_33,state_34,state_35,state_36,state_37,state_38,state_39,state_40,state_41,state_42,state_43,state_44,state_45,state_46,state_47,state_48,state_49,state_50,state_51,state_52,state_53,state_54,state_55,state_56,state_57,state_58,state_59,state_60,state_61,state_62,state_63,state_64,state_65,state_66,state_67,state_68,state_69,state_70,state_71,state_72,state_73,state_74,state_75,state_76,state_77,state_78,state_79,state_80,state_81,state_82,state_83,state_84,state_85,state_86,state_87,state_88,state_89,state_90,state_91,state_92,state_93,state_94,state_95,state_96,state_97,state_98,state_99,state_100,state_101,state_102,state_103,state_104,state_105,state_106,state_107,state_108,state_109,state_110,state_111,state_112,state_113,state_114,state_115,state_116,state_117,state_118,state_119,state_120,state_121,state_122,state_123,state_124,state_125,state_126,state_127,state_128,state_129,state_130,state_131,state_132,state_133,state_134,state_135,state_136,state_137,state_138,state_139,state_140,state_141,state_142,state_143,state_144,state_145,state_146,state_147,state_148,state_149,state_150,state_151,state_152,state_153,state_154,state_155,state_156,state_157,state_158,state_159,state_160,state_161,state_162,state_163,state_164,state_165,state_166,state_167,state_168,state_169,state_170,state_171,state_172,state_173,state_174,state_175,state_176,state_177,state_178,state_179,state_180,state_181,state_182,state_183,state_184,state_185,state_186,state_187,state_188,state_189,state_190,state_191,state_192,state_193,state_194,state_195,state_196,state_197,state_198,state_199,state_200,state_201,state_202,state_203,state_204,state_205,state_206,state_207,state_208,state_209,state_210,state_211,state_212,state_213,state_214,state_215,state_216,state_217,state_218,state_219,state_220,state_221,state_222,state_223,state_224,state_225,state_226,state_227,state_228,state_229,state_230,state_231,state_232,state_233,state_234,state_235,state_236,state_237,state_238,state_239,state_240,state_241,state_242,state_243,state_244,state_245,state_246,state_247,state_248,state_249,state_250,state_251,state_252,state_253,state_254,state_255,state_256,state_257,state_258,state_259,state_260,state_261,state_262,state_263,state_264,state_265,state_266,state_267,state_268,state_269,state_270,state_271,state_272,state_273,state_274,state_275,state_276,state_277,state_278,state_279,state_280,state_281,state_282,state_283,state_284,state_285,state_286,state_287
{'img': array([[[ 0.        , -0.26906938, -0.22877082, ..., -0.87287057,
         -0.65348773, -0.56837616],
        [ 0.26906938,  0.        ,  0.04159981, ..., -0.70938691,
         -0.42571902, -0.32603301],
        [ 0.22877082, -0.04159981,  0.        , ..., -0.73809318,
         -0.46299231, -0.3650775 ],
        ...,
        [ 0.87287057,  0.70938691,  0.73809318, ...,  0.        ,
          0.34183761,  0.44083052],
        [ 0.65348773,  0.42571902,  0.46299231, ..., -0.34183761,
          0.        ,  0.10744431],
        [ 0.56837616,  0.32603301,  0.3650775 , ..., -0.44083052,
         -0.10744431,  0.        ]],

       [[ 0.        , -0.22879861, -0.19232406, ..., -0.35054746,
         -0.38397414, -0.51859697],
        [ 0.22879861,  0.        ,  0.03730485, ..., -0.12696856,
         -0.16252896, -0.30921343],
        [ 0.19232406, -0.03730485,  0.        , ..., -0.16388312,
         -0.19922467, -0.34447484],
        ...,
        [ 0.35054746,  0.12696856,  0.16388312, ...,  0.        ,
         -0.03593321, -0.18596472],
        [ 0.38397414,  0.16252896,  0.19922467, ...,  0.03593321,
          0.        , -0.15053821],
        [ 0.51859697,  0.30921343,  0.34447484, ...,  0.18596472,
          0.15053821,  0.        ]],

       [[ 0.        , -0.22067508, -0.36399343, ..., -0.97040067,
         -0.99450989, -0.99060265],
        [ 0.22067508,  0.        , -0.14948293, ..., -0.89318458,
         -0.94690058, -0.99636372],
        [ 0.36399343,  0.14948293,  0.        , ..., -0.81592802,
         -0.88819878, -0.97243267],
        ...,
        [ 0.97040067,  0.89318458,  0.81592802, ...,  0.        ,
         -0.13862944, -0.3719541 ],
        [ 0.99450989,  0.94690058,  0.88819878, ...,  0.13862944,
          0.        , -0.2396797 ],
        [ 0.99060265,  0.99636372,  0.97243267, ...,  0.3719541 ,
          0.2396797 ,  0.        ]],

       ...,

       [[ 0.        , -0.23169839, -0.59737407, ..., -0.44385056,
         -0.24114082, -0.00570319],
        [ 0.23169839,  0.        , -0.39530466, ..., -0.22414725,
         -0.00971781,  0.22614663],
        [ 0.59737407,  0.39530466,  0.        , ...,  0.17935579,
          0.3863597 ,  0.59279061],
        ...,
        [ 0.44385056,  0.22414725, -0.17935579, ...,  0.        ,
          0.21466611,  0.43873272],
        [ 0.24114082,  0.00971781, -0.3863597 , ..., -0.21466611,
          0.        ,  0.23560201],
        [ 0.00570319, -0.22614663, -0.59279061, ..., -0.43873272,
         -0.23560201,  0.        ]],

       [[ 0.        ,  0.21379403,  0.52356394, ..., -0.95759072,
         -0.97487363, -0.98510378],
        [-0.21379403,  0.        ,  0.32930889, ..., -0.99705092,
         -0.99995781, -0.99909117],
        [-0.52356394, -0.32930889,  0.        , ..., -0.96670975,
         -0.94720745, -0.92932752],
        ...,
        [ 0.95759072,  0.99705092,  0.96670975, ...,  0.        ,
         -0.06758065, -0.11917175],
        [ 0.97487363,  0.99995781,  0.94720745, ...,  0.06758065,
          0.        , -0.05180026],
        [ 0.98510378,  0.99909117,  0.92932752, ...,  0.11917175,
          0.05180026,  0.        ]],

       [[ 0.        , -0.26654423, -0.45801244, ..., -0.99683208,
         -0.96891633, -0.83142031],
        [ 0.26654423,  0.        , -0.20449941, ..., -0.98196896,
         -0.99980356, -0.94944546],
        [ 0.45801244,  0.20449941,  0.        , ..., -0.92255768,
         -0.97462117, -0.99357945],
        ...,
        [ 0.99683208,  0.98196896,  0.92255768, ...,  0.        ,
         -0.1695422 , -0.48775678],
        [ 0.96891633,  0.99980356,  0.97462117, ...,  0.1695422 ,
          0.        , -0.33268861],
        [ 0.83142031,  0.94944546,  0.99357945, ...,  0.48775678,
          0.33268861,  0.        ]]]), 'num': array([ 7.07106472e-01,  7.07106472e-01,  0.00000000e+00,  3.42856562e-05,
        3.47360424e-05,  3.38915682e-05,  9.29946347e-04, -1.12596572e-07,
        3.39816454e-05,  3.71005705e-05,  3.96396231e-05,  4.31974270e-07,
        4.58021075e-05,  2.83990334e-05])}
{'img': array([[[ 0.        ,  0.04159981,  0.23534419, ..., -0.42571902,
         -0.32603301, -0.3525033 ],
        [-0.04159981,  0.        ,  0.19470911, ..., -0.46299231,
         -0.3650775 , -0.39112769],
        [-0.23534419, -0.19470911,  0.        , ..., -0.62671393,
         -0.53936003, -0.5628398 ],
        ...,
        [ 0.42571902,  0.46299231,  0.62671393, ...,  0.        ,
          0.10744431,  0.07942784],
        [ 0.32603301,  0.3650775 ,  0.53936003, ..., -0.10744431,
          0.        , -0.02813681],
        [ 0.3525033 ,  0.39112769,  0.5628398 , ..., -0.07942784,
          0.02813681,  0.        ]],

       [[ 0.        ,  0.03730485, -0.01783293, ..., -0.16252896,
         -0.30921343, -0.30629766],
        [-0.03730485,  0.        , -0.05511943, ..., -0.19922467,
         -0.34447484, -0.34159628],
        [ 0.01783293,  0.05511943,  0.        , ..., -0.1449073 ,
         -0.29220528, -0.28927315],
        ...,
        [ 0.16252896,  0.19922467,  0.1449073 , ...,  0.        ,
         -0.15053821, -0.14750792],
        [ 0.30921343,  0.34447484,  0.29220528, ...,  0.15053821,
          0.        ,  0.00306451],
        [ 0.30629766,  0.34159628,  0.28927315, ...,  0.14750792,
         -0.00306451,  0.        ]],

       [[ 0.        , -0.14948293, -0.23186459, ..., -0.94690058,
         -0.99636372, -0.99636372],
        [ 0.14948293,  0.        , -0.0838502 , ..., -0.88819878,
         -0.97243267, -0.97243267],
        [ 0.23186459,  0.0838502 ,  0.        , ..., -0.84654511,
         -0.9494556 , -0.9494556 ],
        ...,
        [ 0.94690058,  0.88819878,  0.84654511, ...,  0.        ,
         -0.2396797 , -0.2396797 ],
        [ 0.99636372,  0.97243267,  0.9494556 , ...,  0.2396797 ,
          0.        ,  0.        ],
        [ 0.99636372,  0.97243267,  0.9494556 , ...,  0.2396797 ,
          0.        ,  0.        ]],

       ...,

       [[ 0.        , -0.39530466, -0.19660584, ..., -0.00971781,
          0.22614663,  0.44306233],
        [ 0.39530466,  0.        ,  0.20699705, ...,  0.3863597 ,
          0.59279061,  0.76136193],
        [ 0.19660584, -0.20699705,  0.        , ...,  0.1870684 ,
          0.41324526,  0.61067023],
        ...,
        [ 0.00971781, -0.3863597 , -0.1870684 , ...,  0.        ,
          0.23560201,  0.45175334],
        [-0.22614663, -0.59279061, -0.41324526, ..., -0.23560201,
          0.        ,  0.22884566],
        [-0.44306233, -0.76136193, -0.61067023, ..., -0.45175334,
         -0.22884566,  0.        ]],

       [[ 0.        ,  0.32930889,  0.11307147, ..., -0.99995781,
         -0.99909117, -0.99508897],
        [-0.32930889,  0.        , -0.22043239, ..., -0.94720745,
         -0.92932752, -0.90698867],
        [-0.11307147,  0.22043239,  0.        , ..., -0.99458361,
         -0.98786425, -0.977515  ],
        ...,
        [ 0.99995781,  0.94720745,  0.99458361, ...,  0.        ,
         -0.05180026, -0.10812123],
        [ 0.99909117,  0.92932752,  0.98786425, ...,  0.05180026,
          0.        , -0.05647948],
        [ 0.99508897,  0.90698867,  0.977515  , ...,  0.10812123,
          0.05647948,  0.        ]],

       [[ 0.        , -0.2002473 , -0.32795158, ..., -0.99173824,
         -0.99987256, -0.94343352],
        [ 0.2002473 ,  0.        , -0.13213652, ..., -0.94596363,
         -0.98281736, -0.99071898],
        [ 0.32795158,  0.13213652,  0.        , ..., -0.8948207 ,
         -0.94980971, -0.99999269],
        ...,
        [ 0.99173824,  0.94596363,  0.8948207 , ...,  0.        ,
         -0.14409427, -0.44984429],
        [ 0.99987256,  0.98281736,  0.94980971, ...,  0.14409427,
          0.        , -0.3164581 ],
        [ 0.94343352,  0.99071898,  0.99999269, ...,  0.44984429,
          0.3164581 ,  0.        ]]]), 'num': array([ 7.07106481e-01,  7.07106481e-01,  0.00000000e+00,  3.34974806e-05,
        3.45108497e-05,  3.32159891e-05,  9.16130760e-04, -7.88176014e-07,
        3.39253476e-05,  3.61688343e-05,  3.95945850e-05,  4.54860330e-07,
        4.16140720e-05,  3.07235966e-05])}
{'img': array([[[ 0.        ,  0.19470911,  0.09390142, ..., -0.3650775 ,
         -0.39112769, -0.65970063],
        [-0.19470911,  0.        , -0.10174454, ..., -0.53936003,
         -0.5628398 , -0.79340409],
        [-0.09390142,  0.10174454,  0.        , ..., -0.45088449,
         -0.47582039, -0.72735534],
        ...,
        [ 0.3650775 ,  0.53936003,  0.45088449, ...,  0.        ,
         -0.02813681, -0.33980006],
        [ 0.39112769,  0.5628398 ,  0.47582039, ...,  0.02813681,
          0.        , -0.31320292],
        [ 0.65970063,  0.79340409,  0.72735534, ...,  0.33980006,
          0.31320292,  0.        ]],

       [[ 0.        , -0.05511943, -0.0849949 , ..., -0.34447484,
         -0.34159628, -0.34595361],
        [ 0.05511943,  0.        , -0.02994571, ..., -0.29220528,
         -0.28927315, -0.29371178],
        [ 0.0849949 ,  0.02994571,  0.        , ..., -0.26343549,
         -0.26047799, -0.26495514],
        ...,
        [ 0.34447484,  0.29220528,  0.26343549, ...,  0.        ,
          0.00306451, -0.00157563],
        [ 0.34159628,  0.28927315,  0.26047799, ..., -0.00306451,
          0.        , -0.00464013],
        [ 0.34595361,  0.29371178,  0.26495514, ...,  0.00157563,
          0.00464013,  0.        ]],

       [[ 0.        , -0.08321131, -0.13016299, ..., -0.92949797,
         -0.92949797, -0.97405535],
        [ 0.08321131,  0.        , -0.04720818, ..., -0.8955838 ,
         -0.8955838 , -0.95184571],
        [ 0.13016299,  0.04720818,  0.        , ..., -0.87358271,
         -0.87358271, -0.9363115 ],
        ...,
        [ 0.92949797,  0.8955838 ,  0.87358271, ...,  0.        ,
          0.        , -0.14890353],
        [ 0.92949797,  0.8955838 ,  0.87358271, ...,  0.        ,
          0.        , -0.14890353],
        [ 0.97405535,  0.95184571,  0.9363115 , ...,  0.14890353,
          0.14890353,  0.        ]],

       ...,

       [[ 0.        ,  0.20699705,  0.06970053, ...,  0.59279061,
          0.76136193,  0.80256665],
        [-0.20699705,  0.        , -0.13830269, ...,  0.41324526,
          0.61067023,  0.66169765],
        [-0.06970053,  0.13830269,  0.        , ...,  0.53521514,
          0.71432152,  0.75903406],
        ...,
        [-0.59279061, -0.41324526, -0.53521514, ...,  0.        ,
          0.22884566,  0.29271574],
        [-0.76136193, -0.61067023, -0.71432152, ..., -0.22884566,
          0.        ,  0.06612576],
        [-0.80256665, -0.66169765, -0.75903406, ..., -0.29271574,
         -0.06612576,  0.        ]],

       [[ 0.        , -0.21146907, -0.28611682, ..., -0.96590348,
         -0.95183258, -0.        ],
        [ 0.21146907,  0.        , -0.07701765, ..., -0.99880913,
         -0.99514686, -0.21146907],
        [ 0.28611682,  0.07701765,  0.        , ..., -0.99959998,
         -0.99976961, -0.28611682],
        ...,
        [ 0.96590348,  0.99880913,  0.99959998, ...,  0.        ,
         -0.04973184, -0.96590348],
        [ 0.95183258,  0.99514686,  0.99976961, ...,  0.04973184,
          0.        , -0.95183258],
        [ 0.        ,  0.21146907,  0.28611682, ...,  0.96590348,
          0.95183258,  0.        ]],

       [[ 0.        , -0.13213652, -0.27010137, ..., -0.98281736,
         -0.99071898, -0.7015329 ],
        [ 0.13213652,  0.        , -0.14050774, ..., -0.94980971,
         -0.99999269, -0.60121614],
        [ 0.27010137,  0.14050774,  0.        , ..., -0.8964324 ,
         -0.99060965, -0.48297399],
        ...,
        [ 0.98281736,  0.94980971,  0.8964324 , ...,  0.        ,
         -0.3164581 ,  0.57090267],
        [ 0.99071898,  0.99999269,  0.99060965, ...,  0.3164581 ,
          0.        ,  0.80137969],
        [ 0.7015329 ,  0.60121614,  0.48297399, ..., -0.57090267,
         -0.80137969,  0.        ]]]), 'num': array([7.07106125e-01, 7.07106125e-01, 0.00000000e+00, 3.45108324e-05,
       3.46234289e-05, 3.32159724e-05, 1.35838690e-03, 1.01336865e-06,
       3.41392639e-05, 3.56930958e-05, 3.95617245e-05, 5.00428963e-07,
       3.98101886e-05, 3.15760030e-05])}
{'img': array([[[ 0.        , -0.10174454,  0.01402632, ..., -0.5628398 ,
         -0.79340409, -0.51676169],
        [ 0.10174454,  0.        ,  0.11568806, ..., -0.47582039,
         -0.72735534, -0.4269735 ],
        [-0.01402632, -0.11568806,  0.        , ..., -0.57437811,
         -0.80186379, -0.5287192 ],
        ...,
        [ 0.5628398 ,  0.47582039,  0.57437811, ...,  0.        ,
         -0.31320292,  0.05472599],
        [ 0.79340409,  0.72735534,  0.80186379, ...,  0.31320292,
          0.        ,  0.36470607],
        [ 0.51676169,  0.4269735 ,  0.5287192 , ..., -0.05472599,
         -0.36470607,  0.        ]],

       [[ 0.        , -0.02994571,  0.13957922, ..., -0.28927315,
         -0.29371178, -0.19338028],
        [ 0.02994571,  0.        ,  0.16916919, ..., -0.26047799,
         -0.26495514, -0.16391311],
        [-0.13957922, -0.16916919,  0.        , ..., -0.42005316,
         -0.42425955, -0.32843177],
        ...,
        [ 0.28927315,  0.26047799,  0.42005316, ...,  0.        ,
         -0.00464013,  0.09870018],
        [ 0.29371178,  0.26495514,  0.42425955, ...,  0.00464013,
          0.        ,  0.10331659],
        [ 0.19338028,  0.16391311,  0.32843177, ..., -0.09870018,
         -0.10331659,  0.        ]],

       [[ 0.        , -0.04720818, -0.05435254, ..., -0.8955838 ,
         -0.95184571, -0.82323422],
        [ 0.04720818,  0.        , -0.00715355, ..., -0.87358271,
         -0.9363115 , -0.7955162 ],
        [ 0.05435254,  0.00715355,  0.        , ..., -0.8700789 ,
         -0.93377543, -0.79116128],
        ...,
        [ 0.8955838 ,  0.87358271,  0.8700789 , ...,  0.        ,
         -0.14890353,  0.14217359],
        [ 0.95184571,  0.9363115 ,  0.93377543, ...,  0.14890353,
          0.        ,  0.28797953],
        [ 0.82323422,  0.7955162 ,  0.79116128, ..., -0.14217359,
         -0.28797953,  0.        ]],

       ...,

       [[ 0.        , -0.13830269, -0.34201041, ...,  0.61067023,
          0.66169765,  0.75429938],
        [ 0.13830269,  0.        , -0.20876119, ...,  0.71432152,
          0.75903406,  0.83785052],
        [ 0.34201041,  0.20876119,  0.        , ...,  0.84467739,
          0.87822416,  0.93335254],
        ...,
        [-0.61067023, -0.71432152, -0.84467739, ...,  0.        ,
          0.06612576,  0.19639468],
        [-0.66169765, -0.75903406, -0.87822416, ..., -0.06612576,
          0.        ,  0.13112687],
        [-0.75429938, -0.83785052, -0.93335254, ..., -0.19639468,
         -0.13112687,  0.        ]],

       [[ 0.        , -0.1828684 , -0.25742308, ..., -0.99173805,
         -0.67527257, -0.        ],
        [ 0.1828684 ,  0.        , -0.07637674, ..., -0.99847304,
         -0.79876364, -0.1828684 ],
        [ 0.25742308,  0.07637674,  0.        , ..., -0.9913374 ,
         -0.84238216, -0.25742308],
        ...,
        [ 0.99173805,  0.99847304,  0.9913374 , ...,  0.        ,
         -0.64485085, -0.99173805],
        [ 0.67527257,  0.79876364,  0.84238216, ...,  0.64485085,
          0.        , -0.67527257],
        [ 0.        ,  0.1828684 ,  0.25742308, ...,  0.99173805,
          0.67527257,  0.        ]],

       [[ 0.        , -0.14050774, -0.2411047 , ..., -0.99999269,
         -0.60121614, -0.45420907],
        [ 0.14050774,  0.        , -0.1023502 , ..., -0.99060965,
         -0.48297399, -0.32452547],
        [ 0.2411047 ,  0.1023502 ,  0.        , ..., -0.97141401,
         -0.39081623, -0.2260105 ],
        ...,
        [ 0.99999269,  0.99060965,  0.97141401, ...,  0.        ,
          0.80137969,  0.89262553],
        [ 0.60121614,  0.48297399,  0.39081623, ..., -0.80137969,
          0.        ,  0.17266821],
        [ 0.45420907,  0.32452547,  0.2260105 , ..., -0.89262553,
         -0.17266821,  0.        ]]]), 'num': array([7.92217039e-01, 6.10238120e-01, 5.77710855e-05, 3.94919530e-05,
       3.96173242e-05, 3.82382402e-05, 1.25855212e-03, 1.06565587e-06,
       3.83385372e-05, 3.94324016e-05, 4.40042743e-05, 5.25750526e-07,
       4.31133833e-05, 3.57514199e-05])}
{'img': array([[[ 0.        ,  0.11568806,  0.02245143, ..., -0.72735534,
         -0.4269735 , -0.25047493],
        [-0.11568806,  0.        , -0.09335822, ..., -0.80186379,
         -0.5287192 , -0.36079342],
        [-0.02245143,  0.09335822,  0.        , ..., -0.74257954,
         -0.4471679 , -0.27214754],
        ...,
        [ 0.72735534,  0.80186379,  0.74257954, ...,  0.        ,
          0.36470607,  0.53227832],
        [ 0.4269735 ,  0.5287192 ,  0.4471679 , ..., -0.36470607,
          0.        ,  0.18686741],
        [ 0.25047493,  0.36079342,  0.27214754, ..., -0.53227832,
         -0.18686741,  0.        ]],

       [[ 0.        ,  0.16916919, -0.09936043, ..., -0.26495514,
         -0.16391311, -0.20842884],
        [-0.16916919,  0.        , -0.2662604 , ..., -0.42425955,
         -0.32843177, -0.37087858],
        [ 0.09936043,  0.2662604 ,  0.        , ..., -0.16783465,
         -0.06508543, -0.11021921],
        ...,
        [ 0.26495514,  0.42425955,  0.16783465, ...,  0.        ,
          0.10331659,  0.05815632],
        [ 0.16391311,  0.32843177,  0.06508543, ..., -0.10331659,
          0.        , -0.04529663],
        [ 0.20842884,  0.37087858,  0.11021921, ..., -0.05815632,
          0.04529663,  0.        ]],

       [[ 0.        , -0.00715355,  0.04017952, ..., -0.9363115 ,
         -0.7955162 , -0.68905324],
        [ 0.00715355,  0.        ,  0.04732626, ..., -0.93377543,
         -0.79116128, -0.68385136],
        [-0.04017952, -0.04732626,  0.        , ..., -0.94966528,
         -0.81921987, -0.71761534],
        ...,
        [ 0.9363115 ,  0.93377543,  0.94966528, ...,  0.        ,
          0.28797953,  0.43657977],
        [ 0.7955162 ,  0.79116128,  0.81921987, ..., -0.28797953,
          0.        ,  0.15899949],
        [ 0.68905324,  0.68385136,  0.71761534, ..., -0.43657977,
         -0.15899949,  0.        ]],

       ...,

       [[ 0.        , -0.20876119, -0.10155286, ...,  0.75903406,
          0.83785052,  0.79058822],
        [ 0.20876119,  0.        ,  0.10836661, ...,  0.87822416,
          0.93335254,  0.90100344],
        [ 0.10155286, -0.10836661,  0.        , ...,  0.82122604,
          0.88895663,  0.8486867 ],
        ...,
        [-0.75903406, -0.87822416, -0.82122604, ...,  0.        ,
          0.13112687,  0.04992008],
        [-0.83785052, -0.93335254, -0.88895663, ..., -0.13112687,
          0.        , -0.08147434],
        [-0.79058822, -0.90100344, -0.8486867 , ..., -0.04992008,
          0.08147434,  0.        ]],

       [[ 0.        , -0.17664052, -0.27736212, ..., -0.79480565,
         -0.52365026, -0.        ],
        [ 0.17664052,  0.        , -0.10329061, ..., -0.88950446,
         -0.66590203, -0.17664052],
        [ 0.27736212,  0.10329061,  0.        , ..., -0.93194291,
         -0.73939911, -0.27736212],
        ...,
        [ 0.79480565,  0.88950446,  0.93194291, ...,  0.        ,
         -0.35933691, -0.79480565],
        [ 0.52365026,  0.66590203,  0.73939911, ...,  0.35933691,
          0.        , -0.52365026],
        [ 0.        ,  0.17664052,  0.27736212, ...,  0.79480565,
          0.52365026,  0.        ]],

       [[ 0.        , -0.1023502 , -0.21616257, ..., -0.48297399,
         -0.32452547, -0.22775596],
        [ 0.1023502 ,  0.        , -0.115097  , ..., -0.39081623,
         -0.2260105 , -0.12689963],
        [ 0.21616257,  0.115097  ,  0.        , ..., -0.28227578,
         -0.11238965, -0.01188978],
        ...,
        [ 0.48297399,  0.39081623,  0.28227578, ...,  0.        ,
          0.17266821,  0.27084957],
        [ 0.32452547,  0.2260105 ,  0.11238965, ..., -0.17266821,
          0.        ,  0.10056725],
        [ 0.22775596,  0.12689963,  0.01188978, ..., -0.27084957,
         -0.10056725,  0.        ]]]), 'num': array([7.92217452e-01, 6.10238438e-01, 5.77711156e-05, 3.94919736e-05,
       3.96173449e-05, 3.87397455e-05, 7.35641439e-04, 0.00000000e+00,
       3.85767627e-05, 3.91722766e-05, 4.39729544e-05, 5.58160096e-07,
       4.19545320e-05, 3.63900212e-05])}
{'img': array([[[ 0.        , -0.09335822,  0.01391183, ..., -0.5287192 ,
         -0.36079342, -0.36079342],
        [ 0.09335822,  0.        ,  0.10720026, ..., -0.4471679 ,
         -0.27214754, -0.27214754],
        [-0.01391183, -0.10720026,  0.        , ..., -0.54047635,
         -0.37373332, -0.37373332],
        ...,
        [ 0.5287192 ,  0.4471679 ,  0.54047635, ...,  0.        ,
          0.18686741,  0.18686741],
        [ 0.36079342,  0.27214754,  0.37373332, ..., -0.18686741,
          0.        ,  0.        ],
        [ 0.36079342,  0.27214754,  0.37373332, ..., -0.18686741,
          0.        ,  0.        ]],

       [[ 0.        , -0.26036018, -0.23502355, ..., -0.31925124,
         -0.35819625, -0.52669715],
        [ 0.26036018,  0.        ,  0.02614946, ..., -0.0615052 ,
         -0.1027583 , -0.28721223],
        [ 0.23502355, -0.02614946,  0.        , ..., -0.08758412,
         -0.12873419, -0.31216172],
        ...,
        [ 0.31925124,  0.0615052 ,  0.08758412, ...,  0.        ,
         -0.04138413, -0.22775467],
        [ 0.35819625,  0.1027583 ,  0.12873419, ...,  0.04138413,
          0.        , -0.18726305],
        [ 0.52669715,  0.28721223,  0.31216172, ...,  0.22775467,
          0.18726305,  0.        ]],

       [[ 0.        ,  0.04732626,  0.11676758, ..., -0.79116128,
         -0.68385136, -0.61629669],
        [-0.04732626,  0.        ,  0.06963423, ..., -0.81921987,
         -0.71761534, -0.65287622],
        [-0.11676758, -0.06963423,  0.        , ..., -0.8571651 ,
         -0.76436943, -0.70403688],
        ...,
        [ 0.79116128,  0.81921987,  0.8571651 , ...,  0.        ,
          0.15899949,  0.2461189 ],
        [ 0.68385136,  0.71761534,  0.76436943, ..., -0.15899949,
          0.        ,  0.08887933],
        [ 0.61629669,  0.65287622,  0.70403688, ..., -0.2461189 ,
         -0.08887933,  0.        ]],

       ...,

       [[ 0.        ,  0.10836661,  0.33269578, ...,  0.93335254,
          0.90100344,  0.93424015],
        [-0.10836661,  0.        ,  0.22854311, ...,  0.88895663,
          0.8486867 ,  0.89009005],
        [-0.33269578, -0.22854311,  0.        , ...,  0.76075855,
          0.70534966,  0.76236629],
        ...,
        [-0.93335254, -0.88895663, -0.76075855, ...,  0.        ,
         -0.08147434,  0.00248073],
        [-0.90100344, -0.8486867 , -0.70534966, ...,  0.08147434,
          0.        ,  0.08394657],
        [-0.93424015, -0.89009005, -0.76236629, ..., -0.00248073,
         -0.08394657,  0.        ]],

       [[ 0.        , -0.20916675, -0.37266983, ..., -0.68595109,
         -0.49837727, -0.        ],
        [ 0.20916675,  0.        , -0.17032715, ..., -0.82297754,
         -0.66869242, -0.20916675],
        [ 0.37266983,  0.17032715,  0.        , ..., -0.90771024,
         -0.7855661 , -0.37266983],
        ...,
        [ 0.68595109,  0.82297754,  0.90771024, ...,  0.        ,
         -0.23204928, -0.68595109],
        [ 0.49837727,  0.66869242,  0.7855661 , ...,  0.23204928,
          0.        , -0.49837727],
        [ 0.        ,  0.20916675,  0.37266983, ...,  0.68595109,
          0.49837727,  0.        ]],

       [[ 0.        , -0.115097  , -0.19599431, ..., -0.2260105 ,
         -0.12689963, -0.02292815],
        [ 0.115097  ,  0.        , -0.08182709, ..., -0.11238965,
         -0.01188978,  0.09229097],
        [ 0.19599431,  0.08182709,  0.        , ..., -0.0307041 ,
          0.0699714 ,  0.17345933],
        ...,
        [ 0.2260105 ,  0.11238965,  0.0307041 , ...,  0.        ,
          0.10056725,  0.20361621],
        [ 0.12689963,  0.01188978, -0.0699714 , ..., -0.10056725,
          0.        ,  0.10412348],
        [ 0.02292815, -0.09229097, -0.17345933, ..., -0.20361621,
         -0.10412348,  0.        ]]]), 'num': array([ 7.92002237e-01,  6.10517869e-01,  5.77975693e-05,  3.93846284e-05,
        3.96982003e-05,  3.93219140e-05,  6.09658996e-04, -1.25428753e-07,
        3.88327419e-05,  3.90177493e-05,  4.39429183e-05,  5.15948061e-07,
        4.12496323e-05,  3.67858663e-05])}
{'img': array([[[ 0.        ,  0.10720026,  0.24524864, ..., -0.27214754,
         -0.27214754, -0.29097168],
        [-0.10720026,  0.        ,  0.139909  , ..., -0.37373332,
         -0.37373332, -0.39185682],
        [-0.24524864, -0.139909  ,  0.        , ..., -0.49982807,
         -0.49982807, -0.51672261],
        ...,
        [ 0.27214754,  0.37373332,  0.49982807, ...,  0.        ,
          0.        , -0.01961694],
        [ 0.27214754,  0.37373332,  0.49982807, ...,  0.        ,
          0.        , -0.01961694],
        [ 0.29097168,  0.39185682,  0.51672261, ...,  0.01961694,
          0.01961694,  0.        ]],

       [[ 0.        ,  0.02501165,  0.26564589, ..., -0.09562158,
         -0.2115352 , -0.30077726],
        [-0.02501165,  0.        ,  0.24144979, ..., -0.12048871,
         -0.23591467, -0.32453663],
        [-0.26564589, -0.24144979,  0.        , ..., -0.3566146 ,
         -0.46356931, -0.54331554],
        ...,
        [ 0.09562158,  0.12048871,  0.3566146 , ...,  0.        ,
         -0.11710819, -0.20820526],
        [ 0.2115352 ,  0.23591467,  0.46356931, ...,  0.11710819,
          0.        , -0.09223085],
        [ 0.30077726,  0.32453663,  0.54331554, ...,  0.20820526,
          0.09223085,  0.        ]],

       [[ 0.        ,  0.06963423,  0.12648155, ..., -0.71761534,
         -0.65287622, -0.59236628],
        [-0.06963423,  0.        ,  0.05709954, ..., -0.76436943,
         -0.70403688, -0.64703049],
        [-0.12648155, -0.05709954,  0.        , ..., -0.79993891,
         -0.74343824, -0.6895112 ],
        ...,
        [ 0.71761534,  0.76436943,  0.79993891, ...,  0.        ,
          0.08887933,  0.1656129 ],
        [ 0.65287622,  0.70403688,  0.74343824, ..., -0.08887933,
          0.        ,  0.07730548],
        [ 0.59236628,  0.64703049,  0.6895112 , ..., -0.1656129 ,
         -0.07730548,  0.        ]],

       ...,

       [[ 0.        ,  0.22854311,  0.57703481, ...,  0.8486867 ,
          0.89009005,  0.83465377],
        [-0.22854311,  0.        ,  0.37510727, ...,  0.70534966,
          0.76236629,  0.68668783],
        [-0.57703481, -0.37510727,  0.        , ...,  0.38794766,
          0.4639503 ,  0.36386172],
        ...,
        [-0.8486867 , -0.70534966, -0.38794766, ...,  0.        ,
          0.08394657, -0.02599042],
        [-0.89009005, -0.76236629, -0.4639503 , ..., -0.08394657,
          0.        , -0.1098169 ],
        [-0.83465377, -0.68668783, -0.36386172, ...,  0.02599042,
          0.1098169 ,  0.        ]],

       [[ 0.        , -0.30746093, -0.53756951, ..., -0.61276704,
         -0.39339964, -0.        ],
        [ 0.30746093,  0.        , -0.25227298, ..., -0.82606022,
         -0.65701325, -0.30746093],
        [ 0.53756951,  0.25227298,  0.        , ..., -0.9415187 ,
         -0.8259462 , -0.53756951],
        ...,
        [ 0.61276704,  0.82606022,  0.9415187 , ...,  0.        ,
         -0.25246873, -0.61276704],
        [ 0.39339964,  0.65701325,  0.8259462 , ...,  0.25246873,
          0.        , -0.39339964],
        [ 0.        ,  0.30746093,  0.53756951, ...,  0.61276704,
          0.39339964,  0.        ]],

       [[ 0.        , -0.08182709, -0.09778517, ..., -0.01188978,
          0.09229097,  0.15230444],
        [ 0.08182709,  0.        , -0.01602232, ...,  0.0699714 ,
          0.17345933,  0.23266616],
        [ 0.09778517,  0.01602232,  0.        , ...,  0.08594546,
          0.1892165 ,  0.2482189 ],
        ...,
        [ 0.01188978, -0.0699714 , -0.08594546, ...,  0.        ,
          0.10412348,  0.16404474],
        [-0.09229097, -0.17345933, -0.1892165 , ..., -0.10412348,
          0.        ,  0.06044015],
        [-0.15230444, -0.23266616, -0.2482189 , ..., -0.16404474,
         -0.06044015,  0.        ]]]), 'num': array([9.88387515e-01, 1.51946098e-01, 2.65116138e-04, 4.91908620e-05,
       5.04381738e-05, 4.88790340e-05, 1.55383876e-03, 2.33870976e-07,
       4.88322598e-05, 4.84424748e-05, 5.45815880e-05, 8.72546149e-07,
       5.11046348e-05, 4.57803149e-05])}
{'img': array([[[ 0.        ,  0.139909  ,  0.18426732, ..., -0.37373332,
         -0.39185682, -0.36478482],
        [-0.139909  ,  0.        ,  0.04494172, ..., -0.49982807,
         -0.51672261, -0.49146505],
        [-0.18426732, -0.04494172,  0.        , ..., -0.53824818,
         -0.5546775 , -0.5301081 ],
        ...,
        [ 0.37373332,  0.49982807,  0.53824818, ...,  0.        ,
         -0.01961694,  0.00962892],
        [ 0.39185682,  0.51672261,  0.5546775 , ...,  0.01961694,
          0.        ,  0.0292431 ],
        [ 0.36478482,  0.49146505,  0.5301081 , ..., -0.00962892,
         -0.0292431 ,  0.        ]],

       [[ 0.        ,  0.24144979,  0.38939044, ..., -0.23591467,
         -0.32453663, -0.12195872],
        [-0.24144979,  0.        ,  0.15547683, ..., -0.46356931,
         -0.54331554, -0.35799777],
        [-0.38939044, -0.15547683,  0.        , ..., -0.59569399,
         -0.66723581, -0.49881656],
        ...,
        [ 0.23591467,  0.46356931,  0.59569399, ...,  0.        ,
         -0.09223085,  0.11563732],
        [ 0.32453663,  0.54331554,  0.66723581, ...,  0.09223085,
          0.        ,  0.20675655],
        [ 0.12195872,  0.35799777,  0.49881656, ..., -0.11563732,
         -0.20675655,  0.        ]],

       [[ 0.        ,  0.05709954,  0.16006296, ..., -0.70403688,
         -0.64703049, -0.54487644],
        [-0.05709954,  0.        ,  0.10343847, ..., -0.74343824,
         -0.6895112 , -0.59186636],
        [-0.16006296, -0.10343847,  0.        , ..., -0.80863046,
         -0.76073047, -0.67206665],
        ...,
        [ 0.70403688,  0.74343824,  0.80863046, ...,  0.        ,
          0.07730548,  0.20339512],
        [ 0.64703049,  0.6895112 ,  0.76073047, ..., -0.07730548,
          0.        ,  0.12709691],
        [ 0.54487644,  0.59186636,  0.67206665, ..., -0.20339512,
         -0.12709691,  0.        ]],

       ...,

       [[ 0.        ,  0.37510727,  0.6637838 , ...,  0.76236629,
          0.68668783,  0.95109722],
        [-0.37510727,  0.        ,  0.33476332, ...,  0.4639503 ,
          0.36386172,  0.76578193],
        [-0.6637838 , -0.33476332,  0.        , ...,  0.14062756,
          0.03105142,  0.50631163],
        ...,
        [-0.76236629, -0.4639503 , -0.14062756, ...,  0.        ,
         -0.1098169 ,  0.38000993],
        [-0.68668783, -0.36386172, -0.03105142, ...,  0.1098169 ,
          0.        ,  0.47929027],
        [-0.95109722, -0.76578193, -0.50631163, ..., -0.38000993,
         -0.47929027,  0.        ]],

       [[ 0.        , -0.4562872 , -0.6584549 , ..., -0.43076503,
         -0.17563321, -0.        ],
        [ 0.4562872 ,  0.        , -0.24250365, ..., -0.79509157,
         -0.60547867, -0.4562872 ],
        [ 0.6584549 ,  0.24250365,  0.        , ..., -0.91843438,
         -0.78040476, -0.6584549 ],
        ...,
        [ 0.43076503,  0.79509157,  0.91843438, ...,  0.        ,
         -0.2655664 , -0.43076503],
        [ 0.17563321,  0.60547867,  0.78040476, ...,  0.2655664 ,
          0.        , -0.17563321],
        [ 0.        ,  0.4562872 ,  0.6584549 , ...,  0.43076503,
          0.17563321,  0.        ]],

       [[ 0.        , -0.01602232,  0.00682485, ...,  0.17345933,
          0.23266616,  0.23931281],
        [ 0.01602232,  0.        ,  0.02284592, ...,  0.1892165 ,
          0.2482189 ,  0.25483884],
        [-0.00682485, -0.02284592,  0.        , ...,  0.1667339 ,
          0.22602318,  0.2326807 ],
        ...,
        [-0.17345933, -0.1892165 , -0.1667339 , ...,  0.        ,
          0.06044015,  0.06726604],
        [-0.23266616, -0.2482189 , -0.22602318, ..., -0.06044015,
          0.        ,  0.00683981],
        [-0.23931281, -0.25483884, -0.2326807 , ..., -0.06726604,
         -0.00683981,  0.        ]]]), 'num': array([ 9.88265085e-01,  1.52746705e-01,  2.66513040e-04,  4.91365785e-05,
        4.99202560e-05,  4.91365785e-05,  6.89150309e-04, -3.13470995e-07,
        4.93089875e-05,  4.87094743e-05,  5.48025667e-05,  8.12702580e-07,
        5.13911975e-05,  4.60277510e-05])}
{'img': array([[[ 0.00000000e+00,  4.49417152e-02, -1.95070110e-02, ...,
         -5.16722608e-01, -4.91465054e-01, -5.25258486e-01],
        [-4.49417152e-02,  0.00000000e+00, -6.44204650e-02, ...,
         -5.54677495e-01, -5.30108101e-01, -5.62970596e-01],
        [ 1.95070110e-02,  6.44204650e-02,  0.00000000e+00, ...,
         -4.99923302e-01, -4.74382935e-01, -5.08559191e-01],
        ...,
        [ 5.16722608e-01,  5.54677495e-01,  4.99923302e-01, ...,
          0.00000000e+00,  2.92431026e-02, -1.00002195e-02],
        [ 4.91465054e-01,  5.30108101e-01,  4.74382935e-01, ...,
         -2.92431026e-02,  0.00000000e+00, -3.92375830e-02],
        [ 5.25258486e-01,  5.62970596e-01,  5.08559191e-01, ...,
          1.00002195e-02,  3.92375830e-02,  0.00000000e+00]],

       [[ 0.00000000e+00,  1.54735198e-01, -2.16858232e-01, ...,
         -4.92589097e-01, -3.52510411e-01, -5.46091879e-01],
        [-1.54735198e-01,  0.00000000e+00, -3.65299368e-01, ...,
         -6.21316510e-01, -4.93067188e-01, -6.69140326e-01],
        [ 2.16858232e-01,  3.65299368e-01,  0.00000000e+00, ...,
         -2.92143524e-01, -1.41184113e-01, -3.51428964e-01],
        ...,
        [ 4.92589097e-01,  6.21316510e-01,  2.92143524e-01, ...,
          0.00000000e+00,  1.54192343e-01, -6.25886772e-02],
        [ 3.52510411e-01,  4.93067188e-01,  1.41184113e-01, ...,
         -1.54192343e-01,  0.00000000e+00, -2.15730204e-01],
        [ 5.46091879e-01,  6.69140326e-01,  3.51428964e-01, ...,
          6.25886772e-02,  2.15730204e-01,  0.00000000e+00]],

       [[ 0.00000000e+00,  1.03438475e-01,  1.47774273e-01, ...,
         -6.89511204e-01, -5.91866365e-01, -5.55063195e-01],
        [-1.03438475e-01,  0.00000000e+00,  4.46787546e-02, ...,
         -7.60730468e-01, -6.72066652e-01, -6.38126724e-01],
        [-1.47774273e-01, -4.46787546e-02,  0.00000000e+00, ...,
         -7.88970353e-01, -7.04479731e-01, -6.71889069e-01],
        ...,
        [ 6.89511204e-01,  7.60730468e-01,  7.88970353e-01, ...,
          0.00000000e+00,  1.27096906e-01,  1.71522655e-01],
        [ 5.91866365e-01,  6.72066652e-01,  7.04479731e-01, ...,
         -1.27096906e-01,  0.00000000e+00,  4.49183067e-02],
        [ 5.55063195e-01,  6.38126724e-01,  6.71889069e-01, ...,
         -1.71522655e-01, -4.49183067e-02,  0.00000000e+00]],

       ...,

       [[ 0.00000000e+00,  3.34763323e-01,  3.23849238e-01, ...,
          3.63861719e-01,  7.65781930e-01,  6.64353999e-01],
        [-3.34763323e-01,  0.00000000e+00, -1.15586293e-02, ...,
          3.10514196e-02,  5.06311627e-01,  3.75814108e-01],
        [-3.23849238e-01,  1.15586293e-02,  0.00000000e+00, ...,
          4.26024009e-02,  5.16245394e-01,  3.86500328e-01],
        ...,
        [-3.63861719e-01, -3.10514196e-02, -4.26024009e-02, ...,
          0.00000000e+00,  4.79290268e-01,  3.46857689e-01],
        [-7.65781930e-01, -5.06311627e-01, -5.16245394e-01, ...,
         -4.79290268e-01,  0.00000000e+00, -1.45112972e-01],
        [-6.64353999e-01, -3.75814108e-01, -3.86500328e-01, ...,
         -3.46857689e-01,  1.45112972e-01,  0.00000000e+00]],

       [[ 0.00000000e+00, -5.18975926e-01, -7.41266039e-01, ...,
         -1.80638699e-01, -0.00000000e+00, -5.75641426e-02],
        [ 5.18975926e-01,  0.00000000e+00, -2.85283423e-01, ...,
         -6.64846471e-01, -5.18975926e-01, -5.67320553e-01],
        [ 7.41266039e-01,  2.85283423e-01,  0.00000000e+00, ...,
         -8.50318600e-01, -7.41266039e-01, -7.78674584e-01],
        ...,
        [ 1.80638699e-01,  6.64846471e-01,  8.50318600e-01, ...,
          0.00000000e+00, -1.80638699e-01, -1.23721981e-01],
        [ 0.00000000e+00,  5.18975926e-01,  7.41266039e-01, ...,
          1.80638699e-01,  0.00000000e+00,  5.75641426e-02],
        [ 5.75641426e-02,  5.67320553e-01,  7.78674584e-01, ...,
          1.23721981e-01, -5.75641426e-02,  0.00000000e+00]],

       [[ 0.00000000e+00,  2.28459171e-02,  7.91127926e-02, ...,
          2.48218899e-01,  2.54838840e-01,  2.55599961e-01],
        [-2.28459171e-02,  0.00000000e+00,  5.63178336e-02, ...,
          2.26023183e-01,  2.32680700e-01,  2.33446213e-01],
        [-7.91127926e-02, -5.63178336e-02,  0.00000000e+00, ...,
          1.70804024e-01,  1.77539323e-01,  1.78313953e-01],
        ...,
        [-2.48218899e-01, -2.26023183e-01, -1.70804024e-01, ...,
          0.00000000e+00,  6.83980521e-03,  7.62697567e-03],
        [-2.54838840e-01, -2.32680700e-01, -1.77539323e-01, ...,
         -6.83980521e-03,  0.00000000e+00,  7.87190991e-04],
        [-2.55599961e-01, -2.33446213e-01, -1.78313953e-01, ...,
         -7.62697567e-03, -7.87190991e-04,  0.00000000e+00]]]), 'num': array([9.88567653e-01, 1.50760631e-01, 2.63047731e-04, 4.92711728e-05,
       5.01993581e-05, 4.85750338e-05, 2.26710821e-03, 7.73487799e-07,
