state_0,state_1,state_2,state_3,state_4,state_5,state_6,state_7,state_8,state_9,state_10,state_11,state_12,state_13,state_14,state_15,state_16,state_17,state_18,state_19,state_20,state_21,state_22,state_23,state_24,state_25,state_26,state_27,state_28,state_29,state_30,state_31,state_32,state_33,state_34,state_35,state_36,state_37,state_38,state_39,state_40,state_41,state_42,state_43,state_44,state_45,state_46,state_47,state_48,state_49,state_50,state_51,state_52,state_53,state_54,state_55,state_56,state_57,state_58,state_59,state_60,state_61,state_62,state_63,state_64,state_65,state_66,state_67,state_68,state_69,state_70,state_71,state_72,state_73,state_74,state_75,state_76,state_77,state_78,state_79,state_80,state_81,state_82,state_83,state_84,state_85,state_86,state_87,state_88,state_89,state_90,state_91,state_92,state_93,state_94,state_95,state_96,state_97,state_98,state_99,state_100,state_101,state_102,state_103,state_104,state_105,state_106,state_107,state_108,state_109,state_110,state_111,state_112,state_113,state_114,state_115,state_116,state_117,state_118,state_119,state_120,state_121,state_122,state_123,state_124,state_125,state_126,state_127,state_128,state_129,state_130,state_131,state_132,state_133,state_134,state_135,state_136,state_137,state_138,state_139,state_140,state_141,state_142,state_143,state_144,state_145,state_146,state_147,state_148,state_149,state_150,state_151,state_152,state_153,state_154,state_155,state_156,state_157,state_158,state_159,state_160,state_161,state_162,state_163,state_164,state_165,state_166,state_167,state_168,state_169,state_170,state_171,state_172,state_173,state_174,state_175,state_176,state_177,state_178,state_179,state_180,state_181,state_182,state_183,state_184,state_185,state_186,state_187,state_188,state_189,state_190,state_191,state_192,state_193,state_194,state_195,state_196,state_197,state_198,state_199,state_200,state_201,state_202,state_203,state_204,state_205,state_206,state_207,state_208,state_209,state_210,state_211,state_212,state_213,state_214,state_215,state_216,state_217,state_218,state_219,state_220,state_221,state_222,state_223,state_224,state_225,state_226,state_227,state_228,state_229,state_230,state_231,state_232,state_233,state_234,state_235,state_236,state_237,state_238,state_239,state_240,state_241,state_242,state_243,state_244,state_245,state_246,state_247,state_248,state_249,state_250,state_251,state_252,state_253,state_254,state_255,state_256,state_257,state_258,state_259,state_260,state_261,state_262,state_263,state_264,state_265,state_266,state_267,state_268,state_269,state_270,state_271,state_272,state_273,state_274,state_275,state_276,state_277,state_278,state_279,state_280,state_281,state_282,state_283,state_284,state_285,state_286,state_287
{'img': array([[[ 0.        ,  0.04038978, -0.08158442, ..., -0.55392563,
          0.19935663,  0.23845654],
        [-0.04038978,  0.        , -0.12177299, ..., -0.58710079,
          0.15961492,  0.19903729],
        [ 0.08158442,  0.12177299,  0.        , ..., -0.48415466,
          0.27863884,  0.3168926 ],
        ...,
        [ 0.55392563,  0.58710079,  0.48415466, ...,  0.        ,
          0.70878427,  0.73647748],
        [-0.19935663, -0.15961492, -0.27863884, ..., -0.70878427,
          0.        ,  0.04006418],
        [-0.23845654, -0.19903729, -0.3168926 , ..., -0.73647748,
         -0.04006418,  0.        ]],

       [[ 0.        , -0.25924728, -0.42809737, ..., -0.11956736,
          0.55674586, -0.69259543],
        [ 0.25924728,  0.        , -0.17917092, ...,  0.14190799,
          0.75306354, -0.4819144 ],
        [ 0.42809737,  0.17917092,  0.        , ...,  0.31696931,
          0.85876255, -0.31712321],
        ...,
        [ 0.11956736, -0.14190799, -0.31696931, ...,  0.        ,
          0.65207438, -0.60137974],
        [-0.55674586, -0.75306354, -0.85876255, ..., -0.65207438,
          0.        , -0.97692257],
        [ 0.69259543,  0.4819144 ,  0.31712321, ...,  0.60137974,
          0.97692257,  0.        ]],

       [[ 0.        , -0.02535346, -0.06392365, ..., -0.68563186,
         -0.55105441, -0.34128398],
        [ 0.02535346,  0.        , -0.0386015 , ..., -0.66695546,
         -0.5297206 , -0.31734304],
        [ 0.06392365,  0.0386015 ,  0.        , ..., -0.63769648,
         -0.49658507, -0.2805003 ],
        ...,
        [ 0.68563186,  0.66695546,  0.63769648, ...,  0.        ,
          0.17099954,  0.39602954],
        [ 0.55105441,  0.5297206 ,  0.49658507, ..., -0.17099954,
          0.        ,  0.23317822],
        [ 0.34128398,  0.31734304,  0.2805003 , ..., -0.39602954,
         -0.23317822,  0.        ]],

       ...,

       [[ 0.        , -0.2204078 , -0.24518088, ..., -0.00294721,
          0.36110692,  0.4464523 ],
        [ 0.2204078 ,  0.        , -0.02547098, ...,  0.21753211,
          0.55776217,  0.6326956 ],
        [ 0.24518088,  0.02547098,  0.        , ...,  0.24232256,
          0.57872214,  0.65221507],
        ...,
        [ 0.00294721, -0.21753211, -0.24232256, ...,  0.        ,
          0.3638537 ,  0.44908755],
        [-0.36110692, -0.55776217, -0.57872214, ..., -0.3638537 ,
          0.        ,  0.09320651],
        [-0.4464523 , -0.6326956 , -0.65221507, ..., -0.44908755,
         -0.09320651,  0.        ]],

       [[ 0.        , -0.03016116, -0.03541289, ..., -0.11088894,
         -0.29917751, -0.38600834],
        [ 0.03016116,  0.        , -0.00525454, ..., -0.08086334,
         -0.27026169, -0.3580092 ],
        [ 0.03541289,  0.00525454,  0.        , ..., -0.07562489,
         -0.26519896, -0.353098  ],
        ...,
        [ 0.11088894,  0.08086334,  0.07562489, ...,  0.        ,
         -0.19152248, -0.28133323],
        [ 0.29917751,  0.27026169,  0.26519896, ...,  0.19152248,
          0.        , -0.09233835],
        [ 0.38600834,  0.3580092 ,  0.353098  , ...,  0.28133323,
          0.09233835,  0.        ]],

       [[ 0.        , -0.02865563, -0.08590146, ..., -0.99888243,
         -0.92250795, -0.8813653 ],
        [ 0.02865563,  0.        , -0.05731647, ..., -0.99711785,
         -0.91106867, -0.86746543],
        [ 0.08590146,  0.05731647,  0.        , ..., -0.99113015,
         -0.88594194, -0.83752456],
        ...,
        [ 0.99888243,  0.99711785,  0.99113015, ...,  0.        ,
          0.34194529,  0.43025055],
        [ 0.92250795,  0.91106867,  0.88594194, ..., -0.34194529,
          0.        ,  0.09563772],
        [ 0.8813653 ,  0.86746543,  0.83752456, ..., -0.43025055,
         -0.09563772,  0.        ]]]), 'num': array([ 7.06409873e-01,  7.06409873e-01,  0.00000000e+00,  1.49080006e-02,
        1.52290960e-02,  1.47703882e-02,  1.42345259e-02, -2.75224626e-04,
        1.47795624e-02,  1.46969950e-02,  1.50953062e-02,  5.98314404e-06,
        1.53446669e-02,  1.40493231e-02])}
{'img': array([[[ 0.        , -0.12177299, -0.12177299, ...,  0.15961492,
          0.19903729, -0.04038978],
        [ 0.12177299,  0.        ,  0.        , ...,  0.27863884,
          0.3168926 ,  0.08158442],
        [ 0.12177299,  0.        ,  0.        , ...,  0.27863884,
          0.3168926 ,  0.08158442],
        ...,
        [-0.15961492, -0.27863884, -0.27863884, ...,  0.        ,
          0.04006418, -0.19935663],
        [-0.19903729, -0.3168926 , -0.3168926 , ..., -0.04006418,
          0.        , -0.23845654],
        [ 0.04038978, -0.08158442, -0.08158442, ...,  0.19935663,
          0.23845654,  0.        ]],

       [[ 0.        , -0.17917092,  0.48015779, ...,  0.75306354,
         -0.4819144 , -0.22938748],
        [ 0.17917092,  0.        ,  0.62955338, ...,  0.85876255,
         -0.31712321, -0.05128216],
        [-0.48015779, -0.62955338,  0.        , ...,  0.34465512,
         -0.84344975, -0.66856907],
        ...,
        [-0.75306354, -0.85876255, -0.34465512, ...,  0.        ,
         -0.97692257, -0.88390823],
        [ 0.4819144 ,  0.31712321,  0.84344975, ...,  0.97692257,
          0.        ,  0.26807074],
        [ 0.22938748,  0.05128216,  0.66856907, ...,  0.88390823,
         -0.26807074,  0.        ]],

       [[ 0.        , -0.0386015 , -0.0386015 , ..., -0.5297206 ,
         -0.31734304, -0.13156082],
        [ 0.0386015 ,  0.        ,  0.        , ..., -0.49658507,
         -0.2805003 , -0.09319679],
        [ 0.0386015 ,  0.        ,  0.        , ..., -0.49658507,
         -0.2805003 , -0.09319679],
        ...,
        [ 0.5297206 ,  0.49658507,  0.49658507, ...,  0.        ,
          0.23317822,  0.41353008],
        [ 0.31734304,  0.2805003 ,  0.2805003 , ..., -0.23317822,
          0.        ,  0.18982417],
        [ 0.13156082,  0.09319679,  0.09319679, ..., -0.41353008,
         -0.18982417,  0.        ]],

       ...,

       [[ 0.        , -0.02547098, -0.21677099, ...,  0.55776217,
          0.6326956 ,  0.76311454],
        [ 0.02547098,  0.        , -0.19183532, ...,  0.57872214,
          0.65221507,  0.77932791],
        [ 0.21677099,  0.19183532,  0.        , ...,  0.72442007,
          0.78551925,  0.8850607 ],
        ...,
        [-0.55776217, -0.57872214, -0.72442007, ...,  0.        ,
          0.09320651,  0.27292449],
        [-0.6326956 , -0.65221507, -0.78551925, ..., -0.09320651,
          0.        ,  0.18206843],
        [-0.76311454, -0.77932791, -0.8850607 , ..., -0.27292449,
         -0.18206843,  0.        ]],

       [[ 0.        , -0.00525454, -0.10301542, ..., -0.27026169,
         -0.3580092 , -0.41975679],
        [ 0.00525454,  0.        , -0.09778742, ..., -0.26519896,
         -0.353098  , -0.41498178],
        [ 0.10301542,  0.09778742,  0.        , ..., -0.16964194,
         -0.25991715, -0.32402301],
        ...,
        [ 0.27026169,  0.26519896,  0.16964194, ...,  0.        ,
         -0.09233835, -0.15883693],
        [ 0.3580092 ,  0.353098  ,  0.25991715, ...,  0.09233835,
          0.        , -0.06699223],
        [ 0.41975679,  0.41498178,  0.32402301, ...,  0.15883693,
          0.06699223,  0.        ]],

       [[ 0.        , -0.05731647, -0.06574239, ..., -0.91106867,
         -0.86746543, -0.84803932],
        [ 0.05731647,  0.        , -0.00844184, ..., -0.88594194,
         -0.83752456, -0.81627128],
        [ 0.06574239,  0.00844184,  0.        , ..., -0.88199508,
         -0.8328821 , -0.81136561],
        ...,
        [ 0.91106867,  0.88594194,  0.88199508, ...,  0.        ,
          0.09563772,  0.1331975 ],
        [ 0.86746543,  0.83752456,  0.8328821 , ..., -0.09563772,
          0.        ,  0.03780142],
        [ 0.84803932,  0.81627128,  0.81136561, ..., -0.1331975 ,
         -0.03780142,  0.        ]]]), 'num': array([ 9.23439922e-01,  3.79103769e-01,  3.37050250e-06,  1.94405769e-02,
        1.95609520e-02,  1.92600143e-02,  2.27805041e-02, -1.20375089e-04,
        1.95128020e-02,  1.92720518e-02,  1.98037084e-02,  6.73284397e-06,
        2.01056873e-02,  1.84384163e-02])}
{'img': array([[[ 0.        ,  0.        , -0.16834552, ...,  0.3168926 ,
          0.08158442,  0.        ],
        [ 0.        ,  0.        , -0.16834552, ...,  0.3168926 ,
          0.08158442,  0.        ],
        [ 0.16834552,  0.16834552,  0.        , ...,  0.47203916,
          0.24820438,  0.16834552],
        ...,
        [-0.3168926 , -0.3168926 , -0.47203916, ...,  0.        ,
         -0.23845654, -0.3168926 ],
        [-0.08158442, -0.08158442, -0.24820438, ...,  0.23845654,
          0.        , -0.08158442],
        [ 0.        ,  0.        , -0.16834552, ...,  0.3168926 ,
          0.08158442,  0.        ]],

       [[ 0.        ,  0.62955338,  0.1716004 , ..., -0.31712321,
         -0.05128216,  0.1780842 ],
        [-0.62955338,  0.        , -0.48688882, ..., -0.84344975,
         -0.66856907, -0.48112632],
        [-0.1716004 ,  0.48688882,  0.        , ..., -0.47516234,
         -0.22189608,  0.00658521],
        ...,
        [ 0.31712321,  0.84344975,  0.47516234, ...,  0.        ,
          0.26807074,  0.48094635],
        [ 0.05128216,  0.66856907,  0.22189608, ..., -0.26807074,
          0.        ,  0.22831231],
        [-0.1780842 ,  0.48112632, -0.00658521, ..., -0.48094635,
         -0.22831231,  0.        ]],

       [[ 0.        ,  0.        , -0.02616511, ..., -0.2805003 ,
         -0.09319679,  0.0386015 ],
        [ 0.        ,  0.        , -0.02616511, ..., -0.2805003 ,
         -0.09319679,  0.0386015 ],
        [ 0.02616511,  0.02616511,  0.        , ..., -0.25528959,
         -0.06711366,  0.06473388],
        ...,
        [ 0.2805003 ,  0.2805003 ,  0.25528959, ...,  0.        ,
          0.18982417,  0.31734304],
        [ 0.09319679,  0.09319679,  0.06711366, ..., -0.18982417,
          0.        ,  0.13156082],
        [-0.0386015 , -0.0386015 , -0.06473388, ..., -0.31734304,
         -0.13156082,  0.        ]],

       ...,

       [[ 0.        , -0.19183532, -0.05712074, ...,  0.65221507,
          0.77932791,  0.54686607],
        [ 0.19183532,  0.        ,  0.13546226, ...,  0.78551925,
          0.8850607 ,  0.69731759],
        [ 0.05712074, -0.13546226,  0.        , ...,  0.69444964,
          0.81384827,  0.59379582],
        ...,
        [-0.65221507, -0.78551925, -0.69444964, ...,  0.        ,
          0.18206843, -0.1315045 ],
        [-0.77932791, -0.8850607 , -0.81384827, ..., -0.18206843,
          0.        , -0.30979379],
        [-0.54686607, -0.69731759, -0.59379582, ...,  0.1315045 ,
          0.30979379,  0.        ]],

       [[ 0.        , -0.09778742, -0.13589509, ..., -0.353098  ,
         -0.41498178, -0.44700239],
        [ 0.09778742,  0.        , -0.03836352, ..., -0.25991715,
         -0.32402301, -0.35738601],
        [ 0.13589509,  0.03836352,  0.        , ..., -0.22268081,
         -0.2874907 , -0.32129305],
        ...,
        [ 0.353098  ,  0.25991715,  0.22268081, ...,  0.        ,
         -0.06699223, -0.1023516 ],
        [ 0.41498178,  0.32402301,  0.2874907 , ...,  0.06699223,
          0.        , -0.03548126],
        [ 0.44700239,  0.35738601,  0.32129305, ...,  0.1023516 ,
          0.03548126,  0.        ]],

       [[ 0.        , -0.00844184, -0.08520159, ..., -0.83752456,
         -0.81627128, -0.81167999],
        [ 0.00844184,  0.        , -0.07678742, ..., -0.8328821 ,
         -0.81136561, -0.80672017],
        [ 0.08520159,  0.07678742,  0.        , ..., -0.78792498,
         -0.7640848 , -0.75896206],
        ...,
        [ 0.83752456,  0.8328821 ,  0.78792498, ...,  0.        ,
          0.03780142,  0.0456984 ],
        [ 0.81627128,  0.81136561,  0.7640848 , ..., -0.03780142,
          0.        ,  0.00790382],
        [ 0.81167999,  0.80672017,  0.75896206, ..., -0.0456984 ,
         -0.00790382,  0.        ]]]), 'num': array([9.24545957e-01, 3.76125741e-01, 3.34402571e-06, 1.95864363e-02,
       1.97058658e-02, 1.92878626e-02, 2.70698881e-02, 2.98573724e-04,
       1.95506074e-02, 1.91266327e-02, 1.96531177e-02, 7.09112594e-06,
       1.99652795e-02, 1.82879860e-02])}
{'img': array([[[ 0.        , -0.16834552, -0.34479459, ...,  0.08158442,
          0.        ,  0.20097701],
        [ 0.16834552,  0.        , -0.18185143, ...,  0.24820438,
          0.16834552,  0.36301927],
        [ 0.34479459,  0.18185143,  0.        , ...,  0.42022671,
          0.34479459,  0.52641212],
        ...,
        [-0.08158442, -0.24820438, -0.42022671, ...,  0.        ,
         -0.08158442,  0.12038727],
        [ 0.        , -0.16834552, -0.34479459, ...,  0.08158442,
          0.        ,  0.20097701],
        [-0.20097701, -0.36301927, -0.52641212, ..., -0.12038727,
         -0.20097701,  0.        ]],

       [[ 0.        , -0.48688882, -0.58232032, ..., -0.66856907,
         -0.48112632, -0.28518524],
        [ 0.48688882,  0.        , -0.11281495, ..., -0.22189608,
          0.00658521,  0.21757048],
        [ 0.58232032,  0.11281495,  0.        , ..., -0.11047699,
          0.11935567,  0.32629394],
        ...,
        [ 0.66856907,  0.22189608,  0.11047699, ...,  0.        ,
          0.22831231,  0.428727  ],
        [ 0.48112632, -0.00658521, -0.11935567, ..., -0.22831231,
          0.        ,  0.21113831],
        [ 0.28518524, -0.21757048, -0.32629394, ..., -0.428727  ,
         -0.21113831,  0.        ]],

       [[ 0.        , -0.02616511, -0.16278251, ..., -0.09319679,
          0.0386015 ,  0.23279662],
        [ 0.02616511,  0.        , -0.13691067, ..., -0.06711366,
          0.06473388,  0.25816315],
        [ 0.16278251,  0.13691067,  0.        , ...,  0.0701203 ,
          0.20074781,  0.38800171],
        ...,
        [ 0.09319679,  0.06711366, -0.0701203 , ...,  0.        ,
          0.13156082,  0.32241967],
        [-0.0386015 , -0.06473388, -0.20074781, ..., -0.13156082,
          0.        ,  0.19508218],
        [-0.23279662, -0.25816315, -0.38800171, ..., -0.32241967,
         -0.19508218,  0.        ]],

       ...,

       [[ 0.        ,  0.13546226,  0.0511495 , ...,  0.8850607 ,
          0.69731759,  0.77251336],
        [-0.13546226,  0.        , -0.08460691, ...,  0.81384827,
          0.59379582,  0.67937439],
        [-0.0511495 ,  0.08460691,  0.        , ...,  0.86009331,
          0.65974277,  0.73902229],
        ...,
        [-0.8850607 , -0.81384827, -0.86009331, ...,  0.        ,
         -0.30979379, -0.20242607],
        [-0.69731759, -0.59379582, -0.65974277, ...,  0.30979379,
          0.        ,  0.11091282],
        [-0.77251336, -0.67937439, -0.73902229, ...,  0.20242607,
         -0.11091282,  0.        ]],

       [[ 0.        , -0.03836352, -0.06204101, ..., -0.32402301,
         -0.35738601, -0.33643833],
        [ 0.03836352,  0.        , -0.02370572, ..., -0.2874907 ,
         -0.32129305, -0.30006351],
        [ 0.06204101,  0.02370572,  0.        , ..., -0.26470496,
         -0.29875392, -0.27736585],
        ...,
        [ 0.32402301,  0.2874907 ,  0.26470496, ...,  0.        ,
         -0.03548126, -0.01315295],
        [ 0.35738601,  0.32129305,  0.29875392, ...,  0.03548126,
          0.        ,  0.02233352],
        [ 0.33643833,  0.30006351,  0.27736585, ...,  0.01315295,
         -0.02233352,  0.        ]],

       [[ 0.        , -0.07678742, -0.19785736, ..., -0.81136561,
         -0.80672017, -0.81303294],
        [ 0.07678742,  0.        , -0.12200379, ..., -0.7640848 ,
         -0.75896206, -0.76592545],
        [ 0.19785736,  0.12200379,  0.        , ..., -0.67967023,
         -0.67385141, -0.68176389],
        ...,
        [ 0.81136561,  0.7640848 ,  0.67967023, ...,  0.        ,
          0.00790382, -0.00285805],
        [ 0.80672017,  0.75896206,  0.67385141, ..., -0.00790382,
          0.        , -0.01076175],
        [ 0.81303294,  0.76592545,  0.68176389, ...,  0.00285805,
          0.01076175,  0.        ]]]), 'num': array([8.25291310e-01, 5.62371590e-01, 1.59829617e-06, 1.75279814e-02,
       1.75279814e-02, 1.72083221e-02, 1.52499831e-02, 5.32765391e-05,
       1.74320836e-02, 1.70937776e-02, 1.75395246e-02, 6.11370121e-06,
       1.78660301e-02, 1.63215250e-02])}
{'img': array([[[ 0.00000000e+00, -1.81851435e-01, -4.40675520e-02, ...,
          1.68345522e-01,  3.63019266e-01,  4.00000000e-01],
        [ 1.81851435e-01,  0.00000000e+00,  1.38342006e-01, ...,
          3.44794592e-01,  5.26412116e-01,  5.60000000e-01],
        [ 4.40675520e-02, -1.38342006e-01,  0.00000000e+00, ...,
          2.11620605e-01,  4.03727948e-01,  4.40000000e-01],
        ...,
        [-1.68345522e-01, -3.44794592e-01, -2.11620605e-01, ...,
          0.00000000e+00,  2.00977008e-01,  2.40000000e-01],
        [-3.63019266e-01, -5.26412116e-01, -4.03727948e-01, ...,
         -2.00977008e-01,  0.00000000e+00,  4.00000000e-02],
        [-4.00000000e-01, -5.60000000e-01, -4.40000000e-01, ...,
         -2.40000000e-01, -4.00000000e-02,  0.00000000e+00]],

       [[ 0.00000000e+00, -1.12814949e-01, -2.31526602e-01, ...,
          6.58520869e-03,  2.17570485e-01, -3.16242633e-01],
        [ 1.12814949e-01,  0.00000000e+00, -1.20298935e-01, ...,
          1.19355672e-01,  3.26293941e-01, -2.07198647e-01],
        [ 2.31526602e-01,  1.20298935e-01,  0.00000000e+00, ...,
          2.37927862e-01,  4.37639077e-01, -8.80055960e-02],
        ...,
        [-6.58520869e-03, -1.19355672e-01, -2.37927862e-01, ...,
          0.00000000e+00,  2.11138310e-01, -3.22483021e-01],
        [-2.17570485e-01, -3.26293941e-01, -4.37639077e-01, ...,
         -2.11138310e-01,  0.00000000e+00, -5.15071325e-01],
        [ 3.16242633e-01,  2.07198647e-01,  8.80055960e-02, ...,
          3.22483021e-01,  5.15071325e-01,  0.00000000e+00]],

       [[ 0.00000000e+00, -1.36910666e-01, -2.55289590e-01, ...,
          6.47338837e-02,  2.58163149e-01,  2.46631762e-01],
        [ 1.36910666e-01,  0.00000000e+00, -1.20511548e-01, ...,
          2.00747815e-01,  3.88001706e-01,  3.76990724e-01],
        [ 2.55289590e-01,  1.20511548e-01,  0.00000000e+00, ...,
          3.17343039e-01,  4.96244432e-01,  4.85863036e-01],
        ...,
        [-6.47338837e-02, -2.00747815e-01, -3.17343039e-01, ...,
          0.00000000e+00,  1.95082176e-01,  1.83380260e-01],
        [-2.58163149e-01, -3.88001706e-01, -4.96244432e-01, ...,
         -1.95082176e-01,  0.00000000e+00, -1.19170261e-02],
        [-2.46631762e-01, -3.76990724e-01, -4.85863036e-01, ...,
         -1.83380260e-01,  1.19170261e-02,  0.00000000e+00]],

       ...,

       [[ 0.00000000e+00, -8.46069087e-02,  2.81355528e-01, ...,
          5.93795824e-01,  6.79374393e-01,  6.30215612e-01],
        [ 8.46069087e-02,  0.00000000e+00,  3.61535796e-01, ...,
          6.59742766e-01,  7.39022290e-01,  6.93646426e-01],
        [-2.81355528e-01, -3.61535796e-01,  0.00000000e+00, ...,
          3.43425519e-01,  4.45473728e-01,  3.86307062e-01],
        ...,
        [-5.93795824e-01, -6.59742766e-01, -3.43425519e-01, ...,
          0.00000000e+00,  1.10912824e-01,  4.60463566e-02],
        [-6.79374393e-01, -7.39022290e-01, -4.45473728e-01, ...,
         -1.10912824e-01,  0.00000000e+00, -6.50329222e-02],
        [-6.30215612e-01, -6.93646426e-01, -3.86307062e-01, ...,
         -4.60463566e-02,  6.50329222e-02,  0.00000000e+00]],

       [[ 0.00000000e+00, -2.37057217e-02, -2.97953841e-02, ...,
         -3.21293046e-01, -3.00063515e-01, -2.29213826e-01],
        [ 2.37057217e-02,  0.00000000e+00, -6.09181414e-03, ...,
         -2.98753917e-01, -2.77365847e-01, -2.06074829e-01],
        [ 2.97953841e-02,  6.09181414e-03,  0.00000000e+00, ...,
         -2.92934771e-01, -2.71507902e-01, -2.00109945e-01],
        ...,
        [ 3.21293046e-01,  2.98753917e-01,  2.92934771e-01, ...,
          0.00000000e+00,  2.23335209e-02,  9.56781034e-02],
        [ 3.00063515e-01,  2.77365847e-01,  2.71507902e-01, ...,
         -2.23335209e-02,  0.00000000e+00,  7.34231770e-02],
        [ 2.29213826e-01,  2.06074829e-01,  2.00109945e-01, ...,
         -9.56781034e-02, -7.34231770e-02,  0.00000000e+00]],

       [[ 0.00000000e+00, -1.22003793e-01, -2.00350966e-01, ...,
         -7.58962057e-01, -7.65925453e-01, -7.58556048e-01],
        [ 1.22003793e-01,  0.00000000e+00, -7.93242037e-02, ...,
         -6.73851411e-01, -6.81763886e-01, -6.73390734e-01],
        [ 2.00350966e-01,  7.93242037e-02,  0.00000000e+00, ...,
         -6.13117990e-01, -6.21584171e-01, -6.12625458e-01],
        ...,
        [ 7.58962057e-01,  6.73851411e-01,  6.13117990e-01, ...,
          0.00000000e+00, -1.07617455e-02,  6.23313998e-04],
        [ 7.65925453e-01,  6.81763886e-01,  6.21584171e-01, ...,
          1.07617455e-02,  0.00000000e+00,  1.13850213e-02],
        [ 7.58556048e-01,  6.73390734e-01,  6.12625458e-01, ...,
         -6.23313998e-04, -1.13850213e-02,  0.00000000e+00]]]), 'num': array([8.25790693e-01, 5.61624214e-01, 1.59617208e-06, 1.76110986e-02,
       1.76643044e-02, 1.73450700e-02, 1.53570908e-02, 1.06411472e-04,
       1.74089168e-02, 1.71029839e-02, 1.75268562e-02, 5.87097777e-06,
       1.79074117e-02, 1.62985561e-02])}
{'img': array([[[ 0.        ,  0.13834201,  0.18185143, ...,  0.52641212,
          0.56      ,  0.62448453],
        [-0.13834201,  0.        ,  0.04406755, ...,  0.40372795,
          0.44      ,  0.51042956],
        [-0.18185143, -0.04406755,  0.        , ...,  0.36301927,
          0.4       ,  0.47203916],
        ...,
        [-0.52641212, -0.40372795, -0.36301927, ...,  0.        ,
          0.04      ,  0.11980777],
        [-0.56      , -0.44      , -0.4       , ..., -0.04      ,
          0.        ,  0.08      ],
        [-0.62448453, -0.51042956, -0.47203916, ..., -0.11980777,
         -0.08      ,  0.        ]],

       [[ 0.        , -0.12029893,  0.20595561, ...,  0.32629394,
         -0.20719865, -0.19704876],
        [ 0.12029893,  0.        ,  0.32217979, ...,  0.43763908,
         -0.0880056 , -0.07767742],
        [-0.20595561, -0.32217979,  0.        , ...,  0.12461531,
         -0.40424273, -0.39474188],
        ...,
        [-0.32629394, -0.43763908, -0.12461531, ...,  0.        ,
         -0.51507132, -0.50616048],
        [ 0.20719865,  0.0880056 ,  0.40424273, ...,  0.51507132,
          0.        ,  0.01036366],
        [ 0.19704876,  0.07767742,  0.39474188, ...,  0.50616048,
         -0.01036366,  0.        ]],

       [[ 0.        , -0.12051155, -0.18553185, ...,  0.38800171,
          0.37699072,  0.37699072],
        [ 0.12051155,  0.        , -0.06576043, ...,  0.49624443,
          0.48586304,  0.48586304],
        [ 0.18553185,  0.06576043,  0.        , ...,  0.55226236,
          0.54228827,  0.54228827],
        ...,
        [-0.38800171, -0.49624443, -0.55226236, ...,  0.        ,
         -0.01191703, -0.01191703],
        [-0.37699072, -0.48586304, -0.54228827, ...,  0.01191703,
          0.        ,  0.        ],
        [-0.37699072, -0.48586304, -0.54228827, ...,  0.01191703,
          0.        ,  0.        ]],

       ...,

       [[ 0.        ,  0.3615358 ,  0.26798827, ...,  0.73902229,
          0.69364643,  0.6415649 ],
        [-0.3615358 ,  0.        , -0.09845054, ...,  0.44547373,
          0.38630706,  0.3208455 ],
        [-0.26798827,  0.09845054,  0.        , ...,  0.53145187,
          0.47523821,  0.41253242],
        ...,
        [-0.73902229, -0.44547373, -0.53145187, ...,  0.        ,
         -0.06503292, -0.13467085],
        [-0.69364643, -0.38630706, -0.47523821, ...,  0.06503292,
          0.        , -0.06994527],
        [-0.6415649 , -0.3208455 , -0.41253242, ...,  0.13467085,
          0.06994527,  0.        ]],

       [[ 0.        , -0.00609181, -0.11051502, ..., -0.27736585,
         -0.20607483, -0.12192143],
        [ 0.00609181,  0.        , -0.10445847, ..., -0.2715079 ,
         -0.20010994, -0.1158728 ],
        [ 0.11051502,  0.10445847,  0.        , ..., -0.16948793,
         -0.09666955, -0.01148404],
        ...,
        [ 0.27736585,  0.2715079 ,  0.16948793, ...,  0.        ,
          0.07342318,  0.15815886],
        [ 0.20607483,  0.20010994,  0.09666955, ..., -0.07342318,
          0.        ,  0.08523292],
        [ 0.12192143,  0.1158728 ,  0.01148404, ..., -0.15815886,
         -0.08523292,  0.        ]],

       [[ 0.        , -0.0793242 , -0.09470165, ..., -0.68176389,
         -0.67339073, -0.67541824],
        [ 0.0793242 ,  0.        , -0.01543554, ..., -0.62158417,
         -0.61262546, -0.61479348],
        [ 0.09470165,  0.01543554,  0.        , ..., -0.60941873,
         -0.60035264, -0.60254641],
        ...,
        [ 0.68176389,  0.62158417,  0.60941873, ...,  0.        ,
          0.01138502,  0.0086392 ],
        [ 0.67339073,  0.61262546,  0.60035264, ..., -0.01138502,
          0.        , -0.00274595],
        [ 0.67541824,  0.61479348,  0.60254641, ..., -0.0086392 ,
          0.00274595,  0.        ]]]), 'num': array([8.09914199e-01, 5.84376837e-01, 1.35457875e-06, 1.73490278e-02,
       1.75053253e-02, 1.72448294e-02, 1.42178669e-02, 1.04198365e-04,
       1.71302112e-02, 1.67915665e-02, 1.71779688e-02, 5.66692863e-06,
       1.76094407e-02, 1.59736923e-02])}
{'img': array([[[ 0.        ,  0.04406755,  0.17096062, ...,  0.44      ,
          0.51042956,  0.57801113],
        [-0.04406755,  0.        ,  0.12737576, ...,  0.4       ,
          0.47203916,  0.54148923],
        [-0.17096062, -0.12737576,  0.        , ...,  0.28      ,
          0.35590256,  0.42999276],
        ...,
        [-0.44      , -0.4       , -0.28      , ...,  0.        ,
          0.08      ,  0.16      ],
        [-0.51042956, -0.47203916, -0.35590256, ..., -0.08      ,
          0.        ,  0.08051782],
        [-0.57801113, -0.54148923, -0.42999276, ..., -0.16      ,
         -0.08051782,  0.        ]],

       [[ 0.        ,  0.32217979, -0.28676671, ..., -0.0880056 ,
         -0.07767742, -0.14859753],
        [-0.32217979,  0.        , -0.58012426, ..., -0.40424273,
         -0.39474188, -0.45927695],
        [ 0.28676671,  0.58012426,  0.        , ...,  0.20134465,
          0.21148526,  0.14122646],
        ...,
        [ 0.0880056 ,  0.40424273, -0.20134465, ...,  0.        ,
          0.01036366, -0.06099243],
        [ 0.07767742,  0.39474188, -0.21148526, ..., -0.01036366,
          0.        , -0.07133352],
        [ 0.14859753,  0.45927695, -0.14122646, ...,  0.06099243,
          0.07133352,  0.        ]],

       [[ 0.        , -0.06576043, -0.08289829, ...,  0.48586304,
          0.48586304,  0.56615056],
        [ 0.06576043,  0.        , -0.01718478, ...,  0.54228827,
          0.54228827,  0.61913153],
        [ 0.08289829,  0.01718478,  0.        , ...,  0.55664671,
          0.55664671,  0.63253509],
        ...,
        [-0.48586304, -0.54228827, -0.55664671, ...,  0.        ,
          0.        ,  0.09433758],
        [-0.48586304, -0.54228827, -0.55664671, ...,  0.        ,
          0.        ,  0.09433758],
        [-0.56615056, -0.61913153, -0.63253509, ..., -0.09433758,
         -0.09433758,  0.        ]],

       ...,

       [[ 0.        , -0.09845054, -0.20961243, ...,  0.38630706,
          0.3208455 ,  0.2974519 ],
        [ 0.09845054,  0.        , -0.11233071, ...,  0.47523821,
          0.41253242,  0.39000121],
        [ 0.20961243,  0.11233071,  0.        , ...,  0.57106535,
          0.51224832,  0.49096857],
        ...,
        [-0.38630706, -0.47523821, -0.57106535, ...,  0.        ,
         -0.06994527, -0.09446079],
        [-0.3208455 , -0.41253242, -0.51224832, ...,  0.06994527,
          0.        , -0.02459693],
        [-0.2974519 , -0.39000121, -0.49096857, ...,  0.09446079,
          0.02459693,  0.        ]],

       [[ 0.        , -0.10445847, -0.20629767, ..., -0.20010994,
         -0.1158728 , -0.02119617],
        [ 0.10445847,  0.        , -0.10295757, ..., -0.09666955,
         -0.01148404,  0.08335479],
        [ 0.20629767,  0.10295757,  0.        , ...,  0.00631954,
          0.09152777,  0.18551109],
        ...,
        [ 0.20010994,  0.09666955, -0.00631954, ...,  0.        ,
          0.08523292,  0.17929754],
        [ 0.1158728 ,  0.01148404, -0.09152777, ..., -0.08523292,
          0.        ,  0.09479337],
        [ 0.02119617, -0.08335479, -0.18551109, ..., -0.17929754,
         -0.09479337,  0.        ]],

       [[ 0.        , -0.01543554, -0.00225267, ..., -0.61262546,
         -0.61479348, -0.59052227],
        [ 0.01543554,  0.        ,  0.0131831 , ..., -0.60035264,
         -0.60254641, -0.5779951 ],
        [ 0.00225267, -0.0131831 ,  0.        , ..., -0.61084346,
         -0.61301527, -0.58870282],
        ...,
        [ 0.61262546,  0.60035264,  0.61084346, ...,  0.        ,
         -0.00274595,  0.02766876],
        [ 0.61479348,  0.60254641,  0.61301527, ...,  0.00274595,
          0.        ,  0.03041355],
        [ 0.59052227,  0.5779951 ,  0.58870282, ..., -0.02766876,
         -0.03041355,  0.        ]]]), 'num': array([7.85901097e-01, 6.15951828e-01, 1.00860101e-06, 1.69949270e-02,
       1.71462171e-02, 1.68436368e-02, 2.71631380e-02, 2.01720201e-04,
       1.67226047e-02, 1.63368148e-02, 1.66435976e-02, 5.71540570e-06,
       1.70707236e-02, 1.56029059e-02])}
{'img': array([[[ 0.        ,  0.12737576,  0.12737576, ...,  0.47203916,
          0.54148923,  0.67225186],
        [-0.12737576,  0.        ,  0.        , ...,  0.35590256,
          0.42999276,  0.57247691],
        [-0.12737576,  0.        ,  0.        , ...,  0.35590256,
          0.42999276,  0.57247691],
        ...,
        [-0.47203916, -0.35590256, -0.35590256, ...,  0.        ,
          0.08051782,  0.24318095],
        [-0.54148923, -0.42999276, -0.42999276, ..., -0.08051782,
          0.        ,  0.16429064],
        [-0.67225186, -0.57247691, -0.57247691, ..., -0.24318095,
         -0.16429064,  0.        ]],

       [[ 0.        , -0.58012426, -0.10457983, ..., -0.39474188,
         -0.45927695,  0.33726308],
        [ 0.58012426,  0.        ,  0.49175995, ...,  0.21148526,
          0.14122646,  0.82084525],
        [ 0.10457983, -0.49175995,  0.        , ..., -0.29649019,
         -0.36386096,  0.43386624],
        ...,
        [ 0.39474188, -0.21148526,  0.29649019, ...,  0.        ,
         -0.07133352,  0.68148876],
        [ 0.45927695, -0.14122646,  0.36386096, ...,  0.07133352,
          0.        ,  0.73195659],
        [-0.33726308, -0.82084525, -0.43386624, ..., -0.68148876,
         -0.73195659,  0.        ]],

       [[ 0.        , -0.01718478,  0.03344544, ...,  0.54228827,
          0.61913153,  0.73801685],
        [ 0.01718478,  0.        ,  0.05061566, ...,  0.55664671,
          0.63253509,  0.74950385],
        [-0.03344544, -0.05061566,  0.        , ...,  0.51388428,
          0.59252088,  0.71503558],
        ...,
        [-0.54228827, -0.55664671, -0.51388428, ...,  0.        ,
          0.09433758,  0.25414971],
        [-0.61913153, -0.63253509, -0.59252088, ..., -0.09433758,
          0.        ,  0.16177627],
        [-0.73801685, -0.74950385, -0.71503558, ..., -0.25414971,
         -0.16177627,  0.        ]],

       ...,

       [[ 0.        , -0.11233071, -0.11233071, ...,  0.41253242,
          0.39000121,  0.45510807],
        [ 0.11233071,  0.        ,  0.        , ...,  0.51224832,
          0.49096857,  0.55225097],
        [ 0.11233071,  0.        ,  0.        , ...,  0.51224832,
          0.49096857,  0.55225097],
        ...,
        [-0.41253242, -0.51224832, -0.51224832, ...,  0.        ,
         -0.02459693,  0.04724367],
        [-0.39000121, -0.49096857, -0.49096857, ...,  0.02459693,
          0.        ,  0.07179884],
        [-0.45510807, -0.55225097, -0.55225097, ..., -0.04724367,
         -0.07179884,  0.        ]],

       [[ 0.        , -0.10295757, -0.34132245, ..., -0.01148404,
          0.08335479,  0.11576763],
        [ 0.10295757,  0.        , -0.242734  , ...,  0.09152777,
          0.18551109,  0.21741773],
        [ 0.34132245,  0.242734  ,  0.        , ...,  0.33050556,
          0.41848366,  0.44784286],
        ...,
        [ 0.01148404, -0.09152777, -0.33050556, ...,  0.        ,
          0.09479337,  0.12716682],
        [-0.08335479, -0.18551109, -0.41848366, ..., -0.09479337,
          0.        ,  0.03257041],
        [-0.11576763, -0.21741773, -0.44784286, ..., -0.12716682,
         -0.03257041,  0.        ]],

       [[ 0.        ,  0.0131831 ,  0.11336272, ..., -0.60254641,
         -0.5779951 , -0.34110193],
        [-0.0131831 ,  0.        ,  0.10025475, ..., -0.61301527,
         -0.58870282, -0.35346475],
        [-0.11336272, -0.10025475,  0.        , ..., -0.68913515,
         -0.6667777 , -0.44546701],
        ...,
        [ 0.60254641,  0.61301527,  0.68913515, ...,  0.        ,
          0.03041355,  0.29418154],
        [ 0.5779951 ,  0.58870282,  0.6667777 , ..., -0.03041355,
          0.        ,  0.26497771],
        [ 0.34110193,  0.35346475,  0.44546701, ..., -0.29418154,
         -0.26497771,  0.        ]]]), 'num': array([7.78786015e-01, 6.23967804e-01, 8.94902955e-07, 1.72020235e-02,
       1.76991918e-02, 1.71025898e-02, 4.38193209e-02, 4.47451477e-04,
       1.66650817e-02, 1.61803426e-02, 1.64305840e-02, 6.78674198e-06,
       1.70231712e-02, 1.53375140e-02])}
{'img': array([[[ 0.        ,  0.        , -0.04192309, ...,  0.42999276,
          0.57247691,  0.85809939],
        [ 0.        ,  0.        , -0.04192309, ...,  0.42999276,
          0.57247691,  0.85809939],
        [ 0.04192309,  0.04192309,  0.        , ...,  0.46746425,
          0.60634723,  0.8788718 ],
        ...,
        [-0.42999276, -0.42999276, -0.46746425, ...,  0.        ,
          0.16429064,  0.55392563],
        [-0.57247691, -0.57247691, -0.60634723, ..., -0.16429064,
          0.        ,  0.40961605],
        [-0.85809939, -0.85809939, -0.8788718 , ..., -0.55392563,
         -0.40961605,  0.        ]],

       [[ 0.        ,  0.49175995, -0.07636099, ...,  0.14122646,
          0.82084525,  0.96354913],
        [-0.49175995,  0.        , -0.55681399, ..., -0.36386096,
          0.43386624,  0.97055317],
        [ 0.07636099,  0.55681399,  0.        , ...,  0.21640976,
          0.86206221,  0.94030683],
        ...,
        [-0.14122646,  0.36386096, -0.21640976, ...,  0.        ,
          0.73195659,  0.9916743 ],
        [-0.82084525, -0.43386624, -0.86206221, ..., -0.73195659,
          0.        ,  0.76993363],
        [-0.96354913, -0.97055317, -0.94030683, ..., -0.9916743 ,
         -0.76993363,  0.        ]],

       [[ 0.        ,  0.05061566,  0.14441862, ...,  0.63253509,
          0.74950385,  0.87091921],
        [-0.05061566,  0.        ,  0.09414846, ...,  0.59252088,
          0.71503558,  0.84492901],
        [-0.14441862, -0.09414846,  0.        , ...,  0.51404723,
          0.64604144,  0.79081799],
        ...,
        [-0.63253509, -0.59252088, -0.51404723, ...,  0.        ,
          0.16177627,  0.36371021],
        [-0.74950385, -0.71503558, -0.64604144, ..., -0.16177627,
          0.        ,  0.20822266],
        [-0.87091921, -0.84492901, -0.79081799, ..., -0.36371021,
         -0.20822266,  0.        ]],

       ...,

       [[ 0.        ,  0.        ,  0.03730737, ...,  0.49096857,
          0.55225097,  0.8388691 ],
        [ 0.        ,  0.        ,  0.03730737, ...,  0.49096857,
          0.55225097,  0.8388691 ],
        [-0.03730737, -0.03730737,  0.        , ...,  0.45812545,
          0.52076418,  0.81797747],
        ...,
        [-0.49096857, -0.49096857, -0.45812545, ...,  0.        ,
          0.07179884,  0.4635532 ],
        [-0.55225097, -0.55225097, -0.52076418, ..., -0.07179884,
          0.        ,  0.3987381 ],
        [-0.8388691 , -0.8388691 , -0.81797747, ..., -0.4635532 ,
         -0.3987381 ,  0.        ]],

       [[ 0.        , -0.242734  , -0.32096355, ...,  0.18551109,
          0.21741773,  0.44436595],
        [ 0.242734  ,  0.        , -0.08147313, ...,  0.41848366,
          0.44784286,  0.64852837],
        [ 0.32096355,  0.08147313,  0.        , ...,  0.4910883 ,
          0.51920015,  0.70838894],
        ...,
        [-0.18551109, -0.41848366, -0.4910883 , ...,  0.        ,
          0.03257041,  0.27046347],
        [-0.21741773, -0.44784286, -0.51920015, ..., -0.03257041,
          0.        ,  0.23896346],
        [-0.44436595, -0.64852837, -0.70838894, ..., -0.27046347,
         -0.23896346,  0.        ]],

       [[ 0.        ,  0.10025475,  0.09851855, ..., -0.58870282,
         -0.35346475, -0.42664135],
        [-0.10025475,  0.        , -0.00174484, ..., -0.6667777 ,
         -0.44546701, -0.51516434],
        [-0.09851855,  0.00174484,  0.        , ..., -0.66547633,
         -0.44390418, -0.51366806],
        ...,
        [ 0.58870282,  0.6667777 ,  0.66547633, ...,  0.        ,
          0.26497771,  0.18755979],
        [ 0.35346475,  0.44546701,  0.44390418, ..., -0.26497771,
          0.        , -0.07941982],
        [ 0.42664135,  0.51516434,  0.51366806, ..., -0.18755979,
          0.07941982,  0.        ]]]), 'num': array([ 7.78885556e-01,  6.25125054e-01,  8.96562698e-07,  1.70845003e-02,
        1.75327816e-02,  1.70845003e-02,  1.77007377e-02, -1.49427116e-04,
