state_0,state_1,state_2,state_3,state_4,state_5,state_6,state_7,state_8,state_9,state_10,state_11,state_12,state_13,state_14,state_15,state_16,state_17,state_18,state_19,state_20,state_21,state_22,state_23,state_24,state_25,state_26,state_27,state_28,state_29,state_30,state_31,state_32,state_33,state_34,state_35,state_36,state_37,state_38,state_39,state_40,state_41,state_42,state_43,state_44,state_45,state_46,state_47,state_48,state_49,state_50,state_51,state_52,state_53,state_54,state_55,state_56,state_57,state_58,state_59,state_60,state_61,state_62,state_63,state_64,state_65,state_66,state_67,state_68,state_69,state_70,state_71,state_72,state_73,state_74,state_75,state_76,state_77,state_78,state_79,state_80,state_81,state_82,state_83,state_84,state_85,state_86,state_87,state_88,state_89,state_90,state_91,state_92,state_93,state_94,state_95,state_96,state_97,state_98,state_99,state_100,state_101,state_102,state_103,state_104,state_105,state_106,state_107,state_108,state_109,state_110,state_111,state_112,state_113,state_114,state_115,state_116,state_117,state_118,state_119,state_120,state_121,state_122,state_123,state_124,state_125,state_126,state_127,state_128,state_129,state_130,state_131,state_132,state_133,state_134,state_135,state_136,state_137,state_138,state_139,state_140,state_141,state_142,state_143,state_144,state_145,state_146,state_147,state_148,state_149,state_150,state_151,state_152,state_153,state_154,state_155,state_156,state_157,state_158,state_159,state_160,state_161,state_162,state_163,state_164,state_165,state_166,state_167,state_168,state_169,state_170,state_171,state_172,state_173,state_174,state_175,state_176,state_177,state_178,state_179,state_180,state_181,state_182,state_183,state_184,state_185,state_186,state_187,state_188,state_189,state_190,state_191,state_192,state_193,state_194,state_195,state_196,state_197,state_198,state_199,state_200,state_201,state_202,state_203,state_204,state_205,state_206,state_207,state_208,state_209,state_210,state_211,state_212,state_213,state_214,state_215,state_216,state_217,state_218,state_219,state_220,state_221,state_222,state_223,state_224,state_225,state_226,state_227,state_228,state_229,state_230,state_231,state_232,state_233,state_234,state_235,state_236,state_237,state_238,state_239,state_240,state_241,state_242,state_243,state_244,state_245,state_246,state_247,state_248,state_249,state_250,state_251,state_252,state_253,state_254,state_255,state_256,state_257,state_258,state_259,state_260,state_261,state_262,state_263,state_264,state_265,state_266,state_267,state_268,state_269,state_270,state_271,state_272,state_273,state_274,state_275,state_276,state_277,state_278,state_279,state_280,state_281,state_282,state_283,state_284,state_285,state_286,state_287
{'img': array([[[ 0.        , -0.39572897,  0.2831884 , ...,  0.99861923,
          0.98116725,  0.9579701 ],
        [ 0.39572897,  0.        ,  0.6396005 , ...,  0.93788778,
          0.97751102,  0.99329046],
        [-0.2831884 , -0.6396005 ,  0.        , ...,  0.94286357,
          0.88630177,  0.83751722],
        ...,
        [-0.99861923, -0.93788778, -0.94286357, ...,  0.        ,
         -0.14135062, -0.23614776],
        [-0.98116725, -0.97751102, -0.88630177, ...,  0.14135062,
          0.        , -0.09642393],
        [-0.9579701 , -0.99329046, -0.83751722, ...,  0.23614776,
          0.09642393,  0.        ]],

       [[ 0.        , -0.41015824,  0.1284401 , ..., -0.26135347,
         -0.71759829, -0.88445737],
        [ 0.41015824,  0.        ,  0.52390023, ...,  0.15754432,
         -0.36880227, -0.61524939],
        [-0.1284401 , -0.52390023,  0.        , ..., -0.38316468,
         -0.80110765, -0.9370645 ],
        ...,
        [ 0.26135347, -0.15754432,  0.38316468, ...,  0.        ,
         -0.51063533, -0.73176342],
        [ 0.71759829,  0.36880227,  0.80110765, ...,  0.51063533,
          0.        , -0.28114032],
        [ 0.88445737,  0.61524939,  0.9370645 , ...,  0.73176342,
          0.28114032,  0.        ]],

       [[ 0.        ,  0.49959102,  0.66742073, ...,  0.89462962,
          0.85615606,  0.84100108],
        [-0.49959102,  0.        ,  0.20612495, ...,  0.99820463,
          0.99980229,  0.99882222],
        [-0.66742073, -0.20612495,  0.        , ...,  0.96442281,
          0.98243088,  0.98737433],
        ...,
        [-0.89462962, -0.99820463, -0.96442281, ...,  0.        ,
          0.07973281,  0.10825809],
        [-0.85615606, -0.99980229, -0.98243088, ..., -0.07973281,
          0.        ,  0.02864923],
        [-0.84100108, -0.99882222, -0.98737433, ..., -0.10825809,
         -0.02864923,  0.        ]],

       ...,

       [[ 0.        ,  0.        ,  0.14514338, ..., -0.25612946,
         -0.14706983, -0.21335025],
        [ 0.        ,  0.        ,  0.14514338, ..., -0.25612946,
         -0.14706983, -0.21335025],
        [-0.14514338, -0.14514338,  0.        , ..., -0.39371896,
         -0.28907756, -0.35289257],
        ...,
        [ 0.25612946,  0.25612946,  0.39371896, ...,  0.        ,
          0.11118038,  0.04399886],
        [ 0.14706983,  0.14706983,  0.28907756, ..., -0.11118038,
          0.        , -0.06734663],
        [ 0.21335025,  0.21335025,  0.35289257, ..., -0.04399886,
          0.06734663,  0.        ]],

       [[ 0.        ,  0.34277713,  0.54489462, ...,  0.95212839,
          0.93358414,  0.91989552],
        [-0.34277713,  0.        ,  0.22446295, ...,  0.99923179,
          0.9998616 ,  0.99858995],
        [-0.54489462, -0.22446295,  0.        , ...,  0.9649374 ,
          0.97808203,  0.98502436],
        ...,
        [-0.95212839, -0.99923179, -0.9649374 , ...,  0.        ,
          0.05580787,  0.09217942],
        [-0.93358414, -0.9998616 , -0.97808203, ..., -0.05580787,
          0.        ,  0.0364655 ],
        [-0.91989552, -0.99858995, -0.98502436, ..., -0.09217942,
         -0.0364655 ,  0.        ]],

       [[ 0.        ,  0.01718304, -0.04299827, ...,  0.99389964,
          0.99412743,  0.99559893],
        [-0.01718304,  0.        , -0.06015907, ...,  0.99185782,
          0.99212118,  0.99384161],
        [ 0.04299827,  0.06015907,  0.        , ...,  0.99772264,
          0.9978611 ,  0.99870779],
        ...,
        [-0.99389964, -0.99185782, -0.99772264, ...,  0.        ,
          0.00208496,  0.01665812],
        [-0.99412743, -0.99212118, -0.9978611 , ..., -0.00208496,
          0.        ,  0.01457341],
        [-0.99559893, -0.99384161, -0.99870779, ..., -0.01665812,
         -0.01457341,  0.        ]]]), 'num': array([7.07106435e-01, 7.07106435e-01, 0.00000000e+00, 3.19861676e-04,
       3.22357345e-04, 3.17781951e-04, 4.23614987e-04, 1.66377985e-06,
       3.23688369e-04, 3.09733416e-04, 3.13476921e-04, 5.29017379e-07,
       3.31826751e-04, 2.87640081e-04])}
{'img': array([[[ 0.        ,  0.6396005 ,  0.7513851 , ...,  0.97751102,
          0.99329046,  0.98543232],
        [-0.6396005 ,  0.        ,  0.15554604, ...,  0.88630177,
          0.83751722,  0.8662848 ],
        [-0.7513851 , -0.15554604,  0.        , ...,  0.80347964,
          0.74233144,  0.77803784],
        ...,
        [-0.97751102, -0.88630177, -0.80347964, ...,  0.        ,
         -0.09642393, -0.04156889],
        [-0.99329046, -0.83751722, -0.74233144, ...,  0.09642393,
          0.        ,  0.05496539],
        [-0.98543232, -0.8662848 , -0.77803784, ...,  0.04156889,
         -0.05496539,  0.        ]],

       [[ 0.        ,  0.52390023,  0.89993158, ..., -0.36880227,
         -0.61524939, -0.09957358],
        [-0.52390023,  0.        ,  0.53810658, ..., -0.80110765,
         -0.9370645 , -0.6061113 ],
        [-0.89993158, -0.53810658,  0.        , ..., -0.99730276,
         -0.97771324, -0.93887628],
        ...,
        [ 0.36880227,  0.80110765,  0.99730276, ...,  0.        ,
         -0.28114032,  0.27441497],
        [ 0.61524939,  0.9370645 ,  0.97771324, ...,  0.28114032,
          0.        ,  0.53369463],
        [ 0.09957358,  0.6061113 ,  0.93887628, ..., -0.27441497,
         -0.53369463,  0.        ]],

       [[ 0.        ,  0.49356865,  0.54699855, ...,  0.87612462,
          0.86127253,  0.85739557],
        [-0.49356865,  0.        ,  0.06254551, ...,  0.99991347,
          0.99985822,  0.99970184],
        [-0.54699855, -0.06254551,  0.        , ...,  0.99713294,
          0.99895379,  0.99927177],
        ...,
        [-0.87612462, -0.99991347, -0.99713294, ...,  0.        ,
          0.02999058,  0.03756725],
        [-0.86127253, -0.99985822, -0.99895379, ..., -0.02999058,
          0.        ,  0.00758095],
        [-0.85739557, -0.99970184, -0.99927177, ..., -0.03756725,
         -0.00758095,  0.        ]],

       ...,

       [[ 0.        ,  0.14514338,  0.18615048, ..., -0.14706983,
         -0.21335025, -0.21842832],
        [-0.14514338,  0.        ,  0.04157281, ..., -0.28907756,
         -0.35289257, -0.35775391],
        [-0.18615048, -0.04157281,  0.        , ..., -0.32862553,
         -0.39148566, -0.39626597],
        ...,
        [ 0.14706983,  0.28907756,  0.32862553, ...,  0.        ,
         -0.06734663, -0.07253462],
        [ 0.21335025,  0.35289257,  0.39148566, ...,  0.06734663,
          0.        , -0.0052007 ],
        [ 0.21842832,  0.35775391,  0.39626597, ...,  0.07253462,
          0.0052007 ,  0.        ]],

       [[ 0.        ,  0.44418418,  0.62154975, ...,  0.94103301,
          0.92776056,  0.91127094],
        [-0.44418418,  0.        ,  0.20890584, ...,  0.99337894,
          0.9969725 ,  0.99935828],
        [-0.62154975, -0.20890584,  0.        , ...,  0.94746089,
          0.95873161,  0.96982533],
        ...,
        [-0.94103301, -0.99337894, -0.94746089, ...,  0.        ,
          0.03729588,  0.0792279 ],
        [-0.92776056, -0.9969725 , -0.95873161, ..., -0.03729588,
          0.        ,  0.04199414],
        [-0.91127094, -0.99935828, -0.96982533, ..., -0.0792279 ,
         -0.04199414,  0.        ]],

       [[ 0.        , -0.06015907, -0.11097612, ...,  0.99212118,
          0.99384161,  0.99564867],
        [ 0.06015907,  0.        , -0.05098765, ...,  0.9978611 ,
          0.99870779,  0.99945137],
        [ 0.11097612,  0.05098765,  0.        , ...,  0.99989622,
          0.99999999,  0.9998401 ],
        ...,
        [-0.99212118, -0.9978611 , -0.99989622, ...,  0.        ,
          0.01457341,  0.03228449],
        [-0.99384161, -0.99870779, -0.99999999, ..., -0.01457341,
          0.        ,  0.01771525],
        [-0.99564867, -0.99945137, -0.9998401 , ..., -0.03228449,
         -0.01771525,  0.        ]]]), 'num': array([9.57765751e-01, 2.87546863e-01, 1.73631836e-05, 4.33798633e-04,
       4.37170125e-04, 4.31550972e-04, 3.20876129e-04, 1.68574598e-06,
       4.33798633e-04, 4.19835037e-04, 4.24320995e-04, 6.60713627e-07,
       4.49797878e-04, 3.89872197e-04])}
{'img': array([[[ 0.        ,  0.48063075,  0.77597047, ...,  1.        ,
          0.99810471,  0.99418427],
        [-0.48063075,  0.        ,  0.37729933, ...,  0.87692308,
          0.90483833,  0.92358337],
        [-0.77597047, -0.37729933,  0.        , ...,  0.63076923,
          0.67732577,  0.7106669 ],
        ...,
        [-1.        , -0.87692308, -0.63076923, ...,  0.        ,
          0.06153846,  0.10769231],
        [-0.99810471, -0.90483833, -0.67732577, ..., -0.06153846,
          0.        ,  0.04630763],
        [-0.99418427, -0.92358337, -0.7106669 , ..., -0.10769231,
         -0.04630763,  0.        ]],

       [[ 0.        ,  0.53810658,  0.39225665, ..., -0.9370645 ,
         -0.6061113 , -0.79660748],
        [-0.53810658,  0.        , -0.16435643, ..., -0.97771324,
         -0.93887628, -0.99672574],
        [-0.39225665,  0.16435643,  0.        , ..., -0.99892311,
         -0.86952804, -0.96988196],
        ...,
        [ 0.9370645 ,  0.97771324,  0.99892311, ...,  0.        ,
          0.53369463,  0.28831208],
        [ 0.6061113 ,  0.93887628,  0.86952804, ..., -0.53369463,
          0.        , -0.26721311],
        [ 0.79660748,  0.99672574,  0.96988196, ..., -0.28831208,
          0.26721311,  0.        ]],

       [[ 0.        ,  0.26167224,  0.49727004, ...,  0.88059611,
          0.87681042,  0.92790276],
        [-0.26167224,  0.        ,  0.25291782, ...,  0.97391131,
          0.97208103,  0.9931289 ],
        [-0.49727004, -0.25291782,  0.        , ...,  0.99964166,
          0.99982251,  0.99043792],
        ...,
        [-0.88059611, -0.97391131, -0.99964166, ...,  0.        ,
          0.00793047, -0.11139719],
        [-0.87681042, -0.97208103, -0.99982251, ..., -0.00793047,
          0.        , -0.11927479],
        [-0.92790276, -0.9931289 , -0.99043792, ...,  0.11139719,
          0.11927479,  0.        ]],

       ...,

       [[ 0.        ,  0.04157281,  0.09521314, ..., -0.35289257,
         -0.35775391, -0.48198832],
        [-0.04157281,  0.        ,  0.05374689, ..., -0.39148566,
         -0.39626597, -0.51799679],
        [-0.09521314, -0.05374689,  0.        , ..., -0.44037684,
         -0.44504014, -0.56322222],
        ...,
        [ 0.35289257,  0.39148566,  0.44037684, ...,  0.        ,
         -0.0052007 , -0.14178246],
        [ 0.35775391,  0.39626597,  0.44504014, ...,  0.0052007 ,
          0.        , -0.13663238],
        [ 0.48198832,  0.51799679,  0.56322222, ...,  0.14178246,
          0.13663238,  0.        ]],

       [[ 0.        ,  0.47263005,  0.68512531, ...,  0.94086894,
          0.92518251,  0.90807672],
        [-0.47263005,  0.        ,  0.25949852, ...,  0.98926429,
          0.99470094,  0.99819183],
        [-0.68512531, -0.25949852,  0.        , ...,  0.9174531 ,
          0.93394674,  0.94839911],
        ...,
        [-0.94086894, -0.98926429, -0.9174531 , ...,  0.        ,
          0.04365612,  0.08640968],
        [-0.92518251, -0.99470094, -0.93394674, ..., -0.04365612,
          0.        ,  0.04283446],
        [-0.90807672, -0.99819183, -0.94839911, ..., -0.08640968,
         -0.04283446,  0.        ]],

       [[ 0.        , -0.05098765, -0.23121664, ...,  0.99870779,
          0.99945137,  0.99999885],
        [ 0.05098765,  0.        , -0.18130989, ...,  0.99999999,
          0.9998401 ,  0.99877556],
        [ 0.23121664,  0.18130989,  0.        , ...,  0.9833957 ,
          0.98002651,  0.97325226],
        ...,
        [-0.99870779, -0.99999999, -0.9833957 , ...,  0.        ,
          0.01771525,  0.04930418],
        [-0.99945137, -0.9998401 , -0.98002651, ..., -0.01771525,
          0.        ,  0.03160273],
        [-0.99999885, -0.99877556, -0.97325226, ..., -0.04930418,
         -0.03160273,  0.        ]]]), 'num': array([9.48727326e-01, 3.16092985e-01, 1.62840248e-05, 4.30656476e-04,
       4.32319242e-04, 4.27330943e-04, 5.01656598e-04, 2.77127719e-06,
       4.27330943e-04, 4.15442164e-04, 4.19248052e-04, 7.13524243e-07,
       4.45456977e-04, 3.85427351e-04])}
{'img': array([[[ 0.        ,  0.67512329,  0.67512329, ...,  1.        ,
          0.99878992,  0.99136286],
        [-0.67512329,  0.        ,  0.        , ...,  0.73770492,
          0.77001502,  0.81987402],
        [-0.67512329,  0.        ,  0.        , ...,  0.73770492,
          0.77001502,  0.81987402],
        ...,
        [-1.        , -0.73770492, -0.73770492, ...,  0.        ,
          0.04918033,  0.13114754],
        [-0.99878992, -0.77001502, -0.77001502, ..., -0.04918033,
          0.        ,  0.08223329],
        [-0.99136286, -0.81987402, -0.81987402, ..., -0.13114754,
         -0.08223329,  0.        ]],

       [[ 0.        , -0.16435643, -0.6423119 , ..., -0.93887628,
         -0.99672574, -0.95654776],
        [ 0.16435643,  0.        , -0.50760722, ..., -0.86952804,
         -0.96988196, -0.89561735],
        [ 0.6423119 ,  0.50760722,  0.        , ..., -0.49847657,
         -0.71199859, -0.54585715],
        ...,
        [ 0.93887628,  0.86952804,  0.49847657, ...,  0.        ,
         -0.26721311, -0.05554261],
        [ 0.99672574,  0.96988196,  0.71199859, ...,  0.26721311,
          0.        ,  0.21327767],
        [ 0.95654776,  0.89561735,  0.54585715, ...,  0.05554261,
         -0.21327767,  0.        ]],

       [[ 0.        ,  0.43442249,  0.62999925, ...,  0.8817959 ,
          0.93229371,  0.93898004],
        [-0.43442249,  0.        ,  0.23007547, ...,  0.9991289 ,
          0.99685708,  0.99517699],
        [-0.62999925, -0.23007547,  0.        , ...,  0.98192625,
          0.9518874 ,  0.94590977],
        ...,
        [-0.8817959 , -0.9991289 , -0.98192625, ...,  0.        ,
         -0.12075136, -0.13953952],
        [-0.93229371, -0.99685708, -0.9518874 , ...,  0.12075136,
          0.        , -0.01894849],
        [-0.93898004, -0.99517699, -0.94590977, ...,  0.13953952,
          0.01894849,  0.        ]],

       ...,

       [[ 0.        ,  0.05374689,  0.0404667 , ..., -0.39626597,
         -0.51799679, -0.37500143],
        [-0.05374689,  0.        , -0.01329465, ..., -0.44504014,
         -0.56322222, -0.42428407],
        [-0.0404667 ,  0.01329465,  0.        , ..., -0.43309531,
         -0.552187  , -0.41220788],
        ...,
        [ 0.39626597,  0.44504014,  0.43309531, ...,  0.        ,
         -0.13663238,  0.02304593],
        [ 0.51799679,  0.56322222,  0.552187  , ...,  0.13663238,
          0.        ,  0.15942589],
        [ 0.37500143,  0.42428407,  0.41220788, ..., -0.02304593,
         -0.15942589,  0.        ]],

       [[ 0.        ,  0.54641004,  0.71276662, ...,  0.94029521,
          0.92411245,  0.90188988],
        [-0.54641004,  0.        ,  0.21370203, ...,  0.97349009,
          0.98275518,  0.9913794 ],
        [-0.71276662, -0.21370203,  0.        , ...,  0.90212149,
          0.92053649,  0.94047767],
        ...,
        [-0.94029521, -0.97349009, -0.90212149, ...,  0.        ,
          0.04477533,  0.09920836],
        [-0.92411245, -0.98275518, -0.92053649, ..., -0.04477533,
          0.        ,  0.05455443],
        [-0.90188988, -0.9913794 , -0.94047767, ..., -0.09920836,
         -0.05455443,  0.        ]],

       [[ 0.        , -0.18130989, -0.11289567, ...,  0.9998401 ,
          0.99877556,  0.99746242],
        [ 0.18130989,  0.        ,  0.0691262 , ...,  0.98002651,
          0.97325226,  0.96802214],
        [ 0.11289567, -0.0691262 ,  0.        , ...,  0.99142913,
          0.98680516,  0.98304788],
        ...,
        [-0.9998401 , -0.98002651, -0.99142913, ...,  0.        ,
          0.03160273,  0.05334661],
        [-0.99877556, -0.97325226, -0.98680516, ..., -0.03160273,
          0.        ,  0.02176223],
        [-0.99746242, -0.96802214, -0.98304788, ..., -0.05334661,
         -0.02176223,  0.        ]]]), 'num': array([8.20944442e-01, 5.71006868e-01, 6.31953410e-06, 3.77549205e-04,
       3.78026511e-04, 3.68480387e-04, 5.49837651e-04, 6.68228681e-06,
       3.69816844e-04, 3.59220647e-04, 3.61702639e-04, 6.79554591e-07,
       3.86062745e-04, 3.32378548e-04])}
{'img': array([[[ 0.        ,  0.        , -0.13079805, ...,  0.77001502,
          0.81987402,  0.93154373],
        [ 0.        ,  0.        , -0.13079805, ...,  0.77001502,
          0.81987402,  0.93154373],
        [ 0.13079805,  0.13079805,  0.        , ...,  0.84685237,
          0.88771814,  0.97110288],
        ...,
        [-0.77001502, -0.77001502, -0.84685237, ...,  0.        ,
          0.08223329,  0.31434887],
        [-0.81987402, -0.81987402, -0.88771814, ..., -0.08223329,
          0.        ,  0.23521952],
        [-0.93154373, -0.93154373, -0.97110288, ..., -0.31434887,
         -0.23521952,  0.        ]],

       [[ 0.        , -0.50760722, -0.7410708 , ..., -0.96988196,
         -0.89561735, -0.8384803 ],
        [ 0.50760722,  0.        , -0.29767701, ..., -0.71199859,
         -0.54585715, -0.4458137 ],
        [ 0.7410708 ,  0.29767701,  0.        , ..., -0.4706982 ,
         -0.27169452, -0.15914511],
        ...,
        [ 0.96988196,  0.71199859,  0.4706982 , ...,  0.        ,
          0.21327767,  0.32428642],
        [ 0.89561735,  0.54585715,  0.27169452, ..., -0.21327767,
          0.        ,  0.1150732 ],
        [ 0.8384803 ,  0.4458137 ,  0.15914511, ..., -0.32428642,
         -0.1150732 ,  0.        ]],

       [[ 0.        ,  0.49410368,  0.6779862 , ...,  0.94455327,
          0.95083384,  0.924741  ],
        [-0.49410368,  0.        ,  0.22624015, ...,  0.98344044,
          0.97968242,  0.99202697],
        [-0.6779862 , -0.22624015,  0.        , ...,  0.91693948,
          0.90890717,  0.93779317],
        ...,
        [-0.94455327, -0.98344044, -0.91693948, ...,  0.        ,
         -0.01968454,  0.05584786],
        [-0.95083384, -0.97968242, -0.90890717, ...,  0.01968454,
          0.        ,  0.07549085],
        [-0.924741  , -0.99202697, -0.93779317, ..., -0.05584786,
         -0.07549085,  0.        ]],

       ...,

       [[ 0.        , -0.01329465, -0.13652453, ..., -0.56322222,
         -0.42428407, -0.21685948],
        [ 0.01329465,  0.        , -0.12334229, ..., -0.552187  ,
         -0.41220788, -0.20386204],
        [ 0.13652453,  0.12334229,  0.        , ..., -0.44513764,
         -0.29668443, -0.08155333],
        ...,
        [ 0.56322222,  0.552187  ,  0.44513764, ...,  0.        ,
          0.15942589,  0.37062695],
        [ 0.42428407,  0.41220788,  0.29668443, ..., -0.15942589,
          0.        ,  0.21781473],
        [ 0.21685948,  0.20386204,  0.08155333, ..., -0.37062695,
         -0.21781473,  0.        ]],

       [[ 0.        ,  0.52379005,  0.66858972, ...,  0.94485646,
          0.9242707 ,  0.88376016],
        [-0.52379005,  0.        ,  0.18002963, ...,  0.97640677,
          0.987288  ,  0.99793118],
        [-0.66858972, -0.18002963,  0.        , ...,  0.92157796,
          0.9425427 ,  0.97005185],
        ...,
        [-0.94485646, -0.97640677, -0.92157796, ...,  0.        ,
          0.05800276,  0.15271827],
        [-0.9242707 , -0.987288  , -0.9425427 , ..., -0.05800276,
          0.        ,  0.09513878],
        [-0.88376016, -0.99793118, -0.97005185, ..., -0.15271827,
         -0.09513878,  0.        ]],

       [[ 0.        ,  0.0691262 ,  0.2323828 , ...,  0.97325226,
          0.96802214,  0.96455578],
        [-0.0691262 ,  0.        ,  0.16459309, ...,  0.98680516,
          0.98304788,  0.98048944],
        [-0.2323828 , -0.16459309,  0.        , ...,  0.99999631,
          0.99981862,  0.99947144],
        ...,
        [-0.97325226, -0.98680516, -0.99999631, ...,  0.        ,
          0.02176223,  0.03522474],
        [-0.96802214, -0.98304788, -0.99981862, ..., -0.02176223,
          0.        ,  0.01346767],
        [-0.96455578, -0.98048944, -0.99947144, ..., -0.03522474,
         -0.01346767,  0.        ]]]), 'num': array([7.43954167e-01, 6.68229778e-01, 1.91223203e-06, 3.42644292e-04,
       3.45240082e-04, 3.38317975e-04, 5.15065322e-04, 4.32631682e-07,
       3.37539238e-04, 3.27415657e-04, 3.28338604e-04, 6.13100898e-07,
       3.51130188e-04, 3.03701126e-04])}
{'img': array([[[ 0.        , -0.13079805,  0.07015421, ...,  0.81987402,
          0.93154373,  0.93781199],
        [ 0.13079805,  0.        ,  0.2000273 , ...,  0.88771814,
          0.97110288,  0.97516098],
        [-0.07015421, -0.2000273 ,  0.        , ...,  0.77768761,
          0.90373843,  0.91114779],
        ...,
        [-0.81987402, -0.88771814, -0.77768761, ...,  0.        ,
          0.23521952,  0.25232459],
        [-0.93154373, -0.97110288, -0.90373843, ..., -0.23521952,
          0.        ,  0.01763649],
        [-0.93781199, -0.97516098, -0.91114779, ..., -0.25232459,
         -0.01763649,  0.        ]],

       [[ 0.        , -0.29767701, -0.23425052, ..., -0.54585715,
         -0.4458137 , -0.43111711],
        [ 0.29767701,  0.        ,  0.06576336, ..., -0.27169452,
         -0.15914511, -0.14298035],
        [ 0.23425052, -0.06576336,  0.        , ..., -0.33439595,
         -0.22372582, -0.20775852],
        ...,
        [ 0.54585715,  0.27169452,  0.33439595, ...,  0.        ,
          0.1150732 ,  0.13130106],
        [ 0.4458137 ,  0.15914511,  0.22372582, ..., -0.1150732 ,
          0.        ,  0.01635188],
        [ 0.43111711,  0.14298035,  0.20775852, ..., -0.13130106,
         -0.01635188,  0.        ]],

       [[ 0.        ,  0.51649961,  0.66313141, ...,  0.96520969,
          0.94138813,  0.89547601],
        [-0.51649961,  0.        ,  0.18122958, ...,  0.96154972,
          0.98032723,  0.99668387],
        [-0.66313141, -0.18122958,  0.        , ...,  0.89585599,
          0.92832287,  0.96543275],
        ...,
        [-0.96520969, -0.96154972, -0.89585599, ...,  0.        ,
          0.07943831,  0.19547785],
        [-0.94138813, -0.98032723, -0.92832287, ..., -0.07943831,
          0.        ,  0.11695431],
        [-0.89547601, -0.99668387, -0.96543275, ..., -0.19547785,
         -0.11695431,  0.        ]],

       ...,

       [[ 0.        , -0.12334229, -0.11066017, ..., -0.41220788,
         -0.20386204, -0.21512978],
        [ 0.12334229,  0.        ,  0.01276957, ..., -0.29668443,
         -0.08155333, -0.0930328 ],
        [ 0.11066017, -0.01276957,  0.        , ..., -0.30885487,
         -0.09427372, -0.10573941],
        ...,
        [ 0.41220788,  0.29668443,  0.30885487, ...,  0.        ,
          0.21781473,  0.20655367],
        [ 0.20386204,  0.08155333,  0.09427372, ..., -0.21781473,
          0.        , -0.01152327],
        [ 0.21512978,  0.0930328 ,  0.10573941, ..., -0.20655367,
          0.01152327,  0.        ]],

       [[ 0.        ,  0.46913486,  0.6424079 , ...,  0.94318251,
          0.90501767,  0.87957722],
        [-0.46913486,  0.        ,  0.20779992, ...,  0.98883135,
          0.99880288,  0.99997178],
        [-0.6424079 , -0.20779992,  0.        , ...,  0.93627624,
          0.96683556,  0.97970485],
        ...,
        [-0.94318251, -0.98883135, -0.93627624, ...,  0.        ,
          0.10049043,  0.15646325],
        [-0.90501767, -0.99880288, -0.96683556, ..., -0.10049043,
          0.        ,  0.05641847],
        [-0.87957722, -0.99997178, -0.97970485, ..., -0.15646325,
         -0.05641847,  0.        ]],

       [[ 0.        ,  0.2222638 ,  0.36496214, ...,  0.96825417,
          0.9647965 ,  0.94086873],
        [-0.2222638 ,  0.        ,  0.14890062, ...,  0.99959358,
          0.99911846,  0.99263098],
        [-0.36496214, -0.14890062,  0.        , ...,  0.99269504,
          0.99423127,  0.99960855],
        ...,
        [-0.96825417, -0.99959358, -0.99269504, ...,  0.        ,
          0.0134805 ,  0.09282996],
        [-0.9647965 , -0.99911846, -0.99423127, ..., -0.0134805 ,
          0.        ,  0.07939924],
        [-0.94086873, -0.99263098, -0.99960855, ..., -0.09282996,
         -0.07939924,  0.        ]]]), 'num': array([ 7.44208854e-01,  6.67946249e-01,  1.93069886e-06,  3.41984776e-04,
        3.45447913e-04,  3.39820315e-04,  2.95007323e-04, -8.65784243e-07,
        3.39560580e-04,  3.29387615e-04,  3.29012442e-04,  5.40347613e-07,
        3.51804406e-04,  3.06970824e-04])}
{'img': array([[[ 0.        ,  0.2000273 ,  0.34265005, ...,  0.97110288,
          0.97516098,  0.96677324],
        [-0.2000273 ,  0.        ,  0.14780693, ...,  0.90373843,
          0.91114779,  0.89610099],
        [-0.34265005, -0.14780693,  0.        , ...,  0.83053804,
          0.84023171,  0.82065429],
        ...,
        [-0.97110288, -0.90373843, -0.83053804, ...,  0.        ,
          0.01763649, -0.01751702],
        [-0.97516098, -0.91114779, -0.84023171, ..., -0.01763649,
          0.        , -0.03514808],
        [-0.96677324, -0.89610099, -0.82065429, ...,  0.01751702,
          0.03514808,  0.        ]],

       [[ 0.        ,  0.06576336,  0.42756357, ..., -0.15914511,
         -0.14298035, -0.3948972 ],
        [-0.06576336,  0.        ,  0.36718889, ..., -0.22372582,
         -0.20775852, -0.45446081],
        [-0.42756357, -0.36718889,  0.        , ..., -0.5659792 ,
         -0.55242272, -0.74979473],
        ...,
        [ 0.15914511,  0.22372582,  0.5659792 , ...,  0.        ,
          0.01635188, -0.24365367],
        [ 0.14298035,  0.20775852,  0.55242272, ..., -0.01635188,
          0.        , -0.25948016],
        [ 0.3948972 ,  0.45446081,  0.74979473, ...,  0.24365367,
          0.25948016,  0.        ]],

       [[ 0.        ,  0.46773081,  0.63557029, ...,  0.9582232 ,
          0.91557356,  0.87032766],
        [-0.46773081,  0.        ,  0.20065382, ...,  0.98072674,
          0.99734709,  0.9996022 ],
        [-0.63557029, -0.20065382,  0.        , ...,  0.92157629,
          0.9624571 ,  0.98493166],
        ...,
        [-0.9582232 , -0.98072674, -0.92157629, ...,  0.        ,
          0.12347625,  0.22296674],
        [-0.91557356, -0.99734709, -0.9624571 , ..., -0.12347625,
          0.        ,  0.10089263],
        [-0.87032766, -0.9996022 , -0.98493166, ..., -0.22296674,
         -0.10089263,  0.        ]],

       ...,

       [[ 0.        ,  0.01276957,  0.11397958, ..., -0.08155333,
         -0.0930328 , -0.35116545],
        [-0.01276957,  0.        ,  0.10128393, ..., -0.09427372,
         -0.10573941, -0.36309314],
        [-0.11397958, -0.10128393,  0.        , ..., -0.19462177,
         -0.20591177, -0.45559754],
        ...,
        [ 0.08155333,  0.09427372,  0.19462177, ...,  0.        ,
         -0.01152327, -0.27363623],
        [ 0.0930328 ,  0.10573941,  0.20591177, ...,  0.01152327,
          0.        , -0.2625346 ],
        [ 0.35116545,  0.36309314,  0.45559754, ...,  0.27363623,
          0.2625346 ,  0.        ]],

       [[ 0.        ,  0.48233   ,  0.65624137, ...,  0.92093735,
          0.89641301,  0.88593239],
        [-0.48233   ,  0.        ,  0.210918  , ...,  0.99470068,
          0.99902664,  0.99977916],
        [-0.65624137, -0.210918  ,  0.        , ...,  0.95063849,
          0.96724848,  0.9728554 ],
        ...,
        [-0.92093735, -0.99470068, -0.95063849, ...,  0.        ,
          0.0588359 ,  0.08188673],
        [-0.89641301, -0.99902664, -0.96724848, ..., -0.0588359 ,
          0.        ,  0.02310656],
        [-0.88593239, -0.99977916, -0.9728554 , ..., -0.08188673,
         -0.02310656,  0.        ]],

       [[ 0.        ,  0.29505917,  0.43955298, ...,  0.96729257,
          0.94384212,  0.90390986],
        [-0.29505917,  0.        ,  0.15495657, ...,  0.99907341,
          0.99930792,  0.98987047],
        [-0.43955298, -0.15495657,  0.        , ...,  0.98033678,
          0.99300163,  0.99991382],
        ...,
        [-0.96729257, -0.99907341, -0.98033678, ...,  0.        ,
          0.08017224,  0.18444448],
        [-0.94384212, -0.99930792, -0.99300163, ..., -0.08017224,
          0.        ,  0.10505403],
        [-0.90390986, -0.98987047, -0.99991382, ..., -0.18444448,
         -0.10505403,  0.        ]]]), 'num': array([7.28700819e-01, 6.84831323e-01, 1.11062015e-06, 3.34881647e-04,
       3.41240159e-04, 3.34033845e-04, 5.50808246e-04, 0.00000000e+00,
       3.34033845e-04, 3.24178151e-04, 3.22680368e-04, 5.12477109e-07,
       3.44651946e-04, 3.03704356e-04])}
{'img': array([[[ 0.        ,  0.14780693,  0.29640947, ...,  0.91114779,
          0.89610099,  0.89610099],
        [-0.14780693,  0.        ,  0.15198915, ...,  0.84023171,
          0.82065429,  0.82065429],
        [-0.29640947, -0.15198915,  0.        , ...,  0.74805733,
          0.72426966,  0.72426966],
        ...,
        [-0.91114779, -0.84023171, -0.74805733, ...,  0.        ,
         -0.03514808, -0.03514808],
        [-0.89610099, -0.82065429, -0.72426966, ...,  0.03514808,
          0.        ,  0.        ],
        [-0.89610099, -0.82065429, -0.72426966, ...,  0.03514808,
          0.        ,  0.        ]],

       [[ 0.        ,  0.36718889,  0.69523212, ..., -0.20775852,
         -0.45446081, -0.16421893],
        [-0.36718889,  0.        ,  0.38273767, ..., -0.55242272,
         -0.74979473, -0.51495155],
        [-0.69523212, -0.38273767,  0.        , ..., -0.82939602,
         -0.94594939, -0.80383174],
        ...,
        [ 0.20775852,  0.55242272,  0.82939602, ...,  0.        ,
         -0.25948016,  0.04430227],
        [ 0.45446081,  0.74979473,  0.94594939, ...,  0.25948016,
          0.        ,  0.30201025],
        [ 0.16421893,  0.51495155,  0.80383174, ..., -0.04430227,
         -0.30201025,  0.        ]],

       [[ 0.        ,  0.24767534,  0.36988391, ...,  0.99914597,
          0.98959143,  0.97191281],
        [-0.24767534,  0.        ,  0.12824977, ...,  0.97824955,
          0.99440067,  0.99991922],
        [-0.36988391, -0.12824977,  0.        , ...,  0.94356804,
          0.97263595,  0.99003172],
        ...,
        [-0.99914597, -0.97824955, -0.94356804, ...,  0.        ,
          0.10289298,  0.19498103],
        [-0.98959143, -0.99440067, -0.97263595, ..., -0.10289298,
          0.        ,  0.093028  ],
        [-0.97191281, -0.99991922, -0.99003172, ..., -0.19498103,
         -0.093028  ,  0.        ]],

       ...,

       [[ 0.        ,  0.10128393,  0.08857644, ..., -0.10573941,
         -0.36309314, -0.4148333 ],
        [-0.10128393,  0.        , -0.01276488, ..., -0.20591177,
         -0.45559754, -0.50485804],
        [-0.08857644,  0.01276488,  0.        , ..., -0.19340366,
         -0.44419731, -0.49379823],
        ...,
        [ 0.10573941,  0.20591177,  0.19340366, ...,  0.        ,
         -0.2625346 , -0.31629568],
        [ 0.36309314,  0.45559754,  0.44419731, ...,  0.2625346 ,
          0.        , -0.0561446 ],
        [ 0.4148333 ,  0.50485804,  0.49379823, ...,  0.31629568,
          0.0561446 ,  0.        ]],

       [[ 0.        ,  0.4921085 ,  0.67628612, ...,  0.9136889 ,
          0.90360323,  0.90001396],
        [-0.4921085 ,  0.        ,  0.22622363, ...,  0.99539708,
          0.99742194,  0.99798357],
        [-0.67628612, -0.22622363,  0.        , ...,  0.94791128,
          0.95533038,  0.95775222],
        ...,
        [-0.9136889 , -0.99539708, -0.94791128, ...,  0.        ,
          0.02415998,  0.03246285],
        [-0.90360323, -0.99742194, -0.95533038, ..., -0.02415998,
          0.        ,  0.00830613],
        [-0.90001396, -0.99798357, -0.95775222, ..., -0.03246285,
         -0.00830613,  0.        ]],

       [[ 0.        ,  0.33719738,  0.47957149, ...,  0.94904129,
          0.90996103,  0.85593144],
        [-0.33719738,  0.        ,  0.15559325, ...,  0.99972806,
          0.99650188,  0.9801641 ],
        [-0.47957149, -0.15559325,  0.        , ...,  0.9839242 ,
          0.99736867,  0.99906354],
        ...,
        [-0.94904129, -0.99972806, -0.9839242 , ...,  0.        ,
          0.10678571,  0.22099084],
        [-0.90996103, -0.99650188, -0.99736867, ..., -0.10678571,
          0.        ,  0.11558169],
        [-0.85593144, -0.9801641 , -0.99906354, ..., -0.22099084,
         -0.11558169,  0.        ]]]), 'num': array([7.60726141e-01, 6.49071953e-01, 2.81244804e-06, 3.51113796e-04,
       3.55535884e-04, 3.43596247e-04, 6.23142969e-04, 1.76883525e-06,
       3.49964053e-04, 3.39373152e-04, 3.37110517e-04, 6.01403984e-07,
       3.60820006e-04, 3.17926299e-04])}
{'img': array([[[ 0.        ,  0.15198915,  0.07793337, ...,  0.82065429,
          0.82065429,  0.85903238],
        [-0.15198915,  0.        , -0.07449894, ...,  0.72426966,
          0.72426966,  0.7712458 ],
        [-0.07793337,  0.07449894,  0.        , ...,  0.77362525,
          0.77362525,  0.81652394],
        ...,
        [-0.82065429, -0.72426966, -0.77362525, ...,  0.        ,
          0.        ,  0.07076221],
        [-0.82065429, -0.72426966, -0.77362525, ...,  0.        ,
          0.        ,  0.07076221],
        [-0.85903238, -0.7712458 , -0.81652394, ..., -0.07076221,
         -0.07076221,  0.        ]],

       [[ 0.        ,  0.38273767,  0.28091098, ..., -0.74979473,
         -0.51495155, -0.47817216],
        [-0.38273767,  0.        , -0.1078047 , ..., -0.94594939,
         -0.80383174, -0.77790826],
        [-0.28091098,  0.1078047 ,  0.        , ..., -0.90547388,
         -0.73501873, -0.70563259],
        ...,
        [ 0.74979473,  0.94594939,  0.90547388, ...,  0.        ,
          0.30201025,  0.3421269 ],
        [ 0.51495155,  0.80383174,  0.73501873, ..., -0.30201025,
          0.        ,  0.0423661 ],
        [ 0.47817216,  0.77790826,  0.70563259, ..., -0.3421269 ,
         -0.0423661 ,  0.        ]],

       [[ 0.        ,  0.12824977,  0.21529351, ...,  0.99440067,
          0.99991922,  0.99672272],
        [-0.12824977,  0.        ,  0.08827336, ...,  0.97263595,
          0.99003172,  0.99886631],
        [-0.21529351, -0.08827336,  0.        , ...,  0.94833012,
          0.9737341 ,  0.99076489],
        ...,
        [-0.99440067, -0.97263595, -0.94833012, ...,  0.        ,
          0.093028  ,  0.18577012],
        [-0.99991922, -0.99003172, -0.9737341 , ..., -0.093028  ,
          0.        ,  0.09355584],
        [-0.99672272, -0.99886631, -0.99076489, ..., -0.18577012,
         -0.09355584,  0.        ]],

       ...,

       [[ 0.        , -0.01276488,  0.5907032 , ..., -0.45559754,
         -0.50485804, -0.29830212],
        [ 0.01276488,  0.        ,  0.60095491, ..., -0.44419731,
         -0.49379823, -0.2860941 ],
        [-0.5907032 , -0.60095491,  0.        , ..., -0.89345225,
         -0.91726077, -0.80450604],
        ...,
        [ 0.45559754,  0.44419731,  0.89345225, ...,  0.        ,
         -0.0561446 ,  0.16931054],
        [ 0.50485804,  0.49379823,  0.91726077, ...,  0.0561446 ,
          0.        ,  0.22437751],
        [ 0.29830212,  0.2860941 ,  0.80450604, ..., -0.16931054,
         -0.22437751,  0.        ]],

       [[ 0.        ,  0.51558597,  0.66194053, ...,  0.92131968,
          0.91789858,  0.88765575],
        [-0.51558597,  0.        ,  0.18071496, ...,  0.98988446,
          0.99108253,  0.99800832],
        [-0.66194053, -0.18071496,  0.        , ...,  0.94794743,
          0.95068469,  0.97017667],
        ...,
        [-0.92131968, -0.98988446, -0.94794743, ...,  0.        ,
          0.0087091 ,  0.07914892],
        [-0.91789858, -0.99108253, -0.95068469, ..., -0.0087091 ,
          0.        ,  0.07046414],
        [-0.88765575, -0.99800832, -0.97017667, ..., -0.07914892,
         -0.07046414,  0.        ]],

       [[ 0.        ,  0.3569061 ,  0.50684514, ...,  0.91780251,
          0.86456462,  0.84265042],
        [-0.3569061 ,  0.        ,  0.16579815, ...,  0.99906129,
          0.98697767,  0.97933371],
        [-0.50684514, -0.16579815,  0.        , ...,  0.99241622,
          0.99998746,  0.9993123 ],
        ...,
        [-0.91780251, -0.99906129, -0.99241622, ...,  0.        ,
          0.11795132,  0.15963731],
        [-0.86456462, -0.98697767, -0.99998746, ..., -0.11795132,
          0.        ,  0.04208426],
        [-0.84265042, -0.97933371, -0.9993123 , ..., -0.15963731,
         -0.04208426,  0.        ]]]), 'num': array([9.12518428e-01, 4.09033479e-01, 1.26028773e-05, 4.22386703e-04,
       4.25558568e-04, 4.18157549e-04, 5.98805840e-04, 2.64322092e-06,
       4.19214838e-04, 4.07611098e-04, 4.03575781e-04, 7.10636444e-07,
       4.32249490e-04, 3.82972706e-04])}
{'img': array([[[ 0.        , -0.07449894,  0.03623939, ...,  0.72426966,
          0.7712458 ,  0.82639846],
        [ 0.07449894,  0.        ,  0.11058868, ...,  0.77362525,
          0.81652394,  0.86605127],
        [-0.03623939, -0.11058868,  0.        , ...,  0.69880624,
          0.74767147,  0.80544975],
        ...,
        [-0.72426966, -0.77362525, -0.69880624, ...,  0.        ,
          0.07076221,  0.16198971],
        [-0.7712458 , -0.81652394, -0.74767147, ..., -0.07076221,
          0.        ,  0.09175602],
        [-0.82639846, -0.86605127, -0.80544975, ..., -0.16198971,
         -0.09175602,  0.        ]],

       [[ 0.        , -0.1078047 , -0.46608835, ..., -0.80383174,
         -0.77790826, -0.8429127 ],
        [ 0.1078047 ,  0.        , -0.3679931 , ..., -0.73501873,
