state_0,state_1,state_2,state_3,state_4,state_5,state_6,state_7,state_8,state_9,state_10,state_11,state_12,state_13,state_14,state_15,state_16,state_17,state_18,state_19,state_20,state_21,state_22,state_23,state_24,state_25,state_26,state_27,state_28,state_29,state_30,state_31,state_32,state_33,state_34,state_35,state_36,state_37,state_38,state_39,state_40,state_41,state_42,state_43,state_44,state_45,state_46,state_47,state_48,state_49,state_50,state_51,state_52,state_53,state_54,state_55,state_56,state_57,state_58,state_59,state_60,state_61,state_62,state_63,state_64,state_65,state_66,state_67,state_68,state_69,state_70,state_71,state_72,state_73,state_74,state_75,state_76,state_77,state_78,state_79,state_80,state_81,state_82,state_83,state_84,state_85,state_86,state_87,state_88,state_89,state_90,state_91,state_92,state_93,state_94,state_95,state_96,state_97,state_98,state_99,state_100,state_101,state_102,state_103,state_104,state_105,state_106,state_107,state_108,state_109,state_110,state_111,state_112,state_113,state_114,state_115,state_116,state_117,state_118,state_119,state_120,state_121,state_122,state_123,state_124,state_125,state_126,state_127,state_128,state_129,state_130,state_131,state_132,state_133,state_134,state_135,state_136,state_137,state_138,state_139,state_140,state_141,state_142,state_143,state_144,state_145,state_146,state_147,state_148,state_149,state_150,state_151,state_152,state_153,state_154,state_155,state_156,state_157,state_158,state_159,state_160,state_161,state_162,state_163,state_164,state_165,state_166,state_167,state_168,state_169,state_170,state_171,state_172,state_173,state_174,state_175,state_176,state_177,state_178,state_179,state_180,state_181,state_182,state_183,state_184,state_185,state_186,state_187,state_188,state_189,state_190,state_191,state_192,state_193,state_194,state_195,state_196,state_197,state_198,state_199,state_200,state_201,state_202,state_203,state_204,state_205,state_206,state_207,state_208,state_209,state_210,state_211,state_212,state_213,state_214,state_215,state_216,state_217,state_218,state_219,state_220,state_221,state_222,state_223,state_224,state_225,state_226,state_227,state_228,state_229,state_230,state_231,state_232,state_233,state_234,state_235,state_236,state_237,state_238,state_239,state_240,state_241,state_242,state_243,state_244,state_245,state_246,state_247,state_248,state_249,state_250,state_251,state_252,state_253,state_254,state_255,state_256,state_257,state_258,state_259,state_260,state_261,state_262,state_263,state_264,state_265,state_266,state_267,state_268,state_269,state_270,state_271,state_272,state_273,state_274,state_275,state_276,state_277,state_278,state_279,state_280,state_281,state_282,state_283,state_284,state_285,state_286,state_287
{'img': array([[[ 0.        ,  0.78624008,  0.28044021, ...,  0.        ,
         -0.18303255, -0.41093052],
        [-0.78624008,  0.        , -0.5813995 , ..., -0.78624008,
         -0.88605769, -0.97071152],
        [-0.28044021,  0.5813995 ,  0.        , ..., -0.28044021,
         -0.45139043, -0.65010848],
        ...,
        [ 0.        ,  0.78624008,  0.28044021, ...,  0.        ,
         -0.18303255, -0.41093052],
        [ 0.18303255,  0.88605769,  0.45139043, ...,  0.18303255,
          0.        , -0.23712393],
        [ 0.41093052,  0.97071152,  0.65010848, ...,  0.41093052,
          0.23712393,  0.        ]],

       [[ 0.        ,  0.72109837, -0.04251267, ..., -0.24649829,
         -0.24986122, -0.03731001],
        [-0.72109837,  0.        , -0.74990062, ..., -0.86962968,
         -0.87133835, -0.74644589],
        [ 0.04251267,  0.74990062,  0.        , ..., -0.20507457,
         -0.20847108,  0.0052068 ],
        ...,
        [ 0.24649829,  0.86962968,  0.20507457, ...,  0.        ,
         -0.00347153,  0.21016792],
        [ 0.24986122,  0.87133835,  0.20847108, ...,  0.00347153,
          0.        ,  0.21356065],
        [ 0.03731001,  0.74644589, -0.0052068 , ..., -0.21016792,
         -0.21356065,  0.        ]],

       [[ 0.        , -0.21318663, -0.54400734, ..., -0.94954564,
         -0.97282846, -0.99529606],
        [ 0.21318663,  0.        , -0.35262068, ..., -0.86085551,
         -0.9011061 , -0.95176214],
        [ 0.54400734,  0.35262068,  0.        , ..., -0.62612877,
         -0.69032891, -0.78242997],
        ...,
        [ 0.94954564,  0.86085551,  0.62612877, ...,  0.        ,
         -0.08526158, -0.2201615 ],
        [ 0.97282846,  0.9011061 ,  0.69032891, ...,  0.08526158,
          0.        , -0.13619025],
        [ 0.99529606,  0.95176214,  0.78242997, ...,  0.2201615 ,
          0.13619025,  0.        ]],

       ...,

       [[ 0.        ,  0.27923535, -0.06975058, ...,  0.50569435,
          0.2559782 ,  0.07835799],
        [-0.27923535,  0.        , -0.34553135, ...,  0.24467931,
         -0.02413587, -0.20313566],
        [ 0.06975058,  0.34553135,  0.        , ...,  0.56463743,
          0.32278143,  0.14770327],
        ...,
        [-0.50569435, -0.24467931, -0.56463743, ...,  0.        ,
         -0.26801027, -0.43653905],
        [-0.2559782 ,  0.02413587, -0.32278143, ...,  0.26801027,
          0.        , -0.17944383],
        [-0.07835799,  0.20313566, -0.14770327, ...,  0.43653905,
          0.17944383,  0.        ]],

       [[ 0.        , -0.29154383, -0.42642194, ..., -0.97552424,
         -0.9766311 , -0.98491242],
        [ 0.29154383,  0.        , -0.14418859, ..., -0.86903687,
         -0.87154444, -0.89167264],
        [ 0.42642194,  0.14418859,  0.        , ..., -0.78861871,
         -0.79173895, -0.81708346],
        ...,
        [ 0.97552424,  0.86903687,  0.78861871, ...,  0.        ,
         -0.00509115, -0.04775635],
        [ 0.9766311 ,  0.87154444,  0.79173895, ...,  0.00509115,
          0.        , -0.04267039],
        [ 0.98491242,  0.89167264,  0.81708346, ...,  0.04775635,
          0.04267039,  0.        ]],

       [[ 0.        ,  0.52050927,  0.87300915, ..., -0.53209158,
         -0.43884624, -0.30581192],
        [-0.52050927,  0.        ,  0.49156976, ..., -0.89503793,
         -0.84242144, -0.75669203],
        [-0.87300915, -0.49156976,  0.        , ..., -0.99866843,
         -0.99847999, -0.98033062],
        ...,
        [ 0.53209158,  0.89503793,  0.99866843, ...,  0.        ,
          0.10655204,  0.24767318],
        [ 0.43884624,  0.84242144,  0.99847999, ..., -0.10655204,
          0.        ,  0.14303095],
        [ 0.30581192,  0.75669203,  0.98033062, ..., -0.24767318,
         -0.14303095,  0.        ]]]), 'num': array([7.07106658e-01, 7.07106658e-01, 0.00000000e+00, 2.59589311e-05,
       2.62514261e-05, 2.54836267e-05, 5.85743171e-04, 2.19371249e-07,
       2.63318622e-05, 2.63044408e-05, 2.57809966e-05, 3.99442508e-07,
       2.80860924e-05, 2.45227892e-05])}
{'img': array([[[ 0.        , -0.5813995 , -0.7663214 , ..., -0.88605769,
         -0.97071152, -0.94527363],
        [ 0.5813995 ,  0.        , -0.24996864, ..., -0.45139043,
         -0.65010848, -0.57939361],
        [ 0.7663214 ,  0.24996864,  0.        , ..., -0.21400689,
         -0.43953357, -0.35726373],
        ...,
        [ 0.88605769,  0.45139043,  0.21400689, ...,  0.        ,
         -0.23712393, -0.1491035 ],
        [ 0.97071152,  0.65010848,  0.43953357, ...,  0.23712393,
          0.        ,  0.08962228],
        [ 0.94527363,  0.57939361,  0.35726373, ...,  0.1491035 ,
         -0.08962228,  0.        ]],

       [[ 0.        , -0.74990062, -0.80913407, ..., -0.87133835,
         -0.74644589, -0.80392383],
        [ 0.74990062,  0.        , -0.09462339, ..., -0.20847108,
          0.0052068 , -0.08584612],
        [ 0.80913407,  0.09462339,  0.        , ..., -0.11499133,
          0.09980554,  0.00881314],
        ...,
        [ 0.87133835,  0.20847108,  0.11499133, ...,  0.        ,
          0.21356065,  0.12374154],
        [ 0.74644589, -0.0052068 , -0.09980554, ..., -0.21356065,
          0.        , -0.09103253],
        [ 0.80392383,  0.08584612, -0.00881314, ..., -0.12374154,
          0.09103253,  0.        ]],

       [[ 0.        , -0.50950936, -0.84068256, ..., -0.9693086 ,
         -0.99397196, -0.99995033],
        [ 0.50950936,  0.        , -0.44746431, ..., -0.7087948 ,
         -0.79941837, -0.85534421],
        [ 0.84068256,  0.44746431,  0.        , ..., -0.31822855,
         -0.44609603, -0.53312245],
        ...,
        [ 0.9693086 ,  0.7087948 ,  0.31822855, ...,  0.        ,
         -0.13809549, -0.23617408],
        [ 0.99397196,  0.79941837,  0.44609603, ...,  0.13809549,
          0.        , -0.09972241],
        [ 0.99995033,  0.85534421,  0.53312245, ...,  0.23617408,
          0.09972241,  0.        ]],

       ...,

       [[ 0.        , -0.34553135, -0.52021312, ..., -0.02413587,
         -0.20313566,  0.07193267],
        [ 0.34553135,  0.        , -0.19307536, ...,  0.32278143,
          0.14770327,  0.41213839],
        [ 0.52021312,  0.19307536,  0.        , ...,  0.49944866,
          0.33588173,  0.58029863],
        ...,
        [ 0.02413587, -0.32278143, -0.49944866, ...,  0.        ,
         -0.17944383,  0.09598506],
        [ 0.20313566, -0.14770327, -0.33588173, ...,  0.17944383,
          0.        ,  0.27304235],
        [-0.07193267, -0.41213839, -0.58029863, ..., -0.09598506,
         -0.27304235,  0.        ]],

       [[ 0.        , -0.14418859, -0.16558585, ..., -0.87154444,
         -0.89167264, -0.89449084],
        [ 0.14418859,  0.        , -0.02165739, ..., -0.79173895,
         -0.81708346, -0.82067887],
        [ 0.16558585,  0.02165739,  0.        , ..., -0.77832362,
         -0.8044059 , -0.80811157],
        ...,
        [ 0.87154444,  0.79173895,  0.77832362, ...,  0.        ,
         -0.04267039, -0.04892807],
        [ 0.89167264,  0.81708346,  0.8044059 , ...,  0.04267039,
          0.        , -0.00626423],
        [ 0.89449084,  0.82067887,  0.80811157, ...,  0.04892807,
          0.00626423,  0.        ]],

       [[ 0.        ,  0.49156976,  0.73033456, ..., -0.84242144,
         -0.75669203, -0.72377784],
        [-0.49156976,  0.        ,  0.30021703, ..., -0.99847999,
         -0.98033062, -0.96949278],
        [-0.73033456, -0.30021703,  0.        , ..., -0.96896762,
         -0.99436039, -0.99836013],
        ...,
        [ 0.84242144,  0.99847999,  0.96896762, ...,  0.        ,
          0.14303095,  0.19131327],
        [ 0.75669203,  0.98033062,  0.99436039, ..., -0.14303095,
          0.        ,  0.0489572 ],
        [ 0.72377784,  0.96949278,  0.99836013, ..., -0.19131327,
         -0.0489572 ,  0.        ]]]), 'num': array([ 7.07106700e-01,  7.07106700e-01,  0.00000000e+00,  2.57761232e-05,
        2.62514276e-05,  2.57029995e-05,  4.74953406e-04, -1.82809385e-07,
        2.61124925e-05,  2.63227233e-05,  2.57389520e-05,  3.56954817e-07,
        2.80745638e-05,  2.45708828e-05])}
{'img': array([[[ 0.        , -0.24996864, -0.50411962, ..., -0.65010848,
         -0.57939361, -0.63864104],
        [ 0.24996864,  0.        , -0.27223442, ..., -0.43953357,
         -0.35726373, -0.42601462],
        [ 0.50411962,  0.27223442,  0.        , ..., -0.17840473,
         -0.08950231, -0.16362955],
        ...,
        [ 0.65010848,  0.43953357,  0.17840473, ...,  0.        ,
          0.08962228,  0.01499569],
        [ 0.57939361,  0.35726373,  0.08950231, ..., -0.08962228,
          0.        , -0.07467686],
        [ 0.63864104,  0.42601462,  0.16362955, ..., -0.01499569,
          0.07467686,  0.        ]],

       [[ 0.        , -0.09462339, -0.11051802, ...,  0.0052068 ,
         -0.08584612, -0.13058369],
        [ 0.09462339,  0.        , -0.0159784 , ...,  0.09980554,
          0.00881314, -0.03618463],
        [ 0.11051802,  0.0159784 ,  0.        , ...,  0.11569142,
          0.0247898 , -0.02021207],
        ...,
        [-0.0052068 , -0.09980554, -0.11569142, ...,  0.        ,
         -0.09103253, -0.13574413],
        [ 0.08584612, -0.00881314, -0.0247898 , ...,  0.09103253,
          0.        , -0.04499059],
        [ 0.13058369,  0.03618463,  0.02021207, ...,  0.13574413,
          0.04499059,  0.        ]],

       [[ 0.        , -0.75376605, -0.88939328, ..., -0.98122685,
         -0.99631976, -0.99977038],
        [ 0.75376605,  0.        , -0.23987967, ..., -0.49943705,
         -0.59011589, -0.67314409],
        [ 0.88939328,  0.23987967,  0.        , ..., -0.277035  ,
         -0.37922675, -0.47609632],
        ...,
        [ 0.98122685,  0.49943705,  0.277035  , ...,  0.        ,
         -0.10804222, -0.21383915],
        [ 0.99631976,  0.59011589,  0.37922675, ...,  0.10804222,
          0.        , -0.10704431],
        [ 0.99977038,  0.67314409,  0.47609632, ...,  0.21383915,
          0.10704431,  0.        ]],

       ...,

       [[ 0.        , -0.19307536, -0.2797068 , ...,  0.14770327,
          0.41213839,  0.14049893],
        [ 0.19307536,  0.        , -0.08907498, ...,  0.33588173,
          0.58029863,  0.3290155 ],
        [ 0.2797068 ,  0.08907498,  0.        , ...,  0.41844666,
          0.6505349 ,  0.41182333],
        ...,
        [-0.14770327, -0.33588173, -0.41844666, ...,  0.        ,
          0.27304235, -0.00728028],
        [-0.41213839, -0.58029863, -0.6505349 , ..., -0.27304235,
          0.        , -0.28003876],
        [-0.14049893, -0.3290155 , -0.41182333, ...,  0.00728028,
          0.28003876,  0.        ]],

       [[ 0.        , -0.02165739,  0.01147205, ..., -0.81708346,
         -0.82067887, -0.82382535],
        [ 0.02165739,  0.        ,  0.03312533, ..., -0.8044059 ,
         -0.80811157, -0.81135577],
        [-0.01147205, -0.03312533,  0.        , ..., -0.82364355,
         -0.82717988, -0.830274  ],
        ...,
        [ 0.81708346,  0.8044059 ,  0.82364355, ...,  0.        ,
         -0.00626423, -0.01179269],
        [ 0.82067887,  0.80811157,  0.82717988, ...,  0.00626423,
          0.        , -0.00552866],
        [ 0.82382535,  0.81135577,  0.830274  , ...,  0.01179269,
          0.00552866,  0.        ]],

       [[ 0.        ,  0.30021703, -0.05066836, ..., -0.98033062,
         -0.96949278, -0.961367  ],
        [-0.30021703,  0.        , -0.34816249, ..., -0.99436039,
         -0.99836013, -0.99966072],
        [ 0.05066836,  0.34816249,  0.        , ..., -0.9690714 ,
         -0.95582768, -0.94618469],
        ...,
        [ 0.98033062,  0.99436039,  0.9690714 , ...,  0.        ,
          0.0489572 ,  0.08011788],
        [ 0.96949278,  0.99836013,  0.95582768, ..., -0.0489572 ,
          0.        ,  0.03122199],
        [ 0.961367  ,  0.99966072,  0.94618469, ..., -0.08011788,
         -0.03122199,  0.        ]]]), 'num': array([9.51630247e-01, 3.07245045e-01, 1.81261663e-04, 3.47883826e-05,
       3.51798131e-05, 3.44948098e-05, 5.59716208e-04, 2.93572849e-07,
       3.47394538e-05, 3.53045815e-05, 3.44140772e-05, 4.84715296e-07,
       3.74741701e-05, 3.31349930e-05])}
{'img': array([[[ 0.        , -0.27223442, -0.45297477, ..., -0.35726373,
         -0.42601462, -0.34328358],
        [ 0.27223442,  0.        , -0.19316301, ..., -0.08950231,
         -0.16362955, -0.07462687],
        [ 0.45297477,  0.19316301,  0.        , ...,  0.10457109,
          0.03001167,  0.11940299],
        ...,
        [ 0.35726373,  0.08950231, -0.10457109, ...,  0.        ,
         -0.07467686,  0.01492537],
        [ 0.42601462,  0.16362955, -0.03001167, ...,  0.07467686,
          0.        ,  0.08955224],
        [ 0.34328358,  0.07462687, -0.11940299, ..., -0.01492537,
         -0.08955224,  0.        ]],

       [[ 0.        , -0.0159784 ,  0.12782319, ...,  0.00881314,
         -0.03618463, -0.06231119],
        [ 0.0159784 ,  0.        ,  0.1436542 , ...,  0.0247898 ,
         -0.02021207, -0.04635588],
        [-0.12782319, -0.1436542 ,  0.        , ..., -0.11907737,
         -0.16362728, -0.18937485],
        ...,
        [-0.00881314, -0.0247898 ,  0.11907737, ...,  0.        ,
         -0.04499059, -0.07110479],
        [ 0.03618463,  0.02021207,  0.16362728, ...,  0.04499059,
          0.        , -0.02615607],
        [ 0.06231119,  0.04635588,  0.18937485, ...,  0.07110479,
          0.02615607,  0.        ]],

       [[ 0.        , -0.65153254, -0.77364386, ..., -0.95062405,
         -0.98347675, -0.99589489],
        [ 0.65153254,  0.        , -0.17407774, ..., -0.51896332,
         -0.62813595, -0.69653154],
        [ 0.77364386,  0.17407774,  0.        , ..., -0.3622387 ,
         -0.483095  , -0.5609915 ],
        ...,
        [ 0.95062405,  0.51896332,  0.3622387 , ...,  0.        ,
         -0.13312119, -0.22302296],
        [ 0.98347675,  0.62813595,  0.483095  , ...,  0.13312119,
          0.        , -0.09126971],
        [ 0.99589489,  0.69653154,  0.5609915 , ...,  0.22302296,
          0.09126971,  0.        ]],

       ...,

       [[ 0.        , -0.08907498, -0.03206181, ...,  0.58029863,
          0.3290155 ,  0.36217571],
        [ 0.08907498,  0.        ,  0.05709482, ...,  0.6505349 ,
          0.41182333,  0.4437637 ],
        [ 0.03206181, -0.05709482,  0.        , ...,  0.60611155,
          0.3591231 ,  0.39187464],
        ...,
        [-0.58029863, -0.6505349 , -0.60611155, ...,  0.        ,
         -0.28003876, -0.24594479],
        [-0.3290155 , -0.41182333, -0.3591231 , ...,  0.28003876,
          0.        ,  0.03533282],
        [-0.36217571, -0.4437637 , -0.39187464, ...,  0.24594479,
         -0.03533282,  0.        ]],

       [[ 0.        ,  0.03312533,  0.11889879, ..., -0.80811157,
         -0.81135577, -0.83117626],
        [-0.03312533,  0.        ,  0.08594319, ..., -0.82717988,
         -0.830274  , -0.84913809],
        [-0.11889879, -0.08594319,  0.        , ..., -0.87241402,
         -0.87510292, -0.89138901],
        ...,
        [ 0.80811157,  0.82717988,  0.87241402, ...,  0.        ,
         -0.00552866, -0.04026997],
        [ 0.81135577,  0.830274  ,  0.87510292, ...,  0.00552866,
          0.        , -0.03474517],
        [ 0.83117626,  0.84913809,  0.89138901, ...,  0.04026997,
          0.03474517,  0.        ]],

       [[ 0.        , -0.34816249, -0.6194626 , ..., -0.99836013,
         -0.99966072, -0.9953192 ],
        [ 0.34816249,  0.        , -0.30738876, ..., -0.95582768,
         -0.94618469, -0.89939913],
        [ 0.6194626 ,  0.30738876,  0.        , ..., -0.8192003 ,
         -0.80089487, -0.7214855 ],
        ...,
        [ 0.99836013,  0.95582768,  0.8192003 , ...,  0.        ,
          0.03122199,  0.15346113],
        [ 0.99966072,  0.94618469,  0.80089487, ..., -0.03122199,
          0.        ,  0.12253416],
        [ 0.9953192 ,  0.89939913,  0.7214855 , ..., -0.15346113,
         -0.12253416,  0.        ]]]), 'num': array([ 9.89172323e-01,  1.46754510e-01,  2.42074084e-04,  3.60485178e-05,
        3.68254255e-05,  3.57377547e-05,  1.07678373e-03, -7.76907711e-07,
        3.65250212e-05,  3.73744403e-05,  3.63963998e-05,  5.17938474e-07,
        3.96649701e-05,  3.50839105e-05])}
{'img': array([[[ 0.        , -0.19316301, -0.23733552, ..., -0.16362955,
         -0.07462687, -0.29598889],
        [ 0.19316301,  0.        , -0.04522179, ...,  0.03001167,
          0.11940299, -0.1059068 ],
        [ 0.23733552,  0.04522179,  0.        , ...,  0.07518239,
          0.1641791 , -0.06083098],
        ...,
        [ 0.16362955, -0.03001167, -0.07518239, ...,  0.        ,
          0.08955224, -0.13570198],
        [ 0.07462687, -0.11940299, -0.1641791 , ..., -0.08955224,
          0.        , -0.2238806 ],
        [ 0.29598889,  0.1059068 ,  0.06083098, ...,  0.13570198,
          0.2238806 ,  0.        ]],

       [[ 0.        ,  0.1436542 , -0.06039812, ..., -0.02021207,
         -0.04635588,  0.08500907],
        [-0.1436542 ,  0.        , -0.20316361, ..., -0.16362728,
         -0.18937485, -0.05900684],
        [ 0.06039812,  0.20316361,  0.        , ...,  0.04021061,
          0.01406194,  0.14503336],
        ...,
        [ 0.02021207,  0.16362728, -0.04021061, ...,  0.        ,
         -0.02615607,  0.10513061],
        [ 0.04635588,  0.18937485, -0.01406194, ...,  0.02615607,
          0.        ,  0.13110577],
        [-0.08500907,  0.05900684, -0.14503336, ..., -0.10513061,
         -0.13110577,  0.        ]],

       [[ 0.        , -0.18353665, -0.53305965, ..., -0.64661052,
         -0.71468233, -0.78420208],
        [ 0.18353665,  0.        , -0.36871824, ..., -0.49562098,
         -0.57416737, -0.65699524],
        [ 0.53305965,  0.36871824,  0.        , ..., -0.14045399,
         -0.23182862, -0.33272941],
        ...,
        [ 0.64661052,  0.49562098,  0.14045399, ...,  0.        ,
         -0.092903  , -0.19697989],
        [ 0.71468233,  0.57416737,  0.23182862, ...,  0.092903  ,
          0.        , -0.10504518],
        [ 0.78420208,  0.65699524,  0.33272941, ...,  0.19697989,
          0.10504518,  0.        ]],

       ...,

       [[ 0.        ,  0.05709482, -0.02746009, ...,  0.41182333,
          0.4437637 ,  0.4641849 ],
        [-0.05709482,  0.        , -0.08448859, ...,  0.3591231 ,
          0.39187464,  0.41285663],
        [ 0.02746009,  0.08448859,  0.        , ...,  0.43669141,
          0.46820455,  0.48833231],
        ...,
        [-0.41182333, -0.3591231 , -0.43669141, ...,  0.        ,
          0.03533282,  0.05822715],
        [-0.4437637 , -0.39187464, -0.46820455, ..., -0.03533282,
          0.        ,  0.02291792],
        [-0.4641849 , -0.41285663, -0.48833231, ..., -0.05822715,
         -0.02291792,  0.        ]],

       [[ 0.        ,  0.08594319,  0.18784313, ..., -0.830274  ,
         -0.84913809, -0.84977094],
        [-0.08594319,  0.        ,  0.1027348 , ..., -0.87510292,
         -0.89138901, -0.89193196],
        [-0.18784313, -0.1027348 ,  0.        , ..., -0.92018971,
         -0.9332359 , -0.93366611],
        ...,
        [ 0.830274  ,  0.87510292,  0.92018971, ...,  0.        ,
         -0.03474517, -0.03594377],
        [ 0.84913809,  0.89138901,  0.9332359 , ...,  0.03474517,
          0.        , -0.00119935],
        [ 0.84977094,  0.89193196,  0.93366611, ...,  0.03594377,
          0.00119935,  0.        ]],

       [[ 0.        , -0.53843001, -0.77671758, ..., -0.99998539,
         -0.99124225, -0.99068635],
        [ 0.53843001,  0.        , -0.31538717, ..., -0.83974763,
         -0.76418742, -0.76150727],
        [ 0.77671758,  0.31538717,  0.        , ..., -0.62564156,
         -0.52176274, -0.51822209],
        ...,
        [ 0.99998539,  0.83974763,  0.62564156, ...,  0.        ,
          0.12669629,  0.13080692],
        [ 0.99124225,  0.76418742,  0.52176274, ..., -0.12669629,
          0.        ,  0.00414512],
        [ 0.99068635,  0.76150727,  0.51822209, ..., -0.13080692,
         -0.00414512,  0.        ]]]), 'num': array([ 9.99997036e-01,  2.19009054e-03,  2.94773091e-04,  3.64415804e-05,
        3.71413449e-05,  3.60647842e-05,  1.01604724e-03, -1.02273269e-06,
        3.76688596e-05,  3.87588774e-05,  3.77908699e-05,  1.73405754e-07,
        4.13442991e-05,  3.61734557e-05])}
{'img': array([[[ 0.        , -0.04522179, -0.76428882, ...,  0.11940299,
         -0.1059068 , -0.40094582],
        [ 0.04522179,  0.        , -0.73434457, ...,  0.1641791 ,
         -0.06083098, -0.35910787],
        [ 0.76428882,  0.73434457,  0.        , ...,  0.8358209 ,
          0.69169396,  0.44160677],
        ...,
        [-0.11940299, -0.1641791 , -0.8358209 , ...,  0.        ,
         -0.2238806 , -0.50746269],
        [ 0.1059068 ,  0.06083098, -0.69169396, ...,  0.2238806 ,
          0.        , -0.30166952],
        [ 0.40094582,  0.35910787, -0.44160677, ...,  0.50746269,
          0.30166952,  0.        ]],

       [[ 0.        , -0.20316361, -0.03697815, ..., -0.18937485,
         -0.05900684, -0.08195814],
        [ 0.20316361,  0.        ,  0.1668177 , ...,  0.01406194,
          0.14503336,  0.12223123],
        [ 0.03697815, -0.1668177 ,  0.        , ..., -0.15293631,
         -0.02205277, -0.04504834],
        ...,
        [ 0.18937485, -0.01406194,  0.15293631, ...,  0.        ,
          0.13110577,  0.10826265],
        [ 0.05900684, -0.14503336,  0.02205277, ..., -0.13110577,
          0.        , -0.023007  ],
        [ 0.08195814, -0.12223123,  0.04504834, ..., -0.10826265,
          0.023007  ,  0.        ]],

       [[ 0.        , -0.36871824, -0.71433672, ..., -0.57416737,
         -0.65699524, -0.74146404],
        [ 0.36871824,  0.        , -0.4059756 , ..., -0.23182862,
         -0.33272941, -0.44181417],
        [ 0.71433672,  0.4059756 ,  0.        , ...,  0.18305102,
          0.07876801, -0.03956347],
        ...,
        [ 0.57416737,  0.23182862, -0.18305102, ...,  0.        ,
         -0.10504518, -0.22180269],
        [ 0.65699524,  0.33272941, -0.07876801, ...,  0.10504518,
          0.        , -0.11814688],
        [ 0.74146404,  0.44181417,  0.03956347, ...,  0.22180269,
          0.11814688,  0.        ]],

       ...,

       [[ 0.        , -0.05151343, -0.36020718, ...,  0.27081136,
          0.28689966, -0.99541442],
        [ 0.05151343,  0.        , -0.31167348, ...,  0.32004031,
          0.33586658, -0.98916523],
        [ 0.36020718,  0.31167348,  0.        , ...,  0.59937954,
          0.61270505, -0.8941385 ],
        ...,
        [-0.27081136, -0.32004031, -0.59937954, ...,  0.        ,
          0.01675229, -0.98412302],
        [-0.28689966, -0.33586658, -0.61270505, ..., -0.01675229,
          0.        , -0.98101159],
        [ 0.99541442,  0.98916523,  0.8941385 , ...,  0.98412302,
          0.98101159,  0.        ]],

       [[ 0.        ,  0.1027348 ,  0.52942598, ..., -0.89138901,
         -0.89193196, -0.87325748],
        [-0.1027348 ,  0.        ,  0.43946898, ..., -0.9332359 ,
         -0.93366611, -0.91869534],
        [-0.52942598, -0.43946898,  0.        , ..., -0.99617186,
         -0.9960663 , -0.99880094],
        ...,
        [ 0.89138901,  0.9332359 ,  0.99617186, ...,  0.        ,
         -0.00119935,  0.03854297],
        [ 0.89193196,  0.93366611,  0.9960663 , ...,  0.00119935,
          0.        ,  0.0397414 ],
        [ 0.87325748,  0.91869534,  0.99880094, ..., -0.03854297,
         -0.0397414 ,  0.        ]],

       [[ 0.        , -0.63923937, -0.97099768, ..., -0.973494  ,
         -0.97243576, -0.99586884],
        [ 0.63923937,  0.        , -0.59386976, ..., -0.60242244,
         -0.59875865, -0.70778585],
        [ 0.97099768,  0.59386976,  0.        , ..., -0.01067227,
         -0.00609016, -0.14993135],
        ...,
        [ 0.973494  ,  0.60242244,  0.01067227, ...,  0.        ,
          0.00458226, -0.13937117],
        [ 0.97243576,  0.59875865,  0.00609016, ..., -0.00458226,
          0.        , -0.14390725],
        [ 0.99586884,  0.70778585,  0.14993135, ...,  0.13937117,
          0.14390725,  0.        ]]]), 'num': array([9.99999403e-01, 8.24534614e-04, 2.89196772e-04, 3.64422951e-05,
       3.64950336e-05, 3.55457408e-05, 6.48082182e-04, 7.38338830e-07,
       3.67059875e-05, 3.79268835e-05, 3.70153867e-05, 2.90443846e-07,
       4.05362984e-05, 3.53174686e-05])}
{'img': array([[[ 0.        , -0.73434457, -0.247259  , ..., -0.06083098,
         -0.35910787, -0.13776314],
        [ 0.73434457,  0.        ,  0.54370906, ...,  0.69169396,
          0.44160677,  0.63383231],
        [ 0.247259  , -0.54370906,  0.        , ...,  0.18785895,
         -0.11719152,  0.11141591],
        ...,
        [ 0.06083098, -0.69169396, -0.18785895, ...,  0.        ,
         -0.30166952, -0.07725705],
        [ 0.35910787, -0.44160677,  0.11719152, ...,  0.30166952,
          0.        ,  0.22711005],
        [ 0.13776314, -0.63383231, -0.11141591, ...,  0.07725705,
         -0.22711005,  0.        ]],

       [[ 0.        ,  0.1668177 ,  0.09520977, ...,  0.14503336,
          0.12223123,  0.02870391],
        [-0.1668177 ,  0.        , -0.07218421, ..., -0.02205277,
         -0.04504834, -0.13844726],
        [-0.09520977,  0.07218421,  0.        , ...,  0.05017141,
          0.02718011, -0.06659703],
        ...,
        [-0.14503336,  0.02205277, -0.05017141, ...,  0.        ,
         -0.023007  , -0.11657319],
        [-0.12223123,  0.04504834, -0.02718011, ...,  0.023007  ,
          0.        , -0.09369219],
        [-0.02870391,  0.13844726,  0.06659703, ...,  0.11657319,
          0.09369219,  0.        ]],

       [[ 0.        , -0.4059756 , -0.59820868, ..., -0.33272941,
         -0.44181417, -0.51572127],
        [ 0.4059756 ,  0.        , -0.22136865, ...,  0.07876801,
         -0.03956347, -0.12348716],
        [ 0.59820868,  0.22136865,  0.        , ...,  0.29749464,
          0.18261342,  0.09925086],
        ...,
        [ 0.33272941, -0.07876801, -0.29749464, ...,  0.        ,
         -0.11814688, -0.20126861],
        [ 0.44181417,  0.03956347, -0.18261342, ...,  0.11814688,
          0.        , -0.08412982],
        [ 0.51572127,  0.12348716, -0.09925086, ...,  0.20126861,
          0.08412982,  0.        ]],

       ...,

       [[ 0.        , -0.31167348, -0.12342259, ...,  0.33586658,
         -0.98916523, -0.4731872 ],
        [ 0.31167348,  0.        ,  0.19201567, ...,  0.61270505,
         -0.8941385 , -0.17504493],
        [ 0.12342259, -0.19201567,  0.        , ...,  0.44955153,
         -0.96348304, -0.36083871],
        ...,
        [-0.33586658, -0.61270505, -0.44955153, ...,  0.        ,
         -0.98101159, -0.74158521],
        [ 0.98916523,  0.8941385 ,  0.96348304, ...,  0.98101159,
          0.        ,  0.80194994],
        [ 0.4731872 ,  0.17504493,  0.36083871, ...,  0.74158521,
         -0.80194994,  0.        ]],

       [[ 0.        ,  0.43946898,  0.58916129, ..., -0.93366611,
         -0.91869534, -0.91486895],
        [-0.43946898,  0.        ,  0.17412098, ..., -0.9960663 ,
         -0.99880094, -0.99922414],
        [-0.58916129, -0.17412098,  0.        , ..., -0.96542162,
         -0.97501926, -0.97710266],
        ...,
        [ 0.93366611,  0.9960663 ,  0.96542162, ...,  0.        ,
          0.0397414 ,  0.04931312],
        [ 0.91869534,  0.99880094,  0.97501926, ..., -0.0397414 ,
          0.        ,  0.00958112],
        [ 0.91486895,  0.99922414,  0.97710266, ..., -0.04931312,
         -0.00958112,  0.        ]],

       [[ 0.        , -0.91612806, -0.99579562, ..., -0.91902681,
         -0.97241981, -0.98667331],
        [ 0.91612806,  0.        , -0.31528029, ..., -0.00729162,
         -0.17615385, -0.24647658],
        [ 0.99579562,  0.31528029,  0.        , ...,  0.30835218,
          0.14318039,  0.07164757],
        ...,
        [ 0.91902681,  0.00729162, -0.30835218, ...,  0.        ,
         -0.16897157, -0.23940337],
        [ 0.97241981,  0.17615385, -0.14318039, ...,  0.16897157,
          0.        , -0.07190306],
        [ 0.98667331,  0.24647658, -0.07164757, ...,  0.23940337,
          0.07190306,  0.        ]]]), 'num': array([ 9.99999645e-01,  2.43853843e-04,  2.92326255e-04,  3.64422174e-05,
        3.64422174e-05,  3.55364897e-05,  7.44721220e-04, -3.72946669e-07,
        3.68577865e-05,  3.83016229e-05,  3.73799118e-05,  3.23930821e-07,
        4.09725299e-05,  3.56307159e-05])}
{'img': array([[[ 0.        ,  0.54370906,  0.79251992, ...,  0.44160677,
          0.63383231,  0.54370906],
        [-0.54370906,  0.        ,  0.33356237, ..., -0.11719152,
          0.11141591,  0.        ],
        [-0.79251992, -0.33356237,  0.        , ..., -0.44174363,
         -0.22645066, -0.33356237],
        ...,
        [-0.44160677,  0.11719152,  0.44174363, ...,  0.        ,
          0.22711005,  0.11719152],
        [-0.63383231, -0.11141591,  0.22645066, ..., -0.22711005,
          0.        , -0.11141591],
        [-0.54370906,  0.        ,  0.33356237, ..., -0.11719152,
          0.11141591,  0.        ]],

       [[ 0.        , -0.07218421, -0.16175465, ..., -0.04504834,
         -0.13844726, -0.1117153 ],
        [ 0.07218421,  0.        , -0.09009907, ...,  0.02718011,
         -0.06659703, -0.03969151],
        [ 0.16175465,  0.09009907,  0.        , ...,  0.11713534,
          0.02357288,  0.05049799],
        ...,
        [ 0.04504834, -0.02718011, -0.11713534, ...,  0.        ,
         -0.09369219, -0.06683553],
        [ 0.13844726,  0.06659703, -0.02357288, ...,  0.09369219,
          0.        ,  0.02694116],
        [ 0.1117153 ,  0.03969151, -0.05049799, ...,  0.06683553,
         -0.02694116,  0.        ]],

       [[ 0.        , -0.22136865, -0.26612551, ..., -0.03956347,
         -0.12348716, -0.21690234],
        [ 0.22136865,  0.        , -0.04613726, ...,  0.18261342,
          0.09925086,  0.00457756],
        [ 0.26612551,  0.04613726,  0.        , ...,  0.2277804 ,
          0.14505462,  0.05070946],
        ...,
        [ 0.03956347, -0.18261342, -0.2277804 , ...,  0.        ,
         -0.08412982, -0.17811092],
        [ 0.12348716, -0.09925086, -0.14505462, ...,  0.08412982,
          0.        , -0.09469486],
        [ 0.21690234, -0.00457756, -0.05070946, ...,  0.17811092,
          0.09469486,  0.        ]],

       ...,

       [[ 0.        ,  0.19201567,  0.44800814, ..., -0.8941385 ,
         -0.17504493, -0.05525048],
        [-0.19201567,  0.        ,  0.26800387, ..., -0.96348304,
         -0.36083871, -0.24594475],
        [-0.44800814, -0.26800387,  0.        , ..., -0.99999997,
         -0.59758643, -0.49671938],
        ...,
        [ 0.8941385 ,  0.96348304,  0.99999997, ...,  0.        ,
          0.80194994,  0.86803208],
        [ 0.17504493,  0.36083871,  0.59758643, ..., -0.80194994,
          0.        ,  0.12038012],
        [ 0.05525048,  0.24594475,  0.49671938, ..., -0.86803208,
         -0.12038012,  0.        ]],

       [[ 0.        ,  0.17412098, -0.17416669, ..., -0.99880094,
         -0.99922414, -0.99947677],
        [-0.17412098,  0.        , -0.34296591, ..., -0.97501926,
         -0.97710266, -0.97857712],
        [ 0.17416669,  0.34296591,  0.        , ..., -0.99206195,
         -0.99081159, -0.98983434],
        ...,
        [ 0.99880094,  0.97501926,  0.99206195, ...,  0.        ,
          0.00958112,  0.01662435],
        [ 0.99922414,  0.97710266,  0.99081159, ..., -0.00958112,
          0.        ,  0.00704379],
        [ 0.99947677,  0.97857712,  0.98983434, ..., -0.01662435,
         -0.00704379,  0.        ]],

       [[ 0.        , -0.8295404 , -0.9366112 , ..., -0.64915765,
         -0.75129239, -0.78362552],
        [ 0.8295404 ,  0.        , -0.23240099, ...,  0.26847318,
          0.12791461,  0.07772519],
        [ 0.9366112 ,  0.23240099,  0.        , ...,  0.48499129,
          0.35490417,  0.30729501],
        ...,
        [ 0.64915765, -0.26847318, -0.48499129, ...,  0.        ,
         -0.14304923, -0.19278933],
        [ 0.75129239, -0.12791461, -0.35490417, ...,  0.14304923,
          0.        , -0.05044095],
        [ 0.78362552, -0.07772519, -0.30729501, ...,  0.19278933,
          0.05044095,  0.        ]]]), 'num': array([ 9.99999657e-01,  1.73248615e-04,  2.96244874e-04,  3.64421363e-05,
        3.69280314e-05,  3.45525440e-05,  7.46972014e-04, -4.85895150e-07,
        3.69604244e-05,  3.87177452e-05,  3.78962225e-05,  2.30114279e-07,
        4.16102867e-05,  3.58252038e-05])}
{'img': array([[[ 0.        ,  0.33356237,  0.73762916, ...,  0.11141591,
          0.        , -0.15188216],
        [-0.33356237,  0.        ,  0.47016036, ..., -0.22645066,
         -0.33356237, -0.47287615],
        [-0.73762916, -0.47016036,  0.        , ..., -0.65780788,
         -0.73762916, -0.83162339],
        ...,
        [-0.11141591,  0.22645066,  0.65780788, ...,  0.        ,
         -0.11141591, -0.26105985],
        [ 0.        ,  0.33356237,  0.73762916, ...,  0.11141591,
          0.        , -0.15188216],
        [ 0.15188216,  0.47287615,  0.83162339, ...,  0.26105985,
          0.15188216,  0.        ]],

       [[ 0.        , -0.09009907, -0.03094211, ..., -0.06659703,
         -0.03969151, -0.04186076],
        [ 0.09009907,  0.        ,  0.05923966, ...,  0.02357288,
          0.05049799,  0.04832959],
        [ 0.03094211, -0.05923966,  0.        , ..., -0.03569172,
         -0.00875478, -0.01092572],
        ...,
        [ 0.06659703, -0.02357288,  0.03569172, ...,  0.        ,
          0.02694116,  0.02477083],
        [ 0.03969151, -0.05049799,  0.00875478, ..., -0.02694116,
          0.        , -0.00217105],
        [ 0.04186076, -0.04832959,  0.01092572, ..., -0.02477083,
          0.00217105,  0.        ]],

       [[ 0.        , -0.04613726,  0.11255513, ...,  0.09925086,
          0.00457756, -0.1645424 ],
        [ 0.04613726,  0.        ,  0.15827934, ...,  0.14505462,
          0.05070946, -0.11885878],
        [-0.11255513, -0.15827934,  0.        , ..., -0.01337921,
         -0.10800548, -0.27451781],
        ...,
        [-0.09925086, -0.14505462,  0.01337921, ...,  0.        ,
         -0.09469486, -0.26162803],
        [-0.00457756, -0.05070946,  0.10800548, ...,  0.09469486,
          0.        , -0.16905584],
        [ 0.1645424 ,  0.11885878,  0.27451781, ...,  0.26162803,
          0.16905584,  0.        ]],

       ...,

       [[ 0.        ,  0.26800387,  0.26800387, ..., -0.36083871,
         -0.24594475, -0.63232109],
        [-0.26800387,  0.        ,  0.        , ..., -0.59758643,
         -0.49671938, -0.81681374],
        [-0.26800387,  0.        ,  0.        , ..., -0.59758643,
         -0.49671938, -0.81681374],
        ...,
        [ 0.36083871,  0.59758643,  0.59758643, ...,  0.        ,
          0.12038012, -0.31017644],
        [ 0.24594475,  0.49671938,  0.49671938, ..., -0.12038012,
          0.        , -0.42236364],
        [ 0.63232109,  0.81681374,  0.81681374, ...,  0.31017644,
          0.42236364,  0.        ]],

       [[ 0.        , -0.34296591, -0.48999081, ..., -0.97710266,
         -0.97857712, -0.98422845],
        [ 0.34296591,  0.        , -0.16129897, ..., -0.99081159,
         -0.98983434, -0.98520428],
        [ 0.48999081,  0.16129897,  0.        , ..., -0.95602191,
         -0.95393228, -0.94465952],
        ...,
        [ 0.97710266,  0.99081159,  0.95602191, ...,  0.        ,
          0.00704379,  0.03656114],
        [ 0.97857712,  0.98983434,  0.95393228, ..., -0.00704379,
          0.        ,  0.02952115],
        [ 0.98422845,  0.98520428,  0.94465952, ..., -0.03656114,
         -0.02952115,  0.        ]],

       [[ 0.        , -0.23445796, -0.27182144, ...,  0.12951111,
          0.07864703, -0.18344936],
        [ 0.23445796,  0.        , -0.03861468, ...,  0.35838449,
          0.31018657,  0.05214306],
        [ 0.27182144,  0.03861468,  0.        , ...,  0.39416687,
          0.34666527,  0.09066633],
        ...,
        [-0.12951111, -0.35838449, -0.39416687, ...,  0.        ,
         -0.05112529, -0.30921754],
        [-0.07864703, -0.31018657, -0.34666527, ...,  0.05112529,
          0.        , -0.26019346],
        [ 0.18344936, -0.05214306, -0.09066633, ...,  0.30921754,
          0.26019346,  0.        ]]]), 'num': array([9.99998923e-01, 1.66586188e-04, 2.84852518e-04, 3.64423508e-05,
       3.64423508e-05, 3.46773367e-05, 1.42630793e-03, 1.40162888e-06,
       3.56013735e-05, 3.72002686e-05, 3.64544637e-05, 3.69308131e-07,
       4.00014876e-05, 3.43990497e-05])}
{'img': array([[[ 0.        ,  0.47016036,  0.65521809, ..., -0.33356237,
         -0.47287615, -0.06000327],
        [-0.47016036,  0.        ,  0.2231052 , ..., -0.73762916,
         -0.83162339, -0.52227096],
        [-0.65521809, -0.2231052 ,  0.        , ..., -0.86967874,
         -0.93456105, -0.69936636],
        ...,
        [ 0.33356237,  0.73762916,  0.86967874, ...,  0.        ,
         -0.15188216,  0.27639458],
        [ 0.47287615,  0.83162339,  0.93456105, ...,  0.15188216,
          0.        ,  0.41915349],
        [ 0.06000327,  0.52227096,  0.69936636, ..., -0.27639458,
         -0.41915349,  0.        ]],

       [[ 0.        ,  0.05923966, -0.01590417, ...,  0.05049799,
          0.04832959,  0.21037497],
