state_0,state_1,state_2,state_3,state_4,state_5,state_6,state_7,state_8,state_9,state_10,state_11,state_12,state_13,state_14,state_15,state_16,state_17,state_18,state_19,state_20,state_21,state_22,state_23,state_24,state_25,state_26,state_27,state_28,state_29,state_30,state_31,state_32,state_33,state_34,state_35,state_36,state_37,state_38,state_39,state_40,state_41,state_42,state_43,state_44,state_45,state_46,state_47,state_48,state_49,state_50,state_51,state_52,state_53,state_54,state_55,state_56,state_57,state_58,state_59,state_60,state_61,state_62,state_63,state_64,state_65,state_66,state_67,state_68,state_69,state_70,state_71,state_72,state_73,state_74,state_75,state_76,state_77,state_78,state_79,state_80,state_81,state_82,state_83,state_84,state_85,state_86,state_87,state_88,state_89,state_90,state_91,state_92,state_93,state_94,state_95,state_96,state_97,state_98,state_99,state_100,state_101,state_102,state_103,state_104,state_105,state_106,state_107,state_108,state_109,state_110,state_111,state_112,state_113,state_114,state_115,state_116,state_117,state_118,state_119,state_120,state_121,state_122,state_123,state_124,state_125,state_126,state_127,state_128,state_129,state_130,state_131,state_132,state_133,state_134,state_135,state_136,state_137,state_138,state_139,state_140,state_141,state_142,state_143,state_144,state_145,state_146,state_147,state_148,state_149,state_150,state_151,state_152,state_153,state_154,state_155,state_156,state_157,state_158,state_159,state_160,state_161,state_162,state_163,state_164,state_165,state_166,state_167,state_168,state_169,state_170,state_171,state_172,state_173,state_174,state_175,state_176,state_177,state_178,state_179,state_180,state_181,state_182,state_183,state_184,state_185,state_186,state_187,state_188,state_189,state_190,state_191,state_192,state_193,state_194,state_195,state_196,state_197,state_198,state_199,state_200,state_201,state_202,state_203,state_204,state_205,state_206,state_207,state_208,state_209,state_210,state_211,state_212,state_213,state_214,state_215,state_216,state_217,state_218,state_219,state_220,state_221,state_222,state_223,state_224,state_225,state_226,state_227,state_228,state_229,state_230,state_231,state_232,state_233,state_234,state_235,state_236,state_237,state_238,state_239,state_240,state_241,state_242,state_243,state_244,state_245,state_246,state_247,state_248,state_249,state_250,state_251,state_252,state_253,state_254,state_255,state_256,state_257,state_258,state_259,state_260,state_261,state_262,state_263,state_264,state_265,state_266,state_267,state_268,state_269,state_270,state_271,state_272,state_273,state_274,state_275,state_276,state_277,state_278,state_279,state_280,state_281,state_282,state_283,state_284,state_285,state_286,state_287
{'img': array([[[ 0.00000000e+00,  9.89385939e-02,  8.20581175e-02, ...,
         -9.63756057e-01, -9.78601476e-01, -9.26811283e-01],
        [-9.89385939e-02,  0.00000000e+00, -1.69494254e-02, ...,
         -9.85422765e-01, -9.94158087e-01, -9.59418076e-01],
        [-8.20581175e-02,  1.69494254e-02,  0.00000000e+00, ...,
         -9.82397713e-01, -9.92185859e-01, -9.54500728e-01],
        ...,
        [ 9.63756057e-01,  9.85422765e-01,  9.82397713e-01, ...,
          0.00000000e+00, -6.27691718e-02,  1.14657437e-01],
        [ 9.78601476e-01,  9.94158087e-01,  9.92185859e-01, ...,
          6.27691718e-02,  0.00000000e+00,  1.76786555e-01],
        [ 9.26811283e-01,  9.59418076e-01,  9.54500728e-01, ...,
         -1.14657437e-01, -1.76786555e-01,  0.00000000e+00]],

       [[ 0.00000000e+00, -2.81399897e-01, -1.27091132e-01, ...,
         -6.61031064e-01, -5.33895303e-01,  4.40305020e-02],
        [ 2.81399897e-01,  0.00000000e+00,  1.57162584e-01, ...,
         -4.23168373e-01, -2.74383059e-01,  3.23378247e-01],
        [ 1.27091132e-01, -1.57162584e-01,  0.00000000e+00, ...,
         -5.60306877e-01, -4.22103988e-01,  1.70641338e-01],
        ...,
        [ 6.61031064e-01,  4.23168373e-01,  5.60306877e-01, ...,
          0.00000000e+00,  1.58322310e-01,  6.93428650e-01],
        [ 5.33895303e-01,  2.74383059e-01,  4.22103988e-01, ...,
         -1.58322310e-01,  0.00000000e+00,  5.70607542e-01],
        [-4.40305020e-02, -3.23378247e-01, -1.70641338e-01, ...,
         -6.93428650e-01, -5.70607542e-01,  0.00000000e+00]],

       [[ 0.00000000e+00,  0.00000000e+00, -3.78327038e-03, ...,
         -8.40764331e-01, -9.70970704e-01, -9.95448220e-01],
        [ 0.00000000e+00,  0.00000000e+00, -3.78327038e-03, ...,
         -8.40764331e-01, -9.70970704e-01, -9.95448220e-01],
        [ 3.78327038e-03,  3.78327038e-03,  0.00000000e+00, ...,
         -8.42806582e-01, -9.71868708e-01, -9.95801657e-01],
        ...,
        [ 8.40764331e-01,  8.40764331e-01,  8.42806582e-01, ...,
          0.00000000e+00,  3.24575263e-01,  4.58808781e-01],
        [ 9.70970704e-01,  9.70970704e-01,  9.71868708e-01, ...,
         -3.24575263e-01,  0.00000000e+00,  1.45572323e-01],
        [ 9.95448220e-01,  9.95448220e-01,  9.95801657e-01, ...,
         -4.58808781e-01, -1.45572323e-01,  0.00000000e+00]],

       ...,

       [[ 0.00000000e+00, -1.26129477e-01, -1.77788330e-01, ...,
         -9.64417887e-01, -9.92143611e-01, -9.64468606e-01],
        [ 1.26129477e-01,  0.00000000e+00, -5.22483971e-02, ...,
         -9.90062276e-01, -9.99999466e-01, -9.23443064e-01],
        [ 1.77788330e-01,  5.22483971e-02,  0.00000000e+00, ...,
         -9.96057641e-01, -9.98579588e-01, -9.02132189e-01],
        ...,
        [ 9.64417887e-01,  9.90062276e-01,  9.96057641e-01, ...,
          0.00000000e+00,  1.41652760e-01,  5.09785457e-01],
        [ 9.92143611e-01,  9.99999466e-01,  9.98579588e-01, ...,
         -1.41652760e-01,  0.00000000e+00,  3.82780896e-01],
        [ 9.64468606e-01,  9.23443064e-01,  9.02132189e-01, ...,
         -5.09785457e-01, -3.82780896e-01,  0.00000000e+00]],

       [[ 0.00000000e+00,  4.11141139e-02,  4.86630202e-02, ...,
         -8.80455302e-01, -9.70957213e-01, -9.93494119e-01],
        [-4.11141139e-02,  0.00000000e+00,  7.55646947e-03, ...,
         -8.99204240e-01, -9.79972910e-01, -9.87971861e-01],
        [-4.86630202e-02, -7.55646947e-03,  0.00000000e+00, ...,
         -9.02484743e-01, -9.81449658e-01, -9.86775168e-01],
        ...,
        [ 8.80455302e-01,  8.99204240e-01,  9.02484743e-01, ...,
          0.00000000e+00, -2.49707386e-01, -5.71313803e-01],
        [ 9.70957213e-01,  9.79972910e-01,  9.81449658e-01, ...,
          2.49707386e-01,  0.00000000e+00, -3.48272579e-01],
        [ 9.93494119e-01,  9.87971861e-01,  9.86775168e-01, ...,
          5.71313803e-01,  3.48272579e-01,  0.00000000e+00]],

       [[ 0.00000000e+00,  1.27445083e-03, -2.78857974e-04, ...,
         -9.97898858e-01, -9.84761149e-01, -9.32850813e-01],
        [-1.27445083e-03,  0.00000000e+00, -1.55330853e-03, ...,
         -9.97815475e-01, -9.84538706e-01, -9.32390918e-01],
        [ 2.78857974e-04,  1.55330853e-03,  0.00000000e+00, ...,
         -9.97916887e-01, -9.84809607e-01, -9.32951239e-01],
        ...,
        [ 9.97898858e-01,  9.97815475e-01,  9.97916887e-01, ...,
          0.00000000e+00, -1.09743235e-01, -2.99065635e-01],
        [ 9.84761149e-01,  9.84538706e-01,  9.84809607e-01, ...,
          1.09743235e-01,  0.00000000e+00, -1.92538704e-01],
        [ 9.32850813e-01,  9.32390918e-01,  9.32951239e-01, ...,
          2.99065635e-01,  1.92538704e-01,  0.00000000e+00]]]), 'num': array([7.07032178e-01, 7.07032178e-01, 0.00000000e+00, 4.11940317e-03,
       4.20852487e-03, 4.07979352e-03, 8.20598975e-03, 9.90241146e-06,
       4.06989111e-03, 4.21595168e-03, 4.70447065e-03, 8.09229324e-07,
       4.61223995e-03, 3.81966341e-03])}
{'img': array([[[ 0.        , -0.01694943,  0.2215078 , ..., -0.99415809,
         -0.95941808, -0.9541644 ],
        [ 0.01694943,  0.        ,  0.23800436, ..., -0.99218586,
         -0.95450073, -0.94895465],
        [-0.2215078 , -0.23800436,  0.        , ..., -0.99336998,
         -0.99804722, -0.99675513],
        ...,
        [ 0.99415809,  0.99218586,  0.99336998, ...,  0.        ,
          0.17678656,  0.19454804],
        [ 0.95941808,  0.95450073,  0.99804722, ..., -0.17678656,
          0.        ,  0.01807506],
        [ 0.9541644 ,  0.94895465,  0.99675513, ..., -0.19454804,
         -0.01807506,  0.        ]],

       [[ 0.        ,  0.15716258,  0.33848486, ..., -0.27438306,
          0.32337825,  0.06255343],
        [-0.15716258,  0.        ,  0.18639286, ..., -0.42210399,
          0.17064134, -0.09507874],
        [-0.33848486, -0.18639286,  0.        , ..., -0.5836807 ,
         -0.01600818, -0.27896097],
        ...,
        [ 0.27438306,  0.42210399,  0.5836807 , ...,  0.        ,
          0.57060754,  0.33399837],
        [-0.32337825, -0.17064134,  0.01600818, ..., -0.57060754,
          0.        , -0.26355253],
        [-0.06255343,  0.09507874,  0.27896097, ..., -0.33399837,
          0.26355253,  0.        ]],

       [[ 0.        , -0.00378327,  0.04614036, ..., -0.9709707 ,
         -0.99544822, -0.99909284],
        [ 0.00378327,  0.        ,  0.04991927, ..., -0.97186871,
         -0.99580166, -0.9992468 ],
        [-0.04614036, -0.04991927,  0.        , ..., -0.95889989,
         -0.98999068, -0.99606387],
        ...,
        [ 0.9709707 ,  0.97186871,  0.95889989, ...,  0.        ,
          0.14557232,  0.19763242],
        [ 0.99544822,  0.99580166,  0.98999068, ..., -0.14557232,
          0.        ,  0.05282608],
        [ 0.99909284,  0.9992468 ,  0.99606387, ..., -0.19763242,
         -0.05282608,  0.        ]],

       ...,

       [[ 0.        , -0.0522484 ,  0.03443476, ..., -0.99999947,
         -0.92344306, -0.88384601],
        [ 0.0522484 ,  0.        ,  0.08660513, ..., -0.99857959,
         -0.90213219, -0.85819813],
        [-0.03443476, -0.08660513,  0.        , ..., -0.999442  ,
         -0.93610925, -0.89942966],
        ...,
        [ 0.99999947,  0.99857959,  0.999442  , ...,  0.        ,
          0.3827809 ,  0.46686429],
        [ 0.92344306,  0.90213219,  0.93610925, ..., -0.3827809 ,
          0.        ,  0.09280327],
        [ 0.88384601,  0.85819813,  0.89942966, ..., -0.46686429,
         -0.09280327,  0.        ]],

       [[ 0.        ,  0.00738653,  0.10438941, ..., -0.95437676,
         -0.98911064, -0.98424243],
        [-0.00738653,  0.        ,  0.09704039, ..., -0.95655637,
         -0.99017076, -0.98290946],
        [-0.10438941, -0.09704039,  0.        , ..., -0.98033373,
         -0.99907003, -0.96040644],
        ...,
        [ 0.95437676,  0.95655637,  0.98033373, ...,  0.        ,
         -0.15489419, -0.46265683],
        [ 0.98911064,  0.99017076,  0.99907003, ...,  0.15489419,
          0.        , -0.31975356],
        [ 0.98424243,  0.98290946,  0.96040644, ...,  0.46265683,
          0.31975356,  0.        ]],

       [[ 0.        , -0.00154447, -0.01018545, ..., -0.9935768 ,
         -0.98028656, -0.93045849],
        [ 0.00154447,  0.        , -0.00864105, ..., -0.99375039,
         -0.98059055, -0.93102327],
        [ 0.01018545,  0.00864105,  0.        , ..., -0.99467785,
         -0.98224816, -0.93414215],
        ...,
        [ 0.9935768 ,  0.99375039,  0.99467785, ...,  0.        ,
         -0.08538292, -0.25875339],
        [ 0.98028656,  0.98059055,  0.98224816, ...,  0.08538292,
          0.        , -0.17533341],
        [ 0.93045849,  0.93102327,  0.93414215, ...,  0.25875339,
          0.17533341,  0.        ]]]), 'num': array([7.06984321e-01, 7.06984321e-01, 0.00000000e+00, 4.30725742e-03,
       4.35676612e-03, 4.09932085e-03, 1.41271706e-02, 1.88133083e-04,
       4.12110468e-03, 4.20675474e-03, 4.69342532e-03, 9.52809058e-07,
       4.58599402e-03, 3.82751547e-03])}
{'img': array([[[ 0.        ,  0.23800436, -0.04975097, ..., -0.95450073,
         -0.94895465, -0.80835278],
        [-0.23800436,  0.        , -0.28603096, ..., -0.99804722,
         -0.99675513, -0.9252368 ],
        [ 0.04975097,  0.28603096,  0.        , ..., -0.93848256,
         -0.93208744, -0.77806344],
        ...,
        [ 0.95450073,  0.99804722,  0.93848256, ...,  0.        ,
          0.01807506,  0.3208553 ],
        [ 0.94895465,  0.99675513,  0.93208744, ..., -0.01807506,
          0.        ,  0.30368348],
        [ 0.80835278,  0.9252368 ,  0.77806344, ..., -0.3208553 ,
         -0.30368348,  0.        ]],

       [[ 0.        ,  0.18639286,  0.56551421, ...,  0.17064134,
         -0.09507874,  0.47275374],
        [-0.18639286,  0.        ,  0.40187836, ..., -0.01600818,
         -0.27896097,  0.30022049],
        [-0.56551421, -0.40187836,  0.        , ..., -0.41648544,
         -0.64136739, -0.10842982],
        ...,
        [-0.17064134,  0.01600818,  0.41648544, ...,  0.        ,
         -0.26355253,  0.31545174],
        [ 0.09507874,  0.27896097,  0.64136739, ...,  0.26355253,
          0.        ,  0.55439492],
        [-0.47275374, -0.30022049,  0.10842982, ..., -0.31545174,
         -0.55439492,  0.        ]],

       [[ 0.        ,  0.04991927,  0.02283877, ..., -0.99580166,
         -0.9992468 , -0.99423777],
        [-0.04991927,  0.        , -0.02709595, ..., -0.98999068,
         -0.99606387, -0.99834942],
        [-0.02283877,  0.02709595,  0.        , ..., -0.99345132,
         -0.9980999 , -0.99642669],
        ...,
        [ 0.99580166,  0.98999068,  0.99345132, ...,  0.        ,
          0.05282608,  0.19775699],
        [ 0.9992468 ,  0.99606387,  0.9980999 , ..., -0.05282608,
          0.        ,  0.14569805],
        [ 0.99423777,  0.99834942,  0.99642669, ..., -0.19775699,
         -0.14569805,  0.        ]],

       ...,

       [[ 0.        ,  0.08660513, -0.2076404 , ..., -0.90213219,
         -0.85819813, -0.67716273],
        [-0.08660513,  0.        , -0.29157783, ..., -0.93610925,
         -0.89942966, -0.73834538],
        [ 0.2076404 ,  0.29157783,  0.        , ..., -0.79288195,
         -0.73290822, -0.5096154 ],
        ...,
        [ 0.90213219,  0.93610925,  0.79288195, ...,  0.        ,
          0.09280327,  0.37165044],
        [ 0.85819813,  0.89942966,  0.73290822, ..., -0.09280327,
          0.        ,  0.28389054],
        [ 0.67716273,  0.73834538,  0.5096154 , ..., -0.37165044,
         -0.28389054,  0.        ]],

       [[ 0.        ,  0.0944826 ,  0.11271893, ..., -0.96250384,
         -0.98852446, -0.97752319],
        [-0.0944826 ,  0.        ,  0.01833423, ..., -0.9838282 ,
         -0.99837494, -0.95323068],
        [-0.11271893, -0.01833423,  0.        , ..., -0.98694676,
         -0.99925193, -0.94752905],
        ...,
        [ 0.96250384,  0.9838282 ,  0.98694676, ...,  0.        ,
         -0.12275844, -0.46809351],
        [ 0.98852446,  0.99837494,  0.99925193, ...,  0.12275844,
          0.        , -0.35607407],
        [ 0.97752319,  0.95323068,  0.94752905, ...,  0.46809351,
          0.35607407,  0.        ]],

       [[ 0.        , -0.00864105,  0.00670776, ..., -0.98059055,
         -0.93102327, -0.97953181],
        [ 0.00864105,  0.        ,  0.01534837, ..., -0.98224816,
         -0.93414215, -0.98123459],
        [-0.00670776, -0.01534837,  0.        , ..., -0.97925331,
         -0.92855426, -0.97815957],
        ...,
        [ 0.98059055,  0.98224816,  0.97925331, ...,  0.        ,
         -0.17533341, -0.00532885],
        [ 0.93102327,  0.93414215,  0.92855426, ...,  0.17533341,
          0.        ,  0.17008462],
        [ 0.97953181,  0.98123459,  0.97815957, ...,  0.00532885,
         -0.17008462,  0.        ]]]), 'num': array([ 7.07037660e-01,  7.07037660e-01,  0.00000000e+00,  4.28777741e-03,
        4.38680229e-03,  4.26797243e-03,  6.87694140e-03, -1.98049765e-05,
        4.16894755e-03,  4.19518914e-03,  4.68288669e-03,  9.35235000e-07,
        4.54776640e-03,  3.84261189e-03])}
{'img': array([[[ 0.        , -0.28603096, -0.58375687, ..., -0.99675513,
         -0.9252368 , -0.93629655],
        [ 0.28603096,  0.        , -0.32713104, ..., -0.93208744,
         -0.77806344, -0.79672138],
        [ 0.58375687,  0.32713104,  0.        , ..., -0.76230527,
         -0.52975456, -0.55518437],
        ...,
        [ 0.99675513,  0.93208744,  0.76230527, ...,  0.        ,
          0.30368348,  0.274705  ],
        [ 0.9252368 ,  0.77806344,  0.52975456, ..., -0.30368348,
          0.        , -0.03026884],
        [ 0.93629655,  0.79672138,  0.55518437, ..., -0.274705  ,
          0.03026884,  0.        ]],

       [[ 0.        ,  0.40187836,  0.63121626, ..., -0.27896097,
          0.30022049, -0.42761421],
        [-0.40187836,  0.        ,  0.26630072, ..., -0.64136739,
         -0.10842982, -0.75484586],
        [-0.63121626, -0.26630072,  0.        , ..., -0.82252256,
         -0.36924506, -0.90225561],
        ...,
        [ 0.27896097,  0.64136739,  0.82252256, ...,  0.        ,
          0.55439492, -0.15846904],
        [-0.30022049,  0.10842982,  0.36924506, ..., -0.55439492,
          0.        , -0.67927601],
        [ 0.42761421,  0.75484586,  0.90225561, ...,  0.15846904,
          0.67927601,  0.        ]],

       [[ 0.        , -0.02709595, -0.10182338, ..., -0.99606387,
         -0.99834942, -0.98528314],
        [ 0.02709595,  0.        , -0.07483087, ..., -0.9980999 ,
         -0.99642669, -0.98028987],
        [ 0.10182338,  0.07483087,  0.        , ..., -0.99991228,
         -0.98731257, -0.96275744],
        ...,
        [ 0.99606387,  0.9980999 ,  0.99991228, ...,  0.        ,
          0.14569805,  0.2575913 ],
        [ 0.99834942,  0.99642669,  0.98731257, ..., -0.14569805,
          0.        ,  0.11406125],
        [ 0.98528314,  0.98028987,  0.96275744, ..., -0.2575913 ,
         -0.11406125,  0.        ]],

       ...,

       [[ 0.        , -0.29157783, -0.74708257, ..., -0.89942966,
         -0.73834538, -0.76191062],
        [ 0.29157783,  0.        , -0.52079878, ..., -0.73290822,
         -0.5096154 , -0.53995364],
        [ 0.74708257,  0.52079878,  0.        , ..., -0.27135495,
          0.01304827, -0.02259373],
        ...,
        [ 0.89942966,  0.73290822,  0.27135495, ...,  0.        ,
          0.28389054,  0.24953968],
        [ 0.73834538,  0.5096154 , -0.01304827, ..., -0.28389054,
          0.        , -0.03563675],
        [ 0.76191062,  0.53995364,  0.02259373, ..., -0.24953968,
          0.03563675,  0.        ]],

       [[ 0.        ,  0.01768846, -0.02817145, ..., -0.97505961,
         -0.99564938, -0.94233479],
        [-0.01768846,  0.        , -0.04584848, ..., -0.97883289,
         -0.9971418 , -0.93626753],
        [ 0.02817145,  0.04584848,  0.        , ..., -0.96842015,
         -0.99262923, -0.95138897],
        ...,
        [ 0.97505961,  0.97883289,  0.96842015, ...,  0.        ,
         -0.13012258, -0.53546962],
        [ 0.99564938,  0.9971418 ,  0.99262923, ...,  0.13012258,
          0.        , -0.4210214 ],
        [ 0.94233479,  0.93626753,  0.95138897, ...,  0.53546962,
          0.4210214 ,  0.        ]],

       [[ 0.        ,  0.01534837,  0.0776683 , ..., -0.93414215,
         -0.98123459, -0.9970366 ],
        [-0.01534837,  0.        ,  0.06235715, ..., -0.92855426,
         -0.97815957, -0.99573843],
        [-0.0776683 , -0.06235715,  0.        , ..., -0.90360043,
         -0.96329471, -0.98804989],
        ...,
        [ 0.93414215,  0.92855426,  0.90360043, ...,  0.        ,
          0.17008462,  0.28398123],
        [ 0.98123459,  0.97815957,  0.96329471, ..., -0.17008462,
          0.        ,  0.11676126],
        [ 0.9970366 ,  0.99573843,  0.98804989, ..., -0.28398123,
         -0.11676126,  0.        ]]]), 'num': array([ 9.04158704e-01,  4.26861699e-01,  2.25672343e-06,  5.42382961e-03,
        5.57769711e-03,  5.42382961e-03,  6.47179555e-03, -1.28222922e-04,
        5.44178082e-03,  5.40972508e-03,  6.04464225e-03,  1.11784086e-06,
        5.81914792e-03,  5.00030225e-03])}
{'img': array([[[ 0.        , -0.32713104, -0.24371509, ..., -0.77806344,
         -0.79672138, -0.88192027],
        [ 0.32713104,  0.        ,  0.08696137, ..., -0.52975456,
         -0.55518437, -0.679187  ],
        [ 0.24371509, -0.08696137,  0.        , ..., -0.60150406,
         -0.62540931, -0.74044066],
        ...,
        [ 0.77806344,  0.52975456,  0.60150406, ...,  0.        ,
         -0.03026884, -0.18723168],
        [ 0.79672138,  0.55518437,  0.62540931, ...,  0.03026884,
          0.        , -0.15741233],
        [ 0.88192027,  0.679187  ,  0.74044066, ...,  0.18723168,
          0.15741233,  0.        ]],

       [[ 0.        ,  0.26630072, -0.37496806, ..., -0.10842982,
         -0.75484586, -0.90733714],
        [-0.26630072,  0.        , -0.60829878, ..., -0.36924506,
         -0.90225561, -0.98652701],
        [ 0.37496806,  0.60829878,  0.        , ...,  0.27223875,
         -0.45382821, -0.68349778],
        ...,
        [ 0.10842982,  0.36924506, -0.27223875, ...,  0.        ,
         -0.67927601, -0.85640327],
        [ 0.75484586,  0.90225561,  0.45382821, ...,  0.67927601,
          0.        , -0.27778441],
        [ 0.90733714,  0.98652701,  0.68349778, ...,  0.85640327,
          0.27778441,  0.        ]],

       [[ 0.        , -0.07483087, -0.1462121 , ..., -0.99642669,
         -0.98028987, -0.96310899],
        [ 0.07483087,  0.        , -0.07177548, ..., -0.98731257,
         -0.96275744, -0.9402708 ],
        [ 0.1462121 ,  0.07177548,  0.        , ..., -0.97336896,
         -0.94086861, -0.91341133],
        ...,
        [ 0.99642669,  0.98731257,  0.97336896, ...,  0.        ,
          0.11406125,  0.18680376],
        [ 0.98028987,  0.96275744,  0.94086861, ..., -0.11406125,
          0.        ,  0.07353116],
        [ 0.96310899,  0.9402708 ,  0.91341133, ..., -0.18680376,
         -0.07353116,  0.        ]],

       ...,

       [[ 0.        , -0.52079878, -0.45809575, ..., -0.5096154 ,
         -0.53995364, -0.65516922],
        [ 0.52079878,  0.        ,  0.07187259, ...,  0.01304827,
         -0.02259373, -0.16585033],
        [ 0.45809575, -0.07187259,  0.        , ..., -0.05885195,
         -0.09438954, -0.23629863],
        ...,
        [ 0.5096154 , -0.01304827,  0.05885195, ...,  0.        ,
         -0.03563675, -0.17870377],
        [ 0.53995364,  0.02259373,  0.09438954, ...,  0.03563675,
          0.        , -0.14352716],
        [ 0.65516922,  0.16585033,  0.23629863, ...,  0.17870377,
          0.14352716,  0.        ]],

       [[ 0.        , -0.04376894, -0.0775189 , ..., -0.96722705,
         -0.99531752, -0.92051012],
        [ 0.04376894,  0.        , -0.03380738, ..., -0.95518664,
         -0.99013301, -0.93672932],
        [ 0.0775189 ,  0.03380738,  0.        , ..., -0.94463349,
         -0.98482957, -0.94802829],
        ...,
        [ 0.96722705,  0.95518664,  0.94463349, ...,  0.        ,
         -0.15923256, -0.61164323],
        [ 0.99531752,  0.99013301,  0.98482957, ...,  0.15923256,
          0.        , -0.47786508],
        [ 0.92051012,  0.93672932,  0.94802829, ...,  0.61164323,
          0.47786508,  0.        ]],

       [[ 0.        ,  0.06235715,  0.11845434, ..., -0.97815957,
         -0.99573843, -0.99994469],
        [-0.06235715,  0.        ,  0.05630569, ..., -0.96329471,
         -0.98804989, -0.99865456],
        [-0.11845434, -0.05630569,  0.        , ..., -0.94665147,
         -0.97780378, -0.99415046],
        ...,
        [ 0.97815957,  0.96329471,  0.94665147, ...,  0.        ,
          0.11676126,  0.21813203],
        [ 0.99573843,  0.98804989,  0.97780378, ..., -0.11676126,
          0.        ,  0.10269045],
        [ 0.99994469,  0.99865456,  0.99415046, ..., -0.21813203,
         -0.10269045,  0.        ]]]), 'num': array([ 9.03546247e-01,  4.28175601e-01,  2.26366974e-06,  5.40193916e-03,
        5.49197148e-03,  5.36335388e-03,  5.20659475e-03, -3.85852797e-05,
        5.47139266e-03,  5.41029930e-03,  6.04695642e-03,  1.06818006e-06,
        5.79771592e-03,  5.02288268e-03])}
{'img': array([[[ 0.        ,  0.08696137,  0.2506524 , ..., -0.55518437,
         -0.679187  , -0.71523148],
        [-0.08696137,  0.        ,  0.16551753, ..., -0.62540931,
         -0.74044066, -0.77329819],
        [-0.2506524 , -0.16551753,  0.        , ..., -0.74593575,
         -0.84147558, -0.86757712],
        ...,
        [ 0.55518437,  0.62540931,  0.74593575, ...,  0.        ,
         -0.15741233, -0.20686606],
        [ 0.679187  ,  0.74044066,  0.84147558, ...,  0.15741233,
          0.        , -0.05027967],
        [ 0.71523148,  0.77329819,  0.86757712, ...,  0.20686606,
          0.05027967,  0.        ]],

       [[ 0.        , -0.60829878, -0.77260574, ..., -0.90225561,
         -0.98652701, -0.99809046],
        [ 0.60829878,  0.        , -0.22702301, ..., -0.45382821,
         -0.68349778, -0.82976664],
        [ 0.77260574,  0.22702301,  0.        , ..., -0.23968073,
         -0.4999352 , -0.681397  ],
        ...,
        [ 0.90225561,  0.45382821,  0.23968073, ...,  0.        ,
         -0.27778441, -0.48610979],
        [ 0.98652701,  0.68349778,  0.4999352 , ...,  0.27778441,
          0.        , -0.22422302],
        [ 0.99809046,  0.82976664,  0.681397  , ...,  0.48610979,
          0.22422302,  0.        ]],

       [[ 0.        , -0.07177548, -0.09970676, ..., -0.96275744,
         -0.9402708 , -0.93300012],
        [ 0.07177548,  0.        , -0.02803179, ..., -0.94086861,
         -0.91341133, -0.90476346],
        [ 0.09970676,  0.02803179,  0.        , ..., -0.93100251,
         -0.90164239, -0.89246877],
        ...,
        [ 0.96275744,  0.94086861,  0.93100251, ...,  0.        ,
          0.07353116,  0.09422126],
        [ 0.9402708 ,  0.91341133,  0.90164239, ..., -0.07353116,
          0.        ,  0.02076215],
        [ 0.93300012,  0.90476346,  0.89246877, ..., -0.09422126,
         -0.02076215,  0.        ]],

       ...,

       [[ 0.        ,  0.07187259, -0.05674989, ..., -0.02259373,
         -0.16585033, -0.24581274],
        [-0.07187259,  0.        , -0.12835989, ..., -0.09438954,
         -0.23629863, -0.31484437],
        [ 0.05674989,  0.12835989,  0.        , ...,  0.03417809,
         -0.10961909, -0.19040794],
        ...,
        [ 0.02259373,  0.09438954, -0.03417809, ...,  0.        ,
         -0.14352716, -0.2238495 ],
        [ 0.16585033,  0.23629863,  0.10961909, ...,  0.14352716,
          0.        , -0.08164687],
        [ 0.24581274,  0.31484437,  0.19040794, ...,  0.2238495 ,
          0.08164687,  0.        ]],

       [[ 0.        , -0.03297116, -0.04034938, ..., -0.97244367,
         -0.9998936 , -0.92839504],
        [ 0.03297116,  0.        , -0.00738313, ..., -0.96422812,
         -0.99983092, -0.94014219],
        [ 0.04034938,  0.00738313,  0.        , ..., -0.96224477,
         -0.99966791, -0.9426326 ],
        ...,
        [ 0.97244367,  0.96422812,  0.96224477, ...,  0.        ,
         -0.24729865, -0.57779908],
        [ 0.9998936 ,  0.99983092,  0.99966791, ...,  0.24729865,
          0.        , -0.35801227],
        [ 0.92839504,  0.94014219,  0.9426326 , ...,  0.57779908,
          0.35801227,  0.        ]],

       [[ 0.        ,  0.05630569,  0.09347275, ..., -0.98804989,
         -0.99865456, -0.99964746],
        [-0.05630569,  0.        ,  0.03726528, ..., -0.97780378,
         -0.99415046, -0.99656662],
        [-0.09347275, -0.03726528,  0.        , ..., -0.96931668,
         -0.98943514, -0.99278904],
        ...,
        [ 0.98804989,  0.97780378,  0.96931668, ...,  0.        ,
          0.10269045,  0.12784634],
        [ 0.99865456,  0.99415046,  0.98943514, ..., -0.10269045,
          0.        ,  0.02532269],
        [ 0.99964746,  0.99656662,  0.99278904, ..., -0.12784634,
         -0.02532269,  0.        ]]]), 'num': array([9.91004856e-01, 1.28566200e-01, 3.79093915e-06, 5.98915733e-03,
       6.08129821e-03, 5.58110485e-03, 3.33524720e-02, 4.60704410e-04,
       5.70220430e-03, 5.54885555e-03, 6.18440825e-03, 1.68807723e-06,
       5.98275307e-03, 5.11495802e-03])}
{'img': array([[[ 0.00000000e+00,  1.65517534e-01,  2.75589317e-01, ...,
         -7.40440657e-01, -7.73298187e-01, -3.48561580e-01],
        [-1.65517534e-01,  0.00000000e+00,  1.12680126e-01, ...,
         -8.41475579e-01, -8.67577122e-01, -4.98891065e-01],
        [-2.75589317e-01, -1.12680126e-01,  0.00000000e+00, ...,
         -8.96997011e-01, -9.18087922e-01, -5.93369672e-01],
        ...,
        [ 7.40440657e-01,  8.41475579e-01,  8.96997011e-01, ...,
          0.00000000e+00, -5.02796662e-02,  4.59728758e-01],
        [ 7.73298187e-01,  8.67577122e-01,  9.18087922e-01, ...,
          5.02796662e-02,  0.00000000e+00,  5.03798613e-01],
        [ 3.48561580e-01,  4.98891065e-01,  5.93369672e-01, ...,
         -4.59728758e-01, -5.03798613e-01,  0.00000000e+00]],

       [[ 0.00000000e+00, -2.25717992e-01, -3.38905777e-01, ...,
         -6.80674863e-01, -8.27066258e-01,  9.58428075e-01],
        [ 2.25717992e-01,  0.00000000e+00, -1.17799455e-01, ...,
         -4.97750711e-01, -6.78844812e-01,  8.69288550e-01],
        [ 3.38905777e-01,  1.17799455e-01,  0.00000000e+00, ...,
         -3.92115234e-01, -5.87620298e-01,  8.05007188e-01],
        ...,
        [ 6.80674863e-01,  4.97750711e-01,  3.92115234e-01, ...,
          0.00000000e+00, -2.23286505e-01,  5.07910811e-01],
        [ 8.27066258e-01,  6.78844812e-01,  5.87620298e-01, ...,
          2.23286505e-01,  0.00000000e+00,  3.02746363e-01],
        [-9.58428075e-01, -8.69288550e-01, -8.05007188e-01, ...,
         -5.07910811e-01, -3.02746363e-01,  0.00000000e+00]],

       [[ 0.00000000e+00, -2.80317854e-02, -7.62168905e-02, ...,
         -9.13411330e-01, -9.04763457e-01, -8.29989446e-01],
        [ 2.80317854e-02,  0.00000000e+00, -4.82366914e-02, ...,
         -9.01642393e-01, -8.92468773e-01, -8.14027743e-01],
        [ 7.62168905e-02,  4.82366914e-02,  0.00000000e+00, ...,
         -8.79731303e-01, -8.69669866e-01, -7.85063036e-01],
        ...,
        [ 9.13411330e-01,  9.01642393e-01,  8.79731303e-01, ...,
          0.00000000e+00,  2.07621532e-02,  1.71644697e-01],
        [ 9.04763457e-01,  8.92468773e-01,  8.69669866e-01, ...,
         -2.07621532e-02,  0.00000000e+00,  1.51153677e-01],
        [ 8.29989446e-01,  8.14027743e-01,  7.85063036e-01, ...,
         -1.71644697e-01, -1.51153677e-01,  0.00000000e+00]],

       ...,

       [[ 0.00000000e+00, -1.28359887e-01,  1.92484617e-01, ...,
         -2.36298630e-01, -3.14844371e-01,  6.46128493e-01],
        [ 1.28359887e-01,  0.00000000e+00,  3.16851873e-01, ...,
         -1.09619089e-01, -1.90407942e-01,  7.38751437e-01],
        [-1.92484617e-01, -3.16851873e-01,  0.00000000e+00, ...,
         -4.18913389e-01, -4.91652265e-01,  4.87136110e-01],
        ...,
        [ 2.36298630e-01,  1.09619089e-01,  4.18913389e-01, ...,
          0.00000000e+00, -8.16468664e-02,  8.08180329e-01],
        [ 3.14844371e-01,  1.90407942e-01,  4.91652265e-01, ...,
          8.16468664e-02,  0.00000000e+00,  8.53566780e-01],
        [-6.46128493e-01, -7.38751437e-01, -4.87136110e-01, ...,
         -8.08180329e-01, -8.53566780e-01,  0.00000000e+00]],

       [[ 0.00000000e+00, -7.38312598e-03, -7.28333422e-03, ...,
         -9.99830924e-01, -9.40142187e-01, -9.98334904e-01],
        [ 7.38312598e-03,  0.00000000e+00,  9.97944422e-05, ...,
         -9.99667911e-01, -9.42632602e-01, -9.97881807e-01],
        [ 7.28333422e-03, -9.97944422e-05,  0.00000000e+00, ...,
         -9.99670478e-01, -9.42599283e-01, -9.97888294e-01],
        ...,
        [ 9.99830924e-01,  9.99667911e-01,  9.99670478e-01, ...,
          0.00000000e+00, -3.58012272e-01,  3.93165203e-02],
        [ 9.40142187e-01,  9.42632602e-01,  9.42599283e-01, ...,
          3.58012272e-01,  0.00000000e+00,  3.94445958e-01],
        [ 9.98334904e-01,  9.97881807e-01,  9.97888294e-01, ...,
         -3.93165203e-02, -3.94445958e-01,  0.00000000e+00]],

       [[ 0.00000000e+00,  3.72652832e-02,  8.32608676e-02, ...,
         -9.94150465e-01, -9.96566620e-01, -9.84037751e-01],
        [-3.72652832e-02,  0.00000000e+00,  4.60671451e-02, ...,
         -9.89435138e-01, -9.92789043e-01, -9.76722522e-01],
        [-8.32608676e-02, -4.60671451e-02,  0.00000000e+00, ...,
         -9.81706058e-01, -9.86212764e-01, -9.65803870e-01],
        ...,
        [ 9.94150465e-01,  9.89435138e-01,  9.81706058e-01, ...,
          0.00000000e+00,  2.53226878e-02, -7.06388921e-02],
        [ 9.96566620e-01,  9.92789043e-01,  9.86212764e-01, ...,
         -2.53226878e-02,  0.00000000e+00, -9.58756708e-02],
        [ 9.84037751e-01,  9.76722522e-01,  9.65803870e-01, ...,
          7.06388921e-02,  9.58756708e-02,  0.00000000e+00]]]), 'num': array([9.95963101e-01, 8.62056364e-02, 3.95546724e-06, 6.02488387e-03,
       6.16895718e-03, 5.88081056e-03, 1.88119140e-02, 6.54878682e-05,
       5.73935677e-03, 5.53896389e-03, 6.14931082e-03, 1.83572292e-06,
       6.01997841e-03, 5.05794937e-03])}
{'img': array([[[ 0.00000000e+00,  1.12680126e-01,  1.97418831e-01, ...,
         -8.67577122e-01, -4.98891065e-01, -4.36619718e-01],
        [-1.12680126e-01,  0.00000000e+00,  8.56990376e-02, ...,
         -9.18087922e-01, -5.93369672e-01, -5.35211268e-01],
        [-1.97418831e-01, -8.56990376e-02,  0.00000000e+00, ...,
         -9.48679452e-01, -6.60168440e-01, -6.05633803e-01],
        ...,
        [ 8.67577122e-01,  9.18087922e-01,  9.48679452e-01, ...,
          0.00000000e+00,  5.03798613e-01,  5.63380282e-01],
        [ 4.98891065e-01,  5.93369672e-01,  6.60168440e-01, ...,
         -5.03798613e-01,  0.00000000e+00,  7.04225352e-02],
        [ 4.36619718e-01,  5.35211268e-01,  6.05633803e-01, ...,
         -5.63380282e-01, -7.04225352e-02,  0.00000000e+00]],

       [[ 0.00000000e+00, -1.17799455e-01, -1.92510173e-01, ...,
         -6.78844812e-01,  8.69288550e-01,  4.88358791e-01],
        [ 1.17799455e-01,  0.00000000e+00, -7.55737883e-02, ...,
         -5.87620298e-01,  8.05007188e-01,  5.87755409e-01],
        [ 1.92510173e-01,  7.55737883e-02,  0.00000000e+00, ...,
         -5.24790294e-01,  7.57869750e-01,  6.47216671e-01],
        ...,
        [ 6.78844812e-01,  5.87620298e-01,  5.24790294e-01, ...,
          0.00000000e+00,  3.02746363e-01,  9.50982087e-01],
        [-8.69288550e-01, -8.05007188e-01, -7.57869750e-01, ...,
         -3.02746363e-01,  0.00000000e+00, -9.99976695e-01],
        [-4.88358791e-01, -5.87755409e-01, -6.47216671e-01, ...,
         -9.50982087e-01,  9.99976695e-01,  0.00000000e+00]],

       [[ 0.00000000e+00, -4.82366914e-02, -2.42457400e-02, ...,
         -8.92468773e-01, -8.14027743e-01, -7.58370136e-01],
        [ 4.82366914e-02,  0.00000000e+00,  2.40049949e-02, ...,
         -8.69669866e-01, -7.85063036e-01, -7.26045502e-01],
        [ 2.42457400e-02, -2.40049949e-02,  0.00000000e+00, ...,
         -8.81268937e-01, -7.99705886e-01, -7.42343238e-01],
        ...,
        [ 8.92468773e-01,  8.69669866e-01,  8.81268937e-01, ...,
          0.00000000e+00,  1.51153677e-01,  2.39624982e-01],
        [ 8.14027743e-01,  7.85063036e-01,  7.99705886e-01, ...,
         -1.51153677e-01,  0.00000000e+00,  9.01218626e-02],
        [ 7.58370136e-01,  7.26045502e-01,  7.42343238e-01, ...,
         -2.39624982e-01, -9.01218626e-02,  0.00000000e+00]],

       ...,

       [[ 0.00000000e+00,  3.09102727e-01,  2.91854039e-01, ...,
         -1.86861849e-01,  7.15265457e-01,  9.96786770e-01],
        [-3.09102727e-01,  0.00000000e+00, -1.80837271e-02, ...,
         -4.81369227e-01,  4.64220620e-01,  9.23213412e-01],
        [-2.91854039e-01,  1.80837271e-02,  0.00000000e+00, ...,
         -4.65439801e-01,  4.80161820e-01,  9.30011797e-01],
        ...,
        [ 1.86861849e-01,  4.81369227e-01,  4.65439801e-01, ...,
          0.00000000e+00,  8.33255854e-01,  9.94197349e-01],
        [-7.15265457e-01, -4.64220620e-01, -4.80161820e-01, ...,
         -8.33255854e-01,  0.00000000e+00,  6.39313967e-01],
        [-9.96786770e-01, -9.23213412e-01, -9.30011797e-01, ...,
         -9.94197349e-01, -6.39313967e-01,  0.00000000e+00]],

       [[ 0.00000000e+00,  9.97944422e-05,  2.55597463e-02, ...,
         -9.42632602e-01, -9.97881807e-01, -9.58407653e-01],
        [-9.97944422e-05,  0.00000000e+00,  2.54599844e-02, ...,
         -9.42599283e-01, -9.97888294e-01, -9.58436130e-01],
        [-2.55597463e-02, -2.54599844e-02,  0.00000000e+00, ...,
         -9.33791981e-01, -9.99218535e-01, -9.65389362e-01],
        ...,
        [ 9.42632602e-01,  9.42599283e-01,  9.33791981e-01, ...,
          0.00000000e+00,  3.94445958e-01,  5.88977108e-01],
        [ 9.97881807e-01,  9.97888294e-01,  9.99218535e-01, ...,
         -3.94445958e-01,  0.00000000e+00,  2.22450948e-01],
        [ 9.58407653e-01,  9.58436130e-01,  9.65389362e-01, ...,
         -5.88977108e-01, -2.22450948e-01,  0.00000000e+00]],

       [[ 0.00000000e+00,  4.60671451e-02,  5.88292327e-02, ...,
         -9.92789043e-01, -9.76722522e-01, -9.16900096e-01],
        [-4.60671451e-02,  0.00000000e+00,  1.27794168e-02, ...,
         -9.86212764e-01, -9.65803870e-01, -8.97540494e-01],
        [-5.88292327e-02, -1.27794168e-02,  0.00000000e+00, ...,
         -9.84017463e-01, -9.62411635e-01, -8.91832346e-01],
        ...,
        [ 9.92789043e-01,  9.86212764e-01,  9.84017463e-01, ...,
          0.00000000e+00, -9.58756708e-02, -2.86325758e-01],
        [ 9.76722522e-01,  9.65803870e-01,  9.62411635e-01, ...,
          9.58756708e-02,  0.00000000e+00, -1.93145166e-01],
        [ 9.16900096e-01,  8.97540494e-01,  8.91832346e-01, ...,
          2.86325758e-01,  1.93145166e-01,  0.00000000e+00]]]), 'num': array([ 9.95647149e-01,  9.04909044e-02,  4.15209286e-06,  5.99441222e-03,
        6.32437986e-03,  5.99441222e-03,  1.43676162e-02, -3.29967645e-04,
        6.03290844e-03,  5.81224258e-03,  6.44238912e-03,  1.86813743e-06,
        6.31386116e-03,  5.31062400e-03])}
{'img': array([[[ 0.        ,  0.08569904,  0.47683744, ..., -0.59336967,
         -0.53521127, -0.78924515],
        [-0.08569904,  0.        ,  0.39975446, ..., -0.66016844,
         -0.6056338 , -0.83896748],
        [-0.47683744, -0.39975446,  0.        , ..., -0.9053877 ,
         -0.87323944, -0.98655528],
        ...,
        [ 0.59336967,  0.66016844,  0.9053877 , ...,  0.        ,
          0.07042254, -0.27091175],
        [ 0.53521127,  0.6056338 ,  0.87323944, ..., -0.07042254,
          0.        , -0.33802817],
        [ 0.78924515,  0.83896748,  0.98655528, ...,  0.27091175,
          0.33802817,  0.        ]],

       [[ 0.        , -0.07557379,  0.99994652, ...,  0.80500719,
          0.58775541,  0.25771229],
        [ 0.07557379,  0.        ,  0.99630534, ...,  0.75786975,
          0.64721667,  0.32999633],
        [-0.99994652, -0.99630534,  0.        , ...,  0.58490832,
         -0.8150737 , -0.96883517],
        ...,
        [-0.80500719, -0.75786975, -0.58490832, ...,  0.        ,
         -0.9999767 , -0.93070711],
        [-0.58775541, -0.64721667,  0.8150737 , ...,  0.9999767 ,
          0.        , -0.35940282],
        [-0.25771229, -0.32999633,  0.96883517, ...,  0.93070711,
          0.35940282,  0.        ]],

       [[ 0.        ,  0.02400499,  0.19515363, ..., -0.78506304,
         -0.7260455 , -0.71874655],
        [-0.02400499,  0.        ,  0.17155395, ..., -0.79970589,
         -0.74234324, -0.73522944],
        [-0.19515363, -0.17155395,  0.        , ..., -0.89084964,
         -0.84628234, -0.84061188],
        ...,
        [ 0.78506304,  0.79970589,  0.89084964, ...,  0.        ,
          0.09012186,  0.10062945],
        [ 0.7260455 ,  0.74234324,  0.84628234, ..., -0.09012186,
          0.        ,  0.01055556],
        [ 0.71874655,  0.73522944,  0.84061188, ..., -0.10062945,
         -0.01055556,  0.        ]],

       ...,

       [[ 0.        , -0.01808373,  0.21850107, ...,  0.46422062,
          0.92321341,  0.69329509],
        [ 0.01808373,  0.        ,  0.23611211, ...,  0.48016182,
          0.9300118 ,  0.70621383],
        [-0.21850107, -0.23611211,  0.        , ...,  0.25947284,
          0.81693827,  0.51907917],
        ...,
