state_0,state_1,state_2,state_3,state_4,state_5,state_6,state_7,state_8,state_9,state_10,state_11,state_12,state_13,state_14,state_15,state_16,state_17,state_18,state_19,state_20,state_21,state_22,state_23,state_24,state_25,state_26,state_27,state_28,state_29,state_30,state_31,state_32,state_33,state_34,state_35,state_36,state_37,state_38,state_39,state_40,state_41,state_42,state_43,state_44,state_45,state_46,state_47,state_48,state_49,state_50,state_51,state_52,state_53,state_54,state_55,state_56,state_57,state_58,state_59,state_60,state_61,state_62,state_63,state_64,state_65,state_66,state_67,state_68,state_69,state_70,state_71,state_72,state_73,state_74,state_75,state_76,state_77,state_78,state_79,state_80,state_81,state_82,state_83,state_84,state_85,state_86,state_87,state_88,state_89,state_90,state_91,state_92,state_93,state_94,state_95,state_96,state_97,state_98,state_99,state_100,state_101,state_102,state_103,state_104,state_105,state_106,state_107,state_108,state_109,state_110,state_111,state_112,state_113,state_114,state_115,state_116,state_117,state_118,state_119,state_120,state_121,state_122,state_123,state_124,state_125,state_126,state_127,state_128,state_129,state_130,state_131,state_132,state_133,state_134,state_135,state_136,state_137,state_138,state_139,state_140,state_141,state_142,state_143,state_144,state_145,state_146,state_147,state_148,state_149,state_150,state_151,state_152,state_153,state_154,state_155,state_156,state_157,state_158,state_159,state_160,state_161,state_162,state_163,state_164,state_165,state_166,state_167,state_168,state_169,state_170,state_171,state_172,state_173,state_174,state_175,state_176,state_177,state_178,state_179,state_180,state_181,state_182,state_183,state_184,state_185,state_186,state_187,state_188,state_189,state_190,state_191,state_192,state_193,state_194,state_195,state_196,state_197,state_198,state_199,state_200,state_201,state_202,state_203,state_204,state_205,state_206,state_207,state_208,state_209,state_210,state_211,state_212,state_213,state_214,state_215,state_216,state_217,state_218,state_219,state_220,state_221,state_222,state_223,state_224,state_225,state_226,state_227,state_228,state_229,state_230,state_231,state_232,state_233,state_234,state_235,state_236,state_237,state_238,state_239,state_240,state_241,state_242,state_243,state_244,state_245,state_246,state_247,state_248,state_249,state_250,state_251,state_252,state_253,state_254,state_255,state_256,state_257,state_258,state_259,state_260,state_261,state_262,state_263,state_264,state_265,state_266,state_267,state_268,state_269,state_270,state_271,state_272,state_273,state_274,state_275,state_276,state_277,state_278,state_279,state_280,state_281,state_282,state_283,state_284,state_285,state_286,state_287
{'img': array([[[ 0.        , -0.08615575, -0.12800095, ...,  0.94023464,
          0.95883254,  0.92977845],
        [ 0.08615575,  0.        , -0.04207797, ...,  0.96607693,
          0.97973312,  0.95803685],
        [ 0.12800095,  0.04207797,  0.        , ...,  0.97608813,
          0.98729393,  0.96924979],
        ...,
        [-0.94023464, -0.96607693, -0.97608813, ...,  0.        ,
          0.0595082 , -0.02950389],
        [-0.95883254, -0.97973312, -0.98729393, ..., -0.0595082 ,
          0.        , -0.08893389],
        [-0.92977845, -0.95803685, -0.96924979, ...,  0.02950389,
          0.08893389,  0.        ]],

       [[ 0.        , -0.33956758, -0.29555143, ...,  0.26966027,
         -0.10040519, -0.41319165],
        [ 0.33956758,  0.        ,  0.04640777, ...,  0.58062598,
          0.24341234, -0.07941528],
        [ 0.29555143, -0.04640777,  0.        , ...,  0.54221657,
          0.19813812, -0.12559091],
        ...,
        [-0.26966027, -0.58062598, -0.54221657, ...,  0.        ,
         -0.36498331, -0.64344971],
        [ 0.10040519, -0.24341234, -0.19813812, ...,  0.36498331,
          0.        , -0.31967024],
        [ 0.41319165,  0.07941528,  0.12559091, ...,  0.64344971,
          0.31967024,  0.        ]],

       [[ 0.        , -0.00360623, -0.02978429, ...,  0.98308144,
          0.99192965,  0.9984109 ],
        [ 0.00360623,  0.        , -0.02617947, ...,  0.9824145 ,
          0.99146597,  0.99820119],
        [ 0.02978429,  0.02617947,  0.        , ...,  0.97718974,
          0.98771325,  0.99628952],
        ...,
        [-0.98308144, -0.9824145 , -0.97718974, ...,  0.        ,
         -0.05704638, -0.12747828],
        [-0.99192965, -0.99146597, -0.98771325, ...,  0.05704638,
          0.        , -0.07068973],
        [-0.9984109 , -0.99820119, -0.99628952, ...,  0.12747828,
          0.07068973,  0.        ]],

       ...,

       [[ 0.        , -0.08327023, -0.46394433, ...,  0.21760536,
          0.25558906,  0.02281389],
        [ 0.08327023,  0.        , -0.38856692, ...,  0.29812444,
          0.33520586,  0.10598321],
        [ 0.46394433,  0.38856692,  0.        , ...,  0.64559559,
          0.67495189,  0.48403358],
        ...,
        [-0.21760536, -0.29812444, -0.64559559, ...,  0.        ,
          0.03908662, -0.19528153],
        [-0.25558906, -0.33520586, -0.67495189, ..., -0.03908662,
          0.        , -0.2334664 ],
        [-0.02281389, -0.10598321, -0.48403358, ...,  0.19528153,
          0.2334664 ,  0.        ]],

       [[ 0.        , -0.08719925, -0.16811123, ...,  0.84295335,
          0.84637684,  0.84470395],
        [ 0.08719925,  0.        , -0.08151264, ...,  0.88665448,
          0.88959386,  0.88815837],
        [ 0.16811123,  0.08151264,  0.        , ...,  0.92139807,
          0.92386467,  0.92266097],
        ...,
        [-0.84295335, -0.88665448, -0.92139807, ...,  0.        ,
          0.00639556,  0.00326232],
        [-0.84637684, -0.88959386, -0.92386467, ..., -0.00639556,
          0.        , -0.00313327],
        [-0.84470395, -0.88815837, -0.92266097, ..., -0.00326232,
          0.00313327,  0.        ]],

       [[ 0.        ,  0.03076033,  0.05511101, ...,  0.98970607,
          0.98536721,  0.98694831],
        [-0.03076033,  0.        ,  0.02437135, ...,  0.99363999,
          0.99014387,  0.99143484],
        [-0.05511101, -0.02437135,  0.        , ...,  0.99608916,
          0.99326308,  0.99432331],
        ...,
        [-0.98970607, -0.99363999, -0.99608916, ...,  0.        ,
          0.02766951,  0.01813255],
        [-0.98536721, -0.99014387, -0.99326308, ..., -0.02766951,
          0.        , -0.00953935],
        [-0.98694831, -0.99143484, -0.99432331, ..., -0.01813255,
          0.00953935,  0.        ]]]), 'num': array([7.07096883e-01, 7.07096883e-01, 0.00000000e+00, 1.63176204e-03,
       1.64730263e-03, 1.61622145e-03, 2.58286174e-03, 0.00000000e+00,
       1.64264045e-03, 1.64069788e-03, 1.59801305e-03, 7.99230385e-07,
       1.71059167e-03, 1.57080408e-03])}
{'img': array([[[ 0.        , -0.04207797, -0.43348082, ...,  0.97973312,
          0.95803685,  0.95803685],
        [ 0.04207797,  0.        , -0.3951778 , ...,  0.98729393,
          0.96924979,  0.96924979],
        [ 0.43348082,  0.3951778 ,  0.        , ...,  0.9697284 ,
          0.9876023 ,  0.9876023 ],
        ...,
        [-0.97973312, -0.98729393, -0.9697284 , ...,  0.        ,
         -0.08893389, -0.08893389],
        [-0.95803685, -0.96924979, -0.9876023 , ...,  0.08893389,
          0.        ,  0.        ],
        [-0.95803685, -0.96924979, -0.9876023 , ...,  0.08893389,
          0.        ,  0.        ]],

       [[ 0.        ,  0.04640777,  0.17387671, ...,  0.24341234,
         -0.07941528, -0.14352039],
        [-0.04640777,  0.        ,  0.12798852, ...,  0.19813812,
         -0.12559091, -0.18929308],
        [-0.17387671, -0.12798852,  0.        , ...,  0.07105754,
         -0.25153312, -0.31341083],
        ...,
        [-0.24341234, -0.19813812, -0.07105754, ...,  0.        ,
         -0.31967024, -0.38009609],
        [ 0.07941528,  0.12559091,  0.25153312, ...,  0.31967024,
          0.        , -0.06447398],
        [ 0.14352039,  0.18929308,  0.31341083, ...,  0.38009609,
          0.06447398,  0.        ]],

       [[ 0.        , -0.02617947, -0.08020301, ...,  0.99146597,
          0.99820119,  0.99987403],
        [ 0.02617947,  0.        , -0.05408039, ...,  0.98771325,
          0.99628952,  0.99994686],
        [ 0.08020301,  0.05408039,  0.        , ...,  0.97781628,
          0.99017711,  0.99792599],
        ...,
        [-0.99146597, -0.98771325, -0.97781628, ...,  0.        ,
         -0.07068973, -0.14608621],
        [-0.99820119, -0.99628952, -0.99017711, ...,  0.07068973,
          0.        , -0.07578939],
        [-0.99987403, -0.99994686, -0.99792599, ...,  0.14608621,
          0.07578939,  0.        ]],

       ...,

       [[ 0.        , -0.38856692, -0.40138711, ...,  0.33520586,
          0.10598321,  0.10598321],
        [ 0.38856692,  0.        , -0.01395457, ...,  0.67495189,
          0.48403358,  0.48403358],
        [ 0.40138711,  0.01395457,  0.        , ...,  0.68518272,
          0.49619739,  0.49619739],
        ...,
        [-0.33520586, -0.67495189, -0.68518272, ...,  0.        ,
         -0.2334664 , -0.2334664 ],
        [-0.10598321, -0.48403358, -0.49619739, ...,  0.2334664 ,
          0.        ,  0.        ],
        [-0.10598321, -0.48403358, -0.49619739, ...,  0.2334664 ,
          0.        ,  0.        ]],

       [[ 0.        , -0.08151264, -0.18536442, ...,  0.88959386,
          0.88815837,  0.88718834],
        [ 0.08151264,  0.        , -0.10464757, ...,  0.92386467,
          0.92266097,  0.9218466 ],
        [ 0.18536442,  0.10464757,  0.        , ...,  0.95884271,
          0.95794835,  0.95734176],
        ...,
        [-0.88959386, -0.92386467, -0.95884271, ...,  0.        ,
         -0.00313327, -0.00523984],
        [-0.88815837, -0.92266097, -0.95794835, ...,  0.00313327,
          0.        , -0.00210658],
        [-0.88718834, -0.9218466 , -0.95734176, ...,  0.00523984,
          0.00210658,  0.        ]],

       [[ 0.        ,  0.02437135,  0.04952389, ...,  0.99014387,
          0.99143484,  0.98430165],
        [-0.02437135,  0.        ,  0.02516774, ...,  0.99326308,
          0.99432331,  0.98831069],
        [-0.04952389, -0.02516774,  0.        , ...,  0.99586492,
          0.99668622,  0.99183454],
        ...,
        [-0.99014387, -0.99326308, -0.99586492, ...,  0.        ,
         -0.00953935,  0.03689946],
        [-0.99143484, -0.99432331, -0.99668622, ...,  0.00953935,
          0.        ,  0.04643063],
        [-0.98430165, -0.98831069, -0.99183454, ..., -0.03689946,
         -0.04643063,  0.        ]]]), 'num': array([8.14637147e-01, 5.79935578e-01, 2.21416575e-06, 1.89275459e-03,
       1.91061077e-03, 1.86597033e-03, 3.56391404e-03, 1.78561754e-05,
       1.88561212e-03, 1.88561212e-03, 1.84183473e-03, 9.92009743e-07,
       1.96598475e-03, 1.80523949e-03])}
{'img': array([[[ 0.00000000e+00, -3.95177802e-01, -3.05063992e-02, ...,
          9.69249790e-01,  9.69249790e-01,  9.82107864e-01],
        [ 3.95177802e-01,  0.00000000e+00,  3.66970554e-01, ...,
          9.87602299e-01,  9.87602299e-01,  9.76588443e-01],
        [ 3.05063992e-02, -3.66970554e-01,  0.00000000e+00, ...,
          9.76305656e-01,  9.76305656e-01,  9.87395706e-01],
        ...,
        [-9.69249790e-01, -9.87602299e-01, -9.76305656e-01, ...,
          0.00000000e+00,  0.00000000e+00,  5.91476577e-02],
        [-9.69249790e-01, -9.87602299e-01, -9.76305656e-01, ...,
          0.00000000e+00,  0.00000000e+00,  5.91476577e-02],
        [-9.82107864e-01, -9.76588443e-01, -9.87395706e-01, ...,
         -5.91476577e-02, -5.91476577e-02,  0.00000000e+00]],

       [[ 0.00000000e+00,  1.27988516e-01, -8.42585241e-02, ...,
         -1.25590906e-01, -1.89293080e-01,  8.28129668e-03],
        [-1.27988516e-01,  0.00000000e+00, -2.11098932e-01, ...,
         -2.51533120e-01, -3.13410832e-01, -1.19770939e-01],
        [ 8.42585241e-02,  2.11098932e-01,  0.00000000e+00, ...,
         -4.15529206e-02, -1.05884757e-01,  9.25074826e-02],
        ...,
        [ 1.25590906e-01,  2.51533120e-01,  4.15529206e-02, ...,
          0.00000000e+00, -6.44739775e-02,  1.33802326e-01],
        [ 1.89293080e-01,  3.13410832e-01,  1.05884757e-01, ...,
          6.44739775e-02,  0.00000000e+00,  1.97418165e-01],
        [-8.28129668e-03,  1.19770939e-01, -9.25074826e-02, ...,
         -1.33802326e-01, -1.97418165e-01,  0.00000000e+00]],

       [[ 0.00000000e+00, -5.40803868e-02, -1.13482303e-01, ...,
          9.96289524e-01,  9.99946858e-01,  9.99995923e-01],
        [ 5.40803868e-02,  0.00000000e+00, -5.95852027e-02, ...,
          9.90177110e-01,  9.97925990e-01,  9.98378089e-01],
        [ 1.13482303e-01,  5.95852027e-02,  0.00000000e+00, ...,
          9.80086656e-01,  9.92317297e-01,  9.93211920e-01],
        ...,
        [-9.96289524e-01, -9.90177110e-01, -9.80086656e-01, ...,
          0.00000000e+00, -7.57893905e-02, -8.32197663e-02],
        [-9.99946858e-01, -9.97925990e-01, -9.92317297e-01, ...,
          7.57893905e-02,  0.00000000e+00, -7.45391988e-03],
        [-9.99995923e-01, -9.98378089e-01, -9.93211920e-01, ...,
          8.32197663e-02,  7.45391988e-03,  0.00000000e+00]],

       ...,

       [[ 0.00000000e+00, -1.39545707e-02,  4.42193309e-01, ...,
          4.84033585e-01,  4.84033585e-01,  5.95662945e-01],
        [ 1.39545707e-02,  0.00000000e+00,  4.54666383e-01, ...,
          4.96197393e-01,  4.96197393e-01,  6.06813738e-01],
        [-4.42193309e-01, -4.54666383e-01,  0.00000000e+00, ...,
          4.71982932e-02,  4.71982932e-02,  1.79076953e-01],
        ...,
        [-4.84033585e-01, -4.96197393e-01, -4.71982932e-02, ...,
          0.00000000e+00,  0.00000000e+00,  1.32442043e-01],
        [-4.84033585e-01, -4.96197393e-01, -4.71982932e-02, ...,
          0.00000000e+00,  0.00000000e+00,  1.32442043e-01],
        [-5.95662945e-01, -6.06813738e-01, -1.79076953e-01, ...,
         -1.32442043e-01, -1.32442043e-01,  0.00000000e+00]],

       [[ 0.00000000e+00, -1.04647565e-01, -1.91547661e-01, ...,
          9.22660966e-01,  9.21846596e-01,  9.22539355e-01],
        [ 1.04647565e-01,  0.00000000e+00, -8.77861044e-02, ...,
          9.57948351e-01,  9.57341762e-01,  9.57857844e-01],
        [ 1.91547661e-01,  8.77861044e-02,  0.00000000e+00, ...,
          9.79439450e-01,  9.79012299e-01,  9.79375803e-01],
        ...,
        [-9.22660966e-01, -9.57948351e-01, -9.79439450e-01, ...,
          0.00000000e+00, -2.10657977e-03, -3.15253581e-04],
        [-9.21846596e-01, -9.57341762e-01, -9.79012299e-01, ...,
          2.10657977e-03,  0.00000000e+00,  1.79132678e-03],
        [-9.22539355e-01, -9.57857844e-01, -9.79375803e-01, ...,
          3.15253581e-04, -1.79132678e-03,  0.00000000e+00]],

       [[ 0.00000000e+00,  2.51677383e-02,  4.98716719e-02, ...,
          9.94323313e-01,  9.88310691e-01,  9.87612293e-01],
        [-2.51677383e-02,  0.00000000e+00,  2.47194542e-02, ...,
          9.96686223e-01,  9.91834538e-01,  9.91248626e-01],
        [-4.98716719e-02, -2.47194542e-02,  0.00000000e+00, ...,
          9.98392401e-01,  9.94683967e-01,  9.94208898e-01],
        ...,
        [-9.94323313e-01, -9.96686223e-01, -9.98392401e-01, ...,
          0.00000000e+00,  4.64306343e-02,  5.09402824e-02],
        [-9.88310691e-01, -9.91834538e-01, -9.94683967e-01, ...,
         -4.64306343e-02,  0.00000000e+00,  4.51499073e-03],
        [-9.87612293e-01, -9.91248626e-01, -9.94208898e-01, ...,
         -5.09402824e-02, -4.51499073e-03,  0.00000000e+00]]]), 'num': array([7.58376805e-01, 6.51771351e-01, 9.96312657e-07, 1.77675757e-03,
       1.79336278e-03, 1.71863933e-03, 5.83789401e-03, 1.66052110e-05,
       1.75849184e-03, 1.75724645e-03, 1.71847328e-03, 9.42457919e-07,
       1.82872123e-03, 1.68577167e-03])}
{'img': array([[[ 0.        ,  0.36697055,  0.43348082, ...,  0.9876023 ,
          0.97658844,  0.9619414 ],
        [-0.36697055,  0.        ,  0.07253777, ...,  0.97630566,
          0.98739571,  0.99510605],
        [-0.43348082, -0.07253777,  0.        , ...,  0.95803685,
          0.97331395,  0.98531695],
        ...,
        [-0.9876023 , -0.97630566, -0.95803685, ...,  0.        ,
          0.05914766,  0.11886564],
        [-0.97658844, -0.98739571, -0.97331395, ..., -0.05914766,
          0.        ,  0.05992921],
        [-0.9619414 , -0.99510605, -0.98531695, ..., -0.11886564,
         -0.05992921,  0.        ]],

       [[ 0.        , -0.21109893, -0.47755258, ..., -0.31341083,
         -0.11977094,  0.34954093],
        [ 0.21109893,  0.        , -0.2813186 , ..., -0.10588476,
          0.09250748,  0.53944696],
        [ 0.47755258,  0.2813186 ,  0.        , ...,  0.1781286 ,
          0.36888382,  0.75453686],
        ...,
        [ 0.31341083,  0.10588476, -0.1781286 , ...,  0.        ,
          0.19741817,  0.62557145],
        [ 0.11977094, -0.09250748, -0.36888382, ..., -0.19741817,
          0.        ,  0.4592407 ],
        [-0.34954093, -0.53944696, -0.75453686, ..., -0.62557145,
         -0.4592407 ,  0.        ]],

       [[ 0.        , -0.0595852 , -0.10165912, ...,  0.99792599,
          0.99837809,  0.99685018],
        [ 0.0595852 ,  0.        , -0.04220199, ...,  0.9923173 ,
          0.99321192,  0.99035343],
        [ 0.10165912,  0.04220199,  0.        , ...,  0.98621205,
          0.98741818,  0.98362343],
        ...,
        [-0.99792599, -0.9923173 , -0.98621205, ...,  0.        ,
         -0.00745392,  0.01497431],
        [-0.99837809, -0.99321192, -0.98741818, ...,  0.00745392,
          0.        ,  0.02242698],
        [-0.99685018, -0.99035343, -0.98362343, ..., -0.01497431,
         -0.02242698,  0.        ]],

       ...,

       [[ 0.        ,  0.45466638,  0.60924469, ...,  0.49619739,
          0.60681374,  0.63653819],
        [-0.45466638,  0.        ,  0.18208859, ...,  0.04719829,
          0.17907695,  0.21628101],
        [-0.60924469, -0.18208859,  0.        , ..., -0.13547642,
         -0.00306198,  0.03488649],
        ...,
        [-0.49619739, -0.04719829,  0.13547642, ...,  0.        ,
          0.13244204,  0.16995881],
        [-0.60681374, -0.17907695,  0.00306198, ..., -0.13244204,
          0.        ,  0.03794644],
        [-0.63653819, -0.21628101, -0.03488649, ..., -0.16995881,
         -0.03794644,  0.        ]],

       [[ 0.        , -0.0877861 , -0.25428681, ...,  0.95734176,
          0.95785784,  0.95836463],
        [ 0.0877861 ,  0.        , -0.16840462, ...,  0.9790123 ,
          0.9793758 ,  0.9797318 ],
        [ 0.25428681,  0.16840462,  0.        , ...,  0.99935106,
          0.99941398,  0.99947299],
        ...,
        [-0.95734176, -0.9790123 , -0.99935106, ...,  0.        ,
          0.00179133,  0.00356087],
        [-0.95785784, -0.9793758 , -0.99941398, ..., -0.00179133,
          0.        ,  0.00176955],
        [-0.95836463, -0.9797318 , -0.99947299, ..., -0.00356087,
         -0.00176955,  0.        ]],

       [[ 0.        ,  0.02471945,  0.08540813, ...,  0.99183454,
          0.99124863,  0.97250056],
        [-0.02471945,  0.        ,  0.0607529 , ...,  0.99468397,
          0.9942089 ,  0.97796057],
        [-0.08540813, -0.0607529 ,  0.        , ...,  0.99910264,
          0.99890123,  0.98883869],
        ...,
        [-0.99183454, -0.99468397, -0.99910264, ...,  0.        ,
          0.00451499,  0.10697445],
        [-0.99124863, -0.9942089 , -0.99890123, ..., -0.00451499,
          0.        ,  0.10248428],
        [-0.97250056, -0.97796057, -0.98883869, ..., -0.10697445,
         -0.10248428,  0.        ]]]), 'num': array([ 8.45333358e-01,  5.34058638e-01,  2.99302615e-06,  1.94546700e-03,
        1.98287983e-03,  1.91740738e-03,  1.27298827e-02, -5.61192403e-05,
        1.97165598e-03,  1.98054152e-03,  1.94181925e-03,  9.35320672e-07,
        2.05899146e-03,  1.90209159e-03])}
{'img': array([[[ 0.        ,  0.09002905, -0.0448841 , ...,  0.99652246,
          0.99974139,  0.97951795],
        [-0.09002905,  0.        , -0.13464015, ...,  0.98497409,
          0.99363423,  0.9574123 ],
        [ 0.0448841 ,  0.13464015,  0.        , ...,  0.99925812,
          0.99975456,  0.98756852],
        ...,
        [-0.99652246, -0.98497409, -0.99925812, ...,  0.        ,
          0.06064106, -0.11903873],
        [-0.99974139, -0.99363423, -0.99975456, ..., -0.06064106,
          0.        , -0.17902953],
        [-0.97951795, -0.9574123 , -0.98756852, ...,  0.11903873,
          0.17902953,  0.        ]],

       [[ 0.        , -0.2813186 ,  0.180499  , ...,  0.09250748,
          0.53944696,  0.94938058],
        [ 0.2813186 ,  0.        ,  0.44990744, ...,  0.36888382,
          0.75453686,  0.9994094 ],
        [-0.180499  , -0.44990744,  0.        , ..., -0.08873696,
          0.37860294,  0.87708734],
        ...,
        [-0.09250748, -0.36888382,  0.08873696, ...,  0.        ,
          0.4592407 ,  0.91625042],
        [-0.53944696, -0.75453686, -0.37860294, ..., -0.4592407 ,
          0.        ,  0.62994155],
        [-0.94938058, -0.9994094 , -0.87708734, ..., -0.91625042,
         -0.62994155,  0.        ]],

       [[ 0.        , -0.04220199, -0.09498442, ...,  0.99321192,
          0.99035343,  0.99482908],
        [ 0.04220199,  0.        , -0.05288861, ...,  0.98741818,
          0.98362343,  0.98965662],
        [ 0.09498442,  0.05288861,  0.        , ...,  0.97767289,
          0.97271435,  0.9806843 ],
        ...,
        [-0.99321192, -0.98741818, -0.97767289, ...,  0.        ,
          0.02242698, -0.01484357],
        [-0.99035343, -0.98362343, -0.97271435, ..., -0.02242698,
          0.        , -0.03726434],
        [-0.99482908, -0.98965662, -0.9806843 , ...,  0.01484357,
          0.03726434,  0.        ]],

       ...,

       [[ 0.        ,  0.18208859,  0.21260015, ...,  0.17907695,
          0.21628101,  0.        ],
        [-0.18208859,  0.        ,  0.03112001, ..., -0.00306198,
          0.03488649, -0.18208859],
        [-0.21260015, -0.03112001,  0.        , ..., -0.03418035,
          0.00376853, -0.21260015],
        ...,
        [-0.17907695,  0.00306198,  0.03418035, ...,  0.        ,
          0.03794644, -0.17907695],
        [-0.21628101, -0.03488649, -0.00376853, ..., -0.03794644,
          0.        , -0.21628101],
        [ 0.        ,  0.18208859,  0.21260015, ...,  0.17907695,
          0.21628101,  0.        ]],

       [[ 0.        , -0.16840462, -0.17989258, ...,  0.9793758 ,
          0.9797318 ,  0.97896439],
        [ 0.16840462,  0.        , -0.01166603, ...,  0.99941398,
          0.99947299,  0.99934257],
        [ 0.17989258,  0.01166603,  0.        , ...,  0.9997453 ,
          0.99978367,  0.99969752],
        ...,
        [-0.9793758 , -0.99941398, -0.9997453 , ...,  0.        ,
          0.00176955, -0.00202628],
        [-0.9797318 , -0.99947299, -0.99978367, ..., -0.00176955,
          0.        , -0.00379582],
        [-0.97896439, -0.99934257, -0.99969752, ...,  0.00202628,
          0.00379582,  0.        ]],

       [[ 0.        ,  0.0607529 ,  0.05604519, ...,  0.9942089 ,
          0.97796057,  0.96623127],
        [-0.0607529 ,  0.        , -0.00471574, ...,  0.99890123,
          0.98883869,  0.98010107],
        [-0.05604519,  0.00471574,  0.        , ...,  0.99866911,
          0.9881251 ,  0.9791541 ],
        ...,
        [-0.9942089 , -0.99890123, -0.99866911, ...,  0.        ,
          0.10248428,  0.15234841],
        [-0.97796057, -0.98883869, -0.9881251 , ..., -0.10248428,
          0.        ,  0.05025828],
        [-0.96623127, -0.98010107, -0.9791541 , ..., -0.15234841,
         -0.05025828,  0.        ]]]), 'num': array([ 7.81206957e-01,  6.24226566e-01,  1.54660483e-06,  1.76382461e-03,
        1.78989098e-03,  1.75513582e-03,  5.54609017e-03, -4.34439559e-05,
        1.81943287e-03,  1.83811378e-03,  1.80828226e-03,  8.10953844e-07,
        1.91630807e-03,  1.75991948e-03])}
{'img': array([[[ 0.        , -0.13464015, -0.22288599, ...,  0.99363423,
          0.9574123 ,  0.90452534],
        [ 0.13464015,  0.        , -0.0896033 , ...,  0.99975456,
          0.98756852,  0.95370247],
        [ 0.22288599,  0.0896033 ,  0.        , ...,  0.99374798,
          0.99768072,  0.97681458],
        ...,
        [-0.99363423, -0.99975456, -0.99374798, ...,  0.        ,
         -0.17902953, -0.32180658],
        [-0.9574123 , -0.98756852, -0.99768072, ...,  0.17902953,
          0.        , -0.14710125],
        [-0.90452534, -0.95370247, -0.97681458, ...,  0.32180658,
          0.14710125,  0.        ]],

       [[ 0.        ,  0.44990744,  0.51260415, ...,  0.75453686,
          0.9994094 ,  0.69822298],
        [-0.44990744,  0.        ,  0.07149224, ...,  0.37860294,
          0.87708734,  0.30148573],
        [-0.51260415, -0.07149224,  0.        , ...,  0.31146385,
          0.84050308,  0.23254852],
        ...,
        [-0.75453686, -0.37860294, -0.31146385, ...,  0.        ,
          0.62994155, -0.08194392],
        [-0.9994094 , -0.87708734, -0.84050308, ..., -0.62994155,
          0.        , -0.69146416],
        [-0.69822298, -0.30148573, -0.23254852, ...,  0.08194392,
          0.69146416,  0.        ]],

       [[ 0.        , -0.05288861, -0.13618581, ...,  0.98362343,
          0.98965662,  0.99571478],
        [ 0.05288861,  0.        , -0.08359934, ...,  0.97271435,
          0.9806843 ,  0.98943019],
        [ 0.13618581,  0.08359934,  0.        , ...,  0.94991376,
          0.96089955,  0.9738439 ],
        ...,
        [-0.98362343, -0.97271435, -0.94991376, ...,  0.        ,
         -0.03726434, -0.08850046],
        [-0.98965662, -0.9806843 , -0.96089955, ...,  0.03726434,
          0.        , -0.05132087],
        [-0.99571478, -0.98943019, -0.9738439 , ...,  0.08850046,
          0.05132087,  0.        ]],

       ...,

       [[ 0.        ,  0.03112001,  0.07957457, ...,  0.03488649,
         -0.18208859, -0.29256963],
        [-0.03112001,  0.        ,  0.04851471, ...,  0.00376853,
         -0.21260015, -0.32218625],
        [-0.07957457, -0.04851471,  0.        , ..., -0.04475027,
         -0.25975543, -0.36773459],
        ...,
        [-0.03488649, -0.00376853,  0.04475027, ...,  0.        ,
         -0.21628101, -0.32575154],
        [ 0.18208859,  0.21260015,  0.25975543, ...,  0.21628101,
          0.        , -0.11355733],
        [ 0.29256963,  0.32218625,  0.36773459, ...,  0.32575154,
          0.11355733,  0.        ]],

       [[ 0.        , -0.01166603, -0.02490017, ...,  0.99947299,
          0.99934257,  0.99972753],
        [ 0.01166603,  0.        , -0.01323606, ...,  0.99978367,
          0.99969752,  0.99993181],
        [ 0.02490017,  0.01323606,  0.        , ...,  0.99997139,
          0.99993547,  0.99999879],
        ...,
        [-0.99947299, -0.99978367, -0.99997139, ...,  0.        ,
         -0.00379582,  0.00912273],
        [-0.99934257, -0.99969752, -0.99993547, ...,  0.00379582,
          0.        ,  0.01291833],
        [-0.99972753, -0.99993181, -0.99999879, ..., -0.00912273,
         -0.01291833,  0.        ]],

       [[ 0.        , -0.00471574, -0.01153482, ...,  0.98883869,
          0.98010107,  0.9962836 ],
        [ 0.00471574,  0.        , -0.00681927, ...,  0.9881251 ,
          0.9791541 ,  0.99586634],
        [ 0.01153482,  0.00681927,  0.        , ...,  0.98705433,
          0.97774621,  0.99522379],
        ...,
        [-0.98883869, -0.9881251 , -0.98705433, ...,  0.        ,
          0.05025828, -0.0632642 ],
        [-0.98010107, -0.9791541 , -0.97774621, ..., -0.05025828,
          0.        , -0.11334185],
        [-0.9962836 , -0.99586634, -0.99522379, ...,  0.0632642 ,
          0.11334185,  0.        ]]]), 'num': array([8.50074855e-01, 5.26614841e-01, 3.08057157e-06, 1.96036372e-03,
       1.96036372e-03, 1.91368840e-03, 4.34289644e-03, 6.53454574e-05,
       1.95476268e-03, 1.97529983e-03, 1.94844596e-03, 8.92919294e-07,
       2.05887864e-03, 1.89172101e-03])}
{'img': array([[[ 0.00000000e+00, -8.96033003e-02, -2.41095183e-01, ...,
          9.87568517e-01,  9.53702475e-01,  9.95158372e-01],
        [ 8.96033003e-02,  0.00000000e+00, -1.53165251e-01, ...,
          9.97680722e-01,  9.76814585e-01,  9.99961984e-01],
        [ 2.41095183e-01,  1.53165251e-01,  0.00000000e+00, ...,
          9.96334246e-01,  9.98079446e-01,  9.89498553e-01],
        ...,
        [-9.87568517e-01, -9.97680722e-01, -9.96334246e-01, ...,
          0.00000000e+00, -1.47101248e-01,  5.93655457e-02],
        [-9.53702475e-01, -9.76814585e-01, -9.98079446e-01, ...,
          1.47101248e-01,  0.00000000e+00,  2.05561541e-01],
        [-9.95158372e-01, -9.99961984e-01, -9.89498553e-01, ...,
         -5.93655457e-02, -2.05561541e-01,  0.00000000e+00]],

       [[ 0.00000000e+00,  7.14922448e-02,  4.60256727e-01, ...,
          8.77087345e-01,  3.01485730e-01,  4.48110500e-02],
        [-7.14922448e-02,  0.00000000e+00,  3.95609197e-01, ...,
          8.40503079e-01,  2.32548515e-01, -2.67240439e-02],
        [-4.60256727e-01, -3.95609197e-01,  0.00000000e+00, ...,
          5.57590213e-01, -1.71186528e-01, -4.20011773e-01],
        ...,
        [-8.77087345e-01, -8.40503079e-01, -5.57590213e-01, ...,
          0.00000000e+00, -6.91464157e-01, -8.54682161e-01],
        [-3.01485730e-01, -2.32548515e-01,  1.71186528e-01, ...,
          6.91464157e-01,  0.00000000e+00, -2.58456859e-01],
        [-4.48110500e-02,  2.67240439e-02,  4.20011773e-01, ...,
          8.54682161e-01,  2.58456859e-01,  0.00000000e+00]],

       [[ 0.00000000e+00, -8.35993422e-02, -1.87148631e-02, ...,
          9.80684296e-01,  9.89430190e-01,  9.89430190e-01],
        [ 8.35993422e-02,  0.00000000e+00,  6.49353500e-02, ...,
          9.60899552e-01,  9.73843898e-01,  9.73843898e-01],
        [ 1.87148631e-02, -6.49353500e-02,  0.00000000e+00, ...,
          9.76851963e-01,  9.86543060e-01,  9.86543060e-01],
        ...,
        [-9.80684296e-01, -9.60899552e-01, -9.76851963e-01, ...,
          0.00000000e+00, -5.13208669e-02, -5.13208669e-02],
        [-9.89430190e-01, -9.73843898e-01, -9.86543060e-01, ...,
          5.13208669e-02,  0.00000000e+00,  0.00000000e+00],
        [-9.89430190e-01, -9.73843898e-01, -9.86543060e-01, ...,
          5.13208669e-02,  0.00000000e+00,  0.00000000e+00]],

       ...,

       [[ 0.00000000e+00,  4.85147059e-02, -3.42115686e-01, ...,
         -2.12600146e-01, -3.22186254e-01, -2.83831899e-01],
        [-4.85147059e-02,  0.00000000e+00, -3.87300058e-01, ...,
         -2.59755427e-01, -3.67734591e-01, -3.30017171e-01],
        [ 3.42115686e-01,  3.87300058e-01,  0.00000000e+00, ...,
          1.34523282e-01,  2.11279727e-02,  6.13409858e-02],
        ...,
        [ 2.12600146e-01,  2.59755427e-01, -1.34523282e-01, ...,
          0.00000000e+00, -1.13557325e-01, -7.34865344e-02],
        [ 3.22186254e-01,  3.67734591e-01, -2.11279727e-02, ...,
          1.13557325e-01,  0.00000000e+00,  4.02391073e-02],
        [ 2.83831899e-01,  3.30017171e-01, -6.13409858e-02, ...,
          7.34865344e-02, -4.02391073e-02,  0.00000000e+00]],

       [[ 0.00000000e+00, -1.32360595e-02, -1.50254477e-01, ...,
          9.99697516e-01,  9.99931812e-01,  9.99933188e-01],
        [ 1.32360595e-02,  0.00000000e+00, -1.37155519e-01, ...,
          9.99935473e-01,  9.99998786e-01,  9.99998594e-01],
        [ 1.50254477e-01,  1.37155519e-01,  0.00000000e+00, ...,
          9.92043701e-01,  9.90334580e-01,  9.90318151e-01],
        ...,
        [-9.99697516e-01, -9.99935473e-01, -9.92043701e-01, ...,
          0.00000000e+00,  1.29183259e-02,  1.30367155e-02],
        [-9.99931812e-01, -9.99998786e-01, -9.90334580e-01, ...,
         -1.29183259e-02,  0.00000000e+00,  1.18399548e-04],
        [-9.99933188e-01, -9.99998594e-01, -9.90318151e-01, ...,
         -1.30367155e-02, -1.18399548e-04,  0.00000000e+00]],

       [[ 0.00000000e+00, -6.81926754e-03,  1.07771583e-02, ...,
          9.79154101e-01,  9.95866342e-01,  9.94755765e-01],
        [ 6.81926754e-03,  0.00000000e+00,  1.75957792e-02, ...,
          9.77746213e-01,  9.95223788e-01,  9.94035168e-01],
        [-1.07771583e-02, -1.75957792e-02,  0.00000000e+00, ...,
          9.81286280e-01,  9.96787405e-01,  9.95800270e-01],
        ...,
        [-9.79154101e-01, -9.77746213e-01, -9.81286280e-01, ...,
          0.00000000e+00, -1.13341854e-01, -1.01906814e-01],
        [-9.95866342e-01, -9.95223788e-01, -9.96787405e-01, ...,
          1.13341854e-01,  0.00000000e+00,  1.15016595e-02],
        [-9.94755765e-01, -9.94035168e-01, -9.95800270e-01, ...,
          1.01906814e-01, -1.15016595e-02,  0.00000000e+00]]]), 'num': array([ 8.30744444e-01,  5.56609873e-01,  2.63590934e-06,  1.90371230e-03,
        1.93116969e-03,  1.88540737e-03,  4.43111003e-03, -1.83049259e-05,
        1.90920378e-03,  1.93620354e-03,  1.91579355e-03,  7.23683119e-07,
        2.01877377e-03,  1.85363331e-03])}
{'img': array([[[ 0.00000000e+00, -1.53165251e-01, -1.53165251e-01, ...,
          9.76814585e-01,  9.99961984e-01,  9.97680722e-01],
        [ 1.53165251e-01,  0.00000000e+00,  0.00000000e+00, ...,
          9.98079446e-01,  9.89498553e-01,  9.96334246e-01],
        [ 1.53165251e-01,  0.00000000e+00,  0.00000000e+00, ...,
          9.98079446e-01,  9.89498553e-01,  9.96334246e-01],
        ...,
        [-9.76814585e-01, -9.98079446e-01, -9.98079446e-01, ...,
          0.00000000e+00,  2.05561541e-01,  1.47101248e-01],
        [-9.99961984e-01, -9.89498553e-01, -9.89498553e-01, ...,
         -2.05561541e-01,  0.00000000e+00, -5.93655457e-02],
        [-9.97680722e-01, -9.96334246e-01, -9.96334246e-01, ...,
         -1.47101248e-01,  5.93655457e-02,  0.00000000e+00]],

       [[ 0.00000000e+00,  3.95609197e-01, -6.50621592e-02, ...,
          2.32548515e-01, -2.67240439e-02,  6.53737509e-03],
        [-3.95609197e-01,  0.00000000e+00, -4.54525305e-01, ...,
         -1.71186528e-01, -4.20011773e-01, -3.89596694e-01],
        [ 6.50621592e-02,  4.54525305e-01,  0.00000000e+00, ...,
          2.95334262e-01,  3.83715008e-02,  7.15842927e-02],
        ...,
        [-2.32548515e-01,  1.71186528e-01, -2.95334262e-01, ...,
          0.00000000e+00, -2.58456859e-01, -2.26185395e-01],
        [ 2.67240439e-02,  4.20011773e-01, -3.83715008e-02, ...,
          2.58456859e-01,  0.00000000e+00,  3.32585131e-02],
        [-6.53737509e-03,  3.89596694e-01, -7.15842927e-02, ...,
          2.26185395e-01, -3.32585131e-02,  0.00000000e+00]],

       [[ 0.00000000e+00,  6.49353500e-02, -7.44580074e-02, ...,
          9.73843898e-01,  9.73843898e-01,  9.80015421e-01],
        [-6.49353500e-02,  0.00000000e+00, -1.39055961e-01, ...,
          9.86543060e-01,  9.86543060e-01,  9.90864111e-01],
        [ 7.44580074e-02,  1.39055961e-01,  0.00000000e+00, ...,
          9.54222446e-01,  9.54222446e-01,  9.62483744e-01],
        ...,
        [-9.73843898e-01, -9.86543060e-01, -9.54222446e-01, ...,
          0.00000000e+00,  0.00000000e+00, -2.89587213e-02],
        [-9.73843898e-01, -9.86543060e-01, -9.54222446e-01, ...,
          0.00000000e+00,  0.00000000e+00, -2.89587213e-02],
        [-9.80015421e-01, -9.90864111e-01, -9.62483744e-01, ...,
          2.89587213e-02,  2.89587213e-02,  0.00000000e+00]],

       ...,

       [[ 0.00000000e+00, -3.87300058e-01, -6.14358100e-01, ...,
         -3.67734591e-01, -3.30017171e-01, -6.04375316e-01],
        [ 3.87300058e-01,  0.00000000e+00, -2.60819407e-01, ...,
          2.11279727e-02,  6.13409858e-02, -2.48644217e-01],
        [ 6.14358100e-01,  2.60819407e-01,  0.00000000e+00, ...,
          2.81157870e-01,  3.19546078e-01,  1.25902983e-02],
        ...,
        [ 3.67734591e-01, -2.11279727e-02, -2.81157870e-01, ...,
          0.00000000e+00,  4.02391073e-02, -2.69053160e-01],
        [ 3.30017171e-01, -6.13409858e-02, -3.19546078e-01, ...,
         -4.02391073e-02,  0.00000000e+00, -3.07590552e-01],
        [ 6.04375316e-01,  2.48644217e-01, -1.25902983e-02, ...,
          2.69053160e-01,  3.07590552e-01,  0.00000000e+00]],

       [[ 0.00000000e+00, -1.37155519e-01, -3.21046361e-01, ...,
          9.99998786e-01,  9.99998594e-01,  9.99997455e-01],
        [ 1.37155519e-01,  0.00000000e+00, -1.88117337e-01, ...,
          9.90334580e-01,  9.90318151e-01,  9.90237574e-01],
        [ 3.21046361e-01,  1.88117337e-01,  0.00000000e+00, ...,
          9.46562011e-01,  9.46523818e-01,  9.46336770e-01],
        ...,
        [-9.99998786e-01, -9.90334580e-01, -9.46562011e-01, ...,
          0.00000000e+00,  1.18399548e-04,  6.97659094e-04],
        [-9.99998594e-01, -9.90318151e-01, -9.46523818e-01, ...,
         -1.18399548e-04,  0.00000000e+00,  5.79259570e-04],
        [-9.99997455e-01, -9.90237574e-01, -9.46336770e-01, ...,
         -6.97659094e-04, -5.79259570e-04,  0.00000000e+00]],

       [[ 0.00000000e+00,  1.75957792e-02,  2.11098667e-02, ...,
          9.95223788e-01,  9.94035168e-01,  9.95474355e-01],
        [-1.75957792e-02,  0.00000000e+00,  3.51474029e-03, ...,
          9.96787405e-01,  9.95800270e-01,  9.96992375e-01],
        [-2.11098667e-02, -3.51474029e-03,  0.00000000e+00, ...,
          9.97062753e-01,  9.96115902e-01,  9.97258608e-01],
        ...,
        [-9.95223788e-01, -9.96787405e-01, -9.97062753e-01, ...,
          0.00000000e+00,  1.15016595e-02, -2.60126148e-03],
        [-9.94035168e-01, -9.95800270e-01, -9.96115902e-01, ...,
         -1.15016595e-02,  0.00000000e+00, -1.41027100e-02],
        [-9.95474355e-01, -9.96992375e-01, -9.97258608e-01, ...,
          2.60126148e-03,  1.41027100e-02,  0.00000000e+00]]]), 'num': array([ 7.54910892e-01,  6.55799803e-01,  9.66937453e-07,  1.70881188e-03,
        1.73381888e-03,  1.70047621e-03,  3.46180279e-03, -2.50070031e-05,
        1.72381608e-03,  1.76216015e-03,  1.74946215e-03,  5.42787664e-07,
        1.84007078e-03,  1.68424952e-03])}
{'img': array([[[ 0.00000000e+00,  0.00000000e+00,  6.65595506e-01, ...,
          9.89498553e-01,  9.96334246e-01,  9.99995649e-01],
        [ 0.00000000e+00,  0.00000000e+00,  6.65595506e-01, ...,
          9.89498553e-01,  9.96334246e-01,  9.99995649e-01],
        [-6.65595506e-01, -6.65595506e-01,  0.00000000e+00, ...,
          8.34682341e-01,  8.00515734e-01,  7.44346029e-01],
        ...,
        [-9.89498553e-01, -9.89498553e-01, -8.34682341e-01, ...,
          0.00000000e+00, -5.93655457e-02, -1.47461019e-01],
        [-9.96334246e-01, -9.96334246e-01, -8.00515734e-01, ...,
          5.93655457e-02,  0.00000000e+00, -8.84843896e-02],
        [-9.99995649e-01, -9.99995649e-01, -7.44346029e-01, ...,
          1.47461019e-01,  8.84843896e-02,  0.00000000e+00]],

       [[ 0.00000000e+00, -4.54525305e-01,  5.38244175e-01, ...,
         -4.20011773e-01, -3.89596694e-01, -5.06612203e-01],
        [ 4.54525305e-01,  0.00000000e+00,  8.62501196e-01, ...,
          3.83715008e-02,  7.15842927e-02, -5.93767065e-02],
        [-5.38244175e-01, -8.62501196e-01,  0.00000000e+00, ...,
         -8.42447910e-01, -8.24062904e-01, -8.91027320e-01],
        ...,
        [ 4.20011773e-01, -3.83715008e-02,  8.42447910e-01, ...,
          0.00000000e+00,  3.32585131e-02, -9.76367780e-02],
        [ 3.89596694e-01, -7.15842927e-02,  8.24062904e-01, ...,
         -3.32585131e-02,  0.00000000e+00, -1.30682371e-01],
        [ 5.06612203e-01,  5.93767065e-02,  8.91027320e-01, ...,
          9.76367780e-02,  1.30682371e-01,  0.00000000e+00]],

       [[ 0.00000000e+00, -1.39055961e-01,  1.54280462e-01, ...,
          9.86543060e-01,  9.90864111e-01,  9.97485927e-01],
        [ 1.39055961e-01,  0.00000000e+00,  2.90172611e-01, ...,
          9.54222446e-01,  9.62483744e-01,  9.77940698e-01],
        [-1.54280462e-01, -2.90172611e-01,  0.00000000e+00, ...,
          9.99956384e-01,  9.99807477e-01,  9.96476182e-01],
        ...,
        [-9.86543060e-01, -9.54222446e-01, -9.99956384e-01, ...,
          0.00000000e+00, -2.89587213e-02, -9.31793786e-02],
        [-9.90864111e-01, -9.62483744e-01, -9.99807477e-01, ...,
          2.89587213e-02,  0.00000000e+00, -6.43075683e-02],
