state_0,state_1,state_2,state_3,state_4,state_5,state_6,state_7,state_8,state_9,state_10,state_11,state_12,state_13,state_14,state_15,state_16,state_17,state_18,state_19,state_20,state_21,state_22,state_23,state_24,state_25,state_26,state_27,state_28,state_29,state_30,state_31,state_32,state_33,state_34,state_35,state_36,state_37,state_38,state_39,state_40,state_41,state_42,state_43,state_44,state_45,state_46,state_47,state_48,state_49,state_50,state_51,state_52,state_53,state_54,state_55,state_56,state_57,state_58,state_59,state_60,state_61,state_62,state_63,state_64,state_65,state_66,state_67,state_68,state_69,state_70,state_71,state_72,state_73,state_74,state_75,state_76,state_77,state_78,state_79,state_80,state_81,state_82,state_83,state_84,state_85,state_86,state_87,state_88,state_89,state_90,state_91,state_92,state_93,state_94,state_95,state_96,state_97,state_98,state_99,state_100,state_101,state_102,state_103,state_104,state_105,state_106,state_107,state_108,state_109,state_110,state_111,state_112,state_113,state_114,state_115,state_116,state_117,state_118,state_119,state_120,state_121,state_122,state_123,state_124,state_125,state_126,state_127,state_128,state_129,state_130,state_131,state_132,state_133,state_134,state_135,state_136,state_137,state_138,state_139,state_140,state_141,state_142,state_143,state_144,state_145,state_146,state_147,state_148,state_149,state_150,state_151,state_152,state_153,state_154,state_155,state_156,state_157,state_158,state_159,state_160,state_161,state_162,state_163,state_164,state_165,state_166,state_167,state_168,state_169,state_170,state_171,state_172,state_173,state_174,state_175,state_176,state_177,state_178,state_179,state_180,state_181,state_182,state_183,state_184,state_185,state_186,state_187,state_188,state_189,state_190,state_191,state_192,state_193,state_194,state_195,state_196,state_197,state_198,state_199,state_200,state_201,state_202,state_203,state_204,state_205,state_206,state_207,state_208,state_209,state_210,state_211,state_212,state_213,state_214,state_215,state_216,state_217,state_218,state_219,state_220,state_221,state_222,state_223,state_224,state_225,state_226,state_227,state_228,state_229,state_230,state_231,state_232,state_233,state_234,state_235,state_236,state_237,state_238,state_239,state_240,state_241,state_242,state_243,state_244,state_245,state_246,state_247,state_248,state_249,state_250,state_251,state_252,state_253,state_254,state_255,state_256,state_257,state_258,state_259,state_260,state_261,state_262,state_263,state_264,state_265,state_266,state_267,state_268,state_269,state_270,state_271,state_272,state_273,state_274,state_275,state_276,state_277,state_278,state_279,state_280,state_281,state_282,state_283,state_284,state_285,state_286,state_287
{'img': array([[[ 0.        , -0.08142948, -0.49453296, ...,  0.99082275,
          0.99462381,  0.99913416],
        [ 0.08142948,  0.        , -0.42211551, ...,  0.9765257 ,
          0.99975314,  0.99920397],
        [ 0.49453296,  0.42211551,  0.        , ...,  0.79433755,
          0.9156971 ,  0.88898108],
        ...,
        [-0.99082275, -0.9765257 , -0.79433755, ...,  0.        ,
         -0.23704483, -0.17627318],
        [-0.99462381, -0.99975314, -0.9156971 , ...,  0.23704483,
          0.        ,  0.06208385],
        [-0.99913416, -0.99920397, -0.88898108, ...,  0.17627318,
         -0.06208385,  0.        ]],

       [[ 0.        , -0.34480866, -0.59330253, ..., -0.18354594,
         -0.03122452, -0.75743212],
        [ 0.34480866,  0.        , -0.27935314, ...,  0.16666114,
          0.31533091, -0.48585071],
        [ 0.59330253,  0.27935314,  0.        , ...,  0.43547226,
          0.56787813, -0.22234191],
        ...,
        [ 0.18354594, -0.16666114, -0.43547226, ...,  0.        ,
          0.15276239, -0.62472451],
        [ 0.03122452, -0.31533091, -0.56787813, ..., -0.15276239,
          0.        , -0.73667587],
        [ 0.75743212,  0.48585071,  0.22234191, ...,  0.62472451,
          0.73667587,  0.        ]],

       [[ 0.        ,  0.07135863, -0.25499584, ...,  0.63464037,
          0.80695425,  0.88384941],
        [-0.07135863,  0.        , -0.32334546, ...,  0.68816899,
          0.8470425 ,  0.91497577],
        [ 0.25499584,  0.32334546,  0.        , ...,  0.41659779,
          0.62967397,  0.73535145],
        ...,
        [-0.63464037, -0.68816899, -0.41659779, ...,  0.        ,
         -0.24879293, -0.38617885],
        [-0.80695425, -0.8470425 , -0.62967397, ...,  0.24879293,
          0.        , -0.14454356],
        [-0.88384941, -0.91497577, -0.73535145, ...,  0.38617885,
          0.14454356,  0.        ]],

       ...,

       [[ 0.        , -0.16052114, -0.1362294 , ..., -0.42206358,
         -0.98523517, -0.96622219],
        [ 0.16052114,  0.        ,  0.02456182, ..., -0.27106738,
         -0.9999413 , -0.91232463],
        [ 0.1362294 , -0.02456182,  0.        , ..., -0.29462784,
         -0.99937349, -0.92210667],
        ...,
        [ 0.42206358,  0.27106738,  0.29462784, ...,  0.        ,
         -0.96544095, -0.76717421],
        [ 0.98523517,  0.9999413 ,  0.99937349, ...,  0.96544095,
          0.        ,  0.41932889],
        [ 0.96622219,  0.91232463,  0.92210667, ...,  0.76717421,
         -0.41932889,  0.        ]],

       [[ 0.        ,  0.26985851,  0.24660937, ...,  0.16643751,
          0.08371632,  0.        ],
        [-0.26985851,  0.        , -0.02406376, ...,  0.4263572 ,
          0.34952165,  0.26985851],
        [-0.24660937,  0.02406376,  0.        , ...,  0.40446675,
          0.32687442,  0.24660937],
        ...,
        [-0.16643751, -0.4263572 , -0.40446675, ...,  0.        ,
          0.08330461,  0.16643751],
        [-0.08371632, -0.34952165, -0.32687442, ..., -0.08330461,
          0.        ,  0.08371632],
        [-0.        , -0.26985851, -0.24660937, ..., -0.16643751,
         -0.08371632,  0.        ]],

       [[ 0.        ,  0.2113327 ,  0.41901292, ...,  0.05752178,
          0.20954726,  0.24404648],
        [-0.2113327 ,  0.        ,  0.21766324, ...,  0.26720539,
          0.41145527,  0.44347724],
        [-0.41901292, -0.21766324,  0.        , ...,  0.47054778,
          0.59997499,  0.62793284],
        ...,
        [-0.05752178, -0.26720539, -0.47054778, ...,  0.        ,
         -0.15295559, -0.18785988],
        [-0.20954726, -0.41145527, -0.59997499, ...,  0.15295559,
          0.        , -0.035417  ],
        [-0.24404648, -0.44347724, -0.62793284, ...,  0.18785988,
          0.035417  ,  0.        ]]]), 'num': array([ 7.07093609e-01,  7.07093609e-01,  0.00000000e+00,  1.87548717e-03,
        1.94538110e-03,  1.85801368e-03,  2.73609115e-03, -4.65959544e-05,
        1.93955660e-03,  1.99547175e-03,  1.80976746e-03,  3.92977929e-07,
        2.12187267e-03,  1.86907083e-03])}
{'img': array([[[ 0.        , -0.42211551,  0.44250463, ...,  0.99975314,
          0.99920397,  0.99253613],
        [ 0.42211551,  0.        ,  0.77968799, ...,  0.9156971 ,
          0.88898108,  0.95125313],
        [-0.44250463, -0.77968799,  0.        , ...,  0.88671298,
          0.91370508,  0.836109  ],
        ...,
        [-0.99975314, -0.9156971 , -0.88671298, ...,  0.        ,
          0.06208385, -0.09986804],
        [-0.99920397, -0.88898108, -0.91370508, ..., -0.06208385,
          0.        , -0.16144886],
        [-0.99253613, -0.95125313, -0.836109  , ...,  0.09986804,
          0.16144886,  0.        ]],

       [[ 0.        , -0.27935314,  0.94664555, ...,  0.31533091,
         -0.48585071,  0.25099203],
        [ 0.27935314,  0.        ,  0.81892912, ...,  0.56787813,
         -0.22234191,  0.51141045],
        [-0.94664555, -0.81892912,  0.        , ..., -0.99997315,
         -0.67082947, -0.99723148],
        ...,
        [-0.31533091, -0.56787813,  0.99997315, ...,  0.        ,
         -0.73667587, -0.06705005],
        [ 0.48585071,  0.22234191,  0.67082947, ...,  0.73667587,
          0.        ,  0.68967574],
        [-0.25099203, -0.51141045,  0.99723148, ...,  0.06705005,
         -0.68967574,  0.        ]],

       [[ 0.        , -0.32334546, -0.01302799, ...,  0.8470425 ,
          0.91497577,  0.96033812],
        [ 0.32334546,  0.        ,  0.31098988, ...,  0.62967397,
          0.73535145,  0.81858868],
        [ 0.01302799, -0.31098988,  0.        , ...,  0.84004591,
          0.90964121,  0.95662392],
        ...,
        [-0.8470425 , -0.62967397, -0.84004591, ...,  0.        ,
         -0.14454356, -0.27425616],
        [-0.91497577, -0.73535145, -0.90964121, ...,  0.14454356,
          0.        , -0.13237476],
        [-0.96033812, -0.81858868, -0.95662392, ...,  0.27425616,
          0.13237476,  0.        ]],

       ...,

       [[ 0.        ,  0.02203496, -0.02802779, ..., -0.84882896,
         -0.77824332, -0.99277182],
        [-0.02203496,  0.        , -0.05004729, ..., -0.86027203,
         -0.7918915 , -0.98988621],
        [ 0.02802779,  0.05004729,  0.        , ..., -0.83367811,
         -0.76033717, -0.99574562],
        ...,
        [ 0.84882896,  0.86027203,  0.83367811, ...,  0.        ,
          0.12160104, -0.62672027],
        [ 0.77824332,  0.7918915 ,  0.76033717, ..., -0.12160104,
          0.        , -0.71682634],
        [ 0.99277182,  0.98988621,  0.99574562, ...,  0.62672027,
          0.71682634,  0.        ]],

       [[ 0.        , -0.11218322,  0.22728588, ...,  0.1956198 ,
          0.11218322,  0.11218322],
        [ 0.11218322,  0.        ,  0.33509831, ...,  0.08436914,
          0.        ,  0.        ],
        [-0.22728588, -0.33509831,  0.        , ...,  0.41339473,
          0.33509831,  0.33509831],
        ...,
        [-0.1956198 , -0.08436914, -0.41339473, ...,  0.        ,
          0.08436914,  0.08436914],
        [-0.11218322, -0.        , -0.33509831, ..., -0.08436914,
          0.        ,  0.        ],
        [-0.11218322, -0.        , -0.33509831, ..., -0.08436914,
          0.        ,  0.        ]],

       [[ 0.        ,  0.36813331,  0.47697462, ...,  0.21072706,
          0.24541474,  0.24541474],
        [-0.36813331,  0.        ,  0.11991949, ...,  0.55579519,
          0.58505512,  0.58505512],
        [-0.47697462, -0.11991949,  0.        , ...,  0.65147574,
          0.67808707,  0.67808707],
        ...,
        [-0.21072706, -0.55579519, -0.65147574, ...,  0.        ,
         -0.03562129, -0.03562129],
        [-0.24541474, -0.58505512, -0.67808707, ...,  0.03562129,
          0.        ,  0.        ],
        [-0.24541474, -0.58505512, -0.67808707, ...,  0.03562129,
          0.        ,  0.        ]]]), 'num': array([8.66169575e-01, 4.99668938e-01, 2.14327858e-06, 2.37987427e-03,
       2.39379166e-03, 2.24765903e-03, 6.12728553e-03, 1.39173934e-04,
       2.30889556e-03, 2.38892057e-03, 2.17204119e-03, 6.41291656e-07,
       2.53262061e-03, 2.24522054e-03])}
{'img': array([[[ 0.        ,  0.77968799,  0.79433755, ...,  0.88898108,
          0.95125313,  0.7311255 ],
        [-0.77968799,  0.        ,  0.0237467 , ...,  0.91370508,
          0.836109  ,  0.98974422],
        [-0.79433755, -0.0237467 ,  0.        , ...,  0.90379729,
          0.82284666,  0.98607288],
        ...,
        [-0.88898108, -0.91370508, -0.90379729, ...,  0.        ,
         -0.16144886,  0.27168663],
        [-0.95125313, -0.836109  , -0.82284666, ...,  0.16144886,
          0.        ,  0.42349848],
        [-0.7311255 , -0.98974422, -0.98607288, ..., -0.27168663,
         -0.42349848,  0.        ]],

       [[ 0.        ,  0.81892912,  0.81367639, ..., -0.22234191,
          0.51141045,  0.96368898],
        [-0.81892912,  0.        , -0.94302287, ..., -0.67082947,
         -0.99723148, -0.33437958],
        [-0.81367639,  0.94302287,  0.        , ..., -0.92256043,
         -0.40192973,  0.77748362],
        ...,
        [ 0.22234191,  0.67082947,  0.92256043, ...,  0.        ,
          0.68967574,  0.8801953 ],
        [-0.51141045,  0.99723148,  0.40192973, ..., -0.68967574,
          0.        ,  0.96469371],
        [-0.96368898,  0.33437958, -0.77748362, ..., -0.8801953 ,
         -0.96469371,  0.        ]],

       [[ 0.        ,  0.31098988,  0.47466732, ...,  0.73535145,
          0.81858868,  0.83543664],
        [-0.31098988,  0.        ,  0.1774076 , ...,  0.90964121,
          0.95662392,  0.96492595],
        [-0.47466732, -0.1774076 ,  0.        , ...,  0.96890619,
          0.99313283,  0.99619321],
        ...,
        [-0.73535145, -0.90964121, -0.96890619, ...,  0.        ,
         -0.13237476, -0.16202424],
        [-0.81858868, -0.95662392, -0.99313283, ...,  0.13237476,
          0.        , -0.02997272],
        [-0.83543664, -0.96492595, -0.99619321, ...,  0.16202424,
          0.02997272,  0.        ]],

       ...,

       [[ 0.        , -0.05004729, -0.22348799, ..., -0.7918915 ,
         -0.98988621, -0.65978183],
        [ 0.05004729,  0.        , -0.1744265 , ..., -0.76033717,
         -0.99574562, -0.62134663],
        [ 0.22348799,  0.1744265 ,  0.        , ..., -0.63538636,
         -0.99655353, -0.4751521 ],
        ...,
        [ 0.7918915 ,  0.76033717,  0.63538636, ...,  0.        ,
         -0.71682634,  0.192169  ],
        [ 0.98988621,  0.99574562,  0.99655353, ...,  0.71682634,
          0.        ,  0.83745619],
        [ 0.65978183,  0.62134663,  0.4751521 , ..., -0.192169  ,
         -0.83745619,  0.        ]],

       [[ 0.        ,  0.33509831,  0.48923126, ...,  0.        ,
          0.        ,  0.12440034],
        [-0.33509831,  0.        ,  0.16868809, ...,  0.33509831,
          0.33509831,  0.44970321],
        [-0.48923126, -0.16868809,  0.        , ...,  0.48923126,
          0.48923126,  0.59392723],
        ...,
        [-0.        , -0.33509831, -0.48923126, ...,  0.        ,
          0.        , -0.12440034],
        [-0.        , -0.33509831, -0.48923126, ...,  0.        ,
          0.        , -0.12440034],
        [-0.12440034, -0.44970321, -0.59392723, ...,  0.12440034,
          0.12440034,  0.        ]],

       [[ 0.        ,  0.32034522,  0.38493649, ...,  0.2508587 ,
          0.2508587 ,  0.        ],
        [-0.32034522,  0.        ,  0.06899028, ...,  0.54774044,
          0.54774044,  0.32034522],
        [-0.38493649, -0.06899028,  0.        , ...,  0.60415595,
          0.60415595,  0.38493649],
        ...,
        [-0.2508587 , -0.54774044, -0.60415595, ...,  0.        ,
          0.        ,  0.2508587 ],
        [-0.2508587 , -0.54774044, -0.60415595, ...,  0.        ,
          0.        ,  0.2508587 ],
        [-0.        , -0.32034522, -0.38493649, ..., -0.2508587 ,
         -0.2508587 ,  0.        ]]]), 'num': array([ 8.29466769e-01,  5.58502246e-01,  1.64720074e-06,  2.22102067e-03,
        2.31553219e-03,  2.20076820e-03,  4.40603246e-03, -8.77606953e-05,
        2.22777150e-03,  2.31519465e-03,  2.11582035e-03,  5.71691293e-07,
        2.45938280e-03,  2.17100650e-03])}
{'img': array([[[ 0.        ,  0.03488858, -0.40583137, ...,  0.92447237,
          0.99682199,  0.97181811],
        [-0.03488858,  0.        , -0.43747065, ...,  0.91060832,
          0.9989944 ,  0.96300212],
        [ 0.40583137,  0.43747065,  0.        , ...,  0.99964247,
          0.87871439,  0.98385862],
        ...,
        [-0.92447237, -0.91060832, -0.99964247, ...,  0.        ,
          0.45368209,  0.15257701],
        [-0.99682199, -0.9989944 , -0.87871439, ..., -0.45368209,
          0.        , -0.31239911],
        [-0.97181811, -0.96300212, -0.98385862, ..., -0.15257701,
          0.31239911,  0.        ]],

       [[ 0.        , -0.94302287, -0.71729485, ..., -0.99723148,
         -0.33437958, -0.90813686],
        [ 0.94302287,  0.        ,  0.41840579, ..., -0.40192973,
          0.77748362,  0.09265613],
        [ 0.71729485, -0.41840579,  0.        , ..., -0.74817862,
          0.4430207 , -0.33245   ],
        ...,
        [ 0.99723148,  0.40192973,  0.74817862, ...,  0.        ,
          0.96469371,  0.48504318],
        [ 0.33437958, -0.77748362, -0.4430207 , ..., -0.96469371,
          0.        , -0.71586728],
        [ 0.90813686, -0.09265613,  0.33245   , ..., -0.48504318,
          0.71586728,  0.        ]],

       [[ 0.        ,  0.37266461,  0.42160485, ...,  0.8260756 ,
          0.84285828,  0.8660254 ],
        [-0.37266461,  0.        ,  0.05331031, ...,  0.97658877,
          0.98268801,  0.98997452],
        [-0.42160485, -0.05331031,  0.        , ...,  0.98666789,
          0.99116732,  0.99609665],
        ...,
        [-0.8260756 , -0.97658877, -0.98666789, ...,  0.        ,
         -0.03045996, -0.07501889],
        [-0.84285828, -0.98268801, -0.99116732, ...,  0.03045996,
          0.        , -0.04460995],
        [-0.8660254 , -0.98997452, -0.99609665, ...,  0.07501889,
          0.04460995,  0.        ]],

       ...,

       [[ 0.        , -0.1744265 , -0.28367616, ..., -0.99574562,
         -0.62134663, -0.74809613],
        [ 0.1744265 ,  0.        , -0.11206638, ..., -0.99655353,
         -0.4751521 , -0.62088021],
        [ 0.28367616,  0.11206638,  0.        , ..., -0.9809798 ,
         -0.37355137, -0.52911967],
        ...,
        [ 0.99574562,  0.99655353,  0.9809798 , ...,  0.        ,
          0.83745619,  0.72970035],
        [ 0.62134663,  0.4751521 ,  0.37355137, ..., -0.83745619,
          0.        , -0.17384045],
        [ 0.74809613,  0.62088021,  0.52911967, ..., -0.72970035,
          0.17384045,  0.        ]],

       [[ 0.        ,  0.20831734,  0.25619364, ...,  0.25603534,
          0.35983504,  0.23886967],
        [-0.20831734,  0.        ,  0.04920823, ...,  0.45179184,
          0.54630412,  0.43591608],
        [-0.25619364, -0.04920823,  0.        , ...,  0.49514432,
          0.58685846,  0.47967476],
        ...,
        [-0.25603534, -0.45179184, -0.49514432, ...,  0.        ,
         -0.10895576,  0.017716  ],
        [-0.35983504, -0.54630412, -0.58685846, ...,  0.10895576,
          0.        ,  0.12654919],
        [-0.23886967, -0.43591608, -0.47967476, ..., -0.017716  ,
         -0.12654919,  0.        ]],

       [[ 0.        ,  0.22227942,  0.37678111, ...,  0.25417459,
          0.        ,  0.19823281],
        [-0.22227942,  0.        ,  0.16145724, ...,  0.46279531,
          0.22227942,  0.4111419 ],
        [-0.37678111, -0.16145724,  0.        , ...,  0.59984952,
          0.37678111,  0.55292739],
        ...,
        [-0.25417459, -0.46279531, -0.59984952, ...,  0.        ,
          0.25417459,  0.05740797],
        [-0.        , -0.22227942, -0.37678111, ..., -0.25417459,
          0.        , -0.19823281],
        [-0.19823281, -0.4111419 , -0.55292739, ..., -0.05740797,
          0.19823281,  0.        ]]]), 'num': array([ 7.84702843e-01,  6.19808164e-01,  1.02738118e-06,  2.06118349e-03,
        2.18318501e-03,  2.04834123e-03,  6.55555237e-03, -5.13690591e-05,
        2.11126833e-03,  2.20084312e-03,  2.01773383e-03,  4.65958279e-07,
        2.34268331e-03,  2.05900294e-03])}
{'img': array([[[ 0.        , -0.43747065, -0.61095326, ...,  0.9989944 ,
          0.96300212,  0.90157775],
        [ 0.43747065,  0.        , -0.20305822, ...,  0.87871439,
          0.98385862,  0.99998547],
        [ 0.61095326,  0.20305822,  0.        , ...,  0.76347843,
          0.92702481,  0.97805788],
        ...,
        [-0.9989944 , -0.87871439, -0.76347843, ...,  0.        ,
         -0.31239911, -0.47260438],
        [-0.96300212, -0.98385862, -0.92702481, ...,  0.31239911,
          0.        , -0.17364154],
        [-0.90157775, -0.99998547, -0.97805788, ...,  0.47260438,
          0.17364154,  0.        ]],

       [[ 0.        ,  0.35822959, -0.47584014, ...,  0.64187195,
          0.0811753 ,  0.99978981],
        [-0.35822959,  0.        , -0.75933462, ...,  0.32457848,
         -0.2812594 ,  0.92609288],
        [ 0.47584014,  0.75933462,  0.        , ...,  0.92942664,
          0.54566604,  0.88910258],
        ...,
        [-0.64187195, -0.32457848, -0.92942664, ...,  0.        ,
         -0.57750749,  0.75349103],
        [-0.0811753 ,  0.2812594 , -0.54566604, ...,  0.57750749,
          0.        ,  0.99482609],
        [-0.99978981, -0.92609288, -0.88910258, ..., -0.75349103,
         -0.99482609,  0.        ]],

       [[ 0.        ,  0.20850182,  0.30718954, ...,  0.85363045,
          0.87654568,  0.89051951],
        [-0.20850182,  0.        ,  0.10201771, ...,  0.94347359,
          0.95763676,  0.96580453],
        [-0.30718954, -0.10201771,  0.        , ...,  0.97236463,
          0.98201932,  0.98721579],
        ...,
        [-0.85363045, -0.94347359, -0.97236463, ...,  0.        ,
         -0.04570606, -0.07549807],
        [-0.87654568, -0.95763676, -0.98201932, ...,  0.04570606,
          0.        , -0.02984355],
        [-0.89051951, -0.96580453, -0.98721579, ...,  0.07549807,
          0.02984355,  0.        ]],

       ...,

       [[ 0.        , -0.11206638, -0.06852986, ..., -0.4751521 ,
         -0.62088021, -0.86820996],
        [ 0.11206638,  0.        ,  0.04370475, ..., -0.37355137,
         -0.52911967, -0.80713386],
        [ 0.06852986, -0.04370475,  0.        , ..., -0.41373538,
         -0.56569963, -0.83216454],
        ...,
        [ 0.4751521 ,  0.37355137,  0.41373538, ...,  0.        ,
         -0.17384045, -0.52817208],
        [ 0.62088021,  0.52911967,  0.56569963, ...,  0.17384045,
          0.        , -0.37251562],
        [ 0.86820996,  0.80713386,  0.83216454, ...,  0.52817208,
          0.37251562,  0.        ]],

       [[ 0.        ,  0.04905384, -0.02042755, ...,  0.60456788,
          0.56775902,  0.43469076],
        [-0.04905384,  0.        , -0.06944655, ...,  0.64291407,
          0.60745638,  0.47834434],
        [ 0.02042755,  0.06944655,  0.        , ...,  0.58817009,
          0.5508247 ,  0.41620342],
        ...,
        [-0.60456788, -0.64291407, -0.58817009, ...,  0.        ,
          0.04542663,  0.19820711],
        [-0.56775902, -0.60745638, -0.5508247 , ..., -0.04542663,
          0.        ,  0.15347712],
        [-0.43469076, -0.47834434, -0.41620342, ..., -0.19820711,
         -0.15347712,  0.        ]],

       [[ 0.        ,  0.31010387,  0.54739858, ...,  0.        ,
          0.1994717 ,  0.27226324],
        [-0.31010387,  0.        ,  0.26089605, ...,  0.31010387,
          0.49351017,  0.55723041],
        [-0.54739858, -0.26089605,  0.        , ...,  0.54739858,
          0.70333012,  0.75456889],
        ...,
        [-0.        , -0.31010387, -0.54739858, ...,  0.        ,
         -0.1994717 , -0.27226324],
        [-0.1994717 , -0.49351017, -0.70333012, ...,  0.1994717 ,
          0.        , -0.0748555 ],
        [-0.27226324, -0.55723041, -0.75456889, ...,  0.27226324,
          0.0748555 ,  0.        ]]]), 'num': array([ 8.03741667e-01,  5.94934821e-01,  1.33850542e-06,  2.06739451e-03,
        2.12703089e-03,  2.05414198e-03,  3.80521188e-03, -5.96363802e-05,
        2.15486120e-03,  2.26088143e-03,  2.08650024e-03,  4.07770121e-07,
        2.43207005e-03,  2.08969282e-03])}
{'img': array([[[ 0.        , -0.20305822, -0.20305822, ...,  0.98385862,
          0.99998547,  0.98318453],
        [ 0.20305822,  0.        ,  0.        , ...,  0.92702481,
          0.97805788,  0.99978296],
        [ 0.20305822,  0.        ,  0.        , ...,  0.92702481,
          0.97805788,  0.99978296],
        ...,
        [-0.98385862, -0.92702481, -0.92702481, ...,  0.        ,
         -0.17364154, -0.35560559],
        [-0.99998547, -0.97805788, -0.97805788, ...,  0.17364154,
          0.        , -0.18791191],
        [-0.98318453, -0.99978296, -0.99978296, ...,  0.35560559,
          0.18791191,  0.        ]],

       [[ 0.        , -0.75933462, -0.70594627, ..., -0.2812594 ,
          0.92609288, -0.45882538],
        [ 0.75933462,  0.        ,  0.07845096, ...,  0.54566604,
          0.88910258,  0.37613106],
        [ 0.70594627, -0.07845096,  0.        , ...,  0.47824217,
          0.92226997,  0.30228179],
        ...,
        [ 0.2812594 , -0.54566604, -0.47824217, ...,  0.        ,
          0.99482609, -0.190397  ],
        [-0.92609288, -0.88910258, -0.92226997, ..., -0.99482609,
          0.        , -0.99597083],
        [ 0.45882538, -0.37613106, -0.30228179, ...,  0.190397  ,
          0.99597083,  0.        ]],

       [[ 0.        ,  0.22939534,  0.38131676, ...,  0.87968569,
          0.89358758,  0.9294735 ],
        [-0.22939534,  0.        ,  0.15908506, ...,  0.96531763,
          0.9727316 ,  0.98930893],
        [-0.38131676, -0.15908506,  0.        , ...,  0.99455785,
          0.99724093,  0.99991013],
        ...,
        [-0.87968569, -0.96531763, -0.99455785, ...,  0.        ,
         -0.03006941, -0.11751001],
        [-0.89358758, -0.9727316 , -0.99724093, ...,  0.03006941,
          0.        , -0.0875958 ],
        [-0.9294735 , -0.98930893, -0.99991013, ...,  0.11751001,
          0.0875958 ,  0.        ]],

       ...,

       [[ 0.        ,  0.04108429,  0.08369734, ..., -0.48526843,
         -0.72273332, -0.99119419],
        [-0.04108429,  0.        ,  0.04268654, ..., -0.52078138,
         -0.75051756, -0.99579754],
        [-0.08369734, -0.04268654,  0.        , ..., -0.55674777,
         -0.7780429 , -0.9987992 ],
        ...,
        [ 0.48526843,  0.52078138,  0.55674777, ...,  0.        ,
         -0.29655076, -0.80240829],
        [ 0.72273332,  0.75051756,  0.7780429 , ...,  0.29655076,
          0.        , -0.58933942],
        [ 0.99119419,  0.99579754,  0.9987992 , ...,  0.80240829,
          0.58933942,  0.        ]],

       [[ 0.        , -0.068567  , -0.11201228, ...,  0.74396111,
          0.71952733,  0.47295841],
        [ 0.068567  ,  0.        , -0.04361317, ...,  0.69639217,
          0.67021661,  0.41143197],
        [ 0.11201228,  0.04361317,  0.        , ...,  0.66443006,
          0.63721071,  0.37128968],
        ...,
        [-0.74396111, -0.69639217, -0.66443006, ...,  0.        ,
          0.03584965,  0.33945115],
        [-0.71952733, -0.67021661, -0.63721071, ..., -0.03584965,
          0.        ,  0.30551192],
        [-0.47295841, -0.41143197, -0.37128968, ..., -0.33945115,
         -0.30551192,  0.        ]],

       [[ 0.        ,  0.468822  ,  0.60532096, ...,  0.20195055,
          0.27561496,  0.51337942],
        [-0.468822  ,  0.        ,  0.16150194, ...,  0.63754369,
          0.69411231,  0.85578938],
        [-0.60532096, -0.16150194,  0.        , ...,  0.75359766,
          0.80126015,  0.92810381],
        ...,
        [-0.20195055, -0.63754369, -0.75359766, ...,  0.        ,
         -0.07580749, -0.32949538],
        [-0.27561496, -0.69411231, -0.80126015, ...,  0.07580749,
          0.        , -0.25697306],
        [-0.51337942, -0.85578938, -0.92810381, ...,  0.32949538,
          0.25697306,  0.        ]]]), 'num': array([7.91350938e-01, 6.11328007e-01, 1.14664287e-06, 2.04571512e-03,
       2.08480522e-03, 2.03268509e-03, 2.37815034e-03, 1.30300326e-05,
       2.10825928e-03, 2.21347679e-03, 2.05689923e-03, 4.38178088e-07,
       2.39847916e-03, 2.02847441e-03])}
{'img': array([[[ 0.        ,  0.        ,  0.28565228, ...,  0.97805788,
          0.99978296,  0.99804496],
        [ 0.        ,  0.        ,  0.28565228, ...,  0.97805788,
          0.99978296,  0.99804496],
        [-0.28565228, -0.28565228,  0.        , ...,  0.99681636,
          0.96407643,  0.97431302],
        ...,
        [-0.97805788, -0.97805788, -0.99681636, ...,  0.        ,
         -0.18791191, -0.14679742],
        [-0.99978296, -0.99978296, -0.96407643, ...,  0.18791191,
          0.        ,  0.04169383],
        [-0.99804496, -0.99804496, -0.97431302, ...,  0.14679742,
         -0.04169383,  0.        ]],

       [[ 0.        ,  0.07845096, -0.21822808, ...,  0.88910258,
          0.37613106, -0.16744187],
        [-0.07845096,  0.        , -0.29411561, ...,  0.92226997,
          0.30228179, -0.24426919],
        [ 0.21822808,  0.29411561,  0.        , ...,  0.76778851,
          0.5692683 ,  0.05174097],
        ...,
        [-0.88910258, -0.92226997, -0.76778851, ...,  0.        ,
         -0.99597083, -0.7999107 ],
        [-0.37613106, -0.30228179, -0.5692683 , ...,  0.99597083,
          0.        , -0.52596685],
        [ 0.16744187,  0.24426919, -0.05174097, ...,  0.7999107 ,
          0.52596685,  0.        ]],

       [[ 0.        ,  0.31087609,  0.18897457, ...,  0.89729006,
          0.93281317,  0.94594595],
        [-0.31087609,  0.        , -0.12566375, ...,  0.99006333,
          0.99862012,  0.99989943],
        [-0.18897457,  0.12566375,  0.        , ...,  0.96454388,
          0.98410467,  0.99019092],
        ...,
        [-0.89729006, -0.99006333, -0.96454388, ...,  0.        ,
         -0.08843462, -0.12656675],
        [-0.93281317, -0.99862012, -0.98410467, ...,  0.08843462,
          0.        , -0.03834742],
        [-0.94594595, -0.99989943, -0.99019092, ...,  0.12656675,
          0.03834742,  0.        ]],

       ...,

       [[ 0.        ,  0.04268654,  0.39322999, ..., -0.75051756,
         -0.99579754, -0.8567545 ],
        [-0.04268654,  0.        ,  0.35362385, ..., -0.7780429 ,
         -0.9987992 , -0.87798808],
        [-0.39322999, -0.35362385,  0.        , ..., -0.94992221,
         -0.95158901, -0.99053281],
        ...,
        [ 0.75051756,  0.7780429 ,  0.94992221, ...,  0.        ,
         -0.58933942, -0.17912638],
        [ 0.99579754,  0.9987992 ,  0.95158901, ...,  0.58933942,
          0.        ,  0.43509387],
        [ 0.8567545 ,  0.87798808,  0.99053281, ...,  0.17912638,
         -0.43509387,  0.        ]],

       [[ 0.        , -0.043341  , -0.40907778, ...,  0.7180262 ,
          0.59767005,  0.40907778],
        [ 0.043341  ,  0.        , -0.36914474, ...,  0.68718547,
          0.56236014,  0.36914474],
        [ 0.40907778,  0.36914474,  0.        , ...,  0.37047386,
          0.21739873,  0.        ],
        ...,
        [-0.7180262 , -0.68718547, -0.37047386, ...,  0.        ,
          0.15968393,  0.37047386],
        [-0.59767005, -0.56236014, -0.21739873, ..., -0.15968393,
          0.        ,  0.21739873],
        [-0.40907778, -0.36914474, -0.        , ..., -0.37047386,
         -0.21739873,  0.        ]],

       [[ 0.        ,  0.42053102,  0.66554367, ...,  0.28385266,
          0.52779459,  0.64233592],
        [-0.42053102,  0.        ,  0.28996617, ...,  0.66076701,
          0.8360438 ,  0.90508209],
        [-0.66554367, -0.28996617,  0.        , ...,  0.85002443,
          0.95921838,  0.98950127],
        ...,
        [-0.28385266, -0.66076701, -0.85002443, ...,  0.        ,
         -0.26498878, -0.39836403],
        [-0.52779459, -0.8360438 , -0.95921838, ...,  0.26498878,
          0.        , -0.14106814],
        [-0.64233592, -0.90508209, -0.98950127, ...,  0.39836403,
          0.14106814,  0.        ]]]), 'num': array([7.35046104e-01, 6.77984688e-01, 3.50070039e-07, 1.96763505e-03,
       1.99177781e-03, 1.92538521e-03, 3.52870599e-03, 7.24282839e-05,
       1.93383518e-03, 2.04368474e-03, 1.91190550e-03, 4.98817382e-07,
       2.21670599e-03, 1.87066349e-03])}
{'img': array([[[ 0.        ,  0.28565228,  0.66143783, ...,  0.99978296,
          0.99804496,  0.94991776],
        [-0.28565228,  0.        ,  0.41963871, ...,  0.96407643,
          0.97431302,  0.99960419],
        [-0.66143783, -0.41963871,  0.        , ...,  0.76361718,
          0.78987359,  0.91913764],
        ...,
        [-0.99978296, -0.96407643, -0.76361718, ...,  0.        ,
          0.04169383,  0.29264222],
        [-0.99804496, -0.97431302, -0.78987359, ..., -0.04169383,
          0.        ,  0.25251919],
        [-0.94991776, -0.99960419, -0.91913764, ..., -0.29264222,
         -0.25251919,  0.        ]],

       [[ 0.        , -0.29411561,  0.95764795, ...,  0.30228179,
         -0.24426919,  0.32638753],
        [ 0.29411561,  0.        ,  0.99997918, ...,  0.5692683 ,
          0.05174097,  0.58996004],
        [-0.95764795, -0.99997918,  0.        , ..., -0.82580833,
         -0.99897364, -0.8112228 ],
        ...,
        [-0.30228179, -0.5692683 ,  0.82580833, ...,  0.        ,
         -0.52596685,  0.02539102],
        [ 0.24426919, -0.05174097,  0.99897364, ...,  0.52596685,
          0.        ,  0.54739247],
        [-0.32638753, -0.58996004,  0.8112228 , ..., -0.02539102,
         -0.54739247,  0.        ]],

       [[ 0.        , -0.25024781, -0.11772026, ...,  0.99401177,
          0.99748943,  0.99998776],
        [ 0.25024781,  0.        ,  0.13453317, ...,  0.93503878,
          0.94802971,  0.9694081 ],
        [ 0.11772026, -0.13453317,  0.        , ...,  0.97423655,
          0.98221727,  0.99361708],
        ...,
        [-0.99401177, -0.93503878, -0.97423655, ...,  0.        ,
         -0.03860729, -0.11418972],
        [-0.99748943, -0.94802971, -0.98221727, ...,  0.03860729,
          0.        , -0.07574983],
        [-0.99998776, -0.9694081 , -0.99361708, ...,  0.11418972,
          0.07574983,  0.        ]],

       ...,

       [[ 0.        ,  0.35362385,  0.34021214, ..., -0.9987992 ,
         -0.87798808, -0.59360131],
        [-0.35362385,  0.        , -0.01429947, ..., -0.95158901,
         -0.99053281, -0.83982944],
        [-0.34021214,  0.01429947,  0.        , ..., -0.955887  ,
         -0.98846856, -0.8319811 ],
        ...,
        [ 0.9987992 ,  0.95158901,  0.955887  , ...,  0.        ,
          0.43509387,  0.77471158],
        [ 0.87798808,  0.99053281,  0.98846856, ..., -0.43509387,
          0.        ,  0.42242248],
        [ 0.59360131,  0.83982944,  0.8319811 , ..., -0.77471158,
         -0.42242248,  0.        ]],

       [[ 0.        , -0.36914474, -0.06793944, ...,  0.56236014,
          0.36914474,  0.54215698],
        [ 0.36914474,  0.        ,  0.30515081, ...,  0.21739873,
          0.        ,  0.19368155],
        [ 0.06793944, -0.30515081,  0.        , ...,  0.50488217,
          0.30515081,  0.48381633],
        ...,
        [-0.56236014, -0.21739873, -0.50488217, ...,  0.        ,
          0.21739873,  0.02423292],
        [-0.36914474, -0.        , -0.30515081, ..., -0.21739873,
          0.        , -0.19368155],
        [-0.54215698, -0.19368155, -0.48381633, ..., -0.02423292,
          0.19368155,  0.        ]],

       [[ 0.        ,  0.55588726,  0.58351883, ...,  0.53940056,
          0.65564654,  0.68950966],
        [-0.55588726,  0.        ,  0.0336187 , ...,  0.91646535,
          0.96474389,  0.97577628],
        [-0.58351883, -0.0336187 ,  0.        , ...,  0.92939861,
          0.97304667,  0.9825795 ],
        ...,
        [-0.53940056, -0.91646535, -0.92939861, ...,  0.        ,
         -0.14480263, -0.18992599],
        [-0.65564654, -0.96474389, -0.97304667, ...,  0.14480263,
          0.        , -0.04575728],
        [-0.68950966, -0.97577628, -0.9825795 , ...,  0.18992599,
          0.04575728,  0.        ]]]), 'num': array([ 7.27122564e-01,  6.86482969e-01,  2.50861699e-07,  1.93521882e-03,
        1.96508331e-03,  1.91132723e-03,  1.78121363e-03, -1.19457952e-05,
        1.90774349e-03,  2.01465836e-03,  1.89808731e-03,  4.08955151e-07,
        2.18690579e-03,  1.84241093e-03])}
{'img': array([[[ 0.        ,  0.61665433,  0.52506224, ...,  0.9990942 ,
          0.95460571,  0.96685683],
        [-0.61665433,  0.        , -0.11146532, ...,  0.81276158,
          0.93518238,  0.91858627],
        [-0.52506224,  0.11146532,  0.        , ...,  0.87263601,
          0.96883191,  0.95691532],
        ...,
        [-0.9990942 , -0.81276158, -0.87263601, ...,  0.        ,
          0.25698101,  0.21394504],
        [-0.95460571, -0.93518238, -0.96883191, ..., -0.25698101,
          0.        , -0.04427079],
        [-0.96685683, -0.91858627, -0.95691532, ..., -0.21394504,
          0.04427079,  0.        ]],

       [[ 0.        ,  0.99997918,  0.16492892, ...,  0.05174097,
          0.58996004, -0.17183337],
        [-0.99997918,  0.        , -0.98734925, ..., -0.99897364,
         -0.8112228 , -0.98399663],
        [-0.16492892,  0.98734925,  0.        , ..., -0.1136756 ,
          0.44871184, -0.33195596],
        ...,
        [-0.05174097,  0.99897364,  0.1136756 , ...,  0.        ,
          0.54739247, -0.22257458],
        [-0.58996004,  0.8112228 , -0.44871184, ..., -0.54739247,
          0.        , -0.71992882],
        [ 0.17183337,  0.98399663,  0.33195596, ...,  0.22257458,
          0.71992882,  0.        ]],

       [[ 0.        ,  0.13453317,  0.29806539, ...,  0.94802971,
          0.9694081 ,  0.97488079],
        [-0.13453317,  0.        ,  0.16693768, ...,  0.98221727,
          0.99361708,  0.99598245],
        [-0.29806539, -0.16693768,  0.        , ...,  0.99977644,
          0.9985056 ,  0.99695532],
        ...,
        [-0.94802971, -0.98221727, -0.99977644, ...,  0.        ,
         -0.07574983, -0.09903727],
        [-0.9694081 , -0.99361708, -0.9985056 , ...,  0.07574983,
          0.        , -0.0233753 ],
        [-0.97488079, -0.99598245, -0.99695532, ...,  0.09903727,
          0.0233753 ,  0.        ]],

       ...,

       [[ 0.        , -0.01429947, -0.19420813, ..., -0.99053281,
         -0.83982944, -0.98311443],
        [ 0.01429947,  0.        , -0.18016106, ..., -0.98846856,
         -0.8319811 , -0.98039723],
        [ 0.19420813,  0.18016106,  0.        , ..., -0.94501325,
         -0.71841343, -0.92885777],
        ...,
        [ 0.99053281,  0.98846856,  0.94501325, ...,  0.        ,
          0.42242248,  0.0463012 ],
        [ 0.83982944,  0.8319811 ,  0.71841343, ..., -0.42242248,
          0.        , -0.38000208],
        [ 0.98311443,  0.98039723,  0.92885777, ..., -0.0463012 ,
          0.38000208,  0.        ]],

       [[ 0.        ,  0.30515081,  0.39926716, ...,  0.        ,
          0.19368155,  0.29078968],
        [-0.30515081,  0.        ,  0.10045091, ...,  0.30515081,
          0.48381633,  0.56888452],
        [-0.39926716, -0.10045091,  0.        , ...,  0.39926716,
          0.56928077,  0.64861968],
        ...,
        [-0.        , -0.30515081, -0.39926716, ...,  0.        ,
         -0.19368155, -0.29078968],
        [-0.19368155, -0.48381633, -0.56928077, ...,  0.19368155,
          0.        , -0.09997144],
        [-0.29078968, -0.56888452, -0.64861968, ...,  0.29078968,
          0.09997144,  0.        ]],

       [[ 0.        ,  0.0713225 ,  0.060457  , ...,  0.84102531,
          0.86586815,  0.88849621],
        [-0.0713225 ,  0.        , -0.010889  , ...,  0.87746865,
          0.89934372,  0.91896223],
        [-0.060457  ,  0.010889  ,  0.        , ...,  0.87219389,
          0.89452927,  0.91461372],
        ...,
        [-0.84102531, -0.87746865, -0.87219389, ...,  0.        ,
         -0.04768936, -0.09473966],
        [-0.86586815, -0.89934372, -0.89452927, ...,  0.04768936,
          0.        , -0.04715702],
        [-0.88849621, -0.91896223, -0.91461372, ...,  0.09473966,
          0.04715702,  0.        ]]]), 'num': array([7.21348039e-01, 6.92549533e-01, 1.77768556e-07, 1.91990041e-03,
       1.95545412e-03, 1.91990041e-03, 1.35156248e-03, 0.00000000e+00,
       1.89619793e-03, 1.99219295e-03, 1.88888967e-03, 4.24855669e-07,
       2.16465187e-03, 1.81973404e-03])}
{'img': array([[[ 0.        , -0.36493122,  0.37783221, ...,  0.99159143,
          0.98439549,  0.98439549],
        [ 0.36493122,  0.        ,  0.68965517, ...,  0.97043085,
          0.98072317,  0.98072317],
        [-0.37783221, -0.68965517,  0.        , ...,  0.86919428,
          0.84493906,  0.84493906],
        ...,
        [-0.99159143, -0.97043085, -0.86919428, ...,  0.        ,
         -0.04710186, -0.04710186],
        [-0.98439549, -0.98072317, -0.84493906, ...,  0.04710186,
          0.        ,  0.        ],
        [-0.98439549, -0.98072317, -0.84493906, ...,  0.04710186,
          0.        ,  0.        ]],

       [[ 0.        , -0.98734925, -0.49076458, ..., -0.8112228 ,
         -0.98399663, -0.86930114],
