state_0,state_1,state_2,state_3,state_4,state_5,state_6,state_7,state_8,state_9,state_10,state_11,state_12,state_13,state_14,state_15,state_16,state_17,state_18,state_19,state_20,state_21,state_22,state_23,state_24,state_25,state_26,state_27,state_28,state_29,state_30,state_31,state_32,state_33,state_34,state_35,state_36,state_37,state_38,state_39,state_40,state_41,state_42,state_43,state_44,state_45,state_46,state_47,state_48,state_49,state_50,state_51,state_52,state_53,state_54,state_55,state_56,state_57,state_58,state_59,state_60,state_61,state_62,state_63,state_64,state_65,state_66,state_67,state_68,state_69,state_70,state_71,state_72,state_73,state_74,state_75,state_76,state_77,state_78,state_79,state_80,state_81,state_82,state_83,state_84,state_85,state_86,state_87,state_88,state_89,state_90,state_91,state_92,state_93,state_94,state_95,state_96,state_97,state_98,state_99,state_100,state_101,state_102,state_103,state_104,state_105,state_106,state_107,state_108,state_109,state_110,state_111,state_112,state_113,state_114,state_115,state_116,state_117,state_118,state_119,state_120,state_121,state_122,state_123,state_124,state_125,state_126,state_127,state_128,state_129,state_130,state_131,state_132,state_133,state_134,state_135,state_136,state_137,state_138,state_139,state_140,state_141,state_142,state_143,state_144,state_145,state_146,state_147,state_148,state_149,state_150,state_151,state_152,state_153,state_154,state_155,state_156,state_157,state_158,state_159,state_160,state_161,state_162,state_163,state_164,state_165,state_166,state_167,state_168,state_169,state_170,state_171,state_172,state_173,state_174,state_175,state_176,state_177,state_178,state_179,state_180,state_181,state_182,state_183,state_184,state_185,state_186,state_187,state_188,state_189,state_190,state_191,state_192,state_193,state_194,state_195,state_196,state_197,state_198,state_199,state_200,state_201,state_202,state_203,state_204,state_205,state_206,state_207,state_208,state_209,state_210,state_211,state_212,state_213,state_214,state_215,state_216,state_217,state_218,state_219,state_220,state_221,state_222,state_223,state_224,state_225,state_226,state_227,state_228,state_229,state_230,state_231,state_232,state_233,state_234,state_235,state_236,state_237,state_238,state_239,state_240,state_241,state_242,state_243,state_244,state_245,state_246,state_247,state_248,state_249,state_250,state_251,state_252,state_253,state_254,state_255,state_256,state_257,state_258,state_259,state_260,state_261,state_262,state_263,state_264,state_265,state_266,state_267,state_268,state_269,state_270,state_271,state_272,state_273,state_274,state_275,state_276,state_277,state_278,state_279,state_280,state_281,state_282,state_283,state_284,state_285,state_286,state_287
{'img': array([[[ 0.        ,  0.40842941,  0.40842941, ..., -0.93161609,
         -0.91278991, -0.91278991],
        [-0.40842941,  0.        ,  0.        , ..., -0.99881094,
         -1.        , -1.        ],
        [-0.40842941,  0.        ,  0.        , ..., -0.99881094,
         -1.        , -1.        ],
        ...,
        [ 0.93161609,  0.99881094,  0.99881094, ...,  0.        ,
          0.04875149,  0.04875149],
        [ 0.91278991,  1.        ,  1.        , ..., -0.04875149,
          0.        ,  0.        ],
        [ 0.91278991,  1.        ,  1.        , ..., -0.04875149,
          0.        ,  0.        ]],

       [[ 0.        ,  0.16360448, -0.03002652, ...,  0.19037717,
          0.27597397,  0.02746781],
        [-0.16360448,  0.        , -0.19315265, ...,  0.02719972,
          0.11500458, -0.13644503],
        [ 0.03002652,  0.19315265,  0.        , ...,  0.2197687 ,
          0.30470997,  0.05747062],
        ...,
        [-0.19037717, -0.02719972, -0.2197687 , ...,  0.        ,
          0.08794279, -0.16333989],
        [-0.27597397, -0.11500458, -0.30470997, ..., -0.08794279,
          0.        , -0.24946874],
        [-0.02746781,  0.13644503, -0.05747062, ...,  0.16333989,
          0.24946874,  0.        ]],

       [[ 0.        ,  0.16188496,  0.26245247, ..., -0.91326693,
         -0.99877321, -0.87150613],
        [-0.16188496,  0.        ,  0.10278055, ..., -0.96716634,
         -0.99361533, -0.78062475],
        [-0.26245247, -0.10278055,  0.        , ..., -0.98816536,
         -0.97675739, -0.71225276],
        ...,
        [ 0.91326693,  0.96716634,  0.98816536, ...,  0.        ,
         -0.36163826, -0.80287022],
        [ 0.99877321,  0.99361533,  0.97675739, ...,  0.36163826,
          0.        , -0.53293871],
        [ 0.87150613,  0.78062475,  0.71225276, ...,  0.80287022,
          0.53293871,  0.        ]],

       ...,

       [[ 0.        ,  0.30248797,  0.78127253, ..., -0.54602869,
         -0.51132836, -0.36332596],
        [-0.30248797,  0.        ,  0.55586243, ..., -0.77386327,
         -0.74732801, -0.62812187],
        [-0.78127253, -0.55586243,  0.        , ..., -0.99534962,
         -0.99058031, -0.95466645],
        ...,
        [ 0.54602869,  0.77386327,  0.99534962, ...,  0.        ,
          0.04087534,  0.20433192],
        [ 0.51132836,  0.74732801,  0.99058031, ..., -0.04087534,
          0.        ,  0.16414821],
        [ 0.36332596,  0.62812187,  0.95466645, ..., -0.20433192,
         -0.16414821,  0.        ]],

       [[ 0.        ,  0.04675976,  0.20757722, ..., -0.95119338,
         -0.96302426, -0.98138601],
        [-0.04675976,  0.        ,  0.1616089 , ..., -0.96458278,
         -0.97456863, -0.98929254],
        [-0.20757722, -0.1616089 ,  0.        , ..., -0.99453248,
         -0.99797263, -0.99987437],
        ...,
        [ 0.95119338,  0.96458278,  0.99453248, ...,  0.        ,
         -0.04091942, -0.12017878],
        [ 0.96302426,  0.97456863,  0.99797263, ...,  0.04091942,
          0.        , -0.07945527],
        [ 0.98138601,  0.98929254,  0.99987437, ...,  0.12017878,
          0.07945527,  0.        ]],

       [[ 0.        , -0.02882509, -0.08820025, ..., -0.81485219,
         -0.91290433, -0.99775363],
        [ 0.02882509,  0.        , -0.05945085, ..., -0.79780459,
         -0.90075935, -0.99540803],
        [ 0.08820025,  0.05945085,  0.        , ..., -0.76054958,
         -0.87334551, -0.98795659],
        ...,
        [ 0.81485219,  0.79780459,  0.76054958, ...,  0.        ,
         -0.19658099, -0.52377946],
        [ 0.91290433,  0.90075935,  0.87334551, ...,  0.19658099,
          0.        , -0.34610098],
        [ 0.99775363,  0.99540803,  0.98795659, ...,  0.52377946,
          0.34610098,  0.        ]]]), 'num': array([ 7.07079417e-01,  7.07079417e-01,  0.00000000e+00,  7.81345964e-04,
        7.92176503e-04,  7.81345964e-04,  8.50698542e-03, -6.18887893e-06,
        7.83202628e-04,  7.97591772e-04,  8.09066985e-04,  7.18910178e-07,
        8.22279504e-04,  7.72904040e-04])}
{'img': array([[[ 0.        ,  0.        ,  0.68965517, ..., -1.        ,
         -1.        , -0.97723571],
        [ 0.        ,  0.        ,  0.68965517, ..., -1.        ,
         -1.        , -0.97723571],
        [-0.68965517, -0.68965517,  0.        , ..., -0.72413793,
         -0.72413793, -0.56133864],
        ...,
        [ 1.        ,  1.        ,  0.72413793, ...,  0.        ,
          0.        , -0.21215647],
        [ 1.        ,  1.        ,  0.72413793, ...,  0.        ,
          0.        , -0.21215647],
        [ 0.97723571,  0.97723571,  0.56133864, ...,  0.21215647,
          0.21215647,  0.        ]],

       [[ 0.        , -0.19315265, -0.06268697, ...,  0.11500458,
         -0.13644503, -0.21593447],
        [ 0.19315265,  0.        ,  0.13126627, ...,  0.30470997,
          0.05747062, -0.02327238],
        [ 0.06268697, -0.13126627,  0.        , ...,  0.17704944,
         -0.07407598, -0.15430173],
        ...,
        [-0.11500458, -0.30470997, -0.17704944, ...,  0.        ,
         -0.24946874, -0.32679312],
        [ 0.13644503, -0.05747062,  0.07407598, ...,  0.24946874,
          0.        , -0.08068897],
        [ 0.21593447,  0.02327238,  0.15430173, ...,  0.32679312,
          0.08068897,  0.        ]],

       [[ 0.        ,  0.10049174,  0.41002954, ..., -0.9999105 ,
         -0.95362553, -0.76929902],
        [-0.10049174,  0.        ,  0.3162982 , ..., -0.99350438,
         -0.91855061, -0.70120169],
        [-0.41002954, -0.3162982 ,  0.        , ..., -0.90650488,
         -0.7463583 , -0.43969297],
        ...,
        [ 0.9999105 ,  0.99350438,  0.90650488, ...,  0.        ,
         -0.28821022, -0.62853936],
        [ 0.95362553,  0.91855061,  0.7463583 , ...,  0.28821022,
          0.        , -0.37770515],
        [ 0.76929902,  0.70120169,  0.43969297, ...,  0.62853936,
          0.37770515,  0.        ]],

       ...,

       [[ 0.        ,  0.55586243,  0.06368248, ..., -0.74732801,
         -0.62812187, -0.72542915],
        [-0.55586243,  0.        , -0.50179654, ..., -0.99058031,
         -0.95466645, -0.98562896],
        [-0.06368248,  0.50179654,  0.        , ..., -0.78812526,
         -0.67639921, -0.76778913],
        ...,
        [ 0.74732801,  0.99058031,  0.78812526, ...,  0.        ,
          0.16414821,  0.03236827],
        [ 0.62812187,  0.95466645,  0.67639921, ..., -0.16414821,
          0.        , -0.13213298],
        [ 0.72542915,  0.98562896,  0.76778913, ..., -0.03236827,
          0.13213298,  0.        ]],

       [[ 0.        ,  0.1616089 ,  0.55265756, ..., -0.97456863,
         -0.98929254, -0.99161234],
        [-0.1616089 ,  0.        ,  0.41070659, ..., -0.99797263,
         -0.99987437, -0.99946506],
        [-0.55265756, -0.41070659,  0.        , ..., -0.93605833,
         -0.90514298, -0.89784781],
        ...,
        [ 0.97456863,  0.99797263,  0.93605833, ...,  0.        ,
         -0.07945527, -0.09624888],
        [ 0.98929254,  0.99987437,  0.90514298, ...,  0.07945527,
          0.        , -0.0168582 ],
        [ 0.99161234,  0.99946506,  0.89784781, ...,  0.09624888,
          0.0168582 ,  0.        ]],

       [[ 0.        , -0.05556661, -0.00613085, ..., -0.80505705,
         -0.86604652, -0.99953607],
        [ 0.05556661,  0.        ,  0.04944418, ..., -0.77085125,
         -0.83692719, -0.99629936],
        [ 0.00613085, -0.04944418,  0.        , ..., -0.80140511,
         -0.86296504, -0.99933055],
        ...,
        [ 0.80505705,  0.77085125,  0.80140511, ...,  0.        ,
         -0.11123746, -0.56840233],
        [ 0.86604652,  0.83692719,  0.86296504, ...,  0.11123746,
          0.        , -0.47335404],
        [ 0.99953607,  0.99629936,  0.99933055, ...,  0.56840233,
          0.47335404,  0.        ]]]), 'num': array([ 9.27136596e-01,  3.74155074e-01,  1.10155682e-05,  1.02214699e-03,
        1.03436389e-03,  1.01807469e-03,  2.04222118e-02, -6.10844816e-06,
        1.03151328e-03,  1.04851513e-03,  1.06310753e-03,  7.69211990e-07,
        1.08310510e-03,  1.01392515e-03])}
{'img': array([[[ 0.        ,  0.68965517, -0.04875149, ..., -1.        ,
         -0.97723571, -0.90635328],
        [-0.68965517,  0.        , -0.72413793, ..., -0.72413793,
         -0.56133864, -0.36493122],
        [ 0.04875149,  0.72413793,  0.        , ..., -0.99881094,
         -0.98641666, -0.92587408],
        ...,
        [ 1.        ,  0.72413793,  0.99881094, ...,  0.        ,
         -0.21215647, -0.42252068],
        [ 0.97723571,  0.56133864,  0.98641666, ...,  0.21215647,
          0.        , -0.22061359],
        [ 0.90635328,  0.36493122,  0.92587408, ...,  0.42252068,
          0.22061359,  0.        ]],

       [[ 0.        ,  0.13126627,  0.07537512, ...,  0.05747062,
         -0.02327238,  0.31810989],
        [-0.13126627,  0.        , -0.05616994, ..., -0.07407598,
         -0.15430173,  0.19090984],
        [-0.07537512,  0.05616994,  0.        , ..., -0.01794342,
         -0.09856089,  0.24574527],
        ...,
        [-0.05747062,  0.07407598,  0.01794342, ...,  0.        ,
         -0.08068897,  0.26309888],
        [ 0.02327238,  0.15430173,  0.09856089, ...,  0.08068897,
          0.        ,  0.3400872 ],
        [-0.31810989, -0.19090984, -0.24574527, ..., -0.26309888,
         -0.3400872 ,  0.        ]],

       [[ 0.        ,  0.3162982 ,  0.70120169, ..., -0.91855061,
         -0.70120169, -0.82478955],
        [-0.3162982 ,  0.        ,  0.43969297, ..., -0.7463583 ,
         -0.43969297, -0.60359711],
        [-0.70120169, -0.43969297,  0.        , ..., -0.37770515,
         -0.        , -0.19155705],
        ...,
        [ 0.91855061,  0.7463583 ,  0.37770515, ...,  0.        ,
         -0.37770515, -0.19334298],
        [ 0.70120169,  0.43969297,  0.        , ...,  0.37770515,
          0.        ,  0.19155705],
        [ 0.82478955,  0.60359711,  0.19155705, ...,  0.19334298,
         -0.19155705,  0.        ]],

       ...,

       [[ 0.        , -0.50179654, -0.89693187, ..., -0.95466645,
         -0.98562896, -0.97950088],
        [ 0.50179654,  0.        , -0.55395447, ..., -0.67639921,
         -0.76778913, -0.94833608],
        [ 0.89693187,  0.55395447,  0.        , ..., -0.15512713,
         -0.28430042, -0.61378255],
        ...,
        [ 0.95466645,  0.67639921,  0.15512713, ...,  0.        ,
         -0.13213298, -0.4838834 ],
        [ 0.98562896,  0.76778913,  0.28430042, ...,  0.13213298,
          0.        , -0.36400685],
        [ 0.97950088,  0.94833608,  0.61378255, ...,  0.4838834 ,
          0.36400685,  0.        ]],

       [[ 0.        ,  0.41070659,  0.3432655 , ..., -0.99987437,
         -0.99946506, -0.99998163],
        [-0.41070659,  0.        , -0.07277305, ..., -0.90514298,
         -0.89784781, -0.91424036],
        [-0.3432655 ,  0.07277305,  0.        , ..., -0.93367937,
         -0.9275096 , -0.9413019 ],
        ...,
        [ 0.99987437,  0.90514298,  0.93367937, ...,  0.        ,
         -0.0168582 ,  0.02191139],
        [ 0.99946506,  0.89784781,  0.9275096 , ...,  0.0168582 ,
          0.        ,  0.03876243],
        [ 0.99998163,  0.91424036,  0.9413019 , ..., -0.02191139,
         -0.03876243,  0.        ]],

       [[ 0.        ,  0.0462266 ,  0.39733257, ..., -0.75047081,
         -0.86478739, -0.99985314],
        [-0.0462266 ,  0.        ,  0.35448683, ..., -0.78021987,
         -0.88707506, -0.99957649],
        [-0.39733257, -0.35448683,  0.        , ..., -0.95128659,
         -0.99310936, -0.9243492 ],
        ...,
        [ 0.75047081,  0.78021987,  0.95128659, ...,  0.        ,
         -0.19470104, -0.64794536],
        [ 0.86478739,  0.88707506,  0.99310936, ...,  0.19470104,
          0.        , -0.48724417],
        [ 0.99985314,  0.99957649,  0.9243492 , ...,  0.64794536,
          0.48724417,  0.        ]]]), 'num': array([ 9.99218453e-01,  3.63008360e-02,  1.97724357e-05,  1.10047728e-03,
        1.13437288e-03,  1.10047728e-03,  1.53070966e-02, -3.38956040e-05,
        1.13527676e-03,  1.15990757e-03,  1.17745796e-03,  8.08737218e-07,
        1.20670260e-03,  1.11311253e-03])}
{'img': array([[[ 0.        , -0.66540912, -0.93595762, ..., -0.87005325,
         -0.81641559, -0.        ],
        [ 0.66540912,  0.        , -0.4643736 , ..., -0.97749495,
         -0.99368733, -0.66540912],
        [ 0.93595762,  0.4643736 ,  0.        , ..., -0.76774434,
         -0.82795285, -0.93595762],
        ...,
        [ 0.87005325,  0.97749495,  0.76774434, ...,  0.        ,
         -0.09996673, -0.87005325],
        [ 0.81641559,  0.99368733,  0.82795285, ...,  0.09996673,
          0.        , -0.81641559],
        [ 0.        ,  0.66540912,  0.93595762, ...,  0.87005325,
          0.81641559,  0.        ]],

       [[ 0.        , -0.05616994, -0.15573857, ..., -0.15430173,
          0.19090984, -0.04279356],
        [ 0.05616994,  0.        , -0.10000812, ..., -0.09856089,
          0.24574527,  0.01339248],
        [ 0.15573857,  0.10000812,  0.        , ...,  0.00145442,
          0.34145457,  0.11332449],
        ...,
        [ 0.15430173,  0.09856089, -0.00145442, ...,  0.        ,
          0.3400872 ,  0.11187932],
        [-0.19090984, -0.24574527, -0.34145457, ..., -0.3400872 ,
          0.        , -0.23274144],
        [ 0.04279356, -0.01339248, -0.11332449, ..., -0.11187932,
          0.23274144,  0.        ]],

       [[ 0.        ,  0.42245698,  0.14288908, ..., -0.84831612,
         -0.86407292, -0.42245698],
        [-0.42245698,  0.        , -0.28860979, ..., -0.54521251,
         -0.57053024, -0.        ],
        [-0.14288908,  0.28860979,  0.        , ..., -0.76395294,
         -0.78328082, -0.28860979],
        ...,
        [ 0.84831612,  0.54521251,  0.76395294, ...,  0.        ,
          0.03050401, -0.54521251],
        [ 0.86407292,  0.57053024,  0.78328082, ..., -0.03050401,
          0.        , -0.57053024],
        [ 0.42245698,  0.        ,  0.28860979, ...,  0.54521251,
          0.57053024,  0.        ]],

       ...,

       [[ 0.        , -0.8374111 , -0.96137954, ..., -0.96732277,
         -0.98963165, -0.9721072 ],
        [ 0.8374111 ,  0.        , -0.29498729, ..., -0.31638901,
         -0.66118274, -0.72773195],
        [ 0.96137954,  0.29498729,  0.        , ..., -0.02247642,
         -0.41045409, -0.49302827],
        ...,
        [ 0.96732277,  0.31638901,  0.02247642, ...,  0.        ,
         -0.38985457, -0.47334893],
        [ 0.98963165,  0.66118274,  0.41045409, ...,  0.38985457,
          0.        , -0.09248273],
        [ 0.9721072 ,  0.72773195,  0.49302827, ...,  0.47334893,
          0.09248273,  0.        ]],

       [[ 0.        , -0.07277305, -0.18362227, ..., -0.89784781,
         -0.91424036, -0.96560469],
        [ 0.07277305,  0.        , -0.11159972, ..., -0.9275096 ,
         -0.9413019 , -0.98196647],
        [ 0.18362227,  0.11159972,  0.        , ..., -0.96343157,
         -0.97309407, -0.99693086],
        ...,
        [ 0.89784781,  0.9275096 ,  0.96343157, ...,  0.        ,
          0.03876243,  0.19170795],
        [ 0.91424036,  0.9413019 ,  0.97309407, ..., -0.03876243,
          0.        ,  0.15352041],
        [ 0.96560469,  0.98196647,  0.99693086, ..., -0.19170795,
         -0.15352041,  0.        ]],

       [[ 0.        ,  0.30592469,  0.48108467, ..., -0.69951074,
         -0.78615789, -0.97959021],
        [-0.30592469,  0.        ,  0.18982314, ..., -0.88459374,
         -0.93753544, -0.87113205],
        [-0.48108467, -0.18982314,  0.        , ..., -0.9570367 ,
         -0.98652698, -0.76208096],
        ...,
        [ 0.69951074,  0.88459374,  0.9570367 , ...,  0.        ,
         -0.12949018, -0.84064198],
        [ 0.78615789,  0.93753544,  0.98652698, ...,  0.12949018,
          0.        , -0.76343362],
        [ 0.97959021,  0.87113205,  0.76208096, ...,  0.84064198,
          0.76343362,  0.        ]]]), 'num': array([9.99867937e-01, 9.88207038e-03, 2.03074033e-05, 1.10120791e-03,
       1.11476124e-03, 1.09104292e-03, 1.24958749e-02, 1.12944401e-06,
       1.12515212e-03, 1.15592947e-03, 1.17437706e-03, 7.52962674e-07,
       1.20869023e-03, 1.10316872e-03])}
{'img': array([[[ 0.00000000e+00, -8.36224606e-01, -3.53369392e-01, ...,
         -8.56510842e-01, -0.00000000e+00, -1.78879621e-01],
        [ 8.36224606e-01,  0.00000000e+00,  5.88491417e-01, ...,
         -9.01299291e-01, -8.36224606e-01, -9.20832389e-01],
        [ 3.53369392e-01, -5.88491417e-01,  0.00000000e+00, ...,
         -9.83636280e-01, -3.53369392e-01, -5.15008886e-01],
        ...,
        [ 8.56510842e-01,  9.01299291e-01,  9.83636280e-01, ...,
          0.00000000e+00, -8.56510842e-01, -7.50371185e-01],
        [ 0.00000000e+00,  8.36224606e-01,  3.53369392e-01, ...,
          8.56510842e-01,  0.00000000e+00,  1.78879621e-01],
        [ 1.78879621e-01,  9.20832389e-01,  5.15008886e-01, ...,
          7.50371185e-01, -1.78879621e-01,  0.00000000e+00]],

       [[ 0.00000000e+00, -1.00008124e-01,  1.21797054e-02, ...,
          2.45745269e-01,  1.33924811e-02, -9.53800241e-02],
        [ 1.00008124e-01,  0.00000000e+00,  1.12119350e-01, ...,
          3.41454574e-01,  1.13324494e-01,  4.65033219e-03],
        [-1.21797054e-02, -1.12119350e-01,  0.00000000e+00, ...,
          2.33920833e-01,  1.21287470e-03, -1.07497127e-01],
        ...,
        [-2.45745269e-01, -3.41454574e-01, -2.33920833e-01, ...,
          0.00000000e+00, -2.32741437e-01, -3.37080042e-01],
        [-1.33924811e-02, -1.13324494e-01, -1.21287470e-03, ...,
          2.32741437e-01,  0.00000000e+00, -1.08702894e-01],
        [ 9.53800241e-02, -4.65033219e-03,  1.07497127e-01, ...,
          3.37080042e-01,  1.08702894e-01,  0.00000000e+00]],

       [[ 0.00000000e+00, -2.76500947e-01, -3.47656870e-01, ...,
         -7.43607871e-01, -5.54237347e-01, -0.00000000e+00],
        [ 2.76500947e-01,  0.00000000e+00, -7.48496717e-02, ...,
         -8.99490263e-01, -7.62777615e-01, -2.76500947e-01],
        [ 3.47656870e-01,  7.48496717e-02,  0.00000000e+00, ...,
         -9.29671915e-01, -8.09040249e-01, -3.47656870e-01],
        ...,
        [ 7.43607871e-01,  8.99490263e-01,  9.29671915e-01, ...,
          0.00000000e+00, -2.48376512e-01, -7.43607871e-01],
        [ 5.54237347e-01,  7.62777615e-01,  8.09040249e-01, ...,
          2.48376512e-01,  0.00000000e+00, -5.54237347e-01],
        [ 0.00000000e+00,  2.76500947e-01,  3.47656870e-01, ...,
          7.43607871e-01,  5.54237347e-01,  0.00000000e+00]],

       ...,

       [[ 0.00000000e+00, -3.64790838e-01, -1.32788621e-01, ...,
         -7.53414444e-01, -8.16306631e-01, -8.83360651e-01],
        [ 3.64790838e-01,  0.00000000e+00,  2.37922299e-01, ...,
         -4.61629534e-01, -5.49344480e-01, -6.51512585e-01],
        [ 1.32788621e-01, -2.37922299e-01,  0.00000000e+00, ...,
         -6.59427872e-01, -7.32376526e-01, -8.13300730e-01],
        ...,
        [ 7.53414444e-01,  4.61629534e-01,  6.59427872e-01, ...,
          0.00000000e+00, -1.01572769e-01, -2.27729473e-01],
        [ 8.16306631e-01,  5.49344480e-01,  7.32376526e-01, ...,
          1.01572769e-01,  0.00000000e+00, -1.27647794e-01],
        [ 8.83360651e-01,  6.51512585e-01,  8.13300730e-01, ...,
          2.27729473e-01,  1.27647794e-01,  0.00000000e+00]],

       [[ 0.00000000e+00, -1.11599718e-01, -4.89863277e-04, ...,
         -9.41301901e-01, -9.81966470e-01, -9.93266698e-01],
        [ 1.11599718e-01,  0.00000000e+00,  1.11112901e-01, ...,
         -9.73094073e-01, -9.96930864e-01, -9.99990848e-01],
        [ 4.89863277e-04, -1.11112901e-01,  0.00000000e+00, ...,
         -9.41467149e-01, -9.82058963e-01, -9.93323330e-01],
        ...,
        [ 9.41301901e-01,  9.73094073e-01,  9.41467149e-01, ...,
          0.00000000e+00,  1.53520410e-01,  2.26242955e-01],
        [ 9.81966470e-01,  9.96930864e-01,  9.82058963e-01, ...,
         -1.53520410e-01,  0.00000000e+00,  7.40211878e-02],
        [ 9.93266698e-01,  9.99990848e-01,  9.93323330e-01, ...,
         -2.26242955e-01, -7.40211878e-02,  0.00000000e+00]],

       [[ 0.00000000e+00,  1.75100202e-01,  2.76162341e-01, ...,
         -8.65990869e-01, -9.91815135e-01, -8.33012276e-01],
        [-1.75100202e-01,  0.00000000e+00,  1.03605073e-01, ...,
         -9.40172419e-01, -9.98849379e-01, -7.23267776e-01],
        [-2.76162341e-01, -1.03605073e-01,  0.00000000e+00, ...,
         -9.70411041e-01, -9.88505448e-01, -6.47829205e-01],
        ...,
        [ 8.65990869e-01,  9.40172419e-01,  9.70411041e-01, ...,
          0.00000000e+00, -3.85395292e-01, -8.95669312e-01],
        [ 9.91815135e-01,  9.98849379e-01,  9.88505448e-01, ...,
          3.85395292e-01,  0.00000000e+00, -6.55087011e-01],
        [ 8.33012276e-01,  7.23267776e-01,  6.47829205e-01, ...,
          8.95669312e-01,  6.55087011e-01,  0.00000000e+00]]]), 'num': array([ 9.99901467e-01,  9.92270797e-03,  2.03909125e-05,  1.10120000e-03,
        1.12047951e-03,  1.10120000e-03,  9.39444951e-03, -4.53635429e-06,
        1.11911860e-03,  1.15699716e-03,  1.17680591e-03,  7.47885437e-07,
        1.21547304e-03,  1.09852129e-03])}
{'img': array([[[ 0.        ,  0.79258911,  0.22485269, ..., -0.94204507,
         -0.95735254, -0.79258911],
        [-0.79258911,  0.        , -0.6351878 , ..., -0.30851489,
         -0.35475487, -0.        ],
        [-0.22485269,  0.6351878 ,  0.        , ..., -0.84248689,
         -0.86787244, -0.6351878 ],
        ...,
        [ 0.94204507,  0.30851489,  0.84248689, ...,  0.        ,
          0.04900087, -0.30851489],
        [ 0.95735254,  0.35475487,  0.86787244, ..., -0.04900087,
          0.        , -0.35475487],
        [ 0.79258911,  0.        ,  0.6351878 , ...,  0.30851489,
          0.35475487,  0.        ]],

       [[ 0.        ,  0.11211935, -0.13565075, ...,  0.11332449,
          0.00465033, -0.14415566],
        [-0.11211935,  0.        , -0.24587844, ...,  0.00121287,
         -0.10749713, -0.25419499],
        [ 0.13565075,  0.24587844,  0.        , ...,  0.2470539 ,
          0.14025663, -0.00858931],
        ...,
        [-0.11332449, -0.00121287, -0.2470539 , ...,  0.        ,
         -0.10870289, -0.25536784],
        [-0.00465033,  0.10749713, -0.14025663, ...,  0.10870289,
          0.        , -0.14875587],
        [ 0.14415566,  0.25419499,  0.00858931, ...,  0.25536784,
          0.14875587,  0.        ]],

       [[ 0.        , -0.20775065, -0.42444324, ..., -0.73989054,
         -0.55911382, -0.        ],
        [ 0.20775065,  0.        , -0.2270739 , ..., -0.863507  ,
         -0.71915914, -0.20775065],
        [ 0.42444324,  0.2270739 ,  0.        , ..., -0.9554718 ,
         -0.85815418, -0.42444324],
        ...,
        [ 0.73989054,  0.863507  ,  0.9554718 , ...,  0.        ,
         -0.23730541, -0.73989054],
        [ 0.55911382,  0.71915914,  0.85815418, ...,  0.23730541,
          0.        , -0.55911382],
        [ 0.        ,  0.20775065,  0.42444324, ...,  0.73989054,
          0.55911382,  0.        ]],

       ...,

       [[ 0.        ,  0.2379223 ,  0.5275281 , ..., -0.54934448,
         -0.65151258, -0.66589886],
        [-0.2379223 ,  0.        ,  0.31025577, ..., -0.73237653,
         -0.81330073, -0.82427707],
        [-0.5275281 , -0.31025577,  0.        , ..., -0.90748914,
         -0.9536872 , -0.95926424],
        ...,
        [ 0.54934448,  0.73237653,  0.90748914, ...,  0.        ,
         -0.12764779, -0.14658835],
        [ 0.65151258,  0.81330073,  0.9536872 , ...,  0.12764779,
          0.        , -0.0191203 ],
        [ 0.66589886,  0.82427707,  0.95926424, ...,  0.14658835,
          0.0191203 ,  0.        ]],

       [[ 0.        ,  0.1111129 ,  0.08480085, ..., -0.99693086,
         -0.99999085, -0.99879904],
        [-0.1111129 ,  0.        , -0.02643692, ..., -0.98205896,
         -0.99332333, -0.99805821],
        [-0.08480085,  0.02643692,  0.        , ..., -0.98670104,
         -0.99602601, -0.99935608],
        ...,
        [ 0.99693086,  0.98205896,  0.98670104, ...,  0.        ,
          0.07402119,  0.1270373 ],
        [ 0.99999085,  0.99332333,  0.99602601, ..., -0.07402119,
          0.        ,  0.05326733],
        [ 0.99879904,  0.99805821,  0.99935608, ..., -0.1270373 ,
         -0.05326733,  0.        ]],

       [[ 0.        ,  0.09723824,  0.24037029, ..., -0.98810545,
         -0.98898579, -0.69082459],
        [-0.09723824,  0.        ,  0.14484387, ..., -0.99837604,
         -0.96990684, -0.61724544],
        [-0.24037029, -0.14484387,  0.        , ..., -0.99609907,
         -0.92441266, -0.49677739],
        ...,
        [ 0.98810545,  0.99837604,  0.99609907, ...,  0.        ,
         -0.29833403, -0.82065586],
        [ 0.98898579,  0.96990684,  0.92441266, ...,  0.29833403,
          0.        , -0.61280959],
        [ 0.69082459,  0.61724544,  0.49677739, ...,  0.82065586,
          0.61280959,  0.        ]]]), 'num': array([9.99956941e-01, 1.08622280e-03, 2.00980024e-05, 1.10129076e-03,
       1.10793839e-03, 1.08023993e-03, 8.65973509e-03, 2.54825830e-05,
       1.08976820e-03, 1.12887843e-03, 1.14826735e-03, 9.21453710e-07,
       1.18739142e-03, 1.07036543e-03])}
{'img': array([[[ 0.        , -0.6351878 , -0.83862094, ..., -0.35475487,
         -0.        , -0.77981   ],
        [ 0.6351878 ,  0.        , -0.30171875, ..., -0.86787244,
         -0.6351878 , -0.99993017],
        [ 0.83862094,  0.30171875,  0.        , ..., -0.97731694,
         -0.83862094, -0.9497649 ],
        ...,
        [ 0.35475487,  0.86787244,  0.97731694, ...,  0.        ,
         -0.35475487,  0.50700834],
        [ 0.        ,  0.6351878 ,  0.83862094, ...,  0.35475487,
          0.        ,  0.77981   ],
        [ 0.77981   ,  0.99993017,  0.9497649 , ..., -0.50700834,
         -0.77981   ,  0.        ]],

       [[ 0.        , -0.24587844, -0.00819433, ..., -0.10749713,
         -0.25419499, -0.28317164],
        [ 0.24587844,  0.        ,  0.23792742, ...,  0.14025663,
         -0.00858931, -0.03866401],
        [ 0.00819433, -0.23792742,  0.        , ..., -0.09934667,
         -0.24626129, -0.2753032 ],
        ...,
        [ 0.10749713, -0.14025663,  0.09934667, ...,  0.        ,
         -0.14875587, -0.17843358],
        [ 0.25419499,  0.00858931,  0.24626129, ...,  0.14875587,
          0.        , -0.0300797 ],
        [ 0.28317164,  0.03866401,  0.2753032 , ...,  0.17843358,
          0.0300797 ,  0.        ]],

       [[ 0.        , -0.37115374, -0.66143783, ..., -0.63196123,
         -0.33319725, -0.        ],
        [ 0.37115374,  0.        , -0.33582696, ..., -0.8744653 ,
         -0.65934241, -0.37115374],
        [ 0.66143783,  0.33582696,  0.        , ..., -0.98658524,
         -0.87353932, -0.66143783],
        ...,
        [ 0.63196123,  0.8744653 ,  0.98658524, ...,  0.        ,
         -0.33762129, -0.63196123],
        [ 0.33319725,  0.65934241,  0.87353932, ...,  0.33762129,
          0.        , -0.33319725],
        [ 0.        ,  0.37115374,  0.66143783, ...,  0.63196123,
          0.33319725,  0.        ]],

       ...,

       [[ 0.        ,  0.31025577,  0.48385384, ..., -0.81330073,
         -0.82427707, -0.50183872],
        [-0.31025577,  0.        ,  0.18845719, ..., -0.9536872 ,
         -0.95926424, -0.74543375],
        [-0.48385384, -0.18845719,  0.        , ..., -0.99328641,
         -0.99531669, -0.85769837],
        ...,
        [ 0.81330073,  0.9536872 ,  0.99328641, ...,  0.        ,
         -0.0191203 ,  0.41148196],
        [ 0.82427707,  0.95926424,  0.99531669, ...,  0.0191203 ,
          0.        ,  0.42883332],
        [ 0.50183872,  0.74543375,  0.85769837, ..., -0.41148196,
         -0.42883332,  0.        ]],

       [[ 0.        , -0.02643692, -0.18790647, ..., -0.99332333,
         -0.99805821, -0.99795533],
        [ 0.02643692,  0.        , -0.16187479, ..., -0.99602601,
         -0.99935608, -0.99929625],
        [ 0.18790647,  0.16187479,  0.        , ..., -0.99730676,
         -0.99198407, -0.99218877],
        ...,
        [ 0.99332333,  0.99602601,  0.99730676, ...,  0.        ,
          0.05326733,  0.05163924],
        [ 0.99805821,  0.99935608,  0.99198407, ..., -0.05326733,
          0.        , -0.00163033],
        [ 0.99795533,  0.99929625,  0.99218877, ..., -0.05163924,
          0.00163033,  0.        ]],

       [[ 0.        ,  0.14231346,  0.60845402, ..., -0.98582278,
         -0.84878779, -0.60845402],
        [-0.14231346,  0.        ,  0.48932254, ..., -0.95190996,
         -0.7649026 , -0.48932254],
        [-0.60845402, -0.48932254,  0.        , ..., -0.6802458 ,
         -0.35187864, -0.        ],
        ...,
        [ 0.98582278,  0.95190996,  0.6802458 , ...,  0.        ,
         -0.37881968, -0.6802458 ],
        [ 0.84878779,  0.7649026 ,  0.35187864, ...,  0.37881968,
          0.        , -0.35187864],
        [ 0.60845402,  0.48932254,  0.        , ...,  0.6802458 ,
          0.35187864,  0.        ]]]), 'num': array([ 9.99975933e-01,  1.10174409e-03,  2.03851875e-05,  1.10129459e-03,
        1.10691344e-03,  1.09679951e-03,  6.06561592e-03, -1.57327798e-05,
        1.09994606e-03,  1.14253694e-03,  1.16254005e-03,  6.86091149e-07,
        1.20477433e-03,  1.08029956e-03])}
{'img': array([[[ 0.        , -0.66915899, -0.95306928, ..., -0.        ,
         -0.81604976, -0.55045872],
        [ 0.66915899,  0.        , -0.50565472, ..., -0.66915899,
         -0.99318392, -0.96771215],
        [ 0.95306928,  0.50565472,  0.        , ..., -0.95306928,
         -0.79791749, -0.96233433],
        ...,
        [ 0.        ,  0.66915899,  0.95306928, ...,  0.        ,
          0.81604976,  0.55045872],
        [ 0.81604976,  0.99318392,  0.79791749, ..., -0.81604976,
          0.        , -0.36313421],
        [ 0.55045872,  0.96771215,  0.96233433, ..., -0.55045872,
          0.36313421,  0.        ]],

       [[ 0.        ,  0.23792742,  0.29257263, ..., -0.00858931,
         -0.03866401, -0.25533544],
        [-0.23792742,  0.        ,  0.0566543 , ..., -0.24626129,
         -0.2753032 , -0.47804368],
        [-0.29257263, -0.0566543 ,  0.        , ..., -0.30077531,
         -0.32932606, -0.52703739],
        ...,
        [ 0.00858931,  0.24626129,  0.30077531, ...,  0.        ,
         -0.0300797 , -0.24702142],
        [ 0.03866401,  0.2753032 ,  0.32932606, ...,  0.0300797 ,
          0.        , -0.21776212],
        [ 0.25533544,  0.47804368,  0.52703739, ...,  0.24702142,
          0.21776212,  0.        ]],

       [[ 0.        , -0.56848296, -0.78133371, ..., -0.51338897,
         -0.40369502, -0.        ],
        [ 0.56848296,  0.        , -0.28800149, ..., -0.91020964,
         -0.85221932, -0.56848296],
        [ 0.78133371,  0.28800149,  0.        , ..., -0.99091921,
         -0.96678873, -0.78133371],
        ...,
        [ 0.51338897,  0.91020964,  0.99091921, ...,  0.        ,
         -0.12326297, -0.51338897],
        [ 0.40369502,  0.85221932,  0.96678873, ...,  0.12326297,
          0.        , -0.40369502],
        [ 0.        ,  0.56848296,  0.78133371, ...,  0.51338897,
          0.40369502,  0.        ]],

       ...,

       [[ 0.        ,  0.18845719, -0.54980062, ..., -0.95926424,
         -0.74543375, -0.98829959],
        [-0.18845719,  0.        , -0.69736649, ..., -0.99531669,
         -0.85769837, -0.99933511],
        [ 0.54980062,  0.69736649,  0.        , ..., -0.64594514,
         -0.25617184, -0.74166418],
        ...,
        [ 0.95926424,  0.99531669,  0.64594514, ...,  0.        ,
          0.42883332, -0.13289294],
        [ 0.74543375,  0.85769837,  0.25617184, ..., -0.42883332,
          0.        , -0.54508305],
        [ 0.98829959,  0.99933511,  0.74166418, ...,  0.13289294,
          0.54508305,  0.        ]],

       [[ 0.        , -0.16187479, -0.02206341, ..., -0.99935608,
         -0.99929625, -0.99967853],
        [ 0.16187479,  0.        ,  0.14006297, ..., -0.99198407,
         -0.99218877, -0.9905983 ],
        [ 0.02206341, -0.14006297,  0.        , ..., -0.99990446,
         -0.99988059, -0.99999458],
        ...,
        [ 0.99935608,  0.99198407,  0.99990446, ...,  0.        ,
         -0.00163033,  0.01053126],
        [ 0.99929625,  0.99218877,  0.99988059, ...,  0.00163033,
          0.        ,  0.01216148],
        [ 0.99967853,  0.9905983 ,  0.99999458, ..., -0.01053126,
         -0.01216148,  0.        ]],

       [[ 0.        ,  0.47623077, -0.00529707, ..., -0.8883688 ,
         -0.82829403, -0.47623077],
        [-0.47623077,  0.        , -0.48088192, ..., -0.56250864,
         -0.4615067 , -0.        ],
        [ 0.00529707,  0.48088192,  0.        , ..., -0.89078838,
         -0.83125033, -0.48088192],
        ...,
        [ 0.8883688 ,  0.56250864,  0.89078838, ...,  0.        ,
         -0.1174523 , -0.56250864],
        [ 0.82829403,  0.4615067 ,  0.83125033, ...,  0.1174523 ,
          0.        , -0.4615067 ],
        [ 0.47623077,  0.        ,  0.48088192, ...,  0.56250864,
          0.4615067 ,  0.        ]]]), 'num': array([9.99943510e-01, 1.07540104e-03, 1.98977711e-05, 1.10128788e-03,
       1.10786928e-03, 1.08593128e-03, 1.01007843e-02, 2.63256067e-05,
       1.08022740e-03, 1.11280534e-03, 1.13335393e-03, 7.31266854e-07,
       1.17171409e-03, 1.05389658e-03])}
{'img': array([[[ 0.        , -0.61340252, -0.70833842, ..., -0.99652166,
         -0.89061305, -0.99041694],
        [ 0.61340252,  0.        , -0.12644047, ..., -0.83814075,
         -0.98233196, -0.6974852 ],
        [ 0.70833842,  0.12644047,  0.        , ..., -0.76244653,
         -0.95078503, -0.60128018],
        ...,
        [ 0.99652166,  0.83814075,  0.76244653, ...,  0.        ,
         -0.37896157,  0.22016487],
        [ 0.89061305,  0.98233196,  0.95078503, ...,  0.37896157,
          0.        ,  0.57340617],
        [ 0.99041694,  0.6974852 ,  0.60128018, ..., -0.22016487,
         -0.57340617,  0.        ]],

       [[ 0.        ,  0.0566543 , -0.25588239, ..., -0.2753032 ,
         -0.47804368, -0.19324573],
        [-0.0566543 ,  0.        , -0.31023956, ..., -0.32932606,
         -0.52703739, -0.24852174],
        [ 0.25588239,  0.31023956,  0.        , ..., -0.02014335,
         -0.23737788,  0.06424693],
        ...,
        [ 0.2753032 ,  0.32932606,  0.02014335, ...,  0.        ,
         -0.21776212,  0.08433563],
        [ 0.47804368,  0.52703739,  0.23737788, ...,  0.21776212,
          0.        ,  0.29929805],
        [ 0.19324573,  0.24852174, -0.06424693, ..., -0.08433563,
         -0.29929805,  0.        ]],

       [[ 0.        , -0.62315148, -0.76010057, ..., -0.42195928,
         -0.        , -0.46886756],
        [ 0.62315148,  0.        , -0.18954832, ..., -0.89497319,
         -0.62315148, -0.91711193],
        [ 0.76010057,  0.18954832,  0.        , ..., -0.96330985,
         -0.76010057, -0.97604557],
        ...,
        [ 0.42195928,  0.89497319,  0.96330985, ...,  0.        ,
         -0.42195928,  0.05237893],
        [ 0.        ,  0.62315148,  0.76010057, ...,  0.42195928,
          0.        ,  0.46886756],
        [ 0.46886756,  0.91711193,  0.97604557, ..., -0.05237893,
         -0.46886756,  0.        ]],

       ...,

       [[ 0.        , -0.69736649, -0.88671187, ..., -0.85769837,
         -0.99933511, -0.99328641],
        [ 0.69736649,  0.        , -0.31311125, ..., -0.25617184,
         -0.74166418, -0.63123093],
        [ 0.88671187,  0.31311125,  0.        , ...,  0.05937252,
         -0.49434461, -0.35664289],
        ...,
        [ 0.85769837,  0.25617184, -0.05937252, ...,  0.        ,
         -0.54508305, -0.41148196],
        [ 0.99933511,  0.74166418,  0.49434461, ...,  0.54508305,
          0.        ,  0.15181936],
        [ 0.99328641,  0.63123093,  0.35664289, ...,  0.41148196,
         -0.15181936,  0.        ]],

       [[ 0.        ,  0.14006297,  0.25348635, ..., -0.99218877,
         -0.9905983 , -0.9999824 ],
        [-0.14006297,  0.        ,  0.11549926, ..., -0.99988059,
         -0.99999458, -0.99095619],
        [-0.25348635, -0.11549926,  0.        , ..., -0.99140415,
         -0.99292198, -0.96882592],
        ...,
        [ 0.99218877,  0.99988059,  0.99140415, ...,  0.        ,
          0.01216148, -0.1188565 ],
        [ 0.9905983 ,  0.99999458,  0.99292198, ..., -0.01216148,
          0.        , -0.13092299],
        [ 0.9999824 ,  0.99095619,  0.96882592, ...,  0.1188565 ,
          0.13092299,  0.        ]],

       [[ 0.        , -0.47950032, -0.69073531, ..., -0.4831224 ,
         -0.15621354, -0.        ],
        [ 0.47950032,  0.        , -0.25941868, ..., -0.84378791,
         -0.61069754, -0.47950032],
        [ 0.69073531,  0.25941868,  0.        , ..., -0.95412477,
         -0.79521458, -0.69073531],
        ...,
        [ 0.4831224 ,  0.84378791,  0.95412477, ...,  0.        ,
         -0.34041804, -0.4831224 ],
        [ 0.15621354,  0.61069754,  0.79521458, ...,  0.34041804,
          0.        , -0.15621354],
        [ 0.        ,  0.47950032,  0.69073531, ...,  0.4831224 ,
          0.15621354,  0.        ]]]), 'num': array([ 9.99914312e-01,  1.09943493e-03,  2.03424618e-05,  1.10122919e-03,
