state_0,state_1,state_2,state_3,state_4,state_5,state_6,state_7,state_8,state_9,state_10,state_11,state_12,state_13,state_14,state_15,state_16,state_17,state_18,state_19,state_20,state_21,state_22,state_23,state_24,state_25,state_26,state_27,state_28,state_29,state_30,state_31,state_32,state_33,state_34,state_35,state_36,state_37,state_38,state_39,state_40,state_41,state_42,state_43,state_44,state_45,state_46,state_47,state_48,state_49,state_50,state_51,state_52,state_53,state_54,state_55,state_56,state_57,state_58,state_59,state_60,state_61,state_62,state_63,state_64,state_65,state_66,state_67,state_68,state_69,state_70,state_71,state_72,state_73,state_74,state_75,state_76,state_77,state_78,state_79,state_80,state_81,state_82,state_83,state_84,state_85,state_86,state_87,state_88,state_89,state_90,state_91,state_92,state_93,state_94,state_95,state_96,state_97,state_98,state_99,state_100,state_101,state_102,state_103,state_104,state_105,state_106,state_107,state_108,state_109,state_110,state_111,state_112,state_113,state_114,state_115,state_116,state_117,state_118,state_119,state_120,state_121,state_122,state_123,state_124,state_125,state_126,state_127,state_128,state_129,state_130,state_131,state_132,state_133,state_134,state_135,state_136,state_137,state_138,state_139,state_140,state_141,state_142,state_143,state_144,state_145,state_146,state_147,state_148,state_149,state_150,state_151,state_152,state_153,state_154,state_155,state_156,state_157,state_158,state_159,state_160,state_161,state_162,state_163,state_164,state_165,state_166,state_167,state_168,state_169,state_170,state_171,state_172,state_173,state_174,state_175,state_176,state_177,state_178,state_179,state_180,state_181,state_182,state_183,state_184,state_185,state_186,state_187,state_188,state_189,state_190,state_191,state_192,state_193,state_194,state_195,state_196,state_197,state_198,state_199,state_200,state_201,state_202,state_203,state_204,state_205,state_206,state_207,state_208,state_209,state_210,state_211,state_212,state_213,state_214,state_215,state_216,state_217,state_218,state_219,state_220,state_221,state_222,state_223,state_224,state_225,state_226,state_227,state_228,state_229,state_230,state_231,state_232,state_233,state_234,state_235,state_236,state_237,state_238,state_239,state_240,state_241,state_242,state_243,state_244,state_245,state_246,state_247,state_248,state_249,state_250,state_251,state_252,state_253,state_254,state_255,state_256,state_257,state_258,state_259,state_260,state_261,state_262,state_263,state_264,state_265,state_266,state_267,state_268,state_269,state_270,state_271,state_272,state_273,state_274,state_275,state_276,state_277,state_278,state_279,state_280,state_281,state_282,state_283,state_284,state_285,state_286,state_287
{'img': array([[[ 0.        , -0.10995672,  0.2094381 , ..., -0.57316073,
         -0.62112977, -0.66609831],
        [ 0.10995672,  0.        ,  0.31568624, ..., -0.47958203,
         -0.53118954, -0.58004658],
        [-0.2094381 , -0.31568624,  0.        , ..., -0.73207169,
         -0.77149255, -0.80753785],
        ...,
        [ 0.57316073,  0.47958203,  0.73207169, ...,  0.        ,
         -0.05978993, -0.11832965],
        [ 0.62112977,  0.53118954,  0.77149255, ...,  0.05978993,
          0.        , -0.05874809],
        [ 0.66609831,  0.58004658,  0.80753785, ...,  0.11832965,
          0.05874809,  0.        ]],

       [[ 0.        , -0.33476819, -0.08196692, ..., -0.99496593,
         -0.82119334, -0.93388964],
        [ 0.33476819,  0.        ,  0.25640425, ..., -0.97110528,
         -0.58277541, -0.7603045 ],
        [ 0.08196692, -0.25640425,  0.        , ..., -0.99983213,
         -0.77165564, -0.90143894],
        ...,
        [ 0.99496593,  0.97110528,  0.99983213, ...,  0.        ,
          0.65007224,  0.44934998],
        [ 0.82119334,  0.58277541,  0.77165564, ..., -0.65007224,
          0.        , -0.23929715],
        [ 0.93388964,  0.7603045 ,  0.90143894, ..., -0.44934998,
          0.23929715,  0.        ]],

       [[ 0.        , -0.60685663, -0.68223595, ..., -0.99302256,
         -0.98993691, -0.99215674],
        [ 0.60685663,  0.        , -0.09855651, ..., -0.71770229,
         -0.70093712, -0.71272033],
        [ 0.68223595,  0.09855651,  0.        , ..., -0.64557829,
         -0.6272318 , -0.64011812],
        ...,
        [ 0.99302256,  0.71770229,  0.64557829, ...,  0.        ,
          0.02378422,  0.0071282 ],
        [ 0.98993691,  0.70093712,  0.6272318 , ..., -0.02378422,
          0.        , -0.01665743],
        [ 0.99215674,  0.71272033,  0.64011812, ..., -0.0071282 ,
          0.01665743,  0.        ]],

       ...,

       [[ 0.        , -0.02517063,  0.18259408, ...,  0.97770416,
          0.99990998,  0.94302597],
        [ 0.02517063,  0.        ,  0.2072837 , ...,  0.97210888,
          0.99993091,  0.93435244],
        [-0.18259408, -0.2072837 ,  0.        , ...,  0.99960977,
          0.98064989,  0.98792473],
        ...,
        [-0.97770416, -0.97210888, -0.99960977, ...,  0.        ,
         -0.2230867 ,  0.12727758],
        [-0.99990998, -0.99993091, -0.98064989, ...,  0.2230867 ,
          0.        ,  0.34534237],
        [-0.94302597, -0.93435244, -0.98792473, ..., -0.12727758,
         -0.34534237,  0.        ]],

       [[ 0.        , -0.17954906, -0.28412956, ..., -0.79296152,
         -0.82870844, -0.85260519],
        [ 0.17954906,  0.        , -0.10736307, ..., -0.88946929,
         -0.91573124, -0.93257389],
        [ 0.28412956,  0.10736307,  0.        , ..., -0.93339243,
         -0.95357575, -0.96593933],
        ...,
        [ 0.79296152,  0.88946929,  0.93339243, ...,  0.        ,
          0.06110347,  0.10510171],
        [ 0.82870844,  0.91573124,  0.95357575, ..., -0.06110347,
          0.        ,  0.04414027],
        [ 0.85260519,  0.93257389,  0.96593933, ..., -0.10510171,
         -0.04414027,  0.        ]],

       [[ 0.        ,  0.10531728,  0.46927873, ..., -0.46927873,
         -0.56792625, -0.69753657],
        [-0.10531728,  0.        ,  0.37366848, ..., -0.37366848,
         -0.47808334, -0.61819233],
        [-0.46927873, -0.37366848,  0.        , ..., -0.        ,
         -0.11525366, -0.27969844],
        ...,
        [ 0.46927873,  0.37366848,  0.        , ...,  0.        ,
          0.11525366,  0.27969844],
        [ 0.56792625,  0.47808334,  0.11525366, ..., -0.11525366,
          0.        ,  0.16718092],
        [ 0.69753657,  0.61819233,  0.27969844, ..., -0.27969844,
         -0.16718092,  0.        ]]]), 'num': array([7.07102041e-01, 7.07102041e-01, 0.00000000e+00, 8.55868964e-04,
       8.58623907e-04, 8.42094249e-04, 2.79103277e-03, 9.18314339e-06,
       8.52195706e-04, 8.18218076e-04, 8.32972326e-04, 7.68385467e-06,
       8.89919551e-04, 7.46516600e-04])}
{'img': array([[[ 0.        ,  0.31568624,  0.44472769, ..., -0.53118954,
         -0.58004658, -0.47958203],
        [-0.31568624,  0.        ,  0.13923656, ..., -0.77149255,
         -0.80753785, -0.73207169],
        [-0.44472769, -0.13923656,  0.        , ..., -0.8525652 ,
         -0.88179566, -0.81979248],
        ...,
        [ 0.53118954,  0.77149255,  0.8525652 , ...,  0.        ,
         -0.05874809,  0.05978993],
        [ 0.58004658,  0.80753785,  0.88179566, ...,  0.05874809,
          0.        ,  0.11832965],
        [ 0.47958203,  0.73207169,  0.81979248, ..., -0.05978993,
         -0.11832965,  0.        ]],

       [[ 0.        ,  0.25640425,  0.40439236, ..., -0.58277541,
         -0.7603045 , -0.64418988],
        [-0.25640425,  0.        ,  0.15636975, ..., -0.77165564,
         -0.90143894, -0.81876917],
        [-0.40439236, -0.15636975,  0.        , ..., -0.86162068,
         -0.95804341, -0.8984726 ],
        ...,
        [ 0.58277541,  0.77165564,  0.86162068, ...,  0.        ,
         -0.23929715, -0.07774526],
        [ 0.7603045 ,  0.90143894,  0.95804341, ...,  0.23929715,
          0.        ,  0.16308639],
        [ 0.64418988,  0.81876917,  0.8984726 , ...,  0.07774526,
         -0.16308639,  0.        ]],

       [[ 0.        , -0.25768855, -0.24464997, ..., -0.91579103,
         -0.92323096, -0.92426394],
        [ 0.25768855,  0.        ,  0.01347012, ..., -0.78136105,
         -0.79303597, -0.79467608],
        [ 0.24464997, -0.01347012,  0.        , ..., -0.78969659,
         -0.80116967, -0.8027808 ],
        ...,
        [ 0.91579103,  0.78136105,  0.78969659, ...,  0.        ,
         -0.01893181, -0.02162835],
        [ 0.92323096,  0.79303597,  0.80116967, ...,  0.01893181,
          0.        , -0.00269709],
        [ 0.92426394,  0.79467608,  0.8027808 , ...,  0.02162835,
          0.00269709,  0.        ]],

       ...,

       [[ 0.        ,  0.2072837 ,  0.26508265, ...,  0.99993091,
          0.93435244,  0.97384235],
        [-0.2072837 ,  0.        ,  0.05945702, ...,  0.98064989,
          0.98792473,  0.99979133],
        [-0.26508265, -0.05945702,  0.        , ...,  0.96727511,
          0.99538891,  0.99923715],
        ...,
        [-0.99993091, -0.98064989, -0.96727511, ...,  0.        ,
          0.34534237,  0.21576154],
        [-0.93435244, -0.98792473, -0.99538891, ..., -0.34534237,
          0.        , -0.13472102],
        [-0.97384235, -0.99979133, -0.99923715, ..., -0.21576154,
          0.13472102,  0.        ]],

       [[ 0.        , -0.22293909, -0.41559529, ..., -0.83113317,
         -0.85499006, -0.87943869],
        [ 0.22293909,  0.        , -0.20236157, ..., -0.93418602,
         -0.9490981 , -0.96342703],
        [ 0.41559529,  0.20236157,  0.        , ..., -0.98705837,
         -0.99320207, -0.99772157],
        ...,
        [ 0.83113317,  0.93418602,  0.98705837, ...,  0.        ,
          0.0443747 ,  0.09340298],
        [ 0.85499006,  0.9490981 ,  0.99320207, ..., -0.0443747 ,
          0.        ,  0.04913026],
        [ 0.87943869,  0.96342703,  0.99772157, ..., -0.09340298,
         -0.04913026,  0.        ]],

       [[ 0.        ,  0.37366848,  0.0558686 , ..., -0.47808334,
         -0.61819233, -0.72508175],
        [-0.37366848,  0.        , -0.32126326, ..., -0.11525366,
         -0.27969844, -0.41522692],
        [-0.0558686 ,  0.32126326,  0.        , ..., -0.42826644,
         -0.57331258, -0.68547464],
        ...,
        [ 0.47808334,  0.11525366,  0.42826644, ...,  0.        ,
          0.16718092,  0.30761158],
        [ 0.61819233,  0.27969844,  0.57331258, ..., -0.16718092,
          0.        ,  0.14420767],
        [ 0.72508175,  0.41522692,  0.68547464, ..., -0.30761158,
         -0.14420767,  0.        ]]]), 'num': array([ 7.07094915e-01,  7.07094915e-01,  0.00000000e+00,  8.45758983e-04,
        8.74226441e-04,  8.44840678e-04,  5.28300915e-03, -1.01013559e-05,
        8.51085153e-04,  8.23122763e-04,  8.32244593e-04,  6.57313113e-06,
        8.87901425e-04,  7.58344100e-04])}
{'img': array([[[ 0.        ,  0.13923656,  0.39084963, ..., -0.80753785,
         -0.73207169, -0.81435623],
        [-0.13923656,  0.        ,  0.25888149, ..., -0.88179566,
         -0.81979248, -0.88723178],
        [-0.39084963, -0.25888149,  0.        , ..., -0.97383115,
         -0.94009627, -0.97641347],
        ...,
        [ 0.80753785,  0.88179566,  0.97383115, ...,  0.        ,
          0.11832965, -0.01165315],
        [ 0.73207169,  0.81979248,  0.94009627, ..., -0.11832965,
          0.        , -0.1298929 ],
        [ 0.81435623,  0.88723178,  0.97641347, ...,  0.01165315,
          0.1298929 ,  0.        ]],

       [[ 0.        ,  0.15636975, -0.78869289, ..., -0.90143894,
         -0.81876917,  0.01898074],
        [-0.15636975,  0.        , -0.875125  , ..., -0.95804341,
         -0.8984726 , -0.13759433],
        [ 0.78869289,  0.875125  ,  0.        , ..., -0.21276318,
         -0.05056234,  0.80021993],
        ...,
        [ 0.90143894,  0.95804341,  0.21276318, ...,  0.        ,
          0.16308639,  0.90949343],
        [ 0.81876917,  0.8984726 ,  0.05056234, ..., -0.16308639,
          0.        ,  0.82951894],
        [-0.01898074,  0.13759433, -0.80021993, ..., -0.90949343,
         -0.82951894,  0.        ]],

       [[ 0.        ,  0.01347012,  0.02739177, ..., -0.79303597,
         -0.79467608, -0.80437257],
        [-0.01347012,  0.        ,  0.01392422, ..., -0.80116967,
         -0.8027808 , -0.81230253],
        [-0.02739177, -0.01392422,  0.        , ..., -0.80942477,
         -0.81100562, -0.82034489],
        ...,
        [ 0.79303597,  0.80116967,  0.80942477, ...,  0.        ,
         -0.00269709, -0.01884086],
        [ 0.79467608,  0.8027808 ,  0.81100562, ...,  0.00269709,
          0.        , -0.01614418],
        [ 0.80437257,  0.81230253,  0.82034489, ...,  0.01884086,
          0.01614418,  0.        ]],

       ...,

       [[ 0.        ,  0.05945702,  0.25859275, ...,  0.98792473,
          0.99979133,  0.90757197],
        [-0.05945702,  0.        ,  0.20070059, ...,  0.99538891,
          0.99923715,  0.88100055],
        [-0.25859275, -0.20070059,  0.        , ...,  0.99438685,
          0.97106738,  0.76812   ],
        ...,
        [-0.98792473, -0.99538891, -0.99438685, ...,  0.        ,
         -0.13472102, -0.55544051],
        [-0.99979133, -0.99923715, -0.97106738, ...,  0.13472102,
          0.        , -0.43834877],
        [-0.90757197, -0.88100055, -0.76812   , ...,  0.55544051,
          0.43834877,  0.        ]],

       [[ 0.        , -0.35757273, -0.52250852, ..., -0.85868131,
         -0.88302052, -0.87162174],
        [ 0.35757273,  0.        , -0.18308433, ..., -0.98516942,
         -0.99246105, -0.9892694 ],
        [ 0.52250852,  0.18308433,  0.        , ..., -0.99993173,
         -0.99812459, -0.99929714],
        ...,
        [ 0.85868131,  0.98516942,  0.99993173, ...,  0.        ,
          0.0495481 ,  0.02580715],
        [ 0.88302052,  0.99246105,  0.99812459, ..., -0.0495481 ,
          0.        , -0.02375615],
        [ 0.87162174,  0.9892694 ,  0.99929714, ..., -0.02580715,
          0.02375615,  0.        ]],

       [[ 0.        , -0.32126326, -0.39211725, ..., -0.27969844,
         -0.41522692, -0.68049998],
        [ 0.32126326,  0.        , -0.07579611, ..., -0.57331258,
         -0.68547464, -0.87983167],
        [ 0.39211725,  0.07579611,  0.        , ..., -0.63376589,
         -0.73868964, -0.91332547],
        ...,
        [ 0.27969844,  0.57331258,  0.63376589, ...,  0.        ,
          0.14420767,  0.44839129],
        [ 0.41522692,  0.68547464,  0.73868964, ..., -0.14420767,
          0.        ,  0.31480625],
        [ 0.68049998,  0.87983167,  0.91332547, ..., -0.44839129,
         -0.31480625,  0.        ]]]), 'num': array([ 7.07103239e-01,  7.07103239e-01,  0.00000000e+00,  8.34749148e-04,
        8.50360519e-04,  8.34749148e-04,  2.10569835e-03, -1.10197907e-05,
        8.46870918e-04,  8.27402621e-04,  8.31121801e-04,  5.70604051e-06,
        8.82733726e-04,  7.72071517e-04])}
{'img': array([[[ 0.        ,  0.25888149,  0.11073766, ..., -0.81979248,
         -0.88723178, -0.94225551],
        [-0.25888149,  0.        , -0.15032678, ..., -0.94009627,
         -0.97641347, -0.99683124],
        [-0.11073766,  0.15032678,  0.        , ..., -0.87816559,
         -0.93286094, -0.9735458 ],
        ...,
        [ 0.81979248,  0.94009627,  0.87816559, ...,  0.        ,
         -0.1298929 , -0.26504845],
        [ 0.88723178,  0.97641347,  0.93286094, ...,  0.1298929 ,
          0.        , -0.13755567],
        [ 0.94225551,  0.99683124,  0.9735458 , ...,  0.26504845,
          0.13755567,  0.        ]],

       [[ 0.        , -0.875125  ,  0.67129043, ..., -0.8984726 ,
         -0.13759433, -0.98444082],
        [ 0.875125  ,  0.        ,  0.97347313, ..., -0.05056234,
          0.80021993, -0.32259404],
        [-0.67129043, -0.97347313,  0.        , ..., -0.96065924,
         -0.76688971, -0.84761879],
        ...,
        [ 0.8984726 ,  0.05056234,  0.96065924, ...,  0.        ,
          0.82951894, -0.27432227],
        [ 0.13759433, -0.80021993,  0.76688971, ..., -0.82951894,
          0.        , -0.9508999 ],
        [ 0.98444082,  0.32259404,  0.84761879, ...,  0.27432227,
          0.9508999 ,  0.        ]],

       [[ 0.        ,  0.01392422,  0.14029172, ..., -0.8027808 ,
         -0.81230253, -0.84654133],
        [-0.01392422,  0.        ,  0.12649161, ..., -0.81100562,
         -0.82034489, -0.85387144],
        [-0.14029172, -0.12649161,  0.        , ..., -0.87849381,
         -0.88609226, -0.91284973],
        ...,
        [ 0.8027808 ,  0.81100562,  0.87849381, ...,  0.        ,
         -0.01614418, -0.07743211],
        [ 0.81230253,  0.82034489,  0.88609226, ...,  0.01614418,
          0.        , -0.06132632],
        [ 0.84654133,  0.85387144,  0.91284973, ...,  0.07743211,
          0.06132632,  0.        ]],

       ...,

       [[ 0.        ,  0.20070059,  0.2835971 , ...,  0.99923715,
          0.88100055,  0.72106579],
        [-0.20070059,  0.        ,  0.08536611, ...,  0.97106738,
          0.76812   ,  0.56733526],
        [-0.2835971 , -0.08536611,  0.        , ...,  0.94713673,
          0.71065567,  0.49496641],
        ...,
        [-0.99923715, -0.97106738, -0.94713673, ...,  0.        ,
         -0.43834877, -0.6641784 ],
        [-0.88100055, -0.76812   , -0.71065567, ...,  0.43834877,
          0.        , -0.26926865],
        [-0.72106579, -0.56733526, -0.49496641, ...,  0.6641784 ,
          0.26926865,  0.        ]],

       [[ 0.        , -0.40124448, -0.61156368, ..., -0.89242678,
         -0.88119681, -0.84905273],
        [ 0.40124448,  0.        , -0.24271188, ..., -0.99847545,
         -0.99683889, -0.98968839],
        [ 0.61156368,  0.24271188,  0.        , ..., -0.98201659,
         -0.98631518, -0.99486051],
        ...,
        [ 0.89242678,  0.99847545,  0.98201659, ...,  0.        ,
         -0.02430522, -0.08839029],
        [ 0.88119681,  0.99683889,  0.98631518, ...,  0.02430522,
          0.        , -0.06415409],
        [ 0.84905273,  0.98968839,  0.99486051, ...,  0.08839029,
          0.06415409,  0.        ]],

       [[ 0.        , -0.23420112, -0.15953234, ..., -0.42057066,
         -0.68825198, -0.85733687],
        [ 0.23420112,  0.        ,  0.07610618, ..., -0.62135507,
         -0.83901672, -0.95404914],
        [ 0.15953234, -0.07610618,  0.        , ..., -0.55992156,
         -0.79517353, -0.92847689],
        ...,
        [ 0.42057066,  0.62135507,  0.55992156, ...,  0.        ,
          0.31931122,  0.5613361 ],
        [ 0.68825198,  0.83901672,  0.79517353, ..., -0.31931122,
          0.        ,  0.26769199],
        [ 0.85733687,  0.95404914,  0.92847689, ..., -0.5613361 ,
         -0.26769199,  0.        ]]]), 'num': array([7.07102985e-01, 7.07102985e-01, 0.00000000e+00, 8.38422111e-04,
       8.50360213e-04, 8.19137484e-04, 2.27209637e-03, 3.67326226e-06,
       8.44299331e-04, 8.30754176e-04, 8.29988913e-04, 5.60172495e-06,
       8.79879424e-04, 7.81628928e-04])}
{'img': array([[[ 0.        , -0.15032678, -0.46298975, ..., -0.97641347,
         -0.99683124, -0.99215674],
        [ 0.15032678,  0.        , -0.32448431, ..., -0.93286094,
         -0.9735458 , -0.96209139],
        [ 0.46298975,  0.32448431,  0.        , ..., -0.7654937 ,
         -0.84672623, -0.82153794],
        ...,
        [ 0.97641347,  0.93286094,  0.7654937 , ...,  0.        ,
         -0.13755567, -0.09216398],
        [ 0.99683124,  0.9735458 ,  0.84672623, ...,  0.13755567,
          0.        ,  0.04568235],
        [ 0.99215674,  0.96209139,  0.82153794, ...,  0.09216398,
         -0.04568235,  0.        ]],

       [[ 0.        ,  0.97347313,  0.86565832, ...,  0.80021993,
         -0.32259404, -0.25470968],
        [-0.97347313,  0.        , -0.68541878, ..., -0.76688971,
         -0.84761879, -0.8830877 ],
        [-0.86565832,  0.68541878,  0.        , ..., -0.11852273,
         -0.98087995, -0.96462345],
        ...,
        [-0.80021993,  0.76688971,  0.11852273, ...,  0.        ,
         -0.9508999 , -0.92657782],
        [ 0.32259404,  0.84761879,  0.98087995, ...,  0.9508999 ,
          0.        ,  0.07086186],
        [ 0.25470968,  0.8830877 ,  0.96462345, ...,  0.92657782,
         -0.07086186,  0.        ]],

       [[ 0.        ,  0.12649161,  0.3690444 , ..., -0.82034489,
         -0.85387144, -0.8725524 ],
        [-0.12649161,  0.        ,  0.24851733, ..., -0.88609226,
         -0.91284973, -0.92733753],
        [-0.3690444 , -0.24851733,  0.        , ..., -0.97348328,
         -0.98567986, -0.99124623],
        ...,
        [ 0.82034489,  0.88609226,  0.97348328, ...,  0.        ,
         -0.06132632, -0.09823043],
        [ 0.85387144,  0.91284973,  0.98567986, ...,  0.06132632,
          0.        , -0.03701582],
        [ 0.8725524 ,  0.92733753,  0.99124623, ...,  0.09823043,
          0.03701582,  0.        ]],

       ...,

       [[ 0.        ,  0.08536611,  0.05986633, ...,  0.76812   ,
          0.56733526,  0.541596  ],
        [-0.08536611,  0.        , -0.0255652 , ...,  0.71065567,
          0.49496641,  0.46785691],
        [-0.05986633,  0.0255652 ,  0.        , ...,  0.72840954,
          0.51701855,  0.49029863],
        ...,
        [-0.76812   , -0.71065567, -0.72840954, ...,  0.        ,
         -0.26926865, -0.29892444],
        [-0.56733526, -0.49496641, -0.51701855, ...,  0.26926865,
          0.        , -0.03092687],
        [-0.541596  , -0.46785691, -0.49029863, ...,  0.29892444,
          0.03092687,  0.        ]],

       [[ 0.        , -0.49348923, -0.61793917, ..., -0.89321697,
         -0.86158045, -0.84193073],
        [ 0.49348923,  0.        , -0.14945975, ..., -0.9987627 ,
         -0.99986676, -0.99855055],
        [ 0.61793917,  0.14945975,  0.        , ..., -0.98011178,
         -0.9910758 , -0.99537885],
        ...,
        [ 0.89321697,  0.9987627 ,  0.98011178, ...,  0.        ,
         -0.06602685, -0.10341317],
        [ 0.86158045,  0.99986676,  0.9910758 , ...,  0.06602685,
          0.        , -0.03751465],
        [ 0.84193073,  0.99855055,  0.99537885, ...,  0.10341317,
          0.03751465,  0.        ]],

       [[ 0.        ,  0.17313124, -0.05744834, ..., -0.80498613,
         -0.93481061, -0.98037967],
        [-0.17313124,  0.        , -0.2294261 , ..., -0.69011218,
         -0.85920683, -0.93144735],
        [ 0.05744834,  0.2294261 ,  0.        , ..., -0.83774041,
         -0.95366933, -0.99008468],
        ...,
        [ 0.80498613,  0.69011218,  0.83774041, ...,  0.        ,
          0.26872906,  0.42297535],
        [ 0.93481061,  0.85920683,  0.95366933, ..., -0.26872906,
          0.        ,  0.16391007],
        [ 0.98037967,  0.93144735,  0.99008468, ..., -0.42297535,
         -0.16391007,  0.        ]]]), 'num': array([9.99887641e-01, 1.44384515e-02, 1.07230597e-04, 1.18585943e-03,
       1.19102096e-03, 1.16521335e-03, 2.27029498e-03, 7.74228140e-06,
       1.18560136e-03, 1.17147169e-03, 1.16474021e-03, 7.87131942e-06,
       1.23427637e-03, 1.10866702e-03])}
{'img': array([[[ 0.        , -0.44174053, -0.72244483, ..., -0.99631976,
         -0.99132564, -0.9797959 ],
        [ 0.44174053,  0.        , -0.3427042 , ..., -0.85597768,
         -0.83130339, -0.79066878],
        [ 0.72244483,  0.3427042 ,  0.        , ..., -0.6269601 ,
         -0.59048098, -0.53296991],
        ...,
        [ 0.99631976,  0.85597768,  0.6269601 , ...,  0.        ,
          0.04597411,  0.11528145],
        [ 0.99132564,  0.83130339,  0.59048098, ..., -0.04597411,
          0.        ,  0.06949195],
        [ 0.9797959 ,  0.79066878,  0.53296991, ..., -0.11528145,
         -0.06949195,  0.        ]],

       [[ 0.        , -0.68541878, -0.97315358, ..., -0.84761879,
         -0.8830877 , -0.70277679],
        [ 0.68541878,  0.        , -0.55084716, ..., -0.98087995,
         -0.96462345, -0.99934034],
        [ 0.97315358,  0.55084716,  0.        , ..., -0.71144597,
         -0.65985997, -0.85406039],
        ...,
        [ 0.84761879,  0.98087995,  0.71144597, ...,  0.        ,
          0.07086186, -0.23010749],
        [ 0.8830877 ,  0.96462345,  0.65985997, ..., -0.07086186,
          0.        , -0.29848933],
        [ 0.70277679,  0.99934034,  0.85406039, ...,  0.23010749,
          0.29848933,  0.        ]],

       [[ 0.        ,  0.24851733, -0.08166155, ..., -0.91284973,
         -0.92733753, -0.930268  ],
        [-0.24851733,  0.        , -0.32678693, ..., -0.98567986,
         -0.99124623, -0.99225933],
        [ 0.08166155,  0.32678693,  0.        , ..., -0.87645885,
         -0.89368045, -0.89720097],
        ...,
        [ 0.91284973,  0.98567986,  0.87645885, ...,  0.        ,
         -0.03701582, -0.04491747],
        [ 0.92733753,  0.99124623,  0.89368045, ...,  0.03701582,
          0.        , -0.00790824],
        [ 0.930268  ,  0.99225933,  0.89720097, ...,  0.04491747,
          0.00790824,  0.        ]],

       ...,

       [[ 0.        , -0.0255652 , -0.38723268, ...,  0.49496641,
          0.46785691,  0.46785691],
        [ 0.0255652 ,  0.        , -0.36353546, ...,  0.51701855,
          0.49029863,  0.49029863],
        [ 0.38723268,  0.36353546,  0.        , ...,  0.7928213 ,
          0.77359354,  0.77359354],
        ...,
        [-0.49496641, -0.51701855, -0.7928213 , ...,  0.        ,
         -0.03092687, -0.03092687],
        [-0.46785691, -0.49029863, -0.77359354, ...,  0.03092687,
          0.        ,  0.        ],
        [-0.46785691, -0.49029863, -0.77359354, ...,  0.03092687,
          0.        ,  0.        ]],

       [[ 0.        , -0.41316643, -0.57690861, ..., -0.88088969,
         -0.86164418, -0.85087143],
        [ 0.41316643,  0.        , -0.18788708, ..., -0.99774767,
         -0.99434832, -0.99191767],
        [ 0.57690861,  0.18788708,  0.        , ..., -0.99258168,
         -0.996587  , -0.99809196],
        ...,
        [ 0.88088969,  0.99774767,  0.99258168, ...,  0.        ,
         -0.03922802, -0.06006066],
        [ 0.86164418,  0.99434832,  0.996587  , ...,  0.03922802,
          0.        , -0.02085723],
        [ 0.85087143,  0.99191767,  0.99809196, ...,  0.06006066,
          0.02085723,  0.        ]],

       [[ 0.        , -0.2294261 , -0.37528689, ..., -0.85920683,
         -0.93144735, -0.96825292],
        [ 0.2294261 ,  0.        , -0.15261947, ..., -0.95366933,
         -0.99008468, -0.99977605],
        [ 0.37528689,  0.15261947,  0.        , ..., -0.98841372,
         -0.9999246 , -0.99129349],
        ...,
        [ 0.85920683,  0.95366933,  0.98841372, ...,  0.        ,
          0.16391007,  0.28060757],
        [ 0.93144735,  0.99008468,  0.9999246 , ..., -0.16391007,
          0.        ,  0.11948784],
        [ 0.96825292,  0.99977605,  0.99129349, ..., -0.28060757,
         -0.11948784,  0.        ]]]), 'num': array([9.99989131e-01, 2.55625064e-03, 1.07597937e-04, 1.18600818e-03,
       1.18600818e-03, 1.16553770e-03, 2.05434017e-03, 1.02352378e-05,
       1.17423766e-03, 1.16713696e-03, 1.15351130e-03, 7.70253865e-06,
       1.21529342e-03, 1.11898050e-03])}
{'img': array([[[ 0.        , -0.62185484, -0.72689654, ..., -0.98124376,
         -0.96423185, -0.93239313],
        [ 0.62185484,  0.        , -0.14219939, ..., -0.64856827,
         -0.59029234, -0.50542058],
        [ 0.72689654,  0.14219939,  0.        , ..., -0.53374156,
         -0.46951195, -0.37758448],
        ...,
        [ 0.98124376,  0.64856827,  0.53374156, ...,  0.        ,
          0.07421269,  0.17492798],
        [ 0.96423185,  0.59029234,  0.46951195, ..., -0.07421269,
          0.        ,  0.10137719],
        [ 0.93239313,  0.50542058,  0.37758448, ..., -0.17492798,
         -0.10137719,  0.        ]],

       [[ 0.        , -0.90581677, -0.99377482, ..., -0.92261992,
         -0.74594005, -0.68739344],
        [ 0.90581677,  0.        , -0.32011755, ..., -0.74026898,
         -0.919318  , -0.9491091 ],
        [ 0.99377482,  0.32011755,  0.        , ..., -0.48609593,
         -0.74497028, -0.7983447 ],
        ...,
        [ 0.92261992,  0.74026898,  0.48609593, ...,  0.        ,
         -0.32676014, -0.40495046],
        [ 0.74594005,  0.919318  ,  0.74497028, ...,  0.32676014,
          0.        , -0.08395221],
        [ 0.68739344,  0.9491091 ,  0.7983447 , ...,  0.40495046,
          0.08395221,  0.        ]],

       [[ 0.        , -0.32678693, -0.51227155, ..., -0.99124623,
         -0.99225933, -0.99380799],
        [ 0.32678693,  0.        , -0.20349454, ..., -0.89368045,
         -0.89720097, -0.90293632],
        [ 0.51227155,  0.20349454,  0.        , ..., -0.78367235,
         -0.78856024, -0.79658662],
        ...,
        [ 0.99124623,  0.89368045,  0.78367235, ...,  0.        ,
         -0.00790824, -0.02107017],
        [ 0.99225933,  0.89720097,  0.78856024, ...,  0.00790824,
          0.        , -0.01316303],
        [ 0.99380799,  0.90293632,  0.79658662, ...,  0.02107017,
          0.01316303,  0.        ]],

       ...,

       [[ 0.        , -0.36353546, -0.61180726, ...,  0.49029863,
          0.49029863,  0.47142909],
        [ 0.36353546,  0.        , -0.28238859, ...,  0.77359354,
          0.77359354,  0.75977745],
        [ 0.61180726,  0.28238859,  0.        , ...,  0.92105296,
          0.92105296,  0.9124589 ],
        ...,
        [-0.49029863, -0.77359354, -0.92105296, ...,  0.        ,
          0.        , -0.02152016],
        [-0.49029863, -0.77359354, -0.92105296, ...,  0.        ,
          0.        , -0.02152016],
        [-0.47142909, -0.75977745, -0.9124589 , ...,  0.02152016,
          0.02152016,  0.        ]],

       [[ 0.        , -0.43222712, -0.57699818, ..., -0.87480035,
         -0.86418169, -0.81493607],
        [ 0.43222712,  0.        , -0.16729711, ..., -0.99827109,
         -0.99677661, -0.98537825],
        [ 0.57699818,  0.16729711,  0.        , ..., -0.99403534,
         -0.99615033, -0.99999511],
        ...,
        [ 0.87480035,  0.99827109,  0.99403534, ...,  0.        ,
         -0.02150011, -0.11216813],
        [ 0.86418169,  0.99677661,  0.99615033, ...,  0.02150011,
          0.        , -0.09077778],
        [ 0.81493607,  0.98537825,  0.99999511, ...,  0.11216813,
          0.09077778,  0.        ]],

       [[ 0.        , -0.30311121, -0.45149018, ..., -0.93476089,
         -0.97081385, -0.99984155],
        [ 0.30311121,  0.        , -0.15979102, ..., -0.99847382,
         -0.99783855, -0.95819981],
        [ 0.45149018,  0.15979102,  0.        , ..., -0.99446908,
         -0.97451679, -0.90017158],
        ...,
        [ 0.93476089,  0.99847382,  0.99446908, ...,  0.        ,
          0.12072062,  0.33858172],
        [ 0.97081385,  0.99783855,  0.97451679, ..., -0.12072062,
          0.        ,  0.22251501],
        [ 0.99984155,  0.95819981,  0.90017158, ..., -0.33858172,
         -0.22251501,  0.        ]]]), 'num': array([ 9.99988474e-01,  2.60102789e-03,  1.09482705e-04,  1.18595416e-03,
        1.21589592e-03,  1.18204871e-03,  2.22285041e-03, -2.08290522e-05,
        1.19220287e-03,  1.19051051e-03,  1.17222000e-03,  6.44936248e-06,
        1.23103443e-03,  1.14998660e-03])}
{'img': array([[[ 0.        , -0.45224866, -0.76108799, ..., -0.90802364,
         -0.84984852, -0.9504718 ],
        [ 0.45224866,  0.        , -0.38545772, ..., -0.62040341,
         -0.51962574, -0.70715432],
        [ 0.76108799,  0.38545772,  0.        , ..., -0.27015415,
         -0.15013915, -0.37996787],
        ...,
        [ 0.90802364,  0.62040341,  0.27015415, ...,  0.        ,
          0.12253538, -0.11594705],
        [ 0.84984852,  0.51962574,  0.15013915, ..., -0.12253538,
          0.        , -0.23678222],
        [ 0.9504718 ,  0.70715432,  0.37996787, ...,  0.11594705,
          0.23678222,  0.        ]],

       [[ 0.        , -0.32692538,  0.58516763, ..., -0.9261353 ,
         -0.9547615 , -0.93629178],
        [ 0.32692538,  0.        ,  0.81812059, ..., -0.75193084,
         -0.80507885, -0.77001892],
        [-0.58516763, -0.81812059,  0.        , ..., -0.9717348 ,
         -0.94824073, -0.96477499],
        ...,
        [ 0.9261353 ,  0.75193084,  0.9717348 , ...,  0.        ,
         -0.08472062, -0.0278811 ],
        [ 0.9547615 ,  0.80507885,  0.94824073, ...,  0.08472062,
          0.        ,  0.05690682],
        [ 0.93629178,  0.77001892,  0.96477499, ...,  0.0278811 ,
         -0.05690682,  0.        ]],

       [[ 0.        , -0.41176443, -0.64268679, ..., -0.98777064,
         -0.98979867, -0.99329685],
        [ 0.41176443,  0.        , -0.27020956, ..., -0.83594599,
         -0.84332859, -0.85758538],
        [ 0.64268679,  0.27020956,  0.        , ..., -0.65655591,
         -0.66674791, -0.68670449],
        ...,
        [ 0.98777064,  0.83594599,  0.65655591, ...,  0.        ,
         -0.01359269, -0.04069107],
        [ 0.98979867,  0.84332859,  0.66674791, ...,  0.01359269,
          0.        , -0.02710589],
        [ 0.99329685,  0.85758538,  0.68670449, ...,  0.04069107,
          0.02710589,  0.        ]],

       ...,

       [[ 0.        , -0.28238859, -0.63460425, ...,  0.77359354,
          0.75977745,  0.54904009],
        [ 0.28238859,  0.        , -0.3905355 , ...,  0.92105296,
          0.9124589 ,  0.76271347],
        [ 0.63460425,  0.3905355 ,  0.        , ...,  0.99999929,
          0.99979337,  0.95471835],
        ...,
        [-0.77359354, -0.92105296, -0.99999929, ...,  0.        ,
         -0.02152016, -0.2986495 ],
        [-0.75977745, -0.9124589 , -0.99979337, ...,  0.02152016,
          0.        , -0.2780423 ],
        [-0.54904009, -0.76271347, -0.95471835, ...,  0.2986495 ,
          0.2780423 ,  0.        ]],

       [[ 0.        , -0.41331305, -0.54857771, ..., -0.87862263,
         -0.82995345, -0.79283463],
        [ 0.41331305,  0.        , -0.15395796, ..., -0.99742802,
         -0.986306  , -0.97383469],
        [ 0.54857771,  0.15395796,  0.        , ..., -0.99657107,
         -0.99993829, -0.99721216],
        ...,
        [ 0.87862263,  0.99742802,  0.99657107, ...,  0.        ,
         -0.0938077 , -0.15687315],
        [ 0.82995345,  0.986306  ,  0.99993829, ...,  0.0938077 ,
          0.        , -0.06353515],
        [ 0.79283463,  0.97383469,  0.99721216, ...,  0.15687315,
          0.06353515,  0.        ]],

       [[ 0.        , -0.34701603, -0.54504178, ..., -0.97515524,
         -0.99998283, -0.9908524 ],
        [ 0.34701603,  0.        , -0.22023112, ..., -0.9914302 ,
         -0.93580977, -0.88245021],
        [ 0.54504178,  0.22023112,  0.        , ..., -0.93831788,
         -0.83520084, -0.75718605],
        ...,
        [ 0.97515524,  0.9914302 ,  0.93831788, ...,  0.        ,
          0.22723267,  0.35109343],
        [ 0.99998283,  0.93580977,  0.83520084, ..., -0.22723267,
          0.        ,  0.12914187],
        [ 0.9908524 ,  0.88245021,  0.75718605, ..., -0.35109343,
         -0.12914187,  0.        ]]]), 'num': array([ 9.99986204e-01,  1.44827840e-03,  1.12195272e-04,  1.18591203e-03,
        1.20856428e-03,  1.18191457e-03,  3.72056579e-03, -2.79821939e-05,
        1.21522670e-03,  1.21922416e-03,  1.19823752e-03,  5.22334285e-06,
        1.25807245e-03,  1.18037587e-03])}
{'img': array([[[ 0.        , -0.66944997, -0.8105176 , ..., -0.78908368,
         -0.92261828, -0.99631976],
        [ 0.66944997,  0.        , -0.20999237, ..., -0.1749429 ,
         -0.42715716, -0.68274182],
        [ 0.8105176 ,  0.20999237,  0.        , ...,  0.03571179,
         -0.22776249, -0.51408578],
        ...,
        [ 0.78908368,  0.1749429 , -0.03571179, ...,  0.        ,
         -0.26239038, -0.54438925],
        [ 0.92261828,  0.42715716,  0.22776249, ...,  0.26239038,
          0.        , -0.3052132 ],
        [ 0.99631976,  0.68274182,  0.51408578, ...,  0.54438925,
          0.3052132 ,  0.        ]],

       [[ 0.        ,  0.81812059,  0.66547482, ..., -0.80507885,
         -0.77001892, -0.37207649],
        [-0.81812059,  0.        , -0.22798271, ..., -0.94824073,
         -0.96477499, -0.97334258],
        [-0.66547482,  0.22798271,  0.        , ..., -0.99566543,
         -0.9993447 , -0.89542055],
        ...,
        [ 0.80507885,  0.94824073,  0.99566543, ...,  0.        ,
          0.05690682,  0.52657206],
        [ 0.77001892,  0.96477499,  0.9993447 , ..., -0.05690682,
          0.        ,  0.47734053],
        [ 0.37207649,  0.97334258,  0.89542055, ..., -0.52657206,
         -0.47734053,  0.        ]],

       [[ 0.        , -0.52983417, -0.74409562, ..., -0.98070384,
         -0.98589417, -0.99348946],
        [ 0.52983417,  0.        , -0.27710046, ..., -0.72815396,
         -0.7474598 , -0.78221882],
        [ 0.74409562,  0.27710046,  0.        , ..., -0.50971172,
         -0.5341102 , -0.57895323],
        ...,
        [ 0.98070384,  0.72815396,  0.50971172, ...,  0.        ,
         -0.02860131, -0.08250074],
        [ 0.98589417,  0.7474598 ,  0.5341102 , ...,  0.02860131,
          0.        , -0.05396318],
        [ 0.99348946,  0.78221882,  0.57895323, ...,  0.08250074,
          0.05396318,  0.        ]],

       ...,

       [[ 0.        , -0.3905355 , -0.44074714, ...,  0.9124589 ,
          0.76271347,  0.55709853],
        [ 0.3905355 ,  0.        , -0.05518958, ...,  0.99979337,
          0.95471835,  0.83717695],
        [ 0.44074714,  0.05518958,  0.        , ...,  0.99939146,
          0.96968277,  0.86608595],
        ...,
        [-0.9124589 , -0.99979337, -0.99939146, ...,  0.        ,
         -0.2780423 , -0.52980113],
        [-0.76271347, -0.95471835, -0.96968277, ...,  0.2780423 ,
          0.        , -0.27309669],
        [-0.55709853, -0.83717695, -0.86608595, ...,  0.52980113,
          0.27309669,  0.        ]],

       [[ 0.        , -0.38713118, -0.38240792, ..., -0.84349293,
         -0.80655475, -0.79251969],
        [ 0.38713118,  0.        ,  0.0051172 , ..., -0.98566502,
         -0.97251959, -0.96681321],
        [ 0.38240792, -0.0051172 ,  0.        , ..., -0.98478877,
         -0.97131547, -0.96549319],
        ...,
        [ 0.84349293,  0.98566502,  0.98478877, ...,  0.        ,
         -0.06540574, -0.08870681],
        [ 0.80655475,  0.97251959,  0.97131547, ...,  0.06540574,
          0.        , -0.02336898],
        [ 0.79251969,  0.96681321,  0.96549319, ...,  0.08870681,
          0.02336898,  0.        ]],

       [[ 0.        , -0.44129795, -0.67771684, ..., -0.99927339,
         -0.98521123, -0.97792271],
        [ 0.44129795,  0.        , -0.28365989, ..., -0.87988895,
         -0.80847595, -0.78533267],
        [ 0.67771684,  0.28365989,  0.        , ..., -0.70895814,
         -0.60832563, -0.57746863],
        ...,
        [ 0.99927339,  0.87988895,  0.70895814, ...,  0.        ,
          0.13366926,  0.17154246],
        [ 0.98521123,  0.80847595,  0.60832563, ..., -0.13366926,
          0.        ,  0.0383152 ],
        [ 0.97792271,  0.78533267,  0.57746863, ..., -0.17154246,
         -0.0383152 ,  0.        ]]]), 'num': array([9.99992054e-01, 1.42431631e-03, 1.10338977e-04, 1.18594743e-03,
       1.18594743e-03, 1.15449689e-03, 1.60306021e-03, 1.96565873e-05,
       1.19302380e-03, 1.20042778e-03, 1.17734221e-03, 5.32365905e-06,
       1.23443337e-03, 1.16642220e-03])}
{'img': array([[[ 0.        , -0.32046116,  0.38894769, ..., -0.57743428,
         -0.82666954, -0.66194475],
        [ 0.32046116,  0.        ,  0.66366323, ..., -0.28534494,
         -0.6027528 , -0.38683237],
        [-0.38894769, -0.66366323,  0.        , ..., -0.84951836,
         -0.98043354, -0.90135988],
        ...,
        [ 0.57743428,  0.28534494,  0.84951836, ...,  0.        ,
         -0.35000857, -0.10761891],
        [ 0.82666954,  0.6027528 ,  0.98043354, ...,  0.35000857,
          0.        ,  0.24716416],
        [ 0.66194475,  0.38683237,  0.90135988, ...,  0.10761891,
         -0.24716416,  0.        ]],

       [[ 0.        , -0.22798271, -0.7897367 , ..., -0.96477499,
         -0.97334258, -0.8362178 ],
