state_0,state_1,state_2,state_3,state_4,state_5,state_6,state_7,state_8,state_9,state_10,state_11,state_12,state_13,state_14,state_15,state_16,state_17,state_18,state_19,state_20,state_21,state_22,state_23,state_24,state_25,state_26,state_27,state_28,state_29,state_30,state_31,state_32,state_33,state_34,state_35,state_36,state_37,state_38,state_39,state_40,state_41,state_42,state_43,state_44,state_45,state_46,state_47,state_48,state_49,state_50,state_51,state_52,state_53,state_54,state_55,state_56,state_57,state_58,state_59,state_60,state_61,state_62,state_63,state_64,state_65,state_66,state_67,state_68,state_69,state_70,state_71,state_72,state_73,state_74,state_75,state_76,state_77,state_78,state_79,state_80,state_81,state_82,state_83,state_84,state_85,state_86,state_87,state_88,state_89,state_90,state_91,state_92,state_93,state_94,state_95,state_96,state_97,state_98,state_99,state_100,state_101,state_102,state_103,state_104,state_105,state_106,state_107,state_108,state_109,state_110,state_111,state_112,state_113,state_114,state_115,state_116,state_117,state_118,state_119,state_120,state_121,state_122,state_123,state_124,state_125,state_126,state_127,state_128,state_129,state_130,state_131,state_132,state_133,state_134,state_135,state_136,state_137,state_138,state_139,state_140,state_141,state_142,state_143,state_144,state_145,state_146,state_147,state_148,state_149,state_150,state_151,state_152,state_153,state_154,state_155,state_156,state_157,state_158,state_159,state_160,state_161,state_162,state_163,state_164,state_165,state_166,state_167,state_168,state_169,state_170,state_171,state_172,state_173,state_174,state_175,state_176,state_177,state_178,state_179,state_180,state_181,state_182,state_183,state_184,state_185,state_186,state_187,state_188,state_189,state_190,state_191,state_192,state_193,state_194,state_195,state_196,state_197,state_198,state_199,state_200,state_201,state_202,state_203,state_204,state_205,state_206,state_207,state_208,state_209,state_210,state_211,state_212,state_213,state_214,state_215,state_216,state_217,state_218,state_219,state_220,state_221,state_222,state_223,state_224,state_225,state_226,state_227,state_228,state_229,state_230,state_231,state_232,state_233,state_234,state_235,state_236,state_237,state_238,state_239,state_240,state_241,state_242,state_243,state_244,state_245,state_246,state_247,state_248,state_249,state_250,state_251,state_252,state_253,state_254,state_255,state_256,state_257,state_258,state_259,state_260,state_261,state_262,state_263,state_264,state_265,state_266,state_267,state_268,state_269,state_270,state_271,state_272,state_273,state_274,state_275,state_276,state_277,state_278,state_279,state_280,state_281,state_282,state_283,state_284,state_285,state_286,state_287
{'img': array([[[ 0.        ,  0.        , -0.54457881, ..., -0.97417219,
         -0.97660221, -0.95692884],
        [ 0.        ,  0.        , -0.54457881, ..., -0.97417219,
         -0.97660221, -0.95692884],
        [ 0.54457881,  0.54457881,  0.        , ..., -0.94001705,
         -0.93619945, -0.960689  ],
        ...,
        [ 0.97417219,  0.97417219,  0.94001705, ...,  0.        ,
          0.01102369, -0.06674348],
        [ 0.97660221,  0.97660221,  0.93619945, ..., -0.01102369,
          0.        , -0.07773853],
        [ 0.95692884,  0.95692884,  0.960689  , ...,  0.06674348,
          0.07773853,  0.        ]],

       [[ 0.        , -0.36407206, -0.34087734, ..., -0.47852246,
          0.05797905, -0.65336531],
        [ 0.36407206,  0.        ,  0.02478379, ..., -0.12599914,
          0.41745962, -0.33290723],
        [ 0.34087734, -0.02478379,  0.        , ..., -0.15054671,
          0.39481047, -0.35617508],
        ...,
        [ 0.47852246,  0.12599914,  0.15054671, ...,  0.        ,
          0.52862746, -0.21144198],
        [-0.05797905, -0.41745962, -0.39481047, ..., -0.52862746,
          0.        , -0.69615884],
        [ 0.65336531,  0.33290723,  0.35617508, ...,  0.21144198,
          0.69615884,  0.        ]],

       [[ 0.        , -0.33009937, -0.55501766, ..., -0.92815363,
         -0.94254447, -0.93599325],
        [ 0.33009937,  0.        , -0.24931742, ..., -0.99898918,
         -0.99999109, -0.99972816],
        [ 0.55501766,  0.24931742,  0.        , ..., -0.97865006,
         -0.96946554, -0.97397146],
        ...,
        [ 0.92815363,  0.99898918,  0.97865006, ...,  0.        ,
          0.04073428,  0.02164744],
        [ 0.94254447,  0.99999109,  0.96946554, ..., -0.04073428,
          0.        , -0.01909526],
        [ 0.93599325,  0.99972816,  0.97397146, ..., -0.02164744,
          0.01909526,  0.        ]],

       ...,

       [[ 0.        , -0.12646074, -0.31129945, ...,  0.42668976,
          0.63831466,  0.12801705],
        [ 0.12646074,  0.        , -0.18862307, ...,  0.53763498,
          0.73053641,  0.2524095 ],
        [ 0.31129945,  0.18862307,  0.        , ...,  0.68702696,
          0.8462287 ,  0.43039419],
        ...,
        [-0.42668976, -0.53763498, -0.68702696, ...,  0.        ,
          0.2488352 , -0.30740057],
        [-0.63831466, -0.73053641, -0.8462287 , ..., -0.2488352 ,
          0.        , -0.53451819],
        [-0.12801705, -0.2524095 , -0.43039419, ...,  0.30740057,
          0.53451819,  0.        ]],

       [[ 0.        ,  0.04456253,  0.05293352, ..., -0.98945633,
         -0.99497559, -0.99708021],
        [-0.04456253,  0.        ,  0.00838088, ..., -0.98201935,
         -0.98952567, -0.99268685],
        [-0.05293352, -0.00838088,  0.        , ..., -0.98040271,
         -0.98828108, -0.99164027],
        ...,
        [ 0.98945633,  0.98201935,  0.98040271, ...,  0.        ,
          0.04504158,  0.06885243],
        [ 0.99497559,  0.98952567,  0.98828108, ..., -0.04504158,
          0.        ,  0.02384786],
        [ 0.99708021,  0.99268685,  0.99164027, ..., -0.06885243,
         -0.02384786,  0.        ]],

       [[ 0.        ,  0.05619331,  0.14225294, ..., -0.98183166,
         -0.9791463 , -0.97825079],
        [-0.05619331,  0.        ,  0.08640632, ..., -0.96961737,
         -0.96618313, -0.96504913],
        [-0.14225294, -0.08640632,  0.        , ..., -0.9448537 ,
         -0.94028912, -0.93879541],
        ...,
        [ 0.98183166,  0.96961737,  0.9448537 , ...,  0.        ,
         -0.01366844, -0.01803001],
        [ 0.9791463 ,  0.96618313,  0.94028912, ...,  0.01366844,
          0.        , -0.00436211],
        [ 0.97825079,  0.96504913,  0.93879541, ...,  0.01803001,
          0.00436211,  0.        ]]]), 'num': array([7.07106745e-01, 7.07106745e-01, 0.00000000e+00, 1.05957892e-04,
       1.06390373e-04, 1.04984809e-04, 1.11796388e-04, 0.00000000e+00,
       1.06455245e-04, 1.03860358e-04, 1.06565167e-04, 6.56114626e-07,
       1.08291127e-04, 9.94295885e-05])}
{'img': array([[[ 0.00000000e+00, -5.44578807e-01, -6.19563883e-01, ...,
         -9.76602211e-01, -9.56928837e-01, -9.56928837e-01],
        [ 5.44578807e-01,  0.00000000e+00, -9.21691398e-02, ...,
         -9.36199447e-01, -9.60689001e-01, -9.60689001e-01],
        [ 6.19563883e-01,  9.21691398e-02,  0.00000000e+00, ...,
         -8.99819775e-01, -9.31011075e-01, -9.31011075e-01],
        ...,
        [ 9.76602211e-01,  9.36199447e-01,  8.99819775e-01, ...,
          0.00000000e+00, -7.77385265e-02, -7.77385265e-02],
        [ 9.56928837e-01,  9.60689001e-01,  9.31011075e-01, ...,
          7.77385265e-02,  0.00000000e+00,  0.00000000e+00],
        [ 9.56928837e-01,  9.60689001e-01,  9.31011075e-01, ...,
          7.77385265e-02,  0.00000000e+00,  0.00000000e+00]],

       [[ 0.00000000e+00,  2.30968438e-02, -3.40586607e-01, ...,
          3.97868992e-01, -2.99686658e-01, -8.08169776e-01],
        [-2.30968438e-02,  0.00000000e+00, -3.62211706e-01, ...,
          3.76572834e-01, -3.21641971e-01, -8.21557059e-01],
        [ 3.40586607e-01,  3.62211706e-01,  0.00000000e+00, ...,
          6.86550198e-01,  4.31631227e-02, -5.59263508e-01],
        ...,
        [-3.97868992e-01, -3.76572834e-01, -6.86550198e-01, ...,
          0.00000000e+00, -6.54527212e-01, -9.75773868e-01],
        [ 2.99686658e-01,  3.21641971e-01, -4.31631227e-02, ...,
          6.54527212e-01,  0.00000000e+00, -5.94524091e-01],
        [ 8.08169776e-01,  8.21557059e-01,  5.59263508e-01, ...,
          9.75773868e-01,  5.94524091e-01,  0.00000000e+00]],

       [[ 0.00000000e+00, -4.66237207e-01, -5.62217191e-01, ...,
         -9.49131857e-01, -9.42809042e-01, -9.35209618e-01],
        [ 4.66237207e-01,  0.00000000e+00, -1.11797587e-01, ...,
         -9.86467004e-01, -9.89477610e-01, -9.92434371e-01],
        [ 5.62217191e-01,  1.11797587e-01,  0.00000000e+00, ...,
         -9.61952520e-01, -9.67099021e-01, -9.72486705e-01],
        ...,
        [ 9.49131857e-01,  9.86467004e-01,  9.61952520e-01, ...,
          0.00000000e+00, -1.95066188e-02, -4.16046766e-02],
        [ 9.42809042e-01,  9.89477610e-01,  9.67099021e-01, ...,
          1.95066188e-02,  0.00000000e+00, -2.21070314e-02],
        [ 9.35209618e-01,  9.92434371e-01,  9.72486705e-01, ...,
          4.16046766e-02,  2.21070314e-02,  0.00000000e+00]],

       ...,

       [[ 0.00000000e+00, -1.88623070e-01, -1.88623070e-01, ...,
          7.30536410e-01,  2.52409501e-01,  2.19952814e-01],
        [ 1.88623070e-01,  0.00000000e+00,  0.00000000e+00, ...,
          8.46228702e-01,  4.30394190e-01,  4.00008351e-01],
        [ 1.88623070e-01,  0.00000000e+00,  0.00000000e+00, ...,
          8.46228702e-01,  4.30394190e-01,  4.00008351e-01],
        ...,
        [-7.30536410e-01, -8.46228702e-01, -8.46228702e-01, ...,
          0.00000000e+00, -5.34518188e-01, -5.62445945e-01],
        [-2.52409501e-01, -4.30394190e-01, -4.30394190e-01, ...,
          5.34518188e-01,  0.00000000e+00, -3.33972692e-02],
        [-2.19952814e-01, -4.00008351e-01, -4.00008351e-01, ...,
          5.62445945e-01,  3.33972692e-02,  0.00000000e+00]],

       [[ 0.00000000e+00,  8.38088187e-03,  9.26726643e-03, ...,
         -9.89525670e-01, -9.92686855e-01, -9.96109322e-01],
        [-8.38088187e-03,  0.00000000e+00,  8.86418983e-04, ...,
         -9.88281079e-01, -9.91640269e-01, -9.95335764e-01],
        [-9.26726643e-03, -8.86418983e-04,  0.00000000e+00, ...,
         -9.88145383e-01, -9.91525502e-01, -9.95249859e-01],
        ...,
        [ 9.89525670e-01,  9.88281079e-01,  9.88145383e-01, ...,
          0.00000000e+00,  2.38478624e-02,  5.65922845e-02],
        [ 9.92686855e-01,  9.91640269e-01,  9.91525502e-01, ...,
         -2.38478624e-02,  0.00000000e+00,  3.27665465e-02],
        [ 9.96109322e-01,  9.95335764e-01,  9.95249859e-01, ...,
         -5.65922845e-02, -3.27665465e-02,  0.00000000e+00]],

       [[ 0.00000000e+00,  8.64063208e-02,  2.73793604e-01, ...,
         -9.66183127e-01, -9.65049135e-01, -9.65758149e-01],
        [-8.64063208e-02,  0.00000000e+00,  1.89665008e-01, ...,
         -9.40289120e-01, -9.38795413e-01, -9.39728592e-01],
        [-2.73793604e-01, -1.89665008e-01,  0.00000000e+00, ...,
         -8.58664231e-01, -8.56420312e-01, -8.57820941e-01],
        ...,
        [ 9.66183127e-01,  9.40289120e-01,  8.58664231e-01, ...,
          0.00000000e+00, -4.36211041e-03, -1.64305855e-03],
        [ 9.65049135e-01,  9.38795413e-01,  8.56420312e-01, ...,
          4.36211041e-03,  0.00000000e+00,  2.71906161e-03],
        [ 9.65758149e-01,  9.39728592e-01,  8.57820941e-01, ...,
          1.64305855e-03, -2.71906161e-03,  0.00000000e+00]]]), 'num': array([ 7.07106726e-01,  7.07106726e-01,  0.00000000e+00,  1.05849768e-04,
        1.05957889e-04,  1.04336084e-04,  2.59834692e-04, -1.08120295e-07,
        1.06217377e-04,  1.04071189e-04,  1.06347122e-04,  6.85405438e-07,
        1.08459049e-04,  9.96833301e-05])}
{'img': array([[[ 0.00000000e+00, -3.36955796e-01, -8.80694765e-01, ...,
         -9.73644697e-01, -9.73644697e-01, -9.70830689e-01],
        [ 3.36955796e-01,  0.00000000e+00, -6.69581507e-01, ...,
         -9.93555978e-01, -9.93555978e-01, -9.94847535e-01],
        [ 8.80694765e-01,  6.69581507e-01,  0.00000000e+00, ...,
         -6.62060329e-01, -6.62060329e-01, -6.71027901e-01],
        ...,
        [ 9.73644697e-01,  9.93555978e-01,  6.62060329e-01, ...,
          0.00000000e+00,  0.00000000e+00, -1.20294485e-02],
        [ 9.73644697e-01,  9.93555978e-01,  6.62060329e-01, ...,
          0.00000000e+00,  0.00000000e+00, -1.20294485e-02],
        [ 9.70830689e-01,  9.94847535e-01,  6.71027901e-01, ...,
          1.20294485e-02,  1.20294485e-02,  0.00000000e+00]],

       [[ 0.00000000e+00, -3.62211706e-01,  6.24239758e-01, ...,
         -3.21641971e-01, -8.21557059e-01, -2.56532858e-01],
        [ 3.62211706e-01,  0.00000000e+00,  8.64822964e-01, ...,
          4.31631227e-02, -5.59263508e-01,  1.10977263e-01],
        [-6.24239758e-01, -8.64822964e-01,  0.00000000e+00, ...,
         -8.42345774e-01, -9.97722845e-01, -8.03761782e-01],
        ...,
        [ 3.21641971e-01, -4.31631227e-02,  8.42345774e-01, ...,
          0.00000000e+00, -5.94524091e-01,  6.79773349e-02],
        [ 8.21557059e-01,  5.59263508e-01,  9.97722845e-01, ...,
          5.94524091e-01,  0.00000000e+00,  6.47807942e-01],
        [ 2.56532858e-01, -1.10977263e-01,  8.03761782e-01, ...,
         -6.79773349e-02, -6.47807942e-01,  0.00000000e+00]],

       [[ 0.00000000e+00, -3.44461378e-01, -5.01148886e-01, ...,
         -9.56255226e-01, -9.49235775e-01, -9.39884220e-01],
        [ 3.44461378e-01,  0.00000000e+00, -1.72395351e-01, ...,
         -9.98499422e-01, -9.99498670e-01, -9.99995008e-01],
        [ 5.01148886e-01,  1.72395351e-01,  0.00000000e+00, ...,
         -9.74108970e-01, -9.79075834e-01, -9.84478192e-01],
        ...,
        [ 9.56255226e-01,  9.98499422e-01,  9.74108970e-01, ...,
          0.00000000e+00, -2.31214724e-02, -5.16069516e-02],
        [ 9.49235775e-01,  9.99498670e-01,  9.79075834e-01, ...,
          2.31214724e-02,  0.00000000e+00, -2.85024927e-02],
        [ 9.39884220e-01,  9.99995008e-01,  9.84478192e-01, ...,
          5.16069516e-02,  2.85024927e-02,  0.00000000e+00]],

       ...,

       [[ 0.00000000e+00,  0.00000000e+00, -2.24579799e-01, ...,
          4.30394190e-01,  4.00008351e-01,  5.28184062e-01],
        [ 0.00000000e+00,  0.00000000e+00, -2.24579799e-01, ...,
          4.30394190e-01,  4.00008351e-01,  5.28184062e-01],
        [ 2.24579799e-01,  2.24579799e-01,  0.00000000e+00, ...,
          6.22115015e-01,  5.95620386e-01,  7.05389394e-01],
        ...,
        [-4.30394190e-01, -4.30394190e-01, -6.22115015e-01, ...,
          0.00000000e+00, -3.33972692e-02,  1.11300031e-01],
        [-4.00008351e-01, -4.00008351e-01, -5.95620386e-01, ...,
          3.33972692e-02,  0.00000000e+00,  1.44427710e-01],
        [-5.28184062e-01, -5.28184062e-01, -7.05389394e-01, ...,
         -1.11300031e-01, -1.44427710e-01,  0.00000000e+00]],

       [[ 0.00000000e+00,  8.86418983e-04,  4.62659103e-02, ...,
         -9.91640269e-01, -9.95335764e-01, -9.97331568e-01],
        [-8.86418983e-04,  0.00000000e+00,  4.53804223e-02, ...,
         -9.91525502e-01, -9.95249859e-01, -9.97266463e-01],
        [-4.62659103e-02, -4.53804223e-02,  0.00000000e+00, ...,
         -9.84608540e-01, -9.89806584e-01, -9.92885938e-01],
        ...,
        [ 9.91640269e-01,  9.91525502e-01,  9.84608540e-01, ...,
          0.00000000e+00,  3.27665465e-02,  5.62941331e-02],
        [ 9.95335764e-01,  9.95249859e-01,  9.89806584e-01, ...,
         -3.27665465e-02,  0.00000000e+00,  2.35493188e-02],
        [ 9.97331568e-01,  9.97266463e-01,  9.92885938e-01, ...,
         -5.62941331e-02, -2.35493188e-02,  0.00000000e+00]],

       [[ 0.00000000e+00,  1.89665008e-01, -1.96924098e-01, ...,
         -9.38795413e-01, -9.39728592e-01, -9.50713911e-01],
        [-1.89665008e-01,  0.00000000e+00, -3.79300828e-01, ...,
         -8.56420312e-01, -8.57820941e-01, -8.74648047e-01],
        [ 1.96924098e-01,  3.79300828e-01,  0.00000000e+00, ...,
         -9.88248084e-01, -9.88660062e-01, -9.93157877e-01],
        ...,
        [ 9.38795413e-01,  8.56420312e-01,  9.88248084e-01, ...,
          0.00000000e+00,  2.71906161e-03,  3.64056065e-02],
        [ 9.39728592e-01,  8.57820941e-01,  9.88660062e-01, ...,
         -2.71906161e-03,  0.00000000e+00,  3.36882128e-02],
        [ 9.50713911e-01,  8.74648047e-01,  9.93157877e-01, ...,
         -3.64056065e-02, -3.36882128e-02,  0.00000000e+00]]]), 'num': array([9.21130553e-01, 3.89253336e-01, 5.43286200e-05, 1.37899193e-04,
       1.38040051e-04, 1.35786336e-04, 4.37840504e-04, 0.00000000e+00,
       1.38180908e-04, 1.35856764e-04, 1.38298289e-04, 1.12369223e-06,
       1.41463164e-04, 1.30250365e-04])}
{'img': array([[[ 0.        , -0.85533684, -0.8158148 , ..., -0.97879981,
         -0.97620106, -0.97620106],
        [ 0.85533684,  0.        ,  0.07200159, ..., -0.68227853,
         -0.69123745, -0.69123745],
        [ 0.8158148 , -0.07200159,  0.        , ..., -0.7331475 ,
         -0.7414737 , -0.7414737 ],
        ...,
        [ 0.97879981,  0.68227853,  0.7331475 , ...,  0.        ,
         -0.01232504, -0.01232504],
        [ 0.97620106,  0.69123745,  0.7414737 , ...,  0.01232504,
          0.        ,  0.        ],
        [ 0.97620106,  0.69123745,  0.7414737 , ...,  0.01232504,
          0.        ,  0.        ]],

       [[ 0.        ,  0.86482296,  0.349366  , ..., -0.55926351,
          0.11097726,  0.28014324],
        [-0.86482296,  0.        , -0.6349187 , ..., -0.99772284,
         -0.80376178, -0.68954045],
        [-0.349366  ,  0.6349187 ,  0.        , ..., -0.81364317,
         -0.24322376, -0.07288637],
        ...,
        [ 0.55926351,  0.99772284,  0.81364317, ...,  0.        ,
          0.64780794,  0.76910553],
        [-0.11097726,  0.80376178,  0.24322376, ..., -0.64780794,
          0.        ,  0.17187925],
        [-0.28014324,  0.68954045,  0.07288637, ..., -0.76910553,
         -0.17187925,  0.        ]],

       [[ 0.        , -0.38180616, -0.61904751, ..., -0.95613411,
         -0.94717843, -0.94100817],
        [ 0.38180616,  0.        , -0.27229716, ..., -0.99554191,
         -0.99787042, -0.99891671],
        [ 0.61904751,  0.27229716,  0.        , ..., -0.93224045,
         -0.94240284, -0.94849977],
        ...,
        [ 0.95613411,  0.99554191,  0.93224045, ...,  0.        ,
         -0.02918266, -0.04789147],
        [ 0.94717843,  0.99787042,  0.94240284, ...,  0.02918266,
          0.        , -0.0187219 ],
        [ 0.94100817,  0.99891671,  0.94849977, ...,  0.04789147,
          0.0187219 ,  0.        ]],

       ...,

       [[ 0.        , -0.18505208, -0.18505208, ...,  0.30317103,
          0.39118954,  0.99345426],
        [ 0.18505208,  0.        ,  0.        , ...,  0.47427769,
          0.5547385 ,  0.99743464],
        [ 0.18505208,  0.        ,  0.        , ...,  0.47427769,
          0.5547385 ,  0.99743464],
        ...,
        [-0.30317103, -0.47427769, -0.47427769, ...,  0.        ,
          0.09376729,  0.91206708],
        [-0.39118954, -0.5547385 , -0.5547385 , ..., -0.09376729,
          0.        ,  0.86960021],
        [-0.99345426, -0.99743464, -0.99743464, ..., -0.91206708,
         -0.86960021,  0.        ]],

       [[ 0.        ,  0.04538042,  0.04754843, ..., -0.99524986,
         -0.99726646, -0.99840382],
        [-0.04538042,  0.        ,  0.00217035, ..., -0.98980658,
         -0.99288594, -0.99481223],
        [-0.04754843, -0.00217035,  0.        , ..., -0.98949516,
         -0.99262518, -0.9945891 ],
        ...,
        [ 0.99524986,  0.98980658,  0.98949516, ...,  0.        ,
          0.02354932,  0.04098809],
        [ 0.99726646,  0.99288594,  0.99262518, ..., -0.02354932,
          0.        ,  0.0174472 ],
        [ 0.99840382,  0.99481223,  0.9945891 , ..., -0.04098809,
         -0.0174472 ,  0.        ]],

       [[ 0.        , -0.37930083, -0.49629373, ..., -0.85782094,
         -0.87464805, -0.89263048],
        [ 0.37930083,  0.        , -0.12991561, ..., -0.98866006,
         -0.99315788, -0.99691193],
        [ 0.49629373,  0.12991561,  0.        , ..., -0.99979076,
         -0.99991239, -0.99866513],
        ...,
        [ 0.85782094,  0.98866006,  0.99979076, ...,  0.        ,
          0.03368821,  0.0720699 ],
        [ 0.87464805,  0.99315788,  0.99991239, ..., -0.03368821,
          0.        ,  0.03842838],
        [ 0.89263048,  0.99691193,  0.99866513, ..., -0.0720699 ,
         -0.03842838,  0.        ]]]), 'num': array([ 9.98115962e-01,  6.13533352e-02,  9.59797773e-05,  1.49403928e-04,
        1.49863161e-04,  1.47107761e-04,  3.28979489e-04, -4.59233384e-07,
        1.49832546e-04,  1.47888458e-04,  1.50031547e-04,  1.09041717e-06,
        1.53849378e-04,  1.41927537e-04])}
{'img': array([[[ 0.        ,  0.1054937 , -0.09484315, ..., -0.79701515,
         -0.79701515, -0.82135837],
        [-0.1054937 ,  0.        , -0.19933207, ..., -0.85628169,
         -0.85628169, -0.87695009],
        [ 0.09484315,  0.19933207,  0.        , ..., -0.73614099,
         -0.73614099, -0.76355616],
        ...,
        [ 0.79701515,  0.85628169,  0.73614099, ...,  0.        ,
          0.        , -0.04143962],
        [ 0.79701515,  0.85628169,  0.73614099, ...,  0.        ,
          0.        , -0.04143962],
        [ 0.82135837,  0.87695009,  0.76355616, ...,  0.04143962,
          0.04143962,  0.        ]],

       [[ 0.        , -0.6349187 , -0.47726963, ..., -0.80376178,
         -0.68954045, -0.84409566],
        [ 0.6349187 ,  0.        ,  0.18921072, ..., -0.24322376,
         -0.07288637, -0.31169184],
        [ 0.47726963, -0.18921072,  0.        , ..., -0.42235905,
         -0.26027725, -0.48584645],
        ...,
        [ 0.80376178,  0.24322376,  0.42235905, ...,  0.        ,
          0.17187925, -0.07122465],
        [ 0.68954045,  0.07288637,  0.26027725, ..., -0.17187925,
          0.        , -0.24160741],
        [ 0.84409566,  0.31169184,  0.48584645, ...,  0.07122465,
          0.24160741,  0.        ]],

       [[ 0.        , -0.5175664 , -0.72850605, ..., -0.95581672,
         -0.94997171, -0.93998806],
        [ 0.5175664 ,  0.        , -0.26878777, ..., -0.96998343,
         -0.97449128, -0.9808917 ],
        [ 0.72850605,  0.26878777,  0.        , ..., -0.86892609,
         -0.87830666, -0.89250044],
        ...,
        [ 0.95581672,  0.96998343,  0.86892609, ...,  0.        ,
         -0.01927916, -0.04980974],
        [ 0.94997171,  0.97449128,  0.87830666, ...,  0.01927916,
          0.        , -0.03054526],
        [ 0.93998806,  0.9808917 ,  0.89250044, ...,  0.04980974,
          0.03054526,  0.        ]],

       ...,

       [[ 0.        ,  0.        , -0.02689494, ...,  0.5547385 ,
          0.99743464,  0.78259608],
        [ 0.        ,  0.        , -0.02689494, ...,  0.5547385 ,
          0.99743464,  0.78259608],
        [ 0.02689494,  0.02689494,  0.        , ...,  0.57691509,
          0.99514861,  0.79905589],
        ...,
        [-0.5547385 , -0.5547385 , -0.57691509, ...,  0.        ,
          0.86960021,  0.30579806],
        [-0.99743464, -0.99743464, -0.99514861, ..., -0.86960021,
          0.        , -0.67695344],
        [-0.78259608, -0.78259608, -0.79905589, ..., -0.30579806,
          0.67695344,  0.        ]],

       [[ 0.        ,  0.00217035,  0.04699976, ..., -0.99288594,
         -0.99481223, -0.99586267],
        [-0.00217035,  0.        ,  0.0448317 , ..., -0.99262518,
         -0.9945891 , -0.9956631 ],
        [-0.04699976, -0.0448317 ,  0.        , ..., -0.98619247,
         -0.98893167, -0.99049123],
        ...,
        [ 0.99288594,  0.99262518,  0.98619247, ...,  0.        ,
          0.0174472 ,  0.02835218],
        [ 0.99481223,  0.9945891 ,  0.98893167, ..., -0.0174472 ,
          0.        ,  0.01090769],
        [ 0.99586267,  0.9956631 ,  0.99049123, ..., -0.02835218,
         -0.01090769,  0.        ]],

       [[ 0.        , -0.33933863, -0.46614233, ..., -0.88543661,
         -0.90308002, -0.91752958],
        [ 0.33933863,  0.        , -0.13826725, ..., -0.99060967,
         -0.99523167, -0.99803126],
        [ 0.46614233,  0.13826725,  0.        , ..., -0.99999878,
         -0.99915892, -0.99711703],
        ...,
        [ 0.88543661,  0.99060967,  0.99999878, ...,  0.        ,
          0.0394451 ,  0.07432181],
        [ 0.90308002,  0.99523167,  0.99915892, ..., -0.0394451 ,
          0.        ,  0.03492796],
        [ 0.91752958,  0.99803126,  0.99711703, ..., -0.07432181,
         -0.03492796,  0.        ]]]), 'num': array([9.99223648e-01, 3.93929172e-02, 9.82426572e-05, 1.49576245e-04,
       1.50188634e-04, 1.47739075e-04, 3.35804027e-04, 1.53097487e-07,
       1.49759962e-04, 1.48190712e-04, 1.49890094e-04, 1.19325982e-06,
       1.53898991e-04, 1.42482434e-04])}
{'img': array([[[ 0.        , -0.19933207, -0.67368248, ..., -0.85628169,
         -0.87695009, -0.87021374],
        [ 0.19933207,  0.        , -0.51285245, ..., -0.73614099,
         -0.76355616, -0.75454449],
        [ 0.67368248,  0.51285245,  0.        , ..., -0.28484693,
         -0.32432515, -0.31120006],
        ...,
        [ 0.85628169,  0.73614099,  0.28484693, ...,  0.        ,
         -0.04143962, -0.02760529],
        [ 0.87695009,  0.76355616,  0.32432515, ...,  0.04143962,
          0.        ,  0.01384225],
        [ 0.87021374,  0.75454449,  0.31120006, ...,  0.02760529,
         -0.01384225,  0.        ]],

       [[ 0.        ,  0.18921072,  0.77690329, ..., -0.07288637,
         -0.31169184, -0.29940198],
        [-0.18921072,  0.        ,  0.64373886, ..., -0.26027725,
         -0.48584645, -0.4745248 ],
        [-0.77690329, -0.64373886,  0.        , ..., -0.82072763,
         -0.93444789, -0.92977391],
        ...,
        [ 0.07288637,  0.26027725,  0.82072763, ...,  0.        ,
         -0.24160741, -0.22906279],
        [ 0.31169184,  0.48584645,  0.93444789, ...,  0.24160741,
          0.        ,  0.01290687],
        [ 0.29940198,  0.4745248 ,  0.92977391, ...,  0.22906279,
         -0.01290687,  0.        ]],

       [[ 0.        , -0.57787615, -0.81768082, ..., -0.96592017,
         -0.9570395 , -0.95442711],
        [ 0.57787615,  0.        , -0.33466229, ..., -0.93788864,
         -0.94862292, -0.95139506],
        [ 0.81768082,  0.33466229,  0.        , ..., -0.76770169,
         -0.78803344, -0.79346886],
        ...,
        [ 0.96592017,  0.93788864,  0.76770169, ...,  0.        ,
         -0.03235559, -0.04122913],
        [ 0.9570395 ,  0.94862292,  0.78803344, ...,  0.03235559,
          0.        , -0.00887946],
        [ 0.95442711,  0.95139506,  0.79346886, ...,  0.04122913,
          0.00887946,  0.        ]],

       ...,

       [[ 0.        , -0.02689494, -0.14786117, ...,  0.99743464,
          0.78259608,  0.9646599 ],
        [ 0.02689494,  0.        , -0.12120836, ...,  0.99514861,
          0.79905589,  0.97139772],
        [ 0.14786117,  0.12120836,  0.        , ...,  0.97588661,
          0.86604187,  0.99301763],
        ...,
        [-0.99743464, -0.99514861, -0.97588661, ...,  0.        ,
         -0.67695344, -0.3318755 ],
        [-0.78259608, -0.79905589, -0.86604187, ...,  0.67695344,
          0.        ,  0.39431694],
        [-0.9646599 , -0.97139772, -0.99301763, ...,  0.3318755 ,
         -0.39431694,  0.        ]],

       [[ 0.        ,  0.0448317 ,  0.24667983, ..., -0.9945891 ,
         -0.9956631 , -0.99592536],
        [-0.0448317 ,  0.        ,  0.20298553, ..., -0.98893167,
         -0.99049123, -0.99088103],
        [-0.24667983, -0.20298553,  0.        , ..., -0.93822652,
         -0.941945  , -0.9429024 ],
        ...,
        [ 0.9945891 ,  0.98893167,  0.93822652, ...,  0.        ,
          0.01090769,  0.01377035],
        [ 0.9956631 ,  0.99049123,  0.941945  , ..., -0.01090769,
          0.        ,  0.00286288],
        [ 0.99592536,  0.99088103,  0.9429024 , ..., -0.01377035,
         -0.00286288,  0.        ]],

       [[ 0.        , -0.33467208, -0.65327726, ..., -0.91117097,
         -0.92529373, -0.94307619],
        [ 0.33467208,  0.        , -0.36221929, ..., -0.99652241,
         -0.99886115, -0.99999753],
        [ 0.65327726,  0.36221929,  0.        , ..., -0.95903347,
         -0.94831346, -0.93128552],
        ...,
        [ 0.91117097,  0.99652241,  0.95903347, ...,  0.        ,
          0.03568463,  0.08553994],
        [ 0.92529373,  0.99886115,  0.94831346, ..., -0.03568463,
          0.        ,  0.04993162],
        [ 0.94307619,  0.99999753,  0.93128552, ..., -0.08553994,
         -0.04993162,  0.        ]]]), 'num': array([9.99232719e-01, 3.91622489e-02, 9.76673896e-05, 1.49613595e-04,
       1.49917997e-04, 1.47026178e-04, 3.25679726e-04, 9.13206074e-07,
       1.48974351e-04, 1.47551271e-04, 1.48855127e-04, 1.15962676e-06,
       1.53208954e-04, 1.41893589e-04])}
{'img': array([[[ 0.        , -0.51285245, -0.45145603, ..., -0.76355616,
         -0.75454449, -0.69782994],
        [ 0.51285245,  0.        ,  0.07005033, ..., -0.32432515,
         -0.31120006, -0.23173331],
        [ 0.45145603, -0.07005033,  0.        , ..., -0.38979223,
         -0.37700752, -0.29930756],
        ...,
        [ 0.76355616,  0.32432515,  0.38979223, ...,  0.        ,
          0.01384225,  0.09628968],
        [ 0.75454449,  0.31120006,  0.37700752, ..., -0.01384225,
          0.        ,  0.08250253],
        [ 0.69782994,  0.23173331,  0.29930756, ..., -0.09628968,
         -0.08250253,  0.        ]],

       [[ 0.        ,  0.64373886,  0.99970038, ..., -0.48584645,
         -0.4745248 , -0.48823818],
        [-0.64373886,  0.        ,  0.78077302, ..., -0.93444789,
         -0.92977391, -0.93541956],
        [-0.99970038, -0.78077302,  0.        , ..., -0.86189005,
         -0.86836327, -0.86049814],
        ...,
        [ 0.48584645,  0.93444789,  0.86189005, ...,  0.        ,
          0.01290687, -0.00273849],
        [ 0.4745248 ,  0.92977391,  0.86836327, ..., -0.01290687,
          0.        , -0.01564508],
        [ 0.48823818,  0.93541956,  0.86049814, ...,  0.00273849,
          0.01564508,  0.        ]],

       [[ 0.        , -0.67784755, -0.86512423, ..., -0.97593346,
         -0.97379809, -0.97593346],
        [ 0.67784755,  0.        , -0.29606188, ..., -0.86532593,
         -0.87009103, -0.86532593],
        [ 0.86512423,  0.29606188,  0.        , ..., -0.67814325,
         -0.68515751, -0.67814325],
        ...,
        [ 0.97593346,  0.86532593,  0.67814325, ...,  0.        ,
         -0.00958653,  0.        ],
        [ 0.97379809,  0.87009103,  0.68515751, ...,  0.00958653,
          0.        ,  0.00958653],
        [ 0.97593346,  0.86532593,  0.67814325, ...,  0.        ,
         -0.00958653,  0.        ]],

       ...,

       [[ 0.        , -0.12120836, -0.12120836, ...,  0.79905589,
          0.97139772,  0.92991733],
        [ 0.12120836,  0.        ,  0.        , ...,  0.86604187,
          0.99301763,  0.96763776],
        [ 0.12120836,  0.        ,  0.        , ...,  0.86604187,
          0.99301763,  0.96763776],
        ...,
        [-0.79905589, -0.86604187, -0.86604187, ...,  0.        ,
          0.39431694,  0.26525139],
        [-0.97139772, -0.99301763, -0.99301763, ..., -0.39431694,
          0.        , -0.13643296],
        [-0.92991733, -0.96763776, -0.96763776, ..., -0.26525139,
          0.13643296,  0.        ]],

       [[ 0.        ,  0.20298553,  0.3941459 , ..., -0.99049123,
         -0.99088103, -0.993403  ],
        [-0.20298553,  0.        ,  0.19938705, ..., -0.941945  ,
         -0.9429024 , -0.9494446 ],
        [-0.3941459 , -0.19938705,  0.        , ..., -0.85608388,
         -0.85756002, -0.86778603],
        ...,
        [ 0.99049123,  0.941945  ,  0.85608388, ...,  0.        ,
          0.00286288,  0.02308321],
        [ 0.99088103,  0.9429024 ,  0.85756002, ..., -0.00286288,
          0.        ,  0.020221  ],
        [ 0.993403  ,  0.9494446 ,  0.86778603, ..., -0.02308321,
         -0.020221  ,  0.        ]],

       [[ 0.        , -0.58741579, -0.74698127, ..., -0.93263468,
         -0.94983157, -0.95682991],
        [ 0.58741579,  0.        , -0.21398046, ..., -0.9667201 ,
         -0.95240598, -0.94507987],
        [ 0.74698127,  0.21398046,  0.        , ..., -0.88958489,
         -0.8651181 , -0.85325261],
        ...,
        [ 0.93263468,  0.9667201 ,  0.88958489, ...,  0.        ,
          0.05102761,  0.07417648],
        [ 0.94983157,  0.95240598,  0.8651181 , ..., -0.05102761,
          0.        ,  0.02319281],
        [ 0.95682991,  0.94507987,  0.85325261, ..., -0.07417648,
         -0.02319281,  0.        ]]]), 'num': array([ 9.99856233e-01,  1.69478969e-02,  1.01330756e-04,  1.49673875e-04,
        1.51371207e-04,  1.48748057e-04,  3.01724015e-04, -2.00593853e-06,
        1.50753996e-04,  1.49704735e-04,  1.50743709e-04,  8.78339948e-07,
        1.55348597e-04,  1.44060874e-04])}
{'img': array([[[ 0.        ,  0.07005033,  0.36017495, ..., -0.31120006,
         -0.23173331, -0.40234037],
        [-0.07005033,  0.        ,  0.29394129, ..., -0.37700752,
         -0.29930756, -0.46548239],
        [-0.36017495, -0.29394129,  0.        , ..., -0.63260406,
         -0.56655124, -0.70507383],
        ...,
        [ 0.31120006,  0.37700752,  0.63260406, ...,  0.        ,
          0.08250253, -0.09746133],
        [ 0.23173331,  0.29930756,  0.56655124, ..., -0.08250253,
          0.        , -0.17923884],
        [ 0.40234037,  0.46548239,  0.70507383, ...,  0.09746133,
          0.17923884,  0.        ]],

       [[ 0.        ,  0.78077302, -0.42858908, ..., -0.92977391,
         -0.93541956, -0.95392904],
        [-0.78077302,  0.        , -0.97321684, ..., -0.86836327,
         -0.86049814, -0.83028609],
        [ 0.42858908,  0.97321684,  0.        , ..., -0.68227334,
         -0.69362791, -0.73328385],
        ...,
        [ 0.92977391,  0.86836327,  0.68227334, ...,  0.        ,
         -0.01564508, -0.07220867],
        [ 0.93541956,  0.86049814,  0.69362791, ...,  0.01564508,
          0.        , -0.05659559],
        [ 0.95392904,  0.83028609,  0.73328385, ...,  0.07220867,
          0.05659559,  0.        ]],

       [[ 0.        , -0.36326392, -0.41939306, ..., -0.92982409,
         -0.92605385, -0.93709835],
        [ 0.36326392,  0.        , -0.06097006, ..., -0.73262167,
         -0.725699  , -0.7462788 ],
        [ 0.41939306,  0.06097006,  0.        , ..., -0.68976028,
         -0.68240075, -0.70430671],
        ...,
        [ 0.92982409,  0.73262167,  0.68976028, ...,  0.        ,
          0.01011582, -0.02028675],
        [ 0.92605385,  0.725699  ,  0.68240075, ..., -0.01011582,
          0.        , -0.03039945],
        [ 0.93709835,  0.7462788 ,  0.70430671, ...,  0.02028675,
          0.03039945,  0.        ]],

       ...,

       [[ 0.        ,  0.        ,  0.        , ...,  0.99301763,
          0.96763776,  0.49538737],
        [ 0.        ,  0.        ,  0.        , ...,  0.99301763,
          0.96763776,  0.49538737],
        [ 0.        ,  0.        ,  0.        , ...,  0.99301763,
          0.96763776,  0.49538737],
        ...,
        [-0.99301763, -0.99301763, -0.99301763, ...,  0.        ,
         -0.13643296, -0.80416789],
        [-0.96763776, -0.96763776, -0.96763776, ...,  0.13643296,
          0.        , -0.71555231],
        [-0.49538737, -0.49538737, -0.49538737, ...,  0.80416789,
          0.71555231,  0.        ]],

       [[ 0.        ,  0.19938705,  0.23093419, ..., -0.9429024 ,
         -0.9494446 , -0.95014183],
        [-0.19938705,  0.        ,  0.03229973, ..., -0.85756002,
         -0.86778603, -0.86889127],
        [-0.23093419, -0.03229973,  0.        , ..., -0.8404981 ,
         -0.85128228, -0.85244944],
        ...,
        [ 0.9429024 ,  0.85756002,  0.8404981 , ...,  0.        ,
          0.020221  ,  0.02244892],
        [ 0.9494446 ,  0.86778603,  0.85128228, ..., -0.020221  ,
          0.        ,  0.00222843],
        [ 0.95014183,  0.86889127,  0.85244944, ..., -0.02244892,
         -0.00222843,  0.        ]],

       [[ 0.        , -0.54206819, -0.6477189 , ..., -0.97069351,
         -0.97642067, -0.98070828],
        [ 0.54206819,  0.        , -0.13130996, ..., -0.94597754,
         -0.93753978, -0.93008488],
        [ 0.6477189 ,  0.13130996,  0.        , ..., -0.89521176,
         -0.8837421 , -0.8737956 ],
        ...,
        [ 0.97069351,  0.94597754,  0.89521176, ...,  0.        ,
          0.02510432,  0.04593639],
        [ 0.97642067,  0.93753978,  0.8837421 , ..., -0.02510432,
          0.        ,  0.02084409],
        [ 0.98070828,  0.93008488,  0.8737956 , ..., -0.04593639,
         -0.02084409,  0.        ]]]), 'num': array([ 9.99848896e-01,  1.73702674e-02,  1.03856092e-04,  1.49608441e-04,
        1.53404003e-04,  1.49608441e-04,  5.11056739e-04, -3.79556297e-06,
        1.53467263e-04,  1.53411911e-04,  1.54358166e-04,  5.53519600e-07,
        1.59254828e-04,  1.47568994e-04])}
{'img': array([[[ 0.        ,  0.29394129,  0.37159535, ..., -0.29930756,
         -0.46548239, -0.7483136 ],
        [-0.29394129,  0.        ,  0.082286  , ..., -0.56655124,
         -0.70507383, -0.91024023],
        [-0.37159535, -0.082286  ,  0.        , ..., -0.63243577,
         -0.76103454, -0.94122641],
        ...,
        [ 0.29930756,  0.56655124,  0.63243577, ...,  0.        ,
         -0.17923884, -0.51546421],
        [ 0.46548239,  0.70507383,  0.76103454, ...,  0.17923884,
          0.        , -0.35352482],
        [ 0.7483136 ,  0.91024023,  0.94122641, ...,  0.51546421,
          0.35352482,  0.        ]],

       [[ 0.        , -0.97321684, -0.95959936, ..., -0.86049814,
         -0.83028609, -0.96632411],
        [ 0.97321684,  0.        ,  0.0532326 , ..., -0.69362791,
         -0.73328385, -0.47258332],
        [ 0.95959936, -0.0532326 ,  0.        , ..., -0.73098967,
         -0.76843821, -0.51882641],
        ...,
        [ 0.86049814,  0.69362791,  0.73098967, ...,  0.        ,
         -0.05659559,  0.27086698],
        [ 0.83028609,  0.73328385,  0.76843821, ...,  0.05659559,
          0.        ,  0.3249127 ],
        [ 0.96632411,  0.47258332,  0.51882641, ..., -0.27086698,
         -0.3249127 ,  0.        ]],

       [[ 0.        , -0.06097006, -0.11936008, ..., -0.725699  ,
         -0.7462788 , -0.8167652 ],
        [ 0.06097006,  0.        , -0.05860384, ..., -0.68240075,
         -0.70430671, -0.78006778],
        [ 0.11936008,  0.05860384,  0.        , ..., -0.63838979,
         -0.66149361, -0.74205896],
        ...,
        [ 0.725699  ,  0.68240075,  0.63838979, ...,  0.        ,
         -0.03039945, -0.14323783],
        [ 0.7462788 ,  0.70430671,  0.66149361, ...,  0.03039945,
          0.        , -0.11308565],
        [ 0.8167652 ,  0.78006778,  0.74205896, ...,  0.14323783,
          0.11308565,  0.        ]],

       ...,

       [[ 0.        ,  0.        , -0.32014791, ...,  0.96763776,
          0.49538737, -0.17280124],
        [ 0.        ,  0.        , -0.32014791, ...,  0.96763776,
          0.49538737, -0.17280124],
        [ 0.32014791,  0.32014791,  0.        , ...,  0.99749583,
          0.74741751,  0.15162555],
        ...,
        [-0.96763776, -0.96763776, -0.99749583, ...,  0.        ,
         -0.71555231, -0.99668655],
        [-0.49538737, -0.49538737, -0.74741751, ...,  0.71555231,
          0.        , -0.63804274],
        [ 0.17280124,  0.17280124, -0.15162555, ...,  0.99668655,
          0.63804274,  0.        ]],

       [[ 0.        ,  0.03229973,  0.08128418, ..., -0.86778603,
         -0.86889127, -0.87045407],
        [-0.03229973,  0.        ,  0.04904892, ..., -0.85128228,
         -0.85244944, -0.85410036],
        [-0.08128418, -0.04904892,  0.        , ..., -0.82452129,
         -0.82578016, -0.82756159],
        ...,
        [ 0.86778603,  0.85128228,  0.82452129, ...,  0.        ,
          0.00222843,  0.00539436],
        [ 0.86889127,  0.85244944,  0.82578016, ..., -0.00222843,
          0.        ,  0.00316594],
