state_0,state_1,state_2,state_3,state_4,state_5,state_6,state_7,state_8,state_9,state_10,state_11,state_12,state_13,state_14,state_15,state_16,state_17,state_18,state_19,state_20,state_21,state_22,state_23,state_24,state_25,state_26,state_27,state_28,state_29,state_30,state_31,state_32,state_33,state_34,state_35,state_36,state_37,state_38,state_39,state_40,state_41,state_42,state_43,state_44,state_45,state_46,state_47,state_48,state_49,state_50,state_51,state_52,state_53,state_54,state_55,state_56,state_57,state_58,state_59,state_60,state_61,state_62,state_63,state_64,state_65,state_66,state_67,state_68,state_69,state_70,state_71,state_72,state_73,state_74,state_75,state_76,state_77,state_78,state_79,state_80,state_81,state_82,state_83,state_84,state_85,state_86,state_87,state_88,state_89,state_90,state_91,state_92,state_93,state_94,state_95,state_96,state_97,state_98,state_99,state_100,state_101,state_102,state_103,state_104,state_105,state_106,state_107,state_108,state_109,state_110,state_111,state_112,state_113,state_114,state_115,state_116,state_117,state_118,state_119,state_120,state_121,state_122,state_123,state_124,state_125,state_126,state_127,state_128,state_129,state_130,state_131,state_132,state_133,state_134,state_135,state_136,state_137,state_138,state_139,state_140,state_141,state_142,state_143,state_144,state_145,state_146,state_147,state_148,state_149,state_150,state_151,state_152,state_153,state_154,state_155,state_156,state_157,state_158,state_159,state_160,state_161,state_162,state_163,state_164,state_165,state_166,state_167,state_168,state_169,state_170,state_171,state_172,state_173,state_174,state_175,state_176,state_177,state_178,state_179,state_180,state_181,state_182,state_183,state_184,state_185,state_186,state_187,state_188,state_189,state_190,state_191,state_192,state_193,state_194,state_195,state_196,state_197,state_198,state_199,state_200,state_201,state_202,state_203,state_204,state_205,state_206,state_207,state_208,state_209,state_210,state_211,state_212,state_213,state_214,state_215,state_216,state_217,state_218,state_219,state_220,state_221,state_222,state_223,state_224,state_225,state_226,state_227,state_228,state_229,state_230,state_231,state_232,state_233,state_234,state_235,state_236,state_237,state_238,state_239,state_240,state_241,state_242,state_243,state_244,state_245,state_246,state_247,state_248,state_249,state_250,state_251,state_252,state_253,state_254,state_255,state_256,state_257,state_258,state_259,state_260,state_261,state_262,state_263,state_264,state_265,state_266,state_267,state_268,state_269,state_270,state_271,state_272,state_273,state_274,state_275,state_276,state_277,state_278,state_279,state_280,state_281,state_282,state_283,state_284,state_285,state_286,state_287
{'img': array([[[ 0.        , -0.25743194, -0.17967832, ..., -0.75094468,
         -0.72837402, -0.84762039],
        [ 0.25743194,  0.        ,  0.07961982, ..., -0.5556361 ,
         -0.52743806, -0.68245837],
        [ 0.17967832, -0.07961982,  0.        , ..., -0.62007008,
         -0.59340809, -0.73848785],
        ...,
        [ 0.75094468,  0.5556361 ,  0.62007008, ...,  0.        ,
          0.03353931, -0.16128534],
        [ 0.72837402,  0.52743806,  0.59340809, ..., -0.03353931,
          0.        , -0.1942948 ],
        [ 0.84762039,  0.68245837,  0.73848785, ...,  0.16128534,
          0.1942948 ,  0.        ]],

       [[ 0.        , -0.0381002 ,  0.09874465, ...,  0.44445473,
          0.46913301,  0.87444938],
        [ 0.0381002 ,  0.        ,  0.13658695, ...,  0.47826224,
          0.50243972,  0.89229751],
        [-0.09874465, -0.13658695,  0.        , ...,  0.35382701,
          0.37963614,  0.82227309],
        ...,
        [-0.44445473, -0.47826224, -0.35382701, ...,  0.        ,
          0.02773975,  0.56772046],
        [-0.46913301, -0.50243972, -0.37963614, ..., -0.02773975,
          0.        ,  0.54466603],
        [-0.87444938, -0.89229751, -0.82227309, ..., -0.56772046,
         -0.54466603,  0.        ]],

       [[ 0.        ,  0.06994428,  0.17305427, ..., -0.91457945,
         -0.88931665, -0.90645032],
        [-0.06994428,  0.        ,  0.10374146, ..., -0.94062546,
         -0.91912358, -0.93376867],
        [-0.17305427, -0.10374146,  0.        , ..., -0.97076477,
         -0.95503522, -0.96585703],
        ...,
        [ 0.91457945,  0.94062546,  0.97076477, ...,  0.        ,
          0.05858455,  0.01966411],
        [ 0.88931665,  0.91912358,  0.95503522, ..., -0.05858455,
          0.        , -0.03894289],
        [ 0.90645032,  0.93376867,  0.96585703, ..., -0.01966411,
          0.03894289,  0.        ]],

       ...,

       [[ 0.        , -0.40325635, -0.51605075, ..., -0.83581795,
         -0.11343538, -0.64844727],
        [ 0.40325635,  0.        , -0.1268189 , ..., -0.54345575,
          0.29685023, -0.28640295],
        [ 0.51605075,  0.1268189 ,  0.        , ..., -0.43261125,
          0.41555585, -0.16258413],
        ...,
        [ 0.83581795,  0.54345575,  0.43261125, ...,  0.        ,
          0.76814628,  0.28027252],
        [ 0.11343538, -0.29685023, -0.41555585, ..., -0.76814628,
          0.        , -0.55790802],
        [ 0.64844727,  0.28640295,  0.16258413, ..., -0.28027252,
          0.55790802,  0.        ]],

       [[ 0.        ,  0.08708529,  0.15450988, ..., -0.98278382,
         -0.99967578, -0.98369367],
        [-0.08708529,  0.        ,  0.06788337, ..., -0.99513989,
         -0.99809527, -0.96429401],
        [-0.15450988, -0.06788337,  0.        , ..., -0.99952893,
         -0.9916051 , -0.94409181],
        ...,
        [ 0.98278382,  0.99513989,  0.99952893, ...,  0.        ,
         -0.15967531, -0.35850215],
        [ 0.99967578,  0.99809527,  0.9916051 , ...,  0.15967531,
          0.        , -0.2048409 ],
        [ 0.98369367,  0.96429401,  0.94409181, ...,  0.35850215,
          0.2048409 ,  0.        ]],

       [[ 0.        , -0.00247121,  0.1991739 , ..., -0.24786225,
         -0.18580967, -0.17188126],
        [ 0.00247121,  0.        ,  0.20159499, ..., -0.24546739,
         -0.18338093, -0.1694463 ],
        [-0.1991739 , -0.20159499,  0.        , ..., -0.43585486,
         -0.37779226, -0.36464721],
        ...,
        [ 0.24786225,  0.24546739,  0.43585486, ...,  0.        ,
          0.06353438,  0.07765573],
        [ 0.18580967,  0.18338093,  0.37779226, ..., -0.06353438,
          0.        ,  0.01415631],
        [ 0.17188126,  0.1694463 ,  0.36464721, ..., -0.07765573,
         -0.01415631,  0.        ]]]), 'num': array([7.06958772e-01, 7.06958772e-01, 0.00000000e+00, 3.35783837e-05,
       3.57795374e-05, 3.00824337e-05, 2.04592315e-02, 3.53910985e-06,
       3.09542632e-05, 2.96961528e-05, 3.07650791e-05, 6.29110060e-07,
       3.21595914e-05, 2.72327143e-05])}
{'img': array([[[ 0.        ,  0.07961982,  0.38266515, ..., -0.52743806,
         -0.68245837,  0.16128534],
        [-0.07961982,  0.        ,  0.30789057, ..., -0.59340809,
         -0.73848785,  0.08219588],
        [-0.38266515, -0.30789057,  0.        , ..., -0.81240304,
         -0.9102138 , -0.22864578],
        ...,
        [ 0.52743806,  0.59340809,  0.81240304, ...,  0.        ,
         -0.1942948 ,  0.65755972],
        [ 0.68245837,  0.73848785,  0.9102138 , ...,  0.1942948 ,
          0.        ,  0.7914109 ],
        [-0.16128534, -0.08219588,  0.22864578, ..., -0.65755972,
         -0.7914109 ,  0.        ]],

       [[ 0.        ,  0.07823303,  0.06833751, ...,  0.28992225,
          0.55082604,  0.25046316],
        [-0.07823303,  0.        , -0.00992208, ...,  0.21416073,
          0.48384296,  0.32543495],
        [-0.06833751,  0.00992208,  0.        , ...,  0.22384206,
          0.49250249,  0.31603697],
        ...,
        [-0.28992225, -0.21416073, -0.22384206, ...,  0.        ,
          0.28519324,  0.52038712],
        [-0.55082604, -0.48384296, -0.49250249, ..., -0.28519324,
          0.        ,  0.74231066],
        [-0.25046316, -0.32543495, -0.31603697, ..., -0.52038712,
         -0.74231066,  0.        ]],

       [[ 0.        ,  0.10374146,  0.21228653, ..., -0.91912358,
         -0.93376867, -0.83366333],
        [-0.10374146,  0.        ,  0.10976416, ..., -0.95503522,
         -0.96585703, -0.88645874],
        [-0.21228653, -0.10976416,  0.        , ..., -0.98180881,
         -0.98845822, -0.93190214],
        ...,
        [ 0.91912358,  0.95503522,  0.98180881, ...,  0.        ,
         -0.03894289,  0.17916932],
        [ 0.93376867,  0.96585703,  0.98845822, ...,  0.03894289,
          0.        ,  0.21734614],
        [ 0.83366333,  0.88645874,  0.93190214, ..., -0.17916932,
         -0.21734614,  0.        ]],

       ...,

       [[ 0.        , -0.10690076, -0.00886997, ...,  0.22382084,
         -0.24782246,  0.75840413],
        [ 0.10690076,  0.        ,  0.09807741, ...,  0.326727  ,
         -0.14283632,  0.82373452],
        [ 0.00886997, -0.09807741,  0.        , ...,  0.23245698,
         -0.23921943,  0.76415561],
        ...,
        [-0.22382084, -0.326727  , -0.23245698, ...,  0.        ,
         -0.45837413,  0.59328067],
        [ 0.24782246,  0.14283632,  0.23921943, ...,  0.45837413,
          0.        ,  0.89627293],
        [-0.75840413, -0.82373452, -0.76415561, ..., -0.59328067,
         -0.89627293,  0.        ]],

       [[ 0.        ,  0.06788337,  0.23340513, ..., -0.99809527,
         -0.96429401, -0.80140589],
        [-0.06788337,  0.        ,  0.16685832, ..., -0.9916051 ,
         -0.94409181, -0.84015972],
        [-0.23340513, -0.16685832,  0.        , ..., -0.95612836,
         -0.87584619, -0.9188752 ],
        ...,
        [ 0.99809527,  0.9916051 ,  0.95612836, ...,  0.        ,
         -0.2048409 ,  0.64642152],
        [ 0.96429401,  0.94409181,  0.87584619, ...,  0.2048409 ,
          0.        ,  0.78900394],
        [ 0.80140589,  0.84015972,  0.9188752 , ..., -0.64642152,
         -0.78900394,  0.        ]],

       [[ 0.        ,  0.18317129,  0.23111951, ..., -0.15886488,
         -0.1471369 , -0.78516385],
        [-0.18317129,  0.        ,  0.0489972 , ..., -0.33702212,
         -0.32582517, -0.88531547],
        [-0.23111951, -0.0489972 ,  0.        , ..., -0.38274804,
         -0.37175726, -0.90703538],
        ...,
        [ 0.15886488,  0.33702212,  0.38274804, ...,  0.        ,
          0.0118675 , -0.6768094 ],
        [ 0.1471369 ,  0.32582517,  0.37175726, ..., -0.0118675 ,
          0.        , -0.6854981 ],
        [ 0.78516385,  0.88531547,  0.90703538, ...,  0.6768094 ,
          0.6854981 ,  0.        ]]]), 'num': array([ 7.48265213e-01,  6.63394457e-01,  2.25420332e-05,  3.45283788e-05,
        3.56747393e-05,  3.37947081e-05,  2.63748208e-03, -1.14636052e-06,
        3.34737271e-05,  3.18000408e-05,  3.26773887e-05,  5.91905670e-07,
        3.45492418e-05,  2.90508398e-05])}
{'img': array([[[ 0.        ,  0.30789057,  0.25565303, ..., -0.73848785,
          0.08219588, -0.20000681],
        [-0.30789057,  0.        , -0.05442508, ..., -0.9102138 ,
         -0.22864578, -0.49196033],
        [-0.25565303,  0.05442508,  0.        , ..., -0.88632521,
         -0.17532356, -0.44384775],
        ...,
        [ 0.73848785,  0.9102138 ,  0.88632521, ...,  0.        ,
          0.7914109 ,  0.58870838],
        [-0.08219588,  0.22864578,  0.17532356, ..., -0.7914109 ,
          0.        , -0.2798651 ],
        [ 0.20000681,  0.49196033,  0.44384775, ..., -0.58870838,
          0.2798651 ,  0.        ]],

       [[ 0.        , -0.00992208, -0.03120509, ...,  0.48384296,
          0.32543495,  0.34612077],
        [ 0.00992208,  0.        , -0.02128631, ...,  0.49250249,
          0.31603697,  0.35541253],
        [ 0.03120509,  0.02128631,  0.        , ...,  0.51091662,
          0.29577004,  0.37522852],
        ...,
        [-0.48384296, -0.49250249, -0.51091662, ...,  0.        ,
          0.74231066, -0.15102734],
        [-0.32543495, -0.31603697, -0.29577004, ..., -0.74231066,
          0.        , -0.6325993 ],
        [-0.34612077, -0.35541253, -0.37522852, ...,  0.15102734,
          0.6325993 ,  0.        ]],

       [[ 0.        ,  0.10976416,  0.12334868, ..., -0.96585703,
         -0.88645874, -0.77780427],
        [-0.10976416,  0.        ,  0.01367743, ..., -0.98845822,
         -0.93190214, -0.842092  ],
        [-0.12334868, -0.01367743,  0.        , ..., -0.9904378 ,
         -0.93677591, -0.84938994],
        ...,
        [ 0.96585703,  0.98845822,  0.9904378 , ...,  0.        ,
          0.21734614,  0.40553736],
        [ 0.88645874,  0.93190214,  0.93677591, ..., -0.21734614,
          0.        ,  0.1971714 ],
        [ 0.77780427,  0.842092  ,  0.84938994, ..., -0.40553736,
         -0.1971714 ,  0.        ]],

       ...,

       [[ 0.        ,  0.09807741,  0.43002652, ..., -0.14283632,
          0.82373452,  0.03339501],
        [-0.09807741,  0.        ,  0.33940739, ..., -0.23921943,
          0.76415561, -0.0647887 ],
        [-0.43002652, -0.33940739,  0.        , ..., -0.55457212,
          0.49986632, -0.3996371 ],
        ...,
        [ 0.14283632,  0.23921943,  0.55457212, ...,  0.        ,
          0.89627293,  0.17580924],
        [-0.82373452, -0.76415561, -0.49986632, ..., -0.89627293,
          0.        , -0.8043409 ],
        [-0.03339501,  0.0647887 ,  0.3996371 , ..., -0.17580924,
          0.8043409 ,  0.        ]],

       [[ 0.        ,  0.16685832,  0.30200926, ..., -0.94409181,
         -0.84015972, -0.73631293],
        [-0.16685832,  0.        ,  0.13870849, ..., -0.87584619,
         -0.9188752 , -0.83889368],
        [-0.30200926, -0.13870849,  0.        , ..., -0.80044023,
         -0.96471987, -0.90628269],
        ...,
        [ 0.94409181,  0.87584619,  0.80044023, ...,  0.        ,
          0.78900394,  0.88156098],
        [ 0.84015972,  0.9188752 ,  0.96471987, ..., -0.78900394,
          0.        ,  0.1691554 ],
        [ 0.73631293,  0.83889368,  0.90628269, ..., -0.88156098,
         -0.1691554 ,  0.        ]],

       [[ 0.        ,  0.0489972 ,  0.12994219, ..., -0.32582517,
         -0.88531547, -0.67137956],
        [-0.0489972 ,  0.        ,  0.08120433, ..., -0.37175726,
         -0.90703538, -0.70688567],
        [-0.12994219, -0.08120433,  0.        , ..., -0.44591394,
         -0.93823132, -0.76198925],
        ...,
        [ 0.32582517,  0.37175726,  0.44591394, ...,  0.        ,
         -0.6854981 , -0.3932689 ],
        [ 0.88531547,  0.90703538,  0.93823132, ...,  0.6854981 ,
          0.        ,  0.34393404],
        [ 0.67137956,  0.70688567,  0.76198925, ...,  0.3932689 ,
         -0.34393404,  0.        ]]]), 'num': array([ 7.38381781e-01,  6.74381076e-01,  1.74626755e-05,  3.32471198e-05,
        3.40635565e-05,  3.25213982e-05,  1.58137453e-03, -9.07151972e-07,
        3.33196919e-05,  3.16391929e-05,  3.22946102e-05,  5.42282729e-07,
        3.43212771e-05,  2.89571087e-05])}
{'img': array([[[ 0.        , -0.05442508, -0.52936354, ..., -0.22864578,
         -0.49196033, -0.66706875],
        [ 0.05442508,  0.        , -0.48240498, ..., -0.17532356,
         -0.44384775, -0.62553358],
        [ 0.52936354,  0.48240498,  0.        , ...,  0.32135857,
          0.04349648, -0.17156405],
        ...,
        [ 0.22864578,  0.17532356, -0.32135857, ...,  0.        ,
         -0.2798651 , -0.47905766],
        [ 0.49196033,  0.44384775, -0.04349648, ...,  0.2798651 ,
          0.        , -0.21425324],
        [ 0.66706875,  0.62553358,  0.17156405, ...,  0.47905766,
          0.21425324,  0.        ]],

       [[ 0.        , -0.02128631,  0.11430337, ...,  0.31603697,
          0.35541253,  0.19085076],
        [ 0.02128631,  0.        ,  0.13542427, ...,  0.29577004,
          0.37522852,  0.21170257],
        [-0.11430337, -0.13542427,  0.        , ...,  0.42241059,
          0.24624267,  0.07739754],
        ...,
        [-0.31603697, -0.29577004, -0.42241059, ...,  0.        ,
         -0.6325993 , -0.49129698],
        [-0.35541253, -0.37522852, -0.24624267, ...,  0.6325993 ,
          0.        , -0.17048968],
        [-0.19085076, -0.21170257, -0.07739754, ...,  0.49129698,
          0.17048968,  0.        ]],

       [[ 0.        ,  0.01367743, -0.19788622, ..., -0.93190214,
         -0.842092  , -0.80122021],
        [-0.01367743,  0.        , -0.21127467, ..., -0.93677591,
         -0.84938994, -0.80932942],
        [ 0.19788622,  0.21127467,  0.        , ..., -0.84169851,
         -0.71871289, -0.66696698],
        ...,
        [ 0.93190214,  0.93677591,  0.84169851, ...,  0.        ,
          0.1971714 ,  0.2670115 ],
        [ 0.842092  ,  0.84938994,  0.71871289, ..., -0.1971714 ,
          0.        ,  0.07175704],
        [ 0.80122021,  0.80932942,  0.66696698, ..., -0.2670115 ,
         -0.07175704,  0.        ]],

       ...,

       [[ 0.        ,  0.33940739,  0.2374172 , ...,  0.76415561,
         -0.0647887 , -0.32428329],
        [-0.33940739,  0.        , -0.10637898, ...,  0.49986632,
         -0.3996371 , -0.62609948],
        [-0.2374172 ,  0.10637898,  0.        , ...,  0.58916502,
         -0.29985464, -0.53959849],
        ...,
        [-0.76415561, -0.49986632, -0.58916502, ...,  0.        ,
         -0.8043409 , -0.93203373],
        [ 0.0647887 ,  0.3996371 ,  0.29985464, ...,  0.8043409 ,
          0.        , -0.26231445],
        [ 0.32428329,  0.62609948,  0.53959849, ...,  0.93203373,
          0.26231445,  0.        ]],

       [[ 0.        ,  0.13870849,  0.16065006, ..., -0.9188752 ,
         -0.83889368, -0.80380723],
        [-0.13870849,  0.        ,  0.02219024, ..., -0.96471987,
         -0.90628269, -0.8785533 ],
        [-0.16065006, -0.02219024,  0.        , ..., -0.97032453,
         -0.91543873, -0.88893601],
        ...,
        [ 0.9188752 ,  0.96471987,  0.97032453, ...,  0.        ,
          0.1691554 ,  0.22948876],
        [ 0.83889368,  0.90628269,  0.91543873, ..., -0.1691554 ,
          0.        ,  0.06154082],
        [ 0.80380723,  0.8785533 ,  0.88893601, ..., -0.22948876,
         -0.06154082,  0.        ]],

       [[ 0.        ,  0.08120433,  0.10299965, ..., -0.90703538,
         -0.70688567, -0.5079394 ],
        [-0.08120433,  0.        ,  0.02188705, ..., -0.93823132,
         -0.76198925, -0.57621074],
        [-0.10299965, -0.02188705,  0.        , ..., -0.94557967,
         -0.77598054, -0.59396102],
        ...,
        [ 0.90703538,  0.93823132,  0.94557967, ...,  0.        ,
          0.34393404,  0.56744363],
        [ 0.70688567,  0.76198925,  0.77598054, ..., -0.34393404,
          0.        ,  0.24962656],
        [ 0.5079394 ,  0.57621074,  0.59396102, ..., -0.56744363,
         -0.24962656,  0.        ]]]), 'num': array([7.36727972e-01, 6.76186769e-01, 1.62526720e-05, 3.36714144e-05,
       3.42137728e-05, 3.23607151e-05, 1.82770245e-03, 5.42358353e-07,
       3.34906283e-05, 3.16579091e-05, 3.21415119e-05, 5.78249715e-07,
       3.44771692e-05, 2.88386490e-05])}
{'img': array([[[ 0.        , -0.48240498, -0.13950778, ..., -0.44384775,
         -0.62553358, -0.51983969],
        [ 0.48240498,  0.        ,  0.35548592, ...,  0.04349648,
         -0.17156405, -0.04325157],
        [ 0.13950778, -0.35548592,  0.        , ..., -0.31449411,
         -0.51057289, -0.39557971],
        ...,
        [ 0.44384775, -0.04349648,  0.31449411, ...,  0.        ,
         -0.21425324, -0.08666642],
        [ 0.62553358,  0.17156405,  0.51057289, ...,  0.21425324,
          0.        ,  0.12879323],
        [ 0.51983969,  0.04325157,  0.39557971, ...,  0.08666642,
         -0.12879323,  0.        ]],

       [[ 0.        ,  0.13542427,  0.49734617, ...,  0.37522852,
          0.21170257,  0.25684893],
        [-0.13542427,  0.        ,  0.37527685, ...,  0.24624267,
          0.07739754,  0.12360177],
        [-0.49734617, -0.37527685,  0.        , ..., -0.13547593,
         -0.30241036, -0.25783113],
        ...,
        [-0.37522852, -0.24624267,  0.13547593, ...,  0.        ,
         -0.17048968, -0.1245586 ],
        [-0.21170257, -0.07739754,  0.30241036, ...,  0.17048968,
          0.        ,  0.04642695],
        [-0.25684893, -0.12360177,  0.25783113, ...,  0.1245586 ,
         -0.04642695,  0.        ]],

       [[ 0.        , -0.21127467, -0.12334868, ..., -0.84938994,
         -0.80932942, -0.74567518],
        [ 0.21127467,  0.        ,  0.08909695, ..., -0.71871289,
         -0.66696698, -0.58806851],
        [ 0.12334868, -0.08909695,  0.        , ..., -0.77780427,
         -0.73069943, -0.65779234],
        ...,
        [ 0.84938994,  0.71871289,  0.77780427, ...,  0.        ,
          0.07175704,  0.17241484],
        [ 0.80932942,  0.66696698,  0.73069943, ..., -0.07175704,
          0.        ,  0.10128794],
        [ 0.74567518,  0.58806851,  0.65779234, ..., -0.17241484,
         -0.10128794,  0.        ]],

       ...,

       [[ 0.        , -0.10637898, -0.11719466, ..., -0.3996371 ,
         -0.62609948, -0.43069093],
        [ 0.10637898,  0.        , -0.01088373, ..., -0.29985464,
         -0.53959849, -0.33224007],
        [ 0.11719466,  0.01088373,  0.        , ..., -0.28945396,
         -0.53040327, -0.32195491],
        ...,
        [ 0.3996371 ,  0.29985464,  0.28945396, ...,  0.        ,
         -0.26231445, -0.03413066],
        [ 0.62609948,  0.53959849,  0.53040327, ...,  0.26231445,
          0.        ,  0.22922614],
        [ 0.43069093,  0.33224007,  0.32195491, ...,  0.03413066,
         -0.22922614,  0.        ]],

       [[ 0.        ,  0.02219024,  0.10494385, ..., -0.90628269,
         -0.8785533 , -0.81916565],
        [-0.02219024,  0.        ,  0.0828503 , ..., -0.91543873,
         -0.88893601, -0.83169131],
        [-0.10494385, -0.0828503 ,  0.        , ..., -0.94563517,
         -0.9238279 , -0.87483361],
        ...,
        [ 0.90628269,  0.91543873,  0.94563517, ...,  0.        ,
          0.06154082,  0.17356634],
        [ 0.8785533 ,  0.88893601,  0.9238279 , ..., -0.06154082,
          0.        ,  0.11263059],
        [ 0.81916565,  0.83169131,  0.87483361, ..., -0.17356634,
         -0.11263059,  0.        ]],

       [[ 0.        ,  0.02188705,  0.14472072, ..., -0.76198925,
         -0.57621074, -0.58809025],
        [-0.02188705,  0.        ,  0.12302941, ..., -0.77598054,
         -0.59396102, -0.60565152],
        [-0.14472072, -0.12302941,  0.        , ..., -0.84768708,
         -0.68842512, -0.69894859],
        ...,
        [ 0.76198925,  0.77598054,  0.84768708, ...,  0.        ,
          0.24962656,  0.23545216],
        [ 0.57621074,  0.59396102,  0.68842512, ..., -0.24962656,
          0.        , -0.01461029],
        [ 0.58809025,  0.60565152,  0.69894859, ..., -0.23545216,
          0.01461029,  0.        ]]]), 'num': array([7.13338810e-01, 7.00818146e-01, 3.36125205e-06, 3.26058955e-05,
       3.35249879e-05, 3.18618684e-05, 1.28835741e-03, 0.00000000e+00,
       3.28597401e-05, 3.08508668e-05, 3.10901226e-05, 5.29431081e-07,
       3.35536123e-05, 2.81481213e-05])}
{'img': array([[[ 0.        ,  0.35548592,  0.47073872, ..., -0.17156405,
         -0.04325157, -0.04325157],
        [-0.35548592,  0.        ,  0.12635532, ..., -0.51057289,
         -0.39557971, -0.39557971],
        [-0.47073872, -0.12635532,  0.        , ..., -0.61512533,
         -0.50845788, -0.50845788],
        ...,
        [ 0.17156405,  0.51057289,  0.61512533, ...,  0.        ,
          0.12879323,  0.12879323],
        [ 0.04325157,  0.39557971,  0.50845788, ..., -0.12879323,
          0.        ,  0.        ],
        [ 0.04325157,  0.39557971,  0.50845788, ..., -0.12879323,
          0.        ,  0.        ]],

       [[ 0.        ,  0.37527685,  0.02309091, ...,  0.07739754,
          0.12360177,  0.02823942],
        [-0.37527685,  0.        , -0.35377353, ..., -0.30241036,
         -0.25783113, -0.3489517 ],
        [-0.02309091,  0.35377353,  0.        , ...,  0.05435527,
          0.10065497,  0.0051502 ],
        ...,
        [-0.07739754,  0.30241036, -0.05435527, ...,  0.        ,
          0.04642695, -0.04921196],
        [-0.12360177,  0.25783113, -0.10065497, ..., -0.04642695,
          0.        , -0.09552959],
        [-0.02823942,  0.3489517 , -0.0051502 , ...,  0.04921196,
          0.09552959,  0.        ]],

       [[ 0.        ,  0.08909695,  0.21127467, ..., -0.66696698,
         -0.58806851, -0.45036405],
        [-0.08909695,  0.        ,  0.12334868, ..., -0.73069943,
         -0.65779234, -0.5281227 ],
        [-0.21127467, -0.12334868,  0.        , ..., -0.80932942,
         -0.74567518, -0.62883339],
        ...,
        [ 0.66696698,  0.73069943,  0.80932942, ...,  0.        ,
          0.10128794,  0.25993762],
        [ 0.58806851,  0.65779234,  0.74567518, ..., -0.10128794,
          0.        ,  0.16079459],
        [ 0.45036405,  0.5281227 ,  0.62883339, ..., -0.25993762,
         -0.16079459,  0.        ]],

       ...,

       [[ 0.        , -0.01088373, -0.22867324, ..., -0.53959849,
         -0.33224007, -0.50799899],
        [ 0.01088373,  0.        , -0.21806435, ..., -0.53040327,
         -0.32195491, -0.49859412],
        [ 0.22867324,  0.21806435,  0.        , ..., -0.33277573,
         -0.10775336, -0.29756921],
        ...,
        [ 0.53959849,  0.53040327,  0.33277573, ...,  0.        ,
          0.22922614,  0.03709152],
        [ 0.33224007,  0.32195491,  0.10775336, ..., -0.22922614,
          0.        , -0.19296451],
        [ 0.50799899,  0.49859412,  0.29756921, ..., -0.03709152,
          0.19296451,  0.        ]],

       [[ 0.        ,  0.0828503 ,  0.16493567, ..., -0.88893601,
         -0.83169131, -0.7919738 ],
        [-0.0828503 ,  0.        ,  0.08265301, ..., -0.9238279 ,
         -0.87483361, -0.83983567],
        [-0.16493567, -0.08265301,  0.        , ..., -0.95230715,
         -0.91187933, -0.88182949],
        ...,
        [ 0.88893601,  0.9238279 ,  0.95230715, ...,  0.        ,
          0.11263059,  0.17999553],
        [ 0.83169131,  0.87483361,  0.91187933, ..., -0.11263059,
          0.        ,  0.06805916],
        [ 0.7919738 ,  0.83983567,  0.88182949, ..., -0.17999553,
         -0.06805916,  0.        ]],

       [[ 0.        ,  0.12302941,  0.2888318 , ..., -0.59396102,
         -0.60565152, -0.44384116],
        [-0.12302941,  0.        ,  0.16885167, ..., -0.68842512,
         -0.69894859, -0.55071664],
        [-0.2888318 , -0.16885167,  0.        , ..., -0.80100972,
         -0.80967069, -0.68374834],
        ...,
        [ 0.59396102,  0.68842512,  0.80100972, ...,  0.        ,
         -0.01461029,  0.17518426],
        [ 0.60565152,  0.69894859,  0.80967069, ...,  0.01461029,
          0.        ,  0.18954991],
        [ 0.44384116,  0.55071664,  0.68374834, ..., -0.17518426,
         -0.18954991,  0.        ]]]), 'num': array([ 9.02320632e-01,  4.31063307e-01,  1.27366845e-04,  4.11147553e-05,
        4.12258763e-05,  3.97257433e-05,  1.36847685e-03, -2.77802401e-07,
        4.12925488e-05,  3.93923804e-05,  3.94599790e-05,  6.55215224e-07,
        4.27040833e-05,  3.60806775e-05])}
{'img': array([[[ 0.        ,  0.12635532,  0.88099892, ..., -0.39557971,
         -0.39557971, -0.44445274],
        [-0.12635532,  0.        ,  0.81415674, ..., -0.50845788,
         -0.50845788, -0.55407986],
        [-0.88099892, -0.81415674,  0.        , ..., -0.99629328,
         -0.99629328, -0.99947957],
        ...,
        [ 0.39557971,  0.50845788,  0.99629328, ...,  0.        ,
          0.        , -0.05383824],
        [ 0.39557971,  0.50845788,  0.99629328, ...,  0.        ,
          0.        , -0.05383824],
        [ 0.44445274,  0.55407986,  0.99947957, ...,  0.05383824,
          0.05383824,  0.        ]],

       [[ 0.        , -0.35377353,  0.11694554, ..., -0.25783113,
         -0.3489517 , -0.39356129],
        [ 0.35377353,  0.        ,  0.46072886, ...,  0.10065497,
          0.0051502 , -0.04288668],
        [-0.11694554, -0.46072886,  0.        , ..., -0.36905359,
         -0.45615174, -0.49836865],
        ...,
        [ 0.25783113, -0.10065497,  0.36905359, ...,  0.        ,
         -0.09552959, -0.14323124],
        [ 0.3489517 , -0.0051502 ,  0.45615174, ...,  0.09552959,
          0.        , -0.04803157],
        [ 0.39356129,  0.04288668,  0.49836865, ...,  0.14323124,
          0.04803157,  0.        ]],

       [[ 0.        ,  0.12334868,  0.5535479 , ..., -0.65779234,
         -0.5281227 , -0.63066118],
        [-0.12334868,  0.        ,  0.44659376, ..., -0.74567518,
         -0.62883339, -0.72157084],
        [-0.5535479 , -0.44659376,  0.        , ..., -0.96475278,
         -0.90988495, -0.95481101],
        ...,
        [ 0.65779234,  0.74567518,  0.96475278, ...,  0.        ,
          0.16079459,  0.03547161],
        [ 0.5281227 ,  0.62883339,  0.90988495, ..., -0.16079459,
          0.        , -0.12568334],
        [ 0.63066118,  0.72157084,  0.95481101, ..., -0.03547161,
          0.12568334,  0.        ]],

       ...,

       [[ 0.        , -0.21806435,  0.16076971, ..., -0.32195491,
         -0.49859412, -0.56568797],
        [ 0.21806435,  0.        ,  0.37212845, ..., -0.10775336,
         -0.29756921, -0.37225425],
        [-0.16076971, -0.37212845,  0.        , ..., -0.46997643,
         -0.63146928, -0.69090329],
        ...,
        [ 0.32195491,  0.10775336,  0.46997643, ...,  0.        ,
         -0.19296451, -0.27007765],
        [ 0.49859412,  0.29756921,  0.63146928, ...,  0.19296451,
          0.        , -0.07920808],
        [ 0.56568797,  0.37225425,  0.69090329, ...,  0.27007765,
          0.07920808,  0.        ]],

       [[ 0.        ,  0.08265301,  0.44246039, ..., -0.87483361,
         -0.83983567, -0.82074524],
        [-0.08265301,  0.        ,  0.36682423, ..., -0.91187933,
         -0.88182949, -0.86515616],
        [-0.44246039, -0.36682423,  0.        , ..., -0.99887855,
         -0.99334011, -0.98880965],
        ...,
        [ 0.87483361,  0.91187933,  0.99887855, ...,  0.        ,
          0.06805916,  0.10219922],
        [ 0.83983567,  0.88182949,  0.99334011, ..., -0.06805916,
          0.        ,  0.03425944],
        [ 0.82074524,  0.86515616,  0.98880965, ..., -0.10219922,
         -0.03425944,  0.        ]],

       [[ 0.        ,  0.16885167,  0.19302469, ..., -0.69894859,
         -0.55071664, -0.38019085],
        [-0.16885167,  0.        ,  0.02457692, ..., -0.80967069,
         -0.68374834, -0.53090414],
        [-0.19302469, -0.02457692,  0.        , ..., -0.82384993,
         -0.70147603, -0.55157104],
        ...,
        [ 0.69894859,  0.80967069,  0.82384993, ...,  0.        ,
          0.18954991,  0.37456137],
        [ 0.55071664,  0.68374834,  0.70147603, ..., -0.18954991,
          0.        ,  0.1920199 ],
        [ 0.38019085,  0.53090414,  0.55157104, ..., -0.37456137,
         -0.1920199 ,  0.        ]]]), 'num': array([ 9.30217109e-01,  3.67008741e-01,  1.53253981e-04,  4.22733904e-05,
        4.27335089e-05,  4.15256977e-05,  8.22484887e-04, -2.87574084e-07,
        4.25379585e-05,  4.09649283e-05,  4.08038868e-05,  7.09349407e-07,
        4.42896379e-05,  3.76402186e-05])}
{'img': array([[[ 0.        ,  0.81415674, -0.23155304, ..., -0.50845788,
         -0.55407986, -0.59801962],
        [-0.81415674,  0.        , -0.92647997, ..., -0.99629328,
         -0.99947957, -0.99976873],
        [ 0.23155304,  0.92647997,  0.        , ..., -0.29525188,
         -0.34626178, -0.39618135],
        ...,
        [ 0.50845788,  0.99629328,  0.29525188, ...,  0.        ,
         -0.05383824, -0.10742727],
        [ 0.55407986,  0.99947957,  0.34626178, ...,  0.05383824,
          0.        , -0.05374479],
        [ 0.59801962,  0.99976873,  0.39618135, ...,  0.10742727,
          0.05374479,  0.        ]],

       [[ 0.        ,  0.46072886,  0.01552567, ...,  0.0051502 ,
         -0.04288668, -0.16962633],
        [-0.46072886,  0.        , -0.44689366, ..., -0.45615174,
         -0.49836865, -0.60460249],
        [-0.01552567,  0.44689366,  0.        , ..., -0.01037589,
         -0.0583929 , -0.18490656],
        ...,
        [-0.0051502 ,  0.45615174,  0.01037589, ...,  0.        ,
         -0.04803157, -0.17469964],
        [ 0.04288668,  0.49836865,  0.0583929 , ...,  0.04803157,
          0.        , -0.12720507],
        [ 0.16962633,  0.60460249,  0.18490656, ...,  0.17469964,
          0.12720507,  0.        ]],

       [[ 0.        ,  0.44659376,  0.10898852, ..., -0.62883339,
         -0.72157084, -0.7604103 ],
        [-0.44659376,  0.        , -0.34641736, ..., -0.90988495,
         -0.95481101, -0.97040429],
        [-0.10898852,  0.34641736,  0.        , ..., -0.70983038,
         -0.79272963, -0.82666237],
        ...,
        [ 0.62883339,  0.90988495,  0.70983038, ...,  0.        ,
         -0.12568334, -0.18285805],
        [ 0.72157084,  0.95481101,  0.79272963, ...,  0.12568334,
          0.        , -0.05784382],
        [ 0.7604103 ,  0.97040429,  0.82666237, ...,  0.18285805,
          0.05784382,  0.        ]],

       ...,

       [[ 0.        ,  0.37212845, -0.47918352, ..., -0.29756921,
         -0.37225425, -0.236269  ],
        [-0.37212845,  0.        , -0.77139178, ..., -0.63146928,
         -0.69090329, -0.58089309],
        [ 0.47918352,  0.77139178,  0.        , ...,  0.19629574,
          0.11801194,  0.25823994],
        ...,
        [ 0.29756921,  0.63146928, -0.19629574, ...,  0.        ,
         -0.07920808,  0.06357827],
        [ 0.37225425,  0.69090329, -0.11801194, ...,  0.07920808,
          0.        ,  0.14242634],
        [ 0.236269  ,  0.58089309, -0.25823994, ..., -0.06357827,
         -0.14242634,  0.        ]],

       [[ 0.        ,  0.36682423,  0.43197454, ..., -0.88182949,
         -0.86515616, -0.85218811],
        [-0.36682423,  0.        ,  0.07102814, ..., -0.99334011,
         -0.98880965, -0.98471778],
        [-0.43197454, -0.07102814,  0.        , ..., -0.99901504,
         -0.99690839, -0.99460078],
        ...,
        [ 0.88182949,  0.99334011,  0.99901504, ...,  0.        ,
          0.03425944,  0.05953956],
        [ 0.86515616,  0.98880965,  0.99690839, ..., -0.03425944,
          0.        ,  0.02530594],
        [ 0.85218811,  0.98471778,  0.99460078, ..., -0.05953956,
         -0.02530594,  0.        ]],

       [[ 0.        ,  0.02457692,  0.11822497, ..., -0.68374834,
         -0.53090414, -0.40854432],
        [-0.02457692,  0.        ,  0.09378471, ..., -0.70147603,
         -0.55157104, -0.43085322],
        [-0.11822497, -0.09378471,  0.        , ..., -0.76522398,
         -0.62736843, -0.51358762],
        ...,
        [ 0.68374834,  0.70147603,  0.76522398, ...,  0.        ,
          0.1920199 ,  0.32596132],
        [ 0.53090414,  0.55157104,  0.62736843, ..., -0.1920199 ,
          0.        ,  0.13836315],
        [ 0.40854432,  0.43085322,  0.51358762, ..., -0.32596132,
         -0.13836315,  0.        ]]]), 'num': array([ 8.33954926e-01,  5.51832358e-01,  7.70826689e-05,  3.78129699e-05,
        3.79679411e-05,  3.75030275e-05,  4.61576518e-04, -1.54971188e-07,
        3.81952322e-05,  3.69270513e-05,  3.65973070e-05,  6.00769363e-07,
        3.98421349e-05,  3.40119676e-05])}
{'img': array([[[ 0.        , -0.92647997, -0.9985537 , ..., -0.99947957,
         -0.99976873, -0.9985537 ],
        [ 0.92647997,  0.        , -0.42561053, ..., -0.34626178,
         -0.39618135, -0.42561053],
        [ 0.9985537 ,  0.42561053,  0.        , ...,  0.08594687,
          0.03227673,  0.        ],
        ...,
        [ 0.99947957,  0.34626178, -0.08594687, ...,  0.        ,
         -0.05374479, -0.08594687],
        [ 0.99976873,  0.39618135, -0.03227673, ...,  0.05374479,
          0.        , -0.03227673],
        [ 0.9985537 ,  0.42561053,  0.        , ...,  0.08594687,
          0.03227673,  0.        ]],

       [[ 0.        , -0.44689366, -0.4759798 , ..., -0.49836865,
         -0.60460249, -0.67807705],
        [ 0.44689366,  0.        , -0.03278197, ..., -0.0583929 ,
         -0.18490656, -0.27813623],
        [ 0.4759798 ,  0.03278197,  0.        , ..., -0.02563547,
         -0.15259049, -0.24649829],
        ...,
        [ 0.49836865,  0.0583929 ,  0.02563547, ...,  0.        ,
         -0.12720507, -0.22157283],
        [ 0.60460249,  0.18490656,  0.15259049, ...,  0.12720507,
          0.        , -0.09572963],
        [ 0.67807705,  0.27813623,  0.24649829, ...,  0.22157283,
          0.09572963,  0.        ]],

       [[ 0.        , -0.34641736, -0.46473672, ..., -0.95481101,
         -0.97040429, -0.97116948],
        [ 0.34641736,  0.        , -0.12922558, ..., -0.79272963,
         -0.82666237, -0.82845268],
        [ 0.46473672,  0.12922558,  0.        , ..., -0.70731029,
         -0.74701598, -0.74913234],
        ...,
        [ 0.95481101,  0.79272963,  0.70731029, ...,  0.        ,
         -0.05784382, -0.06102731],
        [ 0.97040429,  0.82666237,  0.74701598, ...,  0.05784382,
          0.        , -0.00318913],
        [ 0.97116948,  0.82845268,  0.74913234, ...,  0.06102731,
          0.00318913,  0.        ]],

       ...,

       [[ 0.        , -0.77139178, -0.9722145 , ..., -0.69090329,
         -0.58089309, -0.72036291],
        [ 0.77139178,  0.        , -0.43810245, ...,  0.11801194,
          0.25823994,  0.07662477],
        [ 0.9722145 ,  0.43810245,  0.        , ...,  0.54112496,
          0.65538072,  0.50569435],
        ...,
        [ 0.69090329, -0.11801194, -0.54112496, ...,  0.        ,
          0.14242634, -0.04157566],
        [ 0.58089309, -0.25823994, -0.65538072, ..., -0.14242634,
          0.        , -0.183455  ],
        [ 0.72036291, -0.07662477, -0.50569435, ...,  0.04157566,
          0.183455  ,  0.        ]],

       [[ 0.        ,  0.07102814, -0.02537095, ..., -0.98880965,
         -0.98471778, -0.98078909],
        [-0.07102814,  0.        , -0.09631215, ..., -0.99690839,
         -0.99460078, -0.99216747],
        [ 0.02537095,  0.09631215,  0.        , ..., -0.98470645,
         -0.97998226, -0.97552424],
        ...,
        [ 0.98880965,  0.99690839,  0.98470645, ...,  0.        ,
          0.02530594,  0.04657147],
        [ 0.98471778,  0.99460078,  0.97998226, ..., -0.02530594,
          0.        ,  0.02127807],
        [ 0.98078909,  0.99216747,  0.97552424, ..., -0.04657147,
         -0.02127807,  0.        ]],

       [[ 0.        ,  0.09378471,  0.21664497, ..., -0.55157104,
         -0.43085322, -0.3360242 ],
        [-0.09378471,  0.        ,  0.12413274, ..., -0.62736843,
         -0.51358762, -0.42287462],
        [-0.21664497, -0.12413274,  0.        , ..., -0.7191811 ,
         -0.61612584, -0.53209158],
        ...,
        [ 0.55157104,  0.62736843,  0.7191811 , ...,  0.        ,
          0.13836315,  0.23921186],
        [ 0.43085322,  0.51358762,  0.61612584, ..., -0.13836315,
          0.        ,  0.1025649 ],
        [ 0.3360242 ,  0.42287462,  0.53209158, ..., -0.23921186,
         -0.1025649 ,  0.        ]]]), 'num': array([ 7.74852035e-01,  6.32142494e-01,  3.96415392e-05,  3.46719001e-05,
        3.52016097e-05,  3.44792785e-05,  4.22833453e-04, -5.77865002e-07,
        3.53653381e-05,  3.45202106e-05,  3.40282227e-05,  5.07123417e-07,
        3.71272427e-05,  3.19131784e-05])}
{'img': array([[[ 0.        , -0.73492727,  0.07905841, ..., -0.70186791,
         -0.73492727, -0.84663482],
        [ 0.73492727,  0.        ,  0.78624008, ...,  0.04752505,
          0.        , -0.18303255],
        [-0.07905841, -0.78624008,  0.        , ..., -0.75598492,
         -0.78624008, -0.88605769],
        ...,
        [ 0.70186791, -0.04752505,  0.75598492, ...,  0.        ,
         -0.04752505, -0.22954794],
        [ 0.73492727,  0.        ,  0.78624008, ...,  0.04752505,
          0.        , -0.18303255],
        [ 0.84663482,  0.18303255,  0.88605769, ...,  0.22954794,
          0.18303255,  0.        ]],

       [[ 0.        , -0.03278197,  0.69799838, ..., -0.18490656,
         -0.27813623, -0.2814691 ],
