state_0,state_1,state_2,state_3,state_4,state_5,state_6,state_7,state_8,state_9,state_10,state_11,state_12,state_13,state_14,state_15,state_16,state_17,state_18,state_19,state_20,state_21,state_22,state_23,state_24,state_25,state_26,state_27,state_28,state_29,state_30,state_31,state_32,state_33,state_34,state_35,state_36,state_37,state_38,state_39,state_40,state_41,state_42,state_43,state_44,state_45,state_46,state_47,state_48,state_49,state_50,state_51,state_52,state_53,state_54,state_55,state_56,state_57,state_58,state_59,state_60,state_61,state_62,state_63,state_64,state_65,state_66,state_67,state_68,state_69,state_70,state_71,state_72,state_73,state_74,state_75,state_76,state_77,state_78,state_79,state_80,state_81,state_82,state_83,state_84,state_85,state_86,state_87,state_88,state_89,state_90,state_91,state_92,state_93,state_94,state_95,state_96,state_97,state_98,state_99,state_100,state_101,state_102,state_103,state_104,state_105,state_106,state_107,state_108,state_109,state_110,state_111,state_112,state_113,state_114,state_115,state_116,state_117,state_118,state_119,state_120,state_121,state_122,state_123,state_124,state_125,state_126,state_127,state_128,state_129,state_130,state_131,state_132,state_133,state_134,state_135,state_136,state_137,state_138,state_139,state_140,state_141,state_142,state_143,state_144,state_145,state_146,state_147,state_148,state_149,state_150,state_151,state_152,state_153,state_154,state_155,state_156,state_157,state_158,state_159,state_160,state_161,state_162,state_163,state_164,state_165,state_166,state_167,state_168,state_169,state_170,state_171,state_172,state_173,state_174,state_175,state_176,state_177,state_178,state_179,state_180,state_181,state_182,state_183,state_184,state_185,state_186,state_187,state_188,state_189,state_190,state_191,state_192,state_193,state_194,state_195,state_196,state_197,state_198,state_199,state_200,state_201,state_202,state_203,state_204,state_205,state_206,state_207,state_208,state_209,state_210,state_211,state_212,state_213,state_214,state_215,state_216,state_217,state_218,state_219,state_220,state_221,state_222,state_223,state_224,state_225,state_226,state_227,state_228,state_229,state_230,state_231,state_232,state_233,state_234,state_235,state_236,state_237,state_238,state_239,state_240,state_241,state_242,state_243,state_244,state_245,state_246,state_247,state_248,state_249,state_250,state_251,state_252,state_253,state_254,state_255,state_256,state_257,state_258,state_259,state_260,state_261,state_262,state_263,state_264,state_265,state_266,state_267,state_268,state_269,state_270,state_271,state_272,state_273,state_274,state_275,state_276,state_277,state_278,state_279,state_280,state_281,state_282,state_283,state_284,state_285,state_286,state_287
{'img': array([[[ 0.00000000e+00, -8.86075949e-02, -1.13924051e-01, ...,
         -4.30379747e-01, -4.68354430e-01, -6.20253165e-01],
        [ 8.86075949e-02,  0.00000000e+00, -2.54452313e-02, ...,
         -3.48705434e-01, -3.88223796e-01, -5.48309521e-01],
        [ 1.13924051e-01,  2.54452313e-02,  0.00000000e+00, ...,
         -3.24744435e-01, -3.64648658e-01, -5.26852765e-01],
        ...,
        [ 4.30379747e-01,  3.48705434e-01,  3.24744435e-01, ...,
          0.00000000e+00, -4.25011412e-02, -2.22279630e-01],
        [ 4.68354430e-01,  3.88223796e-01,  3.64648658e-01, ...,
          4.25011412e-02,  0.00000000e+00, -1.80640894e-01],
        [ 6.20253165e-01,  5.48309521e-01,  5.26852765e-01, ...,
          2.22279630e-01,  1.80640894e-01,  0.00000000e+00]],

       [[ 0.00000000e+00, -1.79028199e-02, -4.07192479e-01, ...,
          7.99705526e-01, -1.19379900e-01,  1.42884071e-01],
        [ 1.79028199e-02,  0.00000000e+00, -3.90775815e-01, ...,
          8.10326076e-01, -1.01585976e-01,  1.60580298e-01],
        [ 4.07192479e-01,  3.90775815e-01,  0.00000000e+00, ...,
          9.74880223e-01,  2.95245783e-01,  5.33516529e-01],
        ...,
        [-7.99705526e-01, -8.10326076e-01, -9.74880223e-01, ...,
          0.00000000e+00, -8.65661339e-01, -7.05713578e-01],
        [ 1.19379900e-01,  1.01585976e-01, -2.95245783e-01, ...,
          8.65661339e-01,  0.00000000e+00,  2.60017251e-01],
        [-1.42884071e-01, -1.60580298e-01, -5.33516529e-01, ...,
          7.05713578e-01, -2.60017251e-01,  0.00000000e+00]],

       [[ 0.00000000e+00, -1.39419723e-02, -2.78915414e-02, ...,
         -5.67199920e-01, -5.30007908e-01, -5.50022578e-01],
        [ 1.39419723e-02,  0.00000000e+00, -1.39522823e-02, ...,
         -5.55662461e-01, -5.18133704e-01, -5.38325484e-01],
        [ 2.78915414e-02,  1.39522823e-02,  0.00000000e+00, ...,
         -5.44008335e-01, -5.06149888e-01, -5.26514980e-01],
        ...,
        [ 5.67199920e-01,  5.55662461e-01,  5.44008335e-01, ...,
          0.00000000e+00,  4.44774029e-02,  2.07092186e-02],
        [ 5.30007908e-01,  5.18133704e-01,  5.06149888e-01, ...,
         -4.44774029e-02,  0.00000000e+00, -2.37791397e-02],
        [ 5.50022578e-01,  5.38325484e-01,  5.26514980e-01, ...,
         -2.07092186e-02,  2.37791397e-02,  0.00000000e+00]],

       ...,

       [[ 0.00000000e+00, -3.72933133e-01, -3.49593586e-01, ...,
          9.18497390e-01,  9.66768912e-01,  7.90252542e-01],
        [ 3.72933133e-01,  0.00000000e+00,  2.50283093e-02, ...,
          9.99703199e-01,  9.92365530e-01,  9.61768767e-01],
        [ 3.49593586e-01, -2.50283093e-02,  0.00000000e+00, ...,
          9.98780293e-01,  9.95141443e-01,  9.54613163e-01],
        ...,
        [-9.18497390e-01, -9.99703199e-01, -9.98780293e-01, ...,
          0.00000000e+00,  1.47471007e-01, -2.50350800e-01],
        [-9.66768912e-01, -9.92365530e-01, -9.95141443e-01, ...,
         -1.47471007e-01,  0.00000000e+00, -3.90388381e-01],
        [-7.90252542e-01, -9.61768767e-01, -9.54613163e-01, ...,
          2.50350800e-01,  3.90388381e-01,  0.00000000e+00]],

       [[ 0.00000000e+00,  6.78942207e-03,  8.11091677e-03, ...,
         -9.65772022e-01, -9.36210853e-01, -9.37614404e-01],
        [-6.78942207e-03,  0.00000000e+00,  1.32153109e-03, ...,
         -9.67510887e-01, -9.38575342e-01, -9.39953319e-01],
        [-8.11091677e-03, -1.32153109e-03,  0.00000000e+00, ...,
         -9.67844164e-01, -9.39030549e-01, -9.40403541e-01],
        ...,
        [ 9.65772022e-01,  9.67510887e-01,  9.67844164e-01, ...,
          0.00000000e+00,  9.65638186e-02,  9.25666022e-02],
        [ 9.36210853e-01,  9.38575342e-01,  9.39030549e-01, ...,
         -9.65638186e-02,  0.00000000e+00, -4.01520192e-03],
        [ 9.37614404e-01,  9.39953319e-01,  9.40403541e-01, ...,
         -9.25666022e-02,  4.01520192e-03,  0.00000000e+00]],

       [[ 0.00000000e+00, -1.16060312e-01, -1.27674149e-01, ...,
         -9.70938639e-01, -9.67090600e-01, -9.67147456e-01],
        [ 1.16060312e-01,  0.00000000e+00, -1.17008544e-02, ...,
         -9.92153746e-01, -9.90084651e-01, -9.90116030e-01],
        [ 1.27674149e-01,  1.17008544e-02,  0.00000000e+00, ...,
         -9.93548711e-01, -9.91660515e-01, -9.91689302e-01],
        ...,
        [ 9.70938639e-01,  9.92153746e-01,  9.93548711e-01, ...,
          0.00000000e+00, -1.55857055e-02, -1.53621742e-02],
        [ 9.67090600e-01,  9.90084651e-01,  9.91660515e-01, ...,
          1.55857055e-02,  0.00000000e+00,  2.23558143e-04],
        [ 9.67147456e-01,  9.90116030e-01,  9.91689302e-01, ...,
          1.53621742e-02, -2.23558143e-04,  0.00000000e+00]]]), 'num': array([7.06977891e-01, 7.06977891e-01, 0.00000000e+00, 6.05513471e-03,
       6.05513471e-03, 5.89148242e-03, 8.75582299e-03, 1.63652290e-04,
       6.02567730e-03, 5.79656409e-03, 6.50463300e-03, 2.10678809e-06,
       6.22925035e-03, 5.36387784e-03])}
{'img': array([[[ 0.00000000e+00, -2.54452313e-02, -1.02130875e-01, ...,
         -3.88223796e-01, -5.48309521e-01, -4.14671597e-01],
        [ 2.54452313e-02,  0.00000000e+00, -7.67856293e-02, ...,
         -3.64648658e-01, -5.26852765e-01, -3.91382908e-01],
        [ 1.02130875e-01,  7.67856293e-02,  0.00000000e+00, ...,
         -2.92073510e-01, -4.60032848e-01, -3.19567119e-01],
        ...,
        [ 3.88223796e-01,  3.64648658e-01,  2.92073510e-01, ...,
          0.00000000e+00, -1.80640894e-01, -2.88744348e-02],
        [ 5.48309521e-01,  5.26852765e-01,  4.60032848e-01, ...,
          1.80640894e-01,  0.00000000e+00,  1.52166150e-01],
        [ 4.14671597e-01,  3.91382908e-01,  3.19567119e-01, ...,
          2.88744348e-02, -1.52166150e-01,  0.00000000e+00]],

       [[ 0.00000000e+00, -3.90775815e-01, -5.06560549e-02, ...,
         -1.01585976e-01,  1.60580298e-01, -9.41662519e-02],
        [ 3.90775815e-01,  0.00000000e+00,  3.43645937e-01, ...,
          2.95245783e-01,  5.33516529e-01,  3.02360692e-01],
        [ 5.06560549e-02, -3.43645937e-01,  0.00000000e+00, ...,
         -5.10615568e-02,  2.10372818e-01, -4.36143933e-02],
        ...,
        [ 1.01585976e-01, -2.95245783e-01,  5.10615568e-02, ...,
          0.00000000e+00,  2.60017251e-01,  7.45546998e-03],
        [-1.60580298e-01, -5.33516529e-01, -2.10372818e-01, ...,
         -2.60017251e-01,  0.00000000e+00, -2.52810993e-01],
        [ 9.41662519e-02, -3.02360692e-01,  4.36143933e-02, ...,
         -7.45546998e-03,  2.52810993e-01,  0.00000000e+00]],

       [[ 0.00000000e+00, -1.39522823e-02, -4.46837315e-02, ...,
         -5.18133704e-01, -5.38325484e-01, -5.23899072e-01],
        [ 1.39522823e-02,  0.00000000e+00, -3.07410356e-02, ...,
         -5.06149888e-01, -5.26514980e-01, -5.11963797e-01],
        [ 4.46837315e-02,  3.07410356e-02,  0.00000000e+00, ...,
         -4.79398204e-01, -5.00131161e-01, -4.85315069e-01],
        ...,
        [ 5.18133704e-01,  5.06149888e-01,  4.79398204e-01, ...,
          0.00000000e+00, -2.37791397e-02, -6.75457808e-03],
        [ 5.38325484e-01,  5.26514980e-01,  5.00131161e-01, ...,
          2.37791397e-02,  0.00000000e+00,  1.70259292e-02],
        [ 5.23899072e-01,  5.11963797e-01,  4.85315069e-01, ...,
          6.75457808e-03, -1.70259292e-02,  0.00000000e+00]],

       ...,

       [[ 0.00000000e+00,  2.50283093e-02, -1.47025058e-01, ...,
          9.92365530e-01,  9.61768767e-01,  9.54680250e-01],
        [-2.50283093e-02,  0.00000000e+00, -1.71735322e-01, ...,
          9.95141443e-01,  9.54613163e-01,  9.46931930e-01],
        [ 1.47025058e-01,  1.71735322e-01,  0.00000000e+00, ...,
          9.63448445e-01,  9.91581698e-01,  9.88065081e-01],
        ...,
        [-9.92365530e-01, -9.95141443e-01, -9.63448445e-01, ...,
          0.00000000e+00, -3.90388381e-01, -4.13103223e-01],
        [-9.61768767e-01, -9.54613163e-01, -9.91581698e-01, ...,
          3.90388381e-01,  0.00000000e+00, -2.48030583e-02],
        [-9.54680250e-01, -9.46931930e-01, -9.88065081e-01, ...,
          4.13103223e-01,  2.48030583e-02,  0.00000000e+00]],

       [[ 0.00000000e+00,  1.32153109e-03,  1.80304950e-02, ...,
         -9.38575342e-01, -9.39953319e-01, -9.15240161e-01],
        [-1.32153109e-03,  0.00000000e+00,  1.67091629e-02, ...,
         -9.39030549e-01, -9.40403541e-01, -9.15771818e-01],
        [-1.80304950e-02, -1.67091629e-02,  0.00000000e+00, ...,
         -9.44644626e-01, -9.45954380e-01, -9.22356021e-01],
        ...,
        [ 9.38575342e-01,  9.39030549e-01,  9.44644626e-01, ...,
          0.00000000e+00, -4.01520192e-03,  6.23342717e-02],
        [ 9.39953319e-01,  9.40403541e-01,  9.45954380e-01, ...,
          4.01520192e-03,  0.00000000e+00,  6.63411629e-02],
        [ 9.15240161e-01,  9.15771818e-01,  9.22356021e-01, ...,
         -6.23342717e-02, -6.63411629e-02,  0.00000000e+00]],

       [[ 0.00000000e+00, -1.17008544e-02, -1.60263520e-01, ...,
         -9.90084651e-01, -9.90116030e-01, -9.92834408e-01],
        [ 1.17008544e-02,  0.00000000e+00, -1.48702936e-01, ...,
         -9.91660515e-01, -9.91689302e-01, -9.94164673e-01],
        [ 1.60263520e-01,  1.48702936e-01,  0.00000000e+00, ...,
         -9.99799617e-01, -9.99795117e-01, -9.99152508e-01],
        ...,
        [ 9.90084651e-01,  9.91660515e-01,  9.99799617e-01, ...,
          0.00000000e+00,  2.23558143e-04,  2.11520326e-02],
        [ 9.90116030e-01,  9.91689302e-01,  9.99795117e-01, ...,
         -2.23558143e-04,  0.00000000e+00,  2.09285240e-02],
        [ 9.92834408e-01,  9.94164673e-01,  9.99152508e-01, ...,
         -2.11520326e-02, -2.09285240e-02,  0.00000000e+00]]]), 'num': array([ 7.06966245e-01,  7.06966245e-01,  0.00000000e+00,  6.03867001e-03,
        6.15322472e-03,  6.02230505e-03,  1.03075351e-02, -1.63649594e-05,
        6.04194300e-03,  5.81774306e-03,  6.49552512e-03,  2.18199458e-06,
        6.25410788e-03,  5.38137823e-03])}
{'img': array([[[ 0.        , -0.07678563,  0.16408119, ..., -0.52685276,
         -0.39138291, -0.40479134],
        [ 0.07678563,  0.        ,  0.2393417 , ..., -0.46003285,
         -0.31956712, -0.33338276],
        [-0.16408119, -0.2393417 ,  0.        , ..., -0.65917413,
         -0.53707052, -0.54934246],
        ...,
        [ 0.52685276,  0.46003285,  0.65917413, ...,  0.        ,
          0.15216615,  0.1377039 ],
        [ 0.39138291,  0.31956712,  0.53707052, ..., -0.15216615,
          0.        , -0.0146162 ],
        [ 0.40479134,  0.33338276,  0.54934246, ..., -0.1377039 ,
          0.0146162 ,  0.        ]],

       [[ 0.        ,  0.34364594,  0.5378034 , ...,  0.53351653,
          0.30236069,  0.43395065],
        [-0.34364594,  0.        ,  0.21533311, ...,  0.21037282,
         -0.04361439,  0.09791953],
        [-0.5378034 , -0.21533311,  0.        , ..., -0.00507661,
         -0.25771944, -0.11867589],
        ...,
        [-0.53351653, -0.21037282,  0.00507661, ...,  0.        ,
         -0.25281099, -0.11363362],
        [-0.30236069,  0.04361439,  0.25771944, ...,  0.25281099,
          0.        ,  0.14123115],
        [-0.43395065, -0.09791953,  0.11867589, ...,  0.11363362,
         -0.14123115,  0.        ]],

       [[ 0.        , -0.03074104, -0.00837763, ..., -0.52651498,
         -0.5119638 , -0.4974359 ],
        [ 0.03074104,  0.        ,  0.02236628, ..., -0.50013116,
         -0.48531507, -0.47053293],
        [ 0.00837763, -0.02236628,  0.        , ..., -0.51937412,
         -0.50474938, -0.49015084],
        ...,
        [ 0.52651498,  0.50013116,  0.51937412, ...,  0.        ,
          0.01702593,  0.03384912],
        [ 0.5119638 ,  0.48531507,  0.50474938, ..., -0.01702593,
          0.        ,  0.01682804],
        [ 0.4974359 ,  0.47053293,  0.49015084, ..., -0.03384912,
         -0.01682804,  0.        ]],

       ...,

       [[ 0.        , -0.17173532,  0.44587353, ...,  0.95461316,
          0.94693193,  0.9676488 ],
        [ 0.17173532,  0.        ,  0.59296884, ...,  0.9915817 ,
          0.98806508,  0.99660156],
        [-0.44587353, -0.59296884,  0.        , ...,  0.72166765,
          0.70427597,  0.75364419],
        ...,
        [-0.95461316, -0.9915817 , -0.72166765, ...,  0.        ,
         -0.02480306,  0.04736283],
        [-0.94693193, -0.98806508, -0.70427597, ...,  0.02480306,
          0.        ,  0.07212348],
        [-0.9676488 , -0.99660156, -0.75364419, ..., -0.04736283,
         -0.07212348,  0.        ]],

       [[ 0.        ,  0.01670916,  0.01441993, ..., -0.94040354,
         -0.91577182, -0.89599707],
        [-0.01670916,  0.        , -0.00228951, ..., -0.94595438,
         -0.92235602, -0.90329185],
        [-0.01441993,  0.00228951,  0.        , ..., -0.94520941,
         -0.92146907, -0.90230722],
        ...,
        [ 0.94040354,  0.94595438,  0.94520941, ...,  0.        ,
          0.06634116,  0.1129023 ],
        [ 0.91577182,  0.92235602,  0.92146907, ..., -0.06634116,
          0.        ,  0.0467366 ],
        [ 0.89599707,  0.90329185,  0.90230722, ..., -0.1129023 ,
         -0.0467366 ,  0.        ]],

       [[ 0.        , -0.14870294, -0.16333308, ..., -0.9916893 ,
         -0.99416467, -0.99660824],
        [ 0.14870294,  0.        , -0.01481112, ..., -0.99979512,
         -0.99915251, -0.99776496],
        [ 0.16333308,  0.01481112,  0.        , ..., -0.99938565,
         -0.99843326, -0.99666582],
        ...,
        [ 0.9916893 ,  0.99979512,  0.99938565, ...,  0.        ,
          0.02092852,  0.04661115],
        [ 0.99416467,  0.99915251,  0.99843326, ..., -0.02092852,
          0.        ,  0.02569517],
        [ 0.99660824,  0.99776496,  0.99666582, ..., -0.04661115,
         -0.02569517,  0.        ]]]), 'num': array([9.83992201e-01, 1.76241214e-01, 4.35445276e-06, 8.41407278e-03,
       8.45943167e-03, 8.32335502e-03, 1.17816070e-02, 4.53588829e-05,
       8.35510624e-03, 8.09429266e-03, 8.99088658e-03, 2.96792691e-06,
       8.70282903e-03, 7.48575629e-03])}
{'img': array([[[ 0.00000000e+00,  2.39341700e-01,  2.02286162e-01, ...,
         -3.19567119e-01, -3.33382764e-01, -3.05797737e-01],
        [-2.39341700e-01,  0.00000000e+00, -3.79868632e-02, ...,
         -5.37070521e-01, -5.49342463e-01, -5.24786243e-01],
        [-2.02286162e-01,  3.79868632e-02,  0.00000000e+00, ...,
         -5.04639547e-01, -5.17204248e-01, -4.92071761e-01],
        ...,
        [ 3.19567119e-01,  5.37070521e-01,  5.04639547e-01, ...,
          0.00000000e+00, -1.46162023e-02,  1.44959172e-02],
        [ 3.33382764e-01,  5.49342463e-01,  5.17204248e-01, ...,
          1.46162023e-02,  0.00000000e+00,  2.91090353e-02],
        [ 3.05797737e-01,  5.24786243e-01,  4.92071761e-01, ...,
         -1.44959172e-02, -2.91090353e-02,  0.00000000e+00]],

       [[ 0.00000000e+00,  2.15333112e-01, -4.46194168e-01, ...,
         -4.36143933e-02,  9.79195319e-02, -6.86252419e-02],
        [-2.15333112e-01,  0.00000000e+00, -6.28436138e-01, ...,
         -2.57719438e-01, -1.18675890e-01, -2.81840805e-01],
        [ 4.46194168e-01,  6.28436138e-01,  0.00000000e+00, ...,
          4.06737489e-01,  5.31681640e-01,  3.83727057e-01],
        ...,
        [ 4.36143933e-02,  2.57719438e-01, -4.06737489e-01, ...,
          0.00000000e+00,  1.41231153e-01, -2.50483681e-02],
        [-9.79195319e-02,  1.18675890e-01, -5.31681640e-01, ...,
         -1.41231153e-01,  0.00000000e+00, -1.65984140e-01],
        [ 6.86252419e-02,  2.81840805e-01, -3.83727057e-01, ...,
          2.50483681e-02,  1.65984140e-01,  0.00000000e+00]],

       [[ 0.00000000e+00,  2.23662824e-02,  2.51586291e-02, ...,
         -4.85315069e-01, -4.70532927e-01, -4.82355962e-01],
        [-2.23662824e-02,  0.00000000e+00,  2.79313266e-03, ...,
         -5.04749385e-01, -4.90150835e-01, -5.01827609e-01],
        [-2.51586291e-02, -2.79313266e-03,  0.00000000e+00, ...,
         -5.07158632e-01, -4.92583523e-01, -5.04241621e-01],
        ...,
        [ 4.85315069e-01,  5.04749385e-01,  5.07158632e-01, ...,
          0.00000000e+00,  1.68280430e-02,  3.38121832e-03],
        [ 4.70532927e-01,  4.90150835e-01,  4.92583523e-01, ...,
         -1.68280430e-02,  0.00000000e+00, -1.34472073e-02],
        [ 4.82355962e-01,  5.01827609e-01,  5.04241621e-01, ...,
         -3.38121832e-03,  1.34472073e-02,  0.00000000e+00]],

       ...,

       [[ 0.00000000e+00,  5.92968836e-01,  6.74867776e-01, ...,
          9.88065081e-01,  9.96601558e-01,  9.92614994e-01],
        [-5.92968836e-01,  0.00000000e+00,  1.05846045e-01, ...,
          7.04275972e-01,  7.53644188e-01,  7.27347336e-01],
        [-6.74867776e-01, -1.05846045e-01,  0.00000000e+00, ...,
          6.25176831e-01,  6.79839849e-01,  6.50622569e-01],
        ...,
        [-9.88065081e-01, -7.04275972e-01, -6.25176831e-01, ...,
          0.00000000e+00,  7.21234788e-02,  3.30398725e-02],
        [-9.96601558e-01, -7.53644188e-01, -6.79839849e-01, ...,
         -7.21234788e-02,  0.00000000e+00, -3.91302748e-02],
        [-9.92614994e-01, -7.27347336e-01, -6.50622569e-01, ...,
         -3.30398725e-02,  3.91302748e-02,  0.00000000e+00]],

       [[ 0.00000000e+00, -2.28950644e-03, -3.19878827e-03, ...,
         -9.22356021e-01, -9.03291851e-01, -8.83383623e-01],
        [ 2.28950644e-03,  0.00000000e+00, -9.09285164e-04, ...,
         -9.21469073e-01, -9.02307224e-01, -8.82308329e-01],
        [ 3.19878827e-03,  9.09285164e-04,  0.00000000e+00, ...,
         -9.21115479e-01, -9.01914864e-01, -8.81879990e-01],
        ...,
        [ 9.22356021e-01,  9.21469073e-01,  9.21115479e-01, ...,
          0.00000000e+00,  4.67365968e-02,  9.09753763e-02],
        [ 9.03291851e-01,  9.02307224e-01,  9.01914864e-01, ...,
         -4.67365968e-02,  0.00000000e+00,  4.43331761e-02],
        [ 8.83383623e-01,  8.82308329e-01,  8.81879990e-01, ...,
         -9.09753763e-02, -4.43331761e-02,  0.00000000e+00]],

       [[ 0.00000000e+00, -1.48111214e-02, -3.31751373e-02, ...,
         -9.99152508e-01, -9.97764961e-01, -9.95399497e-01],
        [ 1.48111214e-02,  0.00000000e+00, -1.83685296e-02, ...,
         -9.98433263e-01, -9.96665818e-01, -9.93871236e-01],
        [ 3.31751373e-02,  1.83685296e-02,  0.00000000e+00, ...,
         -9.97236991e-01, -9.94998941e-01, -9.91673024e-01],
        ...,
        [ 9.99152508e-01,  9.98433263e-01,  9.97236991e-01, ...,
          0.00000000e+00,  2.56951685e-02,  5.47581844e-02],
        [ 9.97764961e-01,  9.96665818e-01,  9.94998941e-01, ...,
         -2.56951685e-02,  0.00000000e+00,  2.90834880e-02],
        [ 9.95399497e-01,  9.93871236e-01,  9.91673024e-01, ...,
         -5.47581844e-02, -2.90834880e-02,  0.00000000e+00]]]), 'num': array([9.98809507e-01, 3.20144120e-02, 4.94524345e-06, 8.55570880e-03,
       8.57759041e-03, 8.11807664e-03, 2.85247769e-02, 4.37632164e-04,
       8.14433457e-03, 7.86862630e-03, 8.67350479e-03, 3.05871942e-06,
       8.50438399e-03, 7.23286861e-03])}
{'img': array([[[ 0.00000000e+00, -3.79868632e-02,  3.80601883e-02, ...,
         -5.49342463e-01, -5.24786243e-01, -2.76856946e-01],
        [ 3.79868632e-02,  0.00000000e+00,  7.59920577e-02, ...,
         -5.17204248e-01, -4.92071761e-01, -2.40155121e-01],
        [-3.80601883e-02, -7.59920577e-02,  0.00000000e+00, ...,
         -5.80747427e-01, -5.56804136e-01, -3.13228808e-01],
        ...,
        [ 5.49342463e-01,  5.17204248e-01,  5.80747427e-01, ...,
          0.00000000e+00,  2.91090353e-02,  2.96528377e-01],
        [ 5.24786243e-01,  4.92071761e-01,  5.56804136e-01, ...,
         -2.91090353e-02,  0.00000000e+00,  2.68602893e-01],
        [ 2.76856946e-01,  2.40155121e-01,  3.13228808e-01, ...,
         -2.96528377e-01, -2.68602893e-01,  0.00000000e+00]],

       [[ 0.00000000e+00, -6.28436138e-01, -4.81825604e-01, ...,
         -1.18675890e-01, -2.81840805e-01,  6.38124044e-01],
        [ 6.28436138e-01,  0.00000000e+00,  1.75884498e-01, ...,
          5.31681640e-01,  3.83727057e-01,  9.80226004e-01],
        [ 4.81825604e-01, -1.75884498e-01,  0.00000000e+00, ...,
          3.74428783e-01,  2.15325129e-01,  9.30140834e-01],
        ...,
        [ 1.18675890e-01, -5.31681640e-01, -3.74428783e-01, ...,
          0.00000000e+00, -1.65984140e-01,  7.24987002e-01],
        [ 2.81840805e-01, -3.83727057e-01, -2.15325129e-01, ...,
          1.65984140e-01,  0.00000000e+00,  8.29253948e-01],
        [-6.38124044e-01, -9.80226004e-01, -9.30140834e-01, ...,
         -7.24987002e-01, -8.29253948e-01,  0.00000000e+00]],

       [[ 0.00000000e+00,  2.79313266e-03,  4.18353719e-02, ...,
         -4.90150835e-01, -5.01827609e-01, -4.46503847e-01],
        [-2.79313266e-03,  0.00000000e+00,  3.90445214e-02, ...,
         -4.92583523e-01, -5.04241621e-01, -4.49001349e-01],
        [-4.18353719e-02, -3.90445214e-02,  0.00000000e+00, ...,
         -5.26187001e-01, -5.37574511e-01, -4.83546466e-01],
        ...,
        [ 4.90150835e-01,  4.92583523e-01,  5.26187001e-01, ...,
          0.00000000e+00, -1.34472073e-02,  4.93884490e-02],
        [ 5.01827609e-01,  5.04241621e-01,  5.37574511e-01, ...,
          1.34472073e-02,  0.00000000e+00,  6.28147803e-02],
        [ 4.46503847e-01,  4.49001349e-01,  4.83546466e-01, ...,
         -4.93884490e-02, -6.28147803e-02,  0.00000000e+00]],

       ...,

       [[ 0.00000000e+00,  1.05846045e-01,  1.26841400e-01, ...,
          7.53644188e-01,  7.27347336e-01,  8.19711697e-01],
        [-1.05846045e-01,  0.00000000e+00,  2.11377440e-02, ...,
          6.79839849e-01,  6.50622569e-01,  7.54480880e-01],
        [-1.26841400e-01, -2.11377440e-02,  0.00000000e+00, ...,
          6.64186365e-01,  6.34425173e-01,  7.40439141e-01],
        ...,
        [-7.53644188e-01, -6.79839849e-01, -6.64186365e-01, ...,
          0.00000000e+00, -3.91302748e-02,  1.07112689e-01],
        [-7.27347336e-01, -6.50622569e-01, -6.34425173e-01, ...,
          3.91302748e-02,  0.00000000e+00,  1.45935807e-01],
        [-8.19711697e-01, -7.54480880e-01, -7.40439141e-01, ...,
         -1.07112689e-01, -1.45935807e-01,  0.00000000e+00]],

       [[ 0.00000000e+00, -9.09285164e-04, -2.33037928e-02, ...,
         -9.02307224e-01, -8.82308329e-01, -8.18075331e-01],
        [ 9.09285164e-04,  0.00000000e+00, -2.23947450e-02, ...,
         -9.01914864e-01, -8.81879990e-01, -8.17552053e-01],
        [ 2.33037928e-02,  2.23947450e-02,  0.00000000e+00, ...,
         -8.92016069e-01, -8.71100281e-01, -8.04450897e-01],
        ...,
        [ 9.02307224e-01,  9.01914864e-01,  8.92016069e-01, ...,
          0.00000000e+00,  4.43331761e-02,  1.66259859e-01],
        [ 8.82308329e-01,  8.81879990e-01,  8.71100281e-01, ...,
         -4.43331761e-02,  0.00000000e+00,  1.22380246e-01],
        [ 8.18075331e-01,  8.17552053e-01,  8.04450897e-01, ...,
         -1.66259859e-01, -1.22380246e-01,  0.00000000e+00]],

       [[ 0.00000000e+00, -1.83685296e-02, -2.09478208e-02, ...,
         -9.96665818e-01, -9.93871236e-01, -9.92574365e-01],
        [ 1.83685296e-02,  0.00000000e+00, -2.57978758e-03, ...,
         -9.94998941e-01, -9.91673024e-01, -9.90172566e-01],
        [ 2.09478208e-02,  2.57978758e-03,  0.00000000e+00, ...,
         -9.94737946e-01, -9.91337496e-01, -9.89808486e-01],
        ...,
        [ 9.96665818e-01,  9.94998941e-01,  9.94737946e-01, ...,
          0.00000000e+00,  2.90834880e-02,  4.02476916e-02],
        [ 9.93871236e-01,  9.91673024e-01,  9.91337496e-01, ...,
         -2.90834880e-02,  0.00000000e+00,  1.11707437e-02],
        [ 9.92574365e-01,  9.90172566e-01,  9.89808486e-01, ...,
         -4.02476916e-02, -1.11707437e-02,  0.00000000e+00]]]), 'num': array([ 9.99031645e-01,  3.21010004e-02,  4.95861869e-06,  8.55690836e-03,
        8.71049389e-03,  8.49108599e-03,  1.86839436e-02, -2.19407907e-05,
        8.29800703e-03,  7.95573069e-03,  8.68855310e-03,  2.98973411e-06,
        8.58316059e-03,  7.32830080e-03])}
{'img': array([[[ 0.        ,  0.07599206,  0.07599206, ..., -0.49207176,
         -0.24015512, -0.25277374],
        [-0.07599206,  0.        ,  0.        , ..., -0.55680414,
         -0.31322881, -0.32556707],
        [-0.07599206,  0.        ,  0.        , ..., -0.55680414,
         -0.31322881, -0.32556707],
        ...,
        [ 0.49207176,  0.55680414,  0.55680414, ...,  0.        ,
          0.26860289,  0.25603859],
        [ 0.24015512,  0.31322881,  0.31322881, ..., -0.26860289,
          0.        , -0.01302001],
        [ 0.25277374,  0.32556707,  0.32556707, ..., -0.25603859,
          0.01302001,  0.        ]],

       [[ 0.        ,  0.1758845 ,  0.19872155, ...,  0.38372706,
          0.980226  ,  0.74984428],
        [-0.1758845 ,  0.        ,  0.02324698, ...,  0.21532513,
          0.93014083,  0.62178711],
        [-0.19872155, -0.02324698,  0.        , ...,  0.19256527,
          0.9213531 ,  0.60341236],
        ...,
        [-0.38372706, -0.21532513, -0.19256527, ...,  0.        ,
          0.82925395,  0.4385618 ],
        [-0.980226  , -0.93014083, -0.9213531 , ..., -0.82925395,
          0.        , -0.50015148],
        [-0.74984428, -0.62178711, -0.60341236, ..., -0.4385618 ,
          0.50015148,  0.        ]],

       [[ 0.        ,  0.03904452,  0.0835317 , ..., -0.50424162,
         -0.44900135, -0.36242144],
        [-0.03904452,  0.        ,  0.04455994, ..., -0.53757451,
         -0.48354647, -0.39853514],
        [-0.0835317 , -0.04455994,  0.        , ..., -0.57461421,
         -0.52207032, -0.43900757],
        ...,
        [ 0.50424162,  0.53757451,  0.57461421, ...,  0.        ,
          0.06281478,  0.15698681],
        [ 0.44900135,  0.48354647,  0.52207032, ..., -0.06281478,
          0.        ,  0.09464087],
        [ 0.36242144,  0.39853514,  0.43900757, ..., -0.15698681,
         -0.09464087,  0.        ]],

       ...,

       [[ 0.        ,  0.02113774,  0.05079151, ...,  0.65062257,
          0.75448088,  0.71406596],
        [-0.02113774,  0.        ,  0.0296697 , ...,  0.63442517,
          0.74043914,  0.69910834],
        [-0.05079151, -0.0296697 ,  0.        , ...,  0.61121166,
          0.72017147,  0.67758626],
        ...,
        [-0.65062257, -0.63442517, -0.61121166, ...,  0.        ,
          0.14593581,  0.08677576],
        [-0.75448088, -0.74043914, -0.72017147, ..., -0.14593581,
          0.        , -0.05953857],
        [-0.71406596, -0.69910834, -0.67758626, ..., -0.08677576,
          0.05953857,  0.        ]],

       [[ 0.        , -0.02239474, -0.06952196, ..., -0.88187999,
         -0.81755205, -0.78371599],
        [ 0.02239474,  0.        , -0.04716396, ..., -0.87110028,
         -0.8044509 , -0.76960963],
        [ 0.06952196,  0.04716396,  0.        , ..., -0.84696842,
         -0.77553938, -0.73863829],
        ...,
        [ 0.88187999,  0.87110028,  0.84696842, ...,  0.        ,
          0.12238025,  0.17825106],
        [ 0.81755205,  0.8044509 ,  0.77553938, ..., -0.12238025,
          0.        ,  0.05649087],
        [ 0.78371599,  0.76960963,  0.73863829, ..., -0.17825106,
         -0.05649087,  0.        ]],

       [[ 0.        , -0.00257979,  0.03318768, ..., -0.99167302,
         -0.99017257, -0.97595819],
        [ 0.00257979,  0.        ,  0.03576594, ..., -0.9913375 ,
         -0.98980849, -0.97539266],
        [-0.03318768, -0.03576594,  0.        , ..., -0.9954007 ,
         -0.99426845, -0.98265409],
        ...,
        [ 0.99167302,  0.9913375 ,  0.9954007 , ...,  0.        ,
          0.01117074,  0.09045776],
        [ 0.99017257,  0.98980849,  0.99426845, ..., -0.01117074,
          0.        ,  0.07932717],
        [ 0.97595819,  0.97539266,  0.98265409, ..., -0.09045776,
         -0.07932717,  0.        ]]]), 'num': array([ 9.99119044e-01,  3.27540987e-02,  5.05950233e-06,  8.55190217e-03,
        8.77577395e-03,  8.52951499e-03,  1.06442974e-02, -1.79097428e-04,
        8.52056012e-03,  8.17243949e-03,  8.85487532e-03,  2.63671213e-06,
        8.76211539e-03,  7.58276359e-03])}
{'img': array([[[ 0.        ,  0.        , -0.10120893, ..., -0.31322881,
         -0.32556707, -0.42369973],
        [ 0.        ,  0.        , -0.10120893, ..., -0.31322881,
         -0.32556707, -0.42369973],
        [ 0.10120893,  0.10120893,  0.        , ..., -0.21550457,
         -0.22820038, -0.32984878],
        ...,
        [ 0.31322881,  0.31322881,  0.21550457, ...,  0.        ,
         -0.01302001, -0.11865468],
        [ 0.32556707,  0.32556707,  0.22820038, ...,  0.01302001,
          0.        , -0.10571659],
        [ 0.42369973,  0.42369973,  0.32984878, ...,  0.11865468,
          0.10571659,  0.        ]],

       [[ 0.        ,  0.02324698,  0.04148022, ...,  0.93014083,
          0.62178711,  0.14176815],
        [-0.02324698,  0.        ,  0.01824203, ...,  0.9213531 ,
          0.60341236,  0.11871765],
        [-0.04148022, -0.01824203,  0.        , ...,  0.91410863,
          0.58876522,  0.10058487],
        ...,
        [-0.93014083, -0.9213531 , -0.91410863, ...,  0.        ,
         -0.50015148, -0.86868862],
        [-0.62178711, -0.60341236, -0.58876522, ...,  0.50015148,
          0.        , -0.50447612],
        [-0.14176815, -0.11871765, -0.10058487, ...,  0.86868862,
          0.50447612,  0.        ]],

       [[ 0.        ,  0.04455994,  0.0834954 , ..., -0.48354647,
         -0.39853514, -0.36462195],
        [-0.04455994,  0.        ,  0.03900812, ..., -0.52207032,
         -0.43900757, -0.40575202],
        [-0.0834954 , -0.03900812,  0.        , ..., -0.55494308,
         -0.47372158, -0.44109596],
        ...,
        [ 0.48354647,  0.52207032,  0.55494308, ...,  0.        ,
          0.09464087,  0.13109661],
        [ 0.39853514,  0.43900757,  0.47372158, ..., -0.09464087,
          0.        ,  0.0366841 ],
        [ 0.36462195,  0.40575202,  0.44109596, ..., -0.13109661,
         -0.0366841 ,  0.        ]],

       ...,

       [[ 0.        ,  0.0296697 , -0.14568132, ...,  0.74043914,
          0.69910834,  0.47229947],
        [-0.0296697 ,  0.        , -0.17497035, ...,  0.72017147,
          0.67758626,  0.44593954],
        [ 0.14568132,  0.17497035,  0.        , ...,  0.83045564,
          0.79581439,  0.59566985],
        ...,
        [-0.74043914, -0.72017147, -0.83045564, ...,  0.        ,
         -0.05953857, -0.33520777],
        [-0.69910834, -0.67758626, -0.79581439, ...,  0.05953857,
          0.        , -0.2785192 ],
        [-0.47229947, -0.44593954, -0.59566985, ...,  0.33520777,
          0.2785192 ,  0.        ]],

       [[ 0.        , -0.04716396, -0.08949162, ..., -0.8044509 ,
         -0.76960963, -0.76694967],
        [ 0.04716396,  0.        , -0.04241732, ..., -0.77553938,
         -0.73863829, -0.73583072],
        [ 0.08949162,  0.04241732,  0.        , ..., -0.74806336,
         -0.70937991, -0.70644492],
        ...,
        [ 0.8044509 ,  0.77553938,  0.74806336, ...,  0.        ,
          0.05649087,  0.06063918],
        [ 0.76960963,  0.73863829,  0.70937991, ..., -0.05649087,
          0.        ,  0.00415544],
        [ 0.76694967,  0.73583072,  0.70644492, ..., -0.06063918,
         -0.00415544,  0.        ]],

       [[ 0.        ,  0.03576594,  0.04091349, ..., -0.98980849,
         -0.97539266, -0.94695789],
        [-0.03576594,  0.        ,  0.00515132, ..., -0.99426845,
         -0.98265409, -0.95784568],
        [-0.04091349, -0.00515132,  0.        , ..., -0.99480599,
         -0.98359635, -0.95931286],
        ...,
        [ 0.98980849,  0.99426845,  0.99480599, ...,  0.        ,
          0.07932717,  0.1832311 ],
        [ 0.97539266,  0.98265409,  0.98359635, ..., -0.07932717,
          0.        ,  0.10466952],
        [ 0.94695789,  0.95784568,  0.95931286, ..., -0.1832311 ,
         -0.10466952,  0.        ]]]), 'num': array([9.99478944e-01, 1.50710254e-02, 4.95923385e-06, 8.56006886e-03,
       8.60319263e-03, 8.34444999e-03, 1.63236848e-02, 3.23428294e-04,
       8.32720048e-03, 7.92722749e-03, 8.52161683e-03, 3.05460056e-06,
       8.53346170e-03, 7.32099329e-03])}
{'img': array([[[ 0.        , -0.10120893,  0.07651004, ..., -0.32556707,
         -0.42369973, -0.23888066],
        [ 0.10120893,  0.        ,  0.17702944, ..., -0.22820038,
         -0.32984878, -0.13937522],
        [-0.07651004, -0.17702944,  0.        , ..., -0.39695446,
         -0.49176078, -0.31247544],
        ...,
        [ 0.32556707,  0.22820038,  0.39695446, ...,  0.        ,
         -0.10571659,  0.09027537],
        [ 0.42369973,  0.32984878,  0.49176078, ...,  0.10571659,
          0.        ,  0.19505442],
        [ 0.23888066,  0.13937522,  0.31247544, ..., -0.09027537,
         -0.19505442,  0.        ]],

       [[ 0.        ,  0.01824203,  0.4698509 , ...,  0.60341236,
          0.11871765,  0.50598364],
        [-0.01824203,  0.        ,  0.45366964, ...,  0.58876522,
          0.10058487,  0.4901649 ],
        [-0.4698509 , -0.45366964,  0.        , ...,  0.15798683,
         -0.36173063,  0.04138829],
        ...,
        [-0.60341236, -0.58876522, -0.15798683, ...,  0.        ,
         -0.50447612, -0.11698296],
        [-0.11871765, -0.10058487,  0.36173063, ...,  0.50447612,
          0.        ,  0.40000626],
        [-0.50598364, -0.4901649 , -0.04138829, ...,  0.11698296,
         -0.40000626,  0.        ]],

       [[ 0.        ,  0.03900812,  0.06409374, ..., -0.43900757,
         -0.40575202, -0.3280944 ],
        [-0.03900812,  0.        ,  0.02511705, ..., -0.47372158,
         -0.44109596, -0.36469351],
        [-0.06409374, -0.02511705,  0.        , ..., -0.49569208,
         -0.46349835, -0.38796563],
        ...,
        [ 0.43900757,  0.47372158,  0.49569208, ...,  0.        ,
          0.0366841 ,  0.11991891],
        [ 0.40575202,  0.44109596,  0.46349835, ..., -0.0366841 ,
          0.        ,  0.08341882],
        [ 0.3280944 ,  0.36469351,  0.38796563, ..., -0.11991891,
         -0.08341882,  0.        ]],

       ...,

       [[ 0.        , -0.17497035,  0.42585751, ...,  0.67758626,
          0.44593954,  0.74267101],
        [ 0.17497035,  0.        ,  0.57759957, ...,  0.79581439,
          0.59566985,  0.84838437],
        [-0.42585751, -0.57759957,  0.        , ...,  0.29987938,
          0.02231241,  0.38678325],
        ...,
        [-0.67758626, -0.79581439, -0.29987938, ...,  0.        ,
         -0.2785192 ,  0.09244241],
        [-0.44593954, -0.59566985, -0.02231241, ...,  0.2785192 ,
          0.        ,  0.36611111],
        [-0.74267101, -0.84838437, -0.38678325, ..., -0.09244241,
         -0.36611111,  0.        ]],

       [[ 0.        , -0.04241732, -0.08555771, ..., -0.73863829,
         -0.73583072, -0.67229084],
        [ 0.04241732,  0.        , -0.04321893, ..., -0.70937991,
         -0.70644492, -0.64028478],
        [ 0.08555771,  0.04321893,  0.        , ..., -0.67825524,
         -0.67519586, -0.60648842],
        ...,
        [ 0.73863829,  0.70937991,  0.67825524, ...,  0.        ,
          0.00415544,  0.09361183],
        [ 0.73583072,  0.70644492,  0.67519586, ..., -0.00415544,
          0.        ,  0.08947383],
        [ 0.67229084,  0.64028478,  0.60648842, ..., -0.09361183,
         -0.08947383,  0.        ]],

       [[ 0.        ,  0.00515132,  0.06921063, ..., -0.98265409,
         -0.95784568, -0.95249815],
        [-0.00515132,  0.        ,  0.06407074, ..., -0.98359635,
         -0.95931286, -0.95405432],
        [-0.06921063, -0.06407074,  0.        , ..., -0.99313272,
         -0.97543188, -0.97129183],
        ...,
        [ 0.98265409,  0.98359635,  0.99313272, ...,  0.        ,
          0.10466952,  0.12262294],
        [ 0.95784568,  0.95931286,  0.97543188, ..., -0.10466952,
          0.        ,  0.01806976],
        [ 0.95249815,  0.95405432,  0.97129183, ..., -0.12262294,
         -0.01806976,  0.        ]]]), 'num': array([9.99503891e-01, 1.49969892e-02, 4.93487169e-06, 8.56092958e-03,
       8.77548922e-03, 8.41073783e-03, 1.46003972e-02, 4.29119277e-05,
       8.40644664e-03, 7.95050741e-03, 8.47367532e-03, 3.03959488e-06,
       8.56167857e-03, 7.33933624e-03])}
{'img': array([[[ 0.        ,  0.17702944,  0.12649074, ..., -0.32984878,
         -0.13937522, -0.11401573],
        [-0.17702944,  0.        , -0.05111462, ..., -0.49176078,
         -0.31247544, -0.28808994],
        [-0.12649074,  0.05111462,  0.        , ..., -0.4466109 ,
         -0.26351187, -0.23876582],
        ...,
        [ 0.32984878,  0.49176078,  0.4466109 , ...,  0.        ,
          0.19505442,  0.22006312],
        [ 0.13937522,  0.31247544,  0.26351187, ..., -0.19505442,
          0.        ,  0.02556345],
        [ 0.11401573,  0.28808994,  0.23876582, ..., -0.22006312,
         -0.02556345,  0.        ]],

       [[ 0.        ,  0.45366964,  0.03368391, ...,  0.10058487,
          0.4901649 ,  0.40051523],
        [-0.45366964,  0.        , -0.42339411, ..., -0.36173063,
          0.04138829, -0.05876586],
        [-0.03368391,  0.42339411,  0.        , ...,  0.06701471,
          0.46052685,  0.36942372],
        ...,
        [-0.10058487,  0.36173063, -0.06701471, ...,  0.        ,
          0.40000626,  0.30631909],
        [-0.4901649 , -0.04138829, -0.46052685, ..., -0.40000626,
          0.        , -0.10003227],
        [-0.40051523,  0.05876586, -0.36942372, ..., -0.30631909,
          0.10003227,  0.        ]],

       [[ 0.        ,  0.02511705,  0.04746999, ..., -0.44109596,
         -0.36469351, -0.28793238],
