state_0,state_1,state_2,state_3,state_4,state_5,state_6,state_7,state_8,state_9,state_10,state_11,state_12,state_13,state_14,state_15,state_16,state_17,state_18,state_19,state_20,state_21,state_22,state_23,state_24,state_25,state_26,state_27,state_28,state_29,state_30,state_31,state_32,state_33,state_34,state_35,state_36,state_37,state_38,state_39,state_40,state_41,state_42,state_43,state_44,state_45,state_46,state_47,state_48,state_49,state_50,state_51,state_52,state_53,state_54,state_55,state_56,state_57,state_58,state_59,state_60,state_61,state_62,state_63,state_64,state_65,state_66,state_67,state_68,state_69,state_70,state_71,state_72,state_73,state_74,state_75,state_76,state_77,state_78,state_79,state_80,state_81,state_82,state_83,state_84,state_85,state_86,state_87,state_88,state_89,state_90,state_91,state_92,state_93,state_94,state_95,state_96,state_97,state_98,state_99,state_100,state_101,state_102,state_103,state_104,state_105,state_106,state_107,state_108,state_109,state_110,state_111,state_112,state_113,state_114,state_115,state_116,state_117,state_118,state_119,state_120,state_121,state_122,state_123,state_124,state_125,state_126,state_127,state_128,state_129,state_130,state_131,state_132,state_133,state_134,state_135,state_136,state_137,state_138,state_139,state_140,state_141,state_142,state_143,state_144,state_145,state_146,state_147,state_148,state_149,state_150,state_151,state_152,state_153,state_154,state_155,state_156,state_157,state_158,state_159,state_160,state_161,state_162,state_163,state_164,state_165,state_166,state_167,state_168,state_169,state_170,state_171,state_172,state_173,state_174,state_175,state_176,state_177,state_178,state_179,state_180,state_181,state_182,state_183,state_184,state_185,state_186,state_187,state_188,state_189,state_190,state_191,state_192,state_193,state_194,state_195,state_196,state_197,state_198,state_199,state_200,state_201,state_202,state_203,state_204,state_205,state_206,state_207,state_208,state_209,state_210,state_211,state_212,state_213,state_214,state_215,state_216,state_217,state_218,state_219,state_220,state_221,state_222,state_223,state_224,state_225,state_226,state_227,state_228,state_229,state_230,state_231,state_232,state_233,state_234,state_235,state_236,state_237,state_238,state_239,state_240,state_241,state_242,state_243,state_244,state_245,state_246,state_247,state_248,state_249,state_250,state_251,state_252,state_253,state_254,state_255,state_256,state_257,state_258,state_259,state_260,state_261,state_262,state_263,state_264,state_265,state_266,state_267,state_268,state_269,state_270,state_271,state_272,state_273,state_274,state_275,state_276,state_277,state_278,state_279,state_280,state_281,state_282,state_283,state_284,state_285,state_286,state_287
{'img': array([[[ 0.        ,  0.        ,  0.21436023, ..., -0.04023464,
          0.64215718,  0.36321685],
        [ 0.        ,  0.        ,  0.21436023, ..., -0.04023464,
          0.64215718,  0.36321685],
        [-0.21436023, -0.21436023,  0.        , ..., -0.25348602,
          0.46290727,  0.15505334],
        ...,
        [ 0.04023464,  0.04023464,  0.25348602, ...,  0.        ,
          0.67247998,  0.40040953],
        [-0.64215718, -0.64215718, -0.46290727, ..., -0.67247998,
          0.        , -0.31986859],
        [-0.36321685, -0.36321685, -0.15505334, ..., -0.40040953,
          0.31986859,  0.        ]],

       [[ 0.        , -0.41318059, -0.36508722, ..., -0.22375135,
          0.99198718, -0.15365232],
        [ 0.41318059,  0.        ,  0.05219376, ...,  0.19894595,
          0.8511516 ,  0.26835071],
        [ 0.36508722, -0.05219376,  0.        , ...,  0.14752436,
          0.877389  ,  0.21770558],
        ...,
        [ 0.22375135, -0.19894595, -0.14752436, ...,  0.        ,
          0.93856817,  0.07133763],
        [-0.99198718, -0.8511516 , -0.877389  , ..., -0.93856817,
          0.        , -0.96079509],
        [ 0.15365232, -0.26835071, -0.21770558, ..., -0.07133763,
          0.96079509,  0.        ]],

       [[ 0.        , -0.39326258, -0.68959275, ..., -0.86898619,
         -0.64813704, -0.48965354],
        [ 0.39326258,  0.        , -0.34922992, ..., -0.60436806,
         -0.29643539, -0.10730793],
        [ 0.68959275,  0.34922992,  0.        , ..., -0.28808196,
          0.0557621 ,  0.2466619 ],
        ...,
        [ 0.86898619,  0.60436806,  0.28808196, ...,  0.        ,
          0.34103184,  0.51538555],
        [ 0.64813704,  0.29643539, -0.0557621 , ..., -0.34103184,
          0.        ,  0.19223897],
        [ 0.48965354,  0.10730793, -0.2466619 , ..., -0.51538555,
         -0.19223897,  0.        ]],

       ...,

       [[ 0.        ,  0.02279941,  0.12016146, ...,  0.80267483,
          0.97463665,  0.9566973 ],
        [-0.02279941,  0.        ,  0.09749601, ...,  0.78886823,
          0.97948566,  0.94981206],
        [-0.12016146, -0.09749601,  0.        , ...,  0.72519262,
          0.99446611,  0.91478826],
        ...,
        [-0.80267483, -0.78886823, -0.72519262, ...,  0.        ,
          0.76092293,  0.3369441 ],
        [-0.97463665, -0.97948566, -0.99446611, ..., -0.76092293,
          0.        , -0.49780411],
        [-0.9566973 , -0.94981206, -0.91478826, ..., -0.3369441 ,
          0.49780411,  0.        ]],

       [[ 0.        ,  0.17064527, -0.1173205 , ..., -0.17064527,
         -0.71330577, -0.7885624 ],
        [-0.17064527,  0.        , -0.28506652, ..., -0.        ,
         -0.58324613, -0.67205706],
        [ 0.1173205 ,  0.28506652,  0.        , ..., -0.28506652,
         -0.79060417, -0.85526347],
        ...,
        [ 0.17064527,  0.        ,  0.28506652, ...,  0.        ,
          0.58324613,  0.67205706],
        [ 0.71330577,  0.58324613,  0.79060417, ..., -0.58324613,
          0.        ,  0.11401553],
        [ 0.7885624 ,  0.67205706,  0.85526347, ..., -0.67205706,
         -0.11401553,  0.        ]],

       [[ 0.        , -0.81951998, -0.95018846, ..., -0.8746596 ,
         -0.51443916, -0.31910014],
        [ 0.81951998,  0.        , -0.28908143, ..., -0.8984764 ,
         -0.99756009, -0.95953683],
        [ 0.95018846,  0.28908143,  0.        , ..., -0.73320246,
         -0.97515045, -0.9999694 ],
        ...,
        [ 0.8746596 ,  0.8984764 ,  0.73320246, ...,  0.        ,
         -0.5006761 , -0.67425343],
        [ 0.51443916,  0.99756009,  0.97515045, ...,  0.5006761 ,
          0.        , -0.21390785],
        [ 0.31910014,  0.95953683,  0.9999694 , ...,  0.67425343,
          0.21390785,  0.        ]]]), 'num': array([ 7.07103022e-01,  7.07103022e-01,  0.00000000e+00,  1.08717090e-03,
        1.11899053e-03,  1.08717090e-03,  1.14967880e-03, -2.12130907e-05,
        1.08893865e-03,  1.05243446e-03,  1.08566830e-03,  1.14839724e-06,
        1.11335699e-03,  9.91511933e-04])}
{'img': array([[[ 0.        ,  0.21436023,  0.05960324, ...,  0.64215718,
          0.36321685,  0.13772776],
        [-0.21436023,  0.        , -0.15576138, ...,  0.46290727,
          0.15505334, -0.07779117],
        [-0.05960324,  0.15576138,  0.        , ...,  0.59532529,
          0.30703849,  0.07844767],
        ...,
        [-0.64215718, -0.46290727, -0.59532529, ...,  0.        ,
         -0.31986859, -0.53045912],
        [-0.36321685, -0.15505334, -0.30703849, ...,  0.31986859,
          0.        , -0.23143385],
        [-0.13772776,  0.07779117, -0.07844767, ...,  0.53045912,
          0.23143385,  0.        ]],

       [[ 0.        ,  0.05219376,  0.49653943, ...,  0.8511516 ,
          0.26835071, -0.25345403],
        [-0.05219376,  0.        ,  0.45055772, ...,  0.877389  ,
          0.21770558, -0.30359806],
        [-0.49653943, -0.45055772,  0.        , ...,  0.9994551 ,
         -0.24539479, -0.70032783],
        ...,
        [-0.8511516 , -0.877389  , -0.9994551 , ...,  0.        ,
         -0.96079509, -0.69031624],
        [-0.26835071, -0.21770558,  0.24539479, ...,  0.96079509,
          0.        , -0.50374603],
        [ 0.25345403,  0.30359806,  0.70032783, ...,  0.69031624,
          0.50374603,  0.        ]],

       [[ 0.        , -0.34922992, -0.10730793, ..., -0.29643539,
         -0.10730793,  0.04190833],
        [ 0.34922992,  0.        ,  0.2466619 , ...,  0.0557621 ,
          0.2466619 ,  0.38819277],
        [ 0.10730793, -0.2466619 ,  0.        , ..., -0.19223897,
          0.        ,  0.14888   ],
        ...,
        [ 0.29643539, -0.0557621 ,  0.19223897, ...,  0.        ,
          0.19223897,  0.33619963],
        [ 0.10730793, -0.2466619 ,  0.        , ..., -0.19223897,
          0.        ,  0.14888   ],
        [-0.04190833, -0.38819277, -0.14888   , ..., -0.33619963,
         -0.14888   ,  0.        ]],

       ...,

       [[ 0.        ,  0.09749601, -0.01492202, ...,  0.97948566,
          0.94981206,  0.93834883],
        [-0.09749601,  0.        , -0.11233608, ...,  0.99446611,
          0.91478826,  0.90017508],
        [ 0.01492202,  0.11233608,  0.        , ...,  0.97636961,
          0.95437423,  0.94340274],
        ...,
        [-0.97948566, -0.99446611, -0.97636961, ...,  0.        ,
         -0.49780411, -0.52768856],
        [-0.94981206, -0.91478826, -0.95437423, ...,  0.49780411,
          0.        , -0.03480505],
        [-0.93834883, -0.90017508, -0.94340274, ...,  0.52768856,
          0.03480505,  0.        ]],

       [[ 0.        , -0.28506652, -0.35124164, ..., -0.58324613,
         -0.67205706, -0.70109458],
        [ 0.28506652,  0.        , -0.06976437, ..., -0.79060417,
         -0.85526347, -0.87527647],
        [ 0.35124164,  0.06976437,  0.        , ..., -0.83139651,
         -0.88933105, -0.90688351],
        ...,
        [ 0.58324613,  0.79060417,  0.83139651, ...,  0.        ,
          0.11401553,  0.15360164],
        [ 0.67205706,  0.85526347,  0.88933105, ..., -0.11401553,
          0.        ,  0.0399375 ],
        [ 0.70109458,  0.87527647,  0.90688351, ..., -0.15360164,
         -0.0399375 ,  0.        ]],

       [[ 0.        , -0.39552377, -0.70200263, ..., -0.93704932,
         -0.83176135, -0.79673   ],
        [ 0.39552377,  0.        , -0.36307647, ..., -0.99875406,
         -0.98350443, -0.97079027],
        [ 0.70200263,  0.36307647,  0.        , ..., -0.91247973,
         -0.98206419, -0.99165573],
        ...,
        [ 0.93704932,  0.99875406,  0.91247973, ...,  0.        ,
         -0.22973875, -0.28807633],
        [ 0.83176135,  0.98350443,  0.98206419, ...,  0.22973875,
          0.        , -0.06037143],
        [ 0.79673   ,  0.97079027,  0.99165573, ...,  0.28807633,
          0.06037143,  0.        ]]]), 'num': array([7.07102242e-01, 7.07102242e-01, 0.00000000e+00, 1.12075705e-03,
       1.13843461e-03, 1.09600847e-03, 1.82704613e-03, 3.35873565e-05,
       1.10484725e-03, 1.05473138e-03, 1.08643313e-03, 1.26435500e-06,
       1.12199233e-03, 9.87470429e-04])}
{'img': array([[[ 0.        , -0.15576138, -0.54869821, ...,  0.15505334,
         -0.07779117,  0.29013241],
        [ 0.15576138,  0.        , -0.41178148, ...,  0.30703849,
          0.07844767,  0.4356528 ],
        [ 0.54869821,  0.41178148,  0.        , ...,  0.67169008,
          0.48200047,  0.76765343],
        ...,
        [-0.15505334, -0.30703849, -0.67169008, ...,  0.        ,
         -0.23143385,  0.13823962],
        [ 0.07779117, -0.07844767, -0.48200047, ...,  0.23143385,
          0.        ,  0.36369831],
        [-0.29013241, -0.4356528 , -0.76765343, ..., -0.13823962,
         -0.36369831,  0.        ]],

       [[ 0.        ,  0.45055772,  0.69476695, ...,  0.21770558,
         -0.30359806,  0.11955222],
        [-0.45055772,  0.        ,  0.29619447, ..., -0.24539479,
         -0.70032783, -0.34059636],
        [-0.69476695, -0.29619447,  0.        , ..., -0.52152115,
         -0.88033242, -0.60379789],
        ...,
        [-0.21770558,  0.24539479,  0.52152115, ...,  0.        ,
         -0.50374603, -0.09945948],
        [ 0.30359806,  0.70032783,  0.88033242, ...,  0.50374603,
          0.        ,  0.41533001],
        [-0.11955222,  0.34059636,  0.60379789, ...,  0.09945948,
         -0.41533001,  0.        ]],

       [[ 0.        ,  0.2466619 ,  0.1406578 , ...,  0.2466619 ,
          0.38819277,  0.62564706],
        [-0.2466619 ,  0.        , -0.10789796, ...,  0.        ,
          0.14888   ,  0.41389307],
        [-0.1406578 ,  0.10789796,  0.        , ...,  0.10789796,
          0.2547063 ,  0.50969902],
        ...,
        [-0.2466619 ,  0.        , -0.10789796, ...,  0.        ,
          0.14888   ,  0.41389307],
        [-0.38819277, -0.14888   , -0.2547063 , ..., -0.14888   ,
          0.        ,  0.27375108],
        [-0.62564706, -0.41389307, -0.50969902, ..., -0.41389307,
         -0.27375108,  0.        ]],

       ...,

       [[ 0.        , -0.1080354 , -0.09059332, ...,  0.86513099,
          0.85130298,  0.98936251],
        [ 0.1080354 ,  0.        ,  0.01752808, ...,  0.91425215,
          0.90300375,  0.96785579],
        [ 0.09059332, -0.01752808,  0.        , ...,  0.90701026,
          0.89533439,  0.97211551],
        ...,
        [-0.86513099, -0.91425215, -0.90701026, ...,  0.        ,
         -0.02694452,  0.62206231],
        [-0.85130298, -0.90300375, -0.89533439, ...,  0.02694452,
          0.        ,  0.64293315],
        [-0.98936251, -0.96785579, -0.97211551, ..., -0.62206231,
         -0.64293315,  0.        ]],

       [[ 0.        , -0.15467104,  0.06892925, ..., -0.72679644,
         -0.75395058, -0.81536582],
        [ 0.15467104,  0.        ,  0.22240292, ..., -0.82428644,
         -0.84648578, -0.89509993],
        [-0.06892925, -0.22240292,  0.        , ..., -0.67772353,
         -0.70687557, -0.7735202 ],
        ...,
        [ 0.72679644,  0.82428644,  0.67772353, ...,  0.        ,
          0.04039794,  0.13926044],
        [ 0.75395058,  0.84648578,  0.70687557, ..., -0.04039794,
          0.        ,  0.09914246],
        [ 0.81536582,  0.89509993,  0.7735202 , ..., -0.13926044,
         -0.09914246,  0.        ]],

       [[ 0.        , -0.35315013, -0.75233136, ..., -0.99960022,
         -0.9978348 , -0.85142476],
        [ 0.35315013,  0.        , -0.47120617, ..., -0.94517752,
         -0.95676773, -0.98178366],
        [ 0.75233136,  0.47120617,  0.        , ..., -0.67979275,
         -0.70683946, -0.95548608],
        ...,
        [ 0.99960022,  0.94517752,  0.67979275, ...,  0.        ,
         -0.03753136, -0.5001941 ],
        [ 0.9978348 ,  0.95676773,  0.70683946, ...,  0.03753136,
          0.        , -0.46734279],
        [ 0.85142476,  0.98178366,  0.95548608, ...,  0.5001941 ,
          0.46734279,  0.        ]]]), 'num': array([7.75356212e-01, 6.31513492e-01, 2.24403619e-06, 1.24002345e-03,
       1.24776150e-03, 1.20326768e-03, 1.40074287e-03, 1.35415977e-05,
       1.22261282e-03, 1.15838696e-03, 1.18962936e-03, 1.39082703e-06,
       1.24096692e-03, 1.07580700e-03])}
{'img': array([[[ 0.        , -0.41178148, -0.09971808, ...,  0.07844767,
          0.4356528 ,  0.56044891],
        [ 0.41178148,  0.        ,  0.3188577 , ...,  0.48200047,
          0.76765343,  0.85176024],
        [ 0.09971808, -0.3188577 ,  0.        , ...,  0.17746744,
          0.52323911,  0.64024089],
        ...,
        [-0.07844767, -0.48200047, -0.17746744, ...,  0.        ,
          0.36369831,  0.49375223],
        [-0.4356528 , -0.76765343, -0.52323911, ..., -0.36369831,
          0.        ,  0.14366549],
        [-0.56044891, -0.85176024, -0.64024089, ..., -0.49375223,
         -0.14366549,  0.        ]],

       [[ 0.        ,  0.29619447, -0.45588718, ..., -0.70032783,
         -0.34059636, -0.63049772],
        [-0.29619447,  0.        , -0.69905466, ..., -0.88033242,
         -0.60379789, -0.83210932],
        [ 0.45588718,  0.69905466,  0.        , ..., -0.29789607,
          0.12548596, -0.20731108],
        ...,
        [ 0.70032783,  0.88033242,  0.29789607, ...,  0.        ,
          0.41533001,  0.09352549],
        [ 0.34059636,  0.60379789, -0.12548596, ..., -0.41533001,
          0.        , -0.32843216],
        [ 0.63049772,  0.83210932,  0.20731108, ..., -0.09352549,
          0.32843216,  0.        ]],

       [[ 0.        , -0.10789796, -0.11992373, ...,  0.14888   ,
          0.41389307,  0.61685537],
        [ 0.10789796,  0.        , -0.01210434, ...,  0.2547063 ,
          0.50969902,  0.69817811],
        [ 0.11992373,  0.01210434,  0.        , ...,  0.26639276,
          0.52007568,  0.70679274],
        ...,
        [-0.14888   , -0.2547063 , -0.26639276, ...,  0.        ,
          0.27375108,  0.49280073],
        [-0.41389307, -0.50969902, -0.52007568, ..., -0.27375108,
          0.        ,  0.23577366],
        [-0.61685537, -0.69817811, -0.70679274, ..., -0.49280073,
         -0.23577366,  0.        ]],

       ...,

       [[ 0.        ,  0.01743518,  0.04702948, ...,  0.89741931,
          0.99532742,  0.96655902],
        [-0.01743518,  0.        ,  0.02960644, ...,  0.88959087,
          0.99685962,  0.97088325],
        [-0.04702948, -0.02960644,  0.        , ...,  0.87567792,
          0.99876713,  0.97754996],
        ...,
        [-0.89741931, -0.88959087, -0.87567792, ...,  0.        ,
          0.52576968,  0.65656322],
        [-0.99532742, -0.99685962, -0.99876713, ..., -0.52576968,
          0.        ,  0.16191757],
        [-0.96655902, -0.97088325, -0.97754996, ..., -0.65656322,
         -0.16191757,  0.        ]],

       [[ 0.        ,  0.22240292, -0.03954601, ..., -0.84648578,
         -0.89509993, -0.94403283],
        [-0.22240292,  0.        , -0.26078452, ..., -0.70687557,
         -0.7735202 , -0.84702944],
        [ 0.03954601,  0.26078452,  0.        , ..., -0.86687836,
         -0.91203194, -0.95633867],
        ...,
        [ 0.84648578,  0.70687557,  0.86687836, ...,  0.        ,
          0.09914246,  0.22339917],
        [ 0.89509993,  0.7735202 ,  0.91203194, ..., -0.09914246,
          0.        ,  0.1256617 ],
        [ 0.94403283,  0.84702944,  0.95633867, ..., -0.22339917,
         -0.1256617 ,  0.        ]],

       [[ 0.        , -0.44423377, -0.68759845, ..., -0.90128468,
         -0.96844684, -0.97124261],
        [ 0.44423377,  0.        , -0.29347274, ..., -0.61501656,
         -0.75693006, -0.97591535],
        [ 0.68759845,  0.29347274,  0.        , ..., -0.35652839,
         -0.53181727, -0.86892235],
        ...,
        [ 0.90128468,  0.61501656,  0.35652839, ...,  0.        ,
         -0.1949393 , -0.6353575 ],
        [ 0.96844684,  0.75693006,  0.53181727, ...,  0.1949393 ,
          0.        , -0.4726327 ],
        [ 0.97124261,  0.97591535,  0.86892235, ...,  0.6353575 ,
          0.4726327 ,  0.        ]]]), 'num': array([7.82852505e-01, 6.22197093e-01, 2.49852896e-06, 1.25512041e-03,
       1.26878424e-03, 1.24536053e-03, 9.37163079e-04, 3.90395151e-06,
       1.23364868e-03, 1.17430861e-03, 1.20140854e-03, 1.32559547e-06,
       1.26489711e-03, 1.08372011e-03])}
{'img': array([[[ 0.        ,  0.3188577 ,  0.67169008, ...,  0.76765343,
          0.85176024,  0.87336974],
        [-0.3188577 ,  0.        ,  0.40040953, ...,  0.52323911,
          0.64024089,  0.67247998],
        [-0.67169008, -0.40040953,  0.        , ...,  0.13823962,
          0.2790917 ,  0.31986859],
        ...,
        [-0.76765343, -0.52323911, -0.13823962, ...,  0.        ,
          0.14366549,  0.1858207 ],
        [-0.85176024, -0.64024089, -0.2790917 , ..., -0.14366549,
          0.        ,  0.04272969],
        [-0.87336974, -0.67247998, -0.31986859, ..., -0.1858207 ,
         -0.04272969,  0.        ]],

       [[ 0.        , -0.69905466, -0.52347867, ..., -0.60379789,
         -0.83210932, -0.97425931],
        [ 0.69905466,  0.        ,  0.22129871, ...,  0.12548596,
         -0.20731108, -0.53907383],
        [ 0.52347867, -0.22129871,  0.        , ..., -0.09717476,
         -0.41866204, -0.71209879],
        ...,
        [ 0.60379789, -0.12548596,  0.09717476, ...,  0.        ,
         -0.32843216, -0.64050428],
        [ 0.83210932,  0.20731108,  0.41866204, ...,  0.32843216,
          0.        , -0.35275296],
        [ 0.97425931,  0.53907383,  0.71209879, ...,  0.64050428,
          0.35275296,  0.        ]],

       [[ 0.        , -0.01210434,  0.10195218, ...,  0.50969902,
          0.69817811,  0.69817811],
        [ 0.01210434,  0.        ,  0.11398597, ...,  0.52007568,
          0.70679274,  0.70679274],
        [-0.10195218, -0.11398597,  0.        , ...,  0.41932829,
          0.62155009,  0.62155009],
        ...,
        [-0.50969902, -0.52007568, -0.41932829, ...,  0.        ,
          0.23577366,  0.23577366],
        [-0.69817811, -0.70679274, -0.62155009, ..., -0.23577366,
          0.        ,  0.        ],
        [-0.69817811, -0.70679274, -0.62155009, ..., -0.23577366,
          0.        ,  0.        ]],

       ...,

       [[ 0.        ,  0.02960644, -0.00755748, ...,  0.99685962,
          0.97088325,  0.95648435],
        [-0.02960644,  0.        , -0.03715977, ...,  0.99876713,
          0.97754996,  0.94742638],
        [ 0.00755748,  0.03715977,  0.        , ...,  0.99623268,
          0.9690451 ,  0.95866218],
        ...,
        [-0.99685962, -0.99876713, -0.99623268, ...,  0.        ,
          0.16191757, -0.3666104 ],
        [-0.97088325, -0.97754996, -0.9690451 , ..., -0.16191757,
          0.        , -0.51241671],
        [-0.95648435, -0.94742638, -0.95866218, ...,  0.3666104 ,
          0.51241671,  0.        ]],

       [[ 0.        , -0.26078452, -0.44067016, ..., -0.7735202 ,
         -0.84702944, -0.90122292],
        [ 0.26078452,  0.        , -0.19132346, ..., -0.91203194,
         -0.95633867, -0.98305042],
        [ 0.44067016,  0.19132346,  0.        , ..., -0.97364943,
         -0.99458861, -0.99996694],
        ...,
        [ 0.7735202 ,  0.91203194,  0.97364943, ...,  0.        ,
          0.1256617 ,  0.23596008],
        [ 0.84702944,  0.95633867,  0.99458861, ..., -0.1256617 ,
          0.        ,  0.1119763 ],
        [ 0.90122292,  0.98305042,  0.99996694, ..., -0.23596008,
         -0.1119763 ,  0.        ]],

       [[ 0.        , -0.28403811, -0.39159393, ..., -0.72127047,
         -0.88353018, -0.98140173],
        [ 0.28403811,  0.        , -0.11411106, ..., -0.4948235 ,
         -0.71410408, -0.8864553 ],
        [ 0.39159393,  0.11411106,  0.        , ..., -0.39242955,
         -0.6295573 , -0.82785275],
        ...,
        [ 0.72127047,  0.4948235 ,  0.39242955, ...,  0.        ,
         -0.27415579, -0.54131254],
        [ 0.88353018,  0.71410408,  0.6295573 , ...,  0.27415579,
          0.        , -0.29005624],
        [ 0.98140173,  0.8864553 ,  0.82785275, ...,  0.54131254,
          0.29005624,  0.        ]]]), 'num': array([7.53795394e-01, 6.57100446e-01, 1.50380946e-06, 1.20868685e-03,
       1.21996542e-03, 1.19176900e-03, 6.96564541e-04, 0.00000000e+00,
       1.19402471e-03, 1.13547013e-03, 1.15859120e-03, 1.35760576e-06,
       1.22872204e-03, 1.04221822e-03])}
{'img': array([[[ 0.        ,  0.40040953,  0.55729397, ...,  0.64024089,
          0.67247998,  0.67247998],
        [-0.40040953,  0.        ,  0.17820255, ...,  0.2790917 ,
          0.31986859,  0.31986859],
        [-0.55729397, -0.17820255,  0.        , ...,  0.10350293,
          0.14590859,  0.14590859],
        ...,
        [-0.64024089, -0.2790917 , -0.10350293, ...,  0.        ,
          0.04272969,  0.04272969],
        [-0.67247998, -0.31986859, -0.14590859, ..., -0.04272969,
          0.        ,  0.        ],
        [-0.67247998, -0.31986859, -0.14590859, ..., -0.04272969,
          0.        ,  0.        ]],

       [[ 0.        ,  0.22129871,  0.07827335, ..., -0.20731108,
         -0.53907383, -0.76242021],
        [-0.22129871,  0.        , -0.1442871 , ..., -0.41866204,
         -0.71209879, -0.88671528],
        [-0.07827335,  0.1442871 ,  0.        , ..., -0.28324791,
         -0.60334631, -0.81073035],
        ...,
        [ 0.20731108,  0.41866204,  0.28324791, ...,  0.        ,
         -0.35275296, -0.61170937],
        [ 0.53907383,  0.71209879,  0.60334631, ...,  0.35275296,
          0.        , -0.29332982],
        [ 0.76242021,  0.88671528,  0.81073035, ...,  0.61170937,
          0.29332982,  0.        ]],

       [[ 0.        ,  0.11398597,  0.21410181, ...,  0.70679274,
          0.70679274,  0.78790762],
        [-0.11398597,  0.        ,  0.10136358, ...,  0.62155009,
          0.62155009,  0.7125805 ],
        [-0.21410181, -0.10136358,  0.        , ...,  0.53894312,
          0.53894312,  0.63779461],
        ...,
        [-0.70679274, -0.62155009, -0.53894312, ...,  0.        ,
          0.        ,  0.1221438 ],
        [-0.70679274, -0.62155009, -0.53894312, ...,  0.        ,
          0.        ,  0.1221438 ],
        [-0.78790762, -0.7125805 , -0.63779461, ..., -0.1221438 ,
         -0.1221438 ,  0.        ]],

       ...,

       [[ 0.        , -0.0369859 ,  0.12653082, ...,  0.99788658,
          0.94222403,  0.97655914],
        [ 0.0369859 ,  0.        ,  0.16313288, ...,  0.99480048,
          0.95396902,  0.96792978],
        [-0.12653082, -0.16313288,  0.        , ...,  0.99808819,
          0.89226535,  0.99594588],
        ...,
        [-0.99788658, -0.99480048, -0.99808819, ...,  0.        ,
         -0.39550091,  0.15133779],
        [-0.94222403, -0.95396902, -0.89226535, ...,  0.39550091,
          0.        ,  0.52994412],
        [-0.97655914, -0.96792978, -0.99594588, ..., -0.15133779,
         -0.52994412,  0.        ]],

       [[ 0.        , -0.36481599, -0.4978256 , ..., -0.85214955,
         -0.90595247, -0.94157289],
        [ 0.36481599,  0.        , -0.1471187 , ..., -0.9843267 ,
         -0.99796948, -0.99955276],
        [ 0.4978256 ,  0.1471187 ,  0.        , ..., -0.99956115,
         -0.99648099, -0.98427695],
        ...,
        [ 0.85214955,  0.9843267 ,  0.99956115, ...,  0.        ,
          0.11330084,  0.20571164],
        [ 0.90595247,  0.99796948,  0.99648099, ..., -0.11330084,
          0.        ,  0.09350937],
        [ 0.94157289,  0.99955276,  0.98427695, ..., -0.20571164,
         -0.09350937,  0.        ]],

       [[ 0.        , -0.11022766, -0.16696247, ..., -0.66218387,
         -0.75441334, -0.89914278],
        [ 0.11022766,  0.        , -0.05726464, ..., -0.57555061,
         -0.67746282, -0.845422  ],
        [ 0.16696247,  0.05726464,  0.        , ..., -0.52777707,
         -0.63422972, -0.81344972],
        ...,
        [ 0.66218387,  0.57555061,  0.52777707, ...,  0.        ,
         -0.13065587, -0.38395655],
        [ 0.75441334,  0.67746282,  0.63422972, ...,  0.13065587,
          0.        , -0.26002395],
        [ 0.89914278,  0.845422  ,  0.81344972, ...,  0.38395655,
          0.26002395,  0.        ]]]), 'num': array([7.54506913e-01, 6.56280498e-01, 1.50193296e-06, 1.22783020e-03,
       1.23346245e-03, 1.19591412e-03, 2.01101314e-03, 2.06515783e-05,
       1.20717862e-03, 1.14053034e-03, 1.15864741e-03, 1.38704630e-06,
       1.24057743e-03, 1.04048326e-03])}
{'img': array([[[ 0.        ,  0.17820255,  0.99200309, ...,  0.31986859,
          0.31986859,  0.54942198],
        [-0.17820255,  0.        ,  0.95363333, ...,  0.14590859,
          0.14590859,  0.39173158],
        [-0.99200309, -0.95363333,  0.        , ..., -0.89951338,
         -0.89951338, -0.75951873],
        ...,
        [-0.31986859, -0.14590859,  0.89951338, ...,  0.        ,
          0.        ,  0.25329179],
        [-0.31986859, -0.14590859,  0.89951338, ...,  0.        ,
          0.        ,  0.25329179],
        [-0.54942198, -0.39173158,  0.75951873, ..., -0.25329179,
         -0.25329179,  0.        ]],

       [[ 0.        , -0.1442871 ,  0.27107755, ..., -0.71209879,
         -0.88671528, -0.06032807],
        [ 0.1442871 ,  0.        ,  0.4071256 , ..., -0.60334631,
         -0.81073035,  0.08432751],
        [-0.27107755, -0.4071256 ,  0.        , ..., -0.87575397,
         -0.97883792, -0.32865305],
        ...,
        [ 0.71209879,  0.60334631,  0.87575397, ...,  0.        ,
         -0.29332982,  0.66844669],
        [ 0.88671528,  0.81073035,  0.97883792, ...,  0.29332982,
          0.        ,  0.85720959],
        [ 0.06032807, -0.08432751,  0.32865305, ..., -0.66844669,
         -0.85720959,  0.        ]],

       [[ 0.        ,  0.10136358,  0.46005376, ...,  0.62155009,
          0.7125805 ,  0.92721245],
        [-0.10136358,  0.        ,  0.36768441, ...,  0.53894312,
          0.63779461,  0.8844725 ],
        [-0.46005376, -0.36768441,  0.        , ...,  0.19147442,
          0.30992458,  0.65095704],
        ...,
        [-0.62155009, -0.53894312, -0.19147442, ...,  0.        ,
          0.1221438 ,  0.49356175],
        [-0.7125805 , -0.63779461, -0.30992458, ..., -0.1221438 ,
          0.        ,  0.38363639],
        [-0.92721245, -0.8844725 , -0.65095704, ..., -0.49356175,
         -0.38363639,  0.        ]],

       ...,

       [[ 0.        ,  0.15923602,  0.25522155, ...,  0.93054574,
          0.99803762,  0.96216081],
        [-0.15923602,  0.        ,  0.09800252, ...,  0.86036412,
          0.9753323 ,  0.99327315],
        [-0.25522155, -0.09800252,  0.        , ...,  0.80627256,
          0.94900397,  0.99983989],
        ...,
        [-0.93054574, -0.86036412, -0.80627256, ...,  0.        ,
          0.30718901,  0.6058771 ],
        [-0.99803762, -0.9753323 , -0.94900397, ..., -0.30718901,
          0.        ,  0.33219529],
        [-0.96216081, -0.99327315, -0.99983989, ..., -0.6058771 ,
         -0.33219529,  0.        ]],

       [[ 0.        , -0.35748101, -0.41812555, ..., -0.91528812,
         -0.94970699, -0.97980271],
        [ 0.35748101,  0.        , -0.06576408, ..., -0.99879952,
         -0.99889233, -0.98654201],
        [ 0.41812555,  0.06576408,  0.        , ..., -0.99985876,
         -0.99363543, -0.9736534 ],
        ...,
        [ 0.91528812,  0.99879952,  0.99985876, ...,  0.        ,
          0.09592848,  0.21163725],
        [ 0.94970699,  0.99889233,  0.99363543, ..., -0.09592848,
          0.        ,  0.11690569],
        [ 0.97980271,  0.98654201,  0.9736534 , ..., -0.21163725,
         -0.11690569,  0.        ]],

       [[ 0.        , -0.0565891 , -0.03951085, ..., -0.65676758,
         -0.76526135, -0.85048563],
        [ 0.0565891 ,  0.        ,  0.01709738, ..., -0.6130417 ,
         -0.72760753, -0.819357  ],
        [ 0.03951085, -0.01709738,  0.        , ..., -0.62645988,
         -0.73922987, -0.82903888],
        ...,
        [ 0.65676758,  0.6130417 ,  0.62645988, ...,  0.        ,
         -0.15430403, -0.2958867 ],
        [ 0.76526135,  0.72760753,  0.73922987, ...,  0.15430403,
          0.        , -0.14494822],
        [ 0.85048563,  0.819357  ,  0.82903888, ...,  0.2958867 ,
          0.14494822,  0.        ]]]), 'num': array([ 7.93037164e-01,  6.09162327e-01,  2.85077266e-06,  1.27690859e-03,
        1.30660414e-03,  1.27294918e-03,  9.05100522e-04, -1.78173291e-05,
        1.27730453e-03,  1.20969766e-03,  1.22236776e-03,  1.36627406e-06,
        1.31531423e-03,  1.10408110e-03])}
{'img': array([[[ 0.        ,  0.95363333,  0.32226081, ...,  0.14590859,
          0.39173158,  0.18893854],
        [-0.95363333,  0.        , -0.80576675, ..., -0.89951338,
         -0.75951873, -0.87959236],
        [-0.32226081,  0.80576675,  0.        , ..., -0.1806875 ,
          0.07432748, -0.1375977 ],
        ...,
        [-0.14590859,  0.89951338,  0.1806875 , ...,  0.        ,
          0.25329179,  0.04363592],
        [-0.39173158,  0.75951873, -0.07432748, ..., -0.25329179,
          0.        , -0.21083758],
        [-0.18893854,  0.87959236,  0.1375977 , ..., -0.04363592,
          0.21083758,  0.        ]],

       [[ 0.        ,  0.4071256 ,  0.16948561, ..., -0.81073035,
          0.08432751, -0.63963192],
        [-0.4071256 ,  0.        , -0.24643213, ..., -0.97883792,
         -0.32865305, -0.89717186],
        [-0.16948561,  0.24643213,  0.        , ..., -0.89822147,
         -0.08577441, -0.76065858],
        ...,
        [ 0.81073035,  0.97883792,  0.89822147, ...,  0.        ,
          0.85720959,  0.24874013],
        [-0.08432751,  0.32865305,  0.08577441, ..., -0.85720959,
          0.        , -0.7021746 ],
        [ 0.63963192,  0.89717186,  0.76065858, ..., -0.24874013,
          0.7021746 ,  0.        ]],

       [[ 0.        ,  0.36768441,  0.73767307, ...,  0.63779461,
          0.8844725 ,  0.95831764],
        [-0.36768441,  0.        ,  0.43775443, ...,  0.30992458,
          0.65095704,  0.78613886],
        [-0.73767307, -0.43775443,  0.        , ..., -0.1375484 ,
          0.25296617,  0.43625909],
        ...,
        [-0.63779461, -0.30992458,  0.1375484 , ...,  0.        ,
          0.38363639,  0.55588142],
        [-0.8844725 , -0.65095704, -0.25296617, ..., -0.38363639,
          0.        ,  0.19444552],
        [-0.95831764, -0.78613886, -0.43625909, ..., -0.55588142,
         -0.19444552,  0.        ]],

       ...,

       [[ 0.        ,  0.09800252,  0.10290351, ...,  0.9753323 ,
          0.99327315,  0.89175026],
        [-0.09800252,  0.        ,  0.00492589, ...,  0.94900397,
          0.99983989,  0.84310866],
        [-0.10290351, -0.00492589,  0.        , ...,  0.9474395 ,
          0.9999159 ,  0.84044956],
        ...,
        [-0.9753323 , -0.94900397, -0.9474395 , ...,  0.        ,
          0.33219529, -0.24451856],
        [-0.99327315, -0.99983989, -0.9999159 , ..., -0.33219529,
          0.        , -0.55274388],
        [-0.89175026, -0.84310866, -0.84044956, ...,  0.24451856,
          0.55274388,  0.        ]],

       [[ 0.        , -0.22827596, -0.45563931, ..., -0.95712633,
         -0.98498666, -0.99355117],
        [ 0.22827596,  0.        , -0.24040567, ..., -0.9979797 ,
         -0.99838692, -0.9932009 ],
        [ 0.45563931,  0.24040567,  0.        , ..., -0.98398529,
         -0.95545738, -0.93608646],
        ...,
        [ 0.95712633,  0.9979797 ,  0.98398529, ...,  0.        ,
          0.12009271,  0.17927938],
        [ 0.98498666,  0.99838692,  0.95545738, ..., -0.12009271,
          0.        ,  0.05983488],
        [ 0.99355117,  0.9932009 ,  0.93608646, ..., -0.17927938,
         -0.05983488,  0.        ]],

       [[ 0.        ,  0.01709738,  0.0542456 , ..., -0.72760753,
         -0.819357  , -0.37843931],
        [-0.01709738,  0.        ,  0.03716547, ..., -0.73922987,
         -0.82903888, -0.39420977],
        [-0.0542456 , -0.03716547,  0.        , ..., -0.76374836,
         -0.84924872, -0.42809325],
        ...,
        [ 0.72760753,  0.73922987,  0.76374836, ...,  0.        ,
         -0.14494822,  0.41388557],
        [ 0.819357  ,  0.82903888,  0.84924872, ...,  0.14494822,
          0.        ,  0.54146518],
        [ 0.37843931,  0.39420977,  0.42809325, ..., -0.41388557,
         -0.54146518,  0.        ]]]), 'num': array([ 7.69073181e-01,  6.39150918e-01,  2.03959596e-06,  1.22568172e-03,
        1.23915075e-03,  1.21413684e-03,  9.34134950e-04, -1.53931771e-05,
        1.23992041e-03,  1.18229221e-03,  1.18809672e-03,  1.26554644e-06,
        1.28004551e-03,  1.08453890e-03])}
{'img': array([[[ 0.        , -0.80576675, -0.87959236, ..., -0.75951873,
         -0.87959236, -0.94728628],
        [ 0.80576675,  0.        , -0.1375977 , ...,  0.07432748,
         -0.1375977 , -0.30285593],
        [ 0.87959236,  0.1375977 ,  0.        , ...,  0.21083758,
          0.        , -0.16883961],
        ...,
        [ 0.75951873, -0.07432748, -0.21083758, ...,  0.        ,
         -0.21083758, -0.37285498],
        [ 0.87959236,  0.1375977 ,  0.        , ...,  0.21083758,
          0.        , -0.16883961],
        [ 0.94728628,  0.30285593,  0.16883961, ...,  0.37285498,
          0.16883961,  0.        ]],

       [[ 0.        , -0.24643213, -0.34215582, ..., -0.32865305,
         -0.89717186, -0.8707415 ],
        [ 0.24643213,  0.        , -0.10004547, ..., -0.08577441,
         -0.76065858, -0.72270708],
        [ 0.34215582,  0.10004547,  0.        , ...,  0.01433269,
         -0.69189752, -0.64993429],
        ...,
        [ 0.32865305,  0.08577441, -0.01433269, ...,  0.        ,
         -0.7021746 , -0.66076024],
        [ 0.89717186,  0.76065858,  0.69189752, ...,  0.7021746 ,
          0.        ,  0.0565857 ],
        [ 0.8707415 ,  0.72270708,  0.64993429, ...,  0.66076024,
         -0.0565857 ,  0.        ]],

       [[ 0.        ,  0.43775443,  0.91255445, ...,  0.65095704,
          0.78613886,  0.7312731 ],
        [-0.43775443,  0.        ,  0.64145079, ...,  0.25296617,
          0.43625909,  0.35889804],
        [-0.91255445, -0.64145079,  0.        , ..., -0.4265211 ,
         -0.24250861, -0.32338155],
        ...,
        [-0.65095704, -0.25296617,  0.4265211 , ...,  0.        ,
          0.19444552,  0.11111217],
        [-0.78613886, -0.43625909,  0.24250861, ..., -0.19444552,
          0.        , -0.08425008],
        [-0.7312731 , -0.35889804,  0.32338155, ..., -0.11111217,
          0.08425008,  0.        ]],

       ...,

       [[ 0.        ,  0.00492589,  0.04031384, ...,  0.99983989,
          0.84310866,  0.73458201],
        [-0.00492589,  0.        ,  0.03539146, ...,  0.9999159 ,
          0.84044956,  0.73123079],
        [-0.04031384, -0.03539146,  0.        , ...,  0.99974847,
          0.82074477,  0.70663111],
        ...,
        [-0.99983989, -0.9999159 , -0.99974847, ...,  0.        ,
         -0.55274388, -0.69155601],
        [-0.84310866, -0.84044956, -0.82074477, ...,  0.55274388,
          0.        , -0.17704949],
        [-0.73458201, -0.73123079, -0.70663111, ...,  0.69155601,
          0.17704949,  0.        ]],

       [[ 0.        , -0.40242756, -0.47656585, ..., -0.98686263,
         -0.99483318, -0.99617996],
        [ 0.40242756,  0.        , -0.08248341, ..., -0.96844205,
         -0.95157757, -0.94709636],
        [ 0.47656585,  0.08248341,  0.        , ..., -0.94458396,
         -0.92297889, -0.91739607],
        ...,
        [ 0.98686263,  0.96844205,  0.94458396, ...,  0.        ,
          0.06053747,  0.07476767],
        [ 0.99483318,  0.95157757,  0.92297889, ..., -0.06053747,
          0.        ,  0.01426251],
        [ 0.99617996,  0.94709636,  0.91739607, ..., -0.07476767,
         -0.01426251,  0.        ]],

       [[ 0.        ,  0.03716547,  0.0146256 , ..., -0.82903888,
         -0.39420977, -0.01230986],
        [-0.03716547,  0.        , -0.022546  , ..., -0.84924872,
         -0.42809325, -0.04946401],
        [-0.0146256 ,  0.022546  ,  0.        , ..., -0.83712871,
         -0.40760883, -0.02693303],
        ...,
        [ 0.82903888,  0.84924872,  0.83712871, ...,  0.        ,
          0.54146518,  0.82209251],
        [ 0.39420977,  0.42809325,  0.40760883, ..., -0.54146518,
          0.        ,  0.38286689],
        [ 0.01230986,  0.04946401,  0.02693303, ..., -0.82209251,
         -0.38286689,  0.        ]]]), 'num': array([ 8.94446035e-01,  4.47157546e-01,  7.07734950e-06,  1.41996346e-03,
        1.44692479e-03,  1.40872957e-03,  7.26630350e-04, -1.12338881e-05,
        1.44288059e-03,  1.38704816e-03,  1.38581244e-03,  1.40235113e-06,
        1.49437055e-03,  1.27972578e-03])}
{'img': array([[[ 0.        , -0.28104198, -0.79488115, ..., -0.28104198,
         -0.52210277, -0.63613364],
        [ 0.28104198,  0.        , -0.59231736, ...,  0.        ,
         -0.26136385, -0.39364852],
        [ 0.79488115,  0.59231736,  0.        , ...,  0.59231736,
          0.36114652,  0.22732979],
        ...,
        [ 0.28104198,  0.        , -0.59231736, ...,  0.        ,
         -0.26136385, -0.39364852],
        [ 0.52210277,  0.26136385, -0.36114652, ...,  0.26136385,
          0.        , -0.13970383],
        [ 0.63613364,  0.39364852, -0.22732979, ...,  0.39364852,
          0.13970383,  0.        ]],

       [[ 0.        , -0.09837591, -0.10791735, ..., -0.73817847,
         -0.70256649, -0.97075937],
