state_0,state_1,state_2,state_3,state_4,state_5,state_6,state_7,state_8,state_9,state_10,state_11,state_12,state_13,state_14,state_15,state_16,state_17,state_18,state_19,state_20,state_21,state_22,state_23,state_24,state_25,state_26,state_27,state_28,state_29,state_30,state_31,state_32,state_33,state_34,state_35,state_36,state_37,state_38,state_39,state_40,state_41,state_42,state_43,state_44,state_45,state_46,state_47,state_48,state_49,state_50,state_51,state_52,state_53,state_54,state_55,state_56,state_57,state_58,state_59,state_60,state_61,state_62,state_63,state_64,state_65,state_66,state_67,state_68,state_69,state_70,state_71,state_72,state_73,state_74,state_75,state_76,state_77,state_78,state_79,state_80,state_81,state_82,state_83,state_84,state_85,state_86,state_87,state_88,state_89,state_90,state_91,state_92,state_93,state_94,state_95,state_96,state_97,state_98,state_99,state_100,state_101,state_102,state_103,state_104,state_105,state_106,state_107,state_108,state_109,state_110,state_111,state_112,state_113,state_114,state_115,state_116,state_117,state_118,state_119,state_120,state_121,state_122,state_123,state_124,state_125,state_126,state_127,state_128,state_129,state_130,state_131,state_132,state_133,state_134,state_135,state_136,state_137,state_138,state_139,state_140,state_141,state_142,state_143,state_144,state_145,state_146,state_147,state_148,state_149,state_150,state_151,state_152,state_153,state_154,state_155,state_156,state_157,state_158,state_159,state_160,state_161,state_162,state_163,state_164,state_165,state_166,state_167,state_168,state_169,state_170,state_171,state_172,state_173,state_174,state_175,state_176,state_177,state_178,state_179,state_180,state_181,state_182,state_183,state_184,state_185,state_186,state_187,state_188,state_189,state_190,state_191,state_192,state_193,state_194,state_195,state_196,state_197,state_198,state_199,state_200,state_201,state_202,state_203,state_204,state_205,state_206,state_207,state_208,state_209,state_210,state_211,state_212,state_213,state_214,state_215,state_216,state_217,state_218,state_219,state_220,state_221,state_222,state_223,state_224,state_225,state_226,state_227,state_228,state_229,state_230,state_231,state_232,state_233,state_234,state_235,state_236,state_237,state_238,state_239,state_240,state_241,state_242,state_243,state_244,state_245,state_246,state_247,state_248,state_249,state_250,state_251,state_252,state_253,state_254,state_255,state_256,state_257,state_258,state_259,state_260,state_261,state_262,state_263,state_264,state_265,state_266,state_267,state_268,state_269,state_270,state_271,state_272,state_273,state_274,state_275,state_276,state_277,state_278,state_279,state_280,state_281,state_282,state_283,state_284,state_285,state_286,state_287
{'img': array([[[ 0.        ,  0.24532961,  0.63518465, ..., -0.40754034,
         -0.3465962 , -0.53892307],
        [-0.24532961,  0.        ,  0.42629038, ..., -0.61911765,
         -0.56612684, -0.72910805],
        [-0.63518465, -0.42629038,  0.        , ..., -0.89481048,
         -0.86350952, -0.95129375],
        ...,
        [ 0.40754034,  0.61911765,  0.89481048, ...,  0.        ,
          0.0657715 , -0.14884402],
        [ 0.3465962 ,  0.56612684,  0.86350952, ..., -0.0657715 ,
          0.        , -0.21356058],
        [ 0.53892307,  0.72910805,  0.95129375, ...,  0.14884402,
          0.21356058,  0.        ]],

       [[ 0.        , -0.02871422,  0.46171511, ...,  0.35335365,
          0.21849528,  0.0225065 ],
        [ 0.02871422,  0.        ,  0.48699506, ...,  0.38006981,
          0.24642562,  0.05120417],
        [-0.46171511, -0.48699506,  0.        , ..., -0.11849511,
         -0.25674766, -0.44163426],
        ...,
        [-0.35335365, -0.38006981,  0.11849511, ...,  0.        ,
         -0.14041581, -0.33220955],
        [-0.21849528, -0.24642562,  0.25674766, ...,  0.14041581,
          0.        , -0.19647724],
        [-0.0225065 , -0.05120417,  0.44163426, ...,  0.33220955,
          0.19647724,  0.        ]],

       [[ 0.        , -0.14179451, -0.06423711, ..., -0.97404347,
         -0.97404347, -0.97404347],
        [ 0.14179451,  0.        ,  0.07791359, ..., -0.9962986 ,
         -0.9962986 , -0.9962986 ],
        [ 0.06423711, -0.07791359,  0.        , ..., -0.98657252,
         -0.98657252, -0.98657252],
        ...,
        [ 0.97404347,  0.9962986 ,  0.98657252, ...,  0.        ,
          0.        ,  0.        ],
        [ 0.97404347,  0.9962986 ,  0.98657252, ...,  0.        ,
          0.        ,  0.        ],
        [ 0.97404347,  0.9962986 ,  0.98657252, ...,  0.        ,
          0.        ,  0.        ]],

       ...,

       [[ 0.        ,  0.24637047,  0.5905985 , ..., -0.97743418,
         -0.6218892 , -0.46243824],
        [-0.24637047,  0.        ,  0.37358125, ..., -0.99934883,
         -0.79565393, -0.66662866],
        [-0.5905985 , -0.37358125,  0.        , ..., -0.91351386,
         -0.96434395, -0.89682678],
        ...,
        [ 0.97743418,  0.99934883,  0.91351386, ...,  0.        ,
          0.63406584,  0.76895794],
        [ 0.6218892 ,  0.79565393,  0.96434395, ..., -0.63406584,
          0.        ,  0.18926119],
        [ 0.46243824,  0.66662866,  0.89682678, ..., -0.76895794,
         -0.18926119,  0.        ]],

       [[ 0.        , -0.16506411, -0.14056549, ...,  0.98830795,
          0.8732841 ,  0.58338501],
        [ 0.16506411,  0.        ,  0.02478793, ...,  0.94958369,
          0.94172623,  0.709447  ],
        [ 0.14056549, -0.02478793,  0.        , ...,  0.95706327,
          0.9330987 ,  0.6917595 ],
        ...,
        [-0.98830795, -0.94958369, -0.95706327, ...,  0.        ,
         -0.61466528, -0.89164878],
        [-0.8732841 , -0.94172623, -0.9330987 , ...,  0.61466528,
          0.        , -0.42504585],
        [-0.58338501, -0.709447  , -0.6917595 , ...,  0.89164878,
          0.42504585,  0.        ]],

       [[ 0.        , -0.01258527, -0.01834009, ..., -0.99302853,
         -0.96217237, -0.82103141],
        [ 0.01258527,  0.        , -0.00575548, ..., -0.99443337,
         -0.96552491, -0.8281511 ],
        [ 0.01834009,  0.00575548,  0.        , ..., -0.99502334,
         -0.96700714, -0.83136336],
        ...,
        [ 0.99302853,  0.99443337,  0.99502334, ...,  0.        ,
         -0.1571268 , -0.47012469],
        [ 0.96217237,  0.96552491,  0.96700714, ...,  0.1571268 ,
          0.        , -0.32560489],
        [ 0.82103141,  0.8281511 ,  0.83136336, ...,  0.47012469,
          0.32560489,  0.        ]]]), 'num': array([7.07105353e-01, 7.07105353e-01, 0.00000000e+00, 2.29912618e-04,
       2.30739642e-04, 2.21228868e-04, 1.89057642e-03, 1.24053571e-06,
       2.29995320e-04, 2.47900386e-04, 2.61670332e-04, 2.93709389e-07,
       2.91443405e-04, 2.04357366e-04])}
{'img': array([[[ 0.        ,  0.42629038,  0.51907333, ..., -0.56612684,
         -0.72910805, -0.69542105],
        [-0.42629038,  0.        ,  0.10518361, ..., -0.86350952,
         -0.95129375, -0.93540174],
        [-0.51907333, -0.10518361,  0.        , ..., -0.91176699,
         -0.97844338, -0.96740443],
        ...,
        [ 0.56612684,  0.86350952,  0.91176699, ...,  0.        ,
         -0.21356058, -0.16642803],
        [ 0.72910805,  0.95129375,  0.97844338, ...,  0.21356058,
          0.        ,  0.04799368],
        [ 0.69542105,  0.93540174,  0.96740443, ...,  0.16642803,
         -0.04799368,  0.        ]],

       [[ 0.        ,  0.48699506, -0.05669726, ...,  0.24642562,
          0.05120417,  0.07773929],
        [-0.48699506,  0.        , -0.53573134, ..., -0.25674766,
         -0.44163426, -0.41762341],
        [ 0.05669726,  0.53573134,  0.        , ...,  0.30097804,
          0.10774469,  0.13413992],
        ...,
        [-0.24642562,  0.25674766, -0.30097804, ...,  0.        ,
         -0.19647724, -0.17033792],
        [-0.05120417,  0.44163426, -0.10774469, ...,  0.19647724,
          0.        ,  0.0265881 ],
        [-0.07773929,  0.41762341, -0.13413992, ...,  0.17033792,
         -0.0265881 ,  0.        ]],

       [[ 0.        ,  0.07791359,  0.24419385, ..., -0.9962986 ,
         -0.9962986 , -0.9657174 ],
        [-0.07791359,  0.        ,  0.16789666, ..., -0.98657252,
         -0.98657252, -0.98300776],
        [-0.24419385, -0.16789666,  0.        , ..., -0.94514622,
         -0.94514622, -0.99987336],
        ...,
        [ 0.9962986 ,  0.98657252,  0.94514622, ...,  0.        ,
          0.        ,  0.34164774],
        [ 0.9962986 ,  0.98657252,  0.94514622, ...,  0.        ,
          0.        ,  0.34164774],
        [ 0.9657174 ,  0.98300776,  0.99987336, ..., -0.34164774,
         -0.34164774,  0.        ]],

       ...,

       [[ 0.        ,  0.37358125,  0.43553486, ..., -0.79565393,
         -0.66662866, -0.47426245],
        [-0.37358125,  0.        ,  0.0677137 , ..., -0.96434395,
         -0.89682678, -0.76881942],
        [-0.43553486, -0.0677137 ,  0.        , ..., -0.98005116,
         -0.92472369, -0.81035542],
        ...,
        [ 0.79565393,  0.96434395,  0.98005116, ...,  0.        ,
          0.18926119,  0.41319543],
        [ 0.66662866,  0.89682678,  0.92472369, ..., -0.18926119,
          0.        ,  0.23337841],
        [ 0.47426245,  0.76881942,  0.81035542, ..., -0.41319543,
         -0.23337841,  0.        ]],

       [[ 0.        ,  0.02478793,  0.1666753 , ...,  0.94172623,
          0.709447  ,  0.54166293],
        [-0.02478793,  0.        ,  0.14218289, ...,  0.9330987 ,
          0.6917595 ,  0.52065987],
        [-0.1666753 , -0.14218289,  0.        , ...,  0.87248693,
          0.58205726,  0.39397951],
        ...,
        [-0.94172623, -0.9330987 , -0.87248693, ...,  0.        ,
         -0.42504585, -0.60940636],
        [-0.709447  , -0.6917595 , -0.58205726, ...,  0.42504585,
          0.        , -0.21461644],
        [-0.54166293, -0.52065987, -0.39397951, ...,  0.60940636,
          0.21461644,  0.        ]],

       [[ 0.        , -0.00564058, -0.03753947, ..., -0.99189389,
         -0.96710387, -0.81874404],
        [ 0.00564058,  0.        , -0.03190226, ..., -0.99259485,
         -0.96852335, -0.8219696 ],
        [ 0.03753947,  0.03190226,  0.        , ..., -0.99596485,
         -0.97597156, -0.83972055],
        ...,
        [ 0.99189389,  0.99259485,  0.99596485, ...,  0.        ,
         -0.12943089, -0.46546755],
        [ 0.96710387,  0.96852335,  0.97597156, ...,  0.12943089,
          0.        , -0.3469975 ],
        [ 0.81874404,  0.8219696 ,  0.83972055, ...,  0.46546755,
          0.3469975 ,  0.        ]]]), 'num': array([ 7.07106019e-01,  7.07106019e-01,  0.00000000e+00,  2.21229076e-04,
        2.28258785e-04,  2.21229076e-04,  1.30350653e-03, -8.68375813e-06,
        2.29499322e-04,  2.45729679e-04,  2.61043418e-04,  2.89649163e-07,
        2.90039118e-04,  2.01420241e-04])}
{'img': array([[[ 0.00000000e+00,  1.05183610e-01, -9.30572762e-02, ...,
         -9.51293751e-01, -9.35401744e-01, -9.64622137e-01],
        [-1.05183610e-01,  0.00000000e+00, -1.97268263e-01, ...,
         -9.78443376e-01, -9.67404430e-01, -9.31540979e-01],
        [ 9.30572762e-02,  1.97268263e-01,  0.00000000e+00, ...,
         -9.18477610e-01, -8.98438990e-01, -9.84969690e-01],
        ...,
        [ 9.51293751e-01,  9.78443376e-01,  9.18477610e-01, ...,
          0.00000000e+00,  4.79936759e-02, -5.48175034e-01],
        [ 9.35401744e-01,  9.67404430e-01,  8.98438990e-01, ...,
         -4.79936759e-02,  0.00000000e+00, -5.87683504e-01],
        [ 9.64622137e-01,  9.31540979e-01,  9.84969690e-01, ...,
          5.48175034e-01,  5.87683504e-01,  0.00000000e+00]],

       [[ 0.00000000e+00, -5.35731345e-01, -5.18199122e-01, ...,
         -4.41634260e-01, -4.17623414e-01, -5.18037134e-01],
        [ 5.35731345e-01,  0.00000000e+00,  2.06282150e-02, ...,
          1.07744690e-01,  1.34139922e-01,  2.08175651e-02],
        [ 5.18199122e-01, -2.06282150e-02,  0.00000000e+00, ...,
          8.72136336e-02,  1.13669593e-01,  1.89390779e-04],
        ...,
        [ 4.41634260e-01, -1.07744690e-01, -8.72136336e-02, ...,
          0.00000000e+00,  2.65881026e-02, -8.70249629e-02],
        [ 4.17623414e-01, -1.34139922e-01, -1.13669593e-01, ...,
         -2.65881026e-02,  0.00000000e+00, -1.13481428e-01],
        [ 5.18037134e-01, -2.08175651e-02, -1.89390779e-04, ...,
          8.70249629e-02,  1.13481428e-01,  0.00000000e+00]],

       [[ 0.00000000e+00,  1.67896657e-01,  2.46152868e-01, ...,
         -9.86572523e-01, -9.83007761e-01, -9.91537140e-01],
        [-1.67896657e-01,  0.00000000e+00,  7.99279825e-02, ...,
         -9.45146215e-01, -9.99873356e-01, -9.99258780e-01],
        [-2.46152868e-01, -7.99279825e-02,  0.00000000e+00, ...,
         -9.16014072e-01, -9.97946417e-01, -9.92984939e-01],
        ...,
        [ 9.86572523e-01,  9.45146215e-01,  9.16014072e-01, ...,
          0.00000000e+00,  3.41647742e-01,  2.90021740e-01],
        [ 9.83007761e-01,  9.99873356e-01,  9.97946417e-01, ...,
         -3.41647742e-01,  0.00000000e+00, -5.43931661e-02],
        [ 9.91537140e-01,  9.99258780e-01,  9.92984939e-01, ...,
         -2.90021740e-01,  5.43931661e-02,  0.00000000e+00]],

       ...,

       [[ 0.00000000e+00,  6.77136968e-02, -8.77093999e-02, ...,
         -8.96826776e-01, -7.68819417e-01, -7.81930636e-01],
        [-6.77136968e-02,  0.00000000e+00, -1.54960824e-01, ...,
         -9.24723687e-01, -8.10355421e-01, -8.22346322e-01],
        [ 8.77093999e-02,  1.54960824e-01,  0.00000000e+00, ...,
         -8.54569450e-01, -7.09769292e-01, -7.24242147e-01],
        ...,
        [ 8.96826776e-01,  9.24723687e-01,  8.54569450e-01, ...,
          0.00000000e+00,  2.33378405e-01,  2.13138875e-01],
        [ 7.68819417e-01,  8.10355421e-01,  7.09769292e-01, ...,
         -2.33378405e-01,  0.00000000e+00, -2.07625595e-02],
        [ 7.81930636e-01,  8.22346322e-01,  7.24242147e-01, ...,
         -2.13138875e-01,  2.07625595e-02,  0.00000000e+00]],

       [[ 0.00000000e+00,  1.42182894e-01,  1.54475868e-01, ...,
          6.91759496e-01,  5.20659869e-01,  4.18761678e-01],
        [-1.42182894e-01,  0.00000000e+00,  1.24302456e-02, ...,
          5.82057255e-01,  3.93979511e-01,  2.85391487e-01],
        [-1.54475868e-01, -1.24302456e-02,  0.00000000e+00, ...,
          5.71904660e-01,  3.82524195e-01,  2.73456153e-01],
        ...,
        [-6.91759496e-01, -5.82057255e-01, -5.71904660e-01, ...,
          0.00000000e+00, -2.14616438e-01, -3.25784632e-01],
        [-5.20659869e-01, -3.93979511e-01, -3.82524195e-01, ...,
          2.14616438e-01,  0.00000000e+00, -1.15285507e-01],
        [-4.18761678e-01, -2.85391487e-01, -2.73456153e-01, ...,
          3.25784632e-01,  1.15285507e-01,  0.00000000e+00]],

       [[ 0.00000000e+00, -3.08643085e-02, -3.20514226e-02, ...,
         -9.98260510e-01, -9.83997712e-01, -8.06459603e-01],
        [ 3.08643085e-02,  0.00000000e+00, -1.18770174e-03, ...,
         -9.99604596e-01, -9.89028356e-01, -8.24325125e-01],
        [ 3.20514226e-02,  1.18770174e-03,  0.00000000e+00, ...,
         -9.99637288e-01, -9.89203113e-01, -8.24996921e-01],
        ...,
        [ 9.98260510e-01,  9.99604596e-01,  9.99637288e-01, ...,
          0.00000000e+00, -1.19857377e-01, -5.42714032e-01],
        [ 9.83997712e-01,  9.89028356e-01,  9.89203113e-01, ...,
          1.19857377e-01,  0.00000000e+00, -4.38131358e-01],
        [ 8.06459603e-01,  8.24325125e-01,  8.24996921e-01, ...,
          5.42714032e-01,  4.38131358e-01,  0.00000000e+00]]]), 'num': array([7.07100871e-01, 7.07100871e-01, 0.00000000e+00, 2.21640975e-04,
       2.33632744e-04, 2.11716752e-04, 4.03308007e-03, 4.13509281e-07,
       2.27264701e-04, 2.44218582e-04, 2.60090446e-04, 2.63687078e-07,
       2.89636435e-04, 1.98800728e-04])}
{'img': array([[[ 0.00000000e+00, -1.97268263e-01, -2.15302096e-01, ...,
         -9.67404430e-01, -9.31540979e-01, -9.71993577e-01],
        [ 1.97268263e-01,  0.00000000e+00, -1.84294835e-02, ...,
         -8.98438990e-01, -9.84969690e-01, -9.99252967e-01],
        [ 2.15302096e-01,  1.84294835e-02,  0.00000000e+00, ...,
         -8.90194046e-01, -9.87985679e-01, -9.99795481e-01],
        ...,
        [ 9.67404430e-01,  8.98438990e-01,  8.90194046e-01, ...,
          0.00000000e+00, -5.87683504e-01, -4.73491363e-01],
        [ 9.31540979e-01,  9.84969690e-01,  9.87985679e-01, ...,
          5.87683504e-01,  0.00000000e+00,  1.34533169e-01],
        [ 9.71993577e-01,  9.99252967e-01,  9.99795481e-01, ...,
          4.73491363e-01, -1.34533169e-01,  0.00000000e+00]],

       [[ 0.00000000e+00,  2.06282150e-02, -1.21995298e-01, ...,
          1.34139922e-01,  2.08175651e-02,  4.12916509e-01],
        [-2.06282150e-02,  0.00000000e+00, -1.42443475e-01, ...,
          1.13669593e-01,  1.89390779e-04,  3.94041110e-01],
        [ 1.21995298e-01,  1.42443475e-01,  0.00000000e+00, ...,
          2.54030741e-01,  1.42630932e-01,  5.20941823e-01],
        ...,
        [-1.34139922e-01, -1.13669593e-01, -2.54030741e-01, ...,
          0.00000000e+00, -1.13481428e-01,  2.87014269e-01],
        [-2.08175651e-02, -1.89390779e-04, -1.42630932e-01, ...,
          1.13481428e-01,  0.00000000e+00,  3.93867036e-01],
        [-4.12916509e-01, -3.94041110e-01, -5.20941823e-01, ...,
         -2.87014269e-01, -3.93867036e-01,  0.00000000e+00]],

       [[ 0.00000000e+00,  7.89411183e-02,  2.77497542e-01, ...,
         -9.95973359e-01, -9.98862069e-01, -9.41135993e-01],
        [-7.89411183e-02,  0.00000000e+00,  2.00790738e-01, ...,
         -9.99942253e-01, -9.99509794e-01, -9.11514650e-01],
        [-2.77497542e-01, -2.00790738e-01,  0.00000000e+00, ...,
         -9.81735417e-01, -9.72867637e-01, -8.10372158e-01],
        ...,
        [ 9.95973359e-01,  9.99942253e-01,  9.81735417e-01, ...,
          0.00000000e+00, -4.20472967e-02, -4.21039607e-01],
        [ 9.98862069e-01,  9.99509794e-01,  9.72867637e-01, ...,
          4.20472967e-02,  0.00000000e+00, -3.82528573e-01],
        [ 9.41135993e-01,  9.11514650e-01,  8.10372158e-01, ...,
          4.21039607e-01,  3.82528573e-01,  0.00000000e+00]],

       ...,

       [[ 0.00000000e+00, -1.54960824e-01, -2.45582975e-01, ...,
         -8.10355421e-01, -8.22346322e-01, -8.93206160e-01],
        [ 1.54960824e-01,  0.00000000e+00, -9.24012465e-02, ...,
         -7.09769292e-01, -7.24242147e-01, -8.12739052e-01],
        [ 2.45582975e-01,  9.24012465e-02,  0.00000000e+00, ...,
         -6.41642196e-01, -6.57428849e-01, -7.55426494e-01],
        ...,
        [ 8.10355421e-01,  7.09769292e-01,  6.41642196e-01, ...,
          0.00000000e+00, -2.07625595e-02, -1.58989821e-01],
        [ 8.22346322e-01,  7.24242147e-01,  6.57428849e-01, ...,
          2.07625595e-02,  0.00000000e+00, -1.38457084e-01],
        [ 8.93206160e-01,  8.12739052e-01,  7.55426494e-01, ...,
          1.58989821e-01,  1.38457084e-01,  0.00000000e+00]],

       [[ 0.00000000e+00,  1.24302456e-02,  4.28041111e-02, ...,
          3.93979511e-01,  2.85391487e-01,  2.54052403e-01],
        [-1.24302456e-02,  0.00000000e+00,  3.03819510e-02, ...,
          3.82524195e-01,  2.73456153e-01,  2.42010360e-01],
        [-4.28041111e-02, -3.03819510e-02,  0.00000000e+00, ...,
          3.54276341e-01,  2.44105989e-01,  2.12419832e-01],
        ...,
        [-3.93979511e-01, -3.82524195e-01, -3.54276341e-01, ...,
          0.00000000e+00, -1.15285507e-01, -1.47548775e-01],
        [-2.85391487e-01, -2.73456153e-01, -2.44105989e-01, ...,
          1.15285507e-01,  0.00000000e+00, -3.25412971e-02],
        [-2.54052403e-01, -2.42010360e-01, -2.12419832e-01, ...,
          1.47548775e-01,  3.25412971e-02,  0.00000000e+00]],

       [[ 0.00000000e+00, -1.15493341e-03, -1.22506668e-03, ...,
         -9.99948584e-01, -9.78782610e-01, -8.11162466e-01],
        [ 1.15493341e-03,  0.00000000e+00, -7.01333160e-05, ...,
         -9.99959628e-01, -9.79018605e-01, -8.11837355e-01],
        [ 1.22506668e-03,  7.01333160e-05,  0.00000000e+00, ...,
         -9.99960256e-01, -9.79032894e-01, -8.11878302e-01],
        ...,
        [ 9.99948584e-01,  9.99959628e-01,  9.99960256e-01, ...,
          0.00000000e+00, -1.94965545e-01, -5.76565194e-01],
        [ 9.78782610e-01,  9.79018605e-01,  9.79032894e-01, ...,
          1.94965545e-01,  0.00000000e+00, -4.06204139e-01],
        [ 8.11162466e-01,  8.11837355e-01,  8.11878302e-01, ...,
          5.76565194e-01,  4.06204139e-01,  0.00000000e+00]]]), 'num': array([ 7.07105873e-01,  7.07105873e-01,  0.00000000e+00,  2.17507421e-04,
        2.26604689e-04,  2.15853372e-04,  1.45974771e-03, -4.13512207e-06,
        2.23792806e-04,  2.39485594e-04,  2.58996479e-04,  2.81358821e-07,
        2.74004602e-04,  2.04966587e-04])}
{'img': array([[[ 0.00000000e+00, -1.78139103e-02, -1.40691657e-01, ...,
         -9.81543136e-01, -9.77118603e-01, -9.78711638e-01],
        [ 1.78139103e-02,  0.00000000e+00, -1.23032608e-01, ...,
         -9.77980637e-01, -9.73174621e-01, -9.82212466e-01],
        [ 1.40691657e-01,  1.23032608e-01,  0.00000000e+00, ...,
         -9.44874184e-01, -9.37475220e-01, -9.97852426e-01],
        ...,
        [ 9.81543136e-01,  9.77980637e-01,  9.44874184e-01, ...,
          0.00000000e+00,  2.19044662e-02, -3.88621755e-01],
        [ 9.77118603e-01,  9.73174621e-01,  9.37475220e-01, ...,
         -2.19044662e-02,  0.00000000e+00, -4.08711230e-01],
        [ 9.78711638e-01,  9.82212466e-01,  9.97852426e-01, ...,
          3.88621755e-01,  4.08711230e-01,  0.00000000e+00]],

       [[ 0.00000000e+00, -1.42443475e-01, -2.19733796e-01, ...,
          1.89390779e-04,  3.94041110e-01,  3.34602857e-02],
        [ 1.42443475e-01,  0.00000000e+00, -7.85310183e-02, ...,
          1.42630932e-01,  5.20941823e-01,  1.75482803e-01],
        [ 2.19733796e-01,  7.85310183e-02,  0.00000000e+00, ...,
          2.19918554e-01,  5.86366447e-01,  2.52253267e-01],
        ...,
        [-1.89390779e-04, -1.42630932e-01, -2.19918554e-01, ...,
          0.00000000e+00,  3.93867036e-01,  3.32710004e-02],
        [-3.94041110e-01, -5.20941823e-01, -5.86366447e-01, ...,
         -3.93867036e-01,  0.00000000e+00, -3.63067358e-01],
        [-3.34602857e-02, -1.75482803e-01, -2.52253267e-01, ...,
         -3.32710004e-02,  3.63067358e-01,  0.00000000e+00]],

       [[ 0.00000000e+00,  1.93402286e-01,  2.67399794e-01, ...,
         -9.87970110e-01, -9.99856410e-01, -8.95952969e-01],
        [-1.93402286e-01,  0.00000000e+00,  7.59914919e-02, ...,
         -9.99225469e-01, -9.84256014e-01, -7.93137547e-01],
        [-2.67399794e-01, -7.59914919e-02,  0.00000000e+00, ...,
         -9.93345873e-01, -9.67978608e-01, -7.44562111e-01],
        ...,
        [ 9.87970110e-01,  9.99225469e-01,  9.93345873e-01, ...,
          0.00000000e+00, -1.37880831e-01, -5.77360479e-01],
        [ 9.99856410e-01,  9.84256014e-01,  9.67978608e-01, ...,
          1.37880831e-01,  0.00000000e+00, -4.59267776e-01],
        [ 8.95952969e-01,  7.93137547e-01,  7.44562111e-01, ...,
          5.77360479e-01,  4.59267776e-01,  0.00000000e+00]],

       ...,

       [[ 0.00000000e+00, -9.24012465e-02, -6.03046396e-02, ...,
         -7.24242147e-01, -8.12739052e-01, -7.53289592e-01],
        [ 9.24012465e-02,  0.00000000e+00,  3.21864304e-02, ...,
         -6.57428849e-01, -7.55426494e-01, -6.89295627e-01],
        [ 6.03046396e-02, -3.21864304e-02,  0.00000000e+00, ...,
         -6.81341234e-01, -7.76124719e-01, -7.12256922e-01],
        ...,
        [ 7.24242147e-01,  6.57428849e-01,  6.81341234e-01, ...,
          0.00000000e+00, -1.38457084e-01, -4.31015431e-02],
        [ 8.12739052e-01,  7.55426494e-01,  7.76124719e-01, ...,
          1.38457084e-01,  0.00000000e+00,  9.56420075e-02],
        [ 7.53289592e-01,  6.89295627e-01,  7.12256922e-01, ...,
          4.31015431e-02, -9.56420075e-02,  0.00000000e+00]],

       [[ 0.00000000e+00,  2.79990377e-02,  3.56211299e-02, ...,
          2.54717840e-01,  2.25110061e-01, -9.98409278e-01],
        [-2.79990377e-02,  0.00000000e+00,  7.62589610e-03, ...,
          2.27542476e-01,  1.97741410e-01, -9.99596490e-01],
        [-3.56211299e-02, -7.62589610e-03,  0.00000000e+00, ...,
          2.20110005e-01,  1.90260344e-01, -9.99784039e-01],
        ...,
        [-2.54717840e-01, -2.27542476e-01, -2.20110005e-01, ...,
          0.00000000e+00, -3.04951841e-02, -9.79838631e-01],
        [-2.25110061e-01, -1.97741410e-01, -1.90260344e-01, ...,
          3.04951841e-02,  0.00000000e+00, -9.85475570e-01],
        [ 9.98409278e-01,  9.99596490e-01,  9.99784039e-01, ...,
          9.79838631e-01,  9.85475570e-01,  0.00000000e+00]],

       [[ 0.00000000e+00, -7.01333160e-05,  4.19021685e-03, ...,
         -9.79018605e-01, -8.11837355e-01, -9.99687733e-01],
        [ 7.01333160e-05,  0.00000000e+00,  4.26034954e-03, ...,
         -9.79032894e-01, -8.11878302e-01, -9.99685978e-01],
        [-4.19021685e-03, -4.26034954e-03,  0.00000000e+00, ...,
         -9.78156166e-01, -8.09383628e-01, -9.99783665e-01],
        ...,
        [ 9.79018605e-01,  9.79032894e-01,  9.78156166e-01, ...,
          0.00000000e+00, -4.06204139e-01,  2.28171666e-01],
        [ 8.11837355e-01,  8.11878302e-01,  8.09383628e-01, ...,
          4.06204139e-01,  0.00000000e+00,  6.03988090e-01],
        [ 9.99687733e-01,  9.99685978e-01,  9.99783665e-01, ...,
         -2.28171666e-01, -6.03988090e-01,  0.00000000e+00]]]), 'num': array([ 7.07105751e-01,  7.07105751e-01,  0.00000000e+00,  2.11718213e-04,
        2.18334407e-04,  2.10477677e-04,  1.57937652e-03, -5.78916989e-06,
        2.20401968e-04,  2.35701917e-04,  2.57948870e-04,  2.48514682e-07,
        2.64503267e-04,  2.06900567e-04])}
{'img': array([[[ 0.        , -0.1168796 , -0.07551115, ..., -0.92004521,
         -0.96940181, -0.97209974],
        [ 0.1168796 ,  0.        ,  0.0415523 , ..., -0.86794445,
         -0.93406609, -0.99285326],
        [ 0.07551115, -0.0415523 ,  0.        , ..., -0.88783225,
         -0.9480977 , -0.98703684],
        ...,
        [ 0.92004521,  0.86794445,  0.88783225, ...,  0.        ,
         -0.15397134, -0.59669363],
        [ 0.96940181,  0.93406609,  0.9480977 , ...,  0.15397134,
          0.        , -0.46602099],
        [ 0.97209974,  0.99285326,  0.98703684, ...,  0.59669363,
          0.46602099,  0.        ]],

       [[ 0.        , -0.07853102, -0.03146471, ...,  0.52094182,
          0.1754828 ,  0.198849  ],
        [ 0.07853102,  0.        ,  0.0471246 , ...,  0.58636645,
          0.25225327,  0.27519765],
        [ 0.03146471, -0.0471246 ,  0.        , ...,  0.54754192,
          0.20637237,  0.22958691],
        ...,
        [-0.52094182, -0.58636645, -0.54754192, ...,  0.        ,
         -0.36306736, -0.34080273],
        [-0.1754828 , -0.25225327, -0.20637237, ...,  0.36306736,
          0.        ,  0.02378493],
        [-0.198849  , -0.27519765, -0.22958691, ...,  0.34080273,
         -0.02378493,  0.        ]],

       [[ 0.        ,  0.07358681,  0.00324935, ..., -0.99976458,
         -0.97549876, -0.77719811],
        [-0.07358681,  0.        , -0.07034588, ..., -0.9954574 ,
         -0.95666454, -0.72878604],
        [-0.00324935,  0.07034588,  0.        , ..., -0.9996888 ,
         -0.97477874, -0.77514933],
        ...,
        [ 0.99976458,  0.9954574 ,  0.9996888 , ...,  0.        ,
         -0.19878737, -0.61224469],
        [ 0.97549876,  0.95666454,  0.97477874, ...,  0.19878737,
          0.        , -0.44285103],
        [ 0.77719811,  0.72878604,  0.77514933, ...,  0.61224469,
          0.44285103,  0.        ]],

       ...,

       [[ 0.        ,  0.03218643, -0.13993565, ..., -0.75542649,
         -0.68929563, -0.80995964],
        [-0.03218643,  0.        , -0.17173289, ..., -0.77612472,
         -0.71225692, -0.82841686],
        [ 0.13993565,  0.17173289,  0.        , ..., -0.65630304,
         -0.58113276, -0.71991987],
        ...,
        [ 0.75542649,  0.77612472,  0.65630304, ...,  0.        ,
          0.09564201, -0.08766583],
        [ 0.68929563,  0.71225692,  0.58113276, ..., -0.09564201,
          0.        , -0.18253773],
        [ 0.80995964,  0.82841686,  0.71991987, ...,  0.08766583,
          0.18253773,  0.        ]],

       [[ 0.        ,  0.00579978,  0.02300566, ...,  0.15364373,
         -0.67372113, -0.97045235],
        [-0.00579978,  0.        ,  0.01720703, ...,  0.14791023,
         -0.67799575, -0.96903658],
        [-0.02300566, -0.01720703,  0.        , ...,  0.13087057,
         -0.69054367, -0.9646444 ],
        ...,
        [-0.15364373, -0.14791023, -0.13087057, ...,  0.        ,
         -0.77926209, -0.92185637],
        [ 0.67372113,  0.67799575,  0.69054367, ...,  0.77926209,
          0.        , -0.87971448],
        [ 0.97045235,  0.96903658,  0.9646444 , ...,  0.92185637,
          0.87971448,  0.        ]],

       [[ 0.        ,  0.00426035,  0.0206969 , ..., -0.8118783 ,
         -0.99968598, -0.99229768],
        [-0.00426035,  0.        ,  0.01643728, ..., -0.80938363,
         -0.99978367, -0.99281643],
        [-0.0206969 , -0.01643728,  0.        , ..., -0.79962099,
         -0.99999048, -0.99464898],
        ...,
        [ 0.8118783 ,  0.80938363,  0.79962099, ...,  0.        ,
          0.60398809,  0.67990232],
        [ 0.99968598,  0.99978367,  0.99999048, ..., -0.60398809,
          0.        ,  0.09897153],
        [ 0.99229768,  0.99281643,  0.99464898, ..., -0.67990232,
         -0.09897153,  0.        ]]]), 'num': array([7.07106284e-01, 7.07106284e-01, 0.00000000e+00, 2.11718373e-04,
       2.14199448e-04, 2.06756223e-04, 9.97350671e-04, 0.00000000e+00,
       2.16763225e-04, 2.32890210e-04, 2.56915283e-04, 2.57390401e-07,
       2.59439641e-04, 2.06340779e-04])}
{'img': array([[[ 0.        ,  0.0415523 , -0.03309295, ..., -0.93406609,
         -0.99285326, -0.99285326],
        [-0.0415523 ,  0.        , -0.07459391, ..., -0.9480977 ,
         -0.98703684, -0.98703684],
        [ 0.03309295,  0.07459391,  0.        , ..., -0.92173698,
         -0.99625881, -0.99625881],
        ...,
        [ 0.93406609,  0.9480977 ,  0.92173698, ...,  0.        ,
         -0.46602099, -0.46602099],
        [ 0.99285326,  0.98703684,  0.99625881, ...,  0.46602099,
          0.        ,  0.        ],
        [ 0.99285326,  0.98703684,  0.99625881, ...,  0.46602099,
          0.        ,  0.        ]],

       [[ 0.        ,  0.0471246 ,  0.03877496, ...,  0.25225327,
          0.27519765,  0.14555535],
        [-0.0471246 ,  0.        , -0.00835728, ...,  0.20637237,
          0.22958691,  0.09877091],
        [-0.03877496,  0.00835728,  0.        , ...,  0.21454254,
          0.23771293,  0.10708388],
        ...,
        [-0.25225327, -0.20637237, -0.21454254, ...,  0.        ,
          0.02378493, -0.10871853],
        [-0.27519765, -0.22958691, -0.23771293, ..., -0.02378493,
          0.        , -0.13233171],
        [-0.14555535, -0.09877091, -0.10708388, ...,  0.10871853,
          0.13233171,  0.        ]],

       [[ 0.        , -0.06810772, -0.18991885, ..., -0.99174512,
         -0.95093063, -0.71285228],
        [ 0.06810772,  0.        , -0.12260971, ..., -0.99817537,
         -0.96979535, -0.75896193],
        [ 0.18991885,  0.12260971,  0.        , ..., -0.99804747,
         -0.99238518, -0.83307101],
        ...,
        [ 0.99174512,  0.99817537,  0.99804747, ...,  0.        ,
         -0.18491715, -0.60411959],
        [ 0.95093063,  0.96979535,  0.99238518, ...,  0.18491715,
          0.        , -0.44634171],
        [ 0.71285228,  0.75896193,  0.83307101, ...,  0.60411959,
          0.44634171,  0.        ]],

       ...,

       [[ 0.        , -0.17173289, -0.20864707, ..., -0.71225692,
         -0.82841686, -0.7981459 ],
        [ 0.17173289,  0.        , -0.0375941 , ..., -0.58113276,
         -0.71991987, -0.68282537],
        [ 0.20864707,  0.0375941 ,  0.        , ..., -0.55012755,
         -0.6933185 , -0.65487712],
        ...,
        [ 0.71225692,  0.58113276,  0.55012755, ...,  0.        ,
         -0.18253773, -0.13112435],
        [ 0.82841686,  0.71991987,  0.6933185 , ...,  0.18253773,
          0.        ,  0.05204037],
        [ 0.7981459 ,  0.68282537,  0.65487712, ...,  0.13112435,
         -0.05204037,  0.        ]],

       [[ 0.        ,  0.01556145,  0.01341415, ..., -0.60130691,
         -0.93254494, -0.94069015],
        [-0.01556145,  0.        , -0.00214752, ..., -0.61366798,
         -0.93805054, -0.93529676],
        [-0.01341415,  0.00214752,  0.        , ..., -0.61197096,
         -0.93730427, -0.93605453],
        ...,
        [ 0.60130691,  0.61366798,  0.61197096, ...,  0.        ,
         -0.52801611, -0.95563205],
        [ 0.93254494,  0.93805054,  0.93730427, ...,  0.52801611,
          0.        , -0.65602152],
        [ 0.94069015,  0.93529676,  0.93605453, ...,  0.95563205,
          0.65602152,  0.        ]],

       [[ 0.        ,  0.01643728,  0.05268455, ..., -0.99978367,
         -0.99281643, -0.99573405],
        [-0.01643728,  0.        ,  0.03626299, ..., -0.99999048,
         -0.99464898, -0.99711619],
        [-0.05268455, -0.03626299,  0.        , ..., -0.99949099,
         -0.99774119, -0.99921237],
        ...,
        [ 0.99978367,  0.99999048,  0.99949099, ...,  0.        ,
          0.09897153,  0.07153889],
        [ 0.99281643,  0.99464898,  0.99774119, ..., -0.09897153,
          0.        , -0.02753029],
        [ 0.99573405,  0.99711619,  0.99921237, ..., -0.07153889,
          0.02753029,  0.        ]]]), 'num': array([ 7.07105584e-01,  7.07105584e-01,  0.00000000e+00,  2.02620898e-04,
        2.11718163e-04,  2.00139826e-04,  1.72905923e-03, -9.09726482e-06,
        2.13041402e-04,  2.30243502e-04,  2.55826114e-04,  1.57731396e-07,
        2.57764398e-04,  2.02722606e-04])}
{'img': array([[[ 0.        , -0.06923136,  0.        , ..., -0.93859011,
         -0.93859011, -0.97314602],
        [ 0.06923136,  0.        ,  0.06923136, ..., -0.9124509 ,
         -0.9124509 , -0.98674736],
        [ 0.        , -0.06923136,  0.        , ..., -0.93859011,
         -0.93859011, -0.97314602],
        ...,
        [ 0.93859011,  0.9124509 ,  0.93859011, ...,  0.        ,
          0.        , -0.55182148],
        [ 0.93859011,  0.9124509 ,  0.93859011, ...,  0.        ,
          0.        , -0.55182148],
        [ 0.97314602,  0.98674736,  0.97314602, ...,  0.55182148,
          0.55182148,  0.        ]],

       [[ 0.        , -0.00835728, -0.03944644, ...,  0.22958691,
          0.09877091,  0.25683053],
        [ 0.00835728,  0.        , -0.03109428, ...,  0.23771293,
          0.10708388,  0.26489851],
        [ 0.03944644,  0.03109428,  0.        , ...,  0.26780097,
          0.13794759,  0.2947539 ],
        ...,
        [-0.22958691, -0.23771293, -0.26780097, ...,  0.        ,
         -0.13233171,  0.02808437],
        [-0.09877091, -0.10708388, -0.13794759, ...,  0.13233171,
          0.        ,  0.16011689],
        [-0.25683053, -0.26489851, -0.2947539 , ..., -0.02808437,
         -0.16011689,  0.        ]],

       [[ 0.        , -0.11871092, -0.14863475, ..., -0.99628229,
         -0.96185619, -0.74332159],
        [ 0.11871092,  0.        , -0.03019143, ..., -0.99946423,
         -0.98752881, -0.81747526],
        [ 0.14863475,  0.03019143,  0.        , ..., -0.99802044,
         -0.99183192, -0.83449177],
        ...,
        [ 0.99628229,  0.99946423,  0.99802044, ...,  0.        ,
         -0.18967596, -0.60241116],
        [ 0.96185619,  0.98752881,  0.99183192, ...,  0.18967596,
          0.        , -0.44007875],
        [ 0.74332159,  0.81747526,  0.83449177, ...,  0.60241116,
          0.44007875,  0.        ]],

       ...,

       [[ 0.        , -0.03654912, -0.30331261, ..., -0.6941278 ,
         -0.65866725, -0.99210233],
        [ 0.03654912,  0.        , -0.26828262, ..., -0.66735407,
         -0.63072635, -0.99602386],
        [ 0.30331261,  0.26828262,  0.        , ..., -0.44308808,
         -0.39941533, -0.98341032],
        ...,
        [ 0.6941278 ,  0.66735407,  0.44308808, ...,  0.        ,
          0.04814281, -0.80123185],
        [ 0.65866725,  0.63072635,  0.39941533, ..., -0.04814281,
          0.        , -0.82910923],
        [ 0.99210233,  0.99602386,  0.98341032, ...,  0.80123185,
          0.82910923,  0.        ]],

       [[ 0.        , -0.00208589,  0.00125143, ..., -0.91079914,
         -0.99996203, -0.92537553],
        [ 0.00208589,  0.        ,  0.00333732, ..., -0.90993599,
         -0.99994168, -0.92616417],
        [-0.00125143, -0.00333732,  0.        , ..., -0.91131508,
         -0.99997215, -0.92490044],
        ...,
        [ 0.91079914,  0.90993599,  0.91131508, ...,  0.        ,
         -0.40489701, -0.72728097],
        [ 0.99996203,  0.99994168,  0.99997215, ...,  0.40489701,
          0.        , -0.38710135],
        [ 0.92537553,  0.92616417,  0.92490044, ...,  0.72728097,
          0.38710135,  0.        ]],

       [[ 0.        ,  0.03626299,  0.08697232, ..., -0.99464898,
         -0.99711619, -0.99151719],
        [-0.03626299,  0.        ,  0.05078954, ..., -0.99774119,
         -0.99921237, -0.98615174],
        [-0.08697232, -0.05078954,  0.        , ..., -0.99986528,
         -0.99993818, -0.97645578],
        ...,
        [ 0.99464898,  0.99774119,  0.99986528, ...,  0.        ,
         -0.02753029, -0.23171598],
        [ 0.99711619,  0.99921237,  0.99993818, ...,  0.02753029,
          0.        , -0.20484714],
        [ 0.99151719,  0.98615174,  0.97645578, ...,  0.23171598,
          0.20484714,  0.        ]]]), 'num': array([7.07099616e-01, 7.07099616e-01, 0.00000000e+00, 2.24121633e-04,
       2.28256718e-04, 1.98484103e-04, 4.45598464e-03, 2.15024444e-05,
       2.13535814e-04, 2.29042384e-04, 2.55058964e-04, 3.60806477e-07,
       2.55411004e-04, 2.02673764e-04])}
{'img': array([[[ 0.        ,  0.06923136,  0.23402239, ..., -0.9124509 ,
         -0.98674736, -0.72837932],
        [-0.06923136,  0.        ,  0.166152  , ..., -0.93859011,
         -0.97314602, -0.7740672 ],
        [-0.23402239, -0.166152  ,  0.        , ..., -0.98287198,
         -0.92137313, -0.86849919],
        ...,
        [ 0.9124509 ,  0.93859011,  0.98287198, ...,  0.        ,
         -0.55182148,  0.32714497],
        [ 0.98674736,  0.97314602,  0.92137313, ...,  0.55182148,
          0.        ,  0.7942836 ],
        [ 0.72837932,  0.7740672 ,  0.86849919, ..., -0.32714497,
         -0.7942836 ,  0.        ]],

       [[ 0.        , -0.03109428,  0.01275753, ...,  0.10708388,
          0.26489851,  0.59294295],
        [ 0.03109428,  0.        ,  0.04384311, ...,  0.13794759,
          0.2947539 ,  0.61769474],
        [-0.01275753, -0.04384311,  0.        , ...,  0.09439099,
          0.25257517,  0.58262177],
        ...,
        [-0.10708388, -0.13794759, -0.09439099, ...,  0.        ,
          0.16011689,  0.50330482],
        [-0.26489851, -0.2947539 , -0.25257517, ..., -0.16011689,
          0.        ,  0.35845278],
        [-0.59294295, -0.61769474, -0.58262177, ..., -0.50330482,
         -0.35845278,  0.        ]],

       [[ 0.        , -0.03019143,  0.00277659, ..., -0.98752881,
         -0.81747526, -0.90103881],
        [ 0.03019143,  0.        ,  0.03296664, ..., -0.99183192,
         -0.83449177, -0.91372324],
        [-0.00277659, -0.03296664,  0.        , ..., -0.98708786,
         -0.81587289, -0.89983102],
        ...,
        [ 0.98752881,  0.99183192,  0.98708786, ...,  0.        ,
         -0.44007875, -0.28647112],
        [ 0.81747526,  0.83449177,  0.81587289, ...,  0.44007875,
          0.        ,  0.16439518],
        [ 0.90103881,  0.91372324,  0.89983102, ...,  0.28647112,
         -0.16439518,  0.        ]],

       ...,

       [[ 0.        , -0.26828262,  0.0357354 , ..., -0.63072635,
         -0.99602386, -0.1897581 ],
        [ 0.26828262,  0.        ,  0.30253661, ..., -0.39941533,
         -0.98341032,  0.08060654],
        [-0.0357354 , -0.30253661,  0.        , ..., -0.65805435,
         -0.99220414, -0.22472302],
        ...,
