state_0,state_1,state_2,state_3,state_4,state_5,state_6,state_7,state_8,state_9,state_10,state_11,state_12,state_13,state_14,state_15,state_16,state_17,state_18,state_19,state_20,state_21,state_22,state_23,state_24,state_25,state_26,state_27,state_28,state_29,state_30,state_31,state_32,state_33,state_34,state_35,state_36,state_37,state_38,state_39,state_40,state_41,state_42,state_43,state_44,state_45,state_46,state_47,state_48,state_49,state_50,state_51,state_52,state_53,state_54,state_55,state_56,state_57,state_58,state_59,state_60,state_61,state_62,state_63,state_64,state_65,state_66,state_67,state_68,state_69,state_70,state_71,state_72,state_73,state_74,state_75,state_76,state_77,state_78,state_79,state_80,state_81,state_82,state_83,state_84,state_85,state_86,state_87,state_88,state_89,state_90,state_91,state_92,state_93,state_94,state_95,state_96,state_97,state_98,state_99,state_100,state_101,state_102,state_103,state_104,state_105,state_106,state_107,state_108,state_109,state_110,state_111,state_112,state_113,state_114,state_115,state_116,state_117,state_118,state_119,state_120,state_121,state_122,state_123,state_124,state_125,state_126,state_127,state_128,state_129,state_130,state_131,state_132,state_133,state_134,state_135,state_136,state_137,state_138,state_139,state_140,state_141,state_142,state_143,state_144,state_145,state_146,state_147,state_148,state_149,state_150,state_151,state_152,state_153,state_154,state_155,state_156,state_157,state_158,state_159,state_160,state_161,state_162,state_163,state_164,state_165,state_166,state_167,state_168,state_169,state_170,state_171,state_172,state_173,state_174,state_175,state_176,state_177,state_178,state_179,state_180,state_181,state_182,state_183,state_184,state_185,state_186,state_187,state_188,state_189,state_190,state_191,state_192,state_193,state_194,state_195,state_196,state_197,state_198,state_199,state_200,state_201,state_202,state_203,state_204,state_205,state_206,state_207,state_208,state_209,state_210,state_211,state_212,state_213,state_214,state_215,state_216,state_217,state_218,state_219,state_220,state_221,state_222,state_223,state_224,state_225,state_226,state_227,state_228,state_229,state_230,state_231,state_232,state_233,state_234,state_235,state_236,state_237,state_238,state_239,state_240,state_241,state_242,state_243,state_244,state_245,state_246,state_247,state_248,state_249,state_250,state_251,state_252,state_253,state_254,state_255,state_256,state_257,state_258,state_259,state_260,state_261,state_262,state_263,state_264,state_265,state_266,state_267,state_268,state_269,state_270,state_271,state_272,state_273,state_274,state_275,state_276,state_277,state_278,state_279,state_280,state_281,state_282,state_283,state_284,state_285,state_286,state_287
{'img': array([[[ 0.        , -0.06219216, -0.13471061, ..., -0.90098358,
         -0.8805799 , -0.91701882],
        [ 0.06219216,  0.        , -0.07282455, ..., -0.87225718,
         -0.84940254, -0.94004862],
        [ 0.13471061,  0.07282455,  0.        , ..., -0.83432648,
         -0.80871435, -0.96238869],
        ...,
        [ 0.90098358,  0.87225718,  0.83432648, ...,  0.        ,
          0.04493167, -0.75720337],
        [ 0.8805799 ,  0.84940254,  0.80871435, ..., -0.04493167,
          0.        , -0.78578707],
        [ 0.91701882,  0.94004862,  0.96238869, ...,  0.75720337,
          0.78578707,  0.        ]],

       [[ 0.        , -0.52076692, -0.83639888, ..., -0.99709533,
         -0.99978951, -0.99726186],
        [ 0.52076692,  0.        , -0.42858938, ..., -0.81155567,
         -0.86420355, -0.81284999],
        [ 0.83639888,  0.42858938,  0.        , ..., -0.48282595,
         -0.5651659 , -0.48476768],
        ...,
        [ 0.99709533,  0.81155567,  0.48282595, ...,  0.        ,
         -0.09660458, -0.00221867],
        [ 0.99978951,  0.86420355,  0.5651659 , ...,  0.09660458,
          0.        ,  0.09439605],
        [ 0.99726186,  0.81284999,  0.48476768, ...,  0.00221867,
         -0.09439605,  0.        ]],

       [[ 0.        ,  0.2680383 ,  0.22867262, ..., -0.34544458,
         -0.55376149, -0.86561148],
        [-0.2680383 ,  0.        , -0.0406311 , ..., -0.58434179,
         -0.75668727, -0.96814838],
        [-0.22867262,  0.0406311 ,  0.        , ..., -0.5508868 ,
         -0.72949873, -0.9571758 ],
        ...,
        [ 0.34544458,  0.58434179,  0.5508868 , ...,  0.        ,
         -0.23202828, -0.63935399],
        [ 0.55376149,  0.75668727,  0.72949873, ...,  0.23202828,
          0.        , -0.44349595],
        [ 0.86561148,  0.96814838,  0.9571758 , ...,  0.63935399,
          0.44349595,  0.        ]],

       ...,

       [[ 0.        , -0.07011826, -0.1999301 , ..., -0.86934781,
         -0.786656  , -0.88342846],
        [ 0.07011826,  0.        , -0.13073542, ..., -0.83255557,
         -0.74142937, -0.84839903],
        [ 0.1999301 ,  0.13073542,  0.        , ..., -0.75299021,
         -0.64733839, -0.77191173],
        ...,
        [ 0.86934781,  0.83255557,  0.75299021, ...,  0.        ,
          0.147962  , -0.02924414],
        [ 0.786656  ,  0.74142937,  0.64733839, ..., -0.147962  ,
          0.        , -0.17682097],
        [ 0.88342846,  0.84839903,  0.77191173, ...,  0.02924414,
          0.17682097,  0.        ]],

       [[ 0.        ,  0.75307519,  0.9231847 , ...,  0.79999826,
          0.57454369,  0.51913769],
        [-0.75307519,  0.        ,  0.31794558, ...,  0.07449956,
         -0.2383603 , -0.30208773],
        [-0.9231847 , -0.31794558,  0.        , ..., -0.24642832,
         -0.53477291, -0.58950329],
        ...,
        [-0.79999826, -0.07449956,  0.24642832, ...,  0.        ,
         -0.31005016, -0.37226719],
        [-0.57454369,  0.2383603 ,  0.53477291, ...,  0.31005016,
          0.        , -0.06615645],
        [-0.51913769,  0.30208773,  0.58950329, ...,  0.37226719,
          0.06615645,  0.        ]],

       [[ 0.        , -0.14821265, -0.36043772, ...,  0.92191943,
          0.91551335,  0.86985636],
        [ 0.14821265,  0.        , -0.21820659, ...,  0.96915217,
          0.96502609,  0.9333633 ],
        [ 0.36043772,  0.21820659,  0.        , ...,  0.999578  ,
          0.99897517,  0.98919323],
        ...,
        [-0.92191943, -0.96915217, -0.999578  , ...,  0.        ,
         -0.01622367, -0.11782115],
        [-0.91551335, -0.96502609, -0.99897517, ...,  0.01622367,
          0.        , -0.10169497],
        [-0.86985636, -0.9333633 , -0.98919323, ...,  0.11782115,
          0.10169497,  0.        ]]]), 'num': array([ 7.04720209e-01,  7.04720209e-01,  0.00000000e+00,  1.04374777e-03,
        1.12564768e-03,  1.03231987e-03,  8.20250516e-02, -5.52348272e-05,
        1.13479000e-03,  1.20678574e-03,  1.27601974e-03,  7.22232755e-06,
        1.34113792e-03,  1.07243356e-03])}
{'img': array([[[ 0.        , -0.06497514, -0.16903017, ..., -0.74942619,
         -0.94718378, -0.90011926],
        [ 0.06497514,  0.        , -0.10463279, ..., -0.70482331,
         -0.92434531, -0.92652321],
        [ 0.16903017,  0.10463279,  0.        , ..., -0.62672977,
         -0.87934814, -0.96080424],
        ...,
        [ 0.74942619,  0.70482331,  0.62672977, ...,  0.        ,
         -0.3867845 , -0.92244077],
        [ 0.94718378,  0.92434531,  0.87934814, ...,  0.3867845 ,
          0.        , -0.70129489],
        [ 0.90011926,  0.92652321,  0.96080424, ...,  0.92244077,
          0.70129489,  0.        ]],

       [[ 0.        , -0.42858938, -0.57087978, ..., -0.86420355,
         -0.81284999, -0.81625424],
        [ 0.42858938,  0.        , -0.16390322, ..., -0.5651659 ,
         -0.48476768, -0.48989219],
        [ 0.57087978,  0.16390322,  0.        , ..., -0.42230641,
         -0.33485509, -0.34037905],
        ...,
        [ 0.86420355,  0.5651659 ,  0.42230641, ...,  0.        ,
          0.09439605,  0.08855212],
        [ 0.81284999,  0.48476768,  0.33485509, ..., -0.09439605,
          0.        , -0.00586851],
        [ 0.81625424,  0.48989219,  0.34037905, ..., -0.08855212,
          0.00586851,  0.        ]],

       [[ 0.        , -0.03639491,  0.00305163, ..., -0.66268598,
         -0.85368465, -0.95444127],
        [ 0.03639491,  0.        ,  0.03944434, ..., -0.63499089,
         -0.83416496, -0.96466914],
        [-0.00305163, -0.03944434,  0.        , ..., -0.66496825,
         -0.85526993, -0.95352622],
        ...,
        [ 0.66268598,  0.63499089,  0.66496825, ...,  0.        ,
         -0.29420178, -0.91252329],
        [ 0.85368465,  0.83416496,  0.85526993, ...,  0.29420178,
          0.        , -0.75180224],
        [ 0.95444127,  0.96466914,  0.95352622, ...,  0.91252329,
          0.75180224,  0.        ]],

       ...,

       [[ 0.        , -0.13073542,  0.02799501, ..., -0.74142937,
         -0.84839903, -0.89879857],
        [ 0.13073542,  0.        ,  0.15843892, ..., -0.64733839,
         -0.77191173, -0.83377502],
        [-0.02799501, -0.15843892,  0.        , ..., -0.7599243 ,
         -0.86288587, -0.91071824],
        ...,
        [ 0.74142937,  0.64733839,  0.7599243 , ...,  0.        ,
         -0.17682097, -0.27810726],
        [ 0.84839903,  0.77191173,  0.86288587, ...,  0.17682097,
          0.        , -0.10387974],
        [ 0.89879857,  0.83377502,  0.91071824, ...,  0.27810726,
          0.10387974,  0.        ]],

       [[ 0.        ,  0.3293837 ,  0.53874806, ..., -0.25529444,
         -0.3261196 , -0.1402854 ],
        [-0.3293837 ,  0.        ,  0.23118897, ..., -0.55951706,
         -0.61929668, -0.45858339],
        [-0.53874806, -0.23118897,  0.        , ..., -0.73597287,
         -0.78403888, -0.65160624],
        ...,
        [ 0.25529444,  0.55951706,  0.73597287, ...,  0.        ,
         -0.07397598,  0.11713305],
        [ 0.3261196 ,  0.61929668,  0.78403888, ...,  0.07397598,
          0.        ,  0.19027885],
        [ 0.1402854 ,  0.45858339,  0.65160624, ..., -0.11713305,
         -0.19027885,  0.        ]],

       [[ 0.        , -0.21820659, -0.10436072, ...,  0.96502609,
          0.9333633 ,  0.85552802],
        [ 0.21820659,  0.        ,  0.11516918, ...,  0.99897517,
          0.98919323,  0.9478899 ],
        [ 0.10436072, -0.11516918,  0.        , ...,  0.98711514,
          0.96572519,  0.90488986],
        ...,
        [-0.96502609, -0.99897517, -0.98711514, ...,  0.        ,
         -0.10169497, -0.27536855],
        [-0.9333633 , -0.98919323, -0.96572519, ...,  0.10169497,
          0.        , -0.17617762],
        [-0.85552802, -0.9478899 , -0.90488986, ...,  0.27536855,
          0.17617762,  0.        ]]]), 'num': array([8.55161170e-01, 5.14904886e-01, 6.10873041e-05, 1.27915896e-03,
       1.28604851e-03, 1.23093214e-03, 5.96414181e-02, 2.06686367e-05,
       1.33151951e-03, 1.44198189e-03, 1.53334492e-03, 9.66120184e-06,
       1.61596561e-03, 1.26799816e-03])}
{'img': array([[[ 0.        , -0.10463279, -0.35781686, ..., -0.92434531,
         -0.92652321, -0.999215  ],
        [ 0.10463279,  0.        , -0.25814754, ..., -0.87934814,
         -0.96080424, -0.98958517],
        [ 0.35781686,  0.25814754,  0.        , ..., -0.72661854,
         -0.99980392, -0.91888371],
        ...,
        [ 0.92434531,  0.87934814,  0.72661854, ...,  0.        ,
         -0.70129489, -0.34463918],
        [ 0.92652321,  0.96080424,  0.99980392, ...,  0.70129489,
          0.        ,  0.41264685],
        [ 0.999215  ,  0.98958517,  0.91888371, ...,  0.34463918,
         -0.41264685,  0.        ]],

       [[ 0.        , -0.16390322, -0.21121404, ..., -0.48476768,
         -0.48989219, -0.60009844],
        [ 0.16390322,  0.        , -0.04815213, ..., -0.33485509,
         -0.34037905, -0.46087249],
        [ 0.21121404,  0.04815213,  0.        , ..., -0.28909438,
         -0.29470733, -0.41760449],
        ...,
        [ 0.48476768,  0.33485509,  0.28909438, ...,  0.        ,
         -0.00586851, -0.13709352],
        [ 0.48989219,  0.34037905,  0.29470733, ...,  0.00586851,
          0.        , -0.13127806],
        [ 0.60009844,  0.46087249,  0.41760449, ...,  0.13709352,
          0.13127806,  0.        ]],

       [[ 0.        ,  0.03628804, -0.01934366, ..., -0.75462605,
         -0.95218499, -0.94032169],
        [-0.03628804,  0.        , -0.05561217, ..., -0.77793962,
         -0.96264465, -0.92735402],
        [ 0.01934366,  0.05561217,  0.        , ..., -0.74179242,
         -0.94609691, -0.94672814],
        ...,
        [ 0.75462605,  0.77793962,  0.74179242, ...,  0.        ,
         -0.39422611, -0.87378618],
        [ 0.95218499,  0.96264465,  0.94609691, ...,  0.39422611,
          0.        , -0.61130506],
        [ 0.94032169,  0.92735402,  0.94672814, ...,  0.87378618,
          0.61130506,  0.        ]],

       ...,

       [[ 0.        ,  0.15843892, -0.15091067, ..., -0.77191173,
         -0.83377502, -0.7511735 ],
        [-0.15843892,  0.        , -0.30562887, ..., -0.86288587,
         -0.91071824, -0.84627156],
        [ 0.15091067,  0.30562887,  0.        , ..., -0.66713293,
         -0.74090769, -0.64295375],
        ...,
        [ 0.77191173,  0.86288587,  0.66713293, ...,  0.        ,
         -0.10387974,  0.03199933],
        [ 0.83377502,  0.91071824,  0.74090769, ...,  0.10387974,
          0.        ,  0.13565275],
        [ 0.7511735 ,  0.84627156,  0.64295375, ..., -0.03199933,
         -0.13565275,  0.        ]],

       [[ 0.        ,  0.23118897,  0.32775585, ..., -0.61929668,
         -0.45858339, -0.47773152],
        [-0.23118897,  0.        ,  0.10045792, ..., -0.78403888,
         -0.65160624, -0.6678901 ],
        [-0.32775585, -0.10045792,  0.        , ..., -0.84242807,
         -0.72451306, -0.73927825],
        ...,
        [ 0.61929668,  0.78403888,  0.84242807, ...,  0.        ,
          0.19027885,  0.16896149],
        [ 0.45858339,  0.65160624,  0.72451306, ..., -0.19027885,
          0.        , -0.02166857],
        [ 0.47773152,  0.6678901 ,  0.73927825, ..., -0.16896149,
          0.02166857,  0.        ]],

       [[ 0.        ,  0.11516918,  0.31633927, ...,  0.98919323,
          0.9478899 ,  0.90084059],
        [-0.11516918,  0.        ,  0.20497951, ...,  0.96572519,
          0.90488986,  0.8448456 ],
        [-0.31633927, -0.20497951,  0.        , ...,  0.89201339,
          0.798427  ,  0.71724024],
        ...,
        [-0.98919323, -0.96572519, -0.89201339, ...,  0.        ,
         -0.17617762, -0.29737907],
        [-0.9478899 , -0.90488986, -0.798427  , ...,  0.17617762,
          0.        , -0.12452033],
        [-0.90084059, -0.8448456 , -0.71724024, ...,  0.29737907,
          0.12452033,  0.        ]]]), 'num': array([9.83560836e-01, 1.66951123e-01, 1.43516645e-04, 1.47669026e-03,
       1.49485692e-03, 1.44554741e-03, 6.86715470e-02, 3.11428525e-05,
       1.48499502e-03, 1.61540571e-03, 1.72769300e-03, 1.20332821e-05,
       1.81326753e-03, 1.41754390e-03])}
{'img': array([[[ 0.        , -0.25814754, -0.12152041, ..., -0.96080424,
         -0.98958517, -0.93025794],
        [ 0.25814754,  0.        ,  0.13883285, ..., -0.99980392,
         -0.91888371, -0.80401139],
        [ 0.12152041, -0.13883285,  0.        , ..., -0.98737248,
         -0.9647586 , -0.87877715],
        ...,
        [ 0.96080424,  0.99980392,  0.98737248, ...,  0.        ,
          0.41264685,  0.61041832],
        [ 0.98958517,  0.91888371,  0.9647586 , ..., -0.41264685,
          0.        ,  0.22917562],
        [ 0.93025794,  0.80401139,  0.87877715, ..., -0.61041832,
         -0.22917562,  0.        ]],

       [[ 0.        , -0.04815213, -0.03025251, ..., -0.34037905,
         -0.46087249, -0.45499486],
        [ 0.04815213,  0.        ,  0.01791267, ..., -0.29470733,
         -0.41760449, -0.41158789],
        [ 0.03025251, -0.01791267,  0.        , ..., -0.31177717,
         -0.43381345, -0.42784692],
        ...,
        [ 0.34037905,  0.29470733,  0.31177717, ...,  0.        ,
         -0.13127806, -0.12472083],
        [ 0.46087249,  0.41760449,  0.43381345, ...,  0.13127806,
          0.        ,  0.00661158],
        [ 0.45499486,  0.41158789,  0.42784692, ...,  0.12472083,
         -0.00661158,  0.        ]],

       [[ 0.        , -0.05367637, -0.13960671, ..., -0.93225514,
         -0.99974821, -0.91487963],
        [ 0.05367637,  0.        , -0.08625473, ..., -0.91149099,
         -0.99710252, -0.93523132],
        [ 0.13960671,  0.08625473,  0.        , ..., -0.87261567,
         -0.98682508, -0.9622832 ],
        ...,
        [ 0.93225514,  0.91149099,  0.87261567, ...,  0.        ,
         -0.34079158, -0.70738116],
        [ 0.99974821,  0.99710252,  0.98682508, ...,  0.34079158,
          0.        , -0.42415403],
        [ 0.91487963,  0.93523132,  0.9622832 , ...,  0.70738116,
          0.42415403,  0.        ]],

       ...,

       [[ 0.        , -0.30562887, -0.00797374, ..., -0.91071824,
         -0.84627156, -0.7628305 ],
        [ 0.30562887,  0.        ,  0.29802695, ..., -0.74090769,
         -0.64295375, -0.52871044],
        [ 0.00797374, -0.29802695,  0.        , ..., -0.90739591,
         -0.84199663, -0.75765044],
        ...,
        [ 0.91071824,  0.74090769,  0.90739591, ...,  0.        ,
          0.13565275,  0.27379856],
        [ 0.84627156,  0.64295375,  0.84199663, ..., -0.13565275,
          0.        ,  0.14079863],
        [ 0.7628305 ,  0.52871044,  0.75765044, ..., -0.27379856,
         -0.14079863,  0.        ]],

       [[ 0.        ,  0.10045792,  0.23637286, ..., -0.65160624,
         -0.6678901 , -0.84971304],
        [-0.10045792,  0.        ,  0.13756594, ..., -0.72451306,
         -0.73927825, -0.89838058],
        [-0.23637286, -0.13756594,  0.        , ..., -0.81244368,
         -0.82488656, -0.95026075],
        ...,
        [ 0.65160624,  0.72451306,  0.81244368, ...,  0.        ,
         -0.02166857, -0.30099969],
        [ 0.6678901 ,  0.73927825,  0.82488656, ...,  0.02166857,
          0.        , -0.28026535],
        [ 0.84971304,  0.89838058,  0.95026075, ...,  0.30099969,
          0.28026535,  0.        ]],

       [[ 0.        ,  0.29611912,  0.38543609, ...,  0.94639904,
          0.89851763,  0.86492773],
        [-0.29611912,  0.        ,  0.09491034, ...,  0.8083076 ,
          0.72824226,  0.67751547],
        [-0.38543609, -0.09491034,  0.        , ...,  0.74877931,
          0.65991092,  0.60464969],
        ...,
        [-0.94639904, -0.8083076 , -0.74877931, ...,  0.        ,
         -0.12518898, -0.19562284],
        [-0.89851763, -0.72824226, -0.65991092, ...,  0.12518898,
          0.        , -0.07131363],
        [-0.86492773, -0.67751547, -0.60464969, ...,  0.19562284,
          0.07131363,  0.        ]]]), 'num': array([9.98487754e-01, 1.94869120e-02, 1.71453738e-04, 1.49923559e-03,
       1.52286628e-03, 1.48085617e-03, 5.12097919e-02, 5.25126302e-06,
       1.48190643e-03, 1.62408437e-03, 1.74328804e-03, 8.00640999e-06,
       1.82982719e-03, 1.41834155e-03])}
{'img': array([[[ 0.        ,  0.13883285, -0.02970006, ..., -0.91888371,
         -0.80401139, -0.78470572],
        [-0.13883285,  0.        , -0.16818404, ..., -0.9647586 ,
         -0.87877715, -0.8631646 ],
        [ 0.02970006,  0.16818404,  0.        , ..., -0.90676083,
         -0.78599664, -0.76594942],
        ...,
        [ 0.91888371,  0.9647586 ,  0.90676083, ...,  0.        ,
          0.22917562,  0.25999829],
        [ 0.80401139,  0.87877715,  0.78599664, ..., -0.22917562,
          0.        ,  0.0317844 ],
        [ 0.78470572,  0.8631646 ,  0.76594942, ..., -0.25999829,
         -0.0317844 ,  0.        ]],

       [[ 0.        ,  0.01764318, -0.21726311, ..., -0.38747872,
         -0.38335555, -0.49499431],
        [-0.01764318,  0.        , -0.23445102, ..., -0.40368327,
         -0.39959113, -0.51024735],
        [ 0.21726311,  0.23445102,  0.        , ..., -0.17793283,
         -0.17353397, -0.29439133],
        ...,
        [ 0.38747872,  0.40368327,  0.17793283, ...,  0.        ,
          0.00446838, -0.11964589],
        [ 0.38335555,  0.39959113,  0.17353397, ..., -0.00446838,
          0.        , -0.12408098],
        [ 0.49499431,  0.51024735,  0.29439133, ...,  0.11964589,
          0.12408098,  0.        ]],

       [[ 0.        , -0.08324482, -0.19240343, ..., -0.97596799,
         -0.9992277 , -0.92338039],
        [ 0.08324482,  0.        , -0.11004616, ..., -0.95444033,
         -0.99248851, -0.95213199],
        [ 0.19240343,  0.11004616,  0.        , ..., -0.91580553,
         -0.97299779, -0.9799889 ],
        ...,
        [ 0.97596799,  0.95444033,  0.91580553, ...,  0.        ,
         -0.1793962 , -0.57587814],
        [ 0.9992277 ,  0.99248851,  0.97299779, ...,  0.1793962 ,
          0.        , -0.41987285],
        [ 0.92338039,  0.95213199,  0.9799889 , ...,  0.57587814,
          0.41987285,  0.        ]],

       ...,

       [[ 0.        ,  0.29802695,  0.21825251, ..., -0.64295375,
         -0.52871044, -0.88460619],
        [-0.29802695,  0.        , -0.08250766, ..., -0.84199663,
         -0.75765044, -0.98338897],
        [-0.21825251,  0.08250766,  0.        , ..., -0.79461432,
         -0.70121768, -0.96506001],
        ...,
        [ 0.64295375,  0.84199663,  0.79461432, ...,  0.        ,
          0.14079863, -0.37769002],
        [ 0.52871044,  0.75765044,  0.70121768, ..., -0.14079863,
          0.        , -0.50429753],
        [ 0.88460619,  0.98338897,  0.96506001, ...,  0.37769002,
          0.50429753,  0.        ]],

       [[ 0.        ,  0.13756594,  0.20036404, ..., -0.73927825,
         -0.89838058, -0.96264655],
        [-0.13756594,  0.        ,  0.06368278, ..., -0.82488656,
         -0.95026075, -0.99074181],
        [-0.20036404, -0.06368278,  0.        , ..., -0.85921197,
         -0.96816625, -0.99737634],
        ...,
        [ 0.73927825,  0.82488656,  0.85921197, ...,  0.        ,
         -0.28026535, -0.44807841],
        [ 0.89838058,  0.95026075,  0.96816625, ...,  0.28026535,
          0.        , -0.17956497],
        [ 0.96264655,  0.99074181,  0.99737634, ...,  0.44807841,
          0.17956497,  0.        ]],

       [[ 0.        ,  0.25538319,  0.40952306, ...,  0.88162797,
          0.84399677,  0.79871222],
        [-0.25538319,  0.        ,  0.16295721, ...,  0.73186628,
          0.67903544,  0.61855942],
        [-0.40952306, -0.16295721,  0.        , ...,  0.61103661,
          0.55033108,  0.48224954],
        ...,
        [-0.88162797, -0.73186628, -0.61103661, ...,  0.        ,
         -0.07453952, -0.15353891],
        [-0.84399677, -0.67903544, -0.55033108, ...,  0.07453952,
          0.        , -0.0794561 ],
        [-0.79871222, -0.61855942, -0.48224954, ...,  0.15353891,
          0.0794561 ,  0.        ]]]), 'num': array([ 9.98609127e-01,  1.96580583e-02,  1.72959553e-04,  1.49915937e-03,
        1.54683582e-03,  1.49651068e-03,  4.87144686e-02, -1.32434573e-05,
        1.48909434e-03,  1.63026960e-03,  1.75484639e-03,  8.07672734e-06,
        1.84611764e-03,  1.41442156e-03])}
{'img': array([[[ 0.        , -0.16818404, -0.22646667, ..., -0.87877715,
         -0.8631646 , -0.90167074],
        [ 0.16818404,  0.        , -0.05942635, ..., -0.78599664,
         -0.76594942, -0.8161003 ],
        [ 0.22646667,  0.05942635,  0.        , ..., -0.74786834,
         -0.7263905 , -0.7803149 ],
        ...,
        [ 0.87877715,  0.78599664,  0.74786834, ...,  0.        ,
          0.0317844 , -0.05030277],
        [ 0.8631646 ,  0.76594942,  0.7263905 , ..., -0.0317844 ,
          0.        , -0.08202151],
        [ 0.90167074,  0.8161003 ,  0.7803149 , ...,  0.05030277,
          0.08202151,  0.        ]],

       [[ 0.        , -0.23267402, -0.24576539, ..., -0.39288872,
         -0.46888344, -0.51217736],
        [ 0.23267402,  0.        , -0.01348254, ..., -0.16814203,
         -0.25050316, -0.29828155],
        [ 0.24576539,  0.01348254,  0.        , ..., -0.15483616,
         -0.23742773, -0.28538565],
        ...,
        [ 0.39288872,  0.16814203,  0.15483616, ...,  0.        ,
         -0.08415574, -0.13354699],
        [ 0.46888344,  0.25050316,  0.23742773, ...,  0.08415574,
          0.        , -0.04967134],
        [ 0.51217736,  0.29828155,  0.28538565, ...,  0.13354699,
          0.04967134,  0.        ]],

       [[ 0.        , -0.10892258, -0.21410325, ..., -0.98584797,
         -0.99570508, -0.94921775],
        [ 0.10892258,  0.        , -0.10643261, ..., -0.96172243,
         -0.99986512, -0.97783933],
        [ 0.21410325,  0.10643261,  0.        , ..., -0.92709451,
         -0.99243777, -0.99456751],
        ...,
        [ 0.98584797,  0.96172243,  0.92709451, ...,  0.        ,
         -0.25819339, -0.46929597],
        [ 0.99570508,  0.99986512,  0.99243777, ...,  0.25819339,
          0.        , -0.22538834],
        [ 0.94921775,  0.97783933,  0.99456751, ...,  0.46929597,
          0.22538834,  0.        ]],

       ...,

       [[ 0.        , -0.08250766,  0.        , ..., -0.75765044,
         -0.98338897, -0.98338897],
        [ 0.08250766,  0.        ,  0.08250766, ..., -0.70121768,
         -0.96506001, -0.96506001],
        [ 0.        , -0.08250766,  0.        , ..., -0.75765044,
         -0.98338897, -0.98338897],
        ...,
        [ 0.75765044,  0.70121768,  0.75765044, ...,  0.        ,
         -0.50429753, -0.50429753],
        [ 0.98338897,  0.96506001,  0.98338897, ...,  0.50429753,
          0.        ,  0.        ],
        [ 0.98338897,  0.96506001,  0.98338897, ...,  0.50429753,
          0.        ,  0.        ]],

       [[ 0.        ,  0.06368278,  0.10104011, ..., -0.95026075,
         -0.99074181, -0.98904781],
        [-0.06368278,  0.        ,  0.03747814, ..., -0.96816625,
         -0.99737634, -0.99643952],
        [-0.10104011, -0.03747814,  0.        , ..., -0.97686715,
         -0.99938871, -0.99889928],
        ...,
        [ 0.95026075,  0.96816625,  0.97686715, ...,  0.        ,
         -0.17956497, -0.16779011],
        [ 0.99074181,  0.99737634,  0.99938871, ...,  0.17956497,
          0.        ,  0.01195636],
        [ 0.98904781,  0.99643952,  0.99889928, ...,  0.16779011,
         -0.01195636,  0.        ]],

       [[ 0.        ,  0.32839545,  0.46297109, ...,  0.82696702,
          0.77763386,  0.71707617],
        [-0.32839545,  0.        ,  0.14621388, ...,  0.59646321,
          0.5280386 ,  0.44841743],
        [-0.46297109, -0.14621388,  0.        , ...,  0.47269585,
          0.39819596,  0.31290878],
        ...,
        [-0.82696702, -0.59646321, -0.47269585, ...,  0.        ,
         -0.08270359, -0.17321534],
        [-0.77763386, -0.5280386 , -0.39819596, ...,  0.08270359,
          0.        , -0.09116849],
        [-0.71707617, -0.44841743, -0.31290878, ...,  0.17321534,
          0.09116849,  0.        ]]]), 'num': array([9.98384755e-01, 1.95857961e-02, 1.72323760e-04, 1.49892643e-03,
       1.52267702e-03, 1.45670315e-03, 5.31445949e-02, 5.27790996e-06,
       1.49417631e-03, 1.61662382e-03, 1.74412933e-03, 8.71353060e-06,
       1.83799047e-03, 1.39525718e-03])}
{'img': array([[[ 0.        , -0.05942635, -0.18830516, ..., -0.76594942,
         -0.8161003 , -0.79602653],
        [ 0.05942635,  0.        , -0.12960912, ..., -0.7263905 ,
         -0.7803149 , -0.75865121],
        [ 0.18830516,  0.12960912,  0.        , ..., -0.63118547,
         -0.69267723, -0.66781215],
        ...,
        [ 0.76594942,  0.7263905 ,  0.63118547, ...,  0.        ,
         -0.08202151, -0.04816625],
        [ 0.8161003 ,  0.7803149 ,  0.69267723, ...,  0.08202151,
          0.        ,  0.03392236],
        [ 0.79602653,  0.75865121,  0.66781215, ...,  0.04816625,
         -0.03392236,  0.        ]],

       [[ 0.        , -0.01348254, -0.02569674, ..., -0.25050316,
         -0.29828155, -0.23829325],
        [ 0.01348254,  0.        , -0.01221631, ..., -0.23742773,
         -0.28538565, -0.22517743],
        [ 0.02569674,  0.01221631,  0.        , ..., -0.22554302,
         -0.27365608, -0.21325806],
        ...,
        [ 0.25050316,  0.23742773,  0.22554302, ...,  0.        ,
         -0.04967134,  0.01259152],
        [ 0.29828155,  0.28538565,  0.27365608, ...,  0.04967134,
          0.        ,  0.06224338],
        [ 0.23829325,  0.22517743,  0.21325806, ..., -0.01259152,
         -0.06224338,  0.        ]],

       [[ 0.        , -0.10643261, -0.21735541, ..., -0.99986512,
         -0.97783933, -0.99537867],
        [ 0.10643261,  0.        , -0.11223274, ..., -0.99243777,
         -0.99456751, -0.97950436],
        [ 0.21735541,  0.11223274,  0.        , ..., -0.97239107,
         -0.99996648, -0.95070955],
        ...,
        [ 0.99986512,  0.99243777,  0.97239107, ...,  0.        ,
         -0.22538834,  0.07966679],
        [ 0.97783933,  0.99456751,  0.99996648, ...,  0.22538834,
          0.        ,  0.30228884],
        [ 0.99537867,  0.97950436,  0.95070955, ..., -0.07966679,
         -0.30228884,  0.        ]],

       ...,

       [[ 0.        ,  0.08250766, -0.35552351, ..., -0.96506001,
         -0.96506001, -0.93852667],
        [-0.08250766,  0.        , -0.43142854, ..., -0.98338897,
         -0.98338897, -0.9638089 ],
        [ 0.35552351,  0.43142854,  0.        , ..., -0.80885262,
         -0.80885262, -0.75448112],
        ...,
        [ 0.96506001,  0.98338897,  0.80885262, ...,  0.        ,
          0.        ,  0.08722405],
        [ 0.96506001,  0.98338897,  0.80885262, ...,  0.        ,
          0.        ,  0.08722405],
        [ 0.93852667,  0.9638089 ,  0.75448112, ..., -0.08722405,
         -0.08722405,  0.        ]],

       [[ 0.        ,  0.03747814,  0.05359293, ..., -0.99737634,
         -0.99643952, -0.99997121],
        [-0.03747814,  0.        ,  0.016131  , ..., -0.99938871,
         -0.99889928, -0.99898427],
        [-0.05359293, -0.016131  ,  0.        , ..., -0.99982262,
         -0.99952596, -0.99812742],
        ...,
        [ 0.99737634,  0.99938871,  0.99982262, ...,  0.        ,
          0.01195636, -0.07995732],
        [ 0.99643952,  0.99889928,  0.99952596, ..., -0.01195636,
          0.        , -0.09186968],
        [ 0.99997121,  0.99898427,  0.99812742, ...,  0.07995732,
          0.09186968,  0.        ]],

       [[ 0.        ,  0.34069441,  0.43569435, ...,  0.73766254,
          0.66662382,  0.59259819],
        [-0.34069441,  0.        ,  0.10297132, ...,  0.4635047 ,
          0.37279077,  0.28271673],
        [-0.43569435, -0.10297132,  0.        , ...,  0.36979855,
          0.27526046,  0.18244346],
        ...,
        [-0.73766254, -0.4635047 , -0.36979855, ...,  0.        ,
         -0.09976533, -0.19408158],
        [-0.66662382, -0.37279077, -0.27526046, ...,  0.09976533,
          0.        , -0.09524498],
        [-0.59259819, -0.28271673, -0.18244346, ...,  0.19408158,
          0.09524498,  0.        ]]]), 'num': array([9.99224564e-01, 1.58926982e-03, 1.74717214e-04, 1.50020345e-03,
       1.54224067e-03, 1.49757612e-03, 3.90869995e-02, 7.88197960e-06,
       1.49494880e-03, 1.60306328e-03, 1.73307216e-03, 4.95438717e-06,
       1.82827452e-03, 1.37785205e-03])}
{'img': array([[[ 0.        , -0.12960912,  0.01983604, ..., -0.7803149 ,
         -0.75865121, -0.7263905 ],
        [ 0.12960912,  0.        ,  0.14925235, ..., -0.69267723,
         -0.66781215, -0.63118547],
        [-0.01983604, -0.14925235,  0.        , ..., -0.79256657,
         -0.77142506, -0.73988054],
        ...,
        [ 0.7803149 ,  0.69267723,  0.79256657, ...,  0.        ,
          0.03392236,  0.08202151],
        [ 0.75865121,  0.66781215,  0.77142506, ..., -0.03392236,
          0.        ,  0.04816625],
        [ 0.7263905 ,  0.63118547,  0.73988054, ..., -0.08202151,
         -0.04816625,  0.        ]],

       [[ 0.        , -0.0116588 ,  0.50986338, ..., -0.21256748,
         -0.19323088, -0.29789268],
        [ 0.0116588 ,  0.        ,  0.51985827, ..., -0.20116067,
         -0.18177867, -0.28674295],
        [-0.50986338, -0.51985827,  0.        , ..., -0.68107348,
         -0.66648205, -0.74297904],
        ...,
        [ 0.21256748,  0.20116067,  0.68107348, ...,  0.        ,
          0.01974643, -0.08816798],
        [ 0.19323088,  0.18177867,  0.66648205, ..., -0.01974643,
          0.        , -0.10782032],
        [ 0.29789268,  0.28674295,  0.74297904, ...,  0.08816798,
          0.10782032,  0.        ]],

       [[ 0.        , -0.11223274, -0.12849014, ..., -0.99456751,
         -0.97950436, -0.95614908],
        [ 0.11223274,  0.        , -0.01637592, ..., -0.99996648,
         -0.95070955, -0.9172373 ],
        [ 0.12849014,  0.01637592,  0.        , ..., -0.99969832,
         -0.94550417, -0.91059111],
        ...,
        [ 0.99456751,  0.99996648,  0.99969832, ...,  0.        ,
          0.30228884,  0.39081832],
        [ 0.97950436,  0.95070955,  0.94550417, ..., -0.30228884,
          0.        ,  0.09428727],
        [ 0.95614908,  0.9172373 ,  0.91059111, ..., -0.39081832,
         -0.09428727,  0.        ]],

       ...,

       [[ 0.        , -0.43142854, -0.50941397, ..., -0.98338897,
         -0.9638089 , -0.95969193],
        [ 0.43142854,  0.        , -0.08831276, ..., -0.80885262,
         -0.75448112, -0.98703806],
        [ 0.50941397,  0.08831276,  0.        , ..., -0.75376336,
         -0.69357162, -0.96900851],
        ...,
        [ 0.98338897,  0.80885262,  0.75376336, ...,  0.        ,
          0.08722405, -0.45057985],
        [ 0.9638089 ,  0.75448112,  0.69357162, ..., -0.08722405,
          0.        , -0.52673062],
        [ 0.95969193,  0.98703806,  0.96900851, ...,  0.45057985,
          0.52673062,  0.        ]],

       [[ 0.        ,  0.01605334,  0.01359899, ..., -0.99579622,
         -0.99964958, -0.98746623],
        [-0.01605334,  0.        , -0.00245462, ..., -0.99713833,
         -0.99994571, -0.98480528],
        [-0.01359899,  0.00245462,  0.        , ..., -0.99694976,
         -0.99991712, -0.98522859],
        ...,
        [ 0.99579622,  0.99713833,  0.99694976, ...,  0.        ,
         -0.06520436, -0.24761522],
        [ 0.99964958,  0.99994571,  0.99991712, ...,  0.06520436,
          0.        , -0.18391448],
        [ 0.98746623,  0.98480528,  0.98522859, ...,  0.24761522,
          0.18391448,  0.        ]],

       [[ 0.        ,  0.28447073,  0.50349272, ...,  0.60104641,
          0.50831476,  0.41166517],
        [-0.28447073,  0.        ,  0.23690822, ...,  0.34886099,
          0.24233556,  0.13540894],
        [-0.50349272, -0.23690822,  0.        , ...,  0.11690529,
          0.00559018, -0.10317213],
        ...,
        [-0.60104641, -0.34886099, -0.11690529, ...,  0.        ,
         -0.11135161, -0.21874611],
        [-0.50831476, -0.24233556, -0.00559018, ...,  0.11135161,
          0.        , -0.10873086],
        [-0.41166517, -0.13540894,  0.10317213, ...,  0.21874611,
          0.10873086,  0.        ]]]), 'num': array([9.99325154e-01, 1.58113583e-03, 1.73823000e-04, 1.50036695e-03,
       1.50559470e-03, 1.45331711e-03, 3.64306869e-02, 7.84163909e-06,
       1.48991143e-03, 1.59106857e-03, 1.72123978e-03, 5.60117078e-06,
       1.81879795e-03, 1.36333919e-03])}
{'img': array([[[ 0.00000000e+00,  1.49252351e-01,  1.78571113e-01, ...,
         -6.67812151e-01, -6.31185467e-01, -5.95243333e-01],
        [-1.49252351e-01,  0.00000000e+00,  2.97175431e-02, ...,
         -7.71425060e-01, -7.39880536e-01, -7.08507150e-01],
        [-1.78571113e-01, -2.97175431e-02,  0.00000000e+00, ...,
         -7.89994222e-01, -7.59545887e-01, -7.29166006e-01],
        ...,
        [ 6.67812151e-01,  7.71425060e-01,  7.89994222e-01, ...,
          0.00000000e+00,  4.81662481e-02,  9.35600674e-02],
        [ 6.31185467e-01,  7.39880536e-01,  7.59545887e-01, ...,
         -4.81662481e-02,  0.00000000e+00,  4.54965019e-02],
        [ 5.95243333e-01,  7.08507150e-01,  7.29166006e-01, ...,
         -9.35600674e-02, -4.54965019e-02,  0.00000000e+00]],

       [[ 0.00000000e+00,  5.17837615e-01,  4.90074632e-02, ...,
         -1.76172047e-01, -2.46175572e-01, -2.90124975e-01],
        [-5.17837615e-01,  0.00000000e+00, -4.75290536e-01, ...,
         -6.60449794e-01, -7.12499308e-01, -7.43760585e-01],
        [-4.90074632e-02,  4.75290536e-01,  0.00000000e+00, ...,
         -2.24201317e-01, -2.93379041e-01, -3.36675956e-01],
        ...,
        [ 1.76172047e-01,  6.60449794e-01,  2.24201317e-01, ...,
          0.00000000e+00, -7.15748397e-02, -1.16992574e-01],
        [ 2.46175572e-01,  7.12499308e-01,  2.93379041e-01, ...,
          7.15748397e-02,  0.00000000e+00, -4.56091951e-02],
        [ 2.90124975e-01,  7.43760585e-01,  3.36675956e-01, ...,
          1.16992574e-01,  4.56091951e-02,  0.00000000e+00]],

       [[ 0.00000000e+00, -1.63759157e-02, -5.84955117e-02, ...,
         -9.50709548e-01, -9.17237304e-01, -9.05325037e-01],
        [ 1.63759157e-02,  0.00000000e+00, -4.21397931e-02, ...,
         -9.45504173e-01, -9.10591106e-01, -8.98248469e-01],
        [ 5.84955117e-02,  4.21397931e-02,  0.00000000e+00, ...,
         -9.30943167e-01, -8.92365519e-01, -8.78930644e-01],
        ...,
        [ 9.50709548e-01,  9.45504173e-01,  9.30943167e-01, ...,
          0.00000000e+00,  9.42872698e-02,  1.23059057e-01],
        [ 9.17237304e-01,  9.10591106e-01,  8.92365519e-01, ...,
         -9.42872698e-02,  0.00000000e+00,  2.89402075e-02],
        [ 9.05325037e-01,  8.98248469e-01,  8.78930644e-01, ...,
         -1.23059057e-01, -2.89402075e-02,  0.00000000e+00]],

       ...,

       [[ 0.00000000e+00, -8.83127588e-02, -6.25304148e-02, ...,
         -7.54481120e-01, -9.87038059e-01, -9.61154812e-01],
        [ 8.83127588e-02,  0.00000000e+00,  2.58538403e-02, ...,
         -6.93571623e-01, -9.69008506e-01, -9.33024194e-01],
        [ 6.25304148e-02, -2.58538403e-02,  0.00000000e+00, ...,
         -7.11964574e-01, -9.75071205e-01, -9.42014880e-01],
        ...,
        [ 7.54481120e-01,  6.93571623e-01,  7.11964574e-01, ...,
          0.00000000e+00, -5.26730621e-01, -4.22582602e-01],
        [ 9.87038059e-01,  9.69008506e-01,  9.75071205e-01, ...,
          5.26730621e-01,  0.00000000e+00,  1.18179975e-01],
        [ 9.61154812e-01,  9.33024194e-01,  9.42014880e-01, ...,
          4.22582602e-01, -1.18179975e-01,  0.00000000e+00]],

       [[ 0.00000000e+00, -2.45329267e-03, -9.71502466e-06, ...,
         -9.99862438e-01, -9.92224853e-01, -9.84713000e-01],
        [ 2.45329267e-03,  0.00000000e+00,  2.44357767e-03, ...,
         -9.99818738e-01, -9.92527199e-01, -9.85137362e-01],
        [ 9.71502466e-06, -2.44357767e-03,  0.00000000e+00, ...,
         -9.99862276e-01, -9.92226062e-01, -9.84714692e-01],
        ...,
        [ 9.99862438e-01,  9.99818738e-01,  9.99862276e-01, ...,
          0.00000000e+00, -1.40898424e-01, -1.90493495e-01],
        [ 9.92224853e-01,  9.92527199e-01,  9.92226062e-01, ...,
          1.40898424e-01,  0.00000000e+00, -5.02747862e-02],
        [ 9.84713000e-01,  9.85137362e-01,  9.84714692e-01, ...,
          1.90493495e-01,  5.02747862e-02,  0.00000000e+00]],

       [[ 0.00000000e+00,  4.28972580e-01,  5.78207730e-01, ...,
          4.35001473e-01,  3.07179240e-01,  1.68068841e-01],
        [-4.28972580e-01,  0.00000000e+00,  1.72310906e-01, ...,
          6.68477949e-03, -1.30752089e-01, -2.71051029e-01],
        [-5.78207730e-01, -1.72310906e-01,  0.00000000e+00, ...,
         -1.65722263e-01, -2.99628012e-01, -4.32857258e-01],
        ...,
        [-4.35001473e-01, -6.68477949e-03,  1.65722263e-01, ...,
          0.00000000e+00, -1.37376558e-01, -2.77479508e-01],
        [-3.07179240e-01,  1.30752089e-01,  2.99628012e-01, ...,
          1.37376558e-01,  0.00000000e+00, -1.42866701e-01],
        [-1.68068841e-01,  2.71051029e-01,  4.32857258e-01, ...,
          2.77479508e-01,  1.42866701e-01,  0.00000000e+00]]]), 'num': array([9.95391332e-01, 1.53226800e-03, 1.68450689e-04, 1.49452491e-03,
       1.50719037e-03, 1.43626377e-03, 9.57863812e-02, 4.05294890e-05,
