state_0,state_1,state_2,state_3,state_4,state_5,state_6,state_7,state_8,state_9,state_10,state_11,state_12,state_13,state_14,state_15,state_16,state_17,state_18,state_19,state_20,state_21,state_22,state_23,state_24,state_25,state_26,state_27,state_28,state_29,state_30,state_31,state_32,state_33,state_34,state_35,state_36,state_37,state_38,state_39,state_40,state_41,state_42,state_43,state_44,state_45,state_46,state_47,state_48,state_49,state_50,state_51,state_52,state_53,state_54,state_55,state_56,state_57,state_58,state_59,state_60,state_61,state_62,state_63,state_64,state_65,state_66,state_67,state_68,state_69,state_70,state_71,state_72,state_73,state_74,state_75,state_76,state_77,state_78,state_79,state_80,state_81,state_82,state_83,state_84,state_85,state_86,state_87,state_88,state_89,state_90,state_91,state_92,state_93,state_94,state_95,state_96,state_97,state_98,state_99,state_100,state_101,state_102,state_103,state_104,state_105,state_106,state_107,state_108,state_109,state_110,state_111,state_112,state_113,state_114,state_115,state_116,state_117,state_118,state_119,state_120,state_121,state_122,state_123,state_124,state_125,state_126,state_127,state_128,state_129,state_130,state_131,state_132,state_133,state_134,state_135,state_136,state_137,state_138,state_139,state_140,state_141,state_142,state_143,state_144,state_145,state_146,state_147,state_148,state_149,state_150,state_151,state_152,state_153,state_154,state_155,state_156,state_157,state_158,state_159,state_160,state_161,state_162,state_163,state_164,state_165,state_166,state_167,state_168,state_169,state_170,state_171,state_172,state_173,state_174,state_175,state_176,state_177,state_178,state_179,state_180,state_181,state_182,state_183,state_184,state_185,state_186,state_187,state_188,state_189,state_190,state_191,state_192,state_193,state_194,state_195,state_196,state_197,state_198,state_199,state_200,state_201,state_202,state_203,state_204,state_205,state_206,state_207,state_208,state_209,state_210,state_211,state_212,state_213,state_214,state_215,state_216,state_217,state_218,state_219,state_220,state_221,state_222,state_223,state_224,state_225,state_226,state_227,state_228,state_229,state_230,state_231,state_232,state_233,state_234,state_235,state_236,state_237,state_238,state_239,state_240,state_241,state_242,state_243,state_244,state_245,state_246,state_247,state_248,state_249,state_250,state_251,state_252,state_253,state_254,state_255,state_256,state_257,state_258,state_259,state_260,state_261,state_262,state_263,state_264,state_265,state_266,state_267,state_268,state_269,state_270,state_271,state_272,state_273,state_274,state_275,state_276,state_277,state_278,state_279,state_280,state_281,state_282,state_283,state_284,state_285,state_286,state_287
{'img': array([[[ 0.00000000e+00,  5.75478374e-03,  1.41347210e-01, ...,
         -5.15509335e-01, -4.41590139e-01, -6.43030583e-01],
        [-5.75478374e-03,  0.00000000e+00,  1.35647863e-01, ...,
         -5.20431980e-01, -4.46746116e-01, -6.47427182e-01],
        [-1.41347210e-01, -1.35647863e-01,  0.00000000e+00, ...,
         -6.31451821e-01, -5.63975716e-01, -7.44824028e-01],
        ...,
        [ 5.15509335e-01,  5.20431980e-01,  6.31451821e-01, ...,
          0.00000000e+00,  8.41321736e-02, -1.56204669e-01],
        [ 4.41590139e-01,  4.46746116e-01,  5.63975716e-01, ...,
         -8.41321736e-02,  0.00000000e+00, -2.38750288e-01],
        [ 6.43030583e-01,  6.47427182e-01,  7.44824028e-01, ...,
          1.56204669e-01,  2.38750288e-01,  0.00000000e+00]],

       [[ 0.00000000e+00, -7.52635390e-01, -3.83026984e-02, ...,
         -7.76868377e-02, -1.39449054e-01, -2.08786884e-01],
        [ 7.52635390e-01,  0.00000000e+00,  7.26863159e-01, ...,
          6.99208855e-01,  6.53463087e-01,  5.98575064e-01],
        [ 3.83026984e-02, -7.26863159e-01,  0.00000000e+00, ...,
         -3.94428894e-02, -1.01418271e-01, -1.71175121e-01],
        ...,
        [ 7.76868377e-02, -6.99208855e-01,  3.94428894e-02, ...,
          0.00000000e+00, -6.20998333e-02, -1.32181180e-01],
        [ 1.39449054e-01, -6.53463087e-01,  1.01418271e-01, ...,
          6.20998333e-02,  0.00000000e+00, -7.03711200e-02],
        [ 2.08786884e-01, -5.98575064e-01,  1.71175121e-01, ...,
          1.32181180e-01,  7.03711200e-02,  0.00000000e+00]],

       [[ 0.00000000e+00,  1.41910070e-02,  7.51791899e-02, ...,
         -7.48347168e-01, -6.17843072e-01, -5.75087212e-01],
        [-1.41910070e-02,  0.00000000e+00,  6.10207726e-02, ...,
         -7.57684809e-01, -6.28939266e-01, -5.86638853e-01],
        [-7.51791899e-02, -6.10207726e-02,  0.00000000e+00, ...,
         -7.96096278e-01, -6.75208106e-01, -6.34963241e-01],
        ...,
        [ 7.48347168e-01,  7.57684809e-01,  7.96096278e-01, ...,
          0.00000000e+00,  1.78606655e-01,  2.30757392e-01],
        [ 6.17843072e-01,  6.28939266e-01,  6.75208106e-01, ...,
         -1.78606655e-01,  0.00000000e+00,  5.32606449e-02],
        [ 5.75087212e-01,  5.86638853e-01,  6.34963241e-01, ...,
         -2.30757392e-01, -5.32606449e-02,  0.00000000e+00]],

       ...,

       [[ 0.00000000e+00, -9.00806852e-03, -1.29456222e-01, ...,
          4.44677579e-02,  7.58540770e-02, -2.12224145e-01],
        [ 9.00806852e-03,  0.00000000e+00, -1.20518703e-01, ...,
          5.34651116e-02,  8.48331150e-02, -2.03412660e-01],
        [ 1.29456222e-01,  1.20518703e-01,  0.00000000e+00, ...,
          1.73421735e-01,  2.04299025e-01, -8.39309667e-02],
        ...,
        [-4.44677579e-02, -5.34651116e-02, -1.73421735e-01, ...,
          0.00000000e+00,  3.14394006e-02, -2.55469044e-01],
        [-7.58540770e-02, -8.48331150e-02, -2.04299025e-01, ...,
         -3.14394006e-02,  0.00000000e+00, -2.85738910e-01],
        [ 2.12224145e-01,  2.03412660e-01,  8.39309667e-02, ...,
          2.55469044e-01,  2.85738910e-01,  0.00000000e+00]],

       [[ 0.00000000e+00,  1.49784329e-02,  6.10613787e-02, ...,
         -6.99369717e-01, -6.85559284e-01, -7.83204688e-01],
        [-1.49784329e-02,  0.00000000e+00,  4.61040453e-02, ...,
         -7.09997246e-01, -6.96386927e-01, -7.92429876e-01],
        [-6.10613787e-02, -4.61040453e-02,  0.00000000e+00, ...,
         -7.41708939e-01, -7.28733749e-01, -8.19709003e-01],
        ...,
        [ 6.99369717e-01,  7.09997246e-01,  7.41708939e-01, ...,
          0.00000000e+00,  1.91424854e-02, -1.24960579e-01],
        [ 6.85559284e-01,  6.96386927e-01,  7.28733749e-01, ...,
         -1.91424854e-02,  0.00000000e+00, -1.43930123e-01],
        [ 7.83204688e-01,  7.92429876e-01,  8.19709003e-01, ...,
          1.24960579e-01,  1.43930123e-01,  0.00000000e+00]],

       [[ 0.00000000e+00,  6.89057677e-04, -1.12621308e-02, ...,
         -5.09387824e-01, -5.11236161e-01, -5.07027313e-01],
        [-6.89057677e-04,  0.00000000e+00, -1.19511421e-02, ...,
         -5.09980663e-01, -5.11828243e-01, -5.07621112e-01],
        [ 1.12621308e-02,  1.19511421e-02,  0.00000000e+00, ...,
         -4.99664037e-01, -5.01524609e-01, -4.97287989e-01],
        ...,
        [ 5.09387824e-01,  5.09980663e-01,  4.99664037e-01, ...,
          0.00000000e+00, -2.14925486e-03,  2.74084338e-03],
        [ 5.11236161e-01,  5.11828243e-01,  5.01524609e-01, ...,
          2.14925486e-03,  0.00000000e+00,  4.89008384e-03],
        [ 5.07027313e-01,  5.07621112e-01,  4.97287989e-01, ...,
         -2.74084338e-03, -4.89008384e-03,  0.00000000e+00]]]), 'num': array([ 1.42527697e-01,  1.42527697e-01,  0.00000000e+00,  3.40403649e-01,
        3.44441934e-01,  3.38978372e-01,  6.81496182e-03, -2.61300777e-03,
        3.45534646e-01,  3.41591380e-01,  3.74574664e-01,  1.04862720e-05,
        3.50042149e-01,  3.33140610e-01])}
{'img': array([[[ 0.        ,  0.13564786,  0.67477976, ..., -0.44674612,
         -0.64742718, -0.73112555],
        [-0.13564786,  0.        ,  0.56843212, ..., -0.56397572,
         -0.74482403, -0.81691263],
        [-0.67477976, -0.56843212,  0.        , ..., -0.93340618,
         -0.99208175, -0.99994839],
        ...,
        [ 0.44674612,  0.56397572,  0.93340618, ...,  0.        ,
         -0.23875029, -0.34931996],
        [ 0.64742718,  0.74482403,  0.99208175, ...,  0.23875029,
          0.        , -0.11550812],
        [ 0.73112555,  0.81691263,  0.99994839, ...,  0.34931996,
          0.11550812,  0.        ]],

       [[ 0.        ,  0.72686316,  0.88615128, ...,  0.65346309,
          0.59857506,  0.58347852],
        [-0.72686316,  0.        ,  0.94541855, ..., -0.10141827,
         -0.17117512, -0.18958361],
        [-0.88615128, -0.94541855,  0.        , ..., -0.97359186,
         -0.98724363, -0.99005042],
        ...,
        [-0.65346309,  0.10141827,  0.97359186, ...,  0.        ,
         -0.07037112, -0.08902708],
        [-0.59857506,  0.17117512,  0.98724363, ...,  0.07037112,
          0.        , -0.01871468],
        [-0.58347852,  0.18958361,  0.99005042, ...,  0.08902708,
          0.01871468,  0.        ]],

       [[ 0.        ,  0.06102077,  0.25232265, ..., -0.62893927,
         -0.58663885, -0.57059348],
        [-0.06102077,  0.        ,  0.19280612, ..., -0.67520811,
         -0.63496324, -0.61964243],
        [-0.25232265, -0.19280612,  0.        , ..., -0.80475814,
         -0.77200023, -0.75934648],
        ...,
        [ 0.62893927,  0.67520811,  0.80475814, ...,  0.        ,
          0.05326064,  0.07289504],
        [ 0.58663885,  0.63496324,  0.77200023, ..., -0.05326064,
          0.        ,  0.01967262],
        [ 0.57059348,  0.61964243,  0.75934648, ..., -0.07289504,
         -0.01967262,  0.        ]],

       ...,

       [[ 0.        , -0.1205187 ,  0.54298778, ...,  0.08483312,
         -0.20341266, -0.34047762],
        [ 0.1205187 ,  0.        ,  0.64023442, ...,  0.20429903,
         -0.08393097, -0.22467787],
        [-0.54298778, -0.64023442,  0.        , ..., -0.46979259,
         -0.70244945, -0.79645856],
        ...,
        [-0.08483312, -0.20429903,  0.46979259, ...,  0.        ,
         -0.28573891, -0.41901482],
        [ 0.20341266,  0.08393097,  0.70244945, ...,  0.28573891,
          0.        , -0.1421    ],
        [ 0.34047762,  0.22467787,  0.79645856, ...,  0.41901482,
          0.1421    ,  0.        ]],

       [[ 0.        ,  0.04555731,  0.29269498, ..., -0.66660926,
         -0.7257037 , -0.82034497],
        [-0.04555731,  0.        ,  0.24882892, ..., -0.69987589,
         -0.75629398, -0.84554604],
        [-0.29269498, -0.24882892,  0.        , ..., -0.85559267,
         -0.89529843, -0.95180185],
        ...,
        [ 0.66660926,  0.69987589,  0.85559267, ...,  0.        ,
         -0.08231278, -0.23027801],
        [ 0.7257037 ,  0.75629398,  0.89529843, ...,  0.08231278,
          0.        , -0.14939596],
        [ 0.82034497,  0.84554604,  0.95180185, ...,  0.23027801,
          0.14939596,  0.        ]],

       [[ 0.        , -0.01195114, -0.16575052, ..., -0.51182824,
         -0.50762111, -0.50923418],
        [ 0.01195114,  0.        , -0.15395285, ..., -0.50152461,
         -0.49728799, -0.49891232],
        [ 0.16575052,  0.15395285,  0.        , ..., -0.36235424,
         -0.35779216, -0.35954077],
        ...,
        [ 0.51182824,  0.50152461,  0.36235424, ...,  0.        ,
          0.00489008,  0.00301685],
        [ 0.50762111,  0.49728799,  0.35779216, ..., -0.00489008,
          0.        , -0.00187325],
        [ 0.50923418,  0.49891232,  0.35954077, ..., -0.00301685,
          0.00187325,  0.        ]]]), 'num': array([1.42229260e-01, 1.42229260e-01, 0.00000000e+00, 3.44431857e-01,
       3.44431857e-01, 3.39690882e-01, 5.29021732e-03, 4.74097532e-03,
       3.44431857e-01, 3.40887978e-01, 3.73422921e-01, 1.21616324e-05,
       3.49340321e-01, 3.32435636e-01])}
{'img': array([[[ 0.00000000e+00,  5.68432124e-01,  5.16231199e-01, ...,
         -7.44824028e-01, -8.16912634e-01, -6.87590665e-01],
        [-5.68432124e-01,  0.00000000e+00, -6.21142980e-02, ...,
         -9.92081749e-01, -9.99948390e-01, -9.78439310e-01],
        [-5.16231199e-01,  6.21142980e-02,  0.00000000e+00, ...,
         -9.82364911e-01, -9.97386473e-01, -9.63721238e-01],
        ...,
        [ 7.44824028e-01,  9.92081749e-01,  9.82364911e-01, ...,
          0.00000000e+00, -1.15508124e-01,  8.20132358e-02],
        [ 8.16912634e-01,  9.99948390e-01,  9.97386473e-01, ...,
          1.15508124e-01,  0.00000000e+00,  1.96583288e-01],
        [ 6.87590665e-01,  9.78439310e-01,  9.63721238e-01, ...,
         -8.20132358e-02, -1.96583288e-01,  0.00000000e+00]],

       [[ 0.00000000e+00,  9.45418551e-01,  1.68713335e-01, ...,
         -1.71175121e-01, -1.89583609e-01, -3.26349949e-01],
        [-9.45418551e-01,  0.00000000e+00, -8.76889454e-01, ...,
         -9.87243627e-01, -9.90050420e-01, -9.99999865e-01],
        [-1.68713335e-01,  8.76889454e-01,  0.00000000e+00, ...,
         -3.34944584e-01, -3.52519606e-01, -4.81147890e-01],
        ...,
        [ 1.71175121e-01,  9.87243627e-01,  3.34944584e-01, ...,
          0.00000000e+00, -1.87146838e-02, -1.59730110e-01],
        [ 1.89583609e-01,  9.90050420e-01,  3.52519606e-01, ...,
          1.87146838e-02,  0.00000000e+00, -1.41227735e-01],
        [ 3.26349949e-01,  9.99999865e-01,  4.81147890e-01, ...,
          1.59730110e-01,  1.41227735e-01,  0.00000000e+00]],

       [[ 0.00000000e+00,  1.92806116e-01,  3.46271098e-01, ...,
         -6.34963241e-01, -6.19642425e-01, -6.33250063e-01],
        [-1.92806116e-01,  0.00000000e+00,  1.58895901e-01, ...,
         -7.72000235e-01, -7.59346477e-01, -7.70590077e-01],
        [-3.46271098e-01, -1.58895901e-01,  0.00000000e+00, ...,
         -8.63190005e-01, -8.53090658e-01, -8.62069293e-01],
        ...,
        [ 6.34963241e-01,  7.72000235e-01,  8.63190005e-01, ...,
          0.00000000e+00,  1.96726229e-02,  2.21556695e-03],
        [ 6.19642425e-01,  7.59346477e-01,  8.53090658e-01, ...,
         -1.96726229e-02,  0.00000000e+00, -1.74574364e-02],
        [ 6.33250063e-01,  7.70590077e-01,  8.62069293e-01, ...,
         -2.21556695e-03,  1.74574364e-02,  0.00000000e+00]],

       ...,

       [[ 0.00000000e+00,  6.40234417e-01,  5.40554474e-01, ...,
         -8.39309667e-02, -2.24677874e-01, -5.23952246e-02],
        [-6.40234417e-01,  0.00000000e+00, -1.23392071e-01, ...,
         -7.02449452e-01, -7.96458562e-01, -6.79603951e-01],
        [-5.40554474e-01,  1.23392071e-01,  0.00000000e+00, ...,
         -6.09259045e-01, -7.15757689e-01, -5.83892558e-01],
        ...,
        [ 8.39309667e-02,  7.02449452e-01,  6.09259045e-01, ...,
          0.00000000e+00, -1.42100003e-01,  3.16053296e-02],
        [ 2.24677874e-01,  7.96458562e-01,  7.15757689e-01, ...,
          1.42100003e-01,  0.00000000e+00,  1.73313622e-01],
        [ 5.23952246e-02,  6.79603951e-01,  5.83892558e-01, ...,
         -3.16053296e-02, -1.73313622e-01,  0.00000000e+00]],

       [[ 0.00000000e+00,  2.48828919e-01,  3.75871943e-01, ...,
         -7.56293982e-01, -8.45546041e-01, -8.25459725e-01],
        [-2.48828919e-01,  0.00000000e+00,  1.33467117e-01, ...,
         -8.95298433e-01, -9.51801849e-01, -9.39951140e-01],
        [-3.75871943e-01, -1.33467117e-01,  0.00000000e+00, ...,
         -9.46743591e-01, -9.84222490e-01, -9.77095157e-01],
        ...,
        [ 7.56293982e-01,  8.95298433e-01,  9.46743591e-01, ...,
          0.00000000e+00, -1.49395958e-01, -1.13143634e-01],
        [ 8.45546041e-01,  9.51801849e-01,  9.84222490e-01, ...,
          1.49395958e-01,  0.00000000e+00,  3.65627589e-02],
        [ 8.25459725e-01,  9.39951140e-01,  9.77095157e-01, ...,
          1.13143634e-01, -3.65627589e-02,  0.00000000e+00]],

       [[ 0.00000000e+00, -1.53952848e-01, -2.11185304e-01, ...,
         -4.97287989e-01, -4.98912320e-01, -4.99083709e-01],
        [ 1.53952848e-01,  0.00000000e+00, -5.81869910e-02, ...,
         -3.57792155e-01, -3.59540770e-01, -3.59725308e-01],
        [ 2.11185304e-01,  5.81869910e-02,  0.00000000e+00, ...,
         -3.02850864e-01, -3.04635610e-01, -3.04823973e-01],
        ...,
        [ 4.97287989e-01,  3.57792155e-01,  3.02850864e-01, ...,
          0.00000000e+00, -1.87324892e-03, -2.07101862e-03],
        [ 4.98912320e-01,  3.59540770e-01,  3.04635610e-01, ...,
          1.87324892e-03,  0.00000000e+00, -1.97770083e-04],
        [ 4.99083709e-01,  3.59725308e-01,  3.04823973e-01, ...,
          2.07101862e-03,  1.97770083e-04,  0.00000000e+00]]]), 'num': array([ 1.43351100e-01,  1.43351100e-01,  0.00000000e+00,  3.36397247e-01,
        3.45237231e-01,  3.35680491e-01,  1.31462515e-02, -1.07513325e-02,
        3.44568260e-01,  3.43278100e-01,  3.75723232e-01,  1.06386351e-05,
        3.52346434e-01,  3.34209766e-01])}
{'img': array([[[ 0.00000000e+00, -6.17581048e-02,  1.71225592e-01, ...,
         -9.99326152e-01, -9.74677385e-01, -8.79911226e-01],
        [ 6.17581048e-02,  0.00000000e+00,  2.31744799e-01, ...,
         -9.95151766e-01, -9.59006785e-01, -9.07575234e-01],
        [-1.71225592e-01, -2.31744799e-01,  0.00000000e+00, ...,
         -9.90852753e-01, -9.98571938e-01, -7.85560758e-01],
        ...,
        [ 9.99326152e-01,  9.95151766e-01,  9.90852753e-01, ...,
          0.00000000e+00,  1.87689714e-01, -5.07114910e-01],
        [ 9.74677385e-01,  9.59006785e-01,  9.98571938e-01, ...,
         -1.87689714e-01,  0.00000000e+00, -6.59868373e-01],
        [ 8.79911226e-01,  9.07575234e-01,  7.85560758e-01, ...,
          5.07114910e-01,  6.59868373e-01,  0.00000000e+00]],

       [[ 0.00000000e+00, -8.76889454e-01, -8.71690221e-01, ...,
         -9.90050420e-01, -9.99999865e-01, -8.39286986e-01],
        [ 8.76889454e-01,  0.00000000e+00,  1.07114852e-02, ...,
         -3.52519606e-01, -4.81147890e-01,  7.33162330e-02],
        [ 8.71690221e-01, -1.07114852e-02,  0.00000000e+00, ...,
         -3.62523238e-01, -4.90510397e-01,  6.26293691e-02],
        ...,
        [ 9.90050420e-01,  3.52519606e-01,  3.62523238e-01, ...,
          0.00000000e+00, -1.41227735e-01,  4.20180541e-01],
        [ 9.99999865e-01,  4.81147890e-01,  4.90510397e-01, ...,
          1.41227735e-01,  0.00000000e+00,  5.44124899e-01],
        [ 8.39286986e-01, -7.33162330e-02, -6.26293691e-02, ...,
         -4.20180541e-01, -5.44124899e-01,  0.00000000e+00]],

       [[ 0.00000000e+00,  1.58895901e-01,  3.41392617e-01, ...,
         -7.59346477e-01, -7.70590077e-01, -8.48663371e-01],
        [-1.58895901e-01,  0.00000000e+00,  1.87705780e-01, ...,
         -8.53090658e-01, -8.62069293e-01, -9.21926734e-01],
        [-3.41392617e-01, -1.87705780e-01,  0.00000000e+00, ...,
         -9.35865105e-01, -9.41873762e-01, -9.78250280e-01],
        ...,
        [ 7.59346477e-01,  8.53090658e-01,  9.35865105e-01, ...,
          0.00000000e+00, -1.74574364e-02, -1.50570132e-01],
        [ 7.70590077e-01,  8.62069293e-01,  9.41873762e-01, ...,
          1.74574364e-02,  0.00000000e+00, -1.33288776e-01],
        [ 8.48663371e-01,  9.21926734e-01,  9.78250280e-01, ...,
          1.50570132e-01,  1.33288776e-01,  0.00000000e+00]],

       ...,

       [[ 0.00000000e+00, -1.23392071e-01, -1.04323261e-01, ...,
         -7.96458562e-01, -6.79603951e-01, -7.90725811e-01],
        [ 1.23392071e-01,  0.00000000e+00,  1.91927524e-02, ...,
         -7.15757689e-01, -5.83892558e-01, -7.09146100e-01],
        [ 1.04323261e-01, -1.91927524e-02,  0.00000000e+00, ...,
         -7.29029082e-01, -5.99366276e-01, -7.22547549e-01],
        ...,
        [ 7.96458562e-01,  7.15757689e-01,  7.29029082e-01, ...,
          0.00000000e+00,  1.73313622e-01,  9.42196708e-03],
        [ 6.79603951e-01,  5.83892558e-01,  5.99366276e-01, ...,
         -1.73313622e-01,  0.00000000e+00, -1.64026548e-01],
        [ 7.90725811e-01,  7.09146100e-01,  7.22547549e-01, ...,
         -9.42196708e-03,  1.64026548e-01,  0.00000000e+00]],

       [[ 0.00000000e+00,  1.33467117e-01,  2.86204849e-01, ...,
         -9.51801849e-01, -9.39951140e-01, -9.12496507e-01],
        [-1.33467117e-01,  0.00000000e+00,  1.55760263e-01, ...,
         -9.84222490e-01, -9.77095157e-01, -9.58931950e-01],
        [-2.86204849e-01, -1.55760263e-01,  0.00000000e+00, ...,
         -9.99769429e-01, -9.98315829e-01, -9.91407333e-01],
        ...,
        [ 9.51801849e-01,  9.84222490e-01,  9.99769429e-01, ...,
          0.00000000e+00,  3.65627589e-02,  1.09492281e-01],
        [ 9.39951140e-01,  9.77095157e-01,  9.98315829e-01, ...,
         -3.65627589e-02,  0.00000000e+00,  7.30761390e-02],
        [ 9.12496507e-01,  9.58931950e-01,  9.91407333e-01, ...,
         -1.09492281e-01, -7.30761390e-02,  0.00000000e+00]],

       [[ 0.00000000e+00, -5.81869910e-02, -1.19579634e-01, ...,
         -3.59540770e-01, -3.59725308e-01, -3.80725669e-01],
        [ 5.81869910e-02,  0.00000000e+00, -6.16075534e-02, ...,
         -3.04635610e-01, -3.04823973e-01, -3.26275791e-01],
        [ 1.19579634e-01,  6.16075534e-02,  0.00000000e+00, ...,
         -2.45377656e-01, -2.45569375e-01, -2.67419958e-01],
        ...,
        [ 3.59540770e-01,  3.04635610e-01,  2.45377656e-01, ...,
          0.00000000e+00, -1.97770083e-04, -2.28032578e-02],
        [ 3.59725308e-01,  3.04823973e-01,  2.45569375e-01, ...,
          1.97770083e-04,  0.00000000e+00, -2.26055387e-02],
        [ 3.80725669e-01,  3.26275791e-01,  2.67419958e-01, ...,
          2.28032578e-02,  2.26055387e-02,  0.00000000e+00]]]), 'num': array([ 1.44981170e-01,  1.44981170e-01,  0.00000000e+00,  3.32006880e-01,
        3.40464115e-01,  3.30315433e-01,  1.61245641e-02, -8.21559965e-03,
        3.43702028e-01,  3.46662060e-01,  3.78783443e-01,  1.03307839e-05,
        3.57820562e-01,  3.35503558e-01])}
{'img': array([[[ 0.        ,  0.21884677,  0.30580889, ..., -0.90598964,
         -0.99440705, -0.8828277 ],
        [-0.21884677,  0.        ,  0.09003338, ..., -0.97666557,
         -0.99341546, -0.75863562],
        [-0.30580889, -0.09003338,  0.        , ..., -0.99203518,
         -0.97906605, -0.6968965 ],
        ...,
        [ 0.90598964,  0.97666557,  0.99203518, ...,  0.        ,
         -0.32524584, -0.79924143],
        [ 0.99440705,  0.99341546,  0.97906605, ...,  0.32524584,
          0.        , -0.56031023],
        [ 0.8828277 ,  0.75863562,  0.6968965 , ...,  0.79924143,
          0.56031023,  0.        ]],

       [[ 0.        ,  0.01071149, -0.27469462, ..., -0.48114789,
          0.07331623,  0.23252981],
        [-0.01071149,  0.        , -0.28497829, ..., -0.4905104 ,
          0.06262937,  0.22209859],
        [ 0.27469462,  0.28497829,  0.        , ..., -0.22183072,
          0.34445122,  0.49074978],
        ...,
        [ 0.48114789,  0.4905104 ,  0.22183072, ...,  0.        ,
          0.5441249 ,  0.67180408],
        [-0.07331623, -0.06262937, -0.34445122, ..., -0.5441249 ,
          0.        ,  0.16059743],
        [-0.23252981, -0.22209859, -0.49074978, ..., -0.67180408,
         -0.16059743,  0.        ]],

       [[ 0.        ,  0.18577383,  0.38803849, ..., -0.84770677,
         -0.90609893, -0.99864338],
        [-0.18577383,  0.        ,  0.21006654, ..., -0.93149688,
         -0.96892061, -0.9715861 ],
        [-0.38803849, -0.21006654,  0.        , ..., -0.98712403,
         -0.99926573, -0.9001873 ],
        ...,
        [ 0.84770677,  0.93149688,  0.98712403, ...,  0.        ,
         -0.12201806, -0.57388641],
        [ 0.90609893,  0.96892061,  0.99926573, ...,  0.12201806,
          0.        , -0.46967341],
        [ 0.99864338,  0.9715861 ,  0.9001873 , ...,  0.57388641,
          0.46967341,  0.        ]],

       ...,

       [[ 0.        ,  0.01919275,  0.24949667, ..., -0.58389256,
         -0.7091461 , -0.7392389 ],
        [-0.01919275,  0.        ,  0.23086491, ..., -0.59936628,
         -0.72254755, -0.75202796],
        [-0.24949667, -0.23086491,  0.        , ..., -0.76797645,
         -0.86263033, -0.88388281],
        ...,
        [ 0.58389256,  0.59936628,  0.76797645, ...,  0.        ,
         -0.16402655, -0.20691849],
        [ 0.7091461 ,  0.72254755,  0.86263033, ...,  0.16402655,
          0.        , -0.04363926],
        [ 0.7392389 ,  0.75202796,  0.88388281, ...,  0.20691849,
          0.04363926,  0.        ]],

       [[ 0.        ,  0.15576026,  0.29338573, ..., -0.97709516,
         -0.95893195, -0.90021174],
        [-0.15576026,  0.        ,  0.14089903, ..., -0.99831583,
         -0.99140733, -0.95705074],
        [-0.29338573, -0.14089903,  0.        , ..., -0.99653057,
         -0.99994816, -0.98835269],
        ...,
        [ 0.97709516,  0.99831583,  0.99653057, ...,  0.        ,
          0.07307614,  0.23391085],
        [ 0.95893195,  0.99140733,  0.99994816, ..., -0.07307614,
          0.        ,  0.16223659],
        [ 0.90021174,  0.95705074,  0.98835269, ..., -0.23391085,
         -0.16223659,  0.        ]],

       [[ 0.        , -0.06160755, -0.09980084, ..., -0.30482397,
         -0.32627579, -0.38996167],
        [ 0.06160755,  0.        , -0.03831129, ..., -0.24556937,
         -0.26741996, -0.33249076],
        [ 0.09980084,  0.03831129,  0.        , ..., -0.20825093,
         -0.23030763, -0.29611504],
        ...,
        [ 0.30482397,  0.24556937,  0.20825093, ...,  0.        ,
         -0.02260554, -0.09071149],
        [ 0.32627579,  0.26741996,  0.23030763, ...,  0.02260554,
          0.        , -0.06817597],
        [ 0.38996167,  0.33249076,  0.29611504, ...,  0.09071149,
          0.06817597,  0.        ]]]), 'num': array([1.45353678e-01, 1.45353678e-01, 0.00000000e+00, 3.36009253e-01,
       3.37462790e-01, 3.29952850e-01, 7.55088134e-03, 3.14932970e-03,
       3.41823401e-01, 3.47140923e-01, 3.78634220e-01, 1.08888644e-05,
       3.59344934e-01, 3.34936911e-01])}
{'img': array([[[ 0.        ,  0.09003338,  0.13426582, ..., -0.99341546,
         -0.75863562, -0.9410092 ],
        [-0.09003338,  0.        ,  0.04450237, ..., -0.97906605,
         -0.6968965 , -0.90672194],
        [-0.13426582, -0.04450237,  0.        , ..., -0.96903794,
         -0.66429022, -0.88705569],
        ...,
        [ 0.99341546,  0.97906605,  0.96903794, ...,  0.        ,
         -0.56031023, -0.22834382],
        [ 0.75863562,  0.6968965 ,  0.66429022, ...,  0.56031023,
          0.        ,  0.35637389],
        [ 0.9410092 ,  0.90672194,  0.88705569, ...,  0.22834382,
         -0.35637389,  0.        ]],

       [[ 0.        , -0.28497829, -0.09926483, ...,  0.06262937,
          0.22209859, -0.31665407],
        [ 0.28497829,  0.        ,  0.18842209, ...,  0.34445122,
          0.49074978, -0.03321006],
        [ 0.09926483, -0.18842209,  0.        , ...,  0.16139   ,
          0.31778727, -0.22093336],
        ...,
        [-0.06262937, -0.34445122, -0.16139   , ...,  0.        ,
          0.16059743, -0.37543896],
        [-0.22209859, -0.49074978, -0.31778727, ..., -0.16059743,
          0.        , -0.51941502],
        [ 0.31665407,  0.03321006,  0.22093336, ...,  0.37543896,
          0.51941502,  0.        ]],

       [[ 0.        ,  0.20502609,  0.39978859, ..., -0.94200186,
         -0.9951445 , -0.96517874],
        [-0.20502609,  0.        ,  0.20336726, ..., -0.99079878,
         -0.99418379, -0.89104193],
        [-0.39978859, -0.20336726,  0.        , ..., -0.99761796,
         -0.95150585, -0.78010873],
        ...,
        [ 0.94200186,  0.99079878,  0.99761796, ...,  0.        ,
         -0.24126188, -0.57034085],
        [ 0.9951445 ,  0.99418379,  0.95150585, ...,  0.24126188,
          0.        , -0.35531854],
        [ 0.96517874,  0.89104193,  0.78010873, ...,  0.57034085,
          0.35531854,  0.        ]],

       ...,

       [[ 0.        ,  0.23086491,  0.38944499, ..., -0.72254755,
         -0.75202796, -0.71540828],
        [-0.23086491,  0.        ,  0.16628638, ..., -0.86263033,
         -0.88388281, -0.85738896],
        [-0.38944499, -0.16628638,  0.        , ..., -0.93473381,
         -0.94935049, -0.93103441],
        ...,
        [ 0.72254755,  0.86263033,  0.93473381, ...,  0.        ,
         -0.04363926,  0.01027185],
        [ 0.75202796,  0.88388281,  0.94935049, ...,  0.04363926,
          0.        ,  0.05389902],
        [ 0.71540828,  0.85738896,  0.93103441, ..., -0.01027185,
         -0.05389902,  0.        ]],

       [[ 0.        ,  0.14089903,  0.26362429, ..., -0.99140733,
         -0.95705074, -0.94343411],
        [-0.14089903,  0.        ,  0.12507958, ..., -0.99994816,
         -0.98835269, -0.98073887],
        [-0.26362429, -0.12507958,  0.        , ..., -0.99082167,
         -0.99962557, -0.99746783],
        ...,
        [ 0.99140733,  0.99994816,  0.99082167, ...,  0.        ,
          0.16223659,  0.2052996 ],
        [ 0.95705074,  0.98835269,  0.99962557, ..., -0.16223659,
          0.        ,  0.04379895],
        [ 0.94343411,  0.98073887,  0.99746783, ..., -0.2052996 ,
         -0.04379895,  0.        ]],

       [[ 0.        , -0.03831129, -0.05536375, ..., -0.26741996,
         -0.33249076, -0.37036905],
        [ 0.03831129,  0.        , -0.01707057, ..., -0.23030763,
         -0.29611504, -0.33451038],
        [ 0.05536375,  0.01707057,  0.        , ..., -0.2136624 ,
         -0.2797669 , -0.31837446],
        ...,
        [ 0.26741996,  0.23030763,  0.2136624 , ...,  0.        ,
         -0.06817597, -0.10847794],
        [ 0.33249076,  0.29611504,  0.2797669 , ...,  0.06817597,
          0.        , -0.04045189],
        [ 0.37036905,  0.33451038,  0.31837446, ...,  0.10847794,
          0.04045189,  0.        ]]]), 'num': array([ 1.45761349e-01,  1.45761349e-01,  0.00000000e+00,  3.34765231e-01,
        3.36465780e-01,  3.33307618e-01,  6.13412343e-03, -2.18642023e-03,
        3.40109814e-01,  3.47312854e-01,  3.78388364e-01,  8.80873291e-06,
        3.60781458e-01,  3.33844250e-01])}
{'img': array([[[ 0.        ,  0.04450237,  0.05212917, ..., -0.6968965 ,
         -0.90672194, -0.82624481],
        [-0.04450237,  0.        ,  0.00763566, ..., -0.66429022,
         -0.88705569, -0.80035754],
        [-0.05212917, -0.00763566,  0.        , ..., -0.65856339,
         -0.88350473, -0.79575646],
        ...,
        [ 0.6968965 ,  0.66429022,  0.65856339, ...,  0.        ,
          0.35637389,  0.1999898 ],
        [ 0.90672194,  0.88705569,  0.88350473, ..., -0.35637389,
          0.        , -0.16231526],
        [ 0.82624481,  0.80035754,  0.79575646, ..., -0.1999898 ,
          0.16231526,  0.        ]],

       [[ 0.        ,  0.18842209,  0.07514767, ...,  0.49074978,
         -0.03321006, -0.15429965],
        [-0.18842209,  0.        , -0.11408768, ...,  0.31778727,
         -0.22093336, -0.33770142],
        [-0.07514767,  0.11408768,  0.        , ...,  0.42388594,
         -0.10822237, -0.22811106],
        ...,
        [-0.49074978, -0.31778727, -0.42388594, ...,  0.        ,
         -0.51941502, -0.61931398],
        [ 0.03321006,  0.22093336,  0.10822237, ...,  0.51941502,
          0.        , -0.1214022 ],
        [ 0.15429965,  0.33770142,  0.22811106, ...,  0.61931398,
          0.1214022 ,  0.        ]],

       [[ 0.        ,  0.19938828,  0.26571306, ..., -0.99990244,
         -0.99039018, -0.88235294],
        [-0.19938828,  0.        ,  0.06815699, ..., -0.98261003,
         -0.94292803, -0.77080602],
        [-0.26571306, -0.06815699,  0.        , ..., -0.9676696 ,
         -0.9180393 , -0.72559282],
        ...,
        [ 0.99990244,  0.98261003,  0.9676696 , ...,  0.        ,
         -0.15212172, -0.48286705],
        [ 0.99039018,  0.94292803,  0.9180393 , ...,  0.15212172,
          0.        , -0.3440353 ],
        [ 0.88235294,  0.77080602,  0.72559282, ...,  0.48286705,
          0.3440353 ,  0.        ]],

       ...,

       [[ 0.        ,  0.16628638,  0.29883041, ..., -0.88388281,
         -0.85738896, -0.94829659],
        [-0.16628638,  0.        ,  0.13598181, ..., -0.94935049,
         -0.93103441, -0.98787083],
        [-0.29883041, -0.13598181,  0.        , ..., -0.98326038,
         -0.97201037, -0.9998098 ],
        ...,
        [ 0.88388281,  0.94935049,  0.98326038, ...,  0.        ,
          0.05389902, -0.16299471],
        [ 0.85738896,  0.93103441,  0.97201037, ..., -0.05389902,
          0.        , -0.21593601],
        [ 0.94829659,  0.98787083,  0.9998098 , ...,  0.16299471,
          0.21593601,  0.        ]],

       [[ 0.        ,  0.12507958,  0.23653135, ..., -0.98835269,
         -0.98073887, -0.97495109],
        [-0.12507958,  0.        ,  0.11314349, ..., -0.99962557,
         -0.99746783, -0.99511464],
        [-0.23653135, -0.11314349,  0.        , ..., -0.99630256,
         -0.99910941, -0.99989489],
        ...,
        [ 0.98835269,  0.99962557,  0.99630256, ...,  0.        ,
          0.04379895,  0.07146001],
        [ 0.98073887,  0.99746783,  0.99910941, ..., -0.04379895,
          0.        ,  0.02770446],
        [ 0.97495109,  0.99511464,  0.99989489, ..., -0.07146001,
         -0.02770446,  0.        ]],

       [[ 0.        , -0.01707057, -0.04431666, ..., -0.29611504,
         -0.33451038, -0.39037231],
        [ 0.01707057,  0.        , -0.0272564 , ..., -0.2797669 ,
         -0.31837446, -0.37459928],
        [ 0.04431666,  0.0272564 ,  0.        , ..., -0.25349495,
         -0.29241806, -0.34918833],
        ...,
        [ 0.29611504,  0.2797669 ,  0.25349495, ...,  0.        ,
         -0.04045189, -0.1002446 ],
        [ 0.33451038,  0.31837446,  0.29241806, ...,  0.04045189,
          0.        , -0.05991442],
        [ 0.39037231,  0.37459928,  0.34918833, ...,  0.1002446 ,
          0.05991442,  0.        ]]]), 'num': array([1.46124097e-01, 1.46124097e-01, 0.00000000e+00, 3.37546663e-01,
       3.38764364e-01, 3.30727539e-01, 9.05774567e-03, 1.94832129e-03,
       3.37692787e-01, 3.47288270e-01, 3.77998684e-01, 9.61097187e-06,
       3.61127695e-01, 3.33448844e-01])}
{'img': array([[[ 0.00000000e+00,  7.63566182e-03,  3.28574747e-01, ...,
         -8.87055690e-01, -8.00357542e-01, -8.80294192e-01],
        [-7.63566182e-03,  0.00000000e+00,  3.21353454e-01, ...,
         -8.83504732e-01, -7.95756456e-01, -8.76645957e-01],
        [-3.28574747e-01, -3.21353454e-01,  0.00000000e+00, ...,
         -6.86113940e-01, -5.58931955e-01, -6.75533340e-01],
        ...,
        [ 8.87055690e-01,  8.83504732e-01,  6.86113940e-01, ...,
          0.00000000e+00, -1.62315260e-01, -1.44454914e-02],
        [ 8.00357542e-01,  7.95756456e-01,  5.58931955e-01, ...,
          1.62315260e-01,  0.00000000e+00,  1.48044395e-01],
        [ 8.80294192e-01,  8.76645957e-01,  6.75533340e-01, ...,
          1.44454914e-02, -1.48044395e-01,  0.00000000e+00]],

       [[ 0.00000000e+00, -1.14087679e-01,  1.33965606e-01, ...,
         -2.20933362e-01, -3.37701420e-01, -1.13644128e-01],
        [ 1.14087679e-01,  0.00000000e+00,  2.46150193e-01, ...,
         -1.08222371e-01, -2.28111058e-01,  4.46454457e-04],
        [-1.33965606e-01, -2.46150193e-01,  0.00000000e+00, ...,
         -3.49597034e-01, -4.60752940e-01, -2.45717450e-01],
        ...,
        [ 2.20933362e-01,  1.08222371e-01,  3.49597034e-01, ...,
          0.00000000e+00, -1.21402195e-01,  1.08666192e-01],
        [ 3.37701420e-01,  2.28111058e-01,  4.60752940e-01, ...,
          1.21402195e-01,  0.00000000e+00,  2.28545719e-01],
        [ 1.13644128e-01, -4.46454457e-04,  2.45717450e-01, ...,
         -1.08666192e-01, -2.28545719e-01,  0.00000000e+00]],

       [[ 0.00000000e+00,  6.66844103e-02,  2.10736304e-01, ...,
         -9.81818792e-01, -9.47100529e-01, -7.59865554e-01],
        [-6.66844103e-02,  0.00000000e+00,  1.45080354e-01, ...,
         -9.66975304e-01, -9.23590897e-01, -7.14823964e-01],
        [-2.10736304e-01, -1.45080354e-01,  0.00000000e+00, ...,
         -9.19767943e-01, -8.58198354e-01, -6.05805701e-01],
        ...,
        [ 9.81818792e-01,  9.66975304e-01,  9.19767943e-01, ...,
          0.00000000e+00, -1.35322835e-01, -4.94022879e-01],
        [ 9.47100529e-01,  9.23590897e-01,  8.58198354e-01, ...,
          1.35322835e-01,  0.00000000e+00, -3.71822348e-01],
        [ 7.59865554e-01,  7.14823964e-01,  6.05805701e-01, ...,
          4.94022879e-01,  3.71822348e-01,  0.00000000e+00]],

       ...,

       [[ 0.00000000e+00,  1.35981810e-01,  2.08122471e-01, ...,
         -9.31034409e-01, -9.87870826e-01, -9.71897289e-01],
        [-1.35981810e-01,  0.00000000e+00,  7.31851051e-02, ...,
         -9.72010374e-01, -9.99809796e-01, -9.94880500e-01],
        [-2.08122471e-01, -7.31851051e-02,  0.00000000e+00, ...,
         -9.86597764e-01, -9.98556019e-01, -9.99608569e-01],
        ...,
        [ 9.31034409e-01,  9.72010374e-01,  9.86597764e-01, ...,
          0.00000000e+00, -2.15936006e-01, -1.35505399e-01],
        [ 9.87870826e-01,  9.99809796e-01,  9.98556019e-01, ...,
          2.15936006e-01,  0.00000000e+00,  8.16358529e-02],
        [ 9.71897289e-01,  9.94880500e-01,  9.99608569e-01, ...,
          1.35505399e-01, -8.16358529e-02,  0.00000000e+00]],

       [[ 0.00000000e+00,  1.13143493e-01,  2.53235465e-01, ...,
         -9.97467828e-01, -9.95114640e-01, -9.98023409e-01],
        [-1.13143493e-01,  0.00000000e+00,  1.42153810e-01, ...,
         -9.99109414e-01, -9.99894890e-01, -9.98725065e-01],
        [-2.53235465e-01, -1.42153810e-01,  0.00000000e+00, ...,
         -9.82964926e-01, -9.87679514e-01, -9.81406650e-01],
        ...,
        [ 9.97467828e-01,  9.99109414e-01,  9.82964926e-01, ...,
          0.00000000e+00,  2.77044588e-02, -8.29444091e-03],
        [ 9.95114640e-01,  9.99894890e-01,  9.87679514e-01, ...,
         -2.77044588e-02,  0.00000000e+00, -3.59947629e-02],
        [ 9.98023409e-01,  9.98725065e-01,  9.81406650e-01, ...,
          8.29444091e-03,  3.59947629e-02,  0.00000000e+00]],

       [[ 0.00000000e+00, -2.72564037e-02, -3.73003519e-02, ...,
         -3.18374462e-01, -3.74599285e-01, -4.09383700e-01],
        [ 2.72564037e-02,  0.00000000e+00, -1.00490580e-02, ...,
         -2.92418060e-01, -3.49188334e-01, -3.84363888e-01],
        [ 3.73003519e-02,  1.00490580e-02,  0.00000000e+00, ...,
         -2.82793476e-01, -3.39754207e-01, -3.75067374e-01],
        ...,
        [ 3.18374462e-01,  2.92418060e-01,  2.82793476e-01, ...,
          0.00000000e+00, -5.99144221e-02, -9.76085720e-02],
        [ 3.74599285e-01,  3.49188334e-01,  3.39754207e-01, ...,
          5.99144221e-02,  0.00000000e+00, -3.78048963e-02],
        [ 4.09383700e-01,  3.84363888e-01,  3.75067374e-01, ...,
          9.76085720e-02,  3.78048963e-02,  0.00000000e+00]]]), 'num': array([1.45563748e-01, 1.45563748e-01, 0.00000000e+00, 3.37950502e-01,
       3.43530446e-01, 3.37222683e-01, 1.07598297e-02, 1.69824373e-03,
       3.35670003e-01, 3.45301471e-01, 3.75226952e-01, 1.12128938e-05,
       3.59300588e-01, 3.31302355e-01])}
{'img': array([[[ 0.00000000e+00,  3.21353454e-01,  4.36954825e-01, ...,
         -7.95756456e-01, -8.76645957e-01, -9.17032588e-01],
        [-3.21353454e-01,  0.00000000e+00,  1.24726331e-01, ...,
         -5.58931955e-01, -6.75533340e-01, -7.40232854e-01],
        [-4.36954825e-01, -1.24726331e-01,  0.00000000e+00, ...,
         -4.51142598e-01, -5.78293828e-01, -6.50592689e-01],
        ...,
        [ 7.95756456e-01,  5.58931955e-01,  4.51142598e-01, ...,
          0.00000000e+00,  1.48044395e-01,  2.38012862e-01],
        [ 8.76645957e-01,  6.75533340e-01,  5.78293828e-01, ...,
         -1.48044395e-01,  0.00000000e+00,  9.16002352e-02],
        [ 9.17032588e-01,  7.40232854e-01,  6.50592689e-01, ...,
         -2.38012862e-01, -9.16002352e-02,  0.00000000e+00]],

       [[ 0.00000000e+00,  2.46150193e-01, -2.47788953e-01, ...,
         -2.28111058e-01,  4.46454457e-04,  1.17262387e-01],
        [-2.46150193e-01,  0.00000000e+00, -4.78638669e-01, ...,
         -4.60752940e-01, -2.45717450e-01, -1.30797572e-01],
        [ 2.47788953e-01,  4.78638669e-01,  0.00000000e+00, ...,
          2.02588323e-02,  2.48221460e-01,  3.59684896e-01],
        ...,
        [ 2.28111058e-01,  4.60752940e-01, -2.02588323e-02, ...,
          0.00000000e+00,  2.28545719e-01,  3.40708091e-01],
