state_0,state_1,state_2,state_3,state_4,state_5,state_6,state_7,state_8,state_9,state_10,state_11,state_12,state_13,state_14,state_15,state_16,state_17,state_18,state_19,state_20,state_21,state_22,state_23,state_24,state_25,state_26,state_27,state_28,state_29,state_30,state_31,state_32,state_33,state_34,state_35,state_36,state_37,state_38,state_39,state_40,state_41,state_42,state_43,state_44,state_45,state_46,state_47,state_48,state_49,state_50,state_51,state_52,state_53,state_54,state_55,state_56,state_57,state_58,state_59,state_60,state_61,state_62,state_63,state_64,state_65,state_66,state_67,state_68,state_69,state_70,state_71,state_72,state_73,state_74,state_75,state_76,state_77,state_78,state_79,state_80,state_81,state_82,state_83,state_84,state_85,state_86,state_87,state_88,state_89,state_90,state_91,state_92,state_93,state_94,state_95,state_96,state_97,state_98,state_99,state_100,state_101,state_102,state_103,state_104,state_105,state_106,state_107,state_108,state_109,state_110,state_111,state_112,state_113,state_114,state_115,state_116,state_117,state_118,state_119,state_120,state_121,state_122,state_123,state_124,state_125,state_126,state_127,state_128,state_129,state_130,state_131,state_132,state_133,state_134,state_135,state_136,state_137,state_138,state_139,state_140,state_141,state_142,state_143,state_144,state_145,state_146,state_147,state_148,state_149,state_150,state_151,state_152,state_153,state_154,state_155,state_156,state_157,state_158,state_159,state_160,state_161,state_162,state_163,state_164,state_165,state_166,state_167,state_168,state_169,state_170,state_171,state_172,state_173,state_174,state_175,state_176,state_177,state_178,state_179,state_180,state_181,state_182,state_183,state_184,state_185,state_186,state_187,state_188,state_189,state_190,state_191,state_192,state_193,state_194,state_195,state_196,state_197,state_198,state_199,state_200,state_201,state_202,state_203,state_204,state_205,state_206,state_207,state_208,state_209,state_210,state_211,state_212,state_213,state_214,state_215,state_216,state_217,state_218,state_219,state_220,state_221,state_222,state_223,state_224,state_225,state_226,state_227,state_228,state_229,state_230,state_231,state_232,state_233,state_234,state_235,state_236,state_237,state_238,state_239,state_240,state_241,state_242,state_243,state_244,state_245,state_246,state_247,state_248,state_249,state_250,state_251,state_252,state_253,state_254,state_255,state_256,state_257,state_258,state_259,state_260,state_261,state_262,state_263,state_264,state_265,state_266,state_267,state_268,state_269,state_270,state_271,state_272,state_273,state_274,state_275,state_276,state_277,state_278,state_279,state_280,state_281,state_282,state_283,state_284,state_285,state_286,state_287
{'img': array([[[ 0.        ,  0.26728079,  0.24201349, ...,  0.72991936,
          0.8191298 ,  0.54768441],
        [-0.26728079,  0.        , -0.02612658, ...,  0.52066862,
          0.63601433,  0.30412911],
        [-0.24201349,  0.02612658,  0.        , ...,  0.54279669,
          0.65595851,  0.32891428],
        ...,
        [-0.72991936, -0.52066862, -0.54279669, ...,  0.        ,
          0.14121474, -0.23635206],
        [-0.8191298 , -0.63601433, -0.65595851, ..., -0.14121474,
          0.        , -0.37119734],
        [-0.54768441, -0.30412911, -0.32891428, ...,  0.23635206,
          0.37119734,  0.        ]],

       [[ 0.        ,  0.13094363,  0.05687219, ...,  0.36516937,
          0.14643701,  0.34615781],
        [-0.13094363,  0.        , -0.07434918, ...,  0.24012439,
          0.01564411,  0.22032912],
        [-0.05687219,  0.07434918,  0.        , ...,  0.31163367,
          0.08994089,  0.2922414 ],
        ...,
        [-0.36516937, -0.24012439, -0.31163367, ...,  0.        ,
         -0.22490861, -0.02034072],
        [-0.14643701, -0.01564411, -0.08994089, ...,  0.22490861,
          0.        ,  0.20504249],
        [-0.34615781, -0.22032912, -0.2922414 , ...,  0.02034072,
         -0.20504249,  0.        ]],

       [[ 0.        , -0.05961098, -0.1268406 , ...,  0.97015876,
          0.91938446,  0.75589919],
        [ 0.05961098,  0.        , -0.06748553, ...,  0.98288742,
          0.94119808,  0.79358156],
        [ 0.1268406 ,  0.06748553,  0.        , ...,  0.99307801,
          0.96185273,  0.8328349 ],
        ...,
        [-0.97015876, -0.98288742, -0.99307801, ...,  0.        ,
         -0.15869815, -0.45186803],
        [-0.91938446, -0.94119808, -0.96185273, ...,  0.15869815,
          0.        , -0.30456937],
        [-0.75589919, -0.79358156, -0.8328349 , ...,  0.45186803,
          0.30456937,  0.        ]],

       ...,

       [[ 0.        ,  0.56532877,  0.68248688, ...,  0.99253864,
          0.99999809,  0.97480277],
        [-0.56532877,  0.        ,  0.14976242, ...,  0.74978023,
          0.8237603 ,  0.67797429],
        [-0.68248688, -0.14976242,  0.        , ...,  0.64222838,
          0.7295639 ,  0.5602399 ],
        ...,
        [-0.99253864, -0.74978023, -0.64222838, ...,  0.        ,
          0.11999235, -0.10254593],
        [-0.99999809, -0.8237603 , -0.7295639 , ..., -0.11999235,
          0.        , -0.22116479],
        [-0.97480277, -0.67797429, -0.5602399 , ...,  0.10254593,
          0.22116479,  0.        ]],

       [[ 0.        , -0.51125486, -0.71642717, ..., -0.97042298,
         -0.97306624, -0.97117454],
        [ 0.51125486,  0.        , -0.25903537, ..., -0.95743231,
         -0.95413887, -0.95652327],
        [ 0.71642717,  0.25903537,  0.        , ..., -0.84998048,
         -0.84402609, -0.84832584],
        ...,
        [ 0.97042298,  0.95743231,  0.84998048, ...,  0.        ,
          0.01120142,  0.00313293],
        [ 0.97306624,  0.95413887,  0.84402609, ..., -0.01120142,
          0.        , -0.00806863],
        [ 0.97117454,  0.95652327,  0.84832584, ..., -0.00313293,
          0.00806863,  0.        ]],

       [[ 0.        , -0.13702292, -0.23048329, ...,  0.73518107,
          0.85897443,  0.91575997],
        [ 0.13702292,  0.        , -0.09497559, ...,  0.82113059,
          0.92103075,  0.96216806],
        [ 0.23048329,  0.09497559,  0.        , ...,  0.87162515,
          0.95385935,  0.98369541],
        ...,
        [-0.73518107, -0.82113059, -0.87162515, ...,  0.        ,
          0.20584737,  0.32542567],
        [-0.85897443, -0.92103075, -0.95385935, ..., -0.20584737,
          0.        ,  0.12381378],
        [-0.91575997, -0.96216806, -0.98369541, ..., -0.32542567,
         -0.12381378,  0.        ]]]), 'num': array([ 7.06699028e-01,  7.06699028e-01,  0.00000000e+00,  1.18662150e-02,
        1.20508006e-02,  1.17607376e-02,  1.03541955e-03, -5.27387334e-05,
        1.21510042e-02,  1.21022209e-02,  1.18187502e-02,  2.75158609e-06,
        1.27458657e-02,  1.14585760e-02])}
{'img': array([[[ 0.        , -0.02612658,  0.07764214, ...,  0.63601433,
          0.30412911,  0.25462923],
        [ 0.02612658,  0.        ,  0.10366335, ...,  0.65595851,
          0.32891428,  0.27980773],
        [-0.07764214, -0.10366335,  0.        , ...,  0.57417972,
          0.22924674,  0.17877762],
        ...,
        [-0.63601433, -0.65595851, -0.57417972, ...,  0.        ,
         -0.37119734, -0.41855892],
        [-0.30412911, -0.32891428, -0.22924674, ...,  0.37119734,
          0.        , -0.05153698],
        [-0.25462923, -0.27980773, -0.17877762, ...,  0.41855892,
          0.05153698,  0.        ]],

       [[ 0.        , -0.07434918,  0.29659751, ...,  0.01564411,
          0.22032912,  0.27154842],
        [ 0.07434918,  0.        ,  0.36678026, ...,  0.08994089,
          0.2922414 ,  0.34235234],
        [-0.29659751, -0.36678026,  0.        , ..., -0.28162104,
         -0.07889392, -0.02612335],
        ...,
        [-0.01564411, -0.08994089,  0.28162104, ...,  0.        ,
          0.20504249,  0.25645891],
        [-0.22032912, -0.2922414 ,  0.07889392, ..., -0.20504249,
          0.        ,  0.05282507],
        [-0.27154842, -0.34235234,  0.02612335, ..., -0.25645891,
         -0.05282507,  0.        ]],

       [[ 0.        , -0.06748553, -0.00668811, ...,  0.94119808,
          0.79358156,  0.69301308],
        [ 0.06748553,  0.        ,  0.06081116, ...,  0.96185273,
          0.8328349 ,  0.74008519],
        [ 0.00668811, -0.06081116,  0.        , ...,  0.94343665,
          0.79763328,  0.6978192 ],
        ...,
        [-0.94119808, -0.96185273, -0.94343665, ...,  0.        ,
         -0.30456937, -0.44439514],
        [-0.79358156, -0.8328349 , -0.79763328, ...,  0.30456937,
          0.        , -0.15043935],
        [-0.69301308, -0.74008519, -0.6978192 , ...,  0.44439514,
          0.15043935,  0.        ]],

       ...,

       [[ 0.        ,  0.14976242, -0.14978247, ...,  0.8237603 ,
          0.67797429,  0.74624768],
        [-0.14976242,  0.        , -0.29616617, ...,  0.7295639 ,
          0.5602399 ,  0.6381394 ],
        [ 0.14978247,  0.29616617,  0.        , ...,  0.89938485,
          0.78042898,  0.8375347 ],
        ...,
        [-0.8237603 , -0.7295639 , -0.89938485, ...,  0.        ,
         -0.22116479, -0.12527484],
        [-0.67797429, -0.5602399 , -0.78042898, ...,  0.22116479,
          0.        ,  0.09724989],
        [-0.74624768, -0.6381394 , -0.8375347 , ...,  0.12527484,
         -0.09724989,  0.        ]],

       [[ 0.        , -0.56366528, -0.79058072, ..., -0.98503503,
         -0.98352153, -0.98227893],
        [ 0.56366528,  0.        , -0.30785744, ..., -0.91079229,
         -0.91429766, -0.91701055],
        [ 0.79058072,  0.30785744,  0.        , ..., -0.73945386,
         -0.74519702, -0.74968072],
        ...,
        [ 0.98503503,  0.91079229,  0.73945386, ...,  0.        ,
         -0.00857139, -0.01532015],
        [ 0.98352153,  0.91429766,  0.74519702, ...,  0.00857139,
          0.        , -0.0067492 ],
        [ 0.98227893,  0.91701055,  0.74968072, ...,  0.01532015,
          0.0067492 ,  0.        ]],

       [[ 0.        , -0.09497559, -0.08529078, ...,  0.92103075,
          0.96216806,  0.98487123],
        [ 0.09497559,  0.        ,  0.00972428, ...,  0.95385935,
          0.98369541,  0.99687733],
        [ 0.08529078, -0.00972428,  0.        , ...,  0.9508945 ,
          0.98190006,  0.99606231],
        ...,
        [-0.92103075, -0.95385935, -0.9508945 , ...,  0.        ,
          0.12381378,  0.22399401],
        [-0.96216806, -0.98369541, -0.98190006, ..., -0.12381378,
          0.        ,  0.10160274],
        [-0.98487123, -0.99687733, -0.99606231, ..., -0.22399401,
         -0.10160274,  0.        ]]]), 'num': array([9.70464566e-01, 2.36708292e-01, 3.25390809e-06, 1.63056950e-02,
       1.66310858e-02, 1.61249223e-02, 1.18738722e-03, 3.61545343e-05,
       1.64864676e-02, 1.66112008e-02, 1.62110906e-02, 3.40686958e-06,
       1.74536790e-02, 1.57687226e-02])}
{'img': array([[[ 0.        ,  0.10366335, -0.07925363, ...,  0.32891428,
          0.27980773,  0.30442953],
        [-0.10366335,  0.        , -0.18216392, ...,  0.22924674,
          0.17877762,  0.20404644],
        [ 0.07925363,  0.18216392,  0.        , ...,  0.40272362,
          0.35501552,  0.37896379],
        ...,
        [-0.32891428, -0.22924674, -0.40272362, ...,  0.        ,
         -0.05153698, -0.02581132],
        [-0.27980773, -0.17877762, -0.35501552, ...,  0.05153698,
          0.        ,  0.02574279],
        [-0.30442953, -0.20404644, -0.37896379, ...,  0.02581132,
         -0.02574279,  0.        ]],

       [[ 0.        ,  0.36678026,  0.31489813, ...,  0.2922414 ,
          0.34235234,  0.154358  ],
        [-0.36678026,  0.        , -0.05516836, ..., -0.07889392,
         -0.02612335, -0.21878397],
        [-0.31489813,  0.05516836,  0.        , ..., -0.02377737,
          0.02906597, -0.16461896],
        ...,
        [-0.2922414 ,  0.07889392,  0.02377737, ...,  0.        ,
          0.05282507, -0.14111944],
        [-0.34235234,  0.02612335, -0.02906597, ..., -0.05282507,
          0.        , -0.19321884],
        [-0.154358  ,  0.21878397,  0.16461896, ...,  0.14111944,
          0.19321884,  0.        ]],

       [[ 0.        ,  0.06081116,  0.06748553, ...,  0.8328349 ,
          0.74008519,  0.61803059],
        [-0.06081116,  0.        ,  0.00668811, ...,  0.79763328,
          0.6978192 ,  0.56907985],
        [-0.06748553, -0.00668811,  0.        , ...,  0.79358156,
          0.69301308,  0.56356762],
        ...,
        [-0.8328349 , -0.79763328, -0.79358156, ...,  0.        ,
         -0.15043935, -0.31264332],
        [-0.74008519, -0.6978192 , -0.69301308, ...,  0.15043935,
          0.        , -0.16618728],
        [-0.61803059, -0.56907985, -0.56356762, ...,  0.31264332,
          0.16618728,  0.        ]],

       ...,

       [[ 0.        , -0.29616617, -0.28298105, ...,  0.5602399 ,
          0.6381394 ,  0.50368789],
        [ 0.29616617,  0.        ,  0.01377501, ...,  0.78042898,
          0.8375347 ,  0.73694437],
        [ 0.28298105, -0.01377501,  0.        , ...,  0.77174219,
          0.82992878,  0.72756318],
        ...,
        [-0.5602399 , -0.78042898, -0.77174219, ...,  0.        ,
          0.09724989, -0.06676326],
        [-0.6381394 , -0.8375347 , -0.82992878, ..., -0.09724989,
          0.        , -0.1634797 ],
        [-0.50368789, -0.73694437, -0.72756318, ...,  0.06676326,
          0.1634797 ,  0.        ]],

       [[ 0.        , -0.64284459, -0.84514494, ..., -0.99470927,
         -0.99393203, -0.99137943],
        [ 0.64284459,  0.        , -0.30375381, ..., -0.82798339,
         -0.83205893, -0.84362024],
        [ 0.84514494,  0.30375381,  0.        , ..., -0.61853089,
         -0.62425624, -0.64066198],
        ...,
        [ 0.99470927,  0.82798339,  0.61853089, ...,  0.        ,
         -0.0073074 , -0.0284846 ],
        [ 0.99393203,  0.83205893,  0.62425624, ...,  0.0073074 ,
          0.        , -0.0211794 ],
        [ 0.99137943,  0.84362024,  0.64066198, ...,  0.0284846 ,
          0.0211794 ,  0.        ]],

       [[ 0.        ,  0.00963859, -0.00446735, ...,  0.97667017,
          0.99216715,  0.94950813],
        [-0.00963859,  0.        , -0.01410564, ...,  0.97455496,
          0.99091703,  0.95248806],
        [ 0.00446735,  0.01410564,  0.        , ...,  0.97761977,
          0.9927153 ,  0.94809705],
        ...,
        [-0.97667017, -0.97455496, -0.97761977, ...,  0.        ,
          0.09105977,  0.51032492],
        [-0.99216715, -0.99091703, -0.9927153 , ..., -0.09105977,
          0.        ,  0.429895  ],
        [-0.94950813, -0.95248806, -0.94809705, ..., -0.51032492,
         -0.429895  ,  0.        ]]]), 'num': array([ 9.98487174e-01,  2.59224391e-02,  4.40074541e-06,  1.67683575e-02,
        1.71097946e-02,  1.67304200e-02,  1.40641753e-03, -3.41437144e-04,
        1.71553196e-02,  1.74170881e-02,  1.70124218e-02,  3.34943344e-06,
        1.83319710e-02,  1.65022052e-02])}
{'img': array([[[ 0.        , -0.18216392, -0.10366335, ...,  0.17877762,
          0.20404644, -0.02581132],
        [ 0.18216392,  0.        ,  0.07925363, ...,  0.35501552,
          0.37896379,  0.15672379],
        [ 0.10366335, -0.07925363,  0.        , ...,  0.27980773,
          0.30442953,  0.07795656],
        ...,
        [-0.17877762, -0.35501552, -0.27980773, ...,  0.        ,
          0.02574279, -0.20411354],
        [-0.20404644, -0.37896379, -0.30442953, ..., -0.02574279,
          0.        , -0.22924674],
        [ 0.02581132, -0.15672379, -0.07795656, ...,  0.20411354,
          0.22924674,  0.        ]],

       [[ 0.        , -0.05516836, -0.50354298, ..., -0.02612335,
         -0.21878397, -0.08996823],
        [ 0.05516836,  0.        , -0.4551123 , ...,  0.02906597,
         -0.16461896, -0.03488658],
        [ 0.50354298,  0.4551123 ,  0.        , ...,  0.48080134,
          0.30232099,  0.42377107],
        ...,
        [ 0.02612335, -0.02906597, -0.48080134, ...,  0.        ,
         -0.19321884, -0.06392012],
        [ 0.21878397,  0.16461896, -0.30232099, ...,  0.19321884,
          0.        ,  0.13010812],
        [ 0.08996823,  0.03488658, -0.42377107, ...,  0.06392012,
         -0.13010812,  0.        ]],

       [[ 0.        ,  0.00668811,  0.06628586, ...,  0.6978192 ,
          0.56907985,  0.46142862],
        [-0.00668811,  0.        ,  0.05961098, ...,  0.69301308,
          0.56356762,  0.45548477],
        [-0.06628586, -0.05961098,  0.        , ...,  0.64880564,
          0.51332258,  0.40160648],
        ...,
        [-0.6978192 , -0.69301308, -0.64880564, ...,  0.        ,
         -0.16618728, -0.28858009],
        [-0.56907985, -0.56356762, -0.51332258, ...,  0.16618728,
          0.        , -0.12545018],
        [-0.46142862, -0.45548477, -0.40160648, ...,  0.28858009,
          0.12545018,  0.        ]],

       ...,

       [[ 0.        ,  0.01377501,  0.25215547, ...,  0.8375347 ,
          0.73694437,  0.66854786],
        [-0.01377501,  0.        ,  0.23880165, ...,  0.82992878,
          0.72756318,  0.65824037],
        [-0.25215547, -0.23880165,  0.        , ...,  0.67269746,
          0.54268594,  0.45942465],
        ...,
        [-0.8375347 , -0.82992878, -0.67269746, ...,  0.        ,
         -0.1634797 , -0.25756474],
        [-0.73694437, -0.72756318, -0.54268594, ...,  0.1634797 ,
          0.        , -0.09613558],
        [-0.66854786, -0.65824037, -0.45942465, ...,  0.25756474,
          0.09613558,  0.        ]],

       [[ 0.        , -0.6749417 , -0.82976422, ..., -0.99996853,
         -0.99987393, -0.99999733],
        [ 0.6749417 ,  0.        , -0.23556453, ..., -0.73249289,
         -0.748495  , -0.73630928],
        [ 0.82976422,  0.23556453,  0.        , ..., -0.55151323,
         -0.57121902, -0.556195  ],
        ...,
        [ 0.99996853,  0.73249289,  0.55151323, ...,  0.        ,
         -0.02381079, -0.00562297],
        [ 0.99987393,  0.748495  ,  0.57121902, ...,  0.02381079,
          0.        ,  0.01818904],
        [ 0.99999733,  0.73630928,  0.556195  , ...,  0.00562297,
         -0.01818904,  0.        ]],

       [[ 0.        , -0.01410564, -0.05390852, ...,  0.99091703,
          0.95248806,  0.99770392],
        [ 0.01410564,  0.        , -0.03981802, ...,  0.9927153 ,
          0.94809705,  0.99855998],
        [ 0.05390852,  0.03981802,  0.        , ...,  0.99672545,
          0.93468379,  0.99990418],
        ...,
        [-0.99091703, -0.9927153 , -0.99672545, ...,  0.        ,
          0.429895  ,  0.06705443],
        [-0.95248806, -0.94809705, -0.93468379, ..., -0.429895  ,
          0.        , -0.36838542],
        [-0.99770392, -0.99855998, -0.99990418, ..., -0.06705443,
          0.36838542,  0.        ]]]), 'num': array([ 9.98498932e-01,  2.59799966e-02,  4.41051671e-06,  1.67675678e-02,
        1.68055895e-02,  1.61592207e-02,  2.73102237e-03, -3.80216958e-05,
        1.70033024e-02,  1.74272443e-02,  1.70489284e-02,  3.54869161e-06,
        1.83913098e-02,  1.64631787e-02])}
{'img': array([[[ 0.        ,  0.07925363, -0.2789291 , ...,  0.37896379,
          0.15672379,  0.13109351],
        [-0.07925363,  0.        , -0.35415991, ...,  0.30442953,
          0.07795656,  0.05211148],
        [ 0.2789291 ,  0.35415991,  0.        , ...,  0.62204756,
          0.42598591,  0.40241258],
        ...,
        [-0.37896379, -0.30442953, -0.62204756, ...,  0.        ,
         -0.22924674, -0.25437789],
        [-0.15672379, -0.07795656, -0.42598591, ...,  0.22924674,
          0.        , -0.02589774],
        [-0.13109351, -0.05211148, -0.40241258, ...,  0.25437789,
          0.02589774,  0.        ]],

       [[ 0.        , -0.4551123 , -0.38804931, ..., -0.16461896,
         -0.03488658,  0.78433622],
        [ 0.4551123 ,  0.        ,  0.07391676, ...,  0.30232099,
          0.42377107,  0.9807222 ],
        [ 0.38804931, -0.07391676,  0.        , ...,  0.23103605,
          0.35566027,  0.96359548],
        ...,
        [ 0.16461896, -0.30232099, -0.23103605, ...,  0.        ,
          0.13010812,  0.87575476],
        [ 0.03488658, -0.42377107, -0.35566027, ..., -0.13010812,
          0.        ,  0.80550018],
        [-0.78433622, -0.9807222 , -0.96359548, ..., -0.87575476,
         -0.80550018,  0.        ]],

       [[ 0.        ,  0.05961098, -0.03357339, ...,  0.56356762,
          0.45548477,  0.30655853],
        [-0.05961098,  0.        , -0.09309106, ...,  0.51332258,
          0.40160648,  0.24927256],
        [ 0.03357339,  0.09309106,  0.        , ...,  0.59098387,
          0.48511648,  0.3383426 ],
        ...,
        [-0.56356762, -0.51332258, -0.59098387, ...,  0.        ,
         -0.12545018, -0.28319407],
        [-0.45548477, -0.40160648, -0.48511648, ...,  0.12545018,
          0.        , -0.16064223],
        [-0.30655853, -0.24927256, -0.3383426 , ...,  0.28319407,
          0.16064223,  0.        ]],

       ...,

       [[ 0.        ,  0.23880165,  0.10195464, ...,  0.72756318,
          0.65824037,  0.71752996],
        [-0.23880165,  0.        , -0.13855235, ...,  0.54268594,
          0.45942465,  0.5304387 ],
        [-0.10195464,  0.13855235,  0.        , ...,  0.65382686,
          0.57805807,  0.64277673],
        ...,
        [-0.72756318, -0.54268594, -0.65382686, ...,  0.        ,
         -0.09613558, -0.01451312],
        [-0.65824037, -0.45942465, -0.57805807, ...,  0.09613558,
          0.        ,  0.08167955],
        [-0.71752996, -0.5304387 , -0.64277673, ...,  0.01451312,
         -0.08167955,  0.        ]],

       [[ 0.        , -0.60905279, -0.90342534, ..., -0.99117498,
         -0.98814974, -0.98445585],
        [ 0.60905279,  0.        , -0.45540485, ..., -0.70539424,
         -0.69024557, -0.67383186],
        [ 0.90342534,  0.45540485,  0.        , ..., -0.30520366,
         -0.28499526, -0.26341035],
        ...,
        [ 0.99117498,  0.70539424,  0.30520366, ...,  0.        ,
          0.02114923,  0.04358278],
        [ 0.98814974,  0.69024557,  0.28499526, ..., -0.02114923,
          0.        ,  0.0224439 ],
        [ 0.98445585,  0.67383186,  0.26341035, ..., -0.04358278,
         -0.0224439 ,  0.        ]],

       [[ 0.        , -0.03981802, -0.01621806, ...,  0.94809705,
          0.99855998,  0.95411277],
        [ 0.03981802,  0.        ,  0.02360759, ...,  0.93468379,
          0.99990418,  0.96527952],
        [ 0.01621806, -0.02360759,  0.        , ...,  0.94281532,
          0.99929869,  0.95884375],
        ...,
        [-0.94809705, -0.93468379, -0.94281532, ...,  0.        ,
         -0.36838542, -0.58729513],
        [-0.99855998, -0.99990418, -0.99929869, ...,  0.36838542,
          0.        , -0.24783136],
        [-0.95411277, -0.96527952, -0.95884375, ...,  0.58729513,
          0.24783136,  0.        ]]]), 'num': array([ 9.10442412e-01,  4.11250720e-01,  2.32182182e-06,  1.51270210e-02,
        1.54788122e-02,  1.50214836e-02,  1.95870296e-03, -3.86970304e-04,
        1.55773137e-02,  1.60838930e-02,  1.57707988e-02,  2.82689345e-06,
        1.70743211e-02,  1.50934649e-02])}
{'img': array([[[ 0.        , -0.35415991, -0.35415991, ...,  0.07795656,
          0.05211148, -0.24201349],
        [ 0.35415991,  0.        ,  0.        , ...,  0.42598591,
          0.40241258,  0.1173044 ],
        [ 0.35415991,  0.        ,  0.        , ...,  0.42598591,
          0.40241258,  0.1173044 ],
        ...,
        [-0.07795656, -0.42598591, -0.42598591, ...,  0.        ,
         -0.02589774, -0.31691612],
        [-0.05211148, -0.40241258, -0.40241258, ...,  0.02589774,
          0.        , -0.29224702],
        [ 0.24201349, -0.1173044 , -0.1173044 , ...,  0.31691612,
          0.29224702,  0.        ]],

       [[ 0.        ,  0.07391676,  0.55110497, ...,  0.42377107,
          0.9807222 ,  0.80852924],
        [-0.07391676,  0.        ,  0.48791858, ...,  0.35566027,
          0.96359548,  0.76282068],
        [-0.55110497, -0.48791858,  0.        , ..., -0.14556418,
          0.71065996,  0.35036482],
        ...,
        [-0.42377107, -0.35566027,  0.14556418, ...,  0.        ,
          0.80550018,  0.48297036],
        [-0.9807222 , -0.96359548, -0.71065996, ..., -0.80550018,
          0.        , -0.41911943],
        [-0.80852924, -0.76282068, -0.35036482, ..., -0.48297036,
          0.41911943,  0.        ]],

       [[ 0.        , -0.09309106, -0.18142538, ...,  0.40160648,
          0.24927256,  0.11041739],
        [ 0.09309106,  0.        , -0.08909137, ...,  0.48511648,
          0.3383426 ,  0.20245975],
        [ 0.18142538,  0.08909137,  0.        , ...,  0.56109331,
          0.4208342 ,  0.288901  ],
        ...,
        [-0.40160648, -0.48511648, -0.56109331, ...,  0.        ,
         -0.16064223, -0.29802917],
        [-0.24927256, -0.3383426 , -0.4208342 , ...,  0.16064223,
          0.        , -0.14081645],
        [-0.11041739, -0.20245975, -0.288901  , ...,  0.29802917,
          0.14081645,  0.        ]],

       ...,

       [[ 0.        , -0.13855235, -0.04367352, ...,  0.45942465,
          0.5304387 ,  0.34019557],
        [ 0.13855235,  0.        ,  0.09516785, ...,  0.57805807,
          0.64277673,  0.46720277],
        [ 0.04367352, -0.09516785,  0.        , ...,  0.49777785,
          0.56695565,  0.38093958],
        ...,
        [-0.45942465, -0.57805807, -0.49777785, ...,  0.        ,
          0.08167955, -0.12985473],
        [-0.5304387 , -0.64277673, -0.56695565, ..., -0.08167955,
          0.        , -0.21040882],
        [-0.34019557, -0.46720277, -0.38093958, ...,  0.12985473,
          0.21040882,  0.        ]],

       [[ 0.        , -0.80477693, -0.9474305 , ..., -0.95805946,
         -0.95032384, -0.91898016],
        [ 0.80477693,  0.        , -0.30487555, ..., -0.3380579 ,
         -0.3135935 , -0.22815925],
        [ 0.9474305 ,  0.30487555,  0.        , ..., -0.03503761,
         -0.00916719,  0.07953701],
        ...,
        [ 0.95805946,  0.3380579 ,  0.03503761, ...,  0.        ,
          0.02587457,  0.11441478],
        [ 0.95032384,  0.3135935 ,  0.00916719, ..., -0.02587457,
          0.        ,  0.08867182],
        [ 0.91898016,  0.22815925, -0.07953701, ..., -0.11441478,
         -0.08867182,  0.        ]],

       [[ 0.        ,  0.02360759, -0.02616843, ...,  0.99990418,
          0.96527952,  0.82533582],
        [-0.02360759,  0.        , -0.04976064, ...,  0.99929869,
          0.95884375,  0.81177596],
        [ 0.02616843,  0.04976064,  0.        , ...,  0.99992402,
          0.97178465,  0.83982898],
        ...,
        [-0.99990418, -0.99929869, -0.99992402, ...,  0.        ,
         -0.24783136, -0.55316261],
        [-0.96527952, -0.95884375, -0.97178465, ...,  0.24783136,
          0.        , -0.32944401],
        [-0.82533582, -0.81177596, -0.83982898, ...,  0.55316261,
          0.32944401,  0.        ]]]), 'num': array([9.37968349e-01, 3.43736658e-01, 2.73839489e-06, 1.56376761e-02,
       1.57818021e-02, 1.54935500e-02, 1.48334527e-03, 1.44126047e-04,
       1.58394525e-02, 1.64375756e-02, 1.61499241e-02, 3.04404151e-06,
       1.75150564e-02, 1.53600949e-02])}
{'img': array([[[ 0.        ,  0.        ,  0.32946995, ...,  0.40241258,
          0.1173044 ,  0.22678304],
        [ 0.        ,  0.        ,  0.32946995, ...,  0.40241258,
          0.1173044 ,  0.22678304],
        [-0.32946995, -0.32946995,  0.        , ...,  0.07832826,
         -0.21644045, -0.10676485],
        ...,
        [-0.40241258, -0.40241258, -0.07832826, ...,  0.        ,
         -0.29224702, -0.18431739],
        [-0.1173044 , -0.1173044 ,  0.21644045, ...,  0.29224702,
          0.        ,  0.11096926],
        [-0.22678304, -0.22678304,  0.10676485, ...,  0.18431739,
         -0.11096926,  0.        ]],

       [[ 0.        ,  0.48791858,  0.15545205, ...,  0.96359548,
          0.76282068,  0.46311113],
        [-0.48791858,  0.        , -0.34629476, ...,  0.71065996,
          0.35036482, -0.02819766],
        [-0.15545205,  0.34629476,  0.        , ...,  0.91031912,
          0.65303054,  0.31970411],
        ...,
        [-0.96359548, -0.71065996, -0.91031912, ...,  0.        ,
         -0.41911943, -0.73021544],
        [-0.76282068, -0.35036482, -0.65303054, ...,  0.41911943,
          0.        , -0.3766358 ],
        [-0.46311113,  0.02819766, -0.31970411, ...,  0.73021544,
          0.3766358 ,  0.        ]],

       [[ 0.        , -0.08909137, -0.1240929 , ...,  0.3383426 ,
          0.20245975,  0.09963348],
        [ 0.08909137,  0.        , -0.03519668, ...,  0.4208342 ,
          0.288901  ,  0.18788536],
        [ 0.1240929 ,  0.03519668,  0.        , ...,  0.45250169,
          0.32241786,  0.22233881],
        ...,
        [-0.3383426 , -0.4208342 , -0.45250169, ...,  0.        ,
         -0.14081645, -0.24290168],
        [-0.20245975, -0.288901  , -0.32241786, ...,  0.14081645,
          0.        , -0.10388222],
        [-0.09963348, -0.18788536, -0.22233881, ...,  0.24290168,
          0.10388222,  0.        ]],

       ...,

       [[ 0.        ,  0.09516785,  0.60051265, ...,  0.64277673,
          0.46720277,  0.52628467],
        [-0.09516785,  0.        ,  0.5216894 , ...,  0.56695565,
          0.38093958,  0.44297396],
        [-0.60051265, -0.5216894 ,  0.        , ...,  0.05394922,
         -0.15736091, -0.08979572],
        ...,
        [-0.64277673, -0.56695565, -0.05394922, ...,  0.        ,
         -0.21040882, -0.14339623],
        [-0.46720277, -0.38093958,  0.15736091, ...,  0.21040882,
          0.        ,  0.06804823],
        [-0.52628467, -0.44297396,  0.08979572, ...,  0.14339623,
         -0.06804823,  0.        ]],

       [[ 0.        , -0.75423734, -0.90140975, ..., -0.76360416,
         -0.66154658, -0.60354704],
        [ 0.75423734,  0.        , -0.26530744, ..., -0.01438445,
          0.13123292,  0.20508396],
        [ 0.90140975,  0.26530744,  0.        , ...,  0.25141103,
          0.38954299,  0.45740271],
        ...,
        [ 0.76360416,  0.01438445, -0.25141103, ...,  0.        ,
          0.14547938,  0.21914144],
        [ 0.66154658, -0.13123292, -0.38954299, ..., -0.14547938,
          0.        ,  0.07486682],
        [ 0.60354704, -0.20508396, -0.45740271, ..., -0.21914144,
         -0.07486682,  0.        ]],

       [[ 0.        , -0.04976064, -0.05389461, ...,  0.95884375,
          0.81177596,  0.68617894],
        [ 0.04976064,  0.        , -0.00413952, ...,  0.97178465,
          0.83982898,  0.72152641],
        [ 0.05389461,  0.00413952,  0.        , ...,  0.97275272,
          0.84206892,  0.72438637],
        ...,
        [-0.95884375, -0.97178465, -0.97275272, ...,  0.        ,
         -0.32944401, -0.50266466],
        [-0.81177596, -0.83982898, -0.84206892, ...,  0.32944401,
          0.        , -0.18980522],
        [-0.68617894, -0.72152641, -0.72438637, ...,  0.50266466,
          0.18980522,  0.        ]]]), 'num': array([ 8.43605465e-01,  5.35409556e-01,  1.43014343e-06,  1.40089049e-02,
        1.42364278e-02,  1.39438984e-02,  7.70717295e-04, -9.75097792e-05,
        1.41584199e-02,  1.48052348e-02,  1.45712113e-02,  1.60768812e-06,
        1.58300930e-02,  1.37803766e-02])}
{'img': array([[[ 0.        ,  0.32946995,  0.2789291 , ...,  0.1173044 ,
          0.22678304,  0.14535829],
        [-0.32946995,  0.        , -0.05303845, ..., -0.21644045,
         -0.10676485, -0.18872831],
        [-0.2789291 ,  0.05303845,  0.        , ..., -0.16435458,
         -0.05387928, -0.13637736],
        ...,
        [-0.1173044 ,  0.21644045,  0.16435458, ...,  0.        ,
          0.11096926,  0.02829621],
        [-0.22678304,  0.10676485,  0.05387928, ..., -0.11096926,
          0.        , -0.08280338],
        [-0.14535829,  0.18872831,  0.13637736, ..., -0.02829621,
          0.08280338,  0.        ]],

       [[ 0.        , -0.34629476,  0.10059381, ...,  0.35036482,
         -0.02819766, -0.58179179],
        [ 0.34629476,  0.        ,  0.43890785, ...,  0.65303054,
          0.31970411, -0.26413926],
        [-0.10059381, -0.43890785,  0.        , ...,  0.25437011,
         -0.12860844, -0.66065744],
        ...,
        [-0.35036482, -0.65303054, -0.25437011, ...,  0.        ,
         -0.3766358 , -0.82987887],
        [ 0.02819766, -0.31970411,  0.12860844, ...,  0.3766358 ,
          0.        , -0.55862623],
        [ 0.58179179,  0.26413926,  0.66065744, ...,  0.82987887,
          0.55862623,  0.        ]],

       [[ 0.        , -0.03519668, -0.03519668, ...,  0.288901  ,
          0.18788536,  0.05522439],
        [ 0.03519668,  0.        ,  0.        , ...,  0.32241786,
          0.22233881,  0.09033314],
        [ 0.03519668,  0.        ,  0.        , ...,  0.32241786,
          0.22233881,  0.09033314],
        ...,
        [-0.288901  , -0.32241786, -0.32241786, ...,  0.        ,
         -0.10388222, -0.23559057],
        [-0.18788536, -0.22233881, -0.22233881, ...,  0.10388222,
          0.        , -0.13335774],
        [-0.05522439, -0.09033314, -0.09033314, ...,  0.23559057,
          0.13335774,  0.        ]],

       ...,

       [[ 0.        ,  0.5216894 ,  0.53735253, ...,  0.38093958,
          0.44297396, -0.19498371],
        [-0.5216894 ,  0.        ,  0.01846373, ..., -0.15736091,
         -0.08979572, -0.67802386],
        [-0.53735253, -0.01846373,  0.        , ..., -0.17556778,
         -0.10816956, -0.69147986],
        ...,
        [-0.38093958,  0.15736091,  0.17556778, ...,  0.        ,
          0.06804823, -0.55390993],
        [-0.44297396,  0.08979572,  0.10816956, ..., -0.06804823,
          0.        , -0.60928135],
        [ 0.19498371,  0.67802386,  0.69147986, ...,  0.55390993,
          0.60928135,  0.        ]],

       [[ 0.        , -0.3217395 , -0.77821473, ...,  0.1840096 ,
          0.30549841,  0.61926797],
        [ 0.3217395 ,  0.        , -0.53478382, ...,  0.4904711 ,
          0.59561248,  0.83896372],
        [ 0.77821473,  0.53478382,  0.        , ...,  0.88048399,
          0.93286277,  0.99993764],
        ...,
        [-0.1840096 , -0.4904711 , -0.88048399, ...,  0.        ,
          0.12506928,  0.46421302],
        [-0.30549841, -0.59561248, -0.93286277, ..., -0.12506928,
          0.        ,  0.34979122],
        [-0.61926797, -0.83896372, -0.99993764, ..., -0.46421302,
         -0.34979122,  0.        ]],

       [[ 0.        , -0.00413952,  0.16792918, ...,  0.83982898,
          0.72152641,  0.61039905],
        [ 0.00413952,  0.        ,  0.17200848, ...,  0.84206892,
          0.72438637,  0.61367271],
        [-0.16792918, -0.17200848,  0.        , ...,  0.73674208,
          0.59500808,  0.46871511],
        ...,
        [-0.83982898, -0.84206892, -0.73674208, ...,  0.        ,
         -0.18980522, -0.33386776],
        [-0.72152641, -0.72438637, -0.59500808, ...,  0.18980522,
          0.        , -0.14888446],
        [-0.61039905, -0.61367271, -0.46871511, ...,  0.33386776,
          0.14888446,  0.        ]]]), 'num': array([9.52902081e-01, 2.99830862e-01, 2.96850554e-06, 1.59285663e-02,
       1.60009689e-02, 1.55303522e-02, 8.65427970e-04, 3.25811584e-04,
       1.57548002e-02, 1.64589152e-02, 1.62374840e-02, 2.22225723e-06,
       1.76257597e-02, 1.52920707e-02])}
{'img': array([[[ 0.        , -0.05303845,  0.32934799, ..., -0.10676485,
         -0.18872831,  0.05237906],
        [ 0.05303845,  0.        ,  0.37896379, ..., -0.05387928,
         -0.13637736,  0.10527098],
        [-0.32934799, -0.37896379,  0.        , ..., -0.42827383,
         -0.50162829, -0.27943913],
        ...,
        [ 0.10676485,  0.05387928,  0.42827383, ...,  0.        ,
         -0.08280338,  0.15869797],
        [ 0.18872831,  0.13637736,  0.50162829, ...,  0.08280338,
          0.        ,  0.23990701],
        [-0.05237906, -0.10527098,  0.27943913, ..., -0.15869797,
         -0.23990701,  0.        ]],

       [[ 0.        ,  0.43890785,  0.59526225, ...,  0.31970411,
         -0.26413926, -0.25547603],
        [-0.43890785,  0.        ,  0.18218595, ..., -0.12860844,
         -0.66065744, -0.65389627],
        [-0.59526225, -0.18218595,  0.        , ..., -0.30712904,
         -0.78636546, -0.78079174],
        ...,
        [-0.31970411,  0.12860844,  0.30712904, ...,  0.        ,
         -0.55862623, -0.55116284],
        [ 0.26413926,  0.66065744,  0.78636546, ...,  0.55862623,
          0.        ,  0.00897122],
        [ 0.25547603,  0.65389627,  0.78079174, ...,  0.55116284,
         -0.00897122,  0.        ]],

       [[ 0.        ,  0.        ,  0.0835177 , ...,  0.22233881,
          0.09033314,  0.07668072],
        [ 0.        ,  0.        ,  0.0835177 , ...,  0.22233881,
          0.09033314,  0.07668072],
        [-0.0835177 , -0.0835177 ,  0.        , ...,  0.14013482,
          0.0068413 , -0.00685898],
        ...,
        [-0.22233881, -0.22233881, -0.14013482, ...,  0.        ,
         -0.13335774, -0.14692282],
        [-0.09033314, -0.09033314, -0.0068413 , ...,  0.13335774,
          0.        , -0.01369996],
        [-0.07668072, -0.07668072,  0.00685898, ...,  0.14692282,
          0.01369996,  0.        ]],

       ...,

       [[ 0.        ,  0.01846373,  0.1975187 , ..., -0.08979572,
         -0.67802386, -0.47332001],
        [-0.01846373,  0.        ,  0.17938504, ..., -0.10816956,
         -0.69147986, -0.48950385],
        [-0.1975187 , -0.17938504,  0.        , ..., -0.28474743,
         -0.80985032, -0.63798754],
        ...,
        [ 0.08979572,  0.10816956,  0.28474743, ...,  0.        ,
         -0.60928135, -0.39230769],
        [ 0.67802386,  0.69147986,  0.80985032, ...,  0.60928135,
          0.        ,  0.24935573],
        [ 0.47332001,  0.48950385,  0.63798754, ...,  0.39230769,
         -0.24935573,  0.        ]],

       [[ 0.        , -0.53478382, -0.83408844, ...,  0.59561248,
          0.83896372,  0.75315683],
        [ 0.53478382,  0.        , -0.40979229, ...,  0.93286277,
          0.99993764,  0.9882119 ],
        [ 0.83408844,  0.40979229,  0.        , ...,  0.99855797,
          0.91669856,  0.96416204],
        ...,
        [-0.59561248, -0.93286277, -0.99855797, ...,  0.        ,
          0.34979122,  0.21317141],
        [-0.83896372, -0.99993764, -0.91669856, ..., -0.34979122,
          0.        , -0.14204633],
        [-0.75315683, -0.9882119 , -0.96416204, ..., -0.21317141,
          0.14204633,  0.        ]],

       [[ 0.        ,  0.17200848,  0.36141428, ...,  0.72438637,
          0.61367271,  0.5350834 ],
        [-0.17200848,  0.        ,  0.19564595, ...,  0.59500808,
          0.46871511,  0.3817956 ],
        [-0.36141428, -0.19564595,  0.        , ...,  0.42626481,
          0.28683327,  0.19359211],
        ...,
        [-0.72438637, -0.59500808, -0.42626481, ...,  0.        ,
         -0.14888446, -0.24307766],
        [-0.61367271, -0.46871511, -0.28683327, ...,  0.14888446,
          0.        , -0.09594952],
        [-0.5350834 , -0.3817956 , -0.19359211, ...,  0.24307766,
          0.09594952,  0.        ]]]), 'num': array([ 9.04925751e-01,  4.23328748e-01,  2.21423910e-06,  1.50499064e-02,
        1.53612837e-02,  1.50153089e-02,  2.51073955e-03, -1.72987429e-04,
        1.50153089e-02,  1.56951495e-02,  1.55163958e-02,  1.67745386e-06,
        1.68489173e-02,  1.45413817e-02])}
{'img': array([[[ 0.        ,  0.37896379,  0.35501552, ..., -0.13637736,
          0.10527098, -0.02683197],
        [-0.37896379,  0.        , -0.02574279, ..., -0.50162829,
         -0.27943913, -0.40365796],
        [-0.35501552,  0.02574279,  0.        , ..., -0.47919239,
         -0.25462923, -0.37997185],
        ...,
        [ 0.13637736,  0.50162829,  0.47919239, ...,  0.        ,
          0.23990701,  0.10974697],
        [-0.10527098,  0.27943913,  0.25462923, ..., -0.23990701,
          0.        , -0.13191596],
        [ 0.02683197,  0.40365796,  0.37997185, ..., -0.10974697,
          0.13191596,  0.        ]],

       [[ 0.        ,  0.18218595, -0.49503825, ..., -0.66065744,
         -0.65389627,  0.65257982],
