state_0,state_1,state_2,state_3,state_4,state_5,state_6,state_7,state_8,state_9,state_10,state_11,state_12,state_13,state_14,state_15,state_16,state_17,state_18,state_19,state_20,state_21,state_22,state_23,state_24,state_25,state_26,state_27,state_28,state_29,state_30,state_31,state_32,state_33,state_34,state_35,state_36,state_37,state_38,state_39,state_40,state_41,state_42,state_43,state_44,state_45,state_46,state_47,state_48,state_49,state_50,state_51,state_52,state_53,state_54,state_55,state_56,state_57,state_58,state_59,state_60,state_61,state_62,state_63,state_64,state_65,state_66,state_67,state_68,state_69,state_70,state_71,state_72,state_73,state_74,state_75,state_76,state_77,state_78,state_79,state_80,state_81,state_82,state_83,state_84,state_85,state_86,state_87,state_88,state_89,state_90,state_91,state_92,state_93,state_94,state_95,state_96,state_97,state_98,state_99,state_100,state_101,state_102,state_103,state_104,state_105,state_106,state_107,state_108,state_109,state_110,state_111,state_112,state_113,state_114,state_115,state_116,state_117,state_118,state_119,state_120,state_121,state_122,state_123,state_124,state_125,state_126,state_127,state_128,state_129,state_130,state_131,state_132,state_133,state_134,state_135,state_136,state_137,state_138,state_139,state_140,state_141,state_142,state_143,state_144,state_145,state_146,state_147,state_148,state_149,state_150,state_151,state_152,state_153,state_154,state_155,state_156,state_157,state_158,state_159,state_160,state_161,state_162,state_163,state_164,state_165,state_166,state_167,state_168,state_169,state_170,state_171,state_172,state_173,state_174,state_175,state_176,state_177,state_178,state_179,state_180,state_181,state_182,state_183,state_184,state_185,state_186,state_187,state_188,state_189,state_190,state_191,state_192,state_193,state_194,state_195,state_196,state_197,state_198,state_199,state_200,state_201,state_202,state_203,state_204,state_205,state_206,state_207,state_208,state_209,state_210,state_211,state_212,state_213,state_214,state_215,state_216,state_217,state_218,state_219,state_220,state_221,state_222,state_223,state_224,state_225,state_226,state_227,state_228,state_229,state_230,state_231,state_232,state_233,state_234,state_235,state_236,state_237,state_238,state_239,state_240,state_241,state_242,state_243,state_244,state_245,state_246,state_247,state_248,state_249,state_250,state_251,state_252,state_253,state_254,state_255,state_256,state_257,state_258,state_259,state_260,state_261,state_262,state_263,state_264,state_265,state_266,state_267,state_268,state_269,state_270,state_271,state_272,state_273,state_274,state_275,state_276,state_277,state_278,state_279,state_280,state_281,state_282,state_283,state_284,state_285,state_286,state_287
{'img': array([[[ 0.        , -0.03039492, -0.2300447 , ..., -0.95320941,
         -0.82574199, -0.79129991],
        [ 0.03039492,  0.        , -0.20035868, ..., -0.94358028,
         -0.80821627, -0.77234999],
        [ 0.2300447 ,  0.20035868,  0.        , ..., -0.85809939,
         -0.67383938, -0.62942147],
        ...,
        [ 0.95320941,  0.94358028,  0.85809939, ...,  0.        ,
          0.28802516,  0.34360061],
        [ 0.82574199,  0.80821627,  0.67383938, ..., -0.28802516,
          0.        ,  0.05855079],
        [ 0.79129991,  0.77234999,  0.62942147, ..., -0.34360061,
         -0.05855079,  0.        ]],

       [[ 0.        ,  0.04186753,  0.33903044, ..., -0.52456406,
         -0.1150556 , -0.68672505],
        [-0.04186753,  0.        ,  0.29934523, ..., -0.5597489 ,
         -0.15654421, -0.71655714],
        [-0.33903044, -0.29934523,  0.        , ..., -0.78213764,
         -0.44502044, -0.89250112],
        ...,
        [ 0.52456406,  0.5597489 ,  0.78213764, ...,  0.        ,
          0.42312545, -0.20334312],
        [ 0.1150556 ,  0.15654421,  0.44502044, ..., -0.42312545,
          0.        , -0.59852865],
        [ 0.68672505,  0.71655714,  0.89250112, ...,  0.20334312,
          0.59852865,  0.        ]],

       [[ 0.        , -0.04087029, -0.11126865, ..., -0.77379139,
         -0.98718752, -0.9971145 ],
        [ 0.04087029,  0.        , -0.07055918, ..., -0.79903375,
         -0.99288413, -0.99317881],
        [ 0.11126865,  0.07055918,  0.        , ..., -0.8394685 ,
         -0.99881196, -0.98247612],
        ...,
        [ 0.77379139,  0.79903375,  0.8394685 , ...,  0.        ,
          0.501855  ,  0.69035302],
        [ 0.98718752,  0.99288413,  0.99881196, ..., -0.501855  ,
          0.        ,  0.23404369],
        [ 0.9971145 ,  0.99317881,  0.98247612, ..., -0.69035302,
         -0.23404369,  0.        ]],

       ...,

       [[ 0.        ,  0.09847308, -0.237401  , ..., -0.07223956,
          0.2424362 ,  0.41570624],
        [-0.09847308,  0.        , -0.33190507, ..., -0.17010426,
          0.14572252,  0.32412463],
        [ 0.237401  ,  0.33190507,  0.        , ...,  0.16660638,
          0.46582407,  0.61973788],
        ...,
        [ 0.07223956,  0.17010426, -0.16660638, ...,  0.        ,
          0.31188726,  0.48032194],
        [-0.2424362 , -0.14572252, -0.46582407, ..., -0.31188726,
          0.        ,  0.18280916],
        [-0.41570624, -0.32412463, -0.61973788, ..., -0.48032194,
         -0.18280916,  0.        ]],

       [[ 0.        , -0.56792097, -0.78101759, ..., -0.52977391,
         -0.37627003, -0.        ],
        [ 0.56792097,  0.        , -0.28817059, ..., -0.91772382,
         -0.83588599, -0.56792097],
        [ 0.78101759,  0.28817059,  0.        , ..., -0.99325999,
         -0.95860467, -0.78101759],
        ...,
        [ 0.52977391,  0.91772382,  0.99325999, ...,  0.        ,
         -0.1717116 , -0.52977391],
        [ 0.37627003,  0.83588599,  0.95860467, ...,  0.1717116 ,
          0.        , -0.37627003],
        [ 0.        ,  0.56792097,  0.78101759, ...,  0.52977391,
          0.37627003,  0.        ]],

       [[ 0.        , -0.01888649, -0.04093369, ..., -0.93111565,
         -0.89117878, -0.84920679],
        [ 0.01888649,  0.        , -0.02205573, ..., -0.93783792,
         -0.89958773, -0.85902853],
        [ 0.04093369,  0.02205573,  0.        , ..., -0.94526475,
         -0.90900152, -0.8701105 ],
        ...,
        [ 0.93111565,  0.93783792,  0.94526475, ...,  0.        ,
         -0.09736836, -0.18195917],
        [ 0.89117878,  0.89958773,  0.90900152, ...,  0.09736836,
          0.        , -0.08535168],
        [ 0.84920679,  0.85902853,  0.8701105 , ...,  0.18195917,
          0.08535168,  0.        ]]]), 'num': array([7.07106391e-01, 7.07106391e-01, 0.00000000e+00, 2.90040645e-04,
       2.90040645e-04, 2.81572305e-04, 6.64637666e-04, 6.35125501e-06,
       2.81290027e-04, 2.85877045e-04, 3.00155607e-04, 6.90680213e-07,
       3.05575418e-04, 2.66178671e-04])}
{'img': array([[[ 0.        , -0.20035868, -0.28035143, ..., -0.80821627,
         -0.77234999, -0.591337  ],
        [ 0.20035868,  0.        , -0.08234285, ..., -0.67383938,
         -0.62942147, -0.41777207],
        [ 0.28035143,  0.08234285,  0.        , ..., -0.61070975,
         -0.56329832, -0.34154059],
        ...,
        [ 0.80821627,  0.67383938,  0.61070975, ...,  0.        ,
          0.05855079,  0.30353549],
        [ 0.77234999,  0.62942147,  0.56329832, ..., -0.05855079,
          0.        ,  0.24722638],
        [ 0.591337  ,  0.41777207,  0.34154059, ..., -0.30353549,
         -0.24722638,  0.        ]],

       [[ 0.        ,  0.29934523,  0.3112489 , ..., -0.15654421,
         -0.71655714, -0.07899866],
        [-0.29934523,  0.        ,  0.01250026, ..., -0.44502044,
         -0.89250112, -0.37378585],
        [-0.3112489 , -0.01250026,  0.        , ..., -0.45617991,
         -0.89806957, -0.38535083],
        ...,
        [ 0.15654421,  0.44502044,  0.45617991, ...,  0.        ,
         -0.59852865,  0.07803028],
        [ 0.71655714,  0.89250112,  0.89806957, ...,  0.59852865,
          0.        ,  0.6592139 ],
        [ 0.07899866,  0.37378585,  0.38535083, ..., -0.07803028,
         -0.6592139 ,  0.        ]],

       [[ 0.        , -0.07055918, -0.18076291, ..., -0.99288413,
         -0.99317881, -0.95864301],
        [ 0.07055918,  0.        , -0.11091554, ..., -0.99881196,
         -0.98247612, -0.93617175],
        [ 0.18076291,  0.11091554,  0.        , ..., -0.9980541 ,
         -0.95574069, -0.89140384],
        ...,
        [ 0.99288413,  0.99881196,  0.9980541 , ...,  0.        ,
          0.23404369,  0.39674549],
        [ 0.99317881,  0.98247612,  0.95574069, ..., -0.23404369,
          0.        ,  0.1708909 ],
        [ 0.95864301,  0.93617175,  0.89140384, ..., -0.39674549,
         -0.1708909 ,  0.        ]],

       ...,

       [[ 0.        , -0.33190507, -0.59999381, ...,  0.14572252,
          0.32412463,  0.59952907],
        [ 0.33190507,  0.        , -0.30045624, ...,  0.46582407,
          0.61973788,  0.83118465],
        [ 0.59999381,  0.30045624,  0.        , ...,  0.71016787,
          0.82690399,  0.95983287],
        ...,
        [-0.14572252, -0.46582407, -0.71016787, ...,  0.        ,
          0.18280916,  0.47649994],
        [-0.32412463, -0.61973788, -0.82690399, ..., -0.18280916,
          0.        ,  0.30774902],
        [-0.59952907, -0.83118465, -0.95983287, ..., -0.47649994,
         -0.30774902,  0.        ]],

       [[ 0.        , -0.61407034, -0.86424743, ..., -0.51554701,
         -0.35502463, -0.        ],
        [ 0.61407034,  0.        , -0.3731899 , ..., -0.93306926,
         -0.85427158, -0.61407034],
        [ 0.86424743,  0.3731899 ,  0.        , ..., -0.99989485,
         -0.98654888, -0.86424743],
        ...,
        [ 0.51554701,  0.93306926,  0.99989485, ...,  0.        ,
         -0.17775584, -0.51554701],
        [ 0.35502463,  0.85427158,  0.98654888, ...,  0.17775584,
          0.        , -0.35502463],
        [ 0.        ,  0.61407034,  0.86424743, ...,  0.51554701,
          0.35502463,  0.        ]],

       [[ 0.        , -0.02205573,  0.01992824, ..., -0.89958773,
         -0.85902853, -0.93713865],
        [ 0.02205573,  0.        ,  0.04197475, ..., -0.90900152,
         -0.8701105 , -0.94460719],
        [-0.01992824, -0.04197475,  0.        , ..., -0.89070562,
         -0.84865612, -0.92999844],
        ...,
        [ 0.89958773,  0.90900152,  0.89070562, ...,  0.        ,
         -0.08535168,  0.09536839],
        [ 0.85902853,  0.8701105 ,  0.84865612, ...,  0.08535168,
          0.        ,  0.17998303],
        [ 0.93713865,  0.94460719,  0.92999844, ..., -0.09536839,
         -0.17998303,  0.        ]]]), 'num': array([7.07106480e-01, 7.07106480e-01, 0.00000000e+00, 2.93569158e-04,
       2.94274853e-04, 2.87923597e-04, 4.21892753e-04, 3.52847545e-06,
       2.85100816e-04, 2.85735942e-04, 2.99943937e-04, 6.90680301e-07,
       3.05169611e-04, 2.66302273e-04])}
{'img': array([[[ 0.        , -0.08234285,  0.08437336, ..., -0.62942147,
         -0.41777207, -0.29277511],
        [ 0.08234285,  0.        ,  0.16613606, ..., -0.56329832,
         -0.34154059, -0.21304617],
        [-0.08437336, -0.16613606,  0.        , ..., -0.69274059,
         -0.49293995, -0.37240736],
        ...,
        [ 0.62942147,  0.56329832,  0.69274059, ...,  0.        ,
          0.24722638,  0.37433603],
        [ 0.41777207,  0.34154059,  0.49293995, ..., -0.24722638,
          0.        ,  0.13346448],
        [ 0.29277511,  0.21304617,  0.37240736, ..., -0.37433603,
         -0.13346448,  0.        ]],

       [[ 0.        ,  0.01250026,  0.19456624, ..., -0.89250112,
         -0.37378585, -0.69694304],
        [-0.01250026,  0.        ,  0.18228966, ..., -0.89806957,
         -0.38535083, -0.70585286],
        [-0.19456624, -0.18228966,  0.        , ..., -0.96320303,
         -0.54710569, -0.82315263],
        ...,
        [ 0.89250112,  0.89806957,  0.96320303, ...,  0.        ,
          0.6592139 ,  0.32568339],
        [ 0.37378585,  0.38535083,  0.54710569, ..., -0.6592139 ,
          0.        , -0.37837341],
        [ 0.69694304,  0.70585286,  0.82315263, ..., -0.32568339,
          0.37837341,  0.        ]],

       [[ 0.        , -0.11091554, -0.14625238, ..., -0.98247612,
         -0.93617175, -0.84645084],
        [ 0.11091554,  0.        , -0.03562707, ..., -0.95574069,
         -0.89140384, -0.78216925],
        [ 0.14625238,  0.03562707,  0.        , ..., -0.94465209,
         -0.87469139, -0.75947467],
        ...,
        [ 0.98247612,  0.95574069,  0.94465209, ...,  0.        ,
          0.1708909 ,  0.36536727],
        [ 0.93617175,  0.89140384,  0.87469139, ..., -0.1708909 ,
          0.        ,  0.20091661],
        [ 0.84645084,  0.78216925,  0.75947467, ..., -0.36536727,
         -0.20091661,  0.        ]],

       ...,

       [[ 0.        , -0.30045624,  0.51160334, ...,  0.61973788,
          0.83118465,  0.83118465],
        [ 0.30045624,  0.        ,  0.74612355, ...,  0.82690399,
          0.95983287,  0.95983287],
        [-0.51160334, -0.74612355,  0.        , ...,  0.13098143,
          0.42972229,  0.42972229],
        ...,
        [-0.61973788, -0.82690399, -0.13098143, ...,  0.        ,
          0.30774902,  0.30774902],
        [-0.83118465, -0.95983287, -0.42972229, ..., -0.30774902,
          0.        ,  0.        ],
        [-0.83118465, -0.95983287, -0.42972229, ..., -0.30774902,
          0.        ,  0.        ]],

       [[ 0.        , -0.72959161, -0.81366593, ..., -0.42660904,
         -0.2160033 , -0.        ],
        [ 0.72959161,  0.        , -0.13231689, ..., -0.95161973,
         -0.86008888, -0.72959161],
        [ 0.81366593,  0.13231689,  0.        , ..., -0.98391067,
         -0.92002721, -0.81366593],
        ...,
        [ 0.42660904,  0.95161973,  0.98391067, ...,  0.        ,
         -0.22117672, -0.42660904],
        [ 0.2160033 ,  0.86008888,  0.92002721, ...,  0.22117672,
          0.        , -0.2160033 ],
        [ 0.        ,  0.72959161,  0.81366593, ...,  0.42660904,
          0.2160033 ,  0.        ]],

       [[ 0.        ,  0.04197475, -0.0041726 , ..., -0.8701105 ,
         -0.94460719, -0.95469616],
        [-0.04197475,  0.        , -0.0461433 , ..., -0.84865612,
         -0.92999844, -0.94136381],
        [ 0.0041726 ,  0.0461433 ,  0.        , ..., -0.87215942,
         -0.94596843, -0.95592954],
        ...,
        [ 0.8701105 ,  0.84865612,  0.87215942, ...,  0.        ,
          0.17998303,  0.21159886],
        [ 0.94460719,  0.92999844,  0.94596843, ..., -0.17998303,
          0.        ,  0.03223579],
        [ 0.95469616,  0.94136381,  0.95592954, ..., -0.21159886,
         -0.03223579,  0.        ]]]), 'num': array([7.46182524e-01, 6.65740620e-01, 3.83970899e-06, 3.11790323e-04,
       3.11790323e-04, 3.05093156e-04, 5.60582629e-04, 2.23238895e-06,
       3.04795504e-04, 3.01223682e-04, 3.16180688e-04, 7.84136619e-07,
       3.21551364e-04, 2.80895999e-04])}
{'img': array([[[ 0.        ,  0.16613606,  0.55087978, ..., -0.34154059,
         -0.21304617, -0.13423533],
        [-0.16613606,  0.        ,  0.40456951, ..., -0.49293995,
         -0.37240736, -0.29700229],
        [-0.55087978, -0.40456951,  0.        , ..., -0.80279826,
         -0.7160378 , -0.65792477],
        ...,
        [ 0.34154059,  0.49293995,  0.80279826, ...,  0.        ,
          0.13346448,  0.21228611],
        [ 0.21304617,  0.37240736,  0.7160378 , ..., -0.13346448,
          0.        ,  0.07996441],
        [ 0.13423533,  0.29700229,  0.65792477, ..., -0.21228611,
         -0.07996441,  0.        ]],

       [[ 0.        ,  0.18228966,  0.84850814, ..., -0.38535083,
         -0.70585286, -0.55887479],
        [-0.18228966,  0.        ,  0.73782681, ..., -0.54710569,
         -0.82315263, -0.70067485],
        [-0.84850814, -0.73782681,  0.        , ..., -0.98689883,
         -0.9745728 , -0.99937378],
        ...,
        [ 0.38535083,  0.54710569,  0.98689883, ...,  0.        ,
         -0.37837341, -0.19616001],
        [ 0.70585286,  0.82315263,  0.9745728 , ...,  0.37837341,
          0.        ,  0.18944623],
        [ 0.55887479,  0.70067485,  0.99937378, ...,  0.19616001,
         -0.18944623,  0.        ]],

       [[ 0.        , -0.03562707,  0.02168403, ..., -0.89140384,
         -0.78216925, -0.64948439],
        [ 0.03562707,  0.        ,  0.05728896, ..., -0.87469139,
         -0.75947467, -0.62198214],
        [-0.02168403, -0.05728896,  0.        , ..., -0.90102166,
         -0.79549592, -0.66581967],
        ...,
        [ 0.89140384,  0.87469139,  0.90102166, ...,  0.        ,
          0.20091661,  0.38344838],
        [ 0.78216925,  0.75947467,  0.79549592, ..., -0.20091661,
          0.        ,  0.19007023],
        [ 0.64948439,  0.62198214,  0.66581967, ..., -0.38344838,
         -0.19007023,  0.        ]],

       ...,

       [[ 0.        ,  0.74612355,  0.97191243, ...,  0.95983287,
          0.95983287,  0.99333302],
        [-0.74612355,  0.        ,  0.47151179, ...,  0.42972229,
          0.42972229,  0.57535537],
        [-0.97191243, -0.47151179,  0.        , ..., -0.04680202,
         -0.04680202,  0.12173159],
        ...,
        [-0.95983287, -0.42972229,  0.04680202, ...,  0.        ,
          0.        ,  0.16805214],
        [-0.95983287, -0.42972229,  0.04680202, ...,  0.        ,
          0.        ,  0.16805214],
        [-0.99333302, -0.57535537, -0.12173159, ..., -0.16805214,
         -0.16805214,  0.        ]],

       [[ 0.        , -0.47655744, -0.87874789, ..., -0.29123262,
         -0.1755316 , -0.        ],
        [ 0.47655744,  0.        , -0.54509105, ..., -0.71193497,
         -0.62347575, -0.47655744],
        [ 0.87874789,  0.54509105,  0.        , ..., -0.97965748,
         -0.94888309, -0.87874789],
        ...,
        [ 0.29123262,  0.71193497,  0.97965748, ...,  0.        ,
         -0.11878818, -0.29123262],
        [ 0.1755316 ,  0.62347575,  0.94888309, ...,  0.11878818,
          0.        , -0.1755316 ],
        [ 0.        ,  0.47655744,  0.87874789, ...,  0.29123262,
          0.1755316 ,  0.        ]],

       [[ 0.        , -0.0461433 ,  0.14720097, ..., -0.92999844,
         -0.94136381, -0.94783101],
        [ 0.0461433 ,  0.        ,  0.19268482, ..., -0.94596843,
         -0.95592954, -0.96153066],
        [-0.14720097, -0.19268482,  0.        , ..., -0.8657619 ,
         -0.88144456, -0.89058218],
        ...,
        [ 0.92999844,  0.94596843,  0.8657619 , ...,  0.        ,
          0.03223579,  0.05192943],
        [ 0.94136381,  0.95592954,  0.88144456, ..., -0.03223579,
          0.        ,  0.01971015],
        [ 0.94783101,  0.96153066,  0.89058218, ..., -0.05192943,
         -0.01971015,  0.        ]]]), 'num': array([7.12470606e-01, 7.01701242e-01, 5.11608728e-07, 2.99148992e-04,
       3.00570128e-04, 2.95596154e-04, 5.55550233e-04, 1.42113535e-06,
       2.94032905e-04, 2.87495682e-04, 3.01884678e-04, 8.23612535e-07,
       3.06521920e-04, 2.68469445e-04])}
{'img': array([[[ 0.        ,  0.40456951,  0.43941209, ..., -0.37240736,
         -0.29700229, -0.24544432],
        [-0.40456951,  0.        ,  0.03842657, ..., -0.7160378 ,
         -0.65792477, -0.61665462],
        [-0.43941209, -0.03842657,  0.        , ..., -0.74233307,
         -0.68637727, -0.64644988],
        ...,
        [ 0.37240736,  0.7160378 ,  0.74233307, ...,  0.        ,
          0.07996441,  0.13322632],
        [ 0.29700229,  0.65792477,  0.68637727, ..., -0.07996441,
          0.        ,  0.05354811],
        [ 0.24544432,  0.61665462,  0.64644988, ..., -0.13322632,
         -0.05354811,  0.        ]],

       [[ 0.        ,  0.73782681, -0.57803635, ..., -0.82315263,
         -0.70067485, -0.677755  ],
        [-0.73782681,  0.        , -0.9922436 , ..., -0.9745728 ,
         -0.99937378, -0.99999295],
        [ 0.57803635,  0.9922436 ,  0.        , ..., -0.34348092,
         -0.1593406 , -0.12803247],
        ...,
        [ 0.82315263,  0.9745728 ,  0.34348092, ...,  0.        ,
          0.18944623,  0.22041113],
        [ 0.70067485,  0.99937378,  0.1593406 , ..., -0.18944623,
          0.        ,  0.03163254],
        [ 0.677755  ,  0.99999295,  0.12803247, ..., -0.22041113,
         -0.03163254,  0.        ]],

       [[ 0.        ,  0.05728896,  0.13115327, ..., -0.75947467,
         -0.62198214, -0.50899993],
        [-0.05728896,  0.        ,  0.07414376, ..., -0.79549592,
         -0.66581967, -0.55747639],
        [-0.13115327, -0.07414376,  0.        , ..., -0.83823445,
         -0.71930665, -0.61749559],
        ...,
        [ 0.75947467,  0.79549592,  0.83823445, ...,  0.        ,
          0.19007023,  0.32260718],
        [ 0.62198214,  0.66581967,  0.71930665, ..., -0.19007023,
          0.        ,  0.13681848],
        [ 0.50899993,  0.55747639,  0.61749559, ..., -0.32260718,
         -0.13681848,  0.        ]],

       ...,

       [[ 0.        ,  0.47151179,  0.40800935, ...,  0.42972229,
          0.57535537,  0.76983166],
        [-0.47151179,  0.        , -0.07067275, ..., -0.04680202,
          0.12173159,  0.37794258],
        [-0.40800935,  0.07067275,  0.        , ...,  0.02391032,
          0.19157437,  0.44242844],
        ...,
        [-0.42972229,  0.04680202, -0.02391032, ...,  0.        ,
          0.16805214,  0.42085909],
        [-0.57535537, -0.12173159, -0.19157437, ..., -0.16805214,
          0.        ,  0.26242921],
        [-0.76983166, -0.37794258, -0.44242844, ..., -0.42085909,
         -0.26242921,  0.        ]],

       [[ 0.        , -0.81439792, -0.87671733, ..., -0.32319604,
         -0.27111362, -0.        ],
        [ 0.81439792,  0.        , -0.11703482, ..., -0.95824371,
         -0.94122565, -0.81439792],
        [ 0.87671733,  0.11703482,  0.        , ..., -0.98512491,
         -0.97428921, -0.87671733],
        ...,
        [ 0.32319604,  0.95824371,  0.98512491, ...,  0.        ,
         -0.05452799, -0.32319604],
        [ 0.27111362,  0.94122565,  0.97428921, ...,  0.05452799,
          0.        , -0.27111362],
        [ 0.        ,  0.81439792,  0.87671733, ...,  0.32319604,
          0.27111362,  0.        ]],

       [[ 0.        ,  0.19268482,  0.21918767, ..., -0.95592954,
         -0.96153066, -0.97369313],
        [-0.19268482,  0.        ,  0.02708099, ..., -0.88144456,
         -0.89058218, -0.911541  ],
        [-0.21918767, -0.02708099,  0.        , ..., -0.86833127,
         -0.87793851, -0.90007073],
        ...,
        [ 0.95592954,  0.88144456,  0.86833127, ...,  0.        ,
          0.01971015,  0.06805132],
        [ 0.96153066,  0.89058218,  0.87793851, ..., -0.01971015,
          0.        ,  0.04837364],
        [ 0.97369313,  0.911541  ,  0.90007073, ..., -0.06805132,
         -0.04837364,  0.        ]]]), 'num': array([8.94226034e-01, 4.47614197e-01, 2.11664378e-05, 3.75935890e-04,
       3.77717577e-04, 3.65245770e-04, 4.90979399e-04, 8.90843341e-07,
       3.72194348e-04, 3.60346132e-04, 3.78356014e-04, 1.12985009e-06,
       3.83952640e-04, 3.36739623e-04])}
{'img': array([[[ 0.        ,  0.03842657, -0.10730056, ..., -0.65792477,
         -0.61665462, -0.59525125],
        [-0.03842657,  0.        , -0.14542604, ..., -0.68637727,
         -0.64644988, -0.62568889],
        [ 0.10730056,  0.14542604,  0.        , ..., -0.57332003,
         -0.52862381, -0.50559439],
        ...,
        [ 0.65792477,  0.68637727,  0.57332003, ...,  0.        ,
          0.05354811,  0.08039465],
        [ 0.61665462,  0.64644988,  0.52862381, ..., -0.05354811,
          0.        ,  0.02690452],
        [ 0.59525125,  0.62568889,  0.50559439, ..., -0.08039465,
         -0.02690452,  0.        ]],

       [[ 0.        , -0.9922436 , -0.65619602, ..., -0.99937378,
         -0.99999295, -0.95767858],
        [ 0.9922436 ,  0.        ,  0.66716675, ..., -0.1593406 ,
         -0.12803247, -0.40465489],
        [ 0.65619602, -0.66716675,  0.        , ..., -0.77733696,
         -0.75704841, -0.91153445],
        ...,
        [ 0.99937378,  0.1593406 ,  0.77733696, ...,  0.        ,
          0.03163254, -0.25377277],
        [ 0.99999295,  0.12803247,  0.75704841, ..., -0.03163254,
          0.        , -0.28424279],
        [ 0.95767858,  0.40465489,  0.91153445, ...,  0.25377277,
          0.28424279,  0.        ]],

       [[ 0.        ,  0.07414376,  0.17536094, ..., -0.66581967,
         -0.55747639, -0.44620788],
        [-0.07414376,  0.        ,  0.10188342, ..., -0.71930665,
         -0.61749559, -0.51133315],
        [-0.17536094, -0.10188342,  0.        , ..., -0.78634129,
         -0.69442124, -0.59622918],
        ...,
        [ 0.66581967,  0.71930665,  0.78634129, ...,  0.        ,
          0.13681848,  0.2629402 ],
        [ 0.55747639,  0.61749559,  0.69442124, ..., -0.13681848,
          0.        ,  0.12846341],
        [ 0.44620788,  0.51133315,  0.59622918, ..., -0.2629402 ,
         -0.12846341,  0.        ]],

       ...,

       [[ 0.        , -0.07067275, -0.37501968, ...,  0.12173159,
          0.37794258,  0.68810851],
        [ 0.07067275,  0.        , -0.30856713, ...,  0.19157437,
          0.44242844,  0.73766863],
        [ 0.37501968,  0.30856713,  0.        , ...,  0.48507791,
          0.69756325,  0.91000539],
        ...,
        [-0.12173159, -0.19157437, -0.48507791, ...,  0.        ,
          0.26242921,  0.59466169],
        [-0.37794258, -0.44242844, -0.69756325, ..., -0.26242921,
          0.        ,  0.36283275],
        [-0.68810851, -0.73766863, -0.91000539, ..., -0.59466169,
         -0.36283275,  0.        ]],

       [[ 0.        , -0.48263065, -0.61238962, ..., -0.36921732,
         -0.21697249, -0.        ],
        [ 0.48263065,  0.        , -0.15479892, ..., -0.77189884,
         -0.661163  , -0.48263065],
        [ 0.61238962,  0.15479892,  0.        , ..., -0.86100707,
         -0.76933003, -0.61238962],
        ...,
        [ 0.36921732,  0.77189884,  0.86100707, ...,  0.        ,
         -0.15877983, -0.36921732],
        [ 0.21697249,  0.661163  ,  0.76933003, ...,  0.15877983,
          0.        , -0.21697249],
        [ 0.        ,  0.48263065,  0.61238962, ...,  0.36921732,
          0.21697249,  0.        ]],

       [[ 0.        ,  0.02708099,  0.02948693, ..., -0.89058218,
         -0.911541  , -0.92042371],
        [-0.02708099,  0.        ,  0.0024069 , ..., -0.87793851,
         -0.90007073, -0.90949958],
        [-0.02948693, -0.0024069 ,  0.        , ..., -0.87678361,
         -0.89901933, -0.90849638],
        ...,
        [ 0.89058218,  0.87793851,  0.87678361, ...,  0.        ,
          0.04837364,  0.07048091],
        [ 0.911541  ,  0.90007073,  0.89901933, ..., -0.04837364,
          0.        ,  0.02214506],
        [ 0.92042371,  0.90949958,  0.90849638, ..., -0.07048091,
         -0.02214506,  0.        ]]]), 'num': array([7.85599217e-01, 6.18734815e-01, 7.90826549e-06, 3.30424558e-04,
       3.31990551e-04, 3.26509575e-04, 5.03137944e-04, 0.00000000e+00,
       3.28858565e-04, 3.16917867e-04, 3.32277650e-04, 9.39595899e-07,
       3.38101506e-04, 2.95734228e-04])}
{'img': array([[[ 0.        , -0.14542604, -0.11100369, ..., -0.64644988,
         -0.62568889, -0.62568889],
        [ 0.14542604,  0.        ,  0.03470368, ..., -0.52862381,
         -0.50559439, -0.50559439],
        [ 0.11100369, -0.03470368,  0.        , ..., -0.55776383,
         -0.53523118, -0.53523118],
        ...,
        [ 0.64644988,  0.52862381,  0.55776383, ...,  0.        ,
          0.02690452,  0.02690452],
        [ 0.62568889,  0.50559439,  0.53523118, ..., -0.02690452,
          0.        ,  0.        ],
        [ 0.62568889,  0.50559439,  0.53523118, ..., -0.02690452,
          0.        ,  0.        ]],

       [[ 0.        ,  0.66716675, -0.05661579, ..., -0.12803247,
         -0.40465489, -0.28780973],
        [-0.66716675,  0.        , -0.70827022, ..., -0.75704841,
         -0.91153445, -0.85332922],
        [ 0.05661579,  0.70827022,  0.        , ..., -0.07167727,
         -0.35223243, -0.23312786],
        ...,
        [ 0.12803247,  0.75704841,  0.07167727, ...,  0.        ,
         -0.28424279, -0.16282594],
        [ 0.40465489,  0.91153445,  0.35223243, ...,  0.28424279,
          0.        ,  0.12433976],
        [ 0.28780973,  0.85332922,  0.23312786, ...,  0.16282594,
         -0.12433976,  0.        ]],

       [[ 0.        ,  0.10188342,  0.24699131, ..., -0.61749559,
         -0.51133315, -0.44919315],
        [-0.10188342,  0.        ,  0.14697921, ..., -0.69442124,
         -0.59622918, -0.53788189],
        [-0.24699131, -0.14697921,  0.        , ..., -0.79264118,
         -0.70775089, -0.65594671],
        ...,
        [ 0.61749559,  0.69442124,  0.79264118, ...,  0.        ,
          0.12846341,  0.19836816],
        [ 0.51133315,  0.59622918,  0.70775089, ..., -0.12846341,
          0.        ,  0.070814  ],
        [ 0.44919315,  0.53788189,  0.65594671, ..., -0.19836816,
         -0.070814  ,  0.        ]],

       ...,

       [[ 0.        , -0.30856713, -0.34769448, ...,  0.44242844,
          0.73766863,  0.54687351],
        [ 0.30856713,  0.        , -0.04141291, ...,  0.69756325,
          0.91000539,  0.7785246 ],
        [ 0.34769448,  0.04141291,  0.        , ...,  0.72663813,
          0.92639435,  0.80384804],
        ...,
        [-0.44242844, -0.69756325, -0.72663813, ...,  0.        ,
          0.36283275,  0.12003041],
        [-0.73766863, -0.91000539, -0.92639435, ..., -0.36283275,
          0.        , -0.24835869],
        [-0.54687351, -0.7785246 , -0.80384804, ..., -0.12003041,
          0.24835869,  0.        ]],

       [[ 0.        , -0.41660515, -0.63823884, ..., -0.22394959,
         -0.        , -0.32492991],
        [ 0.41660515,  0.        , -0.25949633, ..., -0.60961346,
         -0.41660515, -0.68938909],
        [ 0.63823884,  0.25949633,  0.        , ..., -0.79443304,
         -0.63823884, -0.85375031],
        ...,
        [ 0.22394959,  0.60961346,  0.79443304, ...,  0.        ,
         -0.22394959,  0.10487927],
        [ 0.        ,  0.41660515,  0.63823884, ...,  0.22394959,
          0.        ,  0.32492991],
        [ 0.32492991,  0.68938909,  0.85375031, ..., -0.10487927,
         -0.32492991,  0.        ]],

       [[ 0.        ,  0.0024069 ,  0.03031191, ..., -0.90007073,
         -0.90949958, -0.89244486],
        [-0.0024069 ,  0.        ,  0.02790602, ..., -0.89901933,
         -0.90849638, -0.89135638],
        [-0.03031191, -0.02790602,  0.        , ..., -0.88644891,
         -0.89648084, -0.87835936],
        ...,
        [ 0.90007073,  0.89901933,  0.88644891, ...,  0.        ,
          0.02214506, -0.01719541],
        [ 0.90949958,  0.90849638,  0.89648084, ..., -0.02214506,
          0.        , -0.03933298],
        [ 0.89244486,  0.89135638,  0.87835936, ...,  0.01719541,
          0.03933298,  0.        ]]]), 'num': array([ 7.47526270e-01,  6.64231396e-01,  3.96642258e-06,  3.13138625e-04,
        3.15375330e-04,  3.10156352e-04,  6.00808642e-04, -1.49113631e-06,
        3.13735080e-04,  3.02029660e-04,  3.16096045e-04,  1.06509736e-06,
        3.22642428e-04,  2.81416891e-04])}
{'img': array([[[ 0.        ,  0.03470368,  0.14542604, ..., -0.50559439,
         -0.50559439, -0.55119772],
        [-0.03470368,  0.        ,  0.11100369, ..., -0.53523118,
         -0.53523118, -0.57982158],
        [-0.14542604, -0.11100369,  0.        , ..., -0.62568889,
         -0.62568889, -0.66667781],
        ...,
        [ 0.50559439,  0.53523118,  0.62568889, ...,  0.        ,
          0.        , -0.05370243],
        [ 0.50559439,  0.53523118,  0.62568889, ...,  0.        ,
          0.        , -0.05370243],
        [ 0.55119772,  0.57982158,  0.66667781, ...,  0.05370243,
          0.05370243,  0.        ]],

       [[ 0.        , -0.70827022, -0.37953434, ..., -0.91153445,
         -0.85332922, -0.73976395],
        [ 0.70827022,  0.        ,  0.38734676, ..., -0.35223243,
         -0.23312786, -0.04565873],
        [ 0.37953434, -0.38734676,  0.        , ..., -0.68725779,
         -0.59160237, -0.42903713],
        ...,
        [ 0.91153445,  0.35223243,  0.68725779, ...,  0.        ,
          0.12433976,  0.30913251],
        [ 0.85332922,  0.23312786,  0.59160237, ..., -0.12433976,
          0.        ,  0.18848408],
        [ 0.73976395,  0.04565873,  0.42903713, ..., -0.30913251,
         -0.18848408,  0.        ]],

       [[ 0.        ,  0.14697921,  0.28484791, ..., -0.59622918,
         -0.53788189, -0.51589518],
        [-0.14697921,  0.        ,  0.14086407, ..., -0.70775089,
         -0.65594671, -0.63620233],
        [-0.28484791, -0.14086407,  0.        , ..., -0.800209  ,
         -0.75573145, -0.73853849],
        ...,
        [ 0.59622918,  0.70775089,  0.800209  , ...,  0.        ,
          0.070814  ,  0.09659274],
        [ 0.53788189,  0.65594671,  0.75573145, ..., -0.070814  ,
          0.        ,  0.02586738],
        [ 0.51589518,  0.63620233,  0.73853849, ..., -0.09659274,
         -0.02586738,  0.        ]],

       ...,

       [[ 0.        , -0.03771911,  0.20952386, ...,  0.79723726,
          0.68563171,  0.98856129],
        [ 0.03771911,  0.        ,  0.24625664, ...,  0.81943968,
          0.71260138,  0.98216903],
        [-0.20952386, -0.24625664,  0.        , ...,  0.65305896,
          0.51789051,  0.99821904],
        ...,
        [-0.79723726, -0.81943968, -0.65305896, ...,  0.        ,
         -0.16645513,  0.717     ],
        [-0.68563171, -0.71260138, -0.51789051, ...,  0.16645513,
          0.        ,  0.82302855],
        [-0.98856129, -0.98216903, -0.99821904, ..., -0.717     ,
         -0.82302855,  0.        ]],

       [[ 0.        , -0.52007646, -0.76210704, ..., -0.        ,
         -0.33235575, -0.48114284],
        [ 0.52007646,  0.        , -0.3142066 , ..., -0.52007646,
         -0.77438384, -0.86687456],
        [ 0.76210704,  0.3142066 ,  0.        , ..., -0.76210704,
         -0.93396846, -0.97961164],
        ...,
        [ 0.        ,  0.52007646,  0.76210704, ...,  0.        ,
          0.33235575,  0.48114284],
        [ 0.33235575,  0.77438384,  0.93396846, ..., -0.33235575,
          0.        ,  0.16243476],
        [ 0.48114284,  0.86687456,  0.97961164, ..., -0.48114284,
         -0.16243476,  0.        ]],

       [[ 0.        ,  0.02790602,  0.10163454, ..., -0.90849638,
         -0.89135638, -0.87452335],
        [-0.02790602,  0.        ,  0.07383344, ..., -0.89648084,
         -0.87835936, -0.86064881],
        [-0.10163454, -0.07383344,  0.        , ..., -0.86131967,
         -0.8406695 , -0.82070383],
        ...,
        [ 0.90849638,  0.89648084,  0.86131967, ...,  0.        ,
         -0.03933298, -0.07514873],
        [ 0.89135638,  0.87835936,  0.8406695 , ...,  0.03933298,
          0.        , -0.03586881],
        [ 0.87452335,  0.86064881,  0.82070383, ...,  0.07514873,
          0.03586881,  0.        ]]]), 'num': array([ 7.10775416e-01,  7.03418301e-01,  3.54559754e-07,  2.94284596e-04,
        2.98539313e-04,  2.94284596e-04,  5.58318154e-04, -3.54559754e-06,
        2.97830194e-04,  2.87157945e-04,  3.00347568e-04,  1.18186585e-06,
        3.06585620e-04,  2.67730270e-04])}
{'img': array([[[ 0.        ,  0.11100369, -0.03470368, ..., -0.53523118,
         -0.57982158, -0.68309327],
        [-0.11100369,  0.        , -0.14542604, ..., -0.62568889,
         -0.66667781, -0.7599412 ],
        [ 0.03470368,  0.14542604,  0.        , ..., -0.50559439,
         -0.55119772, -0.65733663],
        ...,
        [ 0.53523118,  0.62568889,  0.50559439, ...,  0.        ,
         -0.05370243, -0.18611673],
        [ 0.57982158,  0.66667781,  0.55119772, ...,  0.05370243,
          0.        , -0.13308403],
        [ 0.68309327,  0.7599412 ,  0.65733663, ...,  0.18611673,
          0.13308403,  0.        ]],

       [[ 0.        ,  0.38734676,  0.40923304, ..., -0.23312786,
         -0.04565873, -0.06567383],
        [-0.38734676,  0.        ,  0.02385912, ..., -0.59160237,
         -0.42903713, -0.44705748],
        [-0.40923304, -0.02385912,  0.        , ..., -0.6106699 ,
         -0.45046663, -0.46827232],
        ...,
        [ 0.23312786,  0.59160237,  0.6106699 , ...,  0.        ,
          0.18848408,  0.16876031],
        [ 0.04565873,  0.42903713,  0.45046663, ..., -0.18848408,
          0.        , -0.02004518],
        [ 0.06567383,  0.44705748,  0.46827232, ..., -0.16876031,
          0.02004518,  0.        ]],

       [[ 0.        ,  0.14086407,  0.10867553, ..., -0.65594671,
         -0.63620233, -0.65594671],
        [-0.14086407,  0.        , -0.03243786, ..., -0.75573145,
         -0.73853849, -0.75573145],
        [-0.10867553,  0.03243786,  0.        , ..., -0.73409079,
         -0.71627987, -0.73409079],
        ...,
        [ 0.65594671,  0.75573145,  0.73409079, ...,  0.        ,
          0.02586738,  0.        ],
        [ 0.63620233,  0.73853849,  0.71627987, ..., -0.02586738,
          0.        , -0.02586738],
        [ 0.65594671,  0.75573145,  0.73409079, ...,  0.        ,
          0.02586738,  0.        ]],

       ...,

       [[ 0.        ,  0.20698461,  0.33765033, ...,  0.58726412,
          0.85670878,  0.9414535 ],
        [-0.20698461,  0.        ,  0.1355095 , ...,  0.40701406,
          0.73139332,  0.99084895],
        [-0.33765033, -0.1355095 ,  0.        , ...,  0.27948244,
          0.63223548,  0.99999985],
        ...,
        [-0.58726412, -0.40701406, -0.27948244, ...,  0.        ,
          0.39050504,  0.96      ],
        [-0.85670878, -0.73139332, -0.63223548, ..., -0.39050504,
          0.        ,  0.77443535],
        [-0.9414535 , -0.99084895, -0.99999985, ..., -0.96      ,
         -0.77443535,  0.        ]],

       [[ 0.        , -0.41285027, -0.42622305, ..., -0.62420985,
         -0.74565046, -0.70158021],
        [ 0.41285027,  0.        , -0.01473166, ..., -0.8910717 ,
         -0.95423516, -0.93319167],
        [ 0.42622305,  0.01473166,  0.        , ..., -0.89766115,
         -0.95853722, -0.93838465],
        ...,
        [ 0.62420985,  0.8910717 ,  0.89766115, ...,  0.        ,
          0.16661013,  0.10330825],
        [ 0.74565046,  0.95423516,  0.95853722, ..., -0.16661013,
          0.        , -0.06385437],
        [ 0.70158021,  0.93319167,  0.93838465, ..., -0.10330825,
          0.06385437,  0.        ]],

       [[ 0.        ,  0.07383344,  0.07045498, ..., -0.87835936,
         -0.86064881, -0.86841169],
        [-0.07383344,  0.        , -0.00338728, ..., -0.8406695 ,
         -0.82070383, -0.82943158],
        [-0.07045498,  0.00338728,  0.        , ..., -0.84249905,
         -0.82263446, -0.83131899],
        ...,
        [ 0.87835936,  0.8406695 ,  0.84249905, ...,  0.        ,
         -0.03586881, -0.02042754],
        [ 0.86064881,  0.82070383,  0.82263446, ...,  0.03586881,
          0.        ,  0.01544694],
        [ 0.86841169,  0.82943158,  0.83131899, ...,  0.02042754,
         -0.01544694,  0.        ]]]), 'num': array([ 7.09720904e-01,  7.04482220e-01,  2.54923800e-07,  2.91038005e-04,
        2.95994857e-04,  2.88205519e-04,  6.00671286e-04, -2.83248667e-06,
        2.95994857e-04,  2.86647651e-04,  2.99570872e-04,  1.09324047e-06,
        3.05929376e-04,  2.67365926e-04])}
{'img': array([[[ 0.        , -0.14542604,  0.67986927, ..., -0.66667781,
         -0.7599412 , -0.82511721],
        [ 0.14542604,  0.        ,  0.77928742, ..., -0.55119772,
         -0.65733663, -0.73418537],
        [-0.67986927, -0.77928742,  0.        , ..., -0.99563492,
         -0.99919968, -0.98918597],
        ...,
        [ 0.66667781,  0.55119772,  0.99563492, ...,  0.        ,
         -0.13308403, -0.23835048],
        [ 0.7599412 ,  0.65733663,  0.99919968, ...,  0.13308403,
          0.        , -0.10698185],
        [ 0.82511721,  0.73418537,  0.98918597, ...,  0.23835048,
          0.10698185,  0.        ]],

       [[ 0.        ,  0.02385912,  0.95555934, ..., -0.42903713,
         -0.44705748, -0.38803893],
