state_0,state_1,state_2,state_3,state_4,state_5,state_6,state_7,state_8,state_9,state_10,state_11,state_12,state_13,state_14,state_15,state_16,state_17,state_18,state_19,state_20,state_21,state_22,state_23,state_24,state_25,state_26,state_27,state_28,state_29,state_30,state_31,state_32,state_33,state_34,state_35,state_36,state_37,state_38,state_39,state_40,state_41,state_42,state_43,state_44,state_45,state_46,state_47,state_48,state_49,state_50,state_51,state_52,state_53,state_54,state_55,state_56,state_57,state_58,state_59,state_60,state_61,state_62,state_63,state_64,state_65,state_66,state_67,state_68,state_69,state_70,state_71,state_72,state_73,state_74,state_75,state_76,state_77,state_78,state_79,state_80,state_81,state_82,state_83,state_84,state_85,state_86,state_87,state_88,state_89,state_90,state_91,state_92,state_93,state_94,state_95,state_96,state_97,state_98,state_99,state_100,state_101,state_102,state_103,state_104,state_105,state_106,state_107,state_108,state_109,state_110,state_111,state_112,state_113,state_114,state_115,state_116,state_117,state_118,state_119,state_120,state_121,state_122,state_123,state_124,state_125,state_126,state_127,state_128,state_129,state_130,state_131,state_132,state_133,state_134,state_135,state_136,state_137,state_138,state_139,state_140,state_141,state_142,state_143,state_144,state_145,state_146,state_147,state_148,state_149,state_150,state_151,state_152,state_153,state_154,state_155,state_156,state_157,state_158,state_159,state_160,state_161,state_162,state_163,state_164,state_165,state_166,state_167,state_168,state_169,state_170,state_171,state_172,state_173,state_174,state_175,state_176,state_177,state_178,state_179,state_180,state_181,state_182,state_183,state_184,state_185,state_186,state_187,state_188,state_189,state_190,state_191,state_192,state_193,state_194,state_195,state_196,state_197,state_198,state_199,state_200,state_201,state_202,state_203,state_204,state_205,state_206,state_207,state_208,state_209,state_210,state_211,state_212,state_213,state_214,state_215,state_216,state_217,state_218,state_219,state_220,state_221,state_222,state_223,state_224,state_225,state_226,state_227,state_228,state_229,state_230,state_231,state_232,state_233,state_234,state_235,state_236,state_237,state_238,state_239,state_240,state_241,state_242,state_243,state_244,state_245,state_246,state_247,state_248,state_249,state_250,state_251,state_252,state_253,state_254,state_255,state_256,state_257,state_258,state_259,state_260,state_261,state_262,state_263,state_264,state_265,state_266,state_267,state_268,state_269,state_270,state_271,state_272,state_273,state_274,state_275,state_276,state_277,state_278,state_279,state_280,state_281,state_282,state_283,state_284,state_285,state_286,state_287
{'img': array([[[ 0.        ,  0.09159373,  0.3037927 , ..., -0.04746188,
          0.26311395, -0.09615074],
        [-0.09159373,  0.        ,  0.21525085, ..., -0.13875288,
          0.17364154, -0.18691592],
        [-0.3037927 , -0.21525085,  0.        , ..., -0.34866908,
         -0.04240979, -0.39399164],
        ...,
        [ 0.04746188,  0.13875288,  0.34866908, ...,  0.        ,
          0.30860698, -0.04880041],
        [-0.26311395, -0.17364154,  0.04240979, ..., -0.30860698,
          0.        , -0.35465773],
        [ 0.09615074,  0.18691592,  0.39399164, ...,  0.04880041,
          0.35465773,  0.        ]],

       [[ 0.        , -0.1520004 ,  0.46693152, ...,  0.36556807,
         -0.02052554,  0.02264339],
        [ 0.1520004 ,  0.        ,  0.59591894, ...,  0.50279996,
          0.13168133,  0.17434171],
        [-0.46693152, -0.59591894,  0.        , ..., -0.11134321,
         -0.48498376, -0.4467884 ],
        ...,
        [-0.36556807, -0.50279996,  0.11134321, ...,  0.        ,
         -0.38459592, -0.34439823],
        [ 0.02052554, -0.13168133,  0.48498376, ...,  0.38459592,
          0.        ,  0.0431589 ],
        [-0.02264339, -0.17434171,  0.4467884 , ...,  0.34439823,
         -0.0431589 ,  0.        ]],

       [[ 0.        , -0.1027353 , -0.0566709 , ...,  0.48932082,
          0.28001624,  0.07773853],
        [ 0.1027353 ,  0.        ,  0.04619916, ...,  0.57632754,
          0.37716   ,  0.17975159],
        [ 0.0566709 , -0.04619916,  0.        , ...,  0.53795735,
          0.33397002,  0.13411299],
        ...,
        [-0.48932082, -0.57632754, -0.53795735, ...,  0.        ,
         -0.22554243, -0.42004396],
        [-0.28001624, -0.37716   , -0.33397002, ...,  0.22554243,
          0.        , -0.20454023],
        [-0.07773853, -0.17975159, -0.13411299, ...,  0.42004396,
          0.20454023,  0.        ]],

       ...,

       [[ 0.        ,  0.13582194,  0.06608302, ..., -0.15736617,
          0.00492261, -0.25612208],
        [-0.13582194,  0.        , -0.0700544 , ..., -0.29003754,
         -0.1309433 , -0.38504018],
        [-0.06608302,  0.0700544 ,  0.        , ..., -0.22228184,
         -0.06117037, -0.31944101],
        ...,
        [ 0.15736617,  0.29003754,  0.22228184, ...,  0.        ,
          0.16222554, -0.10081374],
        [-0.00492261,  0.1309433 ,  0.06117037, ..., -0.16222554,
          0.        , -0.26087739],
        [ 0.25612208,  0.38504018,  0.31944101, ...,  0.10081374,
          0.26087739,  0.        ]],

       [[ 0.        ,  0.13836015,  0.31535609, ...,  0.99772197,
          0.99850805,  0.99979464],
        [-0.13836015,  0.        ,  0.18102288, ...,  0.99745966,
          0.99645949,  0.99298251],
        [-0.31535609, -0.18102288,  0.        , ...,  0.96808559,
          0.9647775 ,  0.95516933],
        ...,
        [-0.99772197, -0.99745966, -0.96808559, ...,  0.        ,
         -0.01287925, -0.04722713],
        [-0.99850805, -0.99645949, -0.9647775 , ...,  0.01287925,
          0.        , -0.03435833],
        [-0.99979464, -0.99298251, -0.95516933, ...,  0.04722713,
          0.03435833,  0.        ]],

       [[ 0.        ,  0.12731259,  0.25608923, ...,  0.39284199,
          0.3809436 ,  0.29277248],
        [-0.12731259,  0.        ,  0.13093822, ...,  0.27256787,
          0.26013072,  0.16865606],
        [-0.25608923, -0.13093822,  0.        , ...,  0.14424075,
          0.13146067,  0.03814149],
        ...,
        [-0.39284199, -0.27256787, -0.14424075, ...,  0.        ,
         -0.01290301, -0.10639316],
        [-0.3809436 , -0.26013072, -0.13146067, ...,  0.01290301,
          0.        , -0.09355453],
        [-0.29277248, -0.16865606, -0.03814149, ...,  0.10639316,
          0.09355453,  0.        ]]]), 'num': array([ 7.07105879e-01,  7.07105879e-01,  0.00000000e+00,  1.92244411e-04,
        1.98321102e-04,  1.91139558e-04,  1.49770550e-03, -5.52426468e-07,
        1.95117029e-04,  1.97216249e-04,  1.99748204e-04,  5.13523196e-07,
        2.07551202e-04,  1.86881296e-04])}
{'img': array([[[ 0.        ,  0.21525085, -0.09159373, ...,  0.17364154,
         -0.18691592, -0.23617715],
        [-0.21525085,  0.        , -0.3037927 , ..., -0.04240979,
         -0.39399164, -0.43980228],
        [ 0.09159373,  0.3037927 ,  0.        , ...,  0.26311395,
         -0.09615074, -0.14618182],
        ...,
        [-0.17364154,  0.04240979, -0.26311395, ...,  0.        ,
         -0.35465773, -0.40131859],
        [ 0.18691592,  0.39399164,  0.09615074, ...,  0.35465773,
          0.        , -0.05038667],
        [ 0.23617715,  0.43980228,  0.14618182, ...,  0.40131859,
          0.05038667,  0.        ]],

       [[ 0.        ,  0.59591894,  0.23964445, ...,  0.13168133,
          0.17434171,  0.11352959],
        [-0.59591894,  0.        , -0.38610912, ..., -0.48498376,
         -0.4467884 , -0.50089677],
        [-0.23964445,  0.38610912,  0.        , ..., -0.10971341,
         -0.06671283, -0.12787363],
        ...,
        [-0.13168133,  0.48498376,  0.10971341, ...,  0.        ,
          0.0431589 , -0.01828898],
        [-0.17434171,  0.4467884 ,  0.06671283, ..., -0.0431589 ,
          0.        , -0.06142361],
        [-0.11352959,  0.50089677,  0.12787363, ...,  0.01828898,
          0.06142361,  0.        ]],

       [[ 0.        ,  0.04619916,  0.01163345, ...,  0.37716   ,
          0.17975159, -0.02343905],
        [-0.04619916,  0.        , -0.03457501, ...,  0.33397002,
          0.13411299, -0.06960049],
        [-0.01163345,  0.03457501,  0.        , ...,  0.36636018,
          0.16829546, -0.03506772],
        ...,
        [-0.37716   , -0.33397002, -0.36636018, ...,  0.        ,
         -0.20454023, -0.39876441],
        [-0.17975159, -0.13411299, -0.16829546, ...,  0.20454023,
          0.        , -0.20275949],
        [ 0.02343905,  0.06960049,  0.03506772, ...,  0.39876441,
          0.20275949,  0.        ]],

       ...,

       [[ 0.        , -0.0700544 , -0.26570148, ..., -0.1309433 ,
         -0.38504018, -0.40689442],
        [ 0.0700544 ,  0.        , -0.19751237, ..., -0.06117037,
         -0.31944101, -0.34190179],
        [ 0.26570148,  0.19751237,  0.        , ...,  0.13717716,
         -0.12598421, -0.14955704],
        ...,
        [ 0.1309433 ,  0.06117037, -0.13717716, ...,  0.        ,
         -0.26087739, -0.28377755],
        [ 0.38504018,  0.31944101,  0.12598421, ...,  0.26087739,
          0.        , -0.02379813],
        [ 0.40689442,  0.34190179,  0.14955704, ...,  0.28377755,
          0.02379813,  0.        ]],

       [[ 0.        ,  0.28545761,  0.29957285, ...,  0.9987474 ,
          0.99987939,  0.99980873],
        [-0.28545761,  0.        ,  0.0147605 , ...,  0.97147409,
          0.96270919,  0.96379096],
        [-0.29957285, -0.0147605 ,  0.        , ...,  0.96786786,
          0.95861103,  0.95974994],
        ...,
        [-0.9987474 , -0.97147409, -0.96786786, ...,  0.        ,
         -0.03451866, -0.03049334],
        [-0.99987939, -0.96270919, -0.95861103, ...,  0.03451866,
          0.        ,  0.00402744],
        [-0.99980873, -0.96379096, -0.95974994, ...,  0.03049334,
         -0.00402744,  0.        ]],

       [[ 0.        ,  0.13093822,  0.16593614, ...,  0.26013072,
          0.16865606,  0.08048588],
        [-0.13093822,  0.        ,  0.03538455, ...,  0.13146067,
          0.03814149, -0.05072049],
        [-0.16593614, -0.03538455,  0.        , ...,  0.09630088,
          0.0027588 , -0.08602773],
        ...,
        [-0.26013072, -0.13146067, -0.09630088, ...,  0.        ,
         -0.09355453, -0.18157176],
        [-0.16865606, -0.03814149, -0.0027588 , ...,  0.09355453,
          0.        , -0.08877598],
        [-0.08048588,  0.05072049,  0.08602773, ...,  0.18157176,
          0.08877598,  0.        ]]]), 'num': array([7.07105540e-01, 7.07105540e-01, 0.00000000e+00, 1.95006450e-04,
       1.96111302e-04, 1.91139466e-04, 1.79002662e-03, 2.76213101e-06,
       1.94122568e-04, 1.97464746e-04, 1.99748108e-04, 5.59791885e-07,
       2.07325051e-04, 1.87604441e-04])}
{'img': array([[[ 0.00000000e+00, -3.03792699e-01, -3.03792699e-01, ...,
         -3.93991640e-01, -4.39802280e-01, -2.15250851e-01],
        [ 3.03792699e-01,  0.00000000e+00,  0.00000000e+00, ...,
         -9.61507397e-02, -1.46181824e-01,  9.15937309e-02],
        [ 3.03792699e-01,  0.00000000e+00,  0.00000000e+00, ...,
         -9.61507397e-02, -1.46181824e-01,  9.15937309e-02],
        ...,
        [ 3.93991640e-01,  9.61507397e-02,  9.61507397e-02, ...,
          0.00000000e+00, -5.03866685e-02,  1.86915924e-01],
        [ 4.39802280e-01,  1.46181824e-01,  1.46181824e-01, ...,
          5.03866685e-02,  0.00000000e+00,  2.36177150e-01],
        [ 2.15250851e-01, -9.15937309e-02, -9.15937309e-02, ...,
         -1.86915924e-01, -2.36177150e-01,  0.00000000e+00]],

       [[ 0.00000000e+00, -3.86109117e-01, -2.93568755e-01, ...,
         -4.46788405e-01, -5.00896773e-01, -4.14220562e-01],
        [ 3.86109117e-01,  0.00000000e+00,  9.82929495e-02, ...,
         -6.67128265e-02, -1.27873633e-01, -3.06715893e-02],
        [ 2.93568755e-01, -9.82929495e-02,  0.00000000e+00, ...,
         -1.64463745e-01, -2.24740418e-01, -1.28769767e-01],
        ...,
        [ 4.46788405e-01,  6.67128265e-02,  1.64463745e-01, ...,
          0.00000000e+00, -6.14236128e-02,  3.60781795e-02],
        [ 5.00896773e-01,  1.27873633e-01,  2.24740418e-01, ...,
          6.14236128e-02,  0.00000000e+00,  9.73936804e-02],
        [ 4.14220562e-01,  3.06715893e-02,  1.28769767e-01, ...,
         -3.60781795e-02, -9.73936804e-02,  0.00000000e+00]],

       [[ 0.00000000e+00, -3.45750061e-02, -9.32111809e-02, ...,
          1.34112991e-01, -6.96004928e-02, -1.77605622e-01],
        [ 3.45750061e-02,  0.00000000e+00, -5.87309714e-02, ...,
          1.68295463e-01, -3.50677192e-02, -1.43474108e-01],
        [ 9.32111809e-02,  5.87309714e-02,  0.00000000e+00, ...,
          2.25898227e-01,  2.36876613e-02, -8.51031052e-02],
        ...,
        [-1.34112991e-01, -1.68295463e-01, -2.25898227e-01, ...,
          0.00000000e+00, -2.02759485e-01, -3.07981969e-01],
        [ 6.96004928e-02,  3.50677192e-02, -2.36876613e-02, ...,
          2.02759485e-01,  0.00000000e+00, -1.08680952e-01],
        [ 1.77605622e-01,  1.43474108e-01,  8.51031052e-02, ...,
          3.07981969e-01,  1.08680952e-01,  0.00000000e+00]],

       ...,

       [[ 0.00000000e+00, -1.97512369e-01,  0.00000000e+00, ...,
         -3.19441010e-01, -3.41901792e-01, -1.99495789e-01],
        [ 1.97512369e-01,  0.00000000e+00,  1.97512369e-01, ...,
         -1.25984211e-01, -1.49557039e-01, -2.02369095e-03],
        [ 0.00000000e+00, -1.97512369e-01,  0.00000000e+00, ...,
         -3.19441010e-01, -3.41901792e-01, -1.99495789e-01],
        ...,
        [ 3.19441010e-01,  1.25984211e-01,  3.19441010e-01, ...,
          0.00000000e+00, -2.37981270e-02,  1.23976386e-01],
        [ 3.41901792e-01,  1.49557039e-01,  3.41901792e-01, ...,
          2.37981270e-02,  0.00000000e+00,  1.47555802e-01],
        [ 1.99495789e-01,  2.02369095e-03,  1.99495789e-01, ...,
         -1.23976386e-01, -1.47555802e-01,  0.00000000e+00]],

       [[ 0.00000000e+00,  9.38074922e-02,  9.75552176e-02, ...,
          9.99985499e-01,  9.99999190e-01,  9.99393048e-01],
        [-9.38074922e-02,  0.00000000e+00,  3.76499258e-03, ...,
          9.95070731e-01,  9.95470134e-01,  9.91718217e-01],
        [-9.75552176e-02, -3.76499258e-03,  0.00000000e+00, ...,
          9.94690313e-01,  9.95105123e-01,  9.91227640e-01],
        ...,
        [-9.99985499e-01, -9.95070731e-01, -9.94690313e-01, ...,
          0.00000000e+00,  4.11240014e-03, -2.94532452e-02],
        [-9.99999190e-01, -9.95470134e-01, -9.95105123e-01, ...,
         -4.11240014e-03,  0.00000000e+00, -3.35636122e-02],
        [-9.99393048e-01, -9.91718217e-01, -9.91227640e-01, ...,
          2.94532452e-02,  3.35636122e-02,  0.00000000e+00]],

       [[ 0.00000000e+00,  3.53845527e-02,  8.41248835e-02, ...,
          3.81414907e-02, -5.07204870e-02,  8.32494179e-02],
        [-3.53845527e-02,  0.00000000e+00,  4.88130798e-02, ...,
          2.75880026e-03, -8.60277332e-02,  4.79355609e-02],
        [-8.41248835e-02, -4.88130798e-02,  0.00000000e+00, ...,
         -4.60573825e-02, -1.34557299e-01, -8.78547363e-04],
        ...,
        [-3.81414907e-02, -2.75880026e-03,  4.60573825e-02, ...,
          0.00000000e+00, -8.87759785e-02,  4.51797497e-02],
        [ 5.07204870e-02,  8.60277332e-02,  1.34557299e-01, ...,
          8.87759785e-02,  0.00000000e+00,  1.33686690e-01],
        [-8.32494179e-02, -4.79355609e-02,  8.78547363e-04, ...,
         -4.51797497e-02, -1.33686690e-01,  0.00000000e+00]]]), 'num': array([9.07922397e-01, 4.19127710e-01, 2.76937499e-05, 2.50407114e-04,
       2.56791431e-04, 2.48279008e-04, 2.89342937e-03, 0.00000000e+00,
       2.49697745e-04, 2.53705678e-04, 2.56436747e-04, 7.09368595e-07,
       2.66157269e-04, 2.41254087e-04])}
{'img': array([[[ 0.00000000e+00,  0.00000000e+00, -3.06025304e-01, ...,
         -1.46181824e-01,  9.15937309e-02,  9.15937309e-02],
        [ 0.00000000e+00,  0.00000000e+00, -3.06025304e-01, ...,
         -1.46181824e-01,  9.15937309e-02,  9.15937309e-02],
        [ 3.06025304e-01,  3.06025304e-01,  0.00000000e+00, ...,
          1.63569387e-01,  3.91938288e-01,  3.91938288e-01],
        ...,
        [ 1.46181824e-01,  1.46181824e-01, -1.63569387e-01, ...,
          0.00000000e+00,  2.36177150e-01,  2.36177150e-01],
        [-9.15937309e-02, -9.15937309e-02, -3.91938288e-01, ...,
         -2.36177150e-01,  0.00000000e+00,  0.00000000e+00],
        [-9.15937309e-02, -9.15937309e-02, -3.91938288e-01, ...,
         -2.36177150e-01,  0.00000000e+00,  0.00000000e+00]],

       [[ 0.00000000e+00,  9.82929495e-02,  5.68571874e-02, ...,
         -1.27873633e-01, -3.06715893e-02,  1.04738525e-01],
        [-9.82929495e-02,  0.00000000e+00, -4.15520854e-02, ...,
         -2.24740418e-01, -1.28769767e-01,  6.47901296e-03],
        [-5.68571874e-02,  4.15520854e-02,  0.00000000e+00, ...,
         -1.84057191e-01, -8.74524095e-02,  4.80246305e-02],
        ...,
        [ 1.27873633e-01,  2.24740418e-01,  1.84057191e-01, ...,
          0.00000000e+00,  9.73936804e-02,  2.31048972e-01],
        [ 3.06715893e-02,  1.28769767e-01,  8.74524095e-02, ...,
         -9.73936804e-02,  0.00000000e+00,  1.35192136e-01],
        [-1.04738525e-01, -6.47901296e-03, -4.80246305e-02, ...,
         -2.31048972e-01, -1.35192136e-01,  0.00000000e+00]],

       [[ 0.00000000e+00, -5.87309714e-02, -1.31175529e-01, ...,
         -3.50677192e-02, -1.43474108e-01, -1.06775875e-01],
        [ 5.87309714e-02,  0.00000000e+00, -7.27256134e-02, ...,
          2.36876613e-02, -8.51031052e-02, -4.81963506e-02],
        [ 1.31175529e-01,  7.27256134e-02,  0.00000000e+00, ...,
          9.63301432e-02, -1.24159753e-02,  2.45723715e-02],
        ...,
        [ 3.50677192e-02, -2.36876613e-02, -9.63301432e-02, ...,
          0.00000000e+00, -1.08680952e-01, -7.18429606e-02],
        [ 1.43474108e-01,  8.51031052e-02,  1.24159753e-02, ...,
          1.08680952e-01,  0.00000000e+00,  3.69827037e-02],
        [ 1.06775875e-01,  4.81963506e-02, -2.45723715e-02, ...,
          7.18429606e-02, -3.69827037e-02,  0.00000000e+00]],

       ...,

       [[ 0.00000000e+00,  1.97512369e-01,  5.26830510e-02, ...,
         -1.49557039e-01, -2.02369095e-03, -2.53318778e-02],
        [-1.97512369e-01,  0.00000000e+00, -1.45592865e-01, ...,
         -3.41901792e-01, -1.99495789e-01, -2.22281836e-01],
        [-5.26830510e-02,  1.45592865e-01,  0.00000000e+00, ...,
         -2.01439877e-01, -5.47038237e-02, -7.79628438e-02],
        ...,
        [ 1.49557039e-01,  3.41901792e-01,  2.01439877e-01, ...,
          0.00000000e+00,  1.47555802e-01,  1.24462073e-01],
        [ 2.02369095e-03,  1.99495789e-01,  5.47038237e-02, ...,
         -1.47555802e-01,  0.00000000e+00, -2.33087844e-02],
        [ 2.53318778e-02,  2.22281836e-01,  7.79628438e-02, ...,
         -1.24462073e-01,  2.33087844e-02,  0.00000000e+00]],

       [[ 0.00000000e+00,  2.68690051e-02,  1.30022400e-01, ...,
          9.99993926e-01,  9.99310722e-01,  9.98986258e-01],
        [-2.68690051e-02,  0.00000000e+00,  1.03334542e-01, ...,
          9.99539240e-01,  9.97952489e-01,  9.97416047e-01],
        [-1.30022400e-01, -1.03334542e-01,  0.00000000e+00, ...,
          9.91051844e-01,  9.86000873e-01,  9.84652809e-01],
        ...,
        [-9.99993926e-01, -9.99539240e-01, -9.91051844e-01, ...,
          0.00000000e+00, -3.36392084e-02, -4.15339648e-02],
        [-9.99310722e-01, -9.97952489e-01, -9.86000873e-01, ...,
          3.36392084e-02,  0.00000000e+00, -7.90027739e-03],
        [-9.98986258e-01, -9.97416047e-01, -9.84652809e-01, ...,
          4.15339648e-02,  7.90027739e-03,  0.00000000e+00]],

       [[ 0.00000000e+00,  4.88130798e-02,  9.69051516e-03, ...,
         -8.60277332e-02,  4.79355609e-02,  9.48825119e-02],
        [-4.88130798e-02,  0.00000000e+00, -3.91318245e-02, ...,
         -1.34557299e-01, -8.78547363e-04,  4.61765469e-02],
        [-9.69051516e-03,  3.91318245e-02,  0.00000000e+00, ...,
         -9.56782837e-02,  3.82539349e-02,  8.52312606e-02],
        ...,
        [ 8.60277332e-02,  1.34557299e-01,  9.56782837e-02, ...,
          0.00000000e+00,  1.33686690e-01,  1.80170375e-01],
        [-4.79355609e-02,  8.78547363e-04, -3.82539349e-02, ...,
         -1.33686690e-01,  0.00000000e+00,  4.70541393e-02],
        [-9.48825119e-02, -4.61765469e-02, -8.52312606e-02, ...,
         -1.80170375e-01, -4.70541393e-02,  0.00000000e+00]]]), 'num': array([ 9.06448962e-01,  4.22311973e-01,  2.79041492e-05,  2.48020998e-04,
        2.51594788e-04,  2.45876725e-04,  1.53808757e-03, -4.28854752e-06,
        2.50165272e-04,  2.55525957e-04,  2.58337338e-04,  6.41449416e-07,
        2.68291941e-04,  2.42759972e-04])}
{'img': array([[[ 0.00000000e+00, -3.06025304e-01, -5.55793158e-01, ...,
          9.15937309e-02,  9.15937309e-02, -1.97701391e-01],
        [ 3.06025304e-01,  0.00000000e+00, -2.74722935e-01, ...,
          3.91938288e-01,  3.91938288e-01,  1.11768720e-01],
        [ 5.55793158e-01,  2.74722935e-01,  0.00000000e+00, ...,
          6.29600615e-01,  6.29600615e-01,  3.80469832e-01],
        ...,
        [-9.15937309e-02, -3.91938288e-01, -6.29600615e-01, ...,
          0.00000000e+00,  0.00000000e+00, -2.86656226e-01],
        [-9.15937309e-02, -3.91938288e-01, -6.29600615e-01, ...,
          0.00000000e+00,  0.00000000e+00, -2.86656226e-01],
        [ 1.97701391e-01, -1.11768720e-01, -3.80469832e-01, ...,
          2.86656226e-01,  2.86656226e-01,  0.00000000e+00]],

       [[ 0.00000000e+00, -4.15520854e-02, -6.33120531e-02, ...,
         -1.28769767e-01,  6.47901296e-03, -3.40148375e-01],
        [ 4.15520854e-02,  0.00000000e+00, -2.17886502e-02, ...,
         -8.74524095e-02,  4.80246305e-02, -3.00780194e-01],
        [ 6.33120531e-02,  2.17886502e-02,  0.00000000e+00, ...,
         -6.57264769e-02,  6.97767389e-02, -2.79929094e-01],
        ...,
        [ 1.28769767e-01,  8.74524095e-02,  6.57264769e-02, ...,
          0.00000000e+00,  1.35192136e-01, -2.16225020e-01],
        [-6.47901296e-03, -4.80246305e-02, -6.97767389e-02, ...,
         -1.35192136e-01,  0.00000000e+00, -3.46233916e-01],
        [ 3.40148375e-01,  3.00780194e-01,  2.79929094e-01, ...,
          2.16225020e-01,  3.46233916e-01,  0.00000000e+00]],

       [[ 0.00000000e+00, -7.27256134e-02, -2.26808014e-01, ...,
         -8.51031052e-02, -4.81963506e-02, -1.74018542e-01],
        [ 7.27256134e-02,  0.00000000e+00, -1.55377077e-01, ...,
         -1.24159753e-02,  2.45723715e-02, -1.01941745e-01],
        [ 2.26808014e-01,  1.55377077e-01,  0.00000000e+00, ...,
          1.43099914e-01,  1.79604107e-01,  5.38639332e-02],
        ...,
        [ 8.51031052e-02,  1.24159753e-02, -1.43099914e-01, ...,
          0.00000000e+00,  3.69827037e-02, -8.95825949e-02],
        [ 4.81963506e-02, -2.45723715e-02, -1.79604107e-01, ...,
         -3.69827037e-02,  0.00000000e+00, -1.26355323e-01],
        [ 1.74018542e-01,  1.01941745e-01, -5.38639332e-02, ...,
          8.95825949e-02,  1.26355323e-01,  0.00000000e+00]],

       ...,

       [[ 0.00000000e+00, -1.45592865e-01, -3.49003237e-01, ...,
         -1.99495789e-01, -2.22281836e-01, -3.96071197e-01],
        [ 1.45592865e-01,  0.00000000e+00, -2.08846258e-01, ...,
         -5.47038237e-02, -7.79628438e-02, -2.58164644e-01],
        [ 3.49003237e-01,  2.08846258e-01,  0.00000000e+00, ...,
          1.55036015e-01,  1.31966940e-01, -5.07051580e-02],
        ...,
        [ 1.99495789e-01,  5.47038237e-02, -1.55036015e-01, ...,
          0.00000000e+00, -2.33087844e-02, -2.04928660e-01],
        [ 2.22281836e-01,  7.79628438e-02, -1.31966940e-01, ...,
          2.33087844e-02,  0.00000000e+00, -1.82058883e-01],
        [ 3.96071197e-01,  2.58164644e-01,  5.07051580e-02, ...,
          2.04928660e-01,  1.82058883e-01,  0.00000000e+00]],

       [[ 0.00000000e+00,  1.27250388e-01,  2.64454934e-01, ...,
          9.99303749e-01,  9.98977738e-01,  9.99479675e-01],
        [-1.27250388e-01,  0.00000000e+00,  1.39585056e-01, ...,
          9.86432353e-01,  9.85104339e-01,  9.87250080e-01],
        [-2.64454934e-01, -1.39585056e-01,  0.00000000e+00, ...,
          9.53859831e-01,  9.51457529e-01,  9.55366272e-01],
        ...,
        [-9.99303749e-01, -9.86432353e-01, -9.53859831e-01, ...,
          0.00000000e+00, -7.90176501e-03,  5.05788704e-03],
        [-9.98977738e-01, -9.85104339e-01, -9.51457529e-01, ...,
          7.90176501e-03,  0.00000000e+00,  1.29593931e-02],
        [-9.99479675e-01, -9.87250080e-01, -9.55366272e-01, ...,
         -5.05788704e-03, -1.29593931e-02,  0.00000000e+00]],

       [[ 0.00000000e+00, -3.91318245e-02, -1.14676257e-01, ...,
         -8.78547363e-04,  4.61765469e-02,  2.83851092e-03],
        [ 3.91318245e-02,  0.00000000e+00, -7.57147527e-02, ...,
          3.82539349e-02,  8.52312606e-02,  4.19680036e-02],
        [ 1.14676257e-01,  7.57147527e-02,  0.00000000e+00, ...,
          1.13803461e-01,  1.60425847e-01,  1.17495580e-01],
        ...,
        [ 8.78547363e-04, -3.82539349e-02, -1.13803461e-01, ...,
          0.00000000e+00,  4.70541393e-02,  3.71705365e-03],
        [-4.61765469e-02, -8.52312606e-02, -1.60425847e-01, ...,
         -4.70541393e-02,  0.00000000e+00, -4.33408778e-02],
        [-2.83851092e-03, -4.19680036e-02, -1.17495580e-01, ...,
         -3.71705365e-03,  4.33408778e-02,  0.00000000e+00]]]), 'num': array([9.98231388e-01, 5.94144754e-02, 5.41104831e-05, 2.73150096e-04,
       2.79447505e-04, 2.72362920e-04, 1.84158267e-03, 0.00000000e+00,
       2.75196754e-04, 2.81258010e-04, 2.84459193e-04, 6.83600272e-07,
       2.95610542e-04, 2.66905478e-04])}
{'img': array([[[ 0.        , -0.27472294, -0.7058781 , ...,  0.39193829,
          0.11176872,  0.11176872],
        [ 0.27472294,  0.        , -0.48412292, ...,  0.62960062,
          0.38046983,  0.38046983],
        [ 0.7058781 ,  0.48412292,  0.        , ...,  0.92702481,
          0.78062475,  0.78062475],
        ...,
        [-0.39193829, -0.62960062, -0.92702481, ...,  0.        ,
         -0.28665623, -0.28665623],
        [-0.11176872, -0.38046983, -0.78062475, ...,  0.28665623,
          0.        ,  0.        ],
        [-0.11176872, -0.38046983, -0.78062475, ...,  0.28665623,
          0.        ,  0.        ]],

       [[ 0.        , -0.02178865,  0.05390446, ...,  0.04802463,
         -0.30078019, -0.2594569 ],
        [ 0.02178865,  0.        ,  0.07564864, ...,  0.06977674,
         -0.27992909, -0.23835282],
        [-0.05390446, -0.07564864,  0.        , ..., -0.00588746,
         -0.35175122, -0.31113817],
        ...,
        [-0.04802463, -0.06977674,  0.00588746, ...,  0.        ,
         -0.34623392, -0.30553754],
        [ 0.30078019,  0.27992909,  0.35175122, ...,  0.34623392,
          0.        ,  0.04303752],
        [ 0.2594569 ,  0.23835282,  0.31113817, ...,  0.30553754,
         -0.04303752,  0.        ]],

       [[ 0.        , -0.15537708, -0.45956711, ...,  0.02457237,
         -0.10194175, -0.1284345 ],
        [ 0.15537708,  0.        , -0.31598871, ...,  0.17960411,
          0.05386393,  0.02721555],
        [ 0.45956711,  0.31598871,  0.        , ...,  0.48125213,
          0.36663409,  0.34169277],
        ...,
        [-0.02457237, -0.17960411, -0.48125213, ...,  0.        ,
         -0.12635532, -0.15276458],
        [ 0.10194175, -0.05386393, -0.36663409, ...,  0.12635532,
          0.        , -0.02666794],
        [ 0.1284345 , -0.02721555, -0.34169277, ...,  0.15276458,
          0.02666794,  0.        ]],

       ...,

       [[ 0.        , -0.20884626, -0.78586352, ..., -0.07796284,
         -0.25816464, -0.30958374],
        [ 0.20884626,  0.        , -0.63938352, ...,  0.13196694,
         -0.05070516, -0.10417085],
        [ 0.78586352,  0.63938352,  0.        , ...,  0.73525934,
          0.59957447,  0.55580918],
        ...,
        [ 0.07796284, -0.13196694, -0.73525934, ...,  0.        ,
         -0.18205888, -0.23450875],
        [ 0.25816464,  0.05070516, -0.59957447, ...,  0.18205888,
          0.        , -0.05360756],
        [ 0.30958374,  0.10417085, -0.55580918, ...,  0.23450875,
          0.05360756,  0.        ]],

       [[ 0.        ,  0.23325628,  0.36047052, ...,  0.99877558,
          0.99933483,  0.99975269],
        [-0.23325628,  0.        ,  0.13295244, ...,  0.95968531,
          0.96326212,  0.96698754],
        [-0.36047052, -0.13295244,  0.        , ...,  0.9137958 ,
          0.91900457,  0.9245236 ],
        ...,
        [-0.99877558, -0.95968531, -0.9137958 , ...,  0.        ,
          0.01301454,  0.02724711],
        [-0.99933483, -0.96326212, -0.91900457, ..., -0.01301454,
          0.        ,  0.01423509],
        [-0.99975269, -0.96698754, -0.9245236 , ..., -0.02724711,
         -0.01423509,  0.        ]],

       [[ 0.        , -0.07571475, -0.17424525, ...,  0.08523126,
          0.041968  , -0.01446225],
        [ 0.07571475,  0.        , -0.09918859, ...,  0.16042585,
          0.11749558,  0.0612861 ],
        [ 0.17424525,  0.09918859,  0.        , ...,  0.25753862,
          0.21541772,  0.15998601],
        ...,
        [-0.08523126, -0.16042585, -0.25753862, ...,  0.        ,
         -0.04334088, -0.09963197],
        [-0.041968  , -0.11749558, -0.21541772, ...,  0.04334088,
          0.        , -0.05641313],
        [ 0.01446225, -0.0612861 , -0.15998601, ...,  0.09963197,
          0.05641313,  0.        ]]]), 'num': array([ 9.99390859e-01,  3.47413944e-02,  5.72492245e-05,  2.73194402e-04,
        2.81301061e-04,  2.68330406e-04,  3.20944243e-03, -8.10665881e-06,
        2.81625327e-04,  2.89002386e-04,  2.92839538e-04,  4.44200482e-07,
        3.05389070e-04,  2.72615703e-04])}
{'img': array([[[ 0.        , -0.2886421 , -0.0793541 , ...,  0.35036176,
          0.35036176, -0.54760848],
        [ 0.2886421 ,  0.        ,  0.21175531, ...,  0.6057957 ,
          0.6057957 , -0.28278381],
        [ 0.0793541 , -0.21175531,  0.        , ...,  0.42358109,
          0.42358109, -0.47948327],
        ...,
        [-0.35036176, -0.6057957 , -0.42358109, ...,  0.        ,
          0.        , -0.80605786],
        [-0.35036176, -0.6057957 , -0.42358109, ...,  0.        ,
          0.        , -0.80605786],
        [ 0.54760848,  0.28278381,  0.47948327, ...,  0.80605786,
          0.80605786,  0.        ]],

       [[ 0.        ,  0.07564864, -0.04246301, ..., -0.27992909,
         -0.23835282,  0.05148522],
        [-0.07564864,  0.        , -0.11792174, ..., -0.35175122,
         -0.31113817, -0.02421061],
        [ 0.04246301,  0.11792174,  0.        , ..., -0.23891124,
         -0.19689866,  0.09384548],
        ...,
        [ 0.27992909,  0.35175122,  0.23891124, ...,  0.        ,
          0.04303752,  0.32898472],
        [ 0.23835282,  0.31113817,  0.19689866, ..., -0.04303752,
          0.        ,  0.28803805],
        [-0.05148522,  0.02421061, -0.09384548, ..., -0.32898472,
         -0.28803805,  0.        ]],

       [[ 0.        , -0.31598871, -0.56714035, ...,  0.05386393,
          0.02721555, -0.13063693],
        [ 0.31598871,  0.        , -0.27782677, ...,  0.36663409,
          0.34169277,  0.1893373 ],
        [ 0.56714035,  0.27782677,  0.        , ...,  0.6106805 ,
          0.58934558,  0.45468478],
        ...,
        [-0.05386393, -0.36663409, -0.6106805 , ...,  0.        ,
         -0.02666794, -0.18384961],
        [-0.02721555, -0.34169277, -0.58934558, ...,  0.02666794,
          0.        , -0.15757086],
        [ 0.13063693, -0.1893373 , -0.45468478, ...,  0.18384961,
          0.15757086,  0.        ]],

       ...,

       [[ 0.        , -0.63938352, -0.3710212 , ..., -0.05070516,
         -0.10417085, -0.79083525],
        [ 0.63938352,  0.        ,  0.30847339, ...,  0.59957447,
          0.55580918, -0.21674241],
        [ 0.3710212 , -0.30847339,  0.        , ...,  0.3234579 ,
          0.27226703, -0.50731315],
        ...,
        [ 0.05070516, -0.59957447, -0.3234579 , ...,  0.        ,
         -0.05360756, -0.75878494],
        [ 0.10417085, -0.55580918, -0.27226703, ...,  0.05360756,
          0.        , -0.72277706],
        [ 0.79083525,  0.21674241,  0.50731315, ...,  0.75878494,
          0.72277706,  0.        ]],

       [[ 0.        ,  0.28068183,  0.36334694, ...,  0.99870054,
          0.99933238,  0.99805641],
        [-0.28068183,  0.        ,  0.08724239, ...,  0.94424923,
          0.94890544,  0.97542664],
        [-0.36334694, -0.08724239,  0.        , ...,  0.91192597,
          0.91775712,  0.95248581],
        ...,
        [-0.99870054, -0.94424923, -0.91192597, ...,  0.        ,
          0.01444177,  0.11309997],
        [-0.99933238, -0.94890544, -0.91775712, ..., -0.01444177,
          0.        ,  0.09873907],
        [-0.99805641, -0.97542664, -0.95248581, ..., -0.11309997,
         -0.09873907,  0.        ]],

       [[ 0.        , -0.09918859, -0.27641703, ...,  0.11749558,
          0.0612861 , -0.27256762],
        [ 0.09918859,  0.        , -0.17972994, ...,  0.21541772,
          0.15998601, -0.17579052],
        [ 0.27641703,  0.17972994,  0.        , ...,  0.3874201 ,
          0.33479569,  0.00400317],
        ...,
        [-0.11749558, -0.21541772, -0.3874201 , ...,  0.        ,
         -0.05641313, -0.38372646],
        [-0.0612861 , -0.15998601, -0.33479569, ...,  0.05641313,
          0.        , -0.33102086],
        [ 0.27256762,  0.17579052, -0.00400317, ...,  0.38372646,
          0.33102086,  0.        ]]]), 'num': array([ 7.98896711e-01,  6.01464680e-01,  1.21871624e-05,  2.12292507e-04,
        2.24741759e-04,  2.12292507e-04,  1.96810879e-03, -8.51790923e-06,
        2.23824446e-04,  2.32637205e-04,  2.36503026e-04,  2.42675477e-07,
        2.48806636e-04,  2.16467775e-04])}
{'img': array([[[ 0.        ,  0.07529032,  0.31401206, ...,  0.31401206,
         -0.03907672, -0.83622461],
        [-0.07529032,  0.        ,  0.24163872, ...,  0.24163872,
         -0.11419862, -0.87513935],
        [-0.31401206, -0.24163872,  0.        , ...,  0.        ,
         -0.3508724 , -0.96612769],
        ...,
        [-0.31401206, -0.24163872,  0.        , ...,  0.        ,
         -0.3508724 , -0.96612769],
        [ 0.03907672,  0.11419862,  0.3508724 , ...,  0.3508724 ,
          0.        , -0.81415674],
        [ 0.83622461,  0.87513935,  0.96612769, ...,  0.96612769,
          0.81415674,  0.        ]],

       [[ 0.        , -0.11792174, -0.12924105, ..., -0.31113817,
         -0.02421061, -0.1826021 ],
        [ 0.11792174,  0.        , -0.01140656, ..., -0.19689866,
          0.09384548, -0.06538895],
        [ 0.12924105,  0.01140656,  0.        , ..., -0.18570258,
          0.1051956 , -0.05400255],
        ...,
        [ 0.31113817,  0.19689866,  0.18570258, ...,  0.        ,
          0.28803805,  0.13236838],
        [ 0.02421061, -0.09384548, -0.1051956 , ..., -0.28803805,
          0.        , -0.15874502],
        [ 0.1826021 ,  0.06538895,  0.05400255, ..., -0.13236838,
          0.15874502,  0.        ]],

       [[ 0.        , -0.23783781, -0.36609391, ...,  0.32274955,
          0.17659866, -0.58708705],
        [ 0.23783781,  0.        , -0.13426219, ...,  0.53859799,
          0.40563084, -0.37770515],
        [ 0.36609391,  0.13426219,  0.        , ...,  0.64684578,
          0.5246788 , -0.2499685 ],
        ...,
        [-0.32274955, -0.53859799, -0.64684578, ...,  0.        ,
         -0.15052901, -0.81694218],
        [-0.17659866, -0.40563084, -0.5246788 , ...,  0.15052901,
          0.        , -0.72082059],
        [ 0.58708705,  0.37770515,  0.2499685 , ...,  0.81694218,
          0.72082059,  0.        ]],

       ...,

       [[ 0.        ,  0.22627373,  0.18374098, ...,  0.4397323 ,
         -0.12491296, -0.77407429],
        [-0.22627373,  0.        , -0.04344592, ...,  0.22510433,
         -0.34617467, -0.89725042],
        [-0.18374098,  0.04344592,  0.        , ...,  0.26722265,
         -0.30508814, -0.87722089],
        ...,
        [-0.4397323 , -0.22510433, -0.26722265, ...,  0.        ,
         -0.54847613, -0.97361071],
        [ 0.12491296,  0.34617467,  0.30508814, ...,  0.54847613,
          0.        , -0.68892977],
        [ 0.77407429,  0.89725042,  0.87722089, ...,  0.97361071,
          0.68892977,  0.        ]],

       [[ 0.        ,  0.237957  ,  0.21312146, ...,  0.99832841,
          0.99907148,  0.95376891],
        [-0.237957  ,  0.        , -0.02549041, ...,  0.95589915,
          0.98062582,  0.99788838],
        [-0.21312146,  0.02549041,  0.        , ...,  0.96307496,
          0.9853005 ,  0.99590848],
        ...,
        [-0.99832841, -0.95589915, -0.96307496, ...,  0.        ,
          0.10075363,  0.3551626 ],
        [-0.99907148, -0.98062582, -0.9853005 , ..., -0.10075363,
          0.        ,  0.25917038],
        [-0.95376891, -0.99788838, -0.99590848, ..., -0.3551626 ,
         -0.25917038,  0.        ]],

       [[ 0.        , -0.10608673, -0.1253478 , ...,  0.10912353,
         -0.10397898, -0.84820869],
        [ 0.10608673,  0.        , -0.01939044, ...,  0.21396093,
          0.00211947, -0.78723201],
        [ 0.1253478 ,  0.01939044,  0.        , ...,  0.23286211,
          0.02150947, -0.77512676],
        ...,
        [-0.10912353, -0.21396093, -0.23286211, ...,  0.        ,
         -0.21189006, -0.90094196],
        [ 0.10397898, -0.00211947, -0.02150947, ...,  0.21189006,
          0.        , -0.78853724],
        [ 0.84820869,  0.78723201,  0.77512676, ...,  0.90094196,
          0.78853724,  0.        ]]]), 'num': array([7.30374167e-01, 6.83045689e-01, 2.88588286e-06, 1.96383730e-04,
       1.99377385e-04, 1.93988807e-04, 1.35072490e-03, 2.39492354e-06,
       2.01532816e-04, 2.11860924e-04, 2.16012124e-04, 2.33651077e-07,
       2.28232792e-04, 1.95489055e-04])}
{'img': array([[[ 0.        ,  0.24163872,  0.4264023 , ..., -0.11419862,
         -0.87513935, -0.52447289],
        [-0.24163872,  0.        ,  0.19519606, ..., -0.3508724 ,
         -0.96612769, -0.71466858],
        [-0.4264023 , -0.19519606,  0.        , ..., -0.52690924,
         -0.99791666, -0.83745386],
        ...,
        [ 0.11419862,  0.3508724 ,  0.52690924, ...,  0.        ,
         -0.81415674, -0.42380995],
        [ 0.87513935,  0.96612769,  0.99791666, ...,  0.81415674,
          0.        ,  0.4913402 ],
        [ 0.52447289,  0.71466858,  0.83745386, ...,  0.42380995,
         -0.4913402 ,  0.        ]],

       [[ 0.        , -0.01140656,  0.22170451, ...,  0.09384548,
         -0.06538895, -0.21526257],
        [ 0.01140656,  0.        ,  0.23281279, ...,  0.1051956 ,
         -0.05400255, -0.20410942],
        [-0.22170451, -0.23281279,  0.        , ..., -0.12921605,
         -0.28499171, -0.42641245],
        ...,
        [-0.09384548, -0.1051956 ,  0.12921605, ...,  0.        ,
         -0.15874502, -0.30595796],
        [ 0.06538895,  0.05400255,  0.28499171, ...,  0.15874502,
          0.        , -0.15094589],
        [ 0.21526257,  0.20410942,  0.42641245, ...,  0.30595796,
          0.15094589,  0.        ]],

       [[ 0.        , -0.05383965,  0.05112885, ...,  0.2556265 ,
         -0.09629169, -0.71322557],
        [ 0.05383965,  0.        ,  0.10482392, ...,  0.3073066 ,
         -0.04256255, -0.67445303],
        [-0.05112885, -0.10482392,  0.        , ...,  0.20586204,
         -0.147057  , -0.7481307 ],
        ...,
        [-0.2556265 , -0.3073066 , -0.20586204, ...,  0.        ,
         -0.3475311 , -0.86870654],
        [ 0.09629169,  0.04256255,  0.147057  , ...,  0.3475311 ,
          0.        , -0.64241715],
        [ 0.71322557,  0.67445303,  0.7481307 , ...,  0.86870654,
          0.64241715,  0.        ]],

       ...,

       [[ 0.        , -0.04344592,  0.18389286, ..., -0.34617467,
         -0.89725042, -0.7608892 ],
        [ 0.04344592,  0.        ,  0.22642423, ..., -0.30508814,
         -0.87722089, -0.73197948],
        [-0.18389286, -0.22642423,  0.        , ..., -0.51279389,
         -0.96314172, -0.86723795],
        ...,
