state_0,state_1,state_2,state_3,state_4,state_5,state_6,state_7,state_8,state_9,state_10,state_11,state_12,state_13,state_14,state_15,state_16,state_17,state_18,state_19,state_20,state_21,state_22,state_23,state_24,state_25,state_26,state_27,state_28,state_29,state_30,state_31,state_32,state_33,state_34,state_35,state_36,state_37,state_38,state_39,state_40,state_41,state_42,state_43,state_44,state_45,state_46,state_47,state_48,state_49,state_50,state_51,state_52,state_53,state_54,state_55,state_56,state_57,state_58,state_59,state_60,state_61,state_62,state_63,state_64,state_65,state_66,state_67,state_68,state_69,state_70,state_71,state_72,state_73,state_74,state_75,state_76,state_77,state_78,state_79,state_80,state_81,state_82,state_83,state_84,state_85,state_86,state_87,state_88,state_89,state_90,state_91,state_92,state_93,state_94,state_95,state_96,state_97,state_98,state_99,state_100,state_101,state_102,state_103,state_104,state_105,state_106,state_107,state_108,state_109,state_110,state_111,state_112,state_113,state_114,state_115,state_116,state_117,state_118,state_119,state_120,state_121,state_122,state_123,state_124,state_125,state_126,state_127,state_128,state_129,state_130,state_131,state_132,state_133,state_134,state_135,state_136,state_137,state_138,state_139,state_140,state_141,state_142,state_143,state_144,state_145,state_146,state_147,state_148,state_149,state_150,state_151,state_152,state_153,state_154,state_155,state_156,state_157,state_158,state_159,state_160,state_161,state_162,state_163,state_164,state_165,state_166,state_167,state_168,state_169,state_170,state_171,state_172,state_173,state_174,state_175,state_176,state_177,state_178,state_179,state_180,state_181,state_182,state_183,state_184,state_185,state_186,state_187,state_188,state_189,state_190,state_191,state_192,state_193,state_194,state_195,state_196,state_197,state_198,state_199,state_200,state_201,state_202,state_203,state_204,state_205,state_206,state_207,state_208,state_209,state_210,state_211,state_212,state_213,state_214,state_215,state_216,state_217,state_218,state_219,state_220,state_221,state_222,state_223,state_224,state_225,state_226,state_227,state_228,state_229,state_230,state_231,state_232,state_233,state_234,state_235,state_236,state_237,state_238,state_239,state_240,state_241,state_242,state_243,state_244,state_245,state_246,state_247,state_248,state_249,state_250,state_251,state_252,state_253,state_254,state_255,state_256,state_257,state_258,state_259,state_260,state_261,state_262,state_263,state_264,state_265,state_266,state_267,state_268,state_269,state_270,state_271,state_272,state_273,state_274,state_275,state_276,state_277,state_278,state_279,state_280,state_281,state_282,state_283,state_284,state_285,state_286,state_287
{'img': array([[[ 0.        , -0.40143424,  0.1040266 , ...,  0.92484003,
          0.40143424,  0.65938041],
        [ 0.40143424,  0.        ,  0.49453296, ...,  0.69436171,
          0.        ,  0.30211645],
        [-0.1040266 , -0.49453296,  0.        , ...,  0.9593895 ,
          0.49453296,  0.73401113],
        ...,
        [-0.92484003, -0.69436171, -0.9593895 , ...,  0.        ,
          0.69436171,  0.444504  ],
        [-0.40143424, -0.        , -0.49453296, ..., -0.69436171,
          0.        , -0.30211645],
        [-0.65938041, -0.30211645, -0.73401113, ..., -0.444504  ,
          0.30211645,  0.        ]],

       [[ 0.        ,  0.09030296, -0.11581056, ...,  0.0593677 ,
          0.57047114,  0.17105161],
        [-0.09030296,  0.        , -0.20503274, ..., -0.03101854,
          0.49397297,  0.08138067],
        [ 0.11581056,  0.20503274,  0.        , ...,  0.17457453,
          0.66174988,  0.28400441],
        ...,
        [-0.0593677 ,  0.03101854, -0.17457453, ...,  0.        ,
          0.52070519,  0.11225716],
        [-0.57047114, -0.49397297, -0.66174988, ..., -0.52070519,
          0.        , -0.42157587],
        [-0.17105161, -0.08138067, -0.28400441, ..., -0.11225716,
          0.42157587,  0.        ]],

       [[ 0.        , -0.15569689,  0.01255434, ...,  0.77209726,
          0.57374892,  0.15569689],
        [ 0.15569689,  0.        ,  0.16808587, ...,  0.66373538,
          0.43923136,  0.        ],
        [-0.01255434, -0.16808587,  0.        , ...,  0.78001475,
          0.5839861 ,  0.16808587],
        ...,
        [-0.77209726, -0.66373538, -0.78001475, ...,  0.        ,
          0.26775182,  0.66373538],
        [-0.57374892, -0.43923136, -0.5839861 , ..., -0.26775182,
          0.        ,  0.43923136],
        [-0.15569689, -0.        , -0.16808587, ..., -0.66373538,
         -0.43923136,  0.        ]],

       ...,

       [[ 0.        ,  0.01221051, -0.28165456, ..., -0.2969386 ,
          0.50479483,  0.77511819],
        [-0.01221051,  0.        , -0.29334974, ..., -0.30857623,
          0.49421661,  0.76734561],
        [ 0.28165456,  0.29334974,  0.        , ..., -0.01596632,
          0.72749395,  0.92169214],
        ...,
        [ 0.2969386 ,  0.30857623,  0.01596632, ...,  0.        ,
          0.73835594,  0.92776834],
        [-0.50479483, -0.49421661, -0.72749395, ..., -0.73835594,
          0.        ,  0.35017494],
        [-0.77511819, -0.76734561, -0.92169214, ..., -0.92776834,
         -0.35017494,  0.        ]],

       [[ 0.        , -0.09540504,  0.06591487, ...,  0.52310733,
          0.36089336,  0.25830872],
        [ 0.09540504,  0.        ,  0.16081176, ...,  0.43941065,
          0.27027174,  0.16496323],
        [-0.06591487, -0.16081176,  0.        , ...,  0.57814676,
          0.42158118,  0.32142485],
        ...,
        [-0.52310733, -0.43941065, -0.57814676, ...,  0.        ,
          0.18027618,  0.28520639],
        [-0.36089336, -0.27027174, -0.42158118, ..., -0.18027618,
          0.        ,  0.10774496],
        [-0.25830872, -0.16496323, -0.32142485, ..., -0.28520639,
         -0.10774496,  0.        ]],

       [[ 0.        , -0.00463818,  0.0105865 , ...,  0.78997911,
          0.81392698,  0.84030484],
        [ 0.00463818,  0.        ,  0.0152243 , ...,  0.78712679,
          0.8112236 ,  0.83778138],
        [-0.0105865 , -0.0152243 ,  0.        , ...,  0.79642578,
          0.82003178,  0.84599684],
        ...,
        [-0.78997911, -0.78712679, -0.79642578, ...,  0.        ,
         -0.04009418, -0.08696039],
        [-0.81392698, -0.8112236 , -0.82003178, ...,  0.04009418,
          0.        , -0.04694817],
        [-0.84030484, -0.83778138, -0.84599684, ...,  0.08696039,
          0.04694817,  0.        ]]]), 'num': array([7.07103985e-01, 7.07103985e-01, 0.00000000e+00, 9.60611176e-04,
       9.64232707e-04, 9.46125051e-04, 9.69420551e-04, 5.43229694e-06,
       9.48116893e-04, 9.21317562e-04, 8.76546381e-04, 6.38410966e-07,
       9.77691440e-04, 8.64943684e-04])}
{'img': array([[[ 0.        ,  0.49346185,  0.56767056, ...,  0.13608129,
          0.32941267,  0.        ],
        [-0.49346185,  0.        ,  0.08749603, ...,  0.60723058,
          0.75243221,  0.49346185],
        [-0.56767056, -0.08749603,  0.        , ...,  0.67441962,
          0.80717752,  0.56767056],
        ...,
        [-0.13608129, -0.60723058, -0.67441962, ...,  0.        ,
         -0.19786231,  0.13608129],
        [-0.32941267, -0.75243221, -0.80717752, ...,  0.19786231,
          0.        ,  0.32941267],
        [-0.        , -0.49346185, -0.56767056, ..., -0.13608129,
         -0.32941267,  0.        ]],

       [[ 0.        , -0.20503274, -0.12698303, ...,  0.49397297,
          0.08138067,  0.135324  ],
        [ 0.20503274,  0.        ,  0.07908769, ...,  0.66174988,
          0.28400441,  0.33559578],
        [ 0.12698303, -0.07908769,  0.        , ...,  0.60038306,
          0.20728372,  0.2600435 ],
        ...,
        [-0.49397297, -0.66174988, -0.60038306, ...,  0.        ,
         -0.42157587, -0.37176798],
        [-0.08138067, -0.28400441, -0.20728372, ...,  0.42157587,
          0.        ,  0.05424306],
        [-0.135324  , -0.33559578, -0.2600435 , ...,  0.37176798,
         -0.05424306,  0.        ]],

       [[ 0.        ,  0.16592358,  0.42127986, ...,  0.52758065,
          0.31673266,  0.        ],
        [-0.16592358,  0.        ,  0.26495915, ...,  0.66122055,
          0.46972328,  0.16592358],
        [-0.42127986, -0.26495915,  0.        , ...,  0.83635841,
          0.68684477,  0.42127986],
        ...,
        [-0.52758065, -0.66122055, -0.83635841, ...,  0.        ,
          0.23135212,  0.52758065],
        [-0.31673266, -0.46972328, -0.68684477, ..., -0.23135212,
          0.        ,  0.31673266],
        [-0.        , -0.16592358, -0.42127986, ..., -0.52758065,
         -0.31673266,  0.        ]],

       ...,

       [[ 0.        , -0.29334974,  0.35186021, ...,  0.49421661,
          0.76734561,  0.71866114],
        [ 0.29334974,  0.        ,  0.61097096, ...,  0.72749395,
          0.92169214,  0.89102759],
        [-0.35186021, -0.61097096,  0.        , ...,  0.15672699,
          0.49265118,  0.42803492],
        ...,
        [-0.49421661, -0.72749395, -0.15672699, ...,  0.        ,
          0.35017494,  0.28110132],
        [-0.76734561, -0.92169214, -0.49265118, ..., -0.35017494,
          0.        , -0.07275202],
        [-0.71866114, -0.89102759, -0.42803492, ..., -0.28110132,
          0.07275202,  0.        ]],

       [[ 0.        ,  0.15923014,  0.24872341, ...,  0.38211028,
          0.32073461,  0.        ],
        [-0.15923014,  0.        ,  0.09132381, ...,  0.52438236,
          0.46746039,  0.15923014],
        [-0.24872341, -0.09132381,  0.        , ...,  0.59995176,
          0.54623851,  0.24872341],
        ...,
        [-0.38211028, -0.52438236, -0.59995176, ...,  0.        ,
          0.06552683,  0.38211028],
        [-0.32073461, -0.46746039, -0.54623851, ..., -0.06552683,
          0.        ,  0.32073461],
        [-0.        , -0.15923014, -0.24872341, ..., -0.38211028,
         -0.32073461,  0.        ]],

       [[ 0.        ,  0.0152243 ,  0.02776657, ...,  0.8112236 ,
          0.83778138,  0.86001145],
        [-0.0152243 ,  0.        ,  0.01254492, ...,  0.82003178,
          0.84599684,  0.86768035],
        [-0.02776657, -0.01254492,  0.        , ...,  0.82714694,
          0.85261907,  0.87384844],
        ...,
        [-0.8112236 , -0.82003178, -0.82714694, ...,  0.        ,
         -0.04694817, -0.0889328 ],
        [-0.83778138, -0.84599684, -0.85261907, ...,  0.04694817,
          0.        , -0.04207259],
        [-0.86001145, -0.86768035, -0.87384844, ...,  0.0889328 ,
          0.04207259,  0.        ]]]), 'num': array([7.45289096e-01, 6.66734882e-01, 7.34151541e-07, 1.02018461e-03,
       1.02304494e-03, 1.00397607e-03, 9.75229745e-04, 8.58099204e-06,
       1.00607364e-03, 9.72131053e-04, 9.26635905e-04, 6.37156994e-07,
       1.03522683e-03, 9.09035273e-04])}
{'img': array([[[ 0.        ,  0.12820109, -0.3014298 , ...,  0.74518107,
          0.6581045 ,  0.3014298 ],
        [-0.12820109,  0.        , -0.4211807 , ...,  0.82452444,
          0.74919995,  0.4211807 ],
        [ 0.3014298 ,  0.4211807 ,  0.        , ...,  0.50950936,
          0.40054047,  0.        ],
        ...,
        [-0.74518107, -0.82452444, -0.50950936, ...,  0.        ,
          0.12220166,  0.50950936],
        [-0.6581045 , -0.74919995, -0.40054047, ..., -0.12220166,
          0.        ,  0.40054047],
        [-0.3014298 , -0.4211807 , -0.        , ..., -0.50950936,
         -0.40054047,  0.        ]],

       [[ 0.        ,  0.07908769,  0.0778809 , ...,  0.28400441,
          0.33559578,  0.3100686 ],
        [-0.07908769,  0.        , -0.00121052, ...,  0.20728372,
          0.2600435 ,  0.23390758],
        [-0.0778809 ,  0.00121052,  0.        , ...,  0.2084678 ,
          0.26121218,  0.23508434],
        ...,
        [-0.28400441, -0.20728372, -0.2084678 , ...,  0.        ,
          0.05424306,  0.02729388],
        [-0.33559578, -0.2600435 , -0.26121218, ..., -0.05424306,
          0.        , -0.02696916],
        [-0.3100686 , -0.23390758, -0.23508434, ..., -0.02729388,
          0.02696916,  0.        ]],

       [[ 0.        ,  0.38408394,  0.41906158, ...,  0.48692821,
          0.38408394,  0.        ],
        [-0.38408394,  0.        ,  0.03818678, ...,  0.78505497,
          0.70924801,  0.38408394],
        [-0.41906158, -0.03818678,  0.        , ...,  0.80813626,
          0.73565081,  0.41906158],
        ...,
        [-0.48692821, -0.78505497, -0.80813626, ...,  0.        ,
          0.11410489,  0.48692821],
        [-0.38408394, -0.70924801, -0.73565081, ..., -0.11410489,
          0.        ,  0.38408394],
        [-0.        , -0.38408394, -0.41906158, ..., -0.48692821,
         -0.38408394,  0.        ]],

       ...,

       [[ 0.        ,  0.61097096,  0.2679659 , ...,  0.92169214,
          0.89102759,  0.79192751],
        [-0.61097096,  0.        , -0.37649076, ...,  0.49265118,
          0.42803492,  0.25386369],
        [-0.2679659 ,  0.37649076,  0.        , ...,  0.78403447,
          0.73679839,  0.59934143],
        ...,
        [-0.92169214, -0.49265118, -0.78403447, ...,  0.        ,
         -0.07275202, -0.25559292],
        [-0.89102759, -0.42803492, -0.73679839, ...,  0.07275202,
          0.        , -0.18458009],
        [-0.79192751, -0.25386369, -0.59934143, ...,  0.25559292,
          0.18458009,  0.        ]],

       [[ 0.        ,  0.19028579,  0.20008018, ...,  0.44924746,
          0.32672798,  0.        ],
        [-0.19028579,  0.        ,  0.00998635, ...,  0.61104187,
          0.50060085,  0.19028579],
        [-0.20008018, -0.00998635,  0.        , ...,  0.61891657,
          0.50922085,  0.20008018],
        ...,
        [-0.44924746, -0.61104187, -0.61891657, ...,  0.        ,
          0.13269086,  0.44924746],
        [-0.32672798, -0.50060085, -0.50922085, ..., -0.13269086,
          0.        ,  0.32672798],
        [-0.        , -0.19028579, -0.20008018, ..., -0.44924746,
         -0.32672798,  0.        ]],

       [[ 0.        ,  0.01254492,  0.04335401, ...,  0.84599684,
          0.86768035,  0.90058697],
        [-0.01254492,  0.        ,  0.03081747, ...,  0.85261907,
          0.87384844,  0.90596908],
        [-0.04335401, -0.03081747,  0.        , ...,  0.86831724,
          0.88841679,  0.91858516],
        ...,
        [-0.84599684, -0.85261907, -0.86831724, ...,  0.        ,
         -0.04207259, -0.11244769],
        [-0.86768035, -0.87384844, -0.88841679, ...,  0.04207259,
          0.        , -0.07054237],
        [-0.90058697, -0.90596908, -0.91858516, ...,  0.11244769,
          0.07054237,  0.        ]]]), 'num': array([7.44303214e-01, 6.67834123e-01, 7.03487497e-07, 1.03336609e-03,
       1.04097136e-03, 1.00864897e-03, 1.55205503e-03, 1.61611993e-05,
       1.01397265e-03, 9.71763405e-04, 9.27526083e-04, 6.38299467e-07,
       1.04040492e-03, 9.03121891e-04])}
{'img': array([[[ 0.        , -0.40617997,  0.32419397, ...,  0.89165404,
          0.82290204,  0.40617997],
        [ 0.40617997,  0.        ,  0.68048865, ...,  0.63090257,
          0.52117755,  0.        ],
        [-0.32419397, -0.68048865,  0.        , ...,  0.99026463,
          0.96265921,  0.68048865],
        ...,
        [-0.89165404, -0.63090257, -0.99026463, ...,  0.        ,
          0.13408082,  0.63090257],
        [-0.82290204, -0.52117755, -0.96265921, ..., -0.13408082,
          0.        ,  0.52117755],
        [-0.40617997, -0.        , -0.68048865, ..., -0.63090257,
         -0.52117755,  0.        ]],

       [[ 0.        , -0.00121052,  0.25772287, ...,  0.2600435 ,
          0.23390758,  0.51380221],
        [ 0.00121052,  0.        ,  0.25889231, ...,  0.26121218,
          0.23508434,  0.51484035],
        [-0.25772287, -0.25889231,  0.        , ...,  0.00240253,
         -0.02456742,  0.27534272],
        ...,
        [-0.2600435 , -0.26121218, -0.00240253, ...,  0.        ,
         -0.02696916,  0.27303226],
        [-0.23390758, -0.23508434,  0.02456742, ...,  0.02696916,
          0.        ,  0.2988774 ],
        [-0.51380221, -0.51484035, -0.27534272, ..., -0.27303226,
         -0.2988774 ,  0.        ]],

       [[ 0.        ,  0.173092  ,  0.37650375, ...,  0.5766644 ,
          0.45114072,  0.        ],
        [-0.173092  ,  0.        ,  0.21046563, ...,  0.70937293,
          0.59880749,  0.173092  ],
        [-0.37650375, -0.21046563,  0.        , ...,  0.84182706,
          0.75395541,  0.37650375],
        ...,
        [-0.5766644 , -0.70937293, -0.84182706, ...,  0.        ,
          0.14607232,  0.5766644 ],
        [-0.45114072, -0.59880749, -0.75395541, ..., -0.14607232,
          0.        ,  0.45114072],
        [-0.        , -0.173092  , -0.37650375, ..., -0.5766644 ,
         -0.45114072,  0.        ]],

       ...,

       [[ 0.        , -0.37649076,  0.00246068, ...,  0.42803492,
          0.25386369,  0.26850948],
        [ 0.37649076,  0.        ,  0.37876925, ...,  0.73679839,
          0.59934143,  0.61141756],
        [-0.00246068, -0.37876925,  0.        , ...,  0.42580975,
          0.25148286,  0.26613835],
        ...,
        [-0.42803492, -0.73679839, -0.42580975, ...,  0.        ,
         -0.18458009, -0.16964749],
        [-0.25386369, -0.59934143, -0.25148286, ...,  0.18458009,
          0.        ,  0.01517204],
        [-0.26850948, -0.61141756, -0.26613835, ...,  0.16964749,
         -0.01517204,  0.        ]],

       [[ 0.        ,  0.06146508,  0.34542975, ...,  0.49468939,
          0.38646091,  0.        ],
        [-0.06146508,  0.        ,  0.28709505, ...,  0.5471715 ,
          0.4424198 ,  0.06146508],
        [-0.34542975, -0.28709505,  0.        , ...,  0.76444117,
          0.68126401,  0.34542975],
        ...,
        [-0.49468939, -0.5471715 , -0.76444117, ...,  0.        ,
          0.12039336,  0.49468939],
        [-0.38646091, -0.4424198 , -0.68126401, ..., -0.12039336,
          0.        ,  0.38646091],
        [-0.        , -0.06146508, -0.34542975, ..., -0.49468939,
         -0.38646091,  0.        ]],

       [[ 0.        ,  0.03081747, -0.01061536, ...,  0.87384844,
          0.90596908,  0.94485547],
        [-0.03081747,  0.        , -0.04142605, ...,  0.88841679,
          0.91858516,  0.95449903],
        [ 0.01061536,  0.04142605,  0.        , ...,  0.86863803,
          0.90142409,  0.94132583],
        ...,
        [-0.87384844, -0.88841679, -0.86863803, ...,  0.        ,
         -0.07054237, -0.1732127 ],
        [-0.90596908, -0.91858516, -0.90142409, ...,  0.07054237,
          0.        , -0.1033051 ],
        [-0.94485547, -0.95449903, -0.94132583, ...,  0.1732127 ,
          0.1033051 ,  0.        ]]]), 'num': array([ 7.19669444e-01,  6.94310908e-01,  2.39231474e-07,  9.75328318e-04,
        1.00385207e-03,  9.70727713e-04,  9.56097788e-04, -2.48432685e-05,
        9.81401117e-04,  9.40777772e-04,  9.00721836e-04,  5.47413792e-07,
        1.00766108e-03,  8.73894465e-04])}
{'img': array([[[ 0.        ,  0.68048865,  0.56133864, ...,  0.52117755,
          0.        ,  0.64135845],
        [-0.68048865,  0.        , -0.15183729, ...,  0.96265921,
          0.68048865,  0.99205999],
        [-0.56133864,  0.15183729,  0.        , ...,  0.91039285,
          0.56133864,  0.96146164],
        ...,
        [-0.52117755, -0.96265921, -0.91039285, ...,  0.        ,
          0.52117755, -0.14749728],
        [-0.        , -0.68048865, -0.56133864, ..., -0.52117755,
          0.        , -0.64135845],
        [-0.64135845, -0.99205999, -0.96146164, ...,  0.14749728,
          0.64135845,  0.        ]],

       [[ 0.        ,  0.25889231,  0.11732599, ...,  0.23508434,
          0.51484035,  0.24405604],
        [-0.25889231,  0.        , -0.14377835, ..., -0.02456742,
          0.27534272, -0.01532846],
        [-0.11732599,  0.14377835,  0.        , ...,  0.1194228 ,
          0.41070265,  0.12859227],
        ...,
        [-0.23508434,  0.02456742, -0.1194228 , ...,  0.        ,
          0.2988774 ,  0.0092407 ],
        [-0.51484035, -0.27534272, -0.41070265, ..., -0.2988774 ,
          0.        , -0.29004632],
        [-0.24405604,  0.01532846, -0.12859227, ..., -0.0092407 ,
          0.29004632,  0.        ]],

       [[ 0.        ,  0.33822677,  0.46381599, ...,  0.45275497,
          0.        ,  0.        ],
        [-0.33822677,  0.        ,  0.13683506, ...,  0.72764651,
          0.33822677,  0.33822677],
        [-0.46381599, -0.13683506,  0.        , ...,  0.81466448,
          0.46381599,  0.46381599],
        ...,
        [-0.45275497, -0.72764651, -0.81466448, ...,  0.        ,
          0.45275497,  0.45275497],
        [-0.        , -0.33822677, -0.46381599, ..., -0.45275497,
          0.        ,  0.        ],
        [-0.        , -0.33822677, -0.46381599, ..., -0.45275497,
          0.        ,  0.        ]],

       ...,

       [[ 0.        ,  0.37876925,  0.07776334, ...,  0.59934143,
          0.61141756,  0.30670399],
        [-0.37876925,  0.        , -0.30565299, ...,  0.25148286,
          0.26613835, -0.07666262],
        [-0.07776334,  0.30565299,  0.        , ...,  0.53527748,
          0.54803133,  0.23175971],
        ...,
        [-0.59934143, -0.25148286, -0.53527748, ...,  0.        ,
          0.01517204, -0.32494158],
        [-0.61141756, -0.26613835, -0.54803133, ..., -0.01517204,
          0.        , -0.3392529 ],
        [-0.30670399,  0.07666262, -0.23175971, ...,  0.32494158,
          0.3392529 ,  0.        ]],

       [[ 0.        ,  0.33985944,  0.40486222, ...,  0.40144972,
          0.11477213,  0.        ],
        [-0.33985944,  0.        ,  0.0700034 , ...,  0.68882475,
          0.44555406,  0.33985944],
        [-0.40486222, -0.0700034 ,  0.        , ...,  0.73788232,
          0.50713191,  0.40486222],
        ...,
        [-0.40144972, -0.68882475, -0.73788232, ...,  0.        ,
          0.29367926,  0.40144972],
        [-0.11477213, -0.44555406, -0.50713191, ..., -0.29367926,
          0.        ,  0.11477213],
        [-0.        , -0.33985944, -0.40486222, ..., -0.40144972,
         -0.11477213,  0.        ]],

       [[ 0.        , -0.04142605, -0.03953296, ...,  0.91858516,
          0.95449903,  0.95638671],
        [ 0.04142605,  0.        ,  0.00189464, ...,  0.90142409,
          0.94132583,  0.94346502],
        [ 0.03953296, -0.00189464,  0.        , ...,  0.90224273,
          0.94196358,  0.94409135],
        ...,
        [-0.91858516, -0.90142409, -0.90224273, ...,  0.        ,
         -0.1033051 , -0.10966416],
        [-0.95449903, -0.94132583, -0.94196358, ...,  0.1033051 ,
          0.        , -0.00639539],
        [-0.95638671, -0.94346502, -0.94409135, ...,  0.10966416,
          0.00639539,  0.        ]]]), 'num': array([ 7.16590543e-01,  6.97488209e-01,  1.83323741e-07,  9.55116693e-04,
        9.71615830e-04,  9.52366837e-04,  1.00337667e-03, -1.64991367e-05,
        9.75282305e-04,  9.40038315e-04,  9.00150125e-04,  4.52198562e-07,
        1.00460231e-03,  8.75474320e-04])}
{'img': array([[[ 0.        , -0.4435969 ,  0.        , ...,  0.4435969 ,
          0.92816263,  0.98823087],
        [ 0.4435969 ,  0.        ,  0.4435969 , ...,  0.        ,
          0.66674824,  0.81782169],
        [ 0.        , -0.4435969 ,  0.        , ...,  0.4435969 ,
          0.92816263,  0.98823087],
        ...,
        [-0.4435969 , -0.        , -0.4435969 , ...,  0.        ,
         -0.66674824, -0.81782169],
        [-0.92816263, -0.66674824, -0.92816263, ...,  0.66674824,
          0.        , -0.22581388],
        [-0.98823087, -0.81782169, -0.98823087, ...,  0.81782169,
          0.22581388,  0.        ]],

       [[ 0.        , -0.14377835, -0.20618131, ...,  0.27534272,
         -0.01532846,  0.01559922],
        [ 0.14377835,  0.        , -0.06334996, ...,  0.41070265,
          0.12859227,  0.159198  ],
        [ 0.20618131,  0.06334996,  0.        , ...,  0.46763825,
          0.19115798,  0.22142027],
        ...,
        [-0.27534272, -0.41070265, -0.46763825, ...,  0.        ,
         -0.29004632, -0.26031297],
        [ 0.01532846, -0.12859227, -0.19115798, ...,  0.29004632,
          0.        ,  0.03092398],
        [-0.01559922, -0.159198  , -0.22142027, ...,  0.26031297,
         -0.03092398,  0.        ]],

       [[ 0.        ,  0.33224549,  0.45151706, ...,  0.        ,
          0.        ,  0.22423644],
        [-0.33224549,  0.        ,  0.12941752, ...,  0.33224549,
          0.33224549,  0.53528301],
        [-0.45151706, -0.12941752,  0.        , ...,  0.45151706,
          0.45151706,  0.64009684],
        ...,
        [-0.        , -0.33224549, -0.45151706, ...,  0.        ,
          0.        , -0.22423644],
        [-0.        , -0.33224549, -0.45151706, ...,  0.        ,
          0.        , -0.22423644],
        [-0.22423644, -0.53528301, -0.64009684, ...,  0.22423644,
          0.22423644,  0.        ]],

       ...,

       [[ 0.        , -0.30565299, -0.18109544, ...,  0.26613835,
         -0.07666262, -0.49821965],
        [ 0.30565299,  0.        ,  0.12817043, ...,  0.54803133,
          0.23175971, -0.20935965],
        [ 0.18109544, -0.12817043,  0.        , ...,  0.4363021 ,
          0.10516745, -0.33296289],
        ...,
        [-0.26613835, -0.54803133, -0.4363021 , ...,  0.        ,
         -0.3392529 , -0.71100676],
        [ 0.07666262, -0.23175971, -0.10516745, ...,  0.3392529 ,
          0.        , -0.43028304],
        [ 0.49821965,  0.20935965,  0.33296289, ...,  0.71100676,
          0.43028304,  0.        ]],

       [[ 0.        ,  0.22993486,  0.35752711, ...,  0.17026002,
          0.12478814,  0.        ],
        [-0.22993486,  0.        ,  0.13321074, ...,  0.39227569,
          0.34958211,  0.22993486],
        [-0.35752711, -0.13321074,  0.        , ...,  0.51131322,
          0.47127245,  0.35752711],
        ...,
        [-0.17026002, -0.39227569, -0.51131322, ...,  0.        ,
          0.04596304,  0.17026002],
        [-0.12478814, -0.34958211, -0.47127245, ..., -0.04596304,
          0.        ,  0.12478814],
        [-0.        , -0.22993486, -0.35752711, ..., -0.17026002,
         -0.12478814,  0.        ]],

       [[ 0.        ,  0.00189464,  0.01843856, ...,  0.94132583,
          0.94346502,  0.87302148],
        [-0.00189464,  0.        ,  0.01654421, ...,  0.94196358,
          0.94409135,  0.87394389],
        [-0.01843856, -0.01654421,  0.        , ...,  0.9473888 ,
          0.9494165 ,  0.88186521],
        ...,
        [-0.94132583, -0.94196358, -0.9473888 , ...,  0.        ,
         -0.00639539,  0.16442343],
        [-0.94346502, -0.94409135, -0.9494165 , ...,  0.00639539,
          0.        ,  0.17072842],
        [-0.87302148, -0.87394389, -0.88186521, ..., -0.16442343,
         -0.17072842,  0.        ]]]), 'num': array([ 7.84723610e-01,  6.19838385e-01,  1.58696078e-06,  1.04357737e-03,
        1.05563024e-03,  1.03955975e-03,  7.86308934e-04, -3.01321667e-06,
        1.06426813e-03,  1.03463816e-03,  9.88920971e-04,  5.93026685e-07,
        1.09583243e-03,  9.73443895e-04])}
{'img': array([[[ 0.        ,  0.4435969 ,  0.64503747, ...,  0.66674824,
          0.81782169,  0.83702162],
        [-0.4435969 ,  0.        ,  0.23912463, ...,  0.92816263,
          0.98823087,  0.99288372],
        [-0.64503747, -0.23912463,  0.        , ...,  0.99023177,
          0.99614003,  0.99255589],
        ...,
        [-0.66674824, -0.92816263, -0.99023177, ...,  0.        ,
         -0.22581388, -0.25899349],
        [-0.81782169, -0.98823087, -0.99614003, ...,  0.22581388,
          0.        , -0.03419491],
        [-0.83702162, -0.99288372, -0.99255589, ...,  0.25899349,
          0.03419491,  0.        ]],

       [[ 0.        , -0.06334996,  0.47372926, ...,  0.12859227,
          0.159198  , -0.03017221],
        [ 0.06334996,  0.        ,  0.52856816, ...,  0.19115798,
          0.22142027,  0.03320951],
        [-0.47372926, -0.52856816,  0.        , ..., -0.35654873,
         -0.32748665, -0.50008536],
        ...,
        [-0.12859227, -0.19115798,  0.35654873, ...,  0.        ,
          0.03092398, -0.15845543],
        [-0.159198  , -0.22142027,  0.32748665, ..., -0.03092398,
          0.        , -0.18891293],
        [ 0.03017221, -0.03320951,  0.50008536, ...,  0.15845543,
          0.18891293,  0.        ]],

       [[ 0.        ,  0.3195167 ,  0.48046093, ...,  0.        ,
          0.22744759,  0.36898466],
        [-0.3195167 ,  0.        ,  0.17505418, ...,  0.3195167 ,
          0.52666721,  0.64661288],
        [-0.48046093, -0.17505418,  0.        , ...,  0.48046093,
          0.66734342,  0.77016294],
        ...,
        [-0.        , -0.3195167 , -0.48046093, ...,  0.        ,
         -0.22744759, -0.36898466],
        [-0.22744759, -0.52666721, -0.66734342, ...,  0.22744759,
          0.        , -0.14791583],
        [-0.36898466, -0.64661288, -0.77016294, ...,  0.36898466,
          0.14791583,  0.        ]],

       ...,

       [[ 0.        ,  0.12817043,  0.44188744, ...,  0.23175971,
         -0.20935965,  0.21266691],
        [-0.12817043,  0.        ,  0.32326491, ...,  0.10516745,
         -0.33296289,  0.08567436],
        [-0.44188744, -0.32326491,  0.        , ..., -0.2219514 ,
         -0.61990501, -0.24100195],
        ...,
        [-0.23175971, -0.10516745,  0.2219514 , ...,  0.        ,
         -0.43028304, -0.01958151],
        [ 0.20935965,  0.33296289,  0.61990501, ...,  0.43028304,
          0.        ,  0.41252443],
        [-0.21266691, -0.08567436,  0.24100195, ...,  0.01958151,
         -0.41252443,  0.        ]],

       [[ 0.        ,  0.27944039,  0.43486079, ...,  0.12562918,
          0.        ,  0.30102073],
        [-0.27944039,  0.        ,  0.16590183, ...,  0.39785095,
          0.27944039,  0.55550825],
        [-0.43486079, -0.16590183,  0.        , ...,  0.54454428,
          0.43486079,  0.68575937],
        ...,
        [-0.12562918, -0.39785095, -0.54454428, ...,  0.        ,
          0.12562918, -0.17883363],
        [-0.        , -0.27944039, -0.43486079, ..., -0.12562918,
          0.        , -0.30102073],
        [-0.30102073, -0.55550825, -0.68575937, ...,  0.17883363,
          0.30102073,  0.        ]],

       [[ 0.        ,  0.01596587, -0.05446363, ...,  0.98703431,
          0.96368388,  0.64509906],
        [-0.01596587,  0.        , -0.07039886, ...,  0.98947117,
          0.96782466,  0.65721633],
        [ 0.05446363,  0.07039886,  0.        , ...,  0.97682738,
          0.94770926,  0.60252597],
        ...,
        [-0.98703431, -0.98947117, -0.97682738, ...,  0.        ,
          0.10890286,  0.65064739],
        [-0.96368388, -0.96782466, -0.94770926, ..., -0.10890286,
          0.        ,  0.56407895],
        [-0.64509906, -0.65721633, -0.60252597, ..., -0.65064739,
         -0.56407895,  0.        ]]]), 'num': array([ 7.61131708e-01,  6.48590438e-01,  1.09263368e-06,  1.00483276e-03,
        1.02141738e-03,  1.00288163e-03,  9.34894452e-04, -8.78009211e-06,
        1.02590498e-03,  1.00810091e-03,  9.63046029e-04,  5.72951337e-07,
        1.05992641e-03,  9.56275406e-04])}
{'img': array([[[ 0.        ,  0.50911836,  0.36667713, ...,  0.83368597,
          0.85270787,  0.90147277],
        [-0.50911836,  0.        , -0.15805965, ...,  0.99870553,
          0.99988005,  0.99625914],
        [-0.36667713,  0.15805965,  0.        , ...,  0.97811163,
          0.98486304,  0.99739462],
        ...,
        [-0.83368597, -0.99870553, -0.97811163, ...,  0.        ,
         -0.03539078, -0.13697909],
        [-0.85270787, -0.99988005, -0.98486304, ...,  0.03539078,
          0.        , -0.1018361 ],
        [-0.90147277, -0.99625914, -0.99739462, ...,  0.13697909,
          0.1018361 ,  0.        ]],

       [[ 0.        ,  0.52856816,  0.09842389, ...,  0.22142027,
          0.03320951,  0.14492488],
        [-0.52856816,  0.        , -0.4424506 , ..., -0.32748665,
         -0.50008536, -0.39996248],
        [-0.09842389,  0.4424506 ,  0.        , ...,  0.12436432,
         -0.06532134,  0.04683641],
        ...,
        [-0.22142027,  0.32748665, -0.12436432, ...,  0.        ,
         -0.18891293, -0.07775504],
        [-0.03320951,  0.50008536,  0.06532134, ...,  0.18891293,
          0.        ,  0.11198603],
        [-0.14492488,  0.39996248, -0.04683641, ...,  0.07775504,
         -0.11198603,  0.        ]],

       [[ 0.        ,  0.37373325,  0.52861566, ...,  0.23044697,
          0.37373325,  0.5352077 ],
        [-0.37373325,  0.        ,  0.1730625 , ...,  0.57742208,
          0.69330225,  0.81212467],
        [-0.52861566, -0.1730625 ,  0.        , ...,  0.71000542,
          0.80755786,  0.90084958],
        ...,
        [-0.23044697, -0.57742208, -0.71000542, ...,  0.        ,
         -0.14992626, -0.32613925],
        [-0.37373325, -0.69330225, -0.80755786, ...,  0.14992626,
          0.        , -0.1807244 ],
        [-0.5352077 , -0.81212467, -0.90084958, ...,  0.32613925,
          0.1807244 ,  0.        ]],

       ...,

       [[ 0.        ,  0.32326491,  0.1668049 , ..., -0.33296289,
          0.08567436,  0.07217778],
        [-0.32326491,  0.        , -0.16088705, ..., -0.61990501,
         -0.24100195, -0.25411932],
        [-0.1668049 ,  0.16088705,  0.        , ..., -0.48558505,
         -0.08171753, -0.09520327],
        ...,
        [ 0.33296289,  0.61990501,  0.48558505, ...,  0.        ,
          0.41252443,  0.40015376],
        [-0.08567436,  0.24100195,  0.08171753, ..., -0.41252443,
          0.        , -0.01353851],
        [-0.07217778,  0.25411932,  0.09520327, ..., -0.40015376,
          0.01353851,  0.        ]],

       [[ 0.        ,  0.34358371,  0.43931086, ...,  0.        ,
          0.30399084,  0.41624848],
        [-0.34358371,  0.        ,  0.10391321, ...,  0.34358371,
          0.6128081 ,  0.70331192],
        [-0.43931086, -0.10391321,  0.        , ...,  0.43931086,
          0.6916061 ,  0.77337442],
        ...,
        [-0.        , -0.34358371, -0.43931086, ...,  0.        ,
         -0.30399084, -0.41624848],
        [-0.30399084, -0.6128081 , -0.6916061 , ...,  0.30399084,
          0.        , -0.12014555],
        [-0.41624848, -0.70331192, -0.77337442, ...,  0.41624848,
          0.12014555,  0.        ]],

       [[ 0.        , -0.06783568, -0.03826005, ...,  0.99550194,
          0.9337297 ,  0.63865859],
        [ 0.06783568,  0.        ,  0.0296141 , ...,  0.98678198,
          0.90729512,  0.58498855],
        [ 0.03826005, -0.0296141 ,  0.        , ...,  0.99114825,
          0.91934975,  0.60875025],
        ...,
        [-0.99550194, -0.98678198, -0.99114825, ...,  0.        ,
          0.26790603,  0.70552178],
        [-0.9337297 , -0.90729512, -0.91934975, ..., -0.26790603,
          0.        ,  0.48986961],
        [-0.63865859, -0.58498855, -0.60875025, ..., -0.70552178,
         -0.48986961,  0.        ]]]), 'num': array([7.62185822e-01, 6.47351307e-01, 1.09054621e-06, 1.02530818e-03,
       1.02920298e-03, 9.99991926e-04, 9.61744912e-04, 2.23951454e-05,
       1.01732382e-03, 1.00875524e-03, 9.63916268e-04, 6.49134648e-07,
       1.05886827e-03, 9.58642217e-04])}
{'img': array([[[ 0.        , -0.37299077,  0.43876004, ...,  0.98916643,
          0.99908315,  0.94775413],
        [ 0.37299077,  0.        ,  0.74226804, ...,  0.86302885,
          0.91101594,  0.7603748 ],
        [-0.43876004, -0.74226804,  0.        , ...,  0.95327844,
          0.91656451,  0.99162112],
        ...,
        [-0.98916643, -0.86302885, -0.95327844, ...,  0.        ,
         -0.10431575,  0.17641703],
        [-0.99908315, -0.91101594, -0.91656451, ...,  0.10431575,
          0.        ,  0.27813415],
        [-0.94775413, -0.7603748 , -0.99162112, ..., -0.17641703,
         -0.27813415,  0.        ]],

       [[ 0.        , -0.4424506 , -0.1702449 , ..., -0.50008536,
         -0.39996248, -0.3839905 ],
        [ 0.4424506 ,  0.        ,  0.2833172 , ..., -0.06532134,
          0.04683641,  0.06417108],
        [ 0.1702449 , -0.2833172 ,  0.        , ..., -0.34535699,
         -0.23808893, -0.22119151],
        ...,
        [ 0.50008536,  0.06532134,  0.34535699, ...,  0.        ,
          0.11198603,  0.12922073],
        [ 0.39996248, -0.04683641,  0.23808893, ..., -0.11198603,
          0.        ,  0.01736078],
        [ 0.3839905 , -0.06417108,  0.22119151, ..., -0.12922073,
         -0.01736078,  0.        ]],

       [[ 0.        ,  0.39572897,  0.55087696, ...,  0.38042438,
          0.5443119 ,  0.64302739],
        [-0.39572897,  0.        ,  0.17563738, ...,  0.71534424,
          0.83184855,  0.89360169],
        [-0.55087696, -0.17563738,  0.        , ...,  0.82695468,
          0.91639662,  0.95854732],
        ...,
        [-0.38042438, -0.71534424, -0.82695468, ...,  0.        ,
         -0.18425468, -0.30333405],
        [-0.5443119 , -0.83184855, -0.91639662, ...,  0.18425468,
          0.        , -0.12256714],
        [-0.64302739, -0.89360169, -0.95854732, ...,  0.30333405,
          0.12256714,  0.        ]],

       ...,

       [[ 0.        , -0.16088705,  0.1623775 , ..., -0.24100195,
         -0.25411932,  0.0993165 ],
        [ 0.16088705,  0.        ,  0.31901405, ..., -0.08171753,
         -0.09520327,  0.2581143 ],
        [-0.1623775 , -0.31901405,  0.        , ..., -0.3953949 ,
         -0.40779394, -0.06357624],
        ...,
        [ 0.24100195,  0.08171753,  0.3953949 , ...,  0.        ,
         -0.01353851,  0.33619952],
        [ 0.25411932,  0.09520327,  0.40779394, ...,  0.01353851,
          0.        ,  0.34891915],
        [-0.0993165 , -0.2581143 ,  0.06357624, ..., -0.33619952,
         -0.34891915,  0.        ]],

       [[ 0.        ,  0.28699339,  0.5548286 , ...,  0.30860832,
          0.42241644,  0.40078772],
        [-0.28699339,  0.        ,  0.29272003, ...,  0.56861097,
          0.6647778 ,  0.64686261],
        [-0.5548286 , -0.29272003,  0.        , ...,  0.7844982 ,
          0.85433324,  0.84175907],
        ...,
        [-0.30860832, -0.56861097, -0.7844982 , ...,  0.        ,
         -0.12207479, -0.09848697],
        [-0.42241644, -0.6647778 , -0.85433324, ...,  0.12207479,
          0.        ,  0.02373093],
        [-0.40078772, -0.64686261, -0.84175907, ...,  0.09848697,
         -0.02373093,  0.        ]],

       [[ 0.        ,  0.02921208, -0.07606139, ...,  0.93752884,
          0.80189491,  0.57855024],
        [-0.02921208,  0.        , -0.10515639, ...,  0.94729184,
          0.81900589,  0.60213008],
        [ 0.07606139,  0.10515639,  0.        , ...,  0.90835061,
          0.7541279 ,  0.51483503],
        ...,
        [-0.93752884, -0.94729184, -0.90835061, ...,  0.        ,
          0.28115547,  0.56341034],
        [-0.80189491, -0.81900589, -0.7541279 , ..., -0.28115547,
          0.        ,  0.30839939],
        [-0.57855024, -0.60213008, -0.51483503, ..., -0.56341034,
         -0.30839939,  0.        ]]]), 'num': array([ 7.51370141e-01,  6.59874505e-01,  8.96137480e-07,  9.83824051e-04,
        1.01369530e-03,  9.83824051e-04,  8.22345858e-04, -3.08348380e-05,
        9.99241470e-04,  9.98566957e-04,  9.55847859e-04,  5.17816351e-07,
        1.04775002e-03,  9.49383896e-04])}
{'img': array([[[ 0.        ,  0.74226804,  0.78574017, ...,  0.91101594,
          0.7603748 ,  0.94755673],
        [-0.74226804,  0.        ,  0.06739204, ...,  0.91656451,
          0.99162112,  0.87218038],
        [-0.78574017, -0.06739204,  0.        , ...,  0.88753158,
          0.98066102,  0.8372304 ],
        ...,
        [-0.91101594, -0.91656451, -0.88753158, ...,  0.        ,
          0.27813415, -0.09959562],
        [-0.7603748 , -0.99162112, -0.98066102, ..., -0.27813415,
          0.        , -0.37241706],
        [-0.94755673, -0.87218038, -0.8372304 , ...,  0.09959562,
          0.37241706,  0.        ]],

       [[ 0.        ,  0.2833172 ,  0.12167379, ...,  0.04683641,
          0.06417108, -0.0182153 ],
