state_0,state_1,state_2,state_3,state_4,state_5,state_6,state_7,state_8,state_9,state_10,state_11,state_12,state_13,state_14,state_15,state_16,state_17,state_18,state_19,state_20,state_21,state_22,state_23,state_24,state_25,state_26,state_27,state_28,state_29,state_30,state_31,state_32,state_33,state_34,state_35,state_36,state_37,state_38,state_39,state_40,state_41,state_42,state_43,state_44,state_45,state_46,state_47,state_48,state_49,state_50,state_51,state_52,state_53,state_54,state_55,state_56,state_57,state_58,state_59,state_60,state_61,state_62,state_63,state_64,state_65,state_66,state_67,state_68,state_69,state_70,state_71,state_72,state_73,state_74,state_75,state_76,state_77,state_78,state_79,state_80,state_81,state_82,state_83,state_84,state_85,state_86,state_87,state_88,state_89,state_90,state_91,state_92,state_93,state_94,state_95,state_96,state_97,state_98,state_99,state_100,state_101,state_102,state_103,state_104,state_105,state_106,state_107,state_108,state_109,state_110,state_111,state_112,state_113,state_114,state_115,state_116,state_117,state_118,state_119,state_120,state_121,state_122,state_123,state_124,state_125,state_126,state_127,state_128,state_129,state_130,state_131,state_132,state_133,state_134,state_135,state_136,state_137,state_138,state_139,state_140,state_141,state_142,state_143,state_144,state_145,state_146,state_147,state_148,state_149,state_150,state_151,state_152,state_153,state_154,state_155,state_156,state_157,state_158,state_159,state_160,state_161,state_162,state_163,state_164,state_165,state_166,state_167,state_168,state_169,state_170,state_171,state_172,state_173,state_174,state_175,state_176,state_177,state_178,state_179,state_180,state_181,state_182,state_183,state_184,state_185,state_186,state_187,state_188,state_189,state_190,state_191,state_192,state_193,state_194,state_195,state_196,state_197,state_198,state_199,state_200,state_201,state_202,state_203,state_204,state_205,state_206,state_207,state_208,state_209,state_210,state_211,state_212,state_213,state_214,state_215,state_216,state_217,state_218,state_219,state_220,state_221,state_222,state_223,state_224,state_225,state_226,state_227,state_228,state_229,state_230,state_231,state_232,state_233,state_234,state_235,state_236,state_237,state_238,state_239,state_240,state_241,state_242,state_243,state_244,state_245,state_246,state_247,state_248,state_249,state_250,state_251,state_252,state_253,state_254,state_255,state_256,state_257,state_258,state_259,state_260,state_261,state_262,state_263,state_264,state_265,state_266,state_267,state_268,state_269,state_270,state_271,state_272,state_273,state_274,state_275,state_276,state_277,state_278,state_279,state_280,state_281,state_282,state_283,state_284,state_285,state_286,state_287
{'img': array([[[ 0.        ,  0.03355787, -0.06677818, ...,  0.62507692,
          0.4814315 ,  0.4814315 ],
        [-0.03355787,  0.        , -0.10022353, ...,  0.59853083,
          0.45174742,  0.45174742],
        [ 0.06677818,  0.10022353,  0.        , ...,  0.67580624,
          0.53888686,  0.53888686],
        ...,
        [-0.62507692, -0.59853083, -0.67580624, ...,  0.        ,
         -0.17208205, -0.17208205],
        [-0.4814315 , -0.45174742, -0.53888686, ...,  0.17208205,
          0.        ,  0.        ],
        [-0.4814315 , -0.45174742, -0.53888686, ...,  0.17208205,
          0.        ,  0.        ]],

       [[ 0.        , -0.2866991 , -0.32917444, ..., -0.32587022,
         -0.55982811, -0.58609425],
        [ 0.2866991 ,  0.        , -0.04463481, ..., -0.04114092,
         -0.29876552, -0.3291945 ],
        [ 0.32917444,  0.04463481,  0.        , ...,  0.0034971 ,
         -0.25587158, -0.28671946],
        ...,
        [ 0.32587022,  0.04114092, -0.0034971 , ...,  0.        ,
         -0.2592507 , -0.29006798],
        [ 0.55982811,  0.29876552,  0.25587158, ...,  0.2592507 ,
          0.        , -0.03204609],
        [ 0.58609425,  0.3291945 ,  0.28671946, ...,  0.29006798,
          0.03204609,  0.        ]],

       [[ 0.        , -0.50755239, -0.80083205, ..., -0.02084624,
         -0.2061402 , -0.23919479],
        [ 0.50755239,  0.        , -0.3860461 , ...,  0.48948053,
          0.31903671,  0.28672372],
        [ 0.80083205,  0.3860461 ,  0.        , ...,  0.78817344,
          0.66017706,  0.63433406],
        ...,
        [ 0.02084624, -0.48948053, -0.78817344, ...,  0.        ,
         -0.18569688, -0.2189017 ],
        [ 0.2061402 , -0.31903671, -0.66017706, ...,  0.18569688,
          0.        , -0.0339012 ],
        [ 0.23919479, -0.28672372, -0.63433406, ...,  0.2189017 ,
          0.0339012 ,  0.        ]],

       ...,

       [[ 0.        ,  0.83762723,  0.98934685, ...,  0.96416077,
          0.99758271,  0.99324273],
        [-0.83762723,  0.        ,  0.66236276, ...,  0.74890355,
          0.60312788,  0.6397624 ],
        [-0.98934685, -0.66236276,  0.        , ...,  0.12213211,
         -0.0764767 , -0.02977468],
        ...,
        [-0.96416077, -0.74890355, -0.12213211, ...,  0.        ,
         -0.19767861, -0.15162974],
        [-0.99758271, -0.60312788,  0.0764767 , ...,  0.19767861,
          0.        ,  0.04675531],
        [-0.99324273, -0.6397624 ,  0.02977468, ...,  0.15162974,
         -0.04675531,  0.        ]],

       [[ 0.        , -0.49837355, -0.71908957, ..., -0.59073071,
         -0.5833097 , -0.57552955],
        [ 0.49837355,  0.        , -0.27709516, ..., -0.91426337,
         -0.91051141, -0.90652289],
        [ 0.71908957,  0.27709516,  0.        , ..., -0.99071997,
         -0.98943244, -0.98800327],
        ...,
        [ 0.59073071,  0.91426337,  0.99071997, ...,  0.        ,
         -0.00916654, -0.01871152],
        [ 0.5833097 ,  0.91051141,  0.98943244, ...,  0.00916654,
          0.        , -0.00954579],
        [ 0.57552955,  0.90652289,  0.98800327, ...,  0.01871152,
          0.00954579,  0.        ]],

       [[ 0.        , -0.23922215, -0.45993556, ...,  0.999006  ,
          0.99886431,  0.99873036],
        [ 0.23922215,  0.        , -0.23416341, ...,  0.98066326,
          0.98126   ,  0.98178298],
        [ 0.45993556,  0.23416341,  0.        , ...,  0.90757171,
          0.90885772,  0.90999433],
        ...,
        [-0.999006  , -0.98066326, -0.90757171, ...,  0.        ,
         -0.00307289, -0.005806  ],
        [-0.99886431, -0.98126   , -0.90885772, ...,  0.00307289,
          0.        , -0.00273314],
        [-0.99873036, -0.98178298, -0.90999433, ...,  0.005806  ,
          0.00273314,  0.        ]]]), 'num': array([9.75118598e-01, 2.21683646e-01, 5.53996288e-05, 7.78020397e-05,
       8.38088148e-05, 7.55137444e-05, 1.73784585e-04, 5.72073821e-07,
       7.79736618e-05, 7.66864957e-05, 7.73396133e-05, 3.24006412e-07,
       8.50784501e-05, 6.82945413e-05])}
{'img': array([[[ 0.00000000e+00, -1.00223530e-01, -1.00223530e-01, ...,
          4.51747423e-01,  4.51747423e-01,  5.24494576e-01],
        [ 1.00223530e-01,  0.00000000e+00,  0.00000000e+00, ...,
          5.38886860e-01,  5.38886860e-01,  6.07185413e-01],
        [ 1.00223530e-01,  0.00000000e+00,  0.00000000e+00, ...,
          5.38886860e-01,  5.38886860e-01,  6.07185413e-01],
        ...,
        [-4.51747423e-01, -5.38886860e-01, -5.38886860e-01, ...,
          0.00000000e+00,  0.00000000e+00,  8.33016884e-02],
        [-4.51747423e-01, -5.38886860e-01, -5.38886860e-01, ...,
          0.00000000e+00,  0.00000000e+00,  8.33016884e-02],
        [-5.24494576e-01, -6.07185413e-01, -6.07185413e-01, ...,
         -8.33016884e-02, -8.33016884e-02,  0.00000000e+00]],

       [[ 0.00000000e+00, -4.46348074e-02,  4.88179728e-01, ...,
         -2.98765520e-01, -3.29194505e-01,  3.08141547e-01],
        [ 4.46348074e-02,  0.00000000e+00,  5.26647915e-01, ...,
         -2.55871580e-01, -2.86719461e-01,  3.50297344e-01],
        [-4.88179728e-01, -5.26647915e-01,  0.00000000e+00, ...,
         -7.26628428e-01, -7.48271871e-01, -1.95496742e-01],
        ...,
        [ 2.98765520e-01,  2.55871580e-01,  7.26628428e-01, ...,
          0.00000000e+00, -3.20460883e-02,  5.78295405e-01],
        [ 3.29194505e-01,  2.86719461e-01,  7.48271871e-01, ...,
          3.20460883e-02,  0.00000000e+00,  6.04142466e-01],
        [-3.08141547e-01, -3.50297344e-01,  1.95496742e-01, ...,
         -5.78295405e-01, -6.04142466e-01,  0.00000000e+00]],

       [[ 0.00000000e+00, -3.86046100e-01, -6.75689357e-01, ...,
          3.19036713e-01,  2.86723722e-01,  2.70748930e-01],
        [ 3.86046100e-01,  0.00000000e+00, -3.38721612e-01, ...,
          6.60177065e-01,  6.34334055e-01,  6.21387611e-01],
        [ 6.75689357e-01,  3.38721612e-01,  0.00000000e+00, ...,
          8.75568972e-01,  8.58688248e-01,  8.50044806e-01],
        ...,
        [-3.19036713e-01, -6.60177065e-01, -8.75568972e-01, ...,
          0.00000000e+00, -3.39012020e-02, -5.05204618e-02],
        [-2.86723722e-01, -6.34334055e-01, -8.58688248e-01, ...,
          3.39012020e-02,  0.00000000e+00, -1.66335110e-02],
        [-2.70748930e-01, -6.21387611e-01, -8.50044806e-01, ...,
          5.05204618e-02,  1.66335110e-02,  0.00000000e+00]],

       ...,

       [[ 0.00000000e+00,  7.06905292e-01,  8.91570420e-01, ...,
          6.47638285e-01,  6.84401454e-01,  9.35518896e-01],
        [-7.06905292e-01,  0.00000000e+00,  3.10470335e-01, ...,
         -8.05451486e-02, -3.13256803e-02,  4.11967060e-01],
        [-8.91570420e-01, -3.10470335e-01,  0.00000000e+00, ...,
         -3.86026459e-01, -3.40095627e-01,  1.08708735e-01],
        ...,
        [-6.47638285e-01,  8.05451486e-02,  3.86026459e-01, ...,
          0.00000000e+00,  4.92817176e-02,  4.84021201e-01],
        [-6.84401454e-01,  3.13256803e-02,  3.40095627e-01, ...,
         -4.92817176e-02,  0.00000000e+00,  4.40308800e-01],
        [-9.35518896e-01, -4.11967060e-01, -1.08708735e-01, ...,
         -4.84021201e-01, -4.40308800e-01,  0.00000000e+00]],

       [[ 0.00000000e+00, -5.78481823e-01, -8.38114578e-01, ...,
         -6.01502424e-01, -5.93551154e-01, -5.92244155e-01],
        [ 5.78481823e-01,  0.00000000e+00, -3.68087605e-01, ...,
         -9.52775022e-01, -9.49716882e-01, -9.49207440e-01],
        [ 8.38114578e-01,  3.68087605e-01,  0.00000000e+00, ...,
         -9.97661511e-01, -9.98290211e-01, -9.98383766e-01],
        ...,
        [ 6.01502424e-01,  9.52775022e-01,  9.97661511e-01, ...,
          0.00000000e+00, -9.91611493e-03, -1.15390633e-02],
        [ 5.93551154e-01,  9.49716882e-01,  9.98290211e-01, ...,
          9.91611493e-03,  0.00000000e+00, -1.62304125e-03],
        [ 5.92244155e-01,  9.49207440e-01,  9.98383766e-01, ...,
          1.15390633e-02,  1.62304125e-03,  0.00000000e+00]],

       [[ 0.00000000e+00, -2.34163408e-01,  2.09980754e-01, ...,
          9.81260005e-01,  9.81782984e-01,  9.81879354e-01],
        [ 2.34163408e-01,  0.00000000e+00,  4.33085569e-01, ...,
          9.08857719e-01,  9.09994334e-01,  9.10204787e-01],
        [-2.09980754e-01, -4.33085569e-01,  0.00000000e+00, ...,
          9.99844169e-01,  9.99792186e-01,  9.99781704e-01],
        ...,
        [-9.81260005e-01, -9.08857719e-01, -9.99844169e-01, ...,
          0.00000000e+00, -2.73314064e-03, -3.24099935e-03],
        [-9.81782984e-01, -9.09994334e-01, -9.99792186e-01, ...,
          2.73314064e-03,  0.00000000e+00, -5.07860962e-04],
        [-9.81879354e-01, -9.10204787e-01, -9.99781704e-01, ...,
          3.24099935e-03,  5.07860962e-04,  0.00000000e+00]]]), 'num': array([9.03771292e-01, 4.28014584e-01, 3.46004878e-05, 3.49051143e-04,
       3.49051143e-04, 3.42704759e-04, 1.30786290e-04, 3.80783065e-06,
       3.45497168e-04, 3.40546988e-04, 3.43572098e-04, 2.07418418e-06,
       3.77951697e-04, 3.03142279e-04])}
{'img': array([[[ 0.00000000e+00,  0.00000000e+00,  1.33706938e-01, ...,
          5.38886860e-01,  6.07185413e-01,  7.10263504e-01],
        [ 0.00000000e+00,  0.00000000e+00,  1.33706938e-01, ...,
          5.38886860e-01,  6.07185413e-01,  7.10263504e-01],
        [-1.33706938e-01, -1.33706938e-01,  0.00000000e+00, ...,
          4.21416345e-01,  4.95495235e-01,  6.09764873e-01],
        ...,
        [-5.38886860e-01, -5.38886860e-01, -4.21416345e-01, ...,
          0.00000000e+00,  8.33016884e-02,  2.18968650e-01],
        [-6.07185413e-01, -6.07185413e-01, -4.95495235e-01, ...,
         -8.33016884e-02,  0.00000000e+00,  1.36927483e-01],
        [-7.10263504e-01, -7.10263504e-01, -6.09764873e-01, ...,
         -2.18968650e-01, -1.36927483e-01,  0.00000000e+00]],

       [[ 0.00000000e+00,  5.26647915e-01,  3.16699620e-01, ...,
         -2.86719461e-01,  3.50297344e-01, -2.15120797e-01],
        [-5.26647915e-01,  0.00000000e+00, -2.30318054e-01, ...,
         -7.48271871e-01, -1.95496742e-01, -6.97188385e-01],
        [-3.16699620e-01,  2.30318054e-01,  0.00000000e+00, ...,
         -5.75363686e-01,  3.56330255e-02, -5.13332518e-01],
        ...,
        [ 2.86719461e-01,  7.48271871e-01,  5.75363686e-01, ...,
          0.00000000e+00,  6.04142466e-01,  7.39177650e-02],
        [-3.50297344e-01,  1.95496742e-01, -3.56330255e-02, ...,
         -6.04142466e-01,  0.00000000e+00, -5.43586421e-01],
        [ 2.15120797e-01,  6.97188385e-01,  5.13332518e-01, ...,
         -7.39177650e-02,  5.43586421e-01,  0.00000000e+00]],

       [[ 0.00000000e+00, -3.38721612e-01, -5.03592359e-01, ...,
          6.34334055e-01,  6.21387611e-01,  5.95447794e-01],
        [ 3.38721612e-01,  0.00000000e+00, -1.81187700e-01, ...,
          8.58688248e-01,  8.50044806e-01,  8.32375786e-01],
        [ 5.03592359e-01,  1.81187700e-01,  0.00000000e+00, ...,
          9.37334084e-01,  9.31408760e-01,  9.19015080e-01],
        ...,
        [-6.34334055e-01, -8.58688248e-01, -9.37334084e-01, ...,
          0.00000000e+00, -1.66335110e-02, -4.93038660e-02],
        [-6.21387611e-01, -8.50044806e-01, -9.31408760e-01, ...,
          1.66335110e-02,  0.00000000e+00, -3.26837632e-02],
        [-5.95447794e-01, -8.32375786e-01, -9.19015080e-01, ...,
          4.93038660e-02,  3.26837632e-02,  0.00000000e+00]],

       ...,

       [[ 0.00000000e+00,  2.27455900e-01,  3.49797512e-01, ...,
         -2.38779365e-02,  2.98185243e-01,  9.84255334e-01],
        [-2.27455900e-01,  0.00000000e+00,  1.27542304e-01, ...,
         -2.50643105e-01,  7.32608453e-02,  9.98659803e-01],
        [-3.49797512e-01, -1.27542304e-01,  0.00000000e+00, ...,
         -3.72067234e-01, -5.45370409e-02,  9.83902905e-01],
        ...,
        [ 2.38779365e-02,  2.50643105e-01,  3.72067234e-01, ...,
          0.00000000e+00,  3.20891907e-01,  9.79754220e-01],
        [-2.98185243e-01, -7.32608453e-02,  5.45370409e-02, ...,
         -3.20891907e-01,  0.00000000e+00,  9.92184590e-01],
        [-9.84255334e-01, -9.98659803e-01, -9.83902905e-01, ...,
         -9.79754220e-01, -9.92184590e-01,  0.00000000e+00]],

       [[ 0.00000000e+00, -7.11810252e-01, -9.43728744e-01, ...,
         -6.19518783e-01, -6.18173336e-01, -6.23716002e-01],
        [ 7.11810252e-01,  0.00000000e+00, -4.27438218e-01, ...,
         -9.93890648e-01, -9.93700146e-01, -9.94467764e-01],
        [ 9.43728744e-01,  4.27438218e-01,  0.00000000e+00, ...,
         -9.45697489e-01, -9.46252853e-01, -9.43942231e-01],
        ...,
        [ 6.19518783e-01,  9.93890648e-01,  9.45697489e-01, ...,
          0.00000000e+00, -1.71282763e-03,  5.35822880e-03],
        [ 6.18173336e-01,  9.93700146e-01,  9.46252853e-01, ...,
          1.71282763e-03,  0.00000000e+00,  7.07102398e-03],
        [ 6.23716002e-01,  9.94467764e-01,  9.43942231e-01, ...,
         -5.35822880e-03, -7.07102398e-03,  0.00000000e+00]],

       [[ 0.00000000e+00,  4.33085569e-01,  7.43933185e-01, ...,
          9.09994334e-01,  9.10204787e-01,  9.09480182e-01],
        [-4.33085569e-01,  0.00000000e+00,  3.81135101e-01, ...,
          9.99792186e-01,  9.99781704e-01,  9.99816665e-01],
        [-7.43933185e-01, -3.81135101e-01,  0.00000000e+00, ...,
          9.16557445e-01,  9.16354232e-01,  9.17051972e-01],
        ...,
        [-9.09994334e-01, -9.99792186e-01, -9.16557445e-01, ...,
          0.00000000e+00, -5.07860962e-04,  1.23837281e-03],
        [-9.10204787e-01, -9.99781704e-01, -9.16354232e-01, ...,
          5.07860962e-04,  0.00000000e+00,  1.74623322e-03],
        [-9.09480182e-01, -9.99816665e-01, -9.17051972e-01, ...,
         -1.23837281e-03, -1.74623322e-03,  0.00000000e+00]]]), 'num': array([ 7.88615008e-01,  6.14886687e-01,  1.27741412e-05,  3.02136210e-04,
        3.05468595e-04,  2.97693031e-04,  8.04659818e-05, -3.33238467e-06,
        3.01914051e-04,  2.98137348e-04,  3.01006902e-04,  1.66619234e-06,
        3.30911634e-04,  2.65363063e-04])}
{'img': array([[[ 0.        ,  0.13370694,  0.95759487, ...,  0.60718541,
          0.7102635 ,  0.60718541],
        [-0.13370694,  0.        ,  0.91047316, ...,  0.49549524,
          0.60976487,  0.49549524],
        [-0.95759487, -0.91047316,  0.        , ..., -0.58592563,
         -0.46944562, -0.58592563],
        ...,
        [-0.60718541, -0.49549524,  0.58592563, ...,  0.        ,
          0.13692748,  0.        ],
        [-0.7102635 , -0.60976487,  0.46944562, ..., -0.13692748,
          0.        , -0.13692748],
        [-0.60718541, -0.49549524,  0.58592563, ...,  0.        ,
          0.13692748,  0.        ]],

       [[ 0.        , -0.23031805,  0.02201416, ..., -0.19549674,
         -0.69718839, -0.7484593 ],
        [ 0.23031805,  0.        ,  0.25168455, ...,  0.03563303,
         -0.51333252, -0.57559478],
        [-0.02201416, -0.25168455,  0.        , ..., -0.21703874,
         -0.71280111, -0.76287728],
        ...,
        [ 0.19549674, -0.03563303,  0.21703874, ...,  0.        ,
         -0.54358642, -0.60436761],
        [ 0.69718839,  0.51333252,  0.71280111, ...,  0.54358642,
          0.        , -0.07419956],
        [ 0.7484593 ,  0.57559478,  0.76287728, ...,  0.60436761,
          0.07419956,  0.        ]],

       [[ 0.        , -0.1811877 ,  0.19540845, ...,  0.85004481,
          0.83237579,  0.81422502],
        [ 0.1811877 ,  0.        ,  0.36986891, ...,  0.93140876,
          0.91901508,  0.90593682],
        [-0.19540845, -0.36986891,  0.        , ...,  0.73073394,
          0.70803156,  0.68508409],
        ...,
        [-0.85004481, -0.93140876, -0.73073394, ...,  0.        ,
         -0.03268376, -0.06463223],
        [-0.83237579, -0.91901508, -0.70803156, ...,  0.03268376,
          0.        , -0.03198228],
        [-0.81422502, -0.90593682, -0.68508409, ...,  0.06463223,
          0.03198228,  0.        ]],

       ...,

       [[ 0.        ,  0.1275423 ,  0.21580246, ...,  0.07326085,
          0.9986598 ,  0.73153511],
        [-0.1275423 ,  0.        ,  0.089503  , ..., -0.05453704,
          0.98390291,  0.63860194],
        [-0.21580246, -0.089503  ,  0.        , ..., -0.14368796,
          0.96395953,  0.56716305],
        ...,
        [-0.07326085,  0.05453704,  0.14368796, ...,  0.        ,
          0.99218459,  0.67961982],
        [-0.9986598 , -0.98390291, -0.96395953, ..., -0.99218459,
          0.        , -0.64302929],
        [-0.73153511, -0.63860194, -0.56716305, ..., -0.67961982,
          0.64302929,  0.        ]],

       [[ 0.        , -0.82620312, -0.99567635, ..., -0.66298217,
         -0.66876176, -0.67111251],
        [ 0.82620312,  0.        , -0.48419031, ..., -0.99203055,
         -0.99102471, -0.99059647],
        [ 0.99567635,  0.48419031,  0.        , ..., -0.80698293,
         -0.80238369, -0.80048997],
        ...,
        [ 0.66298217,  0.99203055,  0.80698293, ...,  0.        ,
          0.00774674,  0.01091294],
        [ 0.66876176,  0.99102471,  0.80238369, ..., -0.00774674,
          0.        ,  0.00316634],
        [ 0.67111251,  0.99059647,  0.80048997, ..., -0.01091294,
         -0.00316634,  0.        ]],

       [[ 0.        ,  0.65594647,  0.93066602, ...,  0.92343142,
          0.92273511,  0.92208935],
        [-0.65594647,  0.        ,  0.46248257, ...,  0.94874118,
          0.94931184,  0.9498361 ],
        [-0.93066602, -0.46248257,  0.        , ...,  0.69501136,
          0.69631196,  0.69751109],
        ...,
        [-0.92343142, -0.94874118, -0.69501136, ...,  0.        ,
          0.00181048,  0.00348254],
        [-0.92273511, -0.94931184, -0.69631196, ..., -0.00181048,
          0.        ,  0.00167206],
        [-0.92208935, -0.9498361 , -0.69751109, ..., -0.00348254,
         -0.00167206,  0.        ]]]), 'num': array([ 7.87646047e-01,  6.16127214e-01,  1.27999129e-05,  2.98293623e-04,
        3.09423982e-04,  2.93841479e-04,  4.87086773e-04, -4.45214362e-06,
        3.02077945e-04,  2.98516230e-04,  3.01873888e-04,  1.39601114e-06,
        3.31305293e-04,  2.65727167e-04])}
{'img': array([[[ 0.        ,  0.91047316,  0.5711855 , ...,  0.60976487,
          0.49549524,  0.34866908],
        [-0.91047316,  0.        , -0.51111135, ..., -0.46944562,
         -0.58592563, -0.70913879],
        [-0.5711855 ,  0.51111135,  0.        , ...,  0.04779626,
         -0.08942492, -0.24914636],
        ...,
        [-0.60976487,  0.46944562, -0.04779626, ...,  0.        ,
         -0.13692748, -0.29515066],
        [-0.49549524,  0.58592563,  0.08942492, ...,  0.13692748,
          0.        , -0.1615432 ],
        [-0.34866908,  0.70913879,  0.24914636, ...,  0.29515066,
          0.1615432 ,  0.        ]],

       [[ 0.        ,  0.25168455, -0.12080172, ..., -0.51333252,
         -0.57559478, -0.11113716],
        [-0.25168455,  0.        , -0.36675441, ..., -0.71280111,
         -0.76287728, -0.35768496],
        [ 0.12080172,  0.36675441,  0.        , ..., -0.40590241,
         -0.4725957 ,  0.0097301 ],
        ...,
        [ 0.51333252,  0.71280111,  0.40590241, ...,  0.        ,
         -0.07419956,  0.41477569],
        [ 0.57559478,  0.76287728,  0.4725957 , ...,  0.07419956,
          0.        ,  0.48114826],
        [ 0.11113716,  0.35768496, -0.0097301 , ..., -0.41477569,
         -0.48114826,  0.        ]],

       [[ 0.        ,  0.36986891,  0.57148339, ...,  0.91901508,
          0.90593682,  0.8922153 ],
        [-0.36986891,  0.        ,  0.22743658, ...,  0.70803156,
          0.68508409,  0.66190632],
        [-0.57148339, -0.22743658,  0.        , ...,  0.52886476,
          0.50145066,  0.47407627],
        ...,
        [-0.91901508, -0.70803156, -0.52886476, ...,  0.        ,
         -0.03198228, -0.06330542],
        [-0.90593682, -0.68508409, -0.50145066, ...,  0.03198228,
          0.        , -0.03135491],
        [-0.8922153 , -0.66190632, -0.47407627, ...,  0.06330542,
          0.03135491,  0.        ]],

       ...,

       [[ 0.        ,  0.089503  , -0.62866807, ...,  0.98390291,
          0.63860194,  0.16316948],
        [-0.089503  ,  0.        , -0.69574908, ...,  0.96395953,
          0.56716305,  0.07421113],
        [ 0.62866807,  0.69574908,  0.        , ...,  0.87750087,
          0.98040745,  0.74713532],
        ...,
        [-0.98390291, -0.96395953, -0.87750087, ...,  0.        ,
         -0.64302929, -0.94155767],
        [-0.63860194, -0.56716305, -0.98040745, ...,  0.64302929,
          0.        , -0.50447843],
        [-0.16316948, -0.07421113, -0.74713532, ...,  0.94155767,
          0.50447843,  0.        ]],

       [[ 0.        , -0.9173338 , -0.94192895, ..., -0.74070222,
         -0.74315456, -0.73870137],
        [ 0.9173338 ,  0.        , -0.68305167, ..., -0.91118315,
         -0.90967011, -0.91240413],
        [ 0.94192895,  0.68305167,  0.        , ..., -0.38408254,
         -0.38070291, -0.3868261 ],
        ...,
        [ 0.74070222,  0.91118315,  0.38408254, ...,  0.        ,
          0.0036576 , -0.00297331],
        [ 0.74315456,  0.90967011,  0.38070291, ..., -0.0036576 ,
          0.        , -0.00663088],
        [ 0.73870137,  0.91240413,  0.3868261 , ...,  0.00297331,
          0.00663088,  0.        ]],

       [[ 0.        ,  0.83070177,  0.99617998, ...,  0.95407626,
          0.95352255,  0.95484671],
        [-0.83070177,  0.        ,  0.62713105, ...,  0.77999933,
          0.7811513 ,  0.77838062],
        [-0.99617998, -0.62713105,  0.        , ...,  0.21510592,
          0.21690539,  0.21258312],
        ...,
        [-0.95407626, -0.77999933, -0.21510592, ...,  0.        ,
          0.00184298, -0.00258254],
        [-0.95352255, -0.7811513 , -0.21690539, ..., -0.00184298,
          0.        , -0.00442551],
        [-0.95484671, -0.77838062, -0.21258312, ...,  0.00258254,
          0.00442551,  0.        ]]]), 'num': array([7.88131124e-01, 6.15506410e-01, 1.27870158e-05, 3.00216894e-04,
       3.02440723e-04, 2.86873921e-04, 6.89942898e-04, 2.22382884e-06,
       3.01773574e-04, 2.97659491e-04, 3.01792106e-04, 9.36348986e-07,
       3.29878926e-04, 2.65440055e-04])}
{'img': array([[[ 0.00000000e+00, -5.11111347e-01, -1.90925859e-01, ...,
         -5.85925626e-01, -7.09138795e-01, -6.51393926e-01],
        [ 5.11111347e-01,  0.00000000e+00,  3.37605633e-01, ...,
         -8.94249153e-02, -2.49146361e-01, -1.72082053e-01],
        [ 1.90925859e-01, -3.37605633e-01,  0.00000000e+00, ...,
         -4.20427606e-01, -5.61477916e-01, -4.94548152e-01],
        ...,
        [ 5.85925626e-01,  8.94249153e-02,  4.20427606e-01, ...,
          0.00000000e+00, -1.61543197e-01, -8.33016884e-02],
        [ 7.09138795e-01,  2.49146361e-01,  5.61477916e-01, ...,
          1.61543197e-01,  0.00000000e+00,  7.87741590e-02],
        [ 6.51393926e-01,  1.72082053e-01,  4.94548152e-01, ...,
          8.33016884e-02, -7.87741590e-02,  0.00000000e+00]],

       [[ 0.00000000e+00, -3.66754407e-01, -6.55465305e-01, ...,
         -7.62877277e-01, -3.57684963e-01, -2.06861671e-01],
        [ 3.66754407e-01,  0.00000000e+00, -3.32808836e-01, ...,
         -4.72595697e-01,  9.73009715e-03,  1.66374489e-01],
        [ 6.55465305e-01,  3.32808836e-01,  0.00000000e+00, ...,
         -1.52357498e-01,  3.41968507e-01,  4.85060556e-01],
        ...,
        [ 7.62877277e-01,  4.72595697e-01,  1.52357498e-01, ...,
          0.00000000e+00,  4.81148259e-01,  6.12631363e-01],
        [ 3.57684963e-01, -9.73009715e-03, -3.41968507e-01, ...,
         -4.81148259e-01,  0.00000000e+00,  1.56772127e-01],
        [ 2.06861671e-01, -1.66374489e-01, -4.85060556e-01, ...,
         -6.12631363e-01, -1.56772127e-01,  0.00000000e+00]],

       [[ 0.00000000e+00,  2.27436578e-01,  5.55060864e-01, ...,
          6.85084090e-01,  6.61906319e-01,  6.61906319e-01],
        [-2.27436578e-01,  0.00000000e+00,  3.51330366e-01, ...,
          5.01450662e-01,  4.74076267e-01,  4.74076267e-01],
        [-5.55060864e-01, -3.51330366e-01,  0.00000000e+00, ...,
          1.65517763e-01,  1.34513952e-01,  1.34513952e-01],
        ...,
        [-6.85084090e-01, -5.01450662e-01, -1.65517763e-01, ...,
          0.00000000e+00, -3.13549123e-02, -3.13549123e-02],
        [-6.61906319e-01, -4.74076267e-01, -1.34513952e-01, ...,
          3.13549123e-02,  0.00000000e+00,  0.00000000e+00],
        [-6.61906319e-01, -4.74076267e-01, -1.34513952e-01, ...,
          3.13549123e-02,  0.00000000e+00,  0.00000000e+00]],

       ...,

       [[ 0.00000000e+00, -6.95749080e-01, -6.19623272e-01, ...,
          5.67163050e-01,  7.42111280e-02, -6.14568581e-01],
        [ 6.95749080e-01,  0.00000000e+00,  1.01026958e-01, ...,
          9.80407455e-01,  7.47135322e-01,  1.07415643e-01],
        [ 6.19623272e-01, -1.01026958e-01,  0.00000000e+00, ...,
          9.55491069e-01,  6.76162960e-01,  6.42363525e-03],
        ...,
        [-5.67163050e-01, -9.80407455e-01, -9.55491069e-01, ...,
          0.00000000e+00, -5.04478432e-01, -9.53576254e-01],
        [-7.42111280e-02, -7.47135322e-01, -6.76162960e-01, ...,
          5.04478432e-01,  0.00000000e+00, -6.71416382e-01],
        [ 6.14568581e-01, -1.07415643e-01, -6.42363525e-03, ...,
          9.53576254e-01,  6.71416382e-01,  0.00000000e+00]],

       [[ 0.00000000e+00, -9.98755031e-01, -9.53549768e-01, ...,
         -8.50064854e-01, -8.45670013e-01, -8.27298053e-01],
        [ 9.98755031e-01,  0.00000000e+00, -2.53293859e-01, ...,
         -4.83617910e-01, -4.90856491e-01, -5.19795131e-01],
        [ 9.53549768e-01,  2.53293859e-01,  0.00000000e+00, ...,
         -2.46143980e-01, -2.54169505e-01, -2.86457641e-01],
        ...,
        [ 8.50064854e-01,  4.83617910e-01,  2.46143980e-01, ...,
          0.00000000e+00, -8.28900602e-03, -4.18154760e-02],
        [ 8.45670013e-01,  4.90856491e-01,  2.54169505e-01, ...,
          8.28900602e-03,  0.00000000e+00, -3.35322834e-02],
        [ 8.27298053e-01,  5.19795131e-01,  2.86457641e-01, ...,
          4.18154760e-02,  3.35322834e-02,  0.00000000e+00]],

       [[ 0.00000000e+00,  9.84998164e-01,  9.99904601e-01, ...,
          9.94746403e-01,  9.95289774e-01,  9.95349401e-01],
        [-9.84998164e-01,  0.00000000e+00,  1.58942941e-01, ...,
          2.72492379e-01,  2.67242310e-01,  2.66647682e-01],
        [-9.99904601e-01, -1.58942941e-01,  0.00000000e+00, ...,
          1.16100181e-01,  1.10682979e-01,  1.10069730e-01],
        ...,
        [-9.94746403e-01, -2.72492379e-01, -1.16100181e-01, ...,
          0.00000000e+00, -5.45234715e-03, -6.06935588e-03],
        [-9.95289774e-01, -2.67242310e-01, -1.10682979e-01, ...,
          5.45234715e-03,  0.00000000e+00, -6.17018947e-04],
        [-9.95349401e-01, -2.66647682e-01, -1.10069730e-01, ...,
          6.06935588e-03,  6.17018947e-04,  0.00000000e+00]]]), 'num': array([ 7.12745720e-01,  7.01422033e-01,  8.45051298e-07,  2.69611604e-04,
        2.71623631e-04,  2.60557483e-04,  2.97035531e-04, -2.01202690e-06,
        2.72227239e-04,  2.68857094e-04,  2.72814081e-04,  7.06928370e-07,
        2.97692150e-04,  2.40022039e-04])}
{'img': array([[[ 0.        ,  0.33760563,  0.20817948, ..., -0.24914636,
         -0.17208205, -0.24914636],
        [-0.33760563,  0.        , -0.13425214, ..., -0.56147792,
         -0.49454815, -0.56147792],
        [-0.20817948,  0.13425214,  0.        , ..., -0.44530244,
         -0.37338583, -0.44530244],
        ...,
        [ 0.24914636,  0.56147792,  0.44530244, ...,  0.        ,
          0.07877416,  0.        ],
        [ 0.17208205,  0.49454815,  0.37338583, ..., -0.07877416,
          0.        , -0.07877416],
        [ 0.24914636,  0.56147792,  0.44530244, ...,  0.        ,
          0.07877416,  0.        ]],

       [[ 0.        , -0.33280884, -0.25898935, ...,  0.0097301 ,
          0.16637449, -0.13532411],
        [ 0.33280884,  0.        ,  0.07722797, ...,  0.34196851,
          0.48506056,  0.20213758],
        [ 0.25898935, -0.07722797,  0.        , ...,  0.2683752 ,
          0.41607755,  0.12590013],
        ...,
        [-0.0097301 , -0.34196851, -0.2683752 , ...,  0.        ,
          0.15677213, -0.1449583 ],
        [-0.16637449, -0.48506056, -0.41607755, ..., -0.15677213,
          0.        , -0.29828213],
        [ 0.13532411, -0.20213758, -0.12590013, ...,  0.1449583 ,
          0.29828213,  0.        ]],

       [[ 0.        ,  0.35133037,  0.68049213, ...,  0.47407627,
          0.47407627,  0.41943811],
        [-0.35133037,  0.        ,  0.3796726 , ...,  0.13451395,
          0.13451395,  0.07376752],
        [-0.68049213, -0.3796726 ,  0.        , ..., -0.25178035,
         -0.25178035, -0.31039429],
        ...,
        [-0.47407627, -0.13451395,  0.25178035, ...,  0.        ,
          0.        , -0.06105037],
        [-0.47407627, -0.13451395,  0.25178035, ...,  0.        ,
          0.        , -0.06105037],
        [-0.41943811, -0.07376752,  0.31039429, ...,  0.06105037,
          0.06105037,  0.        ]],

       ...,

       [[ 0.        ,  0.10102696,  0.10102696, ...,  0.74713532,
          0.10741564, -0.17517581],
        [-0.10102696,  0.        ,  0.        , ...,  0.67616296,
          0.00642364, -0.27374435],
        [-0.10102696,  0.        ,  0.        , ...,  0.67616296,
          0.00642364, -0.27374435],
        ...,
        [-0.74713532, -0.67616296, -0.67616296, ...,  0.        ,
         -0.67141638, -0.85201694],
        [-0.10741564, -0.00642364, -0.00642364, ...,  0.67141638,
          0.        , -0.27991697],
        [ 0.17517581,  0.27374435,  0.27374435, ...,  0.85201694,
          0.27991697,  0.        ]],

       [[ 0.        , -0.88218493, -0.85986248, ..., -0.99982981,
         -0.99699164, -0.99235427],
        [ 0.88218493,  0.        ,  0.04546618, ..., -0.48709822,
         -0.53786389, -0.5761838 ],
        [ 0.85986248, -0.04546618,  0.        , ..., -0.52630227,
         -0.57563711, -0.61274839],
        ...,
        [ 0.99982981,  0.48709822,  0.52630227, ...,  0.        ,
         -0.05910268, -0.10509332],
        [ 0.99699164,  0.53786389,  0.57563711, ...,  0.05910268,
          0.        , -0.04613422],
        [ 0.99235427,  0.5761838 ,  0.61274839, ...,  0.10509332,
          0.04613422,  0.        ]],

       [[ 0.        ,  0.68427685,  0.75597385, ...,  0.84146749,
          0.84079396,  0.83546527],
        [-0.68427685,  0.        ,  0.10334414, ...,  0.24389679,
          0.24268886,  0.23320021],
        [-0.75597385, -0.10334414,  0.        , ...,  0.14236762,
          0.14113484,  0.13145677],
        ...,
        [-0.84146749, -0.24389679, -0.14236762, ...,  0.        ,
         -0.00124535, -0.01101441],
        [-0.84079396, -0.24268886, -0.14113484, ...,  0.00124535,
          0.        , -0.00976913],
        [-0.83546527, -0.23320021, -0.13145677, ...,  0.01101441,
          0.00976913,  0.        ]]]), 'num': array([ 7.07876547e-01,  7.06335694e-01,  1.19910744e-07,  2.56808843e-04,
        2.71797686e-04,  2.56808843e-04,  3.38428089e-04, -1.09918182e-05,
        2.66801405e-04,  2.67051219e-04,  2.70698504e-04,  5.10258484e-07,
        2.95692593e-04,  2.38409845e-04])}
{'img': array([[[ 0.        , -0.13425214, -0.13425214, ..., -0.49454815,
         -0.56147792, -0.83384547],
        [ 0.13425214,  0.        ,  0.        , ..., -0.37338583,
         -0.44530244, -0.75218994],
        [ 0.13425214,  0.        ,  0.        , ..., -0.37338583,
         -0.44530244, -0.75218994],
        ...,
        [ 0.49454815,  0.37338583,  0.37338583, ...,  0.        ,
         -0.07877416, -0.45174742],
        [ 0.56147792,  0.44530244,  0.44530244, ...,  0.07877416,
          0.        , -0.38006557],
        [ 0.83384547,  0.75218994,  0.75218994, ...,  0.45174742,
          0.38006557,  0.        ]],

       [[ 0.        ,  0.07722797, -0.04179996, ...,  0.48506056,
          0.20213758,  0.2483661 ],
        [-0.07722797,  0.        , -0.1188356 , ...,  0.41607755,
          0.12590013,  0.17281622],
        [ 0.04179996,  0.1188356 ,  0.        , ...,  0.52118987,
          0.24289801,  0.28863924],
        ...,
        [-0.48506056, -0.41607755, -0.52118987, ...,  0.        ,
         -0.29828213, -0.25267046],
        [-0.20213758, -0.12590013, -0.24289801, ...,  0.29828213,
          0.        ,  0.04743525],
        [-0.2483661 , -0.17281622, -0.28863924, ...,  0.25267046,
         -0.04743525,  0.        ]],

       [[ 0.        ,  0.3796726 ,  0.81108578, ...,  0.13451395,
          0.07376752, -0.18195113],
        [-0.3796726 ,  0.        ,  0.52827158, ..., -0.25178035,
         -0.31039429, -0.54166173],
        [-0.81108578, -0.52827158,  0.        , ..., -0.72503351,
         -0.76572732, -0.90397496],
        ...,
        [-0.13451395,  0.25178035,  0.72503351, ...,  0.        ,
         -0.06105037, -0.31256609],
        [-0.07376752,  0.31039429,  0.76572732, ...,  0.06105037,
          0.        , -0.25399155],
        [ 0.18195113,  0.54166173,  0.90397496, ...,  0.31256609,
          0.25399155,  0.        ]],

       ...,

       [[ 0.        ,  0.        , -0.10102696, ...,  0.00642364,
         -0.27374435, -0.77839659],
        [ 0.        ,  0.        , -0.10102696, ...,  0.00642364,
         -0.27374435, -0.77839659],
        [ 0.10102696,  0.10102696,  0.        , ...,  0.10741564,
         -0.17517581, -0.71099209],
        ...,
        [-0.00642364, -0.00642364, -0.10741564, ...,  0.        ,
         -0.27991697, -0.78241311],
        [ 0.27374435,  0.27374435,  0.17517581, ...,  0.27991697,
          0.        , -0.57681451],
        [ 0.77839659,  0.77839659,  0.71099209, ...,  0.78241311,
          0.57681451,  0.        ]],

       [[ 0.        ,  0.31964318,  0.00885744, ..., -0.85324497,
         -0.88389139, -0.88389139],
        [-0.31964318,  0.        , -0.31123789, ..., -0.97517924,
         -0.9870153 , -0.9870153 ],
        [-0.00885744,  0.31123789,  0.        , ..., -0.85783074,
         -0.88799927, -0.88799927],
        ...,
        [ 0.85324497,  0.97517924,  0.85783074, ...,  0.        ,
         -0.06190246, -0.06190246],
        [ 0.88389139,  0.9870153 ,  0.88799927, ...,  0.06190246,
          0.        ,  0.        ],
        [ 0.88389139,  0.9870153 ,  0.88799927, ...,  0.06190246,
          0.        ,  0.        ]],

       [[ 0.        ,  0.40640122,  0.77350105, ...,  0.62238034,
          0.61028088,  0.61028088],
        [-0.40640122,  0.        ,  0.44916876, ...,  0.25056932,
          0.23566544,  0.23566544],
        [-0.77350105, -0.44916876,  0.        , ..., -0.21096928,
         -0.22596302, -0.22596302],
        ...,
        [-0.62238034, -0.25056932,  0.21096928, ...,  0.        ,
         -0.01536445, -0.01536445],
        [-0.61028088, -0.23566544,  0.22596302, ...,  0.01536445,
          0.        ,  0.        ],
        [-0.61028088, -0.23566544,  0.22596302, ...,  0.01536445,
          0.        ,  0.        ]]]), 'num': array([ 9.79136674e-01,  2.03199977e-01,  6.15822775e-05,  3.53824303e-04,
        3.69269015e-04,  3.53824303e-04,  2.06229022e-04, -7.02032347e-06,
        3.69269015e-04,  3.77272184e-04,  3.79705896e-04,  6.48029859e-07,
        4.07648045e-04,  3.46896322e-04])}
{'img': array([[[ 0.        ,  0.        ,  0.5527708 , ..., -0.44530244,
         -0.75218994, -0.85129593],
        [ 0.        ,  0.        ,  0.5527708 , ..., -0.44530244,
         -0.75218994, -0.85129593],
        [-0.5527708 , -0.5527708 ,  0.        , ..., -0.8660254 ,
         -0.99107125, -0.99944429],
        ...,
        [ 0.44530244,  0.44530244,  0.8660254 , ...,  0.        ,
         -0.38006557, -0.52858966],
        [ 0.75218994,  0.75218994,  0.99107125, ...,  0.38006557,
          0.        , -0.16629495],
        [ 0.85129593,  0.85129593,  0.99944429, ...,  0.52858966,
          0.16629495,  0.        ]],

       [[ 0.        , -0.1188356 , -0.01871349, ...,  0.12590013,
          0.17281622, -0.07369713],
        [ 0.1188356 ,  0.        ,  0.1002339 , ...,  0.24289801,
          0.28863924,  0.04533754],
        [ 0.01871349, -0.1002339 ,  0.        , ...,  0.14444267,
          0.19121788, -0.05502162],
        ...,
        [-0.12590013, -0.24289801, -0.14444267, ...,  0.        ,
          0.04743525, -0.19866848],
        [-0.17281622, -0.28863924, -0.19121788, ..., -0.04743525,
          0.        , -0.24493456],
        [ 0.07369713, -0.04533754,  0.05502162, ...,  0.19866848,
          0.24493456,  0.        ]],

       [[ 0.        ,  0.52827158,  0.5849097 , ..., -0.31039429,
         -0.54166173, -0.74626742],
        [-0.52827158,  0.        ,  0.06815223, ..., -0.76572732,
         -0.90397496, -0.98527935],
        [-0.5849097 , -0.06815223,  0.        , ..., -0.8077801 ,
         -0.93101405, -0.99463928],
        ...,
        [ 0.31039429,  0.76572732,  0.8077801 , ...,  0.        ,
         -0.25399155, -0.50279491],
        [ 0.54166173,  0.90397496,  0.93101405, ...,  0.25399155,
          0.        , -0.26675472],
        [ 0.74626742,  0.98527935,  0.99463928, ...,  0.50279491,
          0.26675472,  0.        ]],

       ...,

       [[ 0.        , -0.09709202,  0.16204639, ..., -0.26160354,
         -0.71309337, -0.93422022],
        [ 0.09709202,  0.        ,  0.25708955, ..., -0.16665674,
         -0.64165609, -0.895174  ],
        [-0.16204639, -0.25708955,  0.        , ..., -0.41454915,
         -0.81727423, -0.97967418],
