state_0,state_1,state_2,state_3,state_4,state_5,state_6,state_7,state_8,state_9,state_10,state_11,state_12,state_13,state_14,state_15,state_16,state_17,state_18,state_19,state_20,state_21,state_22,state_23,state_24,state_25,state_26,state_27,state_28,state_29,state_30,state_31,state_32,state_33,state_34,state_35,state_36,state_37,state_38,state_39,state_40,state_41,state_42,state_43,state_44,state_45,state_46,state_47,state_48,state_49,state_50,state_51,state_52,state_53,state_54,state_55,state_56,state_57,state_58,state_59,state_60,state_61,state_62,state_63,state_64,state_65,state_66,state_67,state_68,state_69,state_70,state_71,state_72,state_73,state_74,state_75,state_76,state_77,state_78,state_79,state_80,state_81,state_82,state_83,state_84,state_85,state_86,state_87,state_88,state_89,state_90,state_91,state_92,state_93,state_94,state_95,state_96,state_97,state_98,state_99,state_100,state_101,state_102,state_103,state_104,state_105,state_106,state_107,state_108,state_109,state_110,state_111,state_112,state_113,state_114,state_115,state_116,state_117,state_118,state_119,state_120,state_121,state_122,state_123,state_124,state_125,state_126,state_127,state_128,state_129,state_130,state_131,state_132,state_133,state_134,state_135,state_136,state_137,state_138,state_139,state_140,state_141,state_142,state_143,state_144,state_145,state_146,state_147,state_148,state_149,state_150,state_151,state_152,state_153,state_154,state_155,state_156,state_157,state_158,state_159,state_160,state_161,state_162,state_163,state_164,state_165,state_166,state_167,state_168,state_169,state_170,state_171,state_172,state_173,state_174,state_175,state_176,state_177,state_178,state_179,state_180,state_181,state_182,state_183,state_184,state_185,state_186,state_187,state_188,state_189,state_190,state_191,state_192,state_193,state_194,state_195,state_196,state_197,state_198,state_199,state_200,state_201,state_202,state_203,state_204,state_205,state_206,state_207,state_208,state_209,state_210,state_211,state_212,state_213,state_214,state_215,state_216,state_217,state_218,state_219,state_220,state_221,state_222,state_223,state_224,state_225,state_226,state_227,state_228,state_229,state_230,state_231,state_232,state_233,state_234,state_235,state_236,state_237,state_238,state_239,state_240,state_241,state_242,state_243,state_244,state_245,state_246,state_247,state_248,state_249,state_250,state_251,state_252,state_253,state_254,state_255,state_256,state_257,state_258,state_259,state_260,state_261,state_262,state_263,state_264,state_265,state_266,state_267,state_268,state_269,state_270,state_271,state_272,state_273,state_274,state_275,state_276,state_277,state_278,state_279,state_280,state_281,state_282,state_283,state_284,state_285,state_286,state_287
{'img': array([[[ 0.        , -0.24837643, -0.04583069, ...,  0.62355862,
          0.6882366 ,  0.71702904],
        [ 0.24837643,  0.        ,  0.20372092, ...,  0.79819341,
          0.84686344,  0.86768905],
        [ 0.04583069, -0.20372092,  0.        , ...,  0.65873276,
          0.72076295,  0.74822158],
        ...,
        [-0.62355862, -0.79819341, -0.65873276, ...,  0.        ,
          0.08566403,  0.12590916],
        [-0.6882366 , -0.84686344, -0.72076295, ..., -0.08566403,
          0.        ,  0.04046404],
        [-0.71702904, -0.86768905, -0.74822158, ..., -0.12590916,
         -0.04046404,  0.        ]],

       [[ 0.        , -0.08165956, -0.22598345, ..., -0.37995172,
         -0.00219729, -0.32771559],
        [ 0.08165956,  0.        , -0.14568161, ..., -0.30314718,
          0.07946941, -0.24947108],
        [ 0.22598345,  0.14568161,  0.        , ..., -0.16108668,
          0.22384245, -0.10573413],
        ...,
        [ 0.37995172,  0.30314718,  0.16108668, ...,  0.        ,
          0.37791829,  0.05583043],
        [ 0.00219729, -0.07946941, -0.22384245, ..., -0.37791829,
          0.        , -0.32563885],
        [ 0.32771559,  0.24947108,  0.10573413, ..., -0.05583043,
          0.32563885,  0.        ]],

       [[ 0.        ,  0.01880799,  0.16054223, ...,  0.94003802,
          0.97258825,  0.9776002 ],
        [-0.01880799,  0.        ,  0.1419498 , ...,  0.9334569 ,
          0.96804272,  0.97346875],
        [-0.16054223, -0.1419498 ,  0.        , ...,  0.87308867,
          0.92264125,  0.93113031],
        ...,
        [-0.94003802, -0.9334569 , -0.87308867, ...,  0.        ,
          0.11312951,  0.13557947],
        [-0.97258825, -0.96804272, -0.92264125, ..., -0.11312951,
          0.        ,  0.02262416],
        [-0.9776002 , -0.97346875, -0.93113031, ..., -0.13557947,
         -0.02262416,  0.        ]],

       ...,

       [[ 0.        , -0.39730345, -0.17631717, ..., -0.18745601,
         -0.14324282, -0.16261222],
        [ 0.39730345,  0.        ,  0.22927503, ...,  0.21823445,
          0.26175417,  0.24278819],
        [ 0.17631717, -0.22927503,  0.        , ..., -0.01132762,
          0.03350022,  0.01390575],
        ...,
        [ 0.18745601, -0.21823445,  0.01132762, ...,  0.        ,
          0.04481933,  0.02523139],
        [ 0.14324282, -0.26175417, -0.03350022, ..., -0.04481933,
          0.        , -0.01959903],
        [ 0.16261222, -0.24278819, -0.01390575, ..., -0.02523139,
          0.01959903,  0.        ]],

       [[ 0.        ,  0.19069545,  0.33643544, ...,  0.99954816,
          0.99999999,  0.9999303 ],
        [-0.19069545,  0.        ,  0.15068244, ...,  0.97547377,
          0.98161987,  0.98383233],
        [-0.33643544, -0.15068244,  0.        , ...,  0.93116845,
          0.94165471,  0.94561313],
        ...,
        [-0.99954816, -0.97547377, -0.93116845, ...,  0.        ,
          0.02990409,  0.04185741],
        [-0.99999999, -0.98161987, -0.94165471, ..., -0.02990409,
          0.        ,  0.0119608 ],
        [-0.9999303 , -0.98383233, -0.94561313, ..., -0.04185741,
         -0.0119608 ,  0.        ]],

       [[ 0.        , -0.00293778, -0.04085733, ...,  0.99861508,
          0.99710176,  0.99555007],
        [ 0.00293778,  0.        , -0.03792182, ...,  0.99876533,
          0.99732096,  0.99582262],
        [ 0.04085733,  0.03792182,  0.        , ...,  0.99993077,
          0.99937757,  0.99856893],
        ...,
        [-0.99861508, -0.99876533, -0.99993077, ...,  0.        ,
         -0.02351556, -0.04172664],
        [-0.99710176, -0.99732096, -0.99937757, ...,  0.02351556,
          0.        , -0.01822003],
        [-0.99555007, -0.99582262, -0.99856893, ...,  0.04172664,
          0.01822003,  0.        ]]]), 'num': array([ 9.81114372e-01,  1.93425972e-01,  6.93998590e-06,  3.46084534e-04,
        3.56756744e-04,  3.46084534e-04,  1.66431595e-04, -1.52460147e-05,
        3.52792781e-04,  3.38110868e-04,  3.43746812e-04,  1.86452365e-07,
        3.71505571e-04,  3.04716165e-04])}
{'img': array([[[ 0.00000000e+00,  2.03720922e-01, -1.94470238e-01, ...,
          8.46863435e-01,  8.67689049e-01,  7.48176804e-01],
        [-2.03720922e-01,  0.00000000e+00, -3.90223570e-01, ...,
          7.20762955e-01,  7.48221576e-01,  5.97318077e-01],
        [ 1.94470238e-01,  3.90223570e-01,  0.00000000e+00, ...,
          9.34116772e-01,  9.47796077e-01,  8.62923814e-01],
        ...,
        [-8.46863435e-01, -7.20762955e-01, -9.34116772e-01, ...,
          0.00000000e+00,  4.04640407e-02, -1.64005172e-01],
        [-8.67689049e-01, -7.48221576e-01, -9.47796077e-01, ...,
         -4.04640407e-02,  0.00000000e+00, -2.03786988e-01],
        [-7.48176804e-01, -5.97318077e-01, -8.62923814e-01, ...,
          1.64005172e-01,  2.03786988e-01,  0.00000000e+00]],

       [[ 0.00000000e+00, -1.45681608e-01, -1.84462493e-01, ...,
          7.94694063e-02, -2.49471084e-01, -6.40284458e-02],
        [ 1.45681608e-01,  0.00000000e+00, -3.93129125e-02, ...,
          2.23842451e-01, -1.05734125e-01,  8.20373203e-02],
        [ 1.84462493e-01,  3.93129125e-02,  0.00000000e+00, ...,
          2.61984770e-01, -6.65598458e-02,  1.21154300e-01],
        ...,
        [-7.94694063e-02, -2.23842451e-01, -2.61984770e-01, ...,
          0.00000000e+00, -3.25638846e-01, -1.43132284e-01],
        [ 2.49471084e-01,  1.05734125e-01,  6.65598458e-02, ...,
          3.25638846e-01,  0.00000000e+00,  1.86955178e-01],
        [ 6.40284458e-02, -8.20373203e-02, -1.21154300e-01, ...,
          1.43132284e-01, -1.86955178e-01,  0.00000000e+00]],

       [[ 0.00000000e+00,  1.41949800e-01,  1.17919235e-01, ...,
          9.68042717e-01,  9.73468746e-01,  9.67186059e-01],
        [-1.41949800e-01,  0.00000000e+00, -2.42342754e-02, ...,
          9.22641247e-01,  9.31130307e-01,  9.21327132e-01],
        [-1.17919235e-01,  2.42342754e-02,  0.00000000e+00, ...,
          9.31716448e-01,  9.39694757e-01,  9.30478547e-01],
        ...,
        [-9.68042717e-01, -9.22641247e-01, -9.31716448e-01, ...,
          0.00000000e+00,  2.26241593e-02, -3.39367384e-03],
        [-9.73468746e-01, -9.31130307e-01, -9.39694757e-01, ...,
         -2.26241593e-02,  0.00000000e+00, -2.60168342e-02],
        [-9.67186059e-01, -9.21327132e-01, -9.30478547e-01, ...,
          3.39367384e-03,  2.60168342e-02,  0.00000000e+00]],

       ...,

       [[ 0.00000000e+00,  2.29275035e-01, -5.28019938e-02, ...,
          2.61754174e-01,  2.42788194e-01,  1.06758604e-03],
        [-2.29275035e-01,  0.00000000e+00, -2.80350634e-01, ...,
          3.35002180e-02,  1.39057532e-02, -2.28235757e-01],
        [ 5.28019938e-02,  2.80350634e-01,  0.00000000e+00, ...,
          3.12350057e-01,  2.93671627e-01,  5.38680604e-02],
        ...,
        [-2.61754174e-01, -3.35002180e-02, -3.12350057e-01, ...,
          0.00000000e+00, -1.95990308e-02, -2.60723660e-01],
        [-2.42788194e-01, -1.39057532e-02, -2.93671627e-01, ...,
          1.95990308e-02,  0.00000000e+00, -2.41752412e-01],
        [-1.06758604e-03,  2.28235757e-01, -5.38680604e-02, ...,
          2.60723660e-01,  2.41752412e-01,  0.00000000e+00]],

       [[ 0.00000000e+00,  2.81069543e-01,  3.01290755e-01, ...,
          9.99955671e-01,  9.99996473e-01,  9.99937479e-01],
        [-2.81069543e-01,  0.00000000e+00,  2.11360495e-02, ...,
          9.56998375e-01,  9.60430485e-01,  9.56484469e-01],
        [-3.01290755e-01, -2.11360495e-02,  0.00000000e+00, ...,
          9.50653164e-01,  9.54329125e-01,  9.50103653e-01],
        ...,
        [-9.99955671e-01, -9.56998375e-01, -9.50653164e-01, ...,
          0.00000000e+00,  1.20714253e-02, -1.76637477e-03],
        [-9.99996473e-01, -9.60430485e-01, -9.54329125e-01, ...,
         -1.20714253e-02,  0.00000000e+00, -1.38376526e-02],
        [-9.99937479e-01, -9.56484469e-01, -9.50103653e-01, ...,
          1.76637477e-03,  1.38376526e-02,  0.00000000e+00]],

       [[ 0.00000000e+00, -3.79218197e-02,  3.04865290e-04, ...,
          9.97320962e-01,  9.95822617e-01,  9.96507687e-01],
        [ 3.79218197e-02,  0.00000000e+00,  3.82264639e-02, ...,
          9.99377573e-01,  9.98568931e-01,  9.98957421e-01],
        [-3.04865290e-04, -3.82264639e-02,  0.00000000e+00, ...,
          9.97298615e-01,  9.95794734e-01,  9.96482184e-01],
        ...,
        [-9.97320962e-01, -9.99377573e-01, -9.97298615e-01, ...,
          0.00000000e+00, -1.82200263e-02, -1.03830079e-02],
        [-9.95822617e-01, -9.98568931e-01, -9.95794734e-01, ...,
          1.82200263e-02,  0.00000000e+00,  7.83775984e-03],
        [-9.96507687e-01, -9.98957421e-01, -9.96482184e-01, ...,
          1.03830079e-02, -7.83775984e-03,  0.00000000e+00]]]), 'num': array([7.07072564e-01, 7.07072564e-01, 0.00000000e+00, 3.50154631e-03,
       3.50154631e-03, 3.41239368e-03, 8.58386093e-04, 1.22969142e-05,
       3.55872696e-03, 3.41147141e-03, 3.47377577e-03, 1.73496066e-06,
       3.75017886e-03, 3.07276396e-03])}
{'img': array([[[ 0.        , -0.39022357, -0.59622565, ...,  0.74822158,
          0.59731808,  0.61067981],
        [ 0.39022357,  0.        , -0.23567888, ...,  0.94779608,
          0.86292381,  0.87127451],
        [ 0.59622565,  0.23567888,  0.        , ...,  0.99625019,
          0.95771266,  0.96240182],
        ...,
        [-0.74822158, -0.94779608, -0.99625019, ...,  0.        ,
         -0.20378699, -0.18734507],
        [-0.59731808, -0.86292381, -0.95771266, ...,  0.20378699,
          0.        ,  0.01676509],
        [-0.61067981, -0.87127451, -0.96240182, ...,  0.18734507,
         -0.01676509,  0.        ]],

       [[ 0.        , -0.03931291, -0.19583601, ..., -0.10573413,
          0.08203732, -0.32602812],
        [ 0.03931291,  0.        , -0.15713294, ..., -0.06655985,
          0.1211543 , -0.28861122],
        [ 0.19583601,  0.15713294,  0.        , ...,  0.09105148,
          0.2756247 , -0.13457958],
        ...,
        [ 0.10573413,  0.06655985, -0.09105148, ...,  0.        ,
          0.18695518, -0.22424372],
        [-0.08203732, -0.1211543 , -0.2756247 , ..., -0.18695518,
          0.        , -0.40248397],
        [ 0.32602812,  0.28861122,  0.13457958, ...,  0.22424372,
          0.40248397,  0.        ]],

       [[ 0.        , -0.02423428, -0.18067254, ...,  0.93113031,
          0.92132713,  0.92264125],
        [ 0.02423428,  0.        , -0.15678401, ...,  0.93969476,
          0.93047855,  0.93171645],
        [ 0.18067254,  0.15678401,  0.        , ...,  0.98169584,
          0.9764085 ,  0.97713567],
        ...,
        [-0.93113031, -0.93969476, -0.98169584, ...,  0.        ,
         -0.02601683, -0.02262416],
        [-0.92132713, -0.93047855, -0.9764085 , ...,  0.02601683,
          0.        ,  0.00339367],
        [-0.92264125, -0.93171645, -0.97713567, ...,  0.02262416,
         -0.00339367,  0.        ]],

       ...,

       [[ 0.        , -0.28035063, -0.29963329, ...,  0.01390575,
         -0.22823576, -0.35626591],
        [ 0.28035063,  0.        , -0.02014752, ...,  0.29367163,
          0.05386806, -0.0800235 ],
        [ 0.29963329,  0.02014752,  0.        , ...,  0.31287116,
          0.0739754 , -0.05992434],
        ...,
        [-0.01390575, -0.29367163, -0.31287116, ...,  0.        ,
         -0.24175241, -0.36922479],
        [ 0.22823576, -0.05386806, -0.0739754 , ...,  0.24175241,
          0.        , -0.13360261],
        [ 0.35626591,  0.0800235 ,  0.05992434, ...,  0.36922479,
          0.13360261,  0.        ]],

       [[ 0.        ,  0.11191042,  0.11995358, ...,  0.99984049,
          0.99948841,  0.99969186],
        [-0.11191042,  0.        ,  0.00809769, ...,  0.99156101,
          0.98963069,  0.99063411],
        [-0.11995358, -0.00809769,  0.        , ...,  0.99047871,
          0.98843513,  0.98949594],
        ...,
        [-0.99984049, -0.99156101, -0.99047871, ...,  0.        ,
         -0.01412655, -0.00696431],
        [-0.99948841, -0.98963069, -0.98843513, ...,  0.01412655,
          0.        ,  0.00716259],
        [-0.99969186, -0.99063411, -0.98949594, ...,  0.00696431,
         -0.00716259,  0.        ]],

       [[ 0.        ,  0.03822646,  0.09599819, ...,  0.99856893,
          0.99895742,  0.9990992 ],
        [-0.03822646,  0.        ,  0.05787811, ...,  0.99579473,
          0.99648218,  0.99674679],
        [-0.09599819, -0.05787811,  0.        , ...,  0.98882308,
          0.98996127,  0.99041112],
        ...,
        [-0.99856893, -0.99579473, -0.98882308, ...,  0.        ,
          0.00783776,  0.01105667],
        [-0.99895742, -0.99648218, -0.98996127, ..., -0.00783776,
          0.        ,  0.00321905],
        [-0.9990992 , -0.99674679, -0.99041112, ..., -0.01105667,
         -0.00321905,  0.        ]]]), 'num': array([ 7.07072522e-01,  7.07072522e-01,  0.00000000e+00,  3.45543268e-03,
        3.51999147e-03,  3.42469039e-03,  9.37362969e-04, -4.61134254e-05,
        3.54028138e-03,  3.42007905e-03,  3.47977032e-03,  1.46552256e-06,
        3.75403422e-03,  3.08612388e-03])}
{'img': array([[[ 0.        , -0.23567888,  0.3022729 , ...,  0.86292381,
          0.87127451,  0.8384674 ],
        [ 0.23567888,  0.        ,  0.51841233, ...,  0.95771266,
          0.96240182,  0.94328222],
        [-0.3022729 , -0.51841233,  0.        , ...,  0.66980869,
          0.6821632 ,  0.63452094],
        ...,
        [-0.86292381, -0.95771266, -0.66980869, ...,  0.        ,
          0.01676509, -0.04654574],
        [-0.87127451, -0.96240182, -0.6821632 , ..., -0.01676509,
          0.        , -0.06328612],
        [-0.8384674 , -0.94328222, -0.63452094, ...,  0.04654574,
          0.06328612,  0.        ]],

       [[ 0.        , -0.15713294,  0.06643511, ...,  0.1211543 ,
         -0.28861122, -0.23630672],
        [ 0.15713294,  0.        ,  0.2223956 , ...,  0.2756247 ,
         -0.13457958, -0.08068849],
        [-0.06643511, -0.2223956 ,  0.        , ...,  0.05494092,
         -0.35158166, -0.30033823],
        ...,
        [-0.1211543 , -0.2756247 , -0.05494092, ...,  0.        ,
         -0.40248397, -0.35228904],
        [ 0.28861122,  0.13457958,  0.35158166, ...,  0.40248397,
          0.        ,  0.05418631],
        [ 0.23630672,  0.08068849,  0.30033823, ...,  0.35228904,
         -0.05418631,  0.        ]],

       [[ 0.        , -0.15678401, -0.36213233, ...,  0.93047855,
          0.93171645,  0.91885417],
        [ 0.15678401,  0.        , -0.21151124, ...,  0.9764085 ,
          0.97713567,  0.96935716],
        [ 0.36213233,  0.21151124,  0.        , ...,  0.99998976,
          0.99999936,  0.99938493],
        ...,
        [-0.93047855, -0.9764085 , -0.99998976, ...,  0.        ,
          0.00339367, -0.03054541],
        [-0.93171645, -0.97713567, -0.99999936, ..., -0.00339367,
          0.        , -0.03393732],
        [-0.91885417, -0.96935716, -0.99938493, ...,  0.03054541,
          0.03393732,  0.        ]],

       ...,

       [[ 0.        , -0.02014752,  0.14384177, ...,  0.05386806,
         -0.0800235 , -0.31594641],
        [ 0.02014752,  0.        ,  0.16375057, ...,  0.0739754 ,
         -0.05992434, -0.29676677],
        [-0.14384177, -0.16375057,  0.        , ..., -0.09032505,
         -0.22257177, -0.44913455],
        ...,
        [-0.05386806, -0.0739754 ,  0.09032505, ...,  0.        ,
         -0.13360261, -0.36659645],
        [ 0.0800235 ,  0.05992434,  0.22257177, ...,  0.13360261,
          0.        , -0.23900871],
        [ 0.31594641,  0.29676677,  0.44913455, ...,  0.36659645,
          0.23900871,  0.        ]],

       [[ 0.        ,  0.04338921,  0.21371683, ...,  0.99937907,
          0.99960646,  0.99975632],
        [-0.04338921,  0.        ,  0.17112883, ...,  0.9969091 ,
          0.99744791,  0.99785699],
        [-0.21371683, -0.17112883,  0.        , ...,  0.96875886,
          0.97051597,  0.97193986],
        ...,
        [-0.99937907, -0.9969091 , -0.96875886, ...,  0.        ,
          0.00718586,  0.0131649 ],
        [-0.99960646, -0.99744791, -0.97051597, ..., -0.00718586,
          0.        ,  0.00597933],
        [-0.99975632, -0.99785699, -0.97193986, ..., -0.0131649 ,
         -0.00597933,  0.        ]],

       [[ 0.        ,  0.05787811,  0.07575186, ...,  0.99648218,
          0.99674679,  0.99998549],
        [-0.05787811,  0.        ,  0.01791306, ...,  0.98996127,
          0.99041112,  0.99799737],
        [-0.07575186, -0.01791306,  0.        , ...,  0.98727062,
          0.98777749,  0.99670414],
        ...,
        [-0.99648218, -0.98996127, -0.98727062, ...,  0.        ,
          0.00321905,  0.07843538],
        [-0.99674679, -0.99041112, -0.98777749, ..., -0.00321905,
          0.        ,  0.07522584],
        [-0.99998549, -0.99799737, -0.99670414, ..., -0.07843538,
         -0.07522584,  0.        ]]]), 'num': array([7.07071699e-01, 7.07071699e-01, 0.00000000e+00, 3.59376876e-03,
       3.59376876e-03, 3.39701838e-03, 1.16543861e-03, 1.38340115e-04,
       3.53658818e-03, 3.44482257e-03, 3.49021863e-03, 1.52494527e-06,
       3.75218033e-03, 3.13746482e-03])}
{'img': array([[[ 0.        ,  0.51841233,  0.76002025, ...,  0.96240182,
          0.94328222,  0.9885482 ],
        [-0.51841233,  0.        ,  0.31300085, ...,  0.6821632 ,
          0.63452094,  0.76710676],
        [-0.76002025, -0.31300085,  0.        , ...,  0.41902023,
          0.36071794,  0.5277657 ],
        ...,
        [-0.96240182, -0.6821632 , -0.41902023, ...,  0.        ,
         -0.06328612,  0.12328747],
        [-0.94328222, -0.63452094, -0.36071794, ...,  0.06328612,
          0.        ,  0.18584364],
        [-0.9885482 , -0.76710676, -0.5277657 , ..., -0.12328747,
         -0.18584364,  0.        ]],

       [[ 0.        ,  0.2223956 ,  0.78635109, ..., -0.13457958,
         -0.08068849,  0.05038132],
        [-0.2223956 ,  0.        ,  0.62926659, ..., -0.35158166,
         -0.30033823, -0.17299358],
        [-0.78635109, -0.62926659,  0.        , ..., -0.86233804,
         -0.83363482, -0.7542279 ],
        ...,
        [ 0.13457958,  0.35158166,  0.86233804, ...,  0.        ,
          0.05418631,  0.18433166],
        [ 0.08068849,  0.30033823,  0.83363482, ..., -0.05418631,
          0.        ,  0.13080307],
        [-0.05038132,  0.17299358,  0.7542279 , ..., -0.18433166,
         -0.13080307,  0.        ]],

       [[ 0.        , -0.21151124,  0.16892042, ...,  0.97713567,
          0.96935716,  0.96766623],
        [ 0.21151124,  0.        ,  0.37357045, ...,  0.99999936,
          0.99938493,  0.99912369],
        [-0.16892042, -0.37357045,  0.        , ...,  0.92717863,
          0.91393095,  0.91115307],
        ...,
        [-0.97713567, -0.99999936, -0.92717863, ...,  0.        ,
         -0.03393732, -0.04072495],
        [-0.96935716, -0.99938493, -0.91393095, ...,  0.03393732,
          0.        , -0.00679232],
        [-0.96766623, -0.99912369, -0.91115307, ...,  0.04072495,
          0.00679232,  0.        ]],

       ...,

       [[ 0.        ,  0.16375057,  0.2972719 , ..., -0.05992434,
         -0.29676677, -0.24583819],
        [-0.16375057,  0.        ,  0.13691138, ..., -0.22257177,
         -0.44913455, -0.40124502],
        [-0.2972719 , -0.13691138,  0.        , ..., -0.35395302,
         -0.5672306 , -0.52287344],
        ...,
        [ 0.05992434,  0.22257177,  0.35395302, ...,  0.        ,
         -0.23900871, -0.18731108],
        [ 0.29676677,  0.44913455,  0.5672306 , ...,  0.23900871,
          0.        ,  0.05289609],
        [ 0.24583819,  0.40124502,  0.52287344, ...,  0.18731108,
         -0.05289609,  0.        ]],

       [[ 0.        ,  0.20941448,  0.42444065, ...,  0.99959275,
          0.99974558,  0.99967673],
        [-0.20941448,  0.        ,  0.22541397, ...,  0.97145278,
          0.97285458,  0.97218651],
        [-0.42444065, -0.22541397,  0.        , ...,  0.89297495,
          0.89565161,  0.89437167],
        ...,
        [-0.99959275, -0.97145278, -0.89297495, ...,  0.        ,
          0.00598222,  0.00311269],
        [-0.99974558, -0.97285458, -0.89565161, ..., -0.00598222,
          0.        , -0.00286955],
        [-0.99967673, -0.97218651, -0.89437167, ..., -0.00311269,
          0.00286955,  0.        ]],

       [[ 0.        ,  0.01791306, -0.04681875, ...,  0.99041112,
          0.99799737,  0.94557662],
        [-0.01791306,  0.        , -0.06470466, ...,  0.98777749,
          0.99670414,  0.95125381],
        [ 0.04681875,  0.06470466,  0.        , ...,  0.99579311,
          0.99986451,  0.92930491],
        ...,
        [-0.99041112, -0.98777749, -0.99579311, ...,  0.        ,
          0.07522584,  0.45291207],
        [-0.99799737, -0.99670414, -0.99986451, ..., -0.07522584,
          0.        ,  0.38456076],
        [-0.94557662, -0.95125381, -0.92930491, ..., -0.45291207,
         -0.38456076,  0.        ]]]), 'num': array([7.07069558e-01, 7.07069558e-01, 0.00000000e+00, 3.67983592e-03,
       3.68905856e-03, 3.55379308e-03, 2.07703220e-03, 8.60780331e-05,
       3.54395559e-03, 3.47340235e-03, 3.50245368e-03, 1.84452928e-06,
       3.75546911e-03, 3.19133558e-03])}
{'img': array([[[ 0.        ,  0.62734449,  0.63796534, ...,  0.89994246,
          0.97057949,  0.99285755],
        [-0.62734449,  0.        ,  0.01371424, ...,  0.42729523,
          0.60477831,  0.69833387],
        [-0.63796534, -0.01371424,  0.        , ...,  0.41485583,
          0.59379949,  0.68845192],
        ...,
        [-0.89994246, -0.42729523, -0.41485583, ...,  0.        ,
          0.20649211,  0.3255261 ],
        [-0.97057949, -0.60477831, -0.59379949, ..., -0.20649211,
          0.        ,  0.12326533],
        [-0.99285755, -0.69833387, -0.68845192, ..., -0.3255261 ,
         -0.12326533,  0.        ]],

       [[ 0.        ,  0.62926659,  0.1787752 , ..., -0.30033823,
         -0.17299358,  0.20177418],
        [-0.62926659,  0.        , -0.48018686, ..., -0.83363482,
         -0.7542279 , -0.4595071 ],
        [-0.1787752 ,  0.48018686,  0.        , ..., -0.4660214 ,
         -0.34628644,  0.02342543],
        ...,
        [ 0.30033823,  0.83363482,  0.4660214 , ...,  0.        ,
          0.13080307,  0.48661972],
        [ 0.17299358,  0.7542279 ,  0.34628644, ..., -0.13080307,
          0.        ,  0.36816748],
        [-0.20177418,  0.4595071 , -0.02342543, ..., -0.48661972,
         -0.36816748,  0.        ]],

       [[ 0.        ,  0.37357045,  0.47058824, ...,  0.99938493,
          0.99912369,  0.99960003],
        [-0.37357045,  0.        ,  0.10689751, ...,  0.91393095,
          0.91115307,  0.91666602],
        [-0.47058824, -0.10689751,  0.        , ...,  0.86530771,
          0.86188316,  0.86869153],
        ...,
        [-0.99938493, -0.91393095, -0.86530771, ...,  0.        ,
         -0.00679232,  0.0067907 ],
        [-0.99912369, -0.91115307, -0.86188316, ...,  0.00679232,
          0.        ,  0.0135827 ],
        [-0.99960003, -0.91666602, -0.86869153, ..., -0.0067907 ,
         -0.0135827 ,  0.        ]],

       ...,

       [[ 0.        ,  0.13691138,  0.21436076, ..., -0.44913455,
         -0.40124502, -0.12326173],
        [-0.13691138,  0.        ,  0.07861337, ..., -0.5672306 ,
         -0.52287344, -0.25796833],
        [-0.21436076, -0.07861337,  0.        , ..., -0.63021787,
         -0.58826609, -0.33312255],
        ...,
        [ 0.44913455,  0.5672306 ,  0.63021787, ...,  0.        ,
          0.05289609,  0.33557961],
        [ 0.40124502,  0.52287344,  0.58826609, ..., -0.05289609,
          0.        ,  0.28528106],
        [ 0.12326173,  0.25796833,  0.33312255, ..., -0.33557961,
         -0.28528106,  0.        ]],

       [[ 0.        ,  0.37551219,  0.50421422, ...,  0.99942115,
          0.99931819,  0.99949601],
        [-0.37551219,  0.        ,  0.14303024, ...,  0.91350608,
          0.91232133,  0.91442985],
        [-0.50421422, -0.14303024,  0.        , ...,  0.84592541,
          0.84437382,  0.84713728],
        ...,
        [-0.99942115, -0.91350608, -0.84592541, ...,  0.        ,
         -0.00290272,  0.00227651],
        [-0.99931819, -0.91232133, -0.84437382, ...,  0.00290272,
          0.        ,  0.00517921],
        [-0.99949601, -0.91442985, -0.84713728, ..., -0.00227651,
         -0.00517921,  0.        ]],

       [[ 0.        , -0.06187664, -0.09535564, ...,  0.9771483 ,
          0.99839782,  0.76634087],
        [ 0.06187664,  0.        , -0.03357823, ...,  0.98842831,
          0.99298344,  0.72512074],
        [ 0.09535564,  0.03357823,  0.        , ...,  0.99296437,
          0.98845275,  0.70158913],
        ...,
        [-0.9771483 , -0.98842831, -0.99296437, ...,  0.        ,
          0.26750947,  0.79064588],
        [-0.99839782, -0.99298344, -0.98845275, ..., -0.26750947,
          0.        ,  0.59804196],
        [-0.76634087, -0.72512074, -0.70158913, ..., -0.79064588,
         -0.59804196,  0.        ]]]), 'num': array([7.07069491e-01, 7.07069491e-01, 0.00000000e+00, 3.72287458e-03,
       3.77513624e-03, 3.58453490e-03, 1.53338779e-03, 4.30390125e-05,
       3.59068333e-03, 3.50137738e-03, 3.51357176e-03, 1.99737144e-06,
       3.76529817e-03, 3.23745659e-03])}
{'img': array([[[ 0.        ,  0.01604329,  0.03941857, ...,  0.64705552,
          0.73938425,  0.78038779],
        [-0.01604329,  0.        ,  0.02338267, ...,  0.63474015,
          0.7284874 ,  0.77025555],
        [-0.03941857, -0.02338267,  0.        , ...,  0.61649821,
          0.7122697 ,  0.755133  ],
        ...,
        [-0.64705552, -0.63474015, -0.61649821, ...,  0.        ,
          0.12808633,  0.19039999],
        [-0.73938425, -0.7284874 , -0.7122697 , ..., -0.12808633,
          0.        ,  0.06308848],
        [-0.78038779, -0.77025555, -0.755133  , ..., -0.19039999,
         -0.06308848,  0.        ]],

       [[ 0.        , -0.48018686, -0.76743215, ..., -0.7542279 ,
         -0.4595071 , -0.6322493 ],
        [ 0.48018686,  0.        , -0.36530327, ..., -0.34628644,
          0.02342543, -0.18255576],
        [ 0.76743215,  0.36530327,  0.        , ...,  0.02034745,
          0.38700949,  0.18922547],
        ...,
        [ 0.7542279 ,  0.34628644, -0.02034745, ...,  0.        ,
          0.36816748,  0.16920645],
        [ 0.4595071 , -0.02342543, -0.38700949, ..., -0.36816748,
          0.        , -0.20553744],
        [ 0.6322493 ,  0.18255576, -0.18922547, ..., -0.16920645,
          0.20553744,  0.        ]],

       [[ 0.        ,  0.3028078 ,  0.52144256, ...,  0.99671525,
          0.99775959,  0.99975131],
        [-0.3028078 ,  0.        ,  0.23857991, ...,  0.92539794,
          0.93065815,  0.95956739],
        [-0.52144256, -0.23857991,  0.        , ...,  0.80825405,
          0.81648943,  0.8647026 ],
        ...,
        [-0.99671525, -0.92539794, -0.80825405, ...,  0.        ,
          0.01412282,  0.10319299],
        [-0.99775959, -0.93065815, -0.81648943, ..., -0.01412282,
          0.        ,  0.08913528],
        [-0.99975131, -0.95956739, -0.8647026 , ..., -0.10319299,
         -0.08913528,  0.        ]],

       ...,

       [[ 0.        ,  0.07861337, -0.03242364, ..., -0.52287344,
         -0.25796833, -0.11405496],
        [-0.07861337,  0.        , -0.11089534, ..., -0.58826609,
         -0.33312255, -0.19180236],
        [ 0.03242364,  0.11089534,  0.        , ..., -0.49496027,
         -0.22650649, -0.08178293],
        ...,
        [ 0.52287344,  0.58826609,  0.49496027, ...,  0.        ,
          0.28528106,  0.42223977],
        [ 0.25796833,  0.33312255,  0.22650649, ..., -0.28528106,
          0.        ,  0.14609036],
        [ 0.11405496,  0.19180236,  0.08178293, ..., -0.42223977,
         -0.14609036,  0.        ]],

       [[ 0.        ,  0.35633234,  0.47878628, ...,  0.99708459,
          0.9974812 ,  0.99849028],
        [-0.35633234,  0.        ,  0.13452302, ...,  0.9044456 ,
          0.90673067,  0.91337579],
        [-0.47878628, -0.13452302,  0.        , ...,  0.83883858,
          0.84175918,  0.85030695],
        ...,
        [-0.99708459, -0.9044456 , -0.83883858, ...,  0.        ,
          0.00538737,  0.02142039],
        [-0.9974812 , -0.90673067, -0.84175918, ..., -0.00538737,
          0.        ,  0.01603395],
        [-0.99849028, -0.91337579, -0.85030695, ..., -0.02142039,
         -0.01603395,  0.        ]],

       [[ 0.        , -0.03201715, -0.01636021, ...,  0.99844943,
          0.97445906,  0.70115567],
        [ 0.03201715,  0.        ,  0.01566104, ...,  0.99971982,
          0.96676954,  0.67796771],
        [ 0.01636021, -0.01566104,  0.        , ...,  0.99922651,
          0.97065471,  0.68939687],
        ...,
        [-0.99844943, -0.99971982, -0.99922651, ...,  0.        ,
          0.2784615 ,  0.75093337],
        [-0.97445906, -0.96676954, -0.97065471, ..., -0.2784615 ,
          0.        ,  0.53734215],
        [-0.70115567, -0.67796771, -0.68939687, ..., -0.75093337,
         -0.53734215,  0.        ]]]), 'num': array([ 7.07070103e-01,  7.07070103e-01,  0.00000000e+00,  3.64909657e-03,
        3.69213562e-03,  3.60605752e-03,  9.50824835e-04, -7.37812281e-05,
        3.62019893e-03,  3.52489817e-03,  3.52085045e-03,  1.93717836e-06,
        3.75070068e-03,  3.29909567e-03])}
{'img': array([[[ 0.        ,  0.02338267,  0.30896146, ...,  0.7284874 ,
          0.77025555,  0.69660085],
        [-0.02338267,  0.        ,  0.28663832, ...,  0.7122697 ,
          0.755133  ,  0.67963428],
        [-0.30896146, -0.28663832,  0.        , ...,  0.48118894,
          0.53553481,  0.4408522 ],
        ...,
        [-0.7284874 , -0.7122697 , -0.48118894, ...,  0.        ,
          0.06308848, -0.04544694],
        [-0.77025555, -0.755133  , -0.53553481, ..., -0.06308848,
          0.        , -0.1083797 ],
        [-0.69660085, -0.67963428, -0.4408522 , ...,  0.04544694,
          0.1083797 ,  0.        ]],

       [[ 0.        , -0.36530327,  0.08157074, ...,  0.02342543,
         -0.18255576, -0.45833985],
        [ 0.36530327,  0.        ,  0.44001919, ...,  0.38700949,
          0.18922547, -0.10199017],
        [-0.08157074, -0.44001919,  0.        , ..., -0.058201  ,
         -0.26214739, -0.52931066],
        ...,
        [-0.02342543, -0.38700949,  0.058201  , ...,  0.        ,
         -0.20553744, -0.47903406],
        [ 0.18255576, -0.18922547,  0.26214739, ...,  0.20553744,
          0.        , -0.28838632],
        [ 0.45833985,  0.10199017,  0.52931066, ...,  0.47903406,
          0.28838632,  0.        ]],

       [[ 0.        ,  0.44032891,  0.68004209, ...,  0.99570822,
          0.99999928,  0.99840314],
        [-0.44032891,  0.        ,  0.28772933, ...,  0.85323162,
          0.89730665,  0.92127717],
        [-0.68004209, -0.28772933,  0.        , ...,  0.66708987,
          0.73235519,  0.77041814],
        ...,
        [-0.99570822, -0.85323162, -0.66708987, ...,  0.        ,
          0.09135125,  0.14864823],
        [-0.99999928, -0.89730665, -0.73235519, ..., -0.09135125,
          0.        ,  0.05769035],
        [-0.99840314, -0.92127717, -0.77041814, ..., -0.14864823,
         -0.05769035,  0.        ]],

       ...,

       [[ 0.        , -0.11089534, -0.03200295, ..., -0.33312255,
         -0.19180236, -0.24912954],
        [ 0.11089534,  0.        ,  0.07903298, ..., -0.22650649,
         -0.08178293, -0.14019411],
        [ 0.03200295, -0.07903298,  0.        , ..., -0.30277686,
         -0.16029534, -0.21800803],
        ...,
        [ 0.33312255,  0.22650649,  0.30277686, ...,  0.        ,
          0.14609036,  0.0877191 ],
        [ 0.19180236,  0.08178293,  0.16029534, ..., -0.14609036,
          0.        , -0.05874923],
        [ 0.24912954,  0.14019411,  0.21800803, ..., -0.0877191 ,
          0.05874923,  0.        ]],

       [[ 0.        ,  0.33657298,  0.54322023, ...,  0.99422966,
          0.99587582,  0.99333025],
        [-0.33657298,  0.        ,  0.22894395, ...,  0.90011869,
          0.90723765,  0.89656856],
        [-0.54322023, -0.22894395,  0.        , ...,  0.77647295,
          0.78684303,  0.77135494],
        ...,
        [-0.99422966, -0.90011869, -0.77647295, ...,  0.        ,
          0.01662683, -0.00808165],
        [-0.99587582, -0.90723765, -0.78684303, ..., -0.01662683,
          0.        , -0.02470682],
        [-0.99333025, -0.89656856, -0.77135494, ...,  0.00808165,
          0.02470682,  0.        ]],

       [[ 0.        ,  0.01479165, -0.01612987, ...,  0.99968036,
          0.97185236,  0.64969974],
        [-0.01479165,  0.        , -0.03091784, ...,  0.99994495,
          0.97523081,  0.66087314],
        [ 0.01612987,  0.03091784,  0.        , ...,  0.99914251,
          0.96792588,  0.63735343],
        ...,
        [-0.99968036, -0.99994495, -0.99914251, ...,  0.        ,
          0.21094501,  0.74352221],
        [-0.97185236, -0.97523081, -0.96792588, ..., -0.21094501,
          0.        ,  0.58573012],
        [-0.64969974, -0.66087314, -0.63735343, ..., -0.74352221,
         -0.58573012,  0.        ]]]), 'num': array([ 7.07069880e-01,  7.07069880e-01,  0.00000000e+00,  3.63065012e-03,
        3.70750555e-03,  3.61835326e-03,  9.33086305e-04, -1.84453012e-05,
        3.65524386e-03,  3.53934588e-03,  3.52771510e-03,  1.99737254e-06,
        3.75306123e-03,  3.32563054e-03])}
{'img': array([[[ 0.        ,  0.28663832,  0.6016735 , ...,  0.755133  ,
          0.67963428,  0.65922656],
        [-0.28663832,  0.        ,  0.3474765 , ...,  0.53553481,
          0.4408522 ,  0.4160286 ],
        [-0.6016735 , -0.3474765 ,  0.        , ...,  0.20871646,
          0.10149426,  0.07412702],
        ...,
        [-0.755133  , -0.53553481, -0.20871646, ...,  0.        ,
         -0.1083797 , -0.13564778],
        [-0.67963428, -0.4408522 , -0.10149426, ...,  0.1083797 ,
          0.        , -0.0274708 ],
        [-0.65922656, -0.4160286 , -0.07412702, ...,  0.13564778,
          0.0274708 ,  0.        ]],

       [[ 0.        ,  0.44001919,  0.88627775, ...,  0.18922547,
         -0.10199017, -0.11336639],
        [-0.44001919,  0.        ,  0.59207041, ..., -0.26214739,
         -0.52931066, -0.5389842 ],
        [-0.88627775, -0.59207041,  0.        , ..., -0.78262541,
         -0.92889334, -0.93307025],
        ...,
        [-0.18922547,  0.26214739,  0.78262541, ...,  0.        ,
         -0.28838632, -0.29932385],
        [ 0.10199017,  0.52931066,  0.92889334, ...,  0.28838632,
          0.        , -0.01144256],
        [ 0.11336639,  0.5389842 ,  0.93307025, ...,  0.29932385,
          0.01144256,  0.        ]],

       [[ 0.        ,  0.56297716,  0.79249403, ...,  0.99848094,
          0.99998376,  0.99696138],
        [-0.56297716,  0.        ,  0.31162616, ...,  0.79419798,
          0.82966789,  0.86781558],
        [-0.79249403, -0.31162616,  0.        , ...,  0.56528826,
          0.61438683,  0.66975971],
        ...,
        [-0.99848094, -0.79419798, -0.56528826, ...,  0.        ,
          0.06078842,  0.13270981],
        [-0.99998376, -0.82966789, -0.61438683, ..., -0.06078842,
          0.        ,  0.07221365],
        [-0.99696138, -0.86781558, -0.66975971, ..., -0.13270981,
         -0.07221365,  0.        ]],

       ...,

       [[ 0.        ,  0.07903298,  0.26482617, ..., -0.08178293,
         -0.14019411, -0.08178293],
        [-0.07903298,  0.        ,  0.1877866 , ..., -0.16029534,
         -0.21800803, -0.16029534],
        [-0.26482617, -0.1877866 ,  0.        , ..., -0.34280202,
         -0.3973994 , -0.34280202],
        ...,
        [ 0.08178293,  0.16029534,  0.34280202, ...,  0.        ,
         -0.05874923,  0.        ],
        [ 0.14019411,  0.21800803,  0.3973994 , ...,  0.05874923,
          0.        ,  0.05874923],
        [ 0.08178293,  0.16029534,  0.34280202, ...,  0.        ,
         -0.05874923,  0.        ]],

       [[ 0.        ,  0.44633497,  0.71039022, ...,  0.99234448,
          0.98886483,  0.98947242],
        [-0.44633497,  0.        ,  0.3215699 , ...,  0.83289261,
          0.8184795 ,  0.82085092],
        [-0.71039022, -0.3215699 ,  0.        , ...,  0.61068629,
          0.59025324,  0.59358987],
        ...,
        [-0.99234448, -0.83289261, -0.61068629, ...,  0.        ,
         -0.02555166, -0.02141304],
        [-0.98886483, -0.8184795 , -0.59025324, ...,  0.02555166,
          0.        ,  0.00413975],
        [-0.98947242, -0.82085092, -0.59358987, ...,  0.02141304,
         -0.00413975,  0.        ]],

       [[ 0.        , -0.03022568, -0.20650803, ...,  0.99215508,
          0.8937476 ,  0.64959999],
        [ 0.03022568,  0.        , -0.17683951, ...,  0.98792315,
          0.8797809 ,  0.62632332],
        [ 0.20650803,  0.17683951,  0.        , ...,  0.94495285,
          0.78184943,  0.47859467],
        ...,
        [-0.99215508, -0.98792315, -0.94495285, ...,  0.        ,
          0.33332095,  0.67310327],
        [-0.8937476 , -0.8797809 , -0.78184943, ..., -0.33332095,
          0.        ,  0.38810379],
        [-0.64959999, -0.62632332, -0.47859467, ..., -0.67310327,
         -0.38810379,  0.        ]]]), 'num': array([ 7.07070660e-01,  7.07070660e-01,  0.00000000e+00,  3.53535330e-03,
        3.63987679e-03,  3.38164229e-03,  1.23011850e-03, -9.53008281e-05,
