state_0,state_1,state_2,state_3,state_4,state_5,state_6,state_7,state_8,state_9,state_10,state_11,state_12,state_13,state_14,state_15,state_16,state_17,state_18,state_19,state_20,state_21,state_22,state_23,state_24,state_25,state_26,state_27,state_28,state_29,state_30,state_31,state_32,state_33,state_34,state_35,state_36,state_37,state_38,state_39,state_40,state_41,state_42,state_43,state_44,state_45,state_46,state_47,state_48,state_49,state_50,state_51,state_52,state_53,state_54,state_55,state_56,state_57,state_58,state_59,state_60,state_61,state_62,state_63,state_64,state_65,state_66,state_67,state_68,state_69,state_70,state_71,state_72,state_73,state_74,state_75,state_76,state_77,state_78,state_79,state_80,state_81,state_82,state_83,state_84,state_85,state_86,state_87,state_88,state_89,state_90,state_91,state_92,state_93,state_94,state_95,state_96,state_97,state_98,state_99,state_100,state_101,state_102,state_103,state_104,state_105,state_106,state_107,state_108,state_109,state_110,state_111,state_112,state_113,state_114,state_115,state_116,state_117,state_118,state_119,state_120,state_121,state_122,state_123,state_124,state_125,state_126,state_127,state_128,state_129,state_130,state_131,state_132,state_133,state_134,state_135,state_136,state_137,state_138,state_139,state_140,state_141,state_142,state_143,state_144,state_145,state_146,state_147,state_148,state_149,state_150,state_151,state_152,state_153,state_154,state_155,state_156,state_157,state_158,state_159,state_160,state_161,state_162,state_163,state_164,state_165,state_166,state_167,state_168,state_169,state_170,state_171,state_172,state_173,state_174,state_175,state_176,state_177,state_178,state_179,state_180,state_181,state_182,state_183,state_184,state_185,state_186,state_187,state_188,state_189,state_190,state_191,state_192,state_193,state_194,state_195,state_196,state_197,state_198,state_199,state_200,state_201,state_202,state_203,state_204,state_205,state_206,state_207,state_208,state_209,state_210,state_211,state_212,state_213,state_214,state_215,state_216,state_217,state_218,state_219,state_220,state_221,state_222,state_223,state_224,state_225,state_226,state_227,state_228,state_229,state_230,state_231,state_232,state_233,state_234,state_235,state_236,state_237,state_238,state_239,state_240,state_241,state_242,state_243,state_244,state_245,state_246,state_247,state_248,state_249,state_250,state_251,state_252,state_253,state_254,state_255,state_256,state_257,state_258,state_259,state_260,state_261,state_262,state_263,state_264,state_265,state_266,state_267,state_268,state_269,state_270,state_271,state_272,state_273,state_274,state_275,state_276,state_277,state_278,state_279,state_280,state_281,state_282,state_283,state_284,state_285,state_286,state_287
{'img': array([[[ 0.        ,  0.47405014,  0.62253861, ..., -0.8871202 ,
         -0.99387468, -0.99043926],
        [-0.47405014,  0.        ,  0.17715744, ..., -0.56231506,
         -0.82271581, -0.80668464],
        [-0.62253861, -0.17715744,  0.        , ..., -0.40692508,
         -0.70899686, -0.68922804],
        ...,
        [ 0.8871202 ,  0.56231506,  0.40692508, ...,  0.        ,
          0.36067306,  0.33474798],
        [ 0.99387468,  0.82271581,  0.70899686, ..., -0.36067306,
          0.        , -0.02764813],
        [ 0.99043926,  0.80668464,  0.68922804, ..., -0.33474798,
          0.02764813,  0.        ]],

       [[ 0.        ,  0.24699528,  0.16953154, ..., -0.72398898,
         -0.88157469, -0.36615714],
        [-0.24699528,  0.        , -0.07914107, ..., -0.87193759,
         -0.97085336, -0.58465459],
        [-0.16953154,  0.07914107,  0.        , ..., -0.83045388,
         -0.94884013, -0.51861502],
        ...,
        [ 0.72398898,  0.87193759,  0.83045388, ...,  0.        ,
         -0.26636534,  0.42113072],
        [ 0.88157469,  0.97085336,  0.94884013, ...,  0.26636534,
          0.        ,  0.64750952],
        [ 0.36615714,  0.58465459,  0.51861502, ..., -0.42113072,
         -0.64750952,  0.        ]],

       [[ 0.        ,  0.18644002,  0.31894439, ..., -0.99902704,
         -0.98272089, -0.90973358],
        [-0.18644002,  0.        ,  0.13664923, ..., -0.97328809,
         -0.93098133, -0.81637412],
        [-0.31894439, -0.13664923,  0.        , ..., -0.93278524,
         -0.87236216, -0.72979799],
        ...,
        [ 0.99902704,  0.97328809,  0.93278524, ...,  0.        ,
         -0.14157373, -0.37466759],
        [ 0.98272089,  0.93098133,  0.87236216, ...,  0.14157373,
          0.        , -0.23963244],
        [ 0.90973358,  0.81637412,  0.72979799, ...,  0.37466759,
          0.23963244,  0.        ]],

       ...,

       [[ 0.        ,  0.40383056,  0.44721566, ..., -0.88306959,
         -0.70885683, -0.99703746],
        [-0.40383056,  0.        ,  0.04793138, ..., -0.99735619,
         -0.93332904, -0.94318521],
        [-0.44721566, -0.04793138,  0.        , ..., -0.99969293,
         -0.94946473, -0.9261751 ],
        ...,
        [ 0.88306959,  0.99735619,  0.99969293, ...,  0.        ,
          0.29024983, -0.39992837],
        [ 0.70885683,  0.93332904,  0.94946473, ..., -0.29024983,
          0.        , -0.64873925],
        [ 0.99703746,  0.94318521,  0.9261751 , ...,  0.39992837,
          0.64873925,  0.        ]],

       [[ 0.        ,  0.0816251 ,  0.08481805, ..., -0.95965531,
         -0.92157361, -0.83196016],
        [-0.0816251 ,  0.        ,  0.00320406, ..., -0.93350177,
         -0.88681125, -0.78389551],
        [-0.08481805, -0.00320406,  0.        , ..., -0.93234809,
         -0.885326  , -0.7819021 ],
        ...,
        [ 0.95965531,  0.93350177,  0.93234809, ...,  0.        ,
         -0.11341448, -0.2985209 ],
        [ 0.92157361,  0.88681125,  0.885326  , ...,  0.11341448,
          0.        , -0.18835165],
        [ 0.83196016,  0.78389551,  0.7819021 , ...,  0.2985209 ,
          0.18835165,  0.        ]],

       [[ 0.        , -0.04628793, -0.04890246, ..., -0.90782251,
         -0.96872933, -0.983977  ],
        [ 0.04628793,  0.        , -0.00261749, ..., -0.88743839,
         -0.95620602, -0.99117524],
        [ 0.04890246,  0.00261749,  0.        , ..., -0.88622888,
         -0.95543663, -0.99151882],
        ...,
        [ 0.90782251,  0.88743839,  0.88622888, ...,  0.        ,
         -0.18099227, -0.5744959 ],
        [ 0.96872933,  0.95620602,  0.95543663, ...,  0.18099227,
          0.        , -0.41686429],
        [ 0.983977  ,  0.99117524,  0.99151882, ...,  0.5744959 ,
          0.41686429,  0.        ]]]), 'num': array([7.17081242e-01, 6.91829084e-01, 3.11755034e-07, 1.32906094e-03,
       1.34382828e-03, 1.23389361e-03, 8.45776477e-02, 8.86040624e-05,
       1.25784952e-03, 1.29017360e-03, 1.39406460e-03, 7.80870251e-07,
       1.36014319e-03, 1.22020400e-03])}
{'img': array([[[ 0.        ,  0.17715744,  0.34891149, ..., -0.82271581,
         -0.80668464, -0.98717237],
        [-0.17715744,  0.        ,  0.17736849, ..., -0.70899686,
         -0.68922804, -0.99984242],
        [-0.34891149, -0.17736849,  0.        , ..., -0.57267304,
         -0.54978863, -0.98084074],
        ...,
        [ 0.82271581,  0.70899686,  0.57267304, ...,  0.        ,
         -0.02764813,  0.69251424],
        [ 0.80668464,  0.68922804,  0.54978863, ...,  0.02764813,
          0.        ,  0.71219498],
        [ 0.98717237,  0.99984242,  0.98084074, ..., -0.69251424,
         -0.71219498,  0.        ]],

       [[ 0.        , -0.07914107, -0.34538446, ..., -0.97085336,
         -0.58465459,  0.15640447],
        [ 0.07914107,  0.        , -0.27003031, ..., -0.94884013,
         -0.51861502,  0.23408099],
        [ 0.34538446,  0.27003031,  0.        , ..., -0.82832852,
         -0.26847138,  0.48791339],
        ...,
        [ 0.97085336,  0.94884013,  0.82832852, ...,  0.        ,
          0.64750952,  0.99639128],
        [ 0.58465459,  0.51861502,  0.26847138, ..., -0.64750952,
          0.        ,  0.70434748],
        [-0.15640447, -0.23408099, -0.48791339, ..., -0.99639128,
         -0.70434748,  0.        ]],

       [[ 0.        ,  0.13664923,  0.30691546, ..., -0.93098133,
         -0.81637412, -0.97910759],
        [-0.13664923,  0.        ,  0.17398234, ..., -0.87236216,
         -0.72979799, -0.94213641],
        [-0.30691546, -0.17398234,  0.        , ..., -0.77400453,
         -0.59972241, -0.86944362],
        ...,
        [ 0.93098133,  0.87236216,  0.77400453, ...,  0.        ,
         -0.23963244,  0.16813121],
        [ 0.81637412,  0.72979799,  0.59972241, ...,  0.23963244,
          0.        ,  0.39945367],
        [ 0.97910759,  0.94213641,  0.86944362, ..., -0.16813121,
         -0.39945367,  0.        ]],

       ...,

       [[ 0.        ,  0.04793138,  0.29448065, ..., -0.93332904,
         -0.94318521, -0.48661687],
        [-0.04793138,  0.        ,  0.2483362 , ..., -0.94946473,
         -0.9261751 , -0.52793117],
        [-0.29448065, -0.2483362 ,  0.        , ..., -0.99766792,
         -0.80351563, -0.72230189],
        ...,
        [ 0.93332904,  0.94946473,  0.99766792, ...,  0.        ,
         -0.64873925,  0.64066446],
        [ 0.94318521,  0.9261751 ,  0.80351563, ...,  0.64873925,
          0.        ,  0.98566816],
        [ 0.48661687,  0.52793117,  0.72230189, ..., -0.64066446,
         -0.98566816,  0.        ]],

       [[ 0.        ,  0.00320406,  0.0786752 , ..., -0.88681125,
         -0.78389551, -0.78389551],
        [-0.00320406,  0.        ,  0.07548066, ..., -0.885326  ,
         -0.7819021 , -0.7819021 ],
        [-0.0786752 , -0.07548066,  0.        , ..., -0.84770409,
         -0.7326168 , -0.7326168 ],
        ...,
        [ 0.88681125,  0.885326  ,  0.84770409, ...,  0.        ,
         -0.18835165, -0.18835165],
        [ 0.78389551,  0.7819021 ,  0.7326168 , ...,  0.18835165,
          0.        ,  0.        ],
        [ 0.78389551,  0.7819021 ,  0.7326168 , ...,  0.18835165,
          0.        ,  0.        ]],

       [[ 0.        , -0.00261749, -0.05699481, ..., -0.95620602,
         -0.99117524, -0.99117524],
        [ 0.00261749,  0.        , -0.05438139, ..., -0.95543663,
         -0.99151882, -0.99151882],
        [ 0.05699481,  0.05438139,  0.        , ..., -0.93796962,
         -0.99711918, -0.99711918],
        ...,
        [ 0.95620602,  0.95543663,  0.93796962, ...,  0.        ,
         -0.41686429, -0.41686429],
        [ 0.99117524,  0.99151882,  0.99711918, ...,  0.41686429,
          0.        ,  0.        ],
        [ 0.99117524,  0.99151882,  0.99711918, ...,  0.41686429,
          0.        ,  0.        ]]]), 'num': array([7.97477100e-01, 6.01737956e-01, 2.40465778e-06, 1.01947471e-03,
       1.04327080e-03, 1.01196015e-03, 4.39722234e-02, 5.00970371e-06,
       9.73635916e-04, 9.86348039e-04, 1.06145185e-03, 6.75008779e-07,
       1.04185453e-03, 9.30841545e-04])}
{'img': array([[[ 0.        ,  0.17736849,  0.07766922, ..., -0.68922804,
         -0.99984242, -0.99970491],
        [-0.17736849,  0.        , -0.10039496, ..., -0.54978863,
         -0.98084074, -0.9881627 ],
        [-0.07766922,  0.10039496,  0.        , ..., -0.6308712 ,
         -0.99544328, -0.99857171],
        ...,
        [ 0.68922804,  0.54978863,  0.6308712 , ...,  0.        ,
          0.71219498,  0.74107326],
        [ 0.99984242,  0.98084074,  0.99544328, ..., -0.71219498,
          0.        ,  0.04203494],
        [ 0.99970491,  0.9881627 ,  0.99857171, ..., -0.74107326,
         -0.04203494,  0.        ]],

       [[ 0.        , -0.27003031, -0.70312546, ..., -0.51861502,
          0.23408099, -0.27172888],
        [ 0.27003031,  0.        , -0.48499632, ..., -0.26847138,
          0.48791339, -0.00176455],
        [ 0.70312546,  0.48499632,  0.        , ...,  0.2324084 ,
          0.85003759,  0.48345244],
        ...,
        [ 0.51861502,  0.26847138, -0.2324084 , ...,  0.        ,
          0.70434748,  0.26677119],
        [-0.23408099, -0.48791339, -0.85003759, ..., -0.70434748,
          0.        , -0.48945289],
        [ 0.27172888,  0.00176455, -0.48345244, ..., -0.26677119,
          0.48945289,  0.        ]],

       [[ 0.        ,  0.17398234,  0.32443615, ..., -0.72979799,
         -0.94213641, -0.99321124],
        [-0.17398234,  0.        ,  0.15491688, ..., -0.59972241,
         -0.86944362, -0.9578251 ],
        [-0.32443615, -0.15491688,  0.        , ..., -0.46851652,
         -0.78241335, -0.90174612],
        ...,
        [ 0.72979799,  0.59972241,  0.46851652, ...,  0.        ,
          0.39945367,  0.59412809],
        [ 0.94213641,  0.86944362,  0.78241335, ..., -0.39945367,
          0.        ,  0.2233602 ],
        [ 0.99321124,  0.9578251 ,  0.90174612, ..., -0.59412809,
         -0.2233602 ,  0.        ]],

       ...,

       [[ 0.        ,  0.2483362 ,  0.58719775, ..., -0.9261751 ,
         -0.52793117, -0.348008  ],
        [-0.2483362 ,  0.        ,  0.36778901, ..., -0.80351563,
         -0.72230189, -0.56991936],
        [-0.58719775, -0.36778901,  0.        , ..., -0.52825784,
         -0.92602997, -0.83218575],
        ...,
        [ 0.9261751 ,  0.80351563,  0.52825784, ...,  0.        ,
          0.98566816,  0.99951298],
        [ 0.52793117,  0.72230189,  0.92602997, ..., -0.98566816,
          0.        ,  0.19937229],
        [ 0.348008  ,  0.56991936,  0.83218575, ..., -0.99951298,
         -0.19937229,  0.        ]],

       [[ 0.        ,  0.07548066,  0.16695878, ..., -0.7819021 ,
         -0.7819021 , -0.91769527],
        [-0.07548066,  0.        ,  0.09206128, ..., -0.7326168 ,
         -0.7326168 , -0.88508999],
        [-0.16695878, -0.09206128,  0.        , ..., -0.66684492,
         -0.66684492, -0.83848416],
        ...,
        [ 0.7819021 ,  0.7326168 ,  0.66684492, ...,  0.        ,
          0.        ,  0.26145436],
        [ 0.7819021 ,  0.7326168 ,  0.66684492, ...,  0.        ,
          0.        ,  0.26145436],
        [ 0.91769527,  0.88508999,  0.83848416, ..., -0.26145436,
         -0.26145436,  0.        ]],

       [[ 0.        , -0.05413773, -0.1059235 , ..., -0.99998072,
         -0.99998072, -0.99094429],
        [ 0.05413773,  0.        , -0.05193499, ..., -0.99817803,
         -0.99817803, -0.99676032],
        [ 0.1059235 ,  0.05193499,  0.        , ..., -0.99369733,
         -0.99369733, -0.99959225],
        ...,
        [ 0.99998072,  0.99817803,  0.99369733, ...,  0.        ,
          0.        , -0.14042481],
        [ 0.99998072,  0.99817803,  0.99369733, ...,  0.        ,
          0.        , -0.14042481],
        [ 0.99094429,  0.99676032,  0.99959225, ...,  0.14042481,
          0.14042481,  0.        ]]]), 'num': array([7.66914300e-01, 6.40214946e-01, 1.52466130e-06, 9.97632711e-04,
       1.00363531e-03, 9.73622297e-04, 4.42683609e-02, 2.04088521e-05,
       9.52733237e-04, 9.48051206e-04, 1.01510029e-03, 7.84654060e-07,
       1.00591630e-03, 8.90186108e-04])}
{'img': array([[[ 0.        , -0.10039496,  0.23845378, ..., -0.98084074,
         -0.9881627 , -0.99984201],
        [ 0.10039496,  0.        ,  0.33474798, ..., -0.99544328,
         -0.99857171, -0.99300595],
        [-0.23845378, -0.33474798,  0.        , ..., -0.90609377,
         -0.92307692, -0.97523893],
        ...,
        [ 0.98084074,  0.99544328,  0.90609377, ...,  0.        ,
          0.04203494,  0.21221497],
        [ 0.9881627 ,  0.99857171,  0.92307692, ..., -0.04203494,
          0.        ,  0.17094989],
        [ 0.99984201,  0.99300595,  0.97523893, ..., -0.21221497,
         -0.17094989,  0.        ]],

       [[ 0.        , -0.48499632, -0.30432973, ...,  0.48791339,
         -0.00176455,  0.05464306],
        [ 0.48499632,  0.        ,  0.19585008, ...,  0.85003759,
          0.48345244,  0.53205795],
        [ 0.30432973, -0.19585008,  0.        , ...,  0.73041708,
          0.30264841,  0.35592621],
        ...,
        [-0.48791339, -0.85003759, -0.73041708, ...,  0.        ,
         -0.48945289, -0.43948693],
        [ 0.00176455, -0.48345244, -0.30264841, ...,  0.48945289,
          0.        ,  0.05640489],
        [-0.05464306, -0.53205795, -0.35592621, ...,  0.43948693,
         -0.05640489,  0.        ]],

       [[ 0.        ,  0.15491688,  0.59972241, ..., -0.86944362,
         -0.9578251 , -0.99894746],
        [-0.15491688,  0.        ,  0.46851652, ..., -0.78241335,
         -0.90174612, -0.97978176],
        [-0.59972241, -0.46851652,  0.        , ..., -0.39945367,
         -0.59412809, -0.7718571 ],
        ...,
        [ 0.86944362,  0.78241335,  0.39945367, ...,  0.        ,
          0.2233602 ,  0.45363154],
        [ 0.9578251 ,  0.90174612,  0.59412809, ..., -0.2233602 ,
          0.        ,  0.24311476],
        [ 0.99894746,  0.97978176,  0.7718571 , ..., -0.45363154,
         -0.24311476,  0.        ]],

       ...,

       [[ 0.        ,  0.36778901,  0.80351563, ..., -0.72230189,
         -0.56991936, -0.22989786],
        [-0.36778901,  0.        ,  0.52825784, ..., -0.92602997,
         -0.83218575, -0.57172185],
        [-0.80351563, -0.52825784,  0.        , ..., -0.98566816,
         -0.99951298, -0.91884771],
        ...,
        [ 0.72230189,  0.92602997,  0.98566816, ...,  0.        ,
          0.19937229,  0.54396258],
        [ 0.56991936,  0.83218575,  0.99951298, ..., -0.19937229,
          0.        ,  0.36574671],
        [ 0.22989786,  0.57172185,  0.91884771, ..., -0.54396258,
         -0.36574671,  0.        ]],

       [[ 0.        ,  0.09206128,  0.23136242, ..., -0.7326168 ,
         -0.88508999, -0.96023037],
        [-0.09206128,  0.        ,  0.14081646, ..., -0.66684492,
         -0.83848416, -0.93044826],
        [-0.23136242, -0.14081646,  0.        , ..., -0.55526435,
         -0.75339472, -0.86957858],
        ...,
        [ 0.7326168 ,  0.66684492,  0.55526435, ...,  0.        ,
          0.26145436,  0.4490193 ],
        [ 0.88508999,  0.83848416,  0.75339472, ..., -0.26145436,
          0.        ,  0.1997853 ],
        [ 0.96023037,  0.93044826,  0.86957858, ..., -0.4490193 ,
         -0.1997853 ,  0.        ]],

       [[ 0.        , -0.05097181, -0.11175519, ..., -0.97672466,
         -0.98327754, -0.99512975],
        [ 0.05097181,  0.        , -0.06095741, ..., -0.96452171,
         -0.97271673, -0.99886066],
        [ 0.11175519,  0.06095741,  0.        , ..., -0.94663508,
         -0.95676595, -0.99991215],
        ...,
        [ 0.97672466,  0.96452171,  0.94663508, ...,  0.        ,
         -0.03303544, -0.30973167],
        [ 0.98327754,  0.97271673,  0.95676595, ...,  0.03303544,
          0.        , -0.27815172],
        [ 0.99512975,  0.99886066,  0.99991215, ...,  0.30973167,
          0.27815172,  0.        ]]]), 'num': array([9.25409484e-01, 3.74785159e-01, 6.40260842e-06, 1.22089651e-03,
       1.22089651e-03, 1.18540533e-03, 5.60571792e-02, 4.11697659e-05,
       1.15587667e-03, 1.12428952e-03, 1.19813483e-03, 9.92139735e-07,
       1.20413618e-03, 1.04444286e-03])}
{'img': array([[[ 0.00000000e+00,  3.34747984e-01, -4.11402367e-01, ...,
         -9.98571710e-01, -9.93005953e-01, -9.21425812e-01],
        [-3.34747984e-01,  0.00000000e+00, -6.92774949e-01, ...,
         -9.23076923e-01, -9.75238933e-01, -9.98334412e-01],
        [ 4.11402367e-01,  6.92774949e-01,  0.00000000e+00, ...,
         -9.32132377e-01, -8.56507152e-01, -6.79984915e-01],
        ...,
        [ 9.98571710e-01,  9.23076923e-01,  9.32132377e-01, ...,
          0.00000000e+00,  1.70949885e-01,  4.37229212e-01],
        [ 9.93005953e-01,  9.75238933e-01,  8.56507152e-01, ...,
         -1.70949885e-01,  0.00000000e+00,  2.77049279e-01],
        [ 9.21425812e-01,  9.98334412e-01,  6.79984915e-01, ...,
         -4.37229212e-01, -2.77049279e-01,  0.00000000e+00]],

       [[ 0.00000000e+00,  1.95850083e-01,  5.31387088e-01, ...,
          4.83452436e-01,  5.32057949e-01,  5.99723151e-01],
        [-1.95850083e-01,  0.00000000e+00,  3.55185855e-01, ...,
          3.02648412e-01,  3.55926213e-01,  4.31388104e-01],
        [-5.31387088e-01, -3.55185855e-01,  0.00000000e+00, ...,
         -5.56140091e-02,  7.92119480e-04,  8.28229850e-02],
        ...,
        [-4.83452436e-01, -3.02648412e-01,  5.56140091e-02, ...,
          0.00000000e+00,  5.64048852e-02,  1.38117738e-01],
        [-5.32057949e-01, -3.55926213e-01, -7.92119480e-04, ...,
         -5.64048852e-02,  0.00000000e+00,  8.20335611e-02],
        [-5.99723151e-01, -4.31388104e-01, -8.28229850e-02, ...,
         -1.38117738e-01, -8.20335611e-02,  0.00000000e+00]],

       [[ 0.00000000e+00,  4.68516522e-01,  2.69837947e-01, ...,
         -9.01746116e-01, -9.79781765e-01, -9.98617853e-01],
        [-4.68516522e-01,  0.00000000e+00, -2.12747641e-01, ...,
         -5.94128087e-01, -7.71857103e-01, -9.06858145e-01],
        [-2.69837947e-01,  2.12747641e-01,  0.00000000e+00, ...,
         -7.51654734e-01, -8.89451227e-01, -9.75757120e-01],
        ...,
        [ 9.01746116e-01,  5.94128087e-01,  7.51654734e-01, ...,
          0.00000000e+00,  2.43114756e-01,  4.79062925e-01],
        [ 9.79781765e-01,  7.71857103e-01,  8.89451227e-01, ...,
         -2.43114756e-01,  0.00000000e+00,  2.51288449e-01],
        [ 9.98617853e-01,  9.06858145e-01,  9.75757120e-01, ...,
         -4.79062925e-01, -2.51288449e-01,  0.00000000e+00]],

       ...,

       [[ 0.00000000e+00,  5.28257844e-01, -2.31284957e-01, ...,
         -8.32185754e-01, -5.71721847e-01, -4.31398175e-01],
        [-5.28257844e-01,  0.00000000e+00, -7.10315045e-01, ...,
         -9.99512979e-01, -9.18847713e-01, -8.42867250e-01],
        [ 2.31284957e-01,  7.10315045e-01,  0.00000000e+00, ...,
         -6.81375108e-01, -3.66463041e-01, -2.11044852e-01],
        ...,
        [ 8.32185754e-01,  9.99512979e-01,  6.81375108e-01, ...,
          0.00000000e+00,  3.65746714e-01,  5.11557086e-01],
        [ 5.71721847e-01,  9.18847713e-01,  3.66463041e-01, ...,
         -3.65746714e-01,  0.00000000e+00,  1.61845954e-01],
        [ 4.31398175e-01,  8.42867250e-01,  2.11044852e-01, ...,
         -5.11557086e-01, -1.61845954e-01,  0.00000000e+00]],

       [[ 0.00000000e+00,  1.40816464e-01,  2.11769347e-01, ...,
         -8.38484161e-01, -9.30448264e-01, -9.88669974e-01],
        [-1.40816464e-01,  0.00000000e+00,  7.20365166e-02, ...,
         -7.53394720e-01, -8.69578584e-01, -9.57681252e-01],
        [-2.11769347e-01, -7.20365166e-02,  0.00000000e+00, ...,
         -7.04068450e-01, -8.31748173e-01, -9.34458857e-01],
        ...,
        [ 8.38484161e-01,  7.53394720e-01,  7.04068450e-01, ...,
          0.00000000e+00,  1.99785298e-01,  4.12890800e-01],
        [ 9.30448264e-01,  8.69578584e-01,  8.31748173e-01, ...,
         -1.99785298e-01,  0.00000000e+00,  2.22606236e-01],
        [ 9.88669974e-01,  9.57681252e-01,  9.34458857e-01, ...,
         -4.12890800e-01, -2.22606236e-01,  0.00000000e+00]],

       [[ 0.00000000e+00, -5.73504980e-02, -6.33975912e-02, ...,
         -8.92332685e-01, -9.22535960e-01, -9.94288597e-01],
        [ 5.73504980e-02,  0.00000000e+00, -6.05811664e-03, ...,
         -8.64977229e-01, -8.98885368e-01, -9.98772824e-01],
        [ 6.33975912e-02,  6.05811664e-03,  0.00000000e+00, ...,
         -8.61921326e-01, -8.96214304e-01, -9.99054532e-01],
        ...,
        [ 8.92332685e-01,  8.64977229e-01,  8.61921326e-01, ...,
          0.00000000e+00, -7.20516057e-02, -5.44034348e-01],
        [ 9.22535960e-01,  8.98885368e-01,  8.96214304e-01, ...,
          7.20516057e-02,  0.00000000e+00, -4.82164519e-01],
        [ 9.94288597e-01,  9.98772824e-01,  9.99054532e-01, ...,
          5.44034348e-01,  4.82164519e-01,  0.00000000e+00]]]), 'num': array([8.32117564e-01, 5.53176958e-01, 3.22474690e-06, 1.10253204e-03,
       1.11145427e-03, 1.08341299e-03, 3.95804032e-02, 6.37301758e-06,
       1.06556854e-03, 1.01286368e-03, 1.07387471e-03, 9.37639369e-07,
       1.09476537e-03, 9.30962003e-04])}
{'img': array([[[ 0.00000000e+00, -6.92774949e-01, -8.87120200e-01, ...,
         -9.75238933e-01, -9.98334412e-01, -9.94390703e-01],
        [ 6.92774949e-01,  0.00000000e+00, -3.20007860e-01, ...,
         -8.56507152e-01, -6.79984915e-01, -6.43834406e-01],
        [ 8.87120200e-01,  3.20007860e-01,  0.00000000e+00, ...,
         -6.46300321e-01, -4.09589717e-01, -3.65119534e-01],
        ...,
        [ 9.75238933e-01,  8.56507152e-01,  6.46300321e-01, ...,
          0.00000000e+00,  2.77049279e-01,  3.23063600e-01],
        [ 9.98334412e-01,  6.79984915e-01,  4.09589717e-01, ...,
         -2.77049279e-01,  0.00000000e+00,  4.82243684e-02],
        [ 9.94390703e-01,  6.43834406e-01,  3.65119534e-01, ...,
         -3.23063600e-01, -4.82243684e-02,  0.00000000e+00]],

       [[ 0.00000000e+00,  3.55185855e-01,  5.89918617e-01, ...,
          3.55926213e-01,  4.31388104e-01,  1.72529459e-01],
        [-3.55185855e-01,  0.00000000e+00,  2.64654057e-01, ...,
          7.92119480e-04,  8.28229850e-02, -1.88579818e-01],
        [-5.89918617e-01, -2.64654057e-01,  0.00000000e+00, ...,
         -2.63890099e-01, -1.83874978e-01, -4.41761305e-01],
        ...,
        [-3.55926213e-01, -7.92119480e-04,  2.63890099e-01, ...,
          0.00000000e+00,  8.20335611e-02, -1.89357666e-01],
        [-4.31388104e-01, -8.28229850e-02,  1.83874978e-01, ...,
         -8.20335611e-02,  0.00000000e+00, -2.69268873e-01],
        [-1.72529459e-01,  1.88579818e-01,  4.41761305e-01, ...,
          1.89357666e-01,  2.69268873e-01,  0.00000000e+00]],

       [[ 0.00000000e+00, -2.12747641e-01, -4.76282341e-01, ...,
         -7.71857103e-01, -9.06858145e-01, -9.80884872e-01],
        [ 2.12747641e-01,  0.00000000e+00, -2.78311511e-01, ...,
         -8.89451227e-01, -9.75757120e-01, -9.99827996e-01],
        [ 4.76282341e-01,  2.78311511e-01,  0.00000000e+00, ...,
         -9.81506517e-01, -9.98116005e-01, -9.55163907e-01],
        ...,
        [ 7.71857103e-01,  8.89451227e-01,  9.81506517e-01, ...,
          0.00000000e+00,  2.51288449e-01,  4.73447845e-01],
        [ 9.06858145e-01,  9.75757120e-01,  9.98116005e-01, ...,
         -2.51288449e-01,  0.00000000e+00,  2.36915609e-01],
        [ 9.80884872e-01,  9.99827996e-01,  9.55163907e-01, ...,
         -4.73447845e-01, -2.36915609e-01,  0.00000000e+00]],

       ...,

       [[ 0.00000000e+00, -7.10315045e-01, -8.58883072e-01, ...,
         -9.18847713e-01, -8.42867250e-01, -7.55903140e-01],
        [ 7.10315045e-01,  0.00000000e+00, -2.40750683e-01, ...,
         -3.66463041e-01, -2.11044852e-01, -6.70365278e-02],
        [ 8.58883072e-01,  2.40750683e-01,  0.00000000e+00, ...,
         -1.31681974e-01,  3.04907181e-02,  1.75144338e-01],
        ...,
        [ 9.18847713e-01,  3.66463041e-01,  1.31681974e-01, ...,
          0.00000000e+00,  1.61845954e-01,  3.03265719e-01],
        [ 8.42867250e-01,  2.11044852e-01, -3.04907181e-02, ...,
         -1.61845954e-01,  0.00000000e+00,  1.45043489e-01],
        [ 7.55903140e-01,  6.70365278e-02, -1.75144338e-01, ...,
         -3.03265719e-01, -1.45043489e-01,  0.00000000e+00]],

       [[ 0.00000000e+00,  7.20365166e-02,  1.04683455e-01, ...,
         -8.69578584e-01, -9.57681252e-01, -9.93871258e-01],
        [-7.20365166e-02,  0.00000000e+00,  3.27707681e-02, ...,
         -8.31748173e-01, -9.34458857e-01, -9.83325988e-01],
        [-1.04683455e-01, -3.27707681e-02,  0.00000000e+00, ...,
         -8.13108642e-01, -9.22288230e-01, -9.76838421e-01],
        ...,
        [ 8.69578584e-01,  8.31748173e-01,  8.13108642e-01, ...,
          0.00000000e+00,  2.22606236e-01,  3.94641751e-01],
        [ 9.57681252e-01,  9.34458857e-01,  9.22288230e-01, ...,
         -2.22606236e-01,  0.00000000e+00,  1.80201156e-01],
        [ 9.93871258e-01,  9.83325988e-01,  9.76838421e-01, ...,
         -3.94641751e-01, -1.80201156e-01,  0.00000000e+00]],

       [[ 0.00000000e+00, -5.75381066e-03,  1.21061327e-02, ...,
         -8.34853926e-01, -9.33343838e-01, -9.94924829e-01],
        [ 5.75381066e-03,  0.00000000e+00,  1.78593213e-02, ...,
         -8.31672797e-01, -9.31262864e-01, -9.95487314e-01],
        [-1.21061327e-02, -1.78593213e-02,  0.00000000e+00, ...,
         -8.41456827e-01, -9.37621345e-01, -9.93633788e-01],
        ...,
        [ 8.34853926e-01,  8.31672797e-01,  8.41456827e-01, ...,
          0.00000000e+00, -2.14080293e-01, -6.31681638e-01],
        [ 9.33343838e-01,  9.31262864e-01,  9.37621345e-01, ...,
          2.14080293e-01,  0.00000000e+00, -4.51075756e-01],
        [ 9.94924829e-01,  9.95487314e-01,  9.93633788e-01, ...,
          6.31681638e-01,  4.51075756e-01,  0.00000000e+00]]]), 'num': array([8.90014288e-01, 4.53995937e-01, 4.99448282e-06, 1.18483247e-03,
       1.19976163e-03, 1.17397490e-03, 4.18554083e-02, 1.08575714e-05,
       1.15171688e-03, 1.08188913e-03, 1.14153791e-03, 1.03116599e-06,
       1.17948382e-03, 9.84294434e-04])}
{'img': array([[[ 0.        , -0.43718867, -0.40027995, ..., -0.80863629,
         -0.77576488, -0.71752259],
        [ 0.43718867,  0.        ,  0.04063689, ..., -0.47006109,
         -0.42182382, -0.34080085],
        [ 0.40027995, -0.04063689,  0.        , ..., -0.50554031,
         -0.45831996, -0.37872353],
        ...,
        [ 0.80863629,  0.47006109,  0.50554031, ...,  0.        ,
          0.05387797,  0.14111875],
        [ 0.77576488,  0.42182382,  0.45831996, ..., -0.05387797,
          0.        ,  0.08757498],
        [ 0.71752259,  0.34080085,  0.37872353, ..., -0.14111875,
         -0.08757498,  0.        ]],

       [[ 0.        ,  0.26465406, -0.50424732, ...,  0.08282299,
         -0.18857982, -0.19571537],
        [-0.26465406,  0.        , -0.71481205, ..., -0.18387498,
         -0.4417613 , -0.44827268],
        [ 0.50424732,  0.71481205,  0.        , ...,  0.57403742,
          0.33235019,  0.32548372],
        ...,
        [-0.08282299,  0.18387498, -0.57403742, ...,  0.        ,
         -0.26926887, -0.2762642 ],
        [ 0.18857982,  0.4417613 , -0.33235019, ...,  0.26926887,
          0.        , -0.007271  ],
        [ 0.19571537,  0.44827268, -0.32548372, ...,  0.2762642 ,
          0.007271  ,  0.        ]],

       [[ 0.        , -0.43370976, -0.60557338, ..., -0.9099414 ,
         -0.98268894, -0.998614  ],
        [ 0.43370976,  0.        , -0.20051182, ..., -0.99978051,
         -0.9658049 , -0.9226306 ],
        [ 0.60557338,  0.20051182,  0.        , ..., -0.97527538,
         -0.89420395, -0.82655879],
        ...,
        [ 0.9099414 ,  0.99978051,  0.97527538, ...,  0.        ,
          0.23897869,  0.36627036],
        [ 0.98268894,  0.9658049 ,  0.89420395, ..., -0.23897869,
          0.        ,  0.13328591],
        [ 0.998614  ,  0.9226306 ,  0.82655879, ..., -0.36627036,
         -0.13328591,  0.        ]],

       ...,

       [[ 0.        , -0.45764566, -0.37466281, ..., -0.41599507,
         -0.17084887,  0.24934615],
        [ 0.45764566,  0.        ,  0.09118558, ...,  0.04629217,
          0.29900936,  0.66489297],
        [ 0.37466281, -0.09118558,  0.        , ..., -0.04498852,
          0.2107498 ,  0.59401293],
        ...,
        [ 0.41599507, -0.04629217,  0.04498852, ...,  0.        ,
          0.2545145 ,  0.62960276],
        [ 0.17084887, -0.29900936, -0.2107498 , ..., -0.2545145 ,
          0.        ,  0.41113258],
        [-0.24934615, -0.66489297, -0.59401293, ..., -0.62960276,
         -0.41113258,  0.        ]],

       [[ 0.        ,  0.03277077,  0.07306769, ..., -0.93445886,
         -0.98332599, -0.99942512],
        [-0.03277077,  0.        ,  0.04034528, ..., -0.92228823,
         -0.97683842, -0.99777728],
        [-0.07306769, -0.04034528,  0.        , ..., -0.90594374,
         -0.96741006, -0.9942764 ],
        ...,
        [ 0.93445886,  0.92228823,  0.90594374, ...,  0.        ,
          0.18020116,  0.32418512],
        [ 0.98332599,  0.97683842,  0.96741006, ..., -0.18020116,
          0.        ,  0.14840899],
        [ 0.99942512,  0.99777728,  0.9942764 , ..., -0.32418512,
         -0.14840899,  0.        ]],

       [[ 0.        ,  0.01707123,  0.036219  , ..., -0.87495722,
         -0.95270859, -0.99018743],
        [-0.01707123,  0.        ,  0.0191537 , ..., -0.88309561,
         -0.95775745, -0.98765751],
        [-0.036219  , -0.0191537 ,  0.        , ..., -0.89192039,
         -0.96308992, -0.9844763 ],
        ...,
        [ 0.87495722,  0.88309561,  0.89192039, ...,  0.        ,
         -0.19541499, -0.60172046],
        [ 0.95270859,  0.95775745,  0.96308992, ...,  0.19541499,
          0.        , -0.43404041],
        [ 0.99018743,  0.98765751,  0.9844763 , ...,  0.60172046,
          0.43404041,  0.        ]]]), 'num': array([ 8.35846480e-01,  5.47556301e-01,  3.32131542e-06,  1.10880838e-03,
        1.12541496e-03,  1.09603409e-03,  3.91606337e-02, -6.38714504e-06,
        1.09782249e-03,  1.02149611e-03,  1.07314682e-03,  9.20937192e-07,
        1.12096272e-03,  9.22029492e-04])}
{'img': array([[[ 0.        ,  0.04063689,  0.23478449, ..., -0.42182382,
         -0.34080085, -0.39200617],
        [-0.04063689,  0.        ,  0.19508957, ..., -0.45831996,
         -0.37872353, -0.42906678],
        [-0.23478449, -0.19508957,  0.        , ..., -0.62290666,
         -0.55200384, -0.59704154],
        ...,
        [ 0.42182382,  0.45831996,  0.62290666, ...,  0.        ,
          0.08757498,  0.03263884],
        [ 0.34080085,  0.37872353,  0.55200384, ..., -0.08757498,
          0.        , -0.05501488],
        [ 0.39200617,  0.42906678,  0.59704154, ..., -0.03263884,
          0.05501488,  0.        ]],

       [[ 0.        , -0.71481205, -0.72713694, ..., -0.4417613 ,
         -0.44827268, -0.45387718],
        [ 0.71481205,  0.        , -0.01778588, ...,  0.33235019,
          0.32548372,  0.31953961],
        [ 0.72713694,  0.01778588,  0.        , ...,  0.34907248,
          0.34224963,  0.33634248],
        ...,
        [ 0.4417613 , -0.33235019, -0.34907248, ...,  0.        ,
         -0.007271  , -0.01355032],
        [ 0.44827268, -0.32548372, -0.34224963, ...,  0.007271  ,
          0.        , -0.00627964],
        [ 0.45387718, -0.31953961, -0.33634248, ...,  0.01355032,
          0.00627964,  0.        ]],

       [[ 0.        , -0.4574059 , -0.58093005, ..., -0.98974332,
         -0.99999448, -0.99321658],
        [ 0.4574059 ,  0.        , -0.14428958, ..., -0.94548089,
         -0.89077274, -0.83003909],
        [ 0.58093005,  0.14428958,  0.        , ..., -0.88859503,
         -0.815879  , -0.7408821 ],
        ...,
        [ 0.98974332,  0.94548089,  0.88859503, ...,  0.        ,
          0.13956817,  0.25697452],
        [ 0.99999448,  0.89077274,  0.815879  , ..., -0.13956817,
          0.        ,  0.11957815],
        [ 0.99321658,  0.83003909,  0.7408821 , ..., -0.25697452,
         -0.11957815,  0.        ]],

       ...,

       [[ 0.        ,  0.09118558,  0.01474832, ...,  0.29900936,
          0.66489297,  0.18630147],
        [-0.09118558,  0.        , -0.07648879, ...,  0.2107498 ,
          0.59401293,  0.09593616],
        [-0.01474832,  0.07648879,  0.        , ...,  0.28490326,
          0.65380456,  0.17179109],
        ...,
        [-0.29900936, -0.2107498 , -0.28490326, ...,  0.        ,
          0.41113258, -0.11599629],
        [-0.66489297, -0.59401293, -0.65380456, ..., -0.41113258,
          0.        , -0.51409667],
        [-0.18630147, -0.09593616, -0.17179109, ...,  0.11599629,
          0.51409667,  0.        ]],

       [[ 0.        ,  0.04034528,  0.12816854, ..., -0.97683842,
         -0.99777728, -0.9988717 ],
        [-0.04034528,  0.        ,  0.08805166, ..., -0.96741006,
         -0.9942764 , -0.99997443],
        [-0.12816854, -0.08805166,  0.        , ..., -0.94135657,
         -0.98100723, -0.99672016],
        ...,
        [ 0.97683842,  0.96741006,  0.94135657, ...,  0.        ,
          0.14840899,  0.26012709],
        [ 0.99777728,  0.9942764 ,  0.98100723, ..., -0.14840899,
          0.        ,  0.11394654],
        [ 0.9988717 ,  0.99997443,  0.99672016, ..., -0.26012709,
         -0.11394654,  0.        ]],

       [[ 0.        ,  0.01863013,  0.07436258, ..., -0.92522558,
         -0.98458003, -0.9829718 ],
        [-0.01863013,  0.        ,  0.05577112, ..., -0.9321336 ,
         -0.98766821, -0.97937779],
        [-0.07436258, -0.05577112,  0.        , ..., -0.95087834,
         -0.99486259, -0.96658562],
        ...,
        [ 0.92522558,  0.9321336 ,  0.95087834, ...,  0.        ,
         -0.2117128 , -0.54297287],
        [ 0.98458003,  0.98766821,  0.99486259, ...,  0.2117128 ,
          0.        , -0.35287884],
        [ 0.9829718 ,  0.97937779,  0.96658562, ...,  0.54297287,
          0.35287884,  0.        ]]]), 'num': array([ 7.54199962e-01,  6.56208380e-01,  1.14342570e-06,  9.89813961e-04,
        1.01060352e-03,  9.86349035e-04,  2.37796741e-02, -1.27047300e-05,
        9.98591774e-04,  9.26752301e-04,  9.69409395e-04,  8.47437609e-07,
        1.02121602e-03,  8.32288583e-04])}
{'img': array([[[ 0.        ,  0.19508957,  0.55138976, ..., -0.37872353,
         -0.42906678, -0.53297256],
        [-0.19508957,  0.        ,  0.378042  , ..., -0.55200384,
         -0.59704154, -0.68780335],
        [-0.55138976, -0.378042  ,  0.        , ..., -0.82626591,
         -0.85600336, -0.91117997],
        ...,
        [ 0.37872353,  0.55200384,  0.82626591, ...,  0.        ,
         -0.05501488, -0.17282105],
        [ 0.42906678,  0.59704154,  0.85600336, ...,  0.05501488,
          0.        , -0.11837224],
        [ 0.53297256,  0.68780335,  0.91117997, ...,  0.17282105,
          0.11837224,  0.        ]],

       [[ 0.        , -0.01778588,  0.17848305, ...,  0.32548372,
          0.31953961, -0.06611422],
        [ 0.01778588,  0.        ,  0.1959551 , ...,  0.34224963,
          0.33634248, -0.04835679],
        [-0.17848305, -0.1959551 ,  0.        , ...,  0.1514932 ,
          0.14528305, -0.24314516],
        ...,
        [-0.32548372, -0.34224963, -0.1514932 , ...,  0.        ,
         -0.00627964, -0.38728572],
        [-0.31953961, -0.33634248, -0.14528305, ...,  0.00627964,
          0.        , -0.38148851],
        [ 0.06611422,  0.04835679,  0.24314516, ...,  0.38728572,
          0.38148851,  0.        ]],

       [[ 0.        , -0.39125723, -0.49943034, ..., -0.99848086,
         -0.98335187, -0.97010817],
        [ 0.39125723,  0.        , -0.12064915, ..., -0.89732519,
         -0.83386441, -0.79782493],
        [ 0.49943034,  0.12064915,  0.        , ..., -0.8375195 ,
         -0.76117858, -0.71925891],
        ...,
        [ 0.99848086,  0.89732519,  0.8375195 , ...,  0.        ,
          0.12725322,  0.18885165],
        [ 0.98335187,  0.83386441,  0.76117858, ..., -0.12725322,
          0.        ,  0.06235295],
        [ 0.97010817,  0.79782493,  0.71925891, ..., -0.18885165,
         -0.06235295,  0.        ]],

       ...,

       [[ 0.        , -0.07648879, -0.18302969, ...,  0.59401293,
          0.09593616,  0.19443831],
        [ 0.07648879,  0.        , -0.1072968 , ...,  0.65380456,
          0.17179109,  0.26889767],
        [ 0.18302969,  0.1072968 ,  0.        , ...,  0.73121774,
          0.276501  ,  0.37069026],
        ...,
        [-0.59401293, -0.65380456, -0.73121774, ...,  0.        ,
         -0.51409667, -0.42625908],
        [-0.09593616, -0.17179109, -0.276501  , ...,  0.51409667,
          0.        ,  0.09943627],
        [-0.19443831, -0.26889767, -0.37069026, ...,  0.42625908,
         -0.09943627,  0.        ]],

       [[ 0.        ,  0.08805166,  0.23039495, ..., -0.9942764 ,
         -0.99997443, -0.99567161],
        [-0.08805166,  0.        ,  0.14381725, ..., -0.98100723,
         -0.99672016, -0.99998795],
        [-0.23039495, -0.14381725,  0.        , ..., -0.94291254,
         -0.97472005, -0.99029842],
        ...,
        [ 0.9942764 ,  0.98100723,  0.94291254, ...,  0.        ,
          0.11394654,  0.19878514],
        [ 0.99997443,  0.99672016,  0.97472005, ..., -0.11394654,
          0.        ,  0.08581792],
