state_0,state_1,state_2,state_3,state_4,state_5,state_6,state_7,state_8,state_9,state_10,state_11,state_12,state_13,state_14,state_15,state_16,state_17,state_18,state_19,state_20,state_21,state_22,state_23,state_24,state_25,state_26,state_27,state_28,state_29,state_30,state_31,state_32,state_33,state_34,state_35,state_36,state_37,state_38,state_39,state_40,state_41,state_42,state_43,state_44,state_45,state_46,state_47,state_48,state_49,state_50,state_51,state_52,state_53,state_54,state_55,state_56,state_57,state_58,state_59,state_60,state_61,state_62,state_63,state_64,state_65,state_66,state_67,state_68,state_69,state_70,state_71,state_72,state_73,state_74,state_75,state_76,state_77,state_78,state_79,state_80,state_81,state_82,state_83,state_84,state_85,state_86,state_87,state_88,state_89,state_90,state_91,state_92,state_93,state_94,state_95,state_96,state_97,state_98,state_99,state_100,state_101,state_102,state_103,state_104,state_105,state_106,state_107,state_108,state_109,state_110,state_111,state_112,state_113,state_114,state_115,state_116,state_117,state_118,state_119,state_120,state_121,state_122,state_123,state_124,state_125,state_126,state_127,state_128,state_129,state_130,state_131,state_132,state_133,state_134,state_135,state_136,state_137,state_138,state_139,state_140,state_141,state_142,state_143,state_144,state_145,state_146,state_147,state_148,state_149,state_150,state_151,state_152,state_153,state_154,state_155,state_156,state_157,state_158,state_159,state_160,state_161,state_162,state_163,state_164,state_165,state_166,state_167,state_168,state_169,state_170,state_171,state_172,state_173,state_174,state_175,state_176,state_177,state_178,state_179,state_180,state_181,state_182,state_183,state_184,state_185,state_186,state_187,state_188,state_189,state_190,state_191,state_192,state_193,state_194,state_195,state_196,state_197,state_198,state_199,state_200,state_201,state_202,state_203,state_204,state_205,state_206,state_207,state_208,state_209,state_210,state_211,state_212,state_213,state_214,state_215,state_216,state_217,state_218,state_219,state_220,state_221,state_222,state_223,state_224,state_225,state_226,state_227,state_228,state_229,state_230,state_231,state_232,state_233,state_234,state_235,state_236,state_237,state_238,state_239,state_240,state_241,state_242,state_243,state_244,state_245,state_246,state_247,state_248,state_249,state_250,state_251,state_252,state_253,state_254,state_255,state_256,state_257,state_258,state_259,state_260,state_261,state_262,state_263,state_264,state_265,state_266,state_267,state_268,state_269,state_270,state_271,state_272,state_273,state_274,state_275,state_276,state_277,state_278,state_279,state_280,state_281,state_282,state_283,state_284,state_285,state_286,state_287
{'img': array([[[ 0.        ,  0.01208791,  0.14819027, ...,  0.56303247,
          0.53228197,  0.66363636],
        [-0.01208791,  0.        ,  0.136225  , ...,  0.55300147,
          0.52200986,  0.65454545],
        [-0.14819027, -0.136225  ,  0.        , ...,  0.43434636,
          0.40095197,  0.54545455],
        ...,
        [-0.56303247, -0.55300147, -0.43434636, ...,  0.        ,
         -0.03674845,  0.12727273],
        [-0.53228197, -0.52200986, -0.40095197, ...,  0.03674845,
          0.        ,  0.16363636],
        [-0.66363636, -0.65454545, -0.54545455, ..., -0.12727273,
         -0.16363636,  0.        ]],

       [[ 0.        , -0.17191071, -0.29224777, ..., -0.30191976,
         -0.65579049, -0.46801414],
        [ 0.17191071,  0.        , -0.1234914 , ..., -0.13353673,
         -0.51624466, -0.3091255 ],
        [ 0.29224777,  0.1234914 ,  0.        , ..., -0.0101292 ,
         -0.40653002, -0.1893164 ],
        ...,
        [ 0.30191976,  0.13353673,  0.0101292 , ...,  0.        ,
         -0.39725475, -0.17936066],
        [ 0.65579049,  0.51624466,  0.40653002, ...,  0.39725475,
          0.        ,  0.22621184],
        [ 0.46801414,  0.3091255 ,  0.1893164 , ...,  0.17936066,
         -0.22621184,  0.        ]],

       [[ 0.        ,  0.45049492,  0.67062747, ...,  0.9606102 ,
          0.97527232,  0.99219116],
        [-0.45049492,  0.        ,  0.26454755, ...,  0.73242037,
          0.77114031,  0.82961878],
        [-0.67062747, -0.26454755,  0.        , ...,  0.52620825,
          0.57523839,  0.65235676],
        ...,
        [-0.9606102 , -0.73242037, -0.52620825, ...,  0.        ,
          0.05872638,  0.15591575],
        [-0.97527232, -0.77114031, -0.57523839, ..., -0.05872638,
          0.        ,  0.09763848],
        [-0.99219116, -0.82961878, -0.65235676, ..., -0.15591575,
         -0.09763848,  0.        ]],

       ...,

       [[ 0.        , -0.0077667 , -0.2758681 , ..., -0.61380827,
         -0.92464623, -0.94494538],
        [ 0.0077667 ,  0.        , -0.26839446, ..., -0.61992122,
         -0.92166057, -0.94237539],
        [ 0.2758681 ,  0.26839446,  0.        , ..., -0.80777523,
         -0.78370773, -0.81800544],
        ...,
        [ 0.61380827,  0.61992122,  0.80777523, ...,  0.        ,
          0.96372159,  0.9468473 ],
        [ 0.92464623,  0.92166057,  0.78370773, ..., -0.96372159,
          0.        , -0.05729064],
        [ 0.94494538,  0.94237539,  0.81800544, ..., -0.9468473 ,
          0.05729064,  0.        ]],

       [[ 0.        ,  0.47714861,  0.65658579, ...,  0.12242827,
          0.53425309,  0.70627277],
        [-0.47714861,  0.        ,  0.21713246, ...,  0.58115193,
          0.87285915,  0.95848098],
        [-0.65658579, -0.21713246,  0.        , ...,  0.74398822,
          0.95798922,  0.99753041],
        ...,
        [-0.12242827, -0.58115193, -0.74398822, ...,  0.        ,
         -0.42674247, -0.61428789],
        [-0.53425309, -0.87285915, -0.95798922, ...,  0.42674247,
          0.        , -0.2188107 ],
        [-0.70627277, -0.95848098, -0.99753041, ...,  0.61428789,
          0.2188107 ,  0.        ]],

       [[ 0.        ,  0.16039814,  0.29833154, ...,  0.84299126,
          0.81448018,  0.76529576],
        [-0.16039814,  0.        ,  0.14137489, ...,  0.91835908,
          0.89699624,  0.8586319 ],
        [-0.29833154, -0.14137489,  0.        , ...,  0.96508405,
          0.95048002,  0.92247564],
        ...,
        [-0.84299126, -0.91835908, -0.96508405, ...,  0.        ,
          0.05096516,  0.13094216],
        [-0.81448018, -0.89699624, -0.95048002, ..., -0.05096516,
          0.        ,  0.08024563],
        [-0.76529576, -0.8586319 , -0.92247564, ..., -0.13094216,
         -0.08024563,  0.        ]]]), 'num': array([7.10863581e-01, 7.03315741e-01, 1.30811791e-07, 5.03189355e-04,
       5.04061434e-04, 4.70050368e-04, 4.25979004e-03, 3.57552228e-05,
       4.67434132e-04, 4.60370295e-04, 4.51540500e-04, 5.88146036e-07,
       5.04703808e-04, 4.16036783e-04])}
{'img': array([[[ 0.        ,  0.136225  ,  0.04713627, ...,  0.52200986,
          0.65454545,  0.99987203],
        [-0.136225  ,  0.        , -0.08937672, ...,  0.40095197,
          0.54545455,  0.98837183],
        [-0.04713627,  0.08937672,  0.        , ...,  0.48122524,
          0.61818182,  0.99800655],
        ...,
        [-0.52200986, -0.40095197, -0.48122524, ...,  0.        ,
          0.16363636,  0.84447923],
        [-0.65454545, -0.54545455, -0.61818182, ..., -0.16363636,
          0.        ,  0.74545455],
        [-0.99987203, -0.98837183, -0.99800655, ..., -0.84447923,
         -0.74545455,  0.        ]],

       [[ 0.        , -0.1234914 , -0.38900187, ..., -0.51624466,
         -0.3091255 ,  0.93202707],
        [ 0.1234914 ,  0.        , -0.27225947, ..., -0.40653002,
         -0.1893164 ,  0.96964489],
        [ 0.38900187,  0.27225947,  0.        , ..., -0.14242644,
          0.08517121,  0.99958766],
        ...,
        [ 0.51624466,  0.40653002,  0.14242644, ...,  0.        ,
          0.22621184,  0.98530755],
        [ 0.3091255 ,  0.1893164 , -0.08517121, ..., -0.22621184,
          0.        ,  0.99840113],
        [-0.93202707, -0.96964489, -0.99958766, ..., -0.98530755,
         -0.99840113,  0.        ]],

       [[ 0.        ,  0.46563587,  0.55910587, ...,  0.92589635,
          0.96025628,  0.9996182 ],
        [-0.46563587,  0.        ,  0.10873854, ...,  0.64348959,
          0.71983596,  0.89750433],
        [-0.55910587, -0.10873854,  0.        , ...,  0.55643951,
          0.64008738,  0.84422816],
        ...,
        [-0.92589635, -0.64348959, -0.55643951, ...,  0.        ,
          0.10432735,  0.4032165 ],
        [-0.96025628, -0.71983596, -0.64008738, ..., -0.10432735,
          0.        ,  0.30554572],
        [-0.9996182 , -0.89750433, -0.84422816, ..., -0.4032165 ,
         -0.30554572,  0.        ]],

       ...,

       [[ 0.        , -0.26839446, -0.37657582, ..., -0.92166057,
         -0.94237539, -0.63243281],
        [ 0.26839446,  0.        , -0.11412209, ..., -0.78370773,
         -0.81800544, -0.40132584],
        [ 0.37657582,  0.11412209,  0.        , ..., -0.70770293,
         -0.74701697, -0.29417541],
        ...,
        [ 0.92166057,  0.78370773,  0.70770293, ...,  0.        ,
         -0.05729064,  0.46855018],
        [ 0.94237539,  0.81800544,  0.74701697, ...,  0.05729064,
          0.        ,  0.51839328],
        [ 0.63243281,  0.40132584,  0.29417541, ..., -0.46855018,
         -0.51839328,  0.        ]],

       [[ 0.        ,  0.49762143,  0.60594476, ...,  0.54972064,
          0.72466344,  0.71932231],
        [-0.49762143,  0.        ,  0.12973185, ...,  0.89251191,
          0.97148136,  0.96962199],
        [-0.60594476, -0.12973185,  0.        , ...,  0.94348155,
          0.99403297,  0.99316131],
        ...,
        [-0.54972064, -0.89251191, -0.94348155, ...,  0.        ,
         -0.22653244, -0.21900686],
        [-0.72466344, -0.97148136, -0.99403297, ...,  0.22653244,
          0.        ,  0.00771951],
        [-0.71932231, -0.96962199, -0.99316131, ...,  0.21900686,
         -0.00771951,  0.        ]],

       [[ 0.        ,  0.25402539,  0.5232191 , ...,  0.81642187,
          0.76724258,  0.77060118],
        [-0.25402539,  0.        ,  0.28957625, ...,  0.9363297 ,
          0.90499611,  0.90721845],
        [-0.5232191 , -0.28957625,  0.        , ...,  0.99788921,
          0.98941299,  0.99016172],
        ...,
        [-0.81642187, -0.9363297 , -0.99788921, ...,  0.        ,
          0.08056914,  0.07533189],
        [-0.76724258, -0.90499611, -0.98941299, ..., -0.08056914,
          0.        , -0.00525322],
        [-0.77060118, -0.90721845, -0.99016172, ..., -0.07533189,
          0.00525322,  0.        ]]]), 'num': array([7.07061800e-01, 7.07061800e-01, 0.00000000e+00, 1.57124844e-03,
       1.59021179e-03, 1.52519461e-03, 1.04646230e-02, 8.12714713e-06,
       1.48943516e-03, 1.43200332e-03, 1.40628993e-03, 2.01499516e-06,
       1.57624486e-03, 1.28776179e-03])}
{'img': array([[[ 0.        , -0.08937672, -0.22237965, ...,  0.54545455,
          0.98837183,  0.99778505],
        [ 0.08937672,  0.        , -0.13435093, ...,  0.61818182,
          0.99800655,  0.9997372 ],
        [ 0.22237965,  0.13435093,  0.        , ...,  0.71818182,
          0.99743738,  0.98759349],
        ...,
        [-0.54545455, -0.61818182, -0.71818182, ...,  0.        ,
          0.74545455,  0.8       ],
        [-0.98837183, -0.99800655, -0.99743738, ..., -0.74545455,
          0.        ,  0.08597244],
        [-0.99778505, -0.9997372 , -0.98759349, ..., -0.8       ,
         -0.08597244,  0.        ]],

       [[ 0.        , -0.27225947,  0.06310547, ..., -0.1893164 ,
          0.96964489,  0.76499866],
        [ 0.27225947,  0.        ,  0.33243841, ...,  0.08517121,
          0.99958766,  0.91144375],
        [-0.06310547, -0.33243841,  0.        , ..., -0.25090334,
          0.95228186,  0.72283198],
        ...,
        [ 0.1893164 , -0.08517121,  0.25090334, ...,  0.        ,
          0.99840113,  0.87309032],
        [-0.96964489, -0.99958766, -0.95228186, ..., -0.99840113,
          0.        , -0.43742667],
        [-0.76499866, -0.91144375, -0.72283198, ..., -0.87309032,
          0.43742667,  0.        ]],

       [[ 0.        ,  0.10873854,  0.22877302, ...,  0.71983596,
          0.89750433,  0.99245773],
        [-0.10873854,  0.        ,  0.12156171, ...,  0.64008738,
          0.84422816,  0.97324287],
        [-0.22877302, -0.12156171,  0.        , ...,  0.54194429,
          0.77281213,  0.93809287],
        ...,
        [-0.71983596, -0.64008738, -0.54194429, ...,  0.        ,
          0.30554572,  0.60066602],
        [-0.89750433, -0.84422816, -0.77281213, ..., -0.30554572,
          0.        ,  0.3276568 ],
        [-0.99245773, -0.97324287, -0.93809287, ..., -0.60066602,
         -0.3276568 ,  0.        ]],

       ...,

       [[ 0.        , -0.11412209, -0.29587912, ..., -0.81800544,
         -0.40132584, -0.10213732],
        [ 0.11412209,  0.        , -0.18493374, ..., -0.74701697,
         -0.29417541,  0.01205524],
        [ 0.29587912,  0.18493374,  0.        , ..., -0.6111868 ,
         -0.11235049,  0.1967676 ],
        ...,
        [ 0.81800544,  0.74701697,  0.6111868 , ...,  0.        ,
          0.51839328,  0.75497707],
        [ 0.40132584,  0.29417541,  0.11235049, ..., -0.51839328,
          0.        ,  0.30567584],
        [ 0.10213732, -0.01205524, -0.1967676 , ..., -0.75497707,
         -0.30567584,  0.        ]],

       [[ 0.        ,  0.16094395,  0.21195874, ...,  0.93861958,
          0.93588116,  0.89291654],
        [-0.16094395,  0.        ,  0.05190847, ...,  0.98190157,
          0.9803837 ,  0.95373662],
        [-0.21195874, -0.05190847,  0.        , ...,  0.99040886,
          0.98929307,  0.96805677],
        ...,
        [-0.93861958, -0.98190157, -0.99040886, ...,  0.        ,
          0.00785454,  0.11457223],
        [-0.93588116, -0.9803837 , -0.98929307, ..., -0.00785454,
          0.        ,  0.10676587],
        [-0.89291654, -0.95373662, -0.96805677, ..., -0.11457223,
         -0.10676587,  0.        ]],

       [[ 0.        ,  0.46921668,  0.68238165, ...,  0.77220229,
          0.7755631 ,  0.8133583 ],
        [-0.46921668,  0.        ,  0.25960412, ...,  0.98004814,
          0.98108908,  0.99123588],
        [-0.68238165, -0.25960412,  0.        , ...,  0.99804629,
          0.99770069,  0.99154619],
        ...,
        [-0.77220229, -0.98004814, -0.99804629, ...,  0.        ,
         -0.00530658, -0.06755017],
        [-0.7755631 , -0.98108908, -0.99770069, ...,  0.00530658,
          0.        , -0.06225476],
        [-0.8133583 , -0.99123588, -0.99154619, ...,  0.06755017,
          0.06225476,  0.        ]]]), 'num': array([ 7.07086537e-01,  7.07086537e-01,  0.00000000e+00,  1.56588513e-03,
        1.61464972e-03,  1.54421198e-03,  6.26985281e-03, -5.41828764e-06,
        1.51603688e-03,  1.43449165e-03,  1.40959011e-03,  2.25761985e-06,
        1.58587923e-03,  1.28310407e-03])}
{'img': array([[[ 0.        , -0.13435093,  0.08937672, ...,  0.99800655,
          0.9997372 ,  0.99937199],
        [ 0.13435093,  0.        ,  0.22237965, ...,  0.99743738,
          0.98759349,  0.9950722 ],
        [-0.08937672, -0.22237965,  0.        , ...,  0.98837183,
          0.99778505,  0.99220535],
        ...,
        [-0.99800655, -0.99743738, -0.98837183, ...,  0.        ,
          0.08597244,  0.02770658],
        [-0.9997372 , -0.98759349, -0.99778505, ..., -0.08597244,
          0.        , -0.05833544],
        [-0.99937199, -0.9950722 , -0.99220535, ..., -0.02770658,
          0.05833544,  0.        ]],

       [[ 0.        ,  0.33243841,  0.32993616, ...,  0.99958766,
          0.91144375,  0.53320258],
        [-0.33243841,  0.        , -0.00265191, ...,  0.95228186,
          0.72283198,  0.22163789],
        [-0.32993616,  0.00265191,  0.        , ...,  0.95308793,
          0.72466197,  0.22422307],
        ...,
        [-0.99958766, -0.95228186, -0.95308793, ...,  0.        ,
         -0.43742667, -0.86094938],
        [-0.91144375, -0.72283198, -0.72466197, ...,  0.43742667,
          0.        , -0.55169739],
        [-0.53320258, -0.22163789, -0.22422307, ...,  0.86094938,
          0.55169739,  0.        ]],

       [[ 0.        ,  0.12156171,  0.16173319, ...,  0.84422816,
          0.97324287,  0.99912342],
        [-0.12156171,  0.        ,  0.04057246, ...,  0.77281213,
          0.93809287,  0.99680256],
        [-0.16173319, -0.04057246,  0.        , ...,  0.7464271 ,
          0.9232668 ,  0.99273989],
        ...,
        [-0.84422816, -0.77281213, -0.7464271 , ...,  0.        ,
          0.3276568 ,  0.57085486],
        [-0.97324287, -0.93809287, -0.9232668 , ..., -0.3276568 ,
          0.        ,  0.27031891],
        [-0.99912342, -0.99680256, -0.99273989, ..., -0.57085486,
         -0.27031891,  0.        ]],

       ...,

       [[ 0.        , -0.18493374, -0.00680986, ..., -0.29417541,
          0.01205524,  0.68287423],
        [ 0.18493374,  0.        ,  0.17823706, ..., -0.11235049,
          0.1967676 ,  0.80619608],
        [ 0.00680986, -0.17823706,  0.        , ..., -0.28766005,
          0.01886433,  0.68783325],
        ...,
        [ 0.29417541,  0.11235049,  0.28766005, ...,  0.        ,
          0.30567584,  0.86756375],
        [-0.01205524, -0.1967676 , -0.01886433, ..., -0.30567584,
          0.        ,  0.67401783],
        [-0.68287423, -0.80619608, -0.68783325, ..., -0.86756375,
         -0.67401783,  0.        ]],

       [[ 0.        ,  0.05190847,  0.14827956, ...,  0.9803837 ,
          0.95373662,  0.90196065],
        [-0.05190847,  0.        ,  0.096745  , ...,  0.98929307,
          0.96805677,  0.92315969],
        [-0.14827956, -0.096745  ,  0.        , ...,  0.9987717 ,
          0.98777279,  0.95601973],
        ...,
        [-0.9803837 , -0.98929307, -0.9987717 , ...,  0.        ,
          0.10676587,  0.24557249],
        [-0.95373662, -0.96805677, -0.98777279, ..., -0.10676587,
          0.        ,  0.14067233],
        [-0.90196065, -0.92315969, -0.95601973, ..., -0.24557249,
         -0.14067233,  0.        ]],

       [[ 0.        ,  0.54494738,  0.71142745, ...,  0.79364869,
          0.83131901,  0.86466541],
        [-0.54494738,  0.        ,  0.21354376, ...,  0.9969839 ,
          0.99991559,  0.99874956],
        [-0.71142745, -0.21354376,  0.        , ...,  0.99055982,
          0.97962559,  0.96503619],
        ...,
        [-0.79364869, -0.9969839 , -0.99055982, ...,  0.        ,
         -0.06464839, -0.12735397],
        [-0.83131901, -0.99991559, -0.97962559, ...,  0.06464839,
          0.        , -0.06296558],
        [-0.86466541, -0.99874956, -0.96503619, ...,  0.12735397,
          0.06296558,  0.        ]]]), 'num': array([ 7.07096140e-01,  7.07096140e-01,  0.00000000e+00,  1.54694213e-03,
        1.58757984e-03,  1.54423295e-03,  3.49879840e-03, -1.89642643e-05,
        1.53989826e-03,  1.43180195e-03,  1.41272481e-03,  2.15775447e-06,
        1.57274706e-03,  1.29085685e-03])}
{'img': array([[[ 0.        ,  0.22237965,  0.01297745, ...,  0.98759349,
          0.9950722 ,  0.99681485],
        [-0.22237965,  0.        , -0.20970843, ...,  0.99778505,
          0.99220535,  0.95411983],
        [-0.01297745,  0.20970843,  0.        , ...,  0.9895482 ,
          0.99627515,  0.99569594],
        ...,
        [-0.98759349, -0.99778505, -0.9895482 , ...,  0.        ,
         -0.05833544, -0.23529319],
        [-0.9950722 , -0.99220535, -0.99627515, ...,  0.05833544,
          0.        , -0.17819485],
        [-0.99681485, -0.95411983, -0.99569594, ...,  0.23529319,
          0.17819485,  0.        ]],

       [[ 0.        , -0.00265191, -0.49845604, ...,  0.72283198,
          0.22163789, -0.203201  ],
        [ 0.00265191,  0.        , -0.49615531, ...,  0.72466197,
          0.22422307, -0.2006037 ],
        [ 0.49845604,  0.49615531,  0.        , ...,  0.97107887,
          0.67820017,  0.31189879],
        ...,
        [-0.72283198, -0.72466197, -0.97107887, ...,  0.        ,
         -0.55169739, -0.8481683 ],
        [-0.22163789, -0.22422307, -0.67820017, ...,  0.55169739,
          0.        , -0.41516106],
        [ 0.203201  ,  0.2006037 , -0.31189879, ...,  0.8481683 ,
          0.41516106,  0.        ]],

       [[ 0.        ,  0.04057246,  0.02203712, ...,  0.93809287,
          0.99680256,  0.96999157],
        [-0.04057246,  0.        , -0.01854363, ...,  0.9232668 ,
          0.99273989,  0.9790576 ],
        [-0.02203712,  0.01854363,  0.        , ...,  0.93023176,
          0.99479964,  0.97511408],
        ...,
        [-0.93809287, -0.9232668 , -0.93023176, ...,  0.        ,
          0.27031891,  0.56407596],
        [-0.99680256, -0.99273989, -0.99479964, ..., -0.27031891,
          0.        ,  0.31986736],
        [-0.96999157, -0.9790576 , -0.97511408, ..., -0.56407596,
         -0.31986736,  0.        ]],

       ...,

       [[ 0.        ,  0.17823706, -0.05443604, ...,  0.1967676 ,
          0.80619608,  0.48600741],
        [-0.17823706,  0.        , -0.23153716, ...,  0.01886433,
          0.68783325,  0.32245414],
        [ 0.05443604,  0.23153716,  0.        , ...,  0.24984767,
          0.8372077 ,  0.53286142],
        ...,
        [-0.1967676 , -0.01886433, -0.24984767, ...,  0.        ,
          0.67401783,  0.30454007],
        [-0.80619608, -0.68783325, -0.8372077 , ..., -0.67401783,
          0.        , -0.41703332],
        [-0.48600741, -0.32245414, -0.53286142, ..., -0.30454007,
          0.41703332,  0.        ]],

       [[ 0.        ,  0.096745  ,  0.0866845 , ...,  0.96805677,
          0.92315969,  0.97874572],
        [-0.096745  ,  0.        , -0.01010296, ...,  0.98777279,
          0.95601973,  0.99399485],
        [-0.0866845 ,  0.01010296,  0.        , ...,  0.98614733,
          0.95300771,  0.99283859],
        ...,
        [-0.96805677, -0.98777279, -0.98614733, ...,  0.        ,
          0.14067233, -0.04687526],
        [-0.92315969, -0.95601973, -0.95300771, ..., -0.14067233,
          0.        , -0.18692685],
        [-0.97874572, -0.99399485, -0.99283859, ...,  0.04687526,
          0.18692685,  0.        ]],

       [[ 0.        ,  0.52294629,  0.76793067, ...,  0.85612588,
          0.88863039,  0.83234375],
        [-0.52294629,  0.        ,  0.31959337, ...,  0.99997384,
          0.99727376,  0.9993093 ],
        [-0.76793067, -0.31959337,  0.        , ...,  0.94521834,
          0.92138854,  0.95877668],
        ...,
        [-0.85612588, -0.99997384, -0.94521834, ...,  0.        ,
         -0.06657524,  0.04438806],
        [-0.88863039, -0.99727376, -0.92138854, ...,  0.06657524,
          0.        ,  0.1107992 ],
        [-0.83234375, -0.9993093 , -0.95877668, ..., -0.04438806,
         -0.1107992 ,  0.        ]]]), 'num': array([ 7.07097219e-01,  7.07097219e-01,  0.00000000e+00,  1.52798020e-03,
        1.55507204e-03,  1.50901590e-03,  3.05715244e-03, -1.89642932e-05,
        1.55507204e-03,  1.43803526e-03,  1.41577480e-03,  2.02040896e-06,
        1.58431719e-03,  1.29175334e-03])}
{'img': array([[[ 0.        , -0.20970843, -0.44887655, ...,  0.99220535,
          0.95411983,  0.89616935],
        [ 0.20970843,  0.        , -0.25150117, ...,  0.99627515,
          0.99569594,  0.96929228],
        [ 0.44887655,  0.25150117,  0.        , ...,  0.94256463,
          0.98700042,  0.99998335],
        ...,
        [-0.99220535, -0.99627515, -0.94256463, ...,  0.        ,
         -0.17819485, -0.32857875],
        [-0.95411983, -0.99569594, -0.98700042, ...,  0.17819485,
          0.        , -0.15501906],
        [-0.89616935, -0.96929228, -0.99998335, ...,  0.32857875,
          0.15501906,  0.        ]],

       [[ 0.        , -0.49615531, -0.44931851, ...,  0.22422307,
         -0.2006037 , -0.27863794],
        [ 0.49615531,  0.        ,  0.05313757, ...,  0.67820017,
          0.31189879,  0.2345828 ],
        [ 0.44931851, -0.05313757,  0.        , ...,  0.63819242,
          0.26097132,  0.18259656],
        ...,
        [-0.22422307, -0.67820017, -0.63819242, ...,  0.        ,
         -0.41516106, -0.48688621],
        [ 0.2006037 , -0.31189879, -0.26097132, ...,  0.41516106,
          0.        , -0.08031489],
        [ 0.27863794, -0.2345828 , -0.18259656, ...,  0.48688621,
          0.08031489,  0.        ]],

       [[ 0.        , -0.01854363, -0.13352338, ...,  0.99273989,
          0.9790576 ,  0.75249947],
        [ 0.01854363,  0.        , -0.11512283, ...,  0.99479964,
          0.97511408,  0.74015738],
        [ 0.13352338,  0.11512283,  0.        , ...,  0.99991088,
          0.94310765,  0.6578238 ],
        ...,
        [-0.99273989, -0.99479964, -0.99991088, ...,  0.        ,
          0.31986736,  0.74432275],
        [-0.9790576 , -0.97511408, -0.94310765, ..., -0.31986736,
          0.        ,  0.49160392],
        [-0.75249947, -0.74015738, -0.6578238 , ..., -0.74432275,
         -0.49160392,  0.        ]],

       ...,

       [[ 0.        , -0.23153716, -0.67030468, ...,  0.68783325,
          0.32245414,  0.02871415],
        [ 0.23153716,  0.        , -0.48026937, ...,  0.8372077 ,
          0.53286142,  0.25937556],
        [ 0.67030468,  0.48026937,  0.        , ...,  0.99698464,
          0.87378912,  0.69133665],
        ...,
        [-0.68783325, -0.8372077 , -0.99698464, ...,  0.        ,
         -0.41703332, -0.66670693],
        [-0.32245414, -0.53286142, -0.87378912, ...,  0.41703332,
          0.        , -0.2951408 ],
        [-0.02871415, -0.25937556, -0.69133665, ...,  0.66670693,
          0.2951408 ,  0.        ]],

       [[ 0.        , -0.01010296, -0.10468542, ...,  0.95601973,
          0.99399485,  0.96315288],
        [ 0.01010296,  0.        , -0.09463263, ...,  0.95300771,
          0.99283859,  0.96038649],
        [ 0.10468542,  0.09463263,  0.        , ...,  0.92006228,
          0.97707784,  0.92970511],
        ...,
        [-0.95601973, -0.95300771, -0.92006228, ...,  0.        ,
         -0.18692685, -0.0253692 ],
        [-0.99399485, -0.99283859, -0.97707784, ...,  0.18692685,
          0.        ,  0.16194465],
        [-0.96315288, -0.96038649, -0.92970511, ...,  0.0253692 ,
         -0.16194465,  0.        ]],

       [[ 0.        ,  0.63649094,  0.86618657, ...,  0.90960407,
          0.85493565,  0.84757551],
        [-0.63649094,  0.        ,  0.35000826, ...,  0.96601004,
          0.98956787,  0.99149129],
        [-0.86618657, -0.35000826,  0.        , ...,  0.8144279 ,
          0.87654957,  0.88321447],
        ...,
        [-0.90960407, -0.96601004, -0.8144279 , ...,  0.        ,
          0.11663724,  0.13055656],
        [-0.85493565, -0.98956787, -0.87654957, ..., -0.11663724,
          0.        ,  0.01402653],
        [-0.84757551, -0.99149129, -0.88321447, ..., -0.13055656,
         -0.01402653,  0.        ]]]), 'num': array([ 7.07092749e-01,  7.07092749e-01,  0.00000000e+00,  1.49546053e-03,
        1.52797054e-03,  1.48733302e-03,  4.71633573e-03, -3.25100115e-05,
        1.54151638e-03,  1.44100626e-03,  1.41784287e-03,  1.95415369e-06,
        1.58940238e-03,  1.29261013e-03])}
{'img': array([[[ 0.        , -0.25150117, -0.0529836 , ...,  0.99569594,
          0.96929228,  0.88354819],
        [ 0.25150117,  0.        ,  0.19986736, ...,  0.98700042,
          0.99998335,  0.97293642],
        [ 0.0529836 , -0.19986736,  0.        , ...,  0.99920789,
          0.98096007,  0.90712149],
        ...,
        [-0.99569594, -0.98700042, -0.99920789, ...,  0.        ,
         -0.15501906, -0.38443722],
        [-0.96929228, -0.99998335, -0.98096007, ...,  0.15501906,
          0.        , -0.23668392],
        [-0.88354819, -0.97293642, -0.90712149, ...,  0.38443722,
          0.23668392,  0.        ]],

       [[ 0.        ,  0.05313757,  0.04068608, ...,  0.31189879,
          0.2345828 ,  0.49412081],
        [-0.05313757,  0.        , -0.01246497, ...,  0.26097132,
          0.18259656,  0.44722527],
        [-0.04068608,  0.01246497,  0.        , ...,  0.27298406,
          0.19483778,  0.45833946],
        ...,
        [-0.31189879, -0.26097132, -0.27298406, ...,  0.        ,
         -0.08031489,  0.19830906],
        [-0.2345828 , -0.18259656, -0.19483778, ...,  0.08031489,
          0.        ,  0.27638823],
        [-0.49412081, -0.44722527, -0.45833946, ..., -0.19830906,
         -0.27638823,  0.        ]],

       [[ 0.        , -0.11512283, -0.16519782, ...,  0.97511408,
          0.74015738,  0.96830104],
        [ 0.11512283,  0.        , -0.05055837, ...,  0.94310765,
          0.6578238 ,  0.93310698],
        [ 0.16519782,  0.05055837,  0.        , ...,  0.92509149,
          0.61890338,  0.91373291],
        ...,
        [-0.97511408, -0.94310765, -0.92509149, ...,  0.        ,
          0.49160392,  0.02889402],
        [-0.74015738, -0.6578238 , -0.61890338, ..., -0.49160392,
          0.        , -0.46623721],
        [-0.96830104, -0.93310698, -0.91373291, ..., -0.02889402,
          0.46623721,  0.        ]],

       ...,

       [[ 0.        , -0.48026937, -0.38470463, ...,  0.53286142,
          0.25937556,  0.14431341],
        [ 0.48026937,  0.        ,  0.10587518, ...,  0.87378912,
          0.69133665,  0.60182225],
        [ 0.38470463, -0.10587518,  0.        , ...,  0.81739029,
          0.61095266,  0.51388457],
        ...,
        [-0.53286142, -0.87378912, -0.81739029, ...,  0.        ,
         -0.2951408 , -0.40516507],
        [-0.25937556, -0.69133665, -0.61095266, ...,  0.2951408 ,
          0.        , -0.11728592],
        [-0.14431341, -0.60182225, -0.51388457, ...,  0.40516507,
          0.11728592,  0.        ]],

       [[ 0.        , -0.09463263, -0.06196684, ...,  0.99283859,
          0.96038649,  0.93308269],
        [ 0.09463263,  0.        ,  0.03276202, ...,  0.97707784,
          0.92970511,  0.89485951],
        [ 0.06196684, -0.03276202,  0.        , ...,  0.98352778,
          0.94127243,  0.90900239],
        ...,
        [-0.99283859, -0.97707784, -0.98352778, ...,  0.        ,
          0.16194465,  0.24561687],
        [-0.96038649, -0.92970511, -0.94127243, ..., -0.16194465,
          0.        ,  0.08539089],
        [-0.93308269, -0.89485951, -0.90900239, ..., -0.24561687,
         -0.08539089,  0.        ]],

       [[ 0.        ,  0.72058064,  0.8079928 , ...,  0.88967675,
          0.88262726,  0.87555926],
        [-0.72058064,  0.        ,  0.13567828, ...,  0.94588677,
          0.95071415,  0.95520777],
        [-0.8079928 , -0.13567828,  0.        , ...,  0.89311293,
          0.89985326,  0.90622283],
        ...,
        [-0.88967675, -0.94588677, -0.89311293, ...,  0.        ,
          0.01521388,  0.03003997],
        [-0.88262726, -0.95071415, -0.89985326, ..., -0.01521388,
          0.        ,  0.01482948],
        [-0.87555926, -0.95520777, -0.90622283, ..., -0.03003997,
         -0.01482948,  0.        ]]]), 'num': array([7.07098382e-01, 7.07098382e-01, 0.00000000e+00, 1.49818163e-03,
       1.52527352e-03, 1.49005406e-03, 2.51355865e-03, 2.70918920e-06,
       1.52689903e-03, 1.44386238e-03, 1.42038275e-03, 1.89403493e-06,
       1.59433803e-03, 1.29338674e-03])}
{'img': array([[[ 0.        ,  0.19986736,  0.        , ...,  0.99998335,
          0.97293642,  0.9771637 ],
        [-0.19986736,  0.        , -0.19986736, ...,  0.98096007,
          0.90712149,  0.91497804],
        [ 0.        ,  0.19986736,  0.        , ...,  0.99998335,
          0.97293642,  0.9771637 ],
        ...,
        [-0.99998335, -0.98096007, -0.99998335, ...,  0.        ,
         -0.23668392, -0.21812351],
        [-0.97293642, -0.90712149, -0.97293642, ...,  0.23668392,
          0.        ,  0.01905894],
        [-0.9771637 , -0.91497804, -0.9771637 , ...,  0.21812351,
         -0.01905894,  0.        ]],

       [[ 0.        , -0.01246497, -0.07817028, ...,  0.18259656,
          0.44722527,  0.07518928],
        [ 0.01246497,  0.        , -0.06573738, ...,  0.19483778,
          0.45833946,  0.08761312],
        [ 0.07817028,  0.06573738,  0.        , ...,  0.2588939 ,
          0.51577394,  0.1529082 ],
        ...,
        [-0.18259656, -0.19483778, -0.2588939 , ...,  0.        ,
          0.27638823, -0.10815449],
        [-0.44722527, -0.45833946, -0.51577394, ..., -0.27638823,
          0.        , -0.37870841],
        [-0.07518928, -0.08761312, -0.1529082 , ...,  0.10815449,
          0.37870841,  0.        ]],

       [[ 0.        , -0.05055837, -0.11246562, ...,  0.6578238 ,
          0.93310698,  0.98942928],
        [ 0.05055837,  0.        , -0.06208419, ...,  0.61890338,
          0.91373291,  0.98083212],
        [ 0.11246562,  0.06208419,  0.        , ...,  0.56894437,
          0.88674448,  0.96684262],
        ...,
        [-0.6578238 , -0.61890338, -0.56894437, ...,  0.        ,
         -0.46623721, -0.64981516],
        [-0.93310698, -0.91373291, -0.88674448, ...,  0.46623721,
          0.        , -0.22048201],
        [-0.98942928, -0.98083212, -0.96684262, ...,  0.64981516,
          0.22048201,  0.        ]],

       ...,

       [[ 0.        ,  0.10587518, -0.00783745, ...,  0.69133665,
          0.60182225,  0.52001865],
        [-0.10587518,  0.        , -0.11366532, ...,  0.61095266,
          0.51388457,  0.42666205],
        [ 0.00783745,  0.11366532,  0.        , ...,  0.69697823,
          0.60806299,  0.52669707],
        ...,
        [-0.69133665, -0.61095266, -0.69697823, ...,  0.        ,
         -0.11728592, -0.21477806],
        [-0.60182225, -0.51388457, -0.60806299, ...,  0.11728592,
          0.        , -0.0987469 ],
        [-0.52001865, -0.42666205, -0.52669707, ...,  0.21477806,
          0.0987469 ,  0.        ]],

       [[ 0.        ,  0.03276202,  0.0185391 , ...,  0.92970511,
          0.89485951,  0.84712149],
        [-0.03276202,  0.        , -0.01422725, ...,  0.94127243,
          0.90900239,  0.86407645],
        [-0.0185391 ,  0.01422725,  0.        , ...,  0.93637336,
          0.90298061,  0.85682756],
        ...,
        [-0.92970511, -0.94127243, -0.93637336, ...,  0.        ,
          0.08539089,  0.18204572],
        [-0.89485951, -0.90900239, -0.90298061, ..., -0.08539089,
          0.        ,  0.09741679],
        [-0.84712149, -0.86407645, -0.85682756, ..., -0.18204572,
         -0.09741679,  0.        ]],

       [[ 0.        ,  0.48056895,  0.69130571, ...,  0.92738169,
          0.92102033,  0.91513121],
        [-0.48056895,  0.        ,  0.25900429, ...,  0.99306262,
          0.99488375,  0.99627499],
        [-0.69130571, -0.25900429,  0.        , ...,  0.92872005,
          0.93476826,  0.93994353],
        ...,
        [-0.92738169, -0.99306262, -0.92872005, ...,  0.        ,
          0.01665966,  0.03151387],
        [-0.92102033, -0.99488375, -0.93476826, ..., -0.01665966,
          0.        ,  0.01485811],
        [-0.91513121, -0.99627499, -0.93994353, ..., -0.03151387,
         -0.01485811,  0.        ]]]), 'num': array([7.07095323e-01, 7.07095323e-01, 0.00000000e+00, 1.55777705e-03,
       1.57674130e-03, 1.48462926e-03, 3.81647250e-03, 5.96019046e-05,
       1.52526692e-03, 1.45117092e-03, 1.42428233e-03, 1.99513070e-06,
       1.60869765e-03, 1.29364419e-03])}
{'img': array([[[ 0.        , -0.19986736,  0.09084584, ...,  0.90712149,
          0.91497804,  0.99828185],
        [ 0.19986736,  0.        ,  0.28805375, ...,  0.97293642,
          0.9771637 ,  0.96642832],
        [-0.09084584, -0.28805375,  0.        , ...,  0.86513633,
          0.87453795,  0.99947701],
        ...,
        [-0.90712149, -0.97293642, -0.86513633, ...,  0.        ,
          0.01905894,  0.47329826],
        [-0.91497804, -0.9771637 , -0.87453795, ..., -0.01905894,
          0.        ,  0.45642322],
        [-0.99828185, -0.96642832, -0.99947701, ..., -0.47329826,
         -0.45642322,  0.        ]],

       [[ 0.        , -0.06573738,  0.04468066, ...,  0.45833946,
          0.08761312,  0.32519897],
        [ 0.06573738,  0.        ,  0.11025574, ...,  0.51577394,
          0.1529082 ,  0.38665982],
        [-0.04468066, -0.11025574,  0.        , ...,  0.41817058,
          0.04301678,  0.28262213],
        ...,
        [-0.45833946, -0.51577394, -0.41817058, ...,  0.        ,
         -0.37870841, -0.14439727],
        [-0.08761312, -0.1529082 , -0.04301678, ...,  0.37870841,
          0.        ,  0.24109748],
        [-0.32519897, -0.38665982, -0.28262213, ...,  0.14439727,
         -0.24109748,  0.        ]],

       [[ 0.        , -0.06208419, -0.12559391, ...,  0.91373291,
          0.98083212,  0.98471486],
        [ 0.06208419,  0.        , -0.06375904, ...,  0.88674448,
          0.96684262,  0.9720018 ],
        [ 0.12559391,  0.06375904,  0.        , ...,  0.85546699,
          0.94859307,  0.95504241],
        ...,
        [-0.91373291, -0.88674448, -0.85546699, ...,  0.        ,
         -0.22048201, -0.24095611],
        [-0.98083212, -0.96684262, -0.94859307, ...,  0.22048201,
          0.        , -0.02104069],
        [-0.98471486, -0.9720018 , -0.95504241, ...,  0.24095611,
          0.02104069,  0.        ]],

       ...,

       [[ 0.        , -0.11366532,  0.03816795, ...,  0.51388457,
          0.42666205,  0.57378144],
        [ 0.11366532,  0.        ,  0.15150309, ...,  0.60806299,
          0.52669707,  0.66315567],
        [-0.03816795, -0.15150309,  0.        , ...,  0.48076738,
          0.39183164,  0.54210347],
        ...,
        [-0.51388457, -0.60806299, -0.48076738, ...,  0.        ,
         -0.0987469 ,  0.07134796],
        [-0.42666205, -0.52669707, -0.39183164, ...,  0.0987469 ,
          0.        ,  0.16949449],
        [-0.57378144, -0.66315567, -0.54210347, ..., -0.07134796,
         -0.16949449,  0.        ]],

       [[ 0.        , -0.01406032, -0.0070469 , ...,  0.93575079,
          0.90379949,  0.58654868],
        [ 0.01406032,  0.        ,  0.00701376, ...,  0.93069975,
          0.89769295,  0.57510305],
        [ 0.0070469 , -0.00701376,  0.        , ...,  0.93324238,
          0.90076128,  0.58082673],
        ...,
        [-0.93575079, -0.93069975, -0.93324238, ...,  0.        ,
          0.08172462,  0.55102424],
        [-0.90379949, -0.89769295, -0.90076128, ..., -0.08172462,
          0.        ,  0.48098271],
        [-0.58654868, -0.57510305, -0.58082673, ..., -0.55102424,
         -0.48098271,  0.        ]],

       [[ 0.        ,  0.54951449,  0.76500379, ...,  0.93693845,
          0.9313871 ,  0.92942149],
        [-0.54951449,  0.        ,  0.28524707, ...,  0.9748495 ,
          0.97819912,  0.97929874],
        [-0.76500379, -0.28524707,  0.        , ...,  0.87077706,
          0.87832186,  0.88087302],
        ...,
        [-0.93693845, -0.9748495 , -0.87077706, ...,  0.        ,
          0.0155594 ,  0.02092131],
        [-0.9313871 , -0.97819912, -0.87832186, ..., -0.0155594 ,
          0.        ,  0.00536279],
        [-0.92942149, -0.97929874, -0.88087302, ..., -0.02092131,
         -0.00536279,  0.        ]]]), 'num': array([ 7.07099139e-01,  7.07099139e-01,  0.00000000e+00,  1.53340273e-03,
        1.56320384e-03,  1.52256596e-03,  1.92515191e-03, -2.43827289e-05,
        1.52256596e-03,  1.45930633e-03,  1.42749590e-03,  1.86502355e-06,
        1.61618960e-03,  1.30242305e-03])}
{'img': array([[[ 0.        ,  0.28805375, -0.5041153 , ...,  0.9771637 ,
          0.96642832,  0.99882051],
        [-0.28805375,  0.        , -0.73152168, ...,  0.87453795,
          0.99947701,  0.97047119],
        [ 0.5041153 ,  0.73152168,  0.        , ...,  0.9510325 ,
          0.70511707,  0.83814041],
        ...,
        [-0.9771637 , -0.87453795, -0.9510325 , ...,  0.        ,
          0.45642322,  0.25968342],
        [-0.96642832, -0.99947701, -0.70511707, ..., -0.45642322,
          0.        , -0.20970843],
        [-0.99882051, -0.97047119, -0.83814041, ..., -0.25968342,
          0.20970843,  0.        ]],

       [[ 0.        ,  0.11025574,  0.09909635, ...,  0.1529082 ,
          0.38665982,  0.01776028],
