state_0,state_1,state_2,state_3,state_4,state_5,state_6,state_7,state_8,state_9,state_10,state_11,state_12,state_13,state_14,state_15,state_16,state_17,state_18,state_19,state_20,state_21,state_22,state_23,state_24,state_25,state_26,state_27,state_28,state_29,state_30,state_31,state_32,state_33,state_34,state_35,state_36,state_37,state_38,state_39,state_40,state_41,state_42,state_43,state_44,state_45,state_46,state_47,state_48,state_49,state_50,state_51,state_52,state_53,state_54,state_55,state_56,state_57,state_58,state_59,state_60,state_61,state_62,state_63,state_64,state_65,state_66,state_67,state_68,state_69,state_70,state_71,state_72,state_73,state_74,state_75,state_76,state_77,state_78,state_79,state_80,state_81,state_82,state_83,state_84,state_85,state_86,state_87,state_88,state_89,state_90,state_91,state_92,state_93,state_94,state_95,state_96,state_97,state_98,state_99,state_100,state_101,state_102,state_103,state_104,state_105,state_106,state_107,state_108,state_109,state_110,state_111,state_112,state_113,state_114,state_115,state_116,state_117,state_118,state_119,state_120,state_121,state_122,state_123,state_124,state_125,state_126,state_127,state_128,state_129,state_130,state_131,state_132,state_133,state_134,state_135,state_136,state_137,state_138,state_139,state_140,state_141,state_142,state_143,state_144,state_145,state_146,state_147,state_148,state_149,state_150,state_151,state_152,state_153,state_154,state_155,state_156,state_157,state_158,state_159,state_160,state_161,state_162,state_163,state_164,state_165,state_166,state_167,state_168,state_169,state_170,state_171,state_172,state_173,state_174,state_175,state_176,state_177,state_178,state_179,state_180,state_181,state_182,state_183,state_184,state_185,state_186,state_187,state_188,state_189,state_190,state_191,state_192,state_193,state_194,state_195,state_196,state_197,state_198,state_199,state_200,state_201,state_202,state_203,state_204,state_205,state_206,state_207,state_208,state_209,state_210,state_211,state_212,state_213,state_214,state_215,state_216,state_217,state_218,state_219,state_220,state_221,state_222,state_223,state_224,state_225,state_226,state_227,state_228,state_229,state_230,state_231,state_232,state_233,state_234,state_235,state_236,state_237,state_238,state_239,state_240,state_241,state_242,state_243,state_244,state_245,state_246,state_247,state_248,state_249,state_250,state_251,state_252,state_253,state_254,state_255,state_256,state_257,state_258,state_259,state_260,state_261,state_262,state_263,state_264,state_265,state_266,state_267,state_268,state_269,state_270,state_271,state_272,state_273,state_274,state_275,state_276,state_277,state_278,state_279,state_280,state_281,state_282,state_283,state_284,state_285,state_286,state_287
{'img': array([[[ 0.        , -0.08324184, -0.05137084, ...,  0.99870911,
          0.98854962,  0.39132666],
        [ 0.08324184,  0.        ,  0.03193938, ...,  0.9910147 ,
          0.97255786,  0.31336506],
        [ 0.05137084, -0.03193938,  0.        , ...,  0.99478108,
          0.97949272,  0.34353586],
        ...,
        [-0.99870911, -0.9910147 , -0.99478108, ...,  0.        ,
          0.10048811,  0.8991865 ],
        [-0.98854962, -0.97255786, -0.97949272, ..., -0.10048811,
          0.        ,  0.85066491],
        [-0.39132666, -0.31336506, -0.34353586, ..., -0.8991865 ,
         -0.85066491,  0.        ]],

       [[ 0.        , -0.15380789, -0.1051833 , ...,  0.25097201,
          0.71868197,  0.9731929 ],
        [ 0.15380789,  0.        ,  0.04902299, ...,  0.3968708 ,
          0.81707882,  0.92623832],
        [ 0.1051833 , -0.04902299,  0.        , ...,  0.35139667,
          0.78783338,  0.94360331],
        ...,
        [-0.25097201, -0.3968708 , -0.35139667, ...,  0.        ,
          0.52116947,  0.99976637],
        [-0.71868197, -0.81707882, -0.78783338, ..., -0.52116947,
          0.        ,  0.84198886],
        [-0.9731929 , -0.92623832, -0.94360331, ..., -0.99976637,
         -0.84198886,  0.        ]],

       [[ 0.        ,  0.20759593,  0.29713563, ...,  0.60113188,
          0.54330961,  0.        ],
        [-0.20759593,  0.        ,  0.09244252, ...,  0.75393627,
          0.70575693,  0.20759593],
        [-0.29713563, -0.09244252,  0.        , ...,  0.81143782,
          0.76822618,  0.29713563],
        ...,
        [-0.60113188, -0.75393627, -0.81143782, ...,  0.        ,
          0.07048391,  0.60113188],
        [-0.54330961, -0.70575693, -0.76822618, ..., -0.07048391,
          0.        ,  0.54330961],
        [-0.        , -0.20759593, -0.29713563, ..., -0.60113188,
         -0.54330961,  0.        ]],

       ...,

       [[ 0.        , -0.27434101, -0.14082832, ..., -0.07373435,
          0.06117732,  0.38886102],
        [ 0.27434101,  0.        ,  0.13618185, ...,  0.20268888,
          0.33265724,  0.62669077],
        [ 0.14082832, -0.13618185,  0.        , ...,  0.06744546,
          0.20113217,  0.51473027],
        ...,
        [ 0.07373435, -0.20268888, -0.06744546, ...,  0.        ,
          0.13460703,  0.4557337 ],
        [-0.06117732, -0.33265724, -0.20113217, ..., -0.13460703,
          0.        ,  0.3317702 ],
        [-0.38886102, -0.62669077, -0.51473027, ..., -0.4557337 ,
         -0.3317702 ,  0.        ]],

       [[ 0.        ,  0.10950284,  0.18452827, ...,  0.64637645,
          0.60076513,  0.        ],
        [-0.10950284,  0.        ,  0.07579623, ...,  0.72604217,
          0.68469179,  0.10950284],
        [-0.18452827, -0.07579623,  0.        , ...,  0.77607487,
          0.73796493,  0.18452827],
        ...,
        [-0.64637645, -0.72604217, -0.77607487, ...,  0.        ,
          0.05833486,  0.64637645],
        [-0.60076513, -0.68469179, -0.73796493, ..., -0.05833486,
          0.        ,  0.60076513],
        [-0.        , -0.10950284, -0.18452827, ..., -0.64637645,
         -0.60076513,  0.        ]],

       [[ 0.        , -0.00314449, -0.00466817, ...,  0.94566843,
          0.89489301,  0.99952046],
        [ 0.00314449,  0.        , -0.0015237 , ...,  0.94464138,
          0.89348527,  0.99961289],
        [ 0.00466817,  0.0015237 ,  0.        , ...,  0.94414035,
          0.89279995,  0.99965412],
        ...,
        [-0.94566843, -0.94464138, -0.94414035, ...,  0.        ,
          0.1310747 , -0.35425952],
        [-0.89489301, -0.89348527, -0.89279995, ..., -0.1310747 ,
          0.        , -0.47377728],
        [-0.99952046, -0.99961289, -0.99965412, ...,  0.35425952,
          0.47377728,  0.        ]]]), 'num': array([9.24828963e-01, 2.77931704e-03, 1.00441138e-05, 3.50589219e-03,
       3.71975925e-03, 3.27674891e-03, 3.80274234e-01, 1.87133679e-04,
       3.07433901e-03, 2.76747797e-03, 2.31237395e-03, 2.74461311e-06,
       3.26545268e-03, 2.26950326e-03])}
{'img': array([[[ 0.        ,  0.03037393,  0.        , ...,  0.99594078,
          0.79803189,  0.29875702],
        [-0.03037393,  0.        , -0.03037393, ...,  0.99821524,
          0.81596747,  0.32760591],
        [ 0.        ,  0.03037393,  0.        , ...,  0.99594078,
          0.79803189,  0.29875702],
        ...,
        [-0.99594078, -0.99821524, -0.99594078, ...,  0.        ,
          0.5283375 ,  0.92356399],
        [-0.79803189, -0.81596747, -0.79803189, ..., -0.5283375 ,
          0.        ,  0.58154961],
        [-0.29875702, -0.32760591, -0.29875702, ..., -0.92356399,
         -0.58154961,  0.        ]],

       [[ 0.        ,  0.04792819, -0.0124741 , ...,  0.80271757,
          0.95258791,  0.2309537 ],
        [-0.04792819,  0.        , -0.06038423, ...,  0.77321265,
          0.96607598,  0.27732072],
        [ 0.0124741 ,  0.06038423,  0.        , ...,  0.81009416,
          0.94871838,  0.21879886],
        ...,
        [-0.80271757, -0.77321265, -0.81009416, ...,  0.        ,
          0.81232239,  0.91874729],
        [-0.95258791, -0.96607598, -0.94871838, ..., -0.81232239,
          0.        ,  0.85656367],
        [-0.2309537 , -0.27732072, -0.21879886, ..., -0.91874729,
         -0.85656367,  0.        ]],

       [[ 0.        ,  0.10277882,  0.12957577, ...,  0.82305615,
          0.66942752,  0.15924395],
        [-0.10277882,  0.        ,  0.02697723, ...,  0.87707169,
          0.74223444,  0.25986792],
        [-0.12957577, -0.02697723,  0.        , ...,  0.88971125,
          0.76004283,  0.28582374],
        ...,
        [-0.82305615, -0.87707169, -0.88971125, ...,  0.        ,
          0.23122173,  0.72210915],
        [-0.66942752, -0.74223444, -0.76004283, ..., -0.23122173,
          0.        ,  0.5425864 ],
        [-0.15924395, -0.25986792, -0.28582374, ..., -0.72210915,
         -0.5425864 ,  0.        ]],

       ...,

       [[ 0.        ,  0.13618185,  0.28409824, ...,  0.33265724,
          0.62669077,  0.52926356],
        [-0.13618185,  0.        ,  0.15088104, ...,  0.20113217,
          0.51473027,  0.40878836],
        [-0.28409824, -0.15088104,  0.        , ...,  0.05103194,
          0.37947941,  0.26641008],
        ...,
        [-0.33265724, -0.20113217, -0.05103194, ...,  0.        ,
          0.3317702 ,  0.21687532],
        [-0.62669077, -0.51473027, -0.37947941, ..., -0.3317702 ,
          0.        , -0.11928229],
        [-0.52926356, -0.40878836, -0.26641008, ..., -0.21687532,
          0.11928229,  0.        ]],

       [[ 0.        ,  0.1414413 ,  0.17520766, ...,  0.78799692,
          0.60480179,  0.        ],
        [-0.1414413 ,  0.        ,  0.03419282, ...,  0.86715737,
          0.71136197,  0.1414413 ],
        [-0.17520766, -0.03419282,  0.        , ...,  0.8836795 ,
          0.7349776 ,  0.17520766],
        ...,
        [-0.78799692, -0.86715737, -0.8836795 , ...,  0.        ,
          0.25517799,  0.78799692],
        [-0.60480179, -0.71136197, -0.7349776 , ..., -0.25517799,
          0.        ,  0.60480179],
        [-0.        , -0.1414413 , -0.17520766, ..., -0.78799692,
         -0.60480179,  0.        ]],

       [[ 0.        , -0.0015237 ,  0.00548612, ...,  0.89348527,
          0.99961289,  0.97174945],
        [ 0.0015237 ,  0.        ,  0.00700979, ...,  0.89279995,
          0.99965412,  0.97210794],
        [-0.00548612, -0.00700979,  0.        , ...,  0.8959356 ,
          0.99944521,  0.97044002],
        ...,
        [-0.89348527, -0.89279995, -0.8959356 , ...,  0.        ,
         -0.47377728, -0.64728117],
        [-0.99961289, -0.99965412, -0.99944521, ...,  0.47377728,
          0.        , -0.20888737],
        [-0.97174945, -0.97210794, -0.97044002, ...,  0.64728117,
          0.20888737,  0.        ]]]), 'num': array([7.06138199e-01, 7.06138199e-01, 0.00000000e+00, 1.53356602e-03,
       1.56347305e-03, 1.49036698e-03, 5.21827323e-02, 8.30750823e-06,
       1.39599368e-03, 1.22685281e-03, 1.02036970e-03, 1.43270470e-06,
       1.47849962e-03, 9.75206008e-04])}
{'img': array([[[ 0.        , -0.03022682, -0.1017527 , ...,  0.83140088,
          0.50263935,  0.326102  ],
        [ 0.03022682,  0.        , -0.07163627, ...,  0.81422475,
          0.47627871,  0.29737853],
        [ 0.1017527 ,  0.07163627,  0.        , ...,  0.77054445,
          0.41206569,  0.22821909],
        ...,
        [-0.83140088, -0.81422475, -0.77054445, ...,  0.        ,
          0.43943975,  0.60474591],
        [-0.50263935, -0.47627871, -0.41206569, ..., -0.43943975,
          0.        ,  0.19324843],
        [-0.326102  , -0.29737853, -0.22821909, ..., -0.60474591,
         -0.19324843,  0.        ]],

       [[ 0.        , -0.06038423, -0.05231851, ...,  0.96607598,
          0.27732072,  0.76916052],
        [ 0.06038423,  0.        ,  0.00807849, ...,  0.94871838,
          0.21879886,  0.80634584],
        [ 0.05231851, -0.00807849,  0.        , ...,  0.95124121,
          0.22667447,  0.80154155],
        ...,
        [-0.96607598, -0.94871838, -0.95124121, ...,  0.        ,
          0.85656367, -0.81601817],
        [-0.27732072, -0.21879886, -0.22667447, ..., -0.85656367,
          0.        , -0.91621541],
        [-0.76916052, -0.80634584, -0.80154155, ...,  0.81601817,
          0.91621541,  0.        ]],

       [[ 0.        ,  0.02586286,  0.0158115 , ...,  0.87056311,
          0.73378169,  0.24949582],
        [-0.02586286,  0.        , -0.01005342, ...,  0.88299791,
          0.75110709,  0.27445734],
        [-0.0158115 ,  0.01005342,  0.        , ...,  0.87823444,
          0.74443206,  0.2647761 ],
        ...,
        [-0.87056311, -0.88299791, -0.87823444, ...,  0.        ,
          0.23038556,  0.72026621],
        [-0.73378169, -0.75110709, -0.74443206, ..., -0.23038556,
          0.        ,  0.54107269],
        [-0.24949582, -0.27445734, -0.2647761 , ..., -0.72026621,
         -0.54107269,  0.        ]],

       ...,

       [[ 0.        ,  0.15088104, -0.03804598, ...,  0.51473027,
          0.40878836,  0.82173864],
        [-0.15088104,  0.        , -0.18838223, ...,  0.37947941,
          0.26641008,  0.72634956],
        [ 0.03804598,  0.18838223,  0.        , ...,  0.54697641,
          0.44321427,  0.84282475],
        ...,
        [-0.51473027, -0.37947941, -0.54697641, ...,  0.        ,
         -0.11928229,  0.41119287],
        [-0.40878836, -0.26641008, -0.44321427, ...,  0.11928229,
          0.        ,  0.51698869],
        [-0.82173864, -0.72634956, -0.84282475, ..., -0.41119287,
         -0.51698869,  0.        ]],

       [[ 0.        ,  0.10034661,  0.12052972, ...,  0.7468142 ,
          0.51890685,  0.        ],
        [-0.10034661,  0.        ,  0.0203063 , ...,  0.80977847,
          0.60206706,  0.10034661],
        [-0.12052972, -0.0203063 ,  0.        , ...,  0.82152593,
          0.61815639,  0.12052972],
        ...,
        [-0.7468142 , -0.80977847, -0.82152593, ...,  0.        ,
          0.29330973,  0.7468142 ],
        [-0.51890685, -0.60206706, -0.61815639, ..., -0.29330973,
          0.        ,  0.51890685],
        [-0.        , -0.10034661, -0.12052972, ..., -0.7468142 ,
         -0.51890685,  0.        ]],

       [[ 0.        ,  0.00700979,  0.01229688, ...,  0.99965412,
          0.97210794,  0.95626835],
        [-0.00700979,  0.        ,  0.00528731, ...,  0.99944521,
          0.97044002,  0.95419455],
        [-0.01229688, -0.00528731,  0.        , ...,  0.99925514,
          0.96915041,  0.95259932],
        ...,
        [-0.99965412, -0.99944521, -0.99925514, ...,  0.        ,
         -0.20888737, -0.26724075],
        [-0.97210794, -0.97044002, -0.96915041, ...,  0.20888737,
          0.        , -0.06005524],
        [-0.95626835, -0.95419455, -0.95259932, ...,  0.26724075,
          0.06005524,  0.        ]]]), 'num': array([ 7.05510264e-01,  7.05510264e-01,  0.00000000e+00,  1.45086111e-03,
        1.55212258e-03,  1.43592089e-03,  6.70525421e-02, -8.13411833e-05,
        1.44090096e-03,  1.24186407e-03,  1.03238285e-03,  1.23329478e-06,
        1.50725183e-03,  9.76476301e-04])}
{'img': array([[[ 0.        , -0.07163627, -0.29737853, ...,  0.47627871,
          0.29737853,  0.79532844],
        [ 0.07163627,  0.        , -0.22821909, ...,  0.41206569,
          0.22821909,  0.74986072],
        [ 0.29737853,  0.22821909,  0.        , ...,  0.19324843,
          0.        ,  0.57908297],
        ...,
        [-0.47627871, -0.41206569, -0.19324843, ...,  0.        ,
          0.19324843, -0.4106178 ],
        [-0.29737853, -0.22821909, -0.        , ..., -0.19324843,
          0.        , -0.57908297],
        [-0.79532844, -0.74986072, -0.57908297, ...,  0.4106178 ,
          0.57908297,  0.        ]],

       [[ 0.        ,  0.00807849, -0.05460255, ...,  0.21879886,
          0.80634584,  0.90545328],
        [-0.00807849,  0.        , -0.06266721, ...,  0.22667447,
          0.80154155,  0.90199485],
        [ 0.05460255,  0.06266721,  0.        , ...,  0.16519292,
          0.83743728,  0.92727833],
        ...,
        [-0.21879886, -0.22667447, -0.16519292, ...,  0.        ,
         -0.91621541, -0.97638242],
        [-0.80634584, -0.80154155, -0.83743728, ...,  0.91621541,
          0.        ,  0.19327499],
        [-0.90545328, -0.90199485, -0.92727833, ...,  0.97638242,
         -0.19327499,  0.        ]],

       [[ 0.        , -0.00974647, -0.08256948, ...,  0.85152395,
          0.68943363,  0.26637951],
        [ 0.00974647,  0.        , -0.07285237, ...,  0.84637328,
          0.68234104,  0.25697255],
        [ 0.08256948,  0.07285237,  0.        , ...,  0.80532378,
          0.62727032,  0.18588381],
        ...,
        [-0.85152395, -0.84637328, -0.80532378, ...,  0.        ,
          0.25531952,  0.68108991],
        [-0.68943363, -0.68234104, -0.62727032, ..., -0.25531952,
          0.        ,  0.47157147],
        [-0.26637951, -0.25697255, -0.18588381, ..., -0.68108991,
         -0.47157147,  0.        ]],

       ...,

       [[ 0.        , -0.18838223, -0.4621474 , ...,  0.26641008,
          0.72634956,  0.34637689],
        [ 0.18838223,  0.        , -0.28681507, ...,  0.44321427,
          0.84282475,  0.51689579],
        [ 0.4621474 ,  0.28681507,  0.        , ...,  0.68169858,
          0.96177474,  0.74070648],
        ...,
        [-0.26641008, -0.44321427, -0.68169858, ...,  0.        ,
          0.51698869,  0.08394067],
        [-0.72634956, -0.84282475, -0.96177474, ..., -0.51698869,
          0.        , -0.44331155],
        [-0.34637689, -0.51689579, -0.74070648, ..., -0.08394067,
          0.44331155,  0.        ]],

       [[ 0.        ,  0.06578955,  0.0497016 , ...,  0.61718286,
          0.37494356,  0.        ],
        [-0.06578955,  0.        , -0.01611432, ...,  0.66761026,
          0.4351213 ,  0.06578955],
        [-0.0497016 ,  0.01611432,  0.        , ...,  0.65552628,
          0.42055592,  0.0497016 ],
        ...,
        [-0.61718286, -0.66761026, -0.65552628, ...,  0.        ,
          0.27714491,  0.61718286],
        [-0.37494356, -0.4351213 , -0.42055592, ..., -0.27714491,
          0.        ,  0.37494356],
        [-0.        , -0.06578955, -0.0497016 , ..., -0.61718286,
         -0.37494356,  0.        ]],

       [[ 0.        ,  0.00528731,  0.0042522 , ...,  0.97044002,
          0.95419455,  0.957224  ],
        [-0.00528731,  0.        , -0.00103512, ...,  0.96915041,
          0.95259932,  0.95568075],
        [-0.0042522 ,  0.00103512,  0.        , ...,  0.96940501,
          0.95291373,  0.95598498],
        ...,
        [-0.97044002, -0.96915041, -0.96940501, ...,  0.        ,
         -0.06005524, -0.04977604],
        [-0.95419455, -0.95259932, -0.95291373, ...,  0.06005524,
          0.        ,  0.0102946 ],
        [-0.957224  , -0.95568075, -0.95598498, ...,  0.04977604,
         -0.0102946 ,  0.        ]]]), 'num': array([7.03430964e-01, 7.03430964e-01, 0.00000000e+00, 1.44824022e-03,
       1.51444549e-03, 1.38369008e-03, 1.01761054e-01, 1.65513168e-06,
       1.47604643e-03, 1.25516911e-03, 1.04231918e-03, 1.29276557e-06,
       1.52783371e-03, 9.82504513e-04])}
{'img': array([[[ 0.00000000e+00, -2.28219091e-01,  6.52466374e-02, ...,
          2.28219091e-01,  7.49860718e-01,  7.45517542e-01],
        [ 2.28219091e-01,  0.00000000e+00,  2.91257560e-01, ...,
          0.00000000e+00,  5.79082970e-01,  5.73738356e-01],
        [-6.52466374e-02, -2.91257560e-01,  0.00000000e+00, ...,
          2.91257560e-01,  7.91429787e-01,  7.87414940e-01],
        ...,
        [-2.28219091e-01, -0.00000000e+00, -2.91257560e-01, ...,
          0.00000000e+00, -5.79082970e-01, -5.73738356e-01],
        [-7.49860718e-01, -5.79082970e-01, -7.91429787e-01, ...,
          5.79082970e-01,  0.00000000e+00,  6.54045492e-03],
        [-7.45517542e-01, -5.73738356e-01, -7.87414940e-01, ...,
          5.73738356e-01, -6.54045492e-03,  0.00000000e+00]],

       [[ 0.00000000e+00, -6.26672057e-02,  1.37309889e-02, ...,
          8.01541550e-01,  9.01994855e-01,  9.99953827e-01],
        [ 6.26672057e-02,  0.00000000e+00,  7.63652981e-02, ...,
          8.37437275e-01,  9.27278329e-01,  9.98590603e-01],
        [-1.37309889e-02, -7.63652981e-02,  0.00000000e+00, ...,
          7.93255691e-01,  8.95981509e-01,  9.99727607e-01],
        ...,
        [-8.01541550e-01, -8.37437275e-01, -7.93255691e-01, ...,
          0.00000000e+00,  1.93274990e-01,  5.90208977e-01],
        [-9.01994855e-01, -9.27278329e-01, -8.95981509e-01, ...,
         -1.93274990e-01,  0.00000000e+00,  4.23059035e-01],
        [-9.99953827e-01, -9.98590603e-01, -9.99727607e-01, ...,
         -5.90208977e-01, -4.23059035e-01,  0.00000000e+00]],

       [[ 0.00000000e+00, -7.10581983e-02, -7.32965979e-02, ...,
          7.90432579e-01,  6.41135728e-01,  2.50812810e-01],
        [ 7.10581983e-02,  0.00000000e+00, -2.24425165e-03, ...,
          7.44907869e-01,  5.84983031e-01,  1.81391932e-01],
        [ 7.32965979e-02,  2.24425165e-03,  0.00000000e+00, ...,
          7.43408701e-01,  5.83161367e-01,  1.79184454e-01],
        ...,
        [-7.90432579e-01, -7.44907869e-01, -7.43408701e-01, ...,
          0.00000000e+00,  2.13872622e-01,  6.11531732e-01],
        [-6.41135728e-01, -5.84983031e-01, -5.83161367e-01, ...,
         -2.13872622e-01,  0.00000000e+00,  4.28161563e-01],
        [-2.50812810e-01, -1.81391932e-01, -1.79184454e-01, ...,
         -6.11531732e-01, -4.28161563e-01,  0.00000000e+00]],

       ...,

       [[ 0.00000000e+00, -2.86815071e-01,  2.73040528e-02, ...,
          8.42824749e-01,  5.16895791e-01,  6.28183049e-01],
        [ 2.86815071e-01,  0.00000000e+00,  3.12865038e-01, ...,
          9.61774744e-01,  7.40706477e-01,  8.24951483e-01],
        [-2.73040528e-02, -3.12865038e-01,  0.00000000e+00, ...,
          8.27815806e-01,  4.93329490e-01,  6.06704503e-01],
        ...,
        [-8.42824749e-01, -9.61774744e-01, -8.27815806e-01, ...,
          0.00000000e+00, -4.43311548e-01, -3.17692284e-01],
        [-5.16895791e-01, -7.40706477e-01, -4.93329490e-01, ...,
          4.43311548e-01,  0.00000000e+00,  1.35576223e-01],
        [-6.28183049e-01, -8.24951483e-01, -6.06704503e-01, ...,
          3.17692284e-01, -1.35576223e-01,  0.00000000e+00]],

       [[ 0.00000000e+00, -4.25024117e-02,  4.58713656e-02, ...,
          5.29534144e-01,  3.78457030e-01,  4.25024117e-02],
        [ 4.25024117e-02,  0.00000000e+00,  8.82875863e-02, ...,
          4.93001326e-01,  3.38774009e-01,  0.00000000e+00],
        [-4.58713656e-02, -8.82875863e-02,  0.00000000e+00, ...,
          5.67888891e-01,  4.20518050e-01,  8.82875863e-02],
        ...,
        [-5.29534144e-01, -4.93001326e-01, -5.67888891e-01, ...,
          0.00000000e+00,  1.69105999e-01,  4.93001326e-01],
        [-3.78457030e-01, -3.38774009e-01, -4.20518050e-01, ...,
         -1.69105999e-01,  0.00000000e+00,  3.38774009e-01],
        [-4.25024117e-02, -0.00000000e+00, -8.82875863e-02, ...,
         -4.93001326e-01, -3.38774009e-01,  0.00000000e+00]],

       [[ 0.00000000e+00, -1.03512270e-03, -1.63843206e-03, ...,
          9.52599322e-01,  9.55680747e-01,  9.67785207e-01],
        [ 1.03512270e-03,  0.00000000e+00, -6.03309877e-04, ...,
          9.52913725e-01,  9.55984980e-01,  9.68045309e-01],
        [ 1.63843206e-03,  6.03309877e-04,  0.00000000e+00, ...,
          9.53096500e-01,  9.56161827e-01,  9.68196428e-01],
        ...,
        [-9.52599322e-01, -9.52913725e-01, -9.53096500e-01, ...,
          0.00000000e+00,  1.02946021e-02,  5.45842713e-02],
        [-9.55680747e-01, -9.55984980e-01, -9.56161827e-01, ...,
         -1.02946021e-02,  0.00000000e+00,  4.43021243e-02],
        [-9.67785207e-01, -9.68045309e-01, -9.68196428e-01, ...,
         -5.45842713e-02, -4.43021243e-02,  0.00000000e+00]]]), 'num': array([ 9.74473890e-01,  2.17053104e-01,  8.92132845e-06,  1.99321259e-03,
        2.07068729e-03,  1.98851716e-03,  5.70942248e-02, -6.10406684e-05,
        2.08430405e-03,  1.80210835e-03,  1.49606374e-03,  1.67694144e-06,
        2.18543944e-03,  1.41877725e-03])}
{'img': array([[[ 0.00000000e+00,  2.91257560e-01,  2.36116362e-01, ...,
          5.79082970e-01,  5.73738356e-01,  6.92916428e-01],
        [-2.91257560e-01,  0.00000000e+00, -5.71427299e-02, ...,
          7.91429787e-01,  7.87414940e-01,  8.72876728e-01],
        [-2.36116362e-01,  5.71427299e-02,  0.00000000e+00, ...,
          7.55207536e-01,  7.50904208e-01,  8.43568195e-01],
        ...,
        [-5.79082970e-01, -7.91429787e-01, -7.55207536e-01, ...,
          0.00000000e+00,  6.54045492e-03, -1.47383825e-01],
        [-5.73738356e-01, -7.87414940e-01, -7.50904208e-01, ...,
         -6.54045492e-03,  0.00000000e+00, -1.53849702e-01],
        [-6.92916428e-01, -8.72876728e-01, -8.43568195e-01, ...,
          1.47383825e-01,  1.53849702e-01,  0.00000000e+00]],

       [[ 0.00000000e+00,  7.63652981e-02,  1.73030586e-02, ...,
          9.27278329e-01,  9.98590603e-01,  7.35812679e-01],
        [-7.63652981e-02,  0.00000000e+00, -5.91013334e-02, ...,
          8.95981509e-01,  9.99727607e-01,  6.81950593e-01],
        [-1.73030586e-02,  5.91013334e-02,  0.00000000e+00, ...,
          9.20661715e-01,  9.99359441e-01,  7.23985147e-01],
        ...,
        [-9.27278329e-01, -8.95981509e-01, -9.20661715e-01, ...,
          0.00000000e+00,  4.23059035e-01, -3.52470935e-01],
        [-9.98590603e-01, -9.99727607e-01, -9.99359441e-01, ...,
         -4.23059035e-01,  0.00000000e+00, -7.15282936e-01],
        [-7.35812679e-01, -6.81950593e-01, -7.23985147e-01, ...,
          3.52470935e-01,  7.15282936e-01,  0.00000000e+00]],

       [[ 0.00000000e+00, -2.24425165e-03, -3.72144091e-02, ...,
          5.84983031e-01,  1.81391932e-01,  3.54668136e-01],
        [ 2.24425165e-03,  0.00000000e+00, -3.49716183e-02, ...,
          5.83161367e-01,  1.79184454e-01,  3.52568885e-01],
        [ 3.72144091e-02,  3.49716183e-02,  0.00000000e+00, ...,
          5.54395235e-01,  1.44669228e-01,  3.19627275e-01],
        ...,
        [-5.84983031e-01, -5.83161367e-01, -5.54395235e-01, ...,
          0.00000000e+00,  4.28161563e-01,  2.59302595e-01],
        [-1.81391932e-01, -1.79184454e-01, -1.44669228e-01, ...,
         -4.28161563e-01,  0.00000000e+00, -1.79184454e-01],
        [-3.54668136e-01, -3.52568885e-01, -3.19627275e-01, ...,
         -2.59302595e-01,  1.79184454e-01,  0.00000000e+00]],

       ...,

       [[ 0.00000000e+00,  3.12865038e-01,  3.89496106e-01, ...,
          7.40706477e-01,  8.24951483e-01,  6.70638104e-01],
        [-3.12865038e-01,  0.00000000e+00,  8.17849688e-02, ...,
          4.93329490e-01,  6.06704503e-01,  4.04891960e-01],
        [-3.89496106e-01, -8.17849688e-02,  0.00000000e+00, ...,
          4.20536792e-01,  5.39658925e-01,  3.28754297e-01],
        ...,
        [-7.40706477e-01, -4.93329490e-01, -4.20536792e-01, ...,
          0.00000000e+00,  1.35576223e-01, -9.88907455e-02],
        [-8.24951483e-01, -6.06704503e-01, -5.39658925e-01, ...,
         -1.35576223e-01,  0.00000000e+00, -2.32889348e-01],
        [-6.70638104e-01, -4.04891960e-01, -3.28754297e-01, ...,
          9.88907455e-02,  2.32889348e-01,  0.00000000e+00]],

       [[ 0.00000000e+00,  8.76240481e-02,  9.94190965e-02, ...,
          4.10751041e-01,  2.43134583e-01,  0.00000000e+00],
        [-8.76240481e-02,  0.00000000e+00,  1.18467647e-02, ...,
          4.89062145e-01,  3.27194069e-01,  8.76240481e-02],
        [-9.94190965e-02, -1.18467647e-02,  0.00000000e+00, ...,
          4.99361153e-01,  3.38365793e-01,  9.94190965e-02],
        ...,
        [-4.10751041e-01, -4.89062145e-01, -4.99361153e-01, ...,
          0.00000000e+00,  1.76748097e-01,  4.10751041e-01],
        [-2.43134583e-01, -3.27194069e-01, -3.38365793e-01, ...,
         -1.76748097e-01,  0.00000000e+00,  2.43134583e-01],
        [-0.00000000e+00, -8.76240481e-02, -9.94190965e-02, ...,
         -4.10751041e-01, -2.43134583e-01,  0.00000000e+00]],

       [[ 0.00000000e+00, -6.03309877e-04, -5.27319489e-04, ...,
          9.55984980e-01,  9.68045309e-01,  9.87620078e-01],
        [ 6.03309877e-04,  0.00000000e+00,  7.59904006e-05, ...,
          9.56161827e-01,  9.68196428e-01,  9.87714536e-01],
        [ 5.27319489e-04, -7.59904006e-05,  0.00000000e+00, ...,
          9.56139571e-01,  9.68177413e-01,  9.87702658e-01],
        ...,
        [-9.55984980e-01, -9.56161827e-01, -9.56139571e-01, ...,
          0.00000000e+00,  4.43021243e-02,  1.39822700e-01],
        [-9.68045309e-01, -9.68196428e-01, -9.68177413e-01, ...,
         -4.43021243e-02,  0.00000000e+00,  9.58184940e-02],
        [-9.87620078e-01, -9.87714536e-01, -9.87702658e-01, ...,
         -1.39822700e-01, -9.58184940e-02,  0.00000000e+00]]]), 'num': array([8.23404680e-01, 5.65550172e-01, 3.00880406e-06, 1.69641124e-03,
       1.75777500e-03, 1.68255490e-03, 4.62276813e-02, 1.58358108e-05,
       1.73322950e-03, 1.53874595e-03, 1.27672926e-03, 1.44675609e-06,
       1.85575715e-03, 1.22173474e-03])}
{'img': array([[[ 0.00000000e+00, -6.68808544e-02, -2.58881494e-01, ...,
          7.67170812e-01,  8.56935627e-01,  8.33049932e-01],
        [ 6.68808544e-02,  0.00000000e+00, -1.93701025e-01, ...,
          7.22552846e-01,  8.20544961e-01,  7.94186365e-01],
        [ 2.58881494e-01,  1.93701025e-01,  0.00000000e+00, ...,
          5.74959575e-01,  6.94288320e-01,  6.61437828e-01],
        ...,
        [-7.67170812e-01, -7.22552846e-01, -5.74959575e-01, ...,
          0.00000000e+00, -1.54257417e-01, -1.09956724e-01],
        [-8.56935627e-01, -8.20544961e-01, -6.94288320e-01, ...,
          1.54257417e-01,  0.00000000e+00,  4.46814400e-02],
        [-8.33049932e-01, -7.94186365e-01, -6.61437828e-01, ...,
          1.09956724e-01, -4.46814400e-02,  0.00000000e+00]],

       [[ 0.00000000e+00, -5.91013334e-02, -3.14546741e-02, ...,
          9.99727607e-01,  6.81950593e-01,  6.64295109e-01],
        [ 5.91013334e-02,  0.00000000e+00,  2.76723979e-02, ...,
          9.99359441e-01,  7.23985147e-01,  7.07310412e-01],
        [ 3.14546741e-02, -2.76723979e-02,  0.00000000e+00, ...,
          9.99967044e-01,  7.04619043e-01,  6.87477840e-01],
        ...,
        [-9.99727607e-01, -9.99359441e-01, -9.99967044e-01, ...,
          0.00000000e+00, -7.15282936e-01, -7.31762784e-01],
        [-6.81950593e-01, -7.23985147e-01, -7.04619043e-01, ...,
          7.15282936e-01,  0.00000000e+00, -2.38736116e-02],
        [-6.64295109e-01, -7.07310412e-01, -6.87477840e-01, ...,
          7.31762784e-01,  2.38736116e-02,  0.00000000e+00]],

       [[ 0.00000000e+00, -3.49716183e-02, -1.04684122e-01, ...,
          1.79184454e-01,  3.52568885e-01,  5.17763434e-01],
        [ 3.49716183e-02,  0.00000000e+00, -6.98406194e-02, ...,
          1.44669228e-01,  3.19627275e-01,  4.87527668e-01],
        [ 1.04684122e-01,  6.98406194e-02,  0.00000000e+00, ...,
          7.52100679e-02,  2.52669782e-01,  4.25358834e-01],
        ...,
        [-1.79184454e-01, -1.44669228e-01, -7.52100679e-02, ...,
          0.00000000e+00, -1.79184454e-01, -3.56087119e-01],
        [-3.52568885e-01, -3.19627275e-01, -2.52669782e-01, ...,
          1.79184454e-01,  0.00000000e+00, -1.82884618e-01],
        [-5.17763434e-01, -4.87527668e-01, -4.25358834e-01, ...,
          3.56087119e-01,  1.82884618e-01,  0.00000000e+00]],

       ...,

       [[ 0.00000000e+00,  8.17849688e-02,  4.03238135e-02, ...,
          6.06704503e-01,  4.04891960e-01,  4.56429948e-01],
        [-8.17849688e-02,  0.00000000e+00, -4.15297215e-02, ...,
          5.39658925e-01,  3.28754297e-01,  3.82131966e-01],
        [-4.03238135e-02,  4.15297215e-02,  0.00000000e+00, ...,
          5.74156542e-01,  3.67691982e-01,  4.20180227e-01],
        ...,
        [-6.06704503e-01, -5.39658925e-01, -5.74156542e-01, ...,
          0.00000000e+00, -2.32889348e-01, -1.76992311e-01],
        [-4.04891960e-01, -3.28754297e-01, -3.67691982e-01, ...,
          2.32889348e-01,  0.00000000e+00,  5.70869490e-02],
        [-4.56429948e-01, -3.82131966e-01, -4.20180227e-01, ...,
          1.76992311e-01, -5.70869490e-02,  0.00000000e+00]],

       [[ 0.00000000e+00,  4.68080239e-02,  4.89809322e-02, ...,
          3.26836073e-01,  2.23224837e-01,  0.00000000e+00],
        [-4.68080239e-02,  0.00000000e+00,  2.17540352e-03, ...,
          3.70715205e-01,  2.68607078e-01,  4.68080239e-02],
        [-4.89809322e-02, -2.17540352e-03,  0.00000000e+00, ...,
          3.72734727e-01,  2.70701899e-01,  4.89809322e-02],
        ...,
        [-3.26836073e-01, -3.70715205e-01, -3.72734727e-01, ...,
          0.00000000e+00,  1.07623450e-01,  3.26836073e-01],
        [-2.23224837e-01, -2.68607078e-01, -2.70701899e-01, ...,
         -1.07623450e-01,  0.00000000e+00,  2.23224837e-01],
        [-0.00000000e+00, -4.68080239e-02, -4.89809322e-02, ...,
         -3.26836073e-01, -2.23224837e-01,  0.00000000e+00]],

       [[ 0.00000000e+00,  7.59904006e-05,  2.14895977e-04, ...,
          9.68196428e-01,  9.87714536e-01,  9.99796936e-01],
        [-7.59904006e-05,  0.00000000e+00,  1.38905577e-04, ...,
          9.68177413e-01,  9.87702658e-01,  9.99795402e-01],
        [-2.14895977e-04, -1.38905577e-04,  0.00000000e+00, ...,
          9.68142640e-01,  9.87680932e-01,  9.99792583e-01],
        ...,
        [-9.68196428e-01, -9.68177413e-01, -9.68142640e-01, ...,
          0.00000000e+00,  9.58184940e-02,  2.30629783e-01],
        [-9.87714536e-01, -9.87702658e-01, -9.87680932e-01, ...,
         -9.58184940e-02,  0.00000000e+00,  1.36333236e-01],
        [-9.99796936e-01, -9.99795402e-01, -9.99792583e-01, ...,
         -2.30629783e-01, -1.36333236e-01,  0.00000000e+00]]]), 'num': array([ 7.50156089e-01,  6.58156830e-01,  1.08361907e-06,  1.53332098e-03,
        1.61098035e-03,  1.45927368e-03,  6.38623133e-02, -1.44482543e-05,
        1.55463216e-03,  1.41186535e-03,  1.17825514e-03,  1.26683969e-06,
        1.70610750e-03,  1.11762319e-03])}
{'img': array([[[ 0.00000000e+00, -1.93701025e-01, -1.07657844e-01, ...,
          8.20544961e-01,  7.94186365e-01,  8.20544961e-01],
        [ 1.93701025e-01,  0.00000000e+00,  8.69563658e-02, ...,
          6.94288320e-01,  6.61437828e-01,  6.94288320e-01],
        [ 1.07657844e-01, -8.69563658e-02,  0.00000000e+00, ...,
          7.54240673e-01,  7.24149656e-01,  7.54240673e-01],
        ...,
        [-8.20544961e-01, -6.94288320e-01, -7.54240673e-01, ...,
          0.00000000e+00,  4.46814400e-02,  0.00000000e+00],
        [-7.94186365e-01, -6.61437828e-01, -7.24149656e-01, ...,
         -4.46814400e-02,  0.00000000e+00, -4.46814400e-02],
        [-8.20544961e-01, -6.94288320e-01, -7.54240673e-01, ...,
          0.00000000e+00,  4.46814400e-02,  0.00000000e+00]],

       [[ 0.00000000e+00,  2.76723979e-02, -1.82233529e-01, ...,
          7.23985147e-01,  7.07310412e-01,  8.73522962e-01],
        [-2.76723979e-02,  0.00000000e+00, -2.09372773e-01, ...,
          7.04619043e-01,  6.87477840e-01,  8.59717991e-01],
        [ 1.82233529e-01,  2.09372773e-01,  0.00000000e+00, ...,
          8.37569741e-01,  8.24288140e-01,  9.47604236e-01],
        ...,
        [-7.23985147e-01, -7.04619043e-01, -8.37569741e-01, ...,
          0.00000000e+00, -2.38736116e-02,  2.50146109e-01],
        [-7.07310412e-01, -6.87477840e-01, -8.24288140e-01, ...,
          2.38736116e-02,  0.00000000e+00,  2.73189438e-01],
        [-8.73522962e-01, -8.59717991e-01, -9.47604236e-01, ...,
         -2.50146109e-01, -2.73189438e-01,  0.00000000e+00]],

       [[ 0.00000000e+00, -6.98406194e-02, -1.44669228e-01, ...,
          3.19627275e-01,  4.87527668e-01,  6.06321382e-01],
        [ 6.98406194e-02,  0.00000000e+00, -7.52100679e-02, ...,
          2.52669782e-01,  4.25358834e-01,  5.49302207e-01],
        [ 1.44669228e-01,  7.52100679e-02,  0.00000000e+00, ...,
          1.79184454e-01,  3.56087119e-01,  4.84899105e-01],
        ...,
        [-3.19627275e-01, -2.52669782e-01, -1.79184454e-01, ...,
          0.00000000e+00, -1.82884618e-01, -3.20341888e-01],
        [-4.87527668e-01, -4.25358834e-01, -3.56087119e-01, ...,
          1.82884618e-01,  0.00000000e+00, -1.41692160e-01],
        [-6.06321382e-01, -5.49302207e-01, -4.84899105e-01, ...,
          3.20341888e-01,  1.41692160e-01,  0.00000000e+00]],

       ...,

       [[ 0.00000000e+00, -4.15297215e-02, -5.96729075e-02, ...,
          3.28754297e-01,  3.82131966e-01,  2.87043137e-01],
        [ 4.15297215e-02,  0.00000000e+00, -1.81657110e-02, ...,
          3.67691982e-01,  4.20180227e-01,  3.26577549e-01],
        [ 5.96729075e-02,  1.81657110e-02,  0.00000000e+00, ...,
          3.84524469e-01,  4.36595198e-01,  3.43693353e-01],
        ...,
        [-3.28754297e-01, -3.67691982e-01, -3.84524469e-01, ...,
          0.00000000e+00,  5.70869490e-02, -4.38315616e-02],
        [-3.82131966e-01, -4.20180227e-01, -4.36595198e-01, ...,
         -5.70869490e-02,  0.00000000e+00, -1.00792166e-01],
        [-2.87043137e-01, -3.26577549e-01, -3.43693353e-01, ...,
          4.38315616e-02,  1.00792166e-01,  0.00000000e+00]],

       [[ 0.00000000e+00,  1.43412232e-02,  3.85256584e-02, ...,
          3.17939813e-01,  2.30732864e-01,  0.00000000e+00],
        [-1.43412232e-02,  0.00000000e+00,  2.41911199e-02, ...,
          3.31504186e-01,  2.44663391e-01,  1.43412232e-02],
        [-3.85256584e-02, -2.41911199e-02,  0.00000000e+00, ...,
          3.54230374e-01,  2.68047696e-01,  3.85256584e-02],
        ...,
        [-3.17939813e-01, -3.31504186e-01, -3.54230374e-01, ...,
          0.00000000e+00,  9.06005425e-02,  3.17939813e-01],
        [-2.30732864e-01, -2.44663391e-01, -2.68047696e-01, ...,
         -9.06005425e-02,  0.00000000e+00,  2.30732864e-01],
        [-0.00000000e+00, -1.43412232e-02, -3.85256584e-02, ...,
         -3.17939813e-01, -2.30732864e-01,  0.00000000e+00]],

       [[ 0.00000000e+00,  1.38905577e-04,  4.30250618e-03, ...,
          9.87702658e-01,  9.99795402e-01,  9.99999943e-01],
        [-1.38905577e-04,  0.00000000e+00,  4.16360185e-03, ...,
          9.87680932e-01,  9.99792583e-01,  9.99999887e-01],
        [-4.30250618e-03, -4.16360185e-03,  0.00000000e+00, ...,
          9.87020845e-01,  9.99699119e-01,  9.99989238e-01],
        ...,
        [-9.87702658e-01, -9.87680932e-01, -9.87020845e-01, ...,
          0.00000000e+00,  1.36333236e-01,  1.56011292e-01],
        [-9.99795402e-01, -9.99792583e-01, -9.99699119e-01, ...,
         -1.36333236e-01,  0.00000000e+00,  1.98907472e-02],
        [-9.99999943e-01, -9.99999887e-01, -9.99989238e-01, ...,
         -1.56011292e-01, -1.98907472e-02,  0.00000000e+00]]]), 'num': array([ 7.81696995e-01,  6.21909093e-01,  1.97757305e-06,  1.53642214e-03,
        1.62769474e-03,  1.53071760e-03,  4.64807248e-02, -7.79620144e-05,
        1.61172203e-03,  1.49658545e-03,  1.25347707e-03,  1.17712681e-06,
        1.79902154e-03,  1.19414936e-03])}
{'img': array([[[ 0.        ,  0.08695637,  0.21198589, ...,  0.66143783,
          0.69428832,  0.82550559],
        [-0.08695637,  0.        ,  0.12620283, ...,  0.72414966,
          0.75424067,  0.87145632],
        [-0.21198589, -0.12620283,  0.        , ...,  0.80539457,
          0.83107464,  0.92638765],
        ...,
        [-0.66143783, -0.72414966, -0.80539457, ...,  0.        ,
         -0.04468144, -0.24581769],
        [-0.69428832, -0.75424067, -0.83107464, ...,  0.04468144,
          0.        , -0.20226175],
        [-0.82550559, -0.87145632, -0.92638765, ...,  0.24581769,
          0.20226175,  0.        ]],

       [[ 0.        , -0.20937277,  0.0043929 , ...,  0.68747784,
          0.85971799,  0.70679047],
        [ 0.20937277,  0.        ,  0.21366629, ...,  0.82428814,
          0.94760424,  0.8392402 ],
        [-0.0043929 , -0.21366629,  0.        , ...,  0.68428106,
          0.85746594,  0.70367601],
        ...,
        [-0.68747784, -0.82428814, -0.68428106, ...,  0.        ,
          0.27318944,  0.02693743],
        [-0.85971799, -0.94760424, -0.85746594, ..., -0.27318944,
          0.        , -0.24717757],
        [-0.70679047, -0.8392402 , -0.70367601, ..., -0.02693743,
          0.24717757,  0.        ]],

       [[ 0.        , -0.07521007,  0.04206327, ...,  0.42535883,
