state_0,state_1,state_2,state_3,state_4,state_5,state_6,state_7,state_8,state_9,state_10,state_11,state_12,state_13,state_14,state_15,state_16,state_17,state_18,state_19,state_20,state_21,state_22,state_23,state_24,state_25,state_26,state_27,state_28,state_29,state_30,state_31,state_32,state_33,state_34,state_35,state_36,state_37,state_38,state_39,state_40,state_41,state_42,state_43,state_44,state_45,state_46,state_47,state_48,state_49,state_50,state_51,state_52,state_53,state_54,state_55,state_56,state_57,state_58,state_59,state_60,state_61,state_62,state_63,state_64,state_65,state_66,state_67,state_68,state_69,state_70,state_71,state_72,state_73,state_74,state_75,state_76,state_77,state_78,state_79,state_80,state_81,state_82,state_83,state_84,state_85,state_86,state_87,state_88,state_89,state_90,state_91,state_92,state_93,state_94,state_95,state_96,state_97,state_98,state_99,state_100,state_101,state_102,state_103,state_104,state_105,state_106,state_107,state_108,state_109,state_110,state_111,state_112,state_113,state_114,state_115,state_116,state_117,state_118,state_119,state_120,state_121,state_122,state_123,state_124,state_125,state_126,state_127,state_128,state_129,state_130,state_131,state_132,state_133,state_134,state_135,state_136,state_137,state_138,state_139,state_140,state_141,state_142,state_143,state_144,state_145,state_146,state_147,state_148,state_149,state_150,state_151,state_152,state_153,state_154,state_155,state_156,state_157,state_158,state_159,state_160,state_161,state_162,state_163,state_164,state_165,state_166,state_167,state_168,state_169,state_170,state_171,state_172,state_173,state_174,state_175,state_176,state_177,state_178,state_179,state_180,state_181,state_182,state_183,state_184,state_185,state_186,state_187,state_188,state_189,state_190,state_191,state_192,state_193,state_194,state_195,state_196,state_197,state_198,state_199,state_200,state_201,state_202,state_203,state_204,state_205,state_206,state_207,state_208,state_209,state_210,state_211,state_212,state_213,state_214,state_215,state_216,state_217,state_218,state_219,state_220,state_221,state_222,state_223,state_224,state_225,state_226,state_227,state_228,state_229,state_230,state_231,state_232,state_233,state_234,state_235,state_236,state_237,state_238,state_239,state_240,state_241,state_242,state_243,state_244,state_245,state_246,state_247,state_248,state_249,state_250,state_251,state_252,state_253,state_254,state_255,state_256,state_257,state_258,state_259,state_260,state_261,state_262,state_263,state_264,state_265,state_266,state_267,state_268,state_269,state_270,state_271,state_272,state_273,state_274,state_275,state_276,state_277,state_278,state_279,state_280,state_281,state_282,state_283,state_284,state_285,state_286,state_287
{'img': array([[[ 0.        ,  0.0895845 , -0.25730604, ...,  0.70699597,
          0.25730604,  0.74244866],
        [-0.0895845 ,  0.        , -0.34283965, ...,  0.76750903,
          0.34283965,  0.79947636],
        [ 0.25730604,  0.34283965,  0.        , ...,  0.50122004,
          0.        ,  0.54508031],
        ...,
        [-0.70699597, -0.76750903, -0.50122004, ...,  0.        ,
          0.50122004, -0.05145403],
        [-0.25730604, -0.34283965, -0.        , ..., -0.50122004,
          0.        , -0.54508031],
        [-0.74244866, -0.79947636, -0.54508031, ...,  0.05145403,
          0.54508031,  0.        ]],

       [[ 0.        , -0.05571085, -0.18804693, ..., -0.38485529,
         -0.1760175 , -0.32672963],
        [ 0.05571085,  0.        , -0.13303791, ..., -0.33283776,
         -0.1209031 , -0.27356889],
        [ 0.18804693,  0.13303791,  0.        , ..., -0.20442651,
          0.01223361, -0.14317428],
        ...,
        [ 0.38485529,  0.33283776,  0.20442651, ...,  0.        ,
          0.21638647,  0.06216969],
        [ 0.1760175 ,  0.1209031 , -0.01223361, ..., -0.21638647,
          0.        , -0.15527114],
        [ 0.32672963,  0.27356889,  0.14317428, ..., -0.06216969,
          0.15527114,  0.        ]],

       [[ 0.        ,  0.30946593,  0.20939769, ...,  0.57761352,
          0.40461006,  0.        ],
        [-0.30946593,  0.        , -0.10348678, ...,  0.80187903,
          0.66775125,  0.30946593],
        [-0.20939769,  0.10348678,  0.        , ...,  0.73574166,
          0.58713203,  0.20939769],
        ...,
        [-0.57761352, -0.80187903, -0.73574166, ...,  0.        ,
          0.197934  ,  0.57761352],
        [-0.40461006, -0.66775125, -0.58713203, ..., -0.197934  ,
          0.        ,  0.40461006],
        [-0.        , -0.30946593, -0.20939769, ..., -0.57761352,
         -0.40461006,  0.        ]],

       ...,

       [[ 0.        ,  0.42217855,  0.22459157, ...,  0.86873529,
          0.82820592,  0.75328457],
        [-0.42217855,  0.        , -0.20779804, ...,  0.57842437,
          0.51418024,  0.40519742],
        [-0.22459157,  0.20779804,  0.        , ...,  0.73530673,
          0.68118125,  0.58632771],
        ...,
        [-0.86873529, -0.57842437, -0.73530673, ...,  0.        ,
         -0.07666893, -0.19827833],
        [-0.82820592, -0.51418024, -0.68118125, ...,  0.07666893,
          0.        , -0.12254799],
        [-0.75328457, -0.40519742, -0.58632771, ...,  0.19827833,
          0.12254799,  0.        ]],

       [[ 0.        , -0.37949551, -0.53945577, ...,  0.8474356 ,
          0.69967204,  0.53945577],
        [ 0.37949551,  0.        , -0.1795605 , ...,  0.58256848,
          0.37619614,  0.1795605 ],
        [ 0.53945577,  0.1795605 ,  0.        , ...,  0.42715649,
          0.2037118 ,  0.        ],
        ...,
        [-0.8474356 , -0.58256848, -0.42715649, ...,  0.        ,
          0.23400773,  0.42715649],
        [-0.69967204, -0.37619614, -0.2037118 , ..., -0.23400773,
          0.        ,  0.2037118 ],
        [-0.53945577, -0.1795605 , -0.        , ..., -0.42715649,
         -0.2037118 ,  0.        ]],

       [[ 0.        ,  0.14915486,  0.15369364, ...,  0.88139035,
          0.92571927,  0.98484856],
        [-0.14915486,  0.        ,  0.00459172, ...,  0.80107192,
          0.85895198,  0.94796597],
        [-0.15369364, -0.00459172,  0.        , ...,  0.79831502,
          0.8565917 ,  0.94649411],
        ...,
        [-0.88139035, -0.80107192, -0.79831502, ...,  0.        ,
          0.10394746,  0.3123836 ],
        [-0.92571927, -0.85895198, -0.8565917 , ..., -0.10394746,
          0.        ,  0.21194584],
        [-0.98484856, -0.94796597, -0.94649411, ..., -0.3123836 ,
         -0.21194584,  0.        ]]]), 'num': array([ 7.82094684e-01,  6.20650616e-01,  2.62938221e-06,  1.42870857e-03,
        1.47757319e-03,  1.42405479e-03,  5.57184008e-02, -4.88646252e-05,
        1.47012715e-03,  1.40730121e-03,  1.33107627e-03,  1.18539522e-06,
        1.56222086e-03,  1.25238156e-03])}
{'img': array([[[ 0.        , -0.34283965,  0.323793  , ...,  0.34283965,
          0.79947636,  0.9715532 ],
        [ 0.34283965,  0.        ,  0.62853936, ...,  0.        ,
          0.54508031,  0.83147942],
        [-0.323793  , -0.62853936,  0.        , ...,  0.62853936,
          0.95090859,  0.99589475],
        ...,
        [-0.34283965, -0.        , -0.62853936, ...,  0.        ,
         -0.54508031, -0.83147942],
        [-0.79947636, -0.54508031, -0.95090859, ...,  0.54508031,
          0.        , -0.39427652],
        [-0.9715532 , -0.83147942, -0.99589475, ...,  0.83147942,
          0.39427652,  0.        ]],

       [[ 0.        , -0.13303791,  0.19164777, ..., -0.1209031 ,
         -0.27356889, -0.1601269 ],
        [ 0.13303791,  0.        ,  0.32051609, ...,  0.01223361,
         -0.14317428, -0.02738228],
        [-0.19164777, -0.32051609,  0.        , ..., -0.30890391,
         -0.45283482, -0.34633358],
        ...,
        [ 0.1209031 , -0.01223361,  0.30890391, ...,  0.        ,
         -0.15527114, -0.03960925],
        [ 0.27356889,  0.14317428,  0.45283482, ...,  0.15527114,
          0.        ,  0.11602043],
        [ 0.1601269 ,  0.02738228,  0.34633358, ...,  0.03960925,
         -0.11602043,  0.        ]],

       [[ 0.        , -0.23137297, -0.00700175, ...,  0.61877049,
          0.33965539,  0.23137297],
        [ 0.23137297,  0.        ,  0.22455554, ...,  0.42022015,
          0.11282105,  0.        ],
        [ 0.00700175, -0.22455554,  0.        , ...,  0.61325495,
          0.33306157,  0.22455554],
        ...,
        [-0.61877049, -0.42022015, -0.61325495, ...,  0.        ,
          0.31516086,  0.42022015],
        [-0.33965539, -0.11282105, -0.33306157, ..., -0.31516086,
          0.        ,  0.11282105],
        [-0.23137297, -0.        , -0.22455554, ..., -0.42022015,
         -0.11282105,  0.        ]],

       ...,

       [[ 0.        , -0.20779804, -0.04632968, ...,  0.51418024,
          0.40519742, -0.23812829],
        [ 0.20779804,  0.        ,  0.16225653, ...,  0.68118125,
          0.58632771, -0.0311099 ],
        [ 0.04632968, -0.16225653,  0.        , ...,  0.55336425,
          0.44711827, -0.19287564],
        ...,
        [-0.51418024, -0.68118125, -0.55336425, ...,  0.        ,
         -0.12254799, -0.70362756],
        [-0.40519742, -0.58632771, -0.44711827, ...,  0.12254799,
          0.        , -0.61124523],
        [ 0.23812829,  0.0311099 ,  0.19287564, ...,  0.70362756,
          0.61124523,  0.        ]],

       [[ 0.        , -0.1795605 ,  0.05378974, ...,  0.37619614,
          0.1795605 ,  0.4440442 ],
        [ 0.1795605 ,  0.        ,  0.23221604, ...,  0.2037118 ,
          0.        ,  0.27594004],
        [-0.05378974, -0.23221604,  0.        , ...,  0.42548986,
          0.23221604,  0.49159722],
        ...,
        [-0.37619614, -0.2037118 , -0.42548986, ...,  0.        ,
          0.2037118 , -0.07435116],
        [-0.1795605 , -0.        , -0.23221604, ..., -0.2037118 ,
          0.        , -0.27594004],
        [-0.4440442 , -0.27594004, -0.49159722, ...,  0.07435116,
          0.27594004,  0.        ]],

       [[ 0.        ,  0.00459172, -0.0113065 , ...,  0.85895198,
          0.94796597,  0.99527051],
        [-0.00459172,  0.        , -0.01589781, ...,  0.8565917 ,
          0.94649411,  0.99570606],
        [ 0.0113065 ,  0.01589781,  0.        , ...,  0.86468664,
          0.95150505,  0.99410855],
        ...,
        [-0.85895198, -0.8565917 , -0.86468664, ...,  0.        ,
          0.21194584,  0.59307493],
        [-0.94796597, -0.94649411, -0.95150505, ..., -0.21194584,
          0.        ,  0.40895349],
        [-0.99527051, -0.99570606, -0.99410855, ..., -0.59307493,
         -0.40895349,  0.        ]]]), 'num': array([7.06950320e-01, 7.06950320e-01, 0.00000000e+00, 8.21912335e-04,
       8.31162152e-04, 8.11341115e-04, 2.09102030e-02, 1.05712197e-05,
       8.33804957e-04, 8.05460874e-04, 7.58518052e-04, 7.21501961e-07,
       8.80105378e-04, 7.30816370e-04])}
{'img': array([[[ 0.        ,  0.62853936,  0.71710058, ...,  0.54508031,
          0.83147942,  0.7483539 ],
        [-0.62853936,  0.        ,  0.11967201, ...,  0.95090859,
          0.99589475,  0.99896298],
        [-0.71710058, -0.11967201,  0.        , ...,  0.98110999,
          0.97790517,  0.99723256],
        ...,
        [-0.54508031, -0.95090859, -0.98110999, ...,  0.        ,
         -0.39427652, -0.26585623],
        [-0.83147942, -0.99589475, -0.97790517, ...,  0.39427652,
          0.        ,  0.13576785],
        [-0.7483539 , -0.99896298, -0.99723256, ...,  0.26585623,
         -0.13576785,  0.        ]],

       [[ 0.        ,  0.32051609,  0.25529772, ..., -0.14317428,
         -0.02738228, -0.22615916],
        [-0.32051609,  0.        , -0.06806599, ..., -0.45283482,
         -0.34633358, -0.52643933],
        [-0.25529772,  0.06806599,  0.        , ..., -0.39109736,
         -0.28167689, -0.46734786],
        ...,
        [ 0.14317428,  0.45283482,  0.39109736, ...,  0.        ,
          0.11602043, -0.08436446],
        [ 0.02738228,  0.34633358,  0.28167689, ..., -0.11602043,
          0.        , -0.19940154],
        [ 0.22615916,  0.52643933,  0.46734786, ...,  0.08436446,
          0.19940154,  0.        ]],

       [[ 0.        ,  0.22455554,  0.19478497, ...,  0.11282105,
          0.        ,  0.15929737],
        [-0.22455554,  0.        , -0.03044398, ...,  0.33306157,
          0.22455554,  0.37691722],
        [-0.19478497,  0.03044398,  0.        , ...,  0.3042014 ,
          0.19478497,  0.34854387],
        ...,
        [-0.11282105, -0.33306157, -0.3042014 , ...,  0.        ,
          0.11282105, -0.0468999 ],
        [-0.        , -0.22455554, -0.19478497, ..., -0.11282105,
          0.        , -0.15929737],
        [-0.15929737, -0.37691722, -0.34854387, ...,  0.0468999 ,
          0.15929737,  0.        ]],

       ...,

       [[ 0.        ,  0.16225653,  0.56549696, ...,  0.58632771,
         -0.0311099 ,  0.10858485],
        [-0.16225653,  0.        ,  0.42418221, ...,  0.44711827,
         -0.19287564, -0.05415119],
        [-0.56549696, -0.42418221,  0.        , ...,  0.02547964,
         -0.59088114, -0.47259789],
        ...,
        [-0.58632771, -0.44711827, -0.02547964, ...,  0.        ,
         -0.61124523, -0.49489911],
        [ 0.0311099 ,  0.19287564,  0.59088114, ...,  0.61124523,
          0.        ,  0.13945824],
        [-0.10858485,  0.05415119,  0.47259789, ...,  0.49489911,
         -0.13945824,  0.        ]],

       [[ 0.        ,  0.23221604,  0.37028278, ...,  0.        ,
          0.27594004,  0.45179857],
        [-0.23221604,  0.        ,  0.14445091, ...,  0.23221604,
          0.49159722,  0.64661288],
        [-0.37028278, -0.14445091,  0.        , ...,  0.37028278,
          0.61223246,  0.75002098],
        ...,
        [-0.        , -0.23221604, -0.37028278, ...,  0.        ,
         -0.27594004, -0.45179857],
        [-0.27594004, -0.49159722, -0.61223246, ...,  0.27594004,
          0.        , -0.18808581],
        [-0.45179857, -0.64661288, -0.75002098, ...,  0.45179857,
          0.18808581,  0.        ]],

       [[ 0.        , -0.01475464, -0.03842861, ...,  0.88183322,
          0.97423758,  0.86867781],
        [ 0.01475464,  0.        , -0.02368068, ...,  0.88869495,
          0.97745905,  0.86127413],
        [ 0.03842861,  0.02368068,  0.        , ...,  0.8993033 ,
          0.98218454,  0.84899949],
        ...,
        [-0.88183322, -0.88869495, -0.8993033 , ...,  0.        ,
          0.26053816,  0.84647527],
        [-0.97423758, -0.97745905, -0.98218454, ..., -0.26053816,
          0.        ,  0.6785232 ],
        [-0.86867781, -0.86127413, -0.84899949, ..., -0.84647527,
         -0.6785232 ,  0.        ]]]), 'num': array([7.06572849e-01, 7.06572849e-01, 0.00000000e+00, 8.51849510e-04,
       8.61094388e-04, 8.41283934e-04, 3.87837177e-02, 3.03760290e-05,
       8.35472868e-04, 8.12426707e-04, 7.61337748e-04, 7.59021215e-07,
       8.73592372e-04, 7.51261042e-04])}
{'img': array([[[ 0.        ,  0.16812007, -0.43737221, ...,  0.99497898,
          0.97081307,  0.6389693 ],
        [-0.16812007,  0.        , -0.582334  , ...,  0.99764312,
          0.99731651,  0.75919792],
        [ 0.43737221,  0.582334  ,  0.        , ...,  0.85099126,
          0.76813513,  0.23817188],
        ...,
        [-0.99497898, -0.99764312, -0.85099126, ...,  0.        ,
          0.1414702 ,  0.70141923],
        [-0.97081307, -0.99731651, -0.76813513, ..., -0.1414702 ,
          0.        ,  0.59353198],
        [-0.6389693 , -0.75919792, -0.23817188, ..., -0.70141923,
         -0.59353198,  0.        ]],

       [[ 0.        , -0.06806599, -0.36836469, ..., -0.34633358,
         -0.52643933, -0.24485928],
        [ 0.06806599,  0.        , -0.30423071, ..., -0.28167689,
         -0.46734786, -0.17829744],
        [ 0.36836469,  0.30423071,  0.        , ...,  0.02358725,
         -0.1762325 ,  0.12951005],
        ...,
        [ 0.34633358,  0.28167689, -0.02358725, ...,  0.        ,
         -0.19940154,  0.10608542],
        [ 0.52643933,  0.46734786,  0.1762325 , ...,  0.19940154,
          0.        ,  0.30223133],
        [ 0.24485928,  0.17829744, -0.12951005, ..., -0.10608542,
         -0.30223133,  0.        ]],

       [[ 0.        , -0.11300098,  0.09873839, ...,  0.27008207,
          0.33357543,  0.11300098],
        [ 0.11300098,  0.        ,  0.21055476, ...,  0.1595506 ,
          0.22491017,  0.        ],
        [-0.09873839, -0.21055476,  0.        , ...,  0.3638313 ,
          0.42502838,  0.21055476],
        ...,
        [-0.27008207, -0.1595506 , -0.3638313 , ...,  0.        ,
         -0.06656618,  0.1595506 ],
        [-0.33357543, -0.22491017, -0.42502838, ...,  0.06656618,
          0.        ,  0.22491017],
        [-0.11300098, -0.        , -0.21055476, ..., -0.1595506 ,
         -0.22491017,  0.        ]],

       ...,

       [[ 0.        ,  0.42418221,  0.05917794, ..., -0.19287564,
         -0.05415119,  0.05476382],
        [-0.42418221,  0.        , -0.36984863, ..., -0.59088114,
         -0.47259789, -0.3739528 ],
        [-0.05917794,  0.36984863,  0.        , ..., -0.25060439,
         -0.1131474 , -0.00442129],
        ...,
        [ 0.19287564,  0.59088114,  0.25060439, ...,  0.        ,
          0.13945824,  0.24632173],
        [ 0.05415119,  0.47259789,  0.1131474 , ..., -0.13945824,
          0.        ,  0.10875339],
        [-0.05476382,  0.3739528 ,  0.00442129, ..., -0.24632173,
         -0.10875339,  0.        ]],

       [[ 0.        ,  0.29450914,  0.29653207, ...,  0.27780724,
          0.45473841,  0.55683148],
        [-0.29450914,  0.        ,  0.0021175 , ...,  0.54840245,
          0.69686737,  0.77676206],
        [-0.29653207, -0.0021175 ,  0.        , ...,  0.5501719 ,
          0.69838448,  0.77809391],
        ...,
        [-0.27780724, -0.54840245, -0.5501719 , ...,  0.        ,
         -0.18941638, -0.30415906],
        [-0.45473841, -0.69686737, -0.69838448, ...,  0.18941638,
          0.        , -0.11821075],
        [-0.55683148, -0.77676206, -0.77809391, ...,  0.30415906,
          0.11821075,  0.        ]],

       [[ 0.        , -0.02174632,  0.0435634 , ...,  0.91366764,
          0.99357911,  0.8223688 ],
        [ 0.02174632,  0.        ,  0.06527877, ...,  0.92229063,
          0.99580452,  0.80980166],
        [-0.0435634 , -0.06527877,  0.        , ...,  0.89509339,
          0.98770713,  0.8463737 ],
        ...,
        [-0.91366764, -0.92229063, -0.89509339, ...,  0.        ,
          0.30048036,  0.85409733],
        [-0.99357911, -0.99580452, -0.98770713, ..., -0.30048036,
          0.        ,  0.65834399],
        [-0.8223688 , -0.80980166, -0.8463737 , ..., -0.85409733,
         -0.65834399,  0.        ]]]), 'num': array([7.05553703e-01, 7.05553703e-01, 0.00000000e+00, 8.86228202e-04,
       8.90184578e-04, 8.50620819e-04, 6.61992026e-02, 3.56073831e-05,
       8.40861758e-04, 8.18837933e-04, 7.63690448e-04, 8.50185685e-07,
       8.77561356e-04, 7.60114509e-04])}
{'img': array([[[ 0.        , -0.5403141 ,  0.82113249, ...,  0.98559934,
          0.98651926,  0.5403141 ],
        [ 0.5403141 ,  0.        ,  0.99933053, ...,  0.92071152,
          0.74170006,  0.        ],
        [-0.82113249, -0.99933053,  0.        , ...,  0.42366721,
          0.69741804,  0.99933053],
        ...,
        [-0.98559934, -0.92071152, -0.42366721, ...,  0.        ,
          0.32810648,  0.92071152],
        [-0.98651926, -0.74170006, -0.69741804, ..., -0.32810648,
          0.        ,  0.74170006],
        [-0.5403141 , -0.        , -0.99933053, ..., -0.92071152,
         -0.74170006,  0.        ]],

       [[ 0.        , -0.30423071,  0.78318561, ..., -0.46734786,
         -0.17829744,  0.14827329],
        [ 0.30423071,  0.        ,  0.55689435, ..., -0.1762325 ,
          0.12951005,  0.44211277],
        [-0.78318561, -0.55689435,  0.        , ..., -0.40180238,
         -0.65977314, -0.86672316],
        ...,
        [ 0.46734786,  0.1762325 ,  0.40180238, ...,  0.        ,
          0.30223133,  0.59326648],
        [ 0.17829744, -0.12951005,  0.65977314, ..., -0.30223133,
          0.        ,  0.32222407],
        [-0.14827329, -0.44211277,  0.86672316, ..., -0.59326648,
         -0.32222407,  0.        ]],

       [[ 0.        ,  0.20650778,  0.69419763, ...,  0.43921216,
          0.38475747,  0.        ],
        [-0.20650778,  0.        ,  0.53059308, ...,  0.61526808,
          0.56707435,  0.20650778],
        [-0.69419763, -0.53059308,  0.        , ...,  0.93979368,
          0.91769915,  0.69419763],
        ...,
        [-0.43921216, -0.61526808, -0.93979368, ...,  0.        ,
          0.05974088,  0.43921216],
        [-0.38475747, -0.56707435, -0.91769915, ..., -0.05974088,
          0.        ,  0.38475747],
        [-0.        , -0.20650778, -0.69419763, ..., -0.43921216,
         -0.38475747,  0.        ]],

       ...,

       [[ 0.        , -0.36984863,  0.36915088, ..., -0.47259789,
         -0.3739528 , -0.11156836],
        [ 0.36984863,  0.        ,  0.68670116, ..., -0.1131474 ,
         -0.00442129,  0.2638823 ],
        [-0.36915088, -0.68670116,  0.        , ..., -0.76454266,
         -0.68990846, -0.47053441],
        ...,
        [ 0.47259789,  0.1131474 ,  0.76454266, ...,  0.        ,
          0.10875339,  0.37132458],
        [ 0.3739528 ,  0.00442129,  0.68990846, ..., -0.10875339,
          0.        ,  0.2681443 ],
        [ 0.11156836, -0.2638823 ,  0.47053441, ..., -0.37132458,
         -0.2681443 ,  0.        ]],

       [[ 0.        ,  0.03577014,  0.72984243, ...,  0.45956414,
          0.56251906,  0.47505587],
        [-0.03577014,  0.        ,  0.70492234, ...,  0.4910391 ,
          0.59173327,  0.50622799],
        [-0.72984243, -0.70492234,  0.        , ...,  0.96237073,
          0.98796897,  0.96698447],
        ...,
        [-0.45956414, -0.4910391 , -0.96237073, ...,  0.        ,
         -0.11963783, -0.01752224],
        [-0.56251906, -0.59173327, -0.98796897, ...,  0.11963783,
          0.        ,  0.10222308],
        [-0.47505587, -0.50622799, -0.96698447, ...,  0.01752224,
         -0.10222308,  0.        ]],

       [[ 0.        ,  0.06294233, -0.26677742, ...,  0.97988889,
          0.98402903,  0.79259379],
        [-0.06294233,  0.        , -0.32690962, ...,  0.96538617,
          0.9932821 ,  0.82940129],
        [ 0.26677742,  0.32690962,  0.        , ...,  0.99760973,
          0.90087748,  0.6012012 ],
        ...,
        [-0.97988889, -0.96538617, -0.99760973, ...,  0.        ,
          0.37078512,  0.75564453],
        [-0.98402903, -0.9932821 , -0.90087748, ..., -0.37078512,
          0.        ,  0.45892363],
        [-0.79259379, -0.82940129, -0.6012012 , ..., -0.75564453,
         -0.45892363,  0.        ]]]), 'num': array([ 7.06784850e-01,  7.06784850e-01,  0.00000000e+00,  8.61352752e-04,
        8.86453523e-04,  8.61352752e-04,  3.00786363e-02, -2.64218636e-05,
        8.46820727e-04,  8.25220854e-04,  7.67907428e-04,  7.60251735e-07,
        8.80241014e-04,  7.70200693e-04])}
{'img': array([[[ 0.        ,  0.99933053,  0.99813926, ...,  0.74170006,
          0.        ,  0.65445892],
        [-0.99933053,  0.        , -0.0244175 , ...,  0.69741804,
          0.99933053,  0.779535  ],
        [-0.99813926,  0.0244175 ,  0.        , ...,  0.71470926,
          0.99813926,  0.79459669],
        ...,
        [-0.74170006, -0.69741804, -0.71470926, ...,  0.        ,
          0.74170006,  0.12183126],
        [-0.        , -0.99933053, -0.99813926, ..., -0.74170006,
          0.        , -0.65445892],
        [-0.65445892, -0.779535  , -0.79459669, ..., -0.12183126,
          0.65445892,  0.        ]],

       [[ 0.        ,  0.55689435,  0.48762915, ...,  0.12951005,
          0.44211277, -0.00164695],
        [-0.55689435,  0.        , -0.89121374, ..., -0.65977314,
         -0.86672316, -0.55552566],
        [-0.48762915,  0.89121374,  0.        , ..., -0.37045352,
         -0.05139665, -0.48906636],
        ...,
        [-0.12951005,  0.65977314,  0.37045352, ...,  0.        ,
          0.32222407, -0.13114296],
        [-0.44211277,  0.86672316,  0.05139665, ..., -0.32222407,
          0.        , -0.44358942],
        [ 0.00164695,  0.55552566,  0.48906636, ...,  0.13114296,
          0.44358942,  0.        ]],

       [[ 0.        ,  0.66677223,  0.87565255, ...,  0.48838051,
          0.31693939,  0.        ],
        [-0.66677223,  0.        ,  0.33057813, ...,  0.94581719,
          0.86860006,  0.66677223],
        [-0.87565255, -0.33057813,  0.        , ...,  0.99998064,
          0.9835722 ,  0.87565255],
        ...,
        [-0.48838051, -0.94581719, -0.99998064, ...,  0.        ,
          0.18663137,  0.48838051],
        [-0.31693939, -0.86860006, -0.9835722 , ..., -0.18663137,
          0.        ,  0.31693939],
        [-0.        , -0.66677223, -0.87565255, ..., -0.48838051,
         -0.31693939,  0.        ]],

       ...,

       [[ 0.        ,  0.68670116,  0.6393447 , ..., -0.00442129,
          0.2638823 , -0.0015354 ],
        [-0.68670116,  0.        , -0.0632533 , ..., -0.68990846,
         -0.47053441, -0.6878165 ],
        [-0.6393447 ,  0.0632533 ,  0.        , ..., -0.64273807,
         -0.41377861, -0.64052455],
        ...,
        [ 0.00442129,  0.68990846,  0.64273807, ...,  0.        ,
          0.2681443 ,  0.0028859 ],
        [-0.2638823 ,  0.47053441,  0.41377861, ..., -0.2681443 ,
          0.        , -0.26536297],
        [ 0.0015354 ,  0.6878165 ,  0.64052455, ..., -0.0028859 ,
          0.26536297,  0.        ]],

       [[ 0.        ,  0.7293373 ,  0.88698022, ...,  0.56260054,
          0.47512704,  0.45286766],
        [-0.7293373 ,  0.        ,  0.27001796, ...,  0.98786978,
          0.96681665,  0.96009226],
        [-0.88698022, -0.27001796,  0.        , ...,  0.99310526,
          0.99988635,  0.99994947],
        ...,
        [-0.56260054, -0.98786978, -0.99310526, ...,  0.        ,
          0.10224066,  0.12720335],
        [-0.47512704, -0.96681665, -0.99988635, ..., -0.10224066,
          0.        ,  0.02512664],
        [-0.45286766, -0.96009226, -0.99994947, ..., -0.12720335,
         -0.02512664,  0.        ]],

       [[ 0.        , -0.31809908, -0.47937961, ...,  0.99967749,
          0.98350717,  0.81511631],
        [ 0.31809908,  0.        , -0.17531324, ...,  0.95582992,
          0.87488702,  0.58850316],
        [ 0.47937961,  0.17531324,  0.        , ...,  0.88949858,
          0.77642844,  0.43764897],
        ...,
        [-0.99967749, -0.95582992, -0.88949858, ...,  0.        ,
          0.20578721,  0.59981059],
        [-0.98350717, -0.87488702, -0.77642844, ..., -0.20578721,
          0.        ,  0.42231371],
        [-0.81511631, -0.58850316, -0.43764897, ..., -0.59981059,
         -0.42231371,  0.        ]]]), 'num': array([7.06539767e-01, 7.06539767e-01, 0.00000000e+00, 8.98031854e-04,
       9.08596934e-04, 8.57092166e-04, 3.99665115e-02, 3.69777822e-05,
       8.63959469e-04, 8.32066132e-04, 7.71426971e-04, 7.67811092e-07,
       8.86134648e-04, 7.77997615e-04])}
{'img': array([[[ 0.        , -0.02685363,  0.        , ...,  0.97037524,
          0.78586423,  0.97646271],
        [ 0.02685363,  0.        ,  0.02685363, ...,  0.97651321,
          0.80218709,  0.97031862],
        [ 0.        , -0.02685363,  0.        , ...,  0.97037524,
          0.78586423,  0.97646271],
        ...,
        [-0.97037524, -0.97651321, -0.97037524, ...,  0.        ,
         -0.41021217,  0.44521272],
        [-0.78586423, -0.80218709, -0.78586423, ...,  0.41021217,
          0.        ,  0.77334376],
        [-0.97646271, -0.97031862, -0.97646271, ..., -0.44521272,
         -0.77334376,  0.        ]],

       [[ 0.        , -0.89121374, -0.57274168, ..., -0.86672316,
         -0.55552566, -0.67196346],
        [ 0.89121374,  0.        , -0.47077369, ..., -0.05139665,
         -0.48906636, -0.35522731],
        [ 0.57274168,  0.47077369,  0.        , ...,  0.42480657,
         -0.02085002,  0.12666909],
        ...,
        [ 0.86672316,  0.05139665, -0.42480657, ...,  0.        ,
         -0.44358942, -0.30671325],
        [ 0.55552566,  0.48906636,  0.02085002, ...,  0.44358942,
          0.        ,  0.14732362],
        [ 0.67196346,  0.35522731, -0.12666909, ...,  0.30671325,
         -0.14732362,  0.        ]],

       [[ 0.        ,  0.68310565,  0.86262399, ...,  0.67124949,
          0.60761427,  0.        ],
        [-0.68310565,  0.        ,  0.28444514, ...,  0.99656606,
          0.98629714,  0.68310565],
        [-0.86262399, -0.28444514,  0.        , ...,  0.97895272,
          0.99248286,  0.86262399],
        ...,
        [-0.67124949, -0.99656606, -0.97895272, ...,  0.        ,
          0.08274517,  0.67124949],
        [-0.60761427, -0.98629714, -0.99248286, ..., -0.08274517,
          0.        ,  0.60761427],
        [-0.        , -0.68310565, -0.86262399, ..., -0.67124949,
         -0.60761427,  0.        ]],

       ...,

       [[ 0.        , -0.0632533 ,  0.20801468, ..., -0.47053441,
         -0.6878165 , -0.6712807 ],
        [ 0.0632533 ,  0.        ,  0.26946782, ..., -0.41377861,
         -0.64052455, -0.62305291],
        [-0.20801468, -0.26946782,  0.        , ..., -0.64379014,
         -0.82376565, -0.81077806],
        ...,
        [ 0.47053441,  0.41377861,  0.64379014, ...,  0.        ,
         -0.26536297, -0.24356414],
        [ 0.6878165 ,  0.64052455,  0.82376565, ...,  0.26536297,
          0.        ,  0.02253949],
        [ 0.6712807 ,  0.62305291,  0.81077806, ...,  0.24356414,
         -0.02253949,  0.        ]],

       [[ 0.        ,  0.67703126,  0.85715659, ...,  0.51465572,
          0.49084968,  0.3241144 ],
        [-0.67703126,  0.        ,  0.28211909, ...,  0.95924759,
          0.95110253,  0.87901706],
        [-0.85715659, -0.28211909,  0.        , ...,  0.99999989,
          0.9996078 ,  0.9778225 ],
        ...,
        [-0.51465572, -0.95924759, -0.99999989, ...,  0.        ,
          0.02753784,  0.20897883],
        [-0.49084968, -0.95110253, -0.9996078 , ..., -0.02753784,
          0.        ,  0.18196977],
        [-0.3241144 , -0.87901706, -0.9778225 , ..., -0.20897883,
         -0.18196977,  0.        ]],

       [[ 0.        , -0.17141968, -0.34345446, ...,  0.93611022,
          0.85467202,  0.57748223],
        [ 0.17141968,  0.        , -0.17737858, ...,  0.86196455,
          0.75302558,  0.42898681],
        [ 0.34345446,  0.17737858,  0.        , ...,  0.75837075,
          0.62437108,  0.26195625],
        ...,
        [-0.93611022, -0.86196455, -0.75837075, ...,  0.        ,
          0.18540483,  0.56113903],
        [-0.85467202, -0.75302558, -0.62437108, ..., -0.18540483,
          0.        ,  0.39794655],
        [-0.57748223, -0.42898681, -0.26195625, ..., -0.56113903,
         -0.39794655,  0.        ]]]), 'num': array([7.06508361e-01, 7.06508361e-01, 0.00000000e+00, 9.12518275e-04,
       9.23082886e-04, 9.00633088e-04, 4.10595719e-02, 1.45263401e-05,
       8.82145019e-04, 8.37311451e-04, 7.73681679e-04, 9.02504457e-07,
       9.00403913e-04, 7.74218988e-04])}
{'img': array([[[ 0.        ,  0.0254084 ,  0.01272881, ...,  0.75064005,
          0.97436603,  0.95620955],
        [-0.0254084 ,  0.        , -0.01268164, ...,  0.73361009,
          0.96833537,  0.96333745],
        [-0.01272881,  0.01268164,  0.        , ...,  0.74216916,
          0.97142351,  0.95985759],
        ...,
        [-0.75064005, -0.73361009, -0.74216916, ...,  0.        ,
          0.47490433,  0.85147805],
        [-0.97436603, -0.96833537, -0.97142351, ..., -0.47490433,
          0.        ,  0.50029735],
        [-0.95620955, -0.96333745, -0.95985759, ..., -0.85147805,
         -0.50029735,  0.        ]],

       [[ 0.        , -0.94035484, -0.95218357, ..., -0.92364381,
         -0.99872489, -0.9999065 ],
        [ 0.94035484,  0.        ,  0.03662494, ..., -0.0461737 ,
          0.29228901,  0.3273042 ],
        [ 0.95218357, -0.03662494,  0.        , ..., -0.0827286 ,
          0.25706737,  0.292477  ],
        ...,
        [ 0.92364381,  0.0461737 ,  0.0827286 , ...,  0.        ,
          0.33613456,  0.37058551],
        [ 0.99872489, -0.29228901, -0.25706737, ..., -0.33613456,
          0.        ,  0.03682139],
        [ 0.9999065 , -0.3273042 , -0.292477  , ..., -0.37058551,
         -0.03682139,  0.        ]],

       [[ 0.        ,  0.33179902,  0.54190446, ...,  0.99347287,
          0.92407162,  0.50095928],
        [-0.33179902,  0.        ,  0.23234843, ...,  0.9750406 ,
          0.99854306,  0.75974237],
        [-0.54190446, -0.23234843,  0.        , ...,  0.89676875,
          0.98375322,  0.89002878],
        ...,
        [-0.99347287, -0.9750406 , -0.89676875, ...,  0.        ,
          0.27431695,  0.80267806],
        [-0.92407162, -0.99854306, -0.98375322, ..., -0.27431695,
          0.        ,  0.60828072],
        [-0.50095928, -0.75974237, -0.89002878, ..., -0.80267806,
         -0.60828072,  0.        ]],

       ...,

       [[ 0.        ,  0.26946782,  0.16002115, ..., -0.64052455,
         -0.62305291, -0.26286784],
        [-0.26946782,  0.        , -0.11189347, ..., -0.82376565,
         -0.81077806, -0.51313533],
        [-0.16002115,  0.11189347,  0.        , ..., -0.75515676,
         -0.74018928, -0.41387392],
        ...,
        [ 0.64052455,  0.82376565,  0.75515676, ...,  0.        ,
          0.02253949,  0.41613236],
        [ 0.62305291,  0.81077806,  0.74018928, ..., -0.02253949,
          0.        ,  0.3955314 ],
        [ 0.26286784,  0.51313533,  0.41387392, ..., -0.41613236,
         -0.3955314 ,  0.        ]],

       [[ 0.        ,  0.64783532,  0.8242329 , ...,  0.67998793,
          0.58106084,  0.        ],
        [-0.64783532,  0.        ,  0.26104711, ...,  0.99300944,
          0.9698881 ,  0.64783532],
        [-0.8242329 , -0.26104711,  0.        , ...,  0.98939058,
          0.99983654,  0.8242329 ],
        ...,
        [-0.67998793, -0.99300944, -0.98939058, ...,  0.        ,
          0.12736771,  0.67998793],
        [-0.58106084, -0.9698881 , -0.99983654, ..., -0.12736771,
          0.        ,  0.58106084],
        [-0.        , -0.64783532, -0.8242329 , ..., -0.67998793,
         -0.58106084,  0.        ]],

       [[ 0.        , -0.17737858, -0.42898681, ...,  0.75302558,
          0.42898681,  0.66028987],
        [ 0.17737858,  0.        , -0.26195625, ...,  0.62437108,
          0.26195625,  0.51660622],
        [ 0.42898681,  0.26195625,  0.        , ...,  0.39794655,
          0.        ,  0.2742732 ],
        ...,
        [-0.75302558, -0.62437108, -0.39794655, ...,  0.        ,
          0.39794655,  0.13106542],
        [-0.42898681, -0.26195625, -0.        , ..., -0.39794655,
          0.        , -0.2742732 ],
        [-0.66028987, -0.51660622, -0.2742732 , ..., -0.13106542,
          0.2742732 ,  0.        ]]]), 'num': array([7.06304495e-01, 7.06304495e-01, 0.00000000e+00, 9.36018481e-04,
       9.41299262e-04, 8.85851059e-04, 4.75585445e-02, 2.37635157e-05,
       8.98788973e-04, 8.43802838e-04, 7.76186834e-04, 9.45628274e-07,
       9.17965742e-04, 7.69639933e-04])}
{'img': array([[[ 0.        , -0.01171297,  0.04636283, ...,  0.88992501,
          0.95760929,  0.9401868 ],
        [ 0.01171297,  0.        ,  0.05806003, ...,  0.89520633,
          0.96091776,  0.93613217],
        [-0.04636283, -0.05806003,  0.        , ...,  0.86782164,
          0.94322379,  0.95496971],
        ...,
        [-0.88992501, -0.89520633, -0.86782164, ...,  0.        ,
          0.18041129,  0.73198692],
        [-0.95760929, -0.96091776, -0.94322379, ..., -0.18041129,
          0.        ,  0.59705836],
        [-0.9401868 , -0.93613217, -0.95496971, ..., -0.73198692,
         -0.59705836,  0.        ]],

       [[ 0.        ,  0.03915435, -0.33430084, ...,  0.31425498,
          0.35214733,  0.56785944],
        [-0.03915435,  0.        , -0.37094615, ...,  0.27684327,
          0.31523099,  0.53519505],
        [ 0.33430084,  0.37094615,  0.        , ...,  0.61353947,
          0.64477409,  0.81036001],
        ...,
        [-0.31425498, -0.27684327, -0.61353947, ...,  0.        ,
          0.04018181,  0.28041959],
        [-0.35214733, -0.31523099, -0.64477409, ..., -0.04018181,
          0.        ,  0.24162351],
        [-0.56785944, -0.53519505, -0.81036001, ..., -0.28041959,
         -0.24162351,  0.        ]],

       [[ 0.        ,  0.21946256,  0.4512743 , ...,  0.99139892,
          0.98893855,  0.73250283],
        [-0.21946256,  0.        ,  0.24442749, ...,  0.93850745,
          0.9973811 ,  0.86404729],
        [-0.4512743 , -0.24442749,  0.        , ...,  0.82564946,
          0.94944985,  0.96088604],
        ...,
        [-0.99139892, -0.93850745, -0.82564946, ...,  0.        ,
          0.27647705,  0.77077473],
        [-0.98893855, -0.9973811 , -0.94944985, ..., -0.27647705,
          0.        ,  0.56458465],
        [-0.73250283, -0.86404729, -0.96088604, ..., -0.77077473,
         -0.56458465,  0.        ]],

       ...,

       [[ 0.        , -0.11189347, -0.07262638, ..., -0.81077806,
         -0.51313533, -0.38108794],
        [ 0.11189347,  0.        ,  0.03942769, ..., -0.74018928,
         -0.41387392, -0.27524493],
        [ 0.07262638, -0.03942769,  0.        , ..., -0.76612485,
         -0.44944448, -0.31293567],
        ...,
        [ 0.81077806,  0.74018928,  0.76612485, ...,  0.        ,
          0.3955314 ,  0.52652454],
        [ 0.51313533,  0.41387392,  0.44944448, ..., -0.3955314 ,
          0.        ,  0.1473228 ],
        [ 0.38108794,  0.27524493,  0.31293567, ..., -0.52652454,
         -0.1473228 ,  0.        ]],

       [[ 0.        ,  0.59483014,  0.77863515, ...,  0.81416789,
          0.64121797,  0.        ],
        [-0.59483014,  0.        ,  0.25266478, ...,  0.99984596,
          0.97189211,  0.59483014],
        [-0.77863515, -0.25266478,  0.        , ...,  0.96297013,
          0.99984201,  0.77863515],
        ...,
        [-0.81416789, -0.99984596, -0.96297013, ...,  0.        ,
          0.25244879,  0.81416789],
        [-0.64121797, -0.97189211, -0.99984201, ..., -0.25244879,
          0.        ,  0.64121797],
        [-0.        , -0.59483014, -0.77863515, ..., -0.81416789,
         -0.64121797,  0.        ]],

       [[ 0.        , -0.26195625, -0.09097547, ...,  0.26195625,
          0.51660622,  0.6251202 ],
        [ 0.26195625,  0.        ,  0.17307137, ...,  0.        ,
          0.2742732 ,  0.39882652],
        [ 0.09097547, -0.17307137,  0.        , ...,  0.17307137,
          0.43656862,  0.55151896],
        ...,
        [-0.26195625, -0.        , -0.17307137, ...,  0.        ,
         -0.2742732 , -0.39882652],
        [-0.51660622, -0.2742732 , -0.43656862, ...,  0.2742732 ,
          0.        , -0.13201648],
        [-0.6251202 , -0.39882652, -0.55151896, ...,  0.39882652,
          0.13201648,  0.        ]]]), 'num': array([ 7.05329848e-01,  7.05329848e-01,  0.00000000e+00,  8.91220518e-04,
        9.25498230e-04,  8.74081662e-04,  7.08069428e-02, -4.35063271e-05,
        8.98603410e-04,  8.46395817e-04,  7.77071342e-04,  8.45956359e-07,
        9.22286511e-04,  7.70505124e-04])}
{'img': array([[[ 0.        ,  0.05806003, -0.10783925, ...,  0.96091776,
          0.93613217,  0.86762323],
        [-0.05806003,  0.        , -0.16537877, ...,  0.94322379,
          0.95496971,  0.83729089],
        [ 0.10783925,  0.16537877,  0.        , ...,  0.98516759,
          0.89275147,  0.91618362],
        ...,
        [-0.96091776, -0.94322379, -0.98516759, ...,  0.        ,
          0.59705836, -0.23760205],
        [-0.93613217, -0.95496971, -0.89275147, ..., -0.59705836,
          0.        , -0.77056399],
        [-0.86762323, -0.83729089, -0.91618362, ...,  0.23760205,
          0.77056399,  0.        ]],

       [[ 0.        , -0.35138168, -0.35236726, ...,  0.29366218,
          0.49659238,  0.95325004],
