state_0,state_1,state_2,state_3,state_4,state_5,state_6,state_7,state_8,state_9,state_10,state_11,state_12,state_13,state_14,state_15,state_16,state_17,state_18,state_19,state_20,state_21,state_22,state_23,state_24,state_25,state_26,state_27,state_28,state_29,state_30,state_31,state_32,state_33,state_34,state_35,state_36,state_37,state_38,state_39,state_40,state_41,state_42,state_43,state_44,state_45,state_46,state_47,state_48,state_49,state_50,state_51,state_52,state_53,state_54,state_55,state_56,state_57,state_58,state_59,state_60,state_61,state_62,state_63,state_64,state_65,state_66,state_67,state_68,state_69,state_70,state_71,state_72,state_73,state_74,state_75,state_76,state_77,state_78,state_79,state_80,state_81,state_82,state_83,state_84,state_85,state_86,state_87,state_88,state_89,state_90,state_91,state_92,state_93,state_94,state_95,state_96,state_97,state_98,state_99,state_100,state_101,state_102,state_103,state_104,state_105,state_106,state_107,state_108,state_109,state_110,state_111,state_112,state_113,state_114,state_115,state_116,state_117,state_118,state_119,state_120,state_121,state_122,state_123,state_124,state_125,state_126,state_127,state_128,state_129,state_130,state_131,state_132,state_133,state_134,state_135,state_136,state_137,state_138,state_139,state_140,state_141,state_142,state_143,state_144,state_145,state_146,state_147,state_148,state_149,state_150,state_151,state_152,state_153,state_154,state_155,state_156,state_157,state_158,state_159,state_160,state_161,state_162,state_163,state_164,state_165,state_166,state_167,state_168,state_169,state_170,state_171,state_172,state_173,state_174,state_175,state_176,state_177,state_178,state_179,state_180,state_181,state_182,state_183,state_184,state_185,state_186,state_187,state_188,state_189,state_190,state_191,state_192,state_193,state_194,state_195,state_196,state_197,state_198,state_199,state_200,state_201,state_202,state_203,state_204,state_205,state_206,state_207,state_208,state_209,state_210,state_211,state_212,state_213,state_214,state_215,state_216,state_217,state_218,state_219,state_220,state_221,state_222,state_223,state_224,state_225,state_226,state_227,state_228,state_229,state_230,state_231,state_232,state_233,state_234,state_235,state_236,state_237,state_238,state_239,state_240,state_241,state_242,state_243,state_244,state_245,state_246,state_247,state_248,state_249,state_250,state_251,state_252,state_253,state_254,state_255,state_256,state_257,state_258,state_259,state_260,state_261,state_262,state_263,state_264,state_265,state_266,state_267,state_268,state_269,state_270,state_271,state_272,state_273,state_274,state_275,state_276,state_277,state_278,state_279,state_280,state_281,state_282,state_283,state_284,state_285,state_286,state_287
{'img': array([[[ 0.        ,  0.11486384,  0.12650527, ...,  0.99498336,
          0.98636198,  0.9847367 ],
        [-0.11486384,  0.        ,  0.01172695, ...,  0.99988885,
          0.99873899,  0.9982111 ],
        [-0.12650527, -0.01172695,  0.        , ...,  0.99964526,
          0.99925905,  0.99884359],
        ...,
        [-0.99498336, -0.99988885, -0.99964526, ...,  0.        ,
          0.06508863,  0.0746639 ],
        [-0.98636198, -0.99873899, -0.99925905, ..., -0.06508863,
          0.        ,  0.00959862],
        [-0.9847367 , -0.9982111 , -0.99884359, ..., -0.0746639 ,
         -0.00959862,  0.        ]],

       [[ 0.        , -0.07052597, -0.04373106, ...,  0.11767602,
          0.12205823,  0.05024934],
        [ 0.07052597,  0.        ,  0.02683633, ...,  0.18741895,
          0.19175293,  0.12056108],
        [ 0.04373106, -0.02683633,  0.        , ...,  0.16099067,
          0.16534554,  0.09387708],
        ...,
        [-0.11767602, -0.18741895, -0.16099067, ...,  0.        ,
          0.00441402, -0.06762715],
        [-0.12205823, -0.19175293, -0.16534554, ..., -0.00441402,
          0.        , -0.07203041],
        [-0.05024934, -0.12056108, -0.09387708, ...,  0.06762715,
          0.07203041,  0.        ]],

       [[ 0.        ,  0.01684992,  0.00189874, ...,  0.79922162,
          0.80169967,  0.83512581],
        [-0.01684992,  0.        , -0.01495142, ...,  0.80923557,
          0.8116575 ,  0.84427569],
        [-0.00189874,  0.01495142,  0.        , ...,  0.80036139,
          0.80283315,  0.83616872],
        ...,
        [-0.79922162, -0.80923557, -0.80036139, ...,  0.        ,
         -0.00413432, -0.062322  ],
        [-0.80169967, -0.8116575 , -0.80283315, ...,  0.00413432,
          0.        , -0.05819519],
        [-0.83512581, -0.84427569, -0.83616872, ...,  0.062322  ,
          0.05819519,  0.        ]],

       ...,

       [[ 0.        ,  0.26961367,  0.41547783, ...,  0.63030266,
          0.67571772,  0.63908692],
        [-0.26961367,  0.        ,  0.1548506 , ...,  0.39764722,
          0.45194639,  0.40805143],
        [-0.41547783, -0.1548506 ,  0.        , ...,  0.25076938,
          0.30836124,  0.26175723],
        ...,
        [-0.63030266, -0.39764722, -0.25076938, ...,  0.        ,
          0.05995891,  0.01136727],
        [-0.67571772, -0.45194639, -0.30836124, ..., -0.05995891,
          0.        , -0.04860821],
        [-0.63908692, -0.40805143, -0.26175723, ..., -0.01136727,
          0.04860821,  0.        ]],

       [[ 0.        , -0.09139961, -0.22412331, ...,  0.997656  ,
          0.99787644,  0.99746001],
        [ 0.09139961,  0.        , -0.13411071, ...,  0.99973448,
          0.99965297,  0.99979521],
        [ 0.22412331,  0.13411071,  0.        , ...,  0.98761292,
          0.9870896 ,  0.98804943],
        ...,
        [-0.997656  , -0.99973448, -0.98761292, ...,  0.        ,
          0.00330087, -0.00280668],
        [-0.99787644, -0.99965297, -0.9870896 , ..., -0.00330087,
          0.        , -0.00610752],
        [-0.99746001, -0.99979521, -0.98804943, ...,  0.00280668,
          0.00610752,  0.        ]],

       [[ 0.        ,  0.0237028 ,  0.06573796, ...,  0.87273032,
          0.86632508,  0.7331174 ],
        [-0.0237028 ,  0.        ,  0.04206797, ...,  0.8840569 ,
          0.87792078,  0.74903176],
        [-0.06573796, -0.04206797,  0.        , ...,  0.90293598,
          0.89728599,  0.77624014],
        ...,
        [-0.87273032, -0.8840569 , -0.90293598, ...,  0.        ,
          0.01296969,  0.23563591],
        [-0.86632508, -0.87792078, -0.89728599, ..., -0.01296969,
          0.        ,  0.22301161],
        [-0.7331174 , -0.74903176, -0.77624014, ..., -0.23563591,
         -0.22301161,  0.        ]]]), 'num': array([ 7.07132235e-01,  7.07024355e-01,  2.10704199e-08,  5.39402749e-05,
        6.11042176e-05,  5.34135144e-05,  8.97445019e-03, -3.16056298e-07,
        5.37506411e-05,  5.39718805e-05,  4.48861399e-05,  5.12523727e-07,
        5.64500969e-05,  5.14936641e-05])}
{'img': array([[[ 0.00000000e+00,  1.17269521e-02, -1.88506553e-01, ...,
          9.98738993e-01,  9.98211096e-01,  9.99511430e-01],
        [-1.17269521e-02,  0.00000000e+00, -2.00010301e-01, ...,
          9.99259055e-01,  9.98843587e-01,  9.99809231e-01],
        [ 1.88506553e-01,  2.00010301e-01,  0.00000000e+00, ...,
          9.71369784e-01,  9.69044665e-01,  9.75700268e-01],
        ...,
        [-9.98738993e-01, -9.99259055e-01, -9.71369784e-01, ...,
          0.00000000e+00,  9.59862148e-03, -1.89632778e-02],
        [-9.98211096e-01, -9.98843587e-01, -9.69044665e-01, ...,
         -9.59862148e-03,  0.00000000e+00, -2.85592997e-02],
        [-9.99511430e-01, -9.99809231e-01, -9.75700268e-01, ...,
          1.89632778e-02,  2.85592997e-02,  0.00000000e+00]],

       [[ 0.00000000e+00,  2.68363259e-02,  1.04868269e-01, ...,
          1.91752933e-01,  1.20561082e-01,  5.18209020e-01],
        [-2.68363259e-02,  0.00000000e+00,  7.81421460e-02, ...,
          1.65345541e-01,  9.38770819e-02,  4.95070508e-01],
        [-1.04868269e-01, -7.81421460e-02,  0.00000000e+00, ...,
          8.77733779e-02,  1.57929729e-02,  4.25662672e-01],
        ...,
        [-1.91752933e-01, -1.65345541e-01, -8.77733779e-02, ...,
          0.00000000e+00, -7.20304117e-02,  3.44595271e-01],
        [-1.20561082e-01, -9.38770819e-02, -1.57929729e-02, ...,
          7.20304117e-02,  0.00000000e+00,  4.11318809e-01],
        [-5.18209020e-01, -4.95070508e-01, -4.25662672e-01, ...,
         -3.44595271e-01, -4.11318809e-01,  0.00000000e+00]],

       [[ 0.00000000e+00, -1.49514197e-02, -8.16724023e-02, ...,
          8.11657503e-01,  8.44275692e-01,  8.44275692e-01],
        [ 1.49514197e-02,  0.00000000e+00, -6.67618027e-02, ...,
          8.02833150e-01,  8.36168718e-01,  8.36168718e-01],
        [ 8.16724023e-02,  6.67618027e-02,  0.00000000e+00, ...,
          7.61238345e-01,  7.97686177e-01,  7.97686177e-01],
        ...,
        [-8.11657503e-01, -8.02833150e-01, -7.61238345e-01, ...,
          0.00000000e+00, -5.81951885e-02, -5.81951885e-02],
        [-8.44275692e-01, -8.36168718e-01, -7.97686177e-01, ...,
          5.81951885e-02,  0.00000000e+00,  0.00000000e+00],
        [-8.44275692e-01, -8.36168718e-01, -7.97686177e-01, ...,
          5.81951885e-02,  0.00000000e+00,  0.00000000e+00]],

       ...,

       [[ 0.00000000e+00,  1.54850603e-01, -1.43078394e-01, ...,
          4.51946389e-01,  4.08051434e-01,  1.66754470e-01],
        [-1.54850603e-01,  0.00000000e+00, -2.94609969e-01, ...,
          3.08361244e-01,  2.61757233e-01,  1.20606057e-02],
        [ 1.43078394e-01,  2.94609969e-01,  0.00000000e+00, ...,
          5.74928855e-01,  5.34477838e-01,  3.06113868e-01],
        ...,
        [-4.51946389e-01, -3.08361244e-01, -5.74928855e-01, ...,
          0.00000000e+00, -4.86082146e-02, -2.96865932e-01],
        [-4.08051434e-01, -2.61757233e-01, -5.34477838e-01, ...,
          4.86082146e-02,  0.00000000e+00, -2.50098098e-01],
        [-1.66754470e-01, -1.20606057e-02, -3.06113868e-01, ...,
          2.96865932e-01,  2.50098098e-01,  0.00000000e+00]],

       [[ 0.00000000e+00, -1.34110715e-01, -2.64666916e-01, ...,
          9.99652968e-01,  9.99795213e-01,  9.99786416e-01],
        [ 1.34110715e-01,  0.00000000e+00, -1.32947696e-01, ...,
          9.87089604e-01,  9.88049429e-01,  9.87983040e-01],
        [ 2.64666916e-01,  1.32947696e-01,  0.00000000e+00, ...,
          9.57033162e-01,  9.58786362e-01,  9.58664064e-01],
        ...,
        [-9.99652968e-01, -9.87089604e-01, -9.57033162e-01, ...,
          0.00000000e+00, -6.10752048e-03, -5.67740842e-03],
        [-9.99795213e-01, -9.88049429e-01, -9.58786362e-01, ...,
          6.10752048e-03,  0.00000000e+00,  4.30119521e-04],
        [-9.99786416e-01, -9.87983040e-01, -9.58664064e-01, ...,
          5.67740842e-03, -4.30119521e-04,  0.00000000e+00]],

       [[ 0.00000000e+00,  4.20621254e-02,  5.81335009e-02, ...,
          8.78835220e-01,  7.68659418e-01,  7.48963485e-01],
        [-4.20621254e-02,  0.00000000e+00,  1.60910619e-02, ...,
          8.98126357e-01,  7.94884539e-01,  7.76171489e-01],
        [-5.81335009e-02, -1.60910619e-02,  0.00000000e+00, ...,
          9.05085920e-01,  8.04545050e-01,  7.86216764e-01],
        ...,
        [-8.78835220e-01, -8.98126357e-01, -9.05085920e-01, ...,
          0.00000000e+00,  1.95407275e-01,  2.24976614e-01],
        [-7.68659418e-01, -7.94884539e-01, -8.04545050e-01, ...,
         -1.95407275e-01,  0.00000000e+00,  3.02417102e-02],
        [-7.48963485e-01, -7.76171489e-01, -7.86216764e-01, ...,
         -2.24976614e-01, -3.02417102e-02,  0.00000000e+00]]]), 'num': array([ 7.07106381e-01,  7.07106381e-01,  0.00000000e+00,  4.79250530e-05,
        4.94315380e-05,  4.76425871e-05,  1.05506675e-03, -2.82465931e-07,
        4.81510257e-05,  4.82781354e-05,  4.04200901e-05,  3.34099489e-07,
        5.04343743e-05,  4.61218966e-05])}
{'img': array([[[ 0.00000000e+00, -2.00010301e-01, -1.92234977e-01, ...,
          9.98843587e-01,  9.99809231e-01,  9.99964974e-01],
        [ 2.00010301e-01,  0.00000000e+00,  7.92925610e-03, ...,
          9.69044665e-01,  9.75700268e-01,  9.81433484e-01],
        [ 1.92234977e-01, -7.92925610e-03,  0.00000000e+00, ...,
          9.70971819e-01,  9.77406970e-01,  9.82923484e-01],
        ...,
        [-9.98843587e-01, -9.69044665e-01, -9.70971819e-01, ...,
          0.00000000e+00, -2.85592997e-02, -5.64361828e-02],
        [-9.99809231e-01, -9.75700268e-01, -9.77406970e-01, ...,
          2.85592997e-02,  0.00000000e+00, -2.78993804e-02],
        [-9.99964974e-01, -9.81433484e-01, -9.82923484e-01, ...,
          5.64361828e-02,  2.78993804e-02,  0.00000000e+00]],

       [[ 0.00000000e+00,  7.81421460e-02, -2.79527266e-03, ...,
          9.38770819e-02,  4.95070508e-01,  1.09188048e-01],
        [-7.81421460e-02,  0.00000000e+00, -8.09285660e-02, ...,
          1.57929729e-02,  4.25662672e-01,  3.11792332e-02],
        [ 2.79527266e-03,  8.09285660e-02,  0.00000000e+00, ...,
          9.66596433e-02,  4.97497254e-01,  1.11966182e-01],
        ...,
        [-9.38770819e-02, -1.57929729e-02, -9.66596433e-02, ...,
          0.00000000e+00,  4.11318809e-01,  1.53900501e-02],
        [-4.95070508e-01, -4.25662672e-01, -4.97497254e-01, ...,
         -4.11318809e-01,  0.00000000e+00, -3.97242195e-01],
        [-1.09188048e-01, -3.11792332e-02, -1.11966182e-01, ...,
         -1.53900501e-02,  3.97242195e-01,  0.00000000e+00]],

       [[ 0.00000000e+00, -6.67618027e-02, -7.77414554e-02, ...,
          8.36168718e-01,  8.36168718e-01,  8.23612243e-01],
        [ 6.67618027e-02,  0.00000000e+00, -1.10082580e-02, ...,
          7.97686177e-01,  7.97686177e-01,  7.83910539e-01],
        [ 7.77414554e-02,  1.10082580e-02,  0.00000000e+00, ...,
          7.90999063e-01,  7.90999063e-01,  7.77028301e-01],
        ...,
        [-8.36168718e-01, -7.97686177e-01, -7.90999063e-01, ...,
          0.00000000e+00,  0.00000000e+00,  2.25073443e-02],
        [-8.36168718e-01, -7.97686177e-01, -7.90999063e-01, ...,
          0.00000000e+00,  0.00000000e+00,  2.25073443e-02],
        [-8.23612243e-01, -7.83910539e-01, -7.77028301e-01, ...,
         -2.25073443e-02, -2.25073443e-02,  0.00000000e+00]],

       ...,

       [[ 0.00000000e+00, -2.94609969e-01,  2.39535304e-01, ...,
          2.61757233e-01,  1.20606057e-02, -5.36340065e-01],
        [ 2.94609969e-01,  0.00000000e+00,  5.14937330e-01, ...,
          5.34477838e-01,  3.06113868e-01, -2.63884601e-01],
        [-2.39535304e-01, -5.14937330e-01,  0.00000000e+00, ...,
          2.29532612e-02, -2.27808389e-01, -7.22894217e-01],
        ...,
        [-2.61757233e-01, -5.34477838e-01, -2.29532612e-02, ...,
          0.00000000e+00, -2.50098098e-01, -7.38563519e-01],
        [-1.20606057e-02, -3.06113868e-01,  2.27808389e-01, ...,
          2.50098098e-01,  0.00000000e+00, -5.46480231e-01],
        [ 5.36340065e-01,  2.63884601e-01,  7.22894217e-01, ...,
          7.38563519e-01,  5.46480231e-01,  0.00000000e+00]],

       [[ 0.00000000e+00, -1.32947696e-01, -1.96612911e-01, ...,
          9.88049429e-01,  9.87983040e-01,  9.88245345e-01],
        [ 1.32947696e-01,  0.00000000e+00, -6.45148736e-02, ...,
          9.58786362e-01,  9.58664064e-01,  9.59148203e-01],
        [ 1.96612911e-01,  6.45148736e-02,  0.00000000e+00, ...,
          9.38458485e-01,  9.38309838e-01,  9.38898532e-01],
        ...,
        [-9.88049429e-01, -9.58786362e-01, -9.38458485e-01, ...,
          0.00000000e+00,  4.30119521e-04, -1.27626368e-03],
        [-9.87983040e-01, -9.58664064e-01, -9.38309838e-01, ...,
         -4.30119521e-04,  0.00000000e+00, -1.70638273e-03],
        [-9.88245345e-01, -9.59148203e-01, -9.38898532e-01, ...,
          1.27626368e-03,  1.70638273e-03,  0.00000000e+00]],

       [[ 0.00000000e+00,  1.60483049e-02,  8.79589365e-03, ...,
          8.52847500e-01,  8.51051722e-01,  7.74873684e-01],
        [-1.60483049e-02,  0.00000000e+00, -7.25292317e-03, ...,
          8.61117452e-01,  8.59368796e-01,  7.84918286e-01],
        [-8.79589365e-03,  7.25292317e-03,  0.00000000e+00, ...,
          8.57407372e-01,  8.55637364e-01,  7.80403734e-01],
        ...,
        [-8.52847500e-01, -8.61117452e-01, -8.57407372e-01, ...,
          0.00000000e+00,  3.42952729e-03,  1.34490543e-01],
        [-8.51051722e-01, -8.59368796e-01, -8.55637364e-01, ...,
         -3.42952729e-03,  0.00000000e+00,  1.31091382e-01],
        [-7.74873684e-01, -7.84918286e-01, -7.80403734e-01, ...,
         -1.34490543e-01, -1.31091382e-01,  0.00000000e+00]]]), 'num': array([ 7.07105684e-01,  7.07105684e-01,  0.00000000e+00,  4.68892983e-05,
        4.83957818e-05,  4.61360566e-05,  1.75665389e-03, -1.03570739e-06,
        4.79814989e-05,  4.82451335e-05,  4.07056544e-05,  2.98761748e-07,
        5.04642024e-05,  4.60260646e-05])}
{'img': array([[[ 0.        ,  0.00792926, -0.45340551, ...,  0.97570027,
          0.98143348,  0.99545439],
        [-0.00792926,  0.        , -0.46045864, ...,  0.97740697,
          0.98292348,  0.99617827],
        [ 0.45340551,  0.46045864,  0.        , ...,  0.77030042,
          0.78779148,  0.84407071],
        ...,
        [-0.97570027, -0.97740697, -0.77030042, ...,  0.        ,
         -0.02789938, -0.12518834],
        [-0.98143348, -0.98292348, -0.78779148, ...,  0.02789938,
          0.        , -0.09745972],
        [-0.99545439, -0.99617827, -0.84407071, ...,  0.12518834,
          0.09745972,  0.        ]],

       [[ 0.        , -0.08092857,  0.01499184, ...,  0.42566267,
          0.03117923,  0.09871108],
        [ 0.08092857,  0.        ,  0.09586214, ...,  0.49749725,
          0.11196618,  0.17892062],
        [-0.01499184, -0.09586214,  0.        , ...,  0.41204899,
          0.01619118,  0.08378137],
        ...,
        [-0.42566267, -0.49749725, -0.41204899, ...,  0.        ,
         -0.39724219, -0.33426192],
        [-0.03117923, -0.11196618, -0.01619118, ...,  0.39724219,
          0.        ,  0.06763613],
        [-0.09871108, -0.17892062, -0.08378137, ...,  0.33426192,
         -0.06763613,  0.        ]],

       [[ 0.        , -0.01100826, -0.11192633, ...,  0.79768618,
          0.78391054,  0.80422156],
        [ 0.01100826,  0.        , -0.10098046, ...,  0.79099906,
          0.7770283 ,  0.79763029],
        [ 0.11192633,  0.10098046,  0.        , ...,  0.7251742 ,
          0.70949272,  0.7326471 ],
        ...,
        [-0.79768618, -0.79099906, -0.7251742 , ...,  0.        ,
          0.02250734, -0.0109156 ],
        [-0.78391054, -0.7770283 , -0.70949272, ..., -0.02250734,
          0.        , -0.03341884],
        [-0.80422156, -0.79763029, -0.7326471 , ...,  0.0109156 ,
          0.03341884,  0.        ]],

       ...,

       [[ 0.        ,  0.51493733,  0.27499248, ...,  0.30611387,
         -0.2638846 , -0.59341198],
        [-0.51493733,  0.        , -0.25935343, ..., -0.22780839,
         -0.72289422, -0.92316175],
        [-0.27499248,  0.25935343,  0.        , ...,  0.03252063,
         -0.51895606, -0.79187494],
        ...,
        [-0.30611387,  0.22780839, -0.03252063, ...,  0.        ,
         -0.54648023, -0.81131589],
        [ 0.2638846 ,  0.72289422,  0.51895606, ...,  0.54648023,
          0.        , -0.35997763],
        [ 0.59341198,  0.92316175,  0.79187494, ...,  0.81131589,
          0.35997763,  0.        ]],

       [[ 0.        , -0.06451487, -0.12681112, ...,  0.95866406,
          0.9591482 ,  0.95825395],
        [ 0.06451487,  0.        , -0.06255291, ...,  0.93830984,
          0.93889853,  0.93781167],
        [ 0.12681112,  0.06255291,  0.        , ...,  0.91484177,
          0.9155295 ,  0.91426021],
        ...,
        [-0.95866406, -0.93830984, -0.91484177, ...,  0.        ,
         -0.00170638,  0.00143785],
        [-0.9591482 , -0.93889853, -0.9155295 , ...,  0.00170638,
          0.        ,  0.00314422],
        [-0.95825395, -0.93781167, -0.91426021, ..., -0.00143785,
         -0.00314422,  0.        ]],

       [[ 0.        , -0.00725292, -0.03821269, ...,  0.8593688 ,
          0.78491829,  0.85761516],
        [ 0.00725292,  0.        , -0.03096406, ...,  0.85563736,
          0.78040373,  0.85386248],
        [ 0.03821269,  0.03096406,  0.        , ...,  0.83920084,
          0.76066845,  0.8373363 ],
        ...,
        [-0.8593688 , -0.85563736, -0.83920084, ...,  0.        ,
          0.13109138,  0.00341955],
        [-0.78491829, -0.78040373, -0.76066845, ..., -0.13109138,
          0.        , -0.12770058],
        [-0.85761516, -0.85386248, -0.8373363 , ..., -0.00341955,
          0.12770058,  0.        ]]]), 'num': array([ 7.07106064e-01,  7.07106064e-01,  0.00000000e+00,  4.66068577e-05,
        4.73600999e-05,  4.56653051e-05,  1.41819490e-03, -2.82465804e-07,
        4.76237346e-05,  4.82569288e-05,  4.10101117e-05,  3.37730853e-07,
        5.04383003e-05,  4.60755573e-05])}
{'img': array([[[ 0.00000000e+00, -4.60458640e-01, -2.83916768e-01, ...,
          9.82923484e-01,  9.96178272e-01,  9.98084547e-01],
        [ 4.60458640e-01,  0.00000000e+00,  1.89482708e-01, ...,
          7.87791481e-01,  8.44070712e-01,  8.57494727e-01],
        [ 2.83916768e-01, -1.89482708e-01,  0.00000000e+00, ...,
          8.90230260e-01,  9.30386245e-01,  9.39447882e-01],
        ...,
        [-9.82923484e-01, -7.87791481e-01, -8.90230260e-01, ...,
          0.00000000e+00, -9.74597169e-02, -1.22854034e-01],
        [-9.96178272e-01, -8.44070712e-01, -9.30386245e-01, ...,
          9.74597169e-02,  0.00000000e+00, -2.55477481e-02],
        [-9.98084547e-01, -8.57494727e-01, -9.39447882e-01, ...,
          1.22854034e-01,  2.55477481e-02,  0.00000000e+00]],

       [[ 0.00000000e+00,  9.58621354e-02,  4.01535036e-02, ...,
          1.11966182e-01,  1.78920621e-01,  1.48920692e-01],
        [-9.58621354e-02,  0.00000000e+00, -5.58162433e-02, ...,
          1.61911789e-02,  8.37813660e-02,  5.34416654e-02],
        [-4.01535036e-02,  5.58162433e-02,  0.00000000e+00, ...,
          7.19748644e-02,  1.39270758e-01,  1.09094833e-01],
        ...,
        [-1.11966182e-01, -1.61911789e-02, -7.19748644e-02, ...,
          0.00000000e+00,  6.76361301e-02,  3.72666186e-02],
        [-1.78920621e-01, -8.37813660e-02, -1.39270758e-01, ...,
         -6.76361301e-02,  0.00000000e+00, -3.04078671e-02],
        [-1.48920692e-01, -5.34416654e-02, -1.09094833e-01, ...,
         -3.72666186e-02,  3.04078671e-02,  0.00000000e+00]],

       [[ 0.00000000e+00, -1.00980461e-01, -3.97613054e-01, ...,
          7.77028301e-01,  7.97630294e-01,  8.35011117e-01],
        [ 1.00980461e-01,  0.00000000e+00, -3.02925675e-01, ...,
          7.09492718e-01,  7.32647105e-01,  7.75180092e-01],
        [ 3.97613054e-01,  3.02925675e-01,  0.00000000e+00, ...,
          4.62681033e-01,  4.92049229e-01,  5.47387263e-01],
        ...,
        [-7.77028301e-01, -7.09492718e-01, -4.62681033e-01, ...,
          0.00000000e+00, -3.34188426e-02, -9.80641551e-02],
        [-7.97630294e-01, -7.32647105e-01, -4.92049229e-01, ...,
          3.34188426e-02,  0.00000000e+00, -6.47516130e-02],
        [-8.35011117e-01, -7.75180092e-01, -5.47387263e-01, ...,
          9.80641551e-02,  6.47516130e-02,  0.00000000e+00]],

       ...,

       [[ 0.00000000e+00, -2.59353426e-01, -3.93898399e-01, ...,
         -7.22894217e-01, -9.23161746e-01, -7.06057258e-01],
        [ 2.59353426e-01,  0.00000000e+00, -1.42034438e-01, ...,
         -5.18956060e-01, -7.91874937e-01, -4.98235370e-01],
        [ 3.93898399e-01,  1.42034438e-01,  0.00000000e+00, ...,
         -3.92283568e-01, -6.97108627e-01, -3.70034322e-01],
        ...,
        [ 7.22894217e-01,  5.18956060e-01,  3.92283568e-01, ...,
          0.00000000e+00, -3.59977628e-01,  2.40645546e-02],
        [ 9.23161746e-01,  7.91874937e-01,  6.97108627e-01, ...,
          3.59977628e-01,  0.00000000e+00,  3.82324670e-01],
        [ 7.06057258e-01,  4.98235370e-01,  3.70034322e-01, ...,
         -2.40645546e-02, -3.82324670e-01,  0.00000000e+00]],

       [[ 0.00000000e+00, -6.25529066e-02, -2.87592354e-01, ...,
          9.38898532e-01,  9.37811668e-01,  9.38755569e-01],
        [ 6.25529066e-02,  0.00000000e+00, -2.27118919e-01, ...,
          9.15529501e-01,  9.14260209e-01,  9.15362439e-01],
        [ 2.87592354e-01,  2.27118919e-01,  0.00000000e+00, ...,
          8.00245224e-01,  7.98355762e-01,  7.99996217e-01],
        ...,
        [-9.38898532e-01, -9.15529501e-01, -8.00245224e-01, ...,
          0.00000000e+00,  3.14422416e-03,  4.15121922e-04],
        [-9.37811668e-01, -9.14260209e-01, -7.98355762e-01, ...,
         -3.14422416e-03,  0.00000000e+00, -2.72910402e-03],
        [-9.38755569e-01, -9.15362439e-01, -7.99996217e-01, ...,
         -4.15121922e-04,  2.72910402e-03,  0.00000000e+00]],

       [[ 0.00000000e+00, -3.09640605e-02, -4.63992350e-02, ...,
          7.80403734e-01,  8.53862485e-01,  8.32898178e-01],
        [ 3.09640605e-02,  0.00000000e+00, -1.54462751e-02, ...,
          7.60668447e-01,  8.37336304e-01,  8.15362478e-01],
        [ 4.63992350e-02,  1.54462751e-02,  0.00000000e+00, ...,
          7.50550895e-01,  8.28792114e-01,  8.06322572e-01],
        ...,
        [-7.80403734e-01, -7.60668447e-01, -7.50550895e-01, ...,
          0.00000000e+00, -1.27700576e-01, -8.88952791e-02],
        [-8.53862485e-01, -8.37336304e-01, -8.28792114e-01, ...,
          1.27700576e-01,  0.00000000e+00,  3.90275336e-02],
        [-8.32898178e-01, -8.15362478e-01, -8.06322572e-01, ...,
          8.88952791e-02, -3.90275336e-02,  0.00000000e+00]]]), 'num': array([ 7.07106538e-01,  7.07106538e-01,  0.00000000e+00,  4.65598114e-05,
        4.70776657e-05,  4.58065687e-05,  8.18030934e-04, -4.70776657e-08,
        4.72377297e-05,  4.82593151e-05,  4.13130055e-05,  3.67707211e-07,
        5.04332432e-05,  4.60853869e-05])}
{'img': array([[[ 0.00000000e+00,  1.89482708e-01,  7.79170858e-01, ...,
          8.44070712e-01,  8.57494727e-01,  8.59658239e-01],
        [-1.89482708e-01,  0.00000000e+00,  6.46285485e-01, ...,
          9.30386245e-01,  9.39447882e-01,  9.40885669e-01],
        [-7.79170858e-01, -6.46285485e-01,  0.00000000e+00, ...,
          9.46889565e-01,  9.38365397e-01,  9.36898428e-01],
        ...,
        [-8.44070712e-01, -9.30386245e-01, -9.46889565e-01, ...,
          0.00000000e+00, -2.55477481e-02, -2.97661194e-02],
        [-8.57494727e-01, -9.39447882e-01, -9.38365397e-01, ...,
          2.55477481e-02,  0.00000000e+00, -4.21997614e-03],
        [-8.59658239e-01, -9.40885669e-01, -9.36898428e-01, ...,
          2.97661194e-02,  4.21997614e-03,  0.00000000e+00]],

       [[ 0.00000000e+00, -5.58162433e-02,  5.43752036e-01, ...,
          8.37813660e-02,  5.34416654e-02, -1.20646467e-02],
        [ 5.58162433e-02,  0.00000000e+00,  5.89747913e-01, ...,
          1.39270758e-01,  1.09094833e-01,  4.37663424e-02],
        [-5.43752036e-01, -5.89747913e-01,  0.00000000e+00, ...,
         -4.71527121e-01, -4.98124300e-01, -5.53837667e-01],
        ...,
        [-8.37813660e-02, -1.39270758e-01,  4.71527121e-01, ...,
          0.00000000e+00, -3.04078671e-02, -9.57974977e-02],
        [-5.34416654e-02, -1.09094833e-01,  4.98124300e-01, ...,
          3.04078671e-02,  0.00000000e+00, -6.54851818e-02],
        [ 1.20646467e-02, -4.37663424e-02,  5.53837667e-01, ...,
          9.57974977e-02,  6.54851818e-02,  0.00000000e+00]],

       [[ 0.00000000e+00, -3.02925675e-01, -3.07534997e-02, ...,
          7.32647105e-01,  7.75180092e-01,  8.13633660e-01],
        [ 3.02925675e-01,  0.00000000e+00,  2.73473869e-01, ...,
          4.92049229e-01,  5.47387263e-01,  5.99290124e-01],
        [ 3.07534997e-02, -2.73473869e-01,  0.00000000e+00, ...,
          7.11369462e-01,  7.55385206e-01,  7.95369405e-01],
        ...,
        [-7.32647105e-01, -4.92049229e-01, -7.11369462e-01, ...,
          0.00000000e+00, -6.47516130e-02, -1.27821319e-01],
        [-7.75180092e-01, -5.47387263e-01, -7.55385206e-01, ...,
          6.47516130e-02,  0.00000000e+00, -6.33326058e-02],
        [-8.13633660e-01, -5.99290124e-01, -7.95369405e-01, ...,
          1.27821319e-01,  6.33326058e-02,  0.00000000e+00]],

       ...,

       [[ 0.00000000e+00, -1.42034438e-01,  3.97577550e-01, ...,
         -7.91874937e-01, -4.98235370e-01, -3.43749187e-01],
        [ 1.42034438e-01,  0.00000000e+00,  5.23873133e-01, ...,
         -6.97108627e-01, -3.70034322e-01, -2.06885088e-01],
        [-3.97577550e-01, -5.23873133e-01,  0.00000000e+00, ...,
         -9.69393526e-01, -8.01881481e-01, -6.88763221e-01],
        ...,
        [ 7.91874937e-01,  6.97108627e-01,  9.69393526e-01, ...,
          0.00000000e+00,  3.82324670e-01,  5.33697380e-01],
        [ 4.98235370e-01,  3.70034322e-01,  8.01881481e-01, ...,
         -3.82324670e-01,  0.00000000e+00,  1.69828733e-01],
        [ 3.43749187e-01,  2.06885088e-01,  6.88763221e-01, ...,
         -5.33697380e-01, -1.69828733e-01,  0.00000000e+00]],

       [[ 0.00000000e+00, -2.27118919e-01, -5.87804745e-02, ...,
          9.14260209e-01,  9.15362439e-01,  9.15577788e-01],
        [ 2.27118919e-01,  0.00000000e+00,  1.69481849e-01, ...,
          7.98355762e-01,  7.99996217e-01,  8.00317214e-01],
        [ 5.87804745e-02, -1.69481849e-01,  0.00000000e+00, ...,
          8.88865806e-01,  8.90112883e-01,  8.90356659e-01],
        ...,
        [-9.14260209e-01, -7.98355762e-01, -8.88865806e-01, ...,
          0.00000000e+00, -2.72910402e-03, -3.26428165e-03],
        [-9.15362439e-01, -7.99996217e-01, -8.90112883e-01, ...,
          2.72910402e-03,  0.00000000e+00, -5.35180013e-04],
        [-9.15577788e-01, -8.00317214e-01, -8.90356659e-01, ...,
          3.26428165e-03,  5.35180013e-04,  0.00000000e+00]],

       [[ 0.00000000e+00, -1.54462751e-02, -2.70472728e-02, ...,
          8.37336304e-01,  8.15362478e-01,  8.09544218e-01],
        [ 1.54462751e-02,  0.00000000e+00, -1.16034219e-02, ...,
          8.28792114e-01,  8.06322572e-01,  8.00379765e-01],
        [ 2.70472728e-02,  1.16034219e-02,  0.00000000e+00, ...,
          8.22243547e-01,  7.99405142e-01,  7.93369708e-01],
        ...,
        [-8.37336304e-01, -8.28792114e-01, -8.22243547e-01, ...,
          0.00000000e+00,  3.90275336e-02,  4.89975193e-02],
        [-8.15362478e-01, -8.06322572e-01, -7.99405142e-01, ...,
         -3.90275336e-02,  0.00000000e+00,  9.97953225e-03],
        [-8.09544218e-01, -8.00379765e-01, -7.93369708e-01, ...,
         -4.89975193e-02, -9.97953225e-03,  0.00000000e+00]]]), 'num': array([ 7.07106611e-01,  7.07106611e-01,  0.00000000e+00,  4.61831947e-05,
        4.70776705e-05,  4.52887190e-05,  6.81976550e-04, -3.76621364e-07,
        4.68328666e-05,  4.82169501e-05,  4.16339225e-05,  3.63406579e-07,
        5.05145334e-05,  4.59193669e-05])}
{'img': array([[[ 0.00000000e+00,  7.66970884e-01,  7.78973638e-01, ...,
          8.60141881e-01,  8.62299554e-01,  8.78822911e-01],
        [-7.66970884e-01,  0.00000000e+00,  1.89190744e-02, ...,
          9.43134693e-01,  9.41714952e-01,  9.29883442e-01],
        [-7.78973638e-01, -1.89190744e-02,  0.00000000e+00, ...,
          9.36676984e-01,  9.35181801e-01,  9.22757547e-01],
        ...,
        [-8.60141881e-01, -9.43134693e-01, -9.36676984e-01, ...,
          0.00000000e+00, -4.24547457e-03, -3.78328360e-02],
        [-8.62299554e-01, -9.41714952e-01, -9.35181801e-01, ...,
          4.24547457e-03,  0.00000000e+00, -3.35900599e-02],
        [-8.78822911e-01, -9.29883442e-01, -9.22757547e-01, ...,
          3.78328360e-02,  3.35900599e-02,  0.00000000e+00]],

       [[ 0.00000000e+00,  5.89747913e-01,  1.19954171e-01, ...,
          1.09094833e-01,  4.37663424e-02,  2.54438106e-02],
        [-5.89747913e-01,  0.00000000e+00, -4.88616120e-01, ...,
         -4.98124300e-01, -5.53837667e-01, -5.69008884e-01],
        [-1.19954171e-01,  4.88616120e-01,  0.00000000e+00, ...,
         -1.09311001e-02, -7.63889063e-02, -9.46552450e-02],
        ...,
        [-1.09094833e-01,  4.98124300e-01,  1.09311001e-02, ...,
          0.00000000e+00, -6.54851818e-02, -8.37675690e-02],
        [-4.37663424e-02,  5.53837667e-01,  7.63889063e-02, ...,
          6.54851818e-02,  0.00000000e+00, -1.83327430e-02],
        [-2.54438106e-02,  5.69008884e-01,  9.46552450e-02, ...,
          8.37675690e-02,  1.83327430e-02,  0.00000000e+00]],

       [[ 0.00000000e+00,  2.73473869e-01,  4.48830279e-01, ...,
          5.47387263e-01,  5.99290124e-01,  6.47092681e-01],
        [-2.73473869e-01,  0.00000000e+00,  1.87339710e-01, ...,
          7.55385206e-01,  7.95369405e-01,  8.30924721e-01],
        [-4.48830279e-01, -1.87339710e-01,  0.00000000e+00, ...,
          8.64771404e-01,  8.94838819e-01,  9.20446331e-01],
        ...,
        [-5.47387263e-01, -7.55385206e-01, -8.64771404e-01, ...,
          0.00000000e+00, -6.33326058e-02, -1.24204295e-01],
        [-5.99290124e-01, -7.95369405e-01, -8.94838819e-01, ...,
          6.33326058e-02,  0.00000000e+00, -6.11127513e-02],
        [-6.47092681e-01, -8.30924721e-01, -9.20446331e-01, ...,
          1.24204295e-01,  6.11127513e-02,  0.00000000e+00]],

       ...,

       [[ 0.00000000e+00,  5.23873133e-01,  4.29041384e-01, ...,
         -3.70034322e-01, -2.06885088e-01, -2.28544396e-01],
        [-5.23873133e-01,  0.00000000e+00, -1.07750792e-01, ...,
         -8.01881481e-01, -6.88763221e-01, -7.04681312e-01],
        [-4.29041384e-01,  1.07750792e-01,  0.00000000e+00, ...,
         -7.32833595e-01, -6.06635343e-01, -6.24126843e-01],
        ...,
        [ 3.70034322e-01,  8.01881481e-01,  7.32833595e-01, ...,
          0.00000000e+00,  1.69828733e-01,  1.47918928e-01],
        [ 2.06885088e-01,  6.88763221e-01,  6.06635343e-01, ...,
         -1.69828733e-01,  0.00000000e+00, -2.21903325e-02],
        [ 2.28544396e-01,  7.04681312e-01,  6.24126843e-01, ...,
         -1.47918928e-01,  2.21903325e-02,  0.00000000e+00]],

       [[ 0.00000000e+00,  1.69481849e-01,  2.95398693e-01, ...,
          7.99996217e-01,  8.00317214e-01,  7.95148989e-01],
        [-1.69481849e-01,  0.00000000e+00,  1.29206687e-01, ...,
          8.90112883e-01,  8.90356659e-01,  8.86422000e-01],
        [-2.95398693e-01, -1.29206687e-01,  0.00000000e+00, ...,
          9.41536347e-01,  9.41716521e-01,  9.38798664e-01],
        ...,
        [-7.99996217e-01, -8.90112883e-01, -9.41536347e-01, ...,
          0.00000000e+00, -5.35180013e-04,  8.03559950e-03],
        [-8.00317214e-01, -8.90356659e-01, -9.41716521e-01, ...,
          5.35180013e-04,  0.00000000e+00,  8.57076108e-03],
        [-7.95148989e-01, -8.86422000e-01, -9.38798664e-01, ...,
         -8.03559950e-03, -8.57076108e-03,  0.00000000e+00]],

       [[ 0.00000000e+00, -1.16034219e-02, -3.19154843e-02, ...,
          8.06322572e-01,  8.00379765e-01,  8.59985554e-01],
        [ 1.16034219e-02,  0.00000000e+00, -2.03158249e-02, ...,
          7.99405142e-01,  7.93369708e-01,  8.54006218e-01],
        [ 3.19154843e-02,  2.03158249e-02,  0.00000000e+00, ...,
          7.87034563e-01,  7.80838909e-01,  8.43260394e-01],
        ...,
        [-8.06322572e-01, -7.99405142e-01, -7.87034563e-01, ...,
          0.00000000e+00,  9.97953225e-03, -9.71796258e-02],
        [-8.00379765e-01, -7.93369708e-01, -7.80838909e-01, ...,
         -9.97953225e-03,  0.00000000e+00, -1.07107084e-01],
        [-8.59985554e-01, -8.54006218e-01, -8.43260394e-01, ...,
          9.71796258e-02,  1.07107084e-01,  0.00000000e+00]]]), 'num': array([ 7.07106087e-01,  7.07106087e-01,  0.00000000e+00,  4.60419276e-05,
        4.69364027e-05,  4.35468129e-05,  1.39531521e-03, -1.41232907e-07,
        4.64562108e-05,  4.80945125e-05,  4.19485272e-05,  3.13850904e-07,
        5.05744630e-05,  4.56145621e-05])}
{'img': array([[[ 0.        ,  0.02885511,  0.05655585, ...,  0.99265314,
          0.98762033,  0.98542523],
        [-0.02885511,  0.        ,  0.02772337, ...,  0.98874848,
          0.98268279,  0.98010638],
        [-0.05655585, -0.02772337,  0.        , ...,  0.98422136,
          0.97716805,  0.97422732],
        ...,
        [-0.99265314, -0.98874848, -0.98422136, ...,  0.        ,
         -0.03621381, -0.04962801],
        [-0.98762033, -0.98268279, -0.97716805, ...,  0.03621381,
          0.        , -0.01342627],
        [-0.98542523, -0.98010638, -0.97422732, ...,  0.04962801,
          0.01342627,  0.        ]],

       [[ 0.        , -0.48861612, -0.54590529, ..., -0.55383767,
         -0.56900888, -0.50001925],
        [ 0.48861612,  0.        , -0.06691625, ..., -0.07638891,
         -0.09465524, -0.01311769],
        [ 0.54590529,  0.06691625,  0.        , ..., -0.00949696,
         -0.02782728,  0.0538222 ],
        ...,
        [ 0.55383767,  0.07638891,  0.00949696, ...,  0.        ,
         -0.01833274,  0.06330297],
        [ 0.56900888,  0.09465524,  0.02782728, ...,  0.01833274,
          0.        ,  0.0815883 ],
        [ 0.50001925,  0.01311769, -0.0538222 , ..., -0.06330297,
         -0.0815883 ,  0.        ]],

       [[ 0.        ,  0.36651738,  0.51346396, ...,  0.60443281,
          0.65249289,  0.69226349],
        [-0.36651738,  0.        ,  0.16321997, ...,  0.85435937,
          0.88483167,  0.90858508],
        [-0.51346396, -0.16321997,  0.        , ...,  0.92772475,
          0.94901177,  0.96457764],
        ...,
        [-0.60443281, -0.85435937, -0.92772475, ...,  0.        ,
         -0.06177638, -0.11531014],
        [-0.65249289, -0.88483167, -0.94901177, ...,  0.06177638,
          0.        , -0.05372559],
        [-0.69226349, -0.90858508, -0.96457764, ...,  0.11531014,
          0.05372559,  0.        ]],

       ...,

       [[ 0.        , -0.10775079, -0.03969262, ..., -0.68876322,
         -0.70468131, -0.89817808],
        [ 0.10775079,  0.        ,  0.06820435, ..., -0.60663534,
         -0.62412684, -0.84557816],
        [ 0.03969262, -0.06820435,  0.        , ..., -0.65944383,
         -0.67596311, -0.88002013],
        ...,
        [ 0.68876322,  0.60663534,  0.65944383, ...,  0.        ,
         -0.02219033, -0.34836464],
        [ 0.70468131,  0.62412684,  0.67596311, ...,  0.02219033,
          0.        , -0.32747855],
        [ 0.89817808,  0.84557816,  0.88002013, ...,  0.34836464,
          0.32747855,  0.        ]],

       [[ 0.        ,  0.2446121 ,  0.33183861, ...,  0.80249465,
          0.79732785,  0.79345622],
        [-0.2446121 ,  0.        ,  0.09100625, ...,  0.92406577,
          0.9207406 ,  0.91822944],
        [-0.33183861, -0.09100625,  0.        , ...,  0.95501683,
          0.95242822,  0.950462  ],
        ...,
        [-0.80249465, -0.92406577, -0.95501683, ...,  0.        ,
          0.0086097 ,  0.01499714],
        [-0.79732785, -0.9207406 , -0.95242822, ..., -0.0086097 ,
          0.        ,  0.00638785],
        [-0.79345622, -0.91822944, -0.950462  , ..., -0.01499714,
         -0.00638785,  0.        ]],

       [[ 0.        , -0.02031582, -0.03862224, ...,  0.79336971,
          0.85400622,  0.9056271 ],
        [ 0.02031582,  0.        , -0.0183136 , ...,  0.78083891,
          0.84326039,  0.89682476],
        [ 0.03862224,  0.0183136 ,  0.        , ...,  0.76926686,
          0.83327532,  0.88857267],
        ...,
        [-0.79336971, -0.78083891, -0.76926686, ...,  0.        ,
         -0.10710708, -0.21484332],
        [-0.85400622, -0.84326039, -0.83327532, ...,  0.10710708,
          0.        , -0.10900145],
        [-0.9056271 , -0.89682476, -0.88857267, ...,  0.21484332,
          0.10900145,  0.        ]]]), 'num': array([ 7.07105961e-01,  7.07105961e-01,  0.00000000e+00,  4.34055723e-05,
        4.62302299e-05,  4.34055723e-05,  1.51768855e-03, -2.63634712e-06,
        4.57594537e-05,  4.77414218e-05,  4.21423226e-05,  2.35388136e-07,
        5.07285185e-05,  4.47543250e-05])}
{'img': array([[[ 0.00000000e+00,  2.77233731e-02, -2.88551146e-02, ...,
          9.82682787e-01,  9.80106380e-01,  9.05028252e-01],
        [-2.77233731e-02,  0.00000000e+00, -5.65558529e-02, ...,
          9.77168052e-01,  9.74227322e-01,  8.92888212e-01],
        [ 2.88551146e-02,  5.65558529e-02,  0.00000000e+00, ...,
          9.87620335e-01,  9.85425225e-01,  9.16924967e-01],
        ...,
