state_0,state_1,state_2,state_3,state_4,state_5,state_6,state_7,state_8,state_9,state_10,state_11,state_12,state_13,state_14,state_15,state_16,state_17,state_18,state_19,state_20,state_21,state_22,state_23,state_24,state_25,state_26,state_27,state_28,state_29,state_30,state_31,state_32,state_33,state_34,state_35,state_36,state_37,state_38,state_39,state_40,state_41,state_42,state_43,state_44,state_45,state_46,state_47,state_48,state_49,state_50,state_51,state_52,state_53,state_54,state_55,state_56,state_57,state_58,state_59,state_60,state_61,state_62,state_63,state_64,state_65,state_66,state_67,state_68,state_69,state_70,state_71,state_72,state_73,state_74,state_75,state_76,state_77,state_78,state_79,state_80,state_81,state_82,state_83,state_84,state_85,state_86,state_87,state_88,state_89,state_90,state_91,state_92,state_93,state_94,state_95,state_96,state_97,state_98,state_99,state_100,state_101,state_102,state_103,state_104,state_105,state_106,state_107,state_108,state_109,state_110,state_111,state_112,state_113,state_114,state_115,state_116,state_117,state_118,state_119,state_120,state_121,state_122,state_123,state_124,state_125,state_126,state_127,state_128,state_129,state_130,state_131,state_132,state_133,state_134,state_135,state_136,state_137,state_138,state_139,state_140,state_141,state_142,state_143,state_144,state_145,state_146,state_147,state_148,state_149,state_150,state_151,state_152,state_153,state_154,state_155,state_156,state_157,state_158,state_159,state_160,state_161,state_162,state_163,state_164,state_165,state_166,state_167,state_168,state_169,state_170,state_171,state_172,state_173,state_174,state_175,state_176,state_177,state_178,state_179,state_180,state_181,state_182,state_183,state_184,state_185,state_186,state_187,state_188,state_189,state_190,state_191,state_192,state_193,state_194,state_195,state_196,state_197,state_198,state_199,state_200,state_201,state_202,state_203,state_204,state_205,state_206,state_207,state_208,state_209,state_210,state_211,state_212,state_213,state_214,state_215,state_216,state_217,state_218,state_219,state_220,state_221,state_222,state_223,state_224,state_225,state_226,state_227,state_228,state_229,state_230,state_231,state_232,state_233,state_234,state_235,state_236,state_237,state_238,state_239,state_240,state_241,state_242,state_243,state_244,state_245,state_246,state_247,state_248,state_249,state_250,state_251,state_252,state_253,state_254,state_255,state_256,state_257,state_258,state_259,state_260,state_261,state_262,state_263,state_264,state_265,state_266,state_267,state_268,state_269,state_270,state_271,state_272,state_273,state_274,state_275,state_276,state_277,state_278,state_279,state_280,state_281,state_282,state_283,state_284,state_285,state_286,state_287
{'img': array([[[ 0.        , -0.02681041, -0.1145874 , ...,  0.57398199,
          0.91995267,  0.90808819],
        [ 0.02681041,  0.        , -0.08791239, ...,  0.55182148,
          0.90911151,  0.89653413],
        [ 0.1145874 ,  0.08791239,  0.        , ...,  0.47636932,
          0.86897146,  0.85411998],
        ...,
        [-0.57398199, -0.55182148, -0.47636932, ...,  0.        ,
         -0.52830189, -0.5032327 ],
        [-0.91995267, -0.90911151, -0.86897146, ...,  0.52830189,
          0.        ,  0.02925953],
        [-0.90808819, -0.89653413, -0.85411998, ...,  0.5032327 ,
         -0.02925953,  0.        ]],

       [[ 0.        , -0.45042832, -0.5340382 , ...,  0.61011583,
          0.15504125, -0.2018485 ],
        [ 0.45042832,  0.        , -0.09597674, ...,  0.90159897,
          0.58340452,  0.26094417],
        [ 0.5340382 ,  0.09597674,  0.        , ...,  0.93895374,
          0.65866184,  0.35239106],
        ...,
        [-0.61011583, -0.90159897, -0.93895374, ...,  0.        ,
         -0.47989723, -0.75748471],
        [-0.15504125, -0.58340452, -0.65866184, ...,  0.47989723,
          0.        , -0.35125774],
        [ 0.2018485 , -0.26094417, -0.35239106, ...,  0.75748471,
          0.35125774,  0.        ]],

       [[ 0.        ,  0.05908432,  0.0947271 , ...,  0.89025433,
          0.73140713,  0.25805436],
        [-0.05908432,  0.        ,  0.03574298, ...,  0.91560982,
          0.77042138,  0.3146867 ],
        [-0.0947271 , -0.03574298,  0.        , ...,  0.92939587,
          0.79271649,  0.3484127 ],
        ...,
        [-0.89025433, -0.91560982, -0.92939587, ...,  0.        ,
          0.27397156,  0.74256737],
        [-0.73140713, -0.77042138, -0.79271649, ..., -0.27397156,
          0.        ,  0.53065679],
        [-0.25805436, -0.3146867 , -0.3484127 , ..., -0.74256737,
         -0.53065679,  0.        ]],

       ...,

       [[ 0.        ,  0.1576024 ,  0.1576024 , ...,  0.        ,
          0.52908166,  0.55419857],
        [-0.1576024 ,  0.        ,  0.        , ...,  0.1576024 ,
          0.65620636,  0.67845836],
        [-0.1576024 ,  0.        ,  0.        , ...,  0.1576024 ,
          0.65620636,  0.67845836],
        ...,
        [-0.        , -0.1576024 , -0.1576024 , ...,  0.        ,
         -0.52908166, -0.55419857],
        [-0.52908166, -0.65620636, -0.65620636, ...,  0.52908166,
          0.        , -0.02987742],
        [-0.55419857, -0.67845836, -0.67845836, ...,  0.55419857,
          0.02987742,  0.        ]],

       [[ 0.        , -0.04896266, -0.10530248, ...,  0.61326163,
          0.79366388,  0.98898176],
        [ 0.04896266,  0.        , -0.05648574, ...,  0.65120071,
          0.82249872,  0.99504389],
        [ 0.10530248,  0.05648574,  0.        , ...,  0.69302835,
          0.85331275,  0.99907197],
        ...,
        [-0.61326163, -0.65120071, -0.69302835, ...,  0.        ,
          0.25381739,  0.6903911 ],
        [-0.79366388, -0.82249872, -0.85331275, ..., -0.25381739,
          0.        ,  0.48416155],
        [-0.98898176, -0.99504389, -0.99907197, ..., -0.6903911 ,
         -0.48416155,  0.        ]],

       [[ 0.        , -0.15842172, -0.32631182, ...,  0.29354871,
          0.27958888,  0.38433497],
        [ 0.15842172,  0.        , -0.17244094, ...,  0.44128396,
          0.42816194,  0.52573535],
        [ 0.32631182,  0.17244094,  0.        , ...,  0.58941636,
          0.57758324,  0.66454634],
        ...,
        [-0.29354871, -0.44128396, -0.58941636, ...,  0.        ,
         -0.01457059,  0.09640043],
        [-0.27958888, -0.42816194, -0.57758324, ...,  0.01457059,
          0.        ,  0.11089292],
        [-0.38433497, -0.52573535, -0.66454634, ..., -0.09640043,
         -0.11089292,  0.        ]]]), 'num': array([7.07608700e-01, 7.06546974e-01, 9.31338616e-09, 1.06172602e-03,
       1.07662744e-03, 1.04403059e-03, 8.55606816e-03, 6.51937031e-06,
       1.06135349e-03, 9.60070412e-04, 8.89117932e-04, 7.85323663e-07,
       1.09299469e-03, 8.27146138e-04])}
{'img': array([[[ 0.        , -0.08791239, -0.07234415, ...,  0.90911151,
          0.89653413,  0.83870293],
        [ 0.08791239,  0.        ,  0.01561799, ...,  0.86897146,
          0.85411998,  0.78757951],
        [ 0.07234415, -0.01561799,  0.        , ...,  0.87659423,
          0.86213834,  0.79710746],
        ...,
        [-0.90911151, -0.86897146, -0.87659423, ...,  0.        ,
          0.02925953,  0.14572822],
        [-0.89653413, -0.85411998, -0.86213834, ..., -0.02925953,
          0.        ,  0.11671866],
        [-0.83870293, -0.78757951, -0.79710746, ..., -0.14572822,
         -0.11671866,  0.        ]],

       [[ 0.        , -0.09597674, -0.02861814, ...,  0.58340452,
          0.26094417,  0.59028457],
        [ 0.09597674,  0.        ,  0.0674514 , ...,  0.65866184,
          0.35239106,  0.66503154],
        [ 0.02861814, -0.0674514 ,  0.        , ...,  0.6064087 ,
          0.28846392,  0.61314323],
        ...,
        [-0.58340452, -0.65866184, -0.6064087 , ...,  0.        ,
         -0.35125774,  0.008497  ],
        [-0.26094417, -0.35239106, -0.28846392, ...,  0.35125774,
          0.        ,  0.35920063],
        [-0.59028457, -0.66503154, -0.61314323, ..., -0.008497  ,
         -0.35920063,  0.        ]],

       [[ 0.        ,  0.03491638,  0.12730903, ...,  0.84791499,
          0.67277189,  0.30778383],
        [-0.03491638,  0.        ,  0.09259913, ...,  0.86590827,
          0.69819455,  0.34081757],
        [-0.12730903, -0.09259913,  0.        , ...,  0.90850621,
          0.7614872 ,  0.42640841],
        ...,
        [-0.84791499, -0.86590827, -0.90850621, ...,  0.        ,
          0.27067183,  0.64358795],
        [-0.67277189, -0.69819455, -0.7614872 , ..., -0.27067183,
          0.        ,  0.4123992 ],
        [-0.30778383, -0.34081757, -0.42640841, ..., -0.64358795,
         -0.4123992 ,  0.        ]],

       ...,

       [[ 0.        ,  0.        ,  0.26101487, ...,  0.53060577,
          0.55577833,  0.58396966],
        [ 0.        ,  0.        ,  0.26101487, ...,  0.53060577,
          0.55577833,  0.58396966],
        [-0.26101487, -0.26101487,  0.        , ...,  0.7334533 ,
          0.75350178,  0.7756117 ],
        ...,
        [-0.53060577, -0.53060577, -0.7334533 , ...,  0.        ,
         -0.02997935, -0.06425087],
        [-0.55577833, -0.55577833, -0.75350178, ...,  0.02997935,
          0.        , -0.03430459],
        [-0.58396966, -0.58396966, -0.7756117 , ...,  0.06425087,
          0.03430459,  0.        ]],

       [[ 0.        , -0.05333809, -0.11025453, ...,  0.74840467,
          0.87406399,  0.99917257],
        [ 0.05333809,  0.        , -0.05708468, ...,  0.78271541,
          0.89873199,  0.9999196 ],
        [ 0.11025453,  0.05708468,  0.        , ...,  0.81696741,
          0.922298  ,  0.99756522],
        ...,
        [-0.74840467, -0.78271541, -0.81696741, ...,  0.        ,
          0.2161332 ,  0.63225488],
        [-0.87406399, -0.89873199, -0.922298  , ..., -0.2161332 ,
          0.        ,  0.44985938],
        [-0.99917257, -0.9999196 , -0.99756522, ..., -0.63225488,
         -0.44985938,  0.        ]],

       [[ 0.        , -0.17244094, -0.33170886, ...,  0.42816194,
          0.52573535,  0.65852244],
        [ 0.17244094,  0.        , -0.16406217, ...,  0.57758324,
          0.66454634,  0.77843002],
        [ 0.33170886,  0.16406217,  0.        , ...,  0.70368615,
          0.77813671,  0.87086927],
        ...,
        [-0.42816194, -0.57758324, -0.70368615, ...,  0.        ,
          0.11089292,  0.27289004],
        [-0.52573535, -0.66454634, -0.77813671, ..., -0.11089292,
          0.        ,  0.16452294],
        [-0.65852244, -0.77843002, -0.87086927, ..., -0.27289004,
         -0.16452294,  0.        ]]]), 'num': array([7.07056377e-01, 7.07056377e-01, 0.00000000e+00, 1.20032727e-03,
       1.24621294e-03, 1.19928441e-03, 1.14946614e-02, 1.14714161e-05,
       1.19010728e-03, 1.08623882e-03, 9.99803440e-04, 8.80047268e-07,
       1.23734776e-03, 9.35129886e-04])}
{'img': array([[[ 0.        ,  0.01561799, -0.0160818 , ...,  0.85411998,
          0.78757951,  0.47636932],
        [-0.01561799,  0.        , -0.0316958 , ...,  0.86213834,
          0.79710746,  0.49004326],
        [ 0.0160818 ,  0.0316958 ,  0.        , ...,  0.84564576,
          0.77756784,  0.46216788],
        ...,
        [-0.85411998, -0.86213834, -0.84564576, ...,  0.        ,
          0.11671866,  0.5032327 ],
        [-0.78757951, -0.79710746, -0.77756784, ..., -0.11671866,
          0.        ,  0.39893057],
        [-0.47636932, -0.49004326, -0.46216788, ..., -0.5032327 ,
         -0.39893057,  0.        ]],

       [[ 0.        ,  0.0674514 , -0.14035105, ...,  0.35239106,
          0.66503154,  0.7807354 ],
        [-0.0674514 ,  0.        , -0.20681516, ...,  0.28846392,
          0.61314323,  0.73680952],
        [ 0.14035105,  0.20681516,  0.        , ...,  0.48025095,
          0.76326523,  0.86070753],
        ...,
        [-0.35239106, -0.28846392, -0.48025095, ...,  0.        ,
          0.35920063,  0.51045774],
        [-0.66503154, -0.61314323, -0.76326523, ..., -0.35920063,
          0.        ,  0.16751233],
        [-0.7807354 , -0.73680952, -0.86070753, ..., -0.51045774,
         -0.16751233,  0.        ]],

       [[ 0.        ,  0.0922899 ,  0.10344824, ...,  0.71779035,
          0.48574278,  0.33975364],
        [-0.0922899 ,  0.        ,  0.01121199, ...,  0.77898465,
          0.56434048,  0.42510361],
        [-0.10344824, -0.01121199,  0.        , ...,  0.78596609,
          0.57356098,  0.43522537],
        ...,
        [-0.71779035, -0.77898465, -0.78596609, ...,  0.        ,
          0.28921891,  0.43853558],
        [-0.48574278, -0.56434048, -0.57356098, ..., -0.28921891,
          0.        ,  0.15986885],
        [-0.33975364, -0.42510361, -0.43522537, ..., -0.43853558,
         -0.15986885,  0.        ]],

       ...,

       [[ 0.        ,  0.26101487,  0.26101487, ...,  0.55577833,
          0.58396966,  0.5811377 ],
        [-0.26101487,  0.        ,  0.        , ...,  0.75350178,
          0.7756117 ,  0.7734077 ],
        [-0.26101487,  0.        ,  0.        , ...,  0.75350178,
          0.7756117 ,  0.7734077 ],
        ...,
        [-0.55577833, -0.75350178, -0.75350178, ...,  0.        ,
         -0.03430459, -0.03082219],
        [-0.58396966, -0.7756117 , -0.7756117 , ...,  0.03430459,
          0.        ,  0.00348424],
        [-0.5811377 , -0.7734077 , -0.7734077 , ...,  0.03082219,
         -0.00348424,  0.        ]],

       [[ 0.        , -0.05454031, -0.11882805, ...,  0.83737283,
          0.92888632,  0.99823001],
        [ 0.05454031,  0.        , -0.0644973 , ...,  0.86593994,
          0.94770355,  0.99350062],
        [ 0.11882805,  0.0644973 ,  0.        , ...,  0.89639515,
          0.96631476,  0.98409053],
        ...,
        [-0.83737283, -0.86593994, -0.89639515, ...,  0.        ,
          0.19762559,  0.5954644 ],
        [-0.92888632, -0.94770355, -0.96631476, ..., -0.19762559,
          0.        ,  0.42495161],
        [-0.99823001, -0.99350062, -0.98409053, ..., -0.5954644 ,
         -0.42495161,  0.        ]],

       [[ 0.        , -0.16406217, -0.31076342, ...,  0.66454634,
          0.77843002,  0.89799658],
        [ 0.16406217,  0.        , -0.15061357, ...,  0.77813671,
          0.87086927,  0.95801648],
        [ 0.31076342,  0.15061357,  0.        , ...,  0.8638599 ,
          0.9349638 ,  0.990271  ],
        ...,
        [-0.66454634, -0.77813671, -0.8638599 , ...,  0.        ,
          0.16452294,  0.37862329],
        [-0.77843002, -0.87086927, -0.9349638 , ..., -0.16452294,
          0.        ,  0.22118954],
        [-0.89799658, -0.95801648, -0.990271  , ..., -0.37862329,
         -0.22118954,  0.        ]]]), 'num': array([ 7.07095065e-01,  7.07095065e-01,  0.00000000e+00,  1.18892090e-03,
        1.20560751e-03,  1.18787799e-03,  4.77428919e-03, -1.14720438e-05,
        1.18787799e-03,  1.09578877e-03,  1.00399503e-03,  8.33457729e-07,
        1.24765081e-03,  9.43926728e-04])}
{'img': array([[[ 0.        , -0.0316958 , -0.14097233, ...,  0.79710746,
          0.49004326,  0.79710746],
        [ 0.0316958 ,  0.        , -0.10952223, ...,  0.77756784,
          0.46216788,  0.77756784],
        [ 0.14097233,  0.10952223,  0.        , ...,  0.70402279,
          0.36226415,  0.70402279],
        ...,
        [-0.79710746, -0.77756784, -0.70402279, ...,  0.        ,
          0.39893057,  0.        ],
        [-0.49004326, -0.46216788, -0.36226415, ..., -0.39893057,
          0.        , -0.39893057],
        [-0.79710746, -0.77756784, -0.70402279, ...,  0.        ,
          0.39893057,  0.        ]],

       [[ 0.        , -0.20681516,  0.15472629, ...,  0.61314323,
          0.73680952,  0.15301563],
        [ 0.20681516,  0.        ,  0.35570567, ...,  0.76326523,
          0.86070753,  0.3540871 ],
        [-0.15472629, -0.35570567,  0.        , ...,  0.48352998,
          0.62332589, -0.00173127],
        ...,
        [-0.61314323, -0.76326523, -0.48352998, ...,  0.        ,
          0.16751233, -0.48504469],
        [-0.73680952, -0.86070753, -0.62332589, ..., -0.16751233,
          0.        , -0.62467875],
        [-0.15301563, -0.3540871 ,  0.00173127, ...,  0.48504469,
          0.62467875,  0.        ]],

       [[ 0.        ,  0.01121199, -0.04781912, ...,  0.56434048,
          0.42510361,  0.58706065],
        [-0.01121199,  0.        , -0.05901527, ...,  0.57356098,
          0.43522537,  0.59610034],
        [ 0.04781912,  0.05901527,  0.        , ...,  0.52421819,
          0.38133408,  0.54767743],
        ...,
        [-0.56434048, -0.57356098, -0.52421819, ...,  0.        ,
          0.15986885, -0.02778544],
        [-0.42510361, -0.43522537, -0.38133408, ..., -0.15986885,
          0.        , -0.1872352 ],
        [-0.58706065, -0.59610034, -0.54767743, ...,  0.02778544,
          0.1872352 ,  0.        ]],

       ...,

       [[ 0.        ,  0.        , -0.09575848, ...,  0.662709  ,
          0.66007368,  0.80178444],
        [ 0.        ,  0.        , -0.09575848, ...,  0.662709  ,
          0.66007368,  0.80178444],
        [ 0.09575848,  0.09575848,  0.        , ...,  0.58795226,
          0.58510652,  0.74087337],
        ...,
        [-0.662709  , -0.662709  , -0.58795226, ...,  0.        ,
          0.00351357, -0.20439419],
        [-0.66007368, -0.66007368, -0.58510652, ..., -0.00351357,
          0.        , -0.20783233],
        [-0.80178444, -0.80178444, -0.74087337, ...,  0.20439419,
          0.20783233,  0.        ]],

       [[ 0.        , -0.0625645 , -0.13046048, ...,  0.90889646,
          0.97370695,  0.98948904],
        [ 0.0625645 ,  0.        , -0.0681751 , ...,  0.93320663,
          0.98605184,  0.97850324],
        [ 0.13046048,  0.0681751 ,  0.        , ...,  0.95553346,
          0.99510462,  0.96216677],
        ...,
        [-0.90889646, -0.93320663, -0.95553346, ...,  0.        ,
          0.19900658,  0.54407212],
        [-0.97370695, -0.98605184, -0.99510462, ..., -0.19900658,
          0.        ,  0.3662155 ],
        [-0.98948904, -0.97850324, -0.96216677, ..., -0.54407212,
         -0.3662155 ,  0.        ]],

       [[ 0.        , -0.15061357, -0.44531374, ...,  0.87086927,
          0.95801648,  0.99795626],
        [ 0.15061357,  0.        , -0.30537835, ...,  0.9349638 ,
          0.990271  ,  0.99619661],
        [ 0.44531374,  0.30537835,  0.        , ...,  0.99863248,
          0.98546092,  0.92200059],
        ...,
        [-0.87086927, -0.9349638 , -0.99863248, ...,  0.        ,
          0.22118954,  0.43486095],
        [-0.95801648, -0.990271  , -0.98546092, ..., -0.22118954,
          0.        ,  0.22490915],
        [-0.99795626, -0.99619661, -0.92200059, ..., -0.43486095,
         -0.22490915,  0.        ]]]), 'num': array([ 7.07086065e-01,  7.07086065e-01,  0.00000000e+00,  1.17951968e-03,
        1.19724897e-03,  1.16909068e-03,  6.94745432e-03, -9.38609821e-06,
        1.18786287e-03,  1.10490019e-03,  1.00794528e-03,  7.85560889e-07,
        1.25383049e-03,  9.55969904e-04])}
{'img': array([[[ 0.        , -0.10952223,  0.0316958 , ...,  0.46216788,
          0.77756784,  0.86090081],
        [ 0.10952223,  0.        ,  0.14097233, ...,  0.36226415,
          0.70402279,  0.8       ],
        [-0.0316958 , -0.14097233,  0.        , ...,  0.49004326,
          0.79710746,  0.87659423],
        ...,
        [-0.46216788, -0.36226415, -0.49004326, ...,  0.        ,
         -0.39893057, -0.52830189],
        [-0.77756784, -0.70402279, -0.79710746, ...,  0.39893057,
          0.        , -0.14572822],
        [-0.86090081, -0.8       , -0.87659423, ...,  0.52830189,
          0.14572822,  0.        ]],

       [[ 0.        ,  0.35570567,  0.37727983, ...,  0.86070753,
          0.3540871 ,  0.57662185],
        [-0.35570567,  0.        ,  0.02318621, ...,  0.62332589,
         -0.00173127,  0.24829414],
        [-0.37727983, -0.02318621,  0.        , ...,  0.60502758,
         -0.02491698,  0.22576726],
        ...,
        [-0.86070753, -0.62332589, -0.60502758, ...,  0.        ,
         -0.62467875, -0.40964963],
        [-0.3540871 ,  0.00173127,  0.02491698, ...,  0.62467875,
          0.        ,  0.24997082],
        [-0.57662185, -0.24829414, -0.22576726, ...,  0.40964963,
         -0.24997082,  0.        ]],

       [[ 0.        , -0.05901527, -0.080612  , ...,  0.43522537,
          0.59610034,  0.59610034],
        [ 0.05901527,  0.        , -0.02164828, ...,  0.38133408,
          0.54767743,  0.54767743],
        [ 0.080612  ,  0.02164828,  0.        , ...,  0.36123223,
          0.52943619,  0.52943619],
        ...,
        [-0.43522537, -0.38133408, -0.36123223, ...,  0.        ,
         -0.1872352 , -0.1872352 ],
        [-0.59610034, -0.54767743, -0.52943619, ...,  0.1872352 ,
          0.        ,  0.        ],
        [-0.59610034, -0.54767743, -0.52943619, ...,  0.1872352 ,
          0.        ,  0.        ]],

       ...,

       [[ 0.        , -0.09575848,  0.64585507, ...,  0.66007368,
          0.80178444,  0.89558719],
        [ 0.09575848,  0.        ,  0.71599488, ...,  0.58510652,
          0.74087337,  0.84887   ],
        [-0.64585507, -0.71599488,  0.        , ...,  0.98910676,
          0.99810199,  0.97107693],
        ...,
        [-0.66007368, -0.58510652, -0.98910676, ...,  0.        ,
         -0.20783233, -0.37910831],
        [-0.80178444, -0.74087337, -0.99810199, ...,  0.20783233,
          0.        , -0.17851215],
        [-0.89558719, -0.84887   , -0.97107693, ...,  0.37910831,
          0.17851215,  0.        ]],

       [[ 0.        , -0.06704866, -0.14264865, ...,  0.96957911,
          0.997982  ,  0.97491504],
        [ 0.06704866,  0.        , -0.07596467, ...,  0.98380932,
          0.99999367,  0.95779769],
        [ 0.14264865,  0.07596467,  0.        , ...,  0.99458088,
          0.99683386,  0.93319461],
        ...,
        [-0.96957911, -0.98380932, -0.99458088, ...,  0.        ,
          0.18271833,  0.45444421],
        [-0.997982  , -0.99999367, -0.99683386, ..., -0.18271833,
          0.        ,  0.28403283],
        [-0.97491504, -0.95779769, -0.93319461, ..., -0.45444421,
         -0.28403283,  0.        ]],

       [[ 0.        , -0.30537835, -0.1699662 , ...,  0.990271  ,
          0.99619661,  0.90191706],
        [ 0.30537835,  0.        ,  0.13908797, ...,  0.98546092,
          0.92200059,  0.72693773],
        [ 0.1699662 , -0.13908797,  0.        , ...,  0.99951363,
          0.96689203,  0.81538409],
        ...,
        [-0.990271  , -0.98546092, -0.99951363, ...,  0.        ,
          0.22490915,  0.55321101],
        [-0.99619661, -0.92200059, -0.96689203, ..., -0.22490915,
          0.        ,  0.35167901],
        [-0.90191706, -0.72693773, -0.81538409, ..., -0.55321101,
         -0.35167901,  0.        ]]]), 'num': array([7.07076659e-01, 7.07076659e-01, 0.00000000e+00, 1.20036170e-03,
       1.21183345e-03, 1.18576130e-03, 8.64065407e-03, 2.08577186e-05,
       1.19160146e-03, 1.11536650e-03, 1.01227723e-03, 8.53670338e-07,
       1.26013394e-03, 9.70599057e-04])}
{'img': array([[[ 0.        ,  0.14097233,  0.18483446, ...,  0.70402279,
          0.8       ,  0.36226415],
        [-0.14097233,  0.        ,  0.04444529, ...,  0.79710746,
          0.87659423,  0.49004326],
        [-0.18483446, -0.04444529,  0.        , ...,  0.8231575 ,
          0.89711641,  0.52830189],
        ...,
        [-0.70402279, -0.79710746, -0.8231575 , ...,  0.        ,
         -0.14572822,  0.39893057],
        [-0.8       , -0.87659423, -0.89711641, ...,  0.14572822,
          0.        ,  0.52830189],
        [-0.36226415, -0.49004326, -0.52830189, ..., -0.39893057,
         -0.52830189,  0.        ]],

       [[ 0.        ,  0.02318621, -0.31420621, ..., -0.00173127,
          0.24829414,  0.40595112],
        [-0.02318621,  0.        , -0.33613368, ..., -0.02491698,
          0.22576726,  0.38465224],
        [ 0.31420621,  0.33613368,  0.        , ...,  0.31256215,
          0.54008597,  0.67254305],
        ...,
        [ 0.00173127,  0.02491698, -0.31256215, ...,  0.        ,
          0.24997082,  0.40753272],
        [-0.24829414, -0.22576726, -0.54008597, ..., -0.24997082,
          0.        ,  0.16632392],
        [-0.40595112, -0.38465224, -0.67254305, ..., -0.40753272,
         -0.16632392,  0.        ]],

       [[ 0.        , -0.0215854 , -0.00422547, ...,  0.58963904,
          0.58963904,  0.38030747],
        [ 0.0215854 ,  0.        ,  0.01736073, ...,  0.57206784,
          0.57206784,  0.36025539],
        [ 0.00422547, -0.01736073,  0.        , ...,  0.586221  ,
          0.586221  ,  0.37639611],
        ...,
        [-0.58963904, -0.57206784, -0.586221  , ...,  0.        ,
          0.        ,  0.23817188],
        [-0.58963904, -0.57206784, -0.586221  , ...,  0.        ,
          0.        ,  0.23817188],
        [-0.38030747, -0.36025539, -0.37639611, ..., -0.23817188,
         -0.23817188,  0.        ]],

       ...,

       [[ 0.        ,  0.71599488,  0.43777896, ...,  0.74087337,
          0.84887   ,  0.68120974],
        [-0.71599488,  0.        , -0.33812265, ...,  0.99810199,
          0.97107693,  0.99972777],
        [-0.43777896,  0.33812265,  0.        , ...,  0.96013832,
          0.99461496,  0.93295671],
        ...,
        [-0.74087337, -0.99810199, -0.96013832, ...,  0.        ,
         -0.17851215,  0.0848538 ],
        [-0.84887   , -0.97107693, -0.99461496, ...,  0.17851215,
          0.        ,  0.26135919],
        [-0.68120974, -0.99972777, -0.93295671, ..., -0.0848538 ,
         -0.26135919,  0.        ]],

       [[ 0.        , -0.07478889, -0.15523851, ...,  0.99504439,
          0.99981899,  0.95327499],
        [ 0.07478889,  0.        , -0.08092151, ...,  0.99969404,
          0.99559594,  0.92801122],
        [ 0.15523851,  0.08092151,  0.        , ...,  0.99841711,
          0.98474462,  0.89482029],
        ...,
        [-0.99504439, -0.99969404, -0.99841711, ...,  0.        ,
          0.11834547,  0.39539258],
        [-0.99981899, -0.99559594, -0.98474462, ..., -0.11834547,
          0.        ,  0.28391219],
        [-0.95327499, -0.92801122, -0.89482029, ..., -0.39539258,
         -0.28391219,  0.        ]],

       [[ 0.        ,  0.13737314,  0.31806597, ...,  0.93561156,
          0.7640382 ,  0.        ],
        [-0.13737314,  0.        ,  0.18481134, ...,  0.97523837,
          0.8454238 ,  0.13737314],
        [-0.31806597, -0.18481134,  0.        , ...,  0.99931113,
          0.92956755,  0.31806597],
        ...,
        [-0.93561156, -0.97523837, -0.99931113, ...,  0.        ,
          0.33390015,  0.93561156],
        [-0.7640382 , -0.8454238 , -0.92956755, ..., -0.33390015,
          0.        ,  0.7640382 ],
        [-0.        , -0.13737314, -0.31806597, ..., -0.93561156,
         -0.7640382 ,  0.        ]]]), 'num': array([7.22917389e-01, 6.90902617e-01, 2.77184173e-07, 1.23133738e-03,
       1.23986613e-03, 1.22067645e-03, 5.73547358e-03, 4.26437189e-06,
       1.22131611e-03, 1.15052754e-03, 1.03942288e-03, 8.79526702e-07,
       1.29356146e-03, 1.00749361e-03])}
{'img': array([[[ 0.        ,  0.04408926,  0.        , ...,  0.89786002,
          0.68363038,  0.486634  ],
        [-0.04408926,  0.        , -0.04408926, ...,  0.9163986 ,
          0.71514321,  0.52467744],
        [ 0.        ,  0.04408926,  0.        , ...,  0.89786002,
          0.68363038,  0.486634  ],
        ...,
        [-0.89786002, -0.9163986 , -0.89786002, ...,  0.        ,
          0.35429426,  0.57012013],
        [-0.68363038, -0.71514321, -0.68363038, ..., -0.35429426,
          0.        ,  0.24206425],
        [-0.486634  , -0.52467744, -0.486634  , ..., -0.57012013,
         -0.24206425,  0.        ]],

       [[ 0.        , -0.33613368, -0.49288971, ...,  0.22576726,
          0.38465224,  0.07967581],
        [ 0.33613368,  0.        , -0.17174341, ...,  0.54008597,
          0.67254305,  0.41010487],
        [ 0.49288971,  0.17174341,  0.        , ...,  0.67660217,
          0.7896503 ,  0.560648  ],
        ...,
        [-0.22576726, -0.54008597, -0.67660217, ...,  0.        ,
          0.16632392, -0.14743083],
        [-0.38465224, -0.67254305, -0.7896503 , ..., -0.16632392,
          0.        , -0.30988369],
        [-0.07967581, -0.41010487, -0.560648  , ...,  0.14743083,
          0.30988369,  0.        ]],

       [[ 0.        ,  0.01725386,  0.01725386, ...,  0.63703682,
          0.55174853,  0.3581885 ],
        [-0.01725386,  0.        ,  0.        , ...,  0.65024184,
          0.56605629,  0.37424424],
        [-0.01725386,  0.        ,  0.        , ...,  0.65024184,
          0.56605629,  0.37424424],
        ...,
        [-0.63703682, -0.65024184, -0.65024184, ...,  0.        ,
          0.10598923,  0.31866532],
        [-0.55174853, -0.56605629, -0.56605629, ..., -0.10598923,
          0.        ,  0.21640664],
        [-0.3581885 , -0.37424424, -0.37424424, ..., -0.31866532,
         -0.21640664,  0.        ]],

       ...,

       [[ 0.        , -0.61523603,  0.23388207, ...,  0.99090393,
          0.99048953,  0.98577975],
        [ 0.61523603,  0.        ,  0.78255173, ...,  0.86396519,
          0.69619629,  0.67374673],
        [-0.23388207, -0.78255173,  0.        , ...,  0.93194739,
          0.99519767,  0.99774125],
        ...,
        [-0.99090393, -0.86396519, -0.93194739, ...,  0.        ,
          0.26962796,  0.29917154],
        [-0.99048953, -0.69619629, -0.99519767, ..., -0.26962796,
          0.        ,  0.03081277],
        [-0.98577975, -0.67374673, -0.99774125, ..., -0.29917154,
         -0.03081277,  0.        ]],

       [[ 0.        , -0.07995639, -0.16460705, ...,  0.99998442,
          0.9912039 ,  0.92369316],
        [ 0.07995639,  0.        , -0.08521432, ...,  0.99633646,
          0.9774487 ,  0.89010189],
        [ 0.16460705,  0.08521432,  0.        , ...,  0.9854249 ,
          0.95589841,  0.84802686],
        ...,
        [-0.99998442, -0.99633646, -0.9854249 , ...,  0.        ,
          0.12680797,  0.3779704 ],
        [-0.9912039 , -0.9774487 , -0.95589841, ..., -0.12680797,
          0.        ,  0.25751809],
        [-0.92369316, -0.89010189, -0.84802686, ..., -0.3779704 ,
         -0.25751809,  0.        ]],

       [[ 0.        ,  0.26619289,  0.40034236, ...,  0.92072029,
          0.72208609,  0.        ],
        [-0.26619289,  0.        ,  0.1419679 , ...,  0.99137514,
          0.88018616,  0.26619289],
        [-0.40034236, -0.1419679 ,  0.        , ...,  0.99993932,
          0.93865301,  0.40034236],
        ...,
        [-0.92072029, -0.99137514, -0.99993932, ...,  0.        ,
          0.3551825 ,  0.92072029],
        [-0.72208609, -0.88018616, -0.93865301, ..., -0.3551825 ,
          0.        ,  0.72208609],
        [-0.        , -0.26619289, -0.40034236, ..., -0.92072029,
         -0.72208609,  0.        ]]]), 'num': array([ 7.19568982e-01,  6.94389431e-01,  2.23025256e-07,  1.19902626e-03,
        1.23194903e-03,  1.19584018e-03,  5.72972060e-03, -2.76126507e-05,
        1.21198296e-03,  1.15415570e-03,  1.03945700e-03,  7.57308985e-07,
        1.28941429e-03,  1.01889711e-03])}
{'img': array([[[ 0.        , -0.04408926, -0.07548122, ...,  0.71514321,
          0.52467744,  0.92634864],
        [ 0.04408926,  0.        , -0.03144434, ...,  0.68363038,
          0.486634  ,  0.90884088],
        [ 0.07548122,  0.03144434,  0.        , ...,  0.66034336,
          0.4589234 ,  0.89527468],
        ...,
        [-0.71514321, -0.68363038, -0.66034336, ...,  0.        ,
          0.24206425, -0.37812629],
        [-0.52467744, -0.486634  , -0.4589234 , ..., -0.24206425,
          0.        , -0.59097285],
        [-0.92634864, -0.90884088, -0.89527468, ...,  0.37812629,
          0.59097285,  0.        ]],

       [[ 0.        , -0.17174341, -0.35785061, ...,  0.67254305,
          0.41010487,  0.41181342],
        [ 0.17174341,  0.        , -0.1921632 , ...,  0.7896503 ,
          0.560648  ,  0.56219888],
        [ 0.35785061,  0.1921632 ,  0.        , ...,  0.89283669,
          0.70932074,  0.71064054],
        ...,
        [-0.67254305, -0.7896503 , -0.89283669, ...,  0.        ,
         -0.30988369, -0.30810128],
        [-0.41010487, -0.560648  , -0.70932074, ...,  0.30988369,
          0.        ,  0.00187412],
        [-0.41181342, -0.56219888, -0.71064054, ...,  0.30810128,
         -0.00187412,  0.        ]],

       [[ 0.        ,  0.        ,  0.        , ...,  0.56605629,
          0.37424424,  0.60359246],
        [ 0.        ,  0.        ,  0.        , ...,  0.56605629,
          0.37424424,  0.60359246],
        [ 0.        ,  0.        ,  0.        , ...,  0.56605629,
          0.37424424,  0.60359246],
        ...,
        [-0.56605629, -0.56605629, -0.56605629, ...,  0.        ,
          0.21640664, -0.04626873],
        [-0.37424424, -0.37424424, -0.37424424, ..., -0.21640664,
          0.        , -0.26134718],
        [-0.60359246, -0.60359246, -0.60359246, ...,  0.04626873,
          0.26134718,  0.        ]],

       ...,

       [[ 0.        ,  0.78255173,  0.82403567, ...,  0.69619629,
          0.67374673,  0.92832428],
        [-0.78255173,  0.        ,  0.0696875 , ...,  0.99519767,
          0.99774125,  0.86889171],
        [-0.82403567, -0.0696875 ,  0.        , ...,  0.98595681,
          0.9906344 ,  0.83228386],
        ...,
        [-0.69619629, -0.99519767, -0.98595681, ...,  0.        ,
          0.03081277, -0.40757303],
        [-0.67374673, -0.99774125, -0.9906344 , ..., -0.03081277,
          0.        , -0.43551688],
        [-0.92832428, -0.86889171, -0.83228386, ...,  0.40757303,
          0.43551688,  0.        ]],

       [[ 0.        , -0.08507351, -0.17944445, ...,  0.9808474 ,
          0.93041779,  0.88941152],
        [ 0.08507351,  0.        , -0.0951013 , ...,  0.96072108,
          0.89586523,  0.84729939],
        [ 0.17944445,  0.0951013 ,  0.        , ...,  0.9299746 ,
          0.84954884,  0.79294931],
        ...,
        [-0.9808474 , -0.96072108, -0.9299746 , ...,  0.        ,
          0.17825652,  0.27511498],
        [-0.93041779, -0.89586523, -0.84954884, ..., -0.17825652,
          0.        ,  0.09933092],
        [-0.88941152, -0.84729939, -0.79294931, ..., -0.27511498,
         -0.09933092,  0.        ]],

       [[ 0.        ,  0.28628375,  0.4383668 , ...,  0.88931423,
          0.68498383,  0.        ],
        [-0.28628375,  0.        ,  0.16270816, ...,  0.98300847,
          0.86488815,  0.28628375],
        [-0.4383668 , -0.16270816,  0.        , ...,  0.99977588,
          0.9350366 ,  0.4383668 ],
        ...,
        [-0.88931423, -0.98300847, -0.99977588, ...,  0.        ,
          0.33467644,  0.88931423],
        [-0.68498383, -0.86488815, -0.9350366 , ..., -0.33467644,
          0.        ,  0.68498383],
        [-0.        , -0.28628375, -0.4383668 , ..., -0.88931423,
         -0.68498383,  0.        ]]]), 'num': array([ 7.13456629e-01,  7.00629271e-01,  1.15874963e-07,  1.16612349e-03,
        1.19245871e-03,  1.15137577e-03,  9.36211761e-03, -2.31749925e-05,
        1.19519757e-03,  1.15105974e-03,  1.03455273e-03,  6.92708479e-07,
        1.27663402e-03,  1.02548547e-03])}
{'img': array([[[ 0.        , -0.03144434, -0.486634  , ...,  0.486634  ,
          0.90884088,  0.98194061],
        [ 0.03144434,  0.        , -0.4589234 , ...,  0.4589234 ,
          0.89527468,  0.97550611],
        [ 0.486634  ,  0.4589234 ,  0.        , ...,  0.        ,
          0.59097285,  0.76576316],
        ...,
        [-0.486634  , -0.4589234 , -0.        , ...,  0.        ,
         -0.59097285, -0.76576316],
        [-0.90884088, -0.89527468, -0.59097285, ...,  0.59097285,
          0.        , -0.23766656],
        [-0.98194061, -0.97550611, -0.76576316, ...,  0.76576316,
          0.23766656,  0.        ]],

       [[ 0.        , -0.1921632 ,  0.40193406, ...,  0.560648  ,
          0.56219888,  0.82403136],
        [ 0.1921632 ,  0.        ,  0.57040102, ...,  0.70932074,
          0.71064054,  0.91754281],
        [-0.40193406, -0.57040102,  0.        , ...,  0.18054457,
          0.18238757,  0.52682624],
        ...,
        [-0.560648  , -0.70932074, -0.18054457, ...,  0.        ,
          0.00187412,  0.36471079],
        [-0.56219888, -0.71064054, -0.18238757, ..., -0.00187412,
          0.        ,  0.36296512],
        [-0.82403136, -0.91754281, -0.52682624, ..., -0.36471079,
         -0.36296512,  0.        ]],

       [[ 0.        ,  0.        , -0.03997153, ...,  0.37424424,
          0.60359246,  0.71980731],
        [ 0.        ,  0.        , -0.03997153, ...,  0.37424424,
          0.60359246,  0.71980731],
        [ 0.03997153,  0.03997153,  0.        , ...,  0.33687834,
          0.57124106,  0.69148486],
        ...,
        [-0.37424424, -0.37424424, -0.33687834, ...,  0.        ,
         -0.26134718, -0.40770844],
        [-0.60359246, -0.60359246, -0.57124106, ...,  0.26134718,
          0.        , -0.15489919],
        [-0.71980731, -0.71980731, -0.69148486, ...,  0.40770844,
          0.15489919,  0.        ]],

       ...,

       [[ 0.        ,  0.10588611,  0.15660373, ...,  0.98087663,
          0.95763868,  0.87667254],
        [-0.10588611,  0.        ,  0.0511437 , ...,  0.99597107,
          0.92176279,  0.82080363],
        [-0.15660373, -0.0511437 ,  0.        , ...,  0.99925397,
          0.9007253 ,  0.79051562],
        ...,
        [-0.98087663, -0.99597107, -0.99925397, ...,  0.        ,
         -0.46885119, -0.64251477],
        [-0.95763868, -0.92176279, -0.9007253 , ...,  0.46885119,
          0.        , -0.20825048],
        [-0.87667254, -0.82080363, -0.79051562, ...,  0.64251477,
          0.20825048,  0.        ]],

       [[ 0.        , -0.0951013 , -0.21128144, ...,  0.89586523,
          0.84729939,  0.92548876],
        [ 0.0951013 ,  0.        , -0.11736941, ...,  0.84954884,
          0.79294931,  0.88527208],
        [ 0.21128144,  0.11736941,  0.        , ...,  0.7817635 ,
          0.71595697,  0.82456796],
        ...,
        [-0.89586523, -0.84954884, -0.7817635 , ...,  0.        ,
          0.09933092, -0.07188721],
        [-0.84729939, -0.79294931, -0.71595697, ..., -0.09933092,
          0.        , -0.17060561],
        [-0.92548876, -0.88527208, -0.82456796, ...,  0.07188721,
          0.17060561,  0.        ]],

       [[ 0.        ,  0.32227267,  0.45961577, ...,  0.85640361,
          0.64954077,  0.        ],
        [-0.32227267,  0.        ,  0.14887772, ...,  0.97710343,
          0.85991829,  0.32227267],
        [-0.45961577, -0.14887772,  0.        , ...,  0.99789016,
          0.92632694,  0.45961577],
        ...,
        [-0.85640361, -0.97710343, -0.99789016, ...,  0.        ,
          0.31578416,  0.85640361],
        [-0.64954077, -0.85991829, -0.92632694, ..., -0.31578416,
          0.        ,  0.64954077],
        [-0.        , -0.32227267, -0.45961577, ..., -0.85640361,
         -0.64954077,  0.        ]]]), 'num': array([7.10659303e-01, 7.03509161e-01, 6.29413859e-08, 1.19169024e-03,
       1.19169024e-03, 1.16546466e-03, 5.24476931e-03, 3.04216698e-05,
       1.19127063e-03, 1.15355825e-03, 1.03431929e-03, 7.05848256e-07,
       1.27112613e-03, 1.03599037e-03])}
{'img': array([[[ 0.        , -0.4589234 , -0.06948231, ...,  0.89527468,
          0.97550611,  0.84936523],
        [ 0.4589234 ,  0.        ,  0.39608091, ...,  0.59097285,
          0.76576316,  0.51241817],
        [ 0.06948231, -0.39608091,  0.        , ...,  0.86215558,
          0.95786431,  0.81063932],
        ...,
        [-0.89527468, -0.59097285, -0.86215558, ...,  0.        ,
         -0.23766656,  0.09412634],
        [-0.97550611, -0.76576316, -0.95786431, ...,  0.23766656,
          0.        ,  0.3280407 ],
        [-0.84936523, -0.51241817, -0.81063932, ..., -0.09412634,
         -0.3280407 ,  0.        ]],

       [[ 0.        ,  0.57040102,  0.45818686, ...,  0.71064054,
          0.91754281,  0.67458995],
