state_0,state_1,state_2,state_3,state_4,state_5,state_6,state_7,state_8,state_9,state_10,state_11,state_12,state_13,state_14,state_15,state_16,state_17,state_18,state_19,state_20,state_21,state_22,state_23,state_24,state_25,state_26,state_27,state_28,state_29,state_30,state_31,state_32,state_33,state_34,state_35,state_36,state_37,state_38,state_39,state_40,state_41,state_42,state_43,state_44,state_45,state_46,state_47,state_48,state_49,state_50,state_51,state_52,state_53,state_54,state_55,state_56,state_57,state_58,state_59,state_60,state_61,state_62,state_63,state_64,state_65,state_66,state_67,state_68,state_69,state_70,state_71,state_72,state_73,state_74,state_75,state_76,state_77,state_78,state_79,state_80,state_81,state_82,state_83,state_84,state_85,state_86,state_87,state_88,state_89,state_90,state_91,state_92,state_93,state_94,state_95,state_96,state_97,state_98,state_99,state_100,state_101,state_102,state_103,state_104,state_105,state_106,state_107,state_108,state_109,state_110,state_111,state_112,state_113,state_114,state_115,state_116,state_117,state_118,state_119,state_120,state_121,state_122,state_123,state_124,state_125,state_126,state_127,state_128,state_129,state_130,state_131,state_132,state_133,state_134,state_135,state_136,state_137,state_138,state_139,state_140,state_141,state_142,state_143,state_144,state_145,state_146,state_147,state_148,state_149,state_150,state_151,state_152,state_153,state_154,state_155,state_156,state_157,state_158,state_159,state_160,state_161,state_162,state_163,state_164,state_165,state_166,state_167,state_168,state_169,state_170,state_171,state_172,state_173,state_174,state_175,state_176,state_177,state_178,state_179,state_180,state_181,state_182,state_183,state_184,state_185,state_186,state_187,state_188,state_189,state_190,state_191,state_192,state_193,state_194,state_195,state_196,state_197,state_198,state_199,state_200,state_201,state_202,state_203,state_204,state_205,state_206,state_207,state_208,state_209,state_210,state_211,state_212,state_213,state_214,state_215,state_216,state_217,state_218,state_219,state_220,state_221,state_222,state_223,state_224,state_225,state_226,state_227,state_228,state_229,state_230,state_231,state_232,state_233,state_234,state_235,state_236,state_237,state_238,state_239,state_240,state_241,state_242,state_243,state_244,state_245,state_246,state_247,state_248,state_249,state_250,state_251,state_252,state_253,state_254,state_255,state_256,state_257,state_258,state_259,state_260,state_261,state_262,state_263,state_264,state_265,state_266,state_267,state_268,state_269,state_270,state_271,state_272,state_273,state_274,state_275,state_276,state_277,state_278,state_279,state_280,state_281,state_282,state_283,state_284,state_285,state_286,state_287
{'img': array([[[ 0.        ,  0.0555365 ,  0.12949591, ..., -0.59634808,
         -0.27855852, -0.24132947],
        [-0.0555365 ,  0.        ,  0.07422717, ..., -0.6400083 ,
         -0.33146693, -0.29485204],
        [-0.12949591, -0.07422717,  0.        , ..., -0.69527653,
         -0.40058341, -0.3649659 ],
        ...,
        [ 0.59634808,  0.6400083 ,  0.69527653, ...,  0.        ,
          0.34913802,  0.38500053],
        [ 0.27855852,  0.33146693,  0.40058341, ..., -0.34913802,
          0.        ,  0.03854776],
        [ 0.24132947,  0.29485204,  0.3649659 , ..., -0.38500053,
         -0.03854776,  0.        ]],

       [[ 0.        ,  0.0283694 , -0.04749555, ...,  0.0658116 ,
          0.56585062,  0.01882883],
        [-0.0283694 ,  0.        , -0.07581382, ...,  0.03747722,
          0.54223208, -0.00954312],
        [ 0.04749555,  0.07581382,  0.        , ...,  0.11312992,
          0.60437248,  0.06629471],
        ...,
        [-0.0658116 , -0.03747722, -0.11312992, ...,  0.        ,
          0.51036171, -0.04701193],
        [-0.56585062, -0.54223208, -0.60437248, ..., -0.51036171,
          0.        , -0.55022579],
        [-0.01882883,  0.00954312, -0.06629471, ...,  0.04701193,
          0.55022579,  0.        ]],

       [[ 0.        , -0.17815414, -0.28239326, ..., -0.91067582,
         -0.87515144, -0.84967961],
        [ 0.17815414,  0.        , -0.10697267, ..., -0.82250803,
         -0.77495156, -0.74214639],
        [ 0.28239326,  0.10697267,  0.        , ..., -0.75694737,
         -0.70289593, -0.66619079],
        ...,
        [ 0.91067582,  0.82250803,  0.75694737, ...,  0.        ,
          0.07908564,  0.12917764],
        [ 0.87515144,  0.77495156,  0.70289593, ..., -0.07908564,
          0.        ,  0.05035002],
        [ 0.84967961,  0.74214639,  0.66619079, ..., -0.12917764,
         -0.05035002,  0.        ]],

       ...,

       [[ 0.        ,  0.20665548,  0.10204736, ...,  0.38629502,
          0.94961713,  0.997673  ],
        [-0.20665548,  0.        , -0.1057321 , ...,  0.18734246,
          0.8643501 ,  0.96204714],
        [-0.10204736,  0.1057321 ,  0.        , ...,  0.29015242,
          0.91267679,  0.98550705],
        ...,
        [-0.38629502, -0.18734246, -0.29015242, ...,  0.        ,
          0.75483373,  0.89389114],
        [-0.94961713, -0.8643501 , -0.91267679, ..., -0.75483373,
          0.        ,  0.2479377 ],
        [-0.997673  , -0.96204714, -0.98550705, ..., -0.89389114,
         -0.2479377 ,  0.        ]],

       [[ 0.        ,  0.        , -0.00944116, ..., -0.51305574,
         -0.79184726, -0.88222321],
        [ 0.        ,  0.        , -0.00944116, ..., -0.51305574,
         -0.79184726, -0.88222321],
        [ 0.00944116,  0.00944116,  0.        , ..., -0.52113674,
         -0.79757786, -0.88662908],
        ...,
        [ 0.51305574,  0.51305574,  0.52113674, ...,  0.        ,
          0.36635331,  0.51569821],
        [ 0.79184726,  0.79184726,  0.79757786, ..., -0.36635331,
          0.        ,  0.16596408],
        [ 0.88222321,  0.88222321,  0.88662908, ..., -0.51569821,
         -0.16596408,  0.        ]],

       [[ 0.        ,  0.        ,  0.02804477, ..., -0.92850961,
         -0.93107628, -0.94376117],
        [ 0.        ,  0.        ,  0.02804477, ..., -0.92850961,
         -0.93107628, -0.94376117],
        [-0.02804477, -0.02804477,  0.        , ..., -0.93855766,
         -0.94094148, -0.95266235],
        ...,
        [ 0.92850961,  0.92850961,  0.93855766, ...,  0.        ,
         -0.00697329, -0.04343517],
        [ 0.93107628,  0.93107628,  0.94094148, ...,  0.00697329,
          0.        , -0.03646741],
        [ 0.94376117,  0.94376117,  0.95266235, ...,  0.04343517,
          0.03646741,  0.        ]]]), 'num': array([ 7.39774994e-01,  6.72853147e-01,  1.30451943e-06,  3.52220246e-04,
        3.60459316e-04,  3.50847068e-04,  7.84627242e-04, -5.49271339e-06,
        3.51121703e-04,  3.43809529e-04,  3.60733952e-04,  4.34166683e-07,
        3.56934880e-04,  3.30684177e-04])}
{'img': array([[[ 0.        ,  0.07422717,  0.26071908, ..., -0.33146693,
         -0.29485204, -0.44095183],
        [-0.07422717,  0.        ,  0.18833984, ..., -0.40058341,
         -0.3649659 , -0.50635657],
        [-0.26071908, -0.18833984,  0.        , ..., -0.56598286,
         -0.53378276, -0.65970478],
        ...,
        [ 0.33146693,  0.40058341,  0.56598286, ...,  0.        ,
          0.03854776, -0.11852165],
        [ 0.29485204,  0.3649659 ,  0.53378276, ..., -0.03854776,
          0.        , -0.15670962],
        [ 0.44095183,  0.50635657,  0.65970478, ...,  0.11852165,
          0.15670962,  0.        ]],

       [[ 0.        , -0.07581382,  0.08457731, ...,  0.54223208,
         -0.00954312,  0.01176801],
        [ 0.07581382,  0.        ,  0.15987607, ...,  0.60437248,
          0.06629471,  0.08754271],
        [-0.08457731, -0.15987607,  0.        , ...,  0.46922492,
         -0.09408239, -0.07284561],
        ...,
        [-0.54223208, -0.60437248, -0.46922492, ...,  0.        ,
         -0.55022579, -0.53230671],
        [ 0.00954312, -0.06629471,  0.09408239, ...,  0.55022579,
          0.        ,  0.02130993],
        [-0.01176801, -0.08754271,  0.07284561, ...,  0.53230671,
         -0.02130993,  0.        ]],

       [[ 0.        , -0.10697267, -0.12380016, ..., -0.77495156,
         -0.74214639, -0.71533739],
        [ 0.10697267,  0.        , -0.01694005, ..., -0.70289593,
         -0.66619079, -0.63648248],
        [ 0.12380016,  0.01694005,  0.        , ..., -0.69074574,
         -0.65346163, -0.62332544],
        ...,
        [ 0.77495156,  0.70289593,  0.69074574, ...,  0.        ,
          0.05035002,  0.08941207],
        [ 0.74214639,  0.66619079,  0.65346163, ..., -0.05035002,
          0.        ,  0.03915031],
        [ 0.71533739,  0.63648248,  0.62332544, ..., -0.08941207,
         -0.03915031,  0.        ]],

       ...,

       [[ 0.        , -0.1057321 ,  0.01652736, ...,  0.8643501 ,
          0.96204714,  0.63157135],
        [ 0.1057321 ,  0.        ,  0.12215237, ...,  0.91267679,
          0.98550705,  0.71000715],
        [-0.01652736, -0.12215237,  0.        , ...,  0.85592059,
          0.9574057 ,  0.61867113],
        ...,
        [-0.8643501 , -0.91267679, -0.85592059, ...,  0.        ,
          0.2479377 , -0.35253472],
        [-0.96204714, -0.98550705, -0.9574057 , ..., -0.2479377 ,
          0.        , -0.57354695],
        [-0.63157135, -0.71000715, -0.61867113, ...,  0.35253472,
          0.57354695,  0.        ]],

       [[ 0.        , -0.00944116, -0.01721463, ..., -0.79184726,
         -0.88222321, -0.90742294],
        [ 0.00944116,  0.        , -0.0077741 , ..., -0.79757786,
         -0.88662908, -0.91134985],
        [ 0.01721463,  0.0077741 ,  0.        , ..., -0.80224322,
         -0.89019766, -0.91452238],
        ...,
        [ 0.79184726,  0.79757786,  0.80224322, ...,  0.        ,
          0.16596408,  0.22143171],
        [ 0.88222321,  0.88662908,  0.89019766, ..., -0.16596408,
          0.        ,  0.05651668],
        [ 0.90742294,  0.91134985,  0.91452238, ..., -0.22143171,
         -0.05651668,  0.        ]],

       [[ 0.        ,  0.02804477,  0.07384437, ..., -0.93107628,
         -0.94376117, -0.9389478 ],
        [-0.02804477,  0.        ,  0.04584712, ..., -0.94094148,
         -0.95266235, -0.94822755],
        [-0.07384437, -0.04584712,  0.        , ..., -0.95547447,
         -0.96559951, -0.96179113],
        ...,
        [ 0.93107628,  0.94094148,  0.95547447, ...,  0.        ,
         -0.03646741, -0.02220546],
        [ 0.94376117,  0.95266235,  0.96559951, ...,  0.03646741,
          0.        ,  0.01426773],
        [ 0.9389478 ,  0.94822755,  0.96179113, ...,  0.02220546,
         -0.01426773,  0.        ]]]), 'num': array([7.07105247e-01, 7.07105247e-01, 0.00000000e+00, 5.78642209e-04,
       5.81993418e-04, 5.73056859e-04, 1.31035651e-03, 5.58534950e-06,
       5.74844171e-04, 5.60992504e-04, 5.86554787e-04, 7.18116365e-07,
       5.83022867e-04, 5.38962141e-04])}
{'img': array([[[ 0.        ,  0.18833984,  0.45972895, ..., -0.3649659 ,
         -0.50635657, -0.41832694],
        [-0.18833984,  0.        ,  0.28424466, ..., -0.53378276,
         -0.65970478, -0.58190894],
        [-0.45972895, -0.28424466,  0.        , ..., -0.75212861,
         -0.84611005, -0.78906932],
        ...,
        [ 0.3649659 ,  0.53378276,  0.75212861, ...,  0.        ,
         -0.15670962, -0.05797386],
        [ 0.50635657,  0.65970478,  0.84611005, ...,  0.15670962,
          0.        ,  0.09918848],
        [ 0.41832694,  0.58190894,  0.78906932, ...,  0.05797386,
         -0.09918848,  0.        ]],

       [[ 0.        ,  0.15987607,  0.16917157, ...,  0.06629471,
          0.08754271,  0.10058828],
        [-0.15987607,  0.        ,  0.00942381, ..., -0.09408239,
         -0.07284561, -0.05977078],
        [-0.16917157, -0.00942381,  0.        , ..., -0.10346022,
         -0.08224115, -0.0691751 ],
        ...,
        [-0.06629471,  0.09408239,  0.10346022, ...,  0.        ,
          0.02130993,  0.03440851],
        [-0.08754271,  0.07284561,  0.08224115, ..., -0.02130993,
          0.        ,  0.01310339],
        [-0.10058828,  0.05977078,  0.0691751 , ..., -0.03440851,
         -0.01310339,  0.        ]],

       [[ 0.        , -0.01694005,  0.05110748, ..., -0.66619079,
         -0.63648248, -0.5762345 ],
        [ 0.01694005,  0.        ,  0.06801806, ..., -0.65346163,
         -0.62332544, -0.56230698],
        [-0.05110748, -0.06801806,  0.        , ..., -0.7034352 ,
         -0.67506945, -0.6172508 ],
        ...,
        [ 0.66619079,  0.65346163,  0.7034352 , ...,  0.        ,
          0.03915031,  0.1147224 ],
        [ 0.63648248,  0.62332544,  0.67506945, ..., -0.03915031,
          0.        ,  0.07574263],
        [ 0.5762345 ,  0.56230698,  0.6172508 , ..., -0.1147224 ,
         -0.07574263,  0.        ]],

       ...,

       [[ 0.        ,  0.12215237, -0.16359938, ...,  0.98550705,
          0.71000715,  0.74315585],
        [-0.12215237,  0.        , -0.28288084, ...,  0.9574057 ,
          0.61867113,  0.65585623],
        [ 0.16359938,  0.28288084,  0.        , ...,  0.99998127,
          0.8156469 ,  0.84261055],
        ...,
        [-0.98550705, -0.9574057 , -0.99998127, ...,  0.        ,
         -0.57354695, -0.53335604],
        [-0.71000715, -0.61867113, -0.8156469 , ...,  0.57354695,
          0.        ,  0.04824742],
        [-0.74315585, -0.65585623, -0.84261055, ...,  0.53335604,
         -0.04824742,  0.        ]],

       [[ 0.        , -0.0077741 , -0.01841411, ..., -0.88662908,
         -0.91134985, -0.93661951],
        [ 0.0077741 ,  0.        , -0.01064077, ..., -0.89019766,
         -0.91452238, -0.93931485],
        [ 0.01841411,  0.01064077,  0.        , ..., -0.89499493,
         -0.91877517, -0.94291205],
        ...,
        [ 0.88662908,  0.89019766,  0.89499493, ...,  0.        ,
          0.05651668,  0.12253999],
        [ 0.91134985,  0.91452238,  0.91877517, ..., -0.05651668,
          0.        ,  0.06625338],
        [ 0.93661951,  0.93931485,  0.94291205, ..., -0.12253999,
         -0.06625338,  0.        ]],

       [[ 0.        ,  0.04584712,  0.17614759, ..., -0.95266235,
         -0.94822755, -0.93497242],
        [-0.04584712,  0.        ,  0.13083212, ..., -0.96559951,
         -0.96179113, -0.95025218],
        [-0.17614759, -0.13083212,  0.        , ..., -0.99132051,
         -0.98934386, -0.98283612],
        ...,
        [ 0.95266235,  0.96559951,  0.99132051, ...,  0.        ,
          0.01426773,  0.05366878],
        [ 0.94822755,  0.96179113,  0.98934386, ..., -0.01426773,
          0.        ,  0.03941615],
        [ 0.93497242,  0.95025218,  0.98283612, ..., -0.05366878,
         -0.03941615,  0.        ]]]), 'num': array([ 7.07105260e-01,  7.07105260e-01,  0.00000000e+00,  5.70822729e-04,
        5.76408079e-04,  5.66354450e-04,  1.30293918e-03, -7.81948944e-06,
        5.76854907e-04,  5.62668119e-04,  5.85996263e-04,  7.08002062e-07,
        5.82194169e-04,  5.43142069e-04])}
{'img': array([[[ 0.        ,  0.28424466,  0.05870248, ..., -0.65970478,
         -0.58190894, -0.68991127],
        [-0.28424466,  0.        , -0.22747337, ..., -0.84611005,
         -0.78906932, -0.86721664],
        [-0.05870248,  0.22747337,  0.        , ..., -0.70268351,
         -0.62864548, -0.7312159 ],
        ...,
        [ 0.65970478,  0.84611005,  0.70268351, ...,  0.        ,
          0.09918848, -0.04092917],
        [ 0.58190894,  0.78906932,  0.62864548, ..., -0.09918848,
          0.        , -0.1398327 ],
        [ 0.68991127,  0.86721664,  0.7312159 , ...,  0.04092917,
          0.1398327 ,  0.        ]],

       [[ 0.        ,  0.00942381, -0.23923745, ..., -0.07284561,
         -0.05977078, -0.06261608],
        [-0.00942381,  0.        , -0.24837698, ..., -0.08224115,
         -0.0691751 , -0.07201863],
        [ 0.23923745,  0.24837698,  0.        , ...,  0.16787159,
          0.18077461,  0.17797021],
        ...,
        [ 0.07284561,  0.08224115, -0.16787159, ...,  0.        ,
          0.01310339,  0.01025294],
        [ 0.05977078,  0.0691751 , -0.18077461, ..., -0.01310339,
          0.        , -0.00285064],
        [ 0.06261608,  0.07201863, -0.17797021, ..., -0.01025294,
          0.00285064,  0.        ]],

       [[ 0.        ,  0.06801806,  0.15403604, ..., -0.62332544,
         -0.56230698, -0.52758177],
        [-0.06801806,  0.        ,  0.08647303, ..., -0.67506945,
         -0.6172508 , -0.58414157],
        [-0.15403604, -0.08647303,  0.        , ..., -0.73633661,
         -0.68297278, -0.65213948],
        ...,
        [ 0.62332544,  0.67506945,  0.73633661, ...,  0.        ,
          0.07574263,  0.11696844],
        [ 0.56230698,  0.6172508 ,  0.68297278, ..., -0.07574263,
          0.        ,  0.04140974],
        [ 0.52758177,  0.58414157,  0.65213948, ..., -0.11696844,
         -0.04140974,  0.        ]],

       ...,

       [[ 0.        , -0.28288084, -0.42173696, ...,  0.61867113,
          0.65585623,  0.62381604],
        [ 0.28288084,  0.        , -0.14801793, ...,  0.8156469 ,
          0.84261055,  0.81942783],
        [ 0.42173696,  0.14801793,  0.        , ...,  0.89229806,
          0.91304005,  0.89524284],
        ...,
        [-0.61867113, -0.8156469 , -0.89229806, ...,  0.        ,
          0.04824742,  0.00656557],
        [-0.65585623, -0.84261055, -0.91304005, ..., -0.04824742,
          0.        , -0.04168845],
        [-0.62381604, -0.81942783, -0.89524284, ..., -0.00656557,
          0.04168845,  0.        ]],

       [[ 0.        , -0.01064077, -0.06181579, ..., -0.91452238,
         -0.93931485, -0.93108397],
        [ 0.01064077,  0.        , -0.05119188, ..., -0.91877517,
         -0.94291205, -0.93491306],
        [ 0.06181579,  0.05119188,  0.        , ..., -0.9377801 ,
         -0.95872478, -0.95185405],
        ...,
        [ 0.91452238,  0.91877517,  0.9377801 , ...,  0.        ,
          0.06625338,  0.04303406],
        [ 0.93931485,  0.94291205,  0.95872478, ..., -0.06625338,
          0.        , -0.0232525 ],
        [ 0.93108397,  0.93491306,  0.95185405, ..., -0.04303406,
          0.0232525 ,  0.        ]],

       [[ 0.        ,  0.13083212,  0.30542985, ..., -0.96179113,
         -0.95025218, -0.88845923],
        [-0.13083212,  0.        ,  0.17822429, ..., -0.98934386,
         -0.98283612, -0.94086864],
        [-0.30542985, -0.17822429,  0.        , ..., -0.99945342,
         -0.99997976, -0.98618256],
        ...,
        [ 0.96179113,  0.98934386,  0.99945342, ...,  0.        ,
          0.03941615,  0.19817321],
        [ 0.95025218,  0.98283612,  0.99997976, ..., -0.03941615,
          0.        ,  0.15938479],
        [ 0.88845923,  0.94086864,  0.98618256, ..., -0.19817321,
         -0.15938479,  0.        ]]]), 'num': array([7.07105441e-01, 7.07105441e-01, 0.00000000e+00, 5.75291157e-04,
       5.79759438e-04, 5.69705806e-04, 1.08183781e-03, 4.46828083e-06,
       5.75961399e-04, 5.63450213e-04, 5.85326171e-04, 6.96145202e-07,
       5.83670726e-04, 5.43229699e-04])}
{'img': array([[[ 0.        , -0.22747337,  0.        , ..., -0.78906932,
         -0.86721664, -0.8240021 ],
        [ 0.22747337,  0.        ,  0.22747337, ..., -0.62864548,
         -0.7312159 , -0.67351691],
        [ 0.        , -0.22747337,  0.        , ..., -0.78906932,
         -0.86721664, -0.8240021 ],
        ...,
        [ 0.78906932,  0.62864548,  0.78906932, ...,  0.        ,
         -0.1398327 , -0.05911169],
        [ 0.86721664,  0.7312159 ,  0.86721664, ...,  0.1398327 ,
          0.        ,  0.08105725],
        [ 0.8240021 ,  0.67351691,  0.8240021 , ...,  0.05911169,
         -0.08105725,  0.        ]],

       [[ 0.        , -0.24837698, -0.17853975, ..., -0.0691751 ,
         -0.07201863, -0.16449948],
        [ 0.24837698,  0.        ,  0.07144131, ...,  0.18077461,
          0.17797021,  0.08564875],
        [ 0.17853975, -0.07144131,  0.        , ...,  0.11004842,
          0.10721465,  0.01425111],
        ...,
        [ 0.0691751 , -0.18077461, -0.11004842, ...,  0.        ,
         -0.00285064, -0.09587269],
        [ 0.07201863, -0.17797021, -0.10721465, ...,  0.00285064,
          0.        , -0.0930348 ],
        [ 0.16449948, -0.08564875, -0.01425111, ...,  0.09587269,
          0.0930348 ,  0.        ]],

       [[ 0.        ,  0.08647303,  0.21046395, ..., -0.6172508 ,
         -0.58414157, -0.59890644],
        [-0.08647303,  0.        ,  0.12513941, ..., -0.68297278,
         -0.65213948, -0.6659123 ],
        [-0.21046395, -0.12513941,  0.        , ..., -0.76901136,
         -0.74188118, -0.75403544],
        ...,
        [ 0.6172508 ,  0.68297278,  0.76901136, ...,  0.        ,
          0.04140974,  0.02310668],
        [ 0.58414157,  0.65213948,  0.74188118, ..., -0.04140974,
          0.        , -0.01831182],
        [ 0.59890644,  0.6659123 ,  0.75403544, ..., -0.02310668,
          0.01831182,  0.        ]],

       ...,

       [[ 0.        , -0.14801793, -0.06033929, ...,  0.84261055,
          0.81942783,  0.79133517],
        [ 0.14801793,  0.        ,  0.0880736 , ...,  0.91304005,
          0.89524284,  0.87311394],
        [ 0.06033929, -0.0880736 ,  0.        , ...,  0.87356937,
          0.85252019,  0.82678369],
        ...,
        [-0.84261055, -0.91304005, -0.87356937, ...,  0.        ,
         -0.04168845, -0.08900489],
        [-0.81942783, -0.89524284, -0.85252019, ...,  0.04168845,
          0.        , -0.04740452],
        [-0.79133517, -0.87311394, -0.82678369, ...,  0.08900489,
          0.04740452,  0.        ]],

       [[ 0.        , -0.05119188, -0.04464993, ..., -0.94291205,
         -0.93491306, -0.94866042],
        [ 0.05119188,  0.        ,  0.00654944, ..., -0.95872478,
         -0.95185405, -0.96360838],
        [ 0.04464993, -0.00654944,  0.        , ..., -0.95684198,
         -0.94982589, -0.96183693],
        ...,
        [ 0.94291205,  0.95872478,  0.95684198, ...,  0.        ,
         -0.0232525 ,  0.01770392],
        [ 0.93491306,  0.95185405,  0.94982589, ...,  0.0232525 ,
          0.        ,  0.04094798],
        [ 0.94866042,  0.96360838,  0.96183693, ..., -0.01770392,
         -0.04094798,  0.        ]],

       [[ 0.        ,  0.17822429,  0.19767871, ..., -0.98283612,
         -0.94086864, -0.93979562],
        [-0.17822429,  0.        ,  0.01980649, ..., -0.99997976,
         -0.98618256, -0.98565523],
        [-0.19767871, -0.01980649,  0.        , ..., -0.99990961,
         -0.98927029, -0.98880464],
        ...,
        [ 0.98283612,  0.99997976,  0.99990961, ...,  0.        ,
          0.15938479,  0.16249725],
        [ 0.94086864,  0.98618256,  0.98927029, ..., -0.15938479,
          0.        ,  0.00315356],
        [ 0.93979562,  0.98565523,  0.98880464, ..., -0.16249725,
         -0.00315356,  0.        ]]]), 'num': array([ 7.07105423e-01,  7.07105423e-01,  0.00000000e+00,  5.58535090e-04,
        5.68588721e-04,  5.55183879e-04,  1.12904517e-03, -1.67560527e-05,
        5.71269690e-04,  5.63813246e-04,  5.84115997e-04,  5.51639595e-07,
        5.83396971e-04,  5.44229521e-04])}
{'img': array([[[ 0.        ,  0.22747337,  0.29352753, ..., -0.7312159 ,
         -0.67351691, -0.87464297],
        [-0.22747337,  0.        ,  0.06837919, ..., -0.86721664,
         -0.8240021 , -0.96198533],
        [-0.29352753, -0.06837919,  0.        , ..., -0.89923495,
         -0.86081618, -0.97840814],
        ...,
        [ 0.7312159 ,  0.86721664,  0.89923495, ...,  0.        ,
          0.08105725, -0.24216448],
        [ 0.67351691,  0.8240021 ,  0.86081618, ..., -0.08105725,
          0.        , -0.32001223],
        [ 0.87464297,  0.96198533,  0.97840814, ...,  0.24216448,
          0.32001223,  0.        ]],

       [[ 0.        ,  0.07144131, -0.04915179, ...,  0.17797021,
          0.08564875,  0.10700611],
        [-0.07144131,  0.        , -0.12038116, ...,  0.10721465,
          0.01425111,  0.03570158],
        [ 0.04915179,  0.12038116,  0.        , ...,  0.22612223,
          0.13451641,  0.15574636],
        ...,
        [-0.17797021, -0.10721465, -0.22612223, ...,  0.        ,
         -0.0930348 , -0.07165051],
        [-0.08564875, -0.01425111, -0.13451641, ...,  0.0930348 ,
          0.        ,  0.02145593],
        [-0.10700611, -0.03570158, -0.15574636, ...,  0.07165051,
         -0.02145593,  0.        ]],

       [[ 0.        ,  0.12513941,  0.25096234, ..., -0.65213948,
         -0.6659123 , -0.73633661],
        [-0.12513941,  0.        ,  0.12785501, ..., -0.74188118,
         -0.75403544, -0.81521964],
        [-0.25096234, -0.12785501,  0.        , ..., -0.82152326,
         -0.83182645, -0.8825765 ],
        ...,
        [ 0.65213948,  0.74188118,  0.82152326, ...,  0.        ,
         -0.01831182, -0.11696844],
        [ 0.6659123 ,  0.75403544,  0.83182645, ...,  0.01831182,
          0.        , -0.0987627 ],
        [ 0.73633661,  0.81521964,  0.8825765 , ...,  0.11696844,
          0.0987627 ,  0.        ]],

       ...,

       [[ 0.        ,  0.0880736 ,  0.0669829 , ...,  0.89524284,
          0.87311394,  0.52212597],
        [-0.0880736 ,  0.        , -0.02115319, ...,  0.85252019,
          0.82678369,  0.44498179],
        [-0.0669829 ,  0.02115319,  0.        , ...,  0.86338609,
          0.83849779,  0.46382574],
        ...,
        [-0.89524284, -0.85252019, -0.86338609, ...,  0.        ,
         -0.04740452, -0.53087616],
        [-0.87311394, -0.82678369, -0.83849779, ...,  0.04740452,
          0.        , -0.49010641],
        [-0.52212597, -0.44498179, -0.46382574, ...,  0.53087616,
          0.49010641,  0.        ]],

       [[ 0.        ,  0.00654944,  0.01150476, ..., -0.95185405,
         -0.96360838, -0.96159429],
        [-0.00654944,  0.        ,  0.00495551, ..., -0.94982589,
         -0.96183693, -0.95977601],
        [-0.01150476, -0.00495551,  0.        , ..., -0.94826425,
         -0.96046917, -0.95837288],
        ...,
        [ 0.95185405,  0.94982589,  0.94826425, ...,  0.        ,
          0.04094798,  0.03351829],
        [ 0.96360838,  0.96183693,  0.96046917, ..., -0.04094798,
          0.        , -0.0074348 ],
        [ 0.96159429,  0.95977601,  0.95837288, ..., -0.03351829,
          0.0074348 ,  0.        ]],

       [[ 0.        ,  0.01980649,  0.12280956, ..., -0.98618256,
         -0.98565523, -0.97902632],
        [-0.01980649,  0.        ,  0.10312891, ..., -0.98927029,
         -0.98880464, -0.98286952],
        [-0.12280956, -0.10312891,  0.        , ..., -0.99906231,
         -0.99892081, -0.9966358 ],
        ...,
        [ 0.98618256,  0.98927029,  0.99906231, ...,  0.        ,
          0.00315356,  0.03873107],
        [ 0.98565523,  0.98880464,  0.99892081, ..., -0.00315356,
          0.        ,  0.03557968],
        [ 0.97902632,  0.98286952,  0.9966358 , ..., -0.03873107,
         -0.03557968,  0.        ]]]), 'num': array([7.65441307e-01, 6.43501991e-01, 2.40038023e-06, 6.12760382e-04,
       6.15172824e-04, 5.94063953e-04, 1.33960517e-03, 9.64976979e-06,
       6.15655312e-04, 6.09805140e-04, 6.29808308e-04, 6.65501365e-07,
       6.29690969e-04, 5.89919310e-04])}
{'img': array([[[ 0.        ,  0.06837919,  0.        , ..., -0.8240021 ,
         -0.96198533, -0.89686493],
        [-0.06837919,  0.        , -0.06837919, ..., -0.86081618,
         -0.97840814, -0.92501016],
        [ 0.        ,  0.06837919,  0.        , ..., -0.8240021 ,
         -0.96198533, -0.89686493],
        ...,
        [ 0.8240021 ,  0.86081618,  0.8240021 , ...,  0.        ,
         -0.32001223, -0.14369193],
        [ 0.96198533,  0.97840814,  0.96198533, ...,  0.32001223,
          0.        ,  0.18055563],
        [ 0.89686493,  0.92501016,  0.89686493, ...,  0.14369193,
         -0.18055563,  0.        ]],

       [[ 0.        , -0.12038116,  0.07575641, ...,  0.01425111,
          0.03570158,  0.08275647],
        [ 0.12038116,  0.        ,  0.19524071, ...,  0.13451641,
          0.15574636,  0.20212287],
        [-0.07575641, -0.19524071,  0.        , ..., -0.06153856,
         -0.04010913,  0.0070221 ],
        ...,
        [-0.01425111, -0.13451641,  0.06153856, ...,  0.        ,
          0.02145593,  0.06854584],
        [-0.03570158, -0.15574636,  0.04010913, ..., -0.02145593,
          0.        ,  0.0471246 ],
        [-0.08275647, -0.20212287, -0.0070221 , ..., -0.06854584,
         -0.0471246 ,  0.        ]],

       [[ 0.        ,  0.12785501,  0.19743685, ..., -0.75403544,
         -0.81521964, -0.82908759],
        [-0.12785501,  0.        ,  0.0704782 , ..., -0.83182645,
         -0.8825765 , -0.89376929],
        [-0.19743685, -0.0704782 ,  0.        , ..., -0.86887589,
         -0.91351847, -0.92315815],
        ...,
        [ 0.75403544,  0.83182645,  0.86887589, ...,  0.        ,
         -0.0987627 , -0.12297736],
        [ 0.81521964,  0.8825765 ,  0.91351847, ...,  0.0987627 ,
          0.        , -0.02436308],
        [ 0.82908759,  0.89376929,  0.92315815, ...,  0.12297736,
          0.02436308,  0.        ]],

       ...,

       [[ 0.        , -0.02115319, -0.03360957, ...,  0.82678369,
          0.44498179,  0.62950484],
        [ 0.02115319,  0.        , -0.01246081, ...,  0.83849779,
          0.46382574,  0.64579994],
        [ 0.03360957,  0.01246081,  0.        , ...,  0.84522265,
          0.47482909,  0.65526371],
        ...,
        [-0.82678369, -0.83849779, -0.84522265, ...,  0.        ,
         -0.49010641, -0.28829904],
        [-0.44498179, -0.46382574, -0.47482909, ...,  0.49010641,
          0.        ,  0.2179972 ],
        [-0.62950484, -0.64579994, -0.65526371, ...,  0.28829904,
         -0.2179972 ,  0.        ]],

       [[ 0.        ,  0.00495551,  0.0104519 , ..., -0.96183693,
         -0.95977601, -0.95786112],
        [-0.00495551,  0.        ,  0.00549653, ..., -0.96046917,
         -0.95837288, -0.95642598],
        [-0.0104519 , -0.00549653,  0.        , ..., -0.9589245 ,
         -0.95678904, -0.95480669],
        ...,
        [ 0.96183693,  0.96046917,  0.9589245 , ...,  0.        ,
         -0.0074348 , -0.01417693],
        [ 0.95977601,  0.95837288,  0.95678904, ...,  0.0074348 ,
          0.        , -0.00674249],
        [ 0.95786112,  0.95642598,  0.95480669, ...,  0.01417693,
          0.00674249,  0.        ]],

       [[ 0.        ,  0.10312891,  0.1397829 , ..., -0.98880464,
         -0.98286952, -0.9670644 ],
        [-0.10312891,  0.        ,  0.03692117, ..., -0.99892081,
         -0.9966358 , -0.9881576 ],
        [-0.1397829 , -0.03692117,  0.        , ..., -0.99995456,
         -0.99898225, -0.99314913],
        ...,
        [ 0.98880464,  0.99892081,  0.99995456, ...,  0.        ,
          0.03557968,  0.10738087],
        [ 0.98286952,  0.9966358 ,  0.99898225, ..., -0.03557968,
          0.        ,  0.07193892],
        [ 0.9670644 ,  0.9881576 ,  0.99314913, ..., -0.10738087,
         -0.07193892,  0.        ]]]), 'num': array([7.62344224e-01, 6.47114674e-01, 2.18651897e-06, 6.29669670e-04,
       6.45202318e-04, 6.16526660e-04, 8.41573228e-03, 2.27015631e-05,
       6.11986347e-04, 6.05952511e-04, 6.23098165e-04, 7.55215851e-07,
       6.27700516e-04, 5.84204505e-04])}
{'img': array([[[ 0.        , -0.06837919,  0.07220122, ..., -0.97840814,
         -0.92501016, -0.72163351],
        [ 0.06837919,  0.        ,  0.14023295, ..., -0.96198533,
         -0.89686493, -0.67260724],
        [-0.07220122, -0.14023295,  0.        , ..., -0.99077728,
         -0.95002827, -0.76973323],
        ...,
        [ 0.97840814,  0.96198533,  0.99077728, ...,  0.        ,
          0.18055563,  0.52817902],
        [ 0.92501016,  0.89686493,  0.95002827, ..., -0.18055563,
          0.        ,  0.36618253],
        [ 0.72163351,  0.67260724,  0.76973323, ..., -0.52817902,
         -0.36618253,  0.        ]],

       [[ 0.        ,  0.19524071, -0.2162526 , ...,  0.15574636,
          0.20212287,  0.99683078],
        [-0.19524071,  0.        , -0.40271172, ..., -0.04010913,
          0.0070221 ,  0.99317877],
        [ 0.2162526 ,  0.40271172,  0.        , ...,  0.36567469,
          0.40912931,  0.95604005],
        ...,
        [-0.15574636,  0.04010913, -0.36567469, ...,  0.        ,
          0.0471246 ,  0.99705635],
        [-0.20212287, -0.0070221 , -0.40912931, ..., -0.0471246 ,
          0.        ,  0.99233549],
        [-0.99683078, -0.99317877, -0.95604005, ..., -0.99705635,
         -0.99233549,  0.        ]],

       [[ 0.        ,  0.0704782 ,  0.10169569, ..., -0.8825765 ,
         -0.89376929, -0.87336461],
        [-0.0704782 ,  0.        ,  0.03133   , ..., -0.91351847,
         -0.92315815, -0.90552044],
        [-0.10169569, -0.03133   ,  0.        , ..., -0.92581497,
         -0.93474885, -0.91836931],
        ...,
        [ 0.8825765 ,  0.91351847,  0.92581497, ...,  0.        ,
         -0.02436308,  0.01924507],
        [ 0.89376929,  0.92315815,  0.93474885, ...,  0.02436308,
          0.        ,  0.04359793],
        [ 0.87336461,  0.90552044,  0.91836931, ..., -0.01924507,
         -0.04359793,  0.        ]],

       ...,

       [[ 0.        , -0.01246081,  0.31726357, ...,  0.46382574,
          0.64579994,  0.85941481],
        [ 0.01246081,  0.        ,  0.32905599, ...,  0.47482909,
          0.65526371,  0.86571904],
        [-0.31726357, -0.32905599,  0.        , ...,  0.15879111,
          0.37020339,  0.65280503],
        ...,
        [-0.46382574, -0.47482909, -0.15879111, ...,  0.        ,
          0.2179972 ,  0.52423397],
        [-0.64579994, -0.65526371, -0.37020339, ..., -0.2179972 ,
          0.        ,  0.32598502],
        [-0.85941481, -0.86571904, -0.65280503, ..., -0.52423397,
         -0.32598502,  0.        ]],

       [[ 0.        ,  0.00549653,  0.0207677 , ..., -0.95837288,
         -0.95642598, -0.98005226],
        [-0.00549653,  0.        ,  0.01527204, ..., -0.95678904,
         -0.95480669, -0.97894508],
        [-0.0207677 , -0.01527204,  0.        , ..., -0.9522366 ,
         -0.95015606, -0.97571352],
        ...,
        [ 0.95837288,  0.95678904,  0.9522366 , ...,  0.        ,
         -0.00674249,  0.08935713],
        [ 0.95642598,  0.95480669,  0.95015606, ...,  0.00674249,
          0.        ,  0.09607062],
        [ 0.98005226,  0.97894508,  0.97571352, ..., -0.08935713,
         -0.09607062,  0.        ]],

       [[ 0.        ,  0.03692117,  0.07689712, ..., -0.9966358 ,
         -0.9881576 , -0.98881995],
        [-0.03692117,  0.        ,  0.04003284, ..., -0.99898225,
         -0.99314913, -0.99365123],
        [-0.07689712, -0.04003284,  0.        , ..., -0.99998711,
         -0.99703097, -0.99735856],
        ...,
        [ 0.9966358 ,  0.99898225,  0.99998711, ...,  0.        ,
          0.07193892,  0.06757124],
        [ 0.9881576 ,  0.99314913,  0.99703097, ..., -0.07193892,
          0.        , -0.00437833],
        [ 0.98881995,  0.99365123,  0.99735856, ..., -0.06757124,
          0.00437833,  0.        ]]]), 'num': array([7.34824750e-01, 6.78226338e-01, 1.00888434e-06, 6.43163767e-04,
       6.53481902e-04, 6.03037685e-04, 6.21859110e-03, 3.89796222e-05,
       5.98681139e-04, 5.85038271e-04, 5.97744864e-04, 8.15260073e-07,
       6.18558049e-04, 5.51518494e-04])}
{'img': array([[[ 0.        ,  0.14023295,  0.26975941, ..., -0.89686493,
         -0.67260724, -0.0865782 ],
        [-0.14023295,  0.        ,  0.13205959, ..., -0.95002827,
         -0.76973323, -0.22542907],
        [-0.26975941, -0.13205959,  0.        , ..., -0.98293194,
         -0.84729405, -0.35211503],
        ...,
        [ 0.89686493,  0.95002827,  0.98293194, ...,  0.        ,
          0.36618253,  0.85520333],
        [ 0.67260724,  0.76973323,  0.84729405, ..., -0.36618253,
          0.        ,  0.60601379],
        [ 0.0865782 ,  0.22542907,  0.35211503, ..., -0.85520333,
         -0.60601379,  0.        ]],

       [[ 0.        , -0.40271172,  0.1226971 , ...,  0.0070221 ,
          0.99317877,  0.8952865 ],
        [ 0.40271172,  0.        ,  0.51197685, ...,  0.40912931,
          0.95604005,  0.99888417],
        [-0.1226971 , -0.51197685,  0.        , ..., -0.11572503,
          0.97136779,  0.83386143],
        ...,
        [-0.0070221 , -0.40912931,  0.11572503, ...,  0.        ,
          0.99233549,  0.89213615],
        [-0.99317877, -0.95604005, -0.97136779, ..., -0.99233549,
          0.        , -0.33806018],
        [-0.8952865 , -0.99888417, -0.83386143, ..., -0.89213615,
          0.33806018,  0.        ]],

       [[ 0.        ,  0.03133   ,  0.15306811, ..., -0.92315815,
         -0.90552044, -0.78680888],
        [-0.03133   ,  0.        ,  0.12203217, ..., -0.93474885,
         -0.91836931, -0.8057594 ],
        [-0.15306811, -0.12203217,  0.        , ..., -0.97112182,
         -0.95979666, -0.87200998],
        ...,
        [ 0.92315815,  0.93474885,  0.97112182, ...,  0.        ,
          0.04359793,  0.2673048 ],
        [ 0.90552044,  0.91836931,  0.95979666, ..., -0.04359793,
          0.        ,  0.22503915],
        [ 0.78680888,  0.8057594 ,  0.87200998, ..., -0.2673048 ,
         -0.22503915,  0.        ]],

       ...,

       [[ 0.        ,  0.32905599,  0.48058632, ...,  0.65526371,
          0.86571904,  0.99574408],
        [-0.32905599,  0.        ,  0.16525786, ...,  0.37020339,
          0.65280503,  0.90996523],
        [-0.48058632, -0.16525786,  0.        , ...,  0.21159683,
          0.51864209,  0.82892368],
        ...,
        [-0.65526371, -0.37020339, -0.21159683, ...,  0.        ,
          0.32598502,  0.69179523],
        [-0.86571904, -0.65280503, -0.51864209, ..., -0.32598502,
          0.        ,  0.41861413],
        [-0.99574408, -0.90996523, -0.82892368, ..., -0.69179523,
         -0.41861413,  0.        ]],

       [[ 0.        ,  0.01527204, -0.03991937, ..., -0.95480669,
         -0.97894508, -0.99126838],
        [-0.01527204,  0.        , -0.05517458, ..., -0.95015606,
         -0.97571352, -0.99316654],
        [ 0.03991937,  0.05517458,  0.        , ..., -0.96591075,
         -0.98631326, -0.98521449],
        ...,
        [ 0.95480669,  0.95015606,  0.96591075, ...,  0.        ,
          0.09607062,  0.42053282],
        [ 0.97894508,  0.97571352,  0.98631326, ..., -0.09607062,
          0.        ,  0.33142497],
        [ 0.99126838,  0.99316654,  0.98521449, ..., -0.42053282,
         -0.33142497,  0.        ]],

       [[ 0.        ,  0.04003284,  0.06376504, ..., -0.99314913,
         -0.99365123, -0.97575447],
        [-0.04003284,  0.        ,  0.02376255, ..., -0.99703097,
         -0.99735856, -0.96621036],
        [-0.06376504, -0.02376255,  0.        , ..., -0.9985792 ,
         -0.99880294, -0.95981262],
        ...,
        [ 0.99314913,  0.99703097,  0.9985792 , ...,  0.        ,
         -0.00437833, -0.33138922],
        [ 0.99365123,  0.99735856,  0.99880294, ...,  0.00437833,
          0.        , -0.32725511],
        [ 0.97575447,  0.96621036,  0.95981262, ...,  0.33138922,
          0.32725511,  0.        ]]]), 'num': array([ 7.13541254e-01,  7.00608407e-01,  2.33867024e-07,  6.15849831e-04,
        6.21418093e-04,  6.04713306e-04,  1.98466239e-03, -8.90921997e-06,
        5.90013093e-04,  5.71693509e-04,  5.80417120e-04,  7.28787295e-07,
        6.08885334e-04,  5.34501684e-04])}
{'img': array([[[ 0.        ,  0.13205959,  0.48483326, ..., -0.76973323,
         -0.22542907, -0.38008736],
        [-0.13205959,  0.        ,  0.36508679, ..., -0.84729405,
         -0.35211503, -0.49890707],
        [-0.48483326, -0.36508679,  0.        , ..., -0.98271468,
         -0.6695152 , -0.78087373],
        ...,
        [ 0.76973323,  0.84729405,  0.98271468, ...,  0.        ,
          0.60601379,  0.46933047],
        [ 0.22542907,  0.35211503,  0.6695152 , ..., -0.60601379,
          0.        , -0.16179301],
        [ 0.38008736,  0.49890707,  0.78087373, ..., -0.46933047,
          0.16179301,  0.        ]],

       [[ 0.        ,  0.51197685,  0.45212563, ...,  0.95604005,
          0.99888417,  0.61973989],
