state_0,state_1,state_2,state_3,state_4,state_5,state_6,state_7,state_8,state_9,state_10,state_11,state_12,state_13,state_14,state_15,state_16,state_17,state_18,state_19,state_20,state_21,state_22,state_23,state_24,state_25,state_26,state_27,state_28,state_29,state_30,state_31,state_32,state_33,state_34,state_35,state_36,state_37,state_38,state_39,state_40,state_41,state_42,state_43,state_44,state_45,state_46,state_47,state_48,state_49,state_50,state_51,state_52,state_53,state_54,state_55,state_56,state_57,state_58,state_59,state_60,state_61,state_62,state_63,state_64,state_65,state_66,state_67,state_68,state_69,state_70,state_71,state_72,state_73,state_74,state_75,state_76,state_77,state_78,state_79,state_80,state_81,state_82,state_83,state_84,state_85,state_86,state_87,state_88,state_89,state_90,state_91,state_92,state_93,state_94,state_95,state_96,state_97,state_98,state_99,state_100,state_101,state_102,state_103,state_104,state_105,state_106,state_107,state_108,state_109,state_110,state_111,state_112,state_113,state_114,state_115,state_116,state_117,state_118,state_119,state_120,state_121,state_122,state_123,state_124,state_125,state_126,state_127,state_128,state_129,state_130,state_131,state_132,state_133,state_134,state_135,state_136,state_137,state_138,state_139,state_140,state_141,state_142,state_143,state_144,state_145,state_146,state_147,state_148,state_149,state_150,state_151,state_152,state_153,state_154,state_155,state_156,state_157,state_158,state_159,state_160,state_161,state_162,state_163,state_164,state_165,state_166,state_167,state_168,state_169,state_170,state_171,state_172,state_173,state_174,state_175,state_176,state_177,state_178,state_179,state_180,state_181,state_182,state_183,state_184,state_185,state_186,state_187,state_188,state_189,state_190,state_191,state_192,state_193,state_194,state_195,state_196,state_197,state_198,state_199,state_200,state_201,state_202,state_203,state_204,state_205,state_206,state_207,state_208,state_209,state_210,state_211,state_212,state_213,state_214,state_215,state_216,state_217,state_218,state_219,state_220,state_221,state_222,state_223,state_224,state_225,state_226,state_227,state_228,state_229,state_230,state_231,state_232,state_233,state_234,state_235,state_236,state_237,state_238,state_239,state_240,state_241,state_242,state_243,state_244,state_245,state_246,state_247,state_248,state_249,state_250,state_251,state_252,state_253,state_254,state_255,state_256,state_257,state_258,state_259,state_260,state_261,state_262,state_263,state_264,state_265,state_266,state_267,state_268,state_269,state_270,state_271,state_272,state_273,state_274,state_275,state_276,state_277,state_278,state_279,state_280,state_281,state_282,state_283,state_284,state_285,state_286,state_287
{'img': array([[[ 0.00000000e+00,  2.81381581e-01, -3.21507591e-01, ...,
         -2.81381581e-01, -4.67606506e-01, -7.33546115e-01],
        [-2.81381581e-01,  0.00000000e+00, -5.74959575e-01, ...,
         -0.00000000e+00, -1.99989797e-01, -5.12669800e-01],
        [ 3.21507591e-01,  5.74959575e-01,  0.00000000e+00, ...,
         -5.74959575e-01, -7.26972245e-01, -9.13109269e-01],
        ...,
        [ 2.81381581e-01,  0.00000000e+00,  5.74959575e-01, ...,
          0.00000000e+00,  1.99989797e-01,  5.12669800e-01],
        [ 4.67606506e-01,  1.99989797e-01,  7.26972245e-01, ...,
         -1.99989797e-01,  0.00000000e+00,  3.30604423e-01],
        [ 7.33546115e-01,  5.12669800e-01,  9.13109269e-01, ...,
         -5.12669800e-01, -3.30604423e-01,  0.00000000e+00]],

       [[ 0.00000000e+00, -1.30790414e-01,  4.77597455e-01, ...,
          2.74357584e-01, -6.64046282e-02,  2.54796851e-01],
        [ 1.30790414e-01,  0.00000000e+00,  5.88404594e-01, ...,
          3.97772554e-01,  6.46675155e-02,  3.79081781e-01],
        [-4.77597455e-01, -5.88404594e-01,  0.00000000e+00, ...,
         -2.18226211e-01, -5.34884988e-01, -2.37975056e-01],
        ...,
        [-2.74357584e-01, -3.97772554e-01,  2.18226211e-01, ...,
          0.00000000e+00, -3.37608548e-01, -2.02825829e-02],
        [ 6.64046282e-02, -6.46675155e-02,  5.34884988e-01, ...,
          3.37608548e-01,  0.00000000e+00,  3.18447374e-01],
        [-2.54796851e-01, -3.79081781e-01,  2.37975056e-01, ...,
          2.02825829e-02, -3.18447374e-01,  0.00000000e+00]],

       [[ 0.00000000e+00, -3.31559406e-01, -4.84579050e-01, ...,
         -3.07601880e-01, -0.00000000e+00, -1.55227254e-01],
        [ 3.31559406e-01,  0.00000000e+00, -1.67137765e-01, ...,
         -6.05685976e-01, -3.31559406e-01, -4.73987227e-01],
        [ 4.84579050e-01,  1.67137765e-01,  0.00000000e+00, ...,
         -7.30158275e-01, -4.84579050e-01, -6.14490013e-01],
        ...,
        [ 3.07601880e-01,  6.05685976e-01,  7.30158275e-01, ...,
          0.00000000e+00, -3.07601880e-01, -1.56172288e-01],
        [ 0.00000000e+00,  3.31559406e-01,  4.84579050e-01, ...,
          3.07601880e-01,  0.00000000e+00,  1.55227254e-01],
        [ 1.55227254e-01,  4.73987227e-01,  6.14490013e-01, ...,
          1.56172288e-01, -1.55227254e-01,  0.00000000e+00]],

       ...,

       [[ 0.00000000e+00,  1.49279213e-01, -9.52106367e-02, ...,
         -1.63876447e-01, -3.12340775e-01, -4.73743818e-02],
        [-1.49279213e-01,  0.00000000e+00, -2.42744869e-01, ...,
         -3.09301313e-01, -4.50651815e-01, -1.95955158e-01],
        [ 9.52106367e-02,  2.42744869e-01,  0.00000000e+00, ...,
         -6.92085087e-02, -2.20474597e-01,  4.79445675e-02],
        ...,
        [ 1.63876447e-01,  3.09301313e-01,  6.92085087e-02, ...,
          0.00000000e+00, -1.52440471e-01,  1.16958526e-01],
        [ 3.12340775e-01,  4.50651815e-01,  2.20474597e-01, ...,
          1.52440471e-01,  0.00000000e+00,  2.66985833e-01],
        [ 4.73743818e-02,  1.95955158e-01, -4.79445675e-02, ...,
         -1.16958526e-01, -2.66985833e-01,  0.00000000e+00]],

       [[ 0.00000000e+00, -1.27896867e-01, -2.02091915e-01, ...,
         -2.59269252e-01, -2.59927742e-01, -0.00000000e+00],
        [ 1.27896867e-01,  0.00000000e+00, -7.51743151e-02, ...,
         -3.80663441e-01, -3.81293883e-01, -1.27896867e-01],
        [ 2.02091915e-01,  7.51743151e-02,  0.00000000e+00, ...,
         -4.49101034e-01, -4.49710164e-01, -2.02091915e-01],
        ...,
        [ 2.59269252e-01,  3.80663441e-01,  4.49101034e-01, ...,
          0.00000000e+00,  6.81866271e-04, -2.59269252e-01],
        [ 2.59927742e-01,  3.81293883e-01,  4.49710164e-01, ...,
         -6.81866271e-04,  0.00000000e+00, -2.59927742e-01],
        [ 0.00000000e+00,  1.27896867e-01,  2.02091915e-01, ...,
          2.59269252e-01,  2.59927742e-01,  0.00000000e+00]],

       [[ 0.00000000e+00, -3.14491845e-01, -4.85446559e-01, ...,
         -4.19016012e-01, -2.30354577e-01, -0.00000000e+00],
        [ 3.14491845e-01,  0.00000000e+00, -1.85865451e-01, ...,
         -6.83307154e-01, -5.24700567e-01, -3.14491845e-01],
        [ 4.85446559e-01,  1.85865451e-01,  0.00000000e+00, ...,
         -8.07106802e-01, -6.73782583e-01, -4.85446559e-01],
        ...,
        [ 4.19016012e-01,  6.83307154e-01,  8.07106802e-01, ...,
          0.00000000e+00, -1.98590232e-01, -4.19016012e-01],
        [ 2.30354577e-01,  5.24700567e-01,  6.73782583e-01, ...,
          1.98590232e-01,  0.00000000e+00, -2.30354577e-01],
        [ 0.00000000e+00,  3.14491845e-01,  4.85446559e-01, ...,
          4.19016012e-01,  2.30354577e-01,  0.00000000e+00]]]), 'num': array([9.66282330e-01, 2.17293835e-01, 1.11125889e-05, 5.57698060e-04,
       5.57698060e-04, 5.50251054e-04, 1.38127851e-01, 8.27445193e-07,
       5.55215725e-04, 5.66799957e-04, 5.89568491e-04, 2.97031608e-07,
       5.85762719e-04, 5.47837195e-04])}
{'img': array([[[ 0.        , -0.57495957, -0.6968965 , ..., -0.1999898 ,
         -0.5126698 , -0.54508031],
        [ 0.57495957,  0.        , -0.1578433 , ..., -0.72697225,
         -0.91310927, -0.92801161],
        [ 0.6968965 ,  0.1578433 ,  0.        , ..., -0.82624481,
         -0.96601776, -0.97518294],
        ...,
        [ 0.1999898 ,  0.72697225,  0.82624481, ...,  0.        ,
          0.33060442,  0.36640037],
        [ 0.5126698 ,  0.91310927,  0.96601776, ..., -0.33060442,
          0.        ,  0.03818417],
        [ 0.54508031,  0.92801161,  0.97518294, ..., -0.36640037,
         -0.03818417,  0.        ]],

       [[ 0.        ,  0.58840459,  0.44014001, ...,  0.06466752,
          0.37908178,  0.64409492],
        [-0.58840459,  0.        , -0.17246311, ..., -0.53488499,
         -0.23797506,  0.07069619],
        [-0.44014001,  0.17246311,  0.        , ..., -0.38115189,
         -0.06690077,  0.24166846],
        ...,
        [-0.06466752,  0.53488499,  0.38115189, ...,  0.        ,
          0.31844737,  0.59327962],
        [-0.37908178,  0.23797506,  0.06690077, ..., -0.31844737,
          0.        ,  0.30604479],
        [-0.64409492, -0.07069619, -0.24166846, ..., -0.59327962,
         -0.30604479,  0.        ]],

       [[ 0.        , -0.3656471 , -0.55328219, ..., -0.28250168,
         -0.32109543, -0.        ],
        [ 0.3656471 ,  0.        , -0.21038757, ..., -0.61369258,
         -0.64514565, -0.3656471 ],
        [ 0.55328219,  0.21038757,  0.        , ..., -0.76606741,
         -0.79145468, -0.55328219],
        ...,
        [ 0.28250168,  0.61369258,  0.76606741, ...,  0.        ,
          0.04047386, -0.28250168],
        [ 0.32109543,  0.64514565,  0.79145468, ..., -0.04047386,
          0.        , -0.32109543],
        [ 0.        ,  0.3656471 ,  0.55328219, ...,  0.28250168,
          0.32109543,  0.        ]],

       ...,

       [[ 0.        , -0.24274487, -0.34328297, ..., -0.45065182,
         -0.19595516, -0.1117303 ],
        [ 0.24274487,  0.        , -0.10502168, ..., -0.2204746 ,
          0.04794457,  0.13283647],
        [ 0.34328297,  0.10502168,  0.        , ..., -0.11681798,
          0.15258033,  0.23619285],
        ...,
        [ 0.45065182,  0.2204746 ,  0.11681798, ...,  0.        ,
          0.26698583,  0.34808847],
        [ 0.19595516, -0.04794457, -0.15258033, ..., -0.26698583,
          0.        ,  0.08516403],
        [ 0.1117303 , -0.13283647, -0.23619285, ..., -0.34808847,
         -0.08516403,  0.        ]],

       [[ 0.        , -0.1006684 , -0.26157787, ..., -0.46555711,
         -0.38078295, -0.07025123],
        [ 0.1006684 ,  0.        , -0.1630857 , ..., -0.55228543,
         -0.47193307, -0.17031403],
        [ 0.26157787,  0.1630857 ,  0.        , ..., -0.6808486 ,
         -0.60939675, -0.32873684],
        ...,
        [ 0.46555711,  0.55228543,  0.6808486 , ...,  0.        ,
         -0.09348441, -0.40223328],
        [ 0.38078295,  0.47193307,  0.60939675, ...,  0.09348441,
          0.        , -0.31488335],
        [ 0.07025123,  0.17031403,  0.32873684, ...,  0.40223328,
          0.31488335,  0.        ]],

       [[ 0.        , -0.38359143, -0.52028362, ..., -0.27689181,
         -0.1523058 , -0.        ],
        [ 0.38359143,  0.        , -0.15289884, ..., -0.62430382,
         -0.51977108, -0.38359143],
        [ 0.52028362,  0.15289884,  0.        , ..., -0.73640492,
         -0.64428186, -0.52028362],
        ...,
        [ 0.27689181,  0.62430382,  0.73640492, ...,  0.        ,
         -0.12731063, -0.27689181],
        [ 0.1523058 ,  0.51977108,  0.64428186, ...,  0.12731063,
          0.        , -0.1523058 ],
        [ 0.        ,  0.38359143,  0.52028362, ...,  0.27689181,
          0.1523058 ,  0.        ]]]), 'num': array([1.07687742e-01, 1.07687742e-01, 0.00000000e+00, 5.20747150e-03,
       5.25362339e-03, 5.19208754e-03, 9.88223329e-01, 2.30759446e-05,
       5.16439641e-03, 5.26093078e-03, 5.46938348e-03, 3.13751879e-06,
       5.43289259e-03, 5.08896896e-03])}
{'img': array([[[ 0.        , -0.45812285, -0.76465113, ..., -0.53564315,
         -0.5691666 , -0.65508458],
        [ 0.45812285,  0.        , -0.38445517, ..., -0.86298653,
         -0.88260465, -0.92843466],
        [ 0.76465113,  0.38445517,  0.        , ..., -0.99089765,
         -0.99550941, -0.99990203],
        ...,
        [ 0.53564315,  0.86298653,  0.99089765, ...,  0.        ,
          0.04021187,  0.14847438],
        [ 0.5691666 ,  0.88260465,  0.99550941, ..., -0.04021187,
          0.        ,  0.10858811],
        [ 0.65508458,  0.92843466,  0.99990203, ..., -0.14847438,
         -0.10858811,  0.        ]],

       [[ 0.        , -0.17246311,  0.14989641, ..., -0.23797506,
          0.07069619, -0.24828169],
        [ 0.17246311,  0.        ,  0.31816492, ..., -0.06690077,
          0.24166846, -0.07749851],
        [-0.14989641, -0.31816492,  0.        , ..., -0.38087642,
         -0.07962391, -0.39067936],
        ...,
        [ 0.23797506,  0.06690077,  0.38087642, ...,  0.        ,
          0.30604479, -0.01062531],
        [-0.07069619, -0.24166846,  0.07962391, ..., -0.30604479,
          0.        , -0.316143  ],
        [ 0.24828169,  0.07749851,  0.39067936, ...,  0.01062531,
          0.316143  ,  0.        ]],

       [[ 0.        , -0.43849388, -0.63543799, ..., -0.32664333,
         -0.        , -0.12963959],
        [ 0.43849388,  0.        , -0.23250597, ..., -0.70800699,
         -0.43849388, -0.55130504],
        [ 0.63543799,  0.23250597,  0.        , ..., -0.85280101,
         -0.63543799, -0.7301771 ],
        ...,
        [ 0.32664333,  0.70800699,  0.85280101, ...,  0.        ,
         -0.32664333, -0.20135829],
        [ 0.        ,  0.43849388,  0.63543799, ...,  0.32664333,
          0.        ,  0.12963959],
        [ 0.12963959,  0.55130504,  0.7301771 , ...,  0.20135829,
         -0.12963959,  0.        ]],

       ...,

       [[ 0.        , -0.10502168, -0.07673734, ...,  0.04794457,
          0.13283647,  0.31936459],
        [ 0.10502168,  0.        ,  0.02839903, ...,  0.15258033,
          0.23619285,  0.41712038],
        [ 0.07673734, -0.02839903,  0.        , ...,  0.12445228,
          0.20850207,  0.39114164],
        ...,
        [-0.04794457, -0.15258033, -0.12445228, ...,  0.        ,
          0.08516403,  0.27356352],
        [-0.13283647, -0.23619285, -0.20850207, ..., -0.08516403,
          0.        ,  0.19065429],
        [-0.31936459, -0.41712038, -0.39114164, ..., -0.27356352,
         -0.19065429,  0.        ]],

       [[ 0.        , -0.16177412, -0.19393779, ..., -0.54569316,
         -0.41017112, -0.1689645 ],
        [ 0.16177412,  0.        , -0.03268056, ..., -0.67406948,
         -0.55230765, -0.32618703],
        [ 0.19393779,  0.03268056,  0.        , ..., -0.69784951,
         -0.57925647, -0.35690589],
        ...,
        [ 0.54569316,  0.67406948,  0.69784951, ...,  0.        ,
         -0.15395957, -0.39625753],
        [ 0.41017112,  0.55230765,  0.57925647, ...,  0.15395957,
          0.        , -0.25017666],
        [ 0.1689645 ,  0.32618703,  0.35690589, ...,  0.39625753,
          0.25017666,  0.        ]],

       [[ 0.        , -0.37231983, -0.58994411, ..., -0.21109131,
         -0.14430387, -0.        ],
        [ 0.37231983,  0.        , -0.24690234, ..., -0.55984489,
         -0.50235198, -0.37231983],
        [ 0.58994411,  0.24690234,  0.        , ..., -0.74709494,
         -0.70028672, -0.58994411],
        ...,
        [ 0.21109131,  0.55984489,  0.74709494, ...,  0.        ,
         -0.06782973, -0.21109131],
        [ 0.14430387,  0.50235198,  0.70028672, ...,  0.06782973,
          0.        , -0.14430387],
        [ 0.        ,  0.37231983,  0.58994411, ...,  0.21109131,
          0.14430387,  0.        ]]]), 'num': array([ 1.17075535e-01,  1.17075535e-01,  0.00000000e+00,  5.60290059e-03,
        5.62798820e-03,  5.57781297e-03,  9.86066851e-01, -5.85377673e-05,
        5.62129817e-03,  5.70785044e-03,  5.93419648e-03,  2.99399516e-06,
        5.89322549e-03,  5.52247540e-03])}
{'img': array([[[ 0.        , -0.43419604, -0.60466395, ..., -0.83269678,
         -0.88853388, -0.71812562],
        [ 0.43419604,  0.        , -0.19886365, ..., -0.99053563,
         -0.9996216 , -0.94906366],
        [ 0.60466395,  0.19886365,  0.        , ..., -0.99804703,
         -0.98512657, -0.992767  ],
        ...,
        [ 0.83269678,  0.99053563,  0.99804703, ...,  0.        ,
          0.10995672, -0.18183778],
        [ 0.88853388,  0.9996216 ,  0.98512657, ..., -0.10995672,
          0.        , -0.28885877],
        [ 0.71812562,  0.94906366,  0.992767  , ...,  0.18183778,
          0.28885877,  0.        ]],

       [[ 0.        ,  0.31816492, -0.065273  , ...,  0.24166846,
         -0.07749851, -0.18305577],
        [-0.31816492,  0.        , -0.37936753, ..., -0.07962391,
         -0.39067936, -0.48633209],
        [ 0.065273  ,  0.37936753,  0.        , ...,  0.30449132,
         -0.01225655, -0.11849534],
        ...,
        [-0.24166846,  0.07962391, -0.30449132, ...,  0.        ,
         -0.316143  , -0.41521467],
        [ 0.07749851,  0.39067936,  0.01225655, ...,  0.316143  ,
          0.        , -0.10631625],
        [ 0.18305577,  0.48633209,  0.11849534, ...,  0.41521467,
          0.10631625,  0.        ]],

       [[ 0.        , -0.49888765, -0.67986927, ..., -0.        ,
         -0.13303671, -0.22939534],
        [ 0.49888765,  0.        , -0.22336909, ..., -0.49888765,
         -0.60975157, -0.68439328],
        [ 0.67986927,  0.22336909,  0.        , ..., -0.67986927,
         -0.77138624, -0.82996267],
        ...,
        [ 0.        ,  0.49888765,  0.67986927, ...,  0.        ,
          0.13303671,  0.22939534],
        [ 0.13303671,  0.60975157,  0.77138624, ..., -0.13303671,
          0.        ,  0.09786721],
        [ 0.22939534,  0.68439328,  0.82996267, ..., -0.22939534,
         -0.09786721,  0.        ]],

       ...,

       [[ 0.        ,  0.02839903,  0.        , ...,  0.23619285,
          0.41712038,  0.23255034],
        [-0.02839903,  0.        , -0.02839903, ...,  0.20850207,
          0.39114164,  0.20483609],
        [ 0.        ,  0.02839903,  0.        , ...,  0.23619285,
          0.41712038,  0.23255034],
        ...,
        [-0.23619285, -0.20850207, -0.23619285, ...,  0.        ,
          0.19065429, -0.00374686],
        [-0.41712038, -0.39114164, -0.41712038, ..., -0.19065429,
          0.        , -0.19433109],
        [-0.23255034, -0.20483609, -0.23255034, ...,  0.00374686,
          0.19433109,  0.        ]],

       [[ 0.        , -0.03241969, -0.08435295, ..., -0.63202738,
         -0.54700978, -0.32373011],
        [ 0.03241969,  0.        , -0.05200447, ..., -0.65681866,
         -0.57386162, -0.35423382],
        [ 0.08435295,  0.05200447,  0.        , ..., -0.69514378,
         -0.61567427, -0.40238682],
        ...,
        [ 0.63202738,  0.65681866,  0.69514378, ...,  0.        ,
         -0.10518361, -0.34711899],
        [ 0.54700978,  0.57386162,  0.61567427, ...,  0.10518361,
          0.        , -0.24655005],
        [ 0.32373011,  0.35423382,  0.40238682, ...,  0.34711899,
          0.24655005,  0.        ]],

       [[ 0.        , -0.48139829, -0.66675568, ..., -0.27044294,
         -0.22890515, -0.        ],
        [ 0.48139829,  0.        , -0.22563789, ..., -0.70050324,
         -0.66925237, -0.48139829],
        [ 0.66675568,  0.22563789,  0.        , ..., -0.84346443,
         -0.81965007, -0.66675568],
        ...,
        [ 0.27044294,  0.70050324,  0.84346443, ...,  0.        ,
         -0.04288711, -0.27044294],
        [ 0.22890515,  0.66925237,  0.81965007, ...,  0.04288711,
          0.        , -0.22890515],
        [ 0.        ,  0.48139829,  0.66675568, ...,  0.27044294,
          0.22890515,  0.        ]]]), 'num': array([ 1.25061366e-01,  4.15531899e-02,  1.25955017e-06,  5.96486974e-03,
        6.00085689e-03,  5.96486974e-03,  9.91128694e-01, -6.29775086e-05,
        6.04044275e-03,  6.12546239e-03,  6.37107467e-03,  2.99892898e-06,
        6.32953482e-03,  5.92138996e-03])}
{'img': array([[[ 0.        , -0.19481799, -0.61754622, ..., -0.99914182,
         -0.97954424, -0.72160242],
        [ 0.19481799,  0.        , -0.45248259, ..., -0.97192829,
         -0.99997861, -0.84265009],
        [ 0.61754622,  0.45248259,  0.        , ..., -0.76028077,
         -0.8947136 , -0.99509727],
        ...,
        [ 0.99914182,  0.97192829,  0.76028077, ...,  0.        ,
         -0.2416291 , -0.72160242],
        [ 0.97954424,  0.99997861,  0.8947136 , ...,  0.2416291 ,
          0.        , -0.53293871],
        [ 0.72160242,  0.84265009,  0.99509727, ...,  0.72160242,
          0.53293871,  0.        ]],

       [[ 0.        , -0.37936753,  0.30959963, ..., -0.39067936,
         -0.48633209, -0.5612158 ],
        [ 0.37936753,  0.        ,  0.64718391, ..., -0.01225655,
         -0.11849534, -0.20527177],
        [-0.30959963, -0.64718391,  0.        , ..., -0.65647888,
         -0.73295726, -0.78988777],
        ...,
        [ 0.39067936,  0.01225655,  0.65647888, ...,  0.        ,
         -0.10631625, -0.19326081],
        [ 0.48633209,  0.11849534,  0.73295726, ...,  0.10631625,
          0.        , -0.08785357],
        [ 0.5612158 ,  0.20527177,  0.78988777, ...,  0.19326081,
          0.08785357,  0.        ]],

       [[ 0.        , -0.51507875, -0.79276776, ..., -0.13768412,
         -0.23733211, -0.13768412],
        [ 0.51507875,  0.        , -0.36556246, ..., -0.6281882 ,
         -0.70378974, -0.6281882 ],
        [ 0.79276776,  0.36556246,  0.        , ..., -0.86913934,
         -0.91477683, -0.86913934],
        ...,
        [ 0.13768412,  0.6281882 ,  0.86913934, ...,  0.        ,
          0.10132152,  0.        ],
        [ 0.23733211,  0.70378974,  0.91477683, ..., -0.10132152,
          0.        , -0.10132152],
        [ 0.13768412,  0.6281882 ,  0.86913934, ...,  0.        ,
          0.10132152,  0.        ]],

       ...,

       [[ 0.        , -0.02839903, -0.94425479, ...,  0.39114164,
          0.20483609,  0.10785982],
        [ 0.02839903,  0.        , -0.93452454, ...,  0.41712038,
          0.23255034,  0.13604967],
        [ 0.94425479,  0.93452454,  0.        , ...,  0.99779639,
          0.99166832,  0.97425525],
        ...,
        [-0.39114164, -0.41712038, -0.99779639, ...,  0.        ,
         -0.19433109, -0.28959309],
        [-0.20483609, -0.23255034, -0.99166832, ...,  0.19433109,
          0.        , -0.09806831],
        [-0.10785982, -0.13604967, -0.97425525, ...,  0.28959309,
          0.09806831,  0.        ]],

       [[ 0.        , -0.05169668,  0.35228006, ..., -0.63490697,
         -0.54277876, -0.35228006],
        [ 0.05169668,  0.        ,  0.40019165, ..., -0.67399826,
         -0.58547177, -0.40019165],
        [-0.35228006, -0.40019165,  0.        , ..., -0.32203846,
         -0.21211226, -0.        ],
        ...,
        [ 0.63490697,  0.67399826,  0.32203846, ...,  0.        ,
         -0.11389826, -0.32203846],
        [ 0.54277876,  0.58547177,  0.21211226, ...,  0.11389826,
          0.        , -0.21211226],
        [ 0.35228006,  0.40019165,  0.        , ...,  0.32203846,
          0.21211226,  0.        ]],

       [[ 0.        , -0.50406415, -0.80460492, ..., -0.38727711,
         -0.31362117, -0.        ],
        [ 0.50406415,  0.        , -0.39559149, ..., -0.79920683,
         -0.74949721, -0.50406415],
        [ 0.80460492,  0.39559149,  0.        , ..., -0.97178547,
         -0.95024269, -0.80460492],
        ...,
        [ 0.38727711,  0.79920683,  0.97178547, ...,  0.        ,
         -0.07859105, -0.38727711],
        [ 0.31362117,  0.74949721,  0.95024269, ...,  0.07859105,
          0.        , -0.31362117],
        [ 0.        ,  0.50406415,  0.80460492, ...,  0.38727711,
          0.31362117,  0.        ]]]), 'num': array([ 1.06162919e-01,  9.09986558e-02,  2.29413967e-07,  5.05475440e-03,
        5.10063719e-03,  5.05475440e-03,  9.90068321e-01, -1.52942644e-05,
        5.11593146e-03,  5.19087335e-03,  5.40524796e-03,  2.70447359e-06,
        5.35963778e-03,  5.02210892e-03])}
{'img': array([[[ 0.        , -0.44562932,  0.        , ..., -0.99863602,
         -0.95935788, -0.83622461],
        [ 0.44562932,  0.        ,  0.44562932, ..., -0.87072931,
         -0.98458717, -0.99298033],
        [ 0.        , -0.44562932,  0.        , ..., -0.99863602,
         -0.95935788, -0.83622461],
        ...,
        [ 0.99863602,  0.87072931,  0.99863602, ...,  0.        ,
         -0.33189735, -0.59130009],
        [ 0.95935788,  0.98458717,  0.95935788, ...,  0.33189735,
          0.        , -0.29012339],
        [ 0.83622461,  0.99298033,  0.83622461, ...,  0.59130009,
          0.29012339,  0.        ]],

       [[ 0.        ,  0.64718391,  0.59882837, ..., -0.11849534,
         -0.20527177, -0.00281296],
        [-0.64718391,  0.        , -0.06180779, ..., -0.73295726,
         -0.78988777, -0.64932577],
        [-0.59882837,  0.06180779,  0.        , ..., -0.68950963,
         -0.75047385, -0.60107884],
        ...,
        [ 0.11849534,  0.73295726,  0.68950963, ...,  0.        ,
         -0.08785357,  0.11570173],
        [ 0.20527177,  0.78988777,  0.75047385, ...,  0.08785357,
          0.        ,  0.2025179 ],
        [ 0.00281296,  0.64932577,  0.60107884, ..., -0.11570173,
         -0.2025179 ,  0.        ]],

       [[ 0.        , -0.67260687, -0.78062475, ..., -0.39191836,
         -0.34117444, -0.        ],
        [ 0.67260687,  0.        , -0.15728302, ..., -0.9088179 ,
         -0.88471954, -0.67260687],
        [ 0.78062475,  0.15728302,  0.        , ..., -0.96312374,
         -0.94702129, -0.78062475],
        ...,
        [ 0.39191836,  0.9088179 ,  0.96312374, ...,  0.        ,
         -0.05452277, -0.39191836],
        [ 0.34117444,  0.88471954,  0.94702129, ...,  0.05452277,
          0.        , -0.34117444],
        [ 0.        ,  0.67260687,  0.78062475, ...,  0.39191836,
          0.34117444,  0.        ]],

       ...,

       [[ 0.        , -0.93452454, -0.03356815, ...,  0.23255034,
          0.13604967,  0.2157387 ],
        [ 0.93452454,  0.        ,  0.92205101, ...,  0.99166832,
          0.97425525,  0.98929867],
        [ 0.03356815, -0.92205101,  0.        , ...,  0.26506714,
          0.16922903,  0.24839477],
        ...,
        [-0.23255034, -0.99166832, -0.26506714, ...,  0.        ,
         -0.09806831, -0.01724995],
        [-0.13604967, -0.97425525, -0.16922903, ...,  0.09806831,
          0.        ,  0.08088691],
        [-0.2157387 , -0.98929867, -0.24839477, ...,  0.01724995,
         -0.08088691,  0.        ]],

       [[ 0.        ,  0.395383  ,  0.28315934, ..., -0.70929397,
         -0.66217149, -0.395383  ],
        [-0.395383  ,  0.        , -0.11911463, ..., -0.37278757,
         -0.31193416, -0.        ],
        [-0.28315934,  0.11911463,  0.        , ..., -0.48066197,
         -0.4228846 , -0.11911463],
        ...,
        [ 0.70929397,  0.37278757,  0.48066197, ...,  0.        ,
         -0.06473793, -0.37278757],
        [ 0.66217149,  0.31193416,  0.4228846 , ...,  0.06473793,
          0.        , -0.31193416],
        [ 0.395383  ,  0.        ,  0.11911463, ...,  0.37278757,
          0.31193416,  0.        ]],

       [[ 0.        , -0.69871741, -0.79664842, ..., -0.40952435,
         -0.26037344, -0.        ],
        [ 0.69871741,  0.        , -0.1475857 , ..., -0.93041213,
         -0.86088782, -0.69871741],
        [ 0.79664842,  0.1475857 ,  0.        , ..., -0.97431582,
         -0.92655131, -0.79664842],
        ...,
        [ 0.40952435,  0.93041213,  0.97431582, ...,  0.        ,
         -0.15786055, -0.40952435],
        [ 0.26037344,  0.86088782,  0.92655131, ...,  0.15786055,
          0.        , -0.26037344],
        [ 0.        ,  0.69871741,  0.79664842, ...,  0.40952435,
          0.26037344,  0.        ]]]), 'num': array([ 7.60353602e-02,  6.53297965e-02,  1.64700980e-07,  3.56852123e-03,
        3.59597139e-03,  3.56303119e-03,  9.94908330e-01, -6.03903592e-05,
        3.64647969e-03,  3.71318359e-03,  3.87294354e-03,  1.80921531e-06,
        3.84162102e-03,  3.58474615e-03])}
{'img': array([[[ 0.        ,  0.41282476,  0.41282476, ..., -0.8729468 ,
         -0.90073233, -0.97736967],
        [-0.41282476,  0.        ,  0.        , ..., -0.99647137,
         -0.99971702, -0.80287022],
        [-0.41282476,  0.        ,  0.        , ..., -0.99647137,
         -0.99971702, -0.80287022],
        ...,
        [ 0.8729468 ,  0.99647137,  0.99647137, ...,  0.        ,
         -0.06020524, -0.66143783],
        [ 0.90073233,  0.99971702,  0.99971702, ...,  0.06020524,
          0.        , -0.61508406],
        [ 0.97736967,  0.80287022,  0.80287022, ...,  0.66143783,
          0.61508406,  0.        ]],

       [[ 0.        , -0.06180779, -0.31112572, ..., -0.78988777,
         -0.64932577, -0.28495282],
        [ 0.06180779,  0.        , -0.25179067, ..., -0.75047385,
         -0.60107884, -0.22516268],
        [ 0.31112572,  0.25179067,  0.        , ..., -0.55988637,
         -0.38048459,  0.02741667],
        ...,
        [ 0.78988777,  0.75047385,  0.55988637, ...,  0.        ,
          0.2025179 ,  0.58239252],
        [ 0.64932577,  0.60107884,  0.38048459, ..., -0.2025179 ,
          0.        ,  0.40569615],
        [ 0.28495282,  0.22516268, -0.02741667, ..., -0.58239252,
         -0.40569615,  0.        ]],

       [[ 0.        , -0.1841565 , -0.30269007, ..., -0.92340207,
         -0.87382483, -0.54012601],
        [ 0.1841565 ,  0.        , -0.1219956 , ..., -0.97829461,
         -0.94842416, -0.68587139],
        [ 0.30269007,  0.1219956 ,  0.        , ..., -0.99626716,
         -0.98001315, -0.76952735],
        ...,
        [ 0.92340207,  0.97829461,  0.99626716, ...,  0.        ,
         -0.11359204, -0.56980177],
        [ 0.87382483,  0.94842416,  0.98001315, ...,  0.11359204,
          0.        , -0.4727658 ],
        [ 0.54012601,  0.68587139,  0.76952735, ...,  0.56980177,
          0.4727658 ,  0.        ]],

       ...,

       [[ 0.        ,  0.92205101,  0.77915188, ...,  0.97425525,
          0.98929867,  0.97070566],
        [-0.92205101,  0.        , -0.27638895, ...,  0.16922903,
          0.24839477,  0.15418664],
        [-0.77915188,  0.27638895,  0.        , ...,  0.43503938,
          0.50644538,  0.42126425],
        ...,
        [-0.97425525, -0.16922903, -0.43503938, ...,  0.        ,
          0.08088691, -0.01524257],
        [-0.98929867, -0.24839477, -0.50644538, ..., -0.08088691,
          0.        , -0.09607014],
        [-0.97070566, -0.15418664, -0.42126425, ...,  0.01524257,
          0.09607014,  0.        ]],

       [[ 0.        , -0.11849461, -0.26218514, ..., -0.36810728,
         -0.20309192, -0.        ],
        [ 0.11849461,  0.        , -0.14598858, ..., -0.47568817,
         -0.31768622, -0.11849461],
        [ 0.26218514,  0.14598858,  0.        , ..., -0.59900538,
         -0.4527084 , -0.26218514],
        ...,
        [ 0.36810728,  0.47568817,  0.59900538, ...,  0.        ,
         -0.17160433, -0.36810728],
        [ 0.20309192,  0.31768622,  0.4527084 , ...,  0.17160433,
          0.        , -0.20309192],
        [ 0.        ,  0.11849461,  0.26218514, ...,  0.36810728,
          0.20309192,  0.        ]],

       [[ 0.        , -0.48024997, -0.63041232, ..., -0.507946  ,
         -0.43674691, -0.        ],
        [ 0.48024997,  0.        , -0.18015555, ..., -0.85921752,
         -0.81510994, -0.48024997],
        [ 0.63041232,  0.18015555,  0.        , ..., -0.93732858,
         -0.90613846, -0.63041232],
        ...,
        [ 0.507946  ,  0.85921752,  0.93732858, ...,  0.        ,
         -0.08073136, -0.507946  ],
        [ 0.43674691,  0.81510994,  0.90613846, ...,  0.08073136,
          0.        , -0.43674691],
        [ 0.        ,  0.48024997,  0.63041232, ...,  0.507946  ,
          0.43674691,  0.        ]]]), 'num': array([ 8.14967745e-02,  3.94840567e-02,  6.48344410e-07,  3.81933798e-03,
        3.86059626e-03,  3.80165586e-03,  9.95829135e-01, -1.17880802e-05,
        3.88063600e-03,  3.97228832e-03,  4.15156537e-03,  1.94235412e-06,
        4.11759643e-03,  3.82698021e-03])}
{'img': array([[[ 0.        ,  0.        ,  0.17774376, ..., -0.99773303,
         -0.93137161, -0.79715586],
        [ 0.        ,  0.        ,  0.17774376, ..., -0.99773303,
         -0.93137161, -0.79715586],
        [-0.17774376, -0.17774376,  0.        , ..., -0.99380744,
         -0.85183003, -0.6771456 ],
        ...,
        [ 0.99773303,  0.99773303,  0.99380744, ...,  0.        ,
         -0.42592251, -0.65605052],
        [ 0.93137161,  0.93137161,  0.85183003, ...,  0.42592251,
          0.        , -0.27211708],
        [ 0.79715586,  0.79715586,  0.6771456 , ...,  0.65605052,
          0.27211708,  0.        ]],

       [[ 0.        , -0.25179067, -0.61749649, ..., -0.60107884,
         -0.22516268, -0.31209141],
        [ 0.25179067,  0.        , -0.39954991, ..., -0.38048459,
          0.02741667, -0.06282211],
        [ 0.61749649,  0.39954991,  0.        , ...,  0.02070409,
          0.42453289,  0.34117095],
        ...,
        [ 0.60107884,  0.38048459, -0.02070409, ...,  0.        ,
          0.40569615,  0.32163595],
        [ 0.22516268, -0.02741667, -0.42453289, ..., -0.40569615,
          0.        , -0.09016101],
        [ 0.31209141,  0.06282211, -0.34117095, ..., -0.32163595,
          0.09016101,  0.        ]],

       [[ 0.        , -0.11712793, -0.11712793, ..., -0.99192986,
         -0.94972974, -0.66599251],
        [ 0.11712793,  0.        ,  0.        , ..., -0.99995264,
         -0.97986195, -0.74878094],
        [ 0.11712793,  0.        ,  0.        , ..., -0.99995264,
         -0.97986195, -0.74878094],
        ...,
        [ 0.99192986,  0.99995264,  0.99995264, ...,  0.        ,
         -0.19013026, -0.6554987 ],
        [ 0.94972974,  0.97986195,  0.97986195, ...,  0.19013026,
          0.        , -0.499956  ],
        [ 0.66599251,  0.74878094,  0.74878094, ...,  0.6554987 ,
          0.499956  ,  0.        ]],

       ...,

       [[ 0.        , -0.30353599, -0.05915575, ...,  0.26379542,
          0.16454461,  0.16454461],
        [ 0.30353599,  0.        ,  0.24663964, ...,  0.54413388,
          0.45618008,  0.45618008],
        [ 0.05915575, -0.24663964,  0.        , ...,  0.32039383,
          0.22260589,  0.22260589],
        ...,
        [-0.26379542, -0.54413388, -0.32039383, ...,  0.        ,
         -0.10148357, -0.10148357],
        [-0.16454461, -0.45618008, -0.22260589, ...,  0.10148357,
          0.        ,  0.        ],
        [-0.16454461, -0.45618008, -0.22260589, ...,  0.10148357,
          0.        ,  0.        ]],

       [[ 0.        , -0.23390858, -0.38903761, ..., -0.28576534,
         -0.20388925, -0.        ],
        [ 0.23390858,  0.        , -0.16276346, ..., -0.50199231,
         -0.42722816, -0.23390858],
        [ 0.38903761,  0.16276346,  0.        , ..., -0.63606788,
         -0.5686927 , -0.38903761],
        ...,
        [ 0.28576534,  0.50199231,  0.63606788, ...,  0.        ,
         -0.08437555, -0.28576534],
        [ 0.20388925,  0.42722816,  0.5686927 , ...,  0.08437555,
          0.        , -0.20388925],
        [ 0.        ,  0.23390858,  0.38903761, ...,  0.28576534,
          0.20388925,  0.        ]],

       [[ 0.        , -0.44035687, -0.53333297, ..., -0.60037459,
         -0.43291539, -0.        ],
        [ 0.44035687,  0.        , -0.10633826, ..., -0.89119173,
         -0.78563422, -0.44035687],
        [ 0.53333297,  0.10633826,  0.        , ..., -0.93437657,
         -0.84697024, -0.53333297],
        ...,
        [ 0.60037459,  0.89119173,  0.93437657, ...,  0.        ,
         -0.19498777, -0.60037459],
        [ 0.43291539,  0.78563422,  0.84697024, ...,  0.19498777,
          0.        , -0.43291539],
        [ 0.        ,  0.44035687,  0.53333297, ...,  0.60037459,
          0.43291539,  0.        ]]]), 'num': array([5.41939546e-02, 1.56544930e-02, 5.71802101e-07, 2.56929744e-03,
       2.57692147e-03, 2.47780910e-03, 9.98381335e-01, 9.91123642e-05,
       2.51287963e-03, 2.56586663e-03, 2.68130712e-03, 1.82167041e-06,
       2.65500257e-03, 2.47673069e-03])}
{'img': array([[[ 0.        ,  0.17774376, -0.06919193, ..., -0.93137161,
         -0.79715586, -0.92565133],
        [-0.17774376,  0.        , -0.24540794, ..., -0.85183003,
         -0.6771456 , -0.97816626],
        [ 0.06919193,  0.24540794,  0.        , ..., -0.95433015,
         -0.83702162, -0.8972522 ],
        ...,
        [ 0.93137161,  0.85183003,  0.95433015, ...,  0.        ,
         -0.27211708,  0.68941201],
        [ 0.79715586,  0.6771456 ,  0.83702162, ...,  0.27211708,
          0.        ,  0.86050975],
        [ 0.92565133,  0.97816626,  0.8972522 , ..., -0.68941201,
         -0.86050975,  0.        ]],

       [[ 0.        , -0.39954991, -0.27087386, ...,  0.02741667,
         -0.06282211,  0.55095723],
        [ 0.39954991,  0.        ,  0.13629951, ...,  0.42453289,
          0.34117095,  0.83850658],
        [ 0.27087386, -0.13629951,  0.        , ...,  0.29716372,
          0.20986532,  0.75641292],
        ...,
        [-0.02741667, -0.42453289, -0.29716372, ...,  0.        ,
         -0.09016101,  0.52787   ],
        [ 0.06282211, -0.34117095, -0.20986532, ...,  0.09016101,
          0.        ,  0.6022961 ],
        [-0.55095723, -0.83850658, -0.75641292, ..., -0.52787   ,
         -0.6022961 ,  0.        ]],

       [[ 0.        ,  0.        , -0.01835668, ..., -0.97986195,
         -0.74878094, -0.86176869],
        [ 0.        ,  0.        , -0.01835668, ..., -0.97986195,
         -0.74878094, -0.86176869],
        [ 0.01835668,  0.01835668,  0.        , ..., -0.98336223,
         -0.7608219 , -0.87093585],
        ...,
        [ 0.97986195,  0.97986195,  0.98336223, ...,  0.        ,
         -0.499956  , -0.32501069],
        [ 0.74878094,  0.74878094,  0.7608219 , ...,  0.499956  ,
          0.        ,  0.19133778],
        [ 0.86176869,  0.86176869,  0.87093585, ...,  0.32501069,
         -0.19133778,  0.        ]],

       ...,

       [[ 0.        ,  0.24663964,  0.24663964, ...,  0.45618008,
          0.45618008,  0.88631232],
        [-0.24663964,  0.        ,  0.        , ...,  0.22260589,
          0.22260589,  0.74471586],
        [-0.24663964,  0.        ,  0.        , ...,  0.22260589,
          0.22260589,  0.74471586],
        ...,
        [-0.45618008, -0.22260589, -0.22260589, ...,  0.        ,
          0.        ,  0.57746674],
        [-0.45618008, -0.22260589, -0.22260589, ...,  0.        ,
          0.        ,  0.57746674],
        [-0.88631232, -0.74471586, -0.74471586, ..., -0.57746674,
         -0.57746674,  0.        ]],

       [[ 0.        , -0.31452339, -0.35167518, ..., -0.34034392,
         -0.27589016, -0.        ],
        [ 0.31452339,  0.        , -0.03939528, ..., -0.61881803,
         -0.56420513, -0.31452339],
        [ 0.35167518,  0.03939528,  0.        , ..., -0.64928399,
         -0.59629325, -0.35167518],
        ...,
        [ 0.34034392,  0.61881803,  0.64928399, ...,  0.        ,
         -0.06771508, -0.34034392],
        [ 0.27589016,  0.56420513,  0.59629325, ...,  0.06771508,
          0.        , -0.27589016],
        [ 0.        ,  0.31452339,  0.35167518, ...,  0.34034392,
          0.27589016,  0.        ]],

       [[ 0.        , -0.17812498, -0.38341107, ..., -0.62462392,
         -0.21587392, -0.36286735],
        [ 0.17812498,  0.        , -0.21276723, ..., -0.75373723,
         -0.38634665, -0.52304846],
        [ 0.38341107,  0.21276723,  0.        , ..., -0.87630434,
         -0.57374707, -0.69241431],
        ...,
        [ 0.62462392,  0.75373723,  0.87630434, ...,  0.        ,
         -0.44131457, -0.29867761],
        [ 0.21587392,  0.38634665,  0.57374707, ...,  0.44131457,
          0.        ,  0.15315127],
        [ 0.36286735,  0.52304846,  0.69241431, ...,  0.29867761,
         -0.15315127,  0.        ]]]), 'num': array([ 1.00127398e-01,  1.46988691e-02,  1.26936893e-06,  4.74602939e-03,
