state_0,state_1,state_2,state_3,state_4,state_5,state_6,state_7,state_8,state_9,state_10,state_11,state_12,state_13,state_14,state_15,state_16,state_17,state_18,state_19,state_20,state_21,state_22,state_23,state_24,state_25,state_26,state_27,state_28,state_29,state_30,state_31,state_32,state_33,state_34,state_35,state_36,state_37,state_38,state_39,state_40,state_41,state_42,state_43,state_44,state_45,state_46,state_47,state_48,state_49,state_50,state_51,state_52,state_53,state_54,state_55,state_56,state_57,state_58,state_59,state_60,state_61,state_62,state_63,state_64,state_65,state_66,state_67,state_68,state_69,state_70,state_71,state_72,state_73,state_74,state_75,state_76,state_77,state_78,state_79,state_80,state_81,state_82,state_83,state_84,state_85,state_86,state_87,state_88,state_89,state_90,state_91,state_92,state_93,state_94,state_95,state_96,state_97,state_98,state_99,state_100,state_101,state_102,state_103,state_104,state_105,state_106,state_107,state_108,state_109,state_110,state_111,state_112,state_113,state_114,state_115,state_116,state_117,state_118,state_119,state_120,state_121,state_122,state_123,state_124,state_125,state_126,state_127,state_128,state_129,state_130,state_131,state_132,state_133,state_134,state_135,state_136,state_137,state_138,state_139,state_140,state_141,state_142,state_143,state_144,state_145,state_146,state_147,state_148,state_149,state_150,state_151,state_152,state_153,state_154,state_155,state_156,state_157,state_158,state_159,state_160,state_161,state_162,state_163,state_164,state_165,state_166,state_167,state_168,state_169,state_170,state_171,state_172,state_173,state_174,state_175,state_176,state_177,state_178,state_179,state_180,state_181,state_182,state_183,state_184,state_185,state_186,state_187,state_188,state_189,state_190,state_191,state_192,state_193,state_194,state_195,state_196,state_197,state_198,state_199,state_200,state_201,state_202,state_203,state_204,state_205,state_206,state_207,state_208,state_209,state_210,state_211,state_212,state_213,state_214,state_215,state_216,state_217,state_218,state_219,state_220,state_221,state_222,state_223,state_224,state_225,state_226,state_227,state_228,state_229,state_230,state_231,state_232,state_233,state_234,state_235,state_236,state_237,state_238,state_239,state_240,state_241,state_242,state_243,state_244,state_245,state_246,state_247,state_248,state_249,state_250,state_251,state_252,state_253,state_254,state_255,state_256,state_257,state_258,state_259,state_260,state_261,state_262,state_263,state_264,state_265,state_266,state_267,state_268,state_269,state_270,state_271,state_272,state_273,state_274,state_275,state_276,state_277,state_278,state_279,state_280,state_281,state_282,state_283,state_284,state_285,state_286,state_287
{'img': array([[[ 0.00000000e+00,  0.00000000e+00,  2.25149809e-02, ...,
         -5.79399838e-01, -5.98791169e-01, -6.57907873e-01],
        [ 0.00000000e+00,  0.00000000e+00,  2.25149809e-02, ...,
         -5.79399838e-01, -5.98791169e-01, -6.57907873e-01],
        [-2.25149809e-02, -2.25149809e-02,  0.00000000e+00, ...,
         -5.97603651e-01, -6.16671744e-01, -6.74697093e-01],
        ...,
        [ 5.79399838e-01,  5.79399838e-01,  5.97603651e-01, ...,
          0.00000000e+00, -2.39964792e-02, -9.98784007e-02],
        [ 5.98791169e-01,  5.98791169e-01,  6.16671744e-01, ...,
          2.39964792e-02,  0.00000000e+00, -7.59731516e-02],
        [ 6.57907873e-01,  6.57907873e-01,  6.74697093e-01, ...,
          9.98784007e-02,  7.59731516e-02,  0.00000000e+00]],

       [[ 0.00000000e+00, -1.98007566e-01, -3.48337501e-01, ...,
         -2.87006041e-01, -1.83513588e-02,  9.91680052e-02],
        [ 1.98007566e-01,  0.00000000e+00, -1.55834399e-01, ...,
         -9.16463176e-02,  1.79986211e-01,  2.94236056e-01],
        [ 3.48337501e-01,  1.55834399e-01,  0.00000000e+00, ...,
          6.46518964e-02,  3.31076843e-01,  4.39577475e-01],
        ...,
        [ 2.87006041e-01,  9.16463176e-02, -6.46518964e-02, ...,
          0.00000000e+00,  2.69378415e-01,  3.80587189e-01],
        [ 1.83513588e-02, -1.79986211e-01, -3.31076843e-01, ...,
         -2.69378415e-01,  0.00000000e+00,  1.17412205e-01],
        [-9.91680052e-02, -2.94236056e-01, -4.39577475e-01, ...,
         -3.80587189e-01, -1.17412205e-01,  0.00000000e+00]],

       [[ 0.00000000e+00, -4.15250233e-02, -8.82805265e-02, ...,
         -7.75304127e-01, -8.02643886e-01, -8.19939884e-01],
        [ 4.15250233e-02,  0.00000000e+00, -4.68414862e-02, ...,
         -7.48408690e-01, -7.77183622e-01, -7.95461672e-01],
        [ 8.82805265e-02,  4.68414862e-02,  0.00000000e+00, ...,
         -7.16520142e-01, -7.46854411e-01, -7.66202398e-01],
        ...,
        [ 7.75304127e-01,  7.48408690e-01,  7.16520142e-01, ...,
          0.00000000e+00, -4.45035466e-02, -7.40416962e-02],
        [ 8.02643886e-01,  7.77183622e-01,  7.46854411e-01, ...,
          4.45035466e-02,  0.00000000e+00, -2.95869467e-02],
        [ 8.19939884e-01,  7.95461672e-01,  7.66202398e-01, ...,
          7.40416962e-02,  2.95869467e-02,  0.00000000e+00]],

       ...,

       [[ 0.00000000e+00, -3.98928375e-01,  9.04353270e-03, ...,
          3.40701880e-01,  4.44253363e-01,  4.66322710e-01],
        [ 3.98928375e-01,  0.00000000e+00,  4.07204819e-01, ...,
          6.87478563e-01,  7.64772784e-01,  7.80507469e-01],
        [-9.04353270e-03, -4.07204819e-01,  0.00000000e+00, ...,
          3.32185477e-01,  4.36133084e-01,  4.58303599e-01],
        ...,
        [-3.40701880e-01, -6.87478563e-01, -3.32185477e-01, ...,
          0.00000000e+00,  1.12439077e-01,  1.37033383e-01],
        [-4.44253363e-01, -7.64772784e-01, -4.36133084e-01, ...,
         -1.12439077e-01,  0.00000000e+00,  2.47860274e-02],
        [-4.66322710e-01, -7.80507469e-01, -4.58303599e-01, ...,
         -1.37033383e-01, -2.47860274e-02,  0.00000000e+00]],

       [[ 0.00000000e+00, -2.75609659e-02, -2.59255686e-02, ...,
         -9.91048946e-01, -9.73305535e-01, -9.77587982e-01],
        [ 2.75609659e-02,  0.00000000e+00,  1.63598191e-03, ...,
         -9.86993109e-01, -9.66610193e-01, -9.71414284e-01],
        [ 2.59255686e-02, -1.63598191e-03,  0.00000000e+00, ...,
         -9.87254793e-01, -9.67028122e-01, -9.71801351e-01],
        ...,
        [ 9.91048946e-01,  9.86993109e-01,  9.87254793e-01, ...,
          0.00000000e+00,  9.75235456e-02,  7.81358154e-02],
        [ 9.73305535e-01,  9.66610193e-01,  9.67028122e-01, ...,
         -9.75235456e-02,  0.00000000e+00, -1.94620301e-02],
        [ 9.77587982e-01,  9.71414284e-01,  9.71801351e-01, ...,
         -7.81358154e-02,  1.94620301e-02,  0.00000000e+00]],

       [[ 0.00000000e+00,  3.90161146e-01,  2.81080511e-01, ...,
         -9.19979027e-01, -9.21185918e-01, -9.20220834e-01],
        [-3.90161146e-01,  0.00000000e+00, -1.15627562e-01, ...,
         -6.94137028e-01, -6.96358219e-01, -6.94581292e-01],
        [-2.81080511e-01,  1.15627562e-01,  0.00000000e+00, ...,
         -7.72714879e-01, -7.74672745e-01, -7.73106598e-01],
        ...,
        [ 9.19979027e-01,  6.94137028e-01,  7.72714879e-01, ...,
          0.00000000e+00,  3.09026588e-03,  6.17351938e-04],
        [ 9.21185918e-01,  6.96358219e-01,  7.74672745e-01, ...,
         -3.09026588e-03,  0.00000000e+00, -2.47291630e-03],
        [ 9.20220834e-01,  6.94581292e-01,  7.73106598e-01, ...,
         -6.17351938e-04,  2.47291630e-03,  0.00000000e+00]]]), 'num': array([7.07305840e-01, 7.06898243e-01, 7.71964169e-08, 1.35865694e-04,
       1.39468193e-04, 1.32777837e-04, 3.62920942e-03, 2.05857112e-06,
       1.36277408e-04, 1.33485471e-04, 1.55293459e-04, 1.68762730e-06,
       1.41938586e-04, 1.25032356e-04])}
{'img': array([[[ 0.        ,  0.02251498, -0.07379442, ..., -0.59879117,
         -0.65790787, -0.60528736],
        [-0.02251498,  0.        , -0.0962293 , ..., -0.61667174,
         -0.67469709, -0.62305601],
        [ 0.07379442,  0.0962293 ,  0.        , ..., -0.53805622,
         -0.60053961, -0.54489615],
        ...,
        [ 0.59879117,  0.61667174,  0.53805622, ...,  0.        ,
         -0.07597315, -0.00813581],
        [ 0.65790787,  0.67469709,  0.60053961, ...,  0.07597315,
          0.        ,  0.06785834],
        [ 0.60528736,  0.62305601,  0.54489615, ...,  0.00813581,
         -0.06785834,  0.        ]],

       [[ 0.        , -0.1558344 ,  0.1835994 , ...,  0.17998621,
          0.29423606,  0.16342021],
        [ 0.1558344 ,  0.        ,  0.3345418 , ...,  0.33107684,
          0.43957747,  0.31516319],
        [-0.1835994 , -0.3345418 ,  0.        , ..., -0.00367441,
          0.11376242, -0.02048894],
        ...,
        [-0.17998621, -0.33107684,  0.00367441, ...,  0.        ,
          0.1174122 , -0.01681516],
        [-0.29423606, -0.43957747, -0.11376242, ..., -0.1174122 ,
          0.        , -0.13409446],
        [-0.16342021, -0.31516319,  0.02048894, ...,  0.01681516,
          0.13409446,  0.        ]],

       [[ 0.        , -0.04684149, -0.12570275, ..., -0.77718362,
         -0.79546167, -0.80849963],
        [ 0.04684149,  0.        , -0.07909483, ..., -0.74685441,
         -0.7662024 , -0.78004611],
        [ 0.12570275,  0.07909483,  0.        , ..., -0.69191751,
         -0.71297568, -0.72811092],
        ...,
        [ 0.77718362,  0.74685441,  0.69191751, ...,  0.        ,
         -0.02958695, -0.05139772],
        [ 0.79546167,  0.7662024 ,  0.71297568, ...,  0.02958695,
          0.        , -0.02182737],
        [ 0.80849963,  0.78004611,  0.72811092, ...,  0.05139772,
          0.02182737,  0.        ]],

       ...,

       [[ 0.        ,  0.40720482,  0.09103038, ...,  0.76477278,
          0.78050747,  0.90711736],
        [-0.40720482,  0.        , -0.32237275, ...,  0.43613308,
          0.4583036 ,  0.65712028],
        [-0.09103038,  0.32237275,  0.        , ...,  0.70294666,
          0.72035957,  0.86503845],
        ...,
        [-0.76477278, -0.43613308, -0.70294666, ...,  0.        ,
          0.02478603,  0.26257993],
        [-0.78050747, -0.4583036 , -0.72035957, ..., -0.02478603,
          0.        ,  0.23858297],
        [-0.90711736, -0.65712028, -0.86503845, ..., -0.26257993,
         -0.23858297,  0.        ]],

       [[ 0.        ,  0.00162829,  0.01861705, ..., -0.95044218,
         -0.9538396 , -0.98773072],
        [-0.00162829,  0.        ,  0.01698901, ..., -0.95094716,
         -0.95432734, -0.98798369],
        [-0.01861705, -0.01698901,  0.        , ..., -0.95606552,
         -0.95926529, -0.99046689],
        ...,
        [ 0.95044218,  0.95094716,  0.95606552, ...,  0.        ,
         -0.01111655, -0.15865944],
        [ 0.9538396 ,  0.95432734,  0.95926529, ...,  0.01111655,
          0.        , -0.14767389],
        [ 0.98773072,  0.98798369,  0.99046689, ...,  0.15865944,
          0.14767389,  0.        ]],

       [[ 0.        , -0.11562756, -0.39204267, ..., -0.69635822,
         -0.69458129, -0.70057366],
        [ 0.11562756,  0.        , -0.28304187, ..., -0.77467275,
         -0.7731066 , -0.77838418],
        [ 0.39204267,  0.28304187,  0.        , ..., -0.9219795 ,
         -0.92101907, -0.9242445 ],
        ...,
        [ 0.69635822,  0.77467275,  0.9219795 , ...,  0.        ,
         -0.00247292,  0.00589042],
        [ 0.69458129,  0.7731066 ,  0.92101907, ...,  0.00247292,
          0.        ,  0.00836327],
        [ 0.70057366,  0.77838418,  0.9242445 , ..., -0.00589042,
         -0.00836327,  0.        ]]]), 'num': array([ 7.07106441e-01,  7.07106441e-01,  0.00000000e+00,  3.93850684e-05,
        4.06015957e-05,  3.87768048e-05,  9.74073337e-04, -7.60329507e-07,
        3.99477123e-05,  3.94268866e-05,  4.57452248e-05,  3.80164753e-07,
        4.19220999e-05,  3.69316732e-05])}
{'img': array([[[ 0.        , -0.0962293 , -0.08483388, ..., -0.67469709,
         -0.62305601, -0.68778302],
        [ 0.0962293 ,  0.        ,  0.01144223, ..., -0.60053961,
         -0.54489615, -0.61473673],
        [ 0.08483388, -0.01144223,  0.        , ..., -0.60964945,
         -0.55445483, -0.62372134],
        ...,
        [ 0.67469709,  0.60053961,  0.60964945, ...,  0.        ,
          0.06785834, -0.01787538],
        [ 0.62305601,  0.54489615,  0.55445483, ..., -0.06785834,
          0.        , -0.08568168],
        [ 0.68778302,  0.61473673,  0.62372134, ...,  0.01787538,
          0.08568168,  0.        ]],

       [[ 0.        ,  0.3345418 ,  0.11707342, ...,  0.43957747,
          0.31516319,  0.28937792],
        [-0.3345418 ,  0.        , -0.22191349, ...,  0.11376242,
         -0.02048894, -0.04752417],
        [-0.11707342,  0.22191349,  0.        , ...,  0.33139873,
          0.20188883,  0.17532352],
        ...,
        [-0.43957747, -0.11376242, -0.33139873, ...,  0.        ,
         -0.13409446, -0.16084952],
        [-0.31516319,  0.02048894, -0.20188883, ...,  0.13409446,
          0.        , -0.02704841],
        [-0.28937792,  0.04752417, -0.17532352, ...,  0.16084952,
          0.02704841,  0.        ]],

       [[ 0.        , -0.07909483, -0.13147096, ..., -0.7662024 ,
         -0.78004611, -0.80919114],
        [ 0.07909483,  0.        , -0.05265078, ..., -0.71297568,
         -0.72811092, -0.76018421],
        [ 0.13147096,  0.05265078,  0.        , ..., -0.67506863,
         -0.69101105, -0.72492221],
        ...,
        [ 0.7662024 ,  0.71297568,  0.67506863, ...,  0.        ,
         -0.02182737, -0.06980691],
        [ 0.78004611,  0.72811092,  0.69101105, ...,  0.02182737,
          0.        , -0.04801615],
        [ 0.80919114,  0.76018421,  0.72492221, ...,  0.06980691,
          0.04801615,  0.        ]],

       ...,

       [[ 0.        , -0.32237275, -0.28839086, ...,  0.4583036 ,
          0.65712028,  0.18681908],
        [ 0.32237275,  0.        ,  0.03568154, ...,  0.72035957,
          0.86503845,  0.4935425 ],
        [ 0.28839086, -0.03568154,  0.        , ...,  0.69515211,
          0.84658598,  0.4621952 ],
        ...,
        [-0.4583036 , -0.72035957, -0.69515211, ...,  0.        ,
          0.23858297, -0.28419086],
        [-0.65712028, -0.86503845, -0.84658598, ..., -0.23858297,
          0.        , -0.50472968],
        [-0.18681908, -0.4935425 , -0.4621952 , ...,  0.28419086,
          0.50472968,  0.        ]],

       [[ 0.        ,  0.01697386,  0.02826911, ..., -0.95158743,
         -0.97813539, -0.98812088],
        [-0.01697386,  0.        ,  0.01129796, ..., -0.95666774,
         -0.98152451, -0.99058705],
        [-0.02826911, -0.01129796,  0.        , ..., -0.95989644,
         -0.98362358, -0.99207034],
        ...,
        [ 0.95158743,  0.95666774,  0.95989644, ...,  0.        ,
         -0.10275667, -0.15748817],
        [ 0.97813539,  0.98152451,  0.98362358, ...,  0.10275667,
          0.        , -0.05518016],
        [ 0.98812088,  0.99058705,  0.99207034, ...,  0.15748817,
          0.05518016,  0.        ]],

       [[ 0.        , -0.37652222, -0.48286673, ..., -0.69555788,
         -0.70155399, -0.69945441],
        [ 0.37652222,  0.        , -0.11761321, ..., -0.91489004,
         -0.91824081, -0.91707172],
        [ 0.48286673,  0.11761321,  0.        , ..., -0.95602105,
         -0.95844522, -0.95760178],
        ...,
        [ 0.69555788,  0.91489004,  0.95602105, ...,  0.        ,
          0.00837966,  0.00543768],
        [ 0.70155399,  0.91824081,  0.95844522, ..., -0.00837966,
          0.        , -0.00294204],
        [ 0.69945441,  0.91707172,  0.95760178, ..., -0.00543768,
          0.00294204,  0.        ]]]), 'num': array([ 7.07106645e-01,  7.07106645e-01,  0.00000000e+00,  3.90049149e-05,
        4.00693765e-05,  3.90049149e-05,  6.10810885e-04, -3.80164863e-07,
        3.96587985e-05,  3.94573111e-05,  4.55931720e-05,  3.89437176e-07,
        4.19161168e-05,  3.69985054e-05])}
{'img': array([[[ 0.        ,  0.01144223,  0.22824944, ..., -0.54489615,
         -0.61473673, -0.65082044],
        [-0.01144223,  0.        ,  0.21709431, ..., -0.55445483,
         -0.62372134, -0.65946514],
        [-0.22824944, -0.21709431,  0.        , ..., -0.72190032,
         -0.77853705, -0.80693474],
        ...,
        [ 0.54489615,  0.55445483,  0.72190032, ...,  0.        ,
         -0.08568168, -0.13201282],
        [ 0.61473673,  0.62372134,  0.77853705, ...,  0.08568168,
          0.        , -0.04659556],
        [ 0.65082044,  0.65946514,  0.80693474, ...,  0.13201282,
          0.04659556,  0.        ]],

       [[ 0.        , -0.23485881,  0.49407204, ..., -0.02089624,
         -0.04855757, -0.18895101],
        [ 0.23485881,  0.        ,  0.68444377, ...,  0.21449577,
          0.18738238,  0.04696223],
        [-0.49407204, -0.68444377,  0.        , ..., -0.51213178,
         -0.53570619, -0.64945005],
        ...,
        [ 0.02089624, -0.21449577,  0.51213178, ...,  0.        ,
         -0.02767538, -0.16838993],
        [ 0.04855757, -0.18738238,  0.53570619, ...,  0.02767538,
          0.        , -0.14104525],
        [ 0.18895101, -0.04696223,  0.64945005, ...,  0.16838993,
          0.14104525,  0.        ]],

       [[ 0.        , -0.05265078, -0.01482029, ..., -0.72811092,
         -0.76018421, -0.78960062],
        [ 0.05265078,  0.        ,  0.03784526, ..., -0.69101105,
         -0.72492221, -0.75619781],
        [ 0.01482029, -0.03784526,  0.        , ..., -0.71787225,
         -0.75047186, -0.78041986],
        ...,
        [ 0.72811092,  0.69101105,  0.71787225, ...,  0.        ,
         -0.04801615, -0.09445489],
        [ 0.76018421,  0.72492221,  0.75047186, ...,  0.04801615,
          0.        , -0.04654446],
        [ 0.78960062,  0.75619781,  0.78041986, ...,  0.09445489,
          0.04654446,  0.        ]],

       ...,

       [[ 0.        ,  0.03568154,  0.59642169, ...,  0.86503845,
          0.4935425 ,  0.52686352],
        [-0.03568154,  0.        ,  0.56740135, ...,  0.84658598,
          0.4621952 ,  0.49620049],
        [-0.59642169, -0.56740135,  0.        , ...,  0.39511343,
         -0.12256849, -0.08403034],
        ...,
        [-0.86503845, -0.84658598, -0.39511343, ...,  0.        ,
         -0.50472968, -0.47090899],
        [-0.4935425 , -0.4621952 ,  0.12256849, ...,  0.50472968,
          0.        ,  0.03873823],
        [-0.52686352, -0.49620049,  0.08403034, ...,  0.47090899,
         -0.03873823,  0.        ]],

       [[ 0.        ,  0.01129461,  0.01507683, ..., -0.97988981,
         -0.98573053, -0.99062751],
        [-0.01129461,  0.        ,  0.00378254, ..., -0.98208102,
         -0.98756889, -0.99210707],
        [-0.01507683, -0.00378254,  0.        , ..., -0.98278685,
         -0.98815639, -0.99257428],
        ...,
        [ 0.97988981,  0.98208102,  0.98278685, ...,  0.        ,
         -0.03174627, -0.06382497],
        [ 0.98573053,  0.98756889,  0.98815639, ...,  0.03174627,
          0.        , -0.03211125],
        [ 0.99062751,  0.99210707,  0.99257428, ...,  0.06382497,
          0.03211125,  0.        ]],

       [[ 0.        , -0.32020315, -0.30757414, ..., -0.71253388,
         -0.71042061, -0.72139433],
        [ 0.32020315,  0.        ,  0.013301  , ..., -0.8996848 ,
         -0.89836791, -0.90516067],
        [ 0.30757414, -0.013301  ,  0.        , ..., -0.89379879,
         -0.89244606, -0.89942674],
        ...,
        [ 0.71253388,  0.8996848 ,  0.89379879, ...,  0.        ,
         -0.00300733,  0.01271027],
        [ 0.71042061,  0.89836791,  0.89244606, ...,  0.00300733,
          0.        ,  0.0157173 ],
        [ 0.72139433,  0.90516067,  0.89942674, ..., -0.01271027,
         -0.0157173 ,  0.        ]]]), 'num': array([ 7.07106562e-01,  7.07106562e-01,  0.00000000e+00,  3.83966467e-05,
        3.95371411e-05,  3.83966467e-05,  7.78349449e-04, -6.08263710e-07,
        3.92938356e-05,  3.94154884e-05,  4.54525057e-05,  3.83206137e-07,
        4.19162217e-05,  3.69147551e-05])}
{'img': array([[[ 0.00000000e+00,  2.17094310e-01,  2.00790441e-01, ...,
         -6.23721339e-01, -6.59465141e-01, -7.18711108e-01],
        [-2.17094310e-01,  0.00000000e+00, -1.66712985e-02, ...,
         -7.78537049e-01, -8.06934739e-01, -8.52517891e-01],
        [-2.00790441e-01,  1.66712985e-02,  0.00000000e+00, ...,
         -7.67965967e-01, -7.96975848e-01, -8.43685356e-01],
        ...,
        [ 6.23721339e-01,  7.78537049e-01,  7.67965967e-01, ...,
          0.00000000e+00, -4.65955552e-02, -1.28099282e-01],
        [ 6.59465141e-01,  8.06934739e-01,  7.96975848e-01, ...,
          4.65955552e-02,  0.00000000e+00, -8.17484747e-02],
        [ 7.18711108e-01,  8.52517891e-01,  8.43685356e-01, ...,
          1.28099282e-01,  8.17484747e-02,  0.00000000e+00]],

       [[ 0.00000000e+00,  6.84443768e-01,  4.76039222e-01, ...,
          1.87382379e-01,  4.69622272e-02,  1.23282990e-01],
        [-6.84443768e-01,  0.00000000e+00, -2.54852462e-01, ...,
         -5.35706191e-01, -6.49450051e-01, -5.89341132e-01],
        [-4.76039222e-01,  2.54852462e-01,  0.00000000e+00, ...,
         -3.02818592e-01, -4.34214280e-01, -3.63989757e-01],
        ...,
        [-1.87382379e-01,  5.35706191e-01,  3.02818592e-01, ...,
          0.00000000e+00, -1.41045246e-01, -6.48536580e-02],
        [-4.69622272e-02,  6.49450051e-01,  4.34214280e-01, ...,
          1.41045246e-01,  0.00000000e+00,  7.65429896e-02],
        [-1.23282990e-01,  5.89341132e-01,  3.63989757e-01, ...,
          6.48536580e-02, -7.65429896e-02,  0.00000000e+00]],

       [[ 0.00000000e+00,  3.78452613e-02,  7.14438082e-02, ...,
         -7.24922209e-01, -7.56197806e-01, -7.96736013e-01],
        [-3.78452613e-02,  0.00000000e+00,  3.36440742e-02, ...,
         -7.50471862e-01, -7.80419860e-01, -8.19036172e-01],
        [-7.14438082e-02, -3.36440742e-02,  0.00000000e+00, ...,
         -7.72282453e-01, -8.01014200e-01, -8.37875512e-01],
        ...,
        [ 7.24922209e-01,  7.50471862e-01,  7.72282453e-01, ...,
          0.00000000e+00, -4.65444590e-02, -1.10725834e-01],
        [ 7.56197806e-01,  7.80419860e-01,  8.01014200e-01, ...,
          4.65444590e-02,  0.00000000e+00, -6.43475746e-02],
        [ 7.96736013e-01,  8.19036172e-01,  8.37875512e-01, ...,
          1.10725834e-01,  6.43475746e-02,  0.00000000e+00]],

       ...,

       [[ 0.00000000e+00,  5.67401345e-01,  5.23906057e-01, ...,
          4.62195203e-01,  4.96200495e-01,  4.73414303e-01],
        [-5.67401345e-01,  0.00000000e+00, -5.18929498e-02, ...,
         -1.22568492e-01, -8.40303447e-02, -1.09960805e-01],
        [-5.23906057e-01,  5.18929498e-02,  0.00000000e+00, ...,
         -7.09016702e-02, -3.22077121e-02, -5.82343824e-02],
        ...,
        [-4.62195203e-01,  1.22568492e-01,  7.09016702e-02, ...,
          0.00000000e+00,  3.87382310e-02,  1.26935212e-02],
        [-4.96200495e-01,  8.40303447e-02,  3.22077121e-02, ...,
         -3.87382310e-02,  0.00000000e+00, -2.60511166e-02],
        [-4.73414303e-01,  1.09960805e-01,  5.82343824e-02, ...,
         -1.26935212e-02,  2.60511166e-02,  0.00000000e+00]],

       [[ 0.00000000e+00,  3.78253898e-03,  4.63925865e-03, ...,
         -9.87568891e-01, -9.92107067e-01, -9.91552813e-01],
        [-3.78253898e-03,  0.00000000e+00,  8.56727189e-04, ...,
         -9.88156391e-01, -9.92574276e-01, -9.92036328e-01],
        [-4.63925865e-03, -8.56727189e-04,  0.00000000e+00, ...,
         -9.88287493e-01, -9.92678124e-01, -9.92143871e-01],
        ...,
        [ 9.87568891e-01,  9.88156391e-01,  9.88287493e-01, ...,
          0.00000000e+00, -3.21112531e-02, -2.77677764e-02],
        [ 9.92107067e-01,  9.92574276e-01,  9.92678124e-01, ...,
          3.21112531e-02,  0.00000000e+00,  4.34541440e-03],
        [ 9.91552813e-01,  9.92036328e-01,  9.92143871e-01, ...,
          2.77677764e-02, -4.34541440e-03,  0.00000000e+00]],

       [[ 0.00000000e+00,  2.55081307e-02,  3.15438719e-02, ...,
         -8.29459486e-01, -8.38230465e-01, -8.27182684e-01],
        [-2.55081307e-02,  0.00000000e+00,  6.03817098e-03, ...,
         -8.14941595e-01, -8.24047722e-01, -8.12579668e-01],
        [-3.15438719e-02, -6.03817098e-03,  0.00000000e+00, ...,
         -8.11427358e-01, -8.20611953e-01, -8.09045506e-01],
        ...,
        [ 8.29459486e-01,  8.14941595e-01,  8.11427358e-01, ...,
          0.00000000e+00,  1.58901367e-02, -4.06388643e-03],
        [ 8.38230465e-01,  8.24047722e-01,  8.20611953e-01, ...,
         -1.58901367e-02,  0.00000000e+00, -1.99533788e-02],
        [ 8.27182684e-01,  8.12579668e-01,  8.09045506e-01, ...,
          4.06388643e-03,  1.99533788e-02,  0.00000000e+00]]]), 'num': array([7.07106602e-01, 7.07106602e-01, 0.00000000e+00, 3.85487147e-05,
       3.94611104e-05, 3.79784675e-05, 7.03274540e-04, 1.52065936e-07,
       3.90961521e-05, 3.94306972e-05, 4.53118472e-05, 3.46817047e-07,
       4.19063381e-05, 3.69550563e-05])}
{'img': array([[[ 0.00000000e+00, -1.66712985e-02, -1.16796959e-01, ...,
         -8.06934739e-01, -8.52517891e-01, -8.41102225e-01],
        [ 1.66712985e-02,  0.00000000e+00, -1.00223530e-01, ...,
         -7.96975848e-01, -8.43685356e-01, -8.31968224e-01],
        [ 1.16796959e-01,  1.00223530e-01,  0.00000000e+00, ...,
         -7.32426900e-01, -7.85633557e-01, -7.72172871e-01],
        ...,
        [ 8.06934739e-01,  7.96975848e-01,  7.32426900e-01, ...,
          0.00000000e+00, -8.17484747e-02, -6.03373464e-02],
        [ 8.52517891e-01,  8.43685356e-01,  7.85633557e-01, ...,
          8.17484747e-02,  0.00000000e+00,  2.14641356e-02],
        [ 8.41102225e-01,  8.31968224e-01,  7.72172871e-01, ...,
          6.03373464e-02, -2.14641356e-02,  0.00000000e+00]],

       [[ 0.00000000e+00, -2.54852462e-01, -5.54340180e-01, ...,
         -6.49450051e-01, -5.89341132e-01, -6.13732768e-01],
        [ 2.54852462e-01,  0.00000000e+00, -3.23924634e-01, ...,
         -4.34214280e-01, -3.63989757e-01, -3.92257737e-01],
        [ 5.54340180e-01,  3.23924634e-01,  0.00000000e+00, ...,
         -1.19008276e-01, -4.26601206e-02, -7.31445245e-02],
        ...,
        [ 6.49450051e-01,  4.34214280e-01,  1.19008276e-01, ...,
          0.00000000e+00,  7.65429896e-02,  4.60647891e-02],
        [ 5.89341132e-01,  3.63989757e-01,  4.26601206e-02, ...,
         -7.65429896e-02,  0.00000000e+00, -3.05320877e-02],
        [ 6.13732768e-01,  3.92257737e-01,  7.31445245e-02, ...,
         -4.60647891e-02,  3.05320877e-02,  0.00000000e+00]],

       [[ 0.00000000e+00,  3.36440742e-02,  3.76721647e-02, ...,
         -7.80419860e-01, -8.19036172e-01, -8.40428645e-01],
        [-3.36440742e-02,  0.00000000e+00,  4.03064557e-03, ...,
         -8.01014200e-01, -8.37875512e-01, -8.58185331e-01],
        [-3.76721647e-02, -4.03064557e-03,  0.00000000e+00, ...,
         -8.03420621e-01, -8.40068880e-01, -8.60247451e-01],
        ...,
        [ 7.80419860e-01,  8.01014200e-01,  8.03420621e-01, ...,
          0.00000000e+00, -6.43475746e-02, -1.02556039e-01],
        [ 8.19036172e-01,  8.37875512e-01,  8.40068880e-01, ...,
          6.43475746e-02,  0.00000000e+00, -3.83352121e-02],
        [ 8.40428645e-01,  8.58185331e-01,  8.60247451e-01, ...,
          1.02556039e-01,  3.83352121e-02,  0.00000000e+00]],

       ...,

       [[ 0.00000000e+00, -5.18929498e-02, -2.78389050e-01, ...,
         -8.40303447e-02, -1.09960805e-01, -2.58728898e-01],
        [ 5.18929498e-02,  0.00000000e+00, -2.28172425e-01, ...,
         -3.22077121e-02, -5.82343824e-02, -2.08254307e-01],
        [ 2.78389050e-01,  2.28172425e-01,  0.00000000e+00, ...,
          1.96695952e-01,  1.71087000e-01,  2.04089669e-02],
        ...,
        [ 8.40303447e-02,  3.22077121e-02, -1.96695952e-01, ...,
          0.00000000e+00, -2.60511166e-02, -1.76644715e-01],
        [ 1.09960805e-01,  5.82343824e-02, -1.71087000e-01, ...,
          2.60511166e-02,  0.00000000e+00, -1.50943310e-01],
        [ 2.58728898e-01,  2.08254307e-01, -2.04089669e-02, ...,
          1.76644715e-01,  1.50943310e-01,  0.00000000e+00]],

       [[ 0.00000000e+00,  8.56317566e-04, -3.70730521e-02, ...,
         -9.86830405e-01, -9.86793243e-01, -9.92631935e-01],
        [-8.56317566e-04,  0.00000000e+00, -3.79287674e-02, ...,
         -9.86968560e-01, -9.86931592e-01, -9.92735330e-01],
        [ 3.70730521e-02,  3.79287674e-02,  0.00000000e+00, ...,
         -9.80155142e-01, -9.80109607e-01, -9.87457466e-01],
        ...,
        [ 9.86830405e-01,  9.86968560e-01,  9.80155142e-01, ...,
          0.00000000e+00,  2.29574116e-04, -4.09935570e-02],
        [ 9.86793243e-01,  9.86931592e-01,  9.80109607e-01, ...,
         -2.29574116e-04,  0.00000000e+00, -4.12229370e-02],
        [ 9.92631935e-01,  9.92735330e-01,  9.87457466e-01, ...,
          4.09935570e-02,  4.12229370e-02,  0.00000000e+00]],

       [[ 0.00000000e+00,  6.03817098e-03,  1.54141626e-01, ...,
         -8.24047722e-01, -8.12579668e-01, -8.18166402e-01],
        [-6.03817098e-03,  0.00000000e+00,  1.48172809e-01, ...,
         -8.20611953e-01, -8.09045506e-01, -8.14679650e-01],
        [-1.54141626e-01, -1.48172809e-01,  0.00000000e+00, ...,
         -7.26874959e-01, -7.13026868e-01, -7.19759717e-01],
        ...,
        [ 8.24047722e-01,  8.20611953e-01,  7.26874959e-01, ...,
          0.00000000e+00, -1.99533788e-02, -1.03042569e-02],
        [ 8.12579668e-01,  8.09045506e-01,  7.13026868e-01, ...,
          1.99533788e-02,  0.00000000e+00,  9.65011401e-03],
        [ 8.18166402e-01,  8.14679650e-01,  7.19759717e-01, ...,
          1.03042569e-02, -9.65011401e-03,  0.00000000e+00]]]), 'num': array([ 7.07106532e-01,  7.07106532e-01,  0.00000000e+00,  3.84726780e-05,
        3.88528428e-05,  3.79024308e-05,  8.32059099e-04, -7.60329604e-08,
        3.87616032e-05,  3.94839163e-05,  4.51204931e-05,  3.32644202e-07,
        4.18254847e-05,  3.71423480e-05])}
{'img': array([[[ 0.        , -0.10022353, -0.17281981, ..., -0.84368536,
         -0.83196822, -0.83782308],
        [ 0.10022353,  0.        , -0.07323414, ..., -0.78563356,
         -0.77217287, -0.77888838],
        [ 0.17281981,  0.07323414,  0.        , ..., -0.73821457,
         -0.72356552, -0.73086718],
        ...,
        [ 0.84368536,  0.78563356,  0.73821457, ...,  0.        ,
          0.02146414,  0.01082788],
        [ 0.83196822,  0.77217287,  0.72356552, ..., -0.02146414,
          0.        , -0.0106375 ],
        [ 0.83782308,  0.77888838,  0.73086718, ..., -0.01082788,
          0.0106375 ,  0.        ]],

       [[ 0.        , -0.32392463, -0.3078459 , ..., -0.36398976,
         -0.39225774, -0.34574285],
        [ 0.32392463,  0.        ,  0.01694589, ..., -0.04266012,
         -0.07314452, -0.02315342],
        [ 0.3078459 , -0.01694589,  0.        , ..., -0.05958446,
         -0.09003452, -0.04009145],
        ...,
        [ 0.36398976,  0.04266012,  0.05958446, ...,  0.        ,
         -0.03053209,  0.01951634],
        [ 0.39225774,  0.07314452,  0.09003452, ...,  0.03053209,
          0.        ,  0.05003351],
        [ 0.34574285,  0.02315342,  0.04009145, ..., -0.01951634,
         -0.05003351,  0.        ]],

       [[ 0.        ,  0.00403065,  0.01342997, ..., -0.83787551,
         -0.85818533, -0.89333411],
        [-0.00403065,  0.        ,  0.00939958, ..., -0.84006888,
         -0.86024745, -0.89513819],
        [-0.01342997, -0.00939958,  0.        , ..., -0.84513085,
         -0.86500208, -0.89928888],
        ...,
        [ 0.83787551,  0.84006888,  0.84513085, ...,  0.        ,
         -0.03833521, -0.11110108],
        [ 0.85818533,  0.86024745,  0.86500208, ...,  0.03833521,
          0.        , -0.07292153],
        [ 0.89333411,  0.89513819,  0.89928888, ...,  0.11110108,
          0.07292153,  0.        ]],

       ...,

       [[ 0.        , -0.22817243, -0.33643323, ..., -0.05823438,
         -0.20825431, -0.26577186],
        [ 0.22817243,  0.        , -0.11268673, ...,  0.171087  ,
          0.02040897, -0.03879457],
        [ 0.33643323,  0.11268673,  0.        , ...,  0.28102254,
          0.13294223,  0.07405442],
        ...,
        [ 0.05823438, -0.171087  , -0.28102254, ...,  0.        ,
         -0.15094331, -0.20918079],
        [ 0.20825431, -0.02040897, -0.13294223, ...,  0.15094331,
          0.        , -0.0591801 ],
        [ 0.26577186,  0.03879457, -0.07405442, ...,  0.20918079,
          0.0591801 ,  0.        ]],

       [[ 0.        , -0.0377766 , -0.0338202 , ..., -0.9709849 ,
         -0.97263551, -0.99319796],
        [ 0.0377766 ,  0.        ,  0.00395893, ..., -0.96125789,
         -0.96316438, -0.98809039],
        [ 0.0338202 , -0.00395893,  0.        , ..., -0.96234164,
         -0.96422144, -0.98869183],
        ...,
        [ 0.9709849 ,  0.96125789,  0.96234164, ...,  0.        ,
         -0.00700179, -0.12445459],
        [ 0.97263551,  0.96316438,  0.96422144, ...,  0.00700179,
          0.        , -0.11750419],
        [ 0.99319796,  0.98809039,  0.98869183, ...,  0.12445459,
          0.11750419,  0.        ]],

       [[ 0.        ,  0.14817281, -0.1315999 , ..., -0.80904551,
         -0.81467965, -0.83925396],
        [-0.14817281,  0.        , -0.27703137, ..., -0.71302687,
         -0.71975972, -0.74942242],
        [ 0.1315999 ,  0.27703137,  0.        , ..., -0.87935648,
         -0.88391057, -0.90351098],
        ...,
        [ 0.80904551,  0.71302687,  0.87935648, ...,  0.        ,
          0.00965011,  0.05335806],
        [ 0.81467965,  0.71975972,  0.88391057, ..., -0.00965011,
          0.        ,  0.04371921],
        [ 0.83925396,  0.74942242,  0.90351098, ..., -0.05335806,
         -0.04371921,  0.        ]]]), 'num': array([ 7.07106580e-01,  7.07106580e-01,  0.00000000e+00,  3.79784663e-05,
        3.87768125e-05,  3.76363180e-05,  7.45564054e-04, -4.94214276e-07,
        3.84802839e-05,  3.95580512e-05,  4.49247113e-05,  3.22564097e-07,
        4.15899211e-05,  3.75261813e-05])}
{'img': array([[[ 0.00000000e+00, -7.32341416e-02, -9.59155879e-02, ...,
         -7.72172871e-01, -7.78888379e-01, -8.23346190e-01],
        [ 7.32341416e-02,  0.00000000e+00, -2.27615395e-02, ...,
         -7.23565523e-01, -7.30867176e-01, -7.79572054e-01],
        [ 9.59155879e-02,  2.27615395e-02,  0.00000000e+00, ...,
         -7.07666781e-01, -7.15142625e-01, -7.65114246e-01],
        ...,
        [ 7.72172871e-01,  7.23565523e-01,  7.07666781e-01, ...,
          0.00000000e+00, -1.06374953e-02, -8.49258856e-02],
        [ 7.78888379e-01,  7.30867176e-01,  7.15142625e-01, ...,
          1.06374953e-02,  0.00000000e+00, -7.43220156e-02],
        [ 8.23346190e-01,  7.79572054e-01,  7.65114246e-01, ...,
          8.49258856e-02,  7.43220156e-02,  0.00000000e+00]],

       [[ 0.00000000e+00,  1.69458938e-02, -7.17354295e-02, ...,
         -7.31445245e-02, -2.31534224e-02, -5.54377345e-02],
        [-1.69458938e-02,  0.00000000e+00, -8.86273648e-02, ...,
         -9.00345232e-02, -4.00914487e-02, -7.23496076e-02],
        [ 7.17354295e-02,  8.86273648e-02,  0.00000000e+00, ...,
         -1.41280644e-03,  4.86224268e-02,  1.63302009e-02],
        ...,
        [ 7.31445245e-02,  9.00345232e-02,  1.41280644e-03, ...,
          0.00000000e+00,  5.00335137e-02,  1.77428026e-02],
        [ 2.31534224e-02,  4.00914487e-02, -4.86224268e-02, ...,
         -5.00335137e-02,  0.00000000e+00, -3.23050572e-02],
        [ 5.54377345e-02,  7.23496076e-02, -1.63302009e-02, ...,
         -1.77428026e-02,  3.23050572e-02,  0.00000000e+00]],

       [[ 0.00000000e+00,  9.39958173e-03,  1.07417789e-02, ...,
         -8.60247451e-01, -8.95138194e-01, -9.25591988e-01],
        [-9.39958173e-03,  0.00000000e+00,  1.34226495e-03, ...,
         -8.65002077e-01, -8.99288877e-01, -9.29109053e-01],
        [-1.07417789e-02, -1.34226495e-03,  0.00000000e+00, ...,
         -8.65674803e-01, -8.99875114e-01, -9.29604594e-01],
        ...,
        [ 8.60247451e-01,  8.65002077e-01,  8.65674803e-01, ...,
          0.00000000e+00, -7.29215324e-02, -1.46314624e-01],
        [ 8.95138194e-01,  8.99288877e-01,  8.99875114e-01, ...,
          7.29215324e-02,  0.00000000e+00, -7.37883291e-02],
        [ 9.25591988e-01,  9.29109053e-01,  9.29604594e-01, ...,
          1.46314624e-01,  7.37883291e-02,  0.00000000e+00]],

       ...,

       [[ 0.00000000e+00, -1.12686727e-01, -3.11234675e-01, ...,
          2.04089669e-02, -3.87945725e-02, -8.10814056e-02],
        [ 1.12686727e-01,  0.00000000e+00, -2.02162362e-01, ...,
          1.32942229e-01,  7.40544239e-02,  3.17507407e-02],
        [ 3.11234675e-01,  2.02162362e-01,  0.00000000e+00, ...,
          3.30565166e-01,  2.74132614e-01,  2.33155587e-01],
        ...,
        [-2.04089669e-02, -1.32942229e-01, -3.30565166e-01, ...,
          0.00000000e+00, -5.91800953e-02, -1.01406288e-01],
        [ 3.87945725e-02, -7.40544239e-02, -2.74132614e-01, ...,
          5.91800953e-02,  0.00000000e+00, -4.23535274e-02],
        [ 8.10814056e-02, -3.17507407e-02, -2.33155587e-01, ...,
          1.01406288e-01,  4.23535274e-02,  0.00000000e+00]],

       [[ 0.00000000e+00,  3.91264009e-03,  3.42327865e-03, ...,
         -9.30490227e-01, -9.41723062e-01, -9.89817012e-01],
        [-3.91264009e-03,  0.00000000e+00, -4.89364715e-04, ...,
         -9.31916370e-01, -9.43032024e-01, -9.90366383e-01],
        [-3.42327865e-03,  4.89364715e-04,  0.00000000e+00, ...,
         -9.31738779e-01, -9.42869098e-01, -9.90298501e-01],
        ...,
        [ 9.30490227e-01,  9.31916370e-01,  9.31738779e-01, ...,
          0.00000000e+00, -3.19620669e-02, -2.30135286e-01],
        [ 9.41723062e-01,  9.43032024e-01,  9.42869098e-01, ...,
          3.19620669e-02,  0.00000000e+00, -1.98913544e-01],
        [ 9.89817012e-01,  9.90366383e-01,  9.90298501e-01, ...,
          2.30135286e-01,  1.98913544e-01,  0.00000000e+00]],

       [[ 0.00000000e+00, -2.77031366e-01, -4.06660559e-01, ...,
         -7.19759717e-01, -7.49422415e-01, -8.02802643e-01],
        [ 2.77031366e-01,  0.00000000e+00, -1.37654091e-01, ...,
         -8.83910572e-01, -9.03510977e-01, -9.36560175e-01],
        [ 4.06660559e-01,  1.37654091e-01,  0.00000000e+00, ...,
         -9.39870822e-01, -9.53903600e-01, -9.75893162e-01],
        ...,
        [ 7.19759717e-01,  8.83910572e-01,  9.39870822e-01, ...,
          0.00000000e+00,  4.37192075e-02,  1.28171257e-01],
        [ 7.49422415e-01,  9.03510977e-01,  9.53903600e-01, ...,
         -4.37192075e-02,  0.00000000e+00,  8.46900930e-02],
        [ 8.02802643e-01,  9.36560175e-01,  9.75893162e-01, ...,
         -1.28171257e-01, -8.46900930e-02,  0.00000000e+00]]]), 'num': array([ 7.07106607e-01,  7.07106607e-01,  0.00000000e+00,  3.73702040e-05,
        3.83206161e-05,  3.72561546e-05,  6.92302988e-04, -6.08263748e-07,
        3.81533436e-05,  3.94573090e-05,  4.47416003e-05,  1.27429556e-07,
        4.17021365e-05,  3.72124815e-05])}
{'img': array([[[ 0.00000000e+00, -2.27615395e-02,  1.23286790e-01, ...,
         -7.30867176e-01, -7.79572054e-01, -8.43826084e-01],
        [ 2.27615395e-02,  0.00000000e+00,  1.45842743e-01, ...,
         -7.15142625e-01, -7.65114246e-01, -8.31393244e-01],
        [-1.23286790e-01, -1.45842743e-01,  0.00000000e+00, ...,
         -8.09437117e-01, -8.50840828e-01, -9.03546362e-01],
        ...,
        [ 7.30867176e-01,  7.15142625e-01,  8.09437117e-01, ...,
          0.00000000e+00, -7.43220156e-02, -1.83732374e-01],
        [ 7.79572054e-01,  7.65114246e-01,  8.50840828e-01, ...,
          7.43220156e-02,  0.00000000e+00, -1.10167444e-01],
        [ 8.43826084e-01,  8.31393244e-01,  9.03546362e-01, ...,
          1.83732374e-01,  1.10167444e-01,  0.00000000e+00]],

       [[ 0.00000000e+00, -8.86273648e-02,  1.61267748e-01, ...,
         -4.00914487e-02, -7.23496076e-02, -9.48895582e-02],
        [ 8.86273648e-02,  0.00000000e+00,  2.48100430e-01, ...,
          4.86224268e-02,  1.63302009e-02, -6.28869284e-03],
        [-1.61267748e-01, -2.48100430e-01,  0.00000000e+00, ...,
         -2.00704771e-01, -2.32247721e-01, -2.54187597e-01],
        ...,
        [ 4.00914487e-02, -4.86224268e-02,  2.00704771e-01, ...,
          0.00000000e+00, -3.23050572e-02, -5.49027201e-02],
