state_0,state_1,state_2,state_3,state_4,state_5,state_6,state_7,state_8,state_9,state_10,state_11,state_12,state_13,state_14,state_15,state_16,state_17,state_18,state_19,state_20,state_21,state_22,state_23,state_24,state_25,state_26,state_27,state_28,state_29,state_30,state_31,state_32,state_33,state_34,state_35,state_36,state_37,state_38,state_39,state_40,state_41,state_42,state_43,state_44,state_45,state_46,state_47,state_48,state_49,state_50,state_51,state_52,state_53,state_54,state_55,state_56,state_57,state_58,state_59,state_60,state_61,state_62,state_63,state_64,state_65,state_66,state_67,state_68,state_69,state_70,state_71,state_72,state_73,state_74,state_75,state_76,state_77,state_78,state_79,state_80,state_81,state_82,state_83,state_84,state_85,state_86,state_87,state_88,state_89,state_90,state_91,state_92,state_93,state_94,state_95,state_96,state_97,state_98,state_99,state_100,state_101,state_102,state_103,state_104,state_105,state_106,state_107,state_108,state_109,state_110,state_111,state_112,state_113,state_114,state_115,state_116,state_117,state_118,state_119,state_120,state_121,state_122,state_123,state_124,state_125,state_126,state_127,state_128,state_129,state_130,state_131,state_132,state_133,state_134,state_135,state_136,state_137,state_138,state_139,state_140,state_141,state_142,state_143,state_144,state_145,state_146,state_147,state_148,state_149,state_150,state_151,state_152,state_153,state_154,state_155,state_156,state_157,state_158,state_159,state_160,state_161,state_162,state_163,state_164,state_165,state_166,state_167,state_168,state_169,state_170,state_171,state_172,state_173,state_174,state_175,state_176,state_177,state_178,state_179,state_180,state_181,state_182,state_183,state_184,state_185,state_186,state_187,state_188,state_189,state_190,state_191,state_192,state_193,state_194,state_195,state_196,state_197,state_198,state_199,state_200,state_201,state_202,state_203,state_204,state_205,state_206,state_207,state_208,state_209,state_210,state_211,state_212,state_213,state_214,state_215,state_216,state_217,state_218,state_219,state_220,state_221,state_222,state_223,state_224,state_225,state_226,state_227,state_228,state_229,state_230,state_231,state_232,state_233,state_234,state_235,state_236,state_237,state_238,state_239,state_240,state_241,state_242,state_243,state_244,state_245,state_246,state_247,state_248,state_249,state_250,state_251,state_252,state_253,state_254,state_255,state_256,state_257,state_258,state_259,state_260,state_261,state_262,state_263,state_264,state_265,state_266,state_267,state_268,state_269,state_270,state_271,state_272,state_273,state_274,state_275,state_276,state_277,state_278,state_279,state_280,state_281,state_282,state_283,state_284,state_285,state_286,state_287
{'img': array([[[ 0.        , -0.35212901, -0.21235688, ...,  0.84243518,
          0.69549267,  0.67929519],
        [ 0.35212901,  0.        ,  0.14534198, ...,  0.97820475,
          0.90396377,  0.89420254],
        [ 0.21235688, -0.14534198,  0.        , ...,  0.93763847,
          0.83221546,  0.81964326],
        ...,
        [-0.84243518, -0.97820475, -0.93763847, ...,  0.        ,
         -0.23058779, -0.25223112],
        [-0.69549267, -0.90396377, -0.83221546, ...,  0.23058779,
          0.        , -0.02230168],
        [-0.67929519, -0.89420254, -0.81964326, ...,  0.25223112,
          0.02230168,  0.        ]],

       [[ 0.        ,  0.41257392, -0.30958764, ..., -0.5009214 ,
          0.29188464,  0.58879776],
        [-0.41257392,  0.        , -0.67431539, ..., -0.81338113,
         -0.12872302,  0.20287467],
        [ 0.30958764,  0.67431539,  0.        , ..., -0.20836572,
          0.57365081,  0.81010428],
        ...,
        [ 0.5009214 ,  0.81338113,  0.20836572, ...,  0.        ,
          0.73173209,  0.91448515],
        [-0.29188464,  0.12872302, -0.57365081, ..., -0.73173209,
          0.        ,  0.32723306],
        [-0.58879776, -0.20287467, -0.81010428, ..., -0.91448515,
         -0.32723306,  0.        ]],

       [[ 0.        , -0.13592288, -0.29439643, ...,  0.87099924,
          0.86803022,  0.83935022],
        [ 0.13592288,  0.        , -0.16176502, ...,  0.92969265,
          0.92746165,  0.90544703],
        [ 0.29439643,  0.16176502,  0.        , ...,  0.97703187,
          0.97573324,  0.96218432],
        ...,
        [-0.87099924, -0.92969265, -0.97703187, ...,  0.        ,
         -0.00601136, -0.06110774],
        [-0.86803022, -0.92746165, -0.97573324, ...,  0.00601136,
          0.        , -0.05510651],
        [-0.83935022, -0.90544703, -0.96218432, ...,  0.06110774,
          0.05510651,  0.        ]],

       ...,

       [[ 0.        , -0.42064212, -0.45261526, ..., -0.2250549 ,
         -0.44272347, -0.44272347],
        [ 0.42064212,  0.        , -0.03553557, ...,  0.2056752 ,
         -0.02447833, -0.02447833],
        [ 0.45261526,  0.03553557,  0.        , ...,  0.24032112,
          0.01106205,  0.01106205],
        ...,
        [ 0.2250549 , -0.2056752 , -0.24032112, ...,  0.        ,
         -0.22956856, -0.22956856],
        [ 0.44272347,  0.02447833, -0.01106205, ...,  0.22956856,
          0.        ,  0.        ],
        [ 0.44272347,  0.02447833, -0.01106205, ...,  0.22956856,
          0.        ,  0.        ]],

       [[ 0.        ,  0.03138269,  0.03409362, ...,  0.99644729,
          0.99356531,  0.98937106],
        [-0.03138269,  0.        ,  0.00271238, ...,  0.99859949,
          0.99663035,  0.99344719],
        [-0.03409362, -0.00271238,  0.        , ...,  0.99873932,
          0.99684916,  0.99375354],
        ...,
        [-0.99644729, -0.99859949, -0.99873932, ...,  0.        ,
          0.02918143,  0.06157265],
        [-0.99356531, -0.99663035, -0.99684916, ..., -0.02918143,
          0.        ,  0.03242037],
        [-0.98937106, -0.99344719, -0.99375354, ..., -0.06157265,
         -0.03242037,  0.        ]],

       [[ 0.        , -0.07470958, -0.08218921, ...,  0.86117195,
          0.97212411,  0.99923893],
        [ 0.07470958,  0.        , -0.0075027 , ...,  0.82078936,
          0.95189043,  0.99353217],
        [ 0.08218921,  0.0075027 ,  0.        , ...,  0.81648048,
          0.94956452,  0.99265227],
        ...,
        [-0.86117195, -0.82078936, -0.81648048, ...,  0.        ,
         -0.29222777, -0.4743349 ],
        [-0.97212411, -0.95189043, -0.94956452, ...,  0.29222777,
          0.        , -0.19636848],
        [-0.99923893, -0.99353217, -0.99265227, ...,  0.4743349 ,
          0.19636848,  0.        ]]]), 'num': array([4.18419261e-01, 1.76943053e-01, 3.02601764e-06, 1.20738104e-02,
       1.23007617e-02, 1.19678998e-02, 8.90183127e-01, 2.11821235e-04,
       1.21161746e-02, 1.25821814e-02, 1.12484641e-02, 4.74793563e-06,
       1.35448355e-02, 1.16195272e-02])}
{'img': array([[[ 0.        ,  0.14534198,  0.09608004, ...,  0.90396377,
          0.89420254,  0.93629838],
        [-0.14534198,  0.        , -0.04960976, ...,  0.83221546,
          0.81964326,  0.87531136],
        [-0.09608004,  0.04960976,  0.        , ...,  0.85869699,
          0.84705417,  0.89822285],
        ...,
        [-0.90396377, -0.83221546, -0.85869699, ...,  0.        ,
         -0.02230168,  0.08289256],
        [-0.89420254, -0.81964326, -0.84705417, ...,  0.02230168,
          0.        ,  0.10509687],
        [-0.93629838, -0.87531136, -0.89822285, ..., -0.08289256,
         -0.10509687,  0.        ]],

       [[ 0.        , -0.67431539, -0.8386479 , ..., -0.12872302,
          0.20287467, -0.47016719],
        [ 0.67431539,  0.        , -0.25201205, ...,  0.57365081,
          0.81010428,  0.24794362],
        [ 0.8386479 ,  0.25201205,  0.        , ...,  0.76155877,
          0.93170852,  0.48408385],
        ...,
        [ 0.12872302, -0.57365081, -0.76155877, ...,  0.        ,
          0.32723306, -0.35264764],
        [-0.20287467, -0.81010428, -0.93170852, ..., -0.32723306,
          0.        , -0.63944252],
        [ 0.47016719, -0.24794362, -0.48408385, ...,  0.35264764,
          0.63944252,  0.        ]],

       [[ 0.        , -0.16176502, -0.29097119, ...,  0.92746165,
          0.90544703,  0.8621449 ],
        [ 0.16176502,  0.        , -0.13237316, ...,  0.97573324,
          0.96218432,  0.93275001],
        [ 0.29097119,  0.13237316,  0.        , ...,  0.99613152,
          0.9897754 ,  0.97226544],
        ...,
        [-0.92746165, -0.97573324, -0.99613152, ...,  0.        ,
         -0.05510651, -0.14753764],
        [-0.90544703, -0.96218432, -0.9897754 , ...,  0.05510651,
          0.        , -0.09281001],
        [-0.8621449 , -0.93275001, -0.97226544, ...,  0.14753764,
          0.09281001,  0.        ]],

       ...,

       [[ 0.        , -0.03553557, -0.07022267, ..., -0.02447833,
         -0.02447833, -0.53175139],
        [ 0.03553557,  0.        , -0.03473047, ...,  0.01106205,
          0.01106205, -0.50132045],
        [ 0.07022267,  0.03473047,  0.        , ...,  0.04578372,
          0.04578372, -0.47096706],
        ...,
        [ 0.02447833, -0.01106205, -0.04578372, ...,  0.        ,
          0.        , -0.51086134],
        [ 0.02447833, -0.01106205, -0.04578372, ...,  0.        ,
          0.        , -0.51086134],
        [ 0.53175139,  0.50132045,  0.47096706, ...,  0.51086134,
          0.51086134,  0.        ]],

       [[ 0.        ,  0.00271238,  0.00612439, ...,  0.99663035,
          0.99344719,  0.99296051],
        [-0.00271238,  0.        ,  0.00341204, ...,  0.99684916,
          0.99375354,  0.99327813],
        [-0.00612439, -0.00341204,  0.        , ...,  0.997114  ,
          0.99412853,  0.9936673 ],
        ...,
        [-0.99663035, -0.99684916, -0.997114  , ...,  0.        ,
          0.03242037,  0.03660006],
        [-0.99344719, -0.99375354, -0.99412853, ..., -0.03242037,
          0.        ,  0.00418217],
        [-0.99296051, -0.99327813, -0.9936673 , ..., -0.03660006,
         -0.00418217,  0.        ]],

       [[ 0.        , -0.0075027 , -0.01590791, ...,  0.95189043,
          0.99353217,  0.99943156],
        [ 0.0075027 ,  0.        , -0.00840571, ...,  0.94956452,
          0.99265227,  0.99915049],
        [ 0.01590791,  0.00840571,  0.        , ...,  0.94689518,
          0.99160009,  0.99876879],
        ...,
        [-0.95189043, -0.94956452, -0.94689518, ...,  0.        ,
         -0.19636848, -0.2741734 ],
        [-0.99353217, -0.99265227, -0.99160009, ...,  0.19636848,
          0.        , -0.0799916 ],
        [-0.99943156, -0.99915049, -0.99876879, ...,  0.2741734 ,
          0.0799916 ,  0.        ]]]), 'num': array([8.71241726e-01, 4.87384318e-01, 4.66979815e-06, 7.22895307e-04,
       7.27292481e-04, 6.96512267e-04, 5.82264028e-02, 2.11064323e-05,
       7.04954840e-04, 7.29535039e-04, 6.56395388e-04, 3.22572566e-07,
       7.84120877e-04, 6.74949201e-04])}
{'img': array([[[ 0.        , -0.04960976,  0.17945253, ...,  0.81964326,
          0.87531136,  0.95117714],
        [ 0.04960976,  0.        ,  0.22803599, ...,  0.84705417,
          0.89822285,  0.96531776],
        [-0.17945253, -0.22803599,  0.        , ...,  0.70353396,
          0.77432609,  0.88034912],
        ...,
        [-0.81964326, -0.84705417, -0.70353396, ...,  0.        ,
          0.10509687,  0.2919257 ],
        [-0.87531136, -0.89822285, -0.77432609, ..., -0.10509687,
          0.        ,  0.18979005],
        [-0.95117714, -0.96531776, -0.88034912, ..., -0.2919257 ,
         -0.18979005,  0.        ]],

       [[ 0.        , -0.25201205, -0.14621451, ...,  0.81010428,
          0.24794362,  0.39980373],
        [ 0.25201205,  0.        ,  0.10780835, ...,  0.93170852,
          0.48408385,  0.61789414],
        [ 0.14621451, -0.10780835,  0.        , ...,  0.88712151,
          0.38692783,  0.52952733],
        ...,
        [-0.81010428, -0.93170852, -0.88712151, ...,  0.        ,
         -0.63944252, -0.50814296],
        [-0.24794362, -0.48408385, -0.38692783, ...,  0.63944252,
          0.        ,  0.16005433],
        [-0.39980373, -0.61789414, -0.52952733, ...,  0.50814296,
         -0.16005433,  0.        ]],

       [[ 0.        , -0.13237316, -0.09801146, ...,  0.96218432,
          0.93275001,  0.93540798],
        [ 0.13237316,  0.        ,  0.03458687, ...,  0.9897754 ,
          0.97226544,  0.97397955],
        [ 0.09801146, -0.03458687,  0.        , ...,  0.98424993,
          0.96359455,  0.96555819],
        ...,
        [-0.96218432, -0.9897754 , -0.98424993, ...,  0.        ,
         -0.09281001, -0.08539535],
        [-0.93275001, -0.97226544, -0.96359455, ...,  0.09281001,
          0.        ,  0.00744422],
        [-0.93540798, -0.97397955, -0.96555819, ...,  0.08539535,
         -0.00744422,  0.        ]],

       ...,

       [[ 0.        , -0.03473047,  0.0574826 , ...,  0.01106205,
         -0.50132045, -0.21143636],
        [ 0.03473047,  0.        ,  0.09212097, ...,  0.04578372,
         -0.47096706, -0.17736353],
        [-0.0574826 , -0.09212097,  0.        , ..., -0.04643532,
         -0.55022901, -0.26726977],
        ...,
        [-0.01106205, -0.04578372,  0.04643532, ...,  0.        ,
         -0.51086134, -0.22223538],
        [ 0.50132045,  0.47096706,  0.55022901, ...,  0.51086134,
          0.        ,  0.30703869],
        [ 0.21143636,  0.17736353,  0.26726977, ...,  0.22223538,
         -0.30703869,  0.        ]],

       [[ 0.        ,  0.00341204,  0.00341204, ...,  0.99375354,
          0.99327813,  0.99847302],
        [-0.00341204,  0.        ,  0.        , ...,  0.99412853,
          0.9936673 ,  0.99865569],
        [-0.00341204,  0.        ,  0.        , ...,  0.99412853,
          0.9936673 ,  0.99865569],
        ...,
        [-0.99375354, -0.99412853, -0.99412853, ...,  0.        ,
          0.00418217, -0.05653011],
        [-0.99327813, -0.9936673 , -0.9936673 , ..., -0.00418217,
          0.        , -0.06070509],
        [-0.99847302, -0.99865569, -0.99865569, ...,  0.05653011,
          0.06070509,  0.        ]],

       [[ 0.        , -0.00840571, -0.00840571, ...,  0.99265227,
          0.99915049,  0.99952497],
        [ 0.00840571,  0.        ,  0.        , ...,  0.99160009,
          0.99876879,  0.99923059],
        [ 0.00840571,  0.        ,  0.        , ...,  0.99160009,
          0.99876879,  0.99923059],
        ...,
        [-0.99265227, -0.99160009, -0.99160009, ...,  0.        ,
         -0.0799916 , -0.09035142],
        [-0.99915049, -0.99876879, -0.99876879, ...,  0.0799916 ,
          0.        , -0.01039747],
        [-0.99952497, -0.99923059, -0.99923059, ...,  0.09035142,
          0.01039747,  0.        ]]]), 'num': array([8.74463103e-01, 4.81191028e-01, 4.61045809e-06, 7.40625377e-04,
       7.46703194e-04, 7.29338003e-04, 6.13624709e-02, 2.69160454e-05,
       7.02248306e-04, 7.21653906e-04, 6.50847342e-04, 3.85213734e-07,
       7.76138212e-04, 6.67169600e-04])}
{'img': array([[[ 0.        ,  0.22803599,  0.        , ...,  0.89822285,
          0.96531776,  0.99975516],
        [-0.22803599,  0.        , -0.22803599, ...,  0.77432609,
          0.88034912,  0.97846016],
        [ 0.        ,  0.22803599,  0.        , ...,  0.89822285,
          0.96531776,  0.99975516],
        ...,
        [-0.89822285, -0.77432609, -0.89822285, ...,  0.        ,
          0.18979005,  0.45930807],
        [-0.96531776, -0.88034912, -0.96531776, ..., -0.18979005,
          0.        ,  0.28237386],
        [-0.99975516, -0.97846016, -0.99975516, ..., -0.45930807,
         -0.28237386,  0.        ]],

       [[ 0.        ,  0.10780835,  0.30143817, ...,  0.48408385,
          0.61789414,  0.69153446],
        [-0.10780835,  0.        ,  0.19688757, ...,  0.38692783,
          0.52952733,  0.60962933],
        [-0.30143817, -0.19688757,  0.        , ...,  0.19780213,
          0.35214408,  0.44162635],
        ...,
        [-0.48408385, -0.38692783, -0.19780213, ...,  0.        ,
          0.16005433,  0.25543279],
        [-0.61789414, -0.52952733, -0.35214408, ..., -0.16005433,
          0.        ,  0.09739498],
        [-0.69153446, -0.60962933, -0.44162635, ..., -0.25543279,
         -0.09739498,  0.        ]],

       [[ 0.        ,  0.03458687, -0.05206882, ...,  0.97226544,
          0.97397955,  0.98714685],
        [-0.03458687,  0.        , -0.08657762, ...,  0.96359455,
          0.96555819,  0.98102871],
        [ 0.05206882,  0.08657762,  0.        , ...,  0.98312442,
          0.98445901,  0.99412921],
        ...,
        [-0.97226544, -0.96359455, -0.98312442, ...,  0.        ,
          0.00744422,  0.07549065],
        [-0.97397955, -0.96555819, -0.98445901, ..., -0.00744422,
          0.        ,  0.06806559],
        [-0.98714685, -0.98102871, -0.99412921, ..., -0.07549065,
         -0.06806559,  0.        ]],

       ...,

       [[ 0.        ,  0.09212097, -0.16649598, ..., -0.47096706,
         -0.17736353,  0.13039683],
        [-0.09212097,  0.        , -0.25662316, ..., -0.55022901,
         -0.26726977,  0.03850793],
        [ 0.16649598,  0.25662316,  0.        , ..., -0.3175188 ,
         -0.01103166,  0.29365118],
        ...,
        [ 0.47096706,  0.55022901,  0.3175188 , ...,  0.        ,
          0.30703869,  0.58197555],
        [ 0.17736353,  0.26726977,  0.01103166, ..., -0.30703869,
          0.        ,  0.30417862],
        [-0.13039683, -0.03850793, -0.29365118, ..., -0.58197555,
         -0.30417862,  0.        ]],

       [[ 0.        ,  0.        ,  0.01232859, ...,  0.9936673 ,
          0.99865569,  0.99598606],
        [ 0.        ,  0.        ,  0.01232859, ...,  0.9936673 ,
          0.99865569,  0.99598606],
        [-0.01232859, -0.01232859,  0.        , ...,  0.99497705,
          0.99921884,  0.99701388],
        ...,
        [-0.9936673 , -0.9936673 , -0.99497705, ...,  0.        ,
         -0.06070509, -0.02296965],
        [-0.99865569, -0.99865569, -0.99921884, ...,  0.06070509,
          0.        ,  0.03776178],
        [-0.99598606, -0.99598606, -0.99701388, ...,  0.02296965,
         -0.03776178,  0.        ]],

       [[ 0.        ,  0.        , -0.05309682, ...,  0.99876879,
          0.99923059,  0.99827852],
        [ 0.        ,  0.        , -0.05309682, ...,  0.99876879,
          0.99923059,  0.99827852],
        [ 0.05309682,  0.05309682,  0.        , ...,  0.99472589,
          0.99573858,  0.9937561 ],
        ...,
        [-0.99876879, -0.99876879, -0.99472589, ...,  0.        ,
         -0.01039747,  0.00905724],
        [-0.99923059, -0.99923059, -0.99573858, ...,  0.01039747,
          0.        ,  0.01945379],
        [-0.99827852, -0.99827852, -0.9937561 , ..., -0.00905724,
         -0.01945379,  0.        ]]]), 'num': array([ 8.86704787e-01,  4.60620230e-01,  5.10892754e-06,  7.42307590e-04,
        7.57438560e-04,  7.40527476e-04,  3.97406918e-02, -1.69110842e-05,
        7.28244688e-04,  7.40215956e-04,  6.69842111e-04,  4.01961254e-07,
        7.95999958e-04,  6.84431953e-04])}
{'img': array([[[ 0.        , -0.22803599, -0.38677099, ...,  0.88034912,
          0.97846016,  0.92462542],
        [ 0.22803599,  0.        , -0.16629136, ...,  0.96531776,
          0.99975516,  0.98711786],
        [ 0.38677099,  0.16629136,  0.        , ...,  0.9952923 ,
          0.98215563,  0.99997963],
        ...,
        [-0.88034912, -0.96531776, -0.9952923 , ...,  0.        ,
          0.28237386,  0.10326878],
        [-0.97846016, -0.99975516, -0.98215563, ..., -0.28237386,
          0.        , -0.18179795],
        [-0.92462542, -0.98711786, -0.99997963, ..., -0.10326878,
          0.18179795,  0.        ]],

       [[ 0.        ,  0.19688757,  0.39801226, ...,  0.52952733,
          0.60962933,  0.07441646],
        [-0.19688757,  0.        ,  0.20960086, ...,  0.35214408,
          0.44162635, -0.12338182],
        [-0.39801226, -0.20960086,  0.        , ...,  0.14814687,
          0.24376282, -0.3286405 ],
        ...,
        [-0.52952733, -0.35214408, -0.14814687, ...,  0.        ,
          0.09739498, -0.46493214],
        [-0.60962933, -0.44162635, -0.24376282, ..., -0.09739498,
          0.        , -0.54895005],
        [-0.07441646,  0.12338182,  0.3286405 , ...,  0.46493214,
          0.54895005,  0.        ]],

       [[ 0.        , -0.08657762, -0.10590564, ...,  0.96555819,
          0.98102871,  0.9947557 ],
        [ 0.08657762,  0.        , -0.01941725, ...,  0.98445901,
          0.99412921,  0.99987562],
        [ 0.10590564,  0.01941725,  0.        , ...,  0.98768336,
          0.99604272,  0.99999335],
        ...,
        [-0.96555819, -0.98445901, -0.98768336, ...,  0.        ,
          0.06806559,  0.16006584],
        [-0.98102871, -0.99412921, -0.99604272, ..., -0.06806559,
          0.        ,  0.09250665],
        [-0.9947557 , -0.99987562, -0.99999335, ..., -0.16006584,
         -0.09250665,  0.        ]],

       ...,

       [[ 0.        , -0.25662316, -0.38610375, ..., -0.26726977,
          0.03850793,  0.06655633],
        [ 0.25662316,  0.        , -0.13645031, ..., -0.01103166,
          0.29365118,  0.32038161],
        [ 0.38610375,  0.13645031,  0.        , ...,  0.12551353,
          0.42133922,  0.44664287],
        ...,
        [ 0.26726977,  0.01103166, -0.12551353, ...,  0.        ,
          0.30417862,  0.33081227],
        [-0.03850793, -0.29365118, -0.42133922, ..., -0.30417862,
          0.        ,  0.02808442],
        [-0.06655633, -0.32038161, -0.44664287, ..., -0.33081227,
         -0.02808442,  0.        ]],

       [[ 0.        ,  0.01232859,  0.0391488 , ...,  0.99865569,
          0.99598606,  0.99531039],
        [-0.01232859,  0.        ,  0.02682668, ...,  0.99921884,
          0.99701388,  0.99642732],
        [-0.0391488 , -0.02682668,  0.        , ...,  0.99991937,
          0.99872668,  0.99833435],
        ...,
        [-0.99865569, -0.99921884, -0.99991937, ...,  0.        ,
          0.03776178,  0.04501138],
        [-0.99598606, -0.99701388, -0.99872668, ..., -0.03776178,
          0.        ,  0.00725576],
        [-0.99531039, -0.99642732, -0.99833435, ..., -0.04501138,
         -0.00725576,  0.        ]],

       [[ 0.        , -0.05309682, -0.12844836, ...,  0.99923059,
          0.99827852,  0.99746538],
        [ 0.05309682,  0.        , -0.0756102 , ...,  0.99573858,
          0.9937561 ,  0.99228031],
        [ 0.12844836,  0.0756102 ,  0.        , ...,  0.9859154 ,
          0.98247528,  0.98006304],
        ...,
        [-0.99923059, -0.99573858, -0.9859154 , ...,  0.        ,
          0.01945379,  0.03197792],
        [-0.99827852, -0.9937561 , -0.98247528, ..., -0.01945379,
          0.        ,  0.01252803],
        [-0.99746538, -0.99228031, -0.98006304, ..., -0.03197792,
         -0.01252803,  0.        ]]]), 'num': array([8.21600725e-01, 5.69087316e-01, 2.99186503e-06, 6.93718155e-04,
       6.94540096e-04, 6.73169632e-04, 3.32896192e-02, 8.21940942e-06,
       6.82375370e-04, 6.84060349e-04, 6.20825693e-04, 4.14014697e-07,
       7.35765269e-04, 6.32355429e-04])}
{'img': array([[[ 0.        , -0.16629136, -0.15417588, ...,  0.99975516,
          0.98711786,  0.99767945],
        [ 0.16629136,  0.        ,  0.01227384, ...,  0.98215563,
          0.99997963,  0.99511055],
        [ 0.15417588, -0.01227384,  0.        , ...,  0.98438999,
          0.99998264,  0.99624785],
        ...,
        [-0.99975516, -0.98215563, -0.98438999, ...,  0.        ,
         -0.18179795, -0.09014551],
        [-0.98711786, -0.99997963, -0.99998264, ...,  0.18179795,
          0.        ,  0.09241446],
        [-0.99767945, -0.99511055, -0.99624785, ...,  0.09014551,
         -0.09241446,  0.        ]],

       [[ 0.        ,  0.20960086, -0.36005612, ...,  0.44162635,
         -0.12338182, -0.22440947],
        [-0.20960086,  0.        , -0.54760127, ...,  0.24376282,
         -0.3286405 , -0.42367965],
        [ 0.36005612,  0.54760127,  0.        , ...,  0.73504877,
          0.24219835,  0.14151439],
        ...,
        [-0.44162635, -0.24376282, -0.73504877, ...,  0.        ,
         -0.54895005, -0.63170261],
        [ 0.12338182,  0.3286405 , -0.24219835, ...,  0.54895005,
          0.        , -0.10245987],
        [ 0.22440947,  0.42367965, -0.14151439, ...,  0.63170261,
          0.10245987,  0.        ]],

       [[ 0.        , -0.01941725, -0.0853708 , ...,  0.99412921,
          0.99987562,  0.99384293],
        [ 0.01941725,  0.        , -0.06600834, ...,  0.99604272,
          0.99999335,  0.99150416],
        [ 0.0853708 ,  0.06600834,  0.        , ...,  0.99973696,
          0.99757178,  0.98075573],
        ...,
        [-0.99412921, -0.99604272, -0.99973696, ...,  0.        ,
          0.09250665,  0.21768092],
        [-0.99987562, -0.99999335, -0.99757178, ..., -0.09250665,
          0.        ,  0.12645918],
        [-0.99384293, -0.99150416, -0.98075573, ..., -0.21768092,
         -0.12645918,  0.        ]],

       ...,

       [[ 0.        , -0.13645031, -0.08828207, ...,  0.29365118,
          0.32038161,  0.47976373],
        [ 0.13645031,  0.        ,  0.04846118, ...,  0.42133922,
          0.44664287,  0.59499766],
        [ 0.08828207, -0.04846118,  0.        , ...,  0.37689458,
          0.40275928,  0.55534899],
        ...,
        [-0.29365118, -0.42133922, -0.37689458, ...,  0.        ,
          0.02808442,  0.20096334],
        [-0.32038161, -0.44664287, -0.40275928, ..., -0.02808442,
          0.        ,  0.17337261],
        [-0.47976373, -0.59499766, -0.55534899, ..., -0.20096334,
         -0.17337261,  0.        ]],

       [[ 0.        ,  0.02682668,  0.04854179, ...,  0.99701388,
          0.99642732,  0.99509876],
        [-0.02682668,  0.        ,  0.02172926, ...,  0.99872668,
          0.99833435,  0.99739341],
        [-0.04854179, -0.02172926,  0.        , ...,  0.99958707,
          0.99935227,  0.9987258 ],
        ...,
        [-0.99701388, -0.99872668, -0.99958707, ...,  0.        ,
          0.00725576,  0.02174669],
        [-0.99642732, -0.99833435, -0.99935227, ..., -0.00725576,
          0.        ,  0.01449207],
        [-0.99509876, -0.99739341, -0.9987258 , ..., -0.02174669,
         -0.01449207,  0.        ]],

       [[ 0.        , -0.0756102 , -0.15966927, ...,  0.9937561 ,
          0.99228031,  0.99123688],
        [ 0.0756102 ,  0.        , -0.08457204, ...,  0.98247528,
          0.98006304,  0.97841158],
        [ 0.15966927,  0.08457204,  0.        , ...,  0.9631918 ,
          0.95974848,  0.95742814],
        ...,
        [-0.9937561 , -0.98247528, -0.9631918 , ...,  0.        ,
          0.01252803,  0.02067509],
        [-0.99228031, -0.98006304, -0.95974848, ..., -0.01252803,
          0.        ,  0.00814811],
        [-0.99123688, -0.97841158, -0.95742814, ..., -0.02067509,
         -0.00814811,  0.        ]]]), 'num': array([ 7.26386840e-01,  6.86906397e-01,  4.72819673e-07,  6.07391426e-04,
        6.11755915e-04,  6.03754351e-04,  2.27787642e-02, -6.54673393e-06,
        6.09282704e-04,  6.05609259e-04,  5.51610828e-04,  3.63707440e-07,
        6.51362383e-04,  5.59856135e-04])}
{'img': array([[[ 0.        ,  0.01227384,  0.24297731, ...,  0.99997963,
          0.99511055,  0.99988232],
        [-0.01227384,  0.        ,  0.23105299, ...,  0.99998264,
          0.99624785,  0.9999953 ],
        [-0.24297731, -0.23105299,  0.        , ...,  0.97156292,
          0.98928727,  0.9736453 ],
        ...,
        [-0.99997963, -0.99998264, -0.97156292, ...,  0.        ,
          0.09241446,  0.0089592 ],
        [-0.99511055, -0.99624785, -0.98928727, ..., -0.09241446,
          0.        , -0.08348988],
        [-0.99988232, -0.9999953 , -0.9736453 , ..., -0.0089592 ,
          0.08348988,  0.        ]],

       [[ 0.        , -0.54760127, -0.34965064, ..., -0.3286405 ,
         -0.42367965, -0.63981161],
        [ 0.54760127,  0.        ,  0.22047029, ...,  0.24219835,
          0.14151439, -0.1145066 ],
        [ 0.34965064, -0.22047029,  0.        , ...,  0.02233257,
         -0.08021928, -0.33070917],
        ...,
        [ 0.3286405 , -0.24219835, -0.02233257, ...,  0.        ,
         -0.10245987, -0.35170266],
        [ 0.42367965, -0.14151439,  0.08021928, ...,  0.10245987,
          0.        , -0.25393781],
        [ 0.63981161,  0.1145066 ,  0.33070917, ...,  0.35170266,
          0.25393781,  0.        ]],

       [[ 0.        , -0.06600834, -0.03729267, ...,  0.99999335,
          0.99150416,  0.97687464],
        [ 0.06600834,  0.        ,  0.02875109, ...,  0.99757178,
          0.98075573,  0.96063071],
        [ 0.03729267, -0.02875109,  0.        , ...,  0.99916178,
          0.98596362,  0.96822146],
        ...,
        [-0.99999335, -0.99757178, -0.99916178, ...,  0.        ,
          0.12645918,  0.21024986],
        [-0.99150416, -0.98075573, -0.98596362, ..., -0.12645918,
          0.        ,  0.08492941],
        [-0.97687464, -0.96063071, -0.96822146, ..., -0.21024986,
         -0.08492941,  0.        ]],

       ...,

       [[ 0.        ,  0.04846118,  0.28238491, ...,  0.44664287,
          0.59499766,  0.58535708],
        [-0.04846118,  0.        ,  0.23556425, ...,  0.40275928,
          0.55534899,  0.54537818],
        [-0.28238491, -0.23556425,  0.        , ...,  0.17581178,
          0.34382146,  0.33258294],
        ...,
        [-0.44664287, -0.40275928, -0.17581178, ...,  0.        ,
          0.17337261,  0.16159904],
        [-0.59499766, -0.55534899, -0.34382146, ..., -0.17337261,
          0.        , -0.01194205],
        [-0.58535708, -0.54537818, -0.33258294, ..., -0.16159904,
          0.01194205,  0.        ]],

       [[ 0.        ,  0.02172926,  0.01594853, ...,  0.99833435,
          0.99739341,  0.99700627],
        [-0.02172926,  0.        , -0.00578173, ...,  0.99935227,
          0.9987258 ,  0.99845099],
        [-0.01594853,  0.00578173,  0.        , ...,  0.9991275 ,
          0.99841732,  0.99811262],
        ...,
        [-0.99833435, -0.99935227, -0.9991275 , ...,  0.        ,
          0.01449207,  0.01967124],
        [-0.99739341, -0.9987258 , -0.99841732, ..., -0.01449207,
          0.        ,  0.0051799 ],
        [-0.99700627, -0.99845099, -0.99811262, ..., -0.01967124,
         -0.0051799 ,  0.        ]],

       [[ 0.        , -0.08457204, -0.12271682, ...,  0.98006304,
          0.97841158,  0.97696606],
        [ 0.08457204,  0.        , -0.03834435, ...,  0.95974848,
          0.95742814,  0.95541872],
        [ 0.12271682,  0.03834435,  0.        , ...,  0.94827324,
          0.9456551 ,  0.94339476],
        ...,
        [-0.98006304, -0.95974848, -0.94827324, ...,  0.        ,
          0.00814811,  0.01503004],
        [-0.97841158, -0.95742814, -0.9456551 , ..., -0.00814811,
          0.        ,  0.00688235],
        [-0.97696606, -0.95541872, -0.94339476, ..., -0.01503004,
         -0.00688235,  0.        ]]]), 'num': array([ 7.24362899e-01,  6.89074207e-01,  4.28260825e-07,  5.98113423e-04,
        6.04646215e-04,  5.96661691e-04,  2.17320230e-02, -7.98452385e-06,
        6.08275544e-04,  6.02033098e-04,  5.52662126e-04,  3.84115757e-07,
        6.43971310e-04,  5.60094886e-04])}
{'img': array([[[ 0.00000000e+00,  2.31052990e-01,  1.20727074e-02, ...,
          9.96247849e-01,  9.99995296e-01,  9.95718613e-01],
        [-2.31052990e-01,  0.00000000e+00, -2.19290117e-01, ...,
          9.89287275e-01,  9.73645297e-01,  9.47417979e-01],
        [-1.20727074e-02,  2.19290117e-01,  0.00000000e+00, ...,
          9.97220090e-01,  9.99959449e-01,  9.94530093e-01],
        ...,
        [-9.96247849e-01, -9.89287275e-01, -9.97220090e-01, ...,
          0.00000000e+00, -8.34898834e-02, -1.78264860e-01],
        [-9.99995296e-01, -9.73645297e-01, -9.99959449e-01, ...,
          8.34898834e-02,  0.00000000e+00, -9.54898827e-02],
        [-9.95718613e-01, -9.47417979e-01, -9.94530093e-01, ...,
          1.78264860e-01,  9.54898827e-02,  0.00000000e+00]],

       [[ 0.00000000e+00,  2.20470293e-01,  1.38281959e-01, ...,
          1.41514393e-01, -1.14506605e-01, -1.58216170e-01],
        [-2.20470293e-01,  0.00000000e+00, -8.34728631e-02, ...,
         -8.02192771e-02, -3.30709166e-01, -3.72016413e-01],
        [-1.38281959e-01,  8.34728631e-02,  0.00000000e+00, ...,
          3.26453433e-03, -2.50778936e-01, -2.93236400e-01],
        ...,
        [-1.41514393e-01,  8.02192771e-02, -3.26453433e-03, ...,
          0.00000000e+00, -2.53937814e-01, -2.96355863e-01],
        [ 1.14506605e-01,  3.30709166e-01,  2.50778936e-01, ...,
          2.53937814e-01,  0.00000000e+00, -4.41111646e-02],
        [ 1.58216170e-01,  3.72016413e-01,  2.93236400e-01, ...,
          2.96355863e-01,  4.41111646e-02,  0.00000000e+00]],

       [[ 0.00000000e+00,  2.87510920e-02, -1.25844995e-01, ...,
          9.80755730e-01,  9.60630711e-01,  9.59288925e-01],
        [-2.87510920e-02,  0.00000000e+00, -1.54315489e-01, ...,
          9.85963617e-01,  9.68221459e-01,  9.67012428e-01],
        [ 1.25844995e-01,  1.54315489e-01,  0.00000000e+00, ...,
          9.48388811e-01,  9.18030300e-01,  9.16120530e-01],
        ...,
        [-9.80755730e-01, -9.85963617e-01, -9.48388811e-01, ...,
          0.00000000e+00,  8.49294139e-02,  8.97010196e-02],
        [-9.60630711e-01, -9.68221459e-01, -9.18030300e-01, ...,
         -8.49294139e-02,  0.00000000e+00,  4.78988589e-03],
        [-9.59288925e-01, -9.67012428e-01, -9.16120530e-01, ...,
         -8.97010196e-02, -4.78988589e-03,  0.00000000e+00]],

       ...,

       [[ 0.00000000e+00,  2.35564255e-01,  6.89220833e-02, ...,
          5.55348995e-01,  5.45378177e-01,  6.20662531e-01],
        [-2.35564255e-01,  0.00000000e+00, -1.68021562e-01, ...,
          3.43821462e-01,  3.32582942e-01,  4.18495622e-01],
        [-6.89220833e-02,  1.68021562e-01,  0.00000000e+00, ...,
          4.96711597e-01,  4.86311485e-01,  5.65146348e-01],
        ...,
        [-5.55348995e-01, -3.43821462e-01, -4.96711597e-01, ...,
          0.00000000e+00, -1.19420497e-02,  8.07169314e-02],
        [-5.45378177e-01, -3.32582942e-01, -4.86311485e-01, ...,
          1.19420497e-02,  0.00000000e+00,  9.26142591e-02],
        [-6.20662531e-01, -4.18495622e-01, -5.65146348e-01, ...,
         -8.07169314e-02, -9.26142591e-02,  0.00000000e+00]],

       [[ 0.00000000e+00, -5.78172912e-03,  3.11942831e-04, ...,
          9.98725797e-01,  9.98450991e-01,  9.97018154e-01],
        [ 5.78172912e-03,  0.00000000e+00,  6.09366646e-03, ...,
          9.98417325e-01,  9.98112617e-01,  9.97447650e-01],
        [-3.11942831e-04, -6.09366646e-03,  0.00000000e+00, ...,
          9.98741490e-01,  9.98468298e-01,  9.96994033e-01],
        ...,
        [-9.98725797e-01, -9.98417325e-01, -9.98741490e-01, ...,
          0.00000000e+00,  5.17990462e-03, -1.27384214e-01],
        [-9.98450991e-01, -9.98112617e-01, -9.98468298e-01, ...,
         -5.17990462e-03,  0.00000000e+00, -1.32520211e-01],
        [-9.97018154e-01, -9.97447650e-01, -9.96994033e-01, ...,
          1.27384214e-01,  1.32520211e-01,  0.00000000e+00]],

       [[ 0.00000000e+00, -3.83443505e-02, -1.38582229e-01, ...,
          9.57428136e-01,  9.55418721e-01,  9.40775974e-01],
        [ 3.83443505e-02,  0.00000000e+00, -1.00505950e-01, ...,
          9.45655099e-01,  9.43394759e-01,  9.27084271e-01],
        [ 1.38582229e-01,  1.00505950e-01,  0.00000000e+00, ...,
          9.08185074e-01,  9.05282828e-01,  8.84714986e-01],
        ...,
        [-9.57428136e-01, -9.45655099e-01, -9.08185074e-01, ...,
          0.00000000e+00,  6.88234945e-03,  5.30203454e-02],
        [-9.55418721e-01, -9.43394759e-01, -9.05282828e-01, ...,
         -6.88234945e-03,  0.00000000e+00,  4.61464208e-02],
        [-9.40775974e-01, -9.27084271e-01, -8.84714986e-01, ...,
         -5.30203454e-02, -4.61464208e-02,  0.00000000e+00]]]), 'num': array([9.74657259e-01, 2.21255167e-01, 9.05531361e-06, 8.06640355e-04,
       8.18274591e-04, 7.93067080e-04, 3.29286396e-02, 7.75615726e-06,
       8.08385491e-04, 8.01259521e-04, 7.41262413e-04, 5.67523702e-07,
       8.50177433e-04, 7.52341610e-04])}
{'img': array([[[ 0.        , -0.21929012, -0.19621875, ...,  0.9736453 ,
          0.94741798,  0.96720815],
        [ 0.21929012,  0.        ,  0.02358443, ...,  0.99995945,
          0.99453009,  0.99936242],
        [ 0.19621875, -0.02358443,  0.        , ...,  0.99946892,
          0.99179006,  0.99824239],
        ...,
        [-0.9736453 , -0.99995945, -0.99946892, ...,  0.        ,
         -0.09548988, -0.02670247],
        [-0.94741798, -0.99453009, -0.99179006, ...,  0.09548988,
          0.        ,  0.06887538],
        [-0.96720815, -0.99936242, -0.99824239, ...,  0.02670247,
         -0.06887538,  0.        ]],

       [[ 0.        , -0.08347286,  0.02453793, ..., -0.33070917,
         -0.37201641, -0.25441293],
        [ 0.08347286,  0.        ,  0.10790003, ..., -0.25077894,
         -0.2932364 , -0.17279879],
        [-0.02453793, -0.10790003,  0.        , ..., -0.35376684,
         -0.39468115, -0.27806685],
        ...,
        [ 0.33070917,  0.25077894,  0.35376684, ...,  0.        ,
         -0.04411116,  0.0797296 ],
        [ 0.37201641,  0.2932364 ,  0.39468115, ...,  0.04411116,
          0.        ,  0.12362274],
        [ 0.25441293,  0.17279879,  0.27806685, ..., -0.0797296 ,
         -0.12362274,  0.        ]],

       [[ 0.        , -0.15431549, -0.21182977, ...,  0.96822146,
          0.96701243,  0.97838062],
        [ 0.15431549,  0.        , -0.05847885, ...,  0.9180303 ,
          0.91612053,  0.93474686],
        [ 0.21182977,  0.05847885,  0.        , ...,  0.89327176,
          0.89110838,  0.9123688 ],
        ...,
        [-0.96822146, -0.9180303 , -0.89327176, ...,  0.        ,
          0.00478989, -0.04444733],
        [-0.96701243, -0.91612053, -0.89110838, ..., -0.00478989,
          0.        , -0.04923198],
        [-0.97838062, -0.93474686, -0.9123688 , ...,  0.04444733,
          0.04923198,  0.        ]],

       ...,

       [[ 0.        , -0.16802156, -0.13947697, ...,  0.33258294,
          0.41849562,  0.56808749],
        [ 0.16802156,  0.        ,  0.02888513, ...,  0.48631148,
          0.56514635,  0.69828757],
        [ 0.13947697, -0.02888513,  0.        , ...,  0.46086916,
          0.54108057,  0.67731972],
        ...,
        [-0.33258294, -0.48631148, -0.46086916, ...,  0.        ,
          0.09261426,  0.26204337],
        [-0.41849562, -0.56514635, -0.54108057, ..., -0.09261426,
          0.        ,  0.17153917],
        [-0.56808749, -0.69828757, -0.67731972, ..., -0.26204337,
         -0.17153917,  0.        ]],

       [[ 0.        ,  0.00609367, -0.01582973, ...,  0.99811262,
          0.99744765,  0.9778891 ],
        [-0.00609367,  0.        , -0.02192234, ...,  0.9984683 ,
          0.99699403,  0.97659661],
        [ 0.01582973,  0.02192234,  0.        , ...,  0.99701545,
          0.99845294,  0.98107695],
        ...,
        [-0.99811262, -0.9984683 , -0.99701545, ...,  0.        ,
         -0.13252021, -0.26878176],
        [-0.99744765, -0.99699403, -0.99845294, ...,  0.13252021,
          0.        , -0.13876757],
        [-0.9778891 , -0.97659661, -0.98107695, ...,  0.26878176,
          0.13876757,  0.        ]],

       [[ 0.        , -0.10050595, -0.19332914, ...,  0.94339476,
          0.92708427,  0.87526135],
        [ 0.10050595,  0.        , -0.09374041, ...,  0.90528283,
          0.88471499,  0.8222197 ],
        [ 0.19332914,  0.09374041,  0.        , ...,  0.86147477,
          0.83712386,  0.76524494],
        ...,
        [-0.94339476, -0.90528283, -0.86147477, ...,  0.        ,
          0.04614642,  0.16597342],
        [-0.92708427, -0.88471499, -0.83712386, ..., -0.04614642,
          0.        ,  0.12029023],
        [-0.87526135, -0.8222197 , -0.76524494, ..., -0.16597342,
         -0.12029023,  0.        ]]]), 'num': array([ 9.68855797e-01,  2.44926918e-01,  8.78554465e-06,  7.99921413e-04,
        8.10599976e-04,  7.92155186e-04,  3.63895221e-02, -7.76622731e-06,
