state_0,state_1,state_2,state_3,state_4,state_5,state_6,state_7,state_8,state_9,state_10,state_11,state_12,state_13,state_14,state_15,state_16,state_17,state_18,state_19,state_20,state_21,state_22,state_23,state_24,state_25,state_26,state_27,state_28,state_29,state_30,state_31,state_32,state_33,state_34,state_35,state_36,state_37,state_38,state_39,state_40,state_41,state_42,state_43,state_44,state_45,state_46,state_47,state_48,state_49,state_50,state_51,state_52,state_53,state_54,state_55,state_56,state_57,state_58,state_59,state_60,state_61,state_62,state_63,state_64,state_65,state_66,state_67,state_68,state_69,state_70,state_71,state_72,state_73,state_74,state_75,state_76,state_77,state_78,state_79,state_80,state_81,state_82,state_83,state_84,state_85,state_86,state_87,state_88,state_89,state_90,state_91,state_92,state_93,state_94,state_95,state_96,state_97,state_98,state_99,state_100,state_101,state_102,state_103,state_104,state_105,state_106,state_107,state_108,state_109,state_110,state_111,state_112,state_113,state_114,state_115,state_116,state_117,state_118,state_119,state_120,state_121,state_122,state_123,state_124,state_125,state_126,state_127,state_128,state_129,state_130,state_131,state_132,state_133,state_134,state_135,state_136,state_137,state_138,state_139,state_140,state_141,state_142,state_143,state_144,state_145,state_146,state_147,state_148,state_149,state_150,state_151,state_152,state_153,state_154,state_155,state_156,state_157,state_158,state_159,state_160,state_161,state_162,state_163,state_164,state_165,state_166,state_167,state_168,state_169,state_170,state_171,state_172,state_173,state_174,state_175,state_176,state_177,state_178,state_179,state_180,state_181,state_182,state_183,state_184,state_185,state_186,state_187,state_188,state_189,state_190,state_191,state_192,state_193,state_194,state_195,state_196,state_197,state_198,state_199,state_200,state_201,state_202,state_203,state_204,state_205,state_206,state_207,state_208,state_209,state_210,state_211,state_212,state_213,state_214,state_215,state_216,state_217,state_218,state_219,state_220,state_221,state_222,state_223,state_224,state_225,state_226,state_227,state_228,state_229,state_230,state_231,state_232,state_233,state_234,state_235,state_236,state_237,state_238,state_239,state_240,state_241,state_242,state_243,state_244,state_245,state_246,state_247,state_248,state_249,state_250,state_251,state_252,state_253,state_254,state_255,state_256,state_257,state_258,state_259,state_260,state_261,state_262,state_263,state_264,state_265,state_266,state_267,state_268,state_269,state_270,state_271,state_272,state_273,state_274,state_275,state_276,state_277,state_278,state_279,state_280,state_281,state_282,state_283,state_284,state_285,state_286,state_287
{'img': array([[[ 0.        , -0.16951919, -0.14043074, ...,  0.0790246 ,
          0.30910203,  0.96187586],
        [ 0.16951919,  0.        ,  0.02944106, ...,  0.24686992,
          0.465846  ,  0.99431572],
        [ 0.14043074, -0.02944106,  0.        , ...,  0.21823308,
          0.43959268,  0.99075006],
        ...,
        [-0.0790246 , -0.24686992, -0.21823308, ...,  0.        ,
          0.23298068,  0.9372556 ],
        [-0.30910203, -0.465846  , -0.43959268, ..., -0.23298068,
          0.        ,  0.83023652],
        [-0.96187586, -0.99431572, -0.99075006, ..., -0.9372556 ,
         -0.83023652,  0.        ]],

       [[ 0.        ,  0.11229302,  0.29756186, ...,  0.32664084,
          0.47025026,  0.16794794],
        [-0.11229302,  0.        ,  0.18847339, ...,  0.2184413 ,
          0.36817368,  0.27758369],
        [-0.29756186, -0.18847339,  0.        , ...,  0.03060468,
          0.18634091,  0.45367558],
        ...,
        [-0.32664084, -0.2184413 , -0.03060468, ...,  0.        ,
          0.15618498,  0.48073695],
        [-0.47025026, -0.36817368, -0.18634091, ..., -0.15618498,
          0.        ,  0.61179038],
        [-0.16794794, -0.27758369, -0.45367558, ..., -0.48073695,
         -0.61179038,  0.        ]],

       [[ 0.        , -0.12356232, -0.21494104, ..., -0.3530503 ,
         -0.17154473,  0.56235551],
        [ 0.12356232,  0.        , -0.09261961, ..., -0.23473937,
         -0.04849949,  0.66021921],
        [ 0.21494104,  0.09261961,  0.        , ..., -0.1436987 ,
          0.0442196 ,  0.72694539],
        ...,
        [ 0.3530503 ,  0.23473937,  0.1436987 , ...,  0.        ,
          0.1873188 ,  0.81807799],
        [ 0.17154473,  0.04849949, -0.0442196 , ..., -0.1873188 ,
          0.        ,  0.69586892],
        [-0.56235551, -0.66021921, -0.72694539, ..., -0.81807799,
         -0.69586892,  0.        ]],

       ...,

       [[ 0.        , -0.0427691 , -0.30809244, ...,  0.98274506,
          0.99983042,  0.83427822],
        [ 0.0427691 ,  0.        , -0.26712187, ...,  0.98975663,
          0.99970318,  0.80993437],
        [ 0.30809244,  0.26712187,  0.        , ...,  0.99192722,
          0.95686885,  0.62383113],
        ...,
        [-0.98274506, -0.98975663, -0.99192722, ...,  0.        ,
          0.16683589,  0.69614276],
        [-0.99983042, -0.99970318, -0.95686885, ..., -0.16683589,
          0.        ,  0.56661404],
        [-0.83427822, -0.80993437, -0.62383113, ..., -0.69614276,
         -0.56661404,  0.        ]],

       [[ 0.        ,  0.02739176,  0.05236604, ..., -0.79945481,
         -0.69615663, -0.30384464],
        [-0.02739176,  0.        ,  0.02499221, ..., -0.81560979,
         -0.71555969, -0.32982735],
        [-0.05236604, -0.02499221,  0.        , ..., -0.82981558,
         -0.73279453, -0.353318  ],
        ...,
        [ 0.79945481,  0.81560979,  0.82981558, ...,  0.        ,
          0.15572101,  0.57913042],
        [ 0.69615663,  0.71555969,  0.73279453, ..., -0.15572101,
          0.        ,  0.44511646],
        [ 0.30384464,  0.32982735,  0.353318  , ..., -0.57913042,
         -0.44511646,  0.        ]],

       [[ 0.        , -0.24098685, -0.33918431, ..., -0.97962421,
         -0.97535263, -0.99944902],
        [ 0.24098685,  0.        , -0.10248687, ..., -0.90235347,
         -0.8934332 , -0.96199499],
        [ 0.33918431,  0.10248687,  0.        , ..., -0.85343049,
         -0.842692  , -0.92894367],
        ...,
        [ 0.97962421,  0.90235347,  0.85343049, ...,  0.        ,
          0.02026682, -0.16821368],
        [ 0.97535263,  0.8934332 ,  0.842692  , ..., -0.02026682,
          0.        , -0.18815715],
        [ 0.99944902,  0.96199499,  0.92894367, ...,  0.16821368,
          0.18815715,  0.        ]]]), 'num': array([ 7.09064469e-01,  7.05124496e-01,  3.63131212e-08,  1.31332455e-03,
        1.40168648e-03,  1.28911580e-03,  3.89814093e-03, -6.17323060e-05,
        1.25013972e-03,  1.12485945e-03,  1.02570446e-03,  9.09262198e-07,
        1.30145409e-03,  9.48264810e-04])}
{'img': array([[[ 0.        ,  0.02944106, -0.09192974, ...,  0.465846  ,
          0.99431572,  0.71690207],
        [-0.02944106,  0.        , -0.12120628, ...,  0.43959268,
          0.99075006,  0.69606577],
        [ 0.09192974,  0.12120628,  0.        , ...,  0.54521886,
          0.99989321,  0.77795736],
        ...,
        [-0.465846  , -0.43959268, -0.54521886, ...,  0.        ,
          0.83023652,  0.30958646],
        [-0.99431572, -0.99075006, -0.99989321, ..., -0.83023652,
          0.        , -0.61688109],
        [-0.71690207, -0.69606577, -0.77795736, ..., -0.30958646,
          0.61688109,  0.        ]],

       [[ 0.        ,  0.18847339,  0.12109678, ...,  0.36817368,
          0.27758369,  0.77371095],
        [-0.18847339,  0.        , -0.06815985, ...,  0.18634091,
          0.45367558,  0.64043953],
        [-0.12109678,  0.06815985,  0.        , ...,  0.2528736 ,
          0.39187872,  0.69129748],
        ...,
        [-0.36817368, -0.18634091, -0.2528736 , ...,  0.        ,
          0.61179038,  0.4861109 ],
        [-0.27758369, -0.45367558, -0.39187872, ..., -0.61179038,
          0.        , -0.91916527],
        [-0.77371095, -0.64043953, -0.69129748, ..., -0.4861109 ,
          0.91916527,  0.        ]],

       [[ 0.        , -0.06844647, -0.18847925, ..., -0.03537917,
          0.30349139,  0.82287289],
        [ 0.06844647,  0.        , -0.12081751, ...,  0.03310742,
          0.36799777,  0.8598361 ],
        [ 0.18847925,  0.12081751,  0.        , ...,  0.15361618,
          0.47764144,  0.91522339],
        ...,
        [ 0.03537917, -0.03310742, -0.15361618, ...,  0.        ,
          0.33701188,  0.84246108],
        [-0.30349139, -0.36799777, -0.47764144, ..., -0.33701188,
          0.        ,  0.61160986],
        [-0.82287289, -0.8598361 , -0.91522339, ..., -0.84246108,
         -0.61160986,  0.        ]],

       ...,

       [[ 0.        , -0.26712187, -0.31564657, ...,  0.99970318,
          0.80993437,  0.99874949],
        [ 0.26712187,  0.        , -0.05071109, ...,  0.95686885,
          0.62383113,  0.97581234],
        [ 0.31564657,  0.05071109,  0.        , ...,  0.94090511,
          0.58339477,  0.96347088],
        ...,
        [-0.99970318, -0.95686885, -0.94090511, ...,  0.        ,
          0.56661404, -0.07431226],
        [-0.80993437, -0.62383113, -0.58339477, ..., -0.56661404,
          0.        , -0.62627943],
        [-0.99874949, -0.97581234, -0.96347088, ...,  0.07431226,
          0.62627943,  0.        ]],

       [[ 0.        ,  0.02499221,  0.1089406 , ..., -0.71555969,
         -0.32982735, -0.04147715],
        [-0.02499221,  0.        ,  0.08406311, ..., -0.73279453,
         -0.353318  , -0.0664349 ],
        [-0.1089406 , -0.08406311,  0.        , ..., -0.78740149,
         -0.43070872, -0.15007714],
        ...,
        [ 0.71555969,  0.73279453,  0.78740149, ...,  0.        ,
          0.44511646,  0.68596998],
        [ 0.32982735,  0.353318  ,  0.43070872, ..., -0.44511646,
          0.        ,  0.29038737],
        [ 0.04147715,  0.0664349 ,  0.15007714, ..., -0.68596998,
         -0.29038737,  0.        ]],

       [[ 0.        , -0.2441172 , -0.50235037, ..., -0.97104216,
         -0.99881619, -0.99989886],
        [ 0.2441172 ,  0.        , -0.27607274, ..., -0.88334239,
         -0.95672294, -0.97311958],
        [ 0.50235037,  0.27607274,  0.        , ..., -0.71960973,
         -0.8392043 , -0.87172133],
        ...,
        [ 0.97104216,  0.88334239,  0.71960973, ...,  0.        ,
         -0.19139015, -0.25269458],
        [ 0.99881619,  0.95672294,  0.8392043 , ...,  0.19139015,
          0.        , -0.06284449],
        [ 0.99989886,  0.97311958,  0.87172133, ...,  0.25269458,
          0.06284449,  0.        ]]]), 'num': array([7.07099662e-01, 7.07099662e-01, 0.00000000e+00, 1.55260449e-03,
       1.56219693e-03, 1.45256907e-03, 2.13302916e-03, 6.57767127e-05,
       1.47010953e-03, 1.29018281e-03, 1.16602927e-03, 1.10658647e-06,
       1.52218644e-03, 1.05817918e-03])}
{'img': array([[[ 0.        , -0.12120628, -0.29724244, ...,  0.99075006,
          0.69606577,  0.95692885],
        [ 0.12120628,  0.        , -0.17932297, ...,  0.99989321,
          0.77795736,  0.98506266],
        [ 0.29724244,  0.17932297,  0.        , ...,  0.98630579,
          0.87801856,  0.9999738 ],
        ...,
        [-0.99075006, -0.99989321, -0.98630579, ...,  0.        ,
         -0.61688109, -0.15778241],
        [-0.69606577, -0.77795736, -0.87801856, ...,  0.61688109,
          0.        ,  0.48497032],
        [-0.95692885, -0.98506266, -0.9999738 , ...,  0.15778241,
         -0.48497032,  0.        ]],

       [[ 0.        , -0.06815985,  0.11154369, ...,  0.45367558,
          0.64043953,  0.24048411],
        [ 0.06815985,  0.        ,  0.17901879, ...,  0.39187872,
          0.69129748,  0.30608441],
        [-0.11154369, -0.17901879,  0.        , ...,  0.55024848,
          0.55077637,  0.13071315],
        ...,
        [-0.45367558, -0.39187872, -0.55024848, ...,  0.        ,
         -0.91916527, -0.65467308],
        [-0.64043953, -0.69129748, -0.55077637, ...,  0.91916527,
          0.        , -0.43695073],
        [-0.24048411, -0.30608441, -0.13071315, ...,  0.65467308,
          0.43695073,  0.        ]],

       [[ 0.        , -0.09961306, -0.24494996, ...,  0.27865087,
          0.51195885,  0.94078208],
        [ 0.09961306,  0.        , -0.14715322, ...,  0.37293256,
          0.5949811 ,  0.96987288],
        [ 0.24494996,  0.14715322,  0.        , ...,  0.50541007,
          0.70677685,  0.99516279],
        ...,
        [-0.27865087, -0.37293256, -0.50541007, ...,  0.        ,
          0.25231754,  0.80905405],
        [-0.51195885, -0.5949811 , -0.70677685, ..., -0.25231754,
          0.        ,  0.63458104],
        [-0.94078208, -0.96987288, -0.99516279, ..., -0.80905405,
         -0.63458104,  0.        ]],

       ...,

       [[ 0.        , -0.05071109, -0.2022746 , ...,  0.62383113,
          0.97581234,  0.85687688],
        [ 0.05071109,  0.        , -0.15235151, ...,  0.58339477,
          0.96347088,  0.82963176],
        [ 0.2022746 ,  0.15235151,  0.        , ...,  0.45284625,
          0.91142195,  0.73488743],
        ...,
        [-0.62383113, -0.58339477, -0.45284625, ...,  0.        ,
         -0.62627943, -0.34810187],
        [-0.97581234, -0.96347088, -0.91142195, ...,  0.62627943,
          0.        ,  0.31573011],
        [-0.85687688, -0.82963176, -0.73488743, ...,  0.34810187,
         -0.31573011,  0.        ]],

       [[ 0.        ,  0.0698647 ,  0.03644873, ..., -0.31847969,
         -0.05722519,  0.63177529],
        [-0.0698647 ,  0.        , -0.03345862, ..., -0.3839283 ,
         -0.12683557,  0.57607579],
        [-0.03644873,  0.03345862,  0.        , ..., -0.3528189 ,
         -0.09357616,  0.6031022 ],
        ...,
        [ 0.31847969,  0.3839283 ,  0.3528189 , ...,  0.        ,
          0.26371234,  0.84574859],
        [ 0.05722519,  0.12683557,  0.09357616, ..., -0.26371234,
          0.        ,  0.67509819],
        [-0.63177529, -0.57607579, -0.6031022 , ..., -0.84574859,
         -0.67509819,  0.        ]],

       [[ 0.        , -0.44945212, -0.67076408, ..., -0.99790149,
         -0.99999958, -0.99628186],
        [ 0.44945212,  0.        , -0.26585102, ..., -0.86232758,
         -0.89289116, -0.92870494],
        [ 0.67076408,  0.26585102,  0.        , ..., -0.69668208,
         -0.74105428, -0.79670193],
        ...,
        [ 0.99790149,  0.86232758,  0.69668208, ...,  0.        ,
         -0.06383374, -0.15048259],
        [ 0.99999958,  0.89289116,  0.74105428, ...,  0.06383374,
          0.        , -0.08706885],
        [ 0.99628186,  0.92870494,  0.79670193, ...,  0.15048259,
          0.08706885,  0.        ]]]), 'num': array([ 7.07100333e-01,  7.07100333e-01,  0.00000000e+00,  1.50190303e-03,
        1.56767981e-03,  1.48134779e-03,  1.57697078e-03, -5.07029309e-05,
        1.50190303e-03,  1.30299681e-03,  1.16984451e-03,  1.01781144e-06,
        1.55146694e-03,  1.05452667e-03])}
{'img': array([[[ 0.        , -0.17932297, -0.32076517, ...,  0.77795736,
          0.98506266,  0.8248107 ],
        [ 0.17932297,  0.        , -0.14571833, ...,  0.87801856,
          0.9999738 ,  0.91283155],
        [ 0.32076517,  0.14571833,  0.        , ...,  0.93839136,
          0.98824529,  0.96259018],
        ...,
        [-0.77795736, -0.87801856, -0.93839136, ...,  0.        ,
          0.48497032,  0.07837858],
        [-0.98506266, -0.9999738 , -0.98824529, ..., -0.48497032,
          0.        , -0.41493392],
        [-0.8248107 , -0.91283155, -0.96259018, ..., -0.07837858,
          0.41493392,  0.        ]],

       [[ 0.        ,  0.17901879,  0.21115158, ...,  0.69129748,
          0.30608441,  0.16232202],
        [-0.17901879,  0.        ,  0.03275806, ...,  0.55077637,
          0.13071315, -0.0169448 ],
        [-0.21115158, -0.03275806,  0.        , ...,  0.52313917,
          0.098166  , -0.04968906],
        ...,
        [-0.69129748, -0.55077637, -0.52313917, ...,  0.        ,
         -0.43695073, -0.56484032],
        [-0.30608441, -0.13071315, -0.098166  , ...,  0.43695073,
          0.        , -0.1474938 ],
        [-0.16232202,  0.0169448 ,  0.04968906, ...,  0.56484032,
          0.1474938 ,  0.        ]],

       [[ 0.        , -0.13673614, -0.28168806, ...,  0.5292121 ,
          0.78382023,  0.98599828],
        [ 0.13673614,  0.        , -0.14784315, ...,  0.64026067,
          0.86136968,  0.9995388 ],
        [ 0.28168806,  0.14784315,  0.        , ...,  0.74679159,
          0.92700509,  0.99304433],
        ...,
        [-0.5292121 , -0.64026067, -0.74679159, ...,  0.        ,
          0.33642904,  0.74836026],
        [-0.78382023, -0.86136968, -0.92700509, ..., -0.33642904,
          0.        ,  0.4815866 ],
        [-0.98599828, -0.9995388 , -0.99304433, ..., -0.74836026,
         -0.4815866 ,  0.        ]],

       ...,

       [[ 0.        , -0.15235151, -0.1860341 , ...,  0.96347088,
          0.82963176,  0.9727062 ],
        [ 0.15235151,  0.        , -0.03417046, ...,  0.91142195,
          0.73488743,  0.92599952],
        [ 0.1860341 ,  0.03417046,  0.        , ...,  0.89682948,
          0.71128423,  0.91255856],
        ...,
        [-0.96347088, -0.91142195, -0.89682948, ...,  0.        ,
          0.31573011, -0.0369395 ],
        [-0.82963176, -0.73488743, -0.71128423, ..., -0.31573011,
          0.        , -0.35056463],
        [-0.9727062 , -0.92599952, -0.91255856, ...,  0.0369395 ,
          0.35056463,  0.        ]],

       [[ 0.        , -0.02481408,  0.04038983, ..., -0.09692879,
          0.26622391,  0.72870438],
        [ 0.02481408,  0.        ,  0.06517123, ..., -0.0722017 ,
          0.29006051,  0.74547339],
        [-0.04038983, -0.06517123,  0.        , ..., -0.13704935,
          0.22707445,  0.70044965],
        ...,
        [ 0.09692879,  0.0722017 ,  0.13704935, ...,  0.        ,
          0.35840109,  0.79165273],
        [-0.26622391, -0.29006051, -0.22707445, ..., -0.35840109,
          0.        ,  0.52008863],
        [-0.72870438, -0.74547339, -0.70044965, ..., -0.79165273,
         -0.52008863,  0.        ]],

       [[ 0.        , -0.54286315, -0.79428821, ..., -0.9983556 ,
         -0.99939935, -0.99840082],
        [ 0.54286315,  0.        , -0.33724835, ..., -0.80732077,
         -0.85812945, -0.86916701],
        [ 0.79428821,  0.33724835,  0.        , ..., -0.56100988,
         -0.63470199, -0.65147188],
        ...,
        [ 0.9983556 ,  0.80732077,  0.56100988, ...,  0.        ,
         -0.09188777, -0.11367143],
        [ 0.99939935,  0.85812945,  0.63470199, ...,  0.09188777,
          0.        , -0.02189834],
        [ 0.99840082,  0.86916701,  0.65147188, ...,  0.11367143,
          0.02189834,  0.        ]]]), 'num': array([ 7.84470429e-01,  6.20147965e-01,  1.56497585e-06,  1.61100456e-03,
        1.69999338e-03,  1.60947027e-03,  1.82476185e-03, -7.05773425e-05,
        1.68771906e-03,  1.47268831e-03,  1.31363357e-03,  1.00306946e-06,
        1.75229687e-03,  1.19307974e-03])}
{'img': array([[[ 0.        , -0.14571833, -0.24203884, ...,  0.9999738 ,
          0.91283155,  0.75874108],
        [ 0.14571833,  0.        , -0.09806972, ...,  0.98824529,
          0.96259018,  0.84556217],
        [ 0.24203884,  0.09806972,  0.        , ...,  0.96848894,
          0.98452318,  0.89384334],
        ...,
        [-0.9999738 , -0.98824529, -0.96848894, ...,  0.        ,
         -0.41493392, -0.65686805],
        [-0.91283155, -0.96259018, -0.98452318, ...,  0.41493392,
          0.        , -0.28478993],
        [-0.75874108, -0.84556217, -0.89384334, ...,  0.65686805,
          0.28478993,  0.        ]],

       [[ 0.        ,  0.03275806, -0.29654261, ...,  0.13071315,
         -0.0169448 , -0.00148852],
        [-0.03275806,  0.        , -0.32766804, ...,  0.098166  ,
         -0.04968906, -0.03424574],
        [ 0.29654261,  0.32766804,  0.        , ...,  0.41883196,
          0.28031741,  0.29512071],
        ...,
        [-0.13071315, -0.098166  , -0.41883196, ...,  0.        ,
         -0.1474938 , -0.13218875],
        [ 0.0169448 ,  0.04968906, -0.28031741, ...,  0.1474938 ,
          0.        ,  0.01545647],
        [ 0.00148852,  0.03424574, -0.29512071, ...,  0.13218875,
         -0.01545647,  0.        ]],

       [[ 0.        , -0.14636497, -0.27342579, ...,  0.84638932,
          0.97474363,  0.99980977],
        [ 0.14636497,  0.        , -0.12969371, ...,  0.91522308,
          0.9969335 ,  0.99189725],
        [ 0.27342579,  0.12969371,  0.        , ...,  0.95975296,
          0.99866248,  0.96704315],
        ...,
        [-0.84638932, -0.91522308, -0.95975296, ...,  0.        ,
          0.33009259,  0.51595497],
        [-0.97474363, -0.9969335 , -0.99866248, ..., -0.33009259,
          0.        ,  0.20427245],
        [-0.99980977, -0.99189725, -0.96704315, ..., -0.51595497,
         -0.20427245,  0.        ]],

       ...,

       [[ 0.        , -0.03417046, -0.11491545, ...,  0.73488743,
          0.92599952,  0.99812042],
        [ 0.03417046,  0.        , -0.08090425, ...,  0.71128423,
          0.91255856,  0.99544346],
        [ 0.11491545,  0.08090425,  0.        , ...,  0.6520846 ,
          0.87648161,  0.98446576],
        ...,
        [-0.73488743, -0.71128423, -0.6520846 , ...,  0.        ,
         -0.35056463, -0.63187813],
        [-0.92599952, -0.91255856, -0.87648161, ...,  0.35056463,
          0.        , -0.32006687],
        [-0.99812042, -0.99544346, -0.98446576, ...,  0.63187813,
          0.32006687,  0.        ]],

       [[ 0.        ,  0.05903162,  0.07218116, ...,  0.25497007,
          0.52122333,  0.79090483],
        [-0.05903162,  0.        ,  0.01317765, ...,  0.19744487,
          0.46993559,  0.75340182],
        [-0.07218116, -0.01317765,  0.        , ...,  0.18450949,
          0.45826286,  0.74467131],
        ...,
        [-0.25497007, -0.19744487, -0.18450949, ...,  0.        ,
          0.28639971,  0.60873842],
        [-0.52122333, -0.46993559, -0.45826286, ..., -0.28639971,
          0.        ,  0.35601729],
        [-0.79090483, -0.75340182, -0.74467131, ..., -0.60873842,
         -0.35601729,  0.        ]],

       [[ 0.        , -0.66426499, -0.86211789, ..., -0.99877955,
         -0.99967204, -0.99521849],
        [ 0.66426499,  0.        , -0.30784246, ..., -0.71377655,
         -0.73024092, -0.67904178],
        [ 0.86211789,  0.30784246,  0.        , ..., -0.46350896,
         -0.48446367, -0.42007867],
        ...,
        [ 0.99877955,  0.71377655,  0.46350896, ...,  0.        ,
         -0.02379659,  0.04840023],
        [ 0.99967204,  0.73024092,  0.48446367, ...,  0.02379659,
          0.        ,  0.07215522],
        [ 0.99521849,  0.67904178,  0.42007867, ..., -0.04840023,
         -0.07215522,  0.        ]]]), 'num': array([ 7.77421975e-01,  6.28963048e-01,  1.43300122e-06,  1.57935028e-03,
        1.62051096e-03,  1.57782581e-03,  1.35616797e-03, -2.13425714e-05,
        1.64642694e-03,  1.47507658e-03,  1.30977328e-03,  9.61211621e-07,
        1.75153716e-03,  1.19861600e-03])}
{'img': array([[[ 0.        , -0.09806972, -0.21836025, ...,  0.96259018,
          0.84556217,  0.80381393],
        [ 0.09806972,  0.        , -0.12160453, ...,  0.98452318,
          0.89384334,  0.85827897],
        [ 0.21836025,  0.12160453,  0.        , ...,  0.9985284 ,
          0.94173477,  0.9143148 ],
        ...,
        [-0.96259018, -0.98452318, -0.9985284 , ...,  0.        ,
         -0.28478993, -0.35482379],
        [-0.84556217, -0.89384334, -0.94173477, ...,  0.28478993,
          0.        , -0.07387096],
        [-0.80381393, -0.85827897, -0.9143148 , ...,  0.35482379,
          0.07387096,  0.        ]],

       [[ 0.        , -0.32766804, -0.0418263 , ..., -0.04968906,
         -0.03424574, -0.16600602],
        [ 0.32766804,  0.        ,  0.28786411, ...,  0.28031741,
          0.29512071,  0.16628025],
        [ 0.0418263 , -0.28786411,  0.        , ..., -0.00787095,
          0.00758599, -0.1246148 ],
        ...,
        [ 0.04968906, -0.28031741,  0.00787095, ...,  0.        ,
          0.01545647, -0.11680135],
        [ 0.03424574, -0.29512071, -0.00758599, ..., -0.01545647,
          0.        , -0.13213808],
        [ 0.16600602, -0.16628025,  0.1246148 , ...,  0.11680135,
          0.13213808,  0.        ]],

       [[ 0.        , -0.12969371, -0.29812409, ...,  0.9969335 ,
          0.99189725,  0.94410072],
        [ 0.12969371,  0.        , -0.17181   , ...,  0.99866248,
          0.96704315,  0.9788814 ],
        [ 0.29812409,  0.17181   ,  0.        , ...,  0.97492929,
          0.90891834,  0.99944848],
        ...,
        [-0.9969335 , -0.99866248, -0.97492929, ...,  0.        ,
          0.20427245, -0.25476716],
        [-0.99189725, -0.96704315, -0.90891834, ..., -0.20427245,
          0.        , -0.44692711],
        [-0.94410072, -0.9788814 , -0.99944848, ...,  0.25476716,
          0.44692711,  0.        ]],

       ...,

       [[ 0.        , -0.08090425, -0.04971622, ...,  0.91255856,
          0.99544346,  0.99976907],
        [ 0.08090425,  0.        ,  0.03125096, ...,  0.87648161,
          0.98446576,  0.9947531 ],
        [ 0.04971622, -0.03125096,  0.        , ...,  0.89109882,
          0.98947185,  0.99746436],
        ...,
        [-0.91255856, -0.87648161, -0.89109882, ...,  0.        ,
         -0.32006687, -0.38924108],
        [-0.99544346, -0.98446576, -0.98947185, ...,  0.32006687,
          0.        , -0.07393994],
        [-0.99976907, -0.9947531 , -0.99746436, ...,  0.38924108,
          0.07393994,  0.        ]],

       [[ 0.        ,  0.01237339,  0.0571507 , ...,  0.41788666,
          0.56647169,  0.78393022],
        [-0.01237339,  0.        ,  0.04479316, ...,  0.40661345,
          0.55623164,  0.7761882 ],
        [-0.0571507 , -0.04479316,  0.        , ...,  0.36528229,
          0.51844901,  0.74716698],
        ...,
        [-0.41788666, -0.40661345, -0.36528229, ...,  0.        ,
          0.17026652,  0.45275546],
        [-0.56647169, -0.55623164, -0.51844901, ..., -0.17026652,
          0.        ,  0.29432881],
        [-0.78393022, -0.7761882 , -0.74716698, ..., -0.45275546,
         -0.29432881,  0.        ]],

       [[ 0.        , -0.68936102, -0.91017795, ..., -0.9847804 ,
         -0.96660233, -0.93878823],
        [ 0.68936102,  0.        , -0.37380388, ..., -0.59357944,
         -0.52355398, -0.44259379],
        [ 0.91017795,  0.37380388,  0.        , ..., -0.24972136,
         -0.16712228, -0.07531092],
        ...,
        [ 0.9847804 ,  0.59357944,  0.24972136, ...,  0.        ,
          0.08438186,  0.17608728],
        [ 0.96660233,  0.52355398,  0.16712228, ..., -0.08438186,
          0.        ,  0.0923959 ],
        [ 0.93878823,  0.44259379,  0.07531092, ..., -0.17608728,
         -0.0923959 ,  0.        ]]]), 'num': array([ 7.54202007e-01,  6.56627264e-01,  9.47327602e-07,  1.52460536e-03,
        1.54532815e-03,  1.49796177e-03,  1.57801095e-03, -8.88119627e-06,
        1.58233313e-03,  1.44304637e-03,  1.27684465e-03,  9.58314649e-07,
        1.70806060e-03,  1.17803214e-03])}
{'img': array([[[ 0.        , -0.12160453, -0.32394364, ...,  0.89384334,
          0.85827897,  0.84223467],
        [ 0.12160453,  0.        , -0.20649236, ...,  0.94173477,
          0.9143148 ,  0.90154249],
        [ 0.32394364,  0.20649236,  0.        , ...,  0.99089373,
          0.97823996,  0.97145994],
        ...,
        [-0.89384334, -0.94173477, -0.99089373, ...,  0.        ,
         -0.07387096, -0.10424017],
        [-0.85827897, -0.9143148 , -0.97823996, ...,  0.07387096,
          0.        , -0.03048685],
        [-0.84223467, -0.90154249, -0.97145994, ...,  0.10424017,
          0.03048685,  0.        ]],

       [[ 0.        ,  0.28786411,  0.18630119, ...,  0.29512071,
          0.16628025,  0.24619225],
        [-0.28786411,  0.        , -0.10440909, ...,  0.00758599,
         -0.1246148 , -0.0432327 ],
        [-0.18630119,  0.10440909,  0.        , ...,  0.11195061,
         -0.02033847,  0.06131506],
        ...,
        [-0.29512071, -0.00758599, -0.11195061, ...,  0.        ,
         -0.13213808, -0.05081036],
        [-0.16628025,  0.1246148 ,  0.02033847, ...,  0.13213808,
          0.        ,  0.08160258],
        [-0.24619225,  0.0432327 , -0.06131506, ...,  0.05081036,
         -0.08160258,  0.        ]],

       [[ 0.        , -0.17181   , -0.36605657, ...,  0.96704315,
          0.9788814 ,  0.94849947],
        [ 0.17181   ,  0.        , -0.20072823, ...,  0.90891834,
          0.99944848,  0.98882113],
        [ 0.36605657,  0.20072823,  0.        , ...,  0.8067206 ,
          0.98577235,  0.99862552],
        ...,
        [-0.96704315, -0.90891834, -0.8067206 , ...,  0.        ,
         -0.44692711, -0.54783855],
        [-0.9788814 , -0.99944848, -0.98577235, ...,  0.44692711,
          0.        , -0.11618803],
        [-0.94849947, -0.98882113, -0.99862552, ...,  0.54783855,
          0.11618803,  0.        ]],

       ...,

       [[ 0.        ,  0.03125096, -0.08771672, ...,  0.98446576,
          0.9947531 ,  0.98785792],
        [-0.03125096,  0.        , -0.11880437, ...,  0.98947185,
          0.99746436,  0.99223056],
        [ 0.08771672,  0.11880437,  0.        , ...,  0.96527008,
          0.98194495,  0.9704225 ],
        ...,
        [-0.98446576, -0.98947185, -0.96527008, ...,  0.        ,
         -0.07393994, -0.0204982 ],
        [-0.9947531 , -0.99746436, -0.98194495, ...,  0.07393994,
          0.        ,  0.05348232],
        [-0.98785792, -0.99223056, -0.9704225 , ...,  0.0204982 ,
         -0.05348232,  0.        ]],

       [[ 0.        ,  0.04287483,  0.05425767, ...,  0.5063068 ,
          0.62015308,  0.79649755],
        [-0.04287483,  0.        ,  0.01139611, ...,  0.46886797,
          0.58594834,  0.76984122],
        [-0.05425767, -0.01139611,  0.        , ...,  0.4587717 ,
          0.57667547,  0.76251783],
        ...,
        [-0.5063068 , -0.46886797, -0.4587717 , ...,  0.        ,
          0.13760316,  0.38072816],
        [-0.62015308, -0.58594834, -0.57667547, ..., -0.13760316,
          0.        ,  0.2498666 ],
        [-0.79649755, -0.76984122, -0.76251783, ..., -0.38072816,
         -0.2498666 ,  0.        ]],

       [[ 0.        , -0.76818674, -0.96860037, ..., -0.88944138,
         -0.82892438, -0.73951892],
        [ 0.76818674,  0.        , -0.42913421, ..., -0.21834417,
         -0.10100537,  0.04363484],
        [ 0.96860037,  0.42913421,  0.        , ...,  0.22156263,
          0.3357074 ,  0.46813824],
        ...,
        [ 0.88944138,  0.21834417, -0.22156263, ...,  0.        ,
          0.11865924,  0.26071822],
        [ 0.82892438,  0.10100537, -0.3357074 , ..., -0.11865924,
          0.        ,  0.14432085],
        [ 0.73951892, -0.04363484, -0.46813824, ..., -0.26071822,
         -0.14432085,  0.        ]]]), 'num': array([ 7.28844725e-01,  6.84665758e-01,  4.44456410e-07,  1.42512797e-03,
        1.44806766e-03,  1.40505575e-03,  1.49522305e-03, -5.16142927e-05,
        1.49280004e-03,  1.40641779e-03,  1.24137153e-03,  8.30514534e-07,
        1.65435363e-03,  1.15848195e-03])}
{'img': array([[[ 0.        , -0.20649236, -0.44396121, ...,  0.9143148 ,
          0.90154249,  0.81418932],
        [ 0.20649236,  0.        , -0.2493664 , ...,  0.97823996,
          0.97145994,  0.91653144],
        [ 0.44396121,  0.2493664 ,  0.        , ...,  0.9990743 ,
          0.99992138,  0.98731473],
        ...,
        [-0.9143148 , -0.97823996, -0.9990743 , ...,  0.        ,
         -0.03048685, -0.20110055],
        [-0.90154249, -0.97145994, -0.99992138, ...,  0.03048685,
          0.        , -0.17114305],
        [-0.81418932, -0.91653144, -0.98731473, ...,  0.20110055,
          0.17114305,  0.        ]],

       [[ 0.        , -0.10440909,  0.0740594 , ..., -0.1246148 ,
         -0.0432327 , -0.05328289],
        [ 0.10440909,  0.        ,  0.17777699, ..., -0.02033847,
          0.06131506,  0.0512691 ],
        [-0.0740594 , -0.17777699,  0.        , ..., -0.19775471,
         -0.11710414, -0.12709077],
        ...,
        [ 0.1246148 ,  0.02033847,  0.19775471, ...,  0.        ,
          0.08160258,  0.07157022],
        [ 0.0432327 , -0.06131506,  0.11710414, ..., -0.08160258,
          0.        , -0.01006179],
        [ 0.05328289, -0.0512691 ,  0.12709077, ..., -0.07157022,
          0.01006179,  0.        ]],

       [[ 0.        , -0.20072823, -0.42071945, ...,  0.99944848,
          0.98882113,  0.92898233],
        [ 0.20072823,  0.        , -0.23005772, ...,  0.98577235,
          0.99862552,  0.98436907],
        [ 0.42071945,  0.23005772,  0.        , ...,  0.92066151,
          0.95978146,  0.99848262],
        ...,
        [-0.99944848, -0.98577235, -0.92066151, ...,  0.        ,
         -0.11618803, -0.33907075],
        [-0.98882113, -0.99862552, -0.95978146, ...,  0.11618803,
          0.        , -0.22746915],
        [-0.92898233, -0.98436907, -0.99848262, ...,  0.33907075,
          0.22746915,  0.        ]],

       ...,

       [[ 0.        , -0.11880437, -0.37652397, ...,  0.99746436,
          0.99223056,  0.99651053],
        [ 0.11880437,  0.        , -0.26379612, ...,  0.98194495,
          0.9704225 ,  0.99936919],
        [ 0.37652397,  0.26379612,  0.        , ...,  0.89726146,
          0.87236487,  0.95460159],
        ...,
        [-0.99746436, -0.98194495, -0.89726146, ...,  0.        ,
          0.05348232, -0.15417496],
        [-0.99223056, -0.9704225 , -0.87236487, ..., -0.05348232,
          0.        , -0.20679717],
        [-0.99651053, -0.99936919, -0.95460159, ...,  0.15417496,
          0.20679717,  0.        ]],

       [[ 0.        ,  0.01139611,  0.0443205 , ...,  0.58594834,
          0.76984122,  0.75208261],
        [-0.01139611,  0.        ,  0.03293271, ...,  0.57667547,
          0.76251783,  0.74452295],
        [-0.0443205 , -0.03293271,  0.        , ...,  0.54945751,
          0.74079783,  0.72213332],
        ...,
        [-0.58594834, -0.57667547, -0.54945751, ...,  0.        ,
          0.2498666 ,  0.22326865],
        [-0.76984122, -0.76251783, -0.74079783, ..., -0.2498666 ,
          0.        , -0.02737258],
        [-0.75208261, -0.74452295, -0.72213332, ..., -0.22326865,
          0.02737258,  0.        ]],

       [[ 0.        , -0.46488645, -0.81680109, ..., -0.11340145,
          0.05007229,  0.31312427],
        [ 0.46488645,  0.        , -0.45496943, ...,  0.36148531,
          0.50863582,  0.71873925],
        [ 0.81680109,  0.45496943,  0.        , ...,  0.74610862,
          0.84466417,  0.95637339],
        ...,
        [ 0.11340145, -0.36148531, -0.74610862, ...,  0.        ,
          0.16300848,  0.41880312],
        [-0.05007229, -0.50863582, -0.84466417, ..., -0.16300848,
          0.        ,  0.26517723],
        [-0.31312427, -0.71873925, -0.95637339, ..., -0.41880312,
         -0.26517723,  0.        ]]]), 'num': array([ 7.09083784e-01,  7.05111211e-01,  4.18606209e-08,  1.32419098e-03,
        1.42744717e-03,  1.30186531e-03,  1.90684896e-03, -6.27909314e-05,
        1.41181921e-03,  1.37533070e-03,  1.21219056e-03,  7.23022835e-07,
        1.60396494e-03,  1.14669646e-03])}
{'img': array([[[ 0.00000000e+00, -2.49366400e-01,  2.79157268e-02, ...,
          9.71459937e-01,  9.16531438e-01,  8.19791474e-01],
        [ 2.49366400e-01,  0.00000000e+00,  2.76303064e-01, ...,
          9.99921381e-01,  9.87314733e-01,  9.36696313e-01],
        [-2.79157268e-02, -2.76303064e-01,  0.00000000e+00, ...,
          9.64459627e-01,  9.05009000e-01,  8.03485705e-01],
        ...,
        [-9.71459937e-01, -9.99921381e-01, -9.64459627e-01, ...,
          0.00000000e+00, -1.71143054e-01, -3.61860775e-01],
        [-9.16531438e-01, -9.87314733e-01, -9.05009000e-01, ...,
          1.71143054e-01,  0.00000000e+00, -1.96976893e-01],
        [-8.19791474e-01, -9.36696313e-01, -8.03485705e-01, ...,
          3.61860775e-01,  1.96976893e-01,  0.00000000e+00]],

       [[ 0.00000000e+00,  1.77776989e-01,  1.31813489e-01, ...,
          6.13150581e-02,  5.12690980e-02,  1.78124678e-01],
        [-1.77776989e-01,  0.00000000e+00, -4.65119963e-02, ...,
         -1.17104136e-01, -1.27090768e-01,  3.53328715e-04],
        [-1.31813489e-01,  4.65119963e-02,  0.00000000e+00, ...,
         -7.07854213e-02, -8.08183867e-02,  4.68649397e-02],
        ...,
        [-6.13150581e-02,  1.17104136e-01,  7.07854213e-02, ...,
          0.00000000e+00, -1.00617879e-02,  1.17455027e-01],
        [-5.12690980e-02,  1.27090768e-01,  8.08183867e-02, ...,
          1.00617879e-02,  0.00000000e+00,  1.27441223e-01],
        [-1.78124678e-01, -3.53328715e-04, -4.68649397e-02, ...,
         -1.17455027e-01, -1.27441223e-01,  0.00000000e+00]],

       [[ 0.00000000e+00, -2.30057722e-01, -3.71224593e-01, ...,
          9.98625518e-01,  9.84369073e-01,  9.30870465e-01],
        [ 2.30057722e-01,  0.00000000e+00, -1.47648719e-01, ...,
          9.59781462e-01,  9.98482618e-01,  9.89953161e-01],
        [ 3.71224593e-01,  1.47648719e-01,  0.00000000e+00, ...,
          9.07810018e-01,  9.79408427e-01,  9.99980033e-01],
        ...,
        [-9.98625518e-01, -9.59781462e-01, -9.07810018e-01, ...,
          0.00000000e+00, -2.27469149e-01, -4.13636510e-01],
        [-9.84369073e-01, -9.98482618e-01, -9.79408427e-01, ...,
          2.27469149e-01,  0.00000000e+00, -1.95695655e-01],
        [-9.30870465e-01, -9.89953161e-01, -9.99980033e-01, ...,
          4.13636510e-01,  1.95695655e-01,  0.00000000e+00]],

       ...,

       [[ 0.00000000e+00, -2.63796121e-01,  2.99453217e-01, ...,
          9.70422504e-01,  9.99369186e-01,  9.90223964e-01],
        [ 2.63796121e-01,  0.00000000e+00,  5.40536900e-01, ...,
          8.72364873e-01,  9.54601588e-01,  9.91944721e-01],
        [-2.99453217e-01, -5.40536900e-01,  0.00000000e+00, ...,
          9.98182625e-01,  9.64143840e-01,  9.03013861e-01],
        ...,
        [-9.70422504e-01, -8.72364873e-01, -9.98182625e-01, ...,
          0.00000000e+00, -2.06797170e-01, -3.74413687e-01],
        [-9.99369186e-01, -9.54601588e-01, -9.64143840e-01, ...,
          2.06797170e-01,  0.00000000e+00, -1.74565189e-01],
        [-9.90223964e-01, -9.91944721e-01, -9.03013861e-01, ...,
          3.74413687e-01,  1.74565189e-01,  0.00000000e+00]],

       [[ 0.00000000e+00,  3.29327144e-02, -3.91943356e-02, ...,
          7.62517826e-01,  7.44522947e-01,  5.88486296e-01],
        [-3.29327144e-02,  0.00000000e+00, -7.20804845e-02, ...,
          7.40797828e-01,  7.22133319e-01,  5.61540747e-01],
        [ 3.91943356e-02,  7.20804845e-02,  0.00000000e+00, ...,
          7.87289362e-01,  7.70116876e-01,  6.19723009e-01],
        ...,
        [-7.62517826e-01, -7.40797828e-01, -7.87289362e-01, ...,
          0.00000000e+00, -2.73725842e-02, -2.35769813e-01],
        [-7.44522947e-01, -7.22133319e-01, -7.70116876e-01, ...,
          2.73725842e-02,  0.00000000e+00, -2.09080548e-01],
        [-5.88486296e-01, -5.61540747e-01, -6.19723009e-01, ...,
          2.35769813e-01,  2.09080548e-01,  0.00000000e+00]],

       [[ 0.00000000e+00, -4.40560833e-01, -6.55112577e-01, ...,
          4.76898797e-01,  6.62711303e-01,  9.65313105e-01],
        [ 4.40560833e-01,  0.00000000e+00, -2.55251982e-01, ...,
          8.15357465e-01,  9.24856002e-01,  9.81611784e-01],
        [ 6.55112577e-01,  2.55251982e-01,  0.00000000e+00, ...,
          9.36128536e-01,  9.91296532e-01,  9.00370875e-01],
        ...,
        [-4.76898797e-01, -8.15357465e-01, -9.36128536e-01, ...,
          0.00000000e+00,  2.25357967e-01,  7.23953979e-01],
        [-6.62711303e-01, -9.24856002e-01, -9.91296532e-01, ...,
         -2.25357967e-01,  0.00000000e+00,  5.49868207e-01],
        [-9.65313105e-01, -9.81611784e-01, -9.00370875e-01, ...,
         -7.23953979e-01, -5.49868207e-01,  0.00000000e+00]]]), 'num': array([7.08501773e-01, 7.05697246e-01, 2.78780058e-08, 1.40226369e-03,
