state_0,state_1,state_2,state_3,state_4,state_5,state_6,state_7,state_8,state_9,state_10,state_11,state_12,state_13,state_14,state_15,state_16,state_17,state_18,state_19,state_20,state_21,state_22,state_23,state_24,state_25,state_26,state_27,state_28,state_29,state_30,state_31,state_32,state_33,state_34,state_35,state_36,state_37,state_38,state_39,state_40,state_41,state_42,state_43,state_44,state_45,state_46,state_47,state_48,state_49,state_50,state_51,state_52,state_53,state_54,state_55,state_56,state_57,state_58,state_59,state_60,state_61,state_62,state_63,state_64,state_65,state_66,state_67,state_68,state_69,state_70,state_71,state_72,state_73,state_74,state_75,state_76,state_77,state_78,state_79,state_80,state_81,state_82,state_83,state_84,state_85,state_86,state_87,state_88,state_89,state_90,state_91,state_92,state_93,state_94,state_95,state_96,state_97,state_98,state_99,state_100,state_101,state_102,state_103,state_104,state_105,state_106,state_107,state_108,state_109,state_110,state_111,state_112,state_113,state_114,state_115,state_116,state_117,state_118,state_119,state_120,state_121,state_122,state_123,state_124,state_125,state_126,state_127,state_128,state_129,state_130,state_131,state_132,state_133,state_134,state_135,state_136,state_137,state_138,state_139,state_140,state_141,state_142,state_143,state_144,state_145,state_146,state_147,state_148,state_149,state_150,state_151,state_152,state_153,state_154,state_155,state_156,state_157,state_158,state_159,state_160,state_161,state_162,state_163,state_164,state_165,state_166,state_167,state_168,state_169,state_170,state_171,state_172,state_173,state_174,state_175,state_176,state_177,state_178,state_179,state_180,state_181,state_182,state_183,state_184,state_185,state_186,state_187,state_188,state_189,state_190,state_191,state_192,state_193,state_194,state_195,state_196,state_197,state_198,state_199,state_200,state_201,state_202,state_203,state_204,state_205,state_206,state_207,state_208,state_209,state_210,state_211,state_212,state_213,state_214,state_215,state_216,state_217,state_218,state_219,state_220,state_221,state_222,state_223,state_224,state_225,state_226,state_227,state_228,state_229,state_230,state_231,state_232,state_233,state_234,state_235,state_236,state_237,state_238,state_239,state_240,state_241,state_242,state_243,state_244,state_245,state_246,state_247,state_248,state_249,state_250,state_251,state_252,state_253,state_254,state_255,state_256,state_257,state_258,state_259,state_260,state_261,state_262,state_263,state_264,state_265,state_266,state_267,state_268,state_269,state_270,state_271,state_272,state_273,state_274,state_275,state_276,state_277,state_278,state_279,state_280,state_281,state_282,state_283,state_284,state_285,state_286,state_287
{'img': array([[[ 0.        ,  0.69108627, -0.18292679, ..., -0.961341  ,
         -0.97282402, -0.69108627],
        [-0.69108627,  0.        , -0.81163966, ..., -0.88512858,
         -0.86314831, -0.        ],
        [ 0.18292679,  0.81163966,  0.        , ..., -0.89474901,
         -0.9140532 , -0.81163966],
        ...,
        [ 0.961341  ,  0.88512858,  0.89474901, ...,  0.        ,
         -0.04528304, -0.88512858],
        [ 0.97282402,  0.86314831,  0.9140532 , ...,  0.04528304,
          0.        , -0.86314831],
        [ 0.69108627,  0.        ,  0.81163966, ...,  0.88512858,
          0.86314831,  0.        ]],

       [[ 0.        ,  0.87588258,  0.30483187, ...,  0.14142855,
         -0.43658059,  0.06622949],
        [-0.87588258,  0.        , -0.68710719, ..., -0.7988359 ,
         -0.99866178, -0.84200216],
        [-0.30483187,  0.68710719,  0.        , ..., -0.16707042,
         -0.69004867, -0.24108521],
        ...,
        [-0.14142855,  0.7988359 ,  0.16707042, ...,  0.        ,
         -0.55943062, -0.07555425],
        [ 0.43658059,  0.99866178,  0.69004867, ...,  0.55943062,
          0.        ,  0.49520641],
        [-0.06622949,  0.84200216,  0.24108521, ...,  0.07555425,
         -0.49520641,  0.        ]],

       [[ 0.        ,  0.40129356,  0.70362133, ..., -0.89185624,
         -0.98067881, -0.70362133],
        [-0.40129356,  0.        ,  0.35933237, ..., -0.99840796,
         -0.97675524, -0.35933237],
        [-0.70362133, -0.35933237,  0.        , ..., -0.95199215,
         -0.83449177, -0.        ],
        ...,
        [ 0.89185624,  0.99840796,  0.95199215, ...,  0.        ,
         -0.26911044, -0.95199215],
        [ 0.98067881,  0.97675524,  0.83449177, ...,  0.26911044,
          0.        , -0.83449177],
        [ 0.70362133,  0.35933237,  0.        , ...,  0.95199215,
          0.83449177,  0.        ]],

       ...,

       [[ 0.        ,  0.50892793,  0.06729419, ..., -0.59050637,
         -0.58493542, -0.76626488],
        [-0.50892793,  0.        , -0.44984682, ..., -0.9190349 ,
         -0.91629895, -0.98660663],
        [-0.06729419,  0.44984682,  0.        , ..., -0.64347643,
         -0.63819044, -0.80776608],
        ...,
        [ 0.59050637,  0.9190349 ,  0.64347643, ...,  0.        ,
          0.00688566, -0.23898602],
        [ 0.58493542,  0.91629895,  0.63819044, ..., -0.00688566,
          0.        , -0.24566649],
        [ 0.76626488,  0.98660663,  0.80776608, ...,  0.23898602,
          0.24566649,  0.        ]],

       [[ 0.        ,  0.32846226,  0.33336564, ..., -0.85504995,
         -0.99721584, -0.51286084],
        [-0.32846226,  0.        ,  0.00519611, ..., -0.97793197,
         -0.9663806 , -0.7663814 ],
        [-0.33336564, -0.00519611,  0.        , ..., -0.97900436,
         -0.96503155, -0.76970897],
        ...,
        [ 0.85504995,  0.97793197,  0.97900436, ...,  0.        ,
         -0.45334147,  0.46809448],
        [ 0.99721584,  0.9663806 ,  0.96503155, ...,  0.45334147,
          0.        ,  0.81783797],
        [ 0.51286084,  0.7663814 ,  0.76970897, ..., -0.46809448,
         -0.81783797,  0.        ]],

       [[ 0.        , -0.49346358, -0.49258783, ..., -0.99029541,
         -0.96608758, -0.70402846],
        [ 0.49346358,  0.        ,  0.0010066 , ..., -0.92990652,
         -0.96769008, -0.96278424],
        [ 0.49258783, -0.0010066 ,  0.        , ..., -0.93027627,
         -0.9679434 , -0.9625117 ],
        ...,
        [ 0.99029541,  0.92990652,  0.93027627, ...,  0.        ,
         -0.12144344, -0.60543508],
        [ 0.96608758,  0.96769008,  0.9679434 , ...,  0.12144344,
          0.        , -0.50429768],
        [ 0.70402846,  0.96278424,  0.9625117 , ...,  0.60543508,
          0.50429768,  0.        ]]]), 'num': array([ 9.10507182e-01,  4.11115270e-01,  1.17503979e-04,  1.43916977e-03,
        1.45610118e-03,  1.37144414e-03,  4.40687330e-02, -1.35451273e-05,
        1.51942465e-03,  1.60526690e-03,  1.64226203e-03,  5.80505455e-06,
        1.73091073e-03,  1.47962306e-03])}
{'img': array([[[ 0.        , -0.8       , -0.9663734 , ..., -0.89422435,
         -0.3828524 , -0.        ],
        [ 0.8       ,  0.        , -0.37410976, ..., -0.89462985,
         -0.96875906, -0.8       ],
        [ 0.9663734 ,  0.37410976,  0.        , ..., -0.66251055,
         -0.99119271, -0.9663734 ],
        ...,
        [ 0.89422435,  0.89462985,  0.66251055, ...,  0.        ,
         -0.65472094, -0.89422435],
        [ 0.3828524 ,  0.96875906,  0.99119271, ...,  0.65472094,
          0.        , -0.3828524 ],
        [ 0.        ,  0.8       ,  0.9663734 , ...,  0.89422435,
          0.3828524 ,  0.        ]],

       [[ 0.        , -0.68710719, -0.10988668, ..., -0.99866178,
         -0.84200216, -0.88655232],
        [ 0.68710719,  0.        ,  0.60310732, ..., -0.69004867,
         -0.24108521, -0.32625469],
        [ 0.10988668, -0.60310732,  0.        , ..., -0.986931  ,
         -0.77762208, -0.83034677],
        ...,
        [ 0.99866178,  0.69004867,  0.986931  , ...,  0.        ,
          0.49520641,  0.41615945],
        [ 0.84200216,  0.24108521,  0.77762208, ..., -0.49520641,
          0.        , -0.08873798],
        [ 0.88655232,  0.32625469,  0.83034677, ..., -0.41615945,
          0.08873798,  0.        ]],

       [[ 0.        ,  0.32671776,  0.02923074, ..., -0.99849485,
         -0.93377975, -0.32671776],
        [-0.32671776,  0.        , -0.29895154, ..., -0.96161842,
         -0.76562035, -0.        ],
        [-0.02923074,  0.29895154,  0.        , ..., -0.99967136,
         -0.92292057, -0.29895154],
        ...,
        [ 0.99849485,  0.96161842,  0.99967136, ...,  0.        ,
         -0.40852334, -0.96161842],
        [ 0.93377975,  0.76562035,  0.92292057, ...,  0.40852334,
          0.        , -0.76562035],
        [ 0.32671776,  0.        ,  0.29895154, ...,  0.96161842,
          0.76562035,  0.        ]],

       ...,

       [[ 0.        , -0.44984682, -0.83483862, ..., -0.91629895,
         -0.98660663, -0.75657631],
        [ 0.44984682,  0.        , -0.49796084, ..., -0.63819044,
         -0.80776608, -0.9698599 ],
        [ 0.83483862,  0.49796084,  0.        , ..., -0.17006907,
         -0.40694487, -0.96239678],
        ...,
        [ 0.91629895,  0.63819044,  0.17006907, ...,  0.        ,
         -0.24566649, -0.90217787],
        [ 0.98660663,  0.80776608,  0.40694487, ...,  0.24566649,
          0.        , -0.76855836],
        [ 0.75657631,  0.9698599 ,  0.96239678, ...,  0.90217787,
          0.76855836,  0.        ]],

       [[ 0.        ,  0.00519611,  0.03576377, ..., -0.9663806 ,
         -0.7663814 , -0.55689515],
        [-0.00519611,  0.        ,  0.0305705 , ..., -0.96503155,
         -0.76970897, -0.56120343],
        [-0.03576377, -0.0305705 ,  0.        , ..., -0.95656695,
         -0.78886526, -0.58624366],
        ...,
        [ 0.9663806 ,  0.96503155,  0.95656695, ...,  0.        ,
          0.81783797,  0.94584565],
        [ 0.7663814 ,  0.76970897,  0.78886526, ..., -0.81783797,
          0.        ,  0.27880166],
        [ 0.55689515,  0.56120343,  0.58624366, ..., -0.94584565,
         -0.27880166,  0.        ]],

       [[ 0.        ,  0.03178745, -0.35172718, ..., -0.99306141,
         -0.81189048, -0.03178745],
        [-0.03178745,  0.        , -0.38130575, ..., -0.98882146,
         -0.79292237, -0.        ],
        [ 0.35172718,  0.38130575,  0.        , ..., -0.97096935,
         -0.96535452, -0.38130575],
        ...,
        [ 0.99306141,  0.98882146,  0.97096935, ...,  0.        ,
         -0.48428315, -0.98882146],
        [ 0.81189048,  0.79292237,  0.96535452, ...,  0.48428315,
          0.        , -0.79292237],
        [ 0.03178745,  0.        ,  0.38130575, ...,  0.98882146,
          0.79292237,  0.        ]]]), 'num': array([ 7.07106432e-01,  7.07106432e-01,  0.00000000e+00,  2.99681838e-05,
        3.03249479e-05,  2.87551859e-05,  9.89492347e-04, -3.56764093e-07,
        3.11669112e-05,  3.36250158e-05,  3.44735197e-05,  1.25916739e-07,
        3.67587370e-05,  3.04912945e-05])}
{'img': array([[[ 0.        , -0.40560384, -0.12845557, ..., -0.98114393,
         -0.93952207, -0.70264715],
        [ 0.40560384,  0.        ,  0.28482884, ..., -0.97520811,
         -0.99768378, -0.93085664],
        [ 0.12845557, -0.28482884,  0.        , ..., -0.99784312,
         -0.97573291, -0.78822698],
        ...,
        [ 0.98114393,  0.97520811,  0.99784312, ...,  0.        ,
         -0.15444098, -0.56231506],
        [ 0.93952207,  0.99768378,  0.97573291, ...,  0.15444098,
          0.        , -0.42785761],
        [ 0.70264715,  0.93085664,  0.78822698, ...,  0.56231506,
          0.42785761,  0.        ]],

       [[ 0.        ,  0.60310732, -0.13197596, ..., -0.24108521,
         -0.32625469, -0.28900061],
        [-0.60310732,  0.        , -0.70310384, ..., -0.77762208,
         -0.83034677, -0.80789631],
        [ 0.13197596,  0.70310384,  0.        , ..., -0.11089323,
         -0.19864643, -0.16012829],
        ...,
        [ 0.24108521,  0.77762208,  0.11089323, ...,  0.        ,
         -0.08873798, -0.04967838],
        [ 0.32625469,  0.83034677,  0.19864643, ...,  0.08873798,
          0.        ,  0.03914601],
        [ 0.28900061,  0.80789631,  0.16012829, ...,  0.04967838,
         -0.03914601,  0.        ]],

       [[ 0.        , -0.2755375 , -0.45784456, ..., -0.92040438,
         -0.7210306 , -0.        ],
        [ 0.2755375 ,  0.        , -0.19515982, ..., -0.9925021 ,
         -0.88404056, -0.2755375 ],
        [ 0.45784456,  0.19515982,  0.        , ..., -0.99727164,
         -0.95826143, -0.45784456],
        ...,
        [ 0.92040438,  0.9925021 ,  0.99727164, ...,  0.        ,
         -0.35585146, -0.92040438],
        [ 0.7210306 ,  0.88404056,  0.95826143, ...,  0.35585146,
          0.        , -0.7210306 ],
        [ 0.        ,  0.2755375 ,  0.45784456, ...,  0.92040438,
          0.7210306 ,  0.        ]],

       ...,

       [[ 0.        , -0.49796084, -0.34346614, ..., -0.80776608,
         -0.9698599 , -0.98141092],
        [ 0.49796084,  0.        ,  0.16981376, ..., -0.40694487,
         -0.96239678, -0.94664683],
        [ 0.34346614, -0.16981376,  0.        , ..., -0.55615131,
         -0.9945486 , -0.98762426],
        ...,
        [ 0.80776608,  0.40694487,  0.55615131, ...,  0.        ,
         -0.76855836, -0.73356986],
        [ 0.9698599 ,  0.96239678,  0.9945486 , ...,  0.76855836,
          0.        ,  0.05299997],
        [ 0.98141092,  0.94664683,  0.98762426, ...,  0.73356986,
         -0.05299997,  0.        ]],

       [[ 0.        ,  0.0305705 ,  0.02009907, ..., -0.76970897,
         -0.56120343, -0.34972357],
        [-0.0305705 ,  0.        , -0.01047464, ..., -0.78886526,
         -0.58624366, -0.37820017],
        [-0.02009907,  0.01047464,  0.        , ..., -0.78238463,
         -0.57772563, -0.3684828 ],
        ...,
        [ 0.76970897,  0.78886526,  0.78238463, ...,  0.        ,
          0.27880166,  0.49784235],
        [ 0.56120343,  0.58624366,  0.57772563, ..., -0.27880166,
          0.        ,  0.23630662],
        [ 0.34972357,  0.37820017,  0.3684828 , ..., -0.49784235,
         -0.23630662,  0.        ]],

       [[ 0.        , -0.35192848, -0.36250126, ..., -0.93190595,
         -0.72044941, -0.        ],
        [ 0.35192848,  0.        , -0.01131947, ..., -0.9999335 ,
         -0.91842506, -0.35192848],
        [ 0.36250126,  0.01131947,  0.        , ..., -0.99999998,
         -0.92284414, -0.36250126],
        ...,
        [ 0.93190595,  0.9999335 ,  0.99999998, ...,  0.        ,
         -0.38497676, -0.93190595],
        [ 0.72044941,  0.91842506,  0.92284414, ...,  0.38497676,
          0.        , -0.72044941],
        [ 0.        ,  0.35192848,  0.36250126, ...,  0.93190595,
          0.72044941,  0.        ]]]), 'num': array([ 7.07106744e-01,  7.07106744e-01,  0.00000000e+00,  2.97541385e-05,
        3.09314605e-05,  2.89692571e-05,  3.11968931e-04, -2.14058550e-07,
        3.06103727e-05,  3.34038367e-05,  3.43641272e-05,  1.29732455e-07,
        3.69478618e-05,  2.98598117e-05])}
{'img': array([[[ 0.00000000e+00,  2.79616798e-01,  2.79616798e-01, ...,
         -9.87117224e-01, -9.98389489e-01, -9.23674699e-01],
        [-2.79616798e-01,  0.00000000e+00,  0.00000000e+00, ...,
         -9.92481106e-01, -9.42702417e-01, -7.79687986e-01],
        [-2.79616798e-01,  0.00000000e+00,  0.00000000e+00, ...,
         -9.92481106e-01, -9.42702417e-01, -7.79687986e-01],
        ...,
        [ 9.87117224e-01,  9.92481106e-01,  9.92481106e-01, ...,
          0.00000000e+00, -2.15741370e-01, -5.26027936e-01],
        [ 9.98389489e-01,  9.42702417e-01,  9.42702417e-01, ...,
          2.15741370e-01,  0.00000000e+00, -3.30159285e-01],
        [ 9.23674699e-01,  7.79687986e-01,  7.79687986e-01, ...,
          5.26027936e-01,  3.30159285e-01,  0.00000000e+00]],

       [[ 0.00000000e+00, -7.03103839e-01, -7.03203866e-01, ...,
         -8.30346770e-01, -8.07896313e-01, -9.97583604e-01],
        [ 7.03103839e-01,  0.00000000e+00, -1.40677584e-04, ...,
         -1.98646432e-01, -1.60128291e-01, -6.60519889e-01],
        [ 7.03203866e-01,  1.40677584e-04,  0.00000000e+00, ...,
         -1.98508556e-01, -1.59989428e-01, -6.60414261e-01],
        ...,
        [ 8.30346770e-01,  1.98646432e-01,  1.98508556e-01, ...,
          0.00000000e+00,  3.91460101e-02, -4.98211095e-01],
        [ 8.07896313e-01,  1.60128291e-01,  1.59989428e-01, ...,
         -3.91460101e-02,  0.00000000e+00, -5.31770990e-01],
        [ 9.97583604e-01,  6.60519889e-01,  6.60414261e-01, ...,
          4.98211095e-01,  5.31770990e-01,  0.00000000e+00]],

       [[ 0.00000000e+00, -3.59424355e-01, -4.82501782e-01, ...,
         -8.48102034e-01, -5.81085548e-01, -0.00000000e+00],
        [ 3.59424355e-01,  0.00000000e+00, -1.35440235e-01, ...,
         -9.81861819e-01, -8.34768865e-01, -3.59424355e-01],
        [ 4.82501782e-01,  1.35440235e-01,  0.00000000e+00, ...,
         -9.98493657e-01, -9.01650367e-01, -4.82501782e-01],
        ...,
        [ 8.48102034e-01,  9.81861819e-01,  9.98493657e-01, ...,
          0.00000000e+00, -3.82343203e-01, -8.48102034e-01],
        [ 5.81085548e-01,  8.34768865e-01,  9.01650367e-01, ...,
          3.82343203e-01,  0.00000000e+00, -5.81085548e-01],
        [ 0.00000000e+00,  3.59424355e-01,  4.82501782e-01, ...,
          8.48102034e-01,  5.81085548e-01,  0.00000000e+00]],

       ...,

       [[ 0.00000000e+00,  1.69813756e-01,  1.52369733e-01, ...,
         -9.62396784e-01, -9.46646834e-01, -9.29635842e-01],
        [-1.69813756e-01,  0.00000000e+00, -1.76741945e-02, ...,
         -9.94548603e-01, -9.87624258e-01, -9.78706874e-01],
        [-1.52369733e-01,  1.76741945e-02,  0.00000000e+00, ...,
         -9.92550294e-01, -9.84697995e-01, -9.74926143e-01],
        ...,
        [ 9.62396784e-01,  9.94548603e-01,  9.92550294e-01, ...,
          0.00000000e+00,  5.29999668e-02,  1.02090198e-01],
        [ 9.46646834e-01,  9.87624258e-01,  9.84697995e-01, ...,
         -5.29999668e-02,  0.00000000e+00,  4.92236618e-02],
        [ 9.29635842e-01,  9.78706874e-01,  9.74926143e-01, ...,
         -1.02090198e-01, -4.92236618e-02,  0.00000000e+00]],

       [[ 0.00000000e+00, -1.04746408e-02, -2.12403023e-02, ...,
         -5.86243660e-01, -3.78200173e-01, -2.31937842e-01],
        [ 1.04746408e-02,  0.00000000e+00, -1.07668594e-02, ...,
         -5.77725627e-01, -3.68482800e-01, -2.21736114e-01],
        [ 2.12403023e-02,  1.07668594e-02,  0.00000000e+00, ...,
         -5.68903895e-01, -3.58452197e-01, -2.11224425e-01],
        ...,
        [ 5.86243660e-01,  5.77725627e-01,  5.68903895e-01, ...,
          0.00000000e+00,  2.36306616e-01,  3.82356238e-01],
        [ 3.78200173e-01,  3.68482800e-01,  3.58452197e-01, ...,
         -2.36306616e-01,  0.00000000e+00,  1.53176494e-01],
        [ 2.31937842e-01,  2.21736114e-01,  2.11224425e-01, ...,
         -3.82356238e-01, -1.53176494e-01,  0.00000000e+00]],

       [[ 0.00000000e+00, -8.53145825e-02, -1.19261089e-01, ...,
         -8.83051973e-01, -6.66365558e-01, -0.00000000e+00],
        [ 8.53145825e-02,  0.00000000e+00, -3.41205845e-02, ...,
         -9.19868440e-01, -7.27548735e-01, -8.53145825e-02],
        [ 1.19261089e-01,  3.41205845e-02,  0.00000000e+00, ...,
         -9.32715838e-01, -7.50533732e-01, -1.19261089e-01],
        ...,
        [ 8.83051973e-01,  9.19868440e-01,  9.32715838e-01, ...,
          0.00000000e+00, -3.45716976e-01, -8.83051973e-01],
        [ 6.66365558e-01,  7.27548735e-01,  7.50533732e-01, ...,
          3.45716976e-01,  0.00000000e+00, -6.66365558e-01],
        [ 0.00000000e+00,  8.53145825e-02,  1.19261089e-01, ...,
          8.83051973e-01,  6.66365558e-01,  0.00000000e+00]]]), 'num': array([ 9.10268498e-01,  4.14018347e-01,  1.19147700e-04,  3.82850000e-05,
        3.82850000e-05,  3.71819508e-05,  2.04882200e-04, -4.59603841e-08,
        3.87446038e-05,  4.27569454e-05,  4.41556731e-05,  1.17973179e-07,
        4.77500372e-05,  3.77638536e-05])}
