state_0,state_1,state_2,state_3,state_4,state_5,state_6,state_7,state_8,state_9,state_10,state_11,state_12,state_13,state_14,state_15,state_16,state_17,state_18,state_19,state_20,state_21,state_22,state_23,state_24,state_25,state_26,state_27,state_28,state_29,state_30,state_31,state_32,state_33,state_34,state_35,state_36,state_37,state_38,state_39,state_40,state_41,state_42,state_43,state_44,state_45,state_46,state_47,state_48,state_49,state_50,state_51,state_52,state_53,state_54,state_55,state_56,state_57,state_58,state_59,state_60,state_61,state_62,state_63,state_64,state_65,state_66,state_67,state_68,state_69,state_70,state_71,state_72,state_73,state_74,state_75,state_76,state_77,state_78,state_79,state_80,state_81,state_82,state_83,state_84,state_85,state_86,state_87,state_88,state_89,state_90,state_91,state_92,state_93,state_94,state_95,state_96,state_97,state_98,state_99,state_100,state_101,state_102,state_103,state_104,state_105,state_106,state_107,state_108,state_109,state_110,state_111,state_112,state_113,state_114,state_115,state_116,state_117,state_118,state_119,state_120,state_121,state_122,state_123,state_124,state_125,state_126,state_127,state_128,state_129,state_130,state_131,state_132,state_133,state_134,state_135,state_136,state_137,state_138,state_139,state_140,state_141,state_142,state_143,state_144,state_145,state_146,state_147,state_148,state_149,state_150,state_151,state_152,state_153,state_154,state_155,state_156,state_157,state_158,state_159,state_160,state_161,state_162,state_163,state_164,state_165,state_166,state_167,state_168,state_169,state_170,state_171,state_172,state_173,state_174,state_175,state_176,state_177,state_178,state_179,state_180,state_181,state_182,state_183,state_184,state_185,state_186,state_187,state_188,state_189,state_190,state_191,state_192,state_193,state_194,state_195,state_196,state_197,state_198,state_199,state_200,state_201,state_202,state_203,state_204,state_205,state_206,state_207,state_208,state_209,state_210,state_211,state_212,state_213,state_214,state_215,state_216,state_217,state_218,state_219,state_220,state_221,state_222,state_223,state_224,state_225,state_226,state_227,state_228,state_229,state_230,state_231,state_232,state_233,state_234,state_235,state_236,state_237,state_238,state_239,state_240,state_241,state_242,state_243,state_244,state_245,state_246,state_247,state_248,state_249,state_250,state_251,state_252,state_253,state_254,state_255,state_256,state_257,state_258,state_259,state_260,state_261,state_262,state_263,state_264,state_265,state_266,state_267,state_268,state_269,state_270,state_271,state_272,state_273,state_274,state_275,state_276,state_277,state_278,state_279,state_280,state_281,state_282,state_283,state_284,state_285,state_286,state_287
{'img': array([[[ 0.        , -0.16020386, -0.17041223, ..., -0.83528895,
         -0.83528895, -0.97736967],
        [ 0.16020386,  0.        , -0.01035064, ..., -0.73641844,
         -0.73641844, -0.93085664],
        [ 0.17041223,  0.01035064,  0.        , ..., -0.72937651,
         -0.72937651, -0.92702481],
        ...,
        [ 0.83528895,  0.73641844,  0.72937651, ...,  0.        ,
          0.        , -0.36067306],
        [ 0.83528895,  0.73641844,  0.72937651, ...,  0.        ,
          0.        , -0.36067306],
        [ 0.97736967,  0.93085664,  0.92702481, ...,  0.36067306,
          0.36067306,  0.        ]],

       [[ 0.        ,  0.62205252,  0.74445678, ...,  0.14076161,
         -0.21124643, -0.0587262 ],
        [-0.62205252,  0.        ,  0.16756522, ..., -0.50564616,
         -0.77341534, -0.66696011],
        [-0.74445678, -0.16756522,  0.        , ..., -0.64306221,
         -0.86869954, -0.7823817 ],
        ...,
        [-0.14076161,  0.50564616,  0.64306221, ...,  0.        ,
         -0.34672819, -0.19866017],
        [ 0.21124643,  0.77341534,  0.86869954, ...,  0.34672819,
          0.        ,  0.15348093],
        [ 0.0587262 ,  0.66696011,  0.7823817 , ...,  0.19866017,
         -0.15348093,  0.        ]],

       [[ 0.        , -0.04145938, -0.11401652, ..., -0.84731087,
         -0.8956794 , -0.9362669 ],
        [ 0.04145938,  0.        , -0.07272947, ..., -0.82456338,
         -0.87647229, -0.92089765],
        [ 0.11401652,  0.07272947,  0.        , ..., -0.78123157,
         -0.83913536, -0.89010857],
        ...,
        [ 0.84731087,  0.82456338,  0.78123157, ...,  0.        ,
         -0.09889342, -0.1995974 ],
        [ 0.8956794 ,  0.87647229,  0.83913536, ...,  0.09889342,
          0.        , -0.10171549],
        [ 0.9362669 ,  0.92089765,  0.89010857, ...,  0.1995974 ,
          0.10171549,  0.        ]],

       ...,

       [[ 0.        , -0.06364495, -0.49658326, ..., -0.49895784,
         -0.44097656, -0.45079585],
        [ 0.06364495,  0.        , -0.44033337, ..., -0.44278987,
         -0.38296   , -0.3930707 ],
        [ 0.49658326,  0.44033337,  0.        , ..., -0.00273787,
          0.06292989,  0.05197779],
        ...,
        [ 0.49895784,  0.44278987,  0.00273787, ...,  0.        ,
          0.06566209,  0.05471176],
        [ 0.44097656,  0.38296   , -0.06292989, ..., -0.06566209,
          0.        , -0.01097005],
        [ 0.45079585,  0.3930707 , -0.05197779, ..., -0.05471176,
          0.01097005,  0.        ]],

       [[ 0.        , -0.03714354, -0.09378492, ..., -0.99693368,
         -0.98781445, -0.91416181],
        [ 0.03714354,  0.        , -0.05674037, ..., -0.99915226,
         -0.99291368, -0.9285871 ],
        [ 0.09378492,  0.05674037,  0.        , ..., -0.99987845,
         -0.99805697, -0.94814829],
        ...,
        [ 0.99693368,  0.99915226,  0.99987845, ...,  0.        ,
         -0.07786128, -0.33257232],
        [ 0.98781445,  0.99291368,  0.99805697, ...,  0.07786128,
          0.        , -0.25813345],
        [ 0.91416181,  0.9285871 ,  0.94814829, ...,  0.33257232,
          0.25813345,  0.        ]],

       [[ 0.        , -0.13450075, -0.23691265, ..., -0.99973921,
         -0.98827228, -0.87779425],
        [ 0.13450075,  0.        , -0.10408831, ..., -0.99372662,
         -0.99983087, -0.93424911],
        [ 0.23691265,  0.10408831,  0.        , ..., -0.97668789,
         -0.99631415, -0.96629441],
        ...,
        [ 0.99973921,  0.99372662,  0.97668789, ...,  0.        ,
         -0.1300933 , -0.45886699],
        [ 0.98827228,  0.99983087,  0.99631415, ...,  0.1300933 ,
          0.        , -0.33937888],
        [ 0.87779425,  0.93424911,  0.96629441, ...,  0.45886699,
          0.33937888,  0.        ]]]), 'num': array([ 8.84969973e-01,  3.71097324e-01,  8.46577676e-06,  8.56454415e-02,
        8.79029820e-02,  8.47988638e-02,  1.20484935e-01, -1.83425163e-03,
        8.80722975e-02,  9.07813461e-02,  9.88497016e-02,  4.27914945e-05,
        9.74993073e-02,  8.40633849e-02])}
{'img': array([[[ 0.        , -0.00945482,  0.22819146, ..., -0.62145359,
         -0.71159218, -0.95850733],
        [ 0.00945482,  0.        ,  0.23738663, ..., -0.61401842,
         -0.70491748, -0.95576922],
        [-0.22819146, -0.23738663,  0.        , ..., -0.78383415,
         -0.8531434 , -0.9982684 ],
        ...,
        [ 0.62145359,  0.61401842,  0.78383415, ...,  0.        ,
         -0.1208688 , -0.57378706],
        [ 0.71159218,  0.70491748,  0.8531434 , ...,  0.1208688 ,
          0.        , -0.47058824],
        [ 0.95850733,  0.95576922,  0.9982684 , ...,  0.57378706,
          0.47058824,  0.        ]],

       [[ 0.        ,  0.16756522, -0.14843168, ..., -0.77341534,
         -0.66696011, -0.03628186],
        [-0.16756522,  0.        , -0.31204205, ..., -0.86869954,
         -0.7823817 , -0.20322376],
        [ 0.14843168,  0.31204205,  0.        , ..., -0.67075717,
         -0.5489765 ,  0.112454  ],
        ...,
        [ 0.77341534,  0.86869954,  0.67075717, ...,  0.        ,
          0.15348093,  0.74990706],
        [ 0.66696011,  0.7823817 ,  0.5489765 , ..., -0.15348093,
          0.        ,  0.63948761],
        [ 0.03628186,  0.20322376, -0.112454  , ..., -0.74990706,
         -0.63948761,  0.        ]],

       [[ 0.        , -0.07110506, -0.0928069 , ..., -0.83862098,
         -0.87596611, -0.98862162],
        [ 0.07110506,  0.        , -0.02177381, ..., -0.79776627,
         -0.83944975, -0.97542336],
        [ 0.0928069 ,  0.02177381,  0.        , ..., -0.78444825,
         -0.82741804, -0.97039449],
        ...,
        [ 0.83862098,  0.79776627,  0.78444825, ...,  0.        ,
         -0.07262438, -0.41236891],
        [ 0.87596611,  0.83944975,  0.82741804, ...,  0.07262438,
          0.        , -0.34511795],
        [ 0.98862162,  0.97542336,  0.97039449, ...,  0.41236891,
          0.34511795,  0.        ]],

       ...,

       [[ 0.        , -0.44033337, -0.10831229, ..., -0.38296   ,
         -0.3930707 , -0.26694903],
        [ 0.44033337,  0.        ,  0.34049636, ...,  0.06292989,
          0.05197779,  0.18467796],
        [ 0.10831229, -0.34049636,  0.        , ..., -0.28065192,
         -0.29116419, -0.16099684],
        ...,
        [ 0.38296   , -0.06292989,  0.28065192, ...,  0.        ,
         -0.01097005,  0.12246448],
        [ 0.3930707 , -0.05197779,  0.29116419, ...,  0.01097005,
          0.        ,  0.13334459],
        [ 0.26694903, -0.18467796,  0.16099684, ..., -0.12246448,
         -0.13334459,  0.        ]],

       [[ 0.        , -0.05554001, -0.11595276, ..., -0.99960819,
         -0.99820081, -0.92120545],
        [ 0.05554001,  0.        , -0.0606084 , ..., -0.99651067,
         -0.9999902 , -0.94139284],
        [ 0.11595276,  0.0606084 ,  0.        , ..., -0.98961999,
         -0.99842014, -0.96010616],
        ...,
        [ 0.99960819,  0.99651067,  0.98961999, ...,  0.        ,
         -0.08787605, -0.41470903],
        [ 0.99820081,  0.9999902 ,  0.99842014, ...,  0.08787605,
          0.        , -0.33314152],
        [ 0.92120545,  0.94139284,  0.96010616, ...,  0.41470903,
          0.33314152,  0.        ]],

       [[ 0.        , -0.10145851, -0.12172502, ..., -0.99333611,
         -0.99978526, -0.92579032],
        [ 0.10145851,  0.        , -0.02039284, ..., -0.97651682,
         -0.99672863, -0.95936814],
        [ 0.12172502,  0.02039284,  0.        , ..., -0.97192029,
         -0.99487319, -0.96492263],
        ...,
        [ 0.99333611,  0.97651682,  0.97192029, ...,  0.        ,
         -0.1358133 , -0.48221878],
        [ 0.99978526,  0.99672863,  0.99487319, ...,  0.1358133 ,
          0.        , -0.3587714 ],
        [ 0.92579032,  0.95936814,  0.96492263, ...,  0.48221878,
          0.3587714 ,  0.        ]]]), 'num': array([ 7.07081867e-01,  7.07081867e-01,  0.00000000e+00,  2.12876775e-03,
        2.30177714e-03,  2.09867916e-03,  5.16636136e-03, -1.54204024e-04,
        2.29199835e-03,  2.39937701e-03,  2.62742345e-03,  1.07875759e-06,
        2.61035246e-03,  2.18840155e-03])}
{'img': array([[[ 0.        ,  0.19749934,  0.53027461, ..., -0.51120661,
         -0.61757233, -0.9957956 ],
        [-0.19749934,  0.        ,  0.35238473, ..., -0.67087975,
         -0.76074404, -0.99427298],
        [-0.53027461, -0.35238473,  0.        , ..., -0.88916291,
         -0.9406623 , -0.89283612],
        ...,
        [ 0.51120661,  0.67087975,  0.88916291, ...,  0.        ,
         -0.12870618, -0.80901626],
        [ 0.61757233,  0.76074404,  0.9406623 , ...,  0.12870618,
          0.        , -0.72663576],
        [ 0.9957956 ,  0.99427298,  0.89283612, ...,  0.80901626,
          0.72663576,  0.        ]],

       [[ 0.        , -0.31204205,  0.6285818 , ..., -0.7823817 ,
         -0.20322376,  0.40137557],
        [ 0.31204205,  0.        ,  0.8398843 , ..., -0.5489765 ,
          0.112454  ,  0.66713774],
        [-0.6285818 , -0.8398843 ,  0.        , ..., -0.99997252,
         -0.77352071, -0.26355936],
        ...,
        [ 0.7823817 ,  0.5489765 ,  0.99997252, ...,  0.        ,
          0.63948761,  0.9665704 ],
        [ 0.20322376, -0.112454  ,  0.77352071, ..., -0.63948761,
          0.        ,  0.57913519],
        [-0.40137557, -0.66713774,  0.26355936, ..., -0.9665704 ,
         -0.57913519,  0.        ]],

       [[ 0.        , -0.01984496,  0.10040493, ..., -0.71131154,
         -0.77883032, -0.99129883],
        [ 0.01984496,  0.        ,  0.12012983, ..., -0.6972229 ,
         -0.7662295 , -0.98849141],
        [-0.10040493, -0.12012983,  0.        , ..., -0.77828934,
         -0.83787208, -0.99950582],
        ...,
        [ 0.71131154,  0.6972229 ,  0.77828934, ...,  0.        ,
         -0.10126256, -0.60313062],
        [ 0.77883032,  0.7662295 ,  0.83787208, ...,  0.10126256,
          0.        , -0.51925905],
        [ 0.99129883,  0.98849141,  0.99950582, ...,  0.60313062,
          0.51925905,  0.        ]],

       ...,

       [[ 0.        ,  0.34049636,  0.6918388 , ...,  0.05197779,
          0.18467796,  0.10687018],
        [-0.34049636,  0.        ,  0.40464247, ..., -0.29116419,
         -0.16099684, -0.2380621 ],
        [-0.6918388 , -0.40464247,  0.        , ..., -0.65337293,
         -0.54659145, -0.6107108 ],
        ...,
        [-0.05197779,  0.29116419,  0.65337293, ...,  0.        ,
          0.13334459,  0.0550456 ],
        [-0.18467796,  0.16099684,  0.54659145, ..., -0.13334459,
          0.        , -0.07858839],
        [-0.10687018,  0.2380621 ,  0.6107108 , ..., -0.0550456 ,
          0.07858839,  0.        ]],

       [[ 0.        , -0.0606084 , -0.08086135, ..., -0.9999902 ,
         -0.94139284, -0.99777005],
        [ 0.0606084 ,  0.        , -0.02030277, ..., -0.99842014,
         -0.96010616, -0.99998109],
        [ 0.08086135,  0.02030277,  0.        , ..., -0.99707355,
         -0.96558564, -0.99989982],
        ...,
        [ 0.9999902 ,  0.99842014,  0.99707355, ...,  0.        ,
         -0.33314152, -0.0623277 ],
        [ 0.94139284,  0.96010616,  0.96558564, ...,  0.33314152,
          0.        ,  0.27372646],
        [ 0.99777005,  0.99998109,  0.99989982, ...,  0.0623277 ,
         -0.27372646,  0.        ]],

       [[ 0.        , -0.01853638, -0.00853563, ..., -0.91616035,
         -0.94741282, -0.93026627],
        [ 0.01853638,  0.        ,  0.01000153, ..., -0.90857335,
         -0.94131814, -0.93690716],
        [ 0.00853563, -0.01000153,  0.        , ..., -0.9127058 ,
         -0.94464678, -0.93336398],
        ...,
        [ 0.91616035,  0.90857335,  0.9127058 , ...,  0.        ,
         -0.08655024, -0.70898739],
        [ 0.94741282,  0.94131814,  0.94464678, ...,  0.08655024,
          0.        , -0.64528985],
        [ 0.93026627,  0.93690716,  0.93336398, ...,  0.70898739,
          0.64528985,  0.        ]]]), 'num': array([ 8.23721363e-01,  5.66910648e-01,  4.69489423e-06,  2.42274259e-03,
        2.52461293e-03,  2.41831344e-03,  6.10256525e-03, -8.41537645e-05,
        2.62825494e-03,  2.79877704e-03,  3.08394019e-03,  1.06178146e-06,
        3.09503225e-03,  2.50252183e-03])}
{'img': array([[[ 0.        ,  0.33464217,  0.40431824, ..., -0.70196652,
         -0.93657948, -0.98591286],
        [-0.33464217,  0.        ,  0.07493751, ..., -0.89983031,
         -0.99985835, -0.87309815],
        [-0.40431824, -0.07493751,  0.        , ..., -0.92999095,
         -0.99830824, -0.83410783],
        ...,
        [ 0.70196652,  0.89983031,  0.92999095, ...,  0.        ,
         -0.42103337, -0.81958771],
        [ 0.93657948,  0.99985835,  0.99830824, ...,  0.42103337,
          0.        , -0.50217041],
        [ 0.98591286,  0.87309815,  0.83410783, ...,  0.81958771,
          0.50217041,  0.        ]],

       [[ 0.        ,  0.8398843 ,  0.38343604, ...,  0.112454  ,
          0.66713774,  0.67112329],
        [-0.8398843 ,  0.        , -0.56757395, ..., -0.77352071,
         -0.26355936, -0.25838212],
        [-0.38343604,  0.56757395,  0.        , ..., -0.27714503,
          0.330512  ,  0.33556893],
        ...,
        [-0.112454  ,  0.77352071,  0.27714503, ...,  0.        ,
          0.57913519,  0.58349901],
        [-0.66713774,  0.26355936, -0.330512  , ..., -0.57913519,
          0.        ,  0.00536307],
        [-0.67112329,  0.25838212, -0.33556893, ..., -0.58349901,
         -0.00536307,  0.        ]],

       [[ 0.        ,  0.11094729,  0.22465329, ..., -0.67104792,
         -0.81730529, -0.99772635],
        [-0.11094729,  0.        ,  0.115155  , ..., -0.74916293,
         -0.87618786, -0.99904401],
        [-0.22465329, -0.115155  ,  0.        , ..., -0.82045619,
         -0.92586028, -0.9873638 ],
        ...,
        [ 0.67104792,  0.74916293,  0.82045619, ...,  0.        ,
         -0.21930049, -0.69450282],
        [ 0.81730529,  0.87618786,  0.92586028, ...,  0.21930049,
          0.        , -0.51981228],
        [ 0.99772635,  0.99904401,  0.9873638 , ...,  0.69450282,
          0.51981228,  0.        ]],

       ...,

       [[ 0.        ,  0.40464247,  0.60770536, ..., -0.16099684,
         -0.2380621 , -0.49973571],
        [-0.40464247,  0.        ,  0.23437943, ..., -0.54659145,
         -0.6107108 , -0.80748818],
        [-0.60770536, -0.23437943,  0.        , ..., -0.72763546,
         -0.7792938 , -0.92325237],
        ...,
        [ 0.16099684,  0.54659145,  0.72763546, ...,  0.        ,
         -0.07858839, -0.35376471],
        [ 0.2380621 ,  0.6107108 ,  0.7792938 , ...,  0.07858839,
          0.        , -0.27916415],
        [ 0.49973571,  0.80748818,  0.92325237, ...,  0.35376471,
          0.27916415,  0.        ]],

       [[ 0.        , -0.02030277,  0.0094882 , ..., -0.96010616,
         -0.99998109, -0.98676626],
        [ 0.02030277,  0.        ,  0.02978809, ..., -0.96558564,
         -0.99989982, -0.98327079],
        [-0.0094882 , -0.02978809,  0.        , ..., -0.9574097 ,
         -0.99987773, -0.98826034],
        ...,
        [ 0.96010616,  0.96558564,  0.9574097 , ...,  0.        ,
          0.27372646,  0.43161554],
        [ 0.99998109,  0.99989982,  0.99987773, ..., -0.27372646,
          0.        ,  0.16821405],
        [ 0.98676626,  0.98327079,  0.98826034, ..., -0.43161554,
         -0.16821405,  0.        ]],

       [[ 0.        ,  0.00908956, -0.00200632, ..., -0.85219994,
         -0.96188539, -0.90244711],
        [-0.00908956,  0.        , -0.01109578, ..., -0.85692054,
         -0.96433122, -0.89849404],
        [ 0.00200632,  0.01109578,  0.        , ..., -0.85114848,
         -0.96133482, -0.90330961],
        ...,
        [ 0.85219994,  0.85692054,  0.85114848, ...,  0.        ,
         -0.27023754, -0.83930332],
        [ 0.96188539,  0.96433122,  0.96133482, ...,  0.27023754,
          0.        , -0.66115766],
        [ 0.90244711,  0.89849404,  0.90330961, ...,  0.83930332,
          0.66115766,  0.        ]]]), 'num': array([7.08138959e-01, 7.06036121e-01, 3.80948870e-08, 2.10283776e-03,
       2.13331367e-03, 2.01902901e-03, 3.19101821e-03, 1.90474435e-05,
       2.20340826e-03, 2.38054949e-03, 2.64238834e-03, 1.00913608e-06,
       2.64536677e-03, 2.11573220e-03])}
{'img': array([[[ 0.        ,  0.07493751,  0.02462513, ..., -0.99985835,
         -0.87309815, -0.97093433],
        [-0.07493751,  0.        , -0.05035889, ..., -0.99830824,
         -0.83410783, -0.95026829],
        [-0.02462513,  0.05035889,  0.        , ..., -0.99996961,
         -0.86082754, -0.96474597],
        ...,
        [ 0.99985835,  0.99830824,  0.99996961, ...,  0.        ,
         -0.50217041, -0.25565381],
        [ 0.87309815,  0.83410783,  0.86082754, ...,  0.50217041,
          0.        ,  0.26440108],
        [ 0.97093433,  0.95026829,  0.96474597, ...,  0.25565381,
         -0.26440108,  0.        ]],

       [[ 0.        , -0.56757395, -0.9238713 , ..., -0.26355936,
         -0.25838212, -0.78555004],
        [ 0.56757395,  0.        , -0.54343153, ...,  0.330512  ,
          0.33556893, -0.29554726],
        [ 0.9238713 ,  0.54343153,  0.        , ...,  0.79034111,
          0.79361552,  0.27105725],
        ...,
        [ 0.26355936, -0.330512  , -0.79034111, ...,  0.        ,
          0.00536307, -0.59468544],
        [ 0.25838212, -0.33556893, -0.79361552, ..., -0.00536307,
          0.        , -0.59898858],
        [ 0.78555004,  0.29554726, -0.27105725, ...,  0.59468544,
          0.59898858,  0.        ]],

       [[ 0.        ,  0.10863639,  0.23615177, ..., -0.80268409,
         -0.91862113, -0.99448706],
        [-0.10863639,  0.        ,  0.12919038, ..., -0.86272467,
         -0.95611085, -0.97720971],
        [-0.23615177, -0.12919038,  0.        , ..., -0.92082309,
         -0.98595191, -0.94159646],
        ...,
        [ 0.80268409,  0.86272467,  0.92082309, ...,  0.        ,
         -0.23069752, -0.67728541],
        [ 0.91862113,  0.95611085,  0.98595191, ...,  0.23069752,
          0.        , -0.48928712],
        [ 0.99448706,  0.97720971,  0.94159646, ...,  0.67728541,
          0.48928712,  0.        ]],

       ...,

       [[ 0.        ,  0.23437943,  0.31461652, ..., -0.6107108 ,
         -0.80748818, -0.69912009],
        [-0.23437943,  0.        ,  0.08337556, ..., -0.7792938 ,
         -0.92325237, -0.84722853],
        [-0.31461652, -0.08337556,  0.        , ..., -0.82882847,
         -0.95207018, -0.88857013],
        ...,
        [ 0.6107108 ,  0.7792938 ,  0.82882847, ...,  0.        ,
         -0.27916415, -0.11694002],
        [ 0.80748818,  0.92325237,  0.95207018, ...,  0.27916415,
          0.        ,  0.16495792],
        [ 0.69912009,  0.84722853,  0.88857013, ...,  0.11694002,
         -0.16495792,  0.        ]],

       [[ 0.        ,  0.02978809,  0.04378766, ..., -0.99989982,
         -0.98327079, -0.99952779],
        [-0.02978809,  0.        ,  0.01400871, ..., -0.99987773,
         -0.98826034, -0.99999956],
        [-0.04378766, -0.01400871,  0.        , ..., -0.99956056,
         -0.99030361, -0.9999146 ],
        ...,
        [ 0.99989982,  0.99987773,  0.99956056, ...,  0.        ,
          0.16821405,  0.01657711],
        [ 0.98327079,  0.98826034,  0.99030361, ..., -0.16821405,
          0.        , -0.15185004],
        [ 0.99952779,  0.99999956,  0.9999146 , ..., -0.01657711,
          0.15185004,  0.        ]],

       [[ 0.        , -0.01058158, -0.01468481, ..., -0.92565443,
         -0.9996716 , -0.87924901],
        [ 0.01058158,  0.        , -0.00410355, ..., -0.92159885,
         -0.99934447, -0.88424045],
        [ 0.01468481,  0.00410355,  0.        , ..., -0.91999833,
         -0.9991875 , -0.8861495 ],
        ...,
        [ 0.92565443,  0.92159885,  0.91999833, ...,  0.        ,
         -0.35452508, -0.77362848],
        [ 0.9996716 ,  0.99934447,  0.9991875 , ...,  0.35452508,
          0.        , -0.49873752],
        [ 0.87924901,  0.88424045,  0.8861495 , ...,  0.77362848,
          0.49873752,  0.        ]]]), 'num': array([7.48235393e-01, 6.63394830e-01, 1.52865879e-06, 2.23264639e-03,
       2.27287425e-03, 2.19241853e-03, 2.12922055e-03, 1.20683589e-05,
       2.27448337e-03, 2.48748990e-03, 2.77686233e-03, 7.87066882e-07,
       2.76883513e-03, 2.20614467e-03])}
{'img': array([[[ 0.00000000e+00, -5.03588928e-02, -1.22975414e-01, ...,
         -8.34107829e-01, -9.50268286e-01, -9.70088500e-01],
        [ 5.03588928e-02,  0.00000000e+00, -7.28427262e-02, ...,
         -8.60827538e-01, -9.64745967e-01, -9.81082336e-01],
        [ 1.22975414e-01,  7.28427262e-02,  0.00000000e+00, ...,
         -8.95610128e-01, -9.81354018e-01, -9.92577723e-01],
        ...,
        [ 8.34107829e-01,  8.60827538e-01,  8.95610128e-01, ...,
          0.00000000e+00,  2.64401076e-01,  3.32621251e-01],
        [ 9.50268286e-01,  9.64745967e-01,  9.81354018e-01, ...,
         -2.64401076e-01,  0.00000000e+00,  7.14379850e-02],
        [ 9.70088500e-01,  9.81082336e-01,  9.92577723e-01, ...,
         -3.32621251e-01, -7.14379850e-02,  0.00000000e+00]],

       [[ 0.00000000e+00, -5.43431535e-01, -5.32228717e-01, ...,
          3.35568931e-01, -2.95547257e-01, -6.36138436e-01],
        [ 5.43431535e-01,  0.00000000e+00,  1.32882128e-02, ...,
          7.93615524e-01,  2.71057250e-01, -1.14710478e-01],
        [ 5.32228717e-01, -1.32882128e-02,  0.00000000e+00, ...,
          7.85460645e-01,  2.58242572e-01, -1.27900847e-01],
        ...,
        [-3.35568931e-01, -7.93615524e-01, -7.85460645e-01, ...,
          0.00000000e+00, -5.98988579e-01, -8.58168944e-01],
        [ 2.95547257e-01, -2.71057250e-01, -2.58242572e-01, ...,
          5.98988579e-01,  0.00000000e+00, -3.79684080e-01],
        [ 6.36138436e-01,  1.14710478e-01,  1.27900847e-01, ...,
          8.58168944e-01,  3.79684080e-01,  0.00000000e+00]],

       [[ 0.00000000e+00,  1.23940621e-01,  2.38012130e-01, ...,
         -9.09175616e-01, -9.78867759e-01, -9.67300026e-01],
        [-1.23940621e-01,  0.00000000e+00,  1.15798132e-01, ...,
         -9.53776014e-01, -9.96665480e-01, -9.28406125e-01],
        [-2.38012130e-01, -1.15798132e-01,  0.00000000e+00, ...,
         -9.82159213e-01, -9.99409355e-01, -8.79133752e-01],
        ...,
        [ 9.09175616e-01,  9.53776014e-01,  9.82159213e-01, ...,
          0.00000000e+00, -2.21691942e-01, -6.33394866e-01],
        [ 9.78867759e-01,  9.96665480e-01,  9.99409355e-01, ...,
          2.21691942e-01,  0.00000000e+00, -4.46082345e-01],
        [ 9.67300026e-01,  9.28406125e-01,  8.79133752e-01, ...,
          6.33394866e-01,  4.46082345e-01,  0.00000000e+00]],

       ...,

       [[ 0.00000000e+00,  8.16049527e-02,  1.29703686e-01, ...,
         -8.93291108e-01, -8.20526500e-01, -9.97151574e-01],
        [-8.16049527e-02,  0.00000000e+00,  4.83554728e-02, ...,
         -9.26991441e-01, -8.64435926e-01, -9.87670879e-01],
        [-1.29703686e-01, -4.83554728e-02,  0.00000000e+00, ...,
         -9.44044327e-01, -8.87735076e-01, -9.78945699e-01],
        ...,
        [ 8.93291108e-01,  9.26991441e-01,  9.44044327e-01, ...,
          0.00000000e+00,  1.41803690e-01, -5.15573620e-01],
        [ 8.20526500e-01,  8.64435926e-01,  8.87735076e-01, ...,
         -1.41803690e-01,  0.00000000e+00, -6.31867469e-01],
        [ 9.97151574e-01,  9.87670879e-01,  9.78945699e-01, ...,
          5.15573620e-01,  6.31867469e-01,  0.00000000e+00]],

       [[ 0.00000000e+00,  1.38267443e-02,  2.09283752e-02, ...,
         -9.77988984e-01, -9.96251142e-01, -9.53708271e-01],
        [-1.38267443e-02,  0.00000000e+00,  7.10265873e-03, ...,
         -9.80780535e-01, -9.97352032e-01, -9.49458940e-01],
        [-2.09283752e-02, -7.10265873e-03,  0.00000000e+00, ...,
         -9.82141625e-01, -9.97843416e-01, -9.47205528e-01],
        ...,
        [ 9.77988984e-01,  9.80780535e-01,  9.82141625e-01, ...,
          0.00000000e+00, -1.23270269e-01, -4.93111336e-01],
        [ 9.96251142e-01,  9.97352032e-01,  9.97843416e-01, ...,
          1.23270269e-01,  0.00000000e+00, -3.82109474e-01],
        [ 9.53708271e-01,  9.49458940e-01,  9.47205528e-01, ...,
          4.93111336e-01,  3.82109474e-01,  0.00000000e+00]],

       [[ 0.00000000e+00, -3.97473883e-03, -4.63854410e-03, ...,
         -9.87079379e-01, -9.96686623e-01, -8.70840916e-01],
        [ 3.97473883e-03,  0.00000000e+00, -6.63811385e-04, ...,
         -9.86434701e-01, -9.97002045e-01, -8.72787879e-01],
        [ 4.63854410e-03,  6.63811385e-04,  0.00000000e+00, ...,
         -9.86325516e-01, -9.97053188e-01, -8.73111693e-01],
        ...,
        [ 9.87079379e-01,  9.86434701e-01,  9.86325516e-01, ...,
          0.00000000e+00, -2.39987595e-01, -6.24750224e-01],
        [ 9.96686623e-01,  9.97002045e-01,  9.97053188e-01, ...,
          2.39987595e-01,  0.00000000e+00, -4.19104262e-01],
        [ 8.70840916e-01,  8.72787879e-01,  8.73111693e-01, ...,
          6.24750224e-01,  4.19104262e-01,  0.00000000e+00]]]), 'num': array([ 7.37065234e-01,  6.75786585e-01,  1.11012046e-06,  2.18852320e-03,
        2.25195865e-03,  2.17662905e-03,  1.63619862e-03, -1.18941478e-05,
        2.19803852e-03,  2.42620792e-03,  2.72270259e-03,  7.98860674e-07,
        2.70225552e-03,  2.15016032e-03])}
{'img': array([[[ 0.00000000e+00, -7.28427262e-02, -1.87904827e-01, ...,
         -9.64745967e-01, -9.81082336e-01, -9.64745967e-01],
        [ 7.28427262e-02,  0.00000000e+00, -1.15860450e-01, ...,
         -9.81354018e-01, -9.92577723e-01, -9.81354018e-01],
        [ 1.87904827e-01,  1.15860450e-01,  0.00000000e+00, ...,
         -9.97014510e-01, -9.99983224e-01, -9.97014510e-01],
        ...,
        [ 9.64745967e-01,  9.81354018e-01,  9.97014510e-01, ...,
          0.00000000e+00,  7.14379850e-02,  0.00000000e+00],
        [ 9.81082336e-01,  9.92577723e-01,  9.99983224e-01, ...,
         -7.14379850e-02,  0.00000000e+00, -7.14379850e-02],
        [ 9.64745967e-01,  9.81354018e-01,  9.97014510e-01, ...,
          0.00000000e+00,  7.14379850e-02,  0.00000000e+00]],

       [[ 0.00000000e+00,  1.32882128e-02, -9.28562554e-02, ...,
          2.71057250e-01, -1.14710478e-01, -2.84215320e-01],
        [-1.32882128e-02,  0.00000000e+00, -1.06078858e-01, ...,
          2.58242572e-01, -1.27900847e-01, -2.96930440e-01],
        [ 9.28562554e-02,  1.06078858e-01,  0.00000000e+00, ...,
          3.59266170e-01, -2.19715664e-02, -1.93960467e-01],
        ...,
        [-2.71057250e-01, -2.58242572e-01, -3.59266170e-01, ...,
          0.00000000e+00, -3.79684080e-01, -5.33454194e-01],
        [ 1.14710478e-01,  1.27900847e-01,  2.19715664e-02, ...,
          3.79684080e-01,  0.00000000e+00, -1.72359333e-01],
        [ 2.84215320e-01,  2.96930440e-01,  1.93960467e-01, ...,
          5.33454194e-01,  1.72359333e-01,  0.00000000e+00]],

       [[ 0.00000000e+00,  1.12360814e-01,  1.55354912e-01, ...,
         -9.78142036e-01, -9.99983126e-01, -9.17255842e-01],
        [-1.12360814e-01,  0.00000000e+00,  4.33745130e-02, ...,
         -9.95311994e-01, -9.94303444e-01, -8.66694148e-01],
        [-1.55354912e-01, -4.33745130e-02,  0.00000000e+00, ...,
         -9.98570309e-01, -9.88744555e-01, -8.44241550e-01],
        ...,
        [ 9.78142036e-01,  9.95311994e-01,  9.98570309e-01, ...,
          0.00000000e+00, -2.02252034e-01, -5.80324759e-01],
        [ 9.99983126e-01,  9.94303444e-01,  9.88744555e-01, ...,
          2.02252034e-01,  0.00000000e+00, -4.03620427e-01],
        [ 9.17255842e-01,  8.66694148e-01,  8.44241550e-01, ...,
          5.80324759e-01,  4.03620427e-01,  0.00000000e+00]],

       ...,

       [[ 0.00000000e+00,  4.83554728e-02,  2.33379473e-01, ...,
         -8.64435926e-01, -9.87670879e-01, -9.99281907e-01],
        [-4.83554728e-02,  0.00000000e+00,  1.86086291e-01, ...,
         -8.87735076e-01, -9.78945699e-01, -9.99945137e-01],
        [-2.33379473e-01, -1.86086291e-01,  0.00000000e+00, ...,
         -9.57895062e-01, -9.23862761e-01, -9.80530278e-01],
        ...,
        [ 8.64435926e-01,  8.87735076e-01,  9.57895062e-01, ...,
          0.00000000e+00, -6.31867469e-01, -4.69628304e-01],
        [ 9.87670879e-01,  9.78945699e-01,  9.23862761e-01, ...,
          6.31867469e-01,  0.00000000e+00,  1.93855350e-01],
        [ 9.99281907e-01,  9.99945137e-01,  9.80530278e-01, ...,
          4.69628304e-01, -1.93855350e-01,  0.00000000e+00]],

       [[ 0.00000000e+00,  6.88864162e-03, -6.37443037e-02, ...,
         -9.77701468e-01, -9.98544905e-01, -9.39965721e-01],
        [-6.88864162e-03,  0.00000000e+00, -7.06174232e-02, ...,
         -9.79124882e-01, -9.98892693e-01, -9.37592539e-01],
        [ 6.37443037e-02,  7.06174232e-02,  0.00000000e+00, ...,
         -9.62326801e-01, -9.93076618e-01, -9.59808025e-01],
        ...,
        [ 9.77701468e-01,  9.79124882e-01,  9.62326801e-01, ...,
          0.00000000e+00, -1.56969985e-01, -5.31051523e-01],
        [ 9.98544905e-01,  9.98892693e-01,  9.93076618e-01, ...,
          1.56969985e-01,  0.00000000e+00, -3.91461401e-01],
        [ 9.39965721e-01,  9.37592539e-01,  9.59808025e-01, ...,
          5.31051523e-01,  3.91461401e-01,  0.00000000e+00]],

       [[ 0.00000000e+00, -6.46574654e-04,  2.22119007e-02, ...,
         -9.98681241e-01, -9.90628817e-01, -8.61428539e-01],
        [ 6.46574654e-04,  0.00000000e+00,  2.28583112e-02, ...,
         -9.98647838e-01, -9.90716920e-01, -8.61756740e-01],
        [-2.22119007e-02, -2.28583112e-02,  0.00000000e+00, ...,
         -9.99575207e-01, -9.87350676e-01, -8.49935058e-01],
        ...,
        [ 9.98681241e-01,  9.98647838e-01,  9.99575207e-01, ...,
          0.00000000e+00, -1.87260246e-01, -5.51434623e-01],
        [ 9.90628817e-01,  9.90716920e-01,  9.87350676e-01, ...,
          1.87260246e-01,  0.00000000e+00, -3.85464042e-01],
        [ 8.61428539e-01,  8.61756740e-01,  8.49935058e-01, ...,
          5.51434623e-01,  3.85464042e-01,  0.00000000e+00]]]), 'num': array([7.29085233e-01, 6.84388001e-01, 7.82788644e-07, 2.23486158e-03,
       2.24660341e-03, 2.16049666e-03, 2.01673752e-03, 7.43649211e-05,
       2.17380406e-03, 2.37869899e-03, 2.67557158e-03, 1.02572305e-06,
       2.64822024e-03, 2.10917774e-03])}
{'img': array([[[ 0.        , -0.11586045, -0.07795864, ..., -0.99257772,
         -0.98135402, -0.99127969],
        [ 0.11586045,  0.        ,  0.03807421, ..., -0.99998322,
         -0.99701451, -0.96933645],
        [ 0.07795864, -0.03807421,  0.        , ..., -0.99903761,
         -0.99335171, -0.97798985],
        ...,
        [ 0.99257772,  0.99998322,  0.99903761, ...,  0.        ,
         -0.07143799,  0.25134807],
        [ 0.98135402,  0.99701451,  0.99335171, ...,  0.07143799,
          0.        ,  0.31985048],
        [ 0.99127969,  0.96933645,  0.97798985, ..., -0.25134807,
         -0.31985048,  0.        ]],

       [[ 0.        , -0.10607886, -0.04629056, ..., -0.12790085,
         -0.29693044, -0.14737075],
        [ 0.10607886,  0.        ,  0.05993577, ..., -0.02197157,
         -0.19396047, -0.04161863],
        [ 0.04629056, -0.05993577,  0.        , ..., -0.08185337,
         -0.25240932, -0.10142765],
        ...,
        [ 0.12790085,  0.02197157,  0.08185337, ...,  0.        ,
         -0.17235933, -0.01965605],
        [ 0.29693044,  0.19396047,  0.25240932, ...,  0.17235933,
          0.        ,  0.15296415],
        [ 0.14737075,  0.04161863,  0.10142765, ...,  0.01965605,
         -0.15296415,  0.        ]],

       [[ 0.        ,  0.04337451,  0.01433677, ..., -0.99430344,
         -0.86669415, -0.92191184],
        [-0.04337451,  0.        , -0.02904678, ..., -0.98874455,
         -0.84424155, -0.90424094],
        [-0.01433677,  0.02904678,  0.        , ..., -0.99267315,
         -0.85945332, -0.91626303],
        ...,
        [ 0.99430344,  0.98874455,  0.99267315, ...,  0.        ,
         -0.40362043, -0.28692963],
        [ 0.86669415,  0.84424155,  0.85945332, ...,  0.40362043,
          0.        ,  0.12412933],
        [ 0.92191184,  0.90424094,  0.91626303, ...,  0.28692963,
         -0.12412933,  0.        ]],

       ...,

       [[ 0.        ,  0.18608629,  0.27076521, ..., -0.9789457 ,
         -0.99994514, -0.8944012 ],
        [-0.18608629,  0.        ,  0.08690075, ..., -0.92386276,
         -0.98053028, -0.96200905],
        [-0.27076521, -0.08690075,  0.        , ..., -0.88710877,
         -0.95975638, -0.98209517],
        ...,
        [ 0.9789457 ,  0.92386276,  0.88710877, ...,  0.        ,
          0.19385535,  0.62041464],
        [ 0.99994514,  0.98053028,  0.95975638, ..., -0.19385535,
          0.        ,  0.45660974],
        [ 0.8944012 ,  0.96200905,  0.98209517, ..., -0.62041464,
         -0.45660974,  0.        ]],

       [[ 0.        , -0.06908536, -0.14756553, ..., -0.98874465,
         -0.99939079, -0.93044389],
        [ 0.06908536,  0.        , -0.07888393, ..., -0.97604623,
         -0.99941411, -0.95353608],
        [ 0.14756553,  0.07888393,  0.        , ..., -0.95584244,
         -0.99359984, -0.97433074],
        ...,
        [ 0.98874465,  0.97604623,  0.95584244, ...,  0.        ,
         -0.18402938, -0.50151647],
        [ 0.99939079,  0.99941411,  0.99359984, ...,  0.18402938,
          0.        , -0.33373828],
        [ 0.93044389,  0.95353608,  0.97433074, ...,  0.50151647,
          0.33373828,  0.        ]],

       [[ 0.        ,  0.02253675,  0.06118451, ..., -0.99859795,
         -0.96863783, -0.85548034],
        [-0.02253675,  0.        ,  0.03867445, ..., -0.99715133,
         -0.96279195, -0.84359274],
        [-0.06118451, -0.03867445,  0.        , ..., -0.99348823,
         -0.95162012, -0.82219407],
        ...,
        [ 0.99859795,  0.99715133,  0.99348823, ...,  0.        ,
         -0.19685344, -0.47182422],
        [ 0.96863783,  0.96279195,  0.95162012, ...,  0.19685344,
          0.        , -0.28902777],
        [ 0.85548034,  0.84359274,  0.82219407, ...,  0.47182422,
          0.28902777,  0.        ]]]), 'num': array([ 7.15527673e-01,  6.98550222e-01,  3.07562504e-07,  2.12218128e-03,
        2.21060550e-03,  2.08758050e-03,  2.49360145e-03, -7.30460947e-05,
        2.13909722e-03,  2.32325026e-03,  2.61543464e-03,  8.16962901e-07,
        2.60263000e-03,  2.04387053e-03])}
{'img': array([[[ 0.        ,  0.03807421,  0.07668528, ..., -0.99701451,
         -0.96933645, -0.99701451],
        [-0.03807421,  0.        ,  0.03866759, ..., -0.99335171,
         -0.97798985, -0.99335171],
        [-0.07668528, -0.03866759,  0.        , ..., -0.98815744,
         -0.98532653, -0.98815744],
        ...,
        [ 0.99701451,  0.99335171,  0.98815744, ...,  0.        ,
          0.31985048,  0.        ],
        [ 0.96933645,  0.97798985,  0.98532653, ..., -0.31985048,
          0.        , -0.31985048],
        [ 0.99701451,  0.99335171,  0.98815744, ...,  0.        ,
          0.31985048,  0.        ]],

       [[ 0.        ,  0.05993577, -0.17421936, ..., -0.19396047,
         -0.04161863,  0.13611928],
        [-0.05993577,  0.        , -0.23292532, ..., -0.25240932,
         -0.10142765,  0.07649666],
        [ 0.17421936,  0.23292532,  0.        , ..., -0.02008339,
          0.13308626,  0.3066354 ],
        ...,
        [ 0.19396047,  0.25240932,  0.02008339, ...,  0.        ,
          0.15296415,  0.32568946],
        [ 0.04161863,  0.10142765, -0.13308626, ..., -0.15296415,
          0.        ,  0.17723261],
        [-0.13611928, -0.07649666, -0.3066354 , ..., -0.32568946,
         -0.17723261,  0.        ]],

       [[ 0.        , -0.02904678, -0.06463066, ..., -0.84424155,
         -0.90424094, -0.92508591],
        [ 0.02904678,  0.        , -0.03561734, ..., -0.85945332,
         -0.91626303, -0.93572632],
        [ 0.06463066,  0.03561734,  0.        , ..., -0.87711609,
         -0.92994916, -0.9476958 ],
        ...,
        [ 0.84424155,  0.85945332,  0.87711609, ...,  0.        ,
          0.12412933,  0.17520432],
        [ 0.90424094,  0.91626303,  0.92994916, ..., -0.12412933,
          0.        ,  0.05163999],
        [ 0.92508591,  0.93572632,  0.9476958 , ..., -0.17520432,
         -0.05163999,  0.        ]],

       ...,

       [[ 0.        ,  0.08690075, -0.04815046, ..., -0.98053028,
         -0.96200905, -0.9981771 ],
        [-0.08690075,  0.        , -0.13476826, ..., -0.95975638,
         -0.98209517, -0.98915625],
        [ 0.04815046,  0.13476826,  0.        , ..., -0.98884816,
         -0.94774729, -0.99992533],
        ...,
        [ 0.98053028,  0.95975638,  0.98884816, ...,  0.        ,
          0.45660974,  0.13683208],
        [ 0.96200905,  0.98209517,  0.94774729, ..., -0.45660974,
          0.        , -0.33057999],
        [ 0.9981771 ,  0.98915625,  0.99992533, ..., -0.13683208,
          0.33057999,  0.        ]],

       [[ 0.        , -0.07888393, -0.15352746, ..., -0.99941411,
         -0.95353608, -0.97695064],
        [ 0.07888393,  0.        , -0.07510033, ..., -0.99359984,
         -0.97433074, -0.99074526],
        [ 0.15352746,  0.07510033,  0.        , ..., -0.98231077,
         -0.9884859 , -0.99814107],
        ...,
        [ 0.99941411,  0.99359984,  0.98231077, ...,  0.        ,
         -0.33373828, -0.24677763],
        [ 0.95353608,  0.97433074,  0.9884859 , ...,  0.33373828,
          0.        ,  0.09078765],
