state_0,state_1,state_2,state_3,state_4,state_5,state_6,state_7,state_8,state_9,state_10,state_11,state_12,state_13,state_14,state_15,state_16,state_17,state_18,state_19,state_20,state_21,state_22,state_23,state_24,state_25,state_26,state_27,state_28,state_29,state_30,state_31,state_32,state_33,state_34,state_35,state_36,state_37,state_38,state_39,state_40,state_41,state_42,state_43,state_44,state_45,state_46,state_47,state_48,state_49,state_50,state_51,state_52,state_53,state_54,state_55,state_56,state_57,state_58,state_59,state_60,state_61,state_62,state_63,state_64,state_65,state_66,state_67,state_68,state_69,state_70,state_71,state_72,state_73,state_74,state_75,state_76,state_77,state_78,state_79,state_80,state_81,state_82,state_83,state_84,state_85,state_86,state_87,state_88,state_89,state_90,state_91,state_92,state_93,state_94,state_95,state_96,state_97,state_98,state_99,state_100,state_101,state_102,state_103,state_104,state_105,state_106,state_107,state_108,state_109,state_110,state_111,state_112,state_113,state_114,state_115,state_116,state_117,state_118,state_119,state_120,state_121,state_122,state_123,state_124,state_125,state_126,state_127,state_128,state_129,state_130,state_131,state_132,state_133,state_134,state_135,state_136,state_137,state_138,state_139,state_140,state_141,state_142,state_143,state_144,state_145,state_146,state_147,state_148,state_149,state_150,state_151,state_152,state_153,state_154,state_155,state_156,state_157,state_158,state_159,state_160,state_161,state_162,state_163,state_164,state_165,state_166,state_167,state_168,state_169,state_170,state_171,state_172,state_173,state_174,state_175,state_176,state_177,state_178,state_179,state_180,state_181,state_182,state_183,state_184,state_185,state_186,state_187,state_188,state_189,state_190,state_191,state_192,state_193,state_194,state_195,state_196,state_197,state_198,state_199,state_200,state_201,state_202,state_203,state_204,state_205,state_206,state_207,state_208,state_209,state_210,state_211,state_212,state_213,state_214,state_215,state_216,state_217,state_218,state_219,state_220,state_221,state_222,state_223,state_224,state_225,state_226,state_227,state_228,state_229,state_230,state_231,state_232,state_233,state_234,state_235,state_236,state_237,state_238,state_239,state_240,state_241,state_242,state_243,state_244,state_245,state_246,state_247,state_248,state_249,state_250,state_251,state_252,state_253,state_254,state_255,state_256,state_257,state_258,state_259,state_260,state_261,state_262,state_263,state_264,state_265,state_266,state_267,state_268,state_269,state_270,state_271,state_272,state_273,state_274,state_275,state_276,state_277,state_278,state_279,state_280,state_281,state_282,state_283,state_284,state_285,state_286,state_287
{'img': array([[[ 0.        ,  0.54760848,  0.2886421 , ..., -0.96968138,
         -0.98360859, -0.97474986],
        [-0.54760848,  0.        , -0.28278381, ..., -0.94518663,
         -0.92176243, -0.93788778],
        [-0.2886421 ,  0.28278381,  0.        , ..., -0.99894515,
         -0.99379034, -0.99771531],
        ...,
        [ 0.96968138,  0.94518663,  0.99894515, ...,  0.        ,
         -0.06551729, -0.02167282],
        [ 0.98360859,  0.92176243,  0.99379034, ...,  0.06551729,
          0.        ,  0.04387564],
        [ 0.97474986,  0.93788778,  0.99771531, ...,  0.02167282,
         -0.04387564,  0.        ]],

       [[ 0.        ,  0.40186386, -0.19974624, ..., -0.60418326,
         -0.44649545, -0.44943587],
        [-0.40186386,  0.        , -0.57667288, ..., -0.87347363,
         -0.76843775, -0.77053822],
        [ 0.19974624,  0.57667288,  0.        , ..., -0.43284068,
         -0.2587674 , -0.26194285],
        ...,
        [ 0.60418326,  0.87347363,  0.43284068, ...,  0.        ,
          0.18482682,  0.18159362],
        [ 0.44649545,  0.76843775,  0.2587674 , ..., -0.18482682,
          0.        , -0.00328887],
        [ 0.44943587,  0.77053822,  0.26194285, ..., -0.18159362,
          0.00328887,  0.        ]],

       [[ 0.        ,  0.18137107,  0.25272409, ..., -0.98591898,
         -0.98987539, -0.99128685],
        [-0.18137107,  0.        ,  0.07304913, ..., -0.99989679,
         -0.99920169, -0.99873644],
        [-0.25272409, -0.07304913,  0.        , ..., -0.99617592,
         -0.99361387, -0.99239711],
        ...,
        [ 0.98591898,  0.99989679,  0.99617592, ...,  0.        ,
         -0.02559012, -0.03590058],
        [ 0.98987539,  0.99920169,  0.99361387, ...,  0.02559012,
          0.        , -0.0103152 ],
        [ 0.99128685,  0.99873644,  0.99239711, ...,  0.03590058,
          0.0103152 ,  0.        ]],

       ...,

       [[ 0.        ,  0.53978025,  0.71526289, ...,  0.21148483,
         -0.26011679,  0.05963081],
        [-0.53978025,  0.        ,  0.22488416, ..., -0.34954192,
         -0.74016735, -0.48862214],
        [-0.71526289, -0.22488416,  0.        , ..., -0.55128722,
         -0.87242555, -0.67231675],
        ...,
        [-0.21148483,  0.34954192,  0.55128722, ...,  0.        ,
         -0.4584382 , -0.15282645],
        [ 0.26011679,  0.74016735,  0.87242555, ...,  0.4584382 ,
          0.        ,  0.31723206],
        [-0.05963081,  0.48862214,  0.67231675, ...,  0.15282645,
         -0.31723206,  0.        ]],

       [[ 0.        , -0.63584878, -0.73716063, ..., -0.37948016,
         -0.35601173, -0.        ],
        [ 0.63584878,  0.        , -0.13929647, ..., -0.88117519,
         -0.86896363, -0.63584878],
        [ 0.73716063,  0.13929647,  0.        , ..., -0.93844233,
         -0.92942634, -0.73716063],
        ...,
        [ 0.37948016,  0.88117519,  0.93844233, ...,  0.        ,
         -0.02523519, -0.37948016],
        [ 0.35601173,  0.86896363,  0.92942634, ...,  0.02523519,
          0.        , -0.35601173],
        [ 0.        ,  0.63584878,  0.73716063, ...,  0.37948016,
          0.35601173,  0.        ]],

       [[ 0.        ,  0.18983895,  0.26796632, ..., -0.74289074,
         -0.76100635, -0.75572271],
        [-0.18983895,  0.        ,  0.0801972 , ..., -0.85646205,
         -0.8703246 , -0.86630404],
        [-0.26796632, -0.0801972 ,  0.        , ..., -0.895102  ,
         -0.9070167 , -0.90357356],
        ...,
        [ 0.74289074,  0.85646205,  0.895102  , ...,  0.        ,
         -0.02748109, -0.01937737],
        [ 0.76100635,  0.8703246 ,  0.9070167 , ...,  0.02748109,
          0.        ,  0.00810588],
        [ 0.75572271,  0.86630404,  0.90357356, ...,  0.01937737,
         -0.00810588,  0.        ]]]), 'num': array([7.09442942e-01, 7.04761892e-01, 2.53029693e-07, 2.75355842e-04,
       2.79076867e-04, 2.71634818e-04, 8.83817834e-04, 5.20943486e-06,
       2.72230182e-04, 2.74537217e-04, 2.80193175e-04, 6.89078685e-07,
       2.84089748e-04, 2.64984686e-04])}
{'img': array([[[ 0.        , -0.28278381, -0.2009971 , ..., -0.92176243,
         -0.93788778, -0.97895387],
        [ 0.28278381,  0.        ,  0.08421957, ..., -0.99379034,
         -0.99771531, -0.99670755],
        [ 0.2009971 , -0.08421957,  0.        , ..., -0.9808886 ,
         -0.9884809 , -0.99999504],
        ...,
        [ 0.92176243,  0.99379034,  0.9808886 , ...,  0.        ,
          0.04387564,  0.19147958],
        [ 0.93788778,  0.99771531,  0.9884809 , ..., -0.04387564,
          0.        ,  0.14823139],
        [ 0.97895387,  0.99670755,  0.99999504, ..., -0.19147958,
         -0.14823139,  0.        ]],

       [[ 0.        , -0.56334663, -0.48665633, ..., -0.74243565,
         -0.74429595, -0.92643857],
        [ 0.56334663,  0.        ,  0.09005045, ..., -0.23601997,
         -0.23872168, -0.55337311],
        [ 0.48665633, -0.09005045,  0.        , ..., -0.32256743,
         -0.32519872, -0.62613091],
        ...,
        [ 0.74243565,  0.23601997,  0.32256743, ...,  0.        ,
         -0.0027812 , -0.34115039],
        [ 0.74429595,  0.23872168,  0.32519872, ...,  0.0027812 ,
          0.        , -0.33853472],
        [ 0.92643857,  0.55337311,  0.62613091, ...,  0.34115039,
          0.33853472,  0.        ]],

       [[ 0.        ,  0.07304913,  0.35777937, ..., -0.99920169,
         -0.99873644, -0.99920169],
        [-0.07304913,  0.        ,  0.28860979, ..., -0.99361387,
         -0.99239711, -0.99361387],
        [-0.35777937, -0.28860979,  0.        , ..., -0.91876749,
         -0.91464618, -0.91876749],
        ...,
        [ 0.99920169,  0.99361387,  0.91876749, ...,  0.        ,
         -0.0103152 ,  0.        ],
        [ 0.99873644,  0.99239711,  0.91464618, ...,  0.0103152 ,
          0.        ,  0.0103152 ],
        [ 0.99920169,  0.99361387,  0.91876749, ...,  0.        ,
         -0.0103152 ,  0.        ]],

       ...,

       [[ 0.        ,  0.22488416,  0.44485092, ..., -0.74016735,
         -0.48862214, -0.58644834],
        [-0.22488416,  0.        ,  0.23204898, ..., -0.87242555,
         -0.67231675, -0.75357993],
        [-0.44485092, -0.23204898,  0.        , ..., -0.96202516,
         -0.82574268, -0.88554915],
        ...,
        [ 0.74016735,  0.87242555,  0.96202516, ...,  0.        ,
          0.31723206,  0.20518448],
        [ 0.48862214,  0.67231675,  0.82574268, ..., -0.31723206,
          0.        , -0.11589614],
        [ 0.58644834,  0.75357993,  0.88554915, ..., -0.20518448,
          0.11589614,  0.        ]],

       [[ 0.        , -0.45296566, -0.70378605, ..., -0.37741664,
         -0.        , -0.02738281],
        [ 0.45296566,  0.        , -0.30565271, ..., -0.75594342,
         -0.45296566, -0.47720834],
        [ 0.70378605,  0.30565271,  0.        , ..., -0.91985785,
         -0.70378605, -0.72297522],
        ...,
        [ 0.37741664,  0.75594342,  0.91985785, ...,  0.        ,
         -0.37741664, -0.35191744],
        [ 0.        ,  0.45296566,  0.70378605, ...,  0.37741664,
          0.        ,  0.02738281],
        [ 0.02738281,  0.47720834,  0.72297522, ...,  0.35191744,
         -0.02738281,  0.        ]],

       [[ 0.        ,  0.0801972 ,  0.30905571, ..., -0.8703246 ,
         -0.86630404, -0.85456298],
        [-0.0801972 ,  0.        ,  0.23178919, ..., -0.9070167 ,
         -0.90357356, -0.89346068],
        [-0.30905571, -0.23178919,  0.        , ..., -0.97992023,
         -0.97827181, -0.97323433],
        ...,
        [ 0.8703246 ,  0.9070167 ,  0.97992023, ...,  0.        ,
          0.00810588,  0.03114724],
        [ 0.86630404,  0.90357356,  0.97827181, ..., -0.00810588,
          0.        ,  0.02304427],
        [ 0.85456298,  0.89346068,  0.97323433, ..., -0.03114724,
         -0.02304427,  0.        ]]]), 'num': array([ 7.07101204e-01,  7.07101204e-01,  0.00000000e+00,  5.59532257e-04,
        5.71829669e-04,  5.56457904e-04,  3.63471539e-03, -9.22305918e-06,
        5.60147128e-04,  5.67371857e-04,  5.77081689e-04,  1.18659241e-06,
        5.86420446e-04,  5.48323269e-04])}
{'img': array([[[ 0.        ,  0.20201977, -0.51943036, ..., -0.98969056,
         -0.99998035, -0.99258249],
        [-0.20201977,  0.        , -0.68134893, ..., -0.94035087,
         -0.98062861, -0.94755673],
        [ 0.51943036,  0.68134893,  0.        , ..., -0.92009718,
         -0.85123981, -0.91132314],
        ...,
        [ 0.98969056,  0.94035087,  0.92009718, ...,  0.        ,
          0.14942348,  0.02184016],
        [ 0.99998035,  0.98062861,  0.85123981, ..., -0.14942348,
          0.        , -0.12779288],
        [ 0.99258249,  0.94755673,  0.91132314, ..., -0.02184016,
          0.12779288,  0.        ]],

       [[ 0.        ,  0.09005045,  0.16216546, ..., -0.23872168,
         -0.55337311,  0.0179527 ],
        [-0.09005045,  0.        ,  0.0726481 , ..., -0.32519872,
         -0.62613091, -0.07215618],
        [-0.16216546, -0.0726481 ,  0.        , ..., -0.39303879,
         -0.68112147, -0.14442425],
        ...,
        [ 0.23872168,  0.32519872,  0.39303879, ...,  0.        ,
         -0.33853472,  0.25611686],
        [ 0.55337311,  0.62613091,  0.68112147, ...,  0.33853472,
          0.        ,  0.56823733],
        [-0.0179527 ,  0.07215618,  0.14442425, ..., -0.25611686,
         -0.56823733,  0.        ]],

       [[ 0.        ,  0.28860979,  0.09782334, ..., -0.99239711,
         -0.99361387, -0.98886219],
        [-0.28860979,  0.        , -0.19356491, ..., -0.91464618,
         -0.91876749, -0.90382799],
        [-0.09782334,  0.19356491,  0.        , ..., -0.97559755,
         -0.97781052, -0.96955996],
        ...,
        [ 0.99239711,  0.91464618,  0.97559755, ...,  0.        ,
          0.0103152 , -0.02599615],
        [ 0.99361387,  0.91876749,  0.97781052, ..., -0.0103152 ,
          0.        , -0.03630648],
        [ 0.98886219,  0.90382799,  0.96955996, ...,  0.02599615,
          0.03630648,  0.        ]],

       ...,

       [[ 0.        ,  0.23204898, -0.33659803, ..., -0.67231675,
         -0.75357993, -0.92180215],
        [-0.23204898,  0.        , -0.54591885, ..., -0.82574268,
         -0.88554915, -0.986597  ],
        [ 0.33659803,  0.54591885,  0.        , ..., -0.38391475,
         -0.48834252, -0.73752772],
        ...,
        [ 0.67231675,  0.82574268,  0.38391475, ...,  0.        ,
         -0.11589614, -0.4217458 ],
        [ 0.75357993,  0.88554915,  0.48834252, ...,  0.11589614,
          0.        , -0.31381913],
        [ 0.92180215,  0.986597  ,  0.73752772, ...,  0.4217458 ,
          0.31381913,  0.        ]],

       [[ 0.        , -0.32385688, -0.47390381, ..., -0.51723432,
         -0.51990317, -0.41134881],
        [ 0.32385688,  0.        , -0.16318247, ..., -0.76652945,
         -0.76853027, -0.68436804],
        [ 0.47390381,  0.16318247,  0.        , ..., -0.86105209,
         -0.86263515, -0.79417704],
        ...,
        [ 0.51723432,  0.76652945,  0.86105209, ...,  0.        ,
          0.00312134, -0.11939736],
        [ 0.51990317,  0.76853027,  0.86263515, ..., -0.00312134,
          0.        , -0.12249579],
        [ 0.41134881,  0.68436804,  0.79417704, ...,  0.11939736,
          0.12249579,  0.        ]],

       [[ 0.        ,  0.23178919,  0.49411088, ..., -0.90357356,
         -0.89346068, -0.88583614],
        [-0.23178919,  0.        ,  0.27913702, ..., -0.97827181,
         -0.97323433, -0.96926108],
        [-0.49411088, -0.27913702,  0.        , ..., -0.99725925,
         -0.99869939, -0.99941152],
        ...,
        [ 0.90357356,  0.97827181,  0.99725925, ...,  0.        ,
          0.02304427,  0.03973509],
        [ 0.89346068,  0.97323433,  0.99869939, ..., -0.02304427,
          0.        ,  0.01669846],
        [ 0.88583614,  0.96926108,  0.99941152, ..., -0.03973509,
         -0.01669846,  0.        ]]]), 'num': array([ 7.07099634e-01,  7.07099634e-01,  0.00000000e+00,  5.51845149e-04,
        5.64142534e-04,  5.51845149e-04,  4.20462963e-03, -7.68586559e-06,
        5.58608711e-04,  5.66986305e-04,  5.75338278e-04,  1.12726029e-06,
        5.86940564e-04,  5.47032045e-04])}
{'img': array([[[ 0.        , -0.68134893, -0.93263364, ..., -0.98062861,
         -0.94755673, -0.9062788 ],
        [ 0.68134893,  0.        , -0.43680181, ..., -0.85123981,
         -0.91132314, -0.95135156],
        [ 0.93263364,  0.43680181,  0.        , ..., -0.53651588,
         -0.63996008, -0.72121379],
        ...,
        [ 0.98062861,  0.85123981,  0.53651588, ...,  0.        ,
         -0.12779288, -0.23697398],
        [ 0.94755673,  0.91132314,  0.63996008, ...,  0.12779288,
          0.        , -0.11087817],
        [ 0.9062788 ,  0.95135156,  0.72121379, ...,  0.23697398,
          0.11087817,  0.        ]],

       [[ 0.        ,  0.0726481 ,  0.53587853, ..., -0.62613091,
         -0.07215618,  0.01996241],
        [-0.0726481 ,  0.        ,  0.4731261 , ..., -0.68112147,
         -0.14442425, -0.05272396],
        [-0.53587853, -0.4731261 ,  0.        , ..., -0.94647336,
         -0.59540278, -0.51891758],
        ...,
        [ 0.62613091,  0.68112147,  0.94647336, ...,  0.        ,
          0.56823733,  0.64157119],
        [ 0.07215618,  0.14442425,  0.59540278, ..., -0.56823733,
          0.        ,  0.09205217],
        [-0.01996241,  0.05272396,  0.51891758, ..., -0.64157119,
         -0.09205217,  0.        ]],

       [[ 0.        , -0.19356491, -0.4972413 , ..., -0.91876749,
         -0.90382799, -0.89225258],
        [ 0.19356491,  0.        , -0.31989791, ..., -0.97781052,
         -0.96955996, -0.96277947],
        [ 0.4972413 ,  0.31989791,  0.        , ..., -0.99344437,
         -0.99693983, -0.99865197],
        ...,
        [ 0.91876749,  0.97781052,  0.99344437, ...,  0.        ,
         -0.03630648, -0.06259672],
        [ 0.90382799,  0.96955996,  0.99693983, ...,  0.03630648,
          0.        , -0.02632016],
        [ 0.89225258,  0.96277947,  0.99865197, ...,  0.06259672,
          0.02632016,  0.        ]],

       ...,

       [[ 0.        , -0.54591885, -0.90102401, ..., -0.88554915,
         -0.986597  , -0.99677702],
        [ 0.54591885,  0.        , -0.51810942, ..., -0.48834252,
         -0.73752772, -0.79134301],
        [ 0.90102401,  0.51810942,  0.        , ...,  0.03444287,
         -0.28093002, -0.36008922],
        ...,
        [ 0.88554915,  0.48834252, -0.03444287, ...,  0.        ,
         -0.31381913, -0.39200794],
        [ 0.986597  ,  0.73752772,  0.28093002, ...,  0.31381913,
          0.        , -0.08350317],
        [ 0.99677702,  0.79134301,  0.36008922, ...,  0.39200794,
          0.08350317,  0.        ]],

       [[ 0.        , -0.16318247, -0.1665145 , ..., -0.76853027,
         -0.68436804, -0.78244338],
        [ 0.16318247,  0.        , -0.00337824, ..., -0.86263515,
         -0.79417704, -0.87357271],
        [ 0.1665145 ,  0.00337824,  0.        , ..., -0.86433903,
         -0.79622542, -0.87521189],
        ...,
        [ 0.76853027,  0.86263515,  0.86433903, ...,  0.        ,
         -0.12249579,  0.02203729],
        [ 0.68436804,  0.79417704,  0.79622542, ...,  0.12249579,
          0.        ,  0.14433737],
        [ 0.78244338,  0.87357271,  0.87521189, ..., -0.02203729,
         -0.14433737,  0.        ]],

       [[ 0.        ,  0.27913702, -0.07985945, ..., -0.97323433,
         -0.96926108, -0.97438608],
        [-0.27913702,  0.        , -0.35493064, ..., -0.99869939,
         -0.99941152, -0.99842828],
        [ 0.07985945,  0.35493064,  0.        , ..., -0.95177305,
         -0.94651721, -0.95331509],
        ...,
        [ 0.97323433,  0.99869939,  0.95177305, ...,  0.        ,
          0.01669846, -0.00506594],
        [ 0.96926108,  0.99941152,  0.94651721, ..., -0.01669846,
          0.        , -0.02176349],
        [ 0.97438608,  0.99842828,  0.95331509, ...,  0.00506594,
          0.02176349,  0.        ]]]), 'num': array([7.07099182e-01, 7.07099182e-01, 0.00000000e+00, 5.61067829e-04,
       5.68753690e-04, 5.50307624e-04, 4.35250290e-03, 9.22303280e-06,
       5.59838091e-04, 5.67370235e-04, 5.73723880e-04, 1.09425813e-06,
       5.86542413e-04, 5.48198056e-04])}
{'img': array([[[ 0.        , -0.82065181, -0.99288855, ..., -0.97677102,
         -0.94280904, -0.98169182],
        [ 0.82065181,  0.        , -0.46966824, ..., -0.73400883,
         -0.81229863, -0.71728138],
        [ 0.99288855,  0.46966824,  0.        , ..., -0.3290441 ,
         -0.44320202, -0.3059897 ],
        ...,
        [ 0.97677102,  0.73400883,  0.3290441 , ...,  0.        ,
         -0.12355983,  0.02431091],
        [ 0.94280904,  0.81229863,  0.44320202, ...,  0.12355983,
          0.        ,  0.14764793],
        [ 0.98169182,  0.71728138,  0.3059897 , ..., -0.02431091,
         -0.14764793,  0.        ]],

       [[ 0.        ,  0.4731261 ,  0.82663916, ..., -0.14442425,
         -0.05272396, -0.03047103],
        [-0.4731261 ,  0.        ,  0.46202137, ..., -0.59540278,
         -0.51891758, -0.49975123],
        [-0.82663916, -0.46202137,  0.        , ..., -0.89924476,
         -0.85515889, -0.84340234],
        ...,
        [ 0.14442425,  0.59540278,  0.89924476, ...,  0.        ,
          0.09205217,  0.11420562],
        [ 0.05272396,  0.51891758,  0.85515889, ..., -0.09205217,
          0.        ,  0.02227083],
        [ 0.03047103,  0.49975123,  0.84340234, ..., -0.11420562,
         -0.02227083,  0.        ]],

       [[ 0.        , -0.4647508 , -0.76670064, ..., -0.90639352,
         -0.89488305, -0.90415355],
        [ 0.4647508 ,  0.        , -0.38049636, ..., -0.99888517,
         -0.99978523, -0.99912019],
        [ 0.76670064,  0.38049636,  0.        , ..., -0.90578966,
         -0.91669823, -0.90801126],
        ...,
        [ 0.90639352,  0.99888517,  0.90578966, ...,  0.        ,
         -0.02649472, -0.0052727 ],
        [ 0.89488305,  0.99978523,  0.91669823, ...,  0.02649472,
          0.        ,  0.0212235 ],
        [ 0.90415355,  0.99912019,  0.90801126, ...,  0.0052727 ,
         -0.0212235 ,  0.        ]],

       ...,

       [[ 0.        , -0.51810942, -0.67963111, ..., -0.73752772,
         -0.79134301, -0.8195822 ],
        [ 0.51810942,  0.        , -0.20123697, ..., -0.28093002,
         -0.36008922, -0.4041436 ],
        [ 0.67963111,  0.20123697,  0.        , ..., -0.08205011,
         -0.16498516, -0.21180531],
        ...,
        [ 0.73752772,  0.28093002,  0.08205011, ...,  0.        ,
         -0.08350317, -0.13090259],
        [ 0.79134301,  0.36008922,  0.16498516, ...,  0.08350317,
          0.        , -0.04766078],
        [ 0.8195822 ,  0.4041436 ,  0.21180531, ...,  0.13090259,
          0.04766078,  0.        ]],

       [[ 0.        , -0.00337824,  0.09289342, ..., -0.79417704,
         -0.87357271, -0.83500294],
        [ 0.00337824,  0.        ,  0.09625652, ..., -0.79622542,
         -0.87521189, -0.83685704],
        [-0.09289342, -0.09625652,  0.        , ..., -0.73429299,
         -0.82458479, -0.78027825],
        ...,
        [ 0.79417704,  0.79622542,  0.73429299, ...,  0.        ,
          0.14433737,  0.07042765],
        [ 0.87357271,  0.87521189,  0.82458479, ..., -0.14433737,
          0.        , -0.07428879],
        [ 0.83500294,  0.83685704,  0.78027825, ..., -0.07042765,
          0.07428879,  0.        ]],

       [[ 0.        , -0.35493064, -0.66012266, ..., -0.99941152,
         -0.99842828, -0.99933782],
        [ 0.35493064,  0.        , -0.35053488, ..., -0.94651721,
         -0.95331509, -0.94718798],
        [ 0.66012266,  0.35053488,  0.        , ..., -0.77335914,
         -0.78697333, -0.77467947],
        ...,
        [ 0.99941152,  0.94651721,  0.77335914, ...,  0.        ,
         -0.02176349, -0.00208529],
        [ 0.99842828,  0.95331509,  0.78697333, ...,  0.02176349,
          0.        ,  0.01967864],
        [ 0.99933782,  0.94718798,  0.77467947, ...,  0.00208529,
         -0.01967864,  0.        ]]]), 'num': array([7.07091865e-01, 7.07091865e-01, 0.00000000e+00, 5.77970741e-04,
       5.81045054e-04, 5.62599179e-04, 6.29191861e-03, 1.69087185e-05,
       5.63828904e-04, 5.67671795e-04, 5.72718791e-04, 1.42576809e-06,
       5.87311334e-04, 5.48032255e-04])}
{'img': array([[[ 0.        , -0.52956484, -0.46067065, ..., -0.86772843,
         -0.77910767, -0.57304988],
        [ 0.52956484,  0.        ,  0.07925363, ..., -0.47285336,
         -0.32891428, -0.05211148],
        [ 0.46067065, -0.07925363,  0.        , ..., -0.54119962,
         -0.40272362, -0.13109351],
        ...,
        [ 0.86772843,  0.47285336,  0.54119962, ...,  0.        ,
          0.15672379,  0.42629331],
        [ 0.77910767,  0.32891428,  0.40272362, ..., -0.15672379,
          0.        ,  0.27925539],
        [ 0.57304988,  0.05211148,  0.13109351, ..., -0.42629331,
         -0.27925539,  0.        ]],

       [[ 0.        ,  0.46202137, -0.2538669 , ..., -0.51891758,
         -0.49975123, -0.2657374 ],
        [-0.46202137,  0.        , -0.67203179, ..., -0.85515889,
         -0.84340234, -0.6810838 ],
        [ 0.2538669 ,  0.67203179,  0.        , ..., -0.28490581,
         -0.26348732, -0.01229238],
        ...,
        [ 0.51891758,  0.85515889,  0.28490581, ...,  0.        ,
          0.02227083,  0.27310135],
        [ 0.49975123,  0.84340234,  0.26348732, ..., -0.02227083,
          0.        ,  0.2516094 ],
        [ 0.2657374 ,  0.6810838 ,  0.01229238, ..., -0.27310135,
         -0.2516094 ,  0.        ]],

       [[ 0.        , -0.67065198, -0.86084884, ..., -0.91088594,
         -0.91979251, -0.94516878],
        [ 0.67065198,  0.        , -0.29728522, ..., -0.95241988,
         -0.9454437 , -0.92012293],
        [ 0.86084884,  0.29728522,  0.        , ..., -0.81875047,
         -0.80584776, -0.76209728],
        ...,
        [ 0.91088594,  0.95241988,  0.81875047, ...,  0.        ,
          0.0221237 ,  0.09255247],
        [ 0.91979251,  0.9454437 ,  0.80584776, ..., -0.0221237 ,
          0.        ,  0.07050108],
        [ 0.94516878,  0.92012293,  0.76209728, ..., -0.09255247,
         -0.07050108,  0.        ]],

       ...,

       [[ 0.        , -0.20123697, -0.41642189, ..., -0.36008922,
         -0.4041436 ,  0.03773698],
        [ 0.20123697,  0.        , -0.22494406, ..., -0.16498516,
         -0.21180531,  0.23805861],
        [ 0.41642189,  0.22494406,  0.        , ...,  0.06110457,
          0.01346341,  0.45043466],
        ...,
        [ 0.36008922,  0.16498516, -0.06110457, ...,  0.        ,
         -0.04766078,  0.39503823],
        [ 0.4041436 ,  0.21180531, -0.01346341, ...,  0.04766078,
          0.        ,  0.43837358],
        [-0.03773698, -0.23805861, -0.45043466, ..., -0.39503823,
         -0.43837358,  0.        ]],

       [[ 0.        ,  0.09625652,  0.17484792, ..., -0.87521189,
         -0.83685704, -0.89627684],
        [-0.09625652,  0.        ,  0.07926229, ..., -0.82458479,
         -0.78027825, -0.84942574],
        [-0.17484792, -0.07926229,  0.        , ..., -0.77714876,
         -0.72825012, -0.80492592],
        ...,
        [ 0.87521189,  0.82458479,  0.77714876, ...,  0.        ,
         -0.07428879,  0.04541262],
        [ 0.83685704,  0.78027825,  0.72825012, ...,  0.07428879,
          0.        ,  0.11949929],
        [ 0.89627684,  0.84942574,  0.80492592, ..., -0.04541262,
         -0.11949929,  0.        ]],

       [[ 0.        , -0.58631566, -0.7346684 , ..., -0.99970517,
         -0.99999216, -0.99997721],
        [ 0.58631566,  0.        , -0.19737014, ..., -0.82408021,
         -0.81239872, -0.81402228],
        [ 0.7346684 ,  0.19737014,  0.        , ..., -0.69606488,
         -0.68133107, -0.68337046],
        ...,
        [ 0.99970517,  0.82408021,  0.69606488, ...,  0.        ,
          0.02032104,  0.01753176],
        [ 0.99999216,  0.81239872,  0.68133107, ..., -0.02032104,
          0.        , -0.00278978],
        [ 0.99997721,  0.81402228,  0.68337046, ..., -0.01753176,
          0.00278978,  0.        ]]]), 'num': array([ 7.07099303e-01,  7.07099303e-01,  0.00000000e+00,  5.76439649e-04,
        5.85662684e-04,  5.73365305e-04,  4.30454387e-03, -1.53717240e-06,
        5.65372008e-04,  5.68523212e-04,  5.72161186e-04,  1.61277104e-06,
        5.88143096e-04,  5.48903327e-04])}
{'img': array([[[ 0.        ,  0.07925363, -0.27980773, ..., -0.32891428,
         -0.05211148, -0.07795656],
        [-0.07925363,  0.        , -0.35501552, ..., -0.40272362,
         -0.13109351, -0.15672379],
        [ 0.27980773,  0.35501552,  0.        , ..., -0.05153698,
          0.22939761,  0.20411354],
        ...,
        [ 0.32891428,  0.40272362,  0.05153698, ...,  0.        ,
          0.27925539,  0.25429427],
        [ 0.05211148,  0.13109351, -0.22939761, ..., -0.27925539,
          0.        , -0.02589774],
        [ 0.07795656,  0.15672379, -0.20411354, ..., -0.25429427,
          0.02589774,  0.        ]],

       [[ 0.        , -0.67203179, -0.51966226, ..., -0.84340234,
         -0.6810838 , -0.84722785],
        [ 0.67203179,  0.        ,  0.1893435 , ..., -0.26348732,
         -0.01229238, -0.27038787],
        [ 0.51966226, -0.1893435 ,  0.        , ..., -0.44137372,
         -0.20139922, -0.44778754],
        ...,
        [ 0.84340234,  0.26348732,  0.44137372, ...,  0.        ,
          0.2516094 , -0.00716034],
        [ 0.6810838 ,  0.01229238,  0.20139922, ..., -0.2516094 ,
          0.        , -0.25853293],
        [ 0.84722785,  0.27038787,  0.44778754, ...,  0.00716034,
          0.25853293,  0.        ]],

       [[ 0.        , -0.68070447, -0.92584357, ..., -0.95320472,
         -0.97395435, -0.98026773],
        [ 0.68070447,  0.        , -0.42099128, ..., -0.90407225,
         -0.86782397, -0.85266097],
        [ 0.92584357,  0.42099128,  0.        , ..., -0.64012891,
         -0.57799379, -0.5534656 ],
        ...,
        [ 0.95320472,  0.90407225,  0.64012891, ...,  0.        ,
          0.07831769,  0.10793582],
        [ 0.97395435,  0.86782397,  0.57799379, ..., -0.07831769,
          0.        ,  0.02974415],
        [ 0.98026773,  0.85266097,  0.5534656 , ..., -0.10793582,
         -0.02974415,  0.        ]],

       ...,

       [[ 0.        , -0.22494406, -0.36609577, ..., -0.21180531,
          0.23805861,  0.47330679],
        [ 0.22494406,  0.        , -0.14738554, ...,  0.01346341,
          0.45043466,  0.65932943],
        [ 0.36609577,  0.14738554,  0.        , ...,  0.16068856,
          0.57710271,  0.7629414 ],
        ...,
        [ 0.21180531, -0.01346341, -0.16068856, ...,  0.        ,
          0.43837358,  0.64914715],
        [-0.23805861, -0.45043466, -0.57710271, ..., -0.43837358,
          0.        ,  0.24999433],
        [-0.47330679, -0.65932943, -0.7629414 , ..., -0.64914715,
         -0.24999433,  0.        ]],

       [[ 0.        ,  0.07926229,  0.2701998 , ..., -0.78027825,
         -0.84942574, -0.88595595],
        [-0.07926229,  0.        ,  0.19303562, ..., -0.72825012,
         -0.80492592, -0.84640912],
        [-0.2701998 , -0.19303562,  0.        , ..., -0.58226349,
         -0.6752441 , -0.72769177],
        ...,
        [ 0.78027825,  0.72825012,  0.58226349, ...,  0.        ,
          0.11949929,  0.19223649],
        [ 0.84942574,  0.80492592,  0.6752441 , ..., -0.11949929,
          0.        ,  0.07358851],
        [ 0.88595595,  0.84640912,  0.72769177, ..., -0.19223649,
         -0.07358851,  0.        ]],

       [[ 0.        , -0.51940193, -0.77671367, ..., -0.99493248,
         -0.99523916, -0.993467  ],
        [ 0.51940193,  0.        , -0.33657787, ..., -0.79797628,
         -0.79983938, -0.78967341],
        [ 0.77671367,  0.33657787,  0.        , ..., -0.54856714,
         -0.55115448, -0.53710066],
        ...,
        [ 0.99493248,  0.79797628,  0.54856714, ...,  0.        ,
         -0.00309766,  0.01365298],
        [ 0.99523916,  0.79983938,  0.55115448, ...,  0.00309766,
          0.        ,  0.01675029],
        [ 0.993467  ,  0.78967341,  0.53710066, ..., -0.01365298,
         -0.01675029,  0.        ]]]), 'num': array([7.07103008e-01, 7.07103008e-01, 0.00000000e+00, 5.81054211e-04,
       5.82591392e-04, 5.68756768e-04, 2.83668206e-03, 4.61154136e-06,
       5.69679076e-04, 5.68833627e-04, 5.72164184e-04, 1.76397757e-06,
       5.89028106e-04, 5.48639147e-04])}
{'img': array([[[ 0.        , -0.35501552, -0.25735856, ..., -0.13109351,
         -0.15672379, -0.07925363],
        [ 0.35501552,  0.        ,  0.10246284, ...,  0.22939761,
          0.20411354,  0.27980773],
        [ 0.25735856, -0.10246284,  0.        , ...,  0.12845981,
          0.10273355,  0.17996499],
        ...,
        [ 0.13109351, -0.22939761, -0.12845981, ...,  0.        ,
         -0.02589774,  0.05211148],
        [ 0.15672379, -0.20411354, -0.10273355, ...,  0.02589774,
          0.        ,  0.07795656],
        [ 0.07925363, -0.27980773, -0.17996499, ..., -0.05211148,
         -0.07795656,  0.        ]],

       [[ 0.        ,  0.1893435 , -0.25668641, ..., -0.01229238,
         -0.27038787, -0.51132663],
        [-0.1893435 ,  0.        , -0.43504268, ..., -0.20139922,
         -0.44778754, -0.66479644],
        [ 0.25668641,  0.43504268,  0.        , ...,  0.24478649,
         -0.01420324, -0.27360168],
        ...,
        [ 0.01229238,  0.20139922, -0.24478649, ...,  0.        ,
         -0.25853293, -0.50072409],
        [ 0.27038787,  0.44778754,  0.01420324, ...,  0.25853293,
          0.        , -0.25991279],
        [ 0.51132663,  0.66479644,  0.27360168, ...,  0.50072409,
          0.25991279,  0.        ]],

       [[ 0.        , -0.61690078, -0.83131972, ..., -0.98129631,
         -0.97443369, -0.94977796],
        [ 0.61690078,  0.        , -0.31141259, ..., -0.65356487,
         -0.62831684, -0.55447069],
        [ 0.83131972,  0.31141259,  0.        , ..., -0.38536722,
         -0.35480789, -0.26774095],
        ...,
        [ 0.98129631,  0.65356487,  0.38536722, ...,  0.        ,
          0.03289124,  0.1242363 ],
        [ 0.97443369,  0.62831684,  0.35480789, ..., -0.03289124,
          0.        ,  0.09153266],
        [ 0.94977796,  0.55447069,  0.26774095, ..., -0.1242363 ,
         -0.09153266,  0.        ]],

       ...,

       [[ 0.        , -0.14738554, -0.42142482, ...,  0.45043466,
          0.65932943,  0.80649114],
        [ 0.14738554,  0.        , -0.28316395, ...,  0.57710271,
          0.7629414 ,  0.88482468],
        [ 0.42142482,  0.28316395,  0.        , ...,  0.78473472,
          0.9147717 ,  0.98054306],
        ...,
        [-0.45043466, -0.57710271, -0.78473472, ...,  0.        ,
          0.24999433,  0.4537251 ],
        [-0.65932943, -0.7629414 , -0.9147717 , ..., -0.24999433,
          0.        ,  0.21653773],
        [-0.80649114, -0.88482468, -0.98054306, ..., -0.4537251 ,
         -0.21653773,  0.        ]],

       [[ 0.        ,  0.19303562,  0.32755793, ..., -0.80492592,
         -0.84640912, -0.87731787],
        [-0.19303562,  0.        ,  0.13901108, ..., -0.6752441 ,
         -0.72769177, -0.76817738],
        [-0.32755793, -0.13901108,  0.        , ..., -0.56615425,
         -0.62527819, -0.67171897],
        ...,
        [ 0.80492592,  0.6752441 ,  0.56615425, ...,  0.        ,
          0.07358851,  0.13428698],
        [ 0.84640912,  0.72769177,  0.62527819, ..., -0.07358851,
          0.        ,  0.06100091],
        [ 0.87731787,  0.76817738,  0.67171897, ..., -0.13428698,
         -0.06100091,  0.        ]],

       [[ 0.        , -0.65260289, -0.80587014, ..., -0.98301071,
         -0.97948612, -0.98061035],
        [ 0.65260289,  0.        , -0.22420674, ..., -0.62504323,
         -0.61064966, -0.61511949],
        [ 0.80587014,  0.22420674,  0.        , ..., -0.43411706,
         -0.41755398, -0.42268734],
        ...,
        [ 0.98301071,  0.62504323,  0.43411706, ...,  0.        ,
          0.01830518,  0.01264906],
        [ 0.97948612,  0.61064966,  0.41755398, ..., -0.01830518,
          0.        , -0.00565678],
        [ 0.98061035,  0.61511949,  0.42268734, ..., -0.01264906,
          0.00565678,  0.        ]]]), 'num': array([7.07078600e-01, 7.07078600e-01, 0.00000000e+00, 5.97942556e-04,
       6.05628192e-04, 5.76422772e-04, 8.77561399e-03, 1.69084013e-05,
       5.78882176e-04, 5.69736268e-04, 5.72349384e-04, 2.04950319e-06,
       5.93215103e-04, 5.46257433e-04])}
{'img': array([[[ 0.        ,  0.10246284, -0.07738302, ...,  0.20411354,
          0.27980773,  0.55291306],
        [-0.10246284,  0.        , -0.17913134, ...,  0.10273355,
          0.17996499,  0.46462695],
        [ 0.07738302,  0.17913134,  0.        , ...,  0.27925539,
          0.35326075,  0.61573366],
        ...,
        [-0.20411354, -0.10273355, -0.27925539, ...,  0.        ,
          0.07795656,  0.37119734],
        [-0.27980773, -0.17996499, -0.35326075, ..., -0.07795656,
          0.        ,  0.29768083],
        [-0.55291306, -0.46462695, -0.61573366, ..., -0.37119734,
         -0.29768083,  0.        ]],

       [[ 0.        , -0.43504268, -0.5905044 , ..., -0.44778754,
         -0.66479644,  0.06960027],
        [ 0.43504268,  0.        , -0.18060155, ..., -0.01420324,
         -0.27360168,  0.49665646],
        [ 0.5905044 ,  0.18060155,  0.        , ...,  0.16661364,
         -0.09539232,  0.64524222],
        ...,
        [ 0.44778754,  0.01420324, -0.16661364, ...,  0.        ,
         -0.25991279,  0.50893402],
        [ 0.66479644,  0.27360168,  0.09539232, ...,  0.25991279,
          0.        ,  0.7151774 ],
        [-0.06960027, -0.49665646, -0.64524222, ..., -0.50893402,
         -0.7151774 ,  0.        ]],

       [[ 0.        , -0.31141259, -0.51020505, ..., -0.62831684,
         -0.55447069, -0.38064586],
        [ 0.31141259,  0.        , -0.21700374, ..., -0.35480789,
         -0.26774095, -0.07374845],
        [ 0.51020505,  0.21700374,  0.        , ..., -0.14346778,
         -0.05227976,  0.14442173],
        ...,
        [ 0.62831684,  0.35480789,  0.14346778, ...,  0.        ,
          0.09153266,  0.28489138],
        [ 0.55447069,  0.26774095,  0.05227976, ..., -0.09153266,
          0.        ,  0.1959559 ],
        [ 0.38064586,  0.07374845, -0.14442173, ..., -0.28489138,
         -0.1959559 ,  0.        ]],

       ...,

       [[ 0.        , -0.28316395, -0.28316395, ...,  0.7629414 ,
          0.88482468,  0.99869734],
        [ 0.28316395,  0.        ,  0.        , ...,  0.9147717 ,
          0.98054306,  0.94337353],
        [ 0.28316395,  0.        ,  0.        , ...,  0.9147717 ,
          0.98054306,  0.94337353],
        ...,
        [-0.7629414 , -0.9147717 , -0.9147717 , ...,  0.        ,
          0.21653773,  0.68455515],
        [-0.88482468, -0.98054306, -0.98054306, ..., -0.21653773,
          0.        ,  0.51046599],
        [-0.99869734, -0.94337353, -0.94337353, ..., -0.68455515,
         -0.51046599,  0.        ]],

       [[ 0.        ,  0.13901108,  0.42121892, ..., -0.72769177,
         -0.76817738, -0.88210627],
        [-0.13901108,  0.        ,  0.29105188, ..., -0.62527819,
         -0.67171897, -0.80806052],
        [-0.42121892, -0.29105188,  0.        , ..., -0.37107074,
         -0.42702543, -0.60161886],
        ...,
        [ 0.72769177,  0.62527819,  0.37107074, ...,  0.        ,
          0.06100091,  0.26226094],
        [ 0.76817738,  0.67171897,  0.42702543, ..., -0.06100091,
          0.        ,  0.20290684],
        [ 0.88210627,  0.80806052,  0.60161886, ..., -0.26226094,
         -0.20290684,  0.        ]],

       [[ 0.        , -0.58426481, -0.80963352, ..., -0.93016543,
         -0.93263065, -0.9523463 ],
        [ 0.58426481,  0.        , -0.31414278, ..., -0.54038055,
         -0.54606689, -0.59467731],
        [ 0.80963352,  0.31414278,  0.        , ..., -0.24869795,
         -0.2552522 , -0.31201258],
        ...,
        [ 0.93016543,  0.54038055,  0.24869795, ...,  0.        ,
         -0.00677275, -0.06592704],
        [ 0.93263065,  0.54606689,  0.2552522 , ...,  0.00677275,
          0.        , -0.05916752],
        [ 0.9523463 ,  0.59467731,  0.31201258, ...,  0.06592704,
          0.05916752,  0.        ]]]), 'num': array([ 7.07101721e-01,  7.07101721e-01,  0.00000000e+00,  5.96424930e-04,
        6.04110818e-04,  5.87201864e-04,  3.40527892e-03, -1.53717765e-06,
        5.85972122e-04,  5.70754063e-04,  5.72906112e-04,  2.04957021e-06,
        5.96842645e-04,  5.44665482e-04])}
{'img': array([[[ 0.        , -0.17913134,  0.23154216, ...,  0.17996499,
          0.46462695,  0.43864004],
        [ 0.17913134,  0.        ,  0.40206042, ...,  0.35326075,
          0.61573366,  0.59252379],
        [-0.23154216, -0.40206042,  0.        , ..., -0.05268735,
          0.24696857,  0.21864161],
        ...,
        [-0.17996499, -0.35326075,  0.05268735, ...,  0.        ,
          0.29768083,  0.26975052],
        [-0.46462695, -0.61573366, -0.24696857, ..., -0.29768083,
          0.        , -0.02912436],
        [-0.43864004, -0.59252379, -0.21864161, ..., -0.26975052,
          0.02912436,  0.        ]],

       [[ 0.        , -0.18060155,  0.47210795, ..., -0.27360168,
          0.49665646, -0.16153446],
