state_0,state_1,state_2,state_3,state_4,state_5,state_6,state_7,state_8,state_9,state_10,state_11,state_12,state_13,state_14,state_15,state_16,state_17,state_18,state_19,state_20,state_21,state_22,state_23,state_24,state_25,state_26,state_27,state_28,state_29,state_30,state_31,state_32,state_33,state_34,state_35,state_36,state_37,state_38,state_39,state_40,state_41,state_42,state_43,state_44,state_45,state_46,state_47,state_48,state_49,state_50,state_51,state_52,state_53,state_54,state_55,state_56,state_57,state_58,state_59,state_60,state_61,state_62,state_63,state_64,state_65,state_66,state_67,state_68,state_69,state_70,state_71,state_72,state_73,state_74,state_75,state_76,state_77,state_78,state_79,state_80,state_81,state_82,state_83,state_84,state_85,state_86,state_87,state_88,state_89,state_90,state_91,state_92,state_93,state_94,state_95,state_96,state_97,state_98,state_99,state_100,state_101,state_102,state_103,state_104,state_105,state_106,state_107,state_108,state_109,state_110,state_111,state_112,state_113,state_114,state_115,state_116,state_117,state_118,state_119,state_120,state_121,state_122,state_123,state_124,state_125,state_126,state_127,state_128,state_129,state_130,state_131,state_132,state_133,state_134,state_135,state_136,state_137,state_138,state_139,state_140,state_141,state_142,state_143,state_144,state_145,state_146,state_147,state_148,state_149,state_150,state_151,state_152,state_153,state_154,state_155,state_156,state_157,state_158,state_159,state_160,state_161,state_162,state_163,state_164,state_165,state_166,state_167,state_168,state_169,state_170,state_171,state_172,state_173,state_174,state_175,state_176,state_177,state_178,state_179,state_180,state_181,state_182,state_183,state_184,state_185,state_186,state_187,state_188,state_189,state_190,state_191,state_192,state_193,state_194,state_195,state_196,state_197,state_198,state_199,state_200,state_201,state_202,state_203,state_204,state_205,state_206,state_207,state_208,state_209,state_210,state_211,state_212,state_213,state_214,state_215,state_216,state_217,state_218,state_219,state_220,state_221,state_222,state_223,state_224,state_225,state_226,state_227,state_228,state_229,state_230,state_231,state_232,state_233,state_234,state_235,state_236,state_237,state_238,state_239,state_240,state_241,state_242,state_243,state_244,state_245,state_246,state_247,state_248,state_249,state_250,state_251,state_252,state_253,state_254,state_255,state_256,state_257,state_258,state_259,state_260,state_261,state_262,state_263,state_264,state_265,state_266,state_267,state_268,state_269,state_270,state_271,state_272,state_273,state_274,state_275,state_276,state_277,state_278,state_279,state_280,state_281,state_282,state_283,state_284,state_285,state_286,state_287
{'img': array([[[ 0.        ,  0.11877376,  0.06795417, ..., -0.95397592,
         -0.99968931, -0.9658717 ],
        [-0.11877376,  0.        , -0.05102606, ..., -0.98284131,
         -0.99557335, -0.98979952],
        [-0.06795417,  0.05102606,  0.        , ..., -0.97214906,
         -0.99907226, -0.98124059],
        ...,
        [ 0.95397592,  0.98284131,  0.97214906, ...,  0.        ,
         -0.27601173, -0.04254895],
        [ 0.99968931,  0.99557335,  0.99907226, ...,  0.27601173,
          0.        ,  0.23486566],
        [ 0.9658717 ,  0.98979952,  0.98124059, ...,  0.04254895,
         -0.23486566,  0.        ]],

       [[ 0.        ,  0.45806649, -0.03886924, ...,  0.21018757,
          0.37641897,  0.41615875],
        [-0.45806649,  0.        , -0.4922719 , ..., -0.26099428,
         -0.08976992, -0.04658521],
        [ 0.03886924,  0.4922719 ,  0.        , ...,  0.24802968,
          0.4121449 ,  0.45118774],
        ...,
        [-0.21018757,  0.26099428, -0.24802968, ...,  0.        ,
          0.17328199,  0.21574034],
        [-0.37641897,  0.08976992, -0.4121449 , ..., -0.17328199,
          0.        ,  0.04327534],
        [-0.41615875,  0.04658521, -0.45118774, ..., -0.21574034,
         -0.04327534,  0.        ]],

       [[ 0.        ,  0.04462052,  0.11468321, ..., -0.99292716,
         -0.94655835, -0.87109427],
        [-0.04462052,  0.        ,  0.07024287, ..., -0.98664064,
         -0.93122402, -0.84831282],
        [-0.11468321, -0.07024287,  0.        , ..., -0.97276017,
         -0.903324  , -0.80902415],
        ...,
        [ 0.99292716,  0.98664064,  0.97276017, ...,  0.        ,
         -0.20787115, -0.38422151],
        [ 0.94655835,  0.93122402,  0.903324  , ...,  0.20787115,
          0.        , -0.18391351],
        [ 0.87109427,  0.84831282,  0.80902415, ...,  0.38422151,
          0.18391351,  0.        ]],

       ...,

       [[ 0.        ,  0.47115992,  0.13009968, ..., -0.46543061,
         -0.34916778,  0.08468059],
        [-0.47115992,  0.        , -0.35240136, ..., -0.82754833,
         -0.74948789, -0.39477526],
        [-0.13009968,  0.35240136,  0.        , ..., -0.57662407,
         -0.46811141, -0.0456715 ],
        ...,
        [ 0.46543061,  0.82754833,  0.57662407, ...,  0.        ,
          0.12709356,  0.53870832],
        [ 0.34916778,  0.74948789,  0.46811141, ..., -0.12709356,
          0.        ,  0.42726444],
        [-0.08468059,  0.39477526,  0.0456715 , ..., -0.53870832,
         -0.42726444,  0.        ]],

       [[ 0.        , -0.07554419, -0.11124791, ..., -0.91003078,
         -0.88872565, -0.7912201 ],
        [ 0.07554419,  0.        , -0.03585475, ..., -0.93874647,
         -0.92081851, -0.8351568 ],
        [ 0.11124791,  0.03585475,  0.        , ..., -0.95049872,
         -0.93420948, -0.85434034],
        ...,
        [ 0.91003078,  0.93874647,  0.95049872, ...,  0.        ,
         -0.04878106, -0.22851955],
        [ 0.88872565,  0.92081851,  0.93420948, ...,  0.04878106,
          0.        , -0.18075722],
        [ 0.7912201 ,  0.8351568 ,  0.85434034, ...,  0.22851955,
          0.18075722,  0.        ]],

       [[ 0.        ,  0.07675114,  0.09611378, ..., -0.60846589,
         -0.38473453, -0.65615484],
        [-0.07675114,  0.        ,  0.01943446, ..., -0.54576292,
         -0.31275628, -0.59630094],
        [-0.09611378, -0.01943446,  0.        , ..., -0.52937494,
         -0.29423771, -0.58058709],
        ...,
        [ 0.60846589,  0.54576292,  0.52937494, ...,  0.        ,
         -0.25631297,  0.06154702],
        [ 0.38473453,  0.31275628,  0.29423771, ...,  0.25631297,
          0.        ,  0.31531802],
        [ 0.65615484,  0.59630094,  0.58058709, ..., -0.06154702,
         -0.31531802,  0.        ]]]), 'num': array([7.07524354e-01, 7.06684659e-01, 9.93720986e-09, 8.39694233e-04,
       8.46650280e-04, 8.21807256e-04, 5.81177719e-04, 1.49058148e-05,
       8.21608511e-04, 8.37060873e-04, 9.27920095e-04, 5.38084726e-07,
       8.98653219e-04, 7.75468526e-04])}
{'img': array([[[ 0.        , -0.05102606, -0.05729695, ..., -0.99557335,
         -0.98979952, -0.96505739],
        [ 0.05102606,  0.        , -0.00628007, ..., -0.99907226,
         -0.98124059, -0.95042943],
        [ 0.05729695,  0.00628007,  0.        , ..., -0.99932302,
         -0.98001052, -0.94845796],
        ...,
        [ 0.99557335,  0.99907226,  0.99932302, ...,  0.        ,
          0.23486566,  0.35158229],
        [ 0.98979952,  0.98124059,  0.98001052, ..., -0.23486566,
          0.        ,  0.12187664],
        [ 0.96505739,  0.95042943,  0.94845796, ..., -0.35158229,
         -0.12187664,  0.        ]],

       [[ 0.        , -0.4922719 , -0.70527123, ..., -0.08976992,
         -0.04658521, -0.1251966 ],
        [ 0.4922719 ,  0.        , -0.2649073 , ...,  0.4121449 ,
          0.45118774,  0.37942236],
        [ 0.70527123,  0.2649073 ,  0.        , ...,  0.63878245,
          0.67147953,  0.61096555],
        ...,
        [ 0.08976992, -0.4121449 , -0.63878245, ...,  0.        ,
          0.04327534, -0.03562752],
        [ 0.04658521, -0.45118774, -0.67147953, ..., -0.04327534,
          0.        , -0.078842  ],
        [ 0.1251966 , -0.37942236, -0.61096555, ...,  0.03562752,
          0.078842  ,  0.        ]],

       [[ 0.        ,  0.07024287,  0.11651927, ..., -0.93122402,
         -0.84831282, -0.96760476],
        [-0.07024287,  0.        ,  0.04646705, ..., -0.903324  ,
         -0.80902415, -0.94748049],
        [-0.11651927, -0.04646705,  0.        , ..., -0.88241579,
         -0.78083807, -0.93159625],
        ...,
        [ 0.93122402,  0.903324  ,  0.88241579, ...,  0.        ,
         -0.18391351,  0.11753493],
        [ 0.84831282,  0.80902415,  0.78083807, ...,  0.18391351,
          0.        ,  0.29816883],
        [ 0.96760476,  0.94748049,  0.93159625, ..., -0.11753493,
         -0.29816883,  0.        ]],

       ...,

       [[ 0.        , -0.35240136,  0.0886211 , ..., -0.74948789,
         -0.39477526,  0.11126954],
        [ 0.35240136,  0.        ,  0.43395077, ..., -0.46811141,
         -0.0456715 ,  0.45434452],
        [-0.0886211 , -0.43395077,  0.        , ..., -0.80520774,
         -0.47464507,  0.02276095],
        ...,
        [ 0.74948789,  0.46811141,  0.80520774, ...,  0.        ,
          0.42726444,  0.81849621],
        [ 0.39477526,  0.0456715 ,  0.47464507, ..., -0.42726444,
          0.        ,  0.49455578],
        [-0.11126954, -0.45434452, -0.02276095, ..., -0.81849621,
         -0.49455578,  0.        ]],

       [[ 0.        , -0.03578647, -0.06037937, ..., -0.9314185 ,
         -0.88894856, -0.83428875],
        [ 0.03578647,  0.        , -0.02461952, ..., -0.94384638,
         -0.90476961, -0.85348443],
        [ 0.06037937,  0.02461952,  0.        , ..., -0.9516942 ,
         -0.91498086, -0.86605542],
        ...,
        [ 0.9314185 ,  0.94384638,  0.9516942 , ...,  0.        ,
         -0.10306344, -0.2098775 ],
        [ 0.88894856,  0.90476961,  0.91498086, ...,  0.10306344,
          0.        , -0.10799188],
        [ 0.83428875,  0.85348443,  0.86605542, ...,  0.2098775 ,
          0.10799188,  0.        ]],

       [[ 0.        ,  0.01943446,  0.02718857, ..., -0.31275628,
         -0.59630094, -0.59072355],
        [-0.01943446,  0.        ,  0.00775616, ..., -0.29423771,
         -0.58058709, -0.57493083],
        [-0.02718857, -0.00775616,  0.        , ..., -0.28681604,
         -0.57425457, -0.56856742],
        ...,
        [ 0.31275628,  0.29423771,  0.28681604, ...,  0.        ,
          0.31531802,  0.30873405],
        [ 0.59630094,  0.58058709,  0.57425457, ..., -0.31531802,
          0.        , -0.00692991],
        [ 0.59072355,  0.57493083,  0.56856742, ..., -0.30873405,
          0.00692991,  0.        ]]]), 'num': array([7.06949869e-01, 7.06949869e-01, 0.00000000e+00, 6.91510734e-03,
       6.98011422e-03, 6.78509357e-03, 7.63879648e-03, 4.87551633e-05,
       6.77371736e-03, 6.81800330e-03, 7.55908178e-03, 4.65357653e-06,
       7.24012514e-03, 6.39588147e-03])}
{'img': array([[[ 0.        , -0.00628007,  0.16460332, ..., -0.98124059,
         -0.95042943, -0.93549298],
        [ 0.00628007,  0.        ,  0.17079448, ..., -0.98001052,
         -0.94845796, -0.9332555 ],
        [-0.16460332, -0.17079448,  0.        , ..., -0.99958973,
         -0.98864724, -0.98089452],
        ...,
        [ 0.98124059,  0.98001052,  0.99958973, ...,  0.        ,
          0.12187664,  0.16636563],
        [ 0.95042943,  0.94845796,  0.98864724, ..., -0.12187664,
          0.        ,  0.04494724],
        [ 0.93549298,  0.9332555 ,  0.98089452, ..., -0.16636563,
         -0.04494724,  0.        ]],

       [[ 0.        , -0.2649073 ,  0.15167692, ...,  0.45118774,
          0.37942236,  0.62512308],
        [ 0.2649073 ,  0.        ,  0.40810044, ...,  0.67147953,
          0.61096555,  0.80955694],
        [-0.15167692, -0.40810044,  0.        , ...,  0.31060667,
          0.23469743,  0.49950267],
        ...,
        [-0.45118774, -0.67147953, -0.31060667, ...,  0.        ,
         -0.078842  ,  0.20571414],
        [-0.37942236, -0.61096555, -0.23469743, ...,  0.078842  ,
          0.        ,  0.28222952],
        [-0.62512308, -0.80955694, -0.49950267, ..., -0.20571414,
         -0.28222952,  0.        ]],

       [[ 0.        ,  0.04646705,  0.14272802, ..., -0.80902415,
         -0.94748049, -0.98168562],
        [-0.04646705,  0.        ,  0.09658252, ..., -0.78083807,
         -0.93159625, -0.97177287],
        [-0.14272802, -0.09658252,  0.        , ..., -0.7168493 ,
         -0.89213378, -0.94444422],
        ...,
        [ 0.80902415,  0.78083807,  0.7168493 , ...,  0.        ,
          0.29816883,  0.42288497],
        [ 0.94748049,  0.93159625,  0.89213378, ..., -0.29816883,
          0.        ,  0.13345364],
        [ 0.98168562,  0.97177287,  0.94444422, ..., -0.42288497,
         -0.13345364,  0.        ]],

       ...,

       [[ 0.        ,  0.43395077,  0.82264563, ..., -0.0456715 ,
          0.45434452,  0.64034546],
        [-0.43395077,  0.        ,  0.4944269 , ..., -0.47464507,
          0.02276095,  0.2435987 ],
        [-0.82264563, -0.4944269 ,  0.        , ..., -0.84775394,
         -0.47451456, -0.26779217],
        ...,
        [ 0.0456715 ,  0.47464507,  0.84775394, ...,  0.        ,
          0.49455578,  0.67475696],
        [-0.45434452, -0.02276095,  0.47451456, ..., -0.49455578,
          0.        ,  0.22146029],
        [-0.64034546, -0.2435987 ,  0.26779217, ..., -0.67475696,
         -0.22146029,  0.        ]],

       [[ 0.        , -0.02380165, -0.0928331 , ..., -0.99370795,
         -0.99222256, -0.83834608],
        [ 0.02380165,  0.        , -0.06910793, ..., -0.99609227,
         -0.99490421, -0.85108377],
        [ 0.0928331 ,  0.06910793,  0.        , ..., -0.99981432,
         -0.99949337, -0.88533272],
        ...,
        [ 0.99370795,  0.99609227,  0.99981432, ...,  0.        ,
         -0.01256206, -0.44781169],
        [ 0.99222256,  0.99490421,  0.99949337, ...,  0.01256206,
          0.        , -0.43654427],
        [ 0.83834608,  0.85108377,  0.88533272, ...,  0.44781169,
          0.43654427,  0.        ]],

       [[ 0.        ,  0.00775616,  0.29423771, ..., -0.58058709,
         -0.57493083, -0.6888392 ],
        [-0.00775616,  0.        ,  0.28681604, ..., -0.57425457,
         -0.56856742, -0.68319593],
        [-0.29423771, -0.28681604,  0.        , ..., -0.31531802,
         -0.30873405, -0.44504877],
        ...,
        [ 0.58058709,  0.57425457,  0.31531802, ...,  0.        ,
         -0.00692991,  0.1399758 ],
        [ 0.57493083,  0.56856742,  0.30873405, ...,  0.00692991,
          0.        ,  0.14683412],
        [ 0.6888392 ,  0.68319593,  0.44504877, ..., -0.1399758 ,
         -0.14683412,  0.        ]]]), 'num': array([ 7.06968969e-01,  7.06968969e-01,  0.00000000e+00,  6.80965512e-03,
        6.94779849e-03,  6.80965512e-03,  2.71841758e-03, -1.05639041e-04,
        6.77877602e-03,  6.79299666e-03,  7.52989669e-03,  4.28973327e-06,
        7.14882155e-03,  6.43717177e-03])}
{'img': array([[[ 0.        ,  0.17079448,  0.02524737, ..., -0.94845796,
         -0.9332555 , -0.96445301],
        [-0.17079448,  0.        , -0.14586364, ..., -0.98864724,
         -0.98089452, -0.99541518],
        [-0.02524737,  0.14586364,  0.        , ..., -0.95615659,
         -0.9420272 , -0.9708173 ],
        ...,
        [ 0.94845796,  0.98864724,  0.95615659, ...,  0.        ,
          0.04494724, -0.05500382],
        [ 0.9332555 ,  0.98089452,  0.9420272 , ..., -0.04494724,
          0.        , -0.09982742],
        [ 0.96445301,  0.99541518,  0.9708173 , ...,  0.05500382,
          0.09982742,  0.        ]],

       [[ 0.        ,  0.40810044,  0.27040247, ...,  0.61096555,
          0.80955694,  0.35239335],
        [-0.40810044,  0.        , -0.1460372 , ...,  0.23469743,
          0.49950267, -0.06020867],
        [-0.27040247,  0.1460372 ,  0.        , ...,  0.37413942,
          0.62066139,  0.08620909],
        ...,
        [-0.61096555, -0.23469743, -0.37413942, ...,  0.        ,
          0.28222952, -0.29279859],
        [-0.80955694, -0.49950267, -0.62066139, ..., -0.28222952,
          0.        , -0.55075599],
        [-0.35239335,  0.06020867, -0.08620909, ...,  0.29279859,
          0.55075599,  0.        ]],

       [[ 0.        ,  0.09658252,  0.12455908, ..., -0.93159625,
         -0.97177287, -0.97407835],
        [-0.09658252,  0.        ,  0.02814641, ..., -0.89213378,
         -0.94444422, -0.94767649],
        [-0.12455908, -0.02814641,  0.        , ..., -0.87906458,
         -0.93481911, -0.93831579],
        ...,
        [ 0.93159625,  0.89213378,  0.87906458, ...,  0.        ,
          0.13345364,  0.14333513],
        [ 0.97177287,  0.94444422,  0.93481911, ..., -0.13345364,
          0.        ,  0.00997739],
        [ 0.97407835,  0.94767649,  0.93831579, ..., -0.14333513,
         -0.00997739,  0.        ]],

       ...,

       [[ 0.        ,  0.4944269 , -0.18867143, ...,  0.02276095,
          0.2435987 , -0.06460026],
        [-0.4944269 ,  0.        , -0.64954396, ..., -0.47451456,
         -0.26779217, -0.54954594],
        [ 0.18867143,  0.64954396,  0.        , ...,  0.21097472,
          0.42221164,  0.12483728],
        ...,
        [-0.02276095,  0.47451456, -0.21097472, ...,  0.        ,
          0.22146029, -0.08729693],
        [-0.2435987 ,  0.26779217, -0.42221164, ..., -0.22146029,
          0.        , -0.30574413],
        [ 0.06460026,  0.54954594, -0.12483728, ...,  0.08729693,
          0.30574413,  0.        ]],

       [[ 0.        , -0.06723223, -0.06881426, ..., -0.99956677,
         -0.98564578, -0.83887044],
        [ 0.06723223,  0.        , -0.0015857 , ..., -0.99532629,
         -0.9947662 , -0.87356897],
        [ 0.06881426,  0.0015857 ,  0.        , ..., -0.99517191,
         -0.99492697, -0.87433964],
        ...,
        [ 0.99956677,  0.99532629,  0.99517191, ...,  0.        ,
         -0.19776342, -0.56878538],
        [ 0.98564578,  0.9947662 ,  0.99492697, ...,  0.19776342,
          0.        , -0.3948941 ],
        [ 0.83887044,  0.87356897,  0.87433964, ...,  0.56878538,
          0.3948941 ,  0.        ]],

       [[ 0.        ,  0.28681604,  0.2757813 , ..., -0.56856742,
         -0.68319593, -0.74374793],
        [-0.28681604,  0.        , -0.0114989 , ..., -0.30873405,
         -0.44504877, -0.52077476],
        [-0.2757813 ,  0.0114989 ,  0.        , ..., -0.3196508 ,
         -0.45531668, -0.53055687],
        ...,
        [ 0.56856742,  0.30873405,  0.3196508 , ...,  0.        ,
          0.14683412,  0.23176964],
        [ 0.68319593,  0.44504877,  0.45531668, ..., -0.14683412,
          0.        ,  0.08642158],
        [ 0.74374793,  0.52077476,  0.53055687, ..., -0.23176964,
         -0.08642158,  0.        ]]]), 'num': array([7.06970908e-01, 7.06970908e-01, 0.00000000e+00, 6.83405211e-03,
       6.86655652e-03, 6.74466498e-03, 2.10604196e-03, 2.43783072e-05,
       6.83405211e-03, 6.76741807e-03, 7.50106968e-03, 4.11771108e-06,
       7.01875515e-03, 6.51608099e-03])}
{'img': array([[[ 0.        , -0.14586364,  0.09455393, ..., -0.98089452,
         -0.99541518, -0.99283794],
        [ 0.14586364,  0.        ,  0.23875278, ..., -0.9420272 ,
         -0.9708173 , -0.96479308],
        [-0.09455393, -0.23875278,  0.        , ..., -0.99489441,
         -0.9999994 , -0.99968603],
        ...,
        [ 0.98089452,  0.9420272 ,  0.99489441, ...,  0.        ,
         -0.09982742, -0.07596063],
        [ 0.99541518,  0.9708173 ,  0.9999994 , ...,  0.09982742,
          0.        ,  0.02395781],
        [ 0.99283794,  0.96479308,  0.99968603, ...,  0.07596063,
         -0.02395781,  0.        ]],

       [[ 0.        , -0.16821748,  0.32821424, ...,  0.51704408,
         -0.06674942, -0.2657817 ],
        [ 0.16821748,  0.        ,  0.48243595, ...,  0.65366339,
          0.10204409, -0.09982704],
        [-0.32821424, -0.48243595,  0.        , ...,  0.2074637 ,
         -0.39053396, -0.56746771],
        ...,
        [-0.51704408, -0.65366339, -0.2074637 , ...,  0.        ,
         -0.57302571, -0.72594586],
        [ 0.06674942, -0.10204409,  0.39053396, ...,  0.57302571,
          0.        , -0.20084029],
        [ 0.2657817 ,  0.09982704,  0.56746771, ...,  0.72594586,
          0.20084029,  0.        ]],

       [[ 0.        ,  0.02814641,  0.09131241, ..., -0.94444422,
         -0.94767649, -0.97511353],
        [-0.02814641,  0.        ,  0.06324741, ..., -0.93481911,
         -0.93831579, -0.96848697],
        [-0.09131241, -0.06324741,  0.        , ..., -0.9104868 ,
         -0.91456751, -0.95079527],
        ...,
        [ 0.94444422,  0.93481911,  0.9104868 , ...,  0.        ,
          0.00997739,  0.11110321],
        [ 0.94767649,  0.93831579,  0.91456751, ..., -0.00997739,
          0.        ,  0.10118206],
        [ 0.97511353,  0.96848697,  0.95079527, ..., -0.11110321,
         -0.10118206,  0.        ]],

       ...,

       [[ 0.        , -0.64954396, -0.32254858, ..., -0.26779217,
         -0.54954594, -0.65253473],
        [ 0.64954396,  0.        ,  0.36958628, ...,  0.42221164,
          0.12483728, -0.00394017],
        [ 0.32254858, -0.36958628,  0.        , ...,  0.05728858,
         -0.25069675, -0.37324461],
        ...,
        [ 0.26779217, -0.42221164, -0.05728858, ...,  0.        ,
         -0.30574413, -0.42578012],
        [ 0.54954594, -0.12483728,  0.25069675, ...,  0.30574413,
          0.        , -0.12874566],
        [ 0.65253473,  0.00394017,  0.37324461, ...,  0.42578012,
          0.12874566,  0.        ]],

       [[ 0.        , -0.00152743,  0.0392965 , ..., -0.99686428,
         -0.99762556, -0.8573488 ],
        [ 0.00152743,  0.        ,  0.04082271, ..., -0.99674225,
         -0.99772959, -0.85813403],
        [-0.0392965 , -0.04082271,  0.        , ..., -0.99920384,
         -0.99414859, -0.83645926],
        ...,
        [ 0.99686428,  0.99674225,  0.99920384, ...,  0.        ,
         -0.14759762, -0.58096406],
        [ 0.99762556,  0.99772959,  0.99414859, ...,  0.14759762,
          0.        , -0.45446704],
        [ 0.8573488 ,  0.85813403,  0.83645926, ...,  0.58096406,
          0.45446704,  0.        ]],

       [[ 0.        , -0.0114989 , -0.20925141, ..., -0.44504877,
         -0.52077476, -0.63383312],
        [ 0.0114989 ,  0.        , -0.19799324, ..., -0.45531668,
         -0.53055687, -0.64268527],
        [ 0.20925141,  0.19799324,  0.        , ..., -0.62258219,
         -0.68788249, -0.7816509 ],
        ...,
        [ 0.44504877,  0.45531668,  0.62258219, ...,  0.        ,
          0.08642158,  0.22336978],
        [ 0.52077476,  0.53055687,  0.68788249, ..., -0.08642158,
          0.        ,  0.13829605],
        [ 0.63383312,  0.64268527,  0.7816509 , ..., -0.22336978,
         -0.13829605,  0.        ]]]), 'num': array([ 7.06968020e-01,  7.06968020e-01,  0.00000000e+00,  6.54961177e-03,
        6.83402419e-03,  6.54148570e-03,  4.63811651e-03, -2.84412422e-04,
        6.79501906e-03,  6.74423112e-03,  7.46392999e-03,  3.52341281e-06,
        6.98602641e-03,  6.50243584e-03])}
{'img': array([[[ 0.        ,  0.23875278,  0.87155108, ..., -0.9708173 ,
         -0.96479308, -0.99719274],
        [-0.23875278,  0.        ,  0.72928455, ..., -0.9999994 ,
         -0.99968603, -0.95047712],
        [-0.87155108, -0.72928455,  0.        , ..., -0.68501192,
         -0.70226934, -0.42366879],
        ...,
        [ 0.9708173 ,  0.9999994 ,  0.68501192, ...,  0.        ,
          0.02395781, -0.31183935],
        [ 0.96479308,  0.99968603,  0.70226934, ..., -0.02395781,
          0.        , -0.334513  ],
        [ 0.99719274,  0.95047712,  0.42366879, ...,  0.31183935,
          0.334513  ,  0.        ]],

       [[ 0.        ,  0.48243595,  0.64239299, ...,  0.10204409,
         -0.09982704,  0.39438042],
        [-0.48243595,  0.        ,  0.19296505, ..., -0.39053396,
         -0.56746771, -0.09788306],
        [-0.64239299, -0.19296505,  0.        , ..., -0.56083554,
         -0.71568909, -0.28808183],
        ...,
        [-0.10204409,  0.39053396,  0.56083554, ...,  0.        ,
         -0.20084029,  0.29854857],
        [ 0.09982704,  0.56746771,  0.71568909, ...,  0.20084029,
          0.        ,  0.4841462 ],
        [-0.39438042,  0.09788306,  0.28808183, ..., -0.29854857,
         -0.4841462 ,  0.        ]],

       [[ 0.        ,  0.06324741,  0.30347311, ..., -0.93831579,
         -0.96848697, -0.94885343],
        [-0.06324741,  0.        ,  0.24260086, ..., -0.91456751,
         -0.95079527, -0.92698543],
        [-0.30347311, -0.24260086,  0.        , ..., -0.78913004,
         -0.84722883, -0.80829391],
        ...,
        [ 0.93831579,  0.91456751,  0.78913004, ...,  0.        ,
          0.10118206,  0.03185191],
        [ 0.96848697,  0.95079527,  0.84722883, ..., -0.10118206,
          0.        , -0.06944228],
        [ 0.94885343,  0.92698543,  0.80829391, ..., -0.03185191,
          0.06944228,  0.        ]],

       ...,

       [[ 0.        ,  0.36958628,  0.9407611 , ...,  0.12483728,
         -0.00394017, -0.4077466 ],
        [-0.36958628,  0.        ,  0.74883618, ..., -0.25069675,
         -0.37324461, -0.71634411],
        [-0.9407611 , -0.74883618,  0.        , ..., -0.89107315,
         -0.9420898 , -0.99725907],
        ...,
        [-0.12483728,  0.25069675,  0.89107315, ...,  0.        ,
         -0.12874566, -0.5185452 ],
        [ 0.00394017,  0.37324461,  0.9420898 , ...,  0.12874566,
          0.        , -0.40414568],
        [ 0.4077466 ,  0.71634411,  0.99725907, ...,  0.5185452 ,
          0.40414568,  0.        ]],

       [[ 0.        ,  0.04046161,  0.24664962, ..., -0.99976815,
         -0.95123335, -0.85415669],
        [-0.04046161,  0.        ,  0.2072361 , ..., -0.99807821,
         -0.9379731 , -0.83241654],
        [-0.24664962, -0.2072361 ,  0.        , ..., -0.96356913,
         -0.84576018, -0.6995056 ],
        ...,
        [ 0.99976815,  0.99807821,  0.96356913, ...,  0.        ,
         -0.28791853, -0.50150327],
        [ 0.95123335,  0.9379731 ,  0.84576018, ...,  0.28791853,
          0.        , -0.2311727 ],
        [ 0.85415669,  0.83241654,  0.6995056 , ...,  0.50150327,
          0.2311727 ,  0.        ]],

       [[ 0.        , -0.20894563, -0.50847737, ..., -0.52078269,
         -0.63384226, -0.61655551],
        [ 0.20894563,  0.        , -0.31733595, ..., -0.68766223,
         -0.7814632 , -0.76745172],
        [ 0.50847737,  0.31733595,  0.        , ..., -0.88251482,
         -0.93907405, -0.9312308 ],
        ...,
        [ 0.52078269,  0.68766223,  0.88251482, ...,  0.        ,
          0.13829855,  0.11632866],
        [ 0.63384226,  0.7814632 ,  0.93907405, ..., -0.13829855,
          0.        , -0.0221488 ],
        [ 0.61655551,  0.76745172,  0.9312308 , ..., -0.11632866,
          0.0221488 ,  0.        ]]]), 'num': array([7.47583710e-01, 6.63830765e-01, 1.03017152e-06, 6.97941204e-03,
       7.06525966e-03, 6.88497965e-03, 6.09938802e-03, 6.00933386e-05,
       7.12363605e-03, 7.10818348e-03, 7.85019313e-03, 4.18595865e-06,
       7.35556768e-03, 6.86079927e-03])}
{'img': array([[[ 0.        ,  0.72928455, -0.02255154, ..., -0.99968603,
         -0.95047712, -0.97322077],
        [-0.72928455,  0.        , -0.74452908, ..., -0.70226934,
         -0.42366879, -0.49824548],
        [ 0.02255154,  0.74452908,  0.        , ..., -0.99886671,
         -0.95724429, -0.97815724],
        ...,
        [ 0.99968603,  0.70226934,  0.99886671, ...,  0.        ,
         -0.334513  , -0.25418619],
        [ 0.95047712,  0.42366879,  0.95724429, ...,  0.334513  ,
          0.        ,  0.08398321],
        [ 0.97322077,  0.49824548,  0.97815724, ...,  0.25418619,
         -0.08398321,  0.        ]],

       [[ 0.        ,  0.19296505, -0.13466489, ..., -0.56746771,
         -0.09788306,  0.02990857],
        [-0.19296505,  0.        , -0.32334132, ..., -0.71568909,
         -0.28808183, -0.16353227],
        [ 0.13466489,  0.32334132,  0.        , ..., -0.45141627,
          0.03702676,  0.16424078],
        ...,
        [ 0.56746771,  0.71568909,  0.45141627, ...,  0.        ,
          0.4841462 ,  0.59184043],
        [ 0.09788306,  0.28808183, -0.03702676, ..., -0.4841462 ,
          0.        ,  0.12760421],
        [-0.02990857,  0.16353227, -0.16424078, ..., -0.59184043,
         -0.12760421,  0.        ]],

       [[ 0.        ,  0.24260086,  0.36874099, ..., -0.95079527,
         -0.92698543, -0.87979788],
        [-0.24260086,  0.        ,  0.13221999, ..., -0.84722883,
         -0.80829391, -0.73819515],
        [-0.36874099, -0.13221999,  0.        , ..., -0.76955152,
         -0.72334903, -0.64252017],
        ...,
        [ 0.95079527,  0.84722883,  0.76955152, ...,  0.        ,
         -0.06944228, -0.17937973],
        [ 0.92698543,  0.80829391,  0.72334903, ...,  0.06944228,
          0.        , -0.11063079],
        [ 0.87979788,  0.73819515,  0.64252017, ...,  0.17937973,
          0.11063079,  0.        ]],

       ...,

       [[ 0.        ,  0.74883618,  0.11536752, ..., -0.37324461,
         -0.71634411, -0.47427341],
        [-0.74883618,  0.        , -0.66737569, ..., -0.9420898 ,
         -0.99725907, -0.97358575],
        [-0.11536752,  0.66737569,  0.        , ..., -0.47778266,
         -0.79205835, -0.57267361],
        ...,
        [ 0.37324461,  0.9420898 ,  0.47778266, ...,  0.        ,
         -0.40414568, -0.11140289],
        [ 0.71634411,  0.99725907,  0.79205835, ...,  0.40414568,
          0.        ,  0.29973038],
        [ 0.47427341,  0.97358575,  0.57267361, ...,  0.11140289,
         -0.29973038,  0.        ]],

       [[ 0.        ,  0.20603255,  0.23009885, ..., -0.95888886,
         -0.9226362 , -0.82954249],
        [-0.20603255,  0.        ,  0.02465798, ..., -0.87984774,
         -0.82338031, -0.69668722],
        [-0.23009885, -0.02465798,  0.        , ..., -0.86786137,
         -0.8091368 , -0.67878637],
        ...,
        [ 0.95888886,  0.87984774,  0.86786137, ...,  0.        ,
         -0.10798859, -0.30007623],
        [ 0.9226362 ,  0.82338031,  0.8091368 , ...,  0.10798859,
          0.        , -0.19530946],
        [ 0.82954249,  0.69668722,  0.67878637, ...,  0.30007623,
          0.19530946,  0.        ]],

       [[ 0.        , -0.47154111, -0.47994818, ..., -0.6369147 ,
         -0.6195744 , -0.60871751],
        [ 0.47154111,  0.        , -0.00955794, ..., -0.92518666,
         -0.91649852, -0.91090854],
        [ 0.47994818,  0.00955794,  0.        , ..., -0.92877176,
         -0.9202802 , -0.91481061],
        ...,
        [ 0.6369147 ,  0.92518666,  0.92877176, ...,  0.        ,
         -0.02228736, -0.03603867],
        [ 0.6195744 ,  0.91649852,  0.9202802 , ...,  0.02228736,
          0.        , -0.01375684],
        [ 0.60871751,  0.91090854,  0.91481061, ...,  0.03603867,
          0.01375684,  0.        ]]]), 'num': array([ 7.36839765e-01,  6.75763086e-01,  7.62505356e-07,  6.78629767e-03,
        6.86254821e-03,  6.66768573e-03,  4.34102772e-03, -1.01667381e-04,
        6.94557657e-03,  7.00445893e-03,  7.70610506e-03,  4.13111258e-06,
        7.26821100e-03,  6.74070685e-03])}
{'img': array([[[ 0.        , -0.74452908, -0.74452908, ..., -0.42366879,
         -0.49824548, -0.35853052],
        [ 0.74452908,  0.        ,  0.        , ..., -0.95724429,
         -0.97815724, -0.9343827 ],
        [ 0.74452908,  0.        ,  0.        , ..., -0.95724429,
         -0.97815724, -0.9343827 ],
        ...,
        [ 0.42366879,  0.95724429,  0.95724429, ...,  0.        ,
          0.08398321, -0.07073934],
        [ 0.49824548,  0.97815724,  0.97815724, ..., -0.08398321,
          0.        , -0.15426225],
        [ 0.35853052,  0.9343827 ,  0.9343827 , ...,  0.07073934,
          0.15426225,  0.        ]],

       [[ 0.        , -0.32334132, -0.36277378, ..., -0.28808183,
         -0.16353227, -0.34563136],
        [ 0.32334132,  0.        , -0.04197203, ...,  0.03702676,
          0.16424078, -0.02365096],
        [ 0.36277378,  0.04197203,  0.        , ...,  0.07893737,
          0.20549811,  0.01833017],
        ...,
        [ 0.28808183, -0.03702676, -0.07893737, ...,  0.        ,
          0.12760421, -0.06065114],
        [ 0.16353227, -0.16424078, -0.20549811, ..., -0.12760421,
          0.        , -0.18752463],
        [ 0.34563136,  0.02365096, -0.01833017, ...,  0.06065114,
          0.18752463,  0.        ]],

       [[ 0.        ,  0.13207438,  0.17854397, ..., -0.81306546,
         -0.74542327, -0.44599498],
        [-0.13207438,  0.        ,  0.04702769, ..., -0.72905281,
         -0.65085357, -0.32387672],
        [-0.17854397, -0.04702769,  0.        , ..., -0.69605772,
         -0.61442988, -0.27902552],
        ...,
        [ 0.81306546,  0.72905281,  0.69605772, ...,  0.        ,
         -0.10801772, -0.46807651],
        [ 0.74542327,  0.65085357,  0.61442988, ...,  0.10801772,
          0.        , -0.36988382],
        [ 0.44599498,  0.32387672,  0.27902552, ...,  0.46807651,
          0.36988382,  0.        ]],

       ...,

       [[ 0.        , -0.66737569, -0.6271651 , ..., -0.99725907,
         -0.97358575, -0.97358575],
        [ 0.66737569,  0.        ,  0.05274666, ..., -0.79205835,
         -0.57267361, -0.57267361],
        [ 0.6271651 , -0.05274666,  0.        , ..., -0.8231547 ,
         -0.61511724, -0.61511724],
        ...,
        [ 0.99725907,  0.79205835,  0.8231547 , ...,  0.        ,
          0.29973038,  0.29973038],
        [ 0.97358575,  0.57267361,  0.61511724, ..., -0.29973038,
          0.        ,  0.        ],
        [ 0.97358575,  0.57267361,  0.61511724, ..., -0.29973038,
          0.        ,  0.        ]],

       [[ 0.        ,  0.02465798,  0.05942939, ..., -0.82338031,
         -0.69668722, -0.77705557],
        [-0.02465798,  0.        ,  0.03479693, ..., -0.8091368 ,
         -0.67878637, -0.76129878],
        [-0.05942939, -0.03479693,  0.        , ..., -0.78819941,
         -0.65282267, -0.73827537],
        ...,
        [ 0.82338031,  0.8091368 ,  0.78819941, ...,  0.        ,
         -0.19530946, -0.07729068],
        [ 0.69668722,  0.67878637,  0.65282267, ...,  0.19530946,
          0.        ,  0.11892302],
        [ 0.77705557,  0.76129878,  0.73827537, ...,  0.07729068,
         -0.11892302,  0.        ]],

       [[ 0.        , -0.01781733,  0.03162716, ..., -0.81025655,
         -0.80191306, -0.76986186],
        [ 0.01781733,  0.        ,  0.04943055, ..., -0.82057022,
         -0.81243056, -0.78111085],
        [-0.03162716, -0.04943055,  0.        , ..., -0.7913153 ,
         -0.78261653, -0.74929193],
        ...,
        [ 0.81025655,  0.82057022,  0.7913153 , ...,  0.        ,
         -0.01409879, -0.06591722],
        [ 0.80191306,  0.81243056,  0.78261653, ...,  0.01409879,
          0.        , -0.05184254],
        [ 0.76986186,  0.78111085,  0.74929193, ...,  0.06591722,
          0.05184254,  0.        ]]]), 'num': array([7.13770913e-01, 7.00074428e-01, 1.64029761e-07, 6.84824253e-03,
       6.84824253e-03, 6.52018301e-03, 7.21107637e-03, 2.78850594e-04,
       6.71865902e-03, 6.78755152e-03, 7.41674235e-03, 3.85540037e-06,
       7.04226814e-03, 6.53283490e-03])}
{'img': array([[[ 0.        ,  0.        , -0.22901911, ..., -0.54176258,
         -0.39129387, -0.71963538],
        [ 0.        ,  0.        , -0.22901911, ..., -0.54176258,
         -0.39129387, -0.71963538],
        [ 0.22901911,  0.22901911,  0.        , ..., -0.71986136,
         -0.59165248, -0.85952877],
        ...,
        [ 0.54176258,  0.54176258,  0.71986136, ...,  0.        ,
         -0.16967072,  0.22870223],
        [ 0.39129387,  0.39129387,  0.59165248, ...,  0.16967072,
          0.        ,  0.39056007],
        [ 0.71963538,  0.71963538,  0.85952877, ..., -0.22870223,
         -0.39056007,  0.        ]],

       [[ 0.        , -0.04197203, -0.34503709, ...,  0.16424078,
         -0.02365096,  0.29482065],
        [ 0.04197203,  0.        , -0.30533855, ...,  0.20549811,
          0.01833017,  0.33466733],
        [ 0.34503709,  0.30533855,  0.        , ...,  0.49450618,
          0.32274204,  0.60641652],
        ...,
        [-0.16424078, -0.20549811, -0.49450618, ...,  0.        ,
         -0.18752463,  0.13387636],
        [ 0.02365096, -0.01833017, -0.32274204, ...,  0.18752463,
          0.        ,  0.31733792],
        [-0.29482065, -0.33466733, -0.60641652, ..., -0.13387636,
         -0.31733792,  0.        ]],

       [[ 0.        ,  0.04697659,  0.32354223, ..., -0.65884169,
         -0.40927422, -0.32354223],
        [-0.04697659,  0.        ,  0.27873515, ..., -0.62277469,
         -0.3659604 , -0.27873515],
        [-0.32354223, -0.27873515,  0.        , ..., -0.38001017,
         -0.09205725, -0.        ],
        ...,
        [ 0.65884169,  0.62277469,  0.38001017, ...,  0.        ,
         -0.29324521, -0.38001017],
        [ 0.40927422,  0.3659604 ,  0.09205725, ...,  0.29324521,
          0.        , -0.09205725],
        [ 0.32354223,  0.27873515,  0.        , ...,  0.38001017,
          0.09205725,  0.        ]],

       ...,

       [[ 0.        ,  0.05962275,  0.08094147, ..., -0.60397611,
         -0.60397611, -0.68273204],
        [-0.05962275,  0.        ,  0.02137036, ..., -0.6504211 ,
         -0.6504211 , -0.72508193],
        [-0.08094147, -0.02137036,  0.        , ..., -0.66650493,
         -0.66650493, -0.73963331],
        ...,
        [ 0.60397611,  0.6504211 ,  0.66650493, ...,  0.        ,
          0.        , -0.10283256],
        [ 0.60397611,  0.6504211 ,  0.66650493, ...,  0.        ,
          0.        , -0.10283256],
        [ 0.68273204,  0.72508193,  0.73963331, ...,  0.10283256,
          0.10283256,  0.        ]],

       [[ 0.        ,  0.03479693,  0.06076032, ..., -0.67878637,
         -0.76129878, -0.78514363],
        [-0.03479693,  0.        ,  0.02599089, ..., -0.65282267,
         -0.73827537, -0.76311794],
        [-0.06076032, -0.02599089,  0.        , ..., -0.63291376,
         -0.72049513, -0.74606329],
        ...,
        [ 0.67878637,  0.65282267,  0.63291376, ...,  0.        ,
          0.11892302,  0.15617737],
        [ 0.76129878,  0.73827537,  0.72049513, ..., -0.11892302,
          0.        ,  0.03760533],
        [ 0.78514363,  0.76311794,  0.74606329, ..., -0.15617737,
         -0.03760533,  0.        ]],

       [[ 0.        ,  0.04943055,  0.15232344, ..., -0.81243056,
         -0.78111085, -0.78964857],
        [-0.04943055,  0.        ,  0.1032835 , ..., -0.78261653,
         -0.74929193, -0.7583547 ],
        [-0.15232344, -0.1032835 ,  0.        , ..., -0.71413666,
         -0.67688624, -0.68697445],
        ...,
        [ 0.81243056,  0.78261653,  0.71413666, ...,  0.        ,
         -0.05184254, -0.03806351],
        [ 0.78111085,  0.74929193,  0.67688624, ...,  0.05184254,
          0.        ,  0.01379264],
        [ 0.78964857,  0.7583547 ,  0.68697445, ...,  0.03806351,
         -0.01379264,  0.        ]]]), 'num': array([7.13992008e-01, 6.99857034e-01, 1.63978825e-07, 7.06748736e-03,
       7.14127783e-03, 6.71493288e-03, 5.51944526e-03, 2.21371414e-04,
       6.75100823e-03, 6.80061182e-03, 7.38328324e-03, 4.42226359e-06,
       7.08299245e-03, 6.51823119e-03])}
{'img': array([[[ 0.        , -0.22901911, -0.40656634, ..., -0.39129387,
         -0.71963538, -0.85722012],
        [ 0.22901911,  0.        , -0.18652386, ..., -0.59165248,
         -0.85952877, -0.95237028],
        [ 0.40656634,  0.18652386,  0.        , ..., -0.73164349,
         -0.9397744 , -0.99253593],
        ...,
        [ 0.39129387,  0.59165248,  0.73164349, ...,  0.        ,
          0.39056007,  0.5873735 ],
        [ 0.71963538,  0.85952877,  0.9397744 , ..., -0.39056007,
          0.        ,  0.22463628],
        [ 0.85722012,  0.95237028,  0.99253593, ..., -0.5873735 ,
         -0.22463628,  0.        ]],

       [[ 0.        , -0.30533855, -0.12961383, ...,  0.01833017,
          0.33466733,  0.17379572],
