state_0,state_1,state_2,state_3,state_4,state_5,state_6,state_7,state_8,state_9,state_10,state_11,state_12,state_13,state_14,state_15,state_16,state_17,state_18,state_19,state_20,state_21,state_22,state_23,state_24,state_25,state_26,state_27,state_28,state_29,state_30,state_31,state_32,state_33,state_34,state_35,state_36,state_37,state_38,state_39,state_40,state_41,state_42,state_43,state_44,state_45,state_46,state_47,state_48,state_49,state_50,state_51,state_52,state_53,state_54,state_55,state_56,state_57,state_58,state_59,state_60,state_61,state_62,state_63,state_64,state_65,state_66,state_67,state_68,state_69,state_70,state_71,state_72,state_73,state_74,state_75,state_76,state_77,state_78,state_79,state_80,state_81,state_82,state_83,state_84,state_85,state_86,state_87,state_88,state_89,state_90,state_91,state_92,state_93,state_94,state_95,state_96,state_97,state_98,state_99,state_100,state_101,state_102,state_103,state_104,state_105,state_106,state_107,state_108,state_109,state_110,state_111,state_112,state_113,state_114,state_115,state_116,state_117,state_118,state_119,state_120,state_121,state_122,state_123,state_124,state_125,state_126,state_127,state_128,state_129,state_130,state_131,state_132,state_133,state_134,state_135,state_136,state_137,state_138,state_139,state_140,state_141,state_142,state_143,state_144,state_145,state_146,state_147,state_148,state_149,state_150,state_151,state_152,state_153,state_154,state_155,state_156,state_157,state_158,state_159,state_160,state_161,state_162,state_163,state_164,state_165,state_166,state_167,state_168,state_169,state_170,state_171,state_172,state_173,state_174,state_175,state_176,state_177,state_178,state_179,state_180,state_181,state_182,state_183,state_184,state_185,state_186,state_187,state_188,state_189,state_190,state_191,state_192,state_193,state_194,state_195,state_196,state_197,state_198,state_199,state_200,state_201,state_202,state_203,state_204,state_205,state_206,state_207,state_208,state_209,state_210,state_211,state_212,state_213,state_214,state_215,state_216,state_217,state_218,state_219,state_220,state_221,state_222,state_223,state_224,state_225,state_226,state_227,state_228,state_229,state_230,state_231,state_232,state_233,state_234,state_235,state_236,state_237,state_238,state_239,state_240,state_241,state_242,state_243,state_244,state_245,state_246,state_247,state_248,state_249,state_250,state_251,state_252,state_253,state_254,state_255,state_256,state_257,state_258,state_259,state_260,state_261,state_262,state_263,state_264,state_265,state_266,state_267,state_268,state_269,state_270,state_271,state_272,state_273,state_274,state_275,state_276,state_277,state_278,state_279,state_280,state_281,state_282,state_283,state_284,state_285,state_286,state_287
{'img': array([[[ 0.        , -0.46449658, -0.62181397, ..., -0.92207691,
         -0.93235006, -0.91057399],
        [ 0.46449658,  0.        , -0.18688539, ..., -0.99633146,
         -0.99360775, -0.99837934],
        [ 0.62181397,  0.18688539,  0.        , ..., -0.9627845 ,
         -0.95500503, -0.97015405],
        ...,
        [ 0.92207691,  0.99633146,  0.9627845 , ...,  0.        ,
          0.02744244, -0.02873871],
        [ 0.93235006,  0.99360775,  0.95500503, ..., -0.02744244,
          0.        , -0.05615899],
        [ 0.91057399,  0.99837934,  0.97015405, ...,  0.02873871,
          0.05615899,  0.        ]],

       [[ 0.        ,  0.2708525 ,  0.45412624, ...,  0.54529608,
          0.21456266, -0.00726154],
        [-0.2708525 ,  0.        ,  0.19583878, ...,  0.29787304,
         -0.05800191, -0.27783547],
        [-0.45412624, -0.19583878,  0.        , ...,  0.10515628,
         -0.25238785, -0.46058384],
        ...,
        [-0.54529608, -0.29787304, -0.10515628, ...,  0.        ,
         -0.3527405 , -0.55136865],
        [-0.21456266,  0.05800191,  0.25238785, ...,  0.3527405 ,
          0.        , -0.22164943],
        [ 0.00726154,  0.27783547,  0.46058384, ...,  0.55136865,
          0.22164943,  0.        ]],

       [[ 0.        , -0.057791  , -0.17777135, ..., -0.98589138,
         -0.9596028 , -0.91950541],
        [ 0.057791  ,  0.        , -0.12060375, ..., -0.99391708,
         -0.97425899, -0.94068497],
        [ 0.17777135,  0.12060375,  0.        , ..., -0.99994442,
         -0.99433551, -0.97473725],
        ...,
        [ 0.98589138,  0.99391708,  0.99994442, ...,  0.        ,
         -0.11676425, -0.23361891],
        [ 0.9596028 ,  0.97425899,  0.99433551, ...,  0.11676425,
          0.        , -0.1184877 ],
        [ 0.91950541,  0.94068497,  0.97473725, ...,  0.23361891,
          0.1184877 ,  0.        ]],

       ...,

       [[ 0.        ,  0.00706948, -0.0545179 , ..., -0.56029829,
         -0.54212475, -0.28698359],
        [-0.00706948,  0.        , -0.06157551, ..., -0.56613988,
         -0.54805167, -0.29374853],
        [ 0.0545179 ,  0.06157551,  0.        , ..., -0.51430833,
         -0.49550721, -0.23433215],
        ...,
        [ 0.56029829,  0.56613988,  0.51430833, ...,  0.        ,
          0.02178054,  0.29902372],
        [ 0.54212475,  0.54805167,  0.49550721, ..., -0.02178054,
          0.        ,  0.2781688 ],
        [ 0.28698359,  0.29374853,  0.23433215, ..., -0.29902372,
         -0.2781688 ,  0.        ]],

       [[ 0.        , -0.66821172, -0.75803974, ..., -0.97837342,
         -0.88348158, -0.74353091],
        [ 0.66821172,  0.        , -0.12814643, ..., -0.86609883,
         -0.97031922, -0.99999978],
        [ 0.75803974,  0.12814643,  0.        , ..., -0.79490116,
         -0.93132985, -0.99183944],
        ...,
        [ 0.97837342,  0.86609883,  0.79490116, ...,  0.        ,
         -0.27558956, -0.50044311],
        [ 0.88348158,  0.97031922,  0.93132985, ...,  0.27558956,
          0.        , -0.24246664],
        [ 0.74353091,  0.99999978,  0.99183944, ...,  0.50044311,
          0.24246664,  0.        ]],

       [[ 0.        ,  0.13163406, -0.24668667, ..., -0.51465243,
         -0.42671527, -0.13163406],
        [-0.13163406,  0.        , -0.37210604, ..., -0.39731122,
         -0.30395415, -0.        ],
        [ 0.24668667,  0.37210604,  0.        , ..., -0.71025613,
         -0.63662774, -0.37210604],
        ...,
        [ 0.51465243,  0.39731122,  0.71025613, ...,  0.        ,
         -0.09957926, -0.39731122],
        [ 0.42671527,  0.30395415,  0.63662774, ...,  0.09957926,
          0.        , -0.30395415],
        [ 0.13163406,  0.        ,  0.37210604, ...,  0.39731122,
          0.30395415,  0.        ]]]), 'num': array([ 6.79406141e-01,  6.15316384e-01,  2.06741152e-06,  4.27265046e-03,
        4.30021595e-03,  4.21062812e-03,  3.99544779e-01, -2.06741152e-05,
        4.33467281e-03,  4.51074736e-03,  4.71186056e-03,  6.00065020e-06,
        5.01203911e-03,  4.00945560e-03])}
{'img': array([[[ 0.        , -0.18688539, -0.71466131, ..., -0.99360775,
         -0.99837934, -0.9992083 ],
        [ 0.18688539,  0.        , -0.57134936, ..., -0.95500503,
         -0.97015405, -0.98903903],
        [ 0.71466131,  0.57134936,  0.        , ..., -0.61432299,
         -0.657666  , -0.72734903],
        ...,
        [ 0.99360775,  0.95500503,  0.61432299, ...,  0.        ,
         -0.05615899, -0.1523281 ],
        [ 0.99837934,  0.97015405,  0.657666  , ...,  0.05615899,
          0.        , -0.09658409],
        [ 0.9992083 ,  0.98903903,  0.72734903, ...,  0.1523281 ,
          0.09658409,  0.        ]],

       [[ 0.        ,  0.19583878,  0.84964839, ..., -0.05800191,
         -0.27783547, -0.22871162],
        [-0.19583878,  0.        ,  0.72992039, ..., -0.25238785,
         -0.46058384, -0.4149308 ],
        [-0.84964839, -0.72992039,  0.        , ..., -0.87880527,
         -0.96271304, -0.94773878],
        ...,
        [ 0.05800191,  0.25238785,  0.87880527, ...,  0.        ,
         -0.22164943, -0.17186206],
        [ 0.27783547,  0.46058384,  0.96271304, ...,  0.22164943,
          0.        ,  0.05076428],
        [ 0.22871162,  0.4149308 ,  0.94773878, ...,  0.17186206,
         -0.05076428,  0.        ]],

       [[ 0.        , -0.11954997, -0.37068861, ..., -0.98321324,
         -0.95845198, -0.71432005],
        [ 0.11954997,  0.        , -0.25699721, ..., -0.99797493,
         -0.98568024, -0.79286044],
        [ 0.37068861,  0.25699721,  0.        , ..., -0.98080231,
         -0.99590957, -0.92284489],
        ...,
        [ 0.98321324,  0.99797493,  0.98080231, ...,  0.        ,
         -0.10558608, -0.55773648],
        [ 0.95845198,  0.98568024,  0.99590957, ...,  0.10558608,
          0.        , -0.46698047],
        [ 0.71432005,  0.79286044,  0.92284489, ...,  0.55773648,
          0.46698047,  0.        ]],

       ...,

       [[ 0.        , -0.06157551, -0.28381601, ..., -0.54805167,
         -0.29374853,  0.00589929],
        [ 0.06157551,  0.        , -0.224234  , ..., -0.49550721,
         -0.23433215,  0.06746253],
        [ 0.28381601,  0.224234  ,  0.        , ..., -0.28811878,
         -0.0103744 ,  0.28946777],
        ...,
        [ 0.54805167,  0.49550721,  0.28811878, ...,  0.        ,
          0.2781688 ,  0.55297656],
        [ 0.29374853,  0.23433215,  0.0103744 , ..., -0.2781688 ,
          0.        ,  0.29938245],
        [-0.00589929, -0.06746253, -0.28946777, ..., -0.55297656,
         -0.29938245,  0.        ]],

       [[ 0.        , -0.44653595, -0.44448332, ..., -0.92063157,
         -0.78455098, -0.31094094],
        [ 0.44653595,  0.        ,  0.00229272, ..., -0.99809168,
         -0.97887031, -0.70262011],
        [ 0.44448332, -0.00229272,  0.        , ..., -0.99823063,
         -0.97839892, -0.70098684],
        ...,
        [ 0.92063157,  0.99809168,  0.99823063, ...,  0.        ,
         -0.26453662, -0.75359372],
        [ 0.78455098,  0.97887031,  0.97839892, ...,  0.26453662,
          0.        , -0.5528568 ],
        [ 0.31094094,  0.70262011,  0.70098684, ...,  0.75359372,
          0.5528568 ,  0.        ]],

       [[ 0.        , -0.37115536, -0.70522299, ..., -0.33466174,
         -0.14520952, -0.        ],
        [ 0.37115536,  0.        , -0.39170567, ..., -0.66051103,
         -0.50205878, -0.37115536],
        [ 0.70522299,  0.39170567,  0.        , ..., -0.90182899,
         -0.80069973, -0.70522299],
        ...,
        [ 0.33466174,  0.66051103,  0.90182899, ...,  0.        ,
         -0.19427814, -0.33466174],
        [ 0.14520952,  0.50205878,  0.80069973, ...,  0.19427814,
          0.        , -0.14520952],
        [ 0.        ,  0.37115536,  0.70522299, ...,  0.33466174,
          0.14520952,  0.        ]]]), 'num': array([ 9.46074851e-01,  3.22408875e-01,  2.03148526e-05,  6.28695540e-04,
        6.34839144e-04,  6.28695540e-04,  3.14877144e-02, -6.14360462e-06,
        6.36067865e-04,  6.64021266e-04,  6.98408387e-04,  8.32799738e-07,
        7.30216844e-04,  5.97825688e-04])}
{'img': array([[[ 0.        , -0.57134936, -0.55863045, ..., -0.97015405,
         -0.98903903, -0.96283985],
        [ 0.57134936,  0.        ,  0.0154148 , ..., -0.657666  ,
         -0.72734903, -0.94451539],
        [ 0.55863045, -0.0154148 ,  0.        , ..., -0.66919998,
         -0.73784128, -0.94946643],
        ...,
        [ 0.97015405,  0.657666  ,  0.66919998, ...,  0.        ,
         -0.09658409, -0.49549088],
        [ 0.98903903,  0.72734903,  0.73784128, ...,  0.09658409,
          0.        , -0.40928017],
        [ 0.96283985,  0.94451539,  0.94946643, ...,  0.49549088,
          0.40928017,  0.        ]],

       [[ 0.        ,  0.72992039, -0.02472786, ..., -0.46058384,
         -0.4149308 , -0.86965224],
        [-0.72992039,  0.        , -0.74659948, ..., -0.96271304,
         -0.94773878, -0.95477132],
        [ 0.02472786,  0.74659948,  0.        , ..., -0.43849416,
         -0.39230521, -0.85717905],
        ...,
        [ 0.46058384,  0.96271304,  0.43849416, ...,  0.        ,
          0.05076428, -0.54454337],
        [ 0.4149308 ,  0.94773878,  0.39230521, ..., -0.05076428,
          0.        , -0.58641893],
        [ 0.86965224,  0.95477132,  0.85717905, ...,  0.54454337,
          0.58641893,  0.        ]],

       [[ 0.        , -0.24592608, -0.43132131, ..., -0.99981776,
         -0.98574714, -0.77240104],
        [ 0.24592608,  0.        , -0.19620071, ..., -0.96441705,
         -0.9968465 , -0.9048758 ],
        [ 0.43132131,  0.19620071,  0.        , ..., -0.89379977,
         -0.96190226, -0.97080629],
        ...,
        [ 0.99981776,  0.96441705,  0.89379977, ...,  0.        ,
         -0.18702158, -0.64976502],
        [ 0.98574714,  0.9968465 ,  0.96190226, ...,  0.18702158,
          0.        , -0.49613876],
        [ 0.77240104,  0.9048758 ,  0.97080629, ...,  0.64976502,
          0.49613876,  0.        ]],

       ...,

       [[ 0.        , -0.224234  ,  0.08507524, ..., -0.23433215,
          0.06746253, -0.04627046],
        [ 0.224234  ,  0.        ,  0.30632988, ..., -0.0103744 ,
          0.28946777,  0.17890164],
        [-0.08507524, -0.30632988,  0.        , ..., -0.31618905,
         -0.01766348, -0.13108683],
        ...,
        [ 0.23433215,  0.0103744 ,  0.31618905, ...,  0.        ,
          0.29938245,  0.18909904],
        [-0.06746253, -0.28946777,  0.01766348, ..., -0.29938245,
          0.        , -0.11355532],
        [ 0.04627046, -0.17890164,  0.13108683, ..., -0.18909904,
          0.11355532,  0.        ]],

       [[ 0.        ,  0.00603852,  0.14908499, ..., -0.98461892,
         -0.87758633, -0.14908499],
        [-0.00603852,  0.        ,  0.14311123, ..., -0.98354594,
         -0.87467535, -0.14311123],
        [-0.14908499, -0.14311123,  0.        , ..., -0.9475677 ,
         -0.79630464, -0.        ],
        ...,
        [ 0.98461892,  0.98354594,  0.9475677 , ...,  0.        ,
         -0.31871652, -0.9475677 ],
        [ 0.87758633,  0.87467535,  0.79630464, ...,  0.31871652,
          0.        , -0.79630464],
        [ 0.14908499,  0.14311123,  0.        , ...,  0.9475677 ,
          0.79630464,  0.        ]],

       [[ 0.        , -0.63527996, -0.82023455, ..., -0.14785957,
         -0.        , -0.27431789],
        [ 0.63527996,  0.        , -0.27005481, ..., -0.74248647,
         -0.63527996, -0.82276077],
        [ 0.82023455,  0.27005481,  0.        , ..., -0.89579855,
         -0.82023455, -0.94568692],
        ...,
        [ 0.14785957,  0.74248647,  0.89579855, ...,  0.        ,
         -0.14785957,  0.12911515],
        [ 0.        ,  0.63527996,  0.82023455, ...,  0.14785957,
          0.        ,  0.27431789],
        [ 0.27431789,  0.82276077,  0.94568692, ..., -0.12911515,
         -0.27431789,  0.        ]]]), 'num': array([9.82001047e-01, 1.84313135e-01, 2.56079600e-05, 6.54378962e-04,
       6.63832270e-04, 6.40724184e-04, 4.12191312e-02, 9.45330764e-06,
       6.52278227e-04, 6.75964014e-04, 7.15072698e-04, 7.93284557e-07,
       7.34737591e-04, 6.17190438e-04])}
{'img': array([[[ 0.        ,  0.0154148 , -0.32841102, ..., -0.72734903,
         -0.94451539, -0.657666  ],
        [-0.0154148 ,  0.        , -0.34293181, ..., -0.73784128,
         -0.94946643, -0.66919998],
        [ 0.32841102,  0.34293181,  0.        , ..., -0.46162867,
         -0.78425553, -0.37379331],
        ...,
        [ 0.72734903,  0.73784128,  0.46162867, ...,  0.        ,
         -0.40928017,  0.09658409],
        [ 0.94451539,  0.94946643,  0.78425553, ...,  0.40928017,
          0.        ,  0.49549088],
        [ 0.657666  ,  0.66919998,  0.37379331, ..., -0.09658409,
         -0.49549088,  0.        ]],

       [[ 0.        , -0.74659948, -0.51580647, ..., -0.94773878,
         -0.95477132, -0.99999827],
        [ 0.74659948,  0.        ,  0.29646308, ..., -0.39230521,
         -0.85717905, -0.66665957],
        [ 0.51580647, -0.29646308,  0.        , ..., -0.647366  ,
         -0.97132795, -0.85766185],
        ...,
        [ 0.94773878,  0.39230521,  0.647366  , ...,  0.        ,
         -0.58641893, -0.32080735],
        [ 0.95477132,  0.85717905,  0.97132795, ...,  0.58641893,
          0.        ,  0.29556695],
        [ 0.99999827,  0.66665957,  0.85766185, ...,  0.32080735,
         -0.29556695,  0.        ]],

       [[ 0.        , -0.19595554, -0.50577018, ..., -0.99641662,
         -0.93638004, -0.90441956],
        [ 0.19595554,  0.        , -0.32692008, ..., -0.96052478,
         -0.98700423, -0.97048867],
        [ 0.50577018,  0.32692008,  0.        , ..., -0.81679851,
         -0.98530449, -0.99599795],
        ...,
        [ 0.99641662,  0.96052478,  0.81679851, ...,  0.        ,
         -0.42892989, -0.50161194],
        [ 0.93638004,  0.98700423,  0.98530449, ...,  0.42892989,
          0.        , -0.08206088],
        [ 0.90441956,  0.97048867,  0.99599795, ...,  0.50161194,
          0.08206088,  0.        ]],

       ...,

       [[ 0.        ,  0.30632988, -0.46374441, ...,  0.28946777,
          0.17890164,  0.06341039],
        [-0.30632988,  0.        , -0.71284887, ..., -0.01766348,
         -0.13108683, -0.24535143],
        [ 0.46374441,  0.71284887,  0.        , ...,  0.70034995,
          0.61476411,  0.51899078],
        ...,
        [-0.28946777,  0.01766348, -0.70034995, ...,  0.        ,
         -0.11355532, -0.22818957],
        [-0.17890164,  0.13108683, -0.61476411, ...,  0.11355532,
          0.        , -0.11615421],
        [-0.06341039,  0.24535143, -0.51899078, ...,  0.22818957,
          0.11615421,  0.        ]],

       [[ 0.        ,  0.13121331, -0.15589599, ..., -0.97504704,
         -0.81619057, -0.13121331],
        [-0.13121331,  0.        , -0.28415717, ..., -0.9374878 ,
         -0.73332112, -0.        ],
        [ 0.15589599,  0.28415717,  0.        , ..., -0.99773426,
         -0.89628542, -0.28415717],
        ...,
        [ 0.97504704,  0.9374878 ,  0.99773426, ...,  0.        ,
         -0.38217245, -0.9374878 ],
        [ 0.81619057,  0.73332112,  0.89628542, ...,  0.38217245,
          0.        , -0.73332112],
        [ 0.13121331,  0.        ,  0.28415717, ...,  0.9374878 ,
          0.73332112,  0.        ]],

       [[ 0.        , -0.63316728, -0.85738577, ..., -0.        ,
         -0.2910425 , -0.47971677],
        [ 0.63316728,  0.        , -0.3377545 , ..., -0.63316728,
         -0.8310288 , -0.92686376],
        [ 0.85738577,  0.3377545 ,  0.        , ..., -0.85738577,
         -0.97006174, -0.99918823],
        ...,
        [ 0.        ,  0.63316728,  0.85738577, ...,  0.        ,
          0.2910425 ,  0.47971677],
        [ 0.2910425 ,  0.8310288 ,  0.97006174, ..., -0.2910425 ,
          0.        ,  0.20358239],
        [ 0.47971677,  0.92686376,  0.99918823, ..., -0.47971677,
         -0.20358239,  0.        ]]]), 'num': array([ 9.90536558e-01,  1.27505902e-01,  2.82960871e-05,  6.58299508e-04,
        6.68012124e-04,  6.58299508e-04,  5.07527985e-02, -1.40293338e-05,
        6.66932945e-04,  6.88840289e-04,  7.33788116e-04,  8.26605591e-07,
        7.39743255e-04,  6.37937323e-04])}
{'img': array([[[ 0.        , -0.32565492, -0.66268264, ..., -0.81461919,
         -0.62374155, -0.96098637],
        [ 0.32565492,  0.        , -0.38267587, ..., -0.58133463,
         -0.33519872, -0.81852698],
        [ 0.66268264,  0.38267587,  0.        , ..., -0.22571518,
          0.05085281, -0.53638781],
        ...,
        [ 0.81461919,  0.58133463,  0.22571518, ...,  0.        ,
          0.27496361, -0.33204822],
        [ 0.62374155,  0.33519872, -0.05085281, ..., -0.27496361,
          0.        , -0.57861214],
        [ 0.96098637,  0.81852698,  0.53638781, ...,  0.33204822,
          0.57861214,  0.        ]],

       [[ 0.        ,  0.29646308,  0.71501778, ..., -0.85717905,
         -0.66665957, -0.54310069],
        [-0.29646308,  0.        ,  0.47561447, ..., -0.97132795,
         -0.85766185, -0.76761566],
        [-0.71501778, -0.47561447,  0.        , ..., -0.96750665,
         -0.99901321, -0.98006234],
        ...,
        [ 0.85717905,  0.97132795,  0.96750665, ...,  0.        ,
          0.29556695,  0.44003854],
        [ 0.66665957,  0.85766185,  0.99901321, ..., -0.29556695,
          0.        ,  0.15496562],
        [ 0.54310069,  0.76761566,  0.98006234, ..., -0.44003854,
         -0.15496562,  0.        ]],

       [[ 0.        , -0.31971312, -0.59451318, ..., -0.99801634,
         -0.998619  , -0.96564404],
        [ 0.31971312,  0.        , -0.30623299, ..., -0.92550719,
         -0.92940925, -0.99804496],
        [ 0.59451318,  0.30623299,  0.        , ..., -0.76506305,
         -0.77174176, -0.93095592],
        ...,
        [ 0.99801634,  0.92550719,  0.76506305, ...,  0.        ,
         -0.01043609, -0.3201454 ],
        [ 0.998619  ,  0.92940925,  0.77174176, ...,  0.01043609,
          0.        , -0.31024114],
        [ 0.96564404,  0.99804496,  0.93095592, ...,  0.3201454 ,
          0.31024114,  0.        ]],

       ...,

       [[ 0.        , -0.71284887, -0.69375912, ..., -0.13108683,
         -0.24535143, -0.22431673],
        [ 0.71284887,  0.        ,  0.0268533 , ...,  0.61476411,
          0.51899078,  0.53736556],
        [ 0.69375912, -0.0268533 ,  0.        , ...,  0.59336293,
          0.49584997,  0.51452506],
        ...,
        [ 0.13108683, -0.61476411, -0.59336293, ...,  0.        ,
         -0.11615421, -0.09463482],
        [ 0.24535143, -0.51899078, -0.49584997, ...,  0.11615421,
          0.        ,  0.02163866],
        [ 0.22431673, -0.53736556, -0.51452506, ...,  0.09463482,
         -0.02163866,  0.        ]],

       [[ 0.        , -0.26369401, -0.22201944, ..., -0.89684064,
         -0.69685917, -0.        ],
        [ 0.26369401,  0.        ,  0.04295143, ..., -0.98174425,
         -0.86131825, -0.26369401],
        [ 0.22201944, -0.04295143,  0.        , ..., -0.97266865,
         -0.83870124, -0.22201944],
        ...,
        [ 0.89684064,  0.98174425,  0.97266865, ...,  0.        ,
         -0.33496299, -0.89684064],
        [ 0.69685917,  0.86131825,  0.83870124, ...,  0.33496299,
          0.        , -0.69685917],
        [ 0.        ,  0.26369401,  0.22201944, ...,  0.89684064,
          0.69685917,  0.        ]],

       [[ 0.        , -0.37129923, -0.68301762, ..., -0.77998873,
         -0.8925219 , -0.94713736],
        [ 0.37129923,  0.        , -0.36299327, ..., -0.95658655,
         -0.99617588, -0.99855292],
        [ 0.68301762,  0.36299327,  0.        , ..., -0.99713328,
         -0.9599434 , -0.91092232],
        ...,
        [ 0.77998873,  0.95658655,  0.99713328, ...,  0.        ,
          0.20675638,  0.34246999],
        [ 0.8925219 ,  0.99617588,  0.9599434 , ..., -0.20675638,
          0.        ,  0.14081649],
        [ 0.94713736,  0.99855292,  0.91092232, ..., -0.34246999,
         -0.14081649,  0.        ]]]), 'num': array([9.08995900e-01, 4.15038596e-01, 1.61423955e-05, 6.05339833e-04,
       6.16220124e-04, 6.05339833e-04, 3.82923537e-02, 1.97823475e-06,
       6.09098479e-04, 6.26309121e-04, 6.71742579e-04, 8.58768573e-07,
       6.59308307e-04, 5.93309936e-04])}
{'img': array([[[ 0.        , -0.38267587,  0.44615266, ..., -0.33519872,
         -0.81852698, -0.65944399],
        [ 0.38267587,  0.        ,  0.75467111, ...,  0.05085281,
         -0.53638781, -0.32157086],
        [-0.44615266, -0.75467111,  0.        , ..., -0.72032999,
         -0.98884681, -0.92557084],
        ...,
        [ 0.33519872, -0.05085281,  0.72032999, ...,  0.        ,
         -0.57861214, -0.36930659],
        [ 0.81852698,  0.53638781,  0.98884681, ...,  0.57861214,
          0.        ,  0.23650116],
        [ 0.65944399,  0.32157086,  0.92557084, ...,  0.36930659,
         -0.23650116,  0.        ]],

       [[ 0.        ,  0.47561447,  0.99379997, ..., -0.85766185,
         -0.76761566, -0.86401887],
        [-0.47561447,  0.        ,  0.92708013, ..., -0.99901321,
         -0.98006234, -0.9994901 ],
        [-0.99379997, -0.92708013,  0.        , ..., -0.41566868,
         -0.55159107, -0.40427388],
        ...,
        [ 0.85766185,  0.99901321,  0.41566868, ...,  0.        ,
          0.15496562, -0.01249275],
        [ 0.76761566,  0.98006234,  0.55159107, ..., -0.15496562,
          0.        , -0.16729537],
        [ 0.86401887,  0.9994901 ,  0.40427388, ...,  0.01249275,
          0.16729537,  0.        ]],

       [[ 0.        , -0.29954155, -0.40146677, ..., -0.89762221,
         -0.95201536, -0.99904825],
        [ 0.29954155,  0.        , -0.10869052, ..., -0.72437868,
         -0.81662714, -0.94010958],
        [ 0.40146677,  0.10869052,  0.        , ..., -0.6451557 ,
         -0.74905672, -0.89749043],
        ...,
        [ 0.89762221,  0.72437868,  0.6451557 , ...,  0.        ,
         -0.14489818, -0.40119302],
        [ 0.95201536,  0.81662714,  0.74905672, ...,  0.14489818,
          0.        , -0.26423326],
        [ 0.99904825,  0.94010958,  0.89749043, ...,  0.40119302,
          0.26423326,  0.        ]],

       ...,

       [[ 0.        ,  0.0268533 ,  0.36546788, ...,  0.51899078,
          0.53736556,  0.69676398],
        [-0.0268533 ,  0.        ,  0.3403404 , ...,  0.49584997,
          0.51452506,  0.67725083],
        [-0.36546788, -0.3403404 ,  0.        , ...,  0.17069448,
          0.1919756 ,  0.38641432],
        ...,
        [-0.51899078, -0.49584997, -0.17069448, ...,  0.        ,
          0.02163866,  0.22330747],
        [-0.53736556, -0.51452506, -0.1919756 , ..., -0.02163866,
          0.        ,  0.20216294],
        [-0.69676398, -0.67725083, -0.38641432, ..., -0.22330747,
         -0.20216294,  0.        ]],

       [[ 0.        ,  0.13281571, -0.21230976, ..., -0.94967576,
         -0.81964339, -0.13281571],
        [-0.13281571,  0.        , -0.34021669, ..., -0.89965986,
         -0.73629528, -0.        ],
        [ 0.21230976,  0.34021669,  0.        , ..., -0.99452822,
         -0.92258426, -0.34021669],
        ...,
        [ 0.94967576,  0.89965986,  0.99452822, ...,  0.        ,
         -0.28730391, -0.89965986],
        [ 0.81964339,  0.73629528,  0.92258426, ...,  0.28730391,
          0.        , -0.73629528],
        [ 0.13281571,  0.        ,  0.34021669, ...,  0.89965986,
          0.73629528,  0.        ]],

       [[ 0.        , -0.36299327, -0.44441599, ..., -0.99617588,
         -0.99855292, -0.94806902],
        [ 0.36299327,  0.        , -0.08892634, ..., -0.9599434 ,
         -0.91092232, -0.76794758],
        [ 0.44441599,  0.08892634,  0.        , ..., -0.93122368,
         -0.87062439, -0.70794668],
        ...,
        [ 0.99617588,  0.9599434 ,  0.93122368, ...,  0.        ,
          0.14081649,  0.39968166],
        [ 0.99855292,  0.91092232,  0.87062439, ..., -0.14081649,
          0.        ,  0.26661912],
        [ 0.94806902,  0.76794758,  0.70794668, ..., -0.39968166,
         -0.26661912,  0.        ]]]), 'num': array([ 7.47427087e-01,  6.62376102e-01,  2.78399296e-06,  4.97374180e-04,
        5.01444345e-04,  4.89233850e-04,  5.10741091e-02, -8.14033028e-07,
        4.99816279e-04,  5.12922211e-04,  5.52443514e-04,  7.01320762e-07,
        5.36743772e-04,  4.89100650e-04])}
{'img': array([[[ 0.        ,  0.75467111,  0.74517171, ..., -0.53638781,
         -0.32157086, -0.38713399],
        [-0.75467111,  0.        , -0.01435991, ..., -0.98884681,
         -0.92557084, -0.94982435],
        [-0.74517171,  0.01435991,  0.        , ..., -0.98660614,
         -0.92003911, -0.94523487],
        ...,
        [ 0.53638781,  0.98884681,  0.98660614, ...,  0.        ,
          0.23650116,  0.16783205],
        [ 0.32157086,  0.92557084,  0.92003911, ..., -0.23650116,
          0.        , -0.07007568],
        [ 0.38713399,  0.94982435,  0.94523487, ..., -0.16783205,
          0.07007568,  0.        ]],

       [[ 0.        ,  0.92708013, -0.39690125, ..., -0.98006234,
         -0.9994901 , -0.9064001 ],
        [-0.92708013,  0.        , -0.99971467, ..., -0.55159107,
         -0.40427388, -0.73139347],
        [ 0.39690125,  0.99971467,  0.        , ..., -0.82070092,
         -0.90472019, -0.66429046],
        ...,
        [ 0.98006234,  0.55159107,  0.82070092, ...,  0.        ,
         -0.16729537,  0.23390535],
        [ 0.9994901 ,  0.40427388,  0.90472019, ...,  0.16729537,
          0.        ,  0.39326337],
        [ 0.9064001 ,  0.73139347,  0.66429046, ..., -0.23390535,
         -0.39326337,  0.        ]],

       [[ 0.        , -0.10618792, -0.07495164, ..., -0.77358616,
         -0.84325837, -0.94685658],
        [ 0.10618792,  0.        ,  0.03136136, ..., -0.70192202,
         -0.78141375, -0.90734714],
        [ 0.07495164, -0.03136136,  0.        , ..., -0.723914  ,
         -0.80059929, -0.92008458],
        ...,
        [ 0.77358616,  0.70192202,  0.723914  , ...,  0.        ,
         -0.11855627, -0.35118596],
        [ 0.84325837,  0.78141375,  0.80059929, ...,  0.11855627,
          0.        , -0.23770424],
        [ 0.94685658,  0.90734714,  0.92008458, ...,  0.35118596,
          0.23770424,  0.        ]],

       ...,

       [[ 0.        ,  0.3403404 ,  0.32268928, ...,  0.51452506,
          0.67725083,  0.66746436],
        [-0.3403404 ,  0.        , -0.0187084 , ...,  0.1919756 ,
          0.38641432,  0.3741866 ],
        [-0.32268928,  0.0187084 ,  0.        , ...,  0.21030242,
          0.40360191,  0.39147041],
        ...,
        [-0.51452506, -0.1919756 , -0.21030242, ...,  0.        ,
          0.20216294,  0.18919738],
        [-0.67725083, -0.38641432, -0.40360191, ..., -0.20216294,
          0.        , -0.01322087],
        [-0.66746436, -0.3741866 , -0.39147041, ..., -0.18919738,
          0.01322087,  0.        ]],

       [[ 0.        , -0.33049938, -0.46817874, ..., -0.81501875,
         -0.46744063, -0.        ],
        [ 0.33049938,  0.        , -0.14982958, ..., -0.96072253,
         -0.73334291, -0.33049938],
        [ 0.46817874,  0.14982958,  0.        , ..., -0.99145706,
         -0.8269278 , -0.46817874],
        ...,
        [ 0.81501875,  0.96072253,  0.99145706, ...,  0.        ,
         -0.44964525, -0.81501875],
        [ 0.46744063,  0.73334291,  0.8269278 , ...,  0.44964525,
          0.        , -0.46744063],
        [ 0.        ,  0.33049938,  0.46817874, ...,  0.81501875,
          0.46744063,  0.        ]],

       [[ 0.        , -0.08892634, -0.16647103, ..., -0.91092232,
         -0.76794758, -0.75028422],
        [ 0.08892634,  0.        , -0.07812601, ..., -0.87062439,
         -0.70794668, -0.68852117],
        [ 0.16647103,  0.07812601,  0.        , ..., -0.82952936,
         -0.6506051 , -0.62975845],
        ...,
        [ 0.91092232,  0.87062439,  0.82952936, ...,  0.        ,
          0.26661912,  0.29267411],
        [ 0.76794758,  0.70794668,  0.6506051 , ..., -0.26661912,
          0.        ,  0.02713541],
        [ 0.75028422,  0.68852117,  0.62975845, ..., -0.29267411,
         -0.02713541,  0.        ]]]), 'num': array([7.14766465e-01, 6.98256093e-01, 5.29178562e-07, 4.85599151e-04,
       4.91824781e-04, 4.77817114e-04, 3.93114925e-02, 1.01166490e-05,
       4.79373521e-04, 4.89762541e-04, 5.28166897e-04, 8.39000938e-07,
       5.12393558e-04, 4.67131525e-04])}
{'img': array([[[ 0.        , -0.01435991,  0.54904325, ..., -0.92557084,
         -0.94982435, -0.70340074],
        [ 0.01435991,  0.        ,  0.56098856, ..., -0.92003911,
         -0.94523487, -0.69312128],
        [-0.54904325, -0.56098856,  0.        , ..., -0.98144025,
         -0.96558927, -0.97815445],
        ...,
        [ 0.92557084,  0.92003911,  0.98144025, ...,  0.        ,
         -0.07007568,  0.39160019],
        [ 0.94982435,  0.94523487,  0.96558927, ...,  0.07007568,
          0.        ,  0.45511663],
        [ 0.70340074,  0.69312128,  0.97815445, ..., -0.39160019,
         -0.45511663,  0.        ]],

       [[ 0.        , -0.99971467, -0.99691907, ..., -0.40427388,
         -0.73139347, -0.59953103],
        [ 0.99971467,  0.        ,  0.1022279 , ..., -0.90472019,
         -0.66429046, -0.78580226],
        [ 0.99691907, -0.1022279 ,  0.        , ..., -0.94353009,
         -0.737223  , -0.84491114],
        ...,
        [ 0.40427388,  0.90472019,  0.94353009, ...,  0.        ,
          0.39326337,  0.22479263],
        [ 0.73139347,  0.66429046,  0.737223  , ..., -0.39326337,
          0.        , -0.17651827],
        [ 0.59953103,  0.78580226,  0.84491114, ..., -0.22479263,
          0.17651827,  0.        ]],

       [[ 0.        ,  0.03136136,  0.19470804, ..., -0.78141375,
         -0.90734714, -0.77320394],
        [-0.03136136,  0.        ,  0.16385112, ..., -0.80059929,
         -0.92008458, -0.79271165],
        [-0.19470804, -0.16385112,  0.        , ..., -0.88795886,
         -0.97183343, -0.88188133],
        ...,
        [ 0.78141375,  0.80059929,  0.88795886, ...,  0.        ,
         -0.23770424,  0.01304984],
        [ 0.90734714,  0.92008458,  0.97183343, ...,  0.23770424,
          0.        ,  0.2503598 ],
        [ 0.77320394,  0.79271165,  0.88188133, ..., -0.01304984,
         -0.2503598 ,  0.        ]],

       ...,

       [[ 0.        , -0.0187084 ,  0.53288626, ...,  0.38641432,
          0.3741866 ,  0.73570345],
        [ 0.0187084 ,  0.        ,  0.54862379, ...,  0.40360191,
          0.39147041,  0.74824596],
        [-0.53288626, -0.54862379,  0.        , ..., -0.16451576,
         -0.17754211,  0.26161673],
        ...,
        [-0.38641432, -0.40360191,  0.16451576, ...,  0.        ,
         -0.01322087,  0.41683803],
        [-0.3741866 , -0.39147041,  0.17754211, ...,  0.01322087,
          0.        ,  0.42881912],
        [-0.73570345, -0.74824596, -0.26161673, ..., -0.41683803,
         -0.42881912,  0.        ]],

       [[ 0.        , -0.18192812, -0.29521044, ..., -0.69270325,
         -0.40791914, -0.24364632],
        [ 0.18192812,  0.        , -0.11646392, ..., -0.81235399,
         -0.56721537, -0.41602587],
        [ 0.29521044,  0.11646392,  0.        , ..., -0.8747435 ,
         -0.65927156, -0.51910157],
        ...,
        [ 0.69270325,  0.81235399,  0.8747435 , ...,  0.        ,
         -0.33825002, -0.49610478],
        [ 0.40791914,  0.56721537,  0.65927156, ...,  0.33825002,
          0.        , -0.17317265],
        [ 0.24364632,  0.41602587,  0.51910157, ...,  0.49610478,
          0.17317265,  0.        ]],

       [[ 0.        , -0.07812601, -0.07000086, ..., -0.70794668,
         -0.68852117, -0.69957479],
        [ 0.07812601,  0.        ,  0.00814746, ..., -0.6506051 ,
         -0.62975845, -0.64161086],
        [ 0.07000086, -0.00814746,  0.        , ..., -0.65677081,
         -0.63606642, -0.64783892],
        ...,
        [ 0.70794668,  0.6506051 ,  0.65677081, ...,  0.        ,
          0.02713541,  0.01178413],
        [ 0.68852117,  0.62975845,  0.63606642, ..., -0.02713541,
          0.        , -0.01535374],
        [ 0.69957479,  0.64161086,  0.64783892, ..., -0.01178413,
          0.01535374,  0.        ]]]), 'num': array([ 7.11999806e-01,  7.01425039e-01,  3.41121531e-07,  4.80671248e-04,
        4.92300391e-04,  4.80671248e-04,  3.25156888e-02, -3.10110483e-06,
        4.77104978e-04,  4.87067277e-04,  5.25533898e-04,  6.02156277e-07,
        5.09353602e-04,  4.64780951e-04])}
{'img': array([[[ 0.        ,  0.56098856,  0.89906231, ..., -0.94523487,
         -0.69312128, -0.76291771],
        [-0.56098856,  0.        ,  0.49865255, ..., -0.96558927,
         -0.97815445, -0.99423789],
        [-0.89906231, -0.49865255,  0.        , ..., -0.70728918,
         -0.95152582, -0.915261  ],
        ...,
        [ 0.94523487,  0.96558927,  0.70728918, ...,  0.        ,
          0.45511663,  0.36208077],
        [ 0.69312128,  0.97815445,  0.95152582, ..., -0.45511663,
          0.        , -0.10182723],
        [ 0.76291771,  0.99423789,  0.915261  , ..., -0.36208077,
          0.10182723,  0.        ]],

       [[ 0.        ,  0.11290522,  0.1814642 , ..., -0.70293129,
         -0.82298419, -0.90431632],
        [-0.11290522,  0.        ,  0.06927316, ..., -0.7787413 ,
         -0.88185926, -0.94672897],
        [-0.1814642 , -0.06927316,  0.        , ..., -0.82032873,
         -0.91240397, -0.9667628 ],
        ...,
        [ 0.70293129,  0.7787413 ,  0.82032873, ...,  0.        ,
         -0.18604374, -0.34314667],
        [ 0.82298419,  0.88185926,  0.91240397, ...,  0.18604374,
          0.        , -0.16240833],
        [ 0.90431632,  0.94672897,  0.9667628 , ...,  0.34314667,
          0.16240833,  0.        ]],

       [[ 0.        ,  0.16385112,  0.46089879, ..., -0.92008458,
         -0.79271165, -0.81732225],
        [-0.16385112,  0.        ,  0.30925965, ..., -0.97183343,
         -0.88188133, -0.90068408],
        [-0.46089879, -0.30925965,  0.        , ..., -0.99707471,
         -0.98445652, -0.99089589],
        ...,
        [ 0.92008458,  0.97183343,  0.99707471, ...,  0.        ,
          0.2503598 ,  0.20997383],
        [ 0.79271165,  0.88188133,  0.98445652, ..., -0.2503598 ,
          0.        , -0.04149176],
        [ 0.81732225,  0.90068408,  0.99089589, ..., -0.20997383,
          0.04149176,  0.        ]],

       ...,

       [[ 0.        ,  0.54862379,  0.70876485, ...,  0.39147041,
          0.74824596,  0.23137725],
        [-0.54862379,  0.        ,  0.20555275, ..., -0.17754211,
          0.26161673, -0.34028897],
        [-0.70876485, -0.20555275,  0.        , ..., -0.37603805,
          0.05763645, -0.526308  ],
        ...,
        [-0.39147041,  0.17754211,  0.37603805, ...,  0.        ,
          0.42881912, -0.16793631],
        [-0.74824596, -0.26161673, -0.05763645, ..., -0.42881912,
          0.        , -0.57444101],
        [-0.23137725,  0.34028897,  0.526308  , ...,  0.16793631,
          0.57444101,  0.        ]],

       [[ 0.        , -0.11575481,  0.01990345, ..., -0.64636088,
         -0.59827763, -0.41374182],
        [ 0.11575481,  0.        ,  0.13550153, ..., -0.73034053,
         -0.68700893, -0.51634309],
        [-0.01990345, -0.13550153,  0.        , ..., -0.63104588,
         -0.5822107 , -0.39553988],
        ...,
        [ 0.64636088,  0.73034053,  0.63104588, ...,  0.        ,
         -0.06141691, -0.27274504],
        [ 0.59827763,  0.68700893,  0.5822107 , ...,  0.06141691,
          0.        , -0.21314179],
        [ 0.41374182,  0.51634309,  0.39553988, ...,  0.27274504,
          0.21314179,  0.        ]],

       [[ 0.        ,  0.00814746,  0.02838401, ..., -0.62975845,
         -0.64161086, -0.65756668],
        [-0.00814746,  0.        ,  0.02023889, ..., -0.63606642,
         -0.64783892, -0.66368312],
        [-0.02838401, -0.02023889,  0.        , ..., -0.65155316,
         -0.66312375, -0.67868615],
        ...,
        [ 0.62975845,  0.63606642,  0.65155316, ...,  0.        ,
         -0.01535374, -0.03633418],
        [ 0.64161086,  0.64783892,  0.66312375, ...,  0.01535374,
          0.        , -0.0209863 ],
        [ 0.65756668,  0.66368312,  0.67868615, ...,  0.03633418,
          0.0209863 ,  0.        ]]]), 'num': array([ 7.09206827e-01,  7.03999146e-01,  1.69908017e-07,  4.73425519e-04,
        4.82693229e-04,  4.72653210e-04,  3.75366042e-02, -5.40616416e-06,
        4.75742446e-04,  4.83465538e-04,  5.22801818e-04,  5.88426031e-07,
        5.03539634e-04,  4.63391441e-04])}
{'img': array([[[ 0.        ,  0.49865255,  0.09582434, ..., -0.97815445,
         -0.99423789, -0.99036166],
        [-0.49865255,  0.        , -0.41329716, ..., -0.95152582,
         -0.915261  , -0.78938131],
        [-0.09582434,  0.41329716,  0.        , ..., -0.99357315,
         -0.99993467, -0.97253208],
        ...,
        [ 0.97815445,  0.95152582,  0.99357315, ...,  0.        ,
         -0.10182723, -0.34135563],
        [ 0.99423789,  0.915261  ,  0.99993467, ...,  0.10182723,
          0.        , -0.2438704 ],
        [ 0.99036166,  0.78938131,  0.97253208, ...,  0.34135563,
          0.2438704 ,  0.        ]],

       [[ 0.        ,  0.06927316, -0.54350829, ..., -0.88185926,
         -0.94672897, -0.89703177],
