state_0,state_1,state_2,state_3,state_4,state_5,state_6,state_7,state_8,state_9,state_10,state_11,state_12,state_13,state_14,state_15,state_16,state_17,state_18,state_19,state_20,state_21,state_22,state_23,state_24,state_25,state_26,state_27,state_28,state_29,state_30,state_31,state_32,state_33,state_34,state_35,state_36,state_37,state_38,state_39,state_40,state_41,state_42,state_43,state_44,state_45,state_46,state_47,state_48,state_49,state_50,state_51,state_52,state_53,state_54,state_55,state_56,state_57,state_58,state_59,state_60,state_61,state_62,state_63,state_64,state_65,state_66,state_67,state_68,state_69,state_70,state_71,state_72,state_73,state_74,state_75,state_76,state_77,state_78,state_79,state_80,state_81,state_82,state_83,state_84,state_85,state_86,state_87,state_88,state_89,state_90,state_91,state_92,state_93,state_94,state_95,state_96,state_97,state_98,state_99,state_100,state_101,state_102,state_103,state_104,state_105,state_106,state_107,state_108,state_109,state_110,state_111,state_112,state_113,state_114,state_115,state_116,state_117,state_118,state_119,state_120,state_121,state_122,state_123,state_124,state_125,state_126,state_127,state_128,state_129,state_130,state_131,state_132,state_133,state_134,state_135,state_136,state_137,state_138,state_139,state_140,state_141,state_142,state_143,state_144,state_145,state_146,state_147,state_148,state_149,state_150,state_151,state_152,state_153,state_154,state_155,state_156,state_157,state_158,state_159,state_160,state_161,state_162,state_163,state_164,state_165,state_166,state_167,state_168,state_169,state_170,state_171,state_172,state_173,state_174,state_175,state_176,state_177,state_178,state_179,state_180,state_181,state_182,state_183,state_184,state_185,state_186,state_187,state_188,state_189,state_190,state_191,state_192,state_193,state_194,state_195,state_196,state_197,state_198,state_199,state_200,state_201,state_202,state_203,state_204,state_205,state_206,state_207,state_208,state_209,state_210,state_211,state_212,state_213,state_214,state_215,state_216,state_217,state_218,state_219,state_220,state_221,state_222,state_223,state_224,state_225,state_226,state_227,state_228,state_229,state_230,state_231,state_232,state_233,state_234,state_235,state_236,state_237,state_238,state_239,state_240,state_241,state_242,state_243,state_244,state_245,state_246,state_247,state_248,state_249,state_250,state_251,state_252,state_253,state_254,state_255,state_256,state_257,state_258,state_259,state_260,state_261,state_262,state_263,state_264,state_265,state_266,state_267,state_268,state_269,state_270,state_271,state_272,state_273,state_274,state_275,state_276,state_277,state_278,state_279,state_280,state_281,state_282,state_283,state_284,state_285,state_286,state_287
{'img': array([[[ 0.        ,  0.15631843,  0.10070459, ...,  0.82197812,
          0.72727753,  0.9123568 ],
        [-0.15631843,  0.        , -0.05605717, ...,  0.72284698,
          0.61104876,  0.96513707],
        [-0.10070459,  0.05605717,  0.        , ...,  0.76044631,
          0.65446238,  0.94894677],
        ...,
        [-0.82197812, -0.72284698, -0.76044631, ...,  0.        ,
         -0.14996093,  0.85611913],
        [-0.72727753, -0.61104876, -0.65446238, ...,  0.14996093,
          0.        ,  0.92393465],
        [-0.9123568 , -0.96513707, -0.94894677, ..., -0.85611913,
         -0.92393465,  0.        ]],

       [[ 0.        ,  0.10588877,  0.0097139 , ...,  0.3632856 ,
          0.22358993,  0.8381925 ],
        [-0.10588877,  0.        , -0.09622449, ...,  0.26258897,
          0.11912488,  0.77573113],
        [-0.0097139 ,  0.09622449,  0.        , ...,  0.35421823,
          0.2141114 ,  0.83285524],
        ...,
        [-0.3632856 , -0.26258897, -0.35421823, ...,  0.        ,
         -0.14577463,  0.58279868],
        [-0.22358993, -0.11912488, -0.2141114 , ...,  0.14577463,
          0.        ,  0.695032  ],
        [-0.8381925 , -0.77573113, -0.83285524, ..., -0.58279868,
         -0.695032  ,  0.        ]],

       [[ 0.        ,  0.13832195,  0.19097923, ...,  0.70816244,
          0.7836085 ,  0.94889141],
        [-0.13832195,  0.        ,  0.0533674 , ...,  0.60369296,
          0.69014273,  0.89611523],
        [-0.19097923, -0.0533674 ,  0.        , ...,  0.56028726,
          0.65053868,  0.87115261],
        ...,
        [-0.70816244, -0.60369296, -0.56028726, ...,  0.        ,
          0.113317  ,  0.44646632],
        [-0.7836085 , -0.69014273, -0.65053868, ..., -0.113317  ,
          0.        ,  0.34219448],
        [-0.94889141, -0.89611523, -0.87115261, ..., -0.44646632,
         -0.34219448,  0.        ]],

       ...,

       [[ 0.        ,  0.35437565, -0.02799574, ...,  0.99987426,
          0.76583451,  0.92181704],
        [-0.35437565,  0.        , -0.38041566, ...,  0.92936612,
          0.48825735,  0.72462905],
        [ 0.02799574,  0.38041566,  0.        , ...,  0.99992629,
          0.78353665,  0.93230758],
        ...,
        [-0.99987426, -0.92936612, -0.99992629, ...,  0.        ,
         -0.63081277, -0.37295897],
        [-0.76583451, -0.48825735, -0.78353665, ...,  0.63081277,
          0.        ,  0.29590631],
        [-0.92181704, -0.72462905, -0.93230758, ...,  0.37295897,
         -0.29590631,  0.        ]],

       [[ 0.        ,  0.09213023,  0.07023254, ...,  0.81706939,
          0.87016541,  0.98173905],
        [-0.09213023,  0.        , -0.02196889, ...,  0.76047766,
          0.8210665 ,  0.96003751],
        [-0.07023254,  0.02196889,  0.        , ...,  0.77455993,
          0.8334089 ,  0.96595427],
        ...,
        [-0.81706939, -0.76047766, -0.77455993, ...,  0.        ,
          0.0990657 ,  0.41057797],
        [-0.87016541, -0.8210665 , -0.8334089 , ..., -0.0990657 ,
          0.        ,  0.31822766],
        [-0.98173905, -0.96003751, -0.96595427, ..., -0.41057797,
         -0.31822766,  0.        ]],

       [[ 0.        , -0.00799522, -0.00389666, ...,  0.41420645,
          0.36595217,  0.13107084],
        [ 0.00799522,  0.        ,  0.00409862, ...,  0.42147032,
          0.37338109,  0.13899289],
        [ 0.00389666, -0.00409862,  0.        , ...,  0.41774998,
          0.36957576,  0.13493289],
        ...,
        [-0.41420645, -0.42147032, -0.41774998, ...,  0.        ,
         -0.05239103, -0.29133465],
        [-0.36595217, -0.37338109, -0.36957576, ...,  0.05239103,
          0.        , -0.24081617],
        [-0.13107084, -0.13899289, -0.13493289, ...,  0.29133465,
          0.24081617,  0.        ]]]), 'num': array([6.56087656e-01, 6.25040042e-01, 4.21270212e-06, 1.72486748e-04,
       1.83954659e-04, 1.61954993e-04, 4.22934674e-01, 1.45104184e-05,
       1.54512552e-04, 1.41745725e-04, 1.39576963e-04, 1.98515229e-06,
       1.60159865e-04, 1.23331584e-04])}
{'img': array([[[ 0.00000000e+00, -4.37042742e-02, -1.81820805e-01, ...,
          4.57733044e-01,  7.98105487e-01,  8.77993265e-01],
        [ 4.37042742e-02,  0.00000000e+00, -1.38671279e-01, ...,
          4.96152705e-01,  8.23675507e-01,  8.56234297e-01],
        [ 1.81820805e-01,  1.38671279e-01,  0.00000000e+00, ...,
          6.11758405e-01,  8.94352671e-01,  7.76325885e-01],
        ...,
        [-4.57733044e-01, -4.96152705e-01, -6.11758405e-01, ...,
          0.00000000e+00,  4.33795072e-01,  9.99719194e-01],
        [-7.98105487e-01, -8.23675507e-01, -8.94352671e-01, ...,
         -4.33795072e-01,  0.00000000e+00,  9.11038057e-01],
        [-8.77993265e-01, -8.56234297e-01, -7.76325885e-01, ...,
         -9.99719194e-01, -9.11038057e-01,  0.00000000e+00]],

       [[ 0.00000000e+00, -9.62244859e-02, -1.76301488e-01, ...,
          1.19124882e-01,  7.75731134e-01,  8.78281512e-01],
        [ 9.62244859e-02,  0.00000000e+00, -8.07661423e-02, ...,
          2.14111400e-01,  8.32855242e-01,  8.28196835e-01],
        [ 1.76301488e-01,  8.07661423e-02,  0.00000000e+00, ...,
          2.92305029e-01,  8.74837692e-01,  7.80226820e-01],
        ...,
        [-1.19124882e-01, -2.14111400e-01, -2.92305029e-01, ...,
          0.00000000e+00,  6.95031998e-01,  9.28986350e-01],
        [-7.75731134e-01, -8.32855242e-01, -8.74837692e-01, ...,
         -6.95031998e-01,  0.00000000e+00,  9.25162558e-01],
        [-8.78281512e-01, -8.28196835e-01, -7.80226820e-01, ...,
         -9.28986350e-01, -9.25162558e-01,  0.00000000e+00]],

       [[ 0.00000000e+00,  4.83208730e-02, -1.62832549e-02, ...,
          6.14078843e-01,  7.97918391e-01,  9.47417543e-01],
        [-4.83208730e-02,  0.00000000e+00, -6.45787004e-02, ...,
          5.75224524e-01,  7.67860159e-01,  9.61773510e-01],
        [ 1.62832549e-02,  6.45787004e-02,  0.00000000e+00, ...,
          6.26848901e-01,  8.07627586e-01,  9.42081291e-01],
        ...,
        [-6.14078843e-01, -5.75224524e-01, -6.26848901e-01, ...,
          0.00000000e+00,  2.59607312e-01,  9.44249491e-01],
        [-7.97918391e-01, -7.67860159e-01, -8.07627586e-01, ...,
         -2.59607312e-01,  0.00000000e+00,  8.26404489e-01],
        [-9.47417543e-01, -9.61773510e-01, -9.42081291e-01, ...,
         -9.44249491e-01, -8.26404489e-01,  0.00000000e+00]],

       ...,

       [[ 0.00000000e+00, -3.25837087e-01, -1.34925811e-01, ...,
          3.72236613e-01,  5.20197741e-01,  9.82543140e-01],
        [ 3.25837087e-01,  0.00000000e+00,  1.95295175e-01, ...,
          6.54343886e-01,  7.70088245e-01,  9.89538829e-01],
        [ 1.34925811e-01, -1.95295175e-01,  0.00000000e+00, ...,
          4.94062526e-01,  6.30673728e-01,  9.98659382e-01],
        ...,
        [-3.72236613e-01, -6.54343886e-01, -4.94062526e-01, ...,
          0.00000000e+00,  1.64908089e-01,  8.42686500e-01],
        [-5.20197741e-01, -7.70088245e-01, -6.30673728e-01, ...,
         -1.64908089e-01,  0.00000000e+00,  7.42361961e-01],
        [-9.82543140e-01, -9.89538829e-01, -9.98659382e-01, ...,
         -8.42686500e-01, -7.42361961e-01,  0.00000000e+00]],

       [[ 0.00000000e+00, -2.19688858e-02, -7.66556935e-02, ...,
          8.21066500e-01,  9.60037509e-01,  9.09952641e-01],
        [ 2.19688858e-02,  0.00000000e+00, -5.47329480e-02, ...,
          8.33408895e-01,  9.65954271e-01,  9.00622264e-01],
        [ 7.66556935e-02,  5.47329480e-02,  0.00000000e+00, ...,
          8.62408179e-01,  9.78666451e-01,  8.75485168e-01],
        ...,
        [-8.21066500e-01, -8.33408895e-01, -8.62408179e-01, ...,
          0.00000000e+00,  3.18227658e-01,  8.59936865e-01],
        [-9.60037509e-01, -9.65954271e-01, -9.78666451e-01, ...,
         -3.18227658e-01,  0.00000000e+00,  6.52808935e-01],
        [-9.09952641e-01, -9.00622264e-01, -8.75485168e-01, ...,
         -8.59936865e-01, -6.52808935e-01,  0.00000000e+00]],

       [[ 0.00000000e+00,  4.09861734e-03,  3.95559378e-03, ...,
          3.73381093e-01,  1.38992894e-01, -2.92248027e-01],
        [-4.09861734e-03,  0.00000000e+00, -1.43024714e-04, ...,
          3.69575760e-01,  1.34932893e-01, -2.96165254e-01],
        [-3.95559378e-03,  1.43024714e-04,  0.00000000e+00, ...,
          3.69708655e-01,  1.35074609e-01, -2.96028643e-01],
        ...,
        [-3.73381093e-01, -3.69575760e-01, -3.69708655e-01, ...,
          0.00000000e+00, -2.40816167e-01, -6.28192309e-01],
        [-1.38992894e-01, -1.34932893e-01, -1.35074609e-01, ...,
          2.40816167e-01,  0.00000000e+00, -4.22336106e-01],
        [ 2.92248027e-01,  2.96165254e-01,  2.96028643e-01, ...,
          6.28192309e-01,  4.22336106e-01,  0.00000000e+00]]]), 'num': array([7.04638997e-01, 7.04638997e-01, 0.00000000e+00, 1.65644367e-04,
       1.65644367e-04, 1.57188699e-04, 8.34721210e-02, 5.85392397e-06,
       1.49340105e-04, 1.33361061e-04, 1.29964339e-04, 1.85037827e-06,
       1.55746687e-04, 1.10975434e-04])}
{'img': array([[[ 0.00000000e+00, -1.28666098e-01, -4.15610853e-02, ...,
          7.59858993e-01,  9.96895148e-01,  8.20651807e-01],
        [ 1.28666098e-01,  0.00000000e+00,  8.73392978e-02, ...,
          8.37187301e-01,  9.98740159e-01,  7.40307042e-01],
        [ 4.15610853e-02, -8.73392978e-02,  0.00000000e+00, ...,
          7.86220807e-01,  9.99306336e-01,  7.96193543e-01],
        ...,
        [-7.59858993e-01, -8.37187301e-01, -7.86220807e-01, ...,
          0.00000000e+00,  5.88237836e-01,  9.67700969e-01],
        [-9.96895148e-01, -9.98740159e-01, -9.99306336e-01, ...,
         -5.88237836e-01,  0.00000000e+00,  6.34272889e-01],
        [-8.20651807e-01, -7.40307042e-01, -7.96193543e-01, ...,
         -9.67700969e-01, -6.34272889e-01,  0.00000000e+00]],

       [[ 0.00000000e+00, -8.07661423e-02, -5.02880643e-02, ...,
          8.32855242e-01,  8.28196835e-01,  5.95353351e-01],
        [ 8.07661423e-02,  0.00000000e+00,  3.05401762e-02, ...,
          8.74837692e-01,  7.80226820e-01,  6.58301066e-01],
        [ 5.02880643e-02, -3.05401762e-02,  0.00000000e+00, ...,
          8.59635461e-01,  7.98965654e-01,  6.35004732e-01],
        ...,
        [-8.32855242e-01, -8.74837692e-01, -8.59635461e-01, ...,
          0.00000000e+00,  9.25162558e-01, -3.39646553e-01],
        [-8.28196835e-01, -7.80226820e-01, -7.98965654e-01, ...,
         -9.25162558e-01,  0.00000000e+00, -9.99084579e-01],
        [-5.95353351e-01, -6.58301066e-01, -6.35004732e-01, ...,
          3.39646553e-01,  9.99084579e-01,  0.00000000e+00]],

       [[ 0.00000000e+00, -5.58538579e-02, -5.86838624e-02, ...,
          6.45598436e-01,  8.95874894e-01,  9.14408822e-01],
        [ 5.58538579e-02,  0.00000000e+00, -2.83465394e-03, ...,
          6.87244938e-01,  9.19292619e-01,  8.90372198e-01],
        [ 5.86838624e-02,  2.83465394e-03,  0.00000000e+00, ...,
          6.89301342e-01,  9.20404574e-01,  8.89078192e-01],
        ...,
        [-6.45598436e-01, -6.87244938e-01, -6.89301342e-01, ...,
          0.00000000e+00,  3.97315594e-01,  9.59646082e-01],
        [-8.95874894e-01, -9.19292619e-01, -9.20404574e-01, ...,
         -3.97315594e-01,  0.00000000e+00,  7.68920616e-01],
        [-9.14408822e-01, -8.90372198e-01, -8.89078192e-01, ...,
         -9.59646082e-01, -7.68920616e-01,  0.00000000e+00]],

       ...,

       [[ 0.00000000e+00,  1.93779177e-01,  2.49975492e-01, ...,
          7.62865138e-01,  9.99555126e-01,  9.88486002e-01],
        [-1.93779177e-01,  0.00000000e+00,  5.76101422e-02, ...,
          6.23115754e-01,  9.74829201e-01,  9.99070601e-01],
        [-2.49975492e-01, -5.76101422e-02,  0.00000000e+00, ...,
          5.77022257e-01,  9.60365809e-01,  9.94928087e-01],
        ...,
        [-7.62865138e-01, -6.23115754e-01, -5.77022257e-01, ...,
          0.00000000e+00,  6.23517290e-01,  7.54544082e-01],
        [-9.99555126e-01, -9.74829201e-01, -9.60365809e-01, ...,
         -6.23517290e-01,  0.00000000e+00,  1.80726953e-01],
        [-9.88486002e-01, -9.99070601e-01, -9.94928087e-01, ...,
         -7.54544082e-01, -1.80726953e-01,  0.00000000e+00]],

       [[ 0.00000000e+00, -5.05221369e-02, -3.01530120e-02, ...,
          9.23133748e-01,  9.87773913e-01,  3.48168199e-01],
        [ 5.05221369e-02,  0.00000000e+00,  2.03846594e-02, ...,
          9.41379551e-01,  9.78636409e-01,  3.00362496e-01],
        [ 3.01530120e-02, -2.03846594e-02,  0.00000000e+00, ...,
          9.34307193e-01,  9.82624117e-01,  3.19743484e-01],
        ...,
        [-9.23133748e-01, -9.41379551e-01, -9.34307193e-01, ...,
          0.00000000e+00,  5.23688597e-01,  9.99238543e-01],
        [-9.87773913e-01, -9.78636409e-01, -9.82624117e-01, ...,
         -5.23688597e-01,  0.00000000e+00,  8.71693892e-01],
        [-3.48168199e-01, -3.00362496e-01, -3.19743484e-01, ...,
         -9.99238543e-01, -8.71693892e-01,  0.00000000e+00]],

       [[ 0.00000000e+00, -1.43024714e-04, -6.27209578e-04, ...,
          1.34932893e-01, -2.96165254e-01, -6.04699928e-01],
        [ 1.43024714e-04,  0.00000000e+00, -4.84184886e-04, ...,
          1.35074609e-01, -2.96028643e-01, -6.04586009e-01],
        [ 6.27209578e-04,  4.84184886e-04,  0.00000000e+00, ...,
          1.35554340e-01, -2.95566125e-01, -6.04200265e-01],
        ...,
        [-1.34932893e-01, -1.35074609e-01, -1.35554340e-01, ...,
          0.00000000e+00, -4.22336106e-01, -7.06637549e-01],
        [ 2.96165254e-01,  2.96028643e-01,  2.95566125e-01, ...,
          4.22336106e-01,  0.00000000e+00, -3.41689282e-01],
        [ 6.04699928e-01,  6.04586009e-01,  6.04200265e-01, ...,
          7.06637549e-01,  3.41689282e-01,  0.00000000e+00]]]), 'num': array([ 6.96080096e-01,  6.96080096e-01,  0.00000000e+00,  1.47783159e-04,
        1.79909932e-04,  1.42642875e-04,  1.75911434e-01, -1.58492083e-05,
        1.49710765e-04,  1.32972716e-04,  1.28789096e-04,  1.41357804e-06,
        1.55768905e-04,  1.10176527e-04])}
{'img': array([[[ 0.00000000e+00,  8.73392978e-02, -1.20082936e-01, ...,
          9.98740159e-01,  7.40307042e-01,  9.02296829e-01],
        [-8.73392978e-02,  0.00000000e+00, -2.06331352e-01, ...,
          9.99306336e-01,  7.96193543e-01,  8.61195501e-01],
        [ 1.20082936e-01,  2.06331352e-01,  0.00000000e+00, ...,
          9.85487303e-01,  6.54222055e-01,  9.47537281e-01],
        ...,
        [-9.98740159e-01, -9.99306336e-01, -9.85487303e-01, ...,
          0.00000000e+00,  6.34272889e-01, -4.75850014e-01],
        [-7.40307042e-01, -7.96193543e-01, -6.54222055e-01, ...,
         -6.34272889e-01,  0.00000000e+00, -9.25743822e-01],
        [-9.02296829e-01, -8.61195501e-01, -9.47537281e-01, ...,
          4.75850014e-01,  9.25743822e-01,  0.00000000e+00]],

       [[ 0.00000000e+00,  3.05401762e-02,  6.32041389e-02, ...,
          7.80226820e-01,  6.58301066e-01,  9.30254555e-01],
        [-3.05401762e-02,  0.00000000e+00,  3.26955420e-02, ...,
          7.98965654e-01,  6.35004732e-01,  9.18614986e-01],
        [-6.32041389e-02, -3.26955420e-02,  0.00000000e+00, ...,
          8.18200829e-01,  6.09407656e-01,  9.05204089e-01],
        ...,
        [-7.80226820e-01, -7.98965654e-01, -8.18200829e-01, ...,
          0.00000000e+00, -9.99084579e-01, -8.68147905e-01],
        [-6.58301066e-01, -6.35004732e-01, -6.09407656e-01, ...,
          9.99084579e-01,  0.00000000e+00,  4.58713133e-01],
        [-9.30254555e-01, -9.18614986e-01, -9.05204089e-01, ...,
          8.68147905e-01, -4.58713133e-01,  0.00000000e+00]],

       [[ 0.00000000e+00, -2.71721152e-03, -4.39836286e-02, ...,
          8.82309022e-01,  9.99912306e-01,  8.72758820e-01],
        [ 2.71721152e-03,  0.00000000e+00, -4.12688842e-02, ...,
          8.83584677e-01,  9.99872631e-01,  8.71429187e-01],
        [ 4.39836286e-02,  4.12688842e-02,  0.00000000e+00, ...,
          9.02156969e-01,  9.98362164e-01,  8.50443528e-01],
        ...,
        [-8.82309022e-01, -8.83584677e-01, -9.02156969e-01, ...,
          0.00000000e+00,  4.82313794e-01,  8.41482507e-01],
        [-9.99912306e-01, -9.99872631e-01, -9.98362164e-01, ...,
         -4.82313794e-01,  0.00000000e+00,  4.76550831e-01],
        [-8.72758820e-01, -8.71429187e-01, -8.50443528e-01, ...,
         -8.41482507e-01, -4.76550831e-01,  0.00000000e+00]],

       ...,

       [[ 0.00000000e+00,  5.76101422e-02, -2.45339004e-01, ...,
          9.74829201e-01,  9.99070601e-01,  3.51362178e-01],
        [-5.76101422e-02,  0.00000000e+00, -3.00780958e-01, ...,
          9.60365809e-01,  9.94928087e-01,  2.96841723e-01],
        [ 2.45339004e-01,  3.00780958e-01,  0.00000000e+00, ...,
          9.99734897e-01,  9.79111390e-01,  5.70319713e-01],
        ...,
        [-9.74829201e-01, -9.60365809e-01, -9.99734897e-01, ...,
          0.00000000e+00,  1.80726953e-01, -8.34336474e-01],
        [-9.99070601e-01, -9.94928087e-01, -9.79111390e-01, ...,
         -1.80726953e-01,  0.00000000e+00, -9.20224443e-01],
        [-3.51362178e-01, -2.96841723e-01, -5.70319713e-01, ...,
          8.34336474e-01,  9.20224443e-01,  0.00000000e+00]],

       [[ 0.00000000e+00,  1.97189246e-02,  1.62083703e-02, ...,
          9.93684529e-01,  7.18582698e-01,  2.90997801e-01],
        [-1.97189246e-02,  0.00000000e+00, -3.51111548e-03, ...,
          9.95703978e-01,  7.32156338e-01,  3.09806783e-01],
        [-1.62083703e-02,  3.51111548e-03,  0.00000000e+00, ...,
          9.95372734e-01,  7.29760275e-01,  3.06466507e-01],
        ...,
        [-9.93684529e-01, -9.95703978e-01, -9.95372734e-01, ...,
          0.00000000e+00,  6.10417402e-01,  9.18028733e-01],
        [-7.18582698e-01, -7.32156338e-01, -7.29760275e-01, ...,
         -6.10417402e-01,  0.00000000e+00,  4.85113160e-01],
        [-2.90997801e-01, -3.09806783e-01, -3.06466507e-01, ...,
         -9.18028733e-01, -4.85113160e-01,  0.00000000e+00]],

       [[ 0.00000000e+00, -4.84184886e-04,  5.70585806e-03, ...,
         -2.96028643e-01, -6.04586009e-01, -5.53942763e-01],
        [ 4.84184886e-04,  0.00000000e+00,  6.19003440e-03, ...,
         -2.95566125e-01, -6.04200265e-01, -5.53539588e-01],
        [-5.70585806e-03, -6.19003440e-03,  0.00000000e+00, ...,
         -3.01473940e-01, -6.09121111e-01, -5.58684185e-01],
        ...,
        [ 2.96028643e-01,  2.95566125e-01,  3.01473940e-01, ...,
          0.00000000e+00, -3.41689282e-01, -2.82654476e-01],
        [ 6.04586009e-01,  6.04200265e-01,  6.09121111e-01, ...,
          3.41689282e-01,  0.00000000e+00,  6.21134603e-02],
        [ 5.53942763e-01,  5.53539588e-01,  5.58684185e-01, ...,
          2.82654476e-01, -6.21134603e-02,  0.00000000e+00]]]), 'num': array([7.06428514e-01, 7.06428514e-01, 0.00000000e+00, 1.50414933e-04,
       1.51284383e-04, 1.44763505e-04, 4.37875041e-02, 4.34725239e-07,
       1.54675240e-04, 1.36351571e-04, 1.31163850e-04, 1.42712831e-06,
       1.59666425e-04, 1.13036717e-04])}
{'img': array([[[ 0.        , -0.20633135, -0.16928396, ...,  0.79619354,
          0.8611955 ,  0.8703146 ],
        [ 0.20633135,  0.        ,  0.0377121 , ...,  0.65422205,
          0.94753728,  0.95320473],
        [ 0.16928396, -0.0377121 ,  0.        , ...,  0.68227842,
          0.93480875,  0.94112534],
        ...,
        [-0.79619354, -0.65422205, -0.68227842, ...,  0.        ,
         -0.92574382, -0.91869918],
        [-0.8611955 , -0.94753728, -0.93480875, ...,  0.92574382,
          0.        ,  0.01822266],
        [-0.8703146 , -0.95320473, -0.94112534, ...,  0.91869918,
         -0.01822266,  0.        ]],

       [[ 0.        ,  0.03269554, -0.00243152, ...,  0.63500473,
          0.91861499,  0.41133725],
        [-0.03269554,  0.        , -0.03512567, ...,  0.60940766,
          0.90520409,  0.38131589],
        [ 0.00243152,  0.03512567,  0.        , ...,  0.63688123,
          0.9195731 ,  0.41355233],
        ...,
        [-0.63500473, -0.60940766, -0.63688123, ...,  0.        ,
          0.45871313, -0.26103474],
        [-0.91861499, -0.90520409, -0.9195731 , ..., -0.45871313,
          0.        , -0.67476068],
        [-0.41133725, -0.38131589, -0.41355233, ...,  0.26103474,
          0.67476068,  0.        ]],

       [[ 0.        , -0.03936763, -0.10172452, ...,  0.98540978,
          0.99979236,  0.85054048],
        [ 0.03936763,  0.        , -0.06248225, ...,  0.9913462 ,
          0.99821511,  0.82917732],
        [ 0.10172452,  0.06248225,  0.        , ...,  0.99761144,
          0.99253317,  0.79263049],
        ...,
        [-0.98540978, -0.9913462 , -0.99761144, ...,  0.        ,
          0.19024324,  0.66299725],
        [-0.99979236, -0.99821511, -0.99253317, ..., -0.19024324,
          0.        ,  0.50846868],
        [-0.85054048, -0.82917732, -0.79263049, ..., -0.66299725,
         -0.50846868,  0.        ]],

       ...,

       [[ 0.        , -0.30078096, -0.21137407, ...,  0.99492809,
          0.29684172,  0.28563695],
        [ 0.30078096,  0.        ,  0.09239886, ...,  0.97911139,
          0.57031971,  0.56065983],
        [ 0.21137407, -0.09239886,  0.        , ...,  0.99370978,
          0.4919814 ,  0.48175084],
        ...,
        [-0.99492809, -0.97911139, -0.99370978, ...,  0.        ,
         -0.92022444, -0.92474542],
        [-0.29684172, -0.57031971, -0.4919814 , ...,  0.92022444,
          0.        , -0.01171232],
        [-0.28563695, -0.56065983, -0.48175084, ...,  0.92474542,
          0.01171232,  0.        ]],

       [[ 0.        , -0.0034226 , -0.04090056, ...,  0.8293941 ,
          0.68301279,  0.30236496],
        [ 0.0034226 ,  0.        , -0.03748059, ...,  0.82747716,
          0.6805089 ,  0.29910079],
        [ 0.04090056,  0.03748059,  0.        , ...,  0.80585041,
          0.65256723,  0.26312585],
        ...,
        [-0.8293941 , -0.82747716, -0.80585041, ...,  0.        ,
          0.22422014,  0.62165161],
        [-0.68301279, -0.6805089 , -0.65256723, ..., -0.22422014,
          0.        ,  0.43019318],
        [-0.30236496, -0.29910079, -0.26312585, ..., -0.62165161,
         -0.43019318,  0.        ]],

       [[ 0.        ,  0.00619003, -0.00746342, ..., -0.60420027,
         -0.55353959, -0.43990518],
        [-0.00619003,  0.        , -0.01365314, ..., -0.60912111,
         -0.55868419, -0.44545567],
        [ 0.00746342,  0.01365314,  0.        , ..., -0.59823634,
         -0.54730847, -0.43319044],
        ...,
        [ 0.60420027,  0.60912111,  0.59823634, ...,  0.        ,
          0.06211346,  0.19206782],
        [ 0.55353959,  0.55868419,  0.54730847, ..., -0.06211346,
          0.        ,  0.13073994],
        [ 0.43990518,  0.44545567,  0.43319044, ..., -0.19206782,
         -0.13073994,  0.        ]]]), 'num': array([ 7.06191284e-01,  7.06191284e-01,  0.00000000e+00,  1.42541995e-04,
        1.52754607e-04,  1.42541995e-04,  5.08682402e-02, -7.82242653e-06,
        1.53797597e-04,  1.37250992e-04,  1.31420387e-04,  1.32410866e-06,
        1.59951790e-04,  1.14550195e-04])}
{'img': array([[[ 0.        ,  0.0377121 , -0.02608293, ...,  0.94753728,
          0.95320473,  0.81353875],
        [-0.0377121 ,  0.        , -0.06376364, ...,  0.93480875,
          0.94112534,  0.79103005],
        [ 0.02608293,  0.06376364,  0.        , ...,  0.9555522 ,
          0.96076597,  0.82842947],
        ...,
        [-0.94753728, -0.93480875, -0.9555522 , ...,  0.        ,
          0.01822266, -0.29095926],
        [-0.95320473, -0.94112534, -0.96076597, ..., -0.01822266,
          0.        , -0.30834521],
        [-0.81353875, -0.79103005, -0.82842947, ...,  0.29095926,
          0.30834521,  0.        ]],

       [[ 0.        , -0.03512567, -0.10039304, ...,  0.90520409,
          0.38131589,  0.42997567],
        [ 0.03512567,  0.        , -0.06538287, ...,  0.9195731 ,
          0.41355233,  0.46142321],
        [ 0.10039304,  0.06538287,  0.        , ...,  0.94329561,
          0.47219725,  0.51844227],
        ...,
        [-0.90520409, -0.9195731 , -0.94329561, ...,  0.        ,
         -0.67476068, -0.63452506],
        [-0.38131589, -0.41355233, -0.47219725, ...,  0.67476068,
          0.        ,  0.05322135],
        [-0.42997567, -0.46142321, -0.51844227, ...,  0.63452506,
         -0.05322135,  0.        ]],

       [[ 0.        , -0.06248225, -0.13077928, ...,  0.99821511,
          0.82917732,  0.95454346],
        [ 0.06248225,  0.        , -0.06857812, ...,  0.99253317,
          0.79263049,  0.93405416],
        [ 0.13077928,  0.06857812,  0.        , ...,  0.98183169,
          0.74895219,  0.90736376],
        ...,
        [-0.99821511, -0.99253317, -0.98183169, ...,  0.        ,
          0.50846868,  0.24053351],
        [-0.82917732, -0.79263049, -0.74895219, ..., -0.50846868,
          0.        , -0.28642175],
        [-0.95454346, -0.93405416, -0.90736376, ..., -0.24053351,
          0.28642175,  0.        ]],

       ...,

       [[ 0.        ,  0.09239886,  0.03139206, ...,  0.57031971,
          0.56065983,  0.42504201],
        [-0.09239886,  0.        , -0.06109556, ...,  0.4919814 ,
          0.48175084,  0.3395867 ],
        [-0.03139206,  0.06109556,  0.        , ...,  0.54425248,
          0.53438943,  0.39641727],
        ...,
        [-0.57031971, -0.4919814 , -0.54425248, ...,  0.        ,
         -0.01171232, -0.16709916],
        [-0.56065983, -0.48175084, -0.53438943, ...,  0.01171232,
          0.        , -0.15554005],
        [-0.42504201, -0.3395867 , -0.39641727, ...,  0.16709916,
          0.15554005,  0.        ]],

       [[ 0.        , -0.03728285, -0.06542198, ...,  0.71072297,
          0.48439723,  0.29758967],
        [ 0.03728285,  0.        , -0.02817352, ...,  0.6840014 ,
          0.45144362,  0.26178907],
        [ 0.06542198,  0.02817352,  0.        , ...,  0.66317785,
          0.4261252 ,  0.23449418],
        ...,
        [-0.71072297, -0.6840014 , -0.66317785, ...,  0.        ,
          0.2810148 ,  0.46917686],
        [-0.48439723, -0.45144362, -0.4261252 , ..., -0.2810148 ,
          0.        ,  0.20210529],
        [-0.29758967, -0.26178907, -0.23449418, ..., -0.46917686,
         -0.20210529,  0.        ]],

       [[ 0.        , -0.01365314,  0.01381786, ..., -0.55868419,
         -0.44545567, -0.29709983],
        [ 0.01365314,  0.        ,  0.02746841, ..., -0.54730847,
         -0.43319044, -0.28403549],
        [-0.01381786, -0.02746841,  0.        , ..., -0.57009111,
         -0.45778433, -0.31026541],
        ...,
        [ 0.55868419,  0.54730847,  0.57009111, ...,  0.        ,
          0.13073994,  0.28704879],
        [ 0.44545567,  0.43319044,  0.45778433, ..., -0.13073994,
          0.        ,  0.15934709],
        [ 0.29709983,  0.28403549,  0.31026541, ..., -0.28704879,
         -0.15934709,  0.        ]]]), 'num': array([7.06861929e-01, 7.06861929e-01, 0.00000000e+00, 1.43547346e-04,
       1.47679769e-04, 1.42677362e-04, 2.63109235e-02, 8.69983913e-07,
       1.50594215e-04, 1.38131696e-04, 1.31925811e-04, 1.32002276e-06,
       1.60626669e-04, 1.15636723e-04])}
{'img': array([[[ 0.        , -0.06376364, -0.10438705, ...,  0.94112534,
          0.79103005,  0.81126261],
        [ 0.06376364,  0.        , -0.04075934, ...,  0.96076597,
          0.82842947,  0.84689316],
        [ 0.10438705,  0.04075934,  0.        , ...,  0.97127259,
          0.85057008,  0.8678637 ],
        ...,
        [-0.94112534, -0.96076597, -0.97127259, ...,  0.        ,
         -0.30834521, -0.27600532],
        [-0.79103005, -0.82842947, -0.85057008, ...,  0.30834521,
          0.        ,  0.03381106],
        [-0.81126261, -0.84689316, -0.8678637 , ...,  0.27600532,
         -0.03381106,  0.        ]],

       [[ 0.        , -0.06538287, -0.12593559, ...,  0.41355233,
          0.46142321,  0.26943198],
        [ 0.06538287,  0.        , -0.0608038 , ...,  0.47219725,
          0.51844227,  0.33182044],
        [ 0.12593559,  0.0608038 ,  0.        , ...,  0.52492168,
          0.56947711,  0.38856529],
        ...,
        [-0.41355233, -0.47219725, -0.52492168, ...,  0.        ,
          0.05322135, -0.1529464 ],
        [-0.46142321, -0.51844227, -0.56947711, ..., -0.05322135,
          0.        , -0.20532481],
        [-0.26943198, -0.33182044, -0.38856529, ...,  0.1529464 ,
          0.20532481,  0.        ]],

       [[ 0.        , -0.06857812, -0.11346422, ...,  0.79263049,
          0.93405416,  0.99997516],
        [ 0.06857812,  0.        , -0.04506185, ...,  0.74895219,
          0.90736376,  0.99810436],
        [ 0.11346422,  0.04506185,  0.        , ...,  0.71833234,
          0.88750047,  0.99431719],
        ...,
        [-0.79263049, -0.74895219, -0.71833234, ...,  0.        ,
         -0.28642175, -0.61527427],
        [-0.93405416, -0.90736376, -0.88750047, ...,  0.28642175,
          0.        , -0.36370649],
        [-0.99997516, -0.99810436, -0.99431719, ...,  0.61527427,
          0.36370649,  0.        ]],

       ...,

       [[ 0.        , -0.06109556, -0.2165956 , ...,  0.48175084,
          0.3395867 ,  0.33210902],
        [ 0.06109556,  0.        , -0.15654575, ...,  0.53438943,
          0.39641727,  0.38911644],
        [ 0.2165956 ,  0.15654575,  0.        , ...,  0.66011926,
          0.53524975,  0.52852707],
        ...,
        [-0.48175084, -0.53438943, -0.66011926, ...,  0.        ,
         -0.15554005, -0.16337728],
        [-0.3395867 , -0.39641727, -0.53524975, ...,  0.15554005,
          0.        , -0.00793875],
        [-0.33210902, -0.38911644, -0.52852707, ...,  0.16337728,
          0.00793875,  0.        ]],

       [[ 0.        , -0.02794871, -0.25976796, ...,  0.55261404,
          0.49138208,  0.25976796],
        [ 0.02794871,  0.        , -0.23267723, ...,  0.52910467,
          0.46684837,  0.23267723],
        [ 0.25976796,  0.23267723,  0.        , ...,  0.31714307,
          0.24827008,  0.        ],
        ...,
        [-0.55261404, -0.52910467, -0.31714307, ...,  0.        ,
          0.07175979,  0.31714307],
        [-0.49138208, -0.46684837, -0.24827008, ..., -0.07175979,
          0.        ,  0.24827008],
        [-0.25976796, -0.23267723, -0.        , ..., -0.31714307,
         -0.24827008,  0.        ]],

       [[ 0.        ,  0.02746841,  0.00527638, ..., -0.43319044,
         -0.28403549, -0.18787337],
        [-0.02746841,  0.        , -0.02219364, ..., -0.45778433,
         -0.31026541, -0.21478177],
        [-0.00527638,  0.02219364,  0.        , ..., -0.43794003,
         -0.28909061, -0.19305318],
        ...,
        [ 0.43319044,  0.45778433,  0.43794003, ...,  0.        ,
          0.15934709,  0.25614601],
        [ 0.28403549,  0.31026541,  0.28909061, ..., -0.15934709,
          0.        ,  0.09884217],
        [ 0.18787337,  0.21478177,  0.19305318, ..., -0.25614601,
         -0.09884217,  0.        ]]]), 'num': array([ 7.06842998e-01,  7.06842998e-01,  0.00000000e+00,  1.41803580e-04,
        1.43760991e-04,  1.39193698e-04,  2.73092164e-02, -1.73992123e-06,
        1.45718403e-04,  1.38900086e-04,  1.32263012e-04,  1.28486491e-06,
        1.60777596e-04,  1.17022577e-04])}
{'img': array([[[ 0.        , -0.04075934, -0.33571716, ...,  0.82842947,
          0.84689316,  0.8090807 ],
        [ 0.04075934,  0.        , -0.2970444 , ...,  0.85057008,
          0.8678637 ,  0.83236251],
        [ 0.33571716,  0.2970444 ,  0.        , ...,  0.96838274,
          0.97626388,  0.95942411],
        ...,
        [-0.82842947, -0.85057008, -0.96838274, ...,  0.        ,
          0.03381106, -0.03370523],
        [-0.84689316, -0.8678637 , -0.97626388, ..., -0.03381106,
          0.        , -0.06747781],
        [-0.8090807 , -0.83236251, -0.95942411, ...,  0.03370523,
          0.06747781,  0.        ]],

       [[ 0.        , -0.0608038 ,  0.22060505, ...,  0.51844227,
          0.33182044,  0.34122977],
        [ 0.0608038 ,  0.        ,  0.27950266, ...,  0.56947711,
          0.38856529,  0.39775275],
        [-0.22060505, -0.27950266,  0.        , ...,  0.31702735,
          0.11553932,  0.12545865],
        ...,
        [-0.51844227, -0.56947711, -0.31702735, ...,  0.        ,
         -0.20532481, -0.19553544],
        [-0.33182044, -0.38856529, -0.11553932, ...,  0.20532481,
          0.        ,  0.00999202],
        [-0.34122977, -0.39775275, -0.12545865, ...,  0.19553544,
         -0.00999202,  0.        ]],

       [[ 0.        , -0.04506185, -0.17569363, ...,  0.90736376,
          0.99810436,  0.96257622],
        [ 0.04506185,  0.        , -0.13115425, ...,  0.88750047,
          0.99431719,  0.97381069],
        [ 0.17569363,  0.13115425,  0.        , ...,  0.81939745,
          0.97176581,  0.99521817],
        ...,
        [-0.90736376, -0.88750047, -0.81939745, ...,  0.        ,
         -0.36370649, -0.65052101],
        [-0.99810436, -0.99431719, -0.97176581, ...,  0.36370649,
          0.        , -0.32973836],
        [-0.96257622, -0.97381069, -0.99521817, ...,  0.65052101,
          0.32973836,  0.        ]],

       ...,

       [[ 0.        , -0.15654575, -0.15654575, ...,  0.39641727,
          0.38911644,  0.34085148],
        [ 0.15654575,  0.        ,  0.        , ...,  0.53524975,
          0.52852707,  0.48382037],
        [ 0.15654575,  0.        ,  0.        , ...,  0.53524975,
          0.52852707,  0.48382037],
        ...,
        [-0.39641727, -0.53524975, -0.53524975, ...,  0.        ,
         -0.00793875, -0.059753  ],
        [-0.38911644, -0.52852707, -0.52852707, ...,  0.00793875,
          0.        , -0.05182656],
        [-0.34085148, -0.48382037, -0.48382037, ...,  0.059753  ,
          0.05182656,  0.        ]],

       [[ 0.        , -0.23214599,  0.00333735, ...,  0.49649373,
          0.36199372,  0.23214599],
        [ 0.23214599,  0.        ,  0.23539087, ...,  0.28141791,
          0.13570243,  0.        ],
        [-0.00333735, -0.23539087,  0.        , ...,  0.49938792,
          0.36510272,  0.23539087],
        ...,
        [-0.49649373, -0.28141791, -0.49938792, ...,  0.        ,
          0.14859664,  0.28141791],
        [-0.36199372, -0.13570243, -0.36510272, ..., -0.14859664,
          0.        ,  0.13570243],
        [-0.23214599, -0.        , -0.23539087, ..., -0.28141791,
         -0.13570243,  0.        ]],

       [[ 0.        , -0.02219364, -0.10997044, ..., -0.31026541,
         -0.21478177, -0.07577468],
        [ 0.02219364,  0.        , -0.08788432, ..., -0.28909061,
         -0.19305318, -0.05362619],
        [ 0.10997044,  0.08788432,  0.        , ..., -0.20384021,
         -0.10607513,  0.03433917],
        ...,
        [ 0.31026541,  0.28909061,  0.20384021, ...,  0.        ,
          0.09884217,  0.23733818],
        [ 0.21478177,  0.19305318,  0.10607513, ..., -0.09884217,
          0.        ,  0.14015801],
        [ 0.07577468,  0.05362619, -0.03433917, ..., -0.23733818,
         -0.14015801,  0.        ]]]), 'num': array([ 7.58910935e-01,  6.50847393e-01,  1.70178807e-05,  1.48847854e-04,
        1.51895133e-04,  1.48144636e-04,  2.12528482e-02, -3.98490319e-06,
        1.54473600e-04,  1.50113647e-04,  1.42870500e-04,  1.29448128e-06,
        1.73330690e-04,  1.26896604e-04])}
{'img': array([[[ 0.        , -0.2970444 , -0.60223438, ...,  0.8678637 ,
          0.83236251,  0.74488768],
        [ 0.2970444 ,  0.        , -0.33791545, ...,  0.97626388,
          0.95942411,  0.9094512 ],
        [ 0.60223438,  0.33791545,  0.        , ...,  0.99202384,
          0.9982684 ,  0.99646292],
        ...,
        [-0.8678637 , -0.97626388, -0.99202384, ...,  0.        ,
         -0.06747781, -0.20896792],
        [-0.83236251, -0.95942411, -0.9982684 , ...,  0.06747781,
          0.        , -0.14250357],
        [-0.74488768, -0.9094512 , -0.99646292, ...,  0.20896792,
          0.14250357,  0.        ]],

       [[ 0.        ,  0.27950266,  0.03503116, ...,  0.38856529,
          0.39775275,  0.32136534],
        [-0.27950266,  0.        , -0.24569612, ...,  0.11553932,
          0.12545865,  0.04388078],
        [-0.03503116,  0.24569612,  0.        , ...,  0.35604834,
          0.36536779,  0.28799515],
        ...,
        [-0.38856529, -0.11553932, -0.35604834, ...,  0.        ,
          0.00999202, -0.07184112],
        [-0.39775275, -0.12545865, -0.36536779, ..., -0.00999202,
          0.        , -0.08180373],
        [-0.32136534, -0.04388078, -0.28799515, ...,  0.07184112,
          0.08180373,  0.        ]],

       [[ 0.        , -0.13115425, -0.24015283, ...,  0.99431719,
          0.97381069,  0.93309042],
        [ 0.13115425,  0.        , -0.11076235, ...,  0.97176581,
          0.99521817,  0.97219892],
        [ 0.24015283,  0.11076235,  0.        , ...,  0.93965237,
          0.99991345,  0.99215263],
        ...,
        [-0.99431719, -0.97176581, -0.93965237, ...,  0.        ,
         -0.32973836, -0.45693313],
        [-0.97381069, -0.99521817, -0.99991345, ...,  0.32973836,
          0.        , -0.13807531],
        [-0.93309042, -0.97219892, -0.99215263, ...,  0.45693313,
          0.13807531,  0.        ]],

       ...,

       [[ 0.        ,  0.        ,  0.02960839, ...,  0.52852707,
          0.48382037,  0.37364371],
        [ 0.        ,  0.        ,  0.02960839, ...,  0.52852707,
          0.48382037,  0.37364371],
        [-0.02960839, -0.02960839,  0.        , ...,  0.5031603 ,
          0.45769595,  0.34601597],
        ...,
