state_0,state_1,state_2,state_3,state_4,state_5,state_6,state_7,state_8,state_9,state_10,state_11,state_12,state_13,state_14,state_15,state_16,state_17,state_18,state_19,state_20,state_21,state_22,state_23,state_24,state_25,state_26,state_27,state_28,state_29,state_30,state_31,state_32,state_33,state_34,state_35,state_36,state_37,state_38,state_39,state_40,state_41,state_42,state_43,state_44,state_45,state_46,state_47,state_48,state_49,state_50,state_51,state_52,state_53,state_54,state_55,state_56,state_57,state_58,state_59,state_60,state_61,state_62,state_63,state_64,state_65,state_66,state_67,state_68,state_69,state_70,state_71,state_72,state_73,state_74,state_75,state_76,state_77,state_78,state_79,state_80,state_81,state_82,state_83,state_84,state_85,state_86,state_87,state_88,state_89,state_90,state_91,state_92,state_93,state_94,state_95,state_96,state_97,state_98,state_99,state_100,state_101,state_102,state_103,state_104,state_105,state_106,state_107,state_108,state_109,state_110,state_111,state_112,state_113,state_114,state_115,state_116,state_117,state_118,state_119,state_120,state_121,state_122,state_123,state_124,state_125,state_126,state_127,state_128,state_129,state_130,state_131,state_132,state_133,state_134,state_135,state_136,state_137,state_138,state_139,state_140,state_141,state_142,state_143,state_144,state_145,state_146,state_147,state_148,state_149,state_150,state_151,state_152,state_153,state_154,state_155,state_156,state_157,state_158,state_159,state_160,state_161,state_162,state_163,state_164,state_165,state_166,state_167,state_168,state_169,state_170,state_171,state_172,state_173,state_174,state_175,state_176,state_177,state_178,state_179,state_180,state_181,state_182,state_183,state_184,state_185,state_186,state_187,state_188,state_189,state_190,state_191,state_192,state_193,state_194,state_195,state_196,state_197,state_198,state_199,state_200,state_201,state_202,state_203,state_204,state_205,state_206,state_207,state_208,state_209,state_210,state_211,state_212,state_213,state_214,state_215,state_216,state_217,state_218,state_219,state_220,state_221,state_222,state_223,state_224,state_225,state_226,state_227,state_228,state_229,state_230,state_231,state_232,state_233,state_234,state_235,state_236,state_237,state_238,state_239,state_240,state_241,state_242,state_243,state_244,state_245,state_246,state_247,state_248,state_249,state_250,state_251,state_252,state_253,state_254,state_255,state_256,state_257,state_258,state_259,state_260,state_261,state_262,state_263,state_264,state_265,state_266,state_267,state_268,state_269,state_270,state_271,state_272,state_273,state_274,state_275,state_276,state_277,state_278,state_279,state_280,state_281,state_282,state_283,state_284,state_285,state_286,state_287
{'img': array([[[ 0.        , -0.25302455, -0.21185803, ..., -0.9998312 ,
         -0.99677746, -0.98124267],
        [ 0.25302455,  0.        ,  0.04231686, ..., -0.97194536,
         -0.98463894, -0.90053567],
        [ 0.21185803, -0.04231686,  0.        , ..., -0.98102795,
         -0.99114559, -0.91812762],
        ...,
        [ 0.9998312 ,  0.97194536,  0.98102795, ...,  0.        ,
         -0.0618893 ,  0.21077242],
        [ 0.99677746,  0.98463894,  0.99114559, ...,  0.0618893 ,
          0.        ,  0.27086734],
        [ 0.98124267,  0.90053567,  0.91812762, ..., -0.21077242,
         -0.27086734,  0.        ]],

       [[ 0.        ,  0.75492807,  0.62712021, ..., -0.80698735,
         -0.67131555, -0.43443051],
        [-0.75492807,  0.        , -0.17676024, ..., -0.97506535,
         -0.99978513, -0.96487058],
        [-0.62712021,  0.17676024,  0.        , ..., -0.99893818,
         -0.98770651, -0.90323822],
        ...,
        [ 0.80698735,  0.97506535,  0.99893818, ...,  0.        ,
          0.20165819,  0.47029675],
        [ 0.67131555,  0.99978513,  0.98770651, ..., -0.20165819,
          0.        ,  0.28266992],
        [ 0.43443051,  0.96487058,  0.90323822, ..., -0.47029675,
         -0.28266992,  0.        ]],

       [[ 0.        , -0.58541407, -0.73509317, ..., -0.23600676,
         -0.        , -0.26851022],
        [ 0.58541407,  0.        , -0.19907447, ..., -0.76021576,
         -0.58541407, -0.7816063 ],
        [ 0.73509317,  0.19907447,  0.        , ..., -0.87433241,
         -0.73509317, -0.89013905],
        ...,
        [ 0.23600676,  0.76021576,  0.87433241, ...,  0.        ,
         -0.23600676,  0.03358533],
        [ 0.        ,  0.58541407,  0.73509317, ...,  0.23600676,
          0.        ,  0.26851022],
        [ 0.26851022,  0.7816063 ,  0.89013905, ..., -0.03358533,
         -0.26851022,  0.        ]],

       ...,

       [[ 0.        , -0.25451559, -0.2200257 , ..., -0.59744516,
         -0.55923606, -0.06230082],
        [ 0.25451559,  0.        ,  0.03549849, ..., -0.37367196,
         -0.32982409,  0.193772  ],
        [ 0.2200257 , -0.03549849,  0.        , ..., -0.40636345,
         -0.36312829,  0.1588242 ],
        ...,
        [ 0.59744516,  0.37367196,  0.40636345, ...,  0.        ,
          0.04683023,  0.54632493],
        [ 0.55923606,  0.32982409,  0.36312829, ..., -0.04683023,
          0.        ,  0.50650179],
        [ 0.06230082, -0.193772  , -0.1588242 , ..., -0.54632493,
         -0.50650179,  0.        ]],

       [[ 0.        , -0.42373761, -0.50819837, ..., -0.71972911,
         -0.59405332, -0.        ],
        [ 0.42373761,  0.        , -0.09537865, ..., -0.94610178,
         -0.87894999, -0.42373761],
        [ 0.50819837,  0.09537865,  0.        , ..., -0.97267879,
         -0.92043032, -0.50819837],
        ...,
        [ 0.71972911,  0.94610178,  0.97267879, ...,  0.        ,
         -0.16654409, -0.71972911],
        [ 0.59405332,  0.87894999,  0.92043032, ...,  0.16654409,
          0.        , -0.59405332],
        [ 0.        ,  0.42373761,  0.50819837, ...,  0.71972911,
          0.59405332,  0.        ]],

       [[ 0.        , -0.45316987, -0.62083356, ..., -0.35756625,
         -0.        , -0.01837209],
        [ 0.45316987,  0.        , -0.19816696, ..., -0.74195301,
         -0.45316987, -0.46947071],
        [ 0.62083356,  0.19816696,  0.        , ..., -0.86010022,
         -0.62083356, -0.63513143],
        ...,
        [ 0.35756625,  0.74195301,  0.86010022, ...,  0.        ,
         -0.35756625, -0.34034843],
        [ 0.        ,  0.45316987,  0.62083356, ...,  0.35756625,
          0.        ,  0.01837209],
        [ 0.01837209,  0.46947071,  0.63513143, ...,  0.34034843,
         -0.01837209,  0.        ]]]), 'num': array([ 7.68512073e-01,  6.39707590e-01,  2.12899973e-06,  4.66682911e-04,
        4.80567692e-04,  4.66682911e-04,  1.27081382e-02, -8.48514383e-06,
        4.66837186e-04,  4.93218270e-04,  5.24343320e-04,  2.36618623e-07,
        5.48809651e-04,  4.37626889e-04])}
{'img': array([[[ 0.        ,  0.04231686,  0.1749723 , ..., -0.98463894,
         -0.90053567, -0.96714483],
        [-0.04231686,  0.        ,  0.13315151, ..., -0.99114559,
         -0.91812762, -0.97703655],
        [-0.1749723 , -0.13315151,  0.        , ..., -0.99999993,
         -0.96271826, -0.99670754],
        ...,
        [ 0.98463894,  0.99114559,  0.99999993, ...,  0.        ,
          0.27086734,  0.08145464],
        [ 0.90053567,  0.91812762,  0.96271826, ..., -0.27086734,
          0.        , -0.19155766],
        [ 0.96714483,  0.97703655,  0.99670754, ..., -0.08145464,
          0.19155766,  0.        ]],

       [[ 0.        , -0.17676024, -0.98423543, ..., -0.99978513,
         -0.96487058, -0.82620723],
        [ 0.17676024,  0.        , -0.9374752 , ..., -0.98770651,
         -0.90323822, -0.91277849],
        [ 0.98423543,  0.9374752 ,  0.        , ..., -0.19722743,
          0.0879337 , -0.70061081],
        ...,
        [ 0.99978513,  0.98770651,  0.19722743, ...,  0.        ,
          0.28266992, -0.54611887],
        [ 0.96487058,  0.90323822, -0.0879337 , ..., -0.28266992,
          0.        , -0.76064141],
        [ 0.82620723,  0.91277849,  0.70061081, ...,  0.54611887,
          0.76064141,  0.        ]],

       [[ 0.        , -0.52133168, -0.60782402, ..., -0.        ,
         -0.28191843, -0.43556763],
        [ 0.52133168,  0.        , -0.10471437, ..., -0.52133168,
         -0.74076188, -0.84097329],
        [ 0.60782402,  0.10471437,  0.        , ..., -0.60782402,
         -0.80703315, -0.8930084 ],
        ...,
        [ 0.        ,  0.52133168,  0.60782402, ...,  0.        ,
          0.28191843,  0.43556763],
        [ 0.28191843,  0.74076188,  0.80703315, ..., -0.28191843,
          0.        ,  0.16412974],
        [ 0.43556763,  0.84097329,  0.8930084 , ..., -0.43556763,
         -0.16412974,  0.        ]],

       ...,

       [[ 0.        ,  0.03549849,  0.31104484, ..., -0.32982409,
          0.193772  , -0.06706099],
        [-0.03549849,  0.        ,  0.2771112 , ..., -0.36312829,
          0.1588242 , -0.1024373 ],
        [-0.31104484, -0.2771112 ,  0.        , ..., -0.60710276,
         -0.12098949, -0.37407908],
        ...,
        [ 0.32982409,  0.36312829,  0.60710276, ...,  0.        ,
          0.50650179,  0.2657732 ],
        [-0.193772  , -0.1588242 ,  0.12098949, ..., -0.50650179,
          0.        , -0.25912575],
        [ 0.06706099,  0.1024373 ,  0.37407908, ..., -0.2657732 ,
          0.25912575,  0.        ]],

       [[ 0.        , -0.28752476, -0.54187468, ..., -0.78364381,
         -0.59108815, -0.        ],
        [ 0.28752476,  0.        , -0.2773402 , ..., -0.92916641,
         -0.79804787, -0.28752476],
        [ 0.54187468,  0.2773402 ,  0.        , ..., -0.99523892,
         -0.93386543, -0.54187468],
        ...,
        [ 0.78364381,  0.92916641,  0.99523892, ...,  0.        ,
         -0.26490243, -0.78364381],
        [ 0.59108815,  0.79804787,  0.93386543, ...,  0.26490243,
          0.        , -0.59108815],
        [ 0.        ,  0.28752476,  0.54187468, ...,  0.78364381,
          0.59108815,  0.        ]],

       [[ 0.        , -0.46266151, -0.54727534, ..., -0.08099453,
         -0.08315807, -0.        ],
        [ 0.46266151,  0.        , -0.09795299, ..., -0.53294594,
         -0.53478156, -0.46266151],
        [ 0.54727534,  0.09795299,  0.        , ..., -0.61326588,
         -0.61497915, -0.54727534],
        ...,
        [ 0.08099453,  0.53294594,  0.61326588, ...,  0.        ,
          0.00217086, -0.08099453],
        [ 0.08315807,  0.53478156,  0.61497915, ..., -0.00217086,
          0.        , -0.08315807],
        [ 0.        ,  0.46266151,  0.54727534, ...,  0.08099453,
          0.08315807,  0.        ]]]), 'num': array([7.07018475e-01, 7.07018475e-01, 0.00000000e+00, 4.93041652e-04,
       4.99550453e-04, 4.88160052e-04, 1.57374258e-02, 8.13600086e-07,
       4.93367092e-04, 5.16554695e-04, 5.51770019e-04, 2.74792082e-07,
       5.72303580e-04, 4.60805810e-04])}
{'img': array([[[ 0.        ,  0.13315151,  0.        , ..., -0.91812762,
         -0.97703655, -0.9727716 ],
        [-0.13315151,  0.        , -0.13315151, ..., -0.96271826,
         -0.99670754, -0.99496972],
        [ 0.        ,  0.13315151,  0.        , ..., -0.91812762,
         -0.97703655, -0.9727716 ],
        ...,
        [ 0.91812762,  0.96271826,  0.91812762, ...,  0.        ,
         -0.19155766, -0.17270399],
        [ 0.97703655,  0.99670754,  0.97703655, ...,  0.19155766,
          0.        ,  0.01917353],
        [ 0.9727716 ,  0.99496972,  0.9727716 , ...,  0.17270399,
         -0.01917353,  0.        ]],

       [[ 0.        , -0.9374752 , -0.60301687, ..., -0.90323822,
         -0.91277849, -0.98723825],
        [ 0.9374752 ,  0.        ,  0.53796935, ...,  0.0879337 ,
         -0.70061081, -0.49290346],
        [ 0.60301687, -0.53796935,  0.        , ..., -0.46176045,
         -0.97445457, -0.8835786 ],
        ...,
        [ 0.90323822, -0.0879337 ,  0.46176045, ...,  0.        ,
         -0.76064141, -0.56750382],
        [ 0.91277849,  0.70061081,  0.97445457, ...,  0.76064141,
          0.        ,  0.25788214],
        [ 0.98723825,  0.49290346,  0.8835786 , ...,  0.56750382,
         -0.25788214,  0.        ]],

       [[ 0.        , -0.10973834, -0.27043805, ..., -0.72201477,
         -0.82615863, -0.84877369],
        [ 0.10973834,  0.        , -0.16315554, ..., -0.79357967,
         -0.88299976, -0.90167237],
        [ 0.27043805,  0.16315554,  0.        , ..., -0.88222064,
         -0.94774876, -0.96014198],
        ...,
        [ 0.72201477,  0.79357967,  0.88222064, ...,  0.        ,
          0.16479044,  0.20547768],
        [ 0.82615863,  0.88299976,  0.94774876, ..., -0.16479044,
          0.        ,  0.04139441],
        [ 0.84877369,  0.90167237,  0.96014198, ..., -0.20547768,
         -0.04139441,  0.        ]],

       ...,

       [[ 0.        ,  0.2771112 ,  0.24952253, ...,  0.1588242 ,
         -0.1024373 ,  0.04639998],
        [-0.2771112 ,  0.        , -0.0285952 , ..., -0.12098949,
         -0.37407908, -0.23222988],
        [-0.24952253,  0.0285952 ,  0.        , ..., -0.09255488,
         -0.34740701, -0.20432148],
        ...,
        [-0.1588242 ,  0.12098949,  0.09255488, ...,  0.        ,
         -0.25912575, -0.11284212],
        [ 0.1024373 ,  0.37407908,  0.34740701, ...,  0.25912575,
          0.        ,  0.14848285],
        [-0.04639998,  0.23222988,  0.20432148, ...,  0.11284212,
         -0.14848285,  0.        ]],

       [[ 0.        , -0.45906685, -0.58474762, ..., -0.73467607,
         -0.5062465 , -0.        ],
        [ 0.45906685,  0.        , -0.14708876, ..., -0.96412674,
         -0.84564438, -0.45906685],
        [ 0.58474762,  0.14708876,  0.        , ..., -0.9926838 ,
         -0.91495471, -0.58474762],
        ...,
        [ 0.73467607,  0.96412674,  0.9926838 , ...,  0.        ,
         -0.29012967, -0.73467607],
        [ 0.5062465 ,  0.84564438,  0.91495471, ...,  0.29012967,
          0.        , -0.5062465 ],
        [ 0.        ,  0.45906685,  0.58474762, ...,  0.73467607,
          0.5062465 ,  0.        ]],

       [[ 0.        , -0.31883004, -0.49321583, ..., -0.18871055,
         -0.16863592, -0.        ],
        [ 0.31883004,  0.        , -0.19012335, ..., -0.49196365,
         -0.47409902, -0.31883004],
        [ 0.49321583,  0.19012335,  0.        , ..., -0.64851472,
         -0.63284976, -0.49321583],
        ...,
        [ 0.18871055,  0.49196365,  0.64851472, ...,  0.        ,
         -0.02040192, -0.18871055],
        [ 0.16863592,  0.47409902,  0.63284976, ...,  0.02040192,
          0.        , -0.16863592],
        [ 0.        ,  0.31883004,  0.49321583, ...,  0.18871055,
          0.16863592,  0.        ]]]), 'num': array([ 7.06845443e-01,  7.06845443e-01,  0.00000000e+00,  4.69332360e-04,
        4.90480785e-04,  4.67705558e-04,  2.71482416e-02, -2.35886281e-05,
        4.88853983e-04,  5.11222510e-04,  5.49926840e-04,  2.38410629e-07,
        5.64056018e-04,  4.58389002e-04])}
{'img': array([[[ 0.        , -0.12850479, -0.29548909, ..., -0.98226603,
         -0.97916897, -0.7945927 ],
        [ 0.12850479,  0.        , -0.17027261, ..., -0.95002827,
         -0.94495804, -0.8660254 ],
        [ 0.29548909,  0.17027261,  0.        , ..., -0.88300204,
         -0.87544706, -0.93851513],
        ...,
        [ 0.98226603,  0.95002827,  0.88300204, ...,  0.        ,
          0.01585942, -0.74535599],
        [ 0.97916897,  0.94495804,  0.87544706, ..., -0.01585942,
          0.        , -0.7558352 ],
        [ 0.7945927 ,  0.8660254 ,  0.93851513, ...,  0.74535599,
          0.7558352 ,  0.        ]],

       [[ 0.        ,  0.53796935,  0.79232162, ..., -0.70061081,
         -0.49290346,  0.21465588],
        [-0.53796935,  0.        ,  0.33968186, ..., -0.97445457,
         -0.8835786 , -0.34448189],
        [-0.79232162, -0.33968186,  0.        , ..., -0.99280124,
         -0.99010856, -0.64289007],
        ...,
        [ 0.70061081,  0.97445457,  0.99280124, ...,  0.        ,
          0.25788214,  0.83744572],
        [ 0.49290346,  0.8835786 ,  0.99010856, ..., -0.25788214,
          0.        ,  0.6681824 ],
        [-0.21465588,  0.34448189,  0.64289007, ..., -0.83744572,
         -0.6681824 ,  0.        ]],

       [[ 0.        , -0.16315554, -0.2734199 , ..., -0.88299976,
         -0.90167237, -0.77929333],
        [ 0.16315554,  0.        , -0.11281772, ..., -0.94774876,
         -0.96014198, -0.87109402],
        [ 0.2734199 ,  0.11281772,  0.        , ..., -0.9776889 ,
         -0.98554614, -0.92093932],
        ...,
        [ 0.88299976,  0.94774876,  0.9776889 , ...,  0.        ,
          0.04139441, -0.18756044],
        [ 0.90167237,  0.96014198,  0.98554614, ..., -0.04139441,
          0.        , -0.22805947],
        [ 0.77929333,  0.87109402,  0.92093932, ...,  0.18756044,
          0.22805947,  0.        ]],

       ...,

       [[ 0.        , -0.0285952 , -0.74455154, ..., -0.37407908,
         -0.23222988, -0.43755071],
        [ 0.0285952 ,  0.        , -0.72515791, ..., -0.34740701,
         -0.20432148, -0.41165916],
        [ 0.74455154,  0.72515791,  0.        , ...,  0.44077262,
          0.56916765,  0.37740254],
        ...,
        [ 0.37407908,  0.34740701, -0.44077262, ...,  0.        ,
          0.14848285, -0.06941357],
        [ 0.23222988,  0.20432148, -0.56916765, ..., -0.14848285,
          0.        , -0.21676883],
        [ 0.43755071,  0.41165916, -0.37740254, ...,  0.06941357,
          0.21676883,  0.        ]],

       [[ 0.        , -0.37991756, -0.4558151 , ..., -0.71342218,
         -0.55114231, -0.        ],
        [ 0.37991756,  0.        , -0.08348331, ..., -0.92615136,
         -0.82682534, -0.37991756],
        [ 0.4558151 ,  0.08348331,  0.        , ..., -0.95440423,
         -0.87089496, -0.4558151 ],
        ...,
        [ 0.71342218,  0.92615136,  0.95440423, ...,  0.        ,
         -0.20908309, -0.71342218],
        [ 0.55114231,  0.82682534,  0.87089496, ...,  0.20908309,
          0.        , -0.55114231],
        [ 0.        ,  0.37991756,  0.4558151 , ...,  0.71342218,
          0.55114231,  0.        ]],

       [[ 0.        , -0.38786149, -0.5925205 , ..., -0.33319779,
         -0.28926876, -0.        ],
        [ 0.38786149,  0.        , -0.2336927 , ..., -0.6728122 ,
         -0.63790374, -0.38786149],
        [ 0.5925205 ,  0.2336927 ,  0.        , ..., -0.82707134,
         -0.80021102, -0.5925205 ],
        ...,
        [ 0.33319779,  0.6728122 ,  0.82707134, ...,  0.        ,
         -0.04621383, -0.33319779],
        [ 0.28926876,  0.63790374,  0.80021102, ...,  0.04621383,
          0.        , -0.28926876],
        [ 0.        ,  0.38786149,  0.5925205 , ...,  0.33319779,
          0.28926876,  0.        ]]]), 'num': array([7.06837519e-01, 7.06837519e-01, 0.00000000e+00, 4.74207450e-04,
       4.75834233e-04, 4.61193180e-04, 2.75584236e-02, 4.88035111e-06,
       4.85920292e-04, 5.06865132e-04, 5.48171882e-04, 2.14306835e-07,
       5.56755369e-04, 4.56974896e-04])}
{'img': array([[[ 0.        , -0.17027261,  0.31880014, ..., -0.94495804,
         -0.8660254 , -0.98974332],
        [ 0.17027261,  0.        ,  0.47553282, ..., -0.87544706,
         -0.93851513, -0.99961475],
        [-0.31880014, -0.47553282,  0.        , ..., -0.99996069,
         -0.66143783, -0.89255758],
        ...,
        [ 0.94495804,  0.87544706,  0.99996069, ...,  0.        ,
         -0.7558352 , -0.45882964],
        [ 0.8660254 ,  0.93851513,  0.66143783, ...,  0.7558352 ,
          0.        ,  0.37115374],
        [ 0.98974332,  0.99961475,  0.89255758, ...,  0.45882964,
         -0.37115374,  0.        ]],

       [[ 0.        ,  0.33968186,  0.31533125, ..., -0.8835786 ,
         -0.34448189, -0.32383821],
        [-0.33968186,  0.        , -0.02577008, ..., -0.99010856,
         -0.64289007, -0.62596016],
        [-0.31533125,  0.02577008,  0.        , ..., -0.98616412,
         -0.62293775, -0.60565535],
        ...,
        [ 0.8835786 ,  0.99010856,  0.98616412, ...,  0.        ,
          0.6681824 ,  0.68431684],
        [ 0.34448189,  0.64289007,  0.62293775, ..., -0.6681824 ,
          0.        ,  0.02190158],
        [ 0.32383821,  0.62596016,  0.60565535, ..., -0.68431684,
         -0.02190158,  0.        ]],

       [[ 0.        , -0.11207981, -0.01306358, ..., -0.96982925,
         -0.90238475, -0.70969395],
        [ 0.11207981,  0.        ,  0.09908898, ..., -0.99104196,
         -0.94499771, -0.78418368],
        [ 0.01306358, -0.09908898,  0.        , ..., -0.9729312 ,
         -0.90793725, -0.71883682],
        ...,
        [ 0.96982925,  0.99104196,  0.9729312 , ...,  0.        ,
         -0.19794169, -0.51024161],
        [ 0.90238475,  0.94499771,  0.90793725, ...,  0.19794169,
          0.        , -0.32990985],
        [ 0.70969395,  0.78418368,  0.71883682, ...,  0.51024161,
          0.32990985,  0.        ]],

       ...,

       [[ 0.        , -0.72515791, -0.04270168, ..., -0.20432148,
         -0.41165916, -0.55456233],
        [ 0.72515791,  0.        ,  0.69509284, ...,  0.56916765,
          0.37740254,  0.22157252],
        [ 0.04270168, -0.69509284,  0.        , ..., -0.16233428,
         -0.37236801, -0.51852263],
        ...,
        [ 0.20432148, -0.56916765,  0.16233428, ...,  0.        ,
         -0.21676883, -0.37283867],
        [ 0.41165916, -0.37740254,  0.37236801, ...,  0.21676883,
          0.        , -0.16283471],
        [ 0.55456233, -0.22157252,  0.51852263, ...,  0.37283867,
          0.16283471,  0.        ]],

       [[ 0.        , -0.25741464, -0.33177028, ..., -0.71740785,
         -0.51642274, -0.        ],
        [ 0.25741464,  0.        , -0.07775524, ..., -0.87256074,
         -0.71945269, -0.25741464],
        [ 0.33177028,  0.07775524,  0.        , ..., -0.90790291,
         -0.77127876, -0.33177028],
        ...,
        [ 0.71740785,  0.87256074,  0.90790291, ...,  0.        ,
         -0.25457291, -0.71740785],
        [ 0.51642274,  0.71945269,  0.77127876, ...,  0.25457291,
          0.        , -0.51642274],
        [ 0.        ,  0.25741464,  0.33177028, ...,  0.71740785,
          0.51642274,  0.        ]],

       [[ 0.        , -0.47362166, -0.52890564, ..., -0.36942725,
         -0.23014616, -0.        ],
        [ 0.47362166,  0.        , -0.06386868, ..., -0.76548258,
         -0.66360406, -0.47362166],
        [ 0.52890564,  0.06386868,  0.        , ..., -0.80501643,
         -0.71002833, -0.52890564],
        ...,
        [ 0.36942725,  0.76548258,  0.80501643, ...,  0.        ,
         -0.14564483, -0.36942725],
        [ 0.23014616,  0.66360406,  0.71002833, ...,  0.14564483,
          0.        , -0.23014616],
        [ 0.        ,  0.47362166,  0.52890564, ...,  0.36942725,
          0.23014616,  0.        ]]]), 'num': array([7.06985087e-01, 7.06985087e-01, 0.00000000e+00, 4.77560698e-04,
       4.85696314e-04, 4.75120013e-04, 1.84983584e-02, 3.25424666e-06,
       4.81303081e-04, 5.03106534e-04, 5.46713439e-04, 2.38115609e-07,
       5.49419277e-04, 4.56793790e-04])}
{'img': array([[[ 0.        ,  0.47553282,  0.17027261, ..., -0.93851513,
         -0.99961475, -0.99015551],
        [-0.47553282,  0.        , -0.31880014, ..., -0.66143783,
         -0.89255758, -0.93759892],
        [-0.17027261,  0.31880014,  0.        , ..., -0.8660254 ,
         -0.98974332, -0.9995296 ],
        ...,
        [ 0.93851513,  0.66143783,  0.8660254 , ...,  0.        ,
          0.37115374,  0.47320493],
        [ 0.99961475,  0.89255758,  0.98974332, ..., -0.37115374,
          0.        ,  0.1124358 ],
        [ 0.99015551,  0.93759892,  0.9995296 , ..., -0.47320493,
         -0.1124358 ,  0.        ]],

       [[ 0.        , -0.02577008, -0.50647879, ..., -0.64289007,
         -0.62596016, -0.93654326],
        [ 0.02577008,  0.        , -0.48409027, ..., -0.62293775,
         -0.60565535, -0.92719848],
        [ 0.50647879,  0.48409027,  0.        , ..., -0.1663918 ,
         -0.14475563, -0.62998953],
        ...,
        [ 0.64289007,  0.62293775,  0.1663918 , ...,  0.        ,
          0.02190158, -0.49198682],
        [ 0.62596016,  0.60565535,  0.14475563, ..., -0.02190158,
          0.        , -0.51093638],
        [ 0.93654326,  0.92719848,  0.62998953, ...,  0.49198682,
          0.51093638,  0.        ]],

       [[ 0.        ,  0.09650714,  0.09650714, ..., -0.9879832 ,
         -0.96324777, -0.77094249],
        [-0.09650714,  0.        ,  0.        , ..., -0.96845532,
         -0.93282839, -0.7058781 ],
        [-0.09650714,  0.        ,  0.        , ..., -0.96845532,
         -0.93282839, -0.7058781 ],
        ...,
        [ 0.9879832 ,  0.96845532,  0.96845532, ...,  0.        ,
         -0.11650579, -0.51009335],
        [ 0.96324777,  0.93282839,  0.93282839, ...,  0.11650579,
          0.        , -0.40641077],
        [ 0.77094249,  0.7058781 ,  0.7058781 , ...,  0.51009335,
          0.40641077,  0.        ]],

       ...,

       [[ 0.        ,  0.69509284,  0.45672726, ...,  0.37740254,
          0.22157252,  0.37537433],
        [-0.69509284,  0.        , -0.29000894, ..., -0.37236801,
         -0.51852263, -0.37439889],
        [-0.45672726,  0.29000894,  0.        , ..., -0.0872121 ,
         -0.24826238, -0.08939275],
        ...,
        [-0.37740254,  0.37236801,  0.0872121 , ...,  0.        ,
         -0.16283471, -0.0021892 ],
        [-0.22157252,  0.51852263,  0.24826238, ...,  0.16283471,
          0.        ,  0.16067434],
        [-0.37537433,  0.37439889,  0.08939275, ...,  0.0021892 ,
         -0.16067434,  0.        ]],

       [[ 0.        , -0.20725712, -0.2972042 , ..., -0.68861886,
         -0.50842966, -0.        ],
        [ 0.20725712,  0.        , -0.09285888, ..., -0.82395354,
         -0.67585971, -0.20725712],
        [ 0.2972042 ,  0.09285888,  0.        , ..., -0.87301263,
         -0.74137931, -0.2972042 ],
        ...,
        [ 0.68861886,  0.82395354,  0.87301263, ...,  0.        ,
         -0.22429784, -0.68861886],
        [ 0.50842966,  0.67585971,  0.74137931, ...,  0.22429784,
          0.        , -0.50842966],
        [ 0.        ,  0.20725712,  0.2972042 , ...,  0.68861886,
          0.50842966,  0.        ]],

       [[ 0.        , -0.25848596, -0.45680746, ..., -0.25873621,
         -0.10554426, -0.        ],
        [ 0.25848596,  0.        , -0.21134264, ..., -0.49962707,
         -0.35899956, -0.25848596],
        [ 0.45680746,  0.21134264,  0.        , ..., -0.67141509,
         -0.54814455, -0.45680746],
        ...,
        [ 0.25873621,  0.49962707,  0.67141509, ...,  0.        ,
         -0.15534079, -0.25873621],
        [ 0.10554426,  0.35899956,  0.54814455, ...,  0.15534079,
          0.        , -0.10554426],
        [ 0.        ,  0.25848596,  0.45680746, ...,  0.25873621,
          0.10554426,  0.        ]]]), 'num': array([7.16818083e-01, 6.96801312e-01, 3.38121119e-07, 4.88213908e-04,
       4.98934821e-04, 4.75018937e-04, 2.52534582e-02, 4.12342828e-06,
       4.85739851e-04, 5.07181678e-04, 5.52841774e-04, 3.31123786e-07,
       5.52258124e-04, 4.62105232e-04])}
{'img': array([[[ 0.        , -0.31880014, -0.39415757, ..., -0.89255758,
         -0.93759892, -0.97105749],
        [ 0.31880014,  0.        , -0.08060021, ..., -0.98974332,
         -0.9995296 , -0.99653371],
        [ 0.39415757,  0.08060021,  0.        , ..., -0.99803751,
         -0.99874955, -0.98658638],
        ...,
        [ 0.89255758,  0.98974332,  0.99803751, ...,  0.        ,
          0.1124358 ,  0.22469859],
        [ 0.93759892,  0.9995296 ,  0.99874955, ..., -0.1124358 ,
          0.        ,  0.11371315],
        [ 0.97105749,  0.99653371,  0.98658638, ..., -0.22469859,
         -0.11371315,  0.        ]],

       [[ 0.        , -0.48409027, -0.94013094, ..., -0.60565535,
         -0.92719848, -0.71336566],
        [ 0.48409027,  0.        , -0.65764707, ..., -0.14475563,
         -0.62998953, -0.28496125],
        [ 0.94013094,  0.65764707,  0.        , ...,  0.54167215,
          0.03614349,  0.41571162],
        ...,
        [ 0.60565535,  0.14475563, -0.54167215, ...,  0.        ,
         -0.51093638, -0.14320595],
        [ 0.92719848,  0.62998953, -0.03614349, ...,  0.51093638,
          0.        ,  0.38256762],
        [ 0.71336566,  0.28496125, -0.41571162, ...,  0.14320595,
         -0.38256762,  0.        ]],

       [[ 0.        ,  0.        , -0.06066277, ..., -0.95692746,
         -0.86851095, -0.70027966],
        [ 0.        ,  0.        , -0.06066277, ..., -0.95692746,
         -0.86851095, -0.70027966],
        [ 0.06066277,  0.06066277,  0.        , ..., -0.97277715,
         -0.89698014, -0.74229521],
        ...,
        [ 0.95692746,  0.95692746,  0.97277715, ...,  0.        ,
         -0.22216792, -0.47981029],
        [ 0.86851095,  0.86851095,  0.89698014, ...,  0.22216792,
          0.        , -0.2728951 ],
        [ 0.70027966,  0.70027966,  0.74229521, ...,  0.47981029,
          0.2728951 ,  0.        ]],

       ...,

       [[ 0.        , -0.29000894, -0.46765839, ..., -0.51852263,
         -0.37439889,  0.12220043],
        [ 0.29000894,  0.        , -0.19121868, ..., -0.24826238,
         -0.08939275,  0.4047842 ],
        [ 0.46765839,  0.19121868,  0.        , ..., -0.05844915,
          0.10270989,  0.5721676 ],
        ...,
        [ 0.51852263,  0.24826238,  0.05844915, ...,  0.        ,
          0.16067434,  0.61912571],
        [ 0.37439889,  0.08939275, -0.10270989, ..., -0.16067434,
          0.        ,  0.48490545],
        [-0.12220043, -0.4047842 , -0.5721676 , ..., -0.61912571,
         -0.48490545,  0.        ]],

       [[ 0.        , -0.21205541, -0.31553362, ..., -0.62306711,
         -0.39947539, -0.        ],
        [ 0.21205541,  0.        , -0.10713521, ..., -0.77476013,
         -0.58479089, -0.21205541],
        [ 0.31553362,  0.10713521,  0.        , ..., -0.83803777,
         -0.66833148, -0.31553362],
        ...,
        [ 0.62306711,  0.77476013,  0.83803777, ...,  0.        ,
         -0.25873596, -0.62306711],
        [ 0.39947539,  0.58479089,  0.66833148, ...,  0.25873596,
          0.        , -0.39947539],
        [ 0.        ,  0.21205541,  0.31553362, ...,  0.62306711,
          0.39947539,  0.        ]],

       [[ 0.        , -0.38489899, -0.54159684, ..., -0.21952248,
         -0.19281016, -0.        ],
        [ 0.38489899,  0.        , -0.17631066, ..., -0.5781205 ,
         -0.55563259, -0.38489899],
        [ 0.54159684,  0.17631066,  0.        , ..., -0.71292493,
         -0.69351798, -0.54159684],
        ...,
        [ 0.21952248,  0.5781205 ,  0.71292493, ...,  0.        ,
         -0.02729635, -0.21952248],
        [ 0.19281016,  0.55563259,  0.69351798, ...,  0.02729635,
          0.        , -0.19281016],
        [ 0.        ,  0.38489899,  0.54159684, ...,  0.21952248,
          0.19281016,  0.        ]]]), 'num': array([7.59860016e-01, 6.48684299e-01, 1.74804587e-06, 5.50374839e-04,
       5.52105578e-04, 5.14029331e-04, 4.26510732e-02, 3.80762467e-05,
       5.14894700e-04, 5.30817494e-04, 5.78845487e-04, 4.67903138e-07,
       5.74118482e-04, 4.87516506e-04])}
{'img': array([[[ 0.        , -0.08060021,  0.01380142, ..., -0.9995296 ,
         -0.99653371, -0.73508801],
        [ 0.08060021,  0.        ,  0.09434905, ..., -0.99874955,
         -0.98658638, -0.67805175],
        [-0.01380142, -0.09434905,  0.        , ..., -0.99901113,
         -0.99758694, -0.74437497],
        ...,
        [ 0.9995296 ,  0.99874955,  0.99901113, ...,  0.        ,
          0.11371315,  0.70019697],
        [ 0.99653371,  0.98658638,  0.99758694, ..., -0.11371315,
          0.        ,  0.61446976],
        [ 0.73508801,  0.67805175,  0.74437497, ..., -0.70019697,
         -0.61446976,  0.        ]],

       [[ 0.        , -0.65764707, -0.46278828, ..., -0.62998953,
         -0.28496125,  0.5032516 ],
        [ 0.65764707,  0.        ,  0.23435311, ...,  0.03614349,
          0.41571162,  0.9474117 ],
        [ 0.46278828, -0.23435311,  0.        , ..., -0.19906303,
          0.19099137,  0.8460307 ],
        ...,
        [ 0.62998953, -0.03614349,  0.19906303, ...,  0.        ,
          0.38256762,  0.93522613],
        [ 0.28496125, -0.41571162, -0.19099137, ..., -0.38256762,
          0.        ,  0.7286327 ],
        [-0.5032516 , -0.9474117 , -0.8460307 , ..., -0.93522613,
         -0.7286327 ,  0.        ]],

       [[ 0.        , -0.06066277, -0.05672919, ..., -0.86851095,
         -0.70027966, -0.93111356],
        [ 0.06066277,  0.        ,  0.00394036, ..., -0.89698014,
         -0.74229521, -0.95152424],
        [ 0.05672919, -0.00394036,  0.        , ..., -0.89523126,
         -0.73964912, -0.9503049 ],
        ...,
        [ 0.86851095,  0.89698014,  0.89523126, ...,  0.        ,
         -0.2728951 ,  0.14475357],
        [ 0.70027966,  0.74229521,  0.73964912, ...,  0.2728951 ,
          0.        ,  0.40928017],
        [ 0.93111356,  0.95152424,  0.9503049 , ..., -0.14475357,
         -0.40928017,  0.        ]],

       ...,

       [[ 0.        , -0.19121868, -0.11488862, ..., -0.08939275,
          0.4047842 ,  0.86882493],
        [ 0.19121868,  0.        ,  0.07718387, ...,  0.10270989,
          0.5721676 ,  0.94746899],
        [ 0.11488862, -0.07718387,  0.        , ...,  0.02562783,
          0.50715943,  0.91995549],
        ...,
        [ 0.08939275, -0.10270989, -0.02562783, ...,  0.        ,
          0.48490545,  0.90960664],
        [-0.4047842 , -0.5721676 , -0.50715943, ..., -0.48490545,
          0.        ,  0.59404764],
        [-0.86882493, -0.94746899, -0.91995549, ..., -0.90960664,
         -0.59404764,  0.        ]],

       [[ 0.        , -0.23249554, -0.29383188, ..., -0.55606324,
         -0.41100562, -0.        ],
        [ 0.23249554,  0.        , -0.06354762, ..., -0.73406204,
         -0.61169359, -0.23249554],
        [ 0.29383188,  0.06354762,  0.        , ..., -0.77573243,
         -0.66072943, -0.29383188],
        ...,
        [ 0.55606324,  0.73406204,  0.77573243, ...,  0.        ,
         -0.16532229, -0.55606324],
        [ 0.41100562,  0.61169359,  0.66072943, ...,  0.16532229,
          0.        , -0.41100562],
        [ 0.        ,  0.23249554,  0.29383188, ...,  0.55606324,
          0.41100562,  0.        ]],

       [[ 0.        , -0.40485345, -0.52072045, ..., -0.19659729,
         -0.        , -0.31839249],
        [ 0.40485345,  0.        , -0.13050277, ..., -0.5767174 ,
         -0.40485345, -0.6749167 ],
        [ 0.52072045,  0.13050277,  0.        , ..., -0.6783987 ,
         -0.52072045, -0.76544197],
        ...,
        [ 0.19659729,  0.5767174 ,  0.6783987 , ...,  0.        ,
         -0.19659729,  0.12581269],
        [ 0.        ,  0.40485345,  0.52072045, ...,  0.19659729,
          0.        ,  0.31839249],
        [ 0.31839249,  0.6749167 ,  0.76544197, ..., -0.12581269,
         -0.31839249,  0.        ]]]), 'num': array([7.44290887e-01, 6.65902690e-01, 1.20043180e-06, 5.52029553e-04,
       5.54565676e-04, 5.41039684e-04, 5.10135497e-02, 1.43713666e-05,
       5.15847524e-04, 5.18468185e-04, 5.64766528e-04, 5.22422448e-07,
       5.60493077e-04, 4.76443292e-04])}
{'img': array([[[ 0.        ,  0.09434905, -0.1278678 , ..., -0.98658638,
         -0.67805175, -0.51267174],
        [-0.09434905,  0.        , -0.22087197, ..., -0.99758694,
         -0.74437497, -0.59139145],
        [ 0.1278678 ,  0.22087197,  0.        , ..., -0.95761456,
         -0.57850113, -0.39867799],
        ...,
        [ 0.98658638,  0.99758694,  0.95761456, ...,  0.        ,
          0.61446976,  0.76337941],
        [ 0.67805175,  0.74437497,  0.57850113, ..., -0.61446976,
          0.        ,  0.20534387],
        [ 0.51267174,  0.59139145,  0.39867799, ..., -0.76337941,
         -0.20534387,  0.        ]],

       [[ 0.        ,  0.23435311,  0.32486615, ...,  0.41571162,
          0.9474117 ,  0.92792722],
        [-0.23435311,  0.        ,  0.09417734, ...,  0.19099137,
          0.8460307 ,  0.98944367],
        [-0.32486615, -0.09417734,  0.        , ...,  0.0976988 ,
          0.7920613 ,  0.99869402],
        ...,
        [-0.41571162, -0.19099137, -0.0976988 , ...,  0.        ,
          0.7286327 ,  0.99890779],
        [-0.9474117 , -0.8460307 , -0.7920613 , ..., -0.7286327 ,
          0.        ,  0.65011129],
        [-0.92792722, -0.98944367, -0.99869402, ..., -0.99890779,
         -0.65011129,  0.        ]],

       [[ 0.        ,  0.00394036, -0.00783897, ..., -0.74229521,
         -0.95152424, -0.99724147],
        [-0.00394036,  0.        , -0.01177914, ..., -0.73964912,
         -0.9503049 , -0.9975262 ],
        [ 0.00783897,  0.01177914,  0.        , ..., -0.74752509,
         -0.95390607, -0.99662898],
        ...,
        [ 0.74229521,  0.73964912,  0.74752509, ...,  0.        ,
          0.40928017,  0.72332194],
        [ 0.95152424,  0.9503049 ,  0.95390607, ..., -0.40928017,
          0.        ,  0.37735284],
        [ 0.99724147,  0.9975262 ,  0.99662898, ..., -0.72332194,
         -0.37735284,  0.        ]],

       ...,

       [[ 0.        ,  0.07718387,  0.1298769 , ...,  0.5721676 ,
          0.94746899,  0.98594706],
        [-0.07718387,  0.        ,  0.05295934, ...,  0.50715943,
          0.91995549,  0.99590004],
        [-0.1298769 , -0.05295934,  0.        , ...,  0.46080459,
          0.89790322,  0.99929319],
        ...,
        [-0.5721676 , -0.50715943, -0.46080459, ...,  0.        ,
          0.59404764,  0.90419661],
        [-0.94746899, -0.91995549, -0.89790322, ..., -0.59404764,
          0.        ,  0.4736352 ],
        [-0.98594706, -0.99590004, -0.99929319, ..., -0.90419661,
         -0.4736352 ,  0.        ]],

       [[ 0.        , -0.18318203, -0.18201007, ..., -0.42634028,
         -0.11043263, -0.        ],
        [ 0.18318203,  0.        ,  0.001192  , ..., -0.58482585,
         -0.29062562, -0.18318203],
        [ 0.18201007, -0.001192  ,  0.        , ..., -0.58385853,
         -0.28948486, -0.18201007],
        ...,
        [ 0.42634028,  0.58482585,  0.58385853, ...,  0.        ,
         -0.32383936, -0.42634028],
        [ 0.11043263,  0.29062562,  0.28948486, ...,  0.32383936,
          0.        , -0.11043263],
        [ 0.        ,  0.18318203,  0.18201007, ...,  0.42634028,
          0.11043263,  0.        ]],

       [[ 0.        , -0.13760295, -0.30787582, ..., -0.37933373,
         -0.65488985, -0.66394678],
        [ 0.13760295,  0.        , -0.17402805, ..., -0.5030438 ,
         -0.75265009, -0.76052767],
        [ 0.30787582,  0.17402805,  0.        , ..., -0.64577334,
         -0.85574884, -0.86191992],
        ...,
        [ 0.37933373,  0.5030438 ,  0.64577334, ...,  0.        ,
          0.3192716 ,  0.33066523],
        [ 0.65488985,  0.75265009,  0.85574884, ..., -0.3192716 ,
          0.        ,  0.01204732],
        [ 0.66394678,  0.76052767,  0.86191992, ..., -0.33066523,
         -0.01204732,  0.        ]]]), 'num': array([ 7.40017482e-01,  6.72146682e-01,  1.04256221e-06,  5.47345159e-04,
        5.54071367e-04,  5.39778175e-04,  2.43037982e-02, -1.68155195e-06,
        5.24476052e-04,  5.15731982e-04,  5.61049807e-04,  5.37705565e-07,
        5.57775489e-04,  4.73688476e-04])}
{'img': array([[[ 0.        , -0.22087197,  0.05638059, ..., -0.74437497,
         -0.59139145, -0.6105313 ],
        [ 0.22087197,  0.        ,  0.27550879, ..., -0.57850113,
         -0.39867799, -0.42052404],
        [-0.05638059, -0.27550879,  0.        , ..., -0.78083974,
         -0.6359152 , -0.65421315],
        ...,
        [ 0.74437497,  0.57850113,  0.78083974, ...,  0.        ,
          0.20534387,  0.1818496 ],
        [ 0.59139145,  0.39867799,  0.6359152 , ..., -0.20534387,
          0.        , -0.02394568],
        [ 0.6105313 ,  0.42052404,  0.65421315, ..., -0.1818496 ,
          0.02394568,  0.        ]],

       [[ 0.        ,  0.09417734,  0.01761353, ...,  0.8460307 ,
          0.98944367,  0.11342182],
