state_0,state_1,state_2,state_3,state_4,state_5,state_6,state_7,state_8,state_9,state_10,state_11,state_12,state_13,state_14,state_15,state_16,state_17,state_18,state_19,state_20,state_21,state_22,state_23,state_24,state_25,state_26,state_27,state_28,state_29,state_30,state_31,state_32,state_33,state_34,state_35,state_36,state_37,state_38,state_39,state_40,state_41,state_42,state_43,state_44,state_45,state_46,state_47,state_48,state_49,state_50,state_51,state_52,state_53,state_54,state_55,state_56,state_57,state_58,state_59,state_60,state_61,state_62,state_63,state_64,state_65,state_66,state_67,state_68,state_69,state_70,state_71,state_72,state_73,state_74,state_75,state_76,state_77,state_78,state_79,state_80,state_81,state_82,state_83,state_84,state_85,state_86,state_87,state_88,state_89,state_90,state_91,state_92,state_93,state_94,state_95,state_96,state_97,state_98,state_99,state_100,state_101,state_102,state_103,state_104,state_105,state_106,state_107,state_108,state_109,state_110,state_111,state_112,state_113,state_114,state_115,state_116,state_117,state_118,state_119,state_120,state_121,state_122,state_123,state_124,state_125,state_126,state_127,state_128,state_129,state_130,state_131,state_132,state_133,state_134,state_135,state_136,state_137,state_138,state_139,state_140,state_141,state_142,state_143,state_144,state_145,state_146,state_147,state_148,state_149,state_150,state_151,state_152,state_153,state_154,state_155,state_156,state_157,state_158,state_159,state_160,state_161,state_162,state_163,state_164,state_165,state_166,state_167,state_168,state_169,state_170,state_171,state_172,state_173,state_174,state_175,state_176,state_177,state_178,state_179,state_180,state_181,state_182,state_183,state_184,state_185,state_186,state_187,state_188,state_189,state_190,state_191,state_192,state_193,state_194,state_195,state_196,state_197,state_198,state_199,state_200,state_201,state_202,state_203,state_204,state_205,state_206,state_207,state_208,state_209,state_210,state_211,state_212,state_213,state_214,state_215,state_216,state_217,state_218,state_219,state_220,state_221,state_222,state_223,state_224,state_225,state_226,state_227,state_228,state_229,state_230,state_231,state_232,state_233,state_234,state_235,state_236,state_237,state_238,state_239,state_240,state_241,state_242,state_243,state_244,state_245,state_246,state_247,state_248,state_249,state_250,state_251,state_252,state_253,state_254,state_255,state_256,state_257,state_258,state_259,state_260,state_261,state_262,state_263,state_264,state_265,state_266,state_267,state_268,state_269,state_270,state_271,state_272,state_273,state_274,state_275,state_276,state_277,state_278,state_279,state_280,state_281,state_282,state_283,state_284,state_285,state_286,state_287
{'img': array([[[ 0.        , -0.70405977, -0.99911131, ..., -0.96065934,
         -0.77607404, -0.89436029],
        [ 0.70405977,  0.        , -0.73918552, ..., -0.48666521,
         -0.10711225, -0.32016237],
        [ 0.99911131,  0.73918552,  0.        , ...,  0.31797408,
          0.66279263,  0.48464682],
        ...,
        [ 0.96065934,  0.48666521, -0.31797408, ...,  0.        ,
          0.39029335,  0.18135827],
        [ 0.77607404,  0.10711225, -0.66279263, ..., -0.39029335,
          0.        , -0.2168463 ],
        [ 0.89436029,  0.32016237, -0.48464682, ..., -0.18135827,
          0.2168463 ,  0.        ]],

       [[ 0.        , -0.10603199,  0.64315741, ..., -0.15626492,
          0.0020089 , -0.08762957],
        [ 0.10603199,  0.        ,  0.55833945, ..., -0.05065461,
          0.10802935,  0.01848852],
        [-0.64315741, -0.55833945,  0.        , ..., -0.51559898,
         -0.64469439, -0.57358233],
        ...,
        [ 0.15626492,  0.05065461,  0.51559898, ...,  0.        ,
          0.15824882,  0.06911074],
        [-0.0020089 , -0.10802935,  0.64469439, ..., -0.15824882,
          0.        , -0.08963056],
        [ 0.08762957, -0.01848852,  0.57358233, ..., -0.06911074,
          0.08963056,  0.        ]],

       [[ 0.        , -0.60861712, -0.89901955, ..., -0.9797959 ,
         -0.99638374, -0.99882968],
        [ 0.60861712,  0.        , -0.44682109, ..., -0.89915625,
         -0.84230724, -0.82197183],
        [ 0.89901955,  0.44682109,  0.        , ..., -0.60886486,
         -0.51271219, -0.48087799],
        ...,
        [ 0.9797959 ,  0.89915625,  0.60886486, ...,  0.        ,
          0.11602612,  0.15237711],
        [ 0.99638374,  0.84230724,  0.51271219, ..., -0.11602612,
          0.        ,  0.03667677],
        [ 0.99882968,  0.82197183,  0.48087799, ..., -0.15237711,
         -0.03667677,  0.        ]],

       ...,

       [[ 0.        , -0.19227075, -0.79203358, ...,  0.93761199,
          0.79203358,  0.9685362 ],
        [ 0.19227075,  0.        , -0.65987878, ...,  0.9869673 ,
          0.65987878,  0.99831612],
        [ 0.79203358,  0.65987878,  0.        , ...,  0.84776799,
          0.        ,  0.78838513],
        ...,
        [-0.93761199, -0.9869673 , -0.84776799, ...,  0.        ,
          0.84776799,  0.10339794],
        [-0.79203358, -0.65987878, -0.        , ..., -0.84776799,
          0.        , -0.78838513],
        [-0.9685362 , -0.99831612, -0.78838513, ..., -0.10339794,
          0.78838513,  0.        ]],

       [[ 0.        ,  0.09128204,  0.58924614, ..., -0.78638795,
         -0.89967719, -0.92787914],
        [-0.09128204,  0.        ,  0.51303443, ..., -0.72671692,
         -0.85607141, -0.88996798],
        [-0.58924614, -0.51303443,  0.        , ..., -0.27136821,
         -0.4696586 , -0.52996454],
        ...,
        [ 0.78638795,  0.72671692,  0.27136821, ...,  0.        ,
          0.21245803,  0.27995233],
        [ 0.89967719,  0.85607141,  0.4696586 , ..., -0.21245803,
          0.        ,  0.06959841],
        [ 0.92787914,  0.88996798,  0.52996454, ..., -0.27995233,
         -0.06959841,  0.        ]],

       [[ 0.        , -0.55997391, -0.92452572, ..., -0.52552807,
         -0.45655257, -0.44753693],
        [ 0.55997391,  0.        , -0.55256196, ..., -0.91181789,
         -0.87646527, -0.87155425],
        [ 0.92452572,  0.55256196,  0.        , ..., -0.98685362,
         -0.9965484 , -0.99733653],
        ...,
        [ 0.52552807,  0.91181789,  0.98685362, ...,  0.        ,
         -0.07913636, -0.08920779],
        [ 0.45655257,  0.87646527,  0.9965484 , ...,  0.07913636,
          0.        , -0.01010718],
        [ 0.44753693,  0.87155425,  0.99733653, ...,  0.08920779,
          0.01010718,  0.        ]]]), 'num': array([ 7.99811257e-01,  6.00231327e-01,  2.44583248e-06,  1.72051664e-03,
        1.75425226e-03,  1.70786578e-03,  8.76071892e-04, -3.37356204e-05,
        1.74370988e-03,  1.68467254e-03,  1.73141043e-03,  1.27425305e-06,
        1.81179111e-03,  1.55755398e-03])}
{'img': array([[[ 0.        , -0.73918552, -0.06003101, ..., -0.10711225,
         -0.32016237, -0.48666521],
        [ 0.73918552,  0.        ,  0.69742141, ...,  0.66279263,
          0.48464682,  0.31797408],
        [ 0.06003101, -0.69742141,  0.        , ..., -0.04723343,
         -0.26271383, -0.43334511],
        ...,
        [ 0.10711225, -0.66279263,  0.04723343, ...,  0.        ,
         -0.2168463 , -0.39029335],
        [ 0.32016237, -0.48464682,  0.26271383, ...,  0.2168463 ,
          0.        , -0.18135827],
        [ 0.48666521, -0.31797408,  0.43334511, ...,  0.39029335,
          0.18135827,  0.        ]],

       [[ 0.        ,  0.55833945,  0.72725788, ...,  0.10802935,
          0.01848852, -0.14650206],
        [-0.55833945,  0.        , -0.98656657, ..., -0.64469439,
         -0.57358233, -0.43077522],
        [-0.72725788,  0.98656657,  0.        , ..., -0.64885426,
         -0.71444371, -0.81996482],
        ...,
        [-0.10802935,  0.64469439,  0.64885426, ...,  0.        ,
         -0.08963056, -0.25250844],
        [-0.01848852,  0.57358233,  0.71444371, ...,  0.08963056,
          0.        , -0.16476606],
        [ 0.14650206,  0.43077522,  0.81996482, ...,  0.25250844,
          0.16476606,  0.        ]],

       [[ 0.        , -0.7973641 , -0.87346861, ..., -0.99979173,
         -0.99812402, -0.99996175],
        [ 0.7973641 ,  0.        , -0.13891603, ..., -0.58710012,
         -0.55354818, -0.59650143],
        [ 0.87346861,  0.13891603,  0.        , ..., -0.46895317,
         -0.43248942, -0.47922218],
        ...,
        [ 0.99979173,  0.58710012,  0.46895317, ...,  0.        ,
          0.04084186, -0.01166285],
        [ 0.99812402,  0.55354818,  0.43248942, ..., -0.04084186,
          0.        , -0.0524922 ],
        [ 0.99996175,  0.59650143,  0.47922218, ...,  0.01166285,
          0.0524922 ,  0.        ]],

       ...,

       [[ 0.        , -0.65987878,  0.5179635 , ...,  0.65987878,
          0.99831612,  0.9988068 ],
        [ 0.65987878,  0.        ,  0.95364541, ...,  0.        ,
          0.78838513,  0.71824959],
        [-0.5179635 , -0.95364541,  0.        , ...,  0.95364541,
          0.82391627,  0.87967741],
        ...,
        [-0.65987878, -0.        , -0.95364541, ...,  0.        ,
         -0.78838513, -0.71824959],
        [-0.99831612, -0.78838513, -0.82391627, ...,  0.78838513,
          0.        ,  0.10669276],
        [-0.9988068 , -0.71824959, -0.87967741, ...,  0.71824959,
         -0.10669276,  0.        ]],

       [[ 0.        ,  0.51303443,  0.09420595, ..., -0.85607141,
         -0.88996798, -0.87709819],
        [-0.51303443,  0.        , -0.42988946, ..., -0.4696586 ,
         -0.52996454, -0.5064569 ],
        [-0.09420595,  0.42988946,  0.        , ..., -0.80357317,
         -0.84304997, -0.82794933],
        ...,
        [ 0.85607141,  0.4696586 ,  0.80357317, ...,  0.        ,
          0.06959841,  0.04215423],
        [ 0.88996798,  0.52996454,  0.84304997, ..., -0.06959841,
          0.        , -0.02748454],
        [ 0.87709819,  0.5064569 ,  0.82794933, ..., -0.04215423,
          0.02748454,  0.        ]],

       [[ 0.        , -0.85978857, -0.91156712, ..., -0.47617333,
         -0.46682642, -0.47444581],
        [ 0.85978857,  0.        , -0.11198873, ..., -0.99921432,
         -0.99873813, -0.99913458],
        [ 0.91156712,  0.11198873,  0.        , ..., -0.99736714,
         -0.99807973, -0.99750761],
        ...,
        [ 0.47617333,  0.99921432,  0.99736714, ...,  0.        ,
         -0.01059891, -0.0019635 ],
        [ 0.46682642,  0.99873813,  0.99807973, ...,  0.01059891,
          0.        ,  0.0086355 ],
        [ 0.47444581,  0.99913458,  0.99750761, ...,  0.0019635 ,
         -0.0086355 ,  0.        ]]]), 'num': array([ 7.07104297e-01,  7.07104297e-01,  0.00000000e+00,  9.25725916e-04,
        9.56469581e-04,  9.23448607e-04,  4.00419158e-04, -3.41596279e-06,
        9.40072959e-04,  9.08475303e-04,  9.34132980e-04,  7.68315255e-07,
        9.74819969e-04,  8.42130638e-04])}
{'img': array([[[ 0.        ,  0.69742141,  0.89072354, ...,  0.48464682,
          0.31797408,  0.28501943],
        [-0.69742141,  0.        ,  0.9553568 , ..., -0.26271383,
         -0.43334511, -0.46423119],
        [-0.89072354, -0.9553568 ,  0.        , ..., -0.99941874,
         -0.98902814, -0.98333217],
        ...,
        [-0.48464682,  0.26271383,  0.99941874, ...,  0.        ,
         -0.18135827, -0.21523518],
        [-0.31797408,  0.43334511,  0.98902814, ...,  0.18135827,
          0.        , -0.03455832],
        [-0.28501943,  0.46423119,  0.98333217, ...,  0.21523518,
          0.03455832,  0.        ]],

       [[ 0.        , -0.98656657, -0.84711841, ..., -0.57358233,
         -0.43077522, -0.34257174],
        [ 0.98656657,  0.        , -0.38588057, ..., -0.71444371,
         -0.81996482, -0.87090866],
        [ 0.84711841,  0.38588057,  0.        , ..., -0.38911124,
         -0.5355741 , -0.61381664],
        ...,
        [ 0.57358233,  0.71444371,  0.38911124, ...,  0.        ,
         -0.16476606, -0.2582589 ],
        [ 0.43077522,  0.81996482,  0.5355741 , ...,  0.16476606,
          0.        , -0.0955527 ],
        [ 0.34257174,  0.87090866,  0.61381664, ...,  0.2582589 ,
          0.0955527 ,  0.        ]],

       [[ 0.        , -0.15844171, -0.0376943 , ..., -0.60071271,
         -0.64423432, -0.66058065],
        [ 0.15844171,  0.        ,  0.12111095, ..., -0.46645611,
         -0.51491588, -0.5332855 ],
        [ 0.0376943 , -0.12111095,  0.        , ..., -0.57015052,
         -0.61494681, -0.631812  ],
        ...,
        [ 0.60071271,  0.46645611,  0.57015052, ...,  0.        ,
         -0.05560076, -0.07712297],
        [ 0.64423432,  0.51491588,  0.61494681, ...,  0.05560076,
          0.        , -0.0215685 ],
        [ 0.66058065,  0.5332855 ,  0.631812  , ...,  0.07712297,
          0.0215685 ,  0.        ]],

       ...,

       [[ 0.        ,  0.94640327,  0.99991496, ...,  0.8256212 ,
          0.76646556,  0.        ],
        [-0.94640327,  0.        ,  0.33530212, ...,  0.80064944,
          0.85541972,  0.94640327],
        [-0.99991496, -0.33530212,  0.        , ...,  0.55340977,
          0.63223519,  0.99991496],
        ...,
        [-0.8256212 , -0.80064944, -0.55340977, ...,  0.        ,
          0.09782557,  0.8256212 ],
        [-0.76646556, -0.85541972, -0.63223519, ..., -0.09782557,
          0.        ,  0.76646556],
        [-0.        , -0.94640327, -0.99991496, ..., -0.8256212 ,
         -0.76646556,  0.        ]],

       [[ 0.        , -0.42988946, -0.56051283, ..., -0.52996454,
         -0.5064569 , -0.44483365],
        [ 0.42988946,  0.        , -0.15006556, ..., -0.84304997,
         -0.82794933, -0.78664676],
        [ 0.56051283,  0.15006556,  0.        , ..., -0.91421386,
         -0.90273088, -0.87038979],
        ...,
        [ 0.52996454,  0.84304997,  0.91421386, ...,  0.        ,
         -0.02748454, -0.0974155 ],
        [ 0.5064569 ,  0.82794933,  0.90273088, ...,  0.02748454,
          0.        , -0.07002488],
        [ 0.44483365,  0.78664676,  0.87038979, ...,  0.0974155 ,
          0.07002488,  0.        ]],

       [[ 0.        , -0.30637464, -0.29150727, ..., -0.73762764,
         -0.74430026, -0.76582782],
        [ 0.30637464,  0.        ,  0.01557939, ..., -0.9090224 ,
         -0.91311843, -0.92601283],
        [ 0.29150727, -0.01557939,  0.        , ..., -0.9024194 ,
         -0.90665598, -0.92001934],
        ...,
        [ 0.73762764,  0.9090224 ,  0.9024194 , ...,  0.        ,
          0.00993626,  0.04276459],
        [ 0.74430026,  0.91311843,  0.90665598, ..., -0.00993626,
          0.        ,  0.03283531],
        [ 0.76582782,  0.92601283,  0.92001934, ..., -0.04276459,
         -0.03283531,  0.        ]]]), 'num': array([7.07104214e-01, 7.07104214e-01, 0.00000000e+00, 9.45082926e-04,
       9.50776197e-04, 9.26864460e-04, 5.95390857e-04, 1.93571202e-05,
       9.43261080e-04, 9.08930658e-04, 9.34910949e-04, 7.70104241e-07,
       9.76143570e-04, 8.41717746e-04])}
{'img': array([[[ 0.        ,  0.9553568 ,  0.59624474, ..., -0.43334511,
         -0.46423119, -0.28457914],
        [-0.9553568 ,  0.        , -0.59079982, ..., -0.98902814,
         -0.98333217, -0.99993543],
        [-0.59624474,  0.59079982,  0.        , ..., -0.88524313,
         -0.90078842, -0.80005245],
        ...,
        [ 0.43334511,  0.98902814,  0.88524313, ...,  0.        ,
         -0.03455832,  0.15895669],
        [ 0.46423119,  0.98333217,  0.90078842, ...,  0.03455832,
          0.        ,  0.19298067],
        [ 0.28457914,  0.99993543,  0.80005245, ..., -0.15895669,
         -0.19298067,  0.        ]],

       [[ 0.        , -0.77049926, -0.76106307, ..., -0.97717679,
         -0.93723258, -0.99977804],
        [ 0.77049926,  0.        ,  0.01467312, ..., -0.78656782,
         -0.86610721, -0.65353255],
        [ 0.76106307, -0.01467312,  0.        , ..., -0.79554385,
         -0.87334845, -0.66456825],
        ...,
        [ 0.97717679,  0.78656782,  0.79554385, ...,  0.        ,
         -0.14165214,  0.19179305],
        [ 0.93723258,  0.86610721,  0.87334845, ...,  0.14165214,
          0.        ,  0.32888152],
        [ 0.99977804,  0.65353255,  0.66456825, ..., -0.19179305,
         -0.32888152,  0.        ]],

       [[ 0.        ,  0.12111095,  0.08482844, ..., -0.51491588,
         -0.5332855 , -0.4962805 ],
        [-0.12111095,  0.        , -0.0364704 , ..., -0.61494681,
         -0.631812  , -0.59777132],
        [-0.08482844,  0.0364704 ,  0.        , ..., -0.58577829,
         -0.60312268, -0.56813654],
        ...,
        [ 0.51491588,  0.61494681,  0.58577829, ...,  0.        ,
         -0.0215685 ,  0.02159867],
        [ 0.5332855 ,  0.631812  ,  0.60312268, ...,  0.0215685 ,
          0.        ,  0.04315712],
        [ 0.4962805 ,  0.59777132,  0.56813654, ..., -0.02159867,
         -0.04315712,  0.        ]],

       ...,

       [[ 0.        ,  0.33640495,  0.41839068, ...,  0.85524911,
          0.97736237,  0.94284525],
        [-0.33640495,  0.        ,  0.08846023, ...,  0.6310722 ,
          0.99157311,  0.99999433],
        [-0.41839068, -0.08846023,  0.        , ...,  0.55997749,
          0.97622599,  0.99577608],
        ...,
        [-0.85524911, -0.6310722 , -0.55997749, ...,  0.        ,
          0.68743283,  0.77359395],
        [-0.97736237, -0.99157311, -0.97622599, ..., -0.68743283,
          0.        ,  0.12620748],
        [-0.94284525, -0.99999433, -0.99577608, ..., -0.77359395,
         -0.12620748,  0.        ]],

       [[ 0.        , -0.38849726, -0.65039009, ..., -0.51823935,
         -0.4554027 , -0.47967591],
        [ 0.38849726,  0.        , -0.30419921, ..., -0.80978828,
         -0.76550427, -0.78288257],
        [ 0.65039009,  0.30419921,  0.        , ..., -0.94989158,
         -0.92495697, -0.93504401],
        ...,
        [ 0.51823935,  0.80978828,  0.94989158, ...,  0.        ,
         -0.07190439, -0.04449098],
        [ 0.4554027 ,  0.76550427,  0.92495697, ...,  0.07190439,
          0.        ,  0.02745737],
        [ 0.47967591,  0.78288257,  0.93504401, ...,  0.04449098,
         -0.02745737,  0.        ]],

       [[ 0.        ,  0.01557939,  0.16518841, ..., -0.91311843,
         -0.92601283, -0.92085869],
        [-0.01557939,  0.        ,  0.149803  , ..., -0.90665598,
         -0.92001934, -0.91467258],
        [-0.16518841, -0.149803  ,  0.        , ..., -0.83322764,
         -0.85093398, -0.84380157],
        ...,
        [ 0.91311843,  0.90665598,  0.83322764, ...,  0.        ,
          0.03283531,  0.01940726],
        [ 0.92601283,  0.92001934,  0.85093398, ..., -0.03283531,
          0.        , -0.01343233],
        [ 0.92085869,  0.91467258,  0.84380157, ..., -0.01940726,
          0.01343233,  0.        ]]]), 'num': array([7.70084454e-01, 6.37935321e-01, 1.55652689e-06, 1.04880265e-03,
       1.04880265e-03, 1.01421316e-03, 4.51343386e-04, 2.34714373e-05,
       1.02286053e-03, 9.90000518e-04, 1.01417198e-03, 8.52155009e-07,
       1.06744119e-03, 9.12559849e-04])}
{'img': array([[[ 0.        , -0.59079982, -0.52309769, ..., -0.98333217,
         -0.99993543, -0.97383115],
        [ 0.59079982,  0.        ,  0.08147784, ..., -0.90078842,
         -0.80005245, -0.65143199],
        [ 0.52309769, -0.08147784,  0.        , ..., -0.93317586,
         -0.84627341, -0.71108389],
        ...,
        [ 0.98333217,  0.90078842,  0.93317586, ...,  0.        ,
          0.19298067,  0.40054479],
        [ 0.99993543,  0.80005245,  0.84627341, ..., -0.19298067,
          0.        ,  0.21619179],
        [ 0.97383115,  0.65143199,  0.71108389, ..., -0.40054479,
         -0.21619179,  0.        ]],

       [[ 0.        ,  0.01467312, -0.41236603, ..., -0.86610721,
         -0.65353255, -0.84899511],
        [-0.01467312,  0.        , -0.42568911, ..., -0.87334845,
         -0.66456825, -0.856657  ],
        [ 0.41236603,  0.42568911,  0.        , ..., -0.58291491,
         -0.28326089, -0.55555555],
        ...,
        [ 0.86610721,  0.87334845,  0.58291491, ...,  0.        ,
          0.32888152,  0.03327443],
        [ 0.65353255,  0.66456825,  0.28326089, ..., -0.32888152,
          0.        , -0.297276  ],
        [ 0.84899511,  0.856657  ,  0.55555555, ..., -0.03327443,
          0.297276  ,  0.        ]],

       [[ 0.        , -0.0364704 ,  0.15486121, ..., -0.631812  ,
         -0.59777132, -0.60271035],
        [ 0.0364704 ,  0.        ,  0.19078861, ..., -0.60312268,
         -0.56813654, -0.57320746],
        [-0.15486121, -0.19078861,  0.        , ..., -0.74422625,
         -0.71470702, -0.71901245],
        ...,
        [ 0.631812  ,  0.60312268,  0.74422625, ...,  0.        ,
          0.04315712,  0.03698689],
        [ 0.59777132,  0.56813654,  0.71470702, ..., -0.04315712,
          0.        , -0.00617516],
        [ 0.60271035,  0.57320746,  0.71901245, ..., -0.03698689,
          0.00617516,  0.        ]],

       ...,

       [[ 0.        ,  0.08544087, -0.08307898, ...,  0.9368007 ,
          0.94394358,  0.99955225],
        [-0.08544087,  0.        , -0.16792067, ...,  0.90348241,
          0.9122872 ,  0.99845365],
        [ 0.08307898,  0.16792067,  0.        , ...,  0.96262845,
          0.96810528,  0.99361092],
        ...,
        [-0.9368007 , -0.90348241, -0.96262845, ...,  0.        ,
          0.02100709,  0.37773728],
        [-0.94394358, -0.9122872 , -0.96810528, ..., -0.02100709,
          0.        ,  0.35820319],
        [-0.99955225, -0.99845365, -0.99361092, ..., -0.37773728,
         -0.35820319,  0.        ]],

       [[ 0.        , -0.55547388, -0.74080534, ..., -0.4640665 ,
         -0.48872902, -0.60771817],
        [ 0.55547388,  0.        , -0.24288203, ..., -0.87792603,
         -0.89101   , -0.94646944],
        [ 0.74080534,  0.24288203,  0.        , ..., -0.96792828,
         -0.97459393, -0.99652892],
        ...,
        [ 0.4640665 ,  0.87792603,  0.96792828, ...,  0.        ,
          0.02804819,  0.16977728],
        [ 0.48872902,  0.89101   ,  0.97459393, ..., -0.02804819,
          0.        ,  0.14206949],
        [ 0.60771817,  0.94646944,  0.99652892, ..., -0.16977728,
         -0.14206949,  0.        ]],

       [[ 0.        ,  0.149803  ,  0.53968346, ..., -0.92001934,
         -0.91467258, -0.90668046],
        [-0.149803  ,  0.        ,  0.40747924, ..., -0.85093398,
         -0.84380157, -0.83325973],
        [-0.53968346, -0.40747924,  0.        , ..., -0.56304752,
         -0.55189592, -0.53565701],
        ...,
        [ 0.92001934,  0.85093398,  0.56304752, ...,  0.        ,
         -0.01343233, -0.03277731],
        [ 0.91467258,  0.84380157,  0.55189592, ...,  0.01343233,
          0.        , -0.01934925],
        [ 0.90668046,  0.83325973,  0.53565701, ...,  0.03277731,
          0.01934925,  0.        ]]]), 'num': array([ 7.28987307e-01,  6.84521403e-01,  5.38980656e-07,  9.66650089e-04,
        9.88912334e-04,  9.60791604e-04,  7.65727474e-04, -2.81207299e-05,
        9.68524805e-04,  9.41868696e-04,  9.60127642e-04,  7.62370588e-07,
        1.01492953e-03,  8.68807863e-04])}
{'img': array([[[ 0.        ,  0.30943608, -0.67142946, ..., -0.91840953,
         -0.79863428, -0.94098085],
        [-0.30943608,  0.        , -0.86778919, ..., -0.99575674,
         -0.94566129, -0.99952942],
        [ 0.67142946,  0.86778919,  0.        , ..., -0.414966  ,
         -0.18776526, -0.47007937],
        ...,
        [ 0.91840953,  0.99575674,  0.414966  , ...,  0.        ,
          0.23674962, -0.06143655],
        [ 0.79863428,  0.94566129,  0.18776526, ..., -0.23674962,
          0.        , -0.29599235],
        [ 0.94098085,  0.99952942,  0.47007937, ...,  0.06143655,
          0.29599235,  0.        ]],

       [[ 0.        , -0.42568911, -0.4876173 , ..., -0.66456825,
         -0.856657  , -0.5051577 ],
        [ 0.42568911,  0.        , -0.06957895, ..., -0.28326089,
         -0.55555555, -0.08972057],
        [ 0.4876173 ,  0.06957895,  0.        , ..., -0.21584519,
         -0.49635566, -0.02020479],
        ...,
        [ 0.66456825,  0.28326089,  0.21584519, ...,  0.        ,
         -0.297276  ,  0.19607262],
        [ 0.856657  ,  0.55555555,  0.49635566, ...,  0.297276  ,
          0.        ,  0.47871417],
        [ 0.5051577 ,  0.08972057,  0.02020479, ..., -0.19607262,
         -0.47871417,  0.        ]],

       [[ 0.        ,  0.19078861,  0.77092736, ..., -0.56813654,
         -0.57320746, -0.59076412],
        [-0.19078861,  0.        ,  0.63524864, ..., -0.71470702,
         -0.71901245, -0.73384917],
        [-0.77092736, -0.63524864,  0.        , ..., -0.99628185,
         -0.99679486, -0.99828966],
        ...,
        [ 0.56813654,  0.71470702,  0.99628185, ...,  0.        ,
         -0.00617516, -0.02776232],
        [ 0.57320746,  0.71901245,  0.99679486, ...,  0.00617516,
          0.        , -0.02158901],
        [ 0.59076412,  0.73384917,  0.99828966, ...,  0.02776232,
          0.02158901,  0.        ]],

       ...,

       [[ 0.        , -0.16792067, -0.2033273 , ...,  0.9122872 ,
          0.99845365,  0.77327018],
        [ 0.16792067,  0.        , -0.03602721, ...,  0.96810528,
          0.99361092,  0.86876472],
        [ 0.2033273 ,  0.03602721,  0.        , ...,  0.97650318,
          0.98889985,  0.88604231],
        ...,
        [-0.9122872 , -0.96810528, -0.97650318, ...,  0.        ,
          0.35820319, -0.26176641],
        [-0.99845365, -0.99361092, -0.98889985, ..., -0.35820319,
          0.        , -0.59010964],
        [-0.77327018, -0.86876472, -0.88604231, ...,  0.26176641,
          0.59010964,  0.        ]],

       [[ 0.        , -0.56442268, -0.70999192, ..., -0.50910881,
         -0.63169285, -0.6629726 ],
        [ 0.56442268,  0.        , -0.18861635, ..., -0.90606199,
         -0.95900462, -0.96982602],
        [ 0.70999192,  0.18861635,  0.        , ..., -0.96961101,
         -0.99524337, -0.99840277],
        ...,
        [ 0.50910881,  0.90606199,  0.96961101, ...,  0.        ,
          0.1490287 ,  0.18948087],
        [ 0.63169285,  0.95900462,  0.99524337, ..., -0.1490287 ,
          0.        ,  0.04103595],
        [ 0.6629726 ,  0.96982602,  0.99840277, ..., -0.18948087,
         -0.04103595,  0.        ]],

       [[ 0.        ,  0.40747924,  0.14265811, ..., -0.84380157,
         -0.83325973, -0.88413652],
        [-0.40747924,  0.        , -0.2730341 , ..., -0.55189592,
         -0.53565701, -0.61702029],
        [-0.14265811,  0.2730341 ,  0.        , ..., -0.75861296,
         -0.7458641 , -0.80843964],
        ...,
        [ 0.84380157,  0.55189592,  0.75861296, ...,  0.        ,
         -0.01934925,  0.08022827],
        [ 0.83325973,  0.53565701,  0.7458641 , ...,  0.01934925,
          0.        ,  0.09950013],
        [ 0.88413652,  0.61702029,  0.80843964, ..., -0.08022827,
         -0.09950013,  0.        ]]]), 'num': array([7.15885684e-01, 6.98211813e-01, 2.06953985e-07, 9.81881687e-04,
       9.88780153e-04, 9.49688845e-04, 8.40474627e-04, 3.33425866e-05,
       9.59116748e-04, 9.27901189e-04, 9.41257386e-04, 7.37280018e-07,
       1.00339826e-03, 8.52404120e-04])}
{'img': array([[[ 0.        , -0.86778919, -0.93219239, ..., -0.94566129,
         -0.99952942, -0.92228812],
        [ 0.86778919,  0.        , -0.14912897, ..., -0.18776526,
         -0.47007937, -0.12291177],
        [ 0.93219239,  0.14912897,  0.        , ..., -0.03918908,
         -0.333198  ,  0.02646087],
        ...,
        [ 0.94566129,  0.18776526,  0.03918908, ...,  0.        ,
         -0.29599235,  0.0656159 ],
        [ 0.99952942,  0.47007937,  0.333198  , ...,  0.29599235,
          0.        ,  0.35803014],
        [ 0.92228812,  0.12291177, -0.02646087, ..., -0.0656159 ,
         -0.35803014,  0.        ]],

       [[ 0.        , -0.06957895,  0.14155985, ..., -0.55555555,
         -0.08972057,  0.01665132],
        [ 0.06957895,  0.        ,  0.21009504, ..., -0.49635566,
         -0.02020479,  0.08618027],
        [-0.14155985, -0.21009504,  0.        , ..., -0.66766503,
         -0.22980599, -0.12505659],
        ...,
        [ 0.55555555,  0.49635566,  0.66766503, ...,  0.        ,
          0.47871417,  0.56932375],
        [ 0.08972057,  0.02020479,  0.22980599, ..., -0.47871417,
          0.        ,  0.10629229],
        [-0.01665132, -0.08618027,  0.12505659, ..., -0.56932375,
         -0.10629229,  0.        ]],

       [[ 0.        ,  0.63524864,  0.52469129, ..., -0.71901245,
         -0.73384917, -0.64892408],
        [-0.63524864,  0.        , -0.13555933, ..., -0.99679486,
         -0.99828966, -0.98449999],
        [-0.52469129,  0.13555933,  0.        , ..., -0.97674893,
         -0.98114967, -0.95163728],
        ...,
        [ 0.71901245,  0.99679486,  0.97674893, ...,  0.        ,
         -0.02158901,  0.09606248],
        [ 0.73384917,  0.99828966,  0.98114967, ...,  0.02158901,
          0.        ,  0.11752926],
        [ 0.64892408,  0.98449999,  0.95163728, ..., -0.09606248,
         -0.11752926,  0.        ]],

       ...,

       [[ 0.        , -0.03602721, -0.19175108, ...,  0.99361092,
          0.86876472,  0.82942087],
        [ 0.03602721,  0.        , -0.15626792, ...,  0.98889985,
          0.88604231,  0.84900809],
        [ 0.19175108,  0.15626792,  0.        , ...,  0.95353208,
          0.94760351,  0.9211466 ],
        ...,
        [-0.99361092, -0.98889985, -0.95353208, ...,  0.        ,
         -0.59010964, -0.6486634 ],
        [-0.86876472, -0.88604231, -0.94760351, ...,  0.59010964,
          0.        , -0.07456302],
        [-0.82942087, -0.84900809, -0.9211466 , ...,  0.6486634 ,
          0.07456302,  0.        ]],

       [[ 0.        , -0.49808181, -0.64994362, ..., -0.65718423,
         -0.68915461, -0.77244336],
        [ 0.49808181,  0.        , -0.18505221, ..., -0.94528339,
         -0.95850388, -0.98613246],
        [ 0.64994362,  0.18505221,  0.        , ..., -0.98933046,
         -0.99470385, -0.99981195],
        ...,
        [ 0.65718423,  0.94528339,  0.98933046, ...,  0.        ,
          0.04323138,  0.16484675],
        [ 0.68915461,  0.95850388,  0.99470385, ..., -0.04323138,
          0.        ,  0.12205269],
        [ 0.77244336,  0.98613246,  0.99981195, ..., -0.16484675,
         -0.12205269,  0.        ]],

       [[ 0.        , -0.2730341 , -0.4569185 , ..., -0.53565701,
         -0.61702029, -0.61412428],
        [ 0.2730341 ,  0.        , -0.19669142, ..., -0.7458641 ,
         -0.80843964, -0.80627129],
        [ 0.4569185 ,  0.19669142,  0.        , ..., -0.86230977,
         -0.90841559, -0.90687315],
        ...,
        [ 0.53565701,  0.7458641 ,  0.86230977, ...,  0.        ,
          0.09950013,  0.09584293],
        [ 0.61702029,  0.80843964,  0.90841559, ..., -0.09950013,
          0.        , -0.00367476],
        [ 0.61412428,  0.80627129,  0.90687315, ..., -0.09584293,
          0.00367476,  0.        ]]]), 'num': array([7.14499131e-01, 6.99630786e-01, 1.72087329e-07, 9.91223013e-04,
       9.94664759e-04, 9.60247294e-04, 6.53174665e-04, 1.14724886e-05,
       9.68736935e-04, 9.31393985e-04, 9.38449565e-04, 7.44705399e-07,
       1.00889326e-03, 8.53894713e-04])}
{'img': array([[[ 0.        , -0.43923522, -0.8404616 , ..., -0.84983242,
         -0.38730914,  0.17959937],
        [ 0.43923522,  0.        , -0.51703837, ..., -0.53196549,
          0.05700515,  0.59344025],
        [ 0.8404616 ,  0.51703837,  0.        , ..., -0.01753183,
          0.56499186,  0.92411527],
        ...,
        [ 0.84983242,  0.53196549,  0.01753183, ...,  0.        ,
          0.57937048,  0.93067239],
        [ 0.38730914, -0.05700515, -0.56499186, ..., -0.57937048,
          0.        ,  0.54659305],
        [-0.17959937, -0.59344025, -0.92411527, ..., -0.93067239,
         -0.54659305,  0.        ]],

       [[ 0.        ,  0.21009504, -0.27482196, ..., -0.02020479,
          0.08618027, -0.14354868],
        [-0.21009504,  0.        , -0.47069356, ..., -0.22980599,
         -0.12505659, -0.34826395],
        [ 0.27482196,  0.47069356,  0.        , ...,  0.25533906,
          0.35666141,  0.13395435],
        ...,
        [ 0.02020479,  0.22980599, -0.25533906, ...,  0.        ,
          0.10629229, -0.12352384],
        [-0.08618027,  0.12505659, -0.35666141, ..., -0.10629229,
          0.        , -0.22830233],
        [ 0.14354868,  0.34826395, -0.13395435, ...,  0.12352384,
          0.22830233,  0.        ]],

       [[ 0.        , -0.13555933, -0.70342526, ..., -0.99828966,
         -0.98449999, -0.94317103],
        [ 0.13555933,  0.        , -0.60058071, ..., -0.98114967,
         -0.95163728, -0.88941743],
        [ 0.70342526,  0.60058071,  0.        , ..., -0.66843025,
         -0.57638233, -0.43662332],
        ...,
        [ 0.99828966,  0.98114967,  0.66843025, ...,  0.        ,
          0.11752926,  0.2766001 ],
        [ 0.98449999,  0.95163728,  0.57638233, ..., -0.11752926,
          0.        ,  0.16173923],
        [ 0.94317103,  0.88941743,  0.43662332, ..., -0.2766001 ,
         -0.16173923,  0.        ]],

       ...,

       [[ 0.        , -0.15626792, -0.5197035 , ...,  0.88604231,
          0.84900809,  0.88009936],
        [ 0.15626792,  0.        , -0.37981181, ...,  0.94760351,
          0.9211466 ,  0.94348145],
        [ 0.5197035 ,  0.37981181,  0.        , ...,  0.99792414,
          0.99994811,  0.99865977],
        ...,
        [-0.88604231, -0.94760351, -0.99792414, ...,  0.        ,
         -0.07456302, -0.01266571],
        [-0.84900809, -0.9211466 , -0.99994811, ...,  0.07456302,
          0.        ,  0.06192658],
        [-0.88009936, -0.94348145, -0.99865977, ...,  0.01266571,
         -0.06192658,  0.        ]],

       [[ 0.        , -0.46515837, -0.47402854, ..., -0.70919026,
         -0.79308172, -0.85982852],
        [ 0.46515837,  0.        , -0.01004674, ..., -0.95573933,
         -0.98539279, -0.99864575],
        [ 0.47402854,  0.01004674,  0.        , ..., -0.958647  ,
         -0.98705399, -0.99911804],
        ...,
        [ 0.70919026,  0.95573933,  0.958647  , ...,  0.        ,
          0.12715762,  0.24409341],
        [ 0.79308172,  0.98539279,  0.98705399, ..., -0.12715762,
          0.        ,  0.11880067],
        [ 0.85982852,  0.99864575,  0.99911804, ..., -0.24409341,
         -0.11880067,  0.        ]],

       [[ 0.        , -0.37727747, -0.69813846, ..., -0.62224656,
         -0.61933453, -0.68999703],
        [ 0.37727747,  0.        , -0.3764296 , ..., -0.87160355,
         -0.86977668, -0.91208447],
        [ 0.69813846,  0.3764296 ,  0.        , ..., -0.99202304,
         -0.99154797, -0.99933332],
        ...,
        [ 0.62224656,  0.87160355,  0.99202304, ...,  0.        ,
         -0.00371443,  0.08975473],
        [ 0.61933453,  0.86977668,  0.99154797, ...,  0.00371443,
          0.        ,  0.09345356],
        [ 0.68999703,  0.91208447,  0.99933332, ..., -0.08975473,
         -0.09345356,  0.        ]]]), 'num': array([7.12711430e-01, 7.01451087e-01, 1.25813882e-07, 1.02366750e-03,
       1.02481126e-03, 9.79060756e-04, 1.11636945e-03, 3.54566395e-05,
       9.80662024e-04, 9.37370611e-04, 9.36207786e-04, 7.74806900e-07,
       1.01582464e-03, 8.58916586e-04])}
{'img': array([[[ 0.        , -0.34594984, -0.44155844, ...,  0.0291583 ,
          0.18190499,  0.89723249],
        [ 0.34594984,  0.        , -0.1038961 , ...,  0.3731606 ,
          0.51085095,  0.99458816],
        [ 0.44155844,  0.1038961 ,  0.        , ...,  0.46753247,
          0.5974026 ,  1.        ],
        ...,
        [-0.0291583 , -0.3731606 , -0.46753247, ...,  0.        ,
          0.15315582,  0.8839759 ],
        [-0.18190499, -0.51085095, -0.5974026 , ..., -0.15315582,
          0.        ,  0.80194148],
        [-0.89723249, -0.99458816, -1.        , ..., -0.8839759 ,
         -0.80194148,  0.        ]],

       [[ 0.        , -0.47069356, -0.66887905, ..., -0.12505659,
         -0.34826395,  0.18506579],
        [ 0.47069356,  0.        , -0.24024976, ...,  0.35666141,
          0.13395435,  0.62584581],
        [ 0.66887905,  0.24024976,  0.        , ...,  0.57066462,
          0.36811548,  0.79489751],
        ...,
        [ 0.12505659, -0.35666141, -0.57066462, ...,  0.        ,
         -0.22830233,  0.30650933],
        [ 0.34826395, -0.13395435, -0.36811548, ...,  0.22830233,
          0.        ,  0.51572811],
        [-0.18506579, -0.62584581, -0.79489751, ..., -0.30650933,
         -0.51572811,  0.        ]],

       [[ 0.        , -0.69531854, -0.88519293, ..., -0.98351352,
         -0.94097167, -0.84204155],
        [ 0.69531854,  0.        , -0.31271072, ..., -0.58111517,
         -0.44092283, -0.23011306],
        [ 0.88519293,  0.31271072,  0.        , ..., -0.29748067,
         -0.1381379 ,  0.08574626],
        ...,
        [ 0.98351352,  0.58111517,  0.29748067, ...,  0.        ,
          0.16274463,  0.37824939],
        [ 0.94097167,  0.44092283,  0.1381379 , ..., -0.16274463,
          0.        ,  0.22255335],
        [ 0.84204155,  0.23011306, -0.08574626, ..., -0.37824939,
         -0.22255335,  0.        ]],

       ...,

       [[ 0.        , -0.37981181, -0.36029078, ...,  0.9211466 ,
          0.94348145,  0.99898737],
        [ 0.37981181,  0.        ,  0.02101172, ...,  0.99994811,
          0.99865977,  0.94121533],
        [ 0.36029078, -0.02101172,  0.        , ...,  0.9995133 ,
          0.99952677,  0.94810545],
        ...,
        [-0.9211466 , -0.99994811, -0.9995133 , ...,  0.        ,
          0.06192658,  0.34737791],
        [-0.94348145, -0.99865977, -0.99952677, ..., -0.06192658,
          0.        ,  0.28864107],
        [-0.99898737, -0.94121533, -0.94810545, ..., -0.34737791,
         -0.28864107,  0.        ]],

       [[ 0.        , -0.09992704, -0.27212923, ..., -0.81080367,
         -0.87683728, -0.93890545],
        [ 0.09992704,  0.        , -0.17461129, ..., -0.86523453,
         -0.92049216, -0.96859842],
        [ 0.27212923,  0.17461129,  0.        , ..., -0.93948672,
         -0.97458234, -0.99713196],
        ...,
        [ 0.81080367,  0.86523453,  0.93948672, ...,  0.        ,
          0.12340476,  0.27049995],
        [ 0.87683728,  0.92049216,  0.97458234, ..., -0.12340476,
          0.        ,  0.14962813],
        [ 0.93890545,  0.96859842,  0.99713196, ..., -0.27049995,
         -0.14962813,  0.        ]],

       [[ 0.        , -0.62352923, -0.82192634, ..., -0.62964489,
         -0.70094477, -0.82329488],
        [ 0.62352923,  0.        , -0.28742366, ..., -0.9766657 ,
         -0.99270939, -0.99757583],
        [ 0.82192634,  0.28742366,  0.        , ..., -0.99718249,
         -0.98546444, -0.93548047],
        ...,
        [ 0.62964489,  0.9766657 ,  0.99718249, ...,  0.        ,
          0.0954796 ,  0.28220866],
        [ 0.70094477,  0.99270939,  0.98546444, ..., -0.0954796 ,
          0.        ,  0.18932071],
        [ 0.82329488,  0.99757583,  0.93548047, ..., -0.28220866,
         -0.18932071,  0.        ]]]), 'num': array([7.11191455e-01, 7.02992446e-01, 9.13029924e-08, 1.02487609e-03,
       1.02944124e-03, 1.00889807e-03, 8.19124796e-04, 3.42386222e-06,
       9.89724438e-04, 9.43388169e-04, 9.35056771e-04, 7.60858270e-07,
       1.02372183e-03, 8.63054506e-04])}
{'img': array([[[ 0.        , -0.10183009, -0.01277597, ...,  0.49671947,
          0.93580838,  0.99656597],
        [ 0.10183009,  0.        ,  0.08911222, ...,  0.5825169 ,
          0.9668399 ,  0.99981742],
        [ 0.01277597, -0.08911222,  0.        , ...,  0.50776734,
          0.94023565,  0.99754252],
        ...,
        [-0.49671947, -0.5825169 , -0.50776734, ...,  0.        ,
          0.63710038,  0.82380108],
        [-0.93580838, -0.9668399 , -0.94023565, ..., -0.63710038,
          0.        ,  0.27381128],
        [-0.99656597, -0.99981742, -0.99754252, ..., -0.82380108,
         -0.27381128,  0.        ]],

       [[ 0.        , -0.24024976, -0.70657904, ...,  0.13395435,
          0.62584581,  0.33991371],
