state_0,state_1,state_2,state_3,state_4,state_5,state_6,state_7,state_8,state_9,state_10,state_11,state_12,state_13,state_14,state_15,state_16,state_17,state_18,state_19,state_20,state_21,state_22,state_23,state_24,state_25,state_26,state_27,state_28,state_29,state_30,state_31,state_32,state_33,state_34,state_35,state_36,state_37,state_38,state_39,state_40,state_41,state_42,state_43,state_44,state_45,state_46,state_47,state_48,state_49,state_50,state_51,state_52,state_53,state_54,state_55,state_56,state_57,state_58,state_59,state_60,state_61,state_62,state_63,state_64,state_65,state_66,state_67,state_68,state_69,state_70,state_71,state_72,state_73,state_74,state_75,state_76,state_77,state_78,state_79,state_80,state_81,state_82,state_83,state_84,state_85,state_86,state_87,state_88,state_89,state_90,state_91,state_92,state_93,state_94,state_95,state_96,state_97,state_98,state_99,state_100,state_101,state_102,state_103,state_104,state_105,state_106,state_107,state_108,state_109,state_110,state_111,state_112,state_113,state_114,state_115,state_116,state_117,state_118,state_119,state_120,state_121,state_122,state_123,state_124,state_125,state_126,state_127,state_128,state_129,state_130,state_131,state_132,state_133,state_134,state_135,state_136,state_137,state_138,state_139,state_140,state_141,state_142,state_143,state_144,state_145,state_146,state_147,state_148,state_149,state_150,state_151,state_152,state_153,state_154,state_155,state_156,state_157,state_158,state_159,state_160,state_161,state_162,state_163,state_164,state_165,state_166,state_167,state_168,state_169,state_170,state_171,state_172,state_173,state_174,state_175,state_176,state_177,state_178,state_179,state_180,state_181,state_182,state_183,state_184,state_185,state_186,state_187,state_188,state_189,state_190,state_191,state_192,state_193,state_194,state_195,state_196,state_197,state_198,state_199,state_200,state_201,state_202,state_203,state_204,state_205,state_206,state_207,state_208,state_209,state_210,state_211,state_212,state_213,state_214,state_215,state_216,state_217,state_218,state_219,state_220,state_221,state_222,state_223,state_224,state_225,state_226,state_227,state_228,state_229,state_230,state_231,state_232,state_233,state_234,state_235,state_236,state_237,state_238,state_239,state_240,state_241,state_242,state_243,state_244,state_245,state_246,state_247,state_248,state_249,state_250,state_251,state_252,state_253,state_254,state_255,state_256,state_257,state_258,state_259,state_260,state_261,state_262,state_263,state_264,state_265,state_266,state_267,state_268,state_269,state_270,state_271,state_272,state_273,state_274,state_275,state_276,state_277,state_278,state_279,state_280,state_281,state_282,state_283,state_284,state_285,state_286,state_287
{'img': array([[[ 0.        ,  0.52955459,  0.60908696, ...,  0.71750658,
          0.77854708,  0.83854809],
        [-0.52955459,  0.        ,  0.09668219, ...,  0.97750568,
          0.99276385,  0.99983605],
        [-0.60908696, -0.09668219,  0.        , ...,  0.99331751,
          0.99972294,  0.99690276],
        ...,
        [-0.71750658, -0.97750568, -0.99331751, ...,  0.        ,
         -0.09200108, -0.19317474],
        [-0.77854708, -0.99276385, -0.99972294, ...,  0.09200108,
          0.        , -0.10208729],
        [-0.83854809, -0.99983605, -0.99690276, ...,  0.19317474,
          0.10208729,  0.        ]],

       [[ 0.        ,  0.25837617,  0.1255721 , ...,  0.15485385,
          0.26202511,  0.11963261],
        [-0.25837617,  0.        , -0.13502276, ..., -0.10566379,
          0.00377911, -0.14095016],
        [-0.1255721 ,  0.13502276,  0.        , ...,  0.02957072,
          0.13876631, -0.00598461],
        ...,
        [-0.15485385,  0.10566379, -0.02957072, ...,  0.        ,
          0.10942099, -0.03555219],
        [-0.26202511, -0.00377911, -0.13876631, ..., -0.10942099,
          0.        , -0.14469053],
        [-0.11963261,  0.14095016,  0.00598461, ...,  0.03555219,
          0.14469053,  0.        ]],

       [[ 0.        ,  0.22675945,  0.36620181, ...,  0.3007903 ,
          0.48314076,  0.62574344],
        [-0.22675945,  0.        ,  0.14565484, ...,  0.50921324,
          0.66909291,  0.78632225],
        [-0.36620181, -0.14565484,  0.        , ...,  0.62913915,
          0.77020493,  0.86792446],
        ...,
        [-0.3007903 , -0.50921324, -0.62913915, ...,  0.        ,
         -0.19741191, -0.36214031],
        [-0.48314076, -0.66909291, -0.77020493, ...,  0.19741191,
          0.        , -0.17100131],
        [-0.62574344, -0.78632225, -0.86792446, ...,  0.36214031,
          0.17100131,  0.        ]],

       ...,

       [[ 0.        , -0.04810486, -0.04810486, ..., -0.93367567,
         -0.96658776, -0.99151468],
        [ 0.04810486,  0.        ,  0.        , ..., -0.91536744,
         -0.95313772, -0.98411342],
        [ 0.04810486,  0.        ,  0.        , ..., -0.91536744,
         -0.95313772, -0.98411342],
        ...,
        [ 0.93367567,  0.91536744,  0.91536744, ...,  0.        ,
         -0.10681953, -0.23370806],
        [ 0.96658776,  0.95313772,  0.95313772, ...,  0.10681953,
          0.        , -0.12850952],
        [ 0.99151468,  0.98411342,  0.98411342, ...,  0.23370806,
          0.12850952,  0.        ]],

       [[ 0.        ,  0.44998991,  0.59678611, ...,  0.32308874,
          0.31724186,  0.33358983],
        [-0.44998991,  0.        ,  0.17187801, ...,  0.71438547,
          0.71005319,  0.72212067],
        [-0.59678611, -0.17187801,  0.        , ...,  0.8240262 ,
          0.82051391,  0.8302738 ],
        ...,
        [-0.32308874, -0.71438547, -0.8240262 , ...,  0.        ,
          0.00617172, -0.0111173 ],
        [-0.31724186, -0.71005319, -0.82051391, ..., -0.00617172,
          0.        , -0.01728842],
        [-0.33358983, -0.72212067, -0.8302738 , ...,  0.0111173 ,
          0.01728842,  0.        ]],

       [[ 0.        , -0.16292745,  0.14550983, ...,  0.39412637,
          0.36369094,  0.27547592],
        [ 0.16292745,  0.        ,  0.30475892, ...,  0.23912059,
          0.2070612 ,  0.11517158],
        [-0.14550983, -0.30475892,  0.        , ...,  0.52366333,
          0.49536538,  0.41242374],
        ...,
        [-0.39412637, -0.23912059, -0.52366333, ...,  0.        ,
          0.03288403,  0.12569895],
        [-0.36369094, -0.2070612 , -0.49536538, ..., -0.03288403,
          0.        ,  0.09300776],
        [-0.27547592, -0.11517158, -0.41242374, ..., -0.12569895,
         -0.09300776,  0.        ]]]), 'num': array([7.07788753e-01, 7.06424097e-01, 5.80704646e-07, 1.74955887e-05,
       1.76444873e-05, 1.71977914e-05, 2.73191756e-04, 3.35021911e-07,
       1.75253684e-05, 1.75849279e-05, 1.56771642e-05, 3.75003950e-07,
       1.85340909e-05, 1.66357648e-05])}
{'img': array([[[ 0.        ,  0.14365363,  0.66683505, ...,  0.95164595,
          0.97870963,  0.93294822],
        [-0.14365363,  0.        ,  0.55286721, ...,  0.98590547,
          0.99804335,  0.97498854],
        [-0.66683505, -0.55286721,  0.        , ...,  0.91402136,
          0.86620738,  0.93530567],
        ...,
        [-0.95164595, -0.98590547, -0.91402136, ...,  0.        ,
         -0.10533154,  0.05600373],
        [-0.97870963, -0.99804335, -0.86620738, ...,  0.10533154,
          0.        ,  0.16085842],
        [-0.93294822, -0.97498854, -0.93530567, ..., -0.05600373,
         -0.16085842,  0.        ]],

       [[ 0.        , -0.13502276,  0.31981366, ...,  0.00377911,
         -0.14095016, -0.27663728],
        [ 0.13502276,  0.        ,  0.4448164 , ...,  0.13876631,
         -0.00598461, -0.14435055],
        [-0.31981366, -0.4448164 ,  0.        , ..., -0.31623075,
         -0.45016839, -0.56944117],
        ...,
        [-0.00377911, -0.13876631,  0.31623075, ...,  0.        ,
         -0.14469053, -0.28026694],
        [ 0.14095016,  0.00598461,  0.45016839, ...,  0.14469053,
          0.        , -0.13842603],
        [ 0.27663728,  0.14435055,  0.56944117, ...,  0.28026694,
          0.13842603,  0.        ]],

       [[ 0.        ,  0.29332844,  0.48610521, ...,  0.48610521,
          0.62934492,  0.70156042],
        [-0.29332844,  0.        ,  0.20838248, ...,  0.72106209,
          0.82961431,  0.87972876],
        [-0.48610521, -0.20838248,  0.        , ...,  0.84961498,
          0.92774976,  0.95949728],
        ...,
        [-0.48610521, -0.72106209, -0.84961498, ...,  0.        ,
         -0.17221966, -0.26669044],
        [-0.62934492, -0.82961431, -0.92774976, ...,  0.17221966,
          0.        , -0.09672345],
        [-0.70156042, -0.87972876, -0.95949728, ...,  0.26669044,
          0.09672345,  0.        ]],

       ...,

       [[ 0.        ,  0.        ,  0.23636237, ..., -0.95313772,
         -0.98411342, -0.95982098],
        [ 0.        ,  0.        ,  0.23636237, ..., -0.95313772,
         -0.98411342, -0.95982098],
        [-0.23636237, -0.23636237,  0.        , ..., -0.99763885,
         -0.99819254, -0.9989508 ],
        ...,
        [ 0.95313772,  0.95313772,  0.99763885, ...,  0.        ,
         -0.12850952, -0.02291823],
        [ 0.98411342,  0.98411342,  0.99819254, ...,  0.12850952,
          0.        ,  0.10574757],
        [ 0.95982098,  0.95982098,  0.9989508 , ...,  0.02291823,
         -0.10574757,  0.        ]],

       [[ 0.        ,  0.42701305,  0.66672791, ...,  0.32583728,
          0.34259937,  0.56041886],
        [-0.42701305,  0.        ,  0.28463235, ...,  0.69834606,
          0.71096482,  0.8604124 ],
        [-0.66672791, -0.28463235,  0.        , ...,  0.87318873,
          0.88171832,  0.96987113],
        ...,
        [-0.32583728, -0.69834606, -0.87318873, ...,  0.        ,
         -0.01778417, -0.259973  ],
        [-0.34259937, -0.71096482, -0.88171832, ...,  0.01778417,
          0.        , -0.24275921],
        [-0.56041886, -0.8604124 , -0.96987113, ...,  0.259973  ,
          0.24275921,  0.        ]],

       [[ 0.        ,  0.29685213,  0.39514416, ...,  0.48482356,
          0.45821325,  0.        ],
        [-0.29685213,  0.        ,  0.10463839, ...,  0.72259981,
          0.70141331,  0.29685213],
        [-0.39514416, -0.10463839,  0.        , ...,  0.79096601,
          0.77214429,  0.39514416],
        ...,
        [-0.48482356, -0.72259981, -0.79096601, ...,  0.        ,
          0.03017288,  0.48482356],
        [-0.45821325, -0.70141331, -0.77214429, ..., -0.03017288,
          0.        ,  0.45821325],
        [-0.        , -0.29685213, -0.39514416, ..., -0.48482356,
         -0.45821325,  0.        ]]]), 'num': array([7.07089480e-01, 7.07089480e-01, 0.00000000e+00, 7.32995775e-05,
       7.92427865e-05, 7.05565580e-05, 6.99238348e-03, 1.67628972e-06,
       7.16537658e-05, 7.21490332e-05, 6.44863574e-05, 1.54631003e-06,
       7.59733537e-05, 6.83247128e-05])}
{'img': array([[[ 0.        ,  0.55286721,  0.13716507, ...,  0.99804335,
          0.97498854,  0.89580642],
        [-0.55286721,  0.        , -0.43334617, ...,  0.86620738,
          0.93530567,  0.99216681],
        [-0.13716507,  0.43334617,  0.        , ...,  0.9971864 ,
          0.99625879,  0.94830169],
        ...,
        [-0.99804335, -0.86620738, -0.9971864 , ...,  0.        ,
          0.16085842,  0.38756388],
        [-0.97498854, -0.93530567, -0.99625879, ..., -0.16085842,
          0.        ,  0.23423064],
        [-0.89580642, -0.99216681, -0.94830169, ..., -0.38756388,
         -0.23423064,  0.        ]],

       [[ 0.        ,  0.4448164 ,  0.13738823, ..., -0.00598461,
         -0.14435055,  0.59871753],
        [-0.4448164 ,  0.        , -0.31755044, ..., -0.45016839,
         -0.56944117,  0.1799442 ],
        [-0.13738823,  0.31755044,  0.        , ..., -0.14331364,
         -0.27893103,  0.48299754],
        ...,
        [ 0.00598461,  0.45016839,  0.14331364, ...,  0.        ,
         -0.13842603,  0.60350024],
        [ 0.14435055,  0.56944117,  0.27893103, ...,  0.13842603,
          0.        ,  0.70806598],
        [-0.59871753, -0.1799442 , -0.48299754, ..., -0.60350024,
         -0.70806598,  0.        ]],

       [[ 0.        ,  0.4010824 ,  0.52179083, ...,  0.63548411,
          0.70806533,  0.71692391],
        [-0.4010824 ,  0.        ,  0.13582955, ...,  0.89181144,
          0.93184068,  0.93634756],
        [-0.52179083, -0.13582955,  0.        , ...,  0.94499661,
          0.97249274,  0.97535598],
        ...,
        [-0.63548411, -0.89181144, -0.94499661, ...,  0.        ,
         -0.09796196, -0.11051829],
        [-0.70806533, -0.93184068, -0.97249274, ...,  0.09796196,
          0.        , -0.01262486],
        [-0.71692391, -0.93634756, -0.97535598, ...,  0.11051829,
          0.01262486,  0.        ]],

       ...,

       [[ 0.        ,  0.23636237, -0.35478493, ..., -0.98411342,
         -0.95982098, -0.95425421],
        [-0.23636237,  0.        , -0.5657186 , ..., -0.99819254,
         -0.9989508 , -0.99788691],
        [ 0.35478493,  0.5657186 ,  0.        , ..., -0.85710597,
         -0.79782537, -0.78609855],
        ...,
        [ 0.98411342,  0.99819254,  0.85710597, ...,  0.        ,
          0.10574757,  0.12482731],
        [ 0.95982098,  0.9989508 ,  0.79782537, ..., -0.10574757,
          0.        ,  0.01920694],
        [ 0.95425421,  0.99788691,  0.78609855, ..., -0.12482731,
         -0.01920694,  0.        ]],

       [[ 0.        ,  0.39475775,  0.42122908, ...,  0.54387639,
          0.73463433,  0.72159342],
        [-0.39475775,  0.        ,  0.02899183, ...,  0.83097262,
          0.94279981,  0.93628691],
        [-0.42122908, -0.02899183,  0.        , ...,  0.84675186,
          0.9520682 ,  0.94607632],
        ...,
        [-0.54387639, -0.83097262, -0.84675186, ...,  0.        ,
         -0.24747952, -0.22900128],
        [-0.73463433, -0.94279981, -0.9520682 , ...,  0.24747952,
          0.        ,  0.01902526],
        [-0.72159342, -0.93628691, -0.94607632, ...,  0.22900128,
         -0.01902526,  0.        ]],

       [[ 0.        ,  0.26912058,  0.52300489, ...,  0.48648726,
          0.16285917,  0.        ],
        [-0.26912058,  0.        ,  0.27432994, ...,  0.70366638,
          0.42237837,  0.26912058],
        [-0.52300489, -0.27432994,  0.        , ...,  0.87159046,
          0.65483213,  0.52300489],
        ...,
        [-0.48648726, -0.70366638, -0.87159046, ...,  0.        ,
          0.33770428,  0.48648726],
        [-0.16285917, -0.42237837, -0.65483213, ..., -0.33770428,
          0.        ,  0.16285917],
        [-0.        , -0.26912058, -0.52300489, ..., -0.48648726,
         -0.16285917,  0.        ]]]), 'num': array([7.07094420e-01, 7.07094420e-01, 0.00000000e+00, 7.45192179e-05,
       7.71098656e-05, 7.36048717e-05, 5.90945018e-03, 1.21912831e-06,
       7.21723959e-05, 7.23705043e-05, 6.48042892e-05, 1.70059565e-06,
       7.62062809e-05, 6.85347277e-05])}
{'img': array([[[ 0.        , -0.43334617, -0.28693972, ...,  0.93530567,
          0.99216681,  0.99332084],
        [ 0.43334617,  0.        ,  0.15652539, ...,  0.99625879,
          0.94830169,  0.84520641],
        [ 0.28693972, -0.15652539,  0.        , ...,  0.99750577,
          0.98628937,  0.91844178],
        ...,
        [-0.93530567, -0.99625879, -0.99750577, ...,  0.        ,
          0.23423064,  0.45939774],
        [-0.99216681, -0.94830169, -0.98628937, ..., -0.23423064,
          0.        ,  0.23856694],
        [-0.99332084, -0.84520641, -0.91844178, ..., -0.45939774,
         -0.23856694,  0.        ]],

       [[ 0.        , -0.31755044, -0.62816484, ..., -0.56944117,
          0.1799442 ,  0.07017675],
        [ 0.31755044,  0.        , -0.34857216, ..., -0.27893103,
          0.48299754,  0.38331203],
        [ 0.62816484,  0.34857216,  0.        , ...,  0.07330071,
          0.75792223,  0.68121929],
        ...,
        [ 0.56944117,  0.27893103, -0.07330071, ...,  0.        ,
          0.70806598,  0.62572479],
        [-0.1799442 , -0.48299754, -0.75792223, ..., -0.70806598,
          0.        , -0.11046932],
        [-0.07017675, -0.38331203, -0.68121929, ..., -0.62572479,
          0.11046932,  0.        ]],

       [[ 0.        ,  0.35656033,  0.52716127, ...,  0.72067724,
          0.72959351,  0.67579546],
        [-0.35656033,  0.        ,  0.18951959, ...,  0.92050163,
          0.92548386,  0.89419375],
        [-0.52716127, -0.18951959,  0.        , ...,  0.97787196,
          0.98049883,  0.96283239],
        ...,
        [-0.72067724, -0.92050163, -0.97787196, ...,  0.        ,
         -0.01294831,  0.0626942 ],
        [-0.72959351, -0.92548386, -0.98049883, ...,  0.01294831,
          0.        ,  0.07561178],
        [-0.67579546, -0.89419375, -0.96283239, ..., -0.0626942 ,
         -0.07561178,  0.        ]],

       ...,

       [[ 0.        , -0.5657186 , -0.40632454, ..., -0.9989508 ,
         -0.99788691, -0.95263813],
        [ 0.5657186 ,  0.        ,  0.18185885, ..., -0.79782537,
         -0.78609855, -0.61350529],
        [ 0.40632454, -0.18185885,  0.        , ..., -0.89416198,
         -0.88539725, -0.74688709],
        ...,
        [ 0.9989508 ,  0.79782537,  0.89416198, ...,  0.        ,
          0.01920694,  0.26015985],
        [ 0.99788691,  0.78609855,  0.88539725, ..., -0.01920694,
          0.        ,  0.2415663 ],
        [ 0.95263813,  0.61350529,  0.74688709, ..., -0.26015985,
         -0.2415663 ,  0.        ]],

       [[ 0.        ,  0.02899183,  0.07354131, ...,  0.94279981,
          0.93628691,  0.91869425],
        [-0.02899183,  0.        ,  0.04459707, ...,  0.9520682 ,
          0.94607632,  0.92975896],
        [-0.07354131, -0.04459707,  0.        , ...,  0.96476256,
          0.95958198,  0.94525315],
        ...,
        [-0.94279981, -0.9520682 , -0.96476256, ...,  0.        ,
          0.01902526,  0.06612173],
        [-0.93628691, -0.94607632, -0.95958198, ..., -0.01902526,
          0.        ,  0.04712613],
        [-0.91869425, -0.92975896, -0.94525315, ..., -0.06612173,
         -0.04712613,  0.        ]],

       [[ 0.        ,  0.46010756,  0.61777476, ...,  0.227864  ,
          0.15944043,  0.        ],
        [-0.46010756,  0.        ,  0.18669153, ...,  0.65031555,
          0.59578294,  0.46010756],
        [-0.61777476, -0.18669153,  0.        , ...,  0.78070495,
          0.7352487 ,  0.61777476],
        ...,
        [-0.227864  , -0.65031555, -0.78070495, ...,  0.        ,
          0.06970303,  0.227864  ],
        [-0.15944043, -0.59578294, -0.7352487 , ..., -0.06970303,
          0.        ,  0.15944043],
        [-0.        , -0.46010756, -0.61777476, ..., -0.227864  ,
         -0.15944043,  0.        ]]]), 'num': array([ 7.07105614e-01,  7.07105614e-01,  0.00000000e+00,  7.39108239e-05,
        7.57395453e-05,  7.36060369e-05,  1.80555761e-03, -6.09573805e-07,
        7.27221549e-05,  7.25240434e-05,  6.50415250e-05,  1.75138742e-06,
        7.63501814e-05,  6.86979055e-05])}
{'img': array([[[ 0.        ,  0.15652539,  0.02439357, ...,  0.94830169,
          0.84520641,  0.90879868],
        [-0.15652539,  0.        , -0.13238592, ...,  0.98628937,
          0.91844178,  0.96290463],
        [-0.02439357,  0.13238592,  0.        , ...,  0.9557613 ,
          0.85799181,  0.9187061 ],
        ...,
        [-0.94830169, -0.98628937, -0.9557613 , ...,  0.        ,
          0.23856694,  0.10723884],
        [-0.84520641, -0.91844178, -0.85799181, ..., -0.23856694,
          0.        , -0.13304876],
        [-0.90879868, -0.96290463, -0.9187061 , ..., -0.10723884,
          0.13304876,  0.        ]],

       [[ 0.        , -0.34857216, -0.3391113 , ...,  0.48299754,
          0.38331203, -0.13968049],
        [ 0.34857216,  0.        ,  0.01007506, ...,  0.75792223,
          0.68121929,  0.21423498],
        [ 0.3391113 , -0.01007506,  0.        , ...,  0.75131134,
          0.67380897,  0.20438296],
        ...,
        [-0.48299754, -0.75792223, -0.75131134, ...,  0.        ,
         -0.11046932, -0.60056981],
        [-0.38331203, -0.68121929, -0.67380897, ...,  0.11046932,
          0.        , -0.50856583],
        [ 0.13968049, -0.21423498, -0.20438296, ...,  0.60056981,
          0.50856583,  0.        ]],

       [[ 0.        ,  0.23508245,  0.29662276, ...,  0.88117505,
          0.8424877 ,  0.79155584],
        [-0.23508245,  0.        ,  0.06380753, ...,  0.96762517,
          0.94551993,  0.91303098],
        [-0.29662276, -0.06380753,  0.        , ...,  0.98175785,
          0.96436662,  0.93719689],
        ...,
        [-0.88117505, -0.96762517, -0.98175785, ...,  0.        ,
          0.07638283,  0.16424348],
        [-0.8424877 , -0.94551993, -0.96436662, ..., -0.07638283,
          0.        ,  0.08841811],
        [-0.79155584, -0.91303098, -0.93719689, ..., -0.16424348,
         -0.08841811,  0.        ]],

       ...,

       [[ 0.        ,  0.18185885,  0.02546133, ..., -0.78609855,
         -0.61350529, -0.55338177],
        [-0.18185885,  0.        , -0.15676313, ..., -0.88539725,
         -0.74688709, -0.69562921],
        [-0.02546133,  0.15676313,  0.        , ..., -0.80158138,
         -0.63341297, -0.57440981],
        ...,
        [ 0.78609855,  0.88539725,  0.80158138, ...,  0.        ,
          0.2415663 ,  0.31271736],
        [ 0.61350529,  0.74688709,  0.63341297, ..., -0.2415663 ,
          0.        ,  0.07400519],
        [ 0.55338177,  0.69562921,  0.57440981, ..., -0.31271736,
         -0.07400519,  0.        ]],

       [[ 0.        ,  0.04459707,  0.07911597, ...,  0.94607632,
          0.92975896,  0.9179514 ],
        [-0.04459707,  0.        ,  0.03457998, ...,  0.95958198,
          0.94525315,  0.93472943],
        [-0.07911597, -0.03457998,  0.        , ...,  0.9687399 ,
          0.95597259,  0.94645875],
        ...,
        [-0.94607632, -0.95958198, -0.9687399 , ...,  0.        ,
          0.04712613,  0.07793705],
        [-0.92975896, -0.94525315, -0.95597259, ..., -0.04712613,
          0.        ,  0.03086767],
        [-0.9179514 , -0.93472943, -0.94645875, ..., -0.07793705,
         -0.03086767,  0.        ]],

       [[ 0.        ,  0.4500106 ,  0.58992136, ...,  0.21736907,
          0.1440451 ,  0.        ],
        [-0.4500106 ,  0.        ,  0.16344758, ...,  0.63336624,
          0.57395311,  0.4500106 ],
        [-0.58992136, -0.16344758,  0.        , ...,  0.75133302,
          0.7000799 ,  0.58992136],
        ...,
        [-0.21736907, -0.63336624, -0.75133302, ...,  0.        ,
          0.07450125,  0.21736907],
        [-0.1440451 , -0.57395311, -0.7000799 , ..., -0.07450125,
          0.        ,  0.1440451 ],
        [-0.        , -0.4500106 , -0.58992136, ..., -0.21736907,
         -0.1440451 ,  0.        ]]]), 'num': array([7.07105188e-01, 7.07105188e-01, 0.00000000e+00, 7.42155660e-05,
       7.55871063e-05, 7.36059926e-05, 2.11311680e-03, 3.04786719e-07,
       7.35145566e-05, 7.26916324e-05, 6.53411927e-05, 2.07570265e-06,
       7.65057310e-05, 6.88775338e-05])}
{'img': array([[[ 0.        , -0.13238592, -0.70405552, ...,  0.91844178,
          0.96290463,  0.94429068],
        [ 0.13238592,  0.        , -0.60384541, ...,  0.85799181,
          0.9187061 ,  0.89240939],
        [ 0.70405552,  0.60384541,  0.        , ...,  0.37373325,
          0.49381812,  0.43886968],
        ...,
        [-0.91844178, -0.85799181, -0.37373325, ...,  0.        ,
         -0.13304876, -0.07124925],
        [-0.96290463, -0.9187061 , -0.49381812, ...,  0.13304876,
          0.        ,  0.06209482],
        [-0.94429068, -0.89240939, -0.43886968, ...,  0.07124925,
         -0.06209482,  0.        ]],

       [[ 0.        ,  0.01007506,  0.01462453, ...,  0.68121929,
          0.21423498,  0.26610963],
        [-0.01007506,  0.        ,  0.0045498 , ...,  0.67380897,
          0.20438296,  0.25638433],
        [-0.01462453, -0.0045498 ,  0.        , ...,  0.67044012,
          0.19992708,  0.25198395],
        ...,
        [-0.68121929, -0.67380897, -0.67044012, ...,  0.        ,
         -0.50856583, -0.46184303],
        [-0.21423498, -0.20438296, -0.19992708, ...,  0.50856583,
          0.        ,  0.05342088],
        [-0.26610963, -0.25638433, -0.25198395, ...,  0.46184303,
         -0.05342088,  0.        ]],

       [[ 0.        ,  0.06380753,  0.01335781, ...,  0.94551993,
          0.91303098,  0.84180998],
        [-0.06380753,  0.        , -0.05047125, ...,  0.96436662,
          0.93719689,  0.87453621],
        [-0.01335781,  0.05047125,  0.        , ...,  0.9497844 ,
          0.91839804,  0.84894508],
        ...,
        [-0.94551993, -0.96436662, -0.9497844 , ...,  0.        ,
          0.08841811,  0.23630384],
        [-0.91303098, -0.93719689, -0.91839804, ..., -0.08841811,
          0.        ,  0.1494643 ],
        [-0.84180998, -0.87453621, -0.84894508, ..., -0.23630384,
         -0.1494643 ,  0.        ]],

       ...,

       [[ 0.        , -0.15676313, -0.4456758 , ..., -0.74688709,
         -0.69562921, -0.317081  ],
        [ 0.15676313,  0.        , -0.29983208, ..., -0.63341297,
         -0.57440981, -0.16448677],
        [ 0.4456758 ,  0.29983208,  0.        , ..., -0.37225666,
         -0.30254945,  0.1388291 ],
        ...,
        [ 0.74688709,  0.63341297,  0.37225666, ...,  0.        ,
          0.07400519,  0.49750328],
        [ 0.69562921,  0.57440981,  0.30254945, ..., -0.07400519,
          0.        ,  0.43194236],
        [ 0.317081  ,  0.16448677, -0.1388291 , ..., -0.49750328,
         -0.43194236,  0.        ]],

       [[ 0.        ,  0.03457998,  0.04041142, ...,  0.94525315,
          0.93472943,  0.92143462],
        [-0.03457998,  0.        ,  0.00583552, ...,  0.95597259,
          0.94645875,  0.93431902],
        [-0.04041142, -0.00583552,  0.        , ...,  0.95766878,
          0.94832648,  0.93638312],
        ...,
        [-0.94525315, -0.95597259, -0.95766878, ...,  0.        ,
          0.03086767,  0.06656335],
        [-0.93472943, -0.94645875, -0.94832648, ..., -0.03086767,
          0.        ,  0.03573242],
        [-0.92143462, -0.93431902, -0.93638312, ..., -0.06656335,
         -0.03573242,  0.        ]],

       [[ 0.        ,  0.41427682,  0.54178107, ...,  0.21365235,
          0.15533975,  0.        ],
        [-0.41427682,  0.        ,  0.14489474, ...,  0.59916696,
          0.55063058,  0.41427682],
        [-0.54178107, -0.14489474,  0.        , ...,  0.70885021,
          0.66577055,  0.54178107],
        ...,
        [-0.21365235, -0.59916696, -0.70885021, ...,  0.        ,
          0.05930593,  0.21365235],
        [-0.15533975, -0.55063058, -0.66577055, ..., -0.05930593,
          0.        ,  0.15533975],
        [-0.        , -0.41427682, -0.54178107, ..., -0.21365235,
         -0.15533975,  0.        ]]]), 'num': array([7.07103267e-01, 7.07103267e-01, 0.00000000e+00, 7.54345080e-05,
       7.61964727e-05, 7.16246843e-05, 3.14609140e-03, 1.21914356e-06,
       7.42763216e-05, 7.29200244e-05, 6.56432612e-05, 1.78077150e-06,
       7.68154456e-05, 6.90246031e-05])}
{'img': array([[[ 0.        , -0.60191369, -0.07550044, ...,  0.92799197,
          0.90459532,  0.60191369],
        [ 0.60191369,  0.        ,  0.53990397, ...,  0.51678518,
          0.46579609,  0.        ],
        [ 0.07550044, -0.53990397,  0.        , ...,  0.89721179,
          0.86982972,  0.53990397],
        ...,
        [-0.92799197, -0.51678518, -0.89721179, ...,  0.        ,
          0.05852405,  0.51678518],
        [-0.90459532, -0.46579609, -0.86982972, ..., -0.05852405,
          0.        ,  0.46579609],
        [-0.60191369, -0.        , -0.53990397, ..., -0.51678518,
         -0.46579609,  0.        ]],

       [[ 0.        ,  0.0045498 , -0.05939823, ...,  0.20438296,
          0.25638433,  0.40227796],
        [-0.0045498 ,  0.        , -0.06393939, ...,  0.19992708,
          0.25198395,  0.39810837],
        [ 0.05939823,  0.06393939,  0.        , ...,  0.26216649,
          0.3133445 ,  0.45594782],
        ...,
        [-0.20438296, -0.19992708, -0.26216649, ...,  0.        ,
          0.05342088,  0.20667009],
        [-0.25638433, -0.25198395, -0.3133445 , ..., -0.05342088,
          0.        ,  0.15410742],
        [-0.40227796, -0.39810837, -0.45594782, ..., -0.20667009,
         -0.15410742,  0.        ]],

       [[ 0.        , -0.05047125, -0.25173118, ...,  0.93719689,
          0.87453621,  0.76080187],
        [ 0.05047125,  0.        , -0.20256442, ...,  0.91839804,
          0.84894508,  0.7270772 ],
        [ 0.25173118,  0.20256442,  0.        , ...,  0.8192125 ,
          0.72429408,  0.57293236],
        ...,
        [-0.93719689, -0.91839804, -0.8192125 , ...,  0.        ,
          0.1494643 ,  0.3428577 ],
        [-0.87453621, -0.84894508, -0.72429408, ..., -0.1494643 ,
          0.        ,  0.19860155],
        [-0.76080187, -0.7270772 , -0.57293236, ..., -0.3428577 ,
         -0.19860155,  0.        ]],

       ...,

       [[ 0.        , -0.29983208, -0.27603011, ..., -0.57440981,
         -0.16448677, -0.53954619],
        [ 0.29983208,  0.        ,  0.02485279, ..., -0.30254945,
          0.1388291 , -0.26227733],
        [ 0.27603011, -0.02485279,  0.        , ..., -0.32614403,
          0.1141741 , -0.28617907],
        ...,
        [ 0.57440981,  0.30254945,  0.32614403, ...,  0.        ,
          0.43194236,  0.04197261],
        [ 0.16448677, -0.1388291 , -0.1141741 , ..., -0.43194236,
          0.        , -0.39370657],
        [ 0.53954619,  0.26227733,  0.28617907, ..., -0.04197261,
          0.39370657,  0.        ]],

       [[ 0.        ,  0.00583552,  0.03038218, ...,  0.94645875,
          0.93431902,  0.90285555],
        [-0.00583552,  0.        ,  0.02454883, ...,  0.94832648,
          0.93638312,  0.90534912],
        [-0.03038218, -0.02454883,  0.        , ...,  0.95582994,
          0.94471706,  0.91550138],
        ...,
        [-0.94645875, -0.94832648, -0.95582994, ...,  0.        ,
          0.03573242,  0.11546014],
        [-0.93431902, -0.93638312, -0.94471706, ..., -0.03573242,
          0.        ,  0.07989296],
        [-0.90285555, -0.90534912, -0.91550138, ..., -0.11546014,
         -0.07989296,  0.        ]],

       [[ 0.        ,  0.37389463,  0.5173601 , ...,  0.21327151,
          0.14359186,  0.        ],
        [-0.37389463,  0.        ,  0.1598696 , ...,  0.56309561,
          0.50319727,  0.37389463],
        [-0.5173601 , -0.1598696 ,  0.        , ...,  0.68796807,
          0.63487998,  0.5173601 ],
        ...,
        [-0.21327151, -0.56309561, -0.68796807, ...,  0.        ,
          0.07077315,  0.21327151],
        [-0.14359186, -0.50319727, -0.63487998, ..., -0.07077315,
          0.        ,  0.14359186],
        [-0.        , -0.37389463, -0.5173601 , ..., -0.21327151,
         -0.14359186,  0.        ]]]), 'num': array([7.07103575e-01, 7.07103575e-01, 0.00000000e+00, 7.65012919e-05,
       7.77204360e-05, 7.37582177e-05, 3.00418440e-03, 1.06675108e-06,
       7.49164046e-05, 7.31715046e-05, 6.59785545e-05, 1.76637355e-06,
       7.73027609e-05, 6.90402484e-05])}
{'img': array([[[ 0.        ,  0.52788627,  0.52788627, ...,  0.60723727,
          0.42730066,  0.        ],
        [-0.52788627,  0.        ,  0.        , ...,  0.93515225,
          0.84017993,  0.52788627],
        [-0.52788627,  0.        ,  0.        , ...,  0.93515225,
          0.84017993,  0.52788627],
        ...,
        [-0.60723727, -0.93515225, -0.93515225, ...,  0.        ,
          0.20950988,  0.60723727],
        [-0.42730066, -0.84017993, -0.84017993, ..., -0.20950988,
          0.        ,  0.42730066],
        [-0.        , -0.52788627, -0.52788627, ..., -0.60723727,
         -0.42730066,  0.        ]],

       [[ 0.        , -0.06393939, -0.12143812, ...,  0.25198395,
          0.39810837,  0.38007008],
        [ 0.06393939,  0.        , -0.05772346, ...,  0.3133445 ,
          0.45594782,  0.43843361],
        [ 0.12143812,  0.05772346,  0.        , ...,  0.36763851,
          0.50656183,  0.48958231],
        ...,
        [-0.25198395, -0.3133445 , -0.36763851, ...,  0.        ,
          0.15410742,  0.13473126],
        [-0.39810837, -0.45594782, -0.50656183, ..., -0.15410742,
          0.        , -0.01958053],
        [-0.38007008, -0.43843361, -0.48958231, ..., -0.13473126,
          0.01958053,  0.        ]],

       [[ 0.        , -0.20157695, -0.22334351, ...,  0.86579213,
          0.76258998,  0.48054219],
        [ 0.20157695,  0.        , -0.02227379, ...,  0.74714987,
          0.61653952,  0.29390069],
        [ 0.22334351,  0.02227379,  0.        , ...,  0.7321601 ,
          0.59884987,  0.27253768],
        ...,
        [-0.86579213, -0.74714987, -0.7321601 , ...,  0.        ,
          0.17846254,  0.51880997],
        [-0.76258998, -0.61653952, -0.59884987, ..., -0.17846254,
          0.        ,  0.3579156 ],
        [-0.48054219, -0.29390069, -0.27253768, ..., -0.51880997,
         -0.3579156 ,  0.        ]],

       ...,

       [[ 0.        ,  0.02485279, -0.21325536, ...,  0.1388291 ,
         -0.26227733, -0.28200001],
        [-0.02485279,  0.        , -0.23747058, ...,  0.1141741 ,
         -0.28617907, -0.30575703],
        [ 0.21325536,  0.23747058,  0.        , ...,  0.34682581,
         -0.0504542 , -0.07091276],
        ...,
        [-0.1388291 , -0.1141741 , -0.34682581, ...,  0.        ,
         -0.39370657, -0.41246386],
        [ 0.26227733,  0.28617907,  0.0504542 , ...,  0.39370657,
          0.        , -0.02049526],
        [ 0.28200001,  0.30575703,  0.07091276, ...,  0.41246386,
          0.02049526,  0.        ]],

       [[ 0.        ,  0.02454883,  0.01796667, ...,  0.93638312,
          0.90534912,  0.81718951],
        [-0.02454883,  0.        , -0.00658362, ...,  0.94471706,
          0.91550138,  0.83109242],
        [-0.01796667,  0.00658362,  0.        , ...,  0.9425379 ,
          0.91283286,  0.82741304],
        ...,
        [-0.93638312, -0.94471706, -0.9425379 , ...,  0.        ,
          0.07989296,  0.25288544],
        [-0.90534912, -0.91550138, -0.91283286, ..., -0.07989296,
          0.        ,  0.17478094],
        [-0.81718951, -0.83109242, -0.82741304, ..., -0.25288544,
         -0.17478094,  0.        ]],

       [[ 0.        ,  0.37840317,  0.54897569, ...,  0.15372565,
          0.0477274 ,  0.        ],
        [-0.37840317,  0.        ,  0.19187046, ...,  0.51620005,
          0.42215038,  0.37840317],
        [-0.54897569, -0.19187046,  0.        , ...,  0.67094011,
          0.58824246,  0.54897569],
        ...,
        [-0.15372565, -0.51620005, -0.67094011, ...,  0.        ,
          0.10639037,  0.15372565],
        [-0.0477274 , -0.42215038, -0.58824246, ..., -0.10639037,
          0.        ,  0.0477274 ],
        [-0.        , -0.37840317, -0.54897569, ..., -0.15372565,
         -0.0477274 ,  0.        ]]]), 'num': array([7.07073658e-01, 7.07073658e-01, 0.00000000e+00, 7.92410134e-05,
       8.22887447e-05, 7.42122568e-05, 9.67669922e-03, 2.74295816e-06,
       7.58580317e-05, 7.34808013e-05, 6.63922863e-05, 1.92007071e-06,
       7.83843348e-05, 6.85772678e-05])}
{'img': array([[[ 0.        ,  0.        ,  0.05144992, ...,  0.86951711,
          0.79751376,  0.22571427],
        [ 0.        ,  0.        ,  0.05144992, ...,  0.86951711,
          0.79751376,  0.22571427],
        [-0.05144992, -0.05144992,  0.        , ...,  0.89377676,
          0.82749729,  0.2755375 ],
        ...,
        [-0.86951711, -0.86951711, -0.89377676, ...,  0.        ,
          0.13068603,  0.73559705],
        [-0.79751376, -0.79751376, -0.82749729, ..., -0.13068603,
          0.        ,  0.64075918],
        [-0.22571427, -0.22571427, -0.2755375 , ..., -0.73559705,
         -0.64075918,  0.        ]],

       [[ 0.        , -0.05772346, -0.10889745, ...,  0.45594782,
          0.43843361,  0.91922457],
        [ 0.05772346,  0.        , -0.0513357 , ...,  0.50656183,
          0.48958231,  0.94041954],
        [ 0.10889745,  0.0513357 ,  0.        , ...,  0.55015573,
          0.5336993 ,  0.95663452],
        ...,
        [-0.45594782, -0.50656183, -0.55015573, ...,  0.        ,
         -0.01958053,  0.63859386],
        [-0.43843361, -0.48958231, -0.5336993 , ...,  0.01958053,
          0.        ,  0.6535395 ],
        [-0.91922457, -0.94041954, -0.95663452, ..., -0.63859386,
         -0.6535395 ,  0.        ]],

       [[ 0.        , -0.02173793, -0.13553082, ...,  0.75656587,
          0.66422988,  0.28711961],
        [ 0.02173793,  0.        , -0.11396145, ...,  0.74217229,
          0.64782321,  0.26622912],
        [ 0.13553082,  0.11396145,  0.        , ...,  0.66095916,
          0.55678799,  0.15464614],
        ...,
        [-0.75656587, -0.74217229, -0.66095916, ...,  0.        ,
          0.13120291,  0.53695793],
        [-0.66422988, -0.64782321, -0.55678799, ..., -0.13120291,
          0.        ,  0.42163225],
        [-0.28711961, -0.26622912, -0.15464614, ..., -0.53695793,
         -0.42163225,  0.        ]],

       ...,

       [[ 0.        , -0.23747058, -0.3820186 , ..., -0.28617907,
         -0.30575703, -0.09682403],
        [ 0.23747058,  0.        , -0.15163133, ..., -0.0504542 ,
         -0.07091276,  0.14230047],
        [ 0.3820186 ,  0.15163133,  0.        , ...,  0.1015674 ,
          0.0811568 ,  0.29074332],
        ...,
        [ 0.28617907,  0.0504542 , -0.1015674 , ...,  0.        ,
         -0.02049526,  0.19205999],
        [ 0.30575703,  0.07091276, -0.0811568 , ...,  0.02049526,
          0.        ,  0.21213335],
        [ 0.09682403, -0.14230047, -0.29074332, ..., -0.19205999,
         -0.21213335,  0.        ]],

       [[ 0.        , -0.00641135, -0.01409131, ...,  0.96959179,
          0.94028832,  0.67794726],
        [ 0.00641135,  0.        , -0.00768031, ...,  0.96800283,
          0.93808671,  0.67322027],
        [ 0.01409131,  0.00768031,  0.        , ...,  0.96604699,
          0.93539857,  0.66752127],
        ...,
        [-0.96959179, -0.96800283, -0.96604699, ...,  0.        ,
          0.0999139 ,  0.54684453],
        [-0.94028832, -0.93808671, -0.93539857, ..., -0.0999139 ,
          0.        ,  0.46045684],
        [-0.67794726, -0.67322027, -0.66752127, ..., -0.54684453,
         -0.46045684,  0.        ]],

       [[ 0.        ,  0.42171231,  0.57100465, ...,  0.04863964,
          0.        ,  0.26178323],
        [-0.42171231,  0.        ,  0.17154349, ...,  0.46531617,
          0.42171231,  0.64437243],
        [-0.57100465, -0.17154349,  0.        , ...,  0.61025936,
          0.57100465,  0.76600194],
        ...,
        [-0.04863964, -0.46531617, -0.61025936, ...,  0.        ,
          0.04863964, -0.21452996],
        [-0.        , -0.42171231, -0.57100465, ..., -0.04863964,
          0.        , -0.26178323],
        [-0.26178323, -0.64437243, -0.76600194, ...,  0.21452996,
          0.26178323,  0.        ]]]), 'num': array([ 7.07004968e-01,  7.07004968e-01,  0.00000000e+00,  7.35955603e-05,
        8.30426094e-05,  7.14623556e-05,  1.69677840e-02, -5.63775514e-06,
        7.57897136e-05,  7.35498487e-05,  6.66804219e-05,  1.40137531e-06,
        7.84105796e-05,  6.86891179e-05])}
{'img': array([[[ 0.        ,  0.05144992, -0.06680926, ...,  0.79751376,
          0.22571427,  0.94854145],
        [-0.05144992,  0.        , -0.11805574, ...,  0.82749729,
          0.2755375 ,  0.96357695],
        [ 0.06680926,  0.11805574,  0.        , ...,  0.75542585,
          0.16012482,  0.92526683],
        ...,
        [-0.79751376, -0.82749729, -0.75542585, ...,  0.        ,
          0.64075918, -0.31972065],
        [-0.22571427, -0.2755375 , -0.16012482, ..., -0.64075918,
          0.        , -0.85258986],
        [-0.94854145, -0.96357695, -0.92526683, ...,  0.31972065,
          0.85258986,  0.        ]],

       [[ 0.        , -0.0513357 ,  0.1003648 , ...,  0.48958231,
          0.94041954,  0.93833954],
