state_0,state_1,state_2,state_3,state_4,state_5,state_6,state_7,state_8,state_9,state_10,state_11,state_12,state_13,state_14,state_15,state_16,state_17,state_18,state_19,state_20,state_21,state_22,state_23,state_24,state_25,state_26,state_27,state_28,state_29,state_30,state_31,state_32,state_33,state_34,state_35,state_36,state_37,state_38,state_39,state_40,state_41,state_42,state_43,state_44,state_45,state_46,state_47,state_48,state_49,state_50,state_51,state_52,state_53,state_54,state_55,state_56,state_57,state_58,state_59,state_60,state_61,state_62,state_63,state_64,state_65,state_66,state_67,state_68,state_69,state_70,state_71,state_72,state_73,state_74,state_75,state_76,state_77,state_78,state_79,state_80,state_81,state_82,state_83,state_84,state_85,state_86,state_87,state_88,state_89,state_90,state_91,state_92,state_93,state_94,state_95,state_96,state_97,state_98,state_99,state_100,state_101,state_102,state_103,state_104,state_105,state_106,state_107,state_108,state_109,state_110,state_111,state_112,state_113,state_114,state_115,state_116,state_117,state_118,state_119,state_120,state_121,state_122,state_123,state_124,state_125,state_126,state_127,state_128,state_129,state_130,state_131,state_132,state_133,state_134,state_135,state_136,state_137,state_138,state_139,state_140,state_141,state_142,state_143,state_144,state_145,state_146,state_147,state_148,state_149,state_150,state_151,state_152,state_153,state_154,state_155,state_156,state_157,state_158,state_159,state_160,state_161,state_162,state_163,state_164,state_165,state_166,state_167,state_168,state_169,state_170,state_171,state_172,state_173,state_174,state_175,state_176,state_177,state_178,state_179,state_180,state_181,state_182,state_183,state_184,state_185,state_186,state_187,state_188,state_189,state_190,state_191,state_192,state_193,state_194,state_195,state_196,state_197,state_198,state_199,state_200,state_201,state_202,state_203,state_204,state_205,state_206,state_207,state_208,state_209,state_210,state_211,state_212,state_213,state_214,state_215,state_216,state_217,state_218,state_219,state_220,state_221,state_222,state_223,state_224,state_225,state_226,state_227,state_228,state_229,state_230,state_231,state_232,state_233,state_234,state_235,state_236,state_237,state_238,state_239,state_240,state_241,state_242,state_243,state_244,state_245,state_246,state_247,state_248,state_249,state_250,state_251,state_252,state_253,state_254,state_255,state_256,state_257,state_258,state_259,state_260,state_261,state_262,state_263,state_264,state_265,state_266,state_267,state_268,state_269,state_270,state_271,state_272,state_273,state_274,state_275,state_276,state_277,state_278,state_279,state_280,state_281,state_282,state_283,state_284,state_285,state_286,state_287
{'img': array([[[ 0.        , -0.2581618 , -0.61910181, ..., -0.96714187,
         -0.95758962, -0.92558858],
        [ 0.2581618 ,  0.        , -0.39537807, ..., -0.99999176,
         -0.99951456, -0.99193496],
        [ 0.61910181,  0.39537807,  0.        , ..., -0.91690566,
         -0.93039067, -0.96122392],
        ...,
        [ 0.96714187,  0.99999176,  0.91690566, ...,  0.        ,
         -0.03521301, -0.13077412],
        [ 0.95758962,  0.99951456,  0.93039067, ...,  0.03521301,
          0.        , -0.09578241],
        [ 0.92558858,  0.99193496,  0.96122392, ...,  0.13077412,
          0.09578241,  0.        ]],

       [[ 0.        , -0.32316275,  0.02867263, ..., -0.41848951,
         -0.68268847, -0.33941152],
        [ 0.32316275,  0.        ,  0.35016403, ..., -0.1025314 ,
         -0.40991963, -0.0172207 ],
        [-0.02867263, -0.35016403,  0.        , ..., -0.44435855,
         -0.70335915, -0.36624254],
        ...,
        [ 0.41848951,  0.1025314 ,  0.44435855, ...,  0.        ,
         -0.31423815,  0.08538624],
        [ 0.68268847,  0.40991963,  0.70335915, ...,  0.31423815,
          0.        ,  0.39415146],
        [ 0.33941152,  0.0172207 ,  0.36624254, ..., -0.08538624,
         -0.39415146,  0.        ]],

       [[ 0.        ,  0.28974603,  0.35713704, ..., -0.99932341,
         -0.99988991, -0.99988991],
        [-0.28974603,  0.        ,  0.07117928, ..., -0.94579934,
         -0.95269884, -0.95269884],
        [-0.35713704, -0.07117928,  0.        , ..., -0.92028477,
         -0.92864984, -0.92864984],
        ...,
        [ 0.99932341,  0.94579934,  0.92028477, ...,  0.        ,
          0.02194696,  0.02194696],
        [ 0.99988991,  0.95269884,  0.92864984, ..., -0.02194696,
          0.        ,  0.        ],
        [ 0.99988991,  0.95269884,  0.92864984, ..., -0.02194696,
          0.        ,  0.        ]],

       ...,

       [[ 0.        ,  0.03860224,  0.03860224, ...,  0.91602912,
          0.84714159,  0.69503091],
        [-0.03860224,  0.        ,  0.        , ...,  0.89986255,
          0.82599821,  0.66675864],
        [-0.03860224,  0.        ,  0.        , ...,  0.89986255,
          0.82599821,  0.66675864],
        ...,
        [-0.91602912, -0.89986255, -0.89986255, ...,  0.        ,
         -0.14694939, -0.3798214 ],
        [-0.84714159, -0.82599821, -0.82599821, ...,  0.14694939,
          0.        , -0.23976109],
        [-0.69503091, -0.66675864, -0.66675864, ...,  0.3798214 ,
          0.23976109,  0.        ]],

       [[ 0.        , -0.27864952, -0.36657372, ..., -0.49449417,
         -0.46892728, -0.48627003],
        [ 0.27864952,  0.        , -0.09280234, ..., -0.71710552,
         -0.69646792, -0.71049661],
        [ 0.36657372,  0.09280234,  0.        , ..., -0.77869084,
         -0.76005618, -0.77273556],
        ...,
        [ 0.49449417,  0.71710552,  0.77869084, ...,  0.        ,
         -0.02917278, -0.00943661],
        [ 0.46892728,  0.69646792,  0.76005618, ...,  0.02917278,
          0.        ,  0.01973889],
        [ 0.48627003,  0.71049661,  0.77273556, ...,  0.00943661,
         -0.01973889,  0.        ]],

       [[ 0.        , -0.19180997, -0.35348662, ..., -0.56570847,
         -0.68553433, -0.70448807],
        [ 0.19180997,  0.        , -0.16749647, ..., -0.71337196,
         -0.81245077, -0.82753776],
        [ 0.35348662,  0.16749647,  0.        , ..., -0.82067304,
         -0.89862845, -0.90988107],
        ...,
        [ 0.56570847,  0.71337196,  0.82067304, ...,  0.        ,
          0.15343669,  0.17943235],
        [ 0.68553433,  0.81245077,  0.89862845, ..., -0.15343669,
          0.        ,  0.02636114],
        [ 0.70448807,  0.82753776,  0.90988107, ..., -0.17943235,
         -0.02636114,  0.        ]]]), 'num': array([7.07226688e-01, 7.06895542e-01, 6.88451379e-08, 3.31145113e-04,
       3.32866242e-04, 3.22195245e-04, 1.13240614e-02, 2.06535414e-06,
       3.34380835e-04, 3.24329445e-04, 3.42963529e-04, 4.19998640e-06,
       3.46467840e-04, 3.02191049e-04])}
{'img': array([[[ 0.        , -0.57792207, -0.7652963 , ..., -0.96119723,
         -0.92989855, -0.94280904],
        [ 0.57792207,  0.        , -0.25255633, ..., -0.94385211,
         -0.97145177, -0.96205956],
        [ 0.7652963 ,  0.25255633,  0.        , ..., -0.82981789,
         -0.88004369, -0.86196436],
        ...,
        [ 0.96119723,  0.94385211,  0.82981789, ...,  0.        ,
         -0.09702007, -0.06031382],
        [ 0.92989855,  0.97145177,  0.88004369, ...,  0.09702007,
          0.        ,  0.03681415],
        [ 0.94280904,  0.96205956,  0.86196436, ...,  0.06031382,
         -0.03681415,  0.        ]],

       [[ 0.        ,  0.35016403,  0.40300786, ..., -0.40991963,
         -0.0172207 ,  0.16581135],
        [-0.35016403,  0.        ,  0.05702388, ..., -0.70335915,
         -0.36624254, -0.19000332],
        [-0.40300786, -0.05702388,  0.        , ..., -0.7427492 ,
         -0.41870842, -0.24567925],
        ...,
        [ 0.40991963,  0.70335915,  0.7427492 , ...,  0.        ,
          0.39415146,  0.55548543],
        [ 0.0172207 ,  0.36624254,  0.41870842, ..., -0.39415146,
          0.        ,  0.18276909],
        [-0.16581135,  0.19000332,  0.24567925, ..., -0.55548543,
         -0.18276909,  0.        ]],

       [[ 0.        ,  0.07117928, -0.3401825 , ..., -0.95269884,
         -0.95269884, -0.94757305],
        [-0.07117928,  0.        , -0.40625375, ..., -0.92864984,
         -0.92864984, -0.922425  ],
        [ 0.3401825 ,  0.40625375,  0.        , ..., -0.99926624,
         -0.99926624, -0.99976091],
        ...,
        [ 0.95269884,  0.92864984,  0.99926624, ...,  0.        ,
          0.        , -0.01644206],
        [ 0.95269884,  0.92864984,  0.99926624, ...,  0.        ,
          0.        , -0.01644206],
        [ 0.94757305,  0.922425  ,  0.99976091, ...,  0.01644206,
          0.01644206,  0.        ]],

       ...,

       [[ 0.        ,  0.        , -0.06300211, ...,  0.82599821,
          0.66675864,  0.68847492],
        [ 0.        ,  0.        , -0.06300211, ...,  0.82599821,
          0.66675864,  0.68847492],
        [ 0.06300211,  0.06300211,  0.        , ...,  0.85986985,
          0.71238787,  0.73280012],
        ...,
        [-0.82599821, -0.82599821, -0.85986985, ...,  0.        ,
         -0.23976109, -0.21098903],
        [-0.66675864, -0.66675864, -0.71238787, ...,  0.23976109,
          0.        ,  0.0295288 ],
        [-0.68847492, -0.68847492, -0.73280012, ...,  0.21098903,
         -0.0295288 ,  0.        ]],

       [[ 0.        , -0.24552618, -0.22233309, ..., -0.47334388,
         -0.49082344, -0.50374227],
        [ 0.24552618,  0.        ,  0.02385338, ..., -0.67513335,
         -0.68971623, -0.70042147],
        [ 0.22233309, -0.02385338,  0.        , ..., -0.65734471,
         -0.67224823, -0.68319732],
        ...,
        [ 0.47334388,  0.67513335,  0.65734471, ...,  0.        ,
          0.0199503 ,  0.03483535],
        [ 0.49082344,  0.68971623,  0.67224823, ..., -0.0199503 ,
          0.        ,  0.01489023],
        [ 0.50374227,  0.70042147,  0.68319732, ..., -0.03483535,
         -0.01489023,  0.        ]],

       [[ 0.        , -0.30115088, -0.49587902, ..., -0.68823083,
         -0.70721795, -0.73778109],
        [ 0.30115088,  0.        , -0.21134169, ..., -0.87476324,
         -0.88729877, -0.90681961],
        [ 0.49587902,  0.21134169,  0.        , ..., -0.95741004,
         -0.96472642, -0.97542111],
        ...,
        [ 0.68823083,  0.87476324,  0.95741004, ...,  0.        ,
          0.02650465,  0.07067074],
        [ 0.70721795,  0.88729877,  0.96472642, ..., -0.02650465,
          0.        ,  0.04420754],
        [ 0.73778109,  0.90681961,  0.97542111, ..., -0.07067074,
         -0.04420754,  0.        ]]]), 'num': array([ 7.07106678e-01,  7.07106678e-01,  0.00000000e+00,  4.25153449e-05,
        4.31379546e-05,  4.23374565e-05,  5.25847219e-04, -2.66832709e-07,
        4.29066996e-05,  4.21239903e-05,  4.41326476e-05,  4.27747090e-07,
        4.43864981e-05,  3.98614825e-05])}
{'img': array([[[ 0.        , -0.586255  , -0.41153844, ..., -0.95273664,
         -0.96402191, -0.95273664],
        [ 0.586255  ,  0.        ,  0.20091012, ..., -0.94994006,
         -0.93681971, -0.94994006],
        [ 0.41153844, -0.20091012,  0.        , ..., -0.99334127,
         -0.98799854, -0.99334127],
        ...,
        [ 0.95273664,  0.94994006,  0.99334127, ...,  0.        ,
          0.03960831,  0.        ],
        [ 0.96402191,  0.93681971,  0.98799854, ..., -0.03960831,
          0.        , -0.03960831],
        [ 0.95273664,  0.94994006,  0.99334127, ...,  0.        ,
          0.03960831,  0.        ]],

       [[ 0.        ,  0.05702388, -0.44221187, ..., -0.36624254,
         -0.19000332, -0.71748483],
        [-0.05702388,  0.        , -0.49263764, ..., -0.41870842,
         -0.24567925, -0.75603871],
        [ 0.44221187,  0.49263764,  0.        , ...,  0.08299992,
          0.26374031, -0.33548641],
        ...,
        [ 0.36624254,  0.41870842, -0.08299992, ...,  0.        ,
          0.18276909, -0.41251849],
        [ 0.19000332,  0.24567925, -0.26374031, ..., -0.18276909,
          0.        , -0.57206333],
        [ 0.71748483,  0.75603871,  0.33548641, ...,  0.41251849,
          0.57206333,  0.        ]],

       [[ 0.        , -0.40625375, -0.51793217, ..., -0.92864984,
         -0.922425  , -0.90376552],
        [ 0.40625375,  0.        , -0.1257476 , ..., -0.99926624,
         -0.99976091, -0.999713  ],
        [ 0.51793217,  0.1257476 ,  0.        , ..., -0.98651804,
         -0.98907547, -0.99479005],
        ...,
        [ 0.92864984,  0.99926624,  0.98651804, ...,  0.        ,
         -0.01644206, -0.06222943],
        [ 0.922425  ,  0.99976091,  0.98907547, ...,  0.01644206,
          0.        , -0.04581083],
        [ 0.90376552,  0.999713  ,  0.99479005, ...,  0.06222943,
          0.04581083,  0.        ]],

       ...,

       [[ 0.        , -0.06300211, -0.22048135, ...,  0.66675864,
          0.68847492,  0.38702761],
        [ 0.06300211,  0.        , -0.15859163, ...,  0.71238787,
          0.73280012,  0.44435098],
        [ 0.22048135,  0.15859163,  0.        , ...,  0.81466946,
          0.83143871,  0.58080214],
        ...,
        [-0.66675864, -0.71238787, -0.81466946, ...,  0.        ,
          0.0295288 , -0.32635538],
        [-0.68847492, -0.73280012, -0.83143871, ..., -0.0295288 ,
          0.        , -0.35412508],
        [-0.38702761, -0.44435098, -0.58080214, ...,  0.32635538,
          0.35412508,  0.        ]],

       [[ 0.        ,  0.10616557, -0.10167482, ..., -0.58324272,
         -0.59535435, -0.50441972],
        [-0.10616557,  0.        , -0.20671559, ..., -0.49370843,
         -0.50668955, -0.40989941],
        [ 0.10167482,  0.20671559,  0.        , ..., -0.66281042,
         -0.67396102, -0.58959766],
        ...,
        [ 0.58324272,  0.49370843,  0.66281042, ...,  0.        ,
          0.01499102, -0.09386684],
        [ 0.59535435,  0.50668955,  0.67396102, ..., -0.01499102,
          0.        , -0.10878112],
        [ 0.50441972,  0.40989941,  0.58959766, ...,  0.09386684,
          0.10878112,  0.        ]],

       [[ 0.        , -0.40842735, -0.51020776, ..., -0.71411066,
         -0.74477298, -0.83839112],
        [ 0.40842735,  0.        , -0.11444455, ..., -0.93774622,
         -0.95237284, -0.98789686],
        [ 0.51020776,  0.11444455,  0.        , ..., -0.9713339 ,
         -0.98101367, -0.99915776],
        ...,
        [ 0.71411066,  0.93774622,  0.9713339 , ...,  0.        ,
          0.0448267 ,  0.19766165],
        [ 0.74477298,  0.95237284,  0.98101367, ..., -0.0448267 ,
          0.        ,  0.15352067],
        [ 0.83839112,  0.98789686,  0.99915776, ..., -0.19766165,
         -0.15352067,  0.        ]]]), 'num': array([ 7.07106597e-01,  7.07106597e-01,  0.00000000e+00,  4.15369536e-05,
        4.25598122e-05,  4.14480094e-05,  7.10851149e-04, -9.78386487e-07,
        4.25153401e-05,  4.22551782e-05,  4.39636486e-05,  3.76072902e-07,
        4.40036224e-05,  4.05067340e-05])}
{'img': array([[[ 0.        ,  0.44798767, -0.19729729, ..., -0.97352993,
         -0.9820914 , -0.99941761],
        [-0.44798767,  0.        , -0.61557351, ..., -0.97276631,
         -0.9624319 , -0.90880619],
        [ 0.19729729,  0.61557351,  0.        , ..., -0.90929976,
         -0.9256153 , -0.97304018],
        ...,
        [ 0.97352993,  0.97276631,  0.90929976, ...,  0.        ,
         -0.04104836, -0.1952057 ],
        [ 0.9820914 ,  0.9624319 ,  0.9256153 , ...,  0.04104836,
          0.        , -0.15478249],
        [ 0.99941761,  0.90880619,  0.97304018, ...,  0.1952057 ,
          0.15478249,  0.        ]],

       [[ 0.        , -0.49263764,  0.55130549, ..., -0.24567925,
         -0.75603871, -0.63917015],
        [ 0.49263764,  0.        ,  0.89077437, ...,  0.26374031,
         -0.33548641, -0.1773574 ],
        [-0.55130549, -0.89077437,  0.        , ..., -0.73937968,
         -0.99160998, -0.95725182],
        ...,
        [ 0.24567925, -0.26374031,  0.73937968, ...,  0.        ,
         -0.57206333, -0.43063694],
        [ 0.75603871,  0.33548641,  0.99160998, ...,  0.57206333,
          0.        ,  0.16308912],
        [ 0.63917015,  0.1773574 ,  0.95725182, ...,  0.43063694,
         -0.16308912,  0.        ]],

       [[ 0.        , -0.34382847, -0.56117015, ..., -0.93352375,
         -0.91552848, -0.88762343],
        [ 0.34382847,  0.        , -0.24237001, ..., -0.99987697,
         -0.99801706, -0.99186427],
        [ 0.56117015,  0.24237001,  0.        , ..., -0.97386628,
         -0.98351581, -0.99314441],
        ...,
        [ 0.93352375,  0.99987697,  0.97386628, ...,  0.        ,
         -0.04728165, -0.11172613],
        [ 0.91552848,  0.99801706,  0.98351581, ...,  0.04728165,
          0.        , -0.06461556],
        [ 0.88762343,  0.99186427,  0.99314441, ...,  0.11172613,
          0.06461556,  0.        ]],

       ...,

       [[ 0.        , -0.15859163, -0.15859163, ...,  0.73280012,
          0.44435098,  0.29738949],
        [ 0.15859163,  0.        ,  0.        , ...,  0.83143871,
          0.58080214,  0.44504216],
        [ 0.15859163,  0.        ,  0.        , ...,  0.83143871,
          0.58080214,  0.44504216],
        ...,
        [-0.73280012, -0.83143871, -0.83143871, ...,  0.        ,
         -0.35412508, -0.4972886 ],
        [-0.44435098, -0.58080214, -0.58080214, ...,  0.35412508,
          0.        , -0.15782967],
        [-0.29738949, -0.44504216, -0.44504216, ...,  0.4972886 ,
          0.15782967,  0.        ]],

       [[ 0.        , -0.20671559, -0.28041286, ..., -0.50668955,
         -0.40989941, -0.26899214],
        [ 0.20671559,  0.        , -0.07593419, ..., -0.67396102,
         -0.58959766, -0.46227874],
        [ 0.28041286,  0.07593419,  0.        , ..., -0.72811284,
         -0.64922722, -0.52827754],
        ...,
        [ 0.50668955,  0.67396102,  0.72811284, ...,  0.        ,
         -0.10878112, -0.25610836],
        [ 0.40989941,  0.58959766,  0.64922722, ...,  0.10878112,
          0.        , -0.14943548],
        [ 0.26899214,  0.46227874,  0.52827754, ...,  0.25610836,
          0.14943548,  0.        ]],

       [[ 0.        , -0.32748663, -0.51068346, ..., -0.7580899 ,
         -0.85151662, -0.90578094],
        [ 0.32748663,  0.        , -0.20095945, ..., -0.92985607,
         -0.97627071, -0.99460362],
        [ 0.51068346,  0.20095945,  0.        , ..., -0.9848243 ,
         -0.99987287, -0.9951624 ],
        ...,
        [ 0.7580899 ,  0.92985607,  0.9848243 , ...,  0.        ,
          0.15782916,  0.26946735],
        [ 0.85151662,  0.97627071,  0.99987287, ..., -0.15782916,
          0.        ,  0.11409898],
        [ 0.90578094,  0.99460362,  0.9951624 , ..., -0.26946735,
         -0.11409898,  0.        ]]]), 'num': array([7.07106595e-01, 7.07106595e-01, 0.00000000e+00, 4.15814256e-05,
       4.17593140e-05, 4.09143439e-05, 7.15084892e-04, 4.44721129e-08,
       4.21862463e-05, 4.22996502e-05, 4.38176317e-05, 4.28002290e-07,
       4.39279066e-05, 4.06713938e-05])}
{'img': array([[[ 0.00000000e+00, -6.15573512e-01, -9.08806188e-01, ...,
         -9.62431901e-01, -9.08806188e-01, -9.11817363e-01],
        [ 6.15573512e-01,  0.00000000e+00, -4.59382815e-01, ...,
         -9.25615299e-01, -9.73040183e-01, -9.71336582e-01],
        [ 9.08806188e-01,  4.59382815e-01,  0.00000000e+00, ...,
         -6.48306380e-01, -7.58341587e-01, -7.53579321e-01],
        ...,
        [ 9.62431901e-01,  9.25615299e-01,  6.48306380e-01, ...,
          0.00000000e+00, -1.54782490e-01, -1.47591165e-01],
        [ 9.08806188e-01,  9.73040183e-01,  7.58341587e-01, ...,
          1.54782490e-01,  0.00000000e+00,  7.27490197e-03],
        [ 9.11817363e-01,  9.71336582e-01,  7.53579321e-01, ...,
          1.47591165e-01, -7.27490197e-03,  0.00000000e+00]],

       [[ 0.00000000e+00,  8.90774366e-01,  6.22860719e-01, ...,
         -3.35486407e-01, -1.77357399e-01, -1.74152733e-01],
        [-8.90774366e-01,  0.00000000e+00, -4.13825488e-01, ...,
         -9.91609984e-01, -9.57251817e-01, -9.56305120e-01],
        [-6.22860719e-01,  4.13825488e-01,  0.00000000e+00, ...,
         -8.49224857e-01, -7.51738704e-01, -7.49587954e-01],
        ...,
        [ 3.35486407e-01,  9.91609984e-01,  8.49224857e-01, ...,
          0.00000000e+00,  1.63089117e-01,  1.66300004e-01],
        [ 1.77357399e-01,  9.57251817e-01,  7.51738704e-01, ...,
         -1.63089117e-01,  0.00000000e+00,  3.25533541e-03],
        [ 1.74152733e-01,  9.56305120e-01,  7.49587954e-01, ...,
         -1.66300004e-01, -3.25533541e-03,  0.00000000e+00]],

       [[ 0.00000000e+00, -4.65272566e-01, -7.12194462e-01, ...,
         -9.23558047e-01, -8.96220417e-01, -8.69353912e-01],
        [ 4.65272566e-01,  0.00000000e+00, -3.03798293e-01, ...,
         -9.95916323e-01, -9.99704262e-01, -9.99456856e-01],
        [ 7.12194462e-01,  3.03798293e-01,  0.00000000e+00, ...,
         -9.21418460e-01, -9.45066694e-01, -9.62230392e-01],
        ...,
        [ 9.23558047e-01,  9.95916323e-01,  9.21418460e-01, ...,
          0.00000000e+00, -6.60352145e-02, -1.23051896e-01],
        [ 8.96220417e-01,  9.99704262e-01,  9.45066694e-01, ...,
          6.60352145e-02,  0.00000000e+00, -5.72499471e-02],
        [ 8.69353912e-01,  9.99456856e-01,  9.62230392e-01, ...,
          1.23051896e-01,  5.72499471e-02,  0.00000000e+00]],

       ...,

       [[ 0.00000000e+00,  0.00000000e+00, -1.36326718e-01, ...,
          5.80802145e-01,  4.45042161e-01,  5.81438401e-01],
        [ 0.00000000e+00,  0.00000000e+00, -1.36326718e-01, ...,
          5.80802145e-01,  4.45042161e-01,  5.81438401e-01],
        [ 1.36326718e-01,  1.36326718e-01,  0.00000000e+00, ...,
          6.86355787e-01,  5.62969104e-01,  6.86924166e-01],
        ...,
        [-5.80802145e-01, -5.80802145e-01, -6.86355787e-01, ...,
          0.00000000e+00, -1.57829668e-01,  7.81816464e-04],
        [-4.45042161e-01, -4.45042161e-01, -5.62969104e-01, ...,
          1.57829668e-01,  0.00000000e+00,  1.58601638e-01],
        [-5.81438401e-01, -5.81438401e-01, -6.86924166e-01, ...,
         -7.81816464e-04, -1.58601638e-01,  0.00000000e+00]],

       [[ 0.00000000e+00, -1.92605844e-01, -3.23693346e-01, ...,
         -4.12027447e-01, -2.70428782e-01, -2.31066043e-01],
        [ 1.92605844e-01,  0.00000000e+00, -1.35396239e-01, ...,
         -5.79809672e-01, -4.50794675e-01, -4.14133167e-01],
        [ 3.23693346e-01,  1.35396239e-01,  0.00000000e+00, ...,
         -6.84784863e-01, -5.67501976e-01, -5.33559499e-01],
        ...,
        [ 4.12027447e-01,  5.79809672e-01,  6.84784863e-01, ...,
          0.00000000e+00, -1.50268317e-01, -1.90336410e-01],
        [ 2.70428782e-01,  4.50794675e-01,  5.67501976e-01, ...,
          1.50268317e-01,  0.00000000e+00, -4.06539378e-02],
        [ 2.31066043e-01,  4.14133167e-01,  5.33559499e-01, ...,
          1.90336410e-01,  4.06539378e-02,  0.00000000e+00]],

       [[ 0.00000000e+00, -4.09075706e-01, -6.28886673e-01, ...,
         -8.59675537e-01, -9.13246598e-01, -9.24569850e-01],
        [ 4.09075706e-01,  0.00000000e+00, -2.55804246e-01, ...,
         -9.93426732e-01, -9.99998330e-01, -9.99533395e-01],
        [ 6.28886673e-01,  2.55804246e-01,  0.00000000e+00, ...,
         -9.89655888e-01, -9.66259449e-01, -9.58464004e-01],
        ...,
        [ 8.59675537e-01,  9.93426732e-01,  9.89655888e-01, ...,
          0.00000000e+00,  1.16285279e-01,  1.44760483e-01],
        [ 9.13246598e-01,  9.99998330e-01,  9.66259449e-01, ...,
         -1.16285279e-01,  0.00000000e+00,  2.87179929e-02],
        [ 9.24569850e-01,  9.99533395e-01,  9.58464004e-01, ...,
         -1.44760483e-01, -2.87179929e-02,  0.00000000e+00]]]), 'num': array([7.07106690e-01, 7.07106690e-01, 0.00000000e+00, 4.21595687e-05,
       4.22485129e-05, 4.13590706e-05, 4.92884494e-04, 5.78137545e-07,
       4.21150966e-05, 4.23596932e-05, 4.36693971e-05, 4.92712684e-07,
       4.38700439e-05, 4.08493426e-05])}
{'img': array([[[ 0.        , -0.81089968, -0.77689544, ..., -0.93743953,
         -0.9401573 , -0.9696633 ],
        [ 0.81089968,  0.        ,  0.05593876, ..., -0.83088895,
         -0.82647268, -0.76565252],
        [ 0.77689544, -0.05593876,  0.        , ..., -0.86071441,
         -0.85667082, -0.80043652],
        ...,
        [ 0.93743953,  0.83088895,  0.86071441, ...,  0.        ,
          0.00789018,  0.1084346 ],
        [ 0.9401573 ,  0.82647268,  0.85667082, ..., -0.00789018,
          0.        ,  0.10058756],
        [ 0.9696633 ,  0.76565252,  0.80043652, ..., -0.1084346 ,
         -0.10058756,  0.        ]],

       [[ 0.        , -0.41382549, -0.72911901, ..., -0.95725182,
         -0.95630512, -0.9956149 ],
        [ 0.41382549,  0.        , -0.38054128, ..., -0.7517387 ,
         -0.74958795, -0.86765227],
        [ 0.72911901,  0.38054128,  0.        , ..., -0.44422868,
         -0.44130982, -0.61317924],
        ...,
        [ 0.95725182,  0.7517387 ,  0.44422868, ...,  0.        ,
          0.00325534, -0.19843983],
        [ 0.95630512,  0.74958795,  0.44130982, ..., -0.00325534,
          0.        , -0.20162937],
        [ 0.9956149 ,  0.86765227,  0.61317924, ...,  0.19843983,
          0.20162937,  0.        ]],

       [[ 0.        , -0.5923833 , -0.74557212, ..., -0.9122126 ,
         -0.88616007, -0.87999558],
        [ 0.5923833 ,  0.        , -0.20589585, ..., -0.97763942,
         -0.98843855, -0.99034529],
        [ 0.74557212,  0.20589585,  0.        , ..., -0.91339495,
         -0.93604183, -0.94058425],
        ...,
        [ 0.9122126 ,  0.97763942,  0.91339495, ...,  0.        ,
         -0.05962539, -0.07273513],
        [ 0.88616007,  0.98843855,  0.93604183, ...,  0.05962539,
          0.        , -0.01313826],
        [ 0.87999558,  0.99034529,  0.94058425, ...,  0.07273513,
          0.01313826,  0.        ]],

       ...,

       [[ 0.        , -0.13632672,  0.0413453 , ...,  0.44504216,
          0.5814384 ,  0.73166525],
        [ 0.13632672,  0.        ,  0.17716945, ...,  0.5629691 ,
          0.68692417,  0.81776341],
        [-0.0413453 , -0.17716945,  0.        , ...,  0.4076365 ,
          0.54730308,  0.70285601],
        ...,
        [-0.44504216, -0.5629691 , -0.4076365 , ...,  0.        ,
          0.15860164,  0.351844  ],
        [-0.5814384 , -0.68692417, -0.54730308, ..., -0.15860164,
          0.        ,  0.19893015],
        [-0.73166525, -0.81776341, -0.70285601, ..., -0.351844  ,
         -0.19893015,  0.        ]],

       [[ 0.        , -0.26388554, -0.39745397, ..., -0.27167923,
         -0.23214026, -0.19626819],
        [ 0.26388554,  0.        , -0.1412186 , ..., -0.51600953,
         -0.48058862, -0.4480643 ],
        [ 0.39745397,  0.1412186 ,  0.        , ..., -0.63180374,
         -0.59961348, -0.56982361],
        ...,
        [ 0.27167923,  0.51600953,  0.63180374, ...,  0.        ,
         -0.04084862, -0.07750902],
        [ 0.23214026,  0.48058862,  0.59961348, ...,  0.04084862,
          0.        , -0.0367186 ],
        [ 0.19626819,  0.4480643 ,  0.56982361, ...,  0.07750902,
          0.0367186 ,  0.        ]],

       [[ 0.        , -0.51227758, -0.66178574, ..., -0.92486512,
         -0.93573907, -0.94644533],
        [ 0.51227758,  0.        , -0.18430386, ..., -0.98910935,
         -0.98430811, -0.97822216],
        [ 0.66178574,  0.18430386,  0.        , ..., -0.94503893,
         -0.93492429, -0.92321033],
        ...,
        [ 0.92486512,  0.98910935,  0.94503893, ...,  0.        ,
          0.02966366,  0.06132295],
        [ 0.93573907,  0.98430811,  0.93492429, ..., -0.02966366,
          0.        ,  0.03168814],
        [ 0.94644533,  0.97822216,  0.92321033, ..., -0.06132295,
         -0.03168814,  0.        ]]]), 'num': array([7.07106621e-01, 7.07106621e-01, 0.00000000e+00, 4.24708694e-05,
       4.30490069e-05, 4.22929809e-05, 6.61327027e-04, 3.11304802e-07,
       4.20528315e-05, 4.24263973e-05, 4.35500594e-05, 4.74815058e-07,
       4.38287858e-05, 4.10240088e-05])}
{'img': array([[[ 0.        ,  0.08499777, -0.34951856, ..., -0.91732423,
         -0.86771098, -0.83701547],
        [-0.08499777,  0.        , -0.42789062, ..., -0.94784566,
         -0.90682062, -0.88049545],
        [ 0.34951856,  0.42789062,  0.        , ..., -0.7203104 ,
         -0.63924909, -0.59297514],
        ...,
        [ 0.91732423,  0.94784566,  0.7203104 , ...,  0.        ,
          0.11050217,  0.16869057],
        [ 0.86771098,  0.90682062,  0.63924909, ..., -0.11050217,
          0.        ,  0.05873891],
        [ 0.83701547,  0.88049545,  0.59297514, ..., -0.16869057,
         -0.05873891,  0.        ]],

       [[ 0.        , -0.38054128,  0.46518582, ..., -0.74958795,
         -0.86765227, -0.77711234],
        [ 0.38054128,  0.        ,  0.76704718, ..., -0.44130982,
         -0.61317924, -0.47914728],
        [-0.46518582, -0.76704718,  0.        , ..., -0.97145375,
         -0.99933427, -0.98068022],
        ...,
        [ 0.74958795,  0.44130982,  0.97145375, ...,  0.        ,
         -0.20162937, -0.04261225],
        [ 0.86765227,  0.61317924,  0.99933427, ...,  0.20162937,
          0.        ,  0.15970915],
        [ 0.77711234,  0.47914728,  0.98068022, ...,  0.04261225,
         -0.15970915,  0.        ]],

       [[ 0.        , -0.53352684, -0.73440189, ..., -0.9140407 ,
         -0.90822883, -0.90296273],
        [ 0.53352684,  0.        , -0.25903214, ..., -0.98949069,
         -0.99143168, -0.9929772 ],
        [ 0.73440189,  0.25903214,  0.        , ..., -0.91826293,
         -0.92375642, -0.92844058],
        ...,
        [ 0.9140407 ,  0.98949069,  0.91826293, ...,  0.        ,
         -0.01410413, -0.02651855],
        [ 0.90822883,  0.99143168,  0.92375642, ...,  0.01410413,
          0.        , -0.01241674],
        [ 0.90296273,  0.9929772 ,  0.92844058, ...,  0.02651855,
          0.01241674,  0.        ]],

       ...,

       [[ 0.        ,  0.17716945,  0.11661661, ...,  0.68692417,
          0.81776341,  0.78426516],
        [-0.17716945,  0.        , -0.06118884, ...,  0.54730308,
          0.70285601,  0.66193788],
        [-0.11661661,  0.06118884,  0.        , ...,  0.5974886 ,
          0.74506459,  0.70656217],
        ...,
        [-0.68692417, -0.54730308, -0.5974886 , ...,  0.        ,
          0.19893015,  0.14376285],
        [-0.81776341, -0.70285601, -0.74506459, ..., -0.19893015,
          0.        , -0.05597414],
        [-0.78426516, -0.66193788, -0.70656217, ..., -0.14376285,
          0.05597414,  0.        ]],

       [[ 0.        , -0.3054088 , -0.29533356, ..., -0.23419586,
         -0.19801334, -0.16727964],
        [ 0.3054088 ,  0.        ,  0.01056287, ..., -0.5199215 ,
         -0.48791402, -0.46039267],
        [ 0.29533356, -0.01056287,  0.        , ..., -0.51086954,
         -0.47866655, -0.45099016],
        ...,
        [ 0.23419586,  0.5199215 ,  0.51086954, ...,  0.        ,
         -0.03705215, -0.06826842],
        [ 0.19801334,  0.48791402,  0.47866655, ...,  0.03705215,
          0.        , -0.03125584],
        [ 0.16727964,  0.46039267,  0.45099016, ...,  0.06826842,
          0.03125584,  0.        ]],

       [[ 0.        , -0.47015335, -0.72000993, ..., -0.95282215,
         -0.96245687, -0.97079007],
        [ 0.47015335,  0.        , -0.3092004 , ..., -0.98365154,
         -0.97706566, -0.96960863],
        [ 0.72000993,  0.3092004 ,  0.        , ..., -0.87976805,
         -0.86334583, -0.84644546],
        ...,
        [ 0.95282215,  0.98365154,  0.87976805, ...,  0.        ,
          0.03350477,  0.066052  ],
        [ 0.96245687,  0.97706566,  0.86334583, ..., -0.03350477,
          0.        ,  0.03258332],
        [ 0.97079007,  0.96960863,  0.84644546, ..., -0.066052  ,
         -0.03258332,  0.        ]]]), 'num': array([7.07105398e-01, 7.07105398e-01, 0.00000000e+00, 4.47388698e-05,
       4.49167580e-05, 4.22929078e-05, 1.97432721e-03, 2.26807392e-06,
       4.24974791e-05, 4.26019884e-05, 4.35099592e-05, 5.92960501e-07,
       4.42220102e-05, 4.09819666e-05])}
{'img': array([[[ 0.        , -0.42789062, -0.6557518 , ..., -0.90682062,
         -0.88049545, -0.60141727],
        [ 0.42789062,  0.        , -0.26964112, ..., -0.63924909,
         -0.59297514, -0.20172246],
        [ 0.6557518 ,  0.26964112,  0.        , ..., -0.40821792,
         -0.35389124,  0.0698472 ],
        ...,
        [ 0.90682062,  0.63924909,  0.40821792, ...,  0.        ,
          0.05873891,  0.47098336],
        [ 0.88049545,  0.59297514,  0.35389124, ..., -0.05873891,
          0.        ,  0.41835408],
        [ 0.60141727,  0.20172246, -0.0698472 , ..., -0.47098336,
         -0.41835408,  0.        ]],

       [[ 0.        ,  0.76704718,  0.58454102, ..., -0.61317924,
         -0.47914728,  0.22061496],
        [-0.76704718,  0.        , -0.2473185 , ..., -0.99933427,
         -0.98068022, -0.60660338],
        [-0.58454102,  0.2473185 ,  0.        , ..., -0.95926622,
         -0.90183476, -0.39113943],
        ...,
        [ 0.61317924,  0.99933427,  0.95926622, ...,  0.        ,
          0.15970915,  0.77234453],
        [ 0.47914728,  0.98068022,  0.90183476, ..., -0.15970915,
          0.        ,  0.66098293],
        [-0.22061496,  0.60660338,  0.39113943, ..., -0.77234453,
         -0.66098293,  0.        ]],

       [[ 0.        , -0.57383202, -0.82992404, ..., -0.92907681,
         -0.92413282, -0.95548516],
        [ 0.57383202,  0.        , -0.35955804, ..., -0.97314176,
         -0.97608463, -0.95181949],
        [ 0.82992404,  0.35955804,  0.        , ..., -0.82528803,
         -0.83264212, -0.77790273],
        ...,
        [ 0.92907681,  0.97314176,  0.82528803, ...,  0.        ,
         -0.01314906,  0.07930736],
        [ 0.92413282,  0.97608463,  0.83264212, ...,  0.01314906,
          0.        ,  0.09240815],
        [ 0.95548516,  0.95181949,  0.77790273, ..., -0.07930736,
         -0.09240815,  0.        ]],

       ...,

       [[ 0.        , -0.06118884, -0.1069079 , ...,  0.70285601,
          0.66193788,  0.89778332],
        [ 0.06118884,  0.        , -0.04586941, ...,  0.74506459,
          0.70656217,  0.92305092],
        [ 0.1069079 ,  0.04586941,  0.        , ...,  0.77487492,
          0.73827801,  0.9397243 ],
        ...,
        [-0.70285601, -0.74506459, -0.77487492, ...,  0.        ,
         -0.05597414,  0.32905807],
        [-0.66193788, -0.70656217, -0.73827801, ...,  0.05597414,
          0.        ,  0.38139911],
        [-0.89778332, -0.92305092, -0.9397243 , ..., -0.32905807,
         -0.38139911,  0.        ]],

       [[ 0.        ,  0.01851348,  0.18319131, ..., -0.37568592,
         -0.34630328, -0.53081295],
        [-0.01851348,  0.        ,  0.16495973, ..., -0.35846422,
         -0.32887601, -0.515032  ],
        [-0.18319131, -0.16495973,  0.        , ..., -0.19955629,
         -0.16858698, -0.36657752],
        ...,
        [ 0.37568592,  0.35846422,  0.19955629, ...,  0.        ,
         -0.03150391,  0.17353964],
        [ 0.34630328,  0.32887601,  0.16858698, ...,  0.03150391,
          0.        ,  0.2044794 ],
        [ 0.53081295,  0.515032  ,  0.36657752, ..., -0.17353964,
         -0.2044794 ,  0.        ]],

       [[ 0.        , -0.60051315, -0.8230911 , ..., -0.97412855,
         -0.98129195, -0.97967982],
        [ 0.60051315,  0.        , -0.31711885, ..., -0.91464043,
         -0.90026979, -0.90381017],
        [ 0.8230911 ,  0.31711885,  0.        , ..., -0.73923089,
         -0.71575098, -0.72145492],
        ...,
        [ 0.97412855,  0.91464043,  0.73923089, ...,  0.        ,
          0.03422205,  0.02602355],
        [ 0.98129195,  0.90026979,  0.71575098, ..., -0.03422205,
          0.        , -0.00820215],
        [ 0.97967982,  0.90381017,  0.72145492, ..., -0.02602355,
          0.00820215,  0.        ]]]), 'num': array([7.07105436e-01, 7.07105436e-01, 0.00000000e+00, 4.56283131e-05,
       4.57172572e-05, 4.40273196e-05, 1.94628325e-03, 8.89440801e-07,
       4.33157670e-05, 4.27465249e-05, 4.34803135e-05, 6.06858046e-07,
       4.48367297e-05, 4.06563201e-05])}
{'img': array([[[ 0.        , -0.26964112,  0.01958187, ..., -0.59297514,
         -0.20172246, -0.01935314],
        [ 0.26964112,  0.        ,  0.28844599, ..., -0.35389124,
          0.0698472 ,  0.2509543 ],
        [-0.01958187, -0.28844599,  0.        , ..., -0.60862917,
         -0.2208631 , -0.03892763],
        ...,
        [ 0.59297514,  0.35389124,  0.60862917, ...,  0.        ,
          0.41835408,  0.57728054],
        [ 0.20172246, -0.0698472 ,  0.2208631 , ..., -0.41835408,
          0.        ,  0.18272939],
        [ 0.01935314, -0.2509543 ,  0.03892763, ..., -0.57728054,
         -0.18272939,  0.        ]],

       [[ 0.        , -0.2473185 , -0.80851918, ..., -0.98068022,
         -0.60660338, -0.61644614],
        [ 0.2473185 ,  0.        , -0.63786244, ..., -0.90183476,
         -0.39113943, -0.4025579 ],
        [ 0.80851918,  0.63786244,  0.        , ..., -0.41894004,
          0.2858087 ,  0.27386569],
        ...,
        [ 0.98068022,  0.90183476,  0.41894004, ...,  0.        ,
          0.66098293,  0.65159695],
        [ 0.60660338,  0.39113943, -0.2858087 , ..., -0.66098293,
          0.        , -0.0124398 ],
        [ 0.61644614,  0.4025579 , -0.27386569, ..., -0.65159695,
          0.0124398 ,  0.        ]],

       [[ 0.        , -0.70124674, -0.83626509, ..., -0.94722342,
         -0.97438638, -0.99880838],
        [ 0.70124674,  0.        , -0.21167762, ..., -0.90009484,
         -0.85235487, -0.74629266],
        [ 0.83626509,  0.21167762,  0.        , ..., -0.7874716 ,
         -0.72234037, -0.5884849 ],
        ...,
        [ 0.94722342,  0.90009484,  0.7874716 , ...,  0.        ,
          0.09935113,  0.27396403],
        [ 0.97438638,  0.85235487,  0.72234037, ..., -0.09935113,
          0.        ,  0.17705863],
        [ 0.99880838,  0.74629266,  0.5884849 , ..., -0.27396403,
         -0.17705863,  0.        ]],

       ...,

       [[ 0.        , -0.04586941,  0.2325149 , ...,  0.70656217,
          0.92305092,  0.94161549],
        [ 0.04586941,  0.        ,  0.27688243, ...,  0.73827801,
          0.9397243 ,  0.95606817],
        [-0.2325149 , -0.27688243,  0.        , ...,  0.52265791,
          0.80830939,  0.837523  ],
        ...,
        [-0.70656217, -0.73827801, -0.52265791, ...,  0.        ,
          0.38139911,  0.42844259],
        [-0.92305092, -0.9397243 , -0.80830939, ..., -0.38139911,
          0.        ,  0.0514364 ],
        [-0.94161549, -0.95606817, -0.837523  , ..., -0.42844259,
         -0.0514364 ,  0.        ]],

       [[ 0.        ,  0.16495973, -0.27153999, ..., -0.32887601,
         -0.515032  , -0.66828201],
        [-0.16495973,  0.        , -0.4265817 , ..., -0.16858698,
         -0.36657752, -0.53641188],
        [ 0.27153999,  0.4265817 ,  0.        , ..., -0.57295427,
         -0.72843697, -0.84517353],
        ...,
        [ 0.32887601,  0.16858698,  0.57295427, ...,  0.        ,
          0.2044794 ,  0.38645405],
        [ 0.515032  ,  0.36657752,  0.72843697, ..., -0.2044794 ,
          0.        ,  0.18969549],
        [ 0.66828201,  0.53641188,  0.84517353, ..., -0.38645405,
         -0.18969549,  0.        ]],

       [[ 0.        , -0.66985236, -0.76437588, ..., -0.99472123,
         -0.99375861, -0.98350177],
        [ 0.66985236,  0.        , -0.13564345, ..., -0.80731123,
         -0.81258344, -0.85141978],
        [ 0.76437588,  0.13564345,  0.        , ..., -0.71980312,
         -0.72601423, -0.77240778],
        ...,
        [ 0.99472123,  0.80731123,  0.71980312, ...,  0.        ,
         -0.00898932, -0.07902235],
        [ 0.99375861,  0.81258344,  0.72601423, ...,  0.00898932,
          0.        , -0.07005795],
        [ 0.98350177,  0.85141978,  0.77240778, ...,  0.07902235,
          0.07005795,  0.        ]]]), 'num': array([7.48057813e-01, 6.63629291e-01, 1.63938878e-05, 4.84386243e-05,
       4.84386243e-05, 4.67456239e-05, 2.37816715e-03, 1.88111162e-07,
