state_0,state_1,state_2,state_3,state_4,state_5,state_6,state_7,state_8,state_9,state_10,state_11,state_12,state_13,state_14,state_15,state_16,state_17,state_18,state_19,state_20,state_21,state_22,state_23,state_24,state_25,state_26,state_27,state_28,state_29,state_30,state_31,state_32,state_33,state_34,state_35,state_36,state_37,state_38,state_39,state_40,state_41,state_42,state_43,state_44,state_45,state_46,state_47,state_48,state_49,state_50,state_51,state_52,state_53,state_54,state_55,state_56,state_57,state_58,state_59,state_60,state_61,state_62,state_63,state_64,state_65,state_66,state_67,state_68,state_69,state_70,state_71,state_72,state_73,state_74,state_75,state_76,state_77,state_78,state_79,state_80,state_81,state_82,state_83,state_84,state_85,state_86,state_87,state_88,state_89,state_90,state_91,state_92,state_93,state_94,state_95,state_96,state_97,state_98,state_99,state_100,state_101,state_102,state_103,state_104,state_105,state_106,state_107,state_108,state_109,state_110,state_111,state_112,state_113,state_114,state_115,state_116,state_117,state_118,state_119,state_120,state_121,state_122,state_123,state_124,state_125,state_126,state_127,state_128,state_129,state_130,state_131,state_132,state_133,state_134,state_135,state_136,state_137,state_138,state_139,state_140,state_141,state_142,state_143,state_144,state_145,state_146,state_147,state_148,state_149,state_150,state_151,state_152,state_153,state_154,state_155,state_156,state_157,state_158,state_159,state_160,state_161,state_162,state_163,state_164,state_165,state_166,state_167,state_168,state_169,state_170,state_171,state_172,state_173,state_174,state_175,state_176,state_177,state_178,state_179,state_180,state_181,state_182,state_183,state_184,state_185,state_186,state_187,state_188,state_189,state_190,state_191,state_192,state_193,state_194,state_195,state_196,state_197,state_198,state_199,state_200,state_201,state_202,state_203,state_204,state_205,state_206,state_207,state_208,state_209,state_210,state_211,state_212,state_213,state_214,state_215,state_216,state_217,state_218,state_219,state_220,state_221,state_222,state_223,state_224,state_225,state_226,state_227,state_228,state_229,state_230,state_231,state_232,state_233,state_234,state_235,state_236,state_237,state_238,state_239,state_240,state_241,state_242,state_243,state_244,state_245,state_246,state_247,state_248,state_249,state_250,state_251,state_252,state_253,state_254,state_255,state_256,state_257,state_258,state_259,state_260,state_261,state_262,state_263,state_264,state_265,state_266,state_267,state_268,state_269,state_270,state_271,state_272,state_273,state_274,state_275,state_276,state_277,state_278,state_279,state_280,state_281,state_282,state_283,state_284,state_285,state_286,state_287
{'img': array([[[ 0.        ,  0.05726415,  0.49134656, ...,  0.72560662,
          0.78234768,  0.83540397],
        [-0.05726415,  0.        ,  0.44066527, ...,  0.68501192,
          0.74539738,  0.80255867],
        [-0.49134656, -0.44066527,  0.        , ...,  0.293877  ,
          0.37536553,  0.45754495],
        ...,
        [-0.72560662, -0.68501192, -0.293877  , ...,  0.        ,
          0.08640282,  0.1760298 ],
        [-0.78234768, -0.74539738, -0.37536553, ..., -0.08640282,
          0.        ,  0.09031787],
        [-0.83540397, -0.80255867, -0.45754495, ..., -0.1760298 ,
         -0.09031787,  0.        ]],

       [[ 0.        ,  0.06646971,  0.64288013, ..., -0.11711357,
         -0.56340991, -0.81767597],
        [-0.06646971,  0.        ,  0.59054477, ..., -0.18286687,
         -0.61707968, -0.85413283],
        [-0.64288013, -0.59054477,  0.        , ..., -0.72816128,
         -0.96268639, -0.99640507],
        ...,
        [ 0.11711357,  0.18286687,  0.72816128, ...,  0.        ,
         -0.46277622, -0.74462936],
        [ 0.56340991,  0.61707968,  0.96268639, ...,  0.46277622,
          0.        , -0.35120238],
        [ 0.81767597,  0.85413283,  0.99640507, ...,  0.74462936,
          0.35120238,  0.        ]],

       [[ 0.        ,  0.20711392,  0.55223992, ...,  0.99810192,
          0.98212683,  0.97615859],
        [-0.20711392,  0.        ,  0.36759779, ...,  0.98921476,
          0.99981426,  0.99994822],
        [-0.55223992, -0.36759779,  0.        , ...,  0.86611184,
          0.92272742,  0.93367738],
        ...,
        [-0.99810192, -0.98921476, -0.86611184, ...,  0.        ,
          0.12738001,  0.15653101],
        [-0.98212683, -0.99981426, -0.92272742, ..., -0.12738001,
          0.        ,  0.0294461 ],
        [-0.97615859, -0.99994822, -0.93367738, ..., -0.15653101,
         -0.0294461 ,  0.        ]],

       ...,

       [[ 0.        , -0.39665938, -0.21511883, ..., -0.73062493,
         -0.48367313, -0.37665231],
        [ 0.39665938,  0.        ,  0.18990101, ..., -0.39985803,
         -0.09681981,  0.02169332],
        [ 0.21511883, -0.18990101,  0.        , ..., -0.56664082,
         -0.28406684, -0.16855775],
        ...,
        [ 0.73062493,  0.39985803,  0.56664082, ...,  0.        ,
          0.30923665,  0.41964754],
        [ 0.48367313,  0.09681981,  0.28406684, ..., -0.30923665,
          0.        ,  0.11838843],
        [ 0.37665231, -0.02169332,  0.16855775, ..., -0.41964754,
         -0.11838843,  0.        ]],

       [[ 0.        ,  0.45831172,  0.7449858 , ...,  0.9686746 ,
          0.94722755,  0.91627061],
        [-0.45831172,  0.        ,  0.35640632, ...,  0.97476392,
          0.98880511,  0.99795481],
        [-0.7449858 , -0.35640632,  0.        , ...,  0.83118869,
          0.87069096,  0.90963747],
        ...,
        [-0.9686746 , -0.97476392, -0.83118869, ...,  0.        ,
          0.07529189,  0.16047144],
        [-0.94722755, -0.98880511, -0.87069096, ..., -0.07529189,
          0.        ,  0.0856998 ],
        [-0.91627061, -0.99795481, -0.90963747, ..., -0.16047144,
         -0.0856998 ,  0.        ]],

       [[ 0.        , -0.01576959, -0.15554519, ...,  0.82295157,
          0.81145964,  0.79720125],
        [ 0.01576959,  0.        , -0.1399482 , ...,  0.83180813,
          0.82057462,  0.80662244],
        [ 0.15554519,  0.1399482 ,  0.        , ...,  0.90130226,
          0.89248511,  0.88140309],
        ...,
        [-0.82295157, -0.83180813, -0.90130226, ...,  0.        ,
         -0.01994029, -0.04392787],
        [-0.81145964, -0.82057462, -0.89248511, ...,  0.01994029,
          0.        , -0.02399809],
        [-0.79720125, -0.80662244, -0.88140309, ...,  0.04392787,
          0.02399809,  0.        ]]]), 'num': array([ 6.43367791e-01,  5.85188508e-01,  9.53758731e-07,  3.06206750e-03,
        3.08716642e-03,  3.04198837e-03,  4.93517737e-01, -5.01978279e-06,
        3.05102398e-03,  2.94309865e-03,  3.00258308e-03,  3.27606877e-06,
        3.12957801e-03,  2.75661929e-03])}
{'img': array([[[ 0.        ,  0.44066527,  0.4642331 , ...,  0.74539738,
          0.80255867,  0.78389151],
        [-0.44066527,  0.        ,  0.02642584, ...,  0.37536553,
          0.45754495,  0.43006897],
        [-0.4642331 , -0.02642584,  0.        , ...,  0.35074094,
          0.43388767,  0.40606163],
        ...,
        [-0.74539738, -0.37536553, -0.35074094, ...,  0.        ,
          0.09031787,  0.05974246],
        [-0.80255867, -0.45754495, -0.43388767, ..., -0.09031787,
          0.        , -0.03065825],
        [-0.78389151, -0.43006897, -0.40606163, ..., -0.05974246,
          0.03065825,  0.        ]],

       [[ 0.        ,  0.59054477,  0.9061796 , ..., -0.61707968,
         -0.85413283, -0.87112364],
        [-0.59054477,  0.        ,  0.48155407, ..., -0.96268639,
         -0.99640507, -0.99299616],
        [-0.9061796 , -0.48155407,  0.        , ..., -0.97403205,
         -0.83247   , -0.8133841 ],
        ...,
        [ 0.61707968,  0.96268639,  0.97403205, ...,  0.        ,
         -0.35120238, -0.38246231],
        [ 0.85413283,  0.99640507,  0.83247   , ...,  0.35120238,
          0.        , -0.03359845],
        [ 0.87112364,  0.99299616,  0.8133841 , ...,  0.38246231,
          0.03359845,  0.        ]],

       [[ 0.        ,  0.36759779,  0.63159075, ...,  0.99981426,
          0.99994822,  0.99847301],
        [-0.36759779,  0.        ,  0.30237057, ...,  0.92272742,
          0.93367738,  0.94887151],
        [-0.63159075, -0.30237057,  0.        , ...,  0.76298528,
          0.78168885,  0.80900819],
        ...,
        [-0.99981426, -0.92272742, -0.76298528, ...,  0.        ,
          0.0294461 ,  0.07447497],
        [-0.99994822, -0.93367738, -0.78168885, ..., -0.0294461 ,
          0.        ,  0.04507836],
        [-0.99847301, -0.94887151, -0.80900819, ..., -0.07447497,
         -0.04507836,  0.        ]],

       ...,

       [[ 0.        ,  0.18990101,  0.14854181, ..., -0.09681981,
          0.02169332, -0.04733971],
        [-0.18990101,  0.        , -0.04195544, ..., -0.28406684,
         -0.16855775, -0.23616638],
        [-0.14854181,  0.04195544,  0.        , ..., -0.24358965,
         -0.12705419, -0.19518979],
        ...,
        [ 0.09681981,  0.28406684,  0.24358965, ...,  0.        ,
          0.11838843,  0.04959396],
        [-0.02169332,  0.16855775,  0.12705419, ..., -0.11838843,
          0.        , -0.06899756],
        [ 0.04733971,  0.23616638,  0.19518979, ..., -0.04959396,
          0.06899756,  0.        ]],

       [[ 0.        ,  0.64375119,  0.82769124, ...,  0.9598371 ,
          0.93090323,  0.89856619],
        [-0.64375119,  0.        ,  0.27211548, ...,  0.91511031,
          0.94749997,  0.97011668],
        [-0.82769124, -0.27211548,  0.        , ...,  0.77086032,
          0.82473516,  0.86748313],
        ...,
        [-0.9598371 , -0.91511031, -0.77086032, ...,  0.        ,
          0.08942349,  0.16911315],
        [-0.93090323, -0.94749997, -0.82473516, ..., -0.08942349,
          0.        ,  0.08030013],
        [-0.89856619, -0.97011668, -0.86748313, ..., -0.16911315,
         -0.08030013,  0.        ]],

       [[ 0.        , -0.1399482 , -0.3111041 , ...,  0.82057462,
          0.80662244,  0.79598134],
        [ 0.1399482 ,  0.        , -0.17503909, ...,  0.89248511,
          0.88140309,  0.87286155],
        [ 0.3111041 ,  0.17503909,  0.        , ...,  0.95766255,
          0.95047786,  0.94479933],
        ...,
        [-0.82057462, -0.89248511, -0.95766255, ...,  0.        ,
         -0.02399809, -0.04177648],
        [-0.80662244, -0.88140309, -0.95047786, ...,  0.02399809,
          0.        , -0.0177873 ],
        [-0.79598134, -0.87286155, -0.94479933, ...,  0.04177648,
          0.0177873 ,  0.        ]]]), 'num': array([ 6.79035534e-01,  6.79035534e-01,  0.00000000e+00,  1.45438816e-03,
        1.46883573e-03,  1.44234853e-03,  2.78935300e-01, -1.44475646e-05,
        1.46305670e-03,  1.41393498e-03,  1.44138536e-03,  1.73594768e-06,
        1.50529164e-03,  1.32257833e-03])}
{'img': array([[[ 0.        ,  0.02642584, -0.54173427, ...,  0.45754495,
          0.43006897,  0.26685367],
        [-0.02642584,  0.        , -0.56375732, ...,  0.43388767,
          0.40606163,  0.24129291],
        [ 0.54173427,  0.56375732,  0.        , ...,  0.86629212,
          0.85056994,  0.74639319],
        ...,
        [-0.45754495, -0.43388767, -0.86629212, ...,  0.        ,
         -0.03065825, -0.20367035],
        [-0.43006897, -0.40606163, -0.85056994, ...,  0.03065825,
          0.        , -0.17355897],
        [-0.26685367, -0.24129291, -0.74639319, ...,  0.20367035,
          0.17355897,  0.        ]],

       [[ 0.        ,  0.48155407,  0.02826221, ..., -0.99640507,
         -0.99299616, -0.98941391],
        [-0.48155407,  0.        , -0.45659224, ..., -0.83247   ,
         -0.8133841 , -0.93702218],
        [-0.02826221,  0.45659224,  0.        , ..., -0.99361276,
         -0.98926041, -0.99312013],
        ...,
        [ 0.99640507,  0.83247   ,  0.99361276, ...,  0.        ,
         -0.03359845,  0.22841932],
        [ 0.99299616,  0.8133841 ,  0.98926041, ...,  0.03359845,
          0.        ,  0.26100056],
        [ 0.98941391,  0.93702218,  0.99312013, ..., -0.22841932,
         -0.26100056,  0.        ]],

       [[ 0.        ,  0.30237057,  0.39336659, ...,  0.93367738,
          0.94887151,  0.94644566],
        [-0.30237057,  0.        ,  0.09695931, ...,  0.78168885,
          0.80900819,  0.80451866],
        [-0.39336659, -0.09695931,  0.        , ...,  0.71753533,
          0.74820399,  0.74314125],
        ...,
        [-0.93367738, -0.78168885, -0.71753533, ...,  0.        ,
          0.04507836,  0.03748662],
        [-0.94887151, -0.80900819, -0.74820399, ..., -0.04507836,
          0.        , -0.00759816],
        [-0.94644566, -0.80451866, -0.74314125, ..., -0.03748662,
          0.00759816,  0.        ]],

       ...,

       [[ 0.        , -0.04195544, -0.61898892, ..., -0.16855775,
         -0.23616638,  0.15235718],
        [ 0.04195544,  0.        , -0.5854921 , ..., -0.12705419,
         -0.19518979,  0.19368866],
        [ 0.61898892,  0.5854921 ,  0.        , ...,  0.47774709,
          0.41599435,  0.73142382],
        ...,
        [ 0.16855775,  0.12705419, -0.47774709, ...,  0.        ,
         -0.06899756,  0.31676713],
        [ 0.23616638,  0.19518979, -0.41599435, ...,  0.06899756,
          0.        ,  0.38145664],
        [-0.15235718, -0.19368866, -0.73142382, ..., -0.31676713,
         -0.38145664,  0.        ]],

       [[ 0.        ,  0.63947562,  0.62221752, ...,  0.9597516 ,
          0.93131802,  0.90239923],
        [-0.63947562,  0.        , -0.022242  , ...,  0.91746484,
          0.94890939,  0.96932545],
        [-0.62221752,  0.022242  ,  0.        , ...,  0.92608612,
          0.95569308,  0.97455231],
        ...,
        [-0.9597516 , -0.91746484, -0.92608612, ...,  0.        ,
          0.08798734,  0.16011881],
        [-0.93131802, -0.94890939, -0.95569308, ..., -0.08798734,
          0.        ,  0.0726457 ],
        [-0.90239923, -0.96932545, -0.97455231, ..., -0.16011881,
         -0.0726457 ,  0.        ]],

       [[ 0.        , -0.17503909,  0.33442429, ...,  0.88140309,
          0.87286155,  0.87440215],
        [ 0.17503909,  0.        ,  0.49422207, ...,  0.95047786,
          0.94479933,  0.94583198],
        [-0.33442429, -0.49422207,  0.        , ...,  0.67268393,
          0.65941614,  0.66179307],
        ...,
        [-0.88140309, -0.95047786, -0.67268393, ...,  0.        ,
         -0.0177873 , -0.01462158],
        [-0.87286155, -0.94479933, -0.65941614, ...,  0.0177873 ,
          0.        ,  0.00316614],
        [-0.87440215, -0.94583198, -0.66179307, ...,  0.01462158,
         -0.00316614,  0.        ]]]), 'num': array([7.05782011e-01, 6.32037150e-01, 1.19910343e-06, 1.53635127e-03,
       1.53635127e-03, 1.50887181e-03, 3.19973006e-01, 2.74794536e-05,
       1.52286135e-03, 1.47127493e-03, 1.49625625e-03, 2.17099579e-06,
       1.57030279e-03, 1.37224706e-03])}
{'img': array([[[ 0.        , -0.56375732, -0.02642584, ...,  0.40606163,
          0.24129291,  0.5464584 ],
        [ 0.56375732,  0.        ,  0.54173427, ...,  0.85056994,
          0.74639319,  0.92348112],
        [ 0.02642584, -0.54173427,  0.        , ...,  0.43006897,
          0.26685367,  0.56839885],
        ...,
        [-0.40606163, -0.85056994, -0.43006897, ...,  0.        ,
         -0.17355897,  0.15930763],
        [-0.24129291, -0.74639319, -0.26685367, ...,  0.17355897,
          0.        ,  0.32823234],
        [-0.5464584 , -0.92348112, -0.56839885, ..., -0.15930763,
         -0.32823234,  0.        ]],

       [[ 0.        , -0.45659224, -0.77309171, ..., -0.8133841 ,
         -0.93702218, -0.98238599],
        [ 0.45659224,  0.        , -0.39818736, ..., -0.98926041,
         -0.99312013, -0.95932549],
        [ 0.77309171,  0.39818736,  0.        , ..., -0.96565319,
         -0.86436542, -0.76758399],
        ...,
        [ 0.8133841 ,  0.98926041,  0.96565319, ...,  0.        ,
          0.26100056,  0.41948912],
        [ 0.93702218,  0.99312013,  0.86436542, ..., -0.26100056,
          0.        ,  0.1680231 ],
        [ 0.98238599,  0.95932549,  0.76758399, ..., -0.41948912,
         -0.1680231 ,  0.        ]],

       [[ 0.        ,  0.09695931,  0.22266083, ...,  0.80900819,
          0.80451866,  0.84818385],
        [-0.09695931,  0.        ,  0.12708649, ...,  0.74820399,
          0.74314125,  0.79282797],
        [-0.22266083, -0.12708649,  0.        , ...,  0.65781937,
          0.65207764,  0.70894715],
        ...,
        [-0.80900819, -0.74820399, -0.65781937, ...,  0.        ,
         -0.00759816,  0.07002703],
        [-0.80451866, -0.74314125, -0.65207764, ...,  0.00759816,
          0.        ,  0.07760451],
        [-0.84818385, -0.79282797, -0.70894715, ..., -0.07002703,
         -0.07760451,  0.        ]],

       ...,

       [[ 0.        , -0.4424953 , -0.07334758, ..., -0.13053936,
          0.11119808,  0.9050174 ],
        [ 0.4424953 ,  0.        ,  0.37552745, ...,  0.32164504,
          0.53947026,  0.99981944],
        [ 0.07334758, -0.37552745,  0.        , ..., -0.0574678 ,
          0.18379126,  0.93377987],
        ...,
        [ 0.13053936, -0.32164504,  0.0574678 , ...,  0.        ,
          0.23997637,  0.9528014 ],
        [-0.11119808, -0.53947026, -0.18379126, ..., -0.23997637,
          0.        ,  0.85210388],
        [-0.9050174 , -0.99981944, -0.93377987, ..., -0.9528014 ,
         -0.85210388,  0.        ]],

       [[ 0.        , -0.17673922,  0.22827966, ...,  0.99360239,
          0.98156865,  0.93502448],
        [ 0.17673922,  0.        ,  0.39675854, ...,  0.95800079,
          0.93233991,  0.8576363 ],
        [-0.22827966, -0.39675854,  0.        , ...,  0.99314766,
          0.99927742,  0.99127985],
        ...,
        [-0.99360239, -0.95800079, -0.99314766, ...,  0.        ,
          0.07903385,  0.24671777],
        [-0.98156865, -0.93233991, -0.99927742, ..., -0.07903385,
          0.        ,  0.16935532],
        [-0.93502448, -0.8576363 , -0.99127985, ..., -0.24671777,
         -0.16935532,  0.        ]],

       [[ 0.        ,  0.49422207,  0.6797136 , ...,  0.94479933,
          0.94583198,  0.9462948 ],
        [-0.49422207,  0.        ,  0.22839846, ...,  0.65941614,
          0.66179307,  0.66286336],
        [-0.6797136 , -0.22839846,  0.        , ...,  0.47028132,
          0.47307313,  0.47433123],
        ...,
        [-0.94479933, -0.65941614, -0.47028132, ...,  0.        ,
          0.00316614,  0.00459467],
        [-0.94583198, -0.66179307, -0.47307313, ..., -0.00316614,
          0.        ,  0.00142855],
        [-0.9462948 , -0.66286336, -0.47433123, ..., -0.00459467,
         -0.00142855,  0.        ]]]), 'num': array([7.11131623e-01, 6.59813788e-01, 8.30385675e-07, 1.55508590e-03,
       1.56766750e-03, 1.53747166e-03, 2.42732478e-01, 7.54896068e-06,
       1.53898145e-03, 1.48538383e-03, 1.50811459e-03, 2.19067879e-06,
       1.59010750e-03, 1.38066016e-03])}
{'img': array([[[ 0.        ,  0.54173427,  0.66879262, ...,  0.74639319,
          0.92348112,  0.95907447],
        [-0.54173427,  0.        ,  0.1594017 , ...,  0.26685367,
          0.56839885,  0.65275567],
        [-0.66879262, -0.1594017 ,  0.        , ...,  0.1098203 ,
          0.42998294,  0.5236517 ],
        ...,
        [-0.74639319, -0.26685367, -0.1098203 , ...,  0.        ,
          0.32823234,  0.42692489],
        [-0.92348112, -0.56839885, -0.42998294, ..., -0.32823234,
          0.        ,  0.10645572],
        [-0.95907447, -0.65275567, -0.5236517 , ..., -0.42692489,
         -0.10645572,  0.        ]],

       [[ 0.        , -0.53805397, -0.77020286, ..., -0.99375528,
         -0.99800022, -0.91484715],
        [ 0.53805397,  0.        , -0.30604172, ..., -0.89768354,
         -0.80721414, -0.98840053],
        [ 0.77020286,  0.30604172,  0.        , ..., -0.71975653,
         -0.58783869, -0.89449674],
        ...,
        [ 0.99375528,  0.89768354,  0.71975653, ...,  0.        ,
          0.17417408, -0.29919865],
        [ 0.99800022,  0.80721414,  0.58783869, ..., -0.17417408,
          0.        , -0.46082067],
        [ 0.91484715,  0.98840053,  0.89449674, ...,  0.29919865,
          0.46082067,  0.        ]],

       [[ 0.        ,  0.12708649,  0.27456329, ...,  0.74314125,
          0.79282797,  0.84019542],
        [-0.12708649,  0.        ,  0.15013461, ...,  0.65207764,
          0.70894715,  0.76446588],
        [-0.27456329, -0.15013461,  0.        , ...,  0.53086182,
          0.59502746,  0.65901469],
        ...,
        [-0.74314125, -0.65207764, -0.53086182, ...,  0.        ,
          0.07760451,  0.15921039],
        [-0.79282797, -0.70894715, -0.59502746, ..., -0.07760451,
          0.        ,  0.0821156 ],
        [-0.84019542, -0.76446588, -0.65901469, ..., -0.15921039,
         -0.0821156 ,  0.        ]],

       ...,

       [[ 0.        ,  0.37444565,  0.39197572, ...,  0.53779494,
          0.99695465,  0.99977039],
        [-0.37444565,  0.        ,  0.0189782 , ...,  0.18298373,
          0.89522451,  0.93505963],
        [-0.39197572, -0.0189782 ,  0.        , ...,  0.164293  ,
          0.8866063 ,  0.92816363],
        ...,
        [-0.53779494, -0.18298373, -0.164293  , ...,  0.        ,
          0.79856912,  0.85440604],
        [-0.99695465, -0.89522451, -0.8866063 , ..., -0.79856912,
          0.        ,  0.09932841],
        [-0.99977039, -0.93505963, -0.92816363, ..., -0.85440604,
         -0.09932841,  0.        ]],

       [[ 0.        ,  0.39675854,  0.60564222, ...,  0.93233991,
          0.8576363 ,  0.74998597],
        [-0.39675854,  0.        ,  0.24021745, ...,  0.99927742,
          0.99127985,  0.9508668 ],
        [-0.60564222, -0.24021745,  0.        , ...,  0.96088739,
          0.99390859,  0.99739596],
        ...,
        [-0.93233991, -0.99927742, -0.96088739, ...,  0.        ,
          0.16935532,  0.3455175 ],
        [-0.8576363 , -0.99127985, -0.99390859, ..., -0.16935532,
          0.        ,  0.18160141],
        [-0.74998597, -0.9508668 , -0.99739596, ..., -0.3455175 ,
         -0.18160141,  0.        ]],

       [[ 0.        ,  0.51921177,  0.68022839, ...,  0.90879247,
          0.90945495,  0.90080018],
        [-0.51921177,  0.        ,  0.20077187, ...,  0.5600552 ,
          0.56137215,  0.54440559],
        [-0.68022839, -0.20077187,  0.        , ...,  0.38232085,
          0.38379004,  0.36490853],
        ...,
        [-0.90879247, -0.5600552 , -0.38232085, ...,  0.        ,
          0.0015905 , -0.01877099],
        [-0.90945495, -0.56137215, -0.38379004, ..., -0.0015905 ,
          0.        , -0.02036119],
        [-0.90080018, -0.54440559, -0.36490853, ...,  0.01877099,
          0.02036119,  0.        ]]]), 'num': array([6.63678526e-01, 6.35418575e-01, 4.45740555e-07, 1.48736585e-03,
       1.49440386e-03, 1.47798184e-03, 3.94661268e-01, 3.75360468e-05,
       1.44560700e-03, 1.39106243e-03, 1.40842285e-03, 2.11140263e-06,
       1.49776276e-03, 1.28436210e-03])}
{'img': array([[[ 0.        ,  0.14829596,  0.04940156, ...,  0.52036131,
          0.59506165,  0.99992379],
        [-0.14829596,  0.        , -0.09925956, ...,  0.38797092,
          0.46929956,  0.98703684],
        [-0.04940156,  0.09925956,  0.        , ...,  0.47753968,
          0.55463203,  0.99809298],
        ...,
        [-0.52036131, -0.38797092, -0.47753968, ...,  0.        ,
          0.08994662,  0.8474569 ],
        [-0.59506165, -0.46929956, -0.55463203, ..., -0.08994662,
          0.        ,  0.79627237],
        [-0.99992379, -0.98703684, -0.99809298, ..., -0.8474569 ,
         -0.79627237,  0.        ]],

       [[ 0.        , -0.30604172, -0.77344272, ..., -0.80721414,
         -0.98840053, -0.3610902 ],
        [ 0.30604172,  0.        , -0.54234196, ..., -0.58783869,
         -0.89449674, -0.05837105],
        [ 0.77344272,  0.54234196,  0.        , ..., -0.05513447,
         -0.50905121,  0.49237635],
        ...,
        [ 0.80721414,  0.58783869,  0.05513447, ...,  0.        ,
         -0.46082067,  0.53961549],
        [ 0.98840053,  0.89449674,  0.50905121, ...,  0.46082067,
          0.        ,  0.86687538],
        [ 0.3610902 ,  0.05837105, -0.49237635, ..., -0.53961549,
         -0.86687538,  0.        ]],

       [[ 0.        ,  0.15013461,  0.16300493, ...,  0.70894715,
          0.76446588,  0.88515069],
        [-0.15013461,  0.        ,  0.01303077, ...,  0.59502746,
          0.65901469,  0.8052597 ],
        [-0.16300493, -0.01303077,  0.        , ...,  0.58450404,
          0.6491579 ,  0.7974651 ],
        ...,
        [-0.70894715, -0.59502746, -0.58450404, ...,  0.        ,
          0.0821156 ,  0.29438651],
        [-0.76446588, -0.65901469, -0.6491579 , ..., -0.0821156 ,
          0.        ,  0.21491555],
        [-0.88515069, -0.8052597 , -0.7974651 , ..., -0.29438651,
         -0.21491555,  0.        ]],

       ...,

       [[ 0.        ,  0.0177105 ,  0.05480708, ...,  0.74052593,
          0.74803414,  0.95597939],
        [-0.0177105 ,  0.        ,  0.0371146 , ...,  0.72850783,
          0.73616306,  0.95063259],
        [-0.05480708, -0.0371146 ,  0.        , ...,  0.70258101,
          0.71053653,  0.93846027],
        ...,
        [-0.74052593, -0.72850783, -0.70258101, ...,  0.        ,
          0.0112421 ,  0.42514937],
        [-0.74803414, -0.73616306, -0.71053653, ..., -0.0112421 ,
          0.        ,  0.41494702],
        [-0.95597939, -0.95063259, -0.93846027, ..., -0.42514937,
         -0.41494702,  0.        ]],

       [[ 0.        ,  0.48846202,  0.69766547, ...,  0.86976312,
          0.76251907,  0.31976848],
        [-0.48846202,  0.        ,  0.25882677, ...,  0.99998348,
          0.98138101,  0.7418409 ],
        [-0.69766547, -0.25882677,  0.        , ...,  0.96739551,
          0.99765238,  0.89012475],
        ...,
        [-0.86976312, -0.99998348, -0.96739551, ...,  0.        ,
          0.18642705,  0.66630084],
        [-0.76251907, -0.98138101, -0.99765238, ..., -0.18642705,
          0.        ,  0.5156043 ],
        [-0.31976848, -0.7418409 , -0.89012475, ..., -0.66630084,
         -0.5156043 ,  0.        ]],

       [[ 0.        ,  0.49512653,  0.5477533 , ...,  0.85001199,
          0.83736822,  0.8109462 ],
        [-0.49512653,  0.        ,  0.06165689, ...,  0.47769366,
          0.45686739,  0.41485819],
        [-0.5477533 , -0.06165689,  0.        , ...,  0.42261759,
          0.40115221,  0.35796814],
        ...,
        [-0.85001199, -0.47769366, -0.42261759, ...,  0.        ,
         -0.02355504, -0.0701829 ],
        [-0.83736822, -0.45686739, -0.40115221, ...,  0.02355504,
          0.        , -0.04666647],
        [-0.8109462 , -0.41485819, -0.35796814, ...,  0.0701829 ,
          0.04666647,  0.        ]]]), 'num': array([6.75213809e-01, 6.66063433e-01, 1.43198367e-07, 1.52506261e-03,
       1.52506261e-03, 1.51074277e-03, 3.16904597e-01, 1.19331972e-05,
       1.48448974e-03, 1.42231778e-03, 1.43460897e-03, 2.09199260e-06,
       1.53967129e-03, 1.30496426e-03])}
{'img': array([[[ 0.        , -0.09302326, -0.1852398 , ...,  0.42948321,
          0.83635285,  0.99566394],
        [ 0.09302326,  0.        , -0.09302326, ...,  0.51162791,
          0.88372093,  1.        ],
        [ 0.1852398 ,  0.09302326,  0.        , ...,  0.5893357 ,
          0.92342527,  0.99566394],
        ...,
        [-0.42948321, -0.51162791, -0.5893357 , ...,  0.        ,
          0.51985018,  0.85920713],
        [-0.83635285, -0.88372093, -0.92342527, ..., -0.51985018,
          0.        ,  0.46801423],
        [-0.99566394, -1.        , -0.99566394, ..., -0.85920713,
         -0.46801423,  0.        ]],

       [[ 0.        , -0.54234196,  0.04597787, ..., -0.89449674,
         -0.05837105, -0.53348956],
        [ 0.54234196,  0.        ,  0.58039708, ..., -0.50905121,
          0.49237635,  0.010501  ],
        [-0.04597787, -0.58039708,  0.        , ..., -0.91410631,
         -0.1042088 , -0.57181377],
        ...,
        [ 0.89449674,  0.50905121,  0.91410631, ...,  0.        ,
          0.86687538,  0.51806173],
        [ 0.05837105, -0.49237635,  0.1042088 , ..., -0.86687538,
          0.        , -0.48320932],
        [ 0.53348956, -0.010501  ,  0.57181377, ..., -0.51806173,
          0.48320932,  0.        ]],

       [[ 0.        ,  0.01303077, -0.00651684, ...,  0.65901469,
          0.8052597 ,  0.98468701],
        [-0.01303077,  0.        , -0.01954677, ...,  0.6491579 ,
          0.7974651 ,  0.98233174],
        [ 0.00651684,  0.01954677,  0.        , ...,  0.6639022 ,
          0.80910658,  0.98580219],
        ...,
        [-0.65901469, -0.6491579 , -0.6639022 , ...,  0.        ,
          0.21491555,  0.62572567],
        [-0.8052597 , -0.7974651 , -0.80910658, ..., -0.21491555,
          0.        ,  0.4434607 ],
        [-0.98468701, -0.98233174, -0.98580219, ..., -0.62572567,
         -0.4434607 ,  0.        ]],

       ...,

       [[ 0.        ,  0.0371146 , -0.13985771, ...,  0.73616306,
          0.95063259,  0.76673923],
        [-0.0371146 ,  0.        , -0.17651117, ...,  0.71053653,
          0.93846027,  0.74238492],
        [ 0.13985771,  0.17651117,  0.        , ...,  0.82358405,
          0.98468986,  0.84898629],
        ...,
        [-0.73616306, -0.71053653, -0.82358405, ...,  0.        ,
          0.41494702,  0.04634608],
        [-0.95063259, -0.93846027, -0.98468986, ..., -0.41494702,
          0.        , -0.37233335],
        [-0.76673923, -0.74238492, -0.84898629, ..., -0.04634608,
          0.37233335,  0.        ]],

       [[ 0.        ,  0.52145322,  0.6649376 , ...,  0.90392993,
          0.70416047,  0.        ],
        [-0.52145322,  0.        ,  0.17790502, ...,  0.99432063,
          0.97109905,  0.52145322],
        [-0.6649376 , -0.17790502,  0.        , ...,  0.95952519,
          0.99806956,  0.6649376 ],
        ...,
        [-0.90392993, -0.99432063, -0.95952519, ...,  0.        ,
          0.34067142,  0.90392993],
        [-0.70416047, -0.97109905, -0.99806956, ..., -0.34067142,
          0.        ,  0.70416047],
        [-0.        , -0.52145322, -0.6649376 , ..., -0.90392993,
         -0.70416047,  0.        ]],

       [[ 0.        ,  0.26018001,  0.34046024, ...,  0.75545259,
          0.71766749,  0.69421386],
        [-0.26018001,  0.        ,  0.08409825, ...,  0.5589641 ,
          0.51176542,  0.48303577],
        [-0.34046024, -0.08409825,  0.        , ...,  0.48725036,
          0.43770154,  0.40768812],
        ...,
        [-0.75545259, -0.5589641 , -0.48725036, ...,  0.        ,
         -0.05586844, -0.08889998],
        [-0.71766749, -0.51176542, -0.43770154, ...,  0.05586844,
          0.        , -0.0331139 ],
        [-0.69421386, -0.48303577, -0.40768812, ...,  0.08889998,
          0.0331139 ,  0.        ]]]), 'num': array([6.43231005e-01, 6.35888185e-01, 1.13665939e-07, 1.46856394e-03,
       1.47765721e-03, 1.45265071e-03, 4.26478742e-01, 1.59132315e-05,
       1.43310017e-03, 1.36217262e-03, 1.36823480e-03, 2.00268560e-06,
       1.48314736e-03, 1.24119788e-03])}
{'img': array([[[ 0.        , -0.08654946, -0.04320359, ...,  0.7902964 ,
          0.88676821,  0.99716328],
        [ 0.08654946,  0.        ,  0.04342718, ...,  0.84036185,
          0.92344507,  0.986907  ],
        [ 0.04320359, -0.04342718,  0.        , ...,  0.8160304 ,
          0.90590955,  0.99298033],
        ...,
        [-0.7902964 , -0.84036185, -0.8160304 , ...,  0.        ,
          0.17805845,  0.67047128],
        [-0.88676821, -0.92344507, -0.90590955, ..., -0.17805845,
          0.        ,  0.52764921],
        [-0.99716328, -0.986907  , -0.99298033, ..., -0.67047128,
         -0.52764921,  0.        ]],

       [[ 0.        ,  0.58039708, -0.10608477, ...,  0.49237635,
          0.010501  ,  0.74339214],
        [-0.58039708,  0.        , -0.66351035, ..., -0.1042088 ,
         -0.57181377,  0.21716723],
        [ 0.10608477,  0.66351035,  0.        , ...,  0.58193224,
          0.11652066,  0.81015266],
        ...,
        [-0.49237635,  0.1042088 , -0.58193224, ...,  0.        ,
         -0.48320932,  0.31770664],
        [-0.010501  ,  0.57181377, -0.11652066, ...,  0.48320932,
          0.        ,  0.7363275 ],
        [-0.74339214, -0.21716723, -0.81015266, ..., -0.31770664,
         -0.7363275 ,  0.        ]],

       [[ 0.        , -0.01748893,  0.10415622, ...,  0.68327981,
          0.83091046,  0.99260522],
        [ 0.01748893,  0.        ,  0.1215341 , ...,  0.69594496,
          0.84051433,  0.99033048],
        [-0.10415622, -0.1215341 ,  0.        , ...,  0.60351306,
          0.76843793,  0.99984963],
        ...,
        [-0.68327981, -0.69594496, -0.60351306, ...,  0.        ,
          0.2265137 ,  0.80769876],
        [-0.83091046, -0.84051433, -0.76843793, ..., -0.2265137 ,
          0.        ,  0.65315361],
        [-0.99260522, -0.99033048, -0.99984963, ..., -0.80769876,
         -0.65315361,  0.        ]],

       ...,

       [[ 0.        , -0.17651117, -0.18678077, ...,  0.93846027,
          0.74238492,  0.76737794],
        [ 0.17651117,  0.        , -0.0104432 , ...,  0.98468986,
          0.84898629,  0.86850715],
        [ 0.18678077,  0.0104432 ,  0.        , ...,  0.98645658,
          0.85445833,  0.87363624],
        ...,
        [-0.93846027, -0.98468986, -0.98645658, ...,  0.        ,
         -0.37233335, -0.33669356],
        [-0.74238492, -0.84898629, -0.85445833, ...,  0.37233335,
          0.        ,  0.03810943],
        [-0.76737794, -0.86850715, -0.87363624, ...,  0.33669356,
         -0.03810943,  0.        ]],

       [[ 0.        ,  0.43188582,  0.59886351, ...,  0.89740274,
          0.70568748,  0.        ],
        [-0.43188582,  0.        ,  0.1942557 , ...,  0.99994627,
          0.94248064,  0.43188582],
        [-0.59886351, -0.1942557 ,  0.        , ...,  0.98291195,
          0.98945931,  0.59886351],
        ...,
        [-0.89740274, -0.99994627, -0.98291195, ...,  0.        ,
          0.32447268,  0.89740274],
        [-0.70568748, -0.94248064, -0.98945931, ..., -0.32447268,
          0.        ,  0.70568748],
        [-0.        , -0.43188582, -0.59886351, ..., -0.89740274,
         -0.70568748,  0.        ]],

       [[ 0.        ,  0.22544685,  0.29802238, ...,  0.68757916,
          0.66154894,  0.62911801],
        [-0.22544685,  0.        ,  0.07514764, ...,  0.50617867,
          0.47545463,  0.43767962],
        [-0.29802238, -0.07514764,  0.        , ...,  0.43993793,
          0.40799984,  0.36887447],
        ...,
        [-0.68757916, -0.50617867, -0.43993793, ...,  0.        ,
         -0.03526006, -0.0776535 ],
        [-0.66154894, -0.47545463, -0.40799984, ...,  0.03526006,
          0.        , -0.04245162],
        [-0.62911801, -0.43767962, -0.36887447, ...,  0.0776535 ,
          0.04245162,  0.        ]]]), 'num': array([ 6.28864926e-01,  6.21828952e-01,  1.11152831e-07,  1.40719484e-03,
        1.44276375e-03,  1.40274873e-03,  4.66735940e-01, -2.88997361e-05,
        1.40941790e-03,  1.33950277e-03,  1.33935456e-03,  1.64855884e-06,
        1.45703058e-03,  1.22197495e-03])}
{'img': array([[[ 0.        ,  0.04342718,  0.21411656, ...,  0.92344507,
          0.986907  ,  0.8228568 ],
        [-0.04342718,  0.        ,  0.17149454, ...,  0.90590955,
          0.99298033,  0.79740307],
        [-0.21411656, -0.17149454,  0.        , ...,  0.81986555,
          0.9985537 ,  0.68210172],
        ...,
        [-0.92344507, -0.90590955, -0.81986555, ...,  0.        ,
          0.52764921, -0.20899117],
        [-0.986907  , -0.99298033, -0.9985537 , ..., -0.52764921,
          0.        , -0.69352755],
        [-0.8228568 , -0.79740307, -0.68210172, ...,  0.20899117,
          0.69352755,  0.        ]],

       [[ 0.        , -0.66351035, -0.66442079, ..., -0.57181377,
          0.21716723,  0.77439457],
        [ 0.66351035,  0.        , -0.00121756, ...,  0.11652066,
          0.81015266,  0.99918151],
        [ 0.66442079,  0.00121756,  0.        , ...,  0.11772984,
          0.81086582,  0.99913152],
        ...,
        [ 0.57181377, -0.11652066, -0.11772984, ...,  0.        ,
          0.7363275 ,  0.99708876],
        [-0.21716723, -0.81015266, -0.81086582, ..., -0.7363275 ,
          0.        ,  0.61851084],
        [-0.77439457, -0.99918151, -0.99913152, ..., -0.99708876,
         -0.61851084,  0.        ]],

       [[ 0.        ,  0.11608296,  0.15966116, ...,  0.79376851,
          0.96478489,  0.98342439],
        [-0.11608296,  0.        ,  0.04398794, ...,  0.71779828,
          0.927728  ,  0.99782398],
        [-0.15966116, -0.04398794,  0.        , ...,  0.68647684,
          0.91041121,  0.99975845],
        ...,
        [-0.79376851, -0.71779828, -0.68647684, ...,  0.        ,
          0.37800847,  0.74206343],
        [-0.96478489, -0.927728  , -0.91041121, ..., -0.37800847,
          0.        ,  0.43361362],
        [-0.98342439, -0.99782398, -0.99975845, ..., -0.74206343,
         -0.43361362,  0.        ]],

       ...,

       [[ 0.        , -0.0104432 ,  0.08623023, ...,  0.84898629,
          0.86850715,  0.35702024],
        [ 0.0104432 ,  0.        ,  0.09662983, ...,  0.85445833,
          0.87363624,  0.36675573],
        [-0.08623023, -0.09662983,  0.        , ...,  0.80025868,
          0.82252986,  0.27514306],
        ...,
        [-0.84898629, -0.85445833, -0.80025868, ...,  0.        ,
          0.03810943, -0.60438044],
        [-0.86850715, -0.87363624, -0.82252986, ..., -0.03810943,
          0.        , -0.63430302],
        [-0.35702024, -0.36675573, -0.27514306, ...,  0.60438044,
          0.63430302,  0.        ]],

       [[ 0.        ,  0.43585178,  0.65352919, ...,  0.80520622,
          0.47253451,  0.        ],
        [-0.43585178,  0.        ,  0.25829155, ...,  0.98315834,
          0.80941126,  0.43585178],
        [-0.65352919, -0.25829155,  0.        , ...,  0.99700112,
          0.93362522,  0.65352919],
        ...,
        [-0.80520622, -0.98315834, -0.99700112, ...,  0.        ,
          0.42942748,  0.80520622],
        [-0.47253451, -0.80941126, -0.93362522, ..., -0.42942748,
          0.        ,  0.47253451],
        [-0.        , -0.43585178, -0.65352919, ..., -0.80520622,
         -0.47253451,  0.        ]],

       [[ 0.        ,  0.19876802,  0.25560431, ...,  0.63474591,
          0.59935127,  0.74128099],
        [-0.19876802,  0.        ,  0.05833889, ...,  0.46848834,
          0.42828112,  0.59307783],
        [-0.25560431, -0.05833889,  0.        , ...,  0.41614979,
          0.374834  ,  0.54509644],
        ...,
        [-0.63474591, -0.46848834, -0.41614979, ...,  0.        ,
         -0.04497403,  0.14676517],
        [-0.59935127, -0.42828112, -0.374834  , ...,  0.04497403,
          0.        ,  0.19110369],
        [-0.74128099, -0.59307783, -0.54509644, ..., -0.14676517,
         -0.19110369,  0.        ]]]), 'num': array([ 5.97996865e-01,  4.91545408e-01,  1.74510584e-06,  1.29818849e-03,
        1.35564929e-03,  1.29818849e-03,  6.33063340e-01, -4.89480906e-05,
        1.34585967e-03,  1.28839887e-03,  1.28283014e-03,  1.09769173e-06,
        1.39007500e-03,  1.18672274e-03])}
{'img': array([[[ 0.00000000e+00,  1.71494542e-01,  5.03572367e-01, ...,
          9.92980334e-01,  7.97403069e-01,  3.39446033e-01],
        [-1.71494542e-01,  0.00000000e+00,  3.47948746e-01, ...,
          9.98553700e-01,  6.82101722e-01,  1.73105019e-01],
        [-5.03572367e-01, -3.47948746e-01,  0.00000000e+00, ...,
          9.17450710e-01,  3.85039551e-01, -1.80407591e-01],
        ...,
        [-9.92980334e-01, -9.98553700e-01, -9.17450710e-01, ...,
          0.00000000e+00, -6.93527548e-01, -9.74172185e-01],
        [-7.97403069e-01, -6.82101722e-01, -3.85039551e-01, ...,
          6.93527548e-01,  0.00000000e+00, -5.45219977e-01],
        [-3.39446033e-01, -1.73105019e-01,  1.80407591e-01, ...,
