state_0,state_1,state_2,state_3,state_4,state_5,state_6,state_7,state_8,state_9,state_10,state_11,state_12,state_13,state_14,state_15,state_16,state_17,state_18,state_19,state_20,state_21,state_22,state_23,state_24,state_25,state_26,state_27,state_28,state_29,state_30,state_31,state_32,state_33,state_34,state_35,state_36,state_37,state_38,state_39,state_40,state_41,state_42,state_43,state_44,state_45,state_46,state_47,state_48,state_49,state_50,state_51,state_52,state_53,state_54,state_55,state_56,state_57,state_58,state_59,state_60,state_61,state_62,state_63,state_64,state_65,state_66,state_67,state_68,state_69,state_70,state_71,state_72,state_73,state_74,state_75,state_76,state_77,state_78,state_79,state_80,state_81,state_82,state_83,state_84,state_85,state_86,state_87,state_88,state_89,state_90,state_91,state_92,state_93,state_94,state_95,state_96,state_97,state_98,state_99,state_100,state_101,state_102,state_103,state_104,state_105,state_106,state_107,state_108,state_109,state_110,state_111,state_112,state_113,state_114,state_115,state_116,state_117,state_118,state_119,state_120,state_121,state_122,state_123,state_124,state_125,state_126,state_127,state_128,state_129,state_130,state_131,state_132,state_133,state_134,state_135,state_136,state_137,state_138,state_139,state_140,state_141,state_142,state_143,state_144,state_145,state_146,state_147,state_148,state_149,state_150,state_151,state_152,state_153,state_154,state_155,state_156,state_157,state_158,state_159,state_160,state_161,state_162,state_163,state_164,state_165,state_166,state_167,state_168,state_169,state_170,state_171,state_172,state_173,state_174,state_175,state_176,state_177,state_178,state_179,state_180,state_181,state_182,state_183,state_184,state_185,state_186,state_187,state_188,state_189,state_190,state_191,state_192,state_193,state_194,state_195,state_196,state_197,state_198,state_199,state_200,state_201,state_202,state_203,state_204,state_205,state_206,state_207,state_208,state_209,state_210,state_211,state_212,state_213,state_214,state_215,state_216,state_217,state_218,state_219,state_220,state_221,state_222,state_223,state_224,state_225,state_226,state_227,state_228,state_229,state_230,state_231,state_232,state_233,state_234,state_235,state_236,state_237,state_238,state_239,state_240,state_241,state_242,state_243,state_244,state_245,state_246,state_247,state_248,state_249,state_250,state_251,state_252,state_253,state_254,state_255,state_256,state_257,state_258,state_259,state_260,state_261,state_262,state_263,state_264,state_265,state_266,state_267,state_268,state_269,state_270,state_271,state_272,state_273,state_274,state_275,state_276,state_277,state_278,state_279,state_280,state_281,state_282,state_283,state_284,state_285,state_286,state_287
{'img': array([[[ 0.        ,  0.08092057, -0.01177167, ...,  0.74835797,
          0.6813992 ,  0.51846602],
        [-0.08092057,  0.        , -0.09264803, ...,  0.69222955,
          0.61993785,  0.4475707 ],
        [ 0.01177167,  0.09264803,  0.        , ...,  0.7561142 ,
          0.68996781,  0.52849603],
        ...,
        [-0.74835797, -0.69222955, -0.7561142 , ...,  0.        ,
         -0.09576343, -0.29602362],
        [-0.6813992 , -0.61993785, -0.68996781, ...,  0.09576343,
          0.        , -0.20319176],
        [-0.51846602, -0.4475707 , -0.52849603, ...,  0.29602362,
          0.20319176,  0.        ]],

       [[ 0.        , -0.18115691, -0.30954174, ...,  0.19123773,
         -0.02040232,  0.2175078 ],
        [ 0.18115691,  0.        , -0.13216058, ...,  0.36588698,
          0.16105446,  0.39072872],
        [ 0.30954174,  0.13216058,  0.        , ...,  0.48567401,
          0.29007704,  0.50895597],
        ...,
        [-0.19123773, -0.36588698, -0.48567401, ...,  0.        ,
         -0.21122369,  0.0268342 ],
        [ 0.02040232, -0.16105446, -0.29007704, ...,  0.21122369,
          0.        ,  0.23737638],
        [-0.2175078 , -0.39072872, -0.50895597, ..., -0.0268342 ,
         -0.23737638,  0.        ]],

       [[ 0.        ,  0.14482545,  0.17844014, ...,  0.99658368,
          0.97292232,  0.94220163],
        [-0.14482545,  0.        ,  0.03405776, ...,  0.97411591,
          0.92919116,  0.88374495],
        [-0.17844014, -0.03405776,  0.        , ...,  0.96585207,
          0.91606438,  0.86729429],
        ...,
        [-0.99658368, -0.97411591, -0.96585207, ...,  0.        ,
         -0.14998992, -0.25608617],
        [-0.97292232, -0.92919116, -0.91606438, ...,  0.14998992,
          0.        , -0.10820085],
        [-0.94220163, -0.88374495, -0.86729429, ...,  0.25608617,
          0.10820085,  0.        ]],

       ...,

       [[ 0.        ,  0.11771234,  0.22743894, ..., -0.05052783,
         -0.14909746, -0.42176263],
        [-0.11771234,  0.        ,  0.11123035, ..., -0.16773853,
         -0.26445751, -0.52556094],
        [-0.22743894, -0.11123035,  0.        , ..., -0.27635204,
         -0.37008671, -0.61692954],
        ...,
        [ 0.05052783,  0.16773853,  0.27635204, ...,  0.        ,
         -0.09894396, -0.37540999],
        [ 0.14909746,  0.26445751,  0.37008671, ...,  0.09894396,
          0.        , -0.28186078],
        [ 0.42176263,  0.52556094,  0.61692954, ...,  0.37540999,
          0.28186078,  0.        ]],

       [[ 0.        ,  0.08041344,  0.10959821, ...,  0.90435308,
          0.95520801,  0.97894479],
        [-0.08041344,  0.        ,  0.02931426, ...,  0.93574367,
          0.97591183,  0.99218898],
        [-0.10959821, -0.02931426,  0.        , ...,  0.94568011,
          0.98188778,  0.99541936],
        ...,
        [-0.90435308, -0.93574367, -0.94568011, ...,  0.        ,
         -0.14003858, -0.23319779],
        [-0.95520801, -0.97591183, -0.98188778, ...,  0.14003858,
          0.        , -0.09472225],
        [-0.97894479, -0.99218898, -0.99541936, ...,  0.23319779,
          0.09472225,  0.        ]],

       [[ 0.        ,  0.29340552,  0.48670659, ...,  0.77574641,
          0.51752621,  0.        ],
        [-0.29340552,  0.        ,  0.20897676, ...,  0.92675634,
          0.74580641,  0.29340552],
        [-0.48670659, -0.20897676,  0.        , ...,  0.98479896,
          0.86855199,  0.48670659],
        ...,
        [-0.77574641, -0.92675634, -0.98479896, ...,  0.        ,
          0.33719867,  0.77574641],
        [-0.51752621, -0.74580641, -0.86855199, ..., -0.33719867,
          0.        ,  0.51752621],
        [-0.        , -0.29340552, -0.48670659, ..., -0.77574641,
         -0.51752621,  0.        ]]]), 'num': array([7.93671238e-01, 6.08233793e-01, 2.41141021e-06, 3.94547755e-03,
       3.99165349e-03, 3.79668841e-03, 3.88570536e-03, 9.23518803e-05,
       3.94958208e-03, 3.97292658e-03, 3.67808465e-03, 2.73282578e-06,
       4.21417183e-03, 3.73168133e-03])}
{'img': array([[[ 0.        , -0.09264803,  0.06781339, ...,  0.61993785,
          0.4475707 ,  0.61993785],
        [ 0.09264803,  0.        ,  0.15995647, ...,  0.68996781,
          0.52849603,  0.68996781],
        [-0.06781339, -0.15995647,  0.        , ...,  0.56530093,
          0.38589837,  0.56530093],
        ...,
        [-0.61993785, -0.68996781, -0.56530093, ...,  0.        ,
         -0.20319176,  0.        ],
        [-0.4475707 , -0.52849603, -0.38589837, ...,  0.20319176,
          0.        ,  0.20319176],
        [-0.61993785, -0.68996781, -0.56530093, ...,  0.        ,
         -0.20319176,  0.        ]],

       [[ 0.        , -0.13216058,  0.16982382, ...,  0.16105446,
          0.39072872,  0.39836482],
        [ 0.13216058,  0.        ,  0.29857505, ...,  0.29007704,
          0.50895597,  0.51609176],
        [-0.16982382, -0.29857505,  0.        , ..., -0.0088918 ,
          0.22872935,  0.23681135],
        ...,
        [-0.16105446, -0.29007704,  0.0088918 , ...,  0.        ,
          0.23737638,  0.24544087],
        [-0.39072872, -0.50895597, -0.22872935, ..., -0.23737638,
          0.        ,  0.00831021],
        [-0.39836482, -0.51609176, -0.23681135, ..., -0.24544087,
         -0.00831021,  0.        ]],

       [[ 0.        ,  0.03405776,  0.03405776, ...,  0.92919116,
          0.88374495,  0.83473793],
        [-0.03405776,  0.        ,  0.        , ...,  0.91606438,
          0.86729429,  0.81549985],
        [-0.03405776,  0.        ,  0.        , ...,  0.91606438,
          0.86729429,  0.81549985],
        ...,
        [-0.92919116, -0.91606438, -0.91606438, ...,  0.        ,
         -0.10820085, -0.20313801],
        [-0.88374495, -0.86729429, -0.86729429, ...,  0.10820085,
          0.        , -0.09600053],
        [-0.83473793, -0.81549985, -0.81549985, ...,  0.20313801,
          0.09600053,  0.        ]],

       ...,

       [[ 0.        ,  0.11123035, -0.15099725, ..., -0.26445751,
         -0.52556094, -0.25084841],
        [-0.11123035,  0.        , -0.26001527, ..., -0.37008671,
         -0.61692954, -0.35696572],
        [ 0.15099725,  0.26001527,  0.        , ..., -0.11580394,
         -0.39107314, -0.1018029 ],
        ...,
        [ 0.26445751,  0.37008671,  0.11580394, ...,  0.        ,
         -0.28186078,  0.01408431],
        [ 0.52556094,  0.61692954,  0.39107314, ...,  0.28186078,
          0.        ,  0.29534608],
        [ 0.25084841,  0.35696572,  0.1018029 , ..., -0.01408431,
         -0.29534608,  0.        ]],

       [[ 0.        ,  0.02931426,  0.05471216, ...,  0.97591183,
          0.99218898,  0.99817259],
        [-0.02931426,  0.        ,  0.02541829, ...,  0.98188778,
          0.99541936,  0.99951501],
        [-0.05471216, -0.02541829,  0.        , ...,  0.98638637,
          0.99752785,  0.99998361],
        ...,
        [-0.97591183, -0.98188778, -0.98638637, ...,  0.        ,
         -0.09472225, -0.15879483],
        [-0.99218898, -0.99541936, -0.99752785, ...,  0.09472225,
          0.        , -0.06456048],
        [-0.99817259, -0.99951501, -0.99998361, ...,  0.15879483,
          0.06456048,  0.        ]],

       [[ 0.        ,  0.38834006,  0.61532961, ...,  0.68866234,
          0.506027  ,  0.        ],
        [-0.38834006,  0.        ,  0.26091937, ...,  0.91619192,
          0.8012622 ,  0.38834006],
        [-0.61532961, -0.26091937,  0.        , ...,  0.98901635,
          0.9296185 ,  0.61532961],
        ...,
        [-0.68866234, -0.91619192, -0.98901635, ...,  0.        ,
          0.22707225,  0.68866234],
        [-0.506027  , -0.8012622 , -0.9296185 , ..., -0.22707225,
          0.        ,  0.506027  ],
        [-0.        , -0.38834006, -0.61532961, ..., -0.68866234,
         -0.506027  ,  0.        ]]]), 'num': array([ 8.06168770e-01,  5.91682563e-01,  2.81477962e-06,  6.57933150e-04,
        6.77792025e-04,  6.52752574e-04,  4.19868415e-04, -6.04400532e-06,
        6.61041496e-04,  6.68294302e-04,  6.19740793e-04,  4.74579951e-07,
        7.09115429e-04,  6.27473175e-04])}
{'img': array([[[ 0.        ,  0.15995647,  0.        , ...,  0.52849603,
          0.68996781,  0.62913154],
        [-0.15995647,  0.        , -0.15995647, ...,  0.38589837,
          0.56530093,  0.4966969 ],
        [ 0.        ,  0.15995647,  0.        , ...,  0.52849603,
          0.68996781,  0.62913154],
        ...,
        [-0.52849603, -0.38589837, -0.52849603, ...,  0.        ,
          0.20319176,  0.12329292],
        [-0.68996781, -0.56530093, -0.68996781, ..., -0.20319176,
          0.        , -0.08092057],
        [-0.62913154, -0.4966969 , -0.62913154, ..., -0.12329292,
          0.08092057,  0.        ]],

       [[ 0.        ,  0.29857505,  0.00977657, ...,  0.50895597,
          0.51609176,  0.20025731],
        [-0.29857505,  0.        , -0.28923016, ...,  0.22872935,
          0.23681135, -0.10140412],
        [-0.00977657,  0.28923016,  0.        , ...,  0.50051604,
          0.50769313,  0.1906692 ],
        ...,
        [-0.50895597, -0.22872935, -0.50051604, ...,  0.        ,
          0.00831021, -0.32626622],
        [-0.51609176, -0.23681135, -0.50769313, ..., -0.00831021,
          0.        , -0.33411041],
        [-0.20025731,  0.10140412, -0.1906692 , ...,  0.32626622,
          0.33411041,  0.        ]],

       [[ 0.        ,  0.        , -0.0092439 , ...,  0.86729429,
          0.81549985,  0.77258446],
        [ 0.        ,  0.        , -0.0092439 , ...,  0.86729429,
          0.81549985,  0.77258446],
        [ 0.0092439 ,  0.0092439 ,  0.        , ...,  0.87185881,
          0.82081498,  0.77842052],
        ...,
        [-0.86729429, -0.86729429, -0.87185881, ...,  0.        ,
         -0.09600053, -0.16606629],
        [-0.81549985, -0.81549985, -0.82081498, ...,  0.09600053,
          0.        , -0.07063175],
        [-0.77258446, -0.77258446, -0.77842052, ...,  0.16606629,
          0.07063175,  0.        ]],

       ...,

       [[ 0.        , -0.26001527, -0.24790421, ..., -0.61692954,
         -0.35696572, -0.28325851],
        [ 0.26001527,  0.        ,  0.01252135, ..., -0.39107314,
         -0.1018029 , -0.02414972],
        [ 0.24790421, -0.01252135,  0.        , ..., -0.40256663,
         -0.11425121, -0.03666552],
        ...,
        [ 0.61692954,  0.39107314,  0.40256663, ...,  0.        ,
          0.29534608,  0.36873266],
        [ 0.35696572,  0.1018029 ,  0.11425121, ..., -0.29534608,
          0.        ,  0.07774896],
        [ 0.28325851,  0.02414972,  0.03666552, ..., -0.36873266,
         -0.07774896,  0.        ]],

       [[ 0.        ,  0.02541829, -0.07806679, ...,  0.99541936,
          0.99951501,  0.99958441],
        [-0.02541829,  0.        , -0.10338229, ...,  0.99752785,
          0.99998361,  0.99999419],
        [ 0.07806679,  0.10338229,  0.        , ...,  0.9849179 ,
          0.99403356,  0.99428336],
        ...,
        [-0.99541936, -0.99752785, -0.9849179 , ...,  0.        ,
         -0.06456048, -0.06687001],
        [-0.99951501, -0.99998361, -0.99403356, ...,  0.06456048,
          0.        , -0.00231453],
        [-0.99958441, -0.99999419, -0.99428336, ...,  0.06687001,
          0.00231453,  0.        ]],

       [[ 0.        ,  0.50807747,  0.78852779, ...,  0.51547901,
          0.        ,  0.15847797],
        [-0.50807747,  0.        ,  0.36670076, ...,  0.87936064,
          0.50807747,  0.63815552],
        [-0.78852779, -0.36670076,  0.        , ...,  0.99271034,
          0.78852779,  0.87602659],
        ...,
        [-0.51547901, -0.87936064, -0.99271034, ...,  0.        ,
          0.51547901,  0.37316454],
        [-0.        , -0.50807747, -0.78852779, ..., -0.51547901,
          0.        , -0.15847797],
        [-0.15847797, -0.63815552, -0.87602659, ..., -0.37316454,
          0.15847797,  0.        ]]]), 'num': array([ 8.57287209e-01,  5.14834434e-01,  4.51784664e-06,  6.97459827e-04,
        6.97459827e-04,  6.80897457e-04,  5.03440857e-04, -3.68052679e-06,
        7.00956328e-04,  7.12780020e-04,  6.61313987e-04,  3.89130586e-07,
        7.55111178e-04,  6.70448861e-04])}
{'img': array([[[ 0.        , -0.15995647,  0.06677116, ...,  0.56530093,
          0.4966969 ,  0.456815  ],
        [ 0.15995647,  0.        ,  0.22551092, ...,  0.68996781,
          0.62913154,  0.59322424],
        [-0.06677116, -0.22551092,  0.        , ...,  0.50896084,
          0.43763614,  0.39639847],
        ...,
        [-0.56530093, -0.68996781, -0.50896084, ...,  0.        ,
         -0.08092057, -0.12605033],
        [-0.4966969 , -0.62913154, -0.43763614, ...,  0.08092057,
          0.        , -0.04536182],
        [-0.456815  , -0.59322424, -0.39639847, ...,  0.12605033,
          0.04536182,  0.        ]],

       [[ 0.        , -0.28923016,  0.12239199, ...,  0.23681135,
         -0.10140412, -0.01836889],
        [ 0.28923016,  0.        ,  0.40421658, ...,  0.50769313,
          0.1906692 ,  0.27159756],
        [-0.12239199, -0.40421658,  0.        , ...,  0.11612034,
         -0.22240284, -0.14060213],
        ...,
        [-0.23681135, -0.50769313, -0.11612034, ...,  0.        ,
         -0.33411041, -0.25461779],
        [ 0.10140412, -0.1906692 ,  0.22240284, ...,  0.33411041,
          0.        ,  0.08311281],
        [ 0.01836889, -0.27159756,  0.14060213, ...,  0.25461779,
         -0.08311281,  0.        ]],

       [[ 0.        , -0.0092439 ,  0.0487538 , ...,  0.81549985,
          0.77258446,  0.73203703],
        [ 0.0092439 ,  0.        ,  0.05798462, ...,  0.82081498,
          0.77842052,  0.7383033 ],
        [-0.0487538 , -0.05798462,  0.        , ...,  0.78631346,
          0.74071136,  0.69795226],
        ...,
        [-0.81549985, -0.82081498, -0.78631346, ...,  0.        ,
         -0.07063175, -0.13189961],
        [-0.77258446, -0.77842052, -0.74071136, ...,  0.07063175,
          0.        , -0.06155554],
        [-0.73203703, -0.7383033 , -0.69795226, ...,  0.13189961,
          0.06155554,  0.        ]],

       ...,

       [[ 0.        ,  0.01252135, -0.20247853, ..., -0.1018029 ,
         -0.02414972, -0.65431889],
        [-0.01252135,  0.        , -0.21472464, ..., -0.11425121,
         -0.03666552, -0.66373648],
        [ 0.20247853,  0.21472464,  0.        , ...,  0.10173234,
          0.17876998, -0.48764773],
        ...,
        [ 0.1018029 ,  0.11425121, -0.10173234, ...,  0.        ,
          0.07774896, -0.57393418],
        [ 0.02414972,  0.03666552, -0.17876998, ..., -0.07774896,
          0.        , -0.63586559],
        [ 0.65431889,  0.66373648,  0.48764773, ...,  0.57393418,
          0.63586559,  0.        ]],

       [[ 0.        , -0.10338229, -0.05124602, ...,  0.99998361,
          0.99999419,  0.99992773],
        [ 0.10338229,  0.        ,  0.05227502, ...,  0.99403356,
          0.99428336,  0.99581272],
        [ 0.05124602, -0.05227502,  0.        , ...,  0.99837633,
          0.99850549,  0.99922999],
        ...,
        [-0.99998361, -0.99403356, -0.99837633, ...,  0.        ,
         -0.00231453, -0.01774656],
        [-0.99999419, -0.99428336, -0.99850549, ...,  0.00231453,
          0.        , -0.01543234],
        [-0.99992773, -0.99581272, -0.99922999, ...,  0.01774656,
          0.01543234,  0.        ]],

       [[ 0.        ,  0.44112125,  0.54267805, ...,  0.56453757,
          0.60504304,  0.35470708],
        [-0.44112125,  0.        ,  0.11650934, ...,  0.87074757,
          0.89421192,  0.73076942],
        [-0.54267805, -0.11650934,  0.        , ...,  0.9221086 ,
          0.94027667,  0.8053247 ],
        ...,
        [-0.56453757, -0.87074757, -0.9221086 , ...,  0.        ,
         -0.04992625,  0.23505208],
        [-0.60504304, -0.89421192, -0.94027667, ...,  0.04992625,
          0.        ,  0.28328641],
        [-0.35470708, -0.73076942, -0.8053247 , ..., -0.23505208,
         -0.28328641,  0.        ]]]), 'num': array([8.50898380e-01, 5.25326468e-01, 4.26141246e-06, 6.95666479e-04,
       7.04772061e-04, 6.81097548e-04, 4.41957643e-04, 5.46334931e-06,
       6.92752693e-04, 7.06092371e-04, 6.55176990e-04, 3.11145522e-07,
       7.46758659e-04, 6.65426082e-04])}
{'img': array([[[ 0.        ,  0.22551092, -0.07185143, ...,  0.62913154,
          0.59322424,  0.64677899],
        [-0.22551092,  0.        , -0.29492864, ...,  0.43763614,
          0.39639847,  0.45812628],
        [ 0.07185143,  0.29492864,  0.        , ...,  0.68335549,
          0.64953404,  0.69990676],
        ...,
        [-0.62913154, -0.43763614, -0.68335549, ...,  0.        ,
         -0.04536182,  0.02291611],
        [-0.59322424, -0.39639847, -0.64953404, ...,  0.04536182,
          0.        ,  0.06824242],
        [-0.64677899, -0.45812628, -0.69990676, ..., -0.02291611,
         -0.06824242,  0.        ]],

       [[ 0.        ,  0.40421658,  0.07938261, ...,  0.1906692 ,
          0.27159756,  0.18940485],
        [-0.40421658,  0.        , -0.33033261, ..., -0.22240284,
         -0.14060213, -0.22365822],
        [-0.07938261,  0.33033261,  0.        , ...,  0.11214121,
          0.19434177,  0.11086142],
        ...,
        [-0.1906692 ,  0.22240284, -0.11214121, ...,  0.        ,
          0.08311281, -0.00128782],
        [-0.27159756,  0.14060213, -0.19434177, ..., -0.08311281,
          0.        , -0.0843961 ],
        [-0.18940485,  0.22365822, -0.11086142, ...,  0.00128782,
          0.0843961 ,  0.        ]],

       [[ 0.        ,  0.05798462,  0.01538778, ...,  0.77842052,
          0.7383033 ,  0.72748969],
        [-0.05798462,  0.        , -0.04261587, ...,  0.74071136,
          0.69795226,  0.68648135],
        [-0.01538778,  0.04261587,  0.        , ...,  0.76866878,
          0.72783731,  0.71684572],
        ...,
        [-0.77842052, -0.74071136, -0.76866878, ...,  0.        ,
         -0.06155554, -0.07741211],
        [-0.7383033 , -0.69795226, -0.72783731, ...,  0.06155554,
          0.        , -0.01589449],
        [-0.72748969, -0.68648135, -0.71684572, ...,  0.07741211,
          0.01589449,  0.        ]],

       ...,

       [[ 0.        , -0.19176235, -0.44714244, ..., -0.0330993 ,
         -0.57069926, -0.99134907],
        [ 0.19176235,  0.        , -0.26731981, ...,  0.15917225,
         -0.40264047, -0.94778186],
        [ 0.44714244,  0.26731981,  0.        , ...,  0.41729134,
         -0.14329414, -0.82803659],
        ...,
        [ 0.0330993 , -0.15917225, -0.41729134, ...,  0.        ,
         -0.54320676, -0.98646153],
        [ 0.57069926,  0.40264047,  0.14329414, ...,  0.54320676,
          0.        , -0.73915007],
        [ 0.99134907,  0.94778186,  0.82803659, ...,  0.98646153,
          0.73915007,  0.        ]],

       [[ 0.        ,  0.05227502,  0.04938626, ...,  0.99428336,
          0.99581272,  0.99694016],
        [-0.05227502,  0.        , -0.00289249, ...,  0.99850549,
          0.99922999,  0.99966333],
        [-0.04938626,  0.00289249,  0.        , ...,  0.99834324,
          0.99911232,  0.9995841 ],
        ...,
        [-0.99428336, -0.99850549, -0.99834324, ...,  0.        ,
         -0.01543234, -0.02872527],
        [-0.99581272, -0.99922999, -0.99911232, ...,  0.01543234,
          0.        , -0.01329588],
        [-0.99694016, -0.99966333, -0.9995841 , ...,  0.02872527,
          0.01329588,  0.        ]],

       [[ 0.        ,  0.11492433,  0.17609482, ...,  0.94057616,
          0.89559332,  0.72408109],
        [-0.11492433,  0.        ,  0.06179963, ...,  0.97337046,
          0.94078615,  0.79854853],
        [-0.17609482, -0.06179963,  0.        , ...,  0.98567675,
          0.95993802,  0.83422124],
        ...,
        [-0.94057616, -0.97337046, -0.98567675, ...,  0.        ,
          0.11430948,  0.40284384],
        [-0.89559332, -0.94078615, -0.95993802, ..., -0.11430948,
          0.        ,  0.29557938],
        [-0.72408109, -0.79854853, -0.83422124, ..., -0.40284384,
         -0.29557938,  0.        ]]]), 'num': array([ 8.89011875e-01,  4.57879050e-01,  5.73314927e-06,  7.20957901e-04,
        7.37256152e-04,  7.19999181e-04,  6.39888486e-04, -1.15046474e-05,
        7.29586387e-04,  7.43439900e-04,  6.90646351e-04,  3.32617356e-07,
        7.86257161e-04,  7.00622639e-04])}
{'img': array([[[ 0.        , -0.29492864, -0.44875233, ...,  0.39639847,
          0.45812628,  0.33392129],
        [ 0.29492864,  0.        , -0.16522671, ...,  0.64953404,
          0.69990676,  0.59706825],
        [ 0.44875233,  0.16522671,  0.        , ...,  0.76623384,
          0.80829754,  0.7214052 ],
        ...,
        [-0.39639847, -0.64953404, -0.76623384, ...,  0.        ,
          0.06824242, -0.0670796 ],
        [-0.45812628, -0.69990676, -0.80829754, ..., -0.06824242,
          0.        , -0.13501194],
        [-0.33392129, -0.59706825, -0.7214052 , ...,  0.0670796 ,
          0.13501194,  0.        ]],

       [[ 0.        , -0.33033261, -0.36450768, ..., -0.14060213,
         -0.22365822,  0.01056298],
        [ 0.33033261,  0.        , -0.03644005, ...,  0.19434177,
          0.11086142,  0.34028419],
        [ 0.36450768,  0.03644005,  0.        , ...,  0.22995797,
          0.14700322,  0.37432359],
        ...,
        [ 0.14060213, -0.19434177, -0.22995797, ...,  0.        ,
         -0.0843961 ,  0.15105233],
        [ 0.22365822, -0.11086142, -0.14700322, ...,  0.0843961 ,
          0.        ,  0.23394114],
        [-0.01056298, -0.34028419, -0.37432359, ..., -0.15105233,
         -0.23394114,  0.        ]],

       [[ 0.        , -0.04261587, -0.10145055, ...,  0.69795226,
          0.68648135,  0.68878255],
        [ 0.04261587,  0.        , -0.05896239, ...,  0.72783731,
          0.71684572,  0.71905195],
        [ 0.10145055,  0.05896239,  0.        , ...,  0.76700447,
          0.75670901,  0.75877723],
        ...,
        [-0.69795226, -0.72783731, -0.76700447, ...,  0.        ,
         -0.01589449, -0.01272537],
        [-0.68648135, -0.71684572, -0.75670901, ...,  0.01589449,
          0.        ,  0.00316944],
        [-0.68878255, -0.71905195, -0.75877723, ...,  0.01272537,
         -0.00316944,  0.        ]],

       ...,

       [[ 0.        , -0.26731981, -0.21486674, ..., -0.40264047,
         -0.94778186, -0.86279386],
        [ 0.26731981,  0.        ,  0.05402884, ..., -0.14329414,
         -0.82803659, -0.69624985],
        [ 0.21486674, -0.05402884,  0.        , ..., -0.19655611,
         -0.85711971, -0.73401477],
        ...,
        [ 0.40264047,  0.14329414,  0.19655611, ...,  0.        ,
         -0.73915007, -0.58620819],
        [ 0.94778186,  0.82803659,  0.85711971, ...,  0.73915007,
          0.        ,  0.20399504],
        [ 0.86279386,  0.69624985,  0.73401477, ...,  0.58620819,
         -0.20399504,  0.        ]],

       [[ 0.        , -0.00289249, -0.02679283, ...,  0.99922999,
          0.99966333,  0.99966333],
        [ 0.00289249,  0.        , -0.02390127, ...,  0.99911232,
          0.9995841 ,  0.9995841 ],
        [ 0.02679283,  0.02390127,  0.        , ...,  0.99782003,
          0.99860928,  0.99860928],
        ...,
        [-0.99922999, -0.99911232, -0.99782003, ...,  0.        ,
         -0.01329588, -0.01329588],
        [-0.99966333, -0.9995841 , -0.99860928, ...,  0.01329588,
          0.        ,  0.        ],
        [-0.99966333, -0.9995841 , -0.99860928, ...,  0.01329588,
          0.        ,  0.        ]],

       [[ 0.        ,  0.06179963,  0.12541032, ...,  0.94078615,
          0.79854853,  0.79854853],
        [-0.06179963,  0.        ,  0.06385889, ...,  0.95993802,
          0.83422124,  0.83422124],
        [-0.12541032, -0.06385889,  0.        , ...,  0.97587278,
          0.86773224,  0.86773224],
        ...,
        [-0.94078615, -0.95993802, -0.97587278, ...,  0.        ,
          0.29557938,  0.29557938],
        [-0.79854853, -0.83422124, -0.86773224, ..., -0.29557938,
          0.        ,  0.        ],
        [-0.79854853, -0.83422124, -0.86773224, ..., -0.29557938,
          0.        ,  0.        ]]]), 'num': array([ 7.20990588e-01,  6.92942340e-01,  3.81608810e-07,  5.72413215e-04,
        5.87989085e-04,  5.71634421e-04,  8.55987500e-04, -1.32394893e-05,
        5.87366050e-04,  6.02669342e-04,  5.61211568e-04,  2.81691262e-07,
        6.39997118e-04,  5.65341566e-04])}
{'img': array([[[ 0.        , -0.16522671, -0.27497301, ...,  0.69990676,
          0.59706825,  0.4377163 ],
        [ 0.16522671,  0.        , -0.11233613, ...,  0.80829754,
          0.7214052 ,  0.58025766],
        [ 0.27497301,  0.11233613,  0.        , ...,  0.86932185,
          0.79463315,  0.66807504],
        ...,
        [-0.69990676, -0.80829754, -0.86932185, ...,  0.        ,
         -0.13501194, -0.31666341],
        [-0.59706825, -0.7214052 , -0.79463315, ...,  0.13501194,
          0.        , -0.18570008],
        [-0.4377163 , -0.58025766, -0.66807504, ...,  0.31666341,
          0.18570008,  0.        ]],

       [[ 0.        , -0.03644005,  0.06518035, ...,  0.11086142,
          0.34028419,  0.73673203],
        [ 0.03644005,  0.        ,  0.10149962, ...,  0.14700322,
          0.37432359,  0.76088293],
        [-0.06518035, -0.10149962,  0.        , ...,  0.0458471 ,
          0.27827002,  0.6910914 ],
        ...,
        [-0.11086142, -0.14700322, -0.0458471 , ...,  0.        ,
          0.23394114,  0.65722791],
        [-0.34028419, -0.37432359, -0.27827002, ..., -0.23394114,
          0.        ,  0.4626708 ],
        [-0.73673203, -0.76088293, -0.6910914 , ..., -0.65722791,
         -0.4626708 ,  0.        ]],

       [[ 0.        , -0.05896239, -0.19109905, ...,  0.71684572,
          0.71905195,  0.64193214],
        [ 0.05896239,  0.        , -0.13289082, ...,  0.75670901,
          0.75877723,  0.6860254 ],
        [ 0.19109905,  0.13289082,  0.        , ...,  0.83687513,
          0.83860586,  0.77662921],
        ...,
        [-0.71684572, -0.75670901, -0.83687513, ...,  0.        ,
          0.00316944, -0.10207414],
        [-0.71905195, -0.75877723, -0.83860586, ..., -0.00316944,
          0.        , -0.10522652],
        [-0.64193214, -0.6860254 , -0.77662921, ...,  0.10207414,
          0.10522652,  0.        ]],

       ...,

       [[ 0.        ,  0.05402884,  0.02152344, ..., -0.82803659,
         -0.69624985, -0.54123268],
        [-0.05402884,  0.        , -0.03252432, ..., -0.85711971,
         -0.73401477, -0.58587353],
        [-0.02152344,  0.03252432,  0.        , ..., -0.83991241,
         -0.71153808, -0.55920578],
        ...,
        [ 0.82803659,  0.85711971,  0.83991241, ...,  0.        ,
          0.20399504,  0.39281838],
        [ 0.69624985,  0.73401477,  0.71153808, ..., -0.20399504,
          0.        ,  0.19696105],
        [ 0.54123268,  0.58587353,  0.55920578, ..., -0.39281838,
         -0.19696105,  0.        ]],

       [[ 0.        , -0.02390127, -0.12735918, ...,  0.9995841 ,
          0.9995841 ,  0.99753506],
        [ 0.02390127,  0.        , -0.10361617, ...,  0.99860928,
          0.99860928,  0.99557295],
        [ 0.12735918,  0.10361617,  0.        , ...,  0.98777137,
          0.98777137,  0.98047504],
        ...,
        [-0.9995841 , -0.99860928, -0.98777137, ...,  0.        ,
          0.        ,  0.0413737 ],
        [-0.9995841 , -0.99860928, -0.98777137, ...,  0.        ,
          0.        ,  0.0413737 ],
        [-0.99753506, -0.99557295, -0.98047504, ..., -0.0413737 ,
         -0.0413737 ,  0.        ]],

       [[ 0.        ,  0.06385889,  0.21670022, ...,  0.83422124,
          0.83422124,  0.99159536],
        [-0.06385889,  0.        ,  0.15391643, ...,  0.86773224,
          0.86773224,  0.99783338],
        [-0.21670022, -0.15391643,  0.        , ...,  0.93389361,
          0.93389361,  0.99606949],
        ...,
        [-0.83422124, -0.86773224, -0.93389361, ...,  0.        ,
          0.        , -0.43886552],
        [-0.83422124, -0.86773224, -0.93389361, ...,  0.        ,
          0.        , -0.43886552],
        [-0.99159536, -0.99783338, -0.99606949, ...,  0.43886552,
          0.43886552,  0.        ]]]), 'num': array([8.43056544e-01, 5.37820908e-01, 4.05359410e-06, 6.79812107e-04,
       6.81617717e-04, 6.61756008e-04, 7.84880544e-04, 1.62504886e-05,
       6.79270424e-04, 6.98771010e-04, 6.51448986e-04, 3.98160120e-07,
       7.41788504e-04, 6.55753516e-04])}
{'img': array([[[ 0.00000000e+00, -1.12336133e-01,  1.53157627e-01, ...,
          7.21405199e-01,  5.80257664e-01,  7.29063020e-01],
        [ 1.12336133e-01,  0.00000000e+00,  2.63198945e-01, ...,
          7.94633150e-01,  6.68075035e-01,  8.01336325e-01],
        [-1.53157627e-01, -2.63198945e-01,  0.00000000e+00, ...,
          6.06830217e-01,  4.48675032e-01,  6.15633155e-01],
        ...,
        [-7.21405199e-01, -7.94633150e-01, -6.06830217e-01, ...,
          0.00000000e+00, -1.85700076e-01,  1.11224514e-02],
        [-5.80257664e-01, -6.68075035e-01, -4.48675032e-01, ...,
          1.85700076e-01,  0.00000000e+00,  1.96617582e-01],
        [-7.29063020e-01, -8.01336325e-01, -6.15633155e-01, ...,
         -1.11224514e-02, -1.96617582e-01,  0.00000000e+00]],

       [[ 0.00000000e+00,  1.01499622e-01,  4.74130130e-02, ...,
          3.74323594e-01,  7.60882927e-01,  5.77506667e-01],
        [-1.01499622e-01,  0.00000000e+00, -5.42173204e-02, ...,
          2.78270018e-01,  6.91091400e-01,  4.91661311e-01],
        [-4.74130130e-02,  5.42173204e-02,  0.00000000e+00, ...,
          3.29936619e-01,  7.29261425e-01,  5.38149867e-01],
        ...,
        [-3.74323594e-01, -2.78270018e-01, -3.29936619e-01, ...,
          0.00000000e+00,  4.62670795e-01,  2.29928331e-01],
        [-7.60882927e-01, -6.91091400e-01, -7.29261425e-01, ...,
         -4.62670795e-01,  0.00000000e+00, -2.46436317e-01],
        [-5.77506667e-01, -4.91661311e-01, -5.38149867e-01, ...,
         -2.29928331e-01,  2.46436317e-01,  0.00000000e+00]],

       [[ 0.00000000e+00, -1.32890821e-01, -1.56444079e-01, ...,
          7.58777235e-01,  6.86025401e-01,  6.65970998e-01],
        [ 1.32890821e-01,  0.00000000e+00, -2.38020146e-02, ...,
          8.38605864e-01,  7.76629207e-01,  7.59197870e-01],
        [ 1.56444079e-01,  2.38020146e-02,  0.00000000e+00, ...,
          8.51334158e-01,  7.91403451e-01,  7.74474560e-01],
        ...,
        [-7.58777235e-01, -8.38605864e-01, -8.51334158e-01, ...,
          0.00000000e+00, -1.05226517e-01, -1.32250491e-01],
        [-6.86025401e-01, -7.76629207e-01, -7.91403451e-01, ...,
          1.05226517e-01,  0.00000000e+00, -2.72140314e-02],
        [-6.65970998e-01, -7.59197870e-01, -7.74474560e-01, ...,
          1.32250491e-01,  2.72140314e-02,  0.00000000e+00]],

       ...,

       [[ 0.00000000e+00, -3.25243200e-02,  3.44851911e-01, ...,
         -7.34014768e-01, -5.85873533e-01, -1.03044945e-01],
        [ 3.25243200e-02,  0.00000000e+00,  3.75198650e-01, ...,
         -7.11538077e-01, -5.59205783e-01, -7.06392453e-02],
        [-3.44851911e-01, -3.75198650e-01,  0.00000000e+00, ...,
         -9.23188664e-01, -8.29403203e-01, -4.39740031e-01],
        ...,
        [ 7.34014768e-01,  7.11538077e-01,  9.23188664e-01, ...,
          0.00000000e+00,  1.96961051e-01,  6.60126112e-01],
        [ 5.85873533e-01,  5.59205783e-01,  8.29403203e-01, ...,
         -1.96961051e-01,  0.00000000e+00,  4.99246873e-01],
        [ 1.03044945e-01,  7.06392453e-02,  4.39740031e-01, ...,
         -6.60126112e-01, -4.99246873e-01,  0.00000000e+00]],

       [[ 0.00000000e+00, -1.03616166e-01, -1.02885233e-01, ...,
          9.98609279e-01,  9.95572946e-01,  9.95880597e-01],
        [ 1.03616166e-01,  0.00000000e+00,  7.34860180e-04, ...,
          9.87771370e-01,  9.80475037e-01,  9.81124801e-01],
        [ 1.02885233e-01, -7.34860180e-04,  0.00000000e+00, ...,
          9.87885675e-01,  9.80619278e-01,  9.81266640e-01],
        ...,
        [-9.98609279e-01, -9.87771370e-01, -9.87885675e-01, ...,
          0.00000000e+00,  4.13737007e-02,  3.80443743e-02],
        [-9.95572946e-01, -9.80475037e-01, -9.80619278e-01, ...,
         -4.13737007e-02,  0.00000000e+00, -3.33194977e-03],
        [-9.95880597e-01, -9.81124801e-01, -9.81266640e-01, ...,
         -3.80443743e-02,  3.33194977e-03,  0.00000000e+00]],

       [[ 0.00000000e+00,  1.53916430e-01,  1.55519587e-01, ...,
          8.67732243e-01,  9.97833381e-01,  9.96237363e-01],
        [-1.53916430e-01,  0.00000000e+00,  1.62269628e-03, ...,
          9.33893615e-01,  9.96069487e-01,  9.97705497e-01],
        [-1.55519587e-01, -1.62269628e-03,  0.00000000e+00, ...,
          9.34472582e-01,  9.95924444e-01,  9.97594321e-01],
        ...,
        [-8.67732243e-01, -9.33893615e-01, -9.34472582e-01, ...,
          0.00000000e+00, -4.38865517e-01, -4.19958310e-01],
        [-9.97833381e-01, -9.96069487e-01, -9.95924444e-01, ...,
          4.38865517e-01,  0.00000000e+00,  2.09348046e-02],
        [-9.96237363e-01, -9.97705497e-01, -9.97594321e-01, ...,
          4.19958310e-01, -2.09348046e-02,  0.00000000e+00]]]), 'num': array([ 8.63784967e-01,  5.03856460e-01,  4.86389874e-06,  6.89518212e-04,
        7.01631370e-04,  6.86722868e-04,  5.03068760e-04, -1.21131578e-05,
        6.97717888e-04,  7.21478313e-04,  6.73258627e-04,  3.03729838e-07,
        7.64995994e-04,  6.77960632e-04])}
{'img': array([[[ 0.00000000e+00,  2.63198945e-01,  1.46626620e-02, ...,
          6.68075035e-01,  8.01336325e-01,  7.07732506e-01],
        [-2.63198945e-01,  0.00000000e+00, -2.49024971e-01, ...,
          4.48675032e-01,  6.15633155e-01,  4.96834053e-01],
        [-1.46626620e-02,  2.49024971e-01,  0.00000000e+00, ...,
          6.57092818e-01,  7.92478768e-01,  6.97297538e-01],
        ...,
        [-6.68075035e-01, -4.48675032e-01, -6.57092818e-01, ...,
          0.00000000e+00,  1.96617582e-01,  5.46374620e-02],
        [-8.01336325e-01, -6.15633155e-01, -7.92478768e-01, ...,
         -1.96617582e-01,  0.00000000e+00, -1.42752933e-01],
        [-7.07732506e-01, -4.96834053e-01, -6.97297538e-01, ...,
         -5.46374620e-02,  1.42752933e-01,  0.00000000e+00]],

       [[ 0.00000000e+00, -5.42173204e-02, -2.50825552e-01, ...,
          6.91091400e-01,  4.91661311e-01,  1.20443263e-01],
        [ 5.42173204e-02,  0.00000000e+00, -1.97972510e-01, ...,
          7.29261425e-01,  5.38149867e-01,  1.74088740e-01],
        [ 2.50825552e-01,  1.97972510e-01,  0.00000000e+00, ...,
          8.50287326e-01,  6.94359541e-01,  3.65592565e-01],
        ...,
        [-6.91091400e-01, -7.29261425e-01, -8.50287326e-01, ...,
          0.00000000e+00, -2.46436317e-01, -5.99007940e-01],
        [-4.91661311e-01, -5.38149867e-01, -6.94359541e-01, ...,
          2.46436317e-01,  0.00000000e+00, -3.83201752e-01],
        [-1.20443263e-01, -1.74088740e-01, -3.65592565e-01, ...,
          5.99007940e-01,  3.83201752e-01,  0.00000000e+00]],

       [[ 0.00000000e+00, -2.38020146e-02, -1.90191791e-01, ...,
          7.76629207e-01,  7.59197870e-01,  7.23127810e-01],
        [ 2.38020146e-02,  0.00000000e+00, -1.66770353e-01, ...,
          7.91403451e-01,  7.74474560e-01,  7.39363333e-01],
        [ 1.90191791e-01,  1.66770353e-01,  0.00000000e+00, ...,
          8.82266198e-01,  8.69128405e-01,  8.41296705e-01],
        ...,
        [-7.76629207e-01, -7.91403451e-01, -8.82266198e-01, ...,
          0.00000000e+00, -2.72140314e-02, -8.08887121e-02],
        [-7.59197870e-01, -7.74474560e-01, -8.69128405e-01, ...,
          2.72140314e-02,  0.00000000e+00, -5.37338985e-02],
        [-7.23127810e-01, -7.39363333e-01, -8.41296705e-01, ...,
          8.08887121e-02,  5.37338985e-02,  0.00000000e+00]],

       ...,

       [[ 0.00000000e+00,  3.58079313e-01,  2.91045149e-01, ...,
         -4.95502790e-01, -6.59341924e-02, -8.68664643e-01],
        [-3.58079313e-01,  0.00000000e+00, -7.08315296e-02, ...,
         -7.73676545e-01, -4.18862297e-01, -9.88457210e-01],
        [-2.91045149e-01,  7.08315296e-02,  0.00000000e+00, ...,
         -7.26855801e-01, -3.53491684e-01, -9.75243496e-01],
        ...,
        [ 4.95502790e-01,  7.73676545e-01,  7.26855801e-01, ...,
          0.00000000e+00,  4.37153705e-01, -5.09055251e-01],
        [ 6.59341924e-02,  4.18862297e-01,  3.53491684e-01, ...,
         -4.37153705e-01,  0.00000000e+00, -8.34110569e-01],
        [ 8.68664643e-01,  9.88457210e-01,  9.75243496e-01, ...,
          5.09055251e-01,  8.34110569e-01,  0.00000000e+00]],

       [[ 0.00000000e+00,  7.34860180e-04,  7.17432093e-03, ...,
          9.80475037e-01,  9.81124801e-01,  9.84120692e-01],
        [-7.34860180e-04,  0.00000000e+00,  6.43947772e-03, ...,
          9.80619278e-01,  9.81266640e-01,  9.84250864e-01],
        [-7.17432093e-03, -6.43947772e-03,  0.00000000e+00, ...,
          9.81860588e-01,  9.82486890e-01,  9.85368811e-01],
        ...,
        [-9.80475037e-01, -9.80619278e-01, -9.81860588e-01, ...,
          0.00000000e+00, -3.33194977e-03, -1.94861162e-02],
        [-9.81124801e-01, -9.81266640e-01, -9.82486890e-01, ...,
          3.33194977e-03,  0.00000000e+00, -1.61546909e-02],
        [-9.84120692e-01, -9.84250864e-01, -9.85368811e-01, ...,
          1.94861162e-02,  1.61546909e-02,  0.00000000e+00]],

