state_0,state_1,state_2,state_3,state_4,state_5,state_6,state_7,state_8,state_9,state_10,state_11,state_12,state_13,state_14,state_15,state_16,state_17,state_18,state_19,state_20,state_21,state_22,state_23,state_24,state_25,state_26,state_27,state_28,state_29,state_30,state_31,state_32,state_33,state_34,state_35,state_36,state_37,state_38,state_39,state_40,state_41,state_42,state_43,state_44,state_45,state_46,state_47,state_48,state_49,state_50,state_51,state_52,state_53,state_54,state_55,state_56,state_57,state_58,state_59,state_60,state_61,state_62,state_63,state_64,state_65,state_66,state_67,state_68,state_69,state_70,state_71,state_72,state_73,state_74,state_75,state_76,state_77,state_78,state_79,state_80,state_81,state_82,state_83,state_84,state_85,state_86,state_87,state_88,state_89,state_90,state_91,state_92,state_93,state_94,state_95,state_96,state_97,state_98,state_99,state_100,state_101,state_102,state_103,state_104,state_105,state_106,state_107,state_108,state_109,state_110,state_111,state_112,state_113,state_114,state_115,state_116,state_117,state_118,state_119,state_120,state_121,state_122,state_123,state_124,state_125,state_126,state_127,state_128,state_129,state_130,state_131,state_132,state_133,state_134,state_135,state_136,state_137,state_138,state_139,state_140,state_141,state_142,state_143,state_144,state_145,state_146,state_147,state_148,state_149,state_150,state_151,state_152,state_153,state_154,state_155,state_156,state_157,state_158,state_159,state_160,state_161,state_162,state_163,state_164,state_165,state_166,state_167,state_168,state_169,state_170,state_171,state_172,state_173,state_174,state_175,state_176,state_177,state_178,state_179,state_180,state_181,state_182,state_183,state_184,state_185,state_186,state_187,state_188,state_189,state_190,state_191,state_192,state_193,state_194,state_195,state_196,state_197,state_198,state_199,state_200,state_201,state_202,state_203,state_204,state_205,state_206,state_207,state_208,state_209,state_210,state_211,state_212,state_213,state_214,state_215,state_216,state_217,state_218,state_219,state_220,state_221,state_222,state_223,state_224,state_225,state_226,state_227,state_228,state_229,state_230,state_231,state_232,state_233,state_234,state_235,state_236,state_237,state_238,state_239,state_240,state_241,state_242,state_243,state_244,state_245,state_246,state_247,state_248,state_249,state_250,state_251,state_252,state_253,state_254,state_255,state_256,state_257,state_258,state_259,state_260,state_261,state_262,state_263,state_264,state_265,state_266,state_267,state_268,state_269,state_270,state_271,state_272,state_273,state_274,state_275,state_276,state_277,state_278,state_279,state_280,state_281,state_282,state_283,state_284,state_285,state_286,state_287
{'img': array([[[ 0.        ,  0.        , -0.04489756, ..., -0.95817998,
         -0.84365973, -0.36645752],
        [ 0.        ,  0.        , -0.04489756, ..., -0.95817998,
         -0.84365973, -0.36645752],
        [ 0.04489756,  0.04489756,  0.        , ..., -0.97006191,
         -0.86691351, -0.40786224],
        ...,
        [ 0.95817998,  0.95817998,  0.97006191, ...,  0.        ,
         -0.27299904, -0.7866562 ],
        [ 0.84365973,  0.84365973,  0.86691351, ...,  0.27299904,
          0.        , -0.58822729],
        [ 0.36645752,  0.36645752,  0.40786224, ...,  0.7866562 ,
          0.58822729,  0.        ]],

       [[ 0.        , -0.73370175, -0.71005158, ..., -0.99977989,
         -0.9157426 , -0.67025907],
        [ 0.73370175,  0.        , -0.03417592, ...,  0.69471552,
          0.91699717,  0.99992207],
        [ 0.71005158,  0.03417592,  0.        , ...,  0.71889191,
          0.93009405,  0.99891129],
        ...,
        [ 0.99977989, -0.69471552, -0.71889191, ...,  0.        ,
          0.3824643 ,  0.72790148],
        [ 0.9157426 , -0.91699717, -0.93009405, ..., -0.3824643 ,
          0.        ,  0.41031054],
        [ 0.67025907, -0.99992207, -0.99891129, ..., -0.72790148,
         -0.41031054,  0.        ]],

       [[ 0.        , -0.26801538, -0.29568805, ..., -0.71493884,
         -0.50726756, -0.        ],
        [ 0.26801538,  0.        , -0.02883924, ..., -0.87617541,
         -0.71968159, -0.26801538],
        [ 0.29568805,  0.02883924,  0.        , ..., -0.88971127,
         -0.73940546, -0.29568805],
        ...,
        [ 0.71493884,  0.87617541,  0.88971127, ...,  0.        ,
         -0.26145128, -0.71493884],
        [ 0.50726756,  0.71968159,  0.73940546, ...,  0.26145128,
          0.        , -0.50726756],
        [ 0.        ,  0.26801538,  0.29568805, ...,  0.71493884,
          0.50726756,  0.        ]],

       ...,

       [[ 0.        ,  0.1958533 ,  0.4271007 , ..., -0.60716979,
         -0.66200872, -0.99273384],
        [-0.1958533 ,  0.        ,  0.24173778, ..., -0.75103043,
         -0.79597903, -0.99707497],
        [-0.4271007 , -0.24173778,  0.        , ..., -0.8883677 ,
         -0.9187013 , -0.94902739],
        ...,
        [ 0.60716979,  0.75103043,  0.8883677 , ...,  0.        ,
         -0.07094226, -0.71573733],
        [ 0.66200872,  0.79597903,  0.9187013 , ...,  0.07094226,
          0.        , -0.66439006],
        [ 0.99273384,  0.99707497,  0.94902739, ...,  0.71573733,
          0.66439006,  0.        ]],

       [[ 0.        , -0.52994672, -0.57740105, ..., -0.98138252,
         -0.98560448, -0.99434991],
        [ 0.52994672,  0.        , -0.0569733 , ..., -0.93402611,
         -0.92541984, -0.8994944 ],
        [ 0.57740105,  0.0569733 ,  0.        , ..., -0.91215784,
         -0.90232703, -0.87313987],
        ...,
        [ 0.98138252,  0.93402611,  0.91215784, ...,  0.        ,
          0.02337869,  0.08680251],
        [ 0.98560448,  0.92541984,  0.90232703, ..., -0.02337869,
          0.        ,  0.06348833],
        [ 0.99434991,  0.8994944 ,  0.87313987, ..., -0.08680251,
         -0.06348833,  0.        ]],

       [[ 0.        ,  0.03127377, -0.06400645, ..., -0.89838363,
         -0.76011531, -0.20948337],
        [-0.03127377,  0.        , -0.09518478, ..., -0.88420838,
         -0.73942217, -0.17880103],
        [ 0.06400645,  0.09518478,  0.        , ..., -0.92465385,
         -0.80014731, -0.2716401 ],
        ...,
        [ 0.89838363,  0.88420838,  0.92465385, ...,  0.        ,
         -0.24990761, -0.78644295],
        [ 0.76011531,  0.73942217,  0.80014731, ...,  0.24990761,
          0.        , -0.6071302 ],
        [ 0.20948337,  0.17880103,  0.2716401 , ...,  0.78644295,
          0.6071302 ,  0.        ]]]), 'num': array([ 7.03059732e-01,  6.71463930e-01,  5.40099175e-07,  5.44755202e-04,
        5.51273640e-04,  5.41961586e-04,  2.34180568e-01, -1.86241095e-06,
        5.56115909e-04,  5.97927035e-04,  6.18366995e-04,  2.85062900e-08,
        6.54798918e-04,  5.41055152e-04])}
{'img': array([[[ 0.        , -0.04449698,  0.36342379, ..., -0.86822526,
         -0.59251659, -0.36342379],
        [ 0.04449698,  0.        ,  0.40451828, ..., -0.88944337,
         -0.62777462, -0.40451828],
        [-0.36342379, -0.40451828,  0.        , ..., -0.62853936,
         -0.2592436 , -0.        ],
        ...,
        [ 0.86822526,  0.88944337,  0.62853936, ...,  0.        ,
         -0.40541692, -0.62853936],
        [ 0.59251659,  0.62777462,  0.2592436 , ...,  0.40541692,
          0.        , -0.2592436 ],
        [ 0.36342379,  0.40451828,  0.        , ...,  0.62853936,
          0.2592436 ,  0.        ]],

       [[ 0.        , -0.03712059,  0.06791956, ...,  0.97332167,
          0.77494679,  0.83972924],
        [ 0.03712059,  0.        ,  0.10490763, ...,  0.98116798,
          0.75095149,  0.85930717],
        [-0.06791956, -0.10490763,  0.        , ...,  0.95549029,
          0.81608424,  0.80090945],
        ...,
        [-0.97332167, -0.98116798, -0.95549029, ...,  0.        ,
          0.79297259, -0.33584736],
        [-0.77494679, -0.75095149, -0.81608424, ..., -0.79297259,
          0.        , -0.95153137],
        [-0.83972924, -0.85930717, -0.80090945, ...,  0.33584736,
          0.95153137,  0.        ]],

       [[ 0.        , -0.12415324, -0.15190835, ..., -0.6759539 ,
         -0.4957383 , -0.        ],
        [ 0.12415324,  0.        , -0.02802065, ..., -0.76221806,
         -0.59972641, -0.12415324],
        [ 0.15190835,  0.02802065,  0.        , ..., -0.78005711,
         -0.62191319, -0.15190835],
        ...,
        [ 0.6759539 ,  0.76221806,  0.78005711, ...,  0.        ,
         -0.22171568, -0.6759539 ],
        [ 0.4957383 ,  0.59972641,  0.62191319, ...,  0.22171568,
          0.        , -0.4957383 ],
        [ 0.        ,  0.12415324,  0.15190835, ...,  0.6759539 ,
          0.4957383 ,  0.        ]],

       ...,

       [[ 0.        ,  0.20839679,  0.43546951, ..., -0.64337134,
         -0.81335797, -0.9715138 ],
        [-0.20839679,  0.        ,  0.23830899, ..., -0.78878476,
         -0.91673783, -0.90079711],
        [-0.43546951, -0.23830899,  0.        , ..., -0.91254066,
         -0.98552796, -0.77136125],
        ...,
        [ 0.64337134,  0.78878476,  0.91254066, ...,  0.        ,
         -0.24837967, -0.89621458],
        [ 0.81335797,  0.91673783,  0.98552796, ...,  0.24837967,
          0.        , -0.75794329],
        [ 0.9715138 ,  0.90079711,  0.77136125, ...,  0.89621458,
          0.75794329,  0.        ]],

       [[ 0.        , -0.25916294, -0.46123484, ..., -0.99491305,
         -0.9994669 , -0.99717876],
        [ 0.25916294,  0.        , -0.21552651, ..., -0.98702787,
         -0.97377994, -0.98256243],
        [ 0.46123484,  0.21552651,  0.        , ..., -0.92922816,
         -0.9018636 , -0.91939675],
        ...,
        [ 0.99491305,  0.98702787,  0.92922816, ...,  0.        ,
          0.06820156,  0.0257716 ],
        [ 0.9994669 ,  0.97377994,  0.9018636 , ..., -0.06820156,
          0.        , -0.04246731],
        [ 0.99717876,  0.98256243,  0.91939675, ..., -0.0257716 ,
          0.04246731,  0.        ]],

       [[ 0.        , -0.09129595, -0.09317628, ..., -0.8586696 ,
         -0.67679618, -0.1716204 ],
        [ 0.09129595,  0.        , -0.00188838, ..., -0.9018755 ,
         -0.74117913, -0.26084508],
        [ 0.09317628,  0.00188838,  0.        , ..., -0.90268966,
         -0.74244549, -0.26266762],
        ...,
        [ 0.8586696 ,  0.9018755 ,  0.90268966, ...,  0.        ,
         -0.28524916, -0.75796913],
        [ 0.67679618,  0.74117913,  0.74244549, ...,  0.28524916,
          0.        , -0.54041279],
        [ 0.1716204 ,  0.26084508,  0.26266762, ...,  0.75796913,
          0.54041279,  0.        ]]]), 'num': array([ 6.88383993e-01,  5.82889969e-01,  1.83149348e-06,  1.06559621e-03,
        1.09334611e-03,  1.06559621e-03,  4.31690173e-01, -1.66499407e-05,
        1.09334611e-03,  1.17835331e-03,  1.22472647e-03,  5.33651947e-08,
        1.29860843e-03,  1.05809818e-03])}
{'img': array([[[ 0.        ,  0.39042457,  0.0911215 , ..., -0.8420024 ,
         -0.80884912, -0.39042457],
        [-0.39042457,  0.        , -0.30491068, ..., -0.56455299,
         -0.51507875, -0.        ],
        [-0.0911215 ,  0.30491068,  0.        , ..., -0.78934182,
         -0.7519032 , -0.30491068],
        ...,
        [ 0.8420024 ,  0.56455299,  0.78934182, ...,  0.        ,
         -0.0587582 , -0.56455299],
        [ 0.80884912,  0.51507875,  0.7519032 , ...,  0.0587582 ,
          0.        , -0.51507875],
        [ 0.39042457,  0.        ,  0.30491068, ...,  0.56455299,
          0.51507875,  0.        ]],

       [[ 0.        ,  0.10490763,  0.00522416, ...,  0.75095149,
          0.85930717,  0.77678449],
        [-0.10490763,  0.        , -0.09971086, ...,  0.81608424,
          0.80090945,  0.70643086],
        [-0.00522416,  0.09971086,  0.        , ...,  0.75439106,
          0.8566235 ,  0.77348389],
        ...,
        [-0.75095149, -0.81608424, -0.75439106, ...,  0.        ,
         -0.95153137, -0.98587946],
        [-0.85930717, -0.80090945, -0.8566235 , ...,  0.95153137,
          0.        , -0.1438688 ],
        [-0.77678449, -0.70643086, -0.77348389, ...,  0.98587946,
          0.1438688 ,  0.        ]],

       [[ 0.        , -0.08551368, -0.22499909, ..., -0.64768907,
         -0.46283033, -0.        ],
        [ 0.08551368,  0.        , -0.14085389, ..., -0.71046987,
         -0.53693832, -0.08551368],
        [ 0.22499909,  0.14085389,  0.        , ..., -0.80250954,
         -0.65041263, -0.22499909],
        ...,
        [ 0.64768907,  0.71046987,  0.80250954, ...,  0.        ,
         -0.22150933, -0.64768907],
        [ 0.46283033,  0.53693832,  0.65041263, ...,  0.22150933,
          0.        , -0.46283033],
        [ 0.        ,  0.08551368,  0.22499909, ...,  0.64768907,
          0.46283033,  0.        ]],

       ...,

       [[ 0.        ,  0.23787867, -0.22365316, ..., -0.91498288,
         -0.94121972, -0.90002422],
        [-0.23787867,  0.        , -0.44908609, ..., -0.98470048,
         -0.83384767, -0.7705119 ],
        [ 0.22365316,  0.44908609,  0.        , ..., -0.80156286,
         -0.9929264 , -0.97470249],
        ...,
        [ 0.91498288,  0.98470048,  0.80156286, ...,  0.        ,
         -0.68885186, -0.7619392 ],
        [ 0.94121972,  0.83384767,  0.9929264 , ...,  0.68885186,
          0.        , -0.10619744],
        [ 0.90002422,  0.7705119 ,  0.97470249, ...,  0.7619392 ,
          0.10619744,  0.        ]],

       [[ 0.        , -0.39173243, -0.58930678, ..., -0.99987461,
         -0.99825869, -0.99309885],
        [ 0.39173243,  0.        , -0.22572461, ..., -0.92616711,
         -0.94158454, -0.95967209],
        [ 0.58930678,  0.22572461,  0.        , ..., -0.81714005,
         -0.84126454, -0.87144794],
        ...,
        [ 0.99987461,  0.92616711,  0.81714005, ...,  0.        ,
         -0.04317258, -0.10153935],
        [ 0.99825869,  0.94158454,  0.84126454, ...,  0.04317258,
          0.        , -0.05849523],
        [ 0.99309885,  0.95967209,  0.87144794, ...,  0.10153935,
          0.05849523,  0.        ]],

       [[ 0.        , -0.0018127 ,  0.00839017, ..., -0.86747711,
         -0.72899766, -0.25073349],
        [ 0.0018127 ,  0.        ,  0.01020279, ..., -0.86837746,
         -0.73023728, -0.25248787],
        [-0.00839017, -0.01020279,  0.        , ..., -0.86327266,
         -0.72322879, -0.24260251],
        ...,
        [ 0.86747711,  0.86837746,  0.86327266, ...,  0.        ,
         -0.23114248, -0.71503238],
        [ 0.72899766,  0.73023728,  0.72322879, ...,  0.23114248,
          0.        , -0.53407954],
        [ 0.25073349,  0.25248787,  0.24260251, ...,  0.71503238,
          0.53407954,  0.        ]]]), 'num': array([ 6.68955454e-01,  5.40910601e-01,  2.23074657e-06,  1.03261978e-03,
        1.04341372e-03,  1.02182585e-03,  5.09808489e-01, -3.59797834e-06,
        1.05060968e-03,  1.13768075e-03,  1.18727289e-03,  5.45148233e-08,
        1.26202930e-03,  1.01333220e-03])}
{'img': array([[[ 0.        , -0.30257682, -0.42274216, ..., -0.56054347,
         -0.24803919, -0.        ],
        [ 0.30257682,  0.        , -0.12871588, ..., -0.78483943,
         -0.52953365, -0.30257682],
        [ 0.42274216,  0.12871588,  0.        , ..., -0.85807588,
         -0.63431698, -0.42274216],
        ...,
        [ 0.56054347,  0.78483943,  0.85807588, ...,  0.        ,
         -0.33761904, -0.56054347],
        [ 0.24803919,  0.52953365,  0.63431698, ...,  0.33761904,
          0.        , -0.24803919],
        [ 0.        ,  0.30257682,  0.42274216, ...,  0.56054347,
          0.24803919,  0.        ]],

       [[ 0.        , -0.09971086, -0.11610012, ...,  0.80090945,
          0.70643086,  0.9332635 ],
        [ 0.09971086,  0.        , -0.01648496, ...,  0.8566235 ,
          0.77348389,  0.96442793],
        [ 0.11610012,  0.01648496,  0.        , ...,  0.86501238,
          0.78382721,  0.96865461],
        ...,
        [-0.80090945, -0.8566235 , -0.86501238, ...,  0.        ,
         -0.1438688 ,  0.27114399],
        [-0.70643086, -0.77348389, -0.78382721, ...,  0.1438688 ,
          0.        ,  0.40680252],
        [-0.9332635 , -0.96442793, -0.96865461, ..., -0.27114399,
         -0.40680252,  0.        ]],

       [[ 0.        , -0.20236415, -0.23326255, ..., -0.63511962,
         -0.47624922, -0.        ],
        [ 0.20236415,  0.        , -0.03165473, ..., -0.77828807,
         -0.64433667, -0.20236415],
        [ 0.23326255,  0.03165473,  0.        , ..., -0.79777429,
         -0.66822148, -0.23326255],
        ...,
        [ 0.63511962,  0.77828807,  0.79777429, ...,  0.        ,
         -0.19060579, -0.63511962],
        [ 0.47624922,  0.64433667,  0.66822148, ...,  0.19060579,
          0.        , -0.47624922],
        [ 0.        ,  0.20236415,  0.23326255, ...,  0.63511962,
          0.47624922,  0.        ]],

       ...,

       [[ 0.        , -0.44908609, -0.26700807, ..., -0.83384767,
         -0.7705119 , -0.82841489],
        [ 0.44908609,  0.        ,  0.19421306, ..., -0.9929264 ,
         -0.97470249, -0.99171901],
        [ 0.26700807, -0.19421306,  0.        , ..., -0.95096126,
         -0.91273571, -0.94789392],
        ...,
        [ 0.83384767,  0.9929264 ,  0.95096126, ...,  0.        ,
         -0.10619744, -0.00976999],
        [ 0.7705119 ,  0.97470249,  0.91273571, ...,  0.10619744,
          0.        ,  0.09647763],
        [ 0.82841489,  0.99171901,  0.94789392, ...,  0.00976999,
         -0.09647763,  0.        ]],

       [[ 0.        , -0.46906953, -0.60140394, ..., -0.99980357,
         -0.99675152, -0.9947829 ],
        [ 0.46906953,  0.        , -0.15637584, ..., -0.89228451,
         -0.91807035, -0.92640564],
        [ 0.60140394,  0.15637584,  0.        , ..., -0.81070774,
         -0.84478579, -0.85612892],
        ...,
        [ 0.99980357,  0.89228451,  0.81070774, ...,  0.        ,
         -0.06076728, -0.08227841],
        [ 0.99675152,  0.91807035,  0.84478579, ...,  0.06076728,
          0.        , -0.02156511],
        [ 0.9947829 ,  0.92640564,  0.85612892, ...,  0.08227841,
          0.02156511,  0.        ]],

       [[ 0.        ,  0.00984069, -0.01631022, ..., -0.84961002,
         -0.70095673, -0.24379677],
        [-0.00984069,  0.        , -0.02614881, ..., -0.84437879,
         -0.69390437, -0.2342412 ],
        [ 0.01631022,  0.02614881,  0.        , ..., -0.8580992 ,
         -0.712496  , -0.25958242],
        ...,
        [ 0.84961002,  0.84437879,  0.8580992 , ...,  0.        ,
         -0.23625251, -0.69539298],
        [ 0.70095673,  0.69390437,  0.712496  , ...,  0.23625251,
          0.        , -0.50592952],
        [ 0.24379677,  0.2342412 ,  0.25958242, ...,  0.69539298,
          0.50592952,  0.        ]]]), 'num': array([6.62585482e-01, 6.24112877e-01, 6.58777481e-07, 1.03980013e-03,
       1.05226349e-03, 1.02733677e-03, 4.14070188e-01, 1.78047968e-05,
       1.03481479e-03, 1.11885343e-03, 1.17155563e-03, 1.97831075e-07,
       1.24453260e-03, 9.93174264e-04])}
{'img': array([[[ 0.        , -0.30609802, -0.48950587, ..., -0.25095019,
         -0.        , -0.5425864 ],
        [ 0.30609802,  0.        , -0.19909211, ..., -0.53520747,
         -0.30609802, -0.77366459],
        [ 0.48950587,  0.19909211,  0.        , ..., -0.69267025,
         -0.48950587, -0.88432027],
        ...,
        [ 0.25095019,  0.53520747,  0.69267025, ...,  0.        ,
         -0.25095019,  0.31442547],
        [ 0.        ,  0.30609802,  0.48950587, ...,  0.25095019,
          0.        ,  0.5425864 ],
        [ 0.5425864 ,  0.77366459,  0.88432027, ..., -0.31442547,
         -0.5425864 ,  0.        ]],

       [[ 0.        , -0.01648496,  0.29401878, ...,  0.77348389,
          0.96442793,  0.76956828],
        [ 0.01648496,  0.        ,  0.30973515, ...,  0.78382721,
          0.96865461,  0.77999042],
        [-0.29401878, -0.30973515,  0.        , ...,  0.55294182,
          0.84407721,  0.54780312],
        ...,
        [-0.77348389, -0.78382721, -0.55294182, ...,  0.        ,
          0.40680252, -0.00615471],
        [-0.96442793, -0.96865461, -0.84407721, ..., -0.40680252,
          0.        , -0.41241724],
        [-0.76956828, -0.77999042, -0.54780312, ...,  0.00615471,
          0.41241724,  0.        ]],

       [[ 0.        , -0.11644383, -0.24553489, ..., -0.5527708 ,
         -0.30491068, -0.        ],
        [ 0.11644383,  0.        , -0.13098536, ..., -0.64604698,
         -0.41373534, -0.11644383],
        [ 0.24553489,  0.13098536,  0.        , ..., -0.74046165,
         -0.52941943, -0.24553489],
        ...,
        [ 0.5527708 ,  0.64604698,  0.74046165, ...,  0.        ,
         -0.27235615, -0.5527708 ],
        [ 0.30491068,  0.41373534,  0.52941943, ...,  0.27235615,
          0.        , -0.30491068],
        [ 0.        ,  0.11644383,  0.24553489, ...,  0.5527708 ,
          0.30491068,  0.        ]],

       ...,

       [[ 0.        ,  0.19421306,  0.02289631, ..., -0.97470249,
         -0.99171901, -0.86912344],
        [-0.19421306,  0.        , -0.17170179, ..., -0.91273571,
         -0.94789392, -0.94863164],
        [-0.02289631,  0.17170179,  0.        , ..., -0.9693295 ,
         -0.98851853, -0.88022   ],
        ...,
        [ 0.97470249,  0.91273571,  0.9693295 , ...,  0.        ,
          0.09647763,  0.67633775],
        [ 0.99171901,  0.94789392,  0.98851853, ..., -0.09647763,
          0.        ,  0.60211812],
        [ 0.86912344,  0.94863164,  0.88022   , ..., -0.67633775,
         -0.60211812,  0.        ]],

       [[ 0.        , -0.41337963, -0.80180542, ..., -0.99972404,
         -0.99892758, -0.9836297 ],
        [ 0.41337963,  0.        , -0.48306141, ..., -0.9200183 ,
         -0.92872176, -0.97014433],
        [ 0.80180542,  0.48306141,  0.        , ..., -0.61625569,
         -0.63406796, -0.73228918],
        ...,
        [ 0.99972404,  0.9200183 ,  0.61625569, ...,  0.        ,
         -0.02282122, -0.15704521],
        [ 0.99892758,  0.92872176,  0.63406796, ...,  0.02282122,
          0.        , -0.13446627],
        [ 0.9836297 ,  0.97014433,  0.73228918, ...,  0.15704521,
          0.13446627,  0.        ]],

       [[ 0.        , -0.02559186,  0.19567584, ..., -0.78282308,
         -0.59871662, -0.229393  ],
        [ 0.02559186,  0.        ,  0.22070889, ..., -0.79849108,
         -0.6190186 , -0.25422729],
        [-0.19567584, -0.22070889,  0.        , ..., -0.64593185,
         -0.4304139 , -0.03450059],
        ...,
        [ 0.78282308,  0.79849108,  0.64593185, ...,  0.        ,
         -0.25446267, -0.61920973],
        [ 0.59871662,  0.6190186 ,  0.4304139 , ...,  0.25446267,
          0.        , -0.39901634],
        [ 0.229393  ,  0.25422729,  0.03450059, ...,  0.61920973,
          0.39901634,  0.        ]]]), 'num': array([6.85752827e-01, 6.46760817e-01, 6.63129430e-07, 1.08311140e-03,
       1.10337369e-03, 1.07390127e-03, 3.33816334e-01, 7.36810478e-06,
       1.07095403e-03, 1.15099007e-03, 1.20864549e-03, 2.97701203e-07,
       1.28216652e-03, 1.01981362e-03])}
{'img': array([[[ 0.        , -0.39650448, -0.30974498, ..., -0.        ,
         -0.54862953, -0.6374499 ],
        [ 0.39650448,  0.        ,  0.09264821, ..., -0.39650448,
         -0.83516364, -0.89070336],
        [ 0.30974498, -0.09264821,  0.        , ..., -0.30974498,
         -0.78061486, -0.84475588],
        ...,
        [ 0.        ,  0.39650448,  0.30974498, ...,  0.        ,
          0.54862953,  0.6374499 ],
        [ 0.54862953,  0.83516364,  0.78061486, ..., -0.54862953,
          0.        ,  0.11023537],
        [ 0.6374499 ,  0.89070336,  0.84475588, ..., -0.6374499 ,
         -0.11023537,  0.        ]],

       [[ 0.        ,  0.30973515, -0.15686802, ...,  0.96865461,
          0.77999042,  0.475121  ],
        [-0.30973515,  0.        , -0.4550542 , ...,  0.84407721,
          0.54780312,  0.17921362],
        [ 0.15686802,  0.4550542 ,  0.        , ...,  0.99563007,
          0.86850047,  0.60727018],
        ...,
        [-0.96865461, -0.84407721, -0.99563007, ...,  0.        ,
         -0.41241724, -0.73431353],
        [-0.77999042, -0.54780312, -0.86850047, ...,  0.41241724,
          0.        , -0.38900287],
        [-0.475121  , -0.17921362, -0.60727018, ...,  0.73431353,
          0.38900287,  0.        ]],

       [[ 0.        , -0.21728046, -0.271433  , ..., -0.30541785,
         -0.        , -0.08254871],
        [ 0.21728046,  0.        , -0.05582507, ..., -0.50501964,
         -0.21728046, -0.29711545],
        [ 0.271433  ,  0.05582507,  0.        , ..., -0.55241515,
         -0.271433  , -0.34995622],
        ...,
        [ 0.30541785,  0.50501964,  0.55241515, ...,  0.        ,
         -0.30541785, -0.22577106],
        [ 0.        ,  0.21728046,  0.271433  , ...,  0.30541785,
          0.        ,  0.08254871],
        [ 0.08254871,  0.29711545,  0.34995622, ...,  0.22577106,
         -0.08254871,  0.        ]],

       ...,

       [[ 0.        , -0.17170179,  0.05369122, ..., -0.94789392,
         -0.94863164, -0.85900305],
        [ 0.17170179,  0.        ,  0.22434798, ..., -0.98851853,
         -0.88022   , -0.75833972],
        [-0.05369122, -0.22434798,  0.        , ..., -0.92942139,
         -0.96425029, -0.88525233],
        ...,
        [ 0.94789392,  0.98851853,  0.92942139, ...,  0.        ,
          0.60211812,  0.75896014],
        [ 0.94863164,  0.88022   ,  0.96425029, ..., -0.60211812,
          0.        ,  0.21389767],
        [ 0.85900305,  0.75833972,  0.88525233, ..., -0.75896014,
         -0.21389767,  0.        ]],

       [[ 0.        , -0.74021084, -0.83613906, ..., -0.99999863,
         -0.98989197, -0.95280996],
        [ 0.74021084,  0.        , -0.15618023, ..., -0.67359775,
         -0.77055769, -0.86534934],
        [ 0.83613906,  0.15618023,  0.        , ..., -0.54989922,
         -0.66155721, -0.77645755],
        ...,
        [ 0.99999863,  0.67359775,  0.54989922, ...,  0.        ,
         -0.14018659, -0.30199168],
        [ 0.98989197,  0.77055769,  0.66155721, ...,  0.14018659,
          0.        , -0.16536819],
        [ 0.95280996,  0.86534934,  0.77645755, ...,  0.30199168,
          0.16536819,  0.        ]],

       [[ 0.        ,  0.2173232 ,  0.25035213, ..., -0.71210087,
         -0.56924523, -0.25035213],
        [-0.2173232 ,  0.        ,  0.03396613, ..., -0.5425038 ,
         -0.37696397, -0.03396613],
        [-0.25035213, -0.03396613,  0.        , ..., -0.5136574 ,
         -0.34528607, -0.        ],
        ...,
        [ 0.71210087,  0.5425038 ,  0.5136574 , ...,  0.        ,
         -0.18581233, -0.5136574 ],
        [ 0.56924523,  0.37696397,  0.34528607, ...,  0.18581233,
          0.        , -0.34528607],
        [ 0.25035213,  0.03396613,  0.        , ...,  0.5136574 ,
          0.34528607,  0.        ]]]), 'num': array([6.97740650e-01, 6.69918794e-01, 4.68381411e-07, 1.11287423e-03,
       1.11474776e-03, 1.09975955e-03, 2.53685452e-01, 1.12411539e-05,
       1.09264016e-03, 1.16402148e-03, 1.22612886e-03, 4.00170526e-07,
       1.29501885e-03, 1.03302412e-03])}
{'img': array([[[ 0.        ,  0.25709342,  0.07634151, ..., -0.75010957,
         -0.81932052, -0.89338953],
        [-0.25709342,  0.        , -0.18256774, ..., -0.55487644,
         -0.64437948, -0.74785195],
        [-0.07634151,  0.18256774,  0.        , ..., -0.69743487,
         -0.7731602 , -0.85648344],
        ...,
        [ 0.75010957,  0.55487644,  0.69743487, ...,  0.        ,
          0.11176313,  0.2537992 ],
        [ 0.81932052,  0.64437948,  0.7731602 , ..., -0.11176313,
          0.        ,  0.14410545],
        [ 0.89338953,  0.74785195,  0.85648344, ..., -0.2537992 ,
         -0.14410545,  0.        ]],

       [[ 0.        , -0.4550542 , -0.81835165, ...,  0.54780312,
          0.17921362, -0.21081657],
        [ 0.4550542 ,  0.        , -0.46718472, ...,  0.86850047,
          0.60727018,  0.25710263],
        [ 0.81835165,  0.46718472,  0.        , ...,  0.99947117,
          0.90809995,  0.67879968],
        ...,
        [-0.54780312, -0.86850047, -0.99947117, ...,  0.        ,
         -0.38900287, -0.71186227],
        [-0.17921362, -0.60727018, -0.90809995, ...,  0.38900287,
          0.        , -0.3825894 ],
        [ 0.21081657, -0.25710263, -0.67879968, ...,  0.71186227,
          0.3825894 ,  0.        ]],

       [[ 0.        , -0.16565912, -0.30721306, ..., -0.        ,
         -0.08304536, -0.26055989],
        [ 0.16565912,  0.        , -0.14532035, ..., -0.16565912,
         -0.24698482, -0.41689663],
        [ 0.30721306,  0.14532035,  0.        , ..., -0.30721306,
         -0.38518122, -0.54456062],
        ...,
        [ 0.        ,  0.16565912,  0.30721306, ...,  0.        ,
          0.08304536,  0.26055989],
        [ 0.08304536,  0.24698482,  0.38518122, ..., -0.08304536,
          0.        ,  0.17948308],
        [ 0.26055989,  0.41689663,  0.54456062, ..., -0.26055989,
         -0.17948308,  0.        ]],

       ...,

       [[ 0.        ,  0.22434798, -0.09472579, ..., -0.88022   ,
         -0.75833972, -0.6202538 ],
        [-0.22434798,  0.        , -0.31565032, ..., -0.96425029,
         -0.88525233, -0.78042179],
        [ 0.09472579,  0.31565032,  0.        , ..., -0.83130838,
         -0.69318187, -0.54316174],
        ...,
        [ 0.88022   ,  0.96425029,  0.83130838, ...,  0.        ,
          0.21389767,  0.39609435],
        [ 0.75833972,  0.88525233,  0.69318187, ..., -0.21389767,
          0.        ,  0.19052423],
        [ 0.6202538 ,  0.78042179,  0.54316174, ..., -0.39609435,
         -0.19052423,  0.        ]],

       [[ 0.        , -0.23128194, -0.21863584, ..., -0.88788521,
         -0.95664446, -0.99958272],
        [ 0.23128194,  0.        ,  0.01297851, ..., -0.75740703,
         -0.86334396, -0.97916157],
        [ 0.21863584, -0.01297851,  0.        , ..., -0.76581746,
         -0.8698204 , -0.98171481],
        ...,
        [ 0.88788521,  0.75740703,  0.76581746, ...,  0.        ,
         -0.18151478, -0.48552038],
        [ 0.95664446,  0.86334396,  0.8698204 , ...,  0.18151478,
          0.        , -0.3187702 ],
        [ 0.99958272,  0.97916157,  0.98171481, ...,  0.48552038,
          0.3187702 ,  0.        ]],

       [[ 0.        ,  0.0336874 , -0.13987461, ..., -0.45186164,
         -0.28607416, -0.0336874 ],
        [-0.0336874 ,  0.        , -0.17315145, ..., -0.42155304,
         -0.25363227, -0.        ],
        [ 0.13987461,  0.17315145,  0.        , ..., -0.57219996,
         -0.41729073, -0.17315145],
        ...,
        [ 0.45186164,  0.42155304,  0.57219996, ...,  0.        ,
         -0.17777387, -0.42155304],
        [ 0.28607416,  0.25363227,  0.41729073, ...,  0.17777387,
          0.        , -0.25363227],
        [ 0.0336874 ,  0.        ,  0.17315145, ...,  0.42155304,
          0.25363227,  0.        ]]]), 'num': array([ 7.12133446e-01,  6.43210518e-01,  1.18832634e-06,  1.11166013e-03,
        1.12699337e-03,  1.11166013e-03,  2.81310157e-01, -2.68331755e-05,
        1.11932675e-03,  1.18152222e-03,  1.25080931e-03,  3.63503609e-07,
        1.31031504e-03,  1.05272939e-03])}
{'img': array([[[ 0.        , -0.18256774, -0.50082906, ..., -0.64437948,
         -0.74785195, -0.43762072],
        [ 0.18256774,  0.        , -0.33439094, ..., -0.7731602 ,
         -0.85648344, -0.5944233 ],
        [ 0.50082906,  0.33439094,  0.        , ..., -0.94072715,
         -0.97978358, -0.82910625],
        ...,
        [ 0.64437948,  0.7731602 ,  0.94072715, ...,  0.        ,
          0.14410545, -0.24474889],
        [ 0.74785195,  0.85648344,  0.97978358, ..., -0.14410545,
          0.        , -0.38191698],
        [ 0.43762072,  0.5944233 ,  0.82910625, ...,  0.24474889,
          0.38191698,  0.        ]],

       [[ 0.        , -0.46718472,  0.42449216, ...,  0.60727018,
          0.25710263,  0.3568398 ],
        [ 0.46718472,  0.        ,  0.79832269, ...,  0.90809995,
          0.67879968,  0.75193127],
        [-0.42449216, -0.79832269,  0.        , ...,  0.21258455,
         -0.17743363, -0.07345194],
        ...,
        [-0.60727018, -0.90809995, -0.21258455, ...,  0.        ,
         -0.3825894 , -0.28378334],
        [-0.25710263, -0.67879968,  0.17743363, ...,  0.3825894 ,
          0.        ,  0.10466787],
        [-0.3568398 , -0.75193127,  0.07345194, ...,  0.28378334,
         -0.10466787,  0.        ]],

       [[ 0.        , -0.26144863, -0.39998488, ..., -0.08333321,
         -0.26144863, -0.3082532 ],
        [ 0.26144863,  0.        , -0.146449  , ..., -0.34097391,
         -0.50470953, -0.54624857],
        [ 0.39998488,  0.146449  ,  0.        , ..., -0.47497032,
         -0.62569571, -0.66302812],
        ...,
        [ 0.08333321,  0.34097391,  0.47497032, ...,  0.        ,
          0.18010459,  0.22790578],
        [ 0.26144863,  0.50470953,  0.62569571, ..., -0.18010459,
          0.        ,  0.04881413],
        [ 0.3082532 ,  0.54624857,  0.66302812, ..., -0.22790578,
         -0.04881413,  0.        ]],

       ...,

       [[ 0.        , -0.31565032, -0.70795641, ..., -0.88525233,
         -0.78042179, -0.83108571],
        [ 0.31565032,  0.        , -0.44883259, ..., -0.69318187,
         -0.54316174, -0.6130498 ],
        [ 0.70795641,  0.44883259,  0.        , ..., -0.29593652,
         -0.10852551, -0.19323341],
        ...,
        [ 0.88525233,  0.69318187,  0.29593652, ...,  0.        ,
          0.19052423,  0.10578092],
        [ 0.78042179,  0.54316174,  0.10852551, ..., -0.19052423,
          0.        , -0.085612  ],
        [ 0.83108571,  0.6130498 ,  0.19323341, ..., -0.10578092,
          0.085612  ,  0.        ]],

       [[ 0.        ,  0.01297851,  0.11720542, ..., -0.86334396,
         -0.97916157, -0.78313261],
        [-0.01297851,  0.        ,  0.10430649, ..., -0.8698204 ,
         -0.98171481, -0.77499591],
        [-0.11720542, -0.10430649,  0.        , ..., -0.91653724,
         -0.99621529, -0.70485028],
        ...,
        [ 0.86334396,  0.8698204 ,  0.91653724, ...,  0.        ,
         -0.3187702 , -0.9320557 ],
        [ 0.97916157,  0.98171481,  0.99621529, ...,  0.3187702 ,
          0.        , -0.76793702],
        [ 0.78313261,  0.77499591,  0.70485028, ...,  0.9320557 ,
          0.76793702,  0.        ]],

       [[ 0.        , -0.17184306, -0.29483524, ..., -0.34809784,
         -0.2444517 , -0.        ],
        [ 0.17184306,  0.        , -0.12624506, ..., -0.50401534,
         -0.40744491, -0.17184306],
        [ 0.29483524,  0.12624506,  0.        , ..., -0.60901995,
         -0.51947573, -0.29483524],
        ...,
        [ 0.34809784,  0.50401534,  0.60901995, ...,  0.        ,
         -0.10837381, -0.34809784],
        [ 0.2444517 ,  0.40744491,  0.51947573, ...,  0.10837381,
          0.        , -0.2444517 ],
        [ 0.        ,  0.17184306,  0.29483524, ...,  0.34809784,
          0.2444517 ,  0.        ]]]), 'num': array([ 6.73888826e-01,  6.54233991e-01,  3.44821664e-07,  1.03446499e-03,
        1.04535410e-03,  1.03446499e-03,  3.43281618e-01, -1.81485086e-05,
        1.05842102e-03,  1.10932759e-03,  1.18065123e-03,  3.56488562e-07,
        1.22661176e-03,  9.92043424e-04])}
{'img': array([[[ 0.        , -0.46512331, -0.59560335, ..., -0.79503971,
         -0.54862953, -0.        ],
        [ 0.46512331,  0.        , -0.15363178, ..., -0.98592962,
         -0.87454563, -0.46512331],
        [ 0.59560335,  0.15363178,  0.        , ..., -0.99990606,
         -0.93866586, -0.59560335],
        ...,
        [ 0.79503971,  0.98592962,  0.99990606, ...,  0.        ,
         -0.33193005, -0.79503971],
        [ 0.54862953,  0.87454563,  0.93866586, ...,  0.33193005,
          0.        , -0.54862953],
        [ 0.        ,  0.46512331,  0.59560335, ...,  0.79503971,
          0.54862953,  0.        ]],

       [[ 0.        ,  0.79832269,  0.97320857, ...,  0.67879968,
          0.75193127,  0.93251484],
        [-0.79832269,  0.        ,  0.40254172, ..., -0.17743363,
         -0.07345194,  0.27328873],
        [-0.97320857, -0.40254172,  0.        , ..., -0.55857753,
         -0.46869239, -0.13704883],
        ...,
        [-0.67879968,  0.17743363,  0.55857753, ...,  0.        ,
          0.10466787,  0.43963149],
        [-0.75193127,  0.07345194,  0.46869239, ..., -0.10466787,
          0.        ,  0.34320629],
        [-0.93251484, -0.27328873,  0.13704883, ..., -0.43963149,
         -0.34320629,  0.        ]],

       [[ 0.        , -0.31090046, -0.4484552 , ..., -0.26371087,
         -0.31090046, -0.26371087],
        [ 0.31090046,  0.        , -0.14834639, ..., -0.55053715,
         -0.59098601, -0.55053715],
        [ 0.4484552 ,  0.14834639,  0.        , ..., -0.66828686,
         -0.70411536, -0.66828686],
        ...,
        [ 0.26371087,  0.55053715,  0.66828686, ...,  0.        ,
          0.04925312,  0.        ],
        [ 0.31090046,  0.59098601,  0.70411536, ..., -0.04925312,
          0.        , -0.04925312],
        [ 0.26371087,  0.55053715,  0.66828686, ...,  0.        ,
          0.04925312,  0.        ]],

       ...,

       [[ 0.        , -0.44883259, -0.44883259, ..., -0.54316174,
         -0.6130498 , -0.59340233],
        [ 0.44883259,  0.        ,  0.        , ..., -0.10852551,
         -0.19323341, -0.16900569],
        [ 0.44883259,  0.        ,  0.        , ..., -0.10852551,
         -0.19323341, -0.16900569],
        ...,
        [ 0.54316174,  0.10852551,  0.10852551, ...,  0.        ,
         -0.085612  , -0.06104311],
        [ 0.6130498 ,  0.19323341,  0.19323341, ...,  0.085612  ,
          0.        ,  0.02463336],
        [ 0.59340233,  0.16900569,  0.16900569, ...,  0.06104311,
         -0.02463336,  0.        ]],

       [[ 0.        ,  0.09277912,  0.06131271, ..., -0.90954172,
         -0.99998532, -0.6153637 ],
        [-0.09277912,  0.        , -0.03155632, ..., -0.94417878,
         -0.99617477, -0.53957694],
        [-0.06131271,  0.03155632,  0.        , ..., -0.93331285,
         -0.99843614, -0.56587663],
        ...,
        [ 0.90954172,  0.94417878,  0.93331285, ...,  0.        ,
         -0.41067874, -0.97269311],
        [ 0.99998532,  0.99617477,  0.99843614, ...,  0.41067874,
          0.        , -0.79156572],
        [ 0.6153637 ,  0.53957694,  0.56587663, ...,  0.97269311,
          0.79156572,  0.        ]],

       [[ 0.        , -0.24007425, -0.36622125, ..., -0.36007161,
         -0.26977314, -0.        ],
        [ 0.24007425,  0.        , -0.13211518, ..., -0.57351234,
         -0.49305673, -0.24007425],
        [ 0.36622125,  0.13211518,  0.        , ..., -0.67671349,
         -0.60367461, -0.36622125],
        ...,
        [ 0.36007161,  0.57351234,  0.67671349, ...,  0.        ,
         -0.09504355, -0.36007161],
        [ 0.26977314,  0.49305673,  0.60367461, ...,  0.09504355,
          0.        , -0.26977314],
        [ 0.        ,  0.24007425,  0.36622125, ...,  0.36007161,
          0.26977314,  0.        ]]]), 'num': array([ 6.45202769e-01,  6.28595607e-01,  2.95501108e-07,  9.76891900e-04,
        9.99489043e-04,  9.71677174e-04,  4.34249256e-01, -1.39059345e-05,
        1.00609436e-03,  1.05337454e-03,  1.12704702e-03,  3.71274951e-07,
        1.16233887e-03,  9.44410206e-04])}
{'img': array([[[ 0.        , -0.22228469, -0.28561923, ..., -0.85838626,
         -0.69267025, -0.25095019],
        [ 0.22228469,  0.        , -0.06544853, ..., -0.9509439 ,
         -0.83566471, -0.45984345],
        [ 0.28561923,  0.06544853,  0.        , ..., -0.96915241,
         -0.86981994, -0.51697582],
        ...,
        [ 0.85838626,  0.9509439 ,  0.96915241, ...,  0.        ,
         -0.26377231, -0.70217946],
        [ 0.69267025,  0.83566471,  0.86981994, ...,  0.26377231,
          0.        , -0.48950587],
        [ 0.25095019,  0.45984345,  0.51697582, ...,  0.70217946,
          0.48950587,  0.        ]],

       [[ 0.        ,  0.40254172, -0.0055128 , ..., -0.07345194,
          0.27328873,  0.68225538],
