state_0,state_1,state_2,state_3,state_4,state_5,state_6,state_7,state_8,state_9,state_10,state_11,state_12,state_13,state_14,state_15,state_16,state_17,state_18,state_19,state_20,state_21,state_22,state_23,state_24,state_25,state_26,state_27,state_28,state_29,state_30,state_31,state_32,state_33,state_34,state_35,state_36,state_37,state_38,state_39,state_40,state_41,state_42,state_43,state_44,state_45,state_46,state_47,state_48,state_49,state_50,state_51,state_52,state_53,state_54,state_55,state_56,state_57,state_58,state_59,state_60,state_61,state_62,state_63,state_64,state_65,state_66,state_67,state_68,state_69,state_70,state_71,state_72,state_73,state_74,state_75,state_76,state_77,state_78,state_79,state_80,state_81,state_82,state_83,state_84,state_85,state_86,state_87,state_88,state_89,state_90,state_91,state_92,state_93,state_94,state_95,state_96,state_97,state_98,state_99,state_100,state_101,state_102,state_103,state_104,state_105,state_106,state_107,state_108,state_109,state_110,state_111,state_112,state_113,state_114,state_115,state_116,state_117,state_118,state_119,state_120,state_121,state_122,state_123,state_124,state_125,state_126,state_127,state_128,state_129,state_130,state_131,state_132,state_133,state_134,state_135,state_136,state_137,state_138,state_139,state_140,state_141,state_142,state_143,state_144,state_145,state_146,state_147,state_148,state_149,state_150,state_151,state_152,state_153,state_154,state_155,state_156,state_157,state_158,state_159,state_160,state_161,state_162,state_163,state_164,state_165,state_166,state_167,state_168,state_169,state_170,state_171,state_172,state_173,state_174,state_175,state_176,state_177,state_178,state_179,state_180,state_181,state_182,state_183,state_184,state_185,state_186,state_187,state_188,state_189,state_190,state_191,state_192,state_193,state_194,state_195,state_196,state_197,state_198,state_199,state_200,state_201,state_202,state_203,state_204,state_205,state_206,state_207,state_208,state_209,state_210,state_211,state_212,state_213,state_214,state_215,state_216,state_217,state_218,state_219,state_220,state_221,state_222,state_223,state_224,state_225,state_226,state_227,state_228,state_229,state_230,state_231,state_232,state_233,state_234,state_235,state_236,state_237,state_238,state_239,state_240,state_241,state_242,state_243,state_244,state_245,state_246,state_247,state_248,state_249,state_250,state_251,state_252,state_253,state_254,state_255,state_256,state_257,state_258,state_259,state_260,state_261,state_262,state_263,state_264,state_265,state_266,state_267,state_268,state_269,state_270,state_271,state_272,state_273,state_274,state_275,state_276,state_277,state_278,state_279,state_280,state_281,state_282,state_283,state_284,state_285,state_286,state_287
{'img': array([[[ 0.        , -0.32412399,  0.        , ...,  0.72323125,
          0.72323125,  0.75548038],
        [ 0.32412399,  0.        ,  0.32412399, ...,  0.90802928,
          0.90802928,  0.9270522 ],
        [ 0.        , -0.32412399,  0.        , ...,  0.72323125,
          0.72323125,  0.75548038],
        ...,
        [-0.72323125, -0.90802928, -0.72323125, ...,  0.        ,
          0.        ,  0.04789889],
        [-0.72323125, -0.90802928, -0.72323125, ...,  0.        ,
          0.        ,  0.04789889],
        [-0.75548038, -0.9270522 , -0.75548038, ..., -0.04789889,
         -0.04789889,  0.        ]],

       [[ 0.        , -0.89904957, -0.99999995, ..., -0.29313764,
         -0.71839079, -0.        ],
        [ 0.89904957,  0.        , -0.43756568, ..., -0.98790394,
         -0.93995977, -0.89904957],
        [ 0.99999995,  0.43756568,  0.        , ..., -0.95616187,
         -0.69586438, -0.99999995],
        ...,
        [ 0.29313764,  0.98790394,  0.95616187, ...,  0.        ,
          0.48291386, -0.29313764],
        [ 0.71839079,  0.93995977,  0.69586438, ..., -0.48291386,
          0.        , -0.71839079],
        [ 0.        ,  0.89904957,  0.99999995, ...,  0.29313764,
          0.71839079,  0.        ]],

       [[ 0.        , -0.03205046,  0.01064101, ...,  0.49724858,
          0.6571101 ,  0.84933017],
        [ 0.03205046,  0.        ,  0.04268419, ...,  0.52480037,
          0.68093198,  0.86581205],
        [-0.01064101, -0.04268419,  0.        , ...,  0.4879882 ,
          0.64905176,  0.8436651 ],
        ...,
        [-0.49724858, -0.52480037, -0.4879882 , ...,  0.        ,
          0.19529075,  0.47440713],
        [-0.6571101 , -0.68093198, -0.64905176, ..., -0.19529075,
          0.        ,  0.29335707],
        [-0.84933017, -0.86581205, -0.8436651 , ..., -0.47440713,
         -0.29335707,  0.        ]],

       ...,

       [[ 0.        , -0.30252029,  0.20638233, ..., -0.67421496,
         -0.63874052, -0.72869616],
        [ 0.30252029,  0.        ,  0.49271933, ..., -0.41920136,
         -0.37604519, -0.48737447],
        [-0.20638233, -0.49271933,  0.        , ..., -0.81212068,
         -0.7837845 , -0.85434665],
        ...,
        [ 0.67421496,  0.41920136,  0.81212068, ...,  0.        ,
          0.04702363, -0.07644029],
        [ 0.63874052,  0.37604519,  0.7837845 , ..., -0.04702363,
          0.        , -0.12324178],
        [ 0.72869616,  0.48737447,  0.85434665, ...,  0.07644029,
          0.12324178,  0.        ]],

       [[ 0.        ,  0.13976308,  0.33248638, ...,  0.87186842,
          0.92016996,  0.95456337],
        [-0.13976308,  0.        ,  0.19741133, ...,  0.79486341,
          0.85641854,  0.90354379],
        [-0.33248638, -0.19741133,  0.        , ...,  0.65943419,
          0.73764492,  0.8011728 ],
        ...,
        [-0.87186842, -0.79486341, -0.65943419, ...,  0.        ,
          0.10929103,  0.20766427],
        [-0.92016996, -0.85641854, -0.73764492, ..., -0.10929103,
          0.        ,  0.09951182],
        [-0.95456337, -0.90354379, -0.8011728 , ..., -0.20766427,
         -0.09951182,  0.        ]],

       [[ 0.        ,  0.26263575,  0.37067932, ...,  0.48546268,
          0.50533039,  0.45452042],
        [-0.26263575,  0.        ,  0.11374083, ...,  0.69803178,
          0.71422599,  0.6725037 ],
        [-0.37067932, -0.11374083,  0.        , ...,  0.7749479 ,
          0.78919992,  0.75231834],
        ...,
        [-0.48546268, -0.69803178, -0.7749479 , ...,  0.        ,
         -0.02287049,  0.0350514 ],
        [-0.50533039, -0.71422599, -0.78919992, ...,  0.02287049,
          0.        ,  0.05789866],
        [-0.45452042, -0.6725037 , -0.75231834, ..., -0.0350514 ,
         -0.05789866,  0.        ]]]), 'num': array([9.37046674e-01, 3.42491316e-01, 4.12885665e-06, 2.58502330e-03,
       2.62092640e-03, 2.55809597e-03, 6.77658831e-02, 8.97577533e-06,
       2.56527659e-03, 2.48225067e-03, 2.41104285e-03, 1.10471081e-06,
       2.62228139e-03, 2.34221994e-03])}
{'img': array([[[ 0.        ,  0.32412399,  0.12845177, ...,  0.90802928,
          0.9270522 ,  0.94456114],
        [-0.32412399,  0.        , -0.19992162, ...,  0.72323125,
          0.75548038,  0.7871472 ],
        [-0.12845177,  0.19992162,  0.        , ...,  0.84669764,
          0.87121156,  0.89456088],
        ...,
        [-0.90802928, -0.72323125, -0.84669764, ...,  0.        ,
          0.04789889,  0.09754467],
        [-0.9270522 , -0.75548038, -0.87121156, ..., -0.04789889,
          0.        ,  0.04976224],
        [-0.94456114, -0.7871472 , -0.89456088, ..., -0.09754467,
         -0.04976224,  0.        ]],

       [[ 0.        , -0.45818481, -0.72820905, ..., -0.95421667,
         -0.87114111, -0.95208357],
        [ 0.45818481,  0.        , -0.33325438, ..., -0.71111159,
         -0.99930358, -0.70613577],
        [ 0.72820905,  0.33325438,  0.        , ..., -0.43615807,
         -0.95461548, -0.42980131],
        ...,
        [ 0.95421667,  0.71111159,  0.43615807, ...,  0.        ,
         -0.72912412,  0.00705204],
        [ 0.87114111,  0.99930358,  0.95461548, ...,  0.72912412,
          0.        ,  0.73393227],
        [ 0.95208357,  0.70613577,  0.42980131, ..., -0.00705204,
         -0.73393227,  0.        ]],

       [[ 0.        ,  0.04268419, -0.04308862, ...,  0.68093198,
          0.86581205,  0.91803239],
        [-0.04268419,  0.        , -0.08569391, ...,  0.64905176,
          0.8436651 ,  0.90027119],
        [ 0.04308862,  0.08569391,  0.        , ...,  0.71185538,
          0.88656816,  0.93426464],
        ...,
        [-0.68093198, -0.64905176, -0.71185538, ...,  0.        ,
          0.29335707,  0.40232475],
        [-0.86581205, -0.8436651 , -0.88656816, ..., -0.29335707,
          0.        ,  0.11605612],
        [-0.91803239, -0.90027119, -0.93426464, ..., -0.40232475,
         -0.11605612,  0.        ]],

       ...,

       [[ 0.        ,  0.49271933,  0.65954568, ..., -0.37604519,
         -0.48737447,  0.        ],
        [-0.49271933,  0.        ,  0.20356931, ..., -0.7837845 ,
         -0.85434665, -0.49271933],
        [-0.65954568, -0.20356931,  0.        , ..., -0.89379571,
         -0.94225279, -0.65954568],
        ...,
        [ 0.37604519,  0.7837845 ,  0.89379571, ...,  0.        ,
         -0.12324178,  0.37604519],
        [ 0.48737447,  0.85434665,  0.94225279, ...,  0.12324178,
          0.        ,  0.48737447],
        [ 0.        ,  0.49271933,  0.65954568, ..., -0.37604519,
         -0.48737447,  0.        ]],

       [[ 0.        ,  0.19741133,  0.30308715, ...,  0.85641854,
          0.90354379,  0.94851684],
        [-0.19741133,  0.        ,  0.10899695, ...,  0.73764492,
          0.8011728 ,  0.8673253 ],
        [-0.30308715, -0.10899695,  0.        , ...,  0.65965656,
          0.73117209,  0.80790552],
        ...,
        [-0.85641854, -0.73764492, -0.65965656, ...,  0.        ,
          0.09951182,  0.21845172],
        [-0.90354379, -0.8011728 , -0.73117209, ..., -0.09951182,
          0.        ,  0.12025902],
        [-0.94851684, -0.8673253 , -0.80790552, ..., -0.21845172,
         -0.12025902,  0.        ]],

       [[ 0.        ,  0.26871301,  0.39921076, ...,  0.50948932,
          0.4583259 ,  0.47246653],
        [-0.26871301,  0.        ,  0.13815591, ...,  0.72197181,
          0.68029668,  0.69191918],
        [-0.39921076, -0.13815591,  0.        , ...,  0.81064163,
          0.77503253,  0.78502913],
        ...,
        [-0.50948932, -0.72197181, -0.81064163, ...,  0.        ,
          0.05844717,  0.04249114],
        [-0.4583259 , -0.68029668, -0.77503253, ..., -0.05844717,
          0.        , -0.01597589],
        [-0.47246653, -0.69191918, -0.78502913, ..., -0.04249114,
          0.01597589,  0.        ]]]), 'num': array([ 7.06786521e-01,  7.06786521e-01,  0.00000000e+00,  1.27677565e-03,
        1.32237478e-03,  1.27221574e-03,  2.98772525e-02, -3.64793043e-05,
        1.30139918e-03,  1.26104395e-03,  1.22654061e-03,  4.86390724e-07,
        1.33218298e-03,  1.18990492e-03])}
{'img': array([[[ 0.        , -0.19992162, -0.45231615, ...,  0.75548038,
          0.7871472 ,  0.52011157],
        [ 0.19992162,  0.        , -0.26488311, ...,  0.87121156,
          0.89456088,  0.68036423],
        [ 0.45231615,  0.26488311,  0.        , ...,  0.97012552,
          0.98099612,  0.85018796],
        ...,
        [-0.75548038, -0.87121156, -0.97012552, ...,  0.        ,
          0.04976224, -0.30449236],
        [-0.7871472 , -0.89456088, -0.98099612, ..., -0.04976224,
          0.        , -0.3515144 ],
        [-0.52011157, -0.68036423, -0.85018796, ...,  0.30449236,
          0.3515144 ,  0.        ]],

       [[ 0.        , -0.33325438, -0.46009344, ..., -0.99930358,
         -0.70613577, -0.81968072],
        [ 0.33325438,  0.        , -0.13790636, ..., -0.95461548,
         -0.42980131, -0.58193027],
        [ 0.46009344,  0.13790636,  0.        , ..., -0.90442021,
         -0.30117578, -0.4642193 ],
        ...,
        [ 0.99930358,  0.95461548,  0.90442021, ...,  0.        ,
          0.73393227,  0.60300751],
        [ 0.70613577,  0.42980131,  0.30117578, ..., -0.73393227,
          0.        , -0.17590747],
        [ 0.81968072,  0.58193027,  0.4642193 , ..., -0.60300751,
          0.17590747,  0.        ]],

       [[ 0.        , -0.08569391, -0.31736988, ...,  0.8436651 ,
          0.90027119,  0.88448783],
        [ 0.08569391,  0.        , -0.23493876, ...,  0.88656816,
          0.93426464,  0.92121588],
        [ 0.31736988,  0.23493876,  0.        , ...,  0.97043547,
          0.99188929,  0.98683456],
        ...,
        [-0.8436651 , -0.88656816, -0.97043547, ...,  0.        ,
          0.11605612,  0.08123168],
        [-0.90027119, -0.93426464, -0.99188929, ..., -0.11605612,
          0.        , -0.03498981],
        [-0.88448783, -0.92121588, -0.98683456, ..., -0.08123168,
          0.03498981,  0.        ]],

       ...,

       [[ 0.        ,  0.20356931, -0.42994712, ..., -0.85434665,
         -0.49271933, -0.83156039],
        [-0.20356931,  0.        , -0.60473764, ..., -0.94225279,
         -0.65954568, -0.92721735],
        [ 0.42994712,  0.60473764,  0.        , ..., -0.54790531,
         -0.0707187 , -0.51197028],
        ...,
        [ 0.85434665,  0.94225279,  0.54790531, ...,  0.        ,
          0.48737447,  0.04236859],
        [ 0.49271933,  0.65954568,  0.0707187 , ..., -0.48737447,
          0.        , -0.44994087],
        [ 0.83156039,  0.92721735,  0.51197028, ..., -0.04236859,
          0.44994087,  0.        ]],

       [[ 0.        ,  0.10899695,  0.15454507, ...,  0.8011728 ,
          0.8673253 ,  0.8673253 ],
        [-0.10899695,  0.        ,  0.04593687, ...,  0.73117209,
          0.80790552,  0.80790552],
        [-0.15454507, -0.04593687,  0.        , ...,  0.69906242,
          0.7799815 ,  0.7799815 ],
        ...,
        [-0.8011728 , -0.73117209, -0.69906242, ...,  0.        ,
          0.12025902,  0.12025902],
        [-0.8673253 , -0.80790552, -0.7799815 , ..., -0.12025902,
          0.        ,  0.        ],
        [-0.8673253 , -0.80790552, -0.7799815 , ..., -0.12025902,
          0.        ,  0.        ]],

       [[ 0.        ,  0.30369171,  0.4386897 , ...,  0.46234399,
          0.47658987,  0.47658987],
        [-0.30369171,  0.        ,  0.14506145, ...,  0.70979128,
          0.7210639 ,  0.7210639 ],
        [-0.4386897 , -0.14506145,  0.        , ...,  0.80446659,
          0.81394547,  0.81394547],
        ...,
        [-0.46234399, -0.70979128, -0.80446659, ...,  0.        ,
         -0.01613404, -0.01613404],
        [-0.47658987, -0.7210639 , -0.81394547, ...,  0.01613404,
          0.        ,  0.        ],
        [-0.47658987, -0.7210639 , -0.81394547, ...,  0.01613404,
          0.        ,  0.        ]]]), 'num': array([ 7.73273668e-01,  6.32870434e-01,  1.02111443e-06,  1.37650229e-03,
        1.40653507e-03,  1.36148590e-03,  3.88269451e-02, -2.50273144e-05,
        1.41754709e-03,  1.38476131e-03,  1.34713691e-03,  5.42965465e-07,
        1.46251695e-03,  1.30700566e-03])}
{'img': array([[[ 0.        , -0.26488311, -0.04203494, ...,  0.89456088,
          0.68036423,  0.5220483 ],
        [ 0.26488311,  0.        ,  0.22411552, ...,  0.98099612,
          0.85018796,  0.72932404],
        [ 0.04203494, -0.22411552,  0.        , ...,  0.91255757,
          0.7105692 ,  0.55743915],
        ...,
        [-0.89456088, -0.98099612, -0.91255757, ...,  0.        ,
         -0.3515144 , -0.52965776],
        [-0.68036423, -0.85018796, -0.7105692 , ...,  0.3515144 ,
          0.        , -0.19769778],
        [-0.5220483 , -0.72932404, -0.55743915, ...,  0.52965776,
          0.19769778,  0.        ]],

       [[ 0.        , -0.13790636,  0.13337629, ..., -0.42980131,
         -0.58193027, -0.39976504],
        [ 0.13790636,  0.        ,  0.26877614, ..., -0.30117578,
         -0.4642193 , -0.26953799],
        [-0.13337629, -0.26877614,  0.        , ..., -0.54638982,
         -0.68519776, -0.51844839],
        ...,
        [ 0.42980131,  0.30117578,  0.54638982, ...,  0.        ,
         -0.17590747,  0.03300622],
        [ 0.58193027,  0.4642193 ,  0.68519776, ...,  0.17590747,
          0.        ,  0.20830316],
        [ 0.39976504,  0.26953799,  0.51844839, ..., -0.03300622,
         -0.20830316,  0.        ]],

       [[ 0.        , -0.23493876, -0.30517399, ...,  0.93426464,
          0.92121588,  0.84197978],
        [ 0.23493876,  0.        , -0.07290084, ...,  0.99188929,
          0.98683456,  0.94516451],
        [ 0.30517399,  0.07290084,  0.        , ...,  0.99851611,
          0.99599925,  0.96645863],
        ...,
        [-0.93426464, -0.99188929, -0.99851611, ...,  0.        ,
         -0.03498981, -0.20381077],
        [-0.92121588, -0.98683456, -0.99599925, ...,  0.03498981,
          0.        , -0.16943058],
        [-0.84197978, -0.94516451, -0.96645863, ...,  0.20381077,
          0.16943058,  0.        ]],

       ...,

       [[ 0.        , -0.60473764, -0.58295606, ..., -0.65954568,
         -0.92721735, -0.90791172],
        [ 0.60473764,  0.        ,  0.02707092, ..., -0.0707187 ,
         -0.51197028, -0.46960067],
        [ 0.58295606, -0.02707092,  0.        , ..., -0.09769592,
         -0.53503665, -0.49332891],
        ...,
        [ 0.65954568,  0.0707187 ,  0.09769592, ...,  0.        ,
         -0.44994087, -0.40598888],
        [ 0.92721735,  0.51197028,  0.53503665, ...,  0.44994087,
          0.        ,  0.04861931],
        [ 0.90791172,  0.46960067,  0.49332891, ...,  0.40598888,
         -0.04861931,  0.        ]],

       [[ 0.        ,  0.04593687,  0.11697505, ...,  0.80790552,
          0.80790552,  0.80944708],
        [-0.04593687,  0.        ,  0.07123006, ...,  0.7799815 ,
          0.7799815 ,  0.78161878],
        [-0.11697505, -0.07123006,  0.        , ...,  0.73342432,
          0.73342432,  0.73520319],
        ...,
        [-0.80790552, -0.7799815 , -0.73342432, ...,  0.        ,
          0.        ,  0.00262057],
        [-0.80790552, -0.7799815 , -0.73342432, ...,  0.        ,
          0.        ,  0.00262057],
        [-0.80944708, -0.78161878, -0.73520319, ..., -0.00262057,
         -0.00262057,  0.        ]],

       [[ 0.        ,  0.32834166,  0.46679615, ...,  0.4819435 ,
          0.4819435 ,  0.46912016],
        [-0.32834166,  0.        ,  0.15054267, ...,  0.7429178 ,
          0.7429178 ,  0.73308148],
        [-0.46679615, -0.15054267,  0.        , ...,  0.8352218 ,
          0.8352218 ,  0.82711714],
        ...,
        [-0.4819435 , -0.7429178 , -0.8352218 , ...,  0.        ,
          0.        ,  0.0145767 ],
        [-0.4819435 , -0.7429178 , -0.8352218 , ...,  0.        ,
          0.        ,  0.0145767 ],
        [-0.46912016, -0.73308148, -0.82711714, ..., -0.0145767 ,
         -0.0145767 ,  0.        ]]]), 'num': array([7.44040531e-01, 6.67550783e-01, 5.48313603e-07, 1.34192540e-03,
       1.34673517e-03, 1.30344725e-03, 2.76675004e-02, 1.92390738e-05,
       1.35539275e-03, 1.33014146e-03, 1.29591195e-03, 5.77172214e-07,
       1.40443487e-03, 1.25584806e-03])}
{'img': array([[[ 0.        ,  0.22411552,  0.26488311, ...,  0.85018796,
          0.72932404,  0.82806117],
        [-0.22411552,  0.        ,  0.04203494, ...,  0.7105692 ,
          0.55743915,  0.68134982],
        [-0.26488311, -0.04203494,  0.        , ...,  0.68036423,
          0.5220483 ,  0.64997979],
        ...,
        [-0.85018796, -0.7105692 , -0.68036423, ...,  0.        ,
         -0.19769778, -0.04069043],
        [-0.72932404, -0.55743915, -0.5220483 , ...,  0.19769778,
          0.        ,  0.15764673],
        [-0.82806117, -0.68134982, -0.64997979, ...,  0.04069043,
         -0.15764673,  0.        ]],

       [[ 0.        ,  0.26877614, -0.08711019, ..., -0.4642193 ,
         -0.26953799, -0.61517768],
        [-0.26877614,  0.        , -0.35165921, ..., -0.68519776,
         -0.51844839, -0.8044408 ],
        [ 0.08711019,  0.35165921,  0.        , ..., -0.3852994 ,
         -0.18462717, -0.54416252],
        ...,
        [ 0.4642193 ,  0.68519776,  0.3852994 , ...,  0.        ,
          0.20830316, -0.1788902 ],
        [ 0.26953799,  0.51844839,  0.18462717, ..., -0.20830316,
          0.        , -0.37990915],
        [ 0.61517768,  0.8044408 ,  0.54416252, ...,  0.1788902 ,
          0.37990915,  0.        ]],

       [[ 0.        , -0.07290084, -0.03608235, ...,  0.98683456,
          0.94516451,  0.90976698],
        [ 0.07290084,  0.        ,  0.03686703, ...,  0.99599925,
          0.96645863,  0.93760882],
        [ 0.03608235, -0.03686703,  0.        , ...,  0.99202766,
          0.95633334,  0.92415304],
        ...,
        [-0.98683456, -0.99599925, -0.99202766, ...,  0.        ,
         -0.16943058, -0.26251473],
        [-0.94516451, -0.96645863, -0.95633334, ...,  0.16943058,
          0.        , -0.09523102],
        [-0.90976698, -0.93760882, -0.92415304, ...,  0.26251473,
          0.09523102,  0.        ]],

       ...,

       [[ 0.        ,  0.02707092,  0.33205594, ..., -0.51197028,
         -0.46960067, -0.16424064],
        [-0.02707092,  0.        ,  0.30639934, ..., -0.53503665,
         -0.49332891, -0.19088375],
        [-0.33205594, -0.30639934,  0.        , ..., -0.76815803,
         -0.73612058, -0.48246829],
        ...,
        [ 0.51197028,  0.53503665,  0.76815803, ...,  0.        ,
          0.04861931,  0.36393465],
        [ 0.46960067,  0.49332891,  0.73612058, ..., -0.04861931,
          0.        ,  0.31821904],
        [ 0.16424064,  0.19088375,  0.48246829, ..., -0.36393465,
         -0.31821904,  0.        ]],

       [[ 0.        ,  0.07123006,  0.14504896, ...,  0.7799815 ,
          0.78161878,  0.77232373],
        [-0.07123006,  0.        ,  0.07420375, ...,  0.73342432,
          0.73520319,  0.72511454],
        [-0.14504896, -0.07420375,  0.        , ...,  0.68096077,
          0.68287753,  0.67201667],
        ...,
        [-0.7799815 , -0.73342432, -0.68096077, ...,  0.        ,
          0.00262057, -0.0121448 ],
        [-0.78161878, -0.73520319, -0.68287753, ..., -0.00262057,
          0.        , -0.01476514],
        [-0.77232373, -0.72511454, -0.67201667, ...,  0.0121448 ,
          0.01476514,  0.        ]],

       [[ 0.        ,  0.34639234,  0.45265817, ...,  0.48830556,
          0.47533958,  0.47630371],
        [-0.34639234,  0.        ,  0.11576143, ...,  0.76036158,
          0.750668  ,  0.75139177],
        [-0.45265817, -0.11576143,  0.        , ...,  0.83043676,
          0.82210251,  0.82272611],
        ...,
        [-0.48830556, -0.76036158, -0.83043676, ...,  0.        ,
          0.01479652,  0.01370046],
        [-0.47533958, -0.750668  , -0.82210251, ..., -0.01479652,
          0.        , -0.00109617],
        [-0.47630371, -0.75139177, -0.82272611, ..., -0.01370046,
          0.00109617,  0.        ]]]), 'num': array([ 7.32357802e-01,  6.80400669e-01,  3.79249149e-07,  1.29892834e-03,
        1.31789079e-03,  1.29418772e-03,  2.63312969e-02, -2.37030718e-05,
        1.32357953e-03,  1.30959472e-03,  1.27878073e-03,  5.33319116e-07,
        1.38259864e-03,  1.23659080e-03])}
{'img': array([[[ 0.        ,  0.04203494,  0.04203494, ...,  0.55743915,
          0.68134982,  0.52480043],
        [-0.04203494,  0.        ,  0.        , ...,  0.5220483 ,
          0.64997979,  0.48855537],
        [-0.04203494,  0.        ,  0.        , ...,  0.5220483 ,
          0.64997979,  0.48855537],
        ...,
        [-0.55743915, -0.5220483 , -0.5220483 , ...,  0.        ,
          0.15764673, -0.03880766],
        [-0.68134982, -0.64997979, -0.64997979, ..., -0.15764673,
          0.        , -0.19585036],
        [-0.52480043, -0.48855537, -0.48855537, ...,  0.03880766,
          0.19585036,  0.        ]],

       [[ 0.        , -0.35165921, -0.2497937 , ..., -0.51844839,
         -0.8044408 , -0.83600895],
        [ 0.35165921,  0.        ,  0.10667239, ..., -0.18462717,
         -0.54416252, -0.5896505 ],
        [ 0.2497937 , -0.10667239,  0.        , ..., -0.28841227,
         -0.63055363, -0.67244095],
        ...,
        [ 0.51844839,  0.18462717,  0.28841227, ...,  0.        ,
         -0.37990915, -0.43039789],
        [ 0.8044408 ,  0.54416252,  0.63055363, ...,  0.37990915,
          0.        , -0.05520737],
        [ 0.83600895,  0.5896505 ,  0.67244095, ...,  0.43039789,
          0.05520737,  0.        ]],

       [[ 0.        ,  0.03686703, -0.02506949, ...,  0.96645863,
          0.93760882,  0.86955252],
        [-0.03686703,  0.        , -0.06190789, ...,  0.95633334,
          0.92415304,  0.85075495],
        [ 0.02506949,  0.06190789,  0.        , ...,  0.97259329,
          0.9460306 ,  0.88165956],
        ...,
        [-0.96645863, -0.95633334, -0.97259329, ...,  0.        ,
         -0.09523102, -0.25395589],
        [-0.93760882, -0.92415304, -0.9460306 , ...,  0.09523102,
          0.        , -0.16069276],
        [-0.86955252, -0.85075495, -0.88165956, ...,  0.25395589,
          0.16069276,  0.        ]],

       ...,

       [[ 0.        ,  0.30639934,  0.27317621, ..., -0.49332891,
         -0.19088375, -0.39515649],
        [-0.30639934,  0.        , -0.03470786, ..., -0.73612058,
         -0.48246829, -0.65761334],
        [-0.27317621,  0.03470786,  0.        , ..., -0.71218503,
         -0.45177652, -0.63106976],
        ...,
        [ 0.49332891,  0.73612058,  0.71218503, ...,  0.        ,
          0.31821904,  0.10945471],
        [ 0.19088375,  0.48246829,  0.45177652, ..., -0.31821904,
          0.        , -0.21254216],
        [ 0.39515649,  0.65761334,  0.63106976, ..., -0.10945471,
          0.21254216,  0.        ]],

       [[ 0.        ,  0.07420375,  0.13182443, ...,  0.73520319,
          0.72511454,  0.70633678],
        [-0.07420375,  0.        ,  0.05790482, ...,  0.68287753,
          0.67201667,  0.65186243],
        [-0.13182443, -0.05790482,  0.        , ...,  0.63943036,
          0.6280085 ,  0.60685729],
        ...,
        [-0.73520319, -0.68287753, -0.63943036, ...,  0.        ,
         -0.01476514, -0.04164454],
        [-0.72511454, -0.67201667, -0.6280085 , ...,  0.01476514,
          0.        , -0.02688767],
        [-0.70633678, -0.65186243, -0.60685729, ...,  0.04164454,
          0.02688767,  0.        ]],

       [[ 0.        ,  0.30574943,  0.46557645, ...,  0.48237862,
          0.48335474,  0.50306028],
        [-0.30574943,  0.        ,  0.17269034, ...,  0.72710361,
          0.72786842,  0.74321408],
        [-0.46557645, -0.17269034,  0.        , ...,  0.83473644,
          0.83534972,  0.84758727],
        ...,
        [-0.48237862, -0.72710361, -0.83473644, ...,  0.        ,
         -0.00111468, -0.02376574],
        [-0.48335474, -0.72786842, -0.83534972, ...,  0.00111468,
          0.        , -0.02265136],
        [-0.50306028, -0.74321408, -0.84758727, ...,  0.02376574,
          0.02265136,  0.        ]]]), 'num': array([7.10730636e-01, 7.03139157e-01, 5.52107608e-08, 1.26524660e-03,
       1.27904929e-03, 1.25144391e-03, 2.10827811e-02, 4.60089674e-06,
       1.27260804e-03, 1.26892732e-03, 1.24224212e-03, 4.97801942e-07,
       1.33788554e-03, 1.19996910e-03])}
{'img': array([[[ 0.        ,  0.        ,  0.08193245, ...,  0.64997979,
          0.48855537,  0.5220483 ],
        [ 0.        ,  0.        ,  0.08193245, ...,  0.64997979,
          0.48855537,  0.5220483 ],
        [-0.08193245, -0.08193245,  0.        , ...,  0.58552979,
          0.41542403,  0.45041162],
        ...,
        [-0.64997979, -0.64997979, -0.58552979, ...,  0.        ,
         -0.19585036, -0.15764673],
        [-0.48855537, -0.48855537, -0.41542403, ...,  0.19585036,
          0.        ,  0.03880766],
        [-0.5220483 , -0.5220483 , -0.45041162, ...,  0.15764673,
         -0.03880766,  0.        ]],

       [[ 0.        ,  0.10369202, -0.44179712, ..., -0.51458455,
         -0.55498122, -0.87709015],
        [-0.10369202,  0.        , -0.53243926, ..., -0.60072031,
         -0.63824711, -0.92216811],
        [ 0.44179712,  0.53243926,  0.        , ..., -0.08282715,
         -0.13036735, -0.57464417],
        ...,
        [ 0.51458455,  0.60072031,  0.08282715, ...,  0.        ,
         -0.04779911, -0.50488364],
        [ 0.55498122,  0.63824711,  0.13036735, ...,  0.04779911,
          0.        , -0.46304695],
        [ 0.87709015,  0.92216811,  0.57464417, ...,  0.50488364,
          0.46304695,  0.        ]],

       [[ 0.        , -0.06190789, -0.03686703, ...,  0.92415304,
          0.85075495,  0.76357286],
        [ 0.06190789,  0.        ,  0.02506949, ...,  0.9460306 ,
          0.88165956,  0.80208349],
        [ 0.03686703, -0.02506949,  0.        , ...,  0.93760882,
          0.86955252,  0.78685961],
        ...,
        [-0.92415304, -0.9460306 , -0.93760882, ...,  0.        ,
         -0.16069276, -0.30504368],
        [-0.85075495, -0.88165956, -0.86955252, ...,  0.16069276,
          0.        , -0.1480456 ],
        [-0.76357286, -0.80208349, -0.78685961, ...,  0.30504368,
          0.1480456 ,  0.        ]],

       ...,

       [[ 0.        , -0.03470786, -0.13430559, ..., -0.48246829,
         -0.65761334, -0.74117195],
        [ 0.03470786,  0.        , -0.09983126, ..., -0.45177652,
         -0.63106976, -0.71742547],
        [ 0.13430559,  0.09983126,  0.        , ..., -0.36045704,
         -0.55047547, -0.64429551],
        ...,
        [ 0.48246829,  0.45177652,  0.36045704, ...,  0.        ,
         -0.21254216, -0.32531415],
        [ 0.65761334,  0.63106976,  0.55047547, ...,  0.21254216,
          0.        , -0.1169002 ],
        [ 0.74117195,  0.71742547,  0.64429551, ...,  0.32531415,
          0.1169002 ,  0.        ]],

       [[ 0.        ,  0.05790482,  0.0926087 , ...,  0.67201667,
          0.65186243,  0.60121942],
        [-0.05790482,  0.        ,  0.03479734, ...,  0.6280085 ,
          0.60685729,  0.55393982],
        [-0.0926087 , -0.03479734,  0.        , ...,  0.60054865,
          0.57883247,  0.52463359],
        ...,
        [-0.67201667, -0.6280085 , -0.60054865, ...,  0.        ,
         -0.02688767, -0.09177313],
        [-0.65186243, -0.60685729, -0.57883247, ...,  0.02688767,
          0.        , -0.06496575],
        [-0.60121942, -0.55393982, -0.52463359, ...,  0.09177313,
          0.06496575,  0.        ]],

       [[ 0.        ,  0.36438219,  0.57927761, ...,  0.48884872,
          0.50873829,  0.51165742],
        [-0.36438219,  0.        ,  0.242433  , ...,  0.7731157 ,
          0.78746664,  0.78955408],
        [-0.57927761, -0.242433  ,  0.        , ...,  0.903819  ,
          0.91340039,  0.91477675],
        ...,
        [-0.48884872, -0.7731157 , -0.903819  , ...,  0.        ,
         -0.02294705, -0.02634013],
        [-0.50873829, -0.78746664, -0.91340039, ...,  0.02294705,
          0.        , -0.00339411],
        [-0.51165742, -0.78955408, -0.91477675, ...,  0.02634013,
          0.00339411,  0.        ]]]), 'num': array([7.08245094e-01, 7.05723421e-01, 1.83394410e-08, 1.26083657e-03,
       1.27459115e-03, 1.26083657e-03, 1.81824278e-02, 0.00000000e+00,
       1.26358748e-03, 1.26427521e-03, 1.23898207e-03, 5.50183229e-07,
       1.33300990e-03, 1.19554053e-03])}
{'img': array([[[ 0.        ,  0.08193245, -0.17294523, ...,  0.48855537,
          0.5220483 ,  0.5220483 ],
        [-0.08193245,  0.        , -0.25306162, ...,  0.41542403,
          0.45041162,  0.45041162],
        [ 0.17294523,  0.25306162,  0.        , ...,  0.63209395,
          0.66168953,  0.66168953],
        ...,
        [-0.48855537, -0.41542403, -0.63209395, ...,  0.        ,
          0.03880766,  0.03880766],
        [-0.5220483 , -0.45041162, -0.66168953, ..., -0.03880766,
          0.        ,  0.        ],
        [-0.5220483 , -0.45041162, -0.66168953, ..., -0.03880766,
          0.        ,  0.        ]],

       [[ 0.        , -0.48861095, -0.24761812, ..., -0.57881545,
         -0.75139638, -0.94095264],
        [ 0.48861095,  0.        ,  0.25734724, ..., -0.10657552,
         -0.3331842 , -0.65556937],
        [ 0.24761812, -0.25734724,  0.        , ..., -0.3588675 ,
         -0.5646051 , -0.82782103],
        ...,
        [ 0.57881545,  0.10657552,  0.3588675 , ...,  0.        ,
         -0.23080061, -0.57135674],
        [ 0.75139638,  0.3331842 ,  0.5646051 , ...,  0.23080061,
          0.        , -0.36651224],
        [ 0.94095264,  0.65556937,  0.82782103, ...,  0.57135674,
          0.36651224,  0.        ]],

       [[ 0.        ,  0.02506949,  0.0497274 , ...,  0.88165956,
          0.80208349,  0.76806624],
        [-0.02506949,  0.        ,  0.02467329, ...,  0.86955252,
          0.78685961,  0.75177108],
        [-0.0497274 , -0.02467329,  0.        , ...,  0.85710313,
          0.77139338,  0.73527205],
        ...,
        [-0.88165956, -0.86955252, -0.85710313, ...,  0.        ,
         -0.1480456 , -0.20214896],
        [-0.80208349, -0.78685961, -0.77139338, ...,  0.1480456 ,
          0.        , -0.05493222],
        [-0.76806624, -0.75177108, -0.73527205, ...,  0.20214896,
          0.05493222,  0.        ]],

       ...,

       [[ 0.        , -0.09983126, -0.74547315, ..., -0.63106976,
         -0.71742547, -0.45177652],
        [ 0.09983126,  0.        , -0.67520796, ..., -0.55047547,
         -0.64429551, -0.36045704],
        [ 0.74547315,  0.67520796,  0.        , ...,  0.15765246,
          0.04113323,  0.36393465],
        ...,
        [ 0.63106976,  0.55047547, -0.15765246, ...,  0.        ,
         -0.1169002 ,  0.21254216],
        [ 0.71742547,  0.64429551, -0.04113323, ...,  0.1169002 ,
          0.        ,  0.32531415],
        [ 0.45177652,  0.36045704, -0.36393465, ..., -0.21254216,
         -0.32531415,  0.        ]],

       [[ 0.        ,  0.03479734, -0.05576714, ...,  0.60685729,
          0.55393982,  0.55108132],
        [-0.03479734,  0.        , -0.09047656, ...,  0.57883247,
          0.52463359,  0.52171089],
        [ 0.05576714,  0.09047656,  0.        , ...,  0.65023723,
          0.59950709,  0.59675871],
        ...,
        [-0.60685729, -0.57883247, -0.65023723, ...,  0.        ,
         -0.06496575, -0.06838761],
        [-0.55393982, -0.52463359, -0.59950709, ...,  0.06496575,
          0.        , -0.00342949],
        [-0.55108132, -0.52171089, -0.59675871, ...,  0.06838761,
          0.00342949,  0.        ]],

       [[ 0.        ,  0.47544192,  0.74634094, ...,  0.51702522,
          0.51998261,  0.52408623],
        [-0.47544192,  0.        ,  0.34015435, ...,  0.86181554,
          0.86356468,  0.86598069],
        [-0.74634094, -0.34015435,  0.        , ...,  0.98295886,
          0.98358876,  0.98444545],
        ...,
        [-0.51702522, -0.86181554, -0.98295886, ...,  0.        ,
         -0.00345863, -0.00826979],
        [-0.51998261, -0.86356468, -0.98358876, ...,  0.00345863,
          0.        , -0.00481123],
        [-0.52408623, -0.86598069, -0.98444545, ...,  0.00826979,
          0.00481123,  0.        ]]]), 'num': array([8.65217530e-01, 5.00923899e-01, 2.63980892e-06, 1.54361708e-03,
       1.55480271e-03, 1.53243145e-03, 2.13285599e-02, 5.59281551e-06,
       1.54249852e-03, 1.54221888e-03, 1.51276338e-03, 6.36045685e-07,
       1.62606449e-03, 1.45837326e-03])}
{'img': array([[[ 0.        , -0.25306162,  0.27086903, ...,  0.45041162,
          0.45041162,  0.48492719],
        [ 0.25306162,  0.        ,  0.5056535 , ...,  0.66168953,
          0.66168953,  0.69045907],
        [-0.27086903, -0.5056535 ,  0.        , ...,  0.19173597,
          0.19173597,  0.22990904],
        ...,
        [-0.45041162, -0.66168953, -0.19173597, ...,  0.        ,
          0.        ,  0.03904367],
        [-0.45041162, -0.66168953, -0.19173597, ...,  0.        ,
          0.        ,  0.03904367],
        [-0.48492719, -0.69045907, -0.22990904, ..., -0.03904367,
         -0.03904367,  0.        ]],

       [[ 0.        ,  0.25102546,  0.50989365, ..., -0.3142091 ,
         -0.52492438, -0.67239797],
        [-0.25102546,  0.        ,  0.2776256 , ..., -0.54246025,
         -0.72177659, -0.8366746 ],
        [-0.50989365, -0.2776256 ,  0.        , ..., -0.75436391,
         -0.88555501, -0.95584   ],
        ...,
        [ 0.3142091 ,  0.54246025,  0.75436391, ...,  0.        ,
         -0.23090024, -0.40576919],
        [ 0.52492438,  0.72177659,  0.88555501, ...,  0.23090024,
          0.        , -0.18376708],
        [ 0.67239797,  0.8366746 ,  0.95584   , ...,  0.40576919,
          0.18376708,  0.        ]],

       [[ 0.        ,  0.02467329,  0.14265972, ...,  0.78685961,
          0.75177108,  0.75892485],
        [-0.02467329,  0.        ,  0.11819536, ...,  0.77139338,
          0.73527205,  0.74262709],
        [-0.14265972, -0.11819536,  0.        , ...,  0.69077156,
          0.65000855,  0.65826551],
        ...,
        [-0.78685961, -0.77139338, -0.69077156, ...,  0.        ,
         -0.05493222, -0.044029  ],
        [-0.75177108, -0.73527205, -0.65000855, ...,  0.05493222,
          0.        ,  0.01091643],
        [-0.75892485, -0.74262709, -0.65826551, ...,  0.044029  ,
         -0.01091643,  0.        ]],

       ...,

       [[ 0.        , -0.67520796, -0.5756149 , ..., -0.64429551,
         -0.36045704, -0.52183163],
        [ 0.67520796,  0.        ,  0.12754233, ...,  0.04113323,
          0.36393465,  0.19106781],
        [ 0.5756149 , -0.12754233,  0.        , ..., -0.08663709,
          0.24216639,  0.06431478],
        ...,
        [ 0.64429551, -0.04113323,  0.08663709, ...,  0.        ,
          0.32531415,  0.15053068],
        [ 0.36045704, -0.36393465, -0.24216639, ..., -0.32531415,
          0.        , -0.17926459],
        [ 0.52183163, -0.19106781, -0.06431478, ..., -0.15053068,
          0.17926459,  0.        ]],

       [[ 0.        , -0.09047656, -0.0576433 , ...,  0.52463359,
          0.52171089,  0.52171089],
        [ 0.09047656,  0.        ,  0.03291924, ...,  0.59950709,
          0.59675871,  0.59675871],
        [ 0.0576433 , -0.03291924,  0.        , ...,  0.57283461,
          0.57002019,  0.57002019],
        ...,
        [-0.52463359, -0.59950709, -0.57283461, ...,  0.        ,
         -0.00342949, -0.00342949],
        [-0.52171089, -0.59675871, -0.57002019, ...,  0.00342949,
          0.        ,  0.        ],
        [-0.52171089, -0.59675871, -0.57002019, ...,  0.00342949,
          0.        ,  0.        ]],

       [[ 0.        ,  0.6354831 ,  0.79414078, ...,  0.53500623,
          0.53920305,  0.53920305],
        [-0.6354831 ,  0.        ,  0.22696325, ...,  0.94997291,
          0.95151513,  0.95151513],
        [-0.79414078, -0.22696325,  0.        , ...,  0.99606973,
          0.99649808,  0.99649808],
        ...,
        [-0.53500623, -0.94997291, -0.99606973, ...,  0.        ,
         -0.00497539, -0.00497539],
        [-0.53920305, -0.95151513, -0.99649808, ...,  0.00497539,
          0.        ,  0.        ],
        [-0.53920305, -0.95151513, -0.99649808, ...,  0.00497539,
          0.        ,  0.        ]]]), 'num': array([8.65491350e-01, 5.00319183e-01, 2.63662214e-06, 1.54733969e-03,
       1.54733969e-03, 1.52499543e-03, 2.42181788e-02, 5.58606386e-06,
       1.53840199e-03, 1.54231223e-03, 1.51224059e-03, 6.98257982e-07,
       1.62478191e-03, 1.45984255e-03])}
{'img': array([[[ 0.        ,  0.5056535 ,  0.04499633, ...,  0.66168953,
          0.69045907,  0.71838537],
        [-0.5056535 ,  0.        , -0.46632137, ...,  0.19173597,
          0.22990904,  0.26802188],
        [-0.04499633,  0.46632137,  0.        , ...,  0.62728208,
          0.65721069,  0.68635627],
        ...,
        [-0.66168953, -0.19173597, -0.62728208, ...,  0.        ,
          0.03904367,  0.07832826],
        [-0.69045907, -0.22990904, -0.65721069, ..., -0.03904367,
          0.        ,  0.03934483],
        [-0.71838537, -0.26802188, -0.68635627, ..., -0.07832826,
         -0.03934483,  0.        ]],

       [[ 0.        ,  0.2776256 ,  0.52790329, ..., -0.72177659,
         -0.8366746 , -0.60338133],
