state_0,state_1,state_2,state_3,state_4,state_5,state_6,state_7,state_8,state_9,state_10,state_11,state_12,state_13,state_14,state_15,state_16,state_17,state_18,state_19,state_20,state_21,state_22,state_23,state_24,state_25,state_26,state_27,state_28,state_29,state_30,state_31,state_32,state_33,state_34,state_35,state_36,state_37,state_38,state_39,state_40,state_41,state_42,state_43,state_44,state_45,state_46,state_47,state_48,state_49,state_50,state_51,state_52,state_53,state_54,state_55,state_56,state_57,state_58,state_59,state_60,state_61,state_62,state_63,state_64,state_65,state_66,state_67,state_68,state_69,state_70,state_71,state_72,state_73,state_74,state_75,state_76,state_77,state_78,state_79,state_80,state_81,state_82,state_83,state_84,state_85,state_86,state_87,state_88,state_89,state_90,state_91,state_92,state_93,state_94,state_95,state_96,state_97,state_98,state_99,state_100,state_101,state_102,state_103,state_104,state_105,state_106,state_107,state_108,state_109,state_110,state_111,state_112,state_113,state_114,state_115,state_116,state_117,state_118,state_119,state_120,state_121,state_122,state_123,state_124,state_125,state_126,state_127,state_128,state_129,state_130,state_131,state_132,state_133,state_134,state_135,state_136,state_137,state_138,state_139,state_140,state_141,state_142,state_143,state_144,state_145,state_146,state_147,state_148,state_149,state_150,state_151,state_152,state_153,state_154,state_155,state_156,state_157,state_158,state_159,state_160,state_161,state_162,state_163,state_164,state_165,state_166,state_167,state_168,state_169,state_170,state_171,state_172,state_173,state_174,state_175,state_176,state_177,state_178,state_179,state_180,state_181,state_182,state_183,state_184,state_185,state_186,state_187,state_188,state_189,state_190,state_191,state_192,state_193,state_194,state_195,state_196,state_197,state_198,state_199,state_200,state_201,state_202,state_203,state_204,state_205,state_206,state_207,state_208,state_209,state_210,state_211,state_212,state_213,state_214,state_215,state_216,state_217,state_218,state_219,state_220,state_221,state_222,state_223,state_224,state_225,state_226,state_227,state_228,state_229,state_230,state_231,state_232,state_233,state_234,state_235,state_236,state_237,state_238,state_239,state_240,state_241,state_242,state_243,state_244,state_245,state_246,state_247,state_248,state_249,state_250,state_251,state_252,state_253,state_254,state_255,state_256,state_257,state_258,state_259,state_260,state_261,state_262,state_263,state_264,state_265,state_266,state_267,state_268,state_269,state_270,state_271,state_272,state_273,state_274,state_275,state_276,state_277,state_278,state_279,state_280,state_281,state_282,state_283,state_284,state_285,state_286,state_287
{'img': array([[[ 0.        , -0.02783297, -0.09805228, ..., -0.74047229,
         -0.85068581, -0.64759314],
        [ 0.02783297,  0.        , -0.07031544, ..., -0.72147924,
         -0.83572516, -0.62613392],
        [ 0.09805228,  0.07031544,  0.        , ..., -0.6710045 ,
         -0.795043  , -0.56975807],
        ...,
        [ 0.74047229,  0.72147924,  0.6710045 , ...,  0.        ,
         -0.1824874 ,  0.12899087],
        [ 0.85068581,  0.83572516,  0.795043  , ...,  0.1824874 ,
          0.        ,  0.30778774],
        [ 0.64759314,  0.62613392,  0.56975807, ..., -0.12899087,
         -0.30778774,  0.        ]],

       [[ 0.        ,  0.30265755,  0.30405031, ...,  0.43491579,
          0.07130131,  0.58257933],
        [-0.30265755,  0.        ,  0.00146163, ...,  0.14198358,
         -0.23393   ,  0.30926385],
        [-0.30405031, -0.00146163,  0.        , ...,  0.1405366 ,
         -0.23535083,  0.30787354],
        ...,
        [-0.43491579, -0.14198358, -0.1405366 , ...,  0.        ,
         -0.36960408,  0.17110769],
        [-0.07130131,  0.23393   ,  0.23535083, ...,  0.36960408,
          0.        ,  0.52314472],
        [-0.58257933, -0.30926385, -0.30787354, ..., -0.17110769,
         -0.52314472,  0.        ]],

       [[ 0.        , -0.06117938, -0.11282389, ..., -0.99909347,
         -0.97743605, -0.95628998],
        [ 0.06117938,  0.        , -0.05182379, ..., -0.99461754,
         -0.96268209, -0.93660857],
        [ 0.11282389,  0.05182379,  0.        , ..., -0.98791132,
         -0.94736316, -0.91719211],
        ...,
        [ 0.99909347,  0.99461754,  0.98791132, ...,  0.        ,
          0.16943032,  0.2514454 ],
        [ 0.97743605,  0.96268209,  0.94736316, ..., -0.16943032,
          0.        ,  0.08382326],
        [ 0.95628998,  0.93660857,  0.91719211, ..., -0.2514454 ,
         -0.08382326,  0.        ]],

       ...,

       [[ 0.        ,  0.09152258, -0.45602225, ...,  0.00840637,
         -0.08162986, -0.12053549],
        [-0.09152258,  0.        , -0.53556053, ..., -0.08314826,
         -0.1725044 , -0.21088489],
        [ 0.45602225,  0.53556053,  0.        , ...,  0.46348754,
          0.38185238,  0.34542463],
        ...,
        [-0.00840637,  0.08314826, -0.46348754, ...,  0.        ,
         -0.09000529, -0.12887631],
        [ 0.08162986,  0.1725044 , -0.38185238, ...,  0.09000529,
          0.        , -0.03909853],
        [ 0.12053549,  0.21088489, -0.34542463, ...,  0.12887631,
          0.03909853,  0.        ]],

       [[ 0.        ,  0.01665744,  0.0229198 , ..., -0.99180442,
         -0.98282736, -0.91406679],
        [-0.01665744,  0.        ,  0.00626356, ..., -0.98953856,
         -0.97961724, -0.90718431],
        [-0.0229198 , -0.00626356,  0.        , ..., -0.98861552,
         -0.97833984, -0.90453123],
        ...,
        [ 0.99180442,  0.98953856,  0.98861552, ...,  0.        ,
         -0.05744382, -0.28545375],
        [ 0.98282736,  0.97961724,  0.97833984, ...,  0.05744382,
          0.        , -0.22992867],
        [ 0.91406679,  0.90718431,  0.90453123, ...,  0.28545375,
          0.22992867,  0.        ]],

       [[ 0.        , -0.18786658, -0.37491686, ..., -0.8342297 ,
         -0.66597701, -0.53968425],
        [ 0.18786658,  0.        , -0.194078  , ..., -0.92296871,
         -0.79426225, -0.68823371],
        [ 0.37491686,  0.194078  ,  0.        , ..., -0.98011525,
         -0.89707718, -0.81594916],
        ...,
        [ 0.8342297 ,  0.92296871,  0.98011525, ...,  0.        ,
         -0.25508112, -0.40471976],
        [ 0.66597701,  0.79426225,  0.89707718, ...,  0.25508112,
          0.        , -0.15807492],
        [ 0.53968425,  0.68823371,  0.81594916, ...,  0.40471976,
          0.15807492,  0.        ]]]), 'num': array([9.98463837e-01, 5.54026604e-02, 1.12135696e-05, 2.49091706e-04,
       2.50572632e-04, 2.44945114e-04, 9.29251272e-05, 3.25803659e-06,
       2.42694107e-04, 2.48336434e-04, 2.71009407e-04, 1.22278271e-07,
       2.63494026e-04, 2.33178843e-04])}
{'img': array([[[ 0.        , -0.07031544, -0.12735262, ..., -0.83572516,
         -0.62613392, -0.53558008],
        [ 0.07031544,  0.        , -0.0572945 , ..., -0.795043  ,
         -0.56975807, -0.47487412],
        [ 0.12735262,  0.0572945 ,  0.        , ..., -0.75898484,
         -0.52173681, -0.42367181],
        ...,
        [ 0.83572516,  0.795043  ,  0.75898484, ...,  0.        ,
          0.30778774,  0.4116442 ],
        [ 0.62613392,  0.56975807,  0.52173681, ..., -0.30778774,
          0.        ,  0.11116024],
        [ 0.53558008,  0.47487412,  0.42367181, ..., -0.4116442 ,
         -0.11116024,  0.        ]],

       [[ 0.        ,  0.0014163 , -0.11421785, ..., -0.22268283,
          0.30297041, -0.58012625],
        [-0.0014163 ,  0.        , -0.11562476, ..., -0.22406334,
          0.30162038, -0.58127927],
        [ 0.11421785,  0.11562476,  0.        , ..., -0.10987559,
          0.4098373 , -0.48329627],
        ...,
        [ 0.22268283,  0.22406334,  0.10987559, ...,  0.        ,
          0.50757984, -0.38417874],
        [-0.30297041, -0.30162038, -0.4098373 , ..., -0.50757984,
          0.        , -0.79963774],
        [ 0.58012625,  0.58127927,  0.48329627, ...,  0.38417874,
          0.79963774,  0.        ]],

       [[ 0.        , -0.05182379, -0.0713306 , ..., -0.96268209,
         -0.93660857, -0.84659862],
        [ 0.05182379,  0.        , -0.01954296, ..., -0.94736316,
         -0.91719211, -0.81787873],
        [ 0.0713306 ,  0.01954296,  0.        , ..., -0.94092534,
         -0.90923014, -0.80647769],
        ...,
        [ 0.96268209,  0.94736316,  0.94092534, ...,  0.        ,
          0.08382326,  0.28325106],
        [ 0.93660857,  0.91719211,  0.90923014, ..., -0.08382326,
          0.        ,  0.20186385],
        [ 0.84659862,  0.81787873,  0.80647769, ..., -0.28325106,
         -0.20186385,  0.        ]],

       ...,

       [[ 0.        , -0.53556053, -0.68267116, ..., -0.1725044 ,
         -0.21088489, -0.22067218],
        [ 0.53556053,  0.        , -0.18516579, ...,  0.38185238,
          0.34542463,  0.33600095],
        [ 0.68267116,  0.18516579,  0.        , ...,  0.54638366,
          0.51321948,  0.50459114],
        ...,
        [ 0.1725044 , -0.38185238, -0.54638366, ...,  0.        ,
         -0.03909853, -0.0491122 ],
        [ 0.21088489, -0.34542463, -0.51321948, ...,  0.03909853,
          0.        , -0.01002329],
        [ 0.22067218, -0.33600095, -0.50459114, ...,  0.0491122 ,
          0.01002329,  0.        ]],

       [[ 0.        ,  0.00621141,  0.00168016, ..., -0.99236419,
         -0.97510527, -0.90396641],
        [-0.00621141,  0.        , -0.00453127, ..., -0.99157891,
         -0.97370913, -0.90129296],
        [-0.00168016,  0.00453127,  0.        , ..., -0.99215555,
         -0.97473133, -0.90324669],
        ...,
        [ 0.99236419,  0.99157891,  0.99215555, ...,  0.        ,
         -0.09977752, -0.31284107],
        [ 0.97510527,  0.97370913,  0.97473133, ...,  0.09977752,
          0.        , -0.21651068],
        [ 0.90396641,  0.90129296,  0.90324669, ...,  0.31284107,
          0.21651068,  0.        ]],

       [[ 0.        , -0.194078  , -0.36551274, ..., -0.79426225,
         -0.68823371, -0.73628198],
        [ 0.194078  ,  0.        , -0.17791389, ..., -0.89707718,
         -0.81594916, -0.85361009],
        [ 0.36551274,  0.17791389,  0.        , ..., -0.96138077,
         -0.90578779, -0.93266921],
        ...,
        [ 0.79426225,  0.89707718,  0.96138077, ...,  0.        ,
         -0.15807492, -0.0901107 ],
        [ 0.68823371,  0.81594916,  0.90578779, ...,  0.15807492,
          0.        ,  0.06845408],
        [ 0.73628198,  0.85361009,  0.93266921, ...,  0.0901107 ,
         -0.06845408,  0.        ]]]), 'num': array([ 7.07080887e-01,  7.07080887e-01,  0.00000000e+00,  2.88057090e-03,
        2.94675089e-03,  2.86315512e-03,  2.05391323e-03, -4.87641991e-05,
        2.87290796e-03,  2.91017774e-03,  3.18209620e-03,  1.47869876e-06,
        3.07199279e-03,  2.74836269e-03])}
{'img': array([[[ 0.        , -0.0572945 , -0.07902994, ..., -0.56975807,
         -0.47487412, -0.5966135 ],
        [ 0.0572945 ,  0.        , -0.02178482, ..., -0.52173681,
         -0.42367181, -0.54965297],
        [ 0.07902994,  0.02178482,  0.        , ..., -0.50302822,
         -0.40383824, -0.53132364],
        ...,
        [ 0.56975807,  0.52173681,  0.50302822, ...,  0.        ,
          0.11116024, -0.0330572 ],
        [ 0.47487412,  0.42367181,  0.40383824, ..., -0.11116024,
          0.        , -0.14395182],
        [ 0.5966135 ,  0.54965297,  0.53132364, ...,  0.0330572 ,
          0.14395182,  0.        ]],

       [[ 0.        , -0.11562476,  0.42852977, ...,  0.30162038,
         -0.58127927,  0.0430779 ],
        [ 0.11562476,  0.        ,  0.53012578, ...,  0.4098373 ,
         -0.48329627,  0.15830641],
        [-0.42852977, -0.53012578,  0.        , ..., -0.13604998,
         -0.87389835, -0.3892099 ],
        ...,
        [-0.30162038, -0.4098373 ,  0.13604998, ...,  0.        ,
         -0.79963774, -0.2602687 ],
        [ 0.58127927,  0.48329627,  0.87389835, ...,  0.79963774,
          0.        ,  0.61579235],
        [-0.0430779 , -0.15830641,  0.3892099 , ...,  0.2602687 ,
         -0.61579235,  0.        ]],

       [[ 0.        , -0.01954296, -0.06373628, ..., -0.91719211,
         -0.81787873, -0.76279401],
        [ 0.01954296,  0.        , -0.04422088, ..., -0.90923014,
         -0.80647769, -0.75001104],
        [ 0.06373628,  0.04422088,  0.        , ..., -0.88993184,
         -0.77954254, -0.72002855],
        ...,
        [ 0.91719211,  0.90923014,  0.88993184, ...,  0.        ,
          0.20186385,  0.28916287],
        [ 0.81787873,  0.80647769,  0.77954254, ..., -0.20186385,
          0.        ,  0.08996984],
        [ 0.76279401,  0.75001104,  0.72002855, ..., -0.28916287,
         -0.08996984,  0.        ]],

       ...,

       [[ 0.        , -0.18516579, -0.49201441, ...,  0.34542463,
          0.33600095,  0.37674817],
        [ 0.18516579,  0.        , -0.32230322, ...,  0.51321948,
          0.50459114,  0.54175515],
        [ 0.49201441,  0.32230322,  0.        , ...,  0.76245141,
          0.75592758,  0.78375276],
        ...,
        [-0.34542463, -0.51321948, -0.76245141, ...,  0.        ,
         -0.01002329,  0.03358574],
        [-0.33600095, -0.50459114, -0.75592758, ...,  0.01002329,
          0.        ,  0.04360169],
        [-0.37674817, -0.54175515, -0.78375276, ..., -0.03358574,
         -0.04360169,  0.        ]],

       [[ 0.        , -0.00442599, -0.01828108, ..., -0.99908778,
         -0.99479538, -0.89197477],
        [ 0.00442599,  0.        , -0.01385566, ..., -0.999267  ,
         -0.99523661, -0.89396696],
        [ 0.01828108,  0.01385566,  0.        , ..., -0.99970149,
         -0.99649185, -0.90009032],
        ...,
        [ 0.99908778,  0.999267  ,  0.99970149, ...,  0.        ,
         -0.05931851, -0.4135822 ],
        [ 0.99479538,  0.99523661,  0.99649185, ...,  0.05931851,
          0.        , -0.3588464 ],
        [ 0.89197477,  0.89396696,  0.90009032, ...,  0.4135822 ,
          0.3588464 ,  0.        ]],

       [[ 0.        , -0.17791389, -0.3259105 , ..., -0.81594916,
         -0.85361009, -0.93477627],
        [ 0.17791389,  0.        , -0.15251105, ..., -0.90578779,
         -0.93266921, -0.9830645 ],
        [ 0.3259105 ,  0.15251105,  0.        , ..., -0.95981542,
         -0.97677436, -0.99951354],
        ...,
        [ 0.81594916,  0.90578779,  0.95981542, ...,  0.        ,
          0.06845408,  0.25056094],
        [ 0.85361009,  0.93266921,  0.97677436, ..., -0.06845408,
          0.        ,  0.18370273],
        [ 0.93477627,  0.9830645 ,  0.99951354, ..., -0.25056094,
         -0.18370273,  0.        ]]]), 'num': array([ 7.07081033e-01,  7.07081033e-01,  0.00000000e+00,  2.82135781e-03,
        2.87708834e-03,  2.79697571e-03,  2.25712108e-03, -5.92136825e-05,
        2.86663887e-03,  2.90425697e-03,  3.17669796e-03,  1.31204150e-06,
        3.06992644e-03,  2.73858750e-03])}
{'img': array([[[ 0.        , -0.02178482, -0.14094553, ..., -0.42367181,
         -0.54965297, -0.72353897],
        [ 0.02178482,  0.        , -0.11934473, ..., -0.40383824,
         -0.53132364, -0.70832956],
        [ 0.14094553,  0.11934473,  0.        , ..., -0.29177176,
         -0.42642106, -0.61902376],
        ...,
        [ 0.42367181,  0.40383824,  0.29177176, ...,  0.        ,
         -0.14395182, -0.36293933],
        [ 0.54965297,  0.53132364,  0.42642106, ...,  0.14395182,
          0.        , -0.22502306],
        [ 0.72353897,  0.70832956,  0.61902376, ...,  0.36293933,
          0.22502306,  0.        ]],

       [[ 0.        ,  0.53012578,  0.30686714, ..., -0.48329627,
          0.15830641,  0.22675076],
        [-0.53012578,  0.        , -0.24434998, ..., -0.87389835,
         -0.3892099 , -0.32405122],
        [-0.30686714,  0.24434998,  0.        , ..., -0.72862731,
         -0.15232905, -0.08306354],
        ...,
        [ 0.48329627,  0.87389835,  0.72862731, ...,  0.        ,
          0.61579235,  0.66921827],
        [-0.15830641,  0.3892099 ,  0.15232905, ..., -0.61579235,
          0.        ,  0.06970847],
        [-0.22675076,  0.32405122,  0.08306354, ..., -0.66921827,
         -0.06970847,  0.        ]],

       [[ 0.        , -0.04422088, -0.1120497 , ..., -0.80647769,
         -0.75001104, -0.76851603],
        [ 0.04422088,  0.        , -0.06799769, ..., -0.77954254,
         -0.72002855, -0.73947038],
        [ 0.1120497 ,  0.06799769,  0.        , ..., -0.73514797,
         -0.67117541, -0.69198356],
        ...,
        [ 0.80647769,  0.77954254,  0.73514797, ...,  0.        ,
          0.08996984,  0.06161278],
        [ 0.75001104,  0.72002855,  0.67117541, ..., -0.08996984,
          0.        , -0.028436  ],
        [ 0.76851603,  0.73947038,  0.69198356, ..., -0.06161278,
          0.028436  ,  0.        ]],

       ...,

       [[ 0.        , -0.32230322, -0.8031892 , ...,  0.50459114,
          0.54175515,  0.38221355],
        [ 0.32230322,  0.        , -0.56832443, ...,  0.75592758,
          0.78375276,  0.65964932],
        [ 0.8031892 ,  0.56832443,  0.        , ...,  0.99403723,
          0.99784628,  0.96990007],
        ...,
        [-0.50459114, -0.75592758, -0.99403723, ...,  0.        ,
          0.04360169, -0.13629228],
        [-0.54175515, -0.78375276, -0.99784628, ..., -0.04360169,
          0.        , -0.17935749],
        [-0.38221355, -0.65964932, -0.96990007, ...,  0.13629228,
          0.17935749,  0.        ]],

       [[ 0.        , -0.01383097, -0.01900729, ..., -0.99633644,
         -0.93418491, -0.89325457],
        [ 0.01383097,  0.        , -0.005177  , ..., -0.99742397,
         -0.93903029, -0.89938686],
        [ 0.01900729,  0.005177  ,  0.        , ..., -0.99778195,
         -0.94079774, -0.90163795],
        ...,
        [ 0.99633644,  0.99742397,  0.99778195, ...,  0.        ,
         -0.27559049, -0.37151298],
        [ 0.93418491,  0.93903029,  0.94079774, ...,  0.27559049,
          0.        , -0.10126033],
        [ 0.89325457,  0.89938686,  0.90163795, ...,  0.37151298,
          0.10126033,  0.        ]],

       [[ 0.        , -0.15167984, -0.32514189, ..., -0.96725435,
         -0.99075731, -0.9037724 ],
        [ 0.15167984,  0.        , -0.17794154, ..., -0.99456062,
         -0.99986876, -0.95823646],
        [ 0.32514189,  0.17794154,  0.        , ..., -0.99722277,
         -0.98102908, -0.99383122],
        ...,
        [ 0.96725435,  0.99456062,  0.99722277, ...,  0.        ,
          0.12025857, -0.1846122 ],
        [ 0.99075731,  0.99986876,  0.98102908, ..., -0.12025857,
          0.        , -0.3014639 ],
        [ 0.9037724 ,  0.95823646,  0.99383122, ...,  0.1846122 ,
          0.3014639 ,  0.        ]]]), 'num': array([ 9.95388816e-01,  9.50681567e-02,  1.12963696e-05,  3.96617031e-03,
        4.01593405e-03,  3.92635931e-03,  5.21016435e-03, -6.46928657e-05,
        4.08560329e-03,  4.13860168e-03,  4.53040821e-03,  1.89147258e-06,
        4.38776402e-03,  3.88943933e-03])}
{'img': array([[[ 0.00000000e+00, -1.19344733e-01, -3.26860413e-01, ...,
         -5.31323643e-01, -7.08329562e-01, -9.36174426e-01],
        [ 1.19344733e-01,  0.00000000e+00, -2.11734861e-01, ...,
         -4.26421059e-01, -6.19023758e-01, -8.87529521e-01],
        [ 3.26860413e-01,  2.11734861e-01,  0.00000000e+00, ...,
         -2.25233447e-01, -4.38698036e-01, -7.69849675e-01],
        ...,
        [ 5.31323643e-01,  4.26421059e-01,  2.25233447e-01, ...,
          0.00000000e+00, -2.25023059e-01, -6.06318580e-01],
        [ 7.08329562e-01,  6.19023758e-01,  4.38698036e-01, ...,
          2.25023059e-01,  0.00000000e+00, -4.11825341e-01],
        [ 9.36174426e-01,  8.87529521e-01,  7.69849675e-01, ...,
          6.06318580e-01,  4.11825341e-01,  0.00000000e+00]],

       [[ 0.00000000e+00, -2.44349984e-01, -2.44431822e-01, ...,
         -3.89209899e-01, -3.24051220e-01,  5.60077495e-02],
        [ 2.44349984e-01,  0.00000000e+00, -8.43968319e-05, ...,
         -1.52329054e-01, -8.30635435e-02,  2.98276429e-01],
        [ 2.44431822e-01,  8.43968319e-05,  0.00000000e+00, ...,
         -1.52245642e-01, -8.29794380e-02,  2.98356983e-01],
        ...,
        [ 3.89209899e-01,  1.52329054e-01,  1.52245642e-01, ...,
          0.00000000e+00,  6.97084657e-02,  4.40190458e-01],
        [ 3.24051220e-01,  8.30635435e-02,  8.29794380e-02, ...,
         -6.97084657e-02,  0.00000000e+00,  3.76528113e-01],
        [-5.60077495e-02, -2.98276429e-01, -2.98356983e-01, ...,
         -4.40190458e-01, -3.76528113e-01,  0.00000000e+00]],

       [[ 0.00000000e+00, -6.79976873e-02, -1.74598215e-01, ...,
         -7.20028550e-01, -7.39470384e-01, -7.61513733e-01],
        [ 6.79976873e-02,  0.00000000e+00, -1.07240877e-01, ...,
         -6.71175412e-01, -6.91983563e-01, -7.15678575e-01],
        [ 1.74598215e-01,  1.07240877e-01,  0.00000000e+00, ...,
         -5.87807280e-01, -6.10574330e-01, -6.36651082e-01],
        ...,
        [ 7.20028550e-01,  6.71175412e-01,  5.87807280e-01, ...,
          0.00000000e+00, -2.84359972e-02, -6.17625986e-02],
        [ 7.39470384e-01,  6.91983563e-01,  6.10574330e-01, ...,
          2.84359972e-02,  0.00000000e+00, -3.33559136e-02],
        [ 7.61513733e-01,  7.15678575e-01,  6.36651082e-01, ...,
          6.17625986e-02,  3.33559136e-02,  0.00000000e+00]],

       ...,

       [[ 0.00000000e+00, -5.68324434e-01, -2.08934573e-01, ...,
          7.83752762e-01,  6.59649319e-01,  6.69399089e-01],
        [ 5.68324434e-01,  0.00000000e+00,  3.83868981e-01, ...,
          9.97846276e-01,  9.69900068e-01,  9.72994544e-01],
        [ 2.08934573e-01, -3.83868981e-01,  0.00000000e+00, ...,
          8.96218653e-01,  8.02120304e-01,  8.09843317e-01],
        ...,
        [-7.83752762e-01, -9.97846276e-01, -8.96218653e-01, ...,
          0.00000000e+00, -1.79357485e-01, -1.66506608e-01],
        [-6.59649319e-01, -9.69900068e-01, -8.02120304e-01, ...,
          1.79357485e-01,  0.00000000e+00,  1.30471838e-02],
        [-6.69399089e-01, -9.72994544e-01, -8.09843317e-01, ...,
          1.66506608e-01, -1.30471838e-02,  0.00000000e+00]],

       [[ 0.00000000e+00, -5.17700057e-03,  3.53677242e-02, ...,
         -9.39030293e-01, -8.99386855e-01, -9.30918902e-01],
        [ 5.17700057e-03,  0.00000000e+00,  4.05410119e-02, ...,
         -9.40797740e-01, -9.01637947e-01, -9.32797202e-01],
        [-3.53677242e-02, -4.05410119e-02,  0.00000000e+00, ...,
         -9.26282163e-01, -8.83363040e-01, -9.17419277e-01],
        ...,
        [ 9.39030293e-01,  9.40797740e-01,  9.26282163e-01, ...,
          0.00000000e+00, -1.01260330e-01, -2.28762728e-02],
        [ 8.99386855e-01,  9.01637947e-01,  8.83363040e-01, ...,
          1.01260330e-01,  0.00000000e+00,  7.84751423e-02],
        [ 9.30918902e-01,  9.32797202e-01,  9.17419277e-01, ...,
          2.28762728e-02, -7.84751423e-02,  0.00000000e+00]],

       [[ 0.00000000e+00, -1.72523786e-01, -3.94104788e-01, ...,
         -9.84688825e-01, -9.97543010e-01, -9.49915385e-01],
        [ 1.72523786e-01,  0.00000000e+00, -2.29634663e-01, ...,
         -9.39849191e-01, -9.70498755e-01, -9.89586667e-01],
        [ 3.94104788e-01,  2.29634663e-01,  0.00000000e+00, ...,
         -8.36292679e-01, -8.89197693e-01, -9.96195061e-01],
        ...,
        [ 9.84688825e-01,  9.39849191e-01,  8.36292679e-01, ...,
          0.00000000e+00, -1.04908939e-01, -4.73312853e-01],
        [ 9.97543010e-01,  9.70498755e-01,  8.89197693e-01, ...,
          1.04908939e-01,  0.00000000e+00, -3.78287336e-01],
        [ 9.49915385e-01,  9.89586667e-01,  9.96195061e-01, ...,
          4.73312853e-01,  3.78287336e-01,  0.00000000e+00]]]), 'num': array([9.98446156e-01, 5.44740479e-02, 1.15967089e-05, 3.98300467e-03,
       3.98300467e-03, 3.91939404e-03, 2.30407524e-03, 8.31831443e-05,
       4.00159855e-03, 4.06300729e-03, 4.44825942e-03, 1.99114224e-06,
       4.31002585e-03, 3.81598873e-03])}
{'img': array([[[ 0.00000000e+00, -2.11734861e-01, -7.70635808e-03, ...,
         -6.19023758e-01, -8.87529521e-01, -5.69109081e-01],
        [ 2.11734861e-01,  0.00000000e+00,  2.04196941e-01, ...,
         -4.38698036e-01, -7.69849675e-01, -3.82104216e-01],
        [ 7.70635808e-03, -2.04196941e-01,  0.00000000e+00, ...,
         -6.12953017e-01, -8.83952456e-01, -5.62755536e-01],
        ...,
        [ 6.19023758e-01,  4.38698036e-01,  6.12953017e-01, ...,
          0.00000000e+00, -4.11825341e-01,  6.20372497e-02],
        [ 8.87529521e-01,  7.69849675e-01,  8.83952456e-01, ...,
          4.11825341e-01,  0.00000000e+00,  4.67564336e-01],
        [ 5.69109081e-01,  3.82104216e-01,  5.62755536e-01, ...,
         -6.20372497e-02, -4.67564336e-01,  0.00000000e+00]],

       [[ 0.00000000e+00, -8.43968319e-05,  4.33731857e-01, ...,
         -8.30635435e-02,  2.98276429e-01, -3.14312518e-01],
        [ 8.43968319e-05,  0.00000000e+00,  4.33807900e-01, ...,
         -8.29794380e-02,  2.98356983e-01, -3.14232398e-01],
        [-4.33731857e-01, -4.33807900e-01,  0.00000000e+00, ...,
         -5.07076730e-01, -1.45228590e-01, -6.94958917e-01],
        ...,
        [ 8.30635435e-02,  8.29794380e-02,  5.07076730e-01, ...,
          0.00000000e+00,  3.76528113e-01, -2.34372486e-01],
        [-2.98276429e-01, -2.98356983e-01,  1.45228590e-01, ...,
         -3.76528113e-01,  0.00000000e+00, -5.83164515e-01],
        [ 3.14312518e-01,  3.14232398e-01,  6.94958917e-01, ...,
          2.34372486e-01,  5.83164515e-01,  0.00000000e+00]],

       [[ 0.00000000e+00, -1.07240877e-01, -1.56063377e-01, ...,
         -6.91983563e-01, -7.15678575e-01, -7.55163467e-01],
        [ 1.07240877e-01,  0.00000000e+00, -4.92365108e-02, ...,
         -6.10574330e-01, -6.36651082e-01, -6.80508179e-01],
        [ 1.56063377e-01,  4.92365108e-02,  0.00000000e+00, ...,
         -5.70840498e-01, -5.97910085e-01, -6.43605239e-01],
        ...,
        [ 6.91983563e-01,  6.10574330e-01,  5.70840498e-01, ...,
          0.00000000e+00, -3.33559136e-02, -9.15420165e-02],
        [ 7.15678575e-01,  6.36651082e-01,  5.97910085e-01, ...,
          3.33559136e-02,  0.00000000e+00, -5.82752175e-02],
        [ 7.55163467e-01,  6.80508179e-01,  6.43605239e-01, ...,
          9.15420165e-02,  5.82752175e-02,  0.00000000e+00]],

       ...,

       [[ 0.00000000e+00,  3.83868981e-01,  4.14080233e-01, ...,
          9.69900068e-01,  9.72994544e-01,  9.91376471e-01],
        [-3.83868981e-01,  0.00000000e+00,  3.29434909e-02, ...,
          8.02120304e-01,  8.09843317e-01,  8.65120745e-01],
        [-4.14080233e-01, -3.29434909e-02,  0.00000000e+00, ...,
          7.82012309e-01,  7.90077572e-01,  8.48127914e-01],
        ...,
        [-9.69900068e-01, -8.02120304e-01, -7.82012309e-01, ...,
          0.00000000e+00,  1.30471838e-02,  1.14303255e-01],
        [-9.72994544e-01, -8.09843317e-01, -7.90077572e-01, ...,
         -1.30471838e-02,  0.00000000e+00,  1.01331855e-01],
        [-9.91376471e-01, -8.65120745e-01, -8.48127914e-01, ...,
         -1.14303255e-01, -1.01331855e-01,  0.00000000e+00]],

       [[ 0.00000000e+00,  4.04770187e-02,  5.41030956e-02, ...,
         -9.38364435e-01, -9.47698353e-01, -9.01013103e-01],
        [-4.04770187e-02,  0.00000000e+00,  1.36410222e-02, ...,
         -9.23604637e-01, -9.34002741e-01, -8.82716093e-01],
        [-5.41030956e-02, -1.36410222e-02,  0.00000000e+00, ...,
         -9.18289465e-01, -9.29042367e-01, -8.76223955e-01],
        ...,
        [ 9.38364435e-01,  9.23604637e-01,  9.18289465e-01, ...,
          0.00000000e+00,  2.80742159e-02, -9.56219493e-02],
        [ 9.47698353e-01,  9.34002741e-01,  9.29042367e-01, ...,
         -2.80742159e-02,  0.00000000e+00, -1.23529831e-01],
        [ 9.01013103e-01,  8.82716093e-01,  8.76223955e-01, ...,
          9.56219493e-02,  1.23529831e-01,  0.00000000e+00]],

       [[ 0.00000000e+00, -2.26681622e-01, -3.33171116e-01, ...,
         -9.56634988e-01, -9.97059396e-01, -9.87837846e-01],
        [ 2.26681622e-01,  0.00000000e+00, -1.10767830e-01, ...,
         -8.65702792e-01, -9.53733646e-01, -9.97369531e-01],
        [ 3.33171116e-01,  1.10767830e-01,  0.00000000e+00, ...,
         -8.04929761e-01, -9.14562001e-01, -9.83203066e-01],
        ...,
        [ 9.56634988e-01,  8.65702792e-01,  8.04929761e-01, ...,
          0.00000000e+00, -2.17123347e-01, -4.36491535e-01],
        [ 9.97059396e-01,  9.53733646e-01,  9.14562001e-01, ...,
          2.17123347e-01,  0.00000000e+00, -2.30730978e-01],
        [ 9.87837846e-01,  9.97369531e-01,  9.83203066e-01, ...,
          4.36491535e-01,  2.30730978e-01,  0.00000000e+00]]]), 'num': array([ 9.98805750e-01,  4.74122422e-02,  1.19222244e-05,  3.98072597e-03,
        4.07550516e-03,  3.97573760e-03,  1.70827019e-03, -7.98140546e-05,
        4.03659581e-03,  4.12489011e-03,  4.52836678e-03,  2.02990290e-06,
        4.37137658e-03,  3.87840364e-03])}
{'img': array([[[ 0.        ,  0.20419694,  0.53589953, ..., -0.76984968,
         -0.38210422, -0.69015106],
        [-0.20419694,  0.        ,  0.35220828, ..., -0.88395246,
         -0.56275554, -0.8233797 ],
        [-0.53589953, -0.35220828,  0.        , ..., -0.99199466,
         -0.81783869, -0.97049386],
        ...,
        [ 0.76984968,  0.88395246,  0.99199466, ...,  0.        ,
          0.46756434,  0.11664169],
        [ 0.38210422,  0.56275554,  0.81783869, ..., -0.46756434,
          0.        , -0.36126629],
        [ 0.69015106,  0.8233797 ,  0.97049386, ..., -0.11664169,
          0.36126629,  0.        ]],

       [[ 0.        ,  0.4338079 ,  0.6639371 , ...,  0.29835698,
         -0.3142324 , -0.56938583],
        [-0.4338079 ,  0.        ,  0.27381437, ..., -0.14522859,
         -0.69495892, -0.86964034],
        [-0.6639371 , -0.27381437,  0.        , ..., -0.41058975,
         -0.86528544, -0.97158318],
        ...,
        [-0.29835698,  0.14522859,  0.41058975, ...,  0.        ,
         -0.58316452, -0.78872323],
        [ 0.3142324 ,  0.69495892,  0.86528544, ...,  0.58316452,
          0.        , -0.28222305],
        [ 0.56938583,  0.86964034,  0.97158318, ...,  0.78872323,
          0.28222305,  0.        ]],

       [[ 0.        , -0.04923651,  0.00347826, ..., -0.63665108,
         -0.68050818, -0.82553191],
        [ 0.04923651,  0.        ,  0.05271026, ..., -0.59791008,
         -0.64360524, -0.79674377],
        [-0.00347826, -0.05271026,  0.        , ..., -0.6393295 ,
         -0.68305273, -0.82748989],
        ...,
        [ 0.63665108,  0.59791008,  0.6393295 , ...,  0.        ,
         -0.05827522, -0.27731308],
        [ 0.68050818,  0.64360524,  0.68305273, ...,  0.05827522,
          0.        , -0.22085216],
        [ 0.82553191,  0.79674377,  0.82748989, ...,  0.27731308,
          0.22085216,  0.        ]],

       ...,

       [[ 0.        ,  0.16478724,  0.99475197, ...,  0.96004243,
          0.98437292,  0.98437292],
        [-0.16478724,  0.        ,  0.96429251, ...,  0.90080137,
          0.94189725,  0.94189725],
        [-0.99475197, -0.96429251,  0.        , ..., -0.18015828,
         -0.07445535, -0.07445535],
        ...,
        [-0.96004243, -0.90080137,  0.18015828, ...,  0.        ,
          0.10642114,  0.10642114],
        [-0.98437292, -0.94189725,  0.07445535, ..., -0.10642114,
          0.        ,  0.        ],
        [-0.98437292, -0.94189725,  0.07445535, ..., -0.10642114,
          0.        ,  0.        ]],

       [[ 0.        ,  0.013464  , -0.04877912, ..., -0.9806969 ,
         -0.97523794, -0.87723413],
        [-0.013464  ,  0.        , -0.06222268, ..., -0.97797534,
         -0.97217187, -0.87069104],
        [ 0.04877912,  0.06222268,  0.        , ..., -0.98906746,
         -0.98486491, -0.8996069 ],
        ...,
        [ 0.9806969 ,  0.97797534,  0.98906746, ...,  0.        ,
         -0.02619691, -0.29926692],
        [ 0.97523794,  0.97217187,  0.98486491, ...,  0.02619691,
          0.        , -0.27416792],
        [ 0.87723413,  0.87069104,  0.8996069 , ...,  0.29926692,
          0.27416792,  0.        ]],

       [[ 0.        , -0.10846969, -0.12086516, ..., -0.91696539,
         -0.94770633, -0.99860698],
        [ 0.10846969,  0.        , -0.01247754, ..., -0.86827927,
         -0.90749722, -0.98699159],
        [ 0.12086516,  0.01247754,  0.        , ..., -0.86202187,
         -0.90218528, -0.98490871],
        ...,
        [ 0.91696539,  0.86827927,  0.86202187, ...,  0.        ,
         -0.0854596 , -0.35002763],
        [ 0.94770633,  0.90749722,  0.90218528, ...,  0.0854596 ,
          0.        , -0.26869373],
        [ 0.99860698,  0.98699159,  0.98490871, ...,  0.35002763,
          0.26869373,  0.        ]]]), 'num': array([ 9.99856227e-01,  1.17678163e-02,  1.25710994e-05,  3.98422746e-03,
        4.04505536e-03,  3.91833057e-03,  3.40793380e-03, -6.08279002e-05,
        4.06026234e-03,  4.16797841e-03,  4.59613924e-03,  2.05381560e-06,
        4.40284017e-03,  3.93311665e-03])}
