state_0,state_1,state_2,state_3,state_4,state_5,state_6,state_7,state_8,state_9,state_10,state_11,state_12,state_13,state_14,state_15,state_16,state_17,state_18,state_19,state_20,state_21,state_22,state_23,state_24,state_25,state_26,state_27,state_28,state_29,state_30,state_31,state_32,state_33,state_34,state_35,state_36,state_37,state_38,state_39,state_40,state_41,state_42,state_43,state_44,state_45,state_46,state_47,state_48,state_49,state_50,state_51,state_52,state_53,state_54,state_55,state_56,state_57,state_58,state_59,state_60,state_61,state_62,state_63,state_64,state_65,state_66,state_67,state_68,state_69,state_70,state_71,state_72,state_73,state_74,state_75,state_76,state_77,state_78,state_79,state_80,state_81,state_82,state_83,state_84,state_85,state_86,state_87,state_88,state_89,state_90,state_91,state_92,state_93,state_94,state_95,state_96,state_97,state_98,state_99,state_100,state_101,state_102,state_103,state_104,state_105,state_106,state_107,state_108,state_109,state_110,state_111,state_112,state_113,state_114,state_115,state_116,state_117,state_118,state_119,state_120,state_121,state_122,state_123,state_124,state_125,state_126,state_127,state_128,state_129,state_130,state_131,state_132,state_133,state_134,state_135,state_136,state_137,state_138,state_139,state_140,state_141,state_142,state_143,state_144,state_145,state_146,state_147,state_148,state_149,state_150,state_151,state_152,state_153,state_154,state_155,state_156,state_157,state_158,state_159,state_160,state_161,state_162,state_163,state_164,state_165,state_166,state_167,state_168,state_169,state_170,state_171,state_172,state_173,state_174,state_175,state_176,state_177,state_178,state_179,state_180,state_181,state_182,state_183,state_184,state_185,state_186,state_187,state_188,state_189,state_190,state_191,state_192,state_193,state_194,state_195,state_196,state_197,state_198,state_199,state_200,state_201,state_202,state_203,state_204,state_205,state_206,state_207,state_208,state_209,state_210,state_211,state_212,state_213,state_214,state_215,state_216,state_217,state_218,state_219,state_220,state_221,state_222,state_223,state_224,state_225,state_226,state_227,state_228,state_229,state_230,state_231,state_232,state_233,state_234,state_235,state_236,state_237,state_238,state_239,state_240,state_241,state_242,state_243,state_244,state_245,state_246,state_247,state_248,state_249,state_250,state_251,state_252,state_253,state_254,state_255,state_256,state_257,state_258,state_259,state_260,state_261,state_262,state_263,state_264,state_265,state_266,state_267,state_268,state_269,state_270,state_271,state_272,state_273,state_274,state_275,state_276,state_277,state_278,state_279,state_280,state_281,state_282,state_283,state_284,state_285,state_286,state_287
{'img': array([[[ 0.        , -0.16320572, -0.11575881, ...,  0.95497461,
          0.71796575,  0.99757129],
        [ 0.16320572,  0.        ,  0.04790182, ...,  0.89374926,
          0.59473533,  0.97282817],
        [ 0.11575881, -0.04790182,  0.        , ...,  0.91421045,
          0.6325619 ,  0.98280203],
        ...,
        [-0.95497461, -0.89374926, -0.91421045, ...,  0.        ,
          0.45172573, -0.22945025],
        [-0.71796575, -0.59473533, -0.6325619 , ..., -0.45172573,
          0.        , -0.64437948],
        [-0.99757129, -0.97282817, -0.98280203, ...,  0.22945025,
          0.64437948,  0.        ]],

       [[ 0.        ,  0.15133775, -0.118041  , ...,  0.4056789 ,
          0.33567489,  0.41910136],
        [-0.15133775,  0.        , -0.26696113, ...,  0.26268126,
          0.18925181,  0.27686868],
        [ 0.118041  ,  0.26696113,  0.        , ...,  0.51073401,
          0.44452011,  0.52334539],
        ...,
        [-0.4056789 , -0.26268126, -0.51073401, ...,  0.        ,
         -0.07532846,  0.01473333],
        [-0.33567489, -0.18925181, -0.44452011, ...,  0.07532846,
          0.        ,  0.09001175],
        [-0.41910136, -0.27686868, -0.52334539, ..., -0.01473333,
         -0.09001175,  0.        ]],

       [[ 0.        , -0.14113645, -0.25222584, ...,  0.9953903 ,
          0.90811357,  0.74885325],
        [ 0.14113645,  0.        , -0.11312782, ...,  0.97189062,
          0.83992628,  0.64782116],
        [ 0.25222584,  0.11312782,  0.        , ...,  0.93901751,
          0.7731398 ,  0.55748252],
        ...,
        [-0.9953903 , -0.97189062, -0.93901751, ...,  0.        ,
          0.32969931,  0.58786057],
        [-0.90811357, -0.83992628, -0.7731398 , ..., -0.32969931,
          0.        ,  0.28827663],
        [-0.74885325, -0.64782116, -0.55748252, ..., -0.58786057,
         -0.28827663,  0.        ]],

       ...,

       [[ 0.        , -0.15015611, -0.02270977, ...,  0.99916664,
          0.99914361,  0.93782886],
        [ 0.15015611,  0.        ,  0.12766509, ...,  0.99396731,
          0.98160263,  0.97931493],
        [ 0.02270977, -0.12766509,  0.        , ...,  0.9998359 ,
          0.99794627,  0.94546951],
        ...,
        [-0.99916664, -0.99396731, -0.9998359 , ...,  0.        ,
          0.08212441, -0.3085294 ],
        [-0.99914361, -0.98160263, -0.99794627, ..., -0.08212441,
          0.        , -0.38560518],
        [-0.93782886, -0.97931493, -0.94546951, ...,  0.3085294 ,
          0.38560518,  0.        ]],

       [[ 0.        ,  0.0076555 , -0.08682667, ...,  0.85796062,
          0.64268983,  0.18326836],
        [-0.0076555 ,  0.        , -0.09445072, ...,  0.86186823,
          0.64853608,  0.19078883],
        [ 0.08682667,  0.09445072,  0.        , ...,  0.81011627,
          0.57374246,  0.09722015],
        ...,
        [-0.85796062, -0.86186823, -0.81011627, ...,  0.        ,
          0.32714665,  0.74928148],
        [-0.64268983, -0.64853608, -0.57374246, ..., -0.32714665,
          0.        ,  0.4913978 ],
        [-0.18326836, -0.19078883, -0.09722015, ..., -0.74928148,
         -0.4913978 ,  0.        ]],

       [[ 0.        , -0.04692945, -0.07528721, ..., -0.91975444,
         -0.99366566, -0.98641766],
        [ 0.04692945,  0.        , -0.028408  , ..., -0.90032152,
         -0.98729707, -0.9930393 ],
        [ 0.07528721,  0.028408  ,  0.        , ..., -0.88759428,
         -0.98238499, -0.99598451],
        ...,
        [ 0.91975444,  0.90032152,  0.88759428, ...,  0.        ,
         -0.28664903, -0.53823897],
        [ 0.99366566,  0.98729707,  0.98238499, ...,  0.28664903,
          0.        , -0.27406654],
        [ 0.98641766,  0.9930393 ,  0.99598451, ...,  0.53823897,
          0.27406654,  0.        ]]]), 'num': array([9.60570510e-01, 2.78034440e-01, 1.77282103e-05, 1.21490939e-04,
       1.22595402e-04, 1.18177550e-04, 1.02037242e-03, 2.36670660e-06,
       1.21175378e-04, 1.05949566e-04, 1.02720326e-04, 2.45063237e-07,
       1.28450296e-04, 8.34488356e-05])}
{'img': array([[[ 0.        ,  0.04790182,  0.24054664, ...,  0.59473533,
          0.97282817,  0.87243968],
        [-0.04790182,  0.        ,  0.1937752 , ...,  0.6325619 ,
          0.98280203,  0.89484882],
        [-0.24054664, -0.1937752 ,  0.        , ...,  0.77065309,
          0.99995694,  0.96438313],
        ...,
        [-0.59473533, -0.6325619 , -0.77065309, ...,  0.        ,
         -0.64437948, -0.41071294],
        [-0.97282817, -0.98280203, -0.99995694, ...,  0.64437948,
          0.        ,  0.27344786],
        [-0.87243968, -0.89484882, -0.96438313, ...,  0.41071294,
         -0.27344786,  0.        ]],

       [[ 0.        , -0.26696113, -0.16290937, ...,  0.18925181,
          0.27686868,  0.1146057 ],
        [ 0.26696113,  0.        ,  0.10639785, ...,  0.44452011,
          0.52334539,  0.37564849],
        [ 0.16290937, -0.10639785,  0.        , ...,  0.34668897,
          0.42971089,  0.27491066],
        ...,
        [-0.18925181, -0.44452011, -0.34668897, ...,  0.        ,
          0.09001175, -0.07547022],
        [-0.27686868, -0.52334539, -0.42971089, ..., -0.09001175,
          0.        , -0.1649189 ],
        [-0.1146057 , -0.37564849, -0.27491066, ...,  0.07547022,
          0.1649189 ,  0.        ]],

       [[ 0.        , -0.11125317, -0.14951509, ...,  0.91125036,
          0.86260569,  0.63939465],
        [ 0.11125317,  0.        , -0.03858429, ...,  0.85977348,
          0.80097031,  0.54988515],
        [ 0.14951509,  0.03858429,  0.        , ...,  0.83942919,
          0.7772733 ,  0.51724853],
        ...,
        [-0.91125036, -0.85977348, -0.83942919, ...,  0.        ,
          0.10571388,  0.4373045 ],
        [-0.86260569, -0.80097031, -0.7772733 , ..., -0.10571388,
          0.        ,  0.33978419],
        [-0.63939465, -0.54988515, -0.51724853, ..., -0.4373045 ,
         -0.33978419,  0.        ]],

       ...,

       [[ 0.        ,  0.12204788,  0.30297315, ...,  0.97592059,
          0.93376294,  0.97273935],
        [-0.12204788,  0.        ,  0.18439667, ...,  0.94200298,
          0.88310236,  0.9937704 ],
        [-0.30297315, -0.18439667,  0.        , ...,  0.86396508,
          0.78144353,  0.99727955],
        ...,
        [-0.97592059, -0.94200298, -0.86396508, ...,  0.        ,
         -0.1455962 ,  0.43849701],
        [-0.93376294, -0.88310236, -0.78144353, ...,  0.1455962 ,
          0.        ,  0.56467648],
        [-0.97273935, -0.9937704 , -0.99727955, ..., -0.43849701,
         -0.56467648,  0.        ]],

       [[ 0.        , -0.09089359, -0.18368277, ...,  0.80331401,
          0.6703867 ,  0.18368277],
        [ 0.09089359,  0.        , -0.09357534, ...,  0.74585658,
          0.60016758,  0.09357534],
        [ 0.18368277,  0.09357534,  0.        , ...,  0.68025276,
          0.52268565,  0.        ],
        ...,
        [-0.80331401, -0.74585658, -0.68025276, ...,  0.        ,
          0.19681593,  0.68025276],
        [-0.6703867 , -0.60016758, -0.52268565, ..., -0.19681593,
          0.        ,  0.52268565],
        [-0.18368277, -0.09357534, -0.        , ..., -0.68025276,
         -0.52268565,  0.        ]],

       [[ 0.        , -0.02814216, -0.03019613, ..., -0.9765795 ,
         -0.99705751, -0.99191156],
        [ 0.02814216,  0.        , -0.00205484, ..., -0.97013772,
         -0.9945053 , -0.99509081],
        [ 0.03019613,  0.00205484,  0.        , ..., -0.96963726,
         -0.99428809, -0.99529206],
        ...,
        [ 0.9765795 ,  0.97013772,  0.96963726, ...,  0.        ,
         -0.13966191, -0.33737473],
        [ 0.99705751,  0.9945053 ,  0.99428809, ...,  0.13966191,
          0.        , -0.20259461],
        [ 0.99191156,  0.99509081,  0.99529206, ...,  0.33737473,
          0.20259461,  0.        ]]]), 'num': array([9.27253235e-01, 3.74404561e-01, 1.43225045e-05, 5.58433004e-04,
       5.66389951e-04, 5.46859263e-04, 4.52259844e-03, 1.44671763e-06,
       5.56118256e-04, 4.90003260e-04, 4.73064608e-04, 1.18856727e-06,
       5.97675797e-04, 3.82330724e-04])}
{'img': array([[[ 0.        ,  0.1937752 ,  0.30005374, ...,  0.98280203,
          0.89484882,  0.87112467],
        [-0.1937752 ,  0.        ,  0.10952002, ...,  0.99995694,
          0.96438313,  0.94976896],
        [-0.30005374, -0.10952002,  0.        , ...,  0.99292539,
          0.98755103,  0.97833022],
        ...,
        [-0.98280203, -0.99995694, -0.99292539, ...,  0.        ,
          0.27344786,  0.32175277],
        [-0.89484882, -0.96438313, -0.98755103, ..., -0.27344786,
          0.        ,  0.05058283],
        [-0.87112467, -0.94976896, -0.97833022, ..., -0.32175277,
         -0.05058283,  0.        ]],

       [[ 0.        ,  0.10639785,  0.03119784, ...,  0.52334539,
          0.37564849,  0.3630704 ],
        [-0.10639785,  0.        , -0.07532531, ...,  0.42971089,
          0.27491066,  0.26187204],
        [-0.03119784,  0.07532531,  0.        , ...,  0.49650632,
          0.34655265,  0.33382472],
        ...,
        [-0.52334539, -0.42971089, -0.49650632, ...,  0.        ,
         -0.1649189 , -0.17825341],
        [-0.37564849, -0.27491066, -0.34655265, ...,  0.1649189 ,
          0.        , -0.01353494],
        [-0.3630704 , -0.26187204, -0.33382472, ...,  0.17825341,
          0.01353494,  0.        ]],

       [[ 0.        , -0.03848901, -0.02539822, ...,  0.8149793 ,
          0.65633933,  0.54874332],
        [ 0.03848901,  0.        ,  0.01309719, ...,  0.79207141,
          0.62681435,  0.51616025],
        [ 0.02539822, -0.01309719,  0.        , ...,  0.79999838,
          0.63696551,  0.52733362],
        ...,
        [-0.8149793 , -0.79207141, -0.79999838, ...,  0.        ,
          0.23453191,  0.36332396],
        [-0.65633933, -0.62681435, -0.63696551, ..., -0.23453191,
          0.        ,  0.13468561],
        [-0.54874332, -0.51616025, -0.52733362, ..., -0.36332396,
         -0.13468561,  0.        ]],

       ...,

       [[ 0.        ,  0.17188142,  0.31660616, ...,  0.80944384,
          0.9334104 ,  0.98449247],
        [-0.17188142,  0.        ,  0.14885498, ...,  0.6964691 ,
          0.85784619,  0.99999352],
        [-0.31660616, -0.14885498,  0.        , ...,  0.5818934 ,
          0.77179142,  0.98938852],
        ...,
        [-0.80944384, -0.6964691 , -0.5818934 , ...,  0.        ,
          0.25765908,  0.72008948],
        [-0.9334104 , -0.85784619, -0.77179142, ..., -0.25765908,
          0.        ,  0.51699151],
        [-0.98449247, -0.99999352, -0.98938852, ..., -0.72008948,
         -0.51699151,  0.        ]],

       [[ 0.        , -0.09055873,  0.05394794, ...,  0.74207125,
          0.56499741,  0.09055873],
        [ 0.09055873,  0.        ,  0.14415314, ...,  0.67831874,
          0.48795655,  0.        ],
        [-0.05394794, -0.14415314,  0.        , ...,  0.77715305,
          0.60868668,  0.14415314],
        ...,
        [-0.74207125, -0.67831874, -0.77715305, ...,  0.        ,
          0.23354792,  0.67831874],
        [-0.56499741, -0.48795655, -0.60868668, ..., -0.23354792,
          0.        ,  0.48795655],
        [-0.09055873, -0.        , -0.14415314, ..., -0.67831874,
         -0.48795655,  0.        ]],

       [[ 0.        , -0.00204877,  0.00371309, ..., -0.99135733,
         -0.9999279 , -0.99479521],
        [ 0.00204877,  0.        ,  0.00576184, ..., -0.99108647,
         -0.9999012 , -0.99500188],
        [-0.00371309, -0.00576184,  0.        , ..., -0.99183762,
         -0.9999656 , -0.99441001],
        ...,
        [ 0.99135733,  0.99108647,  0.99183762, ...,  0.        ,
         -0.11927591, -0.23152036],
        [ 0.9999279 ,  0.9999012 ,  0.9999656 , ...,  0.11927591,
          0.        , -0.11383238],
        [ 0.99479521,  0.99500188,  0.99441001, ...,  0.23152036,
          0.11383238,  0.        ]]]), 'num': array([9.40391385e-01, 3.40066205e-01, 1.55122785e-05, 5.66879301e-04,
       5.77865334e-04, 5.61020083e-04, 4.08917724e-03, 1.46480439e-06,
       5.63949692e-04, 5.01072963e-04, 4.81127210e-04, 1.21884843e-06,
       6.13457235e-04, 3.88688692e-04])}
{'img': array([[[ 0.        ,  0.10952002,  0.18869113, ...,  0.96438313,
          0.94976896,  0.92994781],
        [-0.10952002,  0.        ,  0.08000342, ...,  0.98755103,
          0.97833022,  0.96462338],
        [-0.18869113, -0.08000342,  0.        , ...,  0.99696998,
          0.99175903,  0.98262281],
        ...,
        [-0.96438313, -0.98755103, -0.99696998, ...,  0.        ,
          0.05058283,  0.10861564],
        [-0.94976896, -0.97833022, -0.99175903, ..., -0.05058283,
          0.        ,  0.05819303],
        [-0.92994781, -0.96462338, -0.98262281, ..., -0.10861564,
         -0.05819303,  0.        ]],

       [[ 0.        , -0.07532531, -0.08323217, ...,  0.27491066,
          0.26187204,  0.21915718],
        [ 0.07532531,  0.        , -0.00793176, ...,  0.34655265,
          0.33382472,  0.29202868],
        [ 0.08323217,  0.00793176,  0.        , ...,  0.35398199,
          0.34129097,  0.2996055 ],
        ...,
        [-0.27491066, -0.34655265, -0.35398199, ...,  0.        ,
         -0.01353494, -0.05751446],
        [-0.26187204, -0.33382472, -0.34129097, ...,  0.01353494,
          0.        , -0.04399665],
        [-0.21915718, -0.29202868, -0.2996055 , ...,  0.05751446,
          0.04399665,  0.        ]],

       [[ 0.        ,  0.01304916,  0.10134529, ...,  0.68426304,
          0.64836064,  0.51454052],
        [-0.01304916,  0.        ,  0.08835469, ...,  0.69372069,
          0.6582402 ,  0.52568593],
        [-0.10134529, -0.08835469,  0.        , ...,  0.75464455,
          0.72217999,  0.59879146],
        ...,
        [-0.68426304, -0.69372069, -0.75464455, ...,  0.        ,
          0.04814483,  0.21151124],
        [-0.64836064, -0.6582402 , -0.72217999, ..., -0.04814483,
          0.        ,  0.16421038],
        [-0.51454052, -0.52568593, -0.59879146, ..., -0.21151124,
         -0.16421038,  0.        ]],

       ...,

       [[ 0.        ,  0.14623881,  0.25986896, ...,  0.83641591,
          0.97178329,  0.99979757],
        [-0.14623881,  0.        ,  0.11586058, ...,  0.74727106,
          0.92684181,  0.99199139],
        [-0.25986896, -0.11586058,  0.        , ...,  0.66524696,
          0.87709989,  0.97067699],
        ...,
        [-0.83641591, -0.74727106, -0.66524696, ...,  0.        ,
          0.33533984,  0.56481303],
        [-0.97178329, -0.92684181, -0.87709989, ..., -0.33533984,
          0.        ,  0.25538002],
        [-0.99979757, -0.99199139, -0.97067699, ..., -0.56481303,
         -0.25538002,  0.        ]],

       [[ 0.        ,  0.14007478,  0.20086213, ...,  0.64060226,
          0.46007938,  0.        ],
        [-0.14007478,  0.        ,  0.06166183, ...,  0.74184614,
          0.57991271,  0.14007478],
        [-0.20086213, -0.06166183,  0.        , ...,  0.78178306,
          0.62904376,  0.20086213],
        ...,
        [-0.64060226, -0.74184614, -0.78178306, ...,  0.        ,
          0.21549404,  0.64060226],
        [-0.46007938, -0.57991271, -0.62904376, ..., -0.21549404,
          0.        ,  0.46007938],
        [-0.        , -0.14007478, -0.20086213, ..., -0.64060226,
         -0.46007938,  0.        ]],

       [[ 0.        ,  0.00576184, -0.00118554, ..., -0.9999012 ,
         -0.99500188, -0.98261234],
        [-0.00576184,  0.        , -0.00694735, ..., -0.9999656 ,
         -0.99441001, -0.98366582],
        [ 0.00118554,  0.00694735,  0.        , ..., -0.99988384,
         -0.99511957, -0.98239153],
        ...,
        [ 0.9999012 ,  0.9999656 ,  0.99988384, ...,  0.        ,
         -0.11383238,  0.17183876],
        [ 0.99500188,  0.99441001,  0.99511957, ...,  0.11383238,
          0.        ,  0.28286094],
        [ 0.98261234,  0.98366582,  0.98239153, ..., -0.17183876,
         -0.28286094,  0.        ]]]), 'num': array([7.82371385e-01, 6.22800914e-01, 4.07587412e-06, 4.76329766e-04,
       4.77546445e-04, 4.68421354e-04, 3.52599611e-03, 5.47505478e-06,
       4.68908025e-04, 4.20727543e-04, 4.01362072e-04, 1.10261520e-06,
       5.16480554e-04, 3.24974532e-04])}
{'img': array([[[ 0.00000000e+00,  7.89896097e-02,  7.89896097e-02, ...,
          9.91880798e-01,  9.85155692e-01,  8.30047764e-01],
        [-7.89896097e-02,  0.00000000e+00,  0.00000000e+00, ...,
          9.98826800e-01,  9.95637124e-01,  8.71506127e-01],
        [-7.89896097e-02,  0.00000000e+00,  0.00000000e+00, ...,
          9.98826800e-01,  9.95637124e-01,  8.71506127e-01],
        ...,
        [-9.91880798e-01, -9.98826800e-01, -9.98826800e-01, ...,
          0.00000000e+00,  4.49861456e-02,  4.47606224e-01],
        [-9.85155692e-01, -9.95637124e-01, -9.95637124e-01, ...,
         -4.49861456e-02,  0.00000000e+00,  4.06925076e-01],
        [-8.30047764e-01, -8.71506127e-01, -8.71506127e-01, ...,
         -4.47606224e-01, -4.06925076e-01,  0.00000000e+00]],

       [[ 0.00000000e+00, -7.93175911e-03, -7.14400441e-03, ...,
          3.33824719e-01,  2.92028678e-01,  3.05706317e-01],
        [ 7.93175911e-03,  0.00000000e+00,  7.87777026e-04, ...,
          3.41290973e-01,  2.99605502e-01,  3.13248733e-01],
        [ 7.14400441e-03, -7.87777026e-04,  0.00000000e+00, ...,
          3.40550390e-01,  2.98853820e-01,  3.12500507e-01],
        ...,
        [-3.33824719e-01, -3.41290973e-01, -3.40550390e-01, ...,
          0.00000000e+00, -4.39966520e-02, -2.96736218e-02],
        [-2.92028678e-01, -2.99605502e-01, -2.98853820e-01, ...,
          4.39966520e-02,  0.00000000e+00,  1.43323895e-02],
        [-3.05706317e-01, -3.13248733e-01, -3.12500507e-01, ...,
          2.96736218e-02, -1.43323895e-02,  0.00000000e+00]],

       [[ 0.00000000e+00,  8.81371468e-02,  2.02507317e-01, ...,
          6.92449680e-01,  6.33890078e-01,  5.24595917e-01],
        [-8.81371468e-02,  0.00000000e+00,  1.15408219e-01, ...,
          7.53342878e-01,  6.99590509e-01,  5.97590052e-01],
        [-2.02507317e-01, -1.15408219e-01,  0.00000000e+00, ...,
          8.24204822e-01,  7.77380198e-01,  6.86131562e-01],
        ...,
        [-6.92449680e-01, -7.53342878e-01, -8.24204822e-01, ...,
          0.00000000e+00,  7.82263640e-02,  2.11039762e-01],
        [-6.33890078e-01, -6.99590509e-01, -7.77380198e-01, ...,
         -7.82263640e-02,  0.00000000e+00,  1.33928547e-01],
        [-5.24595917e-01, -5.97590052e-01, -6.86131562e-01, ...,
         -2.11039762e-01, -1.33928547e-01,  0.00000000e+00]],

       ...,

       [[ 0.00000000e+00,  1.02200454e-01,  2.09864485e-01, ...,
          7.55605318e-01,  7.85607495e-01,  9.99963673e-01],
        [-1.02200454e-01,  0.00000000e+00,  1.08841099e-01, ...,
          6.84704761e-01,  7.18259922e-01,  9.93856568e-01],
        [-2.09864485e-01, -1.08841099e-01,  0.00000000e+00, ...,
          6.01311411e-01,  6.38263953e-01,  9.75906156e-01],
        ...,
        [-7.55605318e-01, -6.84704761e-01, -6.01311411e-01, ...,
          0.00000000e+00,  4.70822157e-02,  6.48562875e-01],
        [-7.85607495e-01, -7.18259922e-01, -6.38263953e-01, ...,
         -4.70822157e-02,  0.00000000e+00,  6.12006479e-01],
        [-9.99963673e-01, -9.93856568e-01, -9.75906156e-01, ...,
         -6.48562875e-01, -6.12006479e-01,  0.00000000e+00]],

       [[ 0.00000000e+00,  1.41115179e-01,  2.24353003e-01, ...,
          6.18014544e-01,  4.50443193e-01,  0.00000000e+00],
        [-1.41115179e-01,  0.00000000e+00,  8.45900813e-02, ...,
          7.22770236e-01,  5.71924041e-01,  1.41115179e-01],
        [-2.24353003e-01, -8.45900813e-02,  0.00000000e+00, ...,
          7.78638934e-01,  6.39263972e-01,  2.24353003e-01],
        ...,
        [-6.18014544e-01, -7.22770236e-01, -7.78638934e-01, ...,
          0.00000000e+00,  1.97643109e-01,  6.18014544e-01],
        [-4.50443193e-01, -5.71924041e-01, -6.39263972e-01, ...,
         -1.97643109e-01,  0.00000000e+00,  4.50443193e-01],
        [-0.00000000e+00, -1.41115179e-01, -2.24353003e-01, ...,
         -6.18014544e-01, -4.50443193e-01,  0.00000000e+00]],

       [[ 0.00000000e+00, -6.94735175e-03, -1.16597622e-02, ...,
         -9.94410012e-01, -9.83665822e-01, -9.35457021e-01],
        [ 6.94735175e-03,  0.00000000e+00, -4.71260134e-03, ...,
         -9.95119568e-01, -9.82391529e-01, -9.32978970e-01],
        [ 1.16597622e-02,  4.71260134e-03,  0.00000000e+00, ...,
         -9.95573540e-01, -9.81500147e-01, -9.31272399e-01],
        ...,
        [ 9.94410012e-01,  9.95119568e-01,  9.95573540e-01, ...,
          0.00000000e+00,  2.82860938e-01,  4.50237339e-01],
        [ 9.83665822e-01,  9.82391529e-01,  9.81500147e-01, ...,
         -2.82860938e-01,  0.00000000e+00,  1.79281010e-01],
        [ 9.35457021e-01,  9.32978970e-01,  9.31272399e-01, ...,
         -4.50237339e-01, -1.79281010e-01,  0.00000000e+00]]]), 'num': array([ 7.82138118e-01,  6.23102144e-01,  4.07784549e-06,  4.74734251e-04,
        4.78994687e-04,  4.72908350e-04,  1.43470777e-03, -1.82590097e-06,
        4.72177990e-04,  4.25069745e-04,  4.03169077e-04,  1.08366480e-06,
        5.22640687e-04,  3.27498803e-04])}
{'img': array([[[ 0.00000000e+00,  0.00000000e+00,  2.47313956e-01, ...,
          9.95637124e-01,  8.71506127e-01,  9.63300594e-01],
        [ 0.00000000e+00,  0.00000000e+00,  2.47313956e-01, ...,
          9.95637124e-01,  8.71506127e-01,  9.63300594e-01],
        [-2.47313956e-01, -2.47313956e-01,  0.00000000e+00, ...,
          9.87784867e-01,  9.65712096e-01,  9.99761287e-01],
        ...,
        [-9.95637124e-01, -9.95637124e-01, -9.87784867e-01, ...,
          0.00000000e+00,  4.06925076e-01,  1.77368493e-01],
        [-8.71506127e-01, -8.71506127e-01, -9.65712096e-01, ...,
         -4.06925076e-01,  0.00000000e+00, -2.38453784e-01],
        [-9.63300594e-01, -9.63300594e-01, -9.99761287e-01, ...,
         -1.77368493e-01,  2.38453784e-01,  0.00000000e+00]],

       [[ 0.00000000e+00,  7.87777026e-04,  3.58033471e-01, ...,
          2.99605502e-01,  3.13248733e-01,  1.11415735e-02],
        [-7.87777026e-04,  0.00000000e+00,  3.57297806e-01, ...,
          2.98853820e-01,  3.12500507e-01,  1.03538420e-02],
        [-3.58033471e-01, -3.57297806e-01,  0.00000000e+00, ...,
         -6.18422711e-02, -4.75309627e-02, -3.47608263e-01],
        ...,
        [-2.99605502e-01, -2.98853820e-01,  6.18422711e-02, ...,
          0.00000000e+00,  1.43323895e-02, -2.88957140e-01],
        [-3.13248733e-01, -3.12500507e-01,  4.75309627e-02, ...,
         -1.43323895e-02,  0.00000000e+00, -3.02648459e-01],
        [-1.11415735e-02, -1.03538420e-02,  3.47608263e-01, ...,
          2.88957140e-01,  3.02648459e-01,  0.00000000e+00]],

       [[ 0.00000000e+00,  1.13618346e-01,  2.71512196e-01, ...,
          8.35869361e-01,  8.21385124e-01,  5.90238492e-01],
        [-1.13618346e-01,  0.00000000e+00,  1.60403737e-01, ...,
          8.92825003e-01,  8.80871168e-01,  6.78132399e-01],
        [-2.71512196e-01, -1.60403737e-01,  0.00000000e+00, ...,
          9.53510689e-01,  9.45393283e-01,  7.87238678e-01],
        ...,
        [-8.35869361e-01, -8.92825003e-01, -9.53510689e-01, ...,
          0.00000000e+00,  2.58764963e-02,  3.50739234e-01],
        [-8.21385124e-01, -8.80871168e-01, -9.45393283e-01, ...,
         -2.58764963e-02,  0.00000000e+00,  3.26389144e-01],
        [-5.90238492e-01, -6.78132399e-01, -7.87238678e-01, ...,
         -3.50739234e-01, -3.26389144e-01,  0.00000000e+00]],

       ...,

       [[ 0.00000000e+00,  1.08841099e-01,  2.77248502e-01, ...,
          7.18259922e-01,  9.93856568e-01,  9.16116443e-01],
        [-1.08841099e-01,  0.00000000e+00,  1.71027077e-01, ...,
          6.38263953e-01,  9.75906156e-01,  8.67038209e-01],
        [-2.77248502e-01, -1.71027077e-01,  0.00000000e+00, ...,
          4.97200329e-01,  9.24210961e-01,  7.69050740e-01],
        ...,
        [-7.18259922e-01, -6.38263953e-01, -4.97200329e-01, ...,
          0.00000000e+00,  6.12006479e-01,  3.49451581e-01],
        [-9.93856568e-01, -9.75906156e-01, -9.24210961e-01, ...,
         -6.12006479e-01,  0.00000000e+00, -2.97057435e-01],
        [-9.16116443e-01, -8.67038209e-01, -7.69050740e-01, ...,
         -3.49451581e-01,  2.97057435e-01,  0.00000000e+00]],

       [[ 0.00000000e+00,  1.71871268e-01,  3.88733629e-01, ...,
          5.87423519e-01,  4.09547264e-01,  0.00000000e+00],
        [-1.71871268e-01,  0.00000000e+00,  2.24595422e-01, ...,
          7.17774240e-01,  5.60249213e-01,  1.71871268e-01],
        [-3.88733629e-01, -2.24595422e-01,  0.00000000e+00, ...,
          8.55816997e-01,  7.31973823e-01,  3.88733629e-01],
        ...,
        [-5.87423519e-01, -7.17774240e-01, -8.55816997e-01, ...,
          0.00000000e+00,  2.04461675e-01,  5.87423519e-01],
        [-4.09547264e-01, -5.60249213e-01, -7.31973823e-01, ...,
         -2.04461675e-01,  0.00000000e+00,  4.09547264e-01],
        [-0.00000000e+00, -1.71871268e-01, -3.88733629e-01, ...,
         -5.87423519e-01, -4.09547264e-01,  0.00000000e+00]],

       [[ 0.00000000e+00, -4.71260134e-03, -6.46954806e-02, ...,
         -9.82391529e-01, -9.32978970e-01, -8.71789151e-01],
        [ 4.71260134e-03,  0.00000000e+00, -5.99920335e-02, ...,
         -9.81500147e-01, -9.31272399e-01, -8.69470855e-01],
        [ 6.46954806e-02,  5.99920335e-02,  0.00000000e+00, ...,
         -9.68246166e-01, -9.07738527e-01, -8.38269694e-01],
        ...,
        [ 9.82391529e-01,  9.81500147e-01,  9.68246166e-01, ...,
          0.00000000e+00,  1.79281010e-01,  3.18375514e-01],
        [ 9.32978970e-01,  9.31272399e-01,  9.07738527e-01, ...,
         -1.79281010e-01,  0.00000000e+00,  1.43265099e-01],
        [ 8.71789151e-01,  8.69470855e-01,  8.38269694e-01, ...,
         -3.18375514e-01, -1.43265099e-01,  0.00000000e+00]]]), 'num': array([ 9.68964626e-01,  2.47154958e-01,  1.85555185e-05,  5.87792890e-04,
        5.97614622e-04,  5.84015300e-04,  4.41087944e-03, -1.51103571e-06,
        5.87339579e-04,  5.33320052e-04,  5.02356412e-04,  1.31884257e-06,
        6.54558330e-04,  4.12081775e-04])}
{'img': array([[[ 0.        ,  0.24731396,  0.22791776, ...,  0.87150613,
          0.96330059,  0.97982982],
        [-0.24731396,  0.        , -0.01996716, ...,  0.9657121 ,
          0.99976129,  0.99881347],
        [-0.22791776,  0.01996716,  0.        , ...,  0.96033579,
          0.99912571,  0.99958674],
        ...,
        [-0.87150613, -0.9657121 , -0.96033579, ...,  0.        ,
         -0.23845378, -0.30633716],
        [-0.96330059, -0.99976129, -0.99912571, ...,  0.23845378,
          0.        , -0.07051085],
        [-0.97982982, -0.99881347, -0.99958674, ...,  0.30633716,
          0.07051085,  0.        ]],

       [[ 0.        ,  0.35729781,  0.10452087, ...,  0.31250051,
          0.01035384,  0.3151571 ],
        [-0.35729781,  0.        , -0.25771928, ..., -0.04753096,
         -0.34760826, -0.04473599],
        [-0.10452087,  0.25771928,  0.        , ...,  0.21150263,
         -0.09421814,  0.21423646],
        ...,
        [-0.31250051,  0.04753096, -0.21150263, ...,  0.        ,
         -0.30264846,  0.00279795],
        [-0.01035384,  0.34760826,  0.09421814, ...,  0.30264846,
          0.        ,  0.305314  ],
        [-0.3151571 ,  0.04473599, -0.21423646, ..., -0.00279795,
         -0.305314  ,  0.        ]],

       [[ 0.        ,  0.15957908,  0.25858581, ...,  0.90127118,
          0.80071489,  0.67562863],
        [-0.15957908,  0.        ,  0.10112055, ...,  0.95886002,
          0.88604899,  0.78461897],
        [-0.25858581, -0.10112055,  0.        , ...,  0.98265111,
          0.92838591,  0.8432897 ],
        ...,
        [-0.90127118, -0.95886002, -0.98265111, ...,  0.        ,
          0.1929885 ,  0.37173531],
        [-0.80071489, -0.88604899, -0.92838591, ..., -0.1929885 ,
          0.        ,  0.18558837],
        [-0.67562863, -0.78461897, -0.8432897 , ..., -0.37173531,
         -0.18558837,  0.        ]],

       ...,

       [[ 0.        ,  0.17102708,  0.19961937, ...,  0.97590616,
          0.86703821,  0.79136008],
        [-0.17102708,  0.        ,  0.02909334, ...,  0.92421096,
          0.76905074,  0.67514298],
        [-0.19961937, -0.02909334,  0.        , ...,  0.91270951,
          0.75012909,  0.65339542],
        ...,
        [-0.97590616, -0.92421096, -0.91270951, ...,  0.        ,
         -0.29705743, -0.42395315],
        [-0.86703821, -0.76905074, -0.75012909, ...,  0.29705743,
          0.        , -0.13577554],
        [-0.79136008, -0.67514298, -0.65339542, ...,  0.42395315,
          0.13577554,  0.        ]],

       [[ 0.        ,  0.34686174,  0.45677461, ...,  0.53118267,
          0.36078218,  0.        ],
        [-0.34686174,  0.        ,  0.11985422, ...,  0.79208602,
          0.66188412,  0.34686174],
        [-0.45677461, -0.11985422,  0.        , ...,  0.85953642,
          0.74695639,  0.45677461],
        ...,
        [-0.53118267, -0.79208602, -0.85953642, ...,  0.        ,
          0.18973222,  0.53118267],
        [-0.36078218, -0.66188412, -0.74695639, ..., -0.18973222,
          0.        ,  0.36078218],
        [-0.        , -0.34686174, -0.45677461, ..., -0.53118267,
         -0.36078218,  0.        ]],

       [[ 0.        , -0.05999203, -0.08450682, ..., -0.9312724 ,
         -0.86947086, -0.74595224],
        [ 0.05999203,  0.        , -0.02457717, ..., -0.90773853,
         -0.83826969, -0.70465402],
        [ 0.08450682,  0.02457717,  0.        , ..., -0.89715331,
         -0.82461563, -0.6870024 ],
        ...,
        [ 0.9312724 ,  0.90773853,  0.89715331, ...,  0.        ,
          0.1432651 ,  0.34845885],
        [ 0.86947086,  0.83826969,  0.82461563, ..., -0.1432651 ,
          0.        ,  0.21057845],
        [ 0.74595224,  0.70465402,  0.6870024 , ..., -0.34845885,
         -0.21057845,  0.        ]]]), 'num': array([9.01655339e-01, 4.32446759e-01, 1.20464334e-05, 5.47501260e-04,
       5.51718215e-04, 5.39067351e-04, 2.29244892e-03, 7.02825751e-07,
       5.47360695e-04, 5.01923010e-04, 4.69089334e-04, 1.22285377e-06,
       6.12733715e-04, 3.91112305e-04])}
{'img': array([[[ 0.        , -0.01996716, -0.08052732, ...,  0.99976129,
          0.99881347,  0.99987796],
        [ 0.01996716,  0.        , -0.06060895, ...,  0.99912571,
          0.99958674,  0.99999056],
        [ 0.08052732,  0.06060895,  0.        , ...,  0.99475504,
          0.99949138,  0.99788878],
        ...,
        [-0.99976129, -0.99912571, -0.99475504, ...,  0.        ,
         -0.07051085, -0.03746466],
        [-0.99881347, -0.99958674, -0.99949138, ...,  0.07051085,
          0.        ,  0.03308994],
        [-0.99987796, -0.99999056, -0.99788878, ...,  0.03746466,
         -0.03308994,  0.        ]],

       [[ 0.        , -0.25771928, -0.38460478, ..., -0.34760826,
         -0.04473599, -0.24703964],
        [ 0.25771928,  0.        , -0.13371692, ..., -0.09421814,
          0.21423646,  0.01103677],
        [ 0.38460478,  0.13371692,  0.        , ...,  0.03975007,
          0.34292477,  0.14464642],
        ...,
        [ 0.34760826,  0.09421814, -0.03975007, ...,  0.        ,
          0.305314  ,  0.10520007],
        [ 0.04473599, -0.21423646, -0.34292477, ..., -0.305314  ,
          0.        , -0.20344289],
        [ 0.24703964, -0.01103677, -0.14464642, ..., -0.10520007,
          0.20344289,  0.        ]],

       [[ 0.        ,  0.1006389 ,  0.15803567, ...,  0.91414202,
          0.8783234 ,  0.7823454 ],
        [-0.1006389 ,  0.        ,  0.05785911, ...,  0.95029935,
          0.9219763 ,  0.84105586],
        [-0.15803567, -0.05785911,  0.        , ...,  0.96672109,
          0.9428375 ,  0.87094568],
        ...,
        [-0.91414202, -0.95029935, -0.96672109, ...,  0.        ,
          0.08095396,  0.25221043],
        [-0.8783234 , -0.9219763 , -0.9428375 , ..., -0.08095396,
          0.        ,  0.17304572],
        [-0.7823454 , -0.84105586, -0.87094568, ..., -0.25221043,
         -0.17304572,  0.        ]],

       ...,

       [[ 0.        ,  0.02909334, -0.38738973, ...,  0.76905074,
          0.67514298,  0.66130417],
        [-0.02909334,  0.        , -0.41404736, ...,  0.75012909,
          0.65339542,  0.63920081],
        [ 0.38738973,  0.41404736,  0.        , ...,  0.95661498,
          0.90819748,  0.90025488],
        ...,
        [-0.76905074, -0.75012909, -0.95661498, ...,  0.        ,
         -0.13577554, -0.15418117],
        [-0.67514298, -0.65339542, -0.90819748, ...,  0.13577554,
          0.        , -0.01860138],
        [-0.66130417, -0.63920081, -0.90025488, ...,  0.15418117,
          0.01860138,  0.        ]],

       [[ 0.        ,  0.30820395,  0.39131443, ...,  0.46757708,
          0.3067685 ,  0.        ],
        [-0.30820395,  0.        ,  0.08863851, ...,  0.71725316,
          0.58517874,  0.30820395],
        [-0.39131443, -0.08863851,  0.        , ...,  0.77619439,
          0.65475275,  0.39131443],
        ...,
        [-0.46757708, -0.71725316, -0.77619439, ...,  0.        ,
          0.17386374,  0.46757708],
        [-0.3067685 , -0.58517874, -0.65475275, ..., -0.17386374,
          0.        ,  0.3067685 ],
        [-0.        , -0.30820395, -0.39131443, ..., -0.46757708,
         -0.3067685 ,  0.        ]],

       [[ 0.        , -0.02457717, -0.02661212, ..., -0.83826969,
         -0.70465402, -0.50031415],
        [ 0.02457717,  0.        , -0.00203561, ..., -0.82461563,
         -0.6870024 , -0.47888302],
        [ 0.02661212,  0.00203561,  0.        , ..., -0.8234624 ,
         -0.6855218 , -0.47709501],
        ...,
        [ 0.83826969,  0.82461563,  0.8234624 , ...,  0.        ,
          0.21057845,  0.45301154],
        [ 0.70465402,  0.6870024 ,  0.6855218 , ..., -0.21057845,
          0.        ,  0.25512198],
        [ 0.50031415,  0.47888302,  0.47709501, ..., -0.45301154,
         -0.25512198,  0.        ]]]), 'num': array([8.56843107e-01, 5.15535808e-01, 8.43775772e-06, 5.32460686e-04,
       5.33777029e-04, 5.11399200e-04, 6.38163017e-03, 1.97451429e-05,
       5.17191109e-04, 4.76943926e-04, 4.41007766e-04, 1.06353529e-06,
       5.77978085e-04, 3.75909767e-04])}
{'img': array([[[ 0.        , -0.05553784,  0.04539045, ...,  0.92944232,
          0.9340508 ,  0.93334742],
        [ 0.05553784,  0.        ,  0.10080099, ...,  0.94849945,
          0.95244396,  0.91197022],
        [-0.04539045, -0.10080099,  0.        , ...,  0.91173676,
          0.91687734,  0.94867945],
        ...,
        [-0.92944232, -0.94849945, -0.91173676, ...,  0.        ,
          0.01269316,  0.67802078],
        [-0.9340508 , -0.95244396, -0.91687734, ..., -0.01269316,
          0.        ,  0.66863614],
        [-0.93334742, -0.91197022, -0.94867945, ..., -0.67802078,
         -0.66863614,  0.        ]],

       [[ 0.        , -0.13371692,  0.1049226 , ...,  0.21423646,
          0.01103677,  0.42211504],
        [ 0.13371692,  0.        ,  0.2369592 , ...,  0.34292477,
          0.14464642,  0.53954431],
        [-0.1049226 , -0.2369592 ,  0.        , ...,  0.11056747,
         -0.09394036,  0.32466836],
        ...,
        [-0.21423646, -0.34292477, -0.11056747, ...,  0.        ,
         -0.20344289,  0.2180999 ],
        [-0.01103677, -0.14464642,  0.09394036, ...,  0.20344289,
          0.        ,  0.41208404],
        [-0.42211504, -0.53954431, -0.32466836, ..., -0.2180999 ,
         -0.41208404,  0.        ]],

       [[ 0.        ,  0.05647291,  0.12022515, ...,  0.98545664,
          0.97846723,  0.83008801],
        [-0.05647291,  0.        ,  0.06397   , ...,  0.99348026,
          0.98856186,  0.86025443],
        [-0.12022515, -0.06397   ,  0.        , ...,  0.99873829,
          0.9961848 ,  0.89110853],
        ...,
        [-0.98545664, -0.99348026, -0.99873829, ...,  0.        ,
          0.03713237,  0.40846812],
        [-0.97846723, -0.98856186, -0.9961848 , ..., -0.03713237,
          0.        ,  0.37429301],
        [-0.83008801, -0.86025443, -0.89110853, ..., -0.40846812,
         -0.37429301,  0.        ]],

       ...,

       [[ 0.        , -0.41404736, -0.34428751, ...,  0.65339542,
          0.63920081,  0.37728861],
        [ 0.41404736,  0.        ,  0.07534473, ...,  0.90819748,
          0.90025488,  0.72687647],
        [ 0.34428751, -0.07534473,  0.        , ...,  0.87408104,
          0.86489362,  0.67306599],
        ...,
        [-0.65339542, -0.90819748, -0.87408104, ...,  0.        ,
         -0.01860138, -0.3194929 ],
        [-0.63920081, -0.90025488, -0.86489362, ...,  0.01860138,
          0.        , -0.30181116],
        [-0.37728861, -0.72687647, -0.67306599, ...,  0.3194929 ,
          0.30181116,  0.        ]],

       [[ 0.        ,  0.24685388,  0.3862051 , ...,  0.44405652,
          0.32984647,  0.        ],
        [-0.24685388,  0.        ,  0.14655189, ...,  0.65149495,
          0.55267722,  0.24685388],
        [-0.3862051 , -0.14655189,  0.        , ...,  0.75564277,
          0.66884562,  0.3862051 ],
        ...,
        [-0.44405652, -0.65149495, -0.75564277, ...,  0.        ,
          0.12366268,  0.44405652],
        [-0.32984647, -0.55267722, -0.66884562, ..., -0.12366268,
          0.        ,  0.32984647],
