state_0,state_1,state_2,state_3,state_4,state_5,state_6,state_7,state_8,state_9,state_10,state_11,state_12,state_13,state_14,state_15,state_16,state_17,state_18,state_19,state_20,state_21,state_22,state_23,state_24,state_25,state_26,state_27,state_28,state_29,state_30,state_31,state_32,state_33,state_34,state_35,state_36,state_37,state_38,state_39,state_40,state_41,state_42,state_43,state_44,state_45,state_46,state_47,state_48,state_49,state_50,state_51,state_52,state_53,state_54,state_55,state_56,state_57,state_58,state_59,state_60,state_61,state_62,state_63,state_64,state_65,state_66,state_67,state_68,state_69,state_70,state_71,state_72,state_73,state_74,state_75,state_76,state_77,state_78,state_79,state_80,state_81,state_82,state_83,state_84,state_85,state_86,state_87,state_88,state_89,state_90,state_91,state_92,state_93,state_94,state_95,state_96,state_97,state_98,state_99,state_100,state_101,state_102,state_103,state_104,state_105,state_106,state_107,state_108,state_109,state_110,state_111,state_112,state_113,state_114,state_115,state_116,state_117,state_118,state_119,state_120,state_121,state_122,state_123,state_124,state_125,state_126,state_127,state_128,state_129,state_130,state_131,state_132,state_133,state_134,state_135,state_136,state_137,state_138,state_139,state_140,state_141,state_142,state_143,state_144,state_145,state_146,state_147,state_148,state_149,state_150,state_151,state_152,state_153,state_154,state_155,state_156,state_157,state_158,state_159,state_160,state_161,state_162,state_163,state_164,state_165,state_166,state_167,state_168,state_169,state_170,state_171,state_172,state_173,state_174,state_175,state_176,state_177,state_178,state_179,state_180,state_181,state_182,state_183,state_184,state_185,state_186,state_187,state_188,state_189,state_190,state_191,state_192,state_193,state_194,state_195,state_196,state_197,state_198,state_199,state_200,state_201,state_202,state_203,state_204,state_205,state_206,state_207,state_208,state_209,state_210,state_211,state_212,state_213,state_214,state_215,state_216,state_217,state_218,state_219,state_220,state_221,state_222,state_223,state_224,state_225,state_226,state_227,state_228,state_229,state_230,state_231,state_232,state_233,state_234,state_235,state_236,state_237,state_238,state_239,state_240,state_241,state_242,state_243,state_244,state_245,state_246,state_247,state_248,state_249,state_250,state_251,state_252,state_253,state_254,state_255,state_256,state_257,state_258,state_259,state_260,state_261,state_262,state_263,state_264,state_265,state_266,state_267,state_268,state_269,state_270,state_271,state_272,state_273,state_274,state_275,state_276,state_277,state_278,state_279,state_280,state_281,state_282,state_283,state_284,state_285,state_286,state_287
{'img': array([[[ 0.        ,  0.05205252,  0.19334507, ..., -0.98362187,
         -0.9785376 , -0.99517722],
        [-0.05205252,  0.        ,  0.14201263, ..., -0.99167059,
         -0.98793742, -0.99893411],
        [-0.19334507, -0.14201263,  0.        , ..., -0.99991108,
         -0.9999157 , -0.9953649 ],
        ...,
        [ 0.98362187,  0.99167059,  0.99991108, ...,  0.        ,
          0.02631746, -0.08288835],
        [ 0.9785376 ,  0.98793742,  0.9999157 , ..., -0.02631746,
          0.        , -0.10908653],
        [ 0.99517722,  0.99893411,  0.9953649 , ...,  0.08288835,
          0.10908653,  0.        ]],

       [[ 0.        ,  0.67130368,  0.21961713, ...,  0.40085198,
          0.15078836, -0.15495762],
        [-0.67130368,  0.        , -0.49213822, ..., -0.31790563,
         -0.55186636, -0.77804695],
        [-0.21961713,  0.49213822,  0.        , ...,  0.18986497,
         -0.06999901, -0.36813891],
        ...,
        [-0.40085198,  0.31790563, -0.18986497, ...,  0.        ,
         -0.25812498, -0.53797345],
        [-0.15078836,  0.55186636,  0.06999901, ...,  0.25812498,
          0.        , -0.30215285],
        [ 0.15495762,  0.77804695,  0.36813891, ...,  0.53797345,
          0.30215285,  0.        ]],

       [[ 0.        ,  0.15847028,  0.40055885, ..., -0.88291853,
         -0.93190126, -0.97248764],
        [-0.15847028,  0.        ,  0.25029556, ..., -0.9461677 ,
         -0.9776046 , -0.9971154 ],
        [-0.40055885, -0.25029556,  0.        , ..., -0.99706556,
         -0.99916166, -0.98437423],
        ...,
        [ 0.88291853,  0.9461677 ,  0.99706556, ...,  0.        ,
         -0.11730686, -0.25092862],
        [ 0.93190126,  0.9776046 ,  0.99916166, ...,  0.11730686,
          0.        , -0.13564244],
        [ 0.97248764,  0.9971154 ,  0.98437423, ...,  0.25092862,
          0.13564244,  0.        ]],

       ...,

       [[ 0.        ,  0.18261814,  0.95597104, ..., -0.88160358,
         -0.65815986, -0.72105313],
        [-0.18261814,  0.        ,  0.88630405, ..., -0.95297251,
         -0.78458141, -0.83546026],
        [-0.95597104, -0.88630405,  0.        , ..., -0.70992562,
         -0.91287402, -0.87397398],
        ...,
        [ 0.88160358,  0.95297251,  0.70992562, ...,  0.        ,
          0.35309486,  0.27051499],
        [ 0.65815986,  0.78458141,  0.91287402, ..., -0.35309486,
          0.        , -0.08683953],
        [ 0.72105313,  0.83546026,  0.87397398, ..., -0.27051499,
          0.08683953,  0.        ]],

       [[ 0.        ,  0.07667449,  0.11520322, ..., -0.65266522,
         -0.78556101, -0.85688702],
        [-0.07667449,  0.        ,  0.03870009, ..., -0.59265173,
         -0.7358035 , -0.81483847],
        [-0.11520322, -0.03870009,  0.        , ..., -0.56103643,
         -0.70904477, -0.79179407],
        ...,
        [ 0.65266522,  0.59265173,  0.56103643, ...,  0.        ,
          0.19131857,  0.31276569],
        [ 0.78556101,  0.7358035 ,  0.70904477, ..., -0.19131857,
          0.        ,  0.12526811],
        [ 0.85688702,  0.81483847,  0.79179407, ..., -0.31276569,
         -0.12526811,  0.        ]],

       [[ 0.        ,  0.00696419, -0.00271103, ...,  0.13651853,
          0.07528752, -0.03052483],
        [-0.00696419,  0.        , -0.00967513, ...,  0.12961623,
          0.06834127, -0.03748503],
        [ 0.00271103,  0.00967513,  0.        , ...,  0.13920368,
          0.07799059, -0.02781495],
        ...,
        [-0.13651853, -0.12961623, -0.13920368, ...,  0.        ,
         -0.06154843, -0.16669396],
        [-0.07528752, -0.06834127, -0.07799059, ...,  0.06154843,
          0.        , -0.10569064],
        [ 0.03052483,  0.03748503,  0.02781495, ...,  0.16669396,
          0.10569064,  0.        ]]]), 'num': array([9.98462930e-01, 5.53930962e-02, 4.61158851e-06, 4.11820895e-04,
       4.18869175e-04, 4.08800204e-04, 1.40317347e-03, 4.02758822e-06,
       4.11820895e-04, 4.24709178e-04, 4.35264815e-04, 6.22445452e-08,
       4.42750345e-04, 4.06668010e-04])}
{'img': array([[[ 0.        ,  0.14201263,  0.20501248, ..., -0.98793742,
         -0.99893411, -0.98793742],
        [-0.14201263,  0.        ,  0.06393846, ..., -0.9999157 ,
         -0.9953649 , -0.9999157 ],
        [-0.20501248, -0.06393846,  0.        , ..., -0.99869993,
         -0.98717925, -0.99869993],
        ...,
        [ 0.98793742,  0.9999157 ,  0.99869993, ...,  0.        ,
         -0.10908653,  0.        ],
        [ 0.99893411,  0.9953649 ,  0.98717925, ...,  0.10908653,
          0.        ,  0.10908653],
        [ 0.98793742,  0.9999157 ,  0.99869993, ...,  0.        ,
         -0.10908653,  0.        ]],

       [[ 0.        , -0.49213822, -0.64358156, ..., -0.55186636,
         -0.77804695, -0.4784966 ],
        [ 0.49213822,  0.        , -0.18357719, ..., -0.06999901,
         -0.36813891,  0.01560189],
        [ 0.64358156,  0.18357719,  0.        , ...,  0.1143175 ,
         -0.19119778,  0.19889159],
        ...,
        [ 0.55186636,  0.06999901, -0.1143175 , ...,  0.        ,
         -0.30215285,  0.08555411],
        [ 0.77804695,  0.36813891,  0.19119778, ...,  0.30215285,
          0.        ,  0.38260028],
        [ 0.4784966 , -0.01560189, -0.19889159, ..., -0.08555411,
         -0.38260028,  0.        ]],

       [[ 0.        ,  0.25029556,  0.25029556, ..., -0.9776046 ,
         -0.9971154 , -0.99936745],
        [-0.25029556,  0.        ,  0.        , ..., -0.99916166,
         -0.98437423, -0.9764582 ],
        [-0.25029556,  0.        ,  0.        , ..., -0.99916166,
         -0.98437423, -0.9764582 ],
        ...,
        [ 0.9776046 ,  0.99916166,  0.99916166, ...,  0.        ,
         -0.13564244, -0.1755509 ],
        [ 0.9971154 ,  0.98437423,  0.98437423, ...,  0.13564244,
          0.        , -0.04039248],
        [ 0.99936745,  0.9764582 ,  0.9764582 , ...,  0.1755509 ,
          0.04039248,  0.        ]],

       ...,

       [[ 0.        ,  0.88630405,  0.99519645, ..., -0.78458141,
         -0.83546026, -0.75692488],
        [-0.88630405,  0.        ,  0.37411182, ..., -0.91287402,
         -0.87397398, -0.92973617],
        [-0.99519645, -0.37411182,  0.        , ..., -0.69385648,
         -0.62870101, -0.72446424],
        ...,
        [ 0.78458141,  0.91287402,  0.69385648, ...,  0.        ,
         -0.08683953,  0.04341248],
        [ 0.83546026,  0.87397398,  0.62870101, ...,  0.08683953,
          0.        ,  0.13000614],
        [ 0.75692488,  0.92973617,  0.72446424, ..., -0.04341248,
         -0.13000614,  0.        ]],

       [[ 0.        ,  0.03870009,  0.04620291, ..., -0.7358035 ,
         -0.81483847, -0.83099204],
        [-0.03870009,  0.        ,  0.00750954, ..., -0.70904477,
         -0.79179407, -0.80884127],
        [-0.04620291, -0.00750954,  0.        , ..., -0.70372933,
         -0.78718501, -0.80440265],
        ...,
        [ 0.7358035 ,  0.70904477,  0.70372933, ...,  0.        ,
          0.12526811,  0.15342782],
        [ 0.81483847,  0.79179407,  0.78718501, ..., -0.12526811,
          0.        ,  0.02843433],
        [ 0.83099204,  0.80884127,  0.80440265, ..., -0.15342782,
         -0.02843433,  0.        ]],

       [[ 0.        , -0.00967513, -0.01205667, ...,  0.06834127,
         -0.03748503, -0.11161308],
        [ 0.00967513,  0.        , -0.00238168, ...,  0.07799059,
         -0.02781495, -0.10199318],
        [ 0.01205667,  0.00238168,  0.        , ...,  0.08036479,
         -0.02543411, -0.09962363],
        ...,
        [-0.06834127, -0.07799059, -0.08036479, ...,  0.        ,
         -0.10569064, -0.17926639],
        [ 0.03748503,  0.02781495,  0.02543411, ...,  0.10569064,
          0.        , -0.07428382],
        [ 0.11161308,  0.10199318,  0.09962363, ...,  0.17926639,
          0.07428382,  0.        ]]]), 'num': array([7.07024959e-01, 7.07024959e-01, 0.00000000e+00, 4.26475811e-03,
       4.30586421e-03, 4.22365201e-03, 9.11905994e-03, 6.16591534e-05,
       4.20515426e-03, 4.33155553e-03, 4.43226548e-03, 7.53611875e-07,
       4.51818131e-03, 4.14492975e-03])}
{'img': array([[[ 0.        ,  0.06393846,  0.30007127, ..., -0.9953649 ,
         -0.9999157 , -0.98712636],
        [-0.06393846,  0.        ,  0.23846531, ..., -0.98717925,
         -0.99869993, -0.99533301],
        [-0.30007127, -0.23846531,  0.        , ..., -0.92063736,
         -0.95773267, -0.98963051],
        ...,
        [ 0.9953649 ,  0.98717925,  0.92063736, ...,  0.        ,
          0.10908653,  0.25413319],
        [ 0.9999157 ,  0.99869993,  0.95773267, ..., -0.10908653,
          0.        ,  0.14711145],
        [ 0.98712636,  0.99533301,  0.98963051, ..., -0.25413319,
         -0.14711145,  0.        ]],

       [[ 0.        , -0.18357719,  0.13411609, ..., -0.36813891,
          0.01560189, -0.26340262],
        [ 0.18357719,  0.        ,  0.31375551, ..., -0.19119778,
          0.19889159, -0.08183183],
        [-0.13411609, -0.31375551,  0.        , ..., -0.48951023,
         -0.11863883, -0.39040286],
        ...,
        [ 0.36813891,  0.19119778,  0.48951023, ...,  0.        ,
          0.38260028,  0.11023438],
        [-0.01560189, -0.19889159,  0.11863883, ..., -0.38260028,
          0.        , -0.27842149],
        [ 0.26340262,  0.08183183,  0.39040286, ..., -0.11023438,
          0.27842149,  0.        ]],

       [[ 0.        ,  0.        ,  0.09396175, ..., -0.98437423,
         -0.9764582 , -0.97791421],
        [ 0.        ,  0.        ,  0.09396175, ..., -0.98437423,
         -0.9764582 , -0.97791421],
        [-0.09396175, -0.09396175,  0.        , ..., -0.96347353,
         -0.95186998, -0.9539491 ],
        ...,
        [ 0.98437423,  0.98437423,  0.96347353, ...,  0.        ,
         -0.04039248, -0.03354076],
        [ 0.9764582 ,  0.9764582 ,  0.95186998, ...,  0.04039248,
          0.        ,  0.00685636],
        [ 0.97791421,  0.97791421,  0.9539491 , ...,  0.03354076,
         -0.00685636,  0.        ]],

       ...,

       [[ 0.        ,  0.37411182,  0.07077899, ..., -0.87397398,
         -0.92973617, -0.99109926],
        [-0.37411182,  0.        , -0.30753428, ..., -0.62870101,
         -0.72446424, -0.86932558],
        [-0.07077899,  0.30753428,  0.        , ..., -0.83738542,
         -0.90134172, -0.97919116],
        ...,
        [ 0.87397398,  0.62870101,  0.83738542, ...,  0.        ,
          0.13000614,  0.36529945],
        [ 0.92973617,  0.72446424,  0.90134172, ..., -0.13000614,
          0.        ,  0.2411778 ],
        [ 0.99109926,  0.86932558,  0.97919116, ..., -0.36529945,
         -0.2411778 ,  0.        ]],

       [[ 0.        ,  0.00750954,  0.05030097, ..., -0.79179407,
         -0.80884127, -0.80610218],
        [-0.00750954,  0.        ,  0.04279952, ..., -0.78718501,
         -0.80440265, -0.80163548],
        [-0.05030097, -0.04279952,  0.        , ..., -0.76006851,
         -0.77823903, -0.77531482],
        ...,
        [ 0.79179407,  0.78718501,  0.76006851, ...,  0.        ,
          0.02843433,  0.02379263],
        [ 0.80884127,  0.80440265,  0.77823903, ..., -0.02843433,
          0.        , -0.00464328],
        [ 0.80610218,  0.80163548,  0.77531482, ..., -0.02379263,
          0.00464328,  0.        ]],

       [[ 0.        , -0.00238168, -0.01764355, ..., -0.02781495,
         -0.10199318, -0.1266806 ],
        [ 0.00238168,  0.        , -0.01526219, ..., -0.02543411,
         -0.09962363, -0.12431775],
        [ 0.01764355,  0.01526219,  0.        , ..., -0.0101739 ,
         -0.08442576, -0.10915948],
        ...,
        [ 0.02781495,  0.02543411,  0.0101739 , ...,  0.        ,
         -0.07428382, -0.09904073],
        [ 0.10199318,  0.09962363,  0.08442576, ...,  0.07428382,
          0.        , -0.0248485 ],
        [ 0.1266806 ,  0.12431775,  0.10915948, ...,  0.09904073,
          0.0248485 ,  0.        ]]]), 'num': array([7.06998390e-01, 7.06998390e-01, 0.00000000e+00, 4.31597854e-03,
       4.35708310e-03, 4.24404557e-03, 1.25406306e-02, 5.13806969e-05,
       4.22965897e-03, 4.32625468e-03, 4.42199405e-03, 9.40528012e-07,
       4.50858015e-03, 4.14392921e-03])}
{'img': array([[[ 0.        ,  0.23846531,  0.10776477, ..., -0.99869993,
         -0.99533301, -0.97801928],
        [-0.23846531,  0.        , -0.13242072, ..., -0.95773267,
         -0.98963051, -0.99952789],
        [-0.10776477,  0.13242072,  0.        , ..., -0.9873906 ,
         -0.99993588, -0.99479422],
        ...,
        [ 0.99869993,  0.95773267,  0.9873906 , ...,  0.        ,
          0.14711145,  0.25809797],
        [ 0.99533301,  0.98963051,  0.99993588, ..., -0.14711145,
          0.        ,  0.11316271],
        [ 0.97801928,  0.99952789,  0.99479422, ..., -0.25809797,
         -0.11316271,  0.        ]],

       [[ 0.        ,  0.31375551,  0.05057403, ...,  0.19889159,
         -0.08183183,  0.11693196],
        [-0.31375551,  0.        , -0.26533378, ..., -0.11863883,
         -0.39040286, -0.20057579],
        [-0.05057403,  0.26533378,  0.        , ...,  0.14907344,
         -0.13213152,  0.06655524],
        ...,
        [-0.19889159,  0.11863883, -0.14907344, ...,  0.        ,
         -0.27842149, -0.08293135],
        [ 0.08183183,  0.39040286,  0.13213152, ...,  0.27842149,
          0.        ,  0.19781024],
        [-0.11693196,  0.20057579, -0.06655524, ...,  0.08293135,
         -0.19781024,  0.        ]],

       [[ 0.        ,  0.09396175,  0.21698116, ..., -0.9764582 ,
         -0.97791421, -0.9913165 ],
        [-0.09396175,  0.        ,  0.12429801, ..., -0.95186998,
         -0.9539491 , -0.97457499],
        [-0.21698116, -0.12429801,  0.        , ..., -0.90639057,
         -0.90926567, -0.93916669],
        ...,
        [ 0.9764582 ,  0.95186998,  0.90639057, ...,  0.        ,
          0.00685636,  0.08543181],
        [ 0.97791421,  0.9539491 ,  0.90926567, ..., -0.00685636,
          0.        ,  0.0785985 ],
        [ 0.9913165 ,  0.97457499,  0.93916669, ..., -0.08543181,
         -0.0785985 ,  0.        ]],

       ...,

       [[ 0.        , -0.30753428, -0.68289062, ..., -0.72446424,
         -0.86932558, -0.98253904],
        [ 0.30753428,  0.        , -0.42513555, ..., -0.90134172,
         -0.97919116, -0.99214102],
        [ 0.68289062,  0.42513555,  0.        , ..., -0.99996104,
         -0.97257204, -0.84482133],
        ...,
        [ 0.72446424,  0.90134172,  0.99996104, ...,  0.        ,
          0.2411778 ,  0.542485  ],
        [ 0.86932558,  0.97919116,  0.97257204, ..., -0.2411778 ,
          0.        ,  0.32386622],
        [ 0.98253904,  0.99214102,  0.84482133, ..., -0.542485  ,
         -0.32386622,  0.        ]],

       [[ 0.        ,  0.04279952,  0.17056953, ..., -0.80440265,
         -0.80163548, -0.74777293],
        [-0.04279952,  0.        ,  0.12824092, ..., -0.77823903,
         -0.77531482, -0.7186708 ],
        [-0.17056953, -0.12824092,  0.        , ..., -0.69128193,
         -0.68791932, -0.62356438],
        ...,
        [ 0.80440265,  0.77823903,  0.69128193, ...,  0.        ,
         -0.00464328, -0.0898465 ],
        [ 0.80163548,  0.77531482,  0.68791932, ...,  0.00464328,
          0.        , -0.08522104],
        [ 0.74777293,  0.7186708 ,  0.62356438, ...,  0.0898465 ,
          0.08522104,  0.        ]],

       [[ 0.        , -0.01526219, -0.03647522, ..., -0.09962363,
         -0.12431775, -0.12806288],
        [ 0.01526219,  0.        , -0.02121894, ..., -0.08442576,
         -0.10915948, -0.11291145],
        [ 0.03647522,  0.02121894,  0.        , ..., -0.06326357,
         -0.08804276, -0.09180278],
        ...,
        [ 0.09962363,  0.08442576,  0.06326357, ...,  0.        ,
         -0.0248485 , -0.02862246],
        [ 0.12431775,  0.10915948,  0.08804276, ...,  0.0248485 ,
          0.        , -0.0037753 ],
        [ 0.12806288,  0.11291145,  0.09180278, ...,  0.02862246,
          0.0037753 ,  0.        ]]]), 'num': array([7.07025275e-01, 7.07025275e-01, 0.00000000e+00, 4.33669573e-03,
       4.36752532e-03, 4.28531308e-03, 8.98310552e-03, 2.05530603e-05,
       4.25653879e-03, 4.31819797e-03, 4.41205695e-03, 9.93397915e-07,
       4.48218512e-03, 4.15421082e-03])}
{'img': array([[[ 0.        , -0.13242072, -0.50084898, ..., -0.98963051,
         -0.99952789, -0.99991654],
        [ 0.13242072,  0.        , -0.38182358, ..., -0.99993588,
         -0.99479422, -0.98940011],
        [ 0.50084898,  0.38182358,  0.        , ..., -0.92849976,
         -0.88051446, -0.85899189],
        ...,
        [ 0.98963051,  0.99993588,  0.92849976, ...,  0.        ,
          0.11316271,  0.15640979],
        [ 0.99952789,  0.99479422,  0.88051446, ..., -0.11316271,
          0.        ,  0.04363516],
        [ 0.99991654,  0.98940011,  0.85899189, ..., -0.15640979,
         -0.04363516,  0.        ]],

       [[ 0.        , -0.26533378, -0.27752544, ..., -0.39040286,
         -0.20057579, -0.3994172 ],
        [ 0.26533378,  0.        , -0.01266698, ..., -0.13213152,
          0.06655524, -0.14185088],
        [ 0.27752544,  0.01266698,  0.        , ..., -0.119565  ,
          0.07918879, -0.12930061],
        ...,
        [ 0.39040286,  0.13213152,  0.119565  , ...,  0.        ,
          0.19781024, -0.00981175],
        [ 0.20057579, -0.06655524, -0.07918879, ..., -0.19781024,
          0.        , -0.20741859],
        [ 0.3994172 ,  0.14185088,  0.12930061, ...,  0.00981175,
          0.20741859,  0.        ]],

       [[ 0.        ,  0.12429801,  0.09021119, ..., -0.9539491 ,
         -0.97457499, -0.98924638],
        [-0.12429801,  0.        , -0.03427961, ..., -0.90926567,
         -0.93916669, -0.96339504],
        [-0.09021119,  0.03427961,  0.        , ..., -0.92299901,
         -0.95038846, -0.97201871],
        ...,
        [ 0.9539491 ,  0.90926567,  0.92299901, ...,  0.        ,
          0.0785985 ,  0.15721943],
        [ 0.97457499,  0.93916669,  0.95038846, ..., -0.0785985 ,
          0.        ,  0.07911202],
        [ 0.98924638,  0.96339504,  0.97201871, ..., -0.15721943,
         -0.07911202,  0.        ]],

       ...,

       [[ 0.        , -0.6338023 , -0.93234187, ..., -0.87634708,
         -0.98615205, -0.99706301],
        [ 0.6338023 ,  0.        , -0.49199289, ..., -0.98314016,
         -0.86789588, -0.81976345],
        [ 0.93234187,  0.49199289,  0.        , ..., -0.76595842,
         -0.51119391, -0.43191998],
        ...,
        [ 0.87634708,  0.98314016,  0.76595842, ...,  0.        ,
          0.32967325,  0.41314995],
        [ 0.98615205,  0.86789588,  0.51119391, ..., -0.32967325,
          0.        ,  0.08983161],
        [ 0.99706301,  0.81976345,  0.43191998, ..., -0.41314995,
         -0.08983161,  0.        ]],

       [[ 0.        ,  0.12697193,  0.08135747, ..., -0.82912883,
         -0.79262094, -0.51419281],
        [-0.12697193,  0.        , -0.04585203, ..., -0.7514335 ,
         -0.70878906, -0.40113049],
        [-0.08135747,  0.04585203,  0.        , ..., -0.78089675,
         -0.74038855, -0.44271001],
        ...,
        [ 0.82912883,  0.7514335 ,  0.78089675, ...,  0.        ,
         -0.0624113 , -0.42365937],
        [ 0.79262094,  0.70878906,  0.74038855, ...,  0.0624113 ,
          0.        , -0.36629994],
        [ 0.51419281,  0.40113049,  0.44271001, ...,  0.42365937,
          0.36629994,  0.        ]],

       [[ 0.        , -0.02121894, -0.01580111, ..., -0.10915948,
         -0.11291145, -0.06805331],
        [ 0.02121894,  0.        ,  0.00541874, ..., -0.08804276,
         -0.09180278, -0.04686824],
        [ 0.01580111, -0.00541874,  0.        , ..., -0.09343917,
         -0.09719729, -0.05228034],
        ...,
        [ 0.10915948,  0.08804276,  0.09343917, ...,  0.        ,
         -0.0037753 ,  0.04125977],
        [ 0.11291145,  0.09180278,  0.09719729, ...,  0.0037753 ,
          0.        ,  0.04503157],
        [ 0.06805331,  0.04686824,  0.05228034, ..., -0.04125977,
         -0.04503157,  0.        ]]]), 'num': array([ 7.07031012e-01,  7.07031012e-01,  0.00000000e+00,  4.25451801e-03,
        4.33673092e-03,  4.21341155e-03,  8.13648822e-03, -8.22129084e-05,
        4.27507123e-03,  4.31052555e-03,  4.39958954e-03,  9.31318103e-07,
        4.47124535e-03,  4.14980576e-03])}
{'img': array([[[ 0.        , -0.38182358,  0.51029403, ..., -0.99479422,
         -0.98940011, -0.99939069],
        [ 0.38182358,  0.        ,  0.8       , ..., -0.88051446,
         -0.85899189, -0.93699901],
        [-0.51029403, -0.8       ,  0.        , ..., -0.9075241 ,
         -0.92498649, -0.84166502],
        ...,
        [ 0.99479422,  0.88051446,  0.9075241 , ...,  0.        ,
          0.04363516, -0.13656371],
        [ 0.98940011,  0.85899189,  0.92498649, ..., -0.04363516,
          0.        , -0.17966   ],
        [ 0.99939069,  0.93699901,  0.84166502, ...,  0.13656371,
          0.17966   ,  0.        ]],

       [[ 0.        , -0.01266698,  0.21468206, ...,  0.06655524,
         -0.14185088, -0.20813271],
        [ 0.01266698,  0.        ,  0.22703647, ...,  0.07918879,
         -0.12930061, -0.19572644],
        [-0.21468206, -0.22703647,  0.        , ..., -0.14920262,
         -0.35105469, -0.41326054],
        ...,
        [-0.06655524, -0.07918879,  0.14920262, ...,  0.        ,
         -0.20741859, -0.27276894],
        [ 0.14185088,  0.12930061,  0.35105469, ...,  0.20741859,
          0.        , -0.06728365],
        [ 0.20813271,  0.19572644,  0.41326054, ...,  0.27276894,
          0.06728365,  0.        ]],

       [[ 0.        , -0.03427961,  0.12589745, ..., -0.93916669,
         -0.96339504, -0.9760273 ],
        [ 0.03427961,  0.        ,  0.15983032, ..., -0.95038846,
         -0.97201871, -0.98291456],
        [-0.12589745, -0.15983032,  0.        , ..., -0.88845304,
         -0.92197824, -0.94085996],
        ...,
        [ 0.93916669,  0.95038846,  0.88845304, ...,  0.        ,
          0.07911202,  0.13082008],
        [ 0.96339504,  0.97201871,  0.92197824, ..., -0.07911202,
          0.        ,  0.05197791],
        [ 0.9760273 ,  0.98291456,  0.94085996, ..., -0.13082008,
         -0.05197791,  0.        ]],

       ...,

       [[ 0.        , -0.5478056 , -0.42550117, ..., -0.90983485,
         -0.86718796, -0.91653618],
        [ 0.5478056 ,  0.        ,  0.1397643 , ..., -0.5338498 ,
         -0.45269759, -0.54768353],
        [ 0.42550117, -0.1397643 ,  0.        , ..., -0.64679176,
         -0.57287708, -0.65924668],
        ...,
        [ 0.90983485,  0.5338498 ,  0.64679176, ...,  0.        ,
          0.09322299, -0.01644545],
        [ 0.86718796,  0.45269759,  0.57287708, ..., -0.09322299,
          0.        , -0.10958421],
        [ 0.91653618,  0.54768353,  0.65924668, ...,  0.01644545,
          0.10958421,  0.        ]],

       [[ 0.        , -0.04551081,  0.39840499, ..., -0.75356762,
         -0.60382248, -0.39840499],
        [ 0.04551081,  0.        ,  0.43973513, ..., -0.78270427,
         -0.63947435, -0.43973513],
        [-0.39840499, -0.43973513,  0.        , ..., -0.42927982,
         -0.23625567, -0.        ],
        ...,
        [ 0.75356762,  0.78270427,  0.42927982, ...,  0.        ,
         -0.20374791, -0.42927982],
        [ 0.60382248,  0.63947435,  0.23625567, ...,  0.20374791,
          0.        , -0.23625567],
        [ 0.39840499,  0.43973513,  0.        , ...,  0.42927982,
          0.23625567,  0.        ]],

       [[ 0.        ,  0.00541874, -0.02369941, ..., -0.09180278,
         -0.04686824, -0.06653579],
        [-0.00541874,  0.        , -0.02911628, ..., -0.09719729,
         -0.05228034, -0.07194155],
        [ 0.02369941,  0.02911628,  0.        , ..., -0.06817766,
         -0.02318171, -0.04287021],
        ...,
        [ 0.09180278,  0.09719729,  0.06817766, ...,  0.        ,
          0.04503157,  0.02534452],
        [ 0.04686824,  0.05228034,  0.02318171, ..., -0.04503157,
          0.        , -0.01969829],
        [ 0.06653579,  0.07194155,  0.04287021, ..., -0.02534452,
          0.01969829,  0.        ]]]), 'num': array([ 7.07038813e-01,  7.07038813e-01,  0.00000000e+00,  4.23401150e-03,
        4.29567186e-03,  4.22373477e-03,  6.69734294e-03, -2.05534539e-05,
        4.28128444e-03,  4.30235173e-03,  4.38730601e-03,  9.17000250e-07,
        4.46106313e-03,  4.14364034e-03])}
{'img': array([[[ 0.        ,  0.8       ,  0.6       , ..., -0.85899189,
         -0.93699901, -0.95276988],
        [-0.8       ,  0.        , -0.28      , ..., -0.92498649,
         -0.84166502, -0.81461647],
        [-0.6       ,  0.28      ,  0.        , ..., -0.99438703,
         -0.95919842, -0.94443182],
        ...,
        [ 0.85899189,  0.92498649,  0.99438703, ...,  0.        ,
         -0.17966   , -0.2269379 ],
        [ 0.93699901,  0.84166502,  0.95919842, ...,  0.17966   ,
          0.        , -0.04827281],
        [ 0.95276988,  0.81461647,  0.94443182, ...,  0.2269379 ,
          0.04827281,  0.        ]],

       [[ 0.        ,  0.22703647,  0.03333381, ..., -0.12930061,
         -0.19572644, -0.35727643],
        [-0.22703647,  0.        , -0.19444696, ..., -0.35105469,
         -0.41326054, -0.55999838],
        [-0.03333381,  0.19444696,  0.        , ..., -0.16228275,
         -0.22830676, -0.38821163],
        ...,
        [ 0.12930061,  0.35105469,  0.16228275, ...,  0.        ,
         -0.06728365, -0.23351066],
        [ 0.19572644,  0.41326054,  0.22830676, ...,  0.06728365,
          0.        , -0.16755795],
        [ 0.35727643,  0.55999838,  0.38821163, ...,  0.23351066,
          0.16755795,  0.        ]],

       [[ 0.        ,  0.15983032,  0.41979003, ..., -0.97201871,
         -0.98291456, -0.98588547],
        [-0.15983032,  0.        ,  0.26932803, ..., -0.92197824,
         -0.94085996, -0.94645246],
        [-0.41979003, -0.26932803,  0.        , ..., -0.78361472,
         -0.81484658, -0.82452889],
        ...,
        [ 0.97201871,  0.92197824,  0.78361472, ...,  0.        ,
          0.05197791,  0.06885142],
        [ 0.98291456,  0.94085996,  0.81484658, ..., -0.05197791,
          0.        ,  0.01690378],
        [ 0.98588547,  0.94645246,  0.82452889, ..., -0.06885142,
         -0.01690378,  0.        ]],

       ...,

       [[ 0.        ,  0.1397643 ,  0.16395985, ..., -0.45269759,
         -0.54768353, -0.56887724],
        [-0.1397643 ,  0.        ,  0.02447768, ..., -0.57287708,
         -0.65924668, -0.6782389 ],
        [-0.16395985, -0.02447768,  0.        , ..., -0.59276835,
         -0.67745458, -0.69602289],
        ...,
        [ 0.45269759,  0.57287708,  0.59276835, ...,  0.        ,
         -0.10958421, -0.13493876],
        [ 0.54768353,  0.65924668,  0.67745458, ...,  0.10958421,
          0.        , -0.02554415],
        [ 0.56887724,  0.6782389 ,  0.69602289, ...,  0.13493876,
          0.02554415,  0.        ]],

       [[ 0.        ,  0.43701519,  0.34193231, ..., -0.70495691,
         -0.62957572, -0.43701519],
        [-0.43701519,  0.        , -0.10312149, ..., -0.32412332,
         -0.22674028, -0.        ],
        [-0.34193231,  0.10312149,  0.        , ..., -0.4199498 ,
         -0.32596719, -0.10312149],
        ...,
        [ 0.70495691,  0.32412332,  0.4199498 , ...,  0.        ,
         -0.10118194, -0.32412332],
        [ 0.62957572,  0.22674028,  0.32596719, ...,  0.10118194,
          0.        , -0.22674028],
        [ 0.43701519,  0.        ,  0.10312149, ...,  0.32412332,
          0.22674028,  0.        ]],

       [[ 0.        , -0.02911628,  0.35572564, ..., -0.05228034,
         -0.07194155, -0.09953722],
        [ 0.02911628,  0.        ,  0.38278662, ..., -0.02318171,
         -0.04287021, -0.07052333],
        [-0.35572564, -0.38278662,  0.        , ..., -0.40409987,
         -0.42203978, -0.44698558],
        ...,
        [ 0.05228034,  0.02318171,  0.40409987, ...,  0.        ,
         -0.01969829, -0.04738039],
        [ 0.07194155,  0.04287021,  0.42203978, ...,  0.01969829,
          0.        , -0.02769503],
        [ 0.09953722,  0.07052333,  0.44698558, ...,  0.04738039,
          0.02769503,  0.        ]]]), 'num': array([ 7.07041910e-01,  7.07041910e-01,  0.00000000e+00,  4.21347650e-03,
        4.24430682e-03,  4.16209264e-03,  6.13765817e-03, -2.05535439e-05,
        4.27102642e-03,  4.29209381e-03,  4.37687717e-03,  7.95621054e-07,
        4.44580285e-03,  4.13838476e-03])}
{'img': array([[[ 0.        , -0.28      , -0.99979998, ..., -0.84166502,
         -0.81461647, -0.78460181],
        [ 0.28      ,  0.        , -0.96540798, ..., -0.95919842,
         -0.94443182, -0.92681774],
        [ 0.99979998,  0.96540798,  0.        , ..., -0.52305869,
         -0.56359166, -0.60418395],
        ...,
        [ 0.84166502,  0.95919842,  0.52305869, ...,  0.        ,
         -0.04827281, -0.09814733],
        [ 0.81461647,  0.94443182,  0.56359166, ...,  0.04827281,
          0.        , -0.04999316],
        [ 0.78460181,  0.92681774,  0.60418395, ...,  0.09814733,
          0.04999316,  0.        ]],

       [[ 0.        , -0.1929242 ,  0.80273156, ..., -0.40814245,
         -0.54731988, -0.68621741],
        [ 0.1929242 ,  0.        ,  0.9026997 , ..., -0.22435092,
         -0.37557494, -0.5329935 ],
        [-0.80273156, -0.9026997 ,  0.        , ..., -0.97622018,
         -0.99821394, -0.99312339],
        ...,
        [ 0.40814245,  0.22435092,  0.97622018, ...,  0.        ,
         -0.1580743 , -0.329579  ],
        [ 0.54731988,  0.37557494,  0.99821394, ...,  0.1580743 ,
          0.        , -0.17619291],
        [ 0.68621741,  0.5329935 ,  0.99312339, ...,  0.329579  ,
          0.17619291,  0.        ]],

       [[ 0.        ,  0.26932803, -0.38828665, ..., -0.94085996,
         -0.94645246, -0.93694247],
        [-0.26932803,  0.        , -0.62213507, ..., -0.81484658,
         -0.82452889, -0.80819531],
        [ 0.38828665,  0.62213507,  0.        , ..., -0.99858867,
         -0.99754823, -0.99912852],
        ...,
        [ 0.94085996,  0.81484658,  0.99858867, ...,  0.        ,
          0.01690378, -0.01138304],
        [ 0.94645246,  0.82452889,  0.99754823, ..., -0.01690378,
          0.        , -0.0282841 ],
        [ 0.93694247,  0.80819531,  0.99912852, ...,  0.01138304,
          0.0282841 ,  0.        ]],

       ...,

       [[ 0.        ,  0.02447768, -0.61652284, ..., -0.65924668,
         -0.6782389 , -0.82399812],
        [-0.02447768,  0.        , -0.63561029, ..., -0.67745458,
         -0.69602289, -0.8376201 ],
        [ 0.61652284,  0.63561029,  0.        , ..., -0.05546932,
         -0.08095604, -0.299447  ],
        ...,
        [ 0.65924668,  0.67745458,  0.05546932, ...,  0.        ,
         -0.02554415, -0.24606197],
        [ 0.6782389 ,  0.69602289,  0.08095604, ...,  0.02554415,
          0.        , -0.22122291],
        [ 0.82399812,  0.8376201 ,  0.299447  , ...,  0.24606197,
          0.22122291,  0.        ]],

       [[ 0.        , -0.10213576, -0.51816657, ..., -0.35120391,
         -0.27358828, -0.        ],
        [ 0.10213576,  0.        , -0.42810216, ..., -0.44499688,
         -0.3703965 , -0.10213576],
        [ 0.51816657,  0.42810216,  0.        , ..., -0.78553642,
         -0.73239142, -0.51816657],
        ...,
        [ 0.35120391,  0.44499688,  0.78553642, ...,  0.        ,
         -0.08164395, -0.35120391],
        [ 0.27358828,  0.3703965 ,  0.73239142, ...,  0.08164395,
          0.        , -0.27358828],
        [ 0.        ,  0.10213576,  0.51816657, ...,  0.35120391,
          0.27358828,  0.        ]],

       [[ 0.        ,  0.38278662,  0.76281217, ..., -0.04287021,
         -0.07052333, -0.09409848],
        [-0.38278662,  0.        ,  0.4571964 , ..., -0.42203978,
         -0.44698558, -0.4680198 ],
        [-0.76281217, -0.4571964 ,  0.        , ..., -0.78983162,
         -0.80651467, -0.82027346],
        ...,
        [ 0.04287021,  0.42203978,  0.78983162, ...,  0.        ,
         -0.02769503, -0.05133199],
        [ 0.07052333,  0.44698558,  0.80651467, ...,  0.02769503,
          0.        , -0.02365378],
        [ 0.09409848,  0.4680198 ,  0.82027346, ...,  0.05133199,
          0.02365378,  0.        ]]]), 'num': array([7.07030462e-01, 7.07030462e-01, 0.00000000e+00, 4.29562112e-03,
       4.30589773e-03, 4.22368488e-03, 8.28413616e-03, 8.22128444e-05,
       4.26684663e-03, 4.28534452e-03, 4.36430310e-03, 8.34974201e-07,
       4.42564935e-03, 4.14503968e-03])}
{'img': array([[[ 0.        , -1.        , -0.96416423, ..., -0.82065181,
         -0.79066819, -0.89354201],
        [ 1.        ,  0.        ,  0.26530612, ..., -0.57142857,
         -0.6122449 , -0.44897959],
        [ 0.96416423, -0.26530612,  0.        , ..., -0.76867494,
         -0.80007374, -0.66995223],
        ...,
        [ 0.82065181,  0.57142857,  0.76867494, ...,  0.        ,
         -0.05062949,  0.14213952],
        [ 0.79066819,  0.6122449 ,  0.80007374, ...,  0.05062949,
          0.        ,  0.19207266],
        [ 0.89354201,  0.44897959,  0.66995223, ..., -0.14213952,
         -0.19207266,  0.        ]],

       [[ 0.        ,  0.9026997 ,  0.26212045, ..., -0.37557494,
         -0.5329935 , -0.2123422 ],
        [-0.9026997 ,  0.        , -0.75835408, ..., -0.99821394,
         -0.99312339, -0.97347868],
        [-0.26212045,  0.75835408,  0.        , ..., -0.60537417,
         -0.73614265, -0.46106058],
        ...,
        [ 0.37557494,  0.99821394,  0.60537417, ...,  0.        ,
         -0.17619291,  0.17021303],
        [ 0.5329935 ,  0.99312339,  0.73614265, ...,  0.17619291,
          0.        ,  0.34117194],
        [ 0.2123422 ,  0.97347868,  0.46106058, ..., -0.17021303,
         -0.34117194,  0.        ]],

       [[ 0.        , -0.62213507, -0.76860566, ..., -0.82452889,
         -0.80819531, -0.80138235],
        [ 0.62213507,  0.        , -0.20375498, ..., -0.99754823,
         -0.99912852, -0.9995418 ],
        [ 0.76860566,  0.20375498,  0.        , ..., -0.96236233,
         -0.96966407, -0.97240595],
        ...,
        [ 0.82452889,  0.99754823,  0.96236233, ...,  0.        ,
         -0.0282841 , -0.0397559 ],
        [ 0.80819531,  0.99912852,  0.96966407, ...,  0.0282841 ,
          0.        , -0.01147825],
        [ 0.80138235,  0.9995418 ,  0.97240595, ...,  0.0397559 ,
          0.01147825,  0.        ]],

       ...,

       [[ 0.        , -0.63561029, -0.47786243, ..., -0.69602289,
         -0.8376201 , -0.79492314],
        [ 0.63561029,  0.        ,  0.18942752, ..., -0.08095604,
         -0.299447  , -0.22805746],
        [ 0.47786243, -0.18942752,  0.        , ..., -0.26829607,
         -0.47476067, -0.40836408],
        ...,
        [ 0.69602289,  0.08095604,  0.26829607, ...,  0.        ,
         -0.22122291, -0.14848624],
        [ 0.8376201 ,  0.299447  ,  0.47476067, ...,  0.22122291,
          0.        ,  0.07396329],
        [ 0.79492314,  0.22805746,  0.40836408, ...,  0.14848624,
         -0.07396329,  0.        ]],

       [[ 0.        , -0.50422384, -0.64698853, ..., -0.40651821,
         -0.30932066, -0.        ],
        [ 0.50422384,  0.        , -0.17425127, ..., -0.81173857,
         -0.74661656, -0.50422384],
        [ 0.64698853,  0.17425127,  0.        , ..., -0.90108636,
         -0.8511157 , -0.64698853],
        ...,
        [ 0.40651821,  0.81173857,  0.90108636, ...,  0.        ,
         -0.10397311, -0.40651821],
        [ 0.30932066,  0.74661656,  0.8511157 , ...,  0.10397311,
          0.        , -0.30932066],
        [ 0.        ,  0.50422384,  0.64698853, ...,  0.40651821,
          0.30932066,  0.        ]],

       [[ 0.        ,  0.4571964 ,  0.97187105, ..., -0.44698558,
         -0.4680198 , -0.44118537],
        [-0.4571964 ,  0.        ,  0.75667286, ..., -0.80651467,
         -0.82027346, -0.80267053],
        [-0.97187105, -0.75667286,  0.        , ..., -0.97464985,
         -0.96908495, -0.97607778],
        ...,
        [ 0.44698558,  0.80651467,  0.97464985, ...,  0.        ,
         -0.02365378,  0.00647353],
        [ 0.4680198 ,  0.82027346,  0.96908495, ...,  0.02365378,
          0.        ,  0.03012501],
        [ 0.44118537,  0.80267053,  0.97607778, ..., -0.00647353,
         -0.03012501,  0.        ]]]), 'num': array([ 7.07043326e-01,  7.07043326e-01,  0.00000000e+00,  4.26486890e-03,
        4.31625286e-03,  4.25459211e-03,  5.70329100e-03, -3.08303776e-05,
        4.25253675e-03,  4.28028409e-03,  4.35170780e-03,  8.34989393e-07,
        4.41561037e-03,  4.14495781e-03])}
{'img': array([[[ 0.00000000e+00,  5.68965682e-01, -1.69994392e-01, ...,
         -8.19690037e-01, -6.46168401e-01, -7.15346533e-01],
        [-5.68965682e-01,  0.00000000e+00, -7.00481208e-01, ...,
         -9.99989053e-01, -9.65615550e-01, -9.85849359e-01],
        [ 1.69994392e-01,  7.00481208e-01,  0.00000000e+00, ...,
         -7.10385438e-01, -5.07024592e-01, -5.86147725e-01],
        ...,
        [ 8.19690037e-01,  9.99989053e-01,  7.10385438e-01, ...,
          0.00000000e+00,  2.55453225e-01,  1.63018963e-01],
        [ 6.46168401e-01,  9.65615550e-01,  5.07024592e-01, ...,
         -2.55453225e-01,  0.00000000e+00, -9.44257864e-02],
        [ 7.15346533e-01,  9.85849359e-01,  5.86147725e-01, ...,
