state_0,state_1,state_2,state_3,state_4,state_5,state_6,state_7,state_8,state_9,state_10,state_11,state_12,state_13,state_14,state_15,state_16,state_17,state_18,state_19,state_20,state_21,state_22,state_23,state_24,state_25,state_26,state_27,state_28,state_29,state_30,state_31,state_32,state_33,state_34,state_35,state_36,state_37,state_38,state_39,state_40,state_41,state_42,state_43,state_44,state_45,state_46,state_47,state_48,state_49,state_50,state_51,state_52,state_53,state_54,state_55,state_56,state_57,state_58,state_59,state_60,state_61,state_62,state_63,state_64,state_65,state_66,state_67,state_68,state_69,state_70,state_71,state_72,state_73,state_74,state_75,state_76,state_77,state_78,state_79,state_80,state_81,state_82,state_83,state_84,state_85,state_86,state_87,state_88,state_89,state_90,state_91,state_92,state_93,state_94,state_95,state_96,state_97,state_98,state_99,state_100,state_101,state_102,state_103,state_104,state_105,state_106,state_107,state_108,state_109,state_110,state_111,state_112,state_113,state_114,state_115,state_116,state_117,state_118,state_119,state_120,state_121,state_122,state_123,state_124,state_125,state_126,state_127,state_128,state_129,state_130,state_131,state_132,state_133,state_134,state_135,state_136,state_137,state_138,state_139,state_140,state_141,state_142,state_143,state_144,state_145,state_146,state_147,state_148,state_149,state_150,state_151,state_152,state_153,state_154,state_155,state_156,state_157,state_158,state_159,state_160,state_161,state_162,state_163,state_164,state_165,state_166,state_167,state_168,state_169,state_170,state_171,state_172,state_173,state_174,state_175,state_176,state_177,state_178,state_179,state_180,state_181,state_182,state_183,state_184,state_185,state_186,state_187,state_188,state_189,state_190,state_191,state_192,state_193,state_194,state_195,state_196,state_197,state_198,state_199,state_200,state_201,state_202,state_203,state_204,state_205,state_206,state_207,state_208,state_209,state_210,state_211,state_212,state_213,state_214,state_215,state_216,state_217,state_218,state_219,state_220,state_221,state_222,state_223,state_224,state_225,state_226,state_227,state_228,state_229,state_230,state_231,state_232,state_233,state_234,state_235,state_236,state_237,state_238,state_239,state_240,state_241,state_242,state_243,state_244,state_245,state_246,state_247,state_248,state_249,state_250,state_251,state_252,state_253,state_254,state_255,state_256,state_257,state_258,state_259,state_260,state_261,state_262,state_263,state_264,state_265,state_266,state_267,state_268,state_269,state_270,state_271,state_272,state_273,state_274,state_275,state_276,state_277,state_278,state_279,state_280,state_281,state_282,state_283,state_284,state_285,state_286,state_287
{'img': array([[[ 0.        , -0.14881   ,  0.12366656, ..., -0.92867673,
         -0.98493852, -0.96333745],
        [ 0.14881   ,  0.        ,  0.26995734, ..., -0.8631445 ,
         -0.94824204, -0.9925361 ],
        [-0.12366656, -0.26995734,  0.        , ..., -0.96741477,
         -0.99876052, -0.92276387],
        ...,
        [ 0.92867673,  0.8631445 ,  0.96741477, ...,  0.        ,
         -0.20473123, -0.60644957],
        [ 0.98493852,  0.94824204,  0.99876052, ...,  0.20473123,
          0.        , -0.4308176 ],
        [ 0.96333745,  0.9925361 ,  0.92276387, ...,  0.60644957,
          0.4308176 ,  0.        ]],

       [[ 0.        , -0.57898624,  0.94192275, ..., -0.8775409 ,
         -0.94192275, -0.90259313],
        [ 0.57898624,  0.        ,  0.57354403, ..., -0.43786691,
         -0.57354403, -0.48666738],
        [-0.94192275, -0.57354403,  0.        , ..., -0.15694941,
         -0.        , -0.10237519],
        ...,
        [ 0.8775409 ,  0.43786691,  0.15694941, ...,  0.        ,
         -0.15694941, -0.05501835],
        [ 0.94192275,  0.57354403,  0.        , ...,  0.15694941,
          0.        ,  0.10237519],
        [ 0.90259313,  0.48666738,  0.10237519, ...,  0.05501835,
         -0.10237519,  0.        ]],

       [[ 0.        ,  0.08495451, -0.06454666, ..., -0.9957645 ,
         -0.99886476, -0.86816371],
        [-0.08495451,  0.        , -0.14909067, ..., -0.99997541,
         -0.9912068 , -0.8228641 ],
        [ 0.06454666,  0.14909067,  0.        , ..., -0.98775357,
         -0.99985656, -0.8983864 ],
        ...,
        [ 0.9957645 ,  0.99997541,  0.98775357, ...,  0.        ,
         -0.13927043, -0.57399535],
        [ 0.99886476,  0.9912068 ,  0.99985656, ...,  0.13927043,
          0.        , -0.45435863],
        [ 0.86816371,  0.8228641 ,  0.8983864 , ...,  0.57399535,
          0.45435863,  0.        ]],

       ...,

       [[ 0.        ,  0.40249345,  0.79238789, ..., -0.7704252 ,
         -0.9574829 , -0.96845509],
        [-0.40249345,  0.        ,  0.47984192, ..., -0.96186665,
         -0.99261709, -0.98684254],
        [-0.79238789, -0.47984192,  0.        , ..., -0.97514427,
         -0.8126774 , -0.78822829],
        ...,
        [ 0.7704252 ,  0.96186665,  0.97514427, ...,  0.        ,
         -0.38816446, -0.42543873],
        [ 0.9574829 ,  0.99261709,  0.8126774 , ...,  0.38816446,
          0.        , -0.04079625],
        [ 0.96845509,  0.98684254,  0.78822829, ...,  0.42543873,
          0.04079625,  0.        ]],

       [[ 0.        ,  0.0897764 ,  0.22402707, ..., -0.80542068,
         -0.80033417, -0.79375735],
        [-0.0897764 ,  0.        ,  0.13562789, ..., -0.85537914,
         -0.85092819, -0.84515722],
        [-0.22402707, -0.13562789,  0.        , ..., -0.91773088,
         -0.91430838, -0.90984336],
        ...,
        [ 0.80542068,  0.85537914,  0.91773088, ...,  0.        ,
          0.00853241,  0.01942186],
        [ 0.80033417,  0.85092819,  0.91430838, ..., -0.00853241,
          0.        ,  0.01089035],
        [ 0.79375735,  0.84515722,  0.90984336, ..., -0.01942186,
         -0.01089035,  0.        ]],

       [[ 0.        ,  0.30744167,  0.38438473, ...,  0.99421706,
          0.99982549,  0.99698018],
        [-0.30744167,  0.        ,  0.08194595, ...,  0.97907999,
          0.95714426,  0.92481855],
        [-0.38438473, -0.08194595,  0.        , ...,  0.95911311,
          0.93019267,  0.89053524],
        ...,
        [-0.99421706, -0.97907999, -0.95911311, ...,  0.        ,
         -0.08879728, -0.18427224],
        [-0.99982549, -0.95714426, -0.93019267, ...,  0.08879728,
          0.        , -0.09626766],
        [-0.99698018, -0.92481855, -0.89053524, ...,  0.18427224,
          0.09626766,  0.        ]]]), 'num': array([ 7.09693501e-01,  7.04510277e-01,  2.00124466e-06,  2.92837495e-05,
        3.00186699e-05,  2.89445555e-05,  6.28944839e-04, -5.65323350e-07,
        3.05839932e-05,  3.31562145e-05,  3.49303876e-05,  2.35551396e-07,
        3.69470859e-05,  2.93653431e-05])}
{'img': array([[[ 0.        ,  0.26024356,  0.27011981, ..., -0.89766587,
         -0.96344254, -0.98666062],
        [-0.26024356,  0.        ,  0.01024284, ..., -0.98141828,
         -0.99996837, -0.91029803],
        [-0.27011981, -0.01024284,  0.        , ..., -0.9833322 ,
         -0.99999738, -0.90601022],
        ...,
        [ 0.89766587,  0.98141828,  0.9833322 , ...,  0.        ,
         -0.18406854, -0.58093005],
        [ 0.96344254,  0.99996837,  0.99999738, ...,  0.18406854,
          0.        , -0.4211807 ],
        [ 0.98666062,  0.91029803,  0.90601022, ...,  0.58093005,
          0.4211807 ,  0.        ]],

       [[ 0.        ,  0.57354403,  0.18996892, ..., -0.57354403,
         -0.48666738, -0.449749  ],
        [-0.57354403,  0.        , -0.71871759, ..., -0.        ,
         -0.10237519, -0.1438407 ],
        [-0.18996892,  0.71871759,  0.        , ..., -0.71871759,
         -0.64375966, -0.61123081],
        ...,
        [ 0.57354403,  0.        ,  0.71871759, ...,  0.        ,
          0.10237519,  0.1438407 ],
        [ 0.48666738,  0.10237519,  0.64375966, ..., -0.10237519,
          0.        ,  0.04177436],
        [ 0.449749  ,  0.1438407 ,  0.61123081, ..., -0.1438407 ,
         -0.04177436,  0.        ]],

       [[ 0.        , -0.14237082, -0.1960591 , ..., -0.99795152,
         -0.99371749, -0.80172889],
        [ 0.14237082,  0.        , -0.05445423, ..., -0.97867766,
         -0.99952868, -0.87865531],
        [ 0.1960591 ,  0.05445423,  0.        , ..., -0.96604055,
         -0.99637397, -0.90335115],
        ...,
        [ 0.99795152,  0.97867766,  0.96604055, ...,  0.        ,
         -0.17526105, -0.64775383],
        [ 0.99371749,  0.99952868,  0.99637397, ...,  0.17526105,
          0.        , -0.50420531],
        [ 0.80172889,  0.87865531,  0.90335115, ...,  0.64775383,
          0.50420531,  0.        ]],

       ...,

       [[ 0.        ,  0.47984192,  0.39925728, ..., -0.99261709,
         -0.98684254, -0.94607839],
        [-0.47984192,  0.        , -0.0896474 , ..., -0.8126774 ,
         -0.78822829, -0.67460765],
        [-0.39925728,  0.0896474 ,  0.        , ..., -0.86164399,
         -0.84022203, -0.73806699],
        ...,
        [ 0.99261709,  0.8126774 ,  0.86164399, ...,  0.        ,
         -0.04079625, -0.20679611],
        [ 0.98684254,  0.78822829,  0.84022203, ...,  0.04079625,
          0.        , -0.16670955],
        [ 0.94607839,  0.67460765,  0.73806699, ...,  0.20679611,
          0.16670955,  0.        ]],

       [[ 0.        ,  0.13562789,  0.26266945, ..., -0.85092819,
         -0.84515722, -0.81447314],
        [-0.13562789,  0.        ,  0.1293769 , ..., -0.91430838,
         -0.90984336, -0.88563876],
        [-0.26266945, -0.1293769 ,  0.        , ..., -0.95902414,
         -0.95588176, -0.93827478],
        ...,
        [ 0.85092819,  0.91430838,  0.95902414, ...,  0.        ,
          0.01089035,  0.06588151],
        [ 0.84515722,  0.90984336,  0.95588176, ..., -0.01089035,
          0.        ,  0.05501091],
        [ 0.81447314,  0.88563876,  0.93827478, ..., -0.06588151,
         -0.05501091,  0.        ]],

       [[ 0.        ,  0.23947959,  0.32260412, ...,  0.99998391,
          0.99453527,  0.97644375],
        [-0.23947959,  0.        ,  0.08654122, ...,  0.96952728,
          0.94059373,  0.89635759],
        [-0.32260412, -0.08654122,  0.        , ...,  0.94468872,
          0.90768118,  0.85462823],
        ...,
        [-0.99998391, -0.96952728, -0.94468872, ...,  0.        ,
         -0.09875781, -0.21022956],
        [-0.99453527, -0.94059373, -0.90768118, ...,  0.09875781,
          0.        , -0.11265108],
        [-0.97644375, -0.89635759, -0.85462823, ...,  0.21022956,
          0.11265108,  0.        ]]]), 'num': array([ 7.07104988e-01,  7.07104988e-01,  0.00000000e+00,  6.08895962e-05,
        6.40813895e-05,  6.03985511e-05,  2.24383072e-03, -2.70074822e-06,
        6.45478824e-05,  7.12629246e-05,  7.55513854e-05,  4.91045131e-07,
        8.06255148e-05,  6.19003343e-05])}
{'img': array([[[ 0.        ,  0.00957544,  0.31320527, ..., -0.96506402,
         -0.99133122, -0.88354068],
        [-0.00957544,  0.        ,  0.30409726, ..., -0.96752868,
         -0.99254385, -0.87901547],
        [-0.31320527, -0.30409726,  0.        , ..., -0.99857149,
         -0.98260379, -0.69239465],
        ...,
        [ 0.96506402,  0.96752868,  0.99857149, ...,  0.        ,
         -0.13294644, -0.68349221],
        [ 0.99133122,  0.99254385,  0.98260379, ...,  0.13294644,
          0.        , -0.58037971],
        [ 0.88354068,  0.87901547,  0.69239465, ...,  0.68349221,
          0.58037971,  0.        ]],

       [[ 0.        , -0.71871759, -0.90625573, ..., -0.10237519,
         -0.1438407 , -0.24048361],
        [ 0.71871759,  0.        ,  0.32629812, ..., -0.64375966,
         -0.61123081, -0.53041677],
        [ 0.90625573, -0.32629812,  0.        , ..., -0.85821708,
         -0.83602569, -0.77800042],
        ...,
        [ 0.10237519,  0.64375966,  0.85821708, ...,  0.        ,
          0.04177436,  0.13984927],
        [ 0.1438407 ,  0.61123081,  0.83602569, ..., -0.04177436,
          0.        ,  0.09836335],
        [ 0.24048361,  0.53041677,  0.77800042, ..., -0.13984927,
         -0.09836335,  0.        ]],

       [[ 0.        , -0.05143595, -0.00496783, ..., -0.97355815,
         -0.99955379, -0.85437319],
        [ 0.05143595,  0.        ,  0.04647405, ..., -0.96051945,
         -0.99669429, -0.87997145],
        [ 0.00496783, -0.04647405,  0.        , ..., -0.97241128,
         -0.99939307, -0.85694423],
        ...,
        [ 0.97355815,  0.96051945,  0.97241128, ...,  0.        ,
         -0.19925722, -0.70109162],
        [ 0.99955379,  0.99669429,  0.99939307, ...,  0.19925722,
          0.        , -0.5449482 ],
        [ 0.85437319,  0.87997145,  0.85694423, ...,  0.70109162,
          0.5449482 ,  0.        ]],

       ...,

       [[ 0.        , -0.0896474 ,  0.21879084, ..., -0.78822829,
         -0.67460765, -0.62946259],
        [ 0.0896474 ,  0.        ,  0.3053853 , ..., -0.84022203,
         -0.73806699, -0.69658689],
        [-0.21879084, -0.3053853 ,  0.        , ..., -0.63449078,
         -0.49675686, -0.44420462],
        ...,
        [ 0.78822829,  0.84022203,  0.63449078, ...,  0.        ,
         -0.16670955, -0.22511711],
        [ 0.67460765,  0.73806699,  0.49675686, ...,  0.16670955,
          0.        , -0.05953643],
        [ 0.62946259,  0.69658689,  0.44420462, ...,  0.22511711,
          0.05953643,  0.        ]],

       [[ 0.        ,  0.1293769 ,  0.31705485, ..., -0.90984336,
         -0.88563876, -0.85854038],
        [-0.1293769 ,  0.        ,  0.19168817, ..., -0.95588176,
         -0.93827478, -0.91766226],
        [-0.31705485, -0.19168817,  0.        , ..., -0.9944645 ,
         -0.98717847, -0.97681447],
        ...,
        [ 0.90984336,  0.95588176,  0.9944645 , ...,  0.        ,
          0.05501091,  0.11026556],
        [ 0.88563876,  0.93827478,  0.98717847, ..., -0.05501091,
          0.        ,  0.05542313],
        [ 0.85854038,  0.91766226,  0.97681447, ..., -0.11026556,
         -0.05542313,  0.        ]],

       [[ 0.        ,  0.22100435,  0.31248578, ...,  0.99268822,
          0.97230349,  0.9253259 ],
        [-0.22100435,  0.        ,  0.0948219 , ...,  0.94146514,
          0.89660762,  0.81864637],
        [-0.31248578, -0.0948219 ,  0.        , ...,  0.90525769,
          0.85057814,  0.76050173],
        ...,
        [-0.99268822, -0.94146514, -0.90525769, ...,  0.        ,
         -0.11464944, -0.26470732],
        [-0.97230349, -0.89660762, -0.85057814, ...,  0.11464944,
          0.        , -0.15240209],
        [-0.9253259 , -0.81864637, -0.76050173, ...,  0.26470732,
          0.15240209,  0.        ]]]), 'num': array([7.93262697e-01, 6.08876614e-01, 7.20258136e-05, 7.00023094e-05,
       7.09593722e-05, 6.79514605e-05, 1.87392901e-03, 2.18757217e-06,
       7.08773382e-05, 7.86568918e-05, 8.37840140e-05, 7.25734842e-07,
       8.95903424e-05, 6.77234411e-05])}
{'img': array([[[ 0.        ,  0.30409726,  0.32752857, ..., -0.99254385,
         -0.87901547, -0.99958861],
        [-0.30409726,  0.        ,  0.0246935 , ..., -0.98260379,
         -0.69239465, -0.96097093],
        [-0.32752857, -0.0246935 ,  0.        , ..., -0.97771822,
         -0.67436668, -0.95384646],
        ...,
        [ 0.99254385,  0.98260379,  0.97771822, ...,  0.        ,
         -0.58037971, -0.09337068],
        [ 0.87901547,  0.69239465,  0.67436668, ...,  0.58037971,
          0.        ,  0.50180823],
        [ 0.99958861,  0.96097093,  0.95384646, ...,  0.09337068,
         -0.50180823,  0.        ]],

       [[ 0.        ,  0.99845028, -0.20631132, ..., -0.97728094,
         -0.92138261, -0.95777234],
        [-0.99845028,  0.        , -0.98845146, ..., -0.26600624,
         -0.43933033, -0.34038304],
        [ 0.20631132,  0.98845146,  0.        , ..., -0.91252883,
         -0.82137606, -0.87784701],
        ...,
        [ 0.97728094,  0.26600624,  0.91252883, ...,  0.        ,
          0.18454162,  0.07799731],
        [ 0.92138261,  0.43933033,  0.82137606, ..., -0.18454162,
          0.        , -0.10732174],
        [ 0.95777234,  0.34038304,  0.87784701, ..., -0.07799731,
          0.10732174,  0.        ]],

       [[ 0.        ,  0.04529892,  0.15516049, ..., -0.98456126,
         -0.99204744, -0.86895704],
        [-0.04529892,  0.        ,  0.11025089, ..., -0.99147973,
         -0.98532756, -0.84564716],
        [-0.15516049, -0.11025089,  0.        , ..., -0.99979686,
         -0.96050383, -0.78164635],
        ...,
        [ 0.98456126,  0.99147973,  0.99979686, ...,  0.        ,
         -0.29756963, -0.63934963],
        [ 0.99204744,  0.98532756,  0.96050383, ...,  0.29756963,
          0.        , -0.38158106],
        [ 0.86895704,  0.84564716,  0.78164635, ...,  0.63934963,
          0.38158106,  0.        ]],

       ...,

       [[ 0.        ,  0.3053853 , -0.0606992 , ..., -0.73806699,
         -0.69658689, -0.90820062],
        [-0.3053853 ,  0.        , -0.36262173, ..., -0.49675686,
         -0.44420462, -0.73700038],
        [ 0.0606992 ,  0.36262173,  0.        , ..., -0.77766149,
         -0.73885247, -0.93193074],
        ...,
        [ 0.73806699,  0.49675686,  0.77766149, ...,  0.        ,
         -0.05953643,  0.30388092],
        [ 0.69658689,  0.44420462,  0.73885247, ...,  0.05953643,
          0.        ,  0.36006283],
        [ 0.90820062,  0.73700038,  0.93193074, ..., -0.30388092,
         -0.36006283,  0.        ]],

       [[ 0.        ,  0.19168817,  0.37920063, ..., -0.93827478,
         -0.91766226, -0.92751028],
        [-0.19168817,  0.        ,  0.19479686, ..., -0.98717847,
         -0.97681447, -0.98196301],
        [-0.37920063, -0.19479686,  0.        , ..., -0.99936124,
         -0.99980582, -0.99998299],
        ...,
        [ 0.93827478,  0.98717847,  0.99936124, ...,  0.        ,
          0.05542313,  0.02990763],
        [ 0.91766226,  0.97681447,  0.99980582, ..., -0.05542313,
          0.        , -0.02553668],
        [ 0.92751028,  0.98196301,  0.99998299, ..., -0.02990763,
          0.02553668,  0.        ]],

       [[ 0.        ,  0.2251147 ,  0.18435866, ...,  0.96846078,
          0.91806161,  0.87582792],
        [-0.2251147 ,  0.        , -0.04162943, ...,  0.88751164,
          0.80525308,  0.74470175],
        [-0.18435866,  0.04162943,  0.        , ...,  0.9059245 ,
          0.82923841,  0.77183956],
        ...,
        [-0.96846078, -0.88751164, -0.9059245 , ...,  0.        ,
         -0.15518461, -0.24917536],
        [-0.91806161, -0.80525308, -0.82923841, ...,  0.15518461,
          0.        , -0.09586688],
        [-0.87582792, -0.74470175, -0.77183956, ...,  0.24917536,
          0.09586688,  0.        ]]]), 'num': array([7.68547303e-01, 6.39791214e-01, 4.89566878e-05, 6.93728928e-05,
       7.14830948e-05, 6.75264660e-05, 1.48376220e-03, 1.84642680e-06,
       6.80540165e-05, 7.53210248e-05, 8.05020105e-05, 8.96323691e-07,
       8.60108894e-05, 6.46311603e-05])}
{'img': array([[[ 0.        ,  0.0246935 , -0.070532  , ..., -0.69239465,
         -0.96097093, -0.9969214 ],
        [-0.0246935 ,  0.        , -0.0951425 , ..., -0.67436668,
         -0.95384646, -0.99468126],
        [ 0.070532  ,  0.0951425 ,  0.        , ..., -0.74156043,
         -0.97809028, -0.99996882],
        ...,
        [ 0.69239465,  0.67436668,  0.74156043, ...,  0.        ,
          0.50180823,  0.66500889],
        [ 0.96097093,  0.95384646,  0.97809028, ..., -0.50180823,
          0.        ,  0.20045049],
        [ 0.9969214 ,  0.99468126,  0.99996882, ..., -0.66500889,
         -0.20045049,  0.        ]],

       [[ 0.        , -0.98845146, -0.87523483, ..., -0.43933033,
         -0.34038304, -0.2701227 ],
        [ 0.98845146,  0.        , -0.34548103, ..., -0.82137606,
         -0.87784701, -0.91077286],
        [ 0.87523483,  0.34548103,  0.        , ..., -0.57374253,
         -0.65832913, -0.71204089],
        ...,
        [ 0.43933033,  0.82137606,  0.57374253, ...,  0.        ,
         -0.10732174, -0.18034049],
        [ 0.34038304,  0.87784701,  0.65832913, ...,  0.10732174,
          0.        , -0.07373678],
        [ 0.2701227 ,  0.91077286,  0.71204089, ...,  0.18034049,
          0.07373678,  0.        ]],

       [[ 0.        ,  0.10940738,  0.24791557, ..., -0.99268682,
         -0.93968875, -0.84205355],
        [-0.10940738,  0.        ,  0.14043547, ..., -0.97352026,
         -0.8966271 , -0.77798502],
        [-0.24791557, -0.14043547,  0.        , ..., -0.93176886,
         -0.82555845, -0.68204186],
        ...,
        [ 0.99268682,  0.97352026,  0.93176886, ...,  0.        ,
         -0.22609196, -0.43379811],
        [ 0.93968875,  0.8966271 ,  0.82555845, ...,  0.22609196,
          0.        , -0.21885418],
        [ 0.84205355,  0.77798502,  0.68204186, ...,  0.43379811,
          0.21885418,  0.        ]],

       ...,

       [[ 0.        , -0.36262173, -0.60552876, ..., -0.44420462,
         -0.73700038, -0.90492063],
        [ 0.36262173,  0.        , -0.27573143, ..., -0.73885247,
         -0.93193074, -0.99765318],
        [ 0.60552876,  0.27573143,  0.        , ..., -0.89601702,
         -0.99579441, -0.97785819],
        ...,
        [ 0.44420462,  0.73885247,  0.89601702, ...,  0.        ,
          0.36006283,  0.62169657],
        [ 0.73700038,  0.93193074,  0.99579441, ..., -0.36006283,
          0.        ,  0.29797601],
        [ 0.90492063,  0.99765318,  0.97785819, ..., -0.62169657,
         -0.29797601,  0.        ]],

       [[ 0.        ,  0.19479686,  0.39374904, ..., -0.97681447,
         -0.98196301, -0.99088868],
        [-0.19479686,  0.        ,  0.20714546, ..., -0.99980582,
         -0.99998299, -0.99814274],
        [-0.39374904, -0.20714546,  0.        , ..., -0.9822022 ,
         -0.97708542, -0.96387416],
        ...,
        [ 0.97681447,  0.99980582,  0.9822022 , ...,  0.        ,
         -0.02553668, -0.08057622],
        [ 0.98196301,  0.99998299,  0.97708542, ...,  0.02553668,
          0.        , -0.0550963 ],
        [ 0.99088868,  0.99814274,  0.96387416, ...,  0.08057622,
          0.0550963 ,  0.        ]],

       [[ 0.        , -0.13087012,  0.07844866, ...,  0.85144235,
          0.79633302,  0.75830347],
        [ 0.13087012,  0.        ,  0.20824076, ...,  0.91275413,
          0.86864207,  0.83709615],
        [-0.07844866, -0.20824076,  0.        , ...,  0.80767607,
          0.74642851,  0.70482567],
        ...,
        [-0.85144235, -0.91275413, -0.80767607, ...,  0.        ,
         -0.09736665, -0.15736583],
        [-0.79633302, -0.86864207, -0.74642851, ...,  0.09736665,
          0.        , -0.06046462],
        [-0.75830347, -0.83709615, -0.70482567, ...,  0.15736583,
          0.06046462,  0.        ]]]), 'num': array([7.55397169e-01, 6.55266012e-01, 3.80004389e-05, 6.83022896e-05,
       6.94687424e-05, 6.59693841e-05, 1.23612888e-03, 1.29605863e-07,
       6.68507040e-05, 7.33504380e-05, 7.87355616e-05, 7.84281631e-07,
       8.35214764e-05, 6.31793996e-05])}
{'img': array([[[ 0.        , -0.0951425 ,  0.67436668, ..., -0.95384646,
         -0.99468126, -0.99590017],
        [ 0.0951425 ,  0.        ,  0.74156043, ..., -0.97809028,
         -0.99996882, -0.99998894],
        [-0.67436668, -0.74156043,  0.        , ..., -0.50180823,
         -0.66500889, -0.67436668],
        ...,
        [ 0.95384646,  0.97809028,  0.50180823, ...,  0.        ,
          0.20045049,  0.21277945],
        [ 0.99468126,  0.99996882,  0.66500889, ..., -0.20045049,
          0.        ,  0.01260062],
        [ 0.99590017,  0.99998894,  0.67436668, ..., -0.21277945,
         -0.01260062,  0.        ]],

       [[ 0.        , -0.44862062,  0.98442148, ..., -0.97299239,
         -0.98941326, -0.99770738],
        [ 0.44862062,  0.        ,  0.95867804, ..., -0.76602666,
         -0.81915439, -0.8613127 ],
        [-0.98442148, -0.95867804,  0.        , ..., -0.39831725,
         -0.31682801, -0.24204291],
        ...,
        [ 0.97299239,  0.76602666,  0.39831725, ...,  0.        ,
         -0.08718738, -0.16446021],
        [ 0.98941326,  0.81915439,  0.31682801, ...,  0.08718738,
          0.        , -0.07783372],
        [ 0.99770738,  0.8613127 ,  0.24204291, ...,  0.16446021,
          0.07783372,  0.        ]],

       [[ 0.        ,  0.14035169,  0.34567406, ..., -0.90033649,
         -0.81603226, -0.77768195],
        [-0.14035169,  0.        ,  0.21055282, ..., -0.83034443,
         -0.72683077, -0.68175103],
        [-0.34567406, -0.21055282,  0.        , ..., -0.6943995 ,
         -0.56592586, -0.51243074],
        ...,
        [ 0.90033649,  0.83034443,  0.6943995 , ...,  0.        ,
         -0.1652675 , -0.2275608 ],
        [ 0.81603226,  0.72683077,  0.56592586, ...,  0.1652675 ,
          0.        , -0.06350003],
        [ 0.77768195,  0.68175103,  0.51243074, ...,  0.2275608 ,
          0.06350003,  0.        ]],

       ...,

       [[ 0.        , -0.3023122 , -0.3582715 , ..., -0.91098753,
         -0.99273969, -0.96499807],
        [ 0.3023122 ,  0.        , -0.05926366, ..., -0.99304528,
         -0.98265128, -0.9991283 ],
        [ 0.3582715 ,  0.05926366,  0.        , ..., -0.99827716,
         -0.96993293, -0.99489823],
        ...,
        [ 0.91098753,  0.99304528,  0.99827716, ...,  0.        ,
          0.29986352,  0.15908509],
        [ 0.99273969,  0.98265128,  0.96993293, ..., -0.29986352,
          0.        , -0.14428039],
        [ 0.96499807,  0.9991283 ,  0.99489823, ..., -0.15908509,
          0.14428039,  0.        ]],

       [[ 0.        ,  0.20714546,  0.65093975, ..., -0.99998299,
         -0.99814274, -0.97715334],
        [-0.20714546,  0.        ,  0.47957076, ..., -0.97708542,
         -0.96387416, -0.91193327],
        [-0.65093975, -0.47957076,  0.        , ..., -0.75532013,
         -0.71806514, -0.60343801],
        ...,
        [ 0.99998299,  0.97708542,  0.75532013, ...,  0.        ,
         -0.0550963 , -0.20683303],
        [ 0.99814274,  0.96387416,  0.71806514, ...,  0.0550963 ,
          0.        , -0.15261395],
        [ 0.97715334,  0.91193327,  0.60343801, ...,  0.20683303,
          0.15261395,  0.        ]],

       [[ 0.        ,  0.20824076,  0.52613349, ...,  0.86864207,
          0.83709615,  0.82011908],
        [-0.20824076,  0.        ,  0.33751102, ...,  0.74642851,
          0.70482567,  0.68298622],
        [-0.52613349, -0.33751102,  0.        , ...,  0.47802729,
          0.42404386,  0.39638106],
        ...,
        [-0.86864207, -0.74642851, -0.47802729, ...,  0.        ,
         -0.06046462, -0.09071088],
        [-0.83709615, -0.70482567, -0.42404386, ...,  0.06046462,
          0.        , -0.03032957],
        [-0.82011908, -0.68298622, -0.39638106, ...,  0.09071088,
          0.03032957,  0.        ]]]), 'num': array([ 7.35640056e-01,  6.77371842e-01,  2.21974149e-05,  6.62892082e-05,
        6.74255947e-05,  6.52790870e-05,  1.02731858e-03, -2.52530317e-07,
        6.53043400e-05,  7.08221274e-05,  7.63336016e-05,  9.14066792e-07,
        8.03304556e-05,  6.13137993e-05])}
{'img': array([[[ 0.        ,  0.74156043,  0.22884453, ..., -0.99996882,
         -0.99998894, -0.99978619],
        [-0.74156043,  0.        , -0.56835302, ..., -0.66500889,
         -0.67436668, -0.65540887],
        [-0.22884453,  0.56835302,  0.        , ..., -0.97162539,
         -0.97452862, -0.96852287],
        ...,
        [ 0.99996882,  0.66500889,  0.97162539, ...,  0.        ,
          0.01260062, -0.01278152],
        [ 0.99998894,  0.67436668,  0.97452862, ..., -0.01260062,
          0.        , -0.0253801 ],
        [ 0.99978619,  0.65540887,  0.96852287, ...,  0.01278152,
          0.0253801 ,  0.        ]],

       [[ 0.        ,  0.95867804,  0.41832856, ..., -0.81915439,
         -0.8613127 , -0.90348302],
        [-0.95867804,  0.        , -0.98977487, ..., -0.31682801,
         -0.24204291, -0.15387746],
        [-0.41832856,  0.98977487,  0.        , ..., -0.98397648,
         -0.99486906, -0.99993542],
        ...,
        [ 0.81915439,  0.31682801,  0.98397648, ...,  0.        ,
         -0.07783372, -0.16710441],
        [ 0.8613127 ,  0.24204291,  0.99486906, ...,  0.07783372,
          0.        , -0.08985816],
        [ 0.90348302,  0.15387746,  0.99993542, ...,  0.16710441,
          0.08985816,  0.        ]],

       [[ 0.        ,  0.21055282,  0.39524233, ..., -0.72683077,
         -0.68175103, -0.79465684],
        [-0.21055282,  0.        ,  0.19297303, ..., -0.56592586,
         -0.51243074, -0.64902465],
        [-0.39524233, -0.19297303,  0.        , ..., -0.39619096,
         -0.33708768, -0.49001804],
        ...,
        [ 0.72683077,  0.56592586,  0.39619096, ...,  0.        ,
         -0.06350003,  0.10455442],
        [ 0.68175103,  0.51243074,  0.33708768, ...,  0.06350003,
          0.        ,  0.16749541],
        [ 0.79465684,  0.64902465,  0.49001804, ..., -0.10455442,
         -0.16749541,  0.        ]],

       ...,

       [[ 0.        , -0.05926366, -0.16006038, ..., -0.98265128,
         -0.9991283 , -0.96428663],
        [ 0.05926366,  0.        , -0.10127947, ..., -0.96993293,
         -0.99489823, -0.94689514],
        [ 0.16006038,  0.10127947,  0.        , ..., -0.94029693,
         -0.97956504, -0.90946057],
        ...,
        [ 0.98265128,  0.96993293,  0.94029693, ...,  0.        ,
         -0.14428039,  0.08142656],
        [ 0.9991283 ,  0.99489823,  0.97956504, ...,  0.14428039,
          0.        ,  0.22437587],
        [ 0.96428663,  0.94689514,  0.90946057, ..., -0.08142656,
         -0.22437587,  0.        ]],

       [[ 0.        ,  0.47957076,  0.50626099, ..., -0.96387416,
         -0.91193327, -0.80419955],
        [-0.47957076,  0.        ,  0.03067326, ..., -0.71806514,
         -0.60343801, -0.4206503 ],
        [-0.50626099, -0.03067326,  0.        , ..., -0.69637942,
         -0.57869491, -0.39262489],
        ...,
        [ 0.96387416,  0.71806514,  0.69637942, ...,  0.        ,
         -0.15261395, -0.35868264],
        [ 0.91193327,  0.60343801,  0.57869491, ...,  0.15261395,
          0.        , -0.21202204],
        [ 0.80419955,  0.4206503 ,  0.39262489, ...,  0.35868264,
          0.21202204,  0.        ]],

       [[ 0.        ,  0.49144359,  0.77632108, ...,  0.82563725,
          0.80768298,  0.79381521],
        [-0.49144359,  0.        ,  0.36632993, ...,  0.44178213,
          0.41365521,  0.39246527],
        [-0.77632108, -0.36632993,  0.        , ...,  0.08242888,
          0.0513809 ,  0.02824494],
        ...,
        [-0.82563725, -0.44178213, -0.08242888, ...,  0.        ,
         -0.03111396, -0.05424717],
        [-0.80768298, -0.41365521, -0.0513809 , ...,  0.03111396,
          0.        , -0.02315276],
        [-0.79381521, -0.39246527, -0.02824494, ...,  0.05424717,
          0.02315276,  0.        ]]]), 'num': array([7.26164256e-01, 6.87519728e-01, 1.41555047e-05, 6.79165692e-05,
       6.80409585e-05, 6.48068361e-05, 1.43488057e-03, 2.61217574e-06,
       6.55780499e-05, 6.92475349e-05, 7.48927369e-05, 9.29173240e-07,
       7.77658333e-05, 6.07292365e-05])}
{'img': array([[[ 0.        , -0.56835302, -0.74910856, ..., -0.67436668,
         -0.65540887, -0.81599492],
        [ 0.56835302,  0.        , -0.23985124, ..., -0.97452862,
         -0.96852287, -0.99992984],
        [ 0.74910856,  0.23985124,  0.        , ..., -0.99987159,
         -0.99995622, -0.97358259],
        ...,
        [ 0.67436668,  0.97452862,  0.99987159, ...,  0.        ,
         -0.0253801 ,  0.21270412],
        [ 0.65540887,  0.96852287,  0.99995622, ...,  0.0253801 ,
          0.        ,  0.23743492],
        [ 0.81599492,  0.99992984,  0.97358259, ..., -0.21270412,
         -0.23743492,  0.        ]],

       [[ 0.        , -0.98977487, -0.9471165 , ..., -0.24204291,
         -0.15387746, -0.32748739],
        [ 0.98977487,  0.        , -0.45270394, ..., -0.99486906,
         -0.99993542, -0.98190655],
        [ 0.9471165 ,  0.45270394,  0.        , ..., -0.84128538,
         -0.88645855, -0.78980088],
        ...,
        [ 0.24204291,  0.99486906,  0.84128538, ...,  0.        ,
         -0.08985816,  0.08905415],
        [ 0.15387746,  0.99993542,  0.88645855, ...,  0.08985816,
          0.        ,  0.17819502],
        [ 0.32748739,  0.98190655,  0.78980088, ..., -0.08905415,
         -0.17819502,  0.        ]],

       [[ 0.        ,  0.19297303,  0.15386037, ..., -0.51243074,
         -0.64902465, -0.85335706],
        [-0.19297303,  0.        , -0.0397068 , ..., -0.33708768,
         -0.49001804, -0.73671538],
        [-0.15386037,  0.0397068 ,  0.        , ..., -0.37420473,
         -0.52424451, -0.76298425],
        ...,
        [ 0.51243074,  0.33708768,  0.37420473, ...,  0.        ,
          0.16749541,  0.46565815],
        [ 0.64902465,  0.49001804,  0.52424451, ..., -0.16749541,
          0.        ,  0.31085221],
        [ 0.85335706,  0.73671538,  0.76298425, ..., -0.46565815,
         -0.31085221,  0.        ]],

       ...,

       [[ 0.        , -0.10127947, -0.21082933, ..., -0.99489823,
         -0.94689514, -0.93276218],
        [ 0.10127947,  0.        , -0.11074226, ..., -0.97956504,
         -0.90946057, -0.89145547],
        [ 0.21082933,  0.11074226,  0.        , ..., -0.95126656,
         -0.85782108, -0.83579403],
        ...,
        [ 0.99489823,  0.97956504,  0.95126656, ...,  0.        ,
          0.22437587,  0.26455274],
        [ 0.94689514,  0.90946057,  0.85782108, ..., -0.22437587,
          0.        ,  0.04142572],
        [ 0.93276218,  0.89145547,  0.83579403, ..., -0.26455274,
         -0.04142572,  0.        ]],

       [[ 0.        ,  0.03022822, -0.33058016, ..., -0.6689019 ,
         -0.52873101, -0.03022822],
        [-0.03022822,  0.        , -0.35895782, ..., -0.64612606,
         -0.502832  , -0.        ],
        [ 0.33058016,  0.35895782,  0.        , ..., -0.87703183,
         -0.7795976 , -0.35895782],
        ...,
        [ 0.6689019 ,  0.64612606,  0.87703183, ...,  0.        ,
         -0.17472431, -0.64612606],
        [ 0.52873101,  0.502832  ,  0.7795976 , ...,  0.17472431,
          0.        , -0.502832  ],
        [ 0.03022822,  0.        ,  0.35895782, ...,  0.64612606,
          0.502832  ,  0.        ]],

       [[ 0.        ,  0.6694811 ,  0.88750155, ...,  0.71482954,
          0.69488575,  0.7224465 ],
        [-0.6694811 ,  0.        ,  0.3507619 , ...,  0.06282889,
          0.03474399,  0.07375707],
        [-0.88750155, -0.3507619 ,  0.        , ..., -0.29123187,
         -0.31801361, -0.28073561],
        ...,
        [-0.71482954, -0.06282889,  0.29123187, ...,  0.        ,
         -0.02811561,  0.0109536 ],
        [-0.69488575, -0.03474399,  0.31801361, ...,  0.02811561,
          0.        ,  0.03906319],
        [-0.7224465 , -0.07375707,  0.28073561, ..., -0.0109536 ,
         -0.03906319,  0.        ]]]), 'num': array([ 7.19938953e-01,  6.94036528e-01,  9.70128271e-06,  6.59094779e-05,
        6.83779977e-05,  6.56626259e-05,  1.07861971e-03, -1.48111186e-06,
        6.56132555e-05,  6.82052013e-05,  7.39033678e-05,  9.74829464e-07,
        7.60329394e-05,  6.03774632e-05])}
{'img': array([[[ 0.        , -0.26880983,  0.05541793, ..., -0.94568635,
         -0.99616123, -0.97584935],
        [ 0.26880983,  0.        ,  0.32177491, ..., -0.99826356,
         -0.98302671, -0.99865158],
        [-0.05541793, -0.32177491,  0.        , ..., -0.92621778,
         -0.98977924, -0.96224397],
        ...,
        [ 0.94568635,  0.99826356,  0.92621778, ...,  0.        ,
          0.24104966,  0.11064952],
        [ 0.99616123,  0.98302671,  0.98977924, ..., -0.24104966,
          0.        , -0.13218272],
        [ 0.97584935,  0.99865158,  0.96224397, ..., -0.11064952,
          0.13218272,  0.        ]],

       [[ 0.        , -0.49173535, -0.73161156, ..., -0.99555507,
         -0.9956365 , -0.99882274],
        [ 0.49173535,  0.        , -0.30182021, ..., -0.91318655,
         -0.8210582 , -0.89357327],
        [ 0.73161156,  0.30182021,  0.        , ..., -0.74759562,
         -0.61047563, -0.71640902],
        ...,
        [ 0.99555507,  0.91318655,  0.74759562, ...,  0.        ,
          0.18667198,  0.04577686],
        [ 0.9956365 ,  0.8210582 ,  0.61047563, ..., -0.18667198,
          0.        , -0.14150409],
        [ 0.99882274,  0.89357327,  0.71640902, ..., -0.04577686,
          0.14150409,  0.        ]],

       [[ 0.        , -0.0397068 ,  0.03793242, ..., -0.49001804,
         -0.73671538, -0.79335014],
        [ 0.0397068 ,  0.        ,  0.07758074, ..., -0.52424451,
         -0.76298425, -0.81689662],
        [-0.03793242, -0.07758074,  0.        , ..., -0.45659922,
         -0.71053516, -0.76968722],
        ...,
        [ 0.49001804,  0.52424451,  0.45659922, ...,  0.        ,
          0.31085221,  0.39326695],
        [ 0.73671538,  0.76298425,  0.71053516, ..., -0.31085221,
          0.        ,  0.08797874],
        [ 0.79335014,  0.81689662,  0.76968722, ..., -0.39326695,
         -0.08797874,  0.        ]],

       ...,

       [[ 0.        , -0.11074226, -0.13625407, ..., -0.90946057,
         -0.89145547, -0.85470455],
        [ 0.11074226,  0.        , -0.02570652, ..., -0.85782108,
         -0.83579403, -0.79195946],
        [ 0.13625407,  0.02570652,  0.        , ..., -0.84432577,
         -0.82140383, -0.77600202],
        ...,
        [ 0.90946057,  0.85782108,  0.84432577, ...,  0.        ,
          0.04142572,  0.11673663],
        [ 0.89145547,  0.83579403,  0.82140383, ..., -0.04142572,
          0.        ,  0.07549394],
        [ 0.85470455,  0.79195946,  0.77600202, ..., -0.11673663,
         -0.07549394,  0.        ]],

       [[ 0.        , -0.34957379, -0.52024308, ..., -0.64410875,
         -0.44942966, -0.        ],
        [ 0.34957379,  0.        , -0.18887794, ..., -0.87087204,
         -0.73335438, -0.34957379],
        [ 0.52024308,  0.18887794,  0.        , ..., -0.9480322 ,
         -0.84856244, -0.52024308],
        ...,
        [ 0.64410875,  0.87087204,  0.9480322 , ...,  0.        ,
         -0.23160849, -0.64410875],
        [ 0.44942966,  0.73335438,  0.84856244, ...,  0.23160849,
          0.        , -0.44942966],
        [ 0.        ,  0.34957379,  0.52024308, ...,  0.64410875,
          0.44942966,  0.        ]],

       [[ 0.        ,  0.73657095,  0.94983708, ...,  0.23167773,
          0.33837082,  0.3691281 ],
        [-0.73657095,  0.        ,  0.41207309, ..., -0.55983315,
         -0.46426215, -0.43488963],
        [-0.94983708, -0.41207309,  0.        , ..., -0.85153839,
         -0.78798507, -0.76731516],
        ...,
        [-0.23167773,  0.55983315,  0.85153839, ...,  0.        ,
          0.11115291,  0.14376878],
        [-0.33837082,  0.46426215,  0.78798507, ..., -0.11115291,
          0.        ,  0.03287972],
        [-0.3691281 ,  0.43488963,  0.76731516, ..., -0.14376878,
         -0.03287972,  0.        ]]]), 'num': array([ 7.14072348e-01,  7.00070839e-01,  5.36456260e-06,  6.39338283e-05,
        6.60159645e-05,  6.34439139e-05,  1.21119086e-03, -1.46974318e-06,
        6.50116400e-05,  6.71366436e-05,  7.29482531e-05,  8.51375622e-07,
        7.43286616e-05,  5.99446257e-05])}
{'img': array([[[ 0.        ,  0.32177491,  0.34055936, ..., -0.98302671,
         -0.99865158, -0.99509795],
        [-0.32177491,  0.        ,  0.01990694, ..., -0.98977924,
         -0.96224397, -0.91035317],
        [-0.34055936, -0.01990694,  0.        , ..., -0.98674421,
         -0.95663485, -0.90193464],
        ...,
        [ 0.98302671,  0.98977924,  0.98674421, ...,  0.        ,
         -0.13218272, -0.27977883],
        [ 0.99865158,  0.96224397,  0.95663485, ...,  0.13218272,
          0.        , -0.15041995],
        [ 0.99509795,  0.91035317,  0.90193464, ...,  0.27977883,
          0.15041995,  0.        ]],

       [[ 0.        , -0.30182021, -0.472078  , ..., -0.8210582 ,
         -0.89357327, -0.86142237],
