state_0,state_1,state_2,state_3,state_4,state_5,state_6,state_7,state_8,state_9,state_10,state_11,state_12,state_13,state_14,state_15,state_16,state_17,state_18,state_19,state_20,state_21,state_22,state_23,state_24,state_25,state_26,state_27,state_28,state_29,state_30,state_31,state_32,state_33,state_34,state_35,state_36,state_37,state_38,state_39,state_40,state_41,state_42,state_43,state_44,state_45,state_46,state_47,state_48,state_49,state_50,state_51,state_52,state_53,state_54,state_55,state_56,state_57,state_58,state_59,state_60,state_61,state_62,state_63,state_64,state_65,state_66,state_67,state_68,state_69,state_70,state_71,state_72,state_73,state_74,state_75,state_76,state_77,state_78,state_79,state_80,state_81,state_82,state_83,state_84,state_85,state_86,state_87,state_88,state_89,state_90,state_91,state_92,state_93,state_94,state_95,state_96,state_97,state_98,state_99,state_100,state_101,state_102,state_103,state_104,state_105,state_106,state_107,state_108,state_109,state_110,state_111,state_112,state_113,state_114,state_115,state_116,state_117,state_118,state_119,state_120,state_121,state_122,state_123,state_124,state_125,state_126,state_127,state_128,state_129,state_130,state_131,state_132,state_133,state_134,state_135,state_136,state_137,state_138,state_139,state_140,state_141,state_142,state_143,state_144,state_145,state_146,state_147,state_148,state_149,state_150,state_151,state_152,state_153,state_154,state_155,state_156,state_157,state_158,state_159,state_160,state_161,state_162,state_163,state_164,state_165,state_166,state_167,state_168,state_169,state_170,state_171,state_172,state_173,state_174,state_175,state_176,state_177,state_178,state_179,state_180,state_181,state_182,state_183,state_184,state_185,state_186,state_187,state_188,state_189,state_190,state_191,state_192,state_193,state_194,state_195,state_196,state_197,state_198,state_199,state_200,state_201,state_202,state_203,state_204,state_205,state_206,state_207,state_208,state_209,state_210,state_211,state_212,state_213,state_214,state_215,state_216,state_217,state_218,state_219,state_220,state_221,state_222,state_223,state_224,state_225,state_226,state_227,state_228,state_229,state_230,state_231,state_232,state_233,state_234,state_235,state_236,state_237,state_238,state_239,state_240,state_241,state_242,state_243,state_244,state_245,state_246,state_247,state_248,state_249,state_250,state_251,state_252,state_253,state_254,state_255,state_256,state_257,state_258,state_259,state_260,state_261,state_262,state_263,state_264,state_265,state_266,state_267,state_268,state_269,state_270,state_271,state_272,state_273,state_274,state_275,state_276,state_277,state_278,state_279,state_280,state_281,state_282,state_283,state_284,state_285,state_286,state_287
{'img': array([[[ 0.        , -0.64484927, -0.02115066, ...,  0.98467736,
          0.98728431,  0.64484927],
        [ 0.64484927,  0.        ,  0.62853936, ...,  0.86505125,
          0.85709913,  0.        ],
        [ 0.02115066, -0.62853936,  0.        , ...,  0.98814547,
          0.99042566,  0.62853936],
        ...,
        [-0.98467736, -0.86505125, -0.98814547, ...,  0.        ,
          0.01563997,  0.86505125],
        [-0.98728431, -0.85709913, -0.99042566, ..., -0.01563997,
          0.        ,  0.85709913],
        [-0.64484927, -0.        , -0.62853936, ..., -0.86505125,
         -0.85709913,  0.        ]],

       [[ 0.        , -0.12697617, -0.1251824 , ...,  0.68518801,
          0.37616915,  0.4063961 ],
        [ 0.12697617,  0.        ,  0.0018082 , ...,  0.77212709,
          0.49077425,  0.28708889],
        [ 0.1251824 , -0.0018082 ,  0.        , ...,  0.77097678,
          0.48919799,  0.2888205 ],
        ...,
        [-0.68518801, -0.77212709, -0.77097678, ...,  0.        ,
         -0.36087272,  0.92205943],
        [-0.37616915, -0.49077425, -0.48919799, ...,  0.36087272,
          0.        ,  0.72025134],
        [-0.4063961 , -0.28708889, -0.2888205 , ..., -0.92205943,
         -0.72025134,  0.        ]],

       [[ 0.        , -0.35258147, -0.70265568, ...,  0.99946862,
          0.99985731,  0.796348  ],
        [ 0.35258147,  0.        , -0.40665961, ...,  0.94677651,
          0.92969161,  0.5319525 ],
        [ 0.70265568,  0.40665961,  0.        , ...,  0.73405552,
          0.69955889,  0.14163217],
        ...,
        [-0.99946862, -0.94677651, -0.73405552, ...,  0.        ,
          0.04947461,  0.63047485],
        [-0.99985731, -0.92969161, -0.69955889, ..., -0.04947461,
          0.        ,  0.59130009],
        [-0.796348  , -0.5319525 , -0.14163217, ..., -0.63047485,
         -0.59130009,  0.        ]],

       ...,

       [[ 0.        , -0.27559238,  0.22482623, ...,  0.95844442,
          0.98974238,  0.67875723],
        [ 0.27559238,  0.        ,  0.48465665, ...,  0.84270747,
          0.91204208,  0.45008731],
        [-0.22482623, -0.48465665,  0.        , ...,  0.99804544,
          0.99652335,  0.82648429],
        ...,
        [-0.95844442, -0.84270747, -0.99804544, ...,  0.        ,
         -0.14542619,  0.51021046],
        [-0.98974238, -0.91204208, -0.99652335, ...,  0.14542619,
          0.        ,  0.6298602 ],
        [-0.67875723, -0.45008731, -0.82648429, ..., -0.51021046,
         -0.6298602 ,  0.        ]],

       [[ 0.        ,  0.21366572, -0.21439685, ..., -0.9218342 ,
         -0.94302284, -0.99918031],
        [-0.21366572,  0.        , -0.41814302, ..., -0.81773262,
         -0.85015288, -0.96745665],
        [ 0.21439685,  0.41814302,  0.        , ..., -0.98349534,
         -0.99243022, -0.98462502],
        ...,
        [ 0.9218342 ,  0.81773262,  0.98349534, ...,  0.        ,
          0.05878092,  0.34994991],
        [ 0.94302284,  0.85015288,  0.99243022, ..., -0.05878092,
          0.        ,  0.2942807 ],
        [ 0.99918031,  0.96745665,  0.98462502, ..., -0.34994991,
         -0.2942807 ,  0.        ]],

       [[ 0.        , -0.34334611, -0.56567513, ...,  0.96289724,
          0.9501708 ,  0.97073698],
        [ 0.34334611,  0.        , -0.24815426, ...,  0.81170346,
          0.78537771,  0.99417778],
        [ 0.56567513,  0.24815426,  0.        , ...,  0.6413744 ,
          0.60719984,  0.93634124],
        ...,
        [-0.96289724, -0.81170346, -0.6413744 , ...,  0.        ,
          0.04374274, -0.49320632],
        [-0.9501708 , -0.78537771, -0.60719984, ..., -0.04374274,
          0.        , -0.53078659],
        [-0.97073698, -0.99417778, -0.93634124, ...,  0.49320632,
          0.53078659,  0.        ]]]), 'num': array([ 7.14178530e-01,  6.95813824e-01,  6.28928291e-07,  4.59117652e-04,
        4.82702463e-04,  4.46539087e-04,  7.60967069e-02, -1.02200847e-05,
        4.27514006e-04,  3.96539287e-04,  3.69822938e-04,  1.22894034e-06,
        4.48943584e-04,  3.44134991e-04])}
{'img': array([[[ 0.        ,  0.62853936,  0.82232121, ...,  0.85709913,
          0.        ,  0.40917057],
        [-0.62853936,  0.        ,  0.28192946, ...,  0.99042566,
          0.62853936,  0.89175949],
        [-0.82232121, -0.28192946,  0.        , ...,  0.91132962,
          0.82232121,  0.9831612 ],
        ...,
        [-0.85709913, -0.99042566, -0.91132962, ...,  0.        ,
          0.85709913,  0.57128204],
        [-0.        , -0.62853936, -0.82232121, ..., -0.85709913,
          0.        , -0.40917057],
        [-0.40917057, -0.89175949, -0.9831612 , ..., -0.57128204,
          0.40917057,  0.        ]],

       [[ 0.        ,  0.0018082 ,  0.09939067, ...,  0.49077425,
          0.28708889,  0.88270121],
        [-0.0018082 ,  0.        ,  0.09759127, ...,  0.48919799,
          0.2888205 ,  0.88185003],
        [-0.09939067, -0.09759127,  0.        , ...,  0.4017464 ,
          0.38087409,  0.83162338],
        ...,
        [-0.49077425, -0.48919799, -0.4017464 , ...,  0.        ,
          0.72025134,  0.53845407],
        [-0.28708889, -0.2888205 , -0.38087409, ..., -0.72025134,
          0.        , -0.98045599],
        [-0.88270121, -0.88185003, -0.83162338, ..., -0.53845407,
          0.98045599,  0.        ]],

       [[ 0.        , -0.39138529, -0.51307948, ...,  0.98094035,
          0.88912721,  0.51307948],
        [ 0.39138529,  0.        , -0.13620746, ...,  0.82663796,
          0.63907734,  0.13620746],
        [ 0.51307948,  0.13620746,  0.        , ...,  0.74228539,
          0.5283584 ,  0.        ],
        ...,
        [-0.98094035, -0.82663796, -0.74228539, ...,  0.        ,
          0.27617176,  0.74228539],
        [-0.88912721, -0.63907734, -0.5283584 , ..., -0.27617176,
          0.        ,  0.5283584 ],
        [-0.51307948, -0.13620746, -0.        , ..., -0.74228539,
         -0.5283584 ,  0.        ]],

       ...,

       [[ 0.        ,  0.48465665,  0.64707461, ...,  0.91204208,
          0.45008731,  0.70182027],
        [-0.48465665,  0.        ,  0.1964839 , ...,  0.99652335,
          0.82648429,  0.95913247],
        [-0.64707461, -0.1964839 ,  0.        , ...,  0.96072833,
          0.92098621,  0.99603273],
        ...,
        [-0.91204208, -0.99652335, -0.96072833, ...,  0.        ,
          0.6298602 ,  0.36188275],
        [-0.45008731, -0.82648429, -0.92098621, ..., -0.6298602 ,
          0.        , -0.30609313],
        [-0.70182027, -0.95913247, -0.99603273, ..., -0.36188275,
          0.30609313,  0.        ]],

       [[ 0.        , -0.41814302, -0.61507631, ..., -0.85015288,
         -0.96745665, -0.99505185],
        [ 0.41814302,  0.        , -0.22903155, ..., -0.99243022,
         -0.98462502, -0.94543184],
        [ 0.61507631,  0.22903155,  0.        , ..., -0.99417776,
         -0.91844516, -0.84567826],
        ...,
        [ 0.85015288,  0.99243022,  0.99417776, ...,  0.        ,
          0.2942807 ,  0.4394619 ],
        [ 0.96745665,  0.98462502,  0.91844516, ..., -0.2942807 ,
          0.        ,  0.15566116],
        [ 0.99505185,  0.94543184,  0.84567826, ..., -0.4394619 ,
         -0.15566116,  0.        ]],

       [[ 0.        , -0.24815426, -0.42627952, ...,  0.78537771,
          0.99417778,  0.9997181 ],
        [ 0.24815426,  0.        , -0.18846748, ...,  0.60719984,
          0.93634124,  0.96255561],
        [ 0.42627952,  0.18846748,  0.        , ...,  0.44657179,
          0.85339219,  0.89421549],
        ...,
        [-0.78537771, -0.60719984, -0.44657179, ...,  0.        ,
         -0.53078659, -0.60019541],
        [-0.99417778, -0.93634124, -0.85339219, ...,  0.53078659,
          0.        , -0.08411746],
        [-0.9997181 , -0.96255561, -0.89421549, ...,  0.60019541,
          0.08411746,  0.        ]]]), 'num': array([ 7.06395387e-01,  7.06395387e-01,  0.00000000e+00,  3.17997248e-04,
        3.53794311e-04,  3.16804012e-04,  4.48365857e-02, -3.04275040e-05,
        3.29571632e-04,  3.02992312e-04,  2.82975787e-04,  7.12701717e-07,
        3.41808749e-04,  2.64175875e-04])}
{'img': array([[[ 0.        ,  0.64385026,  0.79541847, ...,  0.        ,
          0.43274754,  0.85709913],
        [-0.64385026,  0.        ,  0.21840337, ...,  0.64385026,
          0.9115582 ,  0.98749113],
        [-0.79541847, -0.21840337,  0.        , ...,  0.79541847,
          0.97935304,  0.92921505],
        ...,
        [-0.        , -0.64385026, -0.79541847, ...,  0.        ,
         -0.43274754, -0.85709913],
        [-0.43274754, -0.9115582 , -0.97935304, ...,  0.43274754,
          0.        , -0.5497573 ],
        [-0.85709913, -0.98749113, -0.92921505, ...,  0.85709913,
          0.5497573 ,  0.        ]],

       [[ 0.        ,  0.09759127,  0.1011159 , ...,  0.2888205 ,
          0.88185003,  0.77242869],
        [-0.09759127,  0.        ,  0.00354215, ...,  0.38087409,
          0.83162338,  0.70676121],
        [-0.1011159 , -0.00354215,  0.        , ...,  0.38414686,
          0.82965107,  0.70425087],
        ...,
        [-0.2888205 , -0.38087409, -0.38414686, ...,  0.        ,
         -0.98045599, -0.92294064],
        [-0.88185003, -0.83162338, -0.82965107, ...,  0.98045599,
          0.        , -0.195841  ],
        [-0.77242869, -0.70676121, -0.70425087, ...,  0.92294064,
          0.195841  ,  0.        ]],

       [[ 0.        , -0.13356966,  0.36720146, ...,  0.7267948 ,
          0.50477339,  0.13356966],
        [ 0.13356966,  0.        ,  0.48814981, ...,  0.62853936,
          0.38494607,  0.        ],
        [-0.36720146, -0.48814981,  0.        , ...,  0.92823599,
          0.786498  ,  0.48814981],
        ...,
        [-0.7267948 , -0.62853936, -0.92823599, ...,  0.        ,
          0.28070103,  0.62853936],
        [-0.50477339, -0.38494607, -0.786498  , ..., -0.28070103,
          0.        ,  0.38494607],
        [-0.13356966, -0.        , -0.48814981, ..., -0.62853936,
         -0.38494607,  0.        ]],

       ...,

       [[ 0.        ,  0.47456932,  0.67365125, ...,  0.46400573,
          0.72081327,  0.98438515],
        [-0.47456932,  0.        ,  0.24222989, ...,  0.82881504,
          0.96341081,  0.95001117],
        [-0.67365125, -0.24222989,  0.        , ...,  0.93966512,
          0.99964402,  0.84609074],
        ...,
        [-0.46400573, -0.82881504, -0.93966512, ...,  0.        ,
         -0.31690363, -0.79032205],
        [-0.72081327, -0.96341081, -0.99964402, ...,  0.31690363,
          0.        , -0.55542286],
        [-0.98438515, -0.95001117, -0.84609074, ...,  0.79032205,
          0.55542286,  0.        ]],

       [[ 0.        , -0.48533282, -0.69494836, ..., -0.97613244,
         -0.99842412, -0.99932637],
        [ 0.48533282,  0.        , -0.25863059, ..., -0.95886407,
         -0.90018773, -0.89155163],
        [ 0.69494836,  0.25863059,  0.        , ..., -0.85282364,
         -0.75692586, -0.74407902],
        ...,
        [ 0.97613244,  0.95886407,  0.85282364, ...,  0.        ,
          0.16205494,  0.18120696],
        [ 0.99842412,  0.90018773,  0.75692586, ..., -0.16205494,
          0.        ,  0.01943961],
        [ 0.99932637,  0.89155163,  0.74407902, ..., -0.18120696,
         -0.01943961,  0.        ]],

       [[ 0.        , -0.18846748, -0.31011844, ...,  0.93634124,
          0.96255561,  0.93442867],
        [ 0.18846748,  0.        , -0.12538529, ...,  0.85339219,
          0.89421549,  0.85056041],
        [ 0.31011844,  0.12538529,  0.        , ...,  0.78129781,
          0.83103139,  0.77791061],
        ...,
        [-0.93634124, -0.85339219, -0.78129781, ...,  0.        ,
         -0.08411746,  0.00540852],
        [-0.96255561, -0.89421549, -0.83103139, ...,  0.08411746,
          0.        ,  0.08950558],
        [-0.93442867, -0.85056041, -0.77791061, ..., -0.00540852,
         -0.08950558,  0.        ]]]), 'num': array([ 7.07041352e-01,  7.07041352e-01,  0.00000000e+00,  3.14705061e-04,
        3.26051164e-04,  3.05747611e-04,  1.35750865e-02, -3.58297982e-06,
        3.30350740e-04,  3.05240023e-04,  2.85165383e-04,  6.94498291e-07,
        3.42166305e-04,  2.68313740e-04])}
{'img': array([[[ 0.00000000e+00,  5.72732268e-01,  6.88409877e-01, ...,
          4.59046934e-01,  8.92703863e-01,  9.16889284e-01],
        [-5.72732268e-01,  0.00000000e+00,  1.48903575e-01, ...,
          8.85122506e-01,  9.89885519e-01,  9.80214395e-01],
        [-6.88409877e-01, -1.48903575e-01,  0.00000000e+00, ...,
          9.44548396e-01,  9.57725278e-01,  9.39812908e-01],
        ...,
        [-4.59046934e-01, -8.85122506e-01, -9.44548396e-01, ...,
          0.00000000e+00, -5.86222195e-01, -6.31350716e-01],
        [-8.92703863e-01, -9.89885519e-01, -9.57725278e-01, ...,
          5.86222195e-01,  0.00000000e+00, -5.68751741e-02],
        [-9.16889284e-01, -9.80214395e-01, -9.39812908e-01, ...,
          6.31350716e-01,  5.68751741e-02,  0.00000000e+00]],

       [[ 0.00000000e+00,  3.54214945e-03, -5.79547165e-02, ...,
          8.31623385e-01,  7.06761206e-01,  1.80408917e-01],
        [-3.54214945e-03,  0.00000000e+00, -6.14905488e-02, ...,
          8.29651070e-01,  7.04250871e-01,  1.76923757e-01],
        [ 5.79547165e-02,  6.14905488e-02,  0.00000000e+00, ...,
          8.62410177e-01,  7.46573482e-01,  2.37109466e-01],
        ...,
        [-8.31623385e-01, -8.29651070e-01, -8.62410177e-01, ...,
          0.00000000e+00, -1.95840995e-01, -7.17789562e-01],
        [-7.06761206e-01, -7.04250871e-01, -7.46573482e-01, ...,
          1.95840995e-01,  0.00000000e+00, -5.67533770e-01],
        [-1.80408917e-01, -1.76923757e-01, -2.37109466e-01, ...,
          7.17789562e-01,  5.67533770e-01,  0.00000000e+00]],

       [[ 0.00000000e+00,  4.87336446e-01,  6.44877777e-01, ...,
          4.01015134e-01,  1.19309236e-01,  0.00000000e+00],
        [-4.87336446e-01,  0.00000000e+00,  1.90652204e-01, ...,
          7.96607138e-01,  5.88038001e-01,  4.87336446e-01],
        [-6.44877777e-01, -1.90652204e-01,  0.00000000e+00, ...,
          8.97244244e-01,  7.31457852e-01,  6.44877777e-01],
        ...,
        [-4.01015134e-01, -7.96607138e-01, -8.97244244e-01, ...,
          0.00000000e+00,  2.88854958e-01,  4.01015134e-01],
        [-1.19309236e-01, -5.88038001e-01, -7.31457852e-01, ...,
         -2.88854958e-01,  0.00000000e+00,  1.19309236e-01],
        [-0.00000000e+00, -4.87336446e-01, -6.44877777e-01, ...,
         -4.01015134e-01, -1.19309236e-01,  0.00000000e+00]],

       ...,

       [[ 0.00000000e+00,  5.27044155e-01,  6.91062765e-01, ...,
          7.39114610e-01,  9.92340120e-01,  9.97075350e-01],
        [-5.27044155e-01,  0.00000000e+00,  2.06346581e-01, ...,
          9.83133845e-01,  9.08437050e-01,  8.87631656e-01],
        [-6.91062765e-01, -2.06346581e-01,  0.00000000e+00, ...,
          9.99714002e-01,  8.02629202e-01,  7.73495151e-01],
        ...,
        [-7.39114610e-01, -9.83133845e-01, -9.99714002e-01, ...,
          0.00000000e+00, -5.77113054e-01, -6.15123029e-01],
        [-9.92340120e-01, -9.08437050e-01, -8.02629202e-01, ...,
          5.77113054e-01,  0.00000000e+00, -4.73350955e-02],
        [-9.97075350e-01, -8.87631656e-01, -7.73495151e-01, ...,
          6.15123029e-01,  4.73350955e-02,  0.00000000e+00]],

       [[ 0.00000000e+00, -5.51281069e-01, -7.07256716e-01, ...,
         -9.99974315e-01, -9.99611029e-01, -9.99587160e-01],
        [ 5.51281069e-01,  0.00000000e+00, -2.00346226e-01, ...,
         -8.30346986e-01, -8.18620448e-01, -8.18135915e-01],
        [ 7.07256716e-01,  2.00346226e-01,  0.00000000e+00, ...,
         -7.01869560e-01, -6.86957222e-01, -6.86344274e-01],
        ...,
        [ 9.99974315e-01,  8.30346986e-01,  7.01869560e-01, ...,
          0.00000000e+00,  2.07236998e-02,  2.15666465e-02],
        [ 9.99611029e-01,  8.18620448e-01,  6.86957222e-01, ...,
         -2.07236998e-02,  0.00000000e+00,  8.43135108e-04],
        [ 9.99587160e-01,  8.18135915e-01,  6.86344274e-01, ...,
         -2.15666465e-02, -8.43135108e-04,  0.00000000e+00]],

       [[ 0.00000000e+00, -1.25385289e-01, -2.79249146e-01, ...,
          8.94215494e-01,  8.50560413e-01,  7.68565277e-01],
        [ 1.25385289e-01,  0.00000000e+00, -1.56648050e-01, ...,
          8.31031394e-01,  7.77910612e-01,  6.82281936e-01],
        [ 2.79249146e-01,  1.56648050e-01,  0.00000000e+00, ...,
          7.33640245e-01,  6.69873197e-01,  5.59335125e-01],
        ...,
        [-8.94215494e-01, -8.31031394e-01, -7.33640245e-01, ...,
          0.00000000e+00,  8.95055824e-02,  2.28055424e-01],
        [-8.50560413e-01, -7.77910612e-01, -6.69873197e-01, ...,
         -8.95055824e-02,  0.00000000e+00,  1.39993138e-01],
        [-7.68565277e-01, -6.82281936e-01, -5.59335125e-01, ...,
         -2.28055424e-01, -1.39993138e-01,  0.00000000e+00]]]), 'num': array([ 7.07072819e-01,  7.07072819e-01,  0.00000000e+00,  3.11733118e-04,
        3.23676916e-04,  3.09941548e-04,  9.76124777e-03, -2.98594941e-06,
        3.30007128e-04,  3.06806302e-04,  2.86750675e-04,  6.49000876e-07,
        3.42043288e-04,  2.71569315e-04])}
{'img': array([[[ 0.00000000e+00,  4.43596904e-01,  5.57482517e-01, ...,
          9.18152835e-01,  9.40561780e-01,  9.56279950e-01],
        [-4.43596904e-01,  0.00000000e+00,  1.31361430e-01, ...,
          9.98637634e-01,  9.93611864e-01,  9.86774521e-01],
        [-5.57482517e-01, -1.31361430e-01,  0.00000000e+00, ...,
          9.83129388e-01,  9.70177427e-01,  9.56930128e-01],
        ...,
        [-9.18152835e-01, -9.98637634e-01, -9.83129388e-01, ...,
          0.00000000e+00, -6.08499311e-02, -1.10386981e-01],
        [-9.40561780e-01, -9.93611864e-01, -9.70177427e-01, ...,
          6.08499311e-02,  0.00000000e+00, -4.97043681e-02],
        [-9.56279950e-01, -9.86774521e-01, -9.56930128e-01, ...,
          1.10386981e-01,  4.97043681e-02,  0.00000000e+00]],

       [[ 0.00000000e+00, -6.14905488e-02, -1.89320749e-01, ...,
          7.04250871e-01,  1.76923757e-01,  6.51520295e-02],
        [ 6.14905488e-02,  0.00000000e+00, -1.28583981e-01, ...,
          7.46573482e-01,  2.37109466e-01,  1.26388643e-01],
        [ 1.89320749e-01,  1.28583981e-01,  0.00000000e+00, ...,
          8.25923198e-01,  3.60058275e-01,  2.52892283e-01],
        ...,
        [-7.04250871e-01, -7.46573482e-01, -8.25923198e-01, ...,
          0.00000000e+00, -5.67533770e-01, -6.56499822e-01],
        [-1.76923757e-01, -2.37109466e-01, -3.60058275e-01, ...,
          5.67533770e-01,  0.00000000e+00, -1.12423628e-01],
        [-6.51520295e-02, -1.26388643e-01, -2.52892283e-01, ...,
          6.56499822e-01,  1.12423628e-01,  0.00000000e+00]],

       [[ 0.00000000e+00,  4.68056087e-01,  7.26353556e-01, ...,
          1.23265814e-01,  0.00000000e+00,  1.06802391e-01],
        [-4.68056087e-01,  0.00000000e+00,  3.20172839e-01, ...,
          5.73416393e-01,  4.68056087e-01,  5.59760072e-01],
        [-7.26353556e-01, -3.20172839e-01,  0.00000000e+00, ...,
          8.05537372e-01,  7.26353556e-01,  7.95606561e-01],
        ...,
        [-1.23265814e-01, -5.73416393e-01, -8.05537372e-01, ...,
          0.00000000e+00,  1.23265814e-01,  1.65728834e-02],
        [-0.00000000e+00, -4.68056087e-01, -7.26353556e-01, ...,
         -1.23265814e-01,  0.00000000e+00, -1.06802391e-01],
        [-1.06802391e-01, -5.59760072e-01, -7.95606561e-01, ...,
         -1.65728834e-02,  1.06802391e-01,  0.00000000e+00]],

       ...,

       [[ 0.00000000e+00,  5.05811521e-01,  6.01048368e-01, ...,
          9.98626802e-01,  9.99998945e-01,  9.92587539e-01],
        [-5.05811521e-01,  0.00000000e+00,  1.14239815e-01, ...,
          8.87957930e-01,  8.63377957e-01,  7.94777524e-01],
        [-6.01048368e-01, -1.14239815e-01,  0.00000000e+00, ...,
          8.29602938e-01,  8.00085015e-01,  7.20242031e-01],
        ...,
        [-9.98626802e-01, -8.87957930e-01, -8.29602938e-01, ...,
          0.00000000e+00, -5.09372025e-02, -1.73364654e-01],
        [-9.99998945e-01, -8.63377957e-01, -8.00085015e-01, ...,
          5.09372025e-02,  0.00000000e+00, -1.22973706e-01],
        [-9.92587539e-01, -7.94777524e-01, -7.20242031e-01, ...,
          1.73364654e-01,  1.22973706e-01,  0.00000000e+00]],

       [[ 0.00000000e+00, -5.08378903e-01, -7.18615933e-01, ...,
         -9.92685329e-01, -9.92573139e-01, -9.92915128e-01],
        [ 5.08378903e-01,  0.00000000e+00, -2.65293910e-01, ...,
         -7.93457781e-01, -7.92894010e-01, -7.94623990e-01],
        [ 7.18615933e-01,  2.65293910e-01,  0.00000000e+00, ...,
         -6.03561692e-01, -6.02823322e-01, -6.05090261e-01],
        ...,
        [ 9.92685329e-01,  7.93457781e-01,  6.03561692e-01, ...,
          0.00000000e+00,  9.25744074e-04, -1.91853583e-03],
        [ 9.92573139e-01,  7.92894010e-01,  6.02823322e-01, ...,
         -9.25744074e-04,  0.00000000e+00, -2.84427738e-03],
        [ 9.92915128e-01,  7.94623990e-01,  6.05090261e-01, ...,
          1.91853583e-03,  2.84427738e-03,  0.00000000e+00]],

       [[ 0.00000000e+00, -1.56648050e-01, -3.30859286e-01, ...,
          7.77910612e-01,  6.82281936e-01,  5.50331629e-01],
        [ 1.56648050e-01,  0.00000000e+00, -1.78949012e-01, ...,
          6.69873197e-01,  5.59335125e-01,  4.12744815e-01],
        [ 3.30859286e-01,  1.78949012e-01,  0.00000000e+00, ...,
          5.26195077e-01,  4.01968248e-01,  2.43087315e-01],
        ...,
        [-7.77910612e-01, -6.69873197e-01, -5.26195077e-01, ...,
          0.00000000e+00,  1.39993138e-01,  3.03698871e-01],
        [-6.82281936e-01, -5.59335125e-01, -4.01968248e-01, ...,
         -1.39993138e-01,  0.00000000e+00,  1.67327197e-01],
        [-5.50331629e-01, -4.12744815e-01, -2.43087315e-01, ...,
         -3.03698871e-01, -1.67327197e-01,  0.00000000e+00]]]), 'num': array([ 7.07050071e-01,  7.07050071e-01,  0.00000000e+00,  2.94405139e-04,
        3.04557041e-04,  2.92613627e-04,  1.26357253e-02, -1.73179494e-05,
        3.17575361e-04,  3.06886006e-04,  2.87816356e-04,  5.65484061e-07,
        3.41986030e-04,  2.71785982e-04])}
{'img': array([[[ 0.        ,  0.16369701,  0.30138723, ...,  0.9999211 ,
          0.99800337,  0.94039707],
        [-0.16369701,  0.        ,  0.14123632, ...,  0.9843765 ,
          0.97420174,  0.87204191],
        [-0.30138723, -0.14123632,  0.        , ...,  0.94964064,
          0.93256219,  0.79417502],
        ...,
        [-0.9999211 , -0.9843765 , -0.94964064, ...,  0.        ,
         -0.05061909, -0.32823859],
        [-0.99800337, -0.97420174, -0.93256219, ...,  0.05061909,
          0.        , -0.28000326],
        [-0.94039707, -0.87204191, -0.79417502, ...,  0.32823859,
          0.28000326,  0.        ]],

       [[ 0.        , -0.12858398, -0.10603759, ...,  0.23710947,
          0.12638864,  0.21198272],
        [ 0.12858398,  0.        ,  0.02270171, ...,  0.36005827,
          0.25289228,  0.33588467],
        [ 0.10603759, -0.02270171,  0.        , ...,  0.33878638,
          0.23086334,  0.3144153 ],
        ...,
        [-0.23710947, -0.36005827, -0.33878638, ...,  0.        ,
         -0.11242363, -0.02578319],
        [-0.12638864, -0.25289228, -0.23086334, ...,  0.11242363,
          0.        ,  0.08676652],
        [-0.21198272, -0.33588467, -0.3144153 , ...,  0.02578319,
         -0.08676652,  0.        ]],

       [[ 0.        ,  0.61117179,  0.77365815, ...,  0.        ,
          0.11004031,  0.62151683],
        [-0.61117179,  0.        ,  0.22510844, ...,  0.61117179,
          0.6945569 ,  0.97072179],
        [-0.77365815, -0.22510844,  0.        , ...,  0.77365815,
          0.83868172,  0.9998795 ],
        ...,
        [-0.        , -0.61117179, -0.77365815, ...,  0.        ,
         -0.11004031, -0.62151683],
        [-0.11004031, -0.6945569 , -0.83868172, ...,  0.11004031,
          0.        , -0.53153677],
        [-0.62151683, -0.97072179, -0.9998795 , ...,  0.62151683,
          0.53153677,  0.        ]],

       ...,

       [[ 0.        ,  0.13346644,  0.29371648, ...,  0.89575685,
          0.83261686,  0.6772776 ],
        [-0.13346644,  0.        ,  0.16350912, ...,  0.82841106,
          0.75124741,  0.57302329],
        [-0.29371648, -0.16350912,  0.        , ...,  0.72567733,
          0.63321759,  0.43130932],
        ...,
        [-0.89575685, -0.82841106, -0.72567733, ...,  0.        ,
         -0.12597929, -0.35795309],
        [-0.83261686, -0.75124741, -0.63321759, ...,  0.12597929,
          0.        , -0.23746938],
        [-0.6772776 , -0.57302329, -0.43130932, ...,  0.35795309,
          0.23746938,  0.        ]],

       [[ 0.        , -0.56961998, -0.77980414, ..., -0.97869069,
         -0.97932242, -0.9795316 ],
        [ 0.56961998,  0.        , -0.28433188, ..., -0.68742811,
         -0.68967575, -0.69042597],
        [ 0.77980414,  0.28433188,  0.        , ..., -0.45255843,
         -0.45532009, -0.45624273],
        ...,
        [ 0.97869069,  0.68742811,  0.45255843, ...,  0.        ,
         -0.00309939, -0.00413595],
        [ 0.97932242,  0.68967575,  0.45532009, ...,  0.00309939,
          0.        , -0.00103657],
        [ 0.9795316 ,  0.69042597,  0.45624273, ...,  0.00413595,
          0.00103657,  0.        ]],

       [[ 0.        , -0.17894901, -0.07542454, ...,  0.55933513,
          0.41274482,  0.39807082],
        [ 0.17894901,  0.        ,  0.10423221, ...,  0.40196825,
          0.24308731,  0.22748559],
        [ 0.07542454, -0.10423221,  0.        , ...,  0.49521932,
          0.34286892,  0.32774587],
        ...,
        [-0.55933513, -0.40196825, -0.49521932, ...,  0.        ,
          0.1673272 ,  0.18313122],
        [-0.41274482, -0.24308731, -0.34286892, ..., -0.1673272 ,
          0.        ,  0.01605189],
        [-0.39807082, -0.22748559, -0.32774587, ..., -0.18313122,
         -0.01605189,  0.        ]]]), 'num': array([ 7.07098434e-01,  7.07098434e-01,  0.00000000e+00,  2.87855950e-04,
        2.94425277e-04,  2.87855950e-04,  4.78487060e-03, -6.56932667e-06,
        3.05413969e-04,  3.06966719e-04,  2.88692046e-04,  5.33477480e-07,
        3.41934970e-04,  2.71998467e-04])}
{'img': array([[[ 0.        ,  0.14123632, -0.08638716, ...,  0.97420174,
          0.87204191,  0.81506934],
        [-0.14123632,  0.        , -0.22622953, ...,  0.93256219,
          0.79417502,  0.72507185],
        [ 0.08638716,  0.22622953,  0.        , ...,  0.99005558,
          0.91106248,  0.86207188],
        ...,
        [-0.97420174, -0.93256219, -0.99005558, ...,  0.        ,
         -0.28000326, -0.38047289],
        [-0.87204191, -0.79417502, -0.91106248, ...,  0.28000326,
          0.        , -0.10630881],
        [-0.81506934, -0.72507185, -0.86207188, ...,  0.38047289,
          0.10630881,  0.        ]],

       [[ 0.        ,  0.02270171,  0.01375603, ...,  0.25289228,
          0.33588467,  0.04685173],
        [-0.02270171,  0.        , -0.00894707, ...,  0.23086334,
          0.3144153 ,  0.02416288],
        [-0.01375603,  0.00894707,  0.        , ...,  0.23955947,
          0.32289604,  0.03310637],
        ...,
        [-0.25289228, -0.23086334, -0.23955947, ...,  0.        ,
          0.08676652, -0.20728578],
        [-0.33588467, -0.3144153 , -0.32289604, ..., -0.08676652,
          0.        , -0.29138603],
        [-0.04685173, -0.02416288, -0.03310637, ...,  0.20728578,
          0.29138603,  0.        ]],

       [[ 0.        ,  0.56698399,  0.66747437, ...,  0.11624697,
          0.65203125,  0.84944099],
        [-0.56698399,  0.        ,  0.12762302, ...,  0.65889601,
          0.9669797 ,  0.99889718],
        [-0.66747437, -0.12762302,  0.        , ...,  0.74951043,
          0.99159763,  0.98473689],
        ...,
        [-0.11624697, -0.65889601, -0.74951043, ...,  0.        ,
         -0.55947317, -0.78234045],
        [-0.65203125, -0.9669797 , -0.99159763, ...,  0.55947317,
          0.        , -0.29997323],
        [-0.84944099, -0.99889718, -0.98473689, ...,  0.78234045,
          0.29997323,  0.        ]],

       ...,

       [[ 0.        ,  0.16350912,  0.26487258, ...,  0.75124741,
          0.57302329,  0.4903379 ],
        [-0.16350912,  0.        ,  0.10363874, ...,  0.63321759,
          0.43130932,  0.34123535],
        [-0.26487258, -0.10363874,  0.        , ...,  0.54959404,
          0.33548342,  0.24197967],
        ...,
        [-0.75124741, -0.63321759, -0.54959404, ...,  0.        ,
         -0.23746938, -0.3311033 ],
        [-0.57302329, -0.43130932, -0.33548342, ...,  0.23746938,
          0.        , -0.09755729],
        [-0.4903379 , -0.34123535, -0.24197967, ...,  0.3311033 ,
          0.09755729,  0.        ]],

       [[ 0.        , -0.61953679, -0.86542461, ..., -0.94747452,
         -0.94784999, -0.94845127],
        [ 0.61953679,  0.        , -0.36891811, ..., -0.54558958,
         -0.54657478, -0.54815809],
        [ 0.86542461,  0.36891811,  0.        , ..., -0.19793198,
         -0.1990846 , -0.20093827],
        ...,
        [ 0.94747452,  0.54558958,  0.19793198, ...,  0.        ,
         -0.00117603, -0.00306792],
        [ 0.94784999,  0.54657478,  0.1990846 , ...,  0.00117603,
          0.        , -0.0018919 ],
        [ 0.94845127,  0.54815809,  0.20093827, ...,  0.00306792,
          0.0018919 ,  0.        ]],

       [[ 0.        ,  0.10423221,  0.25775842, ...,  0.24308731,
          0.22748559,  0.21310065],
        [-0.10423221,  0.        ,  0.15564427, ...,  0.34286892,
          0.32774587,  0.31377792],
        [-0.25775842, -0.15564427,  0.        , ...,  0.48490005,
          0.47079908,  0.45773763],
        ...,
        [-0.24308731, -0.34286892, -0.48490005, ...,  0.        ,
          0.01605189,  0.03079509],
        [-0.22748559, -0.32774587, -0.47079908, ..., -0.01605189,
          0.        ,  0.01474684],
        [-0.21310065, -0.31377792, -0.45773763, ..., -0.03079509,
         -0.01474684,  0.        ]]]), 'num': array([7.07090466e-01, 7.07090466e-01, 0.00000000e+00, 3.00394007e-04,
       3.03977236e-04, 2.89644321e-04, 6.73930073e-03, 1.25413005e-05,
       3.01827299e-04, 3.07470884e-04, 2.89684135e-04, 5.90593662e-07,
       3.41740813e-04, 2.73200954e-04])}
{'img': array([[[ 0.        , -0.22622953, -0.22622953, ...,  0.79417502,
          0.72507185,  0.84916201],
        [ 0.22622953,  0.        ,  0.        , ...,  0.91106248,
          0.86207188,  0.94662581],
        [ 0.22622953,  0.        ,  0.        , ...,  0.91106248,
          0.86207188,  0.94662581],
        ...,
        [-0.79417502, -0.91106248, -0.91106248, ...,  0.        ,
         -0.10630881,  0.09659689],
        [-0.72507185, -0.86207188, -0.86207188, ...,  0.10630881,
          0.        ,  0.20186116],
        [-0.84916201, -0.94662581, -0.94662581, ..., -0.09659689,
         -0.20186116,  0.        ]],

       [[ 0.        , -0.00894707, -0.06335696, ...,  0.3144153 ,
          0.02416288,  0.12051649],
        [ 0.00894707,  0.        , -0.05442533, ...,  0.32289604,
          0.03310637,  0.12939353],
        [ 0.06335696,  0.05442533,  0.        , ...,  0.37392747,
          0.0874528 ,  0.18316954],
        ...,
        [-0.3144153 , -0.32289604, -0.37392747, ...,  0.        ,
         -0.29138603, -0.19771907],
        [-0.02416288, -0.03310637, -0.0874528 , ...,  0.29138603,
          0.        ,  0.09649454],
        [-0.12051649, -0.12939353, -0.18316954, ...,  0.19771907,
         -0.09649454,  0.        ]],

       [[ 0.        ,  0.40737946,  0.47762726, ...,  0.67826182,
          0.87615349,  0.91312362],
        [-0.40737946,  0.        ,  0.07828903, ...,  0.91877941,
          0.99652507,  0.99999994],
        [-0.47762726, -0.07828903,  0.        , ...,  0.94686567,
          0.9999874 ,  0.99695665],
        ...,
        [-0.67826182, -0.91877941, -0.94686567, ...,  0.        ,
         -0.31687134, -0.39446614],
        [-0.87615349, -0.99652507, -0.9999874 , ...,  0.31687134,
          0.        , -0.08296232],
        [-0.91312362, -0.99999994, -0.99695665, ...,  0.39446614,
          0.08296232,  0.        ]],

       ...,

       [[ 0.        ,  0.10363874,  0.28630518, ...,  0.43130932,
          0.34123535,  0.49663974],
        [-0.10363874,  0.        ,  0.18546316, ...,  0.33548342,
          0.24197967,  0.40401139],
        [-0.28630518, -0.18546316,  0.        , ...,  0.15494834,
          0.05783017,  0.22734912],
        ...,
        [-0.43130932, -0.33548342, -0.15494834, ...,  0.        ,
         -0.09755729,  0.07371256],
        [-0.34123535, -0.24197967, -0.05783017, ...,  0.09755729,
          0.        ,  0.17065284],
        [-0.49663974, -0.40401139, -0.22734912, ..., -0.07371256,
         -0.17065284,  0.        ]],

       [[ 0.        , -0.73147608, -0.96232316, ..., -0.87858793,
         -0.87967749, -0.88243559],
        [ 0.73147608,  0.        , -0.45728206, ..., -0.24974139,
         -0.25195452, -0.25759313],
        [ 0.96232316,  0.45728206,  0.        , ...,  0.22069153,
          0.21846109,  0.21276721],
        ...,
        [ 0.87858793,  0.24974139, -0.22069153, ...,  0.        ,
         -0.00228623, -0.00811718],
        [ 0.87967749,  0.25195452, -0.21846109, ...,  0.00228623,
          0.        , -0.00583101],
        [ 0.88243559,  0.25759313, -0.21276721, ...,  0.00811718,
          0.00583101,  0.        ]],

       [[ 0.        ,  0.23671553,  0.44193673, ...,  0.22779187,
          0.21338805,  0.07447883],
        [-0.23671553,  0.        ,  0.21703167, ...,  0.45181004,
          0.43858674,  0.30842014],
        [-0.44193673, -0.21703167,  0.        , ...,  0.63465798,
          0.62317678,  0.50752025],
        ...,
        [-0.22779187, -0.45181004, -0.63465798, ...,  0.        ,
          0.01476721,  0.15463843],
        [-0.21338805, -0.43858674, -0.62317678, ..., -0.01476721,
          0.        ,  0.14003199],
        [-0.07447883, -0.30842014, -0.50752025, ..., -0.15463843,
         -0.14003199,  0.        ]]]), 'num': array([ 7.07101542e-01,  7.07101542e-01,  0.00000000e+00,  2.93829357e-04,
        3.03981997e-04,  2.91440500e-04,  3.75442253e-03, -6.56935554e-06,
        2.97651527e-04,  3.07535422e-04,  2.90494911e-04,  5.58545599e-07,
        3.41706249e-04,  2.73364594e-04])}
{'img': array([[[ 0.        ,  0.        , -0.40786224, ...,  0.86207188,
          0.94662581,  0.90703654],
        [ 0.        ,  0.        , -0.40786224, ...,  0.86207188,
          0.94662581,  0.90703654],
        [ 0.40786224,  0.40786224,  0.        , ...,  0.99380799,
          0.99577862,  0.99989497],
        ...,
        [-0.86207188, -0.86207188, -0.99380799, ...,  0.        ,
          0.20186116,  0.09669643],
        [-0.94662581, -0.94662581, -0.99577862, ..., -0.20186116,
          0.        , -0.10620937],
        [-0.90703654, -0.90703654, -0.99989497, ..., -0.09669643,
          0.10620937,  0.        ]],

       [[ 0.        , -0.05442533, -0.06248832, ...,  0.03310637,
          0.12939353, -0.03702171],
        [ 0.05442533,  0.        , -0.00807673, ...,  0.0874528 ,
          0.18316954,  0.01742119],
        [ 0.06248832,  0.00807673,  0.        , ...,  0.09549574,
          0.19110365,  0.02549613],
        ...,
        [-0.03310637, -0.0874528 , -0.09549574, ...,  0.        ,
          0.09649454, -0.07008509],
        [-0.12939353, -0.18316954, -0.19110365, ..., -0.09649454,
          0.        , -0.1660153 ],
        [ 0.03702171, -0.01742119, -0.02549613, ...,  0.07008509,
          0.1660153 ,  0.        ]],

       [[ 0.        ,  0.2668771 ,  0.202537  , ...,  0.88866901,
          0.92464548,  0.95697953],
        [-0.2668771 ,  0.        , -0.06615488, ...,  0.97881378,
          0.99274366,  0.99970627],
        [-0.202537  ,  0.06615488,  0.        , ...,  0.96312418,
          0.98261381,  0.99591297],
        ...,
        [-0.88866901, -0.97881378, -0.96312418, ...,  0.        ,
         -0.08556452, -0.18097007],
        [-0.92464548, -0.99274366, -0.98261381, ...,  0.08556452,
          0.        , -0.09615466],
        [-0.95697953, -0.99970627, -0.99591297, ...,  0.18097007,
          0.09615466,  0.        ]],

       ...,

       [[ 0.        ,  0.18546316,  0.25041722, ...,  0.24197967,
          0.40401139,  0.31570829],
        [-0.18546316,  0.        ,  0.06651884, ...,  0.05783017,
          0.22734912,  0.13425324],
        [-0.25041722, -0.06651884,  0.        , ..., -0.00870543,
          0.16206864,  0.06803924],
        ...,
        [-0.24197967, -0.05783017,  0.00870543, ...,  0.        ,
          0.17065284,  0.07672192],
        [-0.40401139, -0.22734912, -0.16206864, ..., -0.17065284,
          0.        , -0.09455335],
        [-0.31570829, -0.13425324, -0.06803924, ..., -0.07672192,
          0.09455335,  0.        ]],

       [[ 0.        , -0.85868983, -0.99981111, ..., -0.65609107,
         -0.663053  , -0.66449692],
        [ 0.85868983,  0.        , -0.49570972, ...,  0.3117937 ,
          0.30297977,  0.30113941],
        [ 0.99981111,  0.49570972,  0.        , ...,  0.74178767,
          0.73554424,  0.73423498],
        ...,
        [ 0.65609107, -0.3117937 , -0.74178767, ...,  0.        ,
         -0.00926228, -0.01119272],
        [ 0.663053  , -0.30297977, -0.73554424, ...,  0.00926228,
