state_0,state_1,state_2,state_3,state_4,state_5,state_6,state_7,state_8,state_9,state_10,state_11,state_12,state_13,state_14,state_15,state_16,state_17,state_18,state_19,state_20,state_21,state_22,state_23,state_24,state_25,state_26,state_27,state_28,state_29,state_30,state_31,state_32,state_33,state_34,state_35,state_36,state_37,state_38,state_39,state_40,state_41,state_42,state_43,state_44,state_45,state_46,state_47,state_48,state_49,state_50,state_51,state_52,state_53,state_54,state_55,state_56,state_57,state_58,state_59,state_60,state_61,state_62,state_63,state_64,state_65,state_66,state_67,state_68,state_69,state_70,state_71,state_72,state_73,state_74,state_75,state_76,state_77,state_78,state_79,state_80,state_81,state_82,state_83,state_84,state_85,state_86,state_87,state_88,state_89,state_90,state_91,state_92,state_93,state_94,state_95,state_96,state_97,state_98,state_99,state_100,state_101,state_102,state_103,state_104,state_105,state_106,state_107,state_108,state_109,state_110,state_111,state_112,state_113,state_114,state_115,state_116,state_117,state_118,state_119,state_120,state_121,state_122,state_123,state_124,state_125,state_126,state_127,state_128,state_129,state_130,state_131,state_132,state_133,state_134,state_135,state_136,state_137,state_138,state_139,state_140,state_141,state_142,state_143,state_144,state_145,state_146,state_147,state_148,state_149,state_150,state_151,state_152,state_153,state_154,state_155,state_156,state_157,state_158,state_159,state_160,state_161,state_162,state_163,state_164,state_165,state_166,state_167,state_168,state_169,state_170,state_171,state_172,state_173,state_174,state_175,state_176,state_177,state_178,state_179,state_180,state_181,state_182,state_183,state_184,state_185,state_186,state_187,state_188,state_189,state_190,state_191,state_192,state_193,state_194,state_195,state_196,state_197,state_198,state_199,state_200,state_201,state_202,state_203,state_204,state_205,state_206,state_207,state_208,state_209,state_210,state_211,state_212,state_213,state_214,state_215,state_216,state_217,state_218,state_219,state_220,state_221,state_222,state_223,state_224,state_225,state_226,state_227,state_228,state_229,state_230,state_231,state_232,state_233,state_234,state_235,state_236,state_237,state_238,state_239,state_240,state_241,state_242,state_243,state_244,state_245,state_246,state_247,state_248,state_249,state_250,state_251,state_252,state_253,state_254,state_255,state_256,state_257,state_258,state_259,state_260,state_261,state_262,state_263,state_264,state_265,state_266,state_267,state_268,state_269,state_270,state_271,state_272,state_273,state_274,state_275,state_276,state_277,state_278,state_279,state_280,state_281,state_282,state_283,state_284,state_285,state_286,state_287
{'img': array([[[ 0.        , -0.40418461, -0.52953639, ...,  0.99774702,
          0.97349354,  0.96519752],
        [ 0.40418461,  0.        , -0.14149034, ...,  0.88550052,
          0.79798968,  0.98854755],
        [ 0.52953639,  0.14149034,  0.        , ...,  0.81085022,
          0.70468947,  0.95725013],
        ...,
        [-0.99774702, -0.88550052, -0.81085022, ...,  0.        ,
          0.16288896, -0.3256865 ],
        [-0.97349354, -0.79798968, -0.70468947, ..., -0.16288896,
          0.        , -0.47534466],
        [-0.96519752, -0.98854755, -0.95725013, ...,  0.3256865 ,
          0.47534466,  0.        ]],

       [[ 0.        ,  0.25457968,  0.14802636, ...,  0.25317863,
          0.26433446,  0.17543357],
        [-0.25457968,  0.        , -0.10862592, ..., -0.00144851,
          0.01010057, -0.08097812],
        [-0.14802636,  0.10862592,  0.        , ...,  0.10718587,
          0.11866118,  0.02777024],
        ...,
        [-0.25317863,  0.00144851, -0.10718587, ...,  0.        ,
          0.01154899, -0.07953428],
        [-0.26433446, -0.01010057, -0.11866118, ..., -0.01154899,
          0.        , -0.09104138],
        [-0.17543357,  0.08097812, -0.02777024, ...,  0.07953428,
          0.09104138,  0.        ]],

       [[ 0.        , -0.07577721, -0.18106614, ...,  0.88415554,
          0.97336845,  0.95170714],
        [ 0.07577721,  0.        , -0.10602085, ...,  0.91701595,
          0.98794144,  0.92570661],
        [ 0.18106614,  0.10602085,  0.        , ...,  0.95413403,
          0.99878831,  0.88038766],
        ...,
        [-0.88415554, -0.91701595, -0.95413403, ...,  0.        ,
          0.25206124,  0.71607285],
        [-0.97336845, -0.98794144, -0.99878831, ..., -0.25206124,
          0.        ,  0.51700659],
        [-0.95170714, -0.92570661, -0.88038766, ..., -0.71607285,
         -0.51700659,  0.        ]],

       ...,

       [[ 0.        , -0.46036539, -0.54800229, ...,  0.1423628 ,
          0.24159611,  0.10701464],
        [ 0.46036539,  0.        , -0.10139282, ...,  0.58205602,
          0.66119994,  0.55272178],
        [ 0.54800229,  0.10139282,  0.        , ...,  0.66150382,
          0.73385831,  0.63437063],
        ...,
        [-0.1423628 , -0.58205602, -0.66150382, ...,  0.        ,
          0.10098977, -0.03562062],
        [-0.24159611, -0.66119994, -0.73385831, ..., -0.10098977,
          0.        , -0.13636419],
        [-0.10701464, -0.55272178, -0.63437063, ...,  0.03562062,
          0.13636419,  0.        ]],

       [[ 0.        ,  0.07017044,  0.09763824, ...,  0.98108694,
          0.98572667,  0.98272417],
        [-0.07017044,  0.        ,  0.0275624 , ...,  0.96508585,
          0.97148342,  0.96731489],
        [-0.09763824, -0.0275624 ,  0.        , ...,  0.95749967,
          0.96457909,  0.95995817],
        ...,
        [-0.98108694, -0.96508585, -0.95749967, ...,  0.        ,
          0.02563526,  0.00864773],
        [-0.98572667, -0.97148342, -0.96457909, ..., -0.02563526,
          0.        , -0.01698941],
        [-0.98272417, -0.96731489, -0.95995817, ..., -0.00864773,
          0.01698941,  0.        ]],

       [[ 0.        , -0.15081742, -0.28918578, ...,  0.87562555,
          0.8358667 ,  0.85874421],
        [ 0.15081742,  0.        , -0.14150452, ...,  0.93845322,
          0.90909433,  0.92620111],
        [ 0.28918578,  0.14150452,  0.        , ...,  0.9778867 ,
          0.95889608,  0.97023274],
        ...,
        [-0.87562555, -0.93845322, -0.9778867 , ...,  0.        ,
         -0.07694357, -0.03390913],
        [-0.8358667 , -0.90909433, -0.95889608, ...,  0.07694357,
          0.        ,  0.04309072],
        [-0.85874421, -0.92620111, -0.97023274, ...,  0.03390913,
         -0.04309072,  0.        ]]]), 'num': array([ 9.71860328e-01,  2.09466047e-01,  1.06628571e-04,  7.12518019e-04,
        7.63340983e-04,  7.02552732e-04,  1.07737607e-01, -4.18542053e-05,
        7.51581944e-04,  7.13763680e-04,  6.17905924e-04,  5.09588539e-06,
        7.97867101e-04,  6.29660259e-04])}
{'img': array([[[ 0.        , -0.14149034, -0.29243028, ...,  0.79798968,
          0.98854755,  0.9606994 ],
        [ 0.14149034,  0.        , -0.15418297, ...,  0.70468947,
          0.95725013,  0.99031083],
        [ 0.29243028,  0.15418297,  0.        , ...,  0.58686775,
          0.90120445,  0.99988016],
        ...,
        [-0.79798968, -0.70468947, -0.58686775, ...,  0.        ,
         -0.47534466, -0.8005004 ],
        [-0.98854755, -0.95725013, -0.90120445, ...,  0.47534466,
          0.        , -0.41939061],
        [-0.9606994 , -0.99031083, -0.99988016, ...,  0.8005004 ,
          0.41939061,  0.        ]],

       [[ 0.        , -0.10862592, -0.24622883, ...,  0.01010057,
         -0.08097812,  0.05256183],
        [ 0.10862592,  0.        , -0.1394903 , ...,  0.11866118,
          0.02777024,  0.16072657],
        [ 0.24622883,  0.1394903 ,  0.        , ...,  0.25600585,
          0.16693524,  0.296832  ],
        ...,
        [-0.01010057, -0.11866118, -0.25600585, ...,  0.        ,
         -0.09104138,  0.04247254],
        [ 0.08097812, -0.02777024, -0.16693524, ...,  0.09104138,
          0.        ,  0.13325539],
        [-0.05256183, -0.16072657, -0.296832  , ..., -0.04247254,
         -0.13325539,  0.        ]],

       [[ 0.        , -0.10602085, -0.24497967, ...,  0.98794144,
          0.92570661,  0.98397107],
        [ 0.10602085,  0.        , -0.14080874, ...,  0.99878831,
          0.88038766,  0.95951882],
        [ 0.24497967,  0.14080874,  0.        , ...,  0.99576681,
          0.80483699,  0.91030094],
        ...,
        [-0.98794144, -0.99878831, -0.99576681, ...,  0.        ,
          0.51700659,  0.32852404],
        [-0.92570661, -0.88038766, -0.80483699, ..., -0.51700659,
          0.        , -0.20709998],
        [-0.98397107, -0.95951882, -0.91030094, ..., -0.32852404,
          0.20709998,  0.        ]],

       ...,

       [[ 0.        , -0.10139282, -0.42503819, ...,  0.66119994,
          0.55272178,  0.56147107],
        [ 0.10139282,  0.        , -0.33106945, ...,  0.73385831,
          0.63437063,  0.6424797 ],
        [ 0.42503819,  0.33106945,  0.        , ...,  0.91736972,
          0.85452248,  0.85994736],
        ...,
        [-0.66119994, -0.73385831, -0.91736972, ...,  0.        ,
         -0.13636419, -0.12591949],
        [-0.55272178, -0.63437063, -0.85452248, ...,  0.13636419,
          0.        ,  0.01053554],
        [-0.56147107, -0.6424797 , -0.85994736, ...,  0.12591949,
         -0.01053554,  0.        ]],

       [[ 0.        ,  0.0275624 ,  0.09013208, ...,  0.97148342,
          0.96731489,  0.96202583],
        [-0.0275624 ,  0.        ,  0.06264762, ...,  0.96457909,
          0.95995817,  0.95413695],
        [-0.09013208, -0.06264762,  0.        , ...,  0.94615832,
          0.94052222,  0.93350791],
        ...,
        [-0.97148342, -0.96457909, -0.94615832, ...,  0.        ,
         -0.01698941, -0.03707106],
        [-0.96731489, -0.95995817, -0.94052222, ...,  0.01698941,
          0.        , -0.02008798],
        [-0.96202583, -0.95413695, -0.93350791, ...,  0.03707106,
          0.02008798,  0.        ]],

       [[ 0.        , -0.14150452, -0.30587559, ...,  0.90909433,
          0.92620111,  0.91226682],
        [ 0.14150452,  0.        , -0.16807533, ...,  0.95889608,
          0.97023274,  0.96104698],
        [ 0.30587559,  0.16807533,  0.        , ...,  0.99294761,
          0.9971339 ,  0.99382879],
        ...,
        [-0.90909433, -0.95889608, -0.99294761, ...,  0.        ,
          0.04309072,  0.00767973],
        [-0.92620111, -0.97023274, -0.9971339 , ..., -0.04309072,
          0.        , -0.03541685],
        [-0.91226682, -0.96104698, -0.99382879, ..., -0.00767973,
          0.03541685,  0.        ]]]), 'num': array([ 7.07097311e-01,  7.07097311e-01,  0.00000000e+00,  6.00906296e-05,
        6.06805797e-05,  5.83207794e-05,  5.17276658e-03, -1.68557166e-07,
        6.29223900e-05,  6.04193161e-05,  5.25076641e-05,  4.54195956e-07,
        6.75059172e-05,  5.33327150e-05])}
{'img': array([[[ 0.        , -0.15418297, -0.40270255, ...,  0.95725013,
          0.99031083,  0.98787209],
        [ 0.15418297,  0.        , -0.25675873, ...,  0.90120445,
          0.99988016,  0.99999939],
        [ 0.40270255,  0.25675873,  0.        , ...,  0.75971431,
          0.9623848 ,  0.96675742],
        ...,
        [-0.95725013, -0.90120445, -0.75971431, ...,  0.        ,
         -0.41939061, -0.4343854 ],
        [-0.99031083, -0.99988016, -0.9623848 , ...,  0.41939061,
          0.        , -0.01658113],
        [-0.98787209, -0.99999939, -0.96675742, ...,  0.4343854 ,
          0.01658113,  0.        ]],

       [[ 0.        , -0.1394903 , -0.184881  , ...,  0.02777024,
          0.16072657, -0.00949608],
        [ 0.1394903 ,  0.        , -0.04598789, ...,  0.16693524,
          0.296832  ,  0.13008077],
        [ 0.184881  ,  0.04598789,  0.        , ...,  0.2121012 ,
          0.34043315,  0.17554029],
        ...,
        [-0.02777024, -0.16693524, -0.2121012 , ...,  0.        ,
          0.13325539, -0.0372614 ],
        [-0.16072657, -0.296832  , -0.34043315, ..., -0.13325539,
          0.        , -0.17009194],
        [ 0.00949608, -0.13008077, -0.17554029, ...,  0.0372614 ,
          0.17009194,  0.        ]],

       [[ 0.        , -0.14080874, -0.39235301, ...,  0.88038766,
          0.95951882,  0.99594732],
        [ 0.14080874,  0.        , -0.25892598, ...,  0.80483699,
          0.91030094,  0.9733604 ],
        [ 0.39235301,  0.25892598,  0.        , ...,  0.62371825,
          0.77207545,  0.88079938],
        ...,
        [-0.88038766, -0.80483699, -0.62371825, ...,  0.        ,
         -0.20709998, -0.39315203],
        [-0.95951882, -0.91030094, -0.77207545, ...,  0.20709998,
          0.        , -0.19420547],
        [-0.99594732, -0.9733604 , -0.88079938, ...,  0.39315203,
          0.19420547,  0.        ]],

       ...,

       [[ 0.        , -0.33106945, -0.91791563, ...,  0.63437063,
          0.6424797 ,  0.71744368],
        [ 0.33106945,  0.        , -0.73479077, ...,  0.85452248,
          0.85994736,  0.90761289],
        [ 0.91791563,  0.73479077,  0.        , ...,  0.96127824,
          0.95832151,  0.92409934],
        ...,
        [-0.63437063, -0.85452248, -0.96127824, ...,  0.        ,
          0.01053554,  0.11269176],
        [-0.6424797 , -0.85994736, -0.95832151, ..., -0.01053554,
          0.        ,  0.10221707],
        [-0.71744368, -0.90761289, -0.92409934, ..., -0.11269176,
         -0.10221707,  0.        ]],

       [[ 0.        ,  0.06264762,  0.11043936, ...,  0.95995817,
          0.95413695,  0.95497182],
        [-0.06264762,  0.        ,  0.04795803, ...,  0.94052222,
          0.93350791,  0.93450865],
        [-0.11043936, -0.04795803,  0.        , ...,  0.92314713,
          0.91523809,  0.91636316],
        ...,
        [-0.95995817, -0.94052222, -0.92314713, ...,  0.        ,
         -0.02008798, -0.01728722],
        [-0.95413695, -0.93350791, -0.91523809, ...,  0.02008798,
          0.        ,  0.00280124],
        [-0.95497182, -0.93450865, -0.91636316, ...,  0.01728722,
         -0.00280124,  0.        ]],

       [[ 0.        , -0.16807533, -0.3459456 , ...,  0.97023274,
          0.96104698,  0.97682056],
        [ 0.16807533,  0.        , -0.18332678, ...,  0.9971339 ,
          0.99382879,  0.99890263],
        [ 0.3459456 ,  0.18332678,  0.        , ...,  0.99410447,
          0.99732092,  0.9905594 ],
        ...,
        [-0.97023274, -0.9971339 , -0.99410447, ...,  0.        ,
         -0.03541685,  0.0288731 ],
        [-0.96104698, -0.99382879, -0.99732092, ...,  0.03541685,
          0.        ,  0.06425707],
        [-0.97682056, -0.99890263, -0.9905594 , ..., -0.0288731 ,
         -0.06425707,  0.        ]]]), 'num': array([7.43628393e-01, 6.68584684e-01, 1.04809650e-05, 6.34350884e-05,
       6.37894744e-05, 6.18403516e-05, 3.36176732e-03, 2.65789477e-07,
       6.51361411e-05, 6.32711849e-05, 5.54887214e-05, 5.74934683e-07,
       7.03892445e-05, 5.61531253e-05])}
{'img': array([[[ 0.        , -0.25675873, -0.12452592, ...,  0.99988016,
          0.99999939,  0.9997156 ],
        [ 0.25675873,  0.        ,  0.13440895, ...,  0.9623848 ,
          0.96675742,  0.96007753],
        [ 0.12452592, -0.13440895,  0.        , ...,  0.99016965,
          0.99235275,  0.9889645 ],
        ...,
        [-0.99988016, -0.9623848 , -0.99016965, ...,  0.        ,
         -0.01658113,  0.00836824],
        [-0.99999939, -0.96675742, -0.99235275, ...,  0.01658113,
          0.        ,  0.02494764],
        [-0.9997156 , -0.96007753, -0.9889645 , ..., -0.00836824,
         -0.02494764,  0.        ]],

       [[ 0.        , -0.04598789, -0.28873525, ...,  0.296832  ,
          0.13008077,  0.01354136],
        [ 0.04598789,  0.        , -0.24440055, ...,  0.34043315,
          0.17554029,  0.05951071],
        [ 0.28873525,  0.24440055,  0.        , ...,  0.55991149,
          0.41082248,  0.3016734 ],
        ...,
        [-0.296832  , -0.34043315, -0.55991149, ...,  0.        ,
         -0.17009194, -0.28387373],
        [-0.13008077, -0.17554029, -0.41082248, ...,  0.17009194,
          0.        , -0.11664253],
        [-0.01354136, -0.05951071, -0.3016734 , ...,  0.28387373,
          0.11664253,  0.        ]],

       [[ 0.        , -0.25892598, -0.53466942, ...,  0.91030094,
          0.9733604 ,  0.9989482 ],
        [ 0.25892598,  0.        , -0.29762736, ...,  0.77207545,
          0.88079938,  0.9530087 ],
        [ 0.53466942,  0.29762736,  0.        , ...,  0.54793525,
          0.69995995,  0.81965627],
        ...,
        [-0.91030094, -0.77207545, -0.54793525, ...,  0.        ,
         -0.19420547, -0.37177167],
        [-0.9733604 , -0.88079938, -0.69995995, ...,  0.19420547,
          0.        , -0.18440783],
        [-0.9989482 , -0.9530087 , -0.81965627, ...,  0.37177167,
          0.18440783,  0.        ]],

       ...,

       [[ 0.        , -0.73479077, -0.22421307, ...,  0.85994736,
          0.90761289,  0.99879273],
        [ 0.73479077,  0.        ,  0.56400076, ...,  0.95832151,
          0.92409934,  0.64137967],
        [ 0.22421307, -0.56400076,  0.        , ...,  0.95248771,
          0.97863166,  0.96234955],
        ...,
        [-0.85994736, -0.95832151, -0.95248771, ...,  0.        ,
          0.10221707,  0.55200992],
        [-0.90761289, -0.92409934, -0.97863166, ..., -0.10221707,
          0.        ,  0.46388613],
        [-0.99879273, -0.64137967, -0.96234955, ..., -0.55200992,
         -0.46388613,  0.        ]],

       [[ 0.        ,  0.04795803,  0.06224548, ...,  0.93350791,
          0.93450865,  0.91438005],
        [-0.04795803,  0.        ,  0.01430882, ...,  0.91523809,
          0.91636316,  0.89391178],
        [-0.06224548, -0.01430882,  0.        , ...,  0.90937917,
          0.91054083,  0.88740644],
        ...,
        [-0.93350791, -0.91523809, -0.90937917, ...,  0.        ,
          0.00280124, -0.05007993],
        [-0.93450865, -0.91636316, -0.91054083, ..., -0.00280124,
          0.        , -0.05287746],
        [-0.91438005, -0.89391178, -0.88740644, ...,  0.05007993,
          0.05287746,  0.        ]],

       [[ 0.        , -0.18308384, -0.31273383, ...,  0.99205028,
          0.99757161,  0.99754257],
        [ 0.18308384,  0.        , -0.13354728, ...,  0.99832162,
          0.99346144,  0.96785402],
        [ 0.31273383,  0.13354728,  0.        , ...,  0.98164493,
          0.96931561,  0.92559559],
        ...,
        [-0.99205028, -0.99832162, -0.98164493, ...,  0.        ,
          0.05644189,  0.19503884],
        [-0.99757161, -0.99346144, -0.96931561, ..., -0.05644189,
          0.        ,  0.13936998],
        [-0.99754257, -0.96785402, -0.92559559, ..., -0.19503884,
         -0.13936998,  0.        ]]]), 'num': array([8.46185676e-01, 5.32847469e-01, 4.21720333e-05, 7.39005205e-05,
       7.40994452e-05, 7.01209515e-05, 6.58279579e-03, 2.68548325e-06,
       7.24881553e-05, 7.09464890e-05, 6.26902857e-05, 6.59699211e-07,
       7.87769236e-05, 6.31160543e-05])}
{'img': array([[[ 0.        ,  0.13440895,  0.33885532, ...,  0.96675742,
          0.96007753,  0.8590955 ],
        [-0.13440895,  0.        ,  0.20932341, ...,  0.99235275,
          0.9889645 ,  0.92009258],
        [-0.33885532, -0.20932341,  0.        , ...,  0.99620631,
          0.99806727,  0.98170146],
        ...,
        [-0.96675742, -0.99235275, -0.99620631, ...,  0.        ,
          0.02494764,  0.27513457],
        [-0.96007753, -0.9889645 , -0.99806727, ..., -0.02494764,
          0.        ,  0.25106413],
        [-0.8590955 , -0.92009258, -0.98170146, ..., -0.27513457,
         -0.25106413,  0.        ]],

       [[ 0.        , -0.24440055, -0.05475503, ...,  0.17554029,
          0.05951071,  0.19554775],
        [ 0.24440055,  0.        ,  0.19093936, ...,  0.41082248,
          0.3016734 ,  0.42929984],
        [ 0.05475503, -0.19093936,  0.        , ...,  0.22918176,
          0.11407942,  0.24895234],
        ...,
        [-0.17554029, -0.41082248, -0.22918176, ...,  0.        ,
         -0.11664253,  0.02036   ],
        [-0.05951071, -0.3016734 , -0.11407942, ...,  0.11664253,
          0.        ,  0.13683937],
        [-0.19554775, -0.42929984, -0.24895234, ..., -0.02036   ,
         -0.13683937,  0.        ]],

       [[ 0.        , -0.29762736, -0.40571752, ...,  0.88079938,
          0.9530087 ,  0.9750578 ],
        [ 0.29762736,  0.        , -0.1153003 , ...,  0.69995995,
          0.81965627,  0.86481154],
        [ 0.40571752,  0.1153003 ,  0.        , ...,  0.61294628,
          0.74813929,  0.80115194],
        ...,
        [-0.88079938, -0.69995995, -0.61294628, ...,  0.        ,
         -0.18440783, -0.2661854 ],
        [-0.9530087 , -0.81965627, -0.74813929, ...,  0.18440783,
          0.        , -0.08386554],
        [-0.9750578 , -0.86481154, -0.80115194, ...,  0.2661854 ,
          0.08386554,  0.        ]],

       ...,

       [[ 0.        ,  0.56400076,  0.83380658, ...,  0.92409934,
          0.64137967,  0.576101  ],
        [-0.56400076,  0.        ,  0.37717562, ...,  0.97863166,
          0.96234955,  0.93673149],
        [-0.83380658, -0.37717562,  0.        , ...,  0.82879635,
          0.99379406,  0.99957599],
        ...,
        [-0.92409934, -0.97863166, -0.82879635, ...,  0.        ,
          0.46388613,  0.53518061],
        [-0.64137967, -0.96234955, -0.99379406, ..., -0.46388613,
          0.        ,  0.08225166],
        [-0.576101  , -0.93673149, -0.99957599, ..., -0.53518061,
         -0.08225166,  0.        ]],

       [[ 0.        ,  0.01430882,  0.00613993, ...,  0.91636316,
          0.89391178,  0.88490702],
        [-0.01430882,  0.        , -0.00816925, ...,  0.91054083,
          0.88740644,  0.87815184],
        [-0.00613993,  0.00816925,  0.        , ...,  0.91388777,
          0.89114275,  0.88203056],
        ...,
        [-0.91636316, -0.91054083, -0.91388777, ...,  0.        ,
         -0.05287746, -0.07254157],
        [-0.89391178, -0.88740644, -0.89114275, ...,  0.05287746,
          0.        , -0.01970193],
        [-0.88490702, -0.87815184, -0.88203056, ...,  0.07254157,
          0.01970193,  0.        ]],

       [[ 0.        , -0.13316931, -0.21248582, ...,  0.99745674,
          0.99094456,  0.96712136],
        [ 0.13316931,  0.        , -0.080465  , ...,  0.97908112,
          0.96423766,  0.9246405 ],
        [ 0.21248582,  0.080465  ,  0.        , ...,  0.95953415,
          0.93978468,  0.89099792],
        ...,
        [-0.99745674, -0.97908112, -0.95953415, ...,  0.        ,
          0.06330108,  0.18473746],
        [-0.99094456, -0.96423766, -0.93978468, ..., -0.06330108,
          0.        ,  0.12215542],
        [-0.96712136, -0.9246405 , -0.89099792, ..., -0.18473746,
         -0.12215542,  0.        ]]]), 'num': array([9.99638853e-01, 2.62659987e-02, 1.28582937e-04, 8.73528521e-05,
       8.75836391e-05, 8.51603763e-05, 5.67349274e-03, 1.61550849e-06,
       8.40987565e-05, 8.23851635e-05, 7.32536941e-05, 7.27667738e-07,
       9.16092741e-05, 7.31610529e-05])}
{'img': array([[[ 0.        ,  0.20932341,  0.31159088, ...,  0.9889645 ,
          0.92009258,  0.84022098],
        [-0.20932341,  0.        ,  0.10578551, ...,  0.99806727,
          0.98170146,  0.93511151],
        [-0.31159088, -0.10578551,  0.        , ...,  0.98589327,
          0.99633747,  0.96735005],
        ...,
        [-0.9889645 , -0.99806727, -0.98589327, ...,  0.        ,
          0.25106413,  0.41177919],
        [-0.92009258, -0.98170146, -0.99633747, ..., -0.25106413,
          0.        ,  0.16979945],
        [-0.84022098, -0.93511151, -0.96735005, ..., -0.41177919,
         -0.16979945,  0.        ]],

       [[ 0.        ,  0.19093936,  0.24186689, ...,  0.3016734 ,
          0.42929984,  0.35872576],
        [-0.19093936,  0.        ,  0.05214672, ...,  0.11407942,
          0.24895234,  0.17389485],
        [-0.24186689, -0.05214672,  0.        , ...,  0.06211792,
          0.1981087 ,  0.12230603],
        ...,
        [-0.3016734 , -0.11407942, -0.06211792, ...,  0.        ,
          0.13683937,  0.06041827],
        [-0.42929984, -0.24895234, -0.1981087 , ..., -0.13683937,
          0.        , -0.07673945],
        [-0.35872576, -0.17389485, -0.12230603, ..., -0.06041827,
          0.07673945,  0.        ]],

       [[ 0.        , -0.1153003 , -0.09198708, ...,  0.81965627,
          0.86481154,  0.86481154],
        [ 0.1153003 ,  0.        ,  0.02343786, ...,  0.74813929,
          0.80115194,  0.80115194],
        [ 0.09198708, -0.02343786,  0.        , ...,  0.76348577,
          0.81495851,  0.81495851],
        ...,
        [-0.81965627, -0.74813929, -0.76348577, ...,  0.        ,
         -0.08386554, -0.08386554],
        [-0.86481154, -0.80115194, -0.81495851, ...,  0.08386554,
          0.        ,  0.        ],
        [-0.86481154, -0.80115194, -0.81495851, ...,  0.08386554,
          0.        ,  0.        ]],

       ...,

       [[ 0.        ,  0.71398329,  0.85061714, ...,  0.6670524 ,
          0.60006434,  0.73809701],
        [-0.71398329,  0.        ,  0.22016831, ...,  0.9989705 ,
          0.99129487,  0.99850869],
        [-0.85061714, -0.22016831,  0.        , ...,  0.98444549,
          0.99595784,  0.96198756],
        ...,
        [-0.6670524 , -0.9989705 , -0.98444549, ...,  0.        ,
          0.08655531, -0.09983359],
        [-0.60006434, -0.99129487, -0.99595784, ..., -0.08655531,
          0.        , -0.18558181],
        [-0.73809701, -0.99850869, -0.96198756, ...,  0.09983359,
          0.18558181,  0.        ]],

       [[ 0.        , -0.00816925, -0.02068092, ...,  0.88740644,
          0.87815184,  0.88515341],
        [ 0.00816925,  0.        , -0.01251273, ...,  0.89114275,
          0.88203056,  0.88892502],
        [ 0.02068092,  0.01251273,  0.        , ...,  0.8967503 ,
          0.88785741,  0.89458692],
        ...,
        [-0.88740644, -0.89114275, -0.8967503 , ...,  0.        ,
         -0.01970193, -0.00486462],
        [-0.87815184, -0.88203056, -0.88785741, ...,  0.01970193,
          0.        ,  0.01483802],
        [-0.88515341, -0.88892502, -0.89458692, ...,  0.00486462,
         -0.01483802,  0.        ]],

       [[ 0.        , -0.080465  , -0.13465991, ...,  0.96423766,
          0.9246405 ,  0.95935947],
        [ 0.080465  ,  0.        , -0.05449115, ...,  0.93978468,
          0.89099792,  0.93354252],
        [ 0.13465991,  0.05449115,  0.        , ...,  0.91976512,
          0.86493474,  0.91262225],
        ...,
        [-0.96423766, -0.93978468, -0.91976512, ...,  0.        ,
          0.12215542,  0.01782739],
        [-0.9246405 , -0.89099792, -0.86493474, ..., -0.12215542,
          0.        , -0.10444213],
        [-0.95935947, -0.93354252, -0.91262225, ..., -0.01782739,
          0.10444213,  0.        ]]]), 'num': array([8.32975092e-01, 5.53288108e-01, 3.64650566e-05, 7.35051207e-05,
       7.35051207e-05, 7.13009254e-05, 4.97235787e-03, 9.58345771e-07,
       7.08409194e-05, 6.84977640e-05, 6.12734341e-05, 5.98966107e-07,
       7.63278360e-05, 6.06676920e-05])}
{'img': array([[[ 0.        ,  0.10578551, -0.28148695, ...,  0.98170146,
          0.93511151,  0.86319388],
        [-0.10578551,  0.        , -0.38141559, ...,  0.99633747,
          0.96735005,  0.91175868],
        [ 0.28148695,  0.38141559,  0.        , ...,  0.88840385,
          0.79755442,  0.68617564],
        ...,
        [-0.98170146, -0.99633747, -0.88840385, ...,  0.        ,
          0.16979945,  0.33125919],
        [-0.93511151, -0.96735005, -0.79755442, ..., -0.16979945,
          0.        ,  0.16623632],
        [-0.86319388, -0.91175868, -0.68617564, ..., -0.33125919,
         -0.16623632,  0.        ]],

       [[ 0.        ,  0.15054761,  0.31054811, ...,  0.38995972,
          0.30797628,  0.32266826],
        [-0.15054761,  0.        ,  0.16390454, ...,  0.24688621,
          0.16123611,  0.1764956 ],
        [-0.31054811, -0.16390454,  0.        , ...,  0.08471658,
         -0.0027044 ,  0.01277724],
        ...,
        [-0.38995972, -0.24688621, -0.08471658, ...,  0.        ,
         -0.08741096, -0.07197836],
        [-0.30797628, -0.16123611,  0.0027044 , ...,  0.08741096,
          0.        ,  0.01548137],
        [-0.32266826, -0.1764956 , -0.01277724, ...,  0.07197836,
         -0.01548137,  0.        ]],

       [[ 0.        ,  0.02343786, -0.07942738, ...,  0.80115194,
          0.80115194,  0.70822047],
        [-0.02343786,  0.        , -0.10276937, ...,  0.81495851,
          0.81495851,  0.72457284],
        [ 0.07942738,  0.10276937,  0.        , ...,  0.75108664,
          0.75108664,  0.64990791],
        ...,
        [-0.80115194, -0.81495851, -0.75108664, ...,  0.        ,
          0.        ,  0.14176401],
        [-0.80115194, -0.81495851, -0.75108664, ...,  0.        ,
          0.        ,  0.14176401],
        [-0.70822047, -0.72457284, -0.64990791, ..., -0.14176401,
         -0.14176401,  0.        ]],

       ...,

       [[ 0.        ,  0.5268059 ,  0.05684875, ...,  0.72053131,
          0.8465268 ,  0.8629465 ],
        [-0.5268059 ,  0.        , -0.47763333, ...,  0.97774026,
          0.99997867,  0.99968465],
        [-0.05684875,  0.47763333,  0.        , ...,  0.75878627,
          0.87542101,  0.89027635],
        ...,
        [-0.72053131, -0.97774026, -0.75878627, ...,  0.        ,
         -0.20342861, -0.23430535],
        [-0.8465268 , -0.99997867, -0.87542101, ...,  0.20342861,
          0.        , -0.0316402 ],
        [-0.8629465 , -0.99968465, -0.89027635, ...,  0.23430535,
          0.0316402 ,  0.        ]],

       [[ 0.        , -0.01251273, -0.00479391, ...,  0.88203056,
          0.88892502,  0.89821024],
        [ 0.01251273,  0.        ,  0.00771905, ...,  0.88785741,
          0.89458692,  0.90364009],
        [ 0.00479391, -0.00771905,  0.        , ...,  0.88427928,
          0.89111067,  0.90030716],
        ...,
        [-0.88203056, -0.88785741, -0.88427928, ...,  0.        ,
          0.01483802,  0.03551892],
        [-0.88892502, -0.89458692, -0.89111067, ..., -0.01483802,
          0.        ,  0.02068635],
        [-0.89821024, -0.90364009, -0.90030716, ..., -0.03551892,
         -0.02068635,  0.        ]],

       [[ 0.        , -0.05449115, -0.17559984, ...,  0.89099792,
          0.93354252,  0.95588248],
        [ 0.05449115,  0.        , -0.12169449, ...,  0.86493474,
          0.91262225,  0.93845554],
        [ 0.17559984,  0.12169449,  0.        , ...,  0.79742964,
          0.8560901 ,  0.88944729],
        ...,
        [-0.89099792, -0.86493474, -0.79742964, ...,  0.        ,
         -0.10444213, -0.17224766],
        [-0.93354252, -0.91262225, -0.8560901 , ...,  0.10444213,
          0.        , -0.06842452],
        [-0.95588248, -0.93845554, -0.88944729, ...,  0.17224766,
          0.06842452,  0.        ]]]), 'num': array([9.91124422e-01, 1.27358408e-01, 1.05465941e-04, 8.82294236e-05,
       9.10303577e-05, 8.17657296e-05, 3.81071176e-02, 5.60186816e-06,
       8.19165491e-05, 7.76020333e-05, 6.94290513e-05, 7.39779328e-07,
       8.76570141e-05, 6.75470525e-05])}
{'img': array([[[ 0.00000000e+00, -3.54982954e-01, -6.90392261e-01, ...,
          9.97632813e-01,  9.99954866e-01,  6.90392261e-01],
        [ 3.54982954e-01,  0.00000000e+00, -3.88621755e-01, ...,
          9.57070531e-01,  9.31457938e-01,  3.88621755e-01],
        [ 6.90392261e-01,  3.88621755e-01,  0.00000000e+00, ...,
          7.69198270e-01,  7.16843259e-01,  0.00000000e+00],
        ...,
        [-9.97632813e-01, -9.57070531e-01, -7.69198270e-01, ...,
          0.00000000e+00,  7.82413107e-02,  7.69198270e-01],
        [-9.99954866e-01, -9.31457938e-01, -7.16843259e-01, ...,
         -7.82413107e-02,  0.00000000e+00,  7.16843259e-01],
        [-6.90392261e-01, -3.88621755e-01, -0.00000000e+00, ...,
         -7.69198270e-01, -7.16843259e-01,  0.00000000e+00]],

       [[ 0.00000000e+00,  1.67086803e-01,  3.84782877e-02, ...,
          1.64394984e-01,  1.79782208e-01,  8.46148936e-01],
        [-1.67086803e-01,  0.00000000e+00, -1.29025697e-01, ...,
         -2.72956836e-03,  1.28904995e-02,  7.45205606e-01],
        [-3.84782877e-02,  1.29025697e-01,  0.00000000e+00, ...,
          1.26318464e-01,  1.41797728e-01,  8.25015440e-01],
        ...,
        [-1.64394984e-01,  2.72956836e-03, -1.26318464e-01, ...,
          0.00000000e+00,  1.56197931e-02,  7.47023001e-01],
        [-1.79782208e-01, -1.28904995e-02, -1.41797728e-01, ...,
         -1.56197931e-02,  0.00000000e+00,  7.36547857e-01],
        [-8.46148936e-01, -7.45205606e-01, -8.25015440e-01, ...,
         -7.47023001e-01, -7.36547857e-01,  0.00000000e+00]],

       [[ 0.00000000e+00, -1.02093151e-01, -2.73794178e-01, ...,
          8.34442616e-01,  7.54279917e-01,  2.73794178e-01],
        [ 1.02093151e-01,  0.00000000e+00, -1.74171562e-01, ...,
          7.73819514e-01,  6.83309124e-01,  1.74171562e-01],
        [ 2.73794178e-01,  1.74171562e-01,  0.00000000e+00, ...,
          6.51670593e-01,  5.45697223e-01,  0.00000000e+00],
        ...,
        [-8.34442616e-01, -7.73819514e-01, -6.51670593e-01, ...,
          0.00000000e+00,  1.32176012e-01,  6.51670593e-01],
        [-7.54279917e-01, -6.83309124e-01, -5.45697223e-01, ...,
         -1.32176012e-01,  0.00000000e+00,  5.45697223e-01],
        [-2.73794178e-01, -1.74171562e-01, -0.00000000e+00, ...,
         -6.51670593e-01, -5.45697223e-01,  0.00000000e+00]],

       ...,

       [[ 0.00000000e+00, -4.77633333e-01, -6.13238603e-01, ...,
          9.99978671e-01,  9.99684655e-01,  9.22374591e-01],
        [ 4.77633333e-01,  0.00000000e+00, -1.61484979e-01, ...,
          8.75421007e-01,  8.90276347e-01,  6.25852588e-01],
        [ 6.13238603e-01,  1.61484979e-01,  0.00000000e+00, ...,
          7.85875680e-01,  8.05048017e-01,  4.91689564e-01],
        ...,
        [-9.99978671e-01, -8.75421007e-01, -7.85875680e-01, ...,
          0.00000000e+00, -3.16401951e-02,  3.80264193e-01],
        [-9.99684655e-01, -8.90276347e-01, -8.05048017e-01, ...,
          3.16401951e-02,  0.00000000e+00,  4.09337121e-01],
        [-9.22374591e-01, -6.25852588e-01, -4.91689564e-01, ...,
         -3.80264193e-01, -4.09337121e-01,  0.00000000e+00]],

       [[ 0.00000000e+00,  7.71905108e-03,  2.73594055e-04, ...,
          8.94586917e-01,  9.03640094e-01,  9.56258677e-01],
        [-7.71905108e-03,  0.00000000e+00, -7.44546489e-03, ...,
          8.91110668e-01,  9.00307160e-01,  9.53972192e-01],
        [-2.73594055e-04,  7.44546489e-03,  0.00000000e+00, ...,
          8.94464616e-01,  9.03522882e-01,  9.56178608e-01],
        ...,
        [-8.94586917e-01, -8.91110668e-01, -8.94464616e-01, ...,
          0.00000000e+00,  2.06863492e-02,  1.65659570e-01],
        [-9.03640094e-01, -9.00307160e-01, -9.03522882e-01, ...,
         -2.06863492e-02,  0.00000000e+00,  1.45223596e-01],
        [-9.56258677e-01, -9.53972192e-01, -9.56178608e-01, ...,
         -1.65659570e-01, -1.45223596e-01,  0.00000000e+00]],

       [[ 0.00000000e+00, -1.21694491e-01, -2.67765552e-01, ...,
          9.12622250e-01,  9.38455545e-01,  9.90408408e-01],
        [ 1.21694491e-01,  0.00000000e+00, -1.48524705e-01, ...,
          8.56090098e-01,  8.89447290e-01,  9.66232669e-01],
        [ 2.67765552e-01,  1.48524705e-01,  0.00000000e+00, ...,
          7.69833424e-01,  8.11700762e-01,  9.17245357e-01],
        ...,
        [-9.12622250e-01, -8.56090098e-01, -7.69833424e-01, ...,
          0.00000000e+00, -6.84245217e-02, -2.78785022e-01],
        [-9.38455545e-01, -8.89447290e-01, -8.11700762e-01, ...,
          6.84245217e-02,  0.00000000e+00, -2.12419901e-01],
        [-9.90408408e-01, -9.66232669e-01, -9.17245357e-01, ...,
          2.78785022e-01,  2.12419901e-01,  0.00000000e+00]]]), 'num': array([9.92220233e-01, 1.19488854e-01, 9.89491359e-05, 8.91451868e-05,
       9.08634047e-05, 8.15648138e-05, 3.49480060e-02, 6.36751334e-06,
       8.02104538e-05, 7.37924046e-05, 6.57437330e-05, 8.06269496e-07,
       8.54639518e-05, 6.21208575e-05])}
{'img': array([[[ 0.        , -0.35837079,  0.41913031, ...,  0.99658878,
          0.9229897 ,  0.35837079],
        [ 0.35837079,  0.        ,  0.71666559, ...,  0.90081922,
          0.72377419,  0.        ],
        [-0.41913031, -0.71666559,  0.        , ...,  0.93941876,
          0.99929811,  0.71666559],
        ...,
        [-0.99658878, -0.90081922, -0.93941876, ...,  0.        ,
          0.30733985,  0.90081922],
        [-0.9229897 , -0.72377419, -0.99929811, ..., -0.30733985,
          0.        ,  0.72377419],
        [-0.35837079, -0.        , -0.71666559, ..., -0.90081922,
         -0.72377419,  0.        ]],

       [[ 0.        , -0.1290257 ,  0.51258364, ...,  0.0128905 ,
          0.74520561,  0.73464734],
        [ 0.1290257 ,  0.        ,  0.61908536, ...,  0.14179773,
          0.82501544,  0.81604398],
        [-0.51258364, -0.61908536,  0.        , ..., -0.50147279,
          0.29805274,  0.28303365],
        ...,
        [-0.0128905 , -0.14179773,  0.50147279, ...,  0.        ,
          0.73654786,  0.72584075],
        [-0.74520561, -0.82501544, -0.29805274, ..., -0.73654786,
          0.        , -0.01569575],
        [-0.73464734, -0.81604398, -0.28303365, ..., -0.72584075,
          0.01569575,  0.        ]],

       [[ 0.        , -0.16414585,  0.17738665, ...,  0.86879703,
          0.75077075,  0.16414585],
        [ 0.16414585,  0.        ,  0.33652329, ...,  0.7757329 ,
          0.63215871,  0.        ],
        [-0.17738665, -0.33652329,  0.        , ...,  0.94285524,
          0.85603949,  0.33652329],
        ...,
        [-0.86879703, -0.7757329 , -0.94285524, ...,  0.        ,
          0.20213711,  0.7757329 ],
        [-0.75077075, -0.63215871, -0.85603949, ..., -0.20213711,
          0.        ,  0.63215871],
        [-0.16414585, -0.        , -0.33652329, ..., -0.7757329 ,
         -0.63215871,  0.        ]],

       ...,

       [[ 0.        , -0.14841861,  0.83872747, ...,  0.97953448,
          0.89242678,  0.14841861],
        [ 0.14841861,  0.        ,  0.91025981, ...,  0.9388126 ,
          0.81557749,  0.        ],
        [-0.83872747, -0.91025981,  0.        , ...,  0.70222295,
          0.86439959,  0.91025981],
        ...,
        [-0.97953448, -0.9388126 , -0.70222295, ...,  0.        ,
          0.26233388,  0.9388126 ],
        [-0.89242678, -0.81557749, -0.86439959, ..., -0.26233388,
          0.        ,  0.81557749],
        [-0.14841861, -0.        , -0.91025981, ..., -0.9388126 ,
         -0.81557749,  0.        ]],

       [[ 0.        , -0.00744546, -0.07950513, ...,  0.90030716,
          0.95397219,  0.99971616],
        [ 0.00744546,  0.        , -0.07208103, ...,  0.90352288,
          0.95617861,  0.99951107],
        [ 0.07950513,  0.07208103,  0.        , ...,  0.93206221,
          0.97479555,  0.99465737],
        ...,
        [-0.90030716, -0.90352288, -0.93206221, ...,  0.        ,
          0.1452236 ,  0.45658068],
        [-0.95397219, -0.95617861, -0.97479555, ..., -0.1452236 ,
          0.        ,  0.32253759],
        [-0.99971616, -0.99951107, -0.99465737, ..., -0.45658068,
         -0.32253759,  0.        ]],

       [[ 0.        , -0.14852471, -0.14613719, ...,  0.88944729,
          0.96623267,  0.99992726],
        [ 0.14852471,  0.        ,  0.00241386, ...,  0.81170076,
          0.91724536,  0.98704532],
        [ 0.14613719, -0.00241386,  0.        , ...,  0.81310827,
          0.91820418,  0.98742973],
        ...,
        [-0.88944729, -0.81170076, -0.81310827, ...,  0.        ,
         -0.2124199 , -0.44627641],
        [-0.96623267, -0.91724536, -0.91820418, ...,  0.2124199 ,
          0.        , -0.24599817],
        [-0.99992726, -0.98704532, -0.98742973, ...,  0.44627641,
          0.24599817,  0.        ]]]), 'num': array([ 9.89727991e-01,  1.42409541e-01,  9.87550641e-05,  8.85760454e-05,
        9.28087002e-05,  8.81631035e-05,  1.25683111e-02, -2.47765162e-06,
