state_0,state_1,state_2,state_3,state_4,state_5,state_6,state_7,state_8,state_9,state_10,state_11,state_12,state_13,state_14,state_15,state_16,state_17,state_18,state_19,state_20,state_21,state_22,state_23,state_24,state_25,state_26,state_27,state_28,state_29,state_30,state_31,state_32,state_33,state_34,state_35,state_36,state_37,state_38,state_39,state_40,state_41,state_42,state_43,state_44,state_45,state_46,state_47,state_48,state_49,state_50,state_51,state_52,state_53,state_54,state_55,state_56,state_57,state_58,state_59,state_60,state_61,state_62,state_63,state_64,state_65,state_66,state_67,state_68,state_69,state_70,state_71,state_72,state_73,state_74,state_75,state_76,state_77,state_78,state_79,state_80,state_81,state_82,state_83,state_84,state_85,state_86,state_87,state_88,state_89,state_90,state_91,state_92,state_93,state_94,state_95,state_96,state_97,state_98,state_99,state_100,state_101,state_102,state_103,state_104,state_105,state_106,state_107,state_108,state_109,state_110,state_111,state_112,state_113,state_114,state_115,state_116,state_117,state_118,state_119,state_120,state_121,state_122,state_123,state_124,state_125,state_126,state_127,state_128,state_129,state_130,state_131,state_132,state_133,state_134,state_135,state_136,state_137,state_138,state_139,state_140,state_141,state_142,state_143,state_144,state_145,state_146,state_147,state_148,state_149,state_150,state_151,state_152,state_153,state_154,state_155,state_156,state_157,state_158,state_159,state_160,state_161,state_162,state_163,state_164,state_165,state_166,state_167,state_168,state_169,state_170,state_171,state_172,state_173,state_174,state_175,state_176,state_177,state_178,state_179,state_180,state_181,state_182,state_183,state_184,state_185,state_186,state_187,state_188,state_189,state_190,state_191,state_192,state_193,state_194,state_195,state_196,state_197,state_198,state_199,state_200,state_201,state_202,state_203,state_204,state_205,state_206,state_207,state_208,state_209,state_210,state_211,state_212,state_213,state_214,state_215,state_216,state_217,state_218,state_219,state_220,state_221,state_222,state_223,state_224,state_225,state_226,state_227,state_228,state_229,state_230,state_231,state_232,state_233,state_234,state_235,state_236,state_237,state_238,state_239,state_240,state_241,state_242,state_243,state_244,state_245,state_246,state_247,state_248,state_249,state_250,state_251,state_252,state_253,state_254,state_255,state_256,state_257,state_258,state_259,state_260,state_261,state_262,state_263,state_264,state_265,state_266,state_267,state_268,state_269,state_270,state_271,state_272,state_273,state_274,state_275,state_276,state_277,state_278,state_279,state_280,state_281,state_282,state_283,state_284,state_285,state_286,state_287
{'img': array([[[ 0.        ,  0.45256606, -0.19657992, ...,  0.93252942,
          0.99089082,  0.98051391],
        [-0.45256606,  0.        , -0.61903189, ...,  0.66814639,
          0.94455397,  0.96326099],
        [ 0.19657992,  0.61903189,  0.        , ...,  0.98531755,
          0.9450834 ,  0.92276387],
        ...,
        [-0.93252942, -0.66814639, -0.98531755, ...,  0.        ,
          0.48338632,  0.53725279],
        [-0.99089082, -0.94455397, -0.9450834 , ..., -0.48338632,
          0.        ,  0.06261663],
        [-0.98051391, -0.96326099, -0.92276387, ..., -0.53725279,
         -0.06261663,  0.        ]],

       [[ 0.        , -0.97968437, -0.98054466, ..., -0.90624534,
          0.11323468, -0.70454429],
        [ 0.97968437,  0.        , -0.00433567, ..., -0.59590717,
          0.99609202,  0.55394959],
        [ 0.98054466,  0.00433567,  0.        , ..., -0.59241979,
          0.99646559,  0.55755404],
        ...,
        [ 0.90624534,  0.59590717,  0.59241979, ...,  0.        ,
          0.85254641,  0.9409737 ],
        [-0.11323468, -0.99609202, -0.99646559, ..., -0.85254641,
          0.        , -0.78037098],
        [ 0.70454429, -0.55394959, -0.55755404, ..., -0.9409737 ,
          0.78037098,  0.        ]],

       [[ 0.        , -0.32950011, -0.72741742, ..., -0.04943869,
          0.08089841,  0.21706672],
        [ 0.32950011,  0.        , -0.46069377, ...,  0.28241937,
          0.40480081,  0.52658851],
        [ 0.72741742,  0.46069377,  0.        , ...,  0.69260331,
          0.78054531,  0.85902359],
        ...,
        [ 0.04943869, -0.28241937, -0.69260331, ...,  0.        ,
          0.13007614,  0.26506119],
        [-0.08089841, -0.40480081, -0.78054531, ..., -0.13007614,
          0.        ,  0.13738571],
        [-0.21706672, -0.52658851, -0.85902359, ..., -0.26506119,
         -0.13738571,  0.        ]],

       ...,

       [[ 0.        ,  0.05825325, -0.26363246, ...,  0.91528983,
          0.99158779,  0.99158779],
        [-0.05825325,  0.        , -0.3193772 , ...,  0.89027136,
          0.98236386,  0.98236386],
        [ 0.26363246,  0.3193772 ,  0.        , ...,  0.98909988,
          0.99063209,  0.99063209],
        ...,
        [-0.91528983, -0.89027136, -0.98909988, ...,  0.        ,
          0.28093614,  0.28093614],
        [-0.99158779, -0.98236386, -0.99063209, ..., -0.28093614,
          0.        ,  0.        ],
        [-0.99158779, -0.98236386, -0.99063209, ..., -0.28093614,
          0.        ,  0.        ]],

       [[ 0.        , -0.30139578, -0.44479232, ..., -0.1102059 ,
         -0.42128286, -0.55040395],
        [ 0.30139578,  0.        , -0.15416886, ..., -0.40464114,
         -0.6750375 , -0.77644457],
        [ 0.44479232,  0.15416886,  0.        , ..., -0.54078711,
         -0.78071033, -0.86431678],
        ...,
        [ 0.1102059 ,  0.40464114,  0.54078711, ...,  0.        ,
          0.31876778,  0.45504058],
        [ 0.42128286,  0.6750375 ,  0.78071033, ..., -0.31876778,
          0.        ,  0.14744904],
        [ 0.55040395,  0.77644457,  0.86431678, ..., -0.45504058,
         -0.14744904,  0.        ]],

       [[ 0.        , -0.31322497, -0.58145454, ...,  0.44454433,
          0.40622591,  0.44693386],
        [ 0.31322497,  0.        , -0.29736192, ...,  0.70274781,
          0.67200061,  0.7046444 ],
        [ 0.58145454,  0.29736192,  0.        , ...,  0.88251378,
          0.8618141 ,  0.883766  ],
        ...,
        [-0.44454433, -0.70274781, -0.88251378, ...,  0.        ,
         -0.04233283,  0.00266937],
        [-0.40622591, -0.67200061, -0.8618141 , ...,  0.04233283,
          0.        ,  0.04499966],
        [-0.44693386, -0.7046444 , -0.883766  , ..., -0.00266937,
         -0.04499966,  0.        ]]]), 'num': array([ 7.07605038e-01,  7.06597986e-01,  9.70185328e-09,  1.00705237e-03,
        1.02742626e-03,  1.00220144e-03,  2.53083515e-03, -2.42546332e-05,
        1.00530604e-03,  9.88230775e-04,  9.86953365e-04,  5.31006785e-07,
        1.02525781e-03,  9.51203744e-04])}
{'img': array([[[ 0.        , -0.61903189, -0.4122953 , ...,  0.94455397,
          0.96326099,  0.86503817],
        [ 0.61903189,  0.        ,  0.24016651, ...,  0.9450834 ,
          0.92276387,  0.98994348],
        [ 0.4122953 , -0.24016651,  0.        , ...,  0.99591587,
          0.98830812,  0.9949443 ],
        ...,
        [-0.94455397, -0.9450834 , -0.99591587, ...,  0.        ,
          0.06261663, -0.18984778],
        [-0.96326099, -0.92276387, -0.98830812, ..., -0.06261663,
          0.        , -0.25095309],
        [-0.86503817, -0.98994348, -0.9949443 , ...,  0.18984778,
          0.25095309,  0.        ]],

       [[ 0.        , -0.00433567,  0.00614353, ...,  0.99609202,
          0.55394959, -0.41316038],
        [ 0.00433567,  0.        ,  0.01047906, ...,  0.99646559,
          0.55755404, -0.40920819],
        [-0.00614353, -0.01047906,  0.        , ...,  0.99553062,
          0.54882434, -0.41874724],
        ...,
        [-0.99609202, -0.99646559, -0.99553062, ...,  0.        ,
         -0.78037098, -0.94359038],
        [-0.55394959, -0.55755404, -0.54882434, ...,  0.78037098,
          0.        , -0.84843554],
        [ 0.41316038,  0.40920819,  0.41874724, ...,  0.94359038,
          0.84843554,  0.        ]],

       [[ 0.        , -0.46069377, -0.83942267, ...,  0.40480081,
          0.52658851,  0.59368178],
        [ 0.46069377,  0.        , -0.49465981, ...,  0.78054531,
          0.85902359,  0.89764794],
        [ 0.83942267,  0.49465981,  0.        , ...,  0.98757299,
          0.99980013,  0.99813701],
        ...,
        [-0.40480081, -0.78054531, -0.98757299, ...,  0.        ,
          0.13738571,  0.21712235],
        [-0.52658851, -0.85902359, -0.99980013, ..., -0.13738571,
          0.        ,  0.08095522],
        [-0.59368178, -0.89764794, -0.99813701, ..., -0.21712235,
         -0.08095522,  0.        ]],

       ...,

       [[ 0.        , -0.3193772 , -0.06958301, ...,  0.98236386,
          0.98236386,  0.97084744],
        [ 0.3193772 ,  0.        ,  0.2526643 , ...,  0.99063209,
          0.99063209,  0.99655605],
        [ 0.06958301, -0.2526643 ,  0.        , ...,  0.99299335,
          0.99299335,  0.98517319],
        ...,
        [-0.98236386, -0.99063209, -0.99299335, ...,  0.        ,
          0.        , -0.05394255],
        [-0.98236386, -0.99063209, -0.99299335, ...,  0.        ,
          0.        , -0.05394255],
        [-0.97084744, -0.99655605, -0.98517319, ...,  0.05394255,
          0.05394255,  0.        ]],

       [[ 0.        , -0.33908098, -0.47634726, ..., -0.42601977,
         -0.55631957, -0.59097725],
        [ 0.33908098,  0.        , -0.14998771, ..., -0.70755242,
         -0.80512722, -0.82949872],
        [ 0.47634726,  0.14998771,  0.        , ..., -0.80553893,
         -0.88497754, -0.90388475],
        ...,
        [ 0.42601977,  0.70755242,  0.80553893, ...,  0.        ,
          0.14930104,  0.19100017],
        [ 0.55631957,  0.80512722,  0.88497754, ..., -0.14930104,
          0.        ,  0.04230699],
        [ 0.59097725,  0.82949872,  0.90388475, ..., -0.19100017,
         -0.04230699,  0.        ]],

       [[ 0.        , -0.29736192, -0.53108722, ...,  0.67200061,
          0.7046444 ,  0.7287622 ],
        [ 0.29736192,  0.        , -0.25510355, ...,  0.8618141 ,
          0.883766  ,  0.89942011],
        [ 0.53108722,  0.25510355,  0.        , ...,  0.9626946 ,
          0.97389587,  0.98116364],
        ...,
        [-0.67200061, -0.8618141 , -0.9626946 , ...,  0.        ,
          0.04499966,  0.07952152],
        [-0.7046444 , -0.883766  , -0.97389587, ..., -0.04499966,
          0.        ,  0.03458381],
        [-0.7287622 , -0.89942011, -0.98116364, ..., -0.07952152,
         -0.03458381,  0.        ]]]), 'num': array([7.06989553e-01, 7.06989553e-01, 0.00000000e+00, 5.03491209e-03,
       5.07312774e-03, 4.89160339e-03, 1.16838144e-02, 7.64313030e-05,
       4.98523174e-03, 4.87798907e-03, 4.86835554e-03, 2.96569379e-06,
       5.07099880e-03, 4.68497934e-03])}
{'img': array([[[ 0.        ,  0.24016651,  0.30851489, ...,  0.92276387,
          0.98994348,  0.95470282],
        [-0.24016651,  0.        ,  0.07103412, ...,  0.98830812,
          0.9949443 ,  0.99822447],
        [-0.30851489, -0.07103412,  0.        , ...,  0.9966421 ,
          0.98529713,  0.99993394],
        ...,
        [-0.92276387, -0.98830812, -0.9966421 , ...,  0.        ,
         -0.25095309, -0.09333135],
        [-0.98994348, -0.9949443 , -0.98529713, ...,  0.25095309,
          0.        ,  0.15951303],
        [-0.95470282, -0.99822447, -0.99993394, ...,  0.09333135,
         -0.15951303,  0.        ]],

       [[ 0.        ,  0.01047906, -0.27529918, ...,  0.55755404,
         -0.40920819, -0.465602  ],
        [-0.01047906,  0.        , -0.2853582 , ...,  0.54882434,
         -0.41874724, -0.47485034],
        [ 0.27529918,  0.2853582 ,  0.        , ...,  0.76454642,
         -0.14220154, -0.2039723 ],
        ...,
        [-0.55755404, -0.54882434, -0.76454642, ...,  0.        ,
         -0.84843554, -0.87994725],
        [ 0.40920819,  0.41874724,  0.14220154, ...,  0.84843554,
          0.        , -0.06268749],
        [ 0.465602  ,  0.47485034,  0.2039723 , ...,  0.87994725,
          0.06268749,  0.        ]],

       [[ 0.        , -0.49465981, -0.57248491, ...,  0.85902359,
          0.89764794,  0.92995802],
        [ 0.49465981,  0.        , -0.09195989, ...,  0.99980013,
          0.99813701,  0.99008359],
        [ 0.57248491,  0.09195989,  0.        , ...,  0.99740218,
          0.98829693,  0.97296984],
        ...,
        [-0.85902359, -0.99980013, -0.99740218, ...,  0.        ,
          0.08095522,  0.16024547],
        [-0.89764794, -0.99813701, -0.98829693, ..., -0.08095522,
          0.        ,  0.07981046],
        [-0.92995802, -0.99008359, -0.97296984, ..., -0.16024547,
         -0.07981046,  0.        ]],

       ...,

       [[ 0.        ,  0.2526643 ,  0.42675593, ...,  0.99063209,
          0.99655605,  0.96280016],
        [-0.2526643 ,  0.        ,  0.18440819, ...,  0.99299335,
          0.98517319,  0.9998347 ],
        [-0.42675593, -0.18440819,  0.        , ...,  0.9541717 ,
          0.93663963,  0.98604016],
        ...,
        [-0.99063209, -0.99299335, -0.9541717 , ...,  0.        ,
         -0.05394255,  0.13620518],
        [-0.99655605, -0.98517319, -0.93663963, ...,  0.05394255,
          0.        ,  0.18944671],
        [-0.96280016, -0.9998347 , -0.98604016, ..., -0.13620518,
         -0.18944671,  0.        ]],

       [[ 0.        , -0.35033966, -0.48958353, ..., -0.56395043,
         -0.59894888, -0.66335154],
        [ 0.35033966,  0.        , -0.15307415, ..., -0.81752231,
         -0.84153666, -0.88347207],
        [ 0.48958353,  0.15307415,  0.        , ..., -0.8960425 ,
         -0.91430956, -0.94477285],
        ...,
        [ 0.56395043,  0.81752231,  0.8960425 , ...,  0.        ,
          0.04301283,  0.12579286],
        [ 0.59894888,  0.84153666,  0.91430956, ..., -0.04301283,
          0.        ,  0.08300529],
        [ 0.66335154,  0.88347207,  0.94477285, ..., -0.12579286,
         -0.08300529,  0.        ]],

       [[ 0.        , -0.25510355, -0.47625145, ...,  0.883766  ,
          0.89942011,  0.90377236],
        [ 0.25510355,  0.        , -0.23617919, ...,  0.97389587,
          0.98116364,  0.98305766],
        [ 0.47625145,  0.23617919,  0.        , ...,  0.99995544,
          0.99903078,  0.99853732],
        ...,
        [-0.883766  , -0.97389587, -0.99995544, ...,  0.        ,
          0.03458381,  0.04463765],
        [-0.89942011, -0.98116364, -0.99903078, ..., -0.03458381,
          0.        ,  0.0100616 ],
        [-0.90377236, -0.98305766, -0.99853732, ..., -0.04463765,
         -0.0100616 ,  0.        ]]]), 'num': array([ 7.07005080e-01,  7.07005080e-01,  0.00000000e+00,  5.02069148e-03,
        5.07323916e-03,  4.97292087e-03,  9.54614502e-03, -1.43311841e-05,
        5.02833478e-03,  4.88741147e-03,  4.87881276e-03,  2.48602172e-06,
        5.08888570e-03,  4.68593724e-03])}
{'img': array([[[ 0.        ,  0.1980198 ,  0.        , ...,  0.9916819 ,
          0.95789201,  0.96629808],
        [-0.1980198 ,  0.        , -0.1980198 , ...,  0.99753233,
          0.99578102,  0.99813886],
        [ 0.        ,  0.1980198 ,  0.        , ...,  0.9916819 ,
          0.95789201,  0.96629808],
        ...,
        [-0.9916819 , -0.99753233, -0.9916819 , ...,  0.        ,
          0.16144732,  0.13090945],
        [-0.95789201, -0.99578102, -0.95789201, ..., -0.16144732,
          0.        , -0.03086586],
        [-0.96629808, -0.99813886, -0.96629808, ..., -0.13090945,
          0.03086586,  0.        ]],

       [[ 0.        , -0.2853582 , -0.33433865, ..., -0.41874724,
         -0.47485034, -0.63207765],
        [ 0.2853582 ,  0.        , -0.05150046, ..., -0.14220154,
         -0.2039723 , -0.38467095],
        [ 0.33433865,  0.05150046,  0.        , ..., -0.09103573,
         -0.15328387, -0.33662278],
        ...,
        [ 0.41874724,  0.14220154,  0.09103573, ...,  0.        ,
         -0.06268749, -0.24950215],
        [ 0.47485034,  0.2039723 ,  0.15328387, ...,  0.06268749,
          0.        , -0.18830648],
        [ 0.63207765,  0.38467095,  0.33662278, ...,  0.24950215,
          0.18830648,  0.        ]],

       [[ 0.        , -0.09195989, -0.02698077, ...,  0.99813701,
          0.99008359,  0.97127467],
        [ 0.09195989,  0.        ,  0.06505997, ...,  0.98829693,
          0.97296984,  0.94527621],
        [ 0.02698077, -0.06505997,  0.        , ...,  0.99612748,
          0.98593291,  0.9645007 ],
        ...,
        [-0.99813701, -0.98829693, -0.99612748, ...,  0.        ,
          0.07981046,  0.17825814],
        [-0.99008359, -0.97296984, -0.98593291, ..., -0.07981046,
          0.        ,  0.09915731],
        [-0.97127467, -0.94527621, -0.9645007 , ..., -0.17825814,
         -0.09915731,  0.        ]],

       ...,

       [[ 0.        ,  0.35260874,  0.25838607, ...,  0.99769902,
          0.96609685,  0.99999817],
        [-0.35260874,  0.        , -0.09884461, ...,  0.95752408,
          0.99508177,  0.93509415],
        [-0.25838607,  0.09884461,  0.        , ...,  0.98133714,
          0.99999998,  0.96554535],
        ...,
        [-0.99769902, -0.95752408, -0.98133714, ...,  0.        ,
          0.19208571, -0.06970847],
        [-0.96609685, -0.99508177, -0.99999998, ..., -0.19208571,
          0.        , -0.26002881],
        [-0.99999817, -0.93509415, -0.96554535, ...,  0.06970847,
          0.26002881,  0.        ]],

       [[ 0.        , -0.35931215, -0.48862369, ..., -0.6075677 ,
         -0.67252862, -0.71613248],
        [ 0.35931215,  0.        , -0.14249422, ..., -0.85238288,
         -0.89353198, -0.9190944 ],
        [ 0.48862369,  0.14249422,  0.        , ..., -0.91819767,
         -0.94839389, -0.96586368],
        ...,
        [ 0.6075677 ,  0.85238288,  0.91819767, ...,  0.        ,
          0.08452458,  0.14474042],
        [ 0.67252862,  0.89353198,  0.94839389, ..., -0.08452458,
          0.        ,  0.06058795],
        [ 0.71613248,  0.9190944 ,  0.96586368, ..., -0.14474042,
         -0.06058795,  0.        ]],

       [[ 0.        , -0.23617919, -0.47019145, ...,  0.98116364,
          0.98305766,  0.98412122],
        [ 0.23617919,  0.        , -0.24844616, ...,  0.99903078,
          0.99853732,  0.99820121],
        [ 0.47019145,  0.24844616,  0.        , ...,  0.95677099,
          0.95379622,  0.95200829],
        ...,
        [-0.98116364, -0.99903078, -0.95677099, ...,  0.        ,
          0.0100616 ,  0.01595672],
        [-0.98305766, -0.99853732, -0.95379622, ..., -0.0100616 ,
          0.        ,  0.00589559],
        [-0.98412122, -0.99820121, -0.95200829, ..., -0.01595672,
         -0.00589559,  0.        ]]]), 'num': array([ 7.07003130e-01,  7.07003130e-01,  0.00000000e+00,  4.99201535e-03,
        5.01112354e-03,  4.92513667e-03,  9.89374448e-03, -2.86622891e-05,
        5.01685600e-03,  4.89289160e-03,  4.88843302e-03,  2.78433665e-06,
        5.09942091e-03,  4.68636228e-03])}
{'img': array([[[ 0.        , -0.1980198 ,  0.66163575, ...,  0.99578102,
          0.99813886,  1.        ],
        [ 0.1980198 ,  0.        ,  0.79701433, ...,  0.95789201,
          0.96629808,  0.98019802],
        [-0.66163575, -0.79701433,  0.        , ...,  0.80737454,
          0.78877778,  0.7498254 ],
        ...,
        [-0.99578102, -0.95789201, -0.80737454, ...,  0.        ,
         -0.03086586, -0.09176141],
        [-0.99813886, -0.96629808, -0.78877778, ...,  0.03086586,
          0.        , -0.06098205],
        [-1.        , -0.98019802, -0.7498254 , ...,  0.09176141,
          0.06098205,  0.        ]],

       [[ 0.        , -0.05150046,  0.9234407 , ..., -0.2039723 ,
         -0.38467095, -0.35400203],
        [ 0.05150046,  0.        ,  0.90245242, ..., -0.15328387,
         -0.33662278, -0.30536673],
        [-0.9234407 , -0.90245242,  0.        , ..., -0.82575432,
         -0.70477134, -0.72779783],
        ...,
        [ 0.2039723 ,  0.15328387,  0.82575432, ...,  0.        ,
         -0.18830648, -0.15579572],
        [ 0.38467095,  0.33662278,  0.70477134, ...,  0.18830648,
          0.        ,  0.03299854],
        [ 0.35400203,  0.30536673,  0.72779783, ...,  0.15579572,
         -0.03299854,  0.        ]],

       [[ 0.        ,  0.06505997,  0.30174133, ...,  0.97296984,
          0.94527621,  0.95367227],
        [-0.06505997,  0.        ,  0.23907454, ...,  0.98593291,
          0.9645007 ,  0.97122491],
        [-0.30174133, -0.23907454,  0.        , ...,  0.99730135,
          0.99966623,  0.99999956],
        ...,
        [-0.97296984, -0.98593291, -0.99730135, ...,  0.        ,
          0.09915731,  0.07248186],
        [-0.94527621, -0.9645007 , -0.99966623, ..., -0.09915731,
          0.        , -0.02677184],
        [-0.95367227, -0.97122491, -0.99999956, ..., -0.07248186,
          0.02677184,  0.        ]],

       ...,

       [[ 0.        , -0.24625034,  0.54576255, ...,  0.99999958,
          0.96429437,  0.99470216],
        [ 0.24625034,  0.        ,  0.73529946, ...,  0.96943029,
          0.99981528,  0.98938582],
        [-0.54576255, -0.73529946,  0.        , ...,  0.83744213,
          0.66348491,  0.7773968 ],
        ...,
        [-0.99999958, -0.96943029, -0.83744213, ...,  0.        ,
         -0.26395377, -0.10189231],
        [-0.96429437, -0.99981528, -0.66348491, ...,  0.26395377,
          0.        ,  0.16430127],
        [-0.99470216, -0.98938582, -0.7773968 , ...,  0.10189231,
         -0.16430127,  0.        ]],

       [[ 0.        , -0.34884738, -0.53785848, ..., -0.68227896,
         -0.72615538, -0.74978793],
        [ 0.34884738,  0.        , -0.20997937, ..., -0.8944574 ,
         -0.92038123, -0.93351063],
        [ 0.53785848,  0.20997937,  0.        , ..., -0.96840914,
         -0.98196869, -0.98798682],
        ...,
        [ 0.68227896,  0.8944574 ,  0.96840914, ...,  0.        ,
          0.06179866,  0.09671478],
        [ 0.72615538,  0.92038123,  0.98196869, ..., -0.06179866,
          0.        ,  0.03502097],
        [ 0.74978793,  0.93351063,  0.98798682, ..., -0.09671478,
         -0.03502097,  0.        ]],

       [[ 0.        , -0.24844616, -0.3776457 , ...,  0.99853732,
          0.99820121,  0.9980138 ],
        [ 0.24844616,  0.        , -0.13575613, ...,  0.95379622,
          0.95200829,  0.95107077],
        [ 0.3776457 ,  0.13575613,  0.        , ...,  0.90417773,
          0.90164368,  0.90032103],
        ...,
        [-0.99853732, -0.95379622, -0.90417773, ...,  0.        ,
          0.00589559,  0.00894412],
        [-0.99820121, -0.95200829, -0.90164368, ..., -0.00589559,
          0.        ,  0.00304861],
        [-0.9980138 , -0.95107077, -0.90032103, ..., -0.00894412,
         -0.00304861,  0.        ]]]), 'num': array([ 7.06912374e-01,  7.06912374e-01,  0.00000000e+00,  4.79076427e-03,
        5.02958602e-03,  4.76688209e-03,  1.89340748e-02, -2.00610268e-04,
        4.95889478e-03,  4.88700943e-03,  4.89393526e-03,  2.14825305e-06,
        5.09817486e-03,  4.67584400e-03])}
{'img': array([[[ 0.        ,  0.79701433,  0.66976374, ...,  0.96629808,
          0.98019802,  0.97598856],
        [-0.79701433,  0.        , -0.18733155, ...,  0.78877778,
          0.7498254 ,  0.41585136],
        [-0.66976374,  0.18733155,  0.        , ...,  0.88996251,
          0.8604963 ,  0.57885485],
        ...,
        [-0.96629808, -0.78877778, -0.88996251, ...,  0.        ,
         -0.06098205, -0.46172535],
        [-0.98019802, -0.7498254 , -0.8604963 , ...,  0.06098205,
          0.        , -0.40677354],
        [-0.97598856, -0.41585136, -0.57885485, ...,  0.46172535,
          0.40677354,  0.        ]],

       [[ 0.        ,  0.90245242,  0.22317667, ..., -0.33662278,
         -0.30536673,  0.36583911],
        [-0.90245242,  0.        , -0.97583295, ..., -0.70477134,
         -0.72779783, -0.99749238],
        [-0.22317667,  0.97583295,  0.        , ..., -0.53828447,
         -0.51018137,  0.14890627],
        ...,
        [ 0.33662278,  0.70477134,  0.53828447, ...,  0.        ,
          0.03299854,  0.65777604],
        [ 0.30536673,  0.72779783,  0.51018137, ..., -0.03299854,
          0.        ,  0.63256286],
        [-0.36583911,  0.99749238, -0.14890627, ..., -0.65777604,
         -0.63256286,  0.        ]],

       [[ 0.        ,  0.29511645,  0.44815581, ...,  0.94552251,
          0.95390585,  0.9849477 ],
        [-0.29511645,  0.        ,  0.16437458, ...,  0.9994873 ,
          0.99998634,  0.99209105],
        [-0.44815581, -0.16437458,  0.        , ...,  0.99115515,
          0.98724361,  0.95796428],
        ...,
        [-0.94552251, -0.9994873 , -0.99115515, ...,  0.        ,
         -0.02679345, -0.15722034],
        [-0.95390585, -0.99998634, -0.98724361, ...,  0.02679345,
          0.        , -0.13070366],
        [-0.9849477 , -0.99209105, -0.95796428, ...,  0.15722034,
          0.13070366,  0.        ]],

       ...,

       [[ 0.        ,  0.73529946,  0.66674926, ...,  0.99981528,
          0.98938582,  0.9786882 ],
        [-0.73529946,  0.        , -0.09612132, ...,  0.66348491,
          0.7773968 ,  0.51230329],
        [-0.66674926,  0.09612132,  0.        , ...,  0.73232971,
          0.83425848,  0.59248056],
        ...,
        [-0.99981528, -0.66348491, -0.73232971, ...,  0.        ,
          0.16430127, -0.18650387],
        [-0.98938582, -0.7773968 , -0.83425848, ..., -0.16430127,
          0.        , -0.3453878 ],
        [-0.9786882 , -0.51230329, -0.59248056, ...,  0.18650387,
          0.3453878 ,  0.        ]],

       [[ 0.        , -0.43005518, -0.65237532, ..., -0.73561707,
         -0.75932906, -0.75804396],
        [ 0.43005518,  0.        , -0.26302901, ..., -0.95543536,
         -0.96536409, -0.96484754],
        [ 0.65237532,  0.26302901,  0.        , ..., -0.99943877,
         -0.99999758, -0.99999997],
        ...,
        [ 0.73561707,  0.95543536,  0.99943877, ...,  0.        ,
          0.03569663,  0.03372517],
        [ 0.75932906,  0.96536409,  0.99999758, ..., -0.03569663,
          0.        , -0.00197266],
        [ 0.75804396,  0.96484754,  0.99999997, ..., -0.03372517,
          0.00197266,  0.        ]],

       [[ 0.        , -0.13575613, -0.27606669, ...,  0.95200829,
          0.95107077,  0.96908801],
        [ 0.13575613,  0.        , -0.1430305 , ...,  0.90164368,
          0.90032103,  0.92662335],
        [ 0.27606669,  0.1430305 ,  0.        , ...,  0.83051545,
          0.82881353,  0.8633179 ],
        ...,
        [-0.95200829, -0.90164368, -0.83051545, ...,  0.        ,
          0.00304861, -0.06173595],
        [-0.95107077, -0.90032103, -0.82881353, ..., -0.00304861,
          0.        , -0.06477845],
        [-0.96908801, -0.92662335, -0.8633179 , ...,  0.06173595,
          0.06477845,  0.        ]]]), 'num': array([ 7.06956705e-01,  7.06956705e-01,  0.00000000e+00,  4.74329735e-03,
        4.80061816e-03,  4.70508347e-03,  1.53976126e-02, -4.77673449e-05,
        4.91621514e-03,  4.87824010e-03,  4.89973540e-03,  2.24506521e-06,
        5.09763474e-03,  4.65884546e-03])}
{'img': array([[[ 0.        , -0.27241559, -0.41280609, ...,  0.82756401,
          0.49174287,  0.38657518],
        [ 0.27241559,  0.        , -0.14907235, ...,  0.94919159,
          0.71034828,  0.62319222],
        [ 0.41280609,  0.14907235,  0.        , ...,  0.98549849,
          0.80733568,  0.73281367],
        ...,
        [-0.82756401, -0.94919159, -0.98549849, ...,  0.        ,
         -0.4445431 , -0.54621521],
        [-0.49174287, -0.71034828, -0.80733568, ...,  0.4445431 ,
          0.        , -0.1169071 ],
        [-0.38657518, -0.62319222, -0.73281367, ...,  0.54621521,
          0.1169071 ,  0.        ]],

       [[ 0.        , -0.97583295, -0.91695447, ..., -0.72779783,
         -0.99749238, -0.95028122],
        [ 0.97583295,  0.        , -0.18897847, ..., -0.51018137,
          0.14890627, -0.09621415],
        [ 0.91695447,  0.18897847,  0.        , ..., -0.33845442,
          0.33309477,  0.09362124],
        ...,
        [ 0.72779783,  0.51018137,  0.33845442, ...,  0.        ,
          0.63256286,  0.42506386],
        [ 0.99749238, -0.14890627, -0.33309477, ..., -0.63256286,
          0.        , -0.24335694],
        [ 0.95028122,  0.09621415, -0.09362124, ..., -0.42506386,
          0.24335694,  0.        ]],

       [[ 0.        ,  0.34907906,  0.45294171, ...,  0.95877543,
          0.98806882,  0.9984083 ],
        [-0.34907906,  0.        ,  0.11323064, ...,  0.99765801,
          0.97967537,  0.95528946],
        [-0.45294171, -0.11323064,  0.        , ...,  0.98349689,
          0.95066192,  0.91566659],
        ...,
        [-0.95877543, -0.99765801, -0.98349689, ...,  0.        ,
         -0.13311054, -0.22963845],
        [-0.98806882, -0.97967537, -0.95066192, ...,  0.13311054,
          0.        , -0.09804165],
        [-0.9984083 , -0.95528946, -0.91566659, ...,  0.22963845,
          0.09804165,  0.        ]],

       ...,

       [[ 0.        , -0.09664221, -0.07638636, ...,  0.77877901,
          0.51370309,  0.55951526],
        [ 0.09664221,  0.        ,  0.02033104, ...,  0.8357572 ,
          0.59421447,  0.63699527],
        [ 0.07638636, -0.02033104,  0.        , ...,  0.82442069,
          0.57773926,  0.62119107],
        ...,
        [-0.77877901, -0.8357572 , -0.82442069, ...,  0.        ,
         -0.34592238, -0.29448465],
        [-0.51370309, -0.59421447, -0.57773926, ...,  0.34592238,
          0.        ,  0.05427878],
        [-0.55951526, -0.63699527, -0.62119107, ...,  0.29448465,
         -0.05427878,  0.        ]],

       [[ 0.        , -0.53048957, -0.74795876, ..., -0.77426255,
         -0.77297408, -0.77109151],
        [ 0.53048957,  0.        , -0.28192835, ..., -0.99206378,
         -0.99180606, -0.99142331],
        [ 0.74795876,  0.28192835,  0.        , ..., -0.98726962,
         -0.987591  , -0.98805184],
        ...,
        [ 0.77426255,  0.99206378,  0.98726962, ...,  0.        ,
         -0.0020334 , -0.00499534],
        [ 0.77297408,  0.99180606,  0.987591  , ...,  0.0020334 ,
          0.        , -0.00296195],
        [ 0.77109151,  0.99142331,  0.98805184, ...,  0.00499534,
          0.00296195,  0.        ]],

       [[ 0.        , -0.1430305 , -0.26775956, ...,  0.90032103,
          0.92662335,  0.95889846],
        [ 0.1430305 ,  0.        , -0.12719868, ...,  0.82881353,
          0.8633179 ,  0.90845452],
        [ 0.26775956,  0.12719868,  0.        , ...,  0.75091046,
          0.79211325,  0.8479084 ],
        ...,
        [-0.90032103, -0.82881353, -0.75091046, ...,  0.        ,
         -0.06477845, -0.16187238],
        [-0.92662335, -0.8633179 , -0.79211325, ...,  0.06477845,
          0.        , -0.09760826],
        [-0.95889846, -0.90845452, -0.8479084 , ...,  0.16187238,
          0.09760826,  0.        ]]]), 'num': array([7.07016452e-01, 7.07016452e-01, 0.00000000e+00, 4.78669247e-03,
       4.85834954e-03, 4.77713819e-03, 8.18495749e-03, 4.29942437e-05,
       4.86694839e-03, 4.87554724e-03, 4.90317502e-03, 2.35428341e-06,
       5.09829510e-03, 4.65279937e-03])}
{'img': array([[[ 0.00000000e+00, -1.49072352e-01, -4.30264838e-01, ...,
          7.10348280e-01,  6.23192216e-01,  7.02225392e-01],
        [ 1.49072352e-01,  0.00000000e+00, -2.90889169e-01, ...,
          8.07335683e-01,  7.32813669e-01,  8.00511692e-01],
        [ 4.30264838e-01,  2.90889169e-01,  0.00000000e+00, ...,
          9.44075371e-01,  8.99053963e-01,  9.40229834e-01],
        ...,
        [-7.10348280e-01, -8.07335683e-01, -9.44075371e-01, ...,
          0.00000000e+00, -1.16907099e-01, -1.14742080e-02],
        [-6.23192216e-01, -7.32813669e-01, -8.99053963e-01, ...,
          1.16907099e-01,  0.00000000e+00,  1.05503875e-01],
        [-7.02225392e-01, -8.00511692e-01, -9.40229834e-01, ...,
          1.14742080e-02, -1.05503875e-01,  0.00000000e+00]],

       [[ 0.00000000e+00, -1.90403951e-01, -6.30105313e-01, ...,
          1.50199076e-01, -9.69717814e-02, -6.55659072e-01],
        [ 1.90403951e-01,  0.00000000e+00, -4.70727547e-01, ...,
          3.35695274e-01,  9.43088394e-02, -4.99898483e-01],
        [ 6.30105313e-01,  4.70727547e-01,  0.00000000e+00, ...,
          7.39588293e-01,  5.51836182e-01, -3.33601482e-02],
        ...,
        [-1.50199076e-01, -3.35695274e-01, -7.39588293e-01, ...,
          0.00000000e+00, -2.45362919e-01, -7.61630001e-01],
        [ 9.69717814e-02, -9.43088394e-02, -5.51836182e-01, ...,
          2.45362919e-01,  0.00000000e+00, -5.79349808e-01],
        [ 6.55659072e-01,  4.99898483e-01,  3.33601482e-02, ...,
          7.61630001e-01,  5.79349808e-01,  0.00000000e+00]],

       [[ 0.00000000e+00,  3.03072427e-01,  3.93387176e-01, ...,
          9.91961537e-01,  9.99668262e-01,  9.95877761e-01],
        [-3.03072427e-01,  0.00000000e+00,  9.62486273e-02, ...,
          9.83657841e-01,  9.60457287e-01,  9.21548833e-01],
        [-3.93387176e-01, -9.62486273e-02,  0.00000000e+00, ...,
          9.61761672e-01,  9.29199942e-01,  8.79900650e-01],
        ...,
        [-9.91961537e-01, -9.83657841e-01, -9.61761672e-01, ...,
          0.00000000e+00, -1.00948934e-01, -2.15994481e-01],
        [-9.99668262e-01, -9.60457287e-01, -9.29199942e-01, ...,
          1.00948934e-01,  0.00000000e+00, -1.16325104e-01],
        [-9.95877761e-01, -9.21548833e-01, -8.79900650e-01, ...,
          2.15994481e-01,  1.16325104e-01,  0.00000000e+00]],

       ...,

       [[ 0.00000000e+00,  2.03310352e-02, -4.74345677e-02, ...,
          5.94214468e-01,  6.36995270e-01,  6.82584924e-01],
        [-2.03310352e-02,  0.00000000e+00, -6.77329125e-02, ...,
          5.77739259e-01,  6.21191067e-01,  6.67585788e-01],
        [ 4.74345677e-02,  6.77329125e-02,  0.00000000e+00, ...,
          6.31697526e-01,  6.72844012e-01,  7.16482051e-01],
        ...,
        [-5.94214468e-01, -5.77739259e-01, -6.31697526e-01, ...,
          0.00000000e+00,  5.42787781e-02,  1.14751919e-01],
        [-6.36995270e-01, -6.21191067e-01, -6.72844012e-01, ...,
         -5.42787781e-02,  0.00000000e+00,  6.06625317e-02],
        [-6.82584924e-01, -6.67585788e-01, -7.16482051e-01, ...,
         -1.14751919e-01, -6.06625317e-02,  0.00000000e+00]],

       [[ 0.00000000e+00, -5.98810535e-01, -8.07119258e-01, ...,
         -7.96754109e-01, -7.94870684e-01, -7.95374645e-01],
        [ 5.98810535e-01,  0.00000000e+00, -2.92883509e-01, ...,
         -9.99976357e-01, -9.99950132e-01, -9.99958086e-01],
        [ 8.07119258e-01,  2.92883509e-01,  0.00000000e+00, ...,
         -9.58139517e-01, -9.59025369e-01, -9.58789598e-01],
        ...,
        [ 7.96754109e-01,  9.99976357e-01,  9.58139517e-01, ...,
          0.00000000e+00, -3.11030911e-03, -2.27930809e-03],
        [ 7.94870684e-01,  9.99950132e-01,  9.59025369e-01, ...,
          3.11030911e-03,  0.00000000e+00,  8.31003969e-04],
        [ 7.95374645e-01,  9.99958086e-01,  9.58789598e-01, ...,
          2.27930809e-03, -8.31003969e-04,  0.00000000e+00]],

       [[ 0.00000000e+00, -1.27198676e-01, -2.48623118e-01, ...,
          8.63317902e-01,  9.08454516e-01,  9.21737558e-01],
        [ 1.27198676e-01,  0.00000000e+00, -1.23398941e-01, ...,
          7.92113249e-01,  8.47908399e-01,  8.64921066e-01],
        [ 2.48623118e-01,  1.23398941e-01,  0.00000000e+00, ...,
          7.10739718e-01,  7.76008902e-01,  7.96375695e-01],
        ...,
        [-8.63317902e-01, -7.92113249e-01, -7.10739718e-01, ...,
          0.00000000e+00, -9.76082618e-02, -1.30357555e-01],
        [-9.08454516e-01, -8.47908399e-01, -7.76008902e-01, ...,
          9.76082618e-02,  0.00000000e+00, -3.29597111e-02],
        [-9.21737558e-01, -8.64921066e-01, -7.96375695e-01, ...,
          1.30357555e-01,  3.29597111e-02,  0.00000000e+00]]]), 'num': array([ 7.07016905e-01,  7.07016905e-01,  0.00000000e+00,  4.73892412e-03,
        4.81058124e-03,  4.73892412e-03,  8.21773392e-03, -4.77714125e-05,
        4.81058124e-03,  4.87459493e-03,  4.90652216e-03,  2.34307404e-06,
        5.09950445e-03,  4.64968542e-03])}
{'img': array([[[ 0.00000000e+00, -2.90889169e-01,  1.23485483e-01, ...,
          7.32813669e-01,  8.00511692e-01,  7.24554350e-01],
        [ 2.90889169e-01,  0.00000000e+00,  4.06808383e-01, ...,
          8.99053963e-01,  9.40229834e-01,  8.93708224e-01],
        [-1.23485483e-01, -4.06808383e-01,  0.00000000e+00, ...,
          6.43181841e-01,  7.20377912e-01,  6.33900509e-01],
        ...,
        [-7.32813669e-01, -8.99053963e-01, -6.43181841e-01, ...,
          0.00000000e+00,  1.05503875e-01, -1.20600688e-02],
        [-8.00511692e-01, -9.40229834e-01, -7.20377912e-01, ...,
         -1.05503875e-01,  0.00000000e+00, -1.17488963e-01],
        [-7.24554350e-01, -8.93708224e-01, -6.33900509e-01, ...,
          1.20600688e-02,  1.17488963e-01,  0.00000000e+00]],

       [[ 0.00000000e+00, -4.70727547e-01, -3.15197882e-01, ...,
          9.43088394e-02, -4.99898483e-01, -4.96653450e-01],
        [ 4.70727547e-01,  0.00000000e+00,  1.68640312e-01, ...,
          5.51836182e-01, -3.33601482e-02, -2.96192528e-02],
        [ 3.15197882e-01, -1.68640312e-01,  0.00000000e+00, ...,
          4.03294580e-01, -2.01428799e-01, -1.97761358e-01],
        ...,
        [-9.43088394e-02, -5.51836182e-01, -4.03294580e-01, ...,
          0.00000000e+00, -5.79349808e-01, -5.76295117e-01],
        [ 4.99898483e-01,  3.33601482e-02,  2.01428799e-01, ...,
          5.79349808e-01,  0.00000000e+00,  3.74274498e-03],
        [ 4.96653450e-01,  2.96192528e-02,  1.97761358e-01, ...,
          5.76295117e-01, -3.74274498e-03,  0.00000000e+00]],

       [[ 0.00000000e+00,  2.60045625e-01,  4.18413000e-01, ...,
          9.99997370e-01,  9.93135157e-01,  9.67650738e-01],
        [-2.60045625e-01,  0.00000000e+00,  1.67829829e-01, ...,
          9.66190225e-01,  9.28549482e-01,  8.68752160e-01],
        [-4.18413000e-01, -1.67829829e-01,  0.00000000e+00, ...,
          9.09214155e-01,  8.53079035e-01,  7.73312528e-01],
        ...,
        [-9.99997370e-01, -9.66190225e-01, -9.09214155e-01, ...,
          0.00000000e+00, -1.19250002e-01, -2.54512297e-01],
        [-9.93135157e-01, -9.28549482e-01, -8.53079035e-01, ...,
          1.19250002e-01,  0.00000000e+00, -1.37373118e-01],
        [-9.67650738e-01, -8.68752160e-01, -7.73312528e-01, ...,
          2.54512297e-01,  1.37373118e-01,  0.00000000e+00]],

       ...,

       [[ 0.00000000e+00, -6.77329125e-02,  6.67834922e-03, ...,
          6.21191067e-01,  6.67585788e-01,  6.62940640e-01],
        [ 6.77329125e-02,  0.00000000e+00,  7.43944144e-02, ...,
          6.72844012e-01,  7.16482051e-01,  7.12127922e-01],
        [-6.67834922e-03, -7.43944144e-02,  0.00000000e+00, ...,
          6.15943665e-01,  6.62598650e-01,  6.57925963e-01],
        ...,
        [-6.21191067e-01, -6.72844012e-01, -6.15943665e-01, ...,
          0.00000000e+00,  6.06625317e-02,  5.44511605e-02],
        [-6.67585788e-01, -7.16482051e-01, -6.62598650e-01, ...,
         -6.06625317e-02,  0.00000000e+00, -6.22165536e-03],
        [-6.62940640e-01, -7.12127922e-01, -6.57925963e-01, ...,
         -5.44511605e-02,  6.22165536e-03,  0.00000000e+00]],

       [[ 0.00000000e+00, -2.96406688e-01, -4.66416454e-01, ...,
         -9.99822215e-01, -9.99837572e-01, -9.99906746e-01],
        [ 2.96406688e-01,  0.00000000e+00, -1.83265489e-01, ...,
         -9.60480981e-01, -9.60248838e-01, -9.59020615e-01],
        [ 4.66416454e-01,  1.83265489e-01,  0.00000000e+00, ...,
         -8.93202608e-01, -8.92827820e-01, -8.90852356e-01],
        ...,
        [ 9.99822215e-01,  9.60480981e-01,  8.93202608e-01, ...,
          0.00000000e+00,  8.32813856e-04,  5.19993998e-03],
        [ 9.99837572e-01,  9.60248838e-01,  8.92827820e-01, ...,
         -8.32813856e-04,  0.00000000e+00,  4.36713558e-03],
        [ 9.99906746e-01,  9.59020615e-01,  8.90852356e-01, ...,
         -5.19993998e-03, -4.36713558e-03,  0.00000000e+00]],

