state_0,state_1,state_2,state_3,state_4,state_5,state_6,state_7,state_8,state_9,state_10,state_11,state_12,state_13,state_14,state_15,state_16,state_17,state_18,state_19,state_20,state_21,state_22,state_23,state_24,state_25,state_26,state_27,state_28,state_29,state_30,state_31,state_32,state_33,state_34,state_35,state_36,state_37,state_38,state_39,state_40,state_41,state_42,state_43,state_44,state_45,state_46,state_47,state_48,state_49,state_50,state_51,state_52,state_53,state_54,state_55,state_56,state_57,state_58,state_59,state_60,state_61,state_62,state_63,state_64,state_65,state_66,state_67,state_68,state_69,state_70,state_71,state_72,state_73,state_74,state_75,state_76,state_77,state_78,state_79,state_80,state_81,state_82,state_83,state_84,state_85,state_86,state_87,state_88,state_89,state_90,state_91,state_92,state_93,state_94,state_95,state_96,state_97,state_98,state_99,state_100,state_101,state_102,state_103,state_104,state_105,state_106,state_107,state_108,state_109,state_110,state_111,state_112,state_113,state_114,state_115,state_116,state_117,state_118,state_119,state_120,state_121,state_122,state_123,state_124,state_125,state_126,state_127,state_128,state_129,state_130,state_131,state_132,state_133,state_134,state_135,state_136,state_137,state_138,state_139,state_140,state_141,state_142,state_143,state_144,state_145,state_146,state_147,state_148,state_149,state_150,state_151,state_152,state_153,state_154,state_155,state_156,state_157,state_158,state_159,state_160,state_161,state_162,state_163,state_164,state_165,state_166,state_167,state_168,state_169,state_170,state_171,state_172,state_173,state_174,state_175,state_176,state_177,state_178,state_179,state_180,state_181,state_182,state_183,state_184,state_185,state_186,state_187,state_188,state_189,state_190,state_191,state_192,state_193,state_194,state_195,state_196,state_197,state_198,state_199,state_200,state_201,state_202,state_203,state_204,state_205,state_206,state_207,state_208,state_209,state_210,state_211,state_212,state_213,state_214,state_215,state_216,state_217,state_218,state_219,state_220,state_221,state_222,state_223,state_224,state_225,state_226,state_227,state_228,state_229,state_230,state_231,state_232,state_233,state_234,state_235,state_236,state_237,state_238,state_239,state_240,state_241,state_242,state_243,state_244,state_245,state_246,state_247,state_248,state_249,state_250,state_251,state_252,state_253,state_254,state_255,state_256,state_257,state_258,state_259,state_260,state_261,state_262,state_263,state_264,state_265,state_266,state_267,state_268,state_269,state_270,state_271,state_272,state_273,state_274,state_275,state_276,state_277,state_278,state_279,state_280,state_281,state_282,state_283,state_284,state_285,state_286,state_287
{'img': array([[[ 0.        , -0.14288696,  0.08130405, ...,  0.        ,
          0.0460004 , -0.09954613],
        [ 0.14288696,  0.        ,  0.2228837 , ...,  0.14288696,
          0.18826409,  0.04365254],
        [-0.08130405, -0.2228837 ,  0.        , ..., -0.08130405,
         -0.03536987, -0.18011678],
        ...,
        [ 0.        , -0.14288696,  0.08130405, ...,  0.        ,
          0.0460004 , -0.09954613],
        [-0.0460004 , -0.18826409,  0.03536987, ..., -0.0460004 ,
          0.        , -0.14521267],
        [ 0.09954613, -0.04365254,  0.18011678, ...,  0.09954613,
          0.14521267,  0.        ]],

       [[ 0.        , -0.63661808, -0.45026181, ..., -0.82039447,
         -0.84361042, -0.8240795 ],
        [ 0.63661808,  0.        ,  0.22120155, ..., -0.26865427,
         -0.30873912, -0.27488531],
        [ 0.45026181, -0.22120155,  0.        , ..., -0.47506864,
         -0.5114862 , -0.48075608],
        ...,
        [ 0.82039447,  0.26865427,  0.47506864, ...,  0.        ,
         -0.04185921, -0.0064747 ],
        [ 0.84361042,  0.30873912,  0.5114862 , ...,  0.04185921,
          0.        ,  0.0353893 ],
        [ 0.8240795 ,  0.27488531,  0.48075608, ...,  0.0064747 ,
         -0.0353893 ,  0.        ]],

       [[ 0.        ,  0.08869184,  0.51343568, ...,  0.86857   ,
          0.82270198,  0.76224329],
        [-0.08869184,  0.        ,  0.43530333, ...,  0.82119436,
          0.7690409 ,  0.70182997],
        [-0.51343568, -0.43530333,  0.        , ...,  0.49090278,
          0.4141094 ,  0.32176025],
        ...,
        [-0.86857   , -0.82119436, -0.49090278, ...,  0.        ,
         -0.08605497, -0.18447499],
        [-0.82270198, -0.7690409 , -0.4141094 , ...,  0.08605497,
          0.        , -0.09921264],
        [-0.76224329, -0.70182997, -0.32176025, ...,  0.18447499,
          0.09921264,  0.        ]],

       ...,

       [[ 0.        ,  0.03146238,  0.23138925, ..., -0.99539679,
         -0.99794059, -0.99497779],
        [-0.03146238,  0.        ,  0.20066616, ..., -0.99188866,
         -0.9994647 , -0.99763447],
        [-0.23138925, -0.20066616,  0.        , ..., -0.94620671,
         -0.9857002 , -0.99113646],
        ...,
        [ 0.99539679,  0.99188866,  0.94620671, ...,  0.        ,
          0.15949201,  0.19499341],
        [ 0.99794059,  0.9994647 ,  0.9857002 , ..., -0.15949201,
          0.        ,  0.03606685],
        [ 0.99497779,  0.99763447,  0.99113646, ..., -0.19499341,
         -0.03606685,  0.        ]],

       [[ 0.        ,  0.16063273,  0.33063877, ...,  0.2542912 ,
          0.23973533,  0.28470875],
        [-0.16063273,  0.        ,  0.17474685, ...,  0.09563667,
          0.08067378,  0.12702679],
        [-0.33063877, -0.17474685,  0.        , ..., -0.07978072,
         -0.09474479, -0.048259  ],
        ...,
        [-0.2542912 , -0.09563667,  0.07978072, ...,  0.        ,
         -0.01502095,  0.03158259],
        [-0.23973533, -0.08067378,  0.09474479, ...,  0.01502095,
          0.        ,  0.04659249],
        [-0.28470875, -0.12702679,  0.048259  , ..., -0.03158259,
         -0.04659249,  0.        ]],

       [[ 0.        ,  0.42261409,  0.56183376, ...,  0.34998201,
          0.32407911,  0.39804805],
        [-0.42261409,  0.        ,  0.15958782, ...,  0.71307856,
          0.69352165,  0.74844601],
        [-0.56183376, -0.15958782,  0.        , ...,  0.81582405,
          0.79960607,  0.84469169],
        ...,
        [-0.34998201, -0.71307856, -0.81582405, ...,  0.        ,
          0.02751028, -0.05181297],
        [-0.32407911, -0.69352165, -0.79960607, ..., -0.02751028,
          0.        , -0.0792667 ],
        [-0.39804805, -0.74844601, -0.84469169, ...,  0.05181297,
          0.0792667 ,  0.        ]]]), 'num': array([ 7.27468841e-01,  6.86120565e-01,  1.02474044e-05,  8.07583529e-05,
        8.60621852e-05,  8.01579191e-05,  5.25343593e-03, -7.00506159e-07,
        8.23795243e-05,  8.65425323e-05,  8.73347714e-05,  6.29385588e-07,
        9.23851099e-05,  8.06999548e-05])}
{'img': array([[[ 0.        ,  0.2228837 , -0.24676555, ...,  0.18826409,
          0.04365254, -0.03461783],
        [-0.2228837 ,  0.        , -0.45654924, ..., -0.03536987,
         -0.18011678, -0.25649712],
        [ 0.24676555,  0.45654924,  0.        , ...,  0.42479506,
          0.28883292,  0.21307036],
        ...,
        [-0.18826409,  0.03536987, -0.42479506, ...,  0.        ,
         -0.14521267, -0.22215006],
        [-0.04365254,  0.18011678, -0.28883292, ...,  0.14521267,
          0.        , -0.07821121],
        [ 0.03461783,  0.25649712, -0.21307036, ...,  0.22215006,
          0.07821121,  0.        ]],

       [[ 0.        ,  0.22120155,  0.03029607, ..., -0.30873912,
         -0.27488531, -0.23844144],
        [-0.22120155,  0.        , -0.19155443, ..., -0.5114862 ,
         -0.48075608, -0.4473562 ],
        [-0.03029607,  0.19155443,  0.        , ..., -0.3374134 ,
         -0.3038881 , -0.26775423],
        ...,
        [ 0.30873912,  0.5114862 ,  0.3374134 , ...,  0.        ,
          0.0353893 ,  0.07304131],
        [ 0.27488531,  0.48075608,  0.3038881 , ..., -0.0353893 ,
          0.        ,  0.03770079],
        [ 0.23844144,  0.4473562 ,  0.26775423, ..., -0.07304131,
         -0.03770079,  0.        ]],

       [[ 0.        ,  0.50725393,  0.57750525, ...,  0.82055359,
          0.75946947,  0.66671701],
        [-0.50725393,  0.        ,  0.08357659, ...,  0.41721941,
          0.32451778,  0.19651258],
        [-0.57750525, -0.08357659,  0.        , ...,  0.33980482,
          0.24432902,  0.11387809],
        ...,
        [-0.82055359, -0.41721941, -0.33980482, ...,  0.        ,
         -0.09971569, -0.23049241],
        [-0.75946947, -0.32451778, -0.24432902, ...,  0.09971569,
          0.        , -0.13231287],
        [-0.66671701, -0.19651258, -0.11387809, ...,  0.23049241,
          0.13231287,  0.        ]],

       ...,

       [[ 0.        ,  0.20066616, -0.14809151, ..., -0.9994647 ,
         -0.99763447, -0.99258738],
        [-0.20066616,  0.        , -0.34353284, ..., -0.9857002 ,
         -0.99113646, -0.99678542],
        [ 0.14809151,  0.34353284,  0.        , ..., -0.98359934,
         -0.97645412, -0.96364475],
        ...,
        [ 0.9994647 ,  0.9857002 ,  0.98359934, ...,  0.        ,
          0.03606685,  0.08899485],
        [ 0.99763447,  0.99113646,  0.97645412, ..., -0.03606685,
          0.        ,  0.0530132 ],
        [ 0.99258738,  0.99678542,  0.96364475, ..., -0.08899485,
         -0.0530132 ,  0.        ]],

       [[ 0.        ,  0.17474685,  0.18177842, ...,  0.08067378,
          0.12702679,  0.16500301],
        [-0.17474685,  0.        ,  0.00714598, ..., -0.09474479,
         -0.048259  , -0.00988743],
        [-0.18177842, -0.00714598,  0.        , ..., -0.10185621,
         -0.05539542, -0.01703281],
        ...,
        [-0.08067378,  0.09474479,  0.10185621, ...,  0.        ,
          0.04659249,  0.08489721],
        [-0.12702679,  0.048259  ,  0.05539542, ..., -0.04659249,
          0.        ,  0.03838073],
        [-0.16500301,  0.00988743,  0.01703281, ..., -0.08489721,
         -0.03838073,  0.        ]],

       [[ 0.        ,  0.39876107,  0.60668977, ...,  0.33172112,
          0.40728022,  0.53806996],
        [-0.39876107,  0.        ,  0.23937719, ...,  0.68038869,
          0.73768809,  0.82955545],
        [-0.60668977, -0.23937719,  0.        , ...,  0.83603543,
          0.87785454,  0.93911155],
        ...,
        [-0.33172112, -0.68038869, -0.83603543, ...,  0.        ,
         -0.08125702, -0.2279953 ],
        [-0.40728022, -0.73768809, -0.87785454, ...,  0.08125702,
          0.        , -0.14812447],
        [-0.53806996, -0.82955545, -0.93911155, ...,  0.2279953 ,
          0.14812447,  0.        ]]]), 'num': array([6.83297781e-01, 6.83297781e-01, 0.00000000e+00, 5.53471203e-03,
       5.60304181e-03, 5.32972269e-03, 2.56801072e-01, 2.04989334e-05,
       5.58117628e-03, 5.88729368e-03, 5.96325362e-03, 1.84381941e-05,
       6.31681360e-03, 5.45777376e-03])}
{'img': array([[[ 0.        , -0.45654924, -0.74148654, ..., -0.18011678,
         -0.25649712, -0.2228837 ],
        [ 0.45654924,  0.        , -0.35336939, ...,  0.28883292,
          0.21307036,  0.24676555],
        [ 0.74148654,  0.35336939,  0.        , ...,  0.60850715,
          0.54457881,  0.57328671],
        ...,
        [ 0.18011678, -0.28883292, -0.60850715, ...,  0.        ,
         -0.07821121, -0.04365254],
        [ 0.25649712, -0.21307036, -0.54457881, ...,  0.07821121,
          0.        ,  0.03461783],
        [ 0.2228837 , -0.24676555, -0.57328671, ...,  0.04365254,
         -0.03461783,  0.        ]],

       [[ 0.        , -0.19155443, -0.35065767, ..., -0.48075608,
         -0.4473562 , -0.50497065],
        [ 0.19155443,  0.        , -0.16477275, ..., -0.3038881 ,
         -0.26775423, -0.33028198],
        [ 0.35065767,  0.16477275,  0.        , ..., -0.14275414,
         -0.10533799, -0.17024145],
        ...,
        [ 0.48075608,  0.3038881 ,  0.14275414, ...,  0.        ,
          0.03770079, -0.02782759],
        [ 0.4473562 ,  0.26775423,  0.10533799, ..., -0.03770079,
          0.        , -0.065494  ],
        [ 0.50497065,  0.33028198,  0.17024145, ...,  0.02782759,
          0.065494  ,  0.        ]],

       [[ 0.        ,  0.09405649, -0.07756624, ...,  0.35155715,
          0.21663982,  0.10892861],
        [-0.09405649,  0.        , -0.17099549, ...,  0.26194612,
          0.12385663,  0.0149489 ],
        [ 0.07756624,  0.17099549,  0.        , ...,  0.42311289,
          0.29171129,  0.18570511],
        ...,
        [-0.35155715, -0.26194612, -0.42311289, ...,  0.        ,
         -0.1403973 , -0.24748993],
        [-0.21663982, -0.12385663, -0.29171129, ...,  0.1403973 ,
          0.        , -0.109009  ],
        [-0.10892861, -0.0149489 , -0.18570511, ...,  0.24748993,
          0.109009  ,  0.        ]],

       ...,

       [[ 0.        , -0.33755924, -0.8559043 , ..., -0.99645472,
         -0.99941353, -0.34914907],
        [ 0.33755924,  0.        , -0.63110294, ..., -0.96636624,
         -0.95231138, -0.64497121],
        [ 0.8559043 ,  0.63110294,  0.        , ..., -0.5873088 ,
         -0.54613995, -0.98259678],
        ...,
        [ 0.99645472,  0.96636624,  0.5873088 , ...,  0.        ,
          0.0499596 , -0.90437082],
        [ 0.99941353,  0.95231138,  0.54613995, ..., -0.0499596 ,
          0.        , -0.92456161],
        [ 0.34914907,  0.64497121,  0.98259678, ...,  0.90437082,
          0.92456161,  0.        ]],

       [[ 0.        ,  0.00714598, -0.01660915, ..., -0.048259  ,
         -0.00988743,  0.01326443],
        [-0.00714598,  0.        , -0.02375373, ..., -0.05539542,
         -0.01703281,  0.00611874],
        [ 0.01660915,  0.02375373,  0.        , ..., -0.03166254,
          0.00672228,  0.02987029],
        ...,
        [ 0.048259  ,  0.05539542,  0.03166254, ...,  0.        ,
          0.03838073,  0.06150373],
        [ 0.00988743,  0.01703281, -0.00672228, ..., -0.03838073,
          0.        ,  0.02315034],
        [-0.01326443, -0.00611874, -0.02987029, ..., -0.06150373,
         -0.02315034,  0.        ]],

       [[ 0.        ,  0.48843507,  0.66256599, ...,  0.41558982,
          0.54857257,  0.62794991],
        [-0.48843507,  0.        ,  0.21231565, ...,  0.80690094,
          0.88706655,  0.92807567],
        [-0.66256599, -0.21231565,  0.        , ...,  0.91391657,
          0.96485617,  0.98598118],
        ...,
        [-0.41558982, -0.80690094, -0.91391657, ...,  0.        ,
         -0.15147948, -0.24771885],
        [-0.54857257, -0.88706655, -0.96485617, ...,  0.15147948,
          0.        , -0.09810212],
        [-0.62794991, -0.92807567, -0.98598118, ...,  0.24771885,
          0.09810212,  0.        ]]]), 'num': array([9.00103254e-01, 3.60536040e-01, 1.33226473e-04, 7.29144884e-03,
       7.40847209e-03, 7.16542380e-03, 2.43665817e-01, 0.00000000e+00,
       7.32745600e-03, 7.73253649e-03, 7.85256034e-03, 1.91841398e-05,
       8.33348932e-03, 7.13158365e-03])}
{'img': array([[[ 0.        , -0.35336939, -0.10628126, ...,  0.21307036,
          0.24676555,  0.24676555],
        [ 0.35336939,  0.        ,  0.25194354, ...,  0.54457881,
          0.57328671,  0.57328671],
        [ 0.10628126, -0.25194354,  0.        , ...,  0.31570427,
          0.34836243,  0.34836243],
        ...,
        [-0.21307036, -0.54457881, -0.31570427, ...,  0.        ,
          0.03461783,  0.03461783],
        [-0.24676555, -0.57328671, -0.34836243, ..., -0.03461783,
          0.        ,  0.        ],
        [-0.24676555, -0.57328671, -0.34836243, ..., -0.03461783,
          0.        ,  0.        ]],

       [[ 0.        , -0.16232871, -0.2456356 , ..., -0.26135495,
         -0.31762148, -0.41590003],
        [ 0.16232871,  0.        , -0.08502235, ..., -0.10120191,
         -0.15948584, -0.26276043],
        [ 0.2456356 ,  0.08502235,  0.        , ..., -0.01624963,
         -0.07497427, -0.17977423],
        ...,
        [ 0.26135495,  0.10120191,  0.01624963, ...,  0.        ,
         -0.05876048, -0.1637656 ],
        [ 0.31762148,  0.15948584,  0.07497427, ...,  0.05876048,
          0.        , -0.10551547],
        [ 0.41590003,  0.26276043,  0.17977423, ...,  0.1637656 ,
          0.10551547,  0.        ]],

       [[ 0.        , -0.17099549, -0.53097169, ...,  0.12385663,
          0.0149489 , -0.03903437],
        [ 0.17099549,  0.        , -0.37825164, ...,  0.29171129,
          0.18570511,  0.13240571],
        [ 0.53097169,  0.37825164,  0.        , ...,  0.63183809,
          0.5435799 ,  0.49748971],
        ...,
        [-0.12385663, -0.29171129, -0.63183809, ...,  0.        ,
         -0.109009  , -0.16249604],
        [-0.0149489 , -0.18570511, -0.5435799 , ...,  0.109009  ,
          0.        , -0.05396751],
        [ 0.03903437, -0.13240571, -0.49748971, ...,  0.16249604,
          0.05396751,  0.        ]],

       ...,

       [[ 0.        , -0.61423327, -0.56607883, ..., -0.93534559,
         -0.89965925, -0.63171897],
        [ 0.61423327,  0.        ,  0.0596372 , ..., -0.52082816,
         -0.97811296, -0.97465701],
        [ 0.56607883, -0.0596372 ,  0.        , ..., -0.57081114,
         -0.98878102, -0.95958112],
        ...,
        [ 0.93534559,  0.52082816,  0.57081114, ...,  0.        ,
         -0.7266063 , -0.94853882],
        [ 0.89965925,  0.97811296,  0.98878102, ...,  0.7266063 ,
          0.        , -0.42160968],
        [ 0.63171897,  0.97465701,  0.95958112, ...,  0.94853882,
          0.42160968,  0.        ]],

       [[ 0.        , -0.02375373, -0.04583323, ..., -0.01703281,
          0.00611874,  0.02913104],
        [ 0.02375373,  0.        , -0.02209154, ...,  0.00672228,
          0.02987029,  0.05286647],
        [ 0.04583323,  0.02209154,  0.        , ...,  0.02881167,
          0.05194469,  0.07491421],
        ...,
        [ 0.01703281, -0.00672228, -0.02881167, ...,  0.        ,
          0.02315034,  0.0461524 ],
        [-0.00611874, -0.02987029, -0.05194469, ..., -0.02315034,
          0.        ,  0.02301436],
        [-0.02913104, -0.05286647, -0.07491421, ..., -0.0461524 ,
         -0.02301436,  0.        ]],

       [[ 0.        ,  0.49657369,  0.6670508 , ...,  0.56520215,
          0.64620065,  0.70333861],
        [-0.49657369,  0.        ,  0.20904299, ...,  0.90024207,
          0.93986758,  0.96348597],
        [-0.6670508 , -0.20904299,  0.        , ...,  0.9713677 ,
          0.99049892,  0.99817225],
        ...,
        [-0.56520215, -0.90024207, -0.9713677 , ...,  0.        ,
         -0.10174086, -0.17844414],
        [-0.64620065, -0.93986758, -0.99049892, ...,  0.10174086,
          0.        , -0.07741025],
        [-0.70333861, -0.96348597, -0.99817225, ...,  0.17844414,
          0.07741025,  0.        ]]]), 'num': array([8.74872853e-01, 3.47855664e-01, 1.28540778e-04, 7.12185391e-03,
       7.33898361e-03, 7.00026129e-03, 3.36403375e-01, 8.68518770e-05,
       7.05410945e-03, 7.42149289e-03, 7.58043182e-03, 3.53556313e-05,
       7.98165720e-03, 6.86132858e-03])}
{'img': array([[[ 0.        ,  0.25194354,  0.75296155, ...,  0.57328671,
          0.57328671,  0.65591045],
        [-0.25194354,  0.        ,  0.56287736, ...,  0.34836243,
          0.34836243,  0.44457532],
        [-0.75296155, -0.56287736,  0.        , ..., -0.23968305,
         -0.23968305, -0.13673313],
        ...,
        [-0.57328671, -0.34836243,  0.23968305, ...,  0.        ,
          0.        ,  0.10468441],
        [-0.57328671, -0.34836243,  0.23968305, ...,  0.        ,
          0.        ,  0.10468441],
        [-0.65591045, -0.44457532,  0.13673313, ..., -0.10468441,
         -0.10468441,  0.        ]],

       [[ 0.        , -0.08502235,  0.23919623, ..., -0.15948584,
         -0.26276043, -0.15391662],
        [ 0.08502235,  0.        ,  0.32088437, ..., -0.07497427,
         -0.17977423, -0.06935008],
        [-0.23919623, -0.32088437,  0.        , ..., -0.39099073,
         -0.48592396, -0.38579454],
        ...,
        [ 0.15948584,  0.07497427,  0.39099073, ...,  0.        ,
         -0.10551547,  0.00563886],
        [ 0.26276043,  0.17977423,  0.48592396, ...,  0.10551547,
          0.        ,  0.11112118],
        [ 0.15391662,  0.06935008,  0.38579454, ..., -0.00563886,
         -0.11112118,  0.        ]],

       [[ 0.        , -0.37825164, -0.06964757, ...,  0.18570511,
          0.13240571,  0.0950858 ],
        [ 0.37825164,  0.        ,  0.31286017, ...,  0.5435799 ,
          0.49748971,  0.464559  ],
        [ 0.06964757, -0.31286017,  0.        , ...,  0.25369024,
          0.20111855,  0.16418689],
        ...,
        [-0.18570511, -0.5435799 , -0.25369024, ...,  0.        ,
         -0.05396751, -0.09143187],
        [-0.13240571, -0.49748971, -0.20111855, ...,  0.05396751,
          0.        , -0.03755717],
        [-0.0950858 , -0.464559  , -0.16418689, ...,  0.09143187,
          0.03755717,  0.        ]],

       ...,

       [[ 0.        ,  0.0596372 ,  0.51070275, ..., -0.97811296,
         -0.97465701, -0.82774369],
        [-0.0596372 ,  0.        ,  0.45852024, ..., -0.98878102,
         -0.95958112, -0.85973322],
        [-0.51070275, -0.45852024,  0.        , ..., -0.94720408,
         -0.72372201, -0.9982173 ],
        ...,
        [ 0.97811296,  0.98878102,  0.94720408, ...,  0.        ,
         -0.42160968,  0.37659298],
        [ 0.97465701,  0.95958112,  0.72372201, ...,  0.42160968,
          0.        ,  0.73205629],
        [ 0.82774369,  0.85973322,  0.9982173 , ..., -0.37659298,
         -0.73205629,  0.        ]],

       [[ 0.        , -0.02209154, -0.00612267, ...,  0.02987029,
          0.05286647, -0.07370261],
        [ 0.02209154,  0.        ,  0.01596995, ...,  0.05194469,
          0.07491421, -0.05165317],
        [ 0.00612267, -0.01596995,  0.        , ...,  0.03598967,
          0.05897958, -0.06759522],
        ...,
        [-0.02987029, -0.05194469, -0.03598967, ...,  0.        ,
          0.02301436, -0.10345878],
        [-0.05286647, -0.07491421, -0.05897958, ..., -0.02301436,
          0.        , -0.12632223],
        [ 0.07370261,  0.05165317,  0.06759522, ...,  0.10345878,
          0.12632223,  0.        ]],

       [[ 0.        ,  0.49599236,  0.70746824, ...,  0.66546244,
          0.72340685,  0.74132849],
        [-0.49599236,  0.        ,  0.26377351, ...,  0.94806317,
          0.97059765,  0.97659694],
        [-0.70746824, -0.26377351,  0.        , ...,  0.99838881,
          0.99971591,  0.99874221],
        ...,
        [-0.66546244, -0.94806317, -0.99838881, ...,  0.        ,
         -0.08052364, -0.10673077],
        [-0.72340685, -0.97059765, -0.99971591, ...,  0.08052364,
          0.        , -0.0263205 ],
        [-0.74132849, -0.97659694, -0.99874221, ...,  0.10673077,
          0.0263205 ,  0.        ]]]), 'num': array([8.17722853e-01, 5.44016745e-01, 6.65142425e-05, 6.67575873e-03,
       6.74876217e-03, 6.58653231e-03, 1.87094830e-01, 2.43344790e-05,
       6.60275530e-03, 6.90004151e-03, 7.08525394e-03, 4.09512268e-05,
       7.40562314e-03, 6.39445989e-03])}
{'img': array([[[ 0.        ,  0.72831178,  0.76342064, ...,  0.52810299,
          0.6212574 ,  0.64529388],
        [-0.72831178,  0.        ,  0.05271309, ..., -0.25658763,
         -0.1449958 , -0.11419746],
        [-0.76342064, -0.05271309,  0.        , ..., -0.3071792 ,
         -0.19695024, -0.16640693],
        ...,
        [-0.52810299,  0.25658763,  0.3071792 , ...,  0.        ,
          0.1137346 ,  0.14453481],
        [-0.6212574 ,  0.1449958 ,  0.19695024, ..., -0.1137346 ,
          0.        ,  0.0310566 ],
        [-0.64529388,  0.11419746,  0.16640693, ..., -0.14453481,
         -0.0310566 ,  0.        ]],

       [[ 0.        ,  0.31397888,  0.24606693, ..., -0.12660143,
         -0.0630701 , -0.19093863],
        [-0.31397888,  0.        , -0.07070161, ..., -0.4316517 ,
         -0.37323442, -0.48948515],
        [-0.24606693,  0.07070161,  0.        , ..., -0.36679579,
         -0.30670791, -0.42660759],
        ...,
        [ 0.12660143,  0.4316517 ,  0.36679579, ...,  0.        ,
          0.06378677, -0.06513005],
        [ 0.0630701 ,  0.37323442,  0.30670791, ..., -0.06378677,
          0.        , -0.12864875],
        [ 0.19093863,  0.48948515,  0.42660759, ...,  0.06513005,
          0.12864875,  0.        ]],

       [[ 0.        ,  0.31286017,  0.35796517, ...,  0.49748971,
          0.464559  ,  0.49748971],
        [-0.31286017,  0.        ,  0.04786656, ...,  0.20111855,
          0.16418689,  0.20111855],
        [-0.35796517, -0.04786656,  0.        , ...,  0.15399952,
          0.11678172,  0.15399952],
        ...,
        [-0.49748971, -0.20111855, -0.15399952, ...,  0.        ,
         -0.03755717,  0.        ],
        [-0.464559  , -0.16418689, -0.11678172, ...,  0.03755717,
          0.        ,  0.03755717],
        [-0.49748971, -0.20111855, -0.15399952, ...,  0.        ,
         -0.03755717,  0.        ]],

       ...,

       [[ 0.        ,  0.45852024,  0.03927309, ..., -0.95958112,
         -0.85973322, -0.73981674],
        [-0.45852024,  0.        , -0.42326513, ..., -0.72372201,
         -0.9982173 , -0.96595956],
        [-0.03927309,  0.42326513,  0.        , ..., -0.94778811,
         -0.87912842, -0.76566925],
        ...,
        [ 0.95958112,  0.72372201,  0.94778811, ...,  0.        ,
          0.73205629,  0.85382252],
        [ 0.85973322,  0.9982173 ,  0.87912842, ..., -0.73205629,
          0.        ,  0.20057928],
        [ 0.73981674,  0.96595956,  0.76566925, ..., -0.85382252,
         -0.20057928,  0.        ]],

       [[ 0.        ,  0.01596995, -0.08653945, ...,  0.07491421,
         -0.05165317, -0.18378669],
        [-0.01596995,  0.        , -0.10243845, ...,  0.05897958,
         -0.06759522, -0.19946117],
        [ 0.08653945,  0.10243845,  0.        , ...,  0.16092944,
          0.03496453, -0.09803185],
        ...,
        [-0.07491421, -0.05897958, -0.16092944, ...,  0.        ,
         -0.12632223, -0.25690838],
        [ 0.05165317,  0.06759522, -0.03496453, ...,  0.12632223,
          0.        , -0.13276803],
        [ 0.18378669,  0.19946117,  0.09803185, ...,  0.25690838,
          0.13276803,  0.        ]],

       [[ 0.        ,  0.562157  ,  0.81727811, ...,  0.74361863,
          0.76166957,  0.77460577],
        [-0.562157  ,  0.        ,  0.35197467, ...,  0.99085574,
          0.99418241,  0.99615566],
        [-0.81727811, -0.35197467,  0.        , ...,  0.97494078,
          0.96847522,  0.96324444],
        ...,
        [-0.74361863, -0.99085574, -0.97494078, ...,  0.        ,
         -0.02741602, -0.04760711],
        [-0.76166957, -0.99418241, -0.96847522, ...,  0.02741602,
          0.        , -0.02020428],
        [-0.77460577, -0.99615566, -0.96324444, ...,  0.04760711,
          0.02020428,  0.        ]]]), 'num': array([ 7.35799264e-01,  6.46915534e-01,  2.19465998e-05,  5.92558196e-03,
        5.98410622e-03,  5.88168876e-03,  1.99504834e-01, -9.51019327e-05,
        5.95923341e-03,  6.19735402e-03,  6.39280068e-03,  2.87395950e-05,
        6.65968820e-03,  5.73501984e-03])}
{'img': array([[[ 0.        ,  0.06763915,  0.59529291, ..., -0.20568678,
         -0.15852954, -0.41875398],
        [-0.06763915,  0.        ,  0.64827826, ..., -0.27140861,
         -0.22495028, -0.47921806],
        [-0.59529291, -0.64827826,  0.        , ..., -0.41729316,
         -0.46038511, -0.20411284],
        ...,
        [ 0.20568678,  0.27140861,  0.41729316, ...,  0.        ,
          0.04794587, -0.22301602],
        [ 0.15852954,  0.22495028,  0.46038511, ..., -0.04794587,
          0.        , -0.26949789],
        [ 0.41875398,  0.47921806,  0.20411284, ...,  0.22301602,
          0.26949789,  0.        ]],

       [[ 0.        , -0.07070161,  0.48948515, ..., -0.37323442,
         -0.48948515, -0.43017981],
        [ 0.07070161,  0.        ,  0.42660759, ..., -0.30670791,
         -0.42660759, -0.36527789],
        [-0.48948515, -0.42660759,  0.        , ..., -0.12864875,
         -0.        , -0.0667576 ],
        ...,
        [ 0.37323442,  0.30670791,  0.12864875, ...,  0.        ,
         -0.12864875, -0.0621589 ],
        [ 0.48948515,  0.42660759,  0.        , ...,  0.12864875,
          0.        ,  0.0667576 ],
        [ 0.43017981,  0.36527789,  0.0667576 , ...,  0.0621589 ,
         -0.0667576 ,  0.        ]],

       [[ 0.        ,  0.18078771,  0.9307711 , ...,  0.35704138,
          0.40220195,  0.41598433],
        [-0.18078771,  0.        ,  0.84933755, ...,  0.18228637,
          0.23005416,  0.24472656],
        [-0.9307711 , -0.84933755,  0.        , ..., -0.73888743,
         -0.70512236, -0.69433207],
        ...,
        [-0.35704138, -0.18228637,  0.73888743, ...,  0.        ,
          0.04880266,  0.06388285],
        [-0.40220195, -0.23005416,  0.70512236, ..., -0.04880266,
          0.        ,  0.01510376],
        [-0.41598433, -0.24472656,  0.69433207, ..., -0.06388285,
         -0.01510376,  0.        ]],

       ...,

       [[ 0.        , -0.42326513,  0.72372201, ..., -0.9982173 ,
         -0.96595956, -0.99962745],
        [ 0.42326513,  0.        ,  0.94778811, ..., -0.87912842,
         -0.76566925, -0.8941157 ],
        [-0.72372201, -0.94778811,  0.        , ..., -0.73205629,
         -0.85382252, -0.70958786],
        ...,
        [ 0.9982173 ,  0.87912842,  0.73205629, ...,  0.        ,
          0.20057928, -0.0324167 ],
        [ 0.96595956,  0.76566925,  0.85382252, ..., -0.20057928,
          0.        , -0.23223178],
        [ 0.99962745,  0.8941157 ,  0.70958786, ...,  0.0324167 ,
          0.23223178,  0.        ]],

       [[ 0.        , -0.10243845,  0.68526667, ..., -0.06759522,
         -0.19946117, -0.26621503],
        [ 0.10243845,  0.        ,  0.75626684, ...,  0.03496453,
         -0.09803185, -0.16607274],
        [-0.68526667, -0.75626684,  0.        , ..., -0.73292842,
         -0.81676276, -0.85442024],
        ...,
        [ 0.06759522, -0.03496453,  0.73292842, ...,  0.        ,
         -0.13276803, -0.20045019],
        [ 0.19946117,  0.09803185,  0.81676276, ...,  0.13276803,
          0.        , -0.06860228],
        [ 0.26621503,  0.16607274,  0.85442024, ...,  0.20045019,
          0.06860228,  0.        ]],

       [[ 0.        ,  0.68825351,  0.56183654, ...,  0.78880956,
          0.80175936,  0.832837  ],
        [-0.68825351,  0.        , -0.16176082, ...,  0.99528442,
          0.99298522,  0.98515941],
        [-0.56183654,  0.16176082,  0.        , ...,  0.99786725,
          0.99903396,  0.99994979],
        ...,
        [-0.78880956, -0.99528442, -0.99786725, ...,  0.        ,
         -0.02136185, -0.07527246],
        [-0.80175936, -0.99298522, -0.99903396, ...,  0.02136185,
          0.        , -0.05395404],
        [-0.832837  , -0.98515941, -0.99994979, ...,  0.07527246,
          0.05395404,  0.        ]]]), 'num': array([ 6.90262857e-01,  6.57769097e-01,  8.24714724e-06,  5.41562669e-03,
        5.55995176e-03,  5.40188144e-03,  3.01030496e-01, -1.51197699e-04,
        5.56819891e-03,  5.79533909e-03,  6.00037233e-03,  2.47865081e-05,
        6.25953121e-03,  5.33114697e-03])}
{'img': array([[[ 0.        ,  0.75880679,  0.86467643, ..., -0.16830672,
         -0.31147161, -0.75880679],
        [-0.75880679,  0.        , -0.94434826, ..., -0.63836133,
         -0.51819391, -0.        ],
        [-0.86467643,  0.94434826,  0.        , ..., -0.93688693,
         -0.9781248 , -0.94434826],
        ...,
        [ 0.16830672,  0.63836133,  0.93688693, ...,  0.        ,
         -0.14709399, -0.63836133],
        [ 0.31147161,  0.51819391,  0.9781248 , ...,  0.14709399,
          0.        , -0.51819391],
        [ 0.75880679,  0.        ,  0.94434826, ...,  0.63836133,
          0.51819391,  0.        ]],

       [[ 0.        ,  0.42660759,  0.75485421, ..., -0.42660759,
         -0.36527789, -0.28814791],
        [-0.42660759,  0.        , -0.96252671, ..., -0.        ,
         -0.0667576 , -0.14790183],
        [-0.75485421,  0.96252671,  0.        , ..., -0.96252671,
         -0.94227574, -0.91183184],
        ...,
        [ 0.42660759,  0.        ,  0.96252671, ...,  0.        ,
          0.0667576 ,  0.14790183],
        [ 0.36527789,  0.0667576 ,  0.94227574, ..., -0.0667576 ,
          0.        ,  0.08154849],
        [ 0.28814791,  0.14790183,  0.91183184, ..., -0.14790183,
         -0.08154849,  0.        ]],

       [[ 0.        ,  0.92623481,  0.99848435, ...,  0.36383305,
          0.37939782,  0.23938715],
        [-0.92623481,  0.        ,  0.4273523 , ..., -0.72560875,
         -0.71397073, -0.80906751],
        [-0.99848435, -0.4273523 ,  0.        , ..., -0.95007644,
         -0.94471199, -0.98262761],
        ...,
        [-0.36383305,  0.72560875,  0.95007644, ...,  0.        ,
          0.01676489, -0.13027376],
        [-0.37939782,  0.71397073,  0.94471199, ..., -0.01676489,
          0.        , -0.14687747],
        [-0.23938715,  0.80906751,  0.98262761, ...,  0.13027376,
          0.14687747,  0.        ]],

       ...,

       [[ 0.        ,  0.94778811,  0.41802192, ..., -0.76566925,
         -0.8941157 , -0.92615979],
        [-0.94778811,  0.        , -0.72769821, ..., -0.85382252,
         -0.70958786, -0.65279367],
        [-0.41802192,  0.72769821,  0.        , ..., -0.96444834,
         -0.99945301, -0.99900693],
        ...,
        [ 0.76566925,  0.85382252,  0.96444834, ...,  0.        ,
         -0.23223178, -0.30698005],
        [ 0.8941157 ,  0.70958786,  0.99945301, ...,  0.23223178,
          0.        , -0.07756867],
        [ 0.92615979,  0.65279367,  0.99900693, ...,  0.30698005,
          0.07756867,  0.        ]],

       [[ 0.        ,  0.75626684,  0.83471833, ..., -0.09803185,
         -0.16607274, -0.15402324],
        [-0.75626684,  0.        ,  0.1296667 , ..., -0.81676276,
         -0.85442024, -0.84801423],
        [-0.83471833, -0.1296667 ,  0.        , ..., -0.88468162,
         -0.91457948, -0.9095749 ],
        ...,
        [ 0.09803185,  0.81676276,  0.88468162, ...,  0.        ,
         -0.06860228, -0.05641929],
        [ 0.16607274,  0.85442024,  0.91457948, ...,  0.06860228,
          0.        ,  0.01220663],
        [ 0.15402324,  0.84801423,  0.9095749 , ...,  0.05641929,
         -0.01220663,  0.        ]],

       [[ 0.        , -0.45868352,  0.31105052, ...,  0.99311661,
          0.99818902,  0.99908194],
        [ 0.45868352,  0.        ,  0.71232918, ...,  0.82875762,
          0.85939811,  0.90743396],
        [-0.31105052, -0.71232918,  0.        , ...,  0.98028474,
          0.96738364,  0.93619542],
        ...,
        [-0.99311661, -0.82875762, -0.98028474, ...,  0.        ,
         -0.05717622, -0.15956749],
        [-0.99818902, -0.85939811, -0.96738364, ...,  0.05717622,
          0.        , -0.10286283],
        [-0.99908194, -0.90743396, -0.93619542, ...,  0.15956749,
          0.10286283,  0.        ]]]), 'num': array([ 8.11382991e-01,  5.33844164e-01,  7.14385655e-05,  6.30770061e-03,
        6.44570693e-03,  6.26711052e-03,  2.37309173e-01, -8.92982068e-05,
        6.52363991e-03,  6.79478174e-03,  7.07904770e-03,  2.68566036e-05,
        7.34496545e-03,  6.24459802e-03])}
{'img': array([[[ 0.        , -0.93585665, -0.9035079 , ..., -0.61249277,
         -0.36715765, -0.        ],
        [ 0.93585665,  0.        ,  0.08270244, ..., -0.95560318,
         -0.99987459, -0.93585665],
        [ 0.9035079 , -0.08270244,  0.        , ..., -0.97669839,
         -0.99775904, -0.9035079 ],
        ...,
        [ 0.61249277,  0.95560318,  0.97669839, ...,  0.        ,
         -0.27948612, -0.61249277],
        [ 0.36715765,  0.99987459,  0.99775904, ...,  0.27948612,
          0.        , -0.36715765],
        [ 0.        ,  0.93585665,  0.9035079 , ...,  0.61249277,
          0.36715765,  0.        ]],

       [[ 0.        , -0.96252671, -0.69819696, ..., -0.0667576 ,
         -0.14790183, -0.08081463],
        [ 0.96252671,  0.        , -0.4997365 , ..., -0.94227574,
         -0.91183184, -0.93746256],
        [ 0.69819696,  0.4997365 ,  0.        , ..., -0.64884729,
         -0.58463446, -0.63805761],
        ...,
        [ 0.0667576 ,  0.94227574,  0.64884729, ...,  0.        ,
          0.08154849,  0.0140951 ],
        [ 0.14790183,  0.91183184,  0.58463446, ..., -0.08154849,
          0.        , -0.06749223],
        [ 0.08081463,  0.93746256,  0.63805761, ..., -0.0140951 ,
          0.06749223,  0.        ]],

       [[ 0.        ,  0.41803653,  0.77988344, ..., -0.67062035,
         -0.74742742, -0.9366355 ],
        [-0.41803653,  0.        ,  0.44681027, ..., -0.9193116 ,
         -0.95670549, -0.99730848],
        [-0.77988344, -0.44681027,  0.        , ..., -0.99827601,
         -0.98594381, -0.85946082],
        ...,
        [ 0.67062035,  0.9193116 ,  0.99827601, ...,  0.        ,
         -0.10891996, -0.45987491],
        [ 0.74742742,  0.95670549,  0.98594381, ...,  0.10891996,
          0.        , -0.36041975],
        [ 0.9366355 ,  0.99730848,  0.85946082, ...,  0.45987491,
          0.36041975,  0.        ]],

       ...,

       [[ 0.        , -0.72769821, -0.58777813, ..., -0.70958786,
         -0.65279367, -0.59115871],
        [ 0.72769821,  0.        ,  0.18556846, ..., -0.99945301,
         -0.99900693, -0.99240307],
        [ 0.58777813, -0.18556846,  0.        , ..., -0.98823075,
         -0.9733875 , -0.95233604],
        ...,
        [ 0.70958786,  0.99945301,  0.98823075, ...,  0.        ,
         -0.07756867, -0.15578136],
        [ 0.65279367,  0.99900693,  0.9733875 , ...,  0.07756867,
          0.        , -0.07869032],
        [ 0.59115871,  0.99240307,  0.95233604, ...,  0.15578136,
          0.07869032,  0.        ]],

       [[ 0.        ,  0.1296667 ,  0.45079456, ..., -0.85442024,
         -0.84801423, -0.93866431],
        [-0.1296667 ,  0.        ,  0.33124469, ..., -0.91457948,
         -0.9095749 , -0.97545303],
        [-0.45079456, -0.33124469,  0.        , ..., -0.9969042 ,
         -0.99587017, -0.99332632],
        ...,
        [ 0.85442024,  0.91457948,  0.9969042 , ...,  0.        ,
          0.01220663, -0.19308193],
        [ 0.84801423,  0.9095749 ,  0.99587017, ..., -0.01220663,
          0.        , -0.20504448],
        [ 0.93866431,  0.97545303,  0.99332632, ...,  0.19308193,
          0.20504448,  0.        ]],

       [[ 0.        ,  0.71232918,  0.63844118, ...,  0.85939811,
          0.90743396,  0.93728609],
        [-0.71232918,  0.        , -0.10017176, ...,  0.96738364,
          0.93619542,  0.90612023],
        [-0.63844118,  0.10017176,  0.        , ...,  0.98789294,
          0.96669487,  0.94393727],
        ...,
        [-0.85939811, -0.96738364, -0.98789294, ...,  0.        ,
         -0.10286283, -0.17968831],
        [-0.90743396, -0.93619542, -0.96669487, ...,  0.10286283,
          0.        , -0.07754657],
        [-0.93728609, -0.90612023, -0.94393727, ...,  0.17968831,
          0.07754657,  0.        ]]]), 'num': array([9.76276720e-01, 1.18588246e-01, 2.20769234e-04, 7.59016349e-03,
       7.73669175e-03, 7.53155219e-03, 1.79766722e-01, 0.00000000e+00,
       7.76599740e-03, 8.11326936e-03, 8.46705368e-03, 3.55220007e-05,
       8.74593590e-03, 7.48060281e-03])}
{'img': array([[[ 0.        ,  0.44939465, -0.44502987, ..., -0.790723  ,
         -0.44939465, -0.44939465],
        [-0.44939465,  0.        , -0.8       , ..., -0.43127145,
         -0.        , -0.        ],
        [ 0.44502987,  0.8       ,  0.        , ..., -0.98054065,
         -0.8       , -0.8       ],
        ...,
        [ 0.790723  ,  0.43127145,  0.98054065, ...,  0.        ,
         -0.43127145, -0.43127145],
        [ 0.44939465,  0.        ,  0.8       , ...,  0.43127145,
          0.        ,  0.        ],
        [ 0.44939465,  0.        ,  0.8       , ...,  0.43127145,
          0.        ,  0.        ]],

       [[ 0.        , -0.97633474, -0.98112131, ..., -0.26893604,
         -0.17655404, -0.        ],
