state_0,state_1,state_2,state_3,state_4,state_5,state_6,state_7,state_8,state_9,state_10,state_11,state_12,state_13,state_14,state_15,state_16,state_17,state_18,state_19,state_20,state_21,state_22,state_23,state_24,state_25,state_26,state_27,state_28,state_29,state_30,state_31,state_32,state_33,state_34,state_35,state_36,state_37,state_38,state_39,state_40,state_41,state_42,state_43,state_44,state_45,state_46,state_47,state_48,state_49,state_50,state_51,state_52,state_53,state_54,state_55,state_56,state_57,state_58,state_59,state_60,state_61,state_62,state_63,state_64,state_65,state_66,state_67,state_68,state_69,state_70,state_71,state_72,state_73,state_74,state_75,state_76,state_77,state_78,state_79,state_80,state_81,state_82,state_83,state_84,state_85,state_86,state_87,state_88,state_89,state_90,state_91,state_92,state_93,state_94,state_95,state_96,state_97,state_98,state_99,state_100,state_101,state_102,state_103,state_104,state_105,state_106,state_107,state_108,state_109,state_110,state_111,state_112,state_113,state_114,state_115,state_116,state_117,state_118,state_119,state_120,state_121,state_122,state_123,state_124,state_125,state_126,state_127,state_128,state_129,state_130,state_131,state_132,state_133,state_134,state_135,state_136,state_137,state_138,state_139,state_140,state_141,state_142,state_143,state_144,state_145,state_146,state_147,state_148,state_149,state_150,state_151,state_152,state_153,state_154,state_155,state_156,state_157,state_158,state_159,state_160,state_161,state_162,state_163,state_164,state_165,state_166,state_167,state_168,state_169,state_170,state_171,state_172,state_173,state_174,state_175,state_176,state_177,state_178,state_179,state_180,state_181,state_182,state_183,state_184,state_185,state_186,state_187,state_188,state_189,state_190,state_191,state_192,state_193,state_194,state_195,state_196,state_197,state_198,state_199,state_200,state_201,state_202,state_203,state_204,state_205,state_206,state_207,state_208,state_209,state_210,state_211,state_212,state_213,state_214,state_215,state_216,state_217,state_218,state_219,state_220,state_221,state_222,state_223,state_224,state_225,state_226,state_227,state_228,state_229,state_230,state_231,state_232,state_233,state_234,state_235,state_236,state_237,state_238,state_239,state_240,state_241,state_242,state_243,state_244,state_245,state_246,state_247,state_248,state_249,state_250,state_251,state_252,state_253,state_254,state_255,state_256,state_257,state_258,state_259,state_260,state_261,state_262,state_263,state_264,state_265,state_266,state_267,state_268,state_269,state_270,state_271,state_272,state_273,state_274,state_275,state_276,state_277,state_278,state_279,state_280,state_281,state_282,state_283,state_284,state_285,state_286,state_287
{'img': array([[[ 0.        ,  0.24846562,  0.41982325, ...,  0.74735838,
          0.48412292,  0.61015745],
        [-0.24846562,  0.        ,  0.18114904, ...,  0.88900756,
          0.68634859,  0.78787774],
        [-0.41982325, -0.18114904,  0.        , ...,  0.9572463 ,
          0.80673815,  0.88640013],
        ...,
        [-0.74735838, -0.88900756, -0.9572463 , ...,  0.        ,
          0.33227708,  0.18671572],
        [-0.48412292, -0.68634859, -0.80673815, ..., -0.33227708,
          0.        , -0.15032678],
        [-0.61015745, -0.78787774, -0.88640013, ..., -0.18671572,
          0.15032678,  0.        ]],

       [[ 0.        , -0.52027385, -0.22315034, ..., -0.99895014,
         -0.71293397, -0.97530745],
        [ 0.52027385,  0.        ,  0.31658437, ..., -0.876937  ,
         -0.244013  , -0.71800879],
        [ 0.22315034, -0.31658437,  0.        , ..., -0.98398332,
         -0.53847668, -0.90143104],
        ...,
        [ 0.99895014,  0.876937  ,  0.98398332, ...,  0.        ,
          0.73315495,  0.26529912],
        [ 0.71293397,  0.244013  ,  0.53847668, ..., -0.73315495,
          0.        , -0.52646344],
        [ 0.97530745,  0.71800879,  0.90143104, ..., -0.26529912,
          0.52646344,  0.        ]],

       [[ 0.        ,  0.09822872,  0.16210102, ...,  0.85882036,
          0.71075904,  0.38507431],
        [-0.09822872,  0.        ,  0.06438751, ...,  0.90498729,
          0.77641929,  0.47386591],
        [-0.16210102, -0.06438751,  0.        , ...,  0.93050235,
          0.81538628,  0.52958207],
        ...,
        [-0.85882036, -0.90498729, -0.93050235, ...,  0.        ,
          0.24001936,  0.59532826],
        [-0.71075904, -0.77641929, -0.81538628, ..., -0.24001936,
          0.        ,  0.38507431],
        [-0.38507431, -0.47386591, -0.52958207, ..., -0.59532826,
         -0.38507431,  0.        ]],

       ...,

       [[ 0.        ,  0.03794512,  0.14184613, ...,  0.10706369,
          0.14346276,  0.09638636],
        [-0.03794512,  0.        ,  0.10418253, ...,  0.06925957,
          0.10580684,  0.0585485 ],
        [-0.14184613, -0.10418253,  0.        , ..., -0.03504968,
          0.00163333, -0.04577392],
        ...,
        [-0.10706369, -0.06925957,  0.03504968, ...,  0.        ,
          0.03668197, -0.01073285],
        [-0.14346276, -0.10580684, -0.00163333, ..., -0.03668197,
          0.        , -0.04740548],
        [-0.09638636, -0.0585485 ,  0.04577392, ...,  0.01073285,
          0.04740548,  0.        ]],

       [[ 0.        ,  0.3749126 ,  0.54879338, ...,  0.46265553,
          0.29866083,  0.        ],
        [-0.3749126 ,  0.        ,  0.19535327, ...,  0.76128383,
          0.6346779 ,  0.3749126 ],
        [-0.54879338, -0.19535327,  0.        , ...,  0.87328686,
          0.773414  ,  0.54879338],
        ...,
        [-0.46265553, -0.76128383, -0.87328686, ...,  0.        ,
          0.17676539,  0.46265553],
        [-0.29866083, -0.6346779 , -0.773414  , ..., -0.17676539,
          0.        ,  0.29866083],
        [-0.        , -0.3749126 , -0.54879338, ..., -0.46265553,
         -0.29866083,  0.        ]],

       [[ 0.        ,  0.09128456,  0.14173686, ...,  0.35458946,
          0.30638679,  0.        ],
        [-0.09128456,  0.        ,  0.0507821 , ...,  0.43846208,
          0.392002  ,  0.09128456],
        [-0.14173686, -0.0507821 ,  0.        , ...,  0.48353675,
          0.43821395,  0.14173686],
        ...,
        [-0.35458946, -0.43846208, -0.48353675, ...,  0.        ,
          0.05105781,  0.35458946],
        [-0.30638679, -0.392002  , -0.43821395, ..., -0.05105781,
          0.        ,  0.30638679],
        [-0.        , -0.09128456, -0.14173686, ..., -0.35458946,
         -0.30638679,  0.        ]]]), 'num': array([7.95176376e-01, 6.06061743e-01, 4.78771224e-06, 4.62382967e-04,
       4.62382967e-04, 4.54188838e-04, 1.95472341e-02, 1.75588468e-06,
       4.60392964e-04, 4.42131764e-04, 4.07004315e-04, 8.40423439e-07,
       4.72716208e-04, 4.11547319e-04])}
{'img': array([[[ 0.        ,  0.17993502,  0.10879515, ...,  0.82169552,
          0.8480854 ,  0.68308693],
        [-0.17993502,  0.        , -0.07184752, ...,  0.91083399,
          0.92958366,  0.80335114],
        [-0.10879515,  0.07184752,  0.        , ...,  0.87882335,
          0.90069748,  0.75848939],
        ...,
        [-0.82169552, -0.91083399, -0.87882335, ...,  0.        ,
         -0.04796331,  0.2108052 ],
        [-0.8480854 , -0.92958366, -0.90069748, ...,  0.04796331,
          0.        ,  0.25744807],
        [-0.68308693, -0.80335114, -0.75848939, ..., -0.2108052 ,
         -0.25744807,  0.        ]],

       [[ 0.        ,  0.31658437,  0.60777861, ..., -0.244013  ,
         -0.71800879, -0.90454638],
        [-0.31658437,  0.        ,  0.32511541, ..., -0.53847668,
         -0.90143104, -0.99300419],
        [-0.60777861, -0.32511541,  0.        , ..., -0.78317897,
         -0.99321006, -0.97744793],
        ...,
        [ 0.244013  ,  0.53847668,  0.78317897, ...,  0.        ,
         -0.52646344, -0.77316261],
        [ 0.71800879,  0.90143104,  0.99321006, ...,  0.52646344,
          0.        , -0.32345389],
        [ 0.90454638,  0.99300419,  0.97744793, ...,  0.77316261,
          0.32345389,  0.        ]],

       [[ 0.        ,  0.06413171,  0.09596135, ...,  0.79716319,
          0.61639144,  0.47221859],
        [-0.06413171,  0.        ,  0.03192806, ...,  0.8342426 ,
          0.66562243,  0.52777742],
        [-0.09596135, -0.03192806,  0.        , ...,  0.85142233,
          0.68911063,  0.55462748],
        ...,
        [-0.79716319, -0.8342426 , -0.85142233, ...,  0.        ,
          0.2555632 ,  0.41757605],
        [-0.61639144, -0.66562243, -0.68911063, ..., -0.2555632 ,
          0.        ,  0.17149388],
        [-0.47221859, -0.52777742, -0.55462748, ..., -0.41757605,
         -0.17149388,  0.        ]],

       ...,

       [[ 0.        ,  0.10418253,  0.25744596, ...,  0.10580684,
          0.0585485 ,  0.23100166],
        [-0.10418253,  0.        ,  0.15537417, ...,  0.00163333,
         -0.04577392,  0.12837985],
        [-0.25744596, -0.15537417,  0.        , ..., -0.15376047,
         -0.20042934, -0.02726769],
        ...,
        [-0.10580684, -0.00163333,  0.15376047, ...,  0.        ,
         -0.04740548,  0.12675986],
        [-0.0585485 ,  0.04577392,  0.20042934, ...,  0.04740548,
          0.        ,  0.17364044],
        [-0.23100166, -0.12837985,  0.02726769, ..., -0.12675986,
         -0.17364044,  0.        ]],

       [[ 0.        ,  0.42002643,  0.52522976, ...,  0.41451432,
          0.29213256,  0.        ],
        [-0.42002643,  0.        ,  0.11922637, ...,  0.75841869,
          0.66681774,  0.42002643],
        [-0.52522976, -0.11922637,  0.        , ...,  0.83071685,
          0.75091137,  0.52522976],
        ...,
        [-0.41451432, -0.75841869, -0.83071685, ...,  0.        ,
          0.13057917,  0.41451432],
        [-0.29213256, -0.66681774, -0.75091137, ..., -0.13057917,
          0.        ,  0.29213256],
        [-0.        , -0.42002643, -0.52522976, ..., -0.41451432,
         -0.29213256,  0.        ]],

       [[ 0.        ,  0.107414  ,  0.31659252, ...,  0.42886996,
          0.31114129,  0.        ],
        [-0.107414  ,  0.        ,  0.21287204, ...,  0.52342287,
          0.41142351,  0.107414  ],
        [-0.31659252, -0.21287204,  0.        , ...,  0.69280859,
          0.59601472,  0.31659252],
        ...,
        [-0.42886996, -0.52342287, -0.69280859, ...,  0.        ,
          0.12650789,  0.42886996],
        [-0.31114129, -0.41142351, -0.59601472, ..., -0.12650789,
          0.        ,  0.31114129],
        [-0.        , -0.107414  , -0.31659252, ..., -0.42886996,
         -0.31114129,  0.        ]]]), 'num': array([7.24549822e-01, 6.78509567e-01, 1.11883974e-06, 1.24433123e-03,
       1.24433123e-03, 1.18385340e-03, 1.21001157e-01, 4.98942048e-05,
       1.20078719e-03, 1.15036381e-03, 1.05609400e-03, 2.27641247e-06,
       1.23566367e-03, 1.06506394e-03])}
{'img': array([[[ 0.        , -0.06483646,  0.08502122, ...,  0.99124305,
          0.99558679,  0.75234634],
        [ 0.06483646,  0.        ,  0.14944403, ...,  0.99771904,
          0.99957658,  0.70805116],
        [-0.08502122, -0.14944403,  0.        , ...,  0.97642684,
          0.98400306,  0.80563144],
        ...,
        [-0.99124305, -0.99771904, -0.97642684, ...,  0.        ,
          0.03844373,  0.75234634],
        [-0.99558679, -0.99957658, -0.98400306, ..., -0.03844373,
          0.        ,  0.72646469],
        [-0.75234634, -0.70805116, -0.80563144, ..., -0.75234634,
         -0.72646469,  0.        ]],

       [[ 0.        ,  0.32511541, -0.54666897, ..., -0.90143104,
         -0.99300419, -0.23708828],
        [-0.32511541,  0.        , -0.78920583, ..., -0.99321006,
         -0.97744793, -0.54005406],
        [ 0.54666897,  0.78920583,  0.        , ..., -0.5181468 ,
         -0.76694069,  0.33255682],
        ...,
        [ 0.90143104,  0.99321006,  0.5181468 , ...,  0.        ,
         -0.32345389,  0.77308864],
        [ 0.99300419,  0.97744793,  0.76694069, ...,  0.32345389,
          0.        ,  0.93669659],
        [ 0.23708828,  0.54005406, -0.33255682, ..., -0.77308864,
         -0.93669659,  0.        ]],

       [[ 0.        ,  0.03114446,  0.08923505, ...,  0.84290887,
          0.82469341,  0.51675707],
        [-0.03114446,  0.        ,  0.05817155, ...,  0.85925745,
          0.84190803,  0.54317016],
        [-0.08923505, -0.05817155,  0.        , ...,  0.88755966,
          0.87187294,  0.59109251],
        ...,
        [-0.84290887, -0.85925745, -0.88755966, ...,  0.        ,
          0.0330009 ,  0.4435969 ],
        [-0.82469341, -0.84190803, -0.87187294, ..., -0.0330009 ,
          0.        ,  0.41377901],
        [-0.51675707, -0.54317016, -0.59109251, ..., -0.4435969 ,
         -0.41377901,  0.        ]],

       ...,

       [[ 0.        ,  0.15537417,  0.13943657, ..., -0.04577392,
          0.12837985,  0.29948423],
        [-0.15537417,  0.        , -0.01611311, ..., -0.20042934,
         -0.02726769,  0.14760451],
        [-0.13943657,  0.01611311,  0.        , ..., -0.18461717,
         -0.01115703,  0.16352197],
        ...,
        [ 0.04577392,  0.20042934,  0.18461717, ...,  0.        ,
          0.17364044,  0.34284328],
        [-0.12837985,  0.02726769,  0.01115703, ..., -0.17364044,
          0.        ,  0.17451865],
        [-0.29948423, -0.14760451, -0.16352197, ..., -0.34284328,
         -0.17451865,  0.        ]],

       [[ 0.        ,  0.32922368,  0.45978684, ...,  0.54657383,
          0.474207  ,  0.        ],
        [-0.32922368,  0.        ,  0.14179435, ...,  0.79179891,
          0.73762382,  0.32922368],
        [-0.45978684, -0.14179435,  0.        , ...,  0.8704041 ,
          0.8259122 ,  0.45978684],
        ...,
        [-0.54657383, -0.79179891, -0.8704041 , ...,  0.        ,
          0.08410479,  0.54657383],
        [-0.474207  , -0.73762382, -0.8259122 , ..., -0.08410479,
          0.        ,  0.474207  ],
        [-0.        , -0.32922368, -0.45978684, ..., -0.54657383,
         -0.474207  ,  0.        ]],

       [[ 0.        ,  0.29797133,  0.46755344, ...,  0.35495079,
          0.17664906,  0.        ],
        [-0.29797133,  0.        ,  0.18291857, ...,  0.61739602,
          0.46191016,  0.29797133],
        [-0.46755344, -0.18291857,  0.        , ...,  0.7508727 ,
          0.6163522 ,  0.46755344],
        ...,
        [-0.35495079, -0.61739602, -0.7508727 , ...,  0.        ,
          0.18422224,  0.35495079],
        [-0.17664906, -0.46191016, -0.6163522 , ..., -0.18422224,
          0.        ,  0.17664906],
        [-0.        , -0.29797133, -0.46755344, ..., -0.35495079,
         -0.17664906,  0.        ]]]), 'num': array([7.04735725e-01, 6.98676375e-01, 1.47071607e-07, 1.21187004e-03,
       1.23540150e-03, 1.20451646e-03, 1.23240241e-01, 1.47071607e-06,
       1.18010257e-03, 1.12627436e-03, 1.03160927e-03, 2.14252464e-06,
       1.21482857e-03, 1.03772016e-03])}
{'img': array([[[ 0.        ,  0.14901978, -0.08360515, ...,  0.99927651,
          0.79695904,  0.70666612],
        [-0.14901978,  0.        , -0.23116968, ...,  0.98245126,
          0.87807329,  0.80421416],
        [ 0.08360515,  0.23116968,  0.        , ...,  0.9989577 ,
          0.74366856,  0.64503747],
        ...,
        [-0.99927651, -0.98245126, -0.9989577 , ...,  0.        ,
          0.63390644,  0.73391133],
        [-0.79695904, -0.87807329, -0.74366856, ..., -0.63390644,
          0.        ,  0.13703622],
        [-0.70666612, -0.80421416, -0.64503747, ..., -0.73391133,
         -0.13703622,  0.        ]],

       [[ 0.        , -0.78920583, -0.92870898, ..., -0.97744793,
         -0.54005406, -0.47269916],
        [ 0.78920583,  0.        , -0.27770196, ..., -0.76694069,
          0.33255682,  0.40516885],
        [ 0.92870898,  0.27770196,  0.        , ..., -0.55856848,
          0.58137252,  0.64311922],
        ...,
        [ 0.97744793,  0.76694069,  0.55856848, ...,  0.        ,
          0.93669659,  0.96117343],
        [ 0.54005406, -0.33255682, -0.58137252, ..., -0.93669659,
          0.        ,  0.07807058],
        [ 0.47269916, -0.40516885, -0.64311922, ..., -0.96117343,
         -0.07807058,  0.        ]],

       [[ 0.        ,  0.05668937,  0.10900812, ...,  0.91912282,
          0.83784508,  0.53156242],
        [-0.05668937,  0.        ,  0.05248126, ...,  0.93997873,
          0.8674449 ,  0.57872458],
        [-0.10900812, -0.05248126,  0.        , ...,  0.95659169,
          0.89236066,  0.62072673],
        ...,
        [-0.91912282, -0.93997873, -0.95659169, ...,  0.        ,
          0.1716698 ,  0.56909437],
        [-0.83784508, -0.8674449 , -0.89236066, ..., -0.1716698 ,
          0.        ,  0.4194866 ],
        [-0.53156242, -0.57872458, -0.62072673, ..., -0.56909437,
         -0.4194866 ,  0.        ]],

       ...,

       [[ 0.        , -0.01611311, -0.49585833, ..., -0.02726769,
          0.14760451,  0.02398935],
        [ 0.01611311,  0.        , -0.48180127, ..., -0.01115703,
          0.16352197,  0.04009471],
        [ 0.49585833,  0.48180127,  0.        , ...,  0.47199459,
          0.61860719,  0.51654806],
        ...,
        [ 0.02726769,  0.01115703, -0.47199459, ...,  0.        ,
          0.17451865,  0.05124027],
        [-0.14760451, -0.16352197, -0.61860719, ..., -0.17451865,
          0.        , -0.12383546],
        [-0.02398935, -0.04009471, -0.51654806, ..., -0.05124027,
          0.12383546,  0.        ]],

       [[ 0.        ,  0.32640563,  0.3953616 , ...,  0.6288492 ,
          0.44801801,  0.        ],
        [-0.32640563,  0.        ,  0.07389565, ...,  0.84819628,
          0.71529461,  0.32640563],
        [-0.3953616 , -0.07389565,  0.        , ...,  0.88501849,
          0.76497896,  0.3953616 ],
        ...,
        [-0.6288492 , -0.84819628, -0.88501849, ...,  0.        ,
          0.21386038,  0.6288492 ],
        [-0.44801801, -0.71529461, -0.76497896, ..., -0.21386038,
          0.        ,  0.44801801],
        [-0.        , -0.32640563, -0.3953616 , ..., -0.6288492 ,
         -0.44801801,  0.        ]],

       [[ 0.        ,  0.37191438,  0.48196176, ...,  0.24436502,
          0.16874629,  0.        ],
        [-0.37191438,  0.        ,  0.12152072, ...,  0.58747516,
          0.52322257,  0.37191438],
        [-0.48196176, -0.12152072,  0.        , ...,  0.68146101,
          0.62290439,  0.48196176],
        ...,
        [-0.24436502, -0.58747516, -0.68146101, ...,  0.        ,
          0.07723025,  0.24436502],
        [-0.16874629, -0.52322257, -0.62290439, ..., -0.07723025,
          0.        ,  0.16874629],
        [-0.        , -0.37191438, -0.48196176, ..., -0.24436502,
         -0.16874629,  0.        ]]]), 'num': array([ 7.05192952e-01,  6.99275603e-01,  1.47197744e-07,  1.18346986e-03,
        1.19966162e-03,  1.18199789e-03,  1.17072401e-01, -2.94395489e-05,
        1.18582503e-03,  1.13305464e-03,  1.03644385e-03,  1.84852981e-06,
        1.22041064e-03,  1.04569864e-03])}
{'img': array([[[ 0.        , -0.23116968, -0.80421416, ...,  0.87807329,
          0.80421416,  0.99992733],
        [ 0.23116968,  0.        , -0.64503747, ...,  0.74366856,
          0.64503747,  0.97005589],
        [ 0.80421416,  0.64503747,  0.        , ...,  0.13703622,
          0.        ,  0.58460126],
        ...,
        [-0.87807329, -0.74366856, -0.13703622, ...,  0.        ,
          0.13703622, -0.46790583],
        [-0.80421416, -0.64503747, -0.        , ..., -0.13703622,
          0.        , -0.58460126],
        [-0.99992733, -0.97005589, -0.58460126, ...,  0.46790583,
          0.58460126,  0.        ]],

       [[ 0.        , -0.27770196,  0.95669218, ...,  0.33255682,
          0.40516885,  0.32286094],
        [ 0.27770196,  0.        ,  0.83822341, ...,  0.58137252,
          0.64311922,  0.57299197],
        [-0.95669218, -0.83822341,  0.        , ..., -0.99904813,
         -0.99259331, -0.99944318],
        ...,
        [-0.33255682, -0.58137252,  0.99904813, ...,  0.        ,
          0.07807058, -0.01026247],
        [-0.40516885, -0.64311922,  0.99259331, ..., -0.07807058,
          0.        , -0.08829761],
        [-0.32286094, -0.57299197,  0.99944318, ...,  0.01026247,
          0.08829761,  0.        ]],

       [[ 0.        ,  0.0519647 , -0.03961347, ...,  0.89960306,
          0.76960645,  0.57410094],
        [-0.0519647 ,  0.        , -0.09148386, ...,  0.92108105,
          0.80174707,  0.61587318],
        [ 0.03961347,  0.09148386,  0.        , ...,  0.8815974 ,
          0.74370843,  0.54121542],
        ...,
        [-0.89960306, -0.92108105, -0.8815974 , ...,  0.        ,
          0.23831953,  0.48586629],
        [-0.76960645, -0.80174707, -0.74370843, ..., -0.23831953,
          0.        ,  0.26356776],
        [-0.57410094, -0.61587318, -0.54121542, ..., -0.48586629,
         -0.26356776,  0.        ]],

       ...,

       [[ 0.        , -0.48180127, -0.72375091, ...,  0.16352197,
          0.04009471, -0.41992925],
        [ 0.48180127,  0.        , -0.3017364 , ...,  0.61860719,
          0.51654806,  0.06928623],
        [ 0.72375091,  0.3017364 ,  0.        , ...,  0.82684919,
          0.75083674,  0.36706817],
        ...,
        [-0.16352197, -0.61860719, -0.82684919, ...,  0.        ,
         -0.12383546, -0.56268235],
        [-0.04009471, -0.51654806, -0.75083674, ...,  0.12383546,
          0.        , -0.4559798 ],
        [ 0.41992925, -0.06928623, -0.36706817, ...,  0.56268235,
          0.4559798 ,  0.        ]],

       [[ 0.        ,  0.12010956,  0.07271807, ...,  0.64930542,
          0.42467969,  0.16331305],
        [-0.12010956,  0.        , -0.04759994, ...,  0.73595152,
          0.53034571,  0.28062777],
        [-0.07271807,  0.04759994,  0.        , ...,  0.70289052,
          0.48939021,  0.23462246],
        ...,
        [-0.64930542, -0.73595152, -0.70289052, ...,  0.        ,
          0.26486386,  0.51638393],
        [-0.42467969, -0.53034571, -0.48939021, ..., -0.26486386,
          0.        ,  0.27112364],
        [-0.16331305, -0.28062777, -0.23462246, ..., -0.51638393,
         -0.27112364,  0.        ]],

       [[ 0.        ,  0.31942518,  0.46783692, ...,  0.37885366,
          0.34149536,  0.        ],
        [-0.31942518,  0.        ,  0.16101494, ...,  0.65462022,
          0.62382737,  0.31942518],
        [-0.46783692, -0.16101494,  0.        , ...,  0.76779924,
          0.74153083,  0.46783692],
        ...,
        [-0.37885366, -0.65462022, -0.76779924, ...,  0.        ,
          0.04003916,  0.37885366],
        [-0.34149536, -0.62382737, -0.74153083, ..., -0.04003916,
          0.        ,  0.34149536],
        [-0.        , -0.31942518, -0.46783692, ..., -0.37885366,
         -0.34149536,  0.        ]]]), 'num': array([7.04526052e-01, 7.00978980e-01, 8.82356063e-08, 1.18235712e-03,
       1.20441603e-03, 1.16471000e-03, 1.10729009e-01, 0.00000000e+00,
       1.18971009e-03, 1.13772461e-03, 1.03912132e-03, 1.86851872e-06,
       1.22236886e-03, 1.05308037e-03])}
{'img': array([[[ 0.        , -0.64503747, -0.53423585, ...,  0.64503747,
          0.97005589,  0.97005589],
        [ 0.64503747,  0.        ,  0.13703622, ...,  0.        ,
          0.58460126,  0.58460126],
        [ 0.53423585, -0.13703622,  0.        , ...,  0.13703622,
          0.69026648,  0.69026648],
        ...,
        [-0.64503747, -0.        , -0.13703622, ...,  0.        ,
         -0.58460126, -0.58460126],
        [-0.97005589, -0.58460126, -0.69026648, ...,  0.58460126,
          0.        ,  0.        ],
        [-0.97005589, -0.58460126, -0.69026648, ...,  0.58460126,
          0.        ,  0.        ]],

       [[ 0.        ,  0.83822341,  0.06660892, ...,  0.64311922,
          0.57299197,  0.49903383],
        [-0.83822341,  0.        , -0.87268549, ..., -0.99259331,
         -0.99944318, -0.99852635],
        [-0.06660892,  0.87268549,  0.        , ...,  0.5906841 ,
          0.51712938,  0.44020343],
        ...,
        [-0.64311922,  0.99259331, -0.5906841 , ...,  0.        ,
         -0.08829761, -0.1751727 ],
        [-0.57299197,  0.99944318, -0.51712938, ...,  0.08829761,
          0.        , -0.08755617],
        [-0.49903383,  0.99852635, -0.44020343, ...,  0.1751727 ,
          0.08755617,  0.        ]],

       [[ 0.        , -0.09055396, -0.25102276, ...,  0.86128066,
          0.80134022,  0.61083613],
        [ 0.09055396,  0.        , -0.16233691, ...,  0.81172899,
          0.74387778,  0.5366298 ],
        [ 0.25102276,  0.16233691,  0.        , ...,  0.70615139,
          0.62551822,  0.39252884],
        ...,
        [-0.86128066, -0.81172899, -0.70615139, ...,  0.        ,
          0.10804109,  0.37154115],
        [-0.80134022, -0.74387778, -0.62551822, ..., -0.10804109,
          0.        ,  0.26905919],
        [-0.61083613, -0.5366298 , -0.39252884, ..., -0.37154115,
         -0.26905919,  0.        ]],

       ...,

       [[ 0.        , -0.3017364 , -0.08927162, ...,  0.51654806,
          0.06928623,  0.10351882],
        [ 0.3017364 ,  0.        ,  0.21542087, ...,  0.75083674,
          0.36706817,  0.39880928],
        [ 0.08927162, -0.21542087,  0.        , ...,  0.5909252 ,
          0.15806667,  0.19189751],
        ...,
        [-0.51654806, -0.75083674, -0.5909252 , ...,  0.        ,
         -0.4559798 , -0.42513406],
        [-0.06928623, -0.36706817, -0.15806667, ...,  0.4559798 ,
          0.        ,  0.03435606],
        [-0.10351882, -0.39880928, -0.19189751, ...,  0.42513406,
         -0.03435606,  0.        ]],

       [[ 0.        , -0.04729273, -0.07686159, ...,  0.59517363,
          0.48655681,  0.27888187],
        [ 0.04729273,  0.        , -0.02962276, ...,  0.55650336,
          0.44469515,  0.23315341],
        [ 0.07686159,  0.02962276,  0.        , ...,  0.53164721,
          0.41796742,  0.20424473],
        ...,
        [-0.59517363, -0.55650336, -0.53164721, ...,  0.        ,
          0.12897714,  0.34745169],
        [-0.48655681, -0.44469515, -0.41796742, ..., -0.12897714,
          0.        ,  0.22360803],
        [-0.27888187, -0.23315341, -0.20424473, ..., -0.34745169,
         -0.22360803,  0.        ]],

       [[ 0.        ,  0.34988732,  0.45734169, ...,  0.49290329,
          0.36845368,  0.        ],
        [-0.34988732,  0.        ,  0.11728227, ...,  0.76617916,
          0.67043577,  0.34988732],
        [-0.45734169, -0.11728227,  0.        , ...,  0.83626022,
          0.75282848,  0.45734169],
        ...,
        [-0.49290329, -0.76617916, -0.83626022, ...,  0.        ,
          0.13763993,  0.49290329],
        [-0.36845368, -0.67043577, -0.75282848, ..., -0.13763993,
          0.        ,  0.36845368],
        [-0.        , -0.34988732, -0.45734169, ..., -0.49290329,
         -0.36845368,  0.        ]]]), 'num': array([7.04271085e-01, 7.01813464e-01, 5.87947545e-08, 1.22881037e-03,
       1.22881037e-03, 1.20529247e-03, 1.07000662e-01, 4.70358036e-05,
       1.20264670e-03, 1.14502784e-03, 1.04348440e-03, 1.95982515e-06,
       1.23294026e-03, 1.05711543e-03])}
{'img': array([[[ 0.        ,  0.133332  ,  0.39275567, ...,  0.69985421,
          0.69985421,  0.        ],
        [-0.133332  ,  0.        ,  0.2666311 , ...,  0.78884266,
          0.78884266,  0.133332  ],
        [-0.39275567, -0.2666311 ,  0.        , ...,  0.92415569,
          0.92415569,  0.39275567],
        ...,
        [-0.69985421, -0.78884266, -0.92415569, ...,  0.        ,
          0.        ,  0.69985421],
        [-0.69985421, -0.78884266, -0.92415569, ...,  0.        ,
          0.        ,  0.69985421],
        [-0.        , -0.133332  , -0.39275567, ..., -0.69985421,
         -0.69985421,  0.        ]],

       [[ 0.        , -0.87268549, -0.79355465, ..., -0.99944318,
         -0.99852635, -0.99437198],
        [ 0.87268549,  0.        , -0.14354921, ...,  0.51712938,
          0.44020343,  0.39307795],
        [ 0.79355465,  0.14354921,  0.        , ...,  0.63463837,
          0.56453688,  0.52100115],
        ...,
        [ 0.99944318, -0.51712938, -0.63463837, ...,  0.        ,
         -0.08755617, -0.13906486],
        [ 0.99852635, -0.44020343, -0.56453688, ...,  0.08755617,
          0.        , -0.05182538],
        [ 0.99437198, -0.39307795, -0.52100115, ...,  0.13906486,
          0.05182538,  0.        ]],

       [[ 0.        , -0.15823578, -0.29823307, ...,  0.87642271,
          0.83710363,  0.52477712],
        [ 0.15823578,  0.        , -0.14344079, ...,  0.78918371,
          0.73999527,  0.38346907],
        [ 0.29823307,  0.14344079,  0.        , ...,  0.69292749,
          0.6358629 ,  0.2470283 ],
        ...,
        [-0.87642271, -0.78918371, -0.69292749, ...,  0.        ,
          0.07634107,  0.49334326],
        [-0.83710363, -0.73999527, -0.6358629 , ..., -0.07634107,
          0.        ,  0.42549946],
        [-0.52477712, -0.38346907, -0.2470283 , ..., -0.49334326,
         -0.42549946,  0.        ]],

       ...,

       [[ 0.        ,  0.21542087,  0.05640973, ...,  0.36706817,
          0.39880928,  0.52748192],
        [-0.21542087,  0.        , -0.15999256, ...,  0.15806667,
          0.19189751,  0.33208303],
        [-0.05640973,  0.15999256,  0.        , ...,  0.31401169,
          0.34644462,  0.47871821],
        ...,
        [-0.36706817, -0.15806667, -0.31401169, ...,  0.        ,
          0.03435606,  0.17881181],
        [-0.39880928, -0.19189751, -0.34644462, ..., -0.03435606,
          0.        ,  0.14490389],
        [-0.52748192, -0.33208303, -0.47871821, ..., -0.17881181,
         -0.14490389,  0.        ]],

       [[ 0.        , -0.02896244, -0.05646275, ...,  0.64925064,
          0.60578266,  0.22808513],
        [ 0.02896244,  0.        , -0.02752283, ...,  0.62695018,
          0.58248515,  0.19979042],
        [ 0.05646275,  0.02752283,  0.        , ...,  0.60527076,
          0.5598928 ,  0.17274681],
        ...,
        [-0.64925064, -0.62695018, -0.60527076, ...,  0.        ,
          0.05582053,  0.45866143],
        [-0.60578266, -0.58248515, -0.5598928 , ..., -0.05582053,
          0.        ,  0.40834355],
        [-0.22808513, -0.19979042, -0.17274681, ..., -0.45866143,
         -0.40834355,  0.        ]],

       [[ 0.        ,  0.30640665,  0.44616566, ...,  0.45604503,
          0.27586246,  0.        ],
        [-0.30640665,  0.        ,  0.15048666, ...,  0.70679824,
          0.55711086,  0.30640665],
        [-0.44616566, -0.15048666,  0.        , ...,  0.80520579,
          0.67573636,  0.44616566],
        ...,
        [-0.45604503, -0.70679824, -0.80520579, ...,  0.        ,
          0.19284352,  0.45604503],
        [-0.27586246, -0.55711086, -0.67573636, ..., -0.19284352,
          0.        ,  0.27586246],
        [-0.        , -0.30640665, -0.44616566, ..., -0.45604503,
         -0.27586246,  0.        ]]]), 'num': array([9.54145022e-01, 2.44734875e-01, 1.66528204e-05, 1.67313714e-03,
       1.68688357e-03, 1.61815141e-03, 1.72313959e-01, 3.14204158e-05,
       1.61815141e-03, 1.54254604e-03, 1.40197241e-03, 2.69146962e-06,
       1.66398617e-03, 1.42110590e-03])}
{'img': array([[[ 0.        ,  0.35973532,  0.63311399, ...,  0.8012525 ,
          0.49985555,  0.        ],
        [-0.35973532,  0.        ,  0.31227358, ...,  0.96285129,
          0.77796234,  0.35973532],
        [-0.63311399, -0.31227358,  0.        , ...,  0.99902516,
          0.93526306,  0.63311399],
        ...,
        [-0.8012525 , -0.96285129, -0.99902516, ...,  0.        ,
          0.39489508,  0.8012525 ],
        [-0.49985555, -0.77796234, -0.93526306, ..., -0.39489508,
          0.        ,  0.49985555],
        [-0.        , -0.35973532, -0.63311399, ..., -0.8012525 ,
         -0.49985555,  0.        ]],

       [[ 0.        , -0.16839789,  0.6088177 , ...,  0.53160298,
          0.47401962,  0.79234755],
        [ 0.16839789,  0.        ,  0.73371499, ...,  0.66664316,
          0.61552694,  0.88376661],
        [-0.6088177 , -0.73371499,  0.        , ..., -0.09393869,
         -0.16002809,  0.25715597],
        ...,
        [-0.53160298, -0.66664316,  0.09393869, ...,  0.        ,
         -0.0665924 ,  0.34679834],
        [-0.47401962, -0.61552694,  0.16002809, ...,  0.0665924 ,
          0.        ,  0.40848819],
        [-0.79234755, -0.88376661, -0.25715597, ..., -0.34679834,
         -0.40848819,  0.        ]],

       [[ 0.        , -0.1412988 , -0.37806922, ...,  0.80954525,
          0.66723113,  0.37806922],
        [ 0.1412988 ,  0.        , -0.24346482, ...,  0.71847256,
          0.55529028,  0.24346482],
        [ 0.37806922,  0.24346482,  0.        , ...,  0.52751028,
          0.33610232,  0.        ],
        ...,
        [-0.80954525, -0.71847256, -0.52751028, ...,  0.        ,
          0.21128735,  0.52751028],
        [-0.66723113, -0.55529028, -0.33610232, ..., -0.21128735,
          0.        ,  0.33610232],
        [-0.37806922, -0.24346482, -0.        , ..., -0.52751028,
         -0.33610232,  0.        ]],

       ...,

       [[ 0.        , -0.15999256,  0.14466667, ...,  0.19189751,
          0.33208303,  0.41257387],
        [ 0.15999256,  0.        ,  0.30111262, ...,  0.34644462,
          0.47871821,  0.55300027],
        [-0.14466667, -0.30111262,  0.        , ...,  0.0479008 ,
          0.1921328 ,  0.27645341],
        ...,
        [-0.19189751, -0.34644462, -0.0479008 , ...,  0.        ,
          0.14490389,  0.23010209],
        [-0.33208303, -0.47871821, -0.1921328 , ..., -0.14490389,
          0.        ,  0.08665792],
        [-0.41257387, -0.55300027, -0.27645341, ..., -0.23010209,
         -0.08665792,  0.        ]],

       [[ 0.        , -0.0268681 , -0.1273045 , ...,  0.71693067,
          0.59050849,  0.19512307],
        [ 0.0268681 ,  0.        , -0.10060905, ...,  0.69794091,
          0.56861191,  0.16870097],
        [ 0.1273045 ,  0.10060905,  0.        , ...,  0.62234787,
          0.48296519,  0.06867794],
        ...,
        [-0.71693067, -0.69794091, -0.62234787, ...,  0.        ,
          0.16691586,  0.56712141],
        [-0.59050849, -0.56861191, -0.48296519, ..., -0.16691586,
          0.        ,  0.42168774],
        [-0.19512307, -0.16870097, -0.06867794, ..., -0.56712141,
         -0.42168774,  0.        ]],

       [[ 0.        ,  0.33201766,  0.54483548, ...,  0.42415354,
          0.32925541,  0.        ],
        [-0.33201766,  0.        ,  0.23551762, ...,  0.70076462,
          0.62408245,  0.33201766],
        [-0.54483548, -0.23551762,  0.        , ...,  0.84906869,
          0.79055075,  0.54483548],
        ...,
        [-0.42415354, -0.70076462, -0.84906869, ...,  0.        ,
          0.10233262,  0.42415354],
        [-0.32925541, -0.62408245, -0.79055075, ..., -0.10233262,
          0.        ,  0.32925541],
        [-0.        , -0.33201766, -0.54483548, ..., -0.42415354,
         -0.32925541,  0.        ]]]), 'num': array([ 8.70652182e-01,  4.81399634e-01,  9.14812100e-06,  1.52648058e-03,
        1.54800557e-03,  1.52109933e-03,  1.01005875e-01, -1.79374921e-06,
        1.48773560e-03,  1.41957313e-03,  1.28770267e-03,  3.04598923e-06,
        1.53290288e-03,  1.30624338e-03])}
{'img': array([[[ 0.        ,  0.54949374,  0.54949374, ...,  0.50780531,
          0.        ,  0.1313052 ],
        [-0.54949374,  0.        ,  0.        , ...,  0.89764363,
          0.54949374,  0.65444143],
        [-0.54949374,  0.        ,  0.        , ...,  0.89764363,
          0.54949374,  0.65444143],
        ...,
        [-0.50780531, -0.89764363, -0.89764363, ...,  0.        ,
          0.50780531,  0.39029299],
        [-0.        , -0.54949374, -0.54949374, ..., -0.50780531,
          0.        , -0.1313052 ],
        [-0.1313052 , -0.65444143, -0.65444143, ..., -0.39029299,
          0.1313052 ,  0.        ]],

       [[ 0.        ,  0.73371499,  0.05927307, ...,  0.61552694,
          0.88376661,  0.22302787],
        [-0.73371499,  0.        , -0.69215145, ..., -0.16002809,
          0.25715597, -0.56369629],
        [-0.05927307,  0.69215145,  0.        , ...,  0.56773068,
          0.85447725,  0.16485564],
        ...,
        [-0.61552694,  0.16002809, -0.56773068, ...,  0.        ,
          0.40848819, -0.42425129],
        [-0.88376661, -0.25715597, -0.85447725, ..., -0.40848819,
          0.        , -0.75714537],
        [-0.22302787,  0.56369629, -0.16485564, ...,  0.42425129,
          0.75714537,  0.        ]],

       [[ 0.        , -0.24028201, -0.13394645, ...,  0.65541725,
          0.53867215,  0.24028201],
        [ 0.24028201,  0.        ,  0.10809449, ...,  0.45473851,
          0.32044943,  0.        ],
        [ 0.13394645, -0.10809449,  0.        , ...,  0.54834567,
          0.42096598,  0.10809449],
        ...,
        [-0.65541725, -0.45473851, -0.54834567, ...,  0.        ,
          0.14535788,  0.45473851],
        [-0.53867215, -0.32044943, -0.42096598, ..., -0.14535788,
          0.        ,  0.32044943],
        [-0.24028201, -0.        , -0.10809449, ..., -0.45473851,
         -0.32044943,  0.        ]],

       ...,

       [[ 0.        ,  0.30111262,  0.03487723, ...,  0.47871821,
          0.55300027,  0.9999387 ],
        [-0.30111262,  0.        , -0.26767089, ...,  0.1921328 ,
          0.27645341,  0.95686416],
        [-0.03487723,  0.26767089,  0.        , ...,  0.44780585,
          0.52360477,  0.99971651],
        ...,
        [-0.47871821, -0.1921328 , -0.44780585, ...,  0.        ,
          0.08665792,  0.88321533],
        [-0.55300027, -0.27645341, -0.52360477, ..., -0.08665792,
          0.        ,  0.83925302],
        [-0.9999387 , -0.95686416, -0.99971651, ..., -0.88321533,
         -0.83925302,  0.        ]],

       [[ 0.        , -0.09867466, -0.16548128, ...,  0.6819688 ,
          0.53033713,  0.16548128],
        [ 0.09867466,  0.        , -0.06735947, ...,  0.60647182,
          0.44409387,  0.06735947],
        [ 0.16548128,  0.06735947,  0.        , ...,  0.55153654,
          0.38273248,  0.        ],
        ...,
        [-0.6819688 , -0.60647182, -0.55153654, ...,  0.        ,
          0.19028553,  0.55153654],
        [-0.53033713, -0.44409387, -0.38273248, ..., -0.19028553,
          0.        ,  0.38273248],
        [-0.16548128, -0.06735947, -0.        , ..., -0.55153654,
         -0.38273248,  0.        ]],

       [[ 0.        ,  0.44550789,  0.5738138 , ...,  0.4610659 ,
          0.33245074,  0.        ],
        [-0.44550789,  0.        ,  0.14885825, ...,  0.80811067,
          0.71780352,  0.44550789],
        [-0.5738138 , -0.14885825,  0.        , ...,  0.88678922,
          0.81344806,  0.5738138 ],
        ...,
        [-0.4610659 , -0.80811067, -0.88678922, ...,  0.        ,
          0.13983531,  0.4610659 ],
        [-0.33245074, -0.71780352, -0.81344806, ..., -0.13983531,
          0.        ,  0.33245074],
        [-0.        , -0.44550789, -0.5738138 , ..., -0.4610659 ,
         -0.33245074,  0.        ]]]), 'num': array([ 8.70420382e-01,  4.83047886e-01,  9.17944302e-06,  1.51910783e-03,
        1.53710673e-03,  1.50830848e-03,  9.49526626e-02, -1.25992355e-05,
        1.50722855e-03,  1.43289306e-03,  1.29880119e-03,  2.85582672e-06,
        1.54833834e-03,  1.31744778e-03])}
{'img': array([[[ 0.        ,  0.        ,  0.47983547, ...,  0.        ,
          0.13703622,  0.38111339],
        [ 0.        ,  0.        ,  0.47983547, ...,  0.        ,
          0.13703622,  0.38111339],
        [-0.47983547, -0.47983547,  0.        , ...,  0.47983547,
          0.59553861,  0.77799455],
        ...,
        [-0.        , -0.        , -0.47983547, ...,  0.        ,
         -0.13703622, -0.38111339],
        [-0.13703622, -0.13703622, -0.59553861, ...,  0.13703622,
          0.        , -0.25082412],
        [-0.38111339, -0.38111339, -0.77799455, ...,  0.38111339,
          0.25082412,  0.        ]],

       [[ 0.        , -0.69215145, -0.08610674, ...,  0.25715597,
         -0.56369629, -0.64298005],
