state_0,state_1,state_2,state_3,state_4,state_5,state_6,state_7,state_8,state_9,state_10,state_11,state_12,state_13,state_14,state_15,state_16,state_17,state_18,state_19,state_20,state_21,state_22,state_23,state_24,state_25,state_26,state_27,state_28,state_29,state_30,state_31,state_32,state_33,state_34,state_35,state_36,state_37,state_38,state_39,state_40,state_41,state_42,state_43,state_44,state_45,state_46,state_47,state_48,state_49,state_50,state_51,state_52,state_53,state_54,state_55,state_56,state_57,state_58,state_59,state_60,state_61,state_62,state_63,state_64,state_65,state_66,state_67,state_68,state_69,state_70,state_71,state_72,state_73,state_74,state_75,state_76,state_77,state_78,state_79,state_80,state_81,state_82,state_83,state_84,state_85,state_86,state_87,state_88,state_89,state_90,state_91,state_92,state_93,state_94,state_95,state_96,state_97,state_98,state_99,state_100,state_101,state_102,state_103,state_104,state_105,state_106,state_107,state_108,state_109,state_110,state_111,state_112,state_113,state_114,state_115,state_116,state_117,state_118,state_119,state_120,state_121,state_122,state_123,state_124,state_125,state_126,state_127,state_128,state_129,state_130,state_131,state_132,state_133,state_134,state_135,state_136,state_137,state_138,state_139,state_140,state_141,state_142,state_143,state_144,state_145,state_146,state_147,state_148,state_149,state_150,state_151,state_152,state_153,state_154,state_155,state_156,state_157,state_158,state_159,state_160,state_161,state_162,state_163,state_164,state_165,state_166,state_167,state_168,state_169,state_170,state_171,state_172,state_173,state_174,state_175,state_176,state_177,state_178,state_179,state_180,state_181,state_182,state_183,state_184,state_185,state_186,state_187,state_188,state_189,state_190,state_191,state_192,state_193,state_194,state_195,state_196,state_197,state_198,state_199,state_200,state_201,state_202,state_203,state_204,state_205,state_206,state_207,state_208,state_209,state_210,state_211,state_212,state_213,state_214,state_215,state_216,state_217,state_218,state_219,state_220,state_221,state_222,state_223,state_224,state_225,state_226,state_227,state_228,state_229,state_230,state_231,state_232,state_233,state_234,state_235,state_236,state_237,state_238,state_239,state_240,state_241,state_242,state_243,state_244,state_245,state_246,state_247,state_248,state_249,state_250,state_251,state_252,state_253,state_254,state_255,state_256,state_257,state_258,state_259,state_260,state_261,state_262,state_263,state_264,state_265,state_266,state_267,state_268,state_269,state_270,state_271,state_272,state_273,state_274,state_275,state_276,state_277,state_278,state_279,state_280,state_281,state_282,state_283,state_284,state_285,state_286,state_287
{'img': array([[[ 0.        ,  0.47796592,  0.37831805, ...,  0.86989143,
          0.94120433,  0.8660254 ],
        [-0.47796592,  0.        , -0.11013504, ...,  0.99984729,
          0.98820851,  0.99968095],
        [-0.37831805,  0.11013504,  0.        , ...,  0.99184016,
          0.99906011,  0.99081767],
        ...,
        [-0.86989143, -0.99984729, -0.99184016, ...,  0.        ,
         -0.17036044,  0.00778454],
        [-0.94120433, -0.98820851, -0.99906011, ...,  0.17036044,
          0.        ,  0.17802602],
        [-0.8660254 , -0.99968095, -0.99081767, ..., -0.00778454,
         -0.17802602,  0.        ]],

       [[ 0.        , -0.00963172, -0.09574496, ...,  0.01291542,
          0.15001721,  0.01750144],
        [ 0.00963172,  0.        , -0.08615305, ...,  0.02254573,
          0.15953297,  0.02713087],
        [ 0.09574496,  0.08615305,  0.        , ...,  0.10859305,
          0.24398947,  0.11315133],
        ...,
        [-0.01291542, -0.02254573, -0.10859305, ...,  0.        ,
          0.13723544,  0.00458654],
        [-0.15001721, -0.15953297, -0.24398947, ..., -0.13723544,
          0.        , -0.13269085],
        [-0.01750144, -0.02713087, -0.11315133, ..., -0.00458654,
          0.13269085,  0.        ]],

       [[ 0.        ,  0.38060266,  0.49237481, ...,  0.83619512,
          0.82783233,  0.79472578],
        [-0.38060266,  0.        ,  0.12404784, ...,  0.98199667,
          0.97903738,  0.96592754],
        [-0.49237481, -0.12404784,  0.        , ...,  0.99784438,
          0.99674167,  0.9905721 ],
        ...,
        [-0.83619512, -0.98199667, -0.99784438, ...,  0.        ,
          0.01507528,  0.07169112],
        [-0.82783233, -0.97903738, -0.99674167, ..., -0.01507528,
          0.        ,  0.05664648],
        [-0.79472578, -0.96592754, -0.9905721 , ..., -0.07169112,
         -0.05664648,  0.        ]],

       ...,

       [[ 0.        ,  0.115081  , -0.00111412, ..., -0.0439631 ,
         -0.28163529, -0.65970318],
        [-0.115081  ,  0.        , -0.11618765, ..., -0.15864075,
         -0.39018684, -0.74180658],
        [ 0.00111412,  0.11618765,  0.        , ..., -0.04285003,
         -0.28056609, -0.65886548],
        ...,
        [ 0.0439631 ,  0.15864075,  0.04285003, ...,  0.        ,
         -0.23917945, -0.62602593],
        [ 0.28163529,  0.39018684,  0.28056609, ...,  0.23917945,
          0.        , -0.42134309],
        [ 0.65970318,  0.74180658,  0.65886548, ...,  0.62602593,
          0.42134309,  0.        ]],

       [[ 0.        ,  0.33472884,  0.42659972, ...,  0.87252051,
          0.87316458,  0.86567503],
        [-0.33472884,  0.        ,  0.09924877, ...,  0.9857297 ,
          0.98595101,  0.98330552],
        [-0.42659972, -0.09924877,  0.        , ...,  0.99756994,
          0.99766102,  0.99651013],
        ...,
        [-0.87252051, -0.9857297 , -0.99756994, ...,  0.        ,
         -0.0013198 ,  0.01384001],
        [-0.87316458, -0.98595101, -0.99766102, ...,  0.0013198 ,
          0.        ,  0.01515967],
        [-0.86567503, -0.98330552, -0.99651013, ..., -0.01384001,
         -0.01515967,  0.        ]],

       [[ 0.        , -0.02321673, -0.02133745, ...,  0.98608583,
          0.99101687,  0.99361281],
        [ 0.02321673,  0.        ,  0.00187974, ...,  0.98967951,
          0.99385468,  0.99596483],
        [ 0.02133745, -0.00187974,  0.        , ...,  0.9894084 ,
          0.99364485,  0.99579438],
        ...,
        [-0.98608583, -0.98967951, -0.9894084 , ...,  0.        ,
          0.03286762,  0.05390212],
        [-0.99101687, -0.99385468, -0.99364485, ..., -0.03286762,
          0.        ,  0.02105316],
        [-0.99361281, -0.99596483, -0.99579438, ..., -0.05390212,
         -0.02105316,  0.        ]]]), 'num': array([ 9.92720440e-01,  1.14188524e-01,  2.18268799e-05,  4.02996292e-03,
        4.13008622e-03,  4.00493209e-03,  3.65766443e-02, -6.50801465e-05,
        4.03897401e-03,  3.99341791e-03,  3.94410719e-03,  4.46786779e-06,
        4.31343836e-03,  3.67339746e-03])}
{'img': array([[[ 0.00000000e+00, -3.09568351e-01,  4.25550895e-02, ...,
          9.99995928e-01,  9.82619194e-01,  9.96362368e-01],
        [ 3.09568351e-01,  0.00000000e+00,  3.49752584e-01, ...,
          9.49989875e-01,  8.76884156e-01,  9.21037594e-01],
        [-4.25550895e-02, -3.49752584e-01,  0.00000000e+00, ...,
          9.99211497e-01,  9.89628680e-01,  9.99086226e-01],
        ...,
        [-9.99995928e-01, -9.49989875e-01, -9.99211497e-01, ...,
          0.00000000e+00,  1.82827800e-01,  8.23737906e-02],
        [-9.82619194e-01, -8.76884156e-01, -9.89628680e-01, ...,
         -1.82827800e-01,  0.00000000e+00, -1.01221084e-01],
        [-9.96362368e-01, -9.21037594e-01, -9.99086226e-01, ...,
         -8.23737906e-02,  1.01221084e-01,  0.00000000e+00]],

       [[ 0.00000000e+00, -8.61530482e-02, -2.92514114e-01, ...,
          1.59532972e-01,  2.71308734e-02, -5.64467070e-01],
        [ 8.61530482e-02,  0.00000000e+00, -2.09041704e-01, ...,
          2.43989466e-01,  1.13151333e-01, -4.91252817e-01],
        [ 2.92514114e-01,  2.09041704e-01,  0.00000000e+00, ...,
          4.41322961e-01,  3.18350639e-01, -2.98320550e-01],
        ...,
        [-1.59532972e-01, -2.43989466e-01, -4.41322961e-01, ...,
          0.00000000e+00, -1.32690849e-01, -6.88925097e-01],
        [-2.71308734e-02, -1.13151333e-01, -3.18350639e-01, ...,
          1.32690849e-01,  0.00000000e+00, -5.86654615e-01],
        [ 5.64467070e-01,  4.91252817e-01,  2.98320550e-01, ...,
          6.88925097e-01,  5.86654615e-01,  0.00000000e+00]],

       [[ 0.00000000e+00,  3.31317884e-01,  4.96194411e-01, ...,
          8.39209123e-01,  8.06231417e-01,  7.80697210e-01],
        [-3.31317884e-01,  0.00000000e+00,  1.80514971e-01, ...,
          9.71983503e-01,  9.56702568e-01,  9.43646487e-01],
        [-4.96194411e-01, -1.80514971e-01,  0.00000000e+00, ...,
          9.98445866e-01,  9.93528097e-01,  9.87886845e-01],
        ...,
        [-8.39209123e-01, -9.71983503e-01, -9.98445866e-01, ...,
          0.00000000e+00,  5.80405933e-02,  9.98797016e-02],
        [-8.06231417e-01, -9.56702568e-01, -9.93528097e-01, ...,
         -5.80405933e-02,  0.00000000e+00,  4.19609643e-02],
        [-7.80697210e-01, -9.43646487e-01, -9.87886845e-01, ...,
         -9.98797016e-02, -4.19609643e-02,  0.00000000e+00]],

       ...,

       [[ 0.00000000e+00, -1.16187653e-01, -1.78316478e-01, ...,
         -3.90186837e-01, -7.41806582e-01, -8.13129075e-01],
        [ 1.16187653e-01,  0.00000000e+00, -6.27832545e-02, ...,
         -2.80566091e-01, -6.58865479e-01, -7.39991073e-01],
        [ 1.78316478e-01,  6.27832545e-02,  0.00000000e+00, ...,
         -2.19751039e-01, -6.10336279e-01, -6.96302143e-01],
        ...,
        [ 3.90186837e-01,  2.80566091e-01,  2.19751039e-01, ...,
          0.00000000e+00, -4.21343089e-01, -5.21555681e-01],
        [ 7.41806582e-01,  6.58865479e-01,  6.10336279e-01, ...,
          4.21343089e-01,  0.00000000e+00, -1.13502345e-01],
        [ 8.13129075e-01,  7.39991073e-01,  6.96302143e-01, ...,
          5.21555681e-01,  1.13502345e-01,  0.00000000e+00]],

       [[ 0.00000000e+00,  2.76544170e-01,  3.82686357e-01, ...,
          8.81490173e-01,  8.74084057e-01,  8.74160093e-01],
        [-2.76544170e-01,  0.00000000e+00,  1.12268888e-01, ...,
          9.77697933e-01,  9.74333996e-01,  9.74369225e-01],
        [-3.82686357e-01, -1.12268888e-01,  0.00000000e+00, ...,
          9.95095065e-01,  9.93446662e-01,  9.93464543e-01],
        ...,
        [-8.81490173e-01, -9.77697933e-01, -9.95095065e-01, ...,
          0.00000000e+00,  1.54610673e-02,  1.53045377e-02],
        [-8.74084057e-01, -9.74333996e-01, -9.93446662e-01, ...,
         -1.54610673e-02,  0.00000000e+00, -1.56548156e-04],
        [-8.74160093e-01, -9.74369225e-01, -9.93464543e-01, ...,
         -1.53045377e-02,  1.56548156e-04,  0.00000000e+00]],

       [[ 0.00000000e+00,  1.87974432e-03,  2.79508739e-02, ...,
          9.93854682e-01,  9.95964833e-01,  9.98709807e-01],
        [-1.87974432e-03,  0.00000000e+00,  2.60718146e-02, ...,
          9.93644852e-01,  9.95794377e-01,  9.98612587e-01],
        [-2.79508739e-02, -2.60718146e-02,  0.00000000e+00, ...,
          9.90372424e-01,  9.93067274e-01,  9.96900232e-01],
        ...,
        [-9.93854682e-01, -9.93644852e-01, -9.90372424e-01, ...,
          0.00000000e+00,  2.10531634e-02,  6.00808226e-02],
        [-9.95964833e-01, -9.95794377e-01, -9.93067274e-01, ...,
         -2.10531634e-02,  0.00000000e+00,  3.90523749e-02],
        [-9.98709807e-01, -9.98612587e-01, -9.96900232e-01, ...,
         -6.00808226e-02, -3.90523749e-02,  0.00000000e+00]]]), 'num': array([ 9.50018737e-01,  3.12088837e-01,  1.59882180e-05,  1.02232356e-03,
        1.04025906e-03,  1.02104245e-03,  7.51843390e-03, -8.96775050e-06,
        1.03308486e-03,  1.02565444e-03,  1.01324905e-03,  1.09427908e-06,
        1.10021179e-03,  9.51097077e-04])}
{'img': array([[[ 0.00000000e+00,  3.49752584e-01,  7.48479530e-01, ...,
          8.76884156e-01,  9.21037594e-01,  9.40298506e-01],
        [-3.49752584e-01,  0.00000000e+00,  4.69265951e-01, ...,
          9.89628680e-01,  9.99086226e-01,  9.99949831e-01],
        [-7.48479530e-01, -4.69265951e-01,  0.00000000e+00, ...,
          9.41308074e-01,  9.02306432e-01,  8.78312042e-01],
        ...,
        [-8.76884156e-01, -9.89628680e-01, -9.41308074e-01, ...,
          0.00000000e+00, -1.01221084e-01, -1.53554850e-01],
        [-9.21037594e-01, -9.99086226e-01, -9.02306432e-01, ...,
          1.01221084e-01,  0.00000000e+00, -5.27455704e-02],
        [-9.40298506e-01, -9.99949831e-01, -8.78312042e-01, ...,
          1.53554850e-01,  5.27455704e-02,  0.00000000e+00]],

       [[ 0.00000000e+00, -1.95470845e-01,  6.71170671e-01, ...,
          1.08499268e-01, -4.26780533e-01, -6.50172226e-01],
        [ 1.95470845e-01,  0.00000000e+00,  8.03126558e-01, ...,
          3.00723153e-01, -2.41772647e-01, -4.89113907e-01],
        [-6.71170671e-01, -8.03126558e-01,  0.00000000e+00, ...,
         -5.86777617e-01, -9.23350334e-01, -9.91921189e-01],
        ...,
        [-1.08499268e-01, -3.00723153e-01,  5.86777617e-01, ...,
          0.00000000e+00, -5.22382926e-01, -7.28770271e-01],
        [ 4.26780533e-01,  2.41772647e-01,  9.23350334e-01, ...,
          5.22382926e-01,  0.00000000e+00, -2.63724410e-01],
        [ 6.50172226e-01,  4.89113907e-01,  9.91921189e-01, ...,
          7.28770271e-01,  2.63724410e-01,  0.00000000e+00]],

       [[ 0.00000000e+00,  3.85988181e-01,  6.05523896e-01, ...,
          8.14807404e-01,  7.89299068e-01,  7.91608740e-01],
        [-3.85988181e-01,  0.00000000e+00,  2.51418187e-01, ...,
          9.75432467e-01,  9.65131526e-01,  9.66111720e-01],
        [-6.05523896e-01, -2.51418187e-01,  0.00000000e+00, ...,
          9.99487257e-01,  9.99942694e-01,  9.99975953e-01],
        ...,
        [-8.14807404e-01, -9.75432467e-01, -9.99487257e-01, ...,
          0.00000000e+00,  4.27173067e-02,  3.89496807e-02],
        [-7.89299068e-01, -9.65131526e-01, -9.99942694e-01, ...,
         -4.27173067e-02,  0.00000000e+00, -3.77076427e-03],
        [-7.91608740e-01, -9.66111720e-01, -9.99975953e-01, ...,
         -3.89496807e-02,  3.77076427e-03,  0.00000000e+00]],

       ...,

       [[ 0.00000000e+00, -6.27832545e-02,  5.78600831e-02, ...,
         -6.58865479e-01, -7.39991073e-01, -7.83512513e-01],
        [ 6.27832545e-02,  0.00000000e+00,  1.20424010e-01, ...,
         -6.10336279e-01, -6.96302143e-01, -7.42954780e-01],
        [-5.78600831e-02, -1.20424010e-01,  0.00000000e+00, ...,
         -7.01287554e-01, -7.77669025e-01, -8.18152764e-01],
        ...,
        [ 6.58865479e-01,  6.10336279e-01,  7.01287554e-01, ...,
          0.00000000e+00, -1.13502345e-01, -1.80002534e-01],
        [ 7.39991073e-01,  6.96302143e-01,  7.77669025e-01, ...,
          1.13502345e-01,  0.00000000e+00, -6.71908950e-02],
        [ 7.83512513e-01,  7.42954780e-01,  8.18152764e-01, ...,
          1.80002534e-01,  6.71908950e-02,  0.00000000e+00]],

       [[ 0.00000000e+00,  2.72559803e-01,  4.84173698e-01, ...,
          8.79689661e-01,  8.79765093e-01,  8.88631746e-01],
        [-2.72559803e-01,  0.00000000e+00,  2.27360152e-01, ...,
          9.75998920e-01,  9.76033456e-01,  9.79988888e-01],
        [-4.84173698e-01, -2.27360152e-01,  0.00000000e+00, ...,
          9.99951672e-01,  9.99950100e-01,  9.99580245e-01],
        ...,
        [-8.79689661e-01, -9.75998920e-01, -9.99951672e-01, ...,
          0.00000000e+00, -1.58644154e-04, -1.91427027e-02],
        [-8.79765093e-01, -9.76033456e-01, -9.99950100e-01, ...,
          1.58644154e-04,  0.00000000e+00, -1.89840874e-02],
        [-8.88631746e-01, -9.79988888e-01, -9.99580245e-01, ...,
          1.91427027e-02,  1.89840874e-02,  0.00000000e+00]],

       [[ 0.00000000e+00,  2.60718146e-02,  1.61618072e-02, ...,
          9.95794377e-01,  9.98612587e-01,  9.99848217e-01],
        [-2.60718146e-02,  0.00000000e+00, -9.91209597e-03, ...,
          9.93067274e-01,  9.96900232e-01,  9.99962577e-01],
        [-1.61618072e-02,  9.91209597e-03,  0.00000000e+00, ...,
          9.94183630e-01,  9.97631104e-01,  9.99999205e-01],
        ...,
        [-9.95794377e-01, -9.93067274e-01, -9.94183630e-01, ...,
          0.00000000e+00,  3.90523749e-02,  1.08951662e-01],
        [-9.98612587e-01, -9.96900232e-01, -9.97631104e-01, ...,
         -3.90523749e-02,  0.00000000e+00,  7.00486520e-02],
        [-9.99848217e-01, -9.99962577e-01, -9.99999205e-01, ...,
         -1.08951662e-01, -7.00486520e-02,  0.00000000e+00]]]), 'num': array([8.55488486e-01, 5.17702887e-01, 8.24873258e-06, 9.35694181e-04,
       9.43691567e-04, 9.11702022e-04, 1.07870115e-02, 2.39921585e-05,
       9.21755879e-04, 9.18728297e-04, 9.07646205e-04, 1.17090373e-06,
       9.79729975e-04, 8.57726619e-04])}
{'img': array([[[ 0.        ,  0.69667045,  0.51850852, ...,  0.92920479,
          0.94780836,  0.88212547],
        [-0.69667045,  0.        , -0.22373022, ...,  0.92406861,
          0.90207628,  0.96097102],
        [-0.51850852,  0.22373022,  0.        , ...,  0.98616015,
          0.97576638,  0.99850623],
        ...,
        [-0.92920479, -0.92406861, -0.98616015, ...,  0.        ,
         -0.05400881,  0.11166603],
        [-0.94780836, -0.90207628, -0.97576638, ...,  0.05400881,
          0.        ,  0.16517408],
        [-0.88212547, -0.96097102, -0.99850623, ..., -0.11166603,
         -0.16517408,  0.        ]],

       [[ 0.        ,  0.80312656,  0.64902333, ..., -0.24177265,
         -0.48911391, -0.0883275 ],
        [-0.80312656,  0.        , -0.2242998 , ..., -0.92335033,
         -0.99192119, -0.8526138 ],
        [-0.64902333,  0.2242998 ,  0.        , ..., -0.81370172,
         -0.93819353, -0.71368339],
        ...,
        [ 0.24177265,  0.92335033,  0.81370172, ...,  0.        ,
         -0.26372441,  0.15512059],
        [ 0.48911391,  0.99192119,  0.93819353, ...,  0.26372441,
          0.        ,  0.41016119],
        [ 0.0883275 ,  0.8526138 ,  0.71368339, ..., -0.15512059,
         -0.41016119,  0.        ]],

       [[ 0.        ,  0.49618459,  0.59164099, ...,  0.80116045,
          0.80346734,  0.80116045],
        [-0.49618459,  0.        ,  0.11364801, ...,  0.99252264,
          0.99298696,  0.99252264],
        [-0.59164099, -0.11364801,  0.        , ...,  0.99996411,
          0.99998939,  0.99996411],
        ...,
        [-0.80116045, -0.99252264, -0.99996411, ...,  0.        ,
         -0.00386478,  0.        ],
        [-0.80346734, -0.99298696, -0.99998939, ...,  0.00386478,
          0.        ,  0.00386478],
        [-0.80116045, -0.99252264, -0.99996411, ...,  0.        ,
         -0.00386478,  0.        ]],

       ...,

       [[ 0.        ,  0.12042401, -0.00681927, ..., -0.69630214,
         -0.74295478, -0.52179792],
        [-0.12042401,  0.        , -0.12719086, ..., -0.77766903,
         -0.81815276, -0.62073057],
        [ 0.00681927,  0.12719086,  0.        , ..., -0.69139143,
         -0.73837308, -0.51596848],
        ...,
        [ 0.69630214,  0.77766903,  0.69139143, ...,  0.        ,
         -0.06719089,  0.21947403],
        [ 0.74295478,  0.81815276,  0.73837308, ...,  0.06719089,
          0.        ,  0.28453072],
        [ 0.52179792,  0.62073057,  0.51596848, ..., -0.21947403,
         -0.28453072,  0.        ]],

       [[ 0.        ,  0.41207242,  0.49877604, ...,  0.88516029,
          0.89394581,  0.8977091 ],
        [-0.41207242,  0.        ,  0.09730444, ...,  0.99824639,
          0.99920029,  0.99950307],
        [-0.49877604, -0.09730444,  0.        , ...,  0.99926939,
          0.99834945,  0.99782729],
        ...,
        [-0.88516029, -0.99824639, -0.99926939, ...,  0.        ,
         -0.01923388, -0.02770008],
        [-0.89394581, -0.99920029, -0.99834945, ...,  0.01923388,
          0.        , -0.00846846],
        [-0.8977091 , -0.99950307, -0.99782729, ...,  0.02770008,
          0.00846846,  0.        ]],

       [[ 0.        , -0.0099121 ,  0.02050821, ...,  0.99690023,
          0.99996258,  0.99796583],
        [ 0.0099121 ,  0.        ,  0.03041721, ...,  0.9976311 ,
          0.99999921,  0.9972849 ],
        [-0.02050821, -0.03041721,  0.        , ...,  0.99507706,
          0.99957485,  0.99906336],
        ...,
        [-0.99690023, -0.9976311 , -0.99507706, ...,  0.        ,
          0.07004865,  0.1420695 ],
        [-0.99996258, -0.99999921, -0.99957485, ..., -0.07004865,
          0.        ,  0.07238239],
        [-0.99796583, -0.9972849 , -0.99906336, ..., -0.1420695 ,
         -0.07238239,  0.        ]]]), 'num': array([ 9.03773323e-01,  4.27942131e-01,  1.18072256e-05,  9.81095240e-04,
        1.00544004e-03,  9.71357322e-04,  7.18178757e-03, -1.58241168e-05,
        9.84990408e-04,  9.82981962e-04,  9.70890714e-04,  1.10331091e-06,
        1.03646009e-03,  9.29503839e-04])}
{'img': array([[[ 0.        , -0.5242531 ,  0.20420628, ...,  0.96022606,
          0.99420691,  0.9764357 ],
        [ 0.5242531 ,  0.        ,  0.68710038, ...,  0.96407643,
          0.90297766,  0.94463431],
        [-0.20420628, -0.68710038,  0.        , ...,  0.88297282,
          0.95130815,  0.91179068],
        ...,
        [-0.96022606, -0.96407643, -0.88297282, ...,  0.        ,
          0.17439815,  0.06541909],
        [-0.99420691, -0.90297766, -0.95130815, ..., -0.17439815,
          0.        , -0.10960801],
        [-0.9764357 , -0.94463431, -0.91179068, ..., -0.06541909,
          0.10960801,  0.        ]],

       [[ 0.        , -0.2242998 ,  0.09151739, ..., -0.99192119,
         -0.8526138 , -0.98617069],
        [ 0.2242998 ,  0.        ,  0.31254407, ..., -0.93819353,
         -0.71368339, -0.92386941],
        [-0.09151739, -0.31254407,  0.        , ..., -0.99936807,
         -0.89685743, -0.99719964],
        ...,
        [ 0.99192119,  0.93819353,  0.99936807, ...,  0.        ,
          0.41016119,  0.03929258],
        [ 0.8526138 ,  0.71368339,  0.89685743, ..., -0.41016119,
          0.        , -0.3740091 ],
        [ 0.98617069,  0.92386941,  0.99719964, ..., -0.03929258,
          0.3740091 ,  0.        ]],

       [[ 0.        ,  0.35829101,  0.54412502, ...,  0.823852  ,
          0.82155832,  0.80737292],
        [-0.35829101,  0.        ,  0.2073929 , ...,  0.97223756,
          0.9712855 ,  0.96517796],
        [-0.54412502, -0.2073929 ,  0.        , ...,  0.99962802,
          0.99950984,  0.99844557],
        ...,
        [-0.823852  , -0.97223756, -0.99962802, ...,  0.        ,
          0.00403485,  0.02848387],
        [-0.82155832, -0.9712855 , -0.99950984, ..., -0.00403485,
          0.        ,  0.02445043],
        [-0.80737292, -0.96517796, -0.99844557, ..., -0.02848387,
         -0.02445043,  0.        ]],

       ...,

       [[ 0.        , -0.12719086,  0.01855293, ..., -0.81815276,
         -0.62073057, -0.76236   ],
        [ 0.12719086,  0.        ,  0.14557121, ..., -0.73837308,
         -0.51596848, -0.67385635],
        [-0.01855293, -0.14557121,  0.        , ..., -0.8286799 ,
         -0.63516967, -0.77423537],
        ...,
        [ 0.81815276,  0.73837308,  0.8286799 , ...,  0.        ,
          0.28453072,  0.09111245],
        [ 0.62073057,  0.51596848,  0.63516967, ..., -0.28453072,
          0.        , -0.19600075],
        [ 0.76236   ,  0.67385635,  0.77423537, ..., -0.09111245,
          0.19600075,  0.        ]],

       [[ 0.        ,  0.30134643,  0.51891149, ...,  0.90635319,
          0.91001206,  0.92653601],
        [-0.30134643,  0.        ,  0.2371904 , ...,  0.99154627,
          0.99264264,  0.99683409],
        [-0.51891149, -0.2371904 ,  0.        , ...,  0.994027  ,
          0.99303501,  0.98724656],
        ...,
        [-0.90635319, -0.99154627, -0.994027  , ...,  0.        ,
         -0.00874158, -0.05050521],
        [-0.91001206, -0.99264264, -0.99303501, ...,  0.00874158,
          0.        , -0.04177285],
        [-0.92653601, -0.99683409, -0.98724656, ...,  0.05050521,
          0.04177285,  0.        ]],

       [[ 0.        ,  0.03041721,  0.00711197, ...,  0.99999921,
          0.9972849 ,  0.98049896],
        [-0.03041721,  0.        , -0.02330777, ...,  0.99957485,
          0.99906336,  0.98602299],
        [-0.00711197,  0.02330777,  0.        , ...,  0.99998288,
          0.9977834 ,  0.98187183],
        ...,
        [-0.99999921, -0.99957485, -0.99998288, ...,  0.        ,
          0.07238239,  0.19528788],
        [-0.9972849 , -0.99906336, -0.9977834 , ..., -0.07238239,
          0.        ,  0.12378689],
        [-0.98049896, -0.98602299, -0.98187183, ..., -0.19528788,
         -0.12378689,  0.        ]]]), 'num': array([ 9.04041192e-01,  4.27371744e-01,  1.19466027e-05,  9.76781657e-04,
        9.96366252e-04,  9.75557620e-04,  7.42505840e-03, -9.79229731e-06,
        9.85594725e-04,  9.91959718e-04,  9.79229731e-04,  9.84150484e-07,
        1.03124654e-03,  9.52672892e-04])}
{'img': array([[[ 0.        ,  0.68710038,  0.5936986 , ...,  0.90297766,
          0.94463431,  0.96407643],
        [-0.68710038,  0.        , -0.12154195, ...,  0.95130815,
          0.91179068,  0.88297282],
        [-0.5936986 ,  0.12154195,  0.        , ...,  0.9817197 ,
          0.95494278,  0.93348144],
        ...,
        [-0.90297766, -0.95130815, -0.9817197 , ...,  0.        ,
         -0.10960801, -0.17439815],
        [-0.94463431, -0.91179068, -0.95494278, ...,  0.10960801,
          0.        , -0.06541909],
        [-0.96407643, -0.88297282, -0.93348144, ...,  0.17439815,
          0.06541909,  0.        ]],

       [[ 0.        ,  0.31254407, -0.21716191, ..., -0.71368339,
         -0.92386941, -0.89955418],
        [-0.31254407,  0.        , -0.51136819, ..., -0.89685743,
         -0.99719964, -0.99101157],
        [ 0.21716191,  0.51136819,  0.        , ..., -0.54453671,
         -0.81871225, -0.78322854],
        ...,
        [ 0.71368339,  0.89685743,  0.54453671, ...,  0.        ,
         -0.3740091 , -0.31836583],
        [ 0.92386941,  0.99719964,  0.81871225, ...,  0.3740091 ,
          0.        ,  0.05928819],
        [ 0.89955418,  0.99101157,  0.78322854, ...,  0.31836583,
         -0.05928819,  0.        ]],

       [[ 0.        ,  0.43143103,  0.58719975, ...,  0.83160684,
          0.81747388,  0.84061642],
        [-0.43143103,  0.        ,  0.18052144, ...,  0.98983233,
          0.98597019,  0.99203505],
        [-0.58719975, -0.18052144,  0.        , ...,  0.99924763,
          0.99990464,  0.99847582],
        ...,
        [-0.83160684, -0.98983233, -0.99924763, ...,  0.        ,
          0.02498076, -0.01642482],
        [-0.81747388, -0.98597019, -0.99990464, ..., -0.02498076,
          0.        , -0.04139708],
        [-0.84061642, -0.99203505, -0.99847582, ...,  0.01642482,
          0.04139708,  0.        ]],

       ...,

       [[ 0.        ,  0.14557121,  0.10779481, ..., -0.51596848,
         -0.67385635, -0.79689883],
        [-0.14557121,  0.        , -0.03807644, ..., -0.63516967,
         -0.77423537, -0.87635152],
        [-0.10779481,  0.03807644,  0.        , ..., -0.60529987,
         -0.74957543, -0.85737566],
        ...,
        [ 0.51596848,  0.63516967,  0.60529987, ...,  0.        ,
         -0.19600075, -0.37092642],
        [ 0.67385635,  0.77423537,  0.74957543, ...,  0.19600075,
          0.        , -0.18171334],
        [ 0.79689883,  0.87635152,  0.85737566, ...,  0.37092642,
          0.18171334,  0.        ]],

       [[ 0.        ,  0.43802062,  0.55262088, ...,  0.9162306 ,
          0.93242542,  0.95296145],
        [-0.43802062,  0.        ,  0.13172605, ...,  0.99915272,
          0.99650196,  0.98943926],
        [-0.55262088, -0.13172605,  0.        , ...,  0.98502489,
          0.97681034,  0.96172399],
        ...,
        [-0.9162306 , -0.99915272, -0.98502489, ...,  0.        ,
         -0.04248612, -0.10410355],
        [-0.93242542, -0.99650196, -0.97681034, ...,  0.04248612,
          0.        , -0.06175428],
        [-0.95296145, -0.98943926, -0.96172399, ...,  0.10410355,
          0.06175428,  0.        ]],

       [[ 0.        , -0.02330777, -0.00797907, ...,  0.99906336,
          0.98602299,  0.94199392],
        [ 0.02330777,  0.        ,  0.01533012, ...,  0.9977834 ,
          0.98187183,  0.93391523],
        [ 0.00797907, -0.01533012,  0.        , ...,  0.9986863 ,
          0.98466221,  0.93928592],
        ...,
        [-0.99906336, -0.9977834 , -0.9986863 , ...,  0.        ,
          0.12378689,  0.29455441],
        [-0.98602299, -0.98187183, -0.98466221, ..., -0.12378689,
          0.        ,  0.17399388],
        [-0.94199392, -0.93391523, -0.93928592, ..., -0.29455441,
         -0.17399388,  0.        ]]]), 'num': array([ 9.90803539e-01,  1.34927160e-01,  2.15585990e-05,  1.06984547e-03,
        1.08601442e-03,  1.06984547e-03,  9.67633462e-03, -5.38964975e-06,
        1.08197219e-03,  1.08985455e-03,  1.08147814e-03,  1.08334668e-06,
        1.13313376e-03,  1.04657533e-03])}
{'img': array([[[ 0.        , -0.16753665, -0.56301558, ...,  0.95397287,
          0.93124008,  0.91839808],
        [ 0.16753665,  0.        , -0.41659779, ...,  0.99073233,
          0.9791292 ,  0.97170446],
        [ 0.56301558,  0.41659779,  0.        , ...,  0.95725172,
          0.97478629,  0.98176809],
        ...,
        [-0.95397287, -0.99073233, -0.95725172, ...,  0.        ,
         -0.06836135, -0.10202557],
        [-0.93124008, -0.9791292 , -0.97478629, ...,  0.06836135,
          0.        , -0.03378226],
        [-0.91839808, -0.97170446, -0.98176809, ...,  0.10202557,
          0.03378226,  0.        ]],

       [[ 0.        , -0.51136819, -0.86743301, ..., -0.99719964,
         -0.99101157, -0.95809758],
        [ 0.51136819,  0.        , -0.49100543, ..., -0.81871225,
         -0.78322854, -0.67687505],
        [ 0.86743301,  0.49100543,  0.        , ..., -0.43128921,
         -0.37703991, -0.22823602],
        ...,
        [ 0.99719964,  0.81871225,  0.43128921, ...,  0.        ,
          0.05928819,  0.21398802],
        [ 0.99101157,  0.78322854,  0.37703991, ..., -0.05928819,
          0.        ,  0.15569674],
        [ 0.95809758,  0.67687505,  0.22823602, ..., -0.21398802,
         -0.15569674,  0.        ]],

       [[ 0.        ,  0.43063311,  0.54079374, ...,  0.83241575,
          0.85535001,  0.86706505],
        [-0.43063311,  0.        ,  0.1258517 , ...,  0.98991379,
          0.99506626,  0.99708892],
        [-0.54079374, -0.1258517 ,  0.        , ...,  0.99987259,
          0.99964063,  0.99875701],
        ...,
        [-0.83241575, -0.98991379, -0.99987259, ...,  0.        ,
         -0.04276017, -0.06578019],
        [-0.85535001, -0.99506626, -0.99964063, ...,  0.04276017,
          0.        , -0.02305247],
        [-0.86706505, -0.99708892, -0.99875701, ...,  0.06578019,
          0.02305247,  0.        ]],

       ...,

       [[ 0.        , -0.03807644,  0.09713932, ..., -0.77423537,
         -0.87635152, -0.87635152],
        [ 0.03807644,  0.        ,  0.13496525, ..., -0.74957543,
         -0.85737566, -0.85737566],
        [-0.09713932, -0.13496525,  0.        , ..., -0.83205311,
         -0.91899637, -0.91899637],
        ...,
        [ 0.77423537,  0.74957543,  0.83205311, ...,  0.        ,
         -0.18171334, -0.18171334],
        [ 0.87635152,  0.85737566,  0.91899637, ...,  0.18171334,
          0.        ,  0.        ],
        [ 0.87635152,  0.85737566,  0.91899637, ...,  0.18171334,
          0.        ,  0.        ]],

       [[ 0.        ,  0.36506719,  0.45453746, ...,  0.94489153,
          0.96396965,  0.96678441],
        [-0.36506719,  0.        ,  0.09799039, ...,  0.99919322,
          0.99454994,  0.99336679],
        [-0.45453746, -0.09799039,  0.        , ...,  0.99044908,
          0.97954693,  0.97731828],
        ...,
        [-0.94489153, -0.99919322, -0.99044908, ...,  0.        ,
         -0.06423507, -0.07500141],
        [-0.96396965, -0.99454994, -0.97954693, ...,  0.06423507,
          0.        , -0.01079237],
        [-0.96678441, -0.99336679, -0.97731828, ...,  0.07500141,
          0.01079237,  0.        ]],

       [[ 0.        ,  0.01533012,  0.05755085, ...,  0.98187183,
          0.93391523,  0.94137849],
        [-0.01533012,  0.        ,  0.04223937, ...,  0.98466221,
          0.93928592,  0.94643951],
        [-0.05755085, -0.04223937,  0.        , ...,  0.99115299,
          0.95294145,  0.95923313],
        ...,
        [-0.98187183, -0.98466221, -0.99115299, ...,  0.        ,
          0.17399388,  0.15280211],
        [-0.93391523, -0.93928592, -0.95294145, ..., -0.17399388,
          0.        , -0.02147926],
        [-0.94137849, -0.94643951, -0.95923313, ..., -0.15280211,
          0.02147926,  0.        ]]]), 'num': array([9.98800058e-01, 4.82428670e-02, 2.37342633e-05, 1.07895260e-03,
       1.08703465e-03, 1.07491158e-03, 7.85280833e-03, 9.42904898e-06,
       1.08245482e-03, 1.08791020e-03, 1.08407123e-03, 1.24010168e-06,
       1.13020944e-03, 1.04561096e-03])}
{'img': array([[[ 0.        , -0.41659779,  0.64182709, ...,  0.9791292 ,
          0.97170446,  0.98399503],
        [ 0.41659779,  0.        ,  0.90294693, ...,  0.97478629,
          0.98176809,  0.96877696],
        [-0.64182709, -0.90294693,  0.        , ...,  0.62040045,
          0.59355141,  0.64020504],
        ...,
        [-0.9791292 , -0.97478629, -0.62040045, ...,  0.        ,
         -0.03378226,  0.02550918],
        [-0.97170446, -0.98176809, -0.59355141, ...,  0.03378226,
          0.        ,  0.05926589],
        [-0.98399503, -0.96877696, -0.64020504, ..., -0.02550918,
         -0.05926589,  0.        ]],

       [[ 0.        , -0.49008815,  0.90880113, ..., -0.77798802,
         -0.67478952, -0.84111672],
        [ 0.49008815,  0.        ,  0.99665656, ..., -0.37023892,
         -0.22650566, -0.46811268],
        [-0.90880113, -0.99665656,  0.        , ..., -0.89558036,
         -0.95224667, -0.84246716],
        ...,
        [ 0.77798802,  0.37023892,  0.89558036, ...,  0.        ,
          0.15020696, -0.10767841],
        [ 0.67478952,  0.22650566,  0.95224667, ..., -0.15020696,
          0.        , -0.25579038],
        [ 0.84111672,  0.46811268,  0.84246716, ...,  0.10767841,
          0.25579038,  0.        ]],

       [[ 0.        ,  0.35336939,  0.58080637, ...,  0.86982599,
          0.8813383 ,  0.87826274],
        [-0.35336939,  0.        ,  0.25567755, ...,  0.98804603,
          0.99143977,  0.99057423],
        [-0.58080637, -0.25567755,  0.        , ...,  0.99462051,
          0.99186891,  0.99267158],
        ...,
        [-0.86982599, -0.98804603, -0.99462051, ...,  0.        ,
         -0.02383546, -0.01736653],
        [-0.8813383 , -0.99143977, -0.99186891, ...,  0.02383546,
          0.        ,  0.00647026],
        [-0.87826274, -0.99057423, -0.99267158, ...,  0.01736653,
         -0.00647026,  0.        ]],

       ...,

       [[ 0.        ,  0.13496525,  0.41780656, ..., -0.85737566,
         -0.85737566, -0.73327307],
        [-0.13496525,  0.        ,  0.29136299, ..., -0.91899637,
         -0.91899637, -0.81833136],
        [-0.41780656, -0.29136299,  0.        , ..., -0.993998  ,
         -0.993998  , -0.95028598],
        ...,
        [ 0.85737566,  0.91899637,  0.993998  , ...,  0.        ,
          0.        ,  0.20554993],
        [ 0.85737566,  0.91899637,  0.993998  , ...,  0.        ,
          0.        ,  0.20554993],
        [ 0.73327307,  0.81833136,  0.95028598, ..., -0.20554993,
         -0.20554993,  0.        ]],

       [[ 0.        ,  0.28573836,  0.60235823, ...,  0.97082789,
          0.97342971,  0.97652098],
        [-0.28573836,  0.        ,  0.34916075, ...,  0.99886542,
          0.99827525,  0.99736196],
        [-0.60235823, -0.34916075,  0.        , ...,  0.91937186,
          0.91494841,  0.90924573],
        ...,
        [-0.97082789, -0.99886542, -0.91937186, ...,  0.        ,
         -0.01110046, -0.0250097 ],
        [-0.97342971, -0.99827525, -0.91494841, ...,  0.01110046,
          0.        , -0.01391117],
        [-0.97652098, -0.99736196, -0.90924573, ...,  0.0250097 ,
          0.01391117,  0.        ]],

       [[ 0.        ,  0.04223937, -0.01842114, ...,  0.93928592,
          0.94643951,  0.94848801],
        [-0.04223937,  0.        , -0.0606369 , ...,  0.95294145,
          0.95923313,  0.96102349],
        [ 0.01842114,  0.0606369 ,  0.        , ...,  0.93280559,
          0.94033108,  0.94249101],
        ...,
        [-0.93928592, -0.95294145, -0.93280559, ...,  0.        ,
         -0.02147926, -0.02788189],
        [-0.94643951, -0.95923313, -0.94033108, ...,  0.02147926,
          0.        , -0.00640455],
        [-0.94848801, -0.96102349, -0.94249101, ...,  0.02788189,
          0.00640455,  0.        ]]]), 'num': array([ 9.99554219e-01,  2.78623379e-02,  2.43531800e-05,  1.07965765e-03,
        1.09318719e-03,  1.07424583e-03,  1.02763384e-02, -4.05886333e-06,
        1.08155178e-03,  1.09081952e-03,  1.09194698e-03,  1.46219921e-06,
        1.13206910e-03,  1.04956994e-03])}
{'img': array([[[ 0.        ,  0.90294693,  0.9996926 , ...,  0.98176809,
          0.96877696,  0.97478629],
        [-0.90294693,  0.        ,  0.45200707, ...,  0.59355141,
          0.64020504,  0.62040045],
        [-0.9996926 , -0.45200707,  0.        , ...,  0.16568285,
          0.22383841,  0.19890365],
        ...,
        [-0.98176809, -0.59355141, -0.16568285, ...,  0.        ,
          0.05926589,  0.03378226],
        [-0.96877696, -0.64020504, -0.22383841, ..., -0.05926589,
          0.        , -0.02550918],
        [-0.97478629, -0.62040045, -0.19890365, ..., -0.03378226,
          0.02550918,  0.        ]],

       [[ 0.        ,  0.99665656,  0.46811268, ..., -0.22650566,
         -0.46811268, -0.19009225],
        [-0.99665656,  0.        ,  0.84246716, ..., -0.95224667,
         -0.84246716, -0.96295228],
        [-0.46811268, -0.84246716,  0.        , ..., -0.25579038,
         -0.        , -0.29159863],
        ...,
        [ 0.22650566,  0.95224667,  0.25579038, ...,  0.        ,
         -0.25579038,  0.03722388],
        [ 0.46811268,  0.84246716,  0.        , ...,  0.25579038,
          0.        ,  0.29159863],
        [ 0.19009225,  0.96295228,  0.29159863, ..., -0.03722388,
         -0.29159863,  0.        ]],

       [[ 0.        ,  0.48500784,  0.79704375, ...,  0.89054152,
          0.88751215,  0.90770549],
        [-0.48500784,  0.        ,  0.40411588, ...,  0.99941831,
          0.99962208,  0.99731044],
        [-0.79704375, -0.40411588,  0.        , ...,  0.900394  ,
          0.90325299,  0.88262873],
        ...,
        [-0.89054152, -0.99941831, -0.900394  , ...,  0.        ,
          0.00661655, -0.0392388 ],
        [-0.88751215, -0.99962208, -0.90325299, ..., -0.00661655,
          0.        , -0.04584939],
        [-0.90770549, -0.99731044, -0.88262873, ...,  0.0392388 ,
          0.04584939,  0.        ]],

       ...,

       [[ 0.        ,  0.29136299,  0.45880967, ..., -0.91899637,
         -0.81833136, -0.64042456],
        [-0.29136299,  0.        ,  0.18001701, ..., -0.993998  ,
         -0.95028598, -0.8364111 ],
        [-0.45880967, -0.18001701,  0.        , ..., -0.9974531 ,
         -0.99081506, -0.92141486],
        ...,
        [ 0.91899637,  0.993998  ,  0.9974531 , ...,  0.        ,
          0.20554993,  0.45331097],
        [ 0.81833136,  0.95028598,  0.99081506, ..., -0.20554993,
          0.        ,  0.26041383],
        [ 0.64042456,  0.8364111 ,  0.92141486, ..., -0.45331097,
         -0.26041383,  0.        ]],

       [[ 0.        ,  0.54795154,  0.8115104 , ...,  0.97714559,
          0.98005658,  0.98329745],
        [-0.54795154,  0.        ,  0.35864774, ...,  0.93387082,
          0.9287154 ,  0.92226861],
        [-0.8115104 , -0.35864774,  0.        , ...,  0.74348697,
          0.73394654,  0.72227767],
        ...,
        [-0.97714559, -0.93387082, -0.74348697, ...,  0.        ,
         -0.01415468, -0.03117446],
        [-0.98005658, -0.9287154 , -0.73394654, ...,  0.01415468,
          0.        , -0.01702354],
