state_0,state_1,state_2,state_3,state_4,state_5,state_6,state_7,state_8,state_9,state_10,state_11,state_12,state_13,state_14,state_15,state_16,state_17,state_18,state_19,state_20,state_21,state_22,state_23,state_24,state_25,state_26,state_27,state_28,state_29,state_30,state_31,state_32,state_33,state_34,state_35,state_36,state_37,state_38,state_39,state_40,state_41,state_42,state_43,state_44,state_45,state_46,state_47,state_48,state_49,state_50,state_51,state_52,state_53,state_54,state_55,state_56,state_57,state_58,state_59,state_60,state_61,state_62,state_63,state_64,state_65,state_66,state_67,state_68,state_69,state_70,state_71,state_72,state_73,state_74,state_75,state_76,state_77,state_78,state_79,state_80,state_81,state_82,state_83,state_84,state_85,state_86,state_87,state_88,state_89,state_90,state_91,state_92,state_93,state_94,state_95,state_96,state_97,state_98,state_99,state_100,state_101,state_102,state_103,state_104,state_105,state_106,state_107,state_108,state_109,state_110,state_111,state_112,state_113,state_114,state_115,state_116,state_117,state_118,state_119,state_120,state_121,state_122,state_123,state_124,state_125,state_126,state_127,state_128,state_129,state_130,state_131,state_132,state_133,state_134,state_135,state_136,state_137,state_138,state_139,state_140,state_141,state_142,state_143,state_144,state_145,state_146,state_147,state_148,state_149,state_150,state_151,state_152,state_153,state_154,state_155,state_156,state_157,state_158,state_159,state_160,state_161,state_162,state_163,state_164,state_165,state_166,state_167,state_168,state_169,state_170,state_171,state_172,state_173,state_174,state_175,state_176,state_177,state_178,state_179,state_180,state_181,state_182,state_183,state_184,state_185,state_186,state_187,state_188,state_189,state_190,state_191,state_192,state_193,state_194,state_195,state_196,state_197,state_198,state_199,state_200,state_201,state_202,state_203,state_204,state_205,state_206,state_207,state_208,state_209,state_210,state_211,state_212,state_213,state_214,state_215,state_216,state_217,state_218,state_219,state_220,state_221,state_222,state_223,state_224,state_225,state_226,state_227,state_228,state_229,state_230,state_231,state_232,state_233,state_234,state_235,state_236,state_237,state_238,state_239,state_240,state_241,state_242,state_243,state_244,state_245,state_246,state_247,state_248,state_249,state_250,state_251,state_252,state_253,state_254,state_255,state_256,state_257,state_258,state_259,state_260,state_261,state_262,state_263,state_264,state_265,state_266,state_267,state_268,state_269,state_270,state_271,state_272,state_273,state_274,state_275,state_276,state_277,state_278,state_279,state_280,state_281,state_282,state_283,state_284,state_285,state_286,state_287
{'img': array([[[ 0.00000000e+00, -8.81239947e-02, -4.25917710e-01, ...,
          5.47608484e-01,  6.05116054e-01,  9.99127299e-01],
        [ 8.81239947e-02,  0.00000000e+00, -3.44529449e-01, ...,
          6.19214424e-01,  6.72920655e-01,  9.98921049e-01],
        [ 4.25917710e-01,  3.44529449e-01,  0.00000000e+00, ...,
          8.51835420e-01,  8.86574919e-01,  9.21762432e-01],
        ...,
        [-5.47608484e-01, -6.19214424e-01, -8.51835420e-01, ...,
          0.00000000e+00,  7.03500692e-02,  8.13131471e-01],
        [-6.05116054e-01, -6.72920655e-01, -8.86574919e-01, ...,
         -7.03500692e-02,  0.00000000e+00,  7.70167454e-01],
        [-9.99127299e-01, -9.98921049e-01, -9.21762432e-01, ...,
         -8.13131471e-01, -7.70167454e-01,  0.00000000e+00]],

       [[ 0.00000000e+00, -6.76582274e-02, -1.56405852e-01, ...,
         -4.85734365e-02,  3.98333915e-02,  7.92034262e-01],
        [ 6.76582274e-02,  0.00000000e+00, -8.92219078e-02, ...,
          1.91162313e-02,  1.07346645e-01,  8.31523128e-01],
        [ 1.56405852e-01,  8.92219078e-02,  0.00000000e+00, ...,
          1.08245596e-01,  1.95624875e-01,  8.77768714e-01],
        ...,
        [ 4.85734365e-02, -1.91162313e-02, -1.08245596e-01, ...,
          0.00000000e+00,  8.83212582e-02,  8.20752304e-01],
        [-3.98333915e-02, -1.07346645e-01, -1.95624875e-01, ...,
         -8.83212582e-02,  0.00000000e+00,  7.67088297e-01],
        [-7.92034262e-01, -8.31523128e-01, -8.77768714e-01, ...,
         -8.20752304e-01, -7.67088297e-01,  0.00000000e+00]],

       [[ 0.00000000e+00,  3.89582719e-01,  4.84996884e-01, ...,
          9.53033152e-01,  9.61449765e-01,  9.96812246e-01],
        [-3.89582719e-01,  0.00000000e+00,  1.05981724e-01, ...,
          7.59744055e-01,  7.78359338e-01,  8.86973463e-01],
        [-4.84996884e-01, -1.05981724e-01,  0.00000000e+00, ...,
          6.86553561e-01,  7.07438335e-01,  8.33033577e-01],
        ...,
        [-9.53033152e-01, -7.59744055e-01, -6.86553561e-01, ...,
          0.00000000e+00,  2.91247785e-02,  2.25864581e-01],
        [-9.61449765e-01, -7.78359338e-01, -7.07438335e-01, ...,
         -2.91247785e-02,  0.00000000e+00,  1.97396609e-01],
        [-9.96812246e-01, -8.86973463e-01, -8.33033577e-01, ...,
         -2.25864581e-01, -1.97396609e-01,  0.00000000e+00]],

       ...,

       [[ 0.00000000e+00,  5.35256069e-01,  4.40711098e-01, ...,
         -4.63245722e-01, -4.97698490e-02,  4.41293043e-01],
        [-5.35256069e-01,  0.00000000e+00, -1.08207885e-01, ...,
         -8.65658881e-01, -5.76632819e-01, -1.07563267e-01],
        [-4.40711098e-01,  1.08207885e-01,  0.00000000e+00, ...,
         -8.06403403e-01, -4.84840786e-01,  6.48401836e-04],
        ...,
        [ 4.63245722e-01,  8.65658881e-01,  8.06403403e-01, ...,
          0.00000000e+00,  4.18564100e-01,  8.06786676e-01],
        [ 4.97698490e-02,  5.76632819e-01,  4.84840786e-01, ...,
         -4.18564100e-01,  0.00000000e+00,  4.85407778e-01],
        [-4.41293043e-01,  1.07563267e-01, -6.48401836e-04, ...,
         -8.06786676e-01, -4.85407778e-01,  0.00000000e+00]],

       [[ 0.00000000e+00, -1.78232872e-01, -3.25742334e-01, ...,
          8.36213117e-01,  9.45763136e-01,  9.99925091e-01],
        [ 1.78232872e-01,  0.00000000e+00, -1.52014858e-01, ...,
          7.25080222e-01,  8.72719692e-01,  9.81733089e-01],
        [ 3.25742334e-01,  1.52014858e-01,  0.00000000e+00, ...,
          6.11966268e-01,  7.88360186e-01,  9.41400735e-01],
        ...,
        [-8.36213117e-01, -7.25080222e-01, -6.11966268e-01, ...,
          0.00000000e+00, -2.47011159e-01, -5.38128447e-01],
        [-9.45763136e-01, -8.72719692e-01, -7.88360186e-01, ...,
          2.47011159e-01,  0.00000000e+00, -3.13256737e-01],
        [-9.99925091e-01, -9.81733089e-01, -9.41400735e-01, ...,
          5.38128447e-01,  3.13256737e-01,  0.00000000e+00]],

       [[ 0.00000000e+00,  1.07347747e-01,  1.67558637e-01, ...,
          8.82301564e-01,  8.40365910e-01,  9.27170481e-01],
        [-1.07347747e-01,  0.00000000e+00,  6.07603286e-02, ...,
          8.26676289e-01,  7.77325313e-01,  8.81596132e-01],
        [-1.67558637e-01, -6.07603286e-02,  0.00000000e+00, ...,
          7.90960420e-01,  7.37664862e-01,  8.51288132e-01],
        ...,
        [-8.82301564e-01, -8.26676289e-01, -7.90960420e-01, ...,
          0.00000000e+00, -8.26773972e-02,  1.05859639e-01],
        [-8.40365910e-01, -7.77325313e-01, -7.37664862e-01, ...,
          8.26773972e-02,  0.00000000e+00,  1.87710054e-01],
        [-9.27170481e-01, -8.81596132e-01, -8.51288132e-01, ...,
         -1.05859639e-01, -1.87710054e-01,  0.00000000e+00]]]), 'num': array([7.10662235e-01, 7.03515996e-01, 1.31364683e-06, 4.20366986e-05,
       4.20366986e-05, 3.99503184e-05, 4.94156847e-03, 1.54546686e-07,
       3.87525815e-05, 3.88704234e-05, 3.85027311e-05, 4.94482347e-07,
       4.32833656e-05, 3.44574812e-05])}
{'img': array([[[ 0.00000000e+00, -3.44529449e-01, -1.85511802e-01, ...,
          6.72920655e-01,  9.98921049e-01,  9.97100626e-01],
        [ 3.44529449e-01,  0.00000000e+00,  1.64395183e-01, ...,
          8.86574919e-01,  9.21762432e-01,  9.09836925e-01],
        [ 1.85511802e-01, -1.64395183e-01,  0.00000000e+00, ...,
          7.98465923e-01,  9.72966518e-01,  9.65676601e-01],
        ...,
        [-6.72920655e-01, -8.86574919e-01, -7.98465923e-01, ...,
          0.00000000e+00,  7.70167454e-01,  7.88775381e-01],
        [-9.98921049e-01, -9.21762432e-01, -9.72966518e-01, ...,
         -7.70167454e-01,  0.00000000e+00,  2.97061471e-02],
        [-9.97100626e-01, -9.09836925e-01, -9.65676601e-01, ...,
         -7.88775381e-01, -2.97061471e-02,  0.00000000e+00]],

       [[ 0.00000000e+00, -8.92219078e-02, -2.09378796e-01, ...,
          1.07346645e-01,  8.31523128e-01,  3.34128015e-01],
        [ 8.92219078e-02,  0.00000000e+00, -1.21299477e-01, ...,
          1.95624875e-01,  8.77768714e-01,  4.16889557e-01],
        [ 2.09378796e-01,  1.21299477e-01,  0.00000000e+00, ...,
          3.13136198e-01,  9.29399947e-01,  5.24067253e-01],
        ...,
        [-1.07346645e-01, -1.95624875e-01, -3.13136198e-01, ...,
          0.00000000e+00,  7.67088297e-01,  2.31020121e-01],
        [-8.31523128e-01, -8.77768714e-01, -9.29399947e-01, ...,
         -7.67088297e-01,  0.00000000e+00, -5.98128767e-01],
        [-3.34128015e-01, -4.16889557e-01, -5.24067253e-01, ...,
         -2.31020121e-01,  5.98128767e-01,  0.00000000e+00]],

       [[ 0.00000000e+00,  3.07299337e-01,  4.25754518e-01, ...,
          9.44879128e-01,  9.92258012e-01,  9.93787937e-01],
        [-3.07299337e-01,  0.00000000e+00,  1.27097157e-01, ...,
          7.98543419e-01,  9.06080933e-01,  9.79900866e-01],
        [-4.25754518e-01, -1.27097157e-01,  0.00000000e+00, ...,
          7.15562941e-01,  8.44957495e-01,  9.46600152e-01],
        ...,
        [-9.44879128e-01, -7.98543419e-01, -7.15562941e-01, ...,
          0.00000000e+00,  2.07536586e-01,  4.30541308e-01],
        [-9.92258012e-01, -9.06080933e-01, -8.44957495e-01, ...,
         -2.07536586e-01,  0.00000000e+00,  2.33850765e-01],
        [-9.93787937e-01, -9.79900866e-01, -9.46600152e-01, ...,
         -4.30541308e-01, -2.33850765e-01,  0.00000000e+00]],

       ...,

       [[ 0.00000000e+00, -1.08207885e-01, -2.79544613e-01, ...,
         -5.76632819e-01, -1.07563267e-01,  1.00253218e-01],
        [ 1.08207885e-01,  0.00000000e+00, -1.74009279e-01, ...,
         -4.84840786e-01,  6.48401836e-04,  2.07327288e-01],
        [ 2.79544613e-01,  1.74009279e-01,  0.00000000e+00, ...,
         -3.25255122e-01,  1.74647752e-01,  3.74392648e-01],
        ...,
        [ 5.76632819e-01,  4.84840786e-01,  3.25255122e-01, ...,
          0.00000000e+00,  4.85407778e-01,  6.55634939e-01],
        [ 1.07563267e-01, -6.48401836e-04, -1.74647752e-01, ...,
         -4.85407778e-01,  0.00000000e+00,  2.06692931e-01],
        [-1.00253218e-01, -2.07327288e-01, -3.74392648e-01, ...,
         -6.55634939e-01, -2.06692931e-01,  0.00000000e+00]],

       [[ 0.00000000e+00, -1.52014858e-01, -2.72775802e-01, ...,
          8.72719692e-01,  9.81733089e-01,  9.99700753e-01],
        [ 1.52014858e-01,  0.00000000e+00, -1.23355565e-01, ...,
          7.88360186e-01,  9.41400735e-01,  9.84363805e-01],
        [ 2.72775802e-01,  1.23355565e-01,  0.00000000e+00, ...,
          7.06449049e-01,  8.92604203e-01,  9.55117003e-01],
        ...,
        [-8.72719692e-01, -7.88360186e-01, -7.06449049e-01, ...,
          0.00000000e+00, -3.13256737e-01, -4.66726772e-01],
        [-9.81733089e-01, -9.41400735e-01, -8.92604203e-01, ...,
          3.13256737e-01,  0.00000000e+00, -1.66190956e-01],
        [-9.99700753e-01, -9.84363805e-01, -9.55117003e-01, ...,
          4.66726772e-01,  1.66190956e-01,  0.00000000e+00]],

       [[ 0.00000000e+00,  6.07603286e-02,  9.59376643e-02, ...,
          7.77325313e-01,  8.81596132e-01,  9.46381752e-01],
        [-6.07603286e-02,  0.00000000e+00,  3.52803463e-02, ...,
          7.37664862e-01,  8.51288132e-01,  9.25004552e-01],
        [-9.59376643e-02, -3.52803463e-02,  0.00000000e+00, ...,
          7.13385505e-01,  8.32246622e-01,  9.11023715e-01],
        ...,
        [-7.77325313e-01, -7.37664862e-01, -7.13385505e-01, ...,
          0.00000000e+00,  1.87710054e-01,  3.44252393e-01],
        [-8.81596132e-01, -8.51288132e-01, -8.32246622e-01, ...,
         -1.87710054e-01,  0.00000000e+00,  1.61896450e-01],
        [-9.46381752e-01, -9.25004552e-01, -9.11023715e-01, ...,
         -3.44252393e-01, -1.61896450e-01,  0.00000000e+00]]]), 'num': array([ 7.06704489e-01,  7.06704489e-01,  0.00000000e+00,  3.20412629e-04,
        3.33588475e-04,  3.17418118e-04,  3.37157932e-02, -5.39011899e-06,
        3.08494477e-04,  3.01532240e-04,  2.99316302e-04,  3.87447637e-06,
        3.36245050e-04,  2.66819430e-04])}
{'img': array([[[ 0.00000000e+00,  1.64395183e-01,  4.40078748e-01, ...,
          9.21762432e-01,  9.09836925e-01,  9.56260321e-01],
        [-1.64395183e-01,  0.00000000e+00,  2.86471117e-01, ...,
          9.72966518e-01,  9.65676601e-01,  9.91338363e-01],
        [-4.40078748e-01, -2.86471117e-01,  0.00000000e+00, ...,
          9.98347821e-01,  9.99614134e-01,  9.87413255e-01],
        ...,
        [-9.21762432e-01, -9.72966518e-01, -9.98347821e-01, ...,
          0.00000000e+00,  2.97061471e-02, -1.01163631e-01],
        [-9.09836925e-01, -9.65676601e-01, -9.99614134e-01, ...,
         -2.97061471e-02,  0.00000000e+00, -1.30672733e-01],
        [-9.56260321e-01, -9.91338363e-01, -9.87413255e-01, ...,
          1.01163631e-01,  1.30672733e-01,  0.00000000e+00]],

       [[ 0.00000000e+00, -1.21299477e-01,  1.32129513e-02, ...,
          8.77768714e-01,  4.16889557e-01,  3.79380656e-01],
        [ 1.21299477e-01,  0.00000000e+00,  1.34404274e-01, ...,
          9.29399947e-01,  5.24067253e-01,  4.88810503e-01],
        [-1.32129513e-02, -1.34404274e-01,  0.00000000e+00, ...,
          8.71361967e-01,  4.04843158e-01,  3.67122378e-01],
        ...,
        [-8.77768714e-01, -9.29399947e-01, -8.71361967e-01, ...,
          0.00000000e+00, -5.98128767e-01, -6.30391880e-01],
        [-4.16889557e-01, -5.24067253e-01, -4.04843158e-01, ...,
          5.98128767e-01,  0.00000000e+00, -4.08824180e-02],
        [-3.79380656e-01, -4.88810503e-01, -3.67122378e-01, ...,
          6.30391880e-01,  4.08824180e-02,  0.00000000e+00]],

       [[ 0.00000000e+00,  3.05892320e-01,  5.08339039e-01, ...,
          9.88370324e-01,  9.96008700e-01,  9.49406582e-01],
        [-3.05892320e-01,  0.00000000e+00,  2.20551054e-01, ...,
          8.94478038e-01,  9.75568920e-01,  9.99963193e-01],
        [-5.08339039e-01, -2.20551054e-01,  0.00000000e+00, ...,
          7.73840904e-01,  9.03092299e-01,  9.77231812e-01],
        ...,
        [-9.88370324e-01, -8.94478038e-01, -7.73840904e-01, ...,
          0.00000000e+00,  2.39677352e-01,  4.54769863e-01],
        [-9.96008700e-01, -9.75568920e-01, -9.03092299e-01, ...,
         -2.39677352e-01,  0.00000000e+00,  2.28055699e-01],
        [-9.49406582e-01, -9.99963193e-01, -9.77231812e-01, ...,
         -4.54769863e-01, -2.28055699e-01,  0.00000000e+00]],

       ...,

       [[ 0.00000000e+00, -1.74009279e-01, -4.19677205e-02, ...,
          6.48401836e-04,  2.07327288e-01,  2.32388504e-01],
        [ 1.74009279e-01,  0.00000000e+00,  1.32528510e-01, ...,
          1.74647752e-01,  3.74392648e-01,  3.98088623e-01],
        [ 4.19677205e-02, -1.32528510e-01,  0.00000000e+00, ...,
          4.26155423e-02,  2.48200457e-01,  2.73002534e-01],
        ...,
        [-6.48401836e-04, -1.74647752e-01, -4.26155423e-02, ...,
          0.00000000e+00,  2.06692931e-01,  2.31757805e-01],
        [-2.07327288e-01, -3.74392648e-01, -2.48200457e-01, ...,
         -2.06692931e-01,  0.00000000e+00,  2.56877847e-02],
        [-2.32388504e-01, -3.98088623e-01, -2.73002534e-01, ...,
         -2.31757805e-01, -2.56877847e-02,  0.00000000e+00]],

       [[ 0.00000000e+00, -1.23355565e-01, -2.63812727e-01, ...,
          9.41400735e-01,  9.84363805e-01,  9.79072822e-01],
        [ 1.23355565e-01,  0.00000000e+00, -1.42812307e-01, ...,
          8.92604203e-01,  9.55117003e-01,  9.46491072e-01],
        [ 2.63812727e-01,  1.42812307e-01,  0.00000000e+00, ...,
          8.19069158e-01,  9.03021732e-01,  8.90699524e-01],
        ...,
        [-9.41400735e-01, -8.92604203e-01, -8.19069158e-01, ...,
          0.00000000e+00, -1.66190956e-01, -1.38646965e-01],
        [-9.84363805e-01, -9.55117003e-01, -9.03021732e-01, ...,
          1.66190956e-01,  0.00000000e+00,  2.78669786e-02],
        [-9.79072822e-01, -9.46491072e-01, -8.90699524e-01, ...,
          1.38646965e-01, -2.78669786e-02,  0.00000000e+00]],

       [[ 0.00000000e+00,  3.52803463e-02,  7.42921154e-02, ...,
          8.51288132e-01,  9.25004552e-01,  9.18482090e-01],
        [-3.52803463e-02,  0.00000000e+00,  3.90630153e-02, ...,
          8.32246622e-01,  9.11023715e-01,  9.03958237e-01],
        [-7.42921154e-02, -3.90630153e-02,  0.00000000e+00, ...,
          8.09954655e-01,  8.94220587e-01,  8.86564134e-01],
        ...,
        [-8.51288132e-01, -8.32246622e-01, -8.09954655e-01, ...,
          0.00000000e+00,  1.61896450e-01,  1.45273578e-01],
        [-9.25004552e-01, -9.11023715e-01, -8.94220587e-01, ...,
         -1.61896450e-01,  0.00000000e+00, -1.68218831e-02],
        [-9.18482090e-01, -9.03958237e-01, -8.86564134e-01, ...,
         -1.45273578e-01,  1.68218831e-02,  0.00000000e+00]]]), 'num': array([ 7.66555675e-01,  6.41196056e-01,  2.39235914e-05,  3.41579344e-04,
        3.53964854e-04,  3.35060654e-04,  3.54839662e-02, -7.17055874e-06,
        3.42166026e-04,  3.27352303e-04,  3.26700434e-04,  3.81977522e-06,
        3.63080596e-04,  2.91624010e-04])}
{'img': array([[[ 0.        ,  0.41249712,  0.55959365, ...,  0.91165387,
          0.95772922,  0.99057294],
        [-0.41249712,  0.        ,  0.16790277, ...,  0.99999858,
          0.99111552,  0.9588777 ],
        [-0.55959365, -0.16790277,  0.        , ...,  0.98551875,
          0.95471349,  0.89761095],
        ...,
        [-0.91165387, -0.99999858, -0.98551875, ...,  0.        ,
         -0.13133076, -0.28220068],
        [-0.95772922, -0.99111552, -0.95471349, ...,  0.13133076,
          0.        , -0.15376356],
        [-0.99057294, -0.9588777 , -0.89761095, ...,  0.28220068,
          0.15376356,  0.        ]],

       [[ 0.        ,  0.13440427,  0.37540383, ...,  0.52406725,
          0.4888105 ,  0.47970674],
        [-0.13440427,  0.        ,  0.24742351, ...,  0.40484316,
          0.36712238,  0.35742397],
        [-0.37540383, -0.24742351,  0.        , ...,  0.16601491,
          0.12556102,  0.11523147],
        ...,
        [-0.52406725, -0.40484316, -0.16601491, ...,  0.        ,
         -0.04088242, -0.0512766 ],
        [-0.4888105 , -0.36712238, -0.12556102, ...,  0.04088242,
          0.        , -0.01040509],
        [-0.47970674, -0.35742397, -0.11523147, ...,  0.0512766 ,
          0.01040509,  0.        ]],

       [[ 0.        ,  0.42143504,  0.46588866, ...,  0.99776019,
          0.95481346,  0.88627113],
        [-0.42143504,  0.        ,  0.04959114, ...,  0.93301823,
          0.99113371,  0.99891731],
        [-0.46588866, -0.04959114,  0.        , ...,  0.91402591,
          0.98332513,  0.99999528],
        ...,
        [-0.99776019, -0.93301823, -0.91402591, ...,  0.        ,
          0.23267025,  0.40284454],
        [-0.95481346, -0.99113371, -0.98332513, ..., -0.23267025,
          0.        ,  0.17883302],
        [-0.88627113, -0.99891731, -0.99999528, ..., -0.40284454,
         -0.17883302,  0.        ]],

       ...,

       [[ 0.        ,  0.13252851,  0.14706238, ...,  0.37439265,
          0.39808862,  0.18858127],
        [-0.13252851,  0.        ,  0.01467761, ...,  0.24820046,
          0.27300253,  0.0567672 ],
        [-0.14706238, -0.01467761,  0.        , ...,  0.23395539,
          0.25885307,  0.04210714],
        ...,
        [-0.37439265, -0.24820046, -0.23395539, ...,  0.        ,
          0.02568778, -0.19280934],
        [-0.39808862, -0.27300253, -0.25885307, ..., -0.02568778,
          0.        , -0.2179515 ],
        [-0.18858127, -0.0567672 , -0.04210714, ...,  0.19280934,
          0.2179515 ,  0.        ]],

       [[ 0.        , -0.14281231, -0.38802779, ...,  0.955117  ,
          0.94649107,  0.97230929],
        [ 0.14281231,  0.        , -0.25242779, ...,  0.90302173,
          0.89069952,  0.928968  ],
        [ 0.38802779,  0.25242779,  0.        , ...,  0.76533635,
          0.74710309,  0.80544538],
        ...,
        [-0.955117  , -0.90302173, -0.76533635, ...,  0.        ,
          0.02786698, -0.06481733],
        [-0.94649107, -0.89069952, -0.74710309, ..., -0.02786698,
          0.        , -0.09260054],
        [-0.97230929, -0.928968  , -0.80544538, ...,  0.06481733,
          0.09260054,  0.        ]],

       [[ 0.        ,  0.03906302,  0.07108073, ...,  0.91102372,
          0.90395824,  0.93539426],
        [-0.03906302,  0.        ,  0.03206227, ...,  0.89422059,
          0.88656413,  0.92086738],
        [-0.07108073, -0.03206227,  0.        , ...,  0.87940892,
          0.87127614,  0.90789363],
        ...,
        [-0.91102372, -0.89422059, -0.87940892, ...,  0.        ,
         -0.01682188,  0.06356959],
        [-0.90395824, -0.88656413, -0.87127614, ...,  0.01682188,
          0.        ,  0.08034845],
        [-0.93539426, -0.92086738, -0.90789363, ..., -0.06356959,
         -0.08034845,  0.        ]]]), 'num': array([7.68545214e-01, 6.33769409e-01, 2.41101618e-05, 3.61329235e-04,
       3.63914775e-04, 3.35473833e-04, 8.75994574e-02, 2.26234762e-05,
       3.49565027e-04, 3.25212471e-04, 3.25223244e-04, 3.78764082e-06,
       3.62680995e-04, 2.87743947e-04])}
{'img': array([[[ 0.        ,  0.40576263,  0.7289304 , ...,  0.96707796,
          0.99530636,  0.80107326],
        [-0.40576263,  0.        ,  0.38844656, ...,  0.98714705,
          0.94895596,  0.97503958],
        [-0.7289304 , -0.38844656,  0.        , ...,  0.8475482 ,
          0.75191626,  0.98471817],
        ...,
        [-0.96707796, -0.98714705, -0.8475482 , ...,  0.        ,
         -0.15969766,  0.37500293],
        [-0.99530636, -0.94895596, -0.75191626, ...,  0.15969766,
          0.        ,  0.51823364],
        [-0.80107326, -0.97503958, -0.98471817, ..., -0.37500293,
         -0.51823364,  0.        ]],

       [[ 0.        ,  0.35294837,  0.57121573, ...,  0.47325927,
          0.46371381,  0.74637693],
        [-0.35294837,  0.        ,  0.24475387, ...,  0.13188122,
          0.1211635 ,  0.46344678],
        [-0.57121573, -0.24475387,  0.        , ..., -0.11474599,
         -0.12547231,  0.2324687 ],
        ...,
        [-0.47325927, -0.13188122,  0.11474599, ...,  0.        ,
         -0.01080439,  0.34253561],
        [-0.46371381, -0.1211635 ,  0.12547231, ...,  0.01080439,
          0.        ,  0.35266639],
        [-0.74637693, -0.46344678, -0.2324687 , ..., -0.34253561,
         -0.35266639,  0.        ]],

       [[ 0.        ,  0.21365392,  0.45965132, ...,  0.96482923,
          0.89948826,  0.69463686],
        [-0.21365392,  0.        ,  0.25929177, ...,  0.99871556,
          0.97207354,  0.8322915 ],
        [-0.45965132, -0.25929177,  0.        , ...,  0.97769629,
          0.99967736,  0.94756166],
        ...,
        [-0.96482923, -0.99871556, -0.97769629, ...,  0.        ,
          0.18512208,  0.51145574],
        [-0.89948826, -0.97207354, -0.99967736, ..., -0.18512208,
          0.        ,  0.34353832],
        [-0.69463686, -0.8322915 , -0.94756166, ..., -0.51145574,
         -0.34353832,  0.        ]],

       ...,

       [[ 0.        ,  0.01467761,  0.17068308, ...,  0.27300253,
          0.0567672 ,  0.0567672 ],
        [-0.01467761,  0.        ,  0.15620246, ...,  0.25885307,
          0.04210714,  0.04210714],
        [-0.17068308, -0.15620246,  0.        , ...,  0.1047971 ,
         -0.11447364, -0.11447364],
        ...,
        [-0.27300253, -0.25885307, -0.1047971 , ...,  0.        ,
         -0.2179515 , -0.2179515 ],
        [-0.0567672 , -0.04210714,  0.11447364, ...,  0.2179515 ,
          0.        ,  0.        ],
        [-0.0567672 , -0.04210714,  0.11447364, ...,  0.2179515 ,
          0.        ,  0.        ]],

       [[ 0.        , -0.25242779,  0.05624238, ...,  0.89069952,
          0.928968  ,  0.89405557],
        [ 0.25242779,  0.        ,  0.30644924, ...,  0.74710309,
          0.80544538,  0.75202568],
        [-0.05624238, -0.30644924,  0.        , ...,  0.91485704,
          0.94831626,  0.91783453],
        ...,
        [-0.89069952, -0.74710309, -0.91485704, ...,  0.        ,
         -0.09260054, -0.00743673],
        [-0.928968  , -0.80544538, -0.94831626, ...,  0.09260054,
          0.        ,  0.0851932 ],
        [-0.89405557, -0.75202568, -0.91783453, ...,  0.00743673,
         -0.0851932 ,  0.        ]],

       [[ 0.        ,  0.03206227, -0.0216389 , ...,  0.88656413,
          0.92086738,  0.8797196 ],
        [-0.03206227,  0.        , -0.05368253, ...,  0.87127614,
          0.90789363,  0.86402193],
        [ 0.0216389 ,  0.05368253,  0.        , ...,  0.89636682,
          0.92908825,  0.88980275],
        ...,
        [-0.88656413, -0.87127614, -0.89636682, ...,  0.        ,
          0.08034845, -0.01459158],
        [-0.92086738, -0.90789363, -0.92908825, ..., -0.08034845,
          0.        , -0.09488431],
        [-0.8797196 , -0.86402193, -0.88980275, ...,  0.01459158,
          0.09488431,  0.        ]]]), 'num': array([ 7.27483346e-01,  6.84532053e-01,  8.10401750e-06,  3.25388581e-04,
        3.46262566e-04,  3.20477056e-04,  4.67228534e-02, -1.78042809e-05,
        3.30545683e-04,  3.09809836e-04,  3.09743325e-04,  3.06970360e-06,
        3.46097770e-04,  2.73521901e-04])}
{'img': array([[[ 0.        ,  0.43735369,  0.25083239, ...,  0.97117852,
          0.95186014,  0.98841468],
        [-0.43735369,  0.        , -0.19780077, ...,  0.76912604,
          0.9900611 ,  0.82249057],
        [-0.25083239,  0.19780077,  0.        , ...,  0.88034374,
          0.998318  ,  0.91874487],
        ...,
        [-0.97117852, -0.76912604, -0.88034374, ...,  0.        ,
          0.52457691,  0.0881888 ],
        [-0.95186014, -0.9900611 , -0.998318  , ..., -0.52457691,
          0.        , -0.44745235],
        [-0.98841468, -0.82249057, -0.91874487, ..., -0.0881888 ,
          0.44745235,  0.        ]],

       [[ 0.        ,  0.24555119, -0.08870243, ...,  0.12166771,
          0.46447767,  0.23478603],
        [-0.24555119,  0.        , -0.33056995, ..., -0.12578428,
          0.23280063, -0.01108959],
        [ 0.08870243,  0.33056995,  0.        , ...,  0.20923156,
          0.5412003 ,  0.32008347],
        ...,
        [-0.12166771,  0.12578428, -0.20923156, ...,  0.        ,
          0.35327993,  0.11477503],
        [-0.46447767, -0.23280063, -0.5412003 , ..., -0.35327993,
          0.        , -0.24357121],
        [-0.23478603,  0.01108959, -0.32008347, ..., -0.11477503,
          0.24357121,  0.        ]],

       [[ 0.        ,  0.41427284,  0.55073365, ...,  0.90265335,
          0.69801549,  0.73968254],
        [-0.41427284,  0.        ,  0.15546606, ...,  0.99984235,
          0.93195431,  0.95201147],
        [-0.55073365, -0.15546606,  0.        , ...,  0.99044598,
          0.97699112,  0.98801849],
        ...,
        [-0.90265335, -0.99984235, -0.99044598, ...,  0.        ,
          0.34597062,  0.28910999],
        [-0.69801549, -0.93195431, -0.97699112, ..., -0.34597062,
          0.        , -0.05994014],
        [-0.73968254, -0.95201147, -0.98801849, ..., -0.28910999,
          0.05994014,  0.        ]],

       ...,

       [[ 0.        ,  0.15620246,  0.25463176, ...,  0.04210714,
          0.04210714, -0.26526148],
        [-0.15620246,  0.        ,  0.10045244, ..., -0.11447364,
         -0.11447364, -0.41261215],
        [-0.25463176, -0.10045244,  0.        , ..., -0.21368671,
         -0.21368671, -0.50202791],
        ...,
        [-0.04210714,  0.11447364,  0.21368671, ...,  0.        ,
          0.        , -0.30562494],
        [-0.04210714,  0.11447364,  0.21368671, ...,  0.        ,
          0.        , -0.30562494],
        [ 0.26526148,  0.41261215,  0.50202791, ...,  0.30562494,
          0.30562494,  0.        ]],

       [[ 0.        ,  0.30644924,  0.44359948, ...,  0.80544538,
          0.75202568,  0.71231537],
        [-0.30644924,  0.        ,  0.14760906, ...,  0.94831626,
          0.91783453,  0.89312806],
        [-0.44359948, -0.14760906,  0.        , ...,  0.9847685 ,
          0.96637573,  0.94973947],
        ...,
        [-0.80544538, -0.94831626, -0.9847685 , ...,  0.        ,
          0.0851932 ,  0.14314156],
        [-0.75202568, -0.91783453, -0.96637573, ..., -0.0851932 ,
          0.        ,  0.05830526],
        [-0.71231537, -0.89312806, -0.94973947, ..., -0.14314156,
         -0.05830526,  0.        ]],

       [[ 0.        , -0.05368253, -0.03658314, ...,  0.90789363,
          0.86402193,  0.87136071],
        [ 0.05368253,  0.        ,  0.01711621, ...,  0.92908825,
          0.88980275,  0.89644321],
        [ 0.03658314, -0.01711621,  0.        , ...,  0.92262157,
          0.8818615 ,  0.88872669],
        ...,
        [-0.90789363, -0.92908825, -0.92262157, ...,  0.        ,
         -0.09488431, -0.08017668],
        [-0.86402193, -0.88980275, -0.8818615 , ...,  0.09488431,
          0.        ,  0.0147639 ],
        [-0.87136071, -0.89644321, -0.88872669, ...,  0.08017668,
         -0.0147639 ,  0.        ]]]), 'num': array([7.10315475e-01, 6.99971272e-01, 1.85712805e-06, 3.33683976e-04,
       3.36679343e-04, 3.12716401e-04, 7.41036028e-02, 1.61749863e-05,
       3.24098799e-04, 3.03984904e-04, 3.03276000e-04, 3.33446607e-06,
       3.41912589e-04, 2.66057218e-04])}
{'img': array([[[ 0.        , -0.19780077,  0.23297229, ...,  0.9900611 ,
          0.82249057,  0.98440319],
        [ 0.19780077,  0.        ,  0.42072724, ...,  0.998318  ,
          0.91874487,  0.99975212],
        [-0.23297229, -0.42072724,  0.        , ...,  0.93005322,
          0.66734872,  0.91632958],
        ...,
        [-0.9900611 , -0.998318  , -0.93005322, ...,  0.        ,
         -0.44745235, -0.03573422],
        [-0.82249057, -0.91874487, -0.66734872, ...,  0.44745235,
          0.        ,  0.41520919],
        [-0.98440319, -0.99975212, -0.91632958, ...,  0.03573422,
         -0.41520919,  0.        ]],

       [[ 0.        , -0.33056995,  0.24367809, ...,  0.23280063,
         -0.01108959,  0.18979872],
        [ 0.33056995,  0.        ,  0.55058418, ...,  0.5412003 ,
          0.32008347,  0.50368971],
        [-0.24367809, -0.55058418,  0.        , ..., -0.01119978,
         -0.25441841, -0.0551713 ],
        ...,
        [-0.23280063, -0.5412003 ,  0.01119978, ...,  0.        ,
         -0.24357121, -0.04398512],
        [ 0.01108959, -0.32008347,  0.25441841, ...,  0.24357121,
          0.        ,  0.20067506],
        [-0.18979872, -0.50368971,  0.0551713 , ...,  0.04398512,
         -0.20067506,  0.        ]],

       [[ 0.        ,  0.38961372,  0.6420079 , ...,  0.71145849,
          0.75339092,  0.70772196],
        [-0.38961372,  0.        ,  0.29255931, ...,  0.9290304 ,
          0.95005616,  0.92705523],
        [-0.6420079 , -0.29255931,  0.        , ...,  0.99663082,
          0.99979033,  0.99618187],
        ...,
        [-0.71145849, -0.9290304 , -0.99663082, ...,  0.        ,
         -0.06159316,  0.00530293],
        [-0.75339092, -0.95005616, -0.99979033, ...,  0.06159316,
          0.        ,  0.06688516],
        [-0.70772196, -0.92705523, -0.99618187, ..., -0.00530293,
         -0.06688516,  0.        ]],

       ...,

       [[ 0.        ,  0.10045244,  0.27369857, ..., -0.11447364,
         -0.41261215, -0.21779662],
        [-0.10045244,  0.        ,  0.17569745, ..., -0.21368671,
         -0.50202791, -0.31473597],
        [-0.27369857, -0.17569745,  0.        , ..., -0.38200188,
         -0.64617066, -0.47660838],
        ...,
        [ 0.11447364,  0.21368671,  0.38200188, ...,  0.        ,
         -0.30562494, -0.10463928],
        [ 0.41261215,  0.50202791,  0.64617066, ...,  0.30562494,
          0.        ,  0.20431464],
        [ 0.21779662,  0.31473597,  0.47660838, ...,  0.10463928,
         -0.20431464,  0.        ]],

       [[ 0.        ,  0.33288876,  0.5925957 , ...,  0.75930781,
          0.71948253,  0.58554046],
        [-0.33288876,  0.        ,  0.29065575, ...,  0.93262277,
          0.90964239,  0.82199881],
        [-0.5925957 , -0.29065575,  0.        , ...,  0.99724325,
          0.99110718,  0.95203654],
        ...,
        [-0.75930781, -0.93262277, -0.99724325, ...,  0.        ,
          0.05915723,  0.234498  ],
        [-0.71948253, -0.90964239, -0.99110718, ..., -0.05915723,
          0.        ,  0.17657959],
        [-0.58554046, -0.82199881, -0.95203654, ..., -0.234498  ,
         -0.17657959,  0.        ]],

       [[ 0.        ,  0.01711621, -0.04753167, ...,  0.88980275,
          0.89644321,  0.87007324],
        [-0.01711621,  0.        , -0.06462156, ...,  0.8818615 ,
          0.88872669,  0.86150881],
        [ 0.04753167,  0.06462156,  0.        , ...,  0.91048789,
          0.91649406,  0.89251925],
        ...,
        [-0.88980275, -0.8818615 , -0.91048789, ...,  0.        ,
          0.0147639 , -0.04154992],
        [-0.89644321, -0.88872669, -0.91649406, ..., -0.0147639 ,
          0.        , -0.05629654],
        [-0.87007324, -0.86150881, -0.89251925, ...,  0.04154992,
          0.05629654,  0.        ]]]), 'num': array([ 7.06757064e-01,  7.01963310e-01,  8.94357190e-07,  3.19583636e-04,
        3.50588019e-04,  3.14813731e-04,  8.79838792e-02, -1.25210007e-05,
        3.22684074e-04,  3.04230504e-04,  3.02501414e-04,  3.34392105e-06,
        3.41862767e-04,  2.66598242e-04])}
{'img': array([[[ 0.        ,  0.42072724,  0.42072724, ...,  0.91874487,
          0.99975212,  0.95040836],
        [-0.42072724,  0.        ,  0.        , ...,  0.66734872,
          0.91632958,  0.73135012],
        [-0.42072724,  0.        ,  0.        , ...,  0.66734872,
          0.91632958,  0.73135012],
        ...,
        [-0.91874487, -0.66734872, -0.66734872, ...,  0.        ,
          0.41520919,  0.08953633],
        [-0.99975212, -0.91632958, -0.91632958, ..., -0.41520919,
          0.        , -0.332088  ],
        [-0.95040836, -0.73135012, -0.73135012, ..., -0.08953633,
          0.332088  ,  0.        ]],

       [[ 0.        ,  0.55058418,  0.1124462 , ...,  0.32008347,
          0.50368971,  0.57692817],
        [-0.55058418,  0.        , -0.45322446, ..., -0.25441841,
         -0.0551713 ,  0.03189355],
        [-0.1124462 ,  0.45322446,  0.        , ...,  0.21152311,
          0.40335466,  0.4814237 ],
        ...,
        [-0.32008347,  0.25441841, -0.21152311, ...,  0.        ,
          0.20067506,  0.28513305],
        [-0.50368971,  0.0551713 , -0.40335466, ..., -0.20067506,
          0.        ,  0.08698821],
        [-0.57692817, -0.03189355, -0.4814237 , ..., -0.28513305,
         -0.08698821,  0.        ]],

       [[ 0.        ,  0.5435556 ,  0.7099902 , ...,  0.76545723,
          0.71957258,  0.71577111],
        [-0.5435556 ,  0.        ,  0.21316858, ...,  0.9922751 ,
          0.98144429,  0.98038294],
        [-0.7099902 , -0.21316858,  0.        , ...,  0.99591313,
          0.99976076,  0.99986527],
        ...,
        [-0.76545723, -0.9922751 , -0.99591313, ...,  0.        ,
          0.06851125,  0.0739563 ],
        [-0.71957258, -0.98144429, -0.99976076, ..., -0.06851125,
          0.        ,  0.0054589 ],
        [-0.71577111, -0.98038294, -0.99986527, ..., -0.0739563 ,
         -0.0054589 ,  0.        ]],

       ...,

       [[ 0.        ,  0.17569745,  0.62565556, ..., -0.50202791,
         -0.31473597, -0.30033197],
        [-0.17569745,  0.        ,  0.47886151, ..., -0.64617066,
         -0.47660838, -0.4632464 ],
        [-0.62565556, -0.47886151,  0.        , ..., -0.93273079,
         -0.83938463, -0.83106081],
        ...,
        [ 0.50202791,  0.64617066,  0.93273079, ...,  0.        ,
          0.20431464,  0.21910914],
        [ 0.31473597,  0.47660838,  0.83938463, ..., -0.20431464,
          0.        ,  0.01513722],
        [ 0.30033197,  0.4632464 ,  0.83106081, ..., -0.21910914,
         -0.01513722,  0.        ]],

       [[ 0.        ,  0.51281563,  0.67246166, ...,  0.72803196,
          0.59315973,  0.52681021],
        [-0.51281563,  0.        ,  0.19775626, ...,  0.9765718 ,
          0.92208697,  0.88815045],
        [-0.67246166, -0.19775626,  0.        , ...,  0.99984123,
          0.98040513,  0.96149001],
        ...,
        [-0.72803196, -0.9765718 , -0.99984123, ...,  0.        ,
          0.17949085,  0.2576636 ],
        [-0.59315973, -0.92208697, -0.98040513, ..., -0.17949085,
          0.        ,  0.08004877],
        [-0.52681021, -0.88815045, -0.96149001, ..., -0.2576636 ,
         -0.08004877,  0.        ]],

       [[ 0.        , -0.06462156, -0.12725922, ...,  0.88872669,
          0.86150881,  0.91850227],
        [ 0.06462156,  0.        , -0.06289707, ...,  0.91649406,
          0.89251925,  0.94213484],
        [ 0.12725922,  0.06289707,  0.        , ...,  0.93984128,
          0.91911924,  0.96135468],
        ...,
        [-0.88872669, -0.91649406, -0.93984128, ...,  0.        ,
         -0.05629654,  0.06965933],
        [-0.86150881, -0.89251925, -0.91911924, ...,  0.05629654,
          0.        ,  0.12570864],
        [-0.91850227, -0.94213484, -0.96135468, ..., -0.06965933,
         -0.12570864,  0.        ]]]), 'num': array([ 7.07716952e-01,  7.05551813e-01,  4.17980437e-07,  3.09305523e-04,
        3.20053592e-04,  2.99751685e-04,  3.65046200e-02, -1.07480684e-05,
        3.22442051e-04,  3.06170670e-04,  3.03513509e-04,  3.55856360e-06,
        3.42065422e-04,  2.70275918e-04])}
{'img': array([[[ 0.        ,  0.        ,  0.66734872, ...,  0.91632958,
          0.73135012,  0.52665579],
        [ 0.        ,  0.        ,  0.66734872, ...,  0.91632958,
          0.73135012,  0.52665579],
        [-0.66734872, -0.66734872,  0.        , ...,  0.41520919,
          0.08953633, -0.17507441],
        ...,
        [-0.91632958, -0.91632958, -0.41520919, ...,  0.        ,
         -0.332088  , -0.5680661 ],
        [-0.73135012, -0.73135012, -0.08953633, ...,  0.332088  ,
          0.        , -0.2625247 ],
        [-0.52665579, -0.52665579,  0.17507441, ...,  0.5680661 ,
          0.2625247 ,  0.        ]],

       [[ 0.        , -0.45322446,  0.7941488 , ..., -0.0551713 ,
          0.03189355, -0.32805277],
        [ 0.45322446,  0.        ,  0.98333649, ...,  0.40335466,
          0.4814237 ,  0.13571768],
        [-0.7941488 , -0.98333649,  0.        , ..., -0.82646812,
         -0.77436233, -0.94956546],
        ...,
        [ 0.0551713 , -0.40335466,  0.82646812, ...,  0.        ,
          0.08698821, -0.27543503],
        [-0.03189355, -0.4814237 ,  0.77436233, ..., -0.08698821,
          0.        , -0.35801443],
        [ 0.32805277, -0.13571768,  0.94956546, ...,  0.27543503,
          0.35801443,  0.        ]],

       [[ 0.        ,  0.52185347,  0.84976819, ...,  0.74440209,
          0.74055888,  0.76297129],
        [-0.52185347,  0.        ,  0.44978365, ...,  0.98345921,
          0.98240383,  0.9881843 ],
        [-0.84976819, -0.44978365,  0.        , ...,  0.95983353,
          0.96142744,  0.95152298],
        ...,
        [-0.74440209, -0.98345921, -0.95983353, ...,  0.        ,
          0.00573728, -0.02825445],
        [-0.74055888, -0.98240383, -0.96142744, ..., -0.00573728,
          0.        , -0.03398897],
        [-0.76297129, -0.9881843 , -0.95152298, ...,  0.02825445,
          0.03398897,  0.        ]],

       ...,

       [[ 0.        ,  0.47886151,  0.8574698 , ..., -0.47660838,
         -0.4632464 , -0.3488258 ],
        [-0.47886151,  0.        ,  0.50637388, ..., -0.83938463,
         -0.83106081, -0.7550139 ],
        [-0.8574698 , -0.50637388,  0.        , ..., -0.99904654,
         -0.99827121, -0.98309288],
