state_0,state_1,state_2,state_3,state_4,state_5,state_6,state_7,state_8,state_9,state_10,state_11,state_12,state_13,state_14,state_15,state_16,state_17,state_18,state_19,state_20,state_21,state_22,state_23,state_24,state_25,state_26,state_27,state_28,state_29,state_30,state_31,state_32,state_33,state_34,state_35,state_36,state_37,state_38,state_39,state_40,state_41,state_42,state_43,state_44,state_45,state_46,state_47,state_48,state_49,state_50,state_51,state_52,state_53,state_54,state_55,state_56,state_57,state_58,state_59,state_60,state_61,state_62,state_63,state_64,state_65,state_66,state_67,state_68,state_69,state_70,state_71,state_72,state_73,state_74,state_75,state_76,state_77,state_78,state_79,state_80,state_81,state_82,state_83,state_84,state_85,state_86,state_87,state_88,state_89,state_90,state_91,state_92,state_93,state_94,state_95,state_96,state_97,state_98,state_99,state_100,state_101,state_102,state_103,state_104,state_105,state_106,state_107,state_108,state_109,state_110,state_111,state_112,state_113,state_114,state_115,state_116,state_117,state_118,state_119,state_120,state_121,state_122,state_123,state_124,state_125,state_126,state_127,state_128,state_129,state_130,state_131,state_132,state_133,state_134,state_135,state_136,state_137,state_138,state_139,state_140,state_141,state_142,state_143,state_144,state_145,state_146,state_147,state_148,state_149,state_150,state_151,state_152,state_153,state_154,state_155,state_156,state_157,state_158,state_159,state_160,state_161,state_162,state_163,state_164,state_165,state_166,state_167,state_168,state_169,state_170,state_171,state_172,state_173,state_174,state_175,state_176,state_177,state_178,state_179,state_180,state_181,state_182,state_183,state_184,state_185,state_186,state_187,state_188,state_189,state_190,state_191,state_192,state_193,state_194,state_195,state_196,state_197,state_198,state_199,state_200,state_201,state_202,state_203,state_204,state_205,state_206,state_207,state_208,state_209,state_210,state_211,state_212,state_213,state_214,state_215,state_216,state_217,state_218,state_219,state_220,state_221,state_222,state_223,state_224,state_225,state_226,state_227,state_228,state_229,state_230,state_231,state_232,state_233,state_234,state_235,state_236,state_237,state_238,state_239,state_240,state_241,state_242,state_243,state_244,state_245,state_246,state_247,state_248,state_249,state_250,state_251,state_252,state_253,state_254,state_255,state_256,state_257,state_258,state_259,state_260,state_261,state_262,state_263,state_264,state_265,state_266,state_267,state_268,state_269,state_270,state_271,state_272,state_273,state_274,state_275,state_276,state_277,state_278,state_279,state_280,state_281,state_282,state_283,state_284,state_285,state_286,state_287
{'img': array([[[ 0.        ,  0.19927054,  0.41531553, ..., -0.98464449,
         -0.997591  , -0.99971676],
        [-0.19927054,  0.        ,  0.22571427, ..., -0.93011001,
         -0.96376043, -0.98440942],
        [-0.41531553, -0.22571427,  0.        , ..., -0.82320659,
         -0.87867557, -0.9193039 ],
        ...,
        [ 0.98464449,  0.93011001,  0.82320659, ...,  0.        ,
          0.10584621,  0.19795575],
        [ 0.997591  ,  0.96376043,  0.87867557, ..., -0.10584621,
          0.        ,  0.09309212],
        [ 0.99971676,  0.98440942,  0.9193039 , ..., -0.19795575,
         -0.09309212,  0.        ]],

       [[ 0.        ,  0.62770263,  0.37223792, ..., -0.27788921,
          0.00769441,  0.20344507],
        [-0.62770263,  0.        , -0.29282445, ..., -0.81930314,
         -0.62169431, -0.45620261],
        [-0.37223792,  0.29282445,  0.        , ..., -0.61549599,
         -0.36508543, -0.1756281 ],
        ...,
        [ 0.27788921,  0.81930314,  0.61549599, ...,  0.        ,
          0.28527234,  0.46750955],
        [-0.00769441,  0.62169431,  0.36508543, ..., -0.28527234,
          0.        ,  0.19590555],
        [-0.20344507,  0.45620261,  0.1756281 , ..., -0.46750955,
         -0.19590555,  0.        ]],

       [[ 0.        ,  0.16150931,  0.38177944, ..., -0.8950998 ,
         -0.9310825 , -0.95386479],
        [-0.16150931,  0.        ,  0.2274916 , ..., -0.81133673,
         -0.8599385 , -0.89285069],
        [-0.38177944, -0.2274916 ,  0.        , ..., -0.65707668,
         -0.72127977, -0.76698871],
        ...,
        [ 0.8950998 ,  0.81133673,  0.65707668, ...,  0.        ,
          0.0885977 ,  0.15655408],
        [ 0.9310825 ,  0.8599385 ,  0.72127977, ..., -0.0885977 ,
          0.        ,  0.0684332 ],
        [ 0.95386479,  0.89285069,  0.76698871, ..., -0.15655408,
         -0.0684332 ,  0.        ]],

       ...,

       [[ 0.        ,  0.24992432,  0.16314468, ...,  0.33997208,
          0.46764801,  0.71351421],
        [-0.24992432,  0.        , -0.08860854, ...,  0.09414548,
          0.23189557,  0.51576393],
        [-0.16314468,  0.08860854,  0.        , ...,  0.18199014,
          0.31717655,  0.58964885],
        ...,
        [-0.33997208, -0.09414548, -0.18199014, ...,  0.        ,
          0.13928646,  0.43281581],
        [-0.46764801, -0.23189557, -0.31717655, ..., -0.13928646,
          0.        ,  0.30303249],
        [-0.71351421, -0.51576393, -0.58964885, ..., -0.43281581,
         -0.30303249,  0.        ]],

       [[ 0.        ,  0.03973481,  0.10002527, ..., -0.745519  ,
         -0.8204944 , -0.8863911 ],
        [-0.03973481,  0.        ,  0.06041074, ..., -0.7184476 ,
         -0.79713183, -0.86729636],
        [-0.10002527, -0.06041074,  0.        , ..., -0.67511486,
         -0.75919963, -0.83564034],
        ...,
        [ 0.745519  ,  0.7184476 ,  0.67511486, ...,  0.        ,
          0.12066736,  0.24563737],
        [ 0.8204944 ,  0.79713183,  0.75919963, ..., -0.12066736,
          0.        ,  0.12687217],
        [ 0.8863911 ,  0.86729636,  0.83564034, ..., -0.24563737,
         -0.12687217,  0.        ]],

       [[ 0.        ,  0.05399995,  0.08838348, ..., -0.99535764,
         -0.99669723, -0.99835216],
        [-0.05399995,  0.        ,  0.0344659 , ..., -0.9991026 ,
         -0.99962818, -0.99999425],
        [-0.08838348, -0.0344659 ,  0.        , ..., -0.99996883,
         -0.99997406, -0.99951696],
        ...,
        [ 0.99535764,  0.9991026 ,  0.99996883, ...,  0.        ,
         -0.01509716, -0.03896879],
        [ 0.99669723,  0.99962818,  0.99997406, ...,  0.01509716,
          0.        , -0.02387865],
        [ 0.99835216,  0.99999425,  0.99951696, ...,  0.03896879,
          0.02387865,  0.        ]]]), 'num': array([7.14862506e-01, 6.99263242e-01, 3.48976811e-06, 5.41641092e-05,
       5.42246955e-05, 5.31341429e-05, 1.57898678e-03, 3.63517511e-07,
       5.30614394e-05, 5.11014742e-05, 5.60180485e-05, 9.76894604e-07,
       5.39366195e-05, 4.82663289e-05])}
{'img': array([[[ 0.        ,  0.22571427, -0.56371069, ..., -0.96376043,
         -0.98440942, -0.99089253],
        [-0.22571427,  0.        , -0.73559705, ..., -0.87867557,
         -0.9193039 , -0.93492753],
        [ 0.56371069,  0.73559705,  0.        , ..., -0.94642011,
         -0.91224729, -0.89435631],
        ...,
        [ 0.96376043,  0.87867557,  0.94642011, ...,  0.        ,
          0.09309212,  0.13456439],
        [ 0.98440942,  0.9193039 ,  0.91224729, ..., -0.09309212,
          0.        ,  0.04173461],
        [ 0.99089253,  0.93492753,  0.89435631, ..., -0.13456439,
         -0.04173461,  0.        ]],

       [[ 0.        , -0.29282445, -0.44136652, ..., -0.62169431,
         -0.45620261, -0.822843  ],
        [ 0.29282445,  0.        , -0.15926051, ..., -0.36508543,
         -0.1756281 , -0.62037169],
        [ 0.44136652,  0.15926051,  0.        , ..., -0.2121583 ,
         -0.01660144, -0.48754435],
        ...,
        [ 0.62169431,  0.36508543,  0.2121583 , ...,  0.        ,
          0.19590555, -0.29121052],
        [ 0.45620261,  0.1756281 ,  0.01660144, ..., -0.19590555,
          0.        , -0.47298248],
        [ 0.822843  ,  0.62037169,  0.48754435, ...,  0.29121052,
          0.47298248,  0.        ]],

       [[ 0.        ,  0.2274916 , -0.09563639, ..., -0.8599385 ,
         -0.89285069, -0.91507878],
        [-0.2274916 ,  0.        , -0.31957766, ..., -0.72127977,
         -0.76698871, -0.79934375],
        [ 0.09563639,  0.31957766,  0.        , ..., -0.90480942,
         -0.93182828, -0.94945214],
        ...,
        [ 0.8599385 ,  0.72127977,  0.90480942, ...,  0.        ,
          0.0684332 ,  0.12026227],
        [ 0.89285069,  0.76698871,  0.93182828, ..., -0.0684332 ,
          0.        ,  0.05204382],
        [ 0.91507878,  0.79934375,  0.94945214, ..., -0.12026227,
         -0.05204382,  0.        ]],

       ...,

       [[ 0.        , -0.05072467, -0.66969208, ...,  0.10532719,
          0.16011593,  0.81099867],
        [ 0.05072467,  0.        , -0.63115986, ...,  0.15563412,
          0.20998004,  0.83963102],
        [ 0.66969208,  0.63115986,  0.        , ...,  0.74418707,
          0.77996018,  0.99408116],
        ...,
        [-0.10532719, -0.15563412, -0.74418707, ...,  0.        ,
          0.05525703,  0.74486613],
        [-0.16011593, -0.20998004, -0.77996018, ..., -0.05525703,
          0.        ,  0.70685984],
        [-0.81099867, -0.83963102, -0.99408116, ..., -0.74486613,
         -0.70685984,  0.        ]],

       [[ 0.        ,  0.06041074,  0.01365937, ..., -0.79713183,
         -0.86729636, -0.91502593],
        [-0.06041074,  0.        , -0.04677068, ..., -0.75919963,
         -0.83564034, -0.88898534],
        [-0.01365937,  0.04677068,  0.        , ..., -0.78880987,
         -0.86041592, -0.90943044],
        ...,
        [ 0.79713183,  0.75919963,  0.78880987, ...,  0.        ,
          0.12687217,  0.23093848],
        [ 0.86729636,  0.83564034,  0.86041592, ..., -0.12687217,
          0.        ,  0.10562968],
        [ 0.91502593,  0.88898534,  0.90943044, ..., -0.23093848,
         -0.10562968,  0.        ]],

       [[ 0.        ,  0.0344659 ,  0.11090981, ..., -0.99962818,
         -0.99999425, -0.99974364],
        [-0.0344659 ,  0.        ,  0.07659065, ..., -0.99997406,
         -0.99951696, -0.99836929],
        [-0.11090981, -0.07659065,  0.        , ..., -0.99648515,
         -0.99420072, -0.99106449],
        ...,
        [ 0.99962818,  0.99997406,  0.99648515, ...,  0.        ,
         -0.02387865, -0.04989372],
        [ 0.99999425,  0.99951696,  0.99420072, ...,  0.02387865,
          0.        , -0.02603058],
        [ 0.99974364,  0.99836929,  0.99106449, ...,  0.04989372,
          0.02603058,  0.        ]]]), 'num': array([7.07063498e-01, 7.07063498e-01, 0.00000000e+00, 4.00072638e-04,
       4.03652706e-04, 3.93807518e-04, 1.10083522e-02, 0.00000000e+00,
       3.94881539e-04, 3.78614603e-04, 4.12229953e-04, 7.11611946e-06,
       4.01752959e-04, 3.55476247e-04])}
{'img': array([[[ 0.        , -0.73559705, -0.79015798, ..., -0.9193039 ,
         -0.93492753, -0.93492753],
        [ 0.73559705,  0.        , -0.08441851, ..., -0.91224729,
         -0.89435631, -0.89435631],
        [ 0.79015798,  0.08441851,  0.        , ..., -0.87440973,
         -0.85339874, -0.85339874],
        ...,
        [ 0.9193039 ,  0.91224729,  0.87440973, ...,  0.        ,
          0.04173461,  0.04173461],
        [ 0.93492753,  0.89435631,  0.85339874, ..., -0.04173461,
          0.        ,  0.        ],
        [ 0.93492753,  0.89435631,  0.85339874, ..., -0.04173461,
          0.        ,  0.        ]],

       [[ 0.        , -0.15926051, -0.26281888, ..., -0.1756281 ,
         -0.62037169, -0.64648417],
        [ 0.15926051,  0.        , -0.10580268, ..., -0.01660144,
         -0.48754435, -0.51672863],
        [ 0.26281888,  0.10580268,  0.        , ...,  0.08927985,
         -0.3924317 , -0.42324542],
        ...,
        [ 0.1756281 ,  0.01660144, -0.08927985, ...,  0.        ,
         -0.47298248, -0.50244411],
        [ 0.62037169,  0.48754435,  0.3924317 , ...,  0.47298248,
          0.        , -0.03374412],
        [ 0.64648417,  0.51672863,  0.42324542, ...,  0.50244411,
          0.03374412,  0.        ]],

       [[ 0.        , -0.31957766, -0.48461623, ..., -0.76698871,
         -0.79934375, -0.83331126],
        [ 0.31957766,  0.        , -0.17965983, ..., -0.93182828,
         -0.94945214, -0.96627632],
        [ 0.48461623,  0.17965983,  0.        , ..., -0.98186478,
         -0.99040076, -0.99681758],
        ...,
        [ 0.76698871,  0.93182828,  0.98186478, ...,  0.        ,
          0.05204382,  0.11070851],
        [ 0.79934375,  0.94945214,  0.99040076, ..., -0.05204382,
          0.        ,  0.05883458],
        [ 0.83331126,  0.96627632,  0.99681758, ..., -0.11070851,
         -0.05883458,  0.        ]],

       ...,

       [[ 0.        , -0.63115986, -0.85139132, ...,  0.20998004,
          0.83963102,  0.67100785],
        [ 0.63115986,  0.        , -0.3293211 , ...,  0.77996018,
          0.99408116,  0.98844273],
        [ 0.85139132,  0.3293211 ,  0.        , ...,  0.94255117,
          0.90285187,  0.98322875],
        ...,
        [-0.20998004, -0.77996018, -0.94255117, ...,  0.        ,
          0.70685984,  0.50035843],
        [-0.83963102, -0.99408116, -0.90285187, ..., -0.70685984,
          0.        , -0.25808188],
        [-0.67100785, -0.98844273, -0.98322875, ..., -0.50035843,
          0.25808188,  0.        ]],

       [[ 0.        , -0.04677068, -0.07407192, ..., -0.83564034,
         -0.88898534, -0.92255231],
        [ 0.04677068,  0.        , -0.02734866, ..., -0.86041592,
         -0.90943044, -0.93959021],
        [ 0.07407192,  0.02734866,  0.        , ..., -0.87403076,
         -0.92046338, -0.94860025],
        ...,
        [ 0.83564034,  0.86041592,  0.87403076, ...,  0.        ,
          0.10562968,  0.18428652],
        [ 0.88898534,  0.90943044,  0.92046338, ..., -0.10562968,
          0.        ,  0.07943502],
        [ 0.92255231,  0.93959021,  0.94860025, ..., -0.18428652,
         -0.07943502,  0.        ]],

       [[ 0.        ,  0.07659065,  0.12471503, ..., -0.99951696,
         -0.99836929, -0.9971564 ],
        [-0.07659065,  0.        ,  0.04835602, ..., -0.99420072,
         -0.99106449, -0.98845551],
        [-0.12471503, -0.04835602,  0.        , ..., -0.98783744,
         -0.98345521, -0.97997269],
        ...,
        [ 0.99951696,  0.99420072,  0.98783744, ...,  0.        ,
         -0.02603058, -0.04433386],
        [ 0.99836929,  0.99106449,  0.98345521, ...,  0.02603058,
          0.        , -0.01831385],
        [ 0.9971564 ,  0.98845551,  0.97997269, ...,  0.04433386,
          0.01831385,  0.        ]]]), 'num': array([ 7.07031055e-01,  7.07031055e-01,  0.00000000e+00,  3.95579400e-04,
        4.04529160e-04,  3.85734664e-04,  1.45926735e-02, -4.47488009e-06,
        3.96921864e-04,  3.79760699e-04,  4.10570249e-04,  6.88989475e-06,
        4.03837509e-04,  3.55683890e-04])}
{'img': array([[[ 0.        , -0.10298669,  0.06873522, ..., -0.93789402,
         -0.93789402, -0.96073251],
        [ 0.10298669,  0.        ,  0.17111286, ..., -0.89717865,
         -0.89717865, -0.92704768],
        [-0.06873522, -0.17111286,  0.        , ..., -0.9595216 ,
         -0.9595216 , -0.97753271],
        ...,
        [ 0.93789402,  0.89717865,  0.9595216 , ...,  0.        ,
          0.        , -0.07305587],
        [ 0.93789402,  0.89717865,  0.9595216 , ...,  0.        ,
          0.        , -0.07305587],
        [ 0.96073251,  0.92704768,  0.97753271, ...,  0.07305587,
          0.07305587,  0.        ]],

       [[ 0.        , -0.10580268, -0.27106396, ..., -0.48754435,
         -0.51672863, -0.37133233],
        [ 0.10580268,  0.        , -0.16770094, ..., -0.3924317 ,
         -0.42324542, -0.2710103 ],
        [ 0.27106396,  0.16770094,  0.        , ..., -0.23262588,
         -0.2653118 , -0.10574726],
        ...,
        [ 0.48754435,  0.3924317 ,  0.23262588, ...,  0.        ,
         -0.03374412,  0.12847534],
        [ 0.51672863,  0.42324542,  0.2653118 , ...,  0.03374412,
          0.        ,  0.16186665],
        [ 0.37133233,  0.2710103 ,  0.10574726, ..., -0.12847534,
         -0.16186665,  0.        ]],

       [[ 0.        , -0.379466  , -0.47436345, ..., -0.80731032,
         -0.84117506, -0.86232364],
        [ 0.379466  ,  0.        , -0.10482881, ..., -0.97086128,
         -0.98346108, -0.9899722 ],
        [ 0.47436345,  0.10482881,  0.        , ..., -0.99063351,
         -0.99702904, -0.99932609],
        ...,
        [ 0.80731032,  0.97086128,  0.99063351, ...,  0.        ,
          0.05983677,  0.10009295],
        [ 0.84117506,  0.98346108,  0.99702904, ..., -0.05983677,
          0.        ,  0.04037732],
        [ 0.86232364,  0.9899722 ,  0.99932609, ..., -0.10009295,
         -0.04037732,  0.        ]],

       ...,

       [[ 0.        , -0.3293211 , -0.0084235 , ...,  0.99408116,
          0.98844273,  0.93366111],
        [ 0.3293211 ,  0.        ,  0.32135579, ...,  0.90285187,
          0.98322875,  0.9995285 ],
        [ 0.0084235 , -0.32135579,  0.        , ...,  0.99313076,
          0.98968462,  0.93664493],
        ...,
        [-0.99408116, -0.90285187, -0.99313076, ...,  0.        ,
         -0.25808188, -0.45747075],
        [-0.98844273, -0.98322875, -0.98968462, ...,  0.25808188,
          0.        , -0.21248026],
        [-0.93366111, -0.9995285 , -0.93664493, ...,  0.45747075,
          0.21248026,  0.        ]],

       [[ 0.        , -0.02734866, -0.05609158, ..., -0.90943044,
         -0.93959021, -0.95452209],
        [ 0.02734866,  0.        , -0.02876499, ..., -0.92046338,
         -0.94860025, -0.96231879],
        [ 0.05609158,  0.02876499,  0.        , ..., -0.93132468,
         -0.95731118, -0.96974247],
        ...,
        [ 0.90943044,  0.92046338,  0.93132468, ...,  0.        ,
          0.07943502,  0.12580603],
        [ 0.93959021,  0.94860025,  0.95731118, ..., -0.07943502,
          0.        ,  0.0466046 ],
        [ 0.95452209,  0.96231879,  0.96974247, ..., -0.12580603,
         -0.0466046 ,  0.        ]],

       [[ 0.        ,  0.04835602,  0.12364791, ..., -0.99106449,
         -0.98845551, -0.98905203],
        [-0.04835602,  0.        ,  0.07551832, ..., -0.98345521,
         -0.97997269, -0.98075924],
        [-0.12364791, -0.07551832,  0.        , ..., -0.96696661,
         -0.96213618, -0.96321583],
        ...,
        [ 0.99106449,  0.98345521,  0.96696661, ...,  0.        ,
         -0.01831385, -0.0143253 ],
        [ 0.98845551,  0.97997269,  0.96213618, ...,  0.01831385,
          0.        ,  0.00398907],
        [ 0.98905203,  0.98075924,  0.96321583, ...,  0.0143253 ,
         -0.00398907,  0.        ]]]), 'num': array([ 7.06909337e-01,  7.06909337e-01,  0.00000000e+00,  3.90589779e-04,
        4.10723273e-04,  3.90589779e-04,  2.36038817e-02, -4.92152070e-06,
        3.96674568e-04,  3.80992814e-04,  4.09149878e-04,  6.21593871e-06,
        4.04469700e-04,  3.57515928e-04])}
{'img': array([[[ 0.        ,  0.17111286,  0.27267612, ..., -0.89717865,
         -0.92704768, -0.95497398],
        [-0.17111286,  0.        ,  0.10402585, ..., -0.9595216 ,
         -0.97753271, -0.99165689],
        [-0.27267612, -0.10402585,  0.        , ..., -0.98361313,
         -0.99415616, -0.99968625],
        ...,
        [ 0.89717865,  0.9595216 ,  0.98361313, ...,  0.        ,
         -0.07305587, -0.15559775],
        [ 0.92704768,  0.97753271,  0.99415616, ...,  0.07305587,
          0.        , -0.08301588],
        [ 0.95497398,  0.99165689,  0.99968625, ...,  0.15559775,
          0.08301588,  0.        ]],

       [[ 0.        , -0.16770094, -0.21184303, ..., -0.42324542,
         -0.2710103 ,  0.01964465],
        [ 0.16770094,  0.        , -0.04494814, ..., -0.2653118 ,
         -0.10574726,  0.18703502],
        [ 0.21184303,  0.04494814,  0.        , ..., -0.22170634,
         -0.06094426,  0.23100094],
        ...,
        [ 0.42324542,  0.2653118 ,  0.22170634, ...,  0.        ,
          0.16186665,  0.44096209],
        [ 0.2710103 ,  0.10574726,  0.06094426, ..., -0.16186665,
          0.        ,  0.28986748],
        [-0.01964465, -0.18703502, -0.23100094, ..., -0.44096209,
         -0.28986748,  0.        ]],

       [[ 0.        , -0.30177254, -0.42826772, ..., -0.85238083,
         -0.87330186, -0.87156077],
        [ 0.30177254,  0.        , -0.13560453, ..., -0.97044615,
         -0.97960588, -0.97888387],
        [ 0.42826772,  0.13560453,  0.        , ..., -0.99420597,
         -0.99780414, -0.99756185],
        ...,
        [ 0.85238083,  0.97044615,  0.99420597, ...,  0.        ,
          0.04140589,  0.03784623],
        [ 0.87330186,  0.97960588,  0.99780414, ..., -0.04140589,
          0.        , -0.00356245],
        [ 0.87156077,  0.97888387,  0.99756185, ..., -0.03784623,
          0.00356245,  0.        ]],

       ...,

       [[ 0.        ,  0.32135579,  0.372667  , ...,  0.98322875,
          0.9995285 ,  0.91897762],
        [-0.32135579,  0.        ,  0.05469322, ...,  0.98968462,
          0.93664493,  0.74351998],
        [-0.372667  , -0.05469322,  0.        , ...,  0.98036774,
          0.91608501,  0.70583298],
        ...,
        [-0.98322875, -0.98968462, -0.98036774, ...,  0.        ,
         -0.21248026, -0.55529663],
        [-0.9995285 , -0.93664493, -0.91608501, ...,  0.21248026,
          0.        , -0.36590693],
        [-0.91897762, -0.74351998, -0.70583298, ...,  0.55529663,
          0.36590693,  0.        ]],

       [[ 0.        , -0.02876499, -0.05116337, ..., -0.94860025,
         -0.96231879, -0.96631852],
        [ 0.02876499,  0.        , -0.02241488, ..., -0.95731118,
         -0.96974247, -0.9733213 ],
        [ 0.05116337,  0.02241488,  0.        , ..., -0.96354989,
         -0.97497098, -0.97821978],
        ...,
        [ 0.94860025,  0.95731118,  0.96354989, ...,  0.        ,
          0.0466046 ,  0.06169606],
        [ 0.96231879,  0.96974247,  0.97497098, ..., -0.0466046 ,
          0.        ,  0.0151132 ],
        [ 0.96631852,  0.9733213 ,  0.97821978, ..., -0.06169606,
         -0.0151132 ,  0.        ]],

       [[ 0.        ,  0.07551832,  0.16695863, ..., -0.97997269,
         -0.98075924, -0.98671282],
        [-0.07551832,  0.        ,  0.09202353, ..., -0.96213618,
         -0.96321583, -0.97162541],
        [-0.16695863, -0.09202353,  0.        , ..., -0.9329709 ,
         -0.93439935, -0.94573678],
        ...,
        [ 0.97997269,  0.96213618,  0.9329709 , ...,  0.        ,
          0.00398907,  0.03726592],
        [ 0.98075924,  0.96321583,  0.93439935, ..., -0.00398907,
          0.        ,  0.03327932],
        [ 0.98671282,  0.97162541,  0.94573678, ..., -0.03726592,
         -0.03327932,  0.        ]]]), 'num': array([ 7.07057800e-01,  7.07057800e-01,  0.00000000e+00,  3.82169216e-04,
        3.92909334e-04,  3.77246662e-04,  1.17189013e-02, -8.50259380e-06,
        3.93714843e-04,  3.81766461e-04,  4.07818707e-04,  4.79217885e-06,
        4.04505526e-04,  3.59027397e-04])}
{'img': array([[[ 0.        ,  0.10402585, -0.04653537, ..., -0.97753271,
         -0.99165689, -0.99971572],
        [-0.10402585,  0.        , -0.15019605, ..., -0.99415616,
         -0.99968625, -0.99181157],
        [ 0.04653537,  0.15019605,  0.        , ..., -0.96666479,
         -0.9845839 , -0.99974221],
        ...,
        [ 0.97753271,  0.99415616,  0.96666479, ...,  0.        ,
         -0.08301588, -0.2340311 ],
        [ 0.99165689,  0.99968625,  0.9845839 , ...,  0.08301588,
          0.        , -0.15251283],
        [ 0.99971572,  0.99181157,  0.99974221, ...,  0.2340311 ,
          0.15251283,  0.        ]],

       [[ 0.        , -0.04494814, -0.07744327, ..., -0.10574726,
          0.18703502, -0.22991812],
        [ 0.04494814,  0.        , -0.03255185, ..., -0.06094426,
          0.23100094, -0.18594177],
        [ 0.07744327,  0.03255185,  0.        , ..., -0.02842062,
          0.26254995, -0.15385906],
        ...,
        [ 0.10574726,  0.06094426,  0.02842062, ...,  0.        ,
          0.28986748, -0.1257147 ],
        [-0.18703502, -0.23100094, -0.26254995, ..., -0.28986748,
          0.        , -0.40788516],
        [ 0.22991812,  0.18594177,  0.15385906, ...,  0.1257147 ,
          0.40788516,  0.        ]],

       [[ 0.        , -0.31501973, -0.48823391, ..., -0.880018  ,
         -0.87829315, -0.84660636],
        [ 0.31501973,  0.        , -0.18845379, ..., -0.98482757,
         -0.98419299, -0.97116117],
        [ 0.48823391,  0.18845379,  0.        , ..., -0.99988496,
         -0.99993331, -0.99869186],
        ...,
        [ 0.880018  ,  0.98482757,  0.99988496, ...,  0.        ,
         -0.00361957, -0.06627529],
        [ 0.87829315,  0.98419299,  0.99993331, ...,  0.00361957,
          0.        , -0.06266324],
        [ 0.84660636,  0.97116117,  0.99869186, ...,  0.06627529,
          0.06266324,  0.        ]],

       ...,

       [[ 0.        ,  0.05469322,  0.02559559, ...,  0.93664493,
          0.74351998,  0.28907595],
        [-0.05469322,  0.        , -0.02911802, ...,  0.91608501,
          0.70583298,  0.23628511],
        [-0.02559559,  0.02911802,  0.        , ...,  0.92737244,
          0.72616027,  0.26447843],
        ...,
        [-0.93664493, -0.91608501, -0.92737244, ...,  0.        ,
         -0.36590693, -0.79539836],
        [-0.74351998, -0.70583298, -0.72616027, ...,  0.36590693,
          0.        , -0.51846721],
        [-0.28907595, -0.23628511, -0.26447843, ...,  0.79539836,
          0.51846721,  0.        ]],

       [[ 0.        , -0.02241488, -0.06252033, ..., -0.96974247,
         -0.9733213 , -0.97307961],
        [ 0.02241488,  0.        , -0.0401336 , ..., -0.97497098,
         -0.97821978, -0.97800107],
        [ 0.06252033,  0.0401336 ,  0.        , ..., -0.98310845,
         -0.98576225, -0.98558498],
        ...,
        [ 0.96974247,  0.97497098,  0.98310845, ...,  0.        ,
          0.0151132 ,  0.01406228],
        [ 0.9733213 ,  0.97821978,  0.98576225, ..., -0.0151132 ,
          0.        , -0.00105104],
        [ 0.97307961,  0.97800107,  0.98558498, ..., -0.01406228,
          0.00105104,  0.        ]],

       [[ 0.        ,  0.09202353,  0.34700708, ..., -0.96321583,
         -0.97162541, -0.97718245],
        [-0.09202353,  0.        ,  0.25922925, ..., -0.93439935,
         -0.94573678, -0.95349016],
        [-0.34700708, -0.25922925,  0.        , ..., -0.81011315,
         -0.82917521, -0.84275792],
        ...,
        [ 0.96321583,  0.93439935,  0.81011315, ...,  0.        ,
          0.03327932,  0.05800864],
        [ 0.97162541,  0.94573678,  0.82917521, ..., -0.03327932,
          0.        ,  0.02475323],
        [ 0.97718245,  0.95349016,  0.84275792, ..., -0.05800864,
         -0.02475323,  0.        ]]]), 'num': array([7.07073956e-01, 7.07073956e-01, 0.00000000e+00, 3.82177948e-04,
       3.89785706e-04, 3.77702797e-04, 9.57315484e-03, 0.00000000e+00,
       3.90143718e-04, 3.82312203e-04, 4.06291557e-04, 5.11445899e-06,
       4.04551680e-04, 3.60072725e-04])}
{'img': array([[[ 0.00000000e+00, -1.50196046e-01, -4.98174024e-01, ...,
         -9.99686246e-01, -9.91811574e-01, -9.91811574e-01],
        [ 1.50196046e-01,  0.00000000e+00, -3.62291307e-01, ...,
         -9.84583903e-01, -9.99742207e-01, -9.99742207e-01],
        [ 4.98174024e-01,  3.62291307e-01,  0.00000000e+00, ...,
         -8.54326674e-01, -9.23598794e-01, -9.23598794e-01],
        ...,
        [ 9.99686246e-01,  9.84583903e-01,  8.54326674e-01, ...,
          0.00000000e+00, -1.52512826e-01, -1.52512826e-01],
        [ 9.91811574e-01,  9.99742207e-01,  9.23598794e-01, ...,
          1.52512826e-01,  0.00000000e+00,  0.00000000e+00],
        [ 9.91811574e-01,  9.99742207e-01,  9.23598794e-01, ...,
          1.52512826e-01,  0.00000000e+00,  0.00000000e+00]],

       [[ 0.00000000e+00, -3.25518502e-02,  2.16137551e-01, ...,
          2.31000936e-01, -1.85941772e-01, -3.03906171e-01],
        [ 3.25518502e-02,  0.00000000e+00,  2.47805428e-01, ...,
          2.62549954e-01, -1.53859061e-01, -2.72732903e-01],
        [-2.16137551e-01, -2.47805428e-01,  0.00000000e+00, ...,
          1.52489571e-02, -3.93914929e-01, -5.02637387e-01],
        ...,
        [-2.31000936e-01, -2.62549954e-01, -1.52489571e-02, ...,
          0.00000000e+00, -4.07885159e-01, -5.15761628e-01],
        [ 1.85941772e-01,  1.53859061e-01,  3.93914929e-01, ...,
          4.07885159e-01,  0.00000000e+00, -1.21459188e-01],
        [ 3.03906171e-01,  2.72732903e-01,  5.02637387e-01, ...,
          5.15761628e-01,  1.21459188e-01,  0.00000000e+00]],

       [[ 0.00000000e+00, -3.88063465e-01, -5.10981286e-01, ...,
         -8.85578472e-01, -8.54166260e-01, -8.10812397e-01],
        [ 3.88063465e-01,  0.00000000e+00, -1.37360851e-01, ...,
         -9.96429556e-01, -9.89020518e-01, -9.74407102e-01],
        [ 5.10981286e-01,  1.37360851e-01,  0.00000000e+00, ...,
         -9.98581618e-01, -9.99944613e-01, -9.96048192e-01],
        ...,
        [ 8.85578472e-01,  9.96429556e-01,  9.98581618e-01, ...,
          0.00000000e+00, -6.37492934e-02, -1.41720417e-01],
        [ 8.54166260e-01,  9.89020518e-01,  9.99944613e-01, ...,
          6.37492934e-02,  0.00000000e+00, -7.83262953e-02],
        [ 8.10812397e-01,  9.74407102e-01,  9.96048192e-01, ...,
          1.41720417e-01,  7.83262953e-02,  0.00000000e+00]],

       ...,

       [[ 0.00000000e+00, -2.91180222e-02, -4.52851592e-01, ...,
          7.05832980e-01,  2.36285106e-01,  3.44112251e-01],
        [ 2.91180222e-02,  0.00000000e+00, -4.26698355e-01, ...,
          7.26160268e-01,  2.64478426e-01,  3.71306082e-01],
        [ 4.52851592e-01,  4.26698355e-01,  0.00000000e+00, ...,
          9.50100977e-01,  6.50697013e-01,  7.32000908e-01],
        ...,
        [-7.05832980e-01, -7.26160268e-01, -9.50100977e-01, ...,
          0.00000000e+00, -5.18467212e-01, -4.18965064e-01],
        [-2.36285106e-01, -2.64478426e-01, -6.50697013e-01, ...,
          5.18467212e-01,  0.00000000e+00,  1.12513466e-01],
        [-3.44112251e-01, -3.71306082e-01, -7.32000908e-01, ...,
          4.18965064e-01, -1.12513466e-01,  0.00000000e+00]],

       [[ 0.00000000e+00, -4.01335971e-02,  3.30053747e-02, ...,
         -9.78219776e-01, -9.78001069e-01, -9.78165536e-01],
        [ 4.01335971e-02,  0.00000000e+00,  7.30905143e-02, ...,
         -9.85762251e-01, -9.85584979e-01, -9.85718307e-01],
        [-3.30053747e-02, -7.30905143e-02,  0.00000000e+00, ...,
         -9.70835830e-01, -9.70583312e-01, -9.70773188e-01],
        ...,
        [ 9.78219776e-01,  9.85762251e-01,  9.70835830e-01, ...,
          0.00000000e+00, -1.05104083e-03, -2.61146362e-04],
        [ 9.78001069e-01,  9.85584979e-01,  9.70583312e-01, ...,
          1.05104083e-03,  0.00000000e+00,  7.89894575e-04],
        [ 9.78165536e-01,  9.85718307e-01,  9.70773188e-01, ...,
          2.61146362e-04, -7.89894575e-04,  0.00000000e+00]],

       [[ 0.00000000e+00,  2.59229250e-01, -5.91313779e-02, ...,
         -9.45736779e-01, -9.53490158e-01, -9.58656573e-01],
        [-2.59229250e-01,  0.00000000e+00, -3.15885673e-01, ...,
         -8.29175209e-01, -8.42757920e-01, -8.52117959e-01],
        [ 5.91313779e-02,  3.15885673e-01,  0.00000000e+00, ...,
         -9.63295718e-01, -9.69645375e-01, -9.73805880e-01],
        ...,
        [ 9.45736779e-01,  8.29175209e-01,  9.63295718e-01, ...,
          0.00000000e+00,  2.47532292e-02,  4.23757354e-02],
        [ 9.53490158e-01,  8.42757920e-01,  9.69645375e-01, ...,
         -2.47532292e-02,  0.00000000e+00,  1.76317567e-02],
        [ 9.58656573e-01,  8.52117959e-01,  9.73805880e-01, ...,
         -4.23757354e-02, -1.76317567e-02,  0.00000000e+00]]]), 'num': array([7.06956996e-01, 7.06956996e-01, 0.00000000e+00, 3.97775171e-04,
       3.97775171e-04, 3.84799378e-04, 2.05520453e-02, 1.56604398e-05,
       3.89631742e-04, 3.83904496e-04, 4.04889485e-04, 5.94625722e-06,
       4.05580236e-04, 3.62228755e-04])}
{'img': array([[[ 0.00000000e+00, -3.62291307e-01, -2.51283656e-01, ...,
         -9.99742207e-01, -9.99742207e-01, -9.56587114e-01],
        [ 3.62291307e-01,  0.00000000e+00,  1.16453964e-01, ...,
         -9.23598794e-01, -9.23598794e-01, -7.86012735e-01],
        [ 2.51283656e-01, -1.16453964e-01,  0.00000000e+00, ...,
         -9.61958561e-01, -9.61958561e-01, -8.52657816e-01],
        ...,
        [ 9.99742207e-01,  9.23598794e-01,  9.61958561e-01, ...,
          0.00000000e+00,  0.00000000e+00,  2.69652062e-01],
        [ 9.99742207e-01,  9.23598794e-01,  9.61958561e-01, ...,
          0.00000000e+00,  0.00000000e+00,  2.69652062e-01],
        [ 9.56587114e-01,  7.86012735e-01,  8.52657816e-01, ...,
         -2.69652062e-01, -2.69652062e-01,  0.00000000e+00]],

       [[ 0.00000000e+00,  2.47805428e-01, -7.97309617e-02, ...,
         -1.53859061e-01, -2.72732903e-01,  1.75346838e-01],
        [-2.47805428e-01,  0.00000000e+00, -3.24260658e-01, ...,
         -3.93914929e-01, -5.02637387e-01, -7.40883704e-02],
        [ 7.97309617e-02,  3.24260658e-01,  0.00000000e+00, ...,
         -7.45876483e-02, -1.95156292e-01,  2.53284275e-01],
        ...,
        [ 1.53859061e-01,  3.93914929e-01,  7.45876483e-02, ...,
          0.00000000e+00, -1.21459188e-01,  3.24734229e-01],
        [ 2.72732903e-01,  5.02637387e-01,  1.95156292e-01, ...,
          1.21459188e-01,  0.00000000e+00,  4.37206780e-01],
        [-1.75346838e-01,  7.40883704e-02, -2.53284275e-01, ...,
         -3.24734229e-01, -4.37206780e-01,  0.00000000e+00]],

       [[ 0.00000000e+00, -3.53514469e-01, -4.10990200e-01, ...,
         -8.65780001e-01, -8.22756348e-01, -8.16821564e-01],
        [ 3.53514469e-01,  0.00000000e+00, -6.21743288e-02, ...,
         -9.86783180e-01, -9.70565776e-01, -9.68017728e-01],
        [ 4.10990200e-01,  6.21743288e-02,  0.00000000e+00, ...,
         -9.94949167e-01, -9.83661856e-01, -9.81743317e-01],
        ...,
        [ 8.65780001e-01,  9.86783180e-01,  9.94949167e-01, ...,
          0.00000000e+00, -8.03766628e-02, -9.07023957e-02],
        [ 8.22756348e-01,  9.70565776e-01,  9.83661856e-01, ...,
          8.03766628e-02,  0.00000000e+00, -1.03635802e-02],
        [ 8.16821564e-01,  9.68017728e-01,  9.81743317e-01, ...,
          9.07023957e-02,  1.03635802e-02,  0.00000000e+00]],

       ...,

       [[ 0.00000000e+00, -4.26698355e-01, -2.81434132e-01, ...,
          2.64478426e-01,  3.71306082e-01,  6.41161485e-01],
        [ 4.26698355e-01,  0.00000000e+00,  1.54924101e-01, ...,
          6.50697013e-01,  7.32000908e-01,  9.07313475e-01],
        [ 2.81434132e-01, -1.54924101e-01,  0.00000000e+00, ...,
          5.25201066e-01,  6.17612647e-01,  8.31220327e-01],
        ...,
        [-2.64478426e-01, -6.50697013e-01, -5.25201066e-01, ...,
          0.00000000e+00,  1.12513466e-01,  4.15368424e-01],
        [-3.71306082e-01, -7.32000908e-01, -6.17612647e-01, ...,
         -1.12513466e-01,  0.00000000e+00,  3.10382675e-01],
        [-6.41161485e-01, -9.07313475e-01, -8.31220327e-01, ...,
         -4.15368424e-01, -3.10382675e-01,  0.00000000e+00]],

       [[ 0.00000000e+00,  7.30905143e-02,  1.06497367e-01, ...,
         -9.85584979e-01, -9.85718307e-01, -9.89359485e-01],
        [-7.30905143e-02,  0.00000000e+00,  3.35376720e-02, ...,
         -9.70583312e-01, -9.70773188e-01, -9.76079199e-01],
        [-1.06497367e-01, -3.35376720e-02,  0.00000000e+00, ...,
         -9.61962599e-01, -9.62178083e-01, -9.68238508e-01],
        ...,
        [ 9.85584979e-01,  9.70583312e-01,  9.61962599e-01, ...,
          0.00000000e+00,  7.89894575e-04,  2.39865898e-02],
        [ 9.85718307e-01,  9.70773188e-01,  9.62178083e-01, ...,
         -7.89894575e-04,  0.00000000e+00,  2.31969150e-02],
        [ 9.89359485e-01,  9.76079199e-01,  9.68238508e-01, ...,
         -2.39865898e-02, -2.31969150e-02,  0.00000000e+00]],

       [[ 0.00000000e+00, -3.15885673e-01, -4.27391129e-01, ...,
         -8.42757920e-01, -8.52117959e-01, -8.70921552e-01],
        [ 3.15885673e-01,  0.00000000e+00, -1.19925775e-01, ...,
         -9.69645375e-01, -9.73805880e-01, -9.81561174e-01],
        [ 4.27391129e-01,  1.19925775e-01,  0.00000000e+00, ...,
         -9.91971024e-01, -9.94046627e-01, -9.97400715e-01],
        ...,
        [ 8.42757920e-01,  9.69645375e-01,  9.91971024e-01, ...,
          0.00000000e+00,  1.76317567e-02,  5.46609193e-02],
        [ 8.52117959e-01,  9.73805880e-01,  9.94046627e-01, ...,
         -1.76317567e-02,  0.00000000e+00,  3.70470254e-02],
        [ 8.70921552e-01,  9.81561174e-01,  9.97400715e-01, ...,
         -5.46609193e-02, -3.70470254e-02,  0.00000000e+00]]]), 'num': array([7.07012416e-01, 7.07012416e-01, 0.00000000e+00, 4.01386163e-04,
       4.04518496e-04, 3.93331591e-04, 1.62986051e-02, 3.57980970e-06,
       3.90825724e-04, 3.85612626e-04, 4.03735413e-04, 6.33440353e-06,
       4.07238046e-04, 3.63987207e-04])}
{'img': array([[[ 0.        ,  0.11645396,  0.18726604, ..., -0.92359879,
         -0.78601274, -0.74893032],
        [-0.11645396,  0.        ,  0.0715981 , ..., -0.96195856,
         -0.85265782, -0.82100274],
        [-0.18726604, -0.0715981 ,  0.        , ..., -0.97905003,
         -0.88787737, -0.85977278],
        ...,
        [ 0.92359879,  0.96195856,  0.97905003, ...,  0.        ,
          0.26965206,  0.3249113 ],
        [ 0.78601274,  0.85265782,  0.88787737, ..., -0.26965206,
          0.        ,  0.05785393],
        [ 0.74893032,  0.82100274,  0.85977278, ..., -0.3249113 ,
         -0.05785393,  0.        ]],

       [[ 0.        , -0.32426066, -0.145287  , ..., -0.50263739,
         -0.07408837, -0.21294888],
        [ 0.32426066,  0.        ,  0.18338329, ..., -0.19515629,
          0.25328428,  0.11538042],
        [ 0.145287  , -0.18338329,  0.        , ..., -0.37170396,
          0.07158544, -0.0687348 ],
        ...,
        [ 0.50263739,  0.19515629,  0.37170396, ...,  0.        ,
          0.43720678,  0.30701482],
        [ 0.07408837, -0.25328428, -0.07158544, ..., -0.43720678,
          0.        , -0.1399746 ],
        [ 0.21294888, -0.11538042,  0.0687348 , ..., -0.30701482,
          0.1399746 ,  0.        ]],

       [[ 0.        , -0.220367  , -0.34990108, ..., -0.83252017,
         -0.82661056, -0.84169881],
        [ 0.220367  ,  0.        , -0.13486261, ..., -0.93413651,
         -0.93030691, -0.93999393],
        [ 0.34990108,  0.13486261,  0.        , ..., -0.97373714,
         -0.9712731 , -0.97742036],
        ...,
        [ 0.83252017,  0.93413651,  0.97373714, ...,  0.        ,
         -0.01058311,  0.01677967],
        [ 0.82661056,  0.93030691,  0.9712731 , ...,  0.01058311,
          0.        ,  0.02736036],
        [ 0.84169881,  0.93999393,  0.97742036, ..., -0.01677967,
         -0.02736036,  0.        ]],

       ...,

       [[ 0.        ,  0.1549241 ,  0.38026503, ...,  0.73200091,
          0.90731348,  0.96571322],
        [-0.1549241 ,  0.        ,  0.23238803, ...,  0.61761265,
          0.83122033,  0.91383353],
        [-0.38026503, -0.23238803,  0.        , ...,  0.41793526,
          0.67926961,  0.79444544],
        ...,
        [-0.73200091, -0.61761265, -0.41793526, ...,  0.        ,
          0.31038268,  0.46790832],
        [-0.90731348, -0.83122033, -0.67926961, ..., -0.31038268,
          0.        ,  0.17049005],
        [-0.96571322, -0.91383353, -0.79444544, ..., -0.46790832,
         -0.17049005,  0.        ]],

       [[ 0.        ,  0.03353767, -0.01435242, ..., -0.97077319,
         -0.9760792 , -0.98283396],
        [-0.03353767,  0.        , -0.04787856, ..., -0.96217808,
         -0.96823851, -0.97609363],
        [ 0.01435242,  0.04787856,  0.        , ..., -0.97411776,
         -0.9790991 , -0.98538064],
        ...,
        [ 0.97077319,  0.96217808,  0.97411776, ...,  0.        ,
          0.02319692,  0.0567788 ],
        [ 0.9760792 ,  0.96823851,  0.9790991 , ..., -0.02319692,
          0.        ,  0.03360403],
