state_0,state_1,state_2,state_3,state_4,state_5,state_6,state_7,state_8,state_9,state_10,state_11,state_12,state_13,state_14,state_15,state_16,state_17,state_18,state_19,state_20,state_21,state_22,state_23,state_24,state_25,state_26,state_27,state_28,state_29,state_30,state_31,state_32,state_33,state_34,state_35,state_36,state_37,state_38,state_39,state_40,state_41,state_42,state_43,state_44,state_45,state_46,state_47,state_48,state_49,state_50,state_51,state_52,state_53,state_54,state_55,state_56,state_57,state_58,state_59,state_60,state_61,state_62,state_63,state_64,state_65,state_66,state_67,state_68,state_69,state_70,state_71,state_72,state_73,state_74,state_75,state_76,state_77,state_78,state_79,state_80,state_81,state_82,state_83,state_84,state_85,state_86,state_87,state_88,state_89,state_90,state_91,state_92,state_93,state_94,state_95,state_96,state_97,state_98,state_99,state_100,state_101,state_102,state_103,state_104,state_105,state_106,state_107,state_108,state_109,state_110,state_111,state_112,state_113,state_114,state_115,state_116,state_117,state_118,state_119,state_120,state_121,state_122,state_123,state_124,state_125,state_126,state_127,state_128,state_129,state_130,state_131,state_132,state_133,state_134,state_135,state_136,state_137,state_138,state_139,state_140,state_141,state_142,state_143,state_144,state_145,state_146,state_147,state_148,state_149,state_150,state_151,state_152,state_153,state_154,state_155,state_156,state_157,state_158,state_159,state_160,state_161,state_162,state_163,state_164,state_165,state_166,state_167,state_168,state_169,state_170,state_171,state_172,state_173,state_174,state_175,state_176,state_177,state_178,state_179,state_180,state_181,state_182,state_183,state_184,state_185,state_186,state_187,state_188,state_189,state_190,state_191,state_192,state_193,state_194,state_195,state_196,state_197,state_198,state_199,state_200,state_201,state_202,state_203,state_204,state_205,state_206,state_207,state_208,state_209,state_210,state_211,state_212,state_213,state_214,state_215,state_216,state_217,state_218,state_219,state_220,state_221,state_222,state_223,state_224,state_225,state_226,state_227,state_228,state_229,state_230,state_231,state_232,state_233,state_234,state_235,state_236,state_237,state_238,state_239,state_240,state_241,state_242,state_243,state_244,state_245,state_246,state_247,state_248,state_249,state_250,state_251,state_252,state_253,state_254,state_255,state_256,state_257,state_258,state_259,state_260,state_261,state_262,state_263,state_264,state_265,state_266,state_267,state_268,state_269,state_270,state_271,state_272,state_273,state_274,state_275,state_276,state_277,state_278,state_279,state_280,state_281,state_282,state_283,state_284,state_285,state_286,state_287
{'img': array([[[ 0.        ,  0.25277374,  0.25277374, ..., -0.76689359,
         -0.56497516, -0.84594124],
        [-0.25277374,  0.        ,  0.        , ..., -0.90421273,
         -0.75519344, -0.95326785],
        [-0.25277374,  0.        ,  0.        , ..., -0.90421273,
         -0.75519344, -0.95326785],
        ...,
        [ 0.76689359,  0.90421273,  0.90421273, ...,  0.        ,
          0.27018345, -0.13393728],
        [ 0.56497516,  0.75519344,  0.75519344, ..., -0.27018345,
          0.        , -0.39670504],
        [ 0.84594124,  0.95326785,  0.95326785, ...,  0.13393728,
          0.39670504,  0.        ]],

       [[ 0.        , -0.09580944, -0.27697058, ...,  0.24225435,
         -0.23833992, -0.03590622],
        [ 0.09580944,  0.        , -0.18363521, ...,  0.33409545,
         -0.1441951 ,  0.06000661],
        [ 0.27697058,  0.18363521,  0.        , ...,  0.50149737,
          0.03997311,  0.24229047],
        ...,
        [-0.24225435, -0.33409545, -0.50149737, ...,  0.        ,
         -0.46651345, -0.27693482],
        [ 0.23833992,  0.1441951 , -0.03997311, ...,  0.46651345,
          0.        ,  0.20331476],
        [ 0.03590622, -0.06000661, -0.24229047, ...,  0.27693482,
         -0.20331476,  0.        ]],

       [[ 0.        ,  0.01298046,  0.10276257, ..., -0.20654869,
         -0.3745375 , -0.59129794],
        [-0.01298046,  0.        ,  0.08984217, ..., -0.21923184,
         -0.38654158, -0.60171625],
        [-0.10276257, -0.08984217,  0.        , ..., -0.30600183,
         -0.46783733, -0.67104076],
        ...,
        [ 0.20654869,  0.21923184,  0.30600183, ...,  0.        ,
         -0.17494672, -0.41197553],
        [ 0.3745375 ,  0.38654158,  0.46783733, ...,  0.17494672,
          0.        , -0.24621144],
        [ 0.59129794,  0.60171625,  0.67104076, ...,  0.41197553,
          0.24621144,  0.        ]],

       ...,

       [[ 0.        ,  0.64960699,  0.17878584, ...,  0.71228338,
          0.78080299,  0.75112161],
        [-0.64960699,  0.        , -0.50321499, ...,  0.08557387,
          0.18776152,  0.1422083 ],
        [-0.17878584,  0.50321499,  0.        , ...,  0.57531874,
          0.65652137,  0.6209916 ],
        ...,
        [-0.71228338, -0.08557387, -0.57531874, ...,  0.        ,
          0.10302087,  0.0569825 ],
        [-0.78080299, -0.18776152, -0.65652137, ..., -0.10302087,
          0.        , -0.04617417],
        [-0.75112161, -0.1422083 , -0.6209916 , ..., -0.0569825 ,
          0.04617417,  0.        ]],

       [[ 0.        , -0.58425034, -0.76515065, ..., -0.53539168,
         -0.53979619, -0.55370856],
        [ 0.58425034,  0.        , -0.24480566, ..., -0.92796981,
         -0.92990373, -0.9358866 ],
        [ 0.76515065,  0.24480566,  0.        , ..., -0.99096185,
         -0.99164903, -0.99365497],
        ...,
        [ 0.53539168,  0.92796981,  0.99096185, ...,  0.        ,
          0.00522353,  0.02183811],
        [ 0.53979619,  0.92990373,  0.99164903, ..., -0.00522353,
          0.        ,  0.01661553],
        [ 0.55370856,  0.9358866 ,  0.99365497, ..., -0.02183811,
         -0.01661553,  0.        ]],

       [[ 0.        ,  0.02371475,  0.04720307, ..., -0.12164806,
         -0.1405743 , -0.17050625],
        [-0.02371475,  0.        ,  0.02350148, ..., -0.14515248,
         -0.16401404, -0.19382579],
        [-0.04720307, -0.02350148,  0.        , ..., -0.16836496,
         -0.18715195, -0.21682805],
        ...,
        [ 0.12164806,  0.14515248,  0.16836496, ...,  0.        ,
         -0.01909019, -0.04937324],
        [ 0.1405743 ,  0.16401404,  0.18715195, ...,  0.01909019,
          0.        , -0.03029733],
        [ 0.17050625,  0.19382579,  0.21682805, ...,  0.04937324,
          0.03029733,  0.        ]]]), 'num': array([ 7.08093564e-01,  7.06117869e-01,  9.85383967e-07,  4.20360607e-05,
        4.32939977e-05,  4.14070922e-05,  1.02180124e-03, -1.04828082e-07,
        4.27908229e-05,  4.39806216e-05,  4.57050436e-05,  7.35157975e-07,
        4.62205846e-05,  4.17406587e-05])}
{'img': array([[[ 0.        ,  0.        , -0.12649074, ..., -0.75519344,
         -0.95326785, -0.97743569],
        [ 0.        ,  0.        , -0.12649074, ..., -0.75519344,
         -0.95326785, -0.97743569],
        [ 0.12649074,  0.12649074,  0.        , ..., -0.66621264,
         -0.9073948 , -0.94286568],
        ...,
        [ 0.75519344,  0.75519344,  0.66621264, ...,  0.        ,
         -0.39670504, -0.48118912],
        [ 0.95326785,  0.95326785,  0.9073948 , ...,  0.39670504,
          0.        , -0.09394738],
        [ 0.97743569,  0.97743569,  0.94286568, ...,  0.48118912,
          0.09394738,  0.        ]],

       [[ 0.        , -0.18363521, -0.09132258, ..., -0.1441951 ,
          0.06000661, -0.19863163],
        [ 0.18363521,  0.        ,  0.09309828, ...,  0.03997311,
          0.24229047, -0.01527766],
        [ 0.09132258, -0.09309828,  0.        , ..., -0.05322437,
          0.15091388, -0.10829872],
        ...,
        [ 0.1441951 , -0.03997311,  0.05322437, ...,  0.        ,
          0.20331476, -0.05523389],
        [-0.06000661, -0.24229047, -0.15091388, ..., -0.20331476,
          0.        , -0.25708463],
        [ 0.19863163,  0.01527766,  0.10829872, ...,  0.05523389,
          0.25708463,  0.        ]],

       [[ 0.        ,  0.08984217,  0.13410937, ..., -0.38654158,
         -0.60171625, -0.82014153],
        [-0.08984217,  0.        ,  0.04453644, ..., -0.46783733,
         -0.67104076, -0.86822905],
        [-0.13410937, -0.04453644,  0.        , ..., -0.50673509,
         -0.70339515, -0.88946492],
        ...,
        [ 0.38654158,  0.46783733,  0.50673509, ...,  0.        ,
         -0.24621144, -0.53522965],
        [ 0.60171625,  0.67104076,  0.70339515, ...,  0.24621144,
          0.        , -0.31077679],
        [ 0.82014153,  0.86822905,  0.88946492, ...,  0.53522965,
          0.31077679,  0.        ]],

       ...,

       [[ 0.        , -0.50321499, -0.51814808, ...,  0.18776152,
          0.1422083 , -0.12298874],
        [ 0.50321499,  0.        , -0.01736828, ...,  0.65652137,
          0.6209916 ,  0.39311252],
        [ 0.51814808,  0.01736828,  0.        , ...,  0.66952336,
          0.63451148,  0.40902318],
        ...,
        [-0.18776152, -0.65652137, -0.66952336, ...,  0.        ,
         -0.04617417, -0.30713739],
        [-0.1422083 , -0.6209916 , -0.63451148, ...,  0.04617417,
          0.        , -0.26286744],
        [ 0.12298874, -0.39311252, -0.40902318, ...,  0.30713739,
          0.26286744,  0.        ]],

       [[ 0.        , -0.57969638, -0.78199128, ..., -0.56463533,
         -0.57902425, -0.6000494 ],
        [ 0.57969638,  0.        , -0.27587337, ..., -0.93853015,
         -0.94444025, -0.95267541],
        [ 0.78199128,  0.27587337,  0.        , ..., -0.99734027,
         -0.99846522, -0.99956846],
        ...,
        [ 0.56463533,  0.93853015,  0.99734027, ...,  0.        ,
          0.01753916,  0.04355773],
        [ 0.57902425,  0.94444025,  0.99846522, ..., -0.01753916,
          0.        ,  0.02602852],
        [ 0.6000494 ,  0.95267541,  0.99956846, ..., -0.04355773,
         -0.02602852,  0.        ]],

       [[ 0.        ,  0.02350148,  0.05269884, ..., -0.16401404,
         -0.19382579, -0.24331108],
        [-0.02350148,  0.        ,  0.02921547, ..., -0.18715195,
         -0.21682805, -0.2660391 ],
        [-0.05269884, -0.02921547,  0.        , ..., -0.21577133,
         -0.24525592, -0.29408814],
        ...,
        [ 0.16401404,  0.18715195,  0.21577133, ...,  0.        ,
         -0.03029733, -0.08093103],
        [ 0.19382579,  0.21682805,  0.24525592, ...,  0.03029733,
          0.        , -0.05069593],
        [ 0.24331108,  0.2660391 ,  0.29408814, ...,  0.08093103,
          0.05069593,  0.        ]]]), 'num': array([7.07106748e-01, 7.07106748e-01, 0.00000000e+00, 1.50344542e-05,
       1.51844238e-05, 1.48844846e-05, 3.00996522e-04, 0.00000000e+00,
       1.51319344e-05, 1.57149413e-05, 1.63223183e-05, 2.73593222e-07,
       1.65553986e-05, 1.48744840e-05])}
{'img': array([[[ 0.        , -0.12649074,  0.        , ..., -0.95326785,
         -0.97743569, -0.97743569],
        [ 0.12649074,  0.        ,  0.12649074, ..., -0.9073948 ,
         -0.94286568, -0.94286568],
        [ 0.        , -0.12649074,  0.        , ..., -0.95326785,
         -0.97743569, -0.97743569],
        ...,
        [ 0.95326785,  0.9073948 ,  0.95326785, ...,  0.        ,
         -0.09394738, -0.09394738],
        [ 0.97743569,  0.94286568,  0.97743569, ...,  0.09394738,
          0.        ,  0.        ],
        [ 0.97743569,  0.94286568,  0.97743569, ...,  0.09394738,
          0.        ,  0.        ]],

       [[ 0.        ,  0.09309828,  0.02515497, ...,  0.24229047,
         -0.01527766, -0.0983277 ],
        [-0.09309828,  0.        , -0.0680231 , ...,  0.15091388,
         -0.10829872, -0.19054779],
        [-0.02515497,  0.0680231 ,  0.        , ...,  0.21780835,
         -0.04042486, -0.12332966],
        ...,
        [-0.24229047, -0.15091388, -0.21780835, ...,  0.        ,
         -0.25708463, -0.33651426],
        [ 0.01527766,  0.10829872,  0.04042486, ...,  0.25708463,
          0.        , -0.0831126 ],
        [ 0.0983277 ,  0.19054779,  0.12332966, ...,  0.33651426,
          0.0831126 ,  0.        ]],

       [[ 0.        ,  0.04290085,  0.10998707, ..., -0.63423924,
         -0.81058539, -0.99605972],
        [-0.04290085,  0.        ,  0.06724524, ..., -0.66682354,
         -0.83496273, -0.99894735],
        [-0.10998707, -0.06724524,  0.        , ..., -0.71542638,
         -0.87007826, -0.99977085],
        ...,
        [ 0.63423924,  0.66682354,  0.71542638, ...,  0.        ,
         -0.25526996, -0.71384296],
        [ 0.81058539,  0.83496273,  0.87007826, ...,  0.25526996,
          0.        , -0.51142618],
        [ 0.99605972,  0.99894735,  0.99977085, ...,  0.71384296,
          0.51142618,  0.        ]],

       ...,

       [[ 0.        , -0.01736828,  0.23964508, ...,  0.6209916 ,
          0.39311252,  0.43474138],
        [ 0.01736828,  0.        ,  0.2564711 , ...,  0.63451148,
          0.40902318,  0.4503169 ],
        [-0.23964508, -0.2564711 ,  0.        , ...,  0.41505832,
          0.1613061 ,  0.20625961],
        ...,
        [-0.6209916 , -0.63451148, -0.41505832, ...,  0.        ,
         -0.26286744, -0.21847953],
        [-0.39311252, -0.40902318, -0.1613061 , ...,  0.26286744,
          0.        ,  0.04572094],
        [-0.43474138, -0.4503169 , -0.20625961, ...,  0.21847953,
         -0.04572094,  0.        ]],

       [[ 0.        , -0.61450408, -0.85329451, ..., -0.60468276,
         -0.62633606, -0.64613442],
        [ 0.61450408,  0.        , -0.35275527, ..., -0.96647434,
         -0.97316367, -0.97874829],
        [ 0.85329451,  0.35275527,  0.        , ..., -0.99491971,
         -0.99177839, -0.98816793],
        ...,
        [ 0.60468276,  0.96647434,  0.99491971, ...,  0.        ,
          0.02747329,  0.0531162 ],
        [ 0.62633606,  0.97316367,  0.99177839, ..., -0.02747329,
          0.        ,  0.02566164],
        [ 0.64613442,  0.97874829,  0.98816793, ..., -0.0531162 ,
         -0.02566164,  0.        ]],

       [[ 0.        ,  0.02921547,  0.14294721, ..., -0.21682805,
         -0.2660391 , -0.31901992],
        [-0.02921547,  0.        ,  0.11397076, ..., -0.24525592,
         -0.29408814, -0.34657264],
        [-0.14294721, -0.11397076,  0.        , ..., -0.35414776,
         -0.40110267, -0.45122162],
        ...,
        [ 0.21682805,  0.24525592,  0.35414776, ...,  0.        ,
         -0.05069593, -0.10593202],
        [ 0.2660391 ,  0.29408814,  0.40110267, ...,  0.05069593,
          0.        , -0.05538513],
        [ 0.31901992,  0.34657264,  0.45122162, ...,  0.10593202,
          0.05538513,  0.        ]]]), 'num': array([7.07106748e-01, 7.07106748e-01, 0.00000000e+00, 1.52969010e-05,
       1.52969010e-05, 1.50344542e-05, 3.01213978e-04, 2.62446831e-07,
       1.51619284e-05, 1.57074429e-05, 1.63023223e-05, 2.92148606e-07,
       1.65599232e-05, 1.48549625e-05])}
{'img': array([[[ 0.00000000e+00,  1.26490739e-01,  4.22464584e-01, ...,
         -9.42865679e-01, -9.42865679e-01, -7.23539103e-01],
        [-1.26490739e-01,  0.00000000e+00,  3.04422655e-01, ...,
         -9.77435693e-01, -9.77435693e-01, -8.05041941e-01],
        [-4.22464584e-01, -3.04422655e-01,  0.00000000e+00, ...,
         -9.95347892e-01, -9.95347892e-01, -9.47421249e-01],
        ...,
        [ 9.42865679e-01,  9.77435693e-01,  9.95347892e-01, ...,
          0.00000000e+00,  0.00000000e+00,  4.09780759e-01],
        [ 9.42865679e-01,  9.77435693e-01,  9.95347892e-01, ...,
          0.00000000e+00,  0.00000000e+00,  4.09780759e-01],
        [ 7.23539103e-01,  8.05041941e-01,  9.47421249e-01, ...,
         -4.09780759e-01, -4.09780759e-01,  0.00000000e+00]],

       [[ 0.00000000e+00, -6.80231014e-02,  1.21075464e-01, ...,
         -1.08298720e-01, -1.90547792e-01, -1.90159087e-01],
        [ 6.80231014e-02,  0.00000000e+00,  1.88317699e-01, ...,
         -4.04248564e-02, -1.23329659e-01, -1.22936727e-01],
        [-1.21075464e-01, -1.88317699e-01,  0.00000000e+00, ...,
         -2.27865346e-01, -3.08003100e-01, -3.07626380e-01],
        ...,
        [ 1.08298720e-01,  4.04248564e-02,  2.27865346e-01, ...,
          0.00000000e+00, -8.31126035e-02, -8.27180217e-02],
        [ 1.90547792e-01,  1.23329659e-01,  3.08003100e-01, ...,
          8.31126035e-02,  0.00000000e+00,  3.95945225e-04],
        [ 1.90159087e-01,  1.22936727e-01,  3.07626380e-01, ...,
          8.27180217e-02, -3.95945225e-04,  0.00000000e+00]],

       [[ 0.00000000e+00,  6.72452421e-02,  2.01109350e-01, ...,
         -8.34962727e-01, -9.98947346e-01, -9.64423706e-01],
        [-6.72452421e-02,  0.00000000e+00,  1.34782793e-01, ...,
         -8.70078263e-01, -9.99770850e-01, -9.80017753e-01],
        [-2.01109350e-01, -1.34782793e-01,  0.00000000e+00, ...,
         -9.28575217e-01, -9.87762850e-01, -9.97884906e-01],
        ...,
        [ 8.34962727e-01,  8.70078263e-01,  9.28575217e-01, ...,
          0.00000000e+00, -5.11426176e-01, -3.09996774e-01],
        [ 9.98947346e-01,  9.99770850e-01,  9.87762850e-01, ...,
          5.11426176e-01,  0.00000000e+00,  2.19843434e-01],
        [ 9.64423706e-01,  9.80017753e-01,  9.97884906e-01, ...,
          3.09996774e-01, -2.19843434e-01,  0.00000000e+00]],

       ...,

       [[ 0.00000000e+00,  2.56471103e-01,  6.38121263e-01, ...,
          4.09023183e-01,  4.50316900e-01,  5.18148080e-01],
        [-2.56471103e-01,  0.00000000e+00,  4.19311015e-01, ...,
          1.61306099e-01,  2.06259609e-01,  2.81459604e-01],
        [-6.38121263e-01, -4.19311015e-01,  0.00000000e+00, ...,
         -2.67379339e-01, -2.23043428e-01, -1.46838529e-01],
        ...,
        [-4.09023183e-01, -1.61306099e-01,  2.67379339e-01, ...,
          0.00000000e+00,  4.57209375e-02,  1.22988738e-01],
        [-4.50316900e-01, -2.06259609e-01,  2.23043428e-01, ...,
         -4.57209375e-02,  0.00000000e+00,  7.74862959e-02],
        [-5.18148080e-01, -2.81459604e-01,  1.46838529e-01, ...,
         -1.22988738e-01, -7.74862959e-02,  0.00000000e+00]],

       [[ 0.00000000e+00, -7.13207193e-01, -9.17271968e-01, ...,
         -6.57400790e-01, -6.77758321e-01, -6.81424058e-01],
        [ 7.13207193e-01,  0.00000000e+00, -3.58921906e-01, ...,
         -9.98238178e-01, -9.99487288e-01, -9.99634803e-01],
        [ 9.17271968e-01,  3.58921906e-01,  0.00000000e+00, ...,
         -9.53019489e-01, -9.44381058e-01, -9.42725997e-01],
        ...,
        [ 6.57400790e-01,  9.98238178e-01,  9.53019489e-01, ...,
          0.00000000e+00,  2.73419841e-02,  3.23367474e-02],
        [ 6.77758321e-01,  9.99487288e-01,  9.44381058e-01, ...,
         -2.73419841e-02,  0.00000000e+00,  4.99697288e-03],
        [ 6.81424058e-01,  9.99634803e-01,  9.42725997e-01, ...,
         -3.23367474e-02, -4.99697288e-03,  0.00000000e+00]],

       [[ 0.00000000e+00,  1.13970759e-01,  2.83509286e-01, ...,
         -2.94088143e-01, -3.46572640e-01, -3.65686112e-01],
        [-1.13970759e-01,  0.00000000e+00,  1.72367489e-01, ...,
         -4.01102675e-01, -4.51221618e-01, -4.69380283e-01],
        [-2.83509286e-01, -1.72367489e-01,  0.00000000e+00, ...,
         -5.52993582e-01, -5.98290859e-01, -6.14554759e-01],
        ...,
        [ 2.94088143e-01,  4.01102675e-01,  5.52993582e-01, ...,
          0.00000000e+00, -5.53851272e-02, -7.57957713e-02],
        [ 3.46572640e-01,  4.51221618e-01,  5.98290859e-01, ...,
          5.53851272e-02,  0.00000000e+00, -2.04536255e-02],
        [ 3.65686112e-01,  4.69380283e-01,  6.14554759e-01, ...,
          7.57957713e-02,  2.04536255e-02,  0.00000000e+00]]]), 'num': array([7.07106707e-01, 7.07106707e-01, 0.00000000e+00, 1.56343317e-05,
       1.57093166e-05, 1.51844229e-05, 4.56125068e-04, 3.37431620e-07,
       1.52144168e-05, 1.57074419e-05, 1.62910737e-05, 3.40047369e-07,
       1.65599222e-05, 1.48549617e-05])}
{'img': array([[[ 0.00000000e+00,  3.04422655e-01,  1.52058112e-01, ...,
         -9.77435693e-01, -8.05041941e-01, -5.79978515e-01],
        [-3.04422655e-01,  0.00000000e+00, -1.56041706e-01, ...,
         -9.95347892e-01, -9.47421249e-01, -8.00443395e-01],
        [-1.52058112e-01,  1.56041706e-01,  0.00000000e+00, ...,
         -9.98189358e-01, -8.85884148e-01, -6.97105636e-01],
        ...,
        [ 9.77435693e-01,  9.95347892e-01,  9.98189358e-01, ...,
          0.00000000e+00,  4.09780759e-01,  6.73739451e-01],
        [ 8.05041941e-01,  9.47421249e-01,  8.85884148e-01, ...,
         -4.09780759e-01,  0.00000000e+00,  3.11759107e-01],
        [ 5.79978515e-01,  8.00443395e-01,  6.97105636e-01, ...,
         -6.73739451e-01, -3.11759107e-01,  0.00000000e+00]],

       [[ 0.00000000e+00,  1.88317699e-01,  3.19519990e-01, ...,
         -1.23329659e-01, -1.22936727e-01,  3.49461328e-02],
        [-1.88317699e-01,  0.00000000e+00,  1.35357193e-01, ...,
         -3.08003100e-01, -3.07626380e-01, -1.53881792e-01],
        [-3.19519990e-01, -1.35357193e-01,  0.00000000e+00, ...,
         -4.33945357e-01, -4.33588601e-01, -2.86210586e-01],
        ...,
        [ 1.23329659e-01,  3.08003100e-01,  4.33945357e-01, ...,
          0.00000000e+00,  3.95945225e-04,  1.57933674e-01],
        [ 1.22936727e-01,  3.07626380e-01,  4.33588601e-01, ...,
         -3.95945225e-04,  0.00000000e+00,  1.57542686e-01],
        [-3.49461328e-02,  1.53881792e-01,  2.86210586e-01, ...,
         -1.57933674e-01, -1.57542686e-01,  0.00000000e+00]],

       [[ 0.00000000e+00,  1.34782793e-01,  1.71610720e-01, ...,
         -9.99770850e-01, -9.80017753e-01, -9.40227181e-01],
        [-1.34782793e-01,  0.00000000e+00,  3.72615317e-02, ...,
         -9.87762850e-01, -9.97884906e-01, -9.77547759e-01],
        [-1.71610720e-01, -3.72615317e-02,  0.00000000e+00, ...,
         -9.81265465e-01, -9.99614127e-01, -9.84720424e-01],
        ...,
        [ 9.99770850e-01,  9.87762850e-01,  9.81265465e-01, ...,
          0.00000000e+00,  2.19843434e-01,  3.60597015e-01],
        [ 9.80017753e-01,  9.97884906e-01,  9.99614127e-01, ...,
         -2.19843434e-01,  0.00000000e+00,  1.46722325e-01],
        [ 9.40227181e-01,  9.77547759e-01,  9.84720424e-01, ...,
         -3.60597015e-01, -1.46722325e-01,  0.00000000e+00]],

       ...,

       [[ 0.00000000e+00,  4.19311015e-01,  3.04479653e-01, ...,
          2.06259609e-01,  2.81459604e-01,  4.59528010e-01],
        [-4.19311015e-01,  0.00000000e+00, -1.22982027e-01, ...,
         -2.23043428e-01, -1.46838529e-01,  4.47624804e-02],
        [-3.04479653e-01,  1.22982027e-01,  0.00000000e+00, ...,
         -1.01466356e-01, -2.40749018e-02,  1.67281441e-01],
        ...,
        [-2.06259609e-01,  2.23043428e-01,  1.01466356e-01, ...,
          0.00000000e+00,  7.74862959e-02,  2.66454709e-01],
        [-2.81459604e-01,  1.46838529e-01,  2.40749018e-02, ...,
         -7.74862959e-02,  0.00000000e+00,  1.90968623e-01],
        [-4.59528010e-01, -4.47624804e-02, -1.67281441e-01, ...,
         -2.66454709e-01, -1.90968623e-01,  0.00000000e+00]],

       [[ 0.00000000e+00, -7.64948478e-01, -9.12138734e-01, ...,
         -7.25003837e-01, -7.28776291e-01, -7.28776291e-01],
        [ 7.64948478e-01,  0.00000000e+00, -2.73962470e-01, ...,
         -9.93823096e-01, -9.93198492e-01, -9.93198492e-01],
        [ 9.12138734e-01,  2.73962470e-01,  0.00000000e+00, ...,
         -9.25396571e-01, -9.23300696e-01, -9.23300696e-01],
        ...,
        [ 7.25003837e-01,  9.93823096e-01,  9.25396571e-01, ...,
          0.00000000e+00,  5.49317007e-03,  5.49317007e-03],
        [ 7.28776291e-01,  9.93198492e-01,  9.23300696e-01, ...,
         -5.49317007e-03,  0.00000000e+00,  0.00000000e+00],
        [ 7.28776291e-01,  9.93198492e-01,  9.23300696e-01, ...,
         -5.49317007e-03,  0.00000000e+00,  0.00000000e+00]],

       [[ 0.00000000e+00,  1.72367489e-01,  2.64486919e-01, ...,
         -4.51221618e-01, -4.69380283e-01, -4.69380283e-01],
        [-1.72367489e-01,  0.00000000e+00,  9.42989104e-02, ...,
         -5.98290859e-01, -6.14554759e-01, -6.14554759e-01],
        [-2.64486919e-01, -9.42989104e-02,  0.00000000e+00, ...,
         -6.71184570e-01, -6.86206233e-01, -6.86206233e-01],
        ...,
        [ 4.51221618e-01,  5.98290859e-01,  6.71184570e-01, ...,
          0.00000000e+00, -2.04536255e-02, -2.04536255e-02],
        [ 4.69380283e-01,  6.14554759e-01,  6.86206233e-01, ...,
          2.04536255e-02,  0.00000000e+00,  0.00000000e+00],
        [ 4.69380283e-01,  6.14554759e-01,  6.86206233e-01, ...,
          2.04536255e-02,  0.00000000e+00,  0.00000000e+00]]]), 'num': array([7.07106715e-01, 7.07106715e-01, 0.00000000e+00, 1.58967787e-05,
       1.58967787e-05, 1.56718243e-05, 4.31537555e-04, 2.62446819e-07,
       1.53793836e-05, 1.57186898e-05, 1.62810759e-05, 3.87561915e-07,
       1.65749214e-05, 1.48624582e-05])}
{'img': array([[[ 0.        , -0.15604171,  0.05386028, ..., -0.94742125,
         -0.80044339, -0.66331188],
        [ 0.15604171,  0.        ,  0.20901572, ..., -0.88588415,
         -0.69710564, -0.53841389],
        [-0.05386028, -0.20901572,  0.        , ..., -0.96328075,
         -0.83156584, -0.70265504],
        ...,
        [ 0.94742125,  0.88588415,  0.96328075, ...,  0.        ,
          0.31175911,  0.4967436 ],
        [ 0.80044339,  0.69710564,  0.83156584, ..., -0.31175911,
          0.        ,  0.20141158],
        [ 0.66331188,  0.53841389,  0.70265504, ..., -0.4967436 ,
         -0.20141158,  0.        ]],

       [[ 0.        ,  0.13535719, -0.08436438, ..., -0.30762638,
         -0.15388179, -0.17177429],
        [-0.13535719,  0.        , -0.21846261, ..., -0.4335886 ,
         -0.28621059, -0.30353872],
        [ 0.08436438,  0.21846261,  0.        , ..., -0.22625636,
         -0.06997366, -0.08805149],
        ...,
        [ 0.30762638,  0.4335886 ,  0.22625636, ...,  0.        ,
          0.15754269,  0.13960944],
        [ 0.15388179,  0.28621059,  0.06997366, ..., -0.15754269,
          0.        , -0.01813379],
        [ 0.17177429,  0.30353872,  0.08805149, ..., -0.13960944,
          0.01813379,  0.        ]],

       [[ 0.        ,  0.03726153,  0.1250796 , ..., -0.99788491,
         -0.97754776, -0.8823562 ],
        [-0.03726153,  0.        ,  0.08802383, ..., -0.99961413,
         -0.98472042, -0.89927806],
        [-0.1250796 , -0.08802383,  0.        , ..., -0.99817909,
         -0.99622681, -0.93428703],
        ...,
        [ 0.99788491,  0.99961413,  0.99817909, ...,  0.        ,
          0.14672232,  0.41222879],
        [ 0.97754776,  0.98472042,  0.99622681, ..., -0.14672232,
          0.        ,  0.27409171],
        [ 0.8823562 ,  0.89927806,  0.93428703, ..., -0.41222879,
         -0.27409171,  0.        ]],

       ...,

       [[ 0.        , -0.12298203,  0.18004441, ..., -0.14683853,
          0.04476248,  0.22822111],
        [ 0.12298203,  0.        ,  0.29964999, ..., -0.0240749 ,
          0.16728144,  0.34622511],
        [-0.18004441, -0.29964999,  0.        , ..., -0.32253178,
         -0.13583295,  0.04919871],
        ...,
        [ 0.14683853,  0.0240749 ,  0.32253178, ...,  0.        ,
          0.19096862,  0.36871066],
        [-0.04476248, -0.16728144,  0.13583295, ..., -0.19096862,
          0.        ,  0.18441119],
        [-0.22822111, -0.34622511, -0.04919871, ..., -0.36871066,
         -0.18441119,  0.        ]],

       [[ 0.        , -0.40812121, -0.42287534, ..., -0.97906023,
         -0.97906023, -0.98285302],
        [ 0.40812121,  0.        , -0.01622014, ..., -0.97689281,
         -0.97689281, -0.97252756],
        [ 0.42287534,  0.01622014,  0.        , ..., -0.97329757,
         -0.97329757, -0.96862377],
        ...,
        [ 0.97906023,  0.97689281,  0.97329757, ...,  0.        ,
          0.        ,  0.01955055],
        [ 0.97906023,  0.97689281,  0.97329757, ...,  0.        ,
          0.        ,  0.01955055],
        [ 0.98285302,  0.97252756,  0.96862377, ..., -0.01955055,
         -0.01955055,  0.        ]],

       [[ 0.        ,  0.09429891,  0.09555396, ..., -0.61455476,
         -0.61455476, -0.60831032],
        [-0.09429891,  0.        ,  0.00126074, ..., -0.68620623,
         -0.68620623, -0.68044463],
        [-0.09555396, -0.00126074,  0.        , ..., -0.68712276,
         -0.68712276, -0.68136796],
        ...,
        [ 0.61455476,  0.68620623,  0.68712276, ...,  0.        ,
          0.        ,  0.00789137],
        [ 0.61455476,  0.68620623,  0.68712276, ...,  0.        ,
          0.        ,  0.00789137],
        [ 0.60831032,  0.68044463,  0.68136796, ..., -0.00789137,
         -0.00789137,  0.        ]]]), 'num': array([8.49181032e-01, 5.28101555e-01, 1.51096229e-04, 1.91198408e-05,
       1.92548044e-05, 1.87149500e-05, 5.44110179e-04, 4.49878607e-08,
       1.86699622e-05, 1.88881533e-05, 1.95157340e-05, 3.90684053e-07,
       1.99129586e-05, 1.78633480e-05])}
{'img': array([[[ 0.        ,  0.20901572,  0.20901572, ..., -0.69710564,
         -0.53841389, -0.51515288],
        [-0.20901572,  0.        ,  0.        , ..., -0.83156584,
         -0.70265504, -0.68292135],
        [-0.20901572,  0.        ,  0.        , ..., -0.83156584,
         -0.70265504, -0.68292135],
        ...,
        [ 0.69710564,  0.83156584,  0.83156584, ...,  0.        ,
          0.20141158,  0.22813971],
        [ 0.53841389,  0.70265504,  0.70265504, ..., -0.20141158,
          0.        ,  0.02736433],
        [ 0.51515288,  0.68292135,  0.68292135, ..., -0.22813971,
         -0.02736433,  0.        ]],

       [[ 0.        , -0.21846261, -0.16072725, ..., -0.28621059,
         -0.30353872, -0.28803841],
        [ 0.21846261,  0.        ,  0.05877741, ..., -0.06997366,
         -0.08805149, -0.07187703],
        [ 0.16072725, -0.05877741,  0.        , ..., -0.12848602,
         -0.14644837, -0.13037814],
        ...,
        [ 0.28621059,  0.06997366,  0.12848602, ...,  0.        ,
         -0.01813379, -0.00190817],
        [ 0.30353872,  0.08805149,  0.14644837, ...,  0.01813379,
          0.        ,  0.01622589],
        [ 0.28803841,  0.07187703,  0.13037814, ...,  0.00190817,
         -0.01622589,  0.        ]],

       [[ 0.        ,  0.08802383,  0.21006935, ..., -0.98472042,
         -0.89927806, -0.78535507],
        [-0.08802383,  0.        ,  0.12319422, ..., -0.99622681,
         -0.93428703, -0.83679737],
        [-0.21006935, -0.12319422,  0.        , ..., -0.9993299 ,
         -0.97109159, -0.89787354],
        ...,
        [ 0.98472042,  0.99622681,  0.9993299 , ...,  0.        ,
          0.27409171,  0.47282295],
        [ 0.89927806,  0.93428703,  0.97109159, ..., -0.27409171,
          0.        ,  0.21319756],
        [ 0.78535507,  0.83679737,  0.89787354, ..., -0.47282295,
         -0.21319756,  0.        ]],

       ...,

       [[ 0.        ,  0.29964999,  0.31768178, ...,  0.16728144,
          0.34622511,  0.11073719],
        [-0.29964999,  0.        ,  0.01895671, ..., -0.13583295,
          0.04919871, -0.19215833],
        [-0.31768178, -0.01895671,  0.        , ..., -0.15458956,
          0.03025612, -0.21072723],
        ...,
        [-0.16728144,  0.13583295,  0.15458956, ...,  0.        ,
          0.18441119, -0.0570758 ],
        [-0.34622511, -0.04919871, -0.03025612, ..., -0.18441119,
          0.        , -0.24020747],
        [-0.11073719,  0.19215833,  0.21072723, ...,  0.0570758 ,
          0.24020747,  0.        ]],

       [[ 0.        , -0.01622014, -0.1588892 , ..., -0.97689281,
         -0.97252756, -0.96614198],
        [ 0.01622014,  0.        , -0.14285421, ..., -0.97329757,
         -0.96862377, -0.96182991],
        [ 0.1588892 ,  0.14285421,  0.        , ..., -0.93052341,
         -0.92318552, -0.91287336],
        ...,
        [ 0.97689281,  0.97329757,  0.93052341, ...,  0.        ,
          0.01955055,  0.04555571],
        [ 0.97252756,  0.96862377,  0.92318552, ..., -0.01955055,
          0.        ,  0.02601675],
        [ 0.96614198,  0.96182991,  0.91287336, ..., -0.04555571,
         -0.02601675,  0.        ]],

       [[ 0.        ,  0.00126074,  0.04505147, ..., -0.68620623,
         -0.68044463, -0.66142784],
        [-0.00126074,  0.        ,  0.04379197, ..., -0.68712276,
         -0.68136796, -0.66237289],
        [-0.04505147, -0.04379197,  0.        , ..., -0.71828026,
         -0.71276745, -0.69454527],
        ...,
        [ 0.68620623,  0.68712276,  0.71828026, ...,  0.        ,
          0.00789137,  0.03353345],
        [ 0.68044463,  0.68136796,  0.71276745, ..., -0.00789137,
          0.        ,  0.02564547],
        [ 0.66142784,  0.66237289,  0.69454527, ..., -0.03353345,
         -0.02564547,  0.        ]]]), 'num': array([ 9.89267851e-01,  1.46111516e-01,  4.00549328e-04,  2.22445213e-05,
        2.25615453e-05,  2.21388466e-05,  6.16305333e-04, -2.11349371e-07,
        2.21388466e-05,  2.21758327e-05,  2.28988237e-05,  4.11719554e-07,
        2.33756477e-05,  2.09760178e-05])}
{'img': array([[[ 0.        ,  0.        ,  0.48498282, ..., -0.70265504,
         -0.68292135, -0.75999444],
        [ 0.        ,  0.        ,  0.48498282, ..., -0.70265504,
         -0.68292135, -0.75999444],
        [-0.48498282, -0.48498282,  0.        , ..., -0.95956862,
         -0.95150692, -0.97983781],
        ...,
        [ 0.70265504,  0.70265504,  0.95956862, ...,  0.        ,
          0.02736433, -0.08408306],
        [ 0.68292135,  0.68292135,  0.95150692, ..., -0.02736433,
          0.        , -0.11131901],
        [ 0.75999444,  0.75999444,  0.97983781, ...,  0.08408306,
          0.11131901,  0.        ]],

       [[ 0.        ,  0.05877741,  0.32274635, ..., -0.08805149,
         -0.07187703, -0.08368531],
        [-0.05877741,  0.        ,  0.37782033, ..., -0.14644837,
         -0.13037814, -0.14211186],
        [-0.32274635, -0.37782033,  0.        , ..., -0.23815332,
         -0.25388101, -0.2424073 ],
        ...,
        [ 0.08805149,  0.14644837,  0.23815332, ...,  0.        ,
          0.01622589,  0.00438236],
        [ 0.07187703,  0.13037814,  0.25388101, ..., -0.01622589,
          0.        , -0.01184396],
        [ 0.08368531,  0.14211186,  0.2424073 , ..., -0.00438236,
          0.01184396,  0.        ]],

       [[ 0.        ,  0.12319422,  0.32805371, ..., -0.93428703,
         -0.83679737, -0.74430508],
        [-0.12319422,  0.        ,  0.20917824, ..., -0.97109159,
         -0.89787354, -0.8209094 ],
        [-0.32805371, -0.20917824,  0.        , ..., -0.999541  ,
         -0.9701018 , -0.92220186],
        ...,
        [ 0.93428703,  0.97109159,  0.999541  , ...,  0.        ,
          0.21319756,  0.35859308],
        [ 0.83679737,  0.89787354,  0.9701018 , ..., -0.21319756,
          0.        ,  0.15133007],
        [ 0.74430508,  0.8209094 ,  0.92220186, ..., -0.35859308,
         -0.15133007,  0.        ]],

       ...,

       [[ 0.        ,  0.01895671,  0.59792391, ...,  0.04919871,
         -0.19215833, -0.32253178],
        [-0.01895671,  0.        ,  0.58262166, ...,  0.03025612,
         -0.21072723, -0.34041746],
        [-0.59792391, -0.58262166,  0.        , ..., -0.55776446,
         -0.74080602, -0.82449631],
        ...,
        [-0.04919871, -0.03025612,  0.55776446, ...,  0.        ,
         -0.24020747, -0.36871066],
        [ 0.19215833,  0.21072723,  0.74080602, ...,  0.24020747,
          0.        , -0.13463193],
        [ 0.32253178,  0.34041746,  0.82449631, ...,  0.36871066,
          0.13463193,  0.        ]],

       [[ 0.        , -0.14285421, -0.1229672 , ..., -0.96862377,
         -0.96182991, -0.96467286],
        [ 0.14285421,  0.        ,  0.02006404, ..., -0.92318552,
         -0.91287336, -0.91714389],
        [ 0.1229672 , -0.02006404,  0.        , ..., -0.93071138,
         -0.9208806 , -0.92495591],
        ...,
        [ 0.96862377,  0.92318552,  0.93071138, ...,  0.        ,
          0.02601675,  0.01543283],
        [ 0.96182991,  0.91287336,  0.9208806 , ..., -0.02601675,
          0.        , -0.01058605],
        [ 0.96467286,  0.91714389,  0.92495591, ..., -0.01543283,
          0.01058605,  0.        ]],

       [[ 0.        ,  0.04379197,  0.03543658, ..., -0.68136796,
         -0.66237289, -0.66463297],
        [-0.04379197,  0.        , -0.00836188, ..., -0.71276745,
         -0.69454527, -0.69671542],
        [-0.03543658,  0.00836188,  0.        , ..., -0.7068775 ,
         -0.68850505, -0.69069269],
        ...,
        [ 0.68136796,  0.71276745,  0.7068775 , ...,  0.        ,
          0.02564547,  0.02262555],
        [ 0.66237289,  0.69454527,  0.68850505, ..., -0.02564547,
          0.        , -0.0030208 ],
        [ 0.66463297,  0.69671542,  0.69069269, ..., -0.02262555,
          0.0030208 ,  0.        ]]]), 'num': array([8.08965355e-01, 5.87856142e-01, 1.04543363e-04, 1.82704688e-05,
       1.84864317e-05, 1.80113132e-05, 4.45220657e-04, 8.63851950e-08,
       1.82272762e-05, 1.81322524e-05, 1.86966357e-05, 3.68576832e-07,
       1.91147677e-05, 1.71497371e-05])}
{'img': array([[[ 0.00000000e+00,  4.84982821e-01,  4.50578670e-01, ...,
         -6.82921351e-01, -7.59994441e-01, -7.22086272e-01],
        [-4.84982821e-01,  0.00000000e+00, -3.89202591e-02, ...,
         -9.51506918e-01, -9.79837811e-01, -9.66994122e-01],
        [-4.50578670e-01,  3.89202591e-02,  0.00000000e+00, ...,
         -9.38813044e-01, -9.71319352e-01, -9.56344618e-01],
        ...,
        [ 6.82921351e-01,  9.51506918e-01,  9.38813044e-01, ...,
          0.00000000e+00, -1.11319007e-01, -5.50311273e-02],
        [ 7.59994441e-01,  9.79837811e-01,  9.71319352e-01, ...,
          1.11319007e-01,  0.00000000e+00,  5.64612250e-02],
        [ 7.22086272e-01,  9.66994122e-01,  9.56344618e-01, ...,
          5.50311273e-02, -5.64612250e-02,  0.00000000e+00]],

       [[ 0.00000000e+00,  3.77820328e-01,  2.37118950e-01, ...,
         -1.30378142e-01, -1.42111858e-01, -1.83255603e-01],
        [-3.77820328e-01,  0.00000000e+00, -5.86588569e-01, ...,
         -2.53881008e-01, -2.42407305e-01, -2.01749551e-01],
        [-2.37118950e-01,  5.86588569e-01,  0.00000000e+00, ...,
         -3.61754822e-01, -3.72771253e-01, -4.11132680e-01],
        ...,
        [ 1.30378142e-01,  2.53881008e-01,  3.61754822e-01, ...,
          0.00000000e+00, -1.18439569e-02, -5.35211687e-02],
        [ 1.42111858e-01,  2.42407305e-01,  3.72771253e-01, ...,
          1.18439569e-02,  0.00000000e+00, -4.16904335e-02],
        [ 1.83255603e-01,  2.01749551e-01,  4.11132680e-01, ...,
          5.35211687e-02,  4.16904335e-02,  0.00000000e+00]],

       [[ 0.00000000e+00,  2.09178245e-01,  3.38118207e-01, ...,
         -8.97873538e-01, -8.20909397e-01, -7.56616418e-01],
        [-2.09178245e-01,  0.00000000e+00,  1.33779788e-01, ...,
         -9.70101803e-01, -9.22201859e-01, -8.76651272e-01],
        [-3.38118207e-01, -1.33779788e-01,  0.00000000e+00, ...,
         -9.93849774e-01, -9.65646091e-01, -9.33136106e-01],
        ...,
        [ 8.97873538e-01,  9.70101803e-01,  9.93849774e-01, ...,
          0.00000000e+00,  1.51330074e-01,  2.53979699e-01],
        [ 8.20909397e-01,  9.22201859e-01,  9.65646091e-01, ...,
         -1.51330074e-01,  0.00000000e+00,  1.04686795e-01],
        [ 7.56616418e-01,  8.76651272e-01,  9.33136106e-01, ...,
         -2.53979699e-01, -1.04686795e-01,  0.00000000e+00]],

       ...,

       [[ 0.00000000e+00,  5.82621659e-01,  5.56301817e-01, ...,
         -2.10727227e-01, -3.40417458e-01, -2.32682249e-01],
        [-5.82621659e-01,  0.00000000e+00, -3.20164435e-02, ...,
         -7.40806017e-01, -8.24496311e-01, -7.55741318e-01],
        [-5.56301817e-01,  3.20164435e-02,  0.00000000e+00, ...,
         -7.18920183e-01, -8.05956567e-01, -7.34387265e-01],
        ...,
        [ 2.10727227e-01,  7.40806017e-01,  7.18920183e-01, ...,
          0.00000000e+00, -1.34631933e-01, -2.25139887e-02],
        [ 3.40417458e-01,  8.24496311e-01,  8.05956567e-01, ...,
          1.34631933e-01,  0.00000000e+00,  1.12288794e-01],
        [ 2.32682249e-01,  7.55741318e-01,  7.34387265e-01, ...,
          2.25139887e-02, -1.12288794e-01,  0.00000000e+00]],

