state_0,state_1,state_2,state_3,state_4,state_5,state_6,state_7,state_8,state_9,state_10,state_11,state_12,state_13,state_14,state_15,state_16,state_17,state_18,state_19,state_20,state_21,state_22,state_23,state_24,state_25,state_26,state_27,state_28,state_29,state_30,state_31,state_32,state_33,state_34,state_35,state_36,state_37,state_38,state_39,state_40,state_41,state_42,state_43,state_44,state_45,state_46,state_47,state_48,state_49,state_50,state_51,state_52,state_53,state_54,state_55,state_56,state_57,state_58,state_59,state_60,state_61,state_62,state_63,state_64,state_65,state_66,state_67,state_68,state_69,state_70,state_71,state_72,state_73,state_74,state_75,state_76,state_77,state_78,state_79,state_80,state_81,state_82,state_83,state_84,state_85,state_86,state_87,state_88,state_89,state_90,state_91,state_92,state_93,state_94,state_95,state_96,state_97,state_98,state_99,state_100,state_101,state_102,state_103,state_104,state_105,state_106,state_107,state_108,state_109,state_110,state_111,state_112,state_113,state_114,state_115,state_116,state_117,state_118,state_119,state_120,state_121,state_122,state_123,state_124,state_125,state_126,state_127,state_128,state_129,state_130,state_131,state_132,state_133,state_134,state_135,state_136,state_137,state_138,state_139,state_140,state_141,state_142,state_143,state_144,state_145,state_146,state_147,state_148,state_149,state_150,state_151,state_152,state_153,state_154,state_155,state_156,state_157,state_158,state_159,state_160,state_161,state_162,state_163,state_164,state_165,state_166,state_167,state_168,state_169,state_170,state_171,state_172,state_173,state_174,state_175,state_176,state_177,state_178,state_179,state_180,state_181,state_182,state_183,state_184,state_185,state_186,state_187,state_188,state_189,state_190,state_191,state_192,state_193,state_194,state_195,state_196,state_197,state_198,state_199,state_200,state_201,state_202,state_203,state_204,state_205,state_206,state_207,state_208,state_209,state_210,state_211,state_212,state_213,state_214,state_215,state_216,state_217,state_218,state_219,state_220,state_221,state_222,state_223,state_224,state_225,state_226,state_227,state_228,state_229,state_230,state_231,state_232,state_233,state_234,state_235,state_236,state_237,state_238,state_239,state_240,state_241,state_242,state_243,state_244,state_245,state_246,state_247,state_248,state_249,state_250,state_251,state_252,state_253,state_254,state_255,state_256,state_257,state_258,state_259,state_260,state_261,state_262,state_263,state_264,state_265,state_266,state_267,state_268,state_269,state_270,state_271,state_272,state_273,state_274,state_275,state_276,state_277,state_278,state_279,state_280,state_281,state_282,state_283,state_284,state_285,state_286,state_287
{'img': array([[[ 0.        , -0.2244077 ,  0.43796936, ..., -0.93020129,
         -0.96563574, -0.9779221 ],
        [ 0.2244077 ,  0.        ,  0.62853936, ..., -0.98884563,
         -0.99933093, -0.99987496],
        [-0.43796936, -0.62853936,  0.        , ..., -0.67548499,
         -0.75426888, -0.78761975],
        ...,
        [ 0.93020129,  0.98884563,  0.67548499, ...,  0.        ,
          0.11267781,  0.16456219],
        [ 0.96563574,  0.99933093,  0.75426888, ..., -0.11267781,
          0.        ,  0.05237254],
        [ 0.9779221 ,  0.99987496,  0.78761975, ..., -0.16456219,
         -0.05237254,  0.        ]],

       [[ 0.        , -0.24164867, -0.31777191, ..., -0.28560583,
         -0.21391883, -0.14565179],
        [ 0.24164867,  0.        , -0.07923102, ..., -0.04555824,
          0.02847576,  0.09773649],
        [ 0.31777191,  0.07923102,  0.        , ...,  0.03373373,
          0.10758513,  0.17628092],
        ...,
        [ 0.28560583,  0.04555824, -0.03373373, ...,  0.        ,
          0.07398596,  0.14297513],
        [ 0.21391883, -0.02847576, -0.10758513, ..., -0.07398596,
          0.        ,  0.06935743],
        [ 0.14565179, -0.09773649, -0.17628092, ..., -0.14297513,
         -0.06935743,  0.        ]],

       [[ 0.        ,  0.19512949,  0.38528941, ..., -0.99965129,
         -0.99743552, -0.99539804],
        [-0.19512949,  0.        ,  0.19781851, ..., -0.98558817,
         -0.96429671, -0.95756539],
        [-0.38528941, -0.19781851,  0.        , ..., -0.93264815,
         -0.89285379, -0.88162814],
        ...,
        [ 0.99965129,  0.98558817,  0.93264815, ...,  0.        ,
         -0.09788472, -0.1220782 ],
        [ 0.99743552,  0.96429671,  0.89285379, ...,  0.09788472,
          0.        , -0.02433936],
        [ 0.99539804,  0.95756539,  0.88162814, ...,  0.1220782 ,
          0.02433936,  0.        ]],

       ...,

       [[ 0.        ,  0.23106847, -0.25810839, ..., -0.90645548,
         -0.9476331 , -0.99793275],
        [-0.23106847,  0.        , -0.47436227, ..., -0.78434398,
         -0.84819349, -0.95607614],
        [ 0.25810839,  0.47436227,  0.        , ..., -0.98474064,
         -0.99795324, -0.98070658],
        ...,
        [ 0.90645548,  0.78434398,  0.98474064, ...,  0.        ,
          0.11070016,  0.36317333],
        [ 0.9476331 ,  0.84819349,  0.99795324, ..., -0.11070016,
          0.        ,  0.25779948],
        [ 0.99793275,  0.95607614,  0.98070658, ..., -0.36317333,
         -0.25779948,  0.        ]],

       [[ 0.        ,  0.03458558,  0.1957185 , ...,  0.01877927,
         -0.07758564, -0.2225558 ],
        [-0.03458558,  0.        ,  0.16168471, ..., -0.01581145,
         -0.11202055, -0.25614082],
        [-0.1957185 , -0.16168471,  0.        , ..., -0.17726791,
         -0.27121368, -0.40906147],
        ...,
        [-0.01877927,  0.01581145,  0.17726791, ...,  0.        ,
         -0.09629462, -0.24082483],
        [ 0.07758564,  0.11202055,  0.27121368, ...,  0.09629462,
          0.        , -0.14624516],
        [ 0.2225558 ,  0.25614082,  0.40906147, ...,  0.24082483,
          0.14624516,  0.        ]],

       [[ 0.        , -0.00862043, -0.05101025, ..., -0.75840276,
         -0.86825499, -0.93549375],
        [ 0.00862043,  0.        , -0.04239915, ..., -0.7527559 ,
         -0.86394598, -0.93241302],
        [ 0.05101025,  0.04239915,  0.        , ..., -0.72416764,
         -0.84181752, -0.91625173],
        ...,
        [ 0.75840276,  0.7527559 ,  0.72416764, ...,  0.        ,
         -0.18965921, -0.34176543],
        [ 0.86825499,  0.86394598,  0.84181752, ...,  0.18965921,
          0.        , -0.15732344],
        [ 0.93549375,  0.93241302,  0.91625173, ...,  0.34176543,
          0.15732344,  0.        ]]]), 'num': array([9.96346737e-01, 6.00448839e-02, 9.34432987e-06, 1.48619342e-02,
       1.50695859e-02, 1.48619342e-02, 4.31851913e-02, 0.00000000e+00,
       1.48471019e-02, 1.52438651e-02, 1.53385444e-02, 2.60215257e-06,
       1.60025397e-02, 1.44851905e-02])}
{'img': array([[[ 0.        ,  0.62853936,  0.323793  , ..., -0.99933093,
         -0.99987496, -0.99987496],
        [-0.62853936,  0.        , -0.34283965, ..., -0.75426888,
         -0.78761975, -0.78761975],
        [-0.323793  ,  0.34283965,  0.        , ..., -0.93365235,
         -0.95112985, -0.95112985],
        ...,
        [ 0.99933093,  0.75426888,  0.93365235, ...,  0.        ,
          0.05237254,  0.05237254],
        [ 0.99987496,  0.78761975,  0.95112985, ..., -0.05237254,
          0.        ,  0.        ],
        [ 0.99987496,  0.78761975,  0.95112985, ..., -0.05237254,
          0.        ,  0.        ]],

       [[ 0.        , -0.07923102, -0.14486761, ...,  0.02847576,
          0.09773649, -0.11646386],
        [ 0.07923102,  0.        , -0.06601697, ...,  0.10758513,
          0.17628092, -0.03740589],
        [ 0.14486761,  0.06601697,  0.        , ...,  0.17298423,
          0.2408795 ,  0.02864649],
        ...,
        [-0.02847576, -0.10758513, -0.17298423, ...,  0.        ,
          0.06935743, -0.14469861],
        [-0.09773649, -0.17628092, -0.2408795 , ..., -0.06935743,
          0.        , -0.21297765],
        [ 0.11646386,  0.03740589, -0.02864649, ...,  0.14469861,
          0.21297765,  0.        ]],

       [[ 0.        ,  0.19781851,  0.58642988, ..., -0.96429671,
         -0.95756539, -0.9500164 ],
        [-0.19781851,  0.        ,  0.41460825, ..., -0.89285379,
         -0.88162814, -0.86948387],
        [-0.58642988, -0.41460825,  0.        , ..., -0.62577951,
         -0.60660943, -0.58642988],
        ...,
        [ 0.96429671,  0.89285379,  0.62577951, ...,  0.        ,
         -0.02433936, -0.0494661 ],
        [ 0.95756539,  0.88162814,  0.60660943, ...,  0.02433936,
          0.        , -0.02514189],
        [ 0.9500164 ,  0.86948387,  0.58642988, ...,  0.0494661 ,
          0.02514189,  0.        ]],

       ...,

       [[ 0.        , -0.47436227, -0.51066699, ..., -0.84819349,
         -0.95607614, -0.99098149],
        [ 0.47436227,  0.        , -0.04170882, ..., -0.99795324,
         -0.98070658, -0.93595446],
        [ 0.51066699,  0.04170882,  0.        , ..., -0.99975202,
         -0.9716997 , -0.92045345],
        ...,
        [ 0.84819349,  0.99795324,  0.99975202, ...,  0.        ,
          0.25779948,  0.41125259],
        [ 0.95607614,  0.98070658,  0.9716997 , ..., -0.25779948,
          0.        ,  0.16236186],
        [ 0.99098149,  0.93595446,  0.92045345, ..., -0.41125259,
         -0.16236186,  0.        ]],

       [[ 0.        ,  0.16168471,  0.32244576, ..., -0.11202055,
         -0.25614082, -0.49150772],
        [-0.16168471,  0.        ,  0.16515437, ..., -0.27121368,
         -0.40906147, -0.62584757],
        [-0.32244576, -0.16515437,  0.        , ..., -0.42645355,
         -0.55414861, -0.74606465],
        ...,
        [ 0.11202055,  0.27121368,  0.42645355, ...,  0.        ,
         -0.14624516, -0.39085842],
        [ 0.25614082,  0.40906147,  0.55414861, ...,  0.14624516,
          0.        , -0.25204458],
        [ 0.49150772,  0.62584757,  0.74606465, ...,  0.39085842,
          0.25204458,  0.        ]],

       [[ 0.        , -0.04239915,  0.04988106, ..., -0.86394598,
         -0.93241302, -0.95729585],
        [ 0.04239915,  0.        ,  0.09218257, ..., -0.84181752,
         -0.91625173, -0.94417698],
        [-0.04988106, -0.09218257,  0.        , ..., -0.88798984,
         -0.94927906, -0.97052529],
        ...,
        [ 0.86394598,  0.84181752,  0.88798984, ...,  0.        ,
         -0.15732344, -0.23230382],
        [ 0.93241302,  0.91625173,  0.94927906, ...,  0.15732344,
          0.        , -0.07639138],
        [ 0.95729585,  0.94417698,  0.97052529, ...,  0.23230382,
          0.07639138,  0.        ]]]), 'num': array([ 7.07092264e-01,  7.07092264e-01,  0.00000000e+00,  1.77661373e-03,
        1.79437987e-03,  1.77306050e-03,  3.88323346e-03, -3.55322746e-06,
        1.77661373e-03,  1.81863064e-03,  1.83515315e-03,  3.01120971e-07,
        1.90032610e-03,  1.73693519e-03])}
{'img': array([[[ 0.        , -0.34283965, -0.9675903 , ..., -0.78761975,
         -0.78761975, -0.75426888],
        [ 0.34283965,  0.        , -0.99552414, ..., -0.95112985,
         -0.95112985, -0.93365235],
        [ 0.9675903 ,  0.99552414,  0.        , ..., -0.39729813,
         -0.39729813, -0.44481462],
        ...,
        [ 0.78761975,  0.95112985,  0.39729813, ...,  0.        ,
          0.        , -0.05237254],
        [ 0.78761975,  0.95112985,  0.39729813, ...,  0.        ,
          0.        , -0.05237254],
        [ 0.75426888,  0.93365235,  0.44481462, ...,  0.05237254,
          0.05237254,  0.        ]],

       [[ 0.        , -0.06601697,  0.5145523 , ...,  0.17628092,
         -0.03740589, -0.20785843],
        [ 0.06601697,  0.        ,  0.45682295, ...,  0.2408795 ,
          0.02864649, -0.14282989],
        [-0.5145523 , -0.45682295,  0.        , ..., -0.65764801,
         -0.48211818, -0.32508384],
        ...,
        [-0.17628092, -0.2408795 ,  0.65764801, ...,  0.        ,
         -0.21297765, -0.37703409],
        [ 0.03740589, -0.02864649,  0.48211818, ...,  0.21297765,
          0.        , -0.17112406],
        [ 0.20785843,  0.14282989,  0.32508384, ...,  0.37703409,
          0.17112406,  0.        ]],

       [[ 0.        ,  0.41460825, -0.19781851, ..., -0.88162814,
         -0.86948387, -0.84692534],
        [-0.41460825,  0.        , -0.58642988, ..., -0.60660943,
         -0.58642988, -0.55024994],
        [ 0.19781851,  0.58642988,  0.        , ..., -0.95756539,
         -0.9500164 , -0.9353714 ],
        ...,
        [ 0.88162814,  0.60660943,  0.95756539, ...,  0.        ,
         -0.02514189, -0.06907017],
        [ 0.86948387,  0.58642988,  0.9500164 , ...,  0.02514189,
          0.        , -0.04396649],
        [ 0.84692534,  0.55024994,  0.9353714 , ...,  0.06907017,
          0.04396649,  0.        ]],

       ...,

       [[ 0.        , -0.04170882, -0.34367616, ..., -0.98070658,
         -0.93595446, -0.94480865],
        [ 0.04170882,  0.        , -0.30420884, ..., -0.9716997 ,
         -0.92045345, -0.93032173],
        [ 0.34367616,  0.30420884,  0.        , ..., -0.85378627,
         -0.7579282 , -0.77466257],
        ...,
        [ 0.98070658,  0.9716997 ,  0.85378627, ...,  0.        ,
          0.16236186,  0.13660526],
        [ 0.93595446,  0.92045345,  0.7579282 , ..., -0.16236186,
          0.        , -0.02604713],
        [ 0.94480865,  0.93032173,  0.77466257, ..., -0.13660526,
          0.02604713,  0.        ]],

       [[ 0.        ,  0.16515437,  0.17110248, ..., -0.40906147,
         -0.62584757, -0.88470556],
        [-0.16515437,  0.        ,  0.00603398, ..., -0.55414861,
         -0.74606465, -0.94954329],
        [-0.17110248, -0.00603398,  0.        , ..., -0.55916132,
         -0.75006894, -0.95141848],
        ...,
        [ 0.40906147,  0.55414861,  0.55916132, ...,  0.        ,
         -0.25204458, -0.61661575],
        [ 0.62584757,  0.74606465,  0.75006894, ...,  0.25204458,
          0.        , -0.39828301],
        [ 0.88470556,  0.94954329,  0.95141848, ...,  0.61661575,
          0.39828301,  0.        ]],

       [[ 0.        ,  0.09218257,  0.08452296, ..., -0.91625173,
         -0.94417698, -0.92097546],
        [-0.09218257,  0.        , -0.00768962, ..., -0.94927906,
         -0.97052529, -0.95297029],
        [-0.08452296,  0.00768962,  0.        , ..., -0.94683311,
         -0.9686434 , -0.95061167],
        ...,
        [ 0.91625173,  0.94927906,  0.94683311, ...,  0.        ,
         -0.07639138, -0.011955  ],
        [ 0.94417698,  0.97052529,  0.9686434 , ...,  0.07639138,
          0.        ,  0.06446586],
        [ 0.92097546,  0.95297029,  0.95061167, ...,  0.011955  ,
         -0.06446586,  0.        ]]]), 'num': array([7.28840896e-01, 6.84642604e-01, 4.39346841e-07, 1.84159551e-03,
       1.86356285e-03, 1.82878123e-03, 5.27523752e-03, 1.09836710e-05,
       1.83427306e-03, 1.86841397e-03, 1.88861172e-03, 4.50612145e-07,
       1.94569333e-03, 1.79113461e-03])}
{'img': array([[[ 0.        , -0.99552414, -0.43469109, ..., -0.95112985,
         -0.93365235, -0.97697892],
        [ 0.99552414,  0.        ,  0.85546713, ..., -0.39729813,
         -0.44481462, -0.30471297],
        [ 0.43469109, -0.85546713,  0.        , ..., -0.99079695,
         -0.99652616, -0.97258251],
        ...,
        [ 0.95112985,  0.39729813,  0.99079695, ...,  0.        ,
         -0.05237254,  0.09877239],
        [ 0.93365235,  0.44481462,  0.99652616, ...,  0.05237254,
          0.        ,  0.15075328],
        [ 0.97697892,  0.30471297,  0.97258251, ..., -0.09877239,
         -0.15075328,  0.        ]],

       [[ 0.        ,  0.45682295,  0.736582  , ...,  0.02864649,
         -0.14282989,  0.02267276],
        [-0.45682295,  0.        , -0.96420355, ..., -0.48211818,
         -0.32508384, -0.47687425],
        [-0.736582  ,  0.96420355,  0.        , ..., -0.71690471,
         -0.82563276, -0.72105797],
        ...,
        [-0.02864649,  0.48211818,  0.71690471, ...,  0.        ,
         -0.17112406, -0.00597566],
        [ 0.14282989,  0.32508384,  0.82563276, ...,  0.17112406,
          0.        ,  0.16523348],
        [-0.02267276,  0.47687425,  0.72105797, ...,  0.00597566,
         -0.16523348,  0.        ]],

       [[ 0.        , -0.58642988, -0.64992307, ..., -0.58642988,
         -0.55024994, -0.61949576],
        [ 0.58642988,  0.        , -0.08075098, ..., -0.9500164 ,
         -0.9353714 , -0.96213902],
        [ 0.64992307,  0.08075098,  0.        , ..., -0.97212439,
         -0.96087572, -0.98100639],
        ...,
        [ 0.58642988,  0.9500164 ,  0.97212439, ...,  0.        ,
         -0.04396649,  0.04144411],
        [ 0.55024994,  0.9353714 ,  0.96087572, ...,  0.04396649,
          0.        ,  0.08533276],
        [ 0.61949576,  0.96213902,  0.98100639, ..., -0.04144411,
         -0.08533276,  0.        ]],

       ...,

       [[ 0.        , -0.30420884, -0.03115144, ..., -0.92045345,
         -0.93032173, -0.78064844],
        [ 0.30420884,  0.        ,  0.27438617, ..., -0.7579282 ,
         -0.77466257, -0.55352838],
        [ 0.03115144, -0.27438617,  0.        , ..., -0.90783112,
         -0.9184456 , -0.76080085],
        ...,
        [ 0.92045345,  0.7579282 ,  0.90783112, ...,  0.        ,
         -0.02604713,  0.270138  ],
        [ 0.93032173,  0.77466257,  0.9184456 , ...,  0.02604713,
          0.        ,  0.29512508],
        [ 0.78064844,  0.55352838,  0.76080085, ..., -0.270138  ,
         -0.29512508,  0.        ]],

       [[ 0.        ,  0.00603398,  0.01713651, ..., -0.74606465,
         -0.94954329, -0.99929207],
        [-0.00603398,  0.        ,  0.0111031 , ..., -0.75006894,
         -0.95141848, -0.99904687],
        [-0.01713651, -0.0111031 ,  0.        , ..., -0.75736585,
         -0.95477849, -0.99850064],
        ...,
        [ 0.74606465,  0.75006894,  0.75736585, ...,  0.        ,
         -0.39828301, -0.69346999],
        [ 0.94954329,  0.95141848,  0.95477849, ...,  0.39828301,
          0.        , -0.34913694],
        [ 0.99929207,  0.99904687,  0.99850064, ...,  0.69346999,
          0.34913694,  0.        ]],

       [[ 0.        , -0.00768962,  0.17085173, ..., -0.97052529,
         -0.95297029, -0.93890581],
        [ 0.00768962,  0.        ,  0.17842324, ..., -0.9686434 ,
         -0.95061167, -0.93623148],
        [-0.17085173, -0.17842324,  0.        , ..., -0.99743056,
         -0.99073749, -0.9839036 ],
        ...,
        [ 0.97052529,  0.9686434 ,  0.99743056, ...,  0.        ,
          0.06446586,  0.10775412],
        [ 0.95297029,  0.95061167,  0.99073749, ..., -0.06446586,
          0.        ,  0.04343948],
        [ 0.93890581,  0.93623148,  0.9839036 , ..., -0.10775412,
         -0.04343948,  0.        ]]]), 'num': array([7.29026448e-01, 6.84445577e-01, 4.39220406e-07, 1.85753630e-03,
       1.87400706e-03, 1.83923545e-03, 5.19379960e-03, 1.64707652e-05,
       1.83923545e-03, 1.86366708e-03, 1.88611613e-03, 7.50034846e-07,
       1.93315515e-03, 1.79417902e-03])}
{'img': array([[[ 0.        ,  0.85546713,  0.50684063, ..., -0.44481462,
         -0.30471297, -0.10585991],
        [-0.85546713,  0.        , -0.47497566, ..., -0.99652616,
         -0.97258251, -0.90548061],
        [-0.50684063,  0.47497566,  0.        , ..., -0.83738586,
         -0.74541214, -0.59524818],
        ...,
        [ 0.44481462,  0.99652616,  0.83738586, ...,  0.        ,
          0.15075328,  0.3475047 ],
        [ 0.30471297,  0.97258251,  0.74541214, ..., -0.15075328,
          0.        ,  0.20217514],
        [ 0.10585991,  0.90548061,  0.59524818, ..., -0.3475047 ,
         -0.20217514,  0.        ]],

       [[ 0.        , -0.96420355, -0.76958909, ..., -0.32508384,
         -0.47687425, -0.46907592],
        [ 0.96420355,  0.        , -0.41161531, ..., -0.82563276,
         -0.72105797, -0.72716227],
        [ 0.76958909,  0.41161531,  0.        , ..., -0.52021015,
         -0.37194387, -0.38014516],
        ...,
        [ 0.32508384,  0.82563276,  0.52021015, ...,  0.        ,
          0.16523348,  0.15649781],
        [ 0.47687425,  0.72105797,  0.37194387, ..., -0.16523348,
          0.        , -0.00885086],
        [ 0.46907592,  0.72716227,  0.38014516, ..., -0.15649781,
          0.00885086,  0.        ]],

       [[ 0.        , -0.10407357, -0.30699516, ..., -0.87650255,
         -0.91522425, -0.95572648],
        [ 0.10407357,  0.        , -0.20628008, ..., -0.92184352,
         -0.95219013, -0.98116083],
        [ 0.30699516,  0.20628008,  0.        , ..., -0.9819638 ,
         -0.99473118, -0.9999108 ],
        ...,
        [ 0.87650255,  0.92184352,  0.9819638 , ...,  0.        ,
          0.08740419,  0.20216749],
        [ 0.91522425,  0.95219013,  0.99473118, ..., -0.08740419,
          0.        ,  0.1157944 ],
        [ 0.95572648,  0.98116083,  0.9999108 , ..., -0.20216749,
         -0.1157944 ,  0.        ]],

       ...,

       [[ 0.        ,  0.27438617,  0.25437005, ..., -0.77466257,
         -0.55352838, -0.05640248],
        [-0.27438617,  0.        , -0.02075355, ..., -0.9184456 ,
         -0.76080085, -0.3281871 ],
        [-0.25437005,  0.02075355,  0.        , ..., -0.91003878,
         -0.74716824, -0.30851235],
        ...,
        [ 0.77466257,  0.9184456 ,  0.91003878, ...,  0.        ,
          0.29512508,  0.73776189],
        [ 0.55352838,  0.76080085,  0.74716824, ..., -0.29512508,
          0.        ,  0.50567353],
        [ 0.05640248,  0.3281871 ,  0.30851235, ..., -0.73776189,
         -0.50567353,  0.        ]],

       [[ 0.        ,  0.0111031 , -0.05094742, ..., -0.95141848,
         -0.99904687, -0.7539641 ],
        [-0.0111031 ,  0.        , -0.06203296, ..., -0.95477849,
         -0.99850064, -0.74662382],
        [ 0.05094742,  0.06203296,  0.        , ..., -0.93449616,
         -0.99997332, -0.78645311],
        ...,
        [ 0.95141848,  0.95477849,  0.93449616, ...,  0.        ,
         -0.34913694, -0.85714778],
        [ 0.99904687,  0.99850064,  0.99997332, ...,  0.34913694,
          0.        , -0.62337878],
        [ 0.7539641 ,  0.74662382,  0.78645311, ...,  0.85714778,
          0.62337878,  0.        ]],

       [[ 0.        ,  0.17842324,  0.31280074, ..., -0.95061167,
         -0.93623148, -0.89579556],
        [-0.17842324,  0.        ,  0.13831174, ..., -0.99073749,
         -0.9839036 , -0.9607246 ],
        [-0.31280074, -0.13831174,  0.        , ..., -0.99999676,
         -0.99916336, -0.98987283],
        ...,
        [ 0.95061167,  0.99073749,  0.99999676, ...,  0.        ,
          0.04343948,  0.14447537],
        [ 0.93623148,  0.9839036 ,  0.99916336, ..., -0.04343948,
          0.        ,  0.10135527],
        [ 0.89579556,  0.9607246 ,  0.98987283, ..., -0.14447537,
         -0.10135527,  0.        ]]]), 'num': array([ 7.29012525e-01,  6.84473743e-01,  4.39238481e-07,  1.85578258e-03,
        1.87042386e-03,  1.84846194e-03,  2.95645931e-03, -1.83016034e-06,
        1.84370352e-03,  1.85916838e-03,  1.88601073e-03,  7.20063083e-07,
        1.91715039e-03,  1.80118637e-03])}
{'img': array([[[ 0.        , -0.47497566, -0.59676987, ..., -0.97258251,
         -0.90548061, -0.91447077],
        [ 0.47497566,  0.        , -0.14403048, ..., -0.74541214,
         -0.59524818, -0.61253348],
        [ 0.59676987,  0.14403048,  0.        , ..., -0.64162864,
         -0.47330715, -0.49229863],
        ...,
        [ 0.97258251,  0.74541214,  0.64162864, ...,  0.        ,
          0.20217514,  0.18088983],
        [ 0.90548061,  0.59524818,  0.47330715, ..., -0.20217514,
          0.        , -0.02168559],
        [ 0.91447077,  0.61253348,  0.49229863, ..., -0.18088983,
          0.02168559,  0.        ]],

       [[ 0.        , -0.52575611, -0.76550005, ..., -0.85307999,
         -0.85861362, -0.99883691],
        [ 0.52575611,  0.        , -0.31287109, ..., -0.4513309 ,
         -0.46085227, -0.87499606],
        [ 0.76550005,  0.31287109,  0.        , ..., -0.1494795 ,
         -0.16004961, -0.67959712],
        ...,
        [ 0.85307999,  0.4513309 ,  0.1494795 , ...,  0.        ,
         -0.01069887, -0.56230572],
        [ 0.85861362,  0.46085227,  0.16004961, ...,  0.01069887,
          0.        , -0.55342633],
        [ 0.99883691,  0.87499606,  0.67959712, ...,  0.56230572,
          0.55342633,  0.        ]],

       [[ 0.        , -0.20628008, -0.47037646, ..., -0.95219013,
         -0.98116083, -0.99391791],
        [ 0.20628008,  0.        , -0.27822494, ..., -0.99473118,
         -0.9999108 , -0.99525799],
        [ 0.47037646,  0.27822494,  0.        , ..., -0.98397814,
         -0.95671424, -0.92889811],
        ...,
        [ 0.95219013,  0.99473118,  0.98397814, ...,  0.        ,
          0.1157944 ,  0.19878947],
        [ 0.98116083,  0.9999108 ,  0.95671424, ..., -0.1157944 ,
          0.        ,  0.08396885],
        [ 0.99391791,  0.99525799,  0.92889811, ..., -0.19878947,
         -0.08396885,  0.        ]],

       ...,

       [[ 0.        , -0.02075355, -0.03422269, ..., -0.76080085,
         -0.3281871 , -0.3760505 ],
        [ 0.02075355,  0.        , -0.01347393, ..., -0.74716824,
         -0.30851235, -0.35673929],
        [ 0.03422269,  0.01347393,  0.        , ..., -0.73814517,
         -0.29566767, -0.3441195 ],
        ...,
        [ 0.76080085,  0.74716824,  0.73814517, ...,  0.        ,
          0.50567353,  0.46090614],
        [ 0.3281871 ,  0.30851235,  0.29566767, ..., -0.50567353,
          0.        , -0.0511242 ],
        [ 0.3760505 ,  0.35673929,  0.3441195 , ..., -0.46090614,
          0.0511242 ,  0.        ]],

       [[ 0.        , -0.05626571, -0.34251387, ..., -0.97686782,
         -0.99735359, -0.62858662],
        [ 0.05626571,  0.        , -0.28910892, ..., -0.96328822,
         -0.99986433, -0.6713509 ],
        [ 0.34251387,  0.28910892,  0.        , ..., -0.84453526,
         -0.96192844, -0.85695175],
        ...,
        [ 0.97686782,  0.96328822,  0.84453526, ...,  0.        ,
         -0.2842999 , -0.89416825],
        [ 0.99735359,  0.99986433,  0.96192844, ...,  0.2842999 ,
          0.        , -0.72998084],
        [ 0.62858662,  0.6713509 ,  0.85695175, ...,  0.89416825,
          0.72998084,  0.        ]],

       [[ 0.        ,  0.13831174,  0.85649604, ..., -0.9839036 ,
         -0.9607246 , -0.89779296],
        [-0.13831174,  0.        ,  0.77687393, ..., -0.99916336,
         -0.98987283, -0.95007899],
        [-0.85649604, -0.77687393,  0.        , ..., -0.66090125,
         -0.73356219, -0.84061513],
        ...,
        [ 0.9839036 ,  0.99916336,  0.66090125, ...,  0.        ,
          0.10135527,  0.27289299],
        [ 0.9607246 ,  0.98987283,  0.73356219, ..., -0.10135527,
          0.        ,  0.1739794 ],
        [ 0.89779296,  0.95007899,  0.84061513, ..., -0.27289299,
         -0.1739794 ,  0.        ]]]), 'num': array([ 7.28822930e-01,  6.84666999e-01,  4.39362497e-07,  1.83983045e-03,
        1.85813723e-03,  1.83799978e-03,  4.55316847e-03, -1.64760936e-05,
        1.84532249e-03,  1.85529968e-03,  1.88465153e-03,  6.86503901e-07,
        1.90470049e-03,  1.80589886e-03])}
{'img': array([[[ 0.        , -0.14403048, -0.34007133, ..., -0.59524818,
         -0.61253348, -0.76126233],
        [ 0.14403048,  0.        , -0.20107928, ..., -0.47330715,
         -0.49229863, -0.65992913],
        [ 0.34007133,  0.20107928,  0.        , ..., -0.28650961,
         -0.3072187 , -0.49537359],
        ...,
        [ 0.59524818,  0.47330715,  0.28650961, ...,  0.        ,
         -0.02168559, -0.22572105],
        [ 0.61253348,  0.49229863,  0.3072187 , ...,  0.02168559,
          0.        , -0.20454205],
        [ 0.76126233,  0.65992913,  0.49537359, ...,  0.22572105,
          0.20454205,  0.        ]],

       [[ 0.        , -0.31287109, -0.3789724 , ..., -0.46085227,
         -0.87499606, -0.54156026],
        [ 0.31287109,  0.        , -0.07041292, ..., -0.16004961,
         -0.67959712, -0.25135274],
        [ 0.3789724 ,  0.07041292,  0.        , ..., -0.09014713,
         -0.62625641, -0.18257651],
        ...,
        [ 0.46085227,  0.16004961,  0.09014713, ...,  0.        ,
         -0.55342633, -0.09320124],
        [ 0.87499606,  0.67959712,  0.62625641, ...,  0.55342633,
          0.        ,  0.47339029],
        [ 0.54156026,  0.25135274,  0.18257651, ...,  0.09320124,
         -0.47339029,  0.        ]],

       [[ 0.        , -0.27822494, -0.53310003, ..., -0.9999108 ,
         -0.99525799, -0.9931016 ],
        [ 0.27822494,  0.        , -0.27665825, ..., -0.95671424,
         -0.92889811, -0.92126607],
        [ 0.53310003,  0.27665825,  0.        , ..., -0.83885655,
         -0.79018537, -0.77770606],
        ...,
        [ 0.9999108 ,  0.95671424,  0.83885655, ...,  0.        ,
          0.08396885,  0.10398253],
        [ 0.99525799,  0.92889811,  0.79018537, ..., -0.08396885,
          0.        ,  0.02010164],
        [ 0.9931016 ,  0.92126607,  0.77770606, ..., -0.10398253,
         -0.02010164,  0.        ]],

       ...,

       [[ 0.        , -0.01347393, -0.19804299, ..., -0.30851235,
         -0.35673929, -0.40991546],
        [ 0.01347393,  0.        , -0.18481795, ..., -0.29566767,
         -0.3441195 , -0.39758836],
        [ 0.19804299,  0.18481795,  0.        , ..., -0.11401924,
         -0.16466093, -0.22115674],
        ...,
        [ 0.30851235,  0.29566767,  0.11401924, ...,  0.        ,
         -0.0511242 , -0.10851855],
        [ 0.35673929,  0.3441195 ,  0.16466093, ...,  0.0511242 ,
          0.        , -0.05755436],
        [ 0.40991546,  0.39758836,  0.22115674, ...,  0.10851855,
          0.05755436,  0.        ]],

       [[ 0.        , -0.26933225, -0.27499562, ..., -0.9845491 ,
         -0.9814468 , -0.63747379],
        [ 0.26933225,  0.        , -0.00588553, ..., -0.90100493,
         -0.99682004, -0.82143039],
        [ 0.27499562,  0.00588553,  0.        , ..., -0.89843613,
         -0.99633378, -0.82477273],
        ...,
        [ 0.9845491 ,  0.90100493,  0.89843613, ...,  0.        ,
         -0.36063212, -0.8701948 ],
        [ 0.9814468 ,  0.99682004,  0.99633378, ...,  0.36063212,
          0.        , -0.6339515 ],
        [ 0.63747379,  0.82143039,  0.82477273, ...,  0.8701948 ,
          0.6339515 ,  0.        ]],

       [[ 0.        ,  0.77687393,  0.33983088, ..., -0.98987283,
         -0.95007899, -0.91553819],
        [-0.77687393,  0.        , -0.51666288, ..., -0.73356219,
         -0.84061513, -0.88895709],
        [-0.33983088,  0.51666288,  0.        , ..., -0.97920345,
         -0.99956698, -0.9977419 ],
        ...,
        [ 0.98987283,  0.73356219,  0.97920345, ...,  0.        ,
          0.1739794 ,  0.26819059],
        [ 0.95007899,  0.84061513,  0.99956698, ..., -0.1739794 ,
          0.        ,  0.09649467],
        [ 0.91553819,  0.88895709,  0.9977419 , ..., -0.26819059,
         -0.09649467,  0.        ]]]), 'num': array([7.12483643e-01, 7.01659609e-01, 1.07381289e-07, 1.80400566e-03,
       1.80400566e-03, 1.78610878e-03, 3.82826825e-03, 5.36906447e-06,
       1.80686916e-03, 1.81098545e-03, 1.84132066e-03, 8.62885361e-07,
       1.85460246e-03, 1.76736843e-03])}
{'img': array([[[ 0.        , -0.20107928,  0.24870369, ..., -0.49229863,
         -0.65992913, -0.60476453],
        [ 0.20107928,  0.        ,  0.43838521, ..., -0.3072187 ,
         -0.49537359, -0.43227179],
        [-0.24870369, -0.43838521,  0.        , ..., -0.69330867,
         -0.82605192, -0.7838313 ],
        ...,
        [ 0.49229863,  0.3072187 ,  0.69330867, ...,  0.        ,
         -0.20454205, -0.13433424],
        [ 0.65992913,  0.49537359,  0.82605192, ...,  0.20454205,
          0.        ,  0.07119398],
        [ 0.60476453,  0.43227179,  0.7838313 , ...,  0.13433424,
         -0.07119398,  0.        ]],

       [[ 0.        , -0.07041292,  0.18712287, ..., -0.67959712,
         -0.25135274, -0.35841957],
        [ 0.07041292,  0.        ,  0.2558276 , ..., -0.62625641,
         -0.18257651, -0.29179522],
        [-0.18712287, -0.2558276 ,  0.        , ..., -0.8048637 ,
         -0.42802836, -0.52677917],
        ...,
        [ 0.67959712,  0.62625641,  0.8048637 , ...,  0.        ,
          0.47339029,  0.37151369],
        [ 0.25135274,  0.18257651,  0.42802836, ..., -0.47339029,
          0.        , -0.11225969],
        [ 0.35841957,  0.29179522,  0.52677917, ..., -0.37151369,
          0.11225969,  0.        ]],

       [[ 0.        , -0.27665825, -0.10996663, ..., -0.92889811,
         -0.92126607, -0.89974724],
        [ 0.27665825,  0.        ,  0.16930594, ..., -0.79018537,
         -0.77770606, -0.74389183],
        [ 0.10996663, -0.16930594,  0.        , ..., -0.88254007,
         -0.87290921, -0.84629983],
        ...,
        [ 0.92889811,  0.79018537,  0.88254007, ...,  0.        ,
          0.02010164,  0.07217349],
        [ 0.92126607,  0.77770606,  0.87290921, ..., -0.02010164,
          0.        ,  0.05210969],
        [ 0.89974724,  0.74389183,  0.84629983, ..., -0.07217349,
         -0.05210969,  0.        ]],

       ...,

       [[ 0.        , -0.18481795, -0.12932814, ..., -0.3441195 ,
         -0.39758836, -0.07138627],
        [ 0.18481795,  0.        ,  0.05616565, ..., -0.16466093,
         -0.22115674,  0.11418995],
        [ 0.12932814, -0.05616565,  0.        , ..., -0.21980001,
         -0.27558253,  0.05821143],
        ...,
        [ 0.3441195 ,  0.16466093,  0.21980001, ...,  0.        ,
         -0.05755436,  0.27621515],
        [ 0.39758836,  0.22115674,  0.27558253, ...,  0.05755436,
          0.        ,  0.33107255],
        [ 0.07138627, -0.11418995, -0.05821143, ..., -0.27621515,
         -0.33107255,  0.        ]],

       [[ 0.        , -0.00565079, -0.06615613, ..., -0.97878698,
         -0.99087774, -0.80216986],
        [ 0.00565079,  0.        , -0.06051666, ..., -0.97761361,
         -0.99162344, -0.80553111],
        [ 0.06615613,  0.06051666,  0.        , ..., -0.96308863,
         -0.99762246, -0.83991408],
        ...,
        [ 0.97878698,  0.97761361,  0.96308863, ...,  0.        ,
         -0.33491674, -0.74877872],
        [ 0.99087774,  0.99162344,  0.99762246, ...,  0.33491674,
          0.        , -0.48354551],
        [ 0.80216986,  0.80553111,  0.83991408, ...,  0.74877872,
          0.48354551,  0.        ]],

       [[ 0.        , -0.51666288, -0.53640916, ..., -0.84061513,
         -0.88895709, -0.90787231],
        [ 0.51666288,  0.        , -0.02322577, ..., -0.99956698,
         -0.9977419 , -0.99391947],
        [ 0.53640916,  0.02322577,  0.        , ..., -0.99998077,
         -0.9959128 , -0.99109397],
        ...,
        [ 0.84061513,  0.99956698,  0.99998077, ...,  0.        ,
          0.09649467,  0.13930833],
        [ 0.88895709,  0.9977419 ,  0.9959128 , ..., -0.09649467,
          0.        ,  0.04310449],
        [ 0.90787231,  0.99391947,  0.99109397, ..., -0.13930833,
         -0.04310449,  0.        ]]]), 'num': array([ 7.08880146e-01,  7.05304497e-01,  3.56140376e-08,  1.78782469e-03,
        1.79850890e-03,  1.78604399e-03,  2.93114214e-03, -7.12280753e-06,
        1.79708434e-03,  1.79877601e-03,  1.83103639e-03,  7.49769214e-07,
        1.83643732e-03,  1.76111469e-03])}
{'img': array([[[ 0.        ,  0.43838521,  0.20107928, ..., -0.49537359,
         -0.43227179, -0.51650498],
        [-0.43838521,  0.        , -0.24870369, ..., -0.82605192,
         -0.7838313 , -0.83961038],
        [-0.20107928,  0.24870369,  0.        , ..., -0.65992913,
         -0.60476453, -0.67813636],
        ...,
        [ 0.49537359,  0.82605192,  0.65992913, ...,  0.        ,
          0.07119398, -0.02449699],
        [ 0.43227179,  0.7838313 ,  0.60476453, ..., -0.07119398,
          0.        , -0.09560744],
        [ 0.51650498,  0.83961038,  0.67813636, ...,  0.02449699,
          0.09560744,  0.        ]],

       [[ 0.        ,  0.2558276 , -0.22659172, ..., -0.18257651,
         -0.29179522, -0.55234684],
        [-0.2558276 ,  0.        , -0.46822477, ..., -0.42802836,
         -0.52677917, -0.74722764],
        [ 0.22659172,  0.46822477,  0.        , ...,  0.04495542,
         -0.06747495, -0.34909008],
        ...,
        [ 0.18257651,  0.42802836, -0.04495542, ...,  0.        ,
         -0.11225969, -0.39086439],
        [ 0.29179522,  0.52677917,  0.06747495, ...,  0.11225969,
          0.        , -0.28506445],
        [ 0.55234684,  0.74722764,  0.34909008, ...,  0.39086439,
          0.28506445,  0.        ]],

       [[ 0.        ,  0.16930594,  0.01609595, ..., -0.77770606,
         -0.74389183, -0.75241526],
        [-0.16930594,  0.        , -0.15342043, ..., -0.87290921,
         -0.84629983, -0.85307302],
        [-0.01609595,  0.15342043,  0.        , ..., -0.78772367,
         -0.75455238, -0.76292001],
        ...,
        [ 0.77770606,  0.87290921,  0.78772367, ...,  0.        ,
          0.05210969,  0.0392771 ],
        [ 0.74389183,  0.84629983,  0.75455238, ..., -0.05210969,
          0.        , -0.01284575],
        [ 0.75241526,  0.85307302,  0.76292001, ..., -0.0392771 ,
          0.01284575,  0.        ]],

       ...,

       [[ 0.        ,  0.05616565,  0.13108746, ..., -0.22115674,
          0.11418995, -0.07913993],
        [-0.05616565,  0.        ,  0.07519955, ..., -0.27558253,
          0.05821143, -0.13500449],
        [-0.13108746, -0.07519955,  0.        , ..., -0.34708985,
         -0.01702543, -0.20913333],
        ...,
        [ 0.22115674,  0.27558253,  0.34708985, ...,  0.        ,
          0.33107255,  0.1432828 ],
        [-0.11418995, -0.05821143,  0.01702543, ..., -0.33107255,
          0.        , -0.19245406],
        [ 0.07913993,  0.13500449,  0.20913333, ..., -0.1432828 ,
          0.19245406,  0.        ]],

       [[ 0.        , -0.05783599, -0.05344402, ..., -0.99820499,
         -0.99062432, -0.7839839 ],
        [ 0.05783599,  0.        ,  0.00439877, ..., -0.9930703 ,
         -0.99686734, -0.81857508],
        [ 0.05344402, -0.00439877,  0.        , ..., -0.99357764,
         -0.99650978, -0.81604051],
        ...,
        [ 0.99820499,  0.9930703 ,  0.99357764, ...,  0.        ,
         -0.19569743, -0.66661959],
        [ 0.99062432,  0.99686734,  0.99650978, ...,  0.19569743,
          0.        , -0.50785756],
        [ 0.7839839 ,  0.81857508,  0.81604051, ...,  0.66661959,
          0.50785756,  0.        ]],

       [[ 0.        , -0.05394545, -0.19501383, ..., -0.97594102,
         -0.98477321, -0.99354168],
        [ 0.05394545,  0.        , -0.14182015, ..., -0.98628192,
         -0.99271736, -0.99821604],
        [ 0.19501383,  0.14182015,  0.        , ..., -0.99972321,
         -0.99976803, -0.99659395],
        ...,
        [ 0.97594102,  0.98628192,  0.99972321, ...,  0.        ,
          0.04505323,  0.10588871],
        [ 0.98477321,  0.99271736,  0.99976803, ..., -0.04505323,
          0.        ,  0.06098125],
        [ 0.99354168,  0.99821604,  0.99659395, ..., -0.10588871,
         -0.06098125,  0.        ]]]), 'num': array([7.07994136e-01, 7.06183703e-01, 1.77842101e-08, 1.81043259e-03,
       1.81754627e-03, 1.78731312e-03, 4.78260092e-03, 2.48978942e-05,
       1.79584954e-03, 1.79460464e-03, 1.82836500e-03, 1.07269839e-06,
       1.82482524e-03, 1.76438404e-03])}
{'img': array([[[ 0.        , -0.24870369, -0.32641523, ..., -0.7838313 ,
         -0.83961038, -0.6290451 ],
        [ 0.24870369,  0.        , -0.08107783, ..., -0.60476453,
         -0.67813636, -0.41594576],
        [ 0.32641523,  0.08107783,  0.        , ..., -0.53820278,
         -0.61631676, -0.34084506],
        ...,
        [ 0.7838313 ,  0.60476453,  0.53820278, ...,  0.        ,
         -0.09560744,  0.21870546],
        [ 0.83961038,  0.67813636,  0.61631676, ...,  0.09560744,
          0.        ,  0.31099647],
        [ 0.6290451 ,  0.41594576,  0.34084506, ..., -0.21870546,
         -0.31099647,  0.        ]],

       [[ 0.        , -0.46822477, -0.33021955, ..., -0.52677917,
         -0.74722764, -0.37722686],
