state_0,state_1,state_2,state_3,state_4,state_5,state_6,state_7,state_8,state_9,state_10,state_11,state_12,state_13,state_14,state_15,state_16,state_17,state_18,state_19,state_20,state_21,state_22,state_23,state_24,state_25,state_26,state_27,state_28,state_29,state_30,state_31,state_32,state_33,state_34,state_35,state_36,state_37,state_38,state_39,state_40,state_41,state_42,state_43,state_44,state_45,state_46,state_47,state_48,state_49,state_50,state_51,state_52,state_53,state_54,state_55,state_56,state_57,state_58,state_59,state_60,state_61,state_62,state_63,state_64,state_65,state_66,state_67,state_68,state_69,state_70,state_71,state_72,state_73,state_74,state_75,state_76,state_77,state_78,state_79,state_80,state_81,state_82,state_83,state_84,state_85,state_86,state_87,state_88,state_89,state_90,state_91,state_92,state_93,state_94,state_95,state_96,state_97,state_98,state_99,state_100,state_101,state_102,state_103,state_104,state_105,state_106,state_107,state_108,state_109,state_110,state_111,state_112,state_113,state_114,state_115,state_116,state_117,state_118,state_119,state_120,state_121,state_122,state_123,state_124,state_125,state_126,state_127,state_128,state_129,state_130,state_131,state_132,state_133,state_134,state_135,state_136,state_137,state_138,state_139,state_140,state_141,state_142,state_143,state_144,state_145,state_146,state_147,state_148,state_149,state_150,state_151,state_152,state_153,state_154,state_155,state_156,state_157,state_158,state_159,state_160,state_161,state_162,state_163,state_164,state_165,state_166,state_167,state_168,state_169,state_170,state_171,state_172,state_173,state_174,state_175,state_176,state_177,state_178,state_179,state_180,state_181,state_182,state_183,state_184,state_185,state_186,state_187,state_188,state_189,state_190,state_191,state_192,state_193,state_194,state_195,state_196,state_197,state_198,state_199,state_200,state_201,state_202,state_203,state_204,state_205,state_206,state_207,state_208,state_209,state_210,state_211,state_212,state_213,state_214,state_215,state_216,state_217,state_218,state_219,state_220,state_221,state_222,state_223,state_224,state_225,state_226,state_227,state_228,state_229,state_230,state_231,state_232,state_233,state_234,state_235,state_236,state_237,state_238,state_239,state_240,state_241,state_242,state_243,state_244,state_245,state_246,state_247,state_248,state_249,state_250,state_251,state_252,state_253,state_254,state_255,state_256,state_257,state_258,state_259,state_260,state_261,state_262,state_263,state_264,state_265,state_266,state_267,state_268,state_269,state_270,state_271,state_272,state_273,state_274,state_275,state_276,state_277,state_278,state_279,state_280,state_281,state_282,state_283,state_284,state_285,state_286,state_287
{'img': array([[[ 0.        , -0.3682728 , -0.14757349, ...,  0.65197349,
          0.89345313,  0.97954696],
        [ 0.3682728 ,  0.        ,  0.22703891, ...,  0.32691153,
          0.66524716,  0.83659996],
        [ 0.14757349, -0.22703891,  0.        , ...,  0.53293871,
          0.81738721,  0.93912789],
        ...,
        [-0.65197349, -0.32691153, -0.53293871, ...,  0.        ,
         -0.38461538, -0.61154611],
        [-0.89345313, -0.66524716, -0.81738721, ...,  0.38461538,
          0.        , -0.26019303],
        [-0.97954696, -0.83659996, -0.93912789, ...,  0.61154611,
          0.26019303,  0.        ]],

       [[ 0.        ,  0.6614163 ,  0.23259274, ...,  0.67545151,
          0.45240153,  0.62888507],
        [-0.6614163 ,  0.        , -0.46882747, ...,  0.01887017,
         -0.25055081, -0.04257429],
        [-0.23259274,  0.46882747,  0.        , ...,  0.48541182,
          0.23256452,  0.43079695],
        ...,
        [-0.67545151, -0.01887017, -0.48541182, ...,  0.        ,
         -0.26877448, -0.06141977],
        [-0.45240153,  0.25055081, -0.23256452, ...,  0.26877448,
          0.        ,  0.20910732],
        [-0.62888507,  0.04257429, -0.43079695, ...,  0.06141977,
         -0.20910732,  0.        ]],

       [[ 0.        , -0.04114607, -0.11699873, ...,  0.90629668,
          0.77198666,  0.61303565],
        [ 0.04114607,  0.        , -0.07603617, ...,  0.88813912,
          0.74517886,  0.58000883],
        [ 0.11699873,  0.07603617,  0.        , ...,  0.85062371,
          0.69231578,  0.5163899 ],
        ...,
        [-0.90629668, -0.88813912, -0.85062371, ...,  0.        ,
          0.24980323,  0.45692979],
        [-0.77198666, -0.74517886, -0.69231578, ..., -0.24980323,
          0.        ,  0.22024291],
        [-0.61303565, -0.58000883, -0.5163899 , ..., -0.45692979,
         -0.22024291,  0.        ]],

       ...,

       [[ 0.        , -0.18901953,  0.05038737, ...,  0.99816319,
          0.70103959,  0.39161676],
        [ 0.18901953,  0.        ,  0.23825849, ...,  0.99162091,
          0.82319623,  0.55847946],
        [-0.05038737, -0.23825849,  0.        , ...,  0.99384268,
          0.66421673,  0.34475646],
        ...,
        [-0.99816319, -0.99162091, -0.99384268, ...,  0.        ,
         -0.66934174, -0.89471319],
        [-0.70103959, -0.82319623, -0.66421673, ...,  0.66934174,
          0.        , -0.36577578],
        [-0.39161676, -0.55847946, -0.34475646, ...,  0.89471319,
          0.36577578,  0.        ]],

       [[ 0.        , -0.01081871,  0.01356873, ...,  0.85838378,
          0.7116157 ,  0.40962677],
        [ 0.01081871,  0.        ,  0.02438565, ...,  0.85278346,
          0.70397316,  0.39973339],
        [-0.01356873, -0.02438565,  0.        , ...,  0.86526562,
          0.72108315,  0.42196717],
        ...,
        [-0.85838378, -0.85278346, -0.86526562, ...,  0.        ,
          0.23800917,  0.57292151],
        [-0.7116157 , -0.70397316, -0.72108315, ..., -0.23800917,
          0.        ,  0.36138266],
        [-0.40962677, -0.39973339, -0.42196717, ..., -0.57292151,
         -0.36138266,  0.        ]],

       [[ 0.        ,  0.35192509,  0.45634159, ...,  0.62954952,
          0.67351035,  0.64528204],
        [-0.35192509,  0.        ,  0.11400399, ...,  0.86270793,
          0.89055987,  0.87285338],
        [-0.45634159, -0.11400399,  0.        , ...,  0.91473543,
          0.93661023,  0.92279459],
        ...,
        [-0.62954952, -0.86270793, -0.91473543, ...,  0.        ,
         -0.05794182, -0.02041771],
        [-0.67351035, -0.89055987, -0.93661023, ...,  0.05794182,
          0.        ,  0.03754633],
        [-0.64528204, -0.87285338, -0.92279459, ...,  0.02041771,
         -0.03754633,  0.        ]]]), 'num': array([7.15925497e-01, 6.97671564e-01, 2.97780306e-07, 4.56348320e-03,
       4.56348320e-03, 4.44437107e-03, 2.35489133e-02, 6.70005689e-05,
       4.57241660e-03, 4.21694136e-03, 3.78788957e-03, 5.88635489e-06,
       4.72142363e-03, 3.71245910e-03])}
{'img': array([[[ 0.00000000e+00,  2.27038912e-01, -3.54295849e-02, ...,
          6.65247164e-01,  8.36599958e-01,  7.21692166e-01],
        [-2.27038912e-01,  0.00000000e+00, -2.61400737e-01, ...,
          8.17387212e-01,  9.39127888e-01,  8.60005217e-01],
        [ 3.54295849e-02,  2.61400737e-01,  0.00000000e+00, ...,
          6.38376955e-01,  8.16665886e-01,  6.96714210e-01],
        ...,
        [-6.65247164e-01, -8.17387212e-01, -6.38376955e-01, ...,
          0.00000000e+00, -2.60193031e-01, -7.83386242e-02],
        [-8.36599958e-01, -9.39127888e-01, -8.16665886e-01, ...,
          2.60193031e-01,  0.00000000e+00,  1.83753031e-01],
        [-7.21692166e-01, -8.60005217e-01, -6.96714210e-01, ...,
          7.83386242e-02, -1.83753031e-01,  0.00000000e+00]],

       [[ 0.00000000e+00, -4.68827469e-01, -2.34654120e-01, ...,
         -2.50550814e-01, -4.25742896e-02, -3.97504495e-01],
        [ 4.68827469e-01,  0.00000000e+00,  2.48469722e-01, ...,
          2.32564521e-01,  4.30796951e-01,  7.90845405e-02],
        [ 2.34654120e-01, -2.48469722e-01,  0.00000000e+00, ...,
         -1.63857032e-02,  1.93055790e-01, -1.71087070e-01],
        ...,
        [ 2.50550814e-01, -2.32564521e-01,  1.63857032e-02, ...,
          0.00000000e+00,  2.09107324e-01, -1.54919990e-01],
        [ 4.25742896e-02, -4.30796951e-01, -1.93055790e-01, ...,
         -2.09107324e-01,  0.00000000e+00, -3.58077902e-01],
        [ 3.97504495e-01, -7.90845405e-02,  1.71087070e-01, ...,
          1.54919990e-01,  3.58077902e-01,  0.00000000e+00]],

       [[ 0.00000000e+00, -7.49922520e-02, -1.71441182e-01, ...,
          8.40566574e-01,  8.01070484e-01,  5.73408087e-01],
        [ 7.49922520e-02,  0.00000000e+00, -9.70764802e-02, ...,
          7.97575715e-01,  7.53926649e-01,  5.10354542e-01],
        [ 1.71441182e-01,  9.70764802e-02,  0.00000000e+00, ...,
          7.35250342e-01,  6.86590567e-01,  4.24461811e-01],
        ...,
        [-8.40566574e-01, -7.97575715e-01, -7.35250342e-01, ...,
          0.00000000e+00,  6.91914643e-02,  3.78030998e-01],
        [-8.01070484e-01, -7.53926649e-01, -6.86590567e-01, ...,
         -6.91914643e-02,  0.00000000e+00,  3.13068039e-01],
        [-5.73408087e-01, -5.10354542e-01, -4.24461811e-01, ...,
         -3.78030998e-01, -3.13068039e-01,  0.00000000e+00]],

       ...,

       [[ 0.00000000e+00,  2.38258486e-01,  7.10482463e-02, ...,
          8.23196234e-01,  5.58479461e-01,  7.36730159e-01],
        [-2.38258486e-01,  0.00000000e+00, -1.68654195e-01, ...,
          6.64216733e-01,  3.44756460e-01,  5.54406382e-01],
        [-7.10482463e-02,  1.68654195e-01,  0.00000000e+00, ...,
          7.80777782e-01,  4.98132292e-01,  6.86826463e-01],
        ...,
        [-8.23196234e-01, -6.64216733e-01, -7.80777782e-01, ...,
          0.00000000e+00, -3.65775783e-01, -1.38350807e-01],
        [-5.58479461e-01, -3.44756460e-01, -4.98132292e-01, ...,
          3.65775783e-01,  0.00000000e+00,  2.33494710e-01],
        [-7.36730159e-01, -5.54406382e-01, -6.86826463e-01, ...,
          1.38350807e-01, -2.33494710e-01,  0.00000000e+00]],

       [[ 0.00000000e+00,  2.38825418e-02,  2.47039144e-02, ...,
          8.10309895e-01,  7.18154055e-01,  3.92171597e-01],
        [-2.38825418e-02,  0.00000000e+00,  8.21615056e-04, ...,
          8.24073979e-01,  7.34568699e-01,  4.14029100e-01],
        [-2.47039144e-02, -8.21615056e-04,  0.00000000e+00, ...,
          8.24539131e-01,  7.35125945e-01,  4.14776846e-01],
        ...,
        [-8.10309895e-01, -8.24073979e-01, -8.24539131e-01, ...,
          0.00000000e+00,  1.43042390e-01,  5.15584471e-01],
        [-7.18154055e-01, -7.34568699e-01, -7.35125945e-01, ...,
         -1.43042390e-01,  0.00000000e+00,  3.87718227e-01],
        [-3.92171597e-01, -4.14029100e-01, -4.14776846e-01, ...,
         -5.15584471e-01, -3.87718227e-01,  0.00000000e+00]],

       [[ 0.00000000e+00,  3.05322059e-01,  3.94987834e-01, ...,
          6.82849058e-01,  6.54404701e-01,  6.52704043e-01],
        [-3.05322059e-01,  0.00000000e+00,  9.56316197e-02, ...,
          8.73298361e-01,  8.54023912e-01,  8.52852825e-01],
        [-3.94987834e-01, -9.56316197e-02,  0.00000000e+00, ...,
          9.15886219e-01,  8.99860540e-01,  8.98878206e-01],
        ...,
        [-6.82849058e-01, -8.73298361e-01, -9.15886219e-01, ...,
          0.00000000e+00,  3.82509890e-02,  4.04961817e-02],
        [-6.54404701e-01, -8.54023912e-01, -8.99860540e-01, ...,
         -3.82509890e-02,  0.00000000e+00,  2.24693363e-03],
        [-6.52704043e-01, -8.52852825e-01, -8.98878206e-01, ...,
         -4.04961817e-02, -2.24693363e-03,  0.00000000e+00]]]), 'num': array([ 7.06742887e-01,  7.06742887e-01,  0.00000000e+00,  5.98768279e-03,
        6.00731454e-03,  5.90915581e-03,  2.76736957e-02, -2.94476203e-05,
        6.01909359e-03,  5.59553865e-03,  5.02131006e-03,  7.76138830e-06,
        6.27260555e-03,  4.91847175e-03])}
{'img': array([[[ 0.00000000e+00, -2.61400737e-01, -1.95637857e-01, ...,
          9.39127888e-01,  8.60005217e-01,  8.92640477e-01],
        [ 2.61400737e-01,  0.00000000e+00,  6.75138841e-02, ...,
          8.16665886e-01,  6.96714210e-01,  7.43772260e-01],
        [ 1.95637857e-01, -6.75138841e-02,  0.00000000e+00, ...,
          8.53765517e-01,  7.43555546e-01,  7.87203736e-01],
        ...,
        [-9.39127888e-01, -8.16665886e-01, -8.53765517e-01, ...,
          0.00000000e+00,  1.83753031e-01,  1.16647545e-01],
        [-8.60005217e-01, -6.96714210e-01, -7.43555546e-01, ...,
         -1.83753031e-01,  0.00000000e+00, -6.78372952e-02],
        [-8.92640477e-01, -7.43772260e-01, -7.87203736e-01, ...,
         -1.16647545e-01,  6.78372952e-02,  0.00000000e+00]],

       [[ 0.00000000e+00,  2.48469722e-01,  6.35177743e-03, ...,
          4.30796951e-01,  7.90845405e-02, -1.26434236e-02],
        [-2.48469722e-01,  0.00000000e+00, -2.42312126e-01, ...,
          1.93055790e-01, -1.71087070e-01, -2.60696783e-01],
        [-6.35177743e-03,  2.42312126e-01,  0.00000000e+00, ...,
          4.25056106e-01,  7.27510620e-02, -1.89944382e-02],
        ...,
        [-4.30796951e-01, -1.93055790e-01, -4.25056106e-01, ...,
          0.00000000e+00, -3.58077902e-01, -4.42172560e-01],
        [-7.90845405e-02,  1.71087070e-01, -7.27510620e-02, ...,
          3.58077902e-01,  0.00000000e+00, -9.16820424e-02],
        [ 1.26434236e-02,  2.60696783e-01,  1.89944382e-02, ...,
          4.42172560e-01,  9.16820424e-02,  0.00000000e+00]],

       [[ 0.00000000e+00, -9.70764802e-02, -2.19225702e-01, ...,
          7.53926649e-01,  5.10354542e-01,  6.36899659e-01],
        [ 9.70764802e-02,  0.00000000e+00, -1.23475268e-01, ...,
          6.86590567e-01,  4.24461811e-01,  5.59050741e-01],
        [ 2.19225702e-01,  1.23475268e-01,  0.00000000e+00, ...,
          5.91564548e-01,  3.09413513e-01,  4.52395214e-01],
        ...,
        [-7.53926649e-01, -6.86590567e-01, -5.91564548e-01, ...,
          0.00000000e+00,  3.13068039e-01,  1.62820555e-01],
        [-5.10354542e-01, -4.24461811e-01, -3.09413513e-01, ...,
         -3.13068039e-01,  0.00000000e+00, -1.54254685e-01],
        [-6.36899659e-01, -5.59050741e-01, -4.52395214e-01, ...,
         -1.62820555e-01,  1.54254685e-01,  0.00000000e+00]],

       ...,

       [[ 0.00000000e+00, -1.68654195e-01, -3.61756722e-01, ...,
          3.44756460e-01,  5.54406382e-01,  5.54406382e-01],
        [ 1.68654195e-01,  0.00000000e+00, -1.99342986e-01, ...,
          4.98132292e-01,  6.86826463e-01,  6.86826463e-01],
        [ 3.61756722e-01,  1.99342986e-01,  0.00000000e+00, ...,
          6.60985179e-01,  8.17928461e-01,  8.17928461e-01],
        ...,
        [-3.44756460e-01, -4.98132292e-01, -6.60985179e-01, ...,
          0.00000000e+00,  2.33494710e-01,  2.33494710e-01],
        [-5.54406382e-01, -6.86826463e-01, -8.17928461e-01, ...,
         -2.33494710e-01,  0.00000000e+00,  0.00000000e+00],
        [-5.54406382e-01, -6.86826463e-01, -8.17928461e-01, ...,
         -2.33494710e-01,  0.00000000e+00,  0.00000000e+00]],

       [[ 0.00000000e+00,  8.09105029e-04, -1.52462763e-02, ...,
          8.09761235e-01,  6.90539500e-01,  4.08279134e-01],
        [-8.09105029e-04,  0.00000000e+00, -1.60552823e-02, ...,
          8.10235720e-01,  6.91124496e-01,  4.09017598e-01],
        [ 1.52462763e-02,  1.60552823e-02,  0.00000000e+00, ...,
          8.00721218e-01,  6.79431688e-01,  3.94314007e-01],
        ...,
        [-8.09761235e-01, -8.10235720e-01, -8.00721218e-01, ...,
          0.00000000e+00,  1.80515365e-01,  4.99634649e-01],
        [-6.90539500e-01, -6.91124496e-01, -6.79431688e-01, ...,
         -1.80515365e-01,  0.00000000e+00,  3.35057783e-01],
        [-4.08279134e-01, -4.09017598e-01, -3.94314007e-01, ...,
         -4.99634649e-01, -3.35057783e-01,  0.00000000e+00]],

       [[ 0.00000000e+00,  2.59971549e-01,  4.27961696e-01, ...,
          6.61233753e-01,  6.59523048e-01,  6.02621664e-01],
        [-2.59971549e-01,  0.00000000e+00,  1.78285306e-01, ...,
          8.33523512e-01,  8.32262733e-01,  7.89365609e-01],
        [-4.27961696e-01, -1.78285306e-01,  0.00000000e+00, ...,
          9.18669272e-01,  9.17766974e-01,  8.86172574e-01],
        ...,
        [-6.61233753e-01, -8.33523512e-01, -9.18669272e-01, ...,
          0.00000000e+00,  2.27810557e-03,  7.56077270e-02],
        [-6.59523048e-01, -8.32262733e-01, -9.17766974e-01, ...,
         -2.27810557e-03,  0.00000000e+00,  7.33359460e-02],
        [-6.02621664e-01, -7.89365609e-01, -8.86172574e-01, ...,
         -7.56077270e-02, -7.33359460e-02,  0.00000000e+00]]]), 'num': array([ 7.06664654e-01,  7.06664654e-01,  0.00000000e+00,  5.86924254e-03,
        6.00664956e-03,  5.84961297e-03,  3.14384308e-02, -1.17777442e-04,
        5.96935337e-03,  5.62878027e-03,  5.04414613e-03,  7.00025239e-06,
        6.28932344e-03,  4.96823709e-03])}
{'img': array([[[ 0.        ,  0.06751388,  0.06751388, ...,  0.69671421,
          0.74377226,  0.87086512],
        [-0.06751388,  0.        ,  0.        , ...,  0.74355555,
          0.78720374,  0.90206266],
        [-0.06751388,  0.        ,  0.        , ...,  0.74355555,
          0.78720374,  0.90206266],
        ...,
        [-0.69671421, -0.74355555, -0.74355555, ...,  0.        ,
         -0.0678373 , -0.28226364],
        [-0.74377226, -0.78720374, -0.78720374, ...,  0.0678373 ,
          0.        , -0.2165346 ],
        [-0.87086512, -0.90206266, -0.90206266, ...,  0.28226364,
          0.2165346 ,  0.        ]],

       [[ 0.        , -0.24231213, -0.34313639, ..., -0.17108707,
         -0.26069678, -0.16098016],
        [ 0.24231213,  0.        , -0.10531007, ...,  0.07275106,
         -0.01899444,  0.08296912],
        [ 0.34313639,  0.10531007,  0.        , ...,  0.17737754,
          0.08640225,  0.18745474],
        ...,
        [ 0.17108707, -0.07275106, -0.17737754, ...,  0.        ,
         -0.09168204,  0.01024904],
        [ 0.26069678,  0.01899444, -0.08640225, ...,  0.09168204,
          0.        ,  0.1018831 ],
        [ 0.16098016, -0.08296912, -0.18745474, ..., -0.01024904,
         -0.1018831 ,  0.        ]],

       [[ 0.        , -0.12347527, -0.28734774, ...,  0.42446181,
          0.55905074,  0.73090961],
        [ 0.12347527,  0.        , -0.16688099, ...,  0.30941351,
          0.45239521,  0.64104774],
        [ 0.28734774,  0.16688099,  0.        , ...,  0.14638289,
          0.2972239 ,  0.50397703],
        ...,
        [-0.42446181, -0.30941351, -0.14638289, ...,  0.        ,
         -0.15425468, -0.3721148 ],
        [-0.55905074, -0.45239521, -0.2972239 , ...,  0.15425468,
          0.        , -0.22448385],
        [-0.73090961, -0.64104774, -0.50397703, ...,  0.3721148 ,
          0.22448385,  0.        ]],

       ...,

       [[ 0.        , -0.19934299, -0.40790818, ...,  0.68682646,
          0.68682646,  0.40776705],
        [ 0.19934299,  0.        , -0.21771665, ...,  0.81792846,
          0.81792846,  0.58160037],
        [ 0.40790818,  0.21771665,  0.        , ...,  0.92356474,
          0.92356474,  0.74475593],
        ...,
        [-0.68682646, -0.81792846, -0.92356474, ...,  0.        ,
          0.        , -0.33075778],
        [-0.68682646, -0.81792846, -0.92356474, ...,  0.        ,
          0.        , -0.33075778],
        [-0.40776705, -0.58160037, -0.74475593, ...,  0.33075778,
          0.33075778,  0.        ]],

       [[ 0.        , -0.01596671, -0.04545628, ...,  0.72938887,
          0.58498118,  0.40695344],
        [ 0.01596671,  0.        , -0.02950027, ...,  0.71837307,
          0.57195686,  0.39231678],
        [ 0.04545628,  0.02950027,  0.        , ...,  0.69753831,
          0.54750933,  0.36501079],
        ...,
        [-0.72938887, -0.71837307, -0.69753831, ...,  0.        ,
          0.19138333,  0.38786289],
        [-0.58498118, -0.57195686, -0.54750933, ..., -0.19138333,
          0.        ,  0.20429211],
        [-0.40695344, -0.39231678, -0.36501079, ..., -0.38786289,
         -0.20429211,  0.        ]],

       [[ 0.        ,  0.34906312,  0.50133134, ...,  0.66444108,
          0.60727201,  0.44472074],
        [-0.34906312,  0.        ,  0.16776846, ...,  0.88351627,
          0.84640268,  0.72939257],
        [-0.50133134, -0.16776846,  0.        , ...,  0.94957652,
          0.92375012,  0.8338241 ],
        ...,
        [-0.66444108, -0.88351627, -0.94957652, ...,  0.        ,
          0.07405538,  0.26276157],
        [-0.60727201, -0.84640268, -0.92375012, ..., -0.07405538,
          0.        ,  0.19058693],
        [-0.44472074, -0.72939257, -0.8338241 , ..., -0.26276157,
         -0.19058693,  0.        ]]]), 'num': array([7.06733577e-01, 7.06733577e-01, 0.00000000e+00, 5.90907796e-03,
       5.90907796e-03, 5.73239457e-03, 2.81864000e-02, 3.92629765e-05,
       5.94245149e-03, 5.66564751e-03, 5.07032263e-03, 7.23642450e-06,
       6.30352287e-03, 5.02777215e-03])}
{'img': array([[[ 0.        ,  0.        ,  0.44042475, ...,  0.78720374,
          0.90206266,  0.87153387],
        [ 0.        ,  0.        ,  0.44042475, ...,  0.78720374,
          0.90206266,  0.87153387],
        [-0.44042475, -0.44042475,  0.        , ...,  0.97835014,
          0.99995198,  0.99840979],
        ...,
        [-0.78720374, -0.78720374, -0.97835014, ...,  0.        ,
         -0.2165346 , -0.15147506],
        [-0.90206266, -0.90206266, -0.99995198, ...,  0.2165346 ,
          0.        ,  0.06615472],
        [-0.87153387, -0.87153387, -0.99840979, ...,  0.15147506,
         -0.06615472,  0.        ]],

       [[ 0.        , -0.10531007,  0.6579006 , ..., -0.01899444,
          0.08296912, -0.00459845],
        [ 0.10531007,  0.        ,  0.73355182, ...,  0.08640225,
          0.18745474,  0.10073607],
        [-0.6579006 , -0.73355182,  0.        , ..., -0.67208671,
         -0.59314779, -0.66135676],
        ...,
        [ 0.01899444, -0.08640225,  0.67208671, ...,  0.        ,
          0.1018831 ,  0.01439661],
        [-0.08296912, -0.18745474,  0.59314779, ..., -0.1018831 ,
          0.        , -0.08755084],
        [ 0.00459845, -0.10073607,  0.66135676, ..., -0.01439661,
          0.08755084,  0.        ]],

       [[ 0.        , -0.16688099,  0.05691091, ...,  0.45239521,
          0.64104774,  0.70162249],
        [ 0.16688099,  0.        ,  0.22272336, ...,  0.2972239 ,
          0.50397703,  0.57287282],
        [-0.05691091, -0.22272336,  0.        , ...,  0.50241615,
          0.68368795,  0.74103715],
        ...,
        [-0.45239521, -0.2972239 , -0.50241615, ...,  0.        ,
         -0.22448385, -0.30336557],
        [-0.64104774, -0.50397703, -0.68368795, ...,  0.22448385,
          0.        , -0.08171814],
        [-0.70162249, -0.57287282, -0.74103715, ...,  0.30336557,
          0.08171814,  0.        ]],

       ...,

       [[ 0.        , -0.21771665,  0.16547692, ...,  0.81792846,
          0.58160037,  0.65825992],
        [ 0.21771665,  0.        ,  0.3762226 , ...,  0.92356474,
          0.74475593,  0.80636467],
        [-0.16547692, -0.3762226 ,  0.        , ...,  0.71145005,
          0.43897095,  0.52461543],
        ...,
        [-0.81792846, -0.92356474, -0.71145005, ...,  0.        ,
         -0.33075778, -0.23701891],
        [-0.58160037, -0.74475593, -0.43897095, ...,  0.33075778,
          0.        ,  0.09765439],
        [-0.65825992, -0.80636467, -0.52461543, ...,  0.23701891,
         -0.09765439,  0.        ]],

       [[ 0.        , -0.02937506,  0.0442415 , ...,  0.62508002,
          0.55002063,  0.39077944],
        [ 0.02937506,  0.        ,  0.07356871, ...,  0.60188126,
          0.52525066,  0.36357151],
        [-0.0442415 , -0.07356871,  0.        , ...,  0.65900116,
          0.58643043,  0.43112042],
        ...,
        [-0.62508002, -0.60188126, -0.65900116, ...,  0.        ,
          0.09271177,  0.27034932],
        [-0.55002063, -0.52525066, -0.58643043, ..., -0.09271177,
          0.        ,  0.17992552],
        [-0.39077944, -0.36357151, -0.43112042, ..., -0.27034932,
         -0.17992552,  0.        ]],

       [[ 0.        ,  0.37661212,  0.43646343, ...,  0.63242855,
          0.47809537,  0.        ],
        [-0.37661212,  0.        ,  0.06548088, ...,  0.87759429,
          0.77367512,  0.37661212],
        [-0.43646343, -0.06548088,  0.        , ...,  0.90710261,
          0.81350222,  0.43646343],
        ...,
        [-0.63242855, -0.87759429, -0.90710261, ...,  0.        ,
          0.18512539,  0.63242855],
        [-0.47809537, -0.77367512, -0.81350222, ..., -0.18512539,
          0.        ,  0.47809537],
        [-0.        , -0.37661212, -0.43646343, ..., -0.63242855,
         -0.47809537,  0.        ]]]), 'num': array([ 7.06785740e-01,  7.06785740e-01,  0.00000000e+00,  5.89969763e-03,
        5.92914704e-03,  5.78190001e-03,  2.54000144e-02, -9.81646861e-06,
        5.93700021e-03,  5.69453344e-03,  5.09589246e-03,  7.16530555e-06,
        6.32069488e-03,  5.06837200e-03])}
{'img': array([[[ 0.        ,  0.44042475,  0.26230182, ...,  0.90206266,
          0.87153387,  0.87975481],
        [-0.44042475,  0.        , -0.18951184, ...,  0.99995198,
          0.99840979,  0.99922477],
        [-0.26230182,  0.18951184,  0.        , ...,  0.98368853,
          0.96963372,  0.97365652],
        ...,
        [-0.90206266, -0.99995198, -0.98368853, ...,  0.        ,
          0.06615472,  0.04915889],
        [-0.87153387, -0.99840979, -0.96963372, ..., -0.06615472,
          0.        , -0.01702353],
        [-0.87975481, -0.99922477, -0.97365652, ..., -0.04915889,
          0.01702353,  0.        ]],

       [[ 0.        ,  0.73355182,  0.03018765, ...,  0.18745474,
          0.10073607,  0.02032269],
        [-0.73355182,  0.        , -0.71270096, ..., -0.59314779,
         -0.66135676, -0.71958834],
        [-0.03018765,  0.71270096,  0.        , ...,  0.15771679,
          0.07065607, -0.00986799],
        ...,
        [-0.18745474,  0.59314779, -0.15771679, ...,  0.        ,
         -0.08755084, -0.16745359],
        [-0.10073607,  0.66135676, -0.07065607, ...,  0.08755084,
          0.        , -0.08049596],
        [-0.02032269,  0.71958834,  0.00986799, ...,  0.16745359,
          0.08049596,  0.        ]],

       [[ 0.        ,  0.22272336,  0.24453653, ...,  0.50397703,
          0.57287282,  0.58577187],
        [-0.22272336,  0.        ,  0.02243268, ...,  0.68368795,
          0.74103715,  0.7515702 ],
        [-0.24453653, -0.02243268,  0.        , ...,  0.6998867 ,
          0.75591341,  0.76617886],
        ...,
        [-0.50397703, -0.68368795, -0.6998867 , ...,  0.        ,
         -0.08171814, -0.09747987],
        [-0.57287282, -0.74103715, -0.75591341, ...,  0.08171814,
          0.        , -0.01582489],
        [-0.58577187, -0.7515702 , -0.76617886, ...,  0.09747987,
          0.01582489,  0.        ]],

       ...,

       [[ 0.        ,  0.3762226 , -0.08665502, ...,  0.74475593,
          0.80636467,  0.78813291],
        [-0.3762226 ,  0.        , -0.45509581, ...,  0.43897095,
          0.52461543,  0.49866131],
        [ 0.08665502,  0.45509581,  0.        , ...,  0.79978253,
          0.85458082,  0.83850486],
        ...,
        [-0.74475593, -0.43897095, -0.79978253, ...,  0.        ,
          0.09765439,  0.06754915],
        [-0.80636467, -0.52461543, -0.85458082, ..., -0.09765439,
          0.        , -0.03020506],
        [-0.78813291, -0.49866131, -0.83850486, ..., -0.06754915,
          0.03020506,  0.        ]],

       [[ 0.        ,  0.0731874 ,  0.0666437 , ...,  0.59676175,
          0.53954214,  0.36182483],
        [-0.0731874 ,  0.        , -0.00655971, ...,  0.65388828,
          0.59971596,  0.42908316],
        [-0.0666437 ,  0.00655971,  0.        , ...,  0.64891119,
          0.59445389,  0.42314877],
        ...,
        [-0.59676175, -0.65388828, -0.64891119, ...,  0.        ,
          0.0695101 ,  0.26599389],
        [-0.53954214, -0.59971596, -0.59445389, ..., -0.0695101 ,
          0.        ,  0.19834453],
        [-0.36182483, -0.42908316, -0.42314877, ..., -0.26599389,
         -0.19834453,  0.        ]],

       [[ 0.        ,  0.22879814,  0.43340344, ...,  0.60483101,
          0.39777142,  0.        ],
        [-0.22879814,  0.        ,  0.21571405, ...,  0.77099147,
          0.59713885,  0.22879814],
        [-0.43340344, -0.21571405,  0.        , ...,  0.89021621,
          0.75611257,  0.43340344],
        ...,
        [-0.60483101, -0.77099147, -0.89021621, ...,  0.        ,
          0.2381563 ,  0.60483101],
        [-0.39777142, -0.59713885, -0.75611257, ..., -0.2381563 ,
          0.        ,  0.39777142],
        [-0.        , -0.22879814, -0.43340344, ..., -0.60483101,
         -0.39777142,  0.        ]]]), 'num': array([ 7.06349440e-01,  7.06349440e-01,  0.00000000e+00,  5.73908920e-03,
        5.88624534e-03,  5.71946839e-03,  4.33740741e-02, -1.56966542e-04,
        5.87839701e-03,  5.71112954e-03,  5.11531070e-03,  6.34406442e-06,
        6.31557414e-03,  5.10668494e-03])}
{'img': array([[[ 0.        , -0.18951184, -0.48419041, ...,  0.99840979,
          0.99922477,  0.98015903],
        [ 0.18951184,  0.        , -0.30960034, ...,  0.96963372,
          0.97365652,  0.99996067],
        [ 0.48419041,  0.30960034,  0.        , ...,  0.84627609,
          0.85522265,  0.95357523],
        ...,
        [-0.99840979, -0.96963372, -0.84627609, ...,  0.        ,
         -0.01702353, -0.25315183],
        [-0.99922477, -0.97365652, -0.85522265, ...,  0.01702353,
          0.        , -0.23664613],
        [-0.98015903, -0.99996067, -0.95357523, ...,  0.25315183,
          0.23664613,  0.        ]],

       [[ 0.        , -0.71270096, -0.51154637, ..., -0.66135676,
         -0.71958834, -0.34107824],
        [ 0.71270096,  0.        ,  0.25355894, ...,  0.07065607,
         -0.00986799,  0.43070832],
        [ 0.51154637, -0.25355894,  0.        , ..., -0.1845782 ,
         -0.26309209,  0.18779804],
        ...,
        [ 0.66135676, -0.07065607,  0.1845782 , ...,  0.        ,
         -0.08049596,  0.36586538],
        [ 0.71958834,  0.00986799,  0.26309209, ...,  0.08049596,
          0.        ,  0.43959312],
        [ 0.34107824, -0.43070832, -0.18779804, ..., -0.36586538,
         -0.43959312,  0.        ]],

       [[ 0.        ,  0.02243268,  0.02553837, ...,  0.74103715,
          0.7515702 ,  0.83054593],
        [-0.02243268,  0.        ,  0.00310658, ...,  0.75591341,
          0.76617886,  0.84283081],
        [-0.02553837, -0.00310658,  0.        , ...,  0.75794355,
          0.76817154,  0.84449864],
        ...,
        [-0.74103715, -0.75591341, -0.75794355, ...,  0.        ,
         -0.01582489, -0.14496097],
        [-0.7515702 , -0.76617886, -0.76817154, ...,  0.01582489,
          0.        , -0.12928508],
        [-0.83054593, -0.84283081, -0.84449864, ...,  0.14496097,
          0.12928508,  0.        ]],

       ...,

       [[ 0.        , -0.45509581, -0.44732989, ...,  0.52461543,
          0.49866131,  0.19677384],
        [ 0.45509581,  0.        ,  0.00870207, ...,  0.85458082,
          0.83850486,  0.62141397],
        [ 0.44732989, -0.00870207,  0.        , ...,  0.85002932,
          0.8337314 ,  0.61457253],
        ...,
        [-0.52461543, -0.85458082, -0.85002932, ...,  0.        ,
         -0.03020506, -0.34683732],
        [-0.49866131, -0.83850486, -0.8337314 , ...,  0.03020506,
          0.        , -0.31834898],
        [-0.19677384, -0.62141397, -0.61457253, ...,  0.34683732,
          0.31834898,  0.        ]],

       [[ 0.        , -0.00655971, -0.0915712 , ...,  0.59971596,
          0.42908316,  0.47709367],
        [ 0.00655971,  0.        , -0.08503708, ...,  0.59445389,
          0.42314877,  0.47131838],
        [ 0.0915712 ,  0.08503708,  0.        , ...,  0.52391981,
          0.34456732,  0.3946116 ],
        ...,
        [-0.59971596, -0.59445389, -0.52391981, ...,  0.        ,
          0.19834453,  0.14528531],
        [-0.42908316, -0.42314877, -0.34456732, ..., -0.19834453,
          0.        , -0.05384122],
        [-0.47709367, -0.47131838, -0.3946116 , ..., -0.14528531,
          0.05384122,  0.        ]],

       [[ 0.        ,  0.36811298,  0.57206919, ...,  0.54690712,
          0.39805259,  0.        ],
        [-0.36811298,  0.        ,  0.22997085, ...,  0.81668561,
          0.70779484,  0.36811298],
        [-0.57206919, -0.22997085,  0.        , ...,  0.92750864,
          0.85127975,  0.57206919],
        ...,
        [-0.54690712, -0.81668561, -0.92750864, ...,  0.        ,
          0.16846518,  0.54690712],
        [-0.39805259, -0.70779484, -0.85127975, ..., -0.16846518,
          0.        ,  0.39805259],
        [-0.        , -0.36811298, -0.57206919, ..., -0.54690712,
         -0.39805259,  0.        ]]]), 'num': array([7.06687808e-01, 7.06687808e-01, 0.00000000e+00, 5.86943485e-03,
       5.90869528e-03, 5.77128376e-03, 3.03589156e-02, 1.27596410e-04,
       5.85765672e-03, 5.74331070e-03, 5.13870002e-03, 5.61994112e-06,
       6.31734856e-03, 5.16927285e-03])}
{'img': array([[[ 0.        , -0.30960034, -0.32685328, ...,  0.97365652,
          0.99996067,  0.98368853],
        [ 0.30960034,  0.        , -0.01819835, ...,  0.85522265,
          0.95357523,  0.87966579],
        [ 0.32685328,  0.01819835,  0.        , ...,  0.84564953,
          0.9479368 ,  0.87086512],
        ...,
        [-0.97365652, -0.85522265, -0.84564953, ...,  0.        ,
         -0.23664613, -0.04915889],
        [-0.99996067, -0.95357523, -0.9479368 , ...,  0.23664613,
          0.        ,  0.18859744],
        [-0.98368853, -0.87966579, -0.87086512, ...,  0.04915889,
         -0.18859744,  0.        ]],

       [[ 0.        ,  0.25355894,  0.22247134, ..., -0.00986799,
          0.43070832,  0.12955496],
        [-0.25355894,  0.        , -0.0320036 , ..., -0.26309209,
          0.18779804, -0.1261009 ],
        [-0.22247134,  0.0320036 ,  0.        , ..., -0.23208119,
          0.21913602, -0.09428818],
        ...,
        [ 0.00986799,  0.26309209,  0.23208119, ...,  0.        ,
          0.43959312,  0.13933348],
        [-0.43070832, -0.18779804, -0.21913602, ..., -0.43959312,
          0.        , -0.3101562 ],
        [-0.12955496,  0.1261009 ,  0.09428818, ..., -0.13933348,
          0.3101562 ,  0.        ]],

       [[ 0.        ,  0.00310658, -0.00946226, ...,  0.76617886,
          0.84283081,  0.86796713],
        [-0.00310658,  0.        , -0.01256865, ...,  0.76817154,
          0.84449864,  0.86950573],
        [ 0.00946226,  0.01256865,  0.        , ...,  0.76006386,
          0.8377007 ,  0.86322911],
        ...,
        [-0.76617886, -0.76817154, -0.76006386, ...,  0.        ,
         -0.12928508, -0.17727843],
        [-0.84283081, -0.84449864, -0.8377007 , ...,  0.12928508,
          0.        , -0.04855332],
        [-0.86796713, -0.86950573, -0.86322911, ...,  0.17727843,
          0.04855332,  0.        ]],

       ...,

       [[ 0.        ,  0.00870207, -0.11478535, ...,  0.83850486,
          0.62141397,  0.38263837],
        [-0.00870207,  0.        , -0.12342555, ...,  0.8337314 ,
          0.61457253,  0.37458405],
        [ 0.11478535,  0.12342555,  0.        , ...,  0.89550847,
          0.70723892,  0.48615922],
        ...,
        [-0.83850486, -0.8337314 , -0.89550847, ...,  0.        ,
         -0.31834898, -0.56619573],
        [-0.62141397, -0.61457253, -0.70723892, ...,  0.31834898,
          0.        , -0.27433282],
        [-0.38263837, -0.37458405, -0.48615922, ...,  0.56619573,
          0.27433282,  0.        ]],

       [[ 0.        , -0.08503708, -0.27667481, ...,  0.42314877,
          0.47131838,  0.49131259],
        [ 0.08503708,  0.        , -0.1939551 , ...,  0.34456732,
          0.3946116 ,  0.41546708],
        [ 0.27667481,  0.1939551 ,  0.        , ...,  0.15594653,
          0.20890283,  0.23115438],
        ...,
        [-0.42314877, -0.34456732, -0.15594653, ...,  0.        ,
         -0.05384122, -0.07660328],
        [-0.47131838, -0.3946116 , -0.20890283, ...,  0.05384122,
          0.        , -0.02280915],
        [-0.49131259, -0.41546708, -0.23115438, ...,  0.07660328,
          0.02280915,  0.        ]],

       [[ 0.        ,  0.44990062,  0.65050776, ...,  0.59678785,
          0.46930773,  0.        ],
        [-0.44990062,  0.        ,  0.23925523, ...,  0.89397831,
          0.81640655,  0.44990062],
        [-0.65050776, -0.23925523,  0.        , ...,  0.97522696,
          0.93085995,  0.65050776],
        ...,
        [-0.59678785, -0.89397831, -0.97522696, ...,  0.        ,
          0.15041229,  0.59678785],
        [-0.46930773, -0.81640655, -0.93085995, ..., -0.15041229,
          0.        ,  0.46930773],
        [-0.        , -0.44990062, -0.65050776, ..., -0.59678785,
         -0.46930773,  0.        ]]]), 'num': array([ 7.06797549e-01,  7.06797549e-01,  0.00000000e+00,  5.81144651e-03,
        5.90961284e-03,  5.74273008e-03,  2.47272141e-02, -5.88997957e-05,
        5.84678639e-03,  5.77217998e-03,  5.16134002e-03,  5.32685491e-06,
        6.30031117e-03,  5.24404880e-03])}
{'img': array([[[ 0.        , -0.01819835,  0.        , ...,  0.95357523,
          0.87966579,  0.91943878],
        [ 0.01819835,  0.        ,  0.01819835, ...,  0.9479368 ,
          0.87086512,  0.91213033],
        [ 0.        , -0.01819835,  0.        , ...,  0.95357523,
          0.87966579,  0.91943878],
        ...,
        [-0.95357523, -0.9479368 , -0.95357523, ...,  0.        ,
          0.18859744,  0.09808391],
        [-0.87966579, -0.87086512, -0.87966579, ..., -0.18859744,
          0.        , -0.09136431],
        [-0.91943878, -0.91213033, -0.91943878, ..., -0.09808391,
          0.09136431,  0.        ]],

       [[ 0.        , -0.0320036 ,  0.18650166, ...,  0.18779804,
         -0.1261009 , -0.28273394],
        [ 0.0320036 ,  0.        ,  0.21784821, ...,  0.21913602,
         -0.09428818, -0.25189132],
        [-0.18650166, -0.21784821,  0.        , ...,  0.00131969,
         -0.30890132, -0.45666537],
        ...,
        [-0.18779804, -0.21913602, -0.00131969, ...,  0.        ,
         -0.3101562 , -0.45783902],
        [ 0.1261009 ,  0.09428818,  0.30890132, ...,  0.3101562 ,
          0.        , -0.15952122],
        [ 0.28273394,  0.25189132,  0.45666537, ...,  0.45783902,
          0.15952122,  0.        ]],

       [[ 0.        , -0.01256865, -0.0222562 , ...,  0.84449864,
          0.86950573,  0.88071391],
        [ 0.01256865,  0.        , -0.0096889 , ...,  0.8377007 ,
          0.86322911,  0.87469122],
        [ 0.0222562 ,  0.0096889 ,  0.        , ...,  0.83236998,
          0.85829751,  0.86995414],
        ...,
        [-0.84449864, -0.8377007 , -0.83236998, ...,  0.        ,
         -0.04855332, -0.07167751],
        [-0.86950573, -0.86322911, -0.85829751, ...,  0.04855332,
          0.        , -0.02316454],
        [-0.88071391, -0.87469122, -0.86995414, ...,  0.07167751,
          0.02316454,  0.        ]],

       ...,

       [[ 0.        , -0.12342555, -0.10291871, ...,  0.61457253,
          0.37458405,  0.26572355],
        [ 0.12342555,  0.        ,  0.02063836, ...,  0.70723892,
          0.48615922,  0.38268009],
        [ 0.10291871, -0.02063836,  0.        , ...,  0.69249749,
          0.46802043,  0.3635312 ],
        ...,
        [-0.61457253, -0.70723892, -0.69249749, ...,  0.        ,
         -0.27433282, -0.38285943],
        [-0.37458405, -0.48615922, -0.46802043, ...,  0.27433282,
          0.        , -0.11474048],
        [-0.26572355, -0.38268009, -0.3635312 , ...,  0.38285943,
          0.11474048,  0.        ]],

       [[ 0.        , -0.1939551 , -0.34456732, ...,  0.3946116 ,
          0.41546708,  0.5421379 ],
        [ 0.1939551 ,  0.        , -0.15594653, ...,  0.20890283,
          0.23115438,  0.36886449],
        [ 0.34456732,  0.15594653,  0.        , ...,  0.05384122,
          0.07660328,  0.21940194],
        ...,
        [-0.3946116 , -0.20890283, -0.05384122, ...,  0.        ,
         -0.02280915, -0.16655434],
        [-0.41546708, -0.23115438, -0.07660328, ...,  0.02280915,
          0.        , -0.14402045],
