state_0,state_1,state_2,state_3,state_4,state_5,state_6,state_7,state_8,state_9,state_10,state_11,state_12,state_13,state_14,state_15,state_16,state_17,state_18,state_19,state_20,state_21,state_22,state_23,state_24,state_25,state_26,state_27,state_28,state_29,state_30,state_31,state_32,state_33,state_34,state_35,state_36,state_37,state_38,state_39,state_40,state_41,state_42,state_43,state_44,state_45,state_46,state_47,state_48,state_49,state_50,state_51,state_52,state_53,state_54,state_55,state_56,state_57,state_58,state_59,state_60,state_61,state_62,state_63,state_64,state_65,state_66,state_67,state_68,state_69,state_70,state_71,state_72,state_73,state_74,state_75,state_76,state_77,state_78,state_79,state_80,state_81,state_82,state_83,state_84,state_85,state_86,state_87,state_88,state_89,state_90,state_91,state_92,state_93,state_94,state_95,state_96,state_97,state_98,state_99,state_100,state_101,state_102,state_103,state_104,state_105,state_106,state_107,state_108,state_109,state_110,state_111,state_112,state_113,state_114,state_115,state_116,state_117,state_118,state_119,state_120,state_121,state_122,state_123,state_124,state_125,state_126,state_127,state_128,state_129,state_130,state_131,state_132,state_133,state_134,state_135,state_136,state_137,state_138,state_139,state_140,state_141,state_142,state_143,state_144,state_145,state_146,state_147,state_148,state_149,state_150,state_151,state_152,state_153,state_154,state_155,state_156,state_157,state_158,state_159,state_160,state_161,state_162,state_163,state_164,state_165,state_166,state_167,state_168,state_169,state_170,state_171,state_172,state_173,state_174,state_175,state_176,state_177,state_178,state_179,state_180,state_181,state_182,state_183,state_184,state_185,state_186,state_187,state_188,state_189,state_190,state_191,state_192,state_193,state_194,state_195,state_196,state_197,state_198,state_199,state_200,state_201,state_202,state_203,state_204,state_205,state_206,state_207,state_208,state_209,state_210,state_211,state_212,state_213,state_214,state_215,state_216,state_217,state_218,state_219,state_220,state_221,state_222,state_223,state_224,state_225,state_226,state_227,state_228,state_229,state_230,state_231,state_232,state_233,state_234,state_235,state_236,state_237,state_238,state_239,state_240,state_241,state_242,state_243,state_244,state_245,state_246,state_247,state_248,state_249,state_250,state_251,state_252,state_253,state_254,state_255,state_256,state_257,state_258,state_259,state_260,state_261,state_262,state_263,state_264,state_265,state_266,state_267,state_268,state_269,state_270,state_271,state_272,state_273,state_274,state_275,state_276,state_277,state_278,state_279,state_280,state_281,state_282,state_283,state_284,state_285,state_286,state_287
{'img': array([[[ 0.00000000e+00, -1.74291198e-01,  2.09269819e-01, ...,
          5.06057062e-01,  9.30091323e-01,  9.93634237e-01],
        [ 1.74291198e-01,  0.00000000e+00,  3.76498799e-01, ...,
          3.47985273e-01,  8.51833388e-01,  9.58791164e-01],
        [-2.09269819e-01, -3.76498799e-01,  0.00000000e+00, ...,
          6.75347133e-01,  9.86367923e-01,  9.95208280e-01],
        ...,
        [-5.06057062e-01, -3.47985273e-01, -6.75347133e-01, ...,
          0.00000000e+00, -6.16314652e-01, -8.00000000e-01],
        [-9.30091323e-01, -8.51833388e-01, -9.86367923e-01, ...,
          6.16314652e-01,  0.00000000e+00, -2.60211209e-01],
        [-9.93634237e-01, -9.58791164e-01, -9.95208280e-01, ...,
          8.00000000e-01,  2.60211209e-01,  0.00000000e+00]],

       [[ 0.00000000e+00,  2.59786130e-01,  3.40741924e-01, ...,
          6.24733823e-01,  3.92776120e-01,  5.32963469e-01],
        [-2.59786130e-01,  0.00000000e+00,  8.48032357e-02, ...,
          4.00433495e-01,  1.40382424e-01,  2.94849814e-01],
        [-3.40741924e-01, -8.48032357e-02,  0.00000000e+00, ...,
          3.21283626e-01,  5.59132675e-02,  2.12754492e-01],
        ...,
        [-6.24733823e-01, -4.00433495e-01, -3.21283626e-01, ...,
          0.00000000e+00, -2.67832105e-01, -1.12453168e-01],
        [-3.92776120e-01, -1.40382424e-01, -5.59132675e-02, ...,
          2.67832105e-01,  0.00000000e+00,  1.57788493e-01],
        [-5.32963469e-01, -2.94849814e-01, -2.12754492e-01, ...,
          1.12453168e-01, -1.57788493e-01,  0.00000000e+00]],

       [[ 0.00000000e+00, -1.11955432e-01, -8.02903217e-03, ...,
          5.42848672e-01,  3.53609180e-01,  6.14990442e-01],
        [ 1.11955432e-01,  0.00000000e+00,  1.03973268e-01, ...,
          4.45412316e-01,  2.46663764e-01,  5.22843410e-01],
        [ 8.02903217e-03, -1.03973268e-01,  0.00000000e+00, ...,
          5.36088148e-01,  3.46087479e-01,  6.08639449e-01],
        ...,
        [-5.42848672e-01, -4.45412316e-01, -5.36088148e-01, ...,
          0.00000000e+00,  2.10805203e-01, -8.84328088e-02],
        [-3.53609180e-01, -2.46663764e-01, -3.46087479e-01, ...,
         -2.10805203e-01,  0.00000000e+00, -2.96424853e-01],
        [-6.14990442e-01, -5.22843410e-01, -6.08639449e-01, ...,
          8.84328088e-02,  2.96424853e-01,  0.00000000e+00]],

       ...,

       [[ 0.00000000e+00,  0.00000000e+00,  5.89072097e-01, ...,
          9.24844286e-01,  3.55936564e-01,  1.92002617e-02],
        [ 0.00000000e+00,  0.00000000e+00,  5.89072097e-01, ...,
          9.24844286e-01,  3.55936564e-01,  1.92002617e-02],
        [-5.89072097e-01, -5.89072097e-01,  0.00000000e+00, ...,
          5.23297426e-01, -2.62868445e-01, -5.73448149e-01],
        ...,
        [-9.24844286e-01, -9.24844286e-01, -5.23297426e-01, ...,
          0.00000000e+00, -7.28897311e-01, -9.17371056e-01],
        [-3.55936564e-01, -3.55936564e-01,  2.62868445e-01, ...,
          7.28897311e-01,  0.00000000e+00, -3.37928111e-01],
        [-1.92002617e-02, -1.92002617e-02,  5.73448149e-01, ...,
          9.17371056e-01,  3.37928111e-01,  0.00000000e+00]],

       [[ 0.00000000e+00,  7.18323076e-04,  8.48293190e-02, ...,
          3.93749191e-01,  2.09512553e-01,  2.09512553e-01],
        [-7.18323076e-04,  0.00000000e+00,  8.41135633e-02, ...,
          3.94409385e-01,  2.10214880e-01,  2.10214880e-01],
        [-8.48293190e-02, -8.41135633e-02,  0.00000000e+00, ...,
          4.70306550e-01,  2.91703978e-01,  2.91703978e-01],
        ...,
        [-3.93749191e-01, -3.94409385e-01, -4.70306550e-01, ...,
          0.00000000e+00,  1.92422612e-01,  1.92422612e-01],
        [-2.09512553e-01, -2.10214880e-01, -2.91703978e-01, ...,
         -1.92422612e-01,  0.00000000e+00,  0.00000000e+00],
        [-2.09512553e-01, -2.10214880e-01, -2.91703978e-01, ...,
         -1.92422612e-01,  0.00000000e+00,  0.00000000e+00]],

       [[ 0.00000000e+00,  7.75842542e-03,  4.57969317e-03, ...,
          8.91115358e-01,  5.71643713e-01,  5.71643713e-01],
        [-7.75842542e-03,  0.00000000e+00, -3.17878872e-03, ...,
          8.94609132e-01,  5.77992312e-01,  5.77992312e-01],
        [-4.57969317e-03,  3.17878872e-03,  0.00000000e+00, ...,
          8.93184172e-01,  5.75395366e-01,  5.75395366e-01],
        ...,
        [-8.91115358e-01, -8.94609132e-01, -8.93184172e-01, ...,
          0.00000000e+00,  4.71763220e-01,  4.71763220e-01],
        [-5.71643713e-01, -5.77992312e-01, -5.75395366e-01, ...,
         -4.71763220e-01,  0.00000000e+00,  0.00000000e+00],
        [-5.71643713e-01, -5.77992312e-01, -5.75395366e-01, ...,
         -4.71763220e-01,  0.00000000e+00,  0.00000000e+00]]]), 'num': array([ 7.07495605e-01,  7.06419325e-01,  3.79640296e-08,  1.07628024e-03,
        1.10095686e-03,  1.02882520e-03,  2.03111734e-02, -1.32874104e-05,
        1.11310535e-03,  1.08045628e-03,  9.87855687e-04,  1.80528253e-06,
        1.16805864e-03,  9.92853924e-04])}
{'img': array([[[ 0.        ,  0.3764988 ,  0.03433278, ...,  0.85183339,
          0.95879116,  0.98336173],
        [-0.3764988 ,  0.        , -0.34447036, ...,  0.98636792,
          0.99520828,  0.97939723],
        [-0.03433278,  0.34447036,  0.        , ...,  0.86931515,
          0.96798026,  0.98901882],
        ...,
        [-0.85183339, -0.98636792, -0.86931515, ...,  0.        ,
         -0.26021121, -0.36035493],
        [-0.95879116, -0.99520828, -0.96798026, ...,  0.26021121,
          0.        , -0.10521233],
        [-0.98336173, -0.97939723, -0.98901882, ...,  0.36035493,
          0.10521233,  0.        ]],

       [[ 0.        ,  0.08480324, -0.18653929, ...,  0.14038242,
          0.29484981,  0.39243529],
        [-0.08480324,  0.        , -0.26918205, ...,  0.05591327,
          0.21275449,  0.31302134],
        [ 0.18653929,  0.26918205,  0.        , ...,  0.32261042,
          0.46792089,  0.55712211],
        ...,
        [-0.14038242, -0.05591327, -0.32261042, ...,  0.        ,
          0.15778849,  0.25942825],
        [-0.29484981, -0.21275449, -0.46792089, ..., -0.15778849,
          0.        ,  0.10379219],
        [-0.39243529, -0.31302134, -0.55712211, ..., -0.25942825,
         -0.10379219,  0.        ]],

       [[ 0.        ,  0.10397327,  0.127411  , ...,  0.24666376,
          0.52284341,  0.61525594],
        [-0.10397327,  0.        ,  0.02359455, ...,  0.34608748,
          0.60863945,  0.69388629],
        [-0.127411  , -0.02359455,  0.        , ...,  0.3681276 ,
          0.62719104,  0.71068319],
        ...,
        [-0.24666376, -0.34608748, -0.3681276 , ...,  0.        ,
         -0.29642485, -0.40179342],
        [-0.52284341, -0.60863945, -0.62719104, ...,  0.29642485,
          0.        , -0.11229006],
        [-0.61525594, -0.69388629, -0.71068319, ...,  0.40179342,
          0.11229006,  0.        ]],

       ...,

       [[ 0.        ,  0.5890721 ,  0.21656541, ...,  0.35593656,
          0.01920026, -0.02534837],
        [-0.5890721 ,  0.        , -0.40009003, ..., -0.26286845,
         -0.57344815, -0.60936634],
        [-0.21656541,  0.40009003,  0.        , ...,  0.14510695,
         -0.19778088, -0.24124262],
        ...,
        [-0.35593656,  0.26286845, -0.14510695, ...,  0.        ,
         -0.33792811, -0.3795105 ],
        [-0.01920026,  0.57344815,  0.19778088, ...,  0.33792811,
          0.        , -0.04453779],
        [ 0.02534837,  0.60936634,  0.24124262, ...,  0.3795105 ,
          0.04453779,  0.        ]],

       [[ 0.        ,  0.08411356, -0.03489482, ...,  0.21021488,
          0.21021488,  0.52251139],
        [-0.08411356,  0.        , -0.11883349, ...,  0.29170398,
          0.29170398,  0.59237764],
        [ 0.03489482,  0.11883349,  0.        , ...,  0.17597176,
          0.17597176,  0.49244073],
        ...,
        [-0.21021488, -0.29170398, -0.17597176, ...,  0.        ,
          0.        , -0.33159998],
        [-0.21021488, -0.29170398, -0.17597176, ...,  0.        ,
          0.        , -0.33159998],
        [-0.52251139, -0.59237764, -0.49244073, ...,  0.33159998,
          0.33159998,  0.        ]],

       [[ 0.        , -0.00298822,  0.13903564, ...,  0.9481103 ,
          0.9481103 ,  0.54920396],
        [ 0.00298822,  0.        ,  0.14199422, ...,  0.94715598,
          0.94715598,  0.54670428],
        [-0.13903564, -0.14199422,  0.        , ...,  0.98310687,
          0.98310687,  0.66006021],
        ...,
        [-0.9481103 , -0.94715598, -0.98310687, ...,  0.        ,
          0.        ,  0.61770994],
        [-0.9481103 , -0.94715598, -0.98310687, ...,  0.        ,
          0.        ,  0.61770994],
        [-0.54920396, -0.54670428, -0.66006021, ..., -0.61770994,
         -0.61770994,  0.        ]]]), 'num': array([9.31287270e-01, 3.64254091e-01, 1.99308674e-05, 3.47446801e-04,
       3.52331817e-04, 3.37676768e-04, 4.69297432e-03, 1.22125413e-06,
       3.54774326e-04, 3.49645058e-04, 3.18981402e-04, 6.89417656e-07,
       3.70382658e-04, 3.28907458e-04])}
{'img': array([[[ 0.        , -0.34447036, -0.03779838, ...,  0.99520828,
          0.97939723,  0.9849061 ],
        [ 0.34447036,  0.        ,  0.30873918, ...,  0.96798026,
          0.98901882,  0.98425129],
        [ 0.03779838, -0.30873918,  0.        , ...,  0.99819293,
          0.98633047,  0.99074477],
        ...,
        [-0.99520828, -0.96798026, -0.99819293, ...,  0.        ,
         -0.10521233, -0.07595825],
        [-0.97939723, -0.98901882, -0.98633047, ...,  0.10521233,
          0.        ,  0.02937171],
        [-0.9849061 , -0.98425129, -0.99074477, ...,  0.07595825,
         -0.02937171,  0.        ]],

       [[ 0.        , -0.26918205, -0.26481026, ...,  0.21275449,
          0.31302134,  0.0583444 ],
        [ 0.26918205,  0.        ,  0.00453647, ...,  0.46792089,
          0.55712211,  0.32491437],
        [ 0.26481026, -0.00453647,  0.        , ...,  0.46390688,
          0.55334916,  0.32062069],
        ...,
        [-0.21275449, -0.46792089, -0.46390688, ...,  0.        ,
          0.10379219, -0.15538343],
        [-0.31302134, -0.55712211, -0.55334916, ..., -0.10379219,
          0.        , -0.25707575],
        [-0.0583444 , -0.32491437, -0.32062069, ...,  0.15538343,
          0.25707575,  0.        ]],

       [[ 0.        ,  0.02359455,  0.13683085, ...,  0.60863945,
          0.69388629,  0.79989354],
        [-0.02359455,  0.        ,  0.11342013, ...,  0.62719104,
          0.71068319,  0.81383094],
        [-0.13683085, -0.11342013,  0.        , ...,  0.71148287,
          0.78588968,  0.87448801],
        ...,
        [-0.60863945, -0.62719104, -0.71148287, ...,  0.        ,
         -0.11229006, -0.26940302],
        [-0.69388629, -0.71068319, -0.78588968, ...,  0.11229006,
          0.        , -0.15956075],
        [-0.79989354, -0.81383094, -0.87448801, ...,  0.26940302,
          0.15956075,  0.        ]],

       ...,

       [[ 0.        , -0.40009003, -0.40009003, ..., -0.57344815,
         -0.60936634, -0.12632404],
        [ 0.40009003,  0.        ,  0.        , ..., -0.19778088,
         -0.24124262,  0.28111198],
        [ 0.40009003,  0.        ,  0.        , ..., -0.19778088,
         -0.24124262,  0.28111198],
        ...,
        [ 0.57344815,  0.19778088,  0.19778088, ...,  0.        ,
         -0.04453779,  0.46536433],
        [ 0.60936634,  0.24124262,  0.24124262, ...,  0.04453779,
          0.        ,  0.5043238 ],
        [ 0.12632404, -0.28111198, -0.28111198, ..., -0.46536433,
         -0.5043238 ,  0.        ]],

       [[ 0.        , -0.11883349, -0.08889942, ...,  0.29170398,
          0.59237764,  0.78053681],
        [ 0.11883349,  0.        ,  0.03009349, ...,  0.17597176,
          0.49244073,  0.70072209],
        [ 0.08889942, -0.03009349,  0.        , ...,  0.20551594,
          0.51840944,  0.72187445],
        ...,
        [-0.29170398, -0.17597176, -0.20551594, ...,  0.        ,
         -0.33159998, -0.56424318],
        [-0.59237764, -0.49244073, -0.51840944, ...,  0.33159998,
          0.        , -0.25854654],
        [-0.78053681, -0.70072209, -0.72187445, ...,  0.56424318,
          0.25854654,  0.        ]],

       [[ 0.        ,  0.13060511,  0.18036651, ...,  0.99959485,
          0.96502658,  0.50977969],
        [-0.13060511,  0.        ,  0.05035846, ...,  0.99475017,
          0.99099901,  0.61777338],
        [-0.18036651, -0.05035846,  0.        , ...,  0.9883347 ,
          0.99648309,  0.65658924],
        ...,
        [-0.99959485, -0.99475017, -0.9883347 , ...,  0.        ,
          0.23457853,  0.84544671],
        [-0.96502658, -0.99099901, -0.99648309, ..., -0.23457853,
          0.        ,  0.69657739],
        [-0.50977969, -0.61777338, -0.65658924, ..., -0.84544671,
         -0.69657739,  0.        ]]]), 'num': array([ 7.91798257e-01,  6.10747434e-01,  6.65628024e-06,  2.85569121e-04,
        3.00267531e-04,  2.80319688e-04,  6.51192085e-03, -1.31235809e-05,
        2.98482724e-04,  3.01054946e-04,  2.74895275e-04,  4.93235256e-07,
        3.16621969e-04,  2.85487923e-04])}
{'img': array([[[ 0.        ,  0.30873918,  0.08902633, ...,  0.98901882,
          0.98425129,  0.98677445],
        [-0.30873918,  0.        , -0.22283616, ...,  0.98633047,
          0.99074477,  0.88852091],
        [-0.08902633,  0.22283616,  0.        , ...,  0.99824887,
          0.99608072,  0.96842514],
        ...,
        [-0.98901882, -0.98633047, -0.99824887, ...,  0.        ,
          0.02937171, -0.30615424],
        [-0.98425129, -0.99074477, -0.99608072, ..., -0.02937171,
          0.        , -0.33398349],
        [-0.98677445, -0.88852091, -0.96842514, ...,  0.30615424,
          0.33398349,  0.        ]],

       [[ 0.        ,  0.00453647,  0.10209028, ...,  0.55712211,
          0.32491437,  0.66293432],
        [-0.00453647,  0.        ,  0.09757647, ...,  0.55334916,
          0.32062069,  0.65953115],
        [-0.10209028, -0.09757647,  0.        , ...,  0.46943233,
          0.22666552,  0.58303787],
        ...,
        [-0.55712211, -0.55334916, -0.46943233, ...,  0.        ,
         -0.25707575,  0.13341611],
        [-0.32491437, -0.32062069, -0.22666552, ...,  0.25707575,
          0.        ,  0.38370969],
        [-0.66293432, -0.65953115, -0.58303787, ..., -0.13341611,
         -0.38370969,  0.        ]],

       [[ 0.        ,  0.11342013,  0.10143108, ...,  0.71068319,
          0.81383094,  0.93886497],
        [-0.11342013,  0.        , -0.01205861, ...,  0.78588968,
          0.87448801,  0.9718555 ],
        [-0.10143108,  0.01205861,  0.        , ...,  0.77837589,
          0.86857543,  0.9689441 ],
        ...,
        [-0.71068319, -0.78588968, -0.77837589, ...,  0.        ,
         -0.15956075, -0.41582496],
        [-0.81383094, -0.87448801, -0.86857543, ...,  0.15956075,
          0.        , -0.26538578],
        [-0.93886497, -0.9718555 , -0.9689441 , ...,  0.41582496,
          0.26538578,  0.        ]],

       ...,

       [[ 0.        ,  0.        , -0.30891662, ..., -0.24124262,
          0.28111198, -0.27879868],
        [ 0.        ,  0.        , -0.30891662, ..., -0.24124262,
          0.28111198, -0.27879868],
        [ 0.30891662,  0.30891662,  0.        , ...,  0.07034948,
          0.5638221 ,  0.03150555],
        ...,
        [ 0.24124262,  0.24124262, -0.07034948, ...,  0.        ,
          0.5043238 , -0.03888707],
        [-0.28111198, -0.28111198, -0.5638221 , ..., -0.5043238 ,
          0.        , -0.53752189],
        [ 0.27879868,  0.27879868, -0.03150555, ...,  0.03888707,
          0.53752189,  0.        ]],

       [[ 0.        ,  0.03009349,  0.00214918, ...,  0.49244073,
          0.70072209,  0.75332802],
        [-0.03009349,  0.        , -0.02794521, ...,  0.51840944,
          0.72187445,  0.77277766],
        [-0.00214918,  0.02794521,  0.        , ...,  0.49431012,
          0.70225377,  0.75473968],
        ...,
        [-0.49244073, -0.51840944, -0.49431012, ...,  0.        ,
         -0.25854654, -0.33180485],
        [-0.70072209, -0.72187445, -0.70225377, ...,  0.25854654,
          0.        , -0.07662372],
        [-0.75332802, -0.77277766, -0.75473968, ...,  0.33180485,
          0.07662372,  0.        ]],

       [[ 0.        ,  0.04906892,  0.04367827, ...,  0.99901159,
          0.88098286,  0.60532107],
        [-0.04906892,  0.        , -0.00539643, ...,  0.99998931,
          0.90313849,  0.64364984],
        [-0.04367827,  0.00539643,  0.        , ...,  0.9999997 ,
          0.90080838,  0.63951047],
        ...,
        [-0.99901159, -0.99998931, -0.9999997 , ...,  0.        ,
          0.43352041,  0.76828784],
        [-0.88098286, -0.90313849, -0.90080838, ..., -0.43352041,
          0.        ,  0.41483941],
        [-0.60532107, -0.64364984, -0.63951047, ..., -0.76828784,
         -0.41483941,  0.        ]]]), 'num': array([7.75764523e-01, 6.31011674e-01, 5.01742979e-06, 2.93616328e-04,
       2.96160663e-04, 2.77332580e-04, 3.60682978e-03, 1.67926149e-05,
       2.88120563e-04, 2.92267830e-04, 2.67536888e-04, 5.52988545e-07,
       3.07038218e-04, 2.77497441e-04])}
{'img': array([[[ 0.        , -0.22283616, -0.27845576, ...,  0.99074477,
          0.88852091,  0.99992338],
        [ 0.22283616,  0.        , -0.05743146, ...,  0.99608072,
          0.96842514,  0.97753961],
        [ 0.27845576,  0.05743146,  0.        , ...,  0.9893569 ,
          0.98114463,  0.96382235],
        ...,
        [-0.99074477, -0.99608072, -0.9893569 , ...,  0.        ,
         -0.33398349,  0.12346357],
        [-0.88852091, -0.96842514, -0.98114463, ...,  0.33398349,
          0.        ,  0.44780238],
        [-0.99992338, -0.97753961, -0.96382235, ..., -0.12346357,
         -0.44780238,  0.        ]],

       [[ 0.        ,  0.09757647, -0.45545946, ...,  0.32062069,
          0.65953115,  0.26566052],
        [-0.09757647,  0.        , -0.54015411, ...,  0.22666552,
          0.58303787,  0.17032257],
        [ 0.45545946,  0.54015411,  0.        , ...,  0.71684936,
          0.92951042,  0.67559928],
        ...,
        [-0.32062069, -0.22666552, -0.71684936, ...,  0.        ,
          0.38370969, -0.05746403],
        [-0.65953115, -0.58303787, -0.92951042, ..., -0.38370969,
          0.        , -0.43614102],
        [-0.26566052, -0.17032257, -0.67559928, ...,  0.05746403,
          0.43614102,  0.        ]],

       [[ 0.        , -0.01205861,  0.        , ...,  0.87448801,
          0.9718555 ,  0.981337  ],
        [ 0.01205861,  0.        ,  0.01205861, ...,  0.86857543,
          0.9689441 ,  0.97894682],
        [ 0.        , -0.01205861,  0.        , ...,  0.87448801,
          0.9718555 ,  0.981337  ],
        ...,
        [-0.87448801, -0.86857543, -0.87448801, ...,  0.        ,
         -0.26538578, -0.30783427],
        [-0.9718555 , -0.9689441 , -0.9718555 , ...,  0.26538578,
          0.        , -0.04429739],
        [-0.981337  , -0.97894682, -0.981337  , ...,  0.30783427,
          0.04429739,  0.        ]],

       ...,

       [[ 0.        , -0.30891662, -0.28719778, ...,  0.28111198,
         -0.27879868,  0.16563271],
        [ 0.30891662,  0.        ,  0.02275168, ...,  0.5638221 ,
          0.03150555,  0.46218118],
        [ 0.28719778, -0.02275168,  0.        , ...,  0.54488562,
          0.008757  ,  0.44188568],
        ...,
        [-0.28111198, -0.5638221 , -0.54488562, ...,  0.        ,
         -0.53752189, -0.11827557],
        [ 0.27879868, -0.03150555, -0.008757  , ...,  0.53752189,
          0.        ,  0.43401308],
        [-0.16563271, -0.46218118, -0.44188568, ...,  0.11827557,
         -0.43401308,  0.        ]],

       [[ 0.        , -0.02794521, -0.07930307, ...,  0.72187445,
          0.77277766,  0.76975114],
        [ 0.02794521,  0.        , -0.0514149 , ...,  0.70225377,
          0.75473968,  0.75161186],
        [ 0.07930307,  0.0514149 ,  0.        , ...,  0.66472131,
          0.72001201,  0.71670421],
        ...,
        [-0.72187445, -0.70225377, -0.66472131, ...,  0.        ,
         -0.07662372, -0.07188201],
        [-0.77277766, -0.75473968, -0.72001201, ...,  0.07662372,
          0.        ,  0.00475483],
        [-0.76975114, -0.75161186, -0.71670421, ...,  0.07188201,
         -0.00475483,  0.        ]],

       [[ 0.        , -0.00535778, -0.01383796, ...,  0.92357155,
          0.79554846,  0.640108  ],
        [ 0.00535778,  0.        , -0.0084805 , ...,  0.92150398,
          0.79229081,  0.63598251],
        [ 0.01383796,  0.0084805 ,  0.        , ...,  0.91817728,
          0.787088  ,  0.62941521],
        ...,
        [-0.92357155, -0.92150398, -0.91817728, ...,  0.        ,
          0.25454867,  0.46413198],
        [-0.79554846, -0.79229081, -0.787088  , ..., -0.25454867,
          0.        ,  0.22337288],
        [-0.640108  , -0.63598251, -0.62941521, ..., -0.46413198,
         -0.22337288,  0.        ]]]), 'num': array([7.77744055e-01, 6.28564417e-01, 4.92342039e-06, 3.06323692e-04,
       3.07334661e-04, 2.87620760e-04, 4.50310991e-03, 1.46590545e-05,
       2.89440505e-04, 2.91007507e-04, 2.66946438e-04, 6.05555203e-07,
       3.07240098e-04, 2.74774916e-04])}
{'img': array([[[ 0.        , -0.05743146, -0.02787466, ...,  0.96842514,
          0.97753961,  0.46080771],
        [ 0.05743146,  0.        ,  0.02958049, ...,  0.98114463,
          0.96382235,  0.4090767 ],
        [ 0.02787466, -0.02958049,  0.        , ...,  0.97499811,
          0.97128513,  0.43588989],
        ...,
        [-0.96842514, -0.98114463, -0.97499811, ...,  0.        ,
          0.44780238,  0.97435876],
        [-0.97753961, -0.96382235, -0.97128513, ..., -0.44780238,
          0.        ,  0.77045036],
        [-0.46080771, -0.4090767 , -0.43588989, ..., -0.97435876,
         -0.77045036,  0.        ]],

       [[ 0.        , -0.54015411, -0.34585761, ...,  0.58303787,
          0.17032257,  0.3326134 ],
        [ 0.54015411,  0.        ,  0.21575754, ...,  0.92951042,
          0.67559928,  0.78931567],
        [ 0.34585761, -0.21575754,  0.        , ...,  0.82804714,
          0.50061552,  0.63825244],
        ...,
        [-0.58303787, -0.92951042, -0.82804714, ...,  0.        ,
         -0.43614102, -0.27961152],
        [-0.17032257, -0.67559928, -0.50061552, ...,  0.43614102,
          0.        ,  0.16712841],
        [-0.3326134 , -0.78931567, -0.63825244, ...,  0.27961152,
         -0.16712841,  0.        ]],

       [[ 0.        ,  0.01205861, -0.07211089, ...,  0.9689441 ,
          0.97894682,  0.94670191],
        [-0.01205861,  0.        , -0.08413287, ...,  0.9718555 ,
          0.981337  ,  0.95051729],
        [ 0.07211089,  0.08413287,  0.        , ...,  0.94859   ,
          0.96167931,  0.92100958],
        ...,
        [-0.9689441 , -0.9718555 , -0.94859   , ...,  0.        ,
         -0.04429739,  0.07800722],
        [-0.97894682, -0.981337  , -0.96167931, ...,  0.04429739,
          0.        ,  0.12209305],
        [-0.94670191, -0.95051729, -0.92100958, ..., -0.07800722,
         -0.12209305,  0.        ]],

       ...,

       [[ 0.        ,  0.02275168,  0.48715456, ...,  0.03150555,
          0.46218118,  0.71096611],
        [-0.02275168,  0.        ,  0.46715906, ...,  0.008757  ,
          0.44188568,  0.69478249],
        [-0.48715456, -0.46715906,  0.        , ..., -0.45939843,
         -0.0283715 ,  0.27831803],
        ...,
        [-0.03150555, -0.008757  ,  0.45939843, ...,  0.        ,
          0.43401308,  0.68845764],
        [-0.46218118, -0.44188568,  0.0283715 , ..., -0.43401308,
          0.        ,  0.30545651],
        [-0.71096611, -0.69478249, -0.27831803, ..., -0.68845764,
         -0.30545651,  0.        ]],

       [[ 0.        , -0.0514149 , -0.05904019, ...,  0.75473968,
          0.75161186,  0.68027602],
        [ 0.0514149 ,  0.        , -0.00763689, ...,  0.72001201,
          0.71670421,  0.64169142],
        [ 0.05904019,  0.00763689,  0.        , ...,  0.71469131,
          0.71135751,  0.63581549],
        ...,
        [-0.75473968, -0.72001201, -0.71469131, ...,  0.        ,
          0.00475483,  0.10691332],
        [-0.75161186, -0.71670421, -0.71135751, ..., -0.00475483,
          0.        ,  0.10218453],
        [-0.68027602, -0.64169142, -0.63581549, ..., -0.10691332,
         -0.10218453,  0.        ]],

       [[ 0.        , -0.0084805 , -0.01200795, ...,  0.79229081,
          0.63598251,  0.80372284],
        [ 0.0084805 ,  0.        , -0.00352763, ...,  0.787088  ,
          0.62941521,  0.79864801],
        [ 0.01200795,  0.00352763,  0.        , ...,  0.78490712,
          0.62667008,  0.79652012],
        ...,
        [-0.79229081, -0.787088  , -0.78490712, ...,  0.        ,
          0.22337288, -0.0189703 ],
        [-0.63598251, -0.62941521, -0.62667008, ..., -0.22337288,
          0.        , -0.24182366],
        [-0.80372284, -0.79864801, -0.79652012, ...,  0.0189703 ,
          0.24182366,  0.        ]]]), 'num': array([8.52315033e-01, 5.22974597e-01, 1.03892882e-05, 3.45220584e-04,
       3.48487655e-04, 3.31607785e-04, 7.47128129e-03, 1.52463349e-05,
       3.19084009e-04, 3.14972944e-04, 2.89181228e-04, 6.90723507e-07,
       3.37281925e-04, 2.92663963e-04])}
{'img': array([[[ 0.        ,  0.02719021, -0.37866961, ...,  0.99986871,
          0.92490041,  0.37866961],
        [-0.02719021,  0.        , -0.40369502, ...,  0.99993962,
          0.93489643,  0.40369502],
        [ 0.37866961,  0.40369502,  0.        , ...,  0.91927452,
          0.71205109,  0.        ],
        ...,
        [-0.99986871, -0.99993962, -0.91927452, ...,  0.        ,
          0.36517264,  0.91927452],
        [-0.92490041, -0.93489643, -0.71205109, ..., -0.36517264,
          0.        ,  0.71205109],
        [-0.37866961, -0.40369502, -0.        , ..., -0.91927452,
         -0.71205109,  0.        ]],

       [[ 0.        ,  0.21575754,  0.49488929, ...,  0.67559928,
          0.78931567,  0.96164809],
        [-0.21575754,  0.        ,  0.29574933, ...,  0.50061552,
          0.63825244,  0.87981903],
        [-0.49488929, -0.29574933,  0.        , ...,  0.22219953,
          0.38202473,  0.69988857],
        ...,
        [-0.67559928, -0.50061552, -0.22219953, ...,  0.        ,
          0.16712841,  0.52368574],
        [-0.78931567, -0.63825244, -0.38202473, ..., -0.16712841,
          0.        ,  0.37394156],
        [-0.96164809, -0.87981903, -0.69988857, ..., -0.52368574,
         -0.37394156,  0.        ]],

       [[ 0.        , -0.08413287, -0.12887293, ...,  0.981337  ,
          0.95051729,  0.79432782],
        [ 0.08413287,  0.        , -0.04498472, ...,  0.96167931,
          0.92100958,  0.74040175],
        [ 0.12887293,  0.04498472,  0.        , ...,  0.94837201,
          0.90255387,  0.70941508],
        ...,
        [-0.981337  , -0.96167931, -0.94837201, ...,  0.        ,
          0.12209305,  0.44340582],
        [-0.95051729, -0.92100958, -0.90255387, ..., -0.12209305,
          0.        ,  0.33065399],
        [-0.79432782, -0.74040175, -0.70941508, ..., -0.44340582,
         -0.33065399,  0.        ]],

       ...,

       [[ 0.        ,  0.46715906, -0.80124861, ...,  0.44188568,
          0.69478249,  0.82465637],
        [-0.46715906,  0.        , -0.98795863, ..., -0.0283715 ,
          0.27831803,  0.46489808],
        [ 0.80124861,  0.98795863,  0.        , ...,  0.98317134,
          0.99198426,  0.94663143],
        ...,
        [-0.44188568,  0.0283715 , -0.98317134, ...,  0.        ,
          0.30545651,  0.48983004],
        [-0.69478249, -0.27831803, -0.99198426, ..., -0.30545651,
          0.        ,  0.20011665],
        [-0.82465637, -0.46489808, -0.94663143, ..., -0.48983004,
         -0.20011665,  0.        ]],

       [[ 0.        , -0.00763689, -0.01855729, ...,  0.71670421,
          0.64169142,  0.18999305],
        [ 0.00763689,  0.        , -0.01092117, ...,  0.71135751,
          0.63581549,  0.18248972],
        [ 0.01855729,  0.01092117,  0.        , ...,  0.70363936,
          0.62734817,  0.17174106],
        ...,
        [-0.71670421, -0.71135751, -0.70363936, ...,  0.        ,
          0.10218453,  0.57115291],
        [-0.64169142, -0.63581549, -0.62734817, ..., -0.10218453,
          0.        ,  0.48428566],
        [-0.18999305, -0.18248972, -0.17174106, ..., -0.57115291,
         -0.48428566,  0.        ]],

       [[ 0.        , -0.00352763,  0.0017204 , ...,  0.62941521,
          0.79864801,  0.93367548],
        [ 0.00352763,  0.        ,  0.00524802, ...,  0.62667008,
          0.79652012,  0.93240636],
        [-0.0017204 , -0.00524802,  0.        , ...,  0.63075115,
          0.79968217,  0.93429021],
        ...,
        [-0.62941521, -0.62667008, -0.63075115, ...,  0.        ,
         -0.24182366, -0.50012411],
        [-0.79864801, -0.79652012, -0.79968217, ...,  0.24182366,
          0.        , -0.27587243],
        [-0.93367548, -0.93240636, -0.93429021, ...,  0.50012411,
          0.27587243,  0.        ]]]), 'num': array([ 7.90817973e-01,  6.12027201e-01,  5.82380365e-06,  3.12571280e-04,
        3.29879787e-04,  3.09007764e-04,  5.37656200e-03, -1.01814749e-05,
        3.02898879e-04,  2.95491856e-04,  2.71726596e-04,  6.06461767e-07,
        3.17748278e-04,  2.73235433e-04])}
{'img': array([[[ 0.        , -0.40369502, -0.12246926, ...,  0.93489643,
          0.40369502,  0.88197557],
        [ 0.40369502,  0.        ,  0.28860979, ...,  0.71205109,
          0.        ,  0.61665433],
        [ 0.12246926, -0.28860979,  0.        , ...,  0.88439195,
          0.28860979,  0.81761717],
        ...,
        [-0.93489643, -0.71205109, -0.88439195, ...,  0.        ,
          0.71205109,  0.12758079],
        [-0.40369502, -0.        , -0.28860979, ..., -0.71205109,
          0.        , -0.61665433],
        [-0.88197557, -0.61665433, -0.81761717, ..., -0.12758079,
          0.61665433,  0.        ]],

       [[ 0.        ,  0.29574933, -0.31903385, ...,  0.63825244,
          0.87981903,  0.73833796],
        [-0.29574933,  0.        , -0.58505651, ...,  0.38202473,
          0.69988857,  0.50584634],
        [ 0.31903385,  0.58505651,  0.        , ...,  0.85050041,
          0.98548221,  0.91492116],
        ...,
        [-0.63825244, -0.38202473, -0.85050041, ...,  0.        ,
          0.37394156,  0.13793541],
        [-0.87981903, -0.69988857, -0.98548221, ..., -0.37394156,
          0.        , -0.24243862],
        [-0.73833796, -0.50584634, -0.91492116, ..., -0.13793541,
          0.24243862,  0.        ]],

       [[ 0.        , -0.04456476, -0.1910554 , ...,  0.93582515,
          0.78722304,  0.39191836],
        [ 0.04456476,  0.        , -0.14712175, ...,  0.91918791,
          0.75895925,  0.35052941],
        [ 0.1910554 ,  0.14712175,  0.        , ...,  0.85124629,
          0.65490398,  0.20892796],
        ...,
        [-0.93582515, -0.91918791, -0.85124629, ...,  0.        ,
          0.29962553,  0.72282179],
        [-0.78722304, -0.75895925, -0.65490398, ..., -0.29962553,
          0.        ,  0.48256154],
        [-0.39191836, -0.35052941, -0.20892796, ..., -0.72282179,
         -0.48256154,  0.        ]],

       ...,

       [[ 0.        , -0.98795863, -0.57633292, ...,  0.27831803,
          0.46489808,  0.2603655 ],
        [ 0.98795863,  0.        ,  0.71820539, ...,  0.99198426,
          0.94663143,  0.99416736],
        [ 0.57633292, -0.71820539,  0.        , ...,  0.78100709,
          0.89018622,  0.76922987],
        ...,
        [-0.27831803, -0.99198426, -0.78100709, ...,  0.        ,
          0.20011665, -0.01864068],
        [-0.46489808, -0.94663143, -0.89018622, ..., -0.20011665,
          0.        , -0.2183455 ],
        [-0.2603655 , -0.99416736, -0.76922987, ...,  0.01864068,
          0.2183455 ,  0.        ]],

       [[ 0.        , -0.01075616, -0.02307206, ...,  0.70507383,
          0.45415575,  0.11788367],
        [ 0.01075616,  0.        , -0.01231743, ...,  0.69740549,
          0.44454658,  0.10719569],
        [ 0.02307206,  0.01231743,  0.        , ...,  0.68852497,
          0.43347945,  0.0949411 ],
        ...,
        [-0.70507383, -0.69740549, -0.68852497, ...,  0.        ,
          0.30610876,  0.61656234],
        [-0.45415575, -0.44454658, -0.43347945, ..., -0.30610876,
          0.        ,  0.34596392],
        [-0.11788367, -0.10719569, -0.0949411 , ..., -0.61656234,
         -0.34596392,  0.        ]],

       [[ 0.        ,  0.00524802,  0.01322054, ...,  0.79652012,
          0.93240636,  0.94116472],
        [-0.00524802,  0.        ,  0.0079728 , ...,  0.79968217,
          0.93429021,  0.94292531],
        [-0.01322054, -0.0079728 ,  0.        , ...,  0.8044438 ,
          0.93710292,  0.94555032],
        ...,
        [-0.79652012, -0.79968217, -0.8044438 , ...,  0.        ,
         -0.27587243, -0.29985697],
        [-0.93240636, -0.93429021, -0.93710292, ...,  0.27587243,
          0.        , -0.02504287],
        [-0.94116472, -0.94292531, -0.94555032, ...,  0.29985697,
          0.02504287,  0.        ]]]), 'num': array([7.29044395e-01, 6.84456269e-01, 1.41549606e-06, 2.95285603e-04,
       2.98566554e-04, 2.91067237e-04, 3.64050589e-03, 7.49931689e-06,
       2.86942613e-04, 2.73865679e-04, 2.51555211e-04, 5.66437765e-07,
       2.95812195e-04, 2.51919163e-04])}
{'img': array([[[ 0.00000000e+00,  2.88609787e-01,  1.45476535e-01, ...,
          0.00000000e+00,  6.16654330e-01,  2.88609787e-01],
        [-2.88609787e-01,  0.00000000e+00, -1.46253425e-01, ...,
          2.88609787e-01,  8.17617169e-01,  5.52657038e-01],
        [-1.45476535e-01,  1.46253425e-01,  0.00000000e+00, ...,
          1.45476535e-01,  7.24618258e-01,  4.24825514e-01],
        ...,
        [-0.00000000e+00, -2.88609787e-01, -1.45476535e-01, ...,
          0.00000000e+00, -6.16654330e-01, -2.88609787e-01],
        [-6.16654330e-01, -8.17617169e-01, -7.24618258e-01, ...,
          6.16654330e-01,  0.00000000e+00,  3.63210271e-01],
        [-2.88609787e-01, -5.52657038e-01, -4.24825514e-01, ...,
          2.88609787e-01, -3.63210271e-01,  0.00000000e+00]],

       [[ 0.00000000e+00, -5.85056514e-01,  3.72254940e-01, ...,
          6.99888575e-01,  5.05846341e-01,  2.85200077e-01],
        [ 5.85056514e-01,  0.00000000e+00,  8.44904780e-01, ...,
          9.85482214e-01,  9.14921159e-01,  7.92053080e-01],
        [-3.72254940e-01, -8.44904780e-01,  0.00000000e+00, ...,
          3.83704093e-01,  1.48375529e-01, -9.20915548e-02],
        ...,
        [-6.99888575e-01, -9.85482214e-01, -3.83704093e-01, ...,
          0.00000000e+00, -2.42438620e-01, -4.67116068e-01],
        [-5.05846341e-01, -9.14921159e-01, -1.48375529e-01, ...,
          2.42438620e-01,  0.00000000e+00, -2.38817216e-01],
        [-2.85200077e-01, -7.92053080e-01,  9.20915548e-02, ...,
          4.67116068e-01,  2.38817216e-01,  0.00000000e+00]],

       [[ 0.00000000e+00, -1.39002876e-01, -3.31998536e-01, ...,
          9.19032036e-01,  8.42442302e-01,  3.31998536e-01],
        [ 1.39002876e-01,  0.00000000e+00, -1.97656867e-01, ...,
          8.55317503e-01,  7.59370970e-01,  1.97656867e-01],
        [ 3.31998536e-01,  1.97656867e-01,  0.00000000e+00, ...,
          7.36036321e-01,  6.15782540e-01,  0.00000000e+00],
        ...,
        [-9.19032036e-01, -8.55317503e-01, -7.36036321e-01, ...,
          0.00000000e+00,  1.63085813e-01,  7.36036321e-01],
        [-8.42442302e-01, -7.59370970e-01, -6.15782540e-01, ...,
         -1.63085813e-01,  0.00000000e+00,  6.15782540e-01],
        [-3.31998536e-01, -1.97656867e-01, -0.00000000e+00, ...,
         -7.36036321e-01, -6.15782540e-01,  0.00000000e+00]],

       ...,

       [[ 0.00000000e+00,  7.18205395e-01,  5.11607706e-01, ...,
          9.46631432e-01,  9.94167362e-01,  9.87813777e-01],
        [-7.18205395e-01,  0.00000000e+00, -2.61103245e-01, ...,
          8.90186222e-01,  7.69229868e-01,  7.99133404e-01],
        [-5.11607706e-01,  2.61103245e-01,  0.00000000e+00, ...,
          9.78264262e-01,  9.09383663e-01,  9.28375358e-01],
        ...,
        [-9.46631432e-01, -8.90186222e-01, -9.78264262e-01, ...,
          0.00000000e+00, -2.18345502e-01, -1.71056103e-01],
        [-9.94167362e-01, -7.69229868e-01, -9.09383663e-01, ...,
          2.18345502e-01,  0.00000000e+00,  4.81985895e-02],
        [-9.87813777e-01, -7.99133404e-01, -9.28375358e-01, ...,
          1.71056103e-01, -4.81985895e-02,  0.00000000e+00]],

       [[ 0.00000000e+00, -1.20474134e-02, -1.04858075e-01, ...,
          6.06337455e-01,  5.00417991e-01,  1.04858075e-01],
        [ 1.20474134e-02,  0.00000000e+00, -9.28694671e-02, ...,
          5.96713259e-01,  4.89951217e-01,  9.28694671e-02],
        [ 1.04858075e-01,  9.28694671e-02,  0.00000000e+00, ...,
          5.19610913e-01,  4.06874847e-01,  0.00000000e+00],
        ...,
        [-6.06337455e-01, -5.96713259e-01, -5.19610913e-01, ...,
          0.00000000e+00,  1.27021117e-01,  5.19610913e-01],
        [-5.00417991e-01, -4.89951217e-01, -4.06874847e-01, ...,
         -1.27021117e-01,  0.00000000e+00,  4.06874847e-01],
        [-1.04858075e-01, -9.28694671e-02, -0.00000000e+00, ...,
         -5.19610913e-01, -4.06874847e-01,  0.00000000e+00]],

       [[ 0.00000000e+00,  7.97279642e-03, -2.07703508e-02, ...,
