state_0,state_1,state_2,state_3,state_4,state_5,state_6,state_7,state_8,state_9,state_10,state_11,state_12,state_13,state_14,state_15,state_16,state_17,state_18,state_19,state_20,state_21,state_22,state_23,state_24,state_25,state_26,state_27,state_28,state_29,state_30,state_31,state_32,state_33,state_34,state_35,state_36,state_37,state_38,state_39,state_40,state_41,state_42,state_43,state_44,state_45,state_46,state_47,state_48,state_49,state_50,state_51,state_52,state_53,state_54,state_55,state_56,state_57,state_58,state_59,state_60,state_61,state_62,state_63,state_64,state_65,state_66,state_67,state_68,state_69,state_70,state_71,state_72,state_73,state_74,state_75,state_76,state_77,state_78,state_79,state_80,state_81,state_82,state_83,state_84,state_85,state_86,state_87,state_88,state_89,state_90,state_91,state_92,state_93,state_94,state_95,state_96,state_97,state_98,state_99,state_100,state_101,state_102,state_103,state_104,state_105,state_106,state_107,state_108,state_109,state_110,state_111,state_112,state_113,state_114,state_115,state_116,state_117,state_118,state_119,state_120,state_121,state_122,state_123,state_124,state_125,state_126,state_127,state_128,state_129,state_130,state_131,state_132,state_133,state_134,state_135,state_136,state_137,state_138,state_139,state_140,state_141,state_142,state_143,state_144,state_145,state_146,state_147,state_148,state_149,state_150,state_151,state_152,state_153,state_154,state_155,state_156,state_157,state_158,state_159,state_160,state_161,state_162,state_163,state_164,state_165,state_166,state_167,state_168,state_169,state_170,state_171,state_172,state_173,state_174,state_175,state_176,state_177,state_178,state_179,state_180,state_181,state_182,state_183,state_184,state_185,state_186,state_187,state_188,state_189,state_190,state_191,state_192,state_193,state_194,state_195,state_196,state_197,state_198,state_199,state_200,state_201,state_202,state_203,state_204,state_205,state_206,state_207,state_208,state_209,state_210,state_211,state_212,state_213,state_214,state_215,state_216,state_217,state_218,state_219,state_220,state_221,state_222,state_223,state_224,state_225,state_226,state_227,state_228,state_229,state_230,state_231,state_232,state_233,state_234,state_235,state_236,state_237,state_238,state_239,state_240,state_241,state_242,state_243,state_244,state_245,state_246,state_247,state_248,state_249,state_250,state_251,state_252,state_253,state_254,state_255,state_256,state_257,state_258,state_259,state_260,state_261,state_262,state_263,state_264,state_265,state_266,state_267,state_268,state_269,state_270,state_271,state_272,state_273,state_274,state_275,state_276,state_277,state_278,state_279,state_280,state_281,state_282,state_283,state_284,state_285,state_286,state_287
{'img': array([[[ 0.00000000e+00,  1.34852299e-01,  3.77795926e-01, ...,
          3.60104831e-01,  2.89900527e-01,  3.24893962e-01],
        [-1.34852299e-01,  0.00000000e+00,  2.49486783e-01, ...,
          2.31010222e-01,  1.58191184e-01,  1.94389664e-01],
        [-3.77795926e-01, -2.49486783e-01,  0.00000000e+00, ...,
         -1.90332317e-02, -9.31564761e-02, -5.64849573e-02],
        ...,
        [-3.60104831e-01, -2.31010222e-01,  1.90332317e-02, ...,
          0.00000000e+00, -7.41891356e-02, -3.74718809e-02],
        [-2.89900527e-01, -1.58191184e-01,  9.31564761e-02, ...,
          7.41891356e-02,  0.00000000e+00,  3.67684158e-02],
        [-3.24893962e-01, -1.94389664e-01,  5.64849573e-02, ...,
          3.74718809e-02, -3.67684158e-02,  0.00000000e+00]],

       [[ 0.00000000e+00, -5.28403710e-01, -2.39608320e-01, ...,
         -2.42852040e-01, -7.46362050e-01, -5.72302475e-01],
        [ 5.28403710e-01,  0.00000000e+00,  3.09585274e-01, ...,
          3.06405328e-01, -2.81982451e-01, -5.25673760e-02],
        [ 2.39608320e-01, -3.09585274e-01,  0.00000000e+00, ...,
         -3.34242430e-03, -5.65151296e-01, -3.59142064e-01],
        ...,
        [ 2.42852040e-01, -3.06405328e-01,  3.34242430e-03, ...,
          0.00000000e+00, -5.62390681e-01, -3.56020631e-01],
        [ 7.46362050e-01,  2.81982451e-01,  5.65151296e-01, ...,
          5.62390681e-01,  0.00000000e+00,  2.31158407e-01],
        [ 5.72302475e-01,  5.25673760e-02,  3.59142064e-01, ...,
          3.56020631e-01, -2.31158407e-01,  0.00000000e+00]],

       [[ 0.00000000e+00, -3.80280205e-02,  4.25116513e-03, ...,
         -6.73214522e-02,  6.86586193e-02,  1.78848824e-01],
        [ 3.80280205e-02,  0.00000000e+00,  4.22757671e-02, ...,
         -2.93310090e-02,  1.06547239e-01,  2.16134336e-01],
        [-4.25116513e-03, -4.22757671e-02,  0.00000000e+00, ...,
         -7.15623646e-02,  6.44168656e-02,  1.74664586e-01],
        ...,
        [ 6.73214522e-02,  2.93310090e-02,  7.15623646e-02, ...,
          0.00000000e+00,  1.35665444e-01,  2.44679075e-01],
        [-6.86586193e-02, -1.06547239e-01, -6.44168656e-02, ...,
         -1.35665444e-01,  0.00000000e+00,  1.10875172e-01],
        [-1.78848824e-01, -2.16134336e-01, -1.74664586e-01, ...,
         -2.44679075e-01, -1.10875172e-01,  0.00000000e+00]],

       ...,

       [[ 0.00000000e+00, -1.36688836e-01,  2.82034601e-01, ...,
          8.51428755e-01,  3.90619361e-01,  6.38226034e-01],
        [ 1.36688836e-01,  0.00000000e+00,  4.10527282e-01, ...,
          9.15126505e-01,  5.12782242e-01,  7.37465434e-01],
        [-2.82034601e-01, -4.10527282e-01,  0.00000000e+00, ...,
          6.68945585e-01,  1.15134272e-01,  3.95192696e-01],
        ...,
        [-8.51428755e-01, -9.15126505e-01, -6.68945585e-01, ...,
          0.00000000e+00, -5.78916442e-01, -3.20741013e-01],
        [-3.90619361e-01, -5.12782242e-01, -1.15134272e-01, ...,
          5.78916442e-01,  0.00000000e+00,  2.86802500e-01],
        [-6.38226034e-01, -7.37465434e-01, -3.95192696e-01, ...,
          3.20741013e-01, -2.86802500e-01,  0.00000000e+00]],

       [[ 0.00000000e+00,  1.05633864e-02,  8.96680631e-02, ...,
         -5.53589236e-02,  4.42996009e-02,  1.32520137e-01],
        [-1.05633864e-02,  0.00000000e+00,  7.91422262e-02, ...,
         -6.59030226e-02,  3.37441130e-02,  1.22042523e-01],
        [-8.96680631e-02, -7.91422262e-02,  0.00000000e+00, ...,
         -1.44666480e-01, -4.54588861e-02,  4.31090883e-02],
        ...,
        [ 5.53589236e-02,  6.59030226e-02,  1.44666480e-01, ...,
          0.00000000e+00,  9.95362456e-02,  1.87187595e-01],
        [-4.42996009e-02, -3.37441130e-02,  4.54588861e-02, ...,
         -9.95362456e-02,  0.00000000e+00,  8.84811487e-02],
        [-1.32520137e-01, -1.22042523e-01, -4.31090883e-02, ...,
         -1.87187595e-01, -8.84811487e-02,  0.00000000e+00]],

       [[ 0.00000000e+00,  8.58702109e-05,  9.86119522e-04, ...,
         -6.23799963e-01, -5.83529995e-01, -5.26162635e-01],
        [-8.58702109e-05,  0.00000000e+00,  9.00249349e-04, ...,
         -6.23867075e-01, -5.83599727e-01, -5.26235656e-01],
        [-9.86119522e-04, -9.00249349e-04,  0.00000000e+00, ...,
         -6.24570395e-01, -5.84330531e-01, -5.27000960e-01],
        ...,
        [ 6.23799963e-01,  6.23867075e-01,  6.24570395e-01, ...,
          0.00000000e+00,  5.05049723e-02,  1.19229166e-01],
        [ 5.83529995e-01,  5.83599727e-01,  5.84330531e-01, ...,
         -5.05049723e-02,  0.00000000e+00,  6.89322991e-02],
        [ 5.26162635e-01,  5.26235656e-01,  5.27000960e-01, ...,
         -1.19229166e-01, -6.89322991e-02,  0.00000000e+00]]]), 'num': array([6.94473422e-01, 2.19295451e-01, 1.03977674e-05, 3.39412837e-03,
       3.41640930e-03, 3.38670139e-03, 6.85220077e-01, 7.42697673e-06,
       3.38670139e-03, 3.28940799e-03, 3.31218406e-03, 5.16659251e-06,
       3.45375409e-03, 3.12506190e-03])}
{'img': array([[[ 0.        ,  0.24948678,  0.58645047, ...,  0.15819118,
          0.19438966,  0.23101022],
        [-0.24948678,  0.        ,  0.36582527, ..., -0.09315648,
         -0.05648496, -0.01903323],
        [-0.58645047, -0.36582527,  0.        , ..., -0.45093367,
         -0.41781084, -0.38347292],
        ...,
        [-0.15819118,  0.09315648,  0.45093367, ...,  0.        ,
          0.03676842,  0.07418914],
        [-0.19438966,  0.05648496,  0.41781084, ..., -0.03676842,
          0.        ,  0.03747188],
        [-0.23101022,  0.01903323,  0.38347292, ..., -0.07418914,
         -0.03747188,  0.        ]],

       [[ 0.        ,  0.30958527,  0.61456064, ..., -0.28198245,
         -0.05256738,  0.27767837],
        [-0.30958527,  0.        ,  0.34014591, ..., -0.5651513 ,
         -0.35914206, -0.03337405],
        [-0.61456064, -0.34014591,  0.        , ..., -0.81206888,
         -0.65517974, -0.37134047],
        ...,
        [ 0.28198245,  0.5651513 ,  0.81206888, ...,  0.        ,
          0.23115841,  0.5373033 ],
        [ 0.05256738,  0.35914206,  0.65517974, ..., -0.23115841,
          0.        ,  0.32779457],
        [-0.27767837,  0.03337405,  0.37134047, ..., -0.5373033 ,
         -0.32779457,  0.        ]],

       [[ 0.        ,  0.04227577,  0.14999586, ...,  0.10654724,
          0.21613434,  0.24742202],
        [-0.04227577,  0.        ,  0.10806428, ...,  0.06441687,
          0.17466459,  0.2062395 ],
        [-0.14999586, -0.10806428,  0.        , ..., -0.0438002 ,
          0.06723862,  0.09929068],
        ...,
        [-0.10654724, -0.06441687,  0.0438002 , ...,  0.        ,
          0.11087517,  0.14277916],
        [-0.21613434, -0.17466459, -0.06723862, ..., -0.11087517,
          0.        ,  0.03215962],
        [-0.24742202, -0.2062395 , -0.09929068, ..., -0.14277916,
         -0.03215962,  0.        ]],

       ...,

       [[ 0.        ,  0.41052728,  0.56936722, ...,  0.51278224,
          0.73746543,  0.64494169],
        [-0.41052728,  0.        ,  0.18168892, ...,  0.11513427,
          0.3951927 ,  0.274351  ],
        [-0.56936722, -0.18168892,  0.        , ..., -0.06726269,
          0.22171601,  0.09506727],
        ...,
        [-0.51278224, -0.11513427,  0.06726269, ...,  0.        ,
          0.2868025 ,  0.16181003],
        [-0.73746543, -0.3951927 , -0.22171601, ..., -0.2868025 ,
          0.        , -0.12801065],
        [-0.64494169, -0.274351  , -0.09506727, ..., -0.16181003,
          0.12801065,  0.        ]],

       [[ 0.        ,  0.07914223,  0.2441465 , ...,  0.03374411,
          0.12204252,  0.19354807],
        [-0.07914223,  0.        ,  0.16663345, ..., -0.04545889,
          0.04310909,  0.11529527],
        [-0.2441465 , -0.16663345,  0.        , ..., -0.2112845 ,
         -0.12397216, -0.0518389 ],
        ...,
        [-0.03374411,  0.04545889,  0.2112845 , ...,  0.        ,
          0.08848115,  0.16033181],
        [-0.12204252, -0.04310909,  0.12397216, ..., -0.08848115,
          0.        ,  0.07236648],
        [-0.19354807, -0.11529527,  0.0518389 , ..., -0.16033181,
         -0.07236648,  0.        ]],

       [[ 0.        ,  0.00090025, -0.02289248, ..., -0.58359973,
         -0.52623566, -0.44414845],
        [-0.00090025,  0.        , -0.02379249, ..., -0.58433053,
         -0.52700096, -0.44495486],
        [ 0.02289248,  0.02379249,  0.        , ..., -0.56485714,
         -0.50663138, -0.42352146],
        ...,
        [ 0.58359973,  0.58433053,  0.56485714, ...,  0.        ,
          0.0689323 ,  0.16221108],
        [ 0.52623566,  0.52700096,  0.50663138, ..., -0.0689323 ,
          0.        ,  0.09380587],
        [ 0.44414845,  0.44495486,  0.42352146, ..., -0.16221108,
         -0.09380587,  0.        ]]]), 'num': array([6.97206728e-01, 6.97206728e-01, 0.00000000e+00, 6.15182407e-04,
       6.16505380e-04, 6.05260110e-04, 1.66741341e-01, 1.05837833e-05,
       6.05921596e-04, 5.89053692e-04, 5.90321541e-04, 9.59803881e-07,
       6.16843997e-04, 5.61263387e-04])}
{'img': array([[[ 0.        ,  0.36582527,  0.55909376, ..., -0.05648496,
         -0.01903323,  0.31723687],
        [-0.36582527,  0.        ,  0.21703201, ..., -0.41781084,
         -0.38347292, -0.05168192],
        [-0.55909376, -0.21703201,  0.        , ..., -0.60503307,
         -0.57477302, -0.26719202],
        ...,
        [ 0.05648496,  0.41781084,  0.60503307, ...,  0.        ,
          0.03747188,  0.37029769],
        [ 0.01903323,  0.38347292,  0.57477302, ..., -0.03747188,
          0.        ,  0.3352295 ],
        [-0.31723687,  0.05168192,  0.26719202, ..., -0.37029769,
         -0.3352295 ,  0.        ]],

       [[ 0.        ,  0.34014591,  0.36195504, ..., -0.35914206,
         -0.03337405,  0.3572214 ],
        [-0.34014591,  0.        ,  0.02329012, ..., -0.65517974,
         -0.37134047,  0.01821825],
        [-0.36195504, -0.02329012,  0.        , ..., -0.67259709,
         -0.39286455, -0.00507295],
        ...,
        [ 0.35914206,  0.65517974,  0.67259709, ...,  0.        ,
          0.32779457,  0.66883441],
        [ 0.03337405,  0.37134047,  0.39286455, ..., -0.32779457,
          0.        ,  0.38819443],
        [-0.3572214 , -0.01821825,  0.00507295, ..., -0.66883441,
         -0.38819443,  0.        ]],

       [[ 0.        ,  0.10806428,  0.29837574, ...,  0.17466459,
          0.2062395 ,  0.29837574],
        [-0.10806428,  0.        ,  0.19348664, ...,  0.06723862,
          0.09929068,  0.19348664],
        [-0.29837574, -0.19348664,  0.        , ..., -0.12708076,
         -0.09511614,  0.        ],
        ...,
        [-0.17466459, -0.06723862,  0.12708076, ...,  0.        ,
          0.03215962,  0.12708076],
        [-0.2062395 , -0.09929068,  0.09511614, ..., -0.03215962,
          0.        ,  0.09511614],
        [-0.29837574, -0.19348664,  0.        , ..., -0.12708076,
         -0.09511614,  0.        ]],

       ...,

       [[ 0.        ,  0.18168892,  0.18168892, ...,  0.3951927 ,
          0.274351  ,  0.44671423],
        [-0.18168892,  0.        ,  0.        , ...,  0.22171601,
          0.09506727,  0.2767263 ],
        [-0.18168892,  0.        ,  0.        , ...,  0.22171601,
          0.09506727,  0.2767263 ],
        ...,
        [-0.3951927 , -0.22171601, -0.22171601, ...,  0.        ,
         -0.12801065,  0.05678121],
        [-0.274351  , -0.09506727, -0.09506727, ...,  0.12801065,
          0.        ,  0.18411819],
        [-0.44671423, -0.2767263 , -0.2767263 , ..., -0.05678121,
         -0.18411819,  0.        ]],

       [[ 0.        ,  0.16663345,  0.3604966 , ...,  0.04310909,
          0.11529527,  0.18252833],
        [-0.16663345,  0.        ,  0.20002737, ..., -0.12397216,
         -0.0518389 ,  0.01614228],
        [-0.3604966 , -0.20002737,  0.        , ..., -0.31995102,
         -0.25054967, -0.18418525],
        ...,
        [-0.04310909,  0.12397216,  0.31995102, ...,  0.        ,
          0.07236648,  0.13997376],
        [-0.11529527,  0.0518389 ,  0.25054967, ..., -0.07236648,
          0.        ,  0.06795272],
        [-0.18252833, -0.01614228,  0.18418525, ..., -0.13997376,
         -0.06795272,  0.        ]],

       [[ 0.        , -0.02379249, -0.07301874, ..., -0.52700096,
         -0.44495486, -0.28304342],
        [ 0.02379249,  0.        , -0.04926909, ..., -0.50663138,
         -0.42352146, -0.26014376],
        [ 0.07301874,  0.04926909,  0.        , ..., -0.46353812,
         -0.37837493, -0.21225507],
        ...,
        [ 0.52700096,  0.50663138,  0.46353812, ...,  0.        ,
          0.09380587,  0.26490175],
        [ 0.44495486,  0.42352146,  0.37837493, ..., -0.09380587,
          0.        ,  0.17327897],
        [ 0.28304342,  0.26014376,  0.21225507, ..., -0.26490175,
         -0.17327897,  0.        ]]]), 'num': array([8.75670096e-01, 4.32886884e-01, 9.42091941e-06, 7.76812653e-04,
       7.76812653e-04, 7.71854275e-04, 2.14023968e-01, 8.26396440e-06,
       7.61276400e-04, 7.39583494e-04, 7.37834288e-04, 1.19001087e-06,
       7.75260378e-04, 7.03906609e-04])}
{'img': array([[[ 0.        ,  0.21703201,  0.14726076, ..., -0.38347292,
         -0.05168192,  0.25561993],
        [-0.21703201,  0.        , -0.07091514, ..., -0.57477302,
         -0.26719202,  0.03970546],
        [-0.14726076,  0.07091514,  0.        , ..., -0.51529518,
         -0.19818243,  0.11046471],
        ...,
        [ 0.38347292,  0.57477302,  0.51529518, ...,  0.        ,
          0.3352295 ,  0.60681126],
        [ 0.05168192,  0.26719202,  0.19818243, ..., -0.3352295 ,
          0.        ,  0.30524323],
        [-0.25561993, -0.03970546, -0.11046471, ..., -0.60681126,
         -0.30524323,  0.        ]],

       [[ 0.        ,  0.02329012, -0.45663911, ..., -0.37134047,
          0.01821825,  0.05564616],
        [-0.02329012,  0.        , -0.47723535, ..., -0.39286455,
         -0.00507295,  0.03237703],
        [ 0.45663911,  0.47723535,  0.        , ...,  0.09362414,
          0.47277123,  0.50543729],
        ...,
        [ 0.37134047,  0.39286455, -0.09362414, ...,  0.        ,
          0.38819443,  0.42243238],
        [-0.01821825,  0.00507295, -0.47277123, ..., -0.38819443,
          0.        ,  0.0374469 ],
        [-0.05564616, -0.03237703, -0.50543729, ..., -0.42243238,
         -0.0374469 ,  0.        ]],

       [[ 0.        ,  0.19348664,  0.41818328, ...,  0.09929068,
          0.19348664,  0.32279293],
        [-0.19348664,  0.        ,  0.23452478, ..., -0.09511614,
          0.        ,  0.13356386],
        [-0.41818328, -0.23452478,  0.        , ..., -0.32592486,
         -0.23452478, -0.10258471],
        ...,
        [-0.09929068,  0.09511614,  0.32592486, ...,  0.        ,
          0.09511614,  0.22722223],
        [-0.19348664,  0.        ,  0.23452478, ..., -0.09511614,
          0.        ,  0.13356386],
        [-0.32279293, -0.13356386,  0.10258471, ..., -0.22722223,
         -0.13356386,  0.        ]],

       ...,

       [[ 0.        ,  0.        ,  0.20355577, ...,  0.09506727,
          0.2767263 ,  0.2399485 ],
        [ 0.        ,  0.        ,  0.20355577, ...,  0.09506727,
          0.2767263 ,  0.2399485 ],
        [-0.20355577, -0.20355577,  0.        , ..., -0.10955695,
          0.07532591,  0.03731576],
        ...,
        [-0.09506727, -0.09506727,  0.10955695, ...,  0.        ,
          0.18411819,  0.14657179],
        [-0.2767263 , -0.2767263 , -0.07532591, ..., -0.18411819,
          0.        , -0.0380637 ],
        [-0.2399485 , -0.2399485 , -0.03731576, ..., -0.14657179,
          0.0380637 ,  0.        ]],

       [[ 0.        ,  0.20002737,  0.35534193, ..., -0.0518389 ,
          0.01614228,  0.17714401],
        [-0.20002737,  0.        ,  0.16118772, ..., -0.25054967,
         -0.18418525, -0.02329993],
        [-0.35534193, -0.16118772,  0.        , ..., -0.40331986,
         -0.34020686, -0.18413922],
        ...,
        [ 0.0518389 ,  0.25054967,  0.40331986, ...,  0.        ,
          0.06795272,  0.2279249 ],
        [-0.01614228,  0.18418525,  0.34020686, ..., -0.06795272,
          0.        ,  0.16123395],
        [-0.17714401,  0.02329993,  0.18413922, ..., -0.2279249 ,
         -0.16123395,  0.        ]],

       [[ 0.        , -0.04926909, -0.02371913, ..., -0.42352146,
         -0.26014376, -0.18067983],
        [ 0.04926909,  0.        ,  0.02556491, ..., -0.37837493,
         -0.21225507, -0.13200218],
        [ 0.02371913, -0.02556491,  0.        , ..., -0.40191548,
         -0.23716809, -0.15730024],
        ...,
        [ 0.42352146,  0.37837493,  0.40191548, ...,  0.        ,
          0.17327897,  0.25287579],
        [ 0.26014376,  0.21225507,  0.23716809, ..., -0.17327897,
          0.        ,  0.08140329],
        [ 0.18067983,  0.13200218,  0.15730024, ..., -0.25287579,
         -0.08140329,  0.        ]]]), 'num': array([ 8.79405528e-01,  4.36612414e-01,  9.50199815e-06,  7.76830024e-04,
        7.90166162e-04,  7.70995464e-04,  1.89765272e-01, -6.66806888e-06,
        7.71495569e-04,  7.49365916e-04,  7.44184271e-04,  1.10615161e-06,
        7.83397063e-04,  7.15334769e-04])}
{'img': array([[[ 0.        , -0.07091514, -0.19044372, ..., -0.26719202,
          0.03970546, -0.21703201],
        [ 0.07091514,  0.        , -0.120347  , ..., -0.19818243,
          0.11046471, -0.14726076],
        [ 0.19044372,  0.120347  ,  0.        , ..., -0.07878209,
          0.22927232, -0.02715552],
        ...,
        [ 0.26719202,  0.19818243,  0.07878209, ...,  0.        ,
          0.30524323,  0.05168192],
        [-0.03970546, -0.11046471, -0.22927232, ..., -0.30524323,
          0.        , -0.25561993],
        [ 0.21703201,  0.14726076,  0.02715552, ..., -0.05168192,
          0.25561993,  0.        ]],

       [[ 0.        , -0.47723535, -0.48209468, ..., -0.00507295,
          0.03237703, -0.14023413],
        [ 0.47723535,  0.        , -0.00553799, ...,  0.47277123,
          0.50543729,  0.34928517],
        [ 0.48209468,  0.00553799,  0.        , ...,  0.47764397,
          0.51020807,  0.354469  ],
        ...,
        [ 0.00507295, -0.47277123, -0.47764397, ...,  0.        ,
          0.0374469 , -0.13520951],
        [-0.03237703, -0.50543729, -0.51020807, ..., -0.0374469 ,
          0.        , -0.1722177 ],
        [ 0.14023413, -0.34928517, -0.354469  , ...,  0.13520951,
          0.1722177 ,  0.        ]],

       [[ 0.        ,  0.23452478,  0.44150484, ...,  0.        ,
          0.13356386,  0.25816324],
        [-0.23452478,  0.        ,  0.21876189, ..., -0.23452478,
         -0.10258471,  0.0243884 ],
        [-0.44150484, -0.21876189,  0.        , ..., -0.44150484,
         -0.31770769, -0.19489915],
        ...,
        [ 0.        ,  0.23452478,  0.44150484, ...,  0.        ,
          0.13356386,  0.25816324],
        [-0.13356386,  0.10258471,  0.31770769, ..., -0.13356386,
          0.        ,  0.12681393],
        [-0.25816324, -0.0243884 ,  0.19489915, ..., -0.25816324,
         -0.12681393,  0.        ]],

       ...,

       [[ 0.        ,  0.20355577,  0.0492021 , ...,  0.2767263 ,
          0.2399485 , -0.06684276],
        [-0.20355577,  0.        , -0.15513727, ...,  0.07532591,
          0.03731576, -0.26854382],
        [-0.0492021 ,  0.15513727,  0.        , ...,  0.22911045,
          0.1918932 , -0.11585386],
        ...,
        [-0.2767263 , -0.07532591, -0.22911045, ...,  0.        ,
         -0.0380637 , -0.34033988],
        [-0.2399485 , -0.03731576, -0.1918932 , ...,  0.0380637 ,
          0.        , -0.30430185],
        [ 0.06684276,  0.26854382,  0.11585386, ...,  0.34033988,
          0.30430185,  0.        ]],

       [[ 0.        ,  0.16118772,  0.26895081, ..., -0.18418525,
         -0.02329993,  0.03007649],
        [-0.16118772,  0.        ,  0.11018536, ..., -0.34020686,
         -0.18413922, -0.1314316 ],
        [-0.26895081, -0.11018536,  0.        , ..., -0.44174823,
         -0.29131921, -0.23986085],
        ...,
        [ 0.18418525,  0.34020686,  0.44174823, ...,  0.        ,
          0.16123395,  0.21366385],
        [ 0.02329993,  0.18413922,  0.29131921, ..., -0.16123395,
          0.        ,  0.05335771],
        [-0.03007649,  0.1314316 ,  0.23986085, ..., -0.21366385,
         -0.05335771,  0.        ]],

       [[ 0.        ,  0.02556491,  0.09816992, ..., -0.21225507,
         -0.13200218,  0.0279924 ],
        [-0.02556491,  0.        ,  0.07269641, ..., -0.23716809,
         -0.15730024,  0.00242836],
        [-0.09816992, -0.07269641,  0.        , ..., -0.30716286,
         -0.22867545, -0.07027427],
        ...,
        [ 0.21225507,  0.23716809,  0.30716286, ...,  0.        ,
          0.08140329,  0.23952647],
        [ 0.13200218,  0.15730024,  0.22867545, ..., -0.08140329,
          0.        ,  0.15969791],
        [-0.0279924 , -0.00242836,  0.07027427, ..., -0.23952647,
         -0.15969791,  0.        ]]]), 'num': array([ 7.97254278e-01,  5.89869009e-01,  4.48400580e-06,  7.00625907e-04,
        7.10472541e-04,  6.94566439e-04,  1.28204285e-01, -5.30203389e-06,
        7.03049694e-04,  6.82826221e-04,  6.76085064e-04,  9.86748116e-07,
        7.13792189e-04,  6.51860254e-04])}
{'img': array([[[ 0.        , -0.120347  , -0.120347  , ...,  0.11046471,
         -0.14726076, -0.311969  ],
        [ 0.120347  ,  0.        ,  0.        , ...,  0.22927232,
         -0.02715552, -0.19536082],
        [ 0.120347  ,  0.        ,  0.        , ...,  0.22927232,
         -0.02715552, -0.19536082],
        ...,
        [-0.11046471, -0.22927232, -0.22927232, ...,  0.        ,
         -0.25561993, -0.41501143],
        [ 0.14726076,  0.02715552,  0.02715552, ...,  0.25561993,
          0.        , -0.1686565 ],
        [ 0.311969  ,  0.19536082,  0.19536082, ...,  0.41501143,
          0.1686565 ,  0.        ]],

       [[ 0.        , -0.00553799, -0.27569684, ...,  0.50543729,
          0.34928517, -0.01203554],
        [ 0.00553799,  0.        , -0.27036926, ...,  0.51020807,
          0.354469  , -0.00649777],
        [ 0.27569684,  0.27036926,  0.        , ...,  0.72373759,
          0.59408098,  0.26410778],
        ...,
        [-0.50543729, -0.51020807, -0.72373759, ...,  0.        ,
         -0.1722177 , -0.51578571],
        [-0.34928517, -0.354469  , -0.59408098, ...,  0.1722177 ,
          0.        , -0.36053737],
        [ 0.01203554,  0.00649777, -0.26410778, ...,  0.51578571,
          0.36053737,  0.        ]],

       [[ 0.        ,  0.21876189,  0.38374048, ..., -0.10258471,
          0.0243884 ,  0.1086986 ],
        [-0.21876189,  0.        ,  0.17243193, ..., -0.31770769,
         -0.19489915, -0.11139994],
        [-0.38374048, -0.17243193,  0.        , ..., -0.4764469 ,
         -0.3611051 , -0.28108999],
        ...,
        [ 0.10258471,  0.31770769,  0.4764469 , ...,  0.        ,
          0.12681393,  0.21010201],
        [-0.0243884 ,  0.19489915,  0.3611051 , ..., -0.12681393,
          0.        ,  0.08442238],
        [-0.1086986 ,  0.11139994,  0.28108999, ..., -0.21010201,
         -0.08442238,  0.        ]],

       ...,

       [[ 0.        , -0.15513727, -0.18813798, ...,  0.03731576,
         -0.26854382, -0.32180593],
        [ 0.15513727,  0.        , -0.03349326, ...,  0.1918932 ,
         -0.11585386, -0.17102496],
        [ 0.18813798,  0.03349326,  0.        , ...,  0.22465635,
         -0.08252114, -0.13792922],
        ...,
        [-0.03731576, -0.1918932 , -0.22465635, ...,  0.        ,
         -0.30430185, -0.35691258],
        [ 0.26854382,  0.11585386,  0.08252114, ...,  0.30430185,
          0.        , -0.05572637],
        [ 0.32180593,  0.17102496,  0.13792922, ...,  0.35691258,
          0.05572637,  0.        ]],

       [[ 0.        ,  0.11018536,  0.24583851, ..., -0.18413922,
         -0.1314316 , -0.05264474],
        [-0.11018536,  0.        ,  0.13753776, ..., -0.29131921,
         -0.23986085, -0.16235675],
        [-0.24583851, -0.13753776,  0.        , ..., -0.42012285,
         -0.37110399, -0.29652673],
        ...,
        [ 0.18413922,  0.29131921,  0.42012285, ...,  0.        ,
          0.05335771,  0.13213935],
        [ 0.1314316 ,  0.23986085,  0.37110399, ..., -0.05335771,
          0.        ,  0.07906129],
        [ 0.05264474,  0.16235675,  0.29652673, ..., -0.13213935,
         -0.07906129,  0.        ]],

       [[ 0.        ,  0.07269641,  0.08664262, ..., -0.15730024,
          0.00242836,  0.06298763],
        [-0.07269641,  0.        ,  0.01399033, ..., -0.22867545,
         -0.07027427, -0.00973109],
        [-0.08664262, -0.01399033,  0.        , ..., -0.2422727 ,
         -0.08422313, -0.02371981],
        ...,
        [ 0.15730024,  0.22867545,  0.2422727 , ...,  0.        ,
          0.15969791,  0.21919138],
        [-0.00242836,  0.07027427,  0.08422313, ..., -0.15969791,
          0.        ,  0.06056391],
        [-0.06298763,  0.00973109,  0.02371981, ..., -0.21919138,
         -0.06056391,  0.        ]]]), 'num': array([ 7.93857116e-01,  5.90176970e-01,  4.48634683e-06,  6.88108601e-04,
        7.02507350e-04,  6.85077286e-04,  1.46554522e-01, -1.28830906e-05,
        7.02507350e-04,  6.84660480e-04,  6.76071753e-04,  9.87263281e-07,
        7.13551457e-04,  6.55769504e-04])}
{'img': array([[[ 0.        ,  0.        ,  0.02818274, ..., -0.02715552,
         -0.19536082, -0.50650643],
        [ 0.        ,  0.        ,  0.02818274, ..., -0.02715552,
         -0.19536082, -0.50650643],
        [-0.02818274, -0.02818274,  0.        , ..., -0.05531708,
         -0.22292292, -0.53060542],
        ...,
        [ 0.02715552,  0.02715552,  0.05531708, ...,  0.        ,
         -0.1686565 , -0.48290517],
        [ 0.19536082,  0.19536082,  0.22292292, ...,  0.1686565 ,
          0.        , -0.32829961],
        [ 0.50650643,  0.50650643,  0.53060542, ...,  0.48290517,
          0.32829961,  0.        ]],

       [[ 0.        , -0.27036926,  0.40661083, ...,  0.354469  ,
         -0.00649777,  0.15626695],
        [ 0.27036926,  0.        ,  0.63847705, ...,  0.59408098,
          0.26410778,  0.41749478],
        [-0.40661083, -0.63847705,  0.        , ..., -0.05636529,
         -0.41253862, -0.25884985],
        ...,
        [-0.354469  , -0.59408098,  0.05636529, ...,  0.        ,
         -0.36053737, -0.20399411],
        [ 0.00649777, -0.26410778,  0.41253862, ...,  0.36053737,
          0.        ,  0.16268159],
        [-0.15626695, -0.41749478,  0.25884985, ...,  0.20399411,
         -0.16268159,  0.        ]],

       [[ 0.        ,  0.17243193,  0.19652566, ..., -0.19489915,
         -0.11139994, -0.15116523],
        [-0.17243193,  0.        ,  0.02451271, ..., -0.3611051 ,
         -0.28108999, -0.31935142],
        [-0.19652566, -0.02451271,  0.        , ..., -0.38385531,
         -0.30452991, -0.3424846 ],
        ...,
        [ 0.19489915,  0.3611051 ,  0.38385531, ...,  0.        ,
          0.08442238,  0.0443931 ],
        [ 0.11139994,  0.28108999,  0.30452991, ..., -0.08442238,
          0.        , -0.04010453],
        [ 0.15116523,  0.31935142,  0.3424846 , ..., -0.0443931 ,
          0.04010453,  0.        ]],

       ...,

       [[ 0.        , -0.03349326, -0.45447102, ..., -0.11585386,
         -0.17102496, -0.17102496],
        [ 0.03349326,  0.        , -0.42438153, ..., -0.08252114,
         -0.13792922, -0.13792922],
        [ 0.45447102,  0.42438153,  0.        , ...,  0.34821257,
          0.2954327 ,  0.2954327 ],
        ...,
        [ 0.11585386,  0.08252114, -0.34821257, ...,  0.        ,
         -0.05572637, -0.05572637],
        [ 0.17102496,  0.13792922, -0.2954327 , ...,  0.05572637,
          0.        ,  0.        ],
        [ 0.17102496,  0.13792922, -0.2954327 , ...,  0.05572637,
          0.        ,  0.        ]],

       [[ 0.        ,  0.13753776,  0.24494246, ..., -0.23986085,
         -0.16235675, -0.18798287],
        [-0.13753776,  0.        ,  0.10926663, ..., -0.37110399,
         -0.29652673, -0.32128216],
        [-0.24494246, -0.10926663,  0.        , ..., -0.47034604,
         -0.39910358, -0.42283217],
        ...,
        [ 0.23986085,  0.37110399,  0.47034604, ...,  0.        ,
          0.07906129,  0.05308954],
        [ 0.16235675,  0.29652673,  0.39910358, ..., -0.07906129,
          0.        , -0.02602643],
        [ 0.18798287,  0.32128216,  0.42283217, ..., -0.05308954,
          0.02602643,  0.        ]],

       [[ 0.        ,  0.01399033,  0.1009748 , ..., -0.07027427,
         -0.00973109,  0.11203383],
        [-0.01399033,  0.        ,  0.08704609, ..., -0.08422313,
         -0.02371981,  0.09812061],
        [-0.1009748 , -0.08704609,  0.        , ..., -0.17064026,
         -0.11065138,  0.01112212],
        ...,
        [ 0.07027427,  0.08422313,  0.17064026, ...,  0.        ,
          0.06056391,  0.1815887 ],
        [ 0.00973109,  0.02371981,  0.11065138, ..., -0.06056391,
          0.        ,  0.12169836],
        [-0.11203383, -0.09812061, -0.01112212, ..., -0.1815887 ,
         -0.12169836,  0.        ]]]), 'num': array([7.28204266e-01, 6.79626070e-01, 1.05604774e-06, 6.39186792e-04,
       6.41965865e-04, 6.28765268e-04, 8.84519606e-02, 8.33721903e-06,
       6.42660633e-04, 6.29147391e-04, 6.19663804e-04, 9.34343512e-07,
       6.54778502e-04, 6.03516280e-04])}
{'img': array([[[ 0.        ,  0.02818274, -0.19536082, ..., -0.19536082,
         -0.50650643, -0.29836815],
        [-0.02818274,  0.        , -0.22292292, ..., -0.22292292,
         -0.53060542, -0.32514867],
        [ 0.19536082,  0.22292292,  0.        , ...,  0.        ,
         -0.32829961, -0.10615672],
        ...,
        [ 0.19536082,  0.22292292,  0.        , ...,  0.        ,
         -0.32829961, -0.10615672],
        [ 0.50650643,  0.53060542,  0.32829961, ...,  0.32829961,
          0.        ,  0.22617169],
        [ 0.29836815,  0.32514867,  0.10615672, ...,  0.10615672,
         -0.22617169,  0.        ]],

       [[ 0.        ,  0.63847705,  0.77661999, ...,  0.26410778,
          0.41749478, -0.11575761],
        [-0.63847705,  0.        ,  0.1954975 , ..., -0.41253862,
         -0.25884985, -0.72327667],
        [-0.77661999, -0.1954975 ,  0.        , ..., -0.58266487,
         -0.44268961, -0.8443229 ],
        ...,
        [-0.26410778,  0.41253862,  0.58266487, ...,  0.        ,
          0.16268159, -0.37397973],
        [-0.41749478,  0.25884985,  0.44268961, ..., -0.16268159,
          0.        , -0.51987472],
        [ 0.11575761,  0.72327667,  0.8443229 , ...,  0.37397973,
          0.51987472,  0.        ]],

       [[ 0.        ,  0.02451271, -0.12185743, ..., -0.28108999,
         -0.31935142, -0.37815933],
        [-0.02451271,  0.        , -0.14615085, ..., -0.30452991,
         -0.3424846 , -0.40073811],
        [ 0.12185743,  0.14615085,  0.        , ..., -0.16205088,
         -0.20149496, -0.26253277],
        ...,
        [ 0.28108999,  0.30452991,  0.16205088, ...,  0.        ,
         -0.04010453, -0.10269609],
        [ 0.31935142,  0.3424846 ,  0.20149496, ...,  0.04010453,
          0.        , -0.06272097],
        [ 0.37815933,  0.40073811,  0.26253277, ...,  0.10269609,
          0.06272097,  0.        ]],

       ...,

       [[ 0.        , -0.42438153, -0.73659336, ..., -0.13792922,
         -0.13792922, -0.04032572],
        [ 0.42438153,  0.        , -0.37994865, ...,  0.2954327 ,
          0.2954327 ,  0.38752206],
        [ 0.73659336,  0.37994865,  0.        , ...,  0.63626658,
          0.63626658,  0.70872047],
        ...,
        [ 0.13792922, -0.2954327 , -0.63626658, ...,  0.        ,
          0.        ,  0.09787674],
        [ 0.13792922, -0.2954327 , -0.63626658, ...,  0.        ,
          0.        ,  0.09787674],
        [ 0.04032572, -0.38752206, -0.70872047, ..., -0.09787674,
         -0.09787674,  0.        ]],

       [[ 0.        ,  0.10926663,  0.12810155, ..., -0.29652673,
         -0.32128216, -0.29470168],
        [-0.10926663,  0.        ,  0.01896815, ..., -0.39910358,
         -0.42283217, -0.39735117],
        [-0.12810155, -0.01896815,  0.        , ..., -0.41642378,
         -0.43994519, -0.41468612],
        ...,
        [ 0.29652673,  0.39910358,  0.41642378, ...,  0.        ,
         -0.02602643,  0.00191042],
        [ 0.32128216,  0.42283217,  0.43994519, ...,  0.02602643,
          0.        ,  0.02793616],
        [ 0.29470168,  0.39735117,  0.41468612, ..., -0.00191042,
         -0.02793616,  0.        ]],

       [[ 0.        ,  0.08704609,  0.20524343, ..., -0.02371981,
          0.09812061,  0.18686703],
        [-0.08704609,  0.        ,  0.11927142, ..., -0.11065138,
          0.01112212,  0.10064494],
        [-0.20524343, -0.11927142,  0.        , ..., -0.22840053,
         -0.10822132, -0.01873931],
        ...,
        [ 0.02371981,  0.11065138,  0.22840053, ...,  0.        ,
          0.12169836,  0.21011644],
        [-0.09812061, -0.01112212,  0.10822132, ..., -0.12169836,
          0.        ,  0.08957307],
        [-0.18686703, -0.10064494,  0.01873931, ..., -0.21011644,
         -0.08957307,  0.        ]]]), 'num': array([ 7.27200065e-01,  6.79033518e-01,  1.05512700e-06,  6.33770361e-04,
        6.37935336e-04,  6.28217061e-04,  1.00450797e-01, -4.85913749e-06,
        6.38351833e-04,  6.29605386e-04,  6.18892144e-04,  8.94953303e-07,
        6.54351086e-04,  6.04859685e-04])}
{'img': array([[[ 0.        , -0.22292292,  0.09232129, ..., -0.53060542,
         -0.32514867, -0.45086413],
        [ 0.22292292,  0.        ,  0.311969  , ..., -0.32829961,
         -0.10615672, -0.24053928],
        [-0.09232129, -0.311969  ,  0.        , ..., -0.60659262,
         -0.41106487, -0.53134391],
        ...,
        [ 0.53060542,  0.32829961,  0.60659262, ...,  0.        ,
          0.22617169,  0.09145348],
        [ 0.32514867,  0.10615672,  0.41106487, ..., -0.22617169,
          0.        , -0.13614019],
        [ 0.45086413,  0.24053928,  0.53134391, ..., -0.09145348,
          0.13614019,  0.        ]],

       [[ 0.        ,  0.1954975 , -0.52113179, ..., -0.25884985,
         -0.72327667, -0.58403284],
        [-0.1954975 ,  0.        , -0.6779286 , ..., -0.44268961,
         -0.8443229 , -0.73145465],
        [ 0.52113179,  0.6779286 ,  0.        , ...,  0.28244816,
         -0.25742752, -0.07543981],
        ...,
        [ 0.25884985,  0.44268961, -0.28244816, ...,  0.        ,
         -0.51987472, -0.35401138],
        [ 0.72327667,  0.8443229 ,  0.25742752, ...,  0.51987472,
          0.        ,  0.18379664],
        [ 0.58403284,  0.73145465,  0.07543981, ...,  0.35401138,
         -0.18379664,  0.        ]],

       [[ 0.        , -0.14615085, -0.14615085, ..., -0.3424846 ,
         -0.40073811, -0.53445174],
        [ 0.14615085,  0.        ,  0.        , ..., -0.20149496,
         -0.26253277, -0.40518642],
        [ 0.14615085,  0.        ,  0.        , ..., -0.20149496,
         -0.26253277, -0.40518642],
        ...,
        [ 0.3424846 ,  0.20149496,  0.20149496, ...,  0.        ,
         -0.06272097, -0.21266231],
        [ 0.40073811,  0.26253277,  0.26253277, ...,  0.06272097,
          0.        , -0.15095732],
        [ 0.53445174,  0.40518642,  0.40518642, ...,  0.21266231,
          0.15095732,  0.        ]],

       ...,

       [[ 0.        , -0.37994865,  0.25609396, ...,  0.2954327 ,
          0.38752206,  0.26673066],
        [ 0.37994865,  0.        ,  0.60416693, ...,  0.63626658,
          0.70872047,  0.61291142],
        [-0.25609396, -0.60416693,  0.        , ...,  0.04091775,
          0.13851605,  0.01101974],
        ...,
        [-0.2954327 , -0.63626658, -0.04091775, ...,  0.        ,
          0.09787674, -0.02990475],
        [-0.38752206, -0.70872047, -0.13851605, ..., -0.09787674,
          0.        , -0.12759413],
        [-0.26673066, -0.61291142, -0.01101974, ...,  0.02990475,
          0.12759413,  0.        ]],

       [[ 0.        ,  0.01896815,  0.14255344, ..., -0.42283217,
         -0.39735117, -0.39116522],
        [-0.01896815,  0.        ,  0.12375336, ..., -0.43994519,
         -0.41468612, -0.40855162],
        [-0.14255344, -0.12375336,  0.        , ..., -0.5476969 ,
         -0.52410961, -0.51836514],
        ...,
        [ 0.42283217,  0.43994519,  0.5476969 , ...,  0.        ,
          0.02793616,  0.03466405],
        [ 0.39735117,  0.41468612,  0.52410961, ..., -0.02793616,
          0.        ,  0.00673115],
        [ 0.39116522,  0.40855162,  0.51836514, ..., -0.03466405,
         -0.00673115,  0.        ]],

       [[ 0.        ,  0.11927142,  0.2086357 , ...,  0.01112212,
          0.10064494,  0.17531337],
        [-0.11927142,  0.        ,  0.09049972, ..., -0.10822132,
         -0.01873931,  0.0566377 ],
        [-0.2086357 , -0.09049972,  0.        , ..., -0.19774543,
         -0.10914624, -0.03394917],
        ...,
        [-0.01112212,  0.10822132,  0.19774543, ...,  0.        ,
          0.08957307,  0.16435265],
        [-0.10064494,  0.01873931,  0.10914624, ..., -0.08957307,
          0.        ,  0.07533698],
        [-0.17531337, -0.0566377 ,  0.03394917, ..., -0.16435265,
         -0.07533698,  0.        ]]]), 'num': array([ 7.79192953e-01,  6.15749853e-01,  3.68115091e-06,  6.64402846e-04,
        6.70388458e-04,  6.63654645e-04,  1.17076206e-01, -1.87050351e-05,
