state_0,state_1,state_2,state_3,state_4,state_5,state_6,state_7,state_8,state_9,state_10,state_11,state_12,state_13,state_14,state_15,state_16,state_17,state_18,state_19,state_20,state_21,state_22,state_23,state_24,state_25,state_26,state_27,state_28,state_29,state_30,state_31,state_32,state_33,state_34,state_35,state_36,state_37,state_38,state_39,state_40,state_41,state_42,state_43,state_44,state_45,state_46,state_47,state_48,state_49,state_50,state_51,state_52,state_53,state_54,state_55,state_56,state_57,state_58,state_59,state_60,state_61,state_62,state_63,state_64,state_65,state_66,state_67,state_68,state_69,state_70,state_71,state_72,state_73,state_74,state_75,state_76,state_77,state_78,state_79,state_80,state_81,state_82,state_83,state_84,state_85,state_86,state_87,state_88,state_89,state_90,state_91,state_92,state_93,state_94,state_95,state_96,state_97,state_98,state_99,state_100,state_101,state_102,state_103,state_104,state_105,state_106,state_107,state_108,state_109,state_110,state_111,state_112,state_113,state_114,state_115,state_116,state_117,state_118,state_119,state_120,state_121,state_122,state_123,state_124,state_125,state_126,state_127,state_128,state_129,state_130,state_131,state_132,state_133,state_134,state_135,state_136,state_137,state_138,state_139,state_140,state_141,state_142,state_143,state_144,state_145,state_146,state_147,state_148,state_149,state_150,state_151,state_152,state_153,state_154,state_155,state_156,state_157,state_158,state_159,state_160,state_161,state_162,state_163,state_164,state_165,state_166,state_167,state_168,state_169,state_170,state_171,state_172,state_173,state_174,state_175,state_176,state_177,state_178,state_179,state_180,state_181,state_182,state_183,state_184,state_185,state_186,state_187,state_188,state_189,state_190,state_191,state_192,state_193,state_194,state_195,state_196,state_197,state_198,state_199,state_200,state_201,state_202,state_203,state_204,state_205,state_206,state_207,state_208,state_209,state_210,state_211,state_212,state_213,state_214,state_215,state_216,state_217,state_218,state_219,state_220,state_221,state_222,state_223,state_224,state_225,state_226,state_227,state_228,state_229,state_230,state_231,state_232,state_233,state_234,state_235,state_236,state_237,state_238,state_239,state_240,state_241,state_242,state_243,state_244,state_245,state_246,state_247,state_248,state_249,state_250,state_251,state_252,state_253,state_254,state_255,state_256,state_257,state_258,state_259,state_260,state_261,state_262,state_263,state_264,state_265,state_266,state_267,state_268,state_269,state_270,state_271,state_272,state_273,state_274,state_275,state_276,state_277,state_278,state_279,state_280,state_281,state_282,state_283,state_284,state_285,state_286,state_287
{'img': array([[[ 0.        , -0.62405988, -0.78504937, ..., -0.6974852 ,
         -0.64381381, -0.70570878],
        [ 0.62405988,  0.        , -0.22685573, ..., -0.99219936,
         -0.9805805 , -0.99357196],
        [ 0.78504937,  0.22685573,  0.        , ..., -0.99461123,
         -0.99950544, -0.99334851],
        ...,
        [ 0.6974852 ,  0.99219936,  0.99461123, ...,  0.        ,
         -0.07234679,  0.01154067],
        [ 0.64381381,  0.9805805 ,  0.99950544, ...,  0.07234679,
          0.        ,  0.0838524 ],
        [ 0.70570878,  0.99357196,  0.99334851, ..., -0.01154067,
         -0.0838524 ,  0.        ]],

       [[ 0.        , -0.0973804 ,  0.25359653, ...,  0.4866142 ,
         -0.19988447, -0.56086695],
        [ 0.0973804 ,  0.        ,  0.34658829, ...,  0.56937461,
         -0.10351925, -0.47757946],
        [-0.25359653, -0.34658829,  0.        , ...,  0.24916059,
         -0.44182908, -0.75248633],
        ...,
        [-0.4866142 , -0.56937461, -0.24916059, ...,  0.        ,
         -0.65141653, -0.89285368],
        [ 0.19988447,  0.10351925,  0.44182908, ...,  0.65141653,
          0.        , -0.38406281],
        [ 0.56086695,  0.47757946,  0.75248633, ...,  0.89285368,
          0.38406281,  0.        ]],

       [[ 0.        , -0.3690967 , -0.53807813, ..., -0.17754339,
         -0.        , -0.35079601],
        [ 0.3690967 ,  0.        , -0.18897522, ..., -0.52824008,
         -0.3690967 , -0.67166796],
        [ 0.53807813,  0.18897522,  0.        , ..., -0.67918009,
         -0.53807813, -0.79956848],
        ...,
        [ 0.17754339,  0.52824008,  0.67918009, ...,  0.        ,
         -0.17754339,  0.17896207],
        [ 0.        ,  0.3690967 ,  0.53807813, ...,  0.17754339,
          0.        ,  0.35079601],
        [ 0.35079601,  0.67166796,  0.79956848, ..., -0.17896207,
         -0.35079601,  0.        ]],

       ...,

       [[ 0.        , -0.84448696, -0.98811634, ..., -0.96316384,
         -0.99791301, -0.94267775],
        [ 0.84448696,  0.        , -0.39940726, ..., -0.28875213,
         -0.47992759, -0.78668475],
        [ 0.98811634,  0.39940726,  0.        , ...,  0.11767374,
         -0.08958171, -0.47463578],
        ...,
        [ 0.96316384,  0.28875213, -0.11767374, ...,  0.        ,
         -0.20615996, -0.5749125 ],
        [ 0.99791301,  0.47992759,  0.08958171, ...,  0.20615996,
          0.        , -0.39387925],
        [ 0.94267775,  0.78668475,  0.47463578, ...,  0.5749125 ,
          0.39387925,  0.        ]],

       [[ 0.        , -0.01390387, -0.02721415, ..., -0.61833444,
         -0.5829562 , -0.5723914 ],
        [ 0.01390387,  0.        , -0.0133128 , ..., -0.62920194,
         -0.59419679, -0.58373697],
        [ 0.02721415,  0.0133128 ,  0.        , ..., -0.63949344,
         -0.60485188, -0.59449447],
        ...,
        [ 0.61833444,  0.62920194,  0.63949344, ...,  0.        ,
         -0.04424489, -0.05717118],
        [ 0.5829562 ,  0.59419679,  0.60485188, ...,  0.04424489,
          0.        , -0.01294268],
        [ 0.5723914 ,  0.58373697,  0.59449447, ...,  0.05717118,
          0.01294268,  0.        ]],

       [[ 0.        , -0.08312411, -0.23631308, ..., -0.22244051,
         -0.12403197, -0.05232044],
        [ 0.08312411,  0.        , -0.15472547, ..., -0.30271223,
         -0.20608496, -0.13514963],
        [ 0.23631308,  0.15472547,  0.        , ..., -0.44653288,
         -0.35500733, -0.28682799],
        ...,
        [ 0.22244051,  0.30271223,  0.44653288, ...,  0.        ,
         -0.09979837, -0.17112623],
        [ 0.12403197,  0.20608496,  0.35500733, ...,  0.09979837,
          0.        , -0.07194565],
        [ 0.05232044,  0.13514963,  0.28682799, ...,  0.17112623,
          0.07194565,  0.        ]]]), 'num': array([ 9.99998693e-01,  1.30340449e-03,  8.15261484e-07,  3.26157844e-04,
        3.38139153e-04,  3.25092839e-04,  1.06445673e-04, -1.09163034e-05,
        3.33027128e-04,  3.37753088e-04,  3.51402905e-04,  9.19582808e-09,
        3.50415542e-04,  3.25090634e-04])}
{'img': array([[[ 0.        , -0.30175652, -0.10801977, ..., -0.93697219,
         -0.96222934, -0.42160485],
        [ 0.30175652,  0.        ,  0.19700644, ..., -0.99873017,
         -0.99952528, -0.67557842],
        [ 0.10801977, -0.19700644,  0.        , ..., -0.96923226,
         -0.98600641, -0.51708806],
        ...,
        [ 0.93697219,  0.99873017,  0.96923226, ...,  0.        ,
          0.08112529, -0.70231693],
        [ 0.96222934,  0.99952528,  0.98600641, ..., -0.08112529,
          0.        , -0.75775224],
        [ 0.42160485,  0.67557842,  0.51708806, ...,  0.70231693,
          0.75775224,  0.        ]],

       [[ 0.        ,  0.33531725,  0.25834606, ..., -0.10053014,
         -0.46600535,  0.89714199],
        [-0.33531725,  0.        , -0.08054487, ..., -0.42832852,
         -0.73570873,  0.99332601],
        [-0.25834606,  0.08054487,  0.        , ..., -0.35415467,
         -0.67876552,  0.98080858],
        ...,
        [ 0.10053014,  0.42832852,  0.35415467, ...,  0.        ,
         -0.37469732,  0.84818866],
        [ 0.46600535,  0.73570873,  0.67876552, ...,  0.37469732,
          0.        ,  0.58792072],
        [-0.89714199, -0.99332601, -0.98080858, ..., -0.84818866,
         -0.58792072,  0.        ]],

       [[ 0.        , -0.41386445, -0.51789576, ..., -0.        ,
         -0.35694276, -0.27454711],
        [ 0.41386445,  0.        , -0.11742271, ..., -0.41386445,
         -0.71154039, -0.64789196],
        [ 0.51789576,  0.11742271,  0.        , ..., -0.51789576,
         -0.78912448, -0.73285452],
        ...,
        [ 0.        ,  0.41386445,  0.51789576, ...,  0.        ,
          0.35694276,  0.27454711],
        [ 0.35694276,  0.71154039,  0.78912448, ..., -0.35694276,
          0.        , -0.08676509],
        [ 0.27454711,  0.64789196,  0.73285452, ..., -0.27454711,
          0.08676509,  0.        ]],

       ...,

       [[ 0.        , -0.51249689, -0.02639382, ..., -0.60089567,
         -0.89401367, -0.96686187],
        [ 0.51249689,  0.        ,  0.48965427, ..., -0.10632971,
         -0.53806082, -0.69939323],
        [ 0.02639382, -0.48965427,  0.        , ..., -0.57958902,
         -0.88187673, -0.95978669],
        ...,
        [ 0.60089567,  0.10632971,  0.57958902, ...,  0.        ,
         -0.44538457, -0.61943054],
        [ 0.89401367,  0.53806082,  0.88187673, ...,  0.44538457,
          0.        , -0.20495074],
        [ 0.96686187,  0.69939323,  0.95978669, ...,  0.61943054,
          0.20495074,  0.        ]],

       [[ 0.        , -0.0133128 , -0.05815192, ..., -0.59419679,
         -0.58373697, -0.68334653],
        [ 0.0133128 ,  0.        , -0.0448565 , ..., -0.60485188,
         -0.59449447, -0.69300557],
        [ 0.05815192,  0.0448565 ,  0.        , ..., -0.639964  ,
         -0.62996518, -0.72464651],
        ...,
        [ 0.59419679,  0.60485188,  0.639964  , ...,  0.        ,
         -0.01294268,  0.11580945],
        [ 0.58373697,  0.59449447,  0.62996518, ...,  0.01294268,
          0.        ,  0.12865534],
        [ 0.68334653,  0.69300557,  0.72464651, ..., -0.11580945,
         -0.12865534,  0.        ]],

       [[ 0.        , -0.15252334, -0.1818468 , ..., -0.46033357,
         -0.4536346 , -0.13324194],
        [ 0.15252334,  0.        , -0.02973887, ..., -0.59034959,
         -0.58425395, -0.28284637],
        [ 0.1818468 ,  0.02973887,  0.        , ..., -0.61409214,
         -0.60813074, -0.31124576],
        ...,
        [ 0.46033357,  0.59034959,  0.61409214, ...,  0.        ,
         -0.00753134, -0.33794402],
        [ 0.4536346 ,  0.58425395,  0.60813074, ...,  0.00753134,
          0.        , -0.33084619],
        [ 0.13324194,  0.28284637,  0.31124576, ...,  0.33794402,
          0.33084619,  0.        ]]]), 'num': array([9.88319823e-01, 5.64594970e-02, 7.54542774e-07, 4.90452803e-02,
       4.91644186e-02, 4.86084397e-02, 6.64843523e-03, 3.97127776e-04,
       4.96409720e-02, 5.03399168e-02, 5.22712816e-02, 1.68691445e-06,
       5.23019692e-02, 4.83778645e-02])}
{'img': array([[[ 0.        ,  0.19700644,  0.67557842, ..., -0.99952528,
         -0.67557842, -0.91536227],
        [-0.19700644,  0.        ,  0.51708806, ..., -0.98600641,
         -0.51708806, -0.81810223],
        [-0.67557842, -0.51708806,  0.        , ..., -0.75775224,
         -0.        , -0.40287676],
        ...,
        [ 0.99952528,  0.98600641,  0.75775224, ...,  0.        ,
         -0.75775224, -0.43064179],
        [ 0.67557842,  0.51708806,  0.        , ...,  0.75775224,
          0.        ,  0.40287676],
        [ 0.91536227,  0.81810223,  0.40287676, ...,  0.43064179,
         -0.40287676,  0.        ]],

       [[ 0.        , -0.08054487,  0.03844929, ..., -0.73570873,
          0.99332601, -0.61996292],
        [ 0.08054487,  0.        ,  0.11880968, ..., -0.67876552,
          0.98080858, -0.55475064],
        [-0.03844929, -0.11880968,  0.        , ..., -0.76120634,
          0.99702626, -0.649673  ],
        ...,
        [ 0.73570873,  0.67876552,  0.76120634, ...,  0.        ,
          0.58792072,  0.15736028],
        [-0.99332601, -0.98080858, -0.99702626, ..., -0.58792072,
          0.        , -0.70788762],
        [ 0.61996292,  0.55475064,  0.649673  , ..., -0.15736028,
          0.70788762,  0.        ]],

       [[ 0.        , -0.3341251 , -0.23800321, ..., -0.36493122,
         -0.28078698, -0.25312741],
        [ 0.3341251 ,  0.        ,  0.10019894, ..., -0.65504015,
         -0.58533308, -0.56182349],
        [ 0.23800321, -0.10019894,  0.        , ..., -0.57603388,
         -0.50114675, -0.47610578],
        ...,
        [ 0.36493122,  0.65504015,  0.57603388, ...,  0.        ,
         -0.08882772, -0.11737613],
        [ 0.28078698,  0.58533308,  0.50114675, ...,  0.08882772,
          0.        , -0.02869845],
        [ 0.25312741,  0.56182349,  0.47610578, ...,  0.11737613,
          0.02869845,  0.        ]],

       ...,

       [[ 0.        ,  0.48965427,  0.58443748, ..., -0.53806082,
         -0.69939323, -0.2949628 ],
        [-0.48965427,  0.        ,  0.11225635, ..., -0.88187673,
         -0.95978669, -0.72505192],
        [-0.58443748, -0.11225635,  0.        , ..., -0.92922927,
         -0.98523391, -0.79777936],
        ...,
        [ 0.53806082,  0.88187673,  0.92922927, ...,  0.        ,
         -0.20495074,  0.2654959 ],
        [ 0.69939323,  0.95978669,  0.98523391, ...,  0.20495074,
          0.        ,  0.45745549],
        [ 0.2949628 ,  0.72505192,  0.79777936, ..., -0.2654959 ,
         -0.45745549,  0.        ]],

       [[ 0.        , -0.0448565 , -0.10234547, ..., -0.59449447,
         -0.69300557, -0.71717068],
        [ 0.0448565 ,  0.        , -0.0576215 , ..., -0.62996518,
         -0.72464651, -0.74770919],
        [ 0.10234547,  0.0576215 ,  0.        , ..., -0.67366869,
         -0.76315068, -0.78472907],
        ...,
        [ 0.59449447,  0.62996518,  0.67366869, ...,  0.        ,
          0.12865534,  0.16237498],
        [ 0.69300557,  0.72464651,  0.76315068, ..., -0.12865534,
          0.        ,  0.03407757],
        [ 0.71717068,  0.74770919,  0.78472907, ..., -0.16237498,
         -0.03407757,  0.        ]],

       [[ 0.        , -0.02951753,  0.00169744, ..., -0.64324212,
         -0.5021774 , -0.28083003],
        [ 0.02951753,  0.        ,  0.03121418, ..., -0.66556231,
         -0.5274843 , -0.30903733],
        [-0.00169744, -0.03121418,  0.        , ..., -0.64194153,
         -0.5007088 , -0.2792005 ],
        ...,
        [ 0.64324212,  0.66556231,  0.64194153, ...,  0.        ,
         -0.17175446, -0.40233534],
        [ 0.5021774 ,  0.5274843 ,  0.5007088 , ...,  0.17175446,
          0.        , -0.23911666],
        [ 0.28083003,  0.30903733,  0.2792005 , ...,  0.40233534,
          0.23911666,  0.        ]]]), 'num': array([9.88903975e-01, 5.45359738e-02, 7.28836194e-07, 4.91772632e-02,
       4.93690622e-02, 4.69140350e-02, 8.57222608e-03, 1.80291059e-03,
       4.80801729e-02, 4.86574879e-02, 5.03958262e-02, 1.94705044e-06,
       5.05670933e-02, 4.67478825e-02])}
{'img': array([[[ 0.        ,  0.51708806,  0.12843185, ..., -0.51708806,
         -0.81810223, -0.99999999],
        [-0.51708806,  0.        , -0.40287676, ..., -0.        ,
         -0.40287676, -0.85601611],
        [-0.12843185,  0.40287676,  0.        , ..., -0.40287676,
         -0.73746932, -0.99173917],
        ...,
        [ 0.51708806,  0.        ,  0.40287676, ...,  0.        ,
          0.40287676,  0.85601611],
        [ 0.81810223,  0.40287676,  0.73746932, ..., -0.40287676,
          0.        ,  0.57520557],
        [ 0.99999999,  0.85601611,  0.99173917, ..., -0.85601611,
         -0.57520557,  0.        ]],

       [[ 0.        ,  0.11880968, -0.40768986, ...,  0.98080858,
         -0.55475064, -0.10274827],
        [-0.11880968,  0.        , -0.51328976, ...,  0.99702626,
         -0.649673  , -0.22020137],
        [ 0.40768986,  0.51328976,  0.        , ...,  0.81610782,
         -0.1673494 ,  0.31171057],
        ...,
        [-0.98080858, -0.99702626, -0.81610782, ...,  0.        ,
         -0.70788762, -0.9555844 ],
        [ 0.55475064,  0.649673  ,  0.1673494 , ...,  0.70788762,
          0.        ,  0.46632629],
        [ 0.10274827,  0.22020137, -0.31171057, ...,  0.9555844 ,
         -0.46632629,  0.        ]],

       [[ 0.        ,  0.23970618, -0.0771279 , ..., -0.50446163,
         -0.47928828, -0.57093446],
        [-0.23970618,  0.        , -0.31387141, ..., -0.28278381,
         -0.25493493, -0.35749142],
        [ 0.0771279 ,  0.31387141,  0.        , ..., -0.5695538 ,
         -0.54555246, -0.63255543],
        ...,
        [ 0.50446163,  0.28278381,  0.5695538 , ...,  0.        ,
         -0.0289107 ,  0.07880349],
        [ 0.47928828,  0.25493493,  0.54555246, ...,  0.0289107 ,
          0.        ,  0.10759135],
        [ 0.57093446,  0.35749142,  0.63255543, ..., -0.07880349,
         -0.10759135,  0.        ]],

       ...,

       [[ 0.        ,  0.11225635, -0.09738593, ..., -0.95978669,
         -0.72505192, -0.3003478 ],
        [-0.11225635,  0.        , -0.20849314, ..., -0.98523391,
         -0.79777936, -0.40552283],
        [ 0.09738593,  0.20849314,  0.        , ..., -0.92788535,
         -0.65453639, -0.20603056],
        ...,
        [ 0.95978669,  0.98523391,  0.92788535, ...,  0.        ,
          0.45745549,  0.83115637],
        [ 0.72505192,  0.79777936,  0.65453639, ..., -0.45745549,
          0.        ,  0.4847283 ],
        [ 0.3003478 ,  0.40552283,  0.20603056, ..., -0.83115637,
         -0.4847283 ,  0.        ]],

       [[ 0.        , -0.0576215 , -0.07152019, ..., -0.72464651,
         -0.74770919, -0.77419803],
        [ 0.0576215 ,  0.        , -0.01392743, ..., -0.76315068,
         -0.78472907, -0.80938285],
        [ 0.07152019,  0.01392743,  0.        , ..., -0.77207685,
         -0.79328572, -0.81748367],
        ...,
        [ 0.72464651,  0.76315068,  0.77207685, ...,  0.        ,
          0.03407757,  0.07485568],
        [ 0.74770919,  0.78472907,  0.79328572, ..., -0.03407757,
          0.        ,  0.04083024],
        [ 0.77419803,  0.80938285,  0.81748367, ..., -0.07485568,
         -0.04083024,  0.        ]],

       [[ 0.        ,  0.03121418,  0.30903733, ..., -0.5274843 ,
         -0.30903733, -0.40175526],
        [-0.03121418,  0.        ,  0.2792005 , ..., -0.5007088 ,
         -0.2792005 , -0.3729752 ],
        [-0.30903733, -0.2792005 ,  0.        , ..., -0.23911666,
         -0.        , -0.09908927],
        ...,
        [ 0.5274843 ,  0.5007088 ,  0.23911666, ...,  0.        ,
         -0.23911666, -0.14172508],
        [ 0.30903733,  0.2792005 ,  0.        , ...,  0.23911666,
          0.        ,  0.09908927],
        [ 0.40175526,  0.3729752 ,  0.09908927, ...,  0.14172508,
         -0.09908927,  0.        ]]]), 'num': array([9.89033602e-01, 5.36339559e-02, 7.16781338e-07, 4.92315603e-02,
       4.94579123e-02, 4.82129763e-02, 1.12132141e-02, 8.67682673e-04,
       4.76320062e-02, 4.79262638e-02, 4.94748887e-02, 2.04566950e-06,
       4.98970144e-02, 4.59555132e-02])}
{'img': array([[[ 0.        , -0.40287676, -0.82316888, ..., -0.40287676,
         -0.85601611, -0.94672814],
        [ 0.40287676,  0.        , -0.52465675, ..., -0.73746932,
         -0.99173917, -0.99623691],
        [ 0.82316888,  0.52465675,  0.        , ..., -0.98216086,
         -0.9115795 , -0.80263731],
        ...,
        [ 0.40287676,  0.73746932,  0.98216086, ...,  0.        ,
          0.57520557,  0.73675697],
        [ 0.85601611,  0.99173917,  0.9115795 , ..., -0.57520557,
          0.        ,  0.21374411],
        [ 0.94672814,  0.99623691,  0.80263731, ..., -0.73675697,
         -0.21374411,  0.        ]],

       [[ 0.        , -0.51328976,  0.90356384, ..., -0.649673  ,
         -0.22020137,  0.32085825],
        [ 0.51328976,  0.        ,  0.99537316, ..., -0.1673494 ,
          0.31171057,  0.76151619],
        [-0.90356384, -0.99537316,  0.        , ..., -0.96525635,
         -0.9757314 , -0.71831707],
        ...,
        [ 0.649673  ,  0.1673494 ,  0.96525635, ...,  0.        ,
          0.46632629,  0.85924385],
        [ 0.22020137, -0.31171057,  0.9757314 , ..., -0.46632629,
          0.        ,  0.52154132],
        [-0.32085825, -0.76151619,  0.71831707, ..., -0.85924385,
         -0.52154132,  0.        ]],

       [[ 0.        , -0.31387141, -0.49000412, ..., -0.25493493,
         -0.35749142, -0.53554099],
        [ 0.31387141,  0.        , -0.19163398, ..., -0.54555246,
         -0.63255543, -0.773545  ],
        [ 0.49000412,  0.19163398,  0.        , ..., -0.69604541,
         -0.76925536, -0.88065486],
        ...,
        [ 0.25493493,  0.54555246,  0.69604541, ...,  0.        ,
          0.10759135,  0.30255086],
        [ 0.35749142,  0.63255543,  0.76925536, ..., -0.10759135,
          0.        ,  0.19824573],
        [ 0.53554099,  0.773545  ,  0.88065486, ..., -0.30255086,
         -0.19824573,  0.        ]],

       ...,

       [[ 0.        , -0.20849314, -0.93750834, ..., -0.79777936,
         -0.40552283, -0.16015973],
        [ 0.20849314,  0.        , -0.84435764, ..., -0.65453639,
         -0.20603056,  0.04916169],
        [ 0.93750834,  0.84435764,  0.        , ...,  0.28767264,
          0.71585538,  0.86967652],
        ...,
        [ 0.79777936,  0.65453639, -0.28767264, ...,  0.        ,
          0.4847283 ,  0.69091269],
        [ 0.40552283,  0.20603056, -0.71585538, ..., -0.4847283 ,
          0.        ,  0.25388839],
        [ 0.16015973, -0.04916169, -0.86967652, ..., -0.69091269,
         -0.25388839,  0.        ]],

       [[ 0.        , -0.01392743,  0.00898544, ..., -0.78472907,
         -0.80938285, -0.87256379],
        [ 0.01392743,  0.        ,  0.02291143, ..., -0.79328572,
         -0.81748367, -0.87928271],
        [-0.00898544, -0.02291143,  0.        , ..., -0.77912786,
         -0.8040732 , -0.86813918],
        ...,
        [ 0.78472907,  0.79328572,  0.77912786, ...,  0.        ,
          0.04083024,  0.1575087 ],
        [ 0.80938285,  0.81748367,  0.8040732 , ..., -0.04083024,
          0.        ,  0.11705678],
        [ 0.87256379,  0.87928271,  0.86813918, ..., -0.1575087 ,
         -0.11705678,  0.        ]],

       [[ 0.        ,  0.27917684,  0.0563152 , ..., -0.30433817,
         -0.37612745, -0.27917684],
        [-0.27917684,  0.        , -0.22465771, ..., -0.02630377,
         -0.10249621, -0.        ],
        [-0.0563152 ,  0.22465771,  0.        , ..., -0.25021136,
         -0.3233507 , -0.22465771],
        ...,
        [ 0.30433817,  0.02630377,  0.25021136, ...,  0.        ,
          0.07629551, -0.02630377],
        [ 0.37612745,  0.10249621,  0.3233507 , ..., -0.07629551,
          0.        , -0.10249621],
        [ 0.27917684,  0.        ,  0.22465771, ...,  0.02630377,
          0.10249621,  0.        ]]]), 'num': array([ 9.88685566e-01,  5.48066821e-02,  7.32454026e-07,  4.91515202e-02,
        5.02694763e-02,  4.90744198e-02,  4.97020172e-03, -1.15650636e-03,
        4.87428879e-02,  4.89626241e-02,  5.04371698e-02,  1.97233642e-06,
        5.09695913e-02,  4.69556570e-02])}
{'img': array([[[ 0.        , -0.77072483, -0.86345564, ..., -0.86856502,
         -0.95640751, -0.83016208],
        [ 0.77072483,  0.        , -0.16139373, ..., -0.93537409,
         -0.83447133, -0.95864897],
        [ 0.86345564,  0.16139373,  0.        , ..., -0.86603294,
         -0.73459526, -0.90014995],
        ...,
        [ 0.86856502,  0.93537409,  0.86603294, ...,  0.        ,
          0.22032013, -0.07283646],
        [ 0.95640751,  0.83447133,  0.73459526, ..., -0.22032013,
          0.        , -0.29078163],
        [ 0.83016208,  0.95864897,  0.90014995, ...,  0.07283646,
          0.29078163,  0.        ]],

       [[ 0.        ,  0.99537316,  0.90367854, ...,  0.31171057,
          0.76151619, -0.72124095],
        [-0.99537316,  0.        , -0.51305992, ..., -0.9757314 ,
         -0.71831707, -0.62017911],
        [-0.90367854,  0.51305992,  0.        , ..., -0.7251766 ,
         -0.25962553, -0.93480758],
        ...,
        [-0.31171057,  0.9757314 ,  0.7251766 , ...,  0.        ,
          0.52154132, -0.90122364],
        [-0.76151619,  0.71831707,  0.25962553, ..., -0.52154132,
          0.        , -0.99495964],
        [ 0.72124095,  0.62017911,  0.93480758, ...,  0.90122364,
          0.99495964,  0.        ]],

       [[ 0.        , -0.39135619, -0.52605806, ..., -0.36193486,
         -0.5418448 , -0.56871825],
        [ 0.39135619,  0.        , -0.15127095, ..., -0.69789023,
         -0.82755335, -0.84526002],
        [ 0.52605806,  0.15127095,  0.        , ..., -0.79820012,
         -0.9029517 , -0.91636547],
        ...,
        [ 0.36193486,  0.69789023,  0.79820012, ...,  0.        ,
          0.20091107,  0.23245793],
        [ 0.5418448 ,  0.82755335,  0.9029517 , ..., -0.20091107,
          0.        ,  0.0323106 ],
        [ 0.56871825,  0.84526002,  0.91636547, ..., -0.23245793,
         -0.0323106 ,  0.        ]],

       ...,

       [[ 0.        , -0.84435764, -0.87709372, ..., -0.20603056,
          0.04916169, -0.17893411],
        [ 0.84435764,  0.        , -0.06436799, ...,  0.71585538,
          0.86967652,  0.7348613 ],
        [ 0.87709372,  0.06436799,  0.        , ...,  0.75931571,
          0.89964647,  0.77699285],
        ...,
        [ 0.20603056, -0.71585538, -0.75931571, ...,  0.        ,
          0.25388839,  0.02761026],
        [-0.04916169, -0.86967652, -0.89964647, ..., -0.25388839,
          0.        , -0.22708602],
        [ 0.17893411, -0.7348613 , -0.77699285, ..., -0.02761026,
          0.22708602,  0.        ]],

       [[ 0.        ,  0.02291143,  0.09545037, ..., -0.81748367,
         -0.87928271, -0.87387321],
        [-0.02291143,  0.        ,  0.0726185 , ..., -0.8040732 ,
         -0.86813918, -0.86250534],
        [-0.09545037, -0.0726185 ,  0.        , ..., -0.75877638,
         -0.82980503, -0.8234797 ],
        ...,
        [ 0.81748367,  0.8040732 ,  0.75877638, ...,  0.        ,
          0.11705678,  0.10588597],
        [ 0.87928271,  0.86813918,  0.82980503, ..., -0.11705678,
          0.        , -0.01124069],
        [ 0.87387321,  0.86250534,  0.8234797 , ..., -0.10588597,
          0.01124069,  0.        ]],

       [[ 0.        , -0.22458781, -0.43916239, ..., -0.11403974,
         -0.05019423, -0.        ],
        [ 0.22458781,  0.        , -0.22617206, ..., -0.33424911,
         -0.27321668, -0.22458781],
        [ 0.43916239,  0.22617206,  0.        , ..., -0.53875155,
         -0.48370369, -0.43916239],
        ...,
        [ 0.11403974,  0.33424911,  0.53875155, ...,  0.        ,
         -0.06402921, -0.11403974],
        [ 0.05019423,  0.27321668,  0.48370369, ...,  0.06402921,
          0.        , -0.05019423],
        [ 0.        ,  0.22458781,  0.43916239, ...,  0.11403974,
          0.05019423,  0.        ]]]), 'num': array([ 9.88602896e-01,  5.52936619e-02,  7.38962180e-07,  4.91215386e-02,
        4.96660371e-02,  4.84992547e-02,  7.54733189e-03, -4.66712956e-04,
        4.94715733e-02,  4.92848882e-02,  5.07634607e-02,  1.72705552e-06,
        5.10960712e-02,  4.74737051e-02])}
{'img': array([[[ 0.        , -0.54591919, -0.85151865, ..., -0.99082718,
         -0.88819874, -0.80799511],
        [ 0.54591919,  0.        , -0.42719583, ..., -0.90392536,
         -0.99499425, -0.99861856],
        [ 0.85151865,  0.42719583,  0.        , ..., -0.63458488,
         -0.8569425 , -0.92535707],
        ...,
        [ 0.99082718,  0.90392536,  0.63458488, ...,  0.        ,
         -0.33521806, -0.47459613],
        [ 0.88819874,  0.99499425,  0.8569425 , ...,  0.33521806,
          0.        , -0.1520761 ],
        [ 0.80799511,  0.99861856,  0.92535707, ...,  0.47459613,
          0.1520761 ,  0.        ]],

       [[ 0.        , -0.51305992, -0.62275537, ..., -0.71831707,
         -0.62017911, -0.99987076],
        [ 0.51305992,  0.        , -0.1331172 , ..., -0.25962553,
         -0.93480758, -0.86649017],
        [ 0.62275537,  0.1331172 ,  0.        , ..., -0.12876241,
         -0.97376526, -0.79232734],
        ...,
        [ 0.71831707,  0.25962553,  0.12876241, ...,  0.        ,
         -0.99495964, -0.70717413],
        [ 0.62017911,  0.93480758,  0.97376526, ...,  0.99495964,
          0.        ,  0.77438843],
        [ 0.99987076,  0.86649017,  0.79232734, ...,  0.70717413,
         -0.77438843,  0.        ]],

       [[ 0.        , -0.37429301, -0.64365388, ..., -0.55198726,
         -0.57923451, -0.67671953],
        [ 0.37429301,  0.        , -0.3104143 , ..., -0.82396876,
         -0.84223928, -0.90309894],
        [ 0.64365388,  0.3104143 ,  0.        , ..., -0.95915751,
         -0.96797937, -0.99178909],
        ...,
        [ 0.55198726,  0.82396876,  0.95915751, ...,  0.        ,
          0.03303771,  0.15788869],
        [ 0.57923451,  0.84223928,  0.96797937, ..., -0.03303771,
          0.        ,  0.12517919],
        [ 0.67671953,  0.90309894,  0.99178909, ..., -0.15788869,
         -0.12517919,  0.        ]],

       ...,

       [[ 0.        , -0.06436799, -0.61571181, ...,  0.86967652,
          0.7348613 ,  0.39324564],
        [ 0.06436799,  0.        , -0.56371483, ...,  0.89964647,
          0.77699285,  0.45161222],
        [ 0.61571181,  0.56371483,  0.        , ...,  0.98920919,
          0.99663618,  0.87597236],
        ...,
        [-0.86967652, -0.89964647, -0.98920919, ...,  0.        ,
         -0.22708602, -0.60549496],
        [-0.7348613 , -0.77699285, -0.99663618, ...,  0.22708602,
          0.        , -0.40895001],
        [-0.39324564, -0.45161222, -0.87597236, ...,  0.60549496,
          0.40895001,  0.        ]],

       [[ 0.        ,  0.0726185 ,  0.26502525, ..., -0.86813918,
         -0.86250534, -0.66781667],
        [-0.0726185 ,  0.        ,  0.19430376, ..., -0.82980503,
         -0.8234797 , -0.61200168],
        [-0.26502525, -0.19430376,  0.        , ..., -0.70555825,
         -0.69754793, -0.4466714 ],
        ...,
        [ 0.86813918,  0.82980503,  0.70555825, ...,  0.        ,
         -0.01124069, -0.31472706],
        [ 0.86250534,  0.8234797 ,  0.69754793, ...,  0.01124069,
          0.        , -0.30403771],
        [ 0.66781667,  0.61200168,  0.4466714 , ...,  0.31472706,
          0.30403771,  0.        ]],

       [[ 0.        , -0.38487205, -0.65604789, ..., -0.05051769,
         -0.        , -0.23167204],
        [ 0.38487205,  0.        , -0.31504213, ..., -0.43100695,
         -0.38487205, -0.58822753],
        [ 0.65604789,  0.31504213,  0.        , ..., -0.6933369 ,
         -0.65604789, -0.81304677],
        ...,
        [ 0.05051769,  0.43100695,  0.6933369 , ...,  0.        ,
         -0.05051769,  0.18223293],
        [ 0.        ,  0.38487205,  0.65604789, ...,  0.05051769,
          0.        ,  0.23167204],
        [ 0.23167204,  0.58822753,  0.81304677, ..., -0.18223293,
         -0.23167204,  0.        ]]]), 'num': array([ 9.02695768e-01,  4.10769324e-01,  3.92598918e-07,  4.47205858e-02,
        4.49704215e-02,  4.40781512e-02,  9.57666540e-03, -3.56908107e-04,
        4.55271981e-02,  4.51399529e-02,  4.64908500e-02,  1.50341429e-06,
        4.67130838e-02,  4.35668219e-02])}
{'img': array([[[ 0.        , -0.42719583, -0.17448619, ..., -0.99499425,
         -0.99861856, -0.98121508],
        [ 0.42719583,  0.        ,  0.26287921, ..., -0.8569425 ,
         -0.92535707, -0.9695879 ],
        [ 0.17448619, -0.26287921,  0.        , ..., -0.96229387,
         -0.99246774, -0.99982422],
        ...,
        [ 0.99499425,  0.8569425 ,  0.96229387, ...,  0.        ,
         -0.1520761 , -0.2900063 ],
        [ 0.99861856,  0.92535707,  0.99246774, ...,  0.1520761 ,
          0.        , -0.14109258],
        [ 0.98121508,  0.9695879 ,  0.99982422, ...,  0.2900063 ,
          0.14109258,  0.        ]],

       [[ 0.        , -0.1331172 , -0.75409943, ..., -0.93480758,
         -0.86649017, -0.45954958],
        [ 0.1331172 ,  0.        , -0.65996209, ..., -0.97376526,
         -0.79232734, -0.3372314 ],
        [ 0.75409943,  0.65996209,  0.        , ..., -0.88176635,
         -0.19263429,  0.36794111],
        ...,
        [ 0.93480758,  0.97376526,  0.88176635, ...,  0.        ,
          0.77438843,  0.99346248],
        [ 0.86649017,  0.79232734,  0.19263429, ..., -0.77438843,
          0.        ,  0.54017062],
        [ 0.45954958,  0.3372314 , -0.36794111, ..., -0.99346248,
         -0.54017062,  0.        ]],

       [[ 0.        , -0.55493074, -0.7440684 , ..., -0.5889223 ,
         -0.68738514, -0.72618438],
        [ 0.55493074,  0.        , -0.24823679, ..., -0.93841172,
         -0.9748757 , -0.98562516],
        [ 0.7440684 ,  0.24823679,  0.        , ..., -0.99480941,
         -0.99965613, -0.99671331],
        ...,
        [ 0.5889223 ,  0.93841172,  0.99480941, ...,  0.        ,
          0.12780735,  0.18201062],
        [ 0.68738514,  0.9748757 ,  0.99965613, ..., -0.12780735,
          0.        ,  0.05484542],
        [ 0.72618438,  0.98562516,  0.99671331, ..., -0.18201062,
         -0.05484542,  0.        ]],

       ...,

       [[ 0.        , -0.56371483, -0.27773887, ...,  0.77699285,
          0.45161222,  0.32936018],
        [ 0.56371483,  0.        ,  0.31213254, ...,  0.99663618,
          0.87597236,  0.80430346],
        [ 0.27773887, -0.31213254,  0.        , ...,  0.92126255,
          0.68164686,  0.57864429],
        ...,
        [-0.77699285, -0.99663618, -0.92126255, ...,  0.        ,
         -0.40895001, -0.52630471],
        [-0.45161222, -0.87597236, -0.68164686, ...,  0.40895001,
          0.        , -0.13255436],
        [-0.32936018, -0.80430346, -0.57864429, ...,  0.52630471,
          0.13255436,  0.        ]],

       [[ 0.        ,  0.19223171,  0.2936872 , ..., -0.86655535,
         -0.74842986, -0.51069766],
        [-0.19223171,  0.        ,  0.1044552 , ..., -0.75445453,
         -0.60698056, -0.33589972],
        [-0.2936872 , -0.1044552 ,  0.        , ..., -0.68176794,
         -0.52064784, -0.23567609],
        ...,
        [ 0.86655535,  0.75445453,  0.68176794, ...,  0.        ,
         -0.20118449, -0.49015046],
        [ 0.74842986,  0.60698056,  0.52064784, ...,  0.20118449,
          0.        , -0.30476852],
        [ 0.51069766,  0.33589972,  0.23567609, ...,  0.49015046,
          0.30476852,  0.        ]],

       [[ 0.        , -0.56511877, -0.66189833, ..., -0.        ,
         -0.23620135, -0.23808026],
        [ 0.56511877,  0.        , -0.12246303, ..., -0.56511877,
         -0.74399662, -0.74528754],
        [ 0.66189833,  0.12246303,  0.        , ..., -0.66189833,
         -0.82022437, -0.82132921],
        ...,
        [ 0.        ,  0.56511877,  0.66189833, ...,  0.        ,
          0.23620135,  0.23808026],
        [ 0.23620135,  0.74399662,  0.82022437, ..., -0.23620135,
          0.        ,  0.00193407],
        [ 0.23808026,  0.74528754,  0.82132921, ..., -0.23808026,
         -0.00193407,  0.        ]]]), 'num': array([ 7.38419573e-01,  6.66203329e-01,  5.85220772e-08,  3.61081216e-02,
        3.66640813e-02,  3.61081216e-02,  6.11453293e-03, -5.55959733e-04,
        3.70444748e-02,  3.69566917e-02,  3.80369117e-02,  1.28539562e-06,
        3.83026995e-02,  3.56106840e-02])}
{'img': array([[[ 0.        ,  0.26287921,  0.85151865, ..., -0.92535707,
         -0.9695879 , -0.9942665 ],
        [-0.26287921,  0.        ,  0.68373571, ..., -0.99246774,
         -0.99982422, -0.93118712],
        [-0.85151865, -0.68373571,  0.        , ..., -0.80799511,
         -0.71678203, -0.43026484],
        ...,
        [ 0.92535707,  0.99246774,  0.80799511, ...,  0.        ,
         -0.14109258, -0.47587198],
        [ 0.9695879 ,  0.99982422,  0.71678203, ...,  0.14109258,
          0.        , -0.34701857],
        [ 0.9942665 ,  0.93118712,  0.43026484, ...,  0.47587198,
          0.34701857,  0.        ]],

       [[ 0.        , -0.65996209,  0.46542067, ..., -0.79232734,
         -0.3372314 , -0.71138217],
        [ 0.65996209,  0.        ,  0.93379562, ..., -0.19263429,
          0.36794111, -0.07063574],
        [-0.46542067, -0.93379562,  0.        , ..., -0.98523207,
         -0.73663716, -0.95673711],
        ...,
        [ 0.79232734,  0.19263429,  0.98523207, ...,  0.        ,
          0.54017062,  0.12284035],
        [ 0.3372314 , -0.36794111,  0.73663716, ..., -0.54017062,
          0.        , -0.43270263],
        [ 0.71138217,  0.07063574,  0.95673711, ..., -0.12284035,
          0.43270263,  0.        ]],

       [[ 0.        , -0.57067434, -0.68905833, ..., -0.71298777,
         -0.75229752, -0.6359082 ],
        [ 0.57067434,  0.        , -0.15226744, ..., -0.9856322 ,
         -0.99374271, -0.96261917],
        [ 0.68905833,  0.15226744,  0.        , ..., -0.99985792,
         -0.99916228, -0.99263731],
        ...,
        [ 0.71298777,  0.9856322 ,  0.99985792, ...,  0.        ,
          0.0577602 , -0.10437493],
        [ 0.75229752,  0.99374271,  0.99916228, ..., -0.0577602 ,
          0.        , -0.16164539],
        [ 0.6359082 ,  0.96261917,  0.99263731, ...,  0.10437493,
          0.16164539,  0.        ]],

       ...,

       [[ 0.        ,  0.31213254,  0.55681453, ...,  0.87597236,
          0.80430346,  0.86216518],
        [-0.31213254,  0.        ,  0.26972649, ...,  0.68164686,
          0.57864429,  0.6609553 ],
        [-0.55681453, -0.26972649,  0.        , ...,  0.45902914,
          0.33721444,  0.43404873],
        ...,
        [-0.87597236, -0.68164686, -0.45902914, ...,  0.        ,
         -0.13255436, -0.02791638],
        [-0.80430346, -0.57864429, -0.33721444, ...,  0.13255436,
          0.        ,  0.10483265],
        [-0.86216518, -0.6609553 , -0.43404873, ...,  0.02791638,
         -0.10483265,  0.        ]],

       [[ 0.        ,  0.1044552 ,  0.12303133, ..., -0.60698056,
         -0.33589972, -0.38973243],
        [-0.1044552 ,  0.        ,  0.01869666, ..., -0.52064784,
         -0.23567609, -0.29140469],
        [-0.12303133, -0.01869666,  0.        , ..., -0.50459415,
         -0.21746489, -0.27346853],
        ...,
        [ 0.60698056,  0.52064784,  0.50459415, ...,  0.        ,
         -0.30476852, -0.24925862],
        [ 0.33589972,  0.23567609,  0.21746489, ...,  0.30476852,
          0.        ,  0.05774859],
        [ 0.38973243,  0.29140469,  0.27346853, ...,  0.24925862,
         -0.05774859,  0.        ]],

       [[ 0.        , -0.39689699, -0.46729415, ..., -0.29063866,
         -0.29227812, -0.        ],
        [ 0.39689699,  0.        , -0.0780147 , ..., -0.64653061,
         -0.64783715, -0.39689699],
        [ 0.46729415,  0.0780147 ,  0.        , ..., -0.7040766 ,
         -0.70529263, -0.46729415],
        ...,
        [ 0.29063866,  0.64653061,  0.7040766 , ...,  0.        ,
          0.00171387, -0.29063866],
        [ 0.29227812,  0.64783715,  0.70529263, ..., -0.00171387,
          0.        , -0.29227812],
        [ 0.        ,  0.39689699,  0.46729415, ...,  0.29063866,
          0.29227812,  0.        ]]]), 'num': array([ 8.65662684e-01,  4.85538162e-01,  3.09295787e-07,  4.22360580e-02,
        4.25453538e-02,  4.20642270e-02,  6.75584477e-03, -1.71830993e-04,
        4.29852411e-02,  4.33203115e-02,  4.45947247e-02,  1.71135321e-06,
        4.49606235e-02,  4.16799995e-02])}
{'img': array([[[ 0.        ,  0.68373571,  0.27979904, ..., -0.99982422,
         -0.93118712, -0.86643924],
        [-0.68373571,  0.        , -0.45224866, ..., -0.71678203,
         -0.43026484, -0.29088917],
        [-0.27979904,  0.45224866,  0.        , ..., -0.95464385,
         -0.79199581, -0.69213365],
        ...,
        [ 0.99982422,  0.71678203,  0.95464385, ...,  0.        ,
         -0.34701857, -0.48294982],
        [ 0.93118712,  0.43026484,  0.79199581, ...,  0.34701857,
          0.        , -0.14907235],
        [ 0.86643924,  0.29088917,  0.69213365, ...,  0.48294982,
          0.14907235,  0.        ]],

       [[ 0.        ,  0.93379562, -0.44425901, ...,  0.36794111,
         -0.07063574, -0.17152975],
