state_0,state_1,state_2,state_3,state_4,state_5,state_6,state_7,state_8,state_9,state_10,state_11,state_12,state_13,state_14,state_15,state_16,state_17,state_18,state_19,state_20,state_21,state_22,state_23,state_24,state_25,state_26,state_27,state_28,state_29,state_30,state_31,state_32,state_33,state_34,state_35,state_36,state_37,state_38,state_39,state_40,state_41,state_42,state_43,state_44,state_45,state_46,state_47,state_48,state_49,state_50,state_51,state_52,state_53,state_54,state_55,state_56,state_57,state_58,state_59,state_60,state_61,state_62,state_63,state_64,state_65,state_66,state_67,state_68,state_69,state_70,state_71,state_72,state_73,state_74,state_75,state_76,state_77,state_78,state_79,state_80,state_81,state_82,state_83,state_84,state_85,state_86,state_87,state_88,state_89,state_90,state_91,state_92,state_93,state_94,state_95,state_96,state_97,state_98,state_99,state_100,state_101,state_102,state_103,state_104,state_105,state_106,state_107,state_108,state_109,state_110,state_111,state_112,state_113,state_114,state_115,state_116,state_117,state_118,state_119,state_120,state_121,state_122,state_123,state_124,state_125,state_126,state_127,state_128,state_129,state_130,state_131,state_132,state_133,state_134,state_135,state_136,state_137,state_138,state_139,state_140,state_141,state_142,state_143,state_144,state_145,state_146,state_147,state_148,state_149,state_150,state_151,state_152,state_153,state_154,state_155,state_156,state_157,state_158,state_159,state_160,state_161,state_162,state_163,state_164,state_165,state_166,state_167,state_168,state_169,state_170,state_171,state_172,state_173,state_174,state_175,state_176,state_177,state_178,state_179,state_180,state_181,state_182,state_183,state_184,state_185,state_186,state_187,state_188,state_189,state_190,state_191,state_192,state_193,state_194,state_195,state_196,state_197,state_198,state_199,state_200,state_201,state_202,state_203,state_204,state_205,state_206,state_207,state_208,state_209,state_210,state_211,state_212,state_213,state_214,state_215,state_216,state_217,state_218,state_219,state_220,state_221,state_222,state_223,state_224,state_225,state_226,state_227,state_228,state_229,state_230,state_231,state_232,state_233,state_234,state_235,state_236,state_237,state_238,state_239,state_240,state_241,state_242,state_243,state_244,state_245,state_246,state_247,state_248,state_249,state_250,state_251,state_252,state_253,state_254,state_255,state_256,state_257,state_258,state_259,state_260,state_261,state_262,state_263,state_264,state_265,state_266,state_267,state_268,state_269,state_270,state_271,state_272,state_273,state_274,state_275,state_276,state_277,state_278,state_279,state_280,state_281,state_282,state_283,state_284,state_285,state_286,state_287
{'img': array([[[ 0.        , -0.10758709,  0.23876022, ..., -0.32683884,
         -0.47525584, -0.93957529],
        [ 0.10758709,  0.        ,  0.34184989, ..., -0.22326335,
         -0.37783705, -0.89729006],
        [-0.23876022, -0.34184989,  0.        , ..., -0.54303372,
         -0.67158337, -0.99413914],
        ...,
        [ 0.32683884,  0.22326335,  0.54303372, ...,  0.        ,
         -0.16158644, -0.77608312],
        [ 0.47525584,  0.37783705,  0.67158337, ...,  0.16158644,
          0.        , -0.66398291],
        [ 0.93957529,  0.89729006,  0.99413914, ...,  0.77608312,
          0.66398291,  0.        ]],

       [[ 0.        ,  0.06340871,  0.12195601, ..., -0.09029733,
         -0.16117136,  0.37575888],
        [-0.06340871,  0.        ,  0.05877519, ..., -0.15326529,
         -0.22342676,  0.31624076],
        [-0.12195601, -0.05877519,  0.        , ..., -0.2110811 ,
         -0.28032991,  0.25993526],
        ...,
        [ 0.09029733,  0.15326529,  0.2110811 , ...,  0.        ,
         -0.07139614,  0.45790396],
        [ 0.16117136,  0.22342676,  0.28032991, ...,  0.07139614,
          0.        ,  0.52020669],
        [-0.37575888, -0.31624076, -0.25993526, ..., -0.45790396,
         -0.52020669,  0.        ]],

       [[ 0.        , -0.0545868 , -0.06177576, ..., -0.70292147,
         -0.68951351, -0.78538573],
        [ 0.0545868 ,  0.        , -0.00720112, ..., -0.66304762,
         -0.64894974, -0.75042515],
        [ 0.06177576,  0.00720112,  0.        , ..., -0.65763984,
         -0.64345407, -0.74564608],
        ...,
        [ 0.70292147,  0.66304762,  0.65763984, ...,  0.        ,
          0.01867839, -0.12350624],
        [ 0.68951351,  0.64894974,  0.64345407, ..., -0.01867839,
          0.        , -0.14202008],
        [ 0.78538573,  0.75042515,  0.74564608, ...,  0.12350624,
          0.14202008,  0.        ]],

       ...,

       [[ 0.        ,  0.02600777,  0.71641337, ..., -0.58101043,
         -0.68885061, -0.71993761],
        [-0.02600777,  0.        ,  0.69802604, ..., -0.60198152,
         -0.70747072, -0.73774448],
        [-0.71641337, -0.69802604,  0.        , ..., -0.98844312,
         -0.99992502, -0.9995019 ],
        ...,
        [ 0.58101043,  0.60198152,  0.98844312, ...,  0.        ,
         -0.13947644, -0.18271064],
        [ 0.68885061,  0.70747072,  0.99992502, ...,  0.13947644,
          0.        , -0.04379613],
        [ 0.71993761,  0.73774448,  0.9995019 , ...,  0.18271064,
          0.04379613,  0.        ]],

       [[ 0.        , -0.3642415 , -0.64231536, ...,  0.96929916,
          0.81679144,  0.65458057],
        [ 0.3642415 ,  0.        , -0.31902178, ...,  0.992274  ,
          0.97082453,  0.8849776 ],
        [ 0.64231536,  0.31902178,  0.        , ...,  0.90084542,
          0.99659497,  0.98728246],
        ...,
        [-0.96929916, -0.992274  , -0.90084542, ...,  0.        ,
         -0.35838443, -0.5718315 ],
        [-0.81679144, -0.97082453, -0.99659497, ...,  0.35838443,
          0.        , -0.23983884],
        [-0.65458057, -0.8849776 , -0.98728246, ...,  0.5718315 ,
          0.23983884,  0.        ]],

       [[ 0.        ,  0.16312246,  0.34003964, ..., -0.55159574,
         -0.70337279, -0.96544019],
        [-0.16312246,  0.        ,  0.18208292, ..., -0.6802699 ,
         -0.80990259, -0.99502266],
        [-0.34003964, -0.18208292,  0.        , ..., -0.80235776,
         -0.90316695, -0.99653341],
        ...,
        [ 0.55159574,  0.6802699 ,  0.80235776, ...,  0.        ,
         -0.19460547, -0.66152537],
        [ 0.70337279,  0.80990259,  0.90316695, ...,  0.19460547,
          0.        , -0.50293898],
        [ 0.96544019,  0.99502266,  0.99653341, ...,  0.66152537,
          0.50293898,  0.        ]]]), 'num': array([ 9.91830737e-01,  1.27559281e-01,  9.90001688e-06,  1.93522498e-04,
        1.99286054e-04,  1.89088992e-04,  2.67770407e-04, -5.54188137e-06,
        2.03409214e-04,  2.17263917e-04,  2.19384611e-04,  4.93288342e-08,
        2.50104461e-04,  1.84423374e-04])}
{'img': array([[[ 0.        ,  0.29941186,  0.1893469 , ..., -0.30268962,
         -0.58366088, -0.95532834],
        [-0.29941186,  0.        , -0.11333517, ..., -0.57416963,
         -0.80000652, -0.9999918 ],
        [-0.1893469 ,  0.11333517,  0.        , ..., -0.47767853,
         -0.72685181, -0.99400752],
        ...,
        [ 0.30268962,  0.57416963,  0.47767853, ...,  0.        ,
         -0.31049765, -0.82105423],
        [ 0.58366088,  0.80000652,  0.72685181, ...,  0.31049765,
          0.        , -0.60322528],
        [ 0.95532834,  0.9999918 ,  0.99400752, ...,  0.82105423,
          0.60322528,  0.        ]],

       [[ 0.        ,  0.05877519, -0.12834502, ..., -0.22342676,
          0.31624076,  0.63516563],
        [-0.05877519,  0.        , -0.18641224, ..., -0.28032991,
          0.25993526,  0.58867104],
        [ 0.12834502,  0.18641224,  0.        , ..., -0.09647838,
          0.43538353,  0.72904315],
        ...,
        [ 0.22342676,  0.28032991,  0.09647838, ...,  0.        ,
          0.52020669,  0.79167856],
        [-0.31624076, -0.25993526, -0.43538353, ..., -0.52020669,
          0.        ,  0.35831151],
        [-0.63516563, -0.58867104, -0.72904315, ..., -0.79167856,
         -0.35831151,  0.        ]],

       [[ 0.        , -0.00695334, -0.04431233, ..., -0.61062308,
         -0.69834463, -0.94932844],
        [ 0.00695334,  0.        , -0.03736475, ..., -0.60510182,
         -0.69335081, -0.94712016],
        [ 0.04431233,  0.03736475,  0.        , ..., -0.5749314 ,
         -0.66594159, -0.93446921],
        ...,
        [ 0.61062308,  0.60510182,  0.5749314 , ...,  0.        ,
         -0.11597344, -0.55988337],
        [ 0.69834463,  0.69335081,  0.66594159, ...,  0.11597344,
          0.        , -0.46001318],
        [ 0.94932844,  0.94712016,  0.93446921, ...,  0.55988337,
          0.46001318,  0.        ]],

       ...,

       [[ 0.        ,  0.69802604,  0.46391997, ..., -0.70747072,
         -0.73774448, -0.83257976],
        [-0.69802604,  0.        , -0.28616502, ..., -0.99992502,
         -0.9995019 , -0.9828276 ],
        [-0.46391997,  0.28616502,  0.        , ..., -0.95460415,
         -0.96673407, -0.99453103],
        ...,
        [ 0.70747072,  0.99992502,  0.95460415, ...,  0.        ,
         -0.04379613, -0.19654793],
        [ 0.73774448,  0.9995019 ,  0.96673407, ...,  0.04379613,
          0.        , -0.15341749],
        [ 0.83257976,  0.9828276 ,  0.99453103, ...,  0.19654793,
          0.15341749,  0.        ]],

       [[ 0.        , -0.31902178, -0.37851827, ...,  0.97082453,
          0.8849776 ,  0.72234393],
        [ 0.31902178,  0.        , -0.06345511, ...,  0.99659497,
          0.98728246,  0.90521397],
        [ 0.37851827,  0.06345511,  0.        , ...,  0.98935447,
          0.99538062,  0.93035532],
        ...,
        [-0.97082453, -0.99659497, -0.98935447, ...,  0.        ,
         -0.23983884, -0.49814657],
        [-0.8849776 , -0.98728246, -0.99538062, ...,  0.23983884,
          0.        , -0.27564448],
        [-0.72234393, -0.90521397, -0.93035532, ...,  0.49814657,
          0.27564448,  0.        ]],

       [[ 0.        ,  0.17191998,  0.1792878 , ..., -0.73296153,
         -0.86763234, -0.99933217],
        [-0.17191998,  0.        ,  0.00748407, ..., -0.83900043,
         -0.94019379, -0.9907351 ],
        [-0.1792878 , -0.00748407,  0.        , ..., -0.84304924,
         -0.94271683, -0.98969095],
        ...,
        [ 0.73296153,  0.83900043,  0.84304924, ...,  0.        ,
         -0.22579122, -0.65303287],
        [ 0.86763234,  0.94019379,  0.94271683, ...,  0.22579122,
          0.        , -0.4651704 ],
        [ 0.99933217,  0.9907351 ,  0.98969095, ...,  0.65303287,
          0.4651704 ,  0.        ]]]), 'num': array([ 7.07101842e-01,  7.07101842e-01,  0.00000000e+00,  1.20819764e-03,
        1.22907663e-03,  1.19288637e-03,  7.68486077e-04, -6.95966380e-06,
        1.25385303e-03,  1.34711252e-03,  1.37541516e-03,  4.52797404e-07,
        1.54528504e-03,  1.14894001e-03])}
{'img': array([[[ 0.        , -0.11099546, -0.22169261, ..., -0.77710994,
         -0.96668592, -0.99971651],
        [ 0.11099546,  0.        , -0.11208924, ..., -0.70245147,
         -0.93230168, -0.99618193],
        [ 0.22169261,  0.11208924,  0.        , ..., -0.61824727,
         -0.88588583, -0.98011856],
        ...,
        [ 0.77710994,  0.70245147,  0.61824727, ...,  0.        ,
         -0.40948483, -0.64768907],
        [ 0.96668592,  0.93230168,  0.88588583, ...,  0.40948483,
          0.        , -0.27890926],
        [ 0.99971651,  0.99618193,  0.98011856, ...,  0.64768907,
          0.27890926,  0.        ]],

       [[ 0.        , -0.18641224, -0.22100316, ...,  0.25993526,
          0.58867104, -0.08267623],
        [ 0.18641224,  0.        , -0.03532649, ...,  0.43538353,
          0.72904315,  0.104547  ],
        [ 0.22100316,  0.03532649,  0.        , ...,  0.46691428,
          0.75276794,  0.13961464],
        ...,
        [-0.25993526, -0.43538353, -0.46691428, ...,  0.        ,
          0.35831151, -0.33887969],
        [-0.58867104, -0.72904315, -0.75276794, ..., -0.35831151,
          0.        , -0.65348891],
        [ 0.08267623, -0.104547  , -0.13961464, ...,  0.33887969,
          0.65348891,  0.        ]],

       [[ 0.        , -0.03303885, -0.03511159, ..., -0.56886633,
         -0.69618123, -0.97786099],
        [ 0.03303885,  0.        , -0.00207395, ..., -0.54138363,
         -0.6720837 , -0.97041359],
        [ 0.03511159,  0.00207395,  0.        , ..., -0.53963874,
         -0.67054654, -0.96991075],
        ...,
        [ 0.56886633,  0.54138363,  0.53963874, ...,  0.        ,
         -0.16419049, -0.68518379],
        [ 0.69618123,  0.6720837 ,  0.67054654, ...,  0.16419049,
          0.        , -0.55629346],
        [ 0.97786099,  0.97041359,  0.96991075, ...,  0.68518379,
          0.55629346,  0.        ]],

       ...,

       [[ 0.        , -0.28616502, -0.44631653, ..., -0.9995019 ,
         -0.9828276 , -0.90184371],
        [ 0.28616502,  0.        , -0.17156977, ..., -0.96673407,
         -0.99453103, -0.74048778],
        [ 0.44631653,  0.17156977,  0.        , ..., -0.90851458,
         -0.96186508, -0.61420095],
        ...,
        [ 0.9995019 ,  0.96673407,  0.90851458, ...,  0.        ,
         -0.15341749,  0.46030819],
        [ 0.9828276 ,  0.99453103,  0.96186508, ...,  0.15341749,
          0.        ,  0.5910566 ],
        [ 0.90184371,  0.74048778,  0.61420095, ..., -0.46030819,
         -0.5910566 ,  0.        ]],

       [[ 0.        , -0.06345511, -0.32739504, ...,  0.98728246,
          0.90521397,  0.76375941],
        [ 0.06345511,  0.        , -0.26677729, ...,  0.99538062,
          0.93035532,  0.80318054],
        [ 0.32739504,  0.26677729,  0.        , ...,  0.98491883,
          0.99445393,  0.93300059],
        ...,
        [-0.98728246, -0.99538062, -0.98491883, ...,  0.        ,
         -0.27564448, -0.5158725 ],
        [-0.90521397, -0.93035532, -0.99445393, ...,  0.27564448,
          0.        , -0.25975234],
        [-0.76375941, -0.80318054, -0.93300059, ...,  0.5158725 ,
          0.25975234,  0.        ]],

       [[ 0.        ,  0.00722433,  0.09778545, ..., -0.89789253,
         -0.97328702, -0.98537365],
        [-0.00722433,  0.        ,  0.09059319, ..., -0.90104936,
         -0.97492027, -0.98411685],
        [-0.09778545, -0.09059319,  0.        , ..., -0.93663599,
         -0.99107329, -0.96398787],
        ...,
        [ 0.89789253,  0.90104936,  0.93663599, ...,  0.        ,
         -0.22230654, -0.58678376],
        [ 0.97328702,  0.97492027,  0.99107329, ...,  0.22230654,
          0.        , -0.39208925],
        [ 0.98537365,  0.98411685,  0.96398787, ...,  0.58678376,
          0.39208925,  0.        ]]]), 'num': array([7.47500168e-01, 6.64250165e-01, 9.39616287e-07, 1.30078130e-03,
       1.30518575e-03, 1.26995014e-03, 6.20073342e-04, 2.64267081e-05,
       1.30694753e-03, 1.40678176e-03, 1.44801232e-03, 4.65511118e-07,
       1.60814136e-03, 1.20542216e-03])}
{'img': array([[[ 0.        , -0.11208924, -0.30697447, ..., -0.93230168,
         -0.99618193, -0.80890303],
        [ 0.11208924,  0.        , -0.19836264, ..., -0.88588583,
         -0.98011856, -0.73790346],
        [ 0.30697447,  0.19836264,  0.        , ..., -0.77626104,
         -0.92128466, -0.58936416],
        ...,
        [ 0.93230168,  0.88588583,  0.77626104, ...,  0.        ,
         -0.27890926,  0.25557404],
        [ 0.99618193,  0.98011856,  0.92128466, ...,  0.27890926,
          0.        ,  0.51507875],
        [ 0.80890303,  0.73790346,  0.58936416, ..., -0.25557404,
         -0.51507875,  0.        ]],

       [[ 0.        , -0.03532649,  0.00505022, ...,  0.72904315,
          0.104547  , -0.08435949],
        [ 0.03532649,  0.        ,  0.0403731 , ...,  0.75276794,
          0.13961464, -0.04910627],
        [-0.00505022, -0.0403731 ,  0.        , ...,  0.72557714,
          0.09952313, -0.08939063],
        ...,
        [-0.72904315, -0.75276794, -0.72557714, ...,  0.        ,
         -0.65348891, -0.78418574],
        [-0.104547  , -0.13961464, -0.09952313, ...,  0.65348891,
          0.        , -0.18807153],
        [ 0.08435949,  0.04910627,  0.08939063, ...,  0.78418574,
          0.18807153,  0.        ]],

       [[ 0.        , -0.00194178, -0.05267075, ..., -0.60596407,
         -0.80599842, -0.98392076],
        [ 0.00194178,  0.        , -0.05073157, ..., -0.60441825,
         -0.80484753, -0.98357209],
        [ 0.05267075,  0.05073157,  0.        , ..., -0.56322378,
         -0.77370289, -0.97314772],
        ...,
        [ 0.60596407,  0.60441825,  0.56322378, ...,  0.        ,
         -0.28248447, -0.67447257],
        [ 0.80599842,  0.80484753,  0.77370289, ...,  0.28248447,
          0.        , -0.43844431],
        [ 0.98392076,  0.98357209,  0.97314772, ...,  0.67447257,
          0.43844431,  0.        ]],

       ...,

       [[ 0.        , -0.17156977, -0.30445444, ..., -0.99453103,
         -0.74048778, -0.76458954],
        [ 0.17156977,  0.        , -0.13651516, ..., -0.96186508,
         -0.61420095, -0.64267246],
        [ 0.30445444,  0.13651516,  0.        , ..., -0.91551986,
         -0.50071989, -0.53206588],
        ...,
        [ 0.99453103,  0.96186508,  0.91551986, ...,  0.        ,
          0.5910566 ,  0.56113776],
        [ 0.74048778,  0.61420095,  0.50071989, ..., -0.5910566 ,
          0.        , -0.0366002 ],
        [ 0.76458954,  0.64267246,  0.53206588, ..., -0.56113776,
          0.0366002 ,  0.        ]],

       [[ 0.        , -0.26677729, -0.43956568, ...,  0.93035532,
          0.80318054,  0.6716475 ],
        [ 0.26677729,  0.        , -0.18401288, ...,  0.99445393,
          0.93300059,  0.84495331],
        [ 0.43956568,  0.18401288,  0.        , ...,  0.99682568,
          0.98329012,  0.92894221],
        ...,
        [-0.93035532, -0.99445393, -0.99682568, ...,  0.        ,
         -0.25975234, -0.44300741],
        [-0.80318054, -0.93300059, -0.98329012, ...,  0.25975234,
          0.        , -0.19492866],
        [-0.6716475 , -0.84495331, -0.92894221, ...,  0.44300741,
          0.19492866,  0.        ]],

       [[ 0.        ,  0.08866854,  0.09308813, ..., -0.95053231,
         -0.99224947, -0.9799902 ],
        [-0.08866854,  0.        ,  0.00443795, ..., -0.97433107,
         -0.9993593 , -0.95848111],
        [-0.09308813, -0.00443795,  0.        , ..., -0.97532055,
         -0.99950829, -0.95720616],
        ...,
        [ 0.95053231,  0.97433107,  0.97532055, ...,  0.        ,
         -0.19010336, -0.49360954],
        [ 0.99224947,  0.9993593 ,  0.99950829, ...,  0.19010336,
          0.        , -0.31927834],
        [ 0.9799902 ,  0.95848111,  0.95720616, ...,  0.49360954,
          0.31927834,  0.        ]]]), 'num': array([ 7.39095820e-01,  6.73589354e-01,  7.56425708e-07,  1.25973974e-03,
        1.30192502e-03,  1.25828507e-03,  6.62890760e-04, -2.90932965e-05,
        1.27748665e-03,  1.37756759e-03,  1.43187507e-03,  4.63117780e-07,
        1.56461961e-03,  1.19051556e-03])}
{'img': array([[[ 0.        , -0.19618363, -0.09713192, ..., -0.93311177,
         -0.72554379, -0.98198163],
        [ 0.19618363,  0.        ,  0.10001161, ..., -0.8444338 ,
         -0.57643556, -0.92582488],
        [ 0.09713192, -0.10001161,  0.        , ..., -0.89377224,
         -0.65526921, -0.95898271],
        ...,
        [ 0.93311177,  0.8444338 ,  0.89377224, ...,  0.        ,
          0.3812494 , -0.17677122],
        [ 0.72554379,  0.57643556,  0.65526921, ..., -0.3812494 ,
          0.        , -0.53866556],
        [ 0.98198163,  0.92582488,  0.95898271, ...,  0.17677122,
          0.53866556,  0.        ]],

       [[ 0.        ,  0.0403731 , -0.30467718, ...,  0.13961464,
         -0.04910627,  0.00342625],
        [-0.0403731 ,  0.        , -0.34288236, ...,  0.09952313,
         -0.08939063, -0.03694941],
        [ 0.30467718,  0.34288236,  0.        , ...,  0.4346699 ,
          0.25753805,  0.30793874],
        ...,
        [-0.13961464, -0.09952313, -0.4346699 , ...,  0.        ,
         -0.18807153, -0.13622113],
        [ 0.04910627,  0.08939063, -0.25753805, ...,  0.18807153,
          0.        ,  0.0525281 ],
        [-0.00342625,  0.03694941, -0.30793874, ...,  0.13622113,
         -0.0525281 ,  0.        ]],

       [[ 0.        , -0.04742807, -0.05291766, ..., -0.71986284,
         -0.83275614, -0.99318704],
        [ 0.04742807,  0.        , -0.00549649, ..., -0.68613215,
         -0.80556093, -0.98654251],
        [ 0.05291766,  0.00549649,  0.        , ..., -0.68212321,
         -0.80229202, -0.9856289 ],
        ...,
        [ 0.71986284,  0.68613215,  0.68212321, ...,  0.        ,
         -0.17948481, -0.60550089],
        [ 0.83275614,  0.80556093,  0.80229202, ...,  0.17948481,
          0.        , -0.45282599],
        [ 0.99318704,  0.98654251,  0.9856289 , ...,  0.60550089,
          0.45282599,  0.        ]],

       ...,

       [[ 0.        , -0.13651516,  0.01495301, ..., -0.61420095,
         -0.64267246, -0.63819813],
        [ 0.13651516,  0.        ,  0.15131292, ..., -0.50071989,
         -0.53206588, -0.52712408],
        [-0.01495301, -0.15131292,  0.        , ..., -0.62593244,
         -0.65405673, -0.64963868],
        ...,
        [ 0.61420095,  0.50071989,  0.62593244, ...,  0.        ,
         -0.0366002 , -0.03077763],
        [ 0.64267246,  0.53206588,  0.65405673, ...,  0.0366002 ,
          0.        ,  0.00582585],
        [ 0.63819813,  0.52712408,  0.64963868, ...,  0.03077763,
         -0.00582585,  0.        ]],

       [[ 0.        , -0.18401288, -0.39225439, ...,  0.93300059,
          0.84495331,  0.68425555],
        [ 0.18401288,  0.        , -0.21629069, ...,  0.98329012,
          0.92894221,  0.80676107],
        [ 0.39225439,  0.21629069,  0.        , ...,  0.9993894 ,
          0.9870294 ,  0.9154656 ],
        ...,
        [-0.93300059, -0.98329012, -0.9993894 , ...,  0.        ,
         -0.19492866, -0.43413714],
        [-0.84495331, -0.92894221, -0.9870294 , ...,  0.19492866,
          0.        , -0.25020841],
        [-0.68425555, -0.80676107, -0.9154656 , ...,  0.43413714,
          0.25020841,  0.        ]],

       [[ 0.        ,  0.00438463,  0.02225502, ..., -0.99413153,
         -0.9986965 , -0.95511355],
        [-0.00438463,  0.        ,  0.01787126, ..., -0.99459629,
         -0.9984631 , -0.95380547],
        [-0.02225502, -0.01787126,  0.        , ..., -0.99629281,
         -0.9973132 , -0.94828417],
        ...,
        [ 0.99413153,  0.99459629,  0.99629281, ...,  0.        ,
         -0.15877977, -0.39782384],
        [ 0.9986965 ,  0.9984631 ,  0.9973132 , ...,  0.15877977,
          0.        , -0.24710268],
        [ 0.95511355,  0.95380547,  0.94828417, ...,  0.39782384,
          0.24710268,  0.        ]]]), 'num': array([7.25527579e-01, 6.88183070e-01, 4.28262709e-07, 1.24481694e-03,
       1.24909957e-03, 1.22625889e-03, 5.02694768e-04, 8.56525418e-06,
       1.24624448e-03, 1.33596552e-03, 1.40286967e-03, 5.35328387e-07,
       1.49735807e-03, 1.17457297e-03])}
{'img': array([[[ 0.        ,  0.10001161,  0.01695108, ..., -0.57643556,
         -0.92582488, -0.76728688],
        [-0.10001161,  0.        , -0.08313115, ..., -0.65526921,
         -0.95898271, -0.82757775],
        [-0.01695108,  0.08313115,  0.        , ..., -0.59020418,
         -0.93209857, -0.77804743],
        ...,
        [ 0.57643556,  0.65526921,  0.59020418, ...,  0.        ,
         -0.53866556, -0.25731236],
        [ 0.92582488,  0.95898271,  0.93209857, ...,  0.53866556,
          0.        ,  0.30373703],
        [ 0.76728688,  0.82757775,  0.77804743, ...,  0.25731236,
         -0.30373703,  0.        ]],

       [[ 0.        , -0.34288236, -0.35335223, ..., -0.08939063,
         -0.03694941, -0.21274719],
        [ 0.34288236,  0.        , -0.0111683 , ...,  0.25753805,
          0.30793874,  0.13518274],
        [ 0.35335223,  0.0111683 ,  0.        , ...,  0.26831357,
          0.31854512,  0.14624009],
        ...,
        [ 0.08939063, -0.25753805, -0.26831357, ...,  0.        ,
          0.0525281 , -0.12455125],
        [ 0.03694941, -0.30793874, -0.31854512, ..., -0.0525281 ,
          0.        , -0.17649837],
        [ 0.21274719, -0.13518274, -0.14624009, ...,  0.12455125,
          0.17649837,  0.        ]],

       [[ 0.        , -0.00534791, -0.09507043, ..., -0.7677516 ,
         -0.90416401, -0.99059801],
        [ 0.00534791,  0.        , -0.08974538, ..., -0.76431396,
         -0.90186653, -0.98985222],
        [ 0.09507043,  0.08974538,  0.        , ..., -0.70335796,
         -0.85945593, -0.97310503],
        ...,
        [ 0.7677516 ,  0.76431396,  0.70335796, ...,  0.        ,
         -0.25136856, -0.52969107],
        [ 0.90416401,  0.90186653,  0.85945593, ...,  0.25136856,
          0.        , -0.299475  ],
        [ 0.99059801,  0.98985222,  0.97310503, ...,  0.52969107,
          0.299475  ,  0.        ]],

       ...,

       [[ 0.        ,  0.15131292,  0.10048294, ..., -0.53206588,
         -0.52712408, -0.31451382],
        [-0.15131292,  0.        , -0.05122112, ..., -0.65405673,
         -0.64963868, -0.45452671],
        [-0.10048294,  0.05122112,  0.        , ..., -0.61445219,
         -0.60984543, -0.40830572],
        ...,
        [ 0.53206588,  0.65405673,  0.61445219, ...,  0.        ,
          0.00582585,  0.23876529],
        [ 0.52712408,  0.64963868,  0.60984543, ..., -0.00582585,
          0.        ,  0.23310389],
        [ 0.31451382,  0.45452671,  0.40830572, ..., -0.23876529,
         -0.23310389,  0.        ]],

       [[ 0.        , -0.21629069, -0.52052781, ...,  0.92894221,
          0.80676107,  0.55187539],
        [ 0.21629069,  0.        , -0.32352774, ...,  0.9870294 ,
          0.9154656 ,  0.71918252],
        [ 0.52052781,  0.32352774,  0.        , ...,  0.98588468,
          0.996417  ,  0.90529787],
        ...,
        [-0.92894221, -0.9870294 , -0.98588468, ...,  0.        ,
         -0.25020841, -0.57035167],
        [-0.80676107, -0.9154656 , -0.996417  , ...,  0.25020841,
          0.        , -0.34668858],
        [-0.55187539, -0.71918252, -0.90529787, ...,  0.57035167,
          0.34668858,  0.        ]],

       [[ 0.        ,  0.01787126,  0.00447769, ..., -0.9984631 ,
         -0.95380547, -0.99984958],
        [-0.01787126,  0.        , -0.0133941 , ..., -0.9973132 ,
         -0.94828417, -0.99999986],
        [-0.00447769,  0.0133941 ,  0.        , ..., -0.99820493,
         -0.9524507 , -0.99991722],
        ...,
        [ 0.9984631 ,  0.9973132 ,  0.99820493, ...,  0.        ,
         -0.24710268,  0.07272955],
        [ 0.95380547,  0.94828417,  0.9524507 , ...,  0.24710268,
          0.        ,  0.31692243],
        [ 0.99984958,  0.99999986,  0.99991722, ..., -0.07272955,
         -0.31692243,  0.        ]]]), 'num': array([ 8.16798600e-01,  5.76906044e-01,  2.83896515e-06,  1.37081460e-03,
        1.43732750e-03,  1.36919234e-03,  1.52661701e-03, -4.38011767e-05,
        1.40715336e-03,  1.49954139e-03,  1.59152387e-03,  4.01912699e-07,
        1.66201850e-03,  1.33706429e-03])}
