state_0,state_1,state_2,state_3,state_4,state_5,state_6,state_7,state_8,state_9,state_10,state_11,state_12,state_13,state_14,state_15,state_16,state_17,state_18,state_19,state_20,state_21,state_22,state_23,state_24,state_25,state_26,state_27,state_28,state_29,state_30,state_31,state_32,state_33,state_34,state_35,state_36,state_37,state_38,state_39,state_40,state_41,state_42,state_43,state_44,state_45,state_46,state_47,state_48,state_49,state_50,state_51,state_52,state_53,state_54,state_55,state_56,state_57,state_58,state_59,state_60,state_61,state_62,state_63,state_64,state_65,state_66,state_67,state_68,state_69,state_70,state_71,state_72,state_73,state_74,state_75,state_76,state_77,state_78,state_79,state_80,state_81,state_82,state_83,state_84,state_85,state_86,state_87,state_88,state_89,state_90,state_91,state_92,state_93,state_94,state_95,state_96,state_97,state_98,state_99,state_100,state_101,state_102,state_103,state_104,state_105,state_106,state_107,state_108,state_109,state_110,state_111,state_112,state_113,state_114,state_115,state_116,state_117,state_118,state_119,state_120,state_121,state_122,state_123,state_124,state_125,state_126,state_127,state_128,state_129,state_130,state_131,state_132,state_133,state_134,state_135,state_136,state_137,state_138,state_139,state_140,state_141,state_142,state_143,state_144,state_145,state_146,state_147,state_148,state_149,state_150,state_151,state_152,state_153,state_154,state_155,state_156,state_157,state_158,state_159,state_160,state_161,state_162,state_163,state_164,state_165,state_166,state_167,state_168,state_169,state_170,state_171,state_172,state_173,state_174,state_175,state_176,state_177,state_178,state_179,state_180,state_181,state_182,state_183,state_184,state_185,state_186,state_187,state_188,state_189,state_190,state_191,state_192,state_193,state_194,state_195,state_196,state_197,state_198,state_199,state_200,state_201,state_202,state_203,state_204,state_205,state_206,state_207,state_208,state_209,state_210,state_211,state_212,state_213,state_214,state_215,state_216,state_217,state_218,state_219,state_220,state_221,state_222,state_223,state_224,state_225,state_226,state_227,state_228,state_229,state_230,state_231,state_232,state_233,state_234,state_235,state_236,state_237,state_238,state_239,state_240,state_241,state_242,state_243,state_244,state_245,state_246,state_247,state_248,state_249,state_250,state_251,state_252,state_253,state_254,state_255,state_256,state_257,state_258,state_259,state_260,state_261,state_262,state_263,state_264,state_265,state_266,state_267,state_268,state_269,state_270,state_271,state_272,state_273,state_274,state_275,state_276,state_277,state_278,state_279,state_280,state_281,state_282,state_283,state_284,state_285,state_286,state_287
{'img': array([[[ 0.00000000e+00,  8.37143128e-02, -4.07414429e-02, ...,
         -9.18152835e-01, -9.99865475e-01, -9.76550912e-01],
        [-8.37143128e-02,  0.00000000e+00, -1.24243239e-01, ...,
         -8.81760109e-01, -9.94982645e-01, -9.91145588e-01],
        [ 4.07414429e-02,  1.24243239e-01,  0.00000000e+00, ...,
         -9.33533349e-01, -9.99703558e-01, -9.66969018e-01],
        ...,
        [ 9.18152835e-01,  8.81760109e-01,  9.33533349e-01, ...,
          0.00000000e+00,  3.81113394e-01,  5.84601260e-01],
        [ 9.99865475e-01,  9.94982645e-01,  9.99703558e-01, ...,
         -3.81113394e-01,  0.00000000e+00,  2.31275204e-01],
        [ 9.76550912e-01,  9.91145588e-01,  9.66969018e-01, ...,
         -5.84601260e-01, -2.31275204e-01,  0.00000000e+00]],

       [[ 0.00000000e+00,  1.63180209e-01, -6.24919826e-02, ...,
          2.38249004e-05, -5.66204749e-01, -4.09416107e-01],
        [-1.63180209e-01,  0.00000000e+00, -2.24515625e-01, ...,
         -1.63156703e-01, -6.93119174e-01, -5.52805508e-01],
        [ 6.24919826e-02,  2.24515625e-01,  0.00000000e+00, ...,
          6.25157609e-02, -5.13588151e-01, -3.51601468e-01],
        ...,
        [-2.38249004e-05,  1.63156703e-01, -6.25157609e-02, ...,
          0.00000000e+00, -5.66224387e-01, -4.09437843e-01],
        [ 5.66204749e-01,  6.93119174e-01,  5.13588151e-01, ...,
          5.66224387e-01,  0.00000000e+00,  1.79108423e-01],
        [ 4.09416107e-01,  5.52805508e-01,  3.51601468e-01, ...,
          4.09437843e-01, -1.79108423e-01,  0.00000000e+00]],

       [[ 0.00000000e+00, -9.38094274e-02, -7.10199878e-02, ...,
         -9.78833612e-01, -9.09235585e-01, -7.62904132e-01],
        [ 9.38094274e-02,  0.00000000e+00,  2.28657466e-02, ...,
         -9.93715943e-01, -9.44277183e-01, -8.20188742e-01],
        [ 7.10199878e-02, -2.28657466e-02,  0.00000000e+00, ...,
         -9.90896737e-01, -9.36504006e-01, -8.06892965e-01],
        ...,
        [ 9.78833612e-01,  9.93715943e-01,  9.90896737e-01, ...,
          0.00000000e+00, -2.21388721e-01, -4.76693134e-01],
        [ 9.09235585e-01,  9.44277183e-01,  9.36504006e-01, ...,
          2.21388721e-01,  0.00000000e+00, -2.70248168e-01],
        [ 7.62904132e-01,  8.20188742e-01,  8.06892965e-01, ...,
          4.76693134e-01,  2.70248168e-01,  0.00000000e+00]],

       ...,

       [[ 0.00000000e+00, -6.70447364e-02, -4.94252059e-01, ...,
         -7.71637271e-01, -5.19181372e-01, -3.94783405e-01],
        [ 6.70447364e-02,  0.00000000e+00, -4.34856738e-01, ...,
         -7.27256400e-01, -4.60712470e-01, -3.32296155e-01],
        [ 4.94252059e-01,  4.34856738e-01,  0.00000000e+00, ...,
         -3.56423303e-01, -2.89145605e-02,  1.10913475e-01],
        ...,
        [ 7.71637271e-01,  7.27256400e-01,  3.56423303e-01, ...,
          0.00000000e+00,  3.29258693e-01,  4.57853381e-01],
        [ 5.19181372e-01,  4.60712470e-01,  2.89145605e-02, ...,
         -3.29258693e-01,  0.00000000e+00,  1.39603260e-01],
        [ 3.94783405e-01,  3.32296155e-01, -1.10913475e-01, ...,
         -4.57853381e-01, -1.39603260e-01,  0.00000000e+00]],

       [[ 0.00000000e+00, -2.37953449e-01, -3.27184243e-01, ...,
         -8.27804548e-01, -7.36555821e-01, -5.87695648e-01],
        [ 2.37953449e-01,  0.00000000e+00, -9.29297595e-02, ...,
         -9.37522990e-01, -8.76345587e-01, -7.63338881e-01],
        [ 3.27184243e-01,  9.29297595e-02,  0.00000000e+00, ...,
         -9.65798447e-01, -9.17316024e-01, -8.20068122e-01],
        ...,
        [ 8.27804548e-01,  9.37522990e-01,  9.65798447e-01, ...,
          0.00000000e+00, -1.46687714e-01, -3.40054816e-01],
        [ 7.36555821e-01,  8.76345587e-01,  9.17316024e-01, ...,
          1.46687714e-01,  0.00000000e+00, -1.98430443e-01],
        [ 5.87695648e-01,  7.63338881e-01,  8.20068122e-01, ...,
          3.40054816e-01,  1.98430443e-01,  0.00000000e+00]],

       [[ 0.00000000e+00,  1.30910907e-01,  2.37788435e-01, ...,
         -8.22798641e-01, -8.67284769e-01, -8.69829421e-01],
        [-1.30910907e-01,  0.00000000e+00,  1.08586074e-01, ...,
         -8.90118737e-01, -9.24990101e-01, -9.26929023e-01],
        [-2.37788435e-01, -1.08586074e-01,  0.00000000e+00, ...,
         -9.34341299e-01, -9.60782434e-01, -9.62193620e-01],
        ...,
        [ 8.22798641e-01,  8.90118737e-01,  9.34341299e-01, ...,
          0.00000000e+00, -8.33072332e-02, -8.84229216e-02],
        [ 8.67284769e-01,  9.24990101e-01,  9.60782434e-01, ...,
          8.33072332e-02,  0.00000000e+00, -5.13463511e-03],
        [ 8.69829421e-01,  9.26929023e-01,  9.62193620e-01, ...,
          8.84229216e-02,  5.13463511e-03,  0.00000000e+00]]]), 'num': array([ 9.53178246e-01,  3.02315956e-01,  5.58680077e-06,  1.18987622e-03,
        1.21541004e-03,  1.18476945e-03,  6.62765137e-03, -3.06405892e-05,
        1.20826057e-03,  1.27081844e-03,  1.32094985e-03,  2.00265289e-07,
        1.37453858e-03,  1.16709830e-03])}
{'img': array([[[ 0.00000000e+00, -1.22627092e-01, -1.22627092e-01, ...,
         -9.99649902e-01, -9.84318268e-01, -8.76456264e-01],
        [ 1.22627092e-01,  0.00000000e+00,  0.00000000e+00, ...,
         -9.95349940e-01, -9.55257816e-01, -9.28884163e-01],
        [ 1.22627092e-01,  0.00000000e+00,  0.00000000e+00, ...,
         -9.95349940e-01, -9.55257816e-01, -9.28884163e-01],
        ...,
        [ 9.99649902e-01,  9.95349940e-01,  9.95349940e-01, ...,
          0.00000000e+00,  2.02383884e-01, -4.58122847e-01],
        [ 9.84318268e-01,  9.55257816e-01,  9.55257816e-01, ...,
         -2.02383884e-01,  0.00000000e+00, -6.28539361e-01],
        [ 8.76456264e-01,  9.28884163e-01,  9.28884163e-01, ...,
          4.58122847e-01,  6.28539361e-01,  0.00000000e+00]],

       [[ 0.00000000e+00, -2.24515625e-01, -3.55602759e-01, ...,
         -6.93119174e-01, -5.52805508e-01, -3.56534384e-01],
        [ 2.24515625e-01,  0.00000000e+00, -1.36683741e-01, ...,
         -5.13588151e-01, -3.51601468e-01, -1.37671282e-01],
        [ 3.55602759e-01,  1.36683741e-01,  0.00000000e+00, ...,
         -3.91488306e-01, -2.20345142e-01, -9.96965901e-04],
        ...,
        [ 6.93119174e-01,  5.13588151e-01,  3.91488306e-01, ...,
          0.00000000e+00,  1.79108423e-01,  3.90570720e-01],
        [ 5.52805508e-01,  3.51601468e-01,  2.20345142e-01, ...,
         -1.79108423e-01,  0.00000000e+00,  2.19372570e-01],
        [ 3.56534384e-01,  1.37671282e-01,  9.96965901e-04, ...,
         -3.90570720e-01, -2.19372570e-01,  0.00000000e+00]],

       [[ 0.00000000e+00,  2.24091174e-02,  1.11588335e-02, ...,
         -9.84438501e-01, -9.64152262e-01, -8.10610586e-01],
        [-2.24091174e-02,  0.00000000e+00, -1.12516908e-02, ...,
         -9.80253351e-01, -9.57963898e-01, -7.97284573e-01],
        [-1.11588335e-02,  1.12516908e-02,  0.00000000e+00, ...,
         -9.82416272e-01, -9.61131240e-01, -8.04025664e-01],
        ...,
        [ 9.84438501e-01,  9.80253351e-01,  9.82416272e-01, ...,
          0.00000000e+00, -9.17904287e-02, -4.34024846e-01],
        [ 9.64152262e-01,  9.57963898e-01,  9.61131240e-01, ...,
          9.17904287e-02,  0.00000000e+00, -3.49498464e-01],
        [ 8.10610586e-01,  7.97284573e-01,  8.04025664e-01, ...,
          4.34024846e-01,  3.49498464e-01,  0.00000000e+00]],

       ...,

       [[ 0.00000000e+00, -4.34856738e-01, -4.34856738e-01, ...,
         -4.60712470e-01, -3.32296155e-01, -8.39825209e-01],
        [ 4.34856738e-01,  0.00000000e+00,  0.00000000e+00, ...,
         -2.89145605e-02,  1.10913475e-01, -5.20197324e-01],
        [ 4.34856738e-01,  0.00000000e+00,  0.00000000e+00, ...,
         -2.89145605e-02,  1.10913475e-01, -5.20197324e-01],
        ...,
        [ 4.60712470e-01,  2.89145605e-02,  2.89145605e-02, ...,
          0.00000000e+00,  1.39603260e-01, -4.95285455e-01],
        [ 3.32296155e-01, -1.10913475e-01, -1.10913475e-01, ...,
         -1.39603260e-01,  0.00000000e+00, -6.11712962e-01],
        [ 8.39825209e-01,  5.20197324e-01,  5.20197324e-01, ...,
          4.95285455e-01,  6.11712962e-01,  0.00000000e+00]],

       [[ 0.00000000e+00, -2.29534371e-01, -4.17285761e-01, ...,
         -7.40858396e-01, -5.91506505e-01, -2.98573287e-01],
        [ 2.29534371e-01,  0.00000000e+00, -1.97549290e-01, ...,
         -8.75247232e-01, -7.60787225e-01, -5.09666099e-01],
        [ 4.17285761e-01,  1.97549290e-01,  0.00000000e+00, ...,
         -9.53548507e-01, -8.74004120e-01, -6.69588021e-01],
        ...,
        [ 7.40858396e-01,  8.75247232e-01,  9.53548507e-01, ...,
          0.00000000e+00, -2.00062293e-01, -5.06525300e-01],
        [ 5.91506505e-01,  7.60787225e-01,  8.74004120e-01, ...,
          2.00062293e-01,  0.00000000e+00, -3.23786238e-01],
        [ 2.98573287e-01,  5.09666099e-01,  6.69588021e-01, ...,
          5.06525300e-01,  3.23786238e-01,  0.00000000e+00]],

       [[ 0.00000000e+00,  1.08586074e-01,  3.33377397e-01, ...,
         -9.24990101e-01, -9.26929023e-01, -9.36219359e-01],
        [-1.08586074e-01,  0.00000000e+00,  2.29031913e-01, ...,
         -9.60782434e-01, -9.62193620e-01, -9.68842442e-01],
        [-3.33377397e-01, -2.29031913e-01,  0.00000000e+00, ...,
         -9.98755097e-01, -9.98998059e-01, -9.99815692e-01],
        ...,
        [ 9.24990101e-01,  9.60782434e-01,  9.98755097e-01, ...,
          0.00000000e+00, -5.13463511e-03, -3.06986576e-02],
        [ 9.26929023e-01,  9.62193620e-01,  9.98998059e-01, ...,
          5.13463511e-03,  0.00000000e+00, -2.55660378e-02],
        [ 9.36219359e-01,  9.68842442e-01,  9.99815692e-01, ...,
          3.06986576e-02,  2.55660378e-02,  0.00000000e+00]]]), 'num': array([ 7.07084000e-01,  7.07084000e-01,  0.00000000e+00,  1.25679536e-03,
        1.28411700e-03,  1.24040238e-03,  7.10868594e-03, -1.63929830e-05,
        1.28083841e-03,  1.35132823e-03,  1.40952332e-03,  2.27680320e-07,
        1.46652580e-03,  1.23613067e-03])}
{'img': array([[[ 0.00000000e+00,  0.00000000e+00,  4.25369168e-01, ...,
         -9.20308771e-01, -9.98867035e-01, -9.14975776e-01],
        [ 0.00000000e+00,  0.00000000e+00,  4.25369168e-01, ...,
         -9.20308771e-01, -9.98867035e-01, -9.14975776e-01],
        [-4.25369168e-01, -4.25369168e-01,  0.00000000e+00, ...,
         -9.99299112e-01, -9.24237170e-01, -6.56431120e-01],
        ...,
        [ 9.20308771e-01,  9.20308771e-01,  9.99299112e-01, ...,
          0.00000000e+00, -3.46953607e-01, -7.29284551e-01],
        [ 9.98867035e-01,  9.98867035e-01,  9.24237170e-01, ...,
          3.46953607e-01,  0.00000000e+00, -4.46593757e-01],
        [ 9.14975776e-01,  9.14975776e-01,  6.56431120e-01, ...,
          7.29284551e-01,  4.46593757e-01,  0.00000000e+00]],

       [[ 0.00000000e+00, -1.36683741e-01,  5.12764067e-01, ...,
         -3.51601468e-01, -1.37671282e-01, -1.35671159e-01],
        [ 1.36683741e-01,  0.00000000e+00,  6.25298674e-01, ...,
         -2.20345142e-01, -9.96965901e-04,  1.02210312e-03],
        [-5.12764067e-01, -6.25298674e-01,  0.00000000e+00, ...,
         -7.81884223e-01, -6.26076381e-01, -6.24500713e-01],
        ...,
        [ 3.51601468e-01,  2.20345142e-01,  7.81884223e-01, ...,
          0.00000000e+00,  2.19372570e-01,  2.21342008e-01],
        [ 1.37671282e-01,  9.96965901e-04,  6.26076381e-01, ...,
         -2.19372570e-01,  0.00000000e+00,  2.01906799e-03],
        [ 1.35671159e-01, -1.02210312e-03,  6.24500713e-01, ...,
         -2.21342008e-01, -2.01906799e-03,  0.00000000e+00]],

       [[ 0.00000000e+00, -1.09184715e-02,  3.33395530e-02, ...,
         -9.94131285e-01, -9.72828404e-01, -7.82764849e-01],
        [ 1.09184715e-02,  0.00000000e+00,  4.42499674e-02, ...,
         -9.95253190e-01, -9.75298340e-01, -7.89512947e-01],
        [-3.33395530e-02, -4.42499674e-02,  0.00000000e+00, ...,
         -9.89971945e-01, -9.64568575e-01, -7.61581906e-01],
        ...,
        [ 9.94131285e-01,  9.95253190e-01,  9.89971945e-01, ...,
          0.00000000e+00, -1.24927624e-01, -5.33985614e-01],
        [ 9.72828404e-01,  9.75298340e-01,  9.64568575e-01, ...,
          1.24927624e-01,  0.00000000e+00, -4.24176793e-01],
        [ 7.82764849e-01,  7.89512947e-01,  7.61581906e-01, ...,
          5.33985614e-01,  4.24176793e-01,  0.00000000e+00]],

       ...,

       [[ 0.00000000e+00,  0.00000000e+00,  1.06226937e-01, ...,
          1.10913475e-01, -5.20197324e-01, -4.12102992e-01],
        [ 0.00000000e+00,  0.00000000e+00,  1.06226937e-01, ...,
          1.10913475e-01, -5.20197324e-01, -4.12102992e-01],
        [-1.06226937e-01, -1.06226937e-01,  0.00000000e+00, ...,
          4.71439267e-03, -6.07976703e-01, -5.06558599e-01],
        ...,
        [-1.10913475e-01, -1.10913475e-01, -4.71439267e-03, ...,
          0.00000000e+00, -6.11712962e-01, -5.10617745e-01],
        [ 5.20197324e-01,  5.20197324e-01,  6.07976703e-01, ...,
          6.11712962e-01,  0.00000000e+00,  1.22016215e-01],
        [ 4.12102992e-01,  4.12102992e-01,  5.06558599e-01, ...,
          5.10617745e-01, -1.22016215e-01,  0.00000000e+00]],

       [[ 0.00000000e+00, -3.55695969e-01, -3.55036586e-01, ...,
         -5.95062535e-01, -3.00538936e-01, -1.83793758e-01],
        [ 3.55695969e-01,  0.00000000e+00,  7.05427920e-04, ...,
         -8.42011993e-01, -6.20136190e-01, -5.21410590e-01],
        [ 3.55036586e-01, -7.05427920e-04,  0.00000000e+00, ...,
         -8.41631234e-01, -6.19582632e-01, -5.20808514e-01],
        ...,
        [ 5.95062535e-01,  8.42011993e-01,  8.41631234e-01, ...,
          0.00000000e+00, -3.26015572e-01, -4.37214286e-01],
        [ 3.00538936e-01,  6.20136190e-01,  6.19582632e-01, ...,
          3.26015572e-01,  0.00000000e+00, -1.20122315e-01],
        [ 1.83793758e-01,  5.21410590e-01,  5.20808514e-01, ...,
          4.37214286e-01,  1.20122315e-01,  0.00000000e+00]],

       [[ 0.00000000e+00,  2.29031913e-01,  2.35450985e-01, ...,
         -9.62193620e-01, -9.68842442e-01, -9.99946687e-01],
        [-2.29031913e-01,  0.00000000e+00,  6.59948141e-03, ...,
         -9.98998059e-01, -9.99815692e-01, -9.75731958e-01],
        [-2.35450985e-01, -6.59948141e-03,  0.00000000e+00, ...,
         -9.99271654e-01, -9.99920619e-01, -9.74265632e-01],
        ...,
        [ 9.62193620e-01,  9.98998059e-01,  9.99271654e-01, ...,
          0.00000000e+00, -2.55660378e-02, -2.62416421e-01],
        [ 9.68842442e-01,  9.99815692e-01,  9.99920619e-01, ...,
          2.55660378e-02,  0.00000000e+00, -2.37660578e-01],
        [ 9.99946687e-01,  9.75731958e-01,  9.74265632e-01, ...,
          2.62416421e-01,  2.37660578e-01,  0.00000000e+00]]]), 'num': array([ 7.07083071e-01,  7.07083071e-01,  0.00000000e+00,  1.21307915e-03,
        1.25132939e-03,  1.21307915e-03,  7.31770871e-03, -4.37145639e-05,
        1.26772235e-03,  1.34039782e-03,  1.40515001e-03,  1.98702563e-07,
        1.46419091e-03,  1.21660472e-03])}
{'img': array([[[ 0.00000000e+00,  3.93949684e-01,  3.06101903e-01, ...,
         -9.39105923e-01, -9.75952106e-01, -8.78945037e-01],
        [-3.93949684e-01,  0.00000000e+00, -9.36915510e-02, ...,
         -9.98534375e-01, -9.82903964e-01, -6.19982821e-01],
        [-3.06101903e-01,  9.36915510e-02,  0.00000000e+00, ...,
         -9.99212791e-01, -9.95830830e-01, -6.90767518e-01],
        ...,
        [ 9.39105923e-01,  9.98534375e-01,  9.99212791e-01, ...,
          0.00000000e+00, -1.30653215e-01, -7.49911237e-01],
        [ 9.75952106e-01,  9.82903964e-01,  9.95830830e-01, ...,
          1.30653215e-01,  0.00000000e+00, -6.57050969e-01],
        [ 8.78945037e-01,  6.19982821e-01,  6.90767518e-01, ...,
          7.49911237e-01,  6.57050969e-01,  0.00000000e+00]],

       [[ 0.00000000e+00,  6.25298674e-01,  7.42753863e-02, ...,
         -9.96965901e-04,  1.02210312e-03,  2.56011429e-02],
        [-6.25298674e-01,  0.00000000e+00, -5.65608018e-01, ...,
         -6.26076381e-01, -6.24500713e-01, -6.05114963e-01],
        [-7.42753863e-02,  5.65608018e-01,  0.00000000e+00, ...,
         -7.52695614e-02, -7.32560676e-02, -4.87206150e-02],
        ...,
        [ 9.96965901e-04,  6.26076381e-01,  7.52695614e-02, ...,
          0.00000000e+00,  2.01906799e-03,  2.65977693e-02],
        [-1.02210312e-03,  6.24500713e-01,  7.32560676e-02, ...,
         -2.01906799e-03,  0.00000000e+00,  2.45793614e-02],
        [-2.56011429e-02,  6.05114963e-01,  4.87206150e-02, ...,
         -2.65977693e-02, -2.45793614e-02,  0.00000000e+00]],

       [[ 0.00000000e+00,  4.29163577e-02,  1.22058367e-01, ...,
         -9.98068174e-01, -9.71657456e-01, -7.74435345e-01],
        [-4.29163577e-02,  0.00000000e+00,  7.93504415e-02, ...,
         -9.94482305e-01, -9.60617099e-01, -7.46570669e-01],
        [-1.22058367e-01, -7.93504415e-02,  0.00000000e+00, ...,
         -9.83022271e-01, -9.35538521e-01, -6.91424234e-01],
        ...,
        [ 9.98068174e-01,  9.94482305e-01,  9.83022271e-01, ...,
          0.00000000e+00, -1.75569243e-01, -5.83316574e-01],
        [ 9.71657456e-01,  9.60617099e-01,  9.35538521e-01, ...,
          1.75569243e-01,  0.00000000e+00, -4.31650745e-01],
        [ 7.74435345e-01,  7.46570669e-01,  6.91424234e-01, ...,
          5.83316574e-01,  4.31650745e-01,  0.00000000e+00]],

       ...,

       [[ 0.00000000e+00,  1.06226937e-01,  1.48969780e-01, ...,
         -5.20197324e-01, -4.12102992e-01, -7.69789469e-01],
        [-1.06226937e-01,  0.00000000e+00,  4.30852649e-02, ...,
         -6.07976703e-01, -5.06558599e-01, -8.33238360e-01],
        [-1.48969780e-01, -4.30852649e-02,  0.00000000e+00, ...,
         -6.41619891e-01, -5.43236562e-01, -8.56287058e-01],
        ...,
        [ 5.20197324e-01,  6.07976703e-01,  6.41619891e-01, ...,
          0.00000000e+00,  1.22016215e-01, -3.25394850e-01],
        [ 4.12102992e-01,  5.06558599e-01,  5.43236562e-01, ...,
         -1.22016215e-01,  0.00000000e+00, -4.38339412e-01],
        [ 7.69789469e-01,  8.33238360e-01,  8.56287058e-01, ...,
          3.25394850e-01,  4.38339412e-01,  0.00000000e+00]],

       [[ 0.00000000e+00,  2.27636759e-02, -4.69086505e-02, ...,
         -3.27031683e-01, -2.09149757e-01, -6.87681176e-02],
        [-2.27636759e-02,  0.00000000e+00, -6.96351125e-02, ...,
         -3.05434962e-01, -1.86835335e-01, -4.60405112e-02],
        [ 4.69086505e-02,  6.96351125e-02,  0.00000000e+00, ...,
         -3.71000983e-01, -2.54790722e-01, -1.15490019e-01],
        ...,
        [ 3.27031683e-01,  3.05434962e-01,  3.71000983e-01, ...,
          0.00000000e+00, -1.22149609e-01, -2.61270700e-01],
        [ 2.09149757e-01,  1.86835335e-01,  2.54790722e-01, ...,
          1.22149609e-01,  0.00000000e+00, -1.41407414e-01],
        [ 6.87681176e-02,  4.60405112e-02,  1.15490019e-01, ...,
          2.61270700e-01,  1.41407414e-01,  0.00000000e+00]],

       [[ 0.00000000e+00,  6.40565822e-03,  3.86810398e-02, ...,
         -9.92850562e-01, -9.97761865e-01, -7.70600199e-01],
        [-6.40565822e-03,  0.00000000e+00,  3.22793819e-02, ...,
         -9.93594797e-01, -9.97313064e-01, -7.66501942e-01],
        [-3.86810398e-02, -3.22793819e-02,  0.00000000e+00, ...,
         -9.96724644e-01, -9.94428645e-01, -7.45371332e-01],
        ...,
        [ 9.92850562e-01,  9.93594797e-01,  9.96724644e-01, ...,
          0.00000000e+00, -1.85486258e-01, -7.24744306e-01],
        [ 9.97761865e-01,  9.97313064e-01,  9.94428645e-01, ...,
          1.85486258e-01,  0.00000000e+00, -5.84364360e-01],
        [ 7.70600199e-01,  7.66501942e-01,  7.45371332e-01, ...,
          7.24744306e-01,  5.84364360e-01,  0.00000000e+00]]]), 'num': array([7.07092504e-01, 7.07092504e-01, 0.00000000e+00, 1.25681048e-03,
       1.26227487e-03, 1.21309533e-03, 5.18001543e-03, 4.37151471e-05,
       1.26118199e-03, 1.33139945e-03, 1.40152583e-03, 3.71166343e-07,
       1.45192742e-03, 1.21087148e-03])}
{'img': array([[[ 0.        , -0.09369155, -0.13696149, ..., -0.98290396,
         -0.61998282, -0.98290396],
        [ 0.09369155,  0.        , -0.04355039, ..., -0.99583083,
         -0.69076752, -0.99583083],
        [ 0.13696149,  0.04355039,  0.        , ..., -0.99885865,
         -0.72160242, -0.99885865],
        ...,
        [ 0.98290396,  0.99583083,  0.99885865, ...,  0.        ,
         -0.65705097,  0.        ],
        [ 0.61998282,  0.69076752,  0.72160242, ...,  0.65705097,
          0.        ,  0.65705097],
        [ 0.98290396,  0.99583083,  0.99885865, ...,  0.        ,
         -0.65705097,  0.        ]],

       [[ 0.        , -0.56560802, -0.63288109, ..., -0.62450071,
         -0.60511496, -0.80425567],
        [ 0.56560802,  0.        , -0.08399927, ..., -0.07325607,
         -0.04872061, -0.32711743],
        [ 0.63288109,  0.08399927,  0.        , ...,  0.01077641,
          0.03535109, -0.2465834 ],
        ...,
        [ 0.62450071,  0.07325607, -0.01077641, ...,  0.        ,
          0.02457936, -0.25701273],
        [ 0.60511496,  0.04872061, -0.03535109, ..., -0.02457936,
          0.        , -0.28068878],
        [ 0.80425567,  0.32711743,  0.2465834 , ...,  0.25701273,
          0.28068878,  0.        ]],

       [[ 0.        ,  0.07822995,  0.12577937, ..., -0.98076203,
         -0.90971217, -0.73936323],
        [-0.07822995,  0.        ,  0.04778524, ..., -0.96248528,
         -0.87444006, -0.68442458],
        [-0.12577937, -0.04778524,  0.        , ..., -0.94842001,
         -0.85025891, -0.64880328],
        ...,
        [ 0.98076203,  0.96248528,  0.94842001, ...,  0.        ,
         -0.22966868, -0.5160247 ],
        [ 0.90971217,  0.87444006,  0.85025891, ...,  0.22966868,
          0.        , -0.30550262],
        [ 0.73936323,  0.68442458,  0.64880328, ...,  0.5160247 ,
          0.30550262,  0.        ]],

       ...,

       [[ 0.        ,  0.04308526,  0.26690615, ..., -0.5065586 ,
         -0.83323836,  0.17585671],
        [-0.04308526,  0.        ,  0.22513606, ..., -0.54323656,
         -0.85628706,  0.1332796 ],
        [-0.26690615, -0.22513606,  0.        , ..., -0.71830989,
         -0.95058671, -0.09326955],
        ...,
        [ 0.5065586 ,  0.54323656,  0.71830989, ...,  0.        ,
         -0.43833941,  0.65028891],
        [ 0.83323836,  0.85628706,  0.95058671, ...,  0.43833941,
          0.        ,  0.91748662],
        [-0.17585671, -0.1332796 ,  0.09326955, ..., -0.65028891,
         -0.91748662,  0.        ]],

       [[ 0.        , -0.06818522, -0.22987834, ..., -0.43464185,
         -0.40010575, -0.        ],
        [ 0.06818522,  0.        , -0.16298417, ..., -0.49503814,
         -0.46166421, -0.06818522],
        [ 0.22987834,  0.16298417,  0.        , ..., -0.63003108,
         -0.60006704, -0.22987834],
        ...,
        [ 0.43464185,  0.49503814,  0.63003108, ...,  0.        ,
         -0.03799918, -0.43464185],
        [ 0.40010575,  0.46166421,  0.60006704, ...,  0.03799918,
          0.        , -0.40010575],
        [ 0.        ,  0.06818522,  0.22987834, ...,  0.43464185,
          0.40010575,  0.        ]],

       [[ 0.        ,  0.0317513 , -0.03200799, ..., -0.9999784 ,
         -0.92869236, -0.75830189],
        [-0.0317513 ,  0.        , -0.06372688, ..., -0.9992655 ,
         -0.91644911, -0.73722077],
        [ 0.03200799,  0.06372688,  0.        , ..., -0.99967641,
         -0.94008671, -0.77877947],
        ...,
        [ 0.9999784 ,  0.9992655 ,  0.99967641, ...,  0.        ,
         -0.36473866, -0.64690509],
        [ 0.92869236,  0.91644911,  0.94008671, ...,  0.36473866,
          0.        , -0.3242008 ],
        [ 0.75830189,  0.73722077,  0.77877947, ...,  0.64690509,
          0.3242008 ,  0.        ]]]), 'num': array([8.77128060e-01, 4.80164565e-01, 3.43691338e-06, 1.56284841e-03,
       1.61020745e-03, 1.53578610e-03, 8.21351935e-03, 6.76557751e-06,
       1.55067037e-03, 1.63929943e-03, 1.72973265e-03, 4.42364684e-07,
       1.78597990e-03, 1.49261897e-03])}
{'img': array([[[ 0.        , -0.04355039,  0.09369155, ..., -0.69076752,
         -0.99583083, -0.9989561 ],
        [ 0.04355039,  0.        ,  0.13696149, ..., -0.72160242,
         -0.99885865, -0.99999773],
        [-0.09369155, -0.13696149,  0.        , ..., -0.61998282,
         -0.98290396, -0.99028209],
        ...,
        [ 0.69076752,  0.72160242,  0.61998282, ...,  0.        ,
          0.65705097,  0.69076752],
        [ 0.99583083,  0.99885865,  0.98290396, ..., -0.65705097,
          0.        ,  0.04563404],
        [ 0.9989561 ,  0.99999773,  0.99028209, ..., -0.69076752,
         -0.04563404,  0.        ]],

       [[ 0.        , -0.08399927,  0.26289277, ..., -0.04872061,
         -0.32711743, -0.1307796 ],
        [ 0.08399927,  0.        ,  0.34300826, ...,  0.03535109,
         -0.2465834 , -0.04703957],
        [-0.26289277, -0.34300826,  0.        , ..., -0.30958744,
         -0.56404048, -0.38681435],
        ...,
        [ 0.04872061, -0.03535109,  0.30958744, ...,  0.        ,
         -0.28068878, -0.08232212],
        [ 0.32711743,  0.2465834 ,  0.56404048, ...,  0.28068878,
          0.        ,  0.20072338],
        [ 0.1307796 ,  0.04703957,  0.38681435, ...,  0.08232212,
         -0.20072338,  0.        ]],

       [[ 0.        ,  0.04693633,  0.17737977, ..., -0.9358952 ,
         -0.88885574, -0.67539983],
        [-0.04693633,  0.        ,  0.13099224, ..., -0.91832907,
         -0.86637049, -0.64004219],
        [-0.17737977, -0.13099224,  0.        , ..., -0.85856713,
         -0.79348756, -0.53388065],
        ...,
        [ 0.9358952 ,  0.91832907,  0.85856713, ...,  0.        ,
         -0.11569035, -0.45224866],
        [ 0.88885574,  0.86637049,  0.79348756, ...,  0.11569035,
          0.        , -0.34602867],
        [ 0.67539983,  0.64004219,  0.53388065, ...,  0.45224866,
          0.34602867,  0.        ]],

       ...,

       [[ 0.        ,  0.22513606,  0.66594414, ..., -0.85628706,
          0.1332796 ,  0.08012192],
        [-0.22513606,  0.        ,  0.48089572, ..., -0.95058671,
         -0.09326955, -0.14634728],
        [-0.66594414, -0.48089572,  0.        , ..., -0.98275182,
         -0.56057611, -0.60403209],
        ...,
        [ 0.85628706,  0.95058671,  0.98275182, ...,  0.        ,
          0.91748662,  0.89491715],
        [-0.1332796 ,  0.09326955,  0.56057611, ..., -0.91748662,
          0.        , -0.053444  ],
        [-0.08012192,  0.14634728,  0.60403209, ..., -0.89491715,
          0.053444  ,  0.        ]],

       [[ 0.        , -0.21651165, -0.3668215 , ..., -0.51575241,
         -0.34727415, -0.        ],
        [ 0.21651165,  0.        , -0.15670159, ..., -0.68901248,
         -0.54207358, -0.21651165],
        [ 0.3668215 ,  0.15670159,  0.        , ..., -0.79406981,
         -0.66705801, -0.3668215 ],
        ...,
        [ 0.51575241,  0.68901248,  0.79406981, ...,  0.        ,
         -0.18613102, -0.51575241],
        [ 0.34727415,  0.54207358,  0.66705801, ...,  0.18613102,
          0.        , -0.34727415],
        [ 0.        ,  0.21651165,  0.3668215 , ...,  0.51575241,
          0.34727415,  0.        ]],

       [[ 0.        , -0.06278542, -0.09625172, ..., -0.95583999,
         -0.9051397 , -0.729896  ],
        [ 0.06278542,  0.        , -0.03356791, ..., -0.97240602,
         -0.93004488, -0.77137344],
        [ 0.09625172,  0.03356791,  0.        , ..., -0.97968924,
         -0.94185513, -0.79230077],
        ...,
        [ 0.95583999,  0.97240602,  0.97968924, ...,  0.        ,
         -0.14033189, -0.4388649 ],
        [ 0.9051397 ,  0.93004488,  0.94185513, ...,  0.14033189,
          0.        , -0.30842648],
        [ 0.729896  ,  0.77137344,  0.79230077, ...,  0.4388649 ,
          0.30842648,  0.        ]]]), 'num': array([ 7.26652439e-01,  6.86982601e-01,  3.47981030e-07,  1.27967218e-03,
        1.31896036e-03,  1.27405958e-03,  4.11658192e-03, -1.68377918e-05,
        1.28079470e-03,  1.35123279e-03,  1.43027687e-03,  3.74173151e-07,
        1.46970381e-03,  1.23276178e-03])}
{'img': array([[[ 0.        ,  0.13696149,  0.30004545, ..., -0.99885865,
         -0.99999773, -0.98917402],
        [-0.13696149,  0.        ,  0.16656696, ..., -0.98290396,
         -0.99028209, -0.9597537 ],
        [-0.30004545, -0.16656696,  0.        , ..., -0.9385048 ,
         -0.95328298, -0.8995669 ],
        ...,
        [ 0.99885865,  0.98290396,  0.9385048 , ...,  0.        ,
          0.04563404, -0.09933292],
        [ 0.99999773,  0.99028209,  0.95328298, ..., -0.04563404,
          0.        , -0.14463779],
        [ 0.98917402,  0.9597537 ,  0.8995669 , ...,  0.09933292,
          0.14463779,  0.        ]],

       [[ 0.        ,  0.34300826,  0.3092909 , ..., -0.2465834 ,
         -0.04703957, -0.45296244],
        [-0.34300826,  0.        , -0.03566274, ..., -0.56404048,
         -0.38681435, -0.73128431],
        [-0.3092909 ,  0.03566274,  0.        , ..., -0.53423328,
         -0.35368162, -0.70649454],
        ...,
        [ 0.2465834 ,  0.56404048,  0.53423328, ...,  0.        ,
          0.20072338, -0.21913928],
        [ 0.04703957,  0.38681435,  0.35368162, ..., -0.20072338,
          0.        , -0.41052386],
        [ 0.45296244,  0.73128431,  0.70649454, ...,  0.21913928,
          0.41052386,  0.        ]],

       [[ 0.        ,  0.12962326,  0.35278287, ..., -0.90662191,
         -0.82135755, -0.63473818],
        [-0.12962326,  0.        ,  0.2285174 , ..., -0.84427928,
         -0.74048914, -0.52921967],
        [-0.35278287, -0.2285174 ,  0.        , ..., -0.69947625,
         -0.56731636, -0.32132288],
        ...,
        [ 0.90662191,  0.84427928,  0.69947625, ...,  0.        ,
         -0.17058269, -0.43274754],
        [ 0.82135755,  0.74048914,  0.56731636, ...,  0.17058269,
          0.        , -0.27262203],
        [ 0.63473818,  0.52921967,  0.32132288, ...,  0.43274754,
          0.27262203,  0.        ]],

       ...,

       [[ 0.        ,  0.48089572,  0.55593967, ..., -0.09326955,
         -0.14634728, -0.11943331],
        [-0.48089572,  0.        ,  0.08770416, ..., -0.56057611,
         -0.60403209, -0.58217005],
        [-0.55593967, -0.08770416,  0.        , ..., -0.63104404,
         -0.6716012 , -0.65123606],
        ...,
        [ 0.09326955,  0.56057611,  0.63104404, ...,  0.        ,
         -0.053444  , -0.02631074],
        [ 0.14634728,  0.60403209,  0.6716012 , ...,  0.053444  ,
          0.        ,  0.02715236],
        [ 0.11943331,  0.58217005,  0.65123606, ...,  0.02631074,
         -0.02715236,  0.        ]],

       [[ 0.        , -0.29598105, -0.57406423, ..., -0.50206807,
         -0.37883513, -0.        ],
        [ 0.29598105,  0.        , -0.30599028, ..., -0.73554504,
         -0.63578083, -0.29598105],
        [ 0.57406423,  0.30599028,  0.        , ..., -0.90756538,
         -0.84146998, -0.57406423],
        ...,
        [ 0.50206807,  0.73554504,  0.90756538, ...,  0.        ,
         -0.13701875, -0.50206807],
        [ 0.37883513,  0.63578083,  0.84146998, ...,  0.13701875,
          0.        , -0.37883513],
        [ 0.        ,  0.29598105,  0.57406423, ...,  0.50206807,
          0.37883513,  0.        ]],

       [[ 0.        , -0.03307301,  0.02975407, ..., -0.96618166,
         -0.92464151, -0.76412186],
        [ 0.03307301,  0.        ,  0.06279617, ..., -0.97418139,
         -0.93673115, -0.78503832],
        [-0.02975407, -0.06279617,  0.        , ..., -0.95808143,
         -0.91290062, -0.74459003],
        ...,
        [ 0.96618166,  0.97418139,  0.95808143, ...,  0.        ,
         -0.1295291 , -0.4262184 ],
        [ 0.92464151,  0.93673115,  0.91290062, ...,  0.1295291 ,
          0.        , -0.30545312],
        [ 0.76412186,  0.78503832,  0.74459003, ...,  0.4262184 ,
          0.30545312,  0.        ]]]), 'num': array([ 7.24662799e-01,  6.89078804e-01,  3.13515371e-07,  1.27085695e-03,
        1.29325091e-03,  1.25406148e-03,  4.50933637e-03, -5.59848877e-06,
        1.27421604e-03,  1.33747897e-03,  1.42201615e-03,  3.80697236e-07,
        1.44393273e-03,  1.23102521e-03])}
{'img': array([[[ 0.        ,  0.16656696,  0.61998282, ..., -0.99028209,
         -0.9597537 , -0.94275276],
        [-0.16656696,  0.        ,  0.48063075, ..., -0.95328298,
         -0.8995669 , -0.87403381],
        [-0.61998282, -0.48063075,  0.        , ..., -0.69076752,
         -0.57891962, -0.53293871],
        ...,
        [ 0.99028209,  0.95328298,  0.69076752, ...,  0.        ,
         -0.14463779, -0.19913991],
        [ 0.9597537 ,  0.8995669 ,  0.57891962, ...,  0.14463779,
          0.        , -0.05530504],
        [ 0.94275276,  0.87403381,  0.53293871, ...,  0.19913991,
          0.05530504,  0.        ]],

       [[ 0.        , -0.03566274,  0.96206395, ..., -0.38681435,
         -0.73128431, -0.6710369 ],
        [ 0.03566274,  0.        ,  0.97118161, ..., -0.35368162,
         -0.70649454, -0.64416884],
        [-0.96206395, -0.97118161,  0.        , ..., -0.99270685,
         -0.85570956, -0.89637226],
        ...,
        [ 0.38681435,  0.35368162,  0.99270685, ...,  0.        ,
         -0.41052386, -0.33200837],
        [ 0.73128431,  0.70649454,  0.85570956, ...,  0.41052386,
          0.        ,  0.0844957 ],
        [ 0.6710369 ,  0.64416884,  0.89637226, ...,  0.33200837,
         -0.0844957 ,  0.        ]],

       [[ 0.        ,  0.22718758,  0.5264804 , ..., -0.78481766,
         -0.69387328, -0.5264804 ],
        [-0.22718758,  0.        ,  0.31956148, ..., -0.62350125,
         -0.51213207, -0.31956148],
        [-0.5264804 , -0.31956148,  0.        , ..., -0.34096799,
         -0.2108052 , -0.        ],
        ...,
        [ 0.78481766,  0.62350125,  0.34096799, ...,  0.        ,
         -0.13513311, -0.34096799],
        [ 0.69387328,  0.51213207,  0.2108052 , ...,  0.13513311,
          0.        , -0.2108052 ],
        [ 0.5264804 ,  0.31956148,  0.        , ...,  0.34096799,
          0.2108052 ,  0.        ]],

       ...,

       [[ 0.        ,  0.08770416, -0.06222345, ..., -0.60403209,
         -0.58217005, -0.55927604],
        [-0.08770416,  0.        , -0.14951789, ..., -0.6716012 ,
         -0.65123606, -0.62982603],
        [ 0.06222345,  0.14951789,  0.        , ..., -0.55327202,
         -0.53045011, -0.50661021],
        ...,
        [ 0.60403209,  0.6716012 ,  0.55327202, ...,  0.        ,
          0.02715236,  0.0550108 ],
        [ 0.58217005,  0.65123606,  0.53045011, ..., -0.02715236,
          0.        ,  0.02787927],
        [ 0.55927604,  0.62982603,  0.50661021, ..., -0.0550108 ,
         -0.02787927,  0.        ]],

       [[ 0.        , -0.49354739, -0.68223209, ..., -0.60462746,
         -0.49707228, -0.        ],
        [ 0.49354739,  0.        , -0.23250005, ..., -0.91897057,
         -0.86056874, -0.49354739],
        [ 0.68223209,  0.23250005,  0.        , ..., -0.9854683 ,
         -0.9554063 , -0.68223209],
        ...,
        [ 0.60462746,  0.91897057,  0.9854683 , ...,  0.        ,
         -0.12871852, -0.60462746],
        [ 0.49707228,  0.86056874,  0.9554063 , ...,  0.12871852,
          0.        , -0.49707228],
        [ 0.        ,  0.49354739,  0.68223209, ...,  0.60462746,
          0.49707228,  0.        ]],

       [[ 0.        ,  0.06279617,  0.17496876, ..., -0.93673115,
         -0.78503832, -0.8709594 ],
        [-0.06279617,  0.        ,  0.11279596, ..., -0.91290062,
         -0.74459003, -0.83838525],
        [-0.17496876, -0.11279596,  0.        , ..., -0.86103337,
         -0.66454439, -0.7715522 ],
        ...,
        [ 0.93673115,  0.91290062,  0.86103337, ...,  0.        ,
         -0.30545312, -0.15538849],
        [ 0.78503832,  0.74459003,  0.66454439, ...,  0.30545312,
          0.        ,  0.15378088],
        [ 0.8709594 ,  0.83838525,  0.7715522 , ...,  0.15538849,
         -0.15378088,  0.        ]]]), 'num': array([ 9.96092603e-01,  8.76256590e-02,  8.18438688e-06,  1.74369855e-03,
        1.79082554e-03,  1.72798955e-03,  9.71821325e-03, -3.92724898e-05,
        1.78768374e-03,  1.86230147e-03,  1.98744980e-03,  4.44594225e-07,
        2.00558095e-03,  1.71902199e-03])}
{'img': array([[[ 0.        ,  0.48063075, -0.57037256, ..., -0.8995669 ,
         -0.87403381, -0.48063075],
        [-0.48063075,  0.        , -0.89495628, ..., -0.57891962,
         -0.53293871, -0.        ],
        [ 0.57037256,  0.89495628,  0.        , ..., -0.9880208 ,
         -0.99504335, -0.89495628],
        ...,
        [ 0.8995669 ,  0.57891962,  0.9880208 , ...,  0.        ,
         -0.05530504, -0.57891962],
        [ 0.87403381,  0.53293871,  0.99504335, ...,  0.05530504,
          0.        , -0.53293871],
        [ 0.48063075,  0.        ,  0.89495628, ...,  0.57891962,
          0.53293871,  0.        ]],

       [[ 0.        ,  0.97118161,  0.6666312 , ..., -0.70649454,
         -0.64416884, -0.33888331],
        [-0.97118161,  0.        , -0.56502153, ..., -0.85570956,
         -0.89637226, -0.99448493],
        [-0.6666312 ,  0.56502153,  0.        , ..., -0.99839958,
         -0.99005063, -0.87978503],
        ...,
        [ 0.70649454,  0.85570956,  0.99839958, ...,  0.        ,
          0.0844957 ,  0.42485615],
        [ 0.64416884,  0.89637226,  0.99005063, ..., -0.0844957 ,
          0.        ,  0.34684615],
        [ 0.33888331,  0.99448493,  0.87978503, ..., -0.42485615,
         -0.34684615,  0.        ]],

       [[ 0.        ,  0.31956148, -0.04400797, ..., -0.51213207,
