state_0,state_1,state_2,state_3,state_4,state_5,state_6,state_7,state_8,state_9,state_10,state_11,state_12,state_13,state_14,state_15,state_16,state_17,state_18,state_19,state_20,state_21,state_22,state_23,state_24,state_25,state_26,state_27,state_28,state_29,state_30,state_31,state_32,state_33,state_34,state_35,state_36,state_37,state_38,state_39,state_40,state_41,state_42,state_43,state_44,state_45,state_46,state_47,state_48,state_49,state_50,state_51,state_52,state_53,state_54,state_55,state_56,state_57,state_58,state_59,state_60,state_61,state_62,state_63,state_64,state_65,state_66,state_67,state_68,state_69,state_70,state_71,state_72,state_73,state_74,state_75,state_76,state_77,state_78,state_79,state_80,state_81,state_82,state_83,state_84,state_85,state_86,state_87,state_88,state_89,state_90,state_91,state_92,state_93,state_94,state_95,state_96,state_97,state_98,state_99,state_100,state_101,state_102,state_103,state_104,state_105,state_106,state_107,state_108,state_109,state_110,state_111,state_112,state_113,state_114,state_115,state_116,state_117,state_118,state_119,state_120,state_121,state_122,state_123,state_124,state_125,state_126,state_127,state_128,state_129,state_130,state_131,state_132,state_133,state_134,state_135,state_136,state_137,state_138,state_139,state_140,state_141,state_142,state_143,state_144,state_145,state_146,state_147,state_148,state_149,state_150,state_151,state_152,state_153,state_154,state_155,state_156,state_157,state_158,state_159,state_160,state_161,state_162,state_163,state_164,state_165,state_166,state_167,state_168,state_169,state_170,state_171,state_172,state_173,state_174,state_175,state_176,state_177,state_178,state_179,state_180,state_181,state_182,state_183,state_184,state_185,state_186,state_187,state_188,state_189,state_190,state_191,state_192,state_193,state_194,state_195,state_196,state_197,state_198,state_199,state_200,state_201,state_202,state_203,state_204,state_205,state_206,state_207,state_208,state_209,state_210,state_211,state_212,state_213,state_214,state_215,state_216,state_217,state_218,state_219,state_220,state_221,state_222,state_223,state_224,state_225,state_226,state_227,state_228,state_229,state_230,state_231,state_232,state_233,state_234,state_235,state_236,state_237,state_238,state_239,state_240,state_241,state_242,state_243,state_244,state_245,state_246,state_247,state_248,state_249,state_250,state_251,state_252,state_253,state_254,state_255,state_256,state_257,state_258,state_259,state_260,state_261,state_262,state_263,state_264,state_265,state_266,state_267,state_268,state_269,state_270,state_271,state_272,state_273,state_274,state_275,state_276,state_277,state_278,state_279,state_280,state_281,state_282,state_283,state_284,state_285,state_286,state_287
{'img': array([[[ 0.        ,  0.11368749, -0.77597047, ...,  0.5435348 ,
          0.61875657,  0.69970422],
        [-0.11368749,  0.        , -0.84265009, ...,  0.44458306,
          0.52543396,  0.61394568],
        [ 0.77597047,  0.84265009,  0.        , ...,  0.99418427,
          0.99988165,  0.99573053],
        ...,
        [-0.5435348 , -0.44458306, -0.99418427, ...,  0.        ,
          0.09238442,  0.19900337],
        [-0.61875657, -0.52543396, -0.99988165, ..., -0.09238442,
          0.        ,  0.1076157 ],
        [-0.69970422, -0.61394568, -0.99573053, ..., -0.19900337,
         -0.1076157 ,  0.        ]],

       [[ 0.        , -0.0666461 ,  0.80261646, ...,  0.4752658 ,
          0.34910835,  0.16582974],
        [ 0.0666461 ,  0.        ,  0.84058608, ...,  0.53284718,
          0.41078505,  0.23118438],
        [-0.80261646, -0.84058608,  0.        , ..., -0.42268201,
         -0.54387619, -0.69258707],
        ...,
        [-0.4752658 , -0.53284718,  0.42268201, ...,  0.        ,
         -0.13820292, -0.32278144],
        [-0.34910835, -0.41078505,  0.54387619, ...,  0.13820292,
          0.        , -0.18887861],
        [-0.16582974, -0.23118438,  0.69258707, ...,  0.32278144,
          0.18887861,  0.        ]],

       [[ 0.        , -0.15018544, -0.15018544, ...,  0.99384052,
          0.97736345,  0.97229856],
        [ 0.15018544,  0.        ,  0.        , ...,  0.99921174,
          0.99805236,  0.9963753 ],
        [ 0.15018544,  0.        ,  0.        , ...,  0.99921174,
          0.99805236,  0.9963753 ],
        ...,
        [-0.99384052, -0.99921174, -0.99921174, ...,  0.        ,
         -0.10195291, -0.12455276],
        [-0.97736345, -0.99805236, -0.99805236, ...,  0.10195291,
          0.        , -0.02274475],
        [-0.97229856, -0.9963753 , -0.9963753 , ...,  0.12455276,
          0.02274475,  0.        ]],

       ...,

       [[ 0.        , -0.08835128, -0.57413036, ...,  0.05789089,
          0.28359308,  0.47312271],
        [ 0.08835128,  0.        , -0.49954632, ...,  0.1458676 ,
          0.36720804,  0.54910968],
        [ 0.57413036,  0.49954632,  0.        , ...,  0.62056647,
          0.78275505,  0.89318266],
        ...,
        [-0.05789089, -0.1458676 , -0.62056647, ...,  0.        ,
          0.22760331,  0.42132757],
        [-0.28359308, -0.36720804, -0.78275505, ..., -0.22760331,
          0.        ,  0.203854  ],
        [-0.47312271, -0.54910968, -0.89318266, ..., -0.42132757,
         -0.203854  ,  0.        ]],

       [[ 0.        , -0.08823101, -0.06342427, ...,  0.18996256,
          0.16586583,  0.10971548],
        [ 0.08823101,  0.        ,  0.02487645, ...,  0.27584616,
          0.25222782,  0.19698595],
        [ 0.06342427, -0.02487645,  0.        , ...,  0.2518495 ,
          0.22807762,  0.17253596],
        ...,
        [-0.18996256, -0.27584616, -0.2518495 , ...,  0.        ,
         -0.02448563, -0.08109806],
        [-0.16586583, -0.25222782, -0.22807762, ...,  0.02448563,
          0.        , -0.05666877],
        [-0.10971548, -0.19698595, -0.17253596, ...,  0.08109806,
          0.05666877,  0.        ]],

       [[ 0.        , -0.16375461, -0.60286537, ...,  0.99895845,
          0.99915016,  0.88197533],
        [ 0.16375461,  0.        , -0.4640769 , ...,  0.99294559,
          0.97891303,  0.79289281],
        [ 0.60286537,  0.4640769 ,  0.        , ...,  0.82452015,
          0.77231575,  0.41955   ],
        ...,
        [-0.99895845, -0.99294559, -0.82452015, ...,  0.        ,
          0.0867658 ,  0.51104845],
        [-0.99915016, -0.97891303, -0.77231575, ..., -0.0867658 ,
          0.        ,  0.43454144],
        [-0.88197533, -0.79289281, -0.41955   , ..., -0.51104845,
         -0.43454144,  0.        ]]]), 'num': array([ 7.94232355e-01,  6.07605501e-01,  2.40189002e-06,  6.93780127e-04,
        7.14316733e-04,  6.92887231e-04,  2.55073576e-03, -6.25027142e-06,
        6.91101439e-04,  7.22754600e-04,  7.02887665e-04,  2.97631972e-07,
        7.67834703e-04,  6.77674496e-04])}
{'img': array([[[ 0.        , -0.84265009,  0.76125697, ...,  0.52543396,
          0.61394568,  0.52543396],
        [ 0.84265009,  0.        ,  0.95632432, ...,  0.99988165,
          0.99573053,  0.99988165],
        [-0.76125697, -0.95632432,  0.        , ..., -0.30698578,
         -0.2027836 , -0.30698578],
        ...,
        [-0.52543396, -0.99988165,  0.30698578, ...,  0.        ,
          0.1076157 ,  0.        ],
        [-0.61394568, -0.99573053,  0.2027836 , ..., -0.1076157 ,
          0.        , -0.1076157 ],
        [-0.52543396, -0.99988165,  0.30698578, ...,  0.        ,
          0.1076157 ,  0.        ]],

       [[ 0.        ,  0.84058608,  0.64906339, ...,  0.41078505,
          0.23118438,  0.46855445],
        [-0.84058608,  0.        ,  0.99104604, ..., -0.54387619,
         -0.69258707, -0.48879721],
        [-0.64906339, -0.99104604,  0.        , ..., -0.90427029,
         -0.80735013, -0.92985052],
        ...,
        [-0.41078505,  0.54387619,  0.90427029, ...,  0.        ,
         -0.18887861,  0.06429445],
        [-0.23118438,  0.69258707,  0.80735013, ...,  0.18887861,
          0.        ,  0.251625  ],
        [-0.46855445,  0.48879721,  0.92985052, ..., -0.06429445,
         -0.251625  ,  0.        ]],

       [[ 0.        ,  0.        ,  0.72741257, ...,  0.99805236,
          0.9963753 ,  0.99194695],
        [ 0.        ,  0.        ,  0.72741257, ...,  0.99805236,
          0.9963753 ,  0.99194695],
        [-0.72741257, -0.72741257,  0.        , ...,  0.63948656,
          0.62183492,  0.58854461],
        ...,
        [-0.99805236, -0.99805236, -0.63948656, ...,  0.        ,
         -0.02274475, -0.0645279 ],
        [-0.9963753 , -0.9963753 , -0.62183492, ...,  0.02274475,
          0.        , -0.04181386],
        [-0.99194695, -0.99194695, -0.58854461, ...,  0.0645279 ,
          0.04181386,  0.        ]],

       ...,

       [[ 0.        , -0.49954632,  0.8170273 , ...,  0.36720804,
          0.54910968,  0.27918811],
        [ 0.49954632,  0.        ,  0.99581818, ...,  0.78275505,
          0.89318266,  0.72153966],
        [-0.8170273 , -0.99581818,  0.        , ..., -0.54821704,
         -0.36621473, -0.6235598 ],
        ...,
        [-0.36720804, -0.78275505,  0.54821704, ...,  0.        ,
          0.203854  , -0.09292284],
        [-0.54910968, -0.89318266,  0.36621473, ..., -0.203854  ,
          0.        , -0.29394357],
        [-0.27918811, -0.72153966,  0.6235598 , ...,  0.09292284,
          0.29394357,  0.        ]],

       [[ 0.        ,  0.02487645,  0.03727089, ...,  0.25222782,
          0.19698595,  0.22758032],
        [-0.02487645,  0.        ,  0.01240019, ...,  0.22807762,
          0.17253596,  0.20328622],
        [-0.03727089, -0.01240019,  0.        , ...,  0.21598673,
          0.16030847,  0.19112932],
        ...,
        [-0.25222782, -0.22807762, -0.21598673, ...,  0.        ,
         -0.05666877, -0.02538702],
        [-0.19698595, -0.17253596, -0.16030847, ...,  0.05666877,
          0.        ,  0.03130428],
        [-0.22758032, -0.20328622, -0.19112932, ...,  0.02538702,
         -0.03130428,  0.        ]],

       [[ 0.        , -0.4640769 , -0.46310114, ...,  0.97891303,
          0.79289281,  0.97784267],
        [ 0.4640769 ,  0.        ,  0.00110125, ...,  0.77231575,
          0.41955   ,  0.76901766],
        [ 0.46310114, -0.00110125,  0.        , ...,  0.77301484,
          0.42054938,  0.76972115],
        ...,
        [-0.97891303, -0.77231575, -0.77301484, ...,  0.        ,
          0.43454144,  0.0051756 ],
        [-0.79289281, -0.41955   , -0.42054938, ..., -0.43454144,
          0.        , -0.42987421],
        [-0.97784267, -0.76901766, -0.76972115, ..., -0.0051756 ,
          0.42987421,  0.        ]]]), 'num': array([8.22702511e-01, 5.68444721e-01, 3.25971525e-06, 1.52250173e-03,
       1.53226136e-03, 1.51274211e-03, 3.47911165e-03, 5.85577589e-06,
       1.51820750e-03, 1.57383737e-03, 1.53775928e-03, 7.30397854e-07,
       1.67060326e-03, 1.47707147e-03])}
{'img': array([[[ 0.        ,  0.95632432,  1.        , ...,  0.99573053,
          0.99988165,  0.99952652],
        [-0.95632432,  0.        , -0.29230769, ..., -0.2027836 ,
         -0.30698578, -0.26274393],
        [-1.        ,  0.29230769,  0.        , ...,  0.09230769,
         -0.01538462,  0.03076923],
        ...,
        [-0.99573053,  0.2027836 , -0.09230769, ...,  0.        ,
         -0.1076157 , -0.06162612],
        [-0.99988165,  0.30698578,  0.01538462, ...,  0.1076157 ,
          0.        ,  0.04614292],
        [-0.99952652,  0.26274393, -0.03076923, ...,  0.06162612,
         -0.04614292,  0.        ]],

       [[ 0.        ,  0.99104604, -0.18470023, ..., -0.69258707,
         -0.48879721, -0.74173021],
        [-0.99104604,  0.        , -0.99865628, ..., -0.80735013,
         -0.92985052, -0.76372922],
        [ 0.18470023,  0.99865628,  0.        , ..., -0.54744044,
         -0.31925541, -0.60509053],
        ...,
        [ 0.69258707,  0.80735013,  0.54744044, ...,  0.        ,
          0.251625  , -0.07051841],
        [ 0.48879721,  0.92985052,  0.31925541, ..., -0.251625  ,
          0.        , -0.31924804],
        [ 0.74173021,  0.76372922,  0.60509053, ...,  0.07051841,
          0.31924804,  0.        ]],

       [[ 0.        ,  0.72741257,  0.85881412, ...,  0.9963753 ,
          0.99194695,  0.99849623],
        [-0.72741257,  0.        ,  0.21667433, ...,  0.62183492,
          0.58854461,  0.64529143],
        [-0.85881412, -0.21667433,  0.        , ...,  0.43737443,
          0.39938956,  0.46443643],
        ...,
        [-0.9963753 , -0.62183492, -0.43737443, ...,  0.        ,
         -0.04181386,  0.03031653],
        [-0.99194695, -0.58854461, -0.39938956, ...,  0.04181386,
          0.        ,  0.07208466],
        [-0.99849623, -0.64529143, -0.46443643, ..., -0.03031653,
         -0.07208466,  0.        ]],

       ...,

       [[ 0.        ,  0.99581818,  0.97507376, ...,  0.89318266,
          0.72153966,  0.84847201],
        [-0.99581818,  0.        , -0.13187296, ..., -0.36621473,
         -0.6235598 , -0.44951293],
        [-0.97507376,  0.13187296,  0.        , ..., -0.24030465,
         -0.51501895, -0.32778851],
        ...,
        [-0.89318266,  0.36621473,  0.24030465, ...,  0.        ,
         -0.29394357, -0.09115541],
        [-0.72153966,  0.6235598 ,  0.51501895, ...,  0.29394357,
          0.        ,  0.20559137],
        [-0.84847201,  0.44951293,  0.32778851, ...,  0.09115541,
         -0.20559137,  0.        ]],

       [[ 0.        ,  0.01240019, -0.02230356, ...,  0.17253596,
          0.20328622,  0.06178969],
        [-0.01240019,  0.        , -0.03469895, ...,  0.16030847,
          0.19112932,  0.04940844],
        [ 0.02230356,  0.03469895,  0.        , ...,  0.19446212,
          0.2250735 ,  0.08403526],
        ...,
        [-0.17253596, -0.16030847, -0.19446212, ...,  0.        ,
          0.03130428, -0.11134323],
        [-0.20328622, -0.19112932, -0.2250735 , ..., -0.03130428,
          0.        , -0.1423983 ],
        [-0.06178969, -0.04940844, -0.08403526, ...,  0.11134323,
          0.1423983 ,  0.        ]],

       [[ 0.        ,  0.00110125, -0.03042088, ...,  0.41955   ,
          0.76901766,  0.85081584],
        [-0.00110125,  0.        , -0.0315216 , ...,  0.42054938,
          0.76972115,  0.85139399],
        [ 0.03042088,  0.0315216 ,  0.        , ...,  0.39174181,
          0.74921588,  0.83443699],
        ...,
        [-0.41955   , -0.42054938, -0.39174181, ...,  0.        ,
         -0.42987421, -0.55185454],
        [-0.76901766, -0.76972115, -0.74921588, ...,  0.42987421,
          0.        , -0.13977382],
        [-0.85081584, -0.85139399, -0.83443699, ...,  0.55185454,
          0.13977382,  0.        ]]]), 'num': array([ 8.32601336e-01,  5.53844976e-01,  3.60616249e-06,  1.53162835e-03,
        1.55540525e-03,  1.52568413e-03,  3.35149212e-03, -1.38698557e-05,
        1.54193167e-03,  1.59097152e-03,  1.56296762e-03,  5.30235933e-07,
        1.68818962e-03,  1.49375342e-03])}
{'img': array([[[ 0.        , -0.39282503, -0.79670712, ..., -0.41330037,
         -0.35180852, -0.49496782],
        [ 0.39282503,  0.        , -0.49525248, ..., -0.02237208,
          0.04418473, -0.11384885],
        [ 0.79670712,  0.49525248,  0.        , ...,  0.4756928 ,
          0.53315425,  0.39312631],
        ...,
        [ 0.41330037,  0.02237208, -0.4756928 , ...,  0.        ,
          0.06652391, -0.09159373],
        [ 0.35180852, -0.04418473, -0.53315425, ..., -0.06652391,
          0.        , -0.15763511],
        [ 0.49496782,  0.11384885, -0.39312631, ...,  0.09159373,
          0.15763511,  0.        ]],

       [[ 0.        , -0.99865628, -0.90454402, ..., -0.92985052,
         -0.76372922, -0.73943076],
        [ 0.99865628,  0.        , -0.37893109, ..., -0.31925541,
         -0.60509053, -0.63400841],
        [ 0.90454402,  0.37893109,  0.        , ...,  0.06365423,
         -0.25827733, -0.29368985],
        ...,
        [ 0.92985052,  0.31925541, -0.06365423, ...,  0.        ,
         -0.31924804, -0.35394138],
        [ 0.76372922,  0.60509053,  0.25827733, ...,  0.31924804,
          0.        , -0.0368377 ],
        [ 0.73943076,  0.63400841,  0.29368985, ...,  0.35394138,
          0.0368377 ,  0.        ]],

       [[ 0.        ,  0.60828072,  0.71458212, ...,  0.94174674,
          0.96795568,  0.97023821],
        [-0.60828072,  0.        ,  0.1416558 , ...,  0.54290637,
          0.61553559,  0.62280271],
        [-0.71458212, -0.1416558 ,  0.        , ...,  0.4184701 ,
          0.49768829,  0.50569384],
        ...,
        [-0.94174674, -0.54290637, -0.4184701 , ...,  0.        ,
          0.08905318,  0.098267  ],
        [-0.96795568, -0.61553559, -0.49768829, ..., -0.08905318,
          0.        ,  0.00925441],
        [-0.97023821, -0.62280271, -0.50569384, ..., -0.098267  ,
         -0.00925441,  0.        ]],

       ...,

       [[ 0.        , -0.13416839, -0.38238261, ..., -0.63812621,
         -0.45886582, -0.9580467 ],
        [ 0.13416839,  0.        , -0.25495318, ..., -0.52905611,
         -0.33550765, -0.91093028],
        [ 0.38238261,  0.25495318,  0.        , ..., -0.2952227 ,
         -0.08424481, -0.77564356],
        ...,
        [ 0.63812621,  0.52905611,  0.2952227 , ...,  0.        ,
          0.21368331, -0.55473588],
        [ 0.45886582,  0.33550765,  0.08424481, ..., -0.21368331,
          0.        , -0.71971331],
        [ 0.9580467 ,  0.91093028,  0.77564356, ...,  0.55473588,
          0.71971331,  0.        ]],

       [[ 0.        , -0.03469895, -0.13027867, ...,  0.19112932,
          0.04940844, -0.07442912],
        [ 0.03469895,  0.        , -0.095797  , ...,  0.2250735 ,
          0.08403526, -0.03978159],
        [ 0.13027867,  0.095797  ,  0.        , ...,  0.31737737,
          0.17910691,  0.05612253],
        ...,
        [-0.19112932, -0.2250735 , -0.31737737, ...,  0.        ,
         -0.1423983 , -0.26365619],
        [-0.04940844, -0.08403526, -0.17910691, ...,  0.1423983 ,
          0.        , -0.12360961],
        [ 0.07442912,  0.03978159, -0.05612253, ...,  0.26365619,
          0.12360961,  0.        ]],

       [[ 0.        , -0.0315216 , -0.18441726, ...,  0.76972115,
          0.85139399,  0.91768892],
        [ 0.0315216 ,  0.        , -0.15334467, ...,  0.74921588,
          0.83443699,  0.90470937],
        [ 0.18441726,  0.15334467,  0.        , ...,  0.63879059,
          0.74005914,  0.82867984],
        ...,
        [-0.76972115, -0.74921588, -0.63879059, ...,  0.        ,
         -0.13977382, -0.28002452],
        [-0.85139399, -0.83443699, -0.74005914, ...,  0.13977382,
          0.        , -0.14309378],
        [-0.91768892, -0.90470937, -0.82867984, ...,  0.28002452,
          0.14309378,  0.        ]]]), 'num': array([8.61124510e-01, 5.08361466e-01, 4.50527514e-06, 1.59621287e-03,
       1.61252156e-03, 1.56971125e-03, 3.53172800e-03, 2.03858604e-05,
       1.58887396e-03, 1.63137848e-03, 1.60759497e-03, 7.03972157e-07,
       1.72755891e-03, 1.53519804e-03])}
{'img': array([[[ 0.        , -0.49525248, -0.43953472, ...,  0.04418473,
         -0.11384885,  0.10912482],
        [ 0.49525248,  0.        ,  0.06300307, ...,  0.53315425,
          0.39312631,  0.58709695],
        [ 0.43953472, -0.06300307,  0.        , ...,  0.47879332,
          0.33441495,  0.53492855],
        ...,
        [-0.04418473, -0.53315425, -0.47879332, ...,  0.        ,
         -0.15763511,  0.06509738],
        [ 0.11384885, -0.39312631, -0.33441495, ...,  0.15763511,
          0.        ,  0.22158425],
        [-0.10912482, -0.58709695, -0.53492855, ..., -0.06509738,
         -0.22158425,  0.        ]],

       [[ 0.        , -0.37893109, -0.58014673, ..., -0.60509053,
         -0.63400841, -0.62081729],
        [ 0.37893109,  0.        , -0.22823832, ..., -0.25827733,
         -0.29368985, -0.27745475],
        [ 0.58014673,  0.22823832,  0.        , ..., -0.03096579,
         -0.06776481, -0.05085402],
        ...,
        [ 0.60509053,  0.25827733,  0.03096579, ...,  0.        ,
         -0.0368377 , -0.01990391],
        [ 0.63400841,  0.29368985,  0.06776481, ...,  0.0368377 ,
          0.        ,  0.01694   ],
        [ 0.62081729,  0.27745475,  0.05085402, ...,  0.01990391,
         -0.01694   ,  0.        ]],

       [[ 0.        ,  0.20932877,  0.33571374, ...,  0.73634778,
          0.74321811,  0.76322336],
        [-0.20932877,  0.        ,  0.13109593, ...,  0.57840171,
          0.5867011 ,  0.61105981],
        [-0.33571374, -0.13109593,  0.        , ...,  0.46646814,
          0.47547573,  0.50201267],
        ...,
        [-0.73634778, -0.57840171, -0.46646814, ...,  0.        ,
          0.01021088,  0.04061952],
        [-0.74321811, -0.5867011 , -0.47547573, ..., -0.01021088,
          0.        ,  0.03041496],
        [-0.76322336, -0.61105981, -0.50201267, ..., -0.04061952,
         -0.03041496,  0.        ]],

       ...,

       [[ 0.        , -0.25495318, -0.15290938, ..., -0.33550765,
         -0.91093028, -0.47070945],
        [ 0.25495318,  0.        ,  0.10409874, ..., -0.08424481,
         -0.77564356, -0.2302119 ],
        [ 0.15290938, -0.10409874,  0.        , ..., -0.18751578,
         -0.83713359, -0.33026385],
        ...,
        [ 0.33550765,  0.08424481,  0.18751578, ...,  0.        ,
         -0.71971331, -0.14741148],
        [ 0.91093028,  0.77564356,  0.83713359, ...,  0.71971331,
          0.        ,  0.60950706],
        [ 0.47070945,  0.2302119 ,  0.33026385, ...,  0.14741148,
         -0.60950706,  0.        ]],

       [[ 0.        , -0.095797  , -0.20682683, ...,  0.08403526,
         -0.03978159, -0.17675382],
        [ 0.095797  ,  0.        , -0.11214998, ...,  0.17910691,
          0.05612253, -0.08165223],
        [ 0.20682683,  0.11214998,  0.        , ...,  0.28831345,
          0.16774169,  0.03063839],
        ...,
        [-0.08403526, -0.17910691, -0.28831345, ...,  0.        ,
         -0.12360961, -0.25884073],
        [ 0.03978159, -0.05612253, -0.16774169, ...,  0.12360961,
          0.        , -0.13745867],
        [ 0.17675382,  0.08165223, -0.03063839, ...,  0.25884073,
          0.13745867,  0.        ]],

       [[ 0.        , -0.15334467, -0.39174181, ...,  0.83443699,
          0.90470937,  0.91984076],
        [ 0.15334467,  0.        , -0.24601996, ...,  0.74005914,
          0.82867984,  0.84880571],
        [ 0.39174181,  0.24601996,  0.        , ...,  0.55185454,
          0.66550716,  0.69264551],
        ...,
        [-0.83443699, -0.74005914, -0.55185454, ...,  0.        ,
         -0.14309378, -0.17958442],
        [-0.90470937, -0.82867984, -0.66550716, ...,  0.14309378,
          0.        , -0.0369689 ],
        [-0.91984076, -0.84880571, -0.69264551, ...,  0.17958442,
          0.0369689 ,  0.        ]]]), 'num': array([7.70005091e-01, 6.38005936e-01, 1.65412476e-06, 1.45054017e-03,
       1.45054017e-03, 1.41418578e-03, 4.89497324e-03, 2.72657927e-05,
       1.42182021e-03, 1.45190346e-03, 1.43402922e-03, 7.79022650e-07,
       1.53448376e-03, 1.36932316e-03])}
{'img': array([[[ 0.        ,  0.06300307,  0.86622473, ...,  0.39312631,
          0.58709695,  0.80914113],
        [-0.06300307,  0.        ,  0.83302405, ...,  0.33441495,
          0.53492855,  0.77051213],
        [-0.86622473, -0.83302405,  0.        , ..., -0.60005282,
         -0.40787763, -0.104715  ],
        ...,
        [-0.39312631, -0.33441495,  0.60005282, ...,  0.        ,
          0.22158425,  0.51298605],
        [-0.58709695, -0.53492855,  0.40787763, ..., -0.22158425,
          0.        ,  0.31002661],
        [-0.80914113, -0.77051213,  0.104715  , ..., -0.51298605,
         -0.31002661,  0.        ]],

       [[ 0.        , -0.22823832,  0.59836365, ..., -0.29368985,
         -0.27745475,  0.0218457 ],
        [ 0.22823832,  0.        ,  0.76544019, ..., -0.06776481,
         -0.05085402,  0.24945294],
        [-0.59836365, -0.76544019,  0.        , ..., -0.80728782,
         -0.7971747 , -0.58071754],
        ...,
        [ 0.29368985,  0.06776481,  0.80728782, ...,  0.        ,
          0.01694   ,  0.31450208],
        [ 0.27745475,  0.05085402,  0.7971747 , ..., -0.01694   ,
          0.        ,  0.29837654],
        [-0.0218457 , -0.24945294,  0.58071754, ..., -0.31450208,
         -0.29837654,  0.        ]],

       [[ 0.        ,  0.13109593,  0.60705554, ...,  0.5867011 ,
          0.61105981,  0.66485866],
        [-0.13109593,  0.        ,  0.49763985, ...,  0.47547573,
          0.50201267,  0.5611961 ],
        [-0.60705554, -0.49763985,  0.        , ..., -0.0253682 ,
          0.0050487 ,  0.0748844 ],
        ...,
        [-0.5867011 , -0.47547573,  0.0253682 , ...,  0.        ,
          0.03041496,  0.10015727],
        [-0.61105981, -0.50201267, -0.0050487 , ..., -0.03041496,
          0.        ,  0.06984892],
        [-0.66485866, -0.5611961 , -0.0748844 , ..., -0.10015727,
         -0.06984892,  0.        ]],

       ...,

       [[ 0.        ,  0.10409874,  0.38571155, ..., -0.77564356,
         -0.2302119 ,  0.16149471],
        [-0.10409874,  0.        ,  0.28757244, ..., -0.83713359,
         -0.33026385,  0.05788501],
        [-0.38571155, -0.28757244,  0.        , ..., -0.95907383,
         -0.58774951, -0.23165037],
        ...,
        [ 0.77564356,  0.83713359,  0.95907383, ...,  0.        ,
          0.60950706,  0.86739294],
        [ 0.2302119 ,  0.33026385,  0.58774951, ..., -0.60950706,
          0.        ,  0.38434709],
        [-0.16149471, -0.05788501,  0.23165037, ..., -0.86739294,
         -0.38434709,  0.        ]],

       [[ 0.        , -0.11214998, -0.1735934 , ...,  0.05612253,
         -0.08165223, -0.17458517],
        [ 0.11214998,  0.        , -0.062051  , ...,  0.16774169,
          0.03063839, -0.06305618],
        [ 0.1735934 ,  0.062051  ,  0.        , ...,  0.22859024,
          0.09260122, -0.00100715],
        ...,
        [-0.05612253, -0.16774169, -0.22859024, ...,  0.        ,
         -0.13745867, -0.22957061],
        [ 0.08165223, -0.03063839, -0.09260122, ...,  0.13745867,
          0.        , -0.09360399],
        [ 0.17458517,  0.06305618,  0.00100715, ...,  0.22957061,
          0.09360399,  0.        ]],

       [[ 0.        , -0.24601996, -0.03145905, ...,  0.82867984,
          0.84880571,  0.84285459],
        [ 0.24601996,  0.        ,  0.21540604, ...,  0.66550716,
          0.69264551,  0.68455573],
        [ 0.03145905, -0.21540604,  0.        , ...,  0.81066133,
          0.83175303,  0.82550799],
        ...,
        [-0.82867984, -0.66550716, -0.81066133, ...,  0.        ,
         -0.0369689 , -0.0258181 ],
        [-0.84880571, -0.69264551, -0.83175303, ...,  0.0369689 ,
          0.        ,  0.01115613],
        [-0.84285459, -0.68455573, -0.82550799, ...,  0.0258181 ,
         -0.01115613,  0.        ]]]), 'num': array([7.38671255e-01, 6.73517574e-01, 7.62923662e-07, 1.48076547e-03,
       1.48596722e-03, 1.40967486e-03, 2.68862621e-02, 9.70993751e-05,
       1.38297253e-03, 1.38791419e-03, 1.37069061e-03, 1.05813422e-06,
       1.47585971e-03, 1.29996868e-03])}
{'img': array([[[ 0.        ,  0.78671529,  0.86100409, ...,  0.50163503,
          0.72564949,  0.65340405],
        [-0.78671529,  0.        ,  0.13138975, ..., -0.37090383,
         -0.09335585,  0.9989076 ],
        [-0.86100409, -0.13138975,  0.        , ..., -0.48970628,
         -0.22336248,  0.98410816],
        ...,
        [-0.50163503,  0.37090383,  0.48970628, ...,  0.        ,
          0.28258712,  0.94498876],
        [-0.72564949,  0.09335585,  0.22336248, ..., -0.28258712,
          0.        ,  0.9989076 ],
        [-0.65340405, -0.9989076 , -0.98410816, ..., -0.94498876,
         -0.9989076 ,  0.        ]],

       [[ 0.        ,  0.67563436,  0.14816756, ..., -0.04439756,
          0.21713786,  0.43302296],
        [-0.67563436,  0.        , -0.5589423 , ..., -0.70769967,
         -0.49943233,  0.92824575],
        [-0.14816756,  0.5589423 ,  0.        , ..., -0.19192898,
          0.07010872,  0.56179907],
        ...,
        [ 0.04439756,  0.70769967,  0.19192898, ...,  0.        ,
          0.26026203,  0.39257677],
        [-0.21713786,  0.49943233, -0.07010872, ..., -0.26026203,
          0.        ,  0.61841579],
        [-0.43302296, -0.92824575, -0.56179907, ..., -0.39257677,
         -0.61841579,  0.        ]],

       [[ 0.        ,  0.49763985,  0.55296976, ...,  0.50201267,
          0.5611961 ,  0.82413182],
        [-0.49763985,  0.        ,  0.06500281, ...,  0.0050487 ,
          0.0748844 ,  0.43297631],
        [-0.55296976, -0.06500281,  0.        , ..., -0.05996395,
          0.00990573,  0.37346673],
        ...,
        [-0.50201267, -0.0050487 ,  0.05996395, ...,  0.        ,
          0.06984892,  0.42841986],
        [-0.5611961 , -0.0748844 , -0.00990573, ..., -0.06984892,
          0.        ,  0.36425941],
        [-0.82413182, -0.43297631, -0.37346673, ..., -0.42841986,
         -0.36425941,  0.        ]],

       ...,

       [[ 0.        ,  0.28757244,  0.42847745, ..., -0.33026385,
          0.05788501,  0.72578887],
        [-0.28757244,  0.        ,  0.15054129, ..., -0.58774951,
         -0.23165037,  0.49730462],
        [-0.42847745, -0.15054129,  0.        , ..., -0.70284573,
         -0.37545686,  0.36103118],
        ...,
        [ 0.33026385,  0.58774951,  0.70284573, ...,  0.        ,
          0.38434709,  0.91225817],
        [-0.05788501,  0.23165037,  0.37545686, ..., -0.38434709,
          0.        ,  0.68475179],
        [-0.72578887, -0.49730462, -0.36103118, ..., -0.91225817,
         -0.68475179,  0.        ]],

       [[ 0.        , -0.062051  , -0.062051  , ...,  0.03063839,
         -0.06305618,  0.14202603],
        [ 0.062051  ,  0.        ,  0.        , ...,  0.09260122,
         -0.00100715,  0.20317433],
        [ 0.062051  ,  0.        ,  0.        , ...,  0.09260122,
         -0.00100715,  0.20317433],
        ...,
        [-0.03063839, -0.09260122, -0.09260122, ...,  0.        ,
         -0.09360399,  0.11163155],
        [ 0.06305618,  0.00100715,  0.00100715, ...,  0.09360399,
          0.        ,  0.20416037],
        [-0.14202603, -0.20317433, -0.20317433, ..., -0.11163155,
         -0.20416037,  0.        ]],

       [[ 0.        ,  0.21540604,  0.21540604, ...,  0.69264551,
          0.68455573,  0.78593128],
        [-0.21540604,  0.        ,  0.        , ...,  0.83175303,
          0.82550799,  0.90066975],
        [-0.21540604,  0.        ,  0.        , ...,  0.83175303,
          0.82550799,  0.90066975],
        ...,
        [-0.69264551, -0.83175303, -0.83175303, ...,  0.        ,
          0.01115613, -0.13860277],
        [-0.68455573, -0.82550799, -0.82550799, ..., -0.01115613,
          0.        , -0.1496426 ],
        [-0.78593128, -0.90066975, -0.90066975, ...,  0.13860277,
          0.1496426 ,  0.        ]]]), 'num': array([ 7.21302536e-01,  6.92478838e-01,  3.38703859e-07,  1.44118492e-03,
        1.46150715e-03,  1.42424973e-03,  1.34252218e-02, -5.08055789e-06,
        1.37479897e-03,  1.35718636e-03,  1.34132373e-03,  9.74228843e-07,
        1.44808529e-03,  1.26628744e-03])}
{'img': array([[[ 0.        ,  0.13138975,  0.0749798 , ..., -0.09335585,
          0.9989076 ,  0.92746609],
        [-0.13138975,  0.        , -0.05669011, ..., -0.22336248,
          0.98410816,  0.87029811],
        [-0.0749798 ,  0.05669011,  0.        , ..., -0.16774541,
          0.992592  ,  0.89681983],
        ...,
        [ 0.09335585,  0.22336248,  0.16774541, ...,  0.        ,
          0.9989076 ,  0.9583221 ],
        [-0.9989076 , -0.98410816, -0.992592  , ..., -0.9989076 ,
          0.        , -0.33015928],
        [-0.92746609, -0.87029811, -0.89681983, ..., -0.9583221 ,
          0.33015928,  0.        ]],

       [[ 0.        , -0.5589423 , -0.47596516, ..., -0.49943233,
          0.92824575,  0.31912953],
        [ 0.5589423 ,  0.        ,  0.09689628, ...,  0.07010872,
          0.56179907,  0.79434012],
        [ 0.47596516, -0.09689628,  0.        , ..., -0.02687903,
          0.63931527,  0.73174044],
        ...,
        [ 0.49943233, -0.07010872,  0.02687903, ...,  0.        ,
          0.61841579,  0.74979636],
        [-0.92824575, -0.56179907, -0.63931527, ..., -0.61841579,
          0.        , -0.99841462],
        [-0.31912953, -0.79434012, -0.73174044, ..., -0.74979636,
          0.99841462,  0.        ]],

       [[ 0.        ,  0.06500281,  0.20532844, ...,  0.0748844 ,
          0.43297631,  0.72347565],
        [-0.06500281,  0.        ,  0.14127638, ...,  0.00990573,
          0.37346673,  0.67707088],
        [-0.20532844, -0.14127638,  0.        , ..., -0.13146307,
          0.2386668 ,  0.56631218],
        ...,
        [-0.0748844 , -0.00990573,  0.13146307, ...,  0.        ,
          0.36425941,  0.66974785],
        [-0.43297631, -0.37346673, -0.2386668 , ..., -0.36425941,
          0.        ,  0.35323963],
        [-0.72347565, -0.67707088, -0.56631218, ..., -0.66974785,
         -0.35323963,  0.        ]],

       ...,

       [[ 0.        ,  0.15054129,  0.35814341, ..., -0.23165037,
          0.49730462,  0.36156665],
        [-0.15054129,  0.        ,  0.21350653, ..., -0.37545686,
          0.36103118,  0.21708952],
        [-0.35814341, -0.21350653,  0.        , ..., -0.5646858 ,
          0.15360008,  0.00366903],
        ...,
        [ 0.23165037,  0.37545686,  0.5646858 , ...,  0.        ,
          0.68475179,  0.56771007],
        [-0.49730462, -0.36103118, -0.15360008, ..., -0.68475179,
          0.        , -0.14997356],
        [-0.36156665, -0.21708952, -0.00366903, ..., -0.56771007,
          0.14997356,  0.        ]],

       [[ 0.        ,  0.        ,  0.00418156, ..., -0.00100715,
          0.20317433,  0.32224219],
        [ 0.        ,  0.        ,  0.00418156, ..., -0.00100715,
          0.20317433,  0.32224219],
        [-0.00418156, -0.00418156,  0.        , ..., -0.0051887 ,
          0.19907821,  0.31828088],
        ...,
        [ 0.00100715,  0.00100715,  0.0051887 , ...,  0.        ,
          0.20416037,  0.32319546],
        [-0.20317433, -0.20317433, -0.19907821, ..., -0.20416037,
          0.        ,  0.1231846 ],
        [-0.32224219, -0.32224219, -0.31828088, ..., -0.32319546,
         -0.1231846 ,  0.        ]],

       [[ 0.        ,  0.        , -0.01269668, ...,  0.76953754,
          0.85681319,  0.89383007],
        [ 0.        ,  0.        , -0.01269668, ...,  0.76953754,
          0.85681319,  0.89383007],
        [ 0.01269668,  0.01269668,  0.        , ...,  0.76136739,
          0.85019738,  0.88806476],
        ...,
        [-0.76953754, -0.76953754, -0.76136739, ...,  0.        ,
         -0.15036796, -0.22573616],
        [-0.85681319, -0.85681319, -0.85019738, ...,  0.15036796,
          0.        , -0.07668283],
        [-0.89383007, -0.89383007, -0.88806476, ...,  0.22573616,
          0.07668283,  0.        ]]]), 'num': array([ 7.16221204e-01,  6.97830356e-01,  2.18678335e-07,  1.41468061e-03,
        1.43823059e-03,  1.40795205e-03,  6.68869741e-03, -1.68214104e-05,
        1.38843921e-03,  1.34991818e-03,  1.33337713e-03,  1.01688752e-06,
        1.44399484e-03,  1.25584152e-03])}
{'img': array([[[ 0.        , -0.05669011, -0.36725935, ...,  0.98410816,
          0.87029811,  0.62895405],
        [ 0.05669011,  0.        , -0.31394021, ...,  0.992592  ,
          0.89681983,  0.67201588],
        [ 0.36725935,  0.31394021,  0.        , ...,  0.98055156,
          0.99036497,  0.87052487],
        ...,
        [-0.98410816, -0.992592  , -0.98055156, ...,  0.        ,
         -0.33015928, -0.65340405],
        [-0.87029811, -0.89681983, -0.99036497, ...,  0.33015928,
          0.        , -0.3668309 ],
        [-0.62895405, -0.67201588, -0.87052487, ...,  0.65340405,
          0.3668309 ,  0.        ]],

       [[ 0.        ,  0.09689628, -0.14741053, ...,  0.56179907,
          0.79434012,  0.31644981],
        [-0.09689628,  0.        , -0.24255461, ...,  0.63931527,
          0.73174044,  0.22304404],
        [ 0.14741053,  0.24255461,  0.        , ...,  0.43371278,
          0.87521022,  0.45282771],
        ...,
        [-0.56179907, -0.63931527, -0.43371278, ...,  0.        ,
         -0.99841462, -0.79471841],
        [-0.79434012, -0.73174044, -0.87521022, ...,  0.99841462,
          0.        , -0.56128359],
        [-0.31644981, -0.22304404, -0.45282771, ...,  0.79471841,
          0.56128359,  0.        ]],

       [[ 0.        ,  0.14127638,  0.29151813, ...,  0.37346673,
          0.67707088,  0.92454371],
        [-0.14127638,  0.        ,  0.15345417, ...,  0.2386668 ,
          0.56631218,  0.86143368],
        [-0.29151813, -0.15345417,  0.        , ...,  0.0868204 ,
          0.43312913,  0.77329588],
        ...,
        [-0.37346673, -0.2386668 , -0.0868204 , ...,  0.        ,
          0.35323963,  0.71532783],
        [-0.67707088, -0.56631218, -0.43312913, ..., -0.35323963,
          0.        ,  0.42237272],
        [-0.92454371, -0.86143368, -0.77329588, ..., -0.71532783,
         -0.42237272,  0.        ]],

       ...,

       [[ 0.        ,  0.21350653,  0.22168039, ...,  0.36103118,
          0.21708952,  0.33735091],
        [-0.21350653,  0.        ,  0.00837445, ...,  0.15360008,
          0.00366903,  0.12858159],
        [-0.22168039, -0.00837445,  0.        , ...,  0.14531962,
         -0.0047055 ,  0.12027215],
        ...,
        [-0.36103118, -0.15360008, -0.14531962, ...,  0.        ,
         -0.14997356, -0.02526931],
        [-0.21708952, -0.00366903,  0.0047055 , ...,  0.14997356,
          0.        ,  0.12494216],
        [-0.33735091, -0.12858159, -0.12027215, ...,  0.02526931,
         -0.12494216,  0.        ]],

       [[ 0.        ,  0.00418156, -0.05672547, ...,  0.20317433,
          0.32224219,  0.42811613],
        [-0.00418156,  0.        , -0.0608998 , ...,  0.19907821,
          0.31828088,  0.42433341],
        [ 0.05672547,  0.0608998 ,  0.        , ...,  0.2583895 ,
          0.3754229 ,  0.47869093],
        ...,
        [-0.20317433, -0.19907821, -0.2583895 , ...,  0.        ,
          0.1231846 ,  0.23557327],
        [-0.32224219, -0.31828088, -0.3754229 , ..., -0.1231846 ,
          0.        ,  0.11406132],
        [-0.42811613, -0.42433341, -0.47869093, ..., -0.23557327,
         -0.11406132,  0.        ]],

       [[ 0.        , -0.01269668,  0.07873402, ...,  0.85681319,
          0.89383007,  0.91202672],
        [ 0.01269668,  0.        ,  0.09138494, ...,  0.85019738,
          0.88806476,  0.90674591],
        [-0.07873402, -0.09138494,  0.        , ...,  0.89475074,
          0.92636011,  0.94148672],
        ...,
        [-0.85681319, -0.85019738, -0.89475074, ...,  0.        ,
         -0.07668283, -0.11886009],
        [-0.89383007, -0.88806476, -0.92636011, ...,  0.07668283,
          0.        , -0.04237088],
        [-0.91202672, -0.90674591, -0.94148672, ...,  0.11886009,
          0.04237088,  0.        ]]]), 'num': array([7.10616720e-01, 7.03532390e-01, 8.34432325e-08, 1.41686609e-03,
       1.42354155e-03, 1.38515766e-03, 7.14025410e-03, 1.33509172e-05,
       1.39950990e-03, 1.34009831e-03, 1.32393814e-03, 1.12233588e-06,
       1.43586265e-03, 1.24433398e-03])}
{'img': array([[[ 0.        , -0.31394021,  0.20986791, ...,  0.89681983,
          0.67201588,  0.84854133],
        [ 0.31394021,  0.        ,  0.50620625, ...,  0.99036497,
          0.87052487,  0.97175632],
        [-0.20986791, -0.50620625,  0.        , ...,  0.78400271,
          0.50163503,  0.71859689],
        ...,
        [-0.89681983, -0.99036497, -0.78400271, ...,  0.        ,
         -0.3668309 , -0.0991422 ],
        [-0.67201588, -0.87052487, -0.50163503, ...,  0.3668309 ,
          0.        ,  0.27279287],
        [-0.84854133, -0.97175632, -0.71859689, ...,  0.0991422 ,
         -0.27279287,  0.        ]],

       [[ 0.        , -0.24255461,  0.12926454, ...,  0.73174044,
          0.22304404,  0.27340244],
