state_0,state_1,state_2,state_3,state_4,state_5,state_6,state_7,state_8,state_9,state_10,state_11,state_12,state_13,state_14,state_15,state_16,state_17,state_18,state_19,state_20,state_21,state_22,state_23,state_24,state_25,state_26,state_27,state_28,state_29,state_30,state_31,state_32,state_33,state_34,state_35,state_36,state_37,state_38,state_39,state_40,state_41,state_42,state_43,state_44,state_45,state_46,state_47,state_48,state_49,state_50,state_51,state_52,state_53,state_54,state_55,state_56,state_57,state_58,state_59,state_60,state_61,state_62,state_63,state_64,state_65,state_66,state_67,state_68,state_69,state_70,state_71,state_72,state_73,state_74,state_75,state_76,state_77,state_78,state_79,state_80,state_81,state_82,state_83,state_84,state_85,state_86,state_87,state_88,state_89,state_90,state_91,state_92,state_93,state_94,state_95,state_96,state_97,state_98,state_99,state_100,state_101,state_102,state_103,state_104,state_105,state_106,state_107,state_108,state_109,state_110,state_111,state_112,state_113,state_114,state_115,state_116,state_117,state_118,state_119,state_120,state_121,state_122,state_123,state_124,state_125,state_126,state_127,state_128,state_129,state_130,state_131,state_132,state_133,state_134,state_135,state_136,state_137,state_138,state_139,state_140,state_141,state_142,state_143,state_144,state_145,state_146,state_147,state_148,state_149,state_150,state_151,state_152,state_153,state_154,state_155,state_156,state_157,state_158,state_159,state_160,state_161,state_162,state_163,state_164,state_165,state_166,state_167,state_168,state_169,state_170,state_171,state_172,state_173,state_174,state_175,state_176,state_177,state_178,state_179,state_180,state_181,state_182,state_183,state_184,state_185,state_186,state_187,state_188,state_189,state_190,state_191,state_192,state_193,state_194,state_195,state_196,state_197,state_198,state_199,state_200,state_201,state_202,state_203,state_204,state_205,state_206,state_207,state_208,state_209,state_210,state_211,state_212,state_213,state_214,state_215,state_216,state_217,state_218,state_219,state_220,state_221,state_222,state_223,state_224,state_225,state_226,state_227,state_228,state_229,state_230,state_231,state_232,state_233,state_234,state_235,state_236,state_237,state_238,state_239,state_240,state_241,state_242,state_243,state_244,state_245,state_246,state_247,state_248,state_249,state_250,state_251,state_252,state_253,state_254,state_255,state_256,state_257,state_258,state_259,state_260,state_261,state_262,state_263,state_264,state_265,state_266,state_267,state_268,state_269,state_270,state_271,state_272,state_273,state_274,state_275,state_276,state_277,state_278,state_279,state_280,state_281,state_282,state_283,state_284,state_285,state_286,state_287
{'img': array([[[ 0.        ,  0.68200953,  0.99988861, ...,  0.96323599,
          0.99191991,  0.99930361],
        [-0.68200953,  0.        ,  0.74144107, ...,  0.88768261,
          0.81195756,  0.7562821 ],
        [-0.99988861, -0.74144107,  0.        , ...,  0.25425013,
          0.11204677,  0.0223943 ],
        ...,
        [-0.96323599, -0.88768261, -0.25425013, ...,  0.        ,
         -0.14428436, -0.23252799],
        [-0.99191991, -0.81195756, -0.11204677, ...,  0.14428436,
          0.        , -0.08976539],
        [-0.99930361, -0.7562821 , -0.0223943 , ...,  0.23252799,
          0.08976539,  0.        ]],

       [[ 0.        ,  0.44777983,  0.77328485, ..., -0.39006672,
         -0.05706716, -0.03456522],
        [-0.44777983,  0.        ,  0.97534663, ..., -0.76108542,
         -0.49807635, -0.47841854],
        [-0.77328485, -0.97534663,  0.        , ..., -0.4647051 ,
         -0.73584073, -0.75090639],
        ...,
        [ 0.39006672,  0.76108542,  0.4647051 , ...,  0.        ,
          0.33688437,  0.35800644],
        [ 0.05706716,  0.49807635,  0.73584073, ..., -0.33688437,
          0.        ,  0.02252416],
        [ 0.03456522,  0.47841854,  0.75090639, ..., -0.35800644,
         -0.02252416,  0.        ]],

       [[ 0.        ,  0.35975395,  0.68110168, ...,  0.91614004,
          0.92488065,  0.94199663],
        [-0.35975395,  0.        ,  0.3720922 , ...,  0.99901229,
          0.99975646,  0.99966879],
        [-0.68110168, -0.3720922 ,  0.        , ...,  0.94381282,
          0.93618132,  0.91831235],
        ...,
        [-0.91614004, -0.99901229, -0.94381282, ...,  0.        ,
         -0.02237702, -0.07013019],
        [-0.92488065, -0.99975646, -0.93618132, ...,  0.02237702,
          0.        , -0.04779071],
        [-0.94199663, -0.99966879, -0.91831235, ...,  0.07013019,
          0.04779071,  0.        ]],

       ...,

       [[ 0.        ,  0.18873491,  0.58199442, ...,  0.18093914,
          0.04246875, -0.08008452],
        [-0.18873491,  0.        ,  0.41805699, ..., -0.0079324 ,
         -0.14685913, -0.26677396],
        [-0.58199442, -0.41805699,  0.        , ..., -0.42524979,
         -0.54693406, -0.64524925],
        ...,
        [-0.18093914,  0.0079324 ,  0.42524979, ...,  0.        ,
         -0.13900812, -0.25912064],
        [-0.04246875,  0.14685913,  0.54693406, ...,  0.13900812,
          0.        , -0.12234462],
        [ 0.08008452,  0.26677396,  0.64524925, ...,  0.25912064,
          0.12234462,  0.        ]],

       [[ 0.        ,  0.17833834,  0.71529386, ...,  0.92791058,
          0.95373437,  0.95127508],
        [-0.17833834,  0.        ,  0.57920007, ...,  0.9795205 ,
          0.99206279,  0.99101487],
        [-0.71529386, -0.57920007,  0.        , ...,  0.91510957,
          0.88154577,  0.88532988],
        ...,
        [-0.92791058, -0.9795205 , -0.91510957, ...,  0.        ,
         -0.07657803, -0.06852283],
        [-0.95373437, -0.99206279, -0.88154577, ...,  0.07657803,
          0.        ,  0.00807642],
        [-0.95127508, -0.99101487, -0.88532988, ...,  0.06852283,
         -0.00807642,  0.        ]],

       [[ 0.        ,  0.00559807, -0.22514501, ...,  0.97244826,
          0.96036936,  0.98285907],
        [-0.00559807,  0.        , -0.23059583, ...,  0.97373804,
          0.96191467,  0.98387572],
        [ 0.22514501,  0.23059583,  0.        , ...,  0.89499537,
          0.87295736,  0.91611703],
        ...,
        [-0.97244826, -0.97373804, -0.89499537, ...,  0.        ,
          0.0471708 , -0.04984387],
        [-0.96036936, -0.96191467, -0.87295736, ..., -0.0471708 ,
          0.        , -0.09690056],
        [-0.98285907, -0.98387572, -0.91611703, ...,  0.04984387,
          0.09690056,  0.        ]]]), 'num': array([9.98483233e-01, 5.48265537e-02, 7.48933837e-07, 1.75727492e-03,
       1.77401088e-03, 1.74890695e-03, 2.84452602e-04, 8.36797583e-06,
       1.77401088e-03, 1.78168152e-03, 1.79848721e-03, 6.84804409e-08,
       1.82092585e-03, 1.74243719e-03])}
{'img': array([[[ 0.        ,  0.99044184,  0.99966552, ...,  0.99996284,
          0.99370043,  0.99817759],
        [-0.99044184,  0.        ,  0.16349977, ...,  0.12938762,
          0.02606434,  0.07791163],
        [-0.99966552, -0.16349977,  0.        , ..., -0.03447891,
         -0.13773063, -0.08613958],
        ...,
        [-0.99996284, -0.12938762,  0.03447891, ...,  0.        ,
         -0.10349842, -0.05173761],
        [-0.99370043, -0.02606434,  0.13773063, ...,  0.10349842,
          0.        ,  0.05190005],
        [-0.99817759, -0.07791163,  0.08613958, ...,  0.05173761,
         -0.05190005,  0.        ]],

       [[ 0.        ,  0.97534663,  0.52962701, ..., -0.49807635,
         -0.47841854, -0.57986371],
        [-0.97534663,  0.        , -0.94419614, ..., -0.73584073,
         -0.75090639, -0.66666467],
        [-0.52962701,  0.94419614,  0.        , ..., -0.88174077,
         -0.87089166, -0.92335244],
        ...,
        [ 0.49807635,  0.73584073,  0.88174077, ...,  0.        ,
          0.02252416, -0.09702954],
        [ 0.47841854,  0.75090639,  0.87089166, ..., -0.02252416,
          0.        , -0.1194228 ],
        [ 0.57986371,  0.66666467,  0.92335244, ...,  0.09702954,
          0.1194228 ,  0.        ]],

       [[ 0.        ,  0.61028138,  0.83475492, ...,  0.93341747,
          0.94988123,  0.96673696],
        [-0.61028138,  0.        ,  0.32524594, ...,  0.95840325,
          0.94326208,  0.92192754],
        [-0.83475492, -0.32524594,  0.        , ...,  0.81346343,
          0.78397877,  0.7458138 ],
        ...,
        [-0.93341747, -0.95840325, -0.81346343, ...,  0.        ,
         -0.04901338, -0.10811501],
        [-0.94988123, -0.94326208, -0.78397877, ...,  0.04901338,
          0.        , -0.05925898],
        [-0.96673696, -0.92192754, -0.7458138 , ...,  0.10811501,
          0.05925898,  0.        ]],

       ...,

       [[ 0.        ,  0.41805699,  0.38945779, ..., -0.14685913,
         -0.26677396, -0.21704787],
        [-0.41805699,  0.        , -0.03125745, ..., -0.54693406,
         -0.64524925, -0.60526171],
        [-0.38945779,  0.03125745,  0.        , ..., -0.52049883,
         -0.62105414, -0.5800842 ],
        ...,
        [ 0.14685913,  0.54693406,  0.52049883, ...,  0.        ,
         -0.12234462, -0.07133636],
        [ 0.26677396,  0.64524925,  0.62105414, ...,  0.12234462,
          0.        ,  0.05123246],
        [ 0.21704787,  0.60526171,  0.5800842 , ...,  0.07133636,
         -0.05123246,  0.        ]],

       [[ 0.        ,  0.70162078,  0.89195273, ...,  0.95549734,
          0.95306847,  0.97272969],
        [-0.70162078,  0.        ,  0.31833853, ...,  0.88781808,
          0.89152854,  0.85585418],
        [-0.89195273, -0.31833853,  0.        , ...,  0.69513354,
          0.70095257,  0.64668   ],
        ...,
        [-0.95549734, -0.88781808, -0.69513354, ...,  0.        ,
          0.00812651, -0.06533531],
        [-0.95306847, -0.89152854, -0.70095257, ..., -0.00812651,
          0.        , -0.0734423 ],
        [-0.97272969, -0.85585418, -0.64668   , ...,  0.06533531,
          0.0734423 ,  0.        ]],

       [[ 0.        , -0.23059583, -0.47281085, ...,  0.96191467,
          0.98387572,  0.97667403],
        [ 0.23059583,  0.        , -0.25687569, ...,  0.87295736,
          0.91611703,  0.90083706],
        [ 0.47281085,  0.25687569,  0.        , ...,  0.71836172,
          0.78239195,  0.75908451],
        ...,
        [-0.96191467, -0.87295736, -0.71836172, ...,  0.        ,
         -0.09690056, -0.06042435],
        [-0.98387572, -0.91611703, -0.78239195, ...,  0.09690056,
          0.        ,  0.0365835 ],
        [-0.97667403, -0.90083706, -0.75908451, ...,  0.06042435,
         -0.0365835 ,  0.        ]]]), 'num': array([ 7.06610556e-01,  7.06610556e-01,  0.00000000e+00,  1.26706208e-02,
        1.32489479e-02,  1.26706208e-02,  3.22747526e-03, -5.78327092e-04,
        1.31858577e-02,  1.33830147e-02,  1.35691308e-02,  3.22738791e-07,
        1.38103381e-02,  1.29556912e-02])}
{'img': array([[[ 0.        ,  0.2291472 ,  0.11202504, ...,  0.03809888,
          0.11202504, -0.87553976],
        [-0.2291472 ,  0.        , -0.11866056, ..., -0.1918957 ,
         -0.11866056, -0.96295478],
        [-0.11202504,  0.11866056,  0.        , ..., -0.07408464,
          0.        , -0.92415303],
        ...,
        [-0.03809888,  0.1918957 ,  0.07408464, ...,  0.        ,
          0.07408464, -0.89331143],
        [-0.11202504,  0.11866056,  0.        , ..., -0.07408464,
          0.        , -0.92415303],
        [ 0.87553976,  0.96295478,  0.92415303, ...,  0.89331143,
          0.92415303,  0.        ]],

       [[ 0.        , -0.94419614, -0.97261091, ..., -0.75090639,
         -0.66666467, -0.8962487 ],
        [ 0.94419614,  0.        , -0.53983048, ..., -0.87089166,
         -0.92335244, -0.71400972],
        [ 0.97261091,  0.53983048,  0.        , ..., -0.46778053,
         -0.56998406, -0.22308   ],
        ...,
        [ 0.75090639,  0.87089166,  0.46778053, ...,  0.        ,
         -0.1194228 ,  0.25882445],
        [ 0.66666467,  0.92335244,  0.56998406, ...,  0.1194228 ,
          0.        ,  0.37232557],
        [ 0.8962487 ,  0.71400972,  0.22308   , ..., -0.25882445,
         -0.37232557,  0.        ]],

       [[ 0.        ,  0.68299167,  0.89255349, ...,  0.97249976,
          0.98553453,  0.99996022],
        [-0.68299167,  0.        ,  0.34395512, ...,  0.86941067,
          0.83561004,  0.72430501],
        [-0.89255349, -0.34395512,  0.        , ...,  0.64641969,
          0.59568371,  0.44296226],
        ...,
        [-0.97249976, -0.86941067, -0.64641969, ...,  0.        ,
         -0.06472067, -0.24156903],
        [-0.98553453, -0.83561004, -0.59568371, ...,  0.06472067,
          0.        , -0.17825868],
        [-0.99996022, -0.72430501, -0.44296226, ...,  0.24156903,
          0.17825868,  0.        ]],

       ...,

       [[ 0.        , -0.03125745, -0.11580667, ..., -0.64524925,
         -0.60526171, -0.98588521],
        [ 0.03125745,  0.        , -0.08470294, ..., -0.62105414,
         -0.5800842 , -0.98017027],
        [ 0.11580667,  0.08470294,  0.        , ..., -0.5524348 ,
         -0.50900419, -0.95986329],
        ...,
        [ 0.64524925,  0.62105414,  0.5524348 , ...,  0.        ,
          0.05123246, -0.64515948],
        [ 0.60526171,  0.5800842 ,  0.50900419, ..., -0.05123246,
          0.        , -0.68345628],
        [ 0.98588521,  0.98017027,  0.95986329, ...,  0.64515948,
          0.68345628,  0.        ]],

       [[ 0.        ,  0.71817103,  0.86981989, ...,  0.98260212,
          0.99467886,  0.98239497],
        [-0.71817103,  0.        ,  0.25095504, ...,  0.81714098,
          0.76615273,  0.81778153],
        [-0.86981989, -0.25095504,  0.        , ...,  0.64633146,
          0.58035649,  0.64717964],
        ...,
        [-0.98260212, -0.81714098, -0.64633146, ...,  0.        ,
         -0.08350318,  0.00111209],
        [-0.99467886, -0.76615273, -0.58035649, ...,  0.08350318,
          0.        ,  0.08461133],
        [-0.98239497, -0.81778153, -0.64717964, ..., -0.00111209,
         -0.08461133,  0.        ]],

       [[ 0.        , -0.25687569, -0.46642468, ...,  0.91611703,
          0.90083706,  0.99124992],
        [ 0.25687569,  0.        , -0.22355135, ...,  0.78239195,
          0.75908451,  0.92408078],
        [ 0.46642468,  0.22355135,  0.        , ...,  0.62336657,
          0.59434356,  0.81525358],
        ...,
        [-0.91611703, -0.78239195, -0.62336657, ...,  0.        ,
          0.0365835 , -0.27647687],
        [-0.90083706, -0.75908451, -0.59434356, ..., -0.0365835 ,
          0.        , -0.31144929],
        [-0.99124992, -0.92408078, -0.81525358, ...,  0.27647687,
          0.31144929,  0.        ]]]), 'num': array([7.06620827e-01, 7.06620827e-01, 0.00000000e+00, 1.27023506e-02,
       1.28075025e-02, 1.24710164e-02, 2.27130226e-03, 3.15455726e-05,
       1.30241154e-02, 1.33400969e-02, 1.35617922e-02, 3.29888341e-07,
       1.38512812e-02, 1.28289126e-02])}
{'img': array([[[ 0.        , -0.11866056, -0.21668068, ..., -0.11866056,
         -0.96295478, -0.86107143],
        [ 0.11866056,  0.        , -0.09930832, ...,  0.        ,
         -0.92415303, -0.79465086],
        [ 0.21668068,  0.09930832,  0.        , ...,  0.09930832,
         -0.88164667, -0.73043589],
        ...,
        [ 0.11866056,  0.        , -0.09930832, ...,  0.        ,
         -0.92415303, -0.79465086],
        [ 0.96295478,  0.92415303,  0.88164667, ...,  0.92415303,
          0.        ,  0.25744807],
        [ 0.86107143,  0.79465086,  0.73043589, ...,  0.79465086,
         -0.25744807,  0.        ]],

       [[ 0.        , -0.75390444, -0.99833618, ..., -0.99965406,
         -0.90764537, -0.99939945],
        [ 0.75390444,  0.        , -0.69936241, ..., -0.67658558,
         -0.27986632, -0.63046547],
        [ 0.99833618,  0.69936241,  0.        , ...,  0.03138409,
          0.47137589,  0.09222113],
        ...,
        [ 0.99965406,  0.67658558, -0.03138409, ...,  0.        ,
          0.44346504,  0.06092535],
        [ 0.90764537,  0.27986632, -0.47137589, ..., -0.44346504,
          0.        , -0.38803434],
        [ 0.99939945,  0.63046547, -0.09222113, ..., -0.06092535,
          0.38803434,  0.        ]],

       [[ 0.        ,  0.73600514,  0.93174406, ...,  0.99919601,
          0.98610994,  0.93951887],
        [-0.73600514,  0.        ,  0.3635133 , ...,  0.70593931,
          0.54532672,  0.38395202],
        [-0.93174406, -0.3635133 ,  0.        , ...,  0.4001789 ,
          0.20331496,  0.02203437],
        ...,
        [-0.99919601, -0.70593931, -0.4001789 , ...,  0.        ,
         -0.20549515, -0.37988862],
        [-0.98610994, -0.54532672, -0.20331496, ...,  0.20549515,
          0.        , -0.18169145],
        [-0.93951887, -0.38395202, -0.02203437, ...,  0.37988862,
          0.18169145,  0.        ]],

       ...,

       [[ 0.        , -0.08470294, -0.25669823, ..., -0.5800842 ,
         -0.98017027, -0.97104001],
        [ 0.08470294,  0.        , -0.17391104, ..., -0.50900419,
         -0.95986329, -0.94731336],
        [ 0.25669823,  0.17391104,  0.        , ..., -0.35155129,
         -0.89645976, -0.87717245],
        ...,
        [ 0.5800842 ,  0.50900419,  0.35155129, ...,  0.        ,
         -0.68345628, -0.65237502],
        [ 0.98017027,  0.95986329,  0.89645976, ...,  0.68345628,
          0.        ,  0.04176082],
        [ 0.97104001,  0.94731336,  0.87717245, ...,  0.65237502,
         -0.04176082,  0.        ]],

       [[ 0.        ,  0.64853211,  0.81501303, ...,  0.99832599,
          0.99915993,  0.99590705],
        [-0.64853211,  0.        ,  0.24459042, ...,  0.72240338,
          0.78712526,  0.81668827],
        [-0.81501303, -0.24459042,  0.        , ...,  0.53133405,
          0.61235579,  0.65073456],
        ...,
        [-0.99832599, -0.72240338, -0.53133405, ...,  0.        ,
          0.0987015 ,  0.14783309],
        [-0.99915993, -0.78712526, -0.61235579, ..., -0.0987015 ,
          0.        ,  0.04949423],
        [-0.99590705, -0.81668827, -0.65073456, ..., -0.14783309,
         -0.04949423,  0.        ]],

       [[ 0.        , -0.22355135, -0.43189949, ...,  0.75908451,
          0.92408078,  0.97428631],
        [ 0.22355135,  0.        , -0.21934323, ...,  0.59434356,
          0.81525358,  0.89926008],
        [ 0.43189949,  0.21934323,  0.        , ...,  0.40347167,
          0.66837776,  0.7814172 ],
        ...,
        [-0.75908451, -0.59434356, -0.40347167, ...,  0.        ,
         -0.31144929, -0.46322067],
        [-0.92408078, -0.81525358, -0.66837776, ...,  0.31144929,
          0.        , -0.16416161],
        [-0.97428631, -0.89926008, -0.7814172 , ...,  0.46322067,
          0.16416161,  0.        ]]]), 'num': array([ 7.06626200e-01,  7.06626200e-01,  0.00000000e+00,  1.23554432e-02,
        1.27024472e-02,  1.22818363e-02,  3.85649661e-03, -3.47003938e-04,
        1.28328365e-02,  1.32907766e-02,  1.35452461e-02,  3.14475390e-07,
        1.39582263e-02,  1.26233269e-02])}
{'img': array([[[ 0.        , -0.07881792, -0.05900362, ..., -0.57119514,
         -0.53770833, -0.98317014],
        [ 0.07881792,  0.        ,  0.01986054, ..., -0.50472329,
         -0.46958171, -0.9657121 ],
        [ 0.05900362, -0.01986054,  0.        , ..., -0.52176897,
         -0.48702374, -0.97067772],
        ...,
        [ 0.57119514,  0.50472329,  0.52176897, ...,  0.        ,
          0.0402336 , -0.70264715],
        [ 0.53770833,  0.46958171,  0.48702374, ..., -0.0402336 ,
          0.        , -0.73070597],
        [ 0.98317014,  0.9657121 ,  0.97067772, ...,  0.70264715,
          0.73070597,  0.        ]],

       [[ 0.        , -0.69936241, -0.78680261, ..., -0.27986632,
         -0.63046547, -0.04759871],
        [ 0.69936241,  0.        , -0.13073098, ...,  0.47137589,
          0.09222113,  0.66454771],
        [ 0.78680261,  0.13073098,  0.        , ...,  0.58262637,
          0.22160355,  0.75653266],
        ...,
        [ 0.27986632, -0.47137589, -0.58262637, ...,  0.        ,
         -0.38803434,  0.23385249],
        [ 0.63046547, -0.09222113, -0.22160355, ...,  0.38803434,
          0.        ,  0.59280392],
        [ 0.04759871, -0.66454771, -0.75653266, ..., -0.23385249,
         -0.59280392,  0.        ]],

       [[ 0.        ,  0.78007737,  0.93887351, ...,  0.92051366,
          0.79917916,  0.5272233 ],
        [-0.78007737,  0.        ,  0.31888603, ...,  0.27116547,
          0.0311339 , -0.33297794],
        [-0.93887351, -0.31888603,  0.        , ..., -0.04992948,
         -0.28922295, -0.61628286],
        ...,
        [-0.92051366, -0.27116547,  0.04992948, ...,  0.        ,
         -0.24106663, -0.57619349],
        [-0.79917916, -0.0311339 ,  0.28922295, ...,  0.24106663,
          0.        , -0.36217375],
        [-0.5272233 ,  0.33297794,  0.61628286, ...,  0.57619349,
          0.36217375,  0.        ]],

       ...,

       [[ 0.        , -0.17391104,  0.13514083, ..., -0.95986329,
         -0.94731336, -0.97331075],
        [ 0.17391104,  0.        ,  0.30539712, ..., -0.89645976,
         -0.87717245, -0.91856779],
        [-0.13514083, -0.30539712,  0.        , ..., -0.98896061,
         -0.98190981, -0.99539561],
        ...,
        [ 0.95986329,  0.89645976,  0.98896061, ...,  0.        ,
          0.04176082, -0.05270269],
        [ 0.94731336,  0.87717245,  0.98190981, ..., -0.04176082,
          0.        , -0.09435949],
        [ 0.97331075,  0.91856779,  0.99539561, ...,  0.05270269,
          0.09435949,  0.        ]],

       [[ 0.        ,  0.60842525,  0.78786843, ...,  0.99602628,
          0.99945672,  0.99346282],
        [-0.60842525,  0.        ,  0.2505664 , ...,  0.73627138,
          0.77312725,  0.85787871],
        [-0.78786843, -0.2505664 ,  0.        , ...,  0.54322902,
          0.58954206,  0.70175777],
        ...,
        [-0.99602628, -0.73627138, -0.54322902, ...,  0.        ,
          0.05618386,  0.20218014],
        [-0.99945672, -0.77312725, -0.58954206, ..., -0.05618386,
          0.        ,  0.14683722],
        [-0.99346282, -0.85787871, -0.70175777, ..., -0.20218014,
         -0.14683722,  0.        ]],

       [[ 0.        , -0.21934323, -0.04144483, ...,  0.81525358,
          0.89926008,  0.97518112],
        [ 0.21934323,  0.        ,  0.17871921, ...,  0.66837776,
          0.7814172 ,  0.90286879],
        [ 0.04144483, -0.17871921,  0.        , ...,  0.79055224,
          0.88035886,  0.965167  ],
        ...,
        [-0.81525358, -0.66837776, -0.79055224, ...,  0.        ,
         -0.16416161, -0.38422725],
        [-0.89926008, -0.7814172 , -0.88035886, ...,  0.16416161,
          0.        , -0.22745428],
        [-0.97518112, -0.90286879, -0.965167  , ...,  0.38422725,
          0.22745428,  0.        ]]]), 'num': array([ 7.06636545e-01,  7.06636545e-01,  0.00000000e+00,  1.22294390e-02,
        1.24397475e-02,  1.21032539e-02,  2.96942977e-03, -1.26185097e-04,
        1.26416437e-02,  1.32389198e-02,  1.35284445e-02,  2.40352566e-07,
        1.40512934e-02,  1.24265462e-02])}
{'img': array([[[ 0.        ,  0.01848924,  0.155088  , ..., -0.42602728,
         -0.78781583, -0.98160772],
        [-0.01848924,  0.        ,  0.13679596, ..., -0.44268186,
         -0.79906889, -0.98496969],
        [-0.155088  , -0.13679596,  0.        , ..., -0.56118235,
         -0.87380417, -0.99933862],
        ...,
        [ 0.42602728,  0.44268186,  0.56118235, ...,  0.        ,
         -0.45035027, -0.80673815],
        [ 0.78781583,  0.79906889,  0.87380417, ...,  0.45035027,
          0.        , -0.45418167],
        [ 0.98160772,  0.98496969,  0.99933862, ...,  0.80673815,
          0.45418167,  0.        ]],

       [[ 0.        , -0.13073098,  0.24201934, ...,  0.09222113,
          0.66454771,  0.38042983],
        [ 0.13073098,  0.        ,  0.36678683, ...,  0.22160355,
          0.75653266,  0.49806622],
        [-0.24201934, -0.36678683,  0.        , ..., -0.15150846,
          0.46394371,  0.14529833],
        ...,
        [-0.09222113, -0.22160355,  0.15150846, ...,  0.        ,
          0.59280392,  0.29352164],
        [-0.66454771, -0.75653266, -0.46394371, ..., -0.59280392,
          0.        , -0.33030562],
        [-0.38042983, -0.49806622, -0.14529833, ..., -0.29352164,
          0.33030562,  0.        ]],

       [[ 0.        ,  0.29231272,  0.33835207, ...,  0.02779768,
         -0.28234058, -0.83550742],
        [-0.29231272,  0.        ,  0.04850179, ..., -0.26561621,
         -0.55042848, -0.95963453],
        [-0.33835207, -0.04850179,  0.        , ..., -0.31206316,
         -0.59027397, -0.97214626],
        ...,
        [-0.02779768,  0.26561621,  0.31206316, ...,  0.        ,
         -0.30889818, -0.8504588 ],
        [ 0.28234058,  0.55042848,  0.59027397, ...,  0.30889818,
          0.        , -0.64637389],
        [ 0.83550742,  0.95963453,  0.97214626, ...,  0.8504588 ,
          0.64637389,  0.        ]],

       ...,

       [[ 0.        ,  0.29182488,  0.38290062, ..., -0.81279657,
         -0.85013765, -0.99531784],
        [-0.29182488,  0.        ,  0.09664887, ..., -0.94741886,
         -0.96679612, -0.92378677],
        [-0.38290062, -0.09664887,  0.        , ..., -0.97391082,
         -0.98696862, -0.88245454],
        ...,
        [ 0.81279657,  0.94741886,  0.97391082, ...,  0.        ,
         -0.06725909, -0.65838177],
        [ 0.85013765,  0.96679612,  0.98696862, ...,  0.06725909,
          0.        , -0.60626604],
        [ 0.99531784,  0.92378677,  0.88245454, ...,  0.65838177,
          0.60626604,  0.        ]],

       [[ 0.        ,  0.59762347,  0.81506582, ...,  0.98840818,
          0.99992529,  0.98794527],
        [-0.59762347,  0.        ,  0.30725681, ...,  0.70175172,
          0.80902183,  0.88462593],
        [-0.81506582, -0.30725681,  0.        , ...,  0.44890924,
          0.58928775,  0.69855932],
        ...,
        [-0.98840818, -0.70175172, -0.44890924, ...,  0.        ,
          0.16388998,  0.30299882],
        [-0.99992529, -0.80902183, -0.58928775, ..., -0.16388998,
          0.        ,  0.14271619],
        [-0.98794527, -0.88462593, -0.69855932, ..., -0.30299882,
         -0.14271619,  0.        ]],

       [[ 0.        ,  0.17871921,  0.21456039, ...,  0.7814172 ,
          0.90286879,  0.96976194],
        [-0.17871921,  0.        ,  0.03654903, ...,  0.88035886,
          0.965167  ,  0.99776582],
        [-0.21456039, -0.03654903,  0.        , ...,  0.89710617,
          0.97408462,  0.99954096],
        ...,
        [-0.7814172 , -0.88035886, -0.89710617, ...,  0.        ,
         -0.22745428, -0.41443306],
        [-0.90286879, -0.965167  , -0.97408462, ...,  0.22745428,
          0.        , -0.19656871],
        [-0.96976194, -0.99776582, -0.99954096, ...,  0.41443306,
          0.19656871,  0.        ]]]), 'num': array([7.50852025e-01, 6.59338408e-01, 7.81499720e-08, 1.30733739e-02,
       1.32408381e-02, 1.29840596e-02, 2.87773875e-03, 8.93142537e-05,
       1.32229753e-02, 1.40050332e-02, 1.43481488e-02, 1.93666111e-07,
       1.49675335e-02, 1.30425329e-02])}
{'img': array([[[ 0.        ,  0.13679596,  0.10063571, ..., -0.79906889,
         -0.98496969, -0.84866876],
        [-0.13679596,  0.        , -0.03641183, ..., -0.87380417,
         -0.99933862, -0.9130454 ],
        [-0.10063571,  0.03641183,  0.        , ..., -0.85551845,
         -0.99735187, -0.89758907],
        ...,
        [ 0.79906889,  0.87380417,  0.85551845, ...,  0.        ,
         -0.45418167, -0.0876059 ],
        [ 0.98496969,  0.99933862,  0.99735187, ...,  0.45418167,
          0.        ,  0.37438655],
        [ 0.84866876,  0.9130454 ,  0.89758907, ...,  0.0876059 ,
         -0.37438655,  0.        ]],

       [[ 0.        ,  0.36678683, -0.22171936, ...,  0.75653266,
          0.49806622,  0.40449385],
        [-0.36678683,  0.        , -0.56392433, ...,  0.46394371,
          0.14529833,  0.04086116],
        [ 0.22171936,  0.56392433,  0.        , ...,  0.88269764,
          0.67793111,  0.59719759],
        ...,
        [-0.75653266, -0.46394371, -0.88269764, ...,  0.        ,
         -0.33030562, -0.42735877],
        [-0.49806622, -0.14529833, -0.67793111, ...,  0.33030562,
          0.        , -0.10474945],
        [-0.40449385, -0.04086116, -0.59719759, ...,  0.42735877,
          0.10474945,  0.        ]],

       [[ 0.        ,  0.04234161,  0.0306069 , ..., -0.4528003 ,
         -0.69313421, -0.9889587 ],
        [-0.04234161,  0.        , -0.01174232, ..., -0.49014651,
         -0.7230328 , -0.99434646],
        [-0.0306069 ,  0.01174232,  0.        , ..., -0.47987764,
         -0.7148712 , -0.99303105],
        ...,
        [ 0.4528003 ,  0.49014651,  0.47987764, ...,  0.        ,
         -0.29162443, -0.81466632],
        [ 0.69313421,  0.7230328 ,  0.7148712 , ...,  0.29162443,
          0.        , -0.61013338],
        [ 0.9889587 ,  0.99434646,  0.99303105, ...,  0.81466632,
          0.61013338,  0.        ]],

       ...,

       [[ 0.        ,  0.09165949,  0.18386158, ..., -0.91949506,
         -0.99413374, -0.90348151],
        [-0.09165949,  0.        ,  0.09299071, ..., -0.95165584,
         -0.99986253, -0.86039048],
        [-0.18386158, -0.09299071,  0.        , ..., -0.97609591,
         -0.99707196, -0.80927104],
        ...,
        [ 0.91949506,  0.95165584,  0.97609591, ...,  0.        ,
         -0.29134494, -0.74928047],
        [ 0.99413374,  0.99986253,  0.99707196, ...,  0.29134494,
          0.        , -0.52383123],
        [ 0.90348151,  0.86039048,  0.80927104, ...,  0.74928047,
          0.52383123,  0.        ]],

       [[ 0.        ,  0.65787959,  0.82976201, ...,  0.99533808,
          0.99808738,  0.99003808],
        [-0.65787959,  0.        ,  0.25773892, ...,  0.6861613 ,
          0.79235212,  0.83824994],
        [-0.82976201, -0.25773892,  0.        , ...,  0.47548703,
          0.60834494,  0.66938785],
        ...,
        [-0.99533808, -0.6861613 , -0.47548703, ...,  0.        ,
          0.15779377,  0.23563016],
        [-0.99808738, -0.79235212, -0.60834494, ..., -0.15779377,
          0.        ,  0.07932746],
        [-0.99003808, -0.83824994, -0.66938785, ..., -0.23563016,
         -0.07932746,  0.        ]],

       [[ 0.        ,  0.12017882,  0.28152949, ...,  0.90505722,
          0.97128522,  0.99470166],
        [-0.12017882,  0.        ,  0.16417114, ...,  0.94960843,
          0.99283832,  0.99984715],
        [-0.28152949, -0.16417114,  0.        , ...,  0.98818161,
          0.9989802 ,  0.98341083],
        ...,
        [-0.90505722, -0.94960843, -0.98818161, ...,  0.        ,
         -0.19774823, -0.32999319],
        [-0.97128522, -0.99283832, -0.9989802 , ...,  0.19774823,
          0.        , -0.13680574],
        [-0.99470166, -0.99984715, -0.98341083, ...,  0.32999319,
          0.13680574,  0.        ]]]), 'num': array([ 7.37524884e-01,  6.74267046e-01,  5.49113181e-08,  1.26515677e-02,
        1.28053194e-02,  1.25856741e-02,  2.64976762e-03, -2.08663009e-04,
        1.28909810e-02,  1.37157490e-02,  1.40955523e-02,  1.81260662e-07,
        1.47801769e-02,  1.26513212e-02])}
{'img': array([[[ 0.        , -0.03462717, -0.11248118, ..., -0.910217  ,
         -0.84256366, -0.99991567],
        [ 0.03462717,  0.        , -0.07800631, ..., -0.89533094,
         -0.82340829, -0.99976572],
        [ 0.11248118,  0.07800631,  0.        , ..., -0.85785862,
         -0.77663462, -0.99503085],
        ...,
        [ 0.910217  ,  0.89533094,  0.85785862, ...,  0.        ,
          0.14130768, -0.42591771],
        [ 0.84256366,  0.82340829,  0.77663462, ..., -0.14130768,
          0.        , -0.54949374],
        [ 0.99991567,  0.99976572,  0.99503085, ...,  0.42591771,
          0.54949374,  0.        ]],

       [[ 0.        , -0.56392433, -0.87284873, ...,  0.14529833,
          0.04086116, -0.03254637],
        [ 0.56392433,  0.        , -0.44563166, ...,  0.67793111,
          0.59719759,  0.53674792],
        [ 0.87284873,  0.44563166,  0.        , ...,  0.93449023,
          0.89205963,  0.85650399],
        ...,
        [-0.14529833, -0.67793111, -0.93449023, ...,  0.        ,
         -0.10474945, -0.17742235],
        [-0.04086116, -0.59719759, -0.89205963, ...,  0.10474945,
          0.        , -0.07335871],
        [ 0.03254637, -0.53674792, -0.85650399, ...,  0.17742235,
          0.07335871,  0.        ]],

       [[ 0.        , -0.01100113, -0.01980569, ..., -0.65700417,
         -0.86318627, -0.99912774],
        [ 0.01100113,  0.        , -0.00880551, ..., -0.6486708 ,
         -0.85757972, -0.99860789],
        [ 0.01980569,  0.00880551,  0.        , ..., -0.64194405,
         -0.85301735, -0.99810471],
        ...,
        [ 0.65700417,  0.6486708 ,  0.64194405, ...,  0.        ,
         -0.31903291, -0.72579402],
        [ 0.86318627,  0.85757972,  0.85301735, ...,  0.31903291,
          0.        , -0.46840007],
        [ 0.99912774,  0.99860789,  0.99810471, ...,  0.72579402,
          0.46840007,  0.        ]],

       ...,

       [[ 0.        ,  0.09232011,  0.05389051, ..., -0.9988203 ,
         -0.94632151, -0.85711485],
        [-0.09232011,  0.        , -0.03852559, ..., -0.99903772,
         -0.91243979, -0.80589801],
        [-0.05389051,  0.03852559,  0.        , ..., -0.99998575,
         -0.9275275 , -0.82810897],
        ...,
        [ 0.9988203 ,  0.99903772,  0.99998575, ...,  0.        ,
         -0.36879824, -0.55613853],
        [ 0.94632151,  0.91243979,  0.9275275 , ...,  0.36879824,
          0.        , -0.21043165],
        [ 0.85711485,  0.80589801,  0.82810897, ...,  0.55613853,
          0.21043165,  0.        ]],

       [[ 0.        ,  0.62884175,  0.79790422, ...,  0.99752612,
          0.99980384,  0.99211851],
        [-0.62884175,  0.        ,  0.2413412 , ...,  0.73140423,
          0.78983582,  0.85020102],
        [-0.79790422, -0.2413412 ,  0.        , ...,  0.54520293,
          0.61846955,  0.6980133 ],
        ...,
        [-0.99752612, -0.73140423, -0.54520293, ...,  0.        ,
          0.09004032,  0.19473588],
        [-0.99980384, -0.78983582, -0.61846955, ..., -0.09004032,
          0.        ,  0.10562832],
        [-0.99211851, -0.85020102, -0.6980133 , ..., -0.19473588,
         -0.10562832,  0.        ]],

       [[ 0.        ,  0.25598948,  0.31803798, ...,  0.97195997,
          0.9950335 ,  0.99796887],
        [-0.25598948,  0.        ,  0.06474283, ...,  0.99976884,
          0.9873599 ,  0.94840871],
        [-0.31803798, -0.06474283,  0.        , ...,  0.99627932,
          0.97502704,  0.92589219],
        ...,
        [-0.97195997, -0.99976884, -0.99627932, ...,  0.        ,
         -0.13722901, -0.29658594],
        [-0.9950335 , -0.9873599 , -0.97502704, ...,  0.13722901,
          0.        , -0.1627255 ],
        [-0.99796887, -0.94840871, -0.92589219, ...,  0.29658594,
          0.1627255 ,  0.        ]]]), 'num': array([ 7.69194269e-01,  6.37814249e-01,  1.14642251e-07,  1.31380019e-02,
        1.33672864e-02,  1.31150735e-02,  2.36487474e-03, -6.87853505e-05,
        1.33145510e-02,  1.42391408e-02,  1.46906402e-02,  1.94891826e-07,
        1.54465033e-02,  1.30317782e-02])}
{'img': array([[[ 0.        , -0.07593786,  0.00843904, ..., -0.79161473,
         -0.95068424, -0.9999911 ],
        [ 0.07593786,  0.        ,  0.08434983, ..., -0.74292939,
         -0.92438628, -0.99742409],
        [-0.00843904, -0.08434983,  0.        , ..., -0.79674297,
         -0.95326785, -0.99991988],
        ...,
        [ 0.79161473,  0.74292939,  0.79674297, ...,  0.        ,
         -0.33536009, -0.61435526],
        [ 0.95068424,  0.92438628,  0.95326785, ...,  0.33536009,
          0.        , -0.31416895],
        [ 0.9999911 ,  0.99742409,  0.99991988, ...,  0.61435526,
          0.31416895,  0.        ]],

       [[ 0.        , -0.44563166,  0.05294581, ...,  0.59719759,
          0.53674792,  0.38765562],
        [ 0.44563166,  0.        ,  0.49240457, ...,  0.89205963,
          0.85650399,  0.75782084],
        [-0.05294581, -0.49240457,  0.        , ...,  0.55389242,
          0.49132243,  0.33830622],
        ...,
        [-0.59719759, -0.89205963, -0.55389242, ...,  0.        ,
         -0.07335871, -0.23956298],
        [-0.53674792, -0.85650399, -0.49132243, ...,  0.07335871,
          0.        , -0.16769494],
        [-0.38765562, -0.75782084, -0.33830622, ...,  0.23956298,
          0.16769494,  0.        ]],

       [[ 0.        , -0.00823082,  0.02058132, ..., -0.77259919,
         -0.87937699, -0.99989627],
        [ 0.00823082,  0.        ,  0.0288097 , ..., -0.76734733,
         -0.87542829, -0.99998095],
        [-0.02058132, -0.0288097 ,  0.        , ..., -0.7855025 ,
         -0.88899002, -0.99938803],
        ...,
        [ 0.77259919,  0.76734733,  0.7855025 , ...,  0.        ,
         -0.19045656, -0.64595619],
        [ 0.87937699,  0.87542829,  0.88899002, ...,  0.19045656,
          0.        , -0.48874269],
        [ 0.99989627,  0.99998095,  0.99938803, ...,  0.64595619,
          0.48874269,  0.        ]],

       ...,

       [[ 0.        , -0.03852559,  0.13680852, ..., -0.91243979,
         -0.80589801, -0.89104474],
        [ 0.03852559,  0.        ,  0.17487031, ..., -0.9275275 ,
         -0.82810897, -0.9078706 ],
        [-0.13680852, -0.17487031,  0.        , ..., -0.84787703,
         -0.71732248, -0.8205672 ],
        ...,
        [ 0.91243979,  0.9275275 ,  0.84787703, ...,  0.        ,
         -0.21043165, -0.04954525],
        [ 0.80589801,  0.82810897,  0.71732248, ...,  0.21043165,
          0.        ,  0.16173735],
        [ 0.89104474,  0.9078706 ,  0.8205672 , ...,  0.04954525,
         -0.16173735,  0.        ]],

       [[ 0.        ,  0.59546632,  0.80675391, ...,  0.99469485,
          0.99987469,  0.99868169],
        [-0.59546632,  0.        ,  0.29627653, ...,  0.73786287,
          0.81270623,  0.8328871 ],
        [-0.80675391, -0.29627653,  0.        , ...,  0.50476241,
          0.60358498,  0.63152014],
        ...,
        [-0.99469485, -0.73786287, -0.50476241, ...,  0.        ,
          0.11860335,  0.1537927 ],
        [-0.99987469, -0.81270623, -0.60358498, ..., -0.11860335,
          0.        ,  0.03551485],
        [-0.99868169, -0.8328871 , -0.63152014, ..., -0.1537927 ,
         -0.03551485,  0.        ]],

       [[ 0.        ,  0.1935863 ,  0.26551608, ...,  0.99644172,
          0.9966549 ,  0.97142314],
        [-0.1935863 ,  0.        ,  0.07385558, ...,  0.99390863,
          0.96198055,  0.90709843],
        [-0.26551608, -0.07385558,  0.        , ...,  0.98305479,
          0.93918204,  0.87353391],
        ...,
        [-0.99644172, -0.99390863, -0.98305479, ...,  0.        ,
         -0.16543708, -0.31838577],
        [-0.9966549 , -0.96198055, -0.93918204, ...,  0.16543708,
          0.        , -0.15717058],
        [-0.97142314, -0.90709843, -0.87353391, ...,  0.31838577,
          0.15717058,  0.        ]]]), 'num': array([7.24992565e-01, 6.87774672e-01, 3.24197676e-08, 1.24059644e-02,
       1.25248369e-02, 1.24059644e-02, 1.54875714e-03, 2.16131784e-05,
       1.24924171e-02, 1.33488393e-02, 1.38268508e-02, 1.83712017e-07,
       1.45484948e-02, 1.21491838e-02])}
{'img': array([[[ 0.        ,  0.08434983,  0.1179466 , ..., -0.92438628,
         -0.99742409, -0.96746699],
        [-0.08434983,  0.        ,  0.0337652 , ..., -0.95326785,
         -0.99991988, -0.98535941],
        [-0.1179466 , -0.0337652 ,  0.        , ..., -0.96292565,
         -0.99892231, -0.99055418],
        ...,
        [ 0.92438628,  0.95326785,  0.96292565, ...,  0.        ,
         -0.31416895, -0.13518055],
        [ 0.99742409,  0.99991988,  0.99892231, ...,  0.31416895,
          0.        ,  0.18294923],
        [ 0.96746699,  0.98535941,  0.99055418, ...,  0.13518055,
         -0.18294923,  0.        ]],

       [[ 0.        ,  0.49240457,  0.40938684, ...,  0.85650399,
          0.75782084,  0.44049241],
