state_0,state_1,state_2,state_3,state_4,state_5,state_6,state_7,state_8,state_9,state_10,state_11,state_12,state_13,state_14,state_15,state_16,state_17,state_18,state_19,state_20,state_21,state_22,state_23,state_24,state_25,state_26,state_27,state_28,state_29,state_30,state_31,state_32,state_33,state_34,state_35,state_36,state_37,state_38,state_39,state_40,state_41,state_42,state_43,state_44,state_45,state_46,state_47,state_48,state_49,state_50,state_51,state_52,state_53,state_54,state_55,state_56,state_57,state_58,state_59,state_60,state_61,state_62,state_63,state_64,state_65,state_66,state_67,state_68,state_69,state_70,state_71,state_72,state_73,state_74,state_75,state_76,state_77,state_78,state_79,state_80,state_81,state_82,state_83,state_84,state_85,state_86,state_87,state_88,state_89,state_90,state_91,state_92,state_93,state_94,state_95,state_96,state_97,state_98,state_99,state_100,state_101,state_102,state_103,state_104,state_105,state_106,state_107,state_108,state_109,state_110,state_111,state_112,state_113,state_114,state_115,state_116,state_117,state_118,state_119,state_120,state_121,state_122,state_123,state_124,state_125,state_126,state_127,state_128,state_129,state_130,state_131,state_132,state_133,state_134,state_135,state_136,state_137,state_138,state_139,state_140,state_141,state_142,state_143,state_144,state_145,state_146,state_147,state_148,state_149,state_150,state_151,state_152,state_153,state_154,state_155,state_156,state_157,state_158,state_159,state_160,state_161,state_162,state_163,state_164,state_165,state_166,state_167,state_168,state_169,state_170,state_171,state_172,state_173,state_174,state_175,state_176,state_177,state_178,state_179,state_180,state_181,state_182,state_183,state_184,state_185,state_186,state_187,state_188,state_189,state_190,state_191,state_192,state_193,state_194,state_195,state_196,state_197,state_198,state_199,state_200,state_201,state_202,state_203,state_204,state_205,state_206,state_207,state_208,state_209,state_210,state_211,state_212,state_213,state_214,state_215,state_216,state_217,state_218,state_219,state_220,state_221,state_222,state_223,state_224,state_225,state_226,state_227,state_228,state_229,state_230,state_231,state_232,state_233,state_234,state_235,state_236,state_237,state_238,state_239,state_240,state_241,state_242,state_243,state_244,state_245,state_246,state_247,state_248,state_249,state_250,state_251,state_252,state_253,state_254,state_255,state_256,state_257,state_258,state_259,state_260,state_261,state_262,state_263,state_264,state_265,state_266,state_267,state_268,state_269,state_270,state_271,state_272,state_273,state_274,state_275,state_276,state_277,state_278,state_279,state_280,state_281,state_282,state_283,state_284,state_285,state_286,state_287
{'img': array([[[ 0.        , -0.45904693, -0.03885969, ...,  0.94158868,
          0.93863849,  0.83402935],
        [ 0.45904693,  0.        ,  0.42417679, ...,  0.9911097 ,
          0.99222418,  0.99422711],
        [ 0.03885969, -0.42417679,  0.        , ...,  0.95396407,
          0.95133232,  0.85483905],
        ...,
        [-0.94158868, -0.9911097 , -0.95396407, ...,  0.        ,
         -0.00865566, -0.23862139],
        [-0.93863849, -0.99222418, -0.95133232, ...,  0.00865566,
          0.        , -0.23020683],
        [-0.83402935, -0.99422711, -0.85483905, ...,  0.23862139,
          0.23020683,  0.        ]],

       [[ 0.        ,  0.14360946, -0.2350616 , ...,  0.03074084,
          0.04927545,  0.09095814],
        [-0.14360946,  0.        , -0.37221064, ..., -0.11311939,
         -0.09467032, -0.05299885],
        [ 0.2350616 ,  0.37221064,  0.        , ...,  0.26483001,
          0.28267083,  0.32249674],
        ...,
        [-0.03074084,  0.11311939, -0.26483001, ...,  0.        ,
          0.01854866,  0.06030173],
        [-0.04927545,  0.09467032, -0.28267083, ..., -0.01854866,
          0.        ,  0.04177646],
        [-0.09095814,  0.05299885, -0.32249674, ..., -0.06030173,
         -0.04177646,  0.        ]],

       [[ 0.        , -0.1384689 , -0.26287808, ...,  0.99512002,
          0.97488953,  0.91970566],
        [ 0.1384689 ,  0.        , -0.1267469 , ...,  0.9991968 ,
          0.99633371,  0.96521001],
        [ 0.26287808,  0.1267469 ,  0.        , ...,  0.98605939,
          0.99914181,  0.99056694],
        ...,
        [-0.99512002, -0.9991968 , -0.98605939, ...,  0.        ,
         -0.12540813, -0.29994358],
        [-0.97488953, -0.99633371, -0.99914181, ...,  0.12540813,
          0.        , -0.17794164],
        [-0.91970566, -0.96521001, -0.99056694, ...,  0.29994358,
          0.17794164,  0.        ]],

       ...,

       [[ 0.        , -0.6970087 , -0.54826267, ...,  0.07705203,
          0.08271805, -0.30349924],
        [ 0.6970087 ,  0.        ,  0.189774  , ...,  0.75018768,
          0.75393407,  0.446504  ],
        [ 0.54826267, -0.189774  ,  0.        , ...,  0.61107182,
          0.61556138,  0.26858375],
        ...,
        [-0.07705203, -0.75018768, -0.61107182, ...,  0.        ,
          0.00568415, -0.37601458],
        [-0.08271805, -0.75393407, -0.61556138, ..., -0.00568415,
          0.        , -0.38127552],
        [ 0.30349924, -0.446504  , -0.26858375, ...,  0.37601458,
          0.38127552,  0.        ]],

       [[ 0.        , -0.07229242, -0.11999653, ...,  0.97882368,
          0.9834926 ,  0.99060918],
        [ 0.07229242,  0.        , -0.0479125 , ...,  0.9910612 ,
          0.99400046,  0.99790134],
        [ 0.11999653,  0.0479125 ,  0.        , ...,  0.99631491,
          0.99809936,  0.99985775],
        ...,
        [-0.97882368, -0.9910612 , -0.99631491, ...,  0.        ,
          0.02420948,  0.06895416],
        [-0.9834926 , -0.99400046, -0.99809936, ..., -0.02420948,
          0.        ,  0.04478209],
        [-0.99060918, -0.99790134, -0.99985775, ..., -0.06895416,
         -0.04478209,  0.        ]],

       [[ 0.        ,  0.1523454 ,  0.23956583, ...,  0.94092298,
          0.97216669,  0.99776492],
        [-0.1523454 ,  0.        ,  0.08886033, ...,  0.98152718,
          0.99651194,  0.99629832],
        [-0.23956583, -0.08886033,  0.        , ...,  0.99464535,
          0.99998526,  0.98471836],
        ...,
        [-0.94092298, -0.98152718, -0.99464535, ...,  0.        ,
         -0.10874664, -0.27498963],
        [-0.97216669, -0.99651194, -0.99998526, ...,  0.10874664,
          0.        , -0.16880465],
        [-0.99776492, -0.99629832, -0.98471836, ...,  0.27498963,
          0.16880465,  0.        ]]]), 'num': array([7.78999573e-01, 6.27014930e-01, 2.19314058e-06, 1.04816995e-03,
       1.07237012e-03, 1.02699480e-03, 1.59813398e-03, 2.26876612e-05,
       1.06027003e-03, 1.12205610e-03, 1.08073935e-03, 4.65830306e-07,
       1.20991865e-03, 1.03419354e-03])}
{'img': array([[[ 0.00000000e+00,  4.24176793e-01,  4.24176793e-01, ...,
          9.92224185e-01,  9.94227106e-01,  9.99769724e-01],
        [-4.24176793e-01,  0.00000000e+00,  0.00000000e+00, ...,
          9.51332317e-01,  8.54839054e-01,  9.14473372e-01],
        [-4.24176793e-01,  0.00000000e+00,  0.00000000e+00, ...,
          9.51332317e-01,  8.54839054e-01,  9.14473372e-01],
        ...,
        [-9.92224185e-01, -9.51332317e-01, -9.51332317e-01, ...,
          0.00000000e+00, -2.30206827e-01, -1.03142494e-01],
        [-9.94227106e-01, -8.54839054e-01, -8.54839054e-01, ...,
          2.30206827e-01,  0.00000000e+00,  1.28606775e-01],
        [-9.99769724e-01, -9.14473372e-01, -9.14473372e-01, ...,
          1.03142494e-01, -1.28606775e-01,  0.00000000e+00]],

       [[ 0.00000000e+00, -3.72210643e-01, -6.56652288e-01, ...,
         -9.46703249e-02, -5.29988509e-02, -9.55545605e-02],
        [ 3.72210643e-01,  0.00000000e+00, -3.28751862e-01, ...,
          2.82670826e-01,  3.22496736e-01,  2.81818678e-01],
        [ 6.56652288e-01,  3.28751862e-01,  0.00000000e+00, ...,
          5.82303312e-01,  6.15758025e-01,  5.81580950e-01],
        ...,
        [ 9.46703249e-02, -2.82670826e-01, -5.82303312e-01, ...,
          0.00000000e+00,  4.17764566e-02, -8.88262410e-04],
        [ 5.29988509e-02, -3.22496736e-01, -6.15758025e-01, ...,
         -4.17764566e-02,  0.00000000e+00, -4.26639271e-02],
        [ 9.55545605e-02, -2.81818678e-01, -5.81580950e-01, ...,
          8.88262410e-04,  4.26639271e-02,  0.00000000e+00]],

       [[ 0.00000000e+00, -1.26746905e-01, -3.30758017e-01, ...,
          9.96333712e-01,  9.65210012e-01,  9.34335074e-01],
        [ 1.26746905e-01,  0.00000000e+00, -2.08477452e-01, ...,
          9.99141813e-01,  9.90566938e-01,  9.71971811e-01],
        [ 3.30758017e-01,  2.08477452e-01,  0.00000000e+00, ...,
          9.68552655e-01,  9.97368987e-01,  9.99627355e-01],
        ...,
        [-9.96333712e-01, -9.99141813e-01, -9.68552655e-01, ...,
          0.00000000e+00, -1.77941644e-01, -2.75154982e-01],
        [-9.65210012e-01, -9.90566938e-01, -9.97368987e-01, ...,
          1.77941644e-01,  0.00000000e+00, -9.96907197e-02],
        [-9.34335074e-01, -9.71971811e-01, -9.99627355e-01, ...,
          2.75154982e-01,  9.96907197e-02,  0.00000000e+00]],

       ...,

       [[ 0.00000000e+00,  1.89774000e-01, -1.92349703e-01, ...,
          7.53934070e-01,  4.46503997e-01,  4.58727713e-01],
        [-1.89774000e-01,  0.00000000e+00, -3.75084530e-01, ...,
          6.15561384e-01,  2.68583746e-01,  2.81762831e-01],
        [ 1.92349703e-01,  3.75084530e-01,  0.00000000e+00, ...,
          8.66219595e-01,  6.10277162e-01,  6.21079136e-01],
        ...,
        [-7.53934070e-01, -6.15561384e-01, -8.66219595e-01, ...,
          0.00000000e+00, -3.81275523e-01, -3.68567178e-01],
        [-4.46503997e-01, -2.68583746e-01, -6.10277162e-01, ...,
          3.81275523e-01,  0.00000000e+00,  1.37080031e-02],
        [-4.58727713e-01, -2.81762831e-01, -6.21079136e-01, ...,
          3.68567178e-01, -1.37080031e-02,  0.00000000e+00]],

       [[ 0.00000000e+00, -4.79125009e-02, -8.30659972e-02, ...,
          9.94000463e-01,  9.97901341e-01,  9.98740626e-01],
        [ 4.79125009e-02,  0.00000000e+00, -3.52236814e-02, ...,
          9.98099361e-01,  9.99857752e-01,  9.99997443e-01],
        [ 8.30659972e-02,  3.52236814e-02,  0.00000000e+00, ...,
          9.99650661e-01,  9.99831391e-01,  9.99456558e-01],
        ...,
        [-9.94000463e-01, -9.98099361e-01, -9.99650661e-01, ...,
          0.00000000e+00,  4.47820895e-02,  5.93677877e-02],
        [-9.97901341e-01, -9.99857752e-01, -9.99831391e-01, ...,
         -4.47820895e-02,  0.00000000e+00,  1.46051269e-02],
        [-9.98740626e-01, -9.99997443e-01, -9.99456558e-01, ...,
         -5.93677877e-02, -1.46051269e-02,  0.00000000e+00]],

       [[ 0.00000000e+00,  8.88603311e-02,  1.45404179e-01, ...,
          9.96511937e-01,  9.96298325e-01,  9.84983944e-01],
        [-8.88603311e-02,  0.00000000e+00,  5.69130206e-02, ...,
          9.99985257e-01,  9.84718358e-01,  9.65746064e-01],
        [-1.45404179e-01, -5.69130206e-02,  0.00000000e+00, ...,
          9.98055374e-01,  9.73210615e-01,  9.49412422e-01],
        ...,
        [-9.96511937e-01, -9.99985257e-01, -9.98055374e-01, ...,
          0.00000000e+00, -1.68804649e-01, -2.54241011e-01],
        [-9.96298325e-01, -9.84718358e-01, -9.73210615e-01, ...,
          1.68804649e-01,  0.00000000e+00, -8.73346528e-02],
        [-9.84983944e-01, -9.65746064e-01, -9.49412422e-01, ...,
          2.54241011e-01,  8.73346528e-02,  0.00000000e+00]]]), 'num': array([7.07103658e-01, 7.07103658e-01, 0.00000000e+00, 9.10411943e-04,
       9.32149306e-04, 8.73330557e-04, 1.42875856e-03, 2.42947007e-05,
       8.93533519e-04, 9.45575325e-04, 9.16592173e-04, 5.28375396e-07,
       1.02091701e-03, 8.70233645e-04])}
{'img': array([[[ 0.        ,  0.        , -0.18813667, ...,  0.94220672,
          0.97862667,  0.99931964],
        [ 0.        ,  0.        , -0.18813667, ...,  0.94220672,
          0.97862667,  0.99931964],
        [ 0.18813667,  0.18813667,  0.        , ...,  0.98841342,
          0.99984055,  0.98841342],
        ...,
        [-0.94220672, -0.94220672, -0.98841342, ...,  0.        ,
          0.13411127,  0.30005408],
        [-0.97862667, -0.97862667, -0.99984055, ..., -0.13411127,
          0.        ,  0.16941175],
        [-0.99931964, -0.99931964, -0.98841342, ..., -0.30005408,
         -0.16941175,  0.        ]],

       [[ 0.        , -0.32875186,  0.17682058, ...,  0.32249674,
          0.28181868,  0.30860076],
        [ 0.32875186,  0.        ,  0.490564  , ...,  0.61575802,
          0.58158095,  0.60415363],
        [-0.17682058, -0.490564  ,  0.        , ...,  0.15004203,
          0.10772446,  0.13554791],
        ...,
        [-0.32249674, -0.61575802, -0.15004203, ...,  0.        ,
         -0.04266393, -0.0146438 ],
        [-0.28181868, -0.58158095, -0.10772446, ...,  0.04266393,
          0.        ,  0.02802888],
        [-0.30860076, -0.60415363, -0.13554791, ...,  0.0146438 ,
         -0.02802888,  0.        ]],

       [[ 0.        , -0.20847745, -0.36560722, ...,  0.99056694,
          0.97197181,  0.96673797],
        [ 0.20847745,  0.        , -0.1635294 , ...,  0.99736899,
          0.99962735,  0.99881804],
        [ 0.36560722,  0.1635294 ,  0.        , ...,  0.97208828,
          0.99063477,  0.99332089],
        ...,
        [-0.99056694, -0.99736899, -0.97208828, ...,  0.        ,
         -0.09969072, -0.12088433],
        [-0.97197181, -0.99962735, -0.99063477, ...,  0.09969072,
          0.        , -0.02132249],
        [-0.96673797, -0.99881804, -0.99332089, ...,  0.12088433,
          0.02132249,  0.        ]],

       ...,

       [[ 0.        , -0.37508453,  0.15220492, ...,  0.26858375,
          0.28176283,  0.66117398],
        [ 0.37508453,  0.        ,  0.51180694, ...,  0.61027716,
          0.62107914,  0.89430272],
        [-0.15220492, -0.51180694,  0.        , ...,  0.11884211,
          0.1324418 ,  0.53928152],
        ...,
        [-0.26858375, -0.61027716, -0.11884211, ...,  0.        ,
          0.013708  ,  0.43537974],
        [-0.28176283, -0.62107914, -0.1324418 , ..., -0.013708  ,
          0.        ,  0.42299825],
        [-0.66117398, -0.89430272, -0.53928152, ..., -0.43537974,
         -0.42299825,  0.        ]],

       [[ 0.        , -0.03522368, -0.02144285, ...,  0.99985775,
          0.99999744,  0.99978547],
        [ 0.03522368,  0.        ,  0.01378604, ...,  0.99983139,
          0.99945656,  0.99989463],
        [ 0.02144285, -0.01378604,  0.        , ...,  0.99998952,
          0.99981601,  0.99999973],
        ...,
        [-0.99985775, -0.99983139, -0.99998952, ...,  0.        ,
          0.01460513, -0.00384698],
        [-0.99999744, -0.99945656, -0.99981601, ..., -0.01460513,
          0.        , -0.01845159],
        [-0.99978547, -0.99989463, -0.99999973, ...,  0.00384698,
          0.01845159,  0.        ]],

       [[ 0.        ,  0.05691302,  0.02063004, ...,  0.98471836,
          0.96574606,  0.95567721],
        [-0.05691302,  0.        , -0.03630431, ...,  0.97321061,
          0.94941242,  0.93737206],
        [-0.02063004,  0.03630431,  0.        , ...,  0.98091598,
          0.96018726,  0.9494    ],
        ...,
        [-0.98471836, -0.97321061, -0.98091598, ...,  0.        ,
         -0.08733465, -0.12348193],
        [-0.96574606, -0.94941242, -0.96018726, ...,  0.08733465,
          0.        , -0.03634384],
        [-0.95567721, -0.93737206, -0.9494    , ...,  0.12348193,
          0.03634384,  0.        ]]]), 'num': array([ 7.07103950e-01,  7.07103950e-01,  0.00000000e+00,  8.98904298e-04,
        9.10412319e-04,  8.79724263e-04,  1.13071420e-03, -1.15080209e-05,
        8.92766687e-04,  9.42379044e-04,  9.19107268e-04,  5.15592334e-07,
        1.01991321e-03,  8.64844875e-04])}
{'img': array([[[ 0.        , -0.18813667,  0.43339836, ...,  0.97862667,
          0.99931964,  0.99307252],
        [ 0.18813667,  0.        ,  0.59520833, ...,  0.99984055,
          0.98841342,  0.99744572],
        [-0.43339836, -0.59520833,  0.        , ...,  0.79281458,
          0.88460491,  0.84403376],
        ...,
        [-0.97862667, -0.99984055, -0.79281458, ...,  0.        ,
          0.16941175,  0.08922871],
        [-0.99931964, -0.98841342, -0.88460491, ..., -0.16941175,
          0.        , -0.08079705],
        [-0.99307252, -0.99744572, -0.84403376, ..., -0.08922871,
          0.08079705,  0.        ]],

       [[ 0.        ,  0.490564  ,  0.62386777, ...,  0.58158095,
          0.60415363,  0.50925061],
        [-0.490564  ,  0.        ,  0.16025116, ...,  0.10772446,
          0.13554791,  0.02157527],
        [-0.62386777, -0.16025116,  0.        , ..., -0.05298637,
         -0.02497605, -0.13891743],
        ...,
        [-0.58158095, -0.10772446,  0.05298637, ...,  0.        ,
          0.02802888, -0.08624966],
        [-0.60415363, -0.13554791,  0.02497605, ..., -0.02802888,
          0.        , -0.11414021],
        [-0.50925061, -0.02157527,  0.13891743, ...,  0.08624966,
          0.11414021,  0.        ]],

       [[ 0.        , -0.1635294 ,  0.09945055, ...,  0.99962735,
          0.99881804,  0.998519  ],
        [ 0.1635294 ,  0.        ,  0.26083049, ...,  0.99063477,
          0.99332089,  0.99397408],
        [-0.09945055, -0.26083049,  0.        , ...,  0.99195696,
          0.98903253,  0.98815832],
        ...,
        [-0.99962735, -0.99063477, -0.99195696, ...,  0.        ,
         -0.02132249, -0.02712688],
        [-0.99881804, -0.99332089, -0.98903253, ...,  0.02132249,
          0.        , -0.00580607],
        [-0.998519  , -0.99397408, -0.98815832, ...,  0.02712688,
          0.00580607,  0.        ]],

       ...,

       [[ 0.        ,  0.51180694,  0.81283925, ...,  0.62107914,
          0.89430272,  0.87759183],
        [-0.51180694,  0.        ,  0.40018916, ...,  0.1324418 ,
          0.53928152,  0.50857493],
        [-0.81283925, -0.40018916,  0.        , ..., -0.27528983,
          0.15720563,  0.12150467],
        ...,
        [-0.62107914, -0.1324418 ,  0.27528983, ...,  0.        ,
          0.42299825,  0.39006005],
        [-0.89430272, -0.53928152, -0.15720563, ..., -0.42299825,
          0.        , -0.036047  ],
        [-0.87759183, -0.50857493, -0.12150467, ..., -0.39006005,
          0.036047  ,  0.        ]],

       [[ 0.        ,  0.01378604,  0.0105638 , ...,  0.99945656,
          0.99989463,  0.99998716],
        [-0.01378604,  0.        , -0.00322247, ...,  0.99981601,
          0.99999973,  0.999962  ],
        [-0.0105638 ,  0.00322247,  0.        , ...,  0.99974901,
          0.99999219,  0.9999849 ],
        ...,
        [-0.99945656, -0.99981601, -0.99974901, ...,  0.        ,
         -0.01845159, -0.02789753],
        [-0.99989463, -0.99999973, -0.99999219, ...,  0.01845159,
          0.        , -0.00944837],
        [-0.99998716, -0.999962  , -0.9999849 , ...,  0.02789753,
          0.00944837,  0.        ]],

       [[ 0.        , -0.03630431, -0.04238823, ...,  0.94941242,
          0.93737206,  0.91988669],
        [ 0.03630431,  0.        , -0.00608861, ...,  0.96018726,
          0.9494    ,  0.93351826],
        [ 0.04238823,  0.00608861,  0.        , ...,  0.96187036,
          0.95129465,  0.93568391],
        ...,
        [-0.94941242, -0.96018726, -0.96187036, ...,  0.        ,
         -0.03634384, -0.0834708 ],
        [-0.93737206, -0.9494    , -0.95129465, ...,  0.03634384,
          0.        , -0.04719864],
        [-0.91988669, -0.93351826, -0.93568391, ...,  0.0834708 ,
          0.04719864,  0.        ]]]), 'num': array([7.07103976e-01, 7.07103976e-01, 0.00000000e+00, 9.29592387e-04,
       9.32149725e-04, 8.95068323e-04, 1.03872679e-03, 3.06880568e-05,
       8.98392863e-04, 9.40269274e-04, 9.22133485e-04, 6.36766908e-07,
       1.01677718e-03, 8.63761365e-04])}
{'img': array([[[ 0.        ,  0.59520833,  0.58296119, ...,  0.98841342,
          0.99744572,  0.95831485],
        [-0.59520833,  0.        , -0.01515581, ...,  0.88460491,
          0.84403376,  0.94013395],
        [-0.58296119,  0.01515581,  0.        , ...,  0.89157109,
          0.85206473,  0.94519115],
        ...,
        [-0.98841342, -0.88460491, -0.89157109, ...,  0.        ,
         -0.08079705,  0.13694533],
        [-0.99744572, -0.84403376, -0.85206473, ...,  0.08079705,
          0.        ,  0.21653343],
        [-0.95831485, -0.94013395, -0.94519115, ..., -0.13694533,
         -0.21653343,  0.        ]],

       [[ 0.        ,  0.16991016, -0.05779015, ...,  0.14407138,
          0.02325616, -0.01998445],
        [-0.16991016,  0.        , -0.22657605, ..., -0.02616102,
         -0.1469462 , -0.18957009],
        [ 0.05779015,  0.22657605,  0.        , ...,  0.20101784,
          0.08099181,  0.03782756],
        ...,
        [-0.14407138,  0.02616102, -0.20101784, ...,  0.        ,
         -0.12101889, -0.16381857],
        [-0.02325616,  0.1469462 , -0.08099181, ...,  0.12101889,
          0.        , -0.04323056],
        [ 0.01998445,  0.18957009, -0.03782756, ...,  0.16381857,
          0.04323056,  0.        ]],

       [[ 0.        ,  0.26083049,  0.41963636, ...,  0.99332089,
          0.99397408,  0.98839232],
        [-0.26083049,  0.        ,  0.16835666, ...,  0.98903253,
          0.98815832,  0.99380491],
        [-0.41963636, -0.16835666,  0.        , ...,  0.95004931,
          0.94822123,  0.96090855],
        ...,
        [-0.99332089, -0.98903253, -0.95004931, ...,  0.        ,
         -0.00580607,  0.0368631 ],
        [-0.99397408, -0.98815832, -0.94822123, ...,  0.00580607,
          0.        ,  0.0426646 ],
        [-0.98839232, -0.99380491, -0.96090855, ..., -0.0368631 ,
         -0.0426646 ,  0.        ]],

       ...,

       [[ 0.        ,  0.71175936,  0.80699457, ...,  0.83040228,
          0.80628183,  0.96403947],
        [-0.71175936,  0.        ,  0.14651607, ...,  0.18672708,
          0.14532306,  0.48800735],
        [-0.80699457, -0.14651607,  0.        , ...,  0.04077286,
         -0.00120591,  0.3548559 ],
        ...,
        [-0.83040228, -0.18672708, -0.04077286, ...,  0.        ,
         -0.04197774,  0.31644141],
        [-0.80628183, -0.14532306,  0.00120591, ...,  0.04197774,
          0.        ,  0.35598307],
        [-0.96403947, -0.48800735, -0.3548559 , ..., -0.31644141,
         -0.35598307,  0.        ]],

       [[ 0.        , -0.00322247, -0.01918278, ...,  0.99999973,
          0.999962  ,  0.9992843 ],
        [ 0.00322247,  0.        , -0.01596081, ...,  0.99999219,
          0.9999849 ,  0.99940101],
        [ 0.01918278,  0.01596081,  0.        , ...,  0.99980172,
          0.99994523,  0.99982606],
        ...,
        [-0.99999973, -0.99999219, -0.99980172, ...,  0.        ,
         -0.00944837, -0.03855675],
        [-0.999962  , -0.9999849 , -0.99994523, ...,  0.00944837,
          0.        , -0.02911368],
        [-0.9992843 , -0.99940101, -0.99982606, ...,  0.03855675,
          0.02911368,  0.        ]],

       [[ 0.        , -0.00608861, -0.01768978, ...,  0.9494    ,
          0.93351826,  0.93011519],
        [ 0.00608861,  0.        , -0.01160179, ...,  0.95129465,
          0.93568391,  0.9323341 ],
        [ 0.01768978,  0.01160179,  0.        , ...,  0.95480726,
          0.9397145 ,  0.93646653],
        ...,
        [-0.9494    , -0.95129465, -0.95480726, ...,  0.        ,
         -0.04719864, -0.05656338],
        [-0.93351826, -0.93568391, -0.9397145 , ...,  0.04719864,
          0.        , -0.00937727],
        [-0.93011519, -0.9323341 , -0.93646653, ...,  0.05656338,
          0.00937727,  0.        ]]]), 'num': array([ 9.99254423e-01,  3.83824463e-02,  1.35334081e-05,  1.31266663e-03,
        1.33855020e-03,  1.29417837e-03,  1.77638923e-03, -3.14300462e-05,
        1.31081781e-03,  1.35509720e-03,  1.33722521e-03,  8.81747902e-07,
        1.46576439e-03,  1.24443000e-03])}
{'img': array([[[ 0.        , -0.04465397,  0.        , ...,  0.96711312,
          0.9997748 ,  0.9822202 ],
        [ 0.04465397,  0.        ,  0.04465397, ...,  0.97750603,
          0.99972516,  0.98962345],
        [ 0.        , -0.04465397,  0.        , ...,  0.96711312,
          0.9997748 ,  0.9822202 ],
        ...,
        [-0.96711312, -0.97750603, -0.96711312, ...,  0.        ,
          0.2337659 ,  0.06826585],
        [-0.9997748 , -0.99972516, -0.9997748 , ..., -0.2337659 ,
          0.        , -0.16684616],
        [-0.9822202 , -0.98962345, -0.9822202 , ..., -0.06826585,
          0.16684616,  0.        ]],

       [[ 0.        , -0.22657605, -0.35932842, ..., -0.1469462 ,
         -0.18957009, -0.10477032],
        [ 0.22657605,  0.        , -0.13854024, ...,  0.08099181,
          0.03782756,  0.12328347],
        [ 0.35932842,  0.13854024,  0.        , ...,  0.21829589,
          0.17590386,  0.25957801],
        ...,
        [ 0.1469462 , -0.08099181, -0.21829589, ...,  0.        ,
         -0.04323056,  0.0425045 ],
        [ 0.18957009, -0.03782756, -0.17590386, ...,  0.04323056,
          0.        ,  0.08565625],
        [ 0.10477032, -0.12328347, -0.25957801, ..., -0.0425045 ,
         -0.08565625,  0.        ]],

       [[ 0.        ,  0.33759466,  0.43141698, ...,  0.99557848,
          0.99057294,  0.97987571],
        [-0.33759466,  0.        ,  0.10152726, ...,  0.96884108,
          0.97866382,  0.98973556],
        [-0.43141698, -0.10152726,  0.        , ...,  0.93868824,
          0.95274621,  0.970112  ],
        ...,
        [-0.99557848, -0.96884108, -0.93868824, ...,  0.        ,
          0.04333267,  0.10668292],
        [-0.99057294, -0.97866382, -0.95274621, ..., -0.04333267,
          0.        ,  0.06349734],
        [-0.97987571, -0.98973556, -0.970112  , ..., -0.10668292,
         -0.06349734,  0.        ]],

       ...,

       [[ 0.        ,  0.15283014,  0.5083273 , ...,  0.1515945 ,
          0.50203118,  0.43347702],
        [-0.15283014,  0.        ,  0.3707439 , ..., -0.0012502 ,
          0.36395849,  0.29065963],
        [-0.5083273 , -0.3707439 ,  0.        , ..., -0.37190472,
         -0.00729546, -0.08479179],
        ...,
        [-0.1515945 ,  0.0012502 ,  0.37190472, ...,  0.        ,
          0.36512266,  0.29185563],
        [-0.50203118, -0.36395849,  0.00729546, ..., -0.36512266,
          0.        , -0.07752034],
        [-0.43347702, -0.29065963,  0.08479179, ..., -0.29185563,
          0.07752034,  0.        ]],

       [[ 0.        , -0.01596081, -0.08449888, ...,  0.9999849 ,
          0.99940101,  0.99805992],
        [ 0.01596081,  0.        , -0.06858439, ...,  0.99994523,
          0.99982606,  0.99892652],
        [ 0.08449888,  0.06858439,  0.        , ...,  0.99687291,
          0.99875095,  0.99975139],
        ...,
        [-0.9999849 , -0.99994523, -0.99687291, ...,  0.        ,
         -0.02911368, -0.05677467],
        [-0.99940101, -0.99982606, -0.99875095, ...,  0.02911368,
          0.        , -0.02768388],
        [-0.99805992, -0.99892652, -0.99975139, ...,  0.05677467,
          0.02768388,  0.        ]],

       [[ 0.        , -0.01160179, -0.00815656, ...,  0.93568391,
          0.9323341 ,  0.9223748 ],
        [ 0.01160179,  0.        ,  0.00344539, ...,  0.9397145 ,
          0.93646653,  0.92679445],
        [ 0.00815656, -0.00344539,  0.        , ...,  0.93853074,
          0.93525248,  0.92549497],
        ...,
        [-0.93568391, -0.9397145 , -0.93853074, ...,  0.        ,
         -0.00937727, -0.03600096],
        [-0.9323341 , -0.93646653, -0.93525248, ...,  0.00937727,
          0.        , -0.02662819],
        [-0.9223748 , -0.92679445, -0.92549497, ...,  0.03600096,
          0.02662819,  0.        ]]]), 'num': array([9.33474102e-01, 3.58625417e-01, 8.02861292e-06, 1.23093937e-03,
       1.26188477e-03, 1.22234342e-03, 1.22867004e-03, 1.03151344e-05,
       1.22681331e-03, 1.25457822e-03, 1.24664129e-03, 6.89190329e-07,
       1.35117079e-03, 1.15798564e-03])}
{'img': array([[[ 0.        ,  0.04465397, -0.19657992, ...,  0.99972516,
          0.98962345,  0.9963525 ],
        [-0.04465397,  0.        , -0.24016651, ...,  0.9997748 ,
          0.9822202 ,  0.99154821],
        [ 0.19657992,  0.24016651,  0.        , ...,  0.97560976,
          0.99855934,  0.9936862 ],
        ...,
        [-0.99972516, -0.9997748 , -0.97560976, ...,  0.        ,
         -0.16684616, -0.10866758],
        [-0.98962345, -0.9822202 , -0.99855934, ...,  0.16684616,
          0.        ,  0.05871374],
        [-0.9963525 , -0.99154821, -0.9936862 , ...,  0.10866758,
         -0.05871374,  0.        ]],

       [[ 0.        , -0.13854024, -0.12555101, ...,  0.03782756,
          0.12328347, -0.02789825],
        [ 0.13854024,  0.        ,  0.01310369, ...,  0.17590386,
          0.25957801,  0.11085709],
        [ 0.12555101, -0.01310369,  0.        , ...,  0.16298939,
          0.2469012 ,  0.09782464],
        ...,
        [-0.03782756, -0.17590386, -0.16298939, ...,  0.        ,
          0.08565625, -0.06569112],
        [-0.12328347, -0.25957801, -0.2469012 , ..., -0.08565625,
          0.        , -0.15092092],
        [ 0.02789825, -0.11085709, -0.09782464, ...,  0.06569112,
          0.15092092,  0.        ]],

       [[ 0.        ,  0.28110363,  0.378984  , ...,  0.99383301,
          0.98449668,  0.97509805],
        [-0.28110363,  0.        ,  0.10356818, ...,  0.98492986,
          0.99410571,  0.99812111],
        [-0.378984  , -0.10356818,  0.        , ...,  0.96172071,
          0.97753142,  0.98640775],
        ...,
        [-0.99383301, -0.98492986, -0.96172071, ...,  0.        ,
          0.06515354,  0.11228072],
        [-0.98449668, -0.99410571, -0.97753142, ..., -0.06515354,
          0.        ,  0.04730061],
        [-0.97509805, -0.99812111, -0.98640775, ..., -0.11228072,
         -0.04730061,  0.        ]],

       ...,

       [[ 0.        ,  0.3707439 ,  0.03595633, ...,  0.36395849,
          0.29065963, -0.01165694],
        [-0.3707439 ,  0.        , -0.33711026, ..., -0.00729546,
         -0.08479179, -0.38154492],
        [-0.03595633,  0.33711026,  0.        , ...,  0.33023287,
          0.25606771, -0.04760329],
        ...,
        [-0.36395849,  0.00729546, -0.33023287, ...,  0.        ,
         -0.07752034, -0.37479121],
        [-0.29065963,  0.08479179, -0.25606771, ...,  0.07752034,
          0.        , -0.30179355],
        [ 0.01165694,  0.38154492,  0.04760329, ...,  0.37479121,
          0.30179355,  0.        ]],

       [[ 0.        , -0.06858439, -0.20223636, ...,  0.99982606,
          0.99892652,  0.99232627],
        [ 0.06858439,  0.        , -0.13459295, ...,  0.99875095,
          0.99975139,  0.99846991],
        [ 0.20223636,  0.13459295,  0.        , ...,  0.98293829,
          0.98765361,  0.99682749],
        ...,
        [-0.99982606, -0.99875095, -0.98293829, ...,  0.        ,
         -0.02768388, -0.10511763],
        [-0.99892652, -0.99975139, -0.98765361, ...,  0.02768388,
          0.        , -0.07754683],
        [-0.99232627, -0.99846991, -0.99682749, ...,  0.10511763,
          0.07754683,  0.        ]],

       [[ 0.        ,  0.00344539,  0.02589662, ...,  0.93646653,
          0.92679445,  0.92872601],
        [-0.00344539,  0.        ,  0.02245224, ...,  0.93525248,
          0.92549497,  0.92744307],
        [-0.02589662, -0.02245224,  0.        , ...,  0.92706905,
          0.91675766,  0.91881294],
        ...,
        [-0.93646653, -0.93525248, -0.92706905, ...,  0.        ,
         -0.02662819, -0.02145357],
        [-0.92679445, -0.92549497, -0.91675766, ...,  0.02662819,
          0.        ,  0.0051761 ],
        [-0.92872601, -0.92744307, -0.91881294, ...,  0.02145357,
         -0.0051761 ,  0.        ]]]), 'num': array([9.56755066e-01, 2.90871296e-01, 9.19728964e-06, 1.26593873e-03,
       1.27468140e-03, 1.23096804e-03, 9.23698137e-04, 1.39882732e-05,
       1.25195045e-03, 1.26987293e-03, 1.27141747e-03, 8.12698972e-07,
       1.35352434e-03, 1.18622151e-03])}
{'img': array([[[ 0.        , -0.24016651,  0.20147268, ...,  0.9822202 ,
          0.99154821,  0.99869331],
        [ 0.24016651,  0.        ,  0.4308176 , ...,  0.99855934,
          0.9936862 ,  0.98173686],
        [-0.20147268, -0.4308176 ,  0.        , ...,  0.92425596,
          0.94507683,  0.96791807],
        ...,
        [-0.9822202 , -0.99855934, -0.92425596, ...,  0.        ,
          0.05871374,  0.13729126],
        [-0.99154821, -0.9936862 , -0.94507683, ..., -0.05871374,
          0.        ,  0.07889665],
        [-0.99869331, -0.98173686, -0.96791807, ..., -0.13729126,
         -0.07889665,  0.        ]],

       [[ 0.        ,  0.01310369, -0.1078712 , ...,  0.25957801,
          0.11085709, -0.06117048],
        [-0.01310369,  0.        , -0.12088916, ...,  0.2469012 ,
          0.09782464, -0.07424438],
        [ 0.1078712 ,  0.12088916,  0.        , ...,  0.36223694,
          0.21741654,  0.04685565],
        ...,
        [-0.25957801, -0.2469012 , -0.36223694, ...,  0.        ,
         -0.15092092, -0.31816559],
        [-0.11085709, -0.09782464, -0.21741654, ...,  0.15092092,
          0.        , -0.17144293],
        [ 0.06117048,  0.07424438, -0.04685565, ...,  0.31816559,
          0.17144293,  0.        ]],

       [[ 0.        ,  0.26217416,  0.42466663, ...,  0.98736921,
          0.97860221,  0.97308353],
        [-0.26217416,  0.        ,  0.17245272, ...,  0.99436949,
          0.99831657,  0.99946437],
        [-0.42466663, -0.17245272,  0.        , ...,  0.96119709,
          0.97335727,  0.97884654],
        ...,
        [-0.98736921, -0.99436949, -0.96119709, ...,  0.        ,
          0.04811636,  0.07337021],
        [-0.97860221, -0.99831657, -0.97335727, ..., -0.04811636,
          0.        ,  0.02529855],
        [-0.97308353, -0.99946437, -0.97884654, ..., -0.07337021,
         -0.02529855,  0.        ]],

       ...,

       [[ 0.        , -0.33711026, -0.03967612, ..., -0.08479179,
         -0.38154492, -0.13024892],
        [ 0.33711026,  0.        ,  0.29949113, ...,  0.25606771,
         -0.04760329,  0.21161371],
        [ 0.03967612, -0.29949113,  0.        , ..., -0.04519178,
         -0.34456985, -0.09080822],
        ...,
        [ 0.08479179, -0.25606771,  0.04519178, ...,  0.        ,
         -0.30179355, -0.04571038],
        [ 0.38154492,  0.04760329,  0.34456985, ...,  0.30179355,
          0.        ,  0.25789904],
        [ 0.13024892, -0.21161371,  0.09080822, ...,  0.04571038,
         -0.25789904,  0.        ]],

       [[ 0.        , -0.13459295, -0.50524756, ...,  0.99975139,
          0.99846991,  0.98339476],
        [ 0.13459295,  0.        , -0.38450002, ...,  0.98765361,
          0.99682749,  0.99887266],
        [ 0.50524756,  0.38450002,  0.        , ...,  0.85149442,
          0.88959307,  0.94033655],
        ...,
        [-0.99975139, -0.98765361, -0.85149442, ...,  0.        ,
         -0.07754683, -0.20336094],
        [-0.99846991, -0.99682749, -0.88959307, ...,  0.07754683,
          0.        , -0.12682217],
        [-0.98339476, -0.99887266, -0.94033655, ...,  0.20336094,
          0.12682217,  0.        ]],

       [[ 0.        ,  0.02245224,  0.07677992, ...,  0.92549497,
          0.92744307,  0.94615453],
        [-0.02245224,  0.        ,  0.0543746 , ...,  0.91675766,
          0.91881294,  0.93864788],
        [-0.07677992, -0.0543746 ,  0.        , ...,  0.89368181,
          0.89599236,  0.91850671],
        ...,
        [-0.92549497, -0.91675766, -0.89368181, ...,  0.        ,
          0.0051761 ,  0.0587685 ],
        [-0.92744307, -0.91881294, -0.89599236, ..., -0.0051761 ,
          0.        ,  0.05360056],
        [-0.94615453, -0.93864788, -0.91850671, ..., -0.0587685 ,
         -0.05360056,  0.        ]]]), 'num': array([9.95520356e-01, 9.44349863e-02, 1.20627225e-05, 1.32123954e-03,
       1.33715809e-03, 1.26464026e-03, 2.80215982e-03, 4.06807357e-05,
       1.28197379e-03, 1.28391939e-03, 1.29028681e-03, 8.17619379e-07,
       1.36726307e-03, 1.20057571e-03])}
{'img': array([[[ 0.        ,  0.4308176 ,  0.72589562, ...,  0.9936862 ,
          0.98173686,  0.9099882 ],
        [-0.4308176 ,  0.        ,  0.35875809, ...,  0.94507683,
          0.96791807,  0.99984055],
        [-0.72589562, -0.35875809,  0.        , ...,  0.76490416,
          0.81334061,  0.92687543],
        ...,
        [-0.9936862 , -0.94507683, -0.76490416, ...,  0.        ,
          0.07889665,  0.30991999],
        [-0.98173686, -0.96791807, -0.81334061, ..., -0.07889665,
          0.        ,  0.23394192],
        [-0.9099882 , -0.99984055, -0.92687543, ..., -0.30991999,
         -0.23394192,  0.        ]],

       [[ 0.        , -0.12088916,  0.3682708 , ...,  0.09782464,
         -0.07424438,  0.50075462],
        [ 0.12088916,  0.        ,  0.47796281, ...,  0.21741654,
          0.04685565,  0.60172246],
        [-0.3682708 , -0.47796281,  0.        , ..., -0.27555507,
         -0.43628078,  0.14678961],
        ...,
        [-0.09782464, -0.21741654,  0.27555507, ...,  0.        ,
         -0.17144293,  0.41367687],
        [ 0.07424438, -0.04685565,  0.43628078, ...,  0.17144293,
          0.        ,  0.56363771],
        [-0.50075462, -0.60172246, -0.14678961, ..., -0.41367687,
         -0.56363771,  0.        ]],

       [[ 0.        ,  0.34318723,  0.47767976, ...,  0.9814686 ,
          0.97622627,  0.95109435],
        [-0.34318723,  0.        ,  0.14716719, ...,  0.98762366,
          0.99132432,  0.99934227],
        [-0.47767976, -0.14716719,  0.        , ...,  0.95378801,
          0.96118697,  0.98312428],
        ...,
        [-0.9814686 , -0.98762366, -0.95378801, ...,  0.        ,
          0.02566973,  0.12092458],
        [-0.97622627, -0.99132432, -0.96118697, ..., -0.02566973,
          0.        ,  0.09540337],
        [-0.95109435, -0.99934227, -0.98312428, ..., -0.12092458,
         -0.09540337,  0.        ]],

       ...,

       [[ 0.        ,  0.29949113,  0.62221845, ..., -0.04760329,
          0.21161371,  0.20219666],
        [-0.29949113,  0.        ,  0.35920332, ..., -0.34456985,
         -0.09080822, -0.10038948],
        [-0.62221845, -0.35920332,  0.        , ..., -0.65877898,
         -0.44246685, -0.45107812],
        ...,
        [ 0.04760329,  0.34456985,  0.65877898, ...,  0.        ,
          0.25789904,  0.24858747],
        [-0.21161371,  0.09080822,  0.44246685, ..., -0.25789904,
          0.        , -0.00962523],
        [-0.20219666,  0.10038948,  0.45107812, ..., -0.24858747,
          0.00962523,  0.        ]],

       [[ 0.        , -0.38450002, -0.26226309, ...,  0.99682749,
          0.99887266,  0.99827995],
        [ 0.38450002,  0.        ,  0.12893953, ...,  0.88959307,
          0.94033655,  0.94407928],
        [ 0.26226309, -0.12893953,  0.        , ...,  0.94106079,
          0.97635818,  0.97871229],
        ...,
        [-0.99682749, -0.88959307, -0.94106079, ...,  0.        ,
         -0.12682217, -0.13789663],
        [-0.99887266, -0.94033655, -0.97635818, ...,  0.12682217,
          0.        , -0.0111726 ],
        [-0.99827995, -0.94407928, -0.97871229, ...,  0.13789663,
          0.0111726 ,  0.        ]],

       [[ 0.        ,  0.0543746 ,  0.04813113, ...,  0.91881294,
          0.93864788,  0.94007074],
        [-0.0543746 ,  0.        , -0.00625165, ...,  0.89599236,
          0.91850671,  0.92013938],
        [-0.04813113,  0.00625165,  0.        , ...,  0.89875102,
          0.92096069,  0.92256949],
        ...,
        [-0.91881294, -0.89599236, -0.89875102, ...,  0.        ,
          0.05360056,  0.05774324],
        [-0.93864788, -0.91850671, -0.92096069, ..., -0.05360056,
          0.        ,  0.00414911],
        [-0.94007074, -0.92013938, -0.92256949, ..., -0.05774324,
         -0.00414911,  0.        ]]]), 'num': array([9.97593117e-01, 6.92138650e-02, 1.23783900e-05, 1.32436413e-03,
       1.33319322e-03, 1.29081357e-03, 1.98589284e-03, 5.29745650e-06,
