state_0,state_1,state_2,state_3,state_4,state_5,state_6,state_7,state_8,state_9,state_10,state_11,state_12,state_13,state_14,state_15,state_16,state_17,state_18,state_19,state_20,state_21,state_22,state_23,state_24,state_25,state_26,state_27,state_28,state_29,state_30,state_31,state_32,state_33,state_34,state_35,state_36,state_37,state_38,state_39,state_40,state_41,state_42,state_43,state_44,state_45,state_46,state_47,state_48,state_49,state_50,state_51,state_52,state_53,state_54,state_55,state_56,state_57,state_58,state_59,state_60,state_61,state_62,state_63,state_64,state_65,state_66,state_67,state_68,state_69,state_70,state_71,state_72,state_73,state_74,state_75,state_76,state_77,state_78,state_79,state_80,state_81,state_82,state_83,state_84,state_85,state_86,state_87,state_88,state_89,state_90,state_91,state_92,state_93,state_94,state_95,state_96,state_97,state_98,state_99,state_100,state_101,state_102,state_103,state_104,state_105,state_106,state_107,state_108,state_109,state_110,state_111,state_112,state_113,state_114,state_115,state_116,state_117,state_118,state_119,state_120,state_121,state_122,state_123,state_124,state_125,state_126,state_127,state_128,state_129,state_130,state_131,state_132,state_133,state_134,state_135,state_136,state_137,state_138,state_139,state_140,state_141,state_142,state_143,state_144,state_145,state_146,state_147,state_148,state_149,state_150,state_151,state_152,state_153,state_154,state_155,state_156,state_157,state_158,state_159,state_160,state_161,state_162,state_163,state_164,state_165,state_166,state_167,state_168,state_169,state_170,state_171,state_172,state_173,state_174,state_175,state_176,state_177,state_178,state_179,state_180,state_181,state_182,state_183,state_184,state_185,state_186,state_187,state_188,state_189,state_190,state_191,state_192,state_193,state_194,state_195,state_196,state_197,state_198,state_199,state_200,state_201,state_202,state_203,state_204,state_205,state_206,state_207,state_208,state_209,state_210,state_211,state_212,state_213,state_214,state_215,state_216,state_217,state_218,state_219,state_220,state_221,state_222,state_223,state_224,state_225,state_226,state_227,state_228,state_229,state_230,state_231,state_232,state_233,state_234,state_235,state_236,state_237,state_238,state_239,state_240,state_241,state_242,state_243,state_244,state_245,state_246,state_247,state_248,state_249,state_250,state_251,state_252,state_253,state_254,state_255,state_256,state_257,state_258,state_259,state_260,state_261,state_262,state_263,state_264,state_265,state_266,state_267,state_268,state_269,state_270,state_271,state_272,state_273,state_274,state_275,state_276,state_277,state_278,state_279,state_280,state_281,state_282,state_283,state_284,state_285,state_286,state_287
{'img': array([[[ 0.        , -0.02814422,  0.        , ...,  0.84120235,
          0.84120235,  0.49989385],
        [ 0.02814422,  0.        ,  0.02814422, ...,  0.85608729,
          0.85608729,  0.52407116],
        [ 0.        , -0.02814422,  0.        , ...,  0.84120235,
          0.84120235,  0.49989385],
        ...,
        [-0.84120235, -0.85608729, -0.84120235, ...,  0.        ,
          0.        , -0.45825133],
        [-0.84120235, -0.85608729, -0.84120235, ...,  0.        ,
          0.        , -0.45825133],
        [-0.49989385, -0.52407116, -0.49989385, ...,  0.45825133,
          0.45825133,  0.        ]],

       [[ 0.        , -0.31389053, -0.09881986, ...,  0.5246025 ,
          0.27121073, -0.14035621],
        [ 0.31389053,  0.        ,  0.21852872, ...,  0.76531852,
          0.55962943,  0.17752087],
        [ 0.09881986, -0.21852872,  0.        , ...,  0.60616477,
          0.36499934, -0.04182756],
        ...,
        [-0.5246025 , -0.76531852, -0.60616477, ...,  0.        ,
         -0.27404588, -0.63890137],
        [-0.27121073, -0.55962943, -0.36499934, ...,  0.27404588,
          0.        , -0.40362169],
        [ 0.14035621, -0.17752087,  0.04182756, ...,  0.63890137,
          0.40362169,  0.        ]],

       [[ 0.        , -0.02155706, -0.10488636, ...,  0.59277723,
          0.65462887,  0.83237231],
        [ 0.02155706,  0.        , -0.08342383, ...,  0.61000081,
          0.67077282,  0.84412617],
        [ 0.10488636,  0.08342383,  0.        , ...,  0.67397956,
          0.73030697,  0.88591091],
        ...,
        [-0.59277723, -0.61000081, -0.67397956, ...,  0.        ,
          0.07910595,  0.34183761],
        [-0.65462887, -0.67077282, -0.73030697, ..., -0.07910595,
          0.        ,  0.26642584],
        [-0.83237231, -0.84412617, -0.88591091, ..., -0.34183761,
         -0.26642584,  0.        ]],

       ...,

       [[ 0.        , -0.14028969, -0.20338652, ...,  0.13210005,
          0.10223649, -0.21661637],
        [ 0.14028969,  0.        , -0.0640177 , ...,  0.26985389,
          0.24078001, -0.07751538],
        [ 0.20338652,  0.0640177 ,  0.        , ...,  0.33094308,
          0.30242039, -0.01353129],
        ...,
        [-0.13210005, -0.26985389, -0.33094308, ...,  0.        ,
         -0.03006733, -0.3436816 ],
        [-0.10223649, -0.24078001, -0.30242039, ...,  0.03006733,
          0.        , -0.31529039],
        [ 0.21661637,  0.07751538,  0.01353129, ...,  0.3436816 ,
          0.31529039,  0.        ]],

       [[ 0.        , -0.32967189, -0.53319541, ..., -0.75976163,
         -0.52985678, -0.34447458],
        [ 0.32967189,  0.        , -0.2244876 , ..., -0.50293437,
         -0.22064496, -0.01572239],
        [ 0.53319541,  0.2244876 ,  0.        , ..., -0.29606779,
          0.0039415 ,  0.20913875],
        ...,
        [ 0.75976163,  0.50293437,  0.29606779, ...,  0.        ,
          0.29983028,  0.48928295],
        [ 0.52985678,  0.22064496, -0.0039415 , ..., -0.29983028,
          0.        ,  0.20528278],
        [ 0.34447458,  0.01572239, -0.20913875, ..., -0.48928295,
         -0.20528278,  0.        ]],

       [[ 0.        ,  0.63457764,  0.85069706, ...,  0.99049395,
          0.98720191,  0.97759231],
        [-0.63457764,  0.        ,  0.32389926, ...,  0.85280245,
          0.86416748,  0.88912429],
        [-0.85069706, -0.32389926,  0.        , ...,  0.63767812,
          0.65459408,  0.69295539],
        ...,
        [-0.99049395, -0.85280245, -0.63767812, ...,  0.        ,
          0.02216348,  0.0740321 ],
        [-0.98720191, -0.86416748, -0.65459408, ..., -0.02216348,
          0.        ,  0.05191126],
        [-0.97759231, -0.88912429, -0.69295539, ..., -0.0740321 ,
         -0.05191126,  0.        ]]]), 'num': array([7.15826055e-01, 6.95877091e-01, 3.27032195e-07, 1.99489639e-02,
       1.99489639e-02, 1.93276027e-02, 1.72084341e-02, 1.96219317e-04,
       1.99555045e-02, 1.93504950e-02, 1.89417047e-02, 2.12879448e-05,
       2.03875738e-02, 1.83134161e-02])}
{'img': array([[[ 0.        ,  0.02814422,  0.35749049, ...,  0.85608729,
          0.52407116,  0.75548332],
        [-0.02814422,  0.        ,  0.33106452, ...,  0.84120235,
          0.49989385,  0.73674487],
        [-0.35749049, -0.33106452,  0.        , ...,  0.61475201,
          0.18497332,  0.47134226],
        ...,
        [-0.85608729, -0.84120235, -0.61475201, ...,  0.        ,
         -0.45825133, -0.17042349],
        [-0.52407116, -0.49989385, -0.18497332, ...,  0.45825133,
          0.        ,  0.30007127],
        [-0.75548332, -0.73674487, -0.47134226, ...,  0.17042349,
         -0.30007127,  0.        ]],

       [[ 0.        ,  0.21852872,  0.45642315, ...,  0.55962943,
          0.17752087,  0.40807986],
        [-0.21852872,  0.        ,  0.25095291, ...,  0.36499934,
         -0.04182756,  0.19871181],
        [-0.45642315, -0.25095291,  0.        , ...,  0.11967999,
         -0.29122233, -0.05359551],
        ...,
        [-0.55962943, -0.36499934, -0.11967999, ...,  0.        ,
         -0.40362169, -0.17271827],
        [-0.17752087,  0.04182756,  0.29122233, ...,  0.40362169,
          0.        ,  0.23953133],
        [-0.40807986, -0.19871181,  0.05359551, ...,  0.17271827,
         -0.23953133,  0.        ]],

       [[ 0.        , -0.07839153, -0.05910566, ...,  0.57554095,
          0.64588139,  0.87346861],
        [ 0.07839153,  0.        ,  0.01933071, ...,  0.63787629,
          0.70374084,  0.90894795],
        [ 0.05910566, -0.01933071,  0.        , ...,  0.62286976,
          0.68987571,  0.90071894],
        ...,
        [-0.57554095, -0.63787629, -0.62286976, ...,  0.        ,
          0.08879463,  0.43407936],
        [-0.64588139, -0.70374084, -0.68987571, ..., -0.08879463,
          0.        ,  0.35237189],
        [-0.87346861, -0.90894795, -0.90071894, ..., -0.43407936,
         -0.35237189,  0.        ]],

       ...,

       [[ 0.        , -0.0640177 ,  0.04115913, ...,  0.24078001,
         -0.07751538,  0.05372422],
        [ 0.0640177 ,  0.        ,  0.10503815, ...,  0.30242039,
         -0.01353129,  0.11753926],
        [-0.04115913, -0.10503815,  0.        , ...,  0.20062776,
         -0.11848497,  0.01257901],
        ...,
        [-0.24078001, -0.30242039, -0.20062776, ...,  0.        ,
         -0.31529039, -0.18828864],
        [ 0.07751538,  0.01353129,  0.11848497, ...,  0.31529039,
          0.        ,  0.130966  ],
        [-0.05372422, -0.11753926, -0.01257901, ...,  0.18828864,
         -0.130966  ,  0.        ]],

       [[ 0.        , -0.17753001, -0.3276169 , ..., -0.17422668,
         -0.01113844,  0.45744397],
        [ 0.17753001,  0.        , -0.15468059, ...,  0.00335563,
          0.16655749,  0.60804416],
        [ 0.3276169 ,  0.15468059,  0.        , ...,  0.15799496,
          0.31707286,  0.72352748],
        ...,
        [ 0.17422668, -0.00335563, -0.15799496, ...,  0.        ,
          0.16324779,  0.60537669],
        [ 0.01113844, -0.16655749, -0.31707286, ..., -0.16324779,
          0.        ,  0.46732032],
        [-0.45744397, -0.60804416, -0.72352748, ..., -0.60537669,
         -0.46732032,  0.        ]],

       [[ 0.        ,  0.69280475,  0.91869723, ...,  0.99865819,
          0.9940026 ,  0.98375185],
        [-0.69280475,  0.        ,  0.38886383, ...,  0.75603539,
          0.79256299,  0.83378995],
        [-0.91869723, -0.38886383,  0.        , ...,  0.44200848,
          0.49305923,  0.55348208],
        ...,
        [-0.99865819, -0.75603539, -0.44200848, ...,  0.        ,
          0.05773398,  0.12834777],
        [-0.9940026 , -0.79256299, -0.49305923, ..., -0.05773398,
          0.        ,  0.07087721],
        [-0.98375185, -0.83378995, -0.55348208, ..., -0.12834777,
         -0.07087721,  0.        ]]]), 'num': array([ 7.07102580e-01,  7.07102580e-01,  0.00000000e+00,  1.14619047e-03,
        1.15759535e-03,  1.13288478e-03,  1.25607649e-03, -1.33056937e-05,
        1.15607470e-03,  1.12689722e-03,  1.10145800e-03,  1.23732192e-06,
        1.18696142e-03,  1.06683302e-03])}
{'img': array([[[ 0.        ,  0.33106452,  0.05714631, ...,  0.49989385,
          0.73674487,  0.46477021],
        [-0.33106452,  0.        , -0.27659978, ...,  0.18497332,
          0.47134226,  0.14542604],
        [-0.05714631,  0.27659978,  0.        , ...,  0.44958327,
          0.69690022,  0.41341155],
        ...,
        [-0.49989385, -0.18497332, -0.44958327, ...,  0.        ,
          0.30007127, -0.04009039],
        [-0.73674487, -0.47134226, -0.69690022, ..., -0.30007127,
          0.        , -0.33807293],
        [-0.46477021, -0.14542604, -0.41341155, ...,  0.04009039,
          0.33807293,  0.        ]],

       [[ 0.        ,  0.25095291, -0.32368656, ..., -0.04182756,
          0.19871181,  0.36043562],
        [-0.25095291,  0.        , -0.55077106, ..., -0.29122233,
         -0.05359551,  0.11481655],
        [ 0.32368656,  0.55077106,  0.        , ...,  0.28382754,
          0.50524562,  0.64296101],
        ...,
        [ 0.04182756,  0.29122233, -0.28382754, ...,  0.        ,
          0.23953133,  0.39913626],
        [-0.19871181,  0.05359551, -0.50524562, ..., -0.23953133,
          0.        ,  0.16789259],
        [-0.36043562, -0.11481655, -0.64296101, ..., -0.39913626,
         -0.16789259,  0.        ]],

       [[ 0.        ,  0.01933071,  0.00642447, ...,  0.70374084,
          0.90894795,  0.71566672],
        [-0.01933071,  0.        , -0.01290705, ...,  0.68987571,
          0.90071894,  0.70203162],
        [-0.00642447,  0.01290705,  0.        , ...,  0.69916201,
          0.90625076,  0.71116484],
        ...,
        [-0.70374084, -0.68987571, -0.69916201, ...,  0.        ,
          0.35237189,  0.01692815],
        [-0.90894795, -0.90071894, -0.90625076, ..., -0.35237189,
          0.        , -0.33647902],
        [-0.71566672, -0.70203162, -0.71116484, ..., -0.01692815,
          0.33647902,  0.        ]],

       ...,

       [[ 0.        ,  0.10503815, -0.1421868 , ..., -0.01353129,
          0.11753926,  0.11753926],
        [-0.10503815,  0.        , -0.24537119, ..., -0.11848497,
          0.01257901,  0.01257901],
        [ 0.1421868 ,  0.24537119,  0.        , ...,  0.12877997,
          0.25754624,  0.25754624],
        ...,
        [ 0.01353129,  0.11848497, -0.12877997, ...,  0.        ,
          0.130966  ,  0.130966  ],
        [-0.11753926, -0.01257901, -0.25754624, ..., -0.130966  ,
          0.        ,  0.        ],
        [-0.11753926, -0.01257901, -0.25754624, ..., -0.130966  ,
          0.        ,  0.        ]],

       [[ 0.        , -0.13889887, -0.38388834, ...,  0.14124857,
          0.38036789,  0.67204237],
        [ 0.13889887,  0.        , -0.25191078, ...,  0.27738568,
          0.50513939,  0.76838435],
        [ 0.38388834,  0.25191078,  0.        , ...,  0.51046558,
          0.7062574 ,  0.90482435],
        ...,
        [-0.14124857, -0.27738568, -0.51046558, ...,  0.        ,
          0.24592272,  0.56070822],
        [-0.38036789, -0.50513939, -0.7062574 , ..., -0.24592272,
          0.        ,  0.33986123],
        [-0.67204237, -0.76838435, -0.90482435, ..., -0.56070822,
         -0.33986123,  0.        ]],

       [[ 0.        ,  0.39315383,  0.69303234, ...,  0.79719655,
          0.8381429 ,  0.86404766],
        [-0.39315383,  0.        ,  0.35379718, ...,  0.4956457 ,
          0.55620349,  0.59655067],
        [-0.69303234, -0.35379718,  0.        , ...,  0.15630679,
          0.22620767,  0.27401815],
        ...,
        [-0.79719655, -0.4956457 , -0.15630679, ...,  0.        ,
          0.07117208,  0.120326  ],
        [-0.8381429 , -0.55620349, -0.22620767, ..., -0.07117208,
          0.        ,  0.04936588],
        [-0.86404766, -0.59655067, -0.27401815, ..., -0.120326  ,
         -0.04936588,  0.        ]]]), 'num': array([7.07102902e-01, 7.07102902e-01, 0.00000000e+00, 1.14999262e-03,
       1.15379425e-03, 1.13478611e-03, 8.05413016e-04, 3.80162851e-06,
       1.15341409e-03, 1.12974895e-03, 1.10199706e-03, 1.21799748e-06,
       1.18849949e-03, 1.07099841e-03])}
{'img': array([[[ 0.        , -0.27659978, -0.38339952, ...,  0.47134226,
          0.14542604,  0.22614925],
        [ 0.27659978,  0.        , -0.11297853, ...,  0.69690022,
          0.41341155,  0.48675989],
        [ 0.38339952,  0.11297853,  0.        , ...,  0.77346286,
          0.5136366 ,  0.58233417],
        ...,
        [-0.47134226, -0.69690022, -0.77346286, ...,  0.        ,
         -0.33807293, -0.25967862],
        [-0.14542604, -0.41341155, -0.5136366 , ...,  0.33807293,
          0.        ,  0.08208665],
        [-0.22614925, -0.48675989, -0.58233417, ...,  0.25967862,
         -0.08208665,  0.        ]],

       [[ 0.        , -0.55077106, -0.47608842, ..., -0.05359551,
          0.11481655, -0.20323864],
        [ 0.55077106,  0.        ,  0.08697642, ...,  0.50524562,
          0.64296101,  0.36964162],
        [ 0.47608842, -0.08697642,  0.        , ...,  0.4282724 ,
          0.57390928,  0.28742455],
        ...,
        [ 0.05359551, -0.50524562, -0.4282724 , ...,  0.        ,
          0.16789259, -0.1504696 ],
        [-0.11481655, -0.64296101, -0.57390928, ..., -0.16789259,
          0.        , -0.3143148 ],
        [ 0.20323864, -0.36964162, -0.28742455, ...,  0.1504696 ,
          0.3143148 ,  0.        ]],

       [[ 0.        , -0.01290705, -0.02573471, ...,  0.90071894,
          0.70203162,  0.62286976],
        [ 0.01290705,  0.        , -0.0128298 , ...,  0.90625076,
          0.71116484,  0.63291539],
        [ 0.02573471,  0.0128298 ,  0.        , ...,  0.91159985,
          0.72012598,  0.6427964 ],
        ...,
        [-0.90071894, -0.90625076, -0.91159985, ...,  0.        ,
         -0.33647902, -0.43407936],
        [-0.70203162, -0.71116484, -0.72012598, ...,  0.33647902,
          0.        , -0.10564319],
        [-0.62286976, -0.63291539, -0.6427964 , ...,  0.43407936,
          0.10564319,  0.        ]],

       ...,

       [[ 0.        , -0.24537119, -0.3558944 , ...,  0.01257901,
          0.01257901, -0.02880959],
        [ 0.24537119,  0.        , -0.11570862, ...,  0.25754624,
          0.25754624,  0.21734049],
        [ 0.3558944 ,  0.11570862,  0.        , ...,  0.36762166,
          0.36762166,  0.32882336],
        ...,
        [-0.01257901, -0.25754624, -0.36762166, ...,  0.        ,
          0.        , -0.0413811 ],
        [-0.01257901, -0.25754624, -0.36762166, ...,  0.        ,
          0.        , -0.0413811 ],
        [ 0.02880959, -0.21734049, -0.32882336, ...,  0.0413811 ,
          0.0413811 ,  0.        ]],

       [[ 0.        , -0.24024516, -0.58976412, ...,  0.44818084,
          0.5822142 ,  0.79789738],
        [ 0.24024516,  0.        , -0.37847513, ...,  0.64982009,
          0.76049028,  0.91934693],
        [ 0.58976412,  0.37847513,  0.        , ...,  0.88915535,
          0.94968109,  0.99986829],
        ...,
        [-0.44818084, -0.64982009, -0.88915535, ...,  0.        ,
          0.15607935,  0.44311429],
        [-0.5822142 , -0.76049028, -0.94968109, ..., -0.15607935,
          0.        ,  0.29776402],
        [-0.79789738, -0.91934693, -0.99986829, ..., -0.44311429,
         -0.29776402,  0.        ]],

       [[ 0.        ,  0.35379718,  0.72989296, ...,  0.55620349,
          0.59655067,  0.66413293],
        [-0.35379718,  0.        ,  0.44084295, ...,  0.22620767,
          0.27401815,  0.35667434],
        [-0.72989296, -0.44084295,  0.        , ..., -0.22637546,
         -0.1780151 , -0.0917029 ],
        ...,
        [-0.55620349, -0.22620767,  0.22637546, ...,  0.        ,
          0.04936588,  0.13609931],
        [-0.59655067, -0.27401815,  0.1780151 , ..., -0.04936588,
          0.        ,  0.08702682],
        [-0.66413293, -0.35667434,  0.0917029 , ..., -0.13609931,
         -0.08702682,  0.        ]]]), 'num': array([7.07101723e-01, 7.07101723e-01, 0.00000000e+00, 1.16519719e-03,
       1.16899882e-03, 1.14048665e-03, 1.96751055e-03, 1.52064887e-05,
       1.15379233e-03, 1.13373877e-03, 1.10243875e-03, 1.32698132e-06,
       1.19070573e-03, 1.07677181e-03])}
{'img': array([[[ 0.        , -0.11297853, -0.05714631, ...,  0.41341155,
          0.48675989,  0.92221954],
        [ 0.11297853,  0.        ,  0.05601347, ...,  0.5136366 ,
          0.58233417,  0.96      ],
        [ 0.05714631, -0.05601347,  0.        , ...,  0.46477021,
          0.53588379,  0.94280904],
        ...,
        [-0.41341155, -0.5136366 , -0.46477021, ...,  0.        ,
          0.08208665,  0.67986927],
        [-0.48675989, -0.58233417, -0.53588379, ..., -0.08208665,
          0.        ,  0.61737797],
        [-0.92221954, -0.96      , -0.94280904, ..., -0.67986927,
         -0.61737797,  0.        ]],

       [[ 0.        ,  0.08697642,  0.14616273, ...,  0.64296101,
          0.36964162,  0.88726893],
        [-0.08697642,  0.        ,  0.05956648, ...,  0.57390928,
          0.28742455,  0.84378842],
        [-0.14616273, -0.05956648,  0.        , ...,  0.5241101 ,
          0.22986121,  0.81032224],
        ...,
        [-0.64296101, -0.57390928, -0.5241101 , ...,  0.        ,
         -0.3143148 ,  0.38299094],
        [-0.36964162, -0.28742455, -0.22986121, ...,  0.3143148 ,
          0.        ,  0.65392946],
        [-0.88726893, -0.84378842, -0.81032224, ..., -0.38299094,
         -0.65392946,  0.        ]],

       [[ 0.        , -0.0128298 , -0.00642447, ...,  0.71116484,
          0.63291539,  0.64340576],
        [ 0.0128298 ,  0.        ,  0.00640559, ...,  0.72012598,
          0.6427964 ,  0.65317434],
        [ 0.00642447, -0.00640559,  0.        , ...,  0.71566672,
          0.63787629,  0.64831057],
        ...,
        [-0.71116484, -0.72012598, -0.71566672, ...,  0.        ,
         -0.10564319, -0.09208417],
        [-0.63291539, -0.6427964 , -0.63787629, ...,  0.10564319,
          0.        ,  0.01362546],
        [-0.64340576, -0.65317434, -0.64831057, ...,  0.09208417,
         -0.01362546,  0.        ]],

       ...,

       [[ 0.        , -0.11570862, -0.36315766, ...,  0.25754624,
          0.21734049,  0.45758816],
        [ 0.11570862,  0.        , -0.25290947, ...,  0.36762166,
          0.32882336,  0.5573986 ],
        [ 0.36315766,  0.25290947,  0.        , ...,  0.59086985,
          0.55697884,  0.74925437],
        ...,
        [-0.25754624, -0.36762166, -0.59086985, ...,  0.        ,
         -0.0413811 ,  0.21315096],
        [-0.21734049, -0.32882336, -0.55697884, ...,  0.0413811 ,
          0.        ,  0.25339851],
        [-0.45758816, -0.5573986 , -0.74925437, ..., -0.21315096,
         -0.25339851,  0.        ]],

       [[ 0.        , -0.36427627, -0.45278204, ...,  0.67936154,
          0.75565271,  0.93694013],
        [ 0.36427627,  0.        , -0.09687536, ...,  0.89999052,
          0.94232345,  0.99987472],
        [ 0.45278204,  0.09687536,  0.        , ...,  0.93798632,
          0.97031579,  0.99363847],
        ...,
        [-0.67936154, -0.89999052, -0.93798632, ...,  0.        ,
          0.10953763,  0.45010015],
        [-0.75565271, -0.94232345, -0.97031579, ..., -0.10953763,
          0.        ,  0.34957704],
        [-0.93694013, -0.99987472, -0.99363847, ..., -0.45010015,
         -0.34957704,  0.        ]],

       [[ 0.        ,  0.44084295,  0.60011039, ...,  0.27401815,
          0.35667434,  0.47057754],
        [-0.44084295,  0.        ,  0.18601178, ..., -0.1780151 ,
         -0.0917029 ,  0.0334014 ],
        [-0.60011039, -0.18601178,  0.        , ..., -0.35794905,
         -0.27533045, -0.15308952],
        ...,
        [-0.27401815,  0.1780151 ,  0.35794905, ...,  0.        ,
          0.08702682,  0.21078368],
        [-0.35667434,  0.0917029 ,  0.27533045, ..., -0.08702682,
          0.        ,  0.12491239],
        [-0.47057754, -0.0334014 ,  0.15308952, ..., -0.21078368,
         -0.12491239,  0.        ]]]), 'num': array([7.07101980e-01, 7.07101980e-01, 0.00000000e+00, 1.16899924e-03,
       1.17850330e-03, 1.15189193e-03, 1.74659891e-03, 3.80162355e-06,
       1.15797453e-03, 1.13773089e-03, 1.10323115e-03, 1.14048706e-06,
       1.19280164e-03, 1.08266013e-03])}
{'img': array([[[ 0.        ,  0.05397682,  0.24926236, ...,  0.55147229,
          0.84024057,  0.96907834],
        [-0.05397682,  0.        ,  0.19662588, ...,  0.50564125,
          0.80974868,  0.95434665],
        [-0.24926236, -0.19662588,  0.        , ...,  0.32613265,
          0.67856572,  0.87698405],
        ...,
        [-0.55147229, -0.50564125, -0.32613265, ...,  0.        ,
          0.40190709,  0.67232099],
        [-0.84024057, -0.80974868, -0.67856572, ..., -0.40190709,
          0.        ,  0.31811555],
        [-0.96907834, -0.95434665, -0.87698405, ..., -0.67232099,
         -0.31811555,  0.        ]],

       [[ 0.        ,  0.05956648,  0.27028967, ...,  0.28742455,
          0.84378842,  0.77656112],
        [-0.05956648,  0.        ,  0.21246036, ...,  0.22986121,
          0.81032224,  0.73765283],
        [-0.27028967, -0.21246036,  0.        , ...,  0.01784201,
          0.66732384,  0.57736296],
        ...,
        [-0.28742455, -0.22986121, -0.01784201, ...,  0.        ,
          0.65392946,  0.56270327],
        [-0.84378842, -0.81032224, -0.66732384, ..., -0.65392946,
          0.        , -0.11486037],
        [-0.77656112, -0.73765283, -0.57736296, ..., -0.56270327,
          0.11486037,  0.        ]],

       [[ 0.        ,  0.00640559,  0.05177556, ...,  0.6427964 ,
          0.65317434,  0.78648449],
        [-0.00640559,  0.        ,  0.04537749, ...,  0.63787629,
          0.64831057,  0.78251219],
        [-0.05177556, -0.04537749,  0.        , ...,  0.60227225,
          0.61309342,  0.75345251],
        ...,
        [-0.6427964 , -0.63787629, -0.60227225, ...,  0.        ,
          0.01362546,  0.20547877],
        [-0.65317434, -0.64831057, -0.61309342, ..., -0.01362546,
          0.        ,  0.19212498],
        [-0.78648449, -0.78251219, -0.75345251, ..., -0.20547877,
         -0.19212498,  0.        ]],

       ...,

       [[ 0.        , -0.25290947, -0.30151109, ...,  0.32882336,
          0.5573986 ,  0.1786521 ],
        [ 0.25290947,  0.        , -0.05056921, ...,  0.55697884,
          0.74925437,  0.42168485],
        [ 0.30151109,  0.05056921,  0.        , ...,  0.59826529,
          0.78178684,  0.46699858],
        ...,
        [-0.32882336, -0.55697884, -0.59826529, ...,  0.        ,
          0.25339851, -0.15481584],
        [-0.5573986 , -0.74925437, -0.78178684, ..., -0.25339851,
          0.        , -0.40010633],
        [-0.1786521 , -0.42168485, -0.46699858, ...,  0.15481584,
          0.40010633,  0.        ]],

       [[ 0.        , -0.09426654, -0.14386396, ...,  0.90079543,
          0.95586785,  0.99901234],
        [ 0.09426654,  0.        , -0.0499374 , ...,  0.93771883,
          0.97930659,  0.99037514],
        [ 0.14386396,  0.0499374 ,  0.        , ...,  0.9538969 ,
          0.9881912 ,  0.9822277 ],
        ...,
        [-0.90079543, -0.93771883, -0.9538969 , ...,  0.        ,
          0.15042863,  0.47384037],
        [-0.95586785, -0.97930659, -0.9881912 , ..., -0.15042863,
          0.        ,  0.33597941],
        [-0.99901234, -0.99037514, -0.9822277 , ..., -0.47384037,
         -0.33597941,  0.        ]],

       [[ 0.        ,  0.18601178,  0.35856518, ..., -0.0917029 ,
          0.0334014 ,  0.16842915],
        [-0.18601178,  0.        ,  0.17866446, ..., -0.27533045,
         -0.15308952, -0.01786472],
        [-0.35856518, -0.17866446,  0.        , ..., -0.44265942,
         -0.32718474, -0.19621323],
        ...,
        [ 0.0917029 ,  0.27533045,  0.44265942, ...,  0.        ,
          0.12491239,  0.25811227],
        [-0.0334014 ,  0.15308952,  0.32718474, ..., -0.12491239,
          0.        ,  0.13541095],
        [-0.16842915,  0.01786472,  0.19621323, ..., -0.25811227,
         -0.13541095,  0.        ]]]), 'num': array([7.07102443e-01, 7.07102443e-01, 0.00000000e+00, 1.17850407e-03,
       1.18420651e-03, 1.16139675e-03, 1.28264962e-03, 9.50406510e-06,
       1.16177692e-03, 1.14153326e-03, 1.10430900e-03, 1.13086344e-06,
       1.19683973e-03, 1.08622679e-03])}
{'img': array([[[ 0.        ,  0.17861835,  0.02507072, ...,  0.68636769,
          0.75158075,  0.97560976],
        [-0.17861835,  0.        , -0.15389466, ...,  0.54542879,
          0.62167015,  0.92071152],
        [-0.02507072,  0.15389466,  0.        , ...,  0.66791915,
          0.73480684,  0.96979977],
        ...,
        [-0.68636769, -0.54542879, -0.66791915, ...,  0.        ,
          0.0938343 ,  0.55885069],
        [-0.75158075, -0.62167015, -0.73480684, ..., -0.0938343 ,
          0.        ,  0.47857114],
        [-0.97560976, -0.92071152, -0.96979977, ..., -0.55885069,
         -0.47857114,  0.        ]],

       [[ 0.        ,  0.21246036,  0.06754018, ...,  0.81032224,
          0.73765283,  0.53789933],
        [-0.21246036,  0.        , -0.14597701, ...,  0.66732384,
          0.57736296,  0.34651291],
        [-0.06754018,  0.14597701,  0.        , ...,  0.76889441,
          0.69036665,  0.47973409],
        ...,
        [-0.81032224, -0.66732384, -0.76889441, ...,  0.        ,
         -0.11486037, -0.36790831],
        [-0.73765283, -0.57736296, -0.69036665, ...,  0.11486037,
          0.        , -0.25866906],
        [-0.53789933, -0.34651291, -0.47973409, ...,  0.36790831,
          0.25866906,  0.        ]],

       [[ 0.        ,  0.04424585, -0.01870563, ...,  0.61836033,
          0.73275516,  0.91801238],
        [-0.04424585,  0.        , -0.06292542, ...,  0.58298218,
          0.70192859,  0.89956758],
        [ 0.01870563,  0.06292542,  0.        , ...,  0.6329528 ,
          0.74535599,  0.92526951],
        ...,
        [-0.61836033, -0.58298218, -0.6329528 , ...,  0.        ,
          0.15507892,  0.47624922],
        [-0.73275516, -0.70192859, -0.74535599, ..., -0.15507892,
          0.        ,  0.3341251 ],
        [-0.91801238, -0.89956758, -0.92526951, ..., -0.47624922,
         -0.3341251 ,  0.        ]],

       ...,

       [[ 0.        , -0.05056921, -0.09287228, ...,  0.74925437,
          0.42168485,  0.40494749],
        [ 0.05056921,  0.        , -0.0424028 , ...,  0.78178684,
          0.46699858,  0.45066683],
        [ 0.09287228,  0.0424028 ,  0.        , ...,  0.80752379,
          0.50407357,  0.48811415],
        ...,
        [-0.74925437, -0.78178684, -0.80752379, ...,  0.        ,
         -0.40010633, -0.41688364],
        [-0.42168485, -0.46699858, -0.50407357, ...,  0.40010633,
          0.        , -0.01838022],
        [-0.40494749, -0.45066683, -0.48811415, ...,  0.41688364,
          0.01838022,  0.        ]],

       [[ 0.        , -0.04769528, -0.11447435, ...,  0.92475827,
          0.96117136,  0.98290766],
        [ 0.04769528,  0.        , -0.06696233, ...,  0.94185652,
          0.9732391 ,  0.97300838],
        [ 0.11447435,  0.06696233,  0.        , ...,  0.96224289,
          0.98644226,  0.95537158],
        ...,
        [-0.92475827, -0.94185652, -0.96224289, ...,  0.        ,
          0.11058952,  0.54429777],
        [-0.96117136, -0.9732391 , -0.98644226, ..., -0.11058952,
          0.        ,  0.44818647],
        [-0.98290766, -0.97300838, -0.95537158, ..., -0.54429777,
         -0.44818647,  0.        ]],

       [[ 0.        ,  0.17866446,  0.34821016, ..., -0.15308952,
         -0.01786472,  0.07032542],
        [-0.17866446,  0.        ,  0.17512446, ..., -0.32718474,
         -0.19621323, -0.10902821],
        [-0.34821016, -0.17512446,  0.        , ..., -0.48761421,
         -0.36490127, -0.28142381],
        ...,
        [ 0.15308952,  0.32718474,  0.48761421, ...,  0.        ,
          0.13541095,  0.22220694],
        [ 0.01786472,  0.19621323,  0.36490127, ..., -0.13541095,
          0.        ,  0.08813469],
        [-0.07032542,  0.10902821,  0.28142381, ..., -0.22220694,
         -0.08813469,  0.        ]]]), 'num': array([ 7.07102823e-01,  7.07102823e-01,  0.00000000e+00,  1.16139738e-03,
        1.18230633e-03,  1.15379412e-03,  7.76007332e-04, -1.71073264e-05,
        1.16481884e-03,  1.14467022e-03,  1.10503824e-03,  1.08949097e-06,
        1.19692843e-03,  1.09241200e-03])}
{'img': array([[[ 0.        , -0.15389466, -0.10367841, ...,  0.62167015,
          0.92071152,  0.47463494],
        [ 0.15389466,  0.        ,  0.05062199, ...,  0.73480684,
          0.96979977,  0.60443616],
        [ 0.10367841, -0.05062199,  0.        , ...,  0.69952903,
          0.95620955,  0.56333301],
        ...,
        [-0.62167015, -0.73480684, -0.69952903, ...,  0.        ,
          0.47857114, -0.1754117 ],
        [-0.92071152, -0.96979977, -0.95620955, ..., -0.47857114,
          0.        , -0.62517101],
        [-0.47463494, -0.60443616, -0.56333301, ...,  0.1754117 ,
          0.62517101,  0.        ]],

       [[ 0.        , -0.14597701, -0.5698065 , ...,  0.57736296,
          0.34651291, -0.00771418],
        [ 0.14597701,  0.        , -0.44374191, ...,  0.69036665,
          0.47973409,  0.13834111],
        [ 0.5698065 ,  0.44374191,  0.        , ...,  0.93970464,
          0.81926125,  0.5634502 ],
        ...,
        [-0.57736296, -0.69036665, -0.93970464, ...,  0.        ,
         -0.25866906, -0.58364431],
        [-0.34651291, -0.47973409, -0.81926125, ...,  0.25866906,
          0.        , -0.35373885],
        [ 0.00771418, -0.13834111, -0.5634502 , ...,  0.58364431,
          0.35373885,  0.        ]],

       [[ 0.        , -0.0606162 , -0.05462616, ...,  0.64480851,
          0.75353535,  0.91454048],
        [ 0.0606162 ,  0.        ,  0.00599998, ...,  0.68995444,
          0.79199925,  0.93737769],
        [ 0.05462616, -0.00599998,  0.        , ...,  0.68559892,
          0.78832187,  0.93527094],
        ...,
        [-0.64480851, -0.68995444, -0.68559892, ...,  0.        ,
          0.15205846,  0.43820225],
        [-0.75353535, -0.79199925, -0.78832187, ..., -0.15205846,
          0.        ,  0.29642485],
        [-0.91454048, -0.93737769, -0.93527094, ..., -0.43820225,
         -0.29642485,  0.        ]],

       ...,

       [[ 0.        , -0.0424028 ,  0.11916151, ...,  0.46699858,
          0.45066683,  0.38038914],
        [ 0.0424028 ,  0.        ,  0.16115501, ...,  0.50407357,
          0.48811415,  0.41926225],
        [-0.11916151, -0.16115501,  0.        , ...,  0.35830163,
          0.34108122,  0.2674751 ],
        ...,
        [-0.46699858, -0.50407357, -0.35830163, ...,  0.        ,
         -0.01838022, -0.09553051],
        [-0.45066683, -0.48811415, -0.34108122, ...,  0.01838022,
          0.        , -0.07721821],
        [-0.38038914, -0.41926225, -0.2674751 , ...,  0.09553051,
          0.07721821,  0.        ]],

       [[ 0.        , -0.06690118, -0.09561747, ...,  0.972325  ,
          0.98628815,  0.97279718],
        [ 0.06690118,  0.        , -0.0288086 , ...,  0.98577689,
          0.97303761,  0.95511951],
        [ 0.09561747,  0.0288086 ,  0.        , ...,  0.99020929,
          0.96598915,  0.94618938],
        ...,
        [-0.972325  , -0.98577689, -0.99020929, ...,  0.        ,
          0.39089399,  0.45252425],
        [-0.98628815, -0.97303761, -0.96598915, ..., -0.39089399,
          0.        ,  0.06793894],
        [-0.97279718, -0.95511951, -0.94618938, ..., -0.45252425,
         -0.06793894,  0.        ]],

       [[ 0.        ,  0.17512446,  0.30544662, ..., -0.19621323,
         -0.10902821,  0.06092978],
        [-0.17512446,  0.        ,  0.13397121, ..., -0.36490127,
         -0.28142381, -0.1148109 ],
        [-0.30544662, -0.13397121,  0.        , ..., -0.48634516,
         -0.40744341, -0.24686122],
        ...,
        [ 0.19621323,  0.36490127,  0.48634516, ...,  0.        ,
          0.08813469,  0.25559406],
        [ 0.10902821,  0.28142381,  0.40744341, ..., -0.08813469,
          0.        ,  0.1693922 ],
        [-0.06092978,  0.1148109 ,  0.24686122, ..., -0.25559406,
         -0.1693922 ,  0.        ]]]), 'num': array([7.07102304e-01, 7.07102304e-01, 0.00000000e+00, 1.18800790e-03,
       1.18990872e-03, 1.15569409e-03, 1.38941801e-03, 2.66113770e-05,
       1.17242124e-03, 1.14980157e-03, 1.10598784e-03, 1.13611790e-06,
       1.19773673e-03, 1.10186641e-03])}
{'img': array([[[ 0.        ,  0.04686835, -0.09259995, ...,  0.79154791,
          0.54129598,  0.98502461],
        [-0.04686835,  0.        , -0.13916517, ...,  0.76203648,
          0.50129272,  0.97586139],
        [ 0.09259995,  0.13916517,  0.        , ...,  0.84473543,
          0.61683126,  0.99675786],
        ...,
        [-0.79154791, -0.76203648, -0.84473543, ...,  0.        ,
         -0.33476909,  0.46548176],
        [-0.54129598, -0.50129272, -0.61683126, ...,  0.33476909,
          0.        ,  0.73491344],
        [-0.98502461, -0.97586139, -0.99675786, ..., -0.46548176,
         -0.73491344,  0.        ]],

       [[ 0.        , -0.44374191, -0.18172974, ...,  0.47973409,
          0.13834111,  0.53456015],
        [ 0.44374191,  0.        ,  0.27349499, ...,  0.81926125,
          0.5634502 ,  0.85406834],
        [ 0.18172974, -0.27349499,  0.        , ...,  0.63119801,
          0.31601988,  0.67924426],
        ...,
        [-0.47973409, -0.81926125, -0.63119801, ...,  0.        ,
         -0.35373885,  0.06359264],
        [-0.13834111, -0.5634502 , -0.31601988, ...,  0.35373885,
          0.        ,  0.41250387],
        [-0.53456015, -0.85406834, -0.67924426, ..., -0.06359264,
         -0.41250387,  0.        ]],

       [[ 0.        ,  0.00553951,  0.        , ...,  0.67263075,
          0.73460923,  0.96098637],
        [-0.00553951,  0.        , -0.00553951, ...,  0.66852132,
          0.73083945,  0.95943942],
        [ 0.        ,  0.00553951,  0.        , ...,  0.67263075,
          0.73460923,  0.96098637],
        ...,
        [-0.67263075, -0.66852132, -0.67263075, ...,  0.        ,
          0.08722134,  0.52506224],
        [-0.73460923, -0.73083945, -0.73460923, ..., -0.08722134,
          0.        ,  0.44883028],
        [-0.96098637, -0.95943942, -0.96098637, ..., -0.52506224,
         -0.44883028,  0.        ]],

       ...,

       [[ 0.        ,  0.16115501,  0.07133528, ...,  0.48811415,
          0.41926225,  0.49683042],
        [-0.16115501,  0.        , -0.09034159, ...,  0.34108122,
          0.2674751 ,  0.3504784 ],
        [-0.07133528,  0.09034159,  0.        , ...,  0.42461064,
          0.35343132,  0.43365654],
        ...,
        [-0.48811415, -0.34108122, -0.42461064, ...,  0.        ,
         -0.07721821,  0.01001483],
        [-0.41926225, -0.2674751 , -0.35343132, ...,  0.07721821,
          0.        ,  0.08719927],
        [-0.49683042, -0.3504784 , -0.43365654, ..., -0.01001483,
         -0.08719927,  0.        ]],

       [[ 0.        , -0.02857797, -0.07976559, ...,  0.99575157,
          0.99468609,  0.95279519],
        [ 0.02857797,  0.        , -0.0512461 , ...,  0.9927134 ,
          0.99133761,  0.94372937],
        [ 0.07976559,  0.0512461 ,  0.        , ...,  0.9852339 ,
          0.98330447,  0.92554132],
        ...,
        [-0.99575157, -0.9927134 , -0.9852339 , ...,  0.        ,
          0.01092569,  0.21459008],
        [-0.99468609, -0.99133761, -0.98330447, ..., -0.01092569,
          0.        ,  0.20390611],
        [-0.95279519, -0.94372937, -0.92554132, ..., -0.21459008,
         -0.20390611,  0.        ]],

       [[ 0.        ,  0.13397121,  0.30325249, ..., -0.28142381,
         -0.1148109 ,  0.24504655],
        [-0.13397121,  0.        ,  0.1728562 , ..., -0.40744341,
         -0.24686122,  0.1129509 ],
        [-0.30325249, -0.1728562 ,  0.        , ..., -0.55916774,
         -0.41065168, -0.06049936],
        ...,
        [ 0.28142381,  0.40744341,  0.55916774, ...,  0.        ,
          0.1693922 ,  0.50798621],
        [ 0.1148109 ,  0.24686122,  0.41065168, ..., -0.1693922 ,
          0.        ,  0.35473661],
        [-0.24504655, -0.1129509 ,  0.06049936, ..., -0.50798621,
         -0.35473661,  0.        ]]]), 'num': array([7.07102517e-01, 7.07102517e-01, 0.00000000e+00, 1.19561151e-03,
       1.19751233e-03, 1.17470257e-03, 1.09418412e-03, 7.60325287e-06,
       1.17850420e-03, 1.15483907e-03, 1.10725538e-03, 1.31414247e-06,
       1.19969947e-03, 1.10997867e-03])}
{'img': array([[[ 0.        , -0.13222949, -0.17566391, ...,  0.46480656,
          0.83203004,  0.98632113],
        [ 0.13222949,  0.        , -0.04394808, ...,  0.57780276,
          0.89807583,  0.99945644],
        [ 0.17566391,  0.04394808,  0.        , ...,  0.61311388,
          0.91653828,  0.99993962],
        ...,
        [-0.46480656, -0.57780276, -0.61311388, ...,  0.        ,
          0.47884718,  0.79668435],
        [-0.83203004, -0.89807583, -0.91653828, ..., -0.47884718,
          0.        ,  0.40999468],
        [-0.98632113, -0.99945644, -0.99993962, ..., -0.79668435,
         -0.40999468,  0.        ]],

       [[ 0.        ,  0.27349499,  0.40002848, ...,  0.5634502 ,
          0.85406834,  0.74466975],
