state_0,state_1,state_2,state_3,state_4,state_5,state_6,state_7,state_8,state_9,state_10,state_11,state_12,state_13,state_14,state_15,state_16,state_17,state_18,state_19,state_20,state_21,state_22,state_23,state_24,state_25,state_26,state_27,state_28,state_29,state_30,state_31,state_32,state_33,state_34,state_35,state_36,state_37,state_38,state_39,state_40,state_41,state_42,state_43,state_44,state_45,state_46,state_47,state_48,state_49,state_50,state_51,state_52,state_53,state_54,state_55,state_56,state_57,state_58,state_59,state_60,state_61,state_62,state_63,state_64,state_65,state_66,state_67,state_68,state_69,state_70,state_71,state_72,state_73,state_74,state_75,state_76,state_77,state_78,state_79,state_80,state_81,state_82,state_83,state_84,state_85,state_86,state_87,state_88,state_89,state_90,state_91,state_92,state_93,state_94,state_95,state_96,state_97,state_98,state_99,state_100,state_101,state_102,state_103,state_104,state_105,state_106,state_107,state_108,state_109,state_110,state_111,state_112,state_113,state_114,state_115,state_116,state_117,state_118,state_119,state_120,state_121,state_122,state_123,state_124,state_125,state_126,state_127,state_128,state_129,state_130,state_131,state_132,state_133,state_134,state_135,state_136,state_137,state_138,state_139,state_140,state_141,state_142,state_143,state_144,state_145,state_146,state_147,state_148,state_149,state_150,state_151,state_152,state_153,state_154,state_155,state_156,state_157,state_158,state_159,state_160,state_161,state_162,state_163,state_164,state_165,state_166,state_167,state_168,state_169,state_170,state_171,state_172,state_173,state_174,state_175,state_176,state_177,state_178,state_179,state_180,state_181,state_182,state_183,state_184,state_185,state_186,state_187,state_188,state_189,state_190,state_191,state_192,state_193,state_194,state_195,state_196,state_197,state_198,state_199,state_200,state_201,state_202,state_203,state_204,state_205,state_206,state_207,state_208,state_209,state_210,state_211,state_212,state_213,state_214,state_215,state_216,state_217,state_218,state_219,state_220,state_221,state_222,state_223,state_224,state_225,state_226,state_227,state_228,state_229,state_230,state_231,state_232,state_233,state_234,state_235,state_236,state_237,state_238,state_239,state_240,state_241,state_242,state_243,state_244,state_245,state_246,state_247,state_248,state_249,state_250,state_251,state_252,state_253,state_254,state_255,state_256,state_257,state_258,state_259,state_260,state_261,state_262,state_263,state_264,state_265,state_266,state_267,state_268,state_269,state_270,state_271,state_272,state_273,state_274,state_275,state_276,state_277,state_278,state_279,state_280,state_281,state_282,state_283,state_284,state_285,state_286,state_287
{'img': array([[[ 0.        ,  0.19427467,  0.32873409, ...,  0.99376872,
          0.99886427,  0.99764304],
        [-0.19427467,  0.        ,  0.1389934 , ...,  0.99648882,
          0.98908956,  0.99196577],
        [-0.32873409, -0.1389934 ,  0.        , ...,  0.97517884,
          0.95901289,  0.96475348],
        ...,
        [-0.99376872, -0.99648882, -0.97517884, ...,  0.        ,
         -0.06398573, -0.04300909],
        [-0.99886427, -0.98908956, -0.95901289, ...,  0.06398573,
          0.        ,  0.02100556],
        [-0.99764304, -0.99196577, -0.96475348, ...,  0.04300909,
         -0.02100556,  0.        ]],

       [[ 0.        ,  0.05321393, -0.06857537, ..., -0.02574018,
         -0.32246243,  0.00592269],
        [-0.05321393,  0.        , -0.12156686, ..., -0.07890001,
         -0.37237691, -0.0472987 ],
        [ 0.06857537,  0.12156686,  0.        , ...,  0.04287306,
         -0.25679111,  0.07448291],
        ...,
        [ 0.02574018,  0.07890001, -0.04287306, ...,  0.        ,
         -0.29799039,  0.03166046],
        [ 0.32246243,  0.37237691,  0.25679111, ...,  0.29799039,
          0.        ,  0.32806309],
        [-0.00592269,  0.0472987 , -0.07448291, ..., -0.03166046,
         -0.32806309,  0.        ]],

       [[ 0.        ,  0.28591739,  0.47058824, ...,  0.87303026,
          0.85305462,  0.82864647],
        [-0.28591739,  0.        ,  0.19866313, ...,  0.97601718,
          0.96664111,  0.95410266],
        [-0.47058824, -0.19866313,  0.        , ...,  0.99981072,
          0.99825837,  0.99458091],
        ...,
        [-0.87303026, -0.97601718, -0.99981072, ...,  0.        ,
          0.03956031,  0.08459542],
        [-0.85305462, -0.96664111, -0.99825837, ..., -0.03956031,
          0.        ,  0.04511069],
        [-0.82864647, -0.95410266, -0.99458091, ..., -0.08459542,
         -0.04511069,  0.        ]],

       ...,

       [[ 0.        ,  0.79353349,  0.88029537, ...,  0.012309  ,
          0.012309  , -0.0554253 ],
        [-0.79353349,  0.        ,  0.15921019, ..., -0.78598302,
         -0.78598302, -0.82604147],
        [-0.88029537, -0.15921019,  0.        , ..., -0.87438897,
         -0.87438897, -0.90523742],
        ...,
        [-0.012309  ,  0.78598302,  0.87438897, ...,  0.        ,
          0.        , -0.06771117],
        [-0.012309  ,  0.78598302,  0.87438897, ...,  0.        ,
          0.        , -0.06771117],
        [ 0.0554253 ,  0.82604147,  0.90523742, ...,  0.06771117,
          0.06771117,  0.        ]],

       [[ 0.        ,  0.33372543,  0.48991803, ...,  0.94528497,
          0.93569963,  0.93215447],
        [-0.33372543,  0.        ,  0.17089987, ...,  0.99996861,
          0.99979383,  0.99954326],
        [-0.48991803, -0.17089987,  0.        , ...,  0.98390337,
          0.98855541,  0.99000304],
        ...,
        [-0.94528497, -0.99996861, -0.98390337, ...,  0.        ,
          0.02822627,  0.03813917],
        [-0.93569963, -0.99979383, -0.98855541, ..., -0.02822627,
          0.        ,  0.00991824],
        [-0.93215447, -0.99954326, -0.99000304, ..., -0.03813917,
         -0.00991824,  0.        ]],

       [[ 0.        , -0.05928226, -0.23999365, ...,  0.92845305,
          0.93355665,  0.93644109],
        [ 0.05928226,  0.        , -0.18202186, ...,  0.90479976,
          0.91066624,  0.91399644],
        [ 0.23999365,  0.18202186,  0.        , ...,  0.81217291,
          0.82025206,  0.82487735],
        ...,
        [-0.92845305, -0.90479976, -0.81217291, ...,  0.        ,
         -0.0139841 , -0.02211641],
        [-0.93355665, -0.91066624, -0.82025206, ...,  0.0139841 ,
          0.        , -0.00813357],
        [-0.93644109, -0.91399644, -0.82487735, ...,  0.02211641,
          0.00813357,  0.        ]]]), 'num': array([7.07018533e-01, 7.07018533e-01, 0.00000000e+00, 0.00000000e+00,
       8.11352866e-04, 8.15035254e-04, 8.05215552e-04, 1.56352975e-02,
       1.22746273e-06, 8.07915970e-04, 7.93370537e-04, 7.81934675e-04,
       1.63661698e-06, 8.15699227e-04, 7.71041846e-04])}
{'img': array([[[ 0.        ,  0.1389934 ,  0.11710539, ...,  0.98908956,
          0.99196577,  0.99443877],
        [-0.1389934 ,  0.        , -0.02206837, ...,  0.95901289,
          0.96475348,  0.97014779],
        [-0.11710539,  0.02206837,  0.        , ...,  0.96503268,
          0.97032593,  0.97526342],
        ...,
        [-0.98908956, -0.95901289, -0.96503268, ...,  0.        ,
          0.02100556,  0.04232895],
        [-0.99196577, -0.96475348, -0.97032593, ..., -0.02100556,
          0.        ,  0.02133287],
        [-0.99443877, -0.97014779, -0.97526342, ..., -0.04232895,
         -0.02133287,  0.        ]],

       [[ 0.        , -0.12156686, -0.44507619, ..., -0.37237691,
         -0.0472987 , -0.4585337 ],
        [ 0.12156686,  0.        , -0.33291293, ..., -0.25679111,
          0.07448291, -0.34709919],
        [ 0.44507619,  0.33291293,  0.        , ...,  0.07960621,
          0.40222242, -0.0150846 ],
        ...,
        [ 0.37237691,  0.25679111, -0.07960621, ...,  0.        ,
          0.32806309, -0.09463388],
        [ 0.0472987 , -0.07448291, -0.40222242, ..., -0.32806309,
          0.        , -0.41598724],
        [ 0.4585337 ,  0.34709919,  0.0150846 , ...,  0.09463388,
          0.41598724,  0.        ]],

       [[ 0.        ,  0.31254829,  0.47068927, ...,  0.90036449,
          0.87954934,  0.83542597],
        [-0.31254829,  0.        ,  0.17134756, ...,  0.99125909,
          0.98419844,  0.96535017],
        [-0.47068927, -0.17134756,  0.        , ...,  0.99920482,
          0.99998312,  0.99578777],
        ...,
        [-0.90036449, -0.99125909, -0.99920482, ...,  0.        ,
          0.04567632,  0.13131868],
        [-0.87954934, -0.98419844, -0.99998312, ..., -0.04567632,
          0.        ,  0.08590085],
        [-0.83542597, -0.96535017, -0.99578777, ..., -0.13131868,
         -0.08590085,  0.        ]],

       ...,

       [[ 0.        ,  0.15921019, -0.21843883, ..., -0.78598302,
         -0.82604147, -0.59224746],
        [-0.15921019,  0.        , -0.37101795, ..., -0.87438897,
         -0.90523742, -0.71297775],
        [ 0.21843883,  0.37101795,  0.        , ..., -0.63195265,
         -0.68297893, -0.40193663],
        ...,
        [ 0.78598302,  0.87438897,  0.63195265, ...,  0.        ,
         -0.06771117,  0.26715479],
        [ 0.82604147,  0.90523742,  0.68297893, ...,  0.06771117,
          0.        ,  0.33179178],
        [ 0.59224746,  0.71297775,  0.40193663, ..., -0.26715479,
         -0.33179178,  0.        ]],

       [[ 0.        ,  0.37504695,  0.49510691, ...,  0.94267994,
          0.93924965,  0.931683  ],
        [-0.37504695,  0.        ,  0.13311416, ...,  0.9990223 ,
          0.99941904,  0.99991974],
        [-0.49510691, -0.13311416,  0.        , ...,  0.98424687,
          0.98598811,  0.9893347 ],
        ...,
        [-0.94267994, -0.9990223 , -0.98424687, ...,  0.        ,
          0.01013456,  0.03154856],
        [-0.93924965, -0.99941904, -0.98598811, ..., -0.01013456,
          0.        ,  0.02141743],
        [-0.931683  , -0.99991974, -0.9893347 , ..., -0.03154856,
         -0.02141743,  0.        ]],

       [[ 0.        , -0.18202186, -0.33356676, ...,  0.91066624,
          0.91399644,  0.91997314],
        [ 0.18202186,  0.        , -0.15639753, ...,  0.82025206,
          0.82487735,  0.83325532],
        [ 0.33356676,  0.15639753,  0.        , ...,  0.72069845,
          0.7263132 ,  0.73653106],
        ...,
        [-0.91066624, -0.82025206, -0.72069845, ...,  0.        ,
         -0.00813357, -0.02311608],
        [-0.91399644, -0.82487735, -0.7263132 , ...,  0.00813357,
          0.        , -0.01498392],
        [-0.91997314, -0.83325532, -0.73653106, ...,  0.02311608,
          0.01498392,  0.        ]]]), 'num': array([ 7.86719969e-01,  6.16686982e-01,  5.09844039e-06, -8.30238454e-11,
        9.09267309e-04,  9.14720187e-04,  8.94271896e-04,  2.76130168e-02,
        8.17931613e-06,  9.02178569e-04,  8.83297981e-04,  8.70324676e-04,
        1.99073303e-06,  9.09878661e-04,  8.56717301e-04])}
{'img': array([[[ 0.        , -0.02206837,  0.        , ...,  0.96475348,
          0.97014779,  0.99413224],
        [ 0.02206837,  0.        ,  0.02206837, ...,  0.97032593,
          0.97526342,  0.9962773 ],
        [ 0.        , -0.02206837,  0.        , ...,  0.96475348,
          0.97014779,  0.99413224],
        ...,
        [-0.96475348, -0.97032593, -0.96475348, ...,  0.        ,
          0.02133287,  0.15725225],
        [-0.97014779, -0.97526342, -0.97014779, ..., -0.02133287,
          0.        ,  0.13614901],
        [-0.99413224, -0.9962773 , -0.99413224, ..., -0.15725225,
         -0.13614901,  0.        ]],

       [[ 0.        , -0.33291293, -0.24171381, ...,  0.07448291,
         -0.34709919,  0.02322878],
        [ 0.33291293,  0.        ,  0.09511539, ...,  0.40222242,
         -0.0150846 ,  0.35472686],
        [ 0.24171381, -0.09511539,  0.        , ...,  0.31331671,
         -0.11012078,  0.26418858],
        ...,
        [-0.07448291, -0.40222242, -0.31331671, ...,  0.        ,
         -0.41598724, -0.05129855],
        [ 0.34709919,  0.0150846 ,  0.11012078, ...,  0.41598724,
          0.        ,  0.36879015],
        [-0.02322878, -0.35472686, -0.26418858, ...,  0.05129855,
         -0.36879015,  0.        ]],

       [[ 0.        ,  0.17134756,  0.24350089, ...,  0.98419844,
          0.96535017,  0.93717708],
        [-0.17134756,  0.        ,  0.07370955, ...,  0.99998312,
          0.99578777,  0.98309212],
        [-0.24350089, -0.07370955,  0.        , ...,  0.99769119,
          0.99983727,  0.99391494],
        ...,
        [-0.98419844, -0.99998312, -0.99769119, ...,  0.        ,
          0.08590085,  0.17739658],
        [-0.96535017, -0.99578777, -0.99983727, ..., -0.08590085,
          0.        ,  0.09220245],
        [-0.93717708, -0.98309212, -0.99391494, ..., -0.17739658,
         -0.09220245,  0.        ]],

       ...,

       [[ 0.        , -0.37101795, -0.08952681, ..., -0.90523742,
         -0.71297775, -0.45899547],
        [ 0.37101795,  0.        ,  0.28639119, ..., -0.68297893,
         -0.40193663, -0.09660832],
        [ 0.08952681, -0.28639119,  0.        , ..., -0.86356187,
         -0.64733972, -0.37761326],
        ...,
        [ 0.90523742,  0.68297893,  0.86356187, ...,  0.        ,
          0.33179178,  0.60921788],
        [ 0.71297775,  0.40193663,  0.64733972, ..., -0.33179178,
          0.        ,  0.31159546],
        [ 0.45899547,  0.09660832,  0.37761326, ..., -0.60921788,
         -0.31159546,  0.        ]],

       [[ 0.        ,  0.34221233,  0.46245103, ...,  0.94797098,
          0.9407311 ,  0.92175267],
        [-0.34221233,  0.        ,  0.13110866, ...,  0.99968061,
          0.99999471,  0.9988022 ],
        [-0.46245103, -0.13110866,  0.        , ...,  0.98773797,
          0.99093618,  0.99659571],
        ...,
        [-0.94797098, -0.99968061, -0.98773797, ...,  0.        ,
          0.02201944,  0.07415639],
        [-0.9407311 , -0.99999471, -0.99093618, ..., -0.02201944,
          0.        ,  0.0521796 ],
        [-0.92175267, -0.9988022 , -0.99659571, ..., -0.07415639,
         -0.0521796 ,  0.        ]],

       [[ 0.        , -0.15639753, -0.0839125 , ...,  0.82487735,
          0.83325532,  0.82878491],
        [ 0.15639753,  0.        ,  0.07296605, ...,  0.7263132 ,
          0.73653106,  0.73107109],
        [ 0.0839125 , -0.07296605,  0.        , ...,  0.77453139,
          0.78392229,  0.7789072 ],
        ...,
        [-0.82487735, -0.7263132 , -0.77453139, ...,  0.        ,
         -0.01498392, -0.00694744],
        [-0.83325532, -0.73653106, -0.78392229, ...,  0.01498392,
          0.        ,  0.00803689],
        [-0.82878491, -0.73107109, -0.7789072 , ...,  0.00694744,
         -0.00803689,  0.        ]]]), 'num': array([8.55583661e-01, 5.15857099e-01, 1.01109096e-05, 5.59345915e-09,
       9.93352520e-04, 1.00369994e-03, 9.77092285e-04, 4.31333176e-02,
       7.39101577e-06, 9.81231254e-04, 9.59427758e-04, 9.45779015e-04,
       2.28449578e-06, 9.92155523e-04, 9.26699992e-04])}
{'img': array([[[ 0.        ,  0.02206837, -0.33898244, ...,  0.97526342,
          0.9962773 ,  0.99903945],
        [-0.02206837,  0.        , -0.35966165, ...,  0.97014779,
          0.99413224,  0.99976318],
        [ 0.33898244,  0.35966165,  0.        , ...,  0.99245136,
          0.96651287,  0.92503491],
        ...,
        [-0.97526342, -0.97014779, -0.99245136, ...,  0.        ,
          0.13614901,  0.26356929],
        [-0.9962773 , -0.99413224, -0.96651287, ..., -0.13614901,
          0.        ,  0.12978019],
        [-0.99903945, -0.99976318, -0.92503491, ..., -0.26356929,
         -0.12978019,  0.        ]],

       [[ 0.        ,  0.09511539,  0.54410156, ..., -0.0150846 ,
          0.35472686,  0.61835019],
        [-0.09511539,  0.        ,  0.46183108, ..., -0.11012078,
          0.26418858,  0.5407953 ],
        [-0.54410156, -0.46183108,  0.        , ..., -0.55669592,
         -0.21109592,  0.0911969 ],
        ...,
        [ 0.0150846 ,  0.11012078,  0.55669592, ...,  0.        ,
          0.36879015,  0.63013486],
        [-0.35472686, -0.26418858,  0.21109592, ..., -0.36879015,
          0.        ,  0.29935807],
        [-0.61835019, -0.5407953 , -0.0911969 , ..., -0.63013486,
         -0.29935807,  0.        ]],

       [[ 0.        ,  0.07370955,  0.06732178, ...,  0.99578777,
          0.98309212,  0.97155099],
        [-0.07370955,  0.        , -0.00640367, ...,  0.99983727,
          0.99391494,  0.9863648 ],
        [-0.06732178,  0.00640367,  0.        , ...,  0.99970125,
          0.9931892 ,  0.9852907 ],
        ...,
        [-0.99578777, -0.99983727, -0.99970125, ...,  0.        ,
          0.09220245,  0.14675317],
        [-0.98309212, -0.99391494, -0.9931892 , ..., -0.09220245,
          0.        ,  0.05492385],
        [-0.97155099, -0.9863648 , -0.9852907 , ..., -0.14675317,
         -0.05492385,  0.        ]],

       ...,

       [[ 0.        ,  0.28639119, -0.54744312, ..., -0.40193663,
         -0.09660832,  0.22695195],
        [-0.28639119,  0.        , -0.76417668, ..., -0.64733972,
         -0.37761326, -0.06147252],
        [ 0.54744312,  0.76417668,  0.        , ...,  0.16491805,
          0.46403645,  0.72308124],
        ...,
        [ 0.40193663,  0.64733972, -0.16491805, ...,  0.        ,
          0.31159546,  0.599261  ],
        [ 0.09660832,  0.37761326, -0.46403645, ..., -0.31159546,
          0.        ,  0.3199778 ],
        [-0.22695195,  0.06147252, -0.72308124, ..., -0.599261  ,
         -0.3199778 ,  0.        ]],

       [[ 0.        ,  0.32599044,  0.35612631, ...,  0.94789522,
          0.92954018,  0.90127599],
        [-0.32599044,  0.        ,  0.03205441, ...,  0.99996938,
          0.99896172,  0.99327591],
        [-0.35612631, -0.03205441,  0.        , ...,  0.99920467,
          0.9999087 ,  0.99647647],
        ...,
        [-0.94789522, -0.99996938, -0.99920467, ...,  0.        ,
          0.05337369,  0.12354071],
        [-0.92954018, -0.99896172, -0.9999087 , ..., -0.05337369,
          0.        ,  0.07039979],
        [-0.90127599, -0.99327591, -0.99647647, ..., -0.12354071,
         -0.07039979,  0.        ]],

       [[ 0.        ,  0.07296605,  0.14137   , ...,  0.73653106,
          0.73107109,  0.75889595],
        [-0.07296605,  0.        ,  0.06875993, ...,  0.78392229,
          0.7789072 ,  0.80438942],
        [-0.14137   , -0.06875993,  0.        , ...,  0.82475715,
          0.82018575,  0.84333605],
        ...,
        [-0.73653106, -0.78392229, -0.82475715, ...,  0.        ,
          0.00803689, -0.03368225],
        [-0.73107109, -0.7789072 , -0.82018575, ..., -0.00803689,
          0.        , -0.0417135 ],
        [-0.75889595, -0.80438942, -0.84333605, ...,  0.03368225,
          0.0417135 ,  0.        ]]]), 'num': array([9.82410536e-01, 1.75881722e-01, 2.36172420e-05, 1.60819181e-08,
       1.14401250e-03, 1.15071243e-03, 1.11888778e-03, 6.26521881e-02,
       1.84247987e-05, 1.11989277e-03, 1.09007809e-03, 1.07433326e-03,
       2.84517440e-06, 1.13465401e-03, 1.04550217e-03])}
{'img': array([[[ 0.        , -0.35966165, -0.24258795, ...,  0.99413224,
          0.99976318,  0.88299125],
        [ 0.35966165,  0.        ,  0.1225637 , ...,  0.96651287,
          0.92503491,  0.65508256],
        [ 0.24258795, -0.1225637 ,  0.        , ...,  0.99067806,
          0.9646205 ,  0.74274756],
        ...,
        [-0.99413224, -0.96651287, -0.99067806, ...,  0.        ,
          0.12978019,  0.56214977],
        [-0.99976318, -0.92503491, -0.9646205 , ..., -0.12978019,
          0.        ,  0.45006274],
        [-0.88299125, -0.65508256, -0.74274756, ..., -0.56214977,
         -0.45006274,  0.        ]],

       [[ 0.        ,  0.46183108,  0.27560271, ...,  0.26418858,
          0.5407953 ,  0.7240695 ],
        [-0.46183108,  0.        , -0.19949436, ..., -0.21109592,
          0.0911969 ,  0.32368902],
        [-0.27560271,  0.19949436,  0.        , ..., -0.01185385,
          0.28802679,  0.50593682],
        ...,
        [-0.26418858,  0.21109592,  0.01185385, ...,  0.        ,
          0.29935807,  0.51612606],
        [-0.5407953 , -0.0911969 , -0.28802679, ..., -0.29935807,
          0.        ,  0.23605299],
        [-0.7240695 , -0.32368902, -0.50593682, ..., -0.51612606,
         -0.23605299,  0.        ]],

       [[ 0.        , -0.00640367, -0.03257968, ...,  0.99391494,
          0.9863648 ,  0.95136303],
        [ 0.00640367,  0.        , -0.02617873, ...,  0.9931892 ,
          0.9852907 ,  0.94937073],
        [ 0.03257968,  0.02617873,  0.        , ...,  0.98979866,
          0.98047942,  0.94082111],
        ...,
        [-0.99391494, -0.9931892 , -0.98979866, ...,  0.        ,
          0.05492385,  0.2014045 ],
        [-0.9863648 , -0.9852907 , -0.98047942, ..., -0.05492385,
          0.        ,  0.14730213],
        [-0.95136303, -0.94937073, -0.94082111, ..., -0.2014045 ,
         -0.14730213,  0.        ]],

       ...,

       [[ 0.        , -0.56093342, -0.51484716, ..., -0.21416097,
         -0.02527165,  0.6419621 ],
        [ 0.56093342,  0.        ,  0.05465627, ...,  0.37062336,
          0.53983286,  0.96154339],
        [ 0.51484716, -0.05465627,  0.        , ...,  0.31930553,
          0.4930178 ,  0.94509459],
        ...,
        [ 0.21416097, -0.37062336, -0.31930553, ...,  0.        ,
          0.18940726,  0.79127254],
        [ 0.02527165, -0.53983286, -0.4930178 , ..., -0.18940726,
          0.        ,  0.66113376],
        [-0.6419621 , -0.96154339, -0.94509459, ..., -0.79127254,
         -0.66113376,  0.        ]],

       [[ 0.        ,  0.14952664,  0.24336834, ...,  0.93637762,
          0.90875469,  0.84946325],
        [-0.14952664,  0.        ,  0.09560136, ...,  0.97833357,
          0.96094025,  0.91881073],
        [-0.24336834, -0.09560136,  0.        , ...,  0.99364532,
          0.9829971 ,  0.95233601],
        ...,
        [-0.93637762, -0.97833357, -0.99364532, ...,  0.        ,
          0.07181147,  0.19592088],
        [-0.90875469, -0.96094025, -0.9829971 , ..., -0.07181147,
          0.        ,  0.12499532],
        [-0.84946325, -0.91881073, -0.95233601, ..., -0.19592088,
         -0.12499532,  0.        ]],

       [[ 0.        ,  0.12132729,  0.17946676, ...,  0.73146657,
          0.75929513,  0.80315223],
        [-0.12132729,  0.        ,  0.05878354, ...,  0.80879322,
          0.83263918,  0.86950261],
        [-0.17946676, -0.05878354,  0.        , ...,  0.84196481,
          0.8637546 ,  0.89703388],
        ...,
        [-0.73146657, -0.80879322, -0.84196481, ...,  0.        ,
         -0.04174687, -0.11186261],
        [-0.75929513, -0.83263918, -0.8637546 , ...,  0.04174687,
          0.        , -0.07028024],
        [-0.80315223, -0.86950261, -0.89703388, ...,  0.11186261,
          0.07028024,  0.        ]]]), 'num': array([9.48287803e-01, 3.10821505e-01, 1.82655100e-05, 5.74014769e-08,
       1.11250663e-03, 1.11569433e-03, 1.09019274e-03, 6.42735563e-02,
       2.39077356e-05, 1.07776072e-03, 1.04150065e-03, 1.02519026e-03,
       2.77026142e-06, 1.09481699e-03, 9.88184318e-04])}
{'img': array([[[ 0.        ,  0.11529202, -0.47891258, ...,  0.98908157,
          0.92829981,  0.47891258],
        [-0.11529202,  0.        , -0.57692958, ...,  0.9994765 ,
          0.9649789 ,  0.57692958],
        [ 0.47891258,  0.57692958,  0.        , ...,  0.79770079,
          0.63684439,  0.        ],
        ...,
        [-0.98908157, -0.9994765 , -0.79770079, ...,  0.        ,
          0.23097003,  0.79770079],
        [-0.92829981, -0.9649789 , -0.63684439, ..., -0.23097003,
          0.        ,  0.63684439],
        [-0.47891258, -0.57692958, -0.        , ..., -0.79770079,
         -0.63684439,  0.        ]],

       [[ 0.        , -0.19949436, -0.10177267, ...,  0.0911969 ,
          0.32368902,  0.3984212 ],
        [ 0.19949436,  0.        ,  0.09873159, ...,  0.28802679,
          0.50593682,  0.57338926],
        [ 0.10177267, -0.09873159,  0.        , ...,  0.19207195,
          0.41830191,  0.48969862],
        ...,
        [-0.0911969 , -0.28802679, -0.19207195, ...,  0.        ,
          0.23605299,  0.3131149 ],
        [-0.32368902, -0.50593682, -0.41830191, ..., -0.23605299,
          0.        ,  0.08008321],
        [-0.3984212 , -0.57338926, -0.48969862, ..., -0.3131149 ,
         -0.08008321,  0.        ]],

       [[ 0.        , -0.02617873, -0.19187927, ...,  0.9852907 ,
          0.94937073,  0.78012598],
        [ 0.02617873,  0.        , -0.16612121, ...,  0.98047942,
          0.94082111,  0.76348061],
        [ 0.19187927,  0.16612121,  0.        , ...,  0.93419296,
          0.87144964,  0.64558612],
        ...,
        [-0.9852907 , -0.98047942, -0.93419296, ...,  0.        ,
          0.14730213,  0.48310689],
        [-0.94937073, -0.94082111, -0.87144964, ..., -0.14730213,
          0.        ,  0.34886489],
        [-0.78012598, -0.76348061, -0.64558612, ..., -0.48310689,
         -0.34886489,  0.        ]],

       ...,

       [[ 0.        ,  0.05230394, -0.20410409, ...,  0.50749415,
          0.82977441,  0.97201373],
        [-0.05230394,  0.        , -0.25502761, ...,  0.46173153,
          0.79944785,  0.9583958 ],
        [ 0.20410409,  0.25502761,  0.        , ...,  0.67267833,
          0.92621727,  0.99950101],
        ...,
        [-0.50749415, -0.46173153, -0.67267833, ...,  0.        ,
          0.4317475 ,  0.71831811],
        [-0.82977441, -0.79944785, -0.92621727, ..., -0.4317475 ,
          0.        ,  0.34754586],
        [-0.97201373, -0.9583958 , -0.99950101, ..., -0.71831811,
         -0.34754586,  0.        ]],

       [[ 0.        ,  0.19365428,  0.12696145, ...,  0.9102601 ,
          0.85111604,  0.71983325],
        [-0.19365428,  0.        , -0.06752911, ...,  0.97320874,
          0.93666843,  0.84063123],
        [-0.12696145,  0.06752911,  0.        , ...,  0.95546068,
          0.91088043,  0.80213802],
        ...,
        [-0.9102601 , -0.97320874, -0.95546068, ...,  0.        ,
          0.12547272,  0.33381681],
        [-0.85111604, -0.93666843, -0.91088043, ..., -0.12547272,
          0.        ,  0.21290333],
        [-0.71983325, -0.84063123, -0.80213802, ..., -0.33381681,
         -0.21290333,  0.        ]],

       [[ 0.        ,  0.13298035,  0.31707831, ...,  0.76040294,
          0.80426174,  0.86053665],
        [-0.13298035,  0.        ,  0.18814376, ...,  0.84001385,
          0.87614576,  0.9206326 ],
        [-0.31707831, -0.18814376,  0.        , ...,  0.92709268,
          0.95119311,  0.97764846],
        ...,
        [-0.76040294, -0.84001385, -0.92709268, ...,  0.        ,
         -0.07044043, -0.17153635],
        [-0.80426174, -0.87614576, -0.95119311, ...,  0.07044043,
          0.        , -0.10171391],
        [-0.86053665, -0.9206326 , -0.97764846, ...,  0.17153635,
          0.10171391,  0.        ]]]), 'num': array([ 9.89205833e-01,  1.36883971e-01,  2.45625897e-05,  1.09950891e-07,
        1.15962158e-03,  1.17633083e-03,  1.14625419e-03,  5.21965725e-02,
       -6.68369788e-06,  1.14090723e-03,  1.09562517e-03,  1.07808047e-03,
        2.80408014e-06,  1.15867108e-03,  1.03257927e-03])}
{'img': array([[[ 0.        , -0.57692958, -0.35901337, ...,  0.9649789 ,
          0.57692958,  0.82275982],
        [ 0.57692958,  0.        ,  0.24522715, ...,  0.63684439,
          0.        ,  0.34410466],
        [ 0.35901337, -0.24522715,  0.        , ...,  0.80646702,
          0.24522715,  0.5638491 ],
        ...,
        [-0.9649789 , -0.63684439, -0.80646702, ...,  0.        ,
          0.63684439,  0.33265106],
        [-0.57692958, -0.        , -0.24522715, ..., -0.63684439,
          0.        , -0.34410466],
        [-0.82275982, -0.34410466, -0.5638491 , ..., -0.33265106,
          0.34410466,  0.        ]],

       [[ 0.        ,  0.09873159, -0.19424451, ...,  0.50593682,
          0.57338926,  0.34683586],
        [-0.09873159,  0.        , -0.29014651, ...,  0.41830191,
          0.48969862,  0.25253835],
        [ 0.19424451,  0.29014651,  0.        , ...,  0.66384991,
          0.72160924,  0.52241667],
        ...,
        [-0.50593682, -0.41830191, -0.66384991, ...,  0.        ,
          0.08008321, -0.17536083],
        [-0.57338926, -0.48969862, -0.72160924, ..., -0.08008321,
          0.        , -0.25363986],
        [-0.34683586, -0.25253835, -0.52241667, ...,  0.17536083,
          0.25363986,  0.        ]],

       [[ 0.        , -0.161998  , -0.36772066, ...,  0.97462107,
          0.89255908,  0.56821776],
        [ 0.161998  ,  0.        , -0.21221565, ...,  0.92548235,
          0.80771952,  0.42740759],
        [ 0.36772066,  0.21221565,  0.        , ...,  0.82401718,
          0.66420664,  0.22581699],
        ...,
        [-0.97462107, -0.92548235, -0.82401718, ...,  0.        ,
          0.23967712,  0.67479264],
        [-0.89255908, -0.80771952, -0.66420664, ..., -0.23967712,
          0.        ,  0.47824074],
        [-0.56821776, -0.42740759, -0.22581699, ..., -0.67479264,
         -0.47824074,  0.        ]],

       ...,

       [[ 0.        , -0.25502761, -0.30670722, ...,  0.79944785,
          0.9583958 ,  0.74643583],
        [ 0.25502761,  0.        , -0.05382929, ...,  0.92621727,
          0.99950101,  0.89146402],
        [ 0.30670722,  0.05382929,  0.        , ...,  0.9451675 ,
          0.99975218,  0.91456113],
        ...,
        [-0.79944785, -0.92621727, -0.9451675 , ...,  0.        ,
          0.34754586, -0.083588  ],
        [-0.9583958 , -0.99950101, -0.99975218, ..., -0.34754586,
          0.        , -0.42470696],
        [-0.74643583, -0.89146402, -0.91456113, ...,  0.083588  ,
          0.42470696,  0.        ]],

       [[ 0.        , -0.06980181, -0.1896365 , ...,  0.93530514,
          0.83849872,  0.72882029],
        [ 0.06980181,  0.        , -0.12063874, ...,  0.90832499,
          0.79841827,  0.67924896],
        [ 0.1896365 ,  0.12063874,  0.        , ...,  0.85123204,
          0.71995003,  0.58575032],
        ...,
        [-0.93530514, -0.90832499, -0.85123204, ...,  0.        ,
          0.21295487,  0.38252077],
        [-0.83849872, -0.79841827, -0.71995003, ..., -0.21295487,
          0.        ,  0.17698753],
        [-0.72882029, -0.67924896, -0.58575032, ..., -0.38252077,
         -0.17698753,  0.        ]],

       [[ 0.        ,  0.28979039,  0.39131994, ...,  0.80559582,
          0.86182828,  0.88484851],
        [-0.28979039,  0.        ,  0.10784748, ...,  0.94271862,
          0.97182908,  0.981887  ],
        [-0.39131994, -0.10784748,  0.        , ...,  0.9731969 ,
          0.99157906,  0.99659368],
        ...,
        [-0.80559582, -0.94271862, -0.9731969 , ...,  0.        ,
         -0.10200519, -0.14893216],
        [-0.86182828, -0.97182908, -0.99157906, ...,  0.10200519,
          0.        , -0.04728774],
        [-0.88484851, -0.981887  , -0.99659368, ...,  0.14893216,
          0.04728774,  0.        ]]]), 'num': array([ 9.93121796e-01,  1.05494121e-01,  2.64174903e-05,  9.59729965e-08,
        1.16029761e-03,  1.19655691e-03,  1.16029761e-03,  5.06897423e-02,
       -3.79859338e-05,  1.18067189e-03,  1.13482977e-03,  1.11670012e-03,
        2.15829169e-06,  1.19998473e-03,  1.06967481e-03])}
{'img': array([[[ 0.        ,  0.24522715,  0.63684439, ...,  0.        ,
          0.34410466,  0.79770079],
        [-0.24522715,  0.        ,  0.42833049, ...,  0.24522715,
          0.5638491 ,  0.92122859],
        [-0.63684439, -0.42833049,  0.        , ...,  0.63684439,
          0.86325519,  0.99907242],
        ...,
        [-0.        , -0.24522715, -0.63684439, ...,  0.        ,
         -0.34410466, -0.79770079],
        [-0.34410466, -0.5638491 , -0.86325519, ...,  0.34410466,
          0.        , -0.54147274],
        [-0.79770079, -0.92122859, -0.99907242, ...,  0.79770079,
          0.54147274,  0.        ]],

       [[ 0.        , -0.29014651,  0.09971988, ...,  0.48969862,
          0.25253835,  0.19741344],
        [ 0.29014651,  0.        ,  0.38413044, ...,  0.72160924,
          0.52241667,  0.47335767],
        [-0.09971988, -0.38413044,  0.        , ...,  0.40031281,
          0.15479194,  0.09867202],
        ...,
        [-0.48969862, -0.72160924, -0.40031281, ...,  0.        ,
         -0.25363986, -0.30793836],
        [-0.25253835, -0.52241667, -0.15479194, ...,  0.25363986,
          0.        , -0.05655382],
        [-0.19741344, -0.47335767, -0.09867202, ...,  0.30793836,
          0.05655382,  0.        ]],

       [[ 0.        , -0.21123014, -0.42554766, ...,  0.82658471,
          0.59001242,  0.42554766],
        [ 0.21123014,  0.        , -0.22479599, ...,  0.68905103,
          0.40615361,  0.22479599],
        [ 0.42554766,  0.22479599,  0.        , ...,  0.50850281,
          0.19033879,  0.        ],
        ...,
        [-0.82658471, -0.68905103, -0.50850281, ...,  0.        ,
          0.33531341,  0.50850281],
        [-0.59001242, -0.40615361, -0.19033879, ..., -0.33531341,
          0.        ,  0.19033879],
        [-0.42554766, -0.22479599, -0.        , ..., -0.50850281,
         -0.19033879,  0.        ]],

       ...,

       [[ 0.        , -0.05382929,  0.17583872, ...,  0.99950101,
          0.89146402,  0.1981688 ],
        [ 0.05382929,  0.        ,  0.22857435, ...,  0.99975218,
          0.91456113,  0.25064322],
        [-0.17583872, -0.22857435,  0.        , ...,  0.97837361,
          0.79790309,  0.02272966],
        ...,
        [-0.99950101, -0.99975218, -0.97837361, ...,  0.        ,
         -0.42470696, -0.97341931],
        [-0.89146402, -0.91456113, -0.79790309, ...,  0.42470696,
          0.        , -0.78399583],
        [-0.1981688 , -0.25064322, -0.02272966, ...,  0.97341931,
          0.78399583,  0.        ]],

       [[ 0.        , -0.12063874,  0.07421767, ...,  0.79841827,
          0.67924896,  0.64248458],
        [ 0.12063874,  0.        ,  0.19398165, ...,  0.71995003,
          0.58575032,  0.54534688],
        [-0.07421767, -0.19398165,  0.        , ...,  0.84090298,
          0.73184457,  0.69758555],
        ...,
        [-0.79841827, -0.71995003, -0.84090298, ...,  0.        ,
          0.17698753,  0.22498478],
        [-0.67924896, -0.58575032, -0.73184457, ..., -0.17698753,
          0.        ,  0.048983  ],
        [-0.64248458, -0.54534688, -0.69758555, ..., -0.22498478,
         -0.048983  ,  0.        ]],

       [[ 0.        ,  0.27178877,  0.33889231, ...,  0.86809656,
          0.89091602,  0.87377657],
        [-0.27178877,  0.        ,  0.07042965, ...,  0.97033343,
          0.98081699,  0.97306331],
        [-0.33889231, -0.07042965,  0.        , ...,  0.98495167,
          0.99211029,  0.98688366],
        ...,
        [-0.86809656, -0.97033343, -0.98495167, ...,  0.        ,
         -0.04798485, -0.01155935],
        [-0.89091602, -0.98081699, -0.99211029, ...,  0.04798485,
          0.        ,  0.03643561],
        [-0.87377657, -0.97306331, -0.98688366, ...,  0.01155935,
         -0.03643561,  0.        ]]]), 'num': array([ 9.57331641e-01,  2.87011904e-01,  2.01599921e-05, -5.83981468e-09,
        1.11534066e-03,  1.13882152e-03,  1.11030905e-03,  3.36208624e-02,
       -1.17404280e-05,  1.14452401e-03,  1.10460655e-03,  1.08747112e-03,
        1.92629370e-06,  1.16633495e-03,  1.04287816e-03])}
{'img': array([[[ 0.        ,  0.60206164,  0.67650928, ...,  0.34667721,
          0.80231622,  0.87263549],
        [-0.60206164,  0.        ,  0.09677985, ...,  0.84152876,
          0.9999792 ,  0.99078557],
        [-0.67650928, -0.09677985,  0.        , ...,  0.88986013,
          0.99466089,  0.97302679],
        ...,
        [-0.34667721, -0.84152876, -0.88986013, ...,  0.        ,
         -0.54562882, -0.64921109],
        [-0.80231622, -0.9999792 , -0.99466089, ...,  0.54562882,
          0.        , -0.1290466 ],
        [-0.87263549, -0.99078557, -0.97302679, ...,  0.64921109,
          0.1290466 ,  0.        ]],

       [[ 0.        ,  0.38413044,  0.1421471 , ...,  0.52241667,
          0.47335767,  0.1745026 ],
        [-0.38413044,  0.        , -0.24898839, ...,  0.15479194,
          0.09867202, -0.21712206],
        [-0.1421471 ,  0.24898839,  0.        , ...,  0.39590435,
          0.34333782,  0.03276452],
        ...,
        [-0.52241667, -0.15479194, -0.39590435, ...,  0.        ,
         -0.05655382, -0.3656044 ],
        [-0.47335767, -0.09867202, -0.34333782, ...,  0.05655382,
          0.        , -0.31238065],
        [-0.1745026 ,  0.21712206, -0.03276452, ...,  0.3656044 ,
          0.31238065,  0.        ]],

       [[ 0.        , -0.22479599,  0.05781064, ...,  0.40615361,
          0.22479599,  0.43808506],
        [ 0.22479599,  0.        ,  0.28075106, ...,  0.19033879,
          0.        ,  0.22479599],
        [-0.05781064, -0.28075106,  0.        , ...,  0.45830199,
          0.28075106,  0.48932032],
        ...,
        [-0.40615361, -0.19033879, -0.45830199, ...,  0.        ,
          0.19033879, -0.03521914],
        [-0.22479599, -0.        , -0.28075106, ..., -0.19033879,
          0.        , -0.22479599],
        [-0.43808506, -0.22479599, -0.48932032, ...,  0.03521914,
          0.22479599,  0.        ]],

       ...,

       [[ 0.        ,  0.22857435,  0.12593761, ...,  0.91456113,
          0.25064322,  0.09092138],
        [-0.22857435,  0.        , -0.10415088, ...,  0.79790309,
          0.02272966, -0.13911324],
        [-0.12593761,  0.10415088,  0.        , ...,  0.85634437,
          0.12673002, -0.0352185 ],
        ...,
        [-0.91456113, -0.79790309, -0.85634437, ...,  0.        ,
         -0.78399583, -0.87400014],
        [-0.25064322, -0.02272966, -0.12673002, ...,  0.78399583,
          0.        , -0.16158595],
        [-0.09092138,  0.13911324,  0.0352185 , ...,  0.87400014,
          0.16158595,  0.        ]],

       [[ 0.        ,  0.19398165,  0.28843525, ...,  0.58575032,
          0.54534688,  0.53368202],
        [-0.19398165,  0.        ,  0.09721916, ...,  0.73184457,
          0.69758555,  0.68759223],
        [-0.28843525, -0.09721916,  0.        , ...,  0.79462992,
          0.76393876,  0.75492564],
        ...,
        [-0.58575032, -0.73184457, -0.79462992, ...,  0.        ,
          0.048983  ,  0.06281562],
        [-0.54534688, -0.69758555, -0.76393876, ..., -0.048983  ,
          0.        ,  0.01385395],
        [-0.53368202, -0.68759223, -0.75492564, ..., -0.06281562,
         -0.01385395,  0.        ]],

       [[ 0.        ,  0.08723554,  0.17376554, ...,  0.96669465,
          0.95666822,  0.93904948],
        [-0.08723554,  0.        ,  0.08719466, ...,  0.98533574,
          0.97842239,  0.96545956],
        [-0.17376554, -0.08719466,  0.        , ...,  0.99646063,
          0.99271156,  0.98450123],
        ...,
        [-0.96669465, -0.98533574, -0.99646063, ...,  0.        ,
          0.03663983,  0.09199894],
        [-0.95666822, -0.97842239, -0.99271156, ..., -0.03663983,
          0.        ,  0.05545272],
        [-0.93904948, -0.96545956, -0.98450123, ..., -0.09199894,
         -0.05545272,  0.        ]]]), 'num': array([ 9.87053238e-01,  1.55745877e-01,  2.45948923e-05, -3.09206909e-08,
        1.15299218e-03,  1.16493145e-03,  1.12911364e-03,  3.81938552e-02,
        1.87617071e-05,  1.16152023e-03,  1.12672579e-03,  1.10893059e-03,
        2.10155485e-06,  1.18815048e-03,  1.06530110e-03])}
{'img': array([[[ 0.        ,  0.36493122,  0.40617997, ...,  0.83402666,
          0.90233546,  0.78405634],
        [-0.36493122,  0.        ,  0.04469593, ...,  0.97784894,
          0.99740336,  0.95649252],
        [-0.40617997, -0.04469593,  0.        , ...,  0.9862271 ,
          0.99962549,  0.96857698],
        ...,
        [-0.83402666, -0.97784894, -0.9862271 , ...,  0.        ,
         -0.138346  ,  0.08508891],
        [-0.90233546, -0.99740336, -0.99962549, ...,  0.138346  ,
          0.        ,  0.22211496],
        [-0.78405634, -0.95649252, -0.96857698, ..., -0.08508891,
