state_0,state_1,state_2,state_3,state_4,state_5,state_6,state_7,state_8,state_9,state_10,state_11,state_12,state_13,state_14,state_15,state_16,state_17,state_18,state_19,state_20,state_21,state_22,state_23,state_24,state_25,state_26,state_27,state_28,state_29,state_30,state_31,state_32,state_33,state_34,state_35,state_36,state_37,state_38,state_39,state_40,state_41,state_42,state_43,state_44,state_45,state_46,state_47,state_48,state_49,state_50,state_51,state_52,state_53,state_54,state_55,state_56,state_57,state_58,state_59,state_60,state_61,state_62,state_63,state_64,state_65,state_66,state_67,state_68,state_69,state_70,state_71,state_72,state_73,state_74,state_75,state_76,state_77,state_78,state_79,state_80,state_81,state_82,state_83,state_84,state_85,state_86,state_87,state_88,state_89,state_90,state_91,state_92,state_93,state_94,state_95,state_96,state_97,state_98,state_99,state_100,state_101,state_102,state_103,state_104,state_105,state_106,state_107,state_108,state_109,state_110,state_111,state_112,state_113,state_114,state_115,state_116,state_117,state_118,state_119,state_120,state_121,state_122,state_123,state_124,state_125,state_126,state_127,state_128,state_129,state_130,state_131,state_132,state_133,state_134,state_135,state_136,state_137,state_138,state_139,state_140,state_141,state_142,state_143,state_144,state_145,state_146,state_147,state_148,state_149,state_150,state_151,state_152,state_153,state_154,state_155,state_156,state_157,state_158,state_159,state_160,state_161,state_162,state_163,state_164,state_165,state_166,state_167,state_168,state_169,state_170,state_171,state_172,state_173,state_174,state_175,state_176,state_177,state_178,state_179,state_180,state_181,state_182,state_183,state_184,state_185,state_186,state_187,state_188,state_189,state_190,state_191,state_192,state_193,state_194,state_195,state_196,state_197,state_198,state_199,state_200,state_201,state_202,state_203,state_204,state_205,state_206,state_207,state_208,state_209,state_210,state_211,state_212,state_213,state_214,state_215,state_216,state_217,state_218,state_219,state_220,state_221,state_222,state_223,state_224,state_225,state_226,state_227,state_228,state_229,state_230,state_231,state_232,state_233,state_234,state_235,state_236,state_237,state_238,state_239,state_240,state_241,state_242,state_243,state_244,state_245,state_246,state_247,state_248,state_249,state_250,state_251,state_252,state_253,state_254,state_255,state_256,state_257,state_258,state_259,state_260,state_261,state_262,state_263,state_264,state_265,state_266,state_267,state_268,state_269,state_270,state_271,state_272,state_273,state_274,state_275,state_276,state_277,state_278,state_279,state_280,state_281,state_282,state_283,state_284,state_285,state_286,state_287
{'img': array([[[ 0.        , -0.29857625, -0.50853366, ..., -0.94358469,
         -0.94090187, -0.91162625],
        [ 0.29857625,  0.        , -0.22825057, ..., -0.80167587,
         -0.79686177, -0.74732227],
        [ 0.50853366,  0.22825057,  0.        , ..., -0.64407474,
         -0.63792631, -0.575931  ],
        ...,
        [ 0.94358469,  0.80167587,  0.64407474, ...,  0.        ,
          0.00801054,  0.08596436],
        [ 0.94090187,  0.79686177,  0.63792631, ..., -0.00801054,
          0.        ,  0.07798071],
        [ 0.91162625,  0.74732227,  0.575931  , ..., -0.08596436,
         -0.07798071,  0.        ]],

       [[ 0.        ,  0.1156002 , -0.03070081, ..., -0.30045243,
         -0.25370671, -0.26433075],
        [-0.1156002 ,  0.        , -0.14604069, ..., -0.40869724,
         -0.36382371, -0.37404716],
        [ 0.03070081,  0.14604069,  0.        , ..., -0.27102846,
         -0.2238908 , -0.2345973 ],
        ...,
        [ 0.30045243,  0.40869724,  0.27102846, ...,  0.        ,
          0.04863734,  0.03764814],
        [ 0.25370671,  0.36382371,  0.2238908 , ..., -0.04863734,
          0.        , -0.01099927],
        [ 0.26433075,  0.37404716,  0.2345973 , ..., -0.03764814,
          0.01099927,  0.        ]],

       [[ 0.        , -0.62267906, -0.82304523, ..., -0.74982922,
         -0.74036467, -0.74982922],
        [ 0.62267906,  0.        , -0.29034759, ..., -0.99870841,
         -0.99788683, -0.99870841],
        [ 0.82304523,  0.29034759,  0.        , ..., -0.97043746,
         -0.97376472, -0.97043746],
        ...,
        [ 0.74982922,  0.99870841,  0.97043746, ...,  0.        ,
         -0.01419075,  0.        ],
        [ 0.74036467,  0.99788683,  0.97376472, ...,  0.01419075,
          0.        ,  0.01419075],
        [ 0.74982922,  0.99870841,  0.97043746, ...,  0.        ,
         -0.01419075,  0.        ]],

       ...,

       [[ 0.        , -0.02107549, -0.33394377, ...,  0.90775941,
          0.6247381 ,  0.33394377],
        [ 0.02107549,  0.        , -0.31400399, ...,  0.89871681,
          0.60814287,  0.31400399],
        [ 0.33394377,  0.31400399,  0.        , ...,  0.71556119,
          0.32811898,  0.        ],
        ...,
        [-0.90775941, -0.89871681, -0.71556119, ...,  0.        ,
          0.44673762,  0.71556119],
        [-0.6247381 , -0.60814287, -0.32811898, ..., -0.44673762,
          0.        ,  0.32811898],
        [-0.33394377, -0.31400399, -0.        , ..., -0.71556119,
         -0.32811898,  0.        ]],

       [[ 0.        , -0.26564911, -0.39471248, ..., -0.16940882,
         -0.21314476, -0.27117451],
        [ 0.26564911,  0.        , -0.13645072, ..., -0.42513132,
         -0.46503109, -0.51712645],
        [ 0.39471248,  0.13645072,  0.        , ..., -0.54466087,
         -0.58148064, -0.62907909],
        ...,
        [ 0.16940882,  0.42513132,  0.54466087, ...,  0.        ,
          0.04454802,  0.10419381],
        [ 0.21314476,  0.46503109,  0.58148064, ..., -0.04454802,
          0.        ,  0.05978482],
        [ 0.27117451,  0.51712645,  0.62907909, ..., -0.10419381,
         -0.05978482,  0.        ]],

       [[ 0.        , -0.55408267, -0.7578152 , ..., -0.86040347,
         -0.86187891, -0.86520383],
        [ 0.55408267,  0.        , -0.26933019, ..., -0.99862087,
         -0.99846429, -0.99807731],
        [ 0.7578152 ,  0.26933019,  0.        , ..., -0.94757963,
         -0.94664828, -0.94450283],
        ...,
        [ 0.86040347,  0.99862087,  0.94757963, ...,  0.        ,
          0.00290233,  0.00949574],
        [ 0.86187891,  0.99846429,  0.94664828, ..., -0.00290233,
          0.        ,  0.0065935 ],
        [ 0.86520383,  0.99807731,  0.94450283, ..., -0.00949574,
         -0.0065935 ,  0.        ]]]), 'num': array([7.07096251e-01, 7.07096251e-01, 0.00000000e+00, 0.00000000e+00,
       9.67605395e-04, 9.78770073e-04, 9.60162277e-04, 4.73072202e-03,
       0.00000000e+00, 9.59169861e-04, 9.37584818e-04, 1.01311179e-03,
       1.02963138e-05, 9.89304822e-04, 8.85864814e-04])}
{'img': array([[[ 0.        , -0.22825057, -0.16108715, ..., -0.79686177,
         -0.74732227, -0.74732227],
        [ 0.22825057,  0.        ,  0.06843482, ..., -0.63792631,
         -0.575931  , -0.575931  ],
        [ 0.16108715, -0.06843482,  0.        , ..., -0.68913223,
         -0.63052613, -0.63052613],
        ...,
        [ 0.79686177,  0.63792631,  0.68913223, ...,  0.        ,
          0.07798071,  0.07798071],
        [ 0.74732227,  0.575931  ,  0.63052613, ..., -0.07798071,
          0.        ,  0.        ],
        [ 0.74732227,  0.575931  ,  0.63052613, ..., -0.07798071,
          0.        ,  0.        ]],

       [[ 0.        , -0.14604069, -0.26350435, ..., -0.36382371,
         -0.37404716, -0.38415744],
        [ 0.14604069,  0.        , -0.11979985, ..., -0.2238908 ,
         -0.2345973 , -0.24520409],
        [ 0.26350435,  0.11979985,  0.        , ..., -0.10551971,
         -0.11645119, -0.12729561],
        ...,
        [ 0.36382371,  0.2238908 ,  0.10551971, ...,  0.        ,
         -0.01099927, -0.02192366],
        [ 0.37404716,  0.2345973 ,  0.11645119, ...,  0.01099927,
          0.        , -0.0109257 ],
        [ 0.38415744,  0.24520409,  0.12729561, ...,  0.02192366,
          0.0109257 ,  0.        ]],

       [[ 0.        , -0.65071503, -0.83235871, ..., -0.77480247,
         -0.78433382, -0.80999218],
        [ 0.65071503,  0.        , -0.27137778, ..., -0.99970884,
         -0.99922585, -0.99665067],
        [ 0.83235871,  0.27137778,  0.        , ..., -0.95564442,
         -0.95105161, -0.93705688],
        ...,
        [ 0.77480247,  0.99970884,  0.95564442, ...,  0.        ,
          0.01521832,  0.05770411],
        [ 0.78433382,  0.99922585,  0.95105161, ..., -0.01521832,
          0.        ,  0.04250447],
        [ 0.80999218,  0.99665067,  0.93705688, ..., -0.05770411,
         -0.04250447,  0.        ]],

       ...,

       [[ 0.        , -0.29644486,  0.19433782, ...,  0.87040052,
          0.83115181,  0.29644486],
        [ 0.29644486,  0.        ,  0.47639537, ...,  0.68532305,
          0.62895466,  0.        ],
        [-0.19433782, -0.47639537,  0.        , ...,  0.94948716,
          0.9233663 ,  0.47639537],
        ...,
        [-0.87040052, -0.68532305, -0.94948716, ...,  0.        ,
          0.07476947,  0.68532305],
        [-0.83115181, -0.62895466, -0.9233663 , ..., -0.07476947,
          0.        ,  0.62895466],
        [-0.29644486, -0.        , -0.47639537, ..., -0.68532305,
         -0.62895466,  0.        ]],

       [[ 0.        , -0.30010289, -0.45757142, ..., -0.21506266,
         -0.27359588, -0.31618021],
        [ 0.30010289,  0.        , -0.16963716, ..., -0.4982303 ,
         -0.54963736, -0.58631382],
        [ 0.45757142,  0.16963716,  0.        , ..., -0.63809225,
         -0.68338669, -0.71523648],
        ...,
        [ 0.21506266,  0.4982303 ,  0.63809225, ...,  0.        ,
          0.06033691,  0.1047519 ],
        [ 0.27359588,  0.54963736,  0.68338669, ..., -0.06033691,
          0.        ,  0.04455609],
        [ 0.31618021,  0.58631382,  0.71523648, ..., -0.1047519 ,
         -0.04455609,  0.        ]],

       [[ 0.        , -0.59523557, -0.74879188, ..., -0.88685359,
         -0.89006371, -0.89055611],
        [ 0.59523557,  0.        , -0.20716743, ..., -0.98766124,
         -0.9865417 , -0.98636431],
        [ 0.74879188,  0.20716743,  0.        , ..., -0.93379086,
         -0.93126525, -0.93087073],
        ...,
        [ 0.88685359,  0.98766124,  0.93379086, ...,  0.        ,
          0.0069945 ,  0.00807582],
        [ 0.89006371,  0.9865417 ,  0.93126525, ..., -0.0069945 ,
          0.        ,  0.00108135],
        [ 0.89055611,  0.98636431,  0.93087073, ..., -0.00807582,
         -0.00108135,  0.        ]]]), 'num': array([ 7.94656036e-01,  6.06879658e-01,  2.37691617e-05, -4.60897873e-10,
        1.09810747e-03,  1.11478758e-03,  1.08003735e-03,  1.44730565e-02,
        1.39000946e-05,  1.08114936e-03,  1.05209816e-03,  1.13262604e-03,
        1.13592171e-05,  1.11328321e-03,  9.90913106e-04])}
{'img': array([[[ 0.        ,  0.06843482,  0.13749207, ..., -0.575931  ,
         -0.575931  , -0.51308622],
        [-0.06843482,  0.        ,  0.06938485, ..., -0.63052613,
         -0.63052613, -0.57062348],
        [-0.13749207, -0.06938485,  0.        , ..., -0.68286085,
         -0.68286085, -0.62622792],
        ...,
        [ 0.575931  ,  0.63052613,  0.68286085, ...,  0.        ,
          0.        ,  0.07489581],
        [ 0.575931  ,  0.63052613,  0.68286085, ...,  0.        ,
          0.        ,  0.07489581],
        [ 0.51308622,  0.57062348,  0.62622792, ..., -0.07489581,
         -0.07489581,  0.        ]],

       [[ 0.        , -0.11979985, -0.1331813 , ..., -0.2345973 ,
         -0.24520409, -0.07904225],
        [ 0.11979985,  0.        , -0.0134895 , ..., -0.11645119,
         -0.12729561,  0.04095204],
        [ 0.1331813 ,  0.0134895 ,  0.        , ..., -0.10304287,
         -0.11390426,  0.0544265 ],
        ...,
        [ 0.2345973 ,  0.11645119,  0.10304287, ...,  0.        ,
         -0.0109257 ,  0.15702692],
        [ 0.24520409,  0.12729561,  0.11390426, ...,  0.0109257 ,
          0.        ,  0.16780771],
        [ 0.07904225, -0.04095204, -0.0544265 , ..., -0.15702692,
         -0.16780771,  0.        ]],

       [[ 0.        , -0.32312208, -0.45204596, ..., -0.99594469,
         -0.99893271, -0.99999639],
        [ 0.32312208,  0.        , -0.13957382, ..., -0.97159004,
         -0.960272  , -0.94548554],
        [ 0.45204596,  0.13957382,  0.        , ..., -0.92904683,
         -0.91192226, -0.89077664],
        ...,
        [ 0.99594469,  0.97159004,  0.92904683, ...,  0.        ,
          0.04386972,  0.0926437 ],
        [ 0.99893271,  0.960272  ,  0.91192226, ..., -0.04386972,
          0.        ,  0.04887346],
        [ 0.99999639,  0.94548554,  0.89077664, ..., -0.0926437 ,
         -0.04887346,  0.        ]],

       ...,

       [[ 0.        ,  0.47639537,  0.73566443, ...,  0.62895466,
          0.        ,  0.27213789],
        [-0.47639537,  0.        ,  0.32413451, ...,  0.9233663 ,
          0.47639537,  0.6976875 ],
        [-0.73566443, -0.32413451,  0.        , ...,  0.99795645,
          0.73566443,  0.89223074],
        ...,
        [-0.62895466, -0.9233663 , -0.99795645, ...,  0.        ,
          0.62895466,  0.3936454 ],
        [-0.        , -0.47639537, -0.73566443, ..., -0.62895466,
          0.        , -0.27213789],
        [-0.27213789, -0.6976875 , -0.89223074, ..., -0.3936454 ,
          0.27213789,  0.        ]],

       [[ 0.        , -0.35795473, -0.54581256, ..., -0.27674066,
         -0.31978851, -0.36235386],
        [ 0.35795473,  0.        , -0.20971356, ..., -0.60237821,
         -0.63775713, -0.67197225],
        [ 0.54581256,  0.20971356,  0.        , ..., -0.75637867,
         -0.78510449, -0.81233841],
        ...,
        [ 0.27674066,  0.60237821,  0.75637867, ...,  0.        ,
          0.04509034,  0.09026847],
        [ 0.31978851,  0.63775713,  0.78510449, ..., -0.04509034,
          0.        ,  0.04527041],
        [ 0.36235386,  0.67197225,  0.81233841, ..., -0.09026847,
         -0.04527041,  0.        ]],

       [[ 0.        , -0.53646367, -0.65318584, ..., -0.91800706,
         -0.91846751, -0.9135426 ],
        [ 0.53646367,  0.        , -0.1450298 , ..., -0.98746985,
         -0.98728571, -0.98916287],
        [ 0.65318584,  0.1450298 ,  0.        , ..., -0.95414279,
         -0.9537941 , -0.95741111],
        ...,
        [ 0.91800706,  0.98746985,  0.95414279, ...,  0.        ,
          0.00116266, -0.01111488],
        [ 0.91846751,  0.98728571,  0.9537941 , ..., -0.00116266,
          0.        , -0.01227746],
        [ 0.9135426 ,  0.98916287,  0.95741111, ...,  0.01111488,
          0.01227746,  0.        ]]]), 'num': array([9.11262640e-01, 4.11725176e-01, 6.29933750e-05, 4.64915220e-08,
       1.26145824e-03, 1.27736566e-03, 1.24396008e-03, 8.39036759e-03,
       4.77222538e-06, 1.24491453e-03, 1.20705487e-03, 1.29420101e-03,
       1.28689224e-05, 1.28137912e-03, 1.13273062e-03])}
{'img': array([[[ 0.        ,  0.06938485,  0.19683846, ..., -0.63052613,
         -0.57062348, -0.55242096],
        [-0.06938485,  0.        ,  0.12833667, ..., -0.68286085,
         -0.62622792, -0.60892641],
        [-0.19683846, -0.12833667,  0.        , ..., -0.7709702 ,
         -0.72110584, -0.70569107],
        ...,
        [ 0.63052613,  0.68286085,  0.7709702 , ...,  0.        ,
          0.07489581,  0.09681321],
        [ 0.57062348,  0.62622792,  0.72110584, ..., -0.07489581,
          0.        ,  0.0219973 ],
        [ 0.55242096,  0.60892641,  0.70569107, ..., -0.09681321,
         -0.0219973 ,  0.        ]],

       [[ 0.        , -0.0134895 , -0.06189965, ..., -0.12729561,
          0.04095204, -0.0755399 ],
        [ 0.0134895 ,  0.        , -0.04843038, ..., -0.11390426,
          0.0544265 , -0.06208207],
        [ 0.06189965,  0.04843038,  0.        , ..., -0.06565542,
          0.10272123, -0.01367226],
        ...,
        [ 0.12729561,  0.11390426,  0.06565542, ...,  0.        ,
          0.16780771,  0.05200652],
        [-0.04095204, -0.0544265 , -0.10272123, ..., -0.16780771,
          0.        , -0.11631157],
        [ 0.0755399 ,  0.06208207,  0.01367226, ..., -0.05200652,
          0.11631157,  0.        ]],

       [[ 0.        , -0.13957382, -0.20806049, ..., -0.960272  ,
         -0.94548554, -0.92821452],
        [ 0.13957382,  0.        , -0.06950454, ..., -0.91192226,
         -0.89077664, -0.86720105],
        [ 0.20806049,  0.06950454,  0.        , ..., -0.88119481,
         -0.85703667, -0.83049349],
        ...,
        [ 0.960272  ,  0.91192226,  0.88119481, ...,  0.        ,
          0.04887346,  0.09823192],
        [ 0.94548554,  0.89077664,  0.85703667, ..., -0.04887346,
          0.        ,  0.04947745],
        [ 0.92821452,  0.86720105,  0.83049349, ..., -0.09823192,
         -0.04947745,  0.        ]],

       ...,

       [[ 0.        ,  0.42780723,  0.54857873, ...,  0.27649979,
          0.5326567 ,  0.59860506],
        [-0.42780723,  0.        ,  0.1381547 , ...,  0.66104859,
          0.8435191 ,  0.8837537 ],
        [-0.54857873, -0.1381547 ,  0.        , ...,  0.75837299,
          0.90963308,  0.9399289 ],
        ...,
        [-0.27649979, -0.66104859, -0.75837299, ...,  0.        ,
         -0.27788008, -0.35377925],
        [-0.5326567 , -0.8435191 , -0.90963308, ...,  0.27788008,
          0.        , -0.07993665],
        [-0.59860506, -0.8837537 , -0.9399289 , ...,  0.35377925,
          0.07993665,  0.        ]],

       [[ 0.        , -0.43405864, -0.6086922 , ..., -0.32507099,
         -0.36828759, -0.41846834],
        [ 0.43405864,  0.        , -0.20397651, ..., -0.7033362 ,
         -0.73533412, -0.77121737],
        [ 0.6086922 ,  0.20397651,  0.        , ..., -0.83354731,
         -0.85811015, -0.88484884],
        ...,
        [ 0.32507099,  0.7033362 ,  0.83354731, ...,  0.        ,
          0.04606338,  0.10050149],
        [ 0.36828759,  0.73533412,  0.85811015, ..., -0.04606338,
          0.        ,  0.05456465],
        [ 0.41846834,  0.77121737,  0.88484884, ..., -0.10050149,
         -0.05456465,  0.        ]],

       [[ 0.        , -0.2791039 , -0.35213852, ..., -0.98678001,
         -0.98460156, -0.98307393],
        [ 0.2791039 ,  0.        , -0.07691815, ..., -0.99279937,
         -0.99426552, -0.9951419 ],
        [ 0.35213852,  0.07691815,  0.        , ..., -0.98064416,
         -0.98309433, -0.98462103],
        ...,
        [ 0.98678001,  0.99279937,  0.98064416, ...,  0.        ,
         -0.01293259, -0.02146499],
        [ 0.98460156,  0.99426552,  0.98309433, ...,  0.01293259,
          0.        , -0.00853358],
        [ 0.98307393,  0.9951419 ,  0.98462103, ...,  0.02146499,
          0.00853358,  0.        ]]]), 'num': array([ 9.80002351e-01,  1.98764750e-01,  9.86411112e-05,  8.51362442e-08,
        1.35631528e-03,  1.36487788e-03,  1.34432764e-03,  8.57766663e-03,
       -1.71251929e-06,  1.34775268e-03,  1.30459720e-03,  1.39082254e-03,
        1.32720245e-05,  1.38535551e-03,  1.22383888e-03])}
{'img': array([[[ 0.        ,  0.12833667,  0.02107362, ..., -0.62622792,
         -0.60892641, -0.61470894],
        [-0.12833667,  0.        , -0.10740882, ..., -0.72110584,
         -0.70569107, -0.71085177],
        [-0.02107362,  0.10740882,  0.        , ..., -0.64251869,
         -0.62550735, -0.63119433],
        ...,
        [ 0.62622792,  0.72110584,  0.64251869, ...,  0.        ,
          0.0219973 ,  0.0146881 ],
        [ 0.60892641,  0.70569107,  0.62550735, ..., -0.0219973 ,
          0.        , -0.00731039],
        [ 0.61470894,  0.71085177,  0.63119433, ..., -0.0146881 ,
          0.00731039,  0.        ]],

       [[ 0.        , -0.04843038, -0.06876251, ...,  0.0544265 ,
         -0.06208207, -0.07029856],
        [ 0.04843038,  0.        , -0.02036607, ...,  0.10272123,
         -0.01367226, -0.0219055 ],
        [ 0.06876251,  0.02036607,  0.        , ...,  0.12295826,
          0.00669474, -0.00153978],
        ...,
        [-0.0544265 , -0.10272123, -0.12295826, ...,  0.        ,
         -0.11631157, -0.12448621],
        [ 0.06208207,  0.01367226, -0.00669474, ...,  0.11631157,
          0.        , -0.00823447],
        [ 0.07029856,  0.0219055 ,  0.00153978, ...,  0.12448621,
          0.00823447,  0.        ]],

       [[ 0.        , -0.06950454, -0.08941322, ..., -0.89077664,
         -0.86720105, -0.8443431 ],
        [ 0.06950454,  0.        , -0.01997084, ..., -0.85703667,
         -0.83049349, -0.80506043],
        [ 0.08941322,  0.01997084,  0.        , ..., -0.84657567,
         -0.81920353, -0.79305331],
        ...,
        [ 0.89077664,  0.85703667,  0.84657567, ...,  0.        ,
          0.04947745,  0.09357625],
        [ 0.86720105,  0.83049349,  0.81920353, ..., -0.04947745,
          0.        ,  0.04420129],
        [ 0.8443431 ,  0.80506043,  0.79305331, ..., -0.09357625,
         -0.04420129,  0.        ]],

       ...,

       [[ 0.        ,  0.1381547 ,  0.1381547 , ...,  0.8435191 ,
          0.8837537 ,  0.96685788],
        [-0.1381547 ,  0.        ,  0.        , ...,  0.90963308,
          0.9399289 ,  0.99285935],
        [-0.1381547 ,  0.        ,  0.        , ...,  0.90963308,
          0.9399289 ,  0.99285935],
        ...,
        [-0.8435191 , -0.90963308, -0.90963308, ...,  0.        ,
         -0.07993665, -0.30393535],
        [-0.8837537 , -0.9399289 , -0.9399289 , ...,  0.07993665,
          0.        , -0.22680769],
        [-0.96685788, -0.99285935, -0.99285935, ...,  0.30393535,
          0.22680769,  0.        ]],

       [[ 0.        , -0.46192739, -0.62578059, ..., -0.37740826,
         -0.42870103, -0.46255408],
        [ 0.46192739,  0.        , -0.19471294, ..., -0.76249655,
         -0.7975492 , -0.81978812],
        [ 0.62578059,  0.19471294,  0.        , ..., -0.87388034,
         -0.89974567, -0.91560327],
        ...,
        [ 0.37740826,  0.76249655,  0.87388034, ...,  0.        ,
          0.05602915,  0.09374002],
        [ 0.42870103,  0.7975492 ,  0.89974567, ..., -0.05602915,
          0.        ,  0.03781032],
        [ 0.46255408,  0.81978812,  0.91560327, ..., -0.09374002,
         -0.03781032,  0.        ]],

       [[ 0.        , -0.07691815, -0.15741141, ..., -0.99426552,
         -0.9951419 , -0.99211024],
        [ 0.07691815,  0.        , -0.08098585, ..., -0.98309433,
         -0.98462103, -0.9795279 ],
        [ 0.15741141,  0.08098585,  0.        , ..., -0.96503662,
         -0.96723826, -0.96000726],
        ...,
        [ 0.99426552,  0.98309433,  0.96503662, ...,  0.        ,
         -0.00853358,  0.01855382],
        [ 0.9951419 ,  0.98462103,  0.96723826, ...,  0.00853358,
          0.        ,  0.02708526],
        [ 0.99211024,  0.9795279 ,  0.96000726, ..., -0.01855382,
         -0.02708526,  0.        ]]]), 'num': array([ 9.98221609e-01,  5.91129884e-02,  1.19327652e-04,  6.91490812e-08,
        1.38104209e-03,  1.39332582e-03,  1.37051318e-03,  6.64655021e-03,
       -8.77409205e-06,  1.38349883e-03,  1.34261157e-03,  1.42222183e-03,
        1.12418054e-05,  1.42058476e-03,  1.26463837e-03])}
{'img': array([[[ 0.        , -0.10740882, -0.27658176, ..., -0.70569107,
         -0.71085177, -0.7363154 ],
        [ 0.10740882,  0.        , -0.17176288, ..., -0.62550735,
         -0.63119433, -0.65937883],
        [ 0.27658176,  0.17176288,  0.        , ..., -0.48219872,
         -0.48859019, -0.52044616],
        ...,
        [ 0.70569107,  0.62550735,  0.48219872, ...,  0.        ,
         -0.00731039, -0.04419621],
        [ 0.71085177,  0.63119433,  0.48859019, ...,  0.00731039,
          0.        , -0.03689178],
        [ 0.7363154 ,  0.65937883,  0.52044616, ...,  0.04419621,
          0.03689178,  0.        ]],

       [[ 0.        , -0.02036607,  0.05982112, ..., -0.01367226,
         -0.0219055 , -0.06677964],
        [ 0.02036607,  0.        ,  0.0801383 , ...,  0.00669474,
         -0.00153978, -0.04644518],
        [-0.05982112, -0.0801383 ,  0.        , ..., -0.0734633 ,
         -0.08167303, -0.12634762],
        ...,
        [ 0.01367226, -0.00669474,  0.0734633 , ...,  0.        ,
         -0.00823447, -0.05313166],
        [ 0.0219055 ,  0.00153978,  0.08167303, ...,  0.00823447,
          0.        , -0.04490701],
        [ 0.06677964,  0.04644518,  0.12634762, ...,  0.05313166,
          0.04490701,  0.        ]],

       [[ 0.        , -0.01997084, -0.02394051, ..., -0.83049349,
         -0.80506043, -0.79675938],
        [ 0.01997084,  0.        , -0.00397062, ..., -0.81920353,
         -0.79305331, -0.78453216],
        [ 0.02394051,  0.00397062,  0.        , ..., -0.81691991,
         -0.79062835, -0.78206384],
        ...,
        [ 0.83049349,  0.81920353,  0.81691991, ...,  0.        ,
          0.04420129,  0.05804691],
        [ 0.80506043,  0.79305331,  0.79062835, ..., -0.04420129,
          0.        ,  0.01386342],
        [ 0.79675938,  0.78453216,  0.78206384, ..., -0.05804691,
         -0.01386342,  0.        ]],

       ...,

       [[ 0.        ,  0.        , -0.07695641, ...,  0.9399289 ,
          0.99285935,  0.90873972],
        [ 0.        ,  0.        , -0.07695641, ...,  0.9399289 ,
          0.99285935,  0.90873972],
        [ 0.07695641,  0.07695641,  0.        , ...,  0.91087087,
          0.98073478,  0.9381636 ],
        ...,
        [-0.9399289 , -0.9399289 , -0.91087087, ...,  0.        ,
         -0.22680769, -0.70250855],
        [-0.99285935, -0.99285935, -0.98073478, ...,  0.22680769,
          0.        , -0.52278744],
        [-0.90873972, -0.90873972, -0.9381636 , ...,  0.70250855,
          0.52278744,  0.        ]],

       [[ 0.        , -0.46239547, -0.593653  , ..., -0.4406887 ,
         -0.4753542 , -0.48085975],
        [ 0.46239547,  0.        , -0.15427715, ..., -0.80582104,
         -0.82829711, -0.83179294],
        [ 0.593653  ,  0.15427715,  0.        , ..., -0.88753006,
         -0.90482022, -0.90747148],
        ...,
        [ 0.4406887 ,  0.80582104,  0.88753006, ...,  0.        ,
          0.03899095,  0.04525379],
        [ 0.4753542 ,  0.82829711,  0.90482022, ..., -0.03899095,
          0.        ,  0.00626838],
        [ 0.48085975,  0.83179294,  0.90747148, ..., -0.04525379,
         -0.00626838,  0.        ]],

       [[ 0.        , -0.08098585, -0.22524026, ..., -0.98462103,
         -0.9795279 , -0.96501501],
        [ 0.08098585,  0.        , -0.14559562, ..., -0.96723826,
         -0.96000726, -0.94061112],
        [ 0.22524026,  0.14559562,  0.        , ..., -0.91996914,
         -0.90901445, -0.88116047],
        ...,
        [ 0.98462103,  0.96723826,  0.91996914, ...,  0.        ,
          0.02708526,  0.08957055],
        [ 0.9795279 ,  0.96000726,  0.90901445, ..., -0.02708526,
          0.        ,  0.0625613 ],
        [ 0.96501501,  0.94061112,  0.88116047, ..., -0.08957055,
         -0.0625613 ,  0.        ]]]), 'num': array([ 9.89400887e-01,  1.44819082e-01,  1.06236705e-04, -3.74121912e-08,
        1.37107436e-03,  1.37624822e-03,  1.35900201e-03,  9.92951021e-03,
        1.37969747e-05,  1.36486572e-03,  1.32563057e-03,  1.39455796e-03,
        1.16594152e-05,  1.39808337e-03,  1.25317778e-03])}
{'img': array([[[ 0.00000000e+00, -1.71762880e-01, -1.17731422e-01, ...,
         -6.31194330e-01, -6.59378834e-01, -6.14084516e-01],
        [ 1.71762880e-01,  0.00000000e+00,  5.45866149e-02, ...,
         -4.88590185e-01, -5.20446161e-01, -4.69396008e-01],
        [ 1.17731422e-01, -5.45866149e-02,  0.00000000e+00, ...,
         -5.35489269e-01, -5.66281406e-01, -5.16895470e-01],
        ...,
        [ 6.31194330e-01,  4.88590185e-01,  5.35489269e-01, ...,
          0.00000000e+00, -3.68917834e-02,  2.18648485e-02],
        [ 6.59378834e-01,  5.20446161e-01,  5.66281406e-01, ...,
          3.68917834e-02,  0.00000000e+00,  5.87329282e-02],
        [ 6.14084516e-01,  4.69396008e-01,  5.16895470e-01, ...,
         -2.18648485e-02, -5.87329282e-02,  0.00000000e+00]],

       [[ 0.00000000e+00,  8.01383046e-02, -8.13951617e-04, ...,
         -1.53977601e-03, -4.64451800e-02,  2.07386504e-02],
        [-8.01383046e-02,  0.00000000e+00, -8.09496118e-02, ...,
         -8.16730333e-02, -1.26347623e-01, -5.94491196e-02],
        [ 8.13951617e-04,  8.09496118e-02,  0.00000000e+00, ...,
         -7.25824846e-04, -4.56320913e-02,  2.15524201e-02],
        ...,
        [ 1.53977601e-03,  8.16730333e-02,  7.25824846e-04, ...,
          0.00000000e+00, -4.49070105e-02,  2.22780707e-02],
        [ 4.64451800e-02,  1.26347623e-01,  4.56320913e-02, ...,
          4.49070105e-02,  0.00000000e+00,  6.71514611e-02],
        [-2.07386504e-02,  5.94491196e-02, -2.15524201e-02, ...,
         -2.22780707e-02, -6.71514611e-02,  0.00000000e+00]],

       [[ 0.00000000e+00, -3.97062471e-03, -1.18886988e-02, ...,
         -7.93053313e-01, -7.84532165e-01, -7.65960081e-01],
        [ 3.97062471e-03,  0.00000000e+00, -7.91826096e-03, ...,
         -7.90628346e-01, -7.82063843e-01, -7.63401375e-01],
        [ 1.18886988e-02,  7.91826096e-03,  0.00000000e+00, ...,
         -7.85755238e-01, -7.77104678e-01, -7.58262845e-01],
        ...,
        [ 7.93053313e-01,  7.90628346e-01,  7.85755238e-01, ...,
          0.00000000e+00,  1.38634213e-02,  4.32582717e-02],
        [ 7.84532165e-01,  7.82063843e-01,  7.77104678e-01, ...,
         -1.38634213e-02,  0.00000000e+00,  2.94036703e-02],
        [ 7.65960081e-01,  7.63401375e-01,  7.58262845e-01, ...,
         -4.32582717e-02, -2.94036703e-02,  0.00000000e+00]],

       ...,

       [[ 0.00000000e+00, -7.69564112e-02, -7.58372995e-01, ...,
          9.92859345e-01,  9.08739720e-01,  9.53329070e-01],
        [ 7.69564112e-02,  0.00000000e+00, -7.05962216e-01, ...,
          9.80734779e-01,  9.38163596e-01,  9.73737632e-01],
        [ 7.58372995e-01,  7.05962216e-01,  0.00000000e+00, ...,
          5.56699405e-01,  9.08852536e-01,  8.50377769e-01],
        ...,
        [-9.92859345e-01, -9.80734779e-01, -5.56699405e-01, ...,
          0.00000000e+00, -5.22787435e-01, -4.13500732e-01],
        [-9.08739720e-01, -9.38163596e-01, -9.08852536e-01, ...,
          5.22787435e-01,  0.00000000e+00,  1.23505832e-01],
        [-9.53329070e-01, -9.73737632e-01, -8.50377769e-01, ...,
          4.13500732e-01, -1.23505832e-01,  0.00000000e+00]],

       [[ 0.00000000e+00, -4.07680322e-01, -6.01600209e-01, ...,
         -4.88481646e-01, -4.94113922e-01, -5.04892090e-01],
        [ 4.07680322e-01,  0.00000000e+00, -2.23682066e-01, ...,
         -8.01775985e-01, -8.05623753e-01, -8.12931957e-01],
        [ 6.01600209e-01,  2.23682066e-01,  0.00000000e+00, ...,
         -9.15138642e-01, -9.17726403e-01, -9.22597213e-01],
        ...,
        [ 4.88481646e-01,  8.01775985e-01,  9.15138642e-01, ...,
          0.00000000e+00,  6.46648650e-03,  1.89070032e-02],
        [ 4.94113922e-01,  8.05623753e-01,  9.17726403e-01, ...,
         -6.46648650e-03,  0.00000000e+00,  1.24412773e-02],
        [ 5.04892090e-01,  8.12931957e-01,  9.22597213e-01, ...,
         -1.89070032e-02, -1.24412773e-02,  0.00000000e+00]],

       [[ 0.00000000e+00, -1.45595624e-01, -1.97503075e-01, ...,
         -9.60007264e-01, -9.40611121e-01, -9.18190773e-01],
        [ 1.45595624e-01,  0.00000000e+00, -5.26707985e-02, ...,
         -9.09014455e-01, -8.81160472e-01, -8.50730670e-01],
        [ 1.97503075e-01,  5.26707985e-02,  0.00000000e+00, ...,
         -8.85801356e-01, -8.55033694e-01, -8.21865926e-01],
        ...,
        [ 9.60007264e-01,  9.09014455e-01,  8.85801356e-01, ...,
          0.00000000e+00,  6.25613024e-02,  1.23225282e-01],
        [ 9.40611121e-01,  8.81160472e-01,  8.55033694e-01, ...,
         -6.25613024e-02,  0.00000000e+00,  6.08993937e-02],
        [ 9.18190773e-01,  8.50730670e-01,  8.21865926e-01, ...,
         -1.23225282e-01, -6.08993937e-02,  0.00000000e+00]]]), 'num': array([9.94530983e-01, 1.03752033e-01, 1.11486727e-04, 1.11668390e-07,
       1.37891478e-03, 1.38064058e-03, 1.35647937e-03, 1.13499011e-02,
       6.90320292e-06, 1.36890514e-03, 1.33387138e-03, 1.39286501e-03,
       1.19655517e-05, 1.39560489e-03, 1.27213787e-03])}
{'img': array([[[ 0.        ,  0.05458661,  0.1509643 , ..., -0.52044616,
         -0.46939601, -0.44371304],
        [-0.05458661,  0.        ,  0.09677821, ..., -0.56628141,
         -0.51689547, -0.49197031],
        [-0.1509643 , -0.09677821,  0.        , ..., -0.64338903,
         -0.59731599, -0.57391726],
        ...,
        [ 0.52044616,  0.56628141,  0.64338903, ...,  0.        ,
          0.05873293,  0.08752356],
        [ 0.46939601,  0.51689547,  0.59731599, ..., -0.05873293,
          0.        ,  0.02886493],
        [ 0.44371304,  0.49197031,  0.57391726, ..., -0.08752356,
         -0.02886493,  0.        ]],

       [[ 0.        , -0.08094961, -0.12329085, ..., -0.12634762,
         -0.05944912, -0.03779572],
        [ 0.08094961,  0.        , -0.04255422, ..., -0.04563209,
          0.02155242,  0.04322009],
        [ 0.12329085,  0.04255422,  0.        , ..., -0.00308087,
          0.06407723,  0.08569539],
        ...,
        [ 0.12634762,  0.04563209,  0.00308087, ...,  0.        ,
          0.06715146,  0.08876452],
        [ 0.05944912, -0.02155242, -0.06407723, ..., -0.06715146,
          0.        ,  0.02167777],
        [ 0.03779572, -0.04322009, -0.08569539, ..., -0.08876452,
         -0.02167777,  0.        ]],

       [[ 0.        , -0.00791826, -0.00791826, ..., -0.78206384,
         -0.76340138, -0.75200656],
        [ 0.00791826,  0.        ,  0.        , ..., -0.77710468,
         -0.75826284, -0.74676362],
        [ 0.00791826,  0.        ,  0.        , ..., -0.77710468,
         -0.75826284, -0.74676362],
        ...,
        [ 0.78206384,  0.77710468,  0.77710468, ...,  0.        ,
          0.02940367,  0.04685255],
        [ 0.76340138,  0.75826284,  0.75826284, ..., -0.02940367,
          0.        ,  0.01746091],
        [ 0.75200656,  0.74676362,  0.74676362, ..., -0.04685255,
         -0.01746091,  0.        ]],

       ...,

       [[ 0.        , -0.70596222, -0.37721754, ...,  0.9381636 ,
          0.97373763,  0.98627841],
        [ 0.70596222,  0.        ,  0.3866449 , ...,  0.90885254,
          0.85037777,  0.8150789 ],
        [ 0.37721754, -0.3866449 ,  0.        , ...,  0.99944625,
          0.98768473,  0.97569184],
        ...,
        [-0.9381636 , -0.90885254, -0.99944625, ...,  0.        ,
          0.12350583,  0.18655996],
        [-0.97373763, -0.85037777, -0.98768473, ..., -0.12350583,
          0.        ,  0.06379412],
        [-0.98627841, -0.8150789 , -0.97569184, ..., -0.18655996,
         -0.06379412,  0.        ]],

       [[ 0.        , -0.47408145, -0.62362039, ..., -0.50440624,
         -0.51536702, -0.49579385],
        [ 0.47408145,  0.        , -0.17848349, ..., -0.85347354,
         -0.86004424, -0.84824847],
        [ 0.62362039,  0.17848349,  0.        , ..., -0.93278344,
         -0.93730018, -0.92915265],
        ...,
        [ 0.50440624,  0.85347354,  0.93278344, ...,  0.        ,
          0.01274135, -0.00994531],
        [ 0.51536702,  0.86004424,  0.93730018, ..., -0.01274135,
          0.        , -0.02268522],
        [ 0.49579385,  0.84824847,  0.92915265, ...,  0.00994531,
          0.02268522,  0.        ]],

       [[ 0.        , -0.0526708 , -0.08623903, ..., -0.88116047,
         -0.85073067, -0.79089668],
        [ 0.0526708 ,  0.        , -0.03364476, ..., -0.85503369,
         -0.82186593, -0.75756698],
        [ 0.08623903,  0.03364476,  0.        , ..., -0.83710238,
         -0.80223385, -0.73517623],
        ...,
        [ 0.88116047,  0.85503369,  0.83710238, ...,  0.        ,
          0.06089939,  0.16527623],
        [ 0.85073067,  0.82186593,  0.80223385, ..., -0.06089939,
          0.        ,  0.1049076 ],
        [ 0.79089668,  0.75756698,  0.73517623, ..., -0.16527623,
         -0.1049076 ,  0.        ]]]), 'num': array([9.98565824e-01, 5.07711320e-02, 1.16723484e-04, 1.87650335e-07,
       1.38566475e-03, 1.39078420e-03, 1.35836101e-03, 1.65484549e-02,
       2.21842879e-05, 1.36006750e-03, 1.32585250e-03, 1.37573871e-03,
       1.22192659e-05, 1.38418804e-03, 1.26751696e-03])}
{'img': array([[[ 0.        ,  0.09677821,  0.06202741, ..., -0.51689547,
         -0.49197031, -0.40996253],
        [-0.09677821,  0.        , -0.03485561, ..., -0.59731599,
         -0.57391726, -0.49630979],
        [-0.06202741,  0.03485561,  0.        , ..., -0.56899863,
         -0.5450248 , -0.46574847],
        ...,
        [ 0.51689547,  0.59731599,  0.56899863, ...,  0.        ,
          0.02886493,  0.12051376],
        [ 0.49197031,  0.57391726,  0.5450248 , ..., -0.02886493,
          0.        ,  0.091809  ],
        [ 0.40996253,  0.49630979,  0.46574847, ..., -0.12051376,
         -0.091809  ,  0.        ]],

       [[ 0.        , -0.04255422,  0.00786531, ...,  0.02155242,
          0.04322009,  0.11056108],
        [ 0.04255422,  0.        ,  0.05041109, ...,  0.06407723,
          0.08569539,  0.15275426],
        [-0.00786531, -0.05041109,  0.        , ...,  0.01368827,
          0.03536079,  0.10274057],
        ...,
        [-0.02155242, -0.06407723, -0.01368827, ...,  0.        ,
          0.02167777,  0.08911511],
        [-0.04322009, -0.08569539, -0.03536079, ..., -0.02167777,
          0.        ,  0.06750265],
        [-0.11056108, -0.15275426, -0.10274057, ..., -0.08911511,
         -0.06750265,  0.        ]],

       [[ 0.        ,  0.        , -0.04496029, ..., -0.75826284,
         -0.74676362, -0.7220261 ],
        [ 0.        ,  0.        , -0.04496029, ..., -0.75826284,
         -0.74676362, -0.7220261 ],
        [ 0.04496029,  0.04496029,  0.        , ..., -0.72818425,
         -0.71610585, -0.69018948],
        ...,
        [ 0.75826284,  0.75826284,  0.72818425, ...,  0.        ,
          0.01746091,  0.05389197],
        [ 0.74676362,  0.74676362,  0.71610585, ..., -0.01746091,
          0.        ,  0.03644821],
        [ 0.7220261 ,  0.7220261 ,  0.69018948, ..., -0.05389197,
         -0.03644821,  0.        ]],

       ...,

       [[ 0.        ,  0.3866449 ,  0.43629984, ...,  0.85037777,
          0.8150789 ,  0.76055943],
        [-0.3866449 ,  0.        ,  0.05446462, ...,  0.98768473,
          0.97569184,  0.952446  ],
        [-0.43629984, -0.05446462,  0.        , ...,  0.9947401 ,
          0.98617938,  0.96762806],
        ...,
        [-0.85037777, -0.98768473, -0.9947401 , ...,  0.        ,
          0.06379412,  0.15193777],
        [-0.8150789 , -0.97569184, -0.98617938, ..., -0.06379412,
          0.        ,  0.08857481],
        [-0.76055943, -0.952446  , -0.96762806, ..., -0.15193777,
         -0.08857481,  0.        ]],

       [[ 0.        , -0.44612678, -0.52947847, ..., -0.53018996,
         -0.51016152, -0.53480738],
        [ 0.44612678,  0.        , -0.09540744, ..., -0.85276547,
         -0.84028325, -0.85560197],
        [ 0.52947847,  0.09540744,  0.        , ..., -0.89870615,
         -0.88817505, -0.90108514],
        ...,
        [ 0.53018996,  0.85276547,  0.89870615, ...,  0.        ,
         -0.02344987,  0.00545514],
        [ 0.51016152,  0.84028325,  0.88817505, ...,  0.02344987,
          0.        ,  0.02890316],
        [ 0.53480738,  0.85560197,  0.90108514, ..., -0.00545514,
         -0.02890316,  0.        ]],

       [[ 0.        , -0.03364476, -0.11573068, ..., -0.82186593,
         -0.75756698, -0.71995988],
        [ 0.03364476,  0.        , -0.08224648, ..., -0.80223385,
         -0.73517623, -0.69620229],
        [ 0.11573068,  0.08224648,  0.        , ..., -0.75041394,
         -0.67693255, -0.63480329],
        ...,
        [ 0.82186593,  0.80223385,  0.75041394, ...,  0.        ,
          0.1049076 ,  0.16024041],
        [ 0.75756698,  0.73517623,  0.67693255, ..., -0.1049076 ,
          0.        ,  0.05580421],
        [ 0.71995988,  0.69620229,  0.63480329, ..., -0.16024041,
