state_0,state_1,state_2,state_3,state_4,state_5,state_6,state_7,state_8,state_9,state_10,state_11,state_12,state_13,state_14,state_15,state_16,state_17,state_18,state_19,state_20,state_21,state_22,state_23,state_24,state_25,state_26,state_27,state_28,state_29,state_30,state_31,state_32,state_33,state_34,state_35,state_36,state_37,state_38,state_39,state_40,state_41,state_42,state_43,state_44,state_45,state_46,state_47,state_48,state_49,state_50,state_51,state_52,state_53,state_54,state_55,state_56,state_57,state_58,state_59,state_60,state_61,state_62,state_63,state_64,state_65,state_66,state_67,state_68,state_69,state_70,state_71,state_72,state_73,state_74,state_75,state_76,state_77,state_78,state_79,state_80,state_81,state_82,state_83,state_84,state_85,state_86,state_87,state_88,state_89,state_90,state_91,state_92,state_93,state_94,state_95,state_96,state_97,state_98,state_99,state_100,state_101,state_102,state_103,state_104,state_105,state_106,state_107,state_108,state_109,state_110,state_111,state_112,state_113,state_114,state_115,state_116,state_117,state_118,state_119,state_120,state_121,state_122,state_123,state_124,state_125,state_126,state_127,state_128,state_129,state_130,state_131,state_132,state_133,state_134,state_135,state_136,state_137,state_138,state_139,state_140,state_141,state_142,state_143,state_144,state_145,state_146,state_147,state_148,state_149,state_150,state_151,state_152,state_153,state_154,state_155,state_156,state_157,state_158,state_159,state_160,state_161,state_162,state_163,state_164,state_165,state_166,state_167,state_168,state_169,state_170,state_171,state_172,state_173,state_174,state_175,state_176,state_177,state_178,state_179,state_180,state_181,state_182,state_183,state_184,state_185,state_186,state_187,state_188,state_189,state_190,state_191,state_192,state_193,state_194,state_195,state_196,state_197,state_198,state_199,state_200,state_201,state_202,state_203,state_204,state_205,state_206,state_207,state_208,state_209,state_210,state_211,state_212,state_213,state_214,state_215,state_216,state_217,state_218,state_219,state_220,state_221,state_222,state_223,state_224,state_225,state_226,state_227,state_228,state_229,state_230,state_231,state_232,state_233,state_234,state_235,state_236,state_237,state_238,state_239,state_240,state_241,state_242,state_243,state_244,state_245,state_246,state_247,state_248,state_249,state_250,state_251,state_252,state_253,state_254,state_255,state_256,state_257,state_258,state_259,state_260,state_261,state_262,state_263,state_264,state_265,state_266,state_267,state_268,state_269,state_270,state_271,state_272,state_273,state_274,state_275,state_276,state_277,state_278,state_279,state_280,state_281,state_282,state_283,state_284,state_285,state_286,state_287
{'img': array([[[ 0.        , -0.04198754, -0.12439356, ..., -0.90289752,
         -0.94518996, -0.88985374],
        [ 0.04198754,  0.        , -0.08262245, ..., -0.8840527 ,
         -0.93064662, -0.86991236],
        [ 0.12439356,  0.08262245,  0.        , ..., -0.84241337,
         -0.89723153, -0.82618815],
        ...,
        [ 0.90289752,  0.8840527 ,  0.84241337, ...,  0.        ,
         -0.11148049,  0.02943444],
        [ 0.94518996,  0.93064662,  0.89723153, ...,  0.11148049,
          0.        ,  0.14068316],
        [ 0.88985374,  0.86991236,  0.82618815, ..., -0.02943444,
         -0.14068316,  0.        ]],

       [[ 0.        ,  0.02081441,  0.02356175, ..., -0.14064825,
         -0.21760563, -0.14190374],
        [-0.02081441,  0.        ,  0.00274802, ..., -0.16122528,
         -0.23787411, -0.16247677],
        [-0.02356175, -0.00274802,  0.        , ..., -0.16393674,
         -0.24054235, -0.16518766],
        ...,
        [ 0.14064825,  0.16122528,  0.16393674, ...,  0.        ,
         -0.07816468, -0.00126821],
        [ 0.21760563,  0.23787411,  0.24054235, ...,  0.07816468,
          0.        ,  0.07690029],
        [ 0.14190374,  0.16247677,  0.16518766, ...,  0.00126821,
         -0.07690029,  0.        ]],

       [[ 0.        ,  0.00723668, -0.03558499, ..., -0.99715196,
         -0.99961159, -0.99995129],
        [-0.00723668,  0.        , -0.04281615, ..., -0.99767163,
         -0.99978709, -0.99999653],
        [ 0.03558499,  0.04281615,  0.        , ..., -0.99383665,
         -0.99798678, -0.99896677],
        ...,
        [ 0.99715196,  0.99767163,  0.99383665, ...,  0.        ,
         -0.04759985, -0.06557351],
        [ 0.99961159,  0.99978709,  0.99798678, ...,  0.04759985,
          0.        , -0.01800178],
        [ 0.99995129,  0.99999653,  0.99896677, ...,  0.06557351,
          0.01800178,  0.        ]],

       ...,

       [[ 0.        , -0.26987937, -0.23903316, ..., -0.00428914,
         -0.28462698, -0.12241686],
        [ 0.26987937,  0.        ,  0.03189232, ...,  0.2657469 ,
         -0.01534893,  0.14997507],
        [ 0.23903316, -0.03189232,  0.        , ...,  0.23486616,
         -0.04722968,  0.11836717],
        ...,
        [ 0.00428914, -0.2657469 , -0.23486616, ...,  0.        ,
         -0.28051262, -0.11815885],
        [ 0.28462698,  0.01534893,  0.04722968, ...,  0.28051262,
          0.        ,  0.16513274],
        [ 0.12241686, -0.14997507, -0.11836717, ...,  0.11815885,
         -0.16513274,  0.        ]],

       [[ 0.        , -0.05514047, -0.06993146, ..., -0.96064946,
         -0.96031105, -0.96405247],
        [ 0.05514047,  0.        , -0.01481959, ..., -0.97450395,
         -0.97423045, -0.97723725],
        [ 0.06993146,  0.01481959,  0.        , ..., -0.97772201,
         -0.97746609, -0.9802739 ],
        ...,
        [ 0.96064946,  0.97450395,  0.97772201, ...,  0.        ,
         -0.00121578,  0.01252264],
        [ 0.96031105,  0.97423045,  0.97746609, ...,  0.00121578,
          0.        ,  0.01373832],
        [ 0.96405247,  0.97723725,  0.9802739 , ..., -0.01252264,
         -0.01373832,  0.        ]],

       [[ 0.        ,  0.03967869,  0.11382929, ..., -0.98568277,
         -0.98385978, -0.98618633],
        [-0.03967869,  0.        ,  0.07431886, ..., -0.9782163 ,
         -0.97598483, -0.97883733],
        [-0.11382929, -0.07431886,  0.        , ..., -0.96008335,
         -0.95709627, -0.96092179],
        ...,
        [ 0.98568277,  0.9782163 ,  0.96008335, ...,  0.        ,
         -0.01049021,  0.00301305],
        [ 0.98385978,  0.97598483,  0.95709627, ...,  0.01049021,
          0.        ,  0.01350304],
        [ 0.98618633,  0.97883733,  0.96092179, ..., -0.00301305,
         -0.01350304,  0.        ]]]), 'num': array([7.01935545e-01, 7.01935545e-01, 0.00000000e+00, 0.00000000e+00,
       2.08909388e-03, 2.11416301e-03, 2.04731200e-03, 1.20571803e-01,
       1.67127511e-05, 2.06402476e-03, 2.05274365e-03, 2.33867097e-03,
       8.96190999e-06, 2.16735401e-03, 1.93813329e-03])}
{'img': array([[[ 0.        , -0.08262245, -0.16351684, ..., -0.93064662,
         -0.86991236, -0.85546713],
        [ 0.08262245,  0.        , -0.08144737, ..., -0.89723153,
         -0.82618815, -0.80975559],
        [ 0.16351684,  0.08144737,  0.        , ..., -0.85828667,
         -0.77755628, -0.75927464],
        ...,
        [ 0.93064662,  0.89723153,  0.85828667, ...,  0.        ,
          0.14068316,  0.16891013],
        [ 0.86991236,  0.82618815,  0.77755628, ..., -0.14068316,
          0.        ,  0.02856851],
        [ 0.85546713,  0.80975559,  0.75927464, ..., -0.16891013,
         -0.02856851,  0.        ]],

       [[ 0.        ,  0.00274802, -0.03737277, ..., -0.23787411,
         -0.16247677, -0.2206301 ],
        [-0.00274802,  0.        , -0.04011872, ..., -0.24054235,
         -0.16518766, -0.22330956],
        [ 0.03737277,  0.04011872,  0.        , ..., -0.20140791,
         -0.12548709, -0.18402415],
        ...,
        [ 0.23787411,  0.24054235,  0.20140791, ...,  0.        ,
          0.07690029,  0.01771518],
        [ 0.16247677,  0.16518766,  0.12548709, ..., -0.07690029,
          0.        , -0.0592255 ],
        [ 0.2206301 ,  0.22330956,  0.18402415, ..., -0.01771518,
          0.0592255 ,  0.        ]],

       [[ 0.        , -0.04281615, -0.09104664, ..., -0.99978709,
         -0.99999653, -0.99999814],
        [ 0.04281615,  0.        , -0.04832483, ..., -0.99798678,
         -0.99896677, -0.99916379],
        [ 0.09104664,  0.04832483,  0.        , ..., -0.99375593,
         -0.99560345, -0.9960206 ],
        ...,
        [ 0.99978709,  0.99798678,  0.99375593, ...,  0.        ,
         -0.01800178, -0.02256503],
        [ 0.99999653,  0.99896677,  0.99560345, ...,  0.01800178,
          0.        , -0.00456418],
        [ 0.99999814,  0.99916379,  0.9960206 , ...,  0.02256503,
          0.00456418,  0.        ]],

       ...,

       [[ 0.        ,  0.03189232,  0.0484671 , ..., -0.01534893,
          0.14997507,  0.39744917],
        [-0.03189232,  0.        ,  0.0165876 , ..., -0.04722968,
          0.11836717,  0.36798183],
        [-0.0484671 , -0.0165876 ,  0.        , ..., -0.06379228,
          0.1018799 ,  0.3525075 ],
        ...,
        [ 0.01534893,  0.04722968,  0.06379228, ...,  0.        ,
          0.16513274,  0.4114869 ],
        [-0.14997507, -0.11836717, -0.1018799 , ..., -0.16513274,
          0.        ,  0.25533318],
        [-0.39744917, -0.36798183, -0.3525075 , ..., -0.4114869 ,
         -0.25533318,  0.        ]],

       [[ 0.        , -0.01481959, -0.07653862, ..., -0.97423045,
         -0.97723725, -0.98012728],
        [ 0.01481959,  0.        , -0.06175409, ..., -0.97746609,
         -0.9802739 , -0.9829594 ],
        [ 0.07653862,  0.06175409,  0.        , ..., -0.98863632,
         -0.99060826, -0.99243513],
        ...,
        [ 0.97423045,  0.97746609,  0.98863632, ...,  0.        ,
          0.01373832,  0.02781481],
        [ 0.97723725,  0.9802739 ,  0.99060826, ..., -0.01373832,
          0.        ,  0.01407919],
        [ 0.98012728,  0.9829594 ,  0.99243513, ..., -0.02781481,
         -0.01407919,  0.        ]],

       [[ 0.        ,  0.07431886,  0.48602562, ..., -0.97598483,
         -0.97883733, -0.98301825],
        [-0.07431886,  0.        ,  0.41973097, ..., -0.95709627,
         -0.96092179, -0.96666165],
        [-0.48602562, -0.41973097,  0.        , ..., -0.74708154,
         -0.75598934, -0.76991394],
        ...,
        [ 0.97598483,  0.95709627,  0.74708154, ...,  0.        ,
          0.01350304,  0.03503836],
        [ 0.97883733,  0.96092179,  0.75598934, ..., -0.01350304,
          0.        ,  0.02154041],
        [ 0.98301825,  0.96666165,  0.76991394, ..., -0.03503836,
         -0.02154041,  0.        ]]]), 'num': array([ 5.40161099e-01,  4.14040249e-01,  9.51855468e-06, -4.01894531e-10,
        1.68161133e-03,  1.75141406e-03,  1.56738867e-03,  7.32649500e-01,
        9.51855468e-05,  1.58388750e-03,  1.56580225e-03,  1.76759560e-03,
        9.42790178e-06,  1.66748211e-03,  1.46412238e-03])}
{'img': array([[[ 0.        , -0.08144737, -0.14178539, ..., -0.82618815,
         -0.80975559, -0.68127562],
        [ 0.08144737,  0.        , -0.06068979, ..., -0.77755628,
         -0.75927464, -0.61939051],
        [ 0.14178539,  0.06068979,  0.        , ..., -0.73796044,
         -0.71837994, -0.57060224],
        ...,
        [ 0.82618815,  0.77755628,  0.73796044, ...,  0.        ,
          0.02856851,  0.22096523],
        [ 0.80975559,  0.75927464,  0.71837994, ..., -0.02856851,
          0.        ,  0.19301269],
        [ 0.68127562,  0.61939051,  0.57060224, ..., -0.22096523,
         -0.19301269,  0.        ]],

       [[ 0.        , -0.04011872, -0.03820647, ..., -0.16518766,
         -0.22330956,  0.45980585],
        [ 0.04011872,  0.        ,  0.00191372, ..., -0.12548709,
         -0.18402415,  0.49506188],
        [ 0.03820647, -0.00191372,  0.        , ..., -0.12738546,
         -0.18590485,  0.49339822],
        ...,
        [ 0.16518766,  0.12548709,  0.12738546, ...,  0.        ,
         -0.0592255 ,  0.60017897],
        [ 0.22330956,  0.18402415,  0.18590485, ...,  0.0592255 ,
          0.        ,  0.64649788],
        [-0.45980585, -0.49506188, -0.49339822, ..., -0.60017897,
         -0.64649788,  0.        ]],

       [[ 0.        , -0.04832483, -0.13394602, ..., -0.99896677,
         -0.99916379, -0.99516748],
        [ 0.04832483,  0.        , -0.08590017, ..., -0.99560345,
         -0.9960206 , -0.98925968],
        [ 0.13394602,  0.08590017,  0.        , ..., -0.98387733,
         -0.98468336, -0.97304721],
        ...,
        [ 0.99896677,  0.99560345,  0.98387733, ...,  0.        ,
         -0.00456418,  0.05286374],
        [ 0.99916379,  0.9960206 ,  0.98468336, ...,  0.00456418,
          0.        ,  0.05742099],
        [ 0.99516748,  0.98925968,  0.97304721, ..., -0.05286374,
         -0.05742099,  0.        ]],

       ...,

       [[ 0.        ,  0.01640194, -0.07594344, ...,  0.11697408,
          0.36310136,  0.99982579],
        [-0.01640194,  0.        , -0.09228779, ...,  0.10066901,
          0.34777002,  0.99938515],
        [ 0.07594344,  0.09228779,  0.        , ...,  0.19205836,
          0.43281304,  0.99835592],
        ...,
        [-0.11697408, -0.10066901, -0.19205836, ...,  0.        ,
          0.2516181 ,  0.9907786 ],
        [-0.36310136, -0.34777002, -0.43281304, ..., -0.2516181 ,
          0.        ,  0.92480995],
        [-0.99982579, -0.99938515, -0.99835592, ..., -0.9907786 ,
         -0.92480995,  0.        ]],

       [[ 0.        , -0.06175409, -0.03093763, ..., -0.9802739 ,
         -0.9829594 , -0.99836589],
        [ 0.06175409,  0.        ,  0.03084595, ..., -0.99060826,
         -0.99243513, -0.99998934],
        [ 0.03093763, -0.03084595,  0.        , ..., -0.98591929,
         -0.98817592, -0.99965592],
        ...,
        [ 0.9802739 ,  0.99060826,  0.98591929, ...,  0.        ,
          0.01407919,  0.14130315],
        [ 0.9829594 ,  0.99243513,  0.98817592, ..., -0.01407919,
          0.        ,  0.12735122],
        [ 0.99836589,  0.99998934,  0.99965592, ..., -0.14130315,
         -0.12735122,  0.        ]],

       [[ 0.        ,  0.41973097,  0.05336618, ..., -0.96092179,
         -0.96666165, -0.95959498],
        [-0.41973097,  0.        , -0.37069512, ..., -0.75598934,
         -0.76991394, -0.75286904],
        [-0.05336618,  0.37069512,  0.        , ..., -0.94477966,
         -0.95161937, -0.94321113],
        ...,
        [ 0.96092179,  0.75598934,  0.94477966, ...,  0.        ,
          0.02154041, -0.00475381],
        [ 0.96666165,  0.76991394,  0.95161937, ..., -0.02154041,
          0.        , -0.02629287],
        [ 0.95959498,  0.75286904,  0.94321113, ...,  0.00475381,
          0.02629287,  0.        ]]]), 'num': array([ 8.67120461e-01,  3.96713784e-01,  3.67505217e-05,  2.76474264e-07,
        2.65766484e-03,  2.78224288e-03,  2.65766484e-03,  3.01103668e-01,
       -9.34335297e-05,  2.61198623e-03,  2.57046022e-03,  2.87792574e-03,
        1.40217707e-05,  2.73752180e-03,  2.40339863e-03])}
{'img': array([[[ 0.        , -0.06068979,  0.9958592 , ..., -0.75927464,
         -0.61939051, -0.70385487],
        [ 0.06068979,  0.        ,  0.99954076, ..., -0.71837994,
         -0.57060224, -0.65944682],
        [-0.9958592 , -0.99954076,  0.        , ..., -0.71710058,
         -0.83814041, -0.77138922],
        ...,
        [ 0.75927464,  0.71837994,  0.71710058, ...,  0.        ,
          0.19301269,  0.08129818],
        [ 0.61939051,  0.57060224,  0.83814041, ..., -0.19301269,
          0.        , -0.11260432],
        [ 0.70385487,  0.65944682,  0.77138922, ..., -0.08129818,
          0.11260432,  0.        ]],

       [[ 0.        ,  0.00191372,  0.28302606, ..., -0.18402415,
          0.49506188,  0.02640551],
        [-0.00191372,  0.        ,  0.28486102, ..., -0.18590485,
          0.49339822,  0.02449241],
        [-0.28302606, -0.28486102,  0.        , ..., -0.10169265,
         -0.72072928, -0.30825323],
        ...,
        [ 0.18402415,  0.18590485,  0.10169265, ...,  0.        ,
          0.64649788,  0.20991454],
        [-0.49506188, -0.49339822,  0.72072928, ..., -0.64649788,
          0.        , -0.47194662],
        [-0.02640551, -0.02449241,  0.30825323, ..., -0.20991454,
          0.47194662,  0.        ]],

       [[ 0.        , -0.08590017,  0.15767153, ..., -0.9960206 ,
         -0.98925968, -0.98229224],
        [ 0.08590017,  0.        ,  0.24191444, ..., -0.98468336,
         -0.97304721, -0.96256761],
        [-0.15767153, -0.24191444,  0.        , ..., -0.9976142 ,
         -0.99993228, -0.99954593],
        ...,
        [ 0.9960206 ,  0.98468336,  0.9976142 , ...,  0.        ,
          0.05742099,  0.09906449],
        [ 0.98925968,  0.97304721,  0.99993228, ..., -0.05742099,
          0.        ,  0.0417625 ],
        [ 0.98229224,  0.96256761,  0.99954593, ..., -0.09906449,
         -0.0417625 ,  0.        ]],

       ...,

       [[ 0.        , -0.09228779,  0.97047561, ...,  0.34777002,
          0.99938515,  0.77585866],
        [ 0.09228779,  0.        ,  0.98859374, ...,  0.43281304,
          0.99835592,  0.83077258],
        [-0.97047561, -0.98859374,  0.        , ..., -0.82601653,
          0.20702433, -0.42514309],
        ...,
        [-0.34777002, -0.43281304,  0.82601653, ...,  0.        ,
          0.92480995,  0.50801901],
        [-0.99938515, -0.99835592, -0.20702433, ..., -0.92480995,
          0.        , -0.60331584],
        [-0.77585866, -0.83077258,  0.42514309, ..., -0.50801901,
          0.60331584,  0.        ]],

       [[ 0.        ,  0.03084595,  0.43050795, ..., -0.99243513,
         -0.99998934, -0.99944039],
        [-0.03084595,  0.        ,  0.40246195, ..., -0.98817592,
         -0.99965592, -0.99999661],
        [-0.43050795, -0.40246195,  0.        , ..., -0.8429053 ,
         -0.90456495, -0.9164822 ],
        ...,
        [ 0.99243513,  0.98817592,  0.8429053 , ...,  0.        ,
          0.12735122,  0.15589847],
        [ 0.99998934,  0.99965592,  0.90456495, ..., -0.12735122,
          0.        ,  0.02883499],
        [ 0.99944039,  0.99999661,  0.9164822 , ..., -0.15589847,
         -0.02883499,  0.        ]],

       [[ 0.        , -0.37069512, -0.75128259, ..., -0.76991394,
         -0.75286904, -0.76399408],
        [ 0.37069512,  0.        , -0.45310556, ..., -0.95161937,
         -0.94321113, -0.94874414],
        [ 0.75128259,  0.45310556,  0.        , ..., -0.98755759,
         -0.99135093, -0.98896631],
        ...,
        [ 0.76991394,  0.95161937,  0.98755759, ...,  0.        ,
         -0.02629287, -0.00922529],
        [ 0.75286904,  0.94321113,  0.99135093, ...,  0.02629287,
          0.        ,  0.01706965],
        [ 0.76399408,  0.94874414,  0.98896631, ...,  0.00922529,
         -0.01706965,  0.        ]]]), 'num': array([ 9.24243010e-01,  3.07081999e-01,  4.89810326e-05, -1.26739354e-07,
        2.81808681e-03,  2.92991565e-03,  2.80690393e-03,  2.26738568e-01,
       -4.47315367e-05,  2.84268915e-03,  2.77167784e-03,  3.08591689e-03,
        1.28274260e-05,  2.95286472e-03,  2.59049096e-03])}
{'img': array([[[ 0.        ,  0.99954076,  0.62304825, ..., -0.57060224,
         -0.65944682, -0.69876587],
        [-0.99954076,  0.        , -0.76294394, ..., -0.83814041,
         -0.77138922, -0.73619665],
        [-0.62304825,  0.76294394,  0.        , ..., -0.95797938,
         -0.98418564, -0.99226091],
        ...,
        [ 0.57060224,  0.83814041,  0.95797938, ...,  0.        ,
         -0.11260432, -0.16566452],
        [ 0.65944682,  0.77138922,  0.98418564, ...,  0.11260432,
          0.        , -0.05356251],
        [ 0.69876587,  0.73619665,  0.99226091, ...,  0.16566452,
          0.05356251,  0.        ]],

       [[ 0.        ,  0.28486102,  0.94716958, ...,  0.49339822,
          0.02449241, -0.07560101],
        [-0.28486102,  0.        , -0.99929162, ..., -0.72072928,
         -0.30825323, -0.21157702],
        [-0.94716958,  0.99929162,  0.        , ..., -0.66560227,
         -0.93902992, -0.96870668],
        ...,
        [-0.49339822,  0.72072928,  0.66560227, ...,  0.        ,
         -0.47194662, -0.55774421],
        [-0.02449241,  0.30825323,  0.93902992, ...,  0.47194662,
          0.        , -0.10000065],
        [ 0.07560101,  0.21157702,  0.96870668, ...,  0.55774421,
          0.10000065,  0.        ]],

       [[ 0.        ,  0.24191444,  0.39577495, ..., -0.97304721,
         -0.96256761, -0.94725642],
        [-0.24191444,  0.        ,  0.16185795, ..., -0.99993228,
         -0.99954593, -0.99664854],
        [-0.39577495, -0.16185795,  0.        , ..., -0.98486358,
         -0.9912431 , -0.99674722],
        ...,
        [ 0.97304721,  0.99993228,  0.98486358, ...,  0.        ,
          0.0417625 ,  0.09339586],
        [ 0.96256761,  0.99954593,  0.9912431 , ..., -0.0417625 ,
          0.        ,  0.05173443],
        [ 0.94725642,  0.99664854,  0.99674722, ..., -0.09339586,
         -0.05173443,  0.        ]],

       ...,

       [[ 0.        ,  0.98859374,  0.62056111, ...,  0.99835592,
          0.83077258,  0.54135048],
        [-0.98859374,  0.        , -0.68175302, ...,  0.20702433,
         -0.42514309, -0.74967559],
        [-0.62056111,  0.68175302,  0.        , ...,  0.81843874,
          0.30604528, -0.09726158],
        ...,
        [-0.99835592, -0.20702433, -0.81843874, ...,  0.        ,
         -0.60331584, -0.8704443 ],
        [-0.83077258,  0.42514309, -0.30604528, ...,  0.60331584,
          0.        , -0.39718894],
        [-0.54135048,  0.74967559,  0.09726158, ...,  0.8704443 ,
          0.39718894,  0.        ]],

       [[ 0.        ,  0.40246195,  0.50599743, ..., -0.99965592,
         -0.99999661, -0.99990933],
        [-0.40246195,  0.        ,  0.11607111, ..., -0.90456495,
         -0.9164822 , -0.92077339],
        [-0.50599743, -0.11607111,  0.        , ..., -0.84896563,
         -0.86385041, -0.8692707 ],
        ...,
        [ 0.99965592,  0.90456495,  0.84896563, ...,  0.        ,
          0.02883499,  0.03968982],
        [ 0.99999661,  0.9164822 ,  0.86385041, ..., -0.02883499,
          0.        ,  0.01086106],
        [ 0.99990933,  0.92077339,  0.8692707 , ..., -0.03968982,
         -0.01086106,  0.        ]],

       [[ 0.        , -0.69262493, -0.71902016, ..., -0.76372336,
         -0.77487188, -0.77682947],
        [ 0.69262493,  0.        , -0.03726089, ..., -0.99799172,
         -0.99673439, -0.99647904],
        [ 0.71902016,  0.03726089,  0.        , ..., -0.99493841,
         -0.99303341, -0.99266303],
        ...,
        [ 0.76372336,  0.99799172,  0.99493841, ...,  0.        ,
          0.01745011,  0.02055232],
        [ 0.77487188,  0.99673439,  0.99303341, ..., -0.01745011,
          0.        ,  0.00310276],
        [ 0.77682947,  0.99647904,  0.99266303, ..., -0.02055232,
         -0.00310276,  0.        ]]]), 'num': array([ 8.98656824e-01,  2.66018042e-01,  4.88524155e-05, -3.43444976e-07,
        2.76261477e-03,  2.82661356e-03,  2.67728304e-03,  3.48698089e-01,
        7.46652639e-05,  2.73488195e-03,  2.64688361e-03,  2.93221158e-03,
        1.28582059e-05,  2.82591191e-03,  2.46785530e-03])}
{'img': array([[[ 0.        , -0.76294394, -0.93154098, ..., -0.77138922,
         -0.73619665, -0.79541847],
        [ 0.76294394,  0.        , -0.32477415, ..., -0.98418564,
         -0.99226091, -0.97660019],
        [ 0.93154098,  0.32477415,  0.        , ..., -0.87330397,
         -0.8981447 , -0.85381337],
        ...,
        [ 0.77138922,  0.98418564,  0.87330397, ...,  0.        ,
         -0.05356251,  0.03866677],
        [ 0.73619665,  0.99226091,  0.8981447 , ...,  0.05356251,
          0.        ,  0.09213372],
        [ 0.79541847,  0.97660019,  0.85381337, ..., -0.03866677,
         -0.09213372,  0.        ]],

       [[ 0.        , -0.99929162, -0.98836615, ..., -0.30825323,
         -0.21157702, -0.34035545],
        [ 0.99929162,  0.        , -0.11479017, ..., -0.93902992,
         -0.96870668, -0.92682212],
        [ 0.98836615,  0.11479017,  0.        , ..., -0.89335378,
         -0.93381142, -0.87759182],
        ...,
        [ 0.30825323,  0.93902992,  0.89335378, ...,  0.        ,
         -0.10000065,  0.03393208],
        [ 0.21157702,  0.96870668,  0.93381142, ...,  0.10000065,
          0.        ,  0.13370505],
        [ 0.34035545,  0.92682212,  0.87759182, ..., -0.03393208,
         -0.13370505,  0.        ]],

       [[ 0.        ,  0.16185795,  0.25231866, ..., -0.99954593,
         -0.99664854, -0.99234569],
        [-0.16185795,  0.        ,  0.0923707 , ..., -0.9912431 ,
         -0.99674722, -0.99924869],
        [-0.25231866, -0.0923707 ,  0.        , ..., -0.97480771,
         -0.98504153, -0.99139664],
        ...,
        [ 0.99954593,  0.9912431 ,  0.97480771, ...,  0.        ,
          0.05173443,  0.09353351],
        [ 0.99664854,  0.99674722,  0.98504153, ..., -0.05173443,
          0.        ,  0.04190063],
        [ 0.99234569,  0.99924869,  0.99139664, ..., -0.09353351,
         -0.04190063,  0.        ]],

       ...,

       [[ 0.        , -0.68175302, -0.87517673, ..., -0.42514309,
         -0.74967559, -0.6770256 ],
        [ 0.68175302,  0.        , -0.31042951, ...,  0.30604528,
         -0.09726158,  0.00644257],
        [ 0.87517673,  0.31042951,  0.        , ...,  0.5864597 ,
          0.21650121,  0.31654734],
        ...,
        [ 0.42514309, -0.30604528, -0.5864597 , ...,  0.        ,
         -0.39718894, -0.29990549],
        [ 0.74967559,  0.09726158, -0.21650121, ...,  0.39718894,
          0.        ,  0.10367158],
        [ 0.6770256 , -0.00644257, -0.31654734, ...,  0.29990549,
         -0.10367158,  0.        ]],

       [[ 0.        ,  0.11607111,  0.10670686, ..., -0.9164822 ,
         -0.92077339, -0.93049876],
        [-0.11607111,  0.        , -0.00942279, ..., -0.86385041,
         -0.8692707 , -0.88169315],
        [-0.10670686,  0.00942279,  0.        , ..., -0.86855878,
         -0.87389014, -0.8860999 ],
        ...,
        [ 0.9164822 ,  0.86385041,  0.86855878, ...,  0.        ,
          0.01086106,  0.03656682],
        [ 0.92077339,  0.8692707 ,  0.87389014, ..., -0.01086106,
          0.        ,  0.02571087],
        [ 0.93049876,  0.88169315,  0.8860999 , ..., -0.03656682,
         -0.02571087,  0.        ]],

       [[ 0.        , -0.10673016, -0.10850802, ..., -0.92714175,
         -0.92840236, -0.92585002],
        [ 0.10673016,  0.        , -0.00178824, ..., -0.96183888,
         -0.96275776, -0.96089397],
        [ 0.10850802,  0.00178824,  0.        , ..., -0.96232664,
         -0.9632397 , -0.96138763],
        ...,
        [ 0.92714175,  0.96183888,  0.96232664, ...,  0.        ,
          0.00337833, -0.0034327 ],
        [ 0.92840236,  0.96275776,  0.9632397 , ..., -0.00337833,
          0.        , -0.00681099],
        [ 0.92585002,  0.96089397,  0.96138763, ...,  0.0034327 ,
          0.00681099,  0.        ]]]), 'num': array([ 9.56728933e-01,  2.61162061e-01,  5.49855235e-05,  6.88529209e-08,
        2.92254988e-03,  3.01496253e-03,  2.92254988e-03,  1.28041184e-01,
       -6.93094834e-05,  2.96875620e-03,  2.86536956e-03,  3.14376265e-03,
        1.27363581e-05,  3.05762270e-03,  2.67311641e-03])}
{'img': array([[[ 0.00000000e+00, -7.54376744e-01, -7.08688544e-01, ...,
         -7.94425230e-01, -8.53268155e-01, -8.03657565e-01],
        [ 7.54376744e-01,  0.00000000e+00,  6.70162658e-02, ...,
         -9.79673602e-01, -9.53507459e-01, -9.76477936e-01],
        [ 7.08688544e-01, -6.70162658e-02,  0.00000000e+00, ...,
         -9.90914523e-01, -9.71560515e-01, -9.88732569e-01],
        ...,
        [ 7.94425230e-01,  9.79673602e-01,  9.90914523e-01, ...,
          0.00000000e+00,  1.03971796e-01,  1.53549183e-02],
        [ 8.53268155e-01,  9.53507459e-01,  9.71560515e-01, ...,
         -1.03971796e-01,  0.00000000e+00, -8.86878402e-02],
        [ 8.03657565e-01,  9.76477936e-01,  9.88732569e-01, ...,
         -1.53549183e-02,  8.86878402e-02,  0.00000000e+00]],

       [[ 0.00000000e+00, -6.46034159e-01, -9.84887346e-01, ...,
         -3.32056194e-01, -4.98978883e-01, -0.00000000e+00],
        [ 6.46034159e-01,  0.00000000e+00, -8.63663529e-01, ...,
         -8.62839241e-01, -9.40737162e-01, -6.46034159e-01],
        [ 9.84887346e-01,  8.63663529e-01,  0.00000000e+00, ...,
         -8.71493587e-01, -7.67096070e-01, -9.84887346e-01],
        ...,
        [ 3.32056194e-01,  8.62839241e-01,  8.71493587e-01, ...,
          0.00000000e+00,  1.82902030e-01, -3.32056194e-01],
        [ 4.98978883e-01,  9.40737162e-01,  7.67096070e-01, ...,
         -1.82902030e-01,  0.00000000e+00, -4.98978883e-01],
        [ 0.00000000e+00,  6.46034159e-01,  9.84887346e-01, ...,
          3.32056194e-01,  4.98978883e-01,  0.00000000e+00]],

       [[ 0.00000000e+00,  9.23707028e-02,  2.79052465e-01, ...,
         -9.96747220e-01, -9.99248691e-01, -9.99619228e-01],
        [-9.23707028e-02,  0.00000000e+00,  1.89158073e-01, ...,
         -9.85041526e-01, -9.91396641e-01, -9.92796715e-01],
        [-2.79052465e-01, -1.89158073e-01,  0.00000000e+00, ...,
         -9.34663050e-01, -9.48739343e-01, -9.52210185e-01],
        ...,
        [ 9.96747220e-01,  9.85041526e-01,  9.34663050e-01, ...,
          0.00000000e+00,  4.19006253e-02,  5.30570400e-02],
        [ 9.99248691e-01,  9.91396641e-01,  9.48739343e-01, ...,
         -4.19006253e-02,  0.00000000e+00,  1.11688368e-02],
        [ 9.99619228e-01,  9.92796715e-01,  9.52210185e-01, ...,
         -5.30570400e-02, -1.11688368e-02,  0.00000000e+00]],

       ...,

       [[ 0.00000000e+00, -3.10429506e-01, -3.03793402e-01, ...,
         -9.72615757e-02,  6.44256690e-03, -1.71674997e-01],
        [ 3.10429506e-01,  0.00000000e+00,  6.97305075e-03, ...,
          2.16501211e-01,  3.16547345e-01,  1.42627123e-01],
        [ 3.03793402e-01, -6.97305075e-03,  0.00000000e+00, ...,
          2.09688281e-01,  3.09925175e-01,  1.35721894e-01],
        ...,
        [ 9.72615757e-02, -2.16501211e-01, -2.09688281e-01, ...,
          0.00000000e+00,  1.03671579e-01, -7.50434656e-02],
        [-6.44256690e-03, -3.16547345e-01, -3.09925175e-01, ...,
         -1.03671579e-01,  0.00000000e+00, -1.78018353e-01],
        [ 1.71674997e-01, -1.42627123e-01, -1.35721894e-01, ...,
          7.50434656e-02,  1.78018353e-01,  0.00000000e+00]],

       [[ 0.00000000e+00, -9.42279097e-03,  1.02511028e-02, ...,
         -8.69270699e-01, -8.81693154e-01, -8.78411102e-01],
        [ 9.42279097e-03,  0.00000000e+00,  1.96729436e-02, ...,
         -8.73890135e-01, -8.86099903e-01, -8.82875311e-01],
        [-1.02511028e-02, -1.96729436e-02,  0.00000000e+00, ...,
         -8.64157531e-01, -8.76810118e-01, -8.73465886e-01],
        ...,
        [ 8.69270699e-01,  8.73890135e-01,  8.64157531e-01, ...,
          0.00000000e+00,  2.57108698e-02,  1.88010692e-02],
        [ 8.81693154e-01,  8.86099903e-01,  8.76810118e-01, ...,
         -2.57108698e-02,  0.00000000e+00, -6.91147134e-03],
        [ 8.78411102e-01,  8.82875311e-01,  8.73465886e-01, ...,
         -1.88010692e-02,  6.91147134e-03,  0.00000000e+00]],

       [[ 0.00000000e+00, -1.78824176e-03,  1.22766971e-02, ...,
         -9.62757762e-01, -9.60893974e-01, -9.61169580e-01],
        [ 1.78824176e-03,  0.00000000e+00,  1.40647844e-02, ...,
         -9.63239702e-01, -9.61387632e-01, -9.61661524e-01],
        [-1.22766971e-02, -1.40647844e-02,  0.00000000e+00, ...,
         -9.59366012e-01, -9.57421939e-01, -9.57709288e-01],
        ...,
        [ 9.62757762e-01,  9.63239702e-01,  9.59366012e-01, ...,
          0.00000000e+00, -6.81099008e-03, -5.81401694e-03],
        [ 9.60893974e-01,  9.61387632e-01,  9.57421939e-01, ...,
          6.81099008e-03,  0.00000000e+00,  9.96992884e-04],
        [ 9.61169580e-01,  9.61661524e-01,  9.57709288e-01, ...,
          5.81401694e-03, -9.96992884e-04,  0.00000000e+00]]]), 'num': array([ 9.27965383e-01,  2.92503887e-01,  5.08369197e-05, -3.18212219e-07,
        2.82427332e-03,  2.89205587e-03,  2.75649076e-03,  2.30773858e-01,
       -3.38912798e-05,  2.86946169e-03,  2.80506826e-03,  3.04946204e-03,
        1.09917664e-05,  2.99262722e-03,  2.61750929e-03])}
{'img': array([[[ 0.00000000e+00,  3.34358274e-01, -2.27392103e-01, ...,
         -9.93577898e-01, -9.77611573e-01, -9.65466261e-01],
        [-3.34358274e-01,  0.00000000e+00, -5.39903972e-01, ...,
         -8.98560863e-01, -8.50991257e-01, -8.22790127e-01],
        [ 2.27392103e-01,  5.39903972e-01,  0.00000000e+00, ...,
         -9.93278873e-01, -9.99848683e-01, -9.99416249e-01],
        ...,
        [ 9.93577898e-01,  8.98560863e-01,  9.93278873e-01, ...,
          0.00000000e+00, -9.84494702e-02, -1.49612305e-01],
        [ 9.77611573e-01,  8.50991257e-01,  9.99848683e-01, ...,
          9.84494702e-02,  0.00000000e+00, -5.15441007e-02],
        [ 9.65466261e-01,  8.22790127e-01,  9.99416249e-01, ...,
          1.49612305e-01,  5.15441007e-02,  0.00000000e+00]],

       [[ 0.00000000e+00, -9.98062890e-01, -7.05767823e-01, ...,
         -5.28859222e-01, -0.00000000e+00, -3.55759828e-01],
        [ 9.98062890e-01,  0.00000000e+00, -6.63162887e-01, ...,
         -8.14163559e-01, -9.98062890e-01, -9.10634121e-01],
        [ 7.05767823e-01,  6.63162887e-01,  0.00000000e+00, ...,
         -2.24325176e-01, -7.05767823e-01, -4.07559033e-01],
        ...,
        [ 5.28859222e-01,  8.14163559e-01,  2.24325176e-01, ...,
          0.00000000e+00, -5.28859222e-01, -1.92323116e-01],
        [ 0.00000000e+00,  9.98062890e-01,  7.05767823e-01, ...,
          5.28859222e-01,  0.00000000e+00,  3.55759828e-01],
        [ 3.55759828e-01,  9.10634121e-01,  4.07559033e-01, ...,
          1.92323116e-01, -3.55759828e-01,  0.00000000e+00]],

       [[ 0.00000000e+00,  1.89158073e-01,  5.45565507e-01, ...,
         -9.91396641e-01, -9.92796715e-01, -9.84363651e-01],
        [-1.89158073e-01,  0.00000000e+00,  3.77188860e-01, ...,
         -9.48739343e-01, -9.52210185e-01, -9.33272727e-01],
        [-5.45565507e-01, -3.77188860e-01,  0.00000000e+00, ...,
         -7.59447853e-01, -7.66666573e-01, -7.28863450e-01],
        ...,
        [ 9.91396641e-01,  9.48739343e-01,  7.59447853e-01, ...,
          0.00000000e+00,  1.11688368e-02, -4.57875067e-02],
        [ 9.92796715e-01,  9.52210185e-01,  7.66666573e-01, ...,
         -1.11688368e-02,  0.00000000e+00, -5.69417737e-02],
        [ 9.84363651e-01,  9.33272727e-01,  7.28863450e-01, ...,
          4.57875067e-02,  5.69417737e-02,  0.00000000e+00]],

       ...,

       [[ 0.00000000e+00,  6.97305075e-03,  2.89552761e-02, ...,
          3.16547345e-01,  1.42627123e-01, -6.30415906e-02],
        [-6.97305075e-03,  0.00000000e+00,  2.19844451e-02, ...,
          3.09925175e-01,  1.35721894e-01, -6.99992386e-02],
        [-2.89552761e-02, -2.19844451e-02,  0.00000000e+00, ...,
          2.88948318e-01,  1.13908069e-01, -9.19128390e-02],
        ...,
        [-3.16547345e-01, -3.09925175e-01, -2.88948318e-01, ...,
          0.00000000e+00, -1.78018353e-01, -3.75717485e-01],
        [-1.42627123e-01, -1.35721894e-01, -1.13908069e-01, ...,
          1.78018353e-01,  0.00000000e+00, -2.04740508e-01],
        [ 6.30415906e-02,  6.99992386e-02,  9.19128390e-02, ...,
          3.75717485e-01,  2.04740508e-01,  0.00000000e+00]],

       [[ 0.00000000e+00,  1.96729436e-02,  2.47427158e-02, ...,
         -8.86099903e-01, -8.82875311e-01, -8.85679353e-01],
        [-1.96729436e-02,  0.00000000e+00,  5.07100663e-03, ...,
         -8.76810118e-01, -8.73465886e-01, -8.76373849e-01],
        [-2.47427158e-02, -5.07100663e-03,  0.00000000e+00, ...,
         -8.74360518e-01, -8.70985656e-01, -8.73920225e-01],
        ...,
        [ 8.86099903e-01,  8.76810118e-01,  8.74360518e-01, ...,
          0.00000000e+00, -6.91147134e-03, -9.06561308e-04],
        [ 8.82875311e-01,  8.73465886e-01,  8.70985656e-01, ...,
          6.91147134e-03,  0.00000000e+00,  6.00492884e-03],
        [ 8.85679353e-01,  8.76373849e-01,  8.73920225e-01, ...,
          9.06561308e-04, -6.00492884e-03,  0.00000000e+00]],

       [[ 0.00000000e+00,  1.40647844e-02,  5.35141481e-02, ...,
         -9.61387632e-01, -9.61661524e-01, -9.63560838e-01],
        [-1.40647844e-02,  0.00000000e+00,  3.94642239e-02, ...,
         -9.57421939e-01, -9.57709288e-01, -9.59703349e-01],
        [-5.35141481e-02, -3.94642239e-02,  0.00000000e+00, ...,
         -9.45283076e-01, -9.45607876e-01, -9.47865682e-01],
        ...,
        [ 9.61387632e-01,  9.57421939e-01,  9.45283076e-01, ...,
          0.00000000e+00,  9.96992884e-04,  8.00892967e-03],
        [ 9.61661524e-01,  9.57709288e-01,  9.45607876e-01, ...,
         -9.96992884e-04,  0.00000000e+00,  7.01196478e-03],
        [ 9.63560838e-01,  9.59703349e-01,  9.47865682e-01, ...,
         -8.00892967e-03, -7.01196478e-03,  0.00000000e+00]]]), 'num': array([ 9.70128387e-01,  1.62499132e-01,  6.67462194e-05, -5.37379302e-07,
        2.93683365e-03,  3.05819042e-03,  2.91256230e-03,  1.79919895e-01,
       -9.70854101e-05,  3.04848188e-03,  3.01996304e-03,  3.25296802e-03,
        1.09221086e-05,  3.20098812e-03,  2.83893796e-03])}
