state_0,state_1,state_2,state_3,state_4,state_5,state_6,state_7,state_8,state_9,state_10,state_11,state_12,state_13,state_14,state_15,state_16,state_17,state_18,state_19,state_20,state_21,state_22,state_23,state_24,state_25,state_26,state_27,state_28,state_29,state_30,state_31,state_32,state_33,state_34,state_35,state_36,state_37,state_38,state_39,state_40,state_41,state_42,state_43,state_44,state_45,state_46,state_47,state_48,state_49,state_50,state_51,state_52,state_53,state_54,state_55,state_56,state_57,state_58,state_59,state_60,state_61,state_62,state_63,state_64,state_65,state_66,state_67,state_68,state_69,state_70,state_71,state_72,state_73,state_74,state_75,state_76,state_77,state_78,state_79,state_80,state_81,state_82,state_83,state_84,state_85,state_86,state_87,state_88,state_89,state_90,state_91,state_92,state_93,state_94,state_95,state_96,state_97,state_98,state_99,state_100,state_101,state_102,state_103,state_104,state_105,state_106,state_107,state_108,state_109,state_110,state_111,state_112,state_113,state_114,state_115,state_116,state_117,state_118,state_119,state_120,state_121,state_122,state_123,state_124,state_125,state_126,state_127,state_128,state_129,state_130,state_131,state_132,state_133,state_134,state_135,state_136,state_137,state_138,state_139,state_140,state_141,state_142,state_143,state_144,state_145,state_146,state_147,state_148,state_149,state_150,state_151,state_152,state_153,state_154,state_155,state_156,state_157,state_158,state_159,state_160,state_161,state_162,state_163,state_164,state_165,state_166,state_167,state_168,state_169,state_170,state_171,state_172,state_173,state_174,state_175,state_176,state_177,state_178,state_179,state_180,state_181,state_182,state_183,state_184,state_185,state_186,state_187,state_188,state_189,state_190,state_191,state_192,state_193,state_194,state_195,state_196,state_197,state_198,state_199,state_200,state_201,state_202,state_203,state_204,state_205,state_206,state_207,state_208,state_209,state_210,state_211,state_212,state_213,state_214,state_215,state_216,state_217,state_218,state_219,state_220,state_221,state_222,state_223,state_224,state_225,state_226,state_227,state_228,state_229,state_230,state_231,state_232,state_233,state_234,state_235,state_236,state_237,state_238,state_239,state_240,state_241,state_242,state_243,state_244,state_245,state_246,state_247,state_248,state_249,state_250,state_251,state_252,state_253,state_254,state_255,state_256,state_257,state_258,state_259,state_260,state_261,state_262,state_263,state_264,state_265,state_266,state_267,state_268,state_269,state_270,state_271,state_272,state_273,state_274,state_275,state_276,state_277,state_278,state_279,state_280,state_281,state_282,state_283,state_284,state_285,state_286,state_287
{'img': array([[[ 0.        , -0.30851489, -0.55885069, ..., -0.80182347,
         -0.81076928, -0.85886912],
        [ 0.30851489,  0.        , -0.27574807, ..., -0.94706659,
         -0.95181364, -0.97499288],
        [ 0.55885069,  0.27574807,  0.        , ..., -0.99887415,
         -0.99947737, -0.99847352],
        ...,
        [ 0.80182347,  0.94706659,  0.99887415, ...,  0.        ,
          0.015124  ,  0.1025366 ],
        [ 0.81076928,  0.95181364,  0.99947737, ..., -0.015124  ,
          0.        ,  0.08748059],
        [ 0.85886912,  0.97499288,  0.99847352, ..., -0.1025366 ,
         -0.08748059,  0.        ]],

       [[ 0.        , -0.08979777,  0.04569354, ...,  0.1486684 ,
          0.00477835,  0.37028568],
        [ 0.08979777,  0.        ,  0.13521291, ...,  0.23686763,
          0.09455579,  0.45220449],
        [-0.04569354, -0.13521291,  0.        , ...,  0.10332736,
         -0.04091966,  0.32745337],
        ...,
        [-0.1486684 , -0.23686763, -0.10332736, ...,  0.        ,
         -0.14394145,  0.22807   ],
        [-0.00477835, -0.09455579,  0.04091966, ...,  0.14394145,
          0.        ,  0.36584276],
        [-0.37028568, -0.45220449, -0.32745337, ..., -0.22807   ,
         -0.36584276,  0.        ]],

       [[ 0.        , -0.31706758, -0.46650059, ..., -0.70659649,
         -0.72574795, -0.74608772],
        [ 0.31706758,  0.        , -0.16197765, ..., -0.89450051,
         -0.90643153, -0.9187105 ],
        [ 0.46650059,  0.16197765,  0.        , ..., -0.95510296,
         -0.96287329, -0.9705485 ],
        ...,
        [ 0.70659649,  0.89450051,  0.95510296, ...,  0.        ,
          0.02744077,  0.05745851],
        [ 0.72574795,  0.90643153,  0.96287329, ..., -0.02744077,
          0.        ,  0.03004144],
        [ 0.74608772,  0.9187105 ,  0.9705485 , ..., -0.05745851,
         -0.03004144,  0.        ]],

       ...,

       [[ 0.        , -0.13968458, -0.3472419 , ...,  0.54735825,
          0.35882469,  0.86587279],
        [ 0.13968458,  0.        , -0.21284477, ...,  0.65889378,
          0.48568907,  0.92726302],
        [ 0.3472419 ,  0.21284477,  0.        , ...,  0.8039054 ,
          0.66061435,  0.98570708],
        ...,
        [-0.54735825, -0.65889378, -0.8039054 , ...,  0.        ,
         -0.21060711,  0.4508238 ],
        [-0.35882469, -0.48568907, -0.66061435, ...,  0.21060711,
          0.        ,  0.62870281],
        [-0.86587279, -0.92726302, -0.98570708, ..., -0.4508238 ,
         -0.62870281,  0.        ]],

       [[ 0.        ,  0.01030451,  0.05867376, ..., -0.58957091,
         -0.69470821, -0.79084557],
        [-0.01030451,  0.        ,  0.04838389, ..., -0.58121648,
         -0.68725938, -0.78449705],
        [-0.05867376, -0.04838389,  0.        , ..., -0.54116343,
         -0.65130783, -0.75357384],
        ...,
        [ 0.58957091,  0.58121648,  0.54116343, ...,  0.        ,
          0.13705393,  0.27795242],
        [ 0.69470821,  0.68725938,  0.65130783, ..., -0.13705393,
          0.        ,  0.14367625],
        [ 0.79084557,  0.78449705,  0.75357384, ..., -0.27795242,
         -0.14367625,  0.        ]],

       [[ 0.        , -0.15288465, -0.34228766, ..., -0.36956615,
         -0.36262296, -0.34325514],
        [ 0.15288465,  0.        , -0.19461405, ..., -0.50728264,
         -0.50083868, -0.48281556],
        [ 0.34228766,  0.19461405,  0.        , ..., -0.66529779,
         -0.65970896, -0.64401189],
        ...,
        [ 0.36956615,  0.50728264,  0.66529779, ...,  0.        ,
         -0.00746112, -0.02815794],
        [ 0.36262296,  0.50083868,  0.65970896, ...,  0.00746112,
          0.        , -0.02069899],
        [ 0.34325514,  0.48281556,  0.64401189, ...,  0.02815794,
          0.02069899,  0.        ]]]), 'num': array([ 7.07106718e-01,  7.07106718e-01,  0.00000000e+00,  0.00000000e+00,
        1.24909236e-04,  1.26269057e-04,  1.24520716e-04,  2.34491351e-04,
       -5.82780262e-07,  1.24559568e-04,  1.22325577e-04,  1.31313344e-04,
        1.37476369e-06,  1.26721353e-04,  1.17929801e-04])}
{'img': array([[[ 0.        , -0.48412292, -0.50605706, ..., -0.81815341,
         -0.8660254 , -0.84326375],
        [ 0.48412292,  0.        , -0.02524391, ..., -0.99425491,
         -0.99983369, -0.99807185],
        [ 0.50605706,  0.02524391,  0.        , ..., -0.99664013,
         -0.99997544, -0.99932065],
        ...,
        [ 0.81815341,  0.99425491,  0.99664013, ...,  0.        ,
          0.0888879 ,  0.0451192 ],
        [ 0.8660254 ,  0.99983369,  0.99997544, ..., -0.0888879 ,
          0.        , -0.04385678],
        [ 0.84326375,  0.99807185,  0.99932065, ..., -0.0451192 ,
          0.04385678,  0.        ]],

       [[ 0.        ,  0.13521291,  0.35436311, ...,  0.09455579,
          0.45220449, -0.06187055],
        [-0.13521291,  0.        ,  0.22467018, ..., -0.04091966,
          0.32745337, -0.19625623],
        [-0.35436311, -0.22467018,  0.        , ..., -0.26435555,
          0.10679847, -0.41153986],
        ...,
        [-0.09455579,  0.04091966,  0.26435555, ...,  0.        ,
          0.36584276, -0.15596798],
        [-0.45220449, -0.32745337, -0.10679847, ..., -0.36584276,
          0.        , -0.50652137],
        [ 0.06187055,  0.19625623,  0.41153986, ...,  0.15596798,
          0.50652137,  0.        ]],

       [[ 0.        , -0.35615674, -0.4627153 , ..., -0.73349268,
         -0.75389167, -0.758258  ],
        [ 0.35615674,  0.        , -0.1166379 , ..., -0.92747359,
         -0.93845068, -0.94073419],
        [ 0.4627153 ,  0.1166379 ,  0.        , ..., -0.96475271,
         -0.97233357, -0.97387035],
        ...,
        [ 0.73349268,  0.92747359,  0.96475271, ...,  0.        ,
          0.03051441,  0.03718203],
        [ 0.75389167,  0.93845068,  0.97233357, ..., -0.03051441,
          0.        ,  0.0066714 ],
        [ 0.758258  ,  0.94073419,  0.97387035, ..., -0.03718203,
         -0.0066714 ,  0.        ]],

       ...,

       [[ 0.        , -0.1665975 , -0.4478144 , ...,  0.33611631,
          0.5285106 ,  0.99334517],
        [ 0.1665975 ,  0.        , -0.29259694, ...,  0.48832402,
          0.66255373,  0.99865109],
        [ 0.4478144 ,  0.29259694,  0.        , ...,  0.72229129,
          0.85271695,  0.93975348],
        ...,
        [-0.33611631, -0.48832402, -0.72229129, ...,  0.        ,
          0.212424  ,  0.89684049],
        [-0.5285106 , -0.66255373, -0.85271695, ..., -0.212424  ,
          0.        ,  0.78240581],
        [-0.99334517, -0.99865109, -0.93975348, ..., -0.89684049,
         -0.78240581,  0.        ]],

       [[ 0.        ,  0.04838389,  0.08902347, ..., -0.68725938,
         -0.78449705, -0.82407447],
        [-0.04838389,  0.        ,  0.04072742, ..., -0.65130783,
         -0.75357384, -0.79570075],
        [-0.08902347, -0.04072742,  0.        , ..., -0.61986291,
         -0.72617588, -0.77037236],
        ...,
        [ 0.68725938,  0.65130783,  0.61986291, ...,  0.        ,
          0.14367625,  0.20929796],
        [ 0.78449705,  0.75357384,  0.72617588, ..., -0.14367625,
          0.        ,  0.06663234],
        [ 0.82407447,  0.79570075,  0.77037236, ..., -0.20929796,
         -0.06663234,  0.        ]],

       [[ 0.        , -0.30899543, -0.4117405 , ..., -0.36365554,
         -0.34423654, -0.34140768],
        [ 0.30899543,  0.        , -0.11000348, ..., -0.63369911,
         -0.61750136, -0.61512993],
        [ 0.4117405 ,  0.11000348,  0.        , ..., -0.71494977,
         -0.70027929, -0.69812641],
        ...,
        [ 0.36365554,  0.63369911,  0.71494977, ...,  0.        ,
         -0.02076213, -0.02377273],
        [ 0.34423654,  0.61750136,  0.70027929, ...,  0.02076213,
          0.        , -0.00301134],
        [ 0.34140768,  0.61512993,  0.69812641, ...,  0.02377273,
          0.00301134,  0.        ]]]), 'num': array([ 9.53163357e-01,  3.02454687e-01,  1.01673230e-04, -2.54926490e-10,
        1.68141775e-04,  1.69980826e-04,  1.64200952e-04,  7.35436362e-04,
       -7.88164572e-07,  1.68562130e-04,  1.65488288e-04,  1.77039278e-04,
        1.77723384e-06,  1.71508912e-04,  1.59467664e-04])}
{'img': array([[[ 0.        , -0.16275407, -0.52136573, ..., -0.88443328,
         -0.86214204, -0.83735032],
        [ 0.16275407,  0.        , -0.37553071, ..., -0.94859274,
         -0.93310887, -0.91515787],
        [ 0.52136573,  0.37553071,  0.        , ..., -0.9980204 ,
         -0.99985317, -0.9995522 ],
        ...,
        [ 0.88443328,  0.94859274,  0.9980204 , ...,  0.        ,
         -0.04577991, -0.09272671],
        [ 0.86214204,  0.93310887,  0.99985317, ...,  0.04577991,
          0.        , -0.04704682],
        [ 0.83735032,  0.91515787,  0.9995522 , ...,  0.09272671,
          0.04704682,  0.        ]],

       [[ 0.        ,  0.22467018,  0.28785935, ...,  0.32745337,
         -0.19625623,  0.12830012],
        [-0.22467018,  0.        ,  0.06533969, ...,  0.10679847,
         -0.41153986, -0.09779326],
        [-0.28785935, -0.06533969,  0.        , ...,  0.04160425,
         -0.47021049, -0.16261078],
        ...,
        [-0.32745337, -0.10679847, -0.04160425, ...,  0.        ,
         -0.50652137, -0.2035205 ],
        [ 0.19625623,  0.41153986,  0.47021049, ...,  0.50652137,
          0.        ,  0.32043927],
        [-0.12830012,  0.09779326,  0.16261078, ...,  0.2035205 ,
         -0.32043927,  0.        ]],

       [[ 0.        , -0.31085813, -0.46008507, ..., -0.76386879,
         -0.76824457, -0.77256036],
        [ 0.31085813,  0.        , -0.16128765, ..., -0.92664292,
         -0.92918075, -0.93166155],
        [ 0.46008507,  0.16128765,  0.        , ..., -0.97514571,
         -0.97663145, -0.97806393],
        ...,
        [ 0.76386879,  0.92664292,  0.97514571, ...,  0.        ,
          0.00680767,  0.01357663],
        [ 0.76824457,  0.92918075,  0.97663145, ..., -0.00680767,
          0.        ,  0.00676927],
        [ 0.77256036,  0.93166155,  0.97806393, ..., -0.01357663,
         -0.00676927,  0.        ]],

       ...,

       [[ 0.        , -0.29259694, -0.46552823, ...,  0.66255373,
          0.99865109,  0.92154769],
        [ 0.29259694,  0.        , -0.18619683, ...,  0.85271695,
          0.93975348,  0.99482216],
        [ 0.46552823,  0.18619683,  0.        , ...,  0.93506928,
          0.85966759,  0.99634855],
        ...,
        [-0.66255373, -0.85271695, -0.93506928, ...,  0.        ,
          0.78240581,  0.43300594],
        [-0.99865109, -0.93975348, -0.85966759, ..., -0.78240581,
          0.        , -0.43559096],
        [-0.92154769, -0.99482216, -0.99634855, ..., -0.43300594,
          0.43559096,  0.        ]],

       [[ 0.        ,  0.04072742,  0.12382837, ..., -0.75357384,
         -0.79570075, -0.80658625],
        [-0.04072742,  0.        ,  0.08331166, ..., -0.72617588,
         -0.77037236, -0.78184237],
        [-0.12382837, -0.08331166,  0.        , ..., -0.66637385,
         -0.71457515, -0.72718149],
        ...,
        [ 0.75357384,  0.72617588,  0.66637385, ...,  0.        ,
          0.06663234,  0.0847703 ],
        [ 0.79570075,  0.77037236,  0.71457515, ..., -0.06663234,
          0.        ,  0.01818941],
        [ 0.80658625,  0.78184237,  0.72718149, ..., -0.0847703 ,
         -0.01818941,  0.        ]],

       [[ 0.        , -0.28259167, -0.46102751, ..., -0.34838906,
         -0.34552846, -0.34250141],
        [ 0.28259167,  0.        , -0.19146831, ..., -0.59907614,
         -0.59663118, -0.59404093],
        [ 0.46102751,  0.19146831,  0.        , ..., -0.74129967,
         -0.73924909, -0.73707423],
        ...,
        [ 0.34838906,  0.59907614,  0.74129967, ...,  0.        ,
         -0.00305007, -0.00627385],
        [ 0.34552846,  0.59663118,  0.73924909, ...,  0.00305007,
          0.        , -0.00322381],
        [ 0.34250141,  0.59404093,  0.73707423, ...,  0.00627385,
          0.00322381,  0.        ]]]), 'num': array([ 9.27298334e-01,  3.74322553e-01,  8.64024658e-05, -8.76307471e-09,
        1.63602302e-04,  1.64624816e-04,  1.62324159e-04,  4.52283677e-04,
        0.00000000e+00,  1.64062434e-04,  1.61109923e-04,  1.71765375e-04,
        1.92769106e-06,  1.67067496e-04,  1.55152351e-04])}
{'img': array([[[ 0.        , -0.50043898, -0.60178555, ..., -0.8640793 ,
         -0.83932876, -0.83932876],
        [ 0.50043898,  0.        , -0.12132952, ..., -0.99999431,
         -0.9987179 , -0.9987179 ],
        [ 0.60178555,  0.12132952,  0.        , ..., -0.99301579,
         -0.99748156, -0.99748156],
        ...,
        [ 0.8640793 ,  0.99999431,  0.99301579, ...,  0.        ,
         -0.04725346, -0.04725346],
        [ 0.83932876,  0.9987179 ,  0.99748156, ...,  0.04725346,
          0.        ,  0.        ],
        [ 0.83932876,  0.9987179 ,  0.99748156, ...,  0.04725346,
          0.        ,  0.        ]],

       [[ 0.        ,  0.06533969,  0.2179019 , ..., -0.41153986,
         -0.09779326, -0.27825405],
        [-0.06533969,  0.        ,  0.15366663, ..., -0.47021049,
         -0.16261078, -0.34041871],
        [-0.2179019 , -0.15366663,  0.        , ..., -0.60024483,
         -0.31230079, -0.4808642 ],
        ...,
        [ 0.41153986,  0.47021049,  0.60024483, ...,  0.        ,
          0.32043927,  0.14168867],
        [ 0.09779326,  0.16261078,  0.31230079, ..., -0.32043927,
          0.        , -0.18298915],
        [ 0.27825405,  0.34041871,  0.4808642 , ..., -0.14168867,
          0.18298915,  0.        ]],

       [[ 0.        , -0.3524547 , -0.51761281, ..., -0.77576978,
         -0.78008909, -0.78222609],
        [ 0.3524547 ,  0.        , -0.1828315 , ..., -0.94839233,
         -0.95054968, -0.95160716],
        [ 0.51761281,  0.1828315 ,  0.        , ..., -0.99038223,
         -0.99130991, -0.99175437],
        ...,
        [ 0.77576978,  0.94839233,  0.99038223, ...,  0.        ,
          0.00687406,  0.01029679],
        [ 0.78008909,  0.95054968,  0.99130991, ..., -0.00687406,
          0.        ,  0.00342285],
        [ 0.78222609,  0.95160716,  0.99175437, ..., -0.01029679,
         -0.00342285,  0.        ]],

       ...,

       [[ 0.        , -0.17730154, -0.27376159, ...,  0.99100889,
          0.95651374,  0.92194554],
        [ 0.17730154,  0.        , -0.09889608, ...,  0.99903016,
          0.99307589,  0.83866642],
        [ 0.27376159,  0.09889608,  0.        , ...,  0.98977817,
          0.99982538,  0.78069179],
        ...,
        [-0.99100889, -0.99903016, -0.98977817, ...,  0.        ,
         -0.16108692,  0.50718977],
        [-0.95651374, -0.99307589, -0.99982538, ...,  0.16108692,
          0.        ,  0.63939623],
        [-0.92194554, -0.83866642, -0.78069179, ..., -0.50718977,
         -0.63939623,  0.        ]],

       [[ 0.        ,  0.08331166,  0.17061327, ..., -0.77037236,
         -0.78184237, -0.79779724],
        [-0.08331166,  0.        ,  0.08792999, ..., -0.71457515,
         -0.72718149, -0.74479298],
        [-0.17061327, -0.08792999,  0.        , ..., -0.65029517,
         -0.66400574, -0.68323284],
        ...,
        [ 0.77037236,  0.71457515,  0.65029517, ...,  0.        ,
          0.01818941,  0.04419353],
        [ 0.78184237,  0.72718149,  0.66400574, ..., -0.01818941,
          0.        ,  0.02601459],
        [ 0.79779724,  0.74479298,  0.68323284, ..., -0.04419353,
         -0.02601459,  0.        ]],

       [[ 0.        , -0.3759235 , -0.53067036, ..., -0.34898871,
         -0.34593348, -0.34456335],
        [ 0.3759235 ,  0.        , -0.17312145, ..., -0.67567867,
         -0.67327313, -0.67219297],
        [ 0.53067036,  0.17312145,  0.        , ..., -0.79310074,
         -0.79111197, -0.79021815],
        ...,
        [ 0.34898871,  0.67567867,  0.79310074, ...,  0.        ,
         -0.00325824, -0.00471812],
        [ 0.34593348,  0.67327313,  0.79111197, ...,  0.00325824,
          0.        , -0.0014599 ],
        [ 0.34456335,  0.67219297,  0.79021815, ...,  0.00471812,
          0.0014599 ,  0.        ]]]), 'num': array([ 8.91360977e-01,  4.53293393e-01,  6.88785510e-05, -8.86792313e-09,
        1.56788684e-04,  1.59500438e-04,  1.56542161e-04,  7.10726065e-04,
       -9.86092355e-07,  1.58021300e-04,  1.55457460e-04,  1.65158143e-04,
        1.82904227e-06,  1.61233470e-04,  1.49681450e-04])}
{'img': array([[[ 0.        , -0.24529363,  0.16842609, ..., -0.93198635,
         -0.93198635, -0.90517169],
        [ 0.24529363,  0.        ,  0.40506991, ..., -0.99243039,
         -0.99243039, -0.98177874],
        [-0.16842609, -0.40506991,  0.        , ..., -0.85761892,
         -0.85761892, -0.82065181],
        ...,
        [ 0.93198635,  0.99243039,  0.85761892, ...,  0.        ,
          0.        , -0.06801845],
        [ 0.93198635,  0.99243039,  0.85761892, ...,  0.        ,
          0.        , -0.06801845],
        [ 0.90517169,  0.98177874,  0.82065181, ...,  0.06801845,
          0.06801845,  0.        ]],

       [[ 0.        ,  0.15366663,  0.05986661, ..., -0.16261078,
         -0.34041871, -0.14994969],
        [-0.15366663,  0.        , -0.09423546, ..., -0.31230079,
         -0.4808642 , -0.30009792],
        [-0.05986661,  0.09423546,  0.        , ..., -0.22138892,
         -0.39609914, -0.20887047],
        ...,
        [ 0.16261078,  0.31230079,  0.22138892, ...,  0.        ,
         -0.18298915,  0.01281834],
        [ 0.34041871,  0.4808642 ,  0.39609914, ...,  0.18298915,
          0.        ,  0.19557602],
        [ 0.14994969,  0.30009792,  0.20887047, ..., -0.01281834,
         -0.19557602,  0.        ]],

       [[ 0.        , -0.39859495, -0.50711491, ..., -0.78988137,
         -0.79201839, -0.7833769 ],
        [ 0.39859495,  0.        , -0.12154841, ..., -0.9688638 ,
         -0.96972262, -0.96620165],
        [ 0.50711491,  0.12154841,  0.        , ..., -0.99177486,
         -0.99221583, -0.99037141],
        ...,
        [ 0.78988137,  0.9688638 ,  0.99177486, ...,  0.        ,
          0.00349254, -0.0105349 ],
        [ 0.79201839,  0.96972262,  0.99221583, ..., -0.00349254,
          0.        , -0.01402718],
        [ 0.7833769 ,  0.96620165,  0.99037141, ...,  0.0105349 ,
          0.01402718,  0.        ]],

       ...,

       [[ 0.        , -0.09889608,  0.08446463, ...,  0.99307589,
          0.83866642,  0.95353788],
        [ 0.09889608,  0.        ,  0.18259323, ...,  0.99982538,
          0.78069179,  0.91906868],
        [-0.08446463, -0.18259323,  0.        , ...,  0.97960466,
          0.8816727 ,  0.97557732],
        ...,
        [-0.99307589, -0.99982538, -0.97960466, ...,  0.        ,
          0.63939623,  0.41120357],
        [-0.83866642, -0.78069179, -0.8816727 , ..., -0.63939623,
          0.        , -0.26667236],
        [-0.95353788, -0.91906868, -0.97557732, ..., -0.41120357,
          0.26667236,  0.        ]],

       [[ 0.        ,  0.08792999,  0.11901079, ..., -0.72718149,
         -0.74479298, -0.7552852 ],
        [-0.08792999,  0.        ,  0.03124475, ..., -0.66400574,
         -0.68323284, -0.69473073],
        [-0.11901079, -0.03124475,  0.        , ..., -0.64031899,
         -0.66008432, -0.67191812],
        ...,
        [ 0.72718149,  0.66400574,  0.64031899, ...,  0.        ,
          0.02601459,  0.04186989],
        [ 0.74479298,  0.68323284,  0.66008432, ..., -0.02601459,
          0.        ,  0.01586395],
        [ 0.7552852 ,  0.69473073,  0.67191812, ..., -0.04186989,
         -0.01586395,  0.        ]],

       [[ 0.        , -0.39677189, -0.49346033, ..., -0.35224319,
         -0.35084986, -0.35878522],
        [ 0.39677189,  0.        , -0.10785613, ..., -0.69467229,
         -0.69360093, -0.69969001],
        [ 0.49346033,  0.10785613,  0.        , ..., -0.76820368,
         -0.76725   , -0.77266582],
        ...,
        [ 0.35224319,  0.69467229,  0.76820368, ...,  0.        ,
         -0.00148833,  0.00699925],
        [ 0.35084986,  0.69360093,  0.76725   , ...,  0.00148833,
          0.        ,  0.00848753],
        [ 0.35878522,  0.69969001,  0.77266582, ..., -0.00699925,
         -0.00848753,  0.        ]]]), 'num': array([ 9.30424334e-01,  3.66483283e-01,  8.78412851e-05, -1.71009791e-08,
        1.64270624e-04,  1.65294117e-04,  1.62479511e-04,  5.82316332e-04,
        1.53523947e-06,  1.63810052e-04,  1.61443224e-04,  1.70983032e-04,
        1.78628492e-06,  1.67555275e-04,  1.55331173e-04])}
{'img': array([[[ 0.        ,  0.40506991,  0.03679578, ..., -0.99243039,
         -0.98177874, -0.9959415 ],
        [-0.40506991,  0.        , -0.37115374, ..., -0.85761892,
         -0.82065181, -0.87411763],
        [-0.03679578,  0.37115374,  0.        , ..., -0.98723949,
         -0.97412167, -0.99195533],
        ...,
        [ 0.99243039,  0.85761892,  0.98723949, ...,  0.        ,
         -0.06801845,  0.03298845],
        [ 0.98177874,  0.82065181,  0.97412167, ...,  0.06801845,
          0.        ,  0.10089348],
        [ 0.9959415 ,  0.87411763,  0.99195533, ..., -0.03298845,
         -0.10089348,  0.        ]],

       [[ 0.        , -0.09423546, -0.06783404, ..., -0.4808642 ,
         -0.30009792, -0.39297266],
        [ 0.09423546,  0.        ,  0.02648622, ..., -0.39609914,
         -0.20887047, -0.30456968],
        [ 0.06783404, -0.02648622,  0.        , ..., -0.42028004,
         -0.23469922, -0.32969069],
        ...,
        [ 0.4808642 ,  0.39609914,  0.42028004, ...,  0.        ,
          0.19557602,  0.09762225],
        [ 0.30009792,  0.20887047,  0.23469922, ..., -0.19557602,
          0.        , -0.09890483],
        [ 0.39297266,  0.30456968,  0.32969069, ..., -0.09762225,
          0.09890483,  0.        ]],

       [[ 0.        , -0.33459194, -0.43767048, ..., -0.80471602,
         -0.7960831 , -0.78718675],
        [ 0.33459194,  0.        , -0.11160104, ..., -0.95696852,
         -0.95269015, -0.94816352],
        [ 0.43767048,  0.11160104,  0.        , ..., -0.98337613,
         -0.98065916, -0.97770533],
        ...,
        [ 0.80471602,  0.95696852,  0.98337613, ...,  0.        ,
         -0.01440128, -0.02895896],
        [ 0.7960831 ,  0.95269015,  0.98065916, ...,  0.01440128,
          0.        , -0.01456071],
        [ 0.78718675,  0.94816352,  0.97770533, ...,  0.02895896,
          0.01456071,  0.        ]],

       ...,

       [[ 0.        ,  0.18259323,  0.22904778, ...,  0.78069179,
          0.91906868,  0.99601501],
        [-0.18259323,  0.        ,  0.04745813, ...,  0.8816727 ,
          0.97557732,  0.99555526],
        [-0.22904778, -0.04745813,  0.        , ...,  0.90307292,
          0.98490254,  0.98996393],
        ...,
        [-0.78069179, -0.8816727 , -0.90307292, ...,  0.        ,
         -0.26667236, -0.55279938],
        [-0.91906868, -0.97557732, -0.98490254, ...,  0.26667236,
          0.        , -0.31055908],
        [-0.99601501, -0.99555526, -0.98996393, ...,  0.55279938,
          0.31055908,  0.        ]],

       [[ 0.        ,  0.03124475,  0.0724449 , ..., -0.68323284,
         -0.69473073, -0.71301107],
        [-0.03124475,  0.        ,  0.04124687, ..., -0.66008432,
         -0.67191812, -0.6907556 ],
        [-0.0724449 , -0.04124687,  0.        , ..., -0.62853828,
         -0.64079783, -0.66034263],
        ...,
        [ 0.68323284,  0.66008432,  0.62853828, ...,  0.        ,
          0.01586395,  0.04159049],
        [ 0.69473073,  0.67191812,  0.64079783, ..., -0.01586395,
          0.        ,  0.02573503],
        [ 0.71301107,  0.6907556 ,  0.66034263, ..., -0.04159049,
         -0.02573503,  0.        ]],

       [[ 0.        , -0.31288691, -0.45491763, ..., -0.35802725,
         -0.36611232, -0.36230028],
        [ 0.31288691,  0.        , -0.15344012, ..., -0.63219683,
         -0.63889334, -0.63573914],
        [ 0.45491763,  0.15344012,  0.        , ..., -0.74359693,
         -0.7493683 , -0.74665172],
        ...,
        [ 0.35802725,  0.63219683,  0.74359693, ...,  0.        ,
          0.00867349,  0.00458042],
        [ 0.36611232,  0.63889334,  0.7493683 , ..., -0.00867349,
          0.        , -0.00409315],
        [ 0.36230028,  0.63573914,  0.74665172, ..., -0.00458042,
          0.00409315,  0.        ]]]), 'num': array([ 9.65478300e-01,  2.60482674e-01,  1.10327954e-04, -2.77700254e-09,
        1.70247676e-04,  1.72112674e-04,  1.69981248e-04,  4.27990402e-04,
       -7.99284863e-07,  1.70354247e-04,  1.68196178e-04,  1.77587775e-04,
        1.85997107e-06,  1.74628311e-04,  1.61764045e-04])}
{'img': array([[[ 0.00000000e+00, -3.71153744e-01, -5.38137377e-01, ...,
         -8.20651807e-01, -8.74117631e-01, -8.48888830e-01],
        [ 3.71153744e-01,  0.00000000e+00, -1.86869408e-01, ...,
         -9.74121674e-01, -9.91955333e-01, -9.84435178e-01],
        [ 5.38137377e-01,  1.86869408e-01,  0.00000000e+00, ...,
         -9.99199310e-01, -9.98137301e-01, -9.99936056e-01],
        ...,
        [ 8.20651807e-01,  9.74121674e-01,  9.99199310e-01, ...,
          0.00000000e+00,  1.00893483e-01,  5.13062334e-02],
        [ 8.74117631e-01,  9.91955333e-01,  9.98137301e-01, ...,
         -1.00893483e-01,  0.00000000e+00, -4.97161734e-02],
        [ 8.48888830e-01,  9.84435178e-01,  9.99936056e-01, ...,
         -5.13062334e-02,  4.97161734e-02,  0.00000000e+00]],

       [[ 0.00000000e+00,  2.64862244e-02, -1.71240040e-01, ...,
         -2.08870471e-01, -3.04569678e-01, -4.29023285e-01],
        [-2.64862244e-02,  0.00000000e+00, -1.97274971e-01, ...,
         -2.34699221e-01, -3.29690694e-01, -4.52797607e-01],
        [ 1.71240040e-01,  1.97274971e-01,  0.00000000e+00, ...,
         -3.83222633e-02, -1.36966547e-01, -2.68006324e-01],
        ...,
        [ 2.08870471e-01,  2.34699221e-01,  3.83222633e-02, ...,
          0.00000000e+00, -9.89048340e-02, -2.30889129e-01],
        [ 3.04569678e-01,  3.29690694e-01,  1.36966547e-01, ...,
          9.89048340e-02,  0.00000000e+00, -1.33524624e-01],
        [ 4.29023285e-01,  4.52797607e-01,  2.68006324e-01, ...,
          2.30889129e-01,  1.33524624e-01,  0.00000000e+00]],

       [[ 0.00000000e+00, -2.95024740e-01, -4.43766537e-01, ...,
         -8.04854776e-01, -7.95966064e-01, -7.86797924e-01],
        [ 2.95024740e-01,  0.00000000e+00, -1.59630129e-01, ...,
         -9.44119246e-01, -9.39127951e-01, -9.33869666e-01],
        [ 4.43766537e-01,  1.59630129e-01,  0.00000000e+00, ...,
         -9.84627447e-01, -9.81929154e-01, -9.78980453e-01],
        ...,
        [ 8.04854776e-01,  9.44119246e-01,  9.84627447e-01, ...,
          0.00000000e+00, -1.48283723e-02, -2.98225775e-02],
        [ 7.95966064e-01,  9.39127951e-01,  9.81929154e-01, ...,
          1.48283723e-02,  0.00000000e+00, -1.49975218e-02],
        [ 7.86797924e-01,  9.33869666e-01,  9.78980453e-01, ...,
          2.98225775e-02,  1.49975218e-02,  0.00000000e+00]],

       ...,

       [[ 0.00000000e+00,  4.74581287e-02, -2.23390297e-02, ...,
          9.75577316e-01,  9.95555264e-01,  9.95555264e-01],
        [-4.74581287e-02,  0.00000000e+00, -6.97601444e-02, ...,
          9.84902541e-01,  9.89963932e-01,  9.89963932e-01],
        [ 2.23390297e-02,  6.97601444e-02,  0.00000000e+00, ...,
          9.70426954e-01,  9.97410697e-01,  9.97410697e-01],
        ...,
        [-9.75577316e-01, -9.84902541e-01, -9.70426954e-01, ...,
          0.00000000e+00, -3.10559077e-01, -3.10559077e-01],
        [-9.95555264e-01, -9.89963932e-01, -9.97410697e-01, ...,
          3.10559077e-01,  0.00000000e+00,  0.00000000e+00],
        [-9.95555264e-01, -9.89963932e-01, -9.97410697e-01, ...,
          3.10559077e-01,  0.00000000e+00,  0.00000000e+00]],

       [[ 0.00000000e+00,  4.12468721e-02,  1.10724788e-01, ...,
         -6.71918124e-01, -6.90755603e-01, -7.03937535e-01],
        [-4.12468721e-02,  0.00000000e+00,  6.96373100e-02, ...,
         -6.40797829e-01, -6.60342629e-01, -6.74042393e-01],
        [-1.10724788e-01, -6.96373100e-02,  0.00000000e+00, ...,
         -5.85780976e-01, -6.06444421e-01, -6.20965501e-01],
        ...,
        [ 6.71918124e-01,  6.40797829e-01,  5.85780976e-01, ...,
          0.00000000e+00,  2.57350314e-02,  4.41162094e-02],
        [ 6.90755603e-01,  6.60342629e-01,  6.06444421e-01, ...,
         -2.57350314e-02,  0.00000000e+00,  1.83916222e-02],
        [ 7.03937535e-01,  6.74042393e-01,  6.20965501e-01, ...,
         -4.41162094e-02, -1.83916222e-02,  0.00000000e+00]],

       [[ 0.00000000e+00, -3.43323571e-01, -4.97670625e-01, ...,
         -3.70624548e-01, -3.66769307e-01, -3.70188430e-01],
        [ 3.43323571e-01,  0.00000000e+00, -1.69633578e-01, ...,
         -6.66969965e-01, -6.63874049e-01, -6.66620064e-01],
        [ 4.97670625e-01,  1.69633578e-01,  0.00000000e+00, ...,
         -7.83695073e-01, -7.81112180e-01, -7.83403350e-01],
        ...,
        [ 3.70624548e-01,  6.66969965e-01,  7.83695073e-01, ...,
          0.00000000e+00, -4.14742072e-03, -4.69514253e-04],
        [ 3.66769307e-01,  6.63874049e-01,  7.81112180e-01, ...,
          4.14742072e-03,  0.00000000e+00,  3.67791004e-03],
        [ 3.70188430e-01,  6.66620064e-01,  7.83403350e-01, ...,
          4.69514253e-04, -3.67791004e-03,  0.00000000e+00]]]), 'num': array([ 9.99999737e-01,  1.41707172e-04,  1.56227817e-04, -1.23806389e-08,
        1.76341804e-04,  1.77719475e-04,  1.74964134e-04,  4.81275359e-04,
        2.75534069e-07,  1.76176484e-04,  1.74275299e-04,  1.83170457e-04,
        1.77566400e-06,  1.80710066e-04,  1.67840531e-04])}
{'img': array([[[ 0.        , -0.41216082, -0.5691666 , ..., -0.88443328,
         -0.85951465, -0.8681532 ],
        [ 0.41216082,  0.        , -0.17968623, ..., -0.9981587 ,
         -0.99377332, -0.99553792],
        [ 0.5691666 ,  0.17968623,  0.        , ..., -0.99281177,
         -0.99761942, -0.99629013],
        ...,
        [ 0.88443328,  0.9981587 ,  0.99281177, ...,  0.        ,
         -0.05093684, -0.0338028 ],
        [ 0.85951465,  0.99377332,  0.99761942, ...,  0.05093684,
          0.        ,  0.01714881],
        [ 0.8681532 ,  0.99553792,  0.99629013, ...,  0.0338028 ,
         -0.01714881,  0.        ]],

       [[ 0.        , -0.19727497, -0.00237139, ..., -0.32969069,
         -0.45279761, -0.42466949],
        [ 0.19727497,  0.        ,  0.19494962, ..., -0.13696655,
         -0.26800632, -0.23772138],
        [ 0.00237139, -0.19494962,  0.        , ..., -0.32745096,
         -0.45068197, -0.42252136],
        ...,
        [ 0.32969069,  0.13696655,  0.32745096, ...,  0.        ,
         -0.13352462, -0.10244084],
        [ 0.45279761,  0.26800632,  0.45068197, ...,  0.13352462,
          0.        ,  0.03129864],
        [ 0.42466949,  0.23772138,  0.42252136, ...,  0.10244084,
         -0.03129864,  0.        ]],

       [[ 0.        , -0.34309154, -0.45450624, ..., -0.8027185 ,
         -0.79355562, -0.79355562],
        [ 0.34309154,  0.        , -0.12131204, ..., -0.9586005 ,
         -0.95415878, -0.95415878],
        [ 0.45450624,  0.12131204,  0.        , ..., -0.98606482,
         -0.98342057, -0.98342057],
        ...,
        [ 0.8027185 ,  0.9586005 ,  0.98606482, ...,  0.        ,
         -0.01520905, -0.01520905],
        [ 0.79355562,  0.95415878,  0.98342057, ...,  0.01520905,
          0.        ,  0.        ],
        [ 0.79355562,  0.95415878,  0.98342057, ...,  0.01520905,
          0.        ,  0.        ]],

       ...,

       [[ 0.        , -0.06976014, -0.48602357, ...,  0.98996393,
          0.98996393,  0.92570409],
        [ 0.06976014,  0.        , -0.42387294, ...,  0.9974107 ,
          0.9974107 ,  0.94983555],
        [ 0.48602357,  0.42387294,  0.        , ...,  0.9338597 ,
          0.9338597 ,  0.9928528 ],
        ...,
        [-0.98996393, -0.9974107 , -0.9338597 , ...,  0.        ,
          0.        , -0.24363166],
        [-0.98996393, -0.9974107 , -0.9338597 , ...,  0.        ,
          0.        , -0.24363166],
        [-0.92570409, -0.94983555, -0.9928528 , ...,  0.24363166,
          0.24363166,  0.        ]],

       [[ 0.        ,  0.06963731,  0.10232254, ..., -0.66034263,
         -0.67404239, -0.68295094],
        [-0.06963731,  0.        ,  0.03280234, ..., -0.60644442,
         -0.6209655 , -0.63042543],
        [-0.10232254, -0.03280234,  0.        , ..., -0.58003608,
         -0.59491962, -0.60462336],
        ...,
        [ 0.66034263,  0.60644442,  0.58003608, ...,  0.        ,
          0.01839162,  0.03051521],
        [ 0.67404239,  0.6209655 ,  0.59491962, ..., -0.01839162,
          0.        ,  0.01212699],
        [ 0.68295094,  0.63042543,  0.60462336, ..., -0.03051521,
         -0.01212699,  0.        ]],

       [[ 0.        , -0.37777652, -0.53724861, ..., -0.37226216,
         -0.3757282 , -0.44109538],
        [ 0.37777652,  0.        , -0.17881103, ..., -0.69530117,
         -0.69798234, -0.7474482 ],
        [ 0.53724861,  0.17881103,  0.        , ..., -0.8126101 ,
         -0.81478252, -0.85418966],
        ...,
        [ 0.37226216,  0.69530117,  0.8126101 , ...,  0.        ,
          0.00373724,  0.07530231],
        [ 0.3757282 ,  0.69798234,  0.81478252, ..., -0.00373724,
          0.        ,  0.07157516],
        [ 0.44109538,  0.7474482 ,  0.85418966, ..., -0.07530231,
         -0.07157516,  0.        ]]]), 'num': array([ 9.99999749e-01,  1.41928906e-04,  1.56472272e-04, -8.10132256e-09,
        1.76341767e-04,  1.77721593e-04,  1.75789837e-04,  4.56336066e-04,
       -2.75965207e-07,  1.76396960e-04,  1.74865353e-04,  1.82987929e-04,
        1.61540609e-06,  1.80999669e-04,  1.68731037e-04])}
{'img': array([[[ 0.00000000e+00, -4.21180704e-01, -7.08783222e-01, ...,
         -8.72635490e-01, -8.81133162e-01, -8.72635490e-01],
        [ 4.21180704e-01,  0.00000000e+00, -3.45737929e-01, ...,
         -9.97152998e-01, -9.98330255e-01, -9.97152998e-01],
        [ 7.08783222e-01,  3.45737929e-01,  0.00000000e+00, ...,
         -9.61730020e-01, -9.56735615e-01, -9.61730020e-01],
        ...,
        [ 8.72635490e-01,  9.97152998e-01,  9.61730020e-01, ...,
          0.00000000e+00,  1.76792582e-02,  0.00000000e+00],
        [ 8.81133162e-01,  9.98330255e-01,  9.56735615e-01, ...,
         -1.76792582e-02,  0.00000000e+00, -1.76792582e-02],
        [ 8.72635490e-01,  9.97152998e-01,  9.61730020e-01, ...,
          0.00000000e+00,  1.76792582e-02,  0.00000000e+00]],

       [[ 0.00000000e+00,  1.94949625e-01,  1.21258247e-01, ...,
         -2.68006324e-01, -2.37721379e-01, -2.57600891e-01],
        [-1.94949625e-01,  0.00000000e+00, -7.45793945e-02, ...,
         -4.50681967e-01, -4.22521359e-01, -4.41028718e-01],
        [-1.21258247e-01,  7.45793945e-02,  0.00000000e+00, ...,
         -3.82850978e-01, -3.53749415e-01, -3.72866004e-01],
        ...,
        [ 2.68006324e-01,  4.50681967e-01,  3.82850978e-01, ...,
          0.00000000e+00,  3.12986355e-02,  1.07843704e-02],
        [ 2.37721379e-01,  4.22521359e-01,  3.53749415e-01, ...,
         -3.12986355e-02,  0.00000000e+00, -2.05177285e-02],
        [ 2.57600891e-01,  4.41028718e-01,  3.72866004e-01, ...,
         -1.07843704e-02,  2.05177285e-02,  0.00000000e+00]],

       [[ 0.00000000e+00, -3.12487862e-01, -4.84476309e-01, ...,
         -8.02803174e-01, -8.02803174e-01, -8.00469101e-01],
        [ 3.12487862e-01,  0.00000000e+00, -1.86848833e-01, ...,
         -9.48919252e-01, -9.48919252e-01, -9.47680118e-01],
        [ 4.84476309e-01,  1.86848833e-01,  0.00000000e+00, ...,
         -9.91161890e-01, -9.91161890e-01, -9.90636391e-01],
        ...,
        [ 8.02803174e-01,  9.48919252e-01,  9.91161890e-01, ...,
          0.00000000e+00,  0.00000000e+00, -3.90436306e-03],
        [ 8.02803174e-01,  9.48919252e-01,  9.91161890e-01, ...,
          0.00000000e+00,  0.00000000e+00, -3.90436306e-03],
        [ 8.00469101e-01,  9.47680118e-01,  9.90636391e-01, ...,
          3.90436306e-03,  3.90436306e-03,  0.00000000e+00]],

       ...,

       [[ 0.00000000e+00, -4.23872936e-01, -8.70911754e-01, ...,
          9.97410697e-01,  9.49835554e-01,  8.59660940e-01],
        [ 4.23872936e-01,  0.00000000e+00, -5.80495769e-01, ...,
          9.33859696e-01,  9.92852804e-01,  9.95155393e-01],
        [ 8.70911754e-01,  5.80495769e-01,  0.00000000e+00, ...,
          5.52799381e-01,  7.39164100e-01,  8.67389635e-01],
        ...,
        [-9.97410697e-01, -9.33859696e-01, -5.52799381e-01, ...,
          0.00000000e+00, -2.43631657e-01, -4.47718915e-01],
        [-9.49835554e-01, -9.92852804e-01, -7.39164100e-01, ...,
          2.43631657e-01,  0.00000000e+00, -2.16378995e-01],
        [-8.59660940e-01, -9.95155393e-01, -8.67389635e-01, ...,
          4.47718915e-01,  2.16378995e-01,  0.00000000e+00]],

       [[ 0.00000000e+00,  3.28023405e-02,  2.15718078e-01, ...,
         -6.20965501e-01, -6.30425431e-01, -6.30984685e-01],
        [-3.28023405e-02,  0.00000000e+00,  1.83571960e-01, ...,
         -5.94919617e-01, -6.04623362e-01, -6.05197225e-01],
        [-2.15718078e-01, -1.83571960e-01,  0.00000000e+00, ...,
         -4.37257291e-01, -4.48131379e-01, -4.48775517e-01],
        ...,
        [ 6.20965501e-01,  5.94919617e-01,  4.37257291e-01, ...,
          0.00000000e+00,  1.21269870e-02,  1.28475987e-02],
        [ 6.30425431e-01,  6.04623362e-01,  4.48131379e-01, ...,
         -1.21269870e-02,  0.00000000e+00,  7.20667831e-04],
