state_0,state_1,state_2,state_3,state_4,state_5,state_6,state_7,state_8,state_9,state_10,state_11,state_12,state_13,state_14,state_15,state_16,state_17,state_18,state_19,state_20,state_21,state_22,state_23,state_24,state_25,state_26,state_27,state_28,state_29,state_30,state_31,state_32,state_33,state_34,state_35,state_36,state_37,state_38,state_39,state_40,state_41,state_42,state_43,state_44,state_45,state_46,state_47,state_48,state_49,state_50,state_51,state_52,state_53,state_54,state_55,state_56,state_57,state_58,state_59,state_60,state_61,state_62,state_63,state_64,state_65,state_66,state_67,state_68,state_69,state_70,state_71,state_72,state_73,state_74,state_75,state_76,state_77,state_78,state_79,state_80,state_81,state_82,state_83,state_84,state_85,state_86,state_87,state_88,state_89,state_90,state_91,state_92,state_93,state_94,state_95,state_96,state_97,state_98,state_99,state_100,state_101,state_102,state_103,state_104,state_105,state_106,state_107,state_108,state_109,state_110,state_111,state_112,state_113,state_114,state_115,state_116,state_117,state_118,state_119,state_120,state_121,state_122,state_123,state_124,state_125,state_126,state_127,state_128,state_129,state_130,state_131,state_132,state_133,state_134,state_135,state_136,state_137,state_138,state_139,state_140,state_141,state_142,state_143,state_144,state_145,state_146,state_147,state_148,state_149,state_150,state_151,state_152,state_153,state_154,state_155,state_156,state_157,state_158,state_159,state_160,state_161,state_162,state_163,state_164,state_165,state_166,state_167,state_168,state_169,state_170,state_171,state_172,state_173,state_174,state_175,state_176,state_177,state_178,state_179,state_180,state_181,state_182,state_183,state_184,state_185,state_186,state_187,state_188,state_189,state_190,state_191,state_192,state_193,state_194,state_195,state_196,state_197,state_198,state_199,state_200,state_201,state_202,state_203,state_204,state_205,state_206,state_207,state_208,state_209,state_210,state_211,state_212,state_213,state_214,state_215,state_216,state_217,state_218,state_219,state_220,state_221,state_222,state_223,state_224,state_225,state_226,state_227,state_228,state_229,state_230,state_231,state_232,state_233,state_234,state_235,state_236,state_237,state_238,state_239,state_240,state_241,state_242,state_243,state_244,state_245,state_246,state_247,state_248,state_249,state_250,state_251,state_252,state_253,state_254,state_255,state_256,state_257,state_258,state_259,state_260,state_261,state_262,state_263,state_264,state_265,state_266,state_267,state_268,state_269,state_270,state_271,state_272,state_273,state_274,state_275,state_276,state_277,state_278,state_279,state_280,state_281,state_282,state_283,state_284,state_285,state_286,state_287
{'img': array([[[ 0.        ,  0.14024108, -0.07665396, ...,  0.95386527,
          0.98261236,  0.95559032],
        [-0.14024108,  0.        , -0.21572488, ...,  0.9023333 ,
          0.94686317,  0.98747541],
        [ 0.07665396,  0.21572488,  0.        , ...,  0.97407297,
          0.99395353,  0.93018894],
        ...,
        [-0.95386527, -0.9023333 , -0.97407297, ...,  0.        ,
          0.11791147,  0.56800422],
        [-0.98261236, -0.94686317, -0.99395353, ..., -0.11791147,
          0.        ,  0.46699772],
        [-0.95559032, -0.98747541, -0.93018894, ..., -0.56800422,
         -0.46699772,  0.        ]],

       [[ 0.        , -0.11073538, -0.30982084, ...,  0.13283576,
          0.0995139 ,  0.87850709],
        [ 0.11073538,  0.        , -0.20262877, ...,  0.24177286,
          0.20908759,  0.82020267],
        [ 0.30982084,  0.20262877,  0.        , ...,  0.43337479,
          0.40290025,  0.68726961],
        ...,
        [-0.13283576, -0.24177286, -0.43337479, ...,  0.        ,
         -0.03354437,  0.93418135],
        [-0.0995139 , -0.20908759, -0.40290025, ...,  0.03354437,
          0.        ,  0.92168704],
        [-0.87850709, -0.82020267, -0.68726961, ..., -0.93418135,
         -0.92168704,  0.        ]],

       [[ 0.        ,  0.06265471,  0.03459351, ...,  0.99381143,
          0.98932325,  0.99950596],
        [-0.06265471,  0.        , -0.02809166, ...,  0.98489915,
          0.97824833,  0.99557295],
        [-0.03459351,  0.02809166,  0.        , ...,  0.98937394,
          0.98368952,  0.99782044],
        ...,
        [-0.99381143, -0.98489915, -0.98937394, ...,  0.        ,
         -0.03494157,  0.07978998],
        [-0.98932325, -0.97824833, -0.98368952, ...,  0.03494157,
          0.        ,  0.11457141],
        [-0.99950596, -0.99557295, -0.99782044, ..., -0.07978998,
         -0.11457141,  0.        ]],

       ...,

       [[ 0.        ,  0.2614148 , -0.57240273, ..., -0.98908456,
         -0.88725036, -0.94536382],
        [-0.2614148 ,  0.        , -0.7668513 , ..., -0.9932099 ,
         -0.97698517, -0.997716  ],
        [ 0.57240273,  0.7668513 ,  0.        , ..., -0.72667926,
         -0.46347838, -0.58855929],
        ...,
        [ 0.98908456,  0.9932099 ,  0.72667926, ...,  0.        ,
          0.32551753,  0.18316017],
        [ 0.88725036,  0.97698517,  0.46347838, ..., -0.32551753,
          0.        , -0.14682624],
        [ 0.94536382,  0.997716  ,  0.58855929, ..., -0.18316017,
          0.14682624,  0.        ]],

       [[ 0.        ,  0.11113053,  0.1623148 , ...,  0.81160679,
          0.83389283,  0.81436173],
        [-0.11113053,  0.        ,  0.05165257, ...,  0.87150246,
          0.89006342,  0.87381288],
        [-0.1623148 , -0.05165257,  0.        , ...,  0.89566906,
          0.91242043,  0.89776314],
        ...,
        [-0.81160679, -0.87150246, -0.89566906, ...,  0.        ,
         -0.03921641, -0.00473128],
        [-0.83389283, -0.89006342, -0.91242043, ...,  0.03921641,
          0.        ,  0.03448833],
        [-0.81436173, -0.87381288, -0.89776314, ...,  0.00473128,
         -0.03448833,  0.        ]],

       [[ 0.        ,  0.44252514,  0.59075407, ...,  0.55086719,
          0.40397942,  0.        ],
        [-0.44252514,  0.        ,  0.17271017, ...,  0.86332186,
          0.76707888,  0.44252514],
        [-0.59075407, -0.17271017,  0.        , ...,  0.93750728,
          0.86635444,  0.59075407],
        ...,
        [-0.55086719, -0.86332186, -0.93750728, ...,  0.        ,
          0.16675736,  0.55086719],
        [-0.40397942, -0.76707888, -0.86635444, ..., -0.16675736,
          0.        ,  0.40397942],
        [-0.        , -0.44252514, -0.59075407, ..., -0.55086719,
         -0.40397942,  0.        ]]]), 'num': array([7.07087770e-01, 7.07087770e-01, 0.00000000e+00, 0.00000000e+00,
       1.57851398e-03, 1.58283868e-03, 1.53094233e-03, 5.92163303e-03,
       2.59481751e-05, 1.53310468e-03, 1.51623836e-03, 1.45129585e-03,
       1.47852849e-06, 1.58245848e-03, 1.45001825e-03])}
{'img': array([[[ 0.        , -0.20633168,  0.1030266 , ...,  0.90894116,
          0.99737471,  0.83016208],
        [ 0.20633168,  0.        ,  0.30604339, ...,  0.97540738,
          0.99085448,  0.69726427],
        [-0.1030266 , -0.30604339,  0.        , ...,  0.86115001,
          0.98460678,  0.88318407],
        ...,
        [-0.90894116, -0.97540738, -0.86115001, ...,  0.        ,
          0.3500104 ,  0.85286965],
        [-0.99737471, -0.99085448, -0.98460678, ..., -0.3500104 ,
          0.        ,  0.61617328],
        [-0.83016208, -0.69726427, -0.88318407, ..., -0.85286965,
         -0.61617328,  0.        ]],

       [[ 0.        , -0.20262877,  0.20056505, ...,  0.20908759,
          0.82020267,  0.70702416],
        [ 0.20262877,  0.        ,  0.39491589, ...,  0.40290025,
          0.68726961,  0.8356543 ],
        [-0.20056505, -0.39491589,  0.        , ...,  0.00870706,
          0.91827433,  0.55082022],
        ...,
        [-0.20908759, -0.40290025, -0.00870706, ...,  0.        ,
          0.92168704,  0.54353221],
        [-0.82020267, -0.68726961, -0.91827433, ..., -0.92168704,
          0.        , -0.9845081 ],
        [-0.70702416, -0.8356543 , -0.55082022, ..., -0.54353221,
          0.9845081 ,  0.        ]],

       [[ 0.        , -0.02809166, -0.02242332, ...,  0.97824833,
          0.99557295,  0.98042099],
        [ 0.02809166,  0.        ,  0.00567013, ...,  0.98368952,
          0.99782044,  0.97450246],
        [ 0.02242332, -0.00567013,  0.        , ...,  0.98265379,
          0.99743024,  0.97575904],
        ...,
        [-0.97824833, -0.98368952, -0.98265379, ...,  0.        ,
          0.11457141,  0.39600552],
        [-0.99557295, -0.99782044, -0.99743024, ..., -0.11457141,
          0.        ,  0.28819284],
        [-0.98042099, -0.97450246, -0.97575904, ..., -0.39600552,
         -0.28819284,  0.        ]],

       ...,

       [[ 0.        , -0.7668513 , -0.71688817, ..., -0.97698517,
         -0.997716  , -0.865721  ],
        [ 0.7668513 ,  0.        ,  0.07452305, ..., -0.46347838,
         -0.58855929, -0.17181153],
        [ 0.71688817, -0.07452305,  0.        , ..., -0.52822507,
         -0.64717113, -0.24474865],
        ...,
        [ 0.97698517,  0.46347838,  0.52822507, ...,  0.        ,
         -0.14682624,  0.30434277],
        [ 0.997716  ,  0.58855929,  0.64717113, ...,  0.14682624,
          0.        ,  0.44090558],
        [ 0.865721  ,  0.17181153,  0.24474865, ..., -0.30434277,
         -0.44090558,  0.        ]],

       [[ 0.        ,  0.05165257,  0.15827895, ...,  0.89006342,
          0.87381288,  0.81267912],
        [-0.05165257,  0.        ,  0.10706621, ...,  0.91242043,
          0.89776314,  0.84169283],
        [-0.15827895, -0.10706621,  0.        , ...,  0.95099303,
          0.93976307,  0.89466581],
        ...,
        [-0.89006342, -0.91242043, -0.95099303, ...,  0.        ,
          0.03448833,  0.14820118],
        [-0.87381288, -0.89776314, -0.93976307, ..., -0.03448833,
          0.        ,  0.11400553],
        [-0.81267912, -0.84169283, -0.89466581, ..., -0.14820118,
         -0.11400553,  0.        ]],

       [[ 0.        ,  0.41563893,  0.55560028, ...,  0.5681483 ,
          0.41746157,  0.        ],
        [-0.41563893,  0.        ,  0.15975216, ...,  0.85878791,
          0.75738254,  0.41563893],
        [-0.55560028, -0.15975216,  0.        , ...,  0.92960466,
          0.85196919,  0.55560028],
        ...,
        [-0.5681483 , -0.85878791, -0.92960466, ...,  0.        ,
          0.17273322,  0.5681483 ],
        [-0.41746157, -0.75738254, -0.85196919, ..., -0.17273322,
          0.        ,  0.41746157],
        [-0.        , -0.41563893, -0.55560028, ..., -0.5681483 ,
         -0.41746157,  0.        ]]]), 'num': array([ 7.07080896e-01,  7.07080896e-01,  0.00000000e+00,  0.00000000e+00,
        1.56120002e-03,  1.62606983e-03,  1.55255071e-03,  7.36711262e-03,
       -1.72986152e-05,  1.54433387e-03,  1.52065639e-03,  1.45416484e-03,
        1.15918555e-06,  1.58645476e-03,  1.45485803e-03])}
{'img': array([[[ 0.        ,  0.30604339,  0.28680009, ...,  0.99085448,
          0.69726427,  0.96624009],
        [-0.30604339,  0.        , -0.02014792, ...,  0.98460678,
          0.88318407,  0.99872758],
        [-0.28680009,  0.02014792,  0.        , ...,  0.98792845,
          0.87355488,  0.99954091],
        ...,
        [-0.99085448, -0.98460678, -0.98792845, ...,  0.        ,
          0.61617328,  0.12490761],
        [-0.69726427, -0.88318407, -0.87355488, ..., -0.61617328,
          0.        , -0.51296909],
        [-0.96624009, -0.99872758, -0.99954091, ..., -0.12490761,
          0.51296909,  0.        ]],

       [[ 0.        ,  0.39491589,  0.39935144, ...,  0.68726961,
          0.8356543 ,  0.91465282],
        [-0.39491589,  0.        ,  0.004833  , ...,  0.91827433,
          0.55082022,  0.68066643],
        [-0.39935144, -0.004833  ,  0.        , ...,  0.9201772 ,
          0.54678005,  0.67711786],
        ...,
        [-0.68726961, -0.91827433, -0.9201772 , ...,  0.        ,
         -0.9845081 , -0.9422281 ],
        [-0.8356543 , -0.55082022, -0.54678005, ...,  0.9845081 ,
          0.        ,  0.16457319],
        [-0.91465282, -0.68066643, -0.67711786, ...,  0.9422281 ,
         -0.16457319,  0.        ]],

       [[ 0.        ,  0.00565497,  0.04452491, ...,  0.9971949 ,
          0.97799567,  0.77040519],
        [-0.00565497,  0.        ,  0.03887483, ...,  0.99675569,
          0.9791598 ,  0.77399822],
        [-0.04452491, -0.03887483,  0.        , ...,  0.99287333,
          0.98631478,  0.79802821],
        ...,
        [-0.9971949 , -0.99675569, -0.99287333, ...,  0.        ,
          0.28124164,  0.69342998],
        [-0.97799567, -0.9791598 , -0.98631478, ..., -0.28124164,
          0.        ,  0.4627997 ],
        [-0.77040519, -0.77399822, -0.79802821, ..., -0.69342998,
         -0.4627997 ,  0.        ]],

       ...,

       [[ 0.        ,  0.1890454 , -0.22634702, ..., -0.7769999 ,
         -0.29212698, -0.91288564],
        [-0.1890454 ,  0.        , -0.40640467, ..., -0.88199353,
         -0.4676586 , -0.97359605],
        [ 0.22634702,  0.40640467,  0.        , ..., -0.6143486 ,
         -0.06807167, -0.79679493],
        ...,
        [ 0.7769999 ,  0.88199353,  0.6143486 , ...,  0.        ,
          0.55921267, -0.25747885],
        [ 0.29212698,  0.4676586 ,  0.06807167, ..., -0.55921267,
          0.        , -0.75381442],
        [ 0.91288564,  0.97359605,  0.79679493, ...,  0.25747885,
          0.75381442,  0.        ]],

       [[ 0.        ,  0.10682006,  0.16127202, ...,  0.90560894,
          0.85539161,  0.6640209 ],
        [-0.10682006,  0.        ,  0.0549275 , ...,  0.94573123,
          0.90582823,  0.74009247],
        [-0.16127202, -0.0549275 ,  0.        , ...,  0.96215219,
          0.92773051,  0.77591421],
        ...,
        [-0.90560894, -0.94573123, -0.96215219, ...,  0.        ,
          0.10630567,  0.39551612],
        [-0.85539161, -0.90582823, -0.92773051, ..., -0.10630567,
          0.        ,  0.29563753],
        [-0.6640209 , -0.74009247, -0.77591421, ..., -0.39551612,
         -0.29563753,  0.        ]],

       [[ 0.        ,  0.39240137,  0.57601958, ...,  0.49704331,
          0.27474558,  0.        ],
        [-0.39240137,  0.        ,  0.20905643, ...,  0.79767426,
          0.63000994,  0.39240137],
        [-0.57601958, -0.20905643,  0.        , ...,  0.90612805,
          0.7784395 ,  0.57601958],
        ...,
        [-0.49704331, -0.79767426, -0.90612805, ...,  0.        ,
          0.23951176,  0.49704331],
        [-0.27474558, -0.63000994, -0.7784395 , ..., -0.23951176,
          0.        ,  0.27474558],
        [-0.        , -0.39240137, -0.57601958, ..., -0.49704331,
         -0.27474558,  0.        ]]]), 'num': array([ 7.11026954e-01,  7.03091372e-01,  1.08706590e-07, -3.39084775e-12,
        1.58711621e-03,  1.62625058e-03,  1.57189729e-03,  9.15853019e-03,
        1.73930544e-05,  1.56667937e-03,  1.53504575e-03,  1.46561848e-03,
        1.29156344e-06,  1.59904763e-03,  1.47104388e-03])}
{'img': array([[[ 0.        , -0.02014792, -0.19003888, ...,  0.88318407,
          0.99872758,  0.88318407],
        [ 0.02014792,  0.        , -0.17021955, ...,  0.87355488,
          0.99954091,  0.87355488],
        [ 0.19003888,  0.17021955,  0.        , ...,  0.77795614,
          0.99011107,  0.77795614],
        ...,
        [-0.88318407, -0.87355488, -0.77795614, ...,  0.        ,
         -0.51296909,  0.        ],
        [-0.99872758, -0.99954091, -0.99011107, ...,  0.51296909,
          0.        ,  0.51296909],
        [-0.88318407, -0.87355488, -0.77795614, ...,  0.        ,
         -0.51296909,  0.        ]],

       [[ 0.        ,  0.004833  , -0.09573716, ...,  0.55082022,
          0.68066643,  0.80532421],
        [-0.004833  ,  0.        , -0.10054684, ...,  0.54678005,
          0.67711786,  0.80244963],
        [ 0.09573716,  0.10054684,  0.        , ...,  0.62819463,
          0.74767631,  0.85838138],
        ...,
        [-0.55082022, -0.54678005, -0.62819463, ...,  0.        ,
          0.16457319,  0.34559753],
        [-0.68066643, -0.67711786, -0.74767631, ..., -0.16457319,
          0.        ,  0.18645261],
        [-0.80532421, -0.80244963, -0.85838138, ..., -0.34559753,
         -0.18645261,  0.        ]],

       [[ 0.        ,  0.03729828,  0.0477408 , ...,  0.99989375,
          0.98002929,  0.75376605],
        [-0.03729828,  0.        ,  0.01045183, ...,  0.9997417 ,
          0.98676425,  0.77775186],
        [-0.0477408 , -0.01045183,  0.        , ...,  0.99944956,
          0.98840523,  0.7842791 ],
        ...,
        [-0.99989375, -0.9997417 , -0.99944956, ...,  0.        ,
          0.1845459 ,  0.64608519],
        [-0.98002929, -0.98676425, -0.98840523, ..., -0.1845459 ,
          0.        ,  0.49413048],
        [-0.75376605, -0.77775186, -0.7842791 , ..., -0.64608519,
         -0.49413048,  0.        ]],

       ...,

       [[ 0.        , -0.40640467, -0.63605725, ..., -0.4676586 ,
         -0.97359605, -0.86149908],
        [ 0.40640467,  0.        , -0.26756232, ..., -0.06807167,
         -0.79679493, -0.58079016],
        [ 0.63605725,  0.26756232,  0.        , ...,  0.20135188,
         -0.60606975, -0.34180489],
        ...,
        [ 0.4676586 ,  0.06807167, -0.20135188, ...,  0.        ,
         -0.75381442, -0.52402902],
        [ 0.97359605,  0.79679493,  0.60606975, ...,  0.75381442,
          0.        ,  0.29769121],
        [ 0.86149908,  0.58079016,  0.34180489, ...,  0.52402902,
         -0.29769121,  0.        ]],

       [[ 0.        ,  0.05421774,  0.06281393, ...,  0.94657795,
          0.89871033,  0.7336867 ],
        [-0.05421774,  0.        ,  0.00861087, ...,  0.96266953,
          0.92116525,  0.76944785],
        [-0.06281393, -0.00861087,  0.        , ...,  0.96496462,
          0.9244822 ,  0.77491916],
        ...,
        [-0.94657795, -0.96266953, -0.96496462, ...,  0.        ,
          0.12530319,  0.40659258],
        [-0.89871033, -0.92116525, -0.9244822 , ..., -0.12530319,
          0.        ,  0.28890982],
        [-0.7336867 , -0.76944785, -0.77491916, ..., -0.40659258,
         -0.28890982,  0.        ]],

       [[ 0.        ,  0.44231931,  0.60710137, ...,  0.44461097,
          0.35595884,  0.        ],
        [-0.44231931,  0.        ,  0.1930058 , ...,  0.79494867,
          0.73259252,  0.44231931],
        [-0.60710137, -0.1930058 ,  0.        , ...,  0.89709386,
          0.8501908 ,  0.60710137],
        ...,
        [-0.44461097, -0.79494867, -0.89709386, ...,  0.        ,
          0.09664889,  0.44461097],
        [-0.35595884, -0.73259252, -0.8501908 , ..., -0.09664889,
          0.        ,  0.35595884],
        [-0.        , -0.44231931, -0.60710137, ..., -0.44461097,
         -0.35595884,  0.        ]]]), 'num': array([ 9.99878175e-01,  2.21467607e-03,  1.44798766e-05, -6.26075435e-11,
        2.23190939e-03,  2.38739800e-03,  2.21895201e-03,  1.40429860e-02,
       -1.32813186e-04,  2.32520256e-03,  2.28762614e-03,  2.18596467e-03,
        1.21166377e-06,  2.38174796e-03,  2.19350433e-03])}
