state_0,state_1,state_2,state_3,state_4,state_5,state_6,state_7,state_8,state_9,state_10,state_11,state_12,state_13,state_14,state_15,state_16,state_17,state_18,state_19,state_20,state_21,state_22,state_23,state_24,state_25,state_26,state_27,state_28,state_29,state_30,state_31,state_32,state_33,state_34,state_35,state_36,state_37,state_38,state_39,state_40,state_41,state_42,state_43,state_44,state_45,state_46,state_47,state_48,state_49,state_50,state_51,state_52,state_53,state_54,state_55,state_56,state_57,state_58,state_59,state_60,state_61,state_62,state_63,state_64,state_65,state_66,state_67,state_68,state_69,state_70,state_71,state_72,state_73,state_74,state_75,state_76,state_77,state_78,state_79,state_80,state_81,state_82,state_83,state_84,state_85,state_86,state_87,state_88,state_89,state_90,state_91,state_92,state_93,state_94,state_95,state_96,state_97,state_98,state_99,state_100,state_101,state_102,state_103,state_104,state_105,state_106,state_107,state_108,state_109,state_110,state_111,state_112,state_113,state_114,state_115,state_116,state_117,state_118,state_119,state_120,state_121,state_122,state_123,state_124,state_125,state_126,state_127,state_128,state_129,state_130,state_131,state_132,state_133,state_134,state_135,state_136,state_137,state_138,state_139,state_140,state_141,state_142,state_143,state_144,state_145,state_146,state_147,state_148,state_149,state_150,state_151,state_152,state_153,state_154,state_155,state_156,state_157,state_158,state_159,state_160,state_161,state_162,state_163,state_164,state_165,state_166,state_167,state_168,state_169,state_170,state_171,state_172,state_173,state_174,state_175,state_176,state_177,state_178,state_179,state_180,state_181,state_182,state_183,state_184,state_185,state_186,state_187,state_188,state_189,state_190,state_191,state_192,state_193,state_194,state_195,state_196,state_197,state_198,state_199,state_200,state_201,state_202,state_203,state_204,state_205,state_206,state_207,state_208,state_209,state_210,state_211,state_212,state_213,state_214,state_215,state_216,state_217,state_218,state_219,state_220,state_221,state_222,state_223,state_224,state_225,state_226,state_227,state_228,state_229,state_230,state_231,state_232,state_233,state_234,state_235,state_236,state_237,state_238,state_239,state_240,state_241,state_242,state_243,state_244,state_245,state_246,state_247,state_248,state_249,state_250,state_251,state_252,state_253,state_254,state_255,state_256,state_257,state_258,state_259,state_260,state_261,state_262,state_263,state_264,state_265,state_266,state_267,state_268,state_269,state_270,state_271,state_272,state_273,state_274,state_275,state_276,state_277,state_278,state_279,state_280,state_281,state_282,state_283,state_284,state_285,state_286,state_287
{'img': array([[[ 0.        ,  0.        ,  0.2120167 , ...,  0.58989771,
          0.42667533,  0.70023848],
        [ 0.        ,  0.        ,  0.2120167 , ...,  0.58989771,
          0.42667533,  0.70023848],
        [-0.2120167 , -0.2120167 ,  0.        , ...,  0.40528818,
          0.22522638,  0.53295866],
        ...,
        [-0.58989771, -0.58989771, -0.40528818, ...,  0.        ,
         -0.18897542,  0.14429387],
        [-0.42667533, -0.42667533, -0.22522638, ...,  0.18897542,
          0.        ,  0.32869173],
        [-0.70023848, -0.70023848, -0.53295866, ..., -0.14429387,
         -0.32869173,  0.        ]],

       [[ 0.        ,  0.80928177,  0.70721644, ..., -0.2743854 ,
          0.78503124,  0.03405728],
        [-0.80928177,  0.        , -0.15672632, ..., -0.93940103,
         -0.04017102, -0.78880634],
        [-0.70721644,  0.15672632,  0.        , ..., -0.87406303,
          0.11692522, -0.68272778],
        ...,
        [ 0.2743854 ,  0.93940103,  0.87406303, ...,  0.        ,
          0.92487132,  0.30697638],
        [-0.78503124,  0.04017102, -0.11692522, ..., -0.92487132,
          0.        , -0.76347884],
        [-0.03405728,  0.78880634,  0.68272778, ..., -0.30697638,
          0.76347884,  0.        ]],

       [[ 0.        ,  0.02499805,  0.08745893, ...,  0.96581582,
          0.85651837,  0.81972354],
        [-0.02499805,  0.        ,  0.06252935, ...,  0.95903378,
          0.84334881,  0.80514951],
        [-0.08745893, -0.06252935,  0.        , ...,  0.93944303,
          0.8080973 ,  0.76648953],
        ...,
        [-0.96581582, -0.95903378, -0.93944303, ...,  0.        ,
         -0.27643891, -0.34068378],
        [-0.85651837, -0.84334881, -0.8080973 , ...,  0.27643891,
          0.        , -0.06750608],
        [-0.81972354, -0.80514951, -0.76648953, ...,  0.34068378,
          0.06750608,  0.        ]],

       ...,

       [[ 0.        , -0.20831899,  0.15098201, ...,  0.74535919,
          0.34826303,  0.53937949],
        [ 0.20831899,  0.        ,  0.35360053, ...,  0.86788529,
          0.53590002,  0.70296368],
        [-0.15098201, -0.35360053,  0.        , ...,  0.63616064,
          0.20274066,  0.40605999],
        ...,
        [-0.74535919, -0.86788529, -0.63616064, ...,  0.        ,
         -0.46652326, -0.26805485],
        [-0.34826303, -0.53590002, -0.20274066, ...,  0.46652326,
          0.        ,  0.2123533 ],
        [-0.53937949, -0.70296368, -0.40605999, ...,  0.26805485,
         -0.2123533 ,  0.        ]],

       [[ 0.        , -0.48465823, -0.71232428, ..., -0.9774579 ,
         -0.96939559, -0.97061875],
        [ 0.48465823,  0.        , -0.282915  , ..., -0.75265984,
         -0.72894831, -0.73238399],
        [ 0.71232428,  0.282915  ,  0.        , ..., -0.53563597,
         -0.50549235, -0.50982792],
        ...,
        [ 0.9774579 ,  0.75265984,  0.53563597, ...,  0.        ,
          0.03530086,  0.03027131],
        [ 0.96939559,  0.72894831,  0.50549235, ..., -0.03530086,
          0.        , -0.00503223],
        [ 0.97061875,  0.73238399,  0.50982792, ..., -0.03027131,
          0.00503223,  0.        ]],

       [[ 0.        , -0.04224845, -0.02672604, ...,  0.98790595,
          0.97513968,  0.98444741],
        [ 0.04224845,  0.        ,  0.01553118, ...,  0.98047308,
          0.98363089,  0.99099062],
        [ 0.02672604, -0.01553118,  0.        , ...,  0.98340908,
          0.98071361,  0.98879097],
        ...,
        [-0.98790595, -0.98047308, -0.98340908, ...,  0.        ,
         -0.37011071, -0.32619766],
        [-0.97513968, -0.98363089, -0.98071361, ...,  0.37011071,
          0.        ,  0.04683265],
        [-0.98444741, -0.99099062, -0.98879097, ...,  0.32619766,
         -0.04683265,  0.        ]]]), 'num': array([7.07097307e-01, 7.07097307e-01, 0.00000000e+00, 0.00000000e+00,
       1.35677111e-04, 1.35677111e-04, 1.33425208e-04, 5.16275614e-03,
       1.68892669e-06, 1.33875589e-04, 1.34663755e-04, 1.28668065e-04,
       6.03188103e-07, 1.37480883e-04, 1.31846626e-04])}
{'img': array([[[ 0.        ,  0.2120167 ,  0.05277808, ...,  0.42667533,
          0.70023848,  0.8699918 ],
        [-0.2120167 ,  0.        , -0.16014297, ...,  0.22522638,
          0.53295866,  0.74567518],
        [-0.05277808,  0.16014297,  0.        , ...,  0.3783479 ,
          0.66158378,  0.84275617],
        ...,
        [-0.42667533, -0.22522638, -0.3783479 , ...,  0.        ,
          0.32869173,  0.57644564],
        [-0.70023848, -0.53295866, -0.66158378, ..., -0.32869173,
          0.        ,  0.27583107],
        [-0.8699918 , -0.74567518, -0.84275617, ..., -0.57644564,
         -0.27583107,  0.        ]],

       [[ 0.        , -0.15672632, -0.98899686, ..., -0.04017102,
         -0.78880634, -0.99990519],
        [ 0.15672632,  0.        , -0.95358937, ...,  0.11692522,
         -0.68272778, -0.98539036],
        [ 0.98899686,  0.95358937,  0.        , ...,  0.9822558 ,
          0.49118559, -0.13430426],
        ...,
        [ 0.04017102, -0.11692522, -0.9822558 , ...,  0.        ,
         -0.76347884, -0.99854494],
        [ 0.78880634,  0.68272778, -0.49118559, ...,  0.76347884,
          0.        , -0.6037219 ],
        [ 0.99990519,  0.98539036,  0.13430426, ...,  0.99854494,
          0.6037219 ,  0.        ]],

       [[ 0.        ,  0.06252935,  0.08755484, ...,  0.84334881,
          0.80514951,  0.80514951],
        [-0.06252935,  0.        ,  0.0250943 , ...,  0.8080973 ,
          0.76648953,  0.76648953],
        [-0.08755484, -0.0250943 ,  0.        , ...,  0.79306105,
          0.75013117,  0.75013117],
        ...,
        [-0.84334881, -0.8080973 , -0.79306105, ...,  0.        ,
         -0.06750608, -0.06750608],
        [-0.80514951, -0.76648953, -0.75013117, ...,  0.06750608,
          0.        ,  0.        ],
        [-0.80514951, -0.76648953, -0.75013117, ...,  0.06750608,
          0.        ,  0.        ]],

       ...,

       [[ 0.        ,  0.35360053,  0.32490497, ...,  0.53590002,
          0.70296368,  0.8639724 ],
        [-0.35360053,  0.        , -0.03050154, ...,  0.20274066,
          0.40605999,  0.63010506],
        [-0.32490497,  0.03050154,  0.        , ...,  0.23251442,
          0.43374478,  0.65349663],
        ...,
        [-0.53590002, -0.20274066, -0.23251442, ...,  0.        ,
          0.2123533 ,  0.45958921],
        [-0.70296368, -0.40605999, -0.43374478, ..., -0.2123533 ,
          0.        ,  0.26050966],
        [-0.8639724 , -0.63010506, -0.65349663, ..., -0.45958921,
         -0.26050966,  0.        ]],

       [[ 0.        , -0.57862432, -0.76386444, ..., -0.94441782,
         -0.94621449, -0.94137366],
        [ 0.57862432,  0.        , -0.24957274, ..., -0.58004035,
         -0.58451893, -0.57257089],
        [ 0.76386444,  0.24957274,  0.        , ..., -0.35838668,
         -0.36352409, -0.34983898],
        ...,
        [ 0.94441782,  0.58004035,  0.35838668, ...,  0.        ,
         -0.00550878,  0.00913987],
        [ 0.94621449,  0.58451893,  0.36352409, ...,  0.00550878,
          0.        ,  0.01464828],
        [ 0.94137366,  0.57257089,  0.34983898, ..., -0.00913987,
         -0.01464828,  0.        ]],

       [[ 0.        ,  0.01553118,  0.01385918, ...,  0.98363089,
          0.99099062,  0.99178272],
        [-0.01553118,  0.        , -0.00167218, ...,  0.98071361,
          0.98879097,  0.98967614],
        [-0.01385918,  0.00167218,  0.        , ...,  0.98103907,
          0.98903926,  0.98991441],
        ...,
        [-0.98363089, -0.98071361, -0.98103907, ...,  0.        ,
          0.04683265,  0.05287484],
        [-0.99099062, -0.98879097, -0.98903926, ..., -0.04683265,
          0.        ,  0.00604969],
        [-0.99178272, -0.98967614, -0.98991441, ..., -0.05287484,
         -0.00604969,  0.        ]]]), 'num': array([ 7.07104089e-01,  7.07104089e-01,  0.00000000e+00,  0.00000000e+00,
        1.34552450e-04,  1.36241393e-04,  1.34552450e-04,  2.73309242e-03,
       -1.12596193e-06,  1.33651681e-04,  1.34665046e-04,  1.28800661e-04,
        5.22768037e-07,  1.37482202e-04,  1.31847890e-04])}
{'img': array([[[ 0.        , -0.16014297,  0.        , ...,  0.53295866,
          0.74567518,  0.60012472],
        [ 0.16014297,  0.        ,  0.16014297, ...,  0.66158378,
          0.84275617,  0.7204788 ],
        [ 0.        , -0.16014297,  0.        , ...,  0.53295866,
          0.74567518,  0.60012472],
        ...,
        [-0.53295866, -0.66158378, -0.53295866, ...,  0.        ,
          0.27583107,  0.08147323],
        [-0.74567518, -0.84275617, -0.74567518, ..., -0.27583107,
          0.        , -0.19660151],
        [-0.60012472, -0.7204788 , -0.60012472, ..., -0.08147323,
          0.19660151,  0.        ]],

       [[ 0.        , -0.90911842, -0.71440797, ..., -0.64832946,
         -0.94474373, -0.95965731],
        [ 0.90911842,  0.        ,  0.338559  , ...,  0.42211261,
         -0.09550348, -0.6553524 ],
        [ 0.71440797, -0.338559  ,  0.        , ...,  0.09026639,
         -0.42687501, -0.87237216],
        ...,
        [ 0.64832946, -0.42211261, -0.09026639, ...,  0.        ,
         -0.50676122, -0.91293687],
        [ 0.94474373,  0.09550348,  0.42687501, ...,  0.50676122,
          0.        , -0.58022085],
        [ 0.95965731,  0.6553524 ,  0.87237216, ...,  0.91293687,
          0.58022085,  0.        ]],

       [[ 0.        ,  0.0250943 ,  0.05023619, ...,  0.76648953,
          0.76648953,  0.73905843],
        [-0.0250943 ,  0.        ,  0.02515776, ...,  0.75013117,
          0.75013117,  0.72192114],
        [-0.05023619, -0.02515776,  0.        , ...,  0.7332572 ,
          0.7332572 ,  0.7042841 ],
        ...,
        [-0.76648953, -0.75013117, -0.7332572 , ...,  0.        ,
          0.        , -0.04167372],
        [-0.76648953, -0.75013117, -0.7332572 , ...,  0.        ,
          0.        , -0.04167372],
        [-0.73905843, -0.72192114, -0.7042841 , ...,  0.04167372,
          0.04167372,  0.        ]],

       ...,

       [[ 0.        , -0.03050154,  0.36232522, ...,  0.40605999,
          0.63010506,  0.45865098],
        [ 0.03050154,  0.        ,  0.39058565, ...,  0.43374478,
          0.65349663,  0.48554175],
        [-0.36232522, -0.39058565,  0.        , ...,  0.04735931,
          0.3059414 ,  0.10551827],
        ...,
        [-0.40605999, -0.43374478, -0.04735931, ...,  0.        ,
          0.26050966,  0.05830495],
        [-0.63010506, -0.65349663, -0.3059414 , ..., -0.26050966,
          0.        , -0.20377473],
        [-0.45865098, -0.48554175, -0.10551827, ..., -0.05830495,
          0.20377473,  0.        ]],

       [[ 0.        , -0.58296967, -0.80576461, ..., -0.88896817,
         -0.8809556 , -0.8809556 ],
        [ 0.58296967,  0.        , -0.30942327, ..., -0.45529921,
         -0.43991045, -0.43991045],
        [ 0.80576461,  0.30942327,  0.        , ..., -0.15746369,
         -0.14044661, -0.14044661],
        ...,
        [ 0.88896817,  0.45529921,  0.15746369, ...,  0.        ,
          0.01720844,  0.01720844],
        [ 0.8809556 ,  0.43991045,  0.14044661, ..., -0.01720844,
          0.        ,  0.        ],
        [ 0.8809556 ,  0.43991045,  0.14044661, ..., -0.01720844,
          0.        ,  0.        ]],

       [[ 0.        , -0.00167218,  0.03822009, ...,  0.98879097,
          0.98967614,  0.98967614],
        [ 0.00167218,  0.        ,  0.039891  , ...,  0.98903926,
          0.98991441,  0.98991441],
        [-0.03822009, -0.039891  ,  0.        , ...,  0.982362  ,
          0.98347525,  0.98347525],
        ...,
        [-0.98879097, -0.98903926, -0.982362  , ...,  0.        ,
          0.00604969,  0.00604969],
        [-0.98967614, -0.98991441, -0.98347525, ..., -0.00604969,
          0.        ,  0.        ],
        [-0.98967614, -0.98991441, -0.98347525, ..., -0.00604969,
          0.        ,  0.        ]]]), 'num': array([ 7.36605509e-01,  6.76294020e-01,  5.00510284e-06, -1.35133820e-11,
        1.41244705e-04,  1.41244705e-04,  1.39486473e-04,  6.21017219e-03,
        1.17215523e-06,  1.39720904e-04,  1.40306981e-04,  1.34202006e-04,
        5.44214929e-07,  1.43211467e-04,  1.37402495e-04])}
{'img': array([[[ 0.        ,  0.16014297,  0.26851541, ...,  0.84275617,
          0.7204788 ,  0.84275617],
        [-0.16014297,  0.        ,  0.11078812, ...,  0.74567518,
          0.60012472,  0.74567518],
        [-0.26851541, -0.11078812,  0.        , ...,  0.66726565,
          0.50781025,  0.66726565],
        ...,
        [-0.84275617, -0.74567518, -0.66726565, ...,  0.        ,
         -0.19660151,  0.        ],
        [-0.7204788 , -0.60012472, -0.50781025, ...,  0.19660151,
          0.        ,  0.19660151],
        [-0.84275617, -0.74567518, -0.66726565, ...,  0.        ,
         -0.19660151,  0.        ]],

       [[ 0.        ,  0.338559  ,  0.90187669, ..., -0.09550348,
         -0.6553524 ,  0.00328297],
        [-0.338559  ,  0.        ,  0.70236121, ..., -0.42687501,
         -0.87237216, -0.33546808],
        [-0.90187669, -0.70236121,  0.        , ..., -0.93901119,
         -0.96431646, -0.90045361],
        ...,
        [ 0.09550348,  0.42687501,  0.93901119, ...,  0.        ,
         -0.58022085,  0.09877092],
        [ 0.6553524 ,  0.87237216,  0.96431646, ...,  0.58022085,
          0.        ,  0.65782857],
        [-0.00328297,  0.33546808,  0.90045361, ..., -0.09877092,
         -0.65782857,  0.        ]],

       [[ 0.        ,  0.02515776,  0.1010179 , ...,  0.75013117,
          0.72192114,  0.79306105],
        [-0.02515776,  0.        ,  0.07595686, ...,  0.7332572 ,
          0.7042841 ,  0.77748539],
        [-0.1010179 , -0.07595686,  0.        , ...,  0.67949193,
          0.64832634,  0.72746998],
        ...,
        [-0.75013117, -0.7332572 , -0.67949193, ...,  0.        ,
         -0.04167372,  0.06750608],
        [-0.72192114, -0.7042841 , -0.64832634, ...,  0.04167372,
          0.        ,  0.10902609],
        [-0.79306105, -0.77748539, -0.72746998, ..., -0.06750608,
         -0.10902609,  0.        ]],

       ...,

       [[ 0.        ,  0.39058565,  0.43374478, ...,  0.65349663,
          0.48554175,  0.48554175],
        [-0.39058565,  0.        ,  0.04735931, ...,  0.3059414 ,
          0.10551827,  0.10551827],
        [-0.43374478, -0.04735931,  0.        , ...,  0.26050966,
          0.05830495,  0.05830495],
        ...,
        [-0.65349663, -0.3059414 , -0.26050966, ...,  0.        ,
         -0.20377473, -0.20377473],
        [-0.48554175, -0.10551827, -0.05830495, ...,  0.20377473,
          0.        ,  0.        ],
        [-0.48554175, -0.10551827, -0.05830495, ...,  0.20377473,
          0.        ,  0.        ]],

       [[ 0.        , -0.65346598, -0.82507003, ..., -0.78014056,
         -0.78014056, -0.76774742],
        [ 0.65346598,  0.        , -0.25531341, ..., -0.18172088,
         -0.18172088, -0.16244089],
        [ 0.82507003,  0.25531341,  0.        , ...,  0.07536413,
          0.07536413,  0.09486508],
        ...,
        [ 0.78014056,  0.18172088, -0.07536413, ...,  0.        ,
          0.        ,  0.01957104],
        [ 0.78014056,  0.18172088, -0.07536413, ...,  0.        ,
          0.        ,  0.01957104],
        [ 0.76774742,  0.16244089, -0.09486508, ..., -0.01957104,
         -0.01957104,  0.        ]],

       [[ 0.        ,  0.039891  ,  0.07872715, ...,  0.98991441,
          0.98991441,  0.99593752],
        [-0.039891  ,  0.        ,  0.0388973 , ...,  0.98347525,
          0.98347525,  0.99155272],
        [-0.07872715, -0.0388973 ,  0.        , ...,  0.9756889 ,
          0.9756889 ,  0.98575718],
        ...,
        [-0.98991441, -0.98347525, -0.9756889 , ...,  0.        ,
          0.        ,  0.05195234],
        [-0.98991441, -0.98347525, -0.9756889 , ...,  0.        ,
          0.        ,  0.05195234],
        [-0.99593752, -0.99155272, -0.98575718, ..., -0.05195234,
         -0.05195234,  0.        ]]]), 'num': array([7.35978492e-01, 6.76988296e-01, 4.89545199e-06, 7.79511922e-10,
       1.41124872e-04, 1.41710452e-04, 1.39953711e-04, 4.72754267e-03,
       0.00000000e+00, 1.40539291e-04, 1.40392896e-04, 1.34234543e-04,
       6.09003596e-07, 1.42928534e-04, 1.37857259e-04])}
{'img': array([[[ 0.        ,  0.11078812, -0.2120167 , ...,  0.60012472,
          0.74567518,  0.74567518],
        [-0.11078812,  0.        , -0.318981  , ...,  0.50781025,
          0.66726565,  0.66726565],
        [ 0.2120167 ,  0.318981  ,  0.        , ...,  0.75607503,
          0.8699918 ,  0.8699918 ],
        ...,
        [-0.60012472, -0.50781025, -0.75607503, ...,  0.        ,
          0.19660151,  0.19660151],
        [-0.74567518, -0.66726565, -0.8699918 , ..., -0.19660151,
          0.        ,  0.        ],
        [-0.74567518, -0.66726565, -0.8699918 , ..., -0.19660151,
          0.        ,  0.        ]],

       [[ 0.        ,  0.70236121,  0.55872473, ..., -0.87237216,
         -0.33546808, -0.50355621],
        [-0.70236121,  0.        , -0.18479365, ..., -0.96431646,
         -0.90045361, -0.96525546],
        [-0.55872473,  0.18479365,  0.        , ..., -0.99663291,
         -0.80456903, -0.90034314],
        ...,
        [ 0.87237216,  0.96431646,  0.99663291, ...,  0.        ,
          0.65782857,  0.50753722],
        [ 0.33546808,  0.90045361,  0.80456903, ..., -0.65782857,
          0.        , -0.18454409],
        [ 0.50355621,  0.96525546,  0.90034314, ..., -0.50753722,
          0.18454409,  0.        ]],

       [[ 0.        ,  0.07595686,  0.07595686, ...,  0.7042841 ,
          0.77748539,  0.90351767],
        [-0.07595686,  0.        ,  0.        , ...,  0.64832634,
          0.72746998,  0.86835612],
        [-0.07595686,  0.        ,  0.        , ...,  0.64832634,
          0.72746998,  0.86835612],
        ...,
        [-0.7042841 , -0.64832634, -0.64832634, ...,  0.        ,
          0.10902609,  0.33960212],
        [-0.77748539, -0.72746998, -0.72746998, ..., -0.10902609,
          0.        ,  0.23503114],
        [-0.90351767, -0.86835612, -0.86835612, ..., -0.33960212,
         -0.23503114,  0.        ]],

       ...,

       [[ 0.        ,  0.04735931,  0.01158983, ...,  0.10551827,
          0.10551827,  0.26301213],
        [-0.04735931,  0.        , -0.03577931, ...,  0.05830495,
          0.05830495,  0.2170251 ],
        [-0.01158983,  0.03577931,  0.        , ...,  0.09398606,
          0.09398606,  0.25181269],
        ...,
        [-0.10551827, -0.05830495, -0.09398606, ...,  0.        ,
          0.        ,  0.15974059],
        [-0.10551827, -0.05830495, -0.09398606, ...,  0.        ,
          0.        ,  0.15974059],
        [-0.26301213, -0.2170251 , -0.25181269, ..., -0.15974059,
         -0.15974059,  0.        ]],

       [[ 0.        , -0.37622569, -0.56899629, ..., -0.28154101,
         -0.25545157, -0.30204432],
        [ 0.37622569,  0.        , -0.21780556, ...,  0.10015142,
          0.12706017,  0.07880111],
        [ 0.56899629,  0.21780556,  0.        , ...,  0.31445748,
          0.34004998,  0.29403753],
        ...,
        [ 0.28154101, -0.10015142, -0.31445748, ...,  0.        ,
          0.02708165, -0.02143507],
        [ 0.25545157, -0.12706017, -0.34004998, ..., -0.02708165,
          0.        , -0.04850263],
        [ 0.30204432, -0.07880111, -0.29403753, ...,  0.02143507,
          0.04850263,  0.        ]],

       [[ 0.        ,  0.0385048 ,  0.03534313, ...,  0.97239227,
          0.9813689 ,  0.98815804],
        [-0.0385048 ,  0.        , -0.00316382, ...,  0.96268598,
          0.97324309,  0.99333339],
        [-0.03534313,  0.00316382,  0.        , ...,  0.96353736,
          0.9739652 ,  0.99296371],
        ...,
        [-0.97239227, -0.96268598, -0.96353736, ...,  0.        ,
          0.042176  ,  0.37979231],
        [-0.9813689 , -0.97324309, -0.9739652 , ..., -0.042176  ,
          0.        ,  0.34043853],
        [-0.98815804, -0.99333339, -0.99296371, ..., -0.37979231,
         -0.34043853,  0.        ]]]), 'num': array([ 7.54373459e-01,  6.56432406e-01,  8.19590407e-06,  7.91238400e-10,
        1.43608583e-04,  1.44810329e-04,  1.43608583e-04,  4.12503938e-03,
       -1.20174547e-06,  1.44329630e-04,  1.44059238e-04,  1.37840205e-04,
        5.78618187e-07,  1.46661093e-04,  1.41457382e-04])}
{'img': array([[[ 0.        , -0.318981  , -0.21701129, ...,  0.66726565,
          0.66726565,  0.50781025],
        [ 0.318981  ,  0.        ,  0.10570453, ...,  0.8699918 ,
          0.8699918 ,  0.75607503],
        [ 0.21701129, -0.10570453,  0.        , ...,  0.81299841,
          0.81299841,  0.68265716],
        ...,
        [-0.66726565, -0.8699918 , -0.81299841, ...,  0.        ,
          0.        , -0.19660151],
        [-0.66726565, -0.8699918 , -0.81299841, ...,  0.        ,
          0.        , -0.19660151],
        [-0.50781025, -0.75607503, -0.68265716, ...,  0.19660151,
          0.19660151,  0.        ]],

       [[ 0.        , -0.18479365, -0.61556791, ..., -0.90045361,
         -0.96525546, -0.98864073],
        [ 0.18479365,  0.        , -0.45933331, ..., -0.80456903,
         -0.90034314, -0.94383958],
        [ 0.61556791,  0.45933331,  0.        , ..., -0.44189041,
         -0.59984939, -0.68661312],
        ...,
        [ 0.90045361,  0.80456903,  0.44189041, ...,  0.        ,
         -0.18454409, -0.29467489],
        [ 0.96525546,  0.90034314,  0.59984939, ...,  0.18454409,
          0.        , -0.11326374],
        [ 0.98864073,  0.94383958,  0.68661312, ...,  0.29467489,
          0.11326374,  0.        ]],

       [[ 0.        ,  0.        , -0.0254494 , ...,  0.72746998,
          0.86835612,  0.88879721],
        [ 0.        ,  0.        , -0.0254494 , ...,  0.72746998,
          0.86835612,  0.88879721],
        [ 0.0254494 ,  0.0254494 ,  0.        , ...,  0.7446962 ,
          0.88069628,  0.90017282],
        ...,
        [-0.72746998, -0.72746998, -0.7446962 , ...,  0.        ,
          0.23503114,  0.27643891],
        [-0.86835612, -0.86835612, -0.88069628, ..., -0.23503114,
          0.        ,  0.04282293],
        [-0.88879721, -0.88879721, -0.90017282, ..., -0.27643891,
         -0.04282293,  0.        ]],

       ...,

       [[ 0.        , -0.03577931,  0.28718434, ...,  0.05830495,
          0.2170251 ,  0.10806367],
        [ 0.03577931,  0.        ,  0.32127257, ...,  0.09398606,
          0.25181269,  0.14356426],
        [-0.28718434, -0.32127257,  0.        , ..., -0.23084691,
         -0.0724566 , -0.18199105],
        ...,
        [-0.05830495, -0.09398606,  0.23084691, ...,  0.        ,
          0.15974059,  0.04991632],
        [-0.2170251 , -0.25181269,  0.0724566 , ..., -0.15974059,
          0.        , -0.11026611],
        [-0.10806367, -0.14356426,  0.18199105, ..., -0.04991632,
          0.11026611,  0.        ]],

       [[ 0.        , -0.21780556, -0.48718958, ...,  0.12706017,
          0.07880111,  0.07880111],
        [ 0.21780556,  0.        , -0.28528445, ...,  0.34004998,
          0.29403753,  0.29403753],
        [ 0.48718958,  0.28528445,  0.        , ...,  0.59420209,
          0.55449131,  0.55449131],
        ...,
        [-0.12706017, -0.34004998, -0.59420209, ...,  0.        ,
         -0.04850263, -0.04850263],
        [-0.07880111, -0.29403753, -0.55449131, ...,  0.04850263,
          0.        ,  0.        ],
        [-0.07880111, -0.29403753, -0.55449131, ...,  0.04850263,
          0.        ,  0.        ]],

       [[ 0.        , -0.00316382,  0.04558382, ...,  0.97324309,
          0.99333339,  0.99333339],
        [ 0.00316382,  0.        ,  0.04874413, ...,  0.9739652 ,
          0.99296371,  0.99296371],
        [-0.04558382, -0.04874413,  0.        , ...,  0.96175727,
          0.9975556 ,  0.9975556 ],
        ...,
        [-0.97324309, -0.9739652 , -0.96175727, ...,  0.        ,
          0.34043853,  0.34043853],
        [-0.99333339, -0.99296371, -0.9975556 , ..., -0.34043853,
          0.        ,  0.        ],
        [-0.99333339, -0.99296371, -0.9975556 , ..., -0.34043853,
          0.        ,  0.        ]]]), 'num': array([ 8.22656604e-01,  5.68446032e-01,  2.17273993e-05, -5.98455287e-10,
        1.54347645e-04,  1.56986067e-04,  1.54347645e-04,  1.02481692e-02,
       -3.29802661e-06,  1.57513751e-04,  1.57909514e-04,  1.51346441e-04,
        5.53217366e-07,  1.61178389e-04,  1.54640639e-04])}
{'img': array([[[ 0.        ,  0.10570453, -0.10511726, ...,  0.8699918 ,
          0.75607503,  0.48083425],
        [-0.10570453,  0.        , -0.20964726, ...,  0.81299841,
          0.68265716,  0.38545747],
        [ 0.10511726,  0.20964726,  0.        , ...,  0.91700167,
          0.82068391,  0.57033838],
        ...,
        [-0.8699918 , -0.81299841, -0.91700167, ...,  0.        ,
         -0.19660151, -0.52573571],
        [-0.75607503, -0.68265716, -0.82068391, ...,  0.19660151,
          0.        , -0.34823651],
        [-0.48083425, -0.38545747, -0.57033838, ...,  0.52573571,
          0.34823651,  0.        ]],

       [[ 0.        , -0.45933331,  0.01468643, ..., -0.90034314,
         -0.94383958, -0.6079131 ],
        [ 0.45933331,  0.        ,  0.4723292 , ..., -0.59984939,
         -0.68661312, -0.17527503],
        [-0.01468643, -0.4723292 ,  0.        , ..., -0.90663728,
         -0.94859024, -0.61950861],
        ...,
        [ 0.90034314,  0.59984939,  0.90663728, ...,  0.        ,
         -0.11326374,  0.45032362],
        [ 0.94383958,  0.68661312,  0.94859024, ...,  0.11326374,
          0.        ,  0.54855504],
        [ 0.6079131 ,  0.17527503,  0.61950861, ..., -0.45032362,
         -0.54855504,  0.        ]],

       [[ 0.        , -0.0254494 , -0.06337842, ...,  0.86835612,
          0.88879721,  0.76049683],
        [ 0.0254494 ,  0.        , -0.03795965, ...,  0.88069628,
          0.90017282,  0.77677587],
        [ 0.06337842,  0.03795965,  0.        , ...,  0.89804232,
          0.91605672,  0.80012214],
        ...,
        [-0.86835612, -0.88069628, -0.89804232, ...,  0.        ,
          0.04282293, -0.18669811],
        [-0.88879721, -0.90017282, -0.91605672, ..., -0.04282293,
          0.        , -0.22859684],
        [-0.76049683, -0.77677587, -0.80012214, ...,  0.18669811,
          0.22859684,  0.        ]],

       ...,

       [[ 0.        ,  0.32127257,  0.0260864 , ...,  0.25181269,
          0.14356426, -0.039436  ],
        [-0.32127257,  0.        , -0.29645977, ..., -0.0724566 ,
         -0.18199105, -0.35836803],
        [-0.0260864 ,  0.29645977,  0.        , ...,  0.2264812 ,
          0.11769924, -0.06548868],
        ...,
        [-0.25181269,  0.0724566 , -0.2264812 , ...,  0.        ,
         -0.11026611, -0.28978202],
        [-0.14356426,  0.18199105, -0.11769924, ...,  0.11026611,
          0.        , -0.18248007],
        [ 0.039436  ,  0.35836803,  0.06548868, ...,  0.28978202,
          0.18248007,  0.        ]],

       [[ 0.        , -0.28528445, -0.57303528, ...,  0.29403753,
          0.29403753,  0.34004998],
        [ 0.28528445,  0.        , -0.31542222, ...,  0.55449131,
          0.55449131,  0.59420209],
        [ 0.57303528,  0.31542222,  0.        , ...,  0.78867639,
          0.78867639,  0.81756799],
        ...,
        [-0.29403753, -0.55449131, -0.78867639, ...,  0.        ,
          0.        ,  0.04850263],
        [-0.29403753, -0.55449131, -0.78867639, ...,  0.        ,
          0.        ,  0.04850263],
        [-0.34004998, -0.59420209, -0.81756799, ..., -0.04850263,
         -0.04850263,  0.        ]],

       [[ 0.        ,  0.04874413,  0.1035951 , ...,  0.99296371,
          0.99296371,  0.9739652 ],
        [-0.04874413,  0.        ,  0.05499009, ...,  0.9975556 ,
          0.9975556 ,  0.96175727],
        [-0.1035951 , -0.05499009,  0.        , ...,  0.99988875,
          0.99988875,  0.94524007],
        ...,
        [-0.99296371, -0.9975556 , -0.99988875, ...,  0.        ,
          0.        , -0.34043853],
        [-0.99296371, -0.9975556 , -0.99988875, ...,  0.        ,
          0.        , -0.34043853],
        [-0.9739652 , -0.96175727, -0.94524007, ...,  0.34043853,
          0.34043853,  0.        ]]]), 'num': array([ 7.62247409e-01,  6.47213472e-01,  9.95964828e-06, -8.90033203e-09,
        1.41493158e-04,  1.45168305e-04,  1.41493158e-04,  9.66656756e-03,
       -1.83757348e-06,  1.45290810e-04,  1.46393354e-04,  1.40604998e-04,
        4.68401084e-07,  1.50169209e-04,  1.42617500e-04])}
{'img': array([[[ 0.        , -0.20964726, -0.20964726, ...,  0.68265716,
          0.38545747,  0.21701129],
        [ 0.20964726,  0.        ,  0.        , ...,  0.82068391,
          0.57033838,  0.41683984],
        [ 0.20964726,  0.        ,  0.        , ...,  0.82068391,
          0.57033838,  0.41683984],
        ...,
        [-0.68265716, -0.82068391, -0.82068391, ...,  0.        ,
         -0.34823651, -0.50781025],
        [-0.38545747, -0.57033838, -0.57033838, ...,  0.34823651,
          0.        , -0.1760298 ],
        [-0.21701129, -0.41683984, -0.41683984, ...,  0.50781025,
          0.1760298 ,  0.        ]],

       [[ 0.        ,  0.4723292 , -0.28552633, ..., -0.68661312,
         -0.17527503, -0.16299792],
        [-0.4723292 ,  0.        , -0.70433579, ..., -0.94859024,
         -0.61950861, -0.60968245],
        [ 0.28552633,  0.70433579,  0.        , ..., -0.45044581,
          0.11312776,  0.12549536],
        ...,
        [ 0.68661312,  0.94859024,  0.45044581, ...,  0.        ,
          0.54855504,  0.55892741],
        [ 0.17527503,  0.61950861, -0.11312776, ..., -0.54855504,
          0.        ,  0.01245634],
        [ 0.16299792,  0.60968245, -0.12549536, ..., -0.55892741,
         -0.01245634,  0.        ]],

       [[ 0.        , -0.03795965, -0.11312234, ...,  0.90017282,
          0.77677587,  0.65244732],
        [ 0.03795965,  0.        , -0.07532482, ...,  0.91605672,
          0.80012214,  0.6807442 ],
        [ 0.11312234,  0.07532482,  0.        , ...,  0.94366317,
          0.84303166,  0.73398727],
        ...,
        [-0.90017282, -0.91605672, -0.94366317, ...,  0.        ,
         -0.22859684, -0.39801938],
        [-0.77677587, -0.80012214, -0.84303166, ...,  0.22859684,
          0.        , -0.17777082],
        [-0.65244732, -0.6807442 , -0.73398727, ...,  0.39801938,
          0.17777082,  0.        ]],

       ...,

       [[ 0.        , -0.29645977, -0.29645977, ..., -0.18199105,
         -0.35836803, -0.46322487],
        [ 0.29645977,  0.        ,  0.        , ...,  0.11769924,
         -0.06548868, -0.17966601],
        [ 0.29645977,  0.        ,  0.        , ...,  0.11769924,
         -0.06548868, -0.17966601],
        ...,
        [ 0.18199105, -0.11769924, -0.11769924, ...,  0.        ,
         -0.18248007, -0.2942012 ],
        [ 0.35836803,  0.06548868,  0.06548868, ...,  0.18248007,
          0.        , -0.11485729],
        [ 0.46322487,  0.17966601,  0.17966601, ...,  0.2942012 ,
          0.11485729,  0.        ]],

       [[ 0.        , -0.31542222, -0.61281872, ...,  0.55449131,
          0.59420209,  0.71877927],
        [ 0.31542222,  0.        , -0.33228114, ...,  0.78867639,
          0.81756799,  0.90138025],
        [ 0.61281872,  0.33228114,  0.        , ...,  0.94815339,
          0.96245223,  0.99405136],
        ...,
        [-0.55449131, -0.78867639, -0.94815339, ...,  0.        ,
          0.04850263,  0.21265695],
        [-0.59420209, -0.81756799, -0.96245223, ..., -0.04850263,
          0.        ,  0.16501344],
        [-0.71877927, -0.90138025, -0.99405136, ..., -0.21265695,
         -0.16501344,  0.        ]],

       [[ 0.        ,  0.05499009,  0.12935417, ...,  0.9975556 ,
          0.96175727,  0.87744707],
        [-0.05499009,  0.        ,  0.07463035, ...,  0.99988875,
          0.94524007,  0.84974211],
        [-0.12935417, -0.07463035,  0.        , ...,  0.9982135 ,
          0.9182465 ,  0.80802739],
        ...,
        [-0.9975556 , -0.99988875, -0.9982135 , ...,  0.        ,
         -0.34043853, -0.53981448],
        [-0.96175727, -0.94524007, -0.9182465 , ...,  0.34043853,
          0.        , -0.2209939 ],
        [-0.87744707, -0.84974211, -0.80802739, ...,  0.53981448,
          0.2209939 ,  0.        ]]]), 'num': array([ 9.66366357e-01,  2.56929325e-01,  6.11583648e-05, -1.43823981e-08,
        1.79604312e-04,  1.81152625e-04,  1.77281842e-04,  1.10958615e-02,
        7.74156517e-07,  1.82236444e-04,  1.84675037e-04,  1.77772141e-04,
        5.32232605e-07,  1.89936454e-04,  1.79413620e-04])}
{'img': array([[[ 0.        ,  0.        , -0.48083425, ...,  0.57033838,
          0.41683984,  0.4682078 ],
        [ 0.        ,  0.        , -0.48083425, ...,  0.57033838,
          0.41683984,  0.4682078 ],
        [ 0.48083425,  0.48083425,  0.        , ...,  0.89504124,
          0.80255867,  0.83540397],
        ...,
        [-0.57033838, -0.57033838, -0.89504124, ...,  0.        ,
         -0.1760298 , -0.11937098],
        [-0.41683984, -0.41683984, -0.80255867, ...,  0.1760298 ,
          0.        ,  0.05726415],
        [-0.4682078 , -0.4682078 , -0.83540397, ...,  0.11937098,
         -0.05726415,  0.        ]],

       [[ 0.        , -0.70433579,  0.13099298, ..., -0.61950861,
         -0.60968245, -0.667585  ],
        [ 0.70433579,  0.        ,  0.79125433, ...,  0.11312776,
          0.12549536,  0.05050513],
        [-0.13099298, -0.79125433,  0.        , ..., -0.71699865,
         -0.70826003, -0.75936129],
        ...,
        [ 0.61950861, -0.11312776,  0.71699865, ...,  0.        ,
          0.01245634, -0.06280248],
        [ 0.60968245, -0.12549536,  0.70826003, ..., -0.01245634,
          0.        , -0.07522936],
        [ 0.667585  , -0.05050513,  0.75936129, ...,  0.06280248,
          0.07522936,  0.        ]],

       [[ 0.        , -0.07532482, -0.28451959, ...,  0.80012214,
          0.6807442 ,  0.55321141],
        [ 0.07532482,  0.        , -0.21149962, ...,  0.84303166,
          0.73398727,  0.61438842],
        [ 0.28451959,  0.21149962,  0.        , ...,  0.93771868,
          0.86102583,  0.76736376],
        ...,
        [-0.80012214, -0.84303166, -0.93771868, ...,  0.        ,
         -0.17777082, -0.33469774],
        [-0.6807442 , -0.73398727, -0.86102583, ...,  0.17777082,
          0.        , -0.16184867],
        [-0.55321141, -0.61438842, -0.76736376, ...,  0.33469774,
          0.16184867,  0.        ]],

       ...,

       [[ 0.        ,  0.        , -0.17256319, ..., -0.06548868,
         -0.17966601, -0.30362084],
        [ 0.        ,  0.        , -0.17256319, ..., -0.06548868,
         -0.17966601, -0.30362084],
        [ 0.17256319,  0.17256319,  0.        , ...,  0.1076865 ,
         -0.00721556, -0.13464907],
        ...,
        [ 0.06548868,  0.06548868, -0.1076865 , ...,  0.        ,
         -0.11485729, -0.24057191],
        [ 0.17966601,  0.17966601,  0.00721556, ...,  0.11485729,
          0.        , -0.12749572],
        [ 0.30362084,  0.30362084,  0.13464907, ...,  0.24057191,
          0.12749572,  0.        ]],

       [[ 0.        , -0.33228114, -0.30092163, ...,  0.81756799,
          0.90138025,  0.91994531],
        [ 0.33228114,  0.        ,  0.03305616, ...,  0.96245223,
          0.99405136,  0.9979441 ],
        [ 0.30092163, -0.03305616,  0.        , ...,  0.95295312,
          0.98990789,  0.99528014],
        ...,
        [-0.81756799, -0.96245223, -0.95295312, ...,  0.        ,
          0.16501344,  0.20920917],
        [-0.90138025, -0.99405136, -0.98990789, ..., -0.16501344,
          0.        ,  0.04497934],
        [-0.91994531, -0.9979441 , -0.99528014, ..., -0.20920917,
         -0.04497934,  0.        ]],

       [[ 0.        ,  0.07463035, -0.06517324, ...,  0.94524007,
          0.84974211,  0.78487698],
        [-0.07463035,  0.        , -0.13946317, ...,  0.9182465 ,
          0.80802739,  0.73644335],
        [ 0.06517324,  0.13946317,  0.        , ...,  0.96450143,
          0.88229477,  0.823593  ],
        ...,
        [-0.94524007, -0.9182465 , -0.96450143, ...,  0.        ,
         -0.2209939 , -0.32955463],
        [-0.84974211, -0.80802739, -0.88229477, ...,  0.2209939 ,
          0.        , -0.11275805],
        [-0.78487698, -0.73644335, -0.823593  , ...,  0.32955463,
          0.11275805,  0.        ]]]), 'num': array([ 9.35612572e-01,  3.52969146e-01,  5.06646458e-05, -9.53116785e-09,
        1.73354188e-04,  1.75615330e-04,  1.72600474e-04,  6.45344882e-03,
       -1.50742772e-06,  1.75766072e-04,  1.79308528e-04,  1.73165760e-04,
        5.02475908e-07,  1.84906344e-04,  1.73710711e-04])}
{'img': array([[[ 0.        , -0.48083425, -0.42667533, ...,  0.41683984,
          0.4682078 ,  0.36529017],
        [ 0.48083425,  0.        ,  0.060755  , ...,  0.80255867,
          0.83540397,  0.76789621],
        [ 0.42667533, -0.060755  ,  0.        , ...,  0.7648313 ,
          0.80046758,  0.72755959],
        ...,
        [-0.41683984, -0.80255867, -0.7648313 , ...,  0.        ,
          0.05726415, -0.05599214],
        [-0.4682078 , -0.83540397, -0.80046758, ..., -0.05726415,
          0.        , -0.11307458],
