state_0,state_1,state_2,state_3,state_4,state_5,state_6,state_7,state_8,state_9,state_10,state_11,state_12,state_13,state_14,state_15,state_16,state_17,state_18,state_19,state_20,state_21,state_22,state_23,state_24,state_25,state_26,state_27,state_28,state_29,state_30,state_31,state_32,state_33,state_34,state_35,state_36,state_37,state_38,state_39,state_40,state_41,state_42,state_43,state_44,state_45,state_46,state_47,state_48,state_49,state_50,state_51,state_52,state_53,state_54,state_55,state_56,state_57,state_58,state_59,state_60,state_61,state_62,state_63,state_64,state_65,state_66,state_67,state_68,state_69,state_70,state_71,state_72,state_73,state_74,state_75,state_76,state_77,state_78,state_79,state_80,state_81,state_82,state_83,state_84,state_85,state_86,state_87,state_88,state_89,state_90,state_91,state_92,state_93,state_94,state_95,state_96,state_97,state_98,state_99,state_100,state_101,state_102,state_103,state_104,state_105,state_106,state_107,state_108,state_109,state_110,state_111,state_112,state_113,state_114,state_115,state_116,state_117,state_118,state_119,state_120,state_121,state_122,state_123,state_124,state_125,state_126,state_127,state_128,state_129,state_130,state_131,state_132,state_133,state_134,state_135,state_136,state_137,state_138,state_139,state_140,state_141,state_142,state_143,state_144,state_145,state_146,state_147,state_148,state_149,state_150,state_151,state_152,state_153,state_154,state_155,state_156,state_157,state_158,state_159,state_160,state_161,state_162,state_163,state_164,state_165,state_166,state_167,state_168,state_169,state_170,state_171,state_172,state_173,state_174,state_175,state_176,state_177,state_178,state_179,state_180,state_181,state_182,state_183,state_184,state_185,state_186,state_187,state_188,state_189,state_190,state_191,state_192,state_193,state_194,state_195,state_196,state_197,state_198,state_199,state_200,state_201,state_202,state_203,state_204,state_205,state_206,state_207,state_208,state_209,state_210,state_211,state_212,state_213,state_214,state_215,state_216,state_217,state_218,state_219,state_220,state_221,state_222,state_223,state_224,state_225,state_226,state_227,state_228,state_229,state_230,state_231,state_232,state_233,state_234,state_235,state_236,state_237,state_238,state_239,state_240,state_241,state_242,state_243,state_244,state_245,state_246,state_247,state_248,state_249,state_250,state_251,state_252,state_253,state_254,state_255,state_256,state_257,state_258,state_259,state_260,state_261,state_262,state_263,state_264,state_265,state_266,state_267,state_268,state_269,state_270,state_271,state_272,state_273,state_274,state_275,state_276,state_277,state_278,state_279,state_280,state_281,state_282,state_283,state_284,state_285,state_286,state_287
{'img': array([[[ 0.        , -0.35053106, -0.45647204, ..., -0.99966576,
         -0.99243039, -0.99933365],
        [ 0.35053106,  0.        , -0.11562868, ..., -0.94530031,
         -0.97250996, -0.92313266],
        [ 0.45647204,  0.11562868,  0.        , ..., -0.90124148,
         -0.93906142, -0.87248365],
        ...,
        [ 0.99966576,  0.94530031,  0.90124148, ...,  0.        ,
         -0.09711024,  0.06232344],
        [ 0.99243039,  0.97250996,  0.93906142, ...,  0.09711024,
          0.        ,  0.15895033],
        [ 0.99933365,  0.92313266,  0.87248365, ..., -0.06232344,
         -0.15895033,  0.        ]],

       [[ 0.        , -0.3018258 , -0.60311355, ..., -0.93882839,
         -0.87557292, -0.89122867],
        [ 0.3018258 ,  0.        , -0.33423324, ..., -0.79109995,
         -0.6889311 , -0.71277014],
        [ 0.60311355,  0.33423324,  0.        , ..., -0.54115801,
         -0.40704972, -0.43734859],
        ...,
        [ 0.93882839,  0.79109995,  0.54115801, ...,  0.        ,
          0.15200035,  0.11888352],
        [ 0.87557292,  0.6889311 ,  0.40704972, ..., -0.15200035,
          0.        , -0.03342025],
        [ 0.89122867,  0.71277014,  0.43734859, ..., -0.11888352,
          0.03342025,  0.        ]],

       [[ 0.        ,  0.04276766,  0.07337378, ..., -0.99999437,
         -0.99869821, -0.99937663],
        [-0.04276766,  0.        ,  0.03065427, ..., -0.99922294,
         -0.99560293, -0.99695239],
        [-0.07337378, -0.03065427,  0.        , ..., -0.99754512,
         -0.99226354, -0.99409245],
        ...,
        [ 0.99999437,  0.99922294,  0.99754512, ...,  0.        ,
         -0.05435963, -0.03865715],
        [ 0.99869821,  0.99560293,  0.99226354, ...,  0.05435963,
          0.        ,  0.01571901],
        [ 0.99937663,  0.99695239,  0.99409245, ...,  0.03865715,
         -0.01571901,  0.        ]],

       ...,

       [[ 0.        , -0.2632424 , -0.49650898, ..., -0.40380067,
         -0.36782374,  0.7485211 ],
        [ 0.2632424 ,  0.        , -0.25049426, ..., -0.14873199,
         -0.11006257,  0.89667948],
        [ 0.49650898,  0.25049426,  0.        , ...,  0.10371802,
          0.14241886,  0.97898051],
        ...,
        [ 0.40380067,  0.14873199, -0.10371802, ...,  0.        ,
          0.03898999,  0.95254693],
        [ 0.36782374,  0.11006257, -0.14241886, ..., -0.03898999,
          0.        ,  0.93995439],
        [-0.7485211 , -0.89667948, -0.97898051, ..., -0.95254693,
         -0.93995439,  0.        ]],

       [[ 0.        , -0.01140134, -0.0092764 , ..., -0.9839978 ,
         -0.9499116 , -0.96036388],
        [ 0.01140134,  0.        ,  0.00212505, ..., -0.98596534,
         -0.95341299, -0.96347958],
        [ 0.0092764 , -0.00212505,  0.        , ..., -0.98560834,
         -0.95276977, -0.96290835],
        ...,
        [ 0.9839978 ,  0.98596534,  0.98560834, ...,  0.        ,
         -0.13826191, -0.10317054],
        [ 0.9499116 ,  0.95341299,  0.95276977, ...,  0.13826191,
          0.        ,  0.03534444],
        [ 0.96036388,  0.96347958,  0.96290835, ...,  0.10317054,
         -0.03534444,  0.        ]],

       [[ 0.        ,  0.002448  ,  0.00528892, ..., -0.83126562,
         -0.86173098, -0.85645826],
        [-0.002448  ,  0.        ,  0.00284093, ..., -0.82990235,
         -0.86048636, -0.855192  ],
        [-0.00528892, -0.00284093,  0.        , ..., -0.82831402,
         -0.85903551, -0.85371606],
        ...,
        [ 0.83126562,  0.82990235,  0.82831402, ...,  0.        ,
          0.05725957,  0.04697124],
        [ 0.86173098,  0.86048636,  0.85903551, ..., -0.05725957,
          0.        , -0.0103022 ],
        [ 0.85645826,  0.855192  ,  0.85371606, ..., -0.04697124,
          0.0103022 ,  0.        ]]]), 'num': array([ 7.07106527e-01,  7.07106527e-01,  0.00000000e+00,  0.00000000e+00,
        2.64692283e-04,  2.67528272e-04,  2.61856294e-04,  3.99288309e-04,
       -9.45329582e-07,  2.63368822e-04,  2.59587503e-04,  2.75847172e-04,
        1.40700217e-06,  2.72719081e-04,  2.46455926e-04])}
{'img': array([[[ 0.        , -0.11562868,  0.08537616, ..., -0.97250996,
         -0.92313266, -0.93459536],
        [ 0.11562868,  0.        ,  0.20001   , ..., -0.93906142,
         -0.87248365, -0.88719598],
        [-0.08537616, -0.20001   ,  0.        , ..., -0.98883993,
         -0.95258767, -0.96155234],
        ...,
        [ 0.97250996,  0.93906142,  0.98883993, ...,  0.        ,
          0.15895033,  0.12830308],
        [ 0.92313266,  0.87248365,  0.95258767, ..., -0.15895033,
          0.        , -0.0309647 ],
        [ 0.93459536,  0.88719598,  0.96155234, ..., -0.12830308,
          0.0309647 ,  0.        ]],

       [[ 0.        , -0.33423324, -0.50795409, ..., -0.6889311 ,
         -0.71277014, -0.65597141],
        [ 0.33423324,  0.        , -0.19083864, ..., -0.40704972,
         -0.43734859, -0.36597227],
        [ 0.50795409,  0.19083864,  0.        , ..., -0.22525556,
         -0.25769107, -0.18164686],
        ...,
        [ 0.6889311 ,  0.40704972,  0.22525556, ...,  0.        ,
         -0.03342025,  0.04452969],
        [ 0.71277014,  0.43734859,  0.25769107, ...,  0.03342025,
          0.        ,  0.07789191],
        [ 0.65597141,  0.36597227,  0.18164686, ..., -0.04452969,
         -0.07789191,  0.        ]],

       [[ 0.        ,  0.03065427,  0.03065427, ..., -0.99560293,
         -0.99695239, -0.99804623],
        [-0.03065427,  0.        ,  0.        , ..., -0.99226354,
         -0.99409245, -0.99566192],
        [-0.03065427,  0.        ,  0.        , ..., -0.99226354,
         -0.99409245, -0.99566192],
        ...,
        [ 0.99560293,  0.99226354,  0.99226354, ...,  0.        ,
          0.01571901,  0.0312858 ],
        [ 0.99695239,  0.99409245,  0.99409245, ..., -0.01571901,
          0.        ,  0.01557062],
        [ 0.99804623,  0.99566192,  0.99566192, ..., -0.0312858 ,
         -0.01557062,  0.        ]],

       ...,

       [[ 0.        , -0.23104183, -0.29028034, ..., -0.1006014 ,
          0.6602236 ,  0.93253448],
        [ 0.23104183,  0.        , -0.06133292, ...,  0.1319902 ,
          0.81588885,  0.99072846],
        [ 0.29028034,  0.06133292,  0.        , ...,  0.19253803,
          0.84981606,  0.99719578],
        ...,
        [ 0.1006014 , -0.1319902 , -0.19253803, ...,  0.        ,
          0.73243276,  0.96412881],
        [-0.6602236 , -0.81588885, -0.84981606, ..., -0.73243276,
          0.        ,  0.46200369],
        [-0.93253448, -0.99072846, -0.99719578, ..., -0.96412881,
         -0.46200369,  0.        ]],

       [[ 0.        ,  0.00212505,  0.01035075, ..., -0.95341299,
         -0.96347958, -0.96347958],
        [-0.00212505,  0.        ,  0.00822578, ..., -0.95276977,
         -0.96290835, -0.96290835],
        [-0.01035075, -0.00822578,  0.        , ..., -0.95023942,
         -0.96065622, -0.96065622],
        ...,
        [ 0.95341299,  0.95276977,  0.95023942, ...,  0.        ,
          0.03534444,  0.03534444],
        [ 0.96347958,  0.96290835,  0.96065622, ..., -0.03534444,
          0.        ,  0.        ],
        [ 0.96347958,  0.96290835,  0.96065622, ..., -0.03534444,
          0.        ,  0.        ]],

       [[ 0.        ,  0.00284093,  0.06943977, ..., -0.86048636,
         -0.855192  , -0.855192  ],
        [-0.00284093,  0.        ,  0.06660542, ..., -0.85903551,
         -0.85371606, -0.85371606],
        [-0.06943977, -0.06660542,  0.        , ..., -0.82303155,
         -0.81713627, -0.81713627],
        ...,
        [ 0.86048636,  0.85903551,  0.82303155, ...,  0.        ,
         -0.0103022 , -0.0103022 ],
        [ 0.855192  ,  0.85371606,  0.81713627, ...,  0.0103022 ,
          0.        ,  0.        ],
        [ 0.855192  ,  0.85371606,  0.81713627, ...,  0.0103022 ,
          0.        ,  0.        ]]]), 'num': array([ 7.55243167e-01,  6.55444192e-01,  7.12849827e-06, -3.78503377e-11,
        2.82716645e-04,  2.83726347e-04,  2.78677836e-04,  1.86370851e-04,
        0.00000000e+00,  2.81908883e-04,  2.77264253e-04,  2.93974826e-04,
        1.46406834e-06,  2.91290032e-04,  2.63238474e-04])}
{'img': array([[[ 0.        ,  0.20001   ,  0.24505863, ..., -0.87248365,
         -0.88719598, -0.88719598],
        [-0.20001   ,  0.        ,  0.0461956 , ..., -0.95258767,
         -0.96155234, -0.96155234],
        [-0.24505863, -0.0461956 ,  0.        , ..., -0.96562637,
         -0.97321211, -0.97321211],
        ...,
        [ 0.87248365,  0.95258767,  0.96562637, ...,  0.        ,
         -0.0309647 , -0.0309647 ],
        [ 0.88719598,  0.96155234,  0.97321211, ...,  0.0309647 ,
          0.        ,  0.        ],
        [ 0.88719598,  0.96155234,  0.97321211, ...,  0.0309647 ,
          0.        ,  0.        ]],

       [[ 0.        , -0.18175337,  0.24163014, ..., -0.40705451,
         -0.34365791, -0.76945045],
        [ 0.18175337,  0.        ,  0.41397331, ..., -0.23426045,
         -0.16725033, -0.64054754],
        [-0.24163014, -0.41397331,  0.        , ..., -0.61569875,
         -0.56038842, -0.90098116],
        ...,
        [ 0.40705451,  0.23426045,  0.61569875, ...,  0.        ,
          0.06836436, -0.44283065],
        [ 0.34365791,  0.16725033,  0.56038842, ..., -0.06836436,
          0.        , -0.50309046],
        [ 0.76945045,  0.64054754,  0.90098116, ...,  0.44283065,
          0.50309046,  0.        ]],

       [[ 0.        ,  0.        ,  0.        , ..., -0.99409245,
         -0.99566192, -0.99754512],
        [ 0.        ,  0.        ,  0.        , ..., -0.99409245,
         -0.99566192, -0.99754512],
        [ 0.        ,  0.        ,  0.        , ..., -0.99409245,
         -0.99566192, -0.99754512],
        ...,
        [ 0.99409245,  0.99409245,  0.99409245, ...,  0.        ,
          0.01557062,  0.03865715],
        [ 0.99566192,  0.99566192,  0.99566192, ..., -0.01557062,
          0.        ,  0.02309348],
        [ 0.99754512,  0.99754512,  0.99754512, ..., -0.03865715,
         -0.02309348,  0.        ]],

       ...,

       [[ 0.        , -0.06133292,  0.0293147 , ...,  0.81588885,
          0.99072846,  0.87731455],
        [ 0.06133292,  0.        ,  0.09056606, ...,  0.84981606,
          0.99719578,  0.90509752],
        [-0.0293147 , -0.09056606,  0.        , ...,  0.79858819,
          0.98632007,  0.86286892],
        ...,
        [-0.81588885, -0.84981606, -0.79858819, ...,  0.        ,
          0.46200369,  0.11571301],
        [-0.99072846, -0.99719578, -0.98632007, ..., -0.46200369,
          0.        , -0.35627695],
        [-0.87731455, -0.90509752, -0.86286892, ..., -0.11571301,
          0.35627695,  0.        ]],

       [[ 0.        ,  0.00822578, -0.00323533, ..., -0.96290835,
         -0.96290835, -0.96290835],
        [-0.00822578,  0.        , -0.01146096, ..., -0.96065622,
         -0.96065622, -0.96065622],
        [ 0.00323533,  0.01146096,  0.        , ..., -0.9637763 ,
         -0.9637763 , -0.9637763 ],
        ...,
        [ 0.96290835,  0.96065622,  0.9637763 , ...,  0.        ,
          0.        ,  0.        ],
        [ 0.96290835,  0.96065622,  0.9637763 , ...,  0.        ,
          0.        ,  0.        ],
        [ 0.96290835,  0.96065622,  0.9637763 , ...,  0.        ,
          0.        ,  0.        ]],

       [[ 0.        ,  0.06660542,  0.18339621, ..., -0.85371606,
         -0.85371606, -0.85371606],
        [-0.06660542,  0.        ,  0.11751322, ..., -0.81713627,
         -0.81713627, -0.81713627],
        [-0.18339621, -0.11751322,  0.        , ..., -0.74373473,
         -0.74373473, -0.74373473],
        ...,
        [ 0.85371606,  0.81713627,  0.74373473, ...,  0.        ,
          0.        ,  0.        ],
        [ 0.85371606,  0.81713627,  0.74373473, ...,  0.        ,
          0.        ,  0.        ],
        [ 0.85371606,  0.81713627,  0.74373473, ...,  0.        ,
          0.        ,  0.        ]]]), 'num': array([ 7.55927703e-01,  6.54654610e-01,  7.25971995e-06, -3.84976137e-11,
        2.82097753e-04,  2.83108856e-04,  2.80075547e-04,  1.20199931e-04,
       -1.01110306e-06,  2.82299974e-04,  2.77598344e-04,  2.93759142e-04,
        1.38361471e-06,  2.91571701e-04,  2.63624988e-04])}
{'img': array([[[ 0.        ,  0.0461956 ,  0.26929206, ..., -0.96155234,
         -0.96155234, -0.96969864],
        [-0.0461956 ,  0.        ,  0.2245155 , ..., -0.97321211,
         -0.97321211, -0.97994918],
        [-0.26929206, -0.2245155 ,  0.        , ..., -0.99998466,
         -0.99998466, -0.99966576],
        ...,
        [ 0.96155234,  0.97321211,  0.99998466, ...,  0.        ,
          0.        , -0.03138904],
        [ 0.96155234,  0.97321211,  0.99998466, ...,  0.        ,
          0.        , -0.03138904],
        [ 0.96969864,  0.97994918,  0.99966576, ...,  0.03138904,
          0.03138904,  0.        ]],

       [[ 0.        ,  0.39543612,  0.72784155, ..., -0.152145  ,
         -0.45500452, -0.67766392],
        [-0.39543612,  0.        ,  0.39734925, ..., -0.53057671,
         -0.77005025, -0.91322244],
        [-0.72784155, -0.39734925,  0.        , ..., -0.82370088,
         -0.96015222, -0.99993899],
        ...,
        [ 0.152145  ,  0.53057671,  0.82370088, ...,  0.        ,
         -0.31422397, -0.55789155],
        [ 0.45500452,  0.77005025,  0.96015222, ...,  0.31422397,
          0.        , -0.26885488],
        [ 0.67766392,  0.91322244,  0.99993899, ...,  0.55789155,
          0.26885488,  0.        ]],

       [[ 0.        ,  0.        ,  0.        , ..., -0.99566192,
         -0.99754512, -0.99754512],
        [ 0.        ,  0.        ,  0.        , ..., -0.99566192,
         -0.99754512, -0.99754512],
        [ 0.        ,  0.        ,  0.        , ..., -0.99566192,
         -0.99754512, -0.99754512],
        ...,
        [ 0.99566192,  0.99566192,  0.99566192, ...,  0.        ,
          0.02309348,  0.02309348],
        [ 0.99754512,  0.99754512,  0.99754512, ..., -0.02309348,
          0.        ,  0.        ],
        [ 0.99754512,  0.99754512,  0.99754512, ..., -0.02309348,
          0.        ,  0.        ]],

       ...,

       [[ 0.        ,  0.09056606,  0.2704575 , ...,  0.99719578,
          0.90509752,  0.74723514],
        [-0.09056606,  0.        ,  0.1821552 , ...,  0.98632007,
          0.86286892,  0.68397778],
        [-0.2704575 , -0.1821552 ,  0.        , ...,  0.93979199,
          0.75636665,  0.53965195],
        ...,
        [-0.99719578, -0.98632007, -0.93979199, ...,  0.        ,
         -0.35627695, -0.60677538],
        [-0.90509752, -0.86286892, -0.75636665, ...,  0.35627695,
          0.        , -0.28376397],
        [-0.74723514, -0.68397778, -0.53965195, ...,  0.60677538,
          0.28376397,  0.        ]],

       [[ 0.        , -0.01146096,  0.00930173, ..., -0.96065622,
         -0.96065622, -0.95606733],
        [ 0.01146096,  0.        ,  0.02076158, ..., -0.9637763 ,
         -0.9637763 , -0.95936429],
        [-0.00930173, -0.02076158,  0.        , ..., -0.9580312 ,
         -0.9580312 , -0.9532992 ],
        ...,
        [ 0.96065622,  0.9637763 ,  0.9580312 , ...,  0.        ,
          0.        , -0.0160753 ],
        [ 0.96065622,  0.9637763 ,  0.9580312 , ...,  0.        ,
          0.        , -0.0160753 ],
        [ 0.95606733,  0.95936429,  0.9532992 , ...,  0.0160753 ,
          0.0160753 ,  0.        ]],

       [[ 0.        ,  0.11751322,  0.21809561, ..., -0.81713627,
         -0.81713627, -0.81932855],
        [-0.11751322,  0.        ,  0.10190012, ..., -0.74373473,
         -0.74373473, -0.7462785 ],
        [-0.21809561, -0.10190012,  0.        , ..., -0.67174565,
         -0.67174565, -0.67456567],
        ...,
        [ 0.81713627,  0.74373473,  0.67174565, ...,  0.        ,
          0.        ,  0.00381341],
        [ 0.81713627,  0.74373473,  0.67174565, ...,  0.        ,
          0.        ,  0.00381341],
        [ 0.81932855,  0.7462785 ,  0.67456567, ..., -0.00381341,
         -0.00381341,  0.        ]]]), 'num': array([ 7.41258238e-01,  6.71219434e-01,  5.03876287e-06, -1.11737945e-09,
        2.75743323e-04,  2.78718970e-04,  2.71775793e-04,  2.91395228e-04,
       -9.91882455e-07,  2.77330334e-04,  2.72370922e-04,  2.87464067e-04,
        1.20228176e-06,  2.86120574e-04,  2.58621270e-04])}
{'img': array([[[ 0.00000000e+00,  2.24515500e-01, -1.31311941e-01, ...,
         -9.73212111e-01, -9.79949179e-01, -9.85800339e-01],
        [-2.24515500e-01,  0.00000000e+00, -3.50531058e-01, ...,
         -9.99984663e-01, -9.99665759e-01, -9.98334388e-01],
        [ 1.31311941e-01,  3.50531058e-01,  0.00000000e+00, ...,
         -9.34595356e-01, -9.45300307e-01, -9.55214269e-01],
        ...,
        [ 9.73212111e-01,  9.99984663e-01,  9.34595356e-01, ...,
          0.00000000e+00, -3.13890413e-02, -6.32210369e-02],
        [ 9.79949179e-01,  9.99665759e-01,  9.45300307e-01, ...,
          3.13890413e-02,  0.00000000e+00, -3.18636352e-02],
        [ 9.85800339e-01,  9.98334388e-01,  9.55214269e-01, ...,
          6.32210369e-02,  3.18636352e-02,  0.00000000e+00]],

       [[ 0.00000000e+00,  3.97349251e-01, -9.80331222e-03, ...,
         -7.70050246e-01, -9.13222442e-01, -6.47781440e-01],
        [-3.97349251e-01,  0.00000000e+00, -4.06326337e-01, ...,
         -9.60152219e-01, -9.99938993e-01, -8.97159033e-01],
        [ 9.80331222e-03,  4.06326337e-01,  0.00000000e+00, ...,
         -7.63758893e-01, -9.09184088e-01, -6.40281891e-01],
        ...,
        [ 7.70050246e-01,  9.60152219e-01,  7.63758893e-01, ...,
          0.00000000e+00, -2.68854885e-01,  1.73370773e-01],
        [ 9.13222442e-01,  9.99938993e-01,  9.09184088e-01, ...,
          2.68854885e-01,  0.00000000e+00,  4.31770896e-01],
        [ 6.47781440e-01,  8.97159033e-01,  6.40281891e-01, ...,
         -1.73370773e-01, -4.31770896e-01,  0.00000000e+00]],

       [[ 0.00000000e+00,  0.00000000e+00,  0.00000000e+00, ...,
         -9.97545117e-01, -9.97545117e-01, -9.98496075e-01],
        [ 0.00000000e+00,  0.00000000e+00,  0.00000000e+00, ...,
         -9.97545117e-01, -9.97545117e-01, -9.98496075e-01],
        [ 0.00000000e+00,  0.00000000e+00,  0.00000000e+00, ...,
         -9.97545117e-01, -9.97545117e-01, -9.98496075e-01],
        ...,
        [ 9.97545117e-01,  9.97545117e-01,  9.97545117e-01, ...,
          0.00000000e+00,  0.00000000e+00,  1.52327283e-02],
        [ 9.97545117e-01,  9.97545117e-01,  9.97545117e-01, ...,
          0.00000000e+00,  0.00000000e+00,  1.52327283e-02],
        [ 9.98496075e-01,  9.98496075e-01,  9.98496075e-01, ...,
         -1.52327283e-02, -1.52327283e-02,  0.00000000e+00]],

       ...,

       [[ 0.00000000e+00,  1.82155198e-01,  3.30464461e-01, ...,
          8.62868919e-01,  6.83977776e-01,  3.80336748e-01],
        [-1.82155198e-01,  0.00000000e+00,  1.53014287e-01, ...,
          7.56366648e-01,  5.39651950e-01,  2.05507751e-01],
        [-3.30464461e-01, -1.53014287e-01,  0.00000000e+00, ...,
          6.47365679e-01,  4.04476071e-01,  5.33394150e-02],
        ...,
        [-8.62868919e-01, -7.56366648e-01, -6.47365679e-01, ...,
          0.00000000e+00, -2.83763971e-01, -6.05789904e-01],
        [-6.83977776e-01, -5.39651950e-01, -4.04476071e-01, ...,
          2.83763971e-01,  0.00000000e+00, -3.55118789e-01],
        [-3.80336748e-01, -2.05507751e-01, -5.33394150e-02, ...,
          6.05789904e-01,  3.55118789e-01,  0.00000000e+00]],

       [[ 0.00000000e+00,  2.07615839e-02,  2.02220693e-02, ...,
         -9.63776297e-01, -9.59364287e-01, -9.62769089e-01],
        [-2.07615839e-02,  0.00000000e+00, -5.39627885e-04, ...,
         -9.58031198e-01, -9.53299195e-01, -9.56949191e-01],
        [-2.02220693e-02,  5.39627885e-04,  0.00000000e+00, ...,
         -9.58185750e-01, -9.53462039e-01, -9.57105682e-01],
        ...,
        [ 9.63776297e-01,  9.58031198e-01,  9.58185750e-01, ...,
          0.00000000e+00, -1.60753011e-02, -3.75096740e-03],
        [ 9.59364287e-01,  9.53299195e-01,  9.53462039e-01, ...,
          1.60753011e-02,  0.00000000e+00,  1.23247053e-02],
        [ 9.62769089e-01,  9.56949191e-01,  9.57105682e-01, ...,
          3.75096740e-03, -1.23247053e-02,  0.00000000e+00]],

       [[ 0.00000000e+00,  1.01900125e-01,  1.50279293e-01, ...,
         -7.43734733e-01, -7.46278496e-01, -7.47197603e-01],
        [-1.01900125e-01,  0.00000000e+00,  4.87541302e-02, ...,
         -6.71745649e-01, -6.74565673e-01, -6.75585146e-01],
        [-1.50279293e-01, -4.87541302e-02,  0.00000000e+00, ...,
         -6.34830640e-01, -6.37772464e-01, -6.38836206e-01],
        ...,
        [ 7.43734733e-01,  6.71745649e-01,  6.34830640e-01, ...,
          0.00000000e+00,  3.81341396e-03,  5.19527056e-03],
        [ 7.46278496e-01,  6.74565673e-01,  6.37772464e-01, ...,
         -3.81341396e-03,  0.00000000e+00,  1.38187029e-03],
        [ 7.47197603e-01,  6.75585146e-01,  6.38836206e-01, ...,
         -5.19527056e-03, -1.38187029e-03,  0.00000000e+00]]]), 'num': array([ 7.97851865e-01,  6.02852883e-01,  1.40287038e-05, -1.97318077e-09,
        2.96802104e-04,  2.96802104e-04,  2.90396304e-04,  3.15186753e-04,
        0.00000000e+00,  2.97869738e-04,  2.93439059e-04,  3.08635042e-04,
        1.23983242e-06,  3.08298354e-04,  2.78579764e-04])}
{'img': array([[[ 0.00000000e+00, -3.50531058e-01, -5.18841703e-01, ...,
         -9.99665759e-01, -9.98334388e-01, -9.98334388e-01],
        [ 3.50531058e-01,  0.00000000e+00, -1.86263169e-01, ...,
         -9.45300307e-01, -9.55214269e-01, -9.55214269e-01],
        [ 5.18841703e-01,  1.86263169e-01,  0.00000000e+00, ...,
         -8.67998147e-01, -8.83379844e-01, -8.83379844e-01],
        ...,
        [ 9.99665759e-01,  9.45300307e-01,  8.67998147e-01, ...,
          0.00000000e+00, -3.18636352e-02, -3.18636352e-02],
        [ 9.98334388e-01,  9.55214269e-01,  8.83379844e-01, ...,
          3.18636352e-02,  0.00000000e+00,  0.00000000e+00],
        [ 9.98334388e-01,  9.55214269e-01,  8.83379844e-01, ...,
          3.18636352e-02,  0.00000000e+00,  0.00000000e+00]],

       [[ 0.00000000e+00, -4.06326337e-01, -4.03285036e-01, ...,
         -9.99938993e-01, -8.97159033e-01, -8.96333506e-01],
        [ 4.06326337e-01,  0.00000000e+00,  3.32599434e-03, ...,
         -9.09184088e-01, -6.40281891e-01, -6.38847882e-01],
        [ 4.03285036e-01, -3.32599434e-03,  0.00000000e+00, ...,
         -9.10563984e-01, -6.42833179e-01, -6.41403146e-01],
        ...,
        [ 9.99938993e-01,  9.09184088e-01,  9.10563984e-01, ...,
          0.00000000e+00,  4.31770896e-01,  4.33452713e-01],
        [ 8.97159033e-01,  6.40281891e-01,  6.42833179e-01, ...,
         -4.31770896e-01,  0.00000000e+00,  1.86540857e-03],
        [ 8.96333506e-01,  6.38847882e-01,  6.41403146e-01, ...,
         -4.33452713e-01, -1.86540857e-03,  0.00000000e+00]],

       [[ 0.00000000e+00,  0.00000000e+00, -3.06542717e-02, ...,
         -9.97545117e-01, -9.98496075e-01, -9.96979071e-01],
        [ 0.00000000e+00,  0.00000000e+00, -3.06542717e-02, ...,
         -9.97545117e-01, -9.98496075e-01, -9.96979071e-01],
        [ 3.06542717e-02,  3.06542717e-02,  0.00000000e+00, ...,
         -9.99222935e-01, -9.99707396e-01, -9.98891476e-01],
        ...,
        [ 9.97545117e-01,  9.97545117e-01,  9.99222935e-01, ...,
          0.00000000e+00,  1.52327283e-02, -7.66482218e-03],
        [ 9.98496075e-01,  9.98496075e-01,  9.99707396e-01, ...,
         -1.52327283e-02,  0.00000000e+00, -2.28962137e-02],
        [ 9.96979071e-01,  9.96979071e-01,  9.98891476e-01, ...,
          7.66482218e-03,  2.28962137e-02,  0.00000000e+00]],

       ...,

       [[ 0.00000000e+00,  1.53014287e-01, -1.82155198e-01, ...,
          5.39651950e-01,  2.05507751e-01,  1.07353418e-01],
        [-1.53014287e-01,  0.00000000e+00, -3.30464461e-01, ...,
          4.04476071e-01,  5.33394150e-02, -4.60407842e-02],
        [ 1.82155198e-01,  3.30464461e-01,  0.00000000e+00, ...,
          6.83977776e-01,  3.80336748e-01,  2.86659882e-01],
        ...,
        [-5.39651950e-01, -4.04476071e-01, -6.83977776e-01, ...,
          0.00000000e+00, -3.55118789e-01, -4.46153682e-01],
        [-2.05507751e-01, -5.33394150e-02, -3.80336748e-01, ...,
          3.55118789e-01,  0.00000000e+00, -9.92580942e-02],
        [-1.07353418e-01,  4.60407842e-02, -2.86659882e-01, ...,
          4.46153682e-01,  9.92580942e-02,  0.00000000e+00]],

       [[ 0.00000000e+00, -5.39627885e-04, -7.51772685e-03, ...,
         -9.53299195e-01, -9.56949191e-01, -9.67219254e-01],
        [ 5.39627885e-04,  0.00000000e+00, -6.97811312e-03, ...,
         -9.53462039e-01, -9.57105682e-01, -9.67356148e-01],
        [ 7.51772685e-03,  6.97811312e-03,  0.00000000e+00, ...,
         -9.55542817e-01, -9.59104210e-01, -9.69100994e-01],
        ...,
        [ 9.53299195e-01,  9.53462039e-01,  9.55542817e-01, ...,
          0.00000000e+00,  1.23247053e-02,  5.00434587e-02],
        [ 9.56949191e-01,  9.57105682e-01,  9.59104210e-01, ...,
         -1.23247053e-02,  0.00000000e+00,  3.77303948e-02],
        [ 9.67219254e-01,  9.67356148e-01,  9.69100994e-01, ...,
         -5.00434587e-02, -3.77303948e-02,  0.00000000e+00]],

       [[ 0.00000000e+00,  4.87541302e-02,  7.87882363e-02, ...,
         -6.74565673e-01, -6.75585146e-01, -6.98995659e-01],
        [-4.87541302e-02,  0.00000000e+00,  3.00919703e-02, ...,
         -6.37772464e-01, -6.38836206e-01, -6.63299079e-01],
        [-7.87882363e-02, -3.00919703e-02,  0.00000000e+00, ...,
         -6.14306056e-01, -6.15395859e-01, -6.40479235e-01],
        ...,
        [ 6.74565673e-01,  6.37772464e-01,  6.14306056e-01, ...,
          0.00000000e+00,  1.38187029e-03,  3.36095792e-02],
        [ 6.75585146e-01,  6.38836206e-01,  6.15395859e-01, ...,
         -1.38187029e-03,  0.00000000e+00,  3.22284575e-02],
        [ 6.98995659e-01,  6.63299079e-01,  6.40479235e-01, ...,
         -3.36095792e-02, -3.22284575e-02,  0.00000000e+00]]]), 'num': array([ 7.71854376e-01,  6.35798779e-01,  9.71825689e-06, -2.14089193e-09,
        2.88865385e-04,  2.88865385e-04,  2.83707075e-04,  2.69841536e-04,
        2.06332418e-06,  2.87833723e-04,  2.84480821e-04,  2.97445375e-04,
        1.06987180e-06,  2.97642097e-04,  2.71319546e-04])}
{'img': array([[[ 0.        , -0.18626317, -0.07850013, ..., -0.95521427,
         -0.95521427, -0.93459536],
        [ 0.18626317,  0.        ,  0.10856201, ..., -0.88337984,
         -0.88337984, -0.85198366],
        [ 0.07850013, -0.10856201,  0.        , ..., -0.92903721,
         -0.92903721, -0.9037878 ],
        ...,
        [ 0.95521427,  0.88337984,  0.92903721, ...,  0.        ,
          0.        ,  0.06322104],
        [ 0.95521427,  0.88337984,  0.92903721, ...,  0.        ,
          0.        ,  0.06322104],
        [ 0.93459536,  0.85198366,  0.9037878 , ..., -0.06322104,
         -0.06322104,  0.        ]],

       [[ 0.        ,  0.00332599, -0.46068019, ..., -0.64028189,
         -0.63884788, -0.67333204],
        [-0.00332599,  0.        , -0.46362968, ..., -0.64283318,
         -0.64140315, -0.67578735],
        [ 0.46068019,  0.46362968,  0.        , ..., -0.21442567,
         -0.21260328, -0.25702736],
        ...,
        [ 0.64028189,  0.64283318,  0.21442567, ...,  0.        ,
          0.00186541, -0.04382713],
        [ 0.63884788,  0.64140315,  0.21260328, ..., -0.00186541,
          0.        , -0.04569067],
        [ 0.67333204,  0.67578735,  0.25702736, ...,  0.04382713,
          0.04569067,  0.        ]],

       [[ 0.        , -0.03065427, -0.08687659, ..., -0.99849607,
         -0.99697907, -0.99697907],
        [ 0.03065427,  0.        , -0.05629739, ..., -0.9997074 ,
         -0.99889148, -0.99889148],
        [ 0.08687659,  0.05629739,  0.        , ..., -0.9994837 ,
         -0.99995734, -0.99995734],
        ...,
        [ 0.99849607,  0.9997074 ,  0.9994837 , ...,  0.        ,
         -0.02289621, -0.02289621],
        [ 0.99697907,  0.99889148,  0.99995734, ...,  0.02289621,
          0.        ,  0.        ],
        [ 0.99697907,  0.99889148,  0.99995734, ...,  0.02289621,
          0.        ,  0.        ]],

       ...,

       [[ 0.        , -0.33046446, -0.20974018, ...,  0.05333941,
         -0.04604078, -0.26883858],
        [ 0.33046446,  0.        ,  0.12515734, ...,  0.38033675,
          0.28665988,  0.06456369],
        [ 0.20974018, -0.12515734,  0.        , ...,  0.2615946 ,
          0.16450106, -0.06084019],
        ...,
        [-0.05333941, -0.38033675, -0.2615946 , ...,  0.        ,
         -0.09925809, -0.31983161],
        [ 0.04604078, -0.28665988, -0.16450106, ...,  0.09925809,
          0.        , -0.22420768],
        [ 0.26883858, -0.06456369,  0.06084019, ...,  0.31983161,
          0.22420768,  0.        ]],

       [[ 0.        , -0.00697811, -0.00697811, ..., -0.95710568,
         -0.96735615, -0.95878662],
        [ 0.00697811,  0.        ,  0.        , ..., -0.95910421,
         -0.96910099, -0.96074595],
        [ 0.00697811,  0.        ,  0.        , ..., -0.95910421,
         -0.96910099, -0.96074595],
        ...,
        [ 0.95710568,  0.95910421,  0.95910421, ...,  0.        ,
          0.03773039,  0.00585824],
        [ 0.96735615,  0.96910099,  0.96910099, ..., -0.03773039,
          0.        , -0.03187568],
        [ 0.95878662,  0.96074595,  0.96074595, ..., -0.00585824,
          0.03187568,  0.        ]],

       [[ 0.        ,  0.03009197,  0.03009197, ..., -0.63883621,
         -0.66329908, -0.81290934],
        [-0.03009197,  0.        ,  0.        , ..., -0.61539586,
         -0.64047923, -0.79501593],
        [-0.03009197,  0.        ,  0.        , ..., -0.61539586,
         -0.64047923, -0.79501593],
        ...,
        [ 0.63883621,  0.61539586,  0.61539586, ...,  0.        ,
          0.03222846,  0.25335395],
        [ 0.66329908,  0.64047923,  0.64047923, ..., -0.03222846,
          0.        ,  0.22204538],
        [ 0.81290934,  0.79501593,  0.79501593, ..., -0.25335395,
         -0.22204538,  0.        ]]]), 'num': array([ 9.99545080e-01,  3.01381034e-02,  6.99932835e-05,  2.94440122e-10,
        3.73999605e-04,  3.75349784e-04,  3.68598889e-04,  4.41562566e-04,
       -4.05053724e-06,  3.75889856e-04,  3.73527043e-04,  3.88334006e-04,
        1.30362118e-06,  3.87277011e-04,  3.59777074e-04])}
{'img': array([[[ 0.        ,  0.10856201,  0.07140864, ..., -0.88337984,
         -0.85198366, -0.8980981 ],
        [-0.10856201,  0.        , -0.03729828, ..., -0.92903721,
         -0.9037878 , -0.9405351 ],
        [-0.07140864,  0.03729828,  0.        , ..., -0.91459091,
         -0.88719598, -0.92721056],
        ...,
        [ 0.88337984,  0.92903721,  0.91459091, ...,  0.        ,
          0.06322104, -0.03239439],
        [ 0.85198366,  0.9037878 ,  0.88719598, ..., -0.06322104,
          0.        , -0.09551744],
        [ 0.8980981 ,  0.9405351 ,  0.92721056, ...,  0.03239439,
          0.09551744,  0.        ]],

       [[ 0.        , -0.46362968, -0.42192955, ..., -0.64140315,
         -0.67578735, -0.61058494],
        [ 0.46362968,  0.        ,  0.04649809, ..., -0.21260328,
         -0.25702736, -0.17382413],
        [ 0.42192955, -0.04649809,  0.        , ..., -0.25780841,
         -0.30168531, -0.21942636],
        ...,
        [ 0.64140315,  0.21260328,  0.25780841, ...,  0.        ,
         -0.04569067,  0.0395165 ],
        [ 0.67578735,  0.25702736,  0.30168531, ...,  0.04569067,
          0.        ,  0.08513021],
        [ 0.61058494,  0.17382413,  0.21942636, ..., -0.0395165 ,
         -0.08513021,  0.        ]],

       [[ 0.        , -0.05629739, -0.1314061 , ..., -0.99889148,
         -0.99889148, -0.99753081],
        [ 0.05629739,  0.        , -0.07538848, ..., -0.99995734,
         -0.99995734, -0.99990255],
        [ 0.1314061 ,  0.07538848,  0.        , ..., -0.99641532,
         -0.99641532, -0.99810952],
        ...,
        [ 0.99889148,  0.99995734,  0.99641532, ...,  0.        ,
          0.        , -0.02319613],
        [ 0.99889148,  0.99995734,  0.99641532, ...,  0.        ,
          0.        , -0.02319613],
        [ 0.99753081,  0.99990255,  0.99810952, ...,  0.02319613,
          0.02319613,  0.        ]],

       ...,

       [[ 0.        ,  0.12515734, -0.06631689, ...,  0.28665988,
          0.06456369, -0.05949037],
        [-0.12515734,  0.        , -0.19067725, ...,  0.16450106,
         -0.06084019, -0.18395826],
        [ 0.06631689,  0.19067725,  0.        , ...,  0.34956256,
          0.13060008,  0.00684002],
        ...,
        [-0.28665988, -0.16450106, -0.34956256, ...,  0.        ,
         -0.22420768, -0.34314587],
        [-0.06456369,  0.06084019, -0.13060008, ...,  0.22420768,
          0.        , -0.12381559],
        [ 0.05949037,  0.18395826, -0.00684002, ...,  0.34314587,
          0.12381559,  0.        ]],

       [[ 0.        ,  0.        , -0.0313043 , ..., -0.97920625,
         -0.97329152, -0.82999131],
        [ 0.        ,  0.        , -0.0313043 , ..., -0.97920625,
         -0.97329152, -0.82999131],
        [ 0.0313043 ,  0.0313043 ,  0.        , ..., -0.98507696,
         -0.98000112, -0.84704532],
        ...,
        [ 0.97920625,  0.97920625,  0.98507696, ...,  0.        ,
         -0.02735005, -0.37780001],
        [ 0.97329152,  0.97329152,  0.98000112, ...,  0.02735005,
          0.        , -0.35233562],
        [ 0.82999131,  0.82999131,  0.84704532, ...,  0.37780001,
          0.35233562,  0.        ]],

       [[ 0.        ,  0.        , -0.01007613, ..., -0.64047923,
         -0.79501593, -0.91593692],
        [ 0.        ,  0.        , -0.01007613, ..., -0.64047923,
         -0.79501593, -0.91593692],
        [ 0.01007613,  0.01007613,  0.        , ..., -0.64818494,
         -0.80108764, -0.9199342 ],
        ...,
        [ 0.64047923,  0.64047923,  0.64818494, ...,  0.        ,
          0.22204538,  0.44637853],
        [ 0.79501593,  0.79501593,  0.80108764, ..., -0.22204538,
          0.        ,  0.23653925],
        [ 0.91593692,  0.91593692,  0.9199342 , ..., -0.44637853,
         -0.23653925,  0.        ]]]), 'num': array([ 9.99640889e-01,  2.67742277e-02,  7.02430841e-05, -2.77817812e-08,
        3.74035646e-04,  3.79436883e-04,  3.69984718e-04,  3.10922194e-04,
        0.00000000e+00,  3.75385955e-04,  3.74575770e-04,  3.87538738e-04,
        1.01273189e-06,  3.84908944e-04,  3.64242595e-04])}
{'img': array([[[ 0.        , -0.03729828,  0.03855305, ..., -0.9037878 ,
         -0.9405351 , -0.9405351 ],
        [ 0.03729828,  0.        ,  0.07579677, ..., -0.88719598,
         -0.92721056, -0.92721056],
        [-0.03855305, -0.07579677,  0.        , ..., -0.91961585,
         -0.9529322 , -0.9529322 ],
        ...,
        [ 0.9037878 ,  0.88719598,  0.91961585, ...,  0.        ,
         -0.09551744, -0.09551744],
        [ 0.9405351 ,  0.92721056,  0.9529322 , ...,  0.09551744,
          0.        ,  0.        ],
        [ 0.9405351 ,  0.92721056,  0.9529322 , ...,  0.09551744,
          0.        ,  0.        ]],

       [[ 0.        ,  0.04649809,  0.17817215, ..., -0.25702736,
         -0.17382413, -0.30255329],
        [-0.04649809,  0.        ,  0.13222534, ..., -0.30168531,
         -0.21942636, -0.34654489],
        [-0.17817215, -0.13222534,  0.        , ..., -0.42510105,
         -0.34650261, -0.4675339 ],
        ...,
        [ 0.25702736,  0.30168531,  0.42510105, ...,  0.        ,
          0.08513021, -0.04740762],
        [ 0.17382413,  0.21942636,  0.34650261, ..., -0.08513021,
          0.        , -0.13227002],
        [ 0.30255329,  0.34654489,  0.4675339 , ...,  0.04740762,
          0.13227002,  0.        ]],

       [[ 0.        , -0.07538848, -0.16395752, ..., -0.99995734,
         -0.99990255, -0.99956179],
        [ 0.07538848,  0.        , -0.08912266, ..., -0.99641532,
         -0.99810952, -0.99894886],
        [ 0.16395752,  0.08912266,  0.        , ..., -0.98491081,
         -0.98866019, -0.99088844],
        ...,
        [ 0.99995734,  0.99641532,  0.98491081, ...,  0.        ,
         -0.02319613, -0.03883289],
        [ 0.99990255,  0.99810952,  0.98866019, ...,  0.02319613,
          0.        , -0.01564381],
        [ 0.99956179,  0.99894886,  0.99088844, ...,  0.03883289,
          0.01564381,  0.        ]],

       ...,

       [[ 0.        , -0.19067725, -0.05834188, ..., -0.06084019,
         -0.18395826, -0.52854234],
        [ 0.19067725,  0.        ,  0.133081  , ...,  0.13060008,
          0.00684002, -0.35697782],
        [ 0.05834188, -0.133081  ,  0.        , ..., -0.00250276,
         -0.1262987 , -0.47811523],
        ...,
        [ 0.06084019, -0.13060008,  0.00250276, ...,  0.        ,
         -0.12381559, -0.47591556],
        [ 0.18395826, -0.00684002,  0.1262987 , ...,  0.12381559,
          0.        , -0.36335882],
        [ 0.52854234,  0.35697782,  0.47811523, ...,  0.47591556,
          0.36335882,  0.        ]],

       [[ 0.        , -0.03063496, -0.04712457, ..., -0.99521743,
         -0.97037128, -0.81999491],
        [ 0.03063496,  0.        , -0.01650153, ..., -0.99774287,
         -0.97731781, -0.83714459],
        [ 0.04712457,  0.01650153,  0.        , ..., -0.9987151 ,
         -0.98067939, -0.84605663],
        ...,
