state_0,state_1,state_2,state_3,state_4,state_5,state_6,state_7,state_8,state_9,state_10,state_11,state_12,state_13,state_14,state_15,state_16,state_17,state_18,state_19,state_20,state_21,state_22,state_23,state_24,state_25,state_26,state_27,state_28,state_29,state_30,state_31,state_32,state_33,state_34,state_35,state_36,state_37,state_38,state_39,state_40,state_41,state_42,state_43,state_44,state_45,state_46,state_47,state_48,state_49,state_50,state_51,state_52,state_53,state_54,state_55,state_56,state_57,state_58,state_59,state_60,state_61,state_62,state_63,state_64,state_65,state_66,state_67,state_68,state_69,state_70,state_71,state_72,state_73,state_74,state_75,state_76,state_77,state_78,state_79,state_80,state_81,state_82,state_83,state_84,state_85,state_86,state_87,state_88,state_89,state_90,state_91,state_92,state_93,state_94,state_95,state_96,state_97,state_98,state_99,state_100,state_101,state_102,state_103,state_104,state_105,state_106,state_107,state_108,state_109,state_110,state_111,state_112,state_113,state_114,state_115,state_116,state_117,state_118,state_119,state_120,state_121,state_122,state_123,state_124,state_125,state_126,state_127,state_128,state_129,state_130,state_131,state_132,state_133,state_134,state_135,state_136,state_137,state_138,state_139,state_140,state_141,state_142,state_143,state_144,state_145,state_146,state_147,state_148,state_149,state_150,state_151,state_152,state_153,state_154,state_155,state_156,state_157,state_158,state_159,state_160,state_161,state_162,state_163,state_164,state_165,state_166,state_167,state_168,state_169,state_170,state_171,state_172,state_173,state_174,state_175,state_176,state_177,state_178,state_179,state_180,state_181,state_182,state_183,state_184,state_185,state_186,state_187,state_188,state_189,state_190,state_191,state_192,state_193,state_194,state_195,state_196,state_197,state_198,state_199,state_200,state_201,state_202,state_203,state_204,state_205,state_206,state_207,state_208,state_209,state_210,state_211,state_212,state_213,state_214,state_215,state_216,state_217,state_218,state_219,state_220,state_221,state_222,state_223,state_224,state_225,state_226,state_227,state_228,state_229,state_230,state_231,state_232,state_233,state_234,state_235,state_236,state_237,state_238,state_239,state_240,state_241,state_242,state_243,state_244,state_245,state_246,state_247,state_248,state_249,state_250,state_251,state_252,state_253,state_254,state_255,state_256,state_257,state_258,state_259,state_260,state_261,state_262,state_263,state_264,state_265,state_266,state_267,state_268,state_269,state_270,state_271,state_272,state_273,state_274,state_275,state_276,state_277,state_278,state_279,state_280,state_281,state_282,state_283,state_284,state_285,state_286,state_287
{'img': array([[[ 0.        , -0.0740417 , -0.10877514, ..., -0.73613027,
         -0.96233999, -0.91995032],
        [ 0.0740417 ,  0.        , -0.03487421, ..., -0.68399533,
         -0.93957036, -0.88839826],
        [ 0.10877514,  0.03487421,  0.        , ..., -0.658139  ,
         -0.92705944, -0.87184803],
        ...,
        [ 0.73613027,  0.68399533,  0.658139  , ...,  0.        ,
         -0.45123398, -0.33407028],
        [ 0.96233999,  0.93957036,  0.92705944, ...,  0.45123398,
          0.        ,  0.12718355],
        [ 0.91995032,  0.88839826,  0.87184803, ...,  0.33407028,
         -0.12718355,  0.        ]],

       [[ 0.        , -0.48628282, -0.28238423, ..., -0.66916628,
         -0.32956819, -0.80195622],
        [ 0.48628282,  0.        ,  0.21974402, ..., -0.22335555,
          0.17113789, -0.41025353],
        [ 0.28238423, -0.21974402,  0.        , ..., -0.43208884,
         -0.0495473 , -0.60062623],
        ...,
        [ 0.66916628,  0.22335555,  0.43208884, ...,  0.        ,
          0.38687484, -0.19619542],
        [ 0.32956819, -0.17113789,  0.0495473 , ..., -0.38687484,
          0.        , -0.56027398],
        [ 0.80195622,  0.41025353,  0.60062623, ...,  0.19619542,
          0.56027398,  0.        ]],

       [[ 0.        , -0.35662773, -0.55345856, ..., -0.98196918,
         -0.96404104, -0.95087046],
        [ 0.35662773,  0.        , -0.22003984, ..., -0.98481864,
         -0.99542708, -0.9987555 ],
        [ 0.55345856,  0.22003984,  0.        , ..., -0.92248567,
         -0.95001084, -0.96330257],
        ...,
        [ 0.98196918,  0.98481864,  0.92248567, ...,  0.        ,
         -0.0787183 , -0.1242533 ],
        [ 0.96404104,  0.99542708,  0.95001084, ...,  0.0787183 ,
          0.        , -0.04575946],
        [ 0.95087046,  0.9987555 ,  0.96330257, ...,  0.1242533 ,
          0.04575946,  0.        ]],

       ...,

       [[ 0.        , -0.10456023, -0.07488402, ..., -0.4115338 ,
         -0.66965381, -0.68904243],
        [ 0.10456023,  0.        ,  0.0297931 , ..., -0.31398238,
         -0.58832904, -0.60948849],
        [ 0.07488402, -0.0297931 ,  0.        , ..., -0.34212943,
         -0.61215922, -0.63283775],
        ...,
        [ 0.4115338 ,  0.31398238,  0.34212943, ...,  0.        ,
         -0.3046836 , -0.3297423 ],
        [ 0.66965381,  0.58832904,  0.61215922, ...,  0.3046836 ,
          0.        , -0.0264213 ],
        [ 0.68904243,  0.60948849,  0.63283775, ...,  0.3297423 ,
          0.0264213 ,  0.        ]],

       [[ 0.        , -0.02173158, -0.03553116, ..., -0.08797849,
         -0.05729399, -0.04879555],
        [ 0.02173158,  0.        , -0.01380491, ..., -0.0663104 ,
         -0.03558458, -0.02707833],
        [ 0.03553116,  0.01380491,  0.        , ..., -0.05252955,
         -0.02178502, -0.0132759 ],
        ...,
        [ 0.08797849,  0.0663104 ,  0.05252955, ...,  0.        ,
          0.03076214,  0.03926735],
        [ 0.05729399,  0.03558458,  0.02178502, ..., -0.03076214,
          0.        ,  0.00851035],
        [ 0.04879555,  0.02707833,  0.0132759 , ..., -0.03926735,
         -0.00851035,  0.        ]],

       [[ 0.        , -0.16820004, -0.24734809, ..., -0.99931738,
         -0.99556431, -0.99384273],
        [ 0.16820004,  0.        , -0.08085058, ..., -0.99129379,
         -0.99720524, -0.99831989],
        [ 0.24734809,  0.08085058,  0.        , ..., -0.97740304,
         -0.98790021, -0.99036689],
        ...,
        [ 0.99931738,  0.99129379,  0.97740304, ...,  0.        ,
         -0.05724025, -0.07400881],
        [ 0.99556431,  0.99720524,  0.98790021, ...,  0.05724025,
          0.        , -0.01680419],
        [ 0.99384273,  0.99831989,  0.99036689, ...,  0.07400881,
          0.01680419,  0.        ]]]), 'num': array([7.07040687e-01, 7.07040687e-01, 0.00000000e+00, 0.00000000e+00,
       7.35081961e-04, 7.38086383e-04, 7.19058376e-04, 1.35046774e-02,
       2.00294812e-06, 7.42893459e-04, 7.82601905e-04, 7.45080010e-04,
       3.15973100e-07, 8.54500420e-04, 7.10703391e-04])}
{'img': array([[[ 0.        , -0.03487421, -0.22175172, ..., -0.93957036,
         -0.88839826, -0.87668949],
        [ 0.03487421,  0.        , -0.18761088, ..., -0.92705944,
         -0.87184803, -0.85937974],
        [ 0.22175172,  0.18761088,  0.        , ..., -0.84026003,
         -0.76447961, -0.74818754],
        ...,
        [ 0.93957036,  0.92705944,  0.84026003, ...,  0.        ,
          0.12718355,  0.15184683],
        [ 0.88839826,  0.87184803,  0.76447961, ..., -0.12718355,
          0.        ,  0.02490497],
        [ 0.87668949,  0.85937974,  0.74818754, ..., -0.15184683,
         -0.02490497,  0.        ]],

       [[ 0.        ,  0.21974402,  0.064871  , ...,  0.17113789,
         -0.41025353,  0.01808027],
        [-0.21974402,  0.        , -0.15599577, ..., -0.0495473 ,
         -0.60062623, -0.20206976],
        [-0.064871  ,  0.15599577,  0.        , ...,  0.10686345,
         -0.46854991, -0.04681821],
        ...,
        [-0.17113789,  0.0495473 , -0.10686345, ...,  0.        ,
         -0.56027398, -0.15329638],
        [ 0.41025353,  0.60062623,  0.46854991, ...,  0.56027398,
          0.        ,  0.42667516],
        [-0.01808027,  0.20206976,  0.04681821, ...,  0.15329638,
         -0.42667516,  0.        ]],

       [[ 0.        , -0.44569649, -0.60895974, ..., -0.97057644,
         -0.9581941 , -0.94446504],
        [ 0.44569649,  0.        , -0.19160413, ..., -0.97616532,
         -0.98528238, -0.99193129],
        [ 0.60895974,  0.19160413,  0.        , ..., -0.9164957 ,
         -0.93427558, -0.94926216],
        ...,
        [ 0.97057644,  0.97616532,  0.9164957 , ...,  0.        ,
         -0.04697372, -0.09152221],
        [ 0.9581941 ,  0.98528238,  0.93427558, ...,  0.04697372,
          0.        , -0.04464461],
        [ 0.94446504,  0.99193129,  0.94926216, ...,  0.09152221,
          0.04464461,  0.        ]],

       ...,

       [[ 0.        ,  0.0297931 ,  0.11001772, ..., -0.58832904,
         -0.60948849, -0.45551725],
        [-0.0297931 ,  0.        ,  0.08035664, ..., -0.61215922,
         -0.63283775, -0.48183766],
        [-0.11001772, -0.08035664,  0.        , ..., -0.67372038,
         -0.69301016, -0.55069283],
        ...,
        [ 0.58832904,  0.61215922,  0.67372038, ...,  0.        ,
         -0.0264213 ,  0.15540527],
        [ 0.60948849,  0.63283775,  0.69301016, ...,  0.0264213 ,
          0.        ,  0.18145133],
        [ 0.45551725,  0.48183766,  0.55069283, ..., -0.15540527,
         -0.18145133,  0.        ]],

       [[ 0.        , -0.01380491, -0.07063154, ..., -0.03558458,
         -0.02707833, -0.05090332],
        [ 0.01380491,  0.        , -0.05685438, ..., -0.02178502,
         -0.0132759 , -0.03711146],
        [ 0.07063154,  0.05685438,  0.        , ...,  0.03509111,
          0.04359494,  0.01976378],
        ...,
        [ 0.03558458,  0.02178502, -0.03509111, ...,  0.        ,
          0.00851035, -0.01533264],
        [ 0.02707833,  0.0132759 , -0.04359494, ..., -0.00851035,
          0.        , -0.02384143],
        [ 0.05090332,  0.03711146, -0.01976378, ...,  0.01533264,
          0.02384143,  0.        ]],

       [[ 0.        , -0.18332114, -0.26100499, ..., -0.99615715,
         -0.99453327, -0.99788324],
        [ 0.18332114,  0.        , -0.079615  , ..., -0.99533133,
         -0.99682142, -0.99289376],
        [ 0.26100499,  0.079615  ,  0.        , ..., -0.98448763,
         -0.9873144 , -0.9802675 ],
        ...,
        [ 0.99615715,  0.99533133,  0.98448763, ...,  0.        ,
         -0.01691383,  0.02261734],
        [ 0.99453327,  0.99682142,  0.9873144 , ...,  0.01691383,
          0.        ,  0.0395236 ],
        [ 0.99788324,  0.99289376,  0.9802675 , ..., -0.02261734,
         -0.0395236 ,  0.        ]]]), 'num': array([ 7.07047462e-01,  7.07047462e-01,  0.00000000e+00,  0.00000000e+00,
        7.15059332e-04,  7.26075652e-04,  7.13056364e-04,  1.27787011e-02,
       -2.00296732e-05,  7.33486631e-04,  7.80305992e-04,  7.43401319e-04,
        1.44723072e-07,  8.57562586e-04,  7.03049398e-04])}
{'img': array([[[ 0.        , -0.18761088, -0.6113579 , ..., -0.87184803,
         -0.85937974, -0.96181279],
        [ 0.18761088,  0.        , -0.45203562, ..., -0.76447961,
         -0.74818754, -0.89338366],
        [ 0.6113579 ,  0.45203562,  0.        , ..., -0.3905119 ,
         -0.36746331, -0.59380096],
        ...,
        [ 0.87184803,  0.76447961,  0.3905119 , ...,  0.        ,
          0.02490497, -0.23244136],
        [ 0.85937974,  0.74818754,  0.36746331, ..., -0.02490497,
          0.        , -0.2565921 ],
        [ 0.96181279,  0.89338366,  0.59380096, ...,  0.23244136,
          0.2565921 ,  0.        ]],

       [[ 0.        , -0.15599577,  0.20102563, ..., -0.60062623,
         -0.20206976, -0.24456646],
        [ 0.15599577,  0.        ,  0.35137589, ..., -0.46854991,
         -0.04681821, -0.09031384],
        [-0.20102563, -0.35137589,  0.        , ..., -0.74909104,
         -0.3948234 , -0.43449487],
        ...,
        [ 0.60062623,  0.46854991,  0.74909104, ...,  0.        ,
          0.42667516,  0.38684852],
        [ 0.20206976,  0.04681821,  0.3948234 , ..., -0.42667516,
          0.        , -0.04358792],
        [ 0.24456646,  0.09031384,  0.43449487, ..., -0.38684852,
          0.04358792,  0.        ]],

       [[ 0.        , -0.45129132, -0.786697  , ..., -0.96910799,
         -0.95657698, -0.90187933],
        [ 0.45129132,  0.        , -0.42343019, ..., -0.97611441,
         -0.9851693 , -0.99976854],
        [ 0.786697  ,  0.42343019,  0.        , ..., -0.79229687,
         -0.81983887, -0.89660926],
        ...,
        [ 0.96910799,  0.97611441,  0.79229687, ...,  0.        ,
         -0.04654837, -0.19620646],
        [ 0.95657698,  0.9851693 ,  0.81983887, ...,  0.04654837,
          0.        , -0.15035019],
        [ 0.90187933,  0.99976854,  0.89660926, ...,  0.19620646,
          0.15035019,  0.        ]],

       ...,

       [[ 0.        ,  0.08035664, -0.4159163 , ..., -0.63283775,
         -0.48183766, -0.98083324],
        [-0.08035664,  0.        , -0.48764787, ..., -0.69301016,
         -0.55069283, -0.99331882],
        [ 0.4159163 ,  0.48764787,  0.        , ..., -0.25346697,
         -0.07373353, -0.8109317 ],
        ...,
        [ 0.63283775,  0.69301016,  0.25346697, ...,  0.        ,
          0.18145133, -0.63613608],
        [ 0.48183766,  0.55069283,  0.07373353, ..., -0.18145133,
          0.        , -0.76557982],
        [ 0.98083324,  0.99331882,  0.8109317 , ...,  0.63613608,
          0.76557982,  0.        ]],

       [[ 0.        , -0.05685438,  0.04542912, ..., -0.0132759 ,
         -0.03711146,  0.00821815],
        [ 0.05685438,  0.        ,  0.10215132, ...,  0.04359494,
          0.01976378,  0.06505731],
        [-0.04542912, -0.10215132,  0.        , ..., -0.05868731,
         -0.08247097, -0.03721793],
        ...,
        [ 0.0132759 , -0.04359494,  0.05868731, ...,  0.        ,
         -0.02384143,  0.02149288],
        [ 0.03711146, -0.01976378,  0.08247097, ...,  0.02384143,
          0.        ,  0.04532269],
        [-0.00821815, -0.06505731,  0.03721793, ..., -0.02149288,
         -0.04532269,  0.        ]],

       [[ 0.        , -0.18818826, -0.53389186, ..., -0.99530709,
         -0.99837184, -0.98843976],
        [ 0.18818826,  0.        , -0.3652297 , ..., -0.99573427,
         -0.99126834, -0.99931128],
        [ 0.53389186,  0.3652297 ,  0.        , ..., -0.89324761,
         -0.87462977, -0.91672353],
        ...,
        [ 0.99530709,  0.99573427,  0.89324761, ...,  0.        ,
          0.03983588, -0.0552546 ],
        [ 0.99837184,  0.99126834,  0.87462977, ..., -0.03983588,
          0.        , -0.09498576],
        [ 0.98843976,  0.99931128,  0.91672353, ...,  0.0552546 ,
          0.09498576,  0.        ]]]), 'num': array([ 9.00586424e-01,  4.34393393e-01,  6.64092637e-06, -9.53766354e-11,
        9.03474867e-04,  9.29214892e-04,  9.00900864e-04,  1.54666660e-02,
       -1.54440148e-05,  9.27670490e-04,  9.95366755e-04,  9.52960064e-04,
        1.85982837e-07,  1.10088956e-03,  8.89843955e-04])}
{'img': array([[[ 0.        , -0.45203562, -0.44115072, ..., -0.74818754,
         -0.89338366, -0.95773717],
        [ 0.45203562,  0.        ,  0.01216531, ..., -0.36746331,
         -0.59380096, -0.72427577],
        [ 0.44115072, -0.01216531,  0.        , ..., -0.37875032,
         -0.60354538, -0.73261029],
        ...,
        [ 0.74818754,  0.36746331,  0.37875032, ...,  0.        ,
         -0.2565921 , -0.42023423],
        [ 0.89338366,  0.59380096,  0.60354538, ...,  0.2565921 ,
          0.        , -0.17332901],
        [ 0.95773717,  0.72427577,  0.73261029, ...,  0.42023423,
          0.17332901,  0.        ]],

       [[ 0.        ,  0.35137589,  0.41671332, ..., -0.04681821,
         -0.09031384, -0.13717937],
        [-0.35137589,  0.        ,  0.07072735, ..., -0.3948234 ,
         -0.43449487, -0.47648611],
        [-0.41671332, -0.07072735,  0.        , ..., -0.45881589,
         -0.49710907, -0.53747506],
        ...,
        [ 0.04681821,  0.3948234 ,  0.45881589, ...,  0.        ,
         -0.04358792, -0.09065334],
        [ 0.09031384,  0.43449487,  0.49710907, ...,  0.04358792,
          0.        , -0.04715873],
        [ 0.13717937,  0.47648611,  0.53747506, ...,  0.09065334,
          0.04715873,  0.        ]],

       [[ 0.        , -0.52503893, -0.68766046, ..., -0.99998582,
         -0.98881014, -0.93650401],
        [ 0.52503893,  0.        , -0.20405755, ..., -0.84826966,
         -0.91987978, -0.98114667],
        [ 0.68766046,  0.20405755,  0.        , ..., -0.72235949,
         -0.82049304, -0.92106515],
        ...,
        [ 0.99998582,  0.84826966,  0.72235949, ...,  0.        ,
         -0.15444397, -0.35563995],
        [ 0.98881014,  0.91987978,  0.82049304, ...,  0.15444397,
          0.        , -0.20702593],
        [ 0.93650401,  0.98114667,  0.92106515, ...,  0.35563995,
          0.20702593,  0.        ]],

       ...,

       [[ 0.        , -0.48764787, -0.47255137, ..., -0.55069283,
         -0.99331882, -0.99331882],
        [ 0.48764787,  0.        ,  0.01720914, ..., -0.07373353,
         -0.8109317 , -0.8109317 ],
        [ 0.47255137, -0.01720914,  0.        , ..., -0.09088491,
         -0.82088138, -0.82088138],
        ...,
        [ 0.55069283,  0.07373353,  0.09088491, ...,  0.        ,
         -0.76557982, -0.76557982],
        [ 0.99331882,  0.8109317 ,  0.82088138, ...,  0.76557982,
          0.        ,  0.        ],
        [ 0.99331882,  0.8109317 ,  0.82088138, ...,  0.76557982,
          0.        ,  0.        ]],

       [[ 0.        ,  0.10215132,  0.16875659, ...,  0.01976378,
          0.06505731,  0.0515674 ],
        [-0.10215132,  0.        ,  0.06718756, ..., -0.08247097,
         -0.03721793, -0.05071777],
        [-0.16875659, -0.06718756,  0.        , ..., -0.1492433 ,
         -0.10427484, -0.11770426],
        ...,
        [-0.01976378,  0.08247097,  0.1492433 , ...,  0.        ,
          0.04532269,  0.03181984],
        [-0.06505731,  0.03721793,  0.10427484, ..., -0.04532269,
          0.        , -0.0135126 ],
        [-0.0515674 ,  0.05071777,  0.11770426, ..., -0.03181984,
          0.0135126 ,  0.        ]],

       [[ 0.        , -0.50658733, -0.66813568, ..., -0.99882119,
         -0.98958252, -0.96110348],
        [ 0.50658733,  0.        , -0.19913804, ..., -0.88576259,
         -0.92613856, -0.96856613],
        [ 0.66813568,  0.19913804,  0.        , ..., -0.77559439,
         -0.83247777, -0.89963032],
        ...,
        [ 0.99882119,  0.88576259,  0.77559439, ...,  0.        ,
         -0.09576166, -0.22920997],
        [ 0.98958252,  0.92613856,  0.83247777, ...,  0.09576166,
          0.        , -0.13494439],
        [ 0.96110348,  0.96856613,  0.89963032, ...,  0.22920997,
          0.13494439,  0.        ]]]), 'num': array([ 9.33253945e-01,  3.59020222e-01,  8.20333890e-06, -1.18353475e-08,
        9.35234076e-04,  9.45922466e-04,  9.27217784e-04,  1.15693799e-02,
       -2.67209736e-06,  9.57145275e-04,  1.02581818e-03,  9.87028230e-04,
        2.12746605e-07,  1.14056788e-03,  9.11068472e-04])}
{'img': array([[[ 0.        ,  0.01216531, -0.44775358, ..., -0.59380096,
         -0.72427577, -0.74550926],
        [-0.01216531,  0.        , -0.45859815, ..., -0.60354538,
         -0.73261029, -0.75356222],
        [ 0.44775358,  0.45859815,  0.        , ..., -0.17068339,
         -0.33888549, -0.36817668],
        ...,
        [ 0.59380096,  0.60354538,  0.17068339, ...,  0.        ,
         -0.17332901, -0.20408014],
        [ 0.72427577,  0.73261029,  0.33888549, ...,  0.17332901,
          0.        , -0.03131002],
        [ 0.74550926,  0.75356222,  0.36817668, ...,  0.20408014,
          0.03131002,  0.        ]],

       [[ 0.        ,  0.07072735,  0.27125184, ..., -0.43449487,
         -0.47648611, -0.69617668],
        [-0.07072735,  0.        ,  0.20249687, ..., -0.49710907,
         -0.53747506, -0.74520632],
        [-0.27125184, -0.20249687,  0.        , ..., -0.66251453,
         -0.69710163, -0.8647996 ],
        ...,
        [ 0.43449487,  0.49710907,  0.66251453, ...,  0.        ,
         -0.04715873, -0.31511741],
        [ 0.47648611,  0.53747506,  0.69710163, ...,  0.04715873,
          0.        , -0.27001069],
        [ 0.69617668,  0.74520632,  0.8647996 , ...,  0.31511741,
          0.27001069,  0.        ]],

       [[ 0.        , -0.20405755, -0.48091623, ..., -0.91987978,
         -0.98114667, -0.99427706],
        [ 0.20405755,  0.        , -0.29188639, ..., -0.82049304,
         -0.92106515, -0.95155644],
        [ 0.48091623,  0.29188639,  0.        , ..., -0.61790427,
         -0.76729248, -0.82037149],
        ...,
        [ 0.91987978,  0.82049304,  0.61790427, ...,  0.        ,
         -0.20702593, -0.29168304],
        [ 0.98114667,  0.92106515,  0.76729248, ...,  0.20702593,
          0.        , -0.08734045],
        [ 0.99427706,  0.95155644,  0.82037149, ...,  0.29168304,
          0.08734045,  0.        ]],

       ...,

       [[ 0.        ,  0.01720914, -0.071013  , ..., -0.8109317 ,
         -0.8109317 , -0.72127368],
        [-0.01720914,  0.        , -0.08816818, ..., -0.82088138,
         -0.82088138, -0.73308678],
        [ 0.071013  ,  0.08816818,  0.        , ..., -0.76733181,
         -0.76733181, -0.67026558],
        ...,
        [ 0.8109317 ,  0.82088138,  0.76733181, ...,  0.        ,
          0.        ,  0.13964532],
        [ 0.8109317 ,  0.82088138,  0.76733181, ...,  0.        ,
          0.        ,  0.13964532],
        [ 0.72127368,  0.73308678,  0.67026558, ..., -0.13964532,
         -0.13964532,  0.        ]],

       [[ 0.        ,  0.06718756,  0.23998877, ..., -0.03721793,
         -0.05071777, -0.075949  ],
        [-0.06718756,  0.        ,  0.17422243, ..., -0.10427484,
         -0.11770426, -0.14277089],
        [-0.23998877, -0.17422243,  0.        , ..., -0.27595275,
         -0.28891548, -0.31302505],
        ...,
        [ 0.03721793,  0.10427484,  0.27595275, ...,  0.        ,
         -0.0135126 , -0.03878595],
        [ 0.05071777,  0.11770426,  0.28891548, ...,  0.0135126 ,
          0.        , -0.02527998],
        [ 0.075949  ,  0.14277089,  0.31302505, ...,  0.03878595,
          0.02527998,  0.        ]],

       [[ 0.        , -0.48752834, -0.79326655, ..., -0.99674523,
         -0.97490465, -0.93680476],
        [ 0.48752834,  0.        , -0.39576313, ..., -0.90956798,
         -0.95973117, -0.988494  ],
        [ 0.79326655,  0.39576313,  0.        , ..., -0.67084274,
         -0.77019384, -0.84792291],
        ...,
        [ 0.99674523,  0.90956798,  0.67084274, ...,  0.        ,
         -0.14330535, -0.27319247],
        [ 0.97490465,  0.95973117,  0.77019384, ...,  0.14330535,
          0.        , -0.1325188 ],
        [ 0.93680476,  0.988494  ,  0.84792291, ...,  0.27319247,
          0.1325188 ,  0.        ]]]), 'num': array([ 9.90463627e-01,  1.37334994e-01,  1.22400091e-05, -1.51327484e-08,
        9.92010038e-04,  1.00481935e-03,  9.89163524e-04,  1.05949803e-02,
       -4.26977061e-06,  1.00965842e-03,  1.08402359e-03,  1.04984171e-03,
        2.31048193e-07,  1.20877521e-03,  9.59271984e-04])}
{'img': array([[[ 0.        , -0.45859815, -0.50368537, ..., -0.73261029,
         -0.75356222, -0.78462506],
        [ 0.45859815,  0.        , -0.0514198 , ..., -0.33888549,
         -0.36817668, -0.41293481],
        [ 0.50368537,  0.0514198 ,  0.        , ..., -0.29006002,
         -0.31988176, -0.36555742],
        ...,
        [ 0.73261029,  0.33888549,  0.29006002, ...,  0.        ,
         -0.03131002, -0.07985693],
        [ 0.75356222,  0.36817668,  0.31988176, ...,  0.03131002,
          0.        , -0.04860775],
        [ 0.78462506,  0.41293481,  0.36555742, ...,  0.07985693,
          0.04860775,  0.        ]],

       [[ 0.        ,  0.20249687, -0.12415673, ..., -0.53747506,
         -0.74520632, -0.84829086],
        [-0.20249687,  0.        , -0.32251464, ..., -0.69710163,
         -0.8647996 , -0.93794502],
        [ 0.12415673,  0.32251464,  0.        , ..., -0.42861756,
         -0.65664844, -0.77598252],
        ...,
        [ 0.53747506,  0.69710163,  0.42861756, ...,  0.        ,
         -0.27001069, -0.43073694],
        [ 0.74520632,  0.8647996 ,  0.65664844, ...,  0.27001069,
          0.        , -0.17105964],
        [ 0.84829086,  0.93794502,  0.77598252, ...,  0.43073694,
          0.17105964,  0.        ]],

       [[ 0.        , -0.29188639, -0.54605942, ..., -0.92106515,
         -0.95155644, -0.98768968],
        [ 0.29188639,  0.        , -0.27775338, ..., -0.76729248,
         -0.82037149, -0.89902013],
        [ 0.54605942,  0.27775338,  0.        , ..., -0.55897888,
         -0.62926387, -0.74201562],
        ...,
        [ 0.92106515,  0.76729248,  0.55897888, ...,  0.        ,
         -0.08734045, -0.2405362 ],
        [ 0.95155644,  0.82037149,  0.62926387, ...,  0.08734045,
          0.        , -0.15484085],
        [ 0.98768968,  0.89902013,  0.74201562, ...,  0.2405362 ,
          0.15484085,  0.        ]],

       ...,

       [[ 0.        , -0.08816818, -0.25434641, ..., -0.82088138,
         -0.73308678, -0.71648676],
        [ 0.08816818,  0.        , -0.16808728, ..., -0.76733181,
         -0.67026558, -0.65219029],
        [ 0.25434641,  0.16808728,  0.        , ..., -0.64862828,
         -0.53598796, -0.51549155],
        ...,
        [ 0.82088138,  0.76733181,  0.64862828, ...,  0.        ,
          0.13964532,  0.16346274],
        [ 0.73308678,  0.67026558,  0.53598796, ..., -0.13964532,
          0.        ,  0.02409404],
        [ 0.71648676,  0.65219029,  0.51549155, ..., -0.16346274,
         -0.02409404,  0.        ]],

       [[ 0.        ,  0.17422243,  0.28273488, ..., -0.11770426,
         -0.14277089, -0.20539479],
        [-0.17422243,  0.        ,  0.111297  , ..., -0.28891548,
         -0.31302505, -0.37276142],
        [-0.28273488, -0.111297  ,  0.        , ..., -0.3936712 ,
         -0.41678404, -0.47372104],
        ...,
        [ 0.11770426,  0.28891548,  0.3936712 , ...,  0.        ,
         -0.02527998, -0.08877232],
        [ 0.14277089,  0.31302505,  0.41678404, ...,  0.02527998,
          0.        , -0.06356378],
        [ 0.20539479,  0.37276142,  0.47372104, ...,  0.08877232,
          0.06356378,  0.        ]],

       [[ 0.        , -0.69618025, -0.87614199, ..., -0.985451  ,
         -0.95209299, -0.90796968],
        [ 0.69618025,  0.        , -0.29335758, ..., -0.8257454 ,
         -0.8963741 , -0.94352599],
        [ 0.87614199,  0.29335758,  0.        , ..., -0.62394861,
         -0.7268912 , -0.80482454],
        ...,
        [ 0.985451  ,  0.8257454 ,  0.62394861, ...,  0.        ,
         -0.13954195, -0.25862102],
        [ 0.95209299,  0.8963741 ,  0.7268912 , ...,  0.13954195,
          0.        , -0.12129614],
        [ 0.90796968,  0.94352599,  0.80482454, ...,  0.25862102,
          0.12129614,  0.        ]]]), 'num': array([ 8.14850607e-01,  5.79277761e-01,  3.48996808e-06, -1.79854425e-08,
        7.98552018e-04,  8.18663699e-04,  7.92636818e-04,  2.12127122e-02,
       -2.60268806e-05,  8.25288723e-04,  8.91775572e-04,  8.70855481e-04,
        1.77101800e-07,  9.97247024e-04,  7.86304120e-04])}
{'img': array([[[ 0.        , -0.0514198 , -0.06442047, ..., -0.36817668,
         -0.41293481, -0.80026999],
        [ 0.0514198 ,  0.        , -0.01302225, ..., -0.31988176,
         -0.36555742, -0.76837797],
        [ 0.06442047,  0.01302225,  0.        , ..., -0.30751661,
         -0.35340546, -0.75997862],
        ...,
        [ 0.36817668,  0.31988176,  0.30751661, ...,  0.        ,
         -0.04860775, -0.52328229],
        [ 0.41293481,  0.36555742,  0.35340546, ...,  0.04860775,
          0.        , -0.48124219],
        [ 0.80026999,  0.76837797,  0.75997862, ...,  0.52328229,
          0.48124219,  0.        ]],

       [[ 0.        , -0.32251464,  0.07865716, ..., -0.8647996 ,
         -0.93794502, -0.43295983],
        [ 0.32251464,  0.        ,  0.39596948, ..., -0.65664844,
         -0.77598252, -0.11910543],
        [-0.07865716, -0.39596948,  0.        , ..., -0.90161533,
         -0.96231606, -0.502521  ],
        ...,
        [ 0.8647996 ,  0.65664844,  0.90161533, ...,  0.        ,
         -0.17105964,  0.56214523],
        [ 0.93794502,  0.77598252,  0.96231606, ...,  0.17105964,
          0.        ,  0.6953325 ],
        [ 0.43295983,  0.11910543,  0.502521  , ..., -0.56214523,
         -0.6953325 ,  0.        ]],

       [[ 0.        , -0.27775338, -0.50584181, ..., -0.82037149,
         -0.89902013, -0.99729043],
        [ 0.27775338,  0.        , -0.2463408 , ..., -0.62926387,
         -0.74201562, -0.93761653],
        [ 0.50584181,  0.2463408 ,  0.        , ..., -0.41841799,
         -0.55400654, -0.82307667],
        ...,
        [ 0.82037149,  0.62926387,  0.41841799, ...,  0.        ,
         -0.15484085, -0.50993091],
        [ 0.89902013,  0.74201562,  0.55400654, ...,  0.15484085,
          0.        , -0.37058437],
        [ 0.99729043,  0.93761653,  0.82307667, ...,  0.50993091,
          0.37058437,  0.        ]],

       ...,

       [[ 0.        , -0.16808728, -0.15801326, ..., -0.67026558,
         -0.65219029, -0.73028961],
        [ 0.16808728,  0.        ,  0.01021053, ..., -0.53598796,
         -0.51549155, -0.60507238],
        [ 0.15801326, -0.01021053,  0.        , ..., -0.54458001,
         -0.52421403, -0.61317016],
        ...,
        [ 0.67026558,  0.53598796,  0.54458001, ...,  0.        ,
          0.02409404, -0.08407982],
        [ 0.65219029,  0.51549155,  0.52421403, ..., -0.02409404,
          0.        , -0.10806414],
        [ 0.73028961,  0.60507238,  0.61317016, ...,  0.08407982,
          0.10806414,  0.        ]],

       [[ 0.        ,  0.111297  ,  0.18804074, ..., -0.31302505,
         -0.37276142, -0.45381982],
        [-0.111297  ,  0.        ,  0.07756088, ..., -0.41678404,
         -0.47372104, -0.55017636],
        [-0.18804074, -0.07756088,  0.        , ..., -0.4860318 ,
         -0.54059994, -0.61328612],
        ...,
        [ 0.31302505,  0.41678404,  0.4860318 , ...,  0.        ,
         -0.06356378, -0.15207847],
        [ 0.37276142,  0.47372104,  0.54059994, ...,  0.06356378,
          0.        , -0.08894651],
        [ 0.45381982,  0.55017636,  0.61328612, ...,  0.15207847,
          0.08894651,  0.        ]],

       [[ 0.        , -0.68826714, -0.86897049, ..., -0.98143433,
         -0.94618661, -0.87761897],
        [ 0.68826714,  0.        , -0.28980245, ..., -0.84399733,
         -0.90915608, -0.96660209],
        [ 0.86897049,  0.28980245,  0.        , ..., -0.65234366,
         -0.74945116, -0.85085068],
        ...,
        [ 0.98143433,  0.84399733,  0.65234366, ...,  0.        ,
         -0.13613611, -0.30213327],
        [ 0.94618661,  0.90915608,  0.74945116, ...,  0.13613611,
          0.        , -0.16954656],
        [ 0.87761897,  0.96660209,  0.85085068, ...,  0.30213327,
          0.16954656,  0.        ]]]), 'num': array([ 8.89632986e-01,  4.56420751e-01,  6.37076817e-06, -3.14323679e-08,
        8.75176233e-04,  8.90620520e-04,  8.70028138e-04,  1.50479217e-02,
        6.43511936e-06,  8.89076091e-04,  9.62243398e-04,  9.46391554e-04,
        2.62657933e-07,  1.08021590e-03,  8.44270898e-04])}
{'img': array([[[ 0.        , -0.01302225, -0.38105681, ..., -0.36555742,
         -0.76837797, -0.65789415],
        [ 0.01302225,  0.        , -0.36898475, ..., -0.35340546,
         -0.75997862, -0.64803117],
        [ 0.38105681,  0.36898475,  0.        , ...,  0.0167067 ,
         -0.46653014, -0.32127926],
        ...,
        [ 0.36555742,  0.35340546, -0.0167067 , ...,  0.        ,
         -0.48124219, -0.3370554 ],
        [ 0.76837797,  0.75997862,  0.46653014, ...,  0.48124219,
          0.        ,  0.15762361],
        [ 0.65789415,  0.64803117,  0.32127926, ...,  0.3370554 ,
         -0.15762361,  0.        ]],

       [[ 0.        ,  0.39596948,  0.16278724, ..., -0.77598252,
         -0.11910543, -0.4480842 ],
        [-0.39596948,  0.        , -0.24120611, ..., -0.96231606,
         -0.502521  , -0.76545274],
        [-0.16278724,  0.24120611,  0.        , ..., -0.86831061,
         -0.27914516, -0.58763768],
        ...,
        [ 0.77598252,  0.96231606,  0.86831061, ...,  0.        ,
          0.6953325 ,  0.41109058],
        [ 0.11910543,  0.502521  ,  0.27914516, ..., -0.6953325 ,
          0.        , -0.33841534],
        [ 0.4480842 ,  0.76545274,  0.58763768, ..., -0.41109058,
          0.33841534,  0.        ]],

       [[ 0.        , -0.23862902, -0.44759712, ..., -0.71208394,
         -0.89272824, -0.99994426],
        [ 0.23862902,  0.        , -0.2212759 , ..., -0.52397232,
         -0.75941287, -0.96853721],
        [ 0.44759712,  0.2212759 ,  0.        , ..., -0.32251521,
         -0.59662388, -0.88945972],
        ...,
        [ 0.71208394,  0.52397232,  0.32251521, ...,  0.        ,
         -0.30591763, -0.69453697],
        [ 0.89272824,  0.75941287,  0.59662388, ...,  0.30591763,
          0.        , -0.44114489],
        [ 0.99994426,  0.96853721,  0.88945972, ...,  0.69453697,
          0.44114489,  0.        ]],

       ...,

       [[ 0.        ,  0.01021053, -0.14150496, ..., -0.51549155,
         -0.60507238, -0.28577632],
        [-0.01021053,  0.        , -0.15160538, ..., -0.52421403,
         -0.61317016, -0.29554614],
        [ 0.14150496,  0.15160538,  0.        , ..., -0.38904959,
         -0.48632179, -0.14729702],
        ...,
        [ 0.51549155,  0.52421403,  0.38904959, ...,  0.        ,
         -0.10806414,  0.24911347],
        [ 0.60507238,  0.61317016,  0.48632179, ...,  0.10806414,
          0.        ,  0.35231198],
        [ 0.28577632,  0.29554614,  0.14729702, ..., -0.24911347,
         -0.35231198,  0.        ]],

       [[ 0.        ,  0.07756088,  0.27839163, ..., -0.47372104,
         -0.55017636, -0.59106211],
        [-0.07756088,  0.        ,  0.20305829, ..., -0.54059994,
         -0.61328612, -0.65184424],
        [-0.27839163, -0.20305829,  0.        , ..., -0.70016627,
         -0.7608971 , -0.79225398],
        ...,
        [ 0.47372104,  0.54059994,  0.70016627, ...,  0.        ,
         -0.08894651, -0.13841787],
        [ 0.55017636,  0.61328612,  0.7608971 , ...,  0.08894651,
          0.        , -0.04977894],
        [ 0.59106211,  0.65184424,  0.79225398, ...,  0.13841787,
          0.04977894,  0.        ]],

       [[ 0.        , -0.68053437, -0.92262459, ..., -0.97639316,
         -0.91802689, -0.82597708],
        [ 0.68053437,  0.        , -0.4135404 , ..., -0.86241511,
         -0.94249735, -0.9888265 ],
        [ 0.92262459,  0.4135404 ,  0.        , ..., -0.57588182,
         -0.7199196 , -0.83866559],
        ...,
        [ 0.97639316,  0.86241511,  0.57588182, ...,  0.        ,
         -0.18886291, -0.37198462],
        [ 0.91802689,  0.94249735,  0.7199196 , ...,  0.18886291,
          0.        , -0.18998028],
        [ 0.82597708,  0.9888265 ,  0.83866559, ...,  0.37198462,
          0.18998028,  0.        ]]]), 'num': array([ 8.78412507e-01,  4.77167310e-01,  5.73207424e-06, -2.63110241e-08,
        8.77998242e-04,  8.88032507e-04,  8.66709693e-04,  2.63875598e-02,
        2.50856641e-05,  8.65957123e-04,  9.29172997e-04,  9.21835440e-04,
        4.18094401e-07,  1.03465098e-03,  8.23695013e-04])}
{'img': array([[[ 0.        , -0.36898475, -0.23353461, ..., -0.75997862,
         -0.64803117, -0.30751661],
        [ 0.36898475,  0.        ,  0.14172642, ..., -0.46653014,
         -0.32127926,  0.06528791],
        [ 0.23353461, -0.14172642,  0.        , ..., -0.5871787 ,
         -0.45224895, -0.07679516],
        ...,
        [ 0.75997862,  0.46653014,  0.5871787 , ...,  0.        ,
          0.15762361,  0.52328229],
        [ 0.64803117,  0.32127926,  0.45224895, ..., -0.15762361,
          0.        ,  0.38242044],
        [ 0.30751661, -0.06528791,  0.07679516, ..., -0.52328229,
         -0.38242044,  0.        ]],

       [[ 0.        , -0.24120611, -0.61372746, ..., -0.502521  ,
         -0.76545274, -0.37542141],
        [ 0.24120611,  0.        , -0.40516993, ..., -0.27914516,
         -0.58763768, -0.14077378],
        [ 0.61372746,  0.40516993,  0.        , ...,  0.13385793,
         -0.2094099 ,  0.27243395],
        ...,
        [ 0.502521  ,  0.27914516, -0.13385793, ...,  0.        ,
         -0.33841534,  0.1411875 ],
        [ 0.76545274,  0.58763768,  0.2094099 , ...,  0.33841534,
          0.        ,  0.46788239],
        [ 0.37542141,  0.14077378, -0.27243395, ..., -0.1411875 ,
         -0.46788239,  0.        ]],

       [[ 0.        , -0.22025737, -0.4275534 , ..., -0.75359626,
         -0.9368191 , -0.96949457],
        [ 0.22025737,  0.        , -0.21794297, ..., -0.59030584,
         -0.83676334, -0.89169762],
        [ 0.4275534 ,  0.21794297,  0.        , ..., -0.40019665,
         -0.69731093, -0.77161469],
        ...,
        [ 0.75359626,  0.59030584,  0.40019665, ...,  0.        ,
         -0.35218771, -0.45256913],
        [ 0.9368191 ,  0.83676334,  0.69731093, ...,  0.35218771,
          0.        , -0.10951664],
        [ 0.96949457,  0.89169762,  0.77161469, ...,  0.45256913,
          0.10951664,  0.        ]],

       ...,

       [[ 0.        , -0.15160538, -0.36692358, ..., -0.61317016,
         -0.29554614,  0.2164903 ],
        [ 0.15160538,  0.        , -0.22165128, ..., -0.48632179,
         -0.14729702,  0.36199793],
        [ 0.36692358,  0.22165128,  0.        , ..., -0.28055061,
          0.07560042,  0.55961224],
        ...,
        [ 0.61317016,  0.48632179,  0.28055061, ...,  0.        ,
          0.35231198,  0.76964538],
        [ 0.29554614,  0.14729702, -0.07560042, ..., -0.35231198,
          0.        ,  0.49535654],
        [-0.2164903 , -0.36199793, -0.55961224, ..., -0.76964538,
         -0.49535654,  0.        ]],

       [[ 0.        ,  0.20305829,  0.22885213, ..., -0.61328612,
         -0.65184424, -0.78434511],
        [-0.20305829,  0.        ,  0.02641501, ..., -0.7608971 ,
         -0.79225398, -0.89396665],
        [-0.22885213, -0.02641501,  0.        , ..., -0.77777157,
         -0.80809574, -0.90549216],
        ...,
        [ 0.61328612,  0.7608971 ,  0.77777157, ...,  0.        ,
         -0.04977894, -0.23908694],
        [ 0.65184424,  0.79225398,  0.80809574, ...,  0.04977894,
          0.        , -0.19045528],
        [ 0.78434511,  0.89396665,  0.90549216, ...,  0.23908694,
          0.19045528,  0.        ]],

       [[ 0.        , -0.80040983, -0.95235857, ..., -0.95285477,
         -0.86809283, -0.87705777],
        [ 0.80040983,  0.        , -0.32678492, ..., -0.81405756,
         -0.91770595, -0.91025988],
        [ 0.95235857,  0.32678492,  0.        , ..., -0.57957325,
         -0.73750404, -0.72498428],
        ...,
        [ 0.95285477,  0.81405756,  0.57957325, ...,  0.        ,
         -0.20959633, -0.19161429],
        [ 0.86809283,  0.91770595,  0.73750404, ...,  0.20959633,
          0.        ,  0.01835442],
        [ 0.87705777,  0.91025988,  0.72498428, ...,  0.19161429,
         -0.01835442,  0.        ]]]), 'num': array([ 8.30110973e-01,  5.57164119e-01,  4.00803015e-06, -9.84584782e-09,
        8.14766726e-04,  8.19552433e-04,  7.95623895e-04,  2.18671664e-02,
       -2.27321113e-05,  8.21466716e-04,  8.77698781e-04,  8.78496399e-04,
        3.58211650e-07,  9.71614559e-04,  7.83783003e-04])}
{'img': array([[[ 0.        ,  0.14172642, -0.20628444, ..., -0.32127926,
          0.06528791, -0.29660595],
        [-0.14172642,  0.        , -0.34288036, ..., -0.45224895,
         -0.07679516, -0.4289607 ],
        [ 0.20628444,  0.34288036,  0.        , ..., -0.11902104,
          0.26972803, -0.09322494],
        ...,
        [ 0.32127926,  0.45224895,  0.11902104, ...,  0.        ,
          0.38242044,  0.02594044],
        [-0.06528791,  0.07679516, -0.26972803, ..., -0.38242044,
          0.        , -0.35832309],
