state_0,state_1,state_2,state_3,state_4,state_5,state_6,state_7,state_8,state_9,state_10,state_11,state_12,state_13,state_14,state_15,state_16,state_17,state_18,state_19,state_20,state_21,state_22,state_23,state_24,state_25,state_26,state_27,state_28,state_29,state_30,state_31,state_32,state_33,state_34,state_35,state_36,state_37,state_38,state_39,state_40,state_41,state_42,state_43,state_44,state_45,state_46,state_47,state_48,state_49,state_50,state_51,state_52,state_53,state_54,state_55,state_56,state_57,state_58,state_59,state_60,state_61,state_62,state_63,state_64,state_65,state_66,state_67,state_68,state_69,state_70,state_71,state_72,state_73,state_74,state_75,state_76,state_77,state_78,state_79,state_80,state_81,state_82,state_83,state_84,state_85,state_86,state_87,state_88,state_89,state_90,state_91,state_92,state_93,state_94,state_95,state_96,state_97,state_98,state_99,state_100,state_101,state_102,state_103,state_104,state_105,state_106,state_107,state_108,state_109,state_110,state_111,state_112,state_113,state_114,state_115,state_116,state_117,state_118,state_119,state_120,state_121,state_122,state_123,state_124,state_125,state_126,state_127,state_128,state_129,state_130,state_131,state_132,state_133,state_134,state_135,state_136,state_137,state_138,state_139,state_140,state_141,state_142,state_143,state_144,state_145,state_146,state_147,state_148,state_149,state_150,state_151,state_152,state_153,state_154,state_155,state_156,state_157,state_158,state_159,state_160,state_161,state_162,state_163,state_164,state_165,state_166,state_167,state_168,state_169,state_170,state_171,state_172,state_173,state_174,state_175,state_176,state_177,state_178,state_179,state_180,state_181,state_182,state_183,state_184,state_185,state_186,state_187,state_188,state_189,state_190,state_191,state_192,state_193,state_194,state_195,state_196,state_197,state_198,state_199,state_200,state_201,state_202,state_203,state_204,state_205,state_206,state_207,state_208,state_209,state_210,state_211,state_212,state_213,state_214,state_215,state_216,state_217,state_218,state_219,state_220,state_221,state_222,state_223,state_224,state_225,state_226,state_227,state_228,state_229,state_230,state_231,state_232,state_233,state_234,state_235,state_236,state_237,state_238,state_239,state_240,state_241,state_242,state_243,state_244,state_245,state_246,state_247,state_248,state_249,state_250,state_251,state_252,state_253,state_254,state_255,state_256,state_257,state_258,state_259,state_260,state_261,state_262,state_263,state_264,state_265,state_266,state_267,state_268,state_269,state_270,state_271,state_272,state_273,state_274,state_275,state_276,state_277,state_278,state_279,state_280,state_281,state_282,state_283,state_284,state_285,state_286,state_287
{'img': array([[[ 0.00000000e+00, -3.74206748e-01, -3.39780528e-01, ...,
          5.43303870e-01,  6.12695960e-01,  6.95161559e-01],
        [ 3.74206748e-01,  0.00000000e+00,  3.68493492e-02, ...,
          8.17990375e-01,  8.63923314e-01,  9.13654650e-01],
        [ 3.39780528e-01, -3.68493492e-02,  0.00000000e+00, ...,
          7.96237901e-01,  8.44778372e-01,  8.98055185e-01],
        ...,
        [-5.43303870e-01, -8.17990375e-01, -7.96237901e-01, ...,
          0.00000000e+00,  8.49971800e-02,  1.93057333e-01],
        [-6.12695960e-01, -8.63923314e-01, -8.44778372e-01, ...,
         -8.49971800e-02,  0.00000000e+00,  1.08960526e-01],
        [-6.95161559e-01, -9.13654650e-01, -8.98055185e-01, ...,
         -1.93057333e-01, -1.08960526e-01,  0.00000000e+00]],

       [[ 0.00000000e+00,  5.29448553e-01,  1.10455655e-02, ...,
          9.74976879e-02, -4.57948512e-03, -2.46245253e-02],
        [-5.29448553e-01,  0.00000000e+00, -5.20045837e-01, ...,
         -4.44214740e-01, -5.33327971e-01, -5.50178029e-01],
        [-1.10455655e-02,  5.20045837e-01,  0.00000000e+00, ...,
          8.64987984e-02, -1.56246555e-02, -3.56652393e-02],
        ...,
        [-9.74976879e-02,  4.44214740e-01, -8.64987984e-02, ...,
          0.00000000e+00, -1.02054333e-01, -1.21975332e-01],
        [ 4.57948512e-03,  5.33327971e-01,  1.56246555e-02, ...,
          1.02054333e-01,  0.00000000e+00, -2.00461706e-02],
        [ 2.46245253e-02,  5.50178029e-01,  3.56652393e-02, ...,
          1.21975332e-01,  2.00461706e-02,  0.00000000e+00]],

       [[ 0.00000000e+00,  3.50585488e-02,  1.69650919e-01, ...,
          9.98319467e-01,  9.89742607e-01,  9.81624111e-01],
        [-3.50585488e-02,  0.00000000e+00,  1.34996280e-01, ...,
          9.95674105e-01,  9.84125636e-01,  9.74330626e-01],
        [-1.69650919e-01, -1.34996280e-01,  0.00000000e+00, ...,
          9.74016718e-01,  9.51158833e-01,  9.35021099e-01],
        ...,
        [-9.98319467e-01, -9.95674105e-01, -9.74016718e-01, ...,
          0.00000000e+00, -8.52660653e-02, -1.33618663e-01],
        [-9.89742607e-01, -9.84125636e-01, -9.51158833e-01, ...,
          8.52660653e-02,  0.00000000e+00, -4.86305836e-02],
        [-9.81624111e-01, -9.74330626e-01, -9.35021099e-01, ...,
          1.33618663e-01,  4.86305836e-02,  0.00000000e+00]],

       ...,

       [[ 0.00000000e+00, -1.89826749e-01, -2.38996679e-01, ...,
          6.73944838e-02,  2.02222830e-01,  1.05459139e-01],
        [ 1.89826749e-01,  0.00000000e+00, -5.03255039e-02, ...,
          2.55564251e-01,  3.84450775e-01,  2.92309846e-01],
        [ 2.38996679e-01,  5.03255039e-02,  0.00000000e+00, ...,
          3.03894716e-01,  4.30421387e-01,  3.40066921e-01],
        ...,
        [-6.73944838e-02, -2.55564251e-01, -3.03894716e-01, ...,
          0.00000000e+00,  1.35760975e-01,  3.82007004e-02],
        [-2.02222830e-01, -3.84450775e-01, -4.30421387e-01, ...,
         -1.35760975e-01,  0.00000000e+00, -9.78148577e-02],
        [-1.05459139e-01, -2.92309846e-01, -3.40066921e-01, ...,
         -3.82007004e-02,  9.78148577e-02,  0.00000000e+00]],

       [[ 0.00000000e+00, -1.41350201e-01, -2.90354311e-01, ...,
          6.58554951e-01,  6.78226300e-01,  6.78396577e-01],
        [ 1.41350201e-01,  0.00000000e+00, -1.52178331e-01, ...,
          7.58313473e-01,  7.75288309e-01,  7.75434657e-01],
        [ 2.90354311e-01,  1.52178331e-01,  0.00000000e+00, ...,
          8.48684980e-01,  8.62375542e-01,  8.62492842e-01],
        ...,
        [-6.58554951e-01, -7.58313473e-01, -8.48684980e-01, ...,
          0.00000000e+00,  2.64462793e-02,  2.66779376e-02],
        [-6.78226300e-01, -7.75288309e-01, -8.62375542e-01, ...,
         -2.64462793e-02,  0.00000000e+00,  2.31740036e-04],
        [-6.78396577e-01, -7.75434657e-01, -8.62492842e-01, ...,
         -2.66779376e-02, -2.31740036e-04,  0.00000000e+00]],

       [[ 0.00000000e+00, -3.67661155e-02, -4.65672190e-02, ...,
          9.66389890e-01,  9.87496269e-01,  9.94619013e-01],
        [ 3.67661155e-02,  0.00000000e+00, -9.80950478e-03, ...,
          9.56284647e-01,  9.81032723e-01,  9.90137569e-01],
        [ 4.65672190e-02,  9.80950478e-03,  0.00000000e+00, ...,
          9.53369969e-01,  9.79084025e-01,  9.88715632e-01],
        ...,
        [-9.66389890e-01, -9.56284647e-01, -9.53369969e-01, ...,
          0.00000000e+00, -1.01522414e-01, -1.55579266e-01],
        [-9.87496269e-01, -9.81032723e-01, -9.79084025e-01, ...,
          1.01522414e-01,  0.00000000e+00, -5.44892098e-02],
        [-9.94619013e-01, -9.90137569e-01, -9.88715632e-01, ...,
          1.55579266e-01,  5.44892098e-02,  0.00000000e+00]]]), 'num': array([7.07097921e-01, 7.07097921e-01, 0.00000000e+00, 0.00000000e+00,
       1.68110041e-03, 1.72790830e-03, 1.66815355e-03, 1.50930549e-03,
       1.49386885e-05, 1.66237725e-03, 1.70086927e-03, 1.65361322e-03,
       3.45298152e-06, 1.76963276e-03, 1.63210579e-03])}
{'img': array([[[ 0.00000000e+00,  3.68493492e-02, -2.48054205e-01, ...,
          8.63923314e-01,  9.13654650e-01,  9.47023726e-01],
        [-3.68493492e-02,  0.00000000e+00, -2.83583400e-01, ...,
          8.44778372e-01,  8.98055185e-01,  9.34545869e-01],
        [ 2.48054205e-01,  2.83583400e-01,  0.00000000e+00, ...,
          9.61848285e-01,  9.85931306e-01,  9.97091576e-01],
        ...,
        [-8.63923314e-01, -8.44778372e-01, -9.61848285e-01, ...,
          0.00000000e+00,  1.08960526e-01,  1.99482562e-01],
        [-9.13654650e-01, -8.98055185e-01, -9.85931306e-01, ...,
         -1.08960526e-01,  0.00000000e+00,  9.15242880e-02],
        [-9.47023726e-01, -9.34545869e-01, -9.97091576e-01, ...,
         -1.99482562e-01, -9.15242880e-02,  0.00000000e+00]],

       [[ 0.00000000e+00, -5.20045837e-01, -5.39495616e-01, ...,
         -5.33327971e-01, -5.50178029e-01, -4.94655316e-01],
        [ 5.20045837e-01,  0.00000000e+00, -2.29313305e-02, ...,
         -1.56246555e-02, -3.56652393e-02,  2.94621666e-02],
        [ 5.39495616e-01,  2.29313305e-02,  0.00000000e+00, ...,
          7.30798436e-03, -1.27391194e-02,  5.23757952e-02],
        ...,
        [ 5.33327971e-01,  1.56246555e-02, -7.30798436e-03, ...,
          0.00000000e+00, -2.00461706e-02,  4.50764428e-02],
        [ 5.50178029e-01,  3.56652393e-02,  1.27391194e-02, ...,
          2.00461706e-02,  0.00000000e+00,  6.50931794e-02],
        [ 4.94655316e-01, -2.94621666e-02, -5.23757952e-02, ...,
         -4.50764428e-02, -6.50931794e-02,  0.00000000e+00]],

       [[ 0.00000000e+00,  1.34996280e-01,  7.53564447e-02, ...,
          9.84125636e-01,  9.74330626e-01,  9.77222084e-01],
        [-1.34996280e-01,  0.00000000e+00, -5.99457996e-02, ...,
          9.51158833e-01,  9.35021099e-01,  9.39627891e-01],
        [-7.53564447e-02,  5.99457996e-02,  0.00000000e+00, ...,
          9.67953684e-01,  9.54595895e-01,  9.58451425e-01],
        ...,
        [-9.84125636e-01, -9.51158833e-01, -9.67953684e-01, ...,
          0.00000000e+00, -4.86305836e-02, -3.54196561e-02],
        [-9.74330626e-01, -9.35021099e-01, -9.54595895e-01, ...,
          4.86305836e-02,  0.00000000e+00,  1.32223205e-02],
        [-9.77222084e-01, -9.39627891e-01, -9.58451425e-01, ...,
          3.54196561e-02, -1.32223205e-02,  0.00000000e+00]],

       ...,

       [[ 0.00000000e+00, -5.03255039e-02,  5.15278939e-02, ...,
          3.84450775e-01,  2.92309846e-01, -2.99522451e-01],
        [ 5.03255039e-02,  0.00000000e+00,  1.01721251e-01, ...,
          4.30421387e-01,  3.40066921e-01, -2.51127895e-01],
        [-5.15278939e-02, -1.01721251e-01,  0.00000000e+00, ...,
          3.36372310e-01,  2.42644184e-01, -3.48286762e-01],
        ...,
        [-3.84450775e-01, -4.30421387e-01, -3.36372310e-01, ...,
          0.00000000e+00, -9.78148577e-02, -6.43303153e-01],
        [-2.92309846e-01, -3.40066921e-01, -2.42644184e-01, ...,
          9.78148577e-02,  0.00000000e+00, -5.65330091e-01],
        [ 2.99522451e-01,  2.51127895e-01,  3.48286762e-01, ...,
          6.43303153e-01,  5.65330091e-01,  0.00000000e+00]],

       [[ 0.00000000e+00, -1.52178331e-01, -2.55170600e-01, ...,
          7.75288309e-01,  7.75434657e-01,  7.41223638e-01],
        [ 1.52178331e-01,  0.00000000e+00, -1.05058015e-01, ...,
          8.62375542e-01,  8.62492842e-01,  8.34741592e-01],
        [ 2.55170600e-01,  1.05058015e-01,  0.00000000e+00, ...,
          9.10790867e-01,  9.10886520e-01,  8.87971553e-01],
        ...,
        [-7.75288309e-01, -8.62375542e-01, -9.10790867e-01, ...,
          0.00000000e+00,  2.31740036e-04, -5.22561929e-02],
        [-7.75434657e-01, -8.62492842e-01, -9.10886520e-01, ...,
         -2.31740036e-04,  0.00000000e+00, -5.24876149e-02],
        [-7.41223638e-01, -8.34741592e-01, -8.87971553e-01, ...,
          5.22561929e-02,  5.24876149e-02,  0.00000000e+00]],

       [[ 0.00000000e+00, -9.80950478e-03, -1.00536884e-01, ...,
          9.81032723e-01,  9.90137569e-01,  9.91985104e-01],
        [ 9.80950478e-03,  0.00000000e+00, -9.07722431e-02, ...,
          9.79084025e-01,  9.88715632e-01,  9.90697896e-01],
        [ 1.00536884e-01,  9.07722431e-02,  0.00000000e+00, ...,
          9.56573866e-01,  9.71035802e-01,  9.74255719e-01],
        ...,
        [-9.81032723e-01, -9.79084025e-01, -9.56573866e-01, ...,
          0.00000000e+00, -5.44892098e-02, -6.83303036e-02],
        [-9.90137569e-01, -9.88715632e-01, -9.71035802e-01, ...,
          5.44892098e-02,  0.00000000e+00, -1.38669342e-02],
        [-9.91985104e-01, -9.90697896e-01, -9.74255719e-01, ...,
          6.83303036e-02,  1.38669342e-02,  0.00000000e+00]]]), 'num': array([ 8.31276313e-01,  5.55829088e-01,  1.60798146e-05, -5.41573671e-10,
        1.99599438e-03,  2.03328091e-03,  1.96336867e-03,  1.51674599e-03,
        2.91300990e-05,  1.95055143e-03,  1.98882838e-03,  1.93854983e-03,
        4.67640385e-06,  2.06821726e-03,  1.90943950e-03])}
{'img': array([[[ 0.        , -0.2835834 , -0.50927125, ...,  0.89805519,
          0.93454587,  0.9785843 ],
        [ 0.2835834 ,  0.        , -0.24431084, ...,  0.98593131,
          0.99709158,  0.99678569],
        [ 0.50927125,  0.24431084,  0.        , ...,  0.9968914 ,
          0.98549629,  0.94700727],
        ...,
        [-0.89805519, -0.98593131, -0.9968914 , ...,  0.        ,
          0.09152429,  0.24560091],
        [-0.93454587, -0.99709158, -0.98549629, ..., -0.09152429,
          0.        ,  0.15584909],
        [-0.9785843 , -0.99678569, -0.94700727, ..., -0.24560091,
         -0.15584909,  0.        ]],

       [[ 0.        , -0.02293133, -0.02439305, ..., -0.03566524,
          0.02946217,  0.01278543],
        [ 0.02293133,  0.        , -0.00146213, ..., -0.01273912,
          0.0523758 ,  0.03571153],
        [ 0.02439305,  0.00146213,  0.        , ..., -0.0112771 ,
          0.05383586,  0.03717268],
        ...,
        [ 0.03566524,  0.01273912,  0.0112771 , ...,  0.        ,
          0.06509318,  0.04843962],
        [-0.02946217, -0.0523758 , -0.05383586, ..., -0.06509318,
          0.        , -0.01667988],
        [-0.01278543, -0.03571153, -0.03717268, ..., -0.04843962,
          0.01667988,  0.        ]],

       [[ 0.        , -0.0599458 , -0.13131295, ...,  0.9350211 ,
          0.93962789,  0.95115883],
        [ 0.0599458 ,  0.        , -0.07165007, ...,  0.95459589,
          0.95845142,  0.96795368],
        [ 0.13131295,  0.07165007,  0.        , ...,  0.97348725,
          0.97642664,  0.98345928],
        ...,
        [-0.9350211 , -0.95459589, -0.97348725, ...,  0.        ,
          0.01322232,  0.04863058],
        [-0.93962789, -0.95845142, -0.97642664, ..., -0.01322232,
          0.        ,  0.03541966],
        [-0.95115883, -0.96795368, -0.98345928, ..., -0.04863058,
         -0.03541966,  0.        ]],

       ...,

       [[ 0.        ,  0.10172125, -0.16549402, ...,  0.34006692,
         -0.25112789,  0.1282905 ],
        [-0.10172125,  0.        , -0.26495419, ...,  0.24264418,
         -0.34828676,  0.02674436],
        [ 0.16549402,  0.26495419,  0.        , ...,  0.49100845,
         -0.08747445,  0.29064796],
        ...,
        [-0.34006692, -0.24264418, -0.49100845, ...,  0.        ,
         -0.56533009, -0.21661227],
        [ 0.25112789,  0.34828676,  0.08747445, ...,  0.56533009,
          0.        ,  0.37323203],
        [-0.1282905 , -0.02674436, -0.29064796, ...,  0.21661227,
         -0.37323203,  0.        ]],

       [[ 0.        , -0.10505802, -0.19878618, ...,  0.86249284,
          0.83474159,  0.8246472 ],
        [ 0.10505802,  0.        , -0.09472476, ...,  0.91088652,
          0.88797155,  0.87950947],
        [ 0.19878618,  0.09472476,  0.        , ...,  0.94587955,
          0.92754255,  0.92063251],
        ...,
        [-0.86249284, -0.91088652, -0.94587955, ...,  0.        ,
         -0.05248761, -0.07053825],
        [-0.83474159, -0.88797155, -0.92754255, ...,  0.05248761,
          0.        , -0.01808414],
        [-0.8246472 , -0.87950947, -0.92063251, ...,  0.07053825,
          0.01808414,  0.        ]],

       [[ 0.        , -0.09077224, -0.21259586, ...,  0.98871563,
          0.9906979 ,  0.99084151],
        [ 0.09077224,  0.        , -0.12302098, ...,  0.9710358 ,
          0.97425572,  0.97449403],
        [ 0.21259586,  0.12302098,  0.        , ...,  0.93426598,
          0.93912078,  0.93948428],
        ...,
        [-0.98871563, -0.9710358 , -0.93426598, ...,  0.        ,
         -0.01386693, -0.0149263 ],
        [-0.9906979 , -0.97425572, -0.93912078, ...,  0.01386693,
          0.        , -0.00105948],
        [-0.99084151, -0.97449403, -0.93948428, ...,  0.0149263 ,
          0.00105948,  0.        ]]]), 'num': array([ 9.23925817e-01,  3.82518206e-01,  3.22266435e-05,  6.25638972e-08,
        2.20084395e-03,  2.27944552e-03,  2.20084395e-03,  1.19028977e-03,
       -4.32308632e-05,  2.20320199e-03,  2.23366010e-03,  2.18302759e-03,
        5.29303498e-06,  2.32401003e-03,  2.14331017e-03])}
{'img': array([[[ 0.00000000e+00, -2.44310841e-01,  0.00000000e+00, ...,
          9.97091576e-01,  9.96785685e-01,  9.92160468e-01],
        [ 2.44310841e-01,  0.00000000e+00,  2.44310841e-01, ...,
          9.85496290e-01,  9.47007272e-01,  9.92626628e-01],
        [ 0.00000000e+00, -2.44310841e-01,  0.00000000e+00, ...,
          9.97091576e-01,  9.96785685e-01,  9.92160468e-01],
        ...,
        [-9.97091576e-01, -9.85496290e-01, -9.97091576e-01, ...,
          0.00000000e+00,  1.55849090e-01, -4.89916349e-02],
        [-9.96785685e-01, -9.47007272e-01, -9.96785685e-01, ...,
         -1.55849090e-01,  0.00000000e+00, -2.04054944e-01],
        [-9.92160468e-01, -9.92626628e-01, -9.92160468e-01, ...,
          4.89916349e-02,  2.04054944e-01,  0.00000000e+00]],

       [[ 0.00000000e+00, -1.46212665e-03,  4.40385518e-02, ...,
          5.23757952e-02,  3.57115276e-02, -6.12430916e-04],
        [ 1.46212665e-03,  0.00000000e+00,  4.54992129e-02, ...,
          5.38358590e-02,  3.71726834e-02,  8.49696113e-04],
        [-4.40385518e-02, -4.54992129e-02,  0.00000000e+00, ...,
          8.34687539e-03, -8.33357998e-03, -4.46503803e-02],
        ...,
        [-5.23757952e-02, -5.38358590e-02, -8.34687539e-03, ...,
          0.00000000e+00, -1.66798752e-02, -5.29873757e-02],
        [-3.57115276e-02, -3.71726834e-02,  8.33357998e-03, ...,
          1.66798752e-02,  0.00000000e+00, -3.63235611e-02],
        [ 6.12430916e-04, -8.49696113e-04,  4.46503803e-02, ...,
          5.29873757e-02,  3.63235611e-02,  0.00000000e+00]],

       [[ 0.00000000e+00, -7.16500744e-02, -4.55777000e-01, ...,
          9.58451425e-01,  9.67953684e-01,  9.80921203e-01],
        [ 7.16500744e-02,  0.00000000e+00, -3.90830275e-01, ...,
          9.76426641e-01,  9.83459275e-01,  9.92329255e-01],
        [ 4.55777000e-01,  3.90830275e-01,  0.00000000e+00, ...,
          9.83124890e-01,  9.76028488e-01,  9.61717743e-01],
        ...,
        [-9.58451425e-01, -9.76426641e-01, -9.83124890e-01, ...,
          0.00000000e+00,  3.54196561e-02,  9.34849923e-02],
        [-9.67953684e-01, -9.83459275e-01, -9.76028488e-01, ...,
         -3.54196561e-02,  0.00000000e+00,  5.81617906e-02],
        [-9.80921203e-01, -9.92329255e-01, -9.61717743e-01, ...,
         -9.34849923e-02, -5.81617906e-02,  0.00000000e+00]],

       ...,

       [[ 0.00000000e+00, -2.64954191e-01, -2.51069261e-01, ...,
         -3.48286762e-01,  2.67443633e-02,  4.21839468e-02],
        [ 2.64954191e-01,  0.00000000e+00,  1.43711788e-02, ...,
         -8.74744530e-02,  2.90647965e-01,  3.05394679e-01],
        [ 2.51069261e-01, -1.43711788e-02,  0.00000000e+00, ...,
         -1.01781510e-01,  2.76867173e-01,  2.91678533e-01],
        ...,
        [ 3.48286762e-01,  8.74744530e-02,  1.01781510e-01, ...,
          0.00000000e+00,  3.73232028e-01,  3.87519466e-01],
        [-2.67443633e-02, -2.90647965e-01, -2.76867173e-01, ...,
         -3.73232028e-01,  0.00000000e+00,  1.54483007e-02],
        [-4.21839468e-02, -3.05394679e-01, -2.91678533e-01, ...,
         -3.87519466e-01, -1.54483007e-02,  0.00000000e+00]],

       [[ 0.00000000e+00, -9.47247554e-02, -2.59410465e-01, ...,
          8.87971553e-01,  8.79509474e-01,  8.75156271e-01],
        [ 9.47247554e-02,  0.00000000e+00, -1.66761968e-01, ...,
          9.27542552e-01,  9.20632507e-01,  9.17052792e-01],
        [ 2.59410465e-01,  1.66761968e-01,  0.00000000e+00, ...,
          9.76876220e-01,  9.72849978e-01,  9.70710443e-01],
        ...,
        [-8.87971553e-01, -9.27542552e-01, -9.76876220e-01, ...,
          0.00000000e+00, -1.80841433e-02, -2.71535304e-02],
        [-8.79509474e-01, -9.20632507e-01, -9.72849978e-01, ...,
          1.80841433e-02,  0.00000000e+00, -9.07161477e-03],
        [-8.75156271e-01, -9.17052792e-01, -9.70710443e-01, ...,
          2.71535304e-02,  9.07161477e-03,  0.00000000e+00]],

       [[ 0.00000000e+00, -1.23020982e-01, -1.62569543e-01, ...,
          9.74255719e-01,  9.74494027e-01,  9.81082933e-01],
        [ 1.23020982e-01,  0.00000000e+00, -3.99502308e-02, ...,
          9.39120781e-01,  9.39484277e-01,  9.49815320e-01],
        [ 1.62569543e-01,  3.99502308e-02,  0.00000000e+00, ...,
          9.24644666e-01,  9.25047629e-01,  9.36560175e-01],
        ...,
        [-9.74255719e-01, -9.39120781e-01, -9.24644666e-01, ...,
          0.00000000e+00, -1.05947721e-03, -3.25768649e-02],
        [-9.74494027e-01, -9.39484277e-01, -9.25047629e-01, ...,
          1.05947721e-03,  0.00000000e+00, -3.15179317e-02],
        [-9.81082933e-01, -9.49815320e-01, -9.36560175e-01, ...,
          3.25768649e-02,  3.15179317e-02,  0.00000000e+00]]]), 'num': array([ 9.33072791e-01,  3.59631314e-01,  3.41334212e-05, -8.81379422e-08,
        2.22264138e-03,  2.23719439e-03,  2.20808837e-03,  7.25004451e-04,
        0.00000000e+00,  2.23163779e-03,  2.25558410e-03,  2.20861757e-03,
        5.12720042e-06,  2.34709866e-03,  2.16406954e-03])}
{'img': array([[[ 0.00000000e+00,  2.44310841e-01,  5.09271252e-01, ...,
          9.47007272e-01,  9.92626628e-01,  9.92626628e-01],
        [-2.44310841e-01,  0.00000000e+00,  2.83583400e-01, ...,
          9.96785685e-01,  9.92160468e-01,  9.92160468e-01],
        [-5.09271252e-01, -2.83583400e-01,  0.00000000e+00, ...,
          9.78584297e-01,  9.15990340e-01,  9.15990340e-01],
        ...,
        [-9.47007272e-01, -9.96785685e-01, -9.78584297e-01, ...,
          0.00000000e+00, -2.04054944e-01, -2.04054944e-01],
        [-9.92626628e-01, -9.92160468e-01, -9.15990340e-01, ...,
          2.04054944e-01,  0.00000000e+00,  0.00000000e+00],
        [-9.92626628e-01, -9.92160468e-01, -9.15990340e-01, ...,
          2.04054944e-01,  0.00000000e+00,  0.00000000e+00]],

       [[ 0.00000000e+00,  4.54992129e-02, -5.92551290e-02, ...,
          3.71726834e-02,  8.49696113e-04, -4.61868951e-02],
        [-4.54992129e-02,  0.00000000e+00, -1.04613028e-01, ...,
         -8.33357998e-03, -4.46503803e-02, -9.15897196e-02],
        [ 5.92551290e-02,  1.04613028e-01,  0.00000000e+00, ...,
          9.63215414e-02,  6.01033107e-02,  1.30861541e-02],
        ...,
        [-3.71726834e-02,  8.33357998e-03, -9.63215414e-02, ...,
          0.00000000e+00, -3.63235611e-02, -8.32879867e-02],
        [-8.49696113e-04,  4.46503803e-02, -6.01033107e-02, ...,
          3.63235611e-02,  0.00000000e+00, -4.70356678e-02],
        [ 4.61868951e-02,  9.15897196e-02, -1.30861541e-02, ...,
          8.32879867e-02,  4.70356678e-02,  0.00000000e+00]],

       [[ 0.00000000e+00, -3.90830275e-01, -3.03487293e-01, ...,
          9.83459275e-01,  9.92329255e-01,  9.96292669e-01],
        [ 3.90830275e-01,  0.00000000e+00,  9.30482021e-02, ...,
          9.76028488e-01,  9.61717743e-01,  9.50672878e-01],
        [ 3.03487293e-01, -9.30482021e-02,  0.00000000e+00, ...,
          9.92045363e-01,  9.83044541e-01,  9.75411592e-01],
        ...,
        [-9.83459275e-01, -9.76028488e-01, -9.92045363e-01, ...,
          0.00000000e+00,  5.81617906e-02,  9.58522669e-02],
        [-9.92329255e-01, -9.61717743e-01, -9.83044541e-01, ...,
         -5.81617906e-02,  0.00000000e+00,  3.77960165e-02],
        [-9.96292669e-01, -9.50672878e-01, -9.75411592e-01, ...,
         -9.58522669e-02, -3.77960165e-02,  0.00000000e+00]],

       ...,

       [[ 0.00000000e+00,  1.43711788e-02,  3.22867000e-01, ...,
          2.90647965e-01,  3.05394679e-01,  2.11104590e-01],
        [-1.43711788e-02,  0.00000000e+00,  3.09232136e-01, ...,
          2.76867173e-01,  2.91678533e-01,  1.97035487e-01],
        [-3.22867000e-01, -3.09232136e-01,  0.00000000e+00, ...,
         -3.38467277e-02, -1.84032393e-02, -1.15791955e-01],
        ...,
        [-2.90647965e-01, -2.76867173e-01,  3.38467277e-02, ...,
          0.00000000e+00,  1.54483007e-02, -8.21065531e-02],
        [-3.05394679e-01, -2.91678533e-01,  1.84032393e-02, ...,
         -1.54483007e-02,  0.00000000e+00, -9.74928955e-02],
        [-2.11104590e-01, -1.97035487e-01,  1.15791955e-01, ...,
          8.21065531e-02,  9.74928955e-02,  0.00000000e+00]],

       [[ 0.00000000e+00, -1.66761968e-01, -2.98436902e-01, ...,
          9.20632507e-01,  9.17052792e-01,  9.17254460e-01],
        [ 1.66761968e-01,  0.00000000e+00, -1.35095425e-01, ...,
          9.72849978e-01,  9.70710443e-01,  9.70831892e-01],
        [ 2.98436902e-01,  1.35095425e-01,  0.00000000e+00, ...,
          9.95197497e-01,  9.94268550e-01,  9.94322523e-01],
        ...,
        [-9.20632507e-01, -9.72849978e-01, -9.95197497e-01, ...,
          0.00000000e+00, -9.07161477e-03, -8.56561157e-03],
        [-9.17052792e-01, -9.70710443e-01, -9.94268550e-01, ...,
          9.07161477e-03,  0.00000000e+00,  5.06022864e-04],
        [-9.17254460e-01, -9.70831892e-01, -9.94322523e-01, ...,
          8.56561157e-03, -5.06022864e-04,  0.00000000e+00]],

       [[ 0.00000000e+00, -3.99502308e-02, -6.68916599e-02, ...,
          9.39484277e-01,  9.49815320e-01,  9.51111806e-01],
        [ 3.99502308e-02,  0.00000000e+00, -2.69775063e-02, ...,
          9.25047629e-01,  9.36560175e-01,  9.38014005e-01],
        [ 6.68916599e-02,  2.69775063e-02,  0.00000000e+00, ...,
          9.14463513e-01,  9.26763505e-01,  9.28322274e-01],
        ...,
        [-9.39484277e-01, -9.25047629e-01, -9.14463513e-01, ...,
          0.00000000e+00, -3.15179317e-02, -3.56866239e-02],
        [-9.49815320e-01, -9.36560175e-01, -9.26763505e-01, ...,
          3.15179317e-02,  0.00000000e+00, -4.17103854e-03],
        [-9.51111806e-01, -9.38014005e-01, -9.28322274e-01, ...,
          3.56866239e-02,  4.17103854e-03,  0.00000000e+00]]]), 'num': array([ 9.45323911e-01,  3.26068698e-01,  3.68604293e-05, -8.93712023e-08,
        2.25183714e-03,  2.27596396e-03,  2.24111410e-03,  8.95507376e-04,
        0.00000000e+00,  2.26282825e-03,  2.28521258e-03,  2.24176195e-03,
        5.86415921e-06,  2.37792924e-03,  2.19249592e-03])}
{'img': array([[[ 0.00000000e+00,  4.57458893e-01,  6.84267846e-01, ...,
          9.94184272e-01,  9.94184272e-01,  9.94184272e-01],
        [-4.57458893e-01,  0.00000000e+00,  2.74878923e-01, ...,
          9.33324049e-01,  9.33324049e-01,  9.33324049e-01],
        [-6.84267846e-01, -2.74878923e-01,  0.00000000e+00, ...,
          7.98680145e-01,  7.98680145e-01,  7.98680145e-01],
        ...,
        [-9.94184272e-01, -9.33324049e-01, -7.98680145e-01, ...,
          0.00000000e+00,  0.00000000e+00,  0.00000000e+00],
        [-9.94184272e-01, -9.33324049e-01, -7.98680145e-01, ...,
          0.00000000e+00,  0.00000000e+00,  0.00000000e+00],
        [-9.94184272e-01, -9.33324049e-01, -7.98680145e-01, ...,
          0.00000000e+00,  0.00000000e+00,  0.00000000e+00]],

       [[ 0.00000000e+00, -1.04613028e-01, -7.52482459e-02, ...,
         -4.46503803e-02, -9.15897196e-02, -7.33770281e-02],
        [ 1.04613028e-01,  0.00000000e+00,  2.94810731e-02, ...,
          6.01033107e-02,  1.30861541e-02,  3.13566109e-02],
        [ 7.52482459e-02, -2.94810731e-02,  0.00000000e+00, ...,
          3.06494099e-02, -1.63980828e-02,  1.87640524e-03],
        ...,
        [ 4.46503803e-02, -6.01033107e-02, -3.06494099e-02, ...,
          0.00000000e+00, -4.70356678e-02, -2.87738323e-02],
        [ 9.15897196e-02, -1.30861541e-02,  1.63980828e-02, ...,
          4.70356678e-02,  0.00000000e+00,  1.82742068e-02],
        [ 7.33770281e-02, -3.13566109e-02, -1.87640524e-03, ...,
          2.87738323e-02, -1.82742068e-02,  0.00000000e+00]],

       [[ 0.00000000e+00,  9.30482021e-02,  2.86560381e-01, ...,
          9.61717743e-01,  9.50672878e-01,  9.47310025e-01],
        [-9.30482021e-02,  0.00000000e+00,  1.96171206e-01, ...,
          9.83044541e-01,  9.75411592e-01,  9.73005248e-01],
        [-2.86560381e-01, -1.96171206e-01,  0.00000000e+00, ...,
          9.99914963e-01,  9.99693396e-01,  9.99372402e-01],
        ...,
        [-9.61717743e-01, -9.83044541e-01, -9.99914963e-01, ...,
          0.00000000e+00,  3.77960165e-02,  4.84529721e-02],
        [-9.50672878e-01, -9.75411592e-01, -9.99693396e-01, ...,
         -3.77960165e-02,  0.00000000e+00,  1.06667275e-02],
        [-9.47310025e-01, -9.73005248e-01, -9.99372402e-01, ...,
         -4.84529721e-02, -1.06667275e-02,  0.00000000e+00]],

       ...,

       [[ 0.00000000e+00,  3.09232136e-01,  6.58599010e-01, ...,
          2.91678533e-01,  1.97035487e-01,  4.56843526e-01],
        [-3.09232136e-01,  0.00000000e+00,  3.93623471e-01, ...,
         -1.84032393e-02, -1.15791955e-01,  1.59375523e-01],
        [-6.58599010e-01, -3.93623471e-01,  0.00000000e+00, ...,
         -4.10474388e-01, -4.97420032e-01, -2.42082771e-01],
        ...,
        [-2.91678533e-01,  1.84032393e-02,  4.10474388e-01, ...,
          0.00000000e+00, -9.74928955e-02,  1.77516542e-01],
        [-1.97035487e-01,  1.15791955e-01,  4.97420032e-01, ...,
          9.74928955e-02,  0.00000000e+00,  2.72615388e-01],
        [-4.56843526e-01, -1.59375523e-01,  2.42082771e-01, ...,
         -1.77516542e-01, -2.72615388e-01,  0.00000000e+00]],

       [[ 0.00000000e+00, -1.35095425e-01, -2.81180571e-01, ...,
          9.70710443e-01,  9.70831892e-01,  9.70831892e-01],
        [ 1.35095425e-01,  0.00000000e+00, -1.48957889e-01, ...,
          9.94268550e-01,  9.94322523e-01,  9.94322523e-01],
        [ 2.81180571e-01,  1.48957889e-01,  0.00000000e+00, ...,
          9.99101331e-01,  9.99079755e-01,  9.99079755e-01],
        ...,
        [-9.70710443e-01, -9.94268550e-01, -9.99101331e-01, ...,
          0.00000000e+00,  5.06022864e-04,  5.06022864e-04],
        [-9.70831892e-01, -9.94322523e-01, -9.99079755e-01, ...,
         -5.06022864e-04,  0.00000000e+00,  0.00000000e+00],
        [-9.70831892e-01, -9.94322523e-01, -9.99079755e-01, ...,
         -5.06022864e-04,  0.00000000e+00,  0.00000000e+00]],

       [[ 0.00000000e+00, -2.69775063e-02,  9.52012249e-03, ...,
          9.36560175e-01,  9.38014005e-01,  9.38014005e-01],
        [ 2.69775063e-02,  0.00000000e+00,  3.64929413e-02, ...,
          9.26763505e-01,  9.28322274e-01,  9.28322274e-01],
        [-9.52012249e-03, -3.64929413e-02,  0.00000000e+00, ...,
          9.39854600e-01,  9.41271146e-01,  9.41271146e-01],
        ...,
        [-9.36560175e-01, -9.26763505e-01, -9.39854600e-01, ...,
          0.00000000e+00, -4.17103854e-03, -4.17103854e-03],
        [-9.38014005e-01, -9.28322274e-01, -9.41271146e-01, ...,
          4.17103854e-03,  0.00000000e+00,  0.00000000e+00],
        [-9.38014005e-01, -9.28322274e-01, -9.41271146e-01, ...,
          4.17103854e-03,  0.00000000e+00,  0.00000000e+00]]]), 'num': array([ 9.91694856e-01,  1.28433431e-01,  5.09298776e-05, -9.34562763e-08,
        2.36509980e-03,  2.39161124e-03,  2.34556505e-03,  1.15799193e-03,
        2.09300867e-05,  2.35756497e-03,  2.37786715e-03,  2.33821626e-03,
        5.61609519e-06,  2.47450796e-03,  2.28122634e-03])}
{'img': array([[[ 0.        ,  0.55684132,  0.82610384, ...,  0.99846565,
          0.99846565,  0.98821156],
        [-0.55684132,  0.        ,  0.3723874 , ...,  0.86017929,
          0.86017929,  0.90607651],
        [-0.82610384, -0.3723874 ,  0.        , ...,  0.60839845,
          0.60839845,  0.68334684],
        ...,
        [-0.99846565, -0.86017929, -0.60839845, ...,  0.        ,
          0.        ,  0.09813775],
        [-0.99846565, -0.86017929, -0.60839845, ...,  0.        ,
          0.        ,  0.09813775],
        [-0.98821156, -0.90607651, -0.68334684, ..., -0.09813775,
         -0.09813775,  0.        ]],

       [[ 0.        ,  0.02948107,  0.13457583, ...,  0.01308615,
          0.03135661,  0.05148802],
        [-0.02948107,  0.        ,  0.10530444, ..., -0.01639808,
          0.00187641,  0.02202367],
        [-0.13457583, -0.10530444,  0.        , ..., -0.12159719,
         -0.10343828, -0.08337768],
        ...,
        [-0.01308615,  0.01639808,  0.12159719, ...,  0.        ,
          0.01827421,  0.03841482],
        [-0.03135661, -0.00187641,  0.10343828, ..., -0.01827421,
          0.        ,  0.02014768],
        [-0.05148802, -0.02202367,  0.08337768, ..., -0.03841482,
         -0.02014768,  0.        ]],

       [[ 0.        ,  0.27192361,  0.54393025, ...,  0.95116087,
          0.94780836,  0.94433497],
        [-0.27192361,  0.        ,  0.29525495, ...,  0.99926166,
          0.99879412,  0.99821026],
        [-0.54393025, -0.29525495,  0.        , ...,  0.96605693,
          0.96876188,  0.97136538],
        ...,
        [-0.95116087, -0.99926166, -0.96605693, ...,  0.        ,
          0.01068436,  0.02140604],
        [-0.94780836, -0.99879412, -0.96876188, ..., -0.01068436,
          0.        ,  0.0107229 ],
        [-0.94433497, -0.99821026, -0.97136538, ..., -0.02140604,
         -0.0107229 ,  0.        ]],

       ...,

       [[ 0.        ,  0.39362347,  0.42370084, ..., -0.11579196,
          0.15937552, -0.0272421 ],
        [-0.39362347,  0.        ,  0.03295121, ..., -0.49742003,
         -0.24208277, -0.41852028],
        [-0.42370084, -0.03295121,  0.        , ..., -0.52573542,
         -0.27392241, -0.44821954],
        ...,
        [ 0.11579196,  0.49742003,  0.52573542, ...,  0.        ,
          0.27261539,  0.08869012],
        [-0.15937552,  0.24208277,  0.27392241, ..., -0.27261539,
          0.        , -0.18621027],
        [ 0.0272421 ,  0.41852028,  0.44821954, ..., -0.08869012,
          0.18621027,  0.        ]],

       [[ 0.        , -0.14895789, -0.30270128, ...,  0.99432252,
          0.99432252,  0.99364288],
        [ 0.14895789,  0.        , -0.1573546 , ...,  0.99907976,
          0.99907976,  0.99932674],
        [ 0.30270128,  0.1573546 ,  0.        , ...,  0.97988428,
          0.97988428,  0.98110414],
        ...,
        [-0.99432252, -0.99907976, -0.97988428, ...,  0.        ,
          0.        , -0.00620712],
        [-0.99432252, -0.99907976, -0.97988428, ...,  0.        ,
          0.        , -0.00620712],
        [-0.99364288, -0.99932674, -0.98110414, ...,  0.00620712,
          0.00620712,  0.        ]],

       [[ 0.        ,  0.03649294,  0.0952424 , ...,  0.92832227,
          0.92832227,  0.93192722],
        [-0.03649294,  0.        ,  0.05885191, ...,  0.94127115,
          0.94127115,  0.94454047],
        [-0.0952424 , -0.05885191,  0.        , ...,  0.95951111,
          0.95951111,  0.96223   ],
        ...,
        [-0.92832227, -0.94127115, -0.95951111, ...,  0.        ,
          0.        , -0.00981687],
        [-0.92832227, -0.94127115, -0.95951111, ...,  0.        ,
          0.        , -0.00981687],
        [-0.93192722, -0.94454047, -0.96223   , ...,  0.00981687,
          0.00981687,  0.        ]]]), 'num': array([ 9.94652668e-01,  1.03046635e-01,  5.27889895e-05,  1.41780437e-08,
        2.37129264e-03,  2.38954415e-03,  2.36146490e-03,  1.51487552e-03,
       -8.42377493e-06,  2.36539600e-03,  2.38673623e-03,  2.35666803e-03,
        6.27577702e-06,  2.47388601e-03,  2.29958645e-03])}
{'img': array([[[ 0.00000000e+00,  6.23527289e-01,  7.14323165e-01, ...,
          9.89135502e-01,  9.99156531e-01,  9.96499171e-01],
        [-6.23527289e-01,  0.00000000e+00,  1.22104617e-01, ...,
          6.81645040e-01,  7.55537834e-01,  7.26936103e-01],
        [-7.14323165e-01, -1.22104617e-01,  0.00000000e+00, ...,
          5.87202575e-01,  6.69892975e-01,  6.37646747e-01],
        ...,
        [-9.89135502e-01, -6.81645040e-01, -5.87202575e-01, ...,
          0.00000000e+00,  1.06265119e-01,  6.37976728e-02],
        [-9.99156531e-01, -7.55537834e-01, -6.69892975e-01, ...,
         -1.06265119e-01,  0.00000000e+00, -4.26122016e-02],
        [-9.96499171e-01, -7.26936103e-01, -6.37646747e-01, ...,
         -6.37976728e-02,  4.26122016e-02,  0.00000000e+00]],

       [[ 0.00000000e+00,  1.05304442e-01,  2.17391053e-02, ...,
          1.87640524e-03,  2.20236730e-02,  4.75308539e-02],
        [-1.05304442e-01,  0.00000000e+00, -8.36613195e-02, ...,
         -1.03438284e-01, -8.33776782e-02, -5.79188399e-02],
        [-2.17391053e-02,  8.36613195e-02,  0.00000000e+00, ...,
         -1.98631053e-02,  2.84635820e-04,  2.58050861e-02],
        ...,
        [-1.87640524e-03,  1.03438284e-01,  1.98631053e-02, ...,
          0.00000000e+00,  2.01476841e-02,  4.56564857e-02],
        [-2.20236730e-02,  8.33776782e-02, -2.84635820e-04, ...,
         -2.01476841e-02,  0.00000000e+00,  2.55205440e-02],
        [-4.75308539e-02,  5.79188399e-02, -2.58050861e-02, ...,
         -4.56564857e-02, -2.55205440e-02,  0.00000000e+00]],

       [[ 0.00000000e+00,  4.85122709e-01,  6.91575391e-01, ...,
          9.52108391e-01,  9.48725730e-01,  9.59810199e-01],
        [-4.85122709e-01,  0.00000000e+00,  2.54339183e-01, ...,
          9.80898920e-01,  9.82957004e-01,  9.75451924e-01],
        [-6.91575391e-01, -2.54339183e-01,  0.00000000e+00, ...,
          8.99168551e-01,  9.03875946e-01,  8.87365601e-01],
        ...,
        [-9.52108391e-01, -9.80898920e-01, -8.99168551e-01, ...,
          0.00000000e+00,  1.08788327e-02, -2.62630974e-02],
        [-9.48725730e-01, -9.82957004e-01, -9.03875946e-01, ...,
         -1.08788327e-02,  0.00000000e+00, -3.71366234e-02],
        [-9.59810199e-01, -9.75451924e-01, -8.87365601e-01, ...,
          2.62630974e-02,  3.71366234e-02,  0.00000000e+00]],

       ...,

       [[ 0.00000000e+00,  3.29512137e-02,  2.02969249e-01, ...,
         -2.42082771e-01, -4.18520280e-01, -1.95809164e-01],
        [-3.29512137e-02,  0.00000000e+00,  1.70593691e-01, ...,
         -2.73922411e-01, -4.48219545e-01, -2.28016176e-01],
        [-2.02969249e-01, -1.70593691e-01,  0.00000000e+00, ...,
         -4.33975896e-01, -5.94147011e-01, -3.90773592e-01],
        ...,
        [ 2.42082771e-01,  2.73922411e-01,  4.33975896e-01, ...,
          0.00000000e+00, -1.86210269e-01,  4.74116002e-02],
        [ 4.18520280e-01,  4.48219545e-01,  5.94147011e-01, ...,
          1.86210269e-01,  0.00000000e+00,  2.32583231e-01],
        [ 1.95809164e-01,  2.28016176e-01,  3.90773592e-01, ...,
         -4.74116002e-02, -2.32583231e-01,  0.00000000e+00]],

       [[ 0.00000000e+00, -1.57354601e-01, -3.06059424e-02, ...,
          9.99079755e-01,  9.99326739e-01,  9.97728834e-01],
        [ 1.57354601e-01,  0.00000000e+00,  1.27056226e-01, ...,
          9.79884282e-01,  9.81104138e-01,  9.95898471e-01],
        [ 3.06059424e-02, -1.27056226e-01,  0.00000000e+00, ...,
          9.97298994e-01,  9.97735687e-01,  9.99322998e-01],
        ...,
        [-9.99079755e-01, -9.79884282e-01, -9.97298994e-01, ...,
          0.00000000e+00, -6.20712195e-03, -1.10090201e-01],
        [-9.99326739e-01, -9.81104138e-01, -9.97735687e-01, ...,
          6.20712195e-03,  0.00000000e+00, -1.03918688e-01],
        [-9.97728834e-01, -9.95898471e-01, -9.99322998e-01, ...,
          1.10090201e-01,  1.03918688e-01,  0.00000000e+00]],

       [[ 0.00000000e+00,  5.88519074e-02,  2.24847562e-02, ...,
          9.41271146e-01,  9.44540473e-01,  9.32124325e-01],
        [-5.88519074e-02,  0.00000000e+00, -3.63912449e-02, ...,
          9.59511107e-01,  9.62229998e-01,  9.51821234e-01],
        [-2.24847562e-02,  3.63912449e-02,  0.00000000e+00, ...,
          9.48625194e-01,  9.51685562e-01,  9.40031265e-01],
        ...,
        [-9.41271146e-01, -9.59511107e-01, -9.48625194e-01, ...,
          0.00000000e+00, -9.81687310e-03,  2.61371500e-02],
