state_0,state_1,state_2,state_3,state_4,state_5,state_6,state_7,state_8,state_9,state_10,state_11,state_12,state_13,state_14,state_15,state_16,state_17,state_18,state_19,state_20,state_21,state_22,state_23,state_24,state_25,state_26,state_27,state_28,state_29,state_30,state_31,state_32,state_33,state_34,state_35,state_36,state_37,state_38,state_39,state_40,state_41,state_42,state_43,state_44,state_45,state_46,state_47,state_48,state_49,state_50,state_51,state_52,state_53,state_54,state_55,state_56,state_57,state_58,state_59,state_60,state_61,state_62,state_63,state_64,state_65,state_66,state_67,state_68,state_69,state_70,state_71,state_72,state_73,state_74,state_75,state_76,state_77,state_78,state_79,state_80,state_81,state_82,state_83,state_84,state_85,state_86,state_87,state_88,state_89,state_90,state_91,state_92,state_93,state_94,state_95,state_96,state_97,state_98,state_99,state_100,state_101,state_102,state_103,state_104,state_105,state_106,state_107,state_108,state_109,state_110,state_111,state_112,state_113,state_114,state_115,state_116,state_117,state_118,state_119,state_120,state_121,state_122,state_123,state_124,state_125,state_126,state_127,state_128,state_129,state_130,state_131,state_132,state_133,state_134,state_135,state_136,state_137,state_138,state_139,state_140,state_141,state_142,state_143,state_144,state_145,state_146,state_147,state_148,state_149,state_150,state_151,state_152,state_153,state_154,state_155,state_156,state_157,state_158,state_159,state_160,state_161,state_162,state_163,state_164,state_165,state_166,state_167,state_168,state_169,state_170,state_171,state_172,state_173,state_174,state_175,state_176,state_177,state_178,state_179,state_180,state_181,state_182,state_183,state_184,state_185,state_186,state_187,state_188,state_189,state_190,state_191,state_192,state_193,state_194,state_195,state_196,state_197,state_198,state_199,state_200,state_201,state_202,state_203,state_204,state_205,state_206,state_207,state_208,state_209,state_210,state_211,state_212,state_213,state_214,state_215,state_216,state_217,state_218,state_219,state_220,state_221,state_222,state_223,state_224,state_225,state_226,state_227,state_228,state_229,state_230,state_231,state_232,state_233,state_234,state_235,state_236,state_237,state_238,state_239,state_240,state_241,state_242,state_243,state_244,state_245,state_246,state_247,state_248,state_249,state_250,state_251,state_252,state_253,state_254,state_255,state_256,state_257,state_258,state_259,state_260,state_261,state_262,state_263,state_264,state_265,state_266,state_267,state_268,state_269,state_270,state_271,state_272,state_273,state_274,state_275,state_276,state_277,state_278,state_279,state_280,state_281,state_282,state_283,state_284,state_285,state_286,state_287
{'img': array([[[ 0.        , -0.24615385,  0.21789266, ...,  0.68417801,
          0.68417801,  0.59682819],
        [ 0.24615385,  0.        ,  0.45142772, ...,  0.84265009,
          0.84265009,  0.77597047],
        [-0.21789266, -0.45142772,  0.        , ...,  0.50882669,
          0.50882669,  0.40765771],
        ...,
        [-0.68417801, -0.84265009, -0.50882669, ...,  0.        ,
          0.        , -0.11368749],
        [-0.68417801, -0.84265009, -0.50882669, ...,  0.        ,
          0.        , -0.11368749],
        [-0.59682819, -0.77597047, -0.40765771, ...,  0.11368749,
          0.11368749,  0.        ]],

       [[ 0.        ,  0.13757056,  0.05516947, ...,  0.02453433,
         -0.01097451,  0.23491849],
        [-0.13757056,  0.        , -0.08271613, ..., -0.1132281 ,
         -0.14843244,  0.09896422],
        [-0.05516947,  0.08271613,  0.        , ..., -0.0306559 ,
         -0.06612394,  0.18093516],
        ...,
        [-0.02453433,  0.1132281 ,  0.0306559 , ...,  0.        ,
         -0.03550405,  0.21100004],
        [ 0.01097451,  0.14843244,  0.06612394, ...,  0.03550405,
          0.        ,  0.24557173],
        [-0.23491849, -0.09896422, -0.18093516, ..., -0.21100004,
         -0.24557173,  0.        ]],

       [[ 0.        ,  0.27490602,  0.40922317, ...,  0.92058473,
          0.92058473,  0.90656485],
        [-0.27490602,  0.        ,  0.14262257, ...,  0.77775302,
          0.77775302,  0.75560727],
        [-0.40922317, -0.14262257,  0.        , ...,  0.6801539 ,
          0.6801539 ,  0.65446148],
        ...,
        [-0.92058473, -0.77775302, -0.6801539 , ...,  0.        ,
          0.        , -0.03449555],
        [-0.92058473, -0.77775302, -0.6801539 , ...,  0.        ,
          0.        , -0.03449555],
        [-0.90656485, -0.75560727, -0.65446148, ...,  0.03449555,
          0.03449555,  0.        ]],

       ...,

       [[ 0.        , -0.14100887, -0.03825877, ..., -0.99992548,
         -0.79150379, -0.88799061],
        [ 0.14100887,  0.        ,  0.10302913, ..., -0.98821313,
         -0.69741577, -0.81427354],
        [ 0.03825877, -0.10302913,  0.        , ..., -0.99872634,
         -0.76754191, -0.86974674],
        ...,
        [ 0.99992548,  0.98821313,  0.99872634, ...,  0.        ,
          0.60145608,  0.44898678],
        [ 0.79150379,  0.69741577,  0.76754191, ..., -0.60145608,
          0.        , -0.17872593],
        [ 0.88799061,  0.81427354,  0.86974674, ..., -0.44898678,
          0.17872593,  0.        ]],

       [[ 0.        ,  0.0868109 ,  0.22667979, ...,  0.985317  ,
          0.9842318 ,  0.98348583],
        [-0.0868109 ,  0.        ,  0.14127287, ...,  0.96677559,
          0.96516073,  0.9640615 ],
        [-0.22667979, -0.14127287,  0.        , ...,  0.9209664 ,
          0.9185157 ,  0.91685937],
        ...,
        [-0.985317  , -0.96677559, -0.9209664 , ...,  0.        ,
         -0.00624357, -0.01041241],
        [-0.9842318 , -0.96516073, -0.9185157 , ...,  0.00624357,
          0.        , -0.00416898],
        [-0.98348583, -0.9640615 , -0.91685937, ...,  0.01041241,
          0.00416898,  0.        ]],

       [[ 0.        ,  0.01463918,  0.01629582, ...,  0.63440253,
          0.60774667,  0.56713756],
        [-0.01463918,  0.        ,  0.00165684, ...,  0.62301842,
          0.59605611,  0.55501962],
        [-0.01629582, -0.00165684,  0.        , ...,  0.62172157,
          0.59472495,  0.55364064],
        ...,
        [-0.63440253, -0.62301842, -0.62172157, ...,  0.        ,
         -0.03400878, -0.0841096 ],
        [-0.60774667, -0.59605611, -0.59472495, ...,  0.03400878,
          0.        , -0.05017268],
        [-0.56713756, -0.55501962, -0.55364064, ...,  0.0841096 ,
          0.05017268,  0.        ]]]), 'num': array([ 7.07106151e-01,  7.07106151e-01,  0.00000000e+00,  0.00000000e+00,
        2.68359563e-04,  2.74039131e-04,  2.64809834e-04,  1.07874865e-03,
       -3.54972967e-06,  2.73613163e-04,  2.83552406e-04,  2.93148509e-04,
        3.48275364e-07,  3.00886722e-04,  2.66218091e-04])}
{'img': array([[[ 0.        ,  0.45142772,  0.34538376, ...,  0.84265009,
          0.77597047,  0.70652077],
        [-0.45142772,  0.        , -0.11545896, ...,  0.50882669,
          0.40765771,  0.310962  ],
        [-0.34538376,  0.11545896,  0.        , ...,  0.60481883,
          0.510361  ,  0.41861714],
        ...,
        [-0.84265009, -0.50882669, -0.60481883, ...,  0.        ,
         -0.11368749, -0.21590273],
        [-0.77597047, -0.40765771, -0.510361  , ...,  0.11368749,
          0.        , -0.10349677],
        [-0.70652077, -0.310962  , -0.41861714, ...,  0.21590273,
          0.10349677,  0.        ]],

       [[ 0.        , -0.08271613, -0.08084678, ..., -0.14843244,
          0.09896422,  0.18311403],
        [ 0.08271613,  0.        ,  0.00187563, ..., -0.06612394,
          0.18093516,  0.26380406],
        [ 0.08084678, -0.00187563,  0.        , ..., -0.06799534,
          0.17909017,  0.26199441],
        ...,
        [ 0.14843244,  0.06612394,  0.06799534, ...,  0.        ,
          0.24557173,  0.32700829],
        [-0.09896422, -0.18093516, -0.17909017, ..., -0.24557173,
          0.        ,  0.08492422],
        [-0.18311403, -0.26380406, -0.26199441, ..., -0.32700829,
         -0.08492422,  0.        ]],

       [[ 0.        ,  0.3122499 ,  0.3799671 , ...,  0.90851275,
          0.89302855,  0.87212355],
        [-0.3122499 ,  0.        ,  0.07213759, ...,  0.73261126,
          0.70786467,  0.67573796],
        [-0.3799671 , -0.07213759,  0.        , ...,  0.68160232,
          0.65506622,  0.62080181],
        ...,
        [-0.90851275, -0.73261126, -0.68160232, ...,  0.        ,
         -0.03567237, -0.08009925],
        [-0.89302855, -0.70786467, -0.65506622, ...,  0.03567237,
          0.        , -0.04449052],
        [-0.87212355, -0.67573796, -0.62080181, ...,  0.08009925,
          0.04449052,  0.        ]],

       ...,

       [[ 0.        ,  0.10302913,  0.19702215, ..., -0.69741577,
         -0.81427354, -0.84959248],
        [-0.10302913,  0.        ,  0.094964  , ..., -0.76754191,
         -0.86974674, -0.89941289],
        [-0.19702215, -0.094964  ,  0.        , ..., -0.82494497,
         -0.91268068, -0.93685695],
        ...,
        [ 0.69741577,  0.76754191,  0.82494497, ...,  0.        ,
         -0.17872593, -0.24102994],
        [ 0.81427354,  0.86974674,  0.91268068, ...,  0.17872593,
          0.        , -0.06369242],
        [ 0.84959248,  0.89941289,  0.93685695, ...,  0.24102994,
          0.06369242,  0.        ]],

       [[ 0.        ,  0.20999508,  0.21306612, ...,  0.98382921,
          0.9830722 ,  0.98520334],
        [-0.20999508,  0.        ,  0.00314214, ...,  0.92428019,
          0.92267709,  0.92724474],
        [-0.21306612, -0.00314214,  0.        , ...,  0.92307622,
          0.92146101,  0.92606357],
        ...,
        [-0.98382921, -0.92428019, -0.92307622, ...,  0.        ,
         -0.00417859,  0.00784085],
        [-0.9830722 , -0.92267709, -0.92146101, ...,  0.00417859,
          0.        ,  0.01201924],
        [-0.98520334, -0.92724474, -0.92606357, ..., -0.00784085,
         -0.01201924,  0.        ]],

       [[ 0.        ,  0.00165684,  0.03256785, ...,  0.59605611,
          0.55501962,  0.50126746],
        [-0.00165684,  0.        ,  0.03091185, ...,  0.59472495,
          0.55364064,  0.49983313],
        [-0.03256785, -0.03091185,  0.        , ...,  0.5695898 ,
          0.52763405,  0.47282084],
        ...,
        [-0.59605611, -0.59472495, -0.5695898 , ...,  0.        ,
         -0.05017268, -0.11327373],
        [-0.55501962, -0.55364064, -0.52763405, ...,  0.05017268,
          0.        , -0.06328131],
        [-0.50126746, -0.49983313, -0.47282084, ...,  0.11327373,
          0.06328131,  0.        ]]]), 'num': array([ 9.81005702e-01,  1.93973819e-01,  4.19750317e-05, -2.26146134e-10,
        3.71767522e-04,  3.79698562e-04,  3.69784762e-04,  8.77986007e-04,
       -2.97414017e-06,  3.79500286e-04,  3.93825728e-04,  4.09621717e-04,
        4.60283598e-07,  4.18660738e-04,  3.68990718e-04])}
{'img': array([[[ 0.        , -0.12820109, -0.4211807 , ...,  0.42331755,
          0.32489992,  0.25824791],
        [ 0.12820109,  0.        , -0.3014298 , ...,  0.53597221,
          0.44346488,  0.37996923],
        [ 0.4211807 ,  0.3014298 ,  0.        , ...,  0.76552105,
          0.69300765,  0.64111855],
        ...,
        [-0.42331755, -0.53597221, -0.76552105, ...,  0.        ,
         -0.10599863, -0.17499027],
        [-0.32489992, -0.44346488, -0.69300765, ...,  0.10599863,
          0.        , -0.06964134],
        [-0.25824791, -0.37996923, -0.64111855, ...,  0.17499027,
          0.06964134,  0.        ]],

       [[ 0.        ,  0.00187563, -0.06183941, ...,  0.18093516,
          0.26380406,  0.09186174],
        [-0.00187563,  0.        , -0.06371134, ...,  0.17909017,
          0.26199441,  0.08999389],
        [ 0.06183941,  0.06371134,  0.        , ...,  0.24140762,
          0.322948  ,  0.15326387],
        ...,
        [-0.18093516, -0.17909017, -0.24140762, ...,  0.        ,
          0.08492422, -0.08982455],
        [-0.26380406, -0.26199441, -0.322948  , ..., -0.08492422,
          0.        , -0.17408098],
        [-0.09186174, -0.08999389, -0.15326387, ...,  0.08982455,
          0.17408098,  0.        ]],

       [[ 0.        ,  0.22499909,  0.28100276, ...,  0.87330186,
          0.84957209,  0.81808904],
        [-0.22499909,  0.        ,  0.05786437, ...,  0.74129457,
          0.70910735,  0.66771732],
        [-0.28100276, -0.05786437,  0.        , ...,  0.7012151 ,
          0.66711901,  0.62352343],
        ...,
        [-0.87330186, -0.74129457, -0.7012151 , ...,  0.        ,
         -0.04674865, -0.10367235],
        [-0.84957209, -0.70910735, -0.66711901, ...,  0.04674865,
          0.        , -0.05706226],
        [-0.81808904, -0.66771732, -0.62352343, ...,  0.10367235,
          0.05706226,  0.        ]],

       ...,

       [[ 0.        ,  0.094964  , -0.07564209, ..., -0.86974674,
         -0.89941289, -0.94103802],
        [-0.094964  ,  0.        , -0.16999217, ..., -0.91268068,
         -0.93685695, -0.96891159],
        [ 0.07564209,  0.16999217,  0.        , ..., -0.8299257 ,
         -0.86377294, -0.9127522 ],
        ...,
        [ 0.86974674,  0.91268068,  0.8299257 , ...,  0.        ,
         -0.06369242, -0.17016466],
        [ 0.89941289,  0.93685695,  0.86377294, ...,  0.06369242,
          0.        , -0.10705565],
        [ 0.94103802,  0.96891159,  0.9127522 , ...,  0.17016466,
          0.10705565,  0.        ]],

       [[ 0.        ,  0.03665865,  0.09756874, ...,  0.98049205,
          0.98281442,  0.97857926],
        [-0.03665865,  0.        ,  0.06101942, ...,  0.97262743,
          0.97538676,  0.97037457],
        [-0.09756874, -0.06101942,  0.        , ...,  0.95663592,
          0.96011436,  0.95382373],
        ...,
        [-0.98049205, -0.97262743, -0.95663592, ...,  0.        ,
          0.0121855 , -0.00950599],
        [-0.98281442, -0.97538676, -0.96011436, ..., -0.0121855 ,
          0.        , -0.02169024],
        [-0.97857926, -0.97037457, -0.95382373, ...,  0.00950599,
          0.02169024,  0.        ]],

       [[ 0.        ,  0.03091185,  0.03809511, ...,  0.55364064,
          0.49983313,  0.45339051],
        [-0.03091185,  0.        ,  0.00718749, ...,  0.52763405,
          0.47282084,  0.42562175],
        [-0.03809511, -0.00718749,  0.        , ...,  0.52151485,
          0.46647531,  0.41910678],
        ...,
        [-0.55364064, -0.52763405, -0.52151485, ...,  0.        ,
         -0.06328131, -0.115903  ],
        [-0.49983313, -0.47282084, -0.46647531, ...,  0.06328131,
          0.        , -0.05281588],
        [-0.45339051, -0.42562175, -0.41910678, ...,  0.115903  ,
          0.05281588,  0.        ]]]), 'num': array([ 9.83807720e-01,  1.79222298e-01,  4.27970969e-05, -1.28820861e-08,
        3.73011322e-04,  3.74995425e-04,  3.65074911e-04,  7.42649670e-04,
        9.92051389e-07,  3.77177938e-04,  3.91860299e-04,  4.10064442e-04,
        5.24102621e-07,  4.15850719e-04,  3.67869879e-04])}
{'img': array([[[ 0.        , -0.3014298 , -0.3014298 , ...,  0.44346488,
          0.37996923,  0.40191529],
        [ 0.3014298 ,  0.        ,  0.        , ...,  0.69300765,
          0.64111855,  0.65923385],
        [ 0.3014298 ,  0.        ,  0.        , ...,  0.69300765,
          0.64111855,  0.65923385],
        ...,
        [-0.44346488, -0.69300765, -0.69300765, ...,  0.        ,
         -0.06964134, -0.04583716],
        [-0.37996923, -0.64111855, -0.64111855, ...,  0.06964134,
          0.        ,  0.02384226],
        [-0.40191529, -0.65923385, -0.65923385, ...,  0.04583716,
         -0.02384226,  0.        ]],

       [[ 0.        , -0.06371134, -0.24411941, ...,  0.26199441,
          0.08999389,  0.03934501],
        [ 0.06371134,  0.        , -0.18183969, ...,  0.322948  ,
          0.15326387,  0.10292708],
        [ 0.24411941,  0.18183969,  0.        , ...,  0.48965999,
          0.33039999,  0.28208502],
        ...,
        [-0.26199441, -0.322948  , -0.48965999, ...,  0.        ,
         -0.17408098, -0.22382088],
        [-0.08999389, -0.15326387, -0.33039999, ...,  0.17408098,
          0.        , -0.05073884],
        [-0.03934501, -0.10292708, -0.28208502, ...,  0.22382088,
          0.05073884,  0.        ]],

       [[ 0.        ,  0.1716517 ,  0.1487936 , ...,  0.83693007,
          0.80332024,  0.76520661],
        [-0.1716517 ,  0.        , -0.02315576, ...,  0.73056144,
          0.68917041,  0.64334242],
        [-0.1487936 ,  0.02315576,  0.        , ...,  0.7461774 ,
          0.70576427,  0.66089748],
        ...,
        [-0.83693007, -0.73056144, -0.7461774 , ...,  0.        ,
         -0.05876639, -0.11999775],
        [-0.80332024, -0.68917041, -0.70576427, ...,  0.05876639,
          0.        , -0.06144861],
        [-0.76520661, -0.64334242, -0.66089748, ...,  0.11999775,
          0.06144861,  0.        ]],

       ...,

       [[ 0.        , -0.16999217, -0.28507845, ..., -0.93685695,
         -0.96891159, -0.88909306],
        [ 0.16999217,  0.        , -0.11799104, ..., -0.86377294,
         -0.9127522 , -0.79834276],
        [ 0.28507845,  0.11799104,  0.        , ..., -0.79828572,
         -0.85817536, -0.72171147],
        ...,
        [ 0.93685695,  0.86377294,  0.79828572, ...,  0.        ,
         -0.10705565,  0.11789699],
        [ 0.96891159,  0.9127522 ,  0.85817536, ...,  0.10705565,
          0.        ,  0.22352847],
        [ 0.88909306,  0.79834276,  0.72171147, ..., -0.11789699,
         -0.22352847,  0.        ]],

       [[ 0.        ,  0.09046578,  0.12575901, ...,  0.98273953,
          0.97849388,  0.96822879],
        [-0.09046578,  0.        ,  0.03549579, ...,  0.96197419,
          0.95582073,  0.94163621],
        [-0.12575901, -0.03549579,  0.        , ...,  0.95167264,
          0.9447844 ,  0.92909379],
        ...,
        [-0.98273953, -0.96197419, -0.95167264, ...,  0.        ,
         -0.0216993 , -0.06663263],
        [-0.97849388, -0.95582073, -0.9447844 , ...,  0.0216993 ,
          0.        , -0.04496586],
        [-0.96822879, -0.94163621, -0.92909379, ...,  0.06663263,
          0.04496586,  0.        ]],

       [[ 0.        ,  0.00718749,  0.01293873, ...,  0.47282084,
          0.42562175,  0.40211569],
        [-0.00718749,  0.        ,  0.0057515 , ...,  0.46647531,
          0.41910678,  0.39552451],
        [-0.01293873, -0.0057515 ,  0.        , ...,  0.46138019,
          0.41387785,  0.39023547],
        ...,
        [-0.47282084, -0.46647531, -0.46138019, ...,  0.        ,
         -0.05281588, -0.07858181],
        [-0.42562175, -0.41910678, -0.41387785, ...,  0.05281588,
          0.        , -0.02581958],
        [-0.40211569, -0.39552451, -0.39023547, ...,  0.07858181,
          0.02581958,  0.        ]]]), 'num': array([ 9.98430179e-01,  5.59942523e-02,  5.06685982e-05, -8.83785586e-09,
        3.78336382e-04,  3.82404515e-04,  3.76302315e-04,  7.64870052e-04,
       -4.06813314e-06,  3.83218141e-04,  3.99134712e-04,  4.20543263e-04,
        5.58371215e-07,  4.22052740e-04,  3.76216685e-04])}
{'img': array([[[ 0.        ,  0.        ,  0.45307408, ...,  0.64111855,
          0.65923385,  0.58093005],
        [ 0.        ,  0.        ,  0.45307408, ...,  0.64111855,
          0.65923385,  0.58093005],
        [-0.45307408, -0.45307408,  0.        , ...,  0.22383177,
          0.24700548,  0.14910214],
        ...,
        [-0.64111855, -0.64111855, -0.22383177, ...,  0.        ,
          0.02384226, -0.07601064],
        [-0.65923385, -0.65923385, -0.24700548, ..., -0.02384226,
          0.        , -0.09976232],
        [-0.58093005, -0.58093005, -0.14910214, ...,  0.07601064,
          0.09976232,  0.        ]],

       [[ 0.        , -0.18183969,  0.0661211 , ...,  0.15326387,
          0.10292708,  0.10430819],
        [ 0.18183969,  0.        ,  0.2464605 , ...,  0.33039999,
          0.28208502,  0.28341694],
        [-0.0661211 , -0.2464605 ,  0.        , ...,  0.08758856,
          0.0369319 ,  0.03831951],
        ...,
        [-0.15326387, -0.33039999, -0.08758856, ...,  0.        ,
         -0.05073884, -0.04935199],
        [-0.10292708, -0.28208502, -0.0369319 , ...,  0.05073884,
          0.        ,  0.00138859],
        [-0.10430819, -0.28341694, -0.03831951, ...,  0.04935199,
         -0.00138859,  0.        ]],

       [[ 0.        , -0.08630622,  0.15787381, ...,  0.74147948,
          0.69818809,  0.63323682],
        [ 0.08630622,  0.        ,  0.24250861, ...,  0.79662213,
          0.75737078,  0.6976714 ],
        [-0.15787381, -0.24250861,  0.        , ...,  0.62625134,
          0.57640819,  0.50310787],
        ...,
        [-0.74147948, -0.79662213, -0.62625134, ...,  0.        ,
         -0.06236868, -0.14898762],
        [-0.69818809, -0.75737078, -0.57640819, ...,  0.06236868,
          0.        , -0.08702498],
        [-0.63323682, -0.6976714 , -0.50310787, ...,  0.14898762,
          0.08702498,  0.        ]],

       ...,

       [[ 0.        , -0.11799104,  0.02630469, ..., -0.9127522 ,
         -0.79834276, -0.76377848],
        [ 0.11799104,  0.        ,  0.14407116, ..., -0.85817536,
         -0.72171147, -0.68228255],
        [-0.02630469, -0.14407116,  0.        , ..., -0.92318219,
         -0.81390729, -0.7804933 ],
        ...,
        [ 0.9127522 ,  0.85817536,  0.92318219, ...,  0.        ,
          0.22352847,  0.27714793],
        [ 0.79834276,  0.72171147,  0.81390729, ..., -0.22352847,
          0.        ,  0.05536312],
        [ 0.76377848,  0.68228255,  0.7804933 , ..., -0.27714793,
         -0.05536312,  0.        ]],

       [[ 0.        ,  0.08762685,  0.21779211, ...,  0.97796817,
          0.96756187,  0.95017607],
        [-0.08762685,  0.        ,  0.13143096, ...,  0.95591383,
          0.94170248,  0.91920661],
        [-0.21779211, -0.13143096,  0.        , ...,  0.90902724,
          0.88931399,  0.85947848],
        ...,
        [-0.97796817, -0.95591383, -0.90902724, ...,  0.        ,
         -0.04508574, -0.10649298],
        [-0.96756187, -0.94170248, -0.88931399, ...,  0.04508574,
          0.        , -0.06155534],
        [-0.95017607, -0.91920661, -0.85947848, ...,  0.10649298,
          0.06155534,  0.        ]],

       [[ 0.        ,  0.0057515 ,  0.00341826, ...,  0.41910678,
          0.39552451,  0.38011003],
        [-0.0057515 ,  0.        , -0.00233326, ...,  0.41387785,
          0.39023547,  0.37478394],
        [-0.00341826,  0.00233326,  0.        , ...,  0.41600077,
          0.39238268,  0.37694612],
        ...,
        [-0.41910678, -0.41387785, -0.41600077, ...,  0.        ,
         -0.02581958, -0.04253322],
        [-0.39552451, -0.39023547, -0.39238268, ...,  0.02581958,
          0.        , -0.01672283],
        [-0.38011003, -0.37478394, -0.37694612, ...,  0.04253322,
          0.01672283,  0.        ]]]), 'num': array([ 9.99152225e-01,  4.11463717e-02,  5.23500466e-05, -2.96714449e-08,
        3.78359342e-04,  3.87663260e-04,  3.77325573e-04,  7.39496097e-04,
       -6.20261216e-06,  3.86009230e-04,  4.03531610e-04,  4.27566732e-04,
        2.15368478e-07,  4.28464730e-04,  3.78598489e-04])}
{'img': array([[[ 0.        ,  0.45307408,  0.55857003, ...,  0.65923385,
          0.58093005,  0.4211807 ],
        [-0.45307408,  0.        ,  0.12214439, ...,  0.24700548,
          0.14910214, -0.03545649],
        [-0.55857003, -0.12214439,  0.        , ...,  0.12679635,
          0.02720668, -0.15725859],
        ...,
        [-0.65923385, -0.24700548, -0.12679635, ...,  0.        ,
         -0.09976232, -0.281208  ],
        [-0.58093005, -0.14910214, -0.02720668, ...,  0.09976232,
          0.        , -0.18406854],
        [-0.4211807 ,  0.03545649,  0.15725859, ...,  0.281208  ,
          0.18406854,  0.        ]],

       [[ 0.        ,  0.2464605 ,  0.43805099, ...,  0.28208502,
          0.28341694,  0.2689161 ],
        [-0.2464605 ,  0.        ,  0.20298267, ...,  0.0369319 ,
          0.03831951,  0.02323902],
        [-0.43805099, -0.20298267,  0.        , ..., -0.16668112,
         -0.1653118 , -0.18017261],
        ...,
        [-0.28208502, -0.0369319 ,  0.16668112, ...,  0.        ,
          0.00138859, -0.01369876],
        [-0.28341694, -0.03831951,  0.1653118 , ..., -0.00138859,
          0.        , -0.0150872 ],
        [-0.2689161 , -0.02323902,  0.18017261, ...,  0.01369876,
          0.0150872 ,  0.        ]],

       [[ 0.        ,  0.24250861,  0.30767182, ...,  0.75737078,
          0.6976714 ,  0.62596551],
        [-0.24250861,  0.        ,  0.06774246, ...,  0.57640819,
          0.50310787,  0.41815945],
        [-0.30767182, -0.06774246,  0.        , ...,  0.51972753,
          0.44340752,  0.3556634 ],
        ...,
        [-0.75737078, -0.57640819, -0.51972753, ...,  0.        ,
         -0.08702498, -0.18189003],
        [-0.6976714 , -0.50310787, -0.44340752, ...,  0.08702498,
          0.        , -0.09562666],
        [-0.62596551, -0.41815945, -0.3556634 , ...,  0.18189003,
          0.09562666,  0.        ]],

       ...,

       [[ 0.        ,  0.12281805,  0.3734944 , ..., -0.55494981,
         -0.5286906 , -0.99726988],
        [-0.12281805,  0.        ,  0.25673674, ..., -0.65291875,
         -0.62893775, -0.99878901],
        [-0.3734944 , -0.25673674,  0.        , ..., -0.82549339,
         -0.80745805, -0.95267984],
        ...,
        [ 0.55494981,  0.65291875,  0.82549339, ...,  0.        ,
          0.03124034, -0.78863352],
        [ 0.5286906 ,  0.62893775,  0.80745805, ..., -0.03124034,
          0.        , -0.80745713],
        [ 0.99726988,  0.99878901,  0.95267984, ...,  0.78863352,
          0.80745713,  0.        ]],

       [[ 0.        ,  0.19996536,  0.31602902, ...,  0.96692838,
          0.94934311,  0.94690625],
        [-0.19996536,  0.        ,  0.11992913, ...,  0.89639853,
          0.8673318 ,  0.86349072],
        [-0.31602902, -0.11992913,  0.        , ...,  0.83677026,
          0.80137942,  0.79677041],
        ...,
        [-0.96692838, -0.89639853, -0.83677026, ...,  0.        ,
         -0.06172083, -0.06937039],
        [-0.94934311, -0.8673318 , -0.80137942, ...,  0.06172083,
          0.        , -0.00766599],
        [-0.94690625, -0.86349072, -0.79677041, ...,  0.06937039,
          0.00766599,  0.        ]],

       [[ 0.        , -0.00233326, -0.01647052, ...,  0.39023547,
          0.37478394,  0.31144058],
        [ 0.00233326,  0.        , -0.01413753, ...,  0.39238268,
          0.37694612,  0.31365695],
        [ 0.01647052,  0.01413753,  0.        , ...,  0.40534719,
          0.39000312,  0.3270497 ],
        ...,
        [-0.39023547, -0.39238268, -0.40534719, ...,  0.        ,
         -0.01672283, -0.08407932],
        [-0.37478394, -0.37694612, -0.39000312, ...,  0.01672283,
          0.        , -0.06740394],
        [-0.31144058, -0.31365695, -0.3270497 , ...,  0.08407932,
          0.06740394,  0.        ]]]), 'num': array([ 9.99212305e-01,  3.96640461e-02,  5.14503088e-05, -6.01083702e-08,
        3.78669400e-04,  3.81714998e-04,  3.69532605e-04,  5.62278375e-04,
        7.10639625e-06,  3.78060280e-04,  3.94506512e-04,  4.20106458e-04,
        4.51199762e-07,  4.18687872e-04,  3.70325151e-04])}
{'img': array([[[ 0.        ,  0.2235381 ,  0.41397334, ...,  0.26173496,
         -0.17959937,  0.29665211],
        [-0.2235381 ,  0.        ,  0.20001354, ...,  0.03936629,
         -0.39495798,  0.07566971],
        [-0.41397334, -0.20001354,  0.        , ..., -0.16128768,
         -0.57072939, -0.12529942],
        ...,
        [-0.26173496, -0.03936629,  0.16128768, ...,  0.        ,
         -0.4308176 ,  0.03635763],
        [ 0.17959937,  0.39495798,  0.57072939, ...,  0.4308176 ,
          0.        ,  0.46334331],
        [-0.29665211, -0.07566971,  0.12529942, ..., -0.03635763,
         -0.46334331,  0.        ]],

       [[ 0.        ,  0.2411369 ,  0.14936703, ...,  0.05160847,
          0.03199459, -0.101051  ],
        [-0.2411369 ,  0.        , -0.09347241, ..., -0.19072999,
         -0.20996298, -0.33797168],
        [-0.14936703,  0.09347241,  0.        , ..., -0.09813846,
         -0.11765489, -0.24851985],
        ...,
        [-0.05160847,  0.19072999,  0.09813846, ...,  0.        ,
         -0.0196301 , -0.15226065],
        [-0.03199459,  0.20996298,  0.11765489, ...,  0.0196301 ,
          0.        , -0.13283009],
        [ 0.101051  ,  0.33797168,  0.24851985, ...,  0.15226065,
          0.13283009,  0.        ]],

       [[ 0.        ,  0.19370103,  0.37250471, ...,  0.66993003,
          0.59079982,  0.5640252 ],
        [-0.19370103,  0.        ,  0.18568927, ...,  0.51343362,
          0.42332892,  0.39339282],
        [-0.37250471, -0.18568927,  0.        , ...,  0.34515884,
          0.24773656,  0.21583389],
        ...,
        [-0.66993003, -0.51343362, -0.34515884, ...,  0.        ,
         -0.10188762, -0.13445382],
        [-0.59079982, -0.42332892, -0.24773656, ...,  0.10188762,
          0.        , -0.03279164],
        [-0.5640252 , -0.39339282, -0.21583389, ...,  0.13445382,
          0.03279164,  0.        ]],

       ...,

       [[ 0.        ,  0.25673674,  0.4883241 , ..., -0.62893775,
         -0.99878901, -0.74928913],
        [-0.25673674,  0.        ,  0.24791166, ..., -0.80745805,
         -0.95267984, -0.8941961 ],
        [-0.4883241 , -0.24791166,  0.        , ..., -0.92850063,
         -0.84758061, -0.97726563],
        ...,
        [ 0.62893775,  0.80745805,  0.92850063, ...,  0.        ,
         -0.80745713, -0.16602945],
        [ 0.99878901,  0.95267984,  0.84758061, ...,  0.80745713,
          0.        ,  0.69830514],
        [ 0.74928913,  0.8941961 ,  0.97726563, ...,  0.16602945,
         -0.69830514,  0.        ]],

       [[ 0.        ,  0.24850832,  0.39109764, ...,  0.94479963,
          0.94222124,  0.93132878],
        [-0.24850832,  0.        ,  0.15011438, ...,  0.83373762,
          0.82941542,  0.81161114],
        [-0.39109764, -0.15011438,  0.        , ...,  0.74140295,
          0.73615827,  0.71471795],
        ...,
        [-0.94479963, -0.83373762, -0.74140295, ...,  0.        ,
         -0.00778206, -0.038928  ],
        [-0.94222124, -0.82941542, -0.73615827, ...,  0.00778206,
          0.        , -0.03115066],
        [-0.93132878, -0.81161114, -0.71471795, ...,  0.038928  ,
          0.03115066,  0.        ]],

       [[ 0.        , -0.01413753, -0.04395015, ...,  0.37694612,
          0.31365695,  0.28865183],
        [ 0.01413753,  0.        , -0.02982189, ...,  0.39000312,
          0.3270497 ,  0.30215873],
        [ 0.04395015,  0.02982189,  0.        , ...,  0.41729006,
          0.35508614,  0.33045229],
        ...,
        [-0.37694612, -0.39000312, -0.41729006, ...,  0.        ,
         -0.06740394, -0.0935416 ],
        [-0.31365695, -0.3270497 , -0.35508614, ...,  0.06740394,
          0.        , -0.02622046],
        [-0.28865183, -0.30215873, -0.33045229, ...,  0.0935416 ,
          0.02622046,  0.        ]]]), 'num': array([ 9.99559484e-01,  2.96028525e-02,  5.22887650e-05, -2.40851847e-08,
        3.78741347e-04,  3.90991741e-04,  3.77720481e-04,  1.81013863e-03,
       -2.04173233e-06,  3.79353867e-04,  3.94973119e-04,  4.22519491e-04,
        4.62279018e-07,  4.19216488e-04,  3.70729751e-04])}
{'img': array([[[ 0.        ,  0.20001354,  0.74606472, ..., -0.39495798,
          0.07566971,  0.        ],
        [-0.20001354,  0.        ,  0.59780539, ..., -0.57072939,
         -0.12529942, -0.20001354],
        [-0.74606472, -0.59780539,  0.        , ..., -0.94840108,
         -0.69353925, -0.74606472],
        ...,
        [ 0.39495798,  0.57072939,  0.94840108, ...,  0.        ,
          0.46334331,  0.39495798],
        [-0.07566971,  0.12529942,  0.69353925, ..., -0.46334331,
          0.        , -0.07566971],
        [ 0.        ,  0.20001354,  0.74606472, ..., -0.39495798,
          0.07566971,  0.        ]],

       [[ 0.        , -0.09347241,  0.40533566, ..., -0.20996298,
         -0.33797168,  0.12197775],
        [ 0.09347241,  0.        ,  0.31811157, ..., -0.11765489,
         -0.24851985,  0.21421815],
        [-0.40533566, -0.31811157,  0.        , ..., -0.20435903,
         -0.07252133, -0.51381709],
        ...,
        [ 0.20996298,  0.11765489,  0.20435903, ...,  0.        ,
         -0.13283009,  0.32765394],
        [ 0.33797168,  0.24851985,  0.07252133, ...,  0.13283009,
          0.        ,  0.45024811],
        [-0.12197775, -0.21421815,  0.51381709, ..., -0.32765394,
         -0.45024811,  0.        ]],

       [[ 0.        ,  0.32281315,  0.64650906, ...,  0.5664563 ,
          0.53758081,  0.51279916],
        [-0.32281315,  0.        ,  0.36562053, ...,  0.27010211,
          0.23660019,  0.20820742],
        [-0.64650906, -0.36562053,  0.        , ..., -0.10062971,
         -0.13502056, -0.16381588],
        ...,
        [-0.5664563 , -0.27010211,  0.10062971, ...,  0.        ,
         -0.03462696, -0.06371404],
        [-0.53758081, -0.23660019,  0.13502056, ...,  0.03462696,
          0.        , -0.02911922],
        [-0.51279916, -0.20820742,  0.16381588, ...,  0.06371404,
          0.02911922,  0.        ]],

       ...,

       [[ 0.        ,  0.24791166,  0.64668267, ..., -0.95267984,
         -0.8941961 , -0.88768035],
        [-0.24791166,  0.        ,  0.43739805, ..., -0.84758061,
         -0.97726563, -0.97412277],
        [-0.64668267, -0.43739805,  0.        , ..., -0.53008956,
         -0.97156023, -0.97485794],
        ...,
        [ 0.95267984,  0.84758061,  0.53008956, ...,  0.        ,
          0.69830514,  0.70850426],
        [ 0.8941961 ,  0.97726563,  0.97156023, ..., -0.69830514,
          0.        ,  0.01434899],
        [ 0.88768035,  0.97412277,  0.97485794, ..., -0.70850426,
         -0.01434899,  0.        ]],

       [[ 0.        ,  0.30934439,  0.66136264, ...,  0.93438518,
          0.92253318,  0.91138696],
        [-0.30934439,  0.        ,  0.39689406, ...,  0.77834526,
          0.7579015 ,  0.73937267],
        [-0.66136264, -0.39689406,  0.        , ...,  0.46523086,
          0.43672945,  0.41141652],
        ...,
        [-0.93438518, -0.77834526, -0.46523086, ...,  0.        ,
         -0.03193011, -0.05985194],
        [-0.92253318, -0.7579015 , -0.43672945, ...,  0.03193011,
          0.        , -0.02794855],
        [-0.91138696, -0.73937267, -0.41141652, ...,  0.05985194,
          0.02794855,  0.        ]],

       [[ 0.        , -0.02982189, -0.18066203, ...,  0.3270497 ,
          0.30215873,  0.27414743],
        [ 0.02982189,  0.        , -0.1512505 , ...,  0.35508614,
          0.33045229,  0.30270484],
        [ 0.18066203,  0.1512505 ,  0.        , ...,  0.49239508,
          0.46940424,  0.44337684],
        ...,
        [-0.3270497 , -0.35508614, -0.49239508, ...,  0.        ,
         -0.02622046, -0.05544839],
        [-0.30215873, -0.33045229, -0.46940424, ...,  0.02622046,
          0.        , -0.0292492 ],
        [-0.27414743, -0.30270484, -0.44337684, ...,  0.05544839,
          0.0292492 ,  0.        ]]]), 'num': array([ 9.57007799e-01,  2.90058467e-01,  3.51025964e-05, -3.34466700e-08,
        3.65451689e-04,  3.65451689e-04,  3.54872824e-04,  1.03103539e-03,
        8.65543474e-06,  3.58142655e-04,  3.70885379e-04,  3.98182055e-04,
        7.92000564e-07,  3.92426721e-04,  3.49344037e-04])}
{'img': array([[[ 0.        ,  0.59780539,  0.98967682, ..., -0.12529942,
         -0.20001354,  0.08076972],
        [-0.59780539,  0.        ,  0.70769002, ..., -0.69353925,
         -0.74606472, -0.53110389],
        [-0.98967682, -0.70769002,  0.        , ..., -0.9998347 ,
         -0.99834392, -0.97486765],
        ...,
        [ 0.12529942,  0.69353925,  0.9998347 , ...,  0.        ,
         -0.07566971,  0.20502322],
        [ 0.20001354,  0.74606472,  0.99834392, ...,  0.07566971,
          0.        ,  0.27849768],
        [-0.08076972,  0.53110389,  0.97486765, ..., -0.20502322,
         -0.27849768,  0.        ]],

       [[ 0.        ,  0.31811157,  0.91298321, ..., -0.24851985,
          0.21421815,  0.02997937],
        [-0.31811157,  0.        , -0.73576813, ..., -0.07252133,
         -0.51381709, -0.34639062],
        [-0.91298321,  0.73576813,  0.        , ..., -0.78294462,
         -0.97918947, -0.92480434],
        ...,
        [ 0.24851985,  0.07252133,  0.78294462, ...,  0.        ,
          0.45024811,  0.27744696],
        [-0.21421815,  0.51381709,  0.97918947, ..., -0.45024811,
          0.        , -0.18483844],
        [-0.02997937,  0.34639062,  0.92480434, ..., -0.27744696,
          0.18483844,  0.        ]],

       [[ 0.        ,  0.58449836,  0.89891944, ...,  0.44824723,
          0.41542657,  0.44824723],
        [-0.58449836,  0.        ,  0.47330176, ..., -0.1587832 ,
         -0.19460033, -0.1587832 ],
        [-0.89891944, -0.47330176,  0.        , ..., -0.60716938,
         -0.63567697, -0.60716938],
        ...,
        [-0.44824723,  0.1587832 ,  0.60716938, ...,  0.        ,
         -0.03638385,  0.        ],
        [-0.41542657,  0.19460033,  0.63567697, ...,  0.03638385,
          0.        ,  0.03638385],
        [-0.44824723,  0.1587832 ,  0.60716938, ...,  0.        ,
         -0.03638385,  0.        ]],

       ...,

       [[ 0.        ,  0.43739805,  0.84758061, ..., -0.97726563,
         -0.97412277, -0.73243985],
        [-0.43739805,  0.        ,  0.53008956, ..., -0.97156023,
         -0.97485794, -0.9564542 ],
        [-0.84758061, -0.53008956,  0.        , ..., -0.69830514,
         -0.70850426, -0.9657412 ],
        ...,
        [ 0.97726563,  0.97156023,  0.69830514, ...,  0.        ,
          0.01434899,  0.5100626 ],
        [ 0.97412277,  0.97485794,  0.70850426, ..., -0.01434899,
          0.        ,  0.49766799],
        [ 0.73243985,  0.9564542 ,  0.9657412 , ..., -0.5100626 ,
         -0.49766799,  0.        ]],

       [[ 0.        ,  0.60783195,  0.92099631, ...,  0.90717111,
          0.89451443,  0.87418633],
        [-0.60783195,  0.        ,  0.49453768, ...,  0.46460092,
          0.43857859,  0.39900388],
        [-0.92099631, -0.49453768,  0.        , ..., -0.03411233,
         -0.06324417, -0.10666926],
        ...,
        [-0.90717111, -0.46460092,  0.03411233, ...,  0.        ,
         -0.02916333, -0.07268948],
        [-0.89451443, -0.43857859,  0.06324417, ...,  0.02916333,
          0.        , -0.04357238],
        [-0.87418633, -0.39900388,  0.10666926, ...,  0.07268948,
          0.04357238,  0.        ]],

       [[ 0.        , -0.1512505 , -0.4720687 , ...,  0.33045229,
          0.30270484,  0.30439371],
        [ 0.1512505 ,  0.        , -0.33330112, ...,  0.46940424,
          0.44337684,  0.4449649 ],
        [ 0.4720687 ,  0.33330112,  0.        , ...,  0.73686326,
          0.7167743 ,  0.71800915],
        ...,
        [-0.33045229, -0.46940424, -0.73686326, ...,  0.        ,
         -0.0292492 , -0.02747741],
        [-0.30270484, -0.44337684, -0.7167743 , ...,  0.0292492 ,
          0.        ,  0.0017725 ],
        [-0.30439371, -0.4449649 , -0.71800915, ...,  0.02747741,
         -0.0017725 ,  0.        ]]]), 'num': array([ 9.59951421e-01,  2.80163814e-01,  3.56843908e-05, -1.73252943e-09,
        3.66857877e-04,  3.69746521e-04,  3.63969232e-04,  6.32420613e-04,
        9.62881566e-07,  3.60310282e-04,  3.70372394e-04,  3.98729257e-04,
        7.46724480e-07,  3.90909329e-04,  3.49835460e-04])}
{'img': array([[[ 0.        ,  0.70769002,  0.61507314, ..., -0.74606472,
         -0.53110389, -0.50957238],
        [-0.70769002,  0.        , -0.12342903, ..., -0.99834392,
         -0.97486765, -0.9689408 ],
        [-0.61507314,  0.12342903,  0.        , ..., -0.99781056,
         -0.93991511, -0.93100859],
        ...,
        [ 0.74606472,  0.99834392,  0.99781056, ...,  0.        ,
          0.27849768,  0.30262411],
        [ 0.53110389,  0.97486765,  0.93991511, ..., -0.27849768,
          0.        ,  0.02521245],
