state_0,state_1,state_2,state_3,state_4,state_5,state_6,state_7,state_8,state_9,state_10,state_11,state_12,state_13,state_14,state_15,state_16,state_17,state_18,state_19,state_20,state_21,state_22,state_23,state_24,state_25,state_26,state_27,state_28,state_29,state_30,state_31,state_32,state_33,state_34,state_35,state_36,state_37,state_38,state_39,state_40,state_41,state_42,state_43,state_44,state_45,state_46,state_47,state_48,state_49,state_50,state_51,state_52,state_53,state_54,state_55,state_56,state_57,state_58,state_59,state_60,state_61,state_62,state_63,state_64,state_65,state_66,state_67,state_68,state_69,state_70,state_71,state_72,state_73,state_74,state_75,state_76,state_77,state_78,state_79,state_80,state_81,state_82,state_83,state_84,state_85,state_86,state_87,state_88,state_89,state_90,state_91,state_92,state_93,state_94,state_95,state_96,state_97,state_98,state_99,state_100,state_101,state_102,state_103,state_104,state_105,state_106,state_107,state_108,state_109,state_110,state_111,state_112,state_113,state_114,state_115,state_116,state_117,state_118,state_119,state_120,state_121,state_122,state_123,state_124,state_125,state_126,state_127,state_128,state_129,state_130,state_131,state_132,state_133,state_134,state_135,state_136,state_137,state_138,state_139,state_140,state_141,state_142,state_143,state_144,state_145,state_146,state_147,state_148,state_149,state_150,state_151,state_152,state_153,state_154,state_155,state_156,state_157,state_158,state_159,state_160,state_161,state_162,state_163,state_164,state_165,state_166,state_167,state_168,state_169,state_170,state_171,state_172,state_173,state_174,state_175,state_176,state_177,state_178,state_179,state_180,state_181,state_182,state_183,state_184,state_185,state_186,state_187,state_188,state_189,state_190,state_191,state_192,state_193,state_194,state_195,state_196,state_197,state_198,state_199,state_200,state_201,state_202,state_203,state_204,state_205,state_206,state_207,state_208,state_209,state_210,state_211,state_212,state_213,state_214,state_215,state_216,state_217,state_218,state_219,state_220,state_221,state_222,state_223,state_224,state_225,state_226,state_227,state_228,state_229,state_230,state_231,state_232,state_233,state_234,state_235,state_236,state_237,state_238,state_239,state_240,state_241,state_242,state_243,state_244,state_245,state_246,state_247,state_248,state_249,state_250,state_251,state_252,state_253,state_254,state_255,state_256,state_257,state_258,state_259,state_260,state_261,state_262,state_263,state_264,state_265,state_266,state_267,state_268,state_269,state_270,state_271,state_272,state_273,state_274,state_275,state_276,state_277,state_278,state_279,state_280,state_281,state_282,state_283,state_284,state_285,state_286,state_287
{'img': array([[[ 0.00000000e+00, -3.88389446e-01, -7.38560446e-02, ...,
          9.95207677e-01,  9.96720684e-01,  8.68254302e-01],
        [ 3.88389446e-01,  0.00000000e+00,  3.19270721e-01, ...,
          8.79101011e-01,  8.87045380e-01,  6.07404741e-01],
        [ 7.38560446e-02, -3.19270721e-01,  0.00000000e+00, ...,
          9.85267750e-01,  9.88022198e-01,  8.29241607e-01],
        ...,
        [-9.95207677e-01, -8.79101011e-01, -9.85267750e-01, ...,
          0.00000000e+00, -1.69320044e-02,  4.08840599e-01],
        [-9.96720684e-01, -8.87045380e-01, -9.88022198e-01, ...,
          1.69320044e-02,  0.00000000e+00,  4.24234235e-01],
        [-8.68254302e-01, -6.07404741e-01, -8.29241607e-01, ...,
         -4.08840599e-01, -4.24234235e-01,  0.00000000e+00]],

       [[ 0.00000000e+00, -1.81853852e-01, -2.29017421e-01, ...,
         -5.54686616e-01, -6.84033601e-01,  4.05549718e-01],
        [ 1.81853852e-01,  0.00000000e+00, -4.81780867e-02, ...,
         -3.94124336e-01, -5.39974348e-01,  5.65015101e-01],
        [ 2.29017421e-01,  4.81780867e-02,  0.00000000e+00, ...,
         -3.49388250e-01, -4.98796706e-01,  6.04109787e-01],
        ...,
        [ 5.54686616e-01,  3.94124336e-01,  3.49388250e-01, ...,
          0.00000000e+00, -1.64540122e-01,  8.44465486e-01],
        [ 6.84033601e-01,  5.39974348e-01,  4.98796706e-01, ...,
          1.64540122e-01,  0.00000000e+00,  9.21085082e-01],
        [-4.05549718e-01, -5.65015101e-01, -6.04109787e-01, ...,
         -8.44465486e-01, -9.21085082e-01,  0.00000000e+00]],

       [[ 0.00000000e+00, -1.15250665e-01, -2.76538688e-01, ...,
          9.39018676e-01,  9.58715192e-01,  9.45253483e-01],
        [ 1.15250665e-01,  0.00000000e+00, -1.63939746e-01, ...,
          8.93130667e-01,  9.19553131e-01,  9.01344171e-01],
        [ 2.76538688e-01,  1.63939746e-01,  0.00000000e+00, ...,
          8.07307270e-01,  8.42689206e-01,  8.18146417e-01],
        ...,
        [-9.39018676e-01, -8.93130667e-01, -8.07307270e-01, ...,
          0.00000000e+00, -6.26427996e-02, -1.86041109e-02],
        [-9.58715192e-01, -9.19553131e-01, -8.42689206e-01, ...,
          6.26427996e-02,  0.00000000e+00,  4.40643852e-02],
        [-9.45253483e-01, -9.01344171e-01, -8.18146417e-01, ...,
          1.86041109e-02, -4.40643852e-02,  0.00000000e+00]],

       ...,

       [[ 0.00000000e+00, -3.35813101e-01, -2.11696292e-01, ...,
         -9.71020365e-01, -9.63505926e-01, -5.84636664e-01],
        [ 3.35813101e-01,  0.00000000e+00,  1.28799265e-01, ...,
         -8.34373649e-01, -8.17661024e-01, -2.78242446e-01],
        [ 2.11696292e-01, -1.28799265e-01,  0.00000000e+00, ...,
         -8.98417947e-01, -8.85000201e-01, -3.99637972e-01],
        ...,
        [ 9.71020365e-01,  8.34373649e-01,  8.98417947e-01, ...,
          0.00000000e+00,  2.96547370e-02,  6.48057936e-01],
        [ 9.63505926e-01,  8.17661024e-01,  8.85000201e-01, ...,
         -2.96547370e-02,  0.00000000e+00,  6.25188139e-01],
        [ 5.84636664e-01,  2.78242446e-01,  3.99637972e-01, ...,
         -6.48057936e-01, -6.25188139e-01,  0.00000000e+00]],

       [[ 0.00000000e+00,  1.17011248e-01,  1.96712622e-01, ...,
          3.73312811e-01,  3.59154478e-01,  3.55354469e-01],
        [-1.17011248e-01,  0.00000000e+00,  8.06363352e-02, ...,
          4.79300353e-01,  4.65891337e-01,  4.62287506e-01],
        [-1.96712622e-01, -8.06363352e-02,  0.00000000e+00, ...,
          5.48510110e-01,  5.35724615e-01,  5.32284773e-01],
        ...,
        [-3.73312811e-01, -4.79300353e-01, -5.48510110e-01, ...,
          0.00000000e+00,  1.52150860e-02,  1.92829837e-02],
        [-3.59154478e-01, -4.65891337e-01, -5.35724615e-01, ...,
         -1.52150860e-02,  0.00000000e+00,  4.06849464e-03],
        [-3.55354469e-01, -4.62287506e-01, -5.32284773e-01, ...,
         -1.92829837e-02, -4.06849464e-03,  0.00000000e+00]],

       [[ 0.00000000e+00,  6.26773319e-02,  1.04932354e-01, ...,
          6.08390215e-01,  6.56470304e-01,  6.56394767e-01],
        [-6.26773319e-02,  0.00000000e+00,  4.23947274e-02, ...,
          6.56937139e-01,  7.02460343e-01,  7.02389074e-01],
        [-1.04932354e-01, -4.23947274e-02,  0.00000000e+00, ...,
          6.88309821e-01,  7.32002086e-01,  7.31933863e-01],
        ...,
        [-6.08390215e-01, -6.56937139e-01, -6.88309821e-01, ...,
          0.00000000e+00, -6.20595140e-02, -6.19595765e-02],
        [-6.56470304e-01, -7.02460343e-01, -7.32002086e-01, ...,
          6.20595140e-02,  0.00000000e+00,  1.00130118e-04],
        [-6.56394767e-01, -7.02389074e-01, -7.31933863e-01, ...,
          6.19595765e-02, -1.00130118e-04,  0.00000000e+00]]]), 'num': array([ 7.07103429e-01,  7.07103429e-01,  0.00000000e+00,  0.00000000e+00,
        4.42402407e-04,  4.74795889e-04,  4.35460946e-04,  2.82669223e-03,
       -2.31382012e-06,  4.19356758e-04,  4.32105907e-04,  3.77268370e-04,
        4.82248825e-07,  4.73432445e-04,  3.90779370e-04])}
{'img': array([[[ 0.00000000e+00,  3.19270721e-01,  5.19935362e-01, ...,
          8.87045380e-01,  6.07404741e-01,  6.31100674e-01],
        [-3.19270721e-01,  0.00000000e+00,  2.20000951e-01, ...,
          9.88022198e-01,  8.29241607e-01,  8.45729702e-01],
        [-5.19935362e-01, -2.20000951e-01,  0.00000000e+00, ...,
          9.97764062e-01,  9.31881299e-01,  9.42404080e-01],
        ...,
        [-8.87045380e-01, -9.88022198e-01, -9.97764062e-01, ...,
          0.00000000e+00,  4.24234235e-01,  3.96713956e-01],
        [-6.07404741e-01, -8.29241607e-01, -9.31881299e-01, ...,
         -4.24234235e-01,  0.00000000e+00, -3.01772316e-02],
        [-6.31100674e-01, -8.45729702e-01, -9.42404080e-01, ...,
         -3.96713956e-01,  3.01772316e-02,  0.00000000e+00]],

       [[ 0.00000000e+00, -4.81780867e-02,  2.37747854e-01, ...,
         -5.39974348e-01,  5.65015101e-01,  1.13086940e-01],
        [ 4.81780867e-02,  0.00000000e+00,  2.84268444e-01, ...,
         -4.98796706e-01,  6.04109787e-01,  1.60824648e-01],
        [-2.37747854e-01, -2.84268444e-01,  0.00000000e+00, ...,
         -7.24599577e-01,  3.52653237e-01, -1.26378337e-01],
        ...,
        [ 5.39974348e-01,  4.98796706e-01,  7.24599577e-01, ...,
          0.00000000e+00,  9.21085082e-01,  6.31693647e-01],
        [-5.65015101e-01, -6.04109787e-01, -3.52653237e-01, ...,
         -9.21085082e-01,  0.00000000e+00, -4.68084748e-01],
        [-1.13086940e-01, -1.60824648e-01,  1.26378337e-01, ...,
         -6.31693647e-01,  4.68084748e-01,  0.00000000e+00]],

       [[ 0.00000000e+00, -1.63939746e-01,  0.00000000e+00, ...,
          9.19553131e-01,  9.01344171e-01,  8.70931116e-01],
        [ 1.63939746e-01,  0.00000000e+00,  1.63939746e-01, ...,
          8.42689206e-01,  8.18146417e-01,  7.78586896e-01],
        [ 0.00000000e+00, -1.63939746e-01,  0.00000000e+00, ...,
          9.19553131e-01,  9.01344171e-01,  8.70931116e-01],
        ...,
        [-9.19553131e-01, -8.42689206e-01, -9.19553131e-01, ...,
          0.00000000e+00,  4.40643852e-02,  1.09627062e-01],
        [-9.01344171e-01, -8.18146417e-01, -9.01344171e-01, ...,
         -4.40643852e-02,  0.00000000e+00,  6.57217809e-02],
        [-8.70931116e-01, -7.78586896e-01, -8.70931116e-01, ...,
         -1.09627062e-01, -6.57217809e-02,  0.00000000e+00]],

       ...,

       [[ 0.00000000e+00,  1.28799265e-01,  4.17759090e-01, ...,
         -8.17661024e-01, -2.78242446e-01, -2.65887218e-01],
        [-1.28799265e-01,  0.00000000e+00,  2.97257861e-01, ...,
         -8.85000201e-01, -3.99637972e-01, -3.87835585e-01],
        [-4.17759090e-01, -2.97257861e-01,  0.00000000e+00, ...,
         -9.83396225e-01, -6.54061504e-01, -6.44295408e-01],
        ...,
        [ 8.17661024e-01,  8.85000201e-01,  9.83396225e-01, ...,
          0.00000000e+00,  6.25188139e-01,  6.35157353e-01],
        [ 2.78242446e-01,  3.99637972e-01,  6.54061504e-01, ...,
         -6.25188139e-01,  0.00000000e+00,  1.28393068e-02],
        [ 2.65887218e-01,  3.87835585e-01,  6.44295408e-01, ...,
         -6.35157353e-01, -1.28393068e-02,  0.00000000e+00]],

       [[ 0.00000000e+00,  1.58948134e-01,  2.76815812e-01, ...,
          3.59751469e-01,  3.55945620e-01,  4.39216733e-01],
        [-1.58948134e-01,  0.00000000e+00,  1.20559717e-01, ...,
          5.03484189e-01,  4.99958551e-01,  5.76428947e-01],
        [-2.76815812e-01, -1.20559717e-01,  0.00000000e+00, ...,
          6.03975945e-01,  6.00722554e-01,  6.70739562e-01],
        ...,
        [-3.59751469e-01, -5.03484189e-01, -6.03975945e-01, ...,
          0.00000000e+00,  4.07573936e-03, -8.66164352e-02],
        [-3.55945620e-01, -4.99958551e-01, -6.00722554e-01, ...,
         -4.07573936e-03,  0.00000000e+00, -9.06761375e-02],
        [-4.39216733e-01, -5.76428947e-01, -6.70739562e-01, ...,
          8.66164352e-02,  9.06761375e-02,  0.00000000e+00]],

       [[ 0.00000000e+00,  4.23947274e-02,  6.99336235e-02, ...,
          7.02460343e-01,  7.02389074e-01,  6.82606385e-01],
        [-4.23947274e-02,  0.00000000e+00,  2.75798188e-02, ...,
          7.32002086e-01,  7.31933863e-01,  7.12974164e-01],
        [-6.99336235e-02, -2.75798188e-02,  0.00000000e+00, ...,
          7.50513832e-01,  7.50447657e-01,  7.32041653e-01],
        ...,
        [-7.02460343e-01, -7.32002086e-01, -7.50513832e-01, ...,
          0.00000000e+00,  1.00130118e-04,  2.75217627e-02],
        [-7.02389074e-01, -7.31933863e-01, -7.50447657e-01, ...,
         -1.00130118e-04,  0.00000000e+00,  2.74216704e-02],
        [-6.82606385e-01, -7.12974164e-01, -7.32041653e-01, ...,
         -2.75217627e-02, -2.74216704e-02,  0.00000000e+00]]]), 'num': array([ 9.99997557e-01,  6.13098466e-05,  2.06172422e-05, -1.83193523e-10,
        6.25742332e-04,  6.30257998e-04,  6.00583620e-04,  1.41580331e-03,
        9.03133263e-06,  5.98003239e-04,  6.00873913e-04,  5.31171378e-04,
        7.72656383e-07,  6.54318754e-04,  5.47429071e-04])}
{'img': array([[[ 0.        ,  0.42746751,  0.43549337, ...,  0.61456323,
          0.63843746,  0.56743745],
        [-0.42746751,  0.        ,  0.00889657, ...,  0.89279929,
          0.90617757,  0.86496469],
        [-0.43549337, -0.00889657,  0.        , ...,  0.89677146,
          0.90990405,  0.86939504],
        ...,
        [-0.61456323, -0.89279929, -0.89677146, ...,  0.        ,
         -0.03062944,  0.05840852],
        [-0.63843746, -0.90617757, -0.90990405, ...,  0.03062944,
          0.        ,  0.08895826],
        [-0.56743745, -0.86496469, -0.86939504, ..., -0.05840852,
         -0.08895826,  0.        ]],

       [[ 0.        ,  0.28426844,  0.20844011, ...,  0.60410979,
          0.16082465, -0.32949908],
        [-0.28426844,  0.        , -0.07818367, ...,  0.35265324,
         -0.12637834, -0.58429923],
        [-0.20844011,  0.07818367,  0.        , ...,  0.42473444,
         -0.04843469, -0.51906164],
        ...,
        [-0.60410979, -0.35265324, -0.42473444, ...,  0.        ,
         -0.46808475, -0.832952  ],
        [-0.16082465,  0.12637834,  0.04843469, ...,  0.46808475,
          0.        , -0.47705353],
        [ 0.32949908,  0.58429923,  0.51906164, ...,  0.832952  ,
          0.47705353,  0.        ]],

       [[ 0.        ,  0.16393975,  0.22767761, ...,  0.81814642,
          0.7785869 ,  0.70389261],
        [-0.16393975,  0.        ,  0.06496308, ...,  0.90134417,
          0.87093112,  0.81081665],
        [-0.22767761, -0.06496308,  0.        , ...,  0.92757597,
          0.90101461,  0.84712684],
        ...,
        [-0.81814642, -0.90134417, -0.92757597, ...,  0.        ,
          0.06572178,  0.17638939],
        [-0.7785869 , -0.87093112, -0.90101461, ..., -0.06572178,
          0.        ,  0.11131674],
        [-0.70389261, -0.81081665, -0.84712684, ..., -0.17638939,
         -0.11131674,  0.        ]],

       ...,

       [[ 0.        ,  0.29725786,  0.36322602, ..., -0.39963797,
         -0.38783558, -0.15995544],
        [-0.29725786,  0.        ,  0.06985173, ..., -0.6540615 ,
         -0.64429541, -0.44615545],
        [-0.36322602, -0.06985173,  0.        , ..., -0.70530262,
         -0.69614262, -0.50757985],
        ...,
        [ 0.39963797,  0.6540615 ,  0.70530262, ...,  0.        ,
          0.01283931,  0.24786549],
        [ 0.38783558,  0.64429541,  0.69614262, ..., -0.01283931,
          0.        ,  0.23540641],
        [ 0.15995544,  0.44615545,  0.50757985, ..., -0.24786549,
         -0.23540641,  0.        ]],

       [[ 0.        ,  0.22882571,  0.30971237, ...,  0.35704366,
          0.44054392,  0.5026448 ],
        [-0.22882571,  0.        ,  0.08392047, ...,  0.56131365,
          0.6342791 ,  0.68712657],
        [-0.30971237, -0.08392047,  0.        , ...,  0.62878644,
          0.69692092,  0.74567409],
        ...,
        [-0.35704366, -0.56131365, -0.62878644, ...,  0.        ,
         -0.09097747, -0.16085257],
        [-0.44054392, -0.6342791 , -0.69692092, ...,  0.09097747,
          0.        , -0.0703927 ],
        [-0.5026448 , -0.68712657, -0.74567409, ...,  0.16085257,
          0.0703927 ,  0.        ]],

       [[ 0.        ,  0.02757982,  0.0673667 , ...,  0.73193386,
          0.71297416,  0.68912788],
        [-0.02757982,  0.        ,  0.03982391, ...,  0.75044766,
          0.73204165,  0.70885117],
        [-0.0673667 , -0.03982391,  0.        , ...,  0.77617315,
          0.75859137,  0.73637897],
        ...,
        [-0.73193386, -0.75044766, -0.77617315, ...,  0.        ,
          0.02742167,  0.06083339],
        [-0.71297416, -0.73204165, -0.75859137, ..., -0.02742167,
          0.        ,  0.03343963],
        [-0.68912788, -0.70885117, -0.73637897, ..., -0.06083339,
         -0.03343963,  0.        ]]]), 'num': array([ 9.99996574e-01,  6.36727541e-05,  2.14118394e-05,  1.94279236e-08,
        6.25740239e-04,  6.44499047e-04,  6.15690877e-04,  1.94721787e-03,
       -2.41184674e-05,  6.28822043e-04,  6.21419013e-04,  5.56544802e-04,
        7.25211650e-07,  6.71134143e-04,  5.71703883e-04])}
{'img': array([[[ 0.        ,  0.01222851,  0.0354679 , ...,  0.85311735,
          0.80262996,  0.91154815],
        [-0.01222851,  0.        ,  0.02324442, ...,  0.85943341,
          0.80986397,  0.91650827],
        [-0.0354679 , -0.02324442,  0.        , ...,  0.87108486,
          0.82328075,  0.92555878],
        ...,
        [-0.85311735, -0.85943341, -0.87108486, ...,  0.        ,
          0.09011777, -0.12477587],
        [-0.80262996, -0.80986397, -0.82328075, ..., -0.09011777,
          0.        , -0.21368166],
        [-0.91154815, -0.91650827, -0.92555878, ...,  0.12477587,
          0.21368166,  0.        ]],

       [[ 0.        , -0.07818367, -0.35828881, ..., -0.12637834,
         -0.58429923, -0.47849315],
        [ 0.07818367,  0.        , -0.28419896, ..., -0.04843469,
         -0.51906164, -0.40837608],
        [ 0.35828881,  0.28419896,  0.        , ...,  0.23742791,
         -0.25474298, -0.1321161 ],
        ...,
        [ 0.12637834,  0.04843469, -0.23742791, ...,  0.        ,
         -0.47705353, -0.36368494],
        [ 0.58429923,  0.51906164,  0.25474298, ...,  0.47705353,
          0.        ,  0.12475254],
        [ 0.47849315,  0.40837608,  0.1321161 , ...,  0.36368494,
         -0.12475254,  0.        ]],

       [[ 0.        ,  0.1596141 ,  0.24169382, ...,  0.78062475,
          0.7058781 ,  0.65594615],
        [-0.1596141 ,  0.        ,  0.08371323, ...,  0.87037555,
          0.80988836,  0.76801453],
        [-0.24169382, -0.08371323,  0.        , ...,  0.90853986,
          0.85615041,  0.81893138],
        ...,
        [-0.78062475, -0.87037555, -0.90853986, ...,  0.        ,
          0.11176872,  0.17925522],
        [-0.7058781 , -0.80988836, -0.85615041, ..., -0.11176872,
          0.        ,  0.0681737 ],
        [-0.65594615, -0.76801453, -0.81893138, ..., -0.17925522,
         -0.0681737 ,  0.        ]],

       ...,

       [[ 0.        ,  0.06985173,  0.06483397, ..., -0.64429541,
         -0.44615545, -0.59504047],
        [-0.06985173,  0.        , -0.00502916, ..., -0.69614262,
         -0.50757985, -0.64972656],
        [-0.06483397,  0.00502916,  0.        , ..., -0.69252336,
         -0.50324028, -0.64589533],
        ...,
        [ 0.64429541,  0.69614262,  0.69252336, ...,  0.        ,
          0.23540641,  0.06274438],
        [ 0.44615545,  0.50757985,  0.50324028, ..., -0.23540641,
          0.        , -0.1739615 ],
        [ 0.59504047,  0.64972656,  0.64589533, ..., -0.06274438,
          0.1739615 ,  0.        ]],

       [[ 0.        ,  0.21297091,  0.28652579, ...,  0.44333482,
          0.50576518,  0.58027413],
        [-0.21297091,  0.        ,  0.07591088, ...,  0.62406185,
          0.67788606,  0.74040982],
        [-0.28652579, -0.07591088,  0.        , ...,  0.68157605,
          0.73173727,  0.78929738],
        ...,
        [-0.44333482, -0.62406185, -0.68157605, ...,  0.        ,
         -0.07089352, -0.15907095],
        [-0.50576518, -0.67788606, -0.73173727, ...,  0.07089352,
          0.        , -0.08867987],
        [-0.58027413, -0.74040982, -0.78929738, ...,  0.15907095,
          0.08867987,  0.        ]],

       [[ 0.        ,  0.03982391,  0.09262824, ...,  0.73204165,
          0.70885117,  0.67958059],
        [-0.03982391,  0.        ,  0.05290206, ...,  0.75859137,
          0.73637897,  0.70825635],
        [-0.09262824, -0.05290206,  0.        , ...,  0.79199833,
          0.77113973,  0.74461107],
        ...,
        [-0.73204165, -0.75859137, -0.79199833, ...,  0.        ,
          0.03343963,  0.07405539],
        [-0.70885117, -0.73637897, -0.77113973, ..., -0.03343963,
          0.        ,  0.04066617],
        [-0.67958059, -0.70825635, -0.74461107, ..., -0.07405539,
         -0.04066617,  0.        ]]]), 'num': array([ 7.13119879e-01,  7.01039506e-01,  2.58403697e-07, -2.36646577e-08,
        4.47421216e-04,  4.59384350e-04,  4.31629879e-04,  1.44715641e-03,
        4.78525364e-07,  4.55173327e-04,  4.42731667e-04,  4.00828796e-04,
        5.65651831e-07,  4.76237465e-04,  4.09225869e-04])}
{'img': array([[[ 0.        ,  0.02324442, -0.32709871, ...,  0.80986397,
          0.91650827,  0.91435208],
        [-0.02324442,  0.        , -0.34897608, ...,  0.82328075,
          0.92555878,  0.92351717],
        [ 0.32709871,  0.34897608,  0.        , ...,  0.5734316 ,
          0.73524669,  0.7316049 ],
        ...,
        [-0.80986397, -0.82328075, -0.5734316 , ...,  0.        ,
         -0.21368166, -0.20844495],
        [-0.91650827, -0.92555878, -0.73524669, ...,  0.21368166,
          0.        ,  0.00535739],
        [-0.91435208, -0.92351717, -0.7316049 , ...,  0.20844495,
         -0.00535739,  0.        ]],

       [[ 0.        , -0.28419896, -0.28713506, ..., -0.51906164,
         -0.40837608, -0.39200238],
        [ 0.28419896,  0.        , -0.00306376, ..., -0.25474298,
         -0.1321161 , -0.11438542],
        [ 0.28713506,  0.00306376,  0.        , ..., -0.25177911,
         -0.12907857, -0.11134123],
        ...,
        [ 0.51906164,  0.25474298,  0.25177911, ...,  0.        ,
          0.12475254,  0.14245926],
        [ 0.40837608,  0.1321161 ,  0.12907857, ..., -0.12475254,
          0.        ,  0.0178662 ],
        [ 0.39200238,  0.11438542,  0.11134123, ..., -0.14245926,
         -0.0178662 ,  0.        ]],

       [[ 0.        ,  0.18325981,  0.27270826, ...,  0.70776134,
          0.65776203,  0.59458568],
        [-0.18325981,  0.        ,  0.09177615, ...,  0.82523925,
          0.78465853,  0.73186288],
        [-0.27270826, -0.09177615,  0.        , ...,  0.8735901 ,
          0.83824163,  0.7913152 ],
        ...,
        [-0.70776134, -0.82523925, -0.8735901 , ...,  0.        ,
          0.06842706,  0.14901694],
        [-0.65776203, -0.78465853, -0.83824163, ..., -0.06842706,
          0.        ,  0.08100461],
        [-0.59458568, -0.73186288, -0.7913152 , ..., -0.14901694,
         -0.08100461,  0.        ]],

       ...,

       [[ 0.        , -0.00502916, -0.22369925, ..., -0.50757985,
         -0.64972656, -0.52770547],
        [ 0.00502916,  0.        , -0.21879471, ..., -0.50324028,
         -0.64589533, -0.52342689],
        [ 0.22369925,  0.21879471,  0.        , ..., -0.30197654,
         -0.46321231, -0.3243162 ],
        ...,
        [ 0.50757985,  0.50324028,  0.30197654, ...,  0.        ,
         -0.1739615 , -0.02352128],
        [ 0.64972656,  0.64589533,  0.46321231, ...,  0.1739615 ,
          0.        ,  0.15075073],
        [ 0.52770547,  0.52342689,  0.3243162 , ...,  0.02352128,
         -0.15075073,  0.        ]],

       [[ 0.        ,  0.19504809,  0.24230963, ...,  0.50847349,
          0.58328468,  0.61717651],
        [-0.19504809,  0.        ,  0.0484203 , ...,  0.66665913,
          0.73051321,  0.75879148],
        [-0.24230963, -0.0484203 ,  0.        , ...,  0.70196786,
          0.7627225 ,  0.78943922],
        ...,
        [-0.50847349, -0.66665913, -0.70196786, ...,  0.        ,
         -0.08923676, -0.13135738],
        [-0.58328468, -0.73051321, -0.7627225 , ...,  0.08923676,
          0.        , -0.0423698 ],
        [-0.61717651, -0.75879148, -0.78943922, ...,  0.13135738,
          0.0423698 ,  0.        ]],

       [[ 0.        ,  0.05290206,  0.08275329, ...,  0.73637897,
          0.70825635,  0.69642177],
        [-0.05290206,  0.        ,  0.0299168 , ...,  0.77113973,
          0.74461107,  0.73341082],
        [-0.08275329, -0.0299168 ,  0.        , ...,  0.78984157,
          0.7642472 ,  0.75341955],
        ...,
        [-0.73637897, -0.77113973, -0.78984157, ...,  0.        ,
          0.04066617,  0.05727206],
        [-0.70825635, -0.74461107, -0.7642472 , ..., -0.04066617,
          0.        ,  0.01662527],
        [-0.69642177, -0.73341082, -0.75341955, ..., -0.05727206,
         -0.01662527,  0.        ]]]), 'num': array([ 7.10895163e-01,  7.03296607e-01,  1.62189023e-07, -2.35832555e-08,
        4.46973867e-04,  4.55083318e-04,  4.43634681e-04,  6.28568330e-04,
        9.54053078e-07,  4.51457916e-04,  4.40486306e-04,  4.02880714e-04,
        4.65310098e-07,  4.72345680e-04,  4.08626932e-04])}
{'img': array([[[ 0.        , -0.34897608, -0.0354679 , ...,  0.92555878,
          0.92351717,  0.91932254],
        [ 0.34897608,  0.        ,  0.31551843, ...,  0.73524669,
          0.7316049 ,  0.72420245],
        [ 0.0354679 , -0.31551843,  0.        , ...,  0.91154815,
          0.90933215,  0.90478733],
        ...,
        [-0.92555878, -0.73524669, -0.91154815, ...,  0.        ,
          0.00535739,  0.01615274],
        [-0.92351717, -0.7316049 , -0.90933215, ..., -0.00535739,
          0.        ,  0.01079582],
        [-0.91932254, -0.72420245, -0.90478733, ..., -0.01615274,
         -0.01079582,  0.        ]],

       [[ 0.        , -0.00306376, -0.0854617 , ..., -0.1321161 ,
         -0.11438542, -0.55038899],
        [ 0.00306376,  0.        , -0.08240875, ..., -0.12907857,
         -0.11134123, -0.54782845],
        [ 0.0854617 ,  0.08240875,  0.        , ..., -0.04692017,
         -0.02906616, -0.47702268],
        ...,
        [ 0.1321161 ,  0.12907857,  0.04692017, ...,  0.        ,
          0.0178662 , -0.43525959],
        [ 0.11438542,  0.11134123,  0.02906616, ..., -0.0178662 ,
          0.        , -0.45127514],
        [ 0.55038899,  0.54782845,  0.47702268, ...,  0.43525959,
          0.45127514,  0.        ]],

       [[ 0.        ,  0.20456399,  0.28502621, ...,  0.66016758,
          0.59684214,  0.62222488],
        [-0.20456399,  0.        ,  0.08292019, ...,  0.79985891,
          0.74835453,  0.76920739],
        [-0.28502621, -0.08292019,  0.        , ...,  0.84687206,
          0.80077822,  0.81954432],
        ...,
        [-0.66016758, -0.79985891, -0.84687206, ...,  0.        ,
          0.08139211,  0.04944012],
        [-0.59684214, -0.74835453, -0.80077822, ..., -0.08139211,
          0.        , -0.03201649],
        [-0.62222488, -0.76920739, -0.81954432, ..., -0.04944012,
          0.03201649,  0.        ]],

       ...,

       [[ 0.        , -0.21879471, -0.17725597, ..., -0.64589533,
         -0.52342689, -0.76537926],
        [ 0.21879471,  0.        ,  0.04236883, ..., -0.46321231,
         -0.3243162 , -0.60602303],
        [ 0.17725597, -0.04236883,  0.        , ..., -0.50034563,
         -0.36410371, -0.63918101],
        ...,
        [ 0.64589533,  0.46321231,  0.50034563, ...,  0.        ,
          0.15075073, -0.16862541],
        [ 0.52342689,  0.3243162 ,  0.36410371, ..., -0.15075073,
          0.        , -0.31529034],
        [ 0.76537926,  0.60602303,  0.63918101, ...,  0.16862541,
          0.31529034,  0.        ]],

       [[ 0.        ,  0.14587817,  0.22969318, ...,  0.58581127,
          0.61980264,  0.6440465 ],
        [-0.14587817,  0.        ,  0.08525821, ...,  0.69777119,
          0.72765136,  0.74875166],
        [-0.22969318, -0.08525821,  0.        , ...,  0.75630276,
          0.78348453,  0.80253883],
        ...,
        [-0.58581127, -0.69777119, -0.75630276, ...,  0.        ,
         -0.04259758, -0.07382825],
        [-0.61980264, -0.72765136, -0.78348453, ...,  0.04259758,
          0.        , -0.03127991],
        [-0.6440465 , -0.74875166, -0.80253883, ...,  0.07382825,
          0.03127991,  0.        ]],

       [[ 0.        ,  0.0299168 ,  0.05815652, ...,  0.74461107,
          0.73341082,  0.72427912],
        [-0.0299168 ,  0.        ,  0.02826432, ...,  0.7642472 ,
          0.75341955,  0.74458277],
        [-0.05815652, -0.02826432,  0.        , ...,  0.78217019,
          0.77170347,  0.76315258],
        ...,
        [-0.74461107, -0.7642472 , -0.78217019, ...,  0.        ,
          0.01662527,  0.02995919],
        [-0.73341082, -0.75341955, -0.77170347, ..., -0.01662527,
          0.        ,  0.01333724],
        [-0.72427912, -0.74458277, -0.76315258, ..., -0.02995919,
         -0.01333724,  0.        ]]]), 'num': array([ 7.10376492e-01,  7.03819256e-01,  1.33412737e-07, -2.35375941e-08,
        4.68374002e-04,  4.69803424e-04,  4.46456195e-04,  1.44847162e-03,
        2.19178068e-05,  4.53508011e-04,  4.40809977e-04,  4.06067077e-04,
        5.01225960e-07,  4.74628594e-04,  4.06991360e-04])}
{'img': array([[[ 0.        ,  0.31551843,  0.56777656, ...,  0.7316049 ,
          0.72420245,  0.49246193],
        [-0.31551843,  0.        ,  0.27904491, ...,  0.90933215,
          0.90478733,  0.74191311],
        [-0.56777656, -0.27904491,  0.        , ...,  0.98931419,
          0.98768251,  0.89954138],
        ...,
        [-0.7316049 , -0.90933215, -0.98931419, ...,  0.        ,
          0.01079582,  0.3010151 ],
        [-0.72420245, -0.90478733, -0.98768251, ..., -0.01079582,
          0.        ,  0.29070245],
        [-0.49246193, -0.74191311, -0.89954138, ..., -0.3010151 ,
         -0.29070245,  0.        ]],

       [[ 0.        , -0.08240875,  0.89242449, ..., -0.11134123,
         -0.54782845, -0.10900475],
        [ 0.08240875,  0.        ,  0.92657157, ..., -0.02906616,
         -0.47702268, -0.02671628],
        [-0.89242449, -0.92657157,  0.        , ..., -0.93711241,
         -0.99377245, -0.93628933],
        ...,
        [ 0.11134123,  0.02906616,  0.93711241, ...,  0.        ,
         -0.45127514,  0.0023508 ],
        [ 0.54782845,  0.47702268,  0.99377245, ...,  0.45127514,
          0.        ,  0.45337171],
        [ 0.10900475,  0.02671628,  0.93628933, ..., -0.0023508 ,
         -0.45337171,  0.        ]],

       [[ 0.        ,  0.20169082,  0.30251613, ...,  0.59967105,
          0.62513346,  0.59636593],
        [-0.20169082,  0.        ,  0.10405874, ...,  0.74874975,
          0.76970978,  0.74600994],
        [-0.30251613, -0.10405874,  0.        , ...,  0.81366053,
          0.83196162,  0.8112563 ],
        ...,
        [-0.59967105, -0.74874975, -0.81366053, ...,  0.        ,
         -0.03220696,  0.00412375],
        [-0.62513346, -0.76970978, -0.83196162, ...,  0.03220696,
          0.        ,  0.0363283 ],
        [-0.59636593, -0.74600994, -0.8112563 , ..., -0.00412375,
         -0.0363283 ,  0.        ]],

       ...,

       [[ 0.        ,  0.04236883,  0.13877188, ..., -0.3243162 ,
         -0.60602303, -0.50466039],
        [-0.04236883,  0.        ,  0.09668838, ..., -0.36410371,
         -0.63918101, -0.54078499],
        [-0.13877188, -0.09668838,  0.        , ..., -0.45244932,
         -0.71054507, -0.61958174],
        ...,
        [ 0.3243162 ,  0.36410371,  0.45244932, ...,  0.        ,
         -0.31529034, -0.19739486],
        [ 0.60602303,  0.63918101,  0.71054507, ...,  0.31529034,
          0.        ,  0.12175992],
        [ 0.50466039,  0.54078499,  0.61958174, ...,  0.19739486,
         -0.12175992,  0.        ]],

       [[ 0.        ,  0.17886142,  0.32333358, ...,  0.62126534,
          0.64554461,  0.61671387],
        [-0.17886142,  0.        ,  0.1488657 , ...,  0.75140285,
          0.77173524,  0.74756638],
        [-0.32333358, -0.1488657 ,  0.        , ...,  0.84125838,
          0.85780637,  0.83811124],
        ...,
        [-0.62126534, -0.75140285, -0.84125838, ...,  0.        ,
         -0.03137457,  0.00579509],
        [-0.64554461, -0.77173524, -0.85780637, ...,  0.03137457,
          0.        ,  0.03716628],
        [-0.61671387, -0.74756638, -0.83811124, ..., -0.00579509,
         -0.03716628,  0.        ]],

       [[ 0.        ,  0.02826432,  0.03330304, ...,  0.75341955,
          0.74458277,  0.75942775],
        [-0.02826432,  0.        ,  0.0050411 , ...,  0.77170347,
          0.76315258,  0.77751288],
        [-0.03330304, -0.0050411 ,  0.        , ...,  0.77489972,
          0.76640053,  0.78067318],
        ...,
        [-0.75341955, -0.77170347, -0.77489972, ...,  0.        ,
          0.01333724, -0.00918574],
        [-0.74458277, -0.76315258, -0.76640053, ..., -0.01333724,
          0.        , -0.0225216 ],
        [-0.75942775, -0.77751288, -0.78067318, ...,  0.00918574,
          0.0225216 ,  0.        ]]]), 'num': array([ 7.09894365e-01,  7.04306024e-01,  1.14281008e-07, -2.31232312e-08,
        4.65695107e-04,  4.75694695e-04,  4.62361911e-04,  1.18238940e-03,
       -2.38085433e-06,  4.53981304e-04,  4.41434202e-04,  4.09546626e-04,
        5.24759730e-07,  4.76869089e-04,  4.05999314e-04])}
{'img': array([[[ 0.        ,  0.4913402 ,  0.55680213, ...,  0.73186317,
          0.49842037,  0.5319525 ],
        [-0.4913402 ,  0.        ,  0.07682734, ...,  0.97225378,
          0.86006832,  0.87936767],
        [-0.55680213, -0.07682734,  0.        , ...,  0.98735231,
          0.896722  ,  0.91334945],
        ...,
        [-0.73186317, -0.97225378, -0.98735231, ...,  0.        ,
          0.29482879,  0.25722295],
        [-0.49842037, -0.86006832, -0.896722  , ..., -0.29482879,
          0.        , -0.03911899],
        [-0.5319525 , -0.87936767, -0.91334945, ..., -0.25722295,
          0.03911899,  0.        ]],

       [[ 0.        ,  0.92657157,  0.50955709, ..., -0.47702268,
         -0.02671628, -0.11675376],
        [-0.92657157,  0.        , -0.60560249, ..., -0.99377245,
         -0.93628933, -0.9641479 ],
        [-0.50955709,  0.60560249,  0.        , ..., -0.85829302,
         -0.53236287, -0.60653141],
        ...,
        [ 0.47702268,  0.99377245,  0.85829302, ...,  0.        ,
          0.45337171,  0.37114644],
        [ 0.02671628,  0.93628933,  0.53236287, ..., -0.45337171,
          0.        , -0.09017853],
        [ 0.11675376,  0.9641479 ,  0.60653141, ..., -0.37114644,
          0.09017853,  0.        ]],

       [[ 0.        ,  0.22901911,  0.34290861, ...,  0.62796795,
          0.59911304,  0.59012899],
        [-0.22901911,  0.        ,  0.11866136, ...,  0.78950942,
          0.76655723,  0.75933368],
        [-0.34290861, -0.11866136,  0.        , ...,  0.8567584 ,
          0.83734281,  0.83118194],
        ...,
        [-0.62796795, -0.78950942, -0.8567584 , ...,  0.        ,
          0.03653836,  0.04770264],
        [-0.59911304, -0.76655723, -0.83734281, ..., -0.03653836,
          0.        ,  0.01117403],
        [-0.59012899, -0.75933368, -0.83118194, ..., -0.04770264,
         -0.01117403,  0.        ]],

       ...,

       [[ 0.        ,  0.09668838,  0.03912049, ..., -0.63918101,
         -0.54078499, -0.47409124],
        [-0.09668838,  0.        , -0.05767717, ..., -0.71054507,
         -0.61958174, -0.55700175],
        [-0.03912049,  0.05767717,  0.        , ..., -0.66877757,
         -0.57327764, -0.50817296],
        ...,
        [ 0.63918101,  0.71054507,  0.66877757, ...,  0.        ,
          0.12175992,  0.19818049],
        [ 0.54078499,  0.61958174,  0.57327764, ..., -0.12175992,
          0.        ,  0.07736106],
        [ 0.47409124,  0.55700175,  0.50817296, ..., -0.19818049,
         -0.07736106,  0.        ]],

       [[ 0.        ,  0.27267842,  0.37891359, ...,  0.64780993,
          0.61891551,  0.59092864],
        [-0.27267842,  0.        ,  0.1122094 , ...,  0.83098829,
          0.80963917,  0.78851171],
        [-0.37891359, -0.1122094 ,  0.        , ...,  0.88816121,
          0.8703848 ,  0.85254293],
        ...,
        [-0.64780993, -0.83098829, -0.88816121, ...,  0.        ,
          0.03733614,  0.07243309],
        [-0.61891551, -0.80963917, -0.8703848 , ..., -0.03733614,
          0.        ,  0.03514452],
        [-0.59092864, -0.78851171, -0.85254293, ..., -0.07243309,
         -0.03514452,  0.        ]],

       [[ 0.        ,  0.0050411 ,  0.03298417, ...,  0.76315258,
          0.77751288,  0.78607076],
        [-0.0050411 ,  0.        ,  0.02794539, ...,  0.76640053,
          0.78067318,  0.78917686],
        [-0.03298417, -0.02794539,  0.        , ...,  0.7840523 ,
          0.79783247,  0.80603176],
        ...,
        [-0.76315258, -0.76640053, -0.7840523 , ...,  0.        ,
         -0.0225216 , -0.03624086],
        [-0.77751288, -0.78067318, -0.79783247, ...,  0.0225216 ,
          0.        , -0.01372486],
        [-0.78607076, -0.78917686, -0.80603176, ...,  0.03624086,
          0.01372486,  0.        ]]]), 'num': array([ 7.09651230e-01,  7.04551127e-01,  1.04724913e-07, -2.31543868e-08,
        4.63645753e-04,  4.73642222e-04,  4.56029396e-04,  1.10587605e-03,
       -1.90408934e-06,  4.57647872e-04,  4.43057787e-04,  4.13020778e-04,
        5.37391067e-07,  4.79240339e-04,  4.06875236e-04])}
{'img': array([[[ 0.        ,  0.29042897,  0.40617997, ...,  0.51405267,
          0.5484141 ,  0.57384273],
        [-0.29042897,  0.        ,  0.12328021, ...,  0.74101319,
          0.76763427,  0.78695945],
        [-0.40617997, -0.12328021,  0.        , ...,  0.81814215,
          0.84078751,  0.85702092],
        ...,
        [-0.51405267, -0.74101319, -0.81814215, ...,  0.        ,
         -0.04055253, -0.07122714],
        [-0.5484141 , -0.76763427, -0.84078751, ...,  0.04055253,
          0.        , -0.03071901],
        [-0.57384273, -0.78695945, -0.85702092, ...,  0.07122714,
          0.03071901,  0.        ]],

       [[ 0.        , -0.60560249, -0.76799173, ..., -0.93628933,
         -0.9641479 , -0.97157366],
        [ 0.60560249,  0.        , -0.22327871, ..., -0.53236287,
         -0.60653141, -0.62977778],
        [ 0.76799173,  0.22327871,  0.        , ..., -0.32991413,
         -0.41369945, -0.44044142],
        ...,
        [ 0.93628933,  0.53236287,  0.32991413, ...,  0.        ,
         -0.09017853, -0.11959077],
        [ 0.9641479 ,  0.60653141,  0.41369945, ...,  0.09017853,
          0.        , -0.02957217],
        [ 0.97157366,  0.62977778,  0.44044142, ...,  0.11959077,
          0.02957217,  0.        ]],

       [[ 0.        ,  0.26044674,  0.38180616, ...,  0.6026842 ,
          0.59366295,  0.54508031],
        [-0.26044674,  0.        ,  0.12791342, ...,  0.78971573,
          0.78275967,  0.74462295],
        [-0.38180616, -0.12791342,  0.        , ...,  0.8616999 ,
          0.85593316,  0.82388645],
        ...,
        [-0.6026842 , -0.78971573, -0.8616999 , ...,  0.        ,
          0.01125726,  0.07031762],
        [-0.59366295, -0.78275967, -0.85593316, ..., -0.01125726,
          0.        ,  0.05908377],
        [-0.54508031, -0.74462295, -0.82388645, ..., -0.07031762,
         -0.05908377,  0.        ]],

       ...,

       [[ 0.        , -0.05767717, -0.1843125 , ..., -0.61958174,
         -0.55700175, -0.52250004],
        [ 0.05767717,  0.        , -0.12731665, ..., -0.57327764,
         -0.50817296, -0.47245241],
        [ 0.1843125 ,  0.12731665,  0.        , ..., -0.46429406,
         -0.39438541, -0.35639633],
        ...,
        [ 0.61958174,  0.57327764,  0.46429406, ...,  0.        ,
          0.07736106,  0.11815263],
        [ 0.55700175,  0.50817296,  0.39438541, ..., -0.07736106,
          0.        ,  0.04097936],
        [ 0.52250004,  0.47245241,  0.35639633, ..., -0.11815263,
         -0.04097936,  0.        ]],

       [[ 0.        ,  0.27086074,  0.37631612, ...,  0.6241381 ,
          0.59599111,  0.56588708],
        [-0.27086074,  0.        ,  0.11129875, ...,  0.81243421,
          0.79121084,  0.7680534 ],
        [-0.37631612, -0.11129875,  0.        , ...,  0.8722796 ,
          0.85435906,  0.83455562],
        ...,
