state_0,state_1,state_2,state_3,state_4,state_5,state_6,state_7,state_8,state_9,state_10,state_11,state_12,state_13,state_14,state_15,state_16,state_17,state_18,state_19,state_20,state_21,state_22,state_23,state_24,state_25,state_26,state_27,state_28,state_29,state_30,state_31,state_32,state_33,state_34,state_35,state_36,state_37,state_38,state_39,state_40,state_41,state_42,state_43,state_44,state_45,state_46,state_47,state_48,state_49,state_50,state_51,state_52,state_53,state_54,state_55,state_56,state_57,state_58,state_59,state_60,state_61,state_62,state_63,state_64,state_65,state_66,state_67,state_68,state_69,state_70,state_71,state_72,state_73,state_74,state_75,state_76,state_77,state_78,state_79,state_80,state_81,state_82,state_83,state_84,state_85,state_86,state_87,state_88,state_89,state_90,state_91,state_92,state_93,state_94,state_95,state_96,state_97,state_98,state_99,state_100,state_101,state_102,state_103,state_104,state_105,state_106,state_107,state_108,state_109,state_110,state_111,state_112,state_113,state_114,state_115,state_116,state_117,state_118,state_119,state_120,state_121,state_122,state_123,state_124,state_125,state_126,state_127,state_128,state_129,state_130,state_131,state_132,state_133,state_134,state_135,state_136,state_137,state_138,state_139,state_140,state_141,state_142,state_143,state_144,state_145,state_146,state_147,state_148,state_149,state_150,state_151,state_152,state_153,state_154,state_155,state_156,state_157,state_158,state_159,state_160,state_161,state_162,state_163,state_164,state_165,state_166,state_167,state_168,state_169,state_170,state_171,state_172,state_173,state_174,state_175,state_176,state_177,state_178,state_179,state_180,state_181,state_182,state_183,state_184,state_185,state_186,state_187,state_188,state_189,state_190,state_191,state_192,state_193,state_194,state_195,state_196,state_197,state_198,state_199,state_200,state_201,state_202,state_203,state_204,state_205,state_206,state_207,state_208,state_209,state_210,state_211,state_212,state_213,state_214,state_215,state_216,state_217,state_218,state_219,state_220,state_221,state_222,state_223,state_224,state_225,state_226,state_227,state_228,state_229,state_230,state_231,state_232,state_233,state_234,state_235,state_236,state_237,state_238,state_239,state_240,state_241,state_242,state_243,state_244,state_245,state_246,state_247,state_248,state_249,state_250,state_251,state_252,state_253,state_254,state_255,state_256,state_257,state_258,state_259,state_260,state_261,state_262,state_263,state_264,state_265,state_266,state_267,state_268,state_269,state_270,state_271,state_272,state_273,state_274,state_275,state_276,state_277,state_278,state_279,state_280,state_281,state_282,state_283,state_284,state_285,state_286,state_287
{'img': array([[[ 0.00000000e+00, -8.68921744e-01, -9.00747346e-01, ...,
         -9.91340941e-01, -9.85146290e-01, -9.85146290e-01],
        [ 8.68921744e-01,  0.00000000e+00, -6.84139894e-02, ...,
         -6.04764533e-01, -6.36806443e-01, -6.36806443e-01],
        [ 9.00747346e-01,  6.84139894e-02,  0.00000000e+00, ...,
         -5.48862383e-01, -5.82565610e-01, -5.82565610e-01],
        ...,
        [ 9.91340941e-01,  6.04764533e-01,  5.48862383e-01, ...,
          0.00000000e+00, -4.08676185e-02, -4.08676185e-02],
        [ 9.85146290e-01,  6.36806443e-01,  5.82565610e-01, ...,
          4.08676185e-02,  0.00000000e+00,  0.00000000e+00],
        [ 9.85146290e-01,  6.36806443e-01,  5.82565610e-01, ...,
          4.08676185e-02,  0.00000000e+00,  0.00000000e+00]],

       [[ 0.00000000e+00,  3.60915608e-01,  4.40127177e-03, ...,
         -5.64841929e-01, -4.95703163e-01, -5.93746248e-01],
        [-3.60915608e-01,  0.00000000e+00, -3.56807493e-01, ...,
         -8.24597968e-01, -7.75744339e-01, -8.44138438e-01],
        [-4.40127177e-03,  3.56807493e-01,  0.00000000e+00, ...,
         -5.68468384e-01, -4.99520832e-01, -5.97281991e-01],
        ...,
        [ 5.64841929e-01,  8.24597968e-01,  5.68468384e-01, ...,
          0.00000000e+00,  8.15068864e-02, -3.54575032e-02],
        [ 4.95703163e-01,  7.75744339e-01,  4.99520832e-01, ...,
         -8.15068864e-02,  0.00000000e+00, -1.16795162e-01],
        [ 5.93746248e-01,  8.44138438e-01,  5.97281991e-01, ...,
          3.54575032e-02,  1.16795162e-01,  0.00000000e+00]],

       [[ 0.00000000e+00, -5.49885155e-01, -7.37765387e-01, ...,
         -9.89553698e-01, -9.76084536e-01, -9.56839206e-01],
        [ 5.49885155e-01,  0.00000000e+00, -2.45007426e-01, ...,
         -9.05789164e-01, -9.34805367e-01, -9.58997082e-01],
        [ 7.37765387e-01,  2.45007426e-01,  0.00000000e+00, ...,
         -7.74365127e-01, -8.19296681e-01, -8.60328993e-01],
        ...,
        [ 9.89553698e-01,  9.05789164e-01,  7.74365127e-01, ...,
          0.00000000e+00, -7.44033767e-02, -1.49639473e-01],
        [ 9.76084536e-01,  9.34805367e-01,  8.19296681e-01, ...,
          7.44033767e-02,  0.00000000e+00, -7.56590652e-02],
        [ 9.56839206e-01,  9.58997082e-01,  8.60328993e-01, ...,
          1.49639473e-01,  7.56590652e-02,  0.00000000e+00]],

       ...,

       [[ 0.00000000e+00, -8.10772939e-01, -8.50984273e-01, ...,
         -6.30176162e-01, -7.70547554e-01, -1.63946343e-01],
        [ 8.10772939e-01,  0.00000000e+00, -7.23220275e-02, ...,
          2.60646016e-01,  6.57241756e-02,  7.03834820e-01],
        [ 8.50984273e-01,  7.23220275e-02,  0.00000000e+00, ...,
          3.29785647e-01,  1.37717721e-01,  7.53366652e-01],
        ...,
        [ 6.30176162e-01, -2.60646016e-01, -3.29785647e-01, ...,
          0.00000000e+00, -1.96630072e-01,  4.94352914e-01],
        [ 7.70547554e-01, -6.57241756e-02, -1.37717721e-01, ...,
          1.96630072e-01,  0.00000000e+00,  6.55624942e-01],
        [ 1.63946343e-01, -7.03834820e-01, -7.53366652e-01, ...,
         -4.94352914e-01, -6.55624942e-01,  0.00000000e+00]],

       [[ 0.00000000e+00, -5.15888267e-01, -6.58449123e-01, ...,
         -7.63645756e-01, -7.63074789e-01, -7.60660667e-01],
        [ 5.15888267e-01,  0.00000000e+00, -1.75793781e-01, ...,
         -9.87257390e-01, -9.87116350e-01, -9.86513153e-01],
        [ 6.58449123e-01,  1.75793781e-01,  0.00000000e+00, ...,
         -9.99857179e-01, -9.99871727e-01, -9.99924476e-01],
        ...,
        [ 7.63645756e-01,  9.87257390e-01,  9.99857179e-01, ...,
          0.00000000e+00, -8.83885940e-04, -4.61091622e-03],
        [ 7.63074789e-01,  9.87116350e-01,  9.99871727e-01, ...,
          8.83885940e-04,  0.00000000e+00, -3.72703788e-03],
        [ 7.60660667e-01,  9.86513153e-01,  9.99924476e-01, ...,
          4.61091622e-03,  3.72703788e-03,  0.00000000e+00]],

       [[ 0.00000000e+00,  4.24710788e-01,  6.89818508e-01, ...,
          4.04237779e-02,  7.17742854e-02,  1.09208056e-01],
        [-4.24710788e-01,  0.00000000e+00,  3.17029647e-01, ...,
         -3.87766819e-01, -3.58636069e-01, -3.23301328e-01],
        [-6.89818508e-01, -3.17029647e-01,  0.00000000e+00, ...,
         -6.59988566e-01, -6.36076082e-01, -6.06627940e-01],
        ...,
        [-4.04237779e-02,  3.87766819e-01,  6.59988566e-01, ...,
          0.00000000e+00,  3.13960979e-02,  6.89367919e-02],
        [-7.17742854e-02,  3.58636069e-01,  6.36076082e-01, ...,
         -3.13960979e-02,  0.00000000e+00,  3.75814000e-02],
        [-1.09208056e-01,  3.23301328e-01,  6.06627940e-01, ...,
         -6.89367919e-02, -3.75814000e-02,  0.00000000e+00]]]), 'num': array([7.07106251e-01, 7.07106251e-01, 0.00000000e+00, 0.00000000e+00,
       2.80392132e-04, 2.80392132e-04, 2.77591712e-04, 9.32610136e-04,
       3.50052600e-07, 2.81232259e-04, 2.81092238e-04, 2.79400317e-04,
       2.21356791e-06, 2.88997538e-04, 2.73186937e-04])}
{'img': array([[[ 0.        , -0.15103456,  0.44114489, ..., -0.87363225,
         -0.87363225, -0.8608426 ],
        [ 0.15103456,  0.        ,  0.57162812, ..., -0.79011894,
         -0.79011894, -0.77411027],
        [-0.44114489, -0.57162812,  0.        , ..., -0.99868421,
         -0.99868421, -0.99703703],
        ...,
        [ 0.87363225,  0.79011894,  0.99868421, ...,  0.        ,
          0.        ,  0.02569176],
        [ 0.87363225,  0.79011894,  0.99868421, ...,  0.        ,
          0.        ,  0.02569176],
        [ 0.8608426 ,  0.77411027,  0.99703703, ..., -0.02569176,
         -0.02569176,  0.        ]],

       [[ 0.        , -0.35680749, -0.5409588 , ..., -0.77574434,
         -0.84413844, -0.86182406],
        [ 0.35680749,  0.        , -0.20525915, ..., -0.49952083,
         -0.59728199, -0.62412163],
        [ 0.5409588 ,  0.20525915,  0.        , ..., -0.31106847,
         -0.41994019, -0.45045806],
        ...,
        [ 0.77574434,  0.49952083,  0.31106847, ...,  0.        ,
         -0.11679516, -0.15038853],
        [ 0.84413844,  0.59728199,  0.41994019, ...,  0.11679516,
          0.        , -0.03389243],
        [ 0.86182406,  0.62412163,  0.45045806, ...,  0.15038853,
          0.03389243,  0.        ]],

       [[ 0.        , -0.56449511, -0.72307162, ..., -0.98911684,
         -0.97391045, -0.94852301],
        [ 0.56449511,  0.        , -0.20691162, ..., -0.89950844,
         -0.93200353, -0.96172567],
        [ 0.72307162,  0.20691162,  0.        , ..., -0.78964237,
         -0.83683968, -0.88421688],
        ...,
        [ 0.98911684,  0.89950844,  0.78964237, ...,  0.        ,
         -0.08116937, -0.1737032 ],
        [ 0.97391045,  0.93200353,  0.83683968, ...,  0.08116937,
          0.        , -0.0931946 ],
        [ 0.94852301,  0.96172567,  0.88421688, ...,  0.1737032 ,
          0.0931946 ,  0.        ]],

       ...,

       [[ 0.        , -0.07232203, -0.40513995, ...,  0.06572418,
          0.70383482,  0.86752264],
        [ 0.07232203,  0.        , -0.33795827, ...,  0.13771772,
          0.75336665,  0.9012237 ],
        [ 0.40513995,  0.33795827,  0.        , ...,  0.4643526 ,
          0.93128098,  0.99465231],
        ...,
        [-0.06572418, -0.13771772, -0.4643526 , ...,  0.        ,
          0.65562494,  0.83295585],
        [-0.70383482, -0.75336665, -0.93128098, ..., -0.65562494,
          0.        ,  0.26617075],
        [-0.86752264, -0.9012237 , -0.99465231, ..., -0.83295585,
         -0.26617075,  0.        ]],

       [[ 0.        , -0.45996389, -0.70946837, ..., -0.78538832,
         -0.78296789, -0.77848104],
        [ 0.45996389,  0.        , -0.30580996, ..., -0.98209504,
         -0.98135276, -0.97994727],
        [ 0.70946837,  0.30580996,  0.        , ..., -0.99265575,
         -0.99312006, -0.99393529],
        ...,
        [ 0.78538832,  0.98209504,  0.99265575, ...,  0.        ,
         -0.00390056, -0.01108082],
        [ 0.78296789,  0.98135276,  0.99312006, ...,  0.00390056,
          0.        , -0.00718041],
        [ 0.77848104,  0.97994727,  0.99393529, ...,  0.01108082,
          0.00718041,  0.        ]],

       [[ 0.        ,  0.31702965,  0.81636776, ..., -0.35863607,
         -0.32330133, -0.27849649],
        [-0.31702965,  0.        ,  0.59116104, ..., -0.63607608,
         -0.60662794, -0.5686175 ],
        [-0.81636776, -0.59116104,  0.        , ..., -0.96918485,
         -0.9592426 , -0.94491075],
        ...,
        [ 0.35863607,  0.63607608,  0.96918485, ...,  0.        ,
          0.0375814 ,  0.08447725],
        [ 0.32330133,  0.60662794,  0.9592426 , ..., -0.0375814 ,
          0.        ,  0.04697051],
        [ 0.27849649,  0.5686175 ,  0.94491075, ..., -0.08447725,
         -0.04697051,  0.        ]]]), 'num': array([ 7.47784779e-01,  6.63930212e-01,  1.05610285e-05, -5.94367421e-11,
        2.94226549e-04,  2.96820486e-04,  2.89409238e-04,  3.72811718e-03,
       -2.59393683e-06,  2.96227586e-04,  2.97617195e-04,  2.95529694e-04,
        2.15326803e-06,  3.05880903e-04,  2.89353487e-04])}
{'img': array([[[ 0.        ,  0.57162812, -0.38360544, ..., -0.79011894,
         -0.77411027, -0.87481429],
        [-0.57162812,  0.        , -0.84265009, ..., -0.99868421,
         -0.99703703, -0.9947264 ],
        [ 0.38360544,  0.84265009,  0.        , ..., -0.49454021,
         -0.47204686, -0.62204756],
        ...,
        [ 0.79011894,  0.99868421,  0.49454021, ...,  0.        ,
          0.02569176, -0.15344076],
        [ 0.77411027,  0.99703703,  0.47204686, ..., -0.02569176,
          0.        , -0.17877762],
        [ 0.87481429,  0.9947264 ,  0.62204756, ...,  0.15344076,
          0.17877762,  0.        ]],

       [[ 0.        , -0.20525915,  0.00772254, ..., -0.59728199,
         -0.62412163,  0.05537635],
        [ 0.20525915,  0.        ,  0.21281114, ..., -0.41994019,
         -0.45045806,  0.25914145],
        [-0.00772254, -0.21281114,  0.        , ..., -0.6034579 ,
         -0.63013685,  0.047664  ],
        ...,
        [ 0.59728199,  0.41994019,  0.6034579 , ...,  0.        ,
         -0.03389243,  0.64077906],
        [ 0.62412163,  0.45045806,  0.63013685, ...,  0.03389243,
          0.        ,  0.666431  ],
        [-0.05537635, -0.25914145, -0.047664  , ..., -0.64077906,
         -0.666431  ,  0.        ]],

       [[ 0.        , -0.52279406, -0.782261  , ..., -0.98822534,
         -0.96789208, -0.93269901],
        [ 0.52279406,  0.        , -0.34117046, ..., -0.92241195,
         -0.95650104, -0.98363635],
        [ 0.782261  ,  0.34117046,  0.        , ..., -0.735306  ,
         -0.79958308, -0.86315253],
        ...,
        [ 0.98822534,  0.92241195,  0.735306  , ...,  0.        ,
         -0.10031359, -0.2137011 ],
        [ 0.96789208,  0.95650104,  0.79958308, ...,  0.10031359,
          0.        , -0.1146269 ],
        [ 0.93269901,  0.98363635,  0.86315253, ...,  0.2137011 ,
          0.1146269 ,  0.        ]],

       ...,

       [[ 0.        , -0.33795827, -0.51109929, ...,  0.75336665,
          0.9012237 ,  0.71517465],
        [ 0.33795827,  0.        , -0.19054431, ...,  0.93128098,
          0.99465231,  0.90930907],
        [ 0.51109929,  0.19054431,  0.        , ...,  0.98363422,
          0.99610832,  0.97193881],
        ...,
        [-0.75336665, -0.93128098, -0.98363422, ...,  0.        ,
          0.26617075, -0.0562631 ],
        [-0.9012237 , -0.99465231, -0.99610832, ..., -0.26617075,
          0.        , -0.31998259],
        [-0.71517465, -0.90930907, -0.97193881, ...,  0.0562631 ,
          0.31998259,  0.        ]],

       [[ 0.        , -0.35170319, -0.41521249, ..., -0.95880265,
         -0.95670854, -0.95566511],
        [ 0.35170319,  0.        , -0.06873221, ..., -0.99745564,
         -0.99794834, -0.9981702 ],
        [ 0.41521249,  0.06873221,  0.        , ..., -0.99019688,
         -0.9911878 , -0.99165364],
        ...,
        [ 0.95880265,  0.99745564,  0.99019688, ...,  0.        ,
         -0.00728224, -0.0108463 ],
        [ 0.95670854,  0.99794834,  0.9911878 , ...,  0.00728224,
          0.        , -0.00356421],
        [ 0.95566511,  0.9981702 ,  0.99165364, ...,  0.0108463 ,
          0.00356421,  0.        ]],

       [[ 0.        ,  0.59116104,  0.8891267 , ..., -0.60662794,
         -0.5686175 , -0.55797809],
        [-0.59116104,  0.        ,  0.44657685, ..., -0.9592426 ,
         -0.94491075, -0.94061756],
        [-0.8891267 , -0.44657685,  0.        , ..., -0.9844732 ,
         -0.99163158, -0.99321173],
        ...,
        [ 0.60662794,  0.9592426 ,  0.9844732 , ...,  0.        ,
          0.04697051,  0.05982894],
        [ 0.5686175 ,  0.94491075,  0.99163158, ..., -0.04697051,
          0.        ,  0.01287654],
        [ 0.55797809,  0.94061756,  0.99321173, ..., -0.05982894,
         -0.01287654,  0.        ]]]), 'num': array([ 8.79635510e-01,  4.75637769e-01,  5.12687489e-05, -4.60704965e-09,
        3.44707970e-04,  3.48207543e-04,  3.39458610e-04,  3.01873193e-03,
       -2.62467998e-06,  3.48470011e-04,  3.50941585e-04,  3.48564792e-04,
        1.92211412e-06,  3.61091385e-04,  3.40791786e-04])}
{'img': array([[[ 0.00000000e+00, -8.42650088e-01, -9.73008511e-01, ...,
         -9.97037031e-01, -9.94726397e-01, -9.66568042e-01],
        [ 8.42650088e-01,  0.00000000e+00, -3.29469947e-01, ...,
         -4.72046856e-01, -6.22047556e-01, -7.36523840e-01],
        [ 9.73008511e-01,  3.29469947e-01,  0.00000000e+00, ...,
         -1.55238660e-01, -3.29347990e-01, -4.72543525e-01],
        ...,
        [ 9.97037031e-01,  4.72046856e-01,  1.55238660e-01, ...,
          0.00000000e+00, -1.78777623e-01, -3.30001909e-01],
        [ 9.94726397e-01,  6.22047556e-01,  3.29347990e-01, ...,
          1.78777623e-01,  0.00000000e+00, -1.55922867e-01],
        [ 9.66568042e-01,  7.36523840e-01,  4.72543525e-01, ...,
          3.30001909e-01,  1.55922867e-01,  0.00000000e+00]],

       [[ 0.00000000e+00,  2.12811144e-01,  3.09532433e-01, ...,
         -4.50458062e-01,  2.59141448e-01,  1.37713371e-02],
        [-2.12811144e-01,  0.00000000e+00,  1.00082331e-01, ...,
         -6.30136854e-01,  4.76640025e-02, -1.99335081e-01],
        [-3.09532433e-01, -1.00082331e-01,  0.00000000e+00, ...,
         -7.04685375e-01, -5.25438906e-02, -2.96408069e-01],
        ...,
        [ 4.50458062e-01,  6.30136854e-01,  7.04685375e-01, ...,
          0.00000000e+00,  6.66430996e-01,  4.62710362e-01],
        [-2.59141448e-01, -4.76640025e-02,  5.25438906e-02, ...,
         -6.66430996e-01,  0.00000000e+00, -2.45815974e-01],
        [-1.37713371e-02,  1.99335081e-01,  2.96408069e-01, ...,
         -4.62710362e-01,  2.45815974e-01,  0.00000000e+00]],

       [[ 0.00000000e+00, -6.58920725e-01, -8.92358419e-01, ...,
         -9.81445676e-01, -9.50823081e-01, -9.19824369e-01],
        [ 6.58920725e-01,  0.00000000e+00, -3.73854059e-01, ...,
         -8.64597328e-01, -9.19311392e-01, -9.50417907e-01],
        [ 8.92358419e-01,  3.73854059e-01,  0.00000000e+00, ...,
         -6.14054530e-01, -7.05526741e-01, -7.65241293e-01],
        ...,
        [ 9.81445676e-01,  8.64597328e-01,  6.14054530e-01, ...,
          0.00000000e+00, -1.21676388e-01, -2.08683454e-01],
        [ 9.50823081e-01,  9.19311392e-01,  7.05526741e-01, ...,
          1.21676388e-01,  0.00000000e+00, -8.81354307e-02],
        [ 9.19824369e-01,  9.50417907e-01,  7.65241293e-01, ...,
          2.08683454e-01,  8.81354307e-02,  0.00000000e+00]],

       ...,

       [[ 0.00000000e+00, -1.90544308e-01, -2.93834716e-01, ...,
          9.94652312e-01,  9.09309065e-01,  5.13950831e-01],
        [ 1.90544308e-01,  0.00000000e+00, -1.06318284e-01, ...,
          9.96108320e-01,  9.71938812e-01,  6.67987182e-01],
        [ 2.93834716e-01,  1.06318284e-01,  0.00000000e+00, ...,
          9.81091901e-01,  9.91439663e-01,  7.43320303e-01],
        ...,
        [-9.94652312e-01, -9.96108320e-01, -9.81091901e-01, ...,
          0.00000000e+00, -3.19982590e-01, -8.00151402e-01],
        [-9.09309065e-01, -9.71938812e-01, -9.91439663e-01, ...,
          3.19982590e-01,  0.00000000e+00, -5.66157237e-01],
        [-5.13950831e-01, -6.67987182e-01, -7.43320303e-01, ...,
          8.00151402e-01,  5.66157237e-01,  0.00000000e+00]],

       [[ 0.00000000e+00, -6.87322120e-02, -1.47251095e-02, ...,
         -9.97948338e-01, -9.98170195e-01, -9.98167069e-01],
        [ 6.87322120e-02,  0.00000000e+00,  5.40344733e-02, ...,
         -9.91187802e-01, -9.91653636e-01, -9.91646970e-01],
        [ 1.47251095e-02, -5.40344733e-02,  0.00000000e+00, ...,
         -9.96897375e-01, -9.97171590e-01, -9.97167704e-01],
        ...,
        [ 9.97948338e-01,  9.91187802e-01,  9.96897375e-01, ...,
          0.00000000e+00, -3.56420749e-03, -3.51252085e-03],
        [ 9.98170195e-01,  9.91653636e-01,  9.97171590e-01, ...,
          3.56420749e-03,  0.00000000e+00,  5.16869548e-05],
        [ 9.98167069e-01,  9.91646970e-01,  9.97167704e-01, ...,
          3.51252085e-03, -5.16869548e-05,  0.00000000e+00]],

       [[ 0.00000000e+00,  4.46576855e-01,  5.38972549e-02, ...,
         -9.44910749e-01, -9.40617557e-01, -9.57503555e-01],
        [-4.46576855e-01,  0.00000000e+00, -3.97703435e-01, ...,
         -9.91631578e-01, -9.93211728e-01, -9.85524136e-01],
        [-5.38972549e-02,  3.97703435e-01,  0.00000000e+00, ...,
         -9.61179394e-01, -9.57546757e-01, -9.71656936e-01],
        ...,
        [ 9.44910749e-01,  9.91631578e-01,  9.61179394e-01, ...,
          0.00000000e+00,  1.28765405e-02, -4.08852648e-02],
        [ 9.40617557e-01,  9.93211728e-01,  9.57546757e-01, ...,
         -1.28765405e-02,  0.00000000e+00, -5.37476489e-02],
        [ 9.57503555e-01,  9.85524136e-01,  9.71656936e-01, ...,
          4.08852648e-02,  5.37476489e-02,  0.00000000e+00]]]), 'num': array([ 8.66016732e-01,  5.00011404e-01,  4.65655634e-05, -1.98042385e-08,
        3.38893822e-04,  3.44067774e-04,  3.36738009e-04,  1.63492555e-03,
       -8.62325247e-07,  3.42256891e-04,  3.45447494e-04,  3.43191076e-04,
        1.72465049e-06,  3.55851297e-04,  3.35043691e-04])}
{'img': array([[[ 0.00000000e+00, -5.88491417e-01, -5.88491417e-01, ...,
         -8.82067546e-01, -9.56332969e-01, -9.73259647e-01],
        [ 5.88491417e-01,  0.00000000e+00,  0.00000000e+00, ...,
         -4.35902849e-01, -6.01194597e-01, -6.51702747e-01],
        [ 5.88491417e-01,  0.00000000e+00,  0.00000000e+00, ...,
         -4.35902849e-01, -6.01194597e-01, -6.51702747e-01],
        ...,
        [ 8.82067546e-01,  4.35902849e-01,  4.35902849e-01, ...,
          0.00000000e+00, -1.92740240e-01, -2.55907199e-01],
        [ 9.56332969e-01,  6.01194597e-01,  6.01194597e-01, ...,
          1.92740240e-01,  0.00000000e+00, -6.47866408e-02],
        [ 9.73259647e-01,  6.51702747e-01,  6.51702747e-01, ...,
          2.55907199e-01,  6.47866408e-02,  0.00000000e+00]],

       [[ 0.00000000e+00,  1.00082331e-01, -1.82477784e-01, ...,
          4.76640025e-02, -1.99335081e-01, -4.93620077e-01],
        [-1.00082331e-01,  0.00000000e+00, -2.79963539e-01, ...,
         -5.25438906e-02, -2.96408069e-01, -5.78181056e-01],
        [ 1.82477784e-01,  2.79963539e-01,  0.00000000e+00, ...,
          2.29134107e-01, -1.71725320e-02, -3.26635333e-01],
        ...,
        [-4.76640025e-02,  5.25438906e-02, -2.29134107e-01, ...,
          0.00000000e+00, -2.45815974e-01, -5.34511359e-01],
        [ 1.99335081e-01,  2.96408069e-01,  1.71725320e-02, ...,
          2.45815974e-01,  0.00000000e+00, -3.10356542e-01],
        [ 4.93620077e-01,  5.78181056e-01,  3.26635333e-01, ...,
          5.34511359e-01,  3.10356542e-01,  0.00000000e+00]],

       [[ 0.00000000e+00, -7.54268877e-01, -8.76456264e-01, ...,
         -9.77243363e-01, -9.51903719e-01, -9.16220948e-01],
        [ 7.54268877e-01,  0.00000000e+00, -2.12284586e-01, ...,
         -8.01620859e-01, -8.56093243e-01, -9.03774684e-01],
        [ 8.76456264e-01,  2.12284586e-01,  0.00000000e+00, ...,
         -6.56439548e-01, -7.26867851e-01, -7.92316131e-01],
        ...,
        [ 9.77243363e-01,  8.01620859e-01,  6.56439548e-01, ...,
          0.00000000e+00, -9.75057635e-02, -1.97205524e-01],
        [ 9.51903719e-01,  8.56093243e-01,  7.26867851e-01, ...,
          9.75057635e-02,  0.00000000e+00, -1.00674870e-01],
        [ 9.16220948e-01,  9.03774684e-01,  7.92316131e-01, ...,
          1.97205524e-01,  1.00674870e-01,  0.00000000e+00]],

       ...,

       [[ 0.00000000e+00, -1.06318284e-01, -2.55555524e-01, ...,
          9.71938812e-01,  6.67987182e-01,  5.51661514e-01],
        [ 1.06318284e-01,  0.00000000e+00, -1.51319154e-01, ...,
          9.91439663e-01,  7.43320303e-01,  6.37211467e-01],
        [ 2.55555524e-01,  1.51319154e-01,  0.00000000e+00, ...,
          9.99780281e-01,  8.35983718e-01,  7.46493959e-01],
        ...,
        [-9.71938812e-01, -9.91439663e-01, -9.99780281e-01, ...,
          0.00000000e+00, -5.66157237e-01, -6.80893706e-01],
        [-6.67987182e-01, -7.43320303e-01, -8.35983718e-01, ...,
          5.66157237e-01,  0.00000000e+00, -1.46615309e-01],
        [-5.51661514e-01, -6.37211467e-01, -7.46493959e-01, ...,
          6.80893706e-01,  1.46615309e-01,  0.00000000e+00]],

       [[ 0.00000000e+00,  5.40344733e-02,  1.56417558e-01, ...,
         -9.91653636e-01, -9.91646970e-01, -9.92067746e-01],
        [-5.40344733e-02,  0.00000000e+00,  1.02819679e-01, ...,
         -9.97171590e-01, -9.97167704e-01, -9.97410774e-01],
        [-1.56417558e-01, -1.02819679e-01,  0.00000000e+00, ...,
         -9.99614379e-01, -9.99615813e-01, -9.99518772e-01],
        ...,
        [ 9.91653636e-01,  9.97171590e-01,  9.99614379e-01, ...,
          0.00000000e+00,  5.16869548e-05, -3.25257590e-03],
        [ 9.91646970e-01,  9.97167704e-01,  9.99615813e-01, ...,
         -5.16869548e-05,  0.00000000e+00, -3.30426257e-03],
        [ 9.92067746e-01,  9.97410774e-01,  9.99518772e-01, ...,
          3.25257590e-03,  3.30426257e-03,  0.00000000e+00]],

       [[ 0.00000000e+00, -3.97703435e-01, -6.85987417e-01, ...,
         -9.93211728e-01, -9.85524136e-01, -9.73677868e-01],
        [ 3.97703435e-01,  0.00000000e+00, -3.40028723e-01, ...,
         -9.57546757e-01, -9.71656936e-01, -9.84011050e-01],
        [ 6.85987417e-01,  3.40028723e-01,  0.00000000e+00, ...,
         -8.02468580e-01, -8.33379572e-01, -8.64817162e-01],
        ...,
        [ 9.93211728e-01,  9.57546757e-01,  8.02468580e-01, ...,
          0.00000000e+00, -5.37476489e-02, -1.13122558e-01],
        [ 9.85524136e-01,  9.71656936e-01,  8.33379572e-01, ...,
          5.37476489e-02,  0.00000000e+00, -5.95563995e-02],
        [ 9.73677868e-01,  9.84011050e-01,  8.64817162e-01, ...,
          1.13122558e-01,  5.95563995e-02,  0.00000000e+00]]]), 'num': array([ 8.23600282e-01,  5.67168216e-01,  3.28338113e-05, -2.40068180e-08,
        3.20941260e-04,  3.25461559e-04,  3.19297514e-04,  1.39369050e-03,
       -2.05468156e-06,  3.24639686e-04,  3.28543581e-04,  3.26831347e-04,
        1.48889968e-06,  3.38727840e-04,  3.18359323e-04])}
{'img': array([[[ 0.        ,  0.        , -0.40633213, ..., -0.6011946 ,
         -0.65170275, -0.76754231],
        [ 0.        ,  0.        , -0.40633213, ..., -0.6011946 ,
         -0.65170275, -0.76754231],
        [ 0.40633213,  0.40633213,  0.        , ..., -0.22462572,
         -0.28728484, -0.44086475],
        ...,
        [ 0.6011946 ,  0.6011946 ,  0.22462572, ...,  0.        ,
         -0.06478664, -0.2279804 ],
        [ 0.65170275,  0.65170275,  0.28728484, ...,  0.06478664,
          0.        , -0.16442091],
        [ 0.76754231,  0.76754231,  0.44086475, ...,  0.2279804 ,
          0.16442091,  0.        ]],

       [[ 0.        , -0.27996354, -0.15700596, ..., -0.29640807,
         -0.57818106, -0.62043753],
        [ 0.27996354,  0.        ,  0.12576394, ..., -0.01717253,
         -0.32663533, -0.37606358],
        [ 0.15700596, -0.12576394,  0.        , ..., -0.14278158,
         -0.44290776, -0.4896098 ],
        ...,
        [ 0.29640807,  0.01717253,  0.14278158, ...,  0.        ,
         -0.31035654, -0.36009616],
        [ 0.57818106,  0.32663533,  0.44290776, ...,  0.31035654,
          0.        , -0.05277836],
        [ 0.62043753,  0.37606358,  0.4896098 , ...,  0.36009616,
          0.05277836,  0.        ]],

       [[ 0.        , -0.61488359, -0.8636657 , ..., -0.9866918 ,
         -0.96103614, -0.9024024 ],
        [ 0.61488359,  0.        , -0.37116089, ..., -0.87810387,
         -0.92785811, -0.97660051],
        [ 0.8636657 ,  0.37116089,  0.        , ..., -0.63779029,
         -0.72316158, -0.82701814],
        ...,
        [ 0.9866918 ,  0.87810387,  0.63779029, ...,  0.        ,
         -0.11647804, -0.27842778],
        [ 0.96103614,  0.92785811,  0.72316158, ...,  0.11647804,
          0.        , -0.16466044],
        [ 0.9024024 ,  0.97660051,  0.82701814, ...,  0.27842778,
          0.16466044,  0.        ]],

       ...,

       [[ 0.        , -0.15131915, -0.62294778, ...,  0.7433203 ,
          0.63721147,  0.52338475],
        [ 0.15131915,  0.        , -0.49740307, ...,  0.83598372,
          0.74649396,  0.64629647],
        [ 0.62294778,  0.49740307,  0.        , ...,  0.99818427,
          0.97856623,  0.94023636],
        ...,
        [-0.7433203 , -0.83598372, -0.99818427, ...,  0.        ,
         -0.14661531, -0.28326988],
        [-0.63721147, -0.74649396, -0.97856623, ...,  0.14661531,
          0.        , -0.13959877],
        [-0.52338475, -0.64629647, -0.94023636, ...,  0.28326988,
          0.13959877,  0.        ]],

       [[ 0.        ,  0.10281968,  0.25391746, ..., -0.9971677 ,
         -0.99741077, -0.99905704],
        [-0.10281968,  0.        ,  0.15312185, ..., -0.99961581,
         -0.99951877, -0.99822617],
        [-0.25391746, -0.15312185,  0.        , ..., -0.9835836 ,
         -0.98298196, -0.97733817],
        ...,
        [ 0.9971677 ,  0.99961581,  0.9835836 , ...,  0.        ,
         -0.00330426, -0.03184519],
        [ 0.99741077,  0.99951877,  0.98298196, ...,  0.00330426,
          0.        , -0.02854243],
        [ 0.99905704,  0.99822617,  0.97733817, ...,  0.03184519,
          0.02854243,  0.        ]],

       [[ 0.        , -0.59741747, -0.85900867, ..., -0.99100688,
         -0.98085962, -0.9636391 ],
        [ 0.59741747,  0.        , -0.38301071, ..., -0.87465954,
         -0.90290801, -0.93240574],
        [ 0.85900867,  0.38301071,  0.        , ..., -0.62230167,
         -0.66942481, -0.72287898],
        ...,
        [ 0.99100688,  0.87465954,  0.62230167, ...,  0.        ,
         -0.06171533, -0.13585871],
        [ 0.98085962,  0.90290801,  0.66942481, ...,  0.06171533,
          0.        , -0.07445661],
        [ 0.9636391 ,  0.93240574,  0.72287898, ...,  0.13585871,
          0.07445661,  0.        ]]]), 'num': array([ 8.03162097e-01,  5.95756453e-01,  2.65224610e-05, -3.16770498e-08,
        3.13301578e-04,  3.16106068e-04,  3.10497088e-04,  2.02259807e-03,
        4.00641404e-07,  3.14984272e-04,  3.20212642e-04,  3.18476530e-04,
        1.29437992e-06,  3.30379387e-04,  3.10045898e-04])}
{'img': array([[[ 0.        , -0.40633213, -0.37616757, ..., -0.65170275,
         -0.76754231, -0.74561186],
        [ 0.40633213,  0.        ,  0.03277382, ..., -0.28728484,
         -0.44086475, -0.41051272],
        [ 0.37616757, -0.03277382,  0.        , ..., -0.31852275,
         -0.47004483, -0.44017716],
        ...,
        [ 0.65170275,  0.28728484,  0.31852275, ...,  0.        ,
         -0.16442091, -0.13124556],
        [ 0.76754231,  0.44086475,  0.47004483, ...,  0.16442091,
          0.        ,  0.03353931],
        [ 0.74561186,  0.41051272,  0.44017716, ...,  0.13124556,
         -0.03353931,  0.        ]],

       [[ 0.        ,  0.12576394,  0.19215191, ..., -0.32663533,
         -0.37606358, -0.18938538],
        [-0.12576394,  0.        ,  0.06720591, ..., -0.44290776,
         -0.4896098 , -0.31136966],
        [-0.19215191, -0.06720591,  0.        , ..., -0.50216101,
         -0.54710248, -0.37453072],
        ...,
        [ 0.32663533,  0.44290776,  0.50216101, ...,  0.        ,
         -0.05277836,  0.14172649],
        [ 0.37606358,  0.4896098 ,  0.54710248, ...,  0.05277836,
          0.        ,  0.19377457],
        [ 0.18938538,  0.31136966,  0.37453072, ..., -0.14172649,
         -0.19377457,  0.        ]],

       [[ 0.        , -0.73152168, -0.9510325 , ..., -0.98160772,
         -0.93154098, -0.843987  ],
        [ 0.73152168,  0.        , -0.42232455, ..., -0.80893213,
         -0.90114946, -0.96780731],
        [ 0.9510325 ,  0.42232455,  0.        , ..., -0.48496677,
         -0.63376085, -0.77096796],
        ...,
        [ 0.98160772,  0.80893213,  0.48496677, ...,  0.        ,
         -0.17910862, -0.3653739 ],
        [ 0.93154098,  0.90114946,  0.63376085, ...,  0.17910862,
          0.        , -0.19274034],
        [ 0.843987  ,  0.96780731,  0.77096796, ...,  0.3653739 ,
          0.19274034,  0.        ]],

       ...,

       [[ 0.        , -0.49740307, -0.28314736, ...,  0.74649396,
          0.64629647,  0.52651812],
        [ 0.49740307,  0.        ,  0.23141168, ...,  0.97856623,
          0.94023636,  0.87963891],
        [ 0.28314736, -0.23141168,  0.        , ...,  0.90434879,
          0.83591361,  0.74569278],
        ...,
        [-0.74649396, -0.97856623, -0.90434879, ...,  0.        ,
         -0.13959877, -0.28430118],
        [-0.64629647, -0.94023636, -0.83591361, ...,  0.13959877,
          0.        , -0.14767911],
        [-0.52651812, -0.87963891, -0.74569278, ...,  0.28430118,
          0.14767911,  0.        ]],

       [[ 0.        ,  0.15312185,  0.26833877, ..., -0.99951877,
         -0.99822617, -0.99874335],
        [-0.15312185,  0.        ,  0.11766829, ..., -0.98298196,
         -0.97733817, -0.97929145],
        [-0.26833877, -0.11766829,  0.        , ..., -0.95453723,
         -0.94564008, -0.94866567],
        ...,
        [ 0.99951877,  0.98298196,  0.95453723, ...,  0.        ,
         -0.02854243, -0.01911226],
        [ 0.99822617,  0.97733817,  0.94564008, ...,  0.02854243,
          0.        ,  0.00943274],
        [ 0.99874335,  0.97929145,  0.94866567, ...,  0.01911226,
         -0.00943274,  0.        ]],

       [[ 0.        , -0.73491709, -0.91198107, ..., -0.99434492,
         -0.98242494, -0.97650766],
        [ 0.73491709,  0.        , -0.31697961, ..., -0.75236924,
         -0.80341652, -0.82058738],
        [ 0.91198107,  0.31697961,  0.        , ..., -0.50476366,
         -0.57325104, -0.59711108],
        ...,
        [ 0.99434492,  0.75236924,  0.50476366, ...,  0.        ,
         -0.08127015, -0.11056017],
        [ 0.98242494,  0.80341652,  0.57325104, ...,  0.08127015,
          0.        , -0.02942253],
        [ 0.97650766,  0.82058738,  0.59711108, ...,  0.11056017,
          0.02942253,  0.        ]]]), 'num': array([ 8.00915328e-01,  5.98770781e-01,  2.61168664e-05, -3.03836815e-08,
        3.10037647e-04,  3.13642736e-04,  3.08034820e-04,  2.71891801e-03,
       -3.20452349e-06,  3.13322284e-04,  3.19971670e-04,  3.18195830e-04,
        3.51373189e-07,  3.30703834e-04,  3.09239506e-04])}
{'img': array([[[ 0.        ,  0.03277382, -0.78719459, ..., -0.44086475,
         -0.41051272, -0.64751827],
        [-0.03277382,  0.        , -0.80698347, ..., -0.47004483,
         -0.44017716, -0.6721457 ],
        [ 0.78719459,  0.80698347,  0.        , ...,  0.43468168,
          0.4646421 ,  0.20055403],
        ...,
        [ 0.44086475,  0.47004483, -0.43468168, ...,  0.        ,
          0.03353931, -0.24523432],
        [ 0.41051272,  0.44017716, -0.4646421 , ..., -0.03353931,
          0.        , -0.27761149],
        [ 0.64751827,  0.6721457 , -0.20055403, ...,  0.24523432,
          0.27761149,  0.        ]],

       [[ 0.        ,  0.06720591,  0.14280069, ..., -0.4896098 ,
         -0.31136966, -0.1524596 ],
        [-0.06720591,  0.        ,  0.07596069, ..., -0.54710248,
         -0.37453072, -0.21853516],
        [-0.14280069, -0.07596069,  0.        , ..., -0.60910589,
         -0.44388048, -0.29202842],
        ...,
        [ 0.4896098 ,  0.54710248,  0.60910589, ...,  0.        ,
          0.19377457,  0.35095024],
        [ 0.31136966,  0.37453072,  0.44388048, ..., -0.19377457,
          0.        ,  0.162849  ],
        [ 0.1524596 ,  0.21853516,  0.29202842, ..., -0.35095024,
         -0.162849  ,  0.        ]],

       [[ 0.        , -0.48944323, -0.8459481 , ..., -0.94803114,
         -0.99272066, -0.99231035],
        [ 0.48944323,  0.        , -0.47669343, ..., -0.67098662,
         -0.80673896, -0.92591021],
        [ 0.8459481 ,  0.47669343,  0.        , ..., -0.23639033,
         -0.42749775, -0.63387159],
        ...,
        [ 0.94803114,  0.67098662,  0.23639033, ...,  0.        ,
         -0.20168094, -0.43307317],
        [ 0.99272066,  0.80673896,  0.42749775, ...,  0.20168094,
          0.        , -0.24238719],
        [ 0.99231035,  0.92591021,  0.63387159, ...,  0.43307317,
          0.24238719,  0.        ]],

       ...,

       [[ 0.        ,  0.13226703, -0.05383753, ...,  0.83125035,
          0.74695194, -0.52067581],
        [-0.13226703,  0.        , -0.18543973, ...,  0.75042007,
          0.65244786, -0.62902479],
        [ 0.05383753,  0.18543973,  0.        , ...,  0.85997298,
          0.78166403, -0.47395665],
        ...,
        [-0.83125035, -0.75042007, -0.85997298, ...,  0.        ,
         -0.13745083, -0.99912647],
        [-0.74695194, -0.65244786, -0.78166403, ...,  0.13745083,
          0.        , -0.98389947],
        [ 0.52067581,  0.62902479,  0.47395665, ...,  0.99912647,
          0.98389947,  0.        ]],

       [[ 0.        ,  0.11766829,  0.47029814, ..., -0.97733817,
         -0.97929145, -0.98425575],
        [-0.11766829,  0.        ,  0.3631878 , ..., -0.94564008,
         -0.94866567, -0.95662019],
        [-0.47029814, -0.3631878 ,  0.        , ..., -0.7629538 ,
         -0.76901768, -0.7854879 ],
        ...,
        [ 0.97733817,  0.94564008,  0.7629538 , ...,  0.        ,
          0.00943274,  0.03560645],
        [ 0.97929145,  0.94866567,  0.76901768, ..., -0.00943274,
          0.        ,  0.02617811],
        [ 0.98425575,  0.95662019,  0.7854879 , ..., -0.03560645,
         -0.02617811,  0.        ]],

       [[ 0.        , -0.73256996, -0.99056448, ..., -0.99952949,
         -0.99788363, -0.98999955],
        [ 0.73256996,  0.        , -0.57387218, ..., -0.70284114,
         -0.72688658, -0.77722853],
        [ 0.99056448,  0.57387218,  0.        , ..., -0.16736599,
         -0.201169  , -0.27541639],
        ...,
        [ 0.99952949,  0.70284114,  0.16736599, ...,  0.        ,
         -0.03438703, -0.11063848],
        [ 0.99788363,  0.72688658,  0.201169  , ...,  0.03438703,
          0.        , -0.07639713],
        [ 0.98999955,  0.77722853,  0.27541639, ...,  0.11063848,
          0.07639713,  0.        ]]]), 'num': array([ 7.78655231e-01,  6.27448662e-01,  1.94103427e-05, -3.99239002e-08,
        3.03019177e-04,  3.04964101e-04,  3.00296283e-04,  1.85860838e-03,
        1.94492411e-06,  3.03563756e-04,  3.10662729e-04,  3.08892848e-04,
        6.82429514e-07,  3.21242186e-04,  3.00083271e-04])}
{'img': array([[[ 0.        , -0.80698347, -0.3492547 , ..., -0.44017716,
         -0.6721457 , -0.52908268],
        [ 0.80698347,  0.        ,  0.54990522, ...,  0.4646421 ,
          0.20055403,  0.3723197 ],
        [ 0.3492547 , -0.54990522,  0.        , ..., -0.09885863,
         -0.37122445, -0.19939804],
        ...,
        [ 0.44017716, -0.4646421 ,  0.09885863, ...,  0.        ,
         -0.27761149, -0.10154788],
        [ 0.6721457 , -0.20055403,  0.37122445, ...,  0.27761149,
          0.        ,  0.17862004],
        [ 0.52908268, -0.3723197 ,  0.19939804, ...,  0.10154788,
         -0.17862004,  0.        ]],

       [[ 0.        ,  0.07596069, -0.47261352, ..., -0.37453072,
         -0.21853516, -0.40064718],
        [-0.07596069,  0.        , -0.53818991, ..., -0.44388048,
         -0.29202842, -0.46908729],
        [ 0.47261352,  0.53818991,  0.        , ...,  0.1081515 ,
          0.26860158,  0.07994556],
        ...,
        [ 0.37453072,  0.44388048, -0.1081515 , ...,  0.        ,
          0.162849  , -0.0283287 ],
        [ 0.21853516,  0.29202842, -0.26860158, ..., -0.162849  ,
          0.        , -0.19073418],
        [ 0.40064718,  0.46908729, -0.07994556, ...,  0.0283287 ,
          0.19073418,  0.        ]],

       [[ 0.        , -0.47669343, -0.6557003 , ..., -0.80673896,
         -0.92591021, -0.96730279],
        [ 0.47669343,  0.        , -0.21649253, ..., -0.42749775,
         -0.63387159, -0.72942543],
        [ 0.6557003 ,  0.21649253,  0.        , ..., -0.22164653,
         -0.45139525, -0.56403263],
        ...,
        [ 0.80673896,  0.42749775,  0.22164653, ...,  0.        ,
         -0.24238719, -0.36697831],
        [ 0.92591021,  0.63387159,  0.45139525, ...,  0.24238719,
          0.        , -0.13055916],
        [ 0.96730279,  0.72942543,  0.56403263, ...,  0.36697831,
          0.13055916,  0.        ]],

       ...,

       [[ 0.        , -0.18543973,  0.15346484, ...,  0.65244786,
         -0.62902479,  0.12328607],
