state_0,state_1,state_2,state_3,state_4,state_5,state_6,state_7,state_8,state_9,state_10,state_11,state_12,state_13,state_14,state_15,state_16,state_17,state_18,state_19,state_20,state_21,state_22,state_23,state_24,state_25,state_26,state_27,state_28,state_29,state_30,state_31,state_32,state_33,state_34,state_35,state_36,state_37,state_38,state_39,state_40,state_41,state_42,state_43,state_44,state_45,state_46,state_47,state_48,state_49,state_50,state_51,state_52,state_53,state_54,state_55,state_56,state_57,state_58,state_59,state_60,state_61,state_62,state_63,state_64,state_65,state_66,state_67,state_68,state_69,state_70,state_71,state_72,state_73,state_74,state_75,state_76,state_77,state_78,state_79,state_80,state_81,state_82,state_83,state_84,state_85,state_86,state_87,state_88,state_89,state_90,state_91,state_92,state_93,state_94,state_95,state_96,state_97,state_98,state_99,state_100,state_101,state_102,state_103,state_104,state_105,state_106,state_107,state_108,state_109,state_110,state_111,state_112,state_113,state_114,state_115,state_116,state_117,state_118,state_119,state_120,state_121,state_122,state_123,state_124,state_125,state_126,state_127,state_128,state_129,state_130,state_131,state_132,state_133,state_134,state_135,state_136,state_137,state_138,state_139,state_140,state_141,state_142,state_143,state_144,state_145,state_146,state_147,state_148,state_149,state_150,state_151,state_152,state_153,state_154,state_155,state_156,state_157,state_158,state_159,state_160,state_161,state_162,state_163,state_164,state_165,state_166,state_167,state_168,state_169,state_170,state_171,state_172,state_173,state_174,state_175,state_176,state_177,state_178,state_179,state_180,state_181,state_182,state_183,state_184,state_185,state_186,state_187,state_188,state_189,state_190,state_191,state_192,state_193,state_194,state_195,state_196,state_197,state_198,state_199,state_200,state_201,state_202,state_203,state_204,state_205,state_206,state_207,state_208,state_209,state_210,state_211,state_212,state_213,state_214,state_215,state_216,state_217,state_218,state_219,state_220,state_221,state_222,state_223,state_224,state_225,state_226,state_227,state_228,state_229,state_230,state_231,state_232,state_233,state_234,state_235,state_236,state_237,state_238,state_239,state_240,state_241,state_242,state_243,state_244,state_245,state_246,state_247,state_248,state_249,state_250,state_251,state_252,state_253,state_254,state_255,state_256,state_257,state_258,state_259,state_260,state_261,state_262,state_263,state_264,state_265,state_266,state_267,state_268,state_269,state_270,state_271,state_272,state_273,state_274,state_275,state_276,state_277,state_278,state_279,state_280,state_281,state_282,state_283,state_284,state_285,state_286,state_287
{'img': array([[[ 0.        , -0.52557662, -0.83368597, ..., -0.47386591,
         -0.        , -0.5710784 ],
        [ 0.52557662,  0.        , -0.41901142, ..., -0.86596086,
         -0.52557662, -0.91728632],
        [ 0.83368597,  0.41901142,  0.        , ..., -0.99582852,
         -0.83368597, -0.99974074],
        ...,
        [ 0.47386591,  0.86596086,  0.99582852, ...,  0.        ,
         -0.47386591,  0.11389554],
        [ 0.        ,  0.52557662,  0.83368597, ...,  0.47386591,
          0.        ,  0.5710784 ],
        [ 0.5710784 ,  0.91728632,  0.99974074, ..., -0.11389554,
         -0.5710784 ,  0.        ]],

       [[ 0.        , -0.14932692,  0.42309446, ...,  0.69449551,
          0.54729231,  0.62052013],
        [ 0.14932692,  0.        ,  0.55365365, ...,  0.79414902,
          0.4161781 ,  0.73066354],
        [-0.42309446, -0.55365365,  0.        , ...,  0.32485715,
          0.849999  ,  0.23045767],
        ...,
        [-0.69449551, -0.79414902, -0.32485715, ...,  0.        ,
          0.97502733, -0.0981544 ],
        [-0.54729231, -0.4161781 , -0.849999  , ..., -0.97502733,
          0.        , -0.94852051],
        [-0.62052013, -0.73066354, -0.23045767, ...,  0.0981544 ,
          0.94852051,  0.        ]],

       [[ 0.        ,  0.31514183, -0.10471234, ..., -0.738524  ,
         -0.5981673 , -0.31514183],
        [-0.31514183,  0.        , -0.41278603, ..., -0.48841502,
         -0.31514183, -0.        ],
        [ 0.10471234,  0.41278603,  0.        , ..., -0.80506391,
         -0.67879236, -0.41278603],
        ...,
        [ 0.738524  ,  0.48841502,  0.80506391, ...,  0.        ,
         -0.18853125, -0.48841502],
        [ 0.5981673 ,  0.31514183,  0.67879236, ...,  0.18853125,
          0.        , -0.31514183],
        [ 0.31514183,  0.        ,  0.41278603, ...,  0.48841502,
          0.31514183,  0.        ]],

       ...,

       [[ 0.        , -0.67780777, -0.98187006, ..., -0.81643981,
         -0.95850822, -0.92958695],
        [ 0.67780777,  0.        , -0.59342729, ..., -0.20889162,
         -0.51151359, -0.43362682],
        [ 0.98187006,  0.59342729,  0.        , ...,  0.4122013 ,
          0.0982064 ,  0.18571206],
        ...,
        [ 0.81643981,  0.20889162, -0.4122013 , ...,  0.        ,
         -0.3207336 , -0.23582981],
        [ 0.95850822,  0.51151359, -0.0982064 , ...,  0.3207336 ,
          0.        ,  0.08831632],
        [ 0.92958695,  0.43362682, -0.18571206, ...,  0.23582981,
         -0.08831632,  0.        ]],

       [[ 0.        ,  0.00170807,  0.12845548, ..., -0.29059044,
         -0.45085824, -0.39922934],
        [-0.00170807,  0.        ,  0.12676136, ..., -0.28895564,
         -0.44933296, -0.3976627 ],
        [-0.12845548, -0.12676136,  0.        , ..., -0.16527067,
         -0.33246422, -0.27814729],
        ...,
        [ 0.29059044,  0.28895564,  0.16527067, ...,  0.        ,
          0.17202286,  0.11557344],
        [ 0.45085824,  0.44933296,  0.33246422, ..., -0.17202286,
          0.        , -0.05701954],
        [ 0.39922934,  0.3976627 ,  0.27814729, ..., -0.11557344,
          0.05701954,  0.        ]],

       [[ 0.        , -0.1757343 , -0.42113325, ..., -0.46093495,
         -0.2362819 , -0.        ],
        [ 0.1757343 ,  0.        , -0.25518862, ..., -0.60971429,
         -0.4033631 , -0.1757343 ],
        [ 0.42113325,  0.25518862,  0.        , ..., -0.79179537,
         -0.62351606, -0.42113325],
        ...,
        [ 0.46093495,  0.60971429,  0.79179537, ...,  0.        ,
         -0.23819879, -0.46093495],
        [ 0.2362819 ,  0.4033631 ,  0.62351606, ...,  0.23819879,
          0.        , -0.2362819 ],
        [ 0.        ,  0.1757343 ,  0.42113325, ...,  0.46093495,
          0.2362819 ,  0.        ]]]), 'num': array([7.06128213e-01, 7.06128213e-01, 0.00000000e+00, 0.00000000e+00,
       2.37672423e-03, 2.38102989e-03, 2.35950159e-03, 5.21573855e-02,
       1.72226394e-05, 2.35347367e-03, 2.38598140e-03, 2.44762410e-03,
       3.13138897e-06, 2.43908434e-03, 2.33287845e-03])}
{'img': array([[[ 0.        , -0.73559705, -0.87513935, ..., -0.        ,
         -0.59130009, -0.73559705],
        [ 0.73559705,  0.        , -0.23690228, ..., -0.73559705,
         -0.99378155, -0.99661536],
        [ 0.87513935,  0.23690228,  0.        , ..., -0.87513935,
         -0.99187049, -0.94877039],
        ...,
        [ 0.        ,  0.73559705,  0.87513935, ...,  0.        ,
          0.59130009,  0.73559705],
        [ 0.59130009,  0.99378155,  0.99187049, ..., -0.59130009,
          0.        ,  0.1926653 ],
        [ 0.73559705,  0.99661536,  0.94877039, ..., -0.73559705,
         -0.1926653 ,  0.        ]],

       [[ 0.        ,  0.55365365,  0.97718798, ...,  0.4161781 ,
          0.73066354,  0.56914272],
        [-0.55365365,  0.        ,  0.69616753, ...,  0.849999  ,
          0.23045767,  0.01871643],
        [-0.97718798, -0.69616753,  0.        , ...,  0.97692686,
         -0.51198753, -0.68260944],
        ...,
        [-0.4161781 , -0.849999  , -0.97692686, ...,  0.        ,
         -0.94852051, -0.85970963],
        [-0.73066354, -0.23045767,  0.51198753, ...,  0.94852051,
          0.        , -0.21220468],
        [-0.56914272, -0.01871643,  0.68260944, ...,  0.85970963,
          0.21220468,  0.        ]],

       [[ 0.        , -0.41278603, -0.6371974 , ..., -0.31514183,
         -0.        , -0.22429066],
        [ 0.41278603,  0.        , -0.26224279, ..., -0.67879236,
         -0.41278603, -0.60655941],
        [ 0.6371974 ,  0.26224279,  0.        , ..., -0.84760875,
         -0.6371974 , -0.79382403],
        ...,
        [ 0.31514183,  0.67879236,  0.84760875, ...,  0.        ,
         -0.31514183, -0.0942509 ],
        [ 0.        ,  0.41278603,  0.6371974 , ...,  0.31514183,
          0.        ,  0.22429066],
        [ 0.22429066,  0.60655941,  0.79382403, ...,  0.0942509 ,
         -0.22429066,  0.        ]],

       ...,

       [[ 0.        , -0.59342729, -0.36125439, ..., -0.51151359,
         -0.43362682, -0.51151359],
        [ 0.59342729,  0.        ,  0.26258236, ...,  0.0982064 ,
          0.18571206,  0.0982064 ],
        [ 0.36125439, -0.26258236,  0.        , ..., -0.16655276,
         -0.07881919, -0.16655276],
        ...,
        [ 0.51151359, -0.0982064 ,  0.16655276, ...,  0.        ,
          0.08831632,  0.        ],
        [ 0.43362682, -0.18571206,  0.07881919, ..., -0.08831632,
          0.        , -0.08831632],
        [ 0.51151359, -0.0982064 ,  0.16655276, ...,  0.        ,
          0.08831632,  0.        ]],

       [[ 0.        ,  0.12676136,  0.28895564, ..., -0.44933296,
         -0.3976627 , -0.36053789],
        [-0.12676136,  0.        ,  0.16527067, ..., -0.33246422,
         -0.27814729, -0.23939355],
        [-0.28895564, -0.16527067,  0.        , ..., -0.17202286,
         -0.11557344, -0.07563643],
        ...,
        [ 0.44933296,  0.33246422,  0.17202286, ...,  0.        ,
         -0.05701954, -0.09702118],
        [ 0.3976627 ,  0.27814729,  0.11557344, ...,  0.05701954,
          0.        , -0.04011279],
        [ 0.36053789,  0.23939355,  0.07563643, ...,  0.09702118,
          0.04011279,  0.        ]],

       [[ 0.        , -0.38665043, -0.60831434, ..., -0.26379357,
         -0.11797112, -0.        ],
        [ 0.38665043,  0.        , -0.25412054, ..., -0.61623232,
         -0.49274653, -0.38665043],
        [ 0.60831434,  0.25412054,  0.        , ..., -0.79613929,
         -0.69769973, -0.60831434],
        ...,
        [ 0.26379357,  0.61623232,  0.79613929, ...,  0.        ,
         -0.14815902, -0.26379357],
        [ 0.11797112,  0.49274653,  0.69769973, ...,  0.14815902,
          0.        , -0.11797112],
        [ 0.        ,  0.38665043,  0.60831434, ...,  0.26379357,
          0.11797112,  0.        ]]]), 'num': array([ 9.95194456e-01,  1.99666547e-04,  3.62475333e-05, -1.73245170e-09,
        3.35015081e-03,  3.38676448e-03,  3.35015081e-03,  9.74504559e-02,
       -1.83068350e-05,  3.34038716e-03,  3.38035708e-03,  3.46334807e-03,
        3.97974674e-06,  3.45681598e-03,  3.30389819e-03])}
{'img': array([[[ 0.        , -0.63897107, -0.72160242, ..., -0.63897107,
         -0.78822698, -0.68262459],
        [ 0.63897107,  0.        , -0.1127142 , ..., -0.98303241,
         -0.99954141, -0.99203623],
        [ 0.72160242,  0.1127142 ,  0.        , ..., -0.99744337,
         -0.98975863, -0.9999111 ],
        ...,
        [ 0.63897107,  0.98303241,  0.99744337, ...,  0.        ,
          0.21311548,  0.05815544],
        [ 0.78822698,  0.99954141,  0.98975863, ..., -0.21311548,
          0.        , -0.15593535],
        [ 0.68262459,  0.99203623,  0.9999111 , ..., -0.05815544,
          0.15593535,  0.        ]],

       [[ 0.        ,  0.69616753, -0.15853008, ...,  0.23045767,
          0.01871643,  0.29495992],
        [-0.69616753,  0.        , -0.80116937, ..., -0.51198753,
         -0.68260944, -0.45344913],
        [ 0.15853008,  0.80116937,  0.        , ...,  0.38180616,
          0.17698205,  0.44270692],
        ...,
        [-0.23045767,  0.51198753, -0.38180616, ...,  0.        ,
         -0.21220468,  0.06681577],
        [-0.01871643,  0.68260944, -0.17698205, ...,  0.21220468,
          0.        ,  0.27702453],
        [-0.29495992,  0.45344913, -0.44270692, ..., -0.06681577,
         -0.27702453,  0.        ]],

       [[ 0.        , -0.52136573, -0.73321211, ..., -0.        ,
         -0.22939534, -0.32221456],
        [ 0.52136573,  0.        , -0.27114564, ..., -0.52136573,
         -0.70321333, -0.76851598],
        [ 0.73321211,  0.27114564,  0.        , ..., -0.73321211,
         -0.86964862, -0.91321337],
        ...,
        [ 0.        ,  0.52136573,  0.73321211, ...,  0.        ,
          0.22939534,  0.32221456],
        [ 0.22939534,  0.70321333,  0.86964862, ..., -0.22939534,
          0.        ,  0.09646125],
        [ 0.32221456,  0.76851598,  0.91321337, ..., -0.32221456,
         -0.09646125,  0.        ]],

       ...,

       [[ 0.        ,  0.26258236, -0.37740473, ...,  0.18571206,
          0.0982064 , -0.13567916],
        [-0.26258236,  0.        , -0.60732542, ..., -0.07881919,
         -0.16655276, -0.39107234],
        [ 0.37740473,  0.60732542,  0.        , ...,  0.54281783,
          0.46652426,  0.24826933],
        ...,
        [-0.18571206,  0.07881919, -0.54281783, ...,  0.        ,
         -0.08831632, -0.31731366],
        [-0.0982064 ,  0.16655276, -0.46652426, ...,  0.08831632,
          0.        , -0.23232156],
        [ 0.13567916,  0.39107234, -0.24826933, ...,  0.31731366,
          0.23232156,  0.        ]],

       [[ 0.        ,  0.16527067, -0.08227716, ..., -0.27814729,
         -0.23939355, -0.23777654],
        [-0.16527067,  0.        , -0.24585603, ..., -0.11557344,
         -0.07563643, -0.07397601],
        [ 0.08227716,  0.24585603,  0.        , ..., -0.3562346 ,
         -0.31846664, -0.3168878 ],
        ...,
        [ 0.27814729,  0.11557344,  0.3562346 , ...,  0.        ,
         -0.04011279, -0.04177649],
        [ 0.23939355,  0.07563643,  0.31846664, ...,  0.04011279,
          0.        , -0.00166509],
        [ 0.23777654,  0.07397601,  0.3168878 , ...,  0.04177649,
          0.00166509,  0.        ]],

       [[ 0.        , -0.49778527, -0.6510296 , ..., -0.21151742,
         -0.17491392, -0.        ],
        [ 0.49778527,  0.        , -0.18679309, ..., -0.66997162,
         -0.64181417, -0.49778527],
        [ 0.6510296 ,  0.18679309,  0.        , ..., -0.79685234,
         -0.77376197, -0.6510296 ],
        ...,
        [ 0.21151742,  0.66997162,  0.79685234, ...,  0.        ,
         -0.03730026, -0.21151742],
        [ 0.17491392,  0.64181417,  0.77376197, ...,  0.03730026,
          0.        , -0.17491392],
        [ 0.        ,  0.49778527,  0.6510296 , ...,  0.21151742,
          0.17491392,  0.        ]]]), 'num': array([ 9.97182344e-01,  2.01903842e-04,  3.66536927e-05, -6.88013019e-08,
        3.35683650e-03,  3.40620174e-03,  3.35683650e-03,  7.43946548e-02,
       -3.08532767e-05,  3.37534847e-03,  3.41514919e-03,  3.49701322e-03,
        3.77795224e-06,  3.49696333e-03,  3.33333505e-03])}
{'img': array([[[ 0.        , -0.40786224, -0.56354267, ..., -0.824942  ,
         -0.71837877, -0.40786224],
        [ 0.40786224,  0.        , -0.17760928, ..., -0.98373874,
         -0.9396413 , -0.74479192],
        [ 0.56354267,  0.17760928,  0.        , ..., -0.99999794,
         -0.98547301, -0.85146864],
        ...,
        [ 0.824942  ,  0.98373874,  0.99999794, ...,  0.        ,
         -0.16783252, -0.52267708],
        [ 0.71837877,  0.9396413 ,  0.98547301, ...,  0.16783252,
          0.        , -0.37218079],
        [ 0.40786224,  0.74479192,  0.85146864, ...,  0.52267708,
          0.37218079,  0.        ]],

       [[ 0.        , -0.80116937, -0.93576877, ..., -0.68260944,
         -0.45344913, -0.68587816],
        [ 0.80116937,  0.        , -0.27749555, ...,  0.17698205,
          0.44270692,  0.17256875],
        [ 0.93576877,  0.27749555,  0.        , ...,  0.44314645,
          0.67414139,  0.43912387],
        ...,
        [ 0.68260944, -0.17698205, -0.44314645, ...,  0.        ,
          0.27702453, -0.00448228],
        [ 0.45344913, -0.44270692, -0.67414139, ..., -0.27702453,
          0.        , -0.2813286 ],
        [ 0.68587816, -0.17256875, -0.43912387, ...,  0.00448228,
          0.2813286 ,  0.        ]],

       [[ 0.        , -0.582334  , -0.77407531, ..., -0.23817188,
         -0.33435827, -0.29063324],
        [ 0.582334  ,  0.        , -0.26061236, ..., -0.75919792,
         -0.82063481, -0.79346746],
        [ 0.77407531,  0.26061236,  0.        , ..., -0.90258484,
         -0.94120427, -0.92466001],
        ...,
        [ 0.23817188,  0.75919792,  0.90258484, ...,  0.        ,
          0.10027231,  0.05437861],
        [ 0.33435827,  0.82063481,  0.94120427, ..., -0.10027231,
          0.        , -0.0460194 ],
        [ 0.29063324,  0.79346746,  0.92466001, ..., -0.05437861,
          0.0460194 ,  0.        ]],

       ...,

       [[ 0.        , -0.60732542, -0.51526227, ..., -0.16655276,
         -0.39107234, -0.50529483],
        [ 0.60732542,  0.        ,  0.11114591, ...,  0.46652426,
          0.24826933,  0.12265643],
        [ 0.51526227, -0.11114591,  0.        , ...,  0.36532423,
          0.13906503,  0.01158979],
        ...,
        [ 0.16655276, -0.46652426, -0.36532423, ...,  0.        ,
         -0.23232156, -0.35451098],
        [ 0.39107234, -0.24826933, -0.13906503, ...,  0.23232156,
          0.        , -0.12757851],
        [ 0.50529483, -0.12265643, -0.01158979, ...,  0.35451098,
          0.12757851,  0.        ]],

       [[ 0.        , -0.24585603, -0.24089225, ..., -0.07563643,
         -0.07397601, -0.14385774],
        [ 0.24585603,  0.        ,  0.00511764, ..., -0.31846664,
         -0.3168878 , -0.38274095],
        [ 0.24089225, -0.00511764,  0.        , ..., -0.31361129,
         -0.31202976, -0.37800798],
        ...,
        [ 0.07563643,  0.31846664,  0.31361129, ...,  0.        ,
         -0.00166509,  0.06859596],
        [ 0.07397601,  0.3168878 ,  0.31202976, ...,  0.00166509,
          0.        ,  0.07025704],
        [ 0.14385774,  0.38274095,  0.37800798, ..., -0.06859596,
         -0.07025704,  0.        ]],

       [[ 0.        , -0.46185789, -0.65522418, ..., -0.35735421,
         -0.31204132, -0.        ],
        [ 0.46185789,  0.        , -0.23225028, ..., -0.74831764,
         -0.71556292, -0.46185789],
        [ 0.65522418,  0.23225028,  0.        , ..., -0.88191672,
         -0.85823465, -0.65522418],
        ...,
        [ 0.35735421,  0.74831764,  0.88191672, ...,  0.        ,
         -0.04807409, -0.35735421],
        [ 0.31204132,  0.71556292,  0.85823465, ...,  0.04807409,
          0.        , -0.31204132],
        [ 0.        ,  0.46185789,  0.65522418, ...,  0.35735421,
          0.31204132,  0.        ]]]), 'num': array([ 9.95640992e-01,  1.97953641e-04,  3.59365718e-05, -1.77017940e-07,
        3.35166006e-03,  3.36980985e-03,  3.29116078e-03,  9.27853244e-02,
        6.04992791e-05,  3.32383039e-03,  3.34863510e-03,  3.42516669e-03,
        5.49993447e-06,  3.42885085e-03,  3.26841935e-03])}
{'img': array([[[ 0.        , -0.17760928,  0.        , ..., -0.9396413 ,
         -0.74479192, -0.9969156 ],
        [ 0.17760928,  0.        ,  0.17760928, ..., -0.98547301,
         -0.85146864, -0.99500469],
        [ 0.        , -0.17760928,  0.        , ..., -0.9396413 ,
         -0.74479192, -0.9969156 ],
        ...,
        [ 0.9396413 ,  0.98547301,  0.9396413 , ...,  0.        ,
         -0.37218079,  0.26736168],
        [ 0.74479192,  0.85146864,  0.74479192, ...,  0.37218079,
          0.        ,  0.6067865 ],
        [ 0.9969156 ,  0.99500469,  0.9969156 , ..., -0.26736168,
         -0.6067865 ,  0.        ]],

       [[ 0.        , -0.27749555, -0.2298147 , ...,  0.44270692,
          0.17256875,  0.40278044],
        [ 0.27749555,  0.        ,  0.04927905, ...,  0.67414139,
          0.43912387,  0.64095276],
        [ 0.2298147 , -0.04927905,  0.        , ...,  0.63692472,
          0.39431674,  0.6023484 ],
        ...,
        [-0.44270692, -0.67414139, -0.63692472, ...,  0.        ,
         -0.2813286 , -0.04404848],
        [-0.17256875, -0.43912387, -0.39431674, ...,  0.2813286 ,
          0.        ,  0.23878612],
        [-0.40278044, -0.64095276, -0.6023484 , ...,  0.04404848,
         -0.23878612,  0.        ]],

       [[ 0.        , -0.59787774, -0.75237928, ..., -0.35064638,
         -0.30491068, -0.51507875],
        [ 0.59787774,  0.        , -0.20925757, ..., -0.84099094,
         -0.8138199 , -0.92534723],
        [ 0.75237928,  0.20925757,  0.        , ..., -0.93559051,
         -0.91740555, -0.98419443],
        ...,
        [ 0.35064638,  0.84099094,  0.93559051, ...,  0.        ,
         -0.04839766,  0.1818213 ],
        [ 0.30491068,  0.8138199 ,  0.91740555, ...,  0.04839766,
          0.        ,  0.22919918],
        [ 0.51507875,  0.92534723,  0.98419443, ..., -0.1818213 ,
         -0.22919918,  0.        ]],

       ...,

       [[ 0.        ,  0.11114591,  0.17486469, ...,  0.24826933,
          0.12265643,  0.89133186],
        [-0.11114591,  0.        ,  0.06434782, ...,  0.13906503,
          0.01158979,  0.83542109],
        [-0.17486469, -0.06434782,  0.        , ...,  0.07505425,
         -0.05277773,  0.79832348],
        ...,
        [-0.24826933, -0.13906503, -0.07505425, ...,  0.        ,
         -0.12757851,  0.75087193],
        [-0.12265643, -0.01158979,  0.05277773, ...,  0.12757851,
          0.        ,  0.82899512],
        [-0.89133186, -0.83542109, -0.79832348, ..., -0.75087193,
         -0.82899512,  0.        ]],

       [[ 0.        ,  0.00778154,  0.16527359, ..., -0.23808823,
         -0.30602482, -0.3167883 ],
        [-0.00778154,  0.        ,  0.15759405, ..., -0.23052325,
         -0.29860734, -0.30939794],
        [-0.16527359, -0.15759405,  0.        , ..., -0.07429308,
         -0.14447195, -0.15567037],
        ...,
        [ 0.23808823,  0.23052325,  0.07429308, ...,  0.        ,
          0.07055903,  0.08185278],
        [ 0.30602482,  0.29860734,  0.14447195, ..., -0.07055903,
          0.        ,  0.01132651],
        [ 0.3167883 ,  0.30939794,  0.15567037, ..., -0.08185278,
         -0.01132651,  0.        ]],

       [[ 0.        , -0.50927926, -0.65661505, ..., -0.32100596,
         -0.        , -0.06533809],
        [ 0.50927926,  0.        , -0.18097218, ..., -0.75858492,
         -0.50927926, -0.56442108],
        [ 0.65661505,  0.18097218,  0.        , ..., -0.86397613,
         -0.65661505, -0.70449166],
        ...,
        [ 0.32100596,  0.75858492,  0.86397613, ...,  0.        ,
         -0.32100596, -0.25843981],
        [ 0.        ,  0.50927926,  0.65661505, ...,  0.32100596,
          0.        ,  0.06533809],
        [ 0.06533809,  0.56442108,  0.70449166, ...,  0.25843981,
         -0.06533809,  0.        ]]]), 'num': array([ 8.29234736e-01,  5.49013256e-01,  1.02270613e-05,  2.42315412e-08,
        2.77447010e-03,  2.82509911e-03,  2.77447010e-03,  1.04361591e-01,
       -3.03774098e-05,  2.78155816e-03,  2.80079718e-03,  2.86315526e-03,
        4.14991937e-06,  2.86899430e-03,  2.73260007e-03])}
{'img': array([[[ 0.        ,  0.17760928,  0.0821004 , ..., -0.85146864,
         -0.99500469, -0.97295259],
        [-0.17760928,  0.        , -0.09621459, ..., -0.74479192,
         -0.9969156 , -0.91645508],
        [-0.0821004 ,  0.09621459,  0.        , ..., -0.80554023,
         -0.99984155, -0.95070237],
        ...,
        [ 0.85146864,  0.74479192,  0.80554023, ...,  0.        ,
          0.6067865 ,  0.31352829],
        [ 0.99500469,  0.9969156 ,  0.99984155, ..., -0.6067865 ,
          0.        , -0.32697902],
        [ 0.97295259,  0.91645508,  0.95070237, ..., -0.31352829,
          0.32697902,  0.        ]],

       [[ 0.        ,  0.04927905,  0.12123225, ...,  0.43912387,
          0.64095276,  0.8691527 ],
        [-0.04927905,  0.        ,  0.07216938, ...,  0.39431674,
          0.6023484 ,  0.84372607],
        [-0.12123225, -0.07216938,  0.        , ...,  0.32696669,
          0.5431697 ,  0.80278731],
        ...,
        [-0.43912387, -0.39431674, -0.32696669, ...,  0.        ,
          0.23878612,  0.56370385],
        [-0.64095276, -0.6023484 , -0.5431697 , ..., -0.23878612,
          0.        ,  0.3501653 ],
        [-0.8691527 , -0.84372607, -0.80278731, ..., -0.56370385,
         -0.3501653 ,  0.        ]],

       [[ 0.        , -0.54039775, -0.64744222, ..., -0.32083069,
         -0.54039775, -0.54039775],
        [ 0.54039775,  0.        , -0.13291918, ..., -0.78178052,
         -0.90939181, -0.90939181],
        [ 0.64744222,  0.13291918,  0.        , ..., -0.85772593,
         -0.95660914, -0.95660914],
        ...,
        [ 0.32083069,  0.78178052,  0.85772593, ...,  0.        ,
          0.24188042,  0.24188042],
        [ 0.54039775,  0.90939181,  0.95660914, ..., -0.24188042,
          0.        ,  0.        ],
        [ 0.54039775,  0.90939181,  0.95660914, ..., -0.24188042,
          0.        ,  0.        ]],

       ...,

       [[ 0.        ,  0.06434782,  0.06434782, ...,  0.01158979,
          0.83542109,  0.61980987],
        [-0.06434782,  0.        ,  0.        , ..., -0.05277773,
          0.79832348,  0.56802825],
        [-0.06434782,  0.        ,  0.        , ..., -0.05277773,
          0.79832348,  0.56802825],
        ...,
        [-0.01158979,  0.05277773,  0.05277773, ...,  0.        ,
          0.82899512,  0.61067313],
        [-0.83542109, -0.79832348, -0.79832348, ..., -0.82899512,
          0.        , -0.31494444],
        [-0.61980987, -0.56802825, -0.56802825, ..., -0.61067313,
          0.31494444,  0.        ]],

       [[ 0.        ,  0.15759405, -0.05419505, ..., -0.29860734,
         -0.30939794, -0.28970332],
        [-0.15759405,  0.        , -0.21088027, ..., -0.14447195,
         -0.15567037, -0.13524731],
        [ 0.05419505,  0.21088027,  0.        , ..., -0.34989096,
         -0.36047908, -0.34114853],
        ...,
        [ 0.29860734,  0.14447195,  0.34989096, ...,  0.        ,
          0.01132651, -0.00931611],
        [ 0.30939794,  0.15567037,  0.36047908, ..., -0.01132651,
          0.        , -0.02064153],
        [ 0.28970332,  0.13524731,  0.34114853, ...,  0.00931611,
          0.02064153,  0.        ]],

       [[ 0.        , -0.46203275, -0.62003904, ..., -0.20448644,
         -0.21507854, -0.        ],
        [ 0.46203275,  0.        , -0.18739213, ..., -0.63362114,
         -0.64196485, -0.46203275],
        [ 0.62003904,  0.18739213,  0.        , ..., -0.76737137,
         -0.77427249, -0.62003904],
        ...,
        [ 0.20448644,  0.63362114,  0.76737137, ...,  0.        ,
          0.01083301, -0.20448644],
        [ 0.21507854,  0.64196485,  0.77427249, ..., -0.01083301,
          0.        , -0.21507854],
        [ 0.        ,  0.46203275,  0.62003904, ...,  0.20448644,
          0.21507854,  0.        ]]]), 'num': array([ 9.35304937e-01,  3.46562806e-01,  2.14478008e-05, -1.53248265e-08,
        3.13160708e-03,  3.16012809e-03,  3.13160708e-03,  7.08468775e-02,
        5.70420234e-06,  3.13046624e-03,  3.15271263e-03,  3.22249404e-03,
        4.94364203e-06,  3.22865354e-03,  3.07677172e-03])}
{'img': array([[[ 0.        , -0.09621459, -0.17760928, ..., -0.9969156 ,
         -0.91645508, -0.9396413 ],
        [ 0.09621459,  0.        , -0.0821004 , ..., -0.99984155,
         -0.95070237, -0.96820284],
        [ 0.17760928,  0.0821004 ,  0.        , ..., -0.99500469,
         -0.97295259, -0.98547301],
        ...,
        [ 0.9969156 ,  0.99984155,  0.99500469, ...,  0.        ,
         -0.32697902, -0.26736168],
        [ 0.91645508,  0.95070237,  0.97295259, ...,  0.32697902,
          0.        ,  0.06241052],
        [ 0.9396413 ,  0.96820284,  0.98547301, ...,  0.26736168,
         -0.06241052,  0.        ]],

       [[ 0.        ,  0.07216938, -0.09825082, ...,  0.6023484 ,
          0.84372607,  0.42005526],
        [-0.07216938,  0.        , -0.16981483, ...,  0.5431697 ,
          0.80278731,  0.35346631],
        [ 0.09825082,  0.16981483,  0.        , ...,  0.67786112,
          0.89238234,  0.50718537],
        ...,
        [-0.6023484 , -0.5431697 , -0.67786112, ...,  0.        ,
          0.3501653 , -0.21132819],
        [-0.84372607, -0.80278731, -0.89238234, ..., -0.3501653 ,
          0.        , -0.54020543],
        [-0.42005526, -0.35346631, -0.50718537, ...,  0.21132819,
          0.54020543,  0.        ]],

       [[ 0.        , -0.40599432, -0.48304036, ..., -0.56109532,
         -0.56109532, -0.51621451],
        [ 0.40599432,  0.        , -0.08595095, ..., -0.84883361,
         -0.84883361, -0.81947347],
        [ 0.48304036,  0.08595095,  0.        , ..., -0.89113123,
         -0.89113123, -0.86570086],
        ...,
        [ 0.56109532,  0.84883361,  0.89113123, ...,  0.        ,
          0.        , -0.05325815],
        [ 0.56109532,  0.84883361,  0.89113123, ...,  0.        ,
          0.        , -0.05325815],
        [ 0.51621451,  0.81947347,  0.86570086, ...,  0.05325815,
          0.05325815,  0.        ]],

       ...,

       [[ 0.        ,  0.        ,  0.18477074, ...,  0.79832348,
          0.56802825,  0.69272164],
        [ 0.        ,  0.        ,  0.18477074, ...,  0.79832348,
          0.56802825,  0.69272164],
        [-0.18477074, -0.18477074,  0.        , ...,  0.6733034 ,
          0.40617975,  0.54753653],
        ...,
        [-0.79832348, -0.79832348, -0.6733034 , ...,  0.        ,
         -0.31494444, -0.15857795],
        [-0.56802825, -0.56802825, -0.40617975, ...,  0.31494444,
          0.        ,  0.16045134],
        [-0.69272164, -0.69272164, -0.54753653, ...,  0.15857795,
         -0.16045134,  0.        ]],

       [[ 0.        , -0.21020728, -0.4549898 , ..., -0.22221821,
         -0.20869669, -0.        ],
        [ 0.21020728,  0.        , -0.25763502, ..., -0.42220462,
         -0.40961235, -0.21020728],
        [ 0.4549898 ,  0.25763502,  0.        , ..., -0.64149825,
         -0.63081482, -0.4549898 ],
        ...,
        [ 0.22221821,  0.42220462,  0.64149825, ...,  0.        ,
         -0.01384643, -0.22221821],
        [ 0.20869669,  0.40961235,  0.63081482, ...,  0.01384643,
          0.        , -0.20869669],
        [ 0.        ,  0.21020728,  0.4549898 , ...,  0.22221821,
          0.20869669,  0.        ]],

       [[ 0.        , -0.4511061 , -0.55071663, ..., -0.28382411,
         -0.18102797, -0.        ],
        [ 0.4511061 ,  0.        , -0.11496347, ..., -0.68585957,
         -0.605215  , -0.4511061 ],
        [ 0.55071663,  0.11496347,  0.        , ..., -0.76497495,
         -0.69272031, -0.55071663],
        ...,
        [ 0.28382411,  0.68585957,  0.76497495, ...,  0.        ,
         -0.10555131, -0.28382411],
        [ 0.18102797,  0.605215  ,  0.69272031, ...,  0.10555131,
          0.        , -0.18102797],
        [ 0.        ,  0.4511061 ,  0.55071663, ...,  0.28382411,
          0.18102797,  0.        ]]]), 'num': array([ 8.70393828e-01,  4.88114693e-01,  1.39010595e-05, -5.41315693e-09,
        2.91816134e-03,  2.93407858e-03,  2.91285559e-03,  6.39517711e-02,
        5.30574789e-06,  2.91285559e-03,  2.92877284e-03,  2.99421039e-03,
        5.11625690e-06,  2.99401412e-03,  2.86353155e-03])}
{'img': array([[[ 0.        , -0.0821004 ,  0.09621459, ..., -0.95070237,
         -0.96820284, -0.98124606],
        [ 0.0821004 ,  0.        ,  0.17760928, ..., -0.97295259,
         -0.98547301, -0.99375906],
        [-0.09621459, -0.17760928,  0.        , ..., -0.91645508,
         -0.9396413 , -0.95814742],
        ...,
        [ 0.95070237,  0.97295259,  0.91645508, ...,  0.        ,
          0.06241052,  0.12103238],
        [ 0.96820284,  0.98547301,  0.9396413 , ..., -0.06241052,
          0.        ,  0.05884472],
        [ 0.98124606,  0.99375906,  0.95814742, ..., -0.12103238,
         -0.05884472,  0.        ]],

       [[ 0.        , -0.16981483, -0.20597721, ...,  0.80278731,
          0.35346631,  0.32675267],
        [ 0.16981483,  0.        , -0.03681215, ...,  0.89238234,
          0.50718537,  0.48250058],
        [ 0.20597721,  0.03681215,  0.        , ...,  0.90839008,
          0.53856767,  0.51441714],
        ...,
        [-0.80278731, -0.89238234, -0.90839008, ...,  0.        ,
         -0.54020543, -0.56389089],
        [-0.35346631, -0.50718537, -0.53856767, ...,  0.54020543,
          0.        , -0.02840462],
        [-0.32675267, -0.48250058, -0.51441714, ...,  0.56389089,
          0.02840462,  0.        ]],

       [[ 0.        , -0.28      , -0.28      , ..., -0.57236352,
         -0.52678269, -0.5425864 ],
        [ 0.28      ,  0.        ,  0.        , ..., -0.77906898,
         -0.74371138, -0.75608294],
        [ 0.28      ,  0.        ,  0.        , ..., -0.77906898,
         -0.74371138, -0.75608294],
        ...,
        [ 0.57236352,  0.77906898,  0.77906898, ...,  0.        ,
         -0.05454719, -0.03586451],
        [ 0.52678269,  0.74371138,  0.74371138, ...,  0.05454719,
          0.        ,  0.01870098],
        [ 0.5425864 ,  0.75608294,  0.75608294, ...,  0.03586451,
         -0.01870098,  0.        ]],

       ...,

       [[ 0.        ,  0.18477074,  0.74898847, ...,  0.56802825,
          0.69272164,  0.92089062],
        [-0.18477074,  0.        ,  0.61366618, ...,  0.40617975,
          0.54753653,  0.83300688],
        [-0.74898847, -0.61366618,  0.        , ..., -0.24005842,
         -0.08118867,  0.318195  ],
        ...,
        [-0.56802825, -0.40617975,  0.24005842, ...,  0.        ,
          0.16045134,  0.53647194],
        [-0.69272164, -0.54753653,  0.08118867, ..., -0.16045134,
          0.        ,  0.39411348],
        [-0.92089062, -0.83300688, -0.318195  , ..., -0.53647194,
         -0.39411348,  0.        ]],

       [[ 0.        , -0.4049297 , -0.43302759, ..., -0.3876622 ,
         -0.33154298, -0.        ],
        [ 0.4049297 ,  0.        , -0.03094203, ..., -0.7277229 ,
         -0.68517253, -0.4049297 ],
        [ 0.43302759,  0.03094203,  0.        , ..., -0.7485967 ,
         -0.70738203, -0.43302759],
        ...,
        [ 0.3876622 ,  0.7277229 ,  0.7485967 , ...,  0.        ,
         -0.06011925, -0.3876622 ],
        [ 0.33154298,  0.68517253,  0.70738203, ...,  0.06011925,
          0.        , -0.33154298],
        [ 0.        ,  0.4049297 ,  0.43302759, ...,  0.3876622 ,
          0.33154298,  0.        ]],

       [[ 0.        , -0.3440836 , -0.51497122, ..., -0.18605586,
         -0.        , -0.17882409],
        [ 0.3440836 ,  0.        , -0.18857553, ..., -0.51277072,
         -0.3440836 , -0.50644225],
        [ 0.51497122,  0.18857553,  0.        , ..., -0.66546786,
         -0.51497122, -0.65995977],
        ...,
        [ 0.18605586,  0.51277072,  0.66546786, ...,  0.        ,
         -0.18605586, -0.00735516],
        [ 0.        ,  0.3440836 ,  0.51497122, ...,  0.18605586,
          0.        ,  0.17882409],
        [ 0.17882409,  0.50644225,  0.65995977, ...,  0.00735516,
         -0.17882409,  0.        ]]]), 'num': array([ 8.62548474e-01,  4.99699595e-01,  1.32911677e-05,  2.75548599e-09,
        2.87975301e-03,  2.90085010e-03,  2.87975301e-03,  7.90117728e-02,
       -2.10970916e-05,  2.89768554e-03,  2.90638809e-03,  2.97301974e-03,
        4.54678699e-06,  2.96440269e-03,  2.84837348e-03])}
{'img': array([[[ 0.00000000e+00,  1.77609283e-01, -2.58703400e-01, ...,
         -9.85473012e-01, -9.93759056e-01, -9.31070497e-01],
        [-1.77609283e-01,  0.00000000e+00, -4.26153192e-01, ...,
         -9.39641302e-01, -9.58147418e-01, -8.51468636e-01],
        [ 2.58703400e-01,  4.26153192e-01,  0.00000000e+00, ...,
         -9.95860505e-01, -9.88786150e-01, -9.93759056e-01],
        ...,
        [ 9.85473012e-01,  9.39641302e-01,  9.95860505e-01, ...,
          0.00000000e+00,  5.88447217e-02, -2.01413646e-01],
        [ 9.93759056e-01,  9.58147418e-01,  9.88786150e-01, ...,
         -5.88447217e-02,  0.00000000e+00, -2.58703400e-01],
        [ 9.31070497e-01,  8.51468636e-01,  9.93759056e-01, ...,
          2.01413646e-01,  2.58703400e-01,  0.00000000e+00]],

       [[ 0.00000000e+00, -3.68121457e-02,  4.81864163e-01, ...,
          5.07185374e-01,  4.82500580e-01,  6.59238351e-01],
        [ 3.68121457e-02,  0.00000000e+00,  5.13794049e-01, ...,
          5.38567674e-01,  5.14417141e-01,  6.86471827e-01],
        [-4.81864163e-01, -5.13794049e-01,  0.00000000e+00, ...,
          2.91307597e-02,  7.26444850e-04,  2.15324857e-01],
        ...,
        [-5.07185374e-01, -5.38567674e-01, -2.91307597e-02, ...,
          0.00000000e+00, -2.84046155e-02,  1.86786051e-01],
        [-4.82500580e-01, -5.14417141e-01, -7.26444850e-04, ...,
          2.84046155e-02,  0.00000000e+00,  2.14615396e-01],
        [-6.59238351e-01, -6.86471827e-01, -2.15324857e-01, ...,
         -1.86786051e-01, -2.14615396e-01,  0.00000000e+00]],

       [[ 0.00000000e+00,  0.00000000e+00, -2.82783805e-01, ...,
         -5.31690427e-01, -5.47608484e-01, -5.77590682e-01],
        [ 0.00000000e+00,  0.00000000e+00, -2.82783805e-01, ...,
         -5.31690427e-01, -5.47608484e-01, -5.77590682e-01],
        [ 2.82783805e-01,  2.82783805e-01,  0.00000000e+00, ...,
         -7.49489347e-01, -7.61872138e-01, -7.84859474e-01],
        ...,
        [ 5.31690427e-01,  5.31690427e-01,  7.49489347e-01, ...,
          0.00000000e+00,  1.89070322e-02,  5.51509427e-02],
        [ 5.47608484e-01,  5.47608484e-01,  7.61872138e-01, ...,
         -1.89070322e-02,  0.00000000e+00,  3.62628280e-02],
        [ 5.77590682e-01,  5.77590682e-01,  7.84859474e-01, ...,
         -5.51509427e-02, -3.62628280e-02,  0.00000000e+00]],

       ...,

       [[ 0.00000000e+00,  6.13666176e-01,  8.32403810e-02, ...,
          5.47536528e-01,  8.33006877e-01,  5.33792743e-01],
        [-6.13666176e-01,  0.00000000e+00, -5.45812705e-01, ...,
         -8.11886729e-02,  3.18195002e-01, -9.74611504e-02],
        [-8.32403810e-02,  5.45812705e-01,  0.00000000e+00, ...,
          4.75982267e-01,  7.84062131e-01,  4.61550870e-01],
        ...,
        [-5.47536528e-01,  8.11886729e-02, -4.75982267e-01, ...,
          0.00000000e+00,  3.94113476e-01, -1.63372464e-02],
        [-8.33006877e-01, -3.18195002e-01, -7.84062131e-01, ...,
         -3.94113476e-01,  0.00000000e+00, -4.09075816e-01],
        [-5.33792743e-01,  9.74611504e-02, -4.61550870e-01, ...,
          1.63372464e-02,  4.09075816e-01,  0.00000000e+00]],

       [[ 0.00000000e+00, -1.60984185e-01, -3.90542530e-01, ...,
         -4.95415545e-01, -3.78633049e-01, -0.00000000e+00],
        [ 1.60984185e-01,  0.00000000e+00, -2.37249070e-01, ...,
         -6.28793730e-01, -5.22692943e-01, -1.60984185e-01],
        [ 3.90542530e-01,  2.37249070e-01,  0.00000000e+00, ...,
         -7.95319218e-01, -7.10029280e-01, -3.90542530e-01],
        ...,
        [ 4.95415545e-01,  6.28793730e-01,  7.95319218e-01, ...,
          0.00000000e+00, -1.29628397e-01, -4.95415545e-01],
        [ 3.78633049e-01,  5.22692943e-01,  7.10029280e-01, ...,
          1.29628397e-01,  0.00000000e+00, -3.78633049e-01],
        [ 0.00000000e+00,  1.60984185e-01,  3.90542530e-01, ...,
          4.95415545e-01,  3.78633049e-01,  0.00000000e+00]],

       [[ 0.00000000e+00, -4.01874931e-01, -5.62744922e-01, ...,
         -0.00000000e+00, -1.81594785e-01, -2.61611551e-01],
        [ 4.01874931e-01,  0.00000000e+00, -1.83100351e-01, ...,
         -4.01874931e-01, -5.61478493e-01, -6.27435208e-01],
        [ 5.62744922e-01,  1.83100351e-01,  0.00000000e+00, ...,
         -5.62744922e-01, -7.03500219e-01, -7.59402457e-01],
        ...,
        [ 0.00000000e+00,  4.01874931e-01,  5.62744922e-01, ...,
          0.00000000e+00,  1.81594785e-01,  2.61611551e-01],
        [ 1.81594785e-01,  5.61478493e-01,  7.03500219e-01, ...,
         -1.81594785e-01,  0.00000000e+00,  8.19914245e-02],
        [ 2.61611551e-01,  6.27435208e-01,  7.59402457e-01, ...,
