state_0,state_1,state_2,state_3,state_4,state_5,state_6,state_7,state_8,state_9,state_10,state_11,state_12,state_13,state_14,state_15,state_16,state_17,state_18,state_19,state_20,state_21,state_22,state_23,state_24,state_25,state_26,state_27,state_28,state_29,state_30,state_31,state_32,state_33,state_34,state_35,state_36,state_37,state_38,state_39,state_40,state_41,state_42,state_43,state_44,state_45,state_46,state_47,state_48,state_49,state_50,state_51,state_52,state_53,state_54,state_55,state_56,state_57,state_58,state_59,state_60,state_61,state_62,state_63,state_64,state_65,state_66,state_67,state_68,state_69,state_70,state_71,state_72,state_73,state_74,state_75,state_76,state_77,state_78,state_79,state_80,state_81,state_82,state_83,state_84,state_85,state_86,state_87,state_88,state_89,state_90,state_91,state_92,state_93,state_94,state_95,state_96,state_97,state_98,state_99,state_100,state_101,state_102,state_103,state_104,state_105,state_106,state_107,state_108,state_109,state_110,state_111,state_112,state_113,state_114,state_115,state_116,state_117,state_118,state_119,state_120,state_121,state_122,state_123,state_124,state_125,state_126,state_127,state_128,state_129,state_130,state_131,state_132,state_133,state_134,state_135,state_136,state_137,state_138,state_139,state_140,state_141,state_142,state_143,state_144,state_145,state_146,state_147,state_148,state_149,state_150,state_151,state_152,state_153,state_154,state_155,state_156,state_157,state_158,state_159,state_160,state_161,state_162,state_163,state_164,state_165,state_166,state_167,state_168,state_169,state_170,state_171,state_172,state_173,state_174,state_175,state_176,state_177,state_178,state_179,state_180,state_181,state_182,state_183,state_184,state_185,state_186,state_187,state_188,state_189,state_190,state_191,state_192,state_193,state_194,state_195,state_196,state_197,state_198,state_199,state_200,state_201,state_202,state_203,state_204,state_205,state_206,state_207,state_208,state_209,state_210,state_211,state_212,state_213,state_214,state_215,state_216,state_217,state_218,state_219,state_220,state_221,state_222,state_223,state_224,state_225,state_226,state_227,state_228,state_229,state_230,state_231,state_232,state_233,state_234,state_235,state_236,state_237,state_238,state_239,state_240,state_241,state_242,state_243,state_244,state_245,state_246,state_247,state_248,state_249,state_250,state_251,state_252,state_253,state_254,state_255,state_256,state_257,state_258,state_259,state_260,state_261,state_262,state_263,state_264,state_265,state_266,state_267,state_268,state_269,state_270,state_271,state_272,state_273,state_274,state_275,state_276,state_277,state_278,state_279,state_280,state_281,state_282,state_283,state_284,state_285,state_286,state_287
{'img': array([[[ 0.        , -0.33862045, -0.7462678 , ..., -0.95697853,
         -0.84836819, -0.9693264 ],
        [ 0.33862045,  0.        , -0.47677929, ..., -0.80218948,
         -0.61898127, -0.82883645],
        [ 0.7462678 ,  0.47677929,  0.        , ..., -0.42047265,
         -0.16963361, -0.46181263],
        ...,
        [ 0.95697853,  0.80218948,  0.42047265, ...,  0.        ,
          0.26046937, -0.04605522],
        [ 0.84836819,  0.61898127,  0.16963361, ..., -0.26046937,
          0.        , -0.30465848],
        [ 0.9693264 ,  0.82883645,  0.46181263, ...,  0.04605522,
          0.30465848,  0.        ]],

       [[ 0.        ,  0.29126592,  0.16710152, ...,  0.01346019,
         -0.14751884, -0.18201947],
        [-0.29126592,  0.        , -0.12731428, ..., -0.27836295,
         -0.42920199, -0.46052779],
        [-0.16710152,  0.12731428,  0.        , ..., -0.15381545,
         -0.31071798, -0.34377029],
        ...,
        [-0.01346019,  0.27836295,  0.15381545, ...,  0.        ,
         -0.1608184 , -0.19523831],
        [ 0.14751884,  0.42920199,  0.31071798, ...,  0.1608184 ,
          0.        , -0.03497351],
        [ 0.18201947,  0.46052779,  0.34377029, ...,  0.19523831,
          0.03497351,  0.        ]],

       [[ 0.        , -0.03588995, -0.22228556, ..., -0.99759455,
         -0.95780336, -0.92069432],
        [ 0.03588995,  0.        , -0.18715031, ..., -0.994464  ,
         -0.94687064, -0.90609387],
        [ 0.22228556,  0.18715031,  0.        , ..., -0.95722774,
         -0.86995038, -0.81090541],
        ...,
        [ 0.99759455,  0.994464  ,  0.95722774, ...,  0.        ,
          0.22033903,  0.32552414],
        [ 0.95780336,  0.94687064,  0.86995038, ..., -0.22033903,
          0.        ,  0.10918586],
        [ 0.92069432,  0.90609387,  0.81090541, ..., -0.32552414,
         -0.10918586,  0.        ]],

       ...,

       [[ 0.        , -0.28580382, -0.50924927, ...,  0.11341728,
          0.93831379,  0.3736969 ],
        [ 0.28580382,  0.        , -0.24203932, ...,  0.3926461 ,
          0.99800164,  0.6232069 ],
        [ 0.50924927,  0.24203932,  0.        , ...,  0.60357239,
          0.98362147,  0.79396529],
        ...,
        [-0.11341728, -0.3926461 , -0.60357239, ...,  0.        ,
          0.89304127,  0.2660853 ],
        [-0.93831379, -0.99800164, -0.98362147, ..., -0.89304127,
          0.        , -0.74111501],
        [-0.3736969 , -0.6232069 , -0.79396529, ..., -0.2660853 ,
          0.74111501,  0.        ]],

       [[ 0.        ,  0.00480962, -0.05693159, ..., -0.47895814,
         -0.85482278, -0.88808546],
        [-0.00480962,  0.        , -0.06173275, ..., -0.47473054,
         -0.85231709, -0.88586431],
        [ 0.05693159,  0.06173275,  0.        , ..., -0.52815801,
         -0.88297927, -0.91281528],
        ...,
        [ 0.47895814,  0.47473054,  0.52815801, ...,  0.        ,
          0.50185472,  0.55942823],
        [ 0.85482278,  0.85231709,  0.88297927, ..., -0.50185472,
          0.        ,  0.0679018 ],
        [ 0.88808546,  0.88586431,  0.91281528, ..., -0.55942823,
         -0.0679018 ,  0.        ]],

       [[ 0.        ,  0.04919263,  0.13827275, ..., -0.97903734,
         -0.99730706, -0.99810543],
        [-0.04919263,  0.        ,  0.08938525, ..., -0.98787163,
         -0.99970738, -0.9999237 ],
        [-0.13827275, -0.08938525,  0.        , ..., -0.9977964 ,
         -0.99786791, -0.99702531],
        ...,
        [ 0.97903734,  0.98787163,  0.9977964 , ...,  0.        ,
         -0.13133063, -0.1430578 ],
        [ 0.99730706,  0.99970738,  0.99786791, ...,  0.13133063,
          0.        , -0.01183892],
        [ 0.99810543,  0.9999237 ,  0.99702531, ...,  0.1430578 ,
          0.01183892,  0.        ]]]), 'num': array([ 7.07091761e-01,  7.07091761e-01,  0.00000000e+00,  0.00000000e+00,
        2.29682910e-03,  2.34071755e-03,  2.28707611e-03,  1.06707461e-04,
       -1.46294847e-05,  2.31633508e-03,  2.28122432e-03,  2.34600042e-03,
        5.60278138e-07,  2.33334581e-03,  2.22910282e-03])}
{'img': array([[[ 0.        , -0.47677929, -0.39986352, ..., -0.61898127,
         -0.82883645, -0.90084874],
        [ 0.47677929,  0.        ,  0.08551458, ..., -0.16963361,
         -0.46181263, -0.58488114],
        [ 0.39986352, -0.08551458,  0.        , ..., -0.25328746,
         -0.53597048, -0.65210117],
        ...,
        [ 0.61898127,  0.16963361,  0.25328746, ...,  0.        ,
         -0.30465848, -0.43881152],
        [ 0.82883645,  0.46181263,  0.53597048, ...,  0.30465848,
          0.        , -0.1441914 ],
        [ 0.90084874,  0.58488114,  0.65210117, ...,  0.43881152,
          0.1441914 ,  0.        ]],

       [[ 0.        , -0.12731428, -0.59900343, ..., -0.42920199,
         -0.46052779, -0.48832809],
        [ 0.12731428,  0.        , -0.49218254, ..., -0.31071798,
         -0.34377029, -0.37325219],
        [ 0.59900343,  0.49218254,  0.        , ...,  0.19734304,
          0.16293657,  0.13169941],
        ...,
        [ 0.42920199,  0.31071798, -0.19734304, ...,  0.        ,
         -0.03497351, -0.06651465],
        [ 0.46052779,  0.34377029, -0.16293657, ...,  0.03497351,
          0.        , -0.03157789],
        [ 0.48832809,  0.37325219, -0.13169941, ...,  0.06651465,
          0.03157789,  0.        ]],

       [[ 0.        , -0.18715031, -0.24768241, ..., -0.94687064,
         -0.90609387, -0.88272446],
        [ 0.18715031,  0.        , -0.06198723, ..., -0.86995038,
         -0.81090541, -0.77918761],
        [ 0.24768241,  0.06198723,  0.        , ..., -0.83770907,
         -0.77307248, -0.73883616],
        ...,
        [ 0.94687064,  0.86995038,  0.83770907, ...,  0.        ,
          0.10918586,  0.16102886],
        [ 0.90609387,  0.81090541,  0.77307248, ..., -0.10918586,
          0.        ,  0.05230517],
        [ 0.88272446,  0.77918761,  0.73883616, ..., -0.16102886,
         -0.05230517,  0.        ]],

       ...,

       [[ 0.        , -0.24203932, -0.18553083, ...,  0.99800164,
          0.6232069 ,  0.29939459],
        [ 0.24203932,  0.        ,  0.05782281, ...,  0.98362147,
          0.79396529,  0.52142936],
        [ 0.18553083, -0.05782281,  0.        , ...,  0.9923981 ,
          0.75748274,  0.47121705],
        ...,
        [-0.99800164, -0.98362147, -0.9923981 , ...,  0.        ,
         -0.74111501, -0.93330456],
        [-0.6232069 , -0.79396529, -0.75748274, ...,  0.74111501,
          0.        , -0.36047637],
        [-0.29939459, -0.52142936, -0.47121705, ...,  0.93330456,
          0.36047637,  0.        ]],

       [[ 0.        , -0.06173275, -0.09932444, ..., -0.85231709,
         -0.88586431, -0.89808694],
        [ 0.06173275,  0.        , -0.03770751, ..., -0.88297927,
         -0.91281528, -0.92352521],
        [ 0.09932444,  0.03770751,  0.        , ..., -0.90005167,
         -0.92756482, -0.93733067],
        ...,
        [ 0.85231709,  0.88297927,  0.90005167, ...,  0.        ,
          0.0679018 ,  0.09485793],
        [ 0.88586431,  0.91281528,  0.92756482, ..., -0.0679018 ,
          0.        ,  0.02704338],
        [ 0.89808694,  0.92352521,  0.93733067, ..., -0.09485793,
         -0.02704338,  0.        ]],

       [[ 0.        ,  0.08938525,  0.15866169, ..., -0.99970738,
         -0.9999237 , -0.99834924],
        [-0.08938525,  0.        ,  0.06977358, ..., -0.99786791,
         -0.99702531, -0.99948683],
        [-0.15866169, -0.06977358,  0.        , ..., -0.99088214,
         -0.98921762, -0.99481591],
        ...,
        [ 0.99970738,  0.99786791,  0.99088214, ...,  0.        ,
         -0.01183892,  0.0332681 ],
        [ 0.9999237 ,  0.99702531,  0.98921762, ...,  0.01183892,
          0.        ,  0.04509813],
        [ 0.99834924,  0.99948683,  0.99481591, ..., -0.0332681 ,
         -0.04509813,  0.        ]]]), 'num': array([ 8.43241296e-01,  5.37479050e-01,  1.32364609e-06, -6.10404018e-11,
        2.70586058e-03,  2.77614268e-03,  2.68829006e-03,  1.79582462e-04,
       -5.27115698e-05,  2.76794310e-03,  2.73895174e-03,  2.81430976e-03,
        5.42300101e-07,  2.80292549e-03,  2.67497798e-03])}
{'img': array([[[ 0.        ,  0.08551458,  0.38879336, ..., -0.46181263,
         -0.58488114, -0.93879573],
        [-0.08551458,  0.        ,  0.30858246, ..., -0.53597048,
         -0.65210117, -0.96481443],
        [-0.38879336, -0.30858246,  0.        , ..., -0.77033048,
         -0.85422329, -0.9988653 ],
        ...,
        [ 0.46181263,  0.53597048,  0.77033048, ...,  0.        ,
         -0.1441914 , -0.67360809],
        [ 0.58488114,  0.65210117,  0.85422329, ...,  0.1441914 ,
          0.        , -0.55999853],
        [ 0.93879573,  0.96481443,  0.9988653 , ...,  0.67360809,
          0.55999853,  0.        ]],

       [[ 0.        , -0.49218254, -0.23893531, ..., -0.34377029,
         -0.37325219, -0.05856458],
        [ 0.49218254,  0.        ,  0.26993543, ...,  0.16293657,
          0.13169941,  0.44035777],
        [ 0.23893531, -0.26993543,  0.        , ..., -0.10944005,
         -0.14077369,  0.18165692],
        ...,
        [ 0.34377029, -0.16293657,  0.10944005, ...,  0.        ,
         -0.03157789,  0.28818496],
        [ 0.37325219, -0.13169941,  0.14077369, ...,  0.03157789,
          0.        ,  0.31827944],
        [ 0.05856458, -0.44035777, -0.18165692, ..., -0.28818496,
         -0.31827944,  0.        ]],

       [[ 0.        , -0.06198723, -0.0312297 , ..., -0.81090541,
         -0.77918761, -0.85289806],
        [ 0.06198723,  0.        ,  0.03078735, ..., -0.77307248,
         -0.73883616, -0.81889575],
        [ 0.0312297 , -0.03078735,  0.        , ..., -0.79223497,
         -0.75923306, -0.83617773],
        ...,
        [ 0.81090541,  0.77307248,  0.79223497, ...,  0.        ,
          0.05230517, -0.07574109],
        [ 0.77918761,  0.73883616,  0.75923306, ..., -0.05230517,
          0.        , -0.12779234],
        [ 0.85289806,  0.81889575,  0.83617773, ...,  0.07574109,
          0.12779234,  0.        ]],

       ...,

       [[ 0.        ,  0.05782281,  0.21281856, ...,  0.79396529,
          0.52142936,  0.05199681],
        [-0.05782281,  0.        ,  0.1559643 , ...,  0.75748274,
          0.47121705, -0.00583477],
        [-0.21281856, -0.1559643 ,  0.        , ...,  0.64639109,
          0.32788742, -0.16172501],
        ...,
        [-0.79396529, -0.75748274, -0.64639109, ...,  0.        ,
         -0.36047637, -0.76127911],
        [-0.52142936, -0.47121705, -0.32788742, ...,  0.36047637,
          0.        , -0.4763554 ],
        [-0.05199681,  0.00583477,  0.16172501, ...,  0.76127911,
          0.4763554 ,  0.        ]],

       [[ 0.        , -0.03770751, -0.03982732, ..., -0.91281528,
         -0.92352521, -0.92625955],
        [ 0.03770751,  0.        , -0.0021214 , ..., -0.92756482,
         -0.93733067, -0.93981225],
        [ 0.03982732,  0.0021214 ,  0.        , ..., -0.92835542,
         -0.93806774, -0.940535  ],
        ...,
        [ 0.91281528,  0.92756482,  0.92835542, ...,  0.        ,
          0.02704338,  0.03423157],
        [ 0.92352521,  0.93733067,  0.93806774, ..., -0.02704338,
          0.        ,  0.00719152],
        [ 0.92625955,  0.93981225,  0.940535  , ..., -0.03423157,
         -0.00719152,  0.        ]],

       [[ 0.        ,  0.06977358,  0.09901659, ..., -0.99702531,
         -0.99948683, -0.99773729],
        [-0.06977358,  0.        ,  0.02934457, ..., -0.98921762,
         -0.99481591, -0.99061455],
        [-0.09901659, -0.02934457,  0.        , ..., -0.98449401,
         -0.99140338, -0.98617698],
        ...,
        [ 0.99702531,  0.98921762,  0.98449401, ...,  0.        ,
          0.04509813,  0.00986725],
        [ 0.99948683,  0.99481591,  0.99140338, ..., -0.04509813,
          0.        , -0.03523872],
        [ 0.99773729,  0.99061455,  0.98617698, ..., -0.00986725,
          0.03523872,  0.        ]]]), 'num': array([ 8.91919085e-01,  4.52120558e-01,  1.91216751e-06, -8.79651857e-09,
        2.85583459e-03,  2.89308460e-03,  2.84962625e-03,  1.40444978e-04,
       -1.24166721e-05,  2.91543461e-03,  2.90332836e-03,  2.98062214e-03,
        5.01442528e-07,  2.97114146e-03,  2.83551525e-03])}
{'img': array([[[ 0.        ,  0.30858246,  0.58824654, ..., -0.65210117,
         -0.96481443, -0.98884681],
        [-0.30858246,  0.        ,  0.30999372, ..., -0.85422329,
         -0.9988653 , -0.89462962],
        [-0.58824654, -0.30999372,  0.        , ..., -0.97331075,
         -0.93489643, -0.71205109],
        ...,
        [ 0.65210117,  0.85422329,  0.97331075, ...,  0.        ,
         -0.55999853, -0.84679782],
        [ 0.96481443,  0.9988653 ,  0.93489643, ...,  0.55999853,
          0.        , -0.40369502],
        [ 0.98884681,  0.89462962,  0.71205109, ...,  0.84679782,
          0.40369502,  0.        ]],

       [[ 0.        ,  0.26993543, -0.01232143, ...,  0.13169941,
          0.44035777,  0.16090994],
        [-0.26993543,  0.        , -0.28177898, ..., -0.14077369,
          0.18165692, -0.11148122],
        [ 0.01232143,  0.28177898,  0.        , ...,  0.14390352,
          0.45138679,  0.1730586 ],
        ...,
        [-0.13169941,  0.14077369, -0.14390352, ...,  0.        ,
          0.31827944,  0.02952512],
        [-0.44035777, -0.18165692, -0.45138679, ..., -0.31827944,
          0.        , -0.29015096],
        [-0.16090994,  0.11148122, -0.1730586 , ..., -0.02952512,
          0.29015096,  0.        ]],

       [[ 0.        ,  0.03078735,  0.01021768, ..., -0.73883616,
         -0.81889575, -0.9070902 ],
        [-0.03078735,  0.        , -0.02057291, ..., -0.75923306,
         -0.83617773, -0.91961971],
        [-0.01021768,  0.02057291,  0.        , ..., -0.74568313,
         -0.82471736, -0.91134384],
        ...,
        [ 0.73883616,  0.75923306,  0.74568313, ...,  0.        ,
         -0.12779234, -0.30027161],
        [ 0.81889575,  0.83617773,  0.82471736, ...,  0.12779234,
          0.        , -0.17591446],
        [ 0.9070902 ,  0.91961971,  0.91134384, ...,  0.30027161,
          0.17591446,  0.        ]],

       ...,

       [[ 0.        ,  0.1559643 ,  0.        , ...,  0.47121705,
         -0.00583477, -0.27115375],
        [-0.1559643 ,  0.        , -0.1559643 , ...,  0.32788742,
         -0.16172501, -0.41795681],
        [ 0.        ,  0.1559643 ,  0.        , ...,  0.47121705,
         -0.00583477, -0.27115375],
        ...,
        [-0.47121705, -0.32788742, -0.47121705, ...,  0.        ,
         -0.4763554 , -0.69272569],
        [ 0.00583477,  0.16172501,  0.00583477, ...,  0.4763554 ,
          0.        , -0.26553295],
        [ 0.27115375,  0.41795681,  0.27115375, ...,  0.69272569,
          0.26553295,  0.        ]],

       [[ 0.        , -0.0021214 ,  0.01134092, ..., -0.93733067,
         -0.93981225, -0.93981225],
        [ 0.0021214 ,  0.        ,  0.01346216, ..., -0.93806774,
         -0.940535  , -0.940535  ],
        [-0.01134092, -0.01346216,  0.        , ..., -0.93331875,
         -0.93587672, -0.93587672],
        ...,
        [ 0.93733067,  0.93806774,  0.93331875, ...,  0.        ,
          0.00719152,  0.00719152],
        [ 0.93981225,  0.940535  ,  0.93587672, ..., -0.00719152,
          0.        ,  0.        ],
        [ 0.93981225,  0.940535  ,  0.93587672, ..., -0.00719152,
          0.        ,  0.        ]],

       [[ 0.        ,  0.02934457,  0.12165168, ..., -0.99481591,
         -0.99061455, -0.99061455],
        [-0.02934457,  0.        ,  0.09247266, ..., -0.99140338,
         -0.98617698, -0.98617698],
        [-0.12165168, -0.09247266,  0.        , ..., -0.97505624,
         -0.96662914, -0.96662914],
        ...,
        [ 0.99481591,  0.99140338,  0.97505624, ...,  0.        ,
         -0.03523872, -0.03523872],
        [ 0.99061455,  0.98617698,  0.96662914, ...,  0.03523872,
          0.        ,  0.        ],
        [ 0.99061455,  0.98617698,  0.96662914, ...,  0.03523872,
          0.        ,  0.        ]]]), 'num': array([ 9.75254479e-01,  2.20899763e-01,  3.36765498e-06, -1.28174086e-08,
        3.10434040e-03,  3.16670438e-03,  3.09048173e-03,  2.24233159e-04,
       -8.31519749e-05,  3.20828036e-03,  3.23391889e-03,  3.32226786e-03,
        4.08944139e-07,  3.33014432e-03,  3.13769345e-03])}
{'img': array([[[ 0.        ,  0.27051529,  0.82895046, ..., -0.91144419,
         -0.94202696, -0.82895046],
        [-0.27051529,  0.        ,  0.64673844, ..., -0.98875802,
         -0.99767206, -0.64673844],
        [-0.82895046, -0.64673844,  0.        , ..., -0.8508407 ,
         -0.80504014, -0.        ],
        ...,
        [ 0.91144419,  0.98875802,  0.8508407 , ...,  0.        ,
         -0.08174882, -0.8508407 ],
        [ 0.94202696,  0.99767206,  0.80504014, ...,  0.08174882,
          0.        , -0.80504014],
        [ 0.82895046,  0.64673844,  0.        , ...,  0.8508407 ,
          0.80504014,  0.        ]],

       [[ 0.        , -0.28177898,  0.41528554, ...,  0.18165692,
         -0.11148122,  0.23860449],
        [ 0.28177898,  0.        ,  0.65478973, ...,  0.45138679,
          0.1730586 ,  0.50257638],
        [-0.41528554, -0.65478973,  0.        , ..., -0.24312432,
         -0.51411035, -0.18623439],
        ...,
        [-0.18165692, -0.45138679,  0.24312432, ...,  0.        ,
         -0.29015096,  0.05822449],
        [ 0.11148122, -0.1730586 ,  0.51411035, ...,  0.29015096,
          0.        ,  0.34537844],
        [-0.23860449, -0.50257638,  0.18623439, ..., -0.05822449,
         -0.34537844,  0.        ]],

       [[ 0.        , -0.02057291,  0.09510059, ..., -0.83617773,
         -0.91961971, -0.9720557 ],
        [ 0.02057291,  0.        ,  0.11556013, ..., -0.82471736,
         -0.91134384, -0.97667946],
        [-0.09510059, -0.11556013,  0.        , ..., -0.88454663,
         -0.95280814, -0.94532512],
        ...,
        [ 0.83617773,  0.82471736,  0.88454663, ...,  0.        ,
         -0.17591446, -0.72942529],
        [ 0.91961971,  0.91134384,  0.95280814, ...,  0.17591446,
          0.        , -0.59771411],
        [ 0.9720557 ,  0.97667946,  0.94532512, ...,  0.72942529,
          0.59771411,  0.        ]],

       ...,

       [[ 0.        , -0.1559643 , -0.24225382, ..., -0.16172501,
         -0.41795681, -0.87977573],
        [ 0.1559643 ,  0.        , -0.08797071, ..., -0.00583477,
         -0.27115375, -0.79486594],
        [ 0.24225382,  0.08797071,  0.        , ...,  0.08215706,
         -0.18542752, -0.73840497],
        ...,
        [ 0.16172501,  0.00583477, -0.08215706, ...,  0.        ,
         -0.26553295, -0.79131195],
        [ 0.41795681,  0.27115375,  0.18542752, ...,  0.26553295,
          0.        , -0.60055506],
        [ 0.87977573,  0.79486594,  0.73840497, ...,  0.79131195,
          0.60055506,  0.        ]],

       [[ 0.        ,  0.01346216,  0.12250682, ..., -0.940535  ,
         -0.940535  , -0.98161297],
        [-0.01346216,  0.        ,  0.10913496, ..., -0.93587672,
         -0.93587672, -0.97895433],
        [-0.12250682, -0.10913496,  0.        , ..., -0.89183541,
         -0.89183541, -0.95083478],
        ...,
        [ 0.940535  ,  0.93587672,  0.89183541, ...,  0.        ,
          0.        ,  0.15391949],
        [ 0.940535  ,  0.93587672,  0.89183541, ...,  0.        ,
          0.        ,  0.15391949],
        [ 0.98161297,  0.97895433,  0.95083478, ..., -0.15391949,
         -0.15391949,  0.        ]],

       [[ 0.        ,  0.09241367,  0.13400779, ..., -0.98662488,
         -0.98662488, -0.6504768 ],
        [-0.09241367,  0.        ,  0.0418542 , ..., -0.96733872,
         -0.96733872, -0.57750261],
        [-0.13400779, -0.0418542 ,  0.        , ..., -0.95588156,
         -0.95588156, -0.54282726],
        ...,
        [ 0.98662488,  0.96733872,  0.95588156, ...,  0.        ,
          0.        , -0.64333495],
        [ 0.98662488,  0.96733872,  0.95588156, ...,  0.        ,
          0.        , -0.64333495],
        [ 0.6504768 ,  0.57750261,  0.54282726, ...,  0.64333495,
          0.64333495,  0.        ]]]), 'num': array([ 9.75757780e-01,  2.18665669e-01,  3.39503189e-06, -4.08509083e-08,
        3.10283652e-03,  3.17240684e-03,  3.09587949e-03,  2.11813813e-04,
       -1.39140651e-05,  3.18214669e-03,  3.24128147e-03,  3.32998363e-03,
        4.31815814e-07,  3.35592695e-03,  3.12663599e-03])}
