state_0,state_1,state_2,state_3,state_4,state_5,state_6,state_7,state_8,state_9,state_10,state_11,state_12,state_13,state_14,state_15,state_16,state_17,state_18,state_19,state_20,state_21,state_22,state_23,state_24,state_25,state_26,state_27,state_28,state_29,state_30,state_31,state_32,state_33,state_34,state_35,state_36,state_37,state_38,state_39,state_40,state_41,state_42,state_43,state_44,state_45,state_46,state_47,state_48,state_49,state_50,state_51,state_52,state_53,state_54,state_55,state_56,state_57,state_58,state_59,state_60,state_61,state_62,state_63,state_64,state_65,state_66,state_67,state_68,state_69,state_70,state_71,state_72,state_73,state_74,state_75,state_76,state_77,state_78,state_79,state_80,state_81,state_82,state_83,state_84,state_85,state_86,state_87,state_88,state_89,state_90,state_91,state_92,state_93,state_94,state_95,state_96,state_97,state_98,state_99,state_100,state_101,state_102,state_103,state_104,state_105,state_106,state_107,state_108,state_109,state_110,state_111,state_112,state_113,state_114,state_115,state_116,state_117,state_118,state_119,state_120,state_121,state_122,state_123,state_124,state_125,state_126,state_127,state_128,state_129,state_130,state_131,state_132,state_133,state_134,state_135,state_136,state_137,state_138,state_139,state_140,state_141,state_142,state_143,state_144,state_145,state_146,state_147,state_148,state_149,state_150,state_151,state_152,state_153,state_154,state_155,state_156,state_157,state_158,state_159,state_160,state_161,state_162,state_163,state_164,state_165,state_166,state_167,state_168,state_169,state_170,state_171,state_172,state_173,state_174,state_175,state_176,state_177,state_178,state_179,state_180,state_181,state_182,state_183,state_184,state_185,state_186,state_187,state_188,state_189,state_190,state_191,state_192,state_193,state_194,state_195,state_196,state_197,state_198,state_199,state_200,state_201,state_202,state_203,state_204,state_205,state_206,state_207,state_208,state_209,state_210,state_211,state_212,state_213,state_214,state_215,state_216,state_217,state_218,state_219,state_220,state_221,state_222,state_223,state_224,state_225,state_226,state_227,state_228,state_229,state_230,state_231,state_232,state_233,state_234,state_235,state_236,state_237,state_238,state_239,state_240,state_241,state_242,state_243,state_244,state_245,state_246,state_247,state_248,state_249,state_250,state_251,state_252,state_253,state_254,state_255,state_256,state_257,state_258,state_259,state_260,state_261,state_262,state_263,state_264,state_265,state_266,state_267,state_268,state_269,state_270,state_271,state_272,state_273,state_274,state_275,state_276,state_277,state_278,state_279,state_280,state_281,state_282,state_283,state_284,state_285,state_286,state_287
{'img': array([[[ 0.        , -0.17760928,  0.33297135, ...,  0.56354267,
          0.97052016,  0.86328865],
        [ 0.17760928,  0.        ,  0.49515182, ...,  0.40786224,
          0.99789732,  0.93920457],
        [-0.33297135, -0.49515182,  0.        , ...,  0.80644849,
          0.83488658,  0.64597262],
        ...,
        [-0.56354267, -0.40786224, -0.80644849, ...,  0.        ,
         -0.93755907, -0.99757741],
        [-0.97052016, -0.99789732, -0.83488658, ...,  0.93755907,
          0.        , -0.28176194],
        [-0.86328865, -0.93920457, -0.64597262, ...,  0.99757741,
          0.28176194,  0.        ]],

       [[ 0.        ,  0.09250616,  0.22092976, ...,  0.48684459,
          0.71018739,  0.11890073],
        [-0.09250616,  0.        ,  0.12976213, ...,  0.40395398,
          0.64201667,  0.02654096],
        [-0.22092976, -0.12976213,  0.        , ...,  0.28183489,
          0.5371011 , -0.10339986],
        ...,
        [-0.48684459, -0.40395398, -0.28183489, ...,  0.        ,
          0.27759582, -0.37953255],
        [-0.71018739, -0.64201667, -0.5371011 , ..., -0.27759582,
          0.        , -0.6214418 ],
        [-0.11890073, -0.02654096,  0.10339986, ...,  0.37953255,
          0.6214418 ,  0.        ]],

       [[ 0.        , -0.12764406,  0.23914629, ...,  0.12764406,
          0.58799759,  0.76128558],
        [ 0.12764406,  0.        ,  0.36113037, ...,  0.        ,
          0.47994128,  0.67229175],
        [-0.23914629, -0.36113037,  0.        , ...,  0.36113037,
          0.7643725 ,  0.89426223],
        ...,
        [-0.12764406, -0.        , -0.36113037, ...,  0.        ,
         -0.47994128, -0.67229175],
        [-0.58799759, -0.47994128, -0.7643725 , ...,  0.47994128,
          0.        , -0.23450801],
        [-0.76128558, -0.67229175, -0.89426223, ...,  0.67229175,
          0.23450801,  0.        ]],

       ...,

       [[ 0.        , -0.25255313,  0.67728862, ...,  0.96401773,
          0.91633337,  0.61071688],
        [ 0.25255313,  0.        ,  0.84114071, ...,  0.865629  ,
          0.98775499,  0.79090324],
        [-0.67728862, -0.84114071,  0.        , ...,  0.88929365,
          0.40296507, -0.08699529],
        ...,
        [-0.96401773, -0.865629  , -0.88929365, ...,  0.        ,
         -0.62960451, -0.92570822],
        [-0.91633337, -0.98775499, -0.40296507, ...,  0.62960451,
          0.        , -0.48105675],
        [-0.61071688, -0.79090324,  0.08699529, ...,  0.92570822,
          0.48105675,  0.        ]],

       [[ 0.        , -0.09174917, -0.21016977, ...,  0.98988261,
          0.91991566,  0.84098963],
        [ 0.09174917,  0.        , -0.11958337, ...,  0.99872561,
          0.95201194,  0.88708346],
        [ 0.21016977,  0.11958337,  0.        , ...,  0.99759422,
          0.98178025,  0.93591866],
        ...,
        [-0.98988261, -0.99872561, -0.99759422, ...,  0.        ,
         -0.25762336, -0.41625022],
        [-0.91991566, -0.95201194, -0.98178025, ...,  0.25762336,
          0.        , -0.1679558 ],
        [-0.84098963, -0.88708346, -0.93591866, ...,  0.41625022,
          0.1679558 ,  0.        ]],

       [[ 0.        , -0.31363137, -0.03589542, ...,  0.85887512,
          0.74070308,  0.31363137],
        [ 0.31363137,  0.        ,  0.27934494, ...,  0.65490312,
          0.49262302,  0.        ],
        [ 0.03589542, -0.27934494,  0.        , ...,  0.83993652,
          0.71611003,  0.27934494],
        ...,
        [-0.85887512, -0.65490312, -0.83993652, ...,  0.        ,
          0.1976432 ,  0.65490312],
        [-0.74070308, -0.49262302, -0.71611003, ..., -0.1976432 ,
          0.        ,  0.49262302],
        [-0.31363137, -0.        , -0.27934494, ..., -0.65490312,
         -0.49262302,  0.        ]]]), 'num': array([7.07104519e-01, 7.07104519e-01, 0.00000000e+00, 0.00000000e+00,
       8.26096684e-04, 8.33801212e-04, 8.03839156e-04, 8.87852761e-04,
       1.45529986e-05, 8.53148140e-04, 8.61023880e-04, 7.94023016e-04,
       3.46570493e-07, 9.07546873e-04, 8.14500888e-04])}
{'img': array([[[ 0.        ,  0.49515182,  0.        , ...,  0.99789732,
          0.93920457,  0.97987332],
        [-0.49515182,  0.        , -0.49515182, ...,  0.83488658,
          0.64597262,  0.75247792],
        [ 0.        ,  0.49515182,  0.        , ...,  0.99789732,
          0.93920457,  0.97987332],
        ...,
        [-0.99789732, -0.83488658, -0.99789732, ...,  0.        ,
         -0.28176194, -0.13569048],
        [-0.93920457, -0.64597262, -0.93920457, ...,  0.28176194,
          0.        ,  0.14896312],
        [-0.97987332, -0.75247792, -0.97987332, ...,  0.13569048,
         -0.14896312,  0.        ]],

       [[ 0.        ,  0.12976213, -0.0435435 , ...,  0.64201667,
          0.02654096, -0.30105558],
        [-0.12976213,  0.        , -0.1728144 , ...,  0.5371011 ,
         -0.10339986, -0.42225222],
        [ 0.0435435 ,  0.1728144 ,  0.        , ...,  0.67479214,
          0.07004395, -0.25924667],
        ...,
        [-0.64201667, -0.5371011 , -0.67479214, ...,  0.        ,
         -0.6214418 , -0.84304784],
        [-0.02654096,  0.10339986, -0.07004395, ...,  0.6214418 ,
          0.        , -0.32625916],
        [ 0.30105558,  0.42225222,  0.25924667, ...,  0.84304784,
          0.32625916,  0.        ]],

       [[ 0.        ,  0.36113037,  0.35038619, ...,  0.47994128,
          0.67229175,  0.79442523],
        [-0.36113037,  0.        , -0.01149613, ...,  0.7643725 ,
          0.89426223,  0.96015056],
        [-0.35038619,  0.01149613,  0.        , ...,  0.75690957,
          0.88905812,  0.95687414],
        ...,
        [-0.47994128, -0.7643725 , -0.75690957, ...,  0.        ,
         -0.23450801, -0.40545166],
        [-0.67229175, -0.89426223, -0.88905812, ...,  0.23450801,
          0.        , -0.17977768],
        [-0.79442523, -0.96015056, -0.95687414, ...,  0.40545166,
          0.17977768,  0.        ]],

       ...,

       [[ 0.        ,  0.84114071,  0.73798095, ...,  0.98775499,
          0.79090324,  0.92708527],
        [-0.84114071,  0.        , -0.16850773, ...,  0.40296507,
         -0.08699529,  0.18608082],
        [-0.73798095,  0.16850773,  0.        , ...,  0.55142366,
          0.08211758,  0.34898457],
        ...,
        [-0.98775499, -0.40296507, -0.55142366, ...,  0.        ,
         -0.48105675, -0.22562303],
        [-0.79090324,  0.08699529, -0.08211758, ...,  0.48105675,
          0.        ,  0.27085121],
        [-0.92708527, -0.18608082, -0.34898457, ...,  0.22562303,
         -0.27085121,  0.        ]],

       [[ 0.        , -0.11958337, -0.28287668, ...,  0.95201194,
          0.88708346,  0.82167567],
        [ 0.11958337,  0.        , -0.16614766, ...,  0.98178025,
          0.93591866,  0.88393664],
        [ 0.28287668,  0.16614766,  0.        , ...,  0.99970573,
          0.98143012,  0.94934246],
        ...,
        [-0.95201194, -0.98178025, -0.99970573, ...,  0.        ,
         -0.1679558 , -0.29112151],
        [-0.88708346, -0.93591866, -0.98143012, ...,  0.1679558 ,
          0.        , -0.12630502],
        [-0.82167567, -0.88393664, -0.94934246, ...,  0.29112151,
          0.12630502,  0.        ]],

       [[ 0.        ,  0.27018573,  0.37688058, ...,  0.66451303,
          0.49568482,  0.        ],
        [-0.27018573,  0.        ,  0.11260098, ...,  0.84170211,
          0.7119064 ,  0.27018573],
        [-0.37688058, -0.11260098,  0.        , ...,  0.89714715,
          0.78645566,  0.37688058],
        ...,
        [-0.66451303, -0.84170211, -0.89714715, ...,  0.        ,
          0.20671752,  0.66451303],
        [-0.49568482, -0.7119064 , -0.78645566, ..., -0.20671752,
          0.        ,  0.49568482],
        [-0.        , -0.27018573, -0.37688058, ..., -0.66451303,
         -0.49568482,  0.        ]]]), 'num': array([ 9.81479812e-01,  1.91534375e-01,  7.89945437e-06, -1.31036784e-10,
        1.15489099e-03,  1.15489099e-03,  1.11100513e-03,  1.24049151e-03,
        4.04211847e-05,  1.14288012e-03,  1.16210906e-03,  1.07437584e-03,
        5.41800712e-07,  1.22446836e-03,  1.09974976e-03])}
{'img': array([[[ 0.        , -0.49515182, -0.27660944, ...,  0.64597262,
          0.75247792,  0.92520048],
        [ 0.49515182,  0.        ,  0.23551213, ...,  0.93920457,
          0.97987332,  0.99171972],
        [ 0.27660944, -0.23551213,  0.        , ...,  0.83192108,
          0.90529786,  0.99406878],
        ...,
        [-0.64597262, -0.93920457, -0.83192108, ...,  0.        ,
          0.14896312,  0.46112873],
        [-0.75247792, -0.97987332, -0.90529786, ..., -0.14896312,
          0.        ,  0.32380387],
        [-0.92520048, -0.99171972, -0.99406878, ..., -0.46112873,
         -0.32380387,  0.        ]],

       [[ 0.        , -0.1728144 , -0.41650118, ..., -0.10339986,
         -0.42225222, -0.40337841],
        [ 0.1728144 ,  0.        , -0.25312302, ...,  0.07004395,
         -0.25924667, -0.23917842],
        [ 0.41650118,  0.25312302,  0.        , ...,  0.32026423,
         -0.00633504,  0.01438693],
        ...,
        [ 0.10339986, -0.07004395, -0.32026423, ...,  0.        ,
         -0.32625916, -0.30660194],
        [ 0.42225222,  0.25924667,  0.00633504, ...,  0.32625916,
          0.        ,  0.02072102],
        [ 0.40337841,  0.23917842, -0.01438693, ...,  0.30660194,
         -0.02072102,  0.        ]],

       [[ 0.        , -0.03808076,  0.07565679, ...,  0.7700801 ,
          0.87382555,  0.91358155],
        [ 0.03808076,  0.        ,  0.11357353, ...,  0.74522801,
          0.85467535,  0.89743314],
        [-0.07565679, -0.11357353,  0.        , ...,  0.81613802,
          0.90810841,  0.9417294 ],
        ...,
        [-0.7700801 , -0.74522801, -0.81613802, ...,  0.        ,
         -0.18301116, -0.26965943],
        [-0.87382555, -0.85467535, -0.90810841, ...,  0.18301116,
          0.        , -0.08887346],
        [-0.91358155, -0.89743314, -0.9417294 , ...,  0.26965943,
          0.08887346,  0.        ]],

       ...,

       [[ 0.        , -0.54262243,  0.12084837, ..., -0.18253207,
          0.29591522,  0.575487  ],
        [ 0.54262243,  0.        ,  0.64015536, ...,  0.38018364,
          0.76688255,  0.92715824],
        [-0.12084837, -0.64015536,  0.        , ..., -0.30001239,
          0.17831037,  0.47243813],
        ...,
        [ 0.18253207, -0.38018364,  0.30001239, ...,  0.        ,
          0.46530103,  0.71509548],
        [-0.29591522, -0.76688255, -0.17831037, ..., -0.46530103,
          0.        ,  0.30771067],
        [-0.575487  , -0.92715824, -0.47243813, ..., -0.71509548,
         -0.30771067,  0.        ]],

       [[ 0.        , -0.16614766, -0.256271  , ...,  0.93591866,
          0.88393664,  0.88479602],
        [ 0.16614766,  0.        , -0.0921099 , ...,  0.98143012,
          0.94934246,  0.94991938],
        [ 0.256271  ,  0.0921099 ,  0.        , ...,  0.99492643,
          0.97425158,  0.97466502],
        ...,
        [-0.93591866, -0.98143012, -0.99492643, ...,  0.        ,
         -0.12630502, -0.12447851],
        [-0.88393664, -0.94934246, -0.97425158, ...,  0.12630502,
          0.        ,  0.00184104],
        [-0.88479602, -0.94991938, -0.97466502, ...,  0.12447851,
         -0.00184104,  0.        ]],

       [[ 0.        ,  0.26965861,  0.28997068, ...,  0.51656583,
          0.14428904,  0.        ],
        [-0.26965861,  0.        ,  0.02115613, ...,  0.72832466,
          0.40578079,  0.26965861],
        [-0.28997068, -0.02115613,  0.        , ...,  0.74265851,
          0.42502604,  0.28997068],
        ...,
        [-0.51656583, -0.72832466, -0.74265851, ...,  0.        ,
          0.38761314,  0.51656583],
        [-0.14428904, -0.40578079, -0.42502604, ..., -0.38761314,
          0.        ,  0.14428904],
        [-0.        , -0.26965861, -0.28997068, ..., -0.51656583,
         -0.14428904,  0.        ]]]), 'num': array([9.86677073e-01, 1.62648640e-01, 8.11850672e-06, 3.30995098e-08,
       1.16388197e-03, 1.19254901e-03, 1.14668174e-03, 1.80502613e-03,
       1.72002261e-05, 1.12558280e-03, 1.15556852e-03, 1.06947184e-03,
       5.91036576e-07, 1.21658611e-03, 1.09455094e-03])}
{'img': array([[[ 0.        ,  0.23551213,  0.24918578, ...,  0.97987332,
          0.99171972,  0.95814742],
        [-0.23551213,  0.        ,  0.01409347, ...,  0.90529786,
          0.99406878,  0.99861738],
        [-0.24918578, -0.01409347,  0.        , ...,  0.89922137,
          0.99243735,  0.99925905],
        ...,
        [-0.97987332, -0.90529786, -0.89922137, ...,  0.        ,
          0.32380387,  0.47177918],
        [-0.99171972, -0.99406878, -0.99243735, ..., -0.32380387,
          0.        ,  0.16085842],
        [-0.95814742, -0.99861738, -0.99925905, ..., -0.47177918,
         -0.16085842,  0.        ]],

       [[ 0.        , -0.25312302, -0.42890318, ..., -0.25924667,
         -0.23917842,  0.00680158],
        [ 0.25312302,  0.        , -0.18627677, ..., -0.00633504,
          0.01438693,  0.25969725],
        [ 0.42890318,  0.18627677,  0.        , ...,  0.18004887,
          0.20039261,  0.43503747],
        ...,
        [ 0.25924667,  0.00633504, -0.18004887, ...,  0.        ,
          0.02072102,  0.26580972],
        [ 0.23917842, -0.01438693, -0.20039261, ..., -0.02072102,
          0.        ,  0.24577706],
        [-0.00680158, -0.25969725, -0.43503747, ..., -0.26580972,
         -0.24577706,  0.        ]],

       [[ 0.        ,  0.11357353,  0.15957978, ...,  0.85467535,
          0.89743314,  0.93563236],
        [-0.11357353,  0.        ,  0.04642914, ...,  0.90810841,
          0.9417294 ,  0.96966718],
        [-0.15957978, -0.04642914,  0.        , ...,  0.92657061,
          0.95633126,  0.9799701 ],
        ...,
        [-0.85467535, -0.90810841, -0.92657061, ...,  0.        ,
         -0.08887346, -0.18406562],
        [-0.89743314, -0.9417294 , -0.95633126, ...,  0.08887346,
          0.        , -0.09598229],
        [-0.93563236, -0.96966718, -0.9799701 , ...,  0.18406562,
          0.09598229,  0.        ]],

       ...,

       [[ 0.        ,  0.64015536,  0.75687201, ...,  0.76688255,
          0.92715824,  0.98323947],
        [-0.64015536,  0.        ,  0.16308156, ...,  0.17831037,
          0.47243813,  0.63865694],
        [-0.75687201, -0.16308156,  0.        , ...,  0.01545519,
          0.32237922,  0.50461709],
        ...,
        [-0.76688255, -0.17831037, -0.01545519, ...,  0.        ,
          0.30771067,  0.49121369],
        [-0.92715824, -0.47243813, -0.32237922, ..., -0.30771067,
          0.        ,  0.19935197],
        [-0.98323947, -0.63865694, -0.50461709, ..., -0.49121369,
         -0.19935197,  0.        ]],

       [[ 0.        , -0.0921099 , -0.19727258, ...,  0.94934246,
          0.94991938,  0.95399686],
        [ 0.0921099 ,  0.        , -0.10613412, ...,  0.97425158,
          0.97466502,  0.97755735],
        [ 0.19727258,  0.10613412,  0.        , ...,  0.99267822,
          0.99289892,  0.99439515],
        ...,
        [-0.94934246, -0.97425158, -0.99267822, ...,  0.        ,
          0.00184104,  0.01515858],
        [-0.94991938, -0.97466502, -0.99289892, ..., -0.00184104,
          0.        ,  0.01331772],
        [-0.95399686, -0.97755735, -0.99439515, ..., -0.01515858,
         -0.01331772,  0.        ]],

       [[ 0.        ,  0.10884934,  0.24111727, ...,  0.28167211,
          0.24305401,  0.        ],
        [-0.10884934,  0.        ,  0.13404677, ...,  0.38444059,
          0.3471951 ,  0.10884934],
        [-0.24111727, -0.13404677,  0.        , ...,  0.50471626,
          0.46976978,  0.24111727],
        ...,
        [-0.28167211, -0.38444059, -0.50471626, ...,  0.        ,
          0.04001261,  0.28167211],
        [-0.24305401, -0.3471951 , -0.46976978, ..., -0.04001261,
          0.        ,  0.24305401],
        [-0.        , -0.10884934, -0.24111727, ..., -0.28167211,
         -0.24305401,  0.        ]]]), 'num': array([9.97681855e-01, 6.79471805e-02, 9.15994753e-06, 4.83602528e-08,
       1.17687933e-03, 1.21746138e-03, 1.16528446e-03, 1.80593583e-03,
       0.00000000e+00, 1.14626888e-03, 1.17090798e-03, 1.08489336e-03,
       6.16669853e-07, 1.22983582e-03, 1.11198013e-03])}
{'img': array([[[ 0.        ,  0.01409347,  0.16676328, ...,  0.99406878,
          0.99861738,  0.99861738],
        [-0.01409347,  0.        ,  0.1528506 , ...,  0.99243735,
          0.99925905,  0.99925905],
        [-0.16676328, -0.1528506 ,  0.        , ...,  0.96201277,
          0.99340001,  0.99340001],
        ...,
        [-0.99406878, -0.99243735, -0.96201277, ...,  0.        ,
          0.16085842,  0.16085842],
        [-0.99861738, -0.99925905, -0.99340001, ..., -0.16085842,
          0.        ,  0.        ],
        [-0.99861738, -0.99925905, -0.99340001, ..., -0.16085842,
          0.        ,  0.        ]],

       [[ 0.        , -0.18627677, -0.25168873, ...,  0.01438693,
          0.25969725,  0.25239501],
        [ 0.18627677,  0.        , -0.06700331, ...,  0.20039261,
          0.43503747,  0.42822334],
        [ 0.25168873,  0.06700331,  0.        , ...,  0.26558647,
          0.49439044,  0.4878101 ],
        ...,
        [-0.01438693, -0.20039261, -0.26558647, ...,  0.        ,
          0.24577706,  0.23844775],
        [-0.25969725, -0.43503747, -0.49439044, ..., -0.24577706,
          0.        , -0.007554  ],
        [-0.25239501, -0.42822334, -0.4878101 , ..., -0.23844775,
          0.007554  ,  0.        ]],

       [[ 0.        ,  0.04642914,  0.21651996, ...,  0.9417294 ,
          0.96966718,  0.94579694],
        [-0.04642914,  0.        ,  0.17095871, ...,  0.95633126,
          0.9799701 ,  0.95985524],
        [-0.21651996, -0.17095871,  0.        , ...,  0.992221  ,
          0.99958869,  0.99367764],
        ...,
        [-0.9417294 , -0.95633126, -0.992221  , ...,  0.        ,
         -0.09598229, -0.01230433],
        [-0.96966718, -0.9799701 , -0.99958869, ...,  0.09598229,
          0.        ,  0.0837275 ],
        [-0.94579694, -0.95985524, -0.99367764, ...,  0.01230433,
         -0.0837275 ,  0.        ]],

       ...,

       [[ 0.        ,  0.19000216,  0.78492318, ...,  0.52232975,
          0.69016023,  0.74058958],
        [-0.19000216,  0.        ,  0.65290074, ...,  0.3507917 ,
          0.54009173,  0.59942535],
        [-0.78492318, -0.65290074,  0.        , ..., -0.34570631,
         -0.14039632, -0.06857094],
        ...,
        [-0.52232975, -0.3507917 ,  0.34570631, ...,  0.        ,
          0.21054235,  0.28054955],
        [-0.69016023, -0.54009173,  0.14039632, ..., -0.21054235,
          0.        ,  0.07217408],
        [-0.74058958, -0.59942535,  0.06857094, ..., -0.28054955,
         -0.07217408,  0.        ]],

       [[ 0.        , -0.10613412, -0.19694872, ...,  0.97466502,
          0.97755735,  0.97640004],
        [ 0.10613412,  0.        , -0.09178097, ...,  0.99289892,
          0.99439515,  0.99380693],
        [ 0.19694872,  0.09178097,  0.        , ...,  0.99962647,
          0.99990179,  0.99981104],
        ...,
        [-0.97466502, -0.99289892, -0.99962647, ...,  0.        ,
          0.01331772,  0.00789279],
        [-0.97755735, -0.99439515, -0.99990179, ..., -0.01331772,
          0.        , -0.00542522],
        [-0.97640004, -0.99380693, -0.99981104, ..., -0.00789279,
          0.00542522,  0.        ]],

       [[ 0.        ,  0.21302733,  0.32388016, ...,  0.40718083,
          0.33403586,  0.        ],
        [-0.21302733,  0.        ,  0.11490113, ...,  0.59240249,
          0.5271596 ,  0.21302733],
        [-0.32388016, -0.11490113,  0.        , ...,  0.68104817,
          0.62130729,  0.32388016],
        ...,
        [-0.40718083, -0.59240249, -0.68104817, ...,  0.        ,
          0.07870167,  0.40718083],
        [-0.33403586, -0.5271596 , -0.62130729, ..., -0.07870167,
          0.        ,  0.33403586],
        [-0.        , -0.21302733, -0.32388016, ..., -0.40718083,
         -0.33403586,  0.        ]]]), 'num': array([9.79006977e-01, 2.03797849e-01, 7.41826875e-06, 4.61112789e-08,
       1.16223251e-03, 1.16779343e-03, 1.13442790e-03, 1.27179378e-03,
       3.33655266e-05, 1.12108169e-03, 1.12564165e-03, 1.04426684e-03,
       6.31328101e-07, 1.18439151e-03, 1.06689179e-03])}
{'img': array([[[ 0.        ,  0.1528506 ,  0.1528506 , ...,  0.99925905,
          0.99925905,  0.88757885],
        [-0.1528506 ,  0.        ,  0.        , ...,  0.99340001,
          0.99340001,  0.9475607 ],
        [-0.1528506 ,  0.        ,  0.        , ...,  0.99340001,
          0.99340001,  0.9475607 ],
        ...,
        [-0.99925905, -0.99340001, -0.99340001, ...,  0.        ,
          0.        ,  0.42615319],
        [-0.99925905, -0.99340001, -0.99340001, ...,  0.        ,
          0.        ,  0.42615319],
        [-0.88757885, -0.9475607 , -0.9475607 , ..., -0.42615319,
         -0.42615319,  0.        ]],

       [[ 0.        , -0.06700331,  0.12219208, ...,  0.43503747,
          0.42822334,  0.23722329],
        [ 0.06700331,  0.        ,  0.18841871, ...,  0.49439044,
          0.4878101 ,  0.3017809 ],
        [-0.12219208, -0.18841871,  0.        , ...,  0.32175425,
          0.31459276,  0.11674152],
        ...,
        [-0.43503747, -0.49439044, -0.32175425, ...,  0.        ,
         -0.007554  , -0.20902061],
        [-0.42822334, -0.4878101 , -0.31459276, ...,  0.007554  ,
          0.        , -0.2016275 ],
        [-0.23722329, -0.3017809 , -0.11674152, ...,  0.20902061,
          0.2016275 ,  0.        ]],

       [[ 0.        ,  0.17095871,  0.11697417, ...,  0.9799701 ,
          0.95985524,  0.85501667],
        [-0.17095871,  0.        , -0.05453297, ...,  0.99958869,
          0.99367764,  0.93108855],
        [-0.11697417,  0.05453297,  0.        , ...,  0.99653735,
          0.98607656,  0.90980981],
        ...,
        [-0.9799701 , -0.99958869, -0.99653735, ...,  0.        ,
          0.0837275 ,  0.33794101],
        [-0.95985524, -0.99367764, -0.98607656, ..., -0.0837275 ,
          0.        ,  0.2579528 ],
        [-0.85501667, -0.93108855, -0.90980981, ..., -0.33794101,
         -0.2579528 ,  0.        ]],

       ...,

       [[ 0.        ,  0.65290074,  0.42578041, ...,  0.54009173,
          0.59942535,  0.71595133],
        [-0.65290074,  0.        , -0.26825731, ..., -0.14039632,
         -0.06857094,  0.0864699 ],
        [-0.42578041,  0.26825731,  0.        , ...,  0.13034992,
          0.20156827,  0.35055309],
        ...,
        [-0.54009173,  0.14039632, -0.13034992, ...,  0.        ,
          0.07217408,  0.2254839 ],
        [-0.59942535,  0.06857094, -0.20156827, ..., -0.07217408,
          0.        ,  0.15458048],
        [-0.71595133, -0.0864699 , -0.35055309, ..., -0.2254839 ,
         -0.15458048,  0.        ]],

       [[ 0.        , -0.09178097, -0.18968819, ...,  0.99439515,
          0.99380693,  0.99965987],
        [ 0.09178097,  0.        , -0.09877293, ...,  0.99990179,
          0.99981104,  0.99783414],
        [ 0.18968819,  0.09877293,  0.        , ...,  0.99639653,
          0.99684202,  0.98645743],
        ...,
        [-0.99439515, -0.99990179, -0.99639653, ...,  0.        ,
         -0.00542522,  0.07975789],
        [-0.99380693, -0.99981104, -0.99684202, ...,  0.00542522,
          0.        ,  0.08516465],
        [-0.99965987, -0.99783414, -0.98645743, ..., -0.07975789,
         -0.08516465,  0.        ]],

       [[ 0.        ,  0.24806722,  0.36663969, ...,  0.34452742,
          0.0800669 ,  0.        ],
        [-0.24806722,  0.        ,  0.124387  , ...,  0.56663809,
          0.32483503,  0.24806722],
        [-0.36663969, -0.124387  ,  0.        , ...,  0.66472821,
          0.43995387,  0.36663969],
        ...,
        [-0.34452742, -0.56663809, -0.66472821, ...,  0.        ,
          0.26825641,  0.34452742],
        [-0.0800669 , -0.32483503, -0.43995387, ..., -0.26825641,
          0.        ,  0.0800669 ],
        [-0.        , -0.24806722, -0.36663969, ..., -0.34452742,
         -0.0800669 ,  0.        ]]]), 'num': array([ 9.92625707e-01,  1.21153773e-01,  8.67136206e-06,  7.66438040e-08,
        1.17290967e-03,  1.20208653e-03,  1.16474015e-03,  2.23611436e-03,
       -4.66829721e-05,  1.18574749e-03,  1.17886175e-03,  1.09881991e-03,
        5.67505910e-07,  1.23800329e-03,  1.11972021e-03])}
{'img': array([[[ 0.        ,  0.        , -0.1528506 , ...,  0.99340001,
          0.9475607 ,  0.9748596 ],
        [ 0.        ,  0.        , -0.1528506 , ...,  0.99340001,
          0.9475607 ,  0.9748596 ],
        [ 0.1528506 ,  0.1528506 ,  0.        , ...,  0.99925905,
          0.88757885,  0.9974625 ],
        ...,
        [-0.99340001, -0.99340001, -0.99925905, ...,  0.        ,
          0.42615319, -0.10953165],
        [-0.9475607 , -0.9475607 , -0.88757885, ..., -0.42615319,
          0.        , -0.52267708],
        [-0.9748596 , -0.9748596 , -0.9974625 , ...,  0.10953165,
          0.52267708,  0.        ]],

       [[ 0.        ,  0.18841871,  0.27282526, ...,  0.4878101 ,
          0.3017809 ,  0.61793846],
        [-0.18841871,  0.        ,  0.08666785, ...,  0.31459276,
          0.11674152,  0.45873066],
        [-0.27282526, -0.08666785,  0.        , ...,  0.23114159,
          0.03022702,  0.37999366],
        ...,
        [-0.4878101 , -0.31459276, -0.23114159, ...,  0.        ,
         -0.2016275 ,  0.15590003],
        [-0.3017809 , -0.11674152, -0.03022702, ...,  0.2016275 ,
          0.        ,  0.35186037],
        [-0.61793846, -0.45873066, -0.37999366, ..., -0.15590003,
         -0.35186037,  0.        ]],

       [[ 0.        , -0.05453297,  0.02492913, ...,  0.99367764,
          0.93108855,  0.87612609],
        [ 0.05453297,  0.        ,  0.07940805, ...,  0.98607656,
          0.90980981,  0.84853302],
        [-0.02492913, -0.07940805,  0.        , ...,  0.99616764,
          0.93989317,  0.88787169],
        ...,
        [-0.99367764, -0.98607656, -0.99616764, ...,  0.        ,
          0.2579528 ,  0.38067073],
        [-0.93108855, -0.90980981, -0.93989317, ..., -0.2579528 ,
          0.        ,  0.12925618],
        [-0.87612609, -0.84853302, -0.88787169, ..., -0.38067073,
         -0.12925618,  0.        ]],

       ...,

       [[ 0.        , -0.26825731, -0.37982889, ..., -0.06857094,
          0.0864699 , -0.2692476 ],
        [ 0.26825731,  0.        , -0.1177539 , ...,  0.20156827,
          0.35055309, -0.00102811],
        [ 0.37982889,  0.1177539 ,  0.        , ...,  0.31550286,
          0.45839579,  0.11673288],
        ...,
        [ 0.06857094, -0.20156827, -0.31550286, ...,  0.        ,
          0.15458048, -0.20257517],
        [-0.0864699 , -0.35055309, -0.45839579, ..., -0.15458048,
          0.        , -0.35151577],
        [ 0.2692476 ,  0.00102811, -0.11673288, ...,  0.20257517,
          0.35151577,  0.        ]],

       [[ 0.        , -0.09877293, -0.25650547, ...,  0.99981104,
          0.99783414,  0.99984645],
        [ 0.09877293,  0.        , -0.15978289, ...,  0.99684202,
          0.98645743,  0.99668804],
        [ 0.25650547,  0.15978289,  0.        , ...,  0.97134637,
          0.94757642,  0.97088921],
        ...,
        [-0.99981104, -0.99684202, -0.97134637, ...,  0.        ,
          0.08516465,  0.001916  ],
        [-0.99783414, -0.98645743, -0.94757642, ..., -0.08516465,
          0.        , -0.08325545],
        [-0.99984645, -0.99668804, -0.97088921, ..., -0.001916  ,
          0.08325545,  0.        ]],

       [[ 0.        ,  0.27637843,  0.45053041, ...,  0.10194245,
          0.06244199,  0.        ],
        [-0.27637843,  0.        ,  0.18624184, ...,  0.37291026,
          0.3358489 ,  0.27637843],
        [-0.45053041, -0.18624184,  0.        , ...,  0.53919353,
          0.50539702,  0.45053041],
        ...,
        [-0.10194245, -0.37291026, -0.53919353, ...,  0.        ,
          0.03962684,  0.10194245],
        [-0.06244199, -0.3358489 , -0.50539702, ..., -0.03962684,
          0.        ,  0.06244199],
        [-0.        , -0.27637843, -0.45053041, ..., -0.10194245,
         -0.06244199,  0.        ]]]), 'num': array([ 7.31581493e-01,  6.81748866e-01,  4.99825746e-07,  2.44074443e-08,
        8.59183222e-04,  8.70386213e-04,  8.55736148e-04,  1.03777613e-03,
       -6.89414822e-06,  8.75039763e-04,  8.69481356e-04,  8.13308411e-04,
        4.27263388e-07,  9.13231622e-04,  8.25731090e-04])}
{'img': array([[[ 0.        , -0.1528506 , -0.08627775, ...,  0.9475607 ,
          0.9748596 ,  0.95329961],
        [ 0.1528506 ,  0.        ,  0.06701672, ...,  0.88757885,
          0.9974625 ,  0.98826257],
        [ 0.08627775, -0.06701672,  0.        , ...,  0.91645508,
          0.99044888,  0.97580302],
        ...,
        [-0.9475607 , -0.88757885, -0.91645508, ...,  0.        ,
         -0.52267708, -0.59083973],
        [-0.9748596 , -0.9974625 , -0.99044888, ...,  0.52267708,
          0.        , -0.08201894],
        [-0.95329961, -0.98826257, -0.97580302, ...,  0.59083973,
          0.08201894,  0.        ]],

       [[ 0.        ,  0.08666785, -0.25255287, ...,  0.11674152,
          0.45873066,  0.14841534],
        [-0.08666785,  0.        , -0.33546093, ...,  0.03022702,
          0.37999366,  0.06214888],
        [ 0.25255287,  0.33546093,  0.        , ...,  0.36378312,
          0.66827229,  0.39336005],
        ...,
        [-0.11674152, -0.03022702, -0.36378312, ...,  0.        ,
          0.35186037,  0.0319519 ],
        [-0.45873066, -0.37999366, -0.66827229, ..., -0.35186037,
          0.        , -0.32177205],
        [-0.14841534, -0.06214888, -0.39336005, ..., -0.0319519 ,
          0.32177205,  0.        ]],

       [[ 0.        ,  0.07940805,  0.10759537, ...,  0.90980981,
          0.84853302,  0.85402122],
        [-0.07940805,  0.        ,  0.02830854, ...,  0.93989317,
          0.88787169,  0.89263549],
        [-0.10759537, -0.02830854,  0.        , ...,  0.94918297,
          0.90054037,  0.90503865],
        ...,
        [-0.90980981, -0.93989317, -0.94918297, ...,  0.        ,
          0.12925618,  0.11887726],
        [-0.84853302, -0.88787169, -0.90054037, ..., -0.12925618,
          0.        , -0.01045959],
        [-0.85402122, -0.89263549, -0.90503865, ..., -0.11887726,
          0.01045959,  0.        ]],

       ...,

       [[ 0.        , -0.1177539 ,  0.09114662, ...,  0.35055309,
         -0.00102811,  0.0426272 ],
        [ 0.1177539 ,  0.        ,  0.20777624, ...,  0.45839579,
          0.11673288,  0.1599775 ],
        [-0.09114662, -0.20777624,  0.        , ...,  0.26373119,
         -0.0921704 , -0.048614  ],
        ...,
        [-0.35055309, -0.45839579, -0.26373119, ...,  0.        ,
         -0.35151577, -0.31031225],
        [ 0.00102811, -0.11673288,  0.0921704 , ...,  0.35151577,
          0.        ,  0.04365436],
        [-0.0426272 , -0.1599775 ,  0.048614  , ...,  0.31031225,
         -0.04365436,  0.        ]],

       [[ 0.        , -0.15978289, -0.30521117, ...,  0.98645743,
          0.99668804,  0.99808046],
        [ 0.15978289,  0.        , -0.14913107, ...,  0.94757642,
          0.97088921,  0.97536185],
        [ 0.30521117,  0.14913107,  0.        , ...,  0.88932835,
          0.92431097,  0.93155483],
        ...,
        [-0.98645743, -0.94757642, -0.88932835, ...,  0.        ,
         -0.08325545, -0.10261073],
        [-0.99668804, -0.97088921, -0.92431097, ...,  0.08325545,
          0.        , -0.01943849],
        [-0.99808046, -0.97536185, -0.93155483, ...,  0.10261073,
          0.01943849,  0.        ]],

       [[ 0.        ,  0.2061711 ,  0.32882916, ...,  0.29229705,
          0.23183046,  0.40345879],
        [-0.2061711 ,  0.        ,  0.12705877, ...,  0.48318444,
          0.42740402,  0.58343697],
        [-0.32882916, -0.12705877,  0.        , ...,  0.59051064,
          0.53880884,  0.68190018],
        ...,
        [-0.29229705, -0.48318444, -0.59051064, ...,  0.        ,
          0.06262791, -0.1183876 ],
        [-0.23183046, -0.42740402, -0.53880884, ..., -0.06262791,
          0.        , -0.18034268],
        [-0.40345879, -0.58343697, -0.68190018, ...,  0.1183876 ,
          0.18034268,  0.        ]]]), 'num': array([ 7.27938521e-01,  6.85636832e-01,  4.29023208e-07,  2.38064251e-08,
        8.46033766e-04,  8.62336648e-04,  8.44317673e-04,  1.34820543e-03,
       -9.43851057e-06,  8.66283661e-04,  8.64267252e-04,  8.11568901e-04,
        3.58391338e-07,  9.08410801e-04,  8.20123703e-04])}
{'img': array([[[ 0.        ,  0.06701672,  0.02746303, ...,  0.9974625 ,
          0.98826257,  0.9662783 ],
        [-0.06701672,  0.        , -0.03959015, ...,  0.99044888,
          0.97580302,  0.94684916],
        [-0.02746303,  0.03959015,  0.        , ...,  0.99513108,
          0.98369443,  0.95884211],
        ...,
        [-0.9974625 , -0.99044888, -0.99513108, ...,  0.        ,
         -0.08201894, -0.1880535 ],
        [-0.98826257, -0.97580302, -0.98369443, ...,  0.08201894,
          0.        , -0.10686428],
        [-0.9662783 , -0.94684916, -0.95884211, ...,  0.1880535 ,
          0.10686428,  0.        ]],

       [[ 0.        , -0.33546093, -0.29740022, ...,  0.37999366,
          0.06214888,  0.23721391],
        [ 0.33546093,  0.        ,  0.04011519, ...,  0.66827229,
          0.39336005,  0.54935435],
        [ 0.29740022, -0.04011519,  0.        , ...,  0.63789201,
          0.35616214,  0.51539233],
        ...,
        [-0.37999366, -0.66827229, -0.63789201, ...,  0.        ,
         -0.32177205, -0.14972739],
        [-0.06214888, -0.39336005, -0.35616214, ...,  0.32177205,
          0.        ,  0.17638035],
        [-0.23721391, -0.54935435, -0.51539233, ...,  0.14972739,
         -0.17638035,  0.        ]],

       [[ 0.        ,  0.02830854,  0.03740146, ...,  0.88787169,
          0.89263549,  0.93126734],
        [-0.02830854,  0.        ,  0.00909774, ...,  0.90054037,
          0.90503865,  0.94120795],
        [-0.03740146, -0.00909774,  0.        , ...,  0.90445854,
          0.90887073,  0.94424247],
        ...,
        [-0.88787169, -0.90054037, -0.90445854, ...,  0.        ,
         -0.01045959, -0.10498373],
        [-0.89263549, -0.90503865, -0.90887073, ...,  0.01045959,
          0.        , -0.09457619],
        [-0.93126734, -0.94120795, -0.94424247, ...,  0.10498373,
          0.09457619,  0.        ]],

       ...,

       [[ 0.        ,  0.20777624,  0.37372549, ...,  0.11673288,
          0.1599775 , -0.22690518],
        [-0.20777624,  0.        ,  0.17284881, ..., -0.0921704 ,
         -0.048614  , -0.42431007],
        [-0.37372549, -0.17284881,  0.        , ..., -0.26289612,
         -0.22052672, -0.57444104],
        ...,
        [-0.11673288,  0.0921704 ,  0.26289612, ...,  0.        ,
          0.04365436, -0.33904203],
        [-0.1599775 ,  0.048614  ,  0.22052672, ..., -0.04365436,
          0.        , -0.37978758],
        [ 0.22690518,  0.42431007,  0.57444104, ...,  0.33904203,
          0.37978758,  0.        ]],

       [[ 0.        , -0.14913107, -0.33613867, ...,  0.97088921,
          0.97536185,  0.97922188],
        [ 0.14913107,  0.        , -0.19192627, ...,  0.92431097,
          0.93155483,  0.93802911],
        [ 0.33613867,  0.19192627,  0.        , ...,  0.83388065,
          0.84445206,  0.85407724],
        ...,
        [-0.97088921, -0.92431097, -0.83388065, ...,  0.        ,
         -0.01943849, -0.03766365],
        [-0.97536185, -0.93155483, -0.84445206, ...,  0.01943849,
          0.        , -0.01823184],
        [-0.97922188, -0.93802911, -0.85407724, ...,  0.03766365,
          0.01823184,  0.        ]],

       [[ 0.        ,  0.12705877,  0.24224795, ...,  0.42740402,
          0.58343697,  0.68307649],
        [-0.12705877,  0.        ,  0.11701034, ...,  0.53880884,
          0.68190018,  0.77033726],
        [-0.24224795, -0.11701034,  0.        , ...,  0.63368039,
          0.76280265,  0.83965566],
        ...,
        [-0.42740402, -0.53880884, -0.63368039, ...,  0.        ,
         -0.18034268, -0.30538946],
        [-0.58343697, -0.68190018, -0.76280265, ...,  0.18034268,
          0.        , -0.12865498],
        [-0.68307649, -0.77033726, -0.83965566, ...,  0.30538946,
          0.12865498,  0.        ]]]), 'num': array([7.24891451e-01, 6.88858261e-01, 3.58539206e-07, 2.31030523e-08,
       8.57933100e-04, 8.66469748e-04, 8.48542787e-04, 9.25850670e-04,
       1.62196307e-05, 8.60152628e-04, 8.59853846e-04, 8.09629901e-04,
       4.13576724e-07, 9.03771974e-04, 8.15935717e-04])}
{'img': array([[[ 0.        , -0.03959015, -0.02619648, ...,  0.97580302,
          0.94684916,  0.99044888],
        [ 0.03959015,  0.        ,  0.01340062, ...,  0.98369443,
          0.95884211,  0.99513108],
        [ 0.02619648, -0.01340062,  0.        , ...,  0.98119603,
          0.95495105,  0.99372095],
        ...,
        [-0.97580302, -0.98369443, -0.98119603, ...,  0.        ,
         -0.10686428,  0.08201894],
        [-0.94684916, -0.95884211, -0.95495105, ...,  0.10686428,
          0.        ,  0.1880535 ],
        [-0.99044888, -0.99513108, -0.99372095, ..., -0.08201894,
