state_0,state_1,state_2,state_3,state_4,state_5,state_6,state_7,state_8,state_9,state_10,state_11,state_12,state_13,state_14,state_15,state_16,state_17,state_18,state_19,state_20,state_21,state_22,state_23,state_24,state_25,state_26,state_27,state_28,state_29,state_30,state_31,state_32,state_33,state_34,state_35,state_36,state_37,state_38,state_39,state_40,state_41,state_42,state_43,state_44,state_45,state_46,state_47,state_48,state_49,state_50,state_51,state_52,state_53,state_54,state_55,state_56,state_57,state_58,state_59,state_60,state_61,state_62,state_63,state_64,state_65,state_66,state_67,state_68,state_69,state_70,state_71,state_72,state_73,state_74,state_75,state_76,state_77,state_78,state_79,state_80,state_81,state_82,state_83,state_84,state_85,state_86,state_87,state_88,state_89,state_90,state_91,state_92,state_93,state_94,state_95,state_96,state_97,state_98,state_99,state_100,state_101,state_102,state_103,state_104,state_105,state_106,state_107,state_108,state_109,state_110,state_111,state_112,state_113,state_114,state_115,state_116,state_117,state_118,state_119,state_120,state_121,state_122,state_123,state_124,state_125,state_126,state_127,state_128,state_129,state_130,state_131,state_132,state_133,state_134,state_135,state_136,state_137,state_138,state_139,state_140,state_141,state_142,state_143,state_144,state_145,state_146,state_147,state_148,state_149,state_150,state_151,state_152,state_153,state_154,state_155,state_156,state_157,state_158,state_159,state_160,state_161,state_162,state_163,state_164,state_165,state_166,state_167,state_168,state_169,state_170,state_171,state_172,state_173,state_174,state_175,state_176,state_177,state_178,state_179,state_180,state_181,state_182,state_183,state_184,state_185,state_186,state_187,state_188,state_189,state_190,state_191,state_192,state_193,state_194,state_195,state_196,state_197,state_198,state_199,state_200,state_201,state_202,state_203,state_204,state_205,state_206,state_207,state_208,state_209,state_210,state_211,state_212,state_213,state_214,state_215,state_216,state_217,state_218,state_219,state_220,state_221,state_222,state_223,state_224,state_225,state_226,state_227,state_228,state_229,state_230,state_231,state_232,state_233,state_234,state_235,state_236,state_237,state_238,state_239,state_240,state_241,state_242,state_243,state_244,state_245,state_246,state_247,state_248,state_249,state_250,state_251,state_252,state_253,state_254,state_255,state_256,state_257,state_258,state_259,state_260,state_261,state_262,state_263,state_264,state_265,state_266,state_267,state_268,state_269,state_270,state_271,state_272,state_273,state_274,state_275,state_276,state_277,state_278,state_279,state_280,state_281,state_282,state_283,state_284,state_285,state_286,state_287
{'img': array([[[ 0.00000000e+00,  5.85359433e-01,  3.90518647e-01, ...,
         -9.47021257e-01, -8.21290445e-01, -5.79819721e-01],
        [-5.85359433e-01,  0.00000000e+00, -2.22256647e-01, ...,
         -9.55820536e-01, -9.99834453e-01, -9.47021257e-01],
        [-3.90518647e-01,  2.22256647e-01,  0.00000000e+00, ...,
         -9.97246271e-01, -9.78870803e-01, -8.51952183e-01],
        ...,
        [ 9.47021257e-01,  9.55820536e-01,  9.97246271e-01, ...,
          0.00000000e+00,  2.76510804e-01,  5.85359433e-01],
        [ 8.21290445e-01,  9.99834453e-01,  9.78870803e-01, ...,
         -2.76510804e-01,  0.00000000e+00,  3.38348996e-01],
        [ 5.79819721e-01,  9.47021257e-01,  8.51952183e-01, ...,
         -5.85359433e-01, -3.38348996e-01,  0.00000000e+00]],

       [[ 0.00000000e+00,  7.27745207e-01,  4.04550267e-01, ...,
          2.23050962e-02,  2.79263634e-01,  2.89790610e-01],
        [-7.27745207e-01,  0.00000000e+00, -3.88074639e-01, ...,
         -7.12266255e-01, -5.07259187e-01, -4.97765521e-01],
        [-4.04550267e-01,  3.88074639e-01,  0.00000000e+00, ...,
         -3.84051257e-01, -1.33064024e-01, -1.22172963e-01],
        ...,
        [-2.23050962e-02,  7.12266255e-01,  3.84051257e-01, ...,
          0.00000000e+00,  2.57776480e-01,  2.68370527e-01],
        [-2.79263634e-01,  5.07259187e-01,  1.33064024e-01, ...,
         -2.57776480e-01,  0.00000000e+00,  1.09806851e-02],
        [-2.89790610e-01,  4.97765521e-01,  1.22172963e-01, ...,
         -2.68370527e-01, -1.09806851e-02,  0.00000000e+00]],

       [[ 0.00000000e+00,  3.01936437e-01,  4.82762169e-01, ...,
         -9.99999750e-01, -9.48345877e-01, -8.21704652e-01],
        [-3.01936437e-01,  0.00000000e+00,  1.95809434e-01, ...,
         -9.53541178e-01, -9.99870516e-01, -9.55431770e-01],
        [-4.82762169e-01, -1.95809434e-01,  0.00000000e+00, ...,
         -8.76092415e-01, -9.83665942e-01, -9.94741787e-01],
        ...,
        [ 9.99999750e-01,  9.53541178e-01,  8.76092415e-01, ...,
          0.00000000e+00,  3.16568026e-01,  5.69332777e-01],
        [ 9.48345877e-01,  9.99870516e-01,  9.83665942e-01, ...,
         -3.16568026e-01,  0.00000000e+00,  2.79799042e-01],
        [ 8.21704652e-01,  9.55431770e-01,  9.94741787e-01, ...,
         -5.69332777e-01, -2.79799042e-01,  0.00000000e+00]],

       ...,

       [[ 0.00000000e+00,  4.56568972e-01,  4.04214606e-04, ...,
         -9.99953236e-01, -8.99333224e-01, -7.28647063e-01],
        [-4.56568972e-01,  0.00000000e+00, -4.56209310e-01, ...,
         -8.94061846e-01, -9.99767143e-01, -9.60967801e-01],
        [-4.04214606e-04,  4.56209310e-01,  0.00000000e+00, ...,
         -9.99957063e-01, -8.99509899e-01, -7.28923845e-01],
        ...,
        [ 9.99953236e-01,  8.94061846e-01,  9.99957063e-01, ...,
          0.00000000e+00,  4.28546133e-01,  6.77810679e-01],
        [ 8.99333224e-01,  9.99767143e-01,  8.99509899e-01, ...,
         -4.28546133e-01,  0.00000000e+00,  2.97332686e-01],
        [ 7.28647063e-01,  9.60967801e-01,  7.28923845e-01, ...,
         -6.77810679e-01, -2.97332686e-01,  0.00000000e+00]],

       [[ 0.00000000e+00,  1.69078706e-01,  3.58443383e-01, ...,
         -7.93599486e-01, -8.67891109e-01, -9.55119429e-01],
        [-1.69078706e-01,  0.00000000e+00,  1.95439038e-01, ...,
         -8.85048013e-01, -9.39386299e-01, -9.91452809e-01],
        [-3.58443383e-01, -1.95439038e-01,  0.00000000e+00, ...,
         -9.58957439e-01, -9.88279378e-01, -9.97831599e-01],
        ...,
        [ 7.93599486e-01,  8.85048013e-01,  9.58957439e-01, ...,
          0.00000000e+00, -1.33836004e-01, -3.46052527e-01],
        [ 8.67891109e-01,  9.39386299e-01,  9.88279378e-01, ...,
          1.33836004e-01,  0.00000000e+00, -2.17372299e-01],
        [ 9.55119429e-01,  9.91452809e-01,  9.97831599e-01, ...,
          3.46052527e-01,  2.17372299e-01,  0.00000000e+00]],

       [[ 0.00000000e+00, -1.24468469e-01, -2.17442032e-01, ...,
         -6.76716858e-01, -7.53389746e-01, -7.38044586e-01],
        [ 1.24468469e-01,  0.00000000e+00, -9.42607668e-02, ...,
         -5.79815328e-01, -6.65683799e-01, -6.48319888e-01],
        [ 2.17442032e-01,  9.42607668e-02,  0.00000000e+00, ...,
         -5.00434960e-01, -5.92379287e-01, -5.73666133e-01],
        ...,
        [ 6.76716858e-01,  5.79815328e-01,  5.00434960e-01, ...,
          0.00000000e+00, -1.09686624e-01, -8.67644127e-02],
        [ 7.53389746e-01,  6.65683799e-01,  5.92379287e-01, ...,
          1.09686624e-01,  0.00000000e+00,  2.30320848e-02],
        [ 7.38044586e-01,  6.48319888e-01,  5.73666133e-01, ...,
          8.67644127e-02, -2.30320848e-02,  0.00000000e+00]]]), 'num': array([7.04939609e-01, 7.04939609e-01, 0.00000000e+00, 0.00000000e+00,
       1.74194288e-02, 1.74565309e-02, 1.73452246e-02, 6.09162433e-02,
       1.85510424e-05, 1.72339183e-02, 1.72098020e-02, 1.77276853e-02,
       1.06973164e-05, 1.77888917e-02, 1.66307123e-02])}
{'img': array([[[ 0.        , -0.22225665,  0.21442963, ..., -0.99983445,
         -0.94702126, -0.93947323],
        [ 0.22225665,  0.        ,  0.42615319, ..., -0.9788708 ,
         -0.85195218, -0.83982523],
        [-0.21442963, -0.42615319,  0.        , ..., -0.97267614,
         -0.99386157, -0.99108893],
        ...,
        [ 0.99983445,  0.9788708 ,  0.97267614, ...,  0.        ,
          0.338349  ,  0.35965953],
        [ 0.94702126,  0.85195218,  0.99386157, ..., -0.338349  ,
          0.        ,  0.02273916],
        [ 0.93947323,  0.83982523,  0.99108893, ..., -0.35965953,
         -0.02273916,  0.        ]],

       [[ 0.        , -0.38807464, -0.25492374, ..., -0.50725919,
         -0.49776552, -0.87578821],
        [ 0.38807464,  0.        ,  0.14030826, ..., -0.13306402,
         -0.12217296, -0.61982899],
        [ 0.25492374, -0.14030826,  0.        , ..., -0.2708083 ,
         -0.2602216 , -0.72380263],
        ...,
        [ 0.50725919,  0.13306402,  0.2708083 , ...,  0.        ,
          0.01098069, -0.50989687],
        [ 0.49776552,  0.12217296,  0.2602216 , ..., -0.01098069,
          0.        , -0.51931211],
        [ 0.87578821,  0.61982899,  0.72380263, ...,  0.50989687,
          0.51931211,  0.        ]],

       [[ 0.        ,  0.19580943,  0.34200847, ..., -0.99987052,
         -0.95543177, -0.92753608],
        [-0.19580943,  0.        ,  0.15138635, ..., -0.98366594,
         -0.99474179, -0.98276137],
        [-0.34200847, -0.15138635,  0.        , ..., -0.94507877,
         -0.99878125, -0.99942282],
        ...,
        [ 0.99987052,  0.98366594,  0.94507877, ...,  0.        ,
          0.27979904,  0.35875938],
        [ 0.95543177,  0.99474179,  0.99878125, ..., -0.27979904,
          0.        ,  0.08325718],
        [ 0.92753608,  0.98276137,  0.99942282, ..., -0.35875938,
         -0.08325718,  0.        ]],

       ...,

       [[ 0.        , -0.45620931,  0.15422642, ..., -0.99976714,
         -0.9609678 , -0.92395413],
        [ 0.45620931,  0.        ,  0.58799286, ..., -0.8995099 ,
         -0.72892385, -0.64769981],
        [-0.15422642, -0.58799286,  0.        , ..., -0.98447738,
         -0.99213865, -0.97189162],
        ...,
        [ 0.99976714,  0.8995099 ,  0.98447738, ...,  0.        ,
          0.29733269,  0.40235237],
        [ 0.9609678 ,  0.72892385,  0.99213865, ..., -0.29733269,
          0.        ,  0.11195198],
        [ 0.92395413,  0.64769981,  0.97189162, ..., -0.40235237,
         -0.11195198,  0.        ]],

       [[ 0.        ,  0.18251088,  0.4502911 , ..., -0.8132306 ,
         -0.83752968, -0.99849389],
        [-0.18251088,  0.        ,  0.27976729, ..., -0.90578211,
         -0.92318484, -0.99173613],
        [-0.4502911 , -0.27976729,  0.        , ..., -0.98816192,
         -0.9938504 , -0.91624138],
        ...,
        [ 0.8132306 ,  0.90578211,  0.98816192, ...,  0.        ,
         -0.04305077, -0.53644876],
        [ 0.83752968,  0.92318484,  0.9938504 , ...,  0.04305077,
          0.        , -0.49961945],
        [ 0.99849389,  0.99173613,  0.91624138, ...,  0.53644876,
          0.49961945,  0.        ]],

       [[ 0.        , -0.09426077, -0.25550527, ..., -0.6656838 ,
         -0.64831989, -0.46205127],
        [ 0.09426077,  0.        , -0.16323561, ..., -0.59237929,
         -0.57366613, -0.37639854],
        [ 0.25550527,  0.16323561,  0.        , ..., -0.45292149,
         -0.43226708, -0.22011903],
        ...,
        [ 0.6656838 ,  0.59237929,  0.45292149, ...,  0.        ,
          0.02303208,  0.24556548],
        [ 0.64831989,  0.57366613,  0.43226708, ..., -0.02303208,
          0.        ,  0.2231735 ],
        [ 0.46205127,  0.37639854,  0.22011903, ..., -0.24556548,
         -0.2231735 ,  0.        ]]]), 'num': array([ 9.90068894e-01,  1.13986759e-02,  1.04894986e-05, -3.67822549e-09,
        2.44667555e-02,  2.46503217e-02,  2.42831892e-02,  1.21827397e-01,
       -1.57342479e-04,  2.43828395e-02,  2.43120354e-02,  2.50353737e-02,
        1.53457479e-05,  2.51069047e-02,  2.35171660e-02])}
{'img': array([[[ 0.        ,  0.42615319,  0.2587034 , ..., -0.85195218,
         -0.83982523, -0.90705777],
        [-0.42615319,  0.        , -0.17760928, ..., -0.99386157,
         -0.99108893, -0.99998386],
        [-0.2587034 ,  0.17760928,  0.        , ..., -0.95841118,
         -0.95167381, -0.98509436],
        ...,
        [ 0.85195218,  0.99386157,  0.95841118, ...,  0.        ,
          0.02273916, -0.11627609],
        [ 0.83982523,  0.99108893,  0.95167381, ..., -0.02273916,
          0.        , -0.13883094],
        [ 0.90705777,  0.99998386,  0.98509436, ...,  0.11627609,
          0.13883094,  0.        ]],

       [[ 0.        ,  0.14030826, -0.20748765, ..., -0.12217296,
         -0.61982899, -0.30014249],
        [-0.14030826,  0.        , -0.34268997, ..., -0.2602216 ,
         -0.72380263, -0.4310127 ],
        [ 0.20748765,  0.34268997,  0.        , ...,  0.08641913,
         -0.44351683, -0.09568938],
        ...,
        [ 0.12217296,  0.2602216 , -0.08641913, ...,  0.        ,
         -0.51931211, -0.18135396],
        [ 0.61982899,  0.72380263,  0.44351683, ...,  0.51931211,
          0.        ,  0.3557185 ],
        [ 0.30014249,  0.4310127 ,  0.09568938, ...,  0.18135396,
         -0.3557185 ,  0.        ]],

       [[ 0.        ,  0.15138635,  0.30884162, ..., -0.99474179,
         -0.98276137, -0.97703744],
        [-0.15138635,  0.        ,  0.16129652, ..., -0.99878125,
         -0.99942282, -0.9980323 ],
        [-0.30884162, -0.16129652,  0.        , ..., -0.97774226,
         -0.99181578, -0.99507765],
        ...,
        [ 0.99474179,  0.99878125,  0.97774226, ...,  0.        ,
          0.08325718,  0.11188429],
        [ 0.98276137,  0.99942282,  0.99181578, ..., -0.08325718,
          0.        ,  0.02876141],
        [ 0.97703744,  0.9980323 ,  0.99507765, ..., -0.11188429,
         -0.02876141,  0.        ]],

       ...,

       [[ 0.        ,  0.58799286, -0.10365026, ..., -0.72892385,
         -0.64769981, -0.62361292],
        [-0.58799286,  0.        , -0.668665  , ..., -0.99213865,
         -0.97189162, -0.96407295],
        [ 0.10365026,  0.668665  ,  0.        , ..., -0.6540393 ,
         -0.5652405 , -0.53922716],
        ...,
        [ 0.72892385,  0.99213865,  0.6540393 , ...,  0.        ,
          0.11195198,  0.14290188],
        [ 0.64769981,  0.97189162,  0.5652405 , ..., -0.11195198,
          0.        ,  0.03120054],
        [ 0.62361292,  0.96407295,  0.53922716, ..., -0.14290188,
         -0.03120054,  0.        ]],

       [[ 0.        ,  0.27385915,  0.48490973, ..., -0.8936776 ,
         -0.98378971, -0.98834052],
        [-0.27385915,  0.        ,  0.22686413, ..., -0.98239538,
         -0.9952893 , -0.90885835],
        [-0.48490973, -0.22686413,  0.        , ..., -0.99916212,
         -0.94734417, -0.79053502],
        ...,
        [ 0.8936776 ,  0.98239538,  0.99916212, ...,  0.        ,
         -0.28117636, -0.57954904],
        [ 0.98378971,  0.9952893 ,  0.94734417, ...,  0.28117636,
          0.        , -0.32702665],
        [ 0.98834052,  0.90885835,  0.79053502, ...,  0.57954904,
          0.32702665,  0.        ]],

       [[ 0.        , -0.16323561, -0.2722791 , ..., -0.57366613,
         -0.37639854, -0.34738499],
        [ 0.16323561,  0.        , -0.11155875, ..., -0.43226708,
         -0.22011903, -0.18965583],
        [ 0.2722791 ,  0.11155875,  0.        , ..., -0.32897118,
         -0.10992246, -0.07893793],
        ...,
        [ 0.57366613,  0.43226708,  0.32897118, ...,  0.        ,
          0.2231735 ,  0.25340039],
        [ 0.37639854,  0.22011903,  0.10992246, ..., -0.2231735 ,
          0.        ,  0.03111987],
        [ 0.34738499,  0.18965583,  0.07893793, ..., -0.25340039,
         -0.03111987,  0.        ]]]), 'num': array([ 9.21297911e-01,  1.01550378e-02,  9.34505511e-06, -1.50830419e-07,
        2.27785718e-02,  2.28486597e-02,  2.20309674e-02,  3.83650491e-01,
        9.81230786e-04,  2.20029323e-02,  2.16746872e-02,  2.23011953e-02,
        1.52365029e-05,  2.24608495e-02,  2.08885249e-02])}
{'img': array([[[ 0.        , -0.17760928, -0.49981945, ..., -0.99108893,
         -0.99998386, -0.58678773],
        [ 0.17760928,  0.        , -0.3380402 , ..., -0.95167381,
         -0.98509436, -0.43364096],
        [ 0.49981945,  0.3380402 ,  0.        , ..., -0.79183462,
         -0.86895556, -0.10351003],
        ...,
        [ 0.99108893,  0.95167381,  0.79183462, ...,  0.        ,
         -0.13883094,  0.72436395],
        [ 0.99998386,  0.98509436,  0.86895556, ...,  0.13883094,
          0.        ,  0.8130618 ],
        [ 0.58678773,  0.43364096,  0.10351003, ..., -0.72436395,
         -0.8130618 ,  0.        ]],

       [[ 0.        , -0.25675039, -0.42735532, ..., -0.58102149,
         -0.32721918,  0.93379441],
        [ 0.25675039,  0.        , -0.18090555, ..., -0.35257823,
         -0.07363417,  0.81062367],
        [ 0.42735532,  0.18090555,  0.        , ..., -0.17747264,
          0.10799521,  0.69131635],
        ...,
        [ 0.58102149,  0.35257823,  0.17747264, ...,  0.        ,
          0.28271553,  0.55210897],
        [ 0.32721918,  0.07363417, -0.10799521, ..., -0.28271553,
          0.        ,  0.76530531],
        [-0.93379441, -0.81062367, -0.69131635, ..., -0.55210897,
         -0.76530531,  0.        ]],

       [[ 0.        ,  0.16129652,  0.29481853, ..., -0.99942282,
         -0.9980323 , -0.90549431],
        [-0.16129652,  0.        ,  0.13683076, ..., -0.99181578,
         -0.99507765, -0.96208529],
        [-0.29481853, -0.13683076,  0.        , ..., -0.96501704,
         -0.97215869, -0.99035676],
        ...,
        [ 0.99942282,  0.99181578,  0.96501704, ...,  0.        ,
          0.02876141,  0.39335282],
        [ 0.9980323 ,  0.99507765,  0.97215869, ..., -0.02876141,
          0.        ,  0.36674721],
        [ 0.90549431,  0.96208529,  0.99035676, ..., -0.39335282,
         -0.36674721,  0.        ]],

       ...,

       [[ 0.        , -0.668665  , -0.85602492, ..., -0.97189162,
         -0.96407295, -0.8645651 ],
        [ 0.668665  ,  0.        , -0.2908531 , ..., -0.5652405 ,
         -0.53922716, -0.30684121],
        [ 0.85602492,  0.2908531 ,  0.        , ..., -0.30087154,
         -0.2709702 , -0.01675321],
        ...,
        [ 0.97189162,  0.5652405 ,  0.30087154, ...,  0.        ,
          0.03120054,  0.28485236],
        [ 0.96407295,  0.53922716,  0.2709702 , ..., -0.03120054,
          0.        ,  0.25480573],
        [ 0.8645651 ,  0.30684121,  0.01675321, ..., -0.28485236,
         -0.25480573,  0.        ]],

       [[ 0.        ,  0.22686413,  0.37562534, ..., -0.9952893 ,
         -0.90885835, -0.99322864],
        [-0.22686413,  0.        ,  0.15558021, ..., -0.94734417,
         -0.79053502, -0.99368779],
        [-0.37562534, -0.15558021,  0.        , ..., -0.88598916,
         -0.68562894, -0.96413476],
        ...,
        [ 0.9952893 ,  0.94734417,  0.88598916, ...,  0.        ,
         -0.32702665,  0.21192182],
        [ 0.90885835,  0.79053502,  0.68562894, ...,  0.32702665,
          0.        ,  0.5198681 ],
        [ 0.99322864,  0.99368779,  0.96413476, ..., -0.21192182,
         -0.5198681 ,  0.        ]],

       [[ 0.        , -0.10582569, -0.09502266, ..., -0.20633487,
         -0.17846597, -0.61092049],
        [ 0.10582569,  0.        ,  0.01085776, ..., -0.10162776,
         -0.07333706, -0.52370863],
        [ 0.09502266, -0.01085776,  0.        , ..., -0.11242331,
         -0.08416126, -0.53292746],
        ...,
        [ 0.20633487,  0.10162776,  0.11242331, ...,  0.        ,
          0.02839674, -0.4344207 ],
        [ 0.17846597,  0.07333706,  0.08416126, ..., -0.02839674,
          0.        , -0.45982275],
        [ 0.61092049,  0.52370863,  0.53292746, ...,  0.4344207 ,
          0.45982275,  0.        ]]]), 'num': array([9.88248013e-01, 1.08819596e-02, 1.00139965e-05, 9.45182914e-07,
       2.44341513e-02, 2.45342913e-02, 2.41337314e-02, 1.36765906e-01,
       2.50349911e-05, 2.38383186e-02, 2.32412340e-02, 2.38900575e-02,
       1.79304666e-05, 2.41555118e-02, 2.23269563e-02])}
{'img': array([[[ 0.        , -0.3380402 ,  0.12773565, ..., -0.98509436,
         -0.43364096, -0.41071672],
        [ 0.3380402 ,  0.        ,  0.45548713, ..., -0.86895556,
         -0.10351003, -0.07832596],
        [-0.12773565, -0.45548713,  0.        , ..., -0.99899714,
         -0.54518945, -0.52381687],
        ...,
        [ 0.98509436,  0.86895556,  0.99899714, ...,  0.        ,
          0.8130618 ,  0.82752322],
        [ 0.43364096,  0.10351003,  0.54518945, ..., -0.8130618 ,
          0.        ,  0.0252868 ],
        [ 0.41071672,  0.07832596,  0.52381687, ..., -0.82752322,
         -0.0252868 ,  0.        ]],

       [[ 0.        , -0.18090555, -0.05101274, ..., -0.07363417,
          0.81062367,  0.06741267],
        [ 0.18090555,  0.        ,  0.13049896, ...,  0.10799521,
          0.69131635,  0.24679441],
        [ 0.05101274, -0.13049896,  0.        , ..., -0.02266405,
          0.77969684,  0.11822159],
        ...,
        [ 0.07363417, -0.10799521,  0.02266405, ...,  0.        ,
          0.76530531,  0.14069633],
        [-0.81062367, -0.69131635, -0.77969684, ..., -0.76530531,
          0.        , -0.84825431],
        [-0.06741267, -0.24679441, -0.11822159, ..., -0.14069633,
          0.84825431,  0.        ]],

       [[ 0.        ,  0.13683076,  0.18649052, ..., -0.99507765,
         -0.96208529, -0.84550314],
        [-0.13683076,  0.        ,  0.05030617, ..., -0.97215869,
         -0.99035676, -0.91061429],
        [-0.18649052, -0.05030617,  0.        , ..., -0.95913987,
         -0.99607226, -0.9302507 ],
        ...,
        [ 0.99507765,  0.97215869,  0.95913987, ...,  0.        ,
          0.36674721,  0.61512997],
        [ 0.96208529,  0.99035676,  0.99607226, ..., -0.36674721,
          0.        ,  0.28311517],
        [ 0.84550314,  0.91061429,  0.9302507 , ..., -0.61512997,
         -0.28311517,  0.        ]],

       ...,

       [[ 0.        , -0.56145877, -0.374551  , ..., -0.81613794,
         -0.58092563, -0.08385295],
        [ 0.56145877,  0.        ,  0.21064541, ..., -0.35091503,
         -0.0237156 ,  0.49009268],
        [ 0.374551  , -0.21064541,  0.        , ..., -0.54029129,
         -0.23376964,  0.29548289],
        ...,
        [ 0.81613794,  0.35091503,  0.54029129, ...,  0.        ,
          0.32860888,  0.76480859],
        [ 0.58092563,  0.0237156 ,  0.23376964, ..., -0.32860888,
          0.        ,  0.51062702],
        [ 0.08385295, -0.49009268, -0.29548289, ..., -0.76480859,
         -0.51062702,  0.        ]],

       [[ 0.        ,  0.15558021,  0.38835768, ..., -0.79053502,
         -0.99368779, -0.99529574],
        [-0.15558021,  0.        ,  0.24026023, ..., -0.68562894,
         -0.96413476, -0.99824942],
        [-0.38835768, -0.24026023,  0.        , ..., -0.49064813,
         -0.87212559, -0.95479909],
        ...,
        [ 0.79053502,  0.68562894,  0.49064813, ...,  0.        ,
          0.5198681 ,  0.68612555],
        [ 0.99368779,  0.96413476,  0.87212559, ..., -0.5198681 ,
          0.        ,  0.2079251 ],
        [ 0.99529574,  0.99824942,  0.95479909, ..., -0.68612555,
         -0.2079251 ,  0.        ]],

       [[ 0.        ,  0.00851472,  0.22963051, ..., -0.05574338,
         -0.26331569, -0.64004756],
        [-0.00851472,  0.        ,  0.221335  , ..., -0.06424284,
         -0.27152038, -0.64656651],
        [-0.22963051, -0.221335  ,  0.        , ..., -0.28352726,
         -0.47780612, -0.79937735],
        ...,
        [ 0.05574338,  0.06424284,  0.28352726, ...,  0.        ,
         -0.20913009, -0.59622276],
        [ 0.26331569,  0.27152038,  0.47780612, ...,  0.20913009,
          0.        , -0.41514536],
        [ 0.64004756,  0.64656651,  0.79937735, ...,  0.59622276,
          0.41514536,  0.        ]]]), 'num': array([9.85373504e-01, 1.07738865e-02, 9.91454342e-06, 9.61886825e-07,
       2.43649905e-02, 2.46376404e-02, 2.40923405e-02, 1.56255931e-01,
       1.73504510e-04, 2.38246478e-02, 2.30699032e-02, 2.36499040e-02,
       1.77045418e-05, 2.41500738e-02, 2.19897326e-02])}
{'img': array([[[ 0.        ,  0.45548713,  0.80961845, ..., -0.10351003,
         -0.07832596,  0.11196269],
        [-0.45548713,  0.        ,  0.45340551, ..., -0.54518945,
         -0.52381687, -0.35294928],
        [-0.80961845, -0.45340551,  0.        , ..., -0.8660254 ,
         -0.85310508, -0.73881067],
        ...,
        [ 0.10351003,  0.54518945,  0.8660254 , ...,  0.        ,
          0.0252868 ,  0.21422048],
        [ 0.07832596,  0.52381687,  0.85310508, ..., -0.0252868 ,
          0.        ,  0.1894522 ],
        [-0.11196269,  0.35294928,  0.73881067, ..., -0.21422048,
         -0.1894522 ,  0.        ]],

       [[ 0.        ,  0.13049896,  0.1536472 , ...,  0.69131635,
          0.24679441,  0.37336621],
        [-0.13049896,  0.        ,  0.02338389, ...,  0.77969684,
          0.11822159,  0.24911154],
        [-0.1536472 , -0.02338389,  0.        , ...,  0.79412563,
          0.09496936,  0.22639672],
        ...,
        [-0.69131635, -0.77969684, -0.79412563, ...,  0.        ,
         -0.84825431, -0.91109973],
        [-0.24679441, -0.11822159, -0.09496936, ...,  0.84825431,
          0.        ,  0.13286995],
        [-0.37336621, -0.24911154, -0.22639672, ...,  0.91109973,
         -0.13286995,  0.        ]],

       [[ 0.        ,  0.05030617,  0.45224866, ..., -0.99035676,
         -0.91061429, -0.78342228],
        [-0.05030617,  0.        ,  0.40680838, ..., -0.99607226,
         -0.9302507 , -0.81369512],
        [-0.45224866, -0.40680838,  0.        , ..., -0.94594595,
         -0.99906457, -0.9797959 ],
        ...,
        [ 0.99035676,  0.99607226,  0.94594595, ...,  0.        ,
          0.28311517,  0.50696083],
        [ 0.91061429,  0.9302507 ,  0.99906457, ..., -0.28311517,
          0.        ,  0.24218247],
        [ 0.78342228,  0.81369512,  0.9797959 , ..., -0.50696083,
         -0.24218247,  0.        ]],

       ...,

       [[ 0.        ,  0.21064541,  0.68420632, ..., -0.0237156 ,
          0.49009268,  0.46314187],
        [-0.21064541,  0.        ,  0.51523319, ..., -0.23376964,
          0.29548289,  0.26605846],
        [-0.68420632, -0.51523319,  0.        , ..., -0.70130939,
         -0.23898339, -0.26863718],
        ...,
        [ 0.0237156 ,  0.23376964,  0.70130939, ...,  0.        ,
          0.51062702,  0.48403037],
        [-0.49009268, -0.29548289,  0.23898339, ..., -0.51062702,
          0.        , -0.03065435],
        [-0.46314187, -0.26605846,  0.26863718, ..., -0.48403037,
          0.03065435,  0.        ]],

       [[ 0.        ,  0.24026023,  0.68562894, ..., -0.96413476,
         -0.99824942, -0.93461071],
        [-0.24026023,  0.        ,  0.49064813, ..., -0.87212559,
         -0.95479909, -0.99268849],
        [-0.68562894, -0.49064813,  0.        , ..., -0.5198681 ,
         -0.68612555, -0.92421025],
        ...,
        [ 0.96413476,  0.87212559,  0.5198681 , ...,  0.        ,
          0.2079251 ,  0.59097409],
        [ 0.99824942,  0.95479909,  0.68612555, ..., -0.2079251 ,
          0.        ,  0.410327  ],
        [ 0.93461071,  0.99268849,  0.92421025, ..., -0.59097409,
         -0.410327  ,  0.        ]],

       [[ 0.        ,  0.17568564,  0.36746201, ..., -0.18340653,
         -0.31412691, -0.78976885],
        [-0.17568564,  0.        ,  0.19835221, ..., -0.35325939,
         -0.47603369, -0.88525141],
        [-0.36746201, -0.19835221,  0.        , ..., -0.53180395,
         -0.64101158, -0.95991834],
        ...,
        [ 0.18340653,  0.35325939,  0.53180395, ...,  0.        ,
         -0.13467575, -0.66386972],
        [ 0.31412691,  0.47603369,  0.64101158, ...,  0.13467575,
          0.        , -0.55710466],
        [ 0.78976885,  0.88525141,  0.95991834, ...,  0.66386972,
          0.55710466,  0.        ]]]), 'num': array([9.84464907e-01, 1.07100712e-02, 9.85581817e-06, 1.13774398e-06,
       2.43438709e-02, 2.45902663e-02, 2.40728359e-02, 1.61927397e-01,
       1.23197727e-04, 2.39249986e-02, 2.30108715e-02, 2.35135182e-02,
       1.74530114e-05, 2.42449069e-02, 2.17768361e-02])}
{'img': array([[[ 0.        ,  0.45340551, -0.47900171, ..., -0.52381687,
         -0.35294928, -0.2000103 ],
        [-0.45340551,  0.        , -0.824942  , ..., -0.85310508,
         -0.73881067, -0.62251396],
        [ 0.47900171,  0.824942  ,  0.        , ..., -0.05178531,
          0.13835053,  0.29375107],
        ...,
        [ 0.52381687,  0.85310508,  0.05178531, ...,  0.        ,
          0.1894522 ,  0.34285756],
        [ 0.35294928,  0.73881067, -0.13835053, ..., -0.1894522 ,
          0.        ,  0.15867938],
        [ 0.2000103 ,  0.62251396, -0.29375107, ..., -0.34285756,
         -0.15867938,  0.        ]],

       [[ 0.        ,  0.02338389, -0.00956766, ...,  0.11822159,
          0.24911154,  0.28826807],
        [-0.02338389,  0.        , -0.03294786, ...,  0.09496936,
          0.22639672,  0.26579801],
        [ 0.00956766,  0.03294786,  0.        , ...,  0.12771674,
          0.25836618,  0.29741638],
        ...,
        [-0.11822159, -0.09496936, -0.12771674, ...,  0.        ,
          0.13286995,  0.17304346],
        [-0.24911154, -0.22639672, -0.25836618, ..., -0.13286995,
          0.        ,  0.04064367],
        [-0.28826807, -0.26579801, -0.29741638, ..., -0.17304346,
         -0.04064367,  0.        ]],

       [[ 0.        ,  0.40680838,  0.        , ..., -0.9302507 ,
         -0.81369512, -0.61969717],
        [-0.40680838,  0.        , -0.40680838, ..., -0.99906457,
         -0.9797959 , -0.88538165],
        [ 0.        ,  0.40680838,  0.        , ..., -0.9302507 ,
         -0.81369512, -0.61969717],
        ...,
        [ 0.9302507 ,  0.99906457,  0.9302507 , ...,  0.        ,
          0.24218247,  0.50271679],
        [ 0.81369512,  0.9797959 ,  0.81369512, ..., -0.24218247,
          0.        ,  0.27839636],
        [ 0.61969717,  0.88538165,  0.61969717, ..., -0.50271679,
         -0.27839636,  0.        ]],

       ...,

       [[ 0.        ,  0.51523319, -0.42098275, ...,  0.29548289,
          0.26605846,  0.18975355],
        [-0.51523319,  0.        , -0.82815515, ..., -0.23898339,
         -0.26863718, -0.34324402],
        [ 0.42098275,  0.82815515,  0.        , ...,  0.67020831,
          0.64714251,  0.58545373],
        ...,
        [-0.29548289,  0.23898339, -0.67020831, ...,  0.        ,
         -0.03065435, -0.1088338 ],
        [-0.26605846,  0.26863718, -0.64714251, ...,  0.03065435,
          0.        , -0.07831039],
        [-0.18975355,  0.34324402, -0.58545373, ...,  0.1088338 ,
          0.07831039,  0.        ]],

       [[ 0.        ,  0.49064813,  0.42877983, ..., -0.95479909,
         -0.99268849, -0.88529395],
        [-0.49064813,  0.        , -0.06963529, ..., -0.68612555,
         -0.92421025, -0.99957479],
        [-0.42877983,  0.06963529,  0.        , ..., -0.73511849,
         -0.94855935, -0.99917882],
        ...,
        [ 0.95479909,  0.68612555,  0.73511849, ...,  0.        ,
          0.410327  ,  0.7071673 ],
        [ 0.99268849,  0.92421025,  0.94855935, ..., -0.410327  ,
          0.        ,  0.35477288],
        [ 0.88529395,  0.99957479,  0.99917882, ..., -0.7071673 ,
         -0.35477288,  0.        ]],

       [[ 0.        ,  0.18155303,  0.38216099, ..., -0.40826462,
         -0.64091918, -0.92464312],
        [-0.18155303,  0.        ,  0.20803753, ..., -0.56721289,
         -0.76962947, -0.97841832],
        [-0.38216099, -0.20803753,  0.        , ..., -0.72613647,
         -0.88562067, -0.99999897],
        ...,
        [ 0.40826462,  0.56721289,  0.72613647, ...,  0.        ,
         -0.27168447, -0.68859172],
        [ 0.64091918,  0.76962947,  0.88562067, ...,  0.27168447,
          0.        , -0.4656795 ],
        [ 0.92464312,  0.97841832,  0.99999897, ...,  0.68859172,
          0.4656795 ,  0.        ]]]), 'num': array([ 7.77174070e-01,  6.24356856e-01,  1.56095214e-06,  9.77017402e-07,
        1.91021518e-02,  1.93362946e-02,  1.90826399e-02,  5.79558115e-02,
       -1.75607116e-04,  1.91255661e-02,  1.82816763e-02,  1.86156551e-02,
        1.35388706e-05,  1.93191867e-02,  1.72441659e-02])}
{'img': array([[[ 0.        , -0.824942  , -0.85310508, ..., -0.73881067,
         -0.62251396, -0.80961845],
        [ 0.824942  ,  0.        , -0.05178531, ...,  0.13835053,
          0.29375107,  0.02659466],
        [ 0.85310508,  0.05178531,  0.        , ...,  0.1894522 ,
          0.34285756,  0.07832596],
        ...,
        [ 0.73881067, -0.13835053, -0.1894522 , ...,  0.        ,
          0.15867938, -0.11196269],
        [ 0.62251396, -0.29375107, -0.34285756, ..., -0.15867938,
          0.        , -0.26822581],
        [ 0.80961845, -0.02659466, -0.07832596, ...,  0.11196269,
          0.26822581,  0.        ]],

       [[ 0.        , -0.03294786, -0.39537424, ...,  0.22639672,
          0.26579801, -0.40541962],
        [ 0.03294786,  0.        , -0.36489631, ...,  0.25836618,
          0.29741638, -0.37508086],
        [ 0.39537424,  0.36489631,  0.        , ...,  0.59305836,
          0.62529295, -0.01096235],
        ...,
        [-0.22639672, -0.25836618, -0.59305836, ...,  0.        ,
          0.04064367, -0.60184916],
        [-0.26579801, -0.29741638, -0.62529295, ..., -0.04064367,
          0.        , -0.63381029],
        [ 0.40541962,  0.37508086,  0.01096235, ...,  0.60184916,
          0.63381029,  0.        ]],

       [[ 0.        , -0.40680838, -0.54591919, ..., -0.9797959 ,
         -0.88538165, -0.70064147],
        [ 0.40680838,  0.        , -0.1578651 , ..., -0.81369512,
         -0.61969717, -0.34978217],
        [ 0.54591919,  0.1578651 ,  0.        , ..., -0.71172624,
         -0.48802759, -0.19750322],
        ...,
        [ 0.9797959 ,  0.81369512,  0.71172624, ...,  0.        ,
          0.27839636,  0.55896932],
        [ 0.88538165,  0.61969717,  0.48802759, ..., -0.27839636,
          0.        ,  0.30602817],
        [ 0.70064147,  0.34978217,  0.19750322, ..., -0.55896932,
         -0.30602817,  0.        ]],

       ...,

       [[ 0.        , -0.82815515, -0.86147284, ..., -0.26863718,
         -0.34324402, -0.47316789],
        [ 0.82815515,  0.        , -0.0623144 , ...,  0.64714251,
          0.58545373,  0.46437163],
        [ 0.86147284,  0.0623144 ,  0.        , ...,  0.6933914 ,
          0.63483459,  0.51865731],
        ...,
        [ 0.26863718, -0.64714251, -0.6933914 , ...,  0.        ,
         -0.07831039, -0.21911302],
        [ 0.34324402, -0.58545373, -0.63483459, ...,  0.07831039,
          0.        , -0.14203271],
        [ 0.47316789, -0.46437163, -0.51865731, ...,  0.21911302,
          0.14203271,  0.        ]],

       [[ 0.        , -0.06963529, -0.40786089, ..., -0.92421025,
         -0.99957479, -0.9807718 ],
        [ 0.06963529,  0.        , -0.34329072, ..., -0.94855935,
         -0.99917882, -0.9648011 ],
        [ 0.40786089,  0.34329072,  0.        , ..., -0.99960026,
         -0.92454854, -0.81589053],
        ...,
        [ 0.92421025,  0.94855935,  0.99960026, ...,  0.        ,
          0.35477288,  0.55490819],
        [ 0.99957479,  0.99917882,  0.92454854, ..., -0.35477288,
          0.        ,  0.22367313],
        [ 0.9807718 ,  0.9648011 ,  0.81589053, ..., -0.55490819,
         -0.22367313,  0.        ]],

       [[ 0.        ,  0.20788151,  0.49061635, ..., -0.76841067,
         -0.96653039, -0.97859124],
        [-0.20788151,  0.        ,  0.29875546, ..., -0.88465922,
         -0.99874803, -0.99999777],
        [-0.49061635, -0.29875546,  0.        , ..., -0.98354778,
         -0.96807977, -0.95369607],
        ...,
        [ 0.76841067,  0.88465922,  0.98354778, ...,  0.        ,
         -0.42140053, -0.46810711],
        [ 0.96653039,  0.99874803,  0.96807977, ...,  0.42140053,
          0.        , -0.05213472],
        [ 0.97859124,  0.99999777,  0.95369607, ...,  0.46810711,
          0.05213472,  0.        ]]]), 'num': array([ 9.94329571e-01,  1.67031239e-02,  1.00269379e-05,  1.20476957e-06,
        2.44406612e-02,  2.47916040e-02,  2.43905265e-02,  7.98592964e-02,
       -1.00269379e-04,  2.45710114e-02,  2.35683176e-02,  2.39063089e-02,
        1.89397716e-05,  2.49250701e-02,  2.22115651e-02])}
{'img': array([[[ 0.        , -0.05755792,  0.        , ...,  0.34539913,
          0.0298299 , -0.08537625],
        [ 0.05755792,  0.        ,  0.05755792, ...,  0.39884209,
          0.08731275, -0.02788694],
        [ 0.        , -0.05755792,  0.        , ...,  0.34539913,
          0.0298299 , -0.08537625],
        ...,
        [-0.34539913, -0.39884209, -0.34539913, ...,  0.        ,
         -0.31725139, -0.42425985],
        [-0.0298299 , -0.08731275, -0.0298299 , ...,  0.31725139,
          0.        , -0.11505924],
        [ 0.08537625,  0.02788694,  0.08537625, ...,  0.42425985,
          0.11505924,  0.        ]],

       [[ 0.        , -0.36489631, -0.77367029, ...,  0.29741638,
         -0.37508086, -0.31927192],
        [ 0.36489631,  0.        , -0.48913023, ...,  0.62529295,
         -0.01096235,  0.04854126],
        [ 0.77367029,  0.48913023,  0.        , ...,  0.92709964,
          0.47953936,  0.53089184],
        ...,
        [-0.29741638, -0.62529295, -0.92709964, ...,  0.        ,
         -0.63381029, -0.58667473],
        [ 0.37508086,  0.01096235, -0.47953936, ...,  0.63381029,
          0.        ,  0.05948776],
        [ 0.31927192, -0.04854126, -0.53089184, ...,  0.58667473,
         -0.05948776,  0.        ]],

       [[ 0.        , -0.38978957, -0.40287676, ..., -0.84732579,
         -0.61186728, -0.61186728],
        [ 0.38978957,  0.        , -0.01425425, ..., -0.57329878,
         -0.25516286, -0.25516286],
        [ 0.40287676,  0.01425425,  0.        , ..., -0.56156137,
         -0.24135454, -0.24135454],
        ...,
        [ 0.84732579,  0.57329878,  0.56156137, ...,  0.        ,
          0.34525473,  0.34525473],
        [ 0.61186728,  0.25516286,  0.24135454, ..., -0.34525473,
          0.        ,  0.        ],
        [ 0.61186728,  0.25516286,  0.24135454, ..., -0.34525473,
          0.        ,  0.        ]],

       ...,

       [[ 0.        , -0.05511722,  0.15103181, ...,  0.46117804,
          0.37939095,  0.88503371],
        [ 0.05511722,  0.        ,  0.20528719, ...,  0.50938292,
          0.42981069,  0.90934691],
        [-0.15103181, -0.20528719,  0.        , ...,  0.32187614,
          0.23529877,  0.80457203],
        ...,
        [-0.46117804, -0.50938292, -0.32187614, ...,  0.        ,
         -0.09006226,  0.57060636],
        [-0.37939095, -0.42981069, -0.23529877, ...,  0.09006226,
          0.        ,  0.64224875],
        [-0.88503371, -0.90934691, -0.80457203, ..., -0.57060636,
         -0.64224875,  0.        ]],

       [[ 0.        , -0.40261629, -0.36939513, ..., -0.99960851,
         -0.98048168, -0.93664262],
        [ 0.40261629,  0.        ,  0.03600743, ..., -0.92627525,
         -0.8183438 , -0.71634243],
        [ 0.36939513, -0.03600743,  0.        , ..., -0.9392439 ,
         -0.83850764, -0.74100204],
        ...,
        [ 0.99960851,  0.92627525,  0.9392439 , ...,  0.        ,
          0.2239663 ,  0.37635557],
        [ 0.98048168,  0.8183438 ,  0.83850764, ..., -0.2239663 ,
          0.        ,  0.15929572],
        [ 0.93664262,  0.71634243,  0.74100204, ..., -0.37635557,
         -0.15929572,  0.        ]],

       [[ 0.        ,  0.29875546,  0.42293003, ..., -0.99874803,
         -0.99999777, -0.92202537],
        [-0.29875546,  0.        ,  0.13289375, ..., -0.96807977,
         -0.95369607, -0.99557323],
        [-0.42293003, -0.13289375,  0.        , ..., -0.92618439,
         -0.90526635, -0.99923334],
        ...,
        [ 0.99874803,  0.96807977,  0.92618439, ...,  0.        ,
         -0.05213472,  0.34052164],
        [ 0.99999777,  0.95369607,  0.90526635, ...,  0.05213472,
          0.        ,  0.38907753],
        [ 0.92202537,  0.99557323,  0.99923334, ..., -0.34052164,
