state_0,state_1,state_2,state_3,state_4,state_5,state_6,state_7,state_8,state_9,state_10,state_11,state_12,state_13,state_14,state_15,state_16,state_17,state_18,state_19,state_20,state_21,state_22,state_23,state_24,state_25,state_26,state_27,state_28,state_29,state_30,state_31,state_32,state_33,state_34,state_35,state_36,state_37,state_38,state_39,state_40,state_41,state_42,state_43,state_44,state_45,state_46,state_47,state_48,state_49,state_50,state_51,state_52,state_53,state_54,state_55,state_56,state_57,state_58,state_59,state_60,state_61,state_62,state_63,state_64,state_65,state_66,state_67,state_68,state_69,state_70,state_71,state_72,state_73,state_74,state_75,state_76,state_77,state_78,state_79,state_80,state_81,state_82,state_83,state_84,state_85,state_86,state_87,state_88,state_89,state_90,state_91,state_92,state_93,state_94,state_95,state_96,state_97,state_98,state_99,state_100,state_101,state_102,state_103,state_104,state_105,state_106,state_107,state_108,state_109,state_110,state_111,state_112,state_113,state_114,state_115,state_116,state_117,state_118,state_119,state_120,state_121,state_122,state_123,state_124,state_125,state_126,state_127,state_128,state_129,state_130,state_131,state_132,state_133,state_134,state_135,state_136,state_137,state_138,state_139,state_140,state_141,state_142,state_143,state_144,state_145,state_146,state_147,state_148,state_149,state_150,state_151,state_152,state_153,state_154,state_155,state_156,state_157,state_158,state_159,state_160,state_161,state_162,state_163,state_164,state_165,state_166,state_167,state_168,state_169,state_170,state_171,state_172,state_173,state_174,state_175,state_176,state_177,state_178,state_179,state_180,state_181,state_182,state_183,state_184,state_185,state_186,state_187,state_188,state_189,state_190,state_191,state_192,state_193,state_194,state_195,state_196,state_197,state_198,state_199,state_200,state_201,state_202,state_203,state_204,state_205,state_206,state_207,state_208,state_209,state_210,state_211,state_212,state_213,state_214,state_215,state_216,state_217,state_218,state_219,state_220,state_221,state_222,state_223,state_224,state_225,state_226,state_227,state_228,state_229,state_230,state_231,state_232,state_233,state_234,state_235,state_236,state_237,state_238,state_239,state_240,state_241,state_242,state_243,state_244,state_245,state_246,state_247,state_248,state_249,state_250,state_251,state_252,state_253,state_254,state_255,state_256,state_257,state_258,state_259,state_260,state_261,state_262,state_263,state_264,state_265,state_266,state_267,state_268,state_269,state_270,state_271,state_272,state_273,state_274,state_275,state_276,state_277,state_278,state_279,state_280,state_281,state_282,state_283,state_284,state_285,state_286,state_287
{'img': array([[[ 0.        , -0.25612863,  0.09791167, ..., -0.93731155,
         -0.87074855, -0.61755524],
        [ 0.25612863,  0.        ,  0.34954355, ..., -0.81678645,
         -0.71575697, -0.39550305],
        [-0.09791167, -0.34954355,  0.        , ..., -0.96692935,
         -0.91471066, -0.69159817],
        ...,
        [ 0.93731155,  0.81678645,  0.96692935, ...,  0.        ,
          0.15745346,  0.52200792],
        [ 0.87074855,  0.71575697,  0.91471066, ..., -0.15745346,
          0.        ,  0.38119815],
        [ 0.61755524,  0.39550305,  0.69159817, ..., -0.52200792,
         -0.38119815,  0.        ]],

       [[ 0.        ,  0.24360167,  0.54138233, ...,  0.35974322,
          0.85686984,  0.98820979],
        [-0.24360167,  0.        ,  0.32025881, ...,  0.57619895,
          0.70547229,  0.99573718],
        [-0.54138233, -0.32025881,  0.        , ...,  0.80760116,
          0.4413357 ,  0.91375241],
        ...,
        [-0.35974322, -0.57619895, -0.80760116, ...,  0.        ,
         -0.98496299, -0.86697168],
        [-0.85686984, -0.70547229, -0.4413357 , ...,  0.98496299,
          0.        ,  0.64064637],
        [-0.98820979, -0.99573718, -0.91375241, ...,  0.86697168,
         -0.64064637,  0.        ]],

       [[ 0.        , -0.46158348, -0.6644735 , ..., -0.95528119,
         -0.99629328, -0.99929157],
        [ 0.46158348,  0.        , -0.2445055 , ..., -0.71093712,
         -0.84410245, -0.90383975],
        [ 0.6644735 ,  0.2445055 ,  0.        , ..., -0.51740883,
         -0.68738274, -0.77178948],
        ...,
        [ 0.95528119,  0.71093712,  0.51740883, ...,  0.        ,
         -0.21242813, -0.33144089],
        [ 0.99629328,  0.84410245,  0.68738274, ...,  0.21242813,
          0.        , -0.12345547],
        [ 0.99929157,  0.90383975,  0.77178948, ...,  0.33144089,
          0.12345547,  0.        ]],

       ...,

       [[ 0.        , -0.39137493,  0.01366545, ..., -0.15771753,
          0.09595496,  0.59597326],
        [ 0.39137493,  0.        ,  0.40391376, ...,  0.24133998,
          0.47786976,  0.862709  ],
        [-0.01366545, -0.40391376,  0.        , ..., -0.17119721,
          0.08234361,  0.5849442 ],
        ...,
        [ 0.15771753, -0.24133998,  0.17119721, ...,  0.        ,
          0.25174378,  0.71516207],
        [-0.09595496, -0.47786976, -0.08234361, ..., -0.25174378,
          0.        ,  0.51617101],
        [-0.59597326, -0.862709  , -0.5849442 , ..., -0.71516207,
         -0.51617101,  0.        ]],

       [[ 0.        , -0.23698419, -0.44213771, ..., -0.92532114,
         -0.92746828, -0.92307874],
        [ 0.23698419,  0.        , -0.21698046, ..., -0.98882269,
         -0.98965679, -0.9879302 ],
        [ 0.44213771,  0.21698046,  0.        , ..., -0.9976159 ,
         -0.99720616, -0.99800391],
        ...,
        [ 0.92532114,  0.98882269,  0.9976159 , ...,  0.        ,
          0.00570218, -0.00587169],
        [ 0.92746828,  0.98965679,  0.99720616, ..., -0.00570218,
          0.        , -0.01157368],
        [ 0.92307874,  0.9879302 ,  0.99800391, ...,  0.00587169,
          0.01157368,  0.        ]],

       [[ 0.        , -0.58860514, -0.70303843, ..., -0.94411633,
         -0.95071244, -0.92999043],
        [ 0.58860514,  0.        , -0.14976316, ..., -0.56923158,
         -0.58606447, -0.53546182],
        [ 0.70303843,  0.14976316,  0.        , ..., -0.43967987,
         -0.45810701, -0.40293894],
        ...,
        [ 0.94411633,  0.56923158,  0.43967987, ...,  0.        ,
         -0.02062076,  0.04050538],
        [ 0.95071244,  0.58606447,  0.45810701, ...,  0.02062076,
          0.        ,  0.06110061],
        [ 0.92999043,  0.53546182,  0.40293894, ..., -0.04050538,
         -0.06110061,  0.        ]]]), 'num': array([7.07105779e-01, 7.07105779e-01, 0.00000000e+00, 0.00000000e+00,
       1.37666612e-04, 1.40404300e-04, 1.33755629e-04, 1.63777901e-03,
       1.95549165e-06, 1.31878357e-04, 1.40404300e-04, 1.33403640e-04,
       3.42676631e-07, 1.52003514e-04, 1.28805086e-04])}
{'img': array([[[ 0.        ,  0.34954355, -0.52121158, ..., -0.71575697,
         -0.39550305, -0.27849505],
        [-0.34954355,  0.        , -0.7866437 , ..., -0.91471066,
         -0.69159817, -0.59664241],
        [ 0.52121158,  0.7866437 ,  0.        , ..., -0.24685886,
          0.14118124,  0.26291591],
        ...,
        [ 0.71575697,  0.91471066,  0.24685886, ...,  0.        ,
          0.38119815,  0.49295309],
        [ 0.39550305,  0.69159817, -0.14118124, ..., -0.38119815,
          0.        ,  0.12406817],
        [ 0.27849505,  0.59664241, -0.26291591, ..., -0.49295309,
         -0.12406817,  0.        ]],

       [[ 0.        ,  0.32025881,  0.42156192, ...,  0.70547229,
          0.99573718,  0.40822579],
        [-0.32025881,  0.        ,  0.10894772, ...,  0.4413357 ,
          0.91375241,  0.09436639],
        [-0.42156192, -0.10894772,  0.        , ...,  0.34094527,
          0.86405093, -0.01465687],
        ...,
        [-0.70547229, -0.4413357 , -0.34094527, ...,  0.        ,
          0.64064637, -0.35468732],
        [-0.99573718, -0.91375241, -0.86405093, ..., -0.64064637,
          0.        , -0.87133645],
        [-0.40822579, -0.09436639,  0.01465687, ...,  0.35468732,
          0.87133645,  0.        ]],

       [[ 0.        , -0.5237828 , -0.72702623, ..., -0.9885342 ,
         -0.99980112, -0.99989853],
        [ 0.5237828 ,  0.        , -0.2596843 , ..., -0.76299498,
         -0.84123662, -0.85922671],
        [ 0.72702623,  0.2596843 ,  0.        , ..., -0.56895827,
         -0.67197403, -0.69689652],
        ...,
        [ 0.9885342 ,  0.76299498,  0.56895827, ...,  0.        ,
         -0.13125276, -0.16506351],
        [ 0.99980112,  0.84123662,  0.67197403, ...,  0.13125276,
          0.        , -0.03418318],
        [ 0.99989853,  0.85922671,  0.69689652, ...,  0.16506351,
          0.03418318,  0.        ]],

       ...,

       [[ 0.        ,  0.40391376,  0.12997191, ...,  0.47786976,
          0.862709  ,  0.90404888],
        [-0.40391376,  0.        , -0.28158971, ...,  0.08234361,
          0.5849442 ,  0.65437677],
        [-0.12997191,  0.28158971,  0.        , ...,  0.359645  ,
          0.78966434,  0.84082667],
        ...,
        [-0.47786976, -0.08234361, -0.359645  , ...,  0.        ,
          0.51617101,  0.58988885],
        [-0.862709  , -0.5849442 , -0.78966434, ..., -0.51617101,
          0.        ,  0.08843121],
        [-0.90404888, -0.65437677, -0.84082667, ..., -0.58988885,
         -0.08843121,  0.        ]],

       [[ 0.        , -0.38153047, -0.48894676, ..., -0.93106423,
         -0.92673354, -0.9236632 ],
        [ 0.38153047,  0.        , -0.11914677, ..., -0.99983847,
         -0.99998029, -0.99999836],
        [ 0.48894676,  0.11914677,  0.        , ..., -0.99057484,
         -0.992109  , -0.99309098],
        ...,
        [ 0.93106423,  0.99983847,  0.99057484, ...,  0.        ,
         -0.01169507, -0.01978529],
        [ 0.92673354,  0.99998029,  0.992109  , ...,  0.01169507,
          0.        , -0.00809115],
        [ 0.9236632 ,  0.99999836,  0.99309098, ...,  0.01978529,
          0.00809115,  0.        ]],

       [[ 0.        , -0.45119224, -0.77371506, ..., -0.89360222,
         -0.85870994, -0.82017417],
        [ 0.45119224,  0.        , -0.40463853, ..., -0.59495252,
         -0.53511689, -0.47381204],
        [ 0.77371506,  0.40463853,  0.        , ..., -0.21883762,
         -0.1475222 , -0.07695486],
        ...,
        [ 0.89360222,  0.59495252,  0.21883762, ...,  0.        ,
          0.07249681,  0.1430991 ],
        [ 0.85870994,  0.53511689,  0.1475222 , ..., -0.07249681,
          0.        ,  0.07097185],
        [ 0.82017417,  0.47381204,  0.07695486, ..., -0.1430991 ,
         -0.07097185,  0.        ]]]), 'num': array([ 9.98447124e-01,  5.41587213e-02,  6.60341578e-05, -1.82564485e-10,
        1.92437020e-04,  2.44246987e-04,  1.92437020e-04,  1.30291705e-02,
       -4.44085430e-05,  2.20427859e-04,  2.39436061e-04,  2.28659140e-04,
        3.66288861e-07,  2.68654704e-04,  2.10217418e-04])}
