state_0,state_1,state_2,state_3,state_4,state_5,state_6,state_7,state_8,state_9,state_10,state_11,state_12,state_13,state_14,state_15,state_16,state_17,state_18,state_19,state_20,state_21,state_22,state_23,state_24,state_25,state_26,state_27,state_28,state_29,state_30,state_31,state_32,state_33,state_34,state_35,state_36,state_37,state_38,state_39,state_40,state_41,state_42,state_43,state_44,state_45,state_46,state_47,state_48,state_49,state_50,state_51,state_52,state_53,state_54,state_55,state_56,state_57,state_58,state_59,state_60,state_61,state_62,state_63,state_64,state_65,state_66,state_67,state_68,state_69,state_70,state_71,state_72,state_73,state_74,state_75,state_76,state_77,state_78,state_79,state_80,state_81,state_82,state_83,state_84,state_85,state_86,state_87,state_88,state_89,state_90,state_91,state_92,state_93,state_94,state_95,state_96,state_97,state_98,state_99,state_100,state_101,state_102,state_103,state_104,state_105,state_106,state_107,state_108,state_109,state_110,state_111,state_112,state_113,state_114,state_115,state_116,state_117,state_118,state_119,state_120,state_121,state_122,state_123,state_124,state_125,state_126,state_127,state_128,state_129,state_130,state_131,state_132,state_133,state_134,state_135,state_136,state_137,state_138,state_139,state_140,state_141,state_142,state_143,state_144,state_145,state_146,state_147,state_148,state_149,state_150,state_151,state_152,state_153,state_154,state_155,state_156,state_157,state_158,state_159,state_160,state_161,state_162,state_163,state_164,state_165,state_166,state_167,state_168,state_169,state_170,state_171,state_172,state_173,state_174,state_175,state_176,state_177,state_178,state_179,state_180,state_181,state_182,state_183,state_184,state_185,state_186,state_187,state_188,state_189,state_190,state_191,state_192,state_193,state_194,state_195,state_196,state_197,state_198,state_199,state_200,state_201,state_202,state_203,state_204,state_205,state_206,state_207,state_208,state_209,state_210,state_211,state_212,state_213,state_214,state_215,state_216,state_217,state_218,state_219,state_220,state_221,state_222,state_223,state_224,state_225,state_226,state_227,state_228,state_229,state_230,state_231,state_232,state_233,state_234,state_235,state_236,state_237,state_238,state_239,state_240,state_241,state_242,state_243,state_244,state_245,state_246,state_247,state_248,state_249,state_250,state_251,state_252,state_253,state_254,state_255,state_256,state_257,state_258,state_259,state_260,state_261,state_262,state_263,state_264,state_265,state_266,state_267,state_268,state_269,state_270,state_271,state_272,state_273,state_274,state_275,state_276,state_277,state_278,state_279,state_280,state_281,state_282,state_283,state_284,state_285,state_286,state_287
{'img': array([[[ 0.        ,  0.01332183, -0.24250861, ...,  0.87354839,
          0.8597896 ,  0.84149584],
        [-0.01332183,  0.        , -0.25541125, ...,  0.86698663,
          0.85291053,  0.83422387],
        [ 0.24250861,  0.25541125,  0.        , ...,  0.9655103 ,
          0.95796088,  0.94739513],
        ...,
        [-0.87354839, -0.86698663, -0.9655103 , ...,  0.        ,
         -0.02758445, -0.06235896],
        [-0.8597896 , -0.85291053, -0.95796088, ...,  0.02758445,
          0.        , -0.03480447],
        [-0.84149584, -0.83422387, -0.94739513, ...,  0.06235896,
          0.03480447,  0.        ]],

       [[ 0.        , -0.6358831 , -0.72598568, ..., -0.68181634,
         -0.65263828, -0.71313167],
        [ 0.6358831 ,  0.        , -0.12300208, ..., -0.06105251,
         -0.02190736, -0.10461139],
        [ 0.72598568,  0.12300208,  0.        , ...,  0.06218372,
          0.10123155,  0.01851017],
        ...,
        [ 0.68181634,  0.06105251, -0.06218372, ...,  0.        ,
          0.03917137, -0.04369871],
        [ 0.65263828,  0.02190736, -0.10123155, ..., -0.03917137,
          0.        , -0.08279912],
        [ 0.71313167,  0.10461139, -0.01851017, ...,  0.04369871,
          0.08279912,  0.        ]],

       [[ 0.        ,  0.25046835,  0.36373568, ...,  0.98558004,
          0.98487276,  0.98487276],
        [-0.25046835,  0.        ,  0.11882971, ...,  0.91178274,
          0.91007881,  0.91007881],
        [-0.36373568, -0.11882971,  0.        , ...,  0.8565223 ,
          0.85438337,  0.85438337],
        ...,
        [-0.98558004, -0.91178274, -0.8565223 , ...,  0.        ,
         -0.00413018, -0.00413018],
        [-0.98487276, -0.91007881, -0.85438337, ...,  0.00413018,
          0.        ,  0.        ],
        [-0.98487276, -0.91007881, -0.85438337, ...,  0.00413018,
          0.        ,  0.        ]],

       ...,

       [[ 0.        ,  0.00322682, -0.16012067, ..., -0.99981584,
         -0.99363054, -0.99420406],
        [-0.00322682,  0.        , -0.16330502, ..., -0.99974871,
         -0.99398899, -0.99454579],
        [ 0.16012067,  0.16330502,  0.        , ..., -0.98998852,
         -0.96276667, -0.96416179],
        ...,
        [ 0.99981584,  0.99974871,  0.98998852, ...,  0.        ,
          0.13173485,  0.12656941],
        [ 0.99363054,  0.99398899,  0.96276667, ..., -0.13173485,
          0.        , -0.00520905],
        [ 0.99420406,  0.99454579,  0.96416179, ..., -0.12656941,
          0.00520905,  0.        ]],

       [[ 0.        ,  0.20721867,  0.19073845, ...,  0.66746091,
          0.76654457,  0.86592227],
        [-0.20721867,  0.        , -0.01681591, ...,  0.80727775,
          0.88298044,  0.95077347],
        [-0.19073845,  0.01681591,  0.        , ...,  0.79723933,
          0.87496204,  0.945428  ],
        ...,
        [-0.66746091, -0.80727775, -0.79723933, ...,  0.        ,
         -0.14216599, -0.31095489],
        [-0.76654457, -0.88298044, -0.87496204, ...,  0.14216599,
          0.        , -0.1726784 ],
        [-0.86592227, -0.95077347, -0.945428  , ...,  0.31095489,
          0.1726784 ,  0.        ]],

       [[ 0.        ,  0.27169948,  0.46594057, ...,  0.97971224,
          0.98244109,  0.97690819],
        [-0.27169948,  0.        ,  0.20800883, ...,  0.9973087 ,
          0.99617556,  0.99821018],
        [-0.46594057, -0.20800883,  0.        , ...,  0.96024395,
          0.95621156,  0.96393666],
        ...,
        [-0.97971224, -0.9973087 , -0.96024395, ...,  0.        ,
         -0.01410255,  0.01354328],
        [-0.98244109, -0.99617556, -0.95621156, ...,  0.01410255,
          0.        ,  0.02764319],
        [-0.97690819, -0.99821018, -0.96393666, ..., -0.01354328,
         -0.02764319,  0.        ]]]), 'num': array([7.07098246e-01, 7.07098246e-01, 0.00000000e+00, 0.00000000e+00,
       5.40776845e-04, 5.56572733e-04, 5.32414317e-04, 4.64960303e-03,
       7.43335870e-06, 5.37431834e-04, 5.80405939e-04, 5.65423075e-04,
       2.22693597e-07, 6.71180221e-04, 4.89631657e-04])}
{'img': array([[[ 0.        , -0.25541125,  0.134448  , ...,  0.85291053,
          0.83422387,  0.86353919],
        [ 0.25541125,  0.        ,  0.38308099, ...,  0.95796088,
          0.94739513,  0.96369699],
        [-0.134448  , -0.38308099,  0.        , ...,  0.77497712,
          0.75251154,  0.78789914],
        ...,
        [-0.85291053, -0.95796088, -0.77497712, ...,  0.        ,
         -0.03480447,  0.02070958],
        [-0.83422387, -0.94739513, -0.75251154, ...,  0.03480447,
          0.        ,  0.05549403],
        [-0.86353919, -0.96369699, -0.78789914, ..., -0.02070958,
         -0.05549403,  0.        ]],

       [[ 0.        , -0.12300208, -0.09201073, ..., -0.02190736,
         -0.10461139,  0.13913612],
        [ 0.12300208,  0.        ,  0.03116827, ...,  0.10123155,
          0.01851017,  0.25988525],
        [ 0.09201073, -0.03116827,  0.        , ...,  0.07017422,
         -0.01266175,  0.22966168],
        ...,
        [ 0.02190736, -0.10123155, -0.07017422, ...,  0.        ,
         -0.08279912,  0.16079701],
        [ 0.10461139, -0.01851017,  0.01266175, ...,  0.08279912,
          0.        ,  0.24196657],
        [-0.13913612, -0.25988525, -0.22966168, ..., -0.16079701,
         -0.24196657,  0.        ]],

       [[ 0.        ,  0.27027101,  0.39501011, ...,  0.98133987,
          0.98133987,  0.98292418],
        [-0.27027101,  0.        ,  0.13201783, ...,  0.89285058,
          0.89285058,  0.89661111],
        [-0.39501011, -0.13201783,  0.        , ...,  0.82558114,
          0.82558114,  0.8303034 ],
        ...,
        [-0.98133987, -0.89285058, -0.82558114, ...,  0.        ,
          0.        ,  0.00842047],
        [-0.98133987, -0.89285058, -0.82558114, ...,  0.        ,
          0.        ,  0.00842047],
        [-0.98292418, -0.89661111, -0.8303034 , ..., -0.00842047,
         -0.00842047,  0.        ]],

       ...,

       [[ 0.        , -0.16330502, -0.08796744, ..., -0.99398899,
         -0.99454579, -0.94674682],
        [ 0.16330502,  0.        ,  0.0758854 , ..., -0.96276667,
         -0.96416179, -0.88145656],
        [ 0.08796744, -0.0758854 ,  0.        , ..., -0.98050496,
         -0.98151521, -0.91475295],
        ...,
        [ 0.99398899,  0.96276667,  0.98050496, ...,  0.        ,
         -0.00520905,  0.21639364],
        [ 0.99454579,  0.96416179,  0.98151521, ...,  0.00520905,
          0.        ,  0.22147633],
        [ 0.94674682,  0.88145656,  0.91475295, ..., -0.21639364,
         -0.22147633,  0.        ]],

       [[ 0.        , -0.08211627, -0.0165697 , ...,  0.81917358,
          0.90633973,  0.94216435],
        [ 0.08211627,  0.        ,  0.06559126, ...,  0.7693096 ,
          0.86858059,  0.91146106],
        [ 0.0165697 , -0.06559126,  0.        , ...,  0.80955764,
          0.89921378,  0.93648165],
        ...,
        [-0.81917358, -0.7693096 , -0.80955764, ...,  0.        ,
         -0.17368563, -0.26582726],
        [-0.90633973, -0.86858059, -0.89921378, ...,  0.17368563,
          0.        , -0.09435045],
        [-0.94216435, -0.91146106, -0.93648165, ...,  0.26582726,
          0.09435045,  0.        ]],

       [[ 0.        ,  0.38968792,  0.53642025, ...,  0.98527449,
          0.98008351,  0.98073947],
        [-0.38968792,  0.        ,  0.16513708, ...,  0.97401442,
          0.97999142,  0.97932308],
        [-0.53642025, -0.16513708,  0.        , ...,  0.92324057,
          0.93366791,  0.93246994],
        ...,
        [-0.98527449, -0.97401442, -0.92324057, ...,  0.        ,
          0.02808678,  0.02475741],
        [-0.98008351, -0.97999142, -0.93366791, ..., -0.02808678,
          0.        , -0.00333053],
        [-0.98073947, -0.97932308, -0.93246994, ..., -0.02475741,
          0.00333053,  0.        ]]]), 'num': array([ 9.99983391e-01,  2.85032247e-04,  1.70888599e-05, -1.85556683e-10,
        7.64880112e-04,  7.87107398e-04,  7.58342675e-04,  5.30719584e-03,
        3.92246211e-06,  7.59127168e-04,  8.06719708e-04,  7.98003126e-04,
        2.61497474e-07,  9.16539308e-04,  6.96900109e-04])}
{'img': array([[[ 0.        ,  0.38308099,  0.34035087, ...,  0.94739513,
          0.96369699,  0.96899053],
        [-0.38308099,  0.        , -0.04582336, ...,  0.75251154,
          0.78789914,  0.80041237],
        [-0.34035087,  0.04582336,  0.        , ...,  0.78189937,
          0.81528972,  0.82704039],
        ...,
        [-0.94739513, -0.75251154, -0.78189937, ...,  0.        ,
          0.05549403,  0.07604195],
        [-0.96369699, -0.78789914, -0.81528972, ..., -0.05549403,
          0.        ,  0.02059142],
        [-0.96899053, -0.80041237, -0.82704039, ..., -0.07604195,
         -0.02059142,  0.        ]],

       [[ 0.        ,  0.03116827,  0.2408482 , ...,  0.01851017,
          0.25988525,  0.14584593],
        [-0.03116827,  0.        ,  0.21048043, ..., -0.01266175,
          0.22966168,  0.11494007],
        [-0.2408482 , -0.21048043,  0.        , ..., -0.22284165,
          0.01966241, -0.09672026],
        ...,
        [-0.01851017,  0.01266175,  0.22284165, ...,  0.        ,
          0.24196657,  0.12750869],
        [-0.25988525, -0.22966168, -0.01966241, ..., -0.24196657,
          0.        , -0.11627179],
        [-0.14584593, -0.11494007,  0.09672026, ..., -0.12750869,
          0.11627179,  0.        ]],

       [[ 0.        ,  0.29642485,  0.40339013, ...,  0.97663878,
          0.9784549 ,  0.98158785],
        [-0.29642485,  0.        ,  0.11402317, ...,  0.86904686,
          0.87327932,  0.88085106],
        [-0.40339013, -0.11402317,  0.        , ...,  0.80696836,
          0.81202952,  0.82112841],
        ...,
        [-0.97663878, -0.86904686, -0.80696836, ...,  0.        ,
          0.00862036,  0.02438212],
        [-0.9784549 , -0.87327932, -0.81202952, ..., -0.00862036,
          0.        ,  0.01576341],
        [-0.98158785, -0.88085106, -0.82112841, ..., -0.02438212,
         -0.01576341,  0.        ]],

       ...,

       [[ 0.        ,  0.0758854 ,  0.08953933, ..., -0.96416179,
         -0.88145656, -0.93378316],
        [-0.0758854 ,  0.        ,  0.01370056, ..., -0.98151521,
         -0.91475295, -0.95824543],
        [-0.08953933, -0.01370056,  0.        , ..., -0.98404516,
         -0.92020231, -0.96207312],
        ...,
        [ 0.96416179,  0.98151521,  0.98404516, ...,  0.        ,
          0.22147633,  0.09726836],
        [ 0.88145656,  0.91475295,  0.92020231, ..., -0.22147633,
          0.        , -0.12557336],
        [ 0.93378316,  0.95824543,  0.96207312, ..., -0.09726836,
          0.12557336,  0.        ]],

       [[ 0.        ,  0.06559126,  0.206752  , ...,  0.86858059,
          0.91146106,  0.96018248],
        [-0.06559126,  0.        ,  0.14213272, ...,  0.89921378,
          0.93648165,  0.97643926],
        [-0.206752  , -0.14213272,  0.        , ...,  0.95226903,
          0.97682242,  0.99719723],
        ...,
        [-0.86858059, -0.89921378, -0.95226903, ...,  0.        ,
         -0.09435045, -0.23315797],
        [-0.91146106, -0.93648165, -0.97682242, ...,  0.09435045,
          0.        , -0.14036782],
        [-0.96018248, -0.97643926, -0.99719723, ...,  0.23315797,
          0.14036782,  0.        ]],

       [[ 0.        ,  0.39230447,  0.44374718, ...,  0.98619215,
          0.98675702,  0.97656777],
        [-0.39230447,  0.        ,  0.05660994, ...,  0.97210208,
          0.97128796,  0.98270952],
        [-0.44374718, -0.05660994,  0.        , ...,  0.95726487,
          0.95626248,  0.97065206],
        ...,
        [-0.98619215, -0.97210208, -0.95726487, ...,  0.        ,
         -0.00344628,  0.05051396],
        [-0.98675702, -0.97128796, -0.95626248, ...,  0.00344628,
          0.        ,  0.05395554],
        [-0.97656777, -0.98270952, -0.97065206, ..., -0.05051396,
         -0.05395554,  0.        ]]]), 'num': array([9.99992724e-01, 2.84064055e-04, 1.70308128e-05, 6.52899735e-09,
       7.64888073e-04, 7.77918535e-04, 7.57069797e-04, 3.09519061e-03,
       2.60609224e-06, 7.57591015e-04, 7.95705114e-04, 7.97800847e-04,
       2.69595749e-07, 8.89594176e-04, 7.01816052e-04])}
{'img': array([[[ 0.        , -0.1841082 , -0.10227194, ...,  0.87942891,
          0.88944754,  0.89586503],
        [ 0.1841082 ,  0.        ,  0.08261912, ...,  0.95203701,
          0.95838762,  0.96235521],
        [ 0.10227194, -0.08261912,  0.        , ...,  0.92350214,
          0.93152579,  0.93660965],
        ...,
        [-0.87942891, -0.95203701, -0.92350214, ...,  0.        ,
          0.02147214,  0.03570547],
        [-0.88944754, -0.95838762, -0.93152579, ..., -0.02147214,
          0.        ,  0.01423878],
        [-0.89586503, -0.96235521, -0.93660965, ..., -0.03570547,
         -0.01423878,  0.        ]],

       [[ 0.        ,  0.21048043,  0.08701169, ...,  0.22966168,
          0.11494007, -0.17277573],
        [-0.21048043,  0.        , -0.12461967, ...,  0.01966241,
         -0.09672026, -0.37622027],
        [-0.08701169,  0.12461967,  0.        , ...,  0.14410472,
          0.02806912, -0.25782358],
        ...,
        [-0.22966168, -0.01966241, -0.14410472, ...,  0.        ,
         -0.11627179, -0.39436536],
        [-0.11494007,  0.09672026, -0.02806912, ...,  0.11627179,
          0.        , -0.28484215],
        [ 0.17277573,  0.37622027,  0.25782358, ...,  0.39436536,
          0.28484215,  0.        ]],

       [[ 0.        ,  0.28323098,  0.30650883, ...,  0.97218955,
          0.97586139,  0.97712981],
        [-0.28323098,  0.        ,  0.02435936, ...,  0.86604867,
          0.87404651,  0.87689075],
        [-0.30650883, -0.02435936,  0.        , ...,  0.85361298,
          0.86195234,  0.86492125],
        ...,
        [-0.97218955, -0.86604867, -0.85361298, ...,  0.        ,
          0.01622499,  0.02210935],
        [-0.97586139, -0.87404651, -0.86195234, ..., -0.01622499,
          0.        ,  0.00588541],
        [-0.97712981, -0.87689075, -0.86492125, ..., -0.02210935,
         -0.00588541,  0.        ]],

       ...,

       [[ 0.        ,  0.01370056, -0.00959254, ..., -0.91475295,
         -0.95824543, -0.95147329],
        [-0.01370056,  0.        , -0.02329156, ..., -0.92020231,
         -0.96207312, -0.95560007],
        [ 0.00959254,  0.02329156,  0.        , ..., -0.91083535,
         -0.95545838, -0.94847758],
        ...,
        [ 0.91475295,  0.92020231,  0.91083535, ...,  0.        ,
         -0.12557336, -0.10291004],
        [ 0.95824543,  0.96207312,  0.95545838, ...,  0.12557336,
          0.        ,  0.0228112 ],
        [ 0.95147329,  0.95560007,  0.94847758, ...,  0.10291004,
         -0.0228112 ,  0.        ]],

       [[ 0.        ,  0.19639011,  0.26152304, ...,  0.91174715,
          0.96040814,  0.98622775],
        [-0.19639011,  0.        ,  0.06687491, ...,  0.97465926,
          0.99641867,  0.99950333],
        [-0.26152304, -0.06687491,  0.        , ...,  0.98743692,
          0.99984277,  0.99515836],
        ...,
        [-0.91174715, -0.97465926, -0.98743692, ...,  0.        ,
         -0.14047959, -0.25429836],
        [-0.96040814, -0.99641867, -0.99984277, ...,  0.14047959,
          0.        , -0.1159152 ],
        [-0.98622775, -0.99950333, -0.99515836, ...,  0.25429836,
          0.1159152 ,  0.        ]],

       [[ 0.        ,  0.22076216,  0.32969546, ...,  0.99187421,
          0.9832169 ,  0.97237008],
        [-0.22076216,  0.        ,  0.11314234, ...,  0.99548827,
          0.9992346 ,  0.9999152 ],
        [-0.32969546, -0.11314234,  0.        , ...,  0.97836055,
          0.98839242,  0.99496794],
        ...,
        [-0.99187421, -0.99548827, -0.97836055, ...,  0.        ,
          0.05587071,  0.10784044],
        [-0.9832169 , -0.9992346 , -0.98839242, ..., -0.05587071,
          0.        ,  0.05212711],
        [-0.97237008, -0.9999152 , -0.99496794, ..., -0.10784044,
         -0.05212711,  0.        ]]]), 'num': array([9.17037285e-01, 3.98663294e-01, 8.44257313e-06, 8.98722363e-09,
       7.15986174e-04, 7.39308200e-04, 6.91498048e-04, 1.03034725e-02,
       3.14847341e-05, 6.86133982e-04, 7.07590245e-04, 7.16501203e-04,
       5.08300550e-07, 7.79883257e-04, 6.35297234e-04])}
{'img': array([[[ 0.        ,  0.08261912,  0.43412073, ...,  0.95838762,
          0.96235521,  0.99619262],
        [-0.08261912,  0.        ,  0.35820874, ...,  0.93152579,
          0.93660965,  0.98558414],
        [-0.43412073, -0.35820874,  0.        , ...,  0.73943951,
          0.74895043,  0.85957838],
        ...,
        [-0.95838762, -0.93152579, -0.73943951, ...,  0.        ,
          0.01423878,  0.20083145],
        [-0.96235521, -0.93660965, -0.74895043, ..., -0.01423878,
          0.        ,  0.18686241],
        [-0.99619262, -0.98558414, -0.85957838, ..., -0.20083145,
         -0.18686241,  0.        ]],

       [[ 0.        , -0.12461967, -0.15478597, ..., -0.09672026,
         -0.37622027,  0.38077591],
        [ 0.12461967,  0.        , -0.03046159, ...,  0.02806912,
         -0.25782358,  0.49303935],
        [ 0.15478597,  0.03046159,  0.        , ...,  0.05850568,
         -0.22827219,  0.51931234],
        ...,
        [ 0.09672026, -0.02806912, -0.05850568, ...,  0.        ,
         -0.28484215,  0.46842475],
        [ 0.37622027,  0.25782358,  0.22827219, ...,  0.28484215,
          0.        ,  0.700679  ],
        [-0.38077591, -0.49303935, -0.51931234, ..., -0.46842475,
         -0.700679  ,  0.        ]],

       [[ 0.        ,  0.1208898 ,  0.26029222, ...,  0.96981102,
          0.97126749,  0.98242609],
        [-0.1208898 ,  0.        ,  0.1416605 , ...,  0.93321845,
          0.93537353,  0.95265659],
        [-0.26029222, -0.1416605 ,  0.        , ...,  0.87290726,
          0.87584072,  0.89997769],
        ...,
        [-0.96981102, -0.93321845, -0.87290726, ...,  0.        ,
          0.0060453 ,  0.05855502],
        [-0.97126749, -0.93537353, -0.87584072, ..., -0.0060453 ,
          0.        ,  0.05251903],
        [-0.98242609, -0.95265659, -0.89997769, ..., -0.05855502,
         -0.05251903,  0.        ]],

       ...,

       [[ 0.        , -0.02329156, -0.01321402, ..., -0.96207312,
         -0.95560007, -0.59852416],
        [ 0.02329156,  0.        ,  0.01007909, ..., -0.95545838,
         -0.94847758, -0.57970281],
        [ 0.01321402, -0.01007909,  0.        , ..., -0.95838445,
         -0.95162291, -0.58788609],
        ...,
        [ 0.96207312,  0.95545838,  0.95838445, ...,  0.        ,
          0.0228112 ,  0.60744893],
        [ 0.95560007,  0.94847758,  0.95162291, ..., -0.0228112 ,
          0.        ,  0.58917059],
        [ 0.59852416,  0.57970281,  0.58788609, ..., -0.60744893,
         -0.58917059,  0.        ]],

       [[ 0.        ,  0.17526851,  0.27534349, ...,  0.96243747,
          0.98756895,  0.99752909],
        [-0.17526851,  0.        ,  0.10258769, ...,  0.99512559,
          0.99983187,  0.99440143],
        [-0.27534349, -0.10258769,  0.        , ...,  0.99999203,
          0.99267563,  0.97831466],
        ...,
        [-0.96243747, -0.99512559, -0.99999203, ...,  0.        ,
         -0.11684625, -0.20321691],
        [-0.98756895, -0.99983187, -0.99267563, ...,  0.11684625,
          0.        , -0.08741677],
        [-0.99752909, -0.99440143, -0.97831466, ...,  0.20321691,
          0.08741677,  0.        ]],

       [[ 0.        ,  0.24952069,  0.36496445, ...,  0.98505695,
          0.97461896,  0.95964102],
        [-0.24952069,  0.        ,  0.12111132, ...,  0.99687376,
          0.9996515 ,  0.99945923],
        [-0.36496445, -0.12111132,  0.        , ...,  0.97996659,
          0.98909584,  0.99608455],
        ...,
        [-0.98505695, -0.99687376, -0.97996659, ...,  0.        ,
          0.05266732,  0.11174749],
        [-0.97461896, -0.9996515 , -0.98909584, ..., -0.05266732,
          0.        ,  0.05925495],
        [-0.95964102, -0.99945923, -0.99608455, ..., -0.11174749,
         -0.05925495,  0.        ]]]), 'num': array([8.85692031e-01, 4.63294105e-01, 6.65193584e-06, 3.68406963e-08,
       7.03996544e-04, 7.87145742e-04, 6.95127296e-04, 3.00720161e-02,
       2.32817755e-05, 6.65858778e-04, 6.71457491e-04, 6.84059214e-04,
       6.23618985e-07, 7.36792140e-04, 6.06122841e-04])}
{'img': array([[[ 0.        ,  0.42730066,  0.56960611, ...,  0.9617375 ,
          0.99602795,  0.99849765],
        [-0.42730066,  0.        ,  0.16378032, ...,  0.75244742,
          0.8624711 ,  0.92616504],
        [-0.56960611, -0.16378032,  0.        , ...,  0.63441271,
          0.76793476,  0.85189429],
        ...,
        [-0.9617375 , -0.75244742, -0.63441271, ...,  0.        ,
          0.18725021,  0.32625895],
        [-0.99602795, -0.8624711 , -0.76793476, ..., -0.18725021,
          0.        ,  0.1434842 ],
        [-0.99849765, -0.92616504, -0.85189429, ..., -0.32625895,
         -0.1434842 ,  0.        ]],

       [[ 0.        , -0.03046159,  0.10149509, ..., -0.25782358,
          0.49303935,  0.82495407],
        [ 0.03046159,  0.        ,  0.13175228, ..., -0.22827219,
          0.51931234,  0.80735436],
        [-0.10149509, -0.13175228,  0.        , ..., -0.35455593,
          0.40219187,  0.87805904],
        ...,
        [ 0.25782358,  0.22827219,  0.35455593, ...,  0.        ,
          0.700679  ,  0.6513422 ],
        [-0.49303935, -0.51931234, -0.40219187, ..., -0.700679  ,
          0.        ,  0.99638155],
        [-0.82495407, -0.80735436, -0.87805904, ..., -0.6513422 ,
         -0.99638155,  0.        ]],

       [[ 0.        ,  0.23179743,  0.39074126, ...,  0.97013967,
          0.98158624,  0.99486462],
        [-0.23179743,  0.        ,  0.1667294 , ...,  0.88749527,
          0.910574  ,  0.94430729],
        [-0.39074126, -0.1667294 ,  0.        , ...,  0.79824101,
          0.82891147,  0.87622472],
        ...,
        [-0.97013967, -0.88749527, -0.79824101, ...,  0.        ,
          0.05276512,  0.14310908],
        [-0.98158624, -0.910574  , -0.82891147, ..., -0.05276512,
          0.        ,  0.09068771],
        [-0.99486462, -0.94430729, -0.87622472, ..., -0.14310908,
         -0.09068771,  0.        ]],

       ...,

       [[ 0.        ,  0.01007909, -0.02061138, ..., -0.94847758,
         -0.57970281, -0.29347805],
        [-0.01007909,  0.        , -0.03068728, ..., -0.95162291,
         -0.58788609, -0.30309841],
        [ 0.02061138,  0.03068728,  0.        , ..., -0.9417455 ,
         -0.56278493, -0.27371193],
        ...,
        [ 0.94847758,  0.95162291,  0.9417455 , ...,  0.        ,
          0.58917059,  0.81372531],
        [ 0.57970281,  0.58788609,  0.56278493, ..., -0.58917059,
          0.        ,  0.31504194],
        [ 0.29347805,  0.30309841,  0.27371193, ..., -0.81372531,
         -0.31504194,  0.        ]],

       [[ 0.        ,  0.21486173,  0.32669659, ...,  0.98859288,
          0.99801337,  0.99933522],
        [-0.21486173,  0.        ,  0.11599431, ...,  0.99786463,
          0.98824108,  0.98382846],
        [-0.32669659, -0.11599431,  0.        , ...,  0.98355264,
          0.96383436,  0.95641137],
        ...,
        [-0.98859288, -0.99786463, -0.98355264, ...,  0.        ,
         -0.08802936, -0.11447111],
        [-0.99801337, -0.98824108, -0.96383436, ...,  0.08802936,
          0.        , -0.02657601],
        [-0.99933522, -0.98382846, -0.95641137, ...,  0.11447111,
          0.02657601,  0.        ]],

       [[ 0.        ,  0.27286679,  0.37997016, ...,  0.9774    ,
          0.96295067,  0.95773665],
        [-0.27286679,  0.        ,  0.11314955, ...,  0.99799303,
          0.99999451,  0.99988147],
        [-0.37997016, -0.11314955,  0.        , ...,  0.98441881,
          0.9931976 ,  0.99520228],
        ...,
        [-0.9774    , -0.99799303, -0.98441881, ...,  0.        ,
          0.06001679,  0.0786818 ],
        [-0.96295067, -0.99999451, -0.9931976 , ..., -0.06001679,
          0.        ,  0.01870925],
        [-0.95773665, -0.99988147, -0.99520228, ..., -0.0786818 ,
         -0.01870925,  0.        ]]]), 'num': array([8.29115352e-01, 5.58925818e-01, 4.19548965e-06, 5.11740399e-08,
       6.65491462e-04, 7.15093310e-04, 6.55157744e-04, 1.28952405e-02,
       9.30034652e-06, 6.33456935e-04, 6.25344966e-04, 6.40414972e-04,
       6.48861385e-07, 6.84694256e-04, 5.65995677e-04])}
{'img': array([[[ 0.        ,  0.4064589 ,  0.33435827, ...,  0.98959443,
          0.99997412,  0.99740879],
        [-0.4064589 ,  0.        , -0.07757277, ...,  0.84567852,
          0.91656958,  0.9405432 ],
        [-0.33435827,  0.07757277,  0.        , ...,  0.88453025,
          0.94482711,  0.96405851],
        ...,
        [-0.98959443, -0.84567852, -0.88453025, ...,  0.        ,
          0.15100055,  0.2147059 ],
        [-0.99997412, -0.91656958, -0.94482711, ..., -0.15100055,
          0.        ,  0.06476498],
        [-0.99740879, -0.9405432 , -0.96405851, ..., -0.2147059 ,
         -0.06476498,  0.        ]],

       [[ 0.        ,  0.13175228,  0.07203294, ...,  0.51931234,
          0.80735436,  0.74398981],
        [-0.13175228,  0.        , -0.06000501, ...,  0.40219187,
          0.87805904,  0.64946853],
        [-0.07203294,  0.06000501,  0.        , ...,  0.45640507,
          0.84776131,  0.69392536],
        ...,
        [-0.51931234, -0.40219187, -0.45640507, ...,  0.        ,
          0.99638155,  0.28880236],
        [-0.80735436, -0.87805904, -0.84776131, ..., -0.99638155,
          0.        , -0.97847064],
        [-0.74398981, -0.64946853, -0.69392536, ..., -0.28880236,
          0.97847064,  0.        ]],

       [[ 0.        ,  0.32118956,  0.39850956, ...,  0.97824293,
          0.99320032,  0.99971482],
        [-0.32118956,  0.        ,  0.08281094, ...,  0.85977581,
          0.90318331,  0.93907466],
        [-0.39850956, -0.08281094,  0.        , ...,  0.81453351,
          0.8645341 ,  0.90738597],
        ...,
        [-0.97824293, -0.85977581, -0.81453351, ...,  0.        ,
          0.09216701,  0.1840425 ],
        [-0.99320032, -0.90318331, -0.8645341 , ..., -0.09216701,
          0.        ,  0.09266649],
        [-0.99971482, -0.93907466, -0.90738597, ..., -0.1840425 ,
         -0.09266649,  0.        ]],

       ...,

       [[ 0.        , -0.03068728, -0.2630644 , ..., -0.58788609,
         -0.30309841, -0.13319861],
        [ 0.03068728,  0.        , -0.23333408, ..., -0.56278493,
         -0.27371193, -0.10272205],
        [ 0.2630644 ,  0.23333408,  0.        , ..., -0.35437543,
         -0.04173311,  0.1322132 ],
        ...,
        [ 0.58788609,  0.56278493,  0.35437543, ...,  0.        ,
          0.31504194,  0.47489747],
        [ 0.30309841,  0.27371193,  0.04173311, ..., -0.31504194,
          0.        ,  0.17346476],
        [ 0.13319861,  0.10272205, -0.1322132 , ..., -0.47489747,
         -0.17346476,  0.        ]],

       [[ 0.        ,  0.25051616,  0.33821056, ...,  0.99865066,
          0.99968565,  0.99992395],
        [-0.25051616,  0.        ,  0.09167248, ...,  0.97981572,
          0.97408905,  0.97112835],
        [-0.33821056, -0.09167248,  0.        , ...,  0.95736433,
          0.94925428,  0.94516997],
        ...,
        [-0.99865066, -0.97981572, -0.95736433, ...,  0.        ,
         -0.02687663, -0.03961113],
        [-0.99968565, -0.97408905, -0.94925428, ...,  0.02687663,
          0.        , -0.01274128],
        [-0.99992395, -0.97112835, -0.94516997, ...,  0.03961113,
          0.01274128,  0.        ]],

       [[ 0.        ,  0.27223685,  0.3574516 , ...,  0.96679521,
          0.96176706,  0.95899408],
        [-0.27223685,  0.        ,  0.08970013, ...,  0.9998504 ,
          0.99999856,  0.99993216],
        [-0.3574516 , -0.08970013,  0.        , ...,  0.99426827,
          0.99611956,  0.99694605],
        ...,
        [-0.96679521, -0.9998504 , -0.99426827, ...,  0.        ,
          0.01899318,  0.02894175],
        [-0.96176706, -0.99999856, -0.99611956, ..., -0.01899318,
          0.        ,  0.00995131],
        [-0.95899408, -0.99993216, -0.99694605, ..., -0.02894175,
         -0.00995131,  0.        ]]]), 'num': array([ 8.24650111e-01,  5.65624271e-01,  4.04727876e-06,  5.59255182e-08,
        6.59098831e-04,  6.81755353e-04,  6.50860095e-04,  4.24987956e-03,
       -4.11936769e-06,  6.42621360e-04,  6.22951379e-04,  6.40716152e-04,
        6.78188583e-07,  6.81422100e-04,  5.64480658e-04])}
{'img': array([[[ 0.        , -0.08695779, -0.04084992, ...,  0.92753623,
          0.94993549,  0.94046828],
        [ 0.08695779,  0.        ,  0.04619002, ...,  0.95652174,
          0.97350675,  0.96646113],
        [ 0.04084992, -0.04619002,  0.        , ...,  0.94202899,
          0.96190597,  0.9535674 ],
        ...,
        [-0.92753623, -0.95652174, -0.94202899, ...,  0.        ,
          0.06521739,  0.03623188],
        [-0.94993549, -0.97350675, -0.96190597, ..., -0.06521739,
          0.        , -0.02901982],
        [-0.94046828, -0.96646113, -0.9535674 , ..., -0.03623188,
          0.02901982,  0.        ]],

       [[ 0.        , -0.06000501, -0.31311904, ...,  0.87805904,
          0.64946853, -0.06458193],
        [ 0.06000501,  0.        , -0.25556723, ...,  0.84776131,
          0.69392536, -0.00458581],
        [ 0.31311904,  0.25556723,  0.        , ...,  0.68406102,
          0.85490139,  0.25113102],
        ...,
        [-0.87805904, -0.84776131, -0.68406102, ...,  0.        ,
         -0.97847064, -0.84532018],
        [-0.64946853, -0.69392536, -0.85490139, ...,  0.97847064,
          0.        , -0.69722006],
        [ 0.06458193,  0.00458581, -0.25113102, ...,  0.84532018,
          0.69722006,  0.        ]],

       [[ 0.        ,  0.24573554,  0.36303725, ...,  0.98916626,
          0.99866038,  0.99946915],
        [-0.24573554,  0.        ,  0.12293527, ...,  0.92276151,
          0.95532304,  0.97682828],
        [-0.36303725, -0.12293527,  0.        , ...,  0.86838632,
          0.91174142,  0.94310757],
        ...,
        [-0.98916626, -0.92276151, -0.86838632, ...,  0.        ,
          0.0954195 ,  0.17894819],
        [-0.99866038, -0.95532304, -0.91174142, ..., -0.0954195 ,
          0.        ,  0.08425238],
        [-0.99946915, -0.97682828, -0.94310757, ..., -0.17894819,
         -0.08425238,  0.        ]],

       ...,

       [[ 0.        , -0.23333408, -0.16436518, ..., -0.27371193,
         -0.10272205, -0.01664227],
        [ 0.23333408,  0.        ,  0.07033249, ..., -0.04173311,
          0.1322132 ,  0.21711888],
        [ 0.16436518, -0.07033249,  0.        , ..., -0.11190097,
          0.06217073,  0.14792649],
        ...,
        [ 0.27371193,  0.04173311,  0.11190097, ...,  0.        ,
          0.17346476,  0.2576673 ],
        [ 0.10272205, -0.1322132 , -0.06217073, ..., -0.17346476,
          0.        ,  0.08615359],
        [ 0.01664227, -0.21711888, -0.14792649, ..., -0.2576673 ,
         -0.08615359,  0.        ]],

       [[ 0.        ,  0.23281973,  0.31403068, ...,  0.99995698,
          0.99999327,  0.9999545 ],
        [-0.23281973,  0.        ,  0.08435905, ...,  0.97463775,
          0.97165903,  0.97025474],
        [-0.31403068, -0.08435905,  0.        , ...,  0.952285  ,
          0.94825411,  0.94637403],
        ...,
        [-0.99995698, -0.97463775, -0.952285  , ...,  0.        ,
         -0.0129455 , -0.01881461],
        [-0.99999327, -0.97165903, -0.94825411, ...,  0.0129455 ,
          0.        , -0.00586983],
        [-0.9999545 , -0.97025474, -0.94637403, ...,  0.01881461,
          0.00586983,  0.        ]],

       [[ 0.        ,  0.23844219,  0.35657917, ...,  0.9656377 ,
          0.9629631 ,  0.96184482],
        [-0.23844219,  0.        ,  0.12352602, ...,  0.99975472,
          0.99947999,  0.99933876],
        [-0.35657917, -0.12352602,  0.        , ...,  0.99483367,
          0.99580841,  0.99617654],
        ...,
        [-0.9656377 , -0.99975472, -0.99483367, ...,  0.        ,
          0.01010161,  0.01421847],
        [-0.9629631 , -0.99947999, -0.99580841, ..., -0.01010161,
          0.        ,  0.00411715],
        [-0.96184482, -0.99933876, -0.99617654, ..., -0.01421847,
         -0.00411715,  0.        ]]]), 'num': array([ 8.34132891e-01,  5.51543320e-01,  4.52867902e-06,  5.48849812e-08,
        6.55660257e-04,  6.74573534e-04,  6.33594768e-04,  4.34929710e-03,
       -1.68118015e-05,  6.63435715e-04,  6.34015063e-04,  6.55765331e-04,
        7.09247874e-07,  6.89668061e-04,  5.78362064e-04])}
{'img': array([[[ 0.        ,  0.04619002,  0.04619002, ...,  0.97350675,
          0.96646113,  0.93022982],
        [-0.04619002,  0.        ,  0.        , ...,  0.96190597,
          0.9535674 ,  0.91228626],
        [-0.04619002,  0.        ,  0.        , ...,  0.96190597,
          0.9535674 ,  0.91228626],
        ...,
        [-0.97350675, -0.96190597, -0.96190597, ...,  0.        ,
         -0.02901982, -0.14455032],
        [-0.96646113, -0.9535674 , -0.9535674 , ...,  0.02901982,
          0.        , -0.11577441],
        [-0.93022982, -0.91228626, -0.91228626, ...,  0.14455032,
          0.11577441,  0.        ]],

       [[ 0.        , -0.25556723, -0.57845493, ...,  0.69392536,
         -0.00458581, -0.00293427],
        [ 0.25556723,  0.        , -0.35077533, ...,  0.85490139,
          0.25113102,  0.2527293 ],
        [ 0.57845493,  0.35077533,  0.        , ...,  0.98255957,
          0.57470814,  0.57605891],
        ...,
        [-0.69392536, -0.85490139, -0.98255957, ...,  0.        ,
         -0.69722006, -0.69603519],
        [ 0.00458581, -0.25113102, -0.57470814, ...,  0.69722006,
          0.        ,  0.00165155],
        [ 0.00293427, -0.2527293 , -0.57605891, ...,  0.69603519,
         -0.00165155,  0.        ]],

       [[ 0.        ,  0.27356731,  0.38122028, ...,  0.99767714,
          0.99984657,  0.99717401],
        [-0.27356731,  0.        ,  0.11376915, ...,  0.94098324,
          0.96649724,  0.97968683],
        [-0.38122028, -0.11376915,  0.        , ...,  0.89636811,
          0.93102006,  0.9505114 ],
        ...,
        [-0.99767714, -0.94098324, -0.89636811, ...,  0.        ,
          0.08558529,  0.14287939],
        [-0.99984657, -0.96649724, -0.93102006, ..., -0.08558529,
          0.        ,  0.05764794],
        [-0.99717401, -0.97968683, -0.9505114 , ..., -0.14287939,
         -0.05764794,  0.        ]],

       ...,

       [[ 0.        ,  0.07033249,  0.59474945, ...,  0.1322132 ,
          0.21711888,  0.26380649],
        [-0.07033249,  0.        ,  0.53673554, ...,  0.06217073,
          0.14792649,  0.1953122 ],
        [-0.59474945, -0.53673554,  0.        , ..., -0.48324066,
         -0.40601751, -0.36160385],
        ...,
        [-0.1322132 , -0.06217073,  0.48324066, ...,  0.        ,
          0.08615359,  0.13396098],
        [-0.21711888, -0.14792649,  0.40601751, ..., -0.08615359,
          0.        ,  0.04808585],
        [-0.26380649, -0.1953122 ,  0.36160385, ..., -0.13396098,
         -0.04808585,  0.        ]],

       [[ 0.        ,  0.2151954 ,  0.26447182, ...,  0.99984419,
          0.9997214 ,  0.99828857],
        [-0.2151954 ,  0.        ,  0.05074249, ...,  0.9726202 ,
          0.97121955,  0.96231502],
        [-0.26447182, -0.05074249,  0.        , ...,  0.95957467,
          0.95788225,  0.94727657],
        ...,
        [-0.99984419, -0.9726202 , -0.95957467, ...,  0.        ,
         -0.00595274, -0.04084916],
        [-0.9997214 , -0.97121955, -0.95788225, ...,  0.00595274,
          0.        , -0.03490066],
        [-0.99828857, -0.96231502, -0.94727657, ...,  0.04084916,
          0.03490066,  0.        ]],

       [[ 0.        ,  0.27103818,  0.42600982, ...,  0.9658918 ,
          0.96480501,  0.95827913],
        [-0.27103818,  0.        ,  0.16485041, ...,  0.99992137,
          0.99996492,  0.99988134],
        [-0.42600982, -0.16485041,  0.        , ...,  0.98417375,
          0.98490322,  0.98874101],
        ...,
        [-0.9658918 , -0.99992137, -0.98417375, ...,  0.        ,
          0.00416465,  0.02794222],
        [-0.96480501, -0.99996492, -0.98490322, ..., -0.00416465,
          0.        ,  0.02377895],
        [-0.95827913, -0.99988134, -0.98874101, ..., -0.02794222,
         -0.02377895,  0.        ]]]), 'num': array([7.93412852e-01, 6.08673764e-01, 2.93236648e-06, 4.28768982e-08,
       6.28364246e-04, 6.37340878e-04, 6.14400596e-04, 3.03948762e-03,
       5.98442139e-06, 6.32952302e-04, 6.00586557e-04, 6.24590736e-04,
       7.35373815e-07, 6.49531640e-04, 5.51641473e-04])}
{'img': array([[[ 0.        ,  0.        , -0.3355315 , ...,  0.9535674 ,
          0.91228626,  0.92925352],
        [ 0.        ,  0.        , -0.3355315 , ...,  0.9535674 ,
          0.91228626,  0.92925352],
        [ 0.3355315 ,  0.3355315 ,  0.        , ...,  0.99934341,
          0.99681808,  0.99934341],
        ...,
        [-0.9535674 , -0.9535674 , -0.99934341, ...,  0.        ,
         -0.11577441, -0.07241619],
        [-0.91228626, -0.91228626, -0.99681808, ...,  0.11577441,
          0.        ,  0.04354121],
        [-0.92925352, -0.92925352, -0.99934341, ...,  0.07241619,
         -0.04354121,  0.        ]],

