state_0,state_1,state_2,state_3,state_4,state_5,state_6,state_7,state_8,state_9,state_10,state_11,state_12,state_13,state_14,state_15,state_16,state_17,state_18,state_19,state_20,state_21,state_22,state_23,state_24,state_25,state_26,state_27,state_28,state_29,state_30,state_31,state_32,state_33,state_34,state_35,state_36,state_37,state_38,state_39,state_40,state_41,state_42,state_43,state_44,state_45,state_46,state_47,state_48,state_49,state_50,state_51,state_52,state_53,state_54,state_55,state_56,state_57,state_58,state_59,state_60,state_61,state_62,state_63,state_64,state_65,state_66,state_67,state_68,state_69,state_70,state_71,state_72,state_73,state_74,state_75,state_76,state_77,state_78,state_79,state_80,state_81,state_82,state_83,state_84,state_85,state_86,state_87,state_88,state_89,state_90,state_91,state_92,state_93,state_94,state_95,state_96,state_97,state_98,state_99,state_100,state_101,state_102,state_103,state_104,state_105,state_106,state_107,state_108,state_109,state_110,state_111,state_112,state_113,state_114,state_115,state_116,state_117,state_118,state_119,state_120,state_121,state_122,state_123,state_124,state_125,state_126,state_127,state_128,state_129,state_130,state_131,state_132,state_133,state_134,state_135,state_136,state_137,state_138,state_139,state_140,state_141,state_142,state_143,state_144,state_145,state_146,state_147,state_148,state_149,state_150,state_151,state_152,state_153,state_154,state_155,state_156,state_157,state_158,state_159,state_160,state_161,state_162,state_163,state_164,state_165,state_166,state_167,state_168,state_169,state_170,state_171,state_172,state_173,state_174,state_175,state_176,state_177,state_178,state_179,state_180,state_181,state_182,state_183,state_184,state_185,state_186,state_187,state_188,state_189,state_190,state_191,state_192,state_193,state_194,state_195,state_196,state_197,state_198,state_199,state_200,state_201,state_202,state_203,state_204,state_205,state_206,state_207,state_208,state_209,state_210,state_211,state_212,state_213,state_214,state_215,state_216,state_217,state_218,state_219,state_220,state_221,state_222,state_223,state_224,state_225,state_226,state_227,state_228,state_229,state_230,state_231,state_232,state_233,state_234,state_235,state_236,state_237,state_238,state_239,state_240,state_241,state_242,state_243,state_244,state_245,state_246,state_247,state_248,state_249,state_250,state_251,state_252,state_253,state_254,state_255,state_256,state_257,state_258,state_259,state_260,state_261,state_262,state_263,state_264,state_265,state_266,state_267,state_268,state_269,state_270,state_271,state_272,state_273,state_274,state_275,state_276,state_277,state_278,state_279,state_280,state_281,state_282,state_283,state_284,state_285,state_286,state_287
{'img': array([[[ 0.        ,  0.83607766,  0.62646706, ..., -0.98677936,
         -0.83607766, -0.95035845],
        [-0.83607766,  0.        , -0.30799218, ..., -0.67686072,
         -0.        , -0.2612256 ],
        [-0.62646706,  0.30799218,  0.        , ..., -0.87067423,
         -0.30799218, -0.54582513],
        ...,
        [ 0.98677936,  0.67686072,  0.87067423, ...,  0.        ,
         -0.67686072, -0.46106755],
        [ 0.83607766,  0.        ,  0.30799218, ...,  0.67686072,
          0.        ,  0.2612256 ],
        [ 0.95035845,  0.2612256 ,  0.54582513, ...,  0.46106755,
         -0.2612256 ,  0.        ]],

       [[ 0.        ,  0.65083024,  0.30366434, ..., -0.62640761,
         -0.17969258, -0.37534501],
        [-0.65083024,  0.        , -0.38954839, ..., -0.9829026 ,
         -0.77666335, -0.88821557],
        [-0.30366434,  0.38954839,  0.        , ..., -0.83353311,
         -0.46992887, -0.63908285],
        ...,
        [ 0.62640761,  0.9829026 ,  0.83353311, ...,  0.        ,
          0.47614187,  0.28802811],
        [ 0.17969258,  0.77666335,  0.46992887, ..., -0.47614187,
          0.        , -0.20268107],
        [ 0.37534501,  0.88821557,  0.63908285, ..., -0.28802811,
          0.20268107,  0.        ]],

       [[ 0.        ,  0.04820719,  0.19353997, ..., -0.97174827,
         -0.87743757, -0.65753425],
        [-0.04820719,  0.        ,  0.14601924, ..., -0.95924063,
         -0.85329287, -0.62044928],
        [-0.19353997, -0.14601924,  0.        , ..., -0.90769559,
         -0.76800797, -0.49928406],
        ...,
        [ 0.97174827,  0.95924063,  0.90769559, ...,  0.        ,
         -0.25904621, -0.57694808],
        [ 0.87743757,  0.85329287,  0.76800797, ...,  0.25904621,
          0.        , -0.34566994],
        [ 0.65753425,  0.62044928,  0.49928406, ...,  0.57694808,
          0.34566994,  0.        ]],

       ...,

       [[ 0.        ,  0.40346754,  0.39212678, ..., -0.96181889,
         -0.96968654, -0.96818978],
        [-0.40346754,  0.        , -0.01236066, ..., -0.99048218,
         -0.78866914, -0.98684224],
        [-0.39212678,  0.01236066,  0.        , ..., -0.99210785,
         -0.79620844, -0.9887654 ],
        ...,
        [ 0.96181889,  0.99048218,  0.99210785, ...,  0.        ,
         -0.50041293, -0.02431726],
        [ 0.96968654,  0.78866914,  0.79620844, ...,  0.50041293,
          0.        ,  0.47921139],
        [ 0.96818978,  0.98684224,  0.9887654 , ...,  0.02431726,
         -0.47921139,  0.        ]],

       [[ 0.        ,  0.1167113 ,  0.32173875, ..., -0.52090718,
         -0.508292  , -0.32173875],
        [-0.1167113 ,  0.        ,  0.20903436, ..., -0.41772092,
         -0.40430827, -0.20903436],
        [-0.32173875, -0.20903436,  0.        , ..., -0.21856928,
         -0.20418883, -0.        ],
        ...,
        [ 0.52090718,  0.41772092,  0.21856928, ...,  0.        ,
         -0.01471252, -0.21856928],
        [ 0.508292  ,  0.40430827,  0.20418883, ...,  0.01471252,
          0.        , -0.20418883],
        [ 0.32173875,  0.20903436,  0.        , ...,  0.21856928,
          0.20418883,  0.        ]],

       [[ 0.        ,  0.11047527,  0.21165976, ..., -0.99709105,
         -0.98305218, -0.78365765],
        [-0.11047527,  0.        ,  0.10239189, ..., -0.99940812,
         -0.95678181, -0.71023433],
        [-0.21165976, -0.10239189,  0.        , ..., -0.990633  ,
         -0.92197684, -0.6344211 ],
        ...,
        [ 0.99709105,  0.99940812,  0.990633  , ...,  0.        ,
         -0.25772059, -0.67911605],
        [ 0.98305218,  0.95678181,  0.92197684, ...,  0.25772059,
          0.        , -0.46700028],
        [ 0.78365765,  0.71023433,  0.6344211 , ...,  0.67911605,
          0.46700028,  0.        ]]]), 'num': array([7.07102040e-01, 7.07102040e-01, 0.00000000e+00, 0.00000000e+00,
       1.52707483e-04, 1.55861224e-04, 1.50715646e-04, 3.63365795e-03,
       1.65986394e-07, 1.54732517e-04, 1.63853469e-04, 1.78393877e-04,
       3.83731987e-07, 1.78312885e-04, 1.49394053e-04])}
{'img': array([[[ 0.        , -0.30799218, -0.71954632, ..., -0.        ,
         -0.2612256 , -0.28565228],
        [ 0.30799218,  0.        , -0.47068492, ..., -0.30799218,
         -0.54582513, -0.56692557],
        [ 0.71954632,  0.47068492,  0.        , ..., -0.71954632,
         -0.87596874, -0.88793486],
        ...,
        [ 0.        ,  0.30799218,  0.71954632, ...,  0.        ,
          0.2612256 ,  0.28565228],
        [ 0.2612256 ,  0.54582513,  0.87596874, ..., -0.2612256 ,
          0.        ,  0.0253926 ],
        [ 0.28565228,  0.56692557,  0.88793486, ..., -0.28565228,
         -0.0253926 ,  0.        ]],

       [[ 0.        , -0.38954839, -0.70031922, ..., -0.77666335,
         -0.88821557, -0.87927743],
        [ 0.38954839,  0.        , -0.36692695, ..., -0.46992887,
         -0.63908285, -0.624274  ],
        [ 0.70031922,  0.36692695,  0.        , ..., -0.11326323,
         -0.31228924, -0.2940854 ],
        ...,
        [ 0.77666335,  0.46992887,  0.11326323, ...,  0.        ,
         -0.20268107, -0.18393833],
        [ 0.88821557,  0.63908285,  0.31228924, ...,  0.20268107,
          0.        ,  0.01910222],
        [ 0.87927743,  0.624274  ,  0.2940854 , ...,  0.18393833,
         -0.01910222,  0.        ]],

       [[ 0.        ,  0.1427992 ,  0.15963707, ..., -0.92840701,
         -0.87198539, -0.60930826],
        [-0.1427992 ,  0.        ,  0.01703314, ..., -0.86583323,
         -0.79314424, -0.48983361],
        [-0.15963707, -0.01703314,  0.        , ..., -0.85718539,
         -0.78265541, -0.47491278],
        ...,
        [ 0.92840701,  0.86583323,  0.85718539, ...,  0.        ,
         -0.13048574, -0.50976744],
        [ 0.87198539,  0.79314424,  0.78265541, ...,  0.13048574,
          0.        , -0.39315054],
        [ 0.60930826,  0.48983361,  0.47491278, ...,  0.50976744,
          0.39315054,  0.        ]],

       ...,

       [[ 0.        , -0.01236066, -0.23092324, ..., -0.78866914,
         -0.98684224, -0.9997624 ],
        [ 0.01236066,  0.        , -0.21887902, ..., -0.79620844,
         -0.9887654 , -0.99995546],
        [ 0.23092324,  0.21887902,  0.        , ..., -0.9093287 ,
         -0.99750692, -0.97777444],
        ...,
        [ 0.78866914,  0.79620844,  0.9093287 , ...,  0.        ,
          0.47921139,  0.5974804 ],
        [ 0.98684224,  0.9887654 ,  0.99750692, ..., -0.47921139,
          0.        ,  0.14013655],
        [ 0.9997624 ,  0.99995546,  0.97777444, ..., -0.5974804 ,
         -0.14013655,  0.        ]],

       [[ 0.        ,  0.20772558,  0.00800651, ..., -0.49157322,
         -0.42088554, -0.20772558],
        [-0.20772558,  0.        , -0.19988706, ..., -0.29995563,
         -0.22327409, -0.        ],
        [-0.00800651,  0.19988706,  0.        , ..., -0.4845851 ,
         -0.41360923, -0.19988706],
        ...,
        [ 0.49157322,  0.29995563,  0.4845851 , ...,  0.        ,
         -0.07939044, -0.29995563],
        [ 0.42088554,  0.22327409,  0.41360923, ...,  0.07939044,
          0.        , -0.22327409],
        [ 0.20772558,  0.        ,  0.19988706, ...,  0.29995563,
          0.22327409,  0.        ]],

       [[ 0.        ,  0.0995993 ,  0.08154154, ..., -0.98886174,
         -0.93499936, -0.69608603],
        [-0.0995993 ,  0.        , -0.01813154, ..., -0.96912069,
         -0.89502736, -0.62111668],
        [-0.08154154,  0.01813154,  0.        , ..., -0.97343237,
         -0.9029671 , -0.63522459],
        ...,
        [ 0.98886174,  0.96912069,  0.97343237, ...,  0.        ,
         -0.2115367 , -0.6063582 ],
        [ 0.93499936,  0.89502736,  0.9029671 , ...,  0.2115367 ,
          0.        , -0.42442413],
        [ 0.69608603,  0.62111668,  0.63522459, ...,  0.6063582 ,
          0.42442413,  0.        ]]]), 'num': array([ 9.15983208e-01,  4.01199810e-01,  5.54126370e-05, -1.69887787e-10,
        1.98681358e-04,  1.98681358e-04,  1.94617907e-04,  3.62355017e-03,
        1.92479249e-06,  1.98210853e-04,  2.09898621e-04,  2.28879213e-04,
        5.85317013e-07,  2.28433510e-04,  1.91363731e-04])}
{'img': array([[[ 0.        , -0.67626895, -0.72681551, ..., -0.26440108,
         -0.28911169, -0.44958325],
        [ 0.67626895,  0.        , -0.07092848, ..., -0.84697477,
         -0.86036466, -0.93525708],
        [ 0.72681551,  0.07092848,  0.        , ..., -0.88254951,
         -0.8943485 , -0.95800805],
        ...,
        [ 0.26440108,  0.84697477,  0.88254951, ...,  0.        ,
          0.02571309,  0.19741064],
        [ 0.28911169,  0.86036466,  0.8943485 , ..., -0.02571309,
          0.        ,  0.1721383 ],
        [ 0.44958325,  0.93525708,  0.95800805, ..., -0.19741064,
         -0.1721383 ,  0.        ]],

       [[ 0.        , -0.36692695, -0.06789196, ..., -0.63908285,
         -0.624274  , -0.70119272],
        [ 0.36692695,  0.        ,  0.30292385, ..., -0.31228924,
         -0.2940854 , -0.3906758 ],
        [ 0.06789196, -0.30292385,  0.        , ..., -0.58539   ,
         -0.56979603, -0.65116979],
        ...,
        [ 0.63908285,  0.31228924,  0.58539   , ...,  0.        ,
          0.01910222, -0.08366585],
        [ 0.624274  ,  0.2940854 ,  0.56979603, ..., -0.01910222,
          0.        , -0.10268583],
        [ 0.70119272,  0.3906758 ,  0.65116979, ...,  0.08366585,
          0.10268583,  0.        ]],

       [[ 0.        ,  0.01683522,  0.16832154, ..., -0.84454141,
         -0.71868777, -0.48484865],
        [-0.01683522,  0.        ,  0.15170267, ..., -0.83540662,
         -0.70687983, -0.47005588],
        [-0.16832154, -0.15170267,  0.        , ..., -0.74235707,
         -0.59139412, -0.3307172 ],
        ...,
        [ 0.84454141,  0.83540662,  0.74235707, ...,  0.        ,
         -0.20238716, -0.47900256],
        [ 0.71868777,  0.70687983,  0.59139412, ...,  0.20238716,
          0.        , -0.2914317 ],
        [ 0.48484865,  0.47005588,  0.3307172 , ...,  0.47900256,
          0.2914317 ,  0.        ]],

       ...,

       [[ 0.        , -0.21887902, -0.28035862, ..., -0.9887654 ,
         -0.99995546, -0.97233007],
        [ 0.21887902,  0.        , -0.06345954, ..., -0.99750692,
         -0.97777444, -0.89762041],
        [ 0.28035862,  0.06345954,  0.        , ..., -0.99101809,
         -0.96249875, -0.86784016],
        ...,
        [ 0.9887654 ,  0.99750692,  0.99101809, ...,  0.        ,
          0.14013655,  0.37632649],
        [ 0.99995546,  0.97777444,  0.96249875, ..., -0.14013655,
          0.        ,  0.24277827],
        [ 0.97233007,  0.89762041,  0.86784016, ..., -0.37632649,
         -0.24277827,  0.        ]],

       [[ 0.        , -0.19673568, -0.41704775, ..., -0.40938112,
         -0.3498381 , -0.        ],
        [ 0.19673568,  0.        , -0.23008718, ..., -0.58087485,
         -0.52730505, -0.19673568],
        [ 0.41704775,  0.23008718,  0.        , ..., -0.75257932,
         -0.70865703, -0.41704775],
        ...,
        [ 0.40938112,  0.58087485,  0.75257932, ...,  0.        ,
         -0.06433289, -0.40938112],
        [ 0.3498381 ,  0.52730505,  0.70865703, ...,  0.06433289,
          0.        , -0.3498381 ],
        [ 0.        ,  0.19673568,  0.41704775, ...,  0.40938112,
          0.3498381 ,  0.        ]],

       [[ 0.        , -0.01786017, -0.02008445, ..., -0.9342673 ,
         -0.83488897, -0.61381473],
        [ 0.01786017,  0.        , -0.00222468, ..., -0.94048674,
         -0.84458637, -0.62781653],
        [ 0.02008445,  0.00222468,  0.        , ..., -0.94124043,
         -0.84577541, -0.62954658],
        ...,
        [ 0.9342673 ,  0.94048674,  0.94124043, ...,  0.        ,
         -0.21653868, -0.5186874 ],
        [ 0.83488897,  0.84458637,  0.84577541, ...,  0.21653868,
          0.        , -0.32124828],
        [ 0.61381473,  0.62781653,  0.62954658, ...,  0.5186874 ,
          0.32124828,  0.        ]]]), 'num': array([9.66038183e-01, 2.58316339e-01, 7.48120343e-05, 1.19545240e-08,
       2.10568832e-04, 2.12126952e-04, 2.06339648e-04, 6.52064451e-03,
       3.78400650e-06, 2.06028024e-04, 2.17257620e-04, 2.37290596e-04,
       8.04115948e-07, 2.35331199e-04, 1.99184041e-04])}
{'img': array([[[ 0.        , -0.08613202,  0.21729403, ..., -0.78839757,
         -0.88454049, -0.96707209],
        [ 0.08613202,  0.        ,  0.30056051, ..., -0.83845317,
         -0.92143074, -0.98539901],
        [-0.21729403, -0.30056051,  0.        , ..., -0.63588784,
         -0.76204573, -0.88866316],
        ...,
        [ 0.78839757,  0.83845317,  0.63588784, ...,  0.        ,
          0.17638065,  0.39426068],
        [ 0.88454049,  0.92143074,  0.76204573, ..., -0.17638065,
          0.        ,  0.2259859 ],
        [ 0.96707209,  0.98539901,  0.88866316, ..., -0.39426068,
         -0.2259859 ,  0.        ]],

       [[ 0.        ,  0.30292385,  0.10082857, ..., -0.2940854 ,
         -0.3906758 , -0.18702541],
        [-0.30292385,  0.        , -0.20528897, ..., -0.56979603,
         -0.65116979, -0.47581676],
        [-0.10082857,  0.20528897,  0.        , ..., -0.38895653,
         -0.4815004 , -0.28512175],
        ...,
        [ 0.2940854 ,  0.56979603,  0.38895653, ...,  0.        ,
         -0.10268583,  0.1101413 ],
        [ 0.3906758 ,  0.65116979,  0.4815004 , ...,  0.10268583,
          0.        ,  0.21162016],
        [ 0.18702541,  0.47581676,  0.28512175, ..., -0.1101413 ,
         -0.21162016,  0.        ]],

       [[ 0.        ,  0.15132492,  0.46899655, ..., -0.72742574,
         -0.5865799 , -0.46899655],
        [-0.15132492,  0.        ,  0.32994545, ..., -0.61521166,
         -0.45726814, -0.32994545],
        [-0.46899655, -0.32994545,  0.        , ..., -0.32064335,
         -0.13823111, -0.        ],
        ...,
        [ 0.72742574,  0.61521166,  0.32064335, ...,  0.        ,
         -0.18663267, -0.32064335],
        [ 0.5865799 ,  0.45726814,  0.13823111, ...,  0.18663267,
          0.        , -0.13823111],
        [ 0.46899655,  0.32994545,  0.        , ...,  0.32064335,
          0.13823111,  0.        ]],

       ...,

       [[ 0.        , -0.06345954,  0.14628895, ..., -0.97777444,
         -0.89762041, -0.65760817],
        [ 0.06345954,  0.        ,  0.20877093, ..., -0.96249875,
         -0.86784016, -0.60847482],
        [-0.14628895, -0.20877093,  0.        , ..., -0.99792633,
         -0.9524434 , -0.76074182],
        ...,
        [ 0.97777444,  0.96249875,  0.99792633, ...,  0.        ,
          0.24277827,  0.59874243],
        [ 0.89762041,  0.86784016,  0.9524434 , ..., -0.24277827,
          0.        ,  0.38637792],
        [ 0.65760817,  0.60847482,  0.76074182, ..., -0.59874243,
         -0.38637792,  0.        ]],

       [[ 0.        , -0.36353093, -0.3345588 , ..., -0.55361234,
         -0.4497001 , -0.        ],
        [ 0.36353093,  0.        ,  0.03091342, ..., -0.81847466,
         -0.743631  , -0.36353093],
        [ 0.3345588 , -0.03091342,  0.        , ..., -0.8003224 ,
         -0.72260718, -0.3345588 ],
        ...,
        [ 0.55361234,  0.81847466,  0.8003224 , ...,  0.        ,
         -0.11997648, -0.55361234],
        [ 0.4497001 ,  0.743631  ,  0.72260718, ...,  0.11997648,
          0.        , -0.4497001 ],
        [ 0.        ,  0.36353093,  0.3345588 , ...,  0.55361234,
          0.4497001 ,  0.        ]],

       [[ 0.        , -0.00222468,  0.03219054, ..., -0.84458637,
         -0.62781653, -0.65636388],
        [ 0.00222468,  0.        ,  0.03441399, ..., -0.84577541,
         -0.62954658, -0.65804065],
        [-0.03219054, -0.03441399,  0.        , ..., -0.82691322,
         -0.60243529, -0.63173774],
        ...,
        [ 0.84458637,  0.84577541,  0.82691322, ...,  0.        ,
         -0.32124828, -0.2857636 ],
        [ 0.62781653,  0.62954658,  0.60243529, ...,  0.32124828,
          0.        ,  0.03723557],
        [ 0.65636388,  0.65804065,  0.63173774, ...,  0.2857636 ,
         -0.03723557,  0.        ]]]), 'num': array([9.58993510e-01, 2.83358868e-01, 7.11194359e-05, 4.12762574e-08,
       2.09304412e-04, 2.12829539e-04, 2.07101207e-04, 6.23121266e-03,
       8.81281734e-07, 2.05514900e-04, 2.13942157e-04, 2.34108821e-04,
       8.24789315e-07, 2.30333449e-04, 1.97550865e-04])}
{'img': array([[[ 0.        ,  0.30056051,  0.18380589, ..., -0.92143074,
         -0.98539901, -0.99204336],
        [-0.30056051,  0.        , -0.12013252, ..., -0.76204573,
         -0.88866316, -0.90833443],
        [-0.18380589,  0.12013252,  0.        , ..., -0.83431549,
         -0.93731538, -0.95200093],
        ...,
        [ 0.92143074,  0.76204573,  0.83431549, ...,  0.        ,
          0.2259859 ,  0.26944609],
        [ 0.98539901,  0.88866316,  0.93731538, ..., -0.2259859 ,
          0.        ,  0.04484776],
        [ 0.99204336,  0.90833443,  0.95200093, ..., -0.26944609,
         -0.04484776,  0.        ]],

       [[ 0.        , -0.20528897, -0.12234667, ..., -0.65116979,
         -0.47581676, -0.48756277],
        [ 0.20528897,  0.        ,  0.08400587, ..., -0.4815004 ,
         -0.28512175, -0.29794304],
        [ 0.12234667, -0.08400587,  0.        , ..., -0.55342501,
         -0.36463282, -0.37708052],
        ...,
        [ 0.65116979,  0.4815004 ,  0.55342501, ...,  0.        ,
          0.21162016,  0.19850146],
        [ 0.47581676,  0.28512175,  0.36463282, ..., -0.21162016,
          0.        , -0.01340325],
        [ 0.48756277,  0.29794304,  0.37708052, ..., -0.19850146,
          0.01340325,  0.        ]],

       [[ 0.        ,  0.32994545, -0.00956762, ..., -0.45726814,
         -0.32994545, -0.62669729],
        [-0.32994545,  0.        , -0.33896218, ..., -0.13823111,
         -0.        , -0.33448803],
        [ 0.00956762,  0.33896218,  0.        , ..., -0.46575597,
         -0.33896218, -0.63412429],
        ...,
        [ 0.45726814,  0.13823111,  0.46575597, ...,  0.        ,
         -0.13823111,  0.20100794],
        [ 0.32994545,  0.        ,  0.33896218, ...,  0.13823111,
          0.        ,  0.33448803],
        [ 0.62669729,  0.33448803,  0.63412429, ..., -0.20100794,
         -0.33448803,  0.        ]],

       ...,

       [[ 0.        ,  0.20877093, -0.59719107, ..., -0.86784016,
         -0.60847482, -0.56479288],
        [-0.20877093,  0.        , -0.75148666, ..., -0.9524434 ,
         -0.76074182, -0.72463202],
        [ 0.59719107,  0.75148666,  0.        , ..., -0.39938323,
         -0.01414223,  0.03980179],
        ...,
        [ 0.86784016,  0.9524434 ,  0.39938323, ...,  0.        ,
          0.38637792,  0.4355564 ],
        [ 0.60847482,  0.76074182,  0.01414223, ..., -0.38637792,
          0.        ,  0.05392883],
        [ 0.56479288,  0.72463202, -0.03980179, ..., -0.4355564 ,
         -0.05392883,  0.        ]],

       [[ 0.        ,  0.0734099 ,  0.17861477, ..., -0.75067063,
         -0.61168828, -0.17861477],
        [-0.0734099 ,  0.        ,  0.10590344, ..., -0.70014501,
         -0.55196336, -0.10590344],
        [-0.17861477, -0.10590344,  0.        , ..., -0.62059256,
         -0.46054982, -0.        ],
        ...,
        [ 0.75067063,  0.70014501,  0.62059256, ...,  0.        ,
         -0.18972656, -0.62059256],
        [ 0.61168828,  0.55196336,  0.46054982, ...,  0.18972656,
          0.        , -0.46054982],
        [ 0.17861477,  0.10590344,  0.        , ...,  0.62059256,
          0.46054982,  0.        ]],

       [[ 0.        ,  0.03441399,  0.06357411, ..., -0.62954658,
         -0.65804065, -0.76782662],
        [-0.03441399,  0.        ,  0.02919208, ..., -0.60243529,
         -0.63173774, -0.74532423],
        [-0.06357411, -0.02919208,  0.        , ..., -0.57887837,
         -0.60883933, -0.72554416],
        ...,
        [ 0.62954658,  0.60243529,  0.57887837, ...,  0.        ,
          0.03723557,  0.19324882],
        [ 0.65804065,  0.63173774,  0.60883933, ..., -0.03723557,
          0.        ,  0.15658113],
        [ 0.76782662,  0.74532423,  0.72554416, ..., -0.19324882,
         -0.15658113,  0.        ]]]), 'num': array([ 9.64090617e-01,  2.65459020e-01,  7.40075845e-05,  4.84243134e-08,
        2.10051593e-04,  2.17839523e-04,  2.07826470e-04,  7.77253197e-03,
       -1.33507368e-06,  2.08672017e-04,  2.14957989e-04,  2.35670173e-04,
        8.92494312e-07,  2.29912718e-04,  2.00003259e-04])}
{'img': array([[[ 0.        , -0.12013252, -0.45770832, ..., -0.88866316,
         -0.90833443, -0.87772117],
        [ 0.12013252,  0.        , -0.34758342, ..., -0.93731538,
         -0.95200093, -0.92892871],
        [ 0.45770832,  0.34758342,  0.        , ..., -0.99999954,
         -0.99903637, -0.99970489],
        ...,
        [ 0.88866316,  0.93731538,  0.99999954, ...,  0.        ,
          0.04484776, -0.02333394],
        [ 0.90833443,  0.95200093,  0.99903637, ..., -0.04484776,
          0.        , -0.06814601],
        [ 0.87772117,  0.92892871,  0.99970489, ...,  0.02333394,
          0.06814601,  0.        ]],

       [[ 0.        ,  0.08400587,  0.15684793, ..., -0.28512175,
         -0.29794304, -0.21897507],
        [-0.08400587,  0.        ,  0.07332741, ..., -0.36463282,
         -0.37708052, -0.30016813],
        [-0.15684793, -0.07332741,  0.        , ..., -0.43193012,
         -0.4439798 , -0.36930607],
        ...,
        [ 0.28512175,  0.36463282,  0.43193012, ...,  0.        ,
         -0.01340325,  0.06831628],
        [ 0.29794304,  0.37708052,  0.4439798 , ...,  0.01340325,
          0.        ,  0.08168208],
        [ 0.21897507,  0.30016813,  0.36930607, ..., -0.06831628,
         -0.08168208,  0.        ]],

       [[ 0.        , -0.33896218, -0.5350822 , ..., -0.        ,
         -0.33448803, -0.43089934],
        [ 0.33896218,  0.        , -0.21705008, ..., -0.33896218,
         -0.63412429, -0.71126957],
        [ 0.5350822 ,  0.21705008,  0.        , ..., -0.5350822 ,
         -0.78683695, -0.84688194],
        ...,
        [ 0.        ,  0.33896218,  0.5350822 , ...,  0.        ,
          0.33448803,  0.43089934],
        [ 0.33448803,  0.63412429,  0.78683695, ..., -0.33448803,
          0.        ,  0.10423754],
        [ 0.43089934,  0.71126957,  0.84688194, ..., -0.43089934,
         -0.10423754,  0.        ]],

       ...,

       [[ 0.        , -0.75148666, -0.76532154, ..., -0.76074182,
         -0.72463202, -0.64600233],
        [ 0.75148666,  0.        , -0.02122658, ..., -0.01414223,
          0.03980179,  0.14743747],
        [ 0.76532154,  0.02122658,  0.        , ...,  0.00708541,
          0.06100257,  0.16839885],
        ...,
        [ 0.76074182,  0.01414223, -0.00708541, ...,  0.        ,
          0.05392883,  0.1614104 ],
        [ 0.72463202, -0.03980179, -0.06100257, ..., -0.05392883,
          0.        ,  0.10795383],
        [ 0.64600233, -0.14743747, -0.16839885, ..., -0.1614104 ,
         -0.10795383,  0.        ]],

       [[ 0.        ,  0.10296588,  0.00148053, ..., -0.69808101,
         -0.54463545, -0.10296588],
        [-0.10296588,  0.        , -0.10149311, ..., -0.62064512,
         -0.45538596, -0.        ],
        [-0.00148053,  0.10149311,  0.        , ..., -0.69702016,
         -0.54339317, -0.10149311],
        ...,
        [ 0.69808101,  0.62064512,  0.69702016, ...,  0.        ,
         -0.19549241, -0.62064512],
        [ 0.54463545,  0.45538596,  0.54339317, ...,  0.19549241,
          0.        , -0.45538596],
        [ 0.10296588,  0.        ,  0.10149311, ...,  0.62064512,
          0.45538596,  0.        ]],

       [[ 0.        ,  0.02919208,  0.06810594, ..., -0.63173774,
         -0.74532423, -0.80380221],
        [-0.02919208,  0.        ,  0.03895261, ..., -0.60883933,
         -0.72554416, -0.78609337],
        [-0.06810594, -0.03895261,  0.        , ..., -0.57747639,
         -0.69818727, -0.76141986],
        ...,
        [ 0.63173774,  0.60883933,  0.57747639, ...,  0.        ,
          0.15658113,  0.24727449],
        [ 0.74532423,  0.72554416,  0.69818727, ..., -0.15658113,
          0.        ,  0.0925058 ],
        [ 0.80380221,  0.78609337,  0.76141986, ..., -0.24727449,
         -0.0925058 ,  0.        ]]]), 'num': array([9.55536470e-01, 2.94840834e-01, 6.91827891e-05, 3.72352629e-08,
       2.08948651e-04, 2.10917801e-04, 2.05447941e-04, 4.30959328e-03,
       2.40673839e-06, 2.06716948e-04, 2.10513031e-04, 2.30941135e-04,
       1.05021312e-06, 2.23611691e-04, 1.97414371e-04])}
{'img': array([[[ 0.        , -0.34758342, -0.35672877, ..., -0.95200093,
         -0.92892871, -0.96693522],
        [ 0.34758342,  0.        , -0.00977119, ..., -0.99903637,
         -0.99970489, -0.99528736],
        [ 0.35672877,  0.00977119,  0.        , ..., -0.99855982,
         -0.99989454, -0.99429234],
        ...,
        [ 0.95200093,  0.99903637,  0.99855982, ...,  0.        ,
         -0.06814601,  0.05319286],
        [ 0.92892871,  0.99970489,  0.99989454, ...,  0.06814601,
          0.        ,  0.12111874],
        [ 0.96693522,  0.99528736,  0.99429234, ..., -0.05319286,
         -0.12111874,  0.        ]],

       [[ 0.        ,  0.07332741, -0.03239769, ..., -0.37708052,
         -0.30016813, -0.50074479],
        [-0.07332741,  0.        , -0.10559939, ..., -0.4439798 ,
         -0.36930607, -0.56286858],
        [ 0.03239769,  0.10559939,  0.        , ..., -0.34687646,
         -0.26910685, -0.47243865],
        ...,
        [ 0.37708052,  0.4439798 ,  0.34687646, ...,  0.        ,
          0.08168208, -0.13738105],
        [ 0.30016813,  0.36930607,  0.26910685, ..., -0.08168208,
          0.        , -0.21782957],
        [ 0.50074479,  0.56286858,  0.47243865, ...,  0.13738105,
          0.21782957,  0.        ]],

       [[ 0.        , -0.43367009, -0.50775687, ..., -0.33939753,
         -0.43707941, -0.53992246],
        [ 0.43367009,  0.        , -0.08391839, ..., -0.71375027,
         -0.78389272, -0.85153538],
        [ 0.50775687,  0.08391839,  0.        , ..., -0.77000907,
         -0.83323226, -0.89252988],
        ...,
        [ 0.33939753,  0.71375027,  0.77000907, ...,  0.        ,
          0.10587379,  0.2221984 ],
        [ 0.43707941,  0.78389272,  0.83323226, ..., -0.10587379,
          0.        ,  0.11772245],
        [ 0.53992246,  0.85153538,  0.89252988, ..., -0.2221984 ,
         -0.11772245,  0.        ]],

       ...,

       [[ 0.        , -0.02122658, -0.1195334 , ...,  0.03980179,
          0.14743747,  0.44686469],
        [ 0.02122658,  0.        , -0.09843209, ...,  0.06100257,
          0.16839885,  0.46575333],
        [ 0.1195334 ,  0.09843209,  0.        , ...,  0.1589551 ,
          0.26460744,  0.55059551],
        ...,
        [-0.03980179, -0.06100257, -0.1589551 , ...,  0.        ,
          0.10795383,  0.41090385],
        [-0.14743747, -0.16839885, -0.26460744, ..., -0.10795383,
          0.        ,  0.31008328],
        [-0.44686469, -0.46575333, -0.55059551, ..., -0.41090385,
         -0.31008328,  0.        ]],

       [[ 0.        , -0.09902561, -0.15981421, ..., -0.60096751,
         -0.42817294, -0.        ],
        [ 0.09902561,  0.        , -0.06127586, ..., -0.67716223,
         -0.51555755, -0.09902561],
        [ 0.15981421,  0.06127586,  0.        , ..., -0.7209786 ,
         -0.56709328, -0.15981421],
        ...,
        [ 0.60096751,  0.67716223,  0.7209786 , ...,  0.        ,
         -0.20086516, -0.60096751],
        [ 0.42817294,  0.51555755,  0.56709328, ...,  0.20086516,
          0.        , -0.42817294],
        [ 0.        ,  0.09902561,  0.15981421, ...,  0.60096751,
          0.42817294,  0.        ]],

       [[ 0.        ,  0.03895261,  0.09529822, ..., -0.72554416,
         -0.78609337, -0.84620411],
        [-0.03895261,  0.        ,  0.05645056, ..., -0.69818727,
         -0.76141986, -0.82480565],
        [-0.09529822, -0.05645056,  0.        , ..., -0.65666013,
         -0.7236111 , -0.79157233],
        ...,
        [ 0.72554416,  0.69818727,  0.65666013, ...,  0.        ,
          0.0925058 ,  0.19572437],
        [ 0.78609337,  0.76141986,  0.7236111 , ..., -0.0925058 ,
          0.        ,  0.10416849],
        [ 0.84620411,  0.82480565,  0.79157233, ..., -0.19572437,
         -0.10416849,  0.        ]]]), 'num': array([8.31020295e-01, 5.56208237e-01, 2.85667420e-05, 4.66733599e-08,
       1.82720783e-04, 1.86139675e-04, 1.78922014e-04, 6.11497324e-03,
       1.32956911e-06, 1.80707436e-04, 1.82198452e-04, 1.99840568e-04,
       8.82655123e-07, 1.92393654e-04, 1.72003251e-04])}
{'img': array([[[ 0.        , -0.00977119, -0.06677814, ..., -0.99970489,
         -0.99528736, -0.98602764],
        [ 0.00977119,  0.        , -0.05702557, ..., -0.99989454,
         -0.99429234, -0.98435286],
        [ 0.06677814,  0.05702557,  0.        , ..., -0.99909561,
         -0.9865903 , -0.97270265],
        ...,
        [ 0.99970489,  0.99989454,  0.99909561, ...,  0.        ,
          0.12111874,  0.19048567],
        [ 0.99528736,  0.99429234,  0.9865903 , ..., -0.12111874,
          0.        ,  0.07018226],
        [ 0.98602764,  0.98435286,  0.97270265, ..., -0.19048567,
         -0.07018226,  0.        ]],

       [[ 0.        , -0.10559939, -0.23118629, ..., -0.36930607,
         -0.56286858, -0.39885511],
        [ 0.10559939,  0.        , -0.12715503, ..., -0.26910685,
         -0.47243865, -0.2997889 ],
        [ 0.23118629,  0.12715503,  0.        , ..., -0.14445815,
         -0.35653399, -0.17604886],
        ...,
        [ 0.36930607,  0.26910685,  0.14445815, ...,  0.        ,
         -0.21782957, -0.03200035],
        [ 0.56286858,  0.47243865,  0.35653399, ...,  0.21782957,
          0.        ,  0.18648609],
        [ 0.39885511,  0.2997889 ,  0.17604886, ...,  0.03200035,
         -0.18648609,  0.        ]],

       [[ 0.        , -0.13208179, -0.22512553, ..., -0.65117882,
         -0.73751173, -0.79877248],
        [ 0.13208179,  0.        , -0.09446194, ..., -0.74571381,
         -0.82024963, -0.87123908],
        [ 0.22512553,  0.09446194,  0.        , ..., -0.80531615,
         -0.87061463, -0.9137108 ],
        ...,
        [ 0.65117882,  0.74571381,  0.80531615, ...,  0.        ,
          0.1199522 ,  0.21443707],
        [ 0.73751173,  0.82024963,  0.87061463, ..., -0.1199522 ,
          0.        ,  0.09572691],
        [ 0.79877248,  0.87123908,  0.9137108 , ..., -0.21443707,
         -0.09572691,  0.        ]],

       ...,

       [[ 0.        , -0.09843209,  0.09034329, ...,  0.16839885,
          0.46575333,  0.41038543],
        [ 0.09843209,  0.        ,  0.18793413, ...,  0.26460744,
          0.55059551,  0.49815392],
        [-0.09034329, -0.18793413,  0.        , ...,  0.07865712,
          0.38390262,  0.32632208],
        ...,
        [-0.16839885, -0.26460744, -0.07865712, ...,  0.        ,
          0.31008328,  0.25095972],
        [-0.46575333, -0.55059551, -0.38390262, ..., -0.31008328,
          0.        , -0.06157008],
        [-0.41038543, -0.49815392, -0.32632208, ..., -0.25095972,
          0.06157008,  0.        ]],

       [[ 0.        , -0.12352359, -0.14743696, ..., -0.554859  ,
         -0.38031331, -0.        ],
        [ 0.12352359,  0.        , -0.02413418, ..., -0.65337445,
         -0.49164248, -0.12352359],
        [ 0.14743696,  0.02413418,  0.        , ..., -0.67145455,
         -0.51251525, -0.14743696],
        ...,
        [ 0.554859  ,  0.65337445,  0.67145455, ...,  0.        ,
         -0.19676609, -0.554859  ],
        [ 0.38031331,  0.49164248,  0.51251525, ...,  0.19676609,
          0.        , -0.38031331],
        [ 0.        ,  0.12352359,  0.14743696, ...,  0.554859  ,
          0.38031331,  0.        ]],

       [[ 0.        ,  0.05645056,  0.08112128, ..., -0.76141986,
         -0.82480565, -0.86708429],
        [-0.05645056,  0.        ,  0.0247274 , ..., -0.7236111 ,
         -0.79157233, -0.83758014],
        [-0.08112128, -0.0247274 ,  0.        , ..., -0.7063228 ,
         -0.77621999, -0.8238151 ],
        ...,
        [ 0.76141986,  0.7236111 ,  0.7063228 , ...,  0.        ,
          0.10416849,  0.18278523],
        [ 0.82480565,  0.79157233,  0.77621999, ..., -0.10416849,
          0.        ,  0.07937726],
        [ 0.86708429,  0.83758014,  0.8238151 , ..., -0.18278523,
         -0.07937726,  0.        ]]]), 'num': array([ 8.15745541e-01,  5.78400309e-01,  2.49837086e-05,  5.04944513e-08,
        1.77786691e-04,  1.82278144e-04,  1.77786691e-04,  3.46880548e-03,
       -2.24572662e-06,  1.78198407e-04,  1.78909554e-04,  1.96323292e-04,
        7.44197904e-07,  1.87755741e-04,  1.70063367e-04])}
{'img': array([[[ 0.        , -0.05702557, -0.19758811, ..., -0.99429234,
         -0.98435286, -0.99855982],
        [ 0.05702557,  0.        , -0.14136525, ..., -0.9865903 ,
         -0.97270265, -0.99387549],
        [ 0.19758811,  0.14136525,  0.        , ..., -0.95360935,
         -0.93012977, -0.96827283],
        ...,
        [ 0.99429234,  0.9865903 ,  0.95360935, ...,  0.        ,
          0.07018226, -0.05319286],
        [ 0.98435286,  0.97270265,  0.93012977, ..., -0.07018226,
          0.        , -0.1231446 ],
        [ 0.99855982,  0.99387549,  0.96827283, ...,  0.05319286,
          0.1231446 ,  0.        ]],

       [[ 0.        , -0.12715503, -0.01451242, ..., -0.47243865,
         -0.2997889 , -0.49369571],
        [ 0.12715503,  0.        ,  0.11274702, ..., -0.35653399,
         -0.17604886, -0.37910989],
        [ 0.01451242, -0.11274702,  0.        , ..., -0.45959818,
         -0.2859124 , -0.48102322],
        ...,
        [ 0.47243865,  0.35653399,  0.45959818, ...,  0.        ,
          0.18648609, -0.02427636],
        [ 0.2997889 ,  0.17604886,  0.2859124 , ..., -0.18648609,
          0.        , -0.21028162],
        [ 0.49369571,  0.37910989,  0.48102322, ...,  0.02427636,
          0.21028162,  0.        ]],

       [[ 0.        , -0.09446194, -0.28076521, ..., -0.82024963,
         -0.87123908, -0.87650738],
        [ 0.09446194,  0.        , -0.18884741, ..., -0.87061463,
         -0.9137108 , -0.91806094],
        [ 0.28076521,  0.18884741,  0.        , ..., -0.94785561,
         -0.97401088, -0.97640829],
        ...,
        [ 0.82024963,  0.87061463,  0.94785561, ...,  0.        ,
          0.09572691,  0.10650857],
        [ 0.87123908,  0.9137108 ,  0.97401088, ..., -0.09572691,
          0.        ,  0.01083705],
        [ 0.87650738,  0.91806094,  0.97640829, ..., -0.10650857,
         -0.01083705,  0.        ]],

       ...,

       [[ 0.        ,  0.18793413,  0.18793413, ...,  0.55059551,
          0.49815392,  0.25127726],
        [-0.18793413,  0.        ,  0.        , ...,  0.38390262,
          0.32632208,  0.06489562],
        [-0.18793413,  0.        ,  0.        , ...,  0.38390262,
          0.32632208,  0.06489562],
        ...,
        [-0.55059551, -0.38390262, -0.38390262, ...,  0.        ,
         -0.06157008, -0.32317048],
        [-0.49815392, -0.32632208, -0.32632208, ...,  0.06157008,
          0.        , -0.26429107],
        [-0.25127726, -0.06489562, -0.06489562, ...,  0.32317048,
          0.26429107,  0.        ]],

       [[ 0.        , -0.02964523,  0.09148219, ..., -0.60119725,
         -0.46734376, -0.09148219],
        [ 0.02964523,  0.        ,  0.1209629 , ..., -0.62462253,
         -0.49334698, -0.1209629 ],
        [-0.09148219, -0.1209629 ,  0.        , ..., -0.52557278,
         -0.38450688, -0.        ],
        ...,
        [ 0.60119725,  0.62462253,  0.52557278, ...,  0.        ,
         -0.15804916, -0.52557278],
        [ 0.46734376,  0.49334698,  0.38450688, ...,  0.15804916,
          0.        , -0.38450688],
        [ 0.09148219,  0.1209629 ,  0.        , ...,  0.52557278,
          0.38450688,  0.        ]],

       [[ 0.        ,  0.0247274 , -0.0262494 , ..., -0.79157233,
         -0.83758014, -0.87177308],
        [-0.0247274 ,  0.        , -0.05096025, ..., -0.77621999,
         -0.8238151 , -0.85939232],
        [ 0.0262494 ,  0.05096025,  0.        , ..., -0.80733994,
         -0.85163196, -0.88433253],
        ...,
        [ 0.79157233,  0.77621999,  0.80733994, ...,  0.        ,
          0.07937726,  0.14492004],
        [ 0.83758014,  0.8238151 ,  0.85163196, ..., -0.07937726,
          0.        ,  0.06592346],
        [ 0.87177308,  0.85939232,  0.88433253, ..., -0.14492004,
         -0.06592346,  0.        ]]]), 'num': array([8.77115920e-01, 4.80261237e-01, 4.15554642e-05, 4.65698103e-08,
       1.91717238e-04, 1.92921744e-04, 1.89308226e-04, 4.06245816e-03,
       1.00375517e-06, 1.91355886e-04, 1.91476337e-04, 2.09998966e-04,
       1.00375517e-06, 2.00100317e-04, 1.82852357e-04])}
{'img': array([[[ 0.        , -0.14136525, -0.20712068, ..., -0.97270265,
         -0.99387549, -0.9865903 ],
        [ 0.14136525,  0.        , -0.06674086, ..., -0.93012977,
         -0.96827283, -0.95360935],
        [ 0.20712068,  0.06674086,  0.        , ..., -0.90354659,
         -0.94943567, -0.931391  ],
        ...,
        [ 0.97270265,  0.93012977,  0.90354659, ...,  0.        ,
         -0.1231446 , -0.07018226],
        [ 0.99387549,  0.96827283,  0.94943567, ...,  0.1231446 ,
          0.        ,  0.05319286],
        [ 0.9865903 ,  0.95360935,  0.931391  , ...,  0.07018226,
         -0.05319286,  0.        ]],

