state_0,state_1,state_2,state_3,state_4,state_5,state_6,state_7,state_8,state_9,state_10,state_11,state_12,state_13,state_14,state_15,state_16,state_17,state_18,state_19,state_20,state_21,state_22,state_23,state_24,state_25,state_26,state_27,state_28,state_29,state_30,state_31,state_32,state_33,state_34,state_35,state_36,state_37,state_38,state_39,state_40,state_41,state_42,state_43,state_44,state_45,state_46,state_47,state_48,state_49,state_50,state_51,state_52,state_53,state_54,state_55,state_56,state_57,state_58,state_59,state_60,state_61,state_62,state_63,state_64,state_65,state_66,state_67,state_68,state_69,state_70,state_71,state_72,state_73,state_74,state_75,state_76,state_77,state_78,state_79,state_80,state_81,state_82,state_83,state_84,state_85,state_86,state_87,state_88,state_89,state_90,state_91,state_92,state_93,state_94,state_95,state_96,state_97,state_98,state_99,state_100,state_101,state_102,state_103,state_104,state_105,state_106,state_107,state_108,state_109,state_110,state_111,state_112,state_113,state_114,state_115,state_116,state_117,state_118,state_119,state_120,state_121,state_122,state_123,state_124,state_125,state_126,state_127,state_128,state_129,state_130,state_131,state_132,state_133,state_134,state_135,state_136,state_137,state_138,state_139,state_140,state_141,state_142,state_143,state_144,state_145,state_146,state_147,state_148,state_149,state_150,state_151,state_152,state_153,state_154,state_155,state_156,state_157,state_158,state_159,state_160,state_161,state_162,state_163,state_164,state_165,state_166,state_167,state_168,state_169,state_170,state_171,state_172,state_173,state_174,state_175,state_176,state_177,state_178,state_179,state_180,state_181,state_182,state_183,state_184,state_185,state_186,state_187,state_188,state_189,state_190,state_191,state_192,state_193,state_194,state_195,state_196,state_197,state_198,state_199,state_200,state_201,state_202,state_203,state_204,state_205,state_206,state_207,state_208,state_209,state_210,state_211,state_212,state_213,state_214,state_215,state_216,state_217,state_218,state_219,state_220,state_221,state_222,state_223,state_224,state_225,state_226,state_227,state_228,state_229,state_230,state_231,state_232,state_233,state_234,state_235,state_236,state_237,state_238,state_239,state_240,state_241,state_242,state_243,state_244,state_245,state_246,state_247,state_248,state_249,state_250,state_251,state_252,state_253,state_254,state_255,state_256,state_257,state_258,state_259,state_260,state_261,state_262,state_263,state_264,state_265,state_266,state_267,state_268,state_269,state_270,state_271,state_272,state_273,state_274,state_275,state_276,state_277,state_278,state_279,state_280,state_281,state_282,state_283,state_284,state_285,state_286,state_287
{'img': array([[[ 0.        , -0.89698544, -0.89698544, ..., -0.81807799,
         -0.75043504, -0.76880359],
        [ 0.89698544,  0.        ,  0.        , ..., -0.8775025 ,
         -0.92459471, -0.9134661 ],
        [ 0.89698544,  0.        ,  0.        , ..., -0.8775025 ,
         -0.92459471, -0.9134661 ],
        ...,
        [ 0.81807799,  0.8775025 ,  0.8775025 , ...,  0.        ,
         -0.10912324, -0.08100403],
        [ 0.75043504,  0.92459471,  0.92459471, ...,  0.10912324,
          0.        ,  0.02824434],
        [ 0.76880359,  0.9134661 ,  0.9134661 , ...,  0.08100403,
         -0.02824434,  0.        ]],

       [[ 0.        ,  0.65104233,  0.29492328, ..., -0.55047929,
         -0.32525131, -0.54586672],
        [-0.65104233,  0.        , -0.84594356, ..., -0.12568534,
         -0.36876438, -0.1311547 ],
        [-0.29492328,  0.84594356,  0.        , ..., -0.77221084,
         -0.58967204, -0.76869504],
        ...,
        [ 0.55047929,  0.12568534,  0.77221084, ...,  0.        ,
          0.24901274,  0.00551501],
        [ 0.32525131,  0.36876438,  0.58967204, ..., -0.24901274,
          0.        , -0.24366767],
        [ 0.54586672,  0.1311547 ,  0.76869504, ..., -0.00551501,
          0.24366767,  0.        ]],

       [[ 0.        , -0.51732189, -0.67412092, ..., -0.72040305,
         -0.70260327, -0.7116159 ],
        [ 0.51732189,  0.        , -0.19480173, ..., -0.9753059 ,
         -0.96939832, -0.97244859],
        [ 0.67412092,  0.19480173,  0.        , ..., -0.9996452 ,
         -0.9986497 , -0.99923072],
        ...,
        [ 0.72040305,  0.9753059 ,  0.9996452 , ...,  0.        ,
         -0.02533122, -0.01258742],
        [ 0.70260327,  0.96939832,  0.9986497 , ...,  0.02533122,
          0.        ,  0.01274584],
        [ 0.7116159 ,  0.97244859,  0.99923072, ...,  0.01258742,
         -0.01274584,  0.        ]],

       ...,

       [[ 0.        , -0.52383108, -0.67797801, ...,  0.16865874,
          0.04463623,  0.08177299],
        [ 0.52383108,  0.        , -0.1924578 , ...,  0.65999419,
          0.5613311 ,  0.5917328 ],
        [ 0.67797801,  0.1924578 ,  0.        , ...,  0.79224367,
          0.71011357,  0.73581731],
        ...,
        [-0.16865874, -0.65999419, -0.79224367, ...,  0.        ,
         -0.12449385, -0.08749235],
        [-0.04463623, -0.5613311 , -0.71011357, ...,  0.12449385,
          0.        ,  0.03720475],
        [-0.08177299, -0.5917328 , -0.73581731, ...,  0.08749235,
         -0.03720475,  0.        ]],

       [[ 0.        ,  0.1701234 ,  0.30578101, ..., -0.84501478,
         -0.79077972, -0.66502135],
        [-0.1701234 ,  0.        ,  0.13934876, ..., -0.74172452,
         -0.67511967, -0.52827488],
        [-0.30578101, -0.13934876,  0.        , ..., -0.64102592,
         -0.56573405, -0.40480337],
        ...,
        [ 0.84501478,  0.74172452,  0.64102592, ...,  0.        ,
         -0.09437037, -0.27546214],
        [ 0.79077972,  0.67511967,  0.56573405, ...,  0.09437037,
          0.        , -0.18351343],
        [ 0.66502135,  0.52827488,  0.40480337, ...,  0.27546214,
          0.18351343,  0.        ]],

       [[ 0.        , -0.57147015, -0.72576579, ..., -0.84513615,
         -0.82931729, -0.81536353],
        [ 0.57147015,  0.        , -0.20244174, ..., -0.99901804,
         -0.99988166, -0.9999582 ],
        [ 0.72576579,  0.20244174,  0.        , ..., -0.96936345,
         -0.97606403, -0.98110432],
        ...,
        [ 0.84513615,  0.99901804,  0.96936345, ...,  0.        ,
         -0.02893099, -0.05343752],
        [ 0.82931729,  0.99988166,  0.97606403, ...,  0.02893099,
          0.        , -0.0245255 ],
        [ 0.81536353,  0.9999582 ,  0.98110432, ...,  0.05343752,
          0.0245255 ,  0.        ]]]), 'num': array([ 7.07096044e-01,  7.07096044e-01,  0.00000000e+00,  0.00000000e+00,
        2.07355637e-04,  2.10019735e-04,  2.07022625e-04,  5.47821827e-03,
       -2.22008177e-06,  2.10108539e-04,  2.13860477e-04,  2.18161885e-04,
        3.78823477e-07,  2.21641032e-04,  2.06079922e-04])}
{'img': array([[[ 0.        ,  0.        ,  0.        , ..., -0.8481464 ,
         -0.8660254 , -0.78535345],
        [ 0.        ,  0.        ,  0.        , ..., -0.8481464 ,
         -0.8660254 , -0.78535345],
        [ 0.        ,  0.        ,  0.        , ..., -0.8481464 ,
         -0.8660254 , -0.78535345],
        ...,
        [ 0.8481464 ,  0.8481464 ,  0.8481464 , ...,  0.        ,
          0.03471406, -0.10899267],
        [ 0.8660254 ,  0.8660254 ,  0.8660254 , ..., -0.03471406,
          0.        , -0.14343424],
        [ 0.78535345,  0.78535345,  0.78535345, ...,  0.10899267,
          0.14343424,  0.        ]],

       [[ 0.        , -0.84594356, -0.44992523, ..., -0.36876438,
         -0.1311547 , -0.31991161],
        [ 0.84594356,  0.        , -0.51555091, ..., -0.58967204,
         -0.76869504, -0.63088698],
        [ 0.44992523,  0.51555091,  0.        , ..., -0.08888479,
         -0.3289089 , -0.14057823],
        ...,
        [ 0.36876438,  0.58967204,  0.08888479, ...,  0.        ,
         -0.24366767, -0.05201968],
        [ 0.1311547 ,  0.76869504,  0.3289089 , ...,  0.24366767,
          0.        ,  0.19288601],
        [ 0.31991161,  0.63088698,  0.14057823, ...,  0.05201968,
         -0.19288601,  0.        ]],

       [[ 0.        , -0.48642002, -0.66431782, ..., -0.72460017,
         -0.73371621, -0.71333261],
        [ 0.48642002,  0.        , -0.21685641, ..., -0.9683272 ,
         -0.9715673 , -0.96415224],
        [ 0.66431782,  0.21685641,  0.        , ..., -0.99943013,
         -0.99979111, -0.99875158],
        ...,
        [ 0.72460017,  0.9683272 ,  0.99943013, ...,  0.        ,
          0.01332087, -0.0162113 ],
        [ 0.73371621,  0.9715673 ,  0.99979111, ..., -0.01332087,
          0.        , -0.02952898],
        [ 0.71333261,  0.96415224,  0.99875158, ...,  0.0162113 ,
          0.02952898,  0.        ]],

       ...,

       [[ 0.        , -0.1924578 , -0.1840087 , ...,  0.5613311 ,
          0.5917328 ,  0.59775682],
        [ 0.1924578 ,  0.        ,  0.00860281, ...,  0.71011357,
          0.73581731,  0.740871  ],
        [ 0.1840087 , -0.00860281,  0.        , ...,  0.70403016,
          0.72996444,  0.73506553],
        ...,
        [-0.5613311 , -0.71011357, -0.70403016, ...,  0.        ,
          0.03720475,  0.04469185],
        [-0.5917328 , -0.73581731, -0.72996444, ..., -0.03720475,
          0.        ,  0.00749334],
        [-0.59775682, -0.740871  , -0.73506553, ..., -0.04469185,
         -0.00749334,  0.        ]],

       [[ 0.        ,  0.13895027,  0.23910466, ..., -0.71106915,
         -0.64598328, -0.52695931],
        [-0.13895027,  0.        ,  0.10186535, ..., -0.60647232,
         -0.53364892, -0.40375495],
        [-0.23910466, -0.10186535,  0.        , ..., -0.52232396,
         -0.44472484, -0.30846144],
        ...,
        [ 0.71106915,  0.60647232,  0.52232396, ...,  0.        ,
         -0.08859063, -0.2338142 ],
        [ 0.64598328,  0.53364892,  0.44472484, ...,  0.08859063,
          0.        , -0.14675985],
        [ 0.52695931,  0.40375495,  0.30846144, ...,  0.2338142 ,
          0.14675985,  0.        ]],

       [[ 0.        , -0.519868  , -0.68535592, ..., -0.85700595,
         -0.84328591, -0.81920614],
        [ 0.519868  ,  0.        , -0.2068908 , ..., -0.99998579,
         -0.9997851 , -0.99794793],
        [ 0.68535592,  0.2068908 ,  0.        , ..., -0.97724718,
         -0.98244274, -0.98960373],
        ...,
        [ 0.85700595,  0.99998579,  0.97724718, ...,  0.        ,
         -0.02606019, -0.06934994],
        [ 0.84328591,  0.9997851 ,  0.98244274, ...,  0.02606019,
          0.        , -0.04332894],
        [ 0.81920614,  0.99794793,  0.98960373, ...,  0.06934994,
          0.04332894,  0.        ]]]), 'num': array([ 9.39696065e-01,  3.41880881e-01,  3.18325445e-05, -1.32583186e-10,
        2.76127106e-04,  2.78185562e-04,  2.74509748e-04,  9.38820398e-03,
        1.47032538e-06,  2.77009301e-04,  2.82662702e-04,  2.88328356e-04,
        4.49095199e-07,  2.93142100e-04,  2.72183305e-04])}
{'img': array([[[ 0.        ,  0.        , -0.57031141, ..., -0.8660254 ,
         -0.78535345, -0.82881428],
        [ 0.        ,  0.        , -0.57031141, ..., -0.8660254 ,
         -0.78535345, -0.82881428],
        [ 0.57031141,  0.57031141,  0.        , ..., -0.99653371,
         -0.99816168, -0.99991454],
        ...,
        [ 0.8660254 ,  0.8660254 ,  0.99653371, ...,  0.        ,
         -0.14343424, -0.07015469],
        [ 0.78535345,  0.78535345,  0.99816168, ...,  0.14343424,
          0.        ,  0.07365155],
        [ 0.82881428,  0.82881428,  0.99991454, ...,  0.07015469,
         -0.07365155,  0.        ]],

       [[ 0.        , -0.78455365, -0.48355882, ..., -0.98688826,
         -0.89892231, -0.7474174 ],
        [ 0.78455365,  0.        ,  0.38689318, ..., -0.48530003,
         -0.21366733,  0.0577776 ],
        [ 0.48355882, -0.38689318,  0.        , ..., -0.78578622,
         -0.57498634, -0.33296872],
        ...,
        [ 0.98688826,  0.48530003,  0.78578622, ...,  0.        ,
          0.28727322,  0.53500704],
        [ 0.89892231,  0.21366733,  0.57498634, ..., -0.28727322,
          0.        ,  0.2697537 ],
        [ 0.7474174 , -0.0577776 ,  0.33296872, ..., -0.53500704,
         -0.2697537 ,  0.        ]],

       [[ 0.        , -0.5014008 , -0.70969395, ..., -0.75314565,
         -0.73259615, -0.68739576],
        [ 0.5014008 ,  0.        , -0.26079602, ..., -0.98148144,
         -0.97513854, -0.95890412],
        [ 0.70969395,  0.26079602,  0.        , ..., -0.99747359,
         -0.99918421, -0.99971595],
        ...,
        [ 0.75314565,  0.98148144,  0.99747359, ...,  0.        ,
         -0.03069762, -0.09479099],
        [ 0.73259615,  0.97513854,  0.99918421, ...,  0.03069762,
          0.        , -0.06418692],
        [ 0.68739576,  0.95890412,  0.99971595, ...,  0.09479099,
          0.06418692,  0.        ]],

       ...,

       [[ 0.        ,  0.00860281, -0.04075554, ...,  0.73581731,
          0.740871  ,  0.66936839],
        [-0.00860281,  0.        , -0.04934969, ...,  0.72996444,
          0.73506553,  0.66295233],
        [ 0.04075554,  0.04934969,  0.        , ...,  0.7628048 ,
          0.76762879,  0.69909079],
        ...,
        [-0.73581731, -0.72996444, -0.7628048 , ...,  0.        ,
          0.00749334, -0.09337829],
        [-0.740871  , -0.73506553, -0.76762879, ..., -0.00749334,
          0.        , -0.10083627],
        [-0.66936839, -0.66295233, -0.69909079, ...,  0.09337829,
          0.10083627,  0.        ]],

       [[ 0.        ,  0.10154044,  0.22417713, ..., -0.58896335,
         -0.54107168, -0.40256055],
        [-0.10154044,  0.        ,  0.12406237, ..., -0.50385834,
         -0.45288198, -0.30753044],
        [-0.22417713, -0.12406237,  0.        , ..., -0.39280237,
         -0.33877286, -0.18710449],
        ...,
        [ 0.58896335,  0.50385834,  0.39280237, ...,  0.        ,
         -0.05803197, -0.21379991],
        [ 0.54107168,  0.45288198,  0.33877286, ...,  0.05803197,
          0.        , -0.15674947],
        [ 0.40256055,  0.30753044,  0.18710449, ...,  0.21379991,
          0.15674947,  0.        ]],

       [[ 0.        , -0.50339848, -0.70186043, ..., -0.86538498,
         -0.8416817 , -0.82430329],
        [ 0.50339848,  0.        , -0.24786754, ..., -0.99999649,
         -0.99908085, -0.99724114],
        [ 0.70186043,  0.24786754,  0.        , ..., -0.96813387,
         -0.97852845, -0.98452039],
        ...,
        [ 0.86538498,  0.99999649,  0.96813387, ...,  0.        ,
         -0.04551228, -0.07687174],
        [ 0.8416817 ,  0.99908085,  0.97852845, ...,  0.04551228,
          0.        , -0.03141447],
        [ 0.82430329,  0.99724114,  0.98452039, ...,  0.07687174,
          0.03141447,  0.        ]]]), 'num': array([ 9.46343776e-01,  3.22731132e-01,  3.33126412e-05,  4.90449275e-09,
        2.77778460e-04,  2.84900985e-04,  2.77630074e-04,  1.66563206e-02,
       -8.90315578e-07,  2.78639099e-04,  2.84670987e-04,  2.90319545e-04,
        4.66904003e-07,  2.95524675e-04,  2.73817299e-04])}
{'img': array([[[ 0.        , -0.57031141, -0.52485691, ..., -0.78535345,
         -0.82881428, -0.80354938],
        [ 0.57031141,  0.        ,  0.05431118, ..., -0.99816168,
         -0.99991454, -0.9995295 ],
        [ 0.52485691, -0.05431118,  0.        , ..., -0.9933968 ,
         -0.99914876, -0.99638841],
        ...,
        [ 0.78535345,  0.99816168,  0.9933968 , ...,  0.        ,
          0.07365155,  0.02996304],
        [ 0.82881428,  0.99991454,  0.99914876, ..., -0.07365155,
          0.        , -0.04373682],
        [ 0.80354938,  0.9995295 ,  0.99638841, ..., -0.02996304,
          0.04373682,  0.        ]],

       [[ 0.        ,  0.38689318,  0.01647116, ..., -0.21366733,
          0.0577776 ,  0.62361414],
        [-0.38689318,  0.        , -0.37165223, ..., -0.57498634,
         -0.33296872,  0.27260301],
        [-0.01647116,  0.37165223,  0.        , ..., -0.22972912,
          0.04132612,  0.61065351],
        ...,
        [ 0.21366733,  0.57498634,  0.22972912, ...,  0.        ,
          0.2697537 ,  0.77624335],
        [-0.0577776 ,  0.33296872, -0.04132612, ..., -0.2697537 ,
          0.        ,  0.57740577],
        [-0.62361414, -0.27260301, -0.61065351, ..., -0.77624335,
         -0.57740577,  0.        ]],

       [[ 0.        , -0.56119732, -0.75531312, ..., -0.75337814,
         -0.70770944, -0.67154121],
        [ 0.56119732,  0.        , -0.25737054, ..., -0.99259393,
         -0.98224633, -0.97165141],
        [ 0.75531312,  0.25737054,  0.        , ..., -0.99042148,
         -0.9974388 , -0.99976625],
        ...,
        [ 0.75337814,  0.99259393,  0.99042148, ...,  0.        ,
         -0.06688346, -0.11663135],
        [ 0.70770944,  0.98224633,  0.9974388 , ...,  0.06688346,
          0.        , -0.04994319],
        [ 0.67154121,  0.97165141,  0.99976625, ...,  0.11663135,
          0.04994319,  0.        ]],

       ...,

       [[ 0.        , -0.04934969, -0.13513167, ...,  0.73506553,
          0.66295233,  0.68236016],
        [ 0.04934969,  0.        , -0.08606998, ...,  0.76762879,
          0.69909079,  0.71760416],
        [ 0.13513167,  0.08606998,  0.        , ...,  0.81994199,
          0.7580394 ,  0.77488474],
        ...,
        [-0.73506553, -0.76762879, -0.81994199, ...,  0.        ,
         -0.10083627, -0.07470727],
        [-0.66295233, -0.69909079, -0.7580394 , ...,  0.10083627,
          0.        ,  0.02622799],
        [-0.68236016, -0.71760416, -0.77488474, ...,  0.07470727,
         -0.02622799,  0.        ]],

       [[ 0.        ,  0.12378562,  0.30686861, ..., -0.49497696,
         -0.43026999, -0.30686861],
        [-0.12378562,  0.        ,  0.18669528, ..., -0.38361201,
         -0.31521947, -0.18669528],
        [-0.30686861, -0.18669528,  0.        , ..., -0.20445525,
         -0.13249991, -0.        ],
        ...,
        [ 0.49497696,  0.38361201,  0.20445525, ...,  0.        ,
         -0.07295161, -0.20445525],
        [ 0.43026999,  0.31521947,  0.13249991, ...,  0.07295161,
          0.        , -0.13249991],
        [ 0.30686861,  0.18669528,  0.        , ...,  0.20445525,
          0.13249991,  0.        ]],

       [[ 0.        , -0.54690646, -0.71000701, ..., -0.86228445,
         -0.84516364, -0.82478406],
        [ 0.54690646,  0.        , -0.20928483, ..., -0.99886582,
         -0.99989137, -0.99975111],
        [ 0.71000701,  0.20928483,  0.        , ..., -0.96678083,
         -0.97466385, -0.98228042],
        ...,
        [ 0.86228445,  0.99886582,  0.96678083, ...,  0.        ,
         -0.03288626, -0.06988622],
        [ 0.84516364,  0.99989137,  0.97466385, ...,  0.03288626,
          0.        , -0.03704257],
        [ 0.82478406,  0.99975111,  0.98228042, ...,  0.06988622,
          0.03704257,  0.        ]]]), 'num': array([ 9.61321867e-01,  2.75055409e-01,  3.74599595e-05,  1.80979444e-09,
        2.80452169e-04,  2.86269408e-04,  2.79839828e-04,  1.42871398e-02,
       -6.12340980e-06,  2.85902004e-04,  2.92676026e-04,  2.98727996e-04,
        3.94137385e-07,  3.04784004e-04,  2.80568047e-04])}
{'img': array([[[ 0.        ,  0.25154479,  0.        , ..., -0.95610147,
         -0.9416243 , -0.76029926],
        [-0.25154479,  0.        , -0.25154479, ..., -0.85164704,
         -0.82666053, -0.57245564],
        [ 0.        ,  0.25154479,  0.        , ..., -0.95610147,
         -0.9416243 , -0.76029926],
        ...,
        [ 0.95610147,  0.85164704,  0.95610147, ...,  0.        ,
         -0.0459568 , -0.39826278],
        [ 0.9416243 ,  0.82666053,  0.9416243 , ...,  0.0459568 ,
          0.        , -0.35568713],
        [ 0.76029926,  0.57245564,  0.76029926, ...,  0.39826278,
          0.35568713,  0.        ]],

       [[ 0.        , -0.37165223, -0.31454175, ..., -0.33296872,
          0.27260301,  0.05808935],
        [ 0.37165223,  0.        ,  0.06077676, ...,  0.04132612,
          0.61065351,  0.42495318],
        [ 0.31454175, -0.06077676,  0.        , ..., -0.01947511,
          0.56139566,  0.36915155],
        ...,
        [ 0.33296872, -0.04132612,  0.01947511, ...,  0.        ,
          0.57740577,  0.38718111],
        [-0.27260301, -0.61065351, -0.56139566, ..., -0.57740577,
          0.        , -0.21625338],
        [-0.05808935, -0.42495318, -0.36915155, ..., -0.38718111,
          0.21625338,  0.        ]],

       [[ 0.        , -0.58444195, -0.63203582, ..., -0.73429351,
         -0.69754086, -0.62753444],
        [ 0.58444195,  0.        , -0.05994936, ..., -0.9925698 ,
         -0.98478839, -0.96424369],
        [ 0.63203582,  0.05994936,  0.        , ..., -0.99807902,
         -0.99343385, -0.97839703],
        ...,
        [ 0.73429351,  0.9925698 ,  0.99807902, ...,  0.        ,
         -0.05264122, -0.14572218],
        [ 0.69754086,  0.98478839,  0.99343385, ...,  0.05264122,
          0.        , -0.09344083],
        [ 0.62753444,  0.96424369,  0.97839703, ...,  0.14572218,
          0.09344083,  0.        ]],

       ...,

       [[ 0.        , -0.08606998, -0.07805352, ...,  0.69909079,
          0.71760416,  0.59205212],
        [ 0.08606998,  0.        ,  0.00804353, ...,  0.7580394 ,
          0.77488474,  0.65921884],
        [ 0.07805352, -0.00804353,  0.        , ...,  0.75276881,
          0.76977534,  0.65314918],
        ...,
        [-0.69909079, -0.7580394 , -0.75276881, ...,  0.        ,
          0.02622799, -0.14006028],
        [-0.71760416, -0.77488474, -0.76977534, ..., -0.02622799,
          0.        , -0.16598155],
        [-0.59205212, -0.65921884, -0.65314918, ...,  0.14006028,
          0.16598155,  0.        ]],

       [[ 0.        ,  0.18657043,  0.08210991, ..., -0.33300991,
         -0.25818629, -0.18657043],
        [-0.18657043,  0.        , -0.10527224, ..., -0.15124117,
         -0.07340816, -0.        ],
        [-0.08210991,  0.10527224,  0.        , ..., -0.25446207,
         -0.17798848, -0.10527224],
        ...,
        [ 0.33300991,  0.15124117,  0.25446207, ...,  0.        ,
         -0.07826938, -0.15124117],
        [ 0.25818629,  0.07340816,  0.17798848, ...,  0.07826938,
          0.        , -0.07340816],
        [ 0.18657043,  0.        ,  0.10527224, ...,  0.15124117,
          0.07340816,  0.        ]],

       [[ 0.        , -0.5182735 , -0.68847573, ..., -0.86988352,
         -0.84990298, -0.80081555],
        [ 0.5182735 ,  0.        , -0.212912  , ..., -0.99957951,
         -0.99994834, -0.99526915],
        [ 0.68847573,  0.212912  ,  0.        , ..., -0.97048679,
         -0.97918496, -0.99313472],
        ...,
        [ 0.86988352,  0.99957951,  0.97048679, ...,  0.        ,
         -0.03915498, -0.12597483],
        [ 0.84990298,  0.99994834,  0.97918496, ...,  0.03915498,
          0.        , -0.08703518],
        [ 0.80081555,  0.99526915,  0.99313472, ...,  0.12597483,
          0.08703518,  0.        ]]]), 'num': array([ 9.90806580e-01,  1.34997896e-01,  4.66380754e-05, -2.23807702e-08,
        2.89124555e-04,  2.90227483e-04,  2.85658212e-04,  8.78565229e-03,
        4.72683197e-07,  2.92590899e-04,  3.00169586e-04,  3.06739883e-04,
        4.72683197e-07,  3.12948906e-04,  2.87390267e-04])}
{'img': array([[[ 0.        , -0.25154479, -0.25154479, ..., -0.82666053,
         -0.57245564, -0.59914159],
        [ 0.25154479,  0.        ,  0.        , ..., -0.9416243 ,
         -0.76029926, -0.78127418],
        [ 0.25154479,  0.        ,  0.        , ..., -0.9416243 ,
         -0.76029926, -0.78127418],
        ...,
        [ 0.82666053,  0.9416243 ,  0.9416243 , ...,  0.        ,
         -0.35568713, -0.32472248],
        [ 0.57245564,  0.76029926,  0.76029926, ...,  0.35568713,
          0.        ,  0.03292492],
        [ 0.59914159,  0.78127418,  0.78127418, ...,  0.32472248,
         -0.03292492,  0.        ]],

       [[ 0.        ,  0.06077676, -0.33562978, ...,  0.61065351,
          0.42495318, -0.09793737],
        [-0.06077676,  0.        , -0.39226067, ...,  0.56139566,
          0.36915155, -0.1582409 ],
        [ 0.33562978,  0.39226067,  0.        , ...,  0.84101645,
          0.70412056,  0.24175986],
        ...,
        [-0.61065351, -0.56139566, -0.84101645, ...,  0.        ,
         -0.21625338, -0.68527424],
        [-0.42495318, -0.36915155, -0.70412056, ...,  0.21625338,
          0.        , -0.51156466],
        [ 0.09793737,  0.1582409 , -0.24175986, ...,  0.68527424,
          0.51156466,  0.        ]],

       [[ 0.        , -0.28101116, -0.3933028 , ..., -0.72662122,
         -0.65510179, -0.56259984],
        [ 0.28101116,  0.        , -0.11909027, ..., -0.89040708,
         -0.84101949, -0.77224978],
        [ 0.3933028 ,  0.11909027,  0.        , ..., -0.93827617,
         -0.89946273, -0.84241433],
        ...,
        [ 0.72662122,  0.89040708,  0.93827617, ...,  0.        ,
         -0.09891185, -0.21419146],
        [ 0.65510179,  0.84101949,  0.89946273, ...,  0.09891185,
          0.        , -0.11652483],
        [ 0.56259984,  0.77224978,  0.84241433, ...,  0.21419146,
          0.11652483,  0.        ]],

       ...,

       [[ 0.        ,  0.00804353,  0.05878897, ...,  0.77488474,
          0.65921884,  0.74778717],
        [-0.00804353,  0.        ,  0.05075746, ...,  0.76977534,
          0.65314918,  0.74242257],
        [-0.05878897, -0.05075746,  0.        , ...,  0.73638387,
          0.61387224,  0.70746156],
        ...,
        [-0.77488474, -0.76977534, -0.73638387, ...,  0.        ,
         -0.16598155, -0.04179764],
        [-0.65921884, -0.65314918, -0.61387224, ...,  0.16598155,
          0.        ,  0.12461864],
        [-0.74778717, -0.74242257, -0.70746156, ...,  0.04179764,
         -0.12461864,  0.        ]],

       [[ 0.        , -0.1047616 , -0.26744309, ..., -0.20898401,
         -0.19606503, -0.        ],
        [ 0.1047616 ,  0.        , -0.16502594, ..., -0.31028241,
         -0.29771443, -0.1047616 ],
        [ 0.26744309,  0.16502594,  0.        , ..., -0.46290918,
         -0.45117536, -0.26744309],
        ...,
        [ 0.20898401,  0.31028241,  0.46290918, ...,  0.        ,
         -0.01319208, -0.20898401],
        [ 0.19606503,  0.29771443,  0.45117536, ...,  0.01319208,
          0.        , -0.19606503],
        [ 0.        ,  0.1047616 ,  0.26744309, ...,  0.20898401,
          0.19606503,  0.        ]],

       [[ 0.        , -0.51045842, -0.66617789, ..., -0.87171091,
         -0.82329813, -0.78317598],
        [ 0.51045842,  0.        , -0.19215173, ..., -0.99972143,
         -0.99769696, -0.99085804],
        [ 0.66617789,  0.19215173,  0.        , ..., -0.97655661,
         -0.99213857, -0.99831656],
        ...,
        [ 0.87171091,  0.99972143,  0.97655661, ...,  0.        ,
         -0.09135817, -0.15825766],
        [ 0.82329813,  0.99769696,  0.99213857, ...,  0.09135817,
          0.        , -0.06738899],
        [ 0.78317598,  0.99085804,  0.99831656, ...,  0.15825766,
          0.06738899,  0.        ]]]), 'num': array([ 9.99983442e-01,  2.49150592e-04,  5.45111391e-05, -2.04130836e-08,
        2.91808024e-04,  2.94353787e-04,  2.91171584e-04,  5.68664467e-03,
       -1.59110155e-07,  2.94385609e-04,  3.02038807e-04,  3.09010484e-04,
        5.04666571e-07,  3.14927751e-04,  2.89149863e-04])}
{'img': array([[[ 0.        ,  0.        , -0.43181795, ..., -0.57664693,
         -0.60347011, -0.59473533],
        [ 0.        ,  0.        , -0.43181795, ..., -0.57664693,
         -0.60347011, -0.59473533],
        [ 0.43181795,  0.43181795,  0.        , ..., -0.87290536,
         -0.8886318 , -0.88357571],
        ...,
        [ 0.57664693,  0.57664693,  0.87290536, ...,  0.        ,
          0.03322117,  0.02231597],
        [ 0.60347011,  0.60347011,  0.8886318 , ..., -0.03322117,
          0.        , -0.01090924],
        [ 0.59473533,  0.59473533,  0.88357571, ..., -0.02231597,
          0.01090924,  0.        ]],

       [[ 0.        , -0.35630928, -0.05016297, ...,  0.35609312,
         -0.14819701, -0.73017238],
        [ 0.35630928,  0.        ,  0.30899002, ...,  0.66567541,
          0.21390431, -0.43879683],
        [ 0.05016297, -0.30899002,  0.        , ...,  0.40251963,
         -0.09840137, -0.69497863],
        ...,
        [-0.35609312, -0.66567541, -0.40251963, ...,  0.        ,
         -0.49064385, -0.92561517],
        [ 0.14819701, -0.21390431,  0.09840137, ...,  0.49064385,
          0.        , -0.62085219],
        [ 0.73017238,  0.43879683,  0.69497863, ...,  0.92561517,
          0.62085219,  0.        ]],

       [[ 0.        , -0.28382552, -0.44164506, ..., -0.66085449,
         -0.56779999, -0.49345061],
        [ 0.28382552,  0.        , -0.16883745, ..., -0.84669252,
         -0.77808543, -0.72002193],
        [ 0.44164506,  0.16883745,  0.        , ..., -0.92437277,
         -0.87297183, -0.8268502 ],
        ...,
        [ 0.66085449,  0.84669252,  0.92437277, ...,  0.        ,
         -0.11785144, -0.20445232],
        [ 0.56779999,  0.77808543,  0.87297183, ...,  0.11785144,
          0.        , -0.08766552],
        [ 0.49345061,  0.72002193,  0.8268502 , ...,  0.20445232,
          0.08766552,  0.        ]],

       ...,

       [[ 0.        ,  0.05075746,  0.08748848, ...,  0.65314918,
          0.74242257,  0.77432247],
        [-0.05075746,  0.        ,  0.03681288, ...,  0.61387224,
          0.70746156,  0.74120551],
        [-0.08748848, -0.03681288,  0.        , ...,  0.58439587,
          0.68096446,  0.71599142],
        ...,
        [-0.65314918, -0.61387224, -0.58439587, ...,  0.        ,
          0.12461864,  0.17303258],
        [-0.74242257, -0.70746156, -0.68096446, ..., -0.12461864,
          0.        ,  0.04894483],
        [-0.77432247, -0.74120551, -0.71599142, ..., -0.17303258,
         -0.04894483,  0.        ]],

       [[ 0.        , -0.2453897 , -0.39292093, ..., -0.30345024,
         -0.2348243 , -0.        ],
        [ 0.2453897 ,  0.        , -0.15525361, ..., -0.52799101,
         -0.46617251, -0.2453897 ],
        [ 0.39292093,  0.15525361,  0.        , ..., -0.65343806,
         -0.59787192, -0.39292093],
        ...,
        [ 0.30345024,  0.52799101,  0.65343806, ...,  0.        ,
         -0.07121341, -0.30345024],
        [ 0.2348243 ,  0.46617251,  0.59787192, ...,  0.07121341,
          0.        , -0.2348243 ],
        [ 0.        ,  0.2453897 ,  0.39292093, ...,  0.30345024,
          0.2348243 ,  0.        ]],

       [[ 0.        , -0.47995133, -0.64251364, ..., -0.8448272 ,
         -0.8049725 , -0.7701552 ],
        [ 0.47995133,  0.        , -0.19589974, ..., -0.99795558,
         -0.99095938, -0.98179349],
        [ 0.64251364,  0.19589974,  0.        , ..., -0.99113935,
         -0.99804083, -0.99998162],
        ...,
        [ 0.8448272 ,  0.99795558,  0.99113935, ...,  0.        ,
         -0.07055434, -0.12681529],
        [ 0.8049725 ,  0.99095938,  0.99804083, ...,  0.07055434,
          0.        , -0.05651455],
        [ 0.7701552 ,  0.98179349,  0.99998162, ...,  0.12681529,
          0.05651455,  0.        ]]]), 'num': array([ 9.99989142e-01,  2.49016268e-04,  5.44817507e-05, -2.12573648e-08,
        2.91809727e-04,  2.92922898e-04,  2.89742410e-04,  4.57635574e-03,
        1.59024375e-07,  2.92859288e-04,  3.00977483e-04,  3.08115027e-04,
        5.69057811e-07,  3.14034643e-04,  2.87920322e-04])}
{'img': array([[[ 0.        , -0.43181795, -0.76793909, ..., -0.60347011,
         -0.59473533, -0.60347011],
        [ 0.43181795,  0.        , -0.41606167, ..., -0.8886318 ,
         -0.88357571, -0.8886318 ],
        [ 0.76793909,  0.41606167,  0.        , ..., -0.99888   ,
         -0.99830438, -0.99888   ],
        ...,
        [ 0.60347011,  0.8886318 ,  0.99888   , ...,  0.        ,
         -0.01090924,  0.        ],
        [ 0.59473533,  0.88357571,  0.99830438, ...,  0.01090924,
          0.        ,  0.01090924],
        [ 0.60347011,  0.8886318 ,  0.99888   , ...,  0.        ,
         -0.01090924,  0.        ]],

       [[ 0.        ,  0.25927267,  0.72617344, ...,  0.17506959,
         -0.20754028, -0.55801057],
        [-0.25927267,  0.        ,  0.52308838, ..., -0.08618554,
         -0.45407065, -0.75408216],
        [-0.72617344, -0.52308838,  0.        , ..., -0.59459609,
         -0.85304842, -0.98624201],
        ...,
        [-0.17506959,  0.08618554,  0.59459609, ...,  0.        ,
         -0.37559275, -0.69467135],
        [ 0.20754028,  0.45407065,  0.85304842, ...,  0.37559275,
          0.        , -0.37363676],
        [ 0.55801057,  0.75408216,  0.98624201, ...,  0.69467135,
          0.37363676,  0.        ]],

       [[ 0.        , -0.34927867, -0.51022326, ..., -0.57314472,
         -0.49823873, -0.37451258],
        [ 0.34927867,  0.        , -0.17769452, ..., -0.8232653 ,
         -0.76969765, -0.67478417],
        [ 0.51022326,  0.17769452,  0.        , ..., -0.91103311,
         -0.87089015, -0.79518669],
        ...,
        [ 0.57314472,  0.8232653 ,  0.91103311, ...,  0.        ,
         -0.08865553, -0.22453641],
        [ 0.49823873,  0.76969765,  0.87089015, ...,  0.08865553,
          0.        , -0.13726048],
        [ 0.37451258,  0.67478417,  0.79518669, ...,  0.22453641,
          0.13726048,  0.        ]],

       ...,

       [[ 0.        ,  0.03681288,  0.01806653, ...,  0.70746156,
          0.74120551,  0.81252977],
        [-0.03681288,  0.        , -0.01875258, ...,  0.68096446,
          0.71599142,  0.79052007],
        [-0.01806653,  0.01875258,  0.        , ...,  0.69457754,
          0.72895686,  0.80186582],
        ...,
        [-0.70746156, -0.68096446, -0.69457754, ...,  0.        ,
          0.04894483,  0.16186362],
        [-0.74120551, -0.71599142, -0.72895686, ..., -0.04894483,
          0.        ,  0.11337022],
        [-0.81252977, -0.79052007, -0.80186582, ..., -0.16186362,
         -0.11337022,  0.        ]],

       [[ 0.        , -0.31272661, -0.43116361, ..., -0.30195103,
         -0.19168533, -0.        ],
        [ 0.31272661,  0.        , -0.1273728 , ..., -0.58493573,
         -0.48899854, -0.31272661],
        [ 0.43116361,  0.1273728 ,  0.        , ..., -0.68348086,
         -0.59612094, -0.43116361],
        ...,
        [ 0.30195103,  0.58493573,  0.68348086, ...,  0.        ,
         -0.11361367, -0.30195103],
        [ 0.19168533,  0.48899854,  0.59612094, ...,  0.11361367,
          0.        , -0.19168533],
        [ 0.        ,  0.31272661,  0.43116361, ...,  0.30195103,
          0.19168533,  0.        ]],

       [[ 0.        , -0.47176838, -0.67898037, ..., -0.82390361,
         -0.78916137, -0.74949377],
        [ 0.47176838,  0.        , -0.2523205 , ..., -0.99381964,
         -0.98557484, -0.97316157],
        [ 0.67898037,  0.2523205 ,  0.        , ..., -0.98967264,
         -0.99638807, -0.99973841],
        ...,
        [ 0.82390361,  0.99381964,  0.98967264, ...,  0.        ,
         -0.0587886 , -0.12067302],
        [ 0.78916137,  0.98557484,  0.99638807, ...,  0.0587886 ,
          0.        , -0.06210532],
        [ 0.74949377,  0.97316157,  0.99973841, ...,  0.12067302,
          0.06210532,  0.        ]]]), 'num': array([ 9.99985962e-01,  2.46730261e-04,  5.39816000e-05, -2.02147841e-08,
        2.91809466e-04,  2.94015369e-04,  2.90076257e-04,  5.22636742e-03,
        2.67859661e-06,  2.89540537e-04,  2.97276955e-04,  3.04608956e-04,
        5.97400973e-07,  3.09175777e-04,  2.85378132e-04])}
{'img': array([[[ 0.        , -0.68865842, -0.60816005, ..., -0.60816005,
         -0.61702751, -0.74226804],
        [ 0.68865842,  0.        ,  0.10569871, ..., -0.98763528,
         -0.9893319 , -0.99968024],
        [ 0.60816005, -0.10569871,  0.        , ..., -0.96553245,
         -0.96839177, -0.99675301],
        ...,
        [ 0.60816005,  0.98763528,  0.96553245, ...,  0.        ,
          0.01121891,  0.18169315],
        [ 0.61702751,  0.9893319 ,  0.96839177, ..., -0.01121891,
          0.        ,  0.17064954],
        [ 0.74226804,  0.99968024,  0.99675301, ..., -0.18169315,
         -0.17064954,  0.        ]],

       [[ 0.        ,  0.52308838, -0.06453086, ..., -0.45407065,
         -0.75408216, -0.5233829 ],
        [-0.52308838,  0.        , -0.57699637, ..., -0.85304842,
         -0.98624201, -0.89179032],
        [ 0.06453086,  0.57699637,  0.        , ..., -0.39562946,
         -0.71012786, -0.46730543],
        ...,
        [ 0.45407065,  0.85304842,  0.39562946, ...,  0.        ,
         -0.37363676, -0.07940368],
        [ 0.75408216,  0.98624201,  0.71012786, ...,  0.37363676,
          0.        ,  0.29880414],
        [ 0.5233829 ,  0.89179032,  0.46730543, ...,  0.07940368,
         -0.29880414,  0.        ]],

       [[ 0.        , -0.3906949 , -0.52957055, ..., -0.50568744,
         -0.38031871, -0.30057803],
        [ 0.3906949 ,  0.        , -0.15606725, ..., -0.80255456,
         -0.71142739, -0.64931624],
        [ 0.52957055,  0.15606725,  0.        , ..., -0.8858268 ,
         -0.81238762, -0.76005184],
        ...,
        [ 0.50568744,  0.80255456,  0.8858268 , ...,  0.        ,
         -0.13958048, -0.22298934],
        [ 0.38031871,  0.71142739,  0.81238762, ...,  0.13958048,
          0.        , -0.08474047],
        [ 0.30057803,  0.64931624,  0.76005184, ...,  0.22298934,
          0.08474047,  0.        ]],

       ...,

       [[ 0.        , -0.01875258, -0.124627  , ...,  0.71599142,
          0.79052007,  0.82507538],
        [ 0.01875258,  0.        , -0.10599871, ...,  0.72895686,
          0.80186582,  0.83552593],
        [ 0.124627  ,  0.10599871,  0.        , ...,  0.79741255,
          0.86068299,  0.8890599 ],
        ...,
        [-0.71599142, -0.72895686, -0.79741255, ...,  0.        ,
          0.11337022,  0.17144124],
        [-0.79052007, -0.80186582, -0.86068299, ..., -0.11337022,
          0.        ,  0.05864422],
        [-0.82507538, -0.83552593, -0.8890599 , ..., -0.17144124,
         -0.05864422,  0.        ]],

       [[ 0.        , -0.30468354, -0.47257199, ..., -0.36663875,
         -0.31558305, -0.        ],
        [ 0.30468354,  0.        , -0.18158772, ..., -0.63267282,
         -0.58969182, -0.30468354],
        [ 0.47257199,  0.18158772,  0.        , ..., -0.7627795 ,
         -0.72654344, -0.47257199],
        ...,
        [ 0.36663875,  0.63267282,  0.7627795 , ...,  0.        ,
         -0.05429584, -0.36663875],
        [ 0.31558305,  0.58969182,  0.72654344, ...,  0.05429584,
          0.        , -0.31558305],
        [ 0.        ,  0.30468354,  0.47257199, ...,  0.36663875,
          0.31558305,  0.        ]],

       [[ 0.        , -0.53766509, -0.67537054, ..., -0.8074506 ,
         -0.76773557, -0.77173644],
        [ 0.53766509,  0.        , -0.17292793, ..., -0.99799639,
         -0.99184071, -0.99262022],
        [ 0.67537054,  0.17292793,  0.        , ..., -0.99390236,
         -0.99894355, -0.99863591],
        ...,
        [ 0.8074506 ,  0.99799639,  0.99390236, ...,  0.        ,
         -0.06447331, -0.05821768],
        [ 0.76773557,  0.99184071,  0.99894355, ...,  0.06447331,
          0.        ,  0.0062674 ],
        [ 0.77173644,  0.99262022,  0.99863591, ...,  0.05821768,
         -0.0062674 ,  0.        ]]]), 'num': array([ 9.99976269e-01,  2.45799052e-04,  5.37778628e-05, -5.78646967e-09,
        2.91806909e-04,  2.92748728e-04,  2.90394180e-04,  6.83418373e-03,
        1.09878879e-06,  2.89295392e-04,  2.95377972e-04,  3.02841888e-04,
        7.07584195e-07,  3.06186744e-04,  2.84569201e-04])}
{'img': array([[[ 0.        ,  0.38390728,  0.        , ..., -0.8901736 ,
         -0.95814532, -0.97525641],
        [-0.38390728,  0.        , -0.38390728, ..., -0.64704465,
         -0.77481837, -0.81565113],
        [ 0.        ,  0.38390728,  0.        , ..., -0.8901736 ,
         -0.95814532, -0.97525641],
        ...,
        [ 0.8901736 ,  0.64704465,  0.8901736 , ...,  0.        ,
          0.18171068,  0.24755108],
        [ 0.95814532,  0.77481837,  0.95814532, ..., -0.18171068,
          0.        ,  0.06737495],
