state_0,state_1,state_2,state_3,state_4,state_5,state_6,state_7,state_8,state_9,state_10,state_11,state_12,state_13,state_14,state_15,state_16,state_17,state_18,state_19,state_20,state_21,state_22,state_23,state_24,state_25,state_26,state_27,state_28,state_29,state_30,state_31,state_32,state_33,state_34,state_35,state_36,state_37,state_38,state_39,state_40,state_41,state_42,state_43,state_44,state_45,state_46,state_47,state_48,state_49,state_50,state_51,state_52,state_53,state_54,state_55,state_56,state_57,state_58,state_59,state_60,state_61,state_62,state_63,state_64,state_65,state_66,state_67,state_68,state_69,state_70,state_71,state_72,state_73,state_74,state_75,state_76,state_77,state_78,state_79,state_80,state_81,state_82,state_83,state_84,state_85,state_86,state_87,state_88,state_89,state_90,state_91,state_92,state_93,state_94,state_95,state_96,state_97,state_98,state_99,state_100,state_101,state_102,state_103,state_104,state_105,state_106,state_107,state_108,state_109,state_110,state_111,state_112,state_113,state_114,state_115,state_116,state_117,state_118,state_119,state_120,state_121,state_122,state_123,state_124,state_125,state_126,state_127,state_128,state_129,state_130,state_131,state_132,state_133,state_134,state_135,state_136,state_137,state_138,state_139,state_140,state_141,state_142,state_143,state_144,state_145,state_146,state_147,state_148,state_149,state_150,state_151,state_152,state_153,state_154,state_155,state_156,state_157,state_158,state_159,state_160,state_161,state_162,state_163,state_164,state_165,state_166,state_167,state_168,state_169,state_170,state_171,state_172,state_173,state_174,state_175,state_176,state_177,state_178,state_179,state_180,state_181,state_182,state_183,state_184,state_185,state_186,state_187,state_188,state_189,state_190,state_191,state_192,state_193,state_194,state_195,state_196,state_197,state_198,state_199,state_200,state_201,state_202,state_203,state_204,state_205,state_206,state_207,state_208,state_209,state_210,state_211,state_212,state_213,state_214,state_215,state_216,state_217,state_218,state_219,state_220,state_221,state_222,state_223,state_224,state_225,state_226,state_227,state_228,state_229,state_230,state_231,state_232,state_233,state_234,state_235,state_236,state_237,state_238,state_239,state_240,state_241,state_242,state_243,state_244,state_245,state_246,state_247,state_248,state_249,state_250,state_251,state_252,state_253,state_254,state_255,state_256,state_257,state_258,state_259,state_260,state_261,state_262,state_263,state_264,state_265,state_266,state_267,state_268,state_269,state_270,state_271,state_272,state_273,state_274,state_275,state_276,state_277,state_278,state_279,state_280,state_281,state_282,state_283,state_284,state_285,state_286,state_287
{'img': array([[[ 0.        ,  0.94907618,  0.99985126, ...,  0.84895234,
          0.57037428,  0.48799793],
        [-0.94907618,  0.        ,  0.29863112, ..., -0.23409813,
         -0.59986234, -0.67465407],
        [-0.99985126, -0.29863112,  0.        , ..., -0.51374895,
         -0.81142551, -0.86429847],
        ...,
        [-0.84895234,  0.23409813,  0.51374895, ...,  0.        ,
         -0.39589128, -0.48311164],
        [-0.57037428,  0.59986234,  0.81142551, ...,  0.39589128,
          0.        , -0.09701408],
        [-0.48799793,  0.67465407,  0.86429847, ...,  0.48311164,
          0.09701408,  0.        ]],

       [[ 0.        ,  0.38111368,  0.90182682, ...,  0.90296985,
          0.93943244,  0.44597535],
        [-0.38111368,  0.        , -0.99844264, ..., -0.99858711,
         -0.99915244, -0.75343076],
        [-0.90182682,  0.99844264,  0.        , ...,  0.00265264,
          0.09683972, -0.61447091],
        ...,
        [-0.90296985,  0.99858711, -0.00265264, ...,  0.        ,
          0.0941992 , -0.61656152],
        [-0.93943244,  0.99915244, -0.09683972, ..., -0.0941992 ,
          0.        , -0.68798357],
        [-0.44597535,  0.75343076,  0.61447091, ...,  0.61656152,
          0.68798357,  0.        ]],

       [[ 0.        ,  0.37990371,  0.6960782 , ...,  0.70235924,
          0.95808406,  0.99535179],
        [-0.37990371,  0.        ,  0.37113253, ...,  0.92012465,
          0.99509026,  0.88413939],
        [-0.6960782 , -0.37113253,  0.        , ...,  0.99975427,
          0.88728926,  0.64759234],
        ...,
        [-0.70235924, -0.92012465, -0.99975427, ...,  0.        ,
         -0.480769  , -0.77615523],
        [-0.95808406, -0.99509026, -0.88728926, ...,  0.480769  ,
          0.        , -0.37742463],
        [-0.99535179, -0.88413939, -0.64759234, ...,  0.77615523,
          0.37742463,  0.        ]],

       ...,

       [[ 0.        ,  0.95972758,  0.7103947 , ...,  0.6954803 ,
          0.54661231,  0.48182396],
        [-0.95972758,  0.        ,  0.4758868 , ..., -0.88499051,
         -0.95722332, -0.97633853],
        [-0.7103947 , -0.4758868 ,  0.        , ..., -0.99993215,
         -0.9795821 , -0.96160556],
        ...,
        [-0.6954803 ,  0.88499051,  0.99993215, ...,  0.        ,
         -0.1896197 , -0.26321488],
        [-0.54661231,  0.95722332,  0.9795821 , ...,  0.1896197 ,
          0.        , -0.07550635],
        [-0.48182396,  0.97633853,  0.96160556, ...,  0.26321488,
          0.07550635,  0.        ]],

       [[ 0.        ,  0.60312103,  0.87753604, ...,  0.57464823,
          0.70475293,  0.79523098],
        [-0.60312103,  0.        ,  0.41076337, ...,  0.95196254,
          0.99003187,  0.999992  ],
        [-0.87753604, -0.41076337,  0.        , ...,  0.99372592,
          0.96050698,  0.91337764],
        ...,
        [-0.57464823, -0.95196254, -0.99372592, ...,  0.        ,
         -0.16908436, -0.30240445],
        [-0.70475293, -0.99003187, -0.96050698, ...,  0.16908436,
          0.        , -0.13688252],
        [-0.79523098, -0.999992  , -0.91337764, ...,  0.30240445,
          0.13688252,  0.        ]],

       [[ 0.        , -0.85736083, -0.99999954, ..., -0.48835808,
         -0.19960988,  0.52560426],
        [ 0.85736083,  0.        , -0.51389483, ...,  0.49680456,
          0.73736445,  0.99991873],
        [ 0.99999954,  0.51389483,  0.        , ...,  0.87217541,
          0.9796839 ,  0.85123199],
        ...,
        [ 0.48835808, -0.49680456, -0.87217541, ...,  0.        ,
          0.30434186,  0.87412553],
        [ 0.19960988, -0.73736445, -0.9796839 , ..., -0.30434186,
          0.        ,  0.68484066],
        [-0.52560426, -0.99991873, -0.85123199, ..., -0.87412553,
         -0.68484066,  0.        ]]]), 'num': array([7.07103750e-01, 7.07103750e-01, 0.00000000e+00, 0.00000000e+00,
       9.77520687e-05, 1.01406352e-04, 9.63817126e-05, 2.91493928e-03,
       4.56785368e-07, 1.00401424e-04, 9.92137819e-05, 9.57346000e-05,
       4.80826703e-07, 1.06655880e-04, 9.17716842e-05])}
{'img': array([[[ 0.        ,  0.29863112, -0.17959939, ..., -0.59986234,
         -0.67465407, -0.63803753],
        [-0.29863112,  0.        , -0.46517935, ..., -0.81142551,
         -0.86429847, -0.83887053],
        [ 0.17959939,  0.46517935,  0.        , ..., -0.44641043,
         -0.53111566, -0.48937045],
        ...,
        [ 0.59986234,  0.81142551,  0.44641043, ...,  0.        ,
         -0.09701408, -0.04859872],
        [ 0.67465407,  0.86429847,  0.53111566, ...,  0.09701408,
          0.        ,  0.04852996],
        [ 0.63803753,  0.83887053,  0.48937045, ...,  0.04859872,
         -0.04852996,  0.        ]],

       [[ 0.        , -0.99844264, -0.64278156, ..., -0.99915244,
         -0.75343076, -0.81535386],
        [ 0.99844264,  0.        , -0.72899706, ...,  0.09683972,
         -0.61447091, -0.53257439],
        [ 0.64278156,  0.72899706,  0.        , ...,  0.79185918,
          0.15451888,  0.25245473],
        ...,
        [ 0.99915244, -0.09683972, -0.79185918, ...,  0.        ,
         -0.68798357, -0.6120348 ],
        [ 0.75343076,  0.61447091, -0.15451888, ...,  0.68798357,
          0.        ,  0.09990889],
        [ 0.81535386,  0.53257439, -0.25245473, ...,  0.6120348 ,
         -0.09990889,  0.        ]],

       [[ 0.        ,  0.37113253,  0.61827212, ...,  0.99509026,
          0.88413939,  0.74273523],
        [-0.37113253,  0.        ,  0.28241822, ...,  0.88728926,
          0.64759234,  0.44118415],
        [-0.61827212, -0.28241822,  0.        , ...,  0.72091389,
          0.40603074,  0.16977735],
        ...,
        [-0.99509026, -0.88728926, -0.72091389, ...,  0.        ,
         -0.37742463, -0.59278809],
        [-0.88413939, -0.64759234, -0.40603074, ...,  0.37742463,
          0.        , -0.24498354],
        [-0.74273523, -0.44118415, -0.16977735, ...,  0.59278809,
          0.24498354,  0.        ]],

       ...,

       [[ 0.        ,  0.4758868 , -0.41364722, ..., -0.95722332,
         -0.97633853, -0.89852171],
        [-0.4758868 ,  0.        , -0.7970705 , ..., -0.9795821 ,
         -0.96160556, -0.99913628],
        [ 0.41364722,  0.7970705 ,  0.        , ..., -0.75180286,
         -0.79944468, -0.63648584],
        ...,
        [ 0.95722332,  0.9795821 ,  0.75180286, ...,  0.        ,
         -0.07550635,  0.16016573],
        [ 0.97633853,  0.96160556,  0.79944468, ...,  0.07550635,
          0.        ,  0.23424008],
        [ 0.89852171,  0.99913628,  0.63648584, ..., -0.16016573,
         -0.23424008,  0.        ]],

       [[ 0.        ,  0.41076337,  0.57934632, ...,  0.99003187,
          0.999992  ,  0.98374743],
        [-0.41076337,  0.        ,  0.19340875, ...,  0.96050698,
          0.91337764,  0.82316808],
        [-0.57934632, -0.19340875,  0.        , ...,  0.88855383,
          0.8173922 ,  0.69780818],
        ...,
        [-0.99003187, -0.96050698, -0.88855383, ...,  0.        ,
         -0.13688252, -0.31632237],
        [-0.999992  , -0.91337764, -0.8173922 , ...,  0.13688252,
          0.        , -0.18349107],
        [-0.98374743, -0.82316808, -0.69780818, ...,  0.31632237,
          0.18349107,  0.        ]],

       [[ 0.        , -0.44824997, -0.54352735, ...,  0.58286765,
          0.77451917,  0.98167596],
        [ 0.44824997,  0.        , -0.10960639, ...,  0.88526338,
          0.97588979,  0.79211067],
        [ 0.54352735,  0.10960639,  0.        , ...,  0.93090657,
          0.99393324,  0.72043698],
        ...,
        [-0.58286765, -0.88526338, -0.93090657, ...,  0.        ,
          0.26065561,  0.90874763],
        [-0.77451917, -0.97588979, -0.99393324, ..., -0.26065561,
          0.        ,  0.76855031],
        [-0.98167596, -0.79211067, -0.72043698, ..., -0.90874763,
         -0.76855031,  0.        ]]]), 'num': array([7.07104389e-01, 7.07104389e-01, 0.00000000e+00, 0.00000000e+00,
       1.00492872e-04, 1.00949658e-04, 9.72953714e-05, 2.58584604e-03,
       2.74071469e-06, 9.91225145e-05, 9.95107824e-05, 9.56813950e-05,
       5.09203822e-07, 1.06653457e-04, 9.23681074e-05])}
{'img': array([[[ 0.00000000e+00, -4.65179351e-01, -2.98631120e-01, ...,
         -8.64298472e-01, -8.38870529e-01, -6.42836739e-01],
        [ 4.65179351e-01,  0.00000000e+00,  1.79599393e-01, ...,
         -5.31115656e-01, -4.89370454e-01, -2.12720779e-01],
        [ 2.98631120e-01, -1.79599393e-01,  0.00000000e+00, ...,
         -6.74654072e-01, -6.38037530e-01, -3.84750810e-01],
        ...,
        [ 8.64298472e-01,  5.31115656e-01,  6.74654072e-01, ...,
          0.00000000e+00,  4.85299599e-02,  3.38721853e-01],
        [ 8.38870529e-01,  4.89370454e-01,  6.38037530e-01, ...,
         -4.85299599e-02,  0.00000000e+00,  2.92661559e-01],
        [ 6.42836739e-01,  2.12720779e-01,  3.84750810e-01, ...,
         -3.38721853e-01, -2.92661559e-01,  0.00000000e+00]],

       [[ 0.00000000e+00, -7.31669811e-01, -5.34994595e-01, ...,
         -6.17074476e-01, -5.35017279e-01, -5.93538412e-01],
        [ 7.31669811e-01,  0.00000000e+00,  2.53471254e-01, ...,
          1.55119948e-01,  2.53445280e-01,  1.84261078e-01],
        [ 5.34994595e-01, -2.53471254e-01,  0.00000000e+00, ...,
         -1.00348964e-01, -2.68504661e-05, -7.08875013e-02],
        ...,
        [ 6.17074476e-01, -1.55119948e-01,  1.00348964e-01, ...,
          0.00000000e+00,  1.00322249e-01,  2.95668352e-02],
        [ 5.35017279e-01, -2.53445280e-01,  2.68504661e-05, ...,
         -1.00322249e-01,  0.00000000e+00, -7.08607183e-02],
        [ 5.93538412e-01, -1.84261078e-01,  7.08875013e-02, ...,
         -2.95668352e-02,  7.08607183e-02,  0.00000000e+00]],

       [[ 0.00000000e+00,  2.82418222e-01,  5.99175703e-01, ...,
          6.47592341e-01,  4.41184149e-01,  2.70177951e-01],
        [-2.82418222e-01,  0.00000000e+00,  3.48675098e-01, ...,
          4.06030741e-01,  1.69777351e-01, -1.27358234e-02],
        [-5.99175703e-01, -3.48675098e-01,  0.00000000e+00, ...,
          6.19097148e-02, -1.84490443e-01, -3.60583389e-01],
        ...,
        [-6.47592341e-01, -4.06030741e-01, -6.19097148e-02, ...,
          0.00000000e+00, -2.44983536e-01, -4.17636562e-01],
        [-4.41184149e-01, -1.69777351e-01,  1.84490443e-01, ...,
          2.44983536e-01,  0.00000000e+00, -1.82314512e-01],
        [-2.70177951e-01,  1.27358234e-02,  3.60583389e-01, ...,
          4.17636562e-01,  1.82314512e-01,  0.00000000e+00]],

       ...,

       [[ 0.00000000e+00, -7.97070499e-01, -6.59910541e-01, ...,
         -9.61605562e-01, -9.99136275e-01, -9.98358241e-01],
        [ 7.97070499e-01,  0.00000000e+00,  2.00363369e-01, ...,
         -7.99444685e-01, -6.36485842e-01, -5.57239855e-01],
        [ 6.59910541e-01, -2.00363369e-01,  0.00000000e+00, ...,
         -9.03599501e-01, -7.78116902e-01, -7.12311993e-01],
        ...,
        [ 9.61605562e-01,  7.99444685e-01,  9.03599501e-01, ...,
          0.00000000e+00,  2.34240082e-01,  3.29064049e-01],
        [ 9.99136275e-01,  6.36485842e-01,  7.78116902e-01, ...,
         -2.34240082e-01,  0.00000000e+00,  9.87143956e-02],
        [ 9.98358241e-01,  5.57239855e-01,  7.12311993e-01, ...,
         -3.29064049e-01, -9.87143956e-02,  0.00000000e+00]],

       [[ 0.00000000e+00,  1.93408746e-01,  4.09765024e-01, ...,
          9.13377639e-01,  8.23168078e-01,  8.22716233e-01],
        [-1.93408746e-01,  0.00000000e+00,  2.25602212e-01, ...,
          8.17392204e-01,  6.97808184e-01,  6.97238283e-01],
        [-4.09765024e-01, -2.25602212e-01,  0.00000000e+00, ...,
          6.66354149e-01,  5.18222935e-01,  5.17542572e-01],
        ...,
        [-9.13377639e-01, -8.17392204e-01, -6.66354149e-01, ...,
          0.00000000e+00, -1.83491070e-01, -1.84272836e-01],
        [-8.23168078e-01, -6.97808184e-01, -5.18222935e-01, ...,
          1.83491070e-01,  0.00000000e+00, -7.95326720e-04],
        [-8.22716233e-01, -6.97238283e-01, -5.17542572e-01, ...,
          1.84272836e-01,  7.95326720e-04,  0.00000000e+00]],

       [[ 0.00000000e+00, -1.03982539e-01, -2.96009555e-01, ...,
          9.40463375e-01,  9.94033377e-01,  7.65654580e-01],
        [ 1.03982539e-01,  0.00000000e+00, -1.95082365e-01, ...,
          9.70708388e-01,  9.77302811e-01,  6.94617090e-01],
        [ 2.96009555e-01,  1.95082365e-01,  0.00000000e+00, ...,
          9.98928669e-01,  9.17198115e-01,  5.40933031e-01],
        ...,
        [-9.40463375e-01, -9.70708388e-01, -9.98928669e-01, ...,
          0.00000000e+00,  4.40449307e-01,  8.65197091e-01],
        [-9.94033377e-01, -9.77302811e-01, -9.17198115e-01, ...,
         -4.40449307e-01,  0.00000000e+00,  5.55899115e-01],
        [-7.65654580e-01, -6.94617090e-01, -5.40933031e-01, ...,
         -8.65197091e-01, -5.55899115e-01,  0.00000000e+00]]]), 'num': array([ 7.07104514e-01,  7.07104514e-01,  0.00000000e+00,  0.00000000e+00,
        9.72953885e-05,  1.01863247e-04,  9.68386026e-05,  2.51711849e-03,
       -3.19750103e-06,  9.82089602e-05,  9.97620321e-05,  9.55443760e-05,
        4.63603561e-07,  1.06185682e-04,  9.33383820e-05])}
{'img': array([[[ 0.00000000e+00,  1.79599393e-01,  2.44699235e-01, ...,
         -4.89370454e-01, -2.12720779e-01, -5.31115656e-01],
        [-1.79599393e-01,  0.00000000e+00,  6.65809869e-02, ...,
         -6.38037530e-01, -3.84750810e-01, -6.74654072e-01],
        [-2.44699235e-01, -6.65809869e-02,  0.00000000e+00, ...,
         -6.87889450e-01, -4.45352672e-01, -7.22302725e-01],
        ...,
        [ 4.89370454e-01,  6.38037530e-01,  6.87889450e-01, ...,
          0.00000000e+00,  2.92661559e-01, -4.85299599e-02],
        [ 2.12720779e-01,  3.84750810e-01,  4.45352672e-01, ...,
         -2.92661559e-01,  0.00000000e+00, -3.38721853e-01],
        [ 5.31115656e-01,  6.74654072e-01,  7.22302725e-01, ...,
          4.85299599e-02,  3.38721853e-01,  0.00000000e+00]],

       [[ 0.00000000e+00,  2.53471254e-01,  9.98032597e-02, ...,
          2.53445280e-01,  1.84261078e-01,  1.69178645e-01],
        [-2.53471254e-01,  0.00000000e+00, -1.55661743e-01, ...,
         -2.68504661e-05, -7.08875013e-02, -8.61638037e-02],
        [-9.98032597e-02,  1.55661743e-01,  0.00000000e+00, ...,
          1.55635220e-01,  8.52467354e-02,  6.99693319e-02],
        ...,
        [-2.53445280e-01,  2.68504661e-05, -1.55635220e-01, ...,
          0.00000000e+00, -7.08607183e-02, -8.61370530e-02],
        [-1.84261078e-01,  7.08875013e-02, -8.52467354e-02, ...,
          7.08607183e-02,  0.00000000e+00, -1.53231733e-02],
        [-1.69178645e-01,  8.61638037e-02, -6.99693319e-02, ...,
          8.61370530e-02,  1.53231733e-02,  0.00000000e+00]],

       [[ 0.00000000e+00,  3.48675098e-01,  7.38853295e-01, ...,
          1.69777351e-01, -1.27358234e-02, -1.37756765e-01],
        [-3.48675098e-01,  0.00000000e+00,  4.57525163e-01, ...,
         -1.84490443e-01, -3.60583389e-01, -4.74462516e-01],
        [-7.38853295e-01, -4.57525163e-01,  0.00000000e+00, ...,
         -6.13719715e-01, -7.47375613e-01, -8.24638777e-01],
        ...,
        [-1.69777351e-01,  1.84490443e-01,  6.13719715e-01, ...,
          0.00000000e+00, -1.82314512e-01, -3.03915583e-01],
        [ 1.27358234e-02,  3.60583389e-01,  7.47375613e-01, ...,
          1.82314512e-01,  0.00000000e+00, -1.25131192e-01],
        [ 1.37756765e-01,  4.74462516e-01,  8.24638777e-01, ...,
          3.03915583e-01,  1.25131192e-01,  0.00000000e+00]],

       ...,

       [[ 0.00000000e+00,  5.55366044e-01,  5.55366044e-01, ...,
         -7.75385511e-01, -6.98347538e-01, -8.16872730e-01],
        [-5.55366044e-01,  0.00000000e+00,  0.00000000e+00, ...,
         -9.95522339e-01, -9.78258165e-01, -9.99661373e-01],
        [-5.55366044e-01,  0.00000000e+00,  0.00000000e+00, ...,
         -9.95522339e-01, -9.78258165e-01, -9.99661373e-01],
        ...,
        [ 7.75385511e-01,  9.95522339e-01,  9.95522339e-01, ...,
          0.00000000e+00,  1.13990823e-01, -6.85891881e-02],
        [ 6.98347538e-01,  9.78258165e-01,  9.78258165e-01, ...,
         -1.13990823e-01,  0.00000000e+00, -1.81864484e-01],
        [ 8.16872730e-01,  9.99661373e-01,  9.99661373e-01, ...,
          6.85891881e-02,  1.81864484e-01,  0.00000000e+00]],

       [[ 0.00000000e+00,  2.25602212e-01,  4.53050830e-01, ...,
          6.97808184e-01,  6.97238283e-01,  5.96968273e-01],
        [-2.25602212e-01,  0.00000000e+00,  2.40250037e-01, ...,
          5.18222935e-01,  5.17542572e-01,  4.00585411e-01],
        [-4.53050830e-01, -2.40250037e-01,  0.00000000e+00, ...,
          2.97571943e-01,  2.96812551e-01,  1.68721321e-01],
        ...,
        [-6.97808184e-01, -5.18222935e-01, -2.97571943e-01, ...,
          0.00000000e+00, -7.95326720e-04, -1.32227747e-01],
        [-6.97238283e-01, -5.17542572e-01, -2.96812551e-01, ...,
          7.95326720e-04,  0.00000000e+00, -1.31439362e-01],
        [-5.96968273e-01, -4.00585411e-01, -1.68721321e-01, ...,
          1.32227747e-01,  1.31439362e-01,  0.00000000e+00]],

       [[ 0.00000000e+00, -1.81750825e-01, -3.98219485e-01, ...,
          9.98110227e-01,  9.89745621e-01,  6.57730769e-01],
        [ 1.81750825e-01,  0.00000000e+00, -2.24868744e-01, ...,
          9.92654720e-01,  9.47299524e-01,  5.09871639e-01],
        [ 3.98219485e-01,  2.24868744e-01,  0.00000000e+00, ...,
          9.40026868e-01,  8.51001775e-01,  3.03369902e-01],
        ...,
        [-9.98110227e-01, -9.92654720e-01, -9.40026868e-01, ...,
          0.00000000e+00,  2.03390101e-01,  7.92246500e-01],
        [-9.89745621e-01, -9.47299524e-01, -8.51001775e-01, ...,
         -2.03390101e-01,  0.00000000e+00,  6.51577911e-01],
        [-6.57730769e-01, -5.09871639e-01, -3.03369902e-01, ...,
         -7.92246500e-01, -6.51577911e-01,  0.00000000e+00]]]), 'num': array([ 8.63799989e-01,  5.03827125e-01,  3.44471641e-05, -6.72958554e-11,
        1.17561354e-04,  1.19248837e-04,  1.16436365e-04,  2.77319921e-03,
       -2.24997806e-06,  1.20261327e-04,  1.22567555e-04,  1.17514479e-04,
        5.21734043e-07,  1.30803059e-04,  1.14332051e-04])}
{'img': array([[[ 0.        ,  0.06658099, -0.59986234, ..., -0.38475081,
         -0.67465407, -0.80538686],
        [-0.06658099,  0.        , -0.65180292, ..., -0.44535267,
         -0.72230272, -0.84306558],
        [ 0.59986234,  0.65180292,  0.        , ...,  0.24584486,
         -0.09701408, -0.28882451],
        ...,
        [ 0.38475081,  0.44535267, -0.24584486, ...,  0.        ,
         -0.33872185, -0.51532771],
        [ 0.67465407,  0.72230272,  0.09701408, ...,  0.33872185,
          0.        , -0.19458259],
        [ 0.80538686,  0.84306558,  0.28882451, ...,  0.51532771,
          0.19458259,  0.        ]],

       [[ 0.        , -0.15566174,  0.00459736, ..., -0.0708875 ,
         -0.0861638 , -0.14683074],
        [ 0.15566174,  0.        ,  0.16020142, ...,  0.08524674,
          0.06996933,  0.00893369],
        [-0.00459736, -0.16020142,  0.        , ..., -0.07547255,
         -0.09074316, -0.15137673],
        ...,
        [ 0.0708875 , -0.08524674,  0.07547255, ...,  0.        ,
         -0.01532317, -0.07634217],
        [ 0.0861638 , -0.06996933,  0.09074316, ...,  0.01532317,
          0.        , -0.06105475],
        [ 0.14683074, -0.00893369,  0.15137673, ...,  0.07634217,
          0.06105475,  0.        ]],

       [[ 0.        ,  0.45752516,  0.21317307, ..., -0.36058339,
         -0.47446252, -0.5384146 ],
        [-0.45752516,  0.        , -0.25745591, ..., -0.74737561,
         -0.82463878, -0.86430381],
        [-0.21317307,  0.25745591,  0.        , ..., -0.55112746,
         -0.65120781, -0.70567555],
        ...,
        [ 0.36058339,  0.74737561,  0.55112746, ...,  0.        ,
         -0.12513119, -0.19833739],
        [ 0.47446252,  0.82463878,  0.65120781, ...,  0.12513119,
          0.        , -0.07413319],
        [ 0.5384146 ,  0.86430381,  0.70567555, ...,  0.19833739,
          0.07413319,  0.        ]],

       ...,

       [[ 0.        ,  0.        , -0.93207487, ..., -0.97825817,
         -0.99966137, -0.99114998],
        [ 0.        ,  0.        , -0.93207487, ..., -0.97825817,
         -0.99966137, -0.99114998],
        [ 0.93207487,  0.93207487,  0.        , ..., -0.16108559,
         -0.33788867, -0.4827896 ],
        ...,
        [ 0.97825817,  0.97825817,  0.16108559, ...,  0.        ,
         -0.18186448, -0.33541607],
        [ 0.99966137,  0.99966137,  0.33788867, ...,  0.18186448,
          0.        , -0.15849345],
        [ 0.99114998,  0.99114998,  0.4827896 , ...,  0.33541607,
          0.15849345,  0.        ]],

       [[ 0.        ,  0.24025004,  0.27240905, ...,  0.51754257,
          0.40058541,  0.40898894],
        [-0.24025004,  0.        ,  0.03326632, ...,  0.29681255,
          0.16872132,  0.17777247],
        [-0.27240905, -0.03326632,  0.        , ...,  0.26488108,
          0.13583853,  0.14493763],
        ...,
        [-0.51754257, -0.29681255, -0.26488108, ...,  0.        ,
         -0.13143936, -0.12232352],
        [-0.40058541, -0.16872132, -0.13583853, ...,  0.13143936,
          0.        ,  0.00919002],
        [-0.40898894, -0.17777247, -0.14493763, ...,  0.12232352,
         -0.00919002,  0.        ]],

       [[ 0.        , -0.22486874, -0.20444739, ...,  0.94729952,
          0.50987164,  0.86003072],
        [ 0.22486874,  0.        ,  0.02090767, ...,  0.85100177,
          0.3033699 ,  0.723267  ],
        [ 0.20444739, -0.02090767,  0.        , ...,  0.86179568,
          0.32322594,  0.73754708],
        ...,
        [-0.94729952, -0.85100177, -0.86179568, ...,  0.        ,
          0.65157791,  0.20784209],
        [-0.50987164, -0.3033699 , -0.32322594, ..., -0.65157791,
          0.        , -0.4796838 ],
        [-0.86003072, -0.723267  , -0.73754708, ..., -0.20784209,
          0.4796838 ,  0.        ]]]), 'num': array([ 9.95525450e-01,  9.44546411e-02,  8.46075829e-05, -1.02483326e-08,
        1.35744314e-04,  1.36381611e-04,  1.32557828e-04,  2.69138276e-03,
        2.54918900e-06,  1.36254152e-04,  1.38707746e-04,  1.32993314e-04,
        6.19594548e-07,  1.48136946e-04,  1.29278546e-04])}
{'img': array([[[ 0.        , -0.65180292, -0.81545495, ..., -0.72230272,
         -0.84306558, -0.72230272],
        [ 0.65180292,  0.        , -0.24115465, ..., -0.09701408,
         -0.28882451, -0.09701408],
        [ 0.81545495,  0.24115465,  0.        , ...,  0.14586625,
         -0.04942321,  0.14586625],
        ...,
        [ 0.72230272,  0.09701408, -0.14586625, ...,  0.        ,
         -0.19458259,  0.        ],
        [ 0.84306558,  0.28882451,  0.04942321, ...,  0.19458259,
          0.        ,  0.19458259],
        [ 0.72230272,  0.09701408, -0.14586625, ...,  0.        ,
         -0.19458259,  0.        ]],

       [[ 0.        ,  0.16020142,  0.45838564, ...,  0.06996933,
          0.00893369, -0.07066869],
        [-0.16020142,  0.        ,  0.31008574, ..., -0.09074316,
         -0.15137673, -0.22955685],
        [-0.45838564, -0.31008574,  0.        , ..., -0.39507673,
         -0.45042751, -0.52004665],
        ...,
        [-0.06996933,  0.09074316,  0.39507673, ...,  0.        ,
         -0.06105475, -0.14028989],
        [-0.00893369,  0.15137673,  0.45042751, ...,  0.06105475,
          0.        , -0.07957722],
        [ 0.07066869,  0.22955685,  0.52004665, ...,  0.14028989,
          0.07957722,  0.        ]],

       [[ 0.        , -0.25745591, -0.55778097, ..., -0.82463878,
         -0.86430381, -0.86430381],
        [ 0.25745591,  0.        , -0.32529283, ..., -0.65120781,
         -0.70567555, -0.70567555],
        [ 0.55778097,  0.32529283,  0.        , ..., -0.36892624,
         -0.43681481, -0.43681481],
        ...,
        [ 0.82463878,  0.65120781,  0.36892624, ...,  0.        ,
         -0.07413319, -0.07413319],
        [ 0.86430381,  0.70567555,  0.43681481, ...,  0.07413319,
          0.        ,  0.        ],
        [ 0.86430381,  0.70567555,  0.43681481, ...,  0.07413319,
          0.        ,  0.        ]],

       ...,

       [[ 0.        , -0.93207487, -0.98970881, ..., -0.99966137,
         -0.99114998, -0.99866983],
        [ 0.93207487,  0.        , -0.22516134, ..., -0.33788867,
         -0.4827896 , -0.40984276],
        [ 0.98970881,  0.22516134,  0.        , ..., -0.11729348,
         -0.27321031, -0.1939363 ],
        ...,
        [ 0.99966137,  0.33788867,  0.11729348, ...,  0.        ,
         -0.15849345, -0.07753106],
        [ 0.99114998,  0.4827896 ,  0.27321031, ...,  0.15849345,
          0.        ,  0.0814653 ],
        [ 0.99866983,  0.40984276,  0.1939363 , ...,  0.07753106,
         -0.0814653 ,  0.        ]],

       [[ 0.        ,  0.03326632,  0.04982558, ...,  0.16872132,
          0.17777247,  0.16675756],
        [-0.03326632,  0.        ,  0.01657301, ...,  0.13583853,
          0.14493763,  0.13386474],
        [-0.04982558, -0.01657301,  0.        , ...,  0.11940049,
          0.12851972,  0.11742251],
        ...,
        [-0.16872132, -0.13583853, -0.11940049, ...,  0.        ,
          0.00919002, -0.00199199],
        [-0.17777247, -0.14493763, -0.12851972, ..., -0.00919002,
          0.        , -0.0111819 ],
        [-0.16675756, -0.13386474, -0.11742251, ...,  0.00199199,
          0.0111819 ,  0.        ]],

       [[ 0.        ,  0.02090767,  0.17379331, ...,  0.3033699 ,
          0.723267  ,  0.78164215],
        [-0.02090767,  0.        ,  0.15316582, ...,  0.32322594,
          0.73754708,  0.79451197],
        [-0.17379331, -0.15316582,  0.        , ...,  0.46435619,
          0.83227661,  0.87814684],
        ...,
        [-0.3033699 , -0.32322594, -0.46435619, ...,  0.        ,
         -0.4796838 , -0.55558555],
        [-0.723267  , -0.73754708, -0.83227661, ...,  0.4796838 ,
          0.        , -0.08865618],
        [-0.78164215, -0.79451197, -0.87814684, ...,  0.55558555,
          0.08865618,  0.        ]]]), 'num': array([ 9.96267955e-01,  8.62988616e-02,  8.62529946e-05,  1.17216828e-08,
        1.35735247e-04,  1.37665132e-04,  1.35091952e-04,  1.58434554e-03,
       -1.28659002e-06,  1.37150496e-04,  1.39755840e-04,  1.34062680e-04,
        6.34234515e-07,  1.49442718e-04,  1.30068962e-04])}
{'img': array([[[ 0.        , -0.24115465, -0.14524619, ..., -0.28882451,
         -0.09701408, -0.19329389],
        [ 0.24115465,  0.        ,  0.09763784, ..., -0.04942321,
          0.14586625,  0.04901754],
        [ 0.14524619, -0.09763784,  0.        , ..., -0.14670558,
          0.04857577, -0.04873713],
        ...,
        [ 0.28882451,  0.04942321,  0.14670558, ...,  0.        ,
          0.19458259,  0.09832144],
        [ 0.09701408, -0.14586625, -0.04857577, ..., -0.19458259,
          0.        , -0.09719764],
        [ 0.19329389, -0.04901754,  0.04873713, ..., -0.09832144,
          0.09719764,  0.        ]],

       [[ 0.        ,  0.31008574, -0.43833392, ..., -0.15137673,
         -0.22955685, -0.45594268],
        [-0.31008574,  0.        , -0.69543667, ..., -0.45042751,
         -0.52004665, -0.70944777],
        [ 0.43833392,  0.69543667,  0.        , ...,  0.29722337,
          0.22029982, -0.01968565],
        ...,
        [ 0.15137673,  0.45042751, -0.29722337, ...,  0.        ,
         -0.07957722, -0.31596179],
        [ 0.22955685,  0.52004665, -0.22029982, ...,  0.07957722,
          0.        , -0.23945915],
        [ 0.45594268,  0.70944777,  0.01968565, ...,  0.31596179,
          0.23945915,  0.        ]],

       [[ 0.        , -0.32529283, -0.47375016, ..., -0.70567555,
         -0.70567555, -0.73138082],
        [ 0.32529283,  0.        , -0.16151231, ..., -0.43681481,
         -0.43681481, -0.46976373],
        [ 0.47375016,  0.16151231,  0.        , ..., -0.2857911 ,
         -0.2857911 , -0.32101425],
        ...,
        [ 0.70567555,  0.43681481,  0.2857911 , ...,  0.        ,
          0.        , -0.03695995],
        [ 0.70567555,  0.43681481,  0.2857911 , ...,  0.        ,
          0.        , -0.03695995],
        [ 0.73138082,  0.46976373,  0.32101425, ...,  0.03695995,
          0.03695995,  0.        ]],

       ...,

       [[ 0.        , -0.23527592, -0.18214514, ..., -0.4999662 ,
         -0.42551222, -0.40212271],
        [ 0.23527592,  0.        ,  0.05430807, ..., -0.28217194,
         -0.20065393, -0.17541929],
        [ 0.18214514, -0.05430807,  0.        , ..., -0.33385672,
         -0.25356138, -0.22862637],
        ...,
        [ 0.4999662 ,  0.28217194,  0.33385672, ...,  0.        ,
          0.08393305,  0.10950561],
        [ 0.42551222,  0.20065393,  0.25356138, ..., -0.08393305,
          0.        ,  0.02569091],
        [ 0.40212271,  0.17541929,  0.22862637, ..., -0.10950561,
         -0.02569091,  0.        ]],

       [[ 0.        ,  0.01657301,  0.04121027, ...,  0.14493763,
          0.13386474,  0.11818913],
        [-0.01657301,  0.        ,  0.02464568, ...,  0.12851972,
          0.11742251,  0.10171605],
        [-0.04121027, -0.02464568,  0.        , ...,  0.10403939,
          0.09291166,  0.0771673 ],
        ...,
        [-0.14493763, -0.12851972, -0.10403939, ...,  0.        ,
         -0.0111819 , -0.02698064],
        [-0.13386474, -0.11742251, -0.09291166, ...,  0.0111819 ,
          0.        , -0.01580111],
        [-0.11818913, -0.10171605, -0.0771673 , ...,  0.02698064,
          0.01580111,  0.        ]],

       [[ 0.        ,  0.15316582,  0.31007629, ...,  0.73754708,
          0.79451197,  0.86367955],
        [-0.15316582,  0.        ,  0.16080101, ...,  0.83227661,
          0.87814684,  0.93069047],
        [-0.31007629, -0.16080101,  0.        , ...,  0.91058781,
          0.94364517,  0.97740149],
        ...,
        [-0.73754708, -0.83227661, -0.91058781, ...,  0.        ,
         -0.08865618, -0.21148492],
        [-0.79451197, -0.87814684, -0.94364517, ...,  0.08865618,
          0.        , -0.12400126],
        [-0.86367955, -0.93069047, -0.97740149, ...,  0.21148492,
          0.12400126,  0.        ]]]), 'num': array([ 9.97286067e-01,  7.35801993e-02,  8.83929036e-05,  5.81085856e-10,
        1.35779192e-04,  1.38377837e-04,  1.35129531e-04,  2.50864076e-03,
       -1.29932241e-06,  1.37078514e-04,  1.41073931e-04,  1.35324429e-04,
        6.03910416e-07,  1.50980146e-04,  1.31167716e-04])}
{'img': array([[[ 0.        ,  0.09763784, -0.04942321, ...,  0.14586625,
          0.04901754, -0.04942321],
        [-0.09763784,  0.        , -0.14670558, ...,  0.04857577,
         -0.04873713, -0.14670558],
        [ 0.04942321,  0.14670558,  0.        , ...,  0.19458259,
          0.09832144,  0.        ],
        ...,
        [-0.14586625, -0.04857577, -0.19458259, ...,  0.        ,
         -0.09719764, -0.19458259],
        [-0.04901754,  0.04873713, -0.09832144, ...,  0.09719764,
          0.        , -0.09832144],
        [ 0.04942321,  0.14670558,  0.        , ...,  0.19458259,
          0.09832144,  0.        ]],

       [[ 0.        , -0.69543667, -0.74962838, ..., -0.52004665,
         -0.70944777, -0.55677496],
        [ 0.69543667,  0.        , -0.07839251, ...,  0.22029982,
         -0.01968565,  0.17758231],
        [ 0.74962838,  0.07839251,  0.        , ...,  0.29608844,
          0.05875225,  0.25418234],
        ...,
        [ 0.52004665, -0.22029982, -0.29608844, ...,  0.        ,
         -0.23945915, -0.04357887],
        [ 0.70944777,  0.01968565, -0.05875225, ...,  0.23945915,
          0.        ,  0.19692066],
        [ 0.55677496, -0.17758231, -0.25418234, ...,  0.04357887,
         -0.19692066,  0.        ]],

       [[ 0.        , -0.16151231, -0.38042673, ..., -0.43681481,
         -0.46976373, -0.58492418],
        [ 0.16151231,  0.        , -0.22606361, ..., -0.2857911 ,
         -0.32101425, -0.44624383],
        [ 0.38042673,  0.22606361,  0.        , ..., -0.06175776,
         -0.09860496, -0.2323848 ],
        ...,
        [ 0.43681481,  0.2857911 ,  0.06175776, ...,  0.        ,
         -0.03695995, -0.17187415],
        [ 0.46976373,  0.32101425,  0.09860496, ...,  0.03695995,
          0.        , -0.13534678],
        [ 0.58492418,  0.44624383,  0.2323848 , ...,  0.17187415,
          0.13534678,  0.        ]],

       ...,

       [[ 0.        ,  0.05430807, -0.00903117, ..., -0.20065393,
         -0.17541929, -0.27847615],
        [-0.05430807,  0.        , -0.06332369, ..., -0.25356138,
         -0.22862637, -0.330225  ],
        [ 0.00903117,  0.06332369,  0.        , ..., -0.19179826,
         -0.16652101, -0.26979088],
        ...,
        [ 0.20065393,  0.25356138,  0.19179826, ...,  0.        ,
          0.02569091, -0.08009586],
        [ 0.17541929,  0.22862637,  0.16652101, ..., -0.02569091,
          0.        , -0.1056778 ],
        [ 0.27847615,  0.330225  ,  0.26979088, ...,  0.08009586,
          0.1056778 ,  0.        ]],

       [[ 0.        ,  0.02464568,  0.02886924, ...,  0.11742251,
          0.10171605,  0.11197663],
        [-0.02464568,  0.        ,  0.00422506, ...,  0.09291166,
          0.0771673 ,  0.08745194],
        [-0.02886924, -0.00422506,  0.        , ...,  0.08870405,
          0.07295414,  0.08324228],
        ...,
        [-0.11742251, -0.09291166, -0.08870405, ...,  0.        ,
         -0.01580111, -0.00548204],
        [-0.10171605, -0.0771673 , -0.07295414, ...,  0.01580111,
          0.        ,  0.01031952],
        [-0.11197663, -0.08745194, -0.08324228, ...,  0.00548204,
         -0.01031952,  0.        ]],

       [[ 0.        ,  0.16080101,  0.27399255, ...,  0.87814684,
          0.93069047,  0.94749393],
        [-0.16080101,  0.        ,  0.11577959, ...,  0.94364517,
          0.97740149,  0.98658399],
        [-0.27399255, -0.11577959,  0.        , ...,  0.97561737,
          0.99530321,  0.99885068],
        ...,
        [-0.87814684, -0.94364517, -0.97561737, ...,  0.        ,
         -0.12400126, -0.17246444],
        [-0.93069047, -0.97740149, -0.99530321, ...,  0.12400126,
          0.        , -0.04899018],
        [-0.94749393, -0.98658399, -0.99885068, ...,  0.17246444,
          0.04899018,  0.        ]]]), 'num': array([ 9.99263322e-01,  3.83486800e-02,  9.19535518e-05, -1.08671392e-08,
        1.36049075e-04,  1.38001932e-04,  1.34747170e-04,  1.42477882e-03,
        0.00000000e+00,  1.36830218e-04,  1.41224147e-04,  1.35582559e-04,
        4.77365175e-07,  1.51354566e-04,  1.31093728e-04])}
{'img': array([[[ 0.        , -0.14670558, -0.24536322, ..., -0.04873713,
         -0.14670558, -0.14670558],
        [ 0.14670558,  0.        , -0.10048747, ...,  0.09832144,
          0.        ,  0.        ],
        [ 0.24536322,  0.10048747,  0.        , ...,  0.19782435,
          0.10048747,  0.10048747],
        ...,
        [ 0.04873713, -0.09832144, -0.19782435, ...,  0.        ,
         -0.09832144, -0.09832144],
        [ 0.14670558,  0.        , -0.10048747, ...,  0.09832144,
          0.        ,  0.        ],
        [ 0.14670558,  0.        , -0.10048747, ...,  0.09832144,
          0.        ,  0.        ]],

       [[ 0.        , -0.07839251,  0.26184413, ..., -0.01968565,
          0.17758231, -0.06764657],
        [ 0.07839251,  0.        ,  0.33669573, ...,  0.05875225,
          0.25418234,  0.01077455],
        [-0.26184413, -0.33669573,  0.        , ..., -0.28079221,
         -0.08629588, -0.32653073],
        ...,
        [ 0.01968565, -0.05875225,  0.28079221, ...,  0.        ,
          0.19692066, -0.0479929 ],
        [-0.17758231, -0.25418234,  0.08629588, ..., -0.19692066,
          0.        , -0.24374692],
        [ 0.06764657, -0.01077455,  0.32653073, ...,  0.0479929 ,
          0.24374692,  0.        ]],

       [[ 0.        , -0.22606361, -0.46834409, ..., -0.32101425,
         -0.44624383, -0.49023449],
        [ 0.22606361,  0.        , -0.25648222, ..., -0.09860496,
         -0.2323848 , -0.28050865],
        [ 0.46834409,  0.25648222,  0.        , ...,  0.15992578,
          0.02484945, -0.0249405 ],
        ...,
        [ 0.32101425,  0.09860496, -0.15992578, ...,  0.        ,
         -0.13534678, -0.18449552],
        [ 0.44624383,  0.2323848 , -0.02484945, ...,  0.13534678,
          0.        , -0.04977452],
        [ 0.49023449,  0.28050865,  0.0249405 , ...,  0.18449552,
          0.04977452,  0.        ]],

       ...,

       [[ 0.        , -0.06332369, -0.03226128, ..., -0.22862637,
         -0.330225  , -0.66216348],
        [ 0.06332369,  0.        ,  0.03109419, ..., -0.16652101,
         -0.26979088, -0.61338234],
        [ 0.03226128, -0.03109419,  0.        , ..., -0.19710054,
         -0.29960161, -0.6376435 ],
        ...,
        [ 0.22862637,  0.16652101,  0.19710054, ...,  0.        ,
         -0.1056778 , -0.47330225],
        [ 0.330225  ,  0.26979088,  0.29960161, ...,  0.1056778 ,
          0.        , -0.37756038],
        [ 0.66216348,  0.61338234,  0.6376435 , ...,  0.47330225,
          0.37756038,  0.        ]],

       [[ 0.        ,  0.00422506, -0.00832991, ...,  0.0771673 ,
          0.08745194,  0.1006894 ],
        [-0.00422506,  0.        , -0.01255475, ...,  0.07295414,
          0.08324228,  0.09648491],
        [ 0.00832991,  0.01255475,  0.        , ...,  0.08546969,
          0.0957469 ,  0.10897348],
        ...,
        [-0.0771673 , -0.07295414, -0.08546969, ...,  0.        ,
