state_0,state_1,state_2,state_3,state_4,state_5,state_6,state_7,state_8,state_9,state_10,state_11,state_12,state_13,state_14,state_15,state_16,state_17,state_18,state_19,state_20,state_21,state_22,state_23,state_24,state_25,state_26,state_27,state_28,state_29,state_30,state_31,state_32,state_33,state_34,state_35,state_36,state_37,state_38,state_39,state_40,state_41,state_42,state_43,state_44,state_45,state_46,state_47,state_48,state_49,state_50,state_51,state_52,state_53,state_54,state_55,state_56,state_57,state_58,state_59,state_60,state_61,state_62,state_63,state_64,state_65,state_66,state_67,state_68,state_69,state_70,state_71,state_72,state_73,state_74,state_75,state_76,state_77,state_78,state_79,state_80,state_81,state_82,state_83,state_84,state_85,state_86,state_87,state_88,state_89,state_90,state_91,state_92,state_93,state_94,state_95,state_96,state_97,state_98,state_99,state_100,state_101,state_102,state_103,state_104,state_105,state_106,state_107,state_108,state_109,state_110,state_111,state_112,state_113,state_114,state_115,state_116,state_117,state_118,state_119,state_120,state_121,state_122,state_123,state_124,state_125,state_126,state_127,state_128,state_129,state_130,state_131,state_132,state_133,state_134,state_135,state_136,state_137,state_138,state_139,state_140,state_141,state_142,state_143,state_144,state_145,state_146,state_147,state_148,state_149,state_150,state_151,state_152,state_153,state_154,state_155,state_156,state_157,state_158,state_159,state_160,state_161,state_162,state_163,state_164,state_165,state_166,state_167,state_168,state_169,state_170,state_171,state_172,state_173,state_174,state_175,state_176,state_177,state_178,state_179,state_180,state_181,state_182,state_183,state_184,state_185,state_186,state_187,state_188,state_189,state_190,state_191,state_192,state_193,state_194,state_195,state_196,state_197,state_198,state_199,state_200,state_201,state_202,state_203,state_204,state_205,state_206,state_207,state_208,state_209,state_210,state_211,state_212,state_213,state_214,state_215,state_216,state_217,state_218,state_219,state_220,state_221,state_222,state_223,state_224,state_225,state_226,state_227,state_228,state_229,state_230,state_231,state_232,state_233,state_234,state_235,state_236,state_237,state_238,state_239,state_240,state_241,state_242,state_243,state_244,state_245,state_246,state_247,state_248,state_249,state_250,state_251,state_252,state_253,state_254,state_255,state_256,state_257,state_258,state_259,state_260,state_261,state_262,state_263,state_264,state_265,state_266,state_267,state_268,state_269,state_270,state_271,state_272,state_273,state_274,state_275,state_276,state_277,state_278,state_279,state_280,state_281,state_282,state_283,state_284,state_285,state_286,state_287
{'img': array([[[ 0.        , -0.2910341 , -0.56985269, ...,  0.90054844,
          0.92888449,  0.96274849],
        [ 0.2910341 ,  0.        , -0.30602894, ...,  0.98809484,
          0.99646574,  0.99976887],
        [ 0.56985269,  0.30602894,  0.        , ...,  0.98776956,
          0.974364  ,  0.94522286],
        ...,
        [-0.90054844, -0.98809484, -0.98776956, ...,  0.        ,
          0.0703021 ,  0.17505345],
        [-0.92888449, -0.99646574, -0.974364  , ..., -0.0703021 ,
          0.        ,  0.10540376],
        [-0.96274849, -0.99976887, -0.94522286, ..., -0.17505345,
         -0.10540376,  0.        ]],

       [[ 0.        ,  0.40876292,  0.59226084, ...,  0.03638712,
          0.03072034, -0.19281568],
        [-0.40876292,  0.        ,  0.21116209, ..., -0.37528386,
         -0.38053337, -0.5770639 ],
        [-0.59226084, -0.21116209,  0.        , ..., -0.56254985,
         -0.56722851, -0.73650758],
        ...,
        [-0.03638712,  0.37528386,  0.56254985, ...,  0.        ,
         -0.00566995, -0.2283923 ],
        [-0.03072034,  0.38053337,  0.56722851, ...,  0.00566995,
          0.        , -0.22286854],
        [ 0.19281568,  0.5770639 ,  0.73650758, ...,  0.2283923 ,
          0.22286854,  0.        ]],

       [[ 0.        , -0.08203865, -0.2200413 , ...,  0.97216467,
          0.9637765 ,  0.95835818],
        [ 0.08203865,  0.        , -0.13927164, ...,  0.98810919,
          0.98240838,  0.97855538],
        [ 0.2200413 ,  0.13927164,  0.        , ...,  0.99989283,
          0.99884235,  0.99770631],
        ...,
        [-0.97216467, -0.98810919, -0.99989283, ...,  0.        ,
         -0.03347567, -0.05307799],
        [-0.9637765 , -0.98240838, -0.99884235, ...,  0.03347567,
          0.        , -0.01961976],
        [-0.95835818, -0.97855538, -0.99770631, ...,  0.05307799,
          0.01961976,  0.        ]],

       ...,

       [[ 0.        ,  0.        , -0.25420221, ...,  0.44744933,
          0.63591476,  0.54812717],
        [ 0.        ,  0.        , -0.25420221, ...,  0.44744933,
          0.63591476,  0.54812717],
        [ 0.25420221,  0.25420221,  0.        , ...,  0.66008651,
          0.81120858,  0.74273525],
        ...,
        [-0.44744933, -0.44744933, -0.66008651, ...,  0.        ,
          0.22338129,  0.11595083],
        [-0.63591476, -0.63591476, -0.81120858, ..., -0.22338129,
          0.        , -0.10885369],
        [-0.54812717, -0.54812717, -0.74273525, ..., -0.11595083,
          0.10885369,  0.        ]],

       [[ 0.        , -0.017478  ,  0.0271387 , ...,  0.63688519,
          0.63863315,  0.63779762],
        [ 0.017478  ,  0.        ,  0.04460612, ...,  0.65026272,
          0.65198512,  0.65116182],
        [-0.0271387 , -0.04460612,  0.        , ...,  0.61572779,
          0.61751438,  0.61666037],
        ...,
        [-0.63688519, -0.65026272, -0.61572779, ...,  0.        ,
          0.00226938,  0.00118408],
        [-0.63863315, -0.65198512, -0.61751438, ..., -0.00226938,
          0.        , -0.0010853 ],
        [-0.63779762, -0.65116182, -0.61666037, ..., -0.00118408,
          0.0010853 ,  0.        ]],

       [[ 0.        , -0.11975924, -0.2944477 , ...,  0.9977096 ,
          0.99965489,  0.9998063 ],
        [ 0.11975924,  0.        , -0.17787852, ...,  0.98242818,
          0.9893143 ,  0.99025361],
        [ 0.2944477 ,  0.17787852,  0.        , ...,  0.93356143,
          0.94760272,  0.94968729],
        ...,
        [-0.9977096 , -0.98242818, -0.93356143, ...,  0.        ,
         -0.04141   , -0.04799332],
        [-0.99965489, -0.9893143 , -0.94760272, ...,  0.04141   ,
          0.        , -0.00658988],
        [-0.9998063 , -0.99025361, -0.94968729, ...,  0.04799332,
          0.00658988,  0.        ]]]), 'num': array([7.06984024e-01, 7.06984024e-01, 0.00000000e+00, 0.00000000e+00,
       7.22151739e-04, 7.22151739e-04, 7.04456072e-04, 1.85257369e-02,
       1.76956669e-05, 7.03107831e-04, 7.08627193e-04, 6.59374254e-04,
       4.06796940e-07, 7.30389619e-04, 6.86864768e-04])}
{'img': array([[[ 0.        , -0.30602894, -0.0703541 , ...,  0.99646574,
          0.99976887,  0.89766481],
        [ 0.30602894,  0.        ,  0.23829195, ...,  0.974364  ,
          0.94522286,  0.71973634],
        [ 0.0703541 , -0.23829195,  0.        , ...,  0.99990633,
          0.99577898,  0.8644369 ],
        ...,
        [-0.99646574, -0.974364  , -0.99990633, ...,  0.        ,
          0.10540376,  0.51452543],
        [-0.99976887, -0.94522286, -0.99577898, ..., -0.10540376,
          0.        ,  0.42127817],
        [-0.89766481, -0.71973634, -0.8644369 , ..., -0.51452543,
         -0.42127817,  0.        ]],

       [[ 0.        ,  0.21116209,  0.19390008, ..., -0.38053337,
         -0.5770639 ,  0.29032067],
        [-0.21116209,  0.        , -0.01762666, ..., -0.56722851,
         -0.73650758,  0.08170704],
        [-0.19390008,  0.01762666,  0.        , ..., -0.55262376,
         -0.72446997,  0.09926207],
        ...,
        [ 0.38053337,  0.56722851,  0.55262376, ...,  0.        ,
         -0.22286854,  0.63262261],
        [ 0.5770639 ,  0.73650758,  0.72446997, ...,  0.22286854,
          0.        ,  0.78931402],
        [-0.29032067, -0.08170704, -0.09926207, ..., -0.63262261,
         -0.78931402,  0.        ]],

       [[ 0.        , -0.13927164, -0.18971266, ...,  0.98240838,
          0.97855538,  0.9919714 ],
        [ 0.13927164,  0.        , -0.05112134, ...,  0.99884235,
          0.99770631,  0.99991649],
        [ 0.18971266,  0.05112134,  0.        , ...,  0.99999544,
          0.99986223,  0.99794838],
        ...,
        [-0.98240838, -0.99884235, -0.99999544, ...,  0.        ,
         -0.01961976,  0.06100817],
        [-0.97855538, -0.99770631, -0.99986223, ...,  0.01961976,
          0.        ,  0.08057964],
        [-0.9919714 , -0.99991649, -0.99794838, ..., -0.06100817,
         -0.08057964,  0.        ]],

       ...,

       [[ 0.        , -0.25420221, -0.50484391, ...,  0.63591476,
          0.54812717,  0.56022609],
        [ 0.25420221,  0.        , -0.26883028, ...,  0.81120858,
          0.74273525,  0.75238907],
        [ 0.50484391,  0.26883028,  0.        , ...,  0.93854638,
          0.89539813,  0.9017754 ],
        ...,
        [-0.63591476, -0.81120858, -0.93854638, ...,  0.        ,
         -0.10885369, -0.09439378],
        [-0.54812717, -0.74273525, -0.89539813, ...,  0.10885369,
          0.        ,  0.01453478],
        [-0.56022609, -0.75238907, -0.9017754 , ...,  0.09439378,
         -0.01453478,  0.        ]],

       [[ 0.        ,  0.04460612,  0.03045539, ...,  0.65198512,
          0.65116182,  0.68124831],
        [-0.04460612,  0.        , -0.01416036, ...,  0.61751438,
          0.61666037,  0.64791621],
        [-0.03045539,  0.01416036,  0.        , ...,  0.62859044,
          0.62774599,  0.65863736],
        ...,
        [-0.65198512, -0.61751438, -0.62859044, ...,  0.        ,
         -0.0010853 ,  0.03925684],
        [-0.65116182, -0.61666037, -0.62774599, ...,  0.0010853 ,
          0.        ,  0.04034128],
        [-0.68124831, -0.64791621, -0.65863736, ..., -0.03925684,
         -0.04034128,  0.        ]],

       [[ 0.        , -0.17787852, -0.2985762 , ...,  0.9893143 ,
          0.99025361,  0.99223974],
        [ 0.17787852,  0.        , -0.1240499 , ...,  0.94760272,
          0.94968729,  0.95429863],
        [ 0.2985762 ,  0.1240499 ,  0.        , ...,  0.90065553,
          0.9034995 ,  0.90985471],
        ...,
        [-0.9893143 , -0.94760272, -0.90065553, ...,  0.        ,
         -0.00658988, -0.02165633],
        [-0.99025361, -0.94968729, -0.9034995 , ...,  0.00658988,
          0.        , -0.01506753],
        [-0.99223974, -0.95429863, -0.90985471, ...,  0.02165633,
          0.01506753,  0.        ]]]), 'num': array([ 9.36312816e-01,  3.50827929e-01,  6.88805749e-06, -9.99086969e-11,
        9.53558447e-04,  9.53558447e-04,  9.42340113e-04,  1.51997104e-02,
       -7.85283427e-06,  9.41442646e-04,  9.44247230e-04,  8.80433602e-04,
        5.00652952e-07,  9.73372584e-04,  9.15121875e-04])}
{'img': array([[[ 0.        ,  0.23829195,  0.09879459, ...,  0.94522286,
          0.71973634,  0.83218584],
        [-0.23829195,  0.        , -0.14117752, ...,  0.99577898,
          0.8644369 ,  0.94034566],
        [-0.09879459,  0.14117752,  0.        , ...,  0.97284778,
          0.78480318,  0.88289594],
        ...,
        [-0.94522286, -0.99577898, -0.97284778, ...,  0.        ,
          0.42127817,  0.25247623],
        [-0.71973634, -0.8644369 , -0.78480318, ..., -0.42127817,
          0.        , -0.17865143],
        [-0.83218584, -0.94034566, -0.88289594, ..., -0.25247623,
          0.17865143,  0.        ]],

       [[ 0.        , -0.01762666, -0.14214474, ..., -0.73650758,
          0.08170704, -0.37604965],
        [ 0.01762666,  0.        , -0.12467498, ..., -0.72446997,
          0.09926207, -0.35965837],
        [ 0.14214474,  0.12467498,  0.        , ..., -0.63287813,
          0.22254684, -0.24051995],
        ...,
        [ 0.73650758,  0.72446997,  0.63287813, ...,  0.        ,
          0.78931402,  0.42807658],
        [-0.08170704, -0.09926207, -0.22254684, ..., -0.78931402,
          0.        , -0.45050199],
        [ 0.37604965,  0.35965837,  0.24051995, ..., -0.42807658,
          0.45050199,  0.        ]],

       [[ 0.        , -0.05112134, -0.20725953, ...,  0.99770631,
          0.99991649,  0.99493574],
        [ 0.05112134,  0.        , -0.15697723, ...,  0.99986223,
          0.99794838,  0.98849645],
        [ 0.20725953,  0.15697723,  0.        , ...,  0.99007179,
          0.97552577,  0.95249941],
        ...,
        [-0.99770631, -0.99986223, -0.99007179, ...,  0.        ,
          0.08057964,  0.16763111],
        [-0.99991649, -0.99794838, -0.97552577, ..., -0.08057964,
          0.        ,  0.08764658],
        [-0.99493574, -0.98849645, -0.95249941, ..., -0.16763111,
         -0.08764658,  0.        ]],

       ...,

       [[ 0.        , -0.26883028, -0.38750441, ...,  0.74273525,
          0.75238907,  0.66883248],
        [ 0.26883028,  0.        , -0.12541344, ...,  0.89539813,
          0.9017754 ,  0.84406309],
        [ 0.38750441,  0.12541344,  0.        , ...,  0.94417097,
          0.9488598 ,  0.90465104],
        ...,
        [-0.74273525, -0.89539813, -0.94417097, ...,  0.        ,
          0.01453478, -0.10431882],
        [-0.75238907, -0.9017754 , -0.9488598 , ..., -0.01453478,
          0.        , -0.11876328],
        [-0.66883248, -0.84406309, -0.90465104, ...,  0.10431882,
          0.11876328,  0.        ]],

       [[ 0.        , -0.01416036, -0.06977994, ...,  0.61666037,
          0.64791621,  0.6648508 ],
        [ 0.01416036,  0.        , -0.0556471 , ...,  0.62774599,
          0.65863736,  0.67536159],
        [ 0.06977994,  0.0556471 ,  0.        , ...,  0.67009001,
          0.69948905,  0.71535412],
        ...,
        [-0.61666037, -0.62774599, -0.67009001, ...,  0.        ,
          0.04034128,  0.06275944],
        [-0.64791621, -0.65863736, -0.69948905, ..., -0.04034128,
          0.        ,  0.0224466 ],
        [-0.6648508 , -0.67536159, -0.71535412, ..., -0.06275944,
         -0.0224466 ,  0.        ]],

       [[ 0.        , -0.1240499 , -0.2479423 , ...,  0.94968729,
          0.95429863,  0.94626403],
        [ 0.1240499 ,  0.        , -0.12585077, ...,  0.9034995 ,
          0.90985471,  0.89883794],
        [ 0.2479423 ,  0.12585077,  0.        , ...,  0.84237767,
          0.85040174,  0.83653343],
        ...,
        [-0.94968729, -0.9034995 , -0.84237767, ...,  0.        ,
         -0.01506753,  0.0107546 ],
        [-0.95429863, -0.90985471, -0.85040174, ...,  0.01506753,
          0.        ,  0.02582004],
        [-0.94626403, -0.89883794, -0.83653343, ..., -0.0107546 ,
         -0.02582004,  0.        ]]]), 'num': array([ 9.73084598e-01,  2.29952956e-01,  8.89978014e-06, -6.18352904e-09,
        9.86894610e-04,  1.01171471e-03,  9.75075513e-04,  1.48401174e-02,
       -1.77286457e-05,  9.94458832e-04,  9.94813405e-04,  9.30320532e-04,
        4.69287680e-07,  1.02549848e-03,  9.64128334e-04])}
{'img': array([[[ 0.        , -0.14117752, -0.62220149, ...,  0.8644369 ,
          0.94034566,  0.99709735],
        [ 0.14117752,  0.        , -0.50544787, ...,  0.78480318,
          0.88289594,  0.97636186],
        [ 0.62220149,  0.50544787,  0.        , ...,  0.36392419,
          0.52447058,  0.73321211],
        ...,
        [-0.8644369 , -0.78480318, -0.36392419, ...,  0.        ,
         -0.17865143, -0.43546626],
        [-0.94034566, -0.88289594, -0.52447058, ...,  0.17865143,
          0.        , -0.26763775],
        [-0.99709735, -0.97636186, -0.73321211, ...,  0.43546626,
          0.26763775,  0.        ]],

       [[ 0.        , -0.12467498, -0.20409686, ...,  0.09926207,
         -0.35965837, -0.4186701 ],
        [ 0.12467498,  0.        , -0.08045377, ...,  0.22254684,
         -0.24051995, -0.30218135],
        [ 0.20409686,  0.08045377,  0.        , ...,  0.30026157,
         -0.16164828, -0.22450919],
        ...,
        [-0.09926207, -0.22254684, -0.30026157, ...,  0.        ,
         -0.45050199, -0.50674612],
        [ 0.35965837,  0.24051995,  0.16164828, ...,  0.45050199,
          0.        , -0.06403483],
        [ 0.4186701 ,  0.30218135,  0.22450919, ...,  0.50674612,
          0.06403483,  0.        ]],

       [[ 0.        , -0.15697723, -0.39959786, ...,  0.99794838,
          0.98849645,  0.98100431],
        [ 0.15697723,  0.        , -0.25074419, ...,  0.97552577,
          0.95249941,  0.93839065],
        [ 0.39959786,  0.25074419,  0.        , ...,  0.8892261 ,
          0.84570853,  0.82176099],
        ...,
        [-0.99794838, -0.97552577, -0.8892261 , ...,  0.        ,
          0.08764658,  0.13078044],
        [-0.98849645, -0.95249941, -0.84570853, ..., -0.08764658,
          0.        ,  0.04338333],
        [-0.98100431, -0.93839065, -0.82176099, ..., -0.13078044,
         -0.04338333,  0.        ]],

       ...,

       [[ 0.        , -0.12541344, -0.3011254 , ...,  0.9017754 ,
          0.84406309,  0.74298716],
        [ 0.12541344,  0.        , -0.17915557, ...,  0.9488598 ,
          0.90465104,  0.82106088],
        [ 0.3011254 ,  0.17915557,  0.        , ...,  0.99006698,
          0.96636218,  0.91004601],
        ...,
        [-0.9017754 , -0.9488598 , -0.99006698, ...,  0.        ,
         -0.11876328, -0.28244065],
        [-0.84406309, -0.90465104, -0.96636218, ...,  0.11876328,
          0.        , -0.1665139 ],
        [-0.74298716, -0.82106088, -0.91004601, ...,  0.28244065,
          0.1665139 ,  0.        ]],

       [[ 0.        , -0.0556471 , -0.09774792, ...,  0.65863736,
          0.67536159,  0.67536159],
        [ 0.0556471 ,  0.        , -0.04221584, ...,  0.69948905,
          0.71535412,  0.71535412],
        [ 0.09774792,  0.04221584,  0.        , ...,  0.72903473,
          0.74421522,  0.74421522],
        ...,
        [-0.65863736, -0.69948905, -0.72903473, ...,  0.        ,
          0.0224466 ,  0.0224466 ],
        [-0.67536159, -0.71535412, -0.74421522, ..., -0.0224466 ,
          0.        ,  0.        ],
        [-0.67536159, -0.71535412, -0.74421522, ..., -0.0224466 ,
          0.        ,  0.        ]],

       [[ 0.        , -0.12585077, -0.31036911, ...,  0.90985471,
          0.89883794,  0.89883794],
        [ 0.12585077,  0.        , -0.18826566, ...,  0.85040174,
          0.83653343,  0.83653343],
        [ 0.31036911,  0.18826566,  0.        , ...,  0.73614204,
          0.71842091,  0.71842091],
        ...,
        [-0.90985471, -0.85040174, -0.73614204, ...,  0.        ,
          0.02582004,  0.02582004],
        [-0.89883794, -0.83653343, -0.71842091, ..., -0.02582004,
          0.        ,  0.        ],
        [-0.89883794, -0.83653343, -0.71842091, ..., -0.02582004,
          0.        ,  0.        ]]]), 'num': array([ 9.89910044e-01,  1.41275343e-01,  1.02245145e-05, -2.26092316e-08,
        1.00311430e-03,  1.01399145e-03,  9.97071446e-04,  1.05501761e-02,
       -6.04285725e-06,  1.01713373e-03,  1.01671073e-03,  9.53784445e-04,
        5.02021987e-07,  1.04866711e-03,  9.84754357e-04])}
{'img': array([[[ 0.00000000e+00, -5.05447872e-01, -2.24437197e-01, ...,
          8.82895944e-01,  9.76361860e-01,  9.89865672e-01],
        [ 5.05447872e-01,  0.00000000e+00,  2.98895928e-01, ...,
          5.24470579e-01,  7.33212111e-01,  7.82335593e-01],
        [ 2.24437197e-01, -2.98895928e-01,  0.00000000e+00, ...,
          7.54983313e-01,  9.02943074e-01,  9.32741143e-01],
        ...,
        [-8.82895944e-01, -5.24470579e-01, -7.54983313e-01, ...,
          0.00000000e+00, -2.67637747e-01, -3.39432630e-01],
        [-9.76361860e-01, -7.33212111e-01, -9.02943074e-01, ...,
          2.67637747e-01,  0.00000000e+00, -7.53018023e-02],
        [-9.89865672e-01, -7.82335593e-01, -9.32741143e-01, ...,
          3.39432630e-01,  7.53018023e-02,  0.00000000e+00]],

       [[ 0.00000000e+00, -8.04537692e-02, -3.79422462e-01, ...,
         -2.40519946e-01, -3.02181352e-01, -5.66009925e-01],
        [ 8.04537692e-02,  0.00000000e+00, -3.03754783e-01, ...,
         -1.61648279e-01, -2.24509191e-01, -4.97849154e-01],
        [ 3.79422462e-01,  3.03754783e-01,  0.00000000e+00, ...,
          1.45749495e-01,  8.20993349e-02, -2.10890425e-01],
        ...,
        [ 2.40519946e-01,  1.61648279e-01, -1.45749495e-01, ...,
          0.00000000e+00, -6.40348271e-02, -3.51109984e-01],
        [ 3.02181352e-01,  2.24509191e-01, -8.20993349e-02, ...,
          6.40348271e-02,  0.00000000e+00, -2.90431388e-01],
        [ 5.66009925e-01,  4.97849154e-01,  2.10890425e-01, ...,
          3.51109984e-01,  2.90431388e-01,  0.00000000e+00]],

       [[ 0.00000000e+00, -2.50744192e-01, -5.32333618e-01, ...,
          9.52499410e-01,  9.38390653e-01,  9.36977879e-01],
        [ 2.50744192e-01,  0.00000000e+00, -3.03063711e-01, ...,
          8.45708530e-01,  8.21760994e-01,  8.19437420e-01],
        [ 5.32333618e-01,  3.03063711e-01,  0.00000000e+00, ...,
          6.44206648e-01,  6.10418322e-01,  6.07192900e-01],
        ...,
        [-9.52499410e-01, -8.45708530e-01, -6.44206648e-01, ...,
          0.00000000e+00,  4.33833312e-02,  4.74448716e-02],
        [-9.38390653e-01, -8.21760994e-01, -6.10418322e-01, ...,
         -4.33833312e-02,  0.00000000e+00,  4.06572681e-03],
        [-9.36977879e-01, -8.19437420e-01, -6.07192900e-01, ...,
         -4.74448716e-02, -4.06572681e-03,  0.00000000e+00]],

       ...,

       [[ 0.00000000e+00, -1.79155565e-01,  6.00599768e-02, ...,
          9.04651037e-01,  8.21060880e-01,  8.55623317e-01],
        [ 1.79155565e-01,  0.00000000e+00,  2.37920400e-01, ...,
          9.66362176e-01,  9.10046014e-01,  9.34510724e-01],
        [-6.00599768e-02, -2.37920400e-01,  0.00000000e+00, ...,
          8.77423186e-01,  7.85294001e-01,  8.22991735e-01],
        ...,
        [-9.04651037e-01, -9.66362176e-01, -8.77423186e-01, ...,
          0.00000000e+00, -1.66513898e-01, -1.03619919e-01],
        [-8.21060880e-01, -9.10046014e-01, -7.85294001e-01, ...,
          1.66513898e-01,  0.00000000e+00,  6.34442558e-02],
        [-8.55623317e-01, -9.34510724e-01, -8.22991735e-01, ...,
          1.03619919e-01, -6.34442558e-02,  0.00000000e+00]],

       [[ 0.00000000e+00, -4.22158414e-02, -9.51703722e-02, ...,
          7.15354120e-01,  7.15354120e-01,  7.15878982e-01],
        [ 4.22158414e-02,  0.00000000e+00, -5.30613054e-02, ...,
          7.44215222e-01,  7.44215222e-01,  7.44716916e-01],
        [ 9.51703722e-02,  5.30613054e-02,  0.00000000e+00, ...,
          7.78608577e-01,  7.78608577e-01,  7.79079881e-01],
        ...,
        [-7.15354120e-01, -7.44215222e-01, -7.78608577e-01, ...,
          0.00000000e+00,  0.00000000e+00,  7.51420483e-04],
        [-7.15354120e-01, -7.44215222e-01, -7.78608577e-01, ...,
          0.00000000e+00,  0.00000000e+00,  7.51420483e-04],
        [-7.15878982e-01, -7.44716916e-01, -7.79079881e-01, ...,
         -7.51420483e-04, -7.51420483e-04,  0.00000000e+00]],

       [[ 0.00000000e+00, -1.88265657e-01, -3.91760936e-01, ...,
          8.36533429e-01,  8.36533429e-01,  8.56929818e-01],
        [ 1.88265657e-01,  0.00000000e+00, -2.11538495e-01, ...,
          7.18420911e-01,  7.18420911e-01,  7.44567967e-01],
        [ 3.91760936e-01,  2.11538495e-01,  0.00000000e+00, ...,
          5.55014799e-01,  5.55014799e-01,  5.86506331e-01],
        ...,
        [-8.36533429e-01, -7.18420911e-01, -5.55014799e-01, ...,
          0.00000000e+00,  0.00000000e+00, -3.83484404e-02],
        [-8.36533429e-01, -7.18420911e-01, -5.55014799e-01, ...,
          0.00000000e+00,  0.00000000e+00, -3.83484404e-02],
        [-8.56929818e-01, -7.44567967e-01, -5.86506331e-01, ...,
          3.83484404e-02,  3.83484404e-02,  0.00000000e+00]]]), 'num': array([ 8.49376240e-01,  5.27552788e-01,  3.93427203e-06, -2.55790060e-08,
        8.53643109e-04,  8.72427432e-04,  8.49468815e-04,  1.55592215e-02,
       -1.25228818e-05,  8.74514579e-04,  8.77488763e-04,  8.25623161e-04,
        3.96851888e-07,  9.06260181e-04,  8.48717346e-04])}
{'img': array([[[ 0.00000000e+00,  2.98895928e-01,  7.82335593e-01, ...,
          7.33212111e-01,  7.82335593e-01,  8.74117631e-01],
        [-2.98895928e-01,  0.00000000e+00,  5.60402216e-01, ...,
          9.02943074e-01,  9.32741143e-01,  9.79335990e-01],
        [-7.82335593e-01, -5.60402216e-01,  0.00000000e+00, ...,
          9.88674604e-01,  9.74566624e-01,  9.24441984e-01],
        ...,
        [-7.33212111e-01, -9.02943074e-01, -9.88674604e-01, ...,
          0.00000000e+00, -7.53018023e-02, -2.38268392e-01],
        [-7.82335593e-01, -9.32741143e-01, -9.74566624e-01, ...,
          7.53018023e-02,  0.00000000e+00, -1.64458837e-01],
        [-8.74117631e-01, -9.79335990e-01, -9.24441984e-01, ...,
          2.38268392e-01,  1.64458837e-01,  0.00000000e+00]],

       [[ 0.00000000e+00, -3.03754783e-01,  1.92291361e-02, ...,
         -2.24509191e-01, -4.97849154e-01, -7.91406389e-02],
        [ 3.03754783e-01,  0.00000000e+00,  3.22019184e-01, ...,
          8.20993349e-02, -2.10890425e-01,  2.27400781e-01],
        [-1.92291361e-02, -3.22019184e-01,  0.00000000e+00, ...,
         -2.43205934e-01, -5.14433833e-01, -9.82948292e-02],
        ...,
        [ 2.24509191e-01, -8.20993349e-02,  2.43205934e-01, ...,
          0.00000000e+00, -2.90431388e-01,  1.46684675e-01],
        [ 4.97849154e-01,  2.10890425e-01,  5.14433833e-01, ...,
          2.90431388e-01,  0.00000000e+00,  4.27651832e-01],
        [ 7.91406389e-02, -2.27400781e-01,  9.82948292e-02, ...,
         -1.46684675e-01, -4.27651832e-01,  0.00000000e+00]],

       [[ 0.00000000e+00, -3.03063711e-01,  4.57167854e-02, ...,
          8.21760994e-01,  8.19437420e-01,  8.57628387e-01],
        [ 3.03063711e-01,  0.00000000e+00,  3.46313579e-01, ...,
          6.10418322e-01,  6.07192900e-01,  6.61437828e-01],
        [-4.57167854e-02, -3.46313579e-01,  0.00000000e+00, ...,
          8.46952697e-01,  8.44784079e-01,  8.80242453e-01],
        ...,
        [-8.21760994e-01, -6.10418322e-01, -8.46952697e-01, ...,
          0.00000000e+00,  4.06572681e-03, -6.60974089e-02],
        [-8.19437420e-01, -6.07192900e-01, -8.44784079e-01, ...,
         -4.06572681e-03,  0.00000000e+00, -7.01536983e-02],
        [-8.57628387e-01, -6.61437828e-01, -8.80242453e-01, ...,
          6.60974089e-02,  7.01536983e-02,  0.00000000e+00]],

       ...,

       [[ 0.00000000e+00,  2.37920400e-01,  8.34110307e-01, ...,
          9.10046014e-01,  9.34510724e-01,  8.83659747e-01],
        [-2.37920400e-01,  0.00000000e+00,  6.78922202e-01, ...,
          7.85294001e-01,  8.22991735e-01,  7.46907540e-01],
        [-8.34110307e-01, -6.78922202e-01,  0.00000000e+00, ...,
          1.56234505e-01,  2.18584912e-01,  9.69528247e-02],
        ...,
        [-9.10046014e-01, -7.85294001e-01, -1.56234505e-01, ...,
          0.00000000e+00,  6.34442558e-02, -5.97362374e-02],
        [-9.34510724e-01, -8.22991735e-01, -2.18584912e-01, ...,
         -6.34442558e-02,  0.00000000e+00, -1.22946849e-01],
        [-8.83659747e-01, -7.46907540e-01, -9.69528247e-02, ...,
          5.97362374e-02,  1.22946849e-01,  0.00000000e+00]],

       [[ 0.00000000e+00, -5.30613054e-02, -9.53737339e-02, ...,
          7.44215222e-01,  7.44716916e-01,  7.57296919e-01],
        [ 5.30613054e-02,  0.00000000e+00, -4.24199494e-02, ...,
          7.78608577e-01,  7.79079881e-01,  7.90882867e-01],
        [ 9.53737339e-02,  4.24199494e-02,  0.00000000e+00, ...,
          8.04526665e-01,  8.04972719e-01,  8.16130602e-01],
        ...,
        [-7.44215222e-01, -7.78608577e-01, -8.04526665e-01, ...,
          0.00000000e+00,  7.51420483e-04,  1.98036466e-02],
        [-7.44716916e-01, -7.79079881e-01, -8.04972719e-01, ...,
         -7.51420483e-04,  0.00000000e+00,  1.90523679e-02],
        [-7.57296919e-01, -7.90882867e-01, -8.16130602e-01, ...,
         -1.98036466e-02, -1.90523679e-02,  0.00000000e+00]],

       [[ 0.00000000e+00, -2.11538495e-01, -3.23175439e-01, ...,
          7.18420911e-01,  7.44567967e-01,  7.80413380e-01],
        [ 2.11538495e-01,  0.00000000e+00, -1.15674728e-01, ...,
          5.55014799e-01,  5.86506331e-01,  6.30484979e-01],
        [ 3.23175439e-01,  1.15674728e-01,  0.00000000e+00, ...,
          4.55066146e-01,  4.88879074e-01,  5.36465735e-01],
        ...,
        [-7.18420911e-01, -5.55014799e-01, -4.55066146e-01, ...,
          0.00000000e+00, -3.83484404e-02, -9.36596314e-02],
        [-7.44567967e-01, -5.86506331e-01, -4.88879074e-01, ...,
          3.83484404e-02,  0.00000000e+00, -5.54108668e-02],
        [-7.80413380e-01, -6.30484979e-01, -5.36465735e-01, ...,
          9.36596314e-02,  5.54108668e-02,  0.00000000e+00]]]), 'num': array([ 8.30929603e-01,  5.56096922e-01,  3.34346328e-06, -3.05616493e-08,
        8.37904516e-04,  8.37904516e-04,  8.18536894e-04,  1.75088813e-02,
        4.07739424e-06,  8.47078653e-04,  8.56150856e-04,  8.08734158e-04,
        4.25339687e-07,  8.85474805e-04,  8.26826906e-04])}
{'img': array([[[ 0.        ,  0.75054555,  0.78003892, ...,  0.78927873,
          0.88069476,  0.85388127],
        [-0.75054555,  0.        ,  0.0458247 , ...,  0.98243146,
          0.93750116,  0.95489555],
        [-0.78003892, -0.0458247 ,  0.        , ...,  0.97284743,
          0.92057013,  0.94028515],
        ...,
        [-0.78927873, -0.98243146, -0.97284743, ...,  0.        ,
         -0.16690862, -0.11351887],
        [-0.88069476, -0.93750116, -0.92057013, ...,  0.16690862,
          0.        ,  0.05390322],
        [-0.85388127, -0.95489555, -0.94028515, ...,  0.11351887,
         -0.05390322,  0.        ]],

       [[ 0.        ,  0.32201918,  0.26316065, ..., -0.21089043,
          0.22740078,  0.35156214],
        [-0.32201918,  0.        , -0.06152575, ..., -0.51443383,
         -0.09829483,  0.03137259],
        [-0.26316065,  0.06152575,  0.        , ..., -0.46069906,
         -0.03688081,  0.09280861],
        ...,
        [ 0.21089043,  0.51443383,  0.46069906, ...,  0.        ,
          0.42765183,  0.54108354],
        [-0.22740078,  0.09829483,  0.03688081, ..., -0.42765183,
          0.        ,  0.1294671 ],
        [-0.35156214, -0.03137259, -0.09280861, ..., -0.54108354,
         -0.1294671 ,  0.        ]],

       [[ 0.        ,  0.34631358,  0.44397413, ...,  0.6071929 ,
          0.66143783,  0.7482948 ],
        [-0.34631358,  0.        ,  0.1061898 , ...,  0.84478408,
          0.88024245,  0.9317222 ],
        [-0.44397413, -0.1061898 ,  0.        , ...,  0.89683051,
          0.92565509,  0.96501927],
        ...,
        [-0.6071929 , -0.84478408, -0.89683051, ...,  0.        ,
         -0.0701537 , -0.19176964],
        [-0.66143783, -0.88024245, -0.92565509, ...,  0.0701537 ,
          0.        , -0.12244551],
        [-0.7482948 , -0.9317222 , -0.96501927, ...,  0.19176964,
          0.12244551,  0.        ]],

       ...,

       [[ 0.        ,  0.81871541,  0.81871541, ...,  0.92674676,
          0.87199448,  0.92919684],
        [-0.81871541,  0.        ,  0.        , ...,  0.22455711,
          0.09992475,  0.23095927],
        [-0.81871541,  0.        ,  0.        , ...,  0.22455711,
          0.09992475,  0.23095927],
        ...,
        [-0.92674676, -0.22455711, -0.22455711, ...,  0.        ,
         -0.12606043,  0.00657493],
        [-0.87199448, -0.09992475, -0.09992475, ...,  0.12606043,
          0.        ,  0.13258019],
        [-0.92919684, -0.23095927, -0.23095927, ..., -0.00657493,
         -0.13258019,  0.        ]],

       [[ 0.        , -0.04241995, -0.10203563, ...,  0.77907988,
          0.79088287,  0.79490061],
        [ 0.04241995,  0.        , -0.05974524, ...,  0.80497272,
          0.8161306 ,  0.81992297],
        [ 0.10203563,  0.05974524,  0.        , ...,  0.83898232,
          0.84919754,  0.85266089],
        ...,
        [-0.77907988, -0.80497272, -0.83898232, ...,  0.        ,
          0.01905237,  0.02564414],
        [-0.79088287, -0.8161306 , -0.84919754, ..., -0.01905237,
          0.        ,  0.00659339],
        [-0.79490061, -0.81992297, -0.85266089, ..., -0.02564414,
         -0.00659339,  0.        ]],

       [[ 0.        , -0.11567473, -0.27949564, ...,  0.58650633,
          0.63048498,  0.68131628],
        [ 0.11567473,  0.        , -0.16655469, ...,  0.48887907,
          0.53646573,  0.59207006],
        [ 0.27949564,  0.16655469,  0.        , ...,  0.33675627,
          0.38841331,  0.44957598],
        ...,
        [-0.58650633, -0.48887907, -0.33675627, ...,  0.        ,
         -0.05541087, -0.1225122 ],
        [-0.63048498, -0.53646573, -0.38841331, ...,  0.05541087,
          0.        , -0.06733052],
        [-0.68131628, -0.59207006, -0.44957598, ...,  0.1225122 ,
          0.06733052,  0.        ]]]), 'num': array([ 7.72800093e-01,  6.34556151e-01,  1.67771775e-06, -2.71664127e-08,
        7.81039223e-04,  7.84830675e-04,  7.63029823e-04,  1.06594508e-02,
        1.89572627e-06,  7.82745376e-04,  7.94356700e-04,  7.54104112e-04,
        4.86083659e-07,  8.20750731e-04,  7.67962668e-04])}
{'img': array([[[ 0.        ,  0.06051619, -0.02127879, ...,  0.97950741,
          0.98937556,  0.99318824],
        [-0.06051619,  0.        , -0.08174228, ...,  0.96552373,
          0.97876427,  0.98431654],
        [ 0.02127879,  0.08174228,  0.        , ...,  0.98357135,
          0.99224511,  0.99544279],
        ...,
        [-0.97950741, -0.96552373, -0.98357135, ...,  0.        ,
          0.05686528,  0.08590311],
        [-0.98937556, -0.97876427, -0.99224511, ..., -0.05686528,
          0.        ,  0.02910904],
        [-0.99318824, -0.98431654, -0.99544279, ..., -0.08590311,
         -0.02910904,  0.        ]],

       [[ 0.        , -0.06152575, -0.14427902, ..., -0.09829483,
          0.03137259, -0.32981513],
        [ 0.06152575,  0.        , -0.08312368, ..., -0.03688081,
          0.09280861, -0.27110719],
        [ 0.14427902,  0.08312368,  0.        , ...,  0.04631395,
          0.17525234, -0.19015832],
        ...,
        [ 0.09829483,  0.03688081, -0.04631395, ...,  0.        ,
          0.1294671 , -0.23542315],
        [-0.03137259, -0.09280861, -0.17525234, ..., -0.1294671 ,
          0.        , -0.35926993],
        [ 0.32981513,  0.27110719,  0.19015832, ...,  0.23542315,
          0.35926993,  0.        ]],

       [[ 0.        ,  0.29147887,  0.42436398, ...,  0.67038009,
          0.75768699,  0.81016139],
        [-0.29147887,  0.        ,  0.14200523, ...,  0.85755289,
          0.91501054,  0.94584889],
        [-0.42436398, -0.14200523,  0.        , ...,  0.92190926,
          0.9630269 ,  0.9823595 ],
        ...,
        [-0.67038009, -0.85755289, -0.92190926, ...,  0.        ,
         -0.12471509, -0.2081728 ],
        [-0.75768699, -0.91501054, -0.9630269 , ...,  0.12471509,
          0.        , -0.08456468],
        [-0.81016139, -0.94584889, -0.9823595 , ...,  0.2081728 ,
          0.08456468,  0.        ]],

       ...,

       [[ 0.        ,  0.        ,  0.80634212, ...,  0.45122478,
          0.67256264,  0.9380973 ],
        [ 0.        ,  0.        ,  0.80634212, ...,  0.45122478,
          0.67256264,  0.9380973 ],
        [-0.80634212, -0.80634212,  0.        , ..., -0.45271142,
         -0.19893881,  0.27554287],
        ...,
        [-0.45122478, -0.45122478,  0.45271142, ...,  0.        ,
          0.26627738,  0.68087616],
        [-0.67256264, -0.67256264,  0.19893881, ..., -0.26627738,
          0.        ,  0.46127294],
        [-0.9380973 , -0.9380973 , -0.27554287, ..., -0.68087616,
         -0.46127294,  0.        ]],

       [[ 0.        , -0.05974524, -0.18062693, ...,  0.8161306 ,
          0.81992297,  0.77758091],
        [ 0.05974524,  0.        , -0.12154174, ...,  0.84919754,
          0.85266089,  0.81375867],
        [ 0.18062693,  0.12154174,  0.        , ...,  0.90708506,
          0.90984081,  0.87836614],
        ...,
        [-0.8161306 , -0.84919754, -0.90708506, ...,  0.        ,
          0.00659339, -0.06383023],
        [-0.81992297, -0.85266089, -0.90984081, ..., -0.00659339,
          0.        , -0.07040878],
        [-0.77758091, -0.81375867, -0.87836614, ...,  0.06383023,
          0.07040878,  0.        ]],

       [[ 0.        , -0.16655469, -0.01301973, ...,  0.53646573,
          0.59207006,  0.61319316],
        [ 0.16655469,  0.        ,  0.15370271, ...,  0.38841331,
          0.44957598,  0.47306116],
        [ 0.01301973, -0.15370271,  0.        , ...,  0.52543263,
          0.58152745,  0.60285647],
        ...,
        [-0.53646573, -0.38841331, -0.52543263, ...,  0.        ,
         -0.06733052, -0.09371527],
        [-0.59207006, -0.44957598, -0.58152745, ...,  0.06733052,
          0.        , -0.0264684 ],
        [-0.61319316, -0.47306116, -0.60285647, ...,  0.09371527,
          0.0264684 ,  0.        ]]]), 'num': array([ 8.32113808e-01,  5.54389715e-01,  3.50661733e-06, -2.92335483e-08,
        8.19245112e-04,  8.42001920e-04,  8.14073110e-04,  1.52636639e-02,
       -3.31008126e-05,  8.45312002e-04,  8.63207129e-04,  8.24175754e-04,
        3.31639821e-07,  8.96317637e-04,  8.30096620e-04])}
