state_0,state_1,state_2,state_3,state_4,state_5,state_6,state_7,state_8,state_9,state_10,state_11,state_12,state_13,state_14,state_15,state_16,state_17,state_18,state_19,state_20,state_21,state_22,state_23,state_24,state_25,state_26,state_27,state_28,state_29,state_30,state_31,state_32,state_33,state_34,state_35,state_36,state_37,state_38,state_39,state_40,state_41,state_42,state_43,state_44,state_45,state_46,state_47,state_48,state_49,state_50,state_51,state_52,state_53,state_54,state_55,state_56,state_57,state_58,state_59,state_60,state_61,state_62,state_63,state_64,state_65,state_66,state_67,state_68,state_69,state_70,state_71,state_72,state_73,state_74,state_75,state_76,state_77,state_78,state_79,state_80,state_81,state_82,state_83,state_84,state_85,state_86,state_87,state_88,state_89,state_90,state_91,state_92,state_93,state_94,state_95,state_96,state_97,state_98,state_99,state_100,state_101,state_102,state_103,state_104,state_105,state_106,state_107,state_108,state_109,state_110,state_111,state_112,state_113,state_114,state_115,state_116,state_117,state_118,state_119,state_120,state_121,state_122,state_123,state_124,state_125,state_126,state_127,state_128,state_129,state_130,state_131,state_132,state_133,state_134,state_135,state_136,state_137,state_138,state_139,state_140,state_141,state_142,state_143,state_144,state_145,state_146,state_147,state_148,state_149,state_150,state_151,state_152,state_153,state_154,state_155,state_156,state_157,state_158,state_159,state_160,state_161,state_162,state_163,state_164,state_165,state_166,state_167,state_168,state_169,state_170,state_171,state_172,state_173,state_174,state_175,state_176,state_177,state_178,state_179,state_180,state_181,state_182,state_183,state_184,state_185,state_186,state_187,state_188,state_189,state_190,state_191,state_192,state_193,state_194,state_195,state_196,state_197,state_198,state_199,state_200,state_201,state_202,state_203,state_204,state_205,state_206,state_207,state_208,state_209,state_210,state_211,state_212,state_213,state_214,state_215,state_216,state_217,state_218,state_219,state_220,state_221,state_222,state_223,state_224,state_225,state_226,state_227,state_228,state_229,state_230,state_231,state_232,state_233,state_234,state_235,state_236,state_237,state_238,state_239,state_240,state_241,state_242,state_243,state_244,state_245,state_246,state_247,state_248,state_249,state_250,state_251,state_252,state_253,state_254,state_255,state_256,state_257,state_258,state_259,state_260,state_261,state_262,state_263,state_264,state_265,state_266,state_267,state_268,state_269,state_270,state_271,state_272,state_273,state_274,state_275,state_276,state_277,state_278,state_279,state_280,state_281,state_282,state_283,state_284,state_285,state_286,state_287
{'img': array([[[ 0.        , -0.04939217,  0.20789907, ..., -0.94103028,
         -0.98627871, -0.93277269],
        [ 0.04939217,  0.        ,  0.25595828, ..., -0.92317125,
         -0.97692083, -0.94943836],
        [-0.20789907, -0.25595828,  0.        , ..., -0.99080594,
         -0.9990506 , -0.83745152],
        ...,
        [ 0.94103028,  0.92317125,  0.99080594, ...,  0.        ,
         -0.1783266 , -0.65478643],
        [ 0.98627871,  0.97692083,  0.9990506 , ...,  0.1783266 ,
          0.        , -0.50950936],
        [ 0.93277269,  0.94943836,  0.83745152, ...,  0.65478643,
          0.50950936,  0.        ]],

       [[ 0.        , -0.3808749 ,  0.30734547, ..., -0.35532389,
         -0.06570174,  0.0734646 ],
        [ 0.3808749 ,  0.        ,  0.64661959, ...,  0.02747833,
          0.31930237,  0.44777304],
        [-0.30734547, -0.64661959,  0.        , ..., -0.62541461,
         -0.36920304, -0.2366062 ],
        ...,
        [ 0.35532389, -0.02747833,  0.62541461, ...,  0.        ,
          0.29314189,  0.42303428],
        [ 0.06570174, -0.31930237,  0.36920304, ..., -0.29314189,
          0.        ,  0.13883007],
        [-0.0734646 , -0.44777304,  0.2366062 , ..., -0.42303428,
         -0.13883007,  0.        ]],

       [[ 0.        ,  0.01393979,  0.1105687 , ..., -0.87490925,
         -0.92372086, -0.96536632],
        [-0.01393979,  0.        ,  0.09670364, ..., -0.8815751 ,
         -0.92897097, -0.96890939],
        [-0.1105687 , -0.09670364,  0.        , ..., -0.9230917 ,
         -0.96041219, -0.98829434],
        ...,
        [ 0.87490925,  0.8815751 ,  0.9230917 , ...,  0.        ,
         -0.11219769, -0.23925204],
        [ 0.92372086,  0.92897097,  0.96041219, ...,  0.11219769,
          0.        , -0.12880219],
        [ 0.96536632,  0.96890939,  0.98829434, ...,  0.23925204,
          0.12880219,  0.        ]],

       ...,

       [[ 0.        , -0.06121755,  0.11182784, ...,  0.17423074,
          0.01506018, -0.11153987],
        [ 0.06121755,  0.        ,  0.17245167, ...,  0.23418518,
          0.07624254, -0.05049512],
        [-0.11182784, -0.17245167,  0.        , ...,  0.06302048,
         -0.09684944, -0.22197027],
        ...,
        [-0.17423074, -0.23418518, -0.06302048, ...,  0.        ,
         -0.15938115, -0.28297738],
        [-0.01506018, -0.07624254,  0.09684944, ...,  0.15938115,
          0.        , -0.12649342],
        [ 0.11153987,  0.05049512,  0.22197027, ...,  0.28297738,
          0.12649342,  0.        ]],

       [[ 0.        , -0.12183989, -0.22072597, ..., -0.85322317,
         -0.89781164, -0.91814486],
        [ 0.12183989,  0.        , -0.1002467 , ..., -0.91041157,
         -0.94477855, -0.9595829 ],
        [ 0.22072597,  0.1002467 ,  0.        , ..., -0.9472979 ,
         -0.97287112, -0.98296115],
        ...,
        [ 0.85322317,  0.91041157,  0.9472979 , ...,  0.        ,
          0.09250792,  0.14076945],
        [ 0.89781164,  0.94477855,  0.97287112, ..., -0.09250792,
          0.        ,  0.04857906],
        [ 0.91814486,  0.9595829 ,  0.98296115, ..., -0.14076945,
         -0.04857906,  0.        ]],

       [[ 0.        ,  0.0312487 ,  0.07672784, ..., -0.86541212,
         -0.87600827, -0.90771559],
        [-0.0312487 ,  0.        ,  0.04553378, ..., -0.88064698,
         -0.89065159, -0.92038382],
        [-0.07672784, -0.04553378,  0.        , ..., -0.90130626,
         -0.9104314 , -0.93723364],
        ...,
        [ 0.86541212,  0.88064698,  0.90130626, ...,  0.        ,
         -0.02154848, -0.09170584],
        [ 0.87600827,  0.89065159,  0.9104314 , ...,  0.02154848,
          0.        , -0.07022687],
        [ 0.90771559,  0.92038382,  0.93723364, ...,  0.09170584,
          0.07022687,  0.        ]]]), 'num': array([ 7.06997715e-01,  7.06997715e-01,  0.00000000e+00,  0.00000000e+00,
        1.93300531e-05,  1.94935208e-05,  1.90848516e-05,  1.75630247e-02,
       -8.17338398e-08,  1.99267102e-05,  2.04211999e-05,  2.31238655e-05,
        3.87160294e-07,  2.18345337e-05,  1.90078660e-05])}
{'img': array([[[ 0.        ,  0.25394694,  0.2942758 , ..., -0.96951949,
         -0.99364079, -0.94679438],
        [-0.25394694,  0.        ,  0.04192659, ..., -0.99995746,
         -0.93247385, -0.83402666],
        [-0.2942758 , -0.04192659,  0.        , ..., -0.99869144,
         -0.91650846, -0.81016139],
        ...,
        [ 0.96951949,  0.99995746,  0.99869144, ...,  0.        ,
         -0.35262068, -0.54400734],
        [ 0.99364079,  0.93247385,  0.91650846, ...,  0.35262068,
          0.        , -0.21318663],
        [ 0.94679438,  0.83402666,  0.81016139, ...,  0.54400734,
          0.21318663,  0.        ]],

       [[ 0.        ,  0.64661959,  0.23830985, ...,  0.31930237,
          0.44777304,  0.2540378 ],
        [-0.64661959,  0.        , -0.44620418, ..., -0.36920304,
         -0.2366062 , -0.43162353],
        [-0.23830985,  0.44620418,  0.        , ...,  0.08426799,
          0.22178823,  0.01622684],
        ...,
        [-0.31930237,  0.36920304, -0.08426799, ...,  0.        ,
          0.13883007, -0.06808777],
        [-0.44777304,  0.2366062 , -0.22178823, ..., -0.13883007,
          0.        , -0.20593632],
        [-0.2540378 ,  0.43162353, -0.01622684, ...,  0.06808777,
          0.20593632,  0.        ]],

       [[ 0.        ,  0.09670364,  0.17906675, ..., -0.92897097,
         -0.96890939, -0.99984375],
        [-0.09670364,  0.        ,  0.0830869 , ..., -0.96041219,
         -0.98829434, -0.99344826],
        [-0.17906675, -0.0830869 ,  0.        , ..., -0.98023797,
         -0.99755279, -0.98051782],
        ...,
        [ 0.92897097,  0.96041219,  0.98023797, ...,  0.        ,
         -0.12880219, -0.38651626],
        [ 0.96890939,  0.98829434,  0.99755279, ...,  0.12880219,
          0.        , -0.26450469],
        [ 0.99984375,  0.99344826,  0.98051782, ...,  0.38651626,
          0.26450469,  0.        ]],

       ...,

       [[ 0.        ,  0.17245167,  0.23802621, ...,  0.07624254,
         -0.05049512, -0.05049512],
        [-0.17245167,  0.        ,  0.06696491, ..., -0.09684944,
         -0.22197027, -0.22197027],
        [-0.23802621, -0.06696491,  0.        , ..., -0.16328216,
         -0.28676639, -0.28676639],
        ...,
        [-0.07624254,  0.09684944,  0.16328216, ...,  0.        ,
         -0.12649342, -0.12649342],
        [ 0.05049512,  0.22197027,  0.28676639, ...,  0.12649342,
          0.        ,  0.        ],
        [ 0.05049512,  0.22197027,  0.28676639, ...,  0.12649342,
          0.        ,  0.        ]],

       [[ 0.        , -0.1002467 , -0.14093057, ..., -0.94477855,
         -0.9595829 , -0.96422064],
        [ 0.1002467 ,  0.        , -0.04097446, ..., -0.97287112,
         -0.98296115, -0.98593899],
        [ 0.14093057,  0.04097446,  0.        , ..., -0.98153345,
         -0.98966731, -0.99195806],
        ...,
        [ 0.94477855,  0.97287112,  0.98153345, ...,  0.        ,
          0.04857906,  0.06552247],
        [ 0.9595829 ,  0.98296115,  0.98966731, ..., -0.04857906,
          0.        ,  0.01697045],
        [ 0.96422064,  0.98593899,  0.99195806, ..., -0.06552247,
         -0.01697045,  0.        ]],

       [[ 0.        ,  0.04553378,  0.06486819, ..., -0.89065159,
         -0.92038382, -0.94691783],
        [-0.04553378,  0.        ,  0.01936302, ..., -0.9104314 ,
         -0.93723364, -0.96057369],
        [-0.06486819, -0.01936302,  0.        , ..., -0.91827042,
         -0.94380985, -0.96577702],
        ...,
        [ 0.89065159,  0.9104314 ,  0.91827042, ...,  0.        ,
         -0.07022687, -0.14422784],
        [ 0.92038382,  0.93723364,  0.94380985, ...,  0.07022687,
          0.        , -0.07437914],
        [ 0.94691783,  0.96057369,  0.96577702, ...,  0.14422784,
          0.07437914,  0.        ]]]), 'num': array([7.07063383e-01, 7.07063383e-01, 0.00000000e+00, 0.00000000e+00,
       1.94544607e-05, 1.98222971e-05, 1.94135900e-05, 1.10789312e-02,
       1.22612147e-07, 1.96751626e-05, 2.03556600e-05, 2.30497213e-05,
       3.40589298e-07, 2.18180037e-05, 1.88933163e-05])}
{'img': array([[[ 0.        ,  0.04192659,  0.0278193 , ..., -0.93247385,
         -0.83402666, -0.9489025 ],
        [-0.04192659,  0.        , -0.01411552, ..., -0.91650846,
         -0.81016139, -0.93483737],
        [-0.0278193 ,  0.01411552,  0.        , ..., -0.92206358,
         -0.81835529, -0.93975632],
        ...,
        [ 0.93247385,  0.91650846,  0.92206358, ...,  0.        ,
         -0.21318663,  0.04851894],
        [ 0.83402666,  0.81016139,  0.81835529, ...,  0.21318663,
          0.        ,  0.26033912],
        [ 0.9489025 ,  0.93483737,  0.93975632, ..., -0.04851894,
         -0.26033912,  0.        ]],

       [[ 0.        , -0.44620418, -0.58046906, ..., -0.2366062 ,
         -0.43162353, -0.75882454],
        [ 0.44620418,  0.        , -0.1561437 , ...,  0.22178823,
          0.01622684, -0.38848515],
        [ 0.58046906,  0.1561437 ,  0.        , ...,  0.37132277,
          0.17215095, -0.23984073],
        ...,
        [ 0.2366062 , -0.22178823, -0.37132277, ...,  0.        ,
         -0.20593632, -0.58317774],
        [ 0.43162353, -0.01622684, -0.17215095, ...,  0.20593632,
          0.        , -0.4033863 ],
        [ 0.75882454,  0.38848515,  0.23984073, ...,  0.58317774,
          0.4033863 ,  0.        ]],

       [[ 0.        ,  0.08227881,  0.14631736, ..., -0.98214628,
         -0.99895547, -0.90067152],
        [-0.08227881,  0.        ,  0.06442794, ..., -0.99429436,
         -0.99180869, -0.86186746],
        [-0.14631736, -0.06442794,  0.        , ..., -0.99910118,
         -0.98151854, -0.82740324],
        ...,
        [ 0.98214628,  0.99429436,  0.99910118, ...,  0.        ,
         -0.23280083, -0.59617645],
        [ 0.99895547,  0.99180869,  0.98151854, ...,  0.23280083,
          0.        , -0.39289122],
        [ 0.90067152,  0.86186746,  0.82740324, ...,  0.59617645,
          0.39289122,  0.        ]],

       ...,

       [[ 0.        ,  0.06696491, -0.09303654, ..., -0.22197027,
         -0.22197027, -0.36627854],
        [-0.06696491,  0.        , -0.15950217, ..., -0.28676639,
         -0.28676639, -0.42776756],
        [ 0.09303654,  0.15950217,  0.        , ..., -0.13029192,
         -0.13029192, -0.27811888],
        ...,
        [ 0.22197027,  0.28676639,  0.13029192, ...,  0.        ,
          0.        , -0.15059664],
        [ 0.22197027,  0.28676639,  0.13029192, ...,  0.        ,
          0.        , -0.15059664],
        [ 0.36627854,  0.42776756,  0.27811888, ...,  0.15059664,
          0.15059664,  0.        ]],

       [[ 0.        , -0.04097446, -0.0108052 , ..., -0.98296115,
         -0.98593899, -0.97531928],
        [ 0.04097446,  0.        ,  0.03017594, ..., -0.98966731,
         -0.99195806, -0.98354733],
        [ 0.0108052 , -0.03017594,  0.        , ..., -0.98488991,
         -0.98768704, -0.97764812],
        ...,
        [ 0.98296115,  0.98966731,  0.98488991, ...,  0.        ,
          0.01697045, -0.03776028],
        [ 0.98593899,  0.99195806,  0.98768704, ..., -0.01697045,
          0.        , -0.05471319],
        [ 0.97531928,  0.98354733,  0.97764812, ...,  0.03776028,
          0.05471319,  0.        ]],

       [[ 0.        ,  0.01936302,  0.00978663, ..., -0.93723364,
         -0.96057369, -0.97551048],
        [-0.01936302,  0.        , -0.0095773 , ..., -0.94380985,
         -0.96577702, -0.97958655],
        [-0.00978663,  0.0095773 ,  0.        , ..., -0.94060137,
         -0.96324862, -0.97761636],
        ...,
        [ 0.93723364,  0.94380985,  0.94060137, ...,  0.        ,
         -0.07437914, -0.13401519],
        [ 0.96057369,  0.96577702,  0.96324862, ...,  0.07437914,
          0.        , -0.05993579],
        [ 0.97551048,  0.97958655,  0.97761636, ...,  0.13401519,
          0.05993579,  0.        ]]]), 'num': array([ 9.55894113e-01,  2.92906517e-01,  2.86387721e-04, -1.11915742e-10,
        2.60833887e-05,  2.64214024e-05,  2.56890394e-05,  2.17285219e-02,
       -7.32362965e-07,  2.67481489e-05,  2.79424639e-05,  3.16352633e-05,
        4.23576035e-07,  3.01257869e-05,  2.57591409e-05])}
{'img': array([[[ 0.        , -0.01362866, -0.09260287, ..., -0.98315023,
         -0.99324033, -0.79340381],
        [ 0.01362866,  0.        , -0.07902416, ..., -0.98555023,
         -0.99473004, -0.80162583],
        [ 0.09260287,  0.07902416,  0.        , ..., -0.9958535 ,
         -0.99972147, -0.84636161],
        ...,
        [ 0.98315023,  0.98555023,  0.9958535 , ...,  0.        ,
          0.06744355, -0.45340551],
        [ 0.99324033,  0.99473004,  0.99972147, ..., -0.06744355,
          0.        , -0.51248588],
        [ 0.79340381,  0.80162583,  0.84636161, ...,  0.45340551,
          0.51248588,  0.        ]],

       [[ 0.        , -0.1561437 , -0.33703844, ...,  0.01622684,
         -0.38848515, -0.08579801],
        [ 0.1561437 ,  0.        , -0.18589657, ...,  0.17215095,
         -0.23984073,  0.07082228],
        [ 0.33703844,  0.18589657,  0.        , ...,  0.35227148,
         -0.05518948,  0.25501758],
        ...,
        [-0.01622684, -0.17215095, -0.35227148, ...,  0.        ,
         -0.4033863 , -0.10195372],
        [ 0.38848515,  0.23984073,  0.05518948, ...,  0.4033863 ,
          0.        ,  0.30799362],
        [ 0.08579801, -0.07082228, -0.25501758, ...,  0.10195372,
         -0.30799362,  0.        ]],

       [[ 0.        ,  0.06270491,  0.09971006, ..., -0.99986305,
         -0.98914458, -0.84963997],
        [-0.06270491,  0.        ,  0.03712141, ..., -0.99893316,
         -0.97798385, -0.81489971],
        [-0.09971006, -0.03712141,  0.        , ..., -0.99653041,
         -0.96956326, -0.7928224 ],
        ...,
        [ 0.99986305,  0.99893316,  0.99653041, ...,  0.        ,
         -0.16329527, -0.54135206],
        [ 0.98914458,  0.97798385,  0.96956326, ...,  0.16329527,
          0.        , -0.39678761],
        [ 0.84963997,  0.81489971,  0.7928224 , ...,  0.54135206,
          0.39678761,  0.        ]],

       ...,

       [[ 0.        , -0.15950217, -0.13831232, ..., -0.28676639,
         -0.42776756, -0.52267659],
        [ 0.15950217,  0.        ,  0.02142755, ..., -0.13029192,
         -0.27811888, -0.38000451],
        [ 0.13831232, -0.02142755,  0.        , ..., -0.1515069 ,
         -0.29863719, -0.39973742],
        ...,
        [ 0.28676639,  0.13029192,  0.1515069 , ...,  0.        ,
         -0.15059664, -0.2562472 ],
        [ 0.42776756,  0.27811888,  0.29863719, ...,  0.15059664,
          0.        , -0.10775637],
        [ 0.52267659,  0.38000451,  0.39973742, ...,  0.2562472 ,
          0.10775637,  0.        ]],

       [[ 0.        ,  0.03017594,  0.03515819, ..., -0.99195806,
         -0.98354733, -0.99636942],
        [-0.03017594,  0.        ,  0.00498489, ..., -0.98768704,
         -0.97764812, -0.99334665],
        [-0.03515819, -0.00498489,  0.        , ..., -0.98689492,
         -0.97658791, -0.99276023],
        ...,
        [ 0.99195806,  0.98768704,  0.98689492, ...,  0.        ,
         -0.05471319,  0.04165713],
        [ 0.98354733,  0.97764812,  0.97658791, ...,  0.05471319,
          0.        ,  0.09626042],
        [ 0.99636942,  0.99334665,  0.99276023, ..., -0.04165713,
         -0.09626042,  0.        ]],

       [[ 0.        , -0.0095773 , -0.01089509, ..., -0.96577702,
         -0.97958655, -0.99678807],
        [ 0.0095773 ,  0.        , -0.00131786, ..., -0.96324862,
         -0.97761636, -0.99597536],
        [ 0.01089509,  0.00131786,  0.        , ..., -0.96289379,
         -0.97733824, -0.99585638],
        ...,
        [ 0.96577702,  0.96324862,  0.96289379, ...,  0.        ,
         -0.05993579, -0.18119681],
        [ 0.97958655,  0.97761636,  0.97733824, ...,  0.05993579,
          0.        , -0.12192739],
        [ 0.99678807,  0.99597536,  0.99585638, ...,  0.18119681,
          0.12192739,  0.        ]]]), 'num': array([ 8.73253325e-01,  4.86744452e-01,  1.72164308e-04, -2.04524089e-08,
        2.34361431e-05,  2.44278730e-05,  2.31229652e-05,  2.25484927e-02,
       -7.30748337e-07,  2.43861159e-05,  2.58136850e-05,  2.91699077e-05,
        1.85783476e-07,  2.80711920e-05,  2.35561780e-05])}
