state_0,state_1,state_2,state_3,state_4,state_5,state_6,state_7,state_8,state_9,state_10,state_11,state_12,state_13,state_14,state_15,state_16,state_17,state_18,state_19,state_20,state_21,state_22,state_23,state_24,state_25,state_26,state_27,state_28,state_29,state_30,state_31,state_32,state_33,state_34,state_35,state_36,state_37,state_38,state_39,state_40,state_41,state_42,state_43,state_44,state_45,state_46,state_47,state_48,state_49,state_50,state_51,state_52,state_53,state_54,state_55,state_56,state_57,state_58,state_59,state_60,state_61,state_62,state_63,state_64,state_65,state_66,state_67,state_68,state_69,state_70,state_71,state_72,state_73,state_74,state_75,state_76,state_77,state_78,state_79,state_80,state_81,state_82,state_83,state_84,state_85,state_86,state_87,state_88,state_89,state_90,state_91,state_92,state_93,state_94,state_95,state_96,state_97,state_98,state_99,state_100,state_101,state_102,state_103,state_104,state_105,state_106,state_107,state_108,state_109,state_110,state_111,state_112,state_113,state_114,state_115,state_116,state_117,state_118,state_119,state_120,state_121,state_122,state_123,state_124,state_125,state_126,state_127,state_128,state_129,state_130,state_131,state_132,state_133,state_134,state_135,state_136,state_137,state_138,state_139,state_140,state_141,state_142,state_143,state_144,state_145,state_146,state_147,state_148,state_149,state_150,state_151,state_152,state_153,state_154,state_155,state_156,state_157,state_158,state_159,state_160,state_161,state_162,state_163,state_164,state_165,state_166,state_167,state_168,state_169,state_170,state_171,state_172,state_173,state_174,state_175,state_176,state_177,state_178,state_179,state_180,state_181,state_182,state_183,state_184,state_185,state_186,state_187,state_188,state_189,state_190,state_191,state_192,state_193,state_194,state_195,state_196,state_197,state_198,state_199,state_200,state_201,state_202,state_203,state_204,state_205,state_206,state_207,state_208,state_209,state_210,state_211,state_212,state_213,state_214,state_215,state_216,state_217,state_218,state_219,state_220,state_221,state_222,state_223,state_224,state_225,state_226,state_227,state_228,state_229,state_230,state_231,state_232,state_233,state_234,state_235,state_236,state_237,state_238,state_239,state_240,state_241,state_242,state_243,state_244,state_245,state_246,state_247,state_248,state_249,state_250,state_251,state_252,state_253,state_254,state_255,state_256,state_257,state_258,state_259,state_260,state_261,state_262,state_263,state_264,state_265,state_266,state_267,state_268,state_269,state_270,state_271,state_272,state_273,state_274,state_275,state_276,state_277,state_278,state_279,state_280,state_281,state_282,state_283,state_284,state_285,state_286,state_287
{'img': array([[[ 0.00000000e+00, -4.97489707e-01, -7.82627785e-01, ...,
         -7.98187088e-01, -7.15321812e-01, -7.03350338e-01],
        [ 4.97489707e-01,  0.00000000e+00, -3.69223683e-01, ...,
         -3.92710663e-01, -2.72876717e-01, -2.56497972e-01],
        [ 7.82627785e-01,  3.69223683e-01,  0.00000000e+00, ...,
         -2.54009272e-02,  1.01615878e-01,  1.18497251e-01],
        ...,
        [ 7.98187088e-01,  3.92710663e-01,  2.54009272e-02, ...,
          0.00000000e+00,  1.26852536e-01,  1.43680979e-01],
        [ 7.15321812e-01,  2.72876717e-01, -1.01615878e-01, ...,
         -1.26852536e-01,  0.00000000e+00,  1.69839436e-02],
        [ 7.03350338e-01,  2.56497972e-01, -1.18497251e-01, ...,
         -1.43680979e-01, -1.69839436e-02,  0.00000000e+00]],

       [[ 0.00000000e+00, -8.51847611e-02, -4.42149987e-02, ...,
          1.78676373e-02,  1.87814297e-01, -8.82809929e-02],
        [ 8.51847611e-02,  0.00000000e+00,  4.10471689e-02, ...,
          1.02973854e-01,  2.70800484e-01, -3.10794000e-03],
        [ 4.42149987e-02, -4.10471689e-02,  0.00000000e+00, ...,
          6.20581037e-02,  2.31058795e-01, -4.41522913e-02],
        ...,
        [-1.78676373e-02, -1.02973854e-01, -6.20581037e-02, ...,
          0.00000000e+00,  1.70234639e-01, -1.06064775e-01],
        [-1.87814297e-01, -2.70800484e-01, -2.31058795e-01, ...,
         -1.70234639e-01,  0.00000000e+00, -2.73790990e-01],
        [ 8.82809929e-02,  3.10794000e-03,  4.41522913e-02, ...,
          1.06064775e-01,  2.73790990e-01,  0.00000000e+00]],

       [[ 0.00000000e+00, -2.02678750e-01, -3.64682133e-01, ...,
         -5.89802991e-01, -6.21997952e-01, -6.53873634e-01],
        [ 2.02678750e-01,  0.00000000e+00, -1.68392573e-01, ...,
         -4.13889146e-01, -4.50387275e-01, -4.86955165e-01],
        [ 3.64682133e-01,  1.68392573e-01,  0.00000000e+00, ...,
         -2.54686459e-01, -2.93609253e-01, -3.32922836e-01],
        ...,
        [ 5.89802991e-01,  4.13889146e-01,  2.54686459e-01, ...,
          0.00000000e+00, -4.04658153e-02, -8.17866340e-02],
        [ 6.21997952e-01,  4.50387275e-01,  2.93609253e-01, ...,
          4.04658153e-02,  0.00000000e+00, -4.13893952e-02],
        [ 6.53873634e-01,  4.86955165e-01,  3.32922836e-01, ...,
          8.17866340e-02,  4.13893952e-02,  0.00000000e+00]],

       ...,

       [[ 0.00000000e+00, -5.37354428e-02, -2.19686295e-01, ...,
          1.62976143e-02,  1.98967713e-01,  2.64272420e-01],
        [ 5.37354428e-02,  0.00000000e+00, -1.66946178e-01, ...,
          7.00023736e-02,  2.51341304e-01,  3.15715645e-01],
        [ 2.19686295e-01,  1.66946178e-01,  0.00000000e+00, ...,
          2.35556591e-01,  4.09400942e-01,  4.69692419e-01],
        ...,
        [-1.62976143e-02, -7.00023736e-02, -2.35556591e-01, ...,
          0.00000000e+00,  1.82969526e-01,  2.48519118e-01],
        [-1.98967713e-01, -2.51341304e-01, -4.09400942e-01, ...,
         -1.82969526e-01,  0.00000000e+00,  6.70945418e-02],
        [-2.64272420e-01, -3.15715645e-01, -4.69692419e-01, ...,
         -2.48519118e-01, -6.70945418e-02,  0.00000000e+00]],

       [[ 0.00000000e+00, -6.72279535e-02, -8.10552118e-02, ...,
         -8.39206791e-01, -8.38878294e-01, -8.35835099e-01],
        [ 6.72279535e-02,  0.00000000e+00, -1.38650884e-02, ...,
         -8.00748808e-01, -8.00386996e-01, -7.97037300e-01],
        [ 8.10552118e-02,  1.38650884e-02,  0.00000000e+00, ...,
         -7.92366644e-01, -7.91998165e-01, -7.88587141e-01],
        ...,
        [ 8.39206791e-01,  8.00748808e-01,  7.92366644e-01, ...,
          0.00000000e+00,  6.03782577e-04,  6.17071932e-03],
        [ 8.38878294e-01,  8.00386996e-01,  7.91998165e-01, ...,
         -6.03782577e-04,  0.00000000e+00,  5.56694711e-03],
        [ 8.35835099e-01,  7.97037300e-01,  7.88587141e-01, ...,
         -6.17071932e-03, -5.56694711e-03,  0.00000000e+00]],

       [[ 0.00000000e+00, -1.29116863e-01, -3.55383186e-01, ...,
         -6.69444837e-01, -6.69171993e-01, -6.63949912e-01],
        [ 1.29116863e-01,  0.00000000e+00, -2.31720205e-01, ...,
         -5.67925190e-01, -5.67622895e-01, -5.61841616e-01],
        [ 3.55383186e-01,  2.31720205e-01,  0.00000000e+00, ...,
         -3.61743365e-01, -3.61400983e-01, -3.54860338e-01],
        ...,
        [ 6.69444837e-01,  5.67925190e-01,  3.61743365e-01, ...,
          0.00000000e+00,  3.67227145e-04,  7.37247757e-03],
        [ 6.69171993e-01,  5.67622895e-01,  3.61400983e-01, ...,
         -3.67227145e-04,  0.00000000e+00,  7.00525990e-03],
        [ 6.63949912e-01,  5.61841616e-01,  3.54860338e-01, ...,
         -7.37247757e-03, -7.00525990e-03,  0.00000000e+00]]]), 'num': array([7.07069130e-01, 7.07069130e-01, 0.00000000e+00, 0.00000000e+00,
       9.59995289e-06, 9.63367638e-06, 9.48754126e-06, 1.03194547e-02,
       5.62058132e-08, 9.47854833e-06, 9.54318502e-06, 8.69410253e-06,
       6.66142971e-07, 1.01721067e-05, 8.91426332e-06])}
{'img': array([[[ 0.00000000e+00, -3.72404614e-01, -3.77177752e-01, ...,
         -2.75582583e-01, -2.59103783e-01, -2.30805460e-01],
        [ 3.72404614e-01,  0.00000000e+00, -5.14839550e-03, ...,
          1.02224080e-01,  1.19220234e-01,  1.48145926e-01],
        [ 3.77177752e-01,  5.14839550e-03,  0.00000000e+00, ...,
          1.07344151e-01,  1.24330330e-01,  1.53235548e-01],
        ...,
        [ 2.75582583e-01, -1.02224080e-01, -1.07344151e-01, ...,
          0.00000000e+00,  1.71006850e-02,  4.62737584e-02],
        [ 2.59103783e-01, -1.19220234e-01, -1.24330330e-01, ...,
         -1.71006850e-02,  0.00000000e+00,  2.91846251e-02],
        [ 2.30805460e-01, -1.48145926e-01, -1.53235548e-01, ...,
         -4.62737584e-02, -2.91846251e-02,  0.00000000e+00]],

       [[ 0.00000000e+00,  4.10471689e-02, -2.08648194e-02, ...,
          2.70800484e-01, -3.10794000e-03, -9.45484623e-03],
        [-4.10471689e-02,  0.00000000e+00, -6.18854679e-02, ...,
          2.31058795e-01, -4.41522913e-02, -5.04922119e-02],
        [ 2.08648194e-02,  6.18854679e-02,  0.00000000e+00, ...,
          2.90826749e-01,  1.77574552e-02,  1.14110988e-02],
        ...,
        [-2.70800484e-01, -2.31058795e-01, -2.90826749e-01, ...,
          0.00000000e+00, -2.73790990e-01, -2.79889951e-01],
        [ 3.10794000e-03,  4.41522913e-02, -1.77574552e-02, ...,
          2.73790990e-01,  0.00000000e+00, -6.34699949e-03],
        [ 9.45484623e-03,  5.04922119e-02, -1.14110988e-02, ...,
          2.79889951e-01,  6.34699949e-03,  0.00000000e+00]],

       [[ 0.00000000e+00, -3.08012627e-01, -4.60784764e-01, ...,
         -5.97705265e-01, -6.31932005e-01, -6.65469361e-01],
        [ 3.08012627e-01,  0.00000000e+00, -1.65017577e-01, ...,
         -3.21707564e-01, -3.62491778e-01, -4.03207374e-01],
        [ 4.60784764e-01,  1.65017577e-01,  0.00000000e+00, ...,
         -1.61052064e-01, -2.03728011e-01, -2.46670643e-01],
        ...,
        [ 5.97705265e-01,  3.21707564e-01,  1.61052064e-01, ...,
          0.00000000e+00, -4.33941241e-02, -8.73751288e-02],
        [ 6.31932005e-01,  3.62491778e-01,  2.03728011e-01, ...,
          4.33941241e-02,  0.00000000e+00, -4.40646618e-02],
        [ 6.65469361e-01,  4.03207374e-01,  2.46670643e-01, ...,
          8.73751288e-02,  4.40646618e-02,  0.00000000e+00]],

       ...,

       [[ 0.00000000e+00, -1.66946178e-01, -1.33428519e-01, ...,
          2.51341304e-01,  3.15715645e-01,  4.45004779e-01],
        [ 1.66946178e-01,  0.00000000e+00,  3.38974342e-02, ...,
          4.09400942e-01,  4.69692419e-01,  5.88264596e-01],
        [ 1.33428519e-01, -3.38974342e-02,  0.00000000e+00, ...,
          3.78239187e-01,  4.39496819e-01,  5.60514742e-01],
        ...,
        [-2.51341304e-01, -4.09400942e-01, -3.78239187e-01, ...,
          0.00000000e+00,  6.70945418e-02,  2.05636244e-01],
        [-3.15715645e-01, -4.69692419e-01, -4.39496819e-01, ...,
         -6.70945418e-02,  0.00000000e+00,  1.39512237e-01],
        [-4.45004779e-01, -5.88264596e-01, -5.60514742e-01, ...,
         -2.05636244e-01, -1.39512237e-01,  0.00000000e+00]],

       [[ 0.00000000e+00, -1.38650884e-02, -7.43039422e-02, ...,
         -8.00386996e-01, -7.97037300e-01, -7.95369523e-01],
        [ 1.38650884e-02,  0.00000000e+00, -6.04700394e-02, ...,
         -7.91998165e-01, -7.88587141e-01, -7.86889094e-01],
        [ 7.43039422e-02,  6.04700394e-02,  0.00000000e+00, ...,
         -7.53630440e-01, -7.49959617e-01, -7.48133371e-01],
        ...,
        [ 8.00386996e-01,  7.91998165e-01,  7.53630440e-01, ...,
          0.00000000e+00,  5.56694711e-03,  8.32340890e-03],
        [ 7.97037300e-01,  7.88587141e-01,  7.49959617e-01, ...,
         -5.56694711e-03,  0.00000000e+00,  2.75652565e-03],
        [ 7.95369523e-01,  7.86889094e-01,  7.48133371e-01, ...,
         -8.32340890e-03, -2.75652565e-03,  0.00000000e+00]],

       [[ 0.00000000e+00, -3.33211417e-01, -4.30171541e-01, ...,
         -6.60945776e-01, -6.55583397e-01, -6.55047362e-01],
        [ 3.33211417e-01,  0.00000000e+00, -1.04782493e-01, ...,
         -3.73121072e-01, -3.66502675e-01, -3.65842317e-01],
        [ 4.30171541e-01,  1.04782493e-01,  0.00000000e+00, ...,
         -2.73851721e-01, -2.66993725e-01, -2.66309773e-01],
        ...,
        [ 6.60945776e-01,  3.73121072e-01,  2.73851721e-01, ...,
          0.00000000e+00,  7.12336043e-03,  7.83298613e-03],
        [ 6.55583397e-01,  3.66502675e-01,  2.66993725e-01, ...,
         -7.12336043e-03,  0.00000000e+00,  7.09645498e-04],
        [ 6.55047362e-01,  3.65842317e-01,  2.66309773e-01, ...,
         -7.83298613e-03, -7.09645498e-04,  0.00000000e+00]]]), 'num': array([ 9.99749927e-01,  1.25410082e-05,  1.15443116e-03, -2.22607881e-10,
        1.35756414e-05,  1.36069939e-05,  1.32934687e-05,  2.23326983e-02,
        1.88115124e-07,  1.32840630e-05,  1.33154155e-05,  1.21185330e-05,
        9.42847540e-07,  1.41986667e-05,  1.24321643e-05])}
{'img': array([[[ 0.00000000e+00, -5.14839550e-03, -1.32247543e-01, ...,
          1.19220234e-01,  1.48145926e-01,  2.21046610e-01],
        [ 5.14839550e-03,  0.00000000e+00, -1.27142615e-01, ...,
          1.24330330e-01,  1.53235548e-01,  2.26064721e-01],
        [ 1.32247543e-01,  1.27142615e-01,  0.00000000e+00, ...,
          2.49477421e-01,  2.77632978e-01,  3.48081264e-01],
        ...,
        [-1.19220234e-01, -1.24330330e-01, -2.49477421e-01, ...,
          0.00000000e+00,  2.91846251e-02,  1.03198956e-01],
        [-1.48145926e-01, -1.53235548e-01, -2.77632978e-01, ...,
         -2.91846251e-02,  0.00000000e+00,  7.41261969e-02],
        [-2.21046610e-01, -2.26064721e-01, -3.48081264e-01, ...,
         -1.03198956e-01, -7.41261969e-02,  0.00000000e+00]],

       [[ 0.00000000e+00, -6.18854679e-02, -1.70386393e-01, ...,
         -4.41522913e-02, -5.04922119e-02,  4.50892895e-02],
        [ 6.18854679e-02,  0.00000000e+00, -1.09079270e-01, ...,
          1.77574552e-02,  1.14110988e-02,  1.06825393e-01],
        [ 1.70386393e-01,  1.09079270e-01,  0.00000000e+00, ...,
          1.26713568e-01,  1.20415177e-01,  2.14643067e-01],
        ...,
        [ 4.41522913e-02, -1.77574552e-02, -1.26713568e-01, ...,
          0.00000000e+00, -6.34699949e-03,  8.91527057e-02],
        [ 5.04922119e-02, -1.14110988e-02, -1.20415177e-01, ...,
          6.34699949e-03,  0.00000000e+00,  9.54726355e-02],
        [-4.50892895e-02, -1.06825393e-01, -2.14643067e-01, ...,
         -8.91527057e-02, -9.54726355e-02,  0.00000000e+00]],

       [[ 0.00000000e+00, -2.74524868e-01, -4.72556508e-01, ...,
         -4.96551799e-01, -5.38289753e-01, -5.09493416e-01],
        [ 2.74524868e-01,  0.00000000e+00, -2.12462019e-01, ...,
         -2.39184748e-01, -2.86250128e-01, -2.53697016e-01],
        [ 4.72556508e-01,  2.12462019e-01,  0.00000000e+00, ...,
         -2.74288857e-02, -7.61433145e-02, -4.23938869e-02],
        ...,
        [ 4.96551799e-01,  2.39184748e-01,  2.74288857e-02, ...,
          0.00000000e+00, -4.87654097e-02, -1.49737101e-02],
        [ 5.38289753e-01,  2.86250128e-01,  7.61433145e-02, ...,
          4.87654097e-02,  0.00000000e+00,  3.38040472e-02],
        [ 5.09493416e-01,  2.53697016e-01,  4.23938869e-02, ...,
          1.49737101e-02, -3.38040472e-02,  0.00000000e+00]],

       ...,

       [[ 0.00000000e+00,  3.38974342e-02,  2.74881432e-03, ...,
          4.69692419e-01,  5.88264596e-01,  6.08446831e-01],
        [-3.38974342e-02,  0.00000000e+00, -3.11500715e-02, ...,
          4.39496819e-01,  5.60514742e-01,  5.81196344e-01],
        [-2.74881432e-03,  3.11500715e-02,  0.00000000e+00, ...,
          4.67263908e-01,  5.86039494e-01,  6.06263088e-01],
        ...,
        [-4.69692419e-01, -4.39496819e-01, -4.67263908e-01, ...,
          0.00000000e+00,  1.39512237e-01,  1.64409806e-01],
        [-5.88264596e-01, -5.60514742e-01, -5.86039494e-01, ...,
         -1.39512237e-01,  0.00000000e+00,  2.51881636e-02],
        [-6.08446831e-01, -5.81196344e-01, -6.06263088e-01, ...,
         -1.64409806e-01, -2.51881636e-02,  0.00000000e+00]],

       [[ 0.00000000e+00, -6.04700394e-02, -1.16829583e-01, ...,
         -7.88587141e-01, -7.86889094e-01, -7.79284393e-01],
        [ 6.04700394e-02,  0.00000000e+00, -5.65598476e-02, ...,
         -7.49959617e-01, -7.48133371e-01, -7.39963527e-01],
        [ 1.16829583e-01,  5.65598476e-02,  0.00000000e+00, ...,
         -7.11345677e-01, -7.09405572e-01, -7.00734190e-01],
        ...,
        [ 7.88587141e-01,  7.49959617e-01,  7.11345677e-01, ...,
          0.00000000e+00,  2.75652565e-03,  1.49843333e-02],
        [ 7.86889094e-01,  7.48133371e-01,  7.09405572e-01, ...,
         -2.75652565e-03,  0.00000000e+00,  1.22280602e-02],
        [ 7.79284393e-01,  7.39963527e-01,  7.00734190e-01, ...,
         -1.49843333e-02, -1.22280602e-02,  0.00000000e+00]],

       [[ 0.00000000e+00, -2.84367454e-01, -4.28390006e-01, ...,
         -5.90894702e-01, -5.90240548e-01, -5.89917114e-01],
        [ 2.84367454e-01,  0.00000000e+00, -1.53751374e-01, ...,
         -3.37086758e-01, -3.36323479e-01, -3.35946175e-01],
        [ 4.28390006e-01,  1.53751374e-01,  0.00000000e+00, ...,
         -1.88325793e-01, -1.87529625e-01, -1.87136103e-01],
        ...,
        [ 5.90894702e-01,  3.37086758e-01,  1.88325793e-01, ...,
          0.00000000e+00,  8.10610840e-04,  1.21122490e-03],
        [ 5.90240548e-01,  3.36323479e-01,  1.87529625e-01, ...,
         -8.10610840e-04,  0.00000000e+00,  4.00614256e-04],
        [ 5.89917114e-01,  3.35946175e-01,  1.87136103e-01, ...,
         -1.21122490e-03, -4.00614256e-04,  0.00000000e+00]]]), 'num': array([9.29880773e-01, 3.63808332e-01, 6.50657946e-04, 1.92828959e-08,
       1.26578657e-05, 1.31816395e-05, 1.25123730e-05, 5.44501663e-02,
       5.81970837e-08, 1.24687252e-05, 1.23639704e-05, 1.12577409e-05,
       8.59975494e-07, 1.31904715e-05, 1.15374694e-05])}
{'img': array([[[ 0.00000000e+00, -1.27142615e-01, -3.26440713e-01, ...,
          1.53235548e-01,  2.26064721e-01,  2.51602610e-01],
        [ 1.27142615e-01,  0.00000000e+00, -2.03614019e-01, ...,
          2.77632978e-01,  3.48081264e-01,  3.72613233e-01],
        [ 3.26440713e-01,  2.03614019e-01,  0.00000000e+00, ...,
          4.67426297e-01,  5.31670280e-01,  5.53758556e-01],
        ...,
        [-1.53235548e-01, -2.77632978e-01, -4.67426297e-01, ...,
          0.00000000e+00,  7.41261969e-02,  1.00325049e-01],
        [-2.26064721e-01, -3.48081264e-01, -5.31670280e-01, ...,
         -7.41261969e-02,  0.00000000e+00,  2.62968323e-02],
        [-2.51602610e-01, -3.72613233e-01, -5.53758556e-01, ...,
         -1.00325049e-01, -2.62968323e-02,  0.00000000e+00]],

       [[ 0.00000000e+00, -1.09079270e-01,  1.02432469e-01, ...,
          1.14110988e-02,  1.06825393e-01,  3.49442188e-01],
        [ 1.09079270e-01,  0.00000000e+00,  2.10326768e-01, ...,
          1.20415177e-01,  2.14643067e-01,  4.49559771e-01],
        [-1.02432469e-01, -2.10326768e-01,  0.00000000e+00, ...,
         -9.10747238e-02,  4.41715765e-03,  2.51629194e-01],
        ...,
        [-1.14110988e-02, -1.20415177e-01,  9.10747238e-02, ...,
          0.00000000e+00,  9.54726355e-02,  3.38727716e-01],
        [-1.06825393e-01, -2.14643067e-01, -4.41715765e-03, ...,
         -9.54726355e-02,  0.00000000e+00,  2.47351709e-01],
        [-3.49442188e-01, -4.49559771e-01, -2.51629194e-01, ...,
         -3.38727716e-01, -2.47351709e-01,  0.00000000e+00]],

       [[ 0.00000000e+00, -2.12462019e-01, -4.46544575e-01, ...,
         -2.86250128e-01, -2.53697016e-01, -1.71706332e-01],
        [ 2.12462019e-01,  0.00000000e+00, -2.46246850e-01, ...,
         -7.61433145e-02, -4.23938869e-02,  4.15204109e-02],
        [ 4.46544575e-01,  2.46246850e-01,  0.00000000e+00, ...,
          1.71733323e-01,  2.04937010e-01,  2.86276379e-01],
        ...,
        [ 2.86250128e-01,  7.61433145e-02, -1.71733323e-01, ...,
          0.00000000e+00,  3.38040472e-02,  1.17477525e-01],
        [ 2.53697016e-01,  4.23938869e-02, -2.04937010e-01, ...,
         -3.38040472e-02,  0.00000000e+00,  8.38404117e-02],
        [ 1.71706332e-01, -4.15204109e-02, -2.86276379e-01, ...,
         -1.17477525e-01, -8.38404117e-02,  0.00000000e+00]],

       ...,

       [[ 0.00000000e+00, -3.11500715e-02, -2.46105478e-01, ...,
          5.60514742e-01,  5.81196344e-01,  5.56962908e-01],
        [ 3.11500715e-02,  0.00000000e+00, -2.15794057e-01, ...,
          5.86039494e-01,  6.06263088e-01,  5.82563922e-01],
        [ 2.46105478e-01,  2.15794057e-01,  0.00000000e+00, ...,
          7.47085904e-01,  7.63592140e-01,  7.44232224e-01],
        ...,
        [-5.60514742e-01, -5.86039494e-01, -7.47085904e-01, ...,
          0.00000000e+00,  2.51881636e-02, -4.28270017e-03],
        [-5.81196344e-01, -6.06263088e-01, -7.63592140e-01, ...,
         -2.51881636e-02,  0.00000000e+00, -2.94692740e-02],
        [-5.56962908e-01, -5.82563922e-01, -7.44232224e-01, ...,
          4.28270017e-03,  2.94692740e-02,  0.00000000e+00]],

       [[ 0.00000000e+00, -5.65598476e-02, -1.00096828e-02, ...,
         -7.48133371e-01, -7.39963527e-01, -7.31615130e-01],
        [ 5.65598476e-02,  0.00000000e+00,  4.65633546e-02, ...,
         -7.09405572e-01, -7.00734190e-01, -6.91886107e-01],
        [ 1.00096828e-02, -4.65633546e-02,  0.00000000e+00, ...,
         -7.41453982e-01, -7.33193473e-01, -7.24754697e-01],
        ...,
        [ 7.48133371e-01,  7.09405572e-01,  7.41453982e-01, ...,
          0.00000000e+00,  1.22280602e-02,  2.45538764e-02],
        [ 7.39963527e-01,  7.00734190e-01,  7.33193473e-01, ...,
         -1.22280602e-02,  0.00000000e+00,  1.23276670e-02],
        [ 7.31615130e-01,  6.91886107e-01,  7.24754697e-01, ...,
         -2.45538764e-02, -1.23276670e-02,  0.00000000e+00]],

       [[ 0.00000000e+00, -3.30754722e-01, -5.57186624e-01, ...,
         -5.34261792e-01, -5.33879690e-01, -5.34324021e-01],
        [ 3.30754722e-01,  0.00000000e+00, -2.51171832e-01, ...,
         -2.24598529e-01, -2.24158097e-01, -2.24670266e-01],
        [ 5.57186624e-01,  2.51171832e-01,  0.00000000e+00, ...,
          2.73562744e-02,  2.78080586e-02,  2.72826840e-02],
        ...,
        [ 5.34261792e-01,  2.24598529e-01, -2.73562744e-02, ...,
          0.00000000e+00,  4.51956159e-04, -7.36178696e-05],
        [ 5.33879690e-01,  2.24158097e-01, -2.78080586e-02, ...,
         -4.51956159e-04,  0.00000000e+00, -5.25574020e-04],
        [ 5.34324021e-01,  2.24670266e-01, -2.72826840e-02, ...,
          7.36178696e-05,  5.25574020e-04,  0.00000000e+00]]]), 'num': array([9.37820304e-01, 3.46807463e-01, 6.70082619e-04, 2.34144081e-08,
       1.28310907e-05, 1.29038293e-05, 1.26856135e-05, 1.47380643e-02,
       1.74572663e-07, 1.25721413e-05, 1.23844757e-05, 1.12701202e-05,
       8.81206094e-07, 1.32357897e-05, 1.15331617e-05])}
{'img': array([[[ 0.00000000e+00, -2.03614019e-01, -5.01518205e-01, ...,
          3.48081264e-01,  3.72613233e-01,  4.50217645e-01],
        [ 2.03614019e-01,  0.00000000e+00, -3.14855944e-01, ...,
          5.31670280e-01,  5.53758556e-01,  6.22596939e-01],
        [ 5.01518205e-01,  3.14855944e-01,  0.00000000e+00, ...,
          7.71296938e-01,  7.87767495e-01,  8.37319545e-01],
        ...,
        [-3.48081264e-01, -5.31670280e-01, -7.71296938e-01, ...,
          0.00000000e+00,  2.62968323e-02,  1.11254677e-01],
        [-3.72613233e-01, -5.53758556e-01, -7.87767495e-01, ...,
         -2.62968323e-02,  0.00000000e+00,  8.50826229e-02],
        [-4.50217645e-01, -6.22596939e-01, -8.37319545e-01, ...,
         -1.11254677e-01, -8.50826229e-02,  0.00000000e+00]],

       [[ 0.00000000e+00,  2.10326768e-01,  3.21257634e-01, ...,
          2.14643067e-01,  4.49559771e-01,  1.41747909e-01],
        [-2.10326768e-01,  0.00000000e+00,  1.14893736e-01, ...,
          4.41715765e-03,  2.51629194e-01, -6.96258846e-02],
        [-3.21257634e-01, -1.14893736e-01,  0.00000000e+00, ...,
         -1.10504709e-01,  1.38765970e-01, -1.83779716e-01],
        ...,
        [-2.14643067e-01, -4.41715765e-03,  1.10504709e-01, ...,
          0.00000000e+00,  2.47351709e-01, -7.40316433e-02],
        [-4.49559771e-01, -2.51629194e-01, -1.38765970e-01, ...,
         -2.47351709e-01,  0.00000000e+00, -3.18404116e-01],
        [-1.41747909e-01,  6.96258846e-02,  1.83779716e-01, ...,
          7.40316433e-02,  3.18404116e-01,  0.00000000e+00]],

       [[ 0.00000000e+00, -2.46246850e-01, -4.80044008e-01, ...,
         -4.23938869e-02,  4.15204109e-02,  1.12708928e-01],
        [ 2.46246850e-01,  0.00000000e+00, -2.49243410e-01, ...,
          2.04937010e-01,  2.86276379e-01,  3.53916076e-01],
        [ 4.80044008e-01,  2.49243410e-01,  0.00000000e+00, ...,
          4.42422636e-01,  5.16053593e-01,  5.75858468e-01],
        ...,
        [ 4.23938869e-02, -2.04937010e-01, -4.42422636e-01, ...,
          0.00000000e+00,  8.38404117e-02,  1.54731355e-01],
        [-4.15204109e-02, -2.86276379e-01, -5.16053593e-01, ...,
         -8.38404117e-02,  0.00000000e+00,  7.13558896e-02],
        [-1.12708928e-01, -3.53916076e-01, -5.75858468e-01, ...,
         -1.54731355e-01, -7.13558896e-02,  0.00000000e+00]],

       ...,

       [[ 0.00000000e+00, -2.15794057e-01, -2.79706779e-01, ...,
          6.06263088e-01,  5.82563922e-01,  6.15985750e-01],
        [ 2.15794057e-01,  0.00000000e+00, -6.59358396e-02, ...,
          7.63592140e-01,  7.44232224e-01,  7.71465791e-01],
        [ 2.79706779e-01,  6.59358396e-02,  0.00000000e+00, ...,
          8.04505158e-01,  7.86652603e-01,  8.11740027e-01],
        ...,
        [-6.06263088e-01, -7.63592140e-01, -8.04505158e-01, ...,
          0.00000000e+00, -2.94692740e-02,  1.22832145e-02],
        [-5.82563922e-01, -7.44232224e-01, -7.86652603e-01, ...,
          2.94692740e-02,  0.00000000e+00,  4.17449306e-02],
        [-6.15985750e-01, -7.71465791e-01, -8.11740027e-01, ...,
         -1.22832145e-02, -4.17449306e-02,  0.00000000e+00]],

       [[ 0.00000000e+00,  4.65633546e-02,  2.13775788e-01, ...,
         -7.00734190e-01, -6.91886107e-01, -6.59111243e-01],
        [-4.65633546e-02,  0.00000000e+00,  1.68056976e-01, ...,
         -7.33193473e-01, -7.24754697e-01, -6.93414090e-01],
        [-2.13775788e-01, -1.68056976e-01,  0.00000000e+00, ...,
         -8.37047591e-01, -8.30239148e-01, -8.04643516e-01],
        ...,
        [ 7.00734190e-01,  7.33193473e-01,  8.37047591e-01, ...,
          0.00000000e+00,  1.23276670e-02,  5.67592049e-02],
        [ 6.91886107e-01,  7.24754697e-01,  8.30239148e-01, ...,
         -1.23276670e-02,  0.00000000e+00,  4.44470983e-02],
        [ 6.59111243e-01,  6.93414090e-01,  8.04643516e-01, ...,
         -5.67592049e-02, -4.44470983e-02,  0.00000000e+00]],

       [[ 0.00000000e+00, -4.68640606e-01, -7.35504783e-01, ...,
         -4.37945687e-01, -4.38538110e-01, -4.40496319e-01],
        [ 4.68640606e-01,  0.00000000e+00, -3.32223612e-01, ...,
          3.44322093e-02,  3.37735082e-02,  3.15946067e-02],
        [ 7.35504783e-01,  3.32223612e-01,  0.00000000e+00, ...,
          3.64503098e-01,  3.63889277e-01,  3.61857808e-01],
        ...,
        [ 4.37945687e-01, -3.44322093e-02, -3.64503098e-01, ...,
          0.00000000e+00, -6.59084472e-04, -2.83914731e-03],
        [ 4.38538110e-01, -3.37735082e-02, -3.63889277e-01, ...,
          6.59084472e-04,  0.00000000e+00, -2.18006487e-03],
        [ 4.40496319e-01, -3.15946067e-02, -3.61857808e-01, ...,
          2.83914731e-03,  2.18006487e-03,  0.00000000e+00]]]), 'num': array([ 8.70690388e-01,  4.91226311e-01,  4.32684239e-04,  3.32610750e-08,
        1.18782970e-05,  1.23117127e-05,  1.18376643e-05,  2.43879317e-02,
       -6.77211918e-08,  1.17807785e-05,  1.15579758e-05,  1.05101032e-05,
        7.77539610e-07,  1.23584518e-05,  1.07574999e-05])}
{'img': array([[[ 0.        , -0.31485594, -0.33009333, ...,  0.55375856,
          0.62259694,  0.59339315],
        [ 0.31485594,  0.        , -0.01609687, ...,  0.7877675 ,
          0.83731954,  0.81664443],
        [ 0.33009333,  0.01609687,  0.        , ...,  0.79758066,
          0.84601144,  0.82582879],
        ...,
        [-0.55375856, -0.7877675 , -0.79758066, ...,  0.        ,
          0.08508262,  0.04837767],
        [-0.62259694, -0.83731954, -0.84601144, ..., -0.08508262,
          0.        , -0.03678076],
        [-0.59339315, -0.81664443, -0.82582879, ..., -0.04837767,
          0.03678076,  0.        ]],

       [[ 0.        ,  0.11489374,  0.02627212, ...,  0.25162919,
         -0.06962588,  0.05772517],
        [-0.11489374,  0.        , -0.08875593, ...,  0.13876597,
         -0.18377972, -0.05735925],
        [-0.02627212,  0.08875593,  0.        , ...,  0.22611556,
         -0.09581022,  0.03147693],
        ...,
        [-0.25162919, -0.13876597, -0.22611556, ...,  0.        ,
         -0.31840412, -0.19534181],
        [ 0.06962588,  0.18377972,  0.09581022, ...,  0.31840412,
          0.        ,  0.12709487],
        [-0.05772517,  0.05735925, -0.03147693, ...,  0.19534181,
         -0.12709487,  0.        ]],

       [[ 0.        , -0.24924341, -0.40401753, ...,  0.28627638,
          0.35391608,  0.41230207],
        [ 0.24924341,  0.        , -0.16327137, ...,  0.51605359,
          0.57585847,  0.62636269],
        [ 0.40401753,  0.16327137,  0.        , ...,  0.64897989,
          0.70161354,  0.74523287],
        ...,
        [-0.28627638, -0.51605359, -0.64897989, ...,  0.        ,
          0.07135589,  0.13423473],
        [-0.35391608, -0.57585847, -0.70161354, ..., -0.07135589,
          0.        ,  0.06318247],
        [-0.41230207, -0.62636269, -0.74523287, ..., -0.13423473,
         -0.06318247,  0.        ]],

       ...,

       [[ 0.        , -0.06593584, -0.21197266, ...,  0.74423222,
          0.77146579,  0.71158858],
        [ 0.06593584,  0.        , -0.1470739 , ...,  0.7866526 ,
          0.81174003,  0.75636635],
        [ 0.21197266,  0.1470739 ,  0.        , ...,  0.86890097,
          0.88880671,  0.84434938],
        ...,
        [-0.74423222, -0.7866526 , -0.86890097, ...,  0.        ,
          0.04174493, -0.04760996],
        [-0.77146579, -0.81174003, -0.88880671, ..., -0.04174493,
          0.        , -0.08926605],
        [-0.71158858, -0.75636635, -0.84434938, ...,  0.04760996,
          0.08926605,  0.        ]],

       [[ 0.        ,  0.16805698,  0.26324461, ..., -0.7247547 ,
         -0.69341409, -0.66776637],
        [-0.16805698,  0.        ,  0.0973711 , ..., -0.83023915,
         -0.80464352, -0.78336565],
        [-0.26324461, -0.0973711 ,  0.        , ..., -0.88056934,
         -0.85863486, -0.8401653 ],
        ...,
        [ 0.7247547 ,  0.83023915,  0.88056934, ...,  0.        ,
          0.0444471 ,  0.07939063],
        [ 0.69341409,  0.80464352,  0.85863486, ..., -0.0444471 ,
          0.        ,  0.03500537],
        [ 0.66776637,  0.78336565,  0.8401653 , ..., -0.07939063,
         -0.03500537,  0.        ]],

       [[ 0.        , -0.41504981, -0.6090906 , ...,  0.0566744 ,
          0.0527808 ,  0.08107779],
        [ 0.41504981,  0.        , -0.22497356, ...,  0.465945  ,
          0.46249119,  0.48744784],
        [ 0.6090906 ,  0.22497356,  0.        , ...,  0.65306013,
          0.65010209,  0.67138819],
        ...,
        [-0.0566744 , -0.465945  , -0.65306013, ...,  0.        ,
         -0.00389944,  0.02445965],
        [-0.0527808 , -0.46249119, -0.65010209, ...,  0.00389944,
          0.        ,  0.02835774],
        [-0.08107779, -0.48744784, -0.67138819, ..., -0.02445965,
         -0.02835774,  0.        ]]]), 'num': array([ 8.53290151e-01,  5.20588798e-01,  3.81538249e-04,  2.91936123e-08,
        1.16012746e-05,  1.21068347e-05,  1.15879704e-05,  2.97165718e-02,
       -6.65210700e-08,  1.16199005e-05,  1.13844159e-05,  1.03500133e-05,
        4.98908025e-07,  1.21578520e-05,  1.06109798e-05])}
{'img': array([[[ 0.        , -0.01609687, -0.07239896, ...,  0.83731954,
          0.81664443,  0.79601072],
        [ 0.01609687,  0.        , -0.05633495, ...,  0.84601144,
          0.82582879,  0.80565074],
        [ 0.07239896,  0.05633495,  0.        , ...,  0.87470372,
          0.85628577,  0.83774362],
        ...,
        [-0.83731954, -0.84601144, -0.87470372, ...,  0.        ,
         -0.03678076, -0.07162484],
        [-0.81664443, -0.82582879, -0.85628577, ...,  0.03678076,
          0.        , -0.03489008],
        [-0.79601072, -0.80565074, -0.83774362, ...,  0.07162484,
          0.03489008,  0.        ]],

       [[ 0.        , -0.08875593, -0.20093958, ..., -0.18377972,
         -0.05735925, -0.00501515],
        [ 0.08875593,  0.        , -0.11320091, ..., -0.09581022,
          0.03147693,  0.08375946],
        [ 0.20093958,  0.11320091,  0.        , ...,  0.01748579,
          0.14441942,  0.19602419],
        ...,
        [ 0.18377972,  0.09581022, -0.01748579, ...,  0.        ,
          0.12709487,  0.17884767],
        [ 0.05735925, -0.03147693, -0.14441942, ..., -0.12709487,
          0.        ,  0.05235163],
        [ 0.00501515, -0.08375946, -0.19602419, ..., -0.17884767,
         -0.05235163,  0.        ]],

       [[ 0.        , -0.16327137, -0.32632433, ...,  0.57585847,
          0.62636269,  0.66150641],
        [ 0.16327137,  0.        , -0.16761191, ...,  0.70161354,
          0.74523287,  0.77507344],
        [ 0.32632433,  0.16761191,  0.        , ...,  0.81112101,
          0.84645444,  0.87001765],
        ...,
        [-0.57585847, -0.70161354, -0.81112101, ...,  0.        ,
          0.06318247,  0.10895516],
        [-0.62636269, -0.74523287, -0.84645444, ..., -0.06318247,
          0.        ,  0.04593114],
        [-0.66150641, -0.77507344, -0.87001765, ..., -0.10895516,
         -0.04593114,  0.        ]],

       ...,

       [[ 0.        , -0.1470739 , -0.25703992, ...,  0.81174003,
          0.75636635,  0.3197082 ],
        [ 0.1470739 ,  0.        , -0.11211241, ...,  0.88880671,
          0.84434938,  0.45558642],
        [ 0.25703992,  0.11211241,  0.        , ...,  0.93458238,
          0.89909525,  0.55251571],
        ...,
        [-0.81174003, -0.88880671, -0.93458238, ...,  0.        ,
         -0.08926605, -0.58242106],
        [-0.75636635, -0.84434938, -0.89909525, ...,  0.08926605,
          0.        , -0.50753269],
        [-0.3197082 , -0.45558642, -0.55251571, ...,  0.58242106,
          0.50753269,  0.        ]],

       [[ 0.        ,  0.0973711 ,  0.1591003 , ..., -0.80464352,
         -0.78336565, -0.7720801 ],
        [-0.0973711 ,  0.        ,  0.06221346, ..., -0.85863486,
         -0.8401653 , -0.83029308],
        [-0.1591003 , -0.06221346,  0.        , ..., -0.88886142,
         -0.87227803, -0.86335793],
        ...,
        [ 0.80464352,  0.85863486,  0.88886142, ...,  0.        ,
          0.03500537,  0.05294235],
        [ 0.78336565,  0.8401653 ,  0.87227803, ..., -0.03500537,
          0.        ,  0.01795363],
        [ 0.7720801 ,  0.83029308,  0.86335793, ..., -0.05294235,
         -0.01795363,  0.        ]],

       [[ 0.        , -0.22497356, -0.39518519, ...,  0.46249119,
          0.48744784,  0.55771553],
        [ 0.22497356,  0.        , -0.17839352, ...,  0.65010209,
          0.67138819,  0.73015371],
        [ 0.39518519,  0.17839352,  0.        , ...,  0.77522571,
          0.79282708,  0.84033472],
        ...,
        [-0.46249119, -0.65010209, -0.77522571, ...,  0.        ,
          0.02835774,  0.11060135],
        [-0.48744784, -0.67138819, -0.79282708, ..., -0.02835774,
          0.        ,  0.08237311],
        [-0.55771553, -0.73015371, -0.84033472, ..., -0.11060135,
         -0.08237311,  0.        ]]]), 'num': array([ 8.41422500e-01,  5.39995738e-01,  3.57140714e-04,  2.60508388e-08,
        1.12046228e-05,  1.15896158e-05,  1.11515203e-05,  2.03138086e-02,
       -3.71717344e-07,  1.15365133e-05,  1.13864988e-05,  1.03649399e-05,
        5.22319453e-07,  1.20960232e-05,  1.06769744e-05])}
{'img': array([[[ 0.        , -0.05633495, -0.20116652, ...,  0.82582879,
          0.80565074,  0.69271526],
        [ 0.05633495,  0.        , -0.14566376, ...,  0.85628577,
          0.83774362,  0.73224457],
        [ 0.20116652,  0.14566376,  0.        , ...,  0.92238843,
          0.90835007,  0.82363767],
        ...,
        [-0.82582879, -0.85628577, -0.92238843, ...,  0.        ,
         -0.03489008, -0.20496033],
        [-0.80565074, -0.83774362, -0.90835007, ...,  0.03489008,
          0.        , -0.17068616],
        [-0.69271526, -0.73224457, -0.82363767, ...,  0.20496033,
          0.17068616,  0.        ]],

       [[ 0.        , -0.11320091, -0.17364212, ...,  0.03147693,
          0.08375946, -0.00590085],
        [ 0.11320091,  0.        , -0.06104471, ...,  0.14441942,
          0.19602419,  0.10733602],
        [ 0.17364212,  0.06104471,  0.        , ...,  0.20455484,
          0.255519  ,  0.16782789],
        ...,
        [-0.03147693, -0.14441942, -0.20455484, ...,  0.        ,
          0.05235163, -0.03737431],
        [-0.08375946, -0.19602419, -0.255519  , ..., -0.05235163,
          0.        , -0.08963812],
        [ 0.00590085, -0.10733602, -0.16782789, ...,  0.03737431,
          0.08963812,  0.        ]],

       [[ 0.        , -0.16761191, -0.33577263, ...,  0.74523287,
          0.77507344,  0.73881723],
        [ 0.16761191,  0.        , -0.1731416 , ...,  0.84645444,
          0.87001765,  0.84131987],
        [ 0.33577263,  0.1731416 ,  0.        , ...,  0.92586157,
          0.94224009,  0.92220291],
        ...,
        [-0.74523287, -0.84645444, -0.92586157, ...,  0.        ,
          0.04593114, -0.00957028],
        [-0.77507344, -0.87001765, -0.94224009, ..., -0.04593114,
          0.        , -0.05548922],
        [-0.73881723, -0.84131987, -0.92220291, ...,  0.00957028,
          0.05548922,  0.        ]],

       ...,

       [[ 0.        , -0.11211241, -0.12417206, ...,  0.84434938,
          0.45558642,  0.49913208],
        [ 0.11211241,  0.        , -0.01214449, ...,  0.89909525,
          0.55251571,  0.59313363],
        [ 0.12417206,  0.01214449,  0.        , ...,  0.90434523,
          0.56259742,  0.60286746],
        ...,
        [-0.84434938, -0.89909525, -0.90434523, ...,  0.        ,
         -0.50753269, -0.46421916],
        [-0.45558642, -0.55251571, -0.56259742, ...,  0.50753269,
          0.        ,  0.04954573],
        [-0.49913208, -0.59313363, -0.60286746, ...,  0.46421916,
         -0.04954573,  0.        ]],

       [[ 0.        ,  0.06221346,  0.13989597, ..., -0.8401653 ,
         -0.83029308, -0.84937583],
        [-0.06221346,  0.        ,  0.07802331, ..., -0.87227803,
         -0.86335793, -0.88056602],
        [-0.13989597, -0.07802331,  0.        , ..., -0.90777313,
         -0.90009595, -0.91485873],
        ...,
        [ 0.8401653 ,  0.87227803,  0.90777313, ...,  0.        ,
          0.01795363, -0.01721276],
        [ 0.83029308,  0.86335793,  0.90009595, ..., -0.01795363,
          0.        , -0.03516096],
        [ 0.84937583,  0.88056602,  0.91485873, ...,  0.01721276,
          0.03516096,  0.        ]],

       [[ 0.        , -0.17494013, -0.34928864, ...,  0.62893141,
          0.67155485,  0.83393215],
        [ 0.17494013,  0.        , -0.17998073, ...,  0.7552418 ,
          0.79082159,  0.91761583],
        [ 0.34928864,  0.17998073,  0.        , ...,  0.8608765 ,
          0.8880642 ,  0.97416795],
        ...,
        [-0.62893141, -0.7552418 , -0.8608765 , ...,  0.        ,
          0.05609778,  0.30126307],
        [-0.67155485, -0.79082159, -0.8880642 , ..., -0.05609778,
          0.        ,  0.24729713],
        [-0.83393215, -0.91761583, -0.97416795, ..., -0.30126307,
         -0.24729713,  0.        ]]]), 'num': array([ 7.35683088e-01,  6.77094754e-01,  7.18875265e-05,  8.37417144e-09,
        9.49106335e-06,  9.54929073e-06,  9.24650835e-06,  1.76941486e-02,
       -3.37718819e-07,  9.99181884e-06,  9.99123657e-06,  9.11996083e-06,
        4.17151397e-07,  1.06036812e-05,  9.37879189e-06])}
{'img': array([[[ 0.        , -0.14566376, -0.92894558, ...,  0.83774362,
          0.73224457,  0.62096458],
        [ 0.14566376,  0.        , -0.86511049, ...,  0.90835007,
          0.82363767,  0.72851834],
        [ 0.92894558,  0.86511049,  0.        , ...,  0.81740987,
          0.90373962,  0.95803464],
        ...,
