state_0,state_1,state_2,state_3,state_4,state_5,state_6,state_7,state_8,state_9,state_10,state_11,state_12,state_13,state_14,state_15,state_16,state_17,state_18,state_19,state_20,state_21,state_22,state_23,state_24,state_25,state_26,state_27,state_28,state_29,state_30,state_31,state_32,state_33,state_34,state_35,state_36,state_37,state_38,state_39,state_40,state_41,state_42,state_43,state_44,state_45,state_46,state_47,state_48,state_49,state_50,state_51,state_52,state_53,state_54,state_55,state_56,state_57,state_58,state_59,state_60,state_61,state_62,state_63,state_64,state_65,state_66,state_67,state_68,state_69,state_70,state_71,state_72,state_73,state_74,state_75,state_76,state_77,state_78,state_79,state_80,state_81,state_82,state_83,state_84,state_85,state_86,state_87,state_88,state_89,state_90,state_91,state_92,state_93,state_94,state_95,state_96,state_97,state_98,state_99,state_100,state_101,state_102,state_103,state_104,state_105,state_106,state_107,state_108,state_109,state_110,state_111,state_112,state_113,state_114,state_115,state_116,state_117,state_118,state_119,state_120,state_121,state_122,state_123,state_124,state_125,state_126,state_127,state_128,state_129,state_130,state_131,state_132,state_133,state_134,state_135,state_136,state_137,state_138,state_139,state_140,state_141,state_142,state_143,state_144,state_145,state_146,state_147,state_148,state_149,state_150,state_151,state_152,state_153,state_154,state_155,state_156,state_157,state_158,state_159,state_160,state_161,state_162,state_163,state_164,state_165,state_166,state_167,state_168,state_169,state_170,state_171,state_172,state_173,state_174,state_175,state_176,state_177,state_178,state_179,state_180,state_181,state_182,state_183,state_184,state_185,state_186,state_187,state_188,state_189,state_190,state_191,state_192,state_193,state_194,state_195,state_196,state_197,state_198,state_199,state_200,state_201,state_202,state_203,state_204,state_205,state_206,state_207,state_208,state_209,state_210,state_211,state_212,state_213,state_214,state_215,state_216,state_217,state_218,state_219,state_220,state_221,state_222,state_223,state_224,state_225,state_226,state_227,state_228,state_229,state_230,state_231,state_232,state_233,state_234,state_235,state_236,state_237,state_238,state_239,state_240,state_241,state_242,state_243,state_244,state_245,state_246,state_247,state_248,state_249,state_250,state_251,state_252,state_253,state_254,state_255,state_256,state_257,state_258,state_259,state_260,state_261,state_262,state_263,state_264,state_265,state_266,state_267,state_268,state_269,state_270,state_271,state_272,state_273,state_274,state_275,state_276,state_277,state_278,state_279,state_280,state_281,state_282,state_283,state_284,state_285,state_286,state_287
{'img': array([[[ 0.        ,  0.08028655,  0.66863614, ..., -0.96968571,
         -0.95746746, -0.99891343],
        [-0.08028655,  0.        ,  0.60677741, ..., -0.98617386,
         -0.97754257, -0.99194706],
        [-0.66863614, -0.60677741,  0.        , ..., -0.88443328,
         -0.9048921 , -0.71162046],
        ...,
        [ 0.96968571,  0.98617386,  0.88443328, ...,  0.        ,
          0.04583189, -0.28928152],
        [ 0.95746746,  0.97754257,  0.9048921 , ..., -0.04583189,
          0.        , -0.33284984],
        [ 0.99891343,  0.99194706,  0.71162046, ...,  0.28928152,
          0.33284984,  0.        ]],

       [[ 0.        ,  0.15434903,  0.53276303, ...,  0.18913082,
          0.11970867,  0.63238796],
        [-0.15434903,  0.        ,  0.39575851, ...,  0.03530103,
         -0.03496498,  0.50524291],
        [-0.53276303, -0.39575851,  0.        , ..., -0.36309297,
         -0.42762677,  0.1224616 ],
        ...,
        [-0.18913082, -0.03530103,  0.36309297, ...,  0.        ,
         -0.07022264,  0.47446401],
        [-0.11970867,  0.03496498,  0.42762677, ...,  0.07022264,
          0.        ,  0.53510795],
        [-0.63238796, -0.50524291, -0.1224616 , ..., -0.47446401,
         -0.53510795,  0.        ]],

       [[ 0.        ,  0.08814272,  0.30622531, ..., -0.97577179,
         -0.984962  , -0.99794308],
        [-0.08814272,  0.        ,  0.22112517, ..., -0.99125876,
         -0.9963569 , -0.99970944],
        [-0.30622531, -0.22112517,  0.        , ..., -0.99589408,
         -0.99055039, -0.96963191],
        ...,
        [ 0.97577179,  0.99125876,  0.99589408, ...,  0.        ,
         -0.04691545, -0.15578771],
        [ 0.984962  ,  0.9963569 ,  0.99055039, ...,  0.04691545,
          0.        , -0.10927354],
        [ 0.99794308,  0.99970944,  0.96963191, ...,  0.15578771,
          0.10927354,  0.        ]],

       ...,

       [[ 0.        ,  0.11861365,  0.416038  , ...,  0.02697525,
          0.05399695, -0.4244127 ],
        [-0.11861365,  0.        ,  0.30523997, ..., -0.09178567,
         -0.06482485, -0.52881752],
        [-0.416038  , -0.30523997,  0.        , ..., -0.39135673,
         -0.36632906, -0.76264797],
        ...,
        [-0.02697525,  0.09178567,  0.39135673, ...,  0.        ,
          0.02704141, -0.44868351],
        [-0.05399695,  0.06482485,  0.36632906, ..., -0.02704141,
          0.        , -0.47268608],
        [ 0.4244127 ,  0.52881752,  0.76264797, ...,  0.44868351,
          0.47268608,  0.        ]],

       [[ 0.        ,  0.04996827,  0.17481887, ..., -0.99376333,
         -0.99816192, -0.99451951],
        [-0.04996827,  0.        ,  0.12540169, ..., -0.98694997,
         -0.99388678, -0.98805292],
        [-0.17481887, -0.12540169,  0.        , ..., -0.95896595,
         -0.97219622, -0.960927  ],
        ...,
        [ 0.99376333,  0.98694997,  0.95896595, ...,  0.        ,
          0.05107943,  0.00699962],
        [ 0.99816192,  0.99388678,  0.97219622, ..., -0.05107943,
          0.        , -0.04408769],
        [ 0.99451951,  0.98805292,  0.960927  , ..., -0.00699962,
          0.04408769,  0.        ]],

       [[ 0.        ,  0.02930398,  0.02409169, ..., -0.99682863,
         -0.99611044, -0.99549346],
        [-0.02930398,  0.        , -0.00521413, ..., -0.99406858,
         -0.99310059, -0.99228704],
        [-0.02409169,  0.00521413,  0.        , ..., -0.99462213,
         -0.99369852, -0.99291991],
        ...,
        [ 0.99682863,  0.99406858,  0.99462213, ...,  0.        ,
         -0.00856536, -0.01530987],
        [ 0.99611044,  0.99310059,  0.99369852, ...,  0.00856536,
          0.        , -0.00674495],
        [ 0.99549346,  0.99228704,  0.99291991, ...,  0.01530987,
          0.00674495,  0.        ]]]), 'num': array([ 7.07081880e-01,  7.07081880e-01,  0.00000000e+00,  0.00000000e+00,
        1.94770596e-03,  1.98001388e-03,  1.92462888e-03,  6.20091424e-03,
       -4.61541697e-06,  2.00401405e-03,  1.96824457e-03,  2.20663085e-03,
        4.73882384e-07,  2.13156708e-03,  1.80492205e-03])}
{'img': array([[[ 0.        ,  0.60677741,  0.26746686, ..., -0.97754257,
         -0.99194706, -0.99000394],
        [-0.60677741,  0.        , -0.37206886, ..., -0.9048921 ,
         -0.71162046, -0.7013465 ],
        [-0.26746686,  0.37206886,  0.        , ..., -0.99829326,
         -0.92193199, -0.91621174],
        ...,
        [ 0.97754257,  0.9048921 ,  0.99829326, ...,  0.        ,
         -0.33284984, -0.34650381],
        [ 0.99194706,  0.71162046,  0.92193199, ...,  0.33284984,
          0.        , -0.01451679],
        [ 0.99000394,  0.7013465 ,  0.91621174, ...,  0.34650381,
          0.01451679,  0.        ]],

       [[ 0.        ,  0.39575851,  0.13626467, ..., -0.03496498,
          0.50524291,  0.05575964],
        [-0.39575851,  0.        , -0.26692777, ..., -0.42762677,
          0.1224616 , -0.34393567],
        [-0.13626467,  0.26692777,  0.        , ..., -0.1708202 ,
          0.38293694, -0.08081313],
        ...,
        [ 0.03496498,  0.42762677,  0.1708202 , ...,  0.        ,
          0.53510795,  0.09063613],
        [-0.50524291, -0.1224616 , -0.38293694, ..., -0.53510795,
          0.        , -0.45633756],
        [-0.05575964,  0.34393567,  0.08081313, ..., -0.09063613,
          0.45633756,  0.        ]],

       [[ 0.        ,  0.22112517,  0.28755543, ..., -0.9963569 ,
         -0.99970944, -0.99694114],
        [-0.22112517,  0.        ,  0.0686514 , ..., -0.99055039,
         -0.96963191, -0.95498002],
        [-0.28755543, -0.0686514 ,  0.        , ..., -0.97879791,
         -0.95055427, -0.93236012],
        ...,
        [ 0.9963569 ,  0.99055039,  0.97879791, ...,  0.        ,
         -0.10927354, -0.1628919 ],
        [ 0.99970944,  0.96963191,  0.95055427, ...,  0.10927354,
          0.        , -0.05410239],
        [ 0.99694114,  0.95498002,  0.93236012, ...,  0.1628919 ,
          0.05410239,  0.        ]],

       ...,

       [[ 0.        ,  0.30523997,  0.64799296, ..., -0.06482485,
         -0.52881752, -0.50885348],
        [-0.30523997,  0.        ,  0.38458289, ..., -0.36632906,
         -0.76264797, -0.74733548],
        [-0.64799296, -0.38458289,  0.        , ..., -0.69600362,
         -0.95274658, -0.94539316],
        ...,
        [ 0.06482485,  0.36632906,  0.69600362, ...,  0.        ,
         -0.47268608, -0.45197852],
        [ 0.52881752,  0.76264797,  0.95274658, ...,  0.47268608,
          0.        ,  0.02335219],
        [ 0.50885348,  0.74733548,  0.94539316, ...,  0.45197852,
         -0.02335219,  0.        ]],

       [[ 0.        ,  0.12540169,  0.15460566, ..., -0.99388678,
         -0.98805292, -0.98348912],
        [-0.12540169,  0.        ,  0.02949131, ..., -0.97219622,
         -0.960927  , -0.95303191],
        [-0.15460566, -0.02949131,  0.        , ..., -0.96486743,
         -0.95234578, -0.94368535],
        ...,
        [ 0.99388678,  0.97219622,  0.96486743, ...,  0.        ,
         -0.04408769, -0.07127968],
        [ 0.98805292,  0.960927  ,  0.95234578, ...,  0.04408769,
          0.        , -0.02723482],
        [ 0.98348912,  0.95303191,  0.94368535, ...,  0.07127968,
          0.02723482,  0.        ]],

       [[ 0.        , -0.00521413,  0.11065597, ..., -0.99310059,
         -0.99228704, -0.99096418],
        [ 0.00521413,  0.        ,  0.11583658, ..., -0.99369852,
         -0.99291991, -0.99165006],
        [-0.11065597, -0.11583658,  0.        , ..., -0.97402559,
         -0.97247612, -0.97003651],
        ...,
        [ 0.99310059,  0.99369852,  0.97402559, ...,  0.        ,
         -0.00674495, -0.01699536],
        [ 0.99228704,  0.99291991,  0.97247612, ...,  0.00674495,
          0.        , -0.01025099],
        [ 0.99096418,  0.99165006,  0.97003651, ...,  0.01699536,
          0.01025099,  0.        ]]]), 'num': array([ 9.95518761e-01,  9.40182644e-02,  4.31339950e-06, -1.68692476e-10,
        2.74012309e-03,  2.80567627e-03,  2.73356777e-03,  6.23667748e-03,
       -2.62212736e-05,  2.83058648e-03,  2.79125457e-03,  3.11760017e-03,
        6.55531840e-07,  3.02400438e-03,  2.55850476e-03])}
{'img': array([[[ 0.        , -0.37206886, -0.24615385, ..., -0.71162046,
         -0.7013465 , -0.65705097],
        [ 0.37206886,  0.        ,  0.13213933, ..., -0.92193199,
         -0.91621174, -0.89036076],
        [ 0.24615385, -0.13213933,  0.        , ..., -0.8626633 ,
         -0.85523012, -0.82239615],
        ...,
        [ 0.71162046,  0.92193199,  0.8626633 , ...,  0.        ,
         -0.01451679, -0.07483192],
        [ 0.7013465 ,  0.91621174,  0.85523012, ...,  0.01451679,
          0.        , -0.06034795],
        [ 0.65705097,  0.89036076,  0.82239615, ...,  0.07483192,
          0.06034795,  0.        ]],

       [[ 0.        , -0.26692777, -0.391996  , ...,  0.1224616 ,
         -0.34393567, -0.50755469],
        [ 0.26692777,  0.        , -0.13220831, ...,  0.38293694,
         -0.08081313, -0.25914866],
        [ 0.391996  ,  0.13220831,  0.        , ...,  0.50170616,
          0.05167214, -0.12918211],
        ...,
        [-0.1224616 , -0.38293694, -0.50170616, ...,  0.        ,
         -0.45633756, -0.60924976],
        [ 0.34393567,  0.08081313, -0.05167214, ...,  0.45633756,
          0.        , -0.18024871],
        [ 0.50755469,  0.25914866,  0.12918211, ...,  0.60924976,
          0.18024871,  0.        ]],

       [[ 0.        ,  0.0686514 ,  0.19383152, ..., -0.96963191,
         -0.95498002, -0.94140966],
        [-0.0686514 ,  0.        ,  0.1260248 , ..., -0.95055427,
         -0.93236012, -0.91603487],
        [-0.19383152, -0.1260248 ,  0.        , ..., -0.90383751,
         -0.87936464, -0.85818302],
        ...,
        [ 0.96963191,  0.95055427,  0.90383751, ...,  0.        ,
         -0.05410239, -0.09678361],
        [ 0.95498002,  0.93236012,  0.87936464, ...,  0.05410239,
          0.        , -0.04279346],
        [ 0.94140966,  0.91603487,  0.85818302, ...,  0.09678361,
          0.04279346,  0.        ]],

       ...,

       [[ 0.        ,  0.38458289,  0.11583993, ..., -0.76264797,
         -0.74733548, -0.78407874],
        [-0.38458289,  0.        , -0.2750631 , ..., -0.95274658,
         -0.94539316, -0.96247135],
        [-0.11583993,  0.2750631 ,  0.        , ..., -0.83244061,
         -0.81927382, -0.85069761],
        ...,
        [ 0.76264797,  0.95274658,  0.83244061, ...,  0.        ,
          0.02335219, -0.03380681],
        [ 0.74733548,  0.94539316,  0.81927382, ..., -0.02335219,
          0.        , -0.05713643],
        [ 0.78407874,  0.96247135,  0.85069761, ...,  0.03380681,
          0.05713643,  0.        ]],

       [[ 0.        ,  0.02949131,  0.11478593, ..., -0.960927  ,
         -0.95303191, -0.94875797],
        [-0.02949131,  0.        ,  0.08543963, ..., -0.95234578,
         -0.94368535, -0.93902594],
        [-0.11478593, -0.08543963,  0.        , ..., -0.92280255,
         -0.9119674 , -0.90621415],
        ...,
        [ 0.960927  ,  0.95234578,  0.92280255, ...,  0.        ,
         -0.02723482, -0.04103843],
        [ 0.95303191,  0.94368535,  0.9119674 , ...,  0.02723482,
          0.        , -0.01381132],
        [ 0.94875797,  0.93902594,  0.90621415, ...,  0.04103843,
          0.01381132,  0.        ]],

       [[ 0.        ,  0.11583658,  0.1554322 , ..., -0.99291991,
         -0.99165006, -0.98952923],
        [-0.11583658,  0.        ,  0.0399571 , ..., -0.97247612,
         -0.97003651, -0.96614901],
        [-0.1554322 , -0.0399571 ,  0.        , ..., -0.96238938,
         -0.95955389, -0.95506912],
        ...,
        [ 0.99291991,  0.97247612,  0.96238938, ...,  0.        ,
         -0.01025099, -0.02576872],
        [ 0.99165006,  0.97003651,  0.95955389, ...,  0.01025099,
          0.        , -0.01551977],
        [ 0.98952923,  0.96614901,  0.95506912, ...,  0.02576872,
          0.01551977,  0.        ]]]), 'num': array([ 8.92001557e-01,  4.51862903e-01,  2.05672268e-06, -1.09224046e-08,
        2.48665906e-03,  2.53894862e-03,  2.41693965e-03,  1.01180066e-02,
        5.80995108e-05,  2.48782105e-03,  2.48172060e-03,  2.74752586e-03,
        6.93232799e-07,  2.67713803e-03,  2.28630318e-03])}
{'img': array([[[ 0.        ,  0.28565228, -0.03447228, ..., -0.87880354,
         -0.84811712, -0.91615058],
        [-0.28565228,  0.        , -0.31851843, ..., -0.7058781 ,
         -0.66143783, -0.76347843],
        [ 0.03447228,  0.31851843,  0.        , ..., -0.89473084,
         -0.86587677, -0.92942375],
        ...,
        [ 0.87880354,  0.7058781 ,  0.89473084, ...,  0.        ,
         -0.06089011,  0.08491761],
        [ 0.84811712,  0.66143783,  0.86587677, ...,  0.06089011,
          0.        ,  0.14543022],
        [ 0.91615058,  0.76347843,  0.92942375, ..., -0.08491761,
         -0.14543022,  0.        ]],

       [[ 0.        , -0.13220831, -0.32038792, ..., -0.08081313,
         -0.25914866,  0.06515156],
        [ 0.13220831,  0.        , -0.1923364 , ...,  0.05167214,
         -0.12918211,  0.19650708],
        [ 0.32038792,  0.1923364 ,  0.        , ...,  0.24278683,
          0.06395463,  0.38142441],
        ...,
        [ 0.08081313, -0.05167214, -0.24278683, ...,  0.        ,
         -0.18024871,  0.14557991],
        [ 0.25914866,  0.12918211, -0.06395463, ...,  0.18024871,
          0.        ,  0.32152389],
        [-0.06515156, -0.19650708, -0.38142441, ..., -0.14557991,
         -0.32152389,  0.        ]],

       [[ 0.        ,  0.1260248 ,  0.2781916 , ..., -0.93236012,
         -0.91603487, -0.88632867],
        [-0.1260248 ,  0.        ,  0.15492355, ..., -0.87936464,
         -0.85818302, -0.82090542],
        [-0.2781916 , -0.15492355,  0.        , ..., -0.79498091,
         -0.76829267, -0.7225229 ],
        ...,
        [ 0.93236012,  0.87936464,  0.79498091, ...,  0.        ,
         -0.04279346, -0.11130038],
        [ 0.91603487,  0.85818302,  0.76829267, ...,  0.04279346,
          0.        , -0.06867084],
        [ 0.88632867,  0.82090542,  0.7225229 , ...,  0.11130038,
          0.06867084,  0.        ]],

       ...,

       [[ 0.        , -0.2750631 , -0.84327216, ..., -0.94539316,
         -0.96247135, -0.74639901],
        [ 0.2750631 ,  0.        , -0.66290114, ..., -0.81927382,
         -0.85069761, -0.5345534 ],
        [ 0.84327216,  0.66290114,  0.        , ..., -0.23328683,
         -0.28846565,  0.16001692],
        ...,
        [ 0.94539316,  0.81927382,  0.23328683, ...,  0.        ,
         -0.05713643,  0.38588248],
        [ 0.96247135,  0.85069761,  0.28846565, ...,  0.05713643,
          0.        ,  0.4379632 ],
        [ 0.74639901,  0.5345534 , -0.16001692, ..., -0.38588248,
         -0.4379632 ,  0.        ]],

       [[ 0.        ,  0.08543963,  0.14136334, ..., -0.94368535,
         -0.93902594, -0.93416362],
        [-0.08543963,  0.        ,  0.05626481, ..., -0.9119674 ,
         -0.90621415, -0.90025901],
        [-0.14136334, -0.05626481,  0.        , ..., -0.88743939,
         -0.88098877, -0.87433775],
        ...,
        [ 0.94368535,  0.9119674 ,  0.88743939, ...,  0.        ,
         -0.01381132, -0.02768663],
        [ 0.93902594,  0.90621415,  0.88098877, ...,  0.01381132,
          0.        , -0.01387796],
        [ 0.93416362,  0.90025901,  0.87433775, ...,  0.02768663,
          0.01387796,  0.        ]],

       [[ 0.        ,  0.0399571 ,  0.1017707 , ..., -0.97003651,
         -0.96614901, -0.98049688],
        [-0.0399571 ,  0.        ,  0.06193979, ..., -0.95955389,
         -0.95506912, -0.9718609 ],
        [-0.1017707 , -0.06193979,  0.        , ..., -0.94027384,
         -0.93487737, -0.95540456],
        ...,
        [ 0.97003651,  0.95955389,  0.94027384, ...,  0.        ,
         -0.01551977,  0.04757495],
        [ 0.96614901,  0.95506912,  0.93487737, ...,  0.01551977,
          0.        ,  0.06307142],
        [ 0.98049688,  0.9718609 ,  0.95540456, ..., -0.04757495,
         -0.06307142,  0.        ]]]), 'num': array([ 9.09996897e-01,  4.14362387e-01,  2.33239770e-06,  2.55403886e-09,
        2.52874750e-03,  2.67154736e-03,  2.52279751e-03,  1.24849679e-02,
       -1.78499824e-05,  2.51803751e-03,  2.54570499e-03,  2.79818307e-03,
        6.46419115e-07,  2.74107058e-03,  2.35033940e-03])}
{'img': array([[[ 0.        , -0.31851843, -0.44439019, ..., -0.66143783,
         -0.76347843, -0.73590635],
        [ 0.31851843,  0.        , -0.13590543, ..., -0.86587677,
         -0.92942375, -0.91324142],
        [ 0.44439019,  0.13590543,  0.        , ..., -0.92583069,
         -0.97095142, -0.96013863],
        ...,
        [ 0.66143783,  0.86587677,  0.92583069, ...,  0.        ,
          0.14543022,  0.10408124],
        [ 0.76347843,  0.92942375,  0.97095142, ..., -0.14543022,
          0.        , -0.04166566],
        [ 0.73590635,  0.91324142,  0.96013863, ..., -0.10408124,
          0.04166566,  0.        ]],

       [[ 0.        , -0.1923364 , -0.19088808, ..., -0.12918211,
          0.19650708,  0.30715421],
        [ 0.1923364 ,  0.        ,  0.00147566, ...,  0.06395463,
          0.38142441,  0.48445816],
        [ 0.19088808, -0.00147566,  0.        , ...,  0.06248193,
          0.38005989,  0.4831667 ],
        ...,
        [ 0.12918211, -0.06395463, -0.06248193, ...,  0.        ,
          0.32152389,  0.42751794],
        [-0.19650708, -0.38142441, -0.38005989, ..., -0.32152389,
          0.        ,  0.11415756],
        [-0.30715421, -0.48445816, -0.4831667 , ..., -0.42751794,
         -0.11415756,  0.        ]],

       [[ 0.        ,  0.15492355,  0.3305345 , ..., -0.85818302,
         -0.82090542, -0.75443081],
        [-0.15492355,  0.        ,  0.18032787, ..., -0.76829267,
         -0.7225229 , -0.6436335 ],
        [-0.3305345 , -0.18032787,  0.        , ..., -0.64027007,
         -0.58600913, -0.49507111],
        ...,
        [ 0.85818302,  0.76829267,  0.64027007, ...,  0.        ,
         -0.06867084, -0.17601141],
        [ 0.82090542,  0.7225229 ,  0.58600913, ...,  0.06867084,
          0.        , -0.10799715],
        [ 0.75443081,  0.6436335 ,  0.49507111, ...,  0.17601141,
          0.10799715,  0.        ]],

       ...,

       [[ 0.        , -0.82321942, -0.84953932, ..., -0.95506805,
         -0.7158513 , -0.87935804],
        [ 0.82321942,  0.        , -0.04803422, ..., -0.29822321,
          0.16840973, -0.10724698],
        [ 0.84953932,  0.04803422,  0.        , ..., -0.25203049,
          0.21556349, -0.059366  ],
        ...,
        [ 0.95506805,  0.29822321,  0.25203049, ...,  0.        ,
          0.45471016,  0.19413636],
        [ 0.7158513 , -0.16840973, -0.21556349, ..., -0.45471016,
          0.        , -0.27315359],
        [ 0.87935804,  0.10724698,  0.059366  , ..., -0.19413636,
          0.27315359,  0.        ]],

       [[ 0.        ,  0.05626481,  0.09924801, ..., -0.90621415,
         -0.90025901, -0.89907315],
        [-0.05626481,  0.        ,  0.04310378, ..., -0.88098877,
         -0.87433775, -0.87301627],
        [-0.09924801, -0.04310378,  0.        , ..., -0.85977598,
         -0.8526061 , -0.85118356],
        ...,
        [ 0.90621415,  0.88098877,  0.85977598, ...,  0.        ,
         -0.01387796, -0.01659391],
        [ 0.90025901,  0.87433775,  0.8526061 , ...,  0.01387796,
          0.        , -0.00271626],
        [ 0.89907315,  0.87301627,  0.85118356, ...,  0.01659391,
          0.00271626,  0.        ]],

       [[ 0.        ,  0.06193979,  0.11208951, ..., -0.95506912,
         -0.9718609 , -0.97805396],
        [-0.06193979,  0.        ,  0.05032484, ..., -0.93487737,
         -0.95540456, -0.96327072],
        [-0.11208951, -0.05032484,  0.        , ..., -0.91582894,
         -0.93933304, -0.94853633],
        ...,
        [ 0.95506912,  0.93487737,  0.91582894, ...,  0.        ,
          0.06307142,  0.0908884 ],
        [ 0.9718609 ,  0.95540456,  0.93933304, ..., -0.06307142,
          0.        ,  0.02789706],
        [ 0.97805396,  0.96327072,  0.94853633, ..., -0.0908884 ,
         -0.02789706,  0.        ]]]), 'num': array([ 9.66285504e-01,  2.56927381e-01,  3.42685083e-06, -2.21513524e-09,
        2.66675986e-03,  2.81491319e-03,  2.64743551e-03,  1.48081954e-02,
       -7.08559383e-05,  2.71442658e-03,  2.75629600e-03,  3.01084059e-03,
        5.86337019e-07,  2.96723354e-03,  2.54535846e-03])}
{'img': array([[[ 0.        , -0.32263322, -0.54324813, ..., -0.77138922,
         -0.7437578 , -0.6181041 ],
        [ 0.32263322,  0.        , -0.24332355, ..., -0.93545051,
         -0.91964858, -0.83867117],
        [ 0.54324813,  0.24332355,  0.        , ..., -0.99334029,
         -0.98757215, -0.94598834],
        ...,
        [ 0.77138922,  0.93545051,  0.99334029, ...,  0.        ,
         -0.04233408, -0.2130472 ],
        [ 0.7437578 ,  0.91964858,  0.98757215, ...,  0.04233408,
          0.        , -0.17149404],
        [ 0.6181041 ,  0.83867117,  0.94598834, ...,  0.2130472 ,
          0.17149404,  0.        ]],

       [[ 0.        ,  0.00147566,  0.0237988 , ...,  0.38142441,
          0.48445816,  0.53586897],
        [-0.00147566,  0.        ,  0.02232354, ...,  0.38005989,
          0.4831667 ,  0.53462249],
        [-0.0237988 , -0.02232354,  0.        , ...,  0.35931676,
          0.46350141,  0.51562384],
        ...,
        [-0.38142441, -0.38005989, -0.35931676, ...,  0.        ,
          0.11415756,  0.17332023],
        [-0.48445816, -0.4831667 , -0.46350141, ..., -0.11415756,
          0.        ,  0.05975733],
        [-0.53586897, -0.53462249, -0.51562384, ..., -0.17332023,
         -0.05975733,  0.        ]],

       [[ 0.        ,  0.18032787, -0.1478476 , ..., -0.7225229 ,
         -0.6436335 , -0.60909976],
        [-0.18032787,  0.        , -0.32376996, ..., -0.58600913,
         -0.49507111, -0.45609764],
        [ 0.1478476 ,  0.32376996,  0.        , ..., -0.81679648,
         -0.74971284, -0.71966284],
        ...,
        [ 0.7225229 ,  0.58600913,  0.81679648, ...,  0.        ,
         -0.10799715, -0.15192901],
        [ 0.6436335 ,  0.49507111,  0.74971284, ...,  0.10799715,
          0.        , -0.04429695],
        [ 0.60909976,  0.45609764,  0.71966284, ...,  0.15192901,
          0.04429695,  0.        ]],

       ...,

       [[ 0.        , -0.07152576,  0.        , ...,  0.30384829,
         -0.15489141, -0.5974607 ],
        [ 0.07152576,  0.        ,  0.07152576, ...,  0.37121411,
         -0.08383214, -0.53857408],
        [ 0.        , -0.07152576,  0.        , ...,  0.30384829,
         -0.15489141, -0.5974607 ],
        ...,
        [-0.30384829, -0.37121411, -0.30384829, ...,  0.        ,
         -0.44774951, -0.81286841],
        [ 0.15489141,  0.08383214,  0.15489141, ...,  0.44774951,
          0.        , -0.46604311],
        [ 0.5974607 ,  0.53857408,  0.5974607 , ...,  0.81286841,
          0.46604311,  0.        ]],

       [[ 0.        ,  0.04310378,  0.04690742, ..., -0.87433775,
         -0.87301627, -0.87251683],
        [-0.04310378,  0.        ,  0.00380749, ..., -0.8526061 ,
         -0.85118356, -0.85064609],
        [-0.04690742, -0.00380749,  0.        , ..., -0.8506103 ,
         -0.84917896, -0.84863818],
        ...,
        [ 0.87433775,  0.8526061 ,  0.8506103 , ...,  0.        ,
         -0.00271626, -0.00373942],
        [ 0.87301627,  0.85118356,  0.84917896, ...,  0.00271626,
          0.        , -0.00102316],
        [ 0.87251683,  0.85064609,  0.84863818, ...,  0.00373942,
          0.00102316,  0.        ]],

       [[ 0.        ,  0.05032484,  0.12524835, ..., -0.95540456,
         -0.96327072, -0.96394394],
        [-0.05032484,  0.        ,  0.07516109, ..., -0.93933304,
         -0.94853633, -0.94933082],
        [-0.12524835, -0.07516109,  0.        , ..., -0.91089531,
         -0.92205216, -0.92302402],
        ...,
        [ 0.95540456,  0.93933304,  0.91089531, ...,  0.        ,
          0.02789706,  0.0304144 ],
        [ 0.96327072,  0.94853633,  0.92205216, ..., -0.02789706,
          0.        ,  0.0025184 ],
        [ 0.96394394,  0.94933082,  0.92302402, ..., -0.0304144 ,
         -0.0025184 ,  0.        ]]]), 'num': array([ 9.83643400e-01,  1.79629096e-01,  3.80148607e-06, -2.68420716e-08,
        2.72547222e-03,  2.80923378e-03,  2.69969943e-03,  1.08250473e-02,
        5.79887706e-05,  2.71645174e-03,  2.75801036e-03,  2.99469046e-03,
        6.36365110e-07,  2.96823934e-03,  2.54778138e-03])}
{'img': array([[[ 0.00000000e+00, -4.55745964e-01, -6.11546113e-01, ...,
         -7.51844329e-01, -6.25505471e-01, -7.31986922e-01],
        [ 4.55745964e-01,  0.00000000e+00, -1.83753031e-01, ...,
         -9.69715917e-01, -9.12350622e-01, -9.62057038e-01],
        [ 6.11546113e-01,  1.83753031e-01,  0.00000000e+00, ...,
         -9.98083060e-01, -9.72045802e-01, -9.95812280e-01],
        ...,
        [ 7.51844329e-01,  9.69715917e-01,  9.98083060e-01, ...,
          0.00000000e+00, -1.74182627e-01, -2.96168467e-02],
        [ 6.25505471e-01,  9.12350622e-01,  9.72045802e-01, ...,
          1.74182627e-01,  0.00000000e+00,  1.44942113e-01],
        [ 7.31986922e-01,  9.62057038e-01,  9.95812280e-01, ...,
          2.96168467e-02, -1.44942113e-01,  0.00000000e+00]],

       [[ 0.00000000e+00,  2.23235352e-02, -7.03829589e-03, ...,
          4.83166703e-01,  5.34622488e-01,  3.60532869e-01],
        [-2.23235352e-02,  0.00000000e+00, -2.93595243e-02, ...,
          4.63501408e-01,  5.15623841e-01,  3.39620824e-01],
        [ 7.03829589e-03,  2.93595243e-02,  0.00000000e+00, ...,
          4.89316963e-01,  5.40557246e-01,  3.67088885e-01],
        ...,
        [-4.83166703e-01, -4.63501408e-01, -4.89316963e-01, ...,
          0.00000000e+00,  5.97573277e-02, -1.35015298e-01],
        [-5.34622488e-01, -5.15623841e-01, -5.40557246e-01, ...,
         -5.97573277e-02,  0.00000000e+00, -1.93984177e-01],
        [-3.60532869e-01, -3.39620824e-01, -3.67088885e-01, ...,
          1.35015298e-01,  1.93984177e-01,  0.00000000e+00]],

       [[ 0.00000000e+00, -3.23769962e-01, -4.60638533e-01, ...,
         -4.95071111e-01, -4.56097636e-01, -4.60638533e-01],
        [ 3.23769962e-01,  0.00000000e+00, -1.48452346e-01, ...,
         -7.49712845e-01, -7.19662835e-01, -7.23200897e-01],
        [ 4.60638533e-01,  1.48452346e-01,  0.00000000e+00, ...,
         -8.39646011e-01, -8.14762639e-01, -8.17714305e-01],
        ...,
        [ 4.95071111e-01,  7.49712845e-01,  8.39646011e-01, ...,
          0.00000000e+00, -4.42969532e-02, -3.91921665e-02],
        [ 4.56097636e-01,  7.19662835e-01,  8.14762639e-01, ...,
          4.42969532e-02,  0.00000000e+00,  5.10922372e-03],
        [ 4.60638533e-01,  7.23200897e-01,  8.17714305e-01, ...,
          3.91921665e-02, -5.10922372e-03,  0.00000000e+00]],

       ...,

       [[ 0.00000000e+00,  7.15257588e-02, -1.22195909e-01, ...,
         -8.38321407e-02, -5.38574076e-01, -3.62874707e-01],
        [-7.15257588e-02,  0.00000000e+00, -1.92872680e-01, ...,
         -1.54891406e-01, -5.97460698e-01, -4.28595711e-01],
        [ 1.22195909e-01,  1.92872680e-01,  0.00000000e+00, ...,
          3.85618633e-02, -4.31578398e-01, -2.46288539e-01],
        ...,
        [ 8.38321407e-02,  1.54891406e-01, -3.85618633e-02, ...,
          0.00000000e+00, -4.66043105e-01, -2.83479379e-01],
        [ 5.38574076e-01,  5.97460698e-01,  4.31578398e-01, ...,
          4.66043105e-01,  0.00000000e+00,  1.96113454e-01],
        [ 3.62874707e-01,  4.28595711e-01,  2.46288539e-01, ...,
          2.83479379e-01, -1.96113454e-01,  0.00000000e+00]],

       [[ 0.00000000e+00,  3.80748963e-03, -1.45584893e-03, ...,
         -8.51183561e-01, -8.50646091e-01, -8.51090545e-01],
        [-3.80748963e-03,  0.00000000e+00, -5.26332398e-03, ...,
         -8.49178961e-01, -8.48638181e-01, -8.49085372e-01],
        [ 1.45584893e-03,  5.26332398e-03,  0.00000000e+00, ...,
         -8.51946787e-01, -8.51410586e-01, -8.51853991e-01],
        ...,
        [ 8.51183561e-01,  8.49178961e-01,  8.51946787e-01, ...,
          0.00000000e+00, -1.02315964e-03, -1.77191603e-04],
        [ 8.50646091e-01,  8.48638181e-01,  8.51410586e-01, ...,
          1.02315964e-03,  0.00000000e+00,  8.45968114e-04],
        [ 8.51090545e-01,  8.49085372e-01,  8.51853991e-01, ...,
          1.77191603e-04, -8.45968114e-04,  0.00000000e+00]],

       [[ 0.00000000e+00,  7.51610947e-02,  1.27030002e-01, ...,
         -9.48536327e-01, -9.49330817e-01, -9.50858939e-01],
        [-7.51610947e-02,  0.00000000e+00,  5.21184802e-02, ...,
         -9.22052162e-01, -9.23024025e-01, -9.24897634e-01],
        [-1.27030002e-01, -5.21184802e-02,  0.00000000e+00, ...,
         -9.00625736e-01, -9.01717366e-01, -9.03824322e-01],
        ...,
        [ 9.48536327e-01,  9.22052162e-01,  9.00625736e-01, ...,
          0.00000000e+00,  2.51840124e-03,  7.41691610e-03],
        [ 9.49330817e-01,  9.23024025e-01,  9.01717366e-01, ...,
         -2.51840124e-03,  0.00000000e+00,  4.89856061e-03],
        [ 9.50858939e-01,  9.24897634e-01,  9.03824322e-01, ...,
         -7.41691610e-03, -4.89856061e-03,  0.00000000e+00]]]), 'num': array([ 9.96795762e-01,  7.93093062e-02,  4.30744815e-06, -4.55914166e-09,
        2.76351342e-03,  2.77648766e-03,  2.67918085e-03,  6.77644629e-03,
        1.94613621e-05,  2.74534948e-03,  2.77973122e-03,  2.99888778e-03,
        6.44732242e-07,  2.98895469e-03,  2.57050775e-03])}
{'img': array([[[ 0.00000000e+00, -2.64114270e-01, -2.18376443e-01, ...,
         -8.14767822e-01, -8.91717413e-01, -9.11257642e-01],
        [ 2.64114270e-01,  0.00000000e+00,  4.71175683e-02, ...,
         -9.38966672e-01, -9.79589934e-01, -9.87672118e-01],
        [ 2.18376443e-01, -4.71175683e-02,  0.00000000e+00, ...,
         -9.21714984e-01, -9.69031022e-01, -9.79199525e-01],
        ...,
        [ 8.14767822e-01,  9.38966672e-01,  9.21714984e-01, ...,
          0.00000000e+00,  1.48248612e-01,  1.92784340e-01],
        [ 8.91717413e-01,  9.79589934e-01,  9.69031022e-01, ...,
         -1.48248612e-01,  0.00000000e+00,  4.51864575e-02],
        [ 9.11257642e-01,  9.87672118e-01,  9.79199525e-01, ...,
         -1.92784340e-01, -4.51864575e-02,  0.00000000e+00]],

       [[ 0.00000000e+00, -2.93595243e-02, -1.34111587e-01, ...,
          5.15623841e-01,  3.39620824e-01,  8.85778296e-02],
        [ 2.93595243e-02,  0.00000000e+00, -1.04959476e-01, ...,
          5.40557246e-01,  3.67088885e-01,  1.17783765e-01],
        [ 1.34111587e-01,  1.04959476e-01,  0.00000000e+00, ...,
          6.25874645e-01,  4.62693091e-01,  2.21362067e-01],
        ...,
        [-5.15623841e-01, -5.40557246e-01, -6.25874645e-01, ...,
          0.00000000e+00, -1.93984177e-01, -4.37702238e-01],
        [-3.39620824e-01, -3.67088885e-01, -4.62693091e-01, ...,
          1.93984177e-01,  0.00000000e+00, -2.54972883e-01],
        [-8.85778296e-02, -1.17783765e-01, -2.21362067e-01, ...,
          4.37702238e-01,  2.54972883e-01,  0.00000000e+00]],

       [[ 0.00000000e+00, -3.41638257e-01, -4.84394689e-01, ...,
         -4.61993571e-01, -4.66584676e-01, -5.01387886e-01],
        [ 3.41638257e-01,  0.00000000e+00, -1.56367316e-01, ...,
         -7.37189379e-01, -7.40682011e-01, -7.66813292e-01],
        [ 4.84394689e-01,  1.56367316e-01,  0.00000000e+00, ...,
         -8.33776428e-01, -8.36627143e-01, -8.57748224e-01],
        ...,
        [ 4.61993571e-01,  7.37189379e-01,  8.33776428e-01, ...,
          0.00000000e+00,  5.18367237e-03,  4.49452397e-02],
        [ 4.66584676e-01,  7.40682011e-01,  8.36627143e-01, ...,
         -5.18367237e-03,  0.00000000e+00,  3.97662018e-02],
        [ 5.01387886e-01,  7.66813292e-01,  8.57748224e-01, ...,
         -4.49452397e-02, -3.97662018e-02,  0.00000000e+00]],

       ...,

       [[ 0.00000000e+00, -1.92872680e-01, -1.45137645e-01, ...,
         -5.97460698e-01, -4.28595711e-01, -4.13544806e-01],
        [ 1.92872680e-01,  0.00000000e+00,  4.84179319e-02, ...,
         -4.31578398e-01, -2.46288539e-01, -2.30172558e-01],
        [ 1.45137645e-01, -4.84179319e-02,  0.00000000e+00, ...,
         -4.74748854e-01, -2.92926176e-01, -2.77020506e-01],
        ...,
        [ 5.97460698e-01,  4.31578398e-01,  4.74748854e-01, ...,
          0.00000000e+00,  1.96113454e-01,  2.12357435e-01],
        [ 4.28595711e-01,  2.46288539e-01,  2.92926176e-01, ...,
         -1.96113454e-01,  0.00000000e+00,  1.65932010e-02],
        [ 4.13544806e-01,  2.30172558e-01,  2.77020506e-01, ...,
         -2.12357435e-01, -1.65932010e-02,  0.00000000e+00]],

       [[ 0.00000000e+00, -5.26332398e-03, -4.12321906e-02, ...,
         -8.48638181e-01, -8.49085372e-01, -8.50143714e-01],
        [ 5.26332398e-03,  0.00000000e+00, -3.59727715e-02, ...,
         -8.51410586e-01, -8.51853991e-01, -8.52903345e-01],
        [ 4.12321906e-02,  3.59727715e-02,  0.00000000e+00, ...,
         -8.69727238e-01, -8.70144440e-01, -8.71131584e-01],
        ...,
        [ 8.48638181e-01,  8.51410586e-01,  8.69727238e-01, ...,
          0.00000000e+00,  8.45968114e-04,  2.85266714e-03],
        [ 8.49085372e-01,  8.51853991e-01,  8.70144440e-01, ...,
         -8.45968114e-04,  0.00000000e+00,  2.00670145e-03],
        [ 8.50143714e-01,  8.52903345e-01,  8.71131584e-01, ...,
         -2.85266714e-03, -2.00670145e-03,  0.00000000e+00]],

       [[ 0.00000000e+00,  5.21184802e-02,  2.41474510e-01, ...,
         -9.23024025e-01, -9.24897634e-01, -9.30457669e-01],
        [-5.21184802e-02,  0.00000000e+00,  1.90570178e-01, ...,
         -9.01717366e-01, -9.03824322e-01, -9.10096912e-01],
        [-2.41474510e-01, -1.90570178e-01,  0.00000000e+00, ...,
         -8.02803662e-01, -8.05714765e-01, -8.14446669e-01],
        ...,
        [ 9.23024025e-01,  9.01717366e-01,  8.02803662e-01, ...,
          0.00000000e+00,  4.89856061e-03,  1.97909833e-02],
        [ 9.24897634e-01,  9.03824322e-01,  8.05714765e-01, ...,
         -4.89856061e-03,  0.00000000e+00,  1.48931447e-02],
        [ 9.30457669e-01,  9.10096912e-01,  8.14446669e-01, ...,
         -1.97909833e-02, -1.48931447e-02,  0.00000000e+00]]]), 'num': array([ 9.99483874e-01,  2.99803774e-02,  4.60571732e-06,  3.92171419e-09,
        2.77000999e-03,  2.79632837e-03,  2.71737322e-03,  8.33525614e-03,
       -3.28979809e-05,  2.77527367e-03,  2.82034390e-03,  3.02573696e-03,
        4.28438821e-07,  3.03143617e-03,  2.60925163e-03])}
{'img': array([[[ 0.00000000e+00,  4.71175683e-02, -1.93757181e-01, ...,
         -9.79589934e-01, -9.87672118e-01, -9.72847781e-01],
        [-4.71175683e-02,  0.00000000e+00, -2.39766652e-01, ...,
         -9.69031022e-01, -9.79199525e-01, -9.60862121e-01],
        [ 1.93757181e-01,  2.39766652e-01,  0.00000000e+00, ...,
         -9.99972659e-01, -9.99285394e-01, -9.99256147e-01],
        ...,
        [ 9.79589934e-01,  9.69031022e-01,  9.99972659e-01, ...,
          0.00000000e+00,  4.51864575e-02, -3.11734552e-02],
        [ 9.87672118e-01,  9.79199525e-01,  9.99285394e-01, ...,
         -4.51864575e-02,  0.00000000e+00, -7.63061101e-02],
        [ 9.72847781e-01,  9.60862121e-01,  9.99256147e-01, ...,
          3.11734552e-02,  7.63061101e-02,  0.00000000e+00]],

       [[ 0.00000000e+00, -1.04959476e-01,  5.84031945e-02, ...,
          3.67088885e-01,  1.17783765e-01,  2.17497050e-01],
        [ 1.04959476e-01,  0.00000000e+00,  1.62860923e-01, ...,
          4.62693091e-01,  2.21362067e-01,  3.18742554e-01],
        [-5.84031945e-02, -1.62860923e-01,  0.00000000e+00, ...,
          3.12136466e-01,  5.95860514e-02,  1.60120720e-01],
        ...,
        [-3.67088885e-01, -4.62693091e-01, -3.12136466e-01, ...,
          0.00000000e+00, -2.54972883e-01, -1.55988454e-01],
        [-1.17783765e-01, -2.21362067e-01, -5.95860514e-02, ...,
          2.54972883e-01,  0.00000000e+00,  1.01018974e-01],
        [-2.17497050e-01, -3.18742554e-01, -1.60120720e-01, ...,
          1.55988454e-01, -1.01018974e-01,  0.00000000e+00]],

       [[ 0.00000000e+00, -3.59869934e-01, -5.28978484e-01, ...,
         -4.73314899e-01, -5.08533537e-01, -4.77904295e-01],
        [ 3.59869934e-01,  0.00000000e+00, -1.88139932e-01, ...,
         -7.58610989e-01, -7.84326246e-01, -7.61999930e-01],
        [ 5.28978484e-01,  1.88139932e-01,  0.00000000e+00, ...,
         -8.67645304e-01, -8.87032267e-01, -8.70227425e-01],
        ...,
        [ 4.73314899e-01,  7.58610989e-01,  8.67645304e-01, ...,
          0.00000000e+00,  4.04196914e-02,  5.21724689e-03],
        [ 5.08533537e-01,  7.84326246e-01,  8.87032267e-01, ...,
         -4.04196914e-02,  0.00000000e+00, -3.52061579e-02],
        [ 4.77904295e-01,  7.61999930e-01,  8.70227425e-01, ...,
         -5.21724689e-03,  3.52061579e-02,  0.00000000e+00]],

       ...,

       [[ 0.00000000e+00,  4.84179319e-02, -1.07159502e-01, ...,
         -2.46288539e-01, -2.30172558e-01, -8.78310413e-01],
        [-4.84179319e-02,  0.00000000e+00, -1.55172955e-01, ...,
         -2.92926176e-01, -2.77020506e-01, -9.00428467e-01],
        [ 1.07159502e-01,  1.55172955e-01,  0.00000000e+00, ...,
         -1.41011752e-01, -1.24564937e-01, -8.22020991e-01],
        ...,
        [ 2.46288539e-01,  2.92926176e-01,  1.41011752e-01, ...,
          0.00000000e+00,  1.65932010e-02, -7.33507137e-01],
