state_0,state_1,state_2,state_3,state_4,state_5,state_6,state_7,state_8,state_9,state_10,state_11,state_12,state_13,state_14,state_15,state_16,state_17,state_18,state_19,state_20,state_21,state_22,state_23,state_24,state_25,state_26,state_27,state_28,state_29,state_30,state_31,state_32,state_33,state_34,state_35,state_36,state_37,state_38,state_39,state_40,state_41,state_42,state_43,state_44,state_45,state_46,state_47,state_48,state_49,state_50,state_51,state_52,state_53,state_54,state_55,state_56,state_57,state_58,state_59,state_60,state_61,state_62,state_63,state_64,state_65,state_66,state_67,state_68,state_69,state_70,state_71,state_72,state_73,state_74,state_75,state_76,state_77,state_78,state_79,state_80,state_81,state_82,state_83,state_84,state_85,state_86,state_87,state_88,state_89,state_90,state_91,state_92,state_93,state_94,state_95,state_96,state_97,state_98,state_99,state_100,state_101,state_102,state_103,state_104,state_105,state_106,state_107,state_108,state_109,state_110,state_111,state_112,state_113,state_114,state_115,state_116,state_117,state_118,state_119,state_120,state_121,state_122,state_123,state_124,state_125,state_126,state_127,state_128,state_129,state_130,state_131,state_132,state_133,state_134,state_135,state_136,state_137,state_138,state_139,state_140,state_141,state_142,state_143,state_144,state_145,state_146,state_147,state_148,state_149,state_150,state_151,state_152,state_153,state_154,state_155,state_156,state_157,state_158,state_159,state_160,state_161,state_162,state_163,state_164,state_165,state_166,state_167,state_168,state_169,state_170,state_171,state_172,state_173,state_174,state_175,state_176,state_177,state_178,state_179,state_180,state_181,state_182,state_183,state_184,state_185,state_186,state_187,state_188,state_189,state_190,state_191,state_192,state_193,state_194,state_195,state_196,state_197,state_198,state_199,state_200,state_201,state_202,state_203,state_204,state_205,state_206,state_207,state_208,state_209,state_210,state_211,state_212,state_213,state_214,state_215,state_216,state_217,state_218,state_219,state_220,state_221,state_222,state_223,state_224,state_225,state_226,state_227,state_228,state_229,state_230,state_231,state_232,state_233,state_234,state_235,state_236,state_237,state_238,state_239,state_240,state_241,state_242,state_243,state_244,state_245,state_246,state_247,state_248,state_249,state_250,state_251,state_252,state_253,state_254,state_255,state_256,state_257,state_258,state_259,state_260,state_261,state_262,state_263,state_264,state_265,state_266,state_267,state_268,state_269,state_270,state_271,state_272,state_273,state_274,state_275,state_276,state_277,state_278,state_279,state_280,state_281,state_282,state_283,state_284,state_285,state_286,state_287
{'img': array([[[ 0.        ,  0.17107514,  0.4618119 , ...,  0.63323965,
          0.6210338 ,  0.58188956],
        [-0.17107514,  0.        ,  0.303264  , ...,  0.75630902,
          0.74596443,  0.71244124],
        [-0.4618119 , -0.303264  ,  0.        , ...,  0.91909155,
          0.91280392,  0.89169993],
        ...,
        [-0.63323965, -0.75630902, -0.91909155, ...,  0.        ,
          0.01567028,  0.06463664],
        [-0.6210338 , -0.74596443, -0.91280392, ..., -0.01567028,
          0.        ,  0.0489912 ],
        [-0.58188956, -0.71244124, -0.89169993, ..., -0.06463664,
         -0.0489912 ,  0.        ]],

       [[ 0.        ,  0.16102572,  0.25376244, ...,  0.22380979,
          0.00584506, -0.13205312],
        [-0.16102572,  0.        ,  0.0946961 , ...,  0.06394817,
         -0.15525419, -0.28994542],
        [-0.25376244, -0.0946961 ,  0.        , ..., -0.03084147,
         -0.24810437, -0.37927072],
        ...,
        [-0.22380979, -0.06394817,  0.03084147, ...,  0.        ,
         -0.21810918, -0.35055312],
        [-0.00584506,  0.15525419,  0.24810437, ...,  0.21810918,
          0.        , -0.13784474],
        [ 0.13205312,  0.28994542,  0.37927072, ...,  0.35055312,
          0.13784474,  0.        ]],

       [[ 0.        ,  0.23224948,  0.36086726, ...,  0.61431293,
          0.61179595,  0.5936986 ],
        [-0.23224948,  0.        ,  0.13439995, ...,  0.78077466,
          0.77878012,  0.7643529 ],
        [-0.36086726, -0.13439995,  0.        , ...,  0.85766562,
          0.85602306,  0.84407889],
        ...,
        [-0.61431293, -0.78077466, -0.85766562, ...,  0.        ,
          0.00318588,  0.02586463],
        [-0.61179595, -0.77878012, -0.85602306, ..., -0.00318588,
          0.        ,  0.02267968],
        [-0.5936986 , -0.7643529 , -0.84407889, ..., -0.02586463,
         -0.02267968,  0.        ]],

       ...,

       [[ 0.        ,  0.35710059,  0.89810754, ...,  0.9990073 ,
          0.9803474 ,  0.9966668 ],
        [-0.35710059,  0.        ,  0.68184742, ...,  0.91723098,
          0.8452607 ,  0.96008475],
        [-0.89810754, -0.68184742,  0.        , ...,  0.39933148,
          0.25395549,  0.51157759],
        ...,
        [-0.9990073 , -0.91723098, -0.39933148, ...,  0.        ,
         -0.15341168,  0.1258973 ],
        [-0.9803474 , -0.8452607 , -0.25395549, ...,  0.15341168,
          0.        ,  0.276598  ],
        [-0.9966668 , -0.96008475, -0.51157759, ..., -0.1258973 ,
         -0.276598  ,  0.        ]],

       [[ 0.        ,  0.02824471,  0.04756789, ...,  0.36804184,
          0.34342225,  0.22167299],
        [-0.02824471,  0.        ,  0.01933618, ...,  0.39415719,
          0.36981213,  0.24912656],
        [-0.04756789, -0.01933618,  0.        , ...,  0.41185429,
          0.38770837,  0.26780652],
        ...,
        [-0.36804184, -0.39415719, -0.41185429, ...,  0.        ,
          0.02634077,  0.15277175],
        [-0.34342225, -0.36981213, -0.38770837, ..., -0.02634077,
          0.        ,  0.12668718],
        [-0.22167299, -0.24912656, -0.26780652, ..., -0.15277175,
         -0.12668718,  0.        ]],

       [[ 0.        ,  0.03377033,  0.11555329, ...,  0.79848967,
          0.70392615,  0.48422789],
        [-0.03377033,  0.        ,  0.08194327, ...,  0.81836425,
          0.72751081,  0.51349877],
        [-0.11555329, -0.08194327,  0.        , ...,  0.86270488,
          0.78128515,  0.5820866 ],
        ...,
        [-0.79848967, -0.81836425, -0.86270488, ...,  0.        ,
          0.14337625,  0.40712277],
        [-0.70392615, -0.72751081, -0.78128515, ..., -0.14337625,
          0.        ,  0.27196042],
        [-0.48422789, -0.51349877, -0.5820866 , ..., -0.40712277,
         -0.27196042,  0.        ]]]), 'num': array([7.07105129e-01, 7.07105129e-01, 0.00000000e+00, 0.00000000e+00,
       4.95694309e-04, 4.96495107e-04, 4.67666359e-04, 1.70873596e-03,
       2.56255539e-05, 4.72150831e-04, 4.64222926e-04, 4.11770620e-04,
       4.97047382e-07, 5.03211537e-04, 4.25234314e-04])}
{'img': array([[[ 0.        ,  0.4211807 ,  0.19199784, ...,  0.7383492 ,
          0.71185587,  0.        ],
        [-0.4211807 ,  0.        , -0.23920721, ...,  0.95371766,
          0.9414427 ,  0.4211807 ],
        [-0.19199784,  0.23920721,  0.        , ...,  0.85409939,
          0.83345703,  0.19199784],
        ...,
        [-0.7383492 , -0.95371766, -0.85409939, ...,  0.        ,
          0.03847269,  0.7383492 ],
        [-0.71185587, -0.9414427 , -0.83345703, ..., -0.03847269,
          0.        ,  0.71185587],
        [-0.        , -0.4211807 , -0.19199784, ..., -0.7383492 ,
         -0.71185587,  0.        ]],

       [[ 0.        ,  0.0946961 , -0.36171831, ..., -0.15525419,
         -0.28994542,  0.25448408],
        [-0.0946961 ,  0.        , -0.44837681, ..., -0.24810437,
         -0.37927072,  0.16176207],
        [ 0.36171831,  0.44837681,  0.        , ...,  0.21259079,
          0.07586757,  0.58706175],
        ...,
        [ 0.15525419,  0.24810437, -0.21259079, ...,  0.        ,
         -0.13784474,  0.40154109],
        [ 0.28994542,  0.37927072, -0.07586757, ...,  0.13784474,
          0.        ,  0.52395179],
        [-0.25448408, -0.16176207, -0.58706175, ..., -0.40154109,
         -0.52395179,  0.        ]],

       [[ 0.        ,  0.28202879,  0.34226364, ...,  0.61552314,
          0.59735062,  0.4800745 ],
        [-0.28202879,  0.        ,  0.06337439, ...,  0.81280876,
          0.79928324,  0.7079898 ],
        [-0.34226364, -0.06337439,  0.        , ...,  0.84809239,
          0.83576167,  0.75132305],
        ...,
        [-0.61552314, -0.81280876, -0.84809239, ...,  0.        ,
          0.02285411,  0.16159822],
        [-0.59735062, -0.79928324, -0.83576167, ..., -0.02285411,
          0.        ,  0.13900228],
        [-0.4800745 , -0.7079898 , -0.75132305, ..., -0.16159822,
         -0.13900228,  0.        ]],

       ...,

       [[ 0.        ,  0.87236271,  0.85497761, ...,  0.97124181,
          0.99873566,  0.99495588],
        [-0.87236271,  0.        , -0.03450028, ...,  0.26709507,
          0.53209489,  0.39888358],
        [-0.85497761,  0.03450028,  0.        , ...,  0.30018295,
          0.56098899,  0.43028292],
        ...,
        [-0.97124181, -0.26709507, -0.30018295, ...,  0.        ,
          0.28661867,  0.13946561],
        [-0.99873566, -0.53209489, -0.56098899, ..., -0.28661867,
          0.        , -0.15020322],
        [-0.99495588, -0.39888358, -0.43028292, ..., -0.13946561,
          0.15020322,  0.        ]],

       [[ 0.        ,  0.01916387, -0.01485684, ...,  0.51691022,
          0.4921187 ,  0.24697804],
        [-0.01916387,  0.        , -0.03401587, ...,  0.53322033,
          0.50871102,  0.26550288],
        [ 0.01485684,  0.03401587,  0.        , ...,  0.50413512,
          0.47913109,  0.23255419],
        ...,
        [-0.51691022, -0.53322033, -0.50413512, ...,  0.        ,
          0.02871177,  0.28947391],
        [-0.4921187 , -0.50871102, -0.47913109, ..., -0.02871177,
          0.        ,  0.26187207],
        [-0.24697804, -0.26550288, -0.23255419, ..., -0.28947391,
         -0.26187207,  0.        ]],

       [[ 0.        ,  0.08063601,  0.15771473, ...,  0.82517291,
          0.76725659,  0.50651108],
        [-0.08063601,  0.        ,  0.07757432, ...,  0.86803552,
          0.81647323,  0.57438875],
        [-0.15771473, -0.07757432,  0.        , ...,  0.90393557,
          0.85880296,  0.63615887],
        ...,
        [-0.82517291, -0.86803552, -0.90393557, ...,  0.        ,
          0.09580853,  0.42537359],
        [-0.76725659, -0.81647323, -0.85880296, ..., -0.09580853,
          0.        ,  0.33670835],
        [-0.50651108, -0.57438875, -0.63615887, ..., -0.42537359,
         -0.33670835,  0.        ]]]), 'num': array([ 8.72378871e-01,  4.88817648e-01,  6.00252306e-06, -5.97683239e-11,
        6.22664324e-04,  6.33383115e-04,  5.86610208e-04,  3.11433503e-03,
        1.94887112e-05,  5.86999982e-04,  5.70093525e-04,  5.04871305e-04,
        6.74045652e-07,  6.18856115e-04,  5.21330935e-04])}
{'img': array([[[ 0.        , -0.22873988, -0.40369502, ...,  0.98459476,
          0.84556469,  0.40369502],
        [ 0.22873988,  0.        , -0.18371943, ...,  0.91849519,
          0.70102868,  0.18371943],
        [ 0.40369502,  0.18371943,  0.        , ...,  0.83021266,
          0.55807987,  0.        ],
        ...,
        [-0.98459476, -0.91849519, -0.83021266, ...,  0.        ,
          0.37780002,  0.83021266],
        [-0.84556469, -0.70102868, -0.55807987, ..., -0.37780002,
          0.        ,  0.55807987],
        [-0.40369502, -0.18371943, -0.        , ..., -0.83021266,
         -0.55807987,  0.        ]],

       [[ 0.        , -0.44837681, -0.02394334, ..., -0.37927072,
          0.16176207,  0.52968756],
        [ 0.44837681,  0.        ,  0.42684664, ...,  0.07586757,
          0.58706175,  0.85376838],
        [ 0.02394334, -0.42684664,  0.        , ..., -0.35700756,
          0.1853437 ,  0.54984428],
        ...,
        [ 0.37927072, -0.07586757,  0.35700756, ...,  0.        ,
          0.52395179,  0.81180706],
        [-0.16176207, -0.58706175, -0.1853437 , ..., -0.52395179,
          0.        ,  0.38550603],
        [-0.52968756, -0.85376838, -0.54984428, ..., -0.81180706,
         -0.38550603,  0.        ]],

       [[ 0.        ,  0.19984   ,  0.19984   , ...,  0.60758961,
          0.49145553,  0.        ],
        [-0.19984   ,  0.        ,  0.        , ...,  0.75405679,
          0.65558335,  0.19984   ],
        [-0.19984   ,  0.        ,  0.        , ...,  0.75405679,
          0.65558335,  0.19984   ],
        ...,
        [-0.60758961, -0.75405679, -0.75405679, ...,  0.        ,
          0.13881231,  0.60758961],
        [-0.49145553, -0.65558335, -0.65558335, ..., -0.13881231,
          0.        ,  0.49145553],
        [-0.        , -0.19984   , -0.19984   , ..., -0.60758961,
         -0.49145553,  0.        ]],

       ...,

       [[ 0.        , -0.04824538, -0.71976377, ...,  0.63384888,
          0.49036141,  0.740461  ],
        [ 0.04824538,  0.        , -0.68543276, ...,  0.67042649,
          0.53183716,  0.77202442],
        [ 0.71976377,  0.68543276,  0.        , ...,  0.99673624,
          0.96770618,  0.99779489],
        ...,
        [-0.63384888, -0.67042649, -0.99673624, ...,  0.        ,
         -0.17313803,  0.14670527],
        [-0.49036141, -0.53183716, -0.96770618, ...,  0.17313803,
          0.        ,  0.31575439],
        [-0.740461  , -0.77202442, -0.99779489, ..., -0.14670527,
         -0.31575439,  0.        ]],

       [[ 0.        , -0.0334727 , -0.15633463, ...,  0.64937564,
          0.58075667,  0.26140154],
        [ 0.0334727 ,  0.        , -0.1231859 , ...,  0.62355684,
          0.55318188,  0.2289462 ],
        [ 0.15633463,  0.1231859 ,  0.        , ...,  0.52250356,
          0.44634732,  0.10728848],
        ...,
        [-0.64937564, -0.62355684, -0.52250356, ...,  0.        ,
          0.08699515,  0.42800949],
        [-0.58075667, -0.55318188, -0.44634732, ..., -0.08699515,
          0.        ,  0.34776282],
        [-0.26140154, -0.2289462 , -0.10728848, ..., -0.42800949,
         -0.34776282,  0.        ]],

       [[ 0.        ,  0.07660058,  0.16712845, ...,  0.87258428,
          0.78693572,  0.56852806],
        [-0.07660058,  0.        ,  0.09111421, ...,  0.9074371 ,
          0.83188883,  0.62987418],
        [-0.16712845, -0.09111421,  0.        , ...,  0.94194766,
          0.87899168,  0.69802233],
        ...,
        [-0.87258428, -0.9074371 , -0.94194766, ...,  0.        ,
          0.15402557,  0.4401383 ],
        [-0.78693572, -0.83188883, -0.87899168, ..., -0.15402557,
          0.        ,  0.29658189],
        [-0.56852806, -0.62987418, -0.69802233, ..., -0.4401383 ,
         -0.29658189,  0.        ]]]), 'num': array([8.84555587e-01, 4.66430465e-01, 6.48256004e-06, 1.36602805e-08,
       6.34484253e-04, 6.47272307e-04, 6.28582074e-04, 1.08197763e-03,
       5.90217910e-06, 6.04776618e-04, 5.81118717e-04, 5.13456791e-04,
       6.63604792e-07, 6.30389541e-04, 5.31847893e-04])}
{'img': array([[[ 0.        , -0.18143744,  0.10643121, ...,  0.75245814,
          0.47884911,  0.18143744],
        [ 0.18143744,  0.        ,  0.2850716 , ...,  0.62046724,
          0.31161798,  0.        ],
        [-0.10643121, -0.2850716 ,  0.        , ...,  0.81828409,
          0.56956494,  0.2850716 ],
        ...,
        [-0.75245814, -0.62046724, -0.81828409, ...,  0.        ,
          0.3451917 ,  0.62046724],
        [-0.47884911, -0.31161798, -0.56956494, ..., -0.3451917 ,
          0.        ,  0.31161798],
        [-0.18143744, -0.        , -0.2850716 , ..., -0.62046724,
         -0.31161798,  0.        ]],

       [[ 0.        ,  0.42684664,  0.13275529, ...,  0.58706175,
          0.85376838,  0.12302503],
        [-0.42684664,  0.        , -0.30301476, ...,  0.1853437 ,
          0.54984428, -0.31234964],
        [-0.13275529,  0.30301476,  0.        , ...,  0.47439458,
          0.77709211, -0.00981071],
        ...,
        [-0.58706175, -0.1853437 , -0.47439458, ...,  0.        ,
          0.38550603, -0.48300823],
        [-0.85376838, -0.54984428, -0.77709211, ..., -0.38550603,
          0.        , -0.78322944],
        [-0.12302503,  0.31234964,  0.00981071, ...,  0.48300823,
          0.78322944,  0.        ]],

       [[ 0.        ,  0.        ,  0.15735611, ...,  0.65166718,
          0.47280117,  0.        ],
        [ 0.        ,  0.        ,  0.15735611, ...,  0.65166718,
          0.47280117,  0.        ],
        [-0.15735611, -0.15735611,  0.        , ...,  0.76290406,
          0.60556832,  0.15735611],
        ...,
        [-0.65166718, -0.65166718, -0.76290406, ...,  0.        ,
          0.21560695,  0.65166718],
        [-0.47280117, -0.47280117, -0.60556832, ..., -0.21560695,
          0.        ,  0.47280117],
        [-0.        , -0.        , -0.15735611, ..., -0.65166718,
         -0.47280117,  0.        ]],

       ...,

       [[ 0.        , -0.68543276,  0.1488525 , ...,  0.53183716,
          0.77202442,  0.72096836],
        [ 0.68543276,  0.        ,  0.78618149, ...,  0.96770618,
          0.99779489,  0.99994592],
        [-0.1488525 , -0.78618149,  0.        , ...,  0.39985694,
          0.66881403,  0.60978633],
        ...,
        [-0.53183716, -0.96770618, -0.39985694, ...,  0.        ,
          0.31575439,  0.2420035 ],
        [-0.77202442, -0.99779489, -0.66881403, ..., -0.31575439,
          0.        , -0.07674587],
        [-0.72096836, -0.99994592, -0.60978633, ..., -0.2420035 ,
          0.07674587,  0.        ]],

       [[ 0.        , -0.12156719, -0.2259844 , ...,  0.65008515,
          0.52452367,  0.2259844 ],
        [ 0.12156719,  0.        , -0.10588596, ...,  0.55288939,
          0.41713158,  0.10588596],
        [ 0.2259844 ,  0.10588596,  0.        , ...,  0.46155122,
          0.31855254,  0.        ],
        ...,
        [-0.65008515, -0.55288939, -0.46155122, ...,  0.        ,
          0.15491453,  0.46155122],
        [-0.52452367, -0.41713158, -0.31855254, ..., -0.15491453,
          0.        ,  0.31855254],
        [-0.2259844 , -0.10588596, -0.        , ..., -0.46155122,
         -0.31855254,  0.        ]],

       [[ 0.        ,  0.08950186,  0.13964873, ...,  0.90587948,
          0.85394919,  0.62128148],
        [-0.08950186,  0.        ,  0.05046343, ...,  0.9401511 ,
          0.89709486,  0.6889206 ],
        [-0.13964873, -0.05046343,  0.        , ...,  0.95614907,
          0.91824854,  0.72462061],
        ...,
        [-0.90587948, -0.9401511 , -0.95614907, ...,  0.        ,
          0.10970234,  0.44670101],
        [-0.85394919, -0.89709486, -0.91824854, ..., -0.10970234,
          0.        ,  0.34585609],
        [-0.62128148, -0.6889206 , -0.72462061, ..., -0.44670101,
         -0.34585609,  0.        ]]]), 'num': array([9.17323524e-01, 3.98128955e-01, 7.74917267e-06, 1.83268621e-08,
       6.69065166e-04, 6.89037261e-04, 6.40105629e-04, 2.79422584e-03,
       2.49651181e-05, 6.31118187e-04, 5.96216952e-04, 5.25632241e-04,
       7.18174632e-07, 6.52432189e-04, 5.40001714e-04])}
{'img': array([[[ 0.        ,  0.27161492,  0.63265215, ...,  0.64174595,
          0.58361559,  0.        ],
        [-0.27161492,  0.        ,  0.39851984, ...,  0.82592634,
          0.78223463,  0.27161492],
        [-0.63265215, -0.39851984,  0.        , ...,  0.9821831 ,
          0.96570555,  0.63265215],
        ...,
        [-0.64174595, -0.82592634, -0.9821831 , ...,  0.        ,
          0.07353212,  0.64174595],
        [-0.58361559, -0.78223463, -0.96570555, ..., -0.07353212,
          0.        ,  0.58361559],
        [-0.        , -0.27161492, -0.63265215, ..., -0.64174595,
         -0.58361559,  0.        ]],

       [[ 0.        , -0.30301476,  0.66913035, ...,  0.54984428,
         -0.31234964,  0.42517261],
        [ 0.30301476,  0.        ,  0.86285568, ...,  0.77709211,
         -0.00981071,  0.67944587],
        [-0.66913035, -0.86285568,  0.        , ..., -0.15028857,
         -0.86777298, -0.28967318],
        ...,
        [-0.54984428, -0.77709211,  0.15028857, ...,  0.        ,
         -0.78322944, -0.14253808],
        [ 0.31234964,  0.00981071,  0.86777298, ...,  0.78322944,
          0.        ,  0.68661154],
        [-0.42517261, -0.67944587,  0.28967318, ...,  0.14253808,
         -0.68661154,  0.        ]],

       [[ 0.        ,  0.15128307,  0.35367167, ...,  0.67486945,
          0.5304436 ,  0.        ],
        [-0.15128307,  0.        ,  0.20809549, ...,  0.77873942,
          0.65258416,  0.15128307],
        [-0.35367167, -0.20809549,  0.        , ...,  0.89223985,
          0.79597546,  0.35367167],
        ...,
        [-0.67486945, -0.77873942, -0.89223985, ...,  0.        ,
          0.18066645,  0.67486945],
        [-0.5304436 , -0.65258416, -0.79597546, ..., -0.18066645,
          0.        ,  0.5304436 ],
        [-0.        , -0.15128307, -0.35367167, ..., -0.67486945,
         -0.5304436 ,  0.        ]],

       ...,

       [[ 0.        ,  0.78618149,  0.93978285, ...,  0.99779489,
          0.99994592,  0.98189635],
        [-0.78618149,  0.        ,  0.84947669, ...,  0.66881403,
          0.60978633,  0.75572542],
        [-0.93978285, -0.84947669,  0.        , ..., -0.27864246,
         -0.351527  , -0.15757211],
        ...,
        [-0.99779489, -0.66881403,  0.27864246, ...,  0.        ,
         -0.07674587,  0.12383006],
        [-0.99994592, -0.60978633,  0.351527  , ...,  0.07674587,
          0.        ,  0.19962004],
        [-0.98189635, -0.75572542,  0.15757211, ..., -0.12383006,
         -0.19962004,  0.        ]],

       [[ 0.        , -0.10301391,  0.17425569, ...,  0.62132497,
          0.54023469,  0.10301391],
        [ 0.10301391,  0.        ,  0.27476648, ...,  0.53730261,
          0.4506729 ,  0.        ],
        [-0.17425569, -0.27476648,  0.        , ...,  0.74835754,
          0.678608  ,  0.27476648],
        ...,
        [-0.62132497, -0.53730261, -0.74835754, ...,  0.        ,
          0.09955141,  0.53730261],
        [-0.54023469, -0.4506729 , -0.678608  , ..., -0.09955141,
          0.        ,  0.4506729 ],
        [-0.10301391, -0.        , -0.27476648, ..., -0.53730261,
         -0.4506729 ,  0.        ]],

       [[ 0.        ,  0.05044835,  0.00528109, ...,  0.89826138,
          0.72082889,  0.68877271],
        [-0.05044835,  0.        , -0.04517327, ...,  0.91928771,
          0.75487745,  0.72446958],
        [-0.00528109,  0.04517327,  0.        , ...,  0.90056969,
          0.72447924,  0.69259178],
        ...,
        [-0.89826138, -0.91928771, -0.90056969, ...,  0.        ,
          0.30582008,  0.34853001],
        [-0.72082889, -0.75487745, -0.72447924, ..., -0.30582008,
          0.        ,  0.04518726],
        [-0.68877271, -0.72446958, -0.69259178, ..., -0.34853001,
         -0.04518726,  0.        ]]]), 'num': array([9.84648964e-01, 1.74523570e-01, 1.20914238e-05, 4.31830060e-08,
       7.18196271e-04, 7.46066574e-04, 7.05333054e-04, 2.07471896e-03,
       0.00000000e+00, 6.95256868e-04, 6.45894273e-04, 5.68982956e-04,
       8.03951050e-07, 7.12300522e-04, 5.79488025e-04])}
{'img': array([[[ 0.        ,  0.58859354,  0.5832948 , ...,  0.58859354,
          0.        ,  0.        ],
        [-0.58859354,  0.        , -0.00653881, ...,  0.95167232,
          0.58859354,  0.58859354],
        [-0.5832948 ,  0.00653881,  0.        , ...,  0.94964381,
          0.5832948 ,  0.5832948 ],
        ...,
        [-0.58859354, -0.95167232, -0.94964381, ...,  0.        ,
          0.58859354,  0.58859354],
        [-0.        , -0.58859354, -0.5832948 , ..., -0.58859354,
          0.        ,  0.        ],
        [-0.        , -0.58859354, -0.5832948 , ..., -0.58859354,
          0.        ,  0.        ]],

       [[ 0.        ,  0.86285568,  0.30815415, ..., -0.00981071,
          0.67944587,  0.40101833],
        [-0.86285568,  0.        , -0.66510942, ..., -0.86777298,
         -0.28967318, -0.58774137],
        [-0.30815415,  0.66510942,  0.        , ..., -0.31747261,
          0.42028101,  0.09921257],
        ...,
        [ 0.00981071,  0.86777298,  0.31747261, ...,  0.        ,
          0.68661154,  0.40998633],
        [-0.67944587,  0.28967318, -0.42028101, ..., -0.68661154,
          0.        , -0.32818256],
        [-0.40101833,  0.58774137, -0.09921257, ..., -0.40998633,
          0.32818256,  0.        ]],

       [[ 0.        ,  0.31149206,  0.39678761, ...,  0.69424925,
          0.5063043 ,  0.        ],
        [-0.31149206,  0.        ,  0.09112512, ...,  0.88390111,
          0.74973173,  0.31149206],
        [-0.39678761, -0.09112512,  0.        , ...,  0.92284044,
          0.80691374,  0.39678761],
        ...,
        [-0.69424925, -0.88390111, -0.92284044, ...,  0.        ,
          0.23428449,  0.69424925],
        [-0.5063043 , -0.74973173, -0.80691374, ..., -0.23428449,
          0.        ,  0.5063043 ],
        [-0.        , -0.31149206, -0.39678761, ..., -0.69424925,
         -0.5063043 ,  0.        ]],

       ...,

       [[ 0.        ,  0.87873124,  0.83358846, ...,  0.64518783,
          0.78941477,  0.87122079],
        [-0.87873124,  0.        , -0.08751298, ..., -0.36341271,
         -0.16261712, -0.01551318],
        [-0.83358846,  0.08751298,  0.        , ..., -0.28048887,
         -0.0756451 ,  0.07204878],
        ...,
        [-0.64518783,  0.36341271,  0.28048887, ...,  0.        ,
          0.20707671,  0.34891645],
        [-0.78941477,  0.16261712,  0.0756451 , ..., -0.20707671,
          0.        ,  0.14729086],
        [-0.87122079,  0.01551318, -0.07204878, ..., -0.34891645,
         -0.14729086,  0.        ]],

       [[ 0.        ,  0.26853823,  0.36110526, ...,  0.59159129,
          0.41756448,  0.        ],
        [-0.26853823,  0.        ,  0.09742289, ...,  0.78636729,
          0.64623346,  0.26853823],
        [-0.36110526, -0.09742289,  0.        , ...,  0.84281049,
          0.71750666,  0.36110526],
        ...,
        [-0.59159129, -0.78636729, -0.84281049, ...,  0.        ,
          0.20089147,  0.59159129],
        [-0.41756448, -0.64623346, -0.71750666, ..., -0.20089147,
          0.        ,  0.41756448],
        [-0.        , -0.26853823, -0.36110526, ..., -0.59159129,
         -0.41756448,  0.        ]],

       [[ 0.        , -0.04517327, -0.08048161, ...,  0.75487745,
          0.72446958,  0.76344697],
        [ 0.04517327,  0.        , -0.03537272, ...,  0.72447924,
          0.69259178,  0.73349153],
        [ 0.08048161,  0.03537272,  0.        , ...,  0.69964356,
          0.66664295,  0.70898972],
        ...,
        [-0.75487745, -0.72447924, -0.69964356, ...,  0.        ,
          0.04518726, -0.01316572],
        [-0.72446958, -0.69259178, -0.66664295, ..., -0.04518726,
          0.        , -0.05833562],
        [-0.76344697, -0.73349153, -0.70898972, ...,  0.01316572,
          0.05833562,  0.        ]]]), 'num': array([9.92764304e-01, 1.20055053e-01, 1.25750613e-05, 4.22075119e-08,
       7.27257709e-04, 7.28305631e-04, 6.93724212e-04, 1.49845478e-03,
       2.51501225e-05, 6.95400887e-04, 6.39179884e-04, 5.61214505e-04,
       8.39639183e-07, 7.10652374e-04, 5.67707394e-04])}
{'img': array([[[ 0.        , -0.03630251, -0.12355951, ...,  0.67432947,
          0.67432947,  0.12355951],
        [ 0.03630251,  0.        , -0.08745373, ...,  0.6470781 ,
          0.6470781 ,  0.08745373],
        [ 0.12355951,  0.08745373,  0.        , ...,  0.57792207,
          0.57792207,  0.        ],
        ...,
        [-0.67432947, -0.6470781 , -0.57792207, ...,  0.        ,
          0.        ,  0.57792207],
        [-0.67432947, -0.6470781 , -0.57792207, ...,  0.        ,
          0.        ,  0.57792207],
        [-0.12355951, -0.08745373, -0.        , ..., -0.57792207,
         -0.57792207,  0.        ]],

       [[ 0.        , -0.66510942, -0.86329213, ..., -0.28967318,
         -0.58774137, -0.75877524],
        [ 0.66510942,  0.        , -0.3089761 , ...,  0.42028101,
          0.09921257, -0.13339159],
        [ 0.86329213,  0.3089761 ,  0.        , ...,  0.68007964,
          0.40180977,  0.1793502 ],
        ...,
        [ 0.28967318, -0.42028101, -0.68007964, ...,  0.        ,
         -0.32818256, -0.53756386],
        [ 0.58774137, -0.09921257, -0.40180977, ...,  0.32818256,
          0.        , -0.23105942],
        [ 0.75877524,  0.13339159, -0.1793502 , ...,  0.53756386,
          0.23105942,  0.        ]],

       [[ 0.        ,  0.24774631,  0.37835769, ...,  0.66437198,
          0.47479592,  0.        ],
        [-0.24774631,  0.        ,  0.13723364, ...,  0.82882626,
          0.67803465,  0.24774631],
        [-0.37835769, -0.13723364,  0.        , ...,  0.89776754,
          0.7724904 ,  0.37835769],
        ...,
        [-0.66437198, -0.82882626, -0.89776754, ...,  0.        ,
          0.22984762,  0.66437198],
        [-0.47479592, -0.67803465, -0.7724904 , ..., -0.22984762,
          0.        ,  0.47479592],
        [-0.        , -0.24774631, -0.37835769, ..., -0.66437198,
         -0.47479592,  0.        ]],

       ...,

       [[ 0.        , -0.08751298,  0.29520709, ..., -0.16261712,
         -0.01551318,  0.24653998],
        [ 0.08751298,  0.        ,  0.3776873 , ..., -0.0756451 ,
          0.07204878,  0.33040578],
        [-0.29520709, -0.3776873 ,  0.        , ..., -0.44664746,
         -0.30999337, -0.05054232],
        ...,
        [ 0.16261712,  0.0756451 ,  0.44664746, ...,  0.        ,
          0.14729086,  0.4008559 ],
        [ 0.01551318, -0.07204878,  0.30999337, ..., -0.14729086,
          0.        ,  0.26154464],
        [-0.24653998, -0.33040578,  0.05054232, ..., -0.4008559 ,
         -0.26154464,  0.        ]],

       [[ 0.        ,  0.24163039,  0.34494281, ...,  0.59437257,
          0.45156675,  0.        ],
        [-0.24163039,  0.        ,  0.10792157, ...,  0.77107704,
          0.65377774,  0.24163039],
        [-0.34494281, -0.10792157,  0.        , ...,  0.83529168,
          0.73162211,  0.34494281],
        ...,
        [-0.59437257, -0.77107704, -0.83529168, ...,  0.        ,
          0.16717603,  0.59437257],
        [-0.45156675, -0.65377774, -0.73162211, ..., -0.16717603,
          0.        ,  0.45156675],
        [-0.        , -0.24163039, -0.34494281, ..., -0.59437257,
         -0.45156675,  0.        ]],

       [[ 0.        , -0.03526312, -0.06546714, ...,  0.78925545,
          0.79606354,  0.69103005],
        [ 0.03526312,  0.        , -0.03023895, ...,  0.76711074,
          0.77422674,  0.66511118],
        [ 0.06546714,  0.03023895,  0.        , ...,  0.74736121,
          0.7547342 ,  0.64222625],
        ...,
        [-0.78925545, -0.76711074, -0.74736121, ...,  0.        ,
         -0.01116706,  0.14615701],
        [-0.79606354, -0.77422674, -0.7547342 , ...,  0.01116706,
          0.        ,  0.15719504],
        [-0.69103005, -0.66511118, -0.64222625, ..., -0.14615701,
         -0.15719504,  0.        ]]]), 'num': array([ 9.83506932e-01,  1.80847314e-01,  1.18561237e-05,  7.71219143e-08,
        7.17300782e-04,  7.46967580e-04,  6.85514928e-04,  2.16909849e-03,
       -1.80119842e-05,  7.11155517e-04,  6.50815370e-04,  5.71721569e-04,
        7.52327916e-07,  7.28711613e-04,  5.72919127e-04])}
{'img': array([[[ 0.        , -0.08745373,  0.59679627, ...,  0.6470781 ,
          0.08745373,  0.56769506],
        [ 0.08745373,  0.        ,  0.66468194, ...,  0.57792207,
          0.        ,  0.49352466],
        [-0.59679627, -0.66468194,  0.        , ...,  0.97422245,
          0.66468194,  0.94682035],
        ...,
        [-0.6470781 , -0.57792207, -0.97422245, ...,  0.        ,
          0.57792207,  0.0998757 ],
        [-0.08745373, -0.        , -0.66468194, ..., -0.57792207,
          0.        , -0.49352466],
        [-0.56769506, -0.49352466, -0.94682035, ..., -0.0998757 ,
          0.49352466,  0.        ]],

       [[ 0.        , -0.3089761 ,  0.77996809, ...,  0.09921257,
         -0.13339159,  0.14535105],
        [ 0.3089761 ,  0.        ,  0.54844089, ...,  0.40180977,
          0.1793502 ,  0.44393381],
        [-0.77996809, -0.54844089,  0.        , ..., -0.83820907,
         -0.68951881, -0.86264843],
        ...,
        [-0.09921257, -0.40180977,  0.83820907, ...,  0.        ,
         -0.23105942,  0.04647498],
        [ 0.13339159, -0.1793502 ,  0.68951881, ...,  0.23105942,
          0.        ,  0.27602709],
        [-0.14535105, -0.44393381,  0.86264843, ..., -0.04647498,
         -0.27602709,  0.        ]],

       [[ 0.        ,  0.28855418,  0.5106523 , ...,  0.56952046,
          0.34080527,  0.        ],
        [-0.28855418,  0.        ,  0.24083574, ...,  0.78248004,
          0.5975882 ,  0.28855418],
        [-0.5106523 , -0.24083574,  0.        , ...,  0.90941099,
          0.77310159,  0.5106523 ],
        ...,
        [-0.56952046, -0.78248004, -0.90941099, ...,  0.        ,
          0.25529135,  0.56952046],
        [-0.34080527, -0.5975882 , -0.77310159, ..., -0.25529135,
          0.        ,  0.34080527],
        [-0.        , -0.28855418, -0.5106523 , ..., -0.56952046,
         -0.34080527,  0.        ]],

       ...,

       [[ 0.        ,  0.3776873 ,  0.73135171, ...,  0.07204878,
          0.33040578, -0.11837199],
        [-0.3776873 ,  0.        ,  0.41959991, ..., -0.30999337,
         -0.05054232, -0.48463646],
        [-0.73135171, -0.41959991,  0.        , ..., -0.6803137 ,
         -0.46494135, -0.80693957],
        ...,
        [-0.07204878,  0.30999337,  0.6803137 , ...,  0.        ,
          0.26154464, -0.18960659],
        [-0.33040578,  0.05054232,  0.46494135, ..., -0.26154464,
          0.        , -0.4398069 ],
        [ 0.11837199,  0.48463646,  0.80693957, ...,  0.18960659,
          0.4398069 ,  0.        ]],

       [[ 0.        ,  0.24716669,  0.50596595, ...,  0.57164794,
          0.3779511 ,  0.        ],
        [-0.24716669,  0.        ,  0.27707285, ...,  0.75671143,
          0.59505765,  0.24716669],
        [-0.50596595, -0.27707285,  0.        , ...,  0.90822147,
          0.79443924,  0.50596595],
        ...,
        [-0.57164794, -0.75671143, -0.90822147, ...,  0.        ,
          0.21913776,  0.57164794],
        [-0.3779511 , -0.59505765, -0.79443924, ..., -0.21913776,
          0.        ,  0.3779511 ],
        [-0.        , -0.24716669, -0.50596595, ..., -0.57164794,
         -0.3779511 ,  0.        ]],

       [[ 0.        , -0.03023895, -0.16997124, ...,  0.77422674,
          0.66511118,  0.76833681],
        [ 0.03023895,  0.        , -0.14009456, ...,  0.7547342 ,
          0.64222625,  0.74863114],
        [ 0.16997124,  0.14009456,  0.        , ...,  0.65538478,
          0.5285081 ,  0.6483674 ],
        ...,
        [-0.77422674, -0.7547342 , -0.65538478, ...,  0.        ,
          0.15719504,  0.00925376],
        [-0.66511118, -0.64222625, -0.5285081 , ..., -0.15719504,
          0.        , -0.1480496 ],
        [-0.76833681, -0.74863114, -0.6483674 , ..., -0.00925376,
          0.1480496 ,  0.        ]]]), 'num': array([ 9.55750716e-01,  2.94168024e-01,  9.97862281e-06,  5.33295687e-08,
        6.92756746e-04,  7.09474857e-04,  6.85442572e-04,  1.48509074e-03,
       -1.46283476e-05,  7.05086353e-04,  6.45737057e-04,  5.67814984e-04,
        7.83661477e-07,  7.24529749e-04,  5.66944365e-04])}
{'img': array([[[ 0.        ,  0.66468194,  0.82630808, ...,  0.        ,
          0.49352466,  0.64704465],
        [-0.66468194,  0.        ,  0.24299552, ...,  0.66468194,
          0.94682035,  0.99021232],
        [-0.82630808, -0.24299552,  0.        , ...,  0.82630808,
          0.99662858,  0.99444779],
        ...,
        [-0.        , -0.66468194, -0.82630808, ...,  0.        ,
         -0.49352466, -0.64704465],
        [-0.49352466, -0.94682035, -0.99662858, ...,  0.49352466,
          0.        , -0.18646639],
        [-0.64704465, -0.99021232, -0.99444779, ...,  0.64704465,
          0.18646639,  0.        ]],

       [[ 0.        ,  0.54844089,  0.94847079, ...,  0.1793502 ,
          0.44393381,  0.17498064],
        [-0.54844089,  0.        , -0.61931966, ..., -0.68951881,
         -0.86264843, -0.68629642],
        [-0.94847079,  0.61931966,  0.        , ..., -0.98992134,
         -0.99055324, -0.98928283],
        ...,
        [-0.1793502 ,  0.68951881,  0.98992134, ...,  0.        ,
          0.27602709, -0.00443978],
        [-0.44393381,  0.86264843,  0.99055324, ..., -0.27602709,
          0.        , -0.28029167],
        [-0.17498064,  0.68629642,  0.98928283, ...,  0.00443978,
          0.28029167,  0.        ]],

       [[ 0.        ,  0.43251583,  0.63427695, ...,  0.41208287,
          0.23728572,  0.        ],
        [-0.43251583,  0.        ,  0.23750026, ...,  0.76563   ,
          0.63410619,  0.43251583],
        [-0.63427695, -0.23750026,  0.        , ...,  0.89650284,
          0.79960893,  0.63427695],
        ...,
        [-0.41208287, -0.76563   , -0.89650284, ...,  0.        ,
          0.18411172,  0.41208287],
        [-0.23728572, -0.63410619, -0.79960893, ..., -0.18411172,
          0.        ,  0.23728572],
        [-0.        , -0.43251583, -0.63427695, ..., -0.41208287,
         -0.23728572,  0.        ]],

       ...,

       [[ 0.        ,  0.41959991,  0.8137445 , ..., -0.05054232,
         -0.48463646, -0.30999337],
        [-0.41959991,  0.        ,  0.49476232, ..., -0.46494135,
         -0.80693957, -0.6803137 ],
        [-0.8137445 , -0.49476232,  0.        , ..., -0.84208082,
         -0.9934768 , -0.9538336 ],
        ...,
        [ 0.05054232,  0.46494135,  0.84208082, ...,  0.        ,
         -0.4398069 , -0.26154464],
        [ 0.48463646,  0.80693957,  0.9934768 , ...,  0.4398069 ,
          0.        ,  0.18960659],
        [ 0.30999337,  0.6803137 ,  0.9538336 , ...,  0.26154464,
         -0.18960659,  0.        ]],

       [[ 0.        ,  0.44758824,  0.65495893, ...,  0.46926051,
          0.29083018,  0.        ],
        [-0.44758824,  0.        ,  0.2474638 , ...,  0.81487858,
          0.68831301,  0.44758824],
        [-0.65495893, -0.2474638 ,  0.        , ...,  0.93297139,
          0.84641816,  0.65495893],
        ...,
        [-0.46926051, -0.81487858, -0.93297139, ...,  0.        ,
          0.19215615,  0.46926051],
        [-0.29083018, -0.68831301, -0.84641816, ..., -0.19215615,
          0.        ,  0.29083018],
        [-0.        , -0.44758824, -0.65495893, ..., -0.46926051,
         -0.29083018,  0.        ]],

       [[ 0.        , -0.13974284, -0.39534424, ...,  0.73861008,
          0.78120713,  0.64095128],
        [ 0.13974284,  0.        , -0.26310664, ...,  0.63715747,
          0.68630426,  0.52739813],
        [ 0.39534424,  0.26310664,  0.        , ...,  0.41192321,
          0.47076224,  0.28527597],
        ...,
        [-0.73861008, -0.63715747, -0.41192321, ...,  0.        ,
         -0.06554388,  0.13485715],
        [-0.78120713, -0.68630426, -0.47076224, ...,  0.06554388,
          0.        ,  0.1995123 ],
        [-0.64095128, -0.52739813, -0.28527597, ..., -0.13485715,
         -0.1995123 ,  0.        ]]]), 'num': array([ 9.69905882e-01,  2.43467965e-01,  1.12451690e-05,  3.88047232e-08,
        6.98497998e-04,  7.30935985e-04,  6.95254199e-04,  1.47844778e-03,
       -1.83815263e-05,  7.24448388e-04,  6.70655392e-04,  5.91425607e-04,
        7.45700862e-07,  7.52754408e-04,  5.88556376e-04])}
{'img': array([[[ 0.        ,  0.36911977,  0.16068644, ...,  0.79821495,
          0.90114193,  0.96775104],
        [-0.36911977,  0.        , -0.21498418, ...,  0.96419416,
          0.99752729,  0.99239467],
        [-0.16068644,  0.21498418,  0.        , ...,  0.88463568,
          0.9590935 ,  0.99565389],
        ...,
        [-0.79821495, -0.96419416, -0.88463568, ...,  0.        ,
         -0.19677782, -0.38186963],
        [-0.90114193, -0.99752729, -0.9590935 , ...,  0.19677782,
          0.        , -0.19253811],
        [-0.96775104, -0.99239467, -0.99565389, ...,  0.38186963,
