state_0,state_1,state_2,state_3,state_4,state_5,state_6,state_7,state_8,state_9,state_10,state_11,state_12,state_13,state_14,state_15,state_16,state_17,state_18,state_19,state_20,state_21,state_22,state_23,state_24,state_25,state_26,state_27,state_28,state_29,state_30,state_31,state_32,state_33,state_34,state_35,state_36,state_37,state_38,state_39,state_40,state_41,state_42,state_43,state_44,state_45,state_46,state_47,state_48,state_49,state_50,state_51,state_52,state_53,state_54,state_55,state_56,state_57,state_58,state_59,state_60,state_61,state_62,state_63,state_64,state_65,state_66,state_67,state_68,state_69,state_70,state_71,state_72,state_73,state_74,state_75,state_76,state_77,state_78,state_79,state_80,state_81,state_82,state_83,state_84,state_85,state_86,state_87,state_88,state_89,state_90,state_91,state_92,state_93,state_94,state_95,state_96,state_97,state_98,state_99,state_100,state_101,state_102,state_103,state_104,state_105,state_106,state_107,state_108,state_109,state_110,state_111,state_112,state_113,state_114,state_115,state_116,state_117,state_118,state_119,state_120,state_121,state_122,state_123,state_124,state_125,state_126,state_127,state_128,state_129,state_130,state_131,state_132,state_133,state_134,state_135,state_136,state_137,state_138,state_139,state_140,state_141,state_142,state_143,state_144,state_145,state_146,state_147,state_148,state_149,state_150,state_151,state_152,state_153,state_154,state_155,state_156,state_157,state_158,state_159,state_160,state_161,state_162,state_163,state_164,state_165,state_166,state_167,state_168,state_169,state_170,state_171,state_172,state_173,state_174,state_175,state_176,state_177,state_178,state_179,state_180,state_181,state_182,state_183,state_184,state_185,state_186,state_187,state_188,state_189,state_190,state_191,state_192,state_193,state_194,state_195,state_196,state_197,state_198,state_199,state_200,state_201,state_202,state_203,state_204,state_205,state_206,state_207,state_208,state_209,state_210,state_211,state_212,state_213,state_214,state_215,state_216,state_217,state_218,state_219,state_220,state_221,state_222,state_223,state_224,state_225,state_226,state_227,state_228,state_229,state_230,state_231,state_232,state_233,state_234,state_235,state_236,state_237,state_238,state_239,state_240,state_241,state_242,state_243,state_244,state_245,state_246,state_247,state_248,state_249,state_250,state_251,state_252,state_253,state_254,state_255,state_256,state_257,state_258,state_259,state_260,state_261,state_262,state_263,state_264,state_265,state_266,state_267,state_268,state_269,state_270,state_271,state_272,state_273,state_274,state_275,state_276,state_277,state_278,state_279,state_280,state_281,state_282,state_283,state_284,state_285,state_286,state_287
{'img': array([[[ 0.        ,  0.4843627 ,  0.97499604, ..., -0.31154498,
         -0.31154498,  0.4843627 ],
        [-0.4843627 ,  0.        ,  0.74535599, ..., -0.73281716,
         -0.73281716,  0.        ],
        [-0.97499604, -0.74535599,  0.        , ..., -0.99570408,
         -0.99570408, -0.74535599],
        ...,
        [ 0.31154498,  0.73281716,  0.99570408, ...,  0.        ,
          0.        ,  0.73281716],
        [ 0.31154498,  0.73281716,  0.99570408, ...,  0.        ,
          0.        ,  0.73281716],
        [-0.4843627 ,  0.        ,  0.74535599, ..., -0.73281716,
         -0.73281716,  0.        ]],

       [[ 0.        ,  0.50888493, -0.05237585, ..., -0.56020784,
         -0.54830062, -0.06451549],
        [-0.50888493,  0.        , -0.5532734 , ..., -0.90378216,
         -0.89756707, -0.56336194],
        [ 0.05237585,  0.5532734 ,  0.        , ..., -0.51605328,
         -0.5037471 , -0.0121602 ],
        ...,
        [ 0.56020784,  0.90378216,  0.51605328, ...,  0.        ,
          0.01430539,  0.50559922],
        [ 0.54830062,  0.89756707,  0.5037471 , ..., -0.01430539,
          0.        ,  0.49320525],
        [ 0.06451549,  0.56336194,  0.0121602 , ..., -0.50559922,
         -0.49320525,  0.        ]],

       [[ 0.        , -0.57613919, -0.66785407, ..., -0.98787503,
         -0.99873776, -0.9871466 ],
        [ 0.57613919,  0.        , -0.11705567, ..., -0.71799497,
         -0.78738141, -0.71476881],
        [ 0.66785407,  0.11705567,  0.        , ..., -0.63158261,
         -0.70980758, -0.62799088],
        ...,
        [ 0.98787503,  0.71799497,  0.63158261, ...,  0.        ,
         -0.10543588,  0.00462393],
        [ 0.99873776,  0.78738141,  0.70980758, ...,  0.10543588,
          0.        ,  0.11003292],
        [ 0.9871466 ,  0.71476881,  0.62799088, ..., -0.00462393,
         -0.11003292,  0.        ]],

       ...,

       [[ 0.        ,  0.21946332,  0.44979965, ...,  0.00935106,
         -0.1463746 ,  0.28472346],
        [-0.21946332,  0.        ,  0.24282472, ..., -0.21033064,
         -0.35990562,  0.06740245],
        [-0.44979965, -0.24282472,  0.        , ..., -0.44142828,
         -0.57568643, -0.17688739],
        ...,
        [-0.00935106,  0.21033064,  0.44142828, ...,  0.        ,
         -0.15561853,  0.275747  ],
        [ 0.1463746 ,  0.35990562,  0.57568643, ...,  0.15561853,
          0.        ,  0.42197288],
        [-0.28472346, -0.06740245,  0.17688739, ..., -0.275747  ,
         -0.42197288,  0.        ]],

       [[ 0.        ,  0.00377629,  0.06095715, ..., -0.8279067 ,
         -0.86525579, -0.87822137],
        [-0.00377629,  0.        ,  0.05718745, ..., -0.83001879,
         -0.86714279, -0.88002114],
        [-0.06095715, -0.05718745,  0.        , ..., -0.86055589,
         -0.89420644, -0.90574124],
        ...,
        [ 0.8279067 ,  0.83001879,  0.86055589, ...,  0.        ,
         -0.07023743, -0.0966144 ],
        [ 0.86525579,  0.86714279,  0.89420644, ...,  0.07023743,
          0.        , -0.02646694],
        [ 0.87822137,  0.88002114,  0.90574124, ...,  0.0966144 ,
          0.02646694,  0.        ]],

       [[ 0.        ,  0.13308412,  0.17640895, ..., -0.93852171,
         -0.86485297, -0.70212052],
        [-0.13308412,  0.        ,  0.04384279, ..., -0.97611665,
         -0.92397147, -0.79063861],
        [-0.17640895, -0.04384279,  0.        , ..., -0.98470278,
         -0.93985119, -0.81672256],
        ...,
        [ 0.93852171,  0.97611665,  0.98470278, ...,  0.        ,
          0.17259687,  0.42589582],
        [ 0.86485297,  0.92397147,  0.93985119, ..., -0.17259687,
          0.        ,  0.26334336],
        [ 0.70212052,  0.79063861,  0.81672256, ..., -0.42589582,
         -0.26334336,  0.        ]]]), 'num': array([7.07034704e-01, 7.07034704e-01, 0.00000000e+00, 0.00000000e+00,
       5.23729410e-03, 5.26750926e-03, 4.93514252e-03, 1.31465146e-03,
       1.81290950e-04, 4.97542940e-03, 4.96938636e-03, 4.86346545e-03,
       6.44835695e-07, 5.15742296e-03, 4.78134976e-03])}
{'img': array([[[ 0.        ,  0.34542527, -0.06913779, ..., -0.61863498,
          0.        ,  0.9035079 ],
        [-0.34542527,  0.        , -0.40948081, ..., -0.8519489 ,
         -0.34542527,  0.69985421],
        [ 0.06913779,  0.40948081,  0.        , ..., -0.56283458,
          0.06913779,  0.9309764 ],
        ...,
        [ 0.61863498,  0.8519489 ,  0.56283458, ...,  0.        ,
          0.61863498,  0.97499604],
        [ 0.        ,  0.34542527, -0.06913779, ..., -0.61863498,
          0.        ,  0.9035079 ],
        [-0.9035079 , -0.69985421, -0.9309764 , ..., -0.97499604,
         -0.9035079 ,  0.        ]],

       [[ 0.        , -0.5532734 , -0.67311427, ..., -0.89756707,
         -0.56336194, -0.34428641],
        [ 0.5532734 ,  0.        , -0.15153703, ..., -0.5037471 ,
         -0.0121602 ,  0.23265836],
        [ 0.67311427,  0.15153703,  0.        , ..., -0.36702417,
          0.13950605,  0.37735015],
        ...,
        [ 0.89756707,  0.5037471 ,  0.36702417, ...,  0.        ,
          0.49320525,  0.69090573],
        [ 0.56336194,  0.0121602 , -0.13950605, ..., -0.49320525,
          0.        ,  0.24446767],
        [ 0.34428641, -0.23265836, -0.37735015, ..., -0.69090573,
         -0.24446767,  0.        ]],

       [[ 0.        , -0.39286071, -0.41559946, ..., -0.98779195,
         -0.96104789, -0.82998283],
        [ 0.39286071,  0.        , -0.02485886, ..., -0.84717208,
         -0.77519811, -0.54411718],
        [ 0.41559946,  0.02485886,  0.        , ..., -0.83370231,
         -0.75925476, -0.52309222],
        ...,
        [ 0.98779195,  0.84717208,  0.83370231, ...,  0.        ,
          0.12329685,  0.42168562],
        [ 0.96104789,  0.77519811,  0.75925476, ..., -0.12329685,
          0.        ,  0.30666965],
        [ 0.82998283,  0.54411718,  0.52309222, ..., -0.42168562,
         -0.30666965,  0.        ]],

       ...,

       [[ 0.        ,  0.24282472,  0.14447767, ..., -0.35990562,
          0.06740245,  0.42573575],
        [-0.24282472,  0.        , -0.10012353, ..., -0.57568643,
         -0.17688739,  0.19327421],
        [-0.14447767,  0.10012353,  0.        , ..., -0.49092555,
         -0.07745384,  0.29053869],
        ...,
        [ 0.35990562,  0.57568643,  0.49092555, ...,  0.        ,
          0.42197288,  0.72286637],
        [-0.06740245,  0.17688739,  0.07745384, ..., -0.42197288,
          0.        ,  0.36377863],
        [-0.42573575, -0.19327421, -0.29053869, ..., -0.72286637,
         -0.36377863,  0.        ]],

       [[ 0.        ,  0.05718745,  0.03162322, ..., -0.86714279,
         -0.88002114, -0.71100888],
        [-0.05718745,  0.        , -0.02558738, ..., -0.89420644,
         -0.90574124, -0.75005852],
        [-0.03162322,  0.02558738,  0.        , ..., -0.88245935,
         -0.89459997, -0.73289019],
        ...,
        [ 0.86714279,  0.89420644,  0.88245935, ...,  0.        ,
         -0.02646694,  0.25563529],
        [ 0.88002114,  0.90574124,  0.89459997, ...,  0.02646694,
          0.        ,  0.28113328],
        [ 0.71100888,  0.75005852,  0.73289019, ..., -0.25563529,
         -0.28113328,  0.        ]],

       [[ 0.        ,  0.04384279, -0.10351585, ..., -0.92397147,
         -0.79063861, -0.85514722],
        [-0.04384279,  0.        , -0.14702357, ..., -0.93985119,
         -0.81672256, -0.8770524 ],
        [ 0.10351585,  0.14702357,  0.        , ..., -0.87941689,
         -0.72301013, -0.79689211],
        ...,
        [ 0.92397147,  0.93985119,  0.87941689, ...,  0.        ,
          0.26334336,  0.15191234],
        [ 0.79063861,  0.81672256,  0.72301013, ..., -0.26334336,
          0.        , -0.11373682],
        [ 0.85514722,  0.8770524 ,  0.79689211, ..., -0.15191234,
          0.11373682,  0.        ]]]), 'num': array([ 7.41965487e-01,  6.70267732e-01,  1.37352021e-07, -1.44335512e-11,
        5.51521194e-03,  5.55747410e-03,  5.44125316e-03,  9.93435474e-04,
        2.11310802e-05,  5.29756181e-03,  5.23628168e-03,  5.10544507e-03,
        6.71759649e-07,  5.45925213e-03,  5.01331123e-03])}
{'img': array([[[ 0.        , -0.38378293, -0.42799935, ..., -0.32222349,
          0.47527821,  0.74991124],
        [ 0.38378293,  0.        , -0.04836962, ...,  0.06576465,
          0.77654887,  0.94637271],
        [ 0.42799935,  0.04836962,  0.        , ...,  0.11395258,
          0.80611554,  0.96089209],
        ...,
        [ 0.32222349, -0.06576465, -0.11395258, ...,  0.        ,
          0.73343228,  0.92307692],
        [-0.47527821, -0.77654887, -0.80611554, ..., -0.73343228,
          0.        ,  0.34538376],
        [-0.74991124, -0.94637271, -0.96089209, ..., -0.92307692,
         -0.34538376,  0.        ]],

       [[ 0.        , -0.15153703, -0.48821577, ..., -0.0121602 ,
          0.23265836, -0.08309008],
        [ 0.15153703,  0.        , -0.35032781, ...,  0.13950605,
          0.37735015,  0.0688825 ],
        [ 0.48821577,  0.35032781,  0.        , ...,  0.47756718,
          0.6778647 ,  0.41401292],
        ...,
        [ 0.0121602 , -0.13950605, -0.47756718, ...,  0.        ,
          0.24446767, -0.07096578],
        [-0.23265836, -0.37735015, -0.6778647 , ..., -0.24446767,
          0.        , -0.3126638 ],
        [ 0.08309008, -0.0688825 , -0.41401292, ...,  0.07096578,
          0.3126638 ,  0.        ]],

       [[ 0.        , -0.02959947, -0.11863189, ..., -0.80616733,
         -0.58007166,  0.03235122],
        [ 0.02959947,  0.        , -0.08918947, ..., -0.78830046,
         -0.5557068 ,  0.06192102],
        [ 0.11863189,  0.08918947,  0.        , ..., -0.7302814 ,
         -0.47934194,  0.15069256],
        ...,
        [ 0.80616733,  0.78830046,  0.7302814 , ...,  0.        ,
          0.31345483,  0.82488717],
        [ 0.58007166,  0.5557068 ,  0.47934194, ..., -0.31345483,
          0.        ,  0.60612022],
        [-0.03235122, -0.06192102, -0.15069256, ..., -0.82488717,
         -0.60612022,  0.        ]],

       ...,

       [[ 0.        , -0.10012353, -0.30109958, ..., -0.17688739,
          0.19327421,  0.177091  ],
        [ 0.10012353,  0.        , -0.20410948, ..., -0.07745384,
          0.29053869,  0.27474215],
        [ 0.30109958,  0.20410948,  0.        , ...,  0.12767304,
          0.47972716,  0.46521323],
        ...,
        [ 0.17688739,  0.07745384, -0.12767304, ...,  0.        ,
          0.36377863,  0.34839007],
        [-0.19327421, -0.29053869, -0.47972716, ..., -0.36377863,
          0.        , -0.0164675 ],
        [-0.177091  , -0.27474215, -0.46521323, ..., -0.34839007,
          0.0164675 ,  0.        ]],

       [[ 0.        , -0.02558738, -0.03447697, ..., -0.90574124,
         -0.75005852, -0.56033939],
        [ 0.02558738,  0.        , -0.00889352, ..., -0.89459997,
         -0.73289019, -0.53896285],
        [ 0.03447697,  0.00889352,  0.        , ..., -0.89059036,
         -0.72681052, -0.53145026],
        ...,
        [ 0.90574124,  0.89459997,  0.89059036, ...,  0.        ,
          0.28113328,  0.51270279],
        [ 0.75005852,  0.73289019,  0.72681052, ..., -0.28113328,
          0.        ,  0.25065332],
        [ 0.56033939,  0.53896285,  0.53145026, ..., -0.51270279,
         -0.25065332,  0.        ]],

       [[ 0.        , -0.14702357,  0.08659563, ..., -0.81672256,
         -0.8770524 , -0.88467262],
        [ 0.14702357,  0.        ,  0.23212588, ..., -0.72301013,
         -0.79689211, -0.80651461],
        [-0.08659563, -0.23212588,  0.        , ..., -0.8636229 ,
         -0.91535787, -0.92172138],
        ...,
        [ 0.81672256,  0.72301013,  0.8636229 , ...,  0.        ,
         -0.11373682, -0.12971664],
        [ 0.8770524 ,  0.79689211,  0.91535787, ...,  0.11373682,
          0.        , -0.01609903],
        [ 0.88467262,  0.80651461,  0.92172138, ...,  0.12971664,
          0.01609903,  0.        ]]]), 'num': array([ 8.91140636e-01,  4.53358704e-01,  8.61775457e-07,  3.85484837e-10,
        6.53405869e-03,  6.63695725e-03,  6.48260941e-03,  1.31316572e-03,
       -1.80072484e-04,  6.51733767e-03,  6.38967914e-03,  6.21464440e-03,
        7.52738060e-07,  6.66129879e-03,  6.11805949e-03])}
{'img': array([[[ 0.        , -0.04836962,  0.        , ...,  0.77654887,
          0.94637271,  0.27307779],
        [ 0.04836962,  0.        ,  0.04836962, ...,  0.80611554,
          0.96089209,  0.31928934],
        [ 0.        , -0.04836962,  0.        , ...,  0.77654887,
          0.94637271,  0.27307779],
        ...,
        [-0.77654887, -0.80611554, -0.77654887, ...,  0.        ,
          0.34538376, -0.57497918],
        [-0.94637271, -0.96089209, -0.94637271, ..., -0.34538376,
          0.        , -0.8221778 ],
        [-0.27307779, -0.31928934, -0.27307779, ...,  0.57497918,
          0.8221778 ,  0.        ]],

       [[ 0.        , -0.35032781, -0.22001241, ...,  0.37735015,
          0.0688825 ,  0.1418284 ],
        [ 0.35032781,  0.        ,  0.13567415, ...,  0.6778647 ,
          0.41401292,  0.47962676],
        [ 0.22001241, -0.13567415,  0.        , ...,  0.57185101,
          0.28668451,  0.35614155],
        ...,
        [-0.37735015, -0.6778647 , -0.57185101, ...,  0.        ,
         -0.3126638 , -0.2421925 ],
        [-0.0688825 , -0.41401292, -0.28668451, ...,  0.3126638 ,
          0.        ,  0.07330534],
        [-0.1418284 , -0.47962676, -0.35614155, ...,  0.2421925 ,
         -0.07330534,  0.        ]],

       [[ 0.        , -0.04638197,  0.09309691, ..., -0.38913677,
          0.02759677,  0.67356232],
        [ 0.04638197,  0.        ,  0.13917725, ..., -0.34599183,
          0.07393137,  0.70711974],
        [-0.09309691, -0.13917725,  0.        , ..., -0.47320578,
         -0.06558454,  0.60182631],
        ...,
        [ 0.38913677,  0.34599183,  0.47320578, ...,  0.        ,
          0.41441015,  0.90809496],
        [-0.02759677, -0.07393137,  0.06558454, ..., -0.41441015,
          0.        ,  0.65290817],
        [-0.67356232, -0.70711974, -0.60182631, ..., -0.90809496,
         -0.65290817,  0.        ]],

       ...,

       [[ 0.        , -0.20410948, -0.27609707, ...,  0.29053869,
          0.27474215,  0.09670535],
        [ 0.20410948,  0.        , -0.07410899, ...,  0.47972716,
          0.46521323,  0.29782235],
        [ 0.27609707,  0.07410899,  0.        , ...,  0.54343252,
          0.52953514,  0.36774941],
        ...,
        [-0.29053869, -0.47972716, -0.54343252, ...,  0.        ,
         -0.0164675 , -0.19664316],
        [-0.27474215, -0.46521323, -0.52953514, ...,  0.0164675 ,
          0.        , -0.18047052],
        [-0.09670535, -0.29782235, -0.36774941, ...,  0.19664316,
          0.18047052,  0.        ]],

       [[ 0.        , -0.00889352, -0.05954393, ..., -0.73289019,
         -0.53896285, -0.47823374],
        [ 0.00889352,  0.        , -0.05066384, ..., -0.72681052,
         -0.53145026, -0.47040424],
        [ 0.05954393,  0.05066384,  0.        , ..., -0.69107928,
         -0.48785094, -0.42509178],
        ...,
        [ 0.73289019,  0.72681052,  0.69107928, ...,  0.        ,
          0.25065332,  0.31828319],
        [ 0.53896285,  0.53145026,  0.48785094, ..., -0.25065332,
          0.        ,  0.07050434],
        [ 0.47823374,  0.47040424,  0.42509178, ..., -0.31828319,
         -0.07050434,  0.        ]],

       [[ 0.        ,  0.23212588,  0.00675691, ..., -0.79689211,
         -0.80651461, -0.75593225],
        [-0.23212588,  0.        , -0.22554824, ..., -0.91535787,
         -0.92172138, -0.8872457 ],
        [-0.00675691,  0.22554824,  0.        , ..., -0.80095591,
         -0.81049098, -0.7603384 ],
        ...,
        [ 0.79689211,  0.91535787,  0.80095591, ...,  0.        ,
         -0.01609903,  0.06501028],
        [ 0.80651461,  0.92172138,  0.81049098, ...,  0.01609903,
          0.        ,  0.08106683],
        [ 0.75593225,  0.8872457 ,  0.7603384 , ..., -0.06501028,
         -0.08106683,  0.        ]]]), 'num': array([ 8.91670284e-01,  4.52315923e-01,  8.59793269e-07, -1.67622761e-08,
        6.55752777e-03,  6.63452418e-03,  6.51902956e-03,  6.88617412e-04,
        3.84982061e-05,  6.57806014e-03,  6.39070221e-03,  6.20270263e-03,
        7.54013829e-07,  6.66572422e-03,  6.11568019e-03])}
{'img': array([[[ 0.        ,  0.04836962, -0.15655403, ...,  0.96089209,
          0.31928934,  0.42799935],
        [-0.04836962,  0.        , -0.20414397, ...,  0.94637271,
          0.27307779,  0.38378293],
        [ 0.15655403,  0.20414397,  0.        , ...,  0.99239713,
          0.46371187,  0.56421211],
        ...,
        [-0.96089209, -0.94637271, -0.99239713, ...,  0.        ,
         -0.8221778 , -0.74991124],
        [-0.31928934, -0.27307779, -0.46371187, ...,  0.8221778 ,
          0.        ,  0.11702969],
        [-0.42799935, -0.38378293, -0.56421211, ...,  0.74991124,
         -0.11702969,  0.        ]],

       [[ 0.        ,  0.13567415, -0.13164605, ...,  0.41401292,
          0.47962676, -0.00626244],
        [-0.13567415,  0.        , -0.26492214, ...,  0.28668451,
          0.35614155, -0.14187603],
        [ 0.13164605,  0.26492214,  0.        , ...,  0.53024326,
          0.59096827,  0.12543553],
        ...,
        [-0.41401292, -0.28668451, -0.53024326, ...,  0.        ,
          0.07330534, -0.41970533],
        [-0.47962676, -0.35614155, -0.59096827, ..., -0.07330534,
          0.        , -0.48511248],
        [ 0.00626244,  0.14187603, -0.12543553, ...,  0.41970533,
          0.48511248,  0.        ]],

       [[ 0.        ,  0.09607285,  0.01406372, ...,  0.05214944,
          0.33186912,  0.86368483],
        [-0.09607285,  0.        , -0.08206468, ..., -0.04403391,
          0.23970603,  0.81126587],
        [-0.01406372,  0.08206468,  0.        , ...,  0.0380997 ,
          0.31856963,  0.85651084],
        ...,
        [-0.05214944,  0.04403391, -0.0380997 , ...,  0.        ,
          0.28222365,  0.83622461],
        [-0.33186912, -0.23970603, -0.31856963, ..., -0.28222365,
          0.        ,  0.64746313],
        [-0.86368483, -0.81126587, -0.85651084, ..., -0.83622461,
         -0.64746313,  0.        ]],

       ...,

       [[ 0.        , -0.07410899, -0.26165864, ...,  0.46521323,
          0.29782235,  0.30565956],
        [ 0.07410899,  0.        , -0.18941204, ...,  0.52953514,
          0.36774941,  0.37538124],
        [ 0.26165864,  0.18941204,  0.        , ...,  0.6806253 ,
          0.53723128,  0.54414641],
        ...,
        [-0.46521323, -0.52953514, -0.6806253 , ...,  0.        ,
         -0.18047052, -0.1723791 ],
        [-0.29782235, -0.36774941, -0.53723128, ...,  0.18047052,
          0.        ,  0.0082203 ],
        [-0.30565956, -0.37538124, -0.54414641, ...,  0.1723791 ,
         -0.0082203 ,  0.        ]],

       [[ 0.        , -0.05066384, -0.03903637, ..., -0.53145026,
         -0.47040424, -0.38294787],
        [ 0.05066384,  0.        ,  0.01163899, ..., -0.48785094,
         -0.42509178, -0.33565434],
        [ 0.03903637, -0.01163899,  0.        , ..., -0.49797788,
         -0.43559801, -0.34659536],
        ...,
        [ 0.53145026,  0.48785094,  0.49797788, ...,  0.        ,
          0.07050434,  0.16654666],
        [ 0.47040424,  0.42509178,  0.43559801, ..., -0.07050434,
          0.        ,  0.09661256],
        [ 0.38294787,  0.33565434,  0.34659536, ..., -0.16654666,
         -0.09661256,  0.        ]],

       [[ 0.        , -0.22554824, -0.37823048, ..., -0.92172138,
         -0.8872457 , -0.85481425],
        [ 0.22554824,  0.        , -0.15969165, ..., -0.81049098,
         -0.7603384 , -0.71574273],
        [ 0.37823048,  0.15969165,  0.        , ..., -0.70655034,
         -0.64685687, -0.59503466],
        ...,
        [ 0.92172138,  0.81049098,  0.70655034, ...,  0.        ,
          0.08106683,  0.14677065],
        [ 0.8872457 ,  0.7603384 ,  0.64685687, ..., -0.08106683,
          0.        ,  0.06609866],
        [ 0.85481425,  0.71574273,  0.59503466, ..., -0.14677065,
         -0.06609866,  0.        ]]]), 'num': array([ 9.97696232e-01,  6.47402246e-02,  1.79414617e-06, -1.44956884e-08,
        7.34611030e-03,  7.34611030e-03,  7.19071181e-03,  1.34956522e-03,
        1.27144217e-04,  7.29242718e-03,  7.05615085e-03,  6.83341302e-03,
        8.46075679e-07,  7.38326267e-03,  6.72903902e-03])}
{'img': array([[[ 0.        , -0.20414397, -0.46482643, ...,  0.27307779,
          0.38378293,  0.77654887],
        [ 0.20414397,  0.        , -0.27428815, ...,  0.46371187,
          0.56421211,  0.88881777],
        [ 0.46482643,  0.27428815,  0.        , ...,  0.68894286,
          0.76903368,  0.98042494],
        ...,
        [-0.27307779, -0.46371187, -0.68894286, ...,  0.        ,
          0.11702969,  0.57497918],
        [-0.38378293, -0.56421211, -0.76903368, ..., -0.11702969,
          0.        ,  0.47527821],
        [-0.77654887, -0.88881777, -0.98042494, ..., -0.57497918,
         -0.47527821,  0.        ]],

       [[ 0.        , -0.26492214, -0.11967361, ...,  0.35614155,
         -0.14187603,  0.29994296],
        [ 0.26492214,  0.        ,  0.14762056, ...,  0.59096827,
          0.12543553,  0.54195031],
        [ 0.11967361, -0.14762056,  0.        , ...,  0.46540892,
         -0.02239336,  0.41195086],
        ...,
        [-0.35614155, -0.59096827, -0.46540892, ...,  0.        ,
         -0.48511248, -0.05946746],
        [ 0.14187603, -0.12543553,  0.02239336, ...,  0.48511248,
          0.        ,  0.43225252],
        [-0.29994296, -0.54195031, -0.41195086, ...,  0.05946746,
         -0.43225252,  0.        ]],

       [[ 0.        , -0.07135041, -0.27806828, ...,  0.19913923,
          0.51989965,  0.87866239],
        [ 0.07135041,  0.        , -0.20882313, ...,  0.26855303,
          0.57952405,  0.91048875],
        [ 0.27806828,  0.20882313,  0.        , ...,  0.46378435,
          0.73692902,  0.97677102],
        ...,
        [-0.19913923, -0.26855303, -0.46378435, ...,  0.        ,
          0.33937651,  0.76598609],
        [-0.51989965, -0.57952405, -0.73692902, ..., -0.33937651,
          0.        ,  0.50235468],
        [-0.87866239, -0.91048875, -0.97677102, ..., -0.76598609,
         -0.50235468,  0.        ]],

       ...,

       [[ 0.        , -0.18941204, -0.23130697, ...,  0.36774941,
          0.37538124,  0.41210273],
        [ 0.18941204,  0.        , -0.04284444, ...,  0.53723128,
          0.54414641,  0.57722311],
        [ 0.23130697,  0.04284444,  0.        , ...,  0.57287446,
          0.57959282,  0.61167927],
        ...,
        [-0.36774941, -0.53723128, -0.57287446, ...,  0.        ,
          0.0082203 ,  0.04815437],
        [-0.37538124, -0.54414641, -0.57959282, ..., -0.0082203 ,
          0.        ,  0.03994198],
        [-0.41210273, -0.57722311, -0.61167927, ..., -0.04815437,
         -0.03994198,  0.        ]],

       [[ 0.        ,  0.01163899,  0.1023131 , ..., -0.42509178,
         -0.33565434, -0.10854243],
        [-0.01163899,  0.        ,  0.09072826, ..., -0.43559801,
         -0.34659536, -0.1201053 ],
        [-0.1023131 , -0.09072826,  0.        , ..., -0.51546973,
         -0.43027034, -0.20968144],
        ...,
        [ 0.42509178,  0.43559801,  0.51546973, ...,  0.        ,
          0.09661256,  0.32433305],
        [ 0.33565434,  0.34659536,  0.43027034, ..., -0.09661256,
          0.        ,  0.23142587],
        [ 0.10854243,  0.1201053 ,  0.20968144, ..., -0.32433305,
         -0.23142587,  0.        ]],

       [[ 0.        , -0.30966365, -0.58946358, ..., -0.87706581,
         -0.84245963, -0.85243653],
        [ 0.30966365,  0.        , -0.31034444, ..., -0.68520145,
         -0.63421528, -0.64863433],
        [ 0.58946358,  0.31034444,  0.        , ..., -0.42532858,
         -0.36295556, -0.38040427],
        ...,
        [ 0.87706581,  0.68520145,  0.42532858, ...,  0.        ,
          0.06783497,  0.0490718 ],
        [ 0.84245963,  0.63421528,  0.36295556, ..., -0.06783497,
          0.        , -0.01879448],
        [ 0.85243653,  0.64863433,  0.38040427, ..., -0.0490718 ,
          0.01879448,  0.        ]]]), 'num': array([9.98907674e-01, 4.21303326e-02, 1.81207830e-06, 8.38855642e-09,
       7.35982571e-03, 7.42952102e-03, 7.29013039e-03, 1.32404380e-03,
       1.11512511e-04, 7.21764725e-03, 6.98347098e-03, 6.74894623e-03,
       8.98135556e-07, 7.34930171e-03, 6.61764026e-03])}
{'img': array([[[ 0.        , -0.25270712, -0.23871696, ...,  0.49687829,
          0.75652661,  0.99960317],
        [ 0.25270712,  0.        ,  0.01443227, ...,  0.70005538,
          0.89723297,  0.97427739],
        [ 0.23871696, -0.01443227,  0.        , ...,  0.68967655,
          0.89076685,  0.97742826],
        ...,
        [-0.49687829, -0.70005538, -0.68967655, ...,  0.        ,
          0.33158912,  0.85347929],
        [-0.75652661, -0.89723297, -0.89076685, ..., -0.33158912,
          0.        ,  0.6323928 ],
        [-0.99960317, -0.97427739, -0.97742826, ..., -0.85347929,
         -0.6323928 ,  0.        ]],

       [[ 0.        ,  0.14762056,  0.09434243, ...,  0.12543553,
          0.54195031,  0.53775248],
        [-0.14762056,  0.        , -0.05365333, ..., -0.02239336,
          0.41195086,  0.40740159],
        [-0.09434243,  0.05365333,  0.        , ...,  0.03127877,
          0.46024673,  0.45581364],
        ...,
        [-0.12543553,  0.02239336, -0.03127877, ...,  0.        ,
          0.43225252,  0.42775015],
        [-0.54195031, -0.41195086, -0.46024673, ..., -0.43225252,
          0.        , -0.00498695],
        [-0.53775248, -0.40740159, -0.45581364, ..., -0.42775015,
          0.00498695,  0.        ]],

       [[ 0.        , -0.20028277, -0.30700749, ...,  0.53379304,
          0.7485829 ,  0.92812738],
        [ 0.20028277,  0.        , -0.11017642, ...,  0.69233954,
          0.86621094,  0.9838796 ],
        [ 0.30700749,  0.11017642,  0.        , ...,  0.76762481,
          0.91599027,  0.99759287],
        ...,
        [-0.53379304, -0.69233954, -0.76762481, ...,  0.        ,
          0.27908625,  0.5861273 ],
        [-0.7485829 , -0.86621094, -0.91599027, ..., -0.27908625,
          0.        ,  0.33671716],
        [-0.92812738, -0.9838796 , -0.99759287, ..., -0.5861273 ,
         -0.33671716,  0.        ]],

       ...,

       [[ 0.        , -0.04284444, -0.18520978, ...,  0.54414641,
          0.57722311,  0.70351642],
        [ 0.04284444,  0.        , -0.14293653, ...,  0.57959282,
          0.61167927,  0.73331906],
        [ 0.18520978,  0.14293653,  0.        , ...,  0.69012134,
          0.71847638,  0.82296959],
        ...,
        [-0.54414641, -0.57959282, -0.69012134, ...,  0.        ,
          0.03994198,  0.20353   ],
        [-0.57722311, -0.61167927, -0.71847638, ..., -0.03994198,
          0.        ,  0.16426165],
        [-0.70351642, -0.73331906, -0.82296959, ..., -0.20353   ,
         -0.16426165,  0.        ]],

       [[ 0.        ,  0.080183  ,  0.13244941, ..., -0.32537161,
         -0.11010754,  0.54718658],
        [-0.080183  ,  0.        ,  0.05254638, ..., -0.4001439 ,
         -0.18944848,  0.4783107 ],
        [-0.13244941, -0.05254638,  0.        , ..., -0.44774735,
         -0.24078155,  0.43150417],
        ...,
        [ 0.32537161,  0.4001439 ,  0.44774735, ...,  0.        ,
          0.21927707,  0.7897516 ],
        [ 0.11010754,  0.18944848,  0.24078155, ..., -0.21927707,
          0.        ,  0.6360207 ],
        [-0.54718658, -0.4783107 , -0.43150417, ..., -0.7897516 ,
         -0.6360207 ,  0.        ]],

       [[ 0.        , -0.52134752, -0.62307258, ..., -0.81636925,
         -0.82768009, -0.88875737],
        [ 0.52134752,  0.        , -0.12391625, ..., -0.39555017,
         -0.41371587, -0.51944196],
        [ 0.62307258,  0.12391625,  0.        , ..., -0.27869136,
         -0.29771313, -0.40955131],
        ...,
        [ 0.81636925,  0.39555017,  0.27869136, ...,  0.        ,
         -0.01986374, -0.13907865],
        [ 0.82768009,  0.41371587,  0.29771313, ...,  0.01986374,
          0.        , -0.11938052],
        [ 0.88875737,  0.51944196,  0.40955131, ...,  0.13907865,
          0.11938052,  0.        ]]]), 'num': array([ 9.97204987e-01,  7.19086071e-02,  1.76583279e-06,  2.91270576e-08,
        7.34362206e-03,  7.48376752e-03,  7.30157842e-03,  4.81427681e-04,
       -5.60581837e-05,  7.26233770e-03,  7.04020714e-03,  6.79261683e-03,
        8.80310673e-07,  7.43264196e-03,  6.64777233e-03])}
{'img': array([[[ 0.        ,  0.01443227,  0.07168672, ...,  0.89723297,
          0.97427739,  0.96842002],
        [-0.01443227,  0.        ,  0.05728411, ...,  0.89076685,
          0.97742826,  0.96472084],
        [-0.07168672, -0.05728411,  0.        , ...,  0.86327076,
          0.98792552,  0.94805522],
        ...,
        [-0.89723297, -0.89076685, -0.86327076, ...,  0.        ,
          0.6323928 ,  0.203911  ],
        [-0.97427739, -0.97742826, -0.98792552, ..., -0.6323928 ,
          0.        , -0.46114664],
        [-0.96842002, -0.96472084, -0.94805522, ..., -0.203911  ,
          0.46114664,  0.        ]],

       [[ 0.        , -0.05365333, -0.13391974, ...,  0.41195086,
          0.40740159, -0.34456695],
        [ 0.05365333,  0.        , -0.08055682, ...,  0.46024673,
          0.45581364, -0.29370295],
        [ 0.13391974,  0.08055682,  0.        , ...,  0.53026856,
          0.52603388, -0.21574442],
        ...,
        [-0.41195086, -0.46024673, -0.53026856, ...,  0.        ,
         -0.00498695, -0.7006952 ],
        [-0.40740159, -0.45581364, -0.52603388, ...,  0.00498695,
          0.        , -0.69712849],
        [ 0.34456695,  0.29370295,  0.21574442, ...,  0.7006952 ,
          0.69712849,  0.        ]],

       [[ 0.        , -0.10927196, -0.19167122, ...,  0.85034567,
          0.94222611,  0.98539402],
        [ 0.10927196,  0.        , -0.0832775 , ...,  0.90275529,
          0.97318761,  0.99810127],
        [ 0.19167122,  0.0832775 ,  0.        , ...,  0.93544167,
          0.98896203,  0.99976368],
        ...,
        [-0.85034567, -0.90275529, -0.93544167, ...,  0.        ,
          0.21097576,  0.37373325],
        [-0.94222611, -0.97318761, -0.98896203, ..., -0.21097576,
          0.        ,  0.16963333],
        [-0.98539402, -0.99810127, -0.99976368, ..., -0.37373325,
         -0.16963333,  0.        ]],

       ...,

       [[ 0.        , -0.14293653, -0.54659886, ...,  0.61167927,
          0.73331906,  0.69131647],
        [ 0.14293653,  0.        , -0.42129203, ...,  0.71847638,
          0.82296959,  0.78749702],
        [ 0.54659886,  0.42129203,  0.        , ...,  0.94463446,
          0.98570159,  0.97385082],
        ...,
        [-0.61167927, -0.71847638, -0.94463446, ...,  0.        ,
          0.16426165,  0.10493436],
        [-0.73331906, -0.82296959, -0.98570159, ..., -0.16426165,
          0.        , -0.05984577],
        [-0.69131647, -0.78749702, -0.97385082, ..., -0.10493436,
          0.05984577,  0.        ]],

       [[ 0.        ,  0.03389195,  0.02742355, ..., -0.13749396,
          0.18951698,  0.66802143],
        [-0.03389195,  0.        , -0.00647141, ..., -0.17098504,
          0.15613036,  0.64241723],
        [-0.02742355,  0.00647141,  0.        , ..., -0.16460535,
          0.16251913,  0.64736317],
        ...,
        [ 0.13749396,  0.17098504,  0.16460535, ...,  0.        ,
          0.32271928,  0.763992  ],
        [-0.18951698, -0.15613036, -0.16251913, ..., -0.32271928,
          0.        ,  0.51488763],
        [-0.66802143, -0.64241723, -0.64736317, ..., -0.763992  ,
         -0.51488763,  0.        ]],

       [[ 0.        , -0.38435098, -0.35008928, ..., -0.72878902,
         -0.81900967, -0.83848253],
        [ 0.38435098,  0.        ,  0.03682995, ..., -0.40962875,
         -0.53556633, -0.56463243],
        [ 0.35008928, -0.03682995,  0.        , ..., -0.44294904,
         -0.56630562, -0.59464667],
        ...,
        [ 0.72878902,  0.40962875,  0.44294904, ...,  0.        ,
         -0.14264295, -0.17700323],
        [ 0.81900967,  0.53556633,  0.56630562, ...,  0.14264295,
          0.        , -0.03480257],
        [ 0.83848253,  0.56463243,  0.59464667, ...,  0.17700323,
          0.03480257,  0.        ]]]), 'num': array([ 9.98878136e-01,  4.27577299e-02,  1.83164829e-06,  1.91614777e-08,
        7.35477236e-03,  7.42522037e-03,  7.27023474e-03,  4.81103557e-04,
       -2.81792044e-05,  7.34068275e-03,  7.09341024e-03,  6.83780137e-03,
        9.17291811e-07,  7.50548955e-03,  6.68133092e-03])}
{'img': array([[[ 0.        ,  0.05728411,  0.16977914, ...,  0.97742826,
          0.96472084,  0.9297559 ],
        [-0.05728411,  0.        ,  0.11304788, ...,  0.98792552,
          0.94805522,  0.9071385 ],
        [-0.16977914, -0.11304788,  0.        , ...,  0.99910692,
          0.90601656,  0.85374914],
        ...,
        [-0.97742826, -0.98792552, -0.99910692, ...,  0.        ,
         -0.46114664, -0.55629346],
        [-0.96472084, -0.94805522, -0.90601656, ...,  0.46114664,
          0.        , -0.11040614],
        [-0.9297559 , -0.9071385 , -0.85374914, ...,  0.55629346,
          0.11040614,  0.        ]],

       [[ 0.        , -0.08055682, -0.12375057, ...,  0.45581364,
         -0.29370295, -0.29856137],
        [ 0.08055682,  0.        , -0.04341077, ...,  0.52603388,
         -0.21574442, -0.2207084 ],
        [ 0.12375057,  0.04341077,  0.        , ...,  0.56245727,
         -0.1731526 , -0.17816008],
        ...,
        [-0.45581364, -0.52603388, -0.56245727, ...,  0.        ,
         -0.69712849, -0.70076626],
        [ 0.29370295,  0.21574442,  0.1731526 , ...,  0.69712849,
          0.        , -0.00508655],
        [ 0.29856137,  0.2207084 ,  0.17816008, ...,  0.70076626,
          0.00508655,  0.        ]],

       [[ 0.        , -0.07928202, -0.1412831 , ...,  0.88488378,
          0.89896514,  0.99994649],
        [ 0.07928202,  0.        , -0.06235161, ...,  0.91902887,
          0.93086252,  0.99761904],
        [ 0.1412831 ,  0.06235161,  0.        , ...,  0.94181906,
          0.95183268,  0.99137781],
        ...,
        [-0.88488378, -0.91902887, -0.94181906, ...,  0.        ,
          0.03115167,  0.45663298],
        [-0.89896514, -0.93086252, -0.95183268, ..., -0.03115167,
          0.        ,  0.42869711],
        [-0.99994649, -0.99761904, -0.99137781, ..., -0.45663298,
         -0.42869711,  0.        ]],

       ...,

       [[ 0.        , -0.42129203, -0.19643551, ...,  0.82296959,
          0.78749702,  0.83706077],
        [ 0.42129203,  0.        ,  0.2349316 , ...,  0.98570159,
          0.97385082,  0.98964442],
        [ 0.19643551, -0.2349316 ,  0.        , ...,  0.91852762,
          0.89322085,  0.92822392],
        ...,
        [-0.82296959, -0.98570159, -0.91852762, ...,  0.        ,
         -0.05984577,  0.0252672 ],
        [-0.78749702, -0.97385082, -0.89322085, ...,  0.05984577,
          0.        ,  0.08504857],
        [-0.83706077, -0.98964442, -0.92822392, ..., -0.0252672 ,
         -0.08504857,  0.        ]],

       [[ 0.        , -0.00536119,  0.00123183, ...,  0.12416161,
          0.36372601,  0.7368413 ],
        [ 0.00536119,  0.        ,  0.006593  , ...,  0.12947953,
          0.36871476,  0.74045523],
        [-0.00123183, -0.006593  ,  0.        , ...,  0.12293922,
          0.36257828,  0.73600795],
        ...,
        [-0.12416161, -0.12947953, -0.12293922, ...,  0.        ,
          0.24525422,  0.64719822],
        [-0.36372601, -0.36871476, -0.36257828, ..., -0.24525422,
          0.        ,  0.44046938],
        [-0.7368413 , -0.74045523, -0.73600795, ..., -0.64719822,
         -0.44046938,  0.        ]],

       [[ 0.        ,  0.16657592, -0.19872969, ..., -0.6654132 ,
         -0.69301599, -0.7024409 ],
        [-0.16657592,  0.        , -0.35920662, ..., -0.78046126,
         -0.80342189, -0.81118593],
        [ 0.19872969,  0.35920662,  0.        , ..., -0.5037943 ,
         -0.53592468, -0.54698597],
        ...,
        [ 0.6654132 ,  0.78046126,  0.5037943 , ...,  0.        ,
         -0.03760812, -0.05075217],
        [ 0.69301599,  0.80342189,  0.53592468, ...,  0.03760812,
          0.        , -0.01315661],
        [ 0.7024409 ,  0.81118593,  0.54698597, ...,  0.05075217,
          0.01315661,  0.        ]]]), 'num': array([9.98881223e-01, 4.26796003e-02, 1.82830138e-06, 1.39176287e-08,
       7.35539710e-03, 7.38352481e-03, 7.25695010e-03, 9.63627339e-04,
       1.40638568e-05, 7.36102264e-03, 7.10154448e-03, 6.83421401e-03,
       9.50058411e-07, 7.52369218e-03, 6.67939679e-03])}
{'img': array([[[ 0.        ,  0.11304788, -0.35220855, ...,  0.94805522,
          0.9071385 ,  0.92806095],
        [-0.11304788,  0.        , -0.45575468, ...,  0.90601656,
          0.85374914,  0.88000942],
        [ 0.35220855,  0.45575468,  0.        , ...,  0.99934489,
          0.99723117,  0.99976469],
        ...,
        [-0.94805522, -0.90601656, -0.99934489, ...,  0.        ,
         -0.11040614, -0.05786106],
        [-0.9071385 , -0.85374914, -0.99723117, ...,  0.11040614,
          0.        ,  0.05271385],
