state_0,state_1,state_2,state_3,state_4,state_5,state_6,state_7,state_8,state_9,state_10,state_11,state_12,state_13,state_14,state_15,state_16,state_17,state_18,state_19,state_20,state_21,state_22,state_23,state_24,state_25,state_26,state_27,state_28,state_29,state_30,state_31,state_32,state_33,state_34,state_35,state_36,state_37,state_38,state_39,state_40,state_41,state_42,state_43,state_44,state_45,state_46,state_47,state_48,state_49,state_50,state_51,state_52,state_53,state_54,state_55,state_56,state_57,state_58,state_59,state_60,state_61,state_62,state_63,state_64,state_65,state_66,state_67,state_68,state_69,state_70,state_71,state_72,state_73,state_74,state_75,state_76,state_77,state_78,state_79,state_80,state_81,state_82,state_83,state_84,state_85,state_86,state_87,state_88,state_89,state_90,state_91,state_92,state_93,state_94,state_95,state_96,state_97,state_98,state_99,state_100,state_101,state_102,state_103,state_104,state_105,state_106,state_107,state_108,state_109,state_110,state_111,state_112,state_113,state_114,state_115,state_116,state_117,state_118,state_119,state_120,state_121,state_122,state_123,state_124,state_125,state_126,state_127,state_128,state_129,state_130,state_131,state_132,state_133,state_134,state_135,state_136,state_137,state_138,state_139,state_140,state_141,state_142,state_143,state_144,state_145,state_146,state_147,state_148,state_149,state_150,state_151,state_152,state_153,state_154,state_155,state_156,state_157,state_158,state_159,state_160,state_161,state_162,state_163,state_164,state_165,state_166,state_167,state_168,state_169,state_170,state_171,state_172,state_173,state_174,state_175,state_176,state_177,state_178,state_179,state_180,state_181,state_182,state_183,state_184,state_185,state_186,state_187,state_188,state_189,state_190,state_191,state_192,state_193,state_194,state_195,state_196,state_197,state_198,state_199,state_200,state_201,state_202,state_203,state_204,state_205,state_206,state_207,state_208,state_209,state_210,state_211,state_212,state_213,state_214,state_215,state_216,state_217,state_218,state_219,state_220,state_221,state_222,state_223,state_224,state_225,state_226,state_227,state_228,state_229,state_230,state_231,state_232,state_233,state_234,state_235,state_236,state_237,state_238,state_239,state_240,state_241,state_242,state_243,state_244,state_245,state_246,state_247,state_248,state_249,state_250,state_251,state_252,state_253,state_254,state_255,state_256,state_257,state_258,state_259,state_260,state_261,state_262,state_263,state_264,state_265,state_266,state_267,state_268,state_269,state_270,state_271,state_272,state_273,state_274,state_275,state_276,state_277,state_278,state_279,state_280,state_281,state_282,state_283,state_284,state_285,state_286,state_287
{'img': array([[[ 0.        ,  0.1324235 ,  0.        , ...,  0.21081333,
          0.25601533,  0.30153402],
        [-0.1324235 ,  0.        , -0.1324235 , ...,  0.07950928,
          0.12575048,  0.17261858],
        [ 0.        ,  0.1324235 ,  0.        , ...,  0.21081333,
          0.25601533,  0.30153402],
        ...,
        [-0.21081333, -0.07950928, -0.21081333, ...,  0.        ,
          0.04647424,  0.09375634],
        [-0.25601533, -0.12575048, -0.25601533, ..., -0.04647424,
          0.        ,  0.04738551],
        [-0.30153402, -0.17261858, -0.30153402, ..., -0.09375634,
         -0.04738551,  0.        ]],

       [[ 0.        , -0.37386004, -0.40020313, ..., -0.34793991,
         -0.26222792, -0.48194131],
        [ 0.37386004,  0.        , -0.02856722, ...,  0.02779099,
          0.11756467, -0.11941592],
        [ 0.40020313,  0.02856722,  0.        , ...,  0.05633583,
          0.1458858 , -0.09100439],
        ...,
        [ 0.34793991, -0.02779099, -0.05633583, ...,  0.        ,
          0.08992099, -0.14696193],
        [ 0.26222792, -0.11756467, -0.1458858 , ..., -0.08992099,
          0.        , -0.23531121],
        [ 0.48194131,  0.11941592,  0.09100439, ...,  0.14696193,
          0.23531121,  0.        ]],

       [[ 0.        ,  0.05697244,  0.11645333, ...,  0.38432413,
          0.42792547,  0.38175757],
        [-0.05697244,  0.        ,  0.05967938, ...,  0.33110304,
          0.37573793,  0.32848002],
        [-0.11645333, -0.05967938,  0.        , ...,  0.27419974,
          0.31976178,  0.27152671],
        ...,
        [-0.38432413, -0.33110304, -0.27419974, ...,  0.        ,
          0.0477025 , -0.00277846],
        [-0.42792547, -0.37573793, -0.31976178, ..., -0.0477025 ,
          0.        , -0.05047761],
        [-0.38175757, -0.32848002, -0.27152671, ...,  0.00277846,
          0.05047761,  0.        ]],

       ...,

       [[ 0.        ,  0.13819565, -0.08602306, ...,  0.74336016,
          0.59059887,  0.54510466],
        [-0.13819565,  0.        , -0.22288104, ...,  0.6437897 ,
          0.47341294,  0.42401553],
        [ 0.08602306,  0.22288104,  0.        , ...,  0.79814471,
          0.65782722,  0.61520301],
        ...,
        [-0.74336016, -0.6437897 , -0.79814471, ...,  0.        ,
         -0.20481935, -0.25859357],
        [-0.59059887, -0.47341294, -0.65782722, ...,  0.20481935,
          0.        , -0.05525866],
        [-0.54510466, -0.42401553, -0.61520301, ...,  0.25859357,
          0.05525866,  0.        ]],

       [[ 0.        , -0.22825488, -0.2864902 , ..., -0.12406213,
         -0.05795387,  0.00311786],
        [ 0.22825488,  0.        , -0.06024011, ...,  0.10570442,
          0.17144727,  0.23128932],
        [ 0.2864902 ,  0.06024011,  0.        , ...,  0.16541507,
          0.23048406,  0.28947598],
        ...,
        [ 0.12406213, -0.10570442, -0.16541507, ...,  0.        ,
          0.06634747,  0.1271553 ],
        [ 0.05795387, -0.17144727, -0.23048406, ..., -0.06634747,
          0.        ,  0.06106621],
        [-0.00311786, -0.23128932, -0.28947598, ..., -0.1271553 ,
         -0.06106621,  0.        ]],

       [[ 0.        ,  0.44507892,  0.55389017, ..., -0.73390609,
         -0.72214634, -0.67978132],
        [-0.44507892,  0.        ,  0.12543572, ..., -0.95952683,
         -0.95455483, -0.93516578],
        [-0.55389017, -0.12543572,  0.        , ..., -0.98727311,
         -0.9843998 , -0.97221023],
        ...,
        [ 0.73390609,  0.95952683,  0.98727311, ...,  0.        ,
          0.01715385,  0.07651554],
        [ 0.72214634,  0.95455483,  0.9843998 , ..., -0.01715385,
          0.        ,  0.05940071],
        [ 0.67978132,  0.93516578,  0.97221023, ..., -0.07651554,
         -0.05940071,  0.        ]]]), 'num': array([ 7.07098239e-01,  7.07098239e-01,  0.00000000e+00,  0.00000000e+00,
        4.56650221e-05,  4.68337795e-05,  4.55815394e-05,  4.91366490e-03,
       -9.18309402e-07,  4.60490424e-05,  4.41832046e-05,  4.33887278e-05,
        4.60419590e-07,  4.85614311e-05,  3.98049781e-05])}
{'img': array([[[ 0.        , -0.1324235 ,  0.74120631, ...,  0.12575048,
          0.17261858,  0.04521969],
        [ 0.1324235 ,  0.        ,  0.82357157, ...,  0.25601533,
          0.30153402,  0.17710949],
        [-0.74120631, -0.82357157,  0.        , ..., -0.6509091 ,
         -0.61420494, -0.71009316],
        ...,
        [-0.12575048, -0.25601533,  0.6509091 , ...,  0.        ,
          0.04738551, -0.08076111],
        [-0.17261858, -0.30153402,  0.61420494, ..., -0.04738551,
          0.        , -0.12790112],
        [-0.04521969, -0.17710949,  0.71009316, ...,  0.08076111,
          0.12790112,  0.        ]],

       [[ 0.        , -0.02856722,  0.27786152, ...,  0.11756467,
         -0.11941592, -0.10658163],
        [ 0.02856722,  0.        ,  0.25030584, ...,  0.1458858 ,
         -0.09100439, -0.07813363],
        [-0.27786152, -0.25030584,  0.        , ..., -0.38886972,
         -0.16115977, -0.17389424],
        ...,
        [-0.11756467, -0.1458858 ,  0.38886972, ...,  0.        ,
         -0.23531121, -0.22273752],
        [ 0.11941592,  0.09100439,  0.16115977, ...,  0.23531121,
          0.        ,  0.01291676],
        [ 0.10658163,  0.07813363,  0.17389424, ...,  0.22273752,
         -0.01291676,  0.        ]],

       [[ 0.        ,  0.05967938,  0.28393055, ...,  0.37573793,
          0.32848002,  0.30488524],
        [-0.05967938,  0.        ,  0.2262012 , ...,  0.31976178,
          0.27152671,  0.24750383],
        [-0.28393055, -0.2262012 ,  0.        , ...,  0.09714857,
          0.04678587,  0.02192529],
        ...,
        [-0.37573793, -0.31976178, -0.09714857, ...,  0.        ,
         -0.05047761, -0.07530363],
        [-0.32848002, -0.27152671, -0.04678587, ...,  0.05047761,
          0.        , -0.02487335],
        [-0.30488524, -0.24750383, -0.02192529, ...,  0.07530363,
          0.02487335,  0.        ]],

       ...,

       [[ 0.        , -0.22288104,  0.56653349, ...,  0.47341294,
          0.42401553,  0.23913544],
        [ 0.22288104,  0.        ,  0.73594532, ...,  0.65782722,
          0.61520301,  0.44953457],
        [-0.56653349, -0.73594532,  0.        , ..., -0.10891512,
         -0.16367863, -0.35303936],
        ...,
        [-0.47341294, -0.65782722,  0.10891512, ...,  0.        ,
         -0.05525866, -0.24903724],
        [-0.42401553, -0.61520301,  0.16367863, ...,  0.05525866,
          0.        , -0.19513905],
        [-0.23913544, -0.44953457,  0.35303936, ...,  0.24903724,
          0.19513905,  0.        ]],

       [[ 0.        , -0.06024011,  0.20656575, ...,  0.17144727,
          0.23128932,  0.25341985],
        [ 0.06024011,  0.        ,  0.2651315 , ...,  0.23048406,
          0.28947598,  0.31123327],
        [-0.20656575, -0.2651315 ,  0.        , ..., -0.03575757,
          0.02533632,  0.04813158],
        ...,
        [-0.17144727, -0.23048406,  0.03575757, ...,  0.        ,
          0.06106621,  0.08381693],
        [-0.23128932, -0.28947598, -0.02533632, ..., -0.06106621,
          0.        ,  0.02280918],
        [-0.25341985, -0.31123327, -0.04813158, ..., -0.08381693,
         -0.02280918,  0.        ]],

       [[ 0.        ,  0.12543572, -0.44599738, ..., -0.95455483,
         -0.93516578, -0.90234834],
        [-0.12543572,  0.        , -0.55474405, ..., -0.9843998 ,
         -0.97221023, -0.9492851 ],
        [ 0.44599738,  0.55474405,  0.        , ..., -0.72143629,
         -0.67902853, -0.61540446],
        ...,
        [ 0.95455483,  0.9843998 ,  0.72143629, ...,  0.        ,
          0.05940071,  0.14248859],
        [ 0.93516578,  0.97221023,  0.67902853, ..., -0.05940071,
          0.        ,  0.08344237],
        [ 0.90234834,  0.9492851 ,  0.61540446, ..., -0.14248859,
         -0.08344237,  0.        ]]]), 'num': array([7.07103052e-01, 7.07103052e-01, 0.00000000e+00, 0.00000000e+00,
       4.57488161e-05, 4.62497155e-05, 4.52479166e-05, 3.24535256e-03,
       8.34832411e-08, 4.60326591e-05, 4.45111770e-05, 4.33959801e-05,
       4.68320621e-07, 4.82865468e-05, 4.07358073e-05])}
{'img': array([[[ 0.        ,  0.82357157,  0.69369584, ...,  0.30153402,
          0.17710949,  0.18832574],
        [-0.82357157,  0.        , -0.19971944, ..., -0.61420494,
         -0.71009316, -0.7020144 ],
        [-0.69369584,  0.19971944,  0.        , ..., -0.44422273,
         -0.555163  , -0.54563826],
        ...,
        [-0.30153402,  0.61420494,  0.44422273, ...,  0.        ,
         -0.12790112, -0.11657837],
        [-0.17710949,  0.71009316,  0.555163  , ...,  0.12790112,
          0.        ,  0.01140812],
        [-0.18832574,  0.7020144 ,  0.54563826, ...,  0.11657837,
         -0.01140812,  0.        ]],

       [[ 0.        ,  0.25030584,  0.5928088 , ..., -0.09100439,
         -0.07813363, -0.18217347],
        [-0.25030584,  0.        , -0.77551992, ..., -0.16115977,
         -0.17389424, -0.06974301],
        [-0.5928088 ,  0.77551992,  0.        , ..., -0.6636387 ,
         -0.65392091, -0.72960115],
        ...,
        [ 0.09100439,  0.16115977,  0.6636387 , ...,  0.        ,
          0.01291676, -0.09193599],
        [ 0.07813363,  0.17389424,  0.65392091, ..., -0.01291676,
          0.        , -0.10479037],
        [ 0.18217347,  0.06974301,  0.72960115, ...,  0.09193599,
          0.10479037,  0.        ]],

       [[ 0.        ,  0.2262012 ,  0.3520653 , ...,  0.27152671,
          0.24750383,  0.2448384 ],
        [-0.2262012 ,  0.        ,  0.13122121, ...,  0.04678587,
          0.02192529,  0.01917581],
        [-0.3520653 , -0.13122121,  0.        , ..., -0.0846962 ,
         -0.10945396, -0.11218708],
        ...,
        [-0.27152671, -0.04678587,  0.0846962 , ...,  0.        ,
         -0.02487335, -0.02762246],
        [-0.24750383, -0.02192529,  0.10945396, ...,  0.02487335,
          0.        , -0.00275006],
        [-0.2448384 , -0.01917581,  0.11218708, ...,  0.02762246,
          0.00275006,  0.        ]],

       ...,

       [[ 0.        ,  0.73594532,  0.55453314, ...,  0.61520301,
          0.44953457,  0.4830942 ],
        [-0.73594532,  0.        , -0.23698381, ..., -0.16367863,
         -0.35303936, -0.31729589],
        [-0.55453314,  0.23698381,  0.        , ...,  0.07477176,
         -0.12125848, -0.08351923],
        ...,
        [-0.61520301,  0.16367863, -0.07477176, ...,  0.        ,
         -0.19513905, -0.15779595],
        [-0.44953457,  0.35303936,  0.12125848, ...,  0.19513905,
          0.        ,  0.03793188],
        [-0.4830942 ,  0.31729589,  0.08351923, ...,  0.15779595,
         -0.03793188,  0.        ]],

       [[ 0.        ,  0.2651315 ,  0.40304769, ...,  0.28947598,
          0.31123327,  0.2560436 ],
        [-0.2651315 ,  0.        ,  0.14598076, ...,  0.02533632,
          0.04813158, -0.00941302],
        [-0.40304769, -0.14598076,  0.        , ..., -0.12086899,
         -0.0981956 , -0.15528647],
        ...,
        [-0.28947598, -0.02533632,  0.12086899, ...,  0.        ,
          0.02280918, -0.0347452 ],
        [-0.31123327, -0.04813158,  0.0981956 , ..., -0.02280918,
          0.        , -0.05753156],
        [-0.2560436 ,  0.00941302,  0.15528647, ...,  0.0347452 ,
          0.05753156,  0.        ]],

       [[ 0.        , -0.55474405, -0.65117618, ..., -0.97221023,
         -0.9492851 , -0.83495286],
        [ 0.55474405,  0.        , -0.12078228, ..., -0.67902853,
         -0.61540446, -0.38941081],
        [ 0.65117618,  0.12078228,  0.        , ..., -0.58538967,
         -0.51569711, -0.27531171],
        ...,
        [ 0.97221023,  0.67902853,  0.58538967, ...,  0.        ,
          0.08344237,  0.33955776],
        [ 0.9492851 ,  0.61540446,  0.51569711, ..., -0.08344237,
          0.        ,  0.25988893],
        [ 0.83495286,  0.38941081,  0.27531171, ..., -0.33955776,
         -0.25988893,  0.        ]]]), 'num': array([ 9.15724747e-01,  3.99303470e-01,  9.25486159e-05, -8.50172477e-11,
        5.97225947e-05,  6.22913085e-05,  5.89733865e-05,  4.47760093e-02,
        1.07029740e-06,  5.91874460e-05,  5.74990519e-05,  5.56840059e-05,
        6.69756653e-07,  6.16049330e-05,  5.33931708e-05])}
{'img': array([[[ 0.        , -0.19971944,  0.13873469, ..., -0.71009316,
         -0.7020144 , -0.61420494],
        [ 0.19971944,  0.        ,  0.33372769, ..., -0.555163  ,
         -0.54563826, -0.44422273],
        [-0.13873469, -0.33372769,  0.        , ..., -0.80091043,
         -0.79402731, -0.71774733],
        ...,
        [ 0.71009316,  0.555163  ,  0.80091043, ...,  0.        ,
          0.01140812,  0.12790112],
        [ 0.7020144 ,  0.54563826,  0.79402731, ..., -0.01140812,
          0.        ,  0.11657837],
        [ 0.61420494,  0.44422273,  0.71774733, ..., -0.12790112,
         -0.11657837,  0.        ]],

       [[ 0.        , -0.77551992, -0.64494253, ..., -0.17389424,
         -0.06974301, -0.65630541],
        [ 0.77551992,  0.        , -0.18550931, ..., -0.65392091,
         -0.72960115, -0.1707854 ],
        [ 0.64494253,  0.18550931,  0.        , ..., -0.50222101,
         -0.59007231,  0.01496286],
        ...,
        [ 0.17389424,  0.65392091,  0.50222101, ...,  0.        ,
         -0.10479037,  0.51510377],
        [ 0.06974301,  0.72960115,  0.59007231, ...,  0.10479037,
          0.        ,  0.60208652],
        [ 0.65630541,  0.1707854 , -0.01496286, ..., -0.51510377,
         -0.60208652,  0.        ]],

       [[ 0.        ,  0.13122121,  0.35481456, ...,  0.02192529,
          0.01917581,  0.04124322],
        [-0.13122121,  0.        ,  0.22906299, ..., -0.10945396,
         -0.11218708, -0.09022297],
        [-0.35481456, -0.22906299,  0.        , ..., -0.33423051,
         -0.33682115, -0.31595286],
        ...,
        [-0.02192529,  0.10945396,  0.33423051, ...,  0.        ,
         -0.00275006,  0.01932667],
        [-0.01917581,  0.11218708,  0.33682115, ...,  0.00275006,
          0.        ,  0.02207614],
        [-0.04124322,  0.09022297,  0.31595286, ..., -0.01932667,
         -0.02207614,  0.        ]],

       ...,

       [[ 0.        , -0.23698381, -0.06104309, ..., -0.35303936,
         -0.31729589, -0.04078487],
        [ 0.23698381,  0.        ,  0.17723767, ..., -0.12125848,
         -0.08351923,  0.19716357],
        [ 0.06104309, -0.17723767,  0.        , ..., -0.29526855,
         -0.25881539,  0.02028348],
        ...,
        [ 0.35303936,  0.12125848,  0.29526855, ...,  0.        ,
          0.03793188,  0.31458694],
        [ 0.31729589,  0.08351923,  0.25881539, ..., -0.03793188,
          0.        ,  0.2783545 ],
        [ 0.04078487, -0.19716357, -0.02028348, ..., -0.31458694,
         -0.2783545 ,  0.        ]],

       [[ 0.        ,  0.14598076,  0.33728246, ...,  0.04813158,
         -0.00941302, -0.05842727],
        [-0.14598076,  0.        ,  0.19624251, ..., -0.0981956 ,
         -0.15528647, -0.20353274],
        [-0.33728246, -0.19624251,  0.        , ..., -0.29158031,
         -0.34612897, -0.39170991],
        ...,
        [-0.04813158,  0.0981956 ,  0.29158031, ...,  0.        ,
         -0.05753156, -0.10640892],
        [ 0.00941302,  0.15528647,  0.34612897, ...,  0.05753156,
          0.        , -0.04902775],
        [ 0.05842727,  0.20353274,  0.39170991, ...,  0.10640892,
          0.04902775,  0.        ]],

       [[ 0.        , -0.39144038, -0.50249389, ..., -0.90046131,
         -0.72144549, -0.32833159],
        [ 0.39144038,  0.        , -0.1239648 , ..., -0.65835606,
         -0.39281545,  0.06760804],
        [ 0.50249389,  0.1239648 ,  0.        , ..., -0.55996878,
         -0.27578534,  0.19076772],
        ...,
        [ 0.90046131,  0.65835606,  0.55996878, ...,  0.        ,
          0.30976084,  0.70773874],
        [ 0.72144549,  0.39281545,  0.27578534, ..., -0.30976084,
          0.        ,  0.4540902 ],
        [ 0.32833159, -0.06760804, -0.19076772, ..., -0.70773874,
         -0.4540902 ,  0.        ]]]), 'num': array([9.27841188e-01, 3.72881276e-01, 9.85719205e-05, 1.09218150e-08,
       6.07310037e-05, 6.11624851e-05, 5.97601706e-05, 8.38128842e-03,
       5.39351721e-07, 5.98464669e-05, 5.83201016e-05, 5.60530265e-05,
       6.84686017e-07, 6.20451599e-05, 5.45950432e-05])}
{'img': array([[[ 0.        ,  0.33372769,  0.30348886, ..., -0.54563826,
         -0.44422273, -0.38896543],
        [-0.33372769,  0.        , -0.03189773, ..., -0.79402731,
         -0.71774733, -0.67411328],
        [-0.30348886,  0.03189773,  0.        , ..., -0.7742332 ,
         -0.6951716 , -0.6502097 ],
        ...,
        [ 0.54563826,  0.79402731,  0.7742332 , ...,  0.        ,
          0.11657837,  0.1767094 ],
        [ 0.44422273,  0.71774733,  0.6951716 , ..., -0.11657837,
          0.        ,  0.06076072],
        [ 0.38896543,  0.67411328,  0.6502097 , ..., -0.1767094 ,
         -0.06076072,  0.        ]],

       [[ 0.        , -0.22566297, -0.52416644, ..., -0.82923587,
         -0.20799178, -0.70606287],
        [ 0.22566297,  0.        , -0.31846763, ..., -0.68172332,
          0.01810113, -0.52804724],
        [ 0.52416644,  0.31846763,  0.        , ..., -0.41323441,
          0.33557413, -0.2301063 ],
        ...,
        [ 0.82923587,  0.68172332,  0.41323441, ...,  0.        ,
          0.6948546 ,  0.19260499],
        [ 0.20799178, -0.01810113, -0.33557413, ..., -0.6948546 ,
          0.        , -0.54333247],
        [ 0.70606287,  0.52804724,  0.2301063 , ..., -0.19260499,
          0.54333247,  0.        ]],

       [[ 0.        ,  0.22906299,  0.44585056, ..., -0.11218708,
         -0.09022297, -0.06523787],
        [-0.22906299,  0.        ,  0.22896013, ..., -0.33682115,
         -0.31595286, -0.29207833],
        [-0.44585056, -0.22896013,  0.        , ..., -0.54345544,
         -0.52479145, -0.50329569],
        ...,
        [ 0.11218708,  0.33682115,  0.54345544, ...,  0.        ,
          0.02207614,  0.04712206],
        [ 0.09022297,  0.31595286,  0.52479145, ..., -0.02207614,
          0.        ,  0.02505896],
        [ 0.06523787,  0.29207833,  0.50329569, ..., -0.04712206,
         -0.02505896,  0.        ]],

       ...,

       [[ 0.        ,  0.17723767,  0.24769291, ..., -0.08351923,
          0.19716357,  0.2397981 ],
        [-0.17723767,  0.        ,  0.07205676, ..., -0.25881539,
          0.02028348,  0.06393527],
        [-0.24769291, -0.07205676,  0.        , ..., -0.32774416,
         -0.05181118, -0.00814026],
        ...,
        [ 0.08351923,  0.25881539,  0.32774416, ...,  0.        ,
          0.2783545 ,  0.32004266],
        [-0.19716357, -0.02028348,  0.05181118, ..., -0.2783545 ,
          0.        ,  0.04368013],
        [-0.2397981 , -0.06393527,  0.00814026, ..., -0.32004266,
         -0.04368013,  0.        ]],

       [[ 0.        ,  0.19624251,  0.36287222, ..., -0.15528647,
         -0.20353274, -0.21043925],
        [-0.19624251,  0.        ,  0.17294991, ..., -0.34612897,
         -0.39170991, -0.39819538],
        [-0.36287222, -0.17294991,  0.        , ..., -0.50317237,
         -0.54493636, -0.55084188],
        ...,
        [ 0.15528647,  0.34612897,  0.50317237, ...,  0.        ,
         -0.04902775, -0.05607738],
        [ 0.20353274,  0.39170991,  0.54493636, ...,  0.04902775,
          0.        , -0.00705935],
        [ 0.21043925,  0.39819538,  0.55084188, ...,  0.05607738,
          0.00705935,  0.        ]],

       [[ 0.        , -0.08630469, -0.17458383, ..., -0.30656351,
          0.04133798,  0.57489153],
        [ 0.08630469,  0.        , -0.08895317, ..., -0.22327052,
          0.12741466,  0.64336354],
        [ 0.17458383,  0.08895317,  0.        , ..., -0.13567775,
          0.21513772,  0.70891218],
        ...,
        [ 0.30656351,  0.22327052,  0.13567775, ...,  0.        ,
          0.34564903,  0.79804997],
        [-0.04133798, -0.12741466, -0.21513772, ..., -0.34564903,
          0.        ,  0.54057616],
        [-0.57489153, -0.64336354, -0.70891218, ..., -0.79804997,
         -0.54057616,  0.        ]]]), 'num': array([8.91544932e-01, 4.52350873e-01, 7.69166514e-05, 1.57903386e-08,
       5.87865185e-05, 5.97131011e-05, 5.81687967e-05, 2.29410322e-02,
       8.23628980e-07, 5.73863492e-05, 5.59347031e-05, 5.34638162e-05,
       6.21732915e-07, 5.95688931e-05, 5.23005131e-05])}
{'img': array([[[ 0.        , -0.03189773,  0.32475127, ..., -0.71774733,
         -0.67411328, -0.59552727],
        [ 0.03189773,  0.        ,  0.35475487, ..., -0.6951716 ,
         -0.6502097 , -0.56959966],
        [-0.32475127, -0.35475487,  0.        , ..., -0.90497053,
         -0.87744635, -0.82413346],
        ...,
        [ 0.71774733,  0.6951716 ,  0.90497053, ...,  0.        ,
          0.06076072,  0.16192382],
        [ 0.67411328,  0.6502097 ,  0.87744635, ..., -0.06076072,
          0.        ,  0.10166576],
        [ 0.59552727,  0.56959966,  0.82413346, ..., -0.16192382,
         -0.10166576,  0.        ]],

       [[ 0.        , -0.31846763, -0.28682413, ...,  0.01810113,
         -0.52804724, -0.2440442 ],
        [ 0.31846763,  0.        ,  0.03319639, ...,  0.33557413,
         -0.2301063 ,  0.07750075],
        [ 0.28682413, -0.03319639,  0.        , ...,  0.30411772,
         -0.26228506,  0.04436149],
        ...,
        [-0.01810113, -0.33557413, -0.30411772, ...,  0.        ,
         -0.54333247, -0.26155804],
        [ 0.52804724,  0.2301063 ,  0.26228506, ...,  0.54333247,
          0.        ,  0.30483527],
        [ 0.2440442 , -0.07750075, -0.04436149, ...,  0.26155804,
         -0.30483527,  0.        ]],

       [[ 0.        ,  0.22896013,  0.77486696, ..., -0.31595286,
         -0.29207833, -0.25682424],
        [-0.22896013,  0.        ,  0.60955197, ..., -0.52479145,
         -0.50329569, -0.47128229],
        [-0.77486696, -0.60955197,  0.        , ..., -0.93489581,
         -0.92570825, -0.91122133],
        ...,
        [ 0.31595286,  0.52479145,  0.93489581, ...,  0.        ,
          0.02505896,  0.06168682],
        [ 0.29207833,  0.50329569,  0.92570825, ..., -0.02505896,
          0.        ,  0.03665621],
        [ 0.25682424,  0.47128229,  0.91122133, ..., -0.06168682,
         -0.03665621,  0.        ]],

       ...,

       [[ 0.        ,  0.07205676,  0.1396615 , ...,  0.02028348,
          0.06393527, -0.0804147 ],
        [-0.07205676,  0.        ,  0.0679479 , ..., -0.05181118,
         -0.00814026, -0.15202907],
        [-0.1396615 , -0.0679479 ,  0.        , ..., -0.11954807,
         -0.0760671 , -0.21883579],
        ...,
        [-0.02028348,  0.05181118,  0.11954807, ...,  0.        ,
          0.04368013, -0.10061596],
        [-0.06393527,  0.00814026,  0.0760671 , ..., -0.04368013,
          0.        , -0.1439784 ],
        [ 0.0804147 ,  0.15202907,  0.21883579, ...,  0.10061596,
          0.1439784 ,  0.        ]],

       [[ 0.        ,  0.17294991,  0.36269088, ..., -0.39170991,
         -0.39819538, -0.34283352],
        [-0.17294991,  0.        ,  0.19605169, ..., -0.54493636,
         -0.55084188, -0.50013571],
        [-0.36269088, -0.19605169,  0.        , ..., -0.69874599,
         -0.70377863, -0.66020024],
        ...,
        [ 0.39170991,  0.54493636,  0.69874599, ...,  0.        ,
         -0.00705935,  0.05253352],
        [ 0.39819538,  0.55084188,  0.70377863, ...,  0.00705935,
          0.        ,  0.05958181],
        [ 0.34283352,  0.50013571,  0.66020024, ..., -0.05253352,
         -0.05958181,  0.        ]],

       [[ 0.        , -0.08272563, -0.15443119, ...,  0.11573807,
          0.45062727,  0.68353219],
        [ 0.08272563,  0.        , -0.07216864, ...,  0.19751106,
          0.52293287,  0.74157241],
        [ 0.15443119,  0.07216864,  0.        , ...,  0.26774301,
          0.58308395,  0.7880547 ],
        ...,
        [-0.11573807, -0.19751106, -0.26774301, ...,  0.        ,
          0.34427816,  0.59445911],
        [-0.45062727, -0.52293287, -0.58308395, ..., -0.34427816,
          0.        ,  0.28127549],
        [-0.68353219, -0.74157241, -0.7880547 , ..., -0.59445911,
         -0.28127549,  0.        ]]]), 'num': array([9.58446222e-01, 2.82626245e-01, 1.16120271e-04, 2.44226645e-08,
       6.35587301e-05, 6.46508045e-05, 6.17022036e-05, 3.87711530e-02,
       1.20128184e-06, 6.16366792e-05, 5.96327226e-05, 5.66677406e-05,
       7.57171584e-07, 6.38086615e-05, 5.54567838e-05])}
{'img': array([[[ 0.        ,  0.35475487, -0.30348886, ..., -0.6502097 ,
         -0.56959966, -0.4373648 ],
        [-0.35475487,  0.        , -0.62177259, ..., -0.87744635,
         -0.82413346, -0.72794375],
        [ 0.30348886,  0.62177259,  0.        , ..., -0.38896543,
         -0.29329024, -0.14381376],
        ...,
        [ 0.6502097 ,  0.87744635,  0.38896543, ...,  0.        ,
          0.10166576,  0.25243328],
        [ 0.56959966,  0.82413346,  0.29329024, ..., -0.10166576,
          0.        ,  0.15275209],
        [ 0.4373648 ,  0.72794375,  0.14381376, ..., -0.25243328,
         -0.15275209,  0.        ]],

       [[ 0.        ,  0.03319639, -0.01474619, ..., -0.2301063 ,
          0.07750075,  0.26160092],
        [-0.03319639,  0.        , -0.04793085, ..., -0.26228506,
          0.04436149,  0.22941638],
        [ 0.01474619,  0.04793085,  0.        , ..., -0.2157308 ,
          0.09219417,  0.27580515],
        ...,
        [ 0.2301063 ,  0.26228506,  0.2157308 , ...,  0.        ,
          0.30483527,  0.4766741 ],
        [-0.07750075, -0.04436149, -0.09219417, ..., -0.30483527,
          0.        ,  0.18601223],
        [-0.26160092, -0.22941638, -0.27580515, ..., -0.4766741 ,
         -0.18601223,  0.        ]],

       [[ 0.        ,  0.60955197,  0.41448358, ..., -0.50329569,
         -0.47128229, -0.37899331],
        [-0.60955197,  0.        , -0.22614666, ..., -0.92570825,
         -0.91122133, -0.8645245 ],
        [-0.41448358,  0.22614666,  0.        , ..., -0.81618883,
         -0.79446088, -0.72846829],
        ...,
        [ 0.50329569,  0.92570825,  0.81618883, ...,  0.        ,
          0.03665621,  0.13825602],
        [ 0.47128229,  0.91122133,  0.79446088, ..., -0.03665621,
          0.        ,  0.10185892],
        [ 0.37899331,  0.8645245 ,  0.72846829, ..., -0.13825602,
         -0.10185892,  0.        ]],

       ...,

       [[ 0.        ,  0.0679479 ,  0.02115831, ..., -0.00814026,
         -0.15202907,  0.33746906],
        [-0.0679479 ,  0.        , -0.04682328, ..., -0.0760671 ,
         -0.21883579,  0.27272728],
        [-0.02115831,  0.04682328,  0.        , ..., -0.02929605,
         -0.1729074 ,  0.31747642],
        ...,
        [ 0.00814026,  0.0760671 ,  0.02929605, ...,  0.        ,
         -0.1439784 ,  0.34512061],
        [ 0.15202907,  0.21883579,  0.1729074 , ...,  0.1439784 ,
          0.        ,  0.47665686],
        [-0.33746906, -0.27272728, -0.31747642, ..., -0.34512061,
         -0.47665686,  0.        ]],

       [[ 0.        ,  0.19605169,  0.29424704, ..., -0.55084188,
         -0.50013571, -0.41164591],
        [-0.19605169,  0.        ,  0.10116439, ..., -0.70377863,
         -0.66020024, -0.58232783],
        [-0.29424704, -0.10116439,  0.        , ..., -0.77203719,
         -0.73279675, -0.66158233],
        ...,
        [ 0.55084188,  0.70377863,  0.77203719, ...,  0.        ,
          0.05958181,  0.15844273],
        [ 0.50013571,  0.66020024,  0.73279675, ..., -0.05958181,
          0.        ,  0.09933206],
        [ 0.41164591,  0.58232783,  0.66158233, ..., -0.15844273,
         -0.09933206,  0.        ]],

       [[ 0.        , -0.07216864, -0.07492967, ...,  0.52293287,
          0.74157241,  0.67818792],
        [ 0.07216864,  0.        , -0.00276852, ...,  0.58308395,
          0.7880547 ,  0.72945542],
        [ 0.07492967,  0.00276852,  0.        , ...,  0.5853309 ,
          0.78975599,  0.73134637],
        ...,
        [-0.52293287, -0.58308395, -0.5853309 , ...,  0.        ,
          0.28127549,  0.19377231],
        [-0.74157241, -0.7880547 , -0.78975599, ..., -0.28127549,
          0.        , -0.0899952 ],
        [-0.67818792, -0.72945542, -0.73134637, ..., -0.19377231,
          0.0899952 ,  0.        ]]]), 'num': array([9.77760216e-01, 2.08949103e-01, 1.32098122e-04, 4.02864534e-08,
       6.48402689e-05, 6.62885910e-05, 6.42832219e-05, 1.80328475e-02,
       0.00000000e+00, 6.36370474e-05, 6.11247655e-05, 5.77676290e-05,
       8.15956145e-07, 6.56394036e-05, 5.66101274e-05])}
{'img': array([[[ 0.        , -0.62177259, -0.85231106, ..., -0.82413346,
         -0.72794375, -0.72794375],
        [ 0.62177259,  0.        , -0.34231921, ..., -0.29329024,
         -0.14381376, -0.14381376],
        [ 0.85231106,  0.34231921,  0.        , ...,  0.05169446,
          0.20363565,  0.20363565],
        ...,
        [ 0.82413346,  0.29329024, -0.05169446, ...,  0.        ,
          0.15275209,  0.15275209],
        [ 0.72794375,  0.14381376, -0.20363565, ..., -0.15275209,
          0.        ,  0.        ],
        [ 0.72794375,  0.14381376, -0.20363565, ..., -0.15275209,
          0.        ,  0.        ]],

       [[ 0.        , -0.04793085, -0.03304558, ...,  0.04436149,
          0.22941638, -0.06227773],
        [ 0.04793085,  0.        ,  0.01489706, ...,  0.09219417,
          0.27580515, -0.01436835],
        [ 0.03304558, -0.01489706,  0.        , ...,  0.07735032,
          0.26145529, -0.02926228],
        ...,
        [-0.04436149, -0.09219417, -0.07735032, ...,  0.        ,
          0.18601223, -0.10649181],
        [-0.22941638, -0.27580515, -0.26145529, ..., -0.18601223,
          0.        , -0.28958774],
        [ 0.06227773,  0.01436835,  0.02926228, ...,  0.10649181,
          0.28958774,  0.        ]],

       [[ 0.        , -0.22614666, -0.41037447, ..., -0.91122133,
         -0.8645245 , -0.80691061],
        [ 0.22614666,  0.        , -0.193516  , ..., -0.79446088,
         -0.72846829, -0.65242733],
        [ 0.41037447,  0.193516  ,  0.        , ..., -0.66191805,
         -0.58212429, -0.49343822],
        ...,
        [ 0.91122133,  0.79446088,  0.66191805, ...,  0.        ,
          0.10185892,  0.20585408],
        [ 0.8645245 ,  0.72846829,  0.58212429, ..., -0.10185892,
          0.        ,  0.10510603],
        [ 0.80691061,  0.65242733,  0.49343822, ..., -0.20585408,
         -0.10510603,  0.        ]],

       ...,

       [[ 0.        , -0.0450094 , -0.24243895, ..., -0.21180429,
          0.25668699,  0.71921064],
        [ 0.0450094 ,  0.        , -0.19852663, ..., -0.16760141,
          0.2999282 ,  0.74975394],
        [ 0.24243895,  0.19852663,  0.        , ...,  0.03145305,
          0.48334509,  0.86619885],
        ...,
        [ 0.21180429,  0.16760141, -0.03145305, ...,  0.        ,
          0.45557101,  0.85005321],
        [-0.25668699, -0.2999282 , -0.48334509, ..., -0.45557101,
          0.        ,  0.51676909],
        [-0.71921064, -0.74975394, -0.86619885, ..., -0.85005321,
         -0.51676909,  0.        ]],

       [[ 0.        ,  0.10116439,  0.13018112, ..., -0.66020024,
         -0.58232783, -0.51009116],
        [-0.10116439,  0.        ,  0.02920976, ..., -0.73279675,
         -0.66158233, -0.5944878 ],
        [-0.13018112, -0.02920976,  0.        , ..., -0.75235978,
         -0.68320363, -0.61772183],
        ...,
        [ 0.66020024,  0.73279675,  0.75235978, ...,  0.        ,
          0.09933206,  0.18472748],
        [ 0.58232783,  0.66158233,  0.68320363, ..., -0.09933206,
          0.        ,  0.08619134],
        [ 0.51009116,  0.5944878 ,  0.61772183, ..., -0.18472748,
         -0.08619134,  0.        ]],

       [[ 0.        , -0.00275885,  0.02449161, ...,  0.74253718,
          0.71323221,  0.78975641],
        [ 0.00275885,  0.        ,  0.02724954, ...,  0.74438224,
          0.71516325,  0.79144574],
        [-0.02449161, -0.02724954,  0.        , ...,  0.72590984,
          0.69585141,  0.77449585],
        ...,
        [-0.74253718, -0.74438224, -0.72590984, ...,  0.        ,
         -0.04273857,  0.07349508],
        [-0.71323221, -0.71516325, -0.69585141, ...,  0.04273857,
          0.        ,  0.11605091],
        [-0.78975641, -0.79144574, -0.77449585, ..., -0.07349508,
         -0.11605091,  0.        ]]]), 'num': array([ 7.97216515e-01,  6.03643424e-01,  3.36064395e-05,  3.21197079e-08,
        5.25015166e-05,  5.32307043e-05,  5.18634773e-05,  7.77320500e-03,
       -5.46890797e-07,  5.23921384e-05,  5.02273623e-05,  4.72088289e-05,
        5.95694701e-07,  5.39671051e-05,  4.64876195e-05])}
{'img': array([[[ 0.        , -0.70600516, -0.52010333, ..., -0.45483151,
         -0.45483151, -0.57574519],
        [ 0.70600516,  0.        ,  0.23466071, ...,  0.3066376 ,
          0.3066376 ,  0.16950383],
        [ 0.52010333, -0.23466071,  0.        , ...,  0.07471922,
          0.07471922, -0.06649423],
        ...,
        [ 0.45483151, -0.3066376 , -0.07471922, ...,  0.        ,
          0.        , -0.1408622 ],
        [ 0.45483151, -0.3066376 , -0.07471922, ...,  0.        ,
          0.        , -0.1408622 ],
        [ 0.57574519, -0.16950383,  0.06649423, ...,  0.1408622 ,
          0.1408622 ,  0.        ]],

       [[ 0.        ,  0.01489706, -0.09386714, ...,  0.27580515,
         -0.01436835, -0.19251422],
        [-0.01489706,  0.        , -0.10868802, ...,  0.26145529,
         -0.02926228, -0.20711126],
        [ 0.09386714,  0.10868802,  0.        , ...,  0.36481377,
          0.07955255, -0.09955294],
        ...,
        [-0.27580515, -0.26145529, -0.36481377, ...,  0.        ,
         -0.28958774, -0.45569328],
        [ 0.01436835,  0.02926228, -0.07955255, ...,  0.28958774,
          0.        , -0.17839477],
        [ 0.19251422,  0.20711126,  0.09955294, ...,  0.45569328,
          0.17839477,  0.        ]],

       [[ 0.        , -0.34930824, -0.49979846, ..., -0.85275587,
         -0.7912069 , -0.75232456],
        [ 0.34930824,  0.        , -0.16576465, ..., -0.61659188,
         -0.52774815, -0.47481234],
        [ 0.49979846,  0.16576465,  0.        , ..., -0.47755785,
         -0.37964629, -0.32235615],
        ...,
        [ 0.85275587,  0.61659188,  0.47755785, ...,  0.        ,
          0.10824657,  0.16884287],
        [ 0.7912069 ,  0.52774815,  0.37964629, ..., -0.10824657,
          0.        ,  0.06115829],
        [ 0.75232456,  0.47481234,  0.32235615, ..., -0.16884287,
         -0.06115829,  0.        ]],

       ...,

       [[ 0.        , -0.19852663, -0.10200534, ...,  0.2999282 ,
          0.74975394,  0.06572638],
        [ 0.19852663,  0.        ,  0.09751611, ...,  0.48334509,
          0.86619885,  0.26251548],
        [ 0.10200534, -0.09751611,  0.        , ...,  0.39567293,
          0.81334175,  0.16716832],
        ...,
        [-0.2999282 , -0.48334509, -0.39567293, ...,  0.        ,
          0.51676909, -0.2365792 ],
        [-0.74975394, -0.86619885, -0.81334175, ..., -0.51676909,
          0.        , -0.70464049],
        [-0.06572638, -0.26251548, -0.16716832, ...,  0.2365792 ,
          0.70464049,  0.        ]],

       [[ 0.        ,  0.02920976,  0.07920781, ..., -0.66158233,
         -0.5944878 , -0.5518632 ],
        [-0.02920976,  0.        ,  0.05005603, ..., -0.68320363,
         -0.61772183, -0.57598675],
        [-0.07920781, -0.05005603,  0.        , ..., -0.71889948,
         -0.65631136, -0.61618345],
        ...,
        [ 0.66158233,  0.68320363,  0.71889948, ...,  0.        ,
          0.08619134,  0.13788937],
        [ 0.5944878 ,  0.61772183,  0.65631136, ..., -0.08619134,
          0.        ,  0.05200822],
        [ 0.5518632 ,  0.57598675,  0.61618345, ..., -0.13788937,
         -0.05200822,  0.        ]],

       [[ 0.        ,  0.0258964 ,  0.03368702, ...,  0.60306252,
          0.62111824,  0.81516548],
        [-0.0258964 ,  0.        ,  0.00779403, ...,  0.58220287,
          0.60061449,  0.79989217],
        [-0.03368702, -0.00779403,  0.        , ...,  0.57584831,
          0.59436462,  0.79519034],
        ...,
        [-0.60306252, -0.58220287, -0.57584831, ...,  0.        ,
          0.02283197,  0.30094176],
        [-0.62111824, -0.60061449, -0.59436462, ..., -0.02283197,
          0.        ,  0.27908977],
        [-0.81516548, -0.79989217, -0.79519034, ..., -0.30094176,
         -0.27908977,  0.        ]]]), 'num': array([8.03949130e-01, 5.94650733e-01, 3.62107953e-05, 2.99610272e-08,
       5.30810035e-05, 5.35401818e-05, 5.18871401e-05, 7.50201721e-03,
       1.83671293e-07, 5.30626364e-05, 5.08861316e-05, 4.75448447e-05,
       4.69382192e-07, 5.45128374e-05, 4.72594258e-05])}
{'img': array([[[ 0.        ,  0.34563934, -0.24240953, ...,  0.59045036,
          0.23399334,  0.30453917],
        [-0.34563934,  0.        , -0.56279951, ...,  0.27510289,
         -0.11647203, -0.04345176],
        [ 0.24240953,  0.56279951,  0.        , ...,  0.76848202,
          0.46269407,  0.52635102],
        ...,
        [-0.59045036, -0.27510289, -0.76848202, ...,  0.        ,
         -0.38520847, -0.31661823],
        [-0.23399334,  0.11647203, -0.46269407, ...,  0.38520847,
          0.        ,  0.073206  ],
        [-0.30453917,  0.04345176, -0.52635102, ...,  0.31661823,
         -0.073206  ,  0.        ]],

