state_0,state_1,state_2,state_3,state_4,state_5,state_6,state_7,state_8,state_9,state_10,state_11,state_12,state_13,state_14,state_15,state_16,state_17,state_18,state_19,state_20,state_21,state_22,state_23,state_24,state_25,state_26,state_27,state_28,state_29,state_30,state_31,state_32,state_33,state_34,state_35,state_36,state_37,state_38,state_39,state_40,state_41,state_42,state_43,state_44,state_45,state_46,state_47,state_48,state_49,state_50,state_51,state_52,state_53,state_54,state_55,state_56,state_57,state_58,state_59,state_60,state_61,state_62,state_63,state_64,state_65,state_66,state_67,state_68,state_69,state_70,state_71,state_72,state_73,state_74,state_75,state_76,state_77,state_78,state_79,state_80,state_81,state_82,state_83,state_84,state_85,state_86,state_87,state_88,state_89,state_90,state_91,state_92,state_93,state_94,state_95,state_96,state_97,state_98,state_99,state_100,state_101,state_102,state_103,state_104,state_105,state_106,state_107,state_108,state_109,state_110,state_111,state_112,state_113,state_114,state_115,state_116,state_117,state_118,state_119,state_120,state_121,state_122,state_123,state_124,state_125,state_126,state_127,state_128,state_129,state_130,state_131,state_132,state_133,state_134,state_135,state_136,state_137,state_138,state_139,state_140,state_141,state_142,state_143,state_144,state_145,state_146,state_147,state_148,state_149,state_150,state_151,state_152,state_153,state_154,state_155,state_156,state_157,state_158,state_159,state_160,state_161,state_162,state_163,state_164,state_165,state_166,state_167,state_168,state_169,state_170,state_171,state_172,state_173,state_174,state_175,state_176,state_177,state_178,state_179,state_180,state_181,state_182,state_183,state_184,state_185,state_186,state_187,state_188,state_189,state_190,state_191,state_192,state_193,state_194,state_195,state_196,state_197,state_198,state_199,state_200,state_201,state_202,state_203,state_204,state_205,state_206,state_207,state_208,state_209,state_210,state_211,state_212,state_213,state_214,state_215,state_216,state_217,state_218,state_219,state_220,state_221,state_222,state_223,state_224,state_225,state_226,state_227,state_228,state_229,state_230,state_231,state_232,state_233,state_234,state_235,state_236,state_237,state_238,state_239,state_240,state_241,state_242,state_243,state_244,state_245,state_246,state_247,state_248,state_249,state_250,state_251,state_252,state_253,state_254,state_255,state_256,state_257,state_258,state_259,state_260,state_261,state_262,state_263,state_264,state_265,state_266,state_267,state_268,state_269,state_270,state_271,state_272,state_273,state_274,state_275,state_276,state_277,state_278,state_279,state_280,state_281,state_282,state_283,state_284,state_285,state_286,state_287
{'img': array([[[ 0.        ,  0.22042234,  0.92316019, ..., -0.41628286,
         -0.35522347, -0.26637491],
        [-0.22042234,  0.        ,  0.81572086, ..., -0.60645993,
         -0.55253329, -0.47228166],
        [-0.92316019, -0.81572086,  0.        , ..., -0.99939528,
         -0.99950639, -0.99220459],
        ...,
        [ 0.41628286,  0.60645993,  0.99939528, ...,  0.        ,
          0.06615181,  0.15904492],
        [ 0.35522347,  0.55253329,  0.99950639, ..., -0.06615181,
          0.        ,  0.09338676],
        [ 0.26637491,  0.47228166,  0.99220459, ..., -0.15904492,
         -0.09338676,  0.        ]],

       [[ 0.        ,  0.01944532,  0.40126006, ..., -0.2417064 ,
         -0.21309691, -0.31048193],
        [-0.01944532,  0.        ,  0.41899541, ..., -0.26052946,
         -0.2320553 , -0.32890755],
        [-0.40126006, -0.41899541,  0.        , ..., -0.16796807,
         -0.19685441, -0.09703918],
        ...,
        [ 0.2417064 ,  0.26052946,  0.16796807, ...,  0.        ,
          0.0293762 , -0.07151487],
        [ 0.21309691,  0.2320553 ,  0.19685441, ..., -0.0293762 ,
          0.        , -0.10078499],
        [ 0.31048193,  0.32890755,  0.09703918, ...,  0.07151487,
          0.10078499,  0.        ]],

       [[ 0.        , -0.07785613,  0.07483091, ..., -0.84469814,
         -0.88790917, -0.78238841],
        [ 0.07785613,  0.        ,  0.1522416 , ..., -0.8004622 ,
         -0.84939873, -0.73152547],
        [-0.07483091, -0.1522416 ,  0.        , ..., -0.88238252,
         -0.91984331, -0.82679877],
        ...,
        [ 0.84469814,  0.8004622 ,  0.88238252, ...,  0.        ,
         -0.08667012,  0.10730232],
        [ 0.88790917,  0.84939873,  0.91984331, ...,  0.08667012,
          0.        ,  0.19306828],
        [ 0.78238841,  0.73152547,  0.82679877, ..., -0.10730232,
         -0.19306828,  0.        ]],

       ...,

       [[ 0.        , -0.20283536,  0.57101325, ..., -0.7070994 ,
         -0.58345743, -0.40009193],
        [ 0.20283536,  0.        ,  0.72565935, ..., -0.54897307,
         -0.40659755, -0.20588161],
        [-0.57101325, -0.72565935,  0.        , ..., -0.98425834,
         -0.94272886, -0.85177118],
        ...,
        [ 0.7070994 ,  0.54897307,  0.98425834, ...,  0.        ,
          0.16169533,  0.36512827],
        [ 0.58345743,  0.40659755,  0.94272886, ..., -0.16169533,
          0.        ,  0.20979201],
        [ 0.40009193,  0.20588161,  0.85177118, ..., -0.36512827,
         -0.20979201,  0.        ]],

       [[ 0.        , -0.004762  ,  0.19824538, ..., -0.38316847,
         -0.54314787, -0.77185354],
        [ 0.004762  ,  0.        ,  0.20291062, ..., -0.37876557,
         -0.53914336, -0.7688171 ],
        [-0.19824538, -0.20291062,  0.        , ..., -0.5586785 ,
         -0.69882187, -0.8825786 ],
        ...,
        [ 0.38316847,  0.37876557,  0.5586785 , ...,  0.        ,
         -0.17997155, -0.46932584],
        [ 0.54314787,  0.53914336,  0.69882187, ...,  0.17997155,
          0.        , -0.30274321],
        [ 0.77185354,  0.7688171 ,  0.8825786 , ...,  0.46932584,
          0.30274321,  0.        ]],

       [[ 0.        ,  0.02330781, -0.10487571, ..., -0.97645819,
         -0.98130971, -0.99827998],
        [-0.02330781,  0.        , -0.12802649, ..., -0.98122057,
         -0.98552836, -0.99937524],
        [ 0.10487571,  0.12802649,  0.        , ..., -0.94845095,
         -0.95571635, -0.98662631],
        ...,
        [ 0.97645819,  0.98122057,  0.94845095, ...,  0.        ,
         -0.02377034, -0.15808936],
        [ 0.98130971,  0.98552836,  0.95571635, ...,  0.02377034,
          0.        , -0.13457327],
        [ 0.99827998,  0.99937524,  0.98662631, ...,  0.15808936,
          0.13457327,  0.        ]]]), 'num': array([ 7.07106270e-01,  7.07106270e-01,  0.00000000e+00,  0.00000000e+00,
        8.02262102e-05,  8.17847971e-05,  7.98160557e-05,  1.18042450e-03,
       -9.02339787e-07,  8.04887090e-05,  8.19898743e-05,  8.69103605e-05,
        4.80180818e-07,  8.57691755e-05,  7.82105731e-05])}
{'img': array([[[ 0.        ,  0.81572086,  0.848137  , ..., -0.55253329,
         -0.47228166, -0.66789263],
        [-0.81572086,  0.        ,  0.05845112, ..., -0.99950639,
         -0.99220459, -0.99344613],
        [-0.848137  , -0.05845112,  0.        , ..., -0.99963382,
         -0.99779234, -0.98506657],
        ...,
        [ 0.55253329,  0.99950639,  0.99963382, ...,  0.        ,
          0.09338676, -0.14545527],
        [ 0.47228166,  0.99220459,  0.99779234, ..., -0.09338676,
          0.        , -0.23721319],
        [ 0.66789263,  0.99344613,  0.98506657, ...,  0.14545527,
          0.23721319,  0.        ]],

       [[ 0.        ,  0.41899541,  0.42181934, ..., -0.2320553 ,
         -0.32890755, -0.02550369],
        [-0.41899541,  0.        , -0.76290177, ..., -0.19685441,
         -0.09703918, -0.39570207],
        [-0.42181934,  0.76290177,  0.        , ..., -0.62070465,
         -0.69656407, -0.44480582],
        ...,
        [ 0.2320553 ,  0.19685441,  0.62070465, ...,  0.        ,
         -0.10078499,  0.20717232],
        [ 0.32890755,  0.09703918,  0.69656407, ...,  0.10078499,
          0.        ,  0.30471585],
        [ 0.02550369,  0.39570207,  0.44480582, ..., -0.20717232,
         -0.30471585,  0.        ]],

       [[ 0.        ,  0.1522416 ,  0.34684895, ..., -0.84939873,
         -0.73152547, -0.70093179],
        [-0.1522416 ,  0.        ,  0.20001524, ..., -0.91984331,
         -0.82679877, -0.80134427],
        [-0.34684895, -0.20001524,  0.        , ..., -0.97971901,
         -0.92259961, -0.90480114],
        ...,
        [ 0.84939873,  0.91984331,  0.97971901, ...,  0.        ,
          0.19306828,  0.23589732],
        [ 0.73152547,  0.82679877,  0.92259961, ..., -0.19306828,
          0.        ,  0.04383949],
        [ 0.70093179,  0.80134427,  0.90480114, ..., -0.23589732,
         -0.04383949,  0.        ]],

       ...,

       [[ 0.        ,  0.72565935,  0.67012873, ..., -0.40659755,
         -0.20588161, -0.19495288],
        [-0.72565935,  0.        , -0.0775321 , ..., -0.94272886,
         -0.85177118, -0.84587398],
        [-0.67012873,  0.0775321 ,  0.        , ..., -0.91402951,
         -0.80858708, -0.80197349],
        ...,
        [ 0.40659755,  0.94272886,  0.91402951, ...,  0.        ,
          0.20979201,  0.22068562],
        [ 0.20588161,  0.85177118,  0.80858708, ..., -0.20979201,
          0.        ,  0.0111549 ],
        [ 0.19495288,  0.84587398,  0.80197349, ..., -0.22068562,
         -0.0111549 ,  0.        ]],

       [[ 0.        ,  0.18570015,  0.33301033, ..., -0.43621104,
         -0.52501039, -0.82046794],
        [-0.18570015,  0.        ,  0.15211713, ..., -0.59572502,
         -0.67392722, -0.91236049],
        [-0.33301033, -0.15211713,  0.        , ..., -0.71097098,
         -0.77846817, -0.96401776],
        ...,
        [ 0.43621104,  0.59572502,  0.71097098, ...,  0.        ,
         -0.10117027, -0.48891487],
        [ 0.52501039,  0.67392722,  0.77846817, ...,  0.10117027,
          0.        , -0.3981523 ],
        [ 0.82046794,  0.91236049,  0.96401776, ...,  0.48891487,
          0.3981523 ,  0.        ]],

       [[ 0.        , -0.12802649, -0.21243087, ..., -0.98552836,
         -0.99937524, -0.97044954],
        [ 0.12802649,  0.        , -0.0855783 , ..., -0.95571635,
         -0.98662631, -0.93157014],
        [ 0.21243087,  0.0855783 ,  0.        , ..., -0.92702547,
         -0.96905768, -0.89703964],
        ...,
        [ 0.98552836,  0.95571635,  0.92702547, ...,  0.        ,
         -0.13457327,  0.0733106 ],
        [ 0.99937524,  0.98662631,  0.96905768, ...,  0.13457327,
          0.        ,  0.20685489],
        [ 0.97044954,  0.93157014,  0.89703964, ..., -0.0733106 ,
         -0.20685489,  0.        ]]]), 'num': array([ 7.23780692e-01,  6.90029954e-01,  6.90199145e-06, -1.11045301e-11,
        8.21185844e-05,  8.29582427e-05,  8.12789261e-05,  3.41035626e-04,
        0.00000000e+00,  8.24544478e-05,  8.36215728e-05,  8.88904288e-05,
        6.39739678e-07,  8.70355455e-05,  8.02076001e-05])}
{'img': array([[[ 0.        ,  0.05845112,  0.50135791, ..., -0.99220459,
         -0.99344613, -0.99344613],
        [-0.05845112,  0.        ,  0.44992648, ..., -0.99779234,
         -0.98506657, -0.98506657],
        [-0.50135791, -0.44992648,  0.        , ..., -0.92097414,
         -0.80226346, -0.80226346],
        ...,
        [ 0.99220459,  0.99779234,  0.92097414, ...,  0.        ,
         -0.23721319, -0.23721319],
        [ 0.99344613,  0.98506657,  0.80226346, ...,  0.23721319,
          0.        ,  0.        ],
        [ 0.99344613,  0.98506657,  0.80226346, ...,  0.23721319,
          0.        ,  0.        ]],

       [[ 0.        , -0.76290177, -0.99932152, ..., -0.09703918,
         -0.39570207, -0.11654057],
        [ 0.76290177,  0.        ,  0.67417389, ..., -0.69656407,
         -0.44480582, -0.68235814],
        [ 0.99932152, -0.67417389,  0.        , ..., -0.9981793 ,
         -0.93232978, -0.99680434],
        ...,
        [ 0.09703918,  0.69656407,  0.9981793 , ...,  0.        ,
          0.30471585,  0.01961262],
        [ 0.39570207,  0.44480582,  0.93232978, ..., -0.30471585,
          0.        , -0.28597733],
        [ 0.11654057,  0.68235814,  0.99680434, ..., -0.01961262,
          0.28597733,  0.        ]],

       [[ 0.        ,  0.20001524,  0.4960863 , ..., -0.82679877,
         -0.80134427, -0.78301036],
        [-0.20001524,  0.        ,  0.3123939 , ..., -0.92259961,
         -0.90480114, -0.89159911],
        [-0.4960863 , -0.3123939 ,  0.        , ..., -0.99693469,
         -0.9925463 , -0.9884369 ],
        ...,
        [ 0.82679877,  0.92259961,  0.99693469, ...,  0.        ,
          0.04383949,  0.07383439],
        [ 0.80134427,  0.90480114,  0.9925463 , ..., -0.04383949,
          0.        ,  0.03004358],
        [ 0.78301036,  0.89159911,  0.9884369 , ..., -0.07383439,
         -0.03004358,  0.        ]],

       ...,

       [[ 0.        , -0.0775321 ,  0.21356776, ..., -0.85177118,
         -0.84587398, -0.6757971 ],
        [ 0.0775321 ,  0.        ,  0.28866819, ..., -0.80858708,
         -0.80197349, -0.6166149 ],
        [-0.21356776, -0.28866819,  0.        , ..., -0.94401047,
         -0.94027156, -0.81762345],
        ...,
        [ 0.85177118,  0.80858708,  0.94401047, ...,  0.        ,
          0.0111549 ,  0.27377052],
        [ 0.84587398,  0.80197349,  0.94027156, ..., -0.0111549 ,
          0.        ,  0.26302476],
        [ 0.6757971 ,  0.6166149 ,  0.81762345, ..., -0.27377052,
         -0.26302476,  0.        ]],

       [[ 0.        ,  0.14334903,  0.35227418, ..., -0.59497452,
         -0.72190823, -0.93572762],
        [-0.14334903,  0.        ,  0.21447606, ..., -0.70404574,
         -0.81364842, -0.97662617],
        [-0.35227418, -0.21447606,  0.        , ..., -0.83997323,
         -0.91940142, -0.99999988],
        ...,
        [ 0.59497452,  0.70404574,  0.83997323, ...,  0.        ,
         -0.1685141 , -0.54222454],
        [ 0.72190823,  0.81364842,  0.91940142, ...,  0.1685141 ,
          0.        , -0.3928791 ],
        [ 0.93572762,  0.97662617,  0.99999988, ...,  0.54222454,
          0.3928791 ,  0.        ]],

       [[ 0.        , -0.0855783 , -0.26802271, ..., -0.98662631,
         -0.93157014, -0.87549864],
        [ 0.0855783 ,  0.        , -0.18459225, ..., -0.96905768,
         -0.89703964, -0.83093363],
        [ 0.26802271,  0.18459225,  0.        , ..., -0.90684089,
         -0.80004362, -0.71395232],
        ...,
        [ 0.98662631,  0.96905768,  0.90684089, ...,  0.        ,
          0.20685489,  0.33405312],
        [ 0.93157014,  0.89703964,  0.80004362, ..., -0.20685489,
          0.        ,  0.13185614],
        [ 0.87549864,  0.83093363,  0.71395232, ..., -0.33405312,
         -0.13185614,  0.        ]]]), 'num': array([ 7.13823485e-01,  7.00324868e-01,  2.76611011e-06, -8.61995496e-11,
        8.08300440e-05,  8.16582207e-05,  8.04159557e-05,  1.02794946e-03,
       -1.65635336e-07,  8.12441323e-05,  8.22213808e-05,  8.74595983e-05,
        5.95251989e-07,  8.52523717e-05,  7.91903899e-05])}
{'img': array([[[ 0.        ,  0.44992648,  0.89113183, ..., -0.98506657,
         -0.98506657, -0.97121118],
        [-0.44992648,  0.        ,  0.59168752, ..., -0.80226346,
         -0.80226346, -0.76017373],
        [-0.89113183, -0.59168752,  0.        , ..., -0.29353888,
         -0.29353888, -0.22839615],
        ...,
        [ 0.98506657,  0.80226346,  0.29353888, ...,  0.        ,
          0.        , -0.0674455 ],
        [ 0.98506657,  0.80226346,  0.29353888, ...,  0.        ,
          0.        , -0.0674455 ],
        [ 0.97121118,  0.76017373,  0.22839615, ...,  0.0674455 ,
          0.0674455 ,  0.        ]],

       [[ 0.        ,  0.94804305,  0.48942284, ..., -0.62742613,
         -0.88416945, -0.66822183],
        [-0.94804305,  0.        , -0.98244372, ..., -0.53860781,
         -0.1616023 , -0.49271862],
        [-0.48942284,  0.98244372,  0.        , ..., -0.92824669,
         -0.99967884, -0.94683262],
        ...,
        [ 0.62742613,  0.53860781,  0.92824669, ...,  0.        ,
         -0.39536925, -0.0535471 ],
        [ 0.88416945,  0.1616023 ,  0.99967884, ...,  0.39536925,
          0.        ,  0.34561782],
        [ 0.66822183,  0.49271862,  0.94683262, ...,  0.0535471 ,
         -0.34561782,  0.        ]],

       [[ 0.        ,  0.3123939 ,  0.64339557, ..., -0.90480114,
         -0.89159911, -0.90822545],
        [-0.3123939 ,  0.        ,  0.3720472 , ..., -0.9925463 ,
         -0.9884369 , -0.99350216],
        [-0.64339557, -0.3720472 ,  0.        , ..., -0.96663588,
         -0.97389532, -0.96452633],
        ...,
        [ 0.90480114,  0.9925463 ,  0.96663588, ...,  0.        ,
          0.03004358, -0.00811131],
        [ 0.89159911,  0.9884369 ,  0.97389532, ..., -0.03004358,
          0.        , -0.03815024],
        [ 0.90822545,  0.99350216,  0.96452633, ...,  0.00811131,
          0.03815024,  0.        ]],

       ...,

       [[ 0.        ,  0.28866819,  0.65462639, ..., -0.80197349,
         -0.6166149 , -0.6652166 ],
        [-0.28866819,  0.        ,  0.40853897, ..., -0.94027156,
         -0.81762345, -0.85243202],
        [-0.65462639, -0.40853897,  0.        , ..., -0.9973013 ,
         -0.98149602, -0.99164928],
        ...,
        [ 0.80197349,  0.94027156,  0.9973013 , ...,  0.        ,
          0.26302476,  0.20142032],
        [ 0.6166149 ,  0.81762345,  0.98149602, ..., -0.26302476,
          0.        , -0.06330591],
        [ 0.6652166 ,  0.85243202,  0.99164928, ..., -0.20142032,
          0.06330591,  0.        ]],

       [[ 0.        ,  0.20726043,  0.41473324, ..., -0.75609299,
         -0.8617941 , -0.98415028],
        [-0.20726043,  0.        ,  0.21713245, ..., -0.87531957,
         -0.9482155 , -0.99953508],
        [-0.41473324, -0.21713245,  0.        , ..., -0.95942961,
         -0.9945604 , -0.96906803],
        ...,
        [ 0.75609299,  0.87531957,  0.95942961, ...,  0.        ,
         -0.18047899, -0.51000826],
        [ 0.8617941 ,  0.9482155 ,  0.9945604 , ...,  0.18047899,
          0.        , -0.34639081],
        [ 0.98415028,  0.99953508,  0.96906803, ...,  0.51000826,
          0.34639081,  0.        ]],

       [[ 0.        , -0.18459225, -0.34284659, ..., -0.89703964,
         -0.83093363, -0.80034977],
        [ 0.18459225,  0.        , -0.16355046, ..., -0.80004362,
         -0.71395232, -0.6759267 ],
        [ 0.34284659,  0.16355046,  0.        , ..., -0.69115025,
         -0.58982182, -0.54629373],
        ...,
        [ 0.89703964,  0.80004362,  0.69115025, ...,  0.        ,
          0.13185614,  0.18409053],
        [ 0.83093363,  0.71395232,  0.58982182, ..., -0.13185614,
          0.        ,  0.05288058],
        [ 0.80034977,  0.6759267 ,  0.54629373, ..., -0.18409053,
         -0.05288058,  0.        ]]]), 'num': array([ 8.74524364e-01,  4.84981331e-01,  7.96611520e-05, -3.06667861e-10,
        9.91455926e-05,  9.97538477e-05,  9.84359615e-05,  3.97859706e-04,
        2.02751723e-07,  9.93280691e-05,  1.00351965e-04,  1.06787643e-04,
        7.28639005e-07,  1.03519633e-04,  9.71842981e-05])}
{'img': array([[[ 0.        ,  0.59168752,  0.43058824, ..., -0.80226346,
         -0.76017373, -0.80226346],
        [-0.59168752,  0.        , -0.18690047, ..., -0.29353888,
         -0.22839615, -0.29353888],
        [-0.43058824,  0.18690047,  0.        , ..., -0.46703336,
         -0.40633192, -0.46703336],
        ...,
        [ 0.80226346,  0.29353888,  0.46703336, ...,  0.        ,
         -0.0674455 ,  0.        ],
        [ 0.76017373,  0.22839615,  0.40633192, ...,  0.0674455 ,
          0.        ,  0.0674455 ],
        [ 0.80226346,  0.29353888,  0.46703336, ...,  0.        ,
         -0.0674455 ,  0.        ]],

       [[ 0.        , -0.98244372, -0.78005514, ..., -0.1616023 ,
         -0.49271862, -0.1494452 ],
        [ 0.98244372,  0.        , -0.7602521 , ..., -0.99967884,
         -0.94683262, -0.99929126],
        [ 0.78005514,  0.7602521 ,  0.        , ..., -0.66868577,
         -0.37049581, -0.67778566],
        ...,
        [ 0.1616023 ,  0.99967884,  0.66868577, ...,  0.        ,
          0.34561782, -0.01230662],
        [ 0.49271862,  0.94683262,  0.37049581, ..., -0.34561782,
          0.        , -0.35713987],
        [ 0.1494452 ,  0.99929126,  0.67778566, ...,  0.01230662,
          0.35713987,  0.        ]],

       [[ 0.        ,  0.3720472 ,  0.7215325 , ..., -0.9884369 ,
         -0.99350216, -0.99833282],
        [-0.3720472 ,  0.        ,  0.41213818, ..., -0.97389532,
         -0.96452633, -0.9481408 ],
        [-0.7215325 , -0.41213818,  0.        , ..., -0.79378246,
         -0.77000156, -0.73287295],
        ...,
        [ 0.9884369 ,  0.97389532,  0.79378246, ...,  0.        ,
         -0.03815024, -0.09432758],
        [ 0.99350216,  0.96452633,  0.77000156, ...,  0.03815024,
          0.        , -0.05627878],
        [ 0.99833282,  0.9481408 ,  0.73287295, ...,  0.09432758,
          0.05627878,  0.        ]],

       ...,

       [[ 0.        ,  0.40853897,  0.27651027, ..., -0.81762345,
         -0.85243202, -0.85243202],
        [-0.40853897,  0.        , -0.1402282 , ..., -0.98149602,
         -0.99164928, -0.99164928],
        [-0.27651027,  0.1402282 ,  0.        , ..., -0.94494681,
         -0.96376662, -0.96376662],
        ...,
        [ 0.81762345,  0.98149602,  0.94494681, ...,  0.        ,
         -0.06330591, -0.06330591],
        [ 0.85243202,  0.99164928,  0.96376662, ...,  0.06330591,
          0.        ,  0.        ],
        [ 0.85243202,  0.99164928,  0.96376662, ...,  0.06330591,
          0.        ,  0.        ]],

       [[ 0.        ,  0.21071888,  0.38286145, ..., -0.90090432,
         -0.95251317, -0.99795749],
        [-0.21071888,  0.        ,  0.17960163, ..., -0.97213178,
         -0.99528946, -0.96208899],
        [-0.38286145, -0.17960163,  0.        , ..., -0.99842928,
         -0.99651748, -0.89746109],
        ...,
        [ 0.90090432,  0.97213178,  0.99842928, ...,  0.        ,
         -0.1390846 , -0.49068246],
        [ 0.95251317,  0.99528946,  0.99651748, ...,  0.1390846 ,
          0.        , -0.36472351],
        [ 0.99795749,  0.96208899,  0.89746109, ...,  0.49068246,
          0.36472351,  0.        ]],

       [[ 0.        , -0.16355046, -0.26968057, ..., -0.71395232,
         -0.6759267 , -0.58965242],
        [ 0.16355046,  0.        , -0.10855842, ..., -0.58982182,
         -0.54629373, -0.44962004],
        [ 0.26968057,  0.10855842,  0.        , ..., -0.49867147,
         -0.45213733, -0.34999628],
        ...,
        [ 0.71395232,  0.58982182,  0.49867147, ...,  0.        ,
          0.05288058,  0.16375739],
        [ 0.6759267 ,  0.54629373,  0.45213733, ..., -0.05288058,
          0.        ,  0.11136154],
        [ 0.58965242,  0.44962004,  0.34999628, ..., -0.16375739,
         -0.11136154,  0.        ]]]), 'num': array([9.07063050e-01, 4.20982358e-01, 9.81981195e-05, 1.56267689e-09,
       1.03421424e-04, 1.06346474e-04, 1.01541034e-04, 3.22200566e-03,
       1.25359301e-06, 1.02376763e-04, 1.03202045e-04, 1.09715505e-04,
       9.62187621e-07, 1.05842290e-04, 1.00561800e-04])}
{'img': array([[[ 0.        , -0.18690047,  0.        , ..., -0.22839615,
         -0.29353888, -0.52642711],
        [ 0.18690047,  0.        ,  0.18690047, ..., -0.40633192,
         -0.46703336, -0.67605743],
        [ 0.        , -0.18690047,  0.        , ..., -0.22839615,
         -0.29353888, -0.52642711],
        ...,
        [ 0.22839615,  0.40633192,  0.22839615, ...,  0.        ,
          0.0674455 ,  0.3183257 ],
        [ 0.29353888,  0.46703336,  0.29353888, ..., -0.0674455 ,
          0.        ,  0.25366379],
        [ 0.52642711,  0.67605743,  0.52642711, ..., -0.3183257 ,
         -0.25366379,  0.        ]],

       [[ 0.        , -0.9293824 , -0.96867404, ..., -0.62428448,
         -0.19364667, -0.93779846],
        [ 0.9293824 ,  0.        ,  0.12675656, ..., -0.49559597,
         -0.84031189,  0.02349552],
        [ 0.96867404, -0.12675656,  0.        , ..., -0.60169323,
         -0.90224896, -0.10341556],
        ...,
        [ 0.62428448,  0.49559597,  0.60169323, ...,  0.        ,
         -0.46119139,  0.51586626],
        [ 0.19364667,  0.84031189,  0.90224896, ...,  0.46119139,
          0.        ,  0.85281692],
        [ 0.93779846, -0.02349552,  0.10341556, ..., -0.51586626,
         -0.85281692,  0.        ]],

       [[ 0.        ,  0.41213818,  0.63125608, ..., -0.96452633,
         -0.9481408 , -0.95144655],
        [-0.41213818,  0.        ,  0.25550705, ..., -0.77000156,
         -0.73287295, -0.74002137],
        [-0.63125608, -0.25550705,  0.        , ..., -0.58141881,
         -0.53470865, -0.54360819],
        ...,
        [ 0.96452633,  0.77000156,  0.58141881, ...,  0.        ,
         -0.05627878, -0.04572551],
        [ 0.9481408 ,  0.73287295,  0.53470865, ...,  0.05627878,
          0.        ,  0.01056687],
        [ 0.95144655,  0.74002137,  0.54360819, ...,  0.04572551,
         -0.01056687,  0.        ]],

       ...,

       [[ 0.        , -0.1402282 , -0.01076603, ..., -0.99164928,
         -0.99164928, -0.91182296],
        [ 0.1402282 ,  0.        ,  0.12956041, ..., -0.96376662,
         -0.96376662, -0.84523803],
        [ 0.01076603, -0.12956041,  0.        , ..., -0.99020338,
         -0.99020338, -0.90734976],
        ...,
        [ 0.99164928,  0.96376662,  0.99020338, ...,  0.        ,
          0.        ,  0.28956261],
        [ 0.99164928,  0.96376662,  0.99020338, ...,  0.        ,
          0.        ,  0.28956261],
        [ 0.91182296,  0.84523803,  0.90734976, ..., -0.28956261,
         -0.28956261,  0.        ]],

       [[ 0.        ,  0.17539499,  0.33284112, ..., -0.97652346,
         -0.99818758, -0.95513861],
        [-0.17539499,  0.        ,  0.16228698, ..., -0.99916756,
         -0.99326898, -0.88838736],
        [-0.33284112, -0.16228698,  0.        , ..., -0.99254261,
         -0.961304  , -0.80210545],
        ...,
        [ 0.97652346,  0.99916756,  0.99254261, ...,  0.        ,
         -0.15625413, -0.4949538 ],
        [ 0.99818758,  0.99326898,  0.961304  , ...,  0.15625413,
          0.        , -0.35310199],
        [ 0.95513861,  0.88838736,  0.80210545, ...,  0.4949538 ,
          0.35310199,  0.        ]],

       [[ 0.        , -0.10855842, -0.25932257, ..., -0.54629373,
         -0.44962004, -0.31677086],
        [ 0.10855842,  0.        , -0.15294527, ..., -0.45213733,
         -0.34999628, -0.21193088],
        [ 0.25932257,  0.15294527,  0.        , ..., -0.3103985 ,
         -0.2026068 , -0.05996637],
        ...,
        [ 0.54629373,  0.45213733,  0.3103985 , ...,  0.        ,
          0.11136154,  0.25283548],
        [ 0.44962004,  0.34999628,  0.2026068 , ..., -0.11136154,
          0.        ,  0.14351951],
        [ 0.31677086,  0.21193088,  0.05996637, ..., -0.25283548,
         -0.14351951,  0.        ]]]), 'num': array([ 7.74258945e-01,  6.32868596e-01,  2.86795841e-05,  1.19779668e-08,
        8.80388228e-05,  8.91102892e-05,  8.72352230e-05,  6.02556990e-04,
       -3.57155468e-07,  8.76459518e-05,  8.80388228e-05,  9.34571689e-05,
        7.81277586e-07,  8.97432815e-05,  8.63343640e-05])}
{'img': array([[[ 0.        ,  0.18690047, -0.43058824, ..., -0.46703336,
         -0.67605743, -0.62201536],
        [-0.18690047,  0.        , -0.59168752, ..., -0.29353888,
         -0.52642711, -0.46471073],
        [ 0.43058824,  0.59168752,  0.        , ..., -0.80226346,
         -0.92745309, -0.89855179],
        ...,
        [ 0.46703336,  0.29353888,  0.80226346, ...,  0.        ,
          0.25366379,  0.18432121],
        [ 0.67605743,  0.52642711,  0.92745309, ..., -0.25366379,
          0.        , -0.07102501],
        [ 0.62201536,  0.46471073,  0.89855179, ..., -0.18432121,
          0.07102501,  0.        ]],

       [[ 0.        ,  0.14798946, -0.14391384, ..., -0.89956227,
          0.02727378, -0.76707748],
        [-0.14798946,  0.        , -0.28877811, ..., -0.95429782,
         -0.12096094, -0.85357444],
        [ 0.14391384,  0.28877811,  0.        , ..., -0.82733753,
          0.17085017, -0.66676381],
        ...,
        [ 0.89956227,  0.95429782,  0.82733753, ...,  0.        ,
          0.91114062,  0.24206448],
        [-0.02727378,  0.12096094, -0.17085017, ..., -0.91114062,
          0.        , -0.78428974],
        [ 0.76707748,  0.85357444,  0.66676381, ..., -0.24206448,
          0.78428974,  0.        ]],

       [[ 0.        ,  0.25550705,  0.60424115, ..., -0.73287295,
         -0.74002137, -0.78482575],
        [-0.25550705,  0.        ,  0.38059628, ..., -0.53470865,
         -0.54360819, -0.60043324],
        [-0.60424115, -0.38059628,  0.        , ..., -0.17284943,
         -0.1832476 , -0.25089213],
        ...,
        [ 0.73287295,  0.53470865,  0.17284943, ...,  0.        ,
          0.01056687,  0.07979491],
        [ 0.74002137,  0.54360819,  0.1832476 , ..., -0.01056687,
          0.        ,  0.06925729],
        [ 0.78482575,  0.60043324,  0.25089213, ..., -0.07979491,
         -0.06925729,  0.        ]],

       ...,

       [[ 0.        ,  0.12956041, -0.10650558, ..., -0.96376662,
         -0.84523803, -0.87891951],
        [-0.12956041,  0.        , -0.23443139, ..., -0.99020338,
         -0.90734976, -0.93330801],
        [ 0.10650558,  0.23443139,  0.        , ..., -0.92987478,
         -0.78351489, -0.82312033],
        ...,
        [ 0.96376662,  0.99020338,  0.92987478, ...,  0.        ,
          0.28956261,  0.22523881],
        [ 0.84523803,  0.90734976,  0.78351489, ..., -0.28956261,
          0.        , -0.06653252],
        [ 0.87891951,  0.93330801,  0.82312033, ..., -0.22523881,
          0.06653252,  0.        ]],

       [[ 0.        ,  0.15895539,  0.27235677, ..., -0.99994668,
         -0.99038823, -0.87933665],
        [-0.15895539,  0.        ,  0.11594767, ..., -0.98887451,
         -0.95581023, -0.79246191],
        [-0.27235677, -0.11594767,  0.        , ..., -0.96495741,
         -0.91527679, -0.71639804],
        ...,
        [ 0.99994668,  0.98887451,  0.96495741, ...,  0.        ,
         -0.14853482, -0.48525532],
        [ 0.99038823,  0.95581023,  0.91527679, ...,  0.14853482,
          0.        , -0.34999771],
        [ 0.87933665,  0.79246191,  0.71639804, ...,  0.48525532,
          0.34999771,  0.        ]],

       [[ 0.        , -0.15294527, -0.14157548, ..., -0.34999628,
         -0.21193088, -0.08405266],
        [ 0.15294527,  0.        ,  0.01149493, ..., -0.2026068 ,
         -0.05996637,  0.0693403 ],
        [ 0.14157548, -0.01149493,  0.        , ..., -0.21384994,
         -0.07143665,  0.05786846],
        ...,
        [ 0.34999628,  0.2026068 ,  0.21384994, ...,  0.        ,
          0.14351951,  0.27002133],
        [ 0.21193088,  0.05996637,  0.07143665, ..., -0.14351951,
          0.        ,  0.12903755],
        [ 0.08405266, -0.0693403 , -0.05786846, ..., -0.27002133,
         -0.12903755,  0.        ]]]), 'num': array([ 7.63799261e-01,  6.45453602e-01,  2.42015662e-05,  1.04395888e-08,
        8.62577689e-05,  8.74043446e-05,  8.59931745e-05,  5.24214392e-04,
       -7.05585022e-07,  8.65752822e-05,  8.68134171e-05,  9.19921172e-05,
        8.45735471e-07,  8.81522868e-05,  8.54745475e-05])}
{'img': array([[[ 0.        , -0.59168752, -0.61497545, ..., -0.52642711,
         -0.46471073, -0.29353888],
        [ 0.59168752,  0.        , -0.02920018, ..., -0.92745309,
         -0.89855179, -0.80226346],
        [ 0.61497545,  0.02920018,  0.        , ..., -0.93797672,
         -0.91098364, -0.819353  ],
        ...,
        [ 0.52642711,  0.92745309,  0.93797672, ...,  0.        ,
         -0.07102501, -0.25366379],
        [ 0.46471073,  0.89855179,  0.91098364, ...,  0.07102501,
          0.        , -0.18432121],
        [ 0.29353888,  0.80226346,  0.819353  , ...,  0.25366379,
          0.18432121,  0.        ]],

       [[ 0.        , -0.28877811, -0.44464128, ..., -0.12096094,
         -0.85357444, -0.88088602],
        [ 0.28877811,  0.        , -0.16703673, ...,  0.17085017,
         -0.66676381, -0.70666991],
        [ 0.44464128,  0.16703673,  0.        , ...,  0.33303063,
         -0.53290891, -0.57855594],
        ...,
        [ 0.12096094, -0.17085017, -0.33303063, ...,  0.        ,
         -0.78428974, -0.81716366],
        [ 0.85357444,  0.66676381,  0.53290891, ...,  0.78428974,
          0.        , -0.05489493],
        [ 0.88088602,  0.70666991,  0.57855594, ...,  0.81716366,
          0.05489493,  0.        ]],

       [[ 0.        ,  0.38059628,  0.29901668, ..., -0.54360819,
         -0.60043324, -0.60043324],
        [-0.38059628,  0.        , -0.08667012, ..., -0.1832476 ,
         -0.25089213, -0.25089213],
        [-0.29901668,  0.08667012,  0.        , ..., -0.26776057,
         -0.33384602, -0.33384602],
        ...,
        [ 0.54360819,  0.1832476 ,  0.26776057, ...,  0.        ,
          0.06925729,  0.06925729],
        [ 0.60043324,  0.25089213,  0.33384602, ..., -0.06925729,
          0.        ,  0.        ],
        [ 0.60043324,  0.25089213,  0.33384602, ..., -0.06925729,
          0.        ,  0.        ]],

       ...,

       [[ 0.        , -0.23443139, -0.27823818, ..., -0.90734976,
         -0.93330801, -0.88287608],
        [ 0.23443139,  0.        , -0.04531024, ..., -0.78351489,
         -0.82312033, -0.74818228],
        [ 0.27823818,  0.04531024,  0.        , ..., -0.75455563,
         -0.79654477, -0.71735083],
        ...,
        [ 0.90734976,  0.78351489,  0.75455563, ...,  0.        ,
         -0.06653252,  0.05495656],
        [ 0.93330801,  0.82312033,  0.79654477, ...,  0.06653252,
          0.        ,  0.12126676],
        [ 0.88287608,  0.74818228,  0.71735083, ..., -0.05495656,
         -0.12126676,  0.        ]],

       [[ 0.        ,  0.11444631,  0.22018701, ..., -0.97914537,
         -0.93143504, -0.78594493],
        [-0.11444631,  0.        ,  0.10710273, ..., -0.94946082,
         -0.8836671 , -0.71001908],
        [-0.22018701, -0.10710273,  0.        , ..., -0.91038148,
         -0.82844772, -0.63051516],
        ...,
        [ 0.97914537,  0.94946082,  0.91038148, ...,  0.        ,
         -0.16708731, -0.44572889],
        [ 0.93143504,  0.8836671 ,  0.82844772, ...,  0.16708731,
          0.        , -0.28989166],
        [ 0.78594493,  0.71001908,  0.63051516, ...,  0.44572889,
          0.28989166,  0.        ]],

       [[ 0.        ,  0.01149493,  0.00536087, ..., -0.05996637,
          0.0693403 ,  0.12938331],
        [-0.01149493,  0.        , -0.00613425, ..., -0.07143665,
          0.05786846,  0.11797645],
        [-0.00536087,  0.00613425,  0.        , ..., -0.06531673,
          0.06399134,  0.12406565],
        ...,
        [ 0.05996637,  0.07143665,  0.06531673, ...,  0.        ,
          0.12903755,  0.18861281],
        [-0.0693403 , -0.05786846, -0.06399134, ..., -0.12903755,
          0.        ,  0.06031443],
        [-0.12938331, -0.11797645, -0.12406565, ..., -0.18861281,
         -0.06031443,  0.        ]]]), 'num': array([ 8.86152384e-01,  4.63393130e-01,  8.67198511e-05,  9.42601598e-09,
        9.99194692e-05,  1.00636840e-04,  9.94070617e-05,  8.18437810e-04,
       -3.07444521e-07,  1.00575351e-04,  1.00780314e-04,  1.06505614e-04,
        8.66040903e-07,  1.02332359e-04,  9.92282687e-05])}
{'img': array([[[ 0.        , -0.04672941,  0.38025271, ..., -0.77665328,
         -0.64246215, -0.55151115],
        [ 0.04672941,  0.        ,  0.42305654, ..., -0.80524103,
         -0.67756987, -0.58988883],
        [-0.38025271, -0.42305654,  0.        , ..., -0.47878117,
         -0.3028078 , -0.19288863],
        ...,
        [ 0.77665328,  0.80524103,  0.47878117, ...,  0.        ,
         -0.19045784, -0.30044644],
        [ 0.64246215,  0.67756987,  0.3028078 , ...,  0.19045784,
          0.        , -0.11328845],
        [ 0.55151115,  0.58988883,  0.19288863, ...,  0.30044644,
          0.11328845,  0.        ]],

       [[ 0.        , -0.16703673, -0.05325052, ..., -0.66676381,
         -0.70666991, -0.60965266],
        [ 0.16703673,  0.        ,  0.11429735, ..., -0.53290891,
         -0.57855594, -0.46868267],
        [ 0.05325052, -0.11429735,  0.        , ..., -0.62613183,
         -0.66799023, -0.56657766],
        ...,
        [ 0.66676381,  0.53290891,  0.62613183, ...,  0.        ,
         -0.05489493,  0.0741675 ],
        [ 0.70666991,  0.57855594,  0.66799023, ...,  0.05489493,
          0.        ,  0.1287994 ],
        [ 0.60965266,  0.46868267,  0.56657766, ..., -0.0741675 ,
         -0.1287994 ,  0.        ]],

       [[ 0.        , -0.08667012, -0.24351744, ..., -0.25089213,
         -0.25089213, -0.24351744],
        [ 0.08667012,  0.        , -0.15854004, ..., -0.33384602,
         -0.33384602, -0.32666215],
        [ 0.24351744,  0.15854004,  0.        , ..., -0.47906794,
         -0.47906794, -0.47237343],
        ...,
        [ 0.25089213,  0.33384602,  0.47906794, ...,  0.        ,
          0.        , -0.00761086],
        [ 0.25089213,  0.33384602,  0.47906794, ...,  0.        ,
          0.        , -0.00761086],
        [ 0.24351744,  0.32666215,  0.47237343, ...,  0.00761086,
          0.00761086,  0.        ]],

       ...,

       [[ 0.        , -0.04531024, -0.03541279, ..., -0.82312033,
         -0.74818228, -0.84688586],
        [ 0.04531024,  0.        ,  0.0099054 , ..., -0.79654477,
         -0.71735083, -0.82192124],
        [ 0.03541279, -0.0099054 ,  0.        , ..., -0.80249429,
         -0.72421685, -0.82752304],
        ...,
        [ 0.82312033,  0.79654477,  0.80249429, ...,  0.        ,
          0.12126676, -0.04320396],
        [ 0.74818228,  0.71735083,  0.72421685, ..., -0.12126676,
          0.        , -0.16403864],
        [ 0.84688586,  0.82192124,  0.82752304, ...,  0.04320396,
          0.16403864,  0.        ]],

       [[ 0.        ,  0.10688389,  0.24303226, ..., -0.89362394,
         -0.78801847, -0.70897055],
        [-0.10688389,  0.        ,  0.13796074, ..., -0.84053357,
         -0.71770108, -0.62953063],
        [-0.24303226, -0.13796074,  0.        , ..., -0.7577546 ,
         -0.61476906, -0.51631873],
        ...,
        [ 0.89362394,  0.84053357,  0.7577546 , ...,  0.        ,
         -0.19648531, -0.31201995],
        [ 0.78801847,  0.71770108,  0.61476906, ...,  0.19648531,
          0.        , -0.11926178],
        [ 0.70897055,  0.62953063,  0.51631873, ...,  0.31201995,
          0.11926178,  0.        ]],

       [[ 0.        , -0.00613425,  0.02318828, ...,  0.05786846,
          0.11797645,  0.09490388],
        [ 0.00613425,  0.        ,  0.02932045, ...,  0.06399134,
          0.12406565,  0.10100865],
        [-0.02318828, -0.02932045,  0.        , ...,  0.03470347,
          0.09491839,  0.07179474],
        ...,
        [-0.05786846, -0.06399134, -0.03470347, ...,  0.        ,
          0.06031443,  0.03713757],
        [-0.11797645, -0.12406565, -0.09491839, ..., -0.06031443,
          0.        , -0.02320286],
        [-0.09490388, -0.10100865, -0.07179474, ..., -0.03713757,
          0.02320286,  0.        ]]]), 'num': array([ 9.82049749e-01,  1.88620999e-01,  1.63593557e-04,  7.02358492e-09,
        1.10628660e-04,  1.11769162e-04,  1.10628660e-04,  5.30378888e-04,
       -5.70250825e-07,  1.11746352e-04,  1.12020072e-04,  1.18133161e-04,
        9.91740566e-07,  1.13776000e-04,  1.10264144e-04])}
{'img': array([[[ 0.        ,  0.42025206,  0.        , ..., -0.73185473,
         -0.67369674, -0.42025206],
        [-0.42025206,  0.        , -0.42025206, ..., -0.37770515,
         -0.30074781, -0.        ],
        [ 0.        ,  0.42025206,  0.        , ..., -0.73185473,
         -0.67369674, -0.42025206],
        ...,
        [ 0.73185473,  0.37770515,  0.73185473, ...,  0.        ,
         -0.0817486 , -0.37770515],
        [ 0.67369674,  0.30074781,  0.67369674, ...,  0.0817486 ,
          0.        , -0.30074781],
