state_0,state_1,state_2,state_3,state_4,state_5,state_6,state_7,state_8,state_9,state_10,state_11,state_12,state_13,state_14,state_15,state_16,state_17,state_18,state_19,state_20,state_21,state_22,state_23,state_24,state_25,state_26,state_27,state_28,state_29,state_30,state_31,state_32,state_33,state_34,state_35,state_36,state_37,state_38,state_39,state_40,state_41,state_42,state_43,state_44,state_45,state_46,state_47,state_48,state_49,state_50,state_51,state_52,state_53,state_54,state_55,state_56,state_57,state_58,state_59,state_60,state_61,state_62,state_63,state_64,state_65,state_66,state_67,state_68,state_69,state_70,state_71,state_72,state_73,state_74,state_75,state_76,state_77,state_78,state_79,state_80,state_81,state_82,state_83,state_84,state_85,state_86,state_87,state_88,state_89,state_90,state_91,state_92,state_93,state_94,state_95,state_96,state_97,state_98,state_99,state_100,state_101,state_102,state_103,state_104,state_105,state_106,state_107,state_108,state_109,state_110,state_111,state_112,state_113,state_114,state_115,state_116,state_117,state_118,state_119,state_120,state_121,state_122,state_123,state_124,state_125,state_126,state_127,state_128,state_129,state_130,state_131,state_132,state_133,state_134,state_135,state_136,state_137,state_138,state_139,state_140,state_141,state_142,state_143,state_144,state_145,state_146,state_147,state_148,state_149,state_150,state_151,state_152,state_153,state_154,state_155,state_156,state_157,state_158,state_159,state_160,state_161,state_162,state_163,state_164,state_165,state_166,state_167,state_168,state_169,state_170,state_171,state_172,state_173,state_174,state_175,state_176,state_177,state_178,state_179,state_180,state_181,state_182,state_183,state_184,state_185,state_186,state_187,state_188,state_189,state_190,state_191,state_192,state_193,state_194,state_195,state_196,state_197,state_198,state_199,state_200,state_201,state_202,state_203,state_204,state_205,state_206,state_207,state_208,state_209,state_210,state_211,state_212,state_213,state_214,state_215,state_216,state_217,state_218,state_219,state_220,state_221,state_222,state_223,state_224,state_225,state_226,state_227,state_228,state_229,state_230,state_231,state_232,state_233,state_234,state_235,state_236,state_237,state_238,state_239,state_240,state_241,state_242,state_243,state_244,state_245,state_246,state_247,state_248,state_249,state_250,state_251,state_252,state_253,state_254,state_255,state_256,state_257,state_258,state_259,state_260,state_261,state_262,state_263,state_264,state_265,state_266,state_267,state_268,state_269,state_270,state_271,state_272,state_273,state_274,state_275,state_276,state_277,state_278,state_279,state_280,state_281,state_282,state_283,state_284,state_285,state_286,state_287
{'img': array([[[ 0.        , -0.11931329, -0.30906807, ...,  0.97436875,
          0.89799777,  0.99540592],
        [ 0.11931329,  0.        , -0.19338858, ...,  0.99424883,
          0.83908522,  0.97687176],
        [ 0.30906807,  0.19338858,  0.        , ...,  0.99619053,
          0.71804178,  0.91707911],
        ...,
        [-0.97436875, -0.99424883, -0.99619053, ...,  0.        ,
          0.63073291,  0.317214  ],
        [-0.89799777, -0.83908522, -0.71804178, ..., -0.63073291,
          0.        , -0.352     ],
        [-0.99540592, -0.97687176, -0.91707911, ..., -0.317214  ,
          0.352     ,  0.        ]],

       [[ 0.        , -0.39935949, -0.31245179, ...,  0.99844943,
          0.89496276,  0.50008622],
        [ 0.39935949,  0.        ,  0.09291095, ...,  0.93760373,
          0.99866744,  0.80431183],
        [ 0.31245179, -0.09291095,  0.        , ...,  0.96585372,
          0.98955272,  0.74562435],
        ...,
        [-0.99844943, -0.93760373, -0.96585372, ...,  0.        ,
         -0.3956298 , -0.8367949 ],
        [-0.89496276, -0.99866744, -0.98955272, ...,  0.3956298 ,
          0.        , -0.55190703],
        [-0.50008622, -0.80431183, -0.74562435, ...,  0.8367949 ,
          0.55190703,  0.        ]],

       [[ 0.        , -0.04408626, -0.15573779, ...,  0.99984043,
          0.98019648,  0.81492404],
        [ 0.04408626,  0.        , -0.11203802, ...,  0.99808076,
          0.97051317,  0.78858073],
        [ 0.15573779,  0.11203802,  0.        , ...,  0.98485872,
          0.93739619,  0.71472009],
        ...,
        [-0.99984043, -0.99808076, -0.98485872, ...,  0.        ,
          0.18048569,  0.56491756],
        [-0.98019648, -0.97051317, -0.93739619, ..., -0.18048569,
          0.        ,  0.40671298],
        [-0.81492404, -0.78858073, -0.71472009, ..., -0.56491756,
         -0.40671298,  0.        ]],

       ...,

       [[ 0.        , -0.54261593, -0.4886966 , ...,  0.30308096,
          0.60664053,  0.6481988 ],
        [ 0.54261593,  0.        ,  0.06291151, ...,  0.77167611,
          0.94093326,  0.957661  ],
        [ 0.4886966 , -0.06291151,  0.        , ...,  0.7301348 ,
          0.91776804,  0.93765187],
        ...,
        [-0.30308096, -0.77167611, -0.7301348 , ...,  0.        ,
          0.33716491,  0.38692324],
        [-0.60664053, -0.94093326, -0.91776804, ..., -0.33716491,
          0.        ,  0.05336339],
        [-0.6481988 , -0.957661  , -0.93765187, ..., -0.38692324,
         -0.05336339,  0.        ]],

       [[ 0.        , -0.01000151,  0.00480979, ...,  0.99846329,
          0.98295455,  0.84467389],
        [ 0.01000151,  0.        ,  0.01481094, ...,  0.9989676 ,
          0.98106662,  0.83927802],
        [-0.00480979, -0.01481094,  0.        , ...,  0.99818519,
          0.98382745,  0.84723871],
        ...,
        [-0.99846329, -0.9989676 , -0.99818519, ...,  0.        ,
          0.23803877,  0.58126811],
        [-0.98295455, -0.98106662, -0.98382745, ..., -0.23803877,
          0.        ,  0.37086491],
        [-0.84467389, -0.83927802, -0.84723871, ..., -0.58126811,
         -0.37086491,  0.        ]],

       [[ 0.        ,  0.01450177, -0.08087398, ...,  0.78397519,
          0.74802899,  0.73101682],
        [-0.01450177,  0.        , -0.09531974, ...,  0.77489017,
          0.738326  ,  0.72104454],
        [ 0.08087398,  0.09531974,  0.        , ...,  0.83161308,
          0.79925201,  0.78380738],
        ...,
        [-0.78397519, -0.77489017, -0.83161308, ...,  0.        ,
         -0.05592719, -0.08114336],
        [-0.74802899, -0.738326  , -0.79925201, ...,  0.05592719,
          0.        , -0.02527359],
        [-0.73101682, -0.72104454, -0.78380738, ...,  0.08114336,
          0.02527359,  0.        ]]]), 'num': array([7.06999229e-01, 7.06999229e-01, 0.00000000e+00, 0.00000000e+00,
       5.89802961e-03, 5.92350705e-03, 5.70694873e-03, 6.75840308e-03,
       6.36936242e-06, 5.88401701e-03, 5.55281016e-03, 5.32924554e-03,
       4.07900950e-06, 6.07070787e-03, 5.03491245e-03])}
{'img': array([[[ 0.00000000e+00, -1.93388581e-01, -5.83081962e-02, ...,
          8.39085216e-01,  9.76871762e-01,  9.71586769e-01],
        [ 1.93388581e-01,  0.00000000e+00,  1.35852088e-01, ...,
          7.18041782e-01,  9.17079107e-01,  9.07473475e-01],
        [ 5.83081962e-02, -1.35852088e-01,  0.00000000e+00, ...,
          8.05937963e-01,  9.62741933e-01,  9.56133143e-01],
        ...,
        [-8.39085216e-01, -7.18041782e-01, -8.05937963e-01, ...,
          0.00000000e+00, -3.52000000e-01, -3.29945450e-01],
        [-9.76871762e-01, -9.17079107e-01, -9.62741933e-01, ...,
          3.52000000e-01,  0.00000000e+00,  2.34590588e-02],
        [-9.71586769e-01, -9.07473475e-01, -9.56133143e-01, ...,
          3.29945450e-01, -2.34590588e-02,  0.00000000e+00]],

       [[ 0.00000000e+00,  9.29109454e-02, -2.25478724e-01, ...,
          9.98667441e-01,  8.04311835e-01,  5.41254677e-01],
        [-9.29109454e-02,  0.00000000e+00, -3.15021709e-01, ...,
          9.89552719e-01,  7.45624348e-01,  4.60788460e-01],
        [ 2.25478724e-01,  3.15021709e-01,  0.00000000e+00, ...,
          9.84586260e-01,  9.17580404e-01,  7.16912086e-01],
        ...,
        [-9.98667441e-01, -9.89552719e-01, -9.84586260e-01, ...,
          0.00000000e+00, -5.51907030e-01, -8.11805376e-01],
        [-8.04311835e-01, -7.45624348e-01, -9.17580404e-01, ...,
          5.51907030e-01,  0.00000000e+00, -3.54695062e-01],
        [-5.41254677e-01, -4.60788460e-01, -7.16912086e-01, ...,
          8.11805376e-01,  3.54695062e-01,  0.00000000e+00]],

       [[ 0.00000000e+00, -1.08689980e-01, -1.57534792e-01, ...,
          9.97164403e-01,  9.71803644e-01,  7.73343762e-01],
        [ 1.08689980e-01,  0.00000000e+00, -4.92686927e-02, ...,
          9.83077549e-01,  9.40418199e-01,  6.99854212e-01],
        [ 1.57534792e-01,  4.92686927e-02,  0.00000000e+00, ...,
          9.72858135e-01,  9.22523776e-01,  6.63812358e-01],
        ...,
        [-9.97164403e-01, -9.83077549e-01, -9.72858135e-01, ...,
          0.00000000e+00,  1.61990947e-01,  5.73992041e-01],
        [-9.71803644e-01, -9.40418199e-01, -9.22523776e-01, ...,
         -1.61990947e-01,  0.00000000e+00,  4.33762845e-01],
        [-7.73343762e-01, -6.99854212e-01, -6.63812358e-01, ...,
         -5.73992041e-01, -4.33762845e-01,  0.00000000e+00]],

       ...,

       [[ 0.00000000e+00,  6.29115072e-02, -4.63551008e-02, ...,
          9.40933261e-01,  9.57661003e-01,  9.63318555e-01],
        [-6.29115072e-02,  0.00000000e+00, -1.09107155e-01, ...,
          9.17768037e-01,  9.37651868e-01,  9.44527362e-01],
        [ 4.63551008e-02,  1.09107155e-01,  0.00000000e+00, ...,
          9.55617251e-01,  9.69977093e-01,  9.74722890e-01],
        ...,
        [-9.40933261e-01, -9.17768037e-01, -9.55617251e-01, ...,
          0.00000000e+00,  5.33633918e-02,  7.36627088e-02],
        [-9.57661003e-01, -9.37651868e-01, -9.69977093e-01, ...,
         -5.33633918e-02,  0.00000000e+00,  2.03393364e-02],
        [-9.63318555e-01, -9.44527362e-01, -9.74722890e-01, ...,
         -7.36627088e-02, -2.03393364e-02,  0.00000000e+00]],

       [[ 0.00000000e+00,  1.44382106e-02, -1.32574986e-01, ...,
          9.98229029e-01,  9.71037040e-01,  7.98940357e-01],
        [-1.44382106e-02,  0.00000000e+00, -1.46871931e-01, ...,
          9.98983875e-01,  9.74385530e-01,  8.07540366e-01],
        [ 1.32574986e-01,  1.46871931e-01,  0.00000000e+00, ...,
          9.81531036e-01,  9.30789667e-01,  7.12156136e-01],
        ...,
        [-9.98229029e-01, -9.98983875e-01, -9.81531036e-01, ...,
          0.00000000e+00,  1.80740940e-01,  5.52817926e-01],
        [-9.71037040e-01, -9.74385530e-01, -9.30789667e-01, ...,
         -1.80740940e-01,  0.00000000e+00,  3.93101623e-01],
        [-7.98940357e-01, -8.07540366e-01, -7.12156136e-01, ...,
         -5.52817926e-01, -3.93101623e-01,  0.00000000e+00]],

       [[ 0.00000000e+00, -9.53197359e-02, -9.58291915e-02, ...,
          7.38325998e-01,  7.21044535e-01,  7.08758014e-01],
        [ 9.53197359e-02,  0.00000000e+00, -5.11798430e-04, ...,
          7.99252009e-01,  7.83807378e-01,  7.72774300e-01],
        [ 9.58291915e-02,  5.11798430e-04,  0.00000000e+00, ...,
          7.99559493e-01,  7.84125105e-01,  7.73099027e-01],
        ...,
        [-7.38325998e-01, -7.99252009e-01, -7.99559493e-01, ...,
          0.00000000e+00, -2.52735899e-02, -4.28357230e-02],
        [-7.21044535e-01, -7.83807378e-01, -7.84125105e-01, ...,
          2.52735899e-02,  0.00000000e+00, -1.75716481e-02],
        [-7.08758014e-01, -7.72774300e-01, -7.73099027e-01, ...,
          4.28357230e-02,  1.75716481e-02,  0.00000000e+00]]]), 'num': array([ 9.83340682e-01,  1.80112840e-01,  8.72125779e-06, -1.03263284e-09,
        8.19620247e-03,  8.44538127e-03,  8.09831081e-03,  9.53438159e-03,
       -4.44962132e-05,  8.20510172e-03,  7.77170860e-03,  7.47284237e-03,
        5.52366785e-06,  8.51695522e-03,  7.02646198e-03])}
{'img': array([[[ 0.00000000e+00,  1.35852088e-01, -8.11898981e-02, ...,
          9.17079107e-01,  9.07473475e-01,  9.46672359e-01],
        [-1.35852088e-01,  0.00000000e+00, -2.15840789e-01, ...,
          9.62741933e-01,  9.56133143e-01,  9.81667132e-01],
        [ 8.11898981e-02,  2.15840789e-01,  0.00000000e+00, ...,
          8.81680667e-01,  8.70368950e-01,  9.17387854e-01],
        ...,
        [-9.17079107e-01, -9.62741933e-01, -8.81680667e-01, ...,
          0.00000000e+00,  2.34590588e-02, -8.19623778e-02],
        [-9.07473475e-01, -9.56133143e-01, -8.70368950e-01, ...,
         -2.34590588e-02,  0.00000000e+00, -1.05319951e-01],
        [-9.46672359e-01, -9.81667132e-01, -9.17387854e-01, ...,
          8.19623778e-02,  1.05319951e-01,  0.00000000e+00]],

       [[ 0.00000000e+00, -3.15021709e-01, -7.27416855e-02, ...,
          7.45624348e-01,  4.60788460e-01,  4.67868381e-01],
        [ 3.15021709e-01,  0.00000000e+00,  2.45149155e-01, ...,
          9.17580404e-01,  7.16912086e-01,  7.22462218e-01],
        [ 7.27416855e-02, -2.45149155e-01,  0.00000000e+00, ...,
          7.92121674e-01,  5.24126719e-01,  5.30917879e-01],
        ...,
        [-7.45624348e-01, -9.17580404e-01, -7.92121674e-01, ...,
          0.00000000e+00, -3.54695062e-01, -3.47209599e-01],
        [-4.60788460e-01, -7.16912086e-01, -5.24126719e-01, ...,
          3.54695062e-01,  0.00000000e+00,  7.99387518e-03],
        [-4.67868381e-01, -7.22462218e-01, -5.30917879e-01, ...,
          3.47209599e-01, -7.99387518e-03,  0.00000000e+00]],

       [[ 0.00000000e+00, -4.92686927e-02, -1.10289592e-01, ...,
          9.40418199e-01,  6.99854212e-01,  8.18497485e-01],
        [ 4.92686927e-02,  0.00000000e+00, -6.11875228e-02, ...,
          9.22523776e-01,  6.63812358e-01,  7.89198107e-01],
        [ 1.10289592e-01,  6.11875228e-02,  0.00000000e+00, ...,
          8.97180504e-01,  6.16806468e-01,  7.50141751e-01],
        ...,
        [-9.40418199e-01, -9.22523776e-01, -8.97180504e-01, ...,
          0.00000000e+00,  4.33762845e-01,  2.61974236e-01],
        [-6.99854212e-01, -6.63812358e-01, -6.16806468e-01, ...,
         -4.33762845e-01,  0.00000000e+00, -1.82567739e-01],
        [-8.18497485e-01, -7.89198107e-01, -7.50141751e-01, ...,
         -2.61974236e-01,  1.82567739e-01,  0.00000000e+00]],

       ...,

       [[ 0.00000000e+00, -1.09107155e-01, -2.17484659e-01, ...,
          9.37651868e-01,  9.44527362e-01,  9.18747586e-01],
        [ 1.09107155e-01,  0.00000000e+00, -1.09690736e-01, ...,
          9.69977093e-01,  9.74722890e-01,  9.56343113e-01],
        [ 2.17484659e-01,  1.09690736e-01,  0.00000000e+00, ...,
          9.90800405e-01,  9.93347991e-01,  9.82629017e-01],
        ...,
        [-9.37651868e-01, -9.69977093e-01, -9.90800405e-01, ...,
          0.00000000e+00,  2.03393364e-02, -5.08930314e-02],
        [-9.44527362e-01, -9.74722890e-01, -9.93347991e-01, ...,
         -2.03393364e-02,  0.00000000e+00, -7.11954822e-02],
        [-9.18747586e-01, -9.56343113e-01, -9.82629017e-01, ...,
          5.08930314e-02,  7.11954822e-02,  0.00000000e+00]],

       [[ 0.00000000e+00, -1.44805889e-01, -2.24843643e-01, ...,
          9.90635713e-01,  9.43959033e-01,  8.00479450e-01],
        [ 1.44805889e-01,  0.00000000e+00, -8.13756959e-02, ...,
          9.60423910e-01,  8.86214769e-01,  7.05251576e-01],
        [ 2.24843643e-01,  8.13756959e-02,  0.00000000e+00, ...,
          9.34572075e-01,  8.45576341e-01,  6.45220728e-01],
        ...,
        [-9.90635713e-01, -9.60423910e-01, -9.34572075e-01, ...,
          0.00000000e+00,  1.98091573e-01,  4.84456859e-01],
        [-9.43959033e-01, -8.86214769e-01, -8.45576341e-01, ...,
         -1.98091573e-01,  0.00000000e+00,  3.01563119e-01],
        [-8.00479450e-01, -7.05251576e-01, -6.45220728e-01, ...,
         -4.84456859e-01, -3.01563119e-01,  0.00000000e+00]],

       [[ 0.00000000e+00, -5.11798430e-04, -6.15535138e-02, ...,
          7.83807378e-01,  7.72774300e-01,  7.63712452e-01],
        [ 5.11798430e-04,  0.00000000e+00, -6.10426778e-02, ...,
          7.84125105e-01,  7.73099027e-01,  7.64042747e-01],
        [ 6.15535138e-02,  6.10426778e-02,  0.00000000e+00, ...,
          8.20546090e-01,  8.10375795e-01,  8.02000564e-01],
        ...,
        [-7.83807378e-01, -7.84125105e-01, -8.20546090e-01, ...,
          0.00000000e+00, -1.75716481e-02, -3.17235027e-02],
        [-7.72774300e-01, -7.73099027e-01, -8.10375795e-01, ...,
          1.75716481e-02,  0.00000000e+00, -1.41558008e-02],
        [-7.63712452e-01, -7.64042747e-01, -8.02000564e-01, ...,
          3.17235027e-02,  1.41558008e-02,  0.00000000e+00]]]), 'num': array([ 9.87286408e-01,  1.57150862e-01,  9.08244580e-06, -4.07717643e-08,
        8.21916382e-03,  8.35405163e-03,  8.10226105e-03,  7.24959025e-03,
       -6.29476441e-05,  8.30729052e-03,  7.87295178e-03,  7.58009536e-03,
        5.82249535e-06,  8.64246148e-03,  7.10344208e-03])}
{'img': array([[[ 0.        , -0.21584079, -0.16944269, ...,  0.95613314,
          0.98166713,  0.99719316],
        [ 0.21584079,  0.        ,  0.04727106, ...,  0.87036895,
          0.91738785,  0.95752748],
        [ 0.16944269, -0.04727106,  0.        , ...,  0.89267224,
          0.93517592,  0.97008729],
        ...,
        [-0.95613314, -0.87036895, -0.89267224, ...,  0.        ,
         -0.10531995, -0.2205227 ],
        [-0.98166713, -0.91738785, -0.93517592, ...,  0.10531995,
          0.        , -0.11656907],
        [-0.99719316, -0.95752748, -0.97008729, ...,  0.2205227 ,
          0.11656907,  0.        ]],

       [[ 0.        ,  0.24514915,  0.17598221, ...,  0.71691209,
          0.72246222,  0.54652779],
        [-0.24514915,  0.        , -0.07071102, ...,  0.52412672,
          0.53091788,  0.32455275],
        [-0.17598221,  0.07071102,  0.        , ...,  0.5830351 ,
          0.58951107,  0.39062361],
        ...,
        [-0.71691209, -0.52412672, -0.5830351 , ...,  0.        ,
          0.00799388, -0.21935228],
        [-0.72246222, -0.53091788, -0.58951107, ..., -0.00799388,
          0.        , -0.22714446],
        [-0.54652779, -0.32455275, -0.39062361, ...,  0.21935228,
          0.22714446,  0.        ]],

       [[ 0.        , -0.06118752, -0.17490442, ...,  0.66381236,
          0.78919811,  0.66381236],
        [ 0.06118752,  0.        , -0.11433236, ...,  0.61680647,
          0.75014175,  0.61680647],
        [ 0.17490442,  0.11433236,  0.        , ...,  0.5227691 ,
          0.66961737,  0.5227691 ],
        ...,
        [-0.66381236, -0.61680647, -0.5227691 , ...,  0.        ,
         -0.18256774,  0.        ],
        [-0.78919811, -0.75014175, -0.66961737, ...,  0.18256774,
          0.        ,  0.18256774],
        [-0.66381236, -0.61680647, -0.5227691 , ...,  0.        ,
         -0.18256774,  0.        ]],

       ...,

       [[ 0.        , -0.10969074,  0.09680951, ...,  0.97472289,
          0.95634311,  0.98016979],
        [ 0.10969074,  0.        ,  0.20540085, ...,  0.99334799,
          0.98262902,  0.99599148],
        [-0.09680951, -0.20540085,  0.        , ...,  0.94851563,
          0.92355889,  0.95638214],
        ...,
        [-0.97472289, -0.99334799, -0.94851563, ...,  0.        ,
         -0.07119548,  0.02583629],
        [-0.95634311, -0.98262902, -0.92355889, ...,  0.07119548,
          0.        ,  0.09694245],
        [-0.98016979, -0.99599148, -0.95638214, ..., -0.02583629,
         -0.09694245,  0.        ]],

       [[ 0.        , -0.08028288, -0.10694573, ...,  0.9340484 ,
          0.8817653 ,  0.69836887],
        [ 0.08028288,  0.        , -0.02677808, ...,  0.90236066,
          0.84105056,  0.63865311],
        [ 0.10694573,  0.02677808,  0.        , ...,  0.89049621,
          0.82626319,  0.6178185 ],
        ...,
        [-0.9340484 , -0.90236066, -0.89049621, ...,  0.        ,
          0.12566045,  0.419114  ],
        [-0.8817653 , -0.84105056, -0.82626319, ..., -0.12566045,
          0.        ,  0.30170046],
        [-0.69836887, -0.63865311, -0.6178185 , ..., -0.419114  ,
         -0.30170046,  0.        ]],

       [[ 0.        , -0.06104268, -0.12630331, ...,  0.77309903,
          0.76404275,  0.76764871],
        [ 0.06104268,  0.        , -0.06551394, ...,  0.81037579,
          0.80200056,  0.80533764],
        [ 0.12630331,  0.06551394,  0.        , ...,  0.84702013,
          0.83941059,  0.84244523],
        ...,
        [-0.77309903, -0.81037579, -0.84702013, ...,  0.        ,
         -0.0141558 , -0.00854832],
        [-0.76404275, -0.80200056, -0.83941059, ...,  0.0141558 ,
          0.        ,  0.00560782],
        [-0.76764871, -0.80533764, -0.84244523, ...,  0.00854832,
         -0.00560782,  0.        ]]]), 'num': array([ 9.94711790e-01,  9.97697362e-02,  9.72763102e-06, -9.82800706e-08,
        8.28650050e-03,  8.49366301e-03,  8.14238745e-03,  8.48627722e-03,
        5.40423946e-05,  8.29730898e-03,  7.89874632e-03,  7.62027787e-03,
        6.41882847e-06,  8.68717024e-03,  7.11032240e-03])}
{'img': array([[[ 0.        ,  0.04727106, -0.65916311, ...,  0.91738785,
          0.95752748,  0.92453879],
        [-0.04727106,  0.        , -0.69397406, ...,  0.93517592,
          0.97008729,  0.94151968],
        [ 0.65916311,  0.69397406,  0.        , ...,  0.42753245,
          0.52999623,  0.44405405],
        ...,
        [-0.91738785, -0.93517592, -0.42753245, ...,  0.        ,
         -0.11656907, -0.01835578],
        [-0.95752748, -0.97008729, -0.52999623, ...,  0.11656907,
          0.        ,  0.09831878],
        [-0.92453879, -0.94151968, -0.44405405, ...,  0.01835578,
         -0.09831878,  0.        ]],

       [[ 0.        , -0.07071102,  0.38146872, ...,  0.53091788,
          0.32455275,  0.43935897],
        [ 0.07071102,  0.        ,  0.44587783, ...,  0.58951107,
          0.39062361,  0.50177972],
        [-0.38146872, -0.44587783,  0.        , ...,  0.16750532,
         -0.06080826,  0.06345764],
        ...,
        [-0.53091788, -0.58951107, -0.16750532, ...,  0.        ,
         -0.22714446, -0.10460666],
        [-0.32455275, -0.39062361,  0.06080826, ...,  0.22714446,
          0.        ,  0.12402592],
        [-0.43935897, -0.50177972, -0.06345764, ...,  0.10460666,
         -0.12402592,  0.        ]],

       [[ 0.        , -0.11433236, -0.36817181, ...,  0.75014175,
          0.61680647,  0.77421513],
        [ 0.11433236,  0.        , -0.25945614, ...,  0.66961737,
          0.5227691 ,  0.69677473],
        [ 0.36817181,  0.25945614,  0.        , ...,  0.45398655,
          0.28368711,  0.4868083 ],
        ...,
        [-0.75014175, -0.66961737, -0.45398655, ...,  0.        ,
          0.18256774, -0.03718909],
        [-0.61680647, -0.5227691 , -0.28368711, ..., -0.18256774,
          0.        , -0.21900551],
        [-0.77421513, -0.69677473, -0.4868083 , ...,  0.03718909,
          0.21900551,  0.        ]],

       ...,

       [[ 0.        ,  0.20540085, -0.35143055, ...,  0.98262902,
          0.99599148,  0.98713666],
        [-0.20540085,  0.        , -0.53623647, ...,  0.92355889,
          0.95638214,  0.99892809],
        [ 0.35143055,  0.53623647,  0.        , ...,  0.98516974,
          0.96389595,  0.86798484],
        ...,
        [-0.98262902, -0.92355889, -0.98516974, ...,  0.        ,
          0.09694245,  0.34029505],
        [-0.99599148, -0.95638214, -0.96389595, ..., -0.09694245,
          0.        ,  0.24753546],
        [-0.98713666, -0.99892809, -0.86798484, ..., -0.34029505,
         -0.24753546,  0.        ]],

       [[ 0.        , -0.02648589,  0.05049322, ...,  0.89098005,
          0.82194269,  0.6332419 ],
        [ 0.02648589,  0.        ,  0.07692762, ...,  0.87864176,
          0.80656877,  0.61252089],
        [-0.05049322, -0.07692762,  0.        , ...,  0.91276958,
          0.84965366,  0.67151356],
        ...,
        [-0.89098005, -0.87864176, -0.91276958, ...,  0.        ,
          0.1342788 ,  0.40205881],
        [-0.82194269, -0.80656877, -0.84965366, ..., -0.1342788 ,
          0.        ,  0.27547007],
        [-0.6332419 , -0.61252089, -0.67151356, ..., -0.40205881,
         -0.27547007,  0.        ]],

       [[ 0.        , -0.06551394, -0.23480945, ...,  0.80200056,
          0.80533764,  0.80072598],
        [ 0.06551394,  0.        , -0.17062273, ...,  0.83941059,
          0.84244523,  0.83825062],
        [ 0.23480945,  0.17062273,  0.        , ...,  0.91983492,
          0.92202043,  0.91899691],
        ...,
        [-0.80200056, -0.83941059, -0.91983492, ...,  0.        ,
          0.00560782, -0.00213078],
        [-0.80533764, -0.84244523, -0.92202043, ..., -0.00560782,
          0.        , -0.00773855],
        [-0.80072598, -0.83825062, -0.91899691, ...,  0.00213078,
          0.00773855,  0.        ]]]), 'num': array([ 9.94877800e-01,  9.81545781e-02,  9.57015178e-06, -4.49584783e-08,
        8.30299280e-03,  8.37388281e-03,  8.02829400e-03,  8.52000485e-03,
        1.50641278e-04,  8.18425203e-03,  7.80454739e-03,  7.52984859e-03,
        6.83967333e-06,  8.61061693e-03,  6.99847785e-03])}
{'img': array([[[ 0.        , -0.68936997, -0.19059335, ...,  0.9802907 ,
          0.95915082,  0.68936997],
        [ 0.68936997,  0.        ,  0.53866556, ...,  0.5739396 ,
          0.49979846,  0.        ],
        [ 0.19059335, -0.53866556,  0.        , ...,  0.92466736,
          0.88765076,  0.53866556],
        ...,
        [-0.9802907 , -0.5739396 , -0.92466736, ...,  0.        ,
          0.08782926,  0.5739396 ],
        [-0.95915082, -0.49979846, -0.88765076, ..., -0.08782926,
          0.        ,  0.49979846],
        [-0.68936997, -0.        , -0.53866556, ..., -0.5739396 ,
         -0.49979846,  0.        ]],

       [[ 0.        ,  0.44587783,  0.36440402, ...,  0.39062361,
          0.50177972,  0.51584915],
        [-0.44587783,  0.        , -0.0890439 , ..., -0.06080826,
          0.06345764,  0.07975903],
        [-0.36440402,  0.0890439 ,  0.        , ...,  0.0283124 ,
          0.15207   ,  0.16820243],
        ...,
        [-0.39062361,  0.06080826, -0.0283124 , ...,  0.        ,
          0.12402592,  0.14022597],
        [-0.50177972, -0.06345764, -0.15207   , ..., -0.12402592,
          0.        ,  0.0163428 ],
        [-0.51584915, -0.07975903, -0.16820243, ..., -0.14022597,
         -0.0163428 ,  0.        ]],

       [[ 0.        , -0.25945614, -0.41486403, ...,  0.5227691 ,
          0.69677473,  0.57386601],
        [ 0.25945614,  0.        , -0.16458212, ...,  0.28368711,
          0.4868083 ,  0.3417325 ],
        [ 0.41486403,  0.16458212,  0.        , ...,  0.12199801,
          0.33640595,  0.1823986 ],
        ...,
        [-0.5227691 , -0.28368711, -0.12199801, ...,  0.        ,
         -0.21900551, -0.0610847 ],
        [-0.69677473, -0.4868083 , -0.33640595, ...,  0.21900551,
          0.        ,  0.15899475],
        [-0.57386601, -0.3417325 , -0.1823986 , ...,  0.0610847 ,
         -0.15899475,  0.        ]],

       ...,

       [[ 0.        , -0.53623647,  0.27150307, ...,  0.95638214,
          0.99892809,  0.97639237],
        [ 0.53623647,  0.        ,  0.74526113, ...,  0.96389595,
          0.86798484,  0.70831188],
        [-0.27150307, -0.74526113,  0.        , ...,  0.84114704,
          0.94883835,  0.99836258],
        ...,
        [-0.95638214, -0.96389595, -0.84114704, ...,  0.        ,
          0.24753546,  0.49180508],
        [-0.99892809, -0.86798484, -0.94883835, ..., -0.24753546,
          0.        ,  0.26096909],
        [-0.97639237, -0.70831188, -0.99836258, ..., -0.49180508,
         -0.26096909,  0.        ]],

       [[ 0.        ,  0.07520461, -0.02749104, ...,  0.90525572,
          0.86504579,  0.60171831],
        [-0.07520461,  0.        , -0.10258938, ...,  0.93464411,
          0.9003257 ,  0.66008087],
        [ 0.02749104,  0.10258938,  0.        , ...,  0.89323353,
          0.85092678,  0.57953356],
        ...,
        [-0.90525572, -0.93464411, -0.89323353, ...,  0.        ,
          0.08663085,  0.46738499],
        [-0.86504579, -0.9003257 , -0.85092678, ..., -0.08663085,
          0.        ,  0.3890415 ],
        [-0.60171831, -0.66008087, -0.57953356, ..., -0.46738499,
         -0.3890415 ,  0.        ]],

       [[ 0.        , -0.17062273, -0.2244137 , ...,  0.84244523,
          0.83825062,  0.84127167],
        [ 0.17062273,  0.        , -0.05485217, ...,  0.92202043,
          0.91899691,  0.92117642],
        [ 0.2244137 ,  0.05485217,  0.        , ...,  0.94186786,
          0.93923963,  0.94113504],
        ...,
        [-0.84244523, -0.92202043, -0.94186786, ...,  0.        ,
         -0.00773855, -0.00217448],
        [-0.83825062, -0.91899691, -0.93923963, ...,  0.00773855,
          0.        ,  0.00556412],
        [-0.84127167, -0.92117642, -0.94113504, ...,  0.00217448,
         -0.00556412,  0.        ]]]), 'num': array([9.95224067e-01, 9.27465154e-02, 9.04286124e-06, 9.60128884e-08,
       8.35627362e-03, 8.38139268e-03, 7.80365433e-03, 2.11088850e-02,
       5.10754199e-04, 7.85389244e-03, 7.43817202e-03, 7.15404755e-03,
       6.76282357e-06, 8.29826130e-03, 6.57808274e-03])}
{'img': array([[[ 0.        ,  0.48769179,  0.71258351, ...,  0.86325861,
          0.79031681,  0.        ],
        [-0.48769179,  0.        ,  0.27993835, ...,  0.9998067 ,
          0.9887671 ,  0.48769179],
        [-0.71258351, -0.27993835,  0.        , ...,  0.96533629,
          0.99107502,  0.71258351],
        ...,
        [-0.86325861, -0.9998067 , -0.96533629, ...,  0.        ,
          0.12999536,  0.86325861],
        [-0.79031681, -0.9887671 , -0.99107502, ..., -0.12999536,
          0.        ,  0.79031681],
        [-0.        , -0.48769179, -0.71258351, ..., -0.86325861,
         -0.79031681,  0.        ]],

       [[ 0.        , -0.0890439 , -0.05544614, ...,  0.06345764,
          0.07975903,  0.88505101],
        [ 0.0890439 ,  0.        ,  0.03368103, ...,  0.15207   ,
          0.16820243,  0.92298473],
        [ 0.05544614, -0.03368103,  0.        , ...,  0.11869442,
          0.13490584,  0.90949937],
        ...,
        [-0.06345764, -0.15207   , -0.11869442, ...,  0.        ,
          0.0163428 ,  0.85372806],
        [-0.07975903, -0.16820243, -0.13490584, ..., -0.0163428 ,
          0.        ,  0.84510404],
        [-0.88505101, -0.92298473, -0.90949937, ..., -0.85372806,
         -0.84510404,  0.        ]],

       [[ 0.        , -0.15937423, -0.27490602, ...,  0.7364401 ,
          0.7076091 ,  0.27490602],
        [ 0.15937423,  0.        , -0.11815851, ...,  0.61920999,
          0.58595012,  0.11815851],
        [ 0.27490602,  0.11815851,  0.        , ...,  0.52209119,
          0.48609598,  0.        ],
        ...,
        [-0.7364401 , -0.61920999, -0.52209119, ...,  0.        ,
          0.04167209,  0.52209119],
        [-0.7076091 , -0.58595012, -0.48609598, ..., -0.04167209,
          0.        ,  0.48609598],
        [-0.27490602, -0.11815851, -0.        , ..., -0.52209119,
         -0.48609598,  0.        ]],

       ...,

       [[ 0.        ,  0.74526113,  0.81776083, ...,  0.86798484,
          0.70831188,  0.55397008],
        [-0.74526113,  0.        ,  0.11631947, ...,  0.94883835,
          0.99836258,  0.98982928],
        [-0.81776083, -0.11631947,  0.        , ...,  0.90566819,
          0.98493176,  0.99965782],
        ...,
        [-0.86798484, -0.94883835, -0.90566819, ...,  0.        ,
          0.26096909,  0.44753275],
        [-0.70831188, -0.99836258, -0.98493176, ..., -0.26096909,
          0.        ,  0.19864828],
        [-0.55397008, -0.98982928, -0.99965782, ..., -0.44753275,
         -0.19864828,  0.        ]],

       [[ 0.        , -0.09703303, -0.16758046, ...,  0.98937811,
          0.96672862,  0.63205458],
        [ 0.09703303,  0.        , -0.07112884, ...,  0.9706042 ,
          0.93734534,  0.55387881],
        [ 0.16758046,  0.07112884,  0.        , ...,  0.95102641,
          0.91018976,  0.49325423],
        ...,
        [-0.98937811, -0.9706042 , -0.95102641, ...,  0.        ,
          0.11255863,  0.67481417],
        [-0.96672862, -0.93734534, -0.91018976, ..., -0.11255863,
          0.        ,  0.58745889],
        [-0.63205458, -0.55387881, -0.49325423, ..., -0.67481417,
         -0.58745889,  0.        ]],

       [[ 0.        , -0.05485217, -0.06988806, ...,  0.91899691,
          0.92117642,  0.89556499],
        [ 0.05485217,  0.        , -0.01506479, ...,  0.93923963,
          0.94113504,  0.91862212],
        [ 0.06988806,  0.01506479,  0.        , ...,  0.94430422,
          0.9461206 ,  0.92447054],
        ...,
        [-0.91899691, -0.93923963, -0.94430422, ...,  0.        ,
          0.00556412, -0.05580027],
        [-0.92117642, -0.94113504, -0.9461206 , ..., -0.00556412,
          0.        , -0.06135486],
        [-0.89556499, -0.91862212, -0.92447054, ...,  0.05580027,
          0.06135486,  0.        ]]]), 'num': array([ 9.99647989e-01,  8.37442706e-04,  1.02442107e-05,  6.09524722e-07,
        8.39336594e-03,  8.60858045e-03,  8.30728013e-03,  1.37262094e-02,
       -1.97997350e-04,  8.16782113e-03,  7.70381864e-03,  7.39720970e-03,
        5.87098590e-06,  8.62651873e-03,  6.78111856e-03])}
{'img': array([[[ 0.        ,  0.5767097 ,  0.80504014, ...,  0.80999218,
          0.        ,  0.53623647],
        [-0.5767097 ,  0.        ,  0.31556094, ...,  0.99992845,
          0.5767097 ,  0.92486002],
        [-0.80504014, -0.31556094,  0.        , ...,  0.95261212,
          0.80504014,  0.99761484],
        ...,
        [-0.80999218, -0.99992845, -0.95261212, ...,  0.        ,
          0.80999218,  0.36921743],
        [-0.        , -0.5767097 , -0.80504014, ..., -0.80999218,
          0.        , -0.53623647],
        [-0.53623647, -0.92486002, -0.99761484, ..., -0.36921743,
          0.53623647,  0.        ]],

       [[ 0.        ,  0.03368103,  0.4695761 , ...,  0.16820243,
          0.92298473,  0.57846888],
        [-0.03368103,  0.        ,  0.43957297, ...,  0.13490584,
          0.90949937,  0.55066691],
        [-0.4695761 , -0.43957297,  0.        , ..., -0.31438123,
          0.63418578,  0.12769023],
        ...,
        [-0.16820243, -0.13490584,  0.31438123, ...,  0.        ,
          0.84510404,  0.43302366],
        [-0.92298473, -0.90949937, -0.63418578, ..., -0.84510404,
          0.        , -0.53026677],
        [-0.57846888, -0.55066691, -0.12769023, ..., -0.43302366,
          0.53026677,  0.        ]],

       [[ 0.        , -0.11546941,  0.28778135, ...,  0.70104339,
          0.51753296,  0.11546941],
        [ 0.11546941,  0.        ,  0.396441  , ...,  0.61401075,
          0.41526827,  0.        ],
        [-0.28778135, -0.396441  ,  0.        , ...,  0.87660879,
          0.74188325,  0.396441  ],
        ...,
        [-0.70104339, -0.61401075, -0.87660879, ...,  0.        ,
          0.23079469,  0.61401075],
        [-0.51753296, -0.41526827, -0.74188325, ..., -0.23079469,
          0.        ,  0.41526827],
        [-0.11546941, -0.        , -0.396441  , ..., -0.61401075,
         -0.41526827,  0.        ]],

       ...,

       [[ 0.        ,  0.13104712,  0.49967222, ...,  0.99972776,
          0.97412145,  0.93160787],
        [-0.13104712,  0.        ,  0.3818482 , ...,  0.99416389,
          0.99534072,  0.87594278],
        [-0.49967222, -0.3818482 ,  0.        , ...,  0.87763726,
          0.95673671,  0.62535896],
        ...,
        [-0.99972776, -0.99416389, -0.87763726, ...,  0.        ,
          0.20323519, -0.38510258],
        [-0.97412145, -0.99534072, -0.95673671, ..., -0.20323519,
          0.        , -0.56462589],
        [-0.93160787, -0.87594278, -0.62535896, ...,  0.38510258,
          0.56462589,  0.        ]],

       [[ 0.        , -0.06913496, -0.19898536, ...,  0.97435154,
          0.85677927,  0.54070349],
        [ 0.06913496,  0.        , -0.13075682, ...,  0.9564627 ,
          0.81907753,  0.48125252],
        [ 0.19898536,  0.13075682,  0.        , ...,  0.91008898,
          0.73703237,  0.36250163],
        ...,
        [-0.97435154, -0.9564627 , -0.91008898, ...,  0.        ,
          0.30965469,  0.69796222],
        [-0.85677927, -0.81907753, -0.73703237, ..., -0.30965469,
          0.        ,  0.44190231],
        [-0.54070349, -0.48125252, -0.36250163, ..., -0.69796222,
         -0.44190231,  0.        ]],

       [[ 0.        , -0.01506479,  0.02017917, ...,  0.94113504,
          0.91862212,  0.93023399],
        [ 0.01506479,  0.        ,  0.0352386 , ...,  0.9461206 ,
          0.92447054,  0.9356567 ],
        [-0.02017917, -0.0352386 ,  0.        , ...,  0.93412222,
          0.91046153,  0.92263948],
        ...,
        [-0.94113504, -0.9461206 , -0.93412222, ...,  0.        ,
         -0.06135486, -0.03091768],
        [-0.91862212, -0.92447054, -0.91046153, ...,  0.06135486,
          0.        ,  0.03046609],
        [-0.93023399, -0.9356567 , -0.92263948, ...,  0.03091768,
         -0.03046609,  0.        ]]]), 'num': array([9.99472131e-01, 8.08303662e-04, 9.88776067e-06, 3.83434618e-07,
       8.39213301e-03, 8.53338673e-03, 8.04315322e-03, 2.36602480e-02,
       2.90816490e-04, 8.04315322e-03, 7.50181909e-03, 7.18233641e-03,
       5.91442267e-06, 8.46723223e-03, 6.53640596e-03])}
{'img': array([[[ 0.        ,  0.64487778,  0.69985421, ...,  0.40506991,
          0.66143783,  0.        ],
        [-0.64487778,  0.        ,  0.07426159, ...,  0.89919168,
          0.98918582,  0.64487778],
        [-0.69985421, -0.07426159,  0.        , ...,  0.92920236,
          0.99734625,  0.69985421],
        ...,
        [-0.40506991, -0.89919168, -0.92920236, ...,  0.        ,
         -0.30094072,  0.40506991],
        [-0.66143783, -0.98918582, -0.99734625, ...,  0.30094072,
          0.        ,  0.66143783],
        [-0.        , -0.64487778, -0.69985421, ..., -0.40506991,
         -0.66143783,  0.        ]],

       [[ 0.        ,  0.43957297,  0.01002112, ...,  0.90949937,
          0.55066691,  0.97511664],
        [-0.43957297,  0.        , -0.43054986, ...,  0.63418578,
          0.12769023,  0.77840647],
        [-0.01002112,  0.43054986,  0.        , ...,  0.90528787,
          0.54227438,  0.97284607],
        ...,
        [-0.90949937, -0.63418578, -0.90528787, ...,  0.        ,
         -0.53026677,  0.20373201],
        [-0.55066691, -0.12769023, -0.54227438, ...,  0.53026677,
          0.        ,  0.69187561],
        [-0.97511664, -0.77840647, -0.97284607, ..., -0.20373201,
         -0.69187561,  0.        ]],

       [[ 0.        ,  0.38203318,  0.53688844, ...,  0.64068737,
          0.52452801,  0.        ],
        [-0.38203318,  0.        ,  0.17386116, ...,  0.88541613,
          0.81000228,  0.38203318],
        [-0.53688844, -0.17386116,  0.        , ...,  0.95274192,
          0.89962292,  0.53688844],
        ...,
        [-0.64068737, -0.88541613, -0.95274192, ...,  0.        ,
          0.14274328,  0.64068737],
        [-0.52452801, -0.81000228, -0.89962292, ..., -0.14274328,
          0.        ,  0.52452801],
        [-0.        , -0.38203318, -0.53688844, ..., -0.64068737,
         -0.52452801,  0.        ]],

       ...,

       [[ 0.        ,  0.3818482 ,  0.45968392, ...,  0.99534072,
          0.87594278,  0.92774206],
        [-0.3818482 ,  0.        ,  0.08573866, ...,  0.95673671,
          0.62535896,  0.71492831],
        [-0.45968392, -0.08573866,  0.        , ...,  0.92826759,
          0.55615111,  0.65234742],
        ...,
        [-0.99534072, -0.95673671, -0.92826759, ...,  0.        ,
         -0.56462589, -0.46093615],
        [-0.87594278, -0.62535896, -0.55615111, ...,  0.56462589,
          0.        ,  0.12063557],
        [-0.92774206, -0.71492831, -0.65234742, ...,  0.46093615,
         -0.12063557,  0.        ]],

       [[ 0.        , -0.12566409, -0.18828436, ...,  0.92978084,
          0.85817892,  0.46436541],
        [ 0.12566409,  0.        , -0.06337527, ...,  0.87615168,
          0.78686626,  0.34939071],
        [ 0.18828436,  0.06337527,  0.        , ...,  0.84384128,
          0.74617411,  0.28930718],
        ...,
        [-0.92978084, -0.87615168, -0.84384128, ...,  0.        ,
