state_0,state_1,state_2,state_3,state_4,state_5,state_6,state_7,state_8,state_9,state_10,state_11,state_12,state_13,state_14,state_15,state_16,state_17,state_18,state_19,state_20,state_21,state_22,state_23,state_24,state_25,state_26,state_27,state_28,state_29,state_30,state_31,state_32,state_33,state_34,state_35,state_36,state_37,state_38,state_39,state_40,state_41,state_42,state_43,state_44,state_45,state_46,state_47,state_48,state_49,state_50,state_51,state_52,state_53,state_54,state_55,state_56,state_57,state_58,state_59,state_60,state_61,state_62,state_63,state_64,state_65,state_66,state_67,state_68,state_69,state_70,state_71,state_72,state_73,state_74,state_75,state_76,state_77,state_78,state_79,state_80,state_81,state_82,state_83,state_84,state_85,state_86,state_87,state_88,state_89,state_90,state_91,state_92,state_93,state_94,state_95,state_96,state_97,state_98,state_99,state_100,state_101,state_102,state_103,state_104,state_105,state_106,state_107,state_108,state_109,state_110,state_111,state_112,state_113,state_114,state_115,state_116,state_117,state_118,state_119,state_120,state_121,state_122,state_123,state_124,state_125,state_126,state_127,state_128,state_129,state_130,state_131,state_132,state_133,state_134,state_135,state_136,state_137,state_138,state_139,state_140,state_141,state_142,state_143,state_144,state_145,state_146,state_147,state_148,state_149,state_150,state_151,state_152,state_153,state_154,state_155,state_156,state_157,state_158,state_159,state_160,state_161,state_162,state_163,state_164,state_165,state_166,state_167,state_168,state_169,state_170,state_171,state_172,state_173,state_174,state_175,state_176,state_177,state_178,state_179,state_180,state_181,state_182,state_183,state_184,state_185,state_186,state_187,state_188,state_189,state_190,state_191,state_192,state_193,state_194,state_195,state_196,state_197,state_198,state_199,state_200,state_201,state_202,state_203,state_204,state_205,state_206,state_207,state_208,state_209,state_210,state_211,state_212,state_213,state_214,state_215,state_216,state_217,state_218,state_219,state_220,state_221,state_222,state_223,state_224,state_225,state_226,state_227,state_228,state_229,state_230,state_231,state_232,state_233,state_234,state_235,state_236,state_237,state_238,state_239,state_240,state_241,state_242,state_243,state_244,state_245,state_246,state_247,state_248,state_249,state_250,state_251,state_252,state_253,state_254,state_255,state_256,state_257,state_258,state_259,state_260,state_261,state_262,state_263,state_264,state_265,state_266,state_267,state_268,state_269,state_270,state_271,state_272,state_273,state_274,state_275,state_276,state_277,state_278,state_279,state_280,state_281,state_282,state_283,state_284,state_285,state_286,state_287
{'img': array([[[ 0.        ,  0.34070896,  0.55594391, ..., -0.91632958,
         -0.86345292, -0.60357062],
        [-0.34070896,  0.        ,  0.23947709, ..., -0.99793285,
         -0.98365514, -0.83910878],
        [-0.55594391, -0.23947709,  0.        , ..., -0.98428508,
         -0.99815364, -0.94495924],
        ...,
        [ 0.91632958,  0.99793285,  0.98428508, ...,  0.        ,
          0.11647556,  0.48891361],
        [ 0.86345292,  0.98365514,  0.99815364, ..., -0.11647556,
          0.        ,  0.38398047],
        [ 0.60357062,  0.83910878,  0.94495924, ..., -0.48891361,
         -0.38398047,  0.        ]],

       [[ 0.        ,  0.82554083,  0.84560162, ...,  0.11200984,
          0.13018109,  0.48311508],
        [-0.82554083,  0.        ,  0.03652319, ..., -0.75713389,
         -0.74504897,  0.99545026],
        [-0.84560162, -0.03652319,  0.        , ..., -0.78048786,
         -0.7689132 ,  0.99826613],
        ...,
        [-0.11200984,  0.75713389,  0.78048786, ...,  0.        ,
          0.01830521,  0.57814587],
        [-0.13018109,  0.74504897,  0.7689132 , ..., -0.01830521,
          0.        ,  0.59298483],
        [-0.48311508, -0.99545026, -0.99826613, ..., -0.57814587,
         -0.59298483,  0.        ]],

       [[ 0.        ,  0.009372  ,  0.17104546, ..., -0.99560936,
         -0.99409521, -0.96817461],
        [-0.009372  ,  0.        ,  0.16180406, ..., -0.99644291,
         -0.99506852, -0.97047767],
        [-0.17104546, -0.16180406,  0.        , ..., -0.99694801,
         -0.99800574, -0.99671527],
        ...,
        [ 0.99560936,  0.99644291,  0.99694801, ...,  0.        ,
          0.01498215,  0.15855035],
        [ 0.99409521,  0.99506852,  0.99800574, ..., -0.01498215,
          0.        ,  0.14373992],
        [ 0.96817461,  0.97047767,  0.99671527, ..., -0.15855035,
         -0.14373992,  0.        ]],

       ...,

       [[ 0.        , -0.01867242,  0.05364889, ...,  0.47819704,
          0.68863645,  0.99542955],
        [ 0.01867242,  0.        ,  0.07228506, ...,  0.49451277,
          0.70205588,  0.99347281],
        [-0.05364889, -0.07228506,  0.        , ...,  0.4303911 ,
          0.64874354,  0.99911939],
        ...,
        [-0.47819704, -0.49451277, -0.4303911 , ...,  0.        ,
          0.25805281,  0.91990579],
        [-0.68863645, -0.70205588, -0.64874354, ..., -0.25805281,
          0.        ,  0.78755664],
        [-0.99542955, -0.99347281, -0.99911939, ..., -0.91990579,
         -0.78755664,  0.        ]],

       [[ 0.        , -0.44761108, -0.61783532, ..., -0.        ,
         -0.06591625, -0.40550419],
        [ 0.44761108,  0.        , -0.20052589, ..., -0.44761108,
         -0.50558178, -0.77177158],
        [ 0.61783532,  0.20052589,  0.        , ..., -0.61783532,
         -0.66832207, -0.88361005],
        ...,
        [ 0.        ,  0.44761108,  0.61783532, ...,  0.        ,
          0.06591625,  0.40550419],
        [ 0.06591625,  0.50558178,  0.66832207, ..., -0.06591625,
          0.        ,  0.34436869],
        [ 0.40550419,  0.77177158,  0.88361005, ..., -0.40550419,
         -0.34436869,  0.        ]],

       [[ 0.        ,  0.01112845,  0.0868219 , ..., -0.99976809,
         -0.99932873, -0.99540531],
        [-0.01112845,  0.        ,  0.07573009, ..., -0.99994584,
         -0.99967453, -0.99427811],
        [-0.0868219 , -0.07573009,  0.        , ..., -0.99786254,
         -0.9987358 , -0.98333321],
        ...,
        [ 0.99976809,  0.99994584,  0.99786254, ...,  0.        ,
          0.01510543, -0.11716506],
        [ 0.99932873,  0.99967453,  0.9987358 , ..., -0.01510543,
          0.        , -0.13215309],
        [ 0.99540531,  0.99427811,  0.98333321, ...,  0.11716506,
          0.13215309,  0.        ]]]), 'num': array([ 7.07029360e-01,  7.07029360e-01,  0.00000000e+00,  0.00000000e+00,
        7.43898990e-04,  7.78599817e-04,  7.39561386e-04,  1.46559812e-02,
       -2.16880172e-06,  7.06161840e-04,  6.90329587e-04,  7.28681231e-04,
        2.95745689e-06,  7.31687220e-04,  6.48971954e-04])}
{'img': array([[[ 0.        ,  0.23947709,  0.5861273 , ..., -0.98365514,
         -0.83910878, -0.8469735 ],
        [-0.23947709,  0.        ,  0.37504329, ..., -0.99815364,
         -0.94495924, -0.94964271],
        [-0.5861273 , -0.37504329,  0.        , ..., -0.90251571,
         -0.9986938 , -0.99783985],
        ...,
        [ 0.98365514,  0.99815364,  0.90251571, ...,  0.        ,
          0.38398047,  0.3704373 ],
        [ 0.83910878,  0.94495924,  0.9986938 , ..., -0.38398047,
          0.        , -0.0146231 ],
        [ 0.8469735 ,  0.94964271,  0.99783985, ..., -0.3704373 ,
          0.0146231 ,  0.        ]],

       [[ 0.        ,  0.03652319, -0.67388301, ..., -0.74504897,
          0.99545026,  0.98987174],
        [-0.03652319,  0.        , -0.70041812, ..., -0.7689132 ,
          0.99826613,  0.98402631],
        [ 0.67388301,  0.70041812,  0.        , ..., -0.10098399,
          0.67126721,  0.82702241],
        ...,
        [ 0.74504897,  0.7689132 ,  0.10098399, ...,  0.        ,
          0.59298483,  0.76602466],
        [-0.99545026, -0.99826613, -0.67126721, ..., -0.59298483,
          0.        , -0.23563621],
        [-0.98987174, -0.98402631, -0.82702241, ..., -0.76602466,
          0.23563621,  0.        ]],

       [[ 0.        ,  0.16180406,  0.33691302, ..., -0.99506852,
         -0.97047767, -0.93663188],
        [-0.16180406,  0.        ,  0.18012917, ..., -0.99800574,
         -0.99671527, -0.98097221],
        [-0.33691302, -0.18012917,  0.        , ..., -0.970311  ,
         -0.99499983, -0.99989817],
        ...,
        [ 0.99506852,  0.99800574,  0.970311  , ...,  0.        ,
          0.14373992,  0.25568311],
        [ 0.97047767,  0.99671527,  0.99499983, ..., -0.14373992,
          0.        ,  0.11406588],
        [ 0.93663188,  0.98097221,  0.99989817, ..., -0.25568311,
         -0.11406588,  0.        ]],

       ...,

       [[ 0.        ,  0.07228506,  0.38647656, ...,  0.70205588,
          0.99347281,  0.99347281],
        [-0.07228506,  0.        ,  0.31879709, ...,  0.64874354,
          0.99911939,  0.99911939],
        [-0.38647656, -0.31879709,  0.        , ...,  0.3722872 ,
          0.96036427,  0.96036427],
        ...,
        [-0.70205588, -0.64874354, -0.3722872 , ...,  0.        ,
          0.78755664,  0.78755664],
        [-0.99347281, -0.99911939, -0.96036427, ..., -0.78755664,
          0.        ,  0.        ],
        [-0.99347281, -0.99911939, -0.96036427, ..., -0.78755664,
          0.        ,  0.        ]],

       [[ 0.        , -0.46358395, -0.57537136, ..., -0.06772954,
         -0.41614943, -0.51593631],
        [ 0.46358395,  0.        , -0.13064778, ..., -0.52253139,
         -0.79026559, -0.85426542],
        [ 0.57537136,  0.13064778,  0.        , ..., -0.62944561,
         -0.86354842, -0.91485894],
        ...,
        [ 0.06772954,  0.52253139,  0.62944561, ...,  0.        ,
          0.35360761,  0.45673263],
        [ 0.41614943,  0.79026559,  0.86354842, ..., -0.35360761,
          0.        ,  0.11265414],
        [ 0.51593631,  0.85426542,  0.91485894, ..., -0.45673263,
         -0.11265414,  0.        ]],

       [[ 0.        ,  0.07573009,  0.1048131 , ..., -0.99967453,
         -0.99427811, -0.9814742 ],
        [-0.07573009,  0.        ,  0.02919914, ..., -0.9987358 ,
         -0.98333321, -0.9641463 ],
        [-0.1048131 , -0.02919914,  0.        , ..., -0.99684218,
         -0.97760516, -0.95598658],
        ...,
        [ 0.99967453,  0.9987358 ,  0.99684218, ...,  0.        ,
         -0.13215309, -0.21657069],
        [ 0.99427811,  0.98333321,  0.97760516, ...,  0.13215309,
          0.        , -0.08565452],
        [ 0.9814742 ,  0.9641463 ,  0.95598658, ...,  0.21657069,
          0.08565452,  0.        ]]]), 'num': array([ 8.97497693e-01,  4.40264434e-01,  2.57596202e-05, -3.84794038e-10,
        9.60574074e-04,  9.87632498e-04,  9.19986437e-04,  2.56607488e-02,
        3.24701095e-05,  9.04292551e-04,  8.65869588e-04,  9.06953296e-04,
        4.05876369e-06,  9.33244522e-04,  7.98494654e-04])}
{'img': array([[[ 0.        ,  0.37504329,  0.        , ..., -0.94495924,
         -0.94964271, -0.880371  ],
        [-0.37504329,  0.        , -0.37504329, ..., -0.9986938 ,
         -0.99783985, -0.993988  ],
        [ 0.        ,  0.37504329,  0.        , ..., -0.94495924,
         -0.94964271, -0.880371  ],
        ...,
        [ 0.94495924,  0.9986938 ,  0.94495924, ...,  0.        ,
         -0.0146231 ,  0.16013374],
        [ 0.94964271,  0.99783985,  0.94964271, ...,  0.0146231 ,
          0.        ,  0.17455102],
        [ 0.880371  ,  0.993988  ,  0.880371  , ..., -0.16013374,
         -0.17455102,  0.        ]],

       [[ 0.        , -0.57111854, -0.61807348, ...,  0.6835326 ,
          0.66797462,  0.93789667],
        [ 0.57111854,  0.        , -0.05838859, ...,  0.9779606 ,
          0.97333603,  0.57175953],
        [ 0.61807348,  0.05838859,  0.        , ...,  0.98848306,
          0.98506886,  0.52288083],
        ...,
        [-0.6835326 , -0.9779606 , -0.98848306, ...,  0.        ,
         -0.02110603,  0.92171706],
        [-0.66797462, -0.97333603, -0.98506886, ...,  0.02110603,
          0.        ,  0.92969799],
        [-0.93789667, -0.57175953, -0.52288083, ..., -0.92171706,
         -0.92969799,  0.        ]],

       [[ 0.        ,  0.18012917,  0.35369428, ..., -0.99671527,
         -0.98097221, -0.93440587],
        [-0.18012917,  0.        ,  0.17942307, ..., -0.99499983,
         -0.99989817, -0.9832856 ],
        [-0.35369428, -0.17942307,  0.        , ..., -0.96093281,
         -0.98623234, -0.99999638],
        ...,
        [ 0.99671527,  0.99499983,  0.96093281, ...,  0.        ,
          0.11406588,  0.2793667 ],
        [ 0.98097221,  0.99989817,  0.98623234, ..., -0.11406588,
          0.        ,  0.16801904],
        [ 0.93440587,  0.9832856 ,  0.99999638, ..., -0.2793667 ,
         -0.16801904,  0.        ]],

       ...,

       [[ 0.        ,  0.29706941,  0.27868829, ...,  0.96535808,
          0.96535808,  0.92783738],
        [-0.29706941,  0.        , -0.01919284, ...,  0.84426392,
          0.84426392,  0.99675341],
        [-0.27868829,  0.01919284,  0.        , ...,  0.85439439,
          0.85439439,  0.9950245 ],
        ...,
        [-0.96535808, -0.84426392, -0.85439439, ...,  0.        ,
          0.        ,  0.60216345],
        [-0.96535808, -0.84426392, -0.85439439, ...,  0.        ,
          0.        ,  0.60216345],
        [-0.92783738, -0.99675341, -0.9950245 , ..., -0.60216345,
         -0.60216345,  0.        ]],

       [[ 0.        , -0.37327356, -0.48561325, ..., -0.42792062,
         -0.53005226, -0.65916735],
        [ 0.37327356,  0.        , -0.12420781, ..., -0.73436182,
         -0.80826369, -0.89222394],
        [ 0.48561325,  0.12420781,  0.        , ..., -0.81298216,
         -0.87514081, -0.94140616],
        ...,
        [ 0.42792062,  0.73436182,  0.81298216, ...,  0.        ,
          0.11620818,  0.2739715 ],
        [ 0.53005226,  0.80826369,  0.87514081, ..., -0.11620818,
          0.        ,  0.1603535 ],
        [ 0.65916735,  0.89222394,  0.94140616, ..., -0.2739715 ,
         -0.1603535 ,  0.        ]],

       [[ 0.        ,  0.02919914,  0.02044284, ..., -0.98333321,
         -0.9641463 , -0.90689378],
        [-0.02919914,  0.        , -0.00875891, ..., -0.97760516,
         -0.95598658, -0.89420377],
        [-0.02044284,  0.00875891,  0.        , ..., -0.97941095,
         -0.95851987, -0.89809048],
        ...,
        [ 0.98333321,  0.97760516,  0.97941095, ...,  0.        ,
         -0.08565452, -0.24945195],
        [ 0.9641463 ,  0.95598658,  0.95851987, ...,  0.08565452,
          0.        , -0.16558844],
        [ 0.90689378,  0.89420377,  0.89809048, ...,  0.24945195,
          0.16558844,  0.        ]]]), 'num': array([9.80762689e-01, 1.94855831e-01, 4.37831119e-05, 1.02034381e-07,
       1.05208415e-03, 1.05794534e-03, 1.01105580e-03, 1.13066516e-02,
       1.17223860e-05, 1.00753908e-03, 9.43652077e-04, 9.79747257e-04,
       4.08057742e-06, 1.03195985e-03, 8.55344300e-04])}
{'img': array([[[ 0.        , -0.37504329, -0.60579544, ..., -0.99783985,
         -0.993988  , -0.98580689],
        [ 0.37504329,  0.        , -0.26318469, ..., -0.94964271,
         -0.880371  , -0.85088671],
        [ 0.60579544,  0.26318469,  0.        , ..., -0.83369856,
         -0.7245092 , -0.68262523],
        ...,
        [ 0.99783985,  0.94964271,  0.83369856, ...,  0.        ,
          0.17455102,  0.2322816 ],
        [ 0.993988  ,  0.880371  ,  0.7245092 , ..., -0.17455102,
          0.        ,  0.05893884],
        [ 0.98580689,  0.85088671,  0.68262523, ..., -0.2322816 ,
         -0.05893884,  0.        ]],

       [[ 0.        , -0.05838859,  0.443474  , ...,  0.97333603,
          0.57175953,  0.60810847],
        [ 0.05838859,  0.        ,  0.49505035, ...,  0.98506886,
          0.52288083,  0.65342301],
        [-0.443474  , -0.49505035,  0.        , ...,  0.77066288,
          0.87629627,  0.19298628],
        ...,
        [-0.97333603, -0.98506886, -0.77066288, ...,  0.        ,
          0.92969799, -0.63319637],
        [-0.57175953, -0.52288083, -0.87629627, ..., -0.92969799,
          0.        , -0.95279868],
        [-0.60810847, -0.65342301, -0.19298628, ...,  0.63319637,
          0.95279868,  0.        ]],

       [[ 0.        ,  0.17942307,  0.49722654, ..., -0.99989817,
         -0.9832856 , -0.93571849],
        [-0.17942307,  0.        ,  0.33348637, ..., -0.98623234,
         -0.99999638, -0.98382472],
        [-0.49722654, -0.33348637,  0.        , ..., -0.87462821,
         -0.94364895, -0.98724428],
        ...,
        [ 0.99989817,  0.98623234,  0.87462821, ...,  0.        ,
          0.16801904,  0.3393583 ],
        [ 0.9832856 ,  0.99999638,  0.94364895, ..., -0.16801904,
          0.        ,  0.17648557],
        [ 0.93571849,  0.98382472,  0.98724428, ..., -0.3393583 ,
         -0.17648557,  0.        ]],

       ...,

       [[ 0.        , -0.01919284,  0.        , ...,  0.84426392,
          0.99675341,  0.8817527 ],
        [ 0.01919284,  0.        ,  0.01919284, ...,  0.85439439,
          0.9950245 ,  0.89064377],
        [ 0.        , -0.01919284,  0.        , ...,  0.84426392,
          0.99675341,  0.8817527 ],
        ...,
        [-0.84426392, -0.85439439, -0.84426392, ...,  0.        ,
          0.60216345,  0.07430624],
        [-0.99675341, -0.9950245 , -0.99675341, ..., -0.60216345,
          0.        , -0.54117467],
        [-0.8817527 , -0.89064377, -0.8817527 , ..., -0.07430624,
          0.54117467,  0.        ]],

       [[ 0.        , -0.32867032, -0.48648909, ..., -0.53906444,
         -0.66962704, -0.76243885],
        [ 0.32867032,  0.        , -0.17230717, ..., -0.78594392,
         -0.87652835, -0.93275085],
        [ 0.48648909,  0.17230717,  0.        , ..., -0.88072591,
         -0.94635845, -0.98092041],
        ...,
        [ 0.53906444,  0.78594392,  0.88072591, ...,  0.        ,
          0.16364126,  0.29336801],
        [ 0.66962704,  0.87652835,  0.94635845, ..., -0.16364126,
          0.        ,  0.1329724 ],
        [ 0.76243885,  0.93275085,  0.98092041, ..., -0.29336801,
         -0.1329724 ,  0.        ]],

       [[ 0.        , -0.00875891, -0.01956787, ..., -0.95598658,
         -0.89420377, -0.80391919],
        [ 0.00875891,  0.        , -0.01080988, ..., -0.95851987,
         -0.89809048, -0.80909762],
        [ 0.01956787,  0.01080988,  0.        , ..., -0.96154496,
         -0.90279231, -0.81540303],
        ...,
        [ 0.95598658,  0.95851987,  0.96154496, ...,  0.        ,
         -0.16558844, -0.33268383],
        [ 0.89420377,  0.89809048,  0.90279231, ...,  0.16558844,
          0.        , -0.17193484],
        [ 0.80391919,  0.80909762,  0.81540303, ...,  0.33268383,
          0.17193484,  0.        ]]]), 'num': array([ 9.78010913e-01,  2.08333333e-01,  4.41075977e-05,  1.58727072e-07,
        1.04292355e-03,  1.08774834e-03,  1.03395859e-03,  9.14485573e-03,
       -2.98831963e-05,  1.04591187e-03,  9.66422568e-04,  9.95708100e-04,
        4.21429691e-06,  1.06305948e-03,  8.69785652e-04])}
{'img': array([[[ 0.        , -0.5041153 , -0.68634859, ..., -0.98845494,
         -0.97724336, -0.99816176],
        [ 0.5041153 ,  0.        , -0.22612629, ..., -0.77728452,
         -0.73704936, -0.83149635],
        [ 0.68634859,  0.22612629,  0.        , ..., -0.61488411,
         -0.56513335, -0.68433894],
        ...,
        [ 0.98845494,  0.77728452,  0.61488411, ...,  0.        ,
          0.06160508, -0.09133027],
        [ 0.97724336,  0.73704936,  0.56513335, ..., -0.06160508,
          0.        , -0.15250441],
        [ 0.99816176,  0.83149635,  0.68433894, ...,  0.09133027,
          0.15250441,  0.        ]],

       [[ 0.        ,  0.49505035,  0.29705065, ...,  0.52288083,
          0.65342301,  0.48833503],
        [-0.49505035,  0.        , -0.21460793, ...,  0.87629627,
          0.19298628, -0.00771191],
        [-0.29705065,  0.21460793,  0.        , ...,  0.75248658,
          0.39906336,  0.20706933],
        ...,
        [-0.52288083, -0.87629627, -0.75248658, ...,  0.        ,
         -0.95279868, -0.87255482],
        [-0.65342301, -0.19298628, -0.39906336, ...,  0.95279868,
          0.        , -0.20054747],
        [-0.48833503,  0.00771191, -0.20706933, ...,  0.87255482,
          0.20054747,  0.        ]],

       [[ 0.        ,  0.33348637,  0.0716336 , ..., -0.99999638,
         -0.98382472, -0.95776215],
        [-0.33348637,  0.        , -0.26509672, ..., -0.94364895,
         -0.98724428, -0.99883285],
        [-0.0716336 ,  0.26509672,  0.        , ..., -0.99762018,
         -0.99412929, -0.97590075],
        ...,
        [ 0.99999638,  0.94364895,  0.99762018, ...,  0.        ,
          0.17648557,  0.2849831 ],
        [ 0.98382472,  0.98724428,  0.99412929, ..., -0.17648557,
          0.        ,  0.11134263],
        [ 0.95776215,  0.99883285,  0.97590075, ..., -0.2849831 ,
         -0.11134263,  0.        ]],

       ...,

       [[ 0.        ,  0.01919284,  0.10257824, ...,  0.9950245 ,
          0.89064377,  0.91258368],
        [-0.01919284,  0.        ,  0.08346775, ...,  0.99675341,
          0.8817527 ,  0.90456782],
        [-0.10257824, -0.08346775,  0.        , ...,  0.99999561,
          0.83930307,  0.86582652],
        ...,
        [-0.9950245 , -0.99675341, -0.99999561, ...,  0.        ,
         -0.54117467, -0.49777675],
        [-0.89064377, -0.8817527 , -0.83930307, ...,  0.54117467,
          0.        ,  0.05077805],
        [-0.91258368, -0.90456782, -0.86582652, ...,  0.49777675,
         -0.05077805,  0.        ]],

       [[ 0.        , -0.3745164 , -0.48928619, ..., -0.67769178,
         -0.77088336, -0.80889937],
        [ 0.3745164 ,  0.        , -0.12705161, ..., -0.90376873,
         -0.95333677, -0.97022374],
        [ 0.48928619,  0.12705161,  0.        , ..., -0.95082546,
         -0.98396905, -0.99313438],
        ...,
        [ 0.67769178,  0.90376873,  0.95082546, ...,  0.        ,
          0.13519242,  0.19637405],
        [ 0.77088336,  0.95333677,  0.98396905, ..., -0.13519242,
          0.        ,  0.06201111],
        [ 0.80889937,  0.97022374,  0.99313438, ..., -0.19637405,
         -0.06201111,  0.        ]],

       [[ 0.        , -0.01080988, -0.0745165 , ..., -0.89809048,
         -0.80909762, -0.77469265],
        [ 0.01080988,  0.        , -0.06373232, ..., -0.90279231,
         -0.81540303, -0.78148288],
        [ 0.0745165 ,  0.06373232,  0.        , ..., -0.92836675,
         -0.85063958, -0.81965844],
        ...,
        [ 0.89809048,  0.90279231,  0.92836675, ...,  0.        ,
         -0.17193484, -0.22717856],
        [ 0.80909762,  0.81540303,  0.85063958, ...,  0.17193484,
          0.        , -0.0563562 ],
        [ 0.77469265,  0.78148288,  0.81965844, ...,  0.22717856,
          0.0563562 ,  0.        ]]]), 'num': array([ 9.24290083e-01,  3.81617637e-01,  3.17352308e-05,  2.05748413e-08,
        9.77788192e-04,  1.00066043e-03,  9.63493043e-04,  6.95927880e-03,
       -2.00132086e-05,  9.99516818e-04,  9.28041073e-04,  9.49340845e-04,
        3.88263306e-06,  1.02300908e-03,  8.33073072e-04])}
{'img': array([[[ 0.        , -0.52083309, -0.57072939, ..., -0.95368314,
         -0.99040275, -0.99970251],
        [ 0.52083309,  0.        , -0.05953207, ..., -0.65744639,
         -0.7734807 , -0.84070134],
        [ 0.57072939,  0.05953207,  0.        , ..., -0.61142284,
         -0.73437625, -0.80697371],
        ...,
        [ 0.95368314,  0.65744639,  0.61142284, ...,  0.        ,
         -0.16611617, -0.27746296],
        [ 0.99040275,  0.7734807 ,  0.73437625, ...,  0.16611617,
          0.        , -0.1140141 ],
        [ 0.99970251,  0.84070134,  0.80697371, ...,  0.27746296,
          0.1140141 ,  0.        ]],

       [[ 0.        , -0.21460793, -0.43867632, ...,  0.19298628,
         -0.00771191, -0.18249065],
        [ 0.21460793,  0.        , -0.23559891, ...,  0.39906336,
          0.20706933,  0.03276548],
        [ 0.43867632,  0.23559891,  0.        , ...,  0.60385602,
          0.431733  ,  0.26731555],
        ...,
        [-0.19298628, -0.39906336, -0.60385602, ...,  0.        ,
         -0.20054747, -0.36880566],
        [ 0.00771191, -0.20706933, -0.431733  , ...,  0.20054747,
          0.        , -0.17490282],
        [ 0.18249065, -0.03276548, -0.26731555, ...,  0.36880566,
          0.17490282,  0.        ]],

       [[ 0.        , -0.26509672, -0.45071981, ..., -0.98724428,
         -0.99883285, -0.99846112],
        [ 0.26509672,  0.        , -0.19795119, ..., -0.99412929,
         -0.97590075, -0.97743925],
        [ 0.45071981,  0.19795119,  0.        , ..., -0.95303928,
         -0.91339361, -0.91628697],
        ...,
        [ 0.98724428,  0.99412929,  0.95303928, ...,  0.        ,
          0.11134263,  0.10421908],
        [ 0.99883285,  0.97590075,  0.91339361, ..., -0.11134263,
          0.        , -0.00716524],
        [ 0.99846112,  0.97743925,  0.91628697, ..., -0.10421908,
          0.00716524,  0.        ]],

       ...,

       [[ 0.        ,  0.08346775, -0.00426649, ...,  0.8817527 ,
          0.90456782,  0.83686673],
        [-0.08346775,  0.        , -0.08771859, ...,  0.83930307,
          0.86582652,  0.78825566],
        [ 0.00426649,  0.08771859,  0.        , ...,  0.88375723,
          0.90637852,  0.83919462],
        ...,
        [-0.8817527 , -0.83930307, -0.88375723, ...,  0.        ,
          0.05077805, -0.08791727],
        [-0.90456782, -0.86582652, -0.90637852, ..., -0.05077805,
          0.        , -0.13838528],
        [-0.83686673, -0.78825566, -0.83919462, ...,  0.08791727,
          0.13838528,  0.        ]],

       [[ 0.        , -0.33329581, -0.58492087, ..., -0.78200905,
         -0.81998409, -0.8397005 ],
        [ 0.33329581,  0.        , -0.28114342, ..., -0.94502788,
         -0.96387325, -0.97268458],
        [ 0.58492087,  0.28114342,  0.        , ..., -0.99884192,
         -0.99988189, -0.99871414],
        ...,
        [ 0.78200905,  0.94502788,  0.99884192, ...,  0.        ,
          0.06345781,  0.09868784],
        [ 0.81998409,  0.96387325,  0.99988189, ..., -0.06345781,
          0.        ,  0.0353409 ],
        [ 0.8397005 ,  0.97268458,  0.99871414, ..., -0.09868784,
         -0.0353409 ,  0.        ]],

       [[ 0.        , -0.06373232,  0.00804419, ..., -0.81540303,
         -0.78148288, -0.79597749],
        [ 0.06373232,  0.        ,  0.07175809, ..., -0.85063958,
         -0.81965844, -0.83293813],
        [-0.00804419, -0.07175809,  0.        , ..., -0.81071992,
         -0.77643862, -0.79108238],
        ...,
        [ 0.81540303,  0.85063958,  0.81071992, ...,  0.        ,
         -0.0563562 , -0.0327985 ],
        [ 0.78148288,  0.81965844,  0.77643862, ...,  0.0563562 ,
          0.        ,  0.02357951],
        [ 0.79597749,  0.83293813,  0.79108238, ...,  0.0327985 ,
         -0.02357951,  0.        ]]]), 'num': array([ 8.69685243e-01,  4.93579749e-01,  2.15533234e-05, -4.57689006e-08,
        9.30954192e-04,  9.33621683e-04,  9.06946778e-04,  4.48335802e-03,
        1.86724337e-05,  9.35755675e-04,  8.70802281e-04,  8.83383945e-04,
        3.80194051e-06,  9.62316646e-04,  7.79287916e-04])}
{'img': array([[[ 0.00000000e+00, -2.62572448e-01, -5.65772474e-01, ...,
         -9.73644697e-01, -9.94444401e-01, -9.73644697e-01],
        [ 2.62572448e-01,  0.00000000e+00, -3.29413701e-01, ...,
         -8.79596780e-01, -9.31912410e-01, -8.79596780e-01],
        [ 5.65772474e-01,  3.29413701e-01,  0.00000000e+00, ...,
         -6.73794010e-01, -7.60425474e-01, -6.73794010e-01],
        ...,
        [ 9.73644697e-01,  8.79596780e-01,  6.73794010e-01, ...,
          0.00000000e+00, -1.24314194e-01,  0.00000000e+00],
        [ 9.94444401e-01,  9.31912410e-01,  7.60425474e-01, ...,
          1.24314194e-01,  0.00000000e+00,  1.24314194e-01],
        [ 9.73644697e-01,  8.79596780e-01,  6.73794010e-01, ...,
          0.00000000e+00, -1.24314194e-01,  0.00000000e+00]],

       [[ 0.00000000e+00, -2.35598905e-01,  2.06700317e-01, ...,
          2.07069329e-01,  3.27654796e-02, -2.20283918e-01],
        [ 2.35598905e-01,  0.00000000e+00,  4.31392764e-01, ...,
          4.31733004e-01,  2.67315548e-01,  1.57285976e-02],
        [-2.06700317e-01, -4.31392764e-01,  0.00000000e+00, ...,
          3.77172084e-04, -1.74531447e-01, -4.17149622e-01],
        ...,
        [-2.07069329e-01, -4.31733004e-01, -3.77172084e-04, ...,
          0.00000000e+00, -1.74902818e-01, -4.17492380e-01],
        [-3.27654796e-02, -2.67315548e-01,  1.74531447e-01, ...,
          1.74902818e-01,  0.00000000e+00, -2.52126262e-01],
        [ 2.20283918e-01, -1.57285976e-02,  4.17149622e-01, ...,
          4.17492380e-01,  2.52126262e-01,  0.00000000e+00]],

       [[ 0.00000000e+00, -3.74714488e-01, -5.90658454e-01, ...,
         -9.99520457e-01, -9.99268149e-01, -9.99865618e-01],
        [ 3.74714488e-01,  0.00000000e+00, -2.45257987e-01, ...,
         -9.38298833e-01, -9.40795067e-01, -9.33158525e-01],
        [ 5.90658454e-01,  2.45257987e-01,  0.00000000e+00, ...,
         -8.24824693e-01, -8.28924622e-01, -8.16496166e-01],
        ...,
        [ 9.99520457e-01,  9.38298833e-01,  8.24824693e-01, ...,
          0.00000000e+00, -7.29029340e-03,  1.45756492e-02],
        [ 9.99268149e-01,  9.40795067e-01,  8.28924622e-01, ...,
          7.29029340e-03,  0.00000000e+00,  2.18647808e-02],
        [ 9.99865618e-01,  9.33158525e-01,  8.16496166e-01, ...,
         -1.45756492e-02, -2.18647808e-02,  0.00000000e+00]],

       ...,

       [[ 0.00000000e+00, -8.77185928e-02, -1.38288023e-01, ...,
          8.65826523e-01,  7.88255659e-01,  8.88172354e-01],
        [ 8.77185928e-02,  0.00000000e+00, -5.08791666e-02, ...,
          9.06378516e-01,  8.39194616e-01,  9.25056323e-01],
        [ 1.38288023e-01,  5.08791666e-02,  0.00000000e+00, ...,
          9.26699336e-01,  8.65777384e-01,  9.43183637e-01],
        ...,
        [-8.65826523e-01, -9.06378516e-01, -9.26699336e-01, ...,
          0.00000000e+00, -1.38385282e-01,  4.65356350e-02],
        [-7.88255659e-01, -8.39194616e-01, -8.65777384e-01, ...,
          1.38385282e-01,  0.00000000e+00,  1.84323250e-01],
        [-8.88172354e-01, -9.25056323e-01, -9.43183637e-01, ...,
         -4.65356350e-02, -1.84323250e-01,  0.00000000e+00]],

       [[ 0.00000000e+00, -5.02819977e-01, -7.35920225e-01, ...,
         -8.28626710e-01, -8.48246491e-01, -8.73468127e-01],
        [ 5.02819977e-01,  0.00000000e+00, -2.95679489e-01, ...,
         -9.97737002e-01, -9.99511046e-01, -9.99831784e-01],
        [ 7.35920225e-01,  2.95679489e-01,  0.00000000e+00, ...,
         -9.73006124e-01, -9.64065325e-01, -9.49703360e-01],
        ...,
        [ 8.28626710e-01,  9.97737002e-01,  9.73006124e-01, ...,
          0.00000000e+00,  3.60076401e-02,  8.55259339e-02],
        [ 8.48246491e-01,  9.99511046e-01,  9.64065325e-01, ...,
         -3.60076401e-02,  0.00000000e+00,  4.95947655e-02],
        [ 8.73468127e-01,  9.99831784e-01,  9.49703360e-01, ...,
         -8.55259339e-02, -4.95947655e-02,  0.00000000e+00]],

       [[ 0.00000000e+00,  7.17580894e-02,  2.84737683e-01, ...,
         -8.19658445e-01, -8.32938132e-01, -8.59718782e-01],
        [-7.17580894e-02,  0.00000000e+00,  2.15215951e-01, ...,
         -7.76438615e-01, -7.91082376e-01, -8.20850771e-01],
        [-2.84737683e-01, -2.15215951e-01,  0.00000000e+00, ...,
         -6.22616365e-01, -6.40894863e-01, -6.78696326e-01],
        ...,
        [ 8.19658445e-01,  7.76438615e-01,  6.22616365e-01, ...,
          0.00000000e+00,  2.35795073e-02,  7.38370527e-02],
        [ 8.32938132e-01,  7.91082376e-01,  6.40894863e-01, ...,
         -2.35795073e-02,  0.00000000e+00,  5.03013807e-02],
        [ 8.59718782e-01,  8.20850771e-01,  6.78696326e-01, ...,
         -7.38370527e-02, -5.03013807e-02,  0.00000000e+00]]]), 'num': array([9.89599371e-01, 1.43511847e-01, 4.82101153e-05, 2.17192733e-10,
       1.06026006e-03, 1.08140484e-03, 1.04515664e-03, 9.43166264e-03,
       6.04136784e-06, 1.05723937e-03, 9.92143633e-04, 9.98235345e-04,
       4.28515626e-06, 1.09824620e-03, 8.86041062e-04])}
{'img': array([[[ 0.        , -0.51507875, -0.37115374, ..., -0.99215674,
         -0.96824584, -0.95831485],
        [ 0.51507875,  0.        ,  0.16015563, ..., -0.78603522,
         -0.70115531, -0.67424737],
        [ 0.37115374, -0.16015563,  0.        , ..., -0.87489418,
         -0.80629698, -0.78381986],
        ...,
        [ 0.99215674,  0.78603522,  0.87489418, ...,  0.        ,
          0.12700846,  0.163684  ],
        [ 0.96824584,  0.70115531,  0.80629698, ..., -0.12700846,
          0.        ,  0.03706296],
        [ 0.95831485,  0.67424737,  0.78381986, ..., -0.163684  ,
         -0.03706296,  0.        ]],

       [[ 0.        ,  0.43139276,  0.24904662, ...,  0.26731555,
          0.0157286 ,  0.4464975 ],
        [-0.43139276,  0.        , -0.19311928, ..., -0.17453145,
         -0.41714962,  0.01681035],
        [-0.24904662,  0.19311928,  0.        , ...,  0.01890926,
         -0.2337828 ,  0.20958589],
        ...,
        [-0.26731555,  0.17453145, -0.01890926, ...,  0.        ,
         -0.25212626,  0.19105912],
        [-0.0157286 ,  0.41714962,  0.2337828 , ...,  0.25212626,
          0.        ,  0.43236856],
        [-0.4464975 , -0.01681035, -0.20958589, ..., -0.19105912,
         -0.43236856,  0.        ]],

       [[ 0.        , -0.48369559, -0.62013001, ..., -0.99999821,
         -0.99978378, -0.99998392],
        [ 0.48369559,  0.        , -0.16330156, ..., -0.87614909,
         -0.86498911, -0.87247915],
        [ 0.62013001,  0.16330156,  0.        , ..., -0.78566992,
         -0.77143448, -0.78096963],
        ...,
        [ 0.99999821,  0.87614909,  0.78566992, ...,  0.        ,
          0.02268386,  0.0075614 ],
        [ 0.99978378,  0.86498911,  0.77143448, ..., -0.02268386,
          0.        , -0.01512377],
        [ 0.99998392,  0.87247915,  0.78096963, ..., -0.0075614 ,
          0.01512377,  0.        ]],

       ...,

       [[ 0.        , -0.05087917,  0.0342566 , ...,  0.83919462,
          0.92505632,  0.91679994],
        [ 0.05087917,  0.        ,  0.08506154, ...,  0.86577738,
          0.94318364,  0.93593095],
        [-0.0342566 , -0.08506154,  0.        , ...,  0.82007226,
          0.91150169,  0.90258158],
        ...,
        [-0.83919462, -0.86577738, -0.82007226, ...,  0.        ,
          0.18432325,  0.16345475],
        [-0.92505632, -0.94318364, -0.91150169, ..., -0.18432325,
          0.        , -0.02119019],
        [-0.91679994, -0.93593095, -0.90258158, ..., -0.16345475,
          0.02119019,  0.        ]],

       [[ 0.        , -0.60126201, -0.7141251 , ..., -0.86867261,
         -0.89325064, -0.91403359],
        [ 0.60126201,  0.        , -0.14972875, ..., -0.99197168,
         -0.9840564 , -0.97425533],
        [ 0.7141251 ,  0.14972875,  0.        , ..., -0.96185457,
         -0.94633298, -0.92951669],
        ...,
        [ 0.86867261,  0.99197168,  0.96185457, ...,  0.        ,
          0.05198482,  0.10043296],
        [ 0.89325064,  0.9840564 ,  0.94633298, ..., -0.05198482,
          0.        ,  0.04857518],
        [ 0.91403359,  0.97425533,  0.92951669, ..., -0.10043296,
         -0.04857518,  0.        ]],

       [[ 0.        ,  0.21521595,  0.26901522, ..., -0.79108238,
         -0.82085077, -0.85772794],
        [-0.21521595,  0.        ,  0.05542903, ..., -0.64089486,
         -0.67869633, -0.726985  ],
        [-0.26901522, -0.05542903,  0.        , ..., -0.59736066,
         -0.63694478, -0.68780683],
        ...,
        [ 0.79108238,  0.64089486,  0.59736066, ...,  0.        ,
          0.05030138,  0.11798194],
        [ 0.82085077,  0.67869633,  0.63694478, ..., -0.05030138,
          0.        ,  0.06788252],
        [ 0.85772794,  0.726985  ,  0.68780683, ..., -0.11798194,
         -0.06788252,  0.        ]]]), 'num': array([ 9.55439595e-01,  2.95053998e-01,  3.91920235e-05,  2.80606331e-08,
        1.01131026e-03,  1.05632406e-03,  1.00830933e-03,  8.37520939e-03,
       -4.20128889e-05,  1.03711817e-03,  9.90153765e-04,  9.89003412e-04,
        3.66112318e-06,  1.09180439e-03,  8.88503143e-04])}
{'img': array([[[ 0.        ,  0.19959986,  0.45418167, ..., -0.73326823,
         -0.70690007, -0.86480924],
        [-0.19959986,  0.        ,  0.26721706, ..., -0.85422886,
         -0.83385513, -0.94762631],
        [-0.45418167, -0.26721706,  0.        , ..., -0.96209139,
         -0.9510325 , -0.99851129],
        ...,
        [ 0.73326823,  0.85422886,  0.96209139, ...,  0.        ,
          0.0380012 , -0.21984355],
        [ 0.70690007,  0.83385513,  0.9510325 , ..., -0.0380012 ,
          0.        , -0.25675626],
        [ 0.86480924,  0.94762631,  0.99851129, ...,  0.21984355,
          0.25675626,  0.        ]],

       [[ 0.        , -0.19311928, -0.60875943, ..., -0.41714962,
          0.01681035, -0.07264616],
        [ 0.19311928,  0.        , -0.44408758, ..., -0.2337828 ,
          0.20958589,  0.1213304 ],
        [ 0.60875943,  0.44408758,  0.        , ...,  0.22231591,
          0.62200998,  0.54951677],
        ...,
        [ 0.41714962,  0.2337828 , -0.22231591, ...,  0.        ,
          0.43236856,  0.35002384],
        [-0.01681035, -0.20958589, -0.62200998, ..., -0.43236856,
          0.        , -0.08940182],
        [ 0.07264616, -0.1213304 , -0.54951677, ..., -0.35002384,
          0.08940182,  0.        ]],

       [[ 0.        , -0.42916564, -0.52547919, ..., -0.99605753,
         -0.99736255, -0.99986992],
        [ 0.42916564,  0.        , -0.10948948, ..., -0.86159372,
         -0.86969447, -0.91003034],
        [ 0.52547919,  0.10948948,  0.        , ..., -0.80083708,
         -0.81042287, -0.85917125],
        ...,
        [ 0.99605753,  0.86159372,  0.80083708, ...,  0.        ,
         -0.01618121, -0.10476358],
        [ 0.99736255,  0.86969447,  0.81042287, ...,  0.01618121,
          0.        , -0.0886577 ],
        [ 0.99986992,  0.91003034,  0.85917125, ...,  0.10476358,
          0.0886577 ,  0.        ]],

       ...,

       [[ 0.        ,  0.08506154,  0.22721551, ...,  0.94318364,
          0.93593095,  0.69027836],
        [-0.08506154,  0.        ,  0.1435553 , ...,  0.91150169,
          0.90258158,  0.62623083],
        [-0.22721551, -0.1435553 ,  0.        , ...,  0.84301686,
          0.83142964,  0.50782339],
        ...,
        [-0.94318364, -0.91150169, -0.84301686, ...,  0.        ,
         -0.02119019, -0.45307466],
        [-0.93593095, -0.90258158, -0.83142964, ...,  0.02119019,
          0.        , -0.43408245],
        [-0.69027836, -0.62623083, -0.50782339, ...,  0.45307466,
          0.43408245,  0.        ]],

       [[ 0.        , -0.45614704, -0.63944772, ..., -0.92162713,
         -0.94069614, -0.94223345],
        [ 0.45614704,  0.        , -0.21834574, ..., -0.99718004,
         -0.99187768, -0.99128731],
        [ 0.63944772,  0.21834574,  0.        , ..., -0.9567335 ,
         -0.94017256, -0.93860908],
        ...,
        [ 0.92162713,  0.99718004,  0.9567335 , ...,  0.        ,
          0.05239986,  0.05695338],
        [ 0.94069614,  0.99187768,  0.94017256, ..., -0.05239986,
          0.        ,  0.00456033],
        [ 0.94223345,  0.99128731,  0.93860908, ..., -0.05695338,
         -0.00456033,  0.        ]],

       [[ 0.        ,  0.05542903,  0.34805289, ..., -0.67869633,
         -0.726985  , -0.8100749 ],
        [-0.05542903,  0.        ,  0.29555447, ..., -0.63694478,
         -0.68780683, -0.77633001],
        [-0.34805289, -0.29555447,  0.        , ..., -0.38064411,
         -0.44253852, -0.55535229],
        ...,
        [ 0.67869633,  0.63694478,  0.38064411, ...,  0.        ,
          0.06788252,  0.19699684],
        [ 0.726985  ,  0.68780683,  0.44253852, ..., -0.06788252,
          0.        ,  0.12999013],
        [ 0.8100749 ,  0.77633001,  0.55535229, ..., -0.19699684,
