state_0,state_1,state_2,state_3,state_4,state_5,state_6,state_7,state_8,state_9,state_10,state_11,state_12,state_13,state_14,state_15,state_16,state_17,state_18,state_19,state_20,state_21,state_22,state_23,state_24,state_25,state_26,state_27,state_28,state_29,state_30,state_31,state_32,state_33,state_34,state_35,state_36,state_37,state_38,state_39,state_40,state_41,state_42,state_43,state_44,state_45,state_46,state_47,state_48,state_49,state_50,state_51,state_52,state_53,state_54,state_55,state_56,state_57,state_58,state_59,state_60,state_61,state_62,state_63,state_64,state_65,state_66,state_67,state_68,state_69,state_70,state_71,state_72,state_73,state_74,state_75,state_76,state_77,state_78,state_79,state_80,state_81,state_82,state_83,state_84,state_85,state_86,state_87,state_88,state_89,state_90,state_91,state_92,state_93,state_94,state_95,state_96,state_97,state_98,state_99,state_100,state_101,state_102,state_103,state_104,state_105,state_106,state_107,state_108,state_109,state_110,state_111,state_112,state_113,state_114,state_115,state_116,state_117,state_118,state_119,state_120,state_121,state_122,state_123,state_124,state_125,state_126,state_127,state_128,state_129,state_130,state_131,state_132,state_133,state_134,state_135,state_136,state_137,state_138,state_139,state_140,state_141,state_142,state_143,state_144,state_145,state_146,state_147,state_148,state_149,state_150,state_151,state_152,state_153,state_154,state_155,state_156,state_157,state_158,state_159,state_160,state_161,state_162,state_163,state_164,state_165,state_166,state_167,state_168,state_169,state_170,state_171,state_172,state_173,state_174,state_175,state_176,state_177,state_178,state_179,state_180,state_181,state_182,state_183,state_184,state_185,state_186,state_187,state_188,state_189,state_190,state_191,state_192,state_193,state_194,state_195,state_196,state_197,state_198,state_199,state_200,state_201,state_202,state_203,state_204,state_205,state_206,state_207,state_208,state_209,state_210,state_211,state_212,state_213,state_214,state_215,state_216,state_217,state_218,state_219,state_220,state_221,state_222,state_223,state_224,state_225,state_226,state_227,state_228,state_229,state_230,state_231,state_232,state_233,state_234,state_235,state_236,state_237,state_238,state_239,state_240,state_241,state_242,state_243,state_244,state_245,state_246,state_247,state_248,state_249,state_250,state_251,state_252,state_253,state_254,state_255,state_256,state_257,state_258,state_259,state_260,state_261,state_262,state_263,state_264,state_265,state_266,state_267,state_268,state_269,state_270,state_271,state_272,state_273,state_274,state_275,state_276,state_277,state_278,state_279,state_280,state_281,state_282,state_283,state_284,state_285,state_286,state_287
{'img': array([[[ 0.        , -0.56280515, -0.32748219, ...,  0.99999674,
          0.9992018 ,  0.9992018 ],
        [ 0.56280515,  0.        ,  0.26107722, ...,  0.82802333,
          0.80344742,  0.80344742],
        [ 0.32748219, -0.26107722,  0.        , ...,  0.9456901 ,
          0.93102123,  0.93102123],
        ...,
        [-0.99999674, -0.82802333, -0.9456901 , ...,  0.        ,
          0.04249713,  0.04249713],
        [-0.9992018 , -0.80344742, -0.93102123, ..., -0.04249713,
          0.        ,  0.        ],
        [-0.9992018 , -0.80344742, -0.93102123, ..., -0.04249713,
          0.        ,  0.        ]],

       [[ 0.        ,  0.17951293,  0.01934827, ...,  0.55442942,
          0.66608417,  0.57887305],
        [-0.17951293,  0.        , -0.16044536, ...,  0.39602688,
          0.52136955,  0.4230916 ],
        [-0.01934827,  0.16044536,  0.        , ...,  0.53822341,
          0.65152806,  0.56298777],
        ...,
        [-0.55442942, -0.39602688, -0.53822341, ...,  0.        ,
          0.1407998 ,  0.0296644 ],
        [-0.66608417, -0.52136955, -0.65152806, ..., -0.1407998 ,
          0.        , -0.11136895],
        [-0.57887305, -0.4230916 , -0.56298777, ..., -0.0296644 ,
          0.11136895,  0.        ]],

       [[ 0.        , -0.18705941, -0.39178772, ...,  0.99134828,
          0.99941777,  0.98079527],
        [ 0.18705941,  0.        , -0.21276705, ...,  0.99840259,
          0.97539435,  0.92699878],
        [ 0.39178772,  0.21276705,  0.        , ...,  0.96352074,
          0.90615251,  0.82597191],
        ...,
        [-0.99134828, -0.99840259, -0.96352074, ...,  0.        ,
          0.16500521,  0.3220896 ],
        [-0.99941777, -0.97539435, -0.90615251, ..., -0.16500521,
          0.        ,  0.16146267],
        [-0.98079527, -0.92699878, -0.82597191, ..., -0.3220896 ,
         -0.16146267,  0.        ]],

       ...,

       [[ 0.        , -0.15735181, -0.03967446, ...,  0.78031004,
          0.70067273,  0.70067273],
        [ 0.15735181,  0.        ,  0.1180477 , ...,  0.86899612,
          0.80421199,  0.80421199],
        [ 0.03967446, -0.1180477 ,  0.        , ...,  0.8045078 ,
          0.72842811,  0.72842811],
        ...,
        [-0.78031004, -0.86899612, -0.8045078 , ...,  0.        ,
         -0.11854208, -0.11854208],
        [-0.70067273, -0.80421199, -0.72842811, ...,  0.11854208,
          0.        ,  0.        ],
        [-0.70067273, -0.80421199, -0.72842811, ...,  0.11854208,
          0.        ,  0.        ]],

       [[ 0.        ,  0.02165789,  0.00434438, ...,  0.9963049 ,
          0.99999223,  0.99753108],
        [-0.02165789,  0.        , -0.01731433, ...,  0.99421108,
          0.99967233,  0.99881805],
        [-0.00434438,  0.01731433,  0.        , ...,  0.99592237,
          0.99996568,  0.99782675],
        ...,
        [-0.9963049 , -0.99421108, -0.99592237, ...,  0.        ,
          0.0819599 ,  0.15564172],
        [-0.99999223, -0.99967233, -0.99996568, ..., -0.0819599 ,
          0.        ,  0.07415698],
        [-0.99753108, -0.99881805, -0.99782675, ..., -0.15564172,
         -0.07415698,  0.        ]],

       [[ 0.        , -0.07604074, -0.13114039, ...,  0.37738227,
          0.35320332,  0.36417941],
        [ 0.07604074,  0.        , -0.05537666, ...,  0.44670774,
          0.42332036,  0.43394394],
        [ 0.13114039,  0.05537666,  0.        , ...,  0.49556667,
          0.47284094,  0.48316911],
        ...,
        [-0.37738227, -0.44670774, -0.49556667, ...,  0.        ,
         -0.02597208, -0.01421588],
        [-0.35320332, -0.42332036, -0.47284094, ...,  0.02597208,
          0.        ,  0.01175837],
        [-0.36417941, -0.43394394, -0.48316911, ...,  0.01421588,
         -0.01175837,  0.        ]]]), 'num': array([7.07100578e-01, 7.07100578e-01, 0.00000000e+00, 0.00000000e+00,
       9.05535918e-05, 9.09728214e-05, 8.91561598e-05, 4.18143787e-03,
       6.98715986e-07, 9.01623108e-05, 8.44957242e-05, 8.55740759e-05,
       9.55079405e-07, 9.25118086e-05, 7.64796397e-05])}
{'img': array([[[ 0.        ,  0.26107722,  0.44414735, ...,  0.80344742,
          0.80344742,  0.75720337],
        [-0.26107722,  0.        ,  0.19483028, ...,  0.93102123,
          0.93102123,  0.90147219],
        [-0.44414735, -0.19483028,  0.        , ...,  0.98428628,
          0.98428628,  0.96852701],
        ...,
        [-0.80344742, -0.93102123, -0.98428628, ...,  0.        ,
          0.        ,  0.07397463],
        [-0.80344742, -0.93102123, -0.98428628, ...,  0.        ,
          0.        ,  0.07397463],
        [-0.75720337, -0.90147219, -0.96852701, ..., -0.07397463,
         -0.07397463,  0.        ]],

       [[ 0.        , -0.16044536, -0.34123875, ...,  0.52136955,
          0.4230916 ,  0.20970195],
        [ 0.16044536,  0.        , -0.18600302, ...,  0.65152806,
          0.56298777,  0.36386312],
        [ 0.34123875,  0.18600302,  0.        , ...,  0.78126481,
          0.70688819,  0.53076637],
        ...,
        [-0.52136955, -0.65152806, -0.78126481, ...,  0.        ,
         -0.11136895, -0.33083191],
        [-0.4230916 , -0.56298777, -0.70688819, ...,  0.11136895,
          0.        , -0.22367611],
        [-0.20970195, -0.36386312, -0.53076637, ...,  0.33083191,
          0.22367611,  0.        ]],

       [[ 0.        , -0.21276705, -0.36628699, ...,  0.97539435,
          0.92699878,  0.92832198],
        [ 0.21276705,  0.        , -0.15991994, ...,  0.90615251,
          0.82597191,  0.8279642 ],
        [ 0.36628699,  0.15991994,  0.        , ...,  0.826852  ,
          0.72519296,  0.72762823],
        ...,
        [-0.97539435, -0.90615251, -0.826852  , ...,  0.        ,
          0.16146267,  0.15796471],
        [-0.92699878, -0.82597191, -0.72519296, ..., -0.16146267,
          0.        , -0.00354344],
        [-0.92832198, -0.8279642 , -0.72762823, ..., -0.15796471,
          0.00354344,  0.        ]],

       ...,

       [[ 0.        ,  0.1180477 ,  0.36021584, ...,  0.80421199,
          0.80421199,  0.90645048],
        [-0.1180477 ,  0.        ,  0.24757414, ...,  0.72842811,
          0.72842811,  0.85025954],
        [-0.36021584, -0.24757414,  0.        , ...,  0.53613282,
          0.53613282,  0.69347603],
        ...,
        [-0.80421199, -0.72842811, -0.53613282, ...,  0.        ,
          0.        ,  0.19911363],
        [-0.80421199, -0.72842811, -0.53613282, ...,  0.        ,
          0.        ,  0.19911363],
        [-0.90645048, -0.85025954, -0.69347603, ..., -0.19911363,
         -0.19911363,  0.        ]],

       [[ 0.        , -0.01731433, -0.2339488 , ...,  0.99967233,
          0.99881805,  0.99311363],
        [ 0.01731433,  0.        , -0.2170799 , ...,  0.99996568,
          0.99782675,  0.9909363 ],
        [ 0.2339488 ,  0.2170799 ,  0.        , ...,  0.97791887,
          0.95972856,  0.93814536],
        ...,
        [-0.99967233, -0.99996568, -0.97791887, ...,  0.        ,
          0.07415698,  0.14253804],
        [-0.99881805, -0.99782675, -0.95972856, ..., -0.07415698,
          0.        ,  0.06874579],
        [-0.99311363, -0.9909363 , -0.93814536, ..., -0.14253804,
         -0.06874579,  0.        ]],

       [[ 0.        , -0.05537666, -0.07814438, ...,  0.42332036,
          0.43394394,  0.46753218],
        [ 0.05537666,  0.        , -0.02281715, ...,  0.47284094,
          0.48316911,  0.51576641],
        [ 0.07814438,  0.02281715,  0.        , ...,  0.49282311,
          0.50302035,  0.53518025],
        ...,
        [-0.42332036, -0.47284094, -0.49282311, ...,  0.        ,
          0.01175837,  0.04936978],
        [-0.43394394, -0.48316911, -0.50302035, ..., -0.01175837,
          0.        ,  0.03762233],
        [-0.46753218, -0.51576641, -0.53518025, ..., -0.04936978,
         -0.03762233,  0.        ]]]), 'num': array([ 7.53739580e-01,  6.57070839e-01,  1.54422909e-05, -2.80638808e-11,
        9.36712606e-05,  9.92077409e-05,  9.12771070e-05,  1.15969360e-02,
       -3.29196124e-06,  9.57661450e-05,  9.07833128e-05,  9.19330053e-05,
        9.29103735e-07,  9.93630534e-05,  8.22035722e-05])}
{'img': array([[[ 0.        ,  0.3690444 ,  0.99937697, ...,  0.80868983,
          0.76244008,  0.92156028],
        [-0.3690444 ,  0.        ,  0.91580762, ...,  0.96869078,
          0.94741422,  0.99978503],
        [-0.99937697, -0.91580762,  0.        , ...,  0.6164108 ,
          0.67356534,  0.42051907],
        ...,
        [-0.80868983, -0.96869078, -0.6164108 , ...,  0.        ,
          0.07477572, -0.22813235],
        [-0.76244008, -0.94741422, -0.67356534, ..., -0.07477572,
          0.        , -0.30029756],
        [-0.92156028, -0.99978503, -0.42051907, ...,  0.22813235,
          0.30029756,  0.        ]],

       [[ 0.        , -0.18600302,  0.18600302, ...,  0.56298777,
          0.36386312,  0.88817796],
        [ 0.18600302,  0.        ,  0.        , ...,  0.70688819,
          0.53076637,  0.95814684],
        [-0.18600302, -0.        ,  0.        , ..., -0.70688819,
         -0.53076637, -0.95814684],
        ...,
        [-0.56298777, -0.70688819,  0.70688819, ...,  0.        ,
         -0.22367611,  0.47535553],
        [-0.36386312, -0.53076637,  0.53076637, ...,  0.22367611,
          0.        ,  0.66010055],
        [-0.88817796, -0.95814684,  0.95814684, ..., -0.47535553,
         -0.66010055,  0.        ]],

       [[ 0.        , -0.15991994,  0.41766271, ...,  0.82597191,
          0.8279642 ,  0.874244  ],
        [ 0.15991994,  0.        ,  0.55759099, ...,  0.72519296,
          0.72762823,  0.78535345],
        [-0.41766271, -0.55759099,  0.        , ...,  0.98592103,
          0.98650734,  0.99710971],
        ...,
        [-0.82597191, -0.72519296, -0.98592103, ...,  0.        ,
         -0.00354344, -0.09182276],
        [-0.8279642 , -0.72762823, -0.98650734, ...,  0.00354344,
          0.        , -0.08829371],
        [-0.874244  , -0.78535345, -0.99710971, ...,  0.09182276,
          0.08829371,  0.        ]],

       ...,

       [[ 0.        ,  0.24757414,  0.87791254, ...,  0.72842811,
          0.85025954,  0.70826494],
        [-0.24757414,  0.        ,  0.7320385 , ...,  0.53613282,
          0.69347603,  0.51144175],
        [-0.87791254, -0.7320385 ,  0.        , ..., -0.25269072,
         -0.05497913, -0.28062734],
        ...,
        [-0.72842811, -0.53613282,  0.25269072, ...,  0.        ,
          0.19911363, -0.02898337],
        [-0.85025954, -0.69347603,  0.05497913, ..., -0.19911363,
          0.        , -0.227433  ],
        [-0.70826494, -0.51144175,  0.28062734, ...,  0.02898337,
          0.227433  ,  0.        ]],

       [[ 0.        , -0.2170799 ,  0.38493265, ...,  0.99782675,
          0.9909363 ,  0.98704919],
        [ 0.2170799 ,  0.        ,  0.57610621, ...,  0.95972856,
          0.93814536,  0.92868837],
        [-0.38493265, -0.57610621,  0.        , ...,  0.94630291,
          0.96628839,  0.97274186],
        ...,
        [-0.99782675, -0.95972856, -0.94630291, ...,  0.        ,
          0.06874579,  0.09503046],
        [-0.9909363 , -0.93814536, -0.96628839, ..., -0.06874579,
          0.        ,  0.02637096],
        [-0.98704919, -0.92868837, -0.97274186, ..., -0.09503046,
         -0.02637096,  0.        ]],

       [[ 0.        , -0.02281715, -0.18690103, ...,  0.48316911,
          0.51576641,  0.53920251],
        [ 0.02281715,  0.        , -0.1644373 , ...,  0.50302035,
          0.53518025,  0.55827818],
        [ 0.18690103,  0.1644373 ,  0.        , ...,  0.63829198,
          0.66680154,  0.68710467],
        ...,
        [-0.48316911, -0.50302035, -0.63829198, ...,  0.        ,
          0.03762233,  0.06517288],
        [-0.51576641, -0.53518025, -0.66680154, ..., -0.03762233,
          0.        ,  0.02758439],
        [-0.53920251, -0.55827818, -0.68710467, ..., -0.06517288,
         -0.02758439,  0.        ]]]), 'num': array([ 7.95035883e-01,  6.06540589e-01,  2.94984810e-05, -7.10064114e-09,
        1.00370231e-04,  1.01469748e-04,  9.94277875e-05,  5.13622274e-03,
        2.04196088e-06,  1.00495890e-04,  9.56894284e-05,  9.68465396e-05,
        1.04715943e-06,  1.04859963e-04,  8.65188942e-05])}
{'img': array([[[ 0.        ,  0.99731943,  0.93067239, ...,  0.77321305,
          0.93067239,  0.85147805],
        [-0.99731943,  0.        , -0.29677498, ...,  0.68902303,
          0.43297094,  0.58528785],
        [-0.93067239,  0.29677498,  0.        , ...,  0.87306531,
          0.6809798 ,  0.79955188],
        ...,
        [-0.77321305, -0.68902303, -0.87306531, ...,  0.        ,
         -0.30729967, -0.13449631],
        [-0.93067239, -0.43297094, -0.6809798 , ...,  0.30729967,
          0.        ,  0.17651916],
        [-0.85147805, -0.58528785, -0.79955188, ...,  0.13449631,
         -0.17651916,  0.        ]],

       [[ 0.        ,  0.        ,  0.87487883, ...,  0.53076637,
          0.95814684,  0.5797986 ],
        [-0.        ,  0.        , -0.87487883, ..., -0.53076637,
         -0.95814684, -0.5797986 ],
        [-0.87487883,  0.87487883,  0.        , ..., -0.48440334,
          0.21361275, -0.4319954 ],
        ...,
        [-0.53076637,  0.53076637,  0.48440334, ...,  0.        ,
          0.66010055,  0.05894273],
        [-0.95814684,  0.95814684, -0.21361275, ..., -0.66010055,
          0.        , -0.61467644],
        [-0.5797986 ,  0.5797986 ,  0.4319954 , ..., -0.05894273,
          0.61467644,  0.        ]],

       [[ 0.        ,  0.55759099,  0.70247166, ...,  0.72762823,
          0.78535345,  0.78737556],
        [-0.55759099,  0.        ,  0.18628881, ...,  0.98650734,
          0.99710971,  0.99735305],
        [-0.70247166, -0.18628881,  0.        , ...,  0.99973721,
          0.99380866,  0.99343966],
        ...,
        [-0.72762823, -0.98650734, -0.99973721, ...,  0.        ,
         -0.08829371, -0.09155374],
        [-0.78535345, -0.99710971, -0.99380866, ...,  0.08829371,
          0.        , -0.00327329],
        [-0.78737556, -0.99735305, -0.99343966, ...,  0.09155374,
          0.00327329,  0.        ]],

       ...,

       [[ 0.        ,  0.7320385 ,  0.41281975, ...,  0.69347603,
          0.51144175,  0.64475997],
        [-0.7320385 ,  0.        , -0.38551106, ..., -0.05497913,
         -0.28062734, -0.12030803],
        [-0.41281975,  0.38551106,  0.        , ...,  0.33419856,
          0.11108425,  0.27170234],
        ...,
        [-0.69347603,  0.05497913, -0.33419856, ...,  0.        ,
         -0.227433  , -0.06554627],
        [-0.51144175,  0.28062734, -0.11108425, ...,  0.227433  ,
          0.        ,  0.16311536],
        [-0.64475997,  0.12030803, -0.27170234, ...,  0.06554627,
         -0.16311536,  0.        ]],

       [[ 0.        ,  0.57610621,  0.64670011, ...,  0.93814536,
          0.92868837,  0.91029139],
        [-0.57610621,  0.        ,  0.08917463, ...,  0.96628839,
          0.97274186,  0.98253887],
        [-0.64670011, -0.08917463,  0.        , ...,  0.93947961,
          0.9481877 ,  0.96203284],
        ...,
        [-0.93814536, -0.96628839, -0.93947961, ...,  0.        ,
          0.02637096,  0.07318143],
        [-0.92868837, -0.97274186, -0.9481877 , ..., -0.02637096,
          0.        ,  0.04685573],
        [-0.91029139, -0.98253887, -0.96203284, ..., -0.07318143,
         -0.04685573,  0.        ]],

       [[ 0.        , -0.1644373 , -0.19341895, ...,  0.53518025,
          0.55827818,  0.57421579],
        [ 0.1644373 ,  0.        , -0.02945394, ...,  0.66680154,
          0.68710467,  0.70102477],
        [ 0.19341895,  0.02945394,  0.        , ...,  0.68846236,
          0.70820658,  0.72172532],
        ...,
        [-0.53518025, -0.66680154, -0.68846236, ...,  0.        ,
          0.02758439,  0.04690763],
        [-0.55827818, -0.68710467, -0.70820658, ..., -0.02758439,
          0.        ,  0.01933575],
        [-0.57421579, -0.70102477, -0.72172532, ..., -0.04690763,
         -0.01933575,  0.        ]]]), 'num': array([9.99341750e-01, 3.60765131e-02, 1.50041314e-04, 3.95469375e-10,
       1.26197463e-04, 1.26590602e-04, 1.24035201e-04, 3.79585064e-03,
       5.89707772e-07, 1.25725697e-04, 1.20270900e-04, 1.21617400e-04,
       1.38975717e-06, 1.31923512e-04, 1.08618288e-04])}
{'img': array([[[ 0.        , -0.71103957, -0.20633168, ...,  0.6218701 ,
          0.78723475,  0.82073882],
        [ 0.71103957,  0.        ,  0.55065697, ...,  0.9940988 ,
          0.99201067,  0.9833236 ],
        [ 0.20633168, -0.55065697,  0.        , ...,  0.77007131,
          0.89753026,  0.92095628],
        ...,
        [-0.6218701 , -0.9940988 , -0.77007131, ...,  0.        ,
          0.23302128,  0.28746071],
        [-0.78723475, -0.99201067, -0.89753026, ..., -0.23302128,
          0.        ,  0.05636137],
        [-0.82073882, -0.9833236 , -0.92095628, ..., -0.28746071,
         -0.05636137,  0.        ]],

       [[ 0.        , -0.8696909 , -0.94155654, ..., -0.95571397,
         -0.56356037, -0.17259155],
        [ 0.8696909 ,  0.        ,  0.17178952, ...,  0.21578974,
         -0.44025824, -0.77144924],
        [ 0.94155654, -0.17178952,  0.        , ...,  0.04483961,
         -0.58795808, -0.86928873],
        ...,
        [ 0.95571397, -0.21578974, -0.04483961, ...,  0.        ,
         -0.62363709, -0.89057882],
        [ 0.56356037,  0.44025824,  0.58795808, ...,  0.62363709,
          0.        , -0.41252975],
        [ 0.17259155,  0.77144924,  0.86928873, ...,  0.89057882,
          0.41252975,  0.        ]],

       [[ 0.        ,  0.49198304,  0.7540462 , ...,  0.81198022,
          0.81399491,  0.81599492],
        [-0.49198304,  0.        ,  0.33333125, ...,  0.99407696,
          0.99444704,  0.99480434],
        [-0.7540462 , -0.33333125,  0.        , ...,  0.97345139,
          0.97265359,  0.97184616],
        ...,
        [-0.81198022, -0.99407696, -0.97345139, ...,  0.        ,
         -0.00345999, -0.00691142],
        [-0.81399491, -0.99444704, -0.97265359, ...,  0.00345999,
          0.        , -0.00345147],
        [-0.81599492, -0.99480434, -0.97184616, ...,  0.00691142,
          0.00345147,  0.        ]],

       ...,

       [[ 0.        , -0.38551106, -0.30254914, ..., -0.28062734,
         -0.12030803,  0.04444157],
        [ 0.38551106,  0.        ,  0.08828056, ...,  0.11108425,
          0.27170234,  0.42613655],
        [ 0.30254914, -0.08828056,  0.        , ...,  0.02291635,
          0.18568195,  0.34460898],
        ...,
        [ 0.28062734, -0.11108425, -0.02291635, ...,  0.        ,
          0.16311536,  0.32300584],
        [ 0.12030803, -0.27170234, -0.18568195, ..., -0.16311536,
          0.        ,  0.16430794],
        [-0.04444157, -0.42613655, -0.34460898, ..., -0.32300584,
         -0.16430794,  0.        ]],

       [[ 0.        ,  0.34150546,  0.54238658, ...,  0.95150287,
          0.93483643,  0.91540786],
        [-0.34150546,  0.        ,  0.22286954, ...,  0.99935901,
          0.99989517,  0.99783871],
        [-0.54238658, -0.22286954,  0.        , ...,  0.96624492,
          0.97797313,  0.98738628],
        ...,
        [-0.95150287, -0.99935901, -0.96624492, ...,  0.        ,
          0.05026541,  0.10139019],
        [-0.93483643, -0.99989517, -0.97797313, ..., -0.05026541,
          0.        ,  0.05125564],
        [-0.91540786, -0.99783871, -0.98738628, ..., -0.10139019,
         -0.05125564,  0.        ]],

       [[ 0.        , -0.02945394, -0.09240505, ...,  0.68710467,
          0.70102477,  0.71746847],
        [ 0.02945394,  0.        , -0.06303703, ...,  0.70820658,
          0.72172532,  0.73767454],
        [ 0.09240505,  0.06303703,  0.        , ...,  0.75130257,
          0.76392289,  0.77876731],
        ...,
        [-0.68710467, -0.70820658, -0.75130257, ...,  0.        ,
          0.01933575,  0.04265186],
        [-0.70102477, -0.72172532, -0.76392289, ..., -0.01933575,
          0.        ,  0.02332573],
        [-0.71746847, -0.73767454, -0.77876731, ..., -0.04265186,
         -0.02332573,  0.        ]]]), 'num': array([9.99535465e-01, 2.98347860e-02, 1.49414588e-04, 9.19407549e-09,
       1.26263109e-04, 1.27235861e-04, 1.24706707e-04, 6.21257299e-03,
       1.36185172e-06, 1.24667797e-04, 1.19453851e-04, 1.20559545e-04,
       1.51032427e-06, 1.31391058e-04, 1.07516643e-04])}
{'img': array([[[ 0.00000000e+00,  5.50656972e-01,  9.30379300e-01, ...,
          9.92010672e-01,  9.83323596e-01,  9.49262232e-01],
        [-5.50656972e-01,  0.00000000e+00,  5.74747089e-01, ...,
          8.97530256e-01,  9.20956280e-01,  9.65552921e-01],
        [-9.30379300e-01, -5.74747089e-01,  0.00000000e+00, ...,
          4.81040537e-01,  5.29687809e-01,  6.40588904e-01],
        ...,
        [-9.92010672e-01, -8.97530256e-01, -4.81040537e-01, ...,
          0.00000000e+00,  5.63613667e-02,  1.92219900e-01],
        [-9.83323596e-01, -9.20956280e-01, -5.29687809e-01, ...,
         -5.63613667e-02,  0.00000000e+00,  1.36604020e-01],
        [-9.49262232e-01, -9.65552921e-01, -6.40588904e-01, ...,
         -1.92219900e-01, -1.36604020e-01,  0.00000000e+00]],

       [[ 0.00000000e+00,  2.00216893e-01,  9.26616501e-01, ...,
         -4.95425455e-01, -8.37508257e-01, -5.11266987e-01],
        [-2.00216893e-01,  0.00000000e+00,  9.83137111e-01, ...,
         -6.59312378e-01, -9.29953504e-01, -6.72985438e-01],
        [-9.26616501e-01, -9.83137111e-01,  0.00000000e+00, ...,
         -6.18622016e-01, -1.91416485e-01, -6.04114178e-01],
        ...,
        [ 4.95425455e-01,  6.59312378e-01,  6.18622016e-01, ...,
          0.00000000e+00, -4.56789240e-01, -1.83327972e-02],
        [ 8.37508257e-01,  9.29953504e-01,  1.91416485e-01, ...,
          4.56789240e-01,  0.00000000e+00,  4.40404075e-01],
        [ 5.11266987e-01,  6.72985438e-01,  6.04114178e-01, ...,
          1.83327972e-02, -4.40404075e-01,  0.00000000e+00]],

       [[ 0.00000000e+00,  6.36315927e-01,  8.87060009e-01, ...,
          8.33923736e-01,  8.35906292e-01,  8.23774716e-01],
        [-6.36315927e-01,  0.00000000e+00,  3.90545556e-01, ...,
          9.94482439e-01,  9.94098107e-01,  9.96221855e-01],
        [-8.87060009e-01, -3.90545556e-01,  0.00000000e+00, ...,
          8.74534752e-01,  8.72782158e-01,  8.83188663e-01],
        ...,
        [-8.33923736e-01, -9.94482439e-01, -8.74534752e-01, ...,
          0.00000000e+00, -3.60217386e-03,  1.81412447e-02],
        [-8.35906292e-01, -9.94098107e-01, -8.72782158e-01, ...,
          3.60217386e-03,  0.00000000e+00,  2.17427081e-02],
        [-8.23774716e-01, -9.96221855e-01, -8.83188663e-01, ...,
         -1.81412447e-02, -2.17427081e-02,  0.00000000e+00]],

       ...,

       [[ 0.00000000e+00,  8.82805581e-02,  2.36686629e-01, ...,
          2.71702336e-01,  4.26136550e-01,  7.55844332e-01],
        [-8.82805581e-02,  0.00000000e+00,  1.49990363e-01, ...,
          1.85681953e-01,  3.44608975e-01,  6.95091436e-01],
        [-2.36686629e-01, -1.49990363e-01,  0.00000000e+00, ...,
          3.61994034e-02,  1.99907671e-01,  5.79396912e-01],
        ...,
        [-2.71702336e-01, -1.85681953e-01, -3.61994034e-02, ...,
          0.00000000e+00,  1.64307940e-01,  5.49513006e-01],
        [-4.26136550e-01, -3.44608975e-01, -1.99907671e-01, ...,
         -1.64307940e-01,  0.00000000e+00,  4.04767780e-01],
        [-7.55844332e-01, -6.95091436e-01, -5.79396912e-01, ...,
         -5.49513006e-01, -4.04767780e-01,  0.00000000e+00]],

       [[ 0.00000000e+00,  4.41710187e-01,  7.22996902e-01, ...,
          9.42185614e-01,  9.23328572e-01,  8.96850702e-01],
        [-4.41710187e-01,  0.00000000e+00,  3.43486262e-01, ...,
          9.93302469e-01,  9.97992940e-01,  9.99999759e-01],
        [-7.22996902e-01, -3.43486262e-01,  0.00000000e+00, ...,
          8.93180199e-01,  9.15521388e-01,  9.39396111e-01],
        ...,
        [-9.42185614e-01, -9.93302469e-01, -8.93180199e-01, ...,
          0.00000000e+00,  5.24100224e-02,  1.16233158e-01],
        [-9.23328572e-01, -9.97992940e-01, -9.15521388e-01, ...,
         -5.24100224e-02,  0.00000000e+00,  6.40186278e-02],
        [-8.96850702e-01, -9.99999759e-01, -9.39396111e-01, ...,
         -1.16233158e-01, -6.40186278e-02,  0.00000000e+00]],

       [[ 0.00000000e+00, -6.30370330e-02, -2.26842146e-01, ...,
          7.21725316e-01,  7.37674542e-01,  7.38320836e-01],
        [ 6.30370330e-02,  0.00000000e+00, -1.64997245e-01, ...,
          7.63922888e-01,  7.78767308e-01,  7.79367761e-01],
        [ 2.26842146e-01,  1.64997245e-01,  0.00000000e+00, ...,
          8.59926548e-01,  8.71598446e-01,  8.72067556e-01],
        ...,
        [-7.21725316e-01, -7.63922888e-01, -8.59926548e-01, ...,
          0.00000000e+00,  2.33257307e-02,  2.42832114e-02],
        [-7.37674542e-01, -7.78767308e-01, -8.71598446e-01, ...,
         -2.33257307e-02,  0.00000000e+00,  9.57751989e-04],
        [-7.38320836e-01, -7.79367761e-01, -8.72067556e-01, ...,
         -2.42832114e-02, -9.57751989e-04,  0.00000000e+00]]]), 'num': array([9.99914132e-01, 1.11974333e-02, 1.49578926e-04, 2.93341131e-08,
       1.26337426e-04, 1.26719688e-04, 1.22323681e-04, 6.79746959e-03,
       2.29356901e-06, 1.22973525e-04, 1.17879891e-04, 1.18743165e-04,
       1.50001349e-06, 1.30212712e-04, 1.05547069e-04])}
{'img': array([[[ 0.00000000e+00,  5.74747089e-01,  1.85271244e-01, ...,
          9.20956280e-01,  9.65552921e-01,  9.99996658e-01],
        [-5.74747089e-01,  0.00000000e+00, -4.13183515e-01, ...,
          5.29687809e-01,  6.40588904e-01,  8.19814196e-01],
        [-1.85271244e-01,  4.13183515e-01,  0.00000000e+00, ...,
          8.32818262e-01,  9.00627880e-01,  9.83163099e-01],
        ...,
        [-9.20956280e-01, -5.29687809e-01, -8.32818262e-01, ...,
          0.00000000e+00,  1.36604020e-01,  3.92045471e-01],
        [-9.65552921e-01, -6.40588904e-01, -9.00627880e-01, ...,
         -1.36604020e-01,  0.00000000e+00,  2.62702032e-01],
        [-9.99996658e-01, -8.19814196e-01, -9.83163099e-01, ...,
         -3.92045471e-01, -2.62702032e-01,  0.00000000e+00]],

       [[ 0.00000000e+00,  9.83137111e-01,  5.66747421e-02, ...,
         -9.29953504e-01, -6.72985438e-01, -6.09008953e-01],
        [-9.83137111e-01,  0.00000000e+00, -9.91921017e-01, ...,
         -1.91416485e-01, -6.04114178e-01, -6.68418879e-01],
        [-5.66747421e-02,  9.91921017e-01,  0.00000000e+00, ...,
         -9.49296792e-01, -7.13823543e-01, -6.52982418e-01],
        ...,
        [ 9.29953504e-01,  1.91416485e-01,  9.49296792e-01, ...,
          0.00000000e+00,  4.40404075e-01,  5.13686362e-01],
        [ 6.72985438e-01,  6.04114178e-01,  7.13823543e-01, ...,
         -4.40404075e-01,  0.00000000e+00,  8.33304209e-02],
        [ 6.09008953e-01,  6.68418879e-01,  6.52982418e-01, ...,
         -5.13686362e-01, -8.33304209e-02,  0.00000000e+00]],

       [[ 0.00000000e+00,  7.59716306e-01,  9.18429052e-01, ...,
          8.71349910e-01,  8.59559516e-01,  8.31731381e-01],
        [-7.59716306e-01,  0.00000000e+00,  2.96679843e-01, ...,
          9.39363375e-01,  9.47174707e-01,  9.62615197e-01],
        [-9.18429052e-01, -2.96679843e-01,  0.00000000e+00, ...,
          7.95331961e-01,  8.09379477e-01,  8.38912923e-01],
        ...,
        [-8.71349910e-01, -9.39363375e-01, -7.95331961e-01, ...,
          0.00000000e+00,  2.35375600e-02,  7.56554352e-02],
        [-8.59559516e-01, -9.47174707e-01, -8.09379477e-01, ...,
         -2.35375600e-02,  0.00000000e+00,  5.21643732e-02],
        [-8.31731381e-01, -9.62615197e-01, -8.38912923e-01, ...,
         -7.56554352e-02, -5.21643732e-02,  0.00000000e+00]],

       ...,

       [[ 0.00000000e+00,  1.49990363e-01,  1.36502509e-02, ...,
          3.44608975e-01,  6.95091436e-01,  7.61575624e-01],
        [-1.49990363e-01,  0.00000000e+00, -1.36480556e-01, ...,
          1.99907671e-01,  5.79396912e-01,  6.55755106e-01],
        [-1.36502509e-02,  1.36480556e-01,  0.00000000e+00, ...,
          3.31762746e-01,  6.85213218e-01,  7.52658268e-01],
        ...,
        [-3.44608975e-01, -1.99907671e-01, -3.31762746e-01, ...,
          0.00000000e+00,  4.04767780e-01,  4.91593491e-01],
        [-6.95091436e-01, -5.79396912e-01, -6.85213218e-01, ...,
         -4.04767780e-01,  0.00000000e+00,  9.70408569e-02],
        [-7.61575624e-01, -6.55755106e-01, -7.52658268e-01, ...,
         -4.91593491e-01, -9.70408569e-02,  0.00000000e+00]],

       [[ 0.00000000e+00,  6.22638148e-01,  7.31022848e-01, ...,
          9.36518195e-01,  9.11137234e-01,  8.67086893e-01],
        [-6.22638148e-01,  0.00000000e+00,  1.47173614e-01, ...,
          9.51143509e-01,  9.69564994e-01,  9.88675578e-01],
        [-7.31022848e-01, -1.47173614e-01,  0.00000000e+00, ...,
          8.95346473e-01,  9.22973971e-01,  9.55823422e-01],
        ...,
        [-9.36518195e-01, -9.51143509e-01, -8.95346473e-01, ...,
          0.00000000e+00,  6.64800134e-02,  1.62515898e-01],
        [-9.11137234e-01, -9.69564994e-01, -9.22973971e-01, ...,
         -6.64800134e-02,  0.00000000e+00,  9.65601506e-02],
        [-8.67086893e-01, -9.88675578e-01, -9.55823422e-01, ...,
         -1.62515898e-01, -9.65601506e-02,  0.00000000e+00]],

       [[ 0.00000000e+00, -1.64997245e-01, -1.95013115e-01, ...,
          7.78767308e-01,  7.79367761e-01,  7.75873682e-01],
        [ 1.64997245e-01,  0.00000000e+00, -3.05108680e-02, ...,
          8.71598446e-01,  8.72067556e-01,  8.69334408e-01],
        [ 1.95013115e-01,  3.05108680e-02,  0.00000000e+00, ...,
          8.86149713e-01,  8.86593128e-01,  8.84008889e-01],
        ...,
        [-7.78767308e-01, -8.71598446e-01, -8.86149713e-01, ...,
          0.00000000e+00,  9.57751989e-04, -4.59959934e-03],
        [-7.79367761e-01, -8.72067556e-01, -8.86593128e-01, ...,
         -9.57751989e-04,  0.00000000e+00, -5.55733909e-03],
        [-7.75873682e-01, -8.69334408e-01, -8.84008889e-01, ...,
          4.59959934e-03,  5.55733909e-03,  0.00000000e+00]]]), 'num': array([ 9.57924000e-01,  2.86942308e-01,  1.03227953e-04,  6.19538278e-08,
        1.20485131e-04,  1.22524110e-04,  1.18446151e-04,  6.75276524e-03,
       -2.03897913e-06,  1.20151479e-04,  1.14813061e-04,  1.15372236e-04,
        1.33872367e-06,  1.26937703e-04,  1.02688420e-04])}
{'img': array([[[ 0.        , -0.41318351, -0.33517243, ...,  0.6405889 ,
          0.8198142 ,  0.65610285],
        [ 0.41318351,  0.        ,  0.08405963, ...,  0.90062788,
          0.9831631 ,  0.90929642],
        [ 0.33517243, -0.08405963,  0.        , ...,  0.86090875,
          0.96432319,  0.87109684],
        ...,
        [-0.6405889 , -0.90062788, -0.86090875, ...,  0.        ,
          0.26270203,  0.02037671],
        [-0.8198142 , -0.9831631 , -0.96432319, ..., -0.26270203,
          0.        , -0.24298647],
        [-0.65610285, -0.90929642, -0.87109684, ..., -0.02037671,
          0.24298647,  0.        ]],

       [[ 0.        , -0.99192102, -0.90871432, ..., -0.60411418,
         -0.66841888, -0.68224492],
        [ 0.99192102,  0.        , -0.29876952, ..., -0.71382354,
         -0.65298242, -0.63866943],
        [ 0.90871432,  0.29876952,  0.        , ..., -0.47198392,
         -0.39687765, -0.37960086],
        ...,
        [ 0.60411418,  0.71382354,  0.47198392, ...,  0.        ,
          0.08333042,  0.10199726],
        [ 0.66841888,  0.65298242,  0.39687765, ..., -0.08333042,
          0.        ,  0.01874669],
        [ 0.68224492,  0.63866943,  0.37960086, ..., -0.10199726,
         -0.01874669,  0.        ]],

       [[ 0.        ,  0.72251234,  0.73412685, ...,  0.91324652,
          0.8874493 ,  0.82871504],
        [-0.72251234,  0.        ,  0.01694969, ...,  0.92573719,
          0.946555  ,  0.97730784],
        [-0.73412685, -0.01694969,  0.        , ...,  0.91919438,
          0.94095202,  0.97357709],
        ...,
        [-0.91324652, -0.92573719, -0.91919438, ...,  0.        ,
          0.05936679,  0.17349275],
        [-0.8874493 , -0.946555  , -0.94095202, ..., -0.05936679,
          0.        ,  0.11472025],
        [-0.82871504, -0.97730784, -0.97357709, ..., -0.17349275,
         -0.11472025,  0.        ]],

       ...,

       [[ 0.        , -0.13648056, -0.11345265, ...,  0.57939691,
          0.65575511,  0.26852528],
        [ 0.13648056,  0.        ,  0.02320831, ...,  0.68521322,
          0.75265827,  0.39748061],
        [ 0.11345265, -0.02320831,  0.        , ...,  0.66812506,
          0.73717493,  0.37607736],
        ...,
        [-0.57939691, -0.68521322, -0.66812506, ...,  0.        ,
          0.09704086, -0.33925686],
        [-0.65575511, -0.75265827, -0.73717493, ..., -0.09704086,
          0.        , -0.42894144],
        [-0.26852528, -0.39748061, -0.37607736, ...,  0.33925686,
          0.42894144,  0.        ]],

       [[ 0.        ,  0.46057151,  0.63032134, ...,  0.94029095,
          0.89949777,  0.86911756],
        [-0.46057151,  0.        ,  0.20192999, ...,  0.99138903,
          0.99964992,  0.99924962],
        [-0.63032134, -0.20192999,  0.        , ...,  0.94452374,
          0.97371438,  0.98648625],
        ...,
        [-0.94029095, -0.99138903, -0.94452374, ...,  0.        ,
          0.1046733 ,  0.16925005],
        [-0.89949777, -0.99964992, -0.97371438, ..., -0.1046733 ,
          0.        ,  0.06515712],
        [-0.86911756, -0.99924962, -0.98648625, ..., -0.16925005,
         -0.06515712,  0.        ]],

       [[ 0.        , -0.03051087, -0.02580354, ...,  0.87206756,
          0.86933441,  0.88070618],
        [ 0.03051087,  0.        ,  0.00470918, ...,  0.88659313,
          0.88400889,  0.89474802],
        [ 0.02580354, -0.00470918,  0.        , ...,  0.88440507,
          0.88179769,  0.89263512],
        ...,
        [-0.87206756, -0.88659313, -0.88440507, ...,  0.        ,
         -0.00555734,  0.01793872],
        [-0.86933441, -0.88400889, -0.88179769, ...,  0.00555734,
          0.        ,  0.02349488],
        [-0.88070618, -0.89474802, -0.89263512, ..., -0.01793872,
         -0.02349488,  0.        ]]]), 'num': array([9.94303827e-01, 1.05626878e-01, 1.31851179e-04, 3.96581998e-08,
       1.25554811e-04, 1.25927377e-04, 1.21829149e-04, 1.42383253e-02,
       4.47079444e-06, 1.22052688e-04, 1.16175456e-04, 1.16141304e-04,
       1.38922991e-06, 1.28834089e-04, 1.03516824e-04])}
{'img': array([[[ 0.        ,  0.08405963,  0.5679598 , ...,  0.9831631 ,
          0.90929642,  0.9726701 ],
        [-0.08405963,  0.        ,  0.49676383, ...,  0.96432319,
          0.87109684,  0.98874548],
        [-0.5679598 , -0.49676383,  0.        , ...,  0.70541518,
          0.51204623,  0.93243767],
        ...,
        [-0.9831631 , -0.96432319, -0.70541518, ...,  0.        ,
         -0.24298647,  0.40601827],
        [-0.90929642, -0.87109684, -0.51204623, ...,  0.24298647,
          0.        ,  0.61590659],
        [-0.9726701 , -0.98874548, -0.93243767, ..., -0.40601827,
         -0.61590659,  0.        ]],

       [[ 0.        , -0.34264074,  0.60341319, ..., -0.72116598,
         -0.70666605, -0.0227641 ],
        [ 0.34264074,  0.        ,  0.84011804, ..., -0.44014269,
         -0.42145458,  0.32116584],
        [-0.60341319, -0.84011804,  0.        , ..., -0.99310037,
         -0.99045912, -0.62140957],
        ...,
        [ 0.72116598,  0.44014269,  0.99310037, ...,  0.        ,
          0.02070739,  0.70520899],
        [ 0.70666605,  0.42145458,  0.99045912, ..., -0.02070739,
          0.        ,  0.69037625],
        [ 0.0227641 , -0.32116584,  0.62140957, ..., -0.70520899,
         -0.69037625,  0.        ]],

       [[ 0.        ,  0.01875243,  0.31136422, ...,  0.96259457,
          0.9876782 ,  0.99946059],
        [-0.01875243,  0.        ,  0.2934892 , ...,  0.95734441,
          0.9845698 ,  0.99990069],
        [-0.31136422, -0.2934892 ,  0.        , ...,  0.83038176,
          0.88985333,  0.96000355],
        ...,
        [-0.96259457, -0.95734441, -0.83038176, ...,  0.        ,
          0.11696279,  0.30241227],
        [-0.9876782 , -0.9845698 , -0.88985333, ..., -0.11696279,
          0.        ,  0.18885033],
        [-0.99946059, -0.99990069, -0.96000355, ..., -0.30241227,
         -0.18885033,  0.        ]],

       ...,

       [[ 0.        ,  0.02320831,  0.16728686, ...,  0.75265827,
          0.39748061,  0.50835551],
        [-0.02320831,  0.        ,  0.14436054, ...,  0.73717493,
          0.37607736,  0.48823281],
        [-0.16728686, -0.14436054,  0.        , ...,  0.63190844,
          0.23837523,  0.35713327],
        ...,
        [-0.75265827, -0.73717493, -0.63190844, ...,  0.        ,
         -0.42894144, -0.31344259],
        [-0.39748061, -0.37607736, -0.23837523, ...,  0.42894144,
          0.        ,  0.12418304],
        [-0.50835551, -0.48823281, -0.35713327, ...,  0.31344259,
         -0.12418304,  0.        ]],

       [[ 0.        ,  0.47108781,  0.74214819, ...,  0.91502226,
          0.88556394,  0.81322221],
        [-0.47108781,  0.        ,  0.33889883, ...,  0.99716702,
          0.99997237,  0.99148329],
        [-0.74214819, -0.33889883,  0.        , ...,  0.91266577,
          0.9382775 ,  0.97694624],
        ...,
        [-0.91502226, -0.99716702, -0.91266577, ...,  0.        ,
          0.06780439,  0.20444365],
