state_0,state_1,state_2,state_3,state_4,state_5,state_6,state_7,state_8,state_9,state_10,state_11,state_12,state_13,state_14,state_15,state_16,state_17,state_18,state_19,state_20,state_21,state_22,state_23,state_24,state_25,state_26,state_27,state_28,state_29,state_30,state_31,state_32,state_33,state_34,state_35,state_36,state_37,state_38,state_39,state_40,state_41,state_42,state_43,state_44,state_45,state_46,state_47,state_48,state_49,state_50,state_51,state_52,state_53,state_54,state_55,state_56,state_57,state_58,state_59,state_60,state_61,state_62,state_63,state_64,state_65,state_66,state_67,state_68,state_69,state_70,state_71,state_72,state_73,state_74,state_75,state_76,state_77,state_78,state_79,state_80,state_81,state_82,state_83,state_84,state_85,state_86,state_87,state_88,state_89,state_90,state_91,state_92,state_93,state_94,state_95,state_96,state_97,state_98,state_99,state_100,state_101,state_102,state_103,state_104,state_105,state_106,state_107,state_108,state_109,state_110,state_111,state_112,state_113,state_114,state_115,state_116,state_117,state_118,state_119,state_120,state_121,state_122,state_123,state_124,state_125,state_126,state_127,state_128,state_129,state_130,state_131,state_132,state_133,state_134,state_135,state_136,state_137,state_138,state_139,state_140,state_141,state_142,state_143,state_144,state_145,state_146,state_147,state_148,state_149,state_150,state_151,state_152,state_153,state_154,state_155,state_156,state_157,state_158,state_159,state_160,state_161,state_162,state_163,state_164,state_165,state_166,state_167,state_168,state_169,state_170,state_171,state_172,state_173,state_174,state_175,state_176,state_177,state_178,state_179,state_180,state_181,state_182,state_183,state_184,state_185,state_186,state_187,state_188,state_189,state_190,state_191,state_192,state_193,state_194,state_195,state_196,state_197,state_198,state_199,state_200,state_201,state_202,state_203,state_204,state_205,state_206,state_207,state_208,state_209,state_210,state_211,state_212,state_213,state_214,state_215,state_216,state_217,state_218,state_219,state_220,state_221,state_222,state_223,state_224,state_225,state_226,state_227,state_228,state_229,state_230,state_231,state_232,state_233,state_234,state_235,state_236,state_237,state_238,state_239,state_240,state_241,state_242,state_243,state_244,state_245,state_246,state_247,state_248,state_249,state_250,state_251,state_252,state_253,state_254,state_255,state_256,state_257,state_258,state_259,state_260,state_261,state_262,state_263,state_264,state_265,state_266,state_267,state_268,state_269,state_270,state_271,state_272,state_273,state_274,state_275,state_276,state_277,state_278,state_279,state_280,state_281,state_282,state_283,state_284,state_285,state_286,state_287
{'img': array([[[ 0.        ,  0.0521474 ,  0.0521474 , ...,  0.55723166,
          0.96402191,  0.9829611 ],
        [-0.0521474 ,  0.        ,  0.        , ...,  0.51317253,
          0.97657223,  0.97203828],
        [-0.0521474 ,  0.        ,  0.        , ...,  0.51317253,
          0.97657223,  0.97203828],
        ...,
        [-0.55723166, -0.51317253, -0.51317253, ...,  0.        ,
          0.94860729,  0.71378191],
        [-0.96402191, -0.97657223, -0.97657223, ..., -0.94860729,
          0.        , -0.43849388],
        [-0.9829611 , -0.97203828, -0.97203828, ..., -0.71378191,
          0.43849388,  0.        ]],

       [[ 0.        ,  0.02797065, -0.03777709, ...,  0.14359488,
          0.91732314,  0.97105597],
        [-0.02797065,  0.        , -0.06571299, ...,  0.11585792,
          0.9058279 ,  0.96399519],
        [ 0.03777709,  0.06571299,  0.        , ...,  0.18087797,
          0.93170905,  0.97938596],
        ...,
        [-0.14359488, -0.11585792, -0.18087797, ...,  0.        ,
          0.85064514,  0.92669456],
        [-0.91732314, -0.9058279 , -0.93170905, ..., -0.85064514,
          0.        ,  0.16751513],
        [-0.97105597, -0.96399519, -0.97938596, ..., -0.92669456,
         -0.16751513,  0.        ]],

       [[ 0.        ,  0.05622409,  0.08251863, ...,  0.76634026,
          0.93529767,  0.98877302],
        [-0.05622409,  0.        ,  0.02635576, ...,  0.72900773,
          0.91392263,  0.99561025],
        [-0.08251863, -0.02635576,  0.        , ...,  0.71071383,
          0.90290766,  0.9977312 ],
        ...,
        [-0.76634026, -0.72900773, -0.71071383, ...,  0.        ,
          0.32968922,  0.74973291],
        [-0.93529767, -0.91392263, -0.90290766, ..., -0.32968922,
          0.        ,  0.48964625],
        [-0.98877302, -0.99561025, -0.9977312 , ..., -0.74973291,
         -0.48964625,  0.        ]],

       ...,

       [[ 0.        ,  0.03417861,  0.17938802, ..., -0.8058767 ,
         -0.23954417, -0.05766205],
        [-0.03417861,  0.        ,  0.14565902, ..., -0.82564245,
         -0.27258773, -0.09175011],
        [-0.17938802, -0.14565902,  0.        , ..., -0.89901675,
         -0.40982359, -0.23581623],
        ...,
        [ 0.8058767 ,  0.82564245,  0.89901675, ...,  0.        ,
          0.64058385,  0.7703951 ],
        [ 0.23954417,  0.27258773,  0.40982359, ..., -0.64058385,
          0.        ,  0.18316235],
        [ 0.05766205,  0.09175011,  0.23581623, ..., -0.7703951 ,
         -0.18316235,  0.        ]],

       [[ 0.        ,  0.07059098,  0.13345325, ...,  0.99929008,
          0.9684917 ,  0.81208894],
        [-0.07059098,  0.        ,  0.06316078, ...,  0.99413774,
          0.98365604,  0.85125528],
        [-0.13345325, -0.06316078,  0.        , ...,  0.9853238 ,
          0.99306462,  0.88269936],
        ...,
        [-0.99929008, -0.99413774, -0.9853238 , ...,  0.        ,
          0.28535612,  0.61371416],
        [-0.9684917 , -0.98365604, -0.99306462, ..., -0.28535612,
          0.        ,  0.36290016],
        [-0.81208894, -0.85125528, -0.88269936, ..., -0.61371416,
         -0.36290016,  0.        ]],

       [[ 0.        ,  0.01763116,  0.01277248, ...,  0.88154271,
          0.93560975,  0.97844315],
        [-0.01763116,  0.        , -0.00485922, ...,  0.87308194,
          0.92923988,  0.98193219],
        [-0.01277248,  0.00485922,  0.        , ...,  0.87544086,
          0.93102428,  0.98100107],
        ...,
        [-0.88154271, -0.87308194, -0.87544086, ...,  0.        ,
          0.13048907,  0.64398017],
        [-0.93560975, -0.92923988, -0.93102428, ..., -0.13048907,
          0.        ,  0.53864433],
        [-0.97844315, -0.98193219, -0.98100107, ..., -0.64398017,
         -0.53864433,  0.        ]]]), 'num': array([6.83742558e-01, 6.83742558e-01, 0.00000000e+00, 0.00000000e+00,
       2.39993638e-03, 2.47514806e-03, 2.33839955e-03, 2.54852047e-01,
       0.00000000e+00, 2.35070692e-03, 2.26301693e-03, 2.09003006e-03,
       4.86589796e-05, 2.41732893e-03, 2.10870493e-03])}
{'img': array([[[ 0.00000000e+00,  0.00000000e+00, -1.29804608e-02, ...,
          9.76572229e-01,  9.72038280e-01,  9.72038280e-01],
        [ 0.00000000e+00,  0.00000000e+00, -1.29804608e-02, ...,
          9.76572229e-01,  9.72038280e-01,  9.72038280e-01],
        [ 1.29804608e-02,  1.29804608e-02,  0.00000000e+00, ...,
          9.73696689e-01,  9.75004490e-01,  9.75004490e-01],
        ...,
        [-9.76572229e-01, -9.76572229e-01, -9.73696689e-01, ...,
          0.00000000e+00, -4.38493875e-01, -4.38493875e-01],
        [-9.72038280e-01, -9.72038280e-01, -9.75004490e-01, ...,
          4.38493875e-01,  0.00000000e+00,  0.00000000e+00],
        [-9.72038280e-01, -9.72038280e-01, -9.75004490e-01, ...,
          4.38493875e-01,  0.00000000e+00,  0.00000000e+00]],

       [[ 0.00000000e+00, -6.57129916e-02,  6.52611454e-04, ...,
          9.05827898e-01,  9.63995195e-01,  4.39978212e-01],
        [ 6.57129916e-02,  0.00000000e+00,  6.63641784e-02, ...,
          9.31709047e-01,  9.79385958e-01,  4.98038050e-01],
        [-6.52611454e-04, -6.63641784e-02,  0.00000000e+00, ...,
          9.05551229e-01,  9.63821447e-01,  4.39392068e-01],
        ...,
        [-9.05827898e-01, -9.31709047e-01, -9.05551229e-01, ...,
          0.00000000e+00,  1.67515134e-01, -6.27046154e-01],
        [-9.63995195e-01, -9.79385958e-01, -9.63821447e-01, ...,
         -1.67515134e-01,  0.00000000e+00, -7.48676973e-01],
        [-4.39978212e-01, -4.98038050e-01, -4.39392068e-01, ...,
          6.27046154e-01,  7.48676973e-01,  0.00000000e+00]],

       [[ 0.00000000e+00,  2.46211375e-02,  1.53996870e-02, ...,
          8.34049712e-01,  9.26085793e-01,  9.87146602e-01],
        [-2.46211375e-02,  0.00000000e+00, -9.22319927e-03, ...,
          8.20213655e-01,  9.16515178e-01,  9.90782237e-01],
        [-1.53996870e-02,  9.22319927e-03,  0.00000000e+00, ...,
          8.25454966e-01,  9.20165473e-01,  9.89490681e-01],
        ...,
        [-8.34049712e-01, -8.20213655e-01, -8.25454966e-01, ...,
          0.00000000e+00,  1.96213814e-01,  6.77893829e-01],
        [-9.26085793e-01, -9.16515178e-01, -9.20165473e-01, ...,
         -1.96213814e-01,  0.00000000e+00,  5.20467830e-01],
        [-9.87146602e-01, -9.90782237e-01, -9.89490681e-01, ...,
         -6.77893829e-01, -5.20467830e-01,  0.00000000e+00]],

       ...,

       [[ 0.00000000e+00,  1.45659024e-01,  1.06416130e-01, ...,
         -2.72587730e-01, -9.17501113e-02, -1.11346056e-01],
        [-1.45659024e-01,  0.00000000e+00, -3.95507401e-02, ...,
         -4.09823594e-01, -2.35816226e-01, -2.54911805e-01],
        [-1.06416130e-01,  3.95507401e-02,  0.00000000e+00, ...,
         -3.73426140e-01, -1.97196398e-01, -2.16468199e-01],
        ...,
        [ 2.72587730e-01,  4.09823594e-01,  3.73426140e-01, ...,
          0.00000000e+00,  1.83162352e-01,  1.63763212e-01],
        [ 9.17501113e-02,  2.35816226e-01,  1.97196398e-01, ...,
         -1.83162352e-01,  0.00000000e+00, -1.96968242e-02],
        [ 1.11346056e-01,  2.54911805e-01,  2.16468199e-01, ...,
         -1.63763212e-01,  1.96968242e-02,  0.00000000e+00]],

       [[ 0.00000000e+00,  6.24944943e-02,  1.05271602e-01, ...,
          9.93601717e-01,  9.52612278e-01,  8.46575645e-01],
        [-6.24944943e-02,  0.00000000e+00,  4.29185841e-02, ...,
          9.98717712e-01,  9.69760239e-01,  8.78184697e-01],
        [-1.05271602e-01, -4.29185841e-02,  0.00000000e+00, ...,
          9.99970237e-01,  9.79341368e-01,  8.97904403e-01],
        ...,
        [-9.93601717e-01, -9.98717712e-01, -9.99970237e-01, ...,
          0.00000000e+00,  1.94652113e-01,  4.33249882e-01],
        [-9.52612278e-01, -9.69760239e-01, -9.79341368e-01, ...,
         -1.94652113e-01,  0.00000000e+00,  2.49527969e-01],
        [-8.46575645e-01, -8.78184697e-01, -8.97904403e-01, ...,
         -4.33249882e-01, -2.49527969e-01,  0.00000000e+00]],

       [[ 0.00000000e+00, -4.48675864e-03, -1.59646844e-02, ...,
          8.43064567e-01,  9.38333803e-01,  9.64258731e-01],
        [ 4.48675864e-03,  0.00000000e+00, -1.14783369e-02, ...,
          8.45469115e-01,  9.39875568e-01,  9.63060202e-01],
        [ 1.59646844e-02,  1.14783369e-02,  0.00000000e+00, ...,
          8.51543128e-01,  9.43733699e-01,  9.59905800e-01],
        ...,
        [-8.43064567e-01, -8.45469115e-01, -8.51543128e-01, ...,
          0.00000000e+00,  2.13174267e-01,  7.41970718e-01],
        [-9.38333803e-01, -9.39875568e-01, -9.43733699e-01, ...,
         -2.13174267e-01,  0.00000000e+00,  5.81997010e-01],
        [-9.64258731e-01, -9.63060202e-01, -9.59905800e-01, ...,
         -7.41970718e-01, -5.81997010e-01,  0.00000000e+00]]]), 'num': array([ 6.95930184e-01,  5.99789296e-01,  3.03762677e-05, -1.48349215e-09,
        2.23583459e-03,  2.52900090e-03,  2.22877034e-03,  3.94830022e-01,
       -2.43716567e-04,  2.40396370e-03,  2.33155516e-03,  2.16048261e-03,
        3.38957206e-05,  2.49640965e-03,  2.16670066e-03])}
{'img': array([[[ 0.00000000e+00, -1.29804608e-02, -1.04911162e-01, ...,
          9.72038280e-01,  9.72038280e-01,  2.39844250e-01],
        [ 1.29804608e-02,  0.00000000e+00, -9.19934936e-02, ...,
          9.75004490e-01,  9.75004490e-01,  2.52425622e-01],
        [ 1.04911162e-01,  9.19934936e-02,  0.00000000e+00, ...,
          9.91309678e-01,  9.91309678e-01,  3.40369643e-01],
        ...,
        [-9.72038280e-01, -9.75004490e-01, -9.91309678e-01, ...,
          0.00000000e+00,  0.00000000e+00, -8.87345011e-01],
        [-9.72038280e-01, -9.75004490e-01, -9.91309678e-01, ...,
          0.00000000e+00,  0.00000000e+00, -8.87345011e-01],
        [-2.39844250e-01, -2.52425622e-01, -3.40369643e-01, ...,
          8.87345011e-01,  8.87345011e-01,  0.00000000e+00]],

       [[ 0.00000000e+00,  6.63641784e-02,  8.03066397e-02, ...,
          9.79385958e-01,  4.98038050e-01,  6.43414381e-01],
        [-6.63641784e-02,  0.00000000e+00,  1.39797653e-02, ...,
          9.63821447e-01,  4.39392068e-01,  5.91192975e-01],
        [-8.03066397e-02, -1.39797653e-02,  0.00000000e+00, ...,
          9.60000972e-01,  4.26791171e-01,  5.79860101e-01],
        ...,
        [-9.79385958e-01, -9.63821447e-01, -9.60000972e-01, ...,
          0.00000000e+00, -7.48676973e-01, -6.19769318e-01],
        [-4.98038050e-01, -4.39392068e-01, -4.26791171e-01, ...,
          7.48676973e-01,  0.00000000e+00,  1.76682979e-01],
        [-6.43414381e-01, -5.91192975e-01, -5.79860101e-01, ...,
          6.19769318e-01, -1.76682979e-01,  0.00000000e+00]],

       [[ 0.00000000e+00, -9.22319927e-03, -2.46211375e-02, ...,
          9.16515178e-01,  9.90782237e-01,  9.46063543e-01],
        [ 9.22319927e-03,  0.00000000e+00, -1.53996870e-02, ...,
          9.20165473e-01,  9.89490681e-01,  9.49011445e-01],
        [ 2.46211375e-02,  1.53996870e-02,  0.00000000e+00, ...,
          9.26085793e-01,  9.87146602e-01,  9.53753531e-01],
        ...,
        [-9.16515178e-01, -9.20165473e-01, -9.26085793e-01, ...,
          0.00000000e+00,  5.20467830e-01,  8.14917086e-02],
        [-9.90782237e-01, -9.89490681e-01, -9.87146602e-01, ...,
         -5.20467830e-01,  0.00000000e+00, -4.49152520e-01],
        [-9.46063543e-01, -9.49011445e-01, -9.53753531e-01, ...,
         -8.14917086e-02,  4.49152520e-01,  0.00000000e+00]],

       ...,

       [[ 0.00000000e+00, -3.95507401e-02, -2.07701450e-01, ...,
         -2.35816226e-01, -2.54911805e-01, -7.72688462e-01],
        [ 3.95507401e-02,  0.00000000e+00, -1.68850709e-01, ...,
         -1.97196398e-01, -2.16468199e-01, -7.46977649e-01],
        [ 2.07701450e-01,  1.68850709e-01,  0.00000000e+00, ...,
         -2.88298236e-02, -4.85128674e-02, -6.23992023e-01],
        ...,
        [ 2.35816226e-01,  1.97196398e-01,  2.88298236e-02, ...,
          0.00000000e+00, -1.96968242e-02, -6.01204141e-01],
        [ 2.54911805e-01,  2.16468199e-01,  4.85128674e-02, ...,
          1.96968242e-02,  0.00000000e+00, -5.85347864e-01],
        [ 7.72688462e-01,  7.46977649e-01,  6.23992023e-01, ...,
          6.01204141e-01,  5.85347864e-01,  0.00000000e+00]],

       [[ 0.00000000e+00,  4.29185841e-02,  6.09424168e-02, ...,
          9.69760239e-01,  8.78184697e-01,  9.23424817e-01],
        [-4.29185841e-02,  0.00000000e+00,  1.80474522e-02, ...,
          9.79341368e-01,  8.97904403e-01,  9.39045216e-01],
        [-6.09424168e-02, -1.80474522e-02,  0.00000000e+00, ...,
          9.82831311e-01,  9.05702480e-01,  9.45096875e-01],
        ...,
        [-9.69760239e-01, -9.79341368e-01, -9.82831311e-01, ...,
          0.00000000e+00,  2.49527969e-01,  1.46803305e-01],
        [-8.78184697e-01, -8.97904403e-01, -9.05702480e-01, ...,
         -2.49527969e-01,  0.00000000e+00, -1.04664946e-01],
        [-9.23424817e-01, -9.39045216e-01, -9.45096875e-01, ...,
         -1.46803305e-01,  1.04664946e-01,  0.00000000e+00]],

       [[ 0.00000000e+00, -1.14783369e-02, -1.22426479e-02, ...,
          9.39875568e-01,  9.63060202e-01,  9.92451217e-01],
        [ 1.14783369e-02,  0.00000000e+00, -7.64364740e-04, ...,
          9.43733699e-01,  9.59905800e-01,  9.93793540e-01],
        [ 1.22426479e-02,  7.64364740e-04,  0.00000000e+00, ...,
          9.43986203e-01,  9.59691251e-01,  9.93878278e-01],
        ...,
        [-9.39875568e-01, -9.43733699e-01, -9.43986203e-01, ...,
          0.00000000e+00,  5.81997010e-01,  2.23672655e-01],
        [-9.63060202e-01, -9.59905800e-01, -9.59691251e-01, ...,
         -5.81997010e-01,  0.00000000e+00, -3.85363149e-01],
        [-9.92451217e-01, -9.93793540e-01, -9.93878278e-01, ...,
         -2.23672655e-01,  3.85363149e-01,  0.00000000e+00]]]), 'num': array([ 8.63173637e-01,  4.89048567e-01,  1.15292780e-04, -1.29127913e-06,
        2.81297046e-03,  2.83897635e-03,  2.74795573e-03,  1.25295512e-01,
        6.93490405e-05,  2.94386677e-03,  2.85609689e-03,  2.65368438e-03,
        4.31555176e-05,  3.05797503e-03,  2.65421875e-03])}
{'img': array([[[ 0.00000000e+00, -9.19934936e-02, -3.91802033e-02, ...,
          9.75004490e-01,  2.52425622e-01,  4.43709884e-01],
        [ 9.19934936e-02,  0.00000000e+00,  5.29087936e-02, ...,
          9.91309678e-01,  3.40369643e-01,  5.24270234e-01],
        [ 3.91802033e-02, -5.29087936e-02,  0.00000000e+00, ...,
          9.82961103e-01,  2.90143203e-01,  4.78481328e-01],
        ...,
        [-9.75004490e-01, -9.91309678e-01, -9.82961103e-01, ...,
          0.00000000e+00, -8.87345011e-01, -7.75184496e-01],
        [-2.52425622e-01, -3.40369643e-01, -2.90143203e-01, ...,
          8.87345011e-01,  0.00000000e+00,  2.03124524e-01],
        [-4.43709884e-01, -5.24270234e-01, -4.78481328e-01, ...,
          7.75184496e-01, -2.03124524e-01,  0.00000000e+00]],

       [[ 0.00000000e+00,  1.39797653e-02,  4.31795550e-03, ...,
          4.39392068e-01,  5.91192975e-01,  1.60647274e-01],
        [-1.39797653e-02,  0.00000000e+00, -9.66210144e-03, ...,
          4.26791171e-01,  5.79860101e-01,  1.46833381e-01],
        [-4.31795550e-03,  9.66210144e-03,  0.00000000e+00, ...,
          4.35509172e-01,  5.87704902e-01,  1.56383903e-01],
        ...,
        [-4.39392068e-01, -4.26791171e-01, -4.35509172e-01, ...,
          0.00000000e+00,  1.76682979e-01, -2.89376485e-01],
        [-5.91192975e-01, -5.79860101e-01, -5.87704902e-01, ...,
         -1.76682979e-01,  0.00000000e+00, -4.53947622e-01],
        [-1.60647274e-01, -1.46833381e-01, -1.56383903e-01, ...,
          2.89376485e-01,  4.53947622e-01,  0.00000000e+00]],

       [[ 0.00000000e+00, -1.53996870e-02, -1.53996870e-02, ...,
          9.89490681e-01,  9.49011445e-01,  9.33723717e-01],
        [ 1.53996870e-02,  0.00000000e+00,  0.00000000e+00, ...,
          9.87146602e-01,  9.53753531e-01,  9.39125996e-01],
        [ 1.53996870e-02,  0.00000000e+00,  0.00000000e+00, ...,
          9.87146602e-01,  9.53753531e-01,  9.39125996e-01],
        ...,
        [-9.89490681e-01, -9.87146602e-01, -9.87146602e-01, ...,
          0.00000000e+00, -4.49152520e-01, -4.89245488e-01],
        [-9.49011445e-01, -9.53753531e-01, -9.53753531e-01, ...,
          4.49152520e-01,  0.00000000e+00, -4.53922490e-02],
        [-9.33723717e-01, -9.39125996e-01, -9.39125996e-01, ...,
          4.89245488e-01,  4.53922490e-02,  0.00000000e+00]],

       ...,

       [[ 0.00000000e+00, -1.68850709e-01, -3.14034928e-02, ...,
         -2.16468199e-01, -7.46977649e-01, -7.13493198e-01],
        [ 1.68850709e-01,  0.00000000e+00,  1.37814840e-01, ...,
         -4.85128674e-02, -6.23992023e-01, -5.84941302e-01],
        [ 3.14034928e-02, -1.37814840e-01,  0.00000000e+00, ...,
         -1.85702529e-01, -7.25730645e-01, -6.91138056e-01],
        ...,
        [ 2.16468199e-01,  4.85128674e-02,  1.85702529e-01, ...,
          0.00000000e+00, -5.85347864e-01, -5.44904963e-01],
        [ 7.46977649e-01,  6.23992023e-01,  7.25730645e-01, ...,
          5.85347864e-01,  0.00000000e+00,  4.90136241e-02],
        [ 7.13493198e-01,  5.84941302e-01,  6.91138056e-01, ...,
          5.44904963e-01, -4.90136241e-02,  0.00000000e+00]],

       [[ 0.00000000e+00,  1.80474522e-02,  5.29702679e-02, ...,
          8.97904403e-01,  9.39045216e-01,  9.75499892e-01],
        [-1.80474522e-02,  0.00000000e+00,  3.49395256e-02, ...,
          9.05702480e-01,  9.45096875e-01,  9.79311452e-01],
        [-5.29702679e-02, -3.49395256e-02,  0.00000000e+00, ...,
          9.19960835e-01,  9.55937723e-01,  9.85783832e-01],
        ...,
        [-8.97904403e-01, -9.05702480e-01, -9.19960835e-01, ...,
          0.00000000e+00, -1.04664946e-01, -2.31866904e-01],
        [-9.39045216e-01, -9.45096875e-01, -9.55937723e-01, ...,
          1.04664946e-01,  0.00000000e+00, -1.28780818e-01],
        [-9.75499892e-01, -9.79311452e-01, -9.85783832e-01, ...,
          2.31866904e-01,  1.28780818e-01,  0.00000000e+00]],

       [[ 0.00000000e+00, -7.64364740e-04,  1.04586213e-02, ...,
          9.59905800e-01,  9.93793540e-01,  9.85615907e-01],
        [ 7.64364740e-04,  0.00000000e+00,  1.12229412e-02, ...,
          9.59691251e-01,  9.93878278e-01,  9.85744797e-01],
        [-1.04586213e-02, -1.12229412e-02,  0.00000000e+00, ...,
          9.62785090e-01,  9.92575766e-01,  9.83794485e-01],
        ...,
        [-9.59905800e-01, -9.59691251e-01, -9.62785090e-01, ...,
          0.00000000e+00, -3.85363149e-01, -4.38515466e-01],
        [-9.93793540e-01, -9.93878278e-01, -9.92575766e-01, ...,
          3.85363149e-01,  0.00000000e+00, -5.83117502e-02],
        [-9.85615907e-01, -9.85744797e-01, -9.83794485e-01, ...,
          4.38515466e-01,  5.83117502e-02,  0.00000000e+00]]]), 'num': array([ 7.48077206e-01,  4.14195248e-01,  9.63584293e-05, -3.10974931e-07,
        2.52940877e-03,  2.64620686e-03,  2.36881139e-03,  5.18435359e-01,
        1.60597382e-04,  2.46662979e-03,  2.40567579e-03,  2.23954266e-03,
        4.22065847e-05,  2.57719814e-03,  2.23415343e-03])}
{'img': array([[[ 0.        ,  0.05290879, -0.06748047, ...,  0.34036964,
          0.52427023,  0.94059569],
        [-0.05290879,  0.        , -0.12017415, ...,  0.2901432 ,
          0.47848133,  0.92131418],
        [ 0.06748047,  0.12017415,  0.        , ...,  0.40304513,
          0.58053834,  0.96136325],
        ...,
        [-0.34036964, -0.2901432 , -0.40304513, ...,  0.        ,
          0.20312452,  0.76886906],
        [-0.52427023, -0.47848133, -0.58053834, ..., -0.20312452,
          0.        ,  0.62296129],
        [-0.94059569, -0.92131418, -0.96136325, ..., -0.76886906,
         -0.62296129,  0.        ]],

       [[ 0.        , -0.0096621 ,  0.06424002, ...,  0.5798601 ,
          0.14683338,  0.6782474 ],
        [ 0.0096621 ,  0.        ,  0.07387916, ...,  0.5877049 ,
          0.1563839 ,  0.68531577],
        [-0.06424002, -0.07387916,  0.        , ...,  0.52632501,
          0.08298636,  0.62964074],
        ...,
        [-0.5798601 , -0.5877049 , -0.52632501, ...,  0.        ,
         -0.45394762,  0.12647834],
        [-0.14683338, -0.1563839 , -0.08298636, ...,  0.45394762,
          0.        ,  0.56299793],
        [-0.6782474 , -0.68531577, -0.62964074, ..., -0.12647834,
         -0.56299793,  0.        ]],

       [[ 0.        ,  0.        , -0.0402201 , ...,  0.95375353,
          0.939126  ,  0.90123381],
        [ 0.        ,  0.        , -0.0402201 , ...,  0.95375353,
          0.939126  ,  0.90123381],
        [ 0.0402201 ,  0.0402201 ,  0.        , ...,  0.96507155,
          0.95218464,  0.91793328],
        ...,
        [-0.95375353, -0.95375353, -0.96507155, ...,  0.        ,
         -0.04539225, -0.14239137],
        [-0.939126  , -0.939126  , -0.95218464, ...,  0.04539225,
          0.        , -0.09731488],
        [-0.90123381, -0.90123381, -0.91793328, ...,  0.14239137,
          0.09731488,  0.        ]],

       ...,

       [[ 0.        ,  0.13781484, -0.14937517, ..., -0.62399202,
         -0.5849413 , -0.39905814],
        [-0.13781484,  0.        , -0.28421847, ..., -0.72573065,
         -0.69113806, -0.52161629],
        [ 0.14937517,  0.28421847,  0.        , ..., -0.50026486,
         -0.45722405, -0.25761502],
        ...,
        [ 0.62399202,  0.72573065,  0.50026486, ...,  0.        ,
          0.04901362,  0.26031799],
        [ 0.5849413 ,  0.69113806,  0.45722405, ..., -0.04901362,
          0.        ,  0.21268134],
        [ 0.39905814,  0.52161629,  0.25761502, ..., -0.26031799,
         -0.21268134,  0.        ]],

       [[ 0.        ,  0.03493953,  0.04357216, ...,  0.94509687,
          0.97931145,  0.96862652],
        [-0.03493953,  0.        ,  0.00863921, ...,  0.95593772,
          0.98578383,  0.97671831],
        [-0.04357216, -0.00863921,  0.        , ...,  0.95843826,
          0.98719859,  0.97853519],
        ...,
        [-0.94509687, -0.95593772, -0.95843826, ...,  0.        ,
         -0.12878082, -0.08166136],
        [-0.97931145, -0.98578383, -0.98719859, ...,  0.12878082,
          0.        ,  0.04736933],
        [-0.96862652, -0.97671831, -0.97853519, ...,  0.08166136,
         -0.04736933,  0.        ]],

       [[ 0.        ,  0.01122294,  0.05229895, ...,  0.99387828,
          0.9857448 ,  0.98335237],
        [-0.01122294,  0.        ,  0.04108808, ...,  0.99257577,
          0.98379449,  0.98125113],
        [-0.05229895, -0.04108808,  0.        , ...,  0.98674011,
          0.97559662,  0.97250344],
        ...,
        [-0.99387828, -0.99257577, -0.98674011, ...,  0.        ,
         -0.05831175, -0.07195514],
        [-0.9857448 , -0.98379449, -0.97559662, ...,  0.05831175,
          0.        , -0.0136721 ],
        [-0.98335237, -0.98125113, -0.97250344, ...,  0.07195514,
          0.0136721 ,  0.        ]]]), 'num': array([8.75610696e-01, 3.00951697e-01, 1.60743776e-04, 2.07217146e-06,
       2.99301562e-03, 3.00557373e-03, 2.83813229e-03, 3.77716897e-01,
       9.20927883e-05, 2.83980671e-03, 2.77178363e-03, 2.57608645e-03,
       4.98823782e-05, 2.99292798e-03, 2.55063927e-03])}
{'img': array([[[ 0.        , -0.11741056, -0.0386678 , ...,  0.46518721,
          0.89610215,  0.95752702],
        [ 0.11741056,  0.        ,  0.0789224 , ...,  0.565903  ,
          0.94201666,  0.91704967],
        [ 0.0386678 , -0.0789224 ,  0.        , ...,  0.49906852,
          0.9125946 ,  0.94566129],
        ...,
        [-0.46518721, -0.565903  , -0.49906852, ...,  0.        ,
          0.58676832,  0.98174845],
        [-0.89610215, -0.94201666, -0.9125946 , ..., -0.58676832,
          0.        ,  0.68338161],
        [-0.95752702, -0.91704967, -0.94566129, ..., -0.98174845,
         -0.68338161,  0.        ]],

       [[ 0.        ,  0.07387916,  0.00782234, ...,  0.1563839 ,
          0.68531577,  0.5048978 ],
        [-0.07387916,  0.        , -0.06607594, ...,  0.08298636,
          0.62964074,  0.43974707],
        [-0.00782234,  0.06607594,  0.        , ...,  0.14865302,
          0.67959822,  0.49813027],
        ...,
        [-0.1563839 , -0.08298636, -0.14865302, ...,  0.        ,
          0.56299793,  0.36369839],
        [-0.68531577, -0.62964074, -0.67959822, ..., -0.56299793,
          0.        , -0.22386045],
        [-0.5048978 , -0.43974707, -0.49813027, ..., -0.36369839,
          0.22386045,  0.        ]],

       [[ 0.        , -0.0402201 , -0.06198688, ...,  0.939126  ,
          0.90123381,  0.93047807],
        [ 0.0402201 ,  0.        , -0.02179396, ...,  0.95218464,
          0.91793328,  0.9444597 ],
        [ 0.06198688,  0.02179396,  0.        , ...,  0.95861704,
          0.92636168,  0.95139747],
        ...,
        [-0.939126  , -0.95218464, -0.95861704, ...,  0.        ,
         -0.09731488, -0.02435947],
        [-0.90123381, -0.91793328, -0.92636168, ...,  0.09731488,
          0.        ,  0.07304214],
        [-0.93047807, -0.9444597 , -0.95139747, ...,  0.02435947,
         -0.07304214,  0.        ]],

       ...,

       [[ 0.        , -0.28421847, -0.24144651, ..., -0.69113806,
         -0.52161629, -0.48117456],
        [ 0.28421847,  0.        ,  0.04432048, ..., -0.45722405,
         -0.25761502, -0.21217774],
        [ 0.24144651, -0.04432048,  0.        , ..., -0.49619125,
         -0.30018643, -0.25528059],
        ...,
        [ 0.69113806,  0.45722405,  0.49619125, ...,  0.        ,
          0.21268134,  0.25811296],
        [ 0.52161629,  0.25761502,  0.30018643, ..., -0.21268134,
          0.        ,  0.04673317],
        [ 0.48117456,  0.21217774,  0.25528059, ..., -0.25811296,
         -0.04673317,  0.        ]],

       [[ 0.        ,  0.00823989,  0.02489825, ...,  0.99312752,
          0.9950315 ,  0.9022565 ],
        [-0.00823989,  0.        ,  0.01666007, ...,  0.99212943,
          0.99417736,  0.90577891],
        [-0.02489825, -0.01666007,  0.        , ...,  0.98990562,
          0.99224415,  0.91271291],
        ...,
        [-0.99312752, -0.99212943, -0.98990562, ...,  0.        ,
          0.01757946,  0.53383397],
        [-0.9950315 , -0.99417736, -0.99224415, ..., -0.01757946,
          0.        ,  0.51888647],
        [-0.9022565 , -0.90577891, -0.91271291, ..., -0.53383397,
         -0.51888647,  0.        ]],

       [[ 0.        ,  0.04108808,  0.08237484, ...,  0.98379449,
          0.98125113,  0.94934527],
        [-0.04108808,  0.        ,  0.04135684, ...,  0.97559662,
          0.97250344,  0.93563227],
        [-0.08237484, -0.04135684,  0.        , ...,  0.96568119,
          0.96203987,  0.9202338 ],
        ...,
        [-0.98379449, -0.97559662, -0.96568119, ...,  0.        ,
         -0.0136721 , -0.13892513],
        [-0.98125113, -0.97250344, -0.96203987, ...,  0.0136721 ,
          0.        , -0.12537262],
        [-0.94934527, -0.93563227, -0.9202338 , ...,  0.13892513,
          0.12537262,  0.        ]]]), 'num': array([ 7.39559843e-01,  1.89499651e-01,  1.57836497e-04,  3.30505300e-06,
        2.51169037e-03,  2.73150833e-03,  2.48646536e-03,  6.45827306e-01,
       -6.48643138e-05,  2.44106034e-03,  2.39835800e-03,  2.22286400e-03,
        4.29415318e-05,  2.58794122e-03,  2.20877478e-03])}
{'img': array([[[ 0.        ,  0.0789224 ,  0.0133411 , ...,  0.94201666,
          0.91704967,  0.96448138],
        [-0.0789224 ,  0.        , -0.0656159 , ...,  0.9125946 ,
          0.94566129,  0.94062552],
        [-0.0133411 ,  0.0656159 ,  0.        , ...,  0.937456  ,
          0.92228812,  0.96087148],
        ...,
        [-0.94201666, -0.9125946 , -0.937456  , ...,  0.        ,
          0.68338161,  0.07481278],
        [-0.91704967, -0.94566129, -0.92228812, ..., -0.68338161,
          0.        , -0.62684858],
        [-0.96448138, -0.94062552, -0.96087148, ..., -0.07481278,
          0.62684858,  0.        ]],

       [[ 0.        , -0.06607594, -0.30074324, ...,  0.62964074,
          0.43974707,  0.73411931],
        [ 0.06607594,  0.        , -0.23706903, ...,  0.67959822,
          0.49813027,  0.77738188],
        [ 0.30074324,  0.23706903,  0.        , ...,  0.83413495,
          0.68949305,  0.90434419],
        ...,
        [-0.62964074, -0.67959822, -0.83413495, ...,  0.        ,
         -0.22386045,  0.14278837],
        [-0.43974707, -0.49813027, -0.68949305, ...,  0.22386045,
          0.        ,  0.36073118],
        [-0.73411931, -0.77738188, -0.90434419, ..., -0.14278837,
         -0.36073118,  0.        ]],

       [[ 0.        , -0.02179396, -0.05623938, ...,  0.91793328,
          0.9444597 ,  0.93449305],
        [ 0.02179396,  0.        , -0.03446656, ...,  0.92636168,
          0.95139747,  0.94202933],
        [ 0.05623938,  0.03446656,  0.        , ...,  0.9387926 ,
          0.96144671,  0.95303421],
        ...,
        [-0.91793328, -0.92636168, -0.9387926 , ...,  0.        ,
          0.07304214,  0.04397875],
        [-0.9444597 , -0.95139747, -0.96144671, ..., -0.07304214,
          0.        , -0.0291102 ],
        [-0.93449305, -0.94202933, -0.95303421, ..., -0.04397875,
          0.0291102 ,  0.        ]],

       ...,

       [[ 0.        ,  0.04432048, -0.27485976, ..., -0.25761502,
         -0.21217774, -0.21217774],
        [-0.04432048,  0.        , -0.31720312, ..., -0.30018643,
         -0.25528059, -0.25528059],
        [ 0.27485976,  0.31720312,  0.        , ...,  0.01788979,
          0.06459594,  0.06459594],
        ...,
        [ 0.25761502,  0.30018643, -0.01788979, ...,  0.        ,
          0.04673317,  0.04673317],
        [ 0.21217774,  0.25528059, -0.06459594, ..., -0.04673317,
          0.        ,  0.        ],
        [ 0.21217774,  0.25528059, -0.06459594, ..., -0.04673317,
          0.        ,  0.        ]],

       [[ 0.        ,  0.01636263,  0.01487454, ...,  0.98446338,
          0.99101696,  0.89880813],
        [-0.01636263,  0.        , -0.00148826, ...,  0.98145847,
          0.99307256,  0.90586023],
        [-0.01487454,  0.00148826,  0.        , ...,  0.98174264,
          0.99289658,  0.90522883],
        ...,
        [-0.98446338, -0.98145847, -0.98174264, ...,  0.        ,
          0.30567116,  0.58935366],
        [-0.99101696, -0.99307256, -0.99289658, ..., -0.30567116,
          0.        ,  0.31420137],
        [-0.89880813, -0.90586023, -0.90522883, ..., -0.58935366,
         -0.31420137,  0.        ]],

       [[ 0.        ,  0.04135684,  0.1032355 , ...,  0.97250344,
          0.93563227,  0.98182903],
        [-0.04135684,  0.        ,  0.0620113 , ...,  0.96203987,
          0.9202338 ,  0.97314083],
        [-0.1032355 , -0.0620113 ,  0.        , ...,  0.94326493,
          0.89419346,  0.95699231],
        ...,
        [-0.97250344, -0.96203987, -0.94326493, ...,  0.        ,
         -0.12537262,  0.04410704],
        [-0.93563227, -0.9202338 , -0.89419346, ...,  0.12537262,
          0.        ,  0.16900963],
        [-0.98182903, -0.97314083, -0.95699231, ..., -0.04410704,
         -0.16900963,  0.        ]]]), 'num': array([ 9.71873513e-01,  1.83862175e-01,  2.27420299e-04,  2.48725490e-06,
        3.29711857e-03,  3.34945378e-03,  3.23526786e-03,  1.46881161e-01,
       -1.90309874e-05,  3.27999068e-03,  3.18079166e-03,  2.94211136e-03,
        5.53689006e-05,  3.42666132e-03,  2.93492200e-03])}
{'img': array([[[ 0.        , -0.0656159 , -0.11922744, ...,  0.94566129,
          0.94062552,  0.9125946 ],
        [ 0.0656159 ,  0.        , -0.05382265, ...,  0.92228812,
          0.96087148,  0.937456  ],
        [ 0.11922744,  0.05382265,  0.        , ...,  0.90014866,
          0.97438729,  0.95483303],
        ...,
        [-0.94566129, -0.92228812, -0.90014866, ...,  0.        ,
         -0.62684858, -0.68338161],
        [-0.94062552, -0.96087148, -0.97438729, ...,  0.62684858,
          0.        , -0.07481278],
        [-0.9125946 , -0.937456  , -0.95483303, ...,  0.68338161,
          0.07481278,  0.        ]],

       [[ 0.        , -0.23706903, -0.18278165, ...,  0.49813027,
          0.77738188,  0.16481063],
        [ 0.23706903,  0.        ,  0.05550419, ...,  0.68949305,
          0.90434419,  0.3939395 ],
        [ 0.18278165, -0.05550419,  0.        , ...,  0.64822891,
          0.87926069,  0.34231631],
        ...,
        [-0.49813027, -0.68949305, -0.64822891, ...,  0.        ,
          0.36073118, -0.3484108 ],
        [-0.77738188, -0.90434419, -0.87926069, ..., -0.36073118,
          0.        , -0.66308071],
        [-0.16481063, -0.3939395 , -0.34231631, ...,  0.3484108 ,
          0.66308071,  0.        ]],

       [[ 0.        , -0.03409136, -0.05906134, ...,  0.93950274,
          0.93000973,  0.97289882],
        [ 0.03409136,  0.        , -0.02499516, ...,  0.95063432,
          0.9419989 ,  0.96445031],
        [ 0.05906134,  0.02499516,  0.        , ...,  0.95809365,
          0.95009336,  0.95754366],
        ...,
        [-0.93950274, -0.95063432, -0.95809365, ...,  0.        ,
         -0.02673321,  0.5505005 ],
        [-0.93000973, -0.9419989 , -0.95009336, ...,  0.02673321,
          0.        ,  0.57262157],
        [-0.97289882, -0.96445031, -0.95754366, ..., -0.5505005 ,
         -0.57262157,  0.        ]],

       ...,

       [[ 0.        , -0.31720312, -0.35681176, ..., -0.25528059,
         -0.25528059, -0.29082224],
        [ 0.31720312,  0.        , -0.04206152, ...,  0.06459594,
          0.06459594,  0.02768919],
        [ 0.35681176,  0.04206152,  0.        , ...,  0.10651244,
          0.10651244,  0.06971008],
        ...,
        [ 0.25528059, -0.06459594, -0.10651244, ...,  0.        ,
          0.        , -0.03693981],
        [ 0.25528059, -0.06459594, -0.10651244, ...,  0.        ,
          0.        , -0.03693981],
        [ 0.29082224, -0.02768919, -0.06971008, ...,  0.03693981,
          0.03693981,  0.        ]],

       [[ 0.        , -0.00147135, -0.01201135, ...,  0.9992244 ,
          0.98152923,  0.90143583],
        [ 0.00147135,  0.        , -0.01054009, ...,  0.99916538,
          0.98124668,  0.90079789],
        [ 0.01201135,  0.01054009,  0.        , ...,  0.99867934,
          0.9791605 ,  0.89617094],
        ...,
        [-0.9992244 , -0.99916538, -0.99867934, ...,  0.        ,
          0.15251363,  0.39708062],
        [-0.98152923, -0.98124668, -0.9791605 , ..., -0.15251363,
          0.        ,  0.25246079],
        [-0.90143583, -0.90079789, -0.89617094, ..., -0.39708062,
         -0.25246079,  0.        ]],

       [[ 0.        ,  0.06197495,  0.12593618, ...,  0.91958235,
          0.97254053,  0.98166942],
        [-0.06197495,  0.        ,  0.06421257, ...,  0.89346485,
          0.95624737,  0.99159426],
        [-0.12593618, -0.06421257,  0.        , ...,  0.86278097,
          0.93548792,  0.99785608],
        ...,
        [-0.91958235, -0.89346485, -0.86278097, ...,  0.        ,
          0.16809085,  0.56095994],
        [-0.97254053, -0.95624737, -0.93548792, ..., -0.16809085,
          0.        ,  0.4138255 ],
        [-0.98166942, -0.99159426, -0.99785608, ..., -0.56095994,
         -0.4138255 ,  0.        ]]]), 'num': array([ 9.45954321e-01,  2.17123647e-01,  2.14047188e-04,  1.99936972e-06,
        3.19662576e-03,  3.23417790e-03,  3.07458132e-03,  2.40725166e-01,
       -5.63282073e-05,  3.26609722e-03,  3.14733858e-03,  2.90849134e-03,
        5.24348418e-05,  3.38416094e-03,  2.91051622e-03])}
{'img': array([[[ 0.        , -0.05382265, -0.02675765, ...,  0.96087148,
          0.937456  ,  0.8516022 ],
        [ 0.05382265,  0.        ,  0.02708451, ...,  0.97438729,
          0.95483303,  0.87858103],
        [ 0.02675765, -0.02708451,  0.        , ...,  0.96793917,
          0.94643478,  0.86532334],
        ...,
        [-0.96087148, -0.97438729, -0.96793917, ...,  0.        ,
         -0.07481278, -0.2677887 ],
        [-0.937456  , -0.95483303, -0.94643478, ...,  0.07481278,
          0.        , -0.1949578 ],
        [-0.8516022 , -0.87858103, -0.86532334, ...,  0.2677887 ,
          0.1949578 ,  0.        ]],

       [[ 0.        ,  0.05550419,  0.19978482, ...,  0.90434419,
          0.3939395 ,  0.52228515],
        [-0.05550419,  0.        ,  0.14509163, ...,  0.87926069,
          0.34231631,  0.47414767],
        [-0.19978482, -0.14509163,  0.        , ...,  0.80084348,
          0.2023681 ,  0.34138509],
        ...,
        [-0.90434419, -0.87926069, -0.80084348, ...,  0.        ,
         -0.66308071, -0.54828506],
        [-0.3939395 , -0.34231631, -0.2023681 , ...,  0.66308071,
          0.        ,  0.14411113],
        [-0.52228515, -0.47414767, -0.34138509, ...,  0.54828506,
         -0.14411113,  0.        ]],

       [[ 0.        , -0.02410434, -0.05449455, ...,  0.90454408,
          0.99169349,  0.95456766],
        [ 0.02410434,  0.        , -0.03041019, ...,  0.91455887,
          0.99450574,  0.94710735],
        [ 0.05449455,  0.03041019,  0.        , ...,  0.92643538,
          0.99722919,  0.93691017],
        ...,
        [-0.90454408, -0.91455887, -0.92643538, ...,  0.        ,
          0.30649273,  0.67655763],
        [-0.99169349, -0.99450574, -0.99722919, ..., -0.30649273,
          0.        ,  0.41829886],
        [-0.95456766, -0.94710735, -0.93691017, ..., -0.67655763,
         -0.41829886,  0.        ]],

       ...,

       [[ 0.        , -0.04206152, -0.13000995, ...,  0.06459594,
          0.02768919, -0.0341824 ],
