state_0,state_1,state_2,state_3,state_4,state_5,state_6,state_7,state_8,state_9,state_10,state_11,state_12,state_13,state_14,state_15,state_16,state_17,state_18,state_19,state_20,state_21,state_22,state_23,state_24,state_25,state_26,state_27,state_28,state_29,state_30,state_31,state_32,state_33,state_34,state_35,state_36,state_37,state_38,state_39,state_40,state_41,state_42,state_43,state_44,state_45,state_46,state_47,state_48,state_49,state_50,state_51,state_52,state_53,state_54,state_55,state_56,state_57,state_58,state_59,state_60,state_61,state_62,state_63,state_64,state_65,state_66,state_67,state_68,state_69,state_70,state_71,state_72,state_73,state_74,state_75,state_76,state_77,state_78,state_79,state_80,state_81,state_82,state_83,state_84,state_85,state_86,state_87,state_88,state_89,state_90,state_91,state_92,state_93,state_94,state_95,state_96,state_97,state_98,state_99,state_100,state_101,state_102,state_103,state_104,state_105,state_106,state_107,state_108,state_109,state_110,state_111,state_112,state_113,state_114,state_115,state_116,state_117,state_118,state_119,state_120,state_121,state_122,state_123,state_124,state_125,state_126,state_127,state_128,state_129,state_130,state_131,state_132,state_133,state_134,state_135,state_136,state_137,state_138,state_139,state_140,state_141,state_142,state_143,state_144,state_145,state_146,state_147,state_148,state_149,state_150,state_151,state_152,state_153,state_154,state_155,state_156,state_157,state_158,state_159,state_160,state_161,state_162,state_163,state_164,state_165,state_166,state_167,state_168,state_169,state_170,state_171,state_172,state_173,state_174,state_175,state_176,state_177,state_178,state_179,state_180,state_181,state_182,state_183,state_184,state_185,state_186,state_187,state_188,state_189,state_190,state_191,state_192,state_193,state_194,state_195,state_196,state_197,state_198,state_199,state_200,state_201,state_202,state_203,state_204,state_205,state_206,state_207,state_208,state_209,state_210,state_211,state_212,state_213,state_214,state_215,state_216,state_217,state_218,state_219,state_220,state_221,state_222,state_223,state_224,state_225,state_226,state_227,state_228,state_229,state_230,state_231,state_232,state_233,state_234,state_235,state_236,state_237,state_238,state_239,state_240,state_241,state_242,state_243,state_244,state_245,state_246,state_247,state_248,state_249,state_250,state_251,state_252,state_253,state_254,state_255,state_256,state_257,state_258,state_259,state_260,state_261,state_262,state_263,state_264,state_265,state_266,state_267,state_268,state_269,state_270,state_271,state_272,state_273,state_274,state_275,state_276,state_277,state_278,state_279,state_280,state_281,state_282,state_283,state_284,state_285,state_286,state_287
{'img': array([[[ 0.        , -0.18300266, -0.03415806, ..., -0.97613392,
         -0.98902856, -0.98186592],
        [ 0.18300266,  0.        ,  0.14931466, ..., -0.99939197,
         -0.99936022, -0.99997761],
        [ 0.03415806, -0.14931466,  0.        , ..., -0.98298238,
         -0.99349739, -0.98776851],
        ...,
        [ 0.97613392,  0.99939197,  0.98298238, ...,  0.        ,
          0.07058796,  0.02817902],
        [ 0.98902856,  0.99936022,  0.99349739, ..., -0.07058796,
          0.        , -0.0424512 ],
        [ 0.98186592,  0.99997761,  0.98776851, ..., -0.02817902,
          0.0424512 ,  0.        ]],

       [[ 0.        ,  0.62142675,  0.35124991, ...,  0.82447361,
          0.9011235 ,  0.9872105 ],
        [-0.62142675,  0.        , -0.30663596, ...,  0.29428655,
          0.43657794,  0.67438284],
        [-0.35124991,  0.30663596,  0.        , ...,  0.57316712,
          0.6914167 ,  0.86831014],
        ...,
        [-0.82447361, -0.29428655, -0.57316712, ...,  0.        ,
          0.15248533,  0.42722344],
        [-0.9011235 , -0.43657794, -0.6914167 , ..., -0.15248533,
          0.        ,  0.28435837],
        [-0.9872105 , -0.67438284, -0.86831014, ..., -0.42722344,
         -0.28435837,  0.        ]],

       [[ 0.        , -0.06834398, -0.08514834, ..., -0.86088919,
         -0.90382391, -0.90240186],
        [ 0.06834398,  0.        , -0.01685347, ..., -0.89364918,
         -0.93095531, -0.92974099],
        [ 0.08514834,  0.01685347,  0.        , ..., -0.90108552,
         -0.93697685, -0.93581462],
        ...,
        [ 0.86088919,  0.89364918,  0.90108552, ...,  0.        ,
          0.09148039,  0.08818206],
        [ 0.90382391,  0.93095531,  0.93697685, ..., -0.09148039,
          0.        , -0.00331172],
        [ 0.90240186,  0.92974099,  0.93581462, ..., -0.08818206,
          0.00331172,  0.        ]],

       ...,

       [[ 0.        , -0.501601  , -0.06511275, ..., -0.84303324,
         -0.78647453, -0.69882909],
        [ 0.501601  ,  0.        ,  0.44420757, ..., -0.45951545,
         -0.37057824, -0.24576689],
        [ 0.06511275, -0.44420757,  0.        , ..., -0.80622261,
         -0.74459045, -0.6507717 ],
        ...,
        [ 0.84303324,  0.45951545,  0.80622261, ...,  0.        ,
          0.09766214,  0.22713891],
        [ 0.78647453,  0.37057824,  0.74459045, ..., -0.09766214,
          0.        ,  0.13094362],
        [ 0.69882909,  0.24576689,  0.6507717 , ..., -0.22713891,
         -0.13094362,  0.        ]],

       [[ 0.        ,  0.        , -0.01440151, ..., -0.81593954,
         -0.94642579, -0.9006444 ],
        [ 0.        ,  0.        , -0.01440151, ..., -0.81593954,
         -0.94642579, -0.9006444 ],
        [ 0.01440151,  0.01440151,  0.        , ..., -0.80752887,
         -0.94167708, -0.90680927],
        ...,
        [ 0.81593954,  0.81593954,  0.80752887, ...,  0.        ,
         -0.28367966, -0.8752682 ],
        [ 0.94642579,  0.94642579,  0.94167708, ...,  0.28367966,
          0.        , -0.70211317],
        [ 0.9006444 ,  0.9006444 ,  0.90680927, ...,  0.8752682 ,
          0.70211317,  0.        ]],

       [[ 0.        ,  0.        ,  0.16183022, ..., -0.26594307,
         -0.16183022, -0.28837197],
        [ 0.        ,  0.        ,  0.16183022, ..., -0.26594307,
         -0.16183022, -0.28837197],
        [-0.16183022, -0.16183022,  0.        , ..., -0.10643507,
         -0.        , -0.1296154 ],
        ...,
        [ 0.26594307,  0.26594307,  0.10643507, ...,  0.        ,
         -0.10643507,  0.02334193],
        [ 0.16183022,  0.16183022,  0.        , ...,  0.10643507,
          0.        ,  0.1296154 ],
        [ 0.28837197,  0.28837197,  0.1296154 , ..., -0.02334193,
         -0.1296154 ,  0.        ]]]), 'num': array([7.03798582e-01, 7.03798582e-01, 0.00000000e+00, 0.00000000e+00,
       6.36246486e-05, 6.36246486e-05, 5.82833200e-05, 9.66181919e-02,
       3.45615375e-06, 6.07654668e-05, 6.59614798e-05, 9.23748730e-05,
       6.99466403e-07, 9.10418959e-05, 4.08810636e-05])}
{'img': array([[[ 0.        ,  0.14931466,  0.51433338, ..., -0.99936022,
         -0.99997761, -0.99255256],
        [-0.14931466,  0.        ,  0.38051675, ..., -0.99349739,
         -0.98776851, -0.99961486],
        [-0.51433338, -0.38051675,  0.        , ..., -0.87543688,
         -0.85412966, -0.9138581 ],
        ...,
        [ 0.99936022,  0.99349739,  0.87543688, ...,  0.        ,
         -0.0424512 ,  0.08624042],
        [ 0.99997761,  0.98776851,  0.85412966, ...,  0.0424512 ,
          0.        ,  0.12845572],
        [ 0.99255256,  0.99961486,  0.9138581 , ..., -0.08624042,
         -0.12845572,  0.        ]],

       [[ 0.        , -0.30663596,  0.27241318, ...,  0.43657794,
          0.67438284,  0.31993522],
        [ 0.30663596,  0.        ,  0.55432928, ...,  0.6914167 ,
          0.86831014,  0.59504194],
        [-0.27241318, -0.55432928,  0.        , ...,  0.17498573,
          0.44773297,  0.0497404 ],
        ...,
        [-0.43657794, -0.6914167 , -0.17498573, ...,  0.        ,
          0.28435837, -0.12579617],
        [-0.67438284, -0.86831014, -0.44773297, ..., -0.28435837,
          0.        , -0.40270251],
        [-0.31993522, -0.59504194, -0.0497404 , ...,  0.12579617,
          0.40270251,  0.        ]],

       [[ 0.        , -0.01685347,  0.02321769, ..., -0.93095531,
         -0.92974099, -0.94280904],
        [ 0.01685347,  0.        ,  0.04006332, ..., -0.93697685,
         -0.93581462, -0.94829296],
        [-0.02321769, -0.04006332,  0.        , ..., -0.92222681,
         -0.92094128, -0.93481566],
        ...,
        [ 0.93095531,  0.93697685,  0.92222681, ...,  0.        ,
         -0.00331172,  0.03393238],
        [ 0.92974099,  0.93581462,  0.92094128, ...,  0.00331172,
          0.        ,  0.03724201],
        [ 0.94280904,  0.94829296,  0.93481566, ..., -0.03393238,
         -0.03724201,  0.        ]],

       ...,

       [[ 0.        ,  0.44420757,  0.85863205, ..., -0.37057824,
         -0.24576689,  0.23218857],
        [-0.44420757,  0.        ,  0.54157153, ..., -0.74459045,
         -0.6507717 , -0.22404445],
        [-0.85863205, -0.54157153,  0.        , ..., -0.98745413,
         -0.95827516, -0.71614821],
        ...,
        [ 0.37057824,  0.74459045,  0.98745413, ...,  0.        ,
          0.13094362,  0.57610766],
        [ 0.24576689,  0.6507717 ,  0.95827516, ..., -0.13094362,
          0.        ,  0.46411738],
        [-0.23218857,  0.22404445,  0.71614821, ..., -0.57610766,
         -0.46411738,  0.        ]],

       [[ 0.        , -0.01270886,  0.05808762, ..., -0.83908884,
         -0.9588445 , -0.84804499],
        [ 0.01270886,  0.        ,  0.07077033, ..., -0.83210752,
         -0.95515861, -0.85471124],
        [-0.05808762, -0.07077033,  0.        , ..., -0.86927137,
         -0.9737184 , -0.81583102],
        ...,
        [ 0.83908884,  0.83210752,  0.86927137, ...,  0.        ,
         -0.28336212, -0.90598525],
        [ 0.9588445 ,  0.95515861,  0.9737184 , ...,  0.28336212,
          0.        , -0.74890181],
        [ 0.84804499,  0.85471124,  0.81583102, ...,  0.90598525,
          0.74890181,  0.        ]],

       [[ 0.        ,  0.16183022,  0.07130428, ..., -0.16183022,
         -0.28837197, -0.48821984],
        [-0.16183022,  0.        , -0.0910539 , ..., -0.        ,
         -0.1296154 , -0.34055184],
        [-0.07130428,  0.0910539 ,  0.        , ..., -0.0910539 ,
         -0.21936278, -0.4247484 ],
        ...,
        [ 0.16183022,  0.        ,  0.0910539 , ...,  0.        ,
          0.1296154 ,  0.34055184],
        [ 0.28837197,  0.1296154 ,  0.21936278, ..., -0.1296154 ,
          0.        ,  0.21581133],
        [ 0.48821984,  0.34055184,  0.4247484 , ..., -0.34055184,
         -0.21581133,  0.        ]]]), 'num': array([ 7.29758388e-01,  6.65963193e-01,  1.57519000e-05, -2.02163733e-11,
        6.59722802e-05,  7.06962213e-05,  6.48320186e-05,  1.54743913e-01,
        0.00000000e+00,  6.39035198e-05,  6.67256674e-05,  9.50014410e-05,
        7.93670741e-07,  8.85085614e-05,  4.49427733e-05])}
{'img': array([[[ 0.        ,  0.38051675,  0.43186208, ..., -0.98776851,
         -0.99961486, -0.99961486],
        [-0.38051675,  0.        ,  0.05617169, ..., -0.85412966,
         -0.9138581 , -0.9138581 ],
        [-0.43186208, -0.05617169,  0.        , ..., -0.82356844,
         -0.88960764, -0.88960764],
        ...,
        [ 0.98776851,  0.85412966,  0.82356844, ...,  0.        ,
          0.12845572,  0.12845572],
        [ 0.99961486,  0.9138581 ,  0.88960764, ..., -0.12845572,
          0.        ,  0.        ],
        [ 0.99961486,  0.9138581 ,  0.88960764, ..., -0.12845572,
          0.        ,  0.        ]],

       [[ 0.        ,  0.55432928,  0.06781984, ...,  0.86831014,
          0.59504194,  0.86595703],
        [-0.55432928,  0.        , -0.4966067 , ...,  0.44773297,
          0.0497404 ,  0.44350354],
        [-0.06781984,  0.4966067 ,  0.        , ...,  0.83267081,
          0.53916545,  0.83004528],
        ...,
        [-0.86831014, -0.44773297, -0.83267081, ...,  0.        ,
         -0.40270251, -0.00472443],
        [-0.59504194, -0.0497404 , -0.53916545, ...,  0.40270251,
          0.        ,  0.3983736 ],
        [-0.86595703, -0.44350354, -0.83004528, ...,  0.00472443,
         -0.3983736 ,  0.        ]],

       [[ 0.        ,  0.04006332,  0.10249186, ..., -0.93581462,
         -0.94829296, -0.96089496],
        [-0.04006332,  0.        ,  0.06255723, ..., -0.92094128,
         -0.93481566, -0.94902944],
        [-0.10249186, -0.06255723,  0.        , ..., -0.89475886,
         -0.91076855, -0.9274534 ],
        ...,
        [ 0.93581462,  0.92094128,  0.89475886, ...,  0.        ,
          0.03724201,  0.07956895],
        [ 0.94829296,  0.93481566,  0.91076855, ..., -0.03724201,
          0.        ,  0.04238982],
        [ 0.96089496,  0.94902944,  0.9274534 , ..., -0.07956895,
         -0.04238982,  0.        ]],

       ...,

       [[ 0.        ,  0.54157153,  0.78707884, ..., -0.6507717 ,
         -0.22404445, -0.05469736],
        [-0.54157153,  0.        ,  0.32759179, ..., -0.95827516,
         -0.71614821, -0.58674238],
        [-0.78707884, -0.32759179,  0.        , ..., -0.99903817,
         -0.90527281, -0.81964076],
        ...,
        [ 0.6507717 ,  0.95827516,  0.99903817, ...,  0.        ,
          0.46411738,  0.60826722],
        [ 0.22404445,  0.71614821,  0.90527281, ..., -0.46411738,
          0.        ,  0.17040215],
        [ 0.05469736,  0.58674238,  0.81964076, ..., -0.60826722,
         -0.17040215,  0.        ]],

       [[ 0.        ,  0.0636429 ,  0.13194246, ..., -0.86865875,
         -0.98493764, -0.80471993],
        [-0.0636429 ,  0.        ,  0.06858849, ..., -0.89842713,
         -0.9939454 , -0.76530664],
        [-0.13194246, -0.06858849,  0.        , ..., -0.92643013,
         -0.99914086, -0.71935631],
        ...,
        [ 0.86865875,  0.89842713,  0.92643013, ...,  0.        ,
         -0.33774916, -0.91435034],
        [ 0.98493764,  0.9939454 ,  0.99914086, ...,  0.33774916,
          0.        , -0.72385686],
        [ 0.80471993,  0.76530664,  0.71935631, ...,  0.91435034,
          0.72385686,  0.        ]],

       [[ 0.        , -0.0910539 , -0.16493311, ..., -0.1296154 ,
         -0.34055184, -0.49202045],
        [ 0.0910539 ,  0.        , -0.07444108, ..., -0.21936278,
         -0.4247484 , -0.56924662],
        [ 0.16493311,  0.07444108,  0.        , ..., -0.29138208,
         -0.49096226, -0.62887017],
        ...,
        [ 0.1296154 ,  0.21936278,  0.29138208, ...,  0.        ,
          0.21581133,  0.37502888],
        [ 0.34055184,  0.4247484 ,  0.49096226, ..., -0.21581133,
          0.        ,  0.16613142],
        [ 0.49202045,  0.56924662,  0.62887017, ..., -0.37502888,
         -0.16613142,  0.        ]]]), 'num': array([ 7.24398289e-01,  6.78437564e-01,  1.08525915e-05, -9.03830700e-11,
        6.82923103e-05,  6.83729388e-05,  6.52284286e-05,  1.22350117e-01,
        2.98325322e-06,  6.47124064e-05,  6.51478001e-05,  9.32683213e-05,
        8.43270190e-07,  8.46324825e-05,  4.56631177e-05])}
{'img': array([[[ 0.        ,  0.05617169, -0.07966674, ..., -0.9138581 ,
         -0.9138581 , -0.94977891],
        [-0.05617169,  0.        , -0.13553411, ..., -0.88960764,
         -0.88960764, -0.93070198],
        [ 0.07966674,  0.13553411,  0.        , ..., -0.94330084,
         -0.94330084, -0.97168954],
        ...,
        [ 0.9138581 ,  0.88960764,  0.94330084, ...,  0.        ,
          0.        ,  0.09967616],
        [ 0.9138581 ,  0.88960764,  0.94330084, ...,  0.        ,
          0.        ,  0.09967616],
        [ 0.94977891,  0.93070198,  0.97168954, ..., -0.09967616,
         -0.09967616,  0.        ]],

       [[ 0.        , -0.4966067 , -0.47591025, ...,  0.0497404 ,
          0.44350354,  0.22840959],
        [ 0.4966067 ,  0.        ,  0.02368402, ...,  0.53916545,
          0.83004528,  0.68173294],
        [ 0.47591025, -0.02368402,  0.        , ...,  0.51906753,
          0.81660396,  0.66421445],
        ...,
        [-0.0497404 , -0.53916545, -0.51906753, ...,  0.        ,
          0.3983736 ,  0.17970134],
        [-0.44350354, -0.83004528, -0.81660396, ..., -0.3983736 ,
          0.        , -0.22706232],
        [-0.22840959, -0.68173294, -0.66421445, ..., -0.17970134,
          0.22706232,  0.        ]],

       [[ 0.        ,  0.06255723,  0.11867373, ..., -0.93481566,
         -0.94902944, -0.96757901],
        [-0.06255723,  0.        ,  0.05632613, ..., -0.91076855,
         -0.9274534 , -0.94988391],
        [-0.11867373, -0.05632613,  0.        , ..., -0.88606461,
         -0.90491847, -0.93076818],
        ...,
        [ 0.93481566,  0.91076855,  0.88606461, ...,  0.        ,
          0.04238982,  0.10751455],
        [ 0.94902944,  0.9274534 ,  0.90491847, ..., -0.04238982,
          0.        ,  0.0652738 ],
        [ 0.96757901,  0.94988391,  0.93076818, ..., -0.10751455,
         -0.0652738 ,  0.        ]],

       ...,

       [[ 0.        ,  0.32759179, -0.03360757, ..., -0.71614821,
         -0.58674238, -0.45242551],
        [-0.32759179,  0.        , -0.35915982, ..., -0.90527281,
         -0.81964076, -0.71960746],
        [ 0.03360757,  0.35915982,  0.        , ..., -0.69228732,
         -0.55919641, -0.42219864],
        ...,
        [ 0.71614821,  0.90527281,  0.69228732, ...,  0.        ,
          0.17040215,  0.32289297],
        [ 0.58674238,  0.81964076,  0.55919641, ..., -0.17040215,
          0.        ,  0.15689588],
        [ 0.45242551,  0.71960746,  0.42219864, ..., -0.32289297,
         -0.15689588,  0.        ]],

       [[ 0.        ,  0.06554762,  0.10510502, ..., -0.97239908,
         -0.98296661, -0.74248194],
        [-0.06554762,  0.        ,  0.03969442, ..., -0.98560171,
         -0.96880606, -0.69697706],
        [-0.10510502, -0.03969442,  0.        , ..., -0.9915366 ,
         -0.95820544, -0.66796314],
        ...,
        [ 0.97239908,  0.98560171,  0.9915366 , ...,  0.        ,
         -0.40806118, -0.82461591],
        [ 0.98296661,  0.96880606,  0.95820544, ...,  0.40806118,
          0.        , -0.52199952],
        [ 0.74248194,  0.69697706,  0.66796314, ...,  0.82461591,
          0.52199952,  0.        ]],

       [[ 0.        , -0.0965694 , -0.11129464, ..., -0.3879312 ,
         -0.53576808, -0.58729905],
        [ 0.0965694 ,  0.        , -0.01480502, ..., -0.475125  ,
         -0.61480387, -0.66271453],
        [ 0.11129464,  0.01480502,  0.        , ..., -0.48810013,
         -0.62641291, -0.67372897],
        ...,
        [ 0.3879312 ,  0.475125  ,  0.48810013, ...,  0.        ,
          0.16625558,  0.22732679],
        [ 0.53576808,  0.61480387,  0.62641291, ..., -0.16625558,
          0.        ,  0.06226025],
        [ 0.58729905,  0.66271453,  0.67372897, ..., -0.22732679,
         -0.06226025,  0.        ]]]), 'num': array([7.43612401e-01, 6.58412821e-01, 1.99064438e-05, 4.49045694e-09,
       7.07637704e-05, 7.24171295e-05, 6.90277433e-05, 1.16331902e-01,
       7.44011604e-07, 6.76058545e-05, 6.58532938e-05, 9.47540112e-05,
       9.83982959e-07, 8.30166746e-05, 4.86899130e-05])}
{'img': array([[[ 0.        , -0.13553411,  0.13491524, ..., -0.88960764,
         -0.93070198, -0.93901151],
        [ 0.13553411,  0.        ,  0.26796527, ..., -0.94330084,
         -0.97168954, -0.9769552 ],
        [-0.13491524, -0.26796527,  0.        , ..., -0.81985484,
         -0.87284363, -0.88403084],
        ...,
        [ 0.88960764,  0.94330084,  0.81985484, ...,  0.        ,
          0.09967616,  0.12294723],
        [ 0.93070198,  0.97168954,  0.87284363, ..., -0.09967616,
          0.        ,  0.023415  ],
        [ 0.93901151,  0.9769552 ,  0.88403084, ..., -0.12294723,
         -0.023415  ,  0.        ]],

       [[ 0.        ,  0.02368402, -0.03061652, ...,  0.83004528,
          0.68173294,  0.630461  ],
        [-0.02368402,  0.        , -0.05428085, ...,  0.81660396,
          0.66421445,  0.61190012],
        [ 0.03061652,  0.05428085,  0.        , ...,  0.84673087,
          0.70381243,  0.65393062],
        ...,
        [-0.83004528, -0.81660396, -0.84673087, ...,  0.        ,
         -0.22706232, -0.29269294],
        [-0.68173294, -0.66421445, -0.70381243, ...,  0.22706232,
          0.        , -0.0679294 ],
        [-0.630461  , -0.61190012, -0.65393062, ...,  0.29269294,
          0.0679294 ,  0.        ]],

       [[ 0.        ,  0.05632613,  0.23112361, ..., -0.9274534 ,
         -0.94988391, -0.96484886],
        [-0.05632613,  0.        ,  0.17595562, ..., -0.90491847,
         -0.93076818, -0.94851428],
        [-0.23112361, -0.17595562,  0.        , ..., -0.81591595,
         -0.85191531, -0.87798446],
        ...,
        [ 0.9274534 ,  0.90491847,  0.81591595, ...,  0.        ,
          0.0652738 ,  0.11705464],
        [ 0.94988391,  0.93076818,  0.85191531, ..., -0.0652738 ,
          0.        ,  0.05197994],
        [ 0.96484886,  0.94851428,  0.87798446, ..., -0.11705464,
         -0.05197994,  0.        ]],

       ...,

       [[ 0.        , -0.35915982, -0.27258731, ..., -0.81964076,
         -0.71960746, -0.39219673],
        [ 0.35915982,  0.        ,  0.09115961, ..., -0.55919641,
         -0.42219864, -0.0356434 ],
        [ 0.27258731, -0.09115961,  0.        , ..., -0.6324426 ,
         -0.50307721, -0.12659667],
        ...,
        [ 0.81964076,  0.55919641,  0.6324426 , ...,  0.        ,
          0.15689588,  0.52929145],
        [ 0.71960746,  0.42219864,  0.50307721, ..., -0.15689588,
          0.        ,  0.3896195 ],
        [ 0.39219673,  0.0356434 ,  0.12659667, ..., -0.52929145,
         -0.3896195 ,  0.        ]],

       [[ 0.        ,  0.03777523,  0.09353783, ..., -0.99928227,
         -0.9688479 , -0.67205322],
        [-0.03777523,  0.        ,  0.05586146, ..., -0.99713809,
         -0.95880112, -0.64360088],
        [-0.09353783, -0.05586146,  0.        , ..., -0.99135786,
         -0.94143496, -0.59984172],
        ...,
        [ 0.99928227,  0.99713809,  0.99135786, ...,  0.        ,
         -0.21077809, -0.71451351],
        [ 0.9688479 ,  0.95880112,  0.94143496, ...,  0.21077809,
          0.        , -0.55099629],
        [ 0.67205322,  0.64360088,  0.59984172, ...,  0.71451351,
          0.55099629,  0.        ]],

       [[ 0.        , -0.01480502, -0.04902128, ..., -0.61480387,
         -0.66271453, -0.72504974],
        [ 0.01480502,  0.        , -0.03422869, ..., -0.62641291,
         -0.67372897, -0.73516644],
        [ 0.04902128,  0.03422869,  0.        , ..., -0.65272682,
         -0.69862844, -0.75793883],
        ...,
        [ 0.61480387,  0.62641291,  0.65272682, ...,  0.        ,
          0.06226025,  0.14841899],
        [ 0.66271453,  0.67372897,  0.69862844, ..., -0.06226025,
          0.        ,  0.08656036],
        [ 0.72504974,  0.73516644,  0.75793883, ..., -0.14841899,
         -0.08656036,  0.        ]]]), 'num': array([ 8.26457622e-01,  5.54245085e-01,  6.48125089e-05,  7.20080743e-09,
        7.76640620e-05,  7.91433775e-05,  7.73866904e-05,  9.88945319e-02,
       -1.47931547e-06,  7.69798786e-05,  7.25234408e-05,  1.04966678e-04,
        1.31953503e-06,  8.75365569e-05,  5.75103246e-05])}
{'img': array([[[ 0.        ,  0.26796527, -0.01656638, ..., -0.97168954,
         -0.9769552 , -0.96717127],
        [-0.26796527,  0.        , -0.28388903, ..., -0.87284363,
         -0.88403084, -0.86370365],
        [ 0.01656638,  0.28388903,  0.        , ..., -0.97547019,
         -0.98035713, -0.97124849],
        ...,
        [ 0.97168954,  0.87284363,  0.97547019, ...,  0.        ,
          0.023415  , -0.01842581],
        [ 0.9769552 ,  0.88403084,  0.98035713, ..., -0.023415  ,
          0.        , -0.04183178],
        [ 0.96717127,  0.86370365,  0.97124849, ...,  0.01842581,
          0.04183178,  0.        ]],

       [[ 0.        , -0.05428085, -0.03292335, ...,  0.66421445,
          0.61190012,  0.42457319],
        [ 0.05428085,  0.        ,  0.02137661, ...,  0.70381243,
          0.65393062,  0.47309278],
        [ 0.03292335, -0.02137661,  0.        , ...,  0.68846596,
          0.63760863,  0.45415161],
        ...,
        [-0.66421445, -0.70381243, -0.68846596, ...,  0.        ,
         -0.0679294 , -0.28398921],
        [-0.61190012, -0.65393062, -0.63760863, ...,  0.0679294 ,
          0.        , -0.21820065],
        [-0.42457319, -0.47309278, -0.45415161, ...,  0.28398921,
          0.21820065,  0.        ]],

       [[ 0.        ,  0.17595562,  0.39779455, ..., -0.93076818,
         -0.94851428, -0.96272714],
        [-0.17595562,  0.        ,  0.2301534 , ..., -0.85191531,
         -0.87798446, -0.90011527],
        [-0.39779455, -0.2301534 ,  0.        , ..., -0.70851847,
         -0.74424248, -0.77568435],
        ...,
        [ 0.93076818,  0.85191531,  0.70851847, ...,  0.        ,
          0.05197994,  0.10023353],
        [ 0.94851428,  0.87798446,  0.74424248, ..., -0.05197994,
          0.        ,  0.04837986],
        [ 0.96272714,  0.90011527,  0.77568435, ..., -0.10023353,
         -0.04837986,  0.        ]],

       ...,

       [[ 0.        ,  0.0480277 , -0.00575506, ..., -0.29197916,
         -0.02043115,  0.78185101],
        [-0.0480277 ,  0.        , -0.05377532, ..., -0.33757709,
         -0.06842524,  0.75100515],
        [ 0.00575506,  0.05377532,  0.        , ..., -0.28647005,
         -0.01467696,  0.78542614],
        ...,
        [ 0.29197916,  0.33757709,  0.28647005, ...,  0.        ,
          0.27237736,  0.92982048],
        [ 0.02043115,  0.06842524,  0.01467696, ..., -0.27237736,
          0.        ,  0.79442592],
        [-0.78185101, -0.75100515, -0.78542614, ..., -0.92982048,
         -0.79442592,  0.        ]],

       [[ 0.        ,  0.05285005,  0.0800468 , ..., -0.99832089,
         -0.96069874, -0.61621374],
        [-0.05285005,  0.        ,  0.02725447, ..., -0.99386431,
         -0.94468531, -0.57372897],
        [-0.0800468 , -0.02725447,  0.        , ..., -0.9904806 ,
         -0.93539552, -0.5511932 ],
        ...,
        [ 0.99832089,  0.99386431,  0.9904806 , ...,  0.        ,
         -0.22147771, -0.75056183],
        [ 0.96069874,  0.94468531,  0.93539552, ...,  0.22147771,
          0.        , -0.58556943],
        [ 0.61621374,  0.57372897,  0.5511932 , ...,  0.75056183,
          0.58556943,  0.        ]],

       [[ 0.        , -0.03422869, -0.02786376, ..., -0.67372897,
         -0.73516644, -0.8060808 ],
        [ 0.03422869,  0.        ,  0.00636797, ..., -0.69862844,
         -0.75793883, -0.82586518],
        [ 0.02786376, -0.00636797,  0.        , ..., -0.6940581 ,
         -0.75376947, -0.82225774],
        ...,
        [ 0.67372897,  0.69862844,  0.6940581 , ...,  0.        ,
          0.08656036,  0.1969599 ],
        [ 0.73516644,  0.75793883,  0.75376947, ..., -0.08656036,
          0.        ,  0.11135586],
        [ 0.8060808 ,  0.82586518,  0.82225774, ..., -0.1969599 ,
         -0.11135586,  0.        ]]]), 'num': array([ 8.07295865e-01,  5.78221105e-01,  5.26608646e-05, -4.38447918e-09,
        7.78107204e-05,  7.79001580e-05,  7.62008434e-05,  1.18041045e-01,
        2.68312829e-06,  7.55390051e-05,  6.95914041e-05,  1.00626255e-04,
        1.27394059e-06,  8.18279465e-05,  5.73548616e-05])}
{'img': array([[[ 0.        , -0.28388903, -0.26796527, ..., -0.88403084,
         -0.86370365, -0.90022328],
        [ 0.28388903,  0.        ,  0.01656638, ..., -0.98035713,
         -0.97124849, -0.98679892],
        [ 0.26796527, -0.01656638,  0.        , ..., -0.9769552 ,
         -0.96717127, -0.98398057],
        ...,
        [ 0.88403084,  0.98035713,  0.9769552 , ...,  0.        ,
         -0.04183178,  0.0358578 ],
        [ 0.86370365,  0.97124849,  0.96717127, ...,  0.04183178,
          0.        ,  0.07763129],
        [ 0.90022328,  0.98679892,  0.98398057, ..., -0.0358578 ,
         -0.07763129,  0.        ]],

       [[ 0.        ,  0.02137661,  0.07667297, ...,  0.65393062,
          0.47309278,  0.61136964],
        [-0.02137661,  0.        ,  0.05534177, ...,  0.63760863,
          0.45415161,  0.59431366],
        [-0.07667297, -0.05534177,  0.        , ...,  0.59399836,
          0.40415028,  0.54889516],
        ...,
        [-0.65393062, -0.63760863, -0.59399836, ...,  0.        ,
         -0.21820065, -0.05495037],
        [-0.47309278, -0.45415161, -0.40415028, ...,  0.21820065,
          0.        ,  0.16424468],
        [-0.61136964, -0.59431366, -0.54889516, ...,  0.05495037,
         -0.16424468,  0.        ]],

       [[ 0.        ,  0.2301534 ,  0.14253199, ..., -0.87798446,
         -0.90011527, -0.91596803],
        [-0.2301534 ,  0.        , -0.08909795, ..., -0.74424248,
         -0.77568435, -0.79902894],
        [-0.14253199,  0.08909795,  0.        , ..., -0.8007919 ,
         -0.82883095, -0.84942504],
        ...,
        [ 0.87798446,  0.74424248,  0.8007919 , ...,  0.        ,
          0.04837986,  0.08617156],
        [ 0.90011527,  0.77568435,  0.82883095, ..., -0.04837986,
          0.        ,  0.03787075],
        [ 0.91596803,  0.79902894,  0.84942504, ..., -0.08617156,
         -0.03787075,  0.        ]],

       ...,

       [[ 0.        , -0.05377532,  0.11436211, ..., -0.06842524,
          0.75100515,  0.6840534 ],
        [ 0.05377532,  0.        ,  0.16761914, ..., -0.01467696,
          0.78542614,  0.72228905],
        [-0.11436211, -0.16761914,  0.        , ..., -0.18207039,
          0.67056502,  0.59614604],
        ...,
        [ 0.06842524,  0.01467696,  0.18207039, ...,  0.        ,
          0.79442592,  0.73236171],
        [-0.75100515, -0.78542614, -0.67056502, ..., -0.79442592,
          0.        , -0.09612918],
        [-0.6840534 , -0.72228905, -0.59614604, ..., -0.73236171,
          0.09612918,  0.        ]],

       [[ 0.        ,  0.02650324,  0.05284538, ..., -0.9782278 ,
         -0.86528444, -0.56061638],
        [-0.02650324,  0.        ,  0.02636061, ..., -0.97238385,
         -0.85169491, -0.53847277],
        [-0.05284538, -0.02636061,  0.        , ..., -0.96589372,
         -0.83758499, -0.51607307],
        ...,
        [ 0.9782278 ,  0.97238385,  0.96589372, ...,  0.        ,
         -0.31079124, -0.69369964],
        [ 0.86528444,  0.85169491,  0.83758499, ...,  0.31079124,
          0.        , -0.43549452],
        [ 0.56061638,  0.53847277,  0.51607307, ...,  0.69369964,
          0.43549452,  0.        ]],

       [[ 0.        ,  0.00636797,  0.02057971, ..., -0.75793883,
         -0.82586518, -0.85791104],
        [-0.00636797,  0.        ,  0.01421268, ..., -0.75376947,
         -0.82225774, -0.8546218 ],
        [-0.02057971, -0.01421268,  0.        , ..., -0.74435363,
         -0.81408604, -0.84715553],
        ...,
        [ 0.75793883,  0.75376947,  0.74435363, ...,  0.        ,
          0.11135586,  0.17020973],
        [ 0.82586518,  0.82225774,  0.81408604, ..., -0.11135586,
          0.        ,  0.05942018],
        [ 0.85791104,  0.8546218 ,  0.84715553, ..., -0.17020973,
         -0.05942018,  0.        ]]]), 'num': array([9.54194863e-01, 2.06051343e-01, 1.66254115e-04, 1.51043124e-08,
       9.26608272e-05, 9.57495215e-05, 8.83366553e-05, 2.16921447e-01,
       3.08869424e-06, 8.88102551e-05, 8.02597199e-05, 1.14810197e-04,
       1.80664768e-06, 9.48040083e-05, 6.57154314e-05])}
{'img': array([[[ 0.        ,  0.09639228, -0.13993813, ..., -0.91267336,
         -0.94197735, -0.96471425],
        [-0.09639228,  0.        , -0.2347303 , ..., -0.86902889,
         -0.90523434, -0.93484198],
        [ 0.13993813,  0.2347303 ,  0.        , ..., -0.96088417,
         -0.97968246, -0.99206729],
        ...,
        [ 0.91267336,  0.86902889,  0.96088417, ...,  0.        ,
          0.07861356,  0.15396279],
        [ 0.94197735,  0.90523434,  0.97968246, ..., -0.07861356,
          0.        ,  0.07581007],
        [ 0.96471425,  0.93484198,  0.99206729, ..., -0.15396279,
         -0.07581007,  0.        ]],

       [[ 0.        ,  0.05534177, -0.11014887, ...,  0.45415161,
          0.59431366,  0.89624483],
        [-0.05534177,  0.        , -0.16498508, ...,  0.40415028,
          0.54889516,  0.87032393],
        [ 0.11014887,  0.16498508,  0.        , ...,  0.54952246,
          0.67928271,  0.93964887],
        ...,
        [-0.45415161, -0.40415028, -0.54952246, ...,  0.        ,
          0.16424468,  0.59704305],
        [-0.59431366, -0.54889516, -0.67928271, ..., -0.16424468,
          0.        ,  0.45717639],
        [-0.89624483, -0.87032393, -0.93964887, ..., -0.59704305,
         -0.45717639,  0.        ]],

       [[ 0.        , -0.08909795, -0.17766252, ..., -0.77568435,
         -0.79902894, -0.83081423],
        [ 0.08909795,  0.        , -0.0892754 , ..., -0.82883095,
         -0.84942504, -0.87709742],
        [ 0.17766252,  0.0892754 ,  0.        , ..., -0.87547091,
         -0.89314472, -0.91647524],
        ...,
        [ 0.77568435,  0.82883095,  0.87547091, ...,  0.        ,
          0.03787075,  0.09263735],
        [ 0.79902894,  0.84942504,  0.89314472, ..., -0.03787075,
          0.        ,  0.05486299],
        [ 0.83081423,  0.87709742,  0.91647524, ..., -0.09263735,
         -0.05486299,  0.        ]],

       ...,

       [[ 0.        ,  0.10196232, -0.09915248, ...,  0.327187  ,
          0.32299066,  0.96192998],
        [-0.10196232,  0.        , -0.2000956 , ...,  0.22913151,
          0.22480995,  0.92905075],
        [ 0.09915248,  0.2000956 ,  0.        , ...,  0.4192698 ,
          0.41523716,  0.98428781],
        ...,
        [-0.327187  , -0.22913151, -0.4192698 , ...,  0.        ,
         -0.00443736,  0.81956607],
        [-0.32299066, -0.22480995, -0.41523716, ...,  0.00443736,
          0.        ,  0.82210054],
        [-0.96192998, -0.92905075, -0.98428781, ..., -0.81956607,
         -0.82210054,  0.        ]],

       [[ 0.        ,  0.02636061,  0.04065558, ..., -0.85169491,
         -0.53847277, -0.68977399],
        [-0.02636061,  0.        ,  0.01430264, ..., -0.83758499,
         -0.51607307, -0.67044856],
        [-0.04065558, -0.01430264,  0.        , ..., -0.82968568,
         -0.50376943, -0.65976805],
        ...,
        [ 0.85169491,  0.83758499,  0.82968568, ...,  0.        ,
         -0.43549452, -0.25518045],
        [ 0.53847277,  0.51607307,  0.50376943, ...,  0.43549452,
          0.        ,  0.19136555],
        [ 0.68977399,  0.67044856,  0.65976805, ...,  0.25518045,
         -0.19136555,  0.        ]],

       [[ 0.        ,  0.01421268,  0.03403257, ..., -0.82225774,
         -0.8546218 , -0.849892  ],
        [-0.01421268,  0.        ,  0.01982469, ..., -0.81408604,
         -0.84715553, -0.84231669],
        [-0.03403257, -0.01982469,  0.        , ..., -0.80241298,
         -0.83645529, -0.83146598],
        ...,
        [ 0.82225774,  0.81408604,  0.80241298, ...,  0.        ,
          0.05942018,  0.05039213],
        [ 0.8546218 ,  0.84715553,  0.83645529, ..., -0.05942018,
          0.        , -0.0090416 ],
        [ 0.849892  ,  0.84231669,  0.83146598, ..., -0.05039213,
          0.0090416 ,  0.        ]]]), 'num': array([ 9.69285037e-01,  1.97203792e-01,  1.80392814e-04,  7.48260712e-08,
        9.31902529e-05,  9.79804061e-05,  9.31902529e-05,  1.46959439e-01,
       -4.79015319e-06,  9.41047367e-05,  8.50469925e-05,  1.20269134e-04,
        1.63604775e-06,  1.00724099e-04,  6.93698856e-05])}
{'img': array([[[ 0.        , -0.2347303 , -0.35515371, ..., -0.90523434,
         -0.93484198, -0.88920513],
        [ 0.2347303 ,  0.        , -0.12580316, ..., -0.97968246,
         -0.99206729, -0.97175238],
        [ 0.35515371,  0.12580316,  0.        , ..., -0.99712954,
         -1.        , -0.99372192],
        ...,
        [ 0.90523434,  0.97968246,  0.99712954, ...,  0.        ,
          0.07581007, -0.03631807],
        [ 0.93484198,  0.99206729,  1.        , ..., -0.07581007,
          0.        , -0.11197362],
        [ 0.88920513,  0.97175238,  0.99372192, ...,  0.03631807,
          0.11197362,  0.        ]],

       [[ 0.        , -0.16498508, -0.26381722, ...,  0.54889516,
          0.87032393,  0.56471468],
        [ 0.16498508,  0.        , -0.10106178, ...,  0.67928271,
          0.93964887,  0.69313577],
        [ 0.26381722,  0.10106178,  0.        , ...,  0.74997178,
          0.96941532,  0.76243307],
        ...,
        [-0.54889516, -0.67928271, -0.74997178, ...,  0.        ,
          0.45717639,  0.01904442],
        [-0.87032393, -0.93964887, -0.96941532, ..., -0.45717639,
          0.        , -0.44015583],
        [-0.56471468, -0.69313577, -0.76243307, ..., -0.01904442,
          0.44015583,  0.        ]],

       [[ 0.        , -0.15416683, -0.22612999, ..., -0.79962616,
         -0.83140545, -0.83438434],
        [ 0.15416683,  0.        , -0.0732531 , ..., -0.88264338,
         -0.90713116, -0.90938328],
        [ 0.22612999,  0.0732531 ,  0.        , ..., -0.91470418,
         -0.93552247, -0.93741042],
        ...,
        [ 0.79962616,  0.88264338,  0.91470418, ...,  0.        ,
          0.05493215,  0.06030584],
        [ 0.83140545,  0.90713116,  0.93552247, ..., -0.05493215,
          0.        ,  0.00538262],
        [ 0.83438434,  0.90938328,  0.93741042, ..., -0.06030584,
         -0.00538262,  0.        ]],

       ...,

       [[ 0.        , -0.2000956 , -0.35491189, ...,  0.22480995,
          0.92905075,  0.34977565],
        [ 0.2000956 ,  0.        , -0.16066496, ...,  0.41523716,
          0.98428781,  0.53015819],
        [ 0.35491189,  0.16066496,  0.        , ...,  0.55600185,
          0.99986979,  0.65949852],
        ...,
        [-0.22480995, -0.41523716, -0.55600185, ...,  0.        ,
          0.82210054,  0.13021282],
        [-0.92905075, -0.98428781, -0.99986979, ..., -0.82210054,
          0.        , -0.74096555],
        [-0.34977565, -0.53015819, -0.65949852, ..., -0.13021282,
          0.74096555,  0.        ]],

       [[ 0.        ,  0.01430264,  0.01686392, ..., -0.51607307,
         -0.67044856, -0.71511997],
        [-0.01430264,  0.        ,  0.00256159, ..., -0.50376943,
         -0.65976805, -0.70504925],
        [-0.01686392, -0.00256159,  0.        , ..., -0.50155498,
         -0.65784093, -0.70323037],
        ...,
        [ 0.51607307,  0.50376943,  0.50155498, ...,  0.        ,
          0.19136555,  0.25179615],
        [ 0.67044856,  0.65976805,  0.65784093, ..., -0.19136555,
          0.        ,  0.06194286],
        [ 0.71511997,  0.70504925,  0.70323037, ..., -0.25179615,
         -0.06194286,  0.        ]],

       [[ 0.        ,  0.01982469,  0.06674569, ..., -0.84715553,
         -0.84231669, -0.84053813],
        [-0.01982469,  0.        ,  0.0469521 , ..., -0.83645529,
         -0.83146598, -0.82963287],
        [-0.06674569, -0.0469521 ,  0.        , ..., -0.8098014 ,
         -0.80446355, -0.80250411],
        ...,
        [ 0.84715553,  0.83645529,  0.8098014 , ...,  0.        ,
         -0.0090416 , -0.0123328 ],
        [ 0.84231669,  0.83146598,  0.80446355, ...,  0.0090416 ,
          0.        , -0.00329138],
        [ 0.84053813,  0.82963287,  0.80250411, ...,  0.0123328 ,
          0.00329138,  0.        ]]]), 'num': array([ 8.90971656e-01,  4.38045981e-01,  1.02937653e-04, -1.34302417e-08,
        8.68838816e-05,  8.75750034e-05,  8.47117846e-05,  1.19520528e-01,
        2.36956041e-06,  8.58175794e-05,  7.74155132e-05,  1.08081574e-04,
        1.36441702e-06,  9.21666875e-05,  6.26643388e-05])}
{'img': array([[[ 0.        , -0.27227457, -0.16773365, ..., -0.9382615 ,
         -0.89311777, -0.91947336],
        [ 0.27227457,  0.        ,  0.10702047, ..., -0.99700068,
         -0.98185076, -0.99178067],
        [ 0.16773365, -0.10702047,  0.        , ..., -0.98299211,
         -0.95591483, -0.97239146],
        ...,
        [ 0.9382615 ,  0.99700068,  0.98299211, ...,  0.        ,
         -0.11309814, -0.05080919],
        [ 0.89311777,  0.98185076,  0.95591483, ...,  0.11309814,
          0.        ,  0.06246887],
