state_0,state_1,state_2,state_3,state_4,state_5,state_6,state_7,state_8,state_9,state_10,state_11,state_12,state_13,state_14,state_15,state_16,state_17,state_18,state_19,state_20,state_21,state_22,state_23,state_24,state_25,state_26,state_27,state_28,state_29,state_30,state_31,state_32,state_33,state_34,state_35,state_36,state_37,state_38,state_39,state_40,state_41,state_42,state_43,state_44,state_45,state_46,state_47,state_48,state_49,state_50,state_51,state_52,state_53,state_54,state_55,state_56,state_57,state_58,state_59,state_60,state_61,state_62,state_63,state_64,state_65,state_66,state_67,state_68,state_69,state_70,state_71,state_72,state_73,state_74,state_75,state_76,state_77,state_78,state_79,state_80,state_81,state_82,state_83,state_84,state_85,state_86,state_87,state_88,state_89,state_90,state_91,state_92,state_93,state_94,state_95,state_96,state_97,state_98,state_99,state_100,state_101,state_102,state_103,state_104,state_105,state_106,state_107,state_108,state_109,state_110,state_111,state_112,state_113,state_114,state_115,state_116,state_117,state_118,state_119,state_120,state_121,state_122,state_123,state_124,state_125,state_126,state_127,state_128,state_129,state_130,state_131,state_132,state_133,state_134,state_135,state_136,state_137,state_138,state_139,state_140,state_141,state_142,state_143,state_144,state_145,state_146,state_147,state_148,state_149,state_150,state_151,state_152,state_153,state_154,state_155,state_156,state_157,state_158,state_159,state_160,state_161,state_162,state_163,state_164,state_165,state_166,state_167,state_168,state_169,state_170,state_171,state_172,state_173,state_174,state_175,state_176,state_177,state_178,state_179,state_180,state_181,state_182,state_183,state_184,state_185,state_186,state_187,state_188,state_189,state_190,state_191,state_192,state_193,state_194,state_195,state_196,state_197,state_198,state_199,state_200,state_201,state_202,state_203,state_204,state_205,state_206,state_207,state_208,state_209,state_210,state_211,state_212,state_213,state_214,state_215,state_216,state_217,state_218,state_219,state_220,state_221,state_222,state_223,state_224,state_225,state_226,state_227,state_228,state_229,state_230,state_231,state_232,state_233,state_234,state_235,state_236,state_237,state_238,state_239,state_240,state_241,state_242,state_243,state_244,state_245,state_246,state_247,state_248,state_249,state_250,state_251,state_252,state_253,state_254,state_255,state_256,state_257,state_258,state_259,state_260,state_261,state_262,state_263,state_264,state_265,state_266,state_267,state_268,state_269,state_270,state_271,state_272,state_273,state_274,state_275,state_276,state_277,state_278,state_279,state_280,state_281,state_282,state_283,state_284,state_285,state_286,state_287
{'img': array([[[ 0.        , -0.05771271, -0.14251429, ...,  0.99950392,
          0.98061396,  0.97685569],
        [ 0.05771271,  0.        , -0.08515312, ...,  0.99602033,
          0.96767071,  0.96288279],
        [ 0.14251429,  0.08515312,  0.        , ...,  0.98481328,
          0.94267895,  0.93640096],
        ...,
        [-0.99950392, -0.99602033, -0.98481328, ...,  0.        ,
          0.16496832,  0.18302752],
        [-0.98061396, -0.96767071, -0.94267895, ..., -0.16496832,
          0.        ,  0.0183382 ],
        [-0.97685569, -0.96288279, -0.93640096, ..., -0.18302752,
         -0.0183382 ,  0.        ]],

       [[ 0.        ,  0.44333129,  0.24363123, ...,  0.97499913,
          0.95114808,  0.72385932],
        [-0.44333129,  0.        , -0.21159204, ...,  0.77543605,
          0.71569713,  0.34296162],
        [-0.24363123,  0.21159204,  0.        , ...,  0.89148343,
          0.84727054,  0.53395517],
        ...,
        [-0.97499913, -0.77543605, -0.89148343, ...,  0.        ,
         -0.08966304, -0.51185048],
        [-0.95114808, -0.71569713, -0.84727054, ...,  0.08966304,
          0.        , -0.43276159],
        [-0.72385932, -0.34296162, -0.53395517, ...,  0.51185048,
          0.43276159,  0.        ]],

       [[ 0.        , -0.02553948, -0.07229087, ...,  0.83843511,
          0.88873529,  0.91468048],
        [ 0.02553948,  0.        , -0.04679462, ...,  0.82424257,
          0.87673757,  0.90405964],
        [ 0.07229087,  0.04679462,  0.        , ...,  0.7968428 ,
          0.85327036,  0.88306895],
        ...,
        [-0.83843511, -0.82424257, -0.7968428 , ...,  0.        ,
         -0.10000595, -0.1596254 ],
        [-0.88873529, -0.87673757, -0.85327036, ...,  0.10000595,
          0.        , -0.06010153],
        [-0.91468048, -0.90405964, -0.88306895, ...,  0.1596254 ,
          0.06010153,  0.        ]],

       ...,

       [[ 0.        , -0.23816543, -0.62583586, ...,  0.07896997,
          0.13291457,  0.18114521],
        [ 0.23816543,  0.        , -0.42206891, ...,  0.31411922,
          0.36514221,  0.410158  ],
        [ 0.62583586,  0.42206891,  0.        , ...,  0.68547437,
          0.72395049,  0.75676733],
        ...,
        [-0.07896997, -0.31411922, -0.68547437, ...,  0.        ,
          0.05423017,  0.10291598],
        [-0.13291457, -0.36514221, -0.72395049, ..., -0.05423017,
          0.        ,  0.04882232],
        [-0.18114521, -0.410158  , -0.75676733, ..., -0.10291598,
         -0.04882232,  0.        ]],

       [[ 0.        ,  0.0040145 , -0.06284206, ...,  0.30774843,
          0.20320538,  0.120491  ],
        [-0.0040145 ,  0.        , -0.06684812, ...,  0.31156562,
          0.20713449,  0.12447528],
        [ 0.06284206,  0.06684812,  0.        , ...,  0.24734796,
          0.14127281,  0.05786863],
        ...,
        [-0.30774843, -0.31156562, -0.24734796, ...,  0.        ,
          0.10798424,  0.190863  ],
        [-0.20320538, -0.20713449, -0.14127281, ..., -0.10798424,
          0.        ,  0.08374782],
        [-0.120491  , -0.12447528, -0.05786863, ..., -0.190863  ,
         -0.08374782,  0.        ]],

       [[ 0.        ,  0.01867359,  0.05472462, ...,  0.9996477 ,
          0.98248028,  0.71812209],
        [-0.01867359,  0.        ,  0.03606947, ...,  0.99897777,
          0.9857891 ,  0.73099214],
        [-0.05472462, -0.03606947,  0.        , ...,  0.99669722,
          0.99120686,  0.75512978],
        ...,
        [-0.9996477 , -0.99897777, -0.99669722, ...,  0.        ,
          0.21237778,  0.71473226],
        [-0.98248028, -0.9857891 , -0.99120686, ..., -0.21237778,
          0.        ,  0.5498909 ],
        [-0.71812209, -0.73099214, -0.75512978, ..., -0.71473226,
         -0.5498909 ,  0.        ]]]), 'num': array([6.01108504e-01, 6.01108504e-01, 0.00000000e+00, 0.00000000e+00,
       1.83244496e-03, 1.84284476e-03, 1.79916559e-03, 5.26604558e-01,
       1.87196420e-05, 1.81081337e-03, 1.74623061e-03, 1.50048330e-03,
       1.36815161e-06, 1.97139905e-03, 1.52106216e-03])}
{'img': array([[[ 0.00000000e+00, -8.51531224e-02, -1.97826435e-01, ...,
          9.67670713e-01,  9.62882786e-01,  9.35281320e-01],
        [ 8.51531224e-02,  0.00000000e+00, -1.13637658e-01, ...,
          9.42678953e-01,  9.36400957e-01,  9.01748135e-01],
        [ 1.97826435e-01,  1.13637658e-01,  0.00000000e+00, ...,
          8.98651518e-01,  8.90456108e-01,  8.46785622e-01],
        ...,
        [-9.67670713e-01, -9.42678953e-01, -8.98651518e-01, ...,
          0.00000000e+00,  1.83381985e-02,  1.06569841e-01],
        [-9.62882786e-01, -9.36400957e-01, -8.90456108e-01, ...,
         -1.83381985e-02,  0.00000000e+00,  8.83181538e-02],
        [-9.35281320e-01, -9.01748135e-01, -8.46785622e-01, ...,
         -1.06569841e-01, -8.83181538e-02,  0.00000000e+00]],

       [[ 0.00000000e+00, -2.70473481e-01,  2.68140826e-01, ...,
          7.37989759e-01,  3.63736363e-01,  3.67422182e-01],
        [ 2.70473481e-01,  0.00000000e+00,  5.18715195e-01, ...,
          8.93001707e-01,  6.02125544e-01,  6.05282426e-01],
        [-2.68140826e-01, -5.18715195e-01,  0.00000000e+00, ...,
          5.30019749e-01,  1.00642540e-01,  1.04581561e-01],
        ...,
        [-7.37989759e-01, -8.93001707e-01, -5.30019749e-01, ...,
          0.00000000e+00, -4.41985259e-01, -4.38429660e-01],
        [-3.63736363e-01, -6.02125544e-01, -1.00642540e-01, ...,
          4.41985259e-01,  0.00000000e+00,  3.95991664e-03],
        [-3.67422182e-01, -6.05282426e-01, -1.04581561e-01, ...,
          4.38429660e-01, -3.95991664e-03,  0.00000000e+00]],

       [[ 0.00000000e+00, -4.67946238e-02, -1.00620099e-01, ...,
          8.76737565e-01,  9.04059638e-01,  9.18740440e-01],
        [ 4.67946238e-02,  0.00000000e+00, -5.39527353e-02, ...,
          8.53270360e-01,  8.83068950e-01,  8.99256569e-01],
        [ 1.00620099e-01,  5.39527353e-02,  0.00000000e+00, ...,
          8.23892897e-01,  8.56465795e-01,  8.74346704e-01],
        ...,
        [-8.76737565e-01, -8.53270360e-01, -8.23892897e-01, ...,
          0.00000000e+00, -6.01015334e-02, -9.56953764e-02],
        [-9.04059638e-01, -8.83068950e-01, -8.56465795e-01, ...,
          6.01015334e-02,  0.00000000e+00, -3.56966774e-02],
        [-9.18740440e-01, -8.99256569e-01, -8.74346704e-01, ...,
          9.56953764e-02,  3.56966774e-02,  0.00000000e+00]],

       ...,

       [[ 0.00000000e+00, -4.22068911e-01, -5.60916221e-01, ...,
          3.65142212e-01,  4.10157998e-01,  3.27036839e-01],
        [ 4.22068911e-01,  0.00000000e+00, -1.59087039e-01, ...,
          7.23950485e-01,  7.56767332e-01,  6.95339756e-01],
        [ 5.60916221e-01,  1.59087039e-01,  0.00000000e+00, ...,
          8.24477160e-01,  8.51122273e-01,  8.00817158e-01],
        ...,
        [-3.65142212e-01, -7.23950485e-01, -8.24477160e-01, ...,
          0.00000000e+00,  4.88223216e-02, -4.06081042e-02],
        [-4.10157998e-01, -7.56767332e-01, -8.51122273e-01, ...,
         -4.88223216e-02,  0.00000000e+00, -8.93417287e-02],
        [-3.27036839e-01, -6.95339756e-01, -8.00817158e-01, ...,
          4.06081042e-02,  8.93417287e-02,  0.00000000e+00]],

       [[ 0.00000000e+00, -6.68481224e-02, -1.24475282e-01, ...,
          2.07134487e-01,  1.24475282e-01,  2.07488578e-01],
        [ 6.68481224e-02,  0.00000000e+00, -5.78686256e-02, ...,
          1.41272808e-01,  5.78686256e-02,  1.41631123e-01],
        [ 1.24475282e-01,  5.78686256e-02,  0.00000000e+00, ...,
          8.37478204e-02,  0.00000000e+00,  8.41084976e-02],
        ...,
        [-2.07134487e-01, -1.41272808e-01, -8.37478204e-02, ...,
          0.00000000e+00,  8.37478204e-02, -3.61954215e-04],
        [-1.24475282e-01, -5.78686256e-02, -0.00000000e+00, ...,
         -8.37478204e-02,  0.00000000e+00, -8.41084976e-02],
        [-2.07488578e-01, -1.41631123e-01, -8.41084976e-02, ...,
          3.61954215e-04,  8.41084976e-02,  0.00000000e+00]],

       [[ 0.00000000e+00,  3.41785549e-02,  4.14179836e-02, ...,
          9.99242450e-01,  9.81696215e-01,  7.04278480e-01],
        [-3.41785549e-02,  0.00000000e+00,  7.24455829e-03, ...,
          9.97328510e-01,  9.87632078e-01,  7.28131170e-01],
        [-4.14179836e-02, -7.24455829e-03,  0.00000000e+00, ...,
          9.96773146e-01,  9.88742029e-01,  7.33077757e-01],
        ...,
        [-9.99242450e-01, -9.97328510e-01, -9.96773146e-01, ...,
          0.00000000e+00,  2.28513833e-01,  7.36794364e-01],
        [-9.81696215e-01, -9.87632078e-01, -9.88742029e-01, ...,
         -2.28513833e-01,  0.00000000e+00,  5.62797211e-01],
        [-7.04278480e-01, -7.28131170e-01, -7.33077757e-01, ...,
         -7.36794364e-01, -5.62797211e-01,  0.00000000e+00]]]), 'num': array([ 6.22278951e-01,  4.08105227e-01,  2.46743922e-06, -1.06798043e-10,
        1.87871688e-03,  1.94148507e-03,  1.87871688e-03,  6.67976077e-01,
       -2.81374648e-05,  1.87914977e-03,  1.83283117e-03,  1.57115275e-03,
        1.27085233e-06,  2.03764344e-03,  1.62801890e-03])}
{'img': array([[[ 0.        , -0.11363766, -0.50950936, ...,  0.93640096,
          0.90174813,  0.94851516],
        [ 0.11363766,  0.        , -0.40842765, ...,  0.89045611,
          0.84678562,  0.90637828],
        [ 0.50950936,  0.40842765,  0.        , ...,  0.62693724,
          0.55568136,  0.65478643],
        ...,
        [-0.93640096, -0.89045611, -0.62693724, ...,  0.        ,
          0.08831815, -0.0362764 ],
        [-0.90174813, -0.84678562, -0.55568136, ..., -0.08831815,
          0.        , -0.12439467],
        [-0.94851516, -0.90637828, -0.65478643, ...,  0.0362764 ,
          0.12439467,  0.        ]],

       [[ 0.        ,  0.5187152 ,  0.64979367, ...,  0.60212554,
          0.60528243,  0.74372085],
        [-0.5187152 ,  0.        ,  0.16125827, ...,  0.10064254,
          0.10458156,  0.2890859 ],
        [-0.64979367, -0.16125827,  0.        , ..., -0.06111415,
         -0.05716116,  0.13092936],
        ...,
        [-0.60212554, -0.10064254,  0.06111415, ...,  0.        ,
          0.00395992,  0.19127269],
        [-0.60528243, -0.10458156,  0.05716116, ..., -0.00395992,
          0.        ,  0.18738439],
        [-0.74372085, -0.2890859 , -0.13092936, ..., -0.19127269,
         -0.18738439,  0.        ]],

       [[ 0.        , -0.05395274, -0.16988269, ...,  0.88306895,
          0.89925657,  0.91016848],
        [ 0.05395274,  0.        , -0.11646676, ...,  0.8564658 ,
          0.8743467 ,  0.88649352],
        [ 0.16988269,  0.11646676,  0.        , ...,  0.79051661,
          0.81187489,  0.82656662],
        ...,
        [-0.88306895, -0.8564658 , -0.79051661, ...,  0.        ,
         -0.03569668, -0.06128946],
        [-0.89925657, -0.8743467 , -0.81187489, ...,  0.03569668,
          0.        , -0.02562083],
        [-0.91016848, -0.88649352, -0.82656662, ...,  0.06128946,
          0.02562083,  0.        ]],

       ...,

       [[ 0.        , -0.15908704, -0.89133501, ...,  0.75676733,
          0.69533976,  0.50544345],
        [ 0.15908704,  0.        , -0.80786211, ...,  0.85112227,
          0.80081716,  0.63627621],
        [ 0.89133501,  0.80786211,  0.        , ...,  0.9257286 ,
          0.95581465,  0.99823747],
        ...,
        [-0.75676733, -0.85112227, -0.9257286 , ...,  0.        ,
         -0.08934173, -0.32258359],
        [-0.69533976, -0.80081716, -0.95581465, ...,  0.08934173,
          0.        , -0.23672798],
        [-0.50544345, -0.63627621, -0.99823747, ...,  0.32258359,
          0.23672798,  0.        ]],

       [[ 0.        , -0.05786863,  0.1282317 , ...,  0.05786863,
          0.14163112,  0.34130735],
        [ 0.05786863,  0.        ,  0.18540769, ...,  0.        ,
          0.0841085 ,  0.28634167],
        [-0.1282317 , -0.18540769,  0.        , ...,  0.18540769,
          0.26740091,  0.45902121],
        ...,
        [-0.05786863, -0.        , -0.18540769, ...,  0.        ,
         -0.0841085 , -0.28634167],
        [-0.14163112, -0.0841085 , -0.26740091, ...,  0.0841085 ,
          0.        , -0.20474038],
        [-0.34130735, -0.28634167, -0.45902121, ...,  0.28634167,
          0.20474038,  0.        ]],

       [[ 0.        ,  0.00679372, -0.05882477, ...,  0.99692291,
          0.98936161,  0.69606619],
        [-0.00679372,  0.        , -0.06560536, ...,  0.99636736,
          0.99032711,  0.70092786],
        [ 0.05882477,  0.06560536,  0.        , ...,  0.99980773,
          0.97909069,  0.65262596],
        ...,
        [-0.99692291, -0.99636736, -0.99980773, ...,  0.        ,
          0.2225838 ,  0.77033172],
        [-0.98936161, -0.99032711, -0.97909069, ..., -0.2225838 ,
          0.        ,  0.60907776],
        [-0.69606619, -0.70092786, -0.65262596, ..., -0.77033172,
         -0.60907776,  0.        ]]]), 'num': array([ 6.98430730e-01,  2.96947736e-01,  4.49086123e-06, -1.24428563e-08,
        2.13554784e-03,  2.14749162e-03,  2.06149640e-03,  6.51139859e-01,
        6.21076553e-05,  2.09493899e-03,  2.04131142e-03,  1.74610099e-03,
        1.47391326e-06,  2.23880520e-03,  1.84381763e-03])}
{'img': array([[[ 0.        , -0.40842765, -0.11428869, ...,  0.84678562,
          0.90637828,  0.75488421],
        [ 0.40842765,  0.        ,  0.3014298 , ...,  0.55568136,
          0.65478643,  0.4211807 ],
        [ 0.11428869, -0.3014298 ,  0.        , ...,  0.78044305,
          0.8521561 ,  0.67498072],
        ...,
        [-0.84678562, -0.55568136, -0.78044305, ...,  0.        ,
         -0.12439467,  0.15382239],
        [-0.90637828, -0.65478643, -0.8521561 , ...,  0.12439467,
          0.        ,  0.27554181],
        [-0.75488421, -0.4211807 , -0.67498072, ..., -0.15382239,
         -0.27554181,  0.        ]],

       [[ 0.        ,  0.16125827, -0.09468503, ...,  0.10458156,
          0.2890859 ,  0.17330939],
        [-0.16125827,  0.        , -0.2539796 , ..., -0.05716116,
          0.13092936,  0.01222313],
        [ 0.09468503,  0.2539796 ,  0.        , ...,  0.19827751,
          0.3784294 ,  0.26578296],
        ...,
        [-0.10458156,  0.05716116, -0.19827751, ...,  0.        ,
          0.18738439,  0.06936004],
        [-0.2890859 , -0.13092936, -0.3784294 , ..., -0.18738439,
          0.        , -0.11880167],
        [-0.17330939, -0.01222313, -0.26578296, ..., -0.06936004,
          0.11880167,  0.        ]],

       [[ 0.        , -0.11646676, -0.25669358, ...,  0.8743467 ,
          0.88649352,  0.83635132],
        [ 0.11646676,  0.        , -0.14238238, ...,  0.81187489,
          0.82656662,  0.76681325],
        [ 0.25669358,  0.14238238,  0.        , ...,  0.72047597,
          0.73800699,  0.66760973],
        ...,
        [-0.8743467 , -0.81187489, -0.72047597, ...,  0.        ,
         -0.02562083,  0.07342866],
        [-0.88649352, -0.82656662, -0.73800699, ...,  0.02562083,
          0.        ,  0.09895622],
        [-0.83635132, -0.76681325, -0.66760973, ..., -0.07342866,
         -0.09895622,  0.        ]],

       ...,

       [[ 0.        , -0.80786211, -0.49970287, ...,  0.80081716,
          0.63627621,  0.71001476],
        [ 0.80786211,  0.        ,  0.40525699, ...,  0.95581465,
          0.99823747,  0.98734832],
        [ 0.49970287, -0.40525699,  0.        , ...,  0.99294183,
          0.93664191,  0.96689673],
        ...,
        [-0.80081716, -0.95581465, -0.99294183, ...,  0.        ,
         -0.23672798, -0.13869071],
        [-0.63627621, -0.99823747, -0.93664191, ...,  0.23672798,
          0.        ,  0.09969163],
        [-0.71001476, -0.98734832, -0.96689673, ...,  0.13869071,
         -0.09969163,  0.        ]],

       [[ 0.        ,  0.18540769,  0.21235809, ...,  0.0841085 ,
          0.28634167,  0.36016169],
        [-0.18540769,  0.        ,  0.02749727, ...,  0.26740091,
          0.45902121,  0.52688205],
        [-0.21235809, -0.02749727,  0.        , ...,  0.29379577,
          0.48327691,  0.55005381],
        ...,
        [-0.0841085 , -0.26740091, -0.29379577, ...,  0.        ,
         -0.20474038, -0.28042153],
        [-0.28634167, -0.45902121, -0.48327691, ...,  0.20474038,
          0.        , -0.0779556 ],
        [-0.36016169, -0.52688205, -0.55005381, ...,  0.28042153,
          0.0779556 ,  0.        ]],

       [[ 0.        , -0.06220518, -0.08716303, ...,  0.99857805,
          0.97466666,  0.67399826],
        [ 0.06220518,  0.        , -0.0250258 , ...,  0.9999603 ,
          0.95886613,  0.62673997],
        [ 0.08716303,  0.0250258 ,  0.        , ...,  0.99942412,
          0.95146203,  0.60704286],
        ...,
        [-0.99857805, -0.9999603 , -0.99942412, ...,  0.        ,
          0.27530318,  0.77361282],
        [-0.97466666, -0.95886613, -0.95146203, ..., -0.27530318,
          0.        ,  0.56927023],
        [-0.67399826, -0.62673997, -0.60704286, ..., -0.77361282,
         -0.56927023,  0.        ]]]), 'num': array([ 6.41915789e-01,  1.82679450e-01,  5.29684359e-06,  2.62227308e-08,
        1.94591669e-03,  2.00202732e-03,  1.94142784e-03,  7.44676418e-01,
       -6.05994818e-05,  1.96701429e-03,  1.92796129e-03,  1.65129847e-03,
        1.32833331e-06,  2.09614649e-03,  1.75977610e-03])}
{'img': array([[[ 0.        ,  0.3014298 ,  0.48934013, ...,  0.65478643,
          0.4211807 ,  0.66143783],
        [-0.3014298 ,  0.        ,  0.20370529, ...,  0.8521561 ,
          0.67498072,  0.85674563],
        [-0.48934013, -0.20370529,  0.        , ...,  0.94088477,
          0.81112887,  0.94384041],
        ...,
        [-0.65478643, -0.8521561 , -0.94088477, ...,  0.        ,
          0.27554181, -0.00883412],
        [-0.4211807 , -0.67498072, -0.81112887, ..., -0.27554181,
          0.        , -0.2840232 ],
        [-0.66143783, -0.85674563, -0.94384041, ...,  0.00883412,
          0.2840232 ,  0.        ]],

       [[ 0.        , -0.2539796 , -0.58889349, ...,  0.13092936,
          0.01222313,  0.20157652],
        [ 0.2539796 ,  0.        , -0.36431441, ...,  0.3784294 ,
          0.26578296,  0.44373284],
        [ 0.58889349,  0.36431441,  0.        , ...,  0.68964263,
          0.59872836,  0.73972143],
        ...,
        [-0.13092936, -0.3784294 , -0.68964263, ...,  0.        ,
         -0.11880167,  0.07159954],
        [-0.01222313, -0.26578296, -0.59872836, ...,  0.11880167,
          0.        ,  0.18958923],
        [-0.20157652, -0.44373284, -0.73972143, ..., -0.07159954,
         -0.18958923,  0.        ]],

       [[ 0.        , -0.14238238, -0.22296617, ...,  0.82656662,
          0.76681325,  0.77145586],
        [ 0.14238238,  0.        , -0.08189645, ...,  0.73800699,
          0.66760973,  0.67300059],
        [ 0.22296617,  0.08189645,  0.        , ...,  0.68026475,
          0.60439428,  0.61016582],
        ...,
        [-0.82656662, -0.73800699, -0.68026475, ...,  0.        ,
          0.09895622,  0.0917248 ],
        [-0.76681325, -0.66760973, -0.60439428, ..., -0.09895622,
          0.        , -0.00726446],
        [-0.77145586, -0.67300059, -0.61016582, ..., -0.0917248 ,
          0.00726446,  0.        ]],

       ...,

       [[ 0.        ,  0.40525699,  0.8127811 , ...,  0.99823747,
          0.98734832,  0.99719129],
        [-0.40525699,  0.        ,  0.50695652, ...,  0.93664191,
          0.96689673,  0.94198753],
        [-0.8127811 , -0.50695652,  0.        , ...,  0.62977779,
          0.70407847,  0.64180766],
        ...,
        [-0.99823747, -0.93664191, -0.62977779, ...,  0.        ,
          0.09969163,  0.01558541],
        [-0.98734832, -0.96689673, -0.70407847, ..., -0.09969163,
          0.        , -0.08417175],
        [-0.99719129, -0.94198753, -0.64180766, ..., -0.01558541,
          0.08417175,  0.        ]],

       [[ 0.        ,  0.10490359,  0.10342258, ...,  0.28756408,
          0.36167815,  0.40940697],
        [-0.10490359,  0.        , -0.00148911, ...,  0.38645002,
          0.45748448,  0.502857  ],
        [-0.10342258,  0.00148911,  0.        , ...,  0.38507618,
          0.45615984,  0.50156931],
        ...,
        [-0.28756408, -0.38645002, -0.38507618, ...,  0.        ,
         -0.07830451, -0.12975456],
        [-0.36167815, -0.45748448, -0.45615984, ...,  0.07830451,
          0.        , -0.05171362],
        [-0.40940697, -0.502857  , -0.50156931, ...,  0.12975456,
          0.05171362,  0.        ]],

       [[ 0.        , -0.02428912, -0.02247885, ...,  0.98796167,
          0.89993343,  0.61214671],
        [ 0.02428912,  0.        ,  0.00181076, ...,  0.9839127 ,
          0.88907721,  0.59275964],
        [ 0.02247885, -0.00181076,  0.        , ...,  0.98423458,
          0.88990464,  0.59421701],
        ...,
        [-0.98796167, -0.9839127 , -0.98423458, ...,  0.        ,
          0.29155961,  0.68652658],
        [-0.89993343, -0.88907721, -0.88990464, ..., -0.29155961,
          0.        ,  0.44470446],
        [-0.61214671, -0.59275964, -0.59421701, ..., -0.68652658,
         -0.44470446,  0.        ]]]), 'num': array([ 7.26466286e-01,  1.08805065e-01,  7.21566847e-06, -2.66648933e-08,
        2.19808264e-03,  2.25200756e-03,  2.19808264e-03,  6.78505741e-01,
       -2.82463890e-05,  2.24224972e-03,  2.21464529e-03,  1.90166674e-03,
        1.42314775e-06,  2.38752478e-03,  2.04176580e-03])}
{'img': array([[[ 0.        ,  0.39965263,  0.35590062, ...,  0.42591771,
          0.66812659,  0.73453442],
        [-0.39965263,  0.        , -0.04724266, ...,  0.75201504,
          0.90980996,  0.94451607],
        [-0.35590062,  0.04724266,  0.        , ...,  0.72003556,
          0.88918721,  0.9279439 ],
        ...,
        [-0.42591771, -0.75201504, -0.72003556, ...,  0.        ,
         -0.28759243, -0.37556317],
        [-0.66812659, -0.90980996, -0.88918721, ...,  0.28759243,
          0.        , -0.09315697],
        [-0.73453442, -0.94451607, -0.9279439 , ...,  0.37556317,
          0.09315697,  0.        ]],

       [[ 0.        , -0.36431441,  0.05572253, ...,  0.26578296,
          0.44373284,  0.23738586],
        [ 0.36431441,  0.        ,  0.41564143, ...,  0.59872836,
          0.73972143,  0.5749724 ],
        [-0.05572253, -0.41564143,  0.        , ...,  0.21165166,
          0.39310716,  0.1828873 ],
        ...,
        [-0.26578296, -0.59872836, -0.21165166, ...,  0.        ,
          0.18958923, -0.02933789],
        [-0.44373284, -0.73972143, -0.39310716, ..., -0.18958923,
          0.        , -0.21831343],
        [-0.23738586, -0.5749724 , -0.1828873 , ...,  0.02933789,
          0.21831343,  0.        ]],

       [[ 0.        , -0.08189645, -0.1925011 , ...,  0.66760973,
          0.67300059,  0.70016289],
        [ 0.08189645,  0.        , -0.11148973, ...,  0.60439428,
          0.61016582,  0.63933824],
        [ 0.1925011 ,  0.11148973,  0.        , ...,  0.511804  ,
          0.51803141,  0.54962503],
        ...,
        [-0.66760973, -0.60439428, -0.511804  , ...,  0.        ,
         -0.00726446, -0.04461716],
        [-0.67300059, -0.61016582, -0.51803141, ...,  0.00726446,
          0.        , -0.03735876],
        [-0.70016289, -0.63933824, -0.54962503, ...,  0.04461716,
          0.03735876,  0.        ]],

       ...,

       [[ 0.        ,  0.75692468,  0.82489848, ...,  0.99267052,
          0.99944098,  0.99526952],
        [-0.75692468,  0.        ,  0.11119785, ...,  0.74018828,
          0.67844264,  0.57687371],
        [-0.82489848, -0.11119785,  0.        , ...,  0.66082844,
          0.59254325,  0.48246599],
        ...,
        [-0.99267052, -0.74018828, -0.66082844, ...,  0.        ,
         -0.08759721, -0.21672077],
        [-0.99944098, -0.67844264, -0.59254325, ...,  0.08759721,
          0.        , -0.13037235],
        [-0.99526952, -0.57687371, -0.48246599, ...,  0.21672077,
          0.13037235,  0.        ]],

       [[ 0.        , -0.00235257,  0.00814729, ...,  0.42380021,
          0.47011181,  0.52042945],
        [ 0.00235257,  0.        ,  0.01049976, ...,  0.42166818,
          0.46803412,  0.51841914],
        [-0.00814729, -0.01049976,  0.        , ...,  0.4311656 ,
          0.47728706,  0.52736919],
        ...,
        [-0.42380021, -0.42166818, -0.4311656 , ...,  0.        ,
         -0.05175748, -0.10949697],
        [-0.47011181, -0.46803412, -0.47728706, ...,  0.05175748,
          0.        , -0.05790394],
        [-0.52042945, -0.51841914, -0.52736919, ...,  0.10949697,
          0.05790394,  0.        ]],

       [[ 0.        ,  0.00176507, -0.00700906, ...,  0.94774469,
          0.86636701,  0.58062278],
        [-0.00176507,  0.        , -0.00877408, ...,  0.94830632,
          0.86724715,  0.58205895],
        [ 0.00700906,  0.00877408,  0.        , ...,  0.94548531,
          0.86284535,  0.57490193],
        ...,
        [-0.94774469, -0.94830632, -0.94548531, ...,  0.        ,
          0.19691426,  0.5863919 ],
        [-0.86636701, -0.86724715, -0.86284535, ..., -0.19691426,
          0.        ,  0.4154048 ],
        [-0.58062278, -0.58205895, -0.57490193, ..., -0.5863919 ,
         -0.4154048 ,  0.        ]]]), 'num': array([ 6.54363239e-01,  8.37909737e-02,  6.81687295e-06, -4.97300925e-08,
        1.97429850e-03,  2.01911531e-03,  1.96250460e-03,  7.51502641e-01,
       -4.48168118e-05,  2.03892906e-03,  2.04069814e-03,  1.75717284e-03,
        8.91596104e-07,  2.17763967e-03,  1.90375662e-03])}
