state_0,state_1,state_2,state_3,state_4,state_5,state_6,state_7,state_8,state_9,state_10,state_11,state_12,state_13,state_14,state_15,state_16,state_17,state_18,state_19,state_20,state_21,state_22,state_23,state_24,state_25,state_26,state_27,state_28,state_29,state_30,state_31,state_32,state_33,state_34,state_35,state_36,state_37,state_38,state_39,state_40,state_41,state_42,state_43,state_44,state_45,state_46,state_47,state_48,state_49,state_50,state_51,state_52,state_53,state_54,state_55,state_56,state_57,state_58,state_59,state_60,state_61,state_62,state_63,state_64,state_65,state_66,state_67,state_68,state_69,state_70,state_71,state_72,state_73,state_74,state_75,state_76,state_77,state_78,state_79,state_80,state_81,state_82,state_83,state_84,state_85,state_86,state_87,state_88,state_89,state_90,state_91,state_92,state_93,state_94,state_95,state_96,state_97,state_98,state_99,state_100,state_101,state_102,state_103,state_104,state_105,state_106,state_107,state_108,state_109,state_110,state_111,state_112,state_113,state_114,state_115,state_116,state_117,state_118,state_119,state_120,state_121,state_122,state_123,state_124,state_125,state_126,state_127,state_128,state_129,state_130,state_131,state_132,state_133,state_134,state_135,state_136,state_137,state_138,state_139,state_140,state_141,state_142,state_143,state_144,state_145,state_146,state_147,state_148,state_149,state_150,state_151,state_152,state_153,state_154,state_155,state_156,state_157,state_158,state_159,state_160,state_161,state_162,state_163,state_164,state_165,state_166,state_167,state_168,state_169,state_170,state_171,state_172,state_173,state_174,state_175,state_176,state_177,state_178,state_179,state_180,state_181,state_182,state_183,state_184,state_185,state_186,state_187,state_188,state_189,state_190,state_191,state_192,state_193,state_194,state_195,state_196,state_197,state_198,state_199,state_200,state_201,state_202,state_203,state_204,state_205,state_206,state_207,state_208,state_209,state_210,state_211,state_212,state_213,state_214,state_215,state_216,state_217,state_218,state_219,state_220,state_221,state_222,state_223,state_224,state_225,state_226,state_227,state_228,state_229,state_230,state_231,state_232,state_233,state_234,state_235,state_236,state_237,state_238,state_239,state_240,state_241,state_242,state_243,state_244,state_245,state_246,state_247,state_248,state_249,state_250,state_251,state_252,state_253,state_254,state_255,state_256,state_257,state_258,state_259,state_260,state_261,state_262,state_263,state_264,state_265,state_266,state_267,state_268,state_269,state_270,state_271,state_272,state_273,state_274,state_275,state_276,state_277,state_278,state_279,state_280,state_281,state_282,state_283,state_284,state_285,state_286,state_287
{'img': array([[[ 0.        ,  0.15986885, -0.09358111, ..., -0.9995407 ,
         -0.99071307, -0.93806866],
        [-0.15986885,  0.        , -0.25154479, ..., -0.98184005,
         -0.95623355, -0.870617  ],
        [ 0.09358111,  0.25154479,  0.        , ..., -0.99799035,
         -0.99908963, -0.96637322],
        ...,
        [ 0.9995407 ,  0.98184005,  0.99799035, ...,  0.        ,
         -0.10588317, -0.31786214],
        [ 0.99071307,  0.95623355,  0.99908963, ...,  0.10588317,
          0.        , -0.21568356],
        [ 0.93806866,  0.870617  ,  0.96637322, ...,  0.31786214,
          0.21568356,  0.        ]],

       [[ 0.        , -0.06502365,  0.1394675 , ..., -0.18998531,
         -0.15965656, -0.0108275 ],
        [ 0.06502365,  0.        ,  0.2035605 , ..., -0.12574389,
         -0.09512912,  0.05421525],
        [-0.1394675 , -0.2035605 ,  0.        , ..., -0.32505589,
         -0.29577468, -0.150181  ],
        ...,
        [ 0.18998531,  0.12574389,  0.32505589, ...,  0.        ,
          0.03079958,  0.17934388],
        [ 0.15965656,  0.09512912,  0.29577468, ..., -0.03079958,
          0.        ,  0.14895859],
        [ 0.0108275 , -0.05421525,  0.150181  , ..., -0.17934388,
         -0.14895859,  0.        ]],

       [[ 0.        , -0.44081501, -0.60134614, ..., -0.87143087,
         -0.8998707 , -0.87842725],
        [ 0.44081501,  0.        , -0.1875609 , ..., -0.99842243,
         -0.99998657, -0.99912948],
        [ 0.60134614,  0.1875609 ,  0.        , ..., -0.99123466,
         -0.98126764, -0.98922233],
        ...,
        [ 0.87143087,  0.99842243,  0.99123466, ...,  0.        ,
          0.0613226 ,  0.01444867],
        [ 0.8998707 ,  0.99998657,  0.98126764, ..., -0.0613226 ,
          0.        , -0.04689472],
        [ 0.87842725,  0.99912948,  0.98922233, ..., -0.01444867,
          0.04689472,  0.        ]],

       ...,

       [[ 0.        , -0.46784303, -0.48082286, ...,  0.99959993,
          0.81341465,  0.53085935],
        [ 0.46784303,  0.        , -0.01474373, ...,  0.89669036,
          0.99104222,  0.86565787],
        [ 0.48082286,  0.01474373,  0.        , ...,  0.89006646,
          0.99290351,  0.87294502],
        ...,
        [-0.99959993, -0.89669036, -0.89006646, ...,  0.        ,
         -0.55844514, -0.83210619],
        [-0.81341465, -0.99104222, -0.99290351, ...,  0.55844514,
          0.        , -0.38054378],
        [-0.53085935, -0.86565787, -0.87294502, ...,  0.83210619,
          0.38054378,  0.        ]],

       [[ 0.        ,  0.03685088,  0.07489665, ..., -0.9357537 ,
         -0.94624582, -0.94722683],
        [-0.03685088,  0.        ,  0.0380984 , ..., -0.92212249,
         -0.93368375, -0.93477038],
        [-0.07489665, -0.0380984 ,  0.        , ..., -0.90671283,
         -0.91936291, -0.92055718],
        ...,
        [ 0.9357537 ,  0.92212249,  0.90671283, ...,  0.        ,
          0.03102961,  0.03407453],
        [ 0.94624582,  0.93368375,  0.91936291, ..., -0.03102961,
          0.        ,  0.00304653],
        [ 0.94722683,  0.93477038,  0.92055718, ..., -0.03407453,
         -0.00304653,  0.        ]],

       [[ 0.        , -0.2963451 , -0.40452531, ..., -0.59831919,
         -0.63311537, -0.65993478],
        [ 0.2963451 ,  0.        , -0.11533886, ..., -0.80889209,
         -0.83406455, -0.85294198],
        [ 0.40452531,  0.11533886,  0.        , ..., -0.87130802,
         -0.8921268 , -0.90745717],
        ...,
        [ 0.59831919,  0.80889209,  0.87130802, ...,  0.        ,
          0.04415523,  0.07924701],
        [ 0.63311537,  0.83406455,  0.8921268 , ..., -0.04415523,
          0.        ,  0.03515336],
        [ 0.65993478,  0.85294198,  0.90745717, ..., -0.07924701,
         -0.03515336,  0.        ]]]), 'num': array([ 7.07106764e-01,  7.07106764e-01,  0.00000000e+00,  0.00000000e+00,
        5.52993751e-05,  5.67004025e-05,  5.52169618e-05,  1.49118762e-04,
       -1.73068089e-06,  5.87937023e-05,  5.65026104e-05,  6.09158467e-05,
        4.00929936e-07,  6.14078058e-05,  5.15974150e-05])}
{'img': array([[[ 0.        , -0.25154479, -0.53372332, ..., -0.95623355,
         -0.870617  , -0.77901149],
        [ 0.25154479,  0.        , -0.30384064, ..., -0.99908963,
         -0.96637322, -0.9116839 ],
        [ 0.53372332,  0.30384064,  0.        , ..., -0.96481751,
         -0.99881652, -0.99342787],
        ...,
        [ 0.95623355,  0.99908963,  0.96481751, ...,  0.        ,
         -0.21568356, -0.37162539],
        [ 0.870617  ,  0.96637322,  0.99881652, ...,  0.21568356,
          0.        , -0.16264166],
        [ 0.77901149,  0.9116839 ,  0.99342787, ...,  0.37162539,
          0.16264166,  0.        ]],

       [[ 0.        ,  0.2035605 ,  0.56160558, ..., -0.09512912,
          0.05421525, -0.01931529],
        [-0.2035605 ,  0.        ,  0.3814199 , ..., -0.29577468,
         -0.150181  , -0.22243339],
        [-0.56160558, -0.3814199 ,  0.        , ..., -0.63776898,
         -0.51592164, -0.57748237],
        ...,
        [ 0.09512912,  0.29577468,  0.63776898, ...,  0.        ,
          0.14895859,  0.07588368],
        [-0.05421525,  0.150181  ,  0.51592164, ..., -0.14895859,
          0.        , -0.07349201],
        [ 0.01931529,  0.22243339,  0.57748237, ..., -0.07588368,
          0.07349201,  0.        ]],

       [[ 0.        , -0.44391422, -0.55858537, ..., -0.9139932 ,
         -0.89317956, -0.84486682],
        [ 0.44391422,  0.        , -0.13232786, ..., -0.99911033,
         -0.99997909, -0.99454297],
        [ 0.55858537,  0.13232786,  0.        , ..., -0.98474352,
         -0.99204109, -0.99960243],
        ...,
        [ 0.9139932 ,  0.99911033,  0.98474352, ...,  0.        ,
         -0.04863361, -0.14617764],
        [ 0.89317956,  0.99997909,  0.99204109, ...,  0.04863361,
          0.        , -0.09789346],
        [ 0.84486682,  0.99454297,  0.99960243, ...,  0.14617764,
          0.09789346,  0.        ]],

       ...,

       [[ 0.        , -0.01474373, -0.05274542, ...,  0.99104222,
          0.86565787,  0.74691006],
        [ 0.01474373,  0.        , -0.03801648, ...,  0.99290351,
          0.87294502,  0.75663235],
        [ 0.05274542,  0.03801648,  0.        , ...,  0.99670678,
          0.89085912,  0.78094211],
        ...,
        [-0.99104222, -0.99290351, -0.99670678, ...,  0.        ,
         -0.38054378, -0.55921978],
        [-0.86565787, -0.87294502, -0.89085912, ...,  0.38054378,
          0.        , -0.20166752],
        [-0.74691006, -0.75663235, -0.78094211, ...,  0.55921978,
          0.20166752,  0.        ]],

       [[ 0.        ,  0.0380984 ,  0.10862629, ..., -0.93368375,
         -0.93477038, -0.9318947 ],
        [-0.0380984 ,  0.        ,  0.07067446, ..., -0.91936291,
         -0.92055718, -0.91739874],
        [-0.10862629, -0.07067446,  0.        , ..., -0.8892599 ,
         -0.89064926, -0.88697846],
        ...,
        [ 0.93368375,  0.91936291,  0.8892599 , ...,  0.        ,
          0.00304653, -0.00496386],
        [ 0.93477038,  0.92055718,  0.89064926, ..., -0.00304653,
          0.        , -0.00801033],
        [ 0.9318947 ,  0.91739874,  0.88697846, ...,  0.00496386,
          0.00801033,  0.        ]],

       [[ 0.        , -0.28504504, -0.45574487, ..., -0.63940959,
         -0.66638324, -0.69091912],
        [ 0.28504504,  0.        , -0.18311633, ..., -0.83204465,
         -0.85127001, -0.86832394],
        [ 0.45574487,  0.18311633,  0.        , ..., -0.91955203,
         -0.93296235, -0.94446691],
        ...,
        [ 0.63940959,  0.83204465,  0.91955203, ...,  0.        ,
          0.03560981,  0.06897473],
        [ 0.66638324,  0.85127001,  0.93296235, ..., -0.03560981,
          0.        ,  0.03340598],
        [ 0.69091912,  0.86832394,  0.94446691, ..., -0.06897473,
         -0.03340598,  0.        ]]]), 'num': array([ 8.36592982e-01,  5.47805215e-01,  3.31178633e-05, -3.67787971e-11,
        7.82622676e-05,  7.82622676e-05,  6.04019566e-05,  4.64653494e-03,
        1.80398117e-05,  6.63613769e-05,  6.25918641e-05,  6.62611558e-05,
        6.75464550e-07,  7.13131559e-05,  5.38705722e-05])}
{'img': array([[[ 0.        , -0.48264334, -0.52730963, ..., -0.87525589,
         -0.78387787, -0.72111973],
        [ 0.48264334,  0.        , -0.05173762, ..., -0.99999933,
         -0.98621407, -0.29718856],
        [ 0.52730963,  0.05173762,  0.        , ..., -0.99872012,
         -0.9934545 , -0.24739049],
        ...,
        [ 0.87525589,  0.99999933,  0.99872012, ...,  0.        ,
         -0.16432907,  0.9551633 ],
        [ 0.78387787,  0.98621407,  0.9934545 , ...,  0.16432907,
          0.        ,  0.99083287],
        [ 0.72111973,  0.29718856,  0.24739049, ..., -0.9551633 ,
         -0.99083287,  0.        ]],

       [[ 0.        ,  0.10405275, -0.19850163, ..., -0.04404919,
         -0.0661808 ,  0.37688978],
        [-0.10405275,  0.        , -0.29940628, ..., -0.14776183,
         -0.16964619,  0.47122365],
        [ 0.19850163,  0.29940628,  0.        , ...,  0.15513632,
          0.1332026 ,  0.18552614],
        ...,
        [ 0.04404919,  0.14776183, -0.15513632, ...,  0.        ,
         -0.02216395,  0.33572304],
        [ 0.0661808 ,  0.16964619, -0.1332026 , ...,  0.02216395,
          0.        ,  0.314763  ],
        [-0.37688978, -0.47122365, -0.18552614, ..., -0.33572304,
         -0.314763  ,  0.        ]],

       [[ 0.        , -0.36825221, -0.46068927, ..., -0.90773861,
         -0.86047835, -0.94510236],
        [ 0.36825221,  0.        , -0.10146828, ..., -0.99844326,
         -0.98762875, -0.99902158],
        [ 0.46068927,  0.10146828,  0.        , ..., -0.99894965,
         -0.99844264, -0.98937793],
        ...,
        [ 0.90773861,  0.99844326,  0.99894965, ...,  0.        ,
         -0.10147921,  0.09987889],
        [ 0.86047835,  0.98762875,  0.99844264, ...,  0.10147921,
          0.        ,  0.20033505],
        [ 0.94510236,  0.99902158,  0.98937793, ..., -0.09987889,
         -0.20033505,  0.        ]],

       ...,

       [[ 0.        , -0.03801648, -0.04808282, ...,  0.87294502,
          0.75663235,  0.99406553],
        [ 0.03801648,  0.        , -0.01007556, ...,  0.89085912,
          0.78094211,  0.98921138],
        [ 0.04808282,  0.01007556,  0.        , ...,  0.89539102,
          0.7871957 ,  0.98768515],
        ...,
        [-0.87294502, -0.89085912, -0.89539102, ...,  0.        ,
         -0.20166752,  0.5798852 ],
        [-0.75663235, -0.78094211, -0.7871957 , ...,  0.20166752,
          0.        ,  0.73226906],
        [-0.99406553, -0.98921138, -0.98768515, ..., -0.5798852 ,
         -0.73226906,  0.        ]],

       [[ 0.        ,  0.07067446,  0.14080794, ..., -0.92055718,
         -0.91739874, -0.9958624 ],
        [-0.07067446,  0.        ,  0.07048551, ..., -0.89064926,
         -0.88697846, -0.98694971],
        [-0.14080794, -0.07048551,  0.        , ..., -0.85638492,
         -0.8522214 , -0.97314478],
        ...,
        [ 0.92055718,  0.89064926,  0.85638492, ...,  0.        ,
         -0.00801033,  0.30533699],
        [ 0.91739874,  0.88697846,  0.8522214 , ...,  0.00801033,
          0.        ,  0.31295498],
        [ 0.9958624 ,  0.98694971,  0.97314478, ..., -0.30533699,
         -0.31295498,  0.        ]],

       [[ 0.        , -0.36718641, -0.51454641, ..., -0.67236385,
         -0.69700824, -0.48393046],
        [ 0.36718641,  0.        , -0.1637554 , ..., -0.89719649,
         -0.91161621, -0.77145385],
        [ 0.51454641,  0.1637554 ,  0.        , ..., -0.95740477,
         -0.9666207 , -0.86523512],
        ...,
        [ 0.67236385,  0.89719649,  0.95740477, ...,  0.        ,
          0.03381269, -0.23017454],
        [ 0.69700824,  0.91161621,  0.9666207 , ..., -0.03381269,
          0.        , -0.26294772],
        [ 0.48393046,  0.77145385,  0.86523512, ...,  0.23017454,
          0.26294772,  0.        ]]]), 'num': array([9.62298649e-01, 2.71545500e-01, 7.45953682e-05, 8.54147195e-08,
       9.15996698e-05, 1.05844111e-04, 8.74450411e-05, 1.56298317e-02,
       5.34166541e-06, 7.68408461e-05, 7.03121439e-05, 7.30423285e-05,
       7.78198792e-07, 8.38989192e-05, 5.67253687e-05])}
{'img': array([[[ 0.        , -0.0447894 , -0.08689644, ..., -0.99539072,
         -0.26861566,  0.55196721],
        [ 0.0447894 ,  0.        , -0.04218926, ..., -0.99868722,
         -0.22520281,  0.58876164],
        [ 0.08689644,  0.04218926,  0.        , ..., -0.9999591 ,
         -0.1838968 ,  0.62233929],
        ...,
        [ 0.99539072,  0.99868722,  0.9999591 , ...,  0.        ,
          0.98456851,  0.77708718],
        [ 0.26861566,  0.22520281,  0.1838968 , ..., -0.98456851,
          0.        ,  0.75567042],
        [-0.55196721, -0.58876164, -0.62233929, ..., -0.77708718,
         -0.75567042,  0.        ]],

       [[ 0.        , -0.17083615, -0.13716633, ..., -0.09573314,
          0.80533934,  0.27446926],
        [ 0.17083615,  0.        ,  0.0340715 , ...,  0.0757257 ,
          0.89477449,  0.10615907],
        [ 0.13716633, -0.0340715 ,  0.        , ...,  0.04170806,
          0.87904143,  0.13997641],
        ...,
        [ 0.09573314, -0.0757257 , -0.04170806, ...,  0.        ,
          0.8583924 ,  0.18115204],
        [-0.80533934, -0.89477449, -0.87904143, ..., -0.8583924 ,
          0.        ,  0.93712023],
        [-0.27446926, -0.10615907, -0.13997641, ..., -0.18115204,
         -0.93712023,  0.        ]],

       [[ 0.        , -0.29238702, -0.40885324, ..., -0.87080748,
         -0.95322621, -0.99955404],
        [ 0.29238702,  0.        , -0.12415395, ..., -0.97649779,
         -0.99994656, -0.96460475],
        [ 0.40885324,  0.12415395,  0.        , ..., -0.99570117,
         -0.99349347, -0.92440218],
        ...,
        [ 0.87080748,  0.97649779,  0.99570117, ...,  0.        ,
          0.20542068,  0.46540122],
        [ 0.95322621,  0.99994656,  0.99349347, ..., -0.20542068,
          0.        ,  0.27365816],
        [ 0.99955404,  0.96460475,  0.92440218, ..., -0.46540122,
         -0.27365816,  0.        ]],

       ...,

       [[ 0.        , -0.01007556,  0.10120816, ...,  0.78094211,
          0.98921138,  0.94488323],
        [ 0.01007556,  0.        ,  0.11122685, ...,  0.7871957 ,
          0.98768515,  0.94153646],
        [-0.10120816, -0.11122685,  0.        , ...,  0.71371722,
          0.99895856,  0.97316783],
        ...,
        [-0.78094211, -0.7871957 , -0.71371722, ...,  0.        ,
          0.73226906,  0.8458636 ],
        [-0.98921138, -0.98768515, -0.99895856, ..., -0.73226906,
          0.        ,  0.18545439],
        [-0.94488323, -0.94153646, -0.97316783, ..., -0.8458636 ,
         -0.18545439,  0.        ]],

       [[ 0.        ,  0.07048551,  0.1451527 , ..., -0.88697846,
         -0.98694971, -0.99157582],
        [-0.07048551,  0.        ,  0.07505266, ..., -0.8522214 ,
         -0.97314478, -0.9982394 ],
        [-0.1451527 , -0.07505266,  0.        , ..., -0.81055162,
         -0.95312343, -0.99987558],
        ...,
        [ 0.88697846,  0.8522214 ,  0.81055162, ...,  0.        ,
          0.31295498,  0.57280856],
        [ 0.98694971,  0.97314478,  0.95312343, ..., -0.31295498,
          0.        ,  0.2875094 ],
        [ 0.99157582,  0.9982394 ,  0.99987558, ..., -0.57280856,
         -0.2875094 ,  0.        ]],

       [[ 0.        , -0.37710859, -0.51915443, ..., -0.7394751 ,
         -0.55218851, -0.        ],
        [ 0.37710859,  0.        , -0.15851743, ..., -0.93874239,
         -0.82582261, -0.37710859],
        [ 0.51915443,  0.15851743,  0.        , ..., -0.98150132,
         -0.90477378, -0.51915443],
        ...,
        [ 0.7394751 ,  0.93874239,  0.98150132, ...,  0.        ,
         -0.24479024, -0.7394751 ],
        [ 0.55218851,  0.82582261,  0.90477378, ...,  0.24479024,
          0.        , -0.55218851],
        [ 0.        ,  0.37710859,  0.51915443, ...,  0.7394751 ,
          0.55218851,  0.        ]]]), 'num': array([ 9.61207766e-01,  2.75814522e-01,  7.66659110e-05,  1.35586969e-07,
        9.05885864e-05,  9.44391079e-05,  9.03859273e-05,  2.43307365e-03,
       -3.24254448e-06,  8.21782366e-05,  7.32460399e-05,  7.48115809e-05,
        7.44240335e-07,  8.90511414e-05,  5.74409384e-05])}
{'img': array([[[ 0.        , -0.04218926, -0.23340341, ..., -0.22520281,
          0.58876164, -0.02139166],
        [ 0.04218926,  0.        , -0.1921716 , ..., -0.1838968 ,
          0.62233929,  0.02080699],
        [ 0.23340341,  0.1921716 ,  0.        , ...,  0.00842501,
          0.76116157,  0.21254917],
        ...,
        [ 0.22520281,  0.1838968 , -0.00842501, ...,  0.        ,
          0.75567042,  0.20430913],
        [-0.58876164, -0.62233929, -0.76116157, ..., -0.75567042,
          0.        , -0.60591793],
        [ 0.02139166, -0.02080699, -0.21254917, ..., -0.20430913,
          0.60591793,  0.        ]],

       [[ 0.        ,  0.0340715 ,  0.08841454, ...,  0.89477449,
          0.10615907,  0.63414852],
        [-0.0340715 ,  0.        ,  0.05442514, ...,  0.87904143,
          0.13997641,  0.60743587],
        [-0.08841454, -0.05442514,  0.        , ...,  0.85179163,
          0.19365825,  0.56330193],
        ...,
        [-0.89477449, -0.87904143, -0.85179163, ...,  0.        ,
          0.93712023, -0.40869077],
        [-0.10615907, -0.13997641, -0.19365825, ..., -0.93712023,
          0.        , -0.71264844],
        [-0.63414852, -0.60743587, -0.56330193, ...,  0.40869077,
          0.71264844,  0.        ]],

       [[ 0.        , -0.2955609 , -0.48159093, ..., -0.9580289 ,
         -0.99996646, -0.96915217],
        [ 0.2955609 ,  0.        , -0.2010469 , ..., -0.99995683,
         -0.95771268, -0.85300936],
        [ 0.48159093,  0.2010469 ,  0.        , ..., -0.97767128,
         -0.88031126, -0.73066679],
        ...,
        [ 0.9580289 ,  0.99995683,  0.97767128, ...,  0.        ,
          0.27881517,  0.51394725],
        [ 0.99996646,  0.95771268,  0.88031126, ..., -0.27881517,
          0.        ,  0.25439283],
        [ 0.96915217,  0.85300936,  0.73066679, ..., -0.51394725,
         -0.25439283,  0.        ]],

       ...,

       [[ 0.        ,  0.11122685, -0.27919087, ...,  0.98768515,
          0.94153646,  0.99697018],
        [-0.11122685,  0.        , -0.38426248, ...,  0.99895856,
          0.97316783,  0.99943577],
        [ 0.27919087,  0.38426248,  0.        , ...,  0.90472977,
          0.81003434,  0.93560952],
        ...,
        [-0.98768515, -0.99895856, -0.90472977, ...,  0.        ,
          0.18545439, -0.07915382],
        [-0.94153646, -0.97316783, -0.81003434, ..., -0.18545439,
          0.        , -0.26265324],
        [-0.99697018, -0.99943577, -0.93560952, ...,  0.07915382,
          0.26265324,  0.        ]],

       [[ 0.        ,  0.07505266,  0.25489787, ..., -0.97314478,
         -0.9982394 , -0.97649334],
        [-0.07505266,  0.        ,  0.18160542, ..., -0.95312343,
         -0.99987558, -0.98991663],
        [-0.25489787, -0.18160542,  0.        , ..., -0.88232391,
         -0.98038446, -0.99918041],
        ...,
        [ 0.97314478,  0.95312343,  0.88232391, ...,  0.        ,
          0.2875094 ,  0.4345418 ],
        [ 0.9982394 ,  0.99987558,  0.98038446, ..., -0.2875094 ,
          0.        ,  0.15724868],
        [ 0.97649334,  0.98991663,  0.99918041, ..., -0.4345418 ,
         -0.15724868,  0.        ]],

       [[ 0.        , -0.37428906, -0.55629404, ..., -0.61386256,
         -0.28514894, -0.        ],
        [ 0.37428906,  0.        , -0.20482939, ..., -0.86471079,
         -0.62317184, -0.37428906],
        [ 0.55629404,  0.20482939,  0.        , ..., -0.9492566 ,
         -0.77015314, -0.55629404],
        ...,
        [ 0.61386256,  0.86471079,  0.9492566 , ...,  0.        ,
         -0.36327671, -0.61386256],
        [ 0.28514894,  0.62317184,  0.77015314, ...,  0.36327671,
          0.        , -0.28514894],
        [ 0.        ,  0.37428906,  0.55629404, ...,  0.61386256,
          0.28514894,  0.        ]]]), 'num': array([ 9.70363210e-01,  2.41643920e-01,  8.29976412e-05,  1.09484829e-07,
        9.10443890e-05,  9.56069780e-05,  8.91778753e-05,  1.84214530e-03,
       -1.65912326e-06,  8.79542719e-05,  7.60448778e-05,  7.65270605e-05,
        7.32605528e-07,  9.34275192e-05,  5.86622364e-05])}
{'img': array([[[ 0.        , -0.1921716 , -0.20037392, ...,  0.62233929,
          0.02080699, -0.13263126],
        [ 0.1921716 ,  0.        , -0.00836496, ...,  0.76116157,
          0.21254917,  0.06031466],
        [ 0.20037392,  0.00836496,  0.        , ...,  0.76656014,
          0.22071556,  0.06866227],
        ...,
        [-0.62233929, -0.76116157, -0.76656014, ...,  0.        ,
         -0.60591793, -0.720658  ],
        [-0.02080699, -0.21254917, -0.22071556, ...,  0.60591793,
          0.        , -0.15322572],
        [ 0.13263126, -0.06031466, -0.06866227, ...,  0.720658  ,
          0.15322572,  0.        ]],

       [[ 0.        ,  0.05442514, -0.01956071, ...,  0.13997641,
          0.60743587,  0.50927767],
        [-0.05442514,  0.        , -0.07394644, ...,  0.19365825,
          0.56330193,  0.46168445],
        [ 0.01956071,  0.07394644,  0.        , ...,  0.12058149,
          0.62285806,  0.52601422],
        ...,
        [-0.13997641, -0.19365825, -0.12058149, ...,  0.        ,
         -0.71264844, -0.62472776],
        [-0.60743587, -0.56330193, -0.62285806, ...,  0.71264844,
          0.        , -0.11820643],
        [-0.50927767, -0.46168445, -0.52601422, ...,  0.62472776,
          0.11820643,  0.        ]],

       [[ 0.        , -0.39363026, -0.53534953, ..., -0.99989529,
         -0.96146056, -0.82966369],
        [ 0.39363026,  0.        , -0.15965798, ..., -0.9134765 ,
         -0.77561491, -0.54293458],
        [ 0.53534953,  0.15965798,  0.        , ..., -0.83679531,
         -0.66488849, -0.40189324],
        ...,
        [ 0.99989529,  0.9134765 ,  0.83679531, ...,  0.        ,
          0.2610011 ,  0.54619927],
        [ 0.96146056,  0.77561491,  0.66488849, ..., -0.2610011 ,
          0.        ,  0.30863823],
        [ 0.82966369,  0.54293458,  0.40189324, ..., -0.54619927,
         -0.30863823,  0.        ]],

       ...,

       [[ 0.        , -0.38426248, -0.524542  , ...,  0.97316783,
          0.99943577,  0.98996933],
        [ 0.38426248,  0.        , -0.15711455, ...,  0.81003434,
          0.93560952,  0.96825287],
        [ 0.524542  ,  0.15711455,  0.        , ...,  0.70784481,
          0.86852243,  0.91695318],
        ...,
        [-0.97316783, -0.81003434, -0.70784481, ...,  0.        ,
         -0.26265324, -0.36527996],
        [-0.99943577, -0.93560952, -0.86852243, ...,  0.26265324,
          0.        , -0.10795179],
        [-0.98996933, -0.96825287, -0.91695318, ...,  0.36527996,
          0.10795179,  0.        ]],

       [[ 0.        ,  0.18160542, -0.05228553, ..., -0.99987558,
         -0.98991663, -0.96758343],
        [-0.18160542,  0.        , -0.23277312, ..., -0.98038446,
         -0.99918041, -0.99735869],
        [ 0.05228553,  0.23277312,  0.        , ..., -0.99933269,
         -0.98115629, -0.95305515],
        ...,
        [ 0.99987558,  0.98038446,  0.99933269, ...,  0.        ,
          0.15724868,  0.267783  ],
        [ 0.98991663,  0.99918041,  0.98115629, ..., -0.15724868,
          0.        ,  0.11294568],
        [ 0.96758343,  0.99735869,  0.95305515, ..., -0.267783  ,
         -0.11294568,  0.        ]],

       [[ 0.        , -0.43502735, -0.56575339, ..., -0.31363866,
         -0.12254775, -0.        ],
        [ 0.43502735,  0.        , -0.15070164, ..., -0.69548258,
         -0.54209249, -0.43502735],
        [ 0.56575339,  0.15070164,  0.        , ..., -0.79582528,
         -0.66253884, -0.56575339],
        ...,
        [ 0.31363866,  0.69548258,  0.79582528, ...,  0.        ,
         -0.19491036, -0.31363866],
        [ 0.12254775,  0.54209249,  0.66253884, ...,  0.19491036,
          0.        , -0.12254775],
        [ 0.        ,  0.43502735,  0.56575339, ...,  0.31363866,
          0.12254775,  0.        ]]]), 'num': array([9.91537025e-01, 1.29818720e-01, 9.68222814e-05, 9.49157788e-08,
       9.31990379e-05, 9.35131920e-05, 8.99527793e-05, 1.16616082e-03,
       1.25661624e-06, 9.34084740e-05, 7.79468583e-05, 7.72784083e-05,
       7.58227988e-07, 9.65977550e-05, 5.92959615e-05])}
{'img': array([[[ 0.        , -0.00836496, -0.20089304, ...,  0.21254917,
          0.06031466,  0.17223388],
        [ 0.00836496,  0.        , -0.19269159, ...,  0.22071556,
          0.06866227,  0.18046781],
        [ 0.20089304,  0.19269159,  0.        , ...,  0.40451868,
          0.25961233,  0.36661349],
        ...,
        [-0.21254917, -0.22071556, -0.40451868, ...,  0.        ,
         -0.15322572, -0.04107446],
        [-0.06031466, -0.06866227, -0.25961233, ...,  0.15322572,
          0.        ,  0.11250699],
        [-0.17223388, -0.18046781, -0.36661349, ...,  0.04107446,
         -0.11250699,  0.        ]],

       [[ 0.        , -0.07394644,  0.09507897, ...,  0.56330193,
          0.46168445,  0.32472345],
        [ 0.07394644,  0.        ,  0.16843011, ...,  0.62285806,
          0.52601422,  0.39377364],
        [-0.09507897, -0.16843011,  0.        , ...,  0.48219092,
          0.37525365,  0.23332582],
        ...,
        [-0.56330193, -0.62285806, -0.48219092, ...,  0.        ,
         -0.11820643, -0.26447292],
        [-0.46168445, -0.52601422, -0.37525365, ...,  0.11820643,
          0.        , -0.14862125],
        [-0.32472345, -0.39377364, -0.23332582, ...,  0.26447292,
          0.14862125,  0.        ]],

       [[ 0.        , -0.38666028, -0.55037036, ..., -0.94447912,
         -0.78157641, -0.23733211],
        [ 0.38666028,  0.        , -0.18473313, ..., -0.74397412,
         -0.47958476,  0.1567399 ],
        [ 0.55037036,  0.18473313,  0.        , ..., -0.60772913,
         -0.309228  ,  0.33649202],
        ...,
        [ 0.94447912,  0.74397412,  0.60772913, ...,  0.        ,
          0.3323714 ,  0.83951346],
        [ 0.78157641,  0.47958476,  0.309228  , ..., -0.3323714 ,
          0.        ,  0.61119562],
        [ 0.23733211, -0.1567399 , -0.33649202, ..., -0.83951346,
         -0.61119562,  0.        ]],

       ...,

       [[ 0.        , -0.15711455, -0.53526768, ...,  0.93560952,
          0.96825287,  0.94957625],
        [ 0.15711455,  0.        , -0.39590795, ...,  0.86852243,
          0.91695318,  0.88852178],
        [ 0.53526768,  0.39590795,  0.        , ...,  0.60132391,
          0.68406391,  0.63426465],
        ...,
        [-0.93560952, -0.86852243, -0.60132391, ...,  0.        ,
         -0.10795179, -0.0418877 ],
        [-0.96825287, -0.91695318, -0.68406391, ...,  0.10795179,
          0.        ,  0.06621412],
        [-0.94957625, -0.88852178, -0.63426465, ...,  0.0418877 ,
         -0.06621412,  0.        ]],

       [[ 0.        , -0.23277312, -0.32384568, ..., -0.99918041,
         -0.99735869, -0.98324869],
        [ 0.23277312,  0.        , -0.09472104, ..., -0.98115629,
         -0.95305515, -0.91381255],
        [ 0.32384568,  0.09472104,  0.        , ..., -0.95844327,
         -0.92008885, -0.87123428],
        ...,
        [ 0.99918041,  0.98115629,  0.95844327, ...,  0.        ,
          0.11294568,  0.22192011],
        [ 0.99735869,  0.95305515,  0.92008885, ..., -0.11294568,
          0.        ,  0.11037071],
        [ 0.98324869,  0.91381255,  0.87123428, ..., -0.22192011,
         -0.11037071,  0.        ]],

       [[ 0.        , -0.39148835, -0.56979945, ..., -0.12570508,
         -0.        , -0.08494438],
        [ 0.39148835,  0.        , -0.20260103, ..., -0.50405461,
         -0.39148835, -0.46823777],
        [ 0.56979945,  0.20260103,  0.        , ..., -0.668582  ,
         -0.56979945, -0.63754594],
        ...,
        [ 0.12570508,  0.50405461,  0.668582  , ...,  0.        ,
         -0.12570508, -0.04098016],
        [ 0.        ,  0.39148835,  0.56979945, ...,  0.12570508,
          0.        ,  0.08494438],
        [ 0.08494438,  0.46823777,  0.63754594, ...,  0.04098016,
         -0.08494438,  0.        ]]]), 'num': array([ 9.99055072e-01,  4.34549857e-02,  1.09587166e-04,  1.11423833e-07,
        9.38242598e-05,  9.54382092e-05,  9.25331003e-05,  7.43535740e-04,
       -1.93673931e-06,  9.59761924e-05,  8.11439972e-05,  7.94045184e-05,
        7.72658915e-07,  1.00885005e-04,  6.14029890e-05])}
{'img': array([[[ 0.        , -0.19269159, -0.17103958, ...,  0.06866227,
          0.18046781,  0.01678938],
        [ 0.19269159,  0.        ,  0.02201792, ...,  0.25961233,
          0.36661349,  0.20913916],
        [ 0.17103958, -0.02201792,  0.        , ...,  0.2382864 ,
          0.34603973,  0.18755745],
        ...,
        [-0.06866227, -0.25961233, -0.2382864 , ...,  0.        ,
          0.11250699, -0.05190284],
        [-0.18046781, -0.36661349, -0.34603973, ..., -0.11250699,
          0.        , -0.16392866],
        [-0.01678938, -0.20913916, -0.18755745, ...,  0.05190284,
          0.16392866,  0.        ]],

       [[ 0.        ,  0.16843011, -0.01358675, ...,  0.52601422,
          0.39377364,  0.28134472],
        [-0.16843011,  0.        , -0.1818072 , ...,  0.37525365,
          0.23332582,  0.11569865],
        [ 0.01358675,  0.1818072 ,  0.        , ...,  0.53752087,
          0.40622633,  0.29435669],
        ...,
        [-0.52601422, -0.37525365, -0.53752087, ...,  0.        ,
         -0.14862125, -0.26548994],
        [-0.39377364, -0.23332582, -0.40622633, ...,  0.14862125,
          0.        , -0.11925369],
        [-0.28134472, -0.11569865, -0.29435669, ...,  0.26548994,
          0.11925369,  0.        ]],

       [[ 0.        , -0.21359208, -0.34482977, ..., -0.52217611,
          0.31200483,  0.31200483],
        [ 0.21359208,  0.        , -0.13638065, ..., -0.32796645,
          0.50773435,  0.50773435],
        [ 0.34482977,  0.13638065,  0.        , ..., -0.19606474,
          0.62048413,  0.62048413],
        ...,
        [ 0.52217611,  0.32796645,  0.19606474, ...,  0.        ,
          0.76219882,  0.76219882],
        [-0.31200483, -0.50773435, -0.62048413, ..., -0.76219882,
          0.        ,  0.        ],
        [-0.31200483, -0.50773435, -0.62048413, ..., -0.76219882,
          0.        ,  0.        ]],

       ...,

       [[ 0.        , -0.39590795, -0.10014712, ...,  0.91695318,
          0.88852178,  0.89885987],
        [ 0.39590795,  0.        ,  0.30195346, ...,  0.68406391,
          0.63426465,  0.65191304],
        [ 0.10014712, -0.30195346,  0.        , ...,  0.87238515,
          0.83810392,  0.8504529 ],
        ...,
        [-0.91695318, -0.68406391, -0.87238515, ...,  0.        ,
          0.06621412,  0.04320161],
        [-0.88852178, -0.63426465, -0.83810392, ..., -0.06621412,
          0.        , -0.0230455 ],
        [-0.89885987, -0.65191304, -0.8504529 , ..., -0.04320161,
          0.0230455 ,  0.        ]],

       [[ 0.        , -0.22991415, -0.3590911 , ..., -0.99615829,
         -0.98005366, -0.96079944],
        [ 0.22991415,  0.        , -0.13489193, ..., -0.94933834,
         -0.90810738, -0.87131811],
        [ 0.3590911 ,  0.13489193,  0.        , ..., -0.89827112,
         -0.84332328, -0.79716056],
        ...,
        [ 0.99615829,  0.94933834,  0.89827112, ...,  0.        ,
          0.11214543,  0.19204123],
        [ 0.98005366,  0.90810738,  0.84332328, ..., -0.11214543,
          0.        ,  0.08077174],
        [ 0.96079944,  0.87131811,  0.79716056, ..., -0.19204123,
         -0.08077174,  0.        ]],

       [[ 0.        , -0.44099305, -0.5739693 , ..., -0.        ,
         -0.0866886 , -0.2640266 ],
        [ 0.44099305,  0.        , -0.15402451, ..., -0.44099305,
         -0.51713684, -0.66231124],
        [ 0.5739693 ,  0.15402451,  0.        , ..., -0.5739693 ,
         -0.64279586, -0.76980749],
        ...,
        [ 0.        ,  0.44099305,  0.5739693 , ...,  0.        ,
          0.0866886 ,  0.2640266 ],
        [ 0.0866886 ,  0.51713684,  0.64279586, ..., -0.0866886 ,
          0.        ,  0.17942017],
        [ 0.2640266 ,  0.66231124,  0.76980749, ..., -0.2640266 ,
         -0.17942017,  0.        ]]]), 'num': array([9.98333977e-01, 5.76653701e-02, 1.02581089e-04, 8.42548800e-08,
       9.40386471e-05, 9.40386471e-05, 9.02442851e-05, 1.97613449e-03,
       4.61476458e-06, 9.12902984e-05, 7.85638032e-05, 7.57607610e-05,
       7.50564015e-07, 9.83523384e-05, 5.87752679e-05])}
{'img': array([[[ 0.        ,  0.02201792, -0.18722105, ...,  0.36661349,
          0.20913916,  0.66432096],
        [-0.02201792,  0.        , -0.20880426, ...,  0.34603973,
          0.18755745,  0.64770268],
        [ 0.18722105,  0.20880426,  0.        , ...,  0.53431643,
          0.38852195,  0.79251221],
        ...,
        [-0.36661349, -0.34603973, -0.53431643, ...,  0.        ,
         -0.16392866,  0.3440422 ],
        [-0.20913916, -0.18755745, -0.38852195, ...,  0.16392866,
          0.        ,  0.49330957],
        [-0.66432096, -0.64770268, -0.79251221, ..., -0.3440422 ,
         -0.49330957,  0.        ]],

       [[ 0.        , -0.1818072 , -0.14684718, ...,  0.23332582,
          0.11569865,  0.40291601],
        [ 0.1818072 ,  0.        ,  0.03543641, ...,  0.40622633,
          0.29435669,  0.56259776],
        [ 0.14684718, -0.03543641,  0.        , ...,  0.37359037,
          0.26030539,  0.53294804],
        ...,
        [-0.23332582, -0.40622633, -0.37359037, ...,  0.        ,
         -0.11925369,  0.17824656],
        [-0.11569865, -0.29435669, -0.26030539, ...,  0.11925369,
          0.        ,  0.2943185 ],
        [-0.40291601, -0.56259776, -0.53294804, ..., -0.17824656,
         -0.2943185 ,  0.        ]],

       [[ 0.        , -0.13638065, -0.30570058, ...,  0.50773435,
          0.50773435,  0.35423444],
        [ 0.13638065,  0.        , -0.17299247, ...,  0.62048413,
          0.62048413,  0.47846193],
        [ 0.30570058,  0.17299247,  0.        , ...,  0.74679317,
          0.74679317,  0.62315435],
        ...,
        [-0.50773435, -0.62048413, -0.74679317, ...,  0.        ,
          0.        , -0.16963333],
        [-0.50773435, -0.62048413, -0.74679317, ...,  0.        ,
          0.        , -0.16963333],
        [-0.35423444, -0.47846193, -0.62315435, ...,  0.16963333,
          0.16963333,  0.        ]],

       ...,

       [[ 0.        ,  0.30195346,  0.26348724, ...,  0.63426465,
          0.65191304,  0.60974784],
        [-0.30195346,  0.        , -0.04009494, ...,  0.83810392,
          0.8504529 ,  0.82061338],
        [-0.26348724,  0.04009494,  0.        , ...,  0.81555776,
          0.82867704,  0.7970399 ],
        ...,
        [-0.63426465, -0.83810392, -0.81555776, ...,  0.        ,
         -0.0230455 ,  0.03130947],
        [-0.65191304, -0.8504529 , -0.82867704, ...,  0.0230455 ,
          0.        ,  0.05433536],
        [-0.60974784, -0.82061338, -0.7970399 , ..., -0.03130947,
         -0.05433536,  0.        ]],

       [[ 0.        , -0.281539  , -0.38861859, ..., -0.97661239,
         -0.95562537, -0.91338899],
        [ 0.281539  ,  0.        , -0.11348921, ..., -0.87657521,
         -0.83403303, -0.76183109],
        [ 0.38861859,  0.11348921,  0.        , ..., -0.81629349,
         -0.76603089, -0.68339351],
        ...,
        [ 0.97661239,  0.87657521,  0.81629349, ...,  0.        ,
          0.08222846,  0.20118159],
        [ 0.95562537,  0.83403303,  0.76603089, ..., -0.08222846,
          0.        ,  0.11995308],
        [ 0.91338899,  0.76183109,  0.68339351, ..., -0.20118159,
         -0.11995308,  0.        ]],

       [[ 0.        , -0.39861333, -0.58875617, ..., -0.08899442,
         -0.27093096, -0.32977021],
        [ 0.39861333,  0.        , -0.2177561 , ..., -0.47865016,
         -0.63218066, -0.67875394],
        [ 0.58875617,  0.2177561 ,  0.        , ..., -0.6583552 ,
         -0.78573236, -0.82237866],
        ...,
        [ 0.08899442,  0.47865016,  0.6583552 , ...,  0.        ,
          0.18419001,  0.24444554],
        [ 0.27093096,  0.63218066,  0.78573236, ..., -0.18419001,
          0.        ,  0.06166099],
        [ 0.32977021,  0.67875394,  0.82237866, ..., -0.24444554,
         -0.06166099,  0.        ]]]), 'num': array([ 9.99493006e-01,  3.17775035e-02,  1.05645797e-04,  1.38358759e-07,
        9.41449073e-05,  9.56865816e-05,  9.07532240e-05,  1.96199631e-03,
       -1.02778283e-07,  9.19454521e-05,  7.99717821e-05,  7.60507906e-05,
        7.24069703e-07,  1.00406204e-04,  5.95373605e-05])}
{'img': array([[[ 0.        , -0.20880426, -0.07234241, ...,  0.18755745,
          0.64770268,  0.63339725],
        [ 0.20880426,  0.        ,  0.13750936, ...,  0.38852195,
          0.79251221,  0.78101389],
        [ 0.07234241, -0.13750936,  0.        , ...,  0.25812462,
          0.7011228 ,  0.68771815],
        ...,
        [-0.18755745, -0.38852195, -0.25812462, ...,  0.        ,
          0.49330957,  0.47701977],
        [-0.64770268, -0.79251221, -0.7011228 , ..., -0.49330957,
          0.        , -0.01862865],
