state_0,state_1,state_2,state_3,state_4,state_5,state_6,state_7,state_8,state_9,state_10,state_11,state_12,state_13,state_14,state_15,state_16,state_17,state_18,state_19,state_20,state_21,state_22,state_23,state_24,state_25,state_26,state_27,state_28,state_29,state_30,state_31,state_32,state_33,state_34,state_35,state_36,state_37,state_38,state_39,state_40,state_41,state_42,state_43,state_44,state_45,state_46,state_47,state_48,state_49,state_50,state_51,state_52,state_53,state_54,state_55,state_56,state_57,state_58,state_59,state_60,state_61,state_62,state_63,state_64,state_65,state_66,state_67,state_68,state_69,state_70,state_71,state_72,state_73,state_74,state_75,state_76,state_77,state_78,state_79,state_80,state_81,state_82,state_83,state_84,state_85,state_86,state_87,state_88,state_89,state_90,state_91,state_92,state_93,state_94,state_95,state_96,state_97,state_98,state_99,state_100,state_101,state_102,state_103,state_104,state_105,state_106,state_107,state_108,state_109,state_110,state_111,state_112,state_113,state_114,state_115,state_116,state_117,state_118,state_119,state_120,state_121,state_122,state_123,state_124,state_125,state_126,state_127,state_128,state_129,state_130,state_131,state_132,state_133,state_134,state_135,state_136,state_137,state_138,state_139,state_140,state_141,state_142,state_143,state_144,state_145,state_146,state_147,state_148,state_149,state_150,state_151,state_152,state_153,state_154,state_155,state_156,state_157,state_158,state_159,state_160,state_161,state_162,state_163,state_164,state_165,state_166,state_167,state_168,state_169,state_170,state_171,state_172,state_173,state_174,state_175,state_176,state_177,state_178,state_179,state_180,state_181,state_182,state_183,state_184,state_185,state_186,state_187,state_188,state_189,state_190,state_191,state_192,state_193,state_194,state_195,state_196,state_197,state_198,state_199,state_200,state_201,state_202,state_203,state_204,state_205,state_206,state_207,state_208,state_209,state_210,state_211,state_212,state_213,state_214,state_215,state_216,state_217,state_218,state_219,state_220,state_221,state_222,state_223,state_224,state_225,state_226,state_227,state_228,state_229,state_230,state_231,state_232,state_233,state_234,state_235,state_236,state_237,state_238,state_239,state_240,state_241,state_242,state_243,state_244,state_245,state_246,state_247,state_248,state_249,state_250,state_251,state_252,state_253,state_254,state_255,state_256,state_257,state_258,state_259,state_260,state_261,state_262,state_263,state_264,state_265,state_266,state_267,state_268,state_269,state_270,state_271,state_272,state_273,state_274,state_275,state_276,state_277,state_278,state_279,state_280,state_281,state_282,state_283,state_284,state_285,state_286,state_287
{'img': array([[[ 0.        ,  0.01658905, -0.0514831 , ...,  0.89206939,
          0.94316713,  0.95184706],
        [-0.01658905,  0.        , -0.06804307, ...,  0.8994432 ,
          0.94855019,  0.95680184],
        [ 0.0514831 ,  0.06804307,  0.        , ...,  0.86762125,
          0.92480756,  0.93480144],
        ...,
        [-0.89206939, -0.8994432 , -0.86762125, ...,  0.        ,
         -0.12976435, -0.15665357],
        [-0.94316713, -0.94855019, -0.92480756, ...,  0.12976435,
          0.        , -0.02716681],
        [-0.95184706, -0.95680184, -0.93480144, ...,  0.15665357,
          0.02716681,  0.        ]],

       [[ 0.        ,  0.02274616,  0.29684269, ...,  0.35939336,
          0.13865694,  0.17732159],
        [-0.02274616,  0.        ,  0.27504498, ...,  0.33807397,
          0.11609462,  0.15489002],
        [-0.29684269, -0.27504498,  0.        , ...,  0.06618472,
         -0.16156816, -0.12280954],
        ...,
        [-0.35939336, -0.33807397, -0.06618472, ...,  0.        ,
         -0.22652906, -0.18822398],
        [-0.13865694, -0.11609462,  0.16156816, ...,  0.22652906,
          0.        ,  0.03914912],
        [-0.17732159, -0.15489002,  0.12280954, ...,  0.18822398,
         -0.03914912,  0.        ]],

       [[ 0.        ,  0.01077692, -0.0036178 , ...,  0.83968499,
          0.86372085,  0.86372085],
        [-0.01077692,  0.        , -0.01439443, ...,  0.84548888,
          0.86910194,  0.86910194],
        [ 0.0036178 ,  0.01439443,  0.        , ...,  0.83771476,
          0.86189193,  0.86189193],
        ...,
        [-0.83968499, -0.84548888, -0.83771476, ...,  0.        ,
         -0.04588766, -0.04588766],
        [-0.86372085, -0.86910194, -0.86189193, ...,  0.04588766,
          0.        ,  0.        ],
        [-0.86372085, -0.86910194, -0.86189193, ...,  0.04588766,
          0.        ,  0.        ]],

       ...,

       [[ 0.        ,  0.        , -0.14610853, ...,  0.97470434,
          0.94430482,  0.92648975],
        [ 0.        ,  0.        , -0.14610853, ...,  0.97470434,
          0.94430482,  0.92648975],
        [ 0.14610853,  0.14610853,  0.        , ...,  0.99689936,
          0.98225131,  0.97153075],
        ...,
        [-0.97470434, -0.97470434, -0.99689936, ...,  0.        ,
         -0.1096975 , -0.15973193],
        [-0.94430482, -0.94430482, -0.98225131, ...,  0.1096975 ,
          0.        , -0.05047892],
        [-0.92648975, -0.92648975, -0.97153075, ...,  0.15973193,
          0.05047892,  0.        ]],

       [[ 0.        ,  0.00515756,  0.01209968, ...,  0.86417362,
          0.81740777,  0.71622242],
        [-0.00515756,  0.        ,  0.00694234, ...,  0.86675737,
          0.82036795,  0.71981221],
        [-0.01209968, -0.00694234,  0.        , ...,  0.87019884,
          0.82431806,  0.72461402],
        ...,
        [-0.86417362, -0.86675737, -0.87019884, ...,  0.        ,
          0.08650093,  0.24268399],
        [-0.81740777, -0.82036795, -0.82431806, ..., -0.08650093,
          0.        ,  0.15785933],
        [-0.71622242, -0.71981221, -0.72461402, ..., -0.24268399,
         -0.15785933,  0.        ]],

       [[ 0.        , -0.02577649, -0.06322056, ...,  0.89071611,
          0.96501764,  0.98336691],
        [ 0.02577649,  0.        , -0.03747463, ...,  0.90213711,
          0.9714552 ,  0.97835838],
        [ 0.06322056,  0.03747463,  0.        , ...,  0.91767184,
          0.97966268,  0.969917  ],
        ...,
        [-0.89071611, -0.90213711, -0.91767184, ...,  0.        ,
          0.20512608,  0.60878022],
        [-0.96501764, -0.9714552 , -0.97966268, ..., -0.20512608,
          0.        ,  0.43310034],
        [-0.98336691, -0.97835838, -0.969917  , ..., -0.60878022,
         -0.43310034,  0.        ]]]), 'num': array([7.07106445e-01, 7.07106445e-01, 0.00000000e+00, 0.00000000e+00,
       2.31318191e-05, 2.31705011e-05, 2.16619042e-05, 9.73841849e-04,
       1.16045915e-06, 2.21492971e-05, 2.12015887e-05, 1.84970742e-05,
       5.18690076e-07, 2.30858257e-05, 1.93173518e-05])}
{'img': array([[[ 0.        , -0.06357242,  0.12940209, ...,  0.99998285,
          0.99996196,  0.68888808],
        [ 0.06357242,  0.        ,  0.19217826, ...,  0.99758778,
          0.99849374,  0.64141301],
        [-0.12940209, -0.19217826,  0.        , ...,  0.99233308,
          0.99042586,  0.77689544],
        ...,
        [-0.99998285, -0.99758778, -0.99233308, ...,  0.        ,
         -0.01457832,  0.72082059],
        [-0.99996196, -0.99849374, -0.99042586, ...,  0.01457832,
          0.        ,  0.73084854],
        [-0.68888808, -0.64141301, -0.77689544, ..., -0.72082059,
         -0.73084854,  0.        ]],

       [[ 0.        ,  0.27504498,  0.40300431, ...,  0.11609462,
          0.15489002,  0.30674256],
        [-0.27504498,  0.        ,  0.13574034, ..., -0.16156816,
         -0.12280954,  0.03312616],
        [-0.40300431, -0.13574034,  0.        , ..., -0.29402968,
         -0.25638569, -0.10284628],
        ...,
        [-0.11609462,  0.16156816,  0.29402968, ...,  0.        ,
          0.03914912,  0.19417042],
        [-0.15489002,  0.12280954,  0.25638569, ..., -0.03914912,
          0.        ,  0.15561754],
        [-0.30674256, -0.03312616,  0.10284628, ..., -0.19417042,
         -0.15561754,  0.        ]],

       [[ 0.        , -0.01408827,  0.01389382, ...,  0.94700205,
          0.94700205,  0.70949086],
        [ 0.01408827,  0.        ,  0.02797935, ...,  0.94238253,
          0.94238253,  0.69949223],
        [-0.01389382, -0.02797935,  0.        , ...,  0.95137372,
          0.95137372,  0.71921355],
        ...,
        [-0.94700205, -0.94238253, -0.95137372, ...,  0.        ,
          0.        ,  0.43945823],
        [-0.94700205, -0.94238253, -0.95137372, ...,  0.        ,
          0.        ,  0.43945823],
        [-0.70949086, -0.69949223, -0.71921355, ..., -0.43945823,
         -0.43945823,  0.        ]],

       ...,

       [[ 0.        , -0.14610853,  0.54528711, ...,  0.94430482,
          0.92648975,  0.97810836],
        [ 0.14610853,  0.        ,  0.66191078, ...,  0.98225131,
          0.97153075,  0.99801649],
        [-0.54528711, -0.66191078,  0.        , ...,  0.61212416,
          0.57142698,  0.7064265 ],
        ...,
        [-0.94430482, -0.98225131, -0.61212416, ...,  0.        ,
         -0.05047892,  0.12536185],
        [-0.92648975, -0.97153075, -0.57142698, ...,  0.05047892,
          0.        ,  0.17528272],
        [-0.97810836, -0.99801649, -0.7064265 , ..., -0.12536185,
         -0.17528272,  0.        ]],

       [[ 0.        ,  0.00671584,  0.00211554, ...,  0.95746622,
          0.94982917,  0.70325368],
        [-0.00671584,  0.        , -0.00460034, ...,  0.95938246,
          0.95190826,  0.70801238],
        [-0.00211554,  0.00460034,  0.        , ...,  0.95807451,
          0.95048872,  0.70475613],
        ...,
        [-0.95746622, -0.95938246, -0.95807451, ...,  0.        ,
          0.0253971 ,  0.47777948],
        [-0.94982917, -0.95190826, -0.95048872, ..., -0.0253971 ,
          0.        ,  0.45531453],
        [-0.70325368, -0.70801238, -0.70475613, ..., -0.47777948,
         -0.45531453,  0.        ]],

       [[ 0.        , -0.03736571, -0.04351852, ...,  0.96841035,
          0.99578741,  0.97775607],
        [ 0.03736571,  0.        , -0.00615782, ...,  0.97705166,
          0.99166588,  0.96923598],
        [ 0.04351852,  0.00615782,  0.        , ...,  0.97834476,
          0.99085373,  0.96770196],
        ...,
        [-0.96841035, -0.97705166, -0.97834476, ...,  0.        ,
          0.33710699,  0.44693465],
        [-0.99578741, -0.99166588, -0.99085373, ..., -0.33710699,
          0.        ,  0.11920927],
        [-0.97775607, -0.96923598, -0.96770196, ..., -0.44693465,
         -0.11920927,  0.        ]]]), 'num': array([ 9.02611350e-01,  4.30454985e-01,  1.58176344e-04, -7.34978171e-11,
        2.95060858e-05,  2.95555098e-05,  2.90612705e-05,  1.10703671e-03,
       -4.94239294e-08,  2.87153030e-05,  2.72869514e-05,  2.37671439e-05,
        6.70347548e-07,  2.98039642e-05,  2.47699386e-05])}
{'img': array([[[ 0.        ,  0.19217826,  0.09372294, ...,  0.99849374,
          0.64141301,  0.74594048],
        [-0.19217826,  0.        , -0.0993564 , ...,  0.99042586,
          0.77689544,  0.86002932],
        [-0.09372294,  0.0993564 ,  0.        , ...,  0.99924087,
          0.71049356,  0.80507774],
        ...,
        [-0.99849374, -0.99042586, -0.99924087, ...,  0.        ,
          0.73084854,  0.62408281],
        [-0.64141301, -0.77689544, -0.71049356, ..., -0.73084854,
          0.        , -0.14509322],
        [-0.74594048, -0.86002932, -0.80507774, ..., -0.62408281,
          0.14509322,  0.        ]],

       [[ 0.        ,  0.13574034,  0.36885115, ..., -0.12280954,
          0.03312616, -0.00402796],
        [-0.13574034,  0.        ,  0.23926815, ..., -0.25638569,
         -0.10284628, -0.13972992],
        [-0.36885115, -0.23926815,  0.        , ..., -0.4802091 ,
         -0.33785834, -0.37259211],
        ...,
        [ 0.12280954,  0.25638569,  0.4802091 , ...,  0.        ,
          0.15561754,  0.11881107],
        [-0.03312616,  0.10284628,  0.33785834, ..., -0.15561754,
          0.        , -0.03715164],
        [ 0.00402796,  0.13972992,  0.37259211, ..., -0.11881107,
          0.03715164,  0.        ]],

       [[ 0.        ,  0.02716162,  0.03050332, ...,  0.9838191 ,
          0.93316682,  0.68475475],
        [-0.02716162,  0.        ,  0.00334308, ...,  0.98832253,
          0.9425856 ,  0.70429678],
        [-0.03050332, -0.00334308,  0.        , ...,  0.98882641,
          0.94369681,  0.70666612],
        ...,
        [-0.9838191 , -0.98832253, -0.98882641, ...,  0.        ,
          0.18643693,  0.59429751],
        [-0.93316682, -0.9425856 , -0.94369681, ..., -0.18643693,
          0.        ,  0.43393663],
        [-0.68475475, -0.70429678, -0.70666612, ..., -0.59429751,
         -0.43393663,  0.        ]],

       ...,

       [[ 0.        ,  0.66191078,  0.60115293, ...,  0.97153075,
          0.99801649,  0.99910863],
        [-0.66191078,  0.        , -0.07834163, ...,  0.57142698,
          0.7064265 ,  0.72097311],
        [-0.60115293,  0.07834163,  0.        , ...,  0.63396203,
          0.75970449,  0.77304511],
        ...,
        [-0.97153075, -0.57142698, -0.63396203, ...,  0.        ,
          0.17528272,  0.19569091],
        [-0.99801649, -0.7064265 , -0.75970449, ..., -0.17528272,
          0.        ,  0.02076751],
        [-0.99910863, -0.72097311, -0.77304511, ..., -0.19569091,
         -0.02076751,  0.        ]],

       [[ 0.        , -0.00448781, -0.02157753, ...,  0.98421768,
          0.92455831,  0.69562028],
        [ 0.00448781,  0.        , -0.01709055, ...,  0.9834136 ,
          0.92283896,  0.69238919],
        [ 0.02157753,  0.01709055,  0.        , ...,  0.98017013,
          0.91612114,  0.67995682],
        ...,
        [-0.98421768, -0.9834136 , -0.98017013, ...,  0.        ,
          0.21141518,  0.58397312],
        [-0.92455831, -0.92283896, -0.91612114, ..., -0.21141518,
          0.        ,  0.39915206],
        [-0.69562028, -0.69238919, -0.67995682, ..., -0.58397312,
         -0.39915206,  0.        ]],

       [[ 0.        , -0.0060876 , -0.02477169, ...,  0.99996948,
          0.99979594,  0.96643736],
        [ 0.0060876 ,  0.        , -0.0186855 , ...,  0.99999851,
          0.99965443,  0.96485554],
        [ 0.02477169,  0.0186855 ,  0.        , ...,  0.99985615,
          0.99898871,  0.95977689],
        ...,
        [-0.99996948, -0.99999851, -0.99985615, ...,  0.        ,
          0.02801119,  0.26444453],
        [-0.99979594, -0.99965443, -0.99898871, ..., -0.02801119,
          0.        ,  0.23732674],
        [-0.96643736, -0.96485554, -0.95977689, ..., -0.26444453,
         -0.23732674,  0.        ]]]), 'num': array([ 9.50195275e-01,  3.11602973e-01,  2.05997517e-04, -9.83870898e-10,
        3.14546499e-05,  3.19619830e-05,  2.98311841e-05,  5.69892303e-03,
        1.16686604e-06,  2.99529440e-05,  2.82178650e-05,  2.45566113e-05,
        7.65069111e-07,  3.11798559e-05,  2.52558740e-05])}
{'img': array([[[ 0.        , -0.09308863, -0.13572356, ...,  0.99724386,
          0.99826555,  0.74393998],
        [ 0.09308863,  0.        , -0.04290697, ...,  0.98600707,
          0.98845061,  0.67850351],
        [ 0.13572356,  0.04290697,  0.        , ...,  0.97794628,
          0.98103806,  0.64635932],
        ...,
        [-0.99724386, -0.98600707, -0.97794628, ...,  0.        ,
         -0.0153554 ,  0.61120906],
        [-0.99826555, -0.98845061, -0.98103806, ...,  0.0153554 ,
          0.        ,  0.62329032],
        [-0.74393998, -0.67850351, -0.64635932, ..., -0.61120906,
         -0.62329032,  0.        ]],

       [[ 0.        ,  0.23926815, -0.3412591 , ..., -0.10284628,
         -0.13972992,  0.59649063],
        [-0.23926815,  0.        , -0.55625144, ..., -0.33785834,
         -0.37259211,  0.38712327],
        [ 0.3412591 ,  0.55625144,  0.        , ...,  0.24277715,
          0.2065694 ,  0.83458426],
        ...,
        [ 0.10284628,  0.33785834, -0.24277715, ...,  0.        ,
         -0.03715164,  0.67587409],
        [ 0.13972992,  0.37259211, -0.2065694 , ...,  0.03715164,
          0.        ,  0.70278889],
        [-0.59649063, -0.38712327, -0.83458426, ..., -0.67587409,
         -0.70278889,  0.        ]],

       [[ 0.        ,  0.00323965,  0.00323965, ...,  0.98565226,
          0.93978028,  0.68860182],
        [-0.00323965,  0.        ,  0.        , ...,  0.9861939 ,
          0.9408826 ,  0.69094741],
        [-0.00323965,  0.        ,  0.        , ...,  0.9861939 ,
          0.9408826 ,  0.69094741],
        ...,
        [-0.98565226, -0.9861939 , -0.9861939 , ...,  0.        ,
          0.17825115,  0.59850735],
        [-0.93978028, -0.9408826 , -0.9408826 , ..., -0.17825115,
          0.        ,  0.44612218],
        [-0.68860182, -0.69094741, -0.69094741, ..., -0.59850735,
         -0.44612218,  0.        ]],

       ...,

       [[ 0.        , -0.07834163, -0.09282483, ...,  0.7064265 ,
          0.72097311,  0.85345241],
        [ 0.07834163,  0.        , -0.01453616, ...,  0.75970449,
          0.77304511,  0.89165875],
        [ 0.09282483,  0.01453616,  0.        , ...,  0.76907663,
          0.78218446,  0.89814518],
        ...,
        [-0.7064265 , -0.75970449, -0.76907663, ...,  0.        ,
          0.02076751,  0.23589315],
        [-0.72097311, -0.77304511, -0.78218446, ..., -0.02076751,
          0.        ,  0.21566085],
        [-0.85345241, -0.89165875, -0.89814518, ..., -0.23589315,
         -0.21566085,  0.        ]],

       [[ 0.        , -0.01637393, -0.04904357, ...,  0.98750987,
          0.95736287,  0.67095648],
        [ 0.01637393,  0.        , -0.03268276, ...,  0.98479766,
          0.95250429,  0.65872531],
        [ 0.04904357,  0.03268276,  0.        , ...,  0.97859438,
          0.94204271,  0.63378343],
        ...,
        [-0.98750987, -0.98479766, -0.97859438, ...,  0.        ,
          0.13444051,  0.62652137],
        [-0.95736287, -0.95250429, -0.94204271, ..., -0.13444051,
          0.        ,  0.51605009],
        [-0.67095648, -0.65872531, -0.63378343, ..., -0.62652137,
         -0.51605009,  0.        ]],

       [[ 0.        , -0.0186855 , -0.03704764, ...,  0.99965443,
          0.96485554,  0.99798647],
        [ 0.0186855 ,  0.        , -0.0183685 , ...,  0.99898871,
          0.95977689,  0.9989974 ],
        [ 0.03704764,  0.0183685 ,  0.        , ...,  0.99799429,
          0.95445775,  0.99965118],
        ...,
        [-0.99965443, -0.99898871, -0.99799429, ...,  0.        ,
          0.23732674, -0.08963943],
        [-0.96485554, -0.95977689, -0.95445775, ..., -0.23732674,
          0.        , -0.32344975],
        [-0.99798647, -0.9989974 , -0.99965118, ...,  0.08963943,
          0.32344975,  0.        ]]]), 'num': array([9.83662390e-01, 1.79926123e-01, 2.41725202e-04, 2.43668677e-08,
       3.29954553e-05, 3.30450726e-05, 3.09115318e-05, 5.90150264e-03,
       2.23277517e-06, 3.02466610e-05, 2.79543452e-05, 2.41991481e-05,
       8.62505051e-07, 3.15736693e-05, 2.43350210e-05])}
{'img': array([[[ 0.        , -0.0384736 ,  0.03670365, ...,  0.98270456,
          0.99950707,  0.62421826],
        [ 0.0384736 ,  0.        ,  0.07512415, ...,  0.98910153,
          0.9975592 ,  0.5936986 ],
        [-0.03670365, -0.07512415,  0.        , ...,  0.97524561,
          0.99998589,  0.65247239],
        ...,
        [-0.98270456, -0.98910153, -0.97524561, ...,  0.        ,
          0.21594054,  0.88333088],
        [-0.99950707, -0.9975592 , -0.99998589, ..., -0.21594054,
          0.        ,  0.7612679 ],
        [-0.62421826, -0.5936986 , -0.65247239, ..., -0.88333088,
         -0.7612679 ,  0.        ]],

       [[ 0.        , -0.55625144, -0.41783963, ..., -0.37259211,
          0.38712327,  0.42796794],
        [ 0.55625144,  0.        ,  0.1581354 , ...,  0.2065694 ,
          0.83458426,  0.85838403],
        [ 0.41783963, -0.1581354 ,  0.        , ...,  0.0492455 ,
          0.73696937,  0.7664587 ],
        ...,
        [ 0.37259211, -0.2065694 , -0.0492455 , ...,  0.        ,
          0.70278889,  0.73389868],
        [-0.38712327, -0.83458426, -0.73696937, ..., -0.70278889,
          0.        ,  0.04471876],
        [-0.42796794, -0.85838403, -0.7664587 , ..., -0.73389868,
         -0.04471876,  0.        ]],

       [[ 0.        ,  0.        ,  0.01511977, ...,  0.99766324,
          0.9770445 ,  0.66172377],
        [ 0.        ,  0.        ,  0.01511977, ...,  0.99766324,
          0.9770445 ,  0.66172377],
        [-0.01511977, -0.01511977,  0.        , ...,  0.99858223,
          0.98015386,  0.67298414],
        ...,
        [-0.99766324, -0.99766324, -0.99858223, ...,  0.        ,
          0.14578271,  0.70278468],
        [-0.9770445 , -0.9770445 , -0.98015386, ..., -0.14578271,
          0.        ,  0.59156637],
        [-0.66172377, -0.66172377, -0.67298414, ..., -0.70278468,
         -0.59156637,  0.        ]],

       ...,

       [[ 0.        , -0.01453616,  0.15505122, ...,  0.77304511,
          0.89165875,  0.99940075],
        [ 0.01453616,  0.        ,  0.1693952 , ...,  0.78218446,
          0.89814518,  0.99979831],
        [-0.15505122, -0.1693952 ,  0.        , ...,  0.66533933,
          0.81068246,  0.98194746],
        ...,
        [-0.77304511, -0.78218446, -0.66533933, ...,  0.        ,
          0.21566085,  0.6072126 ],
        [-0.89165875, -0.89814518, -0.81068246, ..., -0.21566085,
          0.        ,  0.42157283],
        [-0.99940075, -0.99979831, -0.98194746, ..., -0.6072126 ,
         -0.42157283,  0.        ]],

       [[ 0.        , -0.03043514, -0.08118303, ...,  0.99987698,
          0.98138113,  0.62347185],
        [ 0.03043514,  0.        , -0.05081074, ...,  0.9989364 ,
          0.97508081,  0.59938744],
        [ 0.08118303,  0.05081074,  0.        , ...,  0.99530322,
          0.96254894,  0.55794129],
        ...,
        [-0.99987698, -0.9989364 , -0.99530322, ...,  0.        ,
          0.17665365,  0.7719703 ],
        [-0.98138113, -0.97508081, -0.96254894, ..., -0.17665365,
          0.        ,  0.64753817],
        [-0.62347185, -0.59938744, -0.55794129, ..., -0.7719703 ,
         -0.64753817,  0.        ]],

       [[ 0.        , -0.0183685 , -0.01517424, ...,  0.95977689,
          0.9989974 ,  0.95232059],
        [ 0.0183685 ,  0.        ,  0.0031947 , ...,  0.95445775,
          0.99965118,  0.95776413],
        [ 0.01517424, -0.0031947 ,  0.        , ...,  0.95540601,
          0.99956171,  0.95684059],
        ...,
        [-0.95977689, -0.95445775, -0.95540601, ...,  0.        ,
         -0.32344975, -0.56020428],
        [-0.9989974 , -0.99965118, -0.99956171, ...,  0.32344975,
          0.        , -0.26215964],
        [-0.95232059, -0.95776413, -0.95684059, ...,  0.56020428,
          0.26215964,  0.        ]]]), 'num': array([9.99985268e-01, 9.10269502e-06, 2.87762928e-04, 8.15588492e-08,
       3.35438655e-05, 3.38817174e-05, 3.19028707e-05, 5.41970407e-03,
       1.44793664e-06, 3.06479922e-05, 2.75856062e-05, 2.37469653e-05,
       8.51248265e-07, 3.19884845e-05, 2.31827280e-05])}
{'img': array([[[ 0.00000000e+00,  7.06299096e-02,  2.43270585e-02, ...,
          9.94521392e-01,  9.52068866e-01,  5.64877427e-01],
        [-7.06299096e-02,  0.00000000e+00, -4.63427030e-02, ...,
          9.84654489e-01,  9.71295701e-01,  6.21748720e-01],
        [-2.43270585e-02,  4.63427030e-02,  0.00000000e+00, ...,
          9.91684080e-01,  9.59228356e-01,  5.84784330e-01],
        ...,
        [-9.94521392e-01, -9.84654489e-01, -9.91684080e-01, ...,
          0.00000000e+00,  4.03730800e-01,  8.79702491e-01],
        [-9.52068866e-01, -9.71295701e-01, -9.59228356e-01, ...,
         -4.03730800e-01,  0.00000000e+00,  6.12836428e-01],
        [-5.64877427e-01, -6.21748720e-01, -5.84784330e-01, ...,
         -8.79702491e-01, -6.12836428e-01,  0.00000000e+00]],

       [[ 0.00000000e+00,  1.58135397e-01, -8.58242790e-02, ...,
          8.34584256e-01,  8.58384034e-01,  8.34436346e-01],
        [-1.58135397e-01,  0.00000000e+00, -2.42296313e-01, ...,
          7.36969371e-01,  7.66458695e-01,  7.36787897e-01],
        [ 8.58242790e-02,  2.42296313e-01,  0.00000000e+00, ...,
          8.78783788e-01,  8.99245357e-01,  8.78655650e-01],
        ...,
        [-8.34584256e-01, -7.36969371e-01, -8.78783788e-01, ...,
          0.00000000e+00,  4.47187568e-02, -2.68442311e-04],
        [-8.58384034e-01, -7.66458695e-01, -8.99245357e-01, ...,
         -4.47187568e-02,  0.00000000e+00, -4.49869289e-02],
        [-8.34436346e-01, -7.36787897e-01, -8.78655650e-01, ...,
          2.68442311e-04,  4.49869289e-02,  0.00000000e+00]],

       [[ 0.00000000e+00,  1.41183421e-02,  2.79979439e-02, ...,
          9.99415318e-01,  9.79220748e-01,  6.28047118e-01],
        [-1.41183421e-02,  0.00000000e+00,  1.38823459e-02, ...,
          9.98832988e-01,  9.81986311e-01,  6.38971066e-01],
        [-2.79979439e-02, -1.38823459e-02,  0.00000000e+00, ...,
          9.98066251e-01,  9.84514781e-01,  6.49588220e-01],
        ...,
        [-9.99415318e-01, -9.98832988e-01, -9.98066251e-01, ...,
          0.00000000e+00,  2.36159187e-01,  7.99193865e-01],
        [-9.79220748e-01, -9.81986311e-01, -9.84514781e-01, ...,
         -2.36159187e-01,  0.00000000e+00,  6.34639180e-01],
        [-6.28047118e-01, -6.38971066e-01, -6.49588220e-01, ...,
         -7.99193865e-01, -6.34639180e-01,  0.00000000e+00]],

       ...,

       [[ 0.00000000e+00,  1.69395200e-01,  1.40872554e-01, ...,
          8.98145179e-01,  9.99798315e-01,  9.98778349e-01],
        [-1.69395200e-01,  0.00000000e+00, -2.88692547e-02, ...,
          8.10682465e-01,  9.81947458e-01,  9.92714817e-01],
        [-1.40872554e-01,  2.88692547e-02,  0.00000000e+00, ...,
          8.27247116e-01,  9.86998910e-01,  9.95779441e-01],
        ...,
        [-8.98145179e-01, -8.10682465e-01, -8.27247116e-01, ...,
          0.00000000e+00,  4.21572828e-01,  4.83543413e-01],
        [-9.99798315e-01, -9.81947458e-01, -9.86998910e-01, ...,
         -4.21572828e-01,  0.00000000e+00,  6.94632432e-02],
        [-9.98778349e-01, -9.92714817e-01, -9.95779441e-01, ...,
         -4.83543413e-01, -6.94632432e-02,  0.00000000e+00]],

       [[ 0.00000000e+00, -4.71955347e-02, -1.10734110e-01, ...,
          9.99564221e-01,  9.70179773e-01,  5.64178364e-01],
        [ 4.71955347e-02,  0.00000000e+00, -6.37054305e-02, ...,
          9.99843539e-01,  9.57659112e-01,  5.24582551e-01],
        [ 1.10734110e-01,  6.37054305e-02,  0.00000000e+00, ...,
          9.96685724e-01,  9.37372781e-01,  4.69280761e-01],
        ...,
        [-9.99564221e-01, -9.99843539e-01, -9.96685724e-01, ...,
          0.00000000e+00,  2.70919555e-01,  8.41947092e-01],
        [-9.70179773e-01, -9.57659112e-01, -9.37372781e-01, ...,
         -2.70919555e-01,  0.00000000e+00,  6.64282568e-01],
        [-5.64178364e-01, -5.24582551e-01, -4.69280761e-01, ...,
         -8.41947092e-01, -6.64282568e-01,  0.00000000e+00]],

       [[ 0.00000000e+00,  3.19470194e-03,  8.49824747e-03, ...,
          9.99651182e-01,  9.57764131e-01,  8.58317831e-01],
        [-3.19470194e-03,  0.00000000e+00,  5.30361752e-03, ...,
          9.99561707e-01,  9.56840591e-01,  8.56674190e-01],
        [-8.49824747e-03, -5.30361752e-03,  0.00000000e+00, ...,
          9.99390640e-01,  9.55285832e-01,  8.53926229e-01],
        ...,
        [-9.99651182e-01, -9.99561707e-01, -9.99390640e-01, ...,
          0.00000000e+00, -2.62159642e-01, -4.90270812e-01],
        [-9.57764131e-01, -9.56840591e-01, -9.55285832e-01, ...,
          2.62159642e-01,  0.00000000e+00, -2.44632835e-01],
        [-8.58317831e-01, -8.56674190e-01, -8.53926229e-01, ...,
          4.90270812e-01,  2.44632835e-01,  0.00000000e+00]]]), 'num': array([ 9.13335892e-01,  4.07203509e-01,  1.47560461e-04,  1.17834119e-07,
        3.04825574e-05,  3.10602152e-05,  3.02159461e-05,  1.68036208e-03,
       -3.99916933e-07,  2.89984212e-05,  2.57257676e-05,  2.20494942e-05,
        7.25111963e-07,  3.02784563e-05,  2.11730790e-05])}
{'img': array([[[ 0.        , -0.0463427 ,  0.03305363, ...,  0.9712957 ,
          0.62174872,  0.85608604],
        [ 0.0463427 ,  0.        ,  0.0793355 , ...,  0.95922836,
          0.58478433,  0.83121481],
        [-0.03305363, -0.0793355 ,  0.        , ...,  0.97862761,
          0.64729714,  0.87270148],
        ...,
        [-0.9712957 , -0.95922836, -0.97862761, ...,  0.        ,
          0.61283643,  0.29835626],
        [-0.62174872, -0.58478433, -0.64729714, ..., -0.61283643,
          0.        , -0.3491605 ],
        [-0.85608604, -0.83121481, -0.87270148, ..., -0.29835626,
          0.3491605 ,  0.        ]],

       [[ 0.        , -0.24229631, -0.15144989, ...,  0.7664587 ,
          0.7367879 ,  0.23026331],
        [ 0.24229631,  0.        ,  0.09256438, ...,  0.89924536,
          0.87865565,  0.45918741],
        [ 0.15144989, -0.09256438,  0.        , ...,  0.85489284,
          0.8306879 ,  0.37498739],
        ...,
        [-0.7664587 , -0.89924536, -0.85489284, ...,  0.        ,
         -0.04498693, -0.59796604],
        [-0.7367879 , -0.87865565, -0.8306879 , ...,  0.04498693,
          0.        , -0.56130266],
        [-0.23026331, -0.45918741, -0.37498739, ...,  0.59796604,
          0.56130266,  0.        ]],

       [[ 0.        ,  0.01330177,  0.01065918, ...,  0.99946788,
          0.93681824,  0.61813793],
        [-0.01330177,  0.        , -0.00264278, ...,  0.99981333,
          0.94138854,  0.62853936],
        [-0.01065918,  0.00264278,  0.        , ...,  0.99975878,
          0.94049378,  0.62648167],
        ...,
        [-0.99946788, -0.99981333, -0.99975878, ...,  0.        ,
          0.31907274,  0.76548863],
        [-0.93681824, -0.94138854, -0.94049378, ..., -0.31907274,
          0.        ,  0.52016955],
        [-0.61813793, -0.62853936, -0.62648167, ..., -0.76548863,
         -0.52016955,  0.        ]],

       ...,

       [[ 0.        , -0.02886925,  0.09565587, ...,  0.98194746,
          0.99271482,  0.91376874],
        [ 0.02886925,  0.        ,  0.12435288, ...,  0.98699891,
          0.99577944,  0.92511557],
        [-0.09565587, -0.12435288,  0.        , ...,  0.95935102,
          0.97663733,  0.87071988],
        ...,
        [-0.98194746, -0.98699891, -0.95935102, ...,  0.        ,
          0.06946324, -0.2260583 ],
        [-0.99271482, -0.99577944, -0.97663733, ..., -0.06946324,
          0.        , -0.29317736],
        [-0.91376874, -0.92511557, -0.87071988, ...,  0.2260583 ,
          0.29317736,  0.        ]],

       [[ 0.        , -0.06087359, -0.14617239, ...,  0.99272347,
          0.89503145,  0.50433285],
        [ 0.06087359,  0.        , -0.08568156, ...,  0.98355227,
          0.86622179,  0.45083263],
        [ 0.14617239,  0.08568156,  0.        , ...,  0.9644592 ,
          0.82022471,  0.37269465],
        ...,
        [-0.99272347, -0.98355227, -0.9644592 , ...,  0.        ,
          0.33498119,  0.79649603],
        [-0.89503145, -0.86622179, -0.82022471, ..., -0.33498119,
          0.        ,  0.54793404],
        [-0.50433285, -0.45083263, -0.37269465, ..., -0.79649603,
         -0.54793404,  0.        ]],

       [[ 0.        ,  0.00530362,  0.03244454, ...,  0.95684059,
          0.85667419,  0.81296507],
        [-0.00530362,  0.        ,  0.02714326, ...,  0.95528583,
          0.85392623,  0.80986527],
        [-0.03244454, -0.02714326,  0.        , ...,  0.94690803,
          0.83948641,  0.79364421],
        ...,
        [-0.95684059, -0.95528583, -0.94690803, ...,  0.        ,
         -0.24463284, -0.32092174],
        [-0.85667419, -0.85392623, -0.83948641, ...,  0.24463284,
          0.        , -0.07947763],
        [-0.81296507, -0.80986527, -0.79364421, ...,  0.32092174,
          0.07947763,  0.        ]]]), 'num': array([ 8.82541421e-01,  4.70227096e-01,  1.20559744e-04,  1.06865188e-07,
        2.94132062e-05,  2.99722292e-05,  2.74781269e-05,  2.66403665e-03,
       -8.60035270e-08,  2.88111816e-05,  2.52097839e-05,  2.15130656e-05,
        6.78730538e-07,  2.99509014e-05,  2.04686664e-05])}
{'img': array([[[ 0.        ,  0.0793355 ,  0.0463427 , ...,  0.58478433,
          0.83121481,  0.85179662],
        [-0.0793355 ,  0.        , -0.03305363, ...,  0.64729714,
          0.87270148,  0.89067343],
        [-0.0463427 ,  0.03305363,  0.        , ...,  0.62174872,
          0.85608604,  0.87515912],
        ...,
        [-0.58478433, -0.64729714, -0.62174872, ...,  0.        ,
         -0.3491605 , -0.38461538],
        [-0.83121481, -0.87270148, -0.85608604, ...,  0.3491605 ,
          0.        , -0.03810683],
        [-0.85179662, -0.89067343, -0.87515912, ...,  0.38461538,
          0.03810683,  0.        ]],

       [[ 0.        ,  0.09256438,  0.15210559, ...,  0.87865565,
          0.45918741,  0.6441869 ],
        [-0.09256438,  0.        ,  0.05996523, ...,  0.8306879 ,
          0.37498739,  0.57062167],
        [-0.15210559, -0.05996523,  0.        , ...,  0.7958081 ,
          0.31872302,  0.52035059],
        ...,
        [-0.87865565, -0.8306879 , -0.7958081 , ...,  0.        ,
         -0.56130266, -0.36448478],
        [-0.45918741, -0.37498739, -0.31872302, ...,  0.56130266,
          0.        ,  0.22103881],
        [-0.6441869 , -0.57062167, -0.52035059, ...,  0.36448478,
         -0.22103881,  0.        ]],

       [[ 0.        , -0.0025417 ,  0.00505836, ...,  0.98693992,
          0.92472462,  0.60957281],
        [ 0.0025417 ,  0.        ,  0.00760001, ...,  0.98652729,
          0.92375417,  0.60755596],
        [-0.00505836, -0.00760001,  0.        , ...,  0.98774213,
          0.92663819,  0.61357493],
        ...,
        [-0.98693992, -0.98652729, -0.98774213, ...,  0.        ,
          0.22670288,  0.68418161],
        [-0.92472462, -0.92375417, -0.92663819, ..., -0.22670288,
          0.        ,  0.50103118],
        [-0.60957281, -0.60755596, -0.61357493, ..., -0.68418161,
         -0.50103118,  0.        ]],

       ...,

       [[ 0.        ,  0.12435288,  0.50193174, ...,  0.99577944,
          0.92511557,  0.88526907],
        [-0.12435288,  0.        ,  0.39048207, ...,  0.97663733,
          0.87071988,  0.82056373],
        [-0.50193174, -0.39048207,  0.        , ...,  0.81519027,
          0.60956289,  0.53223761],
        ...,
        [-0.99577944, -0.97663733, -0.81519027, ...,  0.        ,
         -0.29317736, -0.38186758],
        [-0.92511557, -0.87071988, -0.60956289, ...,  0.29317736,
          0.        , -0.09412807],
        [-0.88526907, -0.82056373, -0.53223761, ...,  0.38186758,
          0.09412807,  0.        ]],

       [[ 0.        , -0.08286437, -0.15304965, ...,  0.93776619,
          0.81714799,  0.43737518],
        [ 0.08286437,  0.        , -0.07063518, ...,  0.90576498,
          0.76657234,  0.36135277],
        [ 0.15304965,  0.07063518,  0.        , ...,  0.87356877,
          0.71929867,  0.29458789],
        ...,
        [-0.93776619, -0.90576498, -0.87356877, ...,  0.        ,
          0.25678587,  0.69142748],
        [-0.81714799, -0.76657234, -0.71929867, ..., -0.25678587,
          0.        ,  0.48272887],
        [-0.43737518, -0.36135277, -0.29458789, ..., -0.69142748,
         -0.48272887,  0.        ]],

       [[ 0.        ,  0.02714326,  0.04070691, ...,  0.85392623,
          0.80986527,  0.80398152],
        [-0.02714326,  0.        ,  0.01357114, ...,  0.83948641,
          0.79364421,  0.78754444],
        [-0.04070691, -0.01357114,  0.        , ...,  0.8320348 ,
          0.78531468,  0.77910859],
        ...,
        [-0.85392623, -0.83948641, -0.8320348 , ...,  0.        ,
         -0.07947763, -0.08940367],
        [-0.80986527, -0.79364421, -0.78531468, ...,  0.07947763,
          0.        , -0.00996149],
        [-0.80398152, -0.78754444, -0.77910859, ...,  0.08940367,
          0.00996149,  0.        ]]]), 'num': array([9.48706817e-01, 3.16096156e-01, 1.77201861e-04, 1.10255992e-07,
       3.20812741e-05, 3.27552504e-05, 3.05985261e-05, 6.20942496e-03,
       1.34795269e-06, 3.09489938e-05, 2.67433814e-05, 2.26867927e-05,
       7.49572430e-07, 3.21677146e-05, 2.13190483e-05])}
{'img': array([[[ 0.        , -0.03188092, -0.03188092, ...,  0.96261347,
          0.96842874,  0.62943989],
        [ 0.03188092,  0.        ,  0.        , ...,  0.95348828,
          0.95998885,  0.60434688],
        [ 0.03188092,  0.        ,  0.        , ...,  0.95348828,
          0.95998885,  0.60434688],
        ...,
        [-0.96261347, -0.95348828, -0.95348828, ...,  0.        ,
         -0.02235636,  0.5774961 ],
        [-0.96842874, -0.95998885, -0.95998885, ...,  0.02235636,
          0.        ,  0.59560335],
        [-0.62943989, -0.60434688, -0.60434688, ..., -0.5774961 ,
         -0.59560335,  0.        ]],

       [[ 0.        ,  0.05996523, -0.11355087, ...,  0.37498739,
          0.57062167,  0.91400854],
        [-0.05996523,  0.        , -0.17292392, ...,  0.31872302,
          0.52035059,  0.88803616],
        [ 0.11355087,  0.17292392,  0.        , ...,  0.47782709,
          0.66018046,  0.95416391],
        ...,
        [-0.37498739, -0.31872302, -0.47782709, ...,  0.        ,
          0.22103881,  0.69518276],
        [-0.57062167, -0.52035059, -0.66018046, ..., -0.22103881,
          0.        ,  0.51909743],
        [-0.91400854, -0.88803616, -0.95416391, ..., -0.69518276,
         -0.51909743,  0.        ]],

       [[ 0.        ,  0.00730927,  0.02171418, ...,  0.97968378,
          0.91536131,  0.58888179],
        [-0.00730927,  0.        ,  0.01440606, ...,  0.98112348,
          0.91827981,  0.59477355],
        [-0.02171418, -0.01440606,  0.        , ...,  0.98380754,
          0.92388834,  0.60629276],
        ...,
        [-0.97968378, -0.98112348, -0.98380754, ...,  0.        ,
          0.21087914,  0.67369989],
        [-0.91536131, -0.91827981, -0.92388834, ..., -0.21087914,
          0.        ,  0.50270907],
        [-0.58888179, -0.59477355, -0.60629276, ..., -0.67369989,
         -0.50270907,  0.        ]],

       ...,

       [[ 0.        ,  0.39048207,  0.35501918, ...,  0.87071988,
          0.82056373,  0.90309384],
        [-0.39048207,  0.        , -0.03821129, ...,  0.60956289,
          0.53223761,  0.66370781],
        [-0.35501918,  0.03821129,  0.        , ...,  0.63940924,
          0.5641984 ,  0.69180483],
        ...,
        [-0.87071988, -0.60956289, -0.63940924, ...,  0.        ,
         -0.09412807,  0.07019808],
        [-0.82056373, -0.53223761, -0.5641984 , ...,  0.09412807,
          0.        ,  0.16378228],
        [-0.90309384, -0.66370781, -0.69180483, ..., -0.07019808,
         -0.16378228,  0.        ]],

       [[ 0.        , -0.0679044 , -0.15213393, ...,  0.89021769,
          0.78740168,  0.34817757],
        [ 0.0679044 ,  0.        , -0.08466879, ...,  0.85723006,
          0.74372522,  0.28371839],
        [ 0.15213393,  0.08466879,  0.        , ...,  0.81055307,
          0.68445476,  0.20151005],
        ...,
        [-0.89021769, -0.85723006, -0.81055307, ...,  0.        ,
          0.19007671,  0.67590833],
        [-0.78740168, -0.74372522, -0.68445476, ..., -0.19007671,
          0.        ,  0.52350219],
        [-0.34817757, -0.28371839, -0.20151005, ..., -0.67590833,
         -0.52350219,  0.        ]],

       [[ 0.        ,  0.01357114,  0.0284411 , ...,  0.79364421,
          0.78754444,  0.76870318],
        [-0.01357114,  0.        ,  0.01487283, ...,  0.78531468,
          0.77910859,  0.75995221],
        [-0.0284411 , -0.01487283,  0.        , ...,  0.7760201 ,
          0.7696988 ,  0.75020113],
        ...,
        [-0.79364421, -0.78531468, -0.7760201 , ...,  0.        ,
         -0.00996149, -0.03995403],
        [-0.78754444, -0.77910859, -0.7696988 , ...,  0.00996149,
          0.        , -0.02999851],
        [-0.76870318, -0.75995221, -0.75020113, ...,  0.03995403,
