state_0,state_1,state_2,state_3,state_4,state_5,state_6,state_7,state_8,state_9,state_10,state_11,state_12,state_13,state_14,state_15,state_16,state_17,state_18,state_19,state_20,state_21,state_22,state_23,state_24,state_25,state_26,state_27,state_28,state_29,state_30,state_31,state_32,state_33,state_34,state_35,state_36,state_37,state_38,state_39,state_40,state_41,state_42,state_43,state_44,state_45,state_46,state_47,state_48,state_49,state_50,state_51,state_52,state_53,state_54,state_55,state_56,state_57,state_58,state_59,state_60,state_61,state_62,state_63,state_64,state_65,state_66,state_67,state_68,state_69,state_70,state_71,state_72,state_73,state_74,state_75,state_76,state_77,state_78,state_79,state_80,state_81,state_82,state_83,state_84,state_85,state_86,state_87,state_88,state_89,state_90,state_91,state_92,state_93,state_94,state_95,state_96,state_97,state_98,state_99,state_100,state_101,state_102,state_103,state_104,state_105,state_106,state_107,state_108,state_109,state_110,state_111,state_112,state_113,state_114,state_115,state_116,state_117,state_118,state_119,state_120,state_121,state_122,state_123,state_124,state_125,state_126,state_127,state_128,state_129,state_130,state_131,state_132,state_133,state_134,state_135,state_136,state_137,state_138,state_139,state_140,state_141,state_142,state_143,state_144,state_145,state_146,state_147,state_148,state_149,state_150,state_151,state_152,state_153,state_154,state_155,state_156,state_157,state_158,state_159,state_160,state_161,state_162,state_163,state_164,state_165,state_166,state_167,state_168,state_169,state_170,state_171,state_172,state_173,state_174,state_175,state_176,state_177,state_178,state_179,state_180,state_181,state_182,state_183,state_184,state_185,state_186,state_187,state_188,state_189,state_190,state_191,state_192,state_193,state_194,state_195,state_196,state_197,state_198,state_199,state_200,state_201,state_202,state_203,state_204,state_205,state_206,state_207,state_208,state_209,state_210,state_211,state_212,state_213,state_214,state_215,state_216,state_217,state_218,state_219,state_220,state_221,state_222,state_223,state_224,state_225,state_226,state_227,state_228,state_229,state_230,state_231,state_232,state_233,state_234,state_235,state_236,state_237,state_238,state_239,state_240,state_241,state_242,state_243,state_244,state_245,state_246,state_247,state_248,state_249,state_250,state_251,state_252,state_253,state_254,state_255,state_256,state_257,state_258,state_259,state_260,state_261,state_262,state_263,state_264,state_265,state_266,state_267,state_268,state_269,state_270,state_271,state_272,state_273,state_274,state_275,state_276,state_277,state_278,state_279,state_280,state_281,state_282,state_283,state_284,state_285,state_286,state_287
{'img': array([[[ 0.        , -0.83936483, -0.5988919 , ..., -0.75868961,
         -0.69620572, -0.74411657],
        [ 0.83936483,  0.        ,  0.34664968, ..., -0.95920588,
         -0.98096707, -0.96521581],
        [ 0.5988919 , -0.34664968,  0.        , ..., -0.9977308 ,
         -0.98745229, -0.99600039],
        ...,
        [ 0.75868961,  0.95920588,  0.9977308 , ...,  0.        ,
         -0.09107471, -0.022086  ],
        [ 0.69620572,  0.98096707,  0.98745229, ...,  0.09107471,
          0.        ,  0.06905829],
        [ 0.74411657,  0.96521581,  0.99600039, ...,  0.022086  ,
         -0.06905829,  0.        ]],

       [[ 0.        , -0.09396305, -0.07681294, ...,  0.09545108,
          0.07122308, -0.39792886],
        [ 0.09396305,  0.        ,  0.01721234, ...,  0.1885628 ,
          0.16463239, -0.30996506],
        [ 0.07681294, -0.01721234,  0.        , ...,  0.1716313 ,
          0.14763052, -0.32628374],
        ...,
        [-0.09545108, -0.1885628 , -0.1716313 , ...,  0.        ,
         -0.02431079, -0.48368034],
        [-0.07122308, -0.16463239, -0.14763052, ...,  0.02431079,
          0.        , -0.46225949],
        [ 0.39792886,  0.30996506,  0.32628374, ...,  0.48368034,
          0.46225949,  0.        ]],

       [[ 0.        ,  0.09862837,  0.28813041, ..., -0.64963943,
         -0.73297999, -0.80184933],
        [-0.09862837,  0.        ,  0.19227993, ..., -0.57149053,
         -0.66231425, -0.73900674],
        [-0.28813041, -0.19227993,  0.        , ..., -0.40304001,
         -0.5058944 , -0.59567835],
        ...,
        [ 0.64963943,  0.57149053,  0.40304001, ...,  0.        ,
          0.11532516,  0.22142328],
        [ 0.73297999,  0.66231425,  0.5058944 , ..., -0.11532516,
          0.        ,  0.10748337],
        [ 0.80184933,  0.73900674,  0.59567835, ..., -0.22142328,
         -0.10748337,  0.        ]],

       ...,

       [[ 0.        , -0.6814115 , -0.767161  , ..., -0.98869228,
         -0.99116287, -0.99999942],
        [ 0.6814115 ,  0.        , -0.12439099, ..., -0.62144091,
         -0.63504304, -0.73116417],
        [ 0.767161  ,  0.12439099,  0.        , ..., -0.51915886,
         -0.53402169, -0.6406257 ],
        ...,
        [ 0.98869228,  0.62144091,  0.51915886, ...,  0.        ,
         -0.01748282, -0.14889069],
        [ 0.99116287,  0.63504304,  0.53402169, ...,  0.01748282,
          0.        , -0.13157998],
        [ 0.99999942,  0.73116417,  0.6406257 , ...,  0.14889069,
          0.13157998,  0.        ]],

       [[ 0.        ,  0.14887891,  0.51023636, ..., -0.67191535,
         -0.70058168, -0.74262607],
        [-0.14887891,  0.        ,  0.37650904, ..., -0.55416326,
         -0.58653815, -0.63464468],
        [-0.51023636, -0.37650904,  0.        , ..., -0.19997488,
         -0.23843373, -0.29697533],
        ...,
        [ 0.67191535,  0.55416326,  0.19997488, ...,  0.        ,
          0.03941025,  0.10002369],
        [ 0.70058168,  0.58653815,  0.23843373, ..., -0.03941025,
          0.        ,  0.06073337],
        [ 0.74262607,  0.63464468,  0.29697533, ..., -0.10002369,
         -0.06073337,  0.        ]],

       [[ 0.        ,  0.50932997,  0.70413126, ...,  0.86588383,
          0.86757899,  0.87109856],
        [-0.50932997,  0.        ,  0.24429532, ...,  0.99994462,
          0.99990308,  0.99977857],
        [-0.70413126, -0.24429532,  0.        , ...,  0.96707622,
          0.96620572,  0.96434547],
        ...,
        [-0.86588383, -0.99994462, -0.96707622, ...,  0.        ,
         -0.00339866, -0.01052014],
        [-0.86757899, -0.99990308, -0.96620572, ...,  0.00339866,
          0.        , -0.0071216 ],
        [-0.87109856, -0.99977857, -0.96434547, ...,  0.01052014,
          0.0071216 ,  0.        ]]]), 'num': array([7.04512123e-01, 7.04512123e-01, 0.00000000e+00, 0.00000000e+00,
       2.20883700e-04, 2.24001010e-04, 1.99953188e-04, 8.55862525e-02,
       2.36024921e-05, 1.98795330e-04, 1.88819937e-04, 2.09765293e-04,
       7.11147195e-07, 2.08424577e-04, 1.69215297e-04])}
{'img': array([[[ 0.        ,  0.69985421, -0.84388955, ..., -0.99983179,
         -0.9957785 , -0.80693869],
        [-0.69985421,  0.        , -0.97826189, ..., -0.72700143,
         -0.77550909, -0.98974332],
        [ 0.84388955,  0.97826189,  0.        , ..., -0.52094911,
         -0.45679249,  0.06549461],
        ...,
        [ 0.99983179,  0.72700143,  0.52094911, ...,  0.        ,
          0.07350994,  0.57573599],
        [ 0.9957785 ,  0.77550909,  0.45679249, ..., -0.07350994,
          0.        ,  0.51407398],
        [ 0.80693869,  0.98974332, -0.06549461, ..., -0.57573599,
         -0.51407398,  0.        ]],

       [[ 0.        ,  0.01721234,  0.51514325, ...,  0.16463239,
         -0.30996506,  0.99596198],
        [-0.01721234,  0.        ,  0.50031417, ...,  0.14763052,
         -0.32628374,  0.99735969],
        [-0.51514325, -0.50031417,  0.        , ..., -0.36700703,
         -0.75544372,  0.89989059],
        ...,
        [-0.16463239, -0.14763052,  0.36700703, ...,  0.        ,
         -0.46225949,  0.99715211],
        [ 0.30996506,  0.32628374,  0.75544372, ...,  0.46225949,
          0.        ,  0.91908139],
        [-0.99596198, -0.99735969, -0.89989059, ..., -0.99715211,
         -0.91908139,  0.        ]],

       [[ 0.        ,  0.19227993, -0.63401683, ..., -0.66231425,
         -0.73900674, -0.86816625],
        [-0.19227993,  0.        , -0.77087992, ..., -0.5058944 ,
         -0.59567835, -0.75654294],
        [ 0.63401683,  0.77087992,  0.        , ..., -0.98720235,
         -0.99862403, -0.98601541],
        ...,
        [ 0.66231425,  0.5058944 ,  0.98720235, ...,  0.        ,
          0.10748337,  0.32176386],
        [ 0.73900674,  0.59567835,  0.99862403, ..., -0.10748337,
          0.        ,  0.21813245],
        [ 0.86816625,  0.75654294,  0.98601541, ..., -0.32176386,
         -0.21813245,  0.        ]],

       ...,

       [[ 0.        , -0.15457633, -0.73012409, ..., -0.70584094,
         -0.79807654,  0.55432545],
        [ 0.15457633,  0.        , -0.61572436, ..., -0.58786005,
         -0.69534343,  0.67631681],
        [ 0.73012409,  0.61572436,  0.        , ...,  0.03488685,
         -0.10539662,  0.98646094],
        ...,
        [ 0.70584094,  0.58786005, -0.03488685, ...,  0.        ,
         -0.140025  ,  0.98013914],
        [ 0.79807654,  0.69534343,  0.10539662, ...,  0.140025  ,
          0.        ,  0.99825128],
        [-0.55432545, -0.67631681, -0.98646094, ..., -0.98013914,
         -0.99825128,  0.        ]],

       [[ 0.        ,  0.37650904,  0.11631853, ..., -0.58653815,
         -0.63464468, -0.82495806],
        [-0.37650904,  0.        , -0.26619429, ..., -0.23843373,
         -0.29697533, -0.55145119],
        [-0.11631853,  0.26619429,  0.        , ..., -0.48834782,
         -0.54044526, -0.75361568],
        ...,
        [ 0.58653815,  0.23843373,  0.48834782, ...,  0.        ,
          0.06073337,  0.33664354],
        [ 0.63464468,  0.29697533,  0.54044526, ..., -0.06073337,
          0.        ,  0.27883361],
        [ 0.82495806,  0.55145119,  0.75361568, ..., -0.33664354,
         -0.27883361,  0.        ]],

       [[ 0.        ,  0.545332  ,  0.76105993, ...,  0.88811169,
          0.89152445,  0.92864127],
        [-0.545332  ,  0.        ,  0.28418895, ...,  0.9950828 ,
          0.99431419,  0.98071252],
        [-0.76105993, -0.28418895,  0.        , ...,  0.92590591,
          0.92305476,  0.8847297 ],
        ...,
        [-0.88811169, -0.9950828 , -0.92590591, ...,  0.        ,
         -0.00747909, -0.09735849],
        [-0.89152445, -0.99431419, -0.92305476, ...,  0.00747909,
          0.        , -0.08991221],
        [-0.92864127, -0.98071252, -0.8847297 , ...,  0.09735849,
          0.08991221,  0.        ]]]), 'num': array([ 9.77646164e-01,  2.03869263e-01,  3.10753776e-05, -1.38327273e-10,
        3.06810825e-04,  3.17284287e-04,  3.03114309e-04,  5.14260410e-02,
        1.23217199e-06,  2.85740684e-04,  2.63499980e-04,  2.89262643e-04,
        1.06924016e-06,  2.97122926e-04,  2.29877034e-04])}
{'img': array([[[ 0.        , -0.97826189, -0.96971491, ..., -0.77550909,
         -0.98974332, -0.99222915],
        [ 0.97826189,  0.        ,  0.44002328, ..., -0.45679249,
          0.06549461,  0.08404258],
        [ 0.96971491, -0.44002328,  0.        , ..., -0.80162638,
         -0.38026524, -0.36299745],
        ...,
        [ 0.77550909,  0.45679249,  0.80162638, ...,  0.        ,
          0.51407398,  0.52993847],
        [ 0.98974332, -0.06549461,  0.38026524, ..., -0.51407398,
          0.        ,  0.01859923],
        [ 0.99222915, -0.08404258,  0.36299745, ..., -0.52993847,
         -0.01859923,  0.        ]],

       [[ 0.        ,  0.50031417,  0.62755463, ..., -0.32628374,
          0.99735969,  0.54613922],
        [-0.50031417,  0.        ,  0.1538335 , ..., -0.75544372,
          0.89989059,  0.05376095],
        [-0.62755463, -0.1538335 ,  0.        , ..., -0.8472453 ,
          0.82208979, -0.10049001],
        ...,
        [ 0.32628374,  0.75544372,  0.8472453 , ...,  0.        ,
          0.91908139,  0.78957612],
        [-0.99735969, -0.89989059, -0.82208979, ..., -0.91908139,
          0.        , -0.8751432 ],
        [-0.54613922, -0.05376095,  0.10049001, ..., -0.78957612,
          0.8751432 ,  0.        ]],

       [[ 0.        , -0.77087992, -0.8953851 , ..., -0.59567835,
         -0.75654294, -0.86232141],
        [ 0.77087992,  0.        , -0.2270757 , ..., -0.99862403,
         -0.98601541, -0.93962569],
        [ 0.8953851 ,  0.2270757 ,  0.        , ..., -0.98444515,
         -0.92241472, -0.83737374],
        ...,
        [ 0.59567835,  0.99862403,  0.98444515, ...,  0.        ,
          0.21813245,  0.39100797],
        [ 0.75654294,  0.98601541,  0.92241472, ..., -0.21813245,
          0.        ,  0.18082584],
        [ 0.86232141,  0.93962569,  0.83737374, ..., -0.39100797,
         -0.18082584,  0.        ]],

       ...,

       [[ 0.        , -0.51891694, -0.55919448, ..., -0.59677599,
          0.31759091,  0.83247635],
        [ 0.51891694,  0.        , -0.04781214, ..., -0.09375579,
          0.76353603,  0.99913274],
        [ 0.55919448,  0.04781214,  0.        , ..., -0.04604703,
          0.79353822,  0.99998091],
        ...,
        [ 0.59677599,  0.09375579,  0.04604703, ...,  0.        ,
          0.82071706,  0.99863564],
        [-0.31759091, -0.76353603, -0.79353822, ..., -0.82071706,
          0.        ,  0.61341263],
        [-0.83247635, -0.99913274, -0.99998091, ..., -0.99863564,
         -0.61341263,  0.        ]],

       [[ 0.        , -0.26619429, -0.35892254, ..., -0.29697533,
         -0.55145119, -0.67060671],
        [ 0.26619429,  0.        , -0.09751534, ..., -0.54044526,
         -0.75361568, -0.84387722],
        [ 0.35892254,  0.09751534,  0.        , ..., -0.61991688,
         -0.81412229, -0.89217585],
        ...,
        [ 0.29697533,  0.54044526,  0.61991688, ...,  0.        ,
          0.27883361,  0.42005221],
        [ 0.55145119,  0.75361568,  0.81412229, ..., -0.27883361,
          0.        ,  0.15035122],
        [ 0.67060671,  0.84387722,  0.89217585, ..., -0.42005221,
         -0.15035122,  0.        ]],

       [[ 0.        ,  0.60820456,  0.82828981, ...,  0.91439229,
          0.94888584,  0.96530799],
        [-0.60820456,  0.        ,  0.3167032 , ...,  0.97204562,
          0.94516812,  0.92505318],
        [-0.82828981, -0.3167032 ,  0.        , ...,  0.84764987,
          0.79308505,  0.75713998],
        ...,
        [-0.91439229, -0.97204562, -0.84764987, ...,  0.        ,
         -0.09553674, -0.15202436],
        [-0.94888584, -0.94516812, -0.79308505, ...,  0.09553674,
          0.        , -0.0569027 ],
        [-0.96530799, -0.92505318, -0.75713998, ...,  0.15202436,
          0.0569027 ,  0.        ]]]), 'num': array([9.97476631e-01, 6.65580309e-02, 3.72367440e-05, 3.82751133e-09,
       3.13124319e-04, 3.16881811e-04, 3.01851844e-04, 2.46923575e-02,
       1.25249728e-06, 2.97342853e-04, 2.69537414e-04, 2.92781676e-04,
       1.08823534e-06, 3.08785571e-04, 2.30289257e-04])}
{'img': array([[[ 0.        ,  0.47033025,  0.        , ...,  0.06941132,
          0.0891076 ,  0.10874423],
        [-0.47033025,  0.        , -0.47033025, ..., -0.40794105,
         -0.38982267, -0.37157534],
        [ 0.        ,  0.47033025,  0.        , ...,  0.06941132,
          0.0891076 ,  0.10874423],
        ...,
        [-0.06941132,  0.40794105, -0.06941132, ...,  0.        ,
          0.01975749,  0.03948226],
        [-0.0891076 ,  0.38982267, -0.0891076 , ..., -0.01975749,
          0.        ,  0.01973247],
        [-0.10874423,  0.37157534, -0.10874423, ..., -0.03948226,
         -0.01973247,  0.        ]],

       [[ 0.        ,  0.1538335 , -0.1485065 , ...,  0.89989059,
          0.05376095, -0.39685298],
        [-0.1538335 ,  0.        , -0.2988665 , ...,  0.82208979,
         -0.10049001, -0.53333018],
        [ 0.1485065 ,  0.2988665 ,  0.        , ...,  0.95467811,
          0.20145655, -0.25614098],
        ...,
        [-0.89989059, -0.82208979, -0.95467811, ...,  0.        ,
         -0.8751432 , -0.99906737],
        [-0.05376095,  0.10049001, -0.20145655, ...,  0.8751432 ,
          0.        , -0.44562528],
        [ 0.39685298,  0.53333018,  0.25614098, ...,  0.99906737,
          0.44562528,  0.        ]],

       [[ 0.        , -0.64307511, -0.89574928, ..., -0.81660135,
         -0.91786567, -0.95914895],
        [ 0.64307511,  0.        , -0.40008238, ..., -0.99654014,
         -0.95813523, -0.9164462 ],
        [ 0.89574928,  0.40008238,  0.        , ..., -0.8800563 ,
         -0.76356098, -0.67980772],
        ...,
        [ 0.81660135,  0.99654014,  0.8800563 , ...,  0.        ,
          0.20569208,  0.32260497],
        [ 0.91786567,  0.95813523,  0.76356098, ..., -0.20569208,
          0.        ,  0.12101215],
        [ 0.95914895,  0.9164462 ,  0.67980772, ..., -0.32260497,
         -0.12101215,  0.        ]],

       ...,

       [[ 0.        , -0.04773238, -0.17275359, ...,  0.76155484,
          0.99269098,  0.99920251],
        [ 0.04773238,  0.        , -0.12554195, ...,  0.79162217,
          0.99732001,  0.9999695 ],
        [ 0.17275359,  0.12554195,  0.        , ...,  0.8620666 ,
          0.99861453,  0.9910775 ],
        ...,
        [-0.76155484, -0.79162217, -0.8620666 , ...,  0.        ,
          0.55145606,  0.61717526],
        [-0.99269098, -0.99732001, -0.99861453, ..., -0.55145606,
          0.        ,  0.08095023],
        [-0.99920251, -0.9999695 , -0.9910775 , ..., -0.61717526,
         -0.08095023,  0.        ]],

       [[ 0.        , -0.24750482, -0.45222589, ..., -0.55603144,
         -0.6758167 , -0.74613785],
        [ 0.24750482,  0.        , -0.21740522, ..., -0.74444787,
         -0.8372181 , -0.88770961],
        [ 0.45222589,  0.21740522,  0.        , ..., -0.87179899,
         -0.93608525, -0.96657106],
        ...,
        [ 0.55603144,  0.74444787,  0.87179899, ...,  0.        ,
          0.15187871,  0.24995986],
        [ 0.6758167 ,  0.8372181 ,  0.93608525, ..., -0.15187871,
          0.        ,  0.10000261],
        [ 0.74613785,  0.88770961,  0.96657106, ..., -0.24995986,
         -0.10000261,  0.        ]],

       [[ 0.        ,  0.67296118,  0.88867829, ...,  0.97152415,
          0.98435997,  0.99173456],
        [-0.67296118,  0.        ,  0.34876187, ...,  0.87806663,
          0.846664  ,  0.81990932],
        [-0.88867829, -0.34876187,  0.        , ...,  0.65603809,
          0.60791721,  0.56876447],
        ...,
        [-0.97152415, -0.87806663, -0.65603809, ...,  0.        ,
         -0.06208251, -0.11032928],
        [-0.98435997, -0.846664  , -0.60791721, ...,  0.06208251,
          0.        , -0.04841295],
        [-0.99173456, -0.81990932, -0.56876447, ...,  0.11032928,
          0.04841295,  0.        ]]]), 'num': array([ 9.98145990e-01,  5.47858348e-02,  3.92249556e-05,  8.85716373e-09,
        3.12681532e-04,  3.36083892e-04,  3.12031466e-04,  2.65019375e-02,
       -1.23512455e-05,  3.14371702e-04,  2.81413379e-04,  3.03829806e-04,
        9.77403529e-07,  3.24606113e-04,  2.38220644e-04])}
