state_0,state_1,state_2,state_3,state_4,state_5,state_6,state_7,state_8,state_9,state_10,state_11,state_12,state_13,state_14,state_15,state_16,state_17,state_18,state_19,state_20,state_21,state_22,state_23,state_24,state_25,state_26,state_27,state_28,state_29,state_30,state_31,state_32,state_33,state_34,state_35,state_36,state_37,state_38,state_39,state_40,state_41,state_42,state_43,state_44,state_45,state_46,state_47,state_48,state_49,state_50,state_51,state_52,state_53,state_54,state_55,state_56,state_57,state_58,state_59,state_60,state_61,state_62,state_63,state_64,state_65,state_66,state_67,state_68,state_69,state_70,state_71,state_72,state_73,state_74,state_75,state_76,state_77,state_78,state_79,state_80,state_81,state_82,state_83,state_84,state_85,state_86,state_87,state_88,state_89,state_90,state_91,state_92,state_93,state_94,state_95,state_96,state_97,state_98,state_99,state_100,state_101,state_102,state_103,state_104,state_105,state_106,state_107,state_108,state_109,state_110,state_111,state_112,state_113,state_114,state_115,state_116,state_117,state_118,state_119,state_120,state_121,state_122,state_123,state_124,state_125,state_126,state_127,state_128,state_129,state_130,state_131,state_132,state_133,state_134,state_135,state_136,state_137,state_138,state_139,state_140,state_141,state_142,state_143,state_144,state_145,state_146,state_147,state_148,state_149,state_150,state_151,state_152,state_153,state_154,state_155,state_156,state_157,state_158,state_159,state_160,state_161,state_162,state_163,state_164,state_165,state_166,state_167,state_168,state_169,state_170,state_171,state_172,state_173,state_174,state_175,state_176,state_177,state_178,state_179,state_180,state_181,state_182,state_183,state_184,state_185,state_186,state_187,state_188,state_189,state_190,state_191,state_192,state_193,state_194,state_195,state_196,state_197,state_198,state_199,state_200,state_201,state_202,state_203,state_204,state_205,state_206,state_207,state_208,state_209,state_210,state_211,state_212,state_213,state_214,state_215,state_216,state_217,state_218,state_219,state_220,state_221,state_222,state_223,state_224,state_225,state_226,state_227,state_228,state_229,state_230,state_231,state_232,state_233,state_234,state_235,state_236,state_237,state_238,state_239,state_240,state_241,state_242,state_243,state_244,state_245,state_246,state_247,state_248,state_249,state_250,state_251,state_252,state_253,state_254,state_255,state_256,state_257,state_258,state_259,state_260,state_261,state_262,state_263,state_264,state_265,state_266,state_267,state_268,state_269,state_270,state_271,state_272,state_273,state_274,state_275,state_276,state_277,state_278,state_279,state_280,state_281,state_282,state_283,state_284,state_285,state_286,state_287
{'img': array([[[ 0.        , -0.08888361, -0.2267648 , ...,  0.14489627,
          0.04837451, -0.14558072],
        [ 0.08888361,  0.        , -0.13929912, ...,  0.23226839,
          0.13696259, -0.05706783],
        [ 0.2267648 ,  0.13929912,  0.        , ...,  0.36549338,
          0.27361365,  0.08256066],
        ...,
        [-0.14489627, -0.23226839, -0.36549338, ...,  0.        ,
         -0.09686264, -0.28739699],
        [-0.04837451, -0.13696259, -0.27361365, ...,  0.09686264,
          0.        , -0.19326943],
        [ 0.14558072,  0.05706783, -0.08256066, ...,  0.28739699,
          0.19326943,  0.        ]],

       [[ 0.        , -0.91697009, -0.90620085, ..., -0.75112556,
         -0.76374322, -0.83473671],
        [ 0.91697009,  0.        , -0.0262043 , ..., -0.3056804 ,
         -0.28722279, -0.17190574],
        [ 0.90620085,  0.0262043 ,  0.        , ..., -0.28062542,
         -0.26202401, -0.1460325 ],
        ...,
        [ 0.75112556,  0.3056804 ,  0.28062542, ...,  0.        ,
          0.01932555,  0.13745253],
        [ 0.76374322,  0.28722279,  0.26202401, ..., -0.01932555,
          0.        ,  0.11828474],
        [ 0.83473671,  0.17190574,  0.1460325 , ..., -0.13745253,
         -0.11828474,  0.        ]],

       [[ 0.        ,  0.14360378,  0.2212772 , ...,  0.59514122,
          0.55216891,  0.51740267],
        [-0.14360378,  0.        ,  0.07893973, ...,  0.4735697 ,
          0.42671871,  0.38915213],
        [-0.2212772 , -0.07893973,  0.        , ...,  0.4025652 ,
          0.35399522,  0.31522055],
        ...,
        [-0.59514122, -0.4735697 , -0.4025652 , ...,  0.        ,
         -0.05245384, -0.09349165],
        [-0.55216891, -0.42671871, -0.35399522, ...,  0.05245384,
          0.        , -0.04113885],
        [-0.51740267, -0.38915213, -0.31522055, ...,  0.09349165,
          0.04113885,  0.        ]],

       ...,

       [[ 0.        , -0.24323207, -0.48074137, ..., -0.99988905,
         -0.99682139, -0.8877796 ],
        [ 0.24323207,  0.        , -0.25302274, ..., -0.97348365,
         -0.98626298, -0.97307005],
        [ 0.48074137,  0.25302274,  0.        , ..., -0.8839262 ,
         -0.91237532, -0.99973084],
        ...,
        [ 0.99988905,  0.97348365,  0.8839262 , ...,  0.        ,
         -0.06481146, -0.44699352],
        [ 0.99682139,  0.98626298,  0.91237532, ...,  0.06481146,
          0.        , -0.38807747],
        [ 0.8877796 ,  0.97307005,  0.99973084, ...,  0.44699352,
          0.38807747,  0.        ]],

       [[ 0.        ,  0.20674445,  0.32590711, ...,  0.97547571,
          0.98888369,  0.98493822],
        [-0.20674445,  0.        ,  0.12340931, ...,  0.99990646,
          0.9982599 ,  0.99940609],
        [-0.32590711, -0.12340931,  0.        , ...,  0.99395096,
          0.9833519 ,  0.98751386],
        ...,
        [-0.97547571, -0.99990646, -0.99395096, ...,  0.        ,
         -0.07261581, -0.04812573],
        [-0.98888369, -0.9982599 , -0.9833519 , ...,  0.07261581,
          0.        ,  0.02453299],
        [-0.98493822, -0.99940609, -0.98751386, ...,  0.04812573,
         -0.02453299,  0.        ]],

       [[ 0.        ,  0.14731633,  0.30278749, ...,  0.38646135,
          0.        ,  0.23416252],
        [-0.14731633,  0.        ,  0.15908288, ...,  0.51811552,
          0.14731633,  0.37482824],
        [-0.30278749, -0.15908288,  0.        , ...,  0.64758272,
          0.30278749,  0.51753971],
        ...,
        [-0.38646135, -0.51811552, -0.64758272, ...,  0.        ,
          0.38646135,  0.15974734],
        [-0.        , -0.14731633, -0.30278749, ..., -0.38646135,
          0.        , -0.23416252],
        [-0.23416252, -0.37482824, -0.51753971, ..., -0.15974734,
          0.23416252,  0.        ]]]), 'num': array([7.06372708e-01, 7.06372708e-01, 0.00000000e+00, 0.00000000e+00,
       5.64894601e-05, 5.77108538e-05, 5.43520211e-05, 4.55539963e-02,
       2.13743903e-06, 5.64283904e-05, 6.12732522e-05, 5.41264025e-05,
       3.38192088e-07, 7.03742521e-05, 5.21722524e-05])}
{'img': array([[[ 0.        , -0.13929912, -0.10630482, ...,  0.13696259,
         -0.05706783,  0.11295851],
        [ 0.13929912,  0.        ,  0.03324141, ...,  0.27361365,
          0.08256066,  0.25026477],
        [ 0.10630482, -0.03324141,  0.        , ...,  0.24148953,
          0.04938711,  0.21794288],
        ...,
        [-0.13696259, -0.27361365, -0.24148953, ...,  0.        ,
         -0.19326943, -0.02419197],
        [ 0.05706783, -0.08256066, -0.04938711, ...,  0.19326943,
          0.        ,  0.16947701],
        [-0.11295851, -0.25026477, -0.21794288, ...,  0.02419197,
         -0.16947701,  0.        ]],

       [[ 0.        , -0.03124404, -0.39123556, ..., -0.33552168,
         -0.2027418 , -0.2264384 ],
        [ 0.03124404,  0.        , -0.36229095, ..., -0.30592497,
         -0.17204765, -0.19589536],
        [ 0.39123556,  0.36229095,  0.        , ...,  0.05977917,
          0.1965291 ,  0.17268428],
        ...,
        [ 0.33552168,  0.30592497, -0.05977917, ...,  0.        ,
          0.13756428,  0.11349433],
        [ 0.2027418 ,  0.17204765, -0.1965291 , ..., -0.13756428,
          0.        , -0.0242601 ],
        [ 0.2264384 ,  0.19589536, -0.17268428, ..., -0.11349433,
          0.0242601 ,  0.        ]],

       [[ 0.        ,  0.07893973,  0.15346428, ...,  0.42671871,
          0.38915213,  0.38052188],
        [-0.07893973,  0.        ,  0.07498074, ...,  0.35399522,
          0.31522055,  0.30633317],
        [-0.15346428, -0.07498074,  0.        , ...,  0.28287319,
          0.24317509,  0.23409484],
        ...,
        [-0.42671871, -0.35399522, -0.28287319, ...,  0.        ,
         -0.04113885, -0.05047943],
        [-0.38915213, -0.31522055, -0.24317509, ...,  0.04113885,
          0.        , -0.00935029],
        [-0.38052188, -0.30633317, -0.23409484, ...,  0.05047943,
          0.00935029,  0.        ]],

       ...,

       [[ 0.        , -0.25302274, -0.23630725, ..., -0.98626298,
         -0.97307005, -0.98153558],
        [ 0.25302274,  0.        ,  0.01723884, ..., -0.91237532,
         -0.99973084, -0.99799484],
        [ 0.23630725, -0.01723884,  0.        , ..., -0.91929654,
         -0.99998223, -0.99893767],
        ...,
        [ 0.98626298,  0.91237532,  0.91929654, ...,  0.        ,
         -0.38807747, -0.35078476],
        [ 0.97307005,  0.99973084,  0.99998223, ...,  0.38807747,
          0.        ,  0.0401249 ],
        [ 0.98153558,  0.99799484,  0.99893767, ...,  0.35078476,
         -0.0401249 ,  0.        ]],

       [[ 0.        ,  0.12340931,  0.2230681 , ...,  0.9982599 ,
          0.99940609,  0.99976634],
        [-0.12340931,  0.        ,  0.10106319, ...,  0.9833519 ,
          0.98751386,  0.98945632],
        [-0.2230681 , -0.10106319,  0.        , ...,  0.95995282,
          0.96653709,  0.96975316],
        ...,
        [-0.9982599 , -0.9833519 , -0.95995282, ...,  0.        ,
          0.02453299,  0.03737504],
        [-0.99940609, -0.98751386, -0.96653709, ..., -0.02453299,
          0.        ,  0.01284794],
        [-0.99976634, -0.98945632, -0.96975316, ..., -0.03737504,
         -0.01284794,  0.        ]],

       [[ 0.        ,  0.26673095,  0.42818759, ...,  0.        ,
          0.23479478,  0.35088118],
        [-0.26673095,  0.        ,  0.17163274, ...,  0.26673095,
          0.48556289,  0.58794131],
        [-0.42818759, -0.17163274,  0.        , ...,  0.42818759,
          0.62839926,  0.71805119],
        ...,
        [-0.        , -0.26673095, -0.42818759, ...,  0.        ,
         -0.23479478, -0.35088118],
        [-0.23479478, -0.48556289, -0.62839926, ...,  0.23479478,
          0.        , -0.12120576],
        [-0.35088118, -0.58794131, -0.71805119, ...,  0.35088118,
          0.12120576,  0.        ]]]), 'num': array([7.06302338e-01, 7.06302338e-01, 0.00000000e+00, 0.00000000e+00,
       5.86210586e-05, 6.06565120e-05, 5.72980139e-05, 4.76863280e-02,
       2.13722610e-06, 5.68502141e-05, 6.12060845e-05, 5.41803777e-05,
       3.61230160e-07, 7.03598333e-05, 5.20523356e-05])}
{'img': array([[[ 0.        ,  0.03324141,  0.13124556, ...,  0.08256066,
          0.25026477,  0.41051272],
        [-0.03324141,  0.        ,  0.09821916, ...,  0.04938711,
          0.21794288,  0.37997451],
        [-0.13124556, -0.09821916,  0.        , ..., -0.04895099,
          0.12103096,  0.28728484],
        ...,
        [-0.08256066, -0.04938711,  0.04895099, ...,  0.        ,
          0.16947701,  0.33382791],
        [-0.25026477, -0.21794288, -0.12103096, ..., -0.16947701,
          0.        ,  0.16924401],
        [-0.41051272, -0.37997451, -0.28728484, ..., -0.33382791,
         -0.16924401,  0.        ]],

       [[ 0.        , -0.36229095, -0.17398774, ..., -0.17204765,
         -0.19589536, -0.15713142],
        [ 0.36229095,  0.        ,  0.19459733, ...,  0.1965291 ,
          0.17268428,  0.21133376],
        [ 0.17398774, -0.19459733,  0.        , ...,  0.0019698 ,
         -0.02229083,  0.01709159],
        ...,
        [ 0.17204765, -0.1965291 , -0.0019698 , ...,  0.        ,
         -0.0242601 ,  0.01512205],
        [ 0.19589536, -0.17268428,  0.02229083, ...,  0.0242601 ,
          0.        ,  0.03937492],
        [ 0.15713142, -0.21133376, -0.01709159, ..., -0.01512205,
         -0.03937492,  0.        ]],

       [[ 0.        ,  0.07498074,  0.14721296, ...,  0.31522055,
          0.30633317,  0.34347364],
        [-0.07498074,  0.        ,  0.07263474, ...,  0.24317509,
          0.23409484,  0.27208766],
        [-0.14721296, -0.07263474,  0.        , ...,  0.17207835,
          0.16286001,  0.20147457],
        ...,
        [-0.31522055, -0.24317509, -0.17207835, ...,  0.        ,
         -0.00935029,  0.02991956],
        [-0.30633317, -0.23409484, -0.16286001, ...,  0.00935029,
          0.        ,  0.03926436],
        [-0.34347364, -0.27208766, -0.20147457, ..., -0.02991956,
         -0.03926436,  0.        ]],

       ...,

       [[ 0.        ,  0.01723884,  0.04130971, ..., -0.99973084,
         -0.99799484, -0.98718664],
        [-0.01723884,  0.        ,  0.02407944, ..., -0.99998223,
         -0.99893767, -0.98979074],
        [-0.04130971, -0.02407944,  0.        , ..., -0.99983585,
         -0.99975765, -0.99293575],
        ...,
        [ 0.99973084,  0.99998223,  0.99983585, ...,  0.        ,
          0.0401249 ,  0.13662422],
        [ 0.99799484,  0.99893767,  0.99975765, ..., -0.0401249 ,
          0.        ,  0.09676555],
        [ 0.98718664,  0.98979074,  0.99293575, ..., -0.13662422,
         -0.09676555,  0.        ]],

       [[ 0.        ,  0.10106319,  0.19676766, ...,  0.98751386,
          0.98945632,  0.98926711],
        [-0.10106319,  0.        ,  0.09667279, ...,  0.96653709,
          0.96975316,  0.96943488],
        [-0.19676766, -0.09667279,  0.        , ...,  0.93721088,
          0.94161441,  0.9411757 ],
        ...,
        [-0.98751386, -0.96653709, -0.93721088, ...,  0.        ,
          0.01284794,  0.01154742],
        [-0.98945632, -0.96975316, -0.94161441, ..., -0.01284794,
          0.        , -0.00130062],
        [-0.98926711, -0.96943488, -0.9411757 , ..., -0.01154742,
          0.00130062,  0.        ]],

       [[ 0.        ,  0.3444343 ,  0.50583071, ...,  0.23691972,
          0.35399577,  0.38174274],
        [-0.3444343 ,  0.        ,  0.17775883, ...,  0.55705069,
          0.65446607,  0.67673388],
        [-0.50583071, -0.17775883,  0.        , ...,  0.69580403,
          0.77844502,  0.79682725],
        ...,
        [-0.23691972, -0.55705069, -0.69580403, ...,  0.        ,
         -0.12233878, -0.15189677],
        [-0.35399577, -0.65446607, -0.77844502, ...,  0.12233878,
          0.        , -0.02983658],
        [-0.38174274, -0.67673388, -0.79682725, ...,  0.15189677,
          0.02983658,  0.        ]]]), 'num': array([ 9.10276528e-01,  4.13076483e-01,  8.47018816e-05, -9.98241121e-11,
        7.62109204e-05,  7.68600765e-05,  7.47827771e-05,  2.76479327e-02,
        1.42814331e-06,  7.29651402e-05,  7.79701333e-05,  6.92541314e-05,
        4.63397550e-07,  8.96743935e-05,  6.62658731e-05])}
{'img': array([[[ 0.        ,  0.09821916,  0.23365534, ...,  0.21794288,
          0.37997451,  0.4621792 ],
        [-0.09821916,  0.        ,  0.13702516, ...,  0.12103096,
          0.28728484,  0.37284505],
        [-0.23365534, -0.13702516,  0.        , ..., -0.01612851,
          0.15332615,  0.24218344],
        ...,
        [-0.21794288, -0.12103096,  0.01612851, ...,  0.        ,
          0.16924401,  0.2578003 ],
        [-0.37997451, -0.28728484, -0.15332615, ..., -0.16924401,
          0.        ,  0.09055807],
        [-0.4621792 , -0.37284505, -0.24218344, ..., -0.2578003 ,
         -0.09055807,  0.        ]],

       [[ 0.        ,  0.19459733,  0.79956775, ...,  0.17268428,
          0.21133376, -0.36243529],
        [-0.19459733,  0.        ,  0.90115306, ..., -0.02229083,
          0.01709159, -0.53687315],
        [-0.79956775, -0.90115306,  0.        , ..., -0.89126605,
         -0.90843065, -0.52753439],
        ...,
        [-0.17268428,  0.02229083,  0.89126605, ...,  0.        ,
          0.03937492, -0.5179338 ],
        [-0.21133376, -0.01709159,  0.90843065, ..., -0.03937492,
          0.        , -0.55121427],
        [ 0.36243529,  0.53687315,  0.52753439, ...,  0.5179338 ,
          0.55121427,  0.        ]],

       [[ 0.        ,  0.07263474,  0.08209409, ...,  0.23409484,
          0.27208766,  0.30256618],
        [-0.07263474,  0.        ,  0.00948768, ...,  0.16286001,
          0.20147457,  0.23253675],
        [-0.08209409, -0.00948768,  0.        , ...,  0.15349167,
          0.19217237,  0.22329868],
        ...,
        [-0.23409484, -0.16286001, -0.15349167, ...,  0.        ,
          0.03926436,  0.07103657],
        [-0.27208766, -0.20147457, -0.19217237, ..., -0.03926436,
          0.        ,  0.03181663],
        [-0.30256618, -0.23253675, -0.22329868, ..., -0.07103657,
         -0.03181663,  0.        ]],

       ...,

       [[ 0.        ,  0.02407944,  0.02407944, ..., -0.99893767,
         -0.98979074, -0.98861604],
        [-0.02407944,  0.        ,  0.        , ..., -0.99975765,
         -0.99293575, -0.99195239],
        [-0.02407944,  0.        ,  0.        , ..., -0.99975765,
         -0.99293575, -0.99195239],
        ...,
        [ 0.99893767,  0.99975765,  0.99975765, ...,  0.        ,
          0.09676555,  0.10474343],
        [ 0.98979074,  0.99293575,  0.99293575, ..., -0.09676555,
          0.        ,  0.00801862],
        [ 0.98861604,  0.99195239,  0.99195239, ..., -0.10474343,
         -0.00801862,  0.        ]],

       [[ 0.        ,  0.09667279,  0.19918971, ...,  0.96975316,
          0.96943488,  0.96657861],
        [-0.09667279,  0.        ,  0.1035212 , ...,  0.94161441,
          0.9411757 ,  0.93726732],
        [-0.19918971, -0.1035212 ,  0.        , ...,  0.90170047,
          0.90113737,  0.89614294],
        ...,
        [-0.96975316, -0.94161441, -0.90170047, ...,  0.        ,
         -0.00130062, -0.01268608],
        [-0.96943488, -0.9411757 , -0.90113737, ...,  0.00130062,
          0.        , -0.01138555],
        [-0.96657861, -0.93726732, -0.89614294, ...,  0.01268608,
          0.01138555,  0.        ]],

       [[ 0.        ,  0.38857251,  0.54801051, ...,  0.35934861,
          0.38747905,  0.41182763],
        [-0.38857251,  0.        ,  0.17991702, ...,  0.69372752,
          0.71524688,  0.73355672],
        [-0.54801051, -0.17991702,  0.        , ...,  0.81199012,
          0.82931428,  0.84386308],
        ...,
        [-0.35934861, -0.69372752, -0.81199012, ...,  0.        ,
         -0.03032101, -0.05685829],
        [-0.38747905, -0.71524688, -0.82931428, ...,  0.03032101,
          0.        , -0.0265602 ],
        [-0.41182763, -0.73355672, -0.84386308, ...,  0.05685829,
          0.0265602 ,  0.        ]]]), 'num': array([9.45337221e-01, 3.22693092e-01, 1.00914770e-04, 1.33768854e-08,
       8.05282112e-05, 8.05282112e-05, 7.62211918e-05, 4.69749770e-02,
       3.91547218e-06, 7.48899313e-05, 7.84725883e-05, 6.98128690e-05,
       6.08795462e-07, 9.02753901e-05, 6.66697866e-05])}
{'img': array([[[ 0.        ,  0.13702516, -0.19774955, ...,  0.28728484,
          0.37284505,  0.60016267],
        [-0.13702516,  0.        , -0.33020356, ...,  0.15332615,
          0.24218344,  0.48489826],
        [ 0.19774955,  0.33020356,  0.        , ...,  0.47102516,
          0.54897286,  0.74648651],
        ...,
        [-0.28728484, -0.15332615, -0.47102516, ...,  0.        ,
          0.09055807,  0.34507011],
        [-0.37284505, -0.24218344, -0.54897286, ..., -0.09055807,
          0.        ,  0.25865657],
        [-0.60016267, -0.48489826, -0.74648651, ..., -0.34507011,
         -0.25865657,  0.        ]],

       [[ 0.        ,  0.90115306,  0.6410804 , ...,  0.01709159,
         -0.53687315, -0.19565114],
        [-0.90115306,  0.        , -0.96952033, ..., -0.90843065,
         -0.52753439, -0.798922  ],
        [-0.6410804 ,  0.96952033,  0.        , ..., -0.62786941,
         -0.95289184, -0.77884771],
        ...,
        [-0.01709159,  0.90843065,  0.62786941, ...,  0.        ,
         -0.55121427, -0.21238384],
        [ 0.53687315,  0.52753439,  0.95289184, ...,  0.55121427,
          0.        ,  0.36143367],
        [ 0.19565114,  0.798922  ,  0.77884771, ...,  0.21238384,
         -0.36143367,  0.        ]],

       [[ 0.        ,  0.00948768, -0.03811127, ...,  0.20147457,
          0.23253675,  0.33895643],
        [-0.00948768,  0.        , -0.04759034, ...,  0.19217237,
          0.22329868,  0.33001514],
        [ 0.03811127,  0.04759034,  0.        , ...,  0.23865795,
          0.26943436,  0.37456534],
        ...,
        [-0.20147457, -0.19217237, -0.23865795, ...,  0.        ,
          0.03181663,  0.14245801],
        [-0.23253675, -0.22329868, -0.26943436, ..., -0.03181663,
          0.        ,  0.11089377],
        [-0.33895643, -0.33001514, -0.37456534, ..., -0.14245801,
         -0.11089377,  0.        ]],

       ...,

       [[ 0.        ,  0.        , -0.41538887, ..., -0.99293575,
         -0.99195239, -0.87499398],
        [ 0.        ,  0.        , -0.41538887, ..., -0.99293575,
         -0.99195239, -0.87499398],
        [ 0.41538887,  0.41538887,  0.        , ..., -0.85393075,
         -0.84973051, -0.59482917],
        ...,
        [ 0.99293575,  0.99293575,  0.85393075, ...,  0.        ,
          0.00801862,  0.37689289],
        [ 0.99195239,  0.99195239,  0.84973051, ..., -0.00801862,
          0.        ,  0.36945347],
        [ 0.87499398,  0.87499398,  0.59482917, ..., -0.37689289,
         -0.36945347,  0.        ]],

       [[ 0.        ,  0.1035212 ,  0.12106336, ...,  0.9411757 ,
          0.93726732,  0.94321214],
        [-0.1035212 ,  0.        ,  0.01765314, ...,  0.90113737,
          0.89614294,  0.90375569],
        [-0.12106336, -0.01765314,  0.        , ...,  0.89334371,
          0.88816944,  0.89605846],
        ...,
        [-0.9411757 , -0.90113737, -0.89334371, ...,  0.        ,
         -0.01138555,  0.00607788],
        [-0.93726732, -0.89614294, -0.88816944, ...,  0.01138555,
          0.        ,  0.01746283],
        [-0.94321214, -0.90375569, -0.89605846, ..., -0.00607788,
         -0.01746283,  0.        ]],

       [[ 0.        ,  0.4111246 ,  0.62444034, ...,  0.39499445,
          0.41976557,  0.41018618],
        [-0.4111246 ,  0.        ,  0.24810867, ...,  0.73776209,
          0.75579962,  0.74886355],
        [-0.62444034, -0.24810867,  0.        , ...,  0.88218234,
          0.89462973,  0.88987587],
        ...,
        [-0.39499445, -0.73776209, -0.88218234, ...,  0.        ,
         -0.02712188, -0.01659563],
        [-0.41976557, -0.75579962, -0.89462973, ...,  0.02712188,
          0.        ,  0.01052862],
        [-0.41018618, -0.74886355, -0.88987587, ...,  0.01659563,
         -0.01052862,  0.        ]]]), 'num': array([9.43515102e-01, 3.27016856e-01, 9.73930879e-05, 5.59272560e-08,
       8.10968491e-05, 8.26342301e-05, 8.00719284e-05, 5.32838583e-02,
       2.04984137e-06, 7.60491147e-05, 7.72085562e-05, 6.87273376e-05,
       5.72699885e-07, 8.89287480e-05, 6.54883644e-05])}
{'img': array([[[ 0.        , -0.33020356, -0.65931072, ...,  0.24218344,
          0.48489826,  0.61462629],
        [ 0.33020356,  0.        , -0.37405947, ...,  0.54897286,
          0.74648651,  0.8406224 ],
        [ 0.65931072,  0.37405947,  0.        , ...,  0.82177396,
          0.94119449,  0.98219588],
        ...,
        [-0.24218344, -0.54897286, -0.82177396, ...,  0.        ,
          0.25865657,  0.4052904 ],
        [-0.48489826, -0.74648651, -0.94119449, ..., -0.25865657,
          0.        ,  0.15503737],
        [-0.61462629, -0.8406224 , -0.98219588, ..., -0.4052904 ,
         -0.15503737,  0.        ]],

       [[ 0.        , -0.96952033, -0.9993894 , ..., -0.52753439,
         -0.798922  , -0.86199402],
        [ 0.96952033,  0.        , -0.27873676, ..., -0.95289184,
         -0.77884771, -0.70266566],
        [ 0.9993894 ,  0.27873676,  0.        , ..., -0.83058266,
         -0.57315273, -0.47649047],
        ...,
        [ 0.52753439,  0.95289184,  0.83058266, ...,  0.        ,
          0.36143367,  0.46487602],
        [ 0.798922  ,  0.77884771,  0.57315273, ..., -0.36143367,
          0.        ,  0.11344477],
        [ 0.86199402,  0.70266566,  0.47649047, ..., -0.46487602,
         -0.11344477,  0.        ]],

       [[ 0.        , -0.04759034, -0.14200184, ...,  0.22329868,
          0.33001514,  0.50426479],
        [ 0.04759034,  0.        , -0.09473286, ...,  0.26943436,
          0.37456534,  0.54479002],
        [ 0.14200184,  0.09473286,  0.        , ...,  0.35945216,
          0.46071717,  0.62178032],
        ...,
        [-0.22329868, -0.26943436, -0.35945216, ...,  0.        ,
          0.11089377,  0.29870276],
        [-0.33001514, -0.37456534, -0.46071717, ..., -0.11089377,
          0.        ,  0.1910294 ],
        [-0.50426479, -0.54479002, -0.62178032, ..., -0.29870276,
         -0.1910294 ,  0.        ]],

       ...,

       [[ 0.        , -0.41538887, -0.72774936, ..., -0.99195239,
         -0.87499398, -0.90285127],
        [ 0.41538887,  0.        , -0.37710117, ..., -0.84973051,
         -0.59482917, -0.6426755 ],
        [ 0.72774936,  0.37710117,  0.        , ..., -0.58818242,
         -0.24778059, -0.30631638],
        ...,
        [ 0.99195239,  0.84973051,  0.58818242, ...,  0.        ,
          0.36945347,  0.31218164],
        [ 0.87499398,  0.59482917,  0.24778059, ..., -0.36945347,
          0.        , -0.06089454],
        [ 0.90285127,  0.6426755 ,  0.30631638, ..., -0.31218164,
          0.06089454,  0.        ]],

       [[ 0.        ,  0.01765314, -0.01419253, ...,  0.89614294,
          0.90375569,  0.92238379],
        [-0.01765314,  0.        , -0.03184168, ...,  0.88816944,
          0.89605846,  0.9154211 ],
        [ 0.01419253,  0.03184168,  0.        , ...,  0.90235083,
          0.90973976,  0.92777311],
        ...,
        [-0.89614294, -0.88816944, -0.90235083, ...,  0.        ,
          0.01746283,  0.06316479],
        [-0.90375569, -0.89605846, -0.90973976, ..., -0.01746283,
          0.        ,  0.0457272 ],
        [-0.92238379, -0.9154211 , -0.92777311, ..., -0.06316479,
         -0.0457272 ,  0.        ]],

       [[ 0.        ,  0.50442294,  0.69374145, ...,  0.42888295,
          0.41911877,  0.41071474],
        [-0.50442294,  0.        ,  0.23571814, ...,  0.8259974 ,
          0.81987235,  0.81454903],
        [-0.69374145, -0.23571814,  0.        , ...,  0.93559017,
          0.93172911,  0.92833508],
        ...,
        [-0.42888295, -0.8259974 , -0.93559017, ...,  0.        ,
          0.01078114,  0.02001669],
        [-0.41911877, -0.81987235, -0.93172911, ..., -0.01078114,
          0.        ,  0.00923654],
        [-0.41071474, -0.81454903, -0.92833508, ..., -0.02001669,
         -0.00923654,  0.        ]]]), 'num': array([9.55628473e-01, 2.88941793e-01, 1.04824950e-04, 7.91180726e-08,
       8.22562220e-05, 8.25148894e-05, 7.76002095e-05, 5.73306338e-02,
       3.88001047e-07, 7.88676796e-05, 7.78976769e-05, 6.95513433e-05,
       6.35161857e-07, 8.96558373e-05, 6.61395166e-05])}
{'img': array([[[ 0.        , -0.37405947, -0.22608341, ...,  0.74648651,
          0.8406224 ,  0.85713883],
        [ 0.37405947,  0.        ,  0.15470349, ...,  0.94119449,
          0.98219588,  0.98758719],
        [ 0.22608341, -0.15470349,  0.        , ...,  0.87759446,
          0.94130862,  0.95139802],
        ...,
        [-0.74648651, -0.94119449, -0.87759446, ...,  0.        ,
          0.15503737,  0.1858363 ],
        [-0.8406224 , -0.98219588, -0.94130862, ..., -0.15503737,
          0.        ,  0.03125255],
        [-0.85713883, -0.98758719, -0.95139802, ..., -0.1858363 ,
         -0.03125255,  0.        ]],

       [[ 0.        , -0.30605386, -0.7019568 , ..., -0.81992091,
         -0.74560508, -0.70727396],
        [ 0.30605386,  0.        , -0.4502953 , ..., -0.6053676 ,
         -0.50587598, -0.45697327],
        [ 0.7019568 ,  0.4502953 ,  0.        , ..., -0.18210969,
         -0.06325886, -0.00749329],
        ...,
        [ 0.81992091,  0.6053676 ,  0.18210969, ...,  0.        ,
          0.11954389,  0.17473658],
        [ 0.74560508,  0.50587598,  0.06325886, ..., -0.11954389,
          0.        ,  0.0557788 ],
        [ 0.70727396,  0.45697327,  0.00749329, ..., -0.17473658,
         -0.0557788 ,  0.        ]],

       [[ 0.        , -0.09473286, -0.16861478, ...,  0.37456534,
          0.54479002,  0.67745643],
        [ 0.09473286,  0.        , -0.07448   , ...,  0.46071717,
          0.62178032,  0.7440917 ],
        [ 0.16861478,  0.07448   ,  0.        , ...,  0.52554204,
          0.67838545,  0.79178341],
        ...,
        [-0.37456534, -0.46071717, -0.52554204, ...,  0.        ,
          0.1910294 ,  0.35262159],
        [-0.54479002, -0.62178032, -0.67838545, ..., -0.1910294 ,
          0.        ,  0.16736901],
        [-0.67745643, -0.7440917 , -0.79178341, ..., -0.35262159,
         -0.16736901,  0.        ]],

       ...,

       [[ 0.        , -0.37710117, -0.47772229, ..., -0.59482917,
         -0.6426755 , -0.53287574],
        [ 0.37710117,  0.        , -0.11116556, ..., -0.24778059,
         -0.30631638, -0.17443407],
        [ 0.47772229,  0.11116556,  0.        , ..., -0.13854583,
         -0.19859599, -0.06389164],
        ...,
        [ 0.59482917,  0.24778059,  0.13854583, ...,  0.        ,
         -0.06089454,  0.07498728],
        [ 0.6426755 ,  0.30631638,  0.19859599, ...,  0.06089454,
          0.        ,  0.13557121],
        [ 0.53287574,  0.17443407,  0.06389164, ..., -0.07498728,
         -0.13557121,  0.        ]],

       [[ 0.        , -0.03184168, -0.0654941 , ...,  0.89605846,
          0.9154211 ,  0.90821857],
        [ 0.03184168,  0.        , -0.03368758, ...,  0.90973976,
          0.92777311,  0.92108365],
        [ 0.0654941 ,  0.03368758,  0.        , ...,  0.92320977,
          0.93981686,  0.93367762],
        ...,
        [-0.89605846, -0.90973976, -0.92320977, ...,  0.        ,
          0.0457272 ,  0.02819398],
        [-0.9154211 , -0.92777311, -0.93981686, ..., -0.0457272 ,
          0.        , -0.01754453],
        [-0.90821857, -0.92108365, -0.93367762, ..., -0.02819398,
          0.01754453,  0.        ]],

       [[ 0.        ,  0.53275081,  0.73592134, ...,  0.43343431,
          0.42477605,  0.41926705],
        [-0.53275081,  0.        ,  0.26208173, ...,  0.84691051,
          0.84177463,  0.83847875],
        [-0.73592134, -0.26208173,  0.        , ...,  0.95666548,
          0.95383032,  0.95198762],
        ...,
        [-0.43343431, -0.84691051, -0.95666548, ...,  0.        ,
          0.00958554,  0.01566171],
        [-0.42477605, -0.84177463, -0.95383032, ..., -0.00958554,
          0.        ,  0.00607662],
        [-0.41926705, -0.83847875, -0.95198762, ..., -0.01566171,
         -0.00607662,  0.        ]]]), 'num': array([ 9.05099682e-01,  4.23381126e-01,  7.64632629e-05,  7.92980872e-08,
        7.75839195e-05,  7.99237520e-05,  7.70913232e-05,  3.92802335e-02,
       -7.38894471e-07,  7.64263182e-05,  7.39879664e-05,  6.64594527e-05,
        7.90445248e-07,  8.48249734e-05,  6.31509594e-05])}
{'img': array([[[ 0.        ,  0.15470349,  0.0315241 , ...,  0.98219588,
          0.98758719,  0.97600984],
        [-0.15470349,  0.        , -0.12348201, ...,  0.94130862,
          0.95139802,  0.93057658],
        [-0.0315241 ,  0.12348201,  0.        , ...,  0.97578561,
          0.9821448 ,  0.96866113],
        ...,
        [-0.98219588, -0.94130862, -0.97578561, ...,  0.        ,
          0.03125255, -0.03049708],
        [-0.98758719, -0.95139802, -0.9821448 , ..., -0.03125255,
          0.        , -0.06172019],
        [-0.97600984, -0.93057658, -0.96866113, ...,  0.03049708,
          0.06172019,  0.        ]],

       [[ 0.        , -0.4502953 , -0.56549576, ..., -0.50587598,
         -0.45697327, -0.6775977 ],
        [ 0.4502953 ,  0.        , -0.13353809, ..., -0.06325886,
         -0.00749329, -0.2738513 ],
        [ 0.56549576,  0.13353809,  0.        , ...,  0.07057834,
          0.12610816, -0.1429654 ],
        ...,
        [ 0.50587598,  0.06325886, -0.07057834, ...,  0.        ,
          0.0557788 , -0.21246222],
        [ 0.45697327,  0.00749329, -0.12610816, ..., -0.0557788 ,
          0.        , -0.26663677],
        [ 0.6775977 ,  0.2738513 ,  0.1429654 , ...,  0.21246222,
          0.26663677,  0.        ]],

       [[ 0.        , -0.07448   , -0.20182634, ...,  0.62178032,
          0.7440917 ,  0.8197196 ],
        [ 0.07448   ,  0.        , -0.12831847, ...,  0.67838545,
          0.79178341,  0.86010238],
        [ 0.20182634,  0.12831847,  0.        , ...,  0.76705362,
          0.86361492,  0.91844993],
        ...,
        [-0.62178032, -0.67838545, -0.76705362, ...,  0.        ,
          0.16736901,  0.28586357],
        [-0.7440917 , -0.79178341, -0.86361492, ..., -0.16736901,
          0.        ,  0.12144652],
        [-0.8197196 , -0.86010238, -0.91844993, ..., -0.28586357,
         -0.12144652,  0.        ]],

       ...,

       [[ 0.        , -0.11116556, -0.09351968, ..., -0.30631638,
         -0.17443407,  0.25559898],
        [ 0.11116556,  0.        ,  0.01773834, ..., -0.19859599,
         -0.06389164,  0.36148771],
        [ 0.09351968, -0.01773834,  0.        , ..., -0.21594976,
         -0.08158369,  0.34489202],
        ...,
        [ 0.30631638,  0.19859599,  0.21594976, ...,  0.        ,
          0.13557121,  0.53945371],
        [ 0.17443407,  0.06389164,  0.08158369, ..., -0.13557121,
          0.        ,  0.42032023],
        [-0.25559898, -0.36148771, -0.34489202, ..., -0.53945371,
         -0.42032023,  0.        ]],

       [[ 0.        , -0.03368758, -0.0950845 , ...,  0.92777311,
          0.92108365,  0.88782879],
        [ 0.03368758,  0.        , -0.06149558, ...,  0.93981686,
          0.93367762,  0.90282701],
        [ 0.0950845 ,  0.06149558,  0.        , ...,  0.95904985,
          0.95393297,  0.92756162],
        ...,
        [-0.92777311, -0.93981686, -0.95904985, ...,  0.        ,
         -0.01754453, -0.09564828],
        [-0.92108365, -0.93367762, -0.95393297, ...,  0.01754453,
          0.        , -0.07816946],
        [-0.88782879, -0.90282701, -0.92756162, ...,  0.09564828,
          0.07816946,  0.        ]],

       [[ 0.        ,  0.57705371,  0.78922343, ...,  0.44119096,
          0.43549476,  0.39615842],
        [-0.57705371,  0.        ,  0.29019143, ...,  0.87817904,
          0.87512998,  0.85338547],
        [-0.78922343, -0.29019143,  0.        , ...,  0.97919765,
          0.97789205,  0.96793421],
        ...,
        [-0.44119096, -0.87817904, -0.97919765, ...,  0.        ,
          0.00633748,  0.04957587],
        [-0.43549476, -0.87512998, -0.97789205, ..., -0.00633748,
          0.        ,  0.04324518],
        [-0.39615842, -0.85338547, -0.96793421, ..., -0.04957587,
         -0.04324518,  0.        ]]]), 'num': array([ 7.06888200e-01,  7.06888200e-01,  0.00000000e+00,  5.59280117e-08,
        5.98763872e-05,  6.15128801e-05,  5.90100086e-05,  2.48619948e-02,
       -7.70114305e-07,  6.04154672e-05,  5.76045500e-05,  5.21864750e-05,
        5.65435867e-07,  6.55735587e-05,  4.96355413e-05])}
{'img': array([[[ 0.        , -0.12348201, -0.24162901, ...,  0.95139802,
          0.93057658,  0.89912896],
        [ 0.12348201,  0.        , -0.1199567 , ...,  0.9821448 ,
          0.96866113,  0.94629384],
        [ 0.24162901,  0.1199567 ,  0.        , ...,  0.99761989,
          0.99146212,  0.97824371],
        ...,
        [-0.95139802, -0.9821448 , -0.99761989, ...,  0.        ,
         -0.06172019, -0.13951218],
        [-0.93057658, -0.96866113, -0.99146212, ...,  0.06172019,
          0.        , -0.07812961],
        [-0.89912896, -0.94629384, -0.97824371, ...,  0.13951218,
          0.07812961,  0.        ]],

       [[ 0.        , -0.13353809, -0.30071404, ..., -0.00749329,
         -0.2738513 , -0.41979208],
        [ 0.13353809,  0.        , -0.17066356, ...,  0.12610816,
         -0.1429654 , -0.29483041],
        [ 0.30071404,  0.17066356,  0.        , ...,  0.29355914,
          0.02804244, -0.12742756],
        ...,
        [ 0.00749329, -0.12610816, -0.29355914, ...,  0.        ,
         -0.26663677, -0.41297923],
        [ 0.2738513 ,  0.1429654 , -0.02804244, ...,  0.26663677,
          0.        , -0.15519129],
        [ 0.41979208,  0.29483041,  0.12742756, ...,  0.41297923,
          0.15519129,  0.        ]],

       [[ 0.        , -0.12831847, -0.32881789, ...,  0.79178341,
          0.86010238,  0.90041954],
        [ 0.12831847,  0.        , -0.20491644, ...,  0.86361492,
          0.91844993,  0.94879722],
        [ 0.32881789,  0.20491644,  0.        , ...,  0.94859759,
          0.98001203,  0.99339343],
        ...,
        [-0.79178341, -0.86361492, -0.94859759, ...,  0.        ,
          0.12144652,  0.20553436],
        [-0.86010238, -0.91844993, -0.98001203, ..., -0.12144652,
          0.        ,  0.08515937],
        [-0.90041954, -0.94879722, -0.99339343, ..., -0.20553436,
         -0.08515937,  0.        ]],

       ...,

       [[ 0.        ,  0.01773834, -0.06874718, ..., -0.06389164,
          0.36148771,  0.21356751],
        [-0.01773834,  0.        , -0.08643273, ..., -0.08158369,
          0.34489202,  0.19620482],
        [ 0.06874718,  0.08643273,  0.        , ...,  0.00486623,
          0.42473075,  0.28022329],
        ...,
        [ 0.06389164,  0.08158369, -0.00486623, ...,  0.        ,
          0.42032023,  0.27554871],
        [-0.36148771, -0.34489202, -0.42473075, ..., -0.42032023,
          0.        , -0.15402218],
        [-0.21356751, -0.19620482, -0.28022329, ..., -0.27554871,
          0.15402218,  0.        ]],

       [[ 0.        , -0.06149558, -0.14444063, ...,  0.93367762,
          0.90282701,  0.84573903],
        [ 0.06149558,  0.        , -0.08331655, ...,  0.95393297,
          0.92756162,  0.87695218],
        [ 0.14444063,  0.08331655,  0.        , ...,  0.97561288,
          0.95546953,  0.91394321],
        ...,
        [-0.93367762, -0.95393297, -0.97561288, ...,  0.        ,
         -0.07816946, -0.19533581],
        [-0.90282701, -0.92756162, -0.95546953, ...,  0.07816946,
          0.        , -0.11807446],
        [-0.84573903, -0.87695218, -0.91394321, ...,  0.19533581,
          0.11807446,  0.        ]],

       [[ 0.        ,  0.62955127,  0.83815721, ...,  0.45572385,
          0.4147678 ,  0.31415869],
        [-0.62955127,  0.        ,  0.3078384 , ...,  0.91445566,
          0.89510343,  0.8417658 ],
        [-0.83815721, -0.3078384 ,  0.        , ...,  0.99462639,
          0.98888839,  0.96707289],
        ...,
        [-0.45572385, -0.91445566, -0.99462639, ...,  0.        ,
          0.04548195,  0.15301145],
        [-0.4147678 , -0.89510343, -0.98888839, ..., -0.04548195,
          0.        ,  0.10790673],
        [-0.31415869, -0.8417658 , -0.96707289, ..., -0.15301145,
         -0.10790673,  0.        ]]]), 'num': array([7.69984310e-01, 6.35474212e-01, 2.07257470e-05, 6.04524230e-08,
       6.75590649e-05, 6.76631621e-05, 6.31869837e-05, 5.74165027e-02,
       2.81062366e-06, 6.59976074e-05, 6.21303974e-05, 5.67078022e-05,
       7.58935051e-07, 7.02096458e-05, 5.40511490e-05])}
{'img': array([[[ 0.        , -0.1199567 , -0.13734279, ...,  0.96866113,
          0.94629384,  0.99910013],
        [ 0.1199567 ,  0.        , -0.01753112, ...,  0.99146212,
          0.97824371,  0.99697357],
        [ 0.13734279,  0.01753112,  0.        , ...,  0.99359572,
          0.98173036,  0.99545747],
        ...,
        [-0.96866113, -0.99146212, -0.99359572, ...,  0.        ,
         -0.07812961,  0.20707789],
        [-0.94629384, -0.97824371, -0.98173036, ...,  0.07812961,
          0.        ,  0.282881  ],
        [-0.99910013, -0.99697357, -0.99545747, ..., -0.20707789,
         -0.282881  ,  0.        ]],

