state_0,state_1,state_2,state_3,state_4,state_5,state_6,state_7,state_8,state_9,state_10,state_11,state_12,state_13,state_14,state_15,state_16,state_17,state_18,state_19,state_20,state_21,state_22,state_23,state_24,state_25,state_26,state_27,state_28,state_29,state_30,state_31,state_32,state_33,state_34,state_35,state_36,state_37,state_38,state_39,state_40,state_41,state_42,state_43,state_44,state_45,state_46,state_47,state_48,state_49,state_50,state_51,state_52,state_53,state_54,state_55,state_56,state_57,state_58,state_59,state_60,state_61,state_62,state_63,state_64,state_65,state_66,state_67,state_68,state_69,state_70,state_71,state_72,state_73,state_74,state_75,state_76,state_77,state_78,state_79,state_80,state_81,state_82,state_83,state_84,state_85,state_86,state_87,state_88,state_89,state_90,state_91,state_92,state_93,state_94,state_95,state_96,state_97,state_98,state_99,state_100,state_101,state_102,state_103,state_104,state_105,state_106,state_107,state_108,state_109,state_110,state_111,state_112,state_113,state_114,state_115,state_116,state_117,state_118,state_119,state_120,state_121,state_122,state_123,state_124,state_125,state_126,state_127,state_128,state_129,state_130,state_131,state_132,state_133,state_134,state_135,state_136,state_137,state_138,state_139,state_140,state_141,state_142,state_143,state_144,state_145,state_146,state_147,state_148,state_149,state_150,state_151,state_152,state_153,state_154,state_155,state_156,state_157,state_158,state_159,state_160,state_161,state_162,state_163,state_164,state_165,state_166,state_167,state_168,state_169,state_170,state_171,state_172,state_173,state_174,state_175,state_176,state_177,state_178,state_179,state_180,state_181,state_182,state_183,state_184,state_185,state_186,state_187,state_188,state_189,state_190,state_191,state_192,state_193,state_194,state_195,state_196,state_197,state_198,state_199,state_200,state_201,state_202,state_203,state_204,state_205,state_206,state_207,state_208,state_209,state_210,state_211,state_212,state_213,state_214,state_215,state_216,state_217,state_218,state_219,state_220,state_221,state_222,state_223,state_224,state_225,state_226,state_227,state_228,state_229,state_230,state_231,state_232,state_233,state_234,state_235,state_236,state_237,state_238,state_239,state_240,state_241,state_242,state_243,state_244,state_245,state_246,state_247,state_248,state_249,state_250,state_251,state_252,state_253,state_254,state_255,state_256,state_257,state_258,state_259,state_260,state_261,state_262,state_263,state_264,state_265,state_266,state_267,state_268,state_269,state_270,state_271,state_272,state_273,state_274,state_275,state_276,state_277,state_278,state_279,state_280,state_281,state_282,state_283,state_284,state_285,state_286,state_287
{'img': array([[[ 0.        , -0.68048865, -0.8163297 , ..., -0.82825942,
         -0.72413793, -0.88951984],
        [ 0.68048865,  0.        , -0.20513176, ..., -0.98822253,
         -0.99992083, -0.96271625],
        [ 0.8163297 ,  0.20513176,  0.        , ..., -0.93581734,
         -0.98123808, -0.88675261],
        ...,
        [ 0.82825942,  0.98822253,  0.93581734, ...,  0.        ,
         -0.16544645,  0.12000896],
        [ 0.72413793,  0.99992083,  0.98123808, ...,  0.16544645,
          0.        ,  0.28260583],
        [ 0.88951984,  0.96271625,  0.88675261, ..., -0.12000896,
         -0.28260583,  0.        ]],

       [[ 0.        , -0.22620094, -0.40122502, ..., -0.77563983,
         -0.77187511, -0.65650036],
        [ 0.22620094,  0.        , -0.1836301 , ..., -0.61276321,
         -0.6080559 , -0.46885512],
        [ 0.40122502,  0.1836301 ,  0.        , ..., -0.45722669,
         -0.45193329, -0.29868654],
        ...,
        [ 0.77563983,  0.61276321,  0.45722669, ...,  0.        ,
          0.00594291,  0.17071794],
        [ 0.77187511,  0.6080559 ,  0.45193329, ..., -0.00594291,
          0.        ,  0.16485926],
        [ 0.65650036,  0.46885512,  0.29868654, ..., -0.17071794,
         -0.16485926,  0.        ]],

       [[ 0.        , -0.62916382, -0.83516465, ..., -0.63840941,
         -0.54352352, -0.54352352],
        [ 0.62916382,  0.        , -0.30311061, ..., -0.98048371,
         -0.9505823 , -0.9505823 ],
        [ 0.83516465,  0.30311061,  0.        , ..., -0.99394888,
         -0.99997008, -0.99997008],
        ...,
        [ 0.63840941,  0.98048371,  0.99394888, ...,  0.        ,
         -0.11752858, -0.11752858],
        [ 0.54352352,  0.9505823 ,  0.99997008, ...,  0.11752858,
          0.        ,  0.        ],
        [ 0.54352352,  0.9505823 ,  0.99997008, ...,  0.11752858,
          0.        ,  0.        ]],

       ...,

       [[ 0.        , -0.14063406, -0.43802899, ..., -0.99034716,
         -0.70628991, -0.99938004],
        [ 0.14063406,  0.        , -0.30725119, ..., -0.99999791,
         -0.7988286 , -0.99439916],
        [ 0.43802899,  0.30725119,  0.        , ..., -0.95099816,
         -0.94501765, -0.91382524],
        ...,
        [ 0.99034716,  0.99999791,  0.95099816, ...,  0.        ,
         -0.60319098,  0.10365604],
        [ 0.70628991,  0.7988286 ,  0.94501765, ...,  0.60319098,
          0.        ,  0.68261743],
        [ 0.99938004,  0.99439916,  0.91382524, ..., -0.10365604,
         -0.68261743,  0.        ]],

       [[ 0.        ,  0.14259525,  0.26491905, ..., -0.99988349,
         -0.99999743, -0.98711063],
        [-0.14259525,  0.        ,  0.12471145, ..., -0.99184241,
         -0.98945497, -0.95420258],
        [-0.26491905, -0.12471145,  0.        , ..., -0.96820217,
         -0.96366704, -0.90944434],
        ...,
        [ 0.99988349,  0.99184241,  0.96820217, ...,  0.        ,
         -0.01753333, -0.17508849],
        [ 0.99999743,  0.98945497,  0.96366704, ...,  0.01753333,
          0.        , -0.15779909],
        [ 0.98711063,  0.95420258,  0.90944434, ...,  0.17508849,
          0.15779909,  0.        ]],

       [[ 0.        ,  0.3579477 ,  0.49091041, ...,  0.73625049,
          0.7843092 ,  0.77285759],
        [-0.3579477 ,  0.        ,  0.14653586, ...,  0.92969421,
          0.95440221,  0.94879558],
        [-0.49091041, -0.14653586,  0.        , ...,  0.97363238,
          0.98784421,  0.98484299],
        ...,
        [-0.73625049, -0.92969421, -0.97363238, ...,  0.        ,
         -0.07400137, -0.05579029],
        [-0.7843092 , -0.95440221, -0.98784421, ...,  0.07400137,
          0.        ,  0.0182488 ],
        [-0.77285759, -0.94879558, -0.98484299, ...,  0.05579029,
         -0.0182488 ,  0.        ]]]), 'num': array([ 7.07106271e-01,  7.07106271e-01,  0.00000000e+00,  0.00000000e+00,
        5.62491061e-05,  5.74024789e-05,  5.59829431e-05,  1.19065340e-03,
       -5.32325925e-07,  5.59297105e-05,  5.87421658e-05,  6.05609461e-05,
        2.71295582e-07,  6.31703653e-05,  5.43139663e-05])}
{'img': array([[[ 0.        , -0.21636475,  0.64621206, ..., -0.99870436,
         -0.97162495, -0.98402015],
        [ 0.21636475,  0.        ,  0.79602545, ..., -0.98605806,
         -0.89743361, -0.92218599],
        [-0.64621206, -0.79602545,  0.        , ..., -0.72928455,
         -0.89434976, -0.8660254 ],
        ...,
        [ 0.99870436,  0.98605806,  0.72928455, ...,  0.        ,
          0.28566464,  0.22790142],
        [ 0.97162495,  0.89743361,  0.89434976, ..., -0.28566464,
          0.        , -0.05974246],
        [ 0.98402015,  0.92218599,  0.8660254 , ..., -0.22790142,
          0.05974246,  0.        ]],

       [[ 0.        , -0.18140542,  0.38302197, ..., -0.59138166,
         -0.46008622, -0.79200282],
        [ 0.18140542,  0.        ,  0.54423832, ..., -0.43528585,
         -0.29138746, -0.66811106],
        [-0.38302197, -0.54423832,  0.        , ..., -0.85514821,
         -0.76507504, -0.96544567],
        ...,
        [ 0.59138166,  0.43528585,  0.85514821, ...,  0.        ,
          0.15406278, -0.27761578],
        [ 0.46008622,  0.29138746,  0.76507504, ..., -0.15406278,
          0.        , -0.42230825],
        [ 0.79200282,  0.66811106,  0.96544567, ...,  0.27761578,
          0.42230825,  0.        ]],

       [[ 0.        , -0.66790613, -0.74306053, ..., -0.57341246,
         -0.57341246, -0.56850921],
        [ 0.66790613,  0.        , -0.10604052, ..., -0.973953  ,
         -0.973953  , -0.97258138],
        [ 0.74306053,  0.10604052,  0.        , ..., -0.99250635,
         -0.99250635, -0.99175886],
        ...,
        [ 0.57341246,  0.973953  ,  0.99250635, ...,  0.        ,
          0.        , -0.00597244],
        [ 0.57341246,  0.973953  ,  0.99250635, ...,  0.        ,
          0.        , -0.00597244],
        [ 0.56850921,  0.97258138,  0.99175886, ...,  0.00597244,
          0.00597244,  0.        ]],

       ...,

       [[ 0.        , -0.30725119,  0.07162083, ..., -0.7988286 ,
         -0.99439916, -0.9909479 ],
        [ 0.30725119,  0.        ,  0.37461857, ..., -0.94501765,
         -0.91382524, -0.90176667],
        [-0.07162083, -0.37461857,  0.        , ..., -0.75369302,
         -0.99941506, -0.99801796],
        ...,
        [ 0.7988286 ,  0.94501765,  0.75369302, ...,  0.        ,
          0.68261743,  0.70335366],
        [ 0.99439916,  0.91382524,  0.99941506, ..., -0.68261743,
          0.        ,  0.02876208],
        [ 0.9909479 ,  0.90176667,  0.99801796, ..., -0.70335366,
         -0.02876208,  0.        ]],

       [[ 0.        ,  0.12471145,  0.29633937, ..., -0.98945497,
         -0.95420258, -0.74592432],
        [-0.12471145,  0.        ,  0.17491611, ..., -0.96366704,
         -0.90944434, -0.65703927],
        [-0.29633937, -0.17491611,  0.        , ..., -0.90208931,
         -0.82268914, -0.5150483 ],
        ...,
        [ 0.98945497,  0.96366704,  0.90208931, ...,  0.        ,
         -0.15779909, -0.55096713],
        [ 0.95420258,  0.90944434,  0.82268914, ...,  0.15779909,
          0.        , -0.4123766 ],
        [ 0.74592432,  0.65703927,  0.5150483 , ...,  0.55096713,
          0.4123766 ,  0.        ]],

       [[ 0.        ,  0.35378753,  0.59489571, ...,  0.79442493,
          0.78297067,  0.73718335],
        [-0.35378753,  0.        ,  0.27204588, ...,  0.95792337,
          0.95240926,  0.92855829],
        [-0.59489571, -0.27204588,  0.        , ...,  0.99987832,
          0.9994141 ,  0.99451684],
        ...,
        [-0.79442493, -0.95792337, -0.99987832, ...,  0.        ,
          0.01863197,  0.08904976],
        [-0.78297067, -0.95240926, -0.9994141 , ..., -0.01863197,
          0.        ,  0.07047636],
        [-0.73718335, -0.92855829, -0.99451684, ..., -0.08904976,
         -0.07047636,  0.        ]]]), 'num': array([ 9.82536109e-01,  1.86046856e-01,  1.30572009e-04, -1.47499112e-10,
        7.76078392e-05,  8.07884883e-05,  7.74806132e-05,  3.04830870e-03,
       -3.05342318e-06,  7.95162286e-05,  8.35874595e-05,  8.64882116e-05,
        3.18064915e-07,  8.98616477e-05,  7.73132713e-05])}
