state_0,state_1,state_2,state_3,state_4,state_5,state_6,state_7,state_8,state_9,state_10,state_11,state_12,state_13,state_14,state_15,state_16,state_17,state_18,state_19,state_20,state_21,state_22,state_23,state_24,state_25,state_26,state_27,state_28,state_29,state_30,state_31,state_32,state_33,state_34,state_35,state_36,state_37,state_38,state_39,state_40,state_41,state_42,state_43,state_44,state_45,state_46,state_47,state_48,state_49,state_50,state_51,state_52,state_53,state_54,state_55,state_56,state_57,state_58,state_59,state_60,state_61,state_62,state_63,state_64,state_65,state_66,state_67,state_68,state_69,state_70,state_71,state_72,state_73,state_74,state_75,state_76,state_77,state_78,state_79,state_80,state_81,state_82,state_83,state_84,state_85,state_86,state_87,state_88,state_89,state_90,state_91,state_92,state_93,state_94,state_95,state_96,state_97,state_98,state_99,state_100,state_101,state_102,state_103,state_104,state_105,state_106,state_107,state_108,state_109,state_110,state_111,state_112,state_113,state_114,state_115,state_116,state_117,state_118,state_119,state_120,state_121,state_122,state_123,state_124,state_125,state_126,state_127,state_128,state_129,state_130,state_131,state_132,state_133,state_134,state_135,state_136,state_137,state_138,state_139,state_140,state_141,state_142,state_143,state_144,state_145,state_146,state_147,state_148,state_149,state_150,state_151,state_152,state_153,state_154,state_155,state_156,state_157,state_158,state_159,state_160,state_161,state_162,state_163,state_164,state_165,state_166,state_167,state_168,state_169,state_170,state_171,state_172,state_173,state_174,state_175,state_176,state_177,state_178,state_179,state_180,state_181,state_182,state_183,state_184,state_185,state_186,state_187,state_188,state_189,state_190,state_191,state_192,state_193,state_194,state_195,state_196,state_197,state_198,state_199,state_200,state_201,state_202,state_203,state_204,state_205,state_206,state_207,state_208,state_209,state_210,state_211,state_212,state_213,state_214,state_215,state_216,state_217,state_218,state_219,state_220,state_221,state_222,state_223,state_224,state_225,state_226,state_227,state_228,state_229,state_230,state_231,state_232,state_233,state_234,state_235,state_236,state_237,state_238,state_239,state_240,state_241,state_242,state_243,state_244,state_245,state_246,state_247,state_248,state_249,state_250,state_251,state_252,state_253,state_254,state_255,state_256,state_257,state_258,state_259,state_260,state_261,state_262,state_263,state_264,state_265,state_266,state_267,state_268,state_269,state_270,state_271,state_272,state_273,state_274,state_275,state_276,state_277,state_278,state_279,state_280,state_281,state_282,state_283,state_284,state_285,state_286,state_287
{'img': array([[[ 0.        , -0.79258911, -0.73800362, ..., -0.76647309,
         -0.67278572, -0.84896114],
        [ 0.79258911,  0.        ,  0.08483435, ..., -0.97642294,
         -0.99662226, -0.93650713],
        [ 0.73800362, -0.08483435,  0.        , ..., -0.99121588,
         -0.9999963 , -0.96287813],
        ...,
        [ 0.76647309,  0.97642294,  0.99121588, ...,  0.        ,
         -0.13495105,  0.14022097],
        [ 0.67278572,  0.99662226,  0.9999963 , ...,  0.13495105,
          0.        ,  0.27255603],
        [ 0.84896114,  0.93650713,  0.96287813, ..., -0.14022097,
         -0.27255603,  0.        ]],

       [[ 0.        ,  0.67236145, -0.22711089, ..., -0.5445593 ,
          0.27528501, -0.18401628],
        [-0.67236145,  0.        , -0.82290461, ..., -0.96701988,
         -0.4426109 , -0.79709274],
        [ 0.22711089,  0.82290461,  0.        , ..., -0.33984639,
          0.48642743,  0.04402483],
        ...,
        [ 0.5445593 ,  0.96701988,  0.33984639, ...,  0.        ,
          0.75440666,  0.3809214 ],
        [-0.27528501,  0.4426109 , -0.48642743, ..., -0.75440666,
          0.        , -0.4474904 ],
        [ 0.18401628,  0.79709274, -0.04402483, ..., -0.3809214 ,
          0.4474904 ,  0.        ]],

       [[ 0.        , -0.3286711 , -0.39965263, ..., -0.6018474 ,
         -0.64534779, -0.71617898],
        [ 0.3286711 ,  0.        , -0.07616786, ..., -0.83089183,
         -0.86056333, -0.90577629],
        [ 0.39965263,  0.07616786,  0.        , ..., -0.87086048,
         -0.89685901, -0.93542162],
        ...,
        [ 0.6018474 ,  0.83089183,  0.87086048, ...,  0.        ,
          0.05563737,  0.15190916],
        [ 0.64534779,  0.86056333,  0.89685901, ..., -0.05563737,
          0.        ,  0.09668219],
        [ 0.71617898,  0.90577629,  0.93542162, ..., -0.15190916,
         -0.09668219,  0.        ]],

       ...,

       [[ 0.        , -0.90359207, -0.89141822, ..., -0.98875536,
         -0.99555742, -0.97328563],
        [ 0.90359207,  0.        ,  0.02761312, ..., -0.28845175,
         -0.51156971, -0.20948707],
        [ 0.89141822, -0.02761312,  0.        , ..., -0.31478117,
         -0.53510099, -0.23640762],
        ...,
        [ 0.98875536,  0.28845175,  0.31478117, ...,  0.        ,
         -0.24197535,  0.08146871],
        [ 0.99555742,  0.51156971,  0.53510099, ...,  0.24197535,
          0.        ,  0.32021866],
        [ 0.97328563,  0.20948707,  0.23640762, ..., -0.08146871,
         -0.32021866,  0.        ]],

       [[ 0.        ,  0.06687324,  0.11369136, ..., -0.65854974,
         -0.41183701, -0.27692295],
        [-0.06687324,  0.        ,  0.04699722, ..., -0.60675096,
         -0.34997636, -0.21204508],
        [-0.11369136, -0.04699722,  0.        , ..., -0.5687228 ,
         -0.3055646 , -0.16588228],
        ...,
        [ 0.65854974,  0.60675096,  0.5687228 , ...,  0.        ,
         -0.29018573, -0.42440043],
        [ 0.41183701,  0.34997636,  0.3055646 , ...,  0.29018573,
          0.        , -0.14338282],
        [ 0.27692295,  0.21204508,  0.16588228, ...,  0.42440043,
          0.14338282,  0.        ]],

       [[ 0.        ,  0.14501153,  0.30498517, ..., -0.58233885,
         -0.4809972 , -0.46665048],
        [-0.14501153,  0.        ,  0.16365871, ..., -0.69407007,
         -0.60304785, -0.58997223],
        [-0.30498517, -0.16365871,  0.        , ..., -0.80253106,
         -0.72546834, -0.71415954],
        ...,
        [ 0.58233885,  0.69407007,  0.80253106, ...,  0.        ,
          0.11952454,  0.13568311],
        [ 0.4809972 ,  0.60304785,  0.72546834, ..., -0.11952454,
          0.        ,  0.01629123],
        [ 0.46665048,  0.58997223,  0.71415954, ..., -0.13568311,
         -0.01629123,  0.        ]]]), 'num': array([ 7.07099585e-01,  7.07099585e-01,  0.00000000e+00,  0.00000000e+00,
        1.40094105e-04,  1.43187666e-04,  1.38768294e-04,  4.49436032e-03,
       -8.83874481e-07,  1.38326356e-04,  1.33929081e-04,  1.47960588e-04,
        5.30324689e-07,  1.40599113e-04,  1.27259049e-04])}
{'img': array([[[ 0.        ,  0.20440499,  0.20440499, ..., -0.9593842 ,
         -0.99982581, -0.99970199],
        [-0.20440499,  0.        ,  0.        , ..., -0.88146494,
         -0.98253089, -0.9736048 ],
        [-0.20440499,  0.        ,  0.        , ..., -0.88146494,
         -0.98253089, -0.9736048 ],
        ...,
        [ 0.9593842 ,  0.88146494,  0.88146494, ...,  0.        ,
          0.29995943,  0.2585984 ],
        [ 0.99982581,  0.98253089,  0.98253089, ..., -0.29995943,
          0.        , -0.04306584],
        [ 0.99970199,  0.9736048 ,  0.9736048 , ..., -0.2585984 ,
          0.04306584,  0.        ]],

       [[ 0.        , -0.82290461, -0.92132693, ..., -0.4426109 ,
         -0.79709274, -0.84881994],
        [ 0.82290461,  0.        , -0.20354308, ...,  0.48642743,
          0.04402483, -0.04722723],
        [ 0.92132693,  0.20354308,  0.        , ...,  0.65408442,
          0.24644894,  0.15707738],
        ...,
        [ 0.4426109 , -0.48642743, -0.65408442, ...,  0.        ,
         -0.4474904 , -0.52714809],
        [ 0.79709274, -0.04402483, -0.24644894, ...,  0.4474904 ,
          0.        , -0.09115715],
        [ 0.84881994,  0.04722723, -0.15707738, ...,  0.52714809,
          0.09115715,  0.        ]],

       [[ 0.        , -0.23733211, -0.42082281, ..., -0.65324934,
         -0.72448962, -0.75063748],
        [ 0.23733211,  0.        , -0.19350517, ..., -0.81427938,
         -0.86737955, -0.88599941],
        [ 0.42082281,  0.19350517,  0.        , ..., -0.91121345,
         -0.94728273, -0.95897907],
        ...,
        [ 0.65324934,  0.81427938,  0.91121345, ...,  0.        ,
          0.0982667 ,  0.13672864],
        [ 0.72448962,  0.86737955,  0.94728273, ..., -0.0982667 ,
          0.        ,  0.03872306],
        [ 0.75063748,  0.88599941,  0.95897907, ..., -0.13672864,
         -0.03872306,  0.        ]],

       ...,

       [[ 0.        ,  0.09509775,  0.39400235, ..., -0.81168587,
         -0.43997543, -0.47996085],
        [-0.09509775,  0.        ,  0.30481147, ..., -0.86355331,
         -0.52338014, -0.56121393],
        [-0.39400235, -0.30481147,  0.        , ..., -0.97616263,
         -0.75820354, -0.78679083],
        ...,
        [ 0.81168587,  0.86355331,  0.97616263, ...,  0.        ,
          0.47191478,  0.43174147],
        [ 0.43997543,  0.52338014,  0.75820354, ..., -0.47191478,
          0.        , -0.04502355],
        [ 0.47996085,  0.56121393,  0.78679083, ..., -0.43174147,
          0.04502355,  0.        ]],

       [[ 0.        ,  0.04699722,  0.21204508, ..., -0.34997636,
         -0.21204508, -0.45221322],
        [-0.04699722,  0.        ,  0.16588228, ..., -0.3055646 ,
         -0.16588228, -0.40979625],
        [-0.21204508, -0.16588228,  0.        , ..., -0.14338282,
         -0.        , -0.25280474],
        ...,
        [ 0.34997636,  0.3055646 ,  0.14338282, ...,  0.        ,
         -0.14338282,  0.11146722],
        [ 0.21204508,  0.16588228,  0.        , ...,  0.14338282,
          0.        ,  0.25280474],
        [ 0.45221322,  0.40979625,  0.25280474, ..., -0.11146722,
         -0.25280474,  0.        ]],

       [[ 0.        ,  0.16365871,  0.28658709, ..., -0.60304785,
         -0.58997223, -0.61570318],
        [-0.16365871,  0.        ,  0.12592913, ..., -0.72546834,
         -0.71415954, -0.73636115],
        [-0.28658709, -0.12592913,  0.        , ..., -0.80636449,
         -0.79662253, -0.81570139],
        ...,
        [ 0.60304785,  0.72546834,  0.80636449, ...,  0.        ,
          0.01629123, -0.01596097],
        [ 0.58997223,  0.71415954,  0.79662253, ..., -0.01629123,
          0.        , -0.032248  ],
        [ 0.61570318,  0.73636115,  0.81570139, ...,  0.01596097,
          0.032248  ,  0.        ]]]), 'num': array([ 7.34205376e-01,  6.78912946e-01,  3.47751131e-06, -9.78336791e-12,
        1.45890316e-04,  1.48184189e-04,  1.44972767e-04,  4.41700825e-03,
        4.58774580e-07,  1.44238728e-04,  1.39467472e-04,  1.53054846e-04,
        5.97797179e-07,  1.46944231e-04,  1.31990713e-04])}
{'img': array([[[ 0.        ,  0.        , -0.16234415, ..., -0.98253089,
         -0.9736048 , -0.97832014],
        [ 0.        ,  0.        , -0.16234415, ..., -0.98253089,
         -0.9736048 , -0.97832014],
        [ 0.16234415,  0.16234415,  0.        , ..., -0.99970901,
         -0.99774265, -0.99896313],
        ...,
        [ 0.98253089,  0.98253089,  0.99970901, ...,  0.        ,
         -0.04306584, -0.02141552],
        [ 0.9736048 ,  0.9736048 ,  0.99774265, ...,  0.04306584,
          0.        ,  0.02166032],
        [ 0.97832014,  0.97832014,  0.99896313, ...,  0.02141552,
         -0.02166032,  0.        ]],

       [[ 0.        , -0.20354308, -0.44162194, ...,  0.04402483,
         -0.04722723, -0.10092316],
        [ 0.20354308,  0.        , -0.24975792, ...,  0.24644894,
          0.15707738,  0.1036934 ],
        [ 0.44162194,  0.24975792,  0.        , ...,  0.48069289,
          0.39875683,  0.34881873],
        ...,
        [-0.04402483, -0.24644894, -0.48069289, ...,  0.        ,
         -0.09115715, -0.14462536],
        [ 0.04722723, -0.15707738, -0.39875683, ...,  0.09115715,
          0.        , -0.05382445],
        [ 0.10092316, -0.1036934 , -0.34881873, ...,  0.14462536,
          0.05382445,  0.        ]],

       [[ 0.        , -0.35522032, -0.54168787, ..., -0.7287474 ,
         -0.75493719, -0.77624222],
        [ 0.35522032,  0.        , -0.20776941, ..., -0.9244691 ,
         -0.93865461, -0.94956097],
        [ 0.54168787,  0.20776941,  0.        , ..., -0.98350872,
         -0.98982222, -0.99399234],
        ...,
        [ 0.7287474 ,  0.9244691 ,  0.98350872, ...,  0.        ,
          0.03905742,  0.07212946],
        [ 0.75493719,  0.93865461,  0.98982222, ..., -0.03905742,
          0.        ,  0.03311873],
        [ 0.77624222,  0.94956097,  0.99399234, ..., -0.07212946,
         -0.03311873,  0.        ]],

       ...,

       [[ 0.        ,  0.30481147, -0.06869452, ..., -0.52338014,
         -0.56121393, -0.28952166],
        [-0.30481147,  0.        , -0.36951696, ..., -0.75820354,
         -0.78679083, -0.56750095],
        [ 0.06869452,  0.36951696,  0.        , ..., -0.46360923,
         -0.50303175, -0.22308531],
        ...,
        [ 0.52338014,  0.75820354,  0.46360923, ...,  0.        ,
         -0.04502355,  0.25426333],
        [ 0.56121393,  0.78679083,  0.50303175, ...,  0.04502355,
          0.        ,  0.29754933],
        [ 0.28952166,  0.56750095,  0.22308531, ..., -0.25426333,
         -0.29754933,  0.        ]],

       [[ 0.        ,  0.16588228,  0.01569248, ..., -0.16588228,
         -0.40979625, -0.51603753],
        [-0.16588228,  0.        , -0.15038678, ..., -0.        ,
         -0.25280474, -0.366799  ],
        [-0.01569248,  0.15038678,  0.        , ..., -0.15038678,
         -0.39543147, -0.50253234],
        ...,
        [ 0.16588228,  0.        ,  0.15038678, ...,  0.        ,
          0.25280474,  0.366799  ],
        [ 0.40979625,  0.25280474,  0.39543147, ..., -0.25280474,
          0.        ,  0.11970009],
        [ 0.51603753,  0.366799  ,  0.50253234, ..., -0.366799  ,
         -0.11970009,  0.        ]],

       [[ 0.        ,  0.12592913,  0.28985809, ..., -0.71415954,
         -0.73636115, -0.74363396],
        [-0.12592913,  0.        ,  0.16702765, ..., -0.79662253,
         -0.81570139, -0.82190865],
        [-0.28985809, -0.16702765,  0.        , ..., -0.88639614,
         -0.90086361, -0.90550483],
        ...,
        [ 0.71415954,  0.79662253,  0.88639614, ...,  0.        ,
         -0.032248  , -0.04305334],
        [ 0.73636115,  0.81570139,  0.90086361, ...,  0.032248  ,
          0.        , -0.01081285],
        [ 0.74363396,  0.82190865,  0.90550483, ...,  0.04305334,
          0.01081285,  0.        ]]]), 'num': array([ 7.30585394e-01,  6.82810771e-01,  3.07232306e-06,  1.94020402e-10,
        1.42186380e-04,  1.44929525e-04,  1.39443234e-04,  3.77767723e-03,
       -3.20033652e-06,  1.43649391e-04,  1.39237498e-04,  1.51901687e-04,
        5.04957149e-07,  1.46763672e-04,  1.31711325e-04])}
{'img': array([[[ 0.        , -0.16234415, -0.24294895, ..., -0.9736048 ,
         -0.97832014, -0.93355467],
        [ 0.16234415,  0.        , -0.08224586, ..., -0.99774265,
         -0.99896313, -0.97936015],
        [ 0.24294895,  0.08224586,  0.        , ..., -0.99988547,
         -0.99932308, -0.99266592],
        ...,
        [ 0.9736048 ,  0.99774265,  0.99988547, ...,  0.        ,
          0.02166032, -0.13589915],
        [ 0.97832014,  0.99896313,  0.99932308, ..., -0.02166032,
          0.        , -0.15732663],
        [ 0.93355467,  0.97936015,  0.99266592, ...,  0.13589915,
          0.15732663,  0.        ]],

       [[ 0.        , -0.24975792,  0.03200785, ...,  0.15707738,
          0.1036934 , -0.03920818],
        [ 0.24975792,  0.        ,  0.28062342, ...,  0.39875683,
          0.34881873,  0.21160027],
        [-0.03200785, -0.28062342,  0.        , ...,  0.12538638,
          0.07180496, -0.07117133],
        ...,
        [-0.15707738, -0.39875683, -0.12538638, ...,  0.        ,
         -0.05382445, -0.19567806],
        [-0.1036934 , -0.34881873, -0.07180496, ...,  0.05382445,
          0.        , -0.14261048],
        [ 0.03920818, -0.21160027,  0.07117133, ...,  0.19567806,
          0.14261048,  0.        ]],

       [[ 0.        , -0.43043469, -0.58782411, ..., -0.7648615 ,
         -0.78619576, -0.78323732],
        [ 0.43043469,  0.        , -0.18236598, ..., -0.96766438,
         -0.97563634, -0.9745781 ],
        [ 0.58782411,  0.18236598,  0.        , ..., -0.99743757,
         -0.99928563, -0.99909387],
        ...,
        [ 0.7648615 ,  0.96766438,  0.99743757, ...,  0.        ,
          0.03379597,  0.02902551],
        [ 0.78619576,  0.97563634,  0.99928563, ..., -0.03379597,
          0.        , -0.0047728 ],
        [ 0.78323732,  0.9745781 ,  0.99909387, ..., -0.02902551,
          0.0047728 ,  0.        ]],

       ...,

       [[ 0.        , -0.36951696, -0.30481147, ..., -0.78679083,
         -0.56750095, -0.90468112],
        [ 0.36951696,  0.        ,  0.06869452, ..., -0.50303175,
         -0.22308531, -0.68320418],
        [ 0.30481147, -0.06869452,  0.        , ..., -0.56121393,
         -0.28952166, -0.73175289],
        ...,
        [ 0.78679083,  0.50303175,  0.56121393, ...,  0.        ,
          0.29754933, -0.22314389],
        [ 0.56750095,  0.22308531,  0.28952166, ..., -0.29754933,
          0.        , -0.5030837 ],
        [ 0.90468112,  0.68320418,  0.73175289, ...,  0.22314389,
          0.5030837 ,  0.        ]],

       [[ 0.        , -0.15038678, -0.18469647, ..., -0.25280474,
         -0.366799  , -0.39667899],
        [ 0.15038678,  0.        , -0.03479649, ..., -0.39543147,
         -0.50253234, -0.53021631],
        [ 0.18469647,  0.03479649,  0.        , ..., -0.42715242,
         -0.53231162, -0.55939786],
        ...,
        [ 0.25280474,  0.39543147,  0.42715242, ...,  0.        ,
          0.11970009,  0.15172981],
        [ 0.366799  ,  0.50253234,  0.53231162, ..., -0.11970009,
          0.        ,  0.03232469],
        [ 0.39667899,  0.53021631,  0.55939786, ..., -0.15172981,
         -0.03232469,  0.        ]],

       [[ 0.        ,  0.16702765,  0.29290797, ..., -0.81570139,
         -0.82190865, -0.81250513],
        [-0.16702765,  0.        ,  0.12909134, ..., -0.90086361,
         -0.90550483, -0.89846068],
        [-0.29290797, -0.12909134,  0.        , ..., -0.94936466,
         -0.9527063 , -0.94762106],
        ...,
        [ 0.81570139,  0.90086361,  0.94936466, ...,  0.        ,
         -0.01081285,  0.00550396],
        [ 0.82190865,  0.90550483,  0.9527063 , ...,  0.01081285,
          0.        ,  0.01631633],
        [ 0.81250513,  0.89846068,  0.94762106, ..., -0.00550396,
         -0.01631633,  0.        ]]]), 'num': array([ 7.30090804e-01,  6.83342091e-01,  3.01604598e-06, -1.15131843e-09,
        1.41662766e-04,  1.46232532e-04,  1.41205789e-04,  3.29248944e-03,
       -4.56976663e-07,  1.43947649e-04,  1.39332185e-04,  1.51198345e-04,
        5.73157171e-07,  1.46923501e-04,  1.31740868e-04])}
{'img': array([[[ 0.        , -0.08224586,  0.42591771, ..., -0.99896313,
         -0.97936015, -0.97422123],
        [ 0.08224586,  0.        ,  0.49888765, ..., -0.99932308,
         -0.99266592, -0.98947487],
        [-0.42591771, -0.49888765,  0.        , ..., -0.88443328,
         -0.8       , -0.78535345],
        ...,
        [ 0.99896313,  0.99932308,  0.88443328, ...,  0.        ,
         -0.15732663, -0.18100804],
        [ 0.97936015,  0.99266592,  0.8       , ...,  0.15732663,
          0.        , -0.02402602],
        [ 0.97422123,  0.98947487,  0.78535345, ...,  0.18100804,
          0.02402602,  0.        ]],

       [[ 0.        ,  0.28062342,  0.84374161, ...,  0.34881873,
          0.21160027,  0.09154964],
        [-0.28062342,  0.        ,  0.65921384, ...,  0.07180496,
         -0.07117133, -0.19157395],
        [-0.84374161, -0.65921384,  0.        , ..., -0.60351807,
         -0.71105982, -0.79105909],
        ...,
        [-0.34881873, -0.07180496,  0.60351807, ...,  0.        ,
         -0.14261048, -0.26155444],
        [-0.21160027,  0.07117133,  0.71105982, ...,  0.14261048,
          0.        , -0.12123504],
        [-0.09154964,  0.19157395,  0.79105909, ...,  0.26155444,
          0.12123504,  0.        ]],

       [[ 0.        , -0.43262325, -0.37948753, ..., -0.80117868,
         -0.79822289, -0.80986654],
        [ 0.43262325,  0.        ,  0.05812527, ..., -0.98121517,
         -0.98025353, -0.98393819],
        [ 0.37948753, -0.05812527,  0.        , ..., -0.9683429 ,
         -0.96710225, -0.97189874],
        ...,
        [ 0.80117868,  0.98121517,  0.9683429 , ...,  0.        ,
         -0.00492307,  0.01466177],
        [ 0.79822289,  0.98025353,  0.96710225, ...,  0.00492307,
          0.        ,  0.01958414],
        [ 0.80986654,  0.98393819,  0.97189874, ..., -0.01466177,
         -0.01958414,  0.        ]],

       ...,

       [[ 0.        ,  0.21666467, -0.50562661, ..., -0.29705982,
         -0.76654836, -0.45910797],
        [-0.21666467,  0.        , -0.68054397, ..., -0.49688767,
         -0.88747898, -0.64068302],
        [ 0.50562661,  0.68054397,  0.        , ...,  0.22651298,
         -0.33663482,  0.05309231],
        ...,
        [ 0.29705982,  0.49688767, -0.22651298, ...,  0.        ,
         -0.54117767, -0.17448117],
        [ 0.76654836,  0.88747898,  0.33663482, ...,  0.54117767,
          0.        ,  0.38615362],
        [ 0.45910797,  0.64068302, -0.05309231, ...,  0.17448117,
         -0.38615362,  0.        ]],

       [[ 0.        , -0.10814599, -0.17872333, ..., -0.36780837,
         -0.39776299, -0.41723821],
        [ 0.10814599,  0.        , -0.07127035, ..., -0.46621631,
         -0.49465279, -0.51307389],
        [ 0.17872333,  0.07127035,  0.        , ..., -0.52808154,
         -0.55533531, -0.57294367],
        ...,
        [ 0.36780837,  0.46621631,  0.52808154, ...,  0.        ,
          0.03242061,  0.05372728],
        [ 0.39776299,  0.49465279,  0.55533531, ..., -0.03242061,
          0.        ,  0.02132526],
        [ 0.41723821,  0.51307389,  0.57294367, ..., -0.05372728,
         -0.02132526,  0.        ]],

       [[ 0.        ,  0.12909134,  0.29429892, ..., -0.90550483,
         -0.89846068, -0.89477599],
        [-0.12909134,  0.        ,  0.16846211, ..., -0.9527063 ,
         -0.94762106, -0.94493039],
        [-0.29429892, -0.16846211,  0.        , ..., -0.99028473,
         -0.98788405, -0.9865584 ],
        ...,
        [ 0.90550483,  0.9527063 ,  0.99028473, ...,  0.        ,
          0.01631633,  0.02463615],
        [ 0.89846068,  0.94762106,  0.98788405, ..., -0.01631633,
          0.        ,  0.00832149],
        [ 0.89477599,  0.94493039,  0.9865584 , ..., -0.02463615,
         -0.00832149,  0.        ]]]), 'num': array([ 8.02607517e-01,  5.96496329e-01,  1.31700440e-05, -1.49643873e-09,
        1.56857830e-04,  1.57860116e-04,  1.55855543e-04,  3.62041903e-03,
        1.50342968e-06,  1.57258744e-04,  1.52973970e-04,  1.65168455e-04,
        7.03358913e-07,  1.61483818e-04,  1.44464121e-04])}
{'img': array([[[ 0.00000000e+00,  4.98887652e-01,  0.00000000e+00, ...,
         -9.92665924e-01, -9.89474872e-01, -9.97235689e-01],
        [-4.98887652e-01,  0.00000000e+00, -4.98887652e-01, ...,
         -8.00000000e-01, -7.85353452e-01, -8.27201933e-01],
        [ 0.00000000e+00,  4.98887652e-01,  0.00000000e+00, ...,
         -9.92665924e-01, -9.89474872e-01, -9.97235689e-01],
        ...,
        [ 9.92665924e-01,  8.00000000e-01,  9.92665924e-01, ...,
          0.00000000e+00, -2.40260237e-02,  4.67973505e-02],
        [ 9.89474872e-01,  7.85353452e-01,  9.89474872e-01, ...,
          2.40260237e-02,  0.00000000e+00,  7.07835426e-02],
        [ 9.97235689e-01,  8.27201933e-01,  9.97235689e-01, ...,
         -4.67973505e-02, -7.07835426e-02,  0.00000000e+00]],

       [[ 0.00000000e+00,  6.59213843e-01,  1.56844953e-02, ...,
         -7.11713255e-02, -1.91573951e-01, -1.89276631e-01],
        [-6.59213843e-01,  0.00000000e+00, -6.47338710e-01, ...,
         -7.11059817e-01, -7.91059094e-01, -7.89625372e-01],
        [-1.56844953e-02,  6.47338710e-01,  0.00000000e+00, ...,
         -8.68072918e-02, -2.06944376e-01, -2.04654328e-01],
        ...,
        [ 7.11713255e-02,  7.11059817e-01,  8.68072918e-02, ...,
          0.00000000e+00, -1.21235037e-01, -1.18911827e-01],
        [ 1.91573951e-01,  7.91059094e-01,  2.06944376e-01, ...,
          1.21235037e-01,  0.00000000e+00,  2.34013873e-03],
        [ 1.89276631e-01,  7.89625372e-01,  2.04654328e-01, ...,
          1.18911827e-01, -2.34013873e-03,  0.00000000e+00]],

       [[ 0.00000000e+00,  2.20176177e-01,  1.94106392e-02, ...,
         -9.19006009e-01, -9.26729713e-01, -9.14960994e-01],
        [-2.20176177e-01,  0.00000000e+00, -2.01200391e-01, ...,
         -8.09650682e-01, -8.21261376e-01, -8.03657565e-01],
        [-1.94106392e-02,  2.01200391e-01,  0.00000000e+00, ...,
         -9.11180346e-01, -9.19261979e-01, -9.06955598e-01],
        ...,
        [ 9.19006009e-01,  8.09650682e-01,  9.11180346e-01, ...,
          0.00000000e+00,  2.00602750e-02, -1.01403422e-02],
        [ 9.26729713e-01,  8.21261376e-01,  9.19261979e-01, ...,
         -2.00602750e-02,  0.00000000e+00, -3.01975452e-02],
        [ 9.14960994e-01,  8.03657565e-01,  9.06955598e-01, ...,
          1.01403422e-02,  3.01975452e-02,  0.00000000e+00]],

       ...,

       [[ 0.00000000e+00, -4.40062323e-01, -6.85781892e-01, ...,
         -6.96202304e-01, -3.97699962e-01,  3.70427182e-01],
        [ 4.40062323e-01,  0.00000000e+00, -2.95529178e-01, ...,
         -3.09270039e-01,  4.66424797e-02,  7.41388425e-01],
        [ 6.85781892e-01,  2.95529178e-01,  0.00000000e+00, ...,
         -1.44154540e-02,  3.39766671e-01,  9.06595942e-01],
        ...,
        [ 6.96202304e-01,  3.09270039e-01,  1.44154540e-02, ...,
          0.00000000e+00,  3.53289242e-01,  9.12585057e-01],
        [ 3.97699962e-01, -4.66424797e-02, -3.39766671e-01, ...,
         -3.53289242e-01,  0.00000000e+00,  7.09280877e-01],
        [-3.70427182e-01, -7.41388425e-01, -9.06595942e-01, ...,
         -9.12585057e-01, -7.09280877e-01,  0.00000000e+00]],

       [[ 0.00000000e+00, -1.42920013e-01, -2.26594552e-01, ...,
         -3.98322286e-01, -4.17821970e-01, -4.44045561e-01],
        [ 1.42920013e-01,  0.00000000e+00, -8.50658423e-02, ...,
         -5.25325949e-01, -5.43379676e-01, -5.67544030e-01],
        [ 2.26594552e-01,  8.50658423e-02,  0.00000000e+00, ...,
         -5.95804433e-01, -6.12821779e-01, -6.35525241e-01],
        ...,
        [ 3.98322286e-01,  5.25325949e-01,  5.95804433e-01, ...,
          0.00000000e+00,  2.13580157e-02,  5.04003601e-02],
        [ 4.17821970e-01,  5.43379676e-01,  6.12821779e-01, ...,
         -2.13580157e-02,  0.00000000e+00,  2.90579916e-02],
        [ 4.44045561e-01,  5.67544030e-01,  6.35525241e-01, ...,
         -5.04003601e-02, -2.90579916e-02,  0.00000000e+00]],

       [[ 0.00000000e+00,  1.68462108e-01,  3.12054003e-01, ...,
         -9.47621062e-01, -9.44930395e-01, -9.45185608e-01],
        [-1.68462108e-01,  0.00000000e+00,  1.47544321e-01, ...,
         -9.87884045e-01, -9.86558397e-01, -9.86685671e-01],
        [-3.12054003e-01, -1.47544321e-01,  0.00000000e+00, ...,
         -9.99970057e-01, -9.99871037e-01, -9.99883270e-01],
        ...,
        [ 9.47621062e-01,  9.87884045e-01,  9.99970057e-01, ...,
          0.00000000e+00,  8.32148925e-03,  7.54081055e-03],
        [ 9.44930395e-01,  9.86558397e-01,  9.99871037e-01, ...,
         -8.32148925e-03,  0.00000000e+00, -7.80703187e-04],
        [ 9.45185608e-01,  9.86685671e-01,  9.99883270e-01, ...,
         -7.54081055e-03,  7.80703187e-04,  0.00000000e+00]]]), 'num': array([9.37282054e-01, 3.48551141e-01, 3.74987843e-05, 1.07246815e-09,
       1.83405269e-04, 1.85157548e-04, 1.79900709e-04, 3.76636154e-03,
       5.84093213e-07, 1.82937994e-04, 1.78586500e-04, 1.91787006e-04,
       7.93485119e-07, 1.88742838e-04, 1.68430162e-04])}
{'img': array([[[ 0.00000000e+00, -4.98887652e-01, -9.66373401e-01, ...,
         -7.85353452e-01, -8.27201933e-01, -8.39825055e-01],
        [ 4.98887652e-01,  0.00000000e+00, -7.09238218e-01, ...,
         -9.89474872e-01, -9.97235689e-01, -9.98673106e-01],
        [ 9.66373401e-01,  7.09238218e-01,  0.00000000e+00, ...,
         -8.00179184e-01, -7.55718885e-01, -7.40557718e-01],
        ...,
        [ 7.85353452e-01,  9.89474872e-01,  8.00179184e-01, ...,
          0.00000000e+00,  7.07835426e-02,  9.35569692e-02],
        [ 8.27201933e-01,  9.97235689e-01,  7.55718885e-01, ...,
         -7.07835426e-02,  0.00000000e+00,  2.28492193e-02],
        [ 8.39825055e-01,  9.98673106e-01,  7.40557718e-01, ...,
         -9.35569692e-02, -2.28492193e-02,  0.00000000e+00]],

       [[ 0.00000000e+00, -6.47338710e-01,  9.83862068e-01, ...,
         -7.91059094e-01, -7.89625372e-01, -8.45912942e-01],
        [ 6.47338710e-01,  0.00000000e+00,  8.65729477e-01, ...,
         -2.06944376e-01, -2.04654328e-01, -2.99517595e-01],
        [-9.83862068e-01, -8.65729477e-01,  0.00000000e+00, ...,
         -7.43410593e-01, -7.44973725e-01, -6.76072295e-01],
        ...,
        [ 7.91059094e-01,  2.06944376e-01,  7.43410593e-01, ...,
          0.00000000e+00,  2.34013873e-03, -9.55901312e-02],
        [ 7.89625372e-01,  2.04654328e-01,  7.44973725e-01, ...,
         -2.34013873e-03,  0.00000000e+00, -9.79192922e-02],
        [ 8.45912942e-01,  2.99517595e-01,  6.76072295e-01, ...,
          9.55901312e-02,  9.79192922e-02,  0.00000000e+00]],

       [[ 0.00000000e+00, -2.01200391e-01, -5.60401828e-01, ...,
         -8.21261376e-01, -8.03657565e-01, -7.94425230e-01],
        [ 2.01200391e-01,  0.00000000e+00, -3.82303308e-01, ...,
         -9.19261979e-01, -9.06955598e-01, -9.00380779e-01],
        [ 5.60401828e-01,  3.82303308e-01,  0.00000000e+00, ...,
         -9.99924268e-01, -9.99096617e-01, -9.98326301e-01],
        ...,
        [ 8.21261376e-01,  9.19261979e-01,  9.99924268e-01, ...,
          0.00000000e+00, -3.01975452e-02, -4.55419008e-02],
        [ 8.03657565e-01,  9.06955598e-01,  9.99096617e-01, ...,
          3.01975452e-02,  0.00000000e+00, -1.53549183e-02],
        [ 7.94425230e-01,  9.00380779e-01,  9.98326301e-01, ...,
          4.55419008e-02,  1.53549183e-02,  0.00000000e+00]],

       ...,

       [[ 0.00000000e+00, -2.95529178e-01, -9.76002375e-01, ...,
          4.66424797e-02,  7.41388425e-01,  3.98670524e-01],
        [ 2.95529178e-01,  0.00000000e+00, -8.68053576e-01, ...,
          3.39766671e-01,  9.06595942e-01,  6.51891494e-01],
        [ 9.76002375e-01,  8.68053576e-01,  0.00000000e+00, ...,
          9.85097001e-01,  8.16416572e-01,  9.81900584e-01],
        ...,
        [-4.66424797e-02, -3.39766671e-01, -9.85097001e-01, ...,
          0.00000000e+00,  7.09280877e-01,  3.55461081e-01],
        [-7.41388425e-01, -9.06595942e-01, -8.16416572e-01, ...,
         -7.09280877e-01,  0.00000000e+00, -4.12384760e-01],
        [-3.98670524e-01, -6.51891494e-01, -9.81900584e-01, ...,
         -3.55461081e-01,  4.12384760e-01,  0.00000000e+00]],

       [[ 0.00000000e+00, -1.77206477e-01, -2.29518655e-01, ...,
         -4.18846635e-01, -4.45126586e-01, -4.75757063e-01],
        [ 1.77206477e-01,  0.00000000e+00, -5.34104038e-02, ...,
         -5.73131421e-01, -5.96764546e-01, -6.24094280e-01],
        [ 2.29518655e-01,  5.34104038e-02,  0.00000000e+00, ...,
         -6.16081235e-01, -6.38770136e-01, -6.64935644e-01],
        ...,
        [ 4.18846635e-01,  5.73131421e-01,  6.16081235e-01, ...,
          0.00000000e+00,  2.91366929e-02,  6.36067737e-02],
        [ 4.45126586e-01,  5.96764546e-01,  6.38770136e-01, ...,
         -2.91366929e-02,  0.00000000e+00,  3.45020764e-02],
        [ 4.75757063e-01,  6.24094280e-01,  6.64935644e-01, ...,
         -6.36067737e-02, -3.45020764e-02,  0.00000000e+00]],

       [[ 0.00000000e+00,  1.47544321e-01,  1.87231489e-01, ...,
         -9.86558397e-01, -9.86685671e-01, -9.86054747e-01],
        [-1.47544321e-01,  0.00000000e+00,  4.02472028e-02, ...,
         -9.99871037e-01, -9.99883270e-01, -9.99817328e-01],
        [-1.87231489e-01, -4.02472028e-02,  0.00000000e+00, ...,
         -9.99707247e-01, -9.99688053e-01, -9.99776477e-01],
        ...,
        [ 9.86558397e-01,  9.99871037e-01,  9.99707247e-01, ...,
          0.00000000e+00, -7.80703187e-04,  3.05398930e-03],
        [ 9.86685671e-01,  9.99883270e-01,  9.99688053e-01, ...,
          7.80703187e-04,  0.00000000e+00,  3.83468792e-03],
        [ 9.86054747e-01,  9.99817328e-01,  9.99776477e-01, ...,
         -3.05398930e-03, -3.83468792e-03,  0.00000000e+00]]]), 'num': array([ 7.72004566e-01,  6.35606986e-01,  8.74343460e-06,  2.10364193e-09,
        1.50383219e-04,  1.52311209e-04,  1.49419224e-04,  3.53964502e-03,
       -9.63994994e-07,  1.50383219e-04,  1.47587634e-04,  1.57597115e-04,
        6.42663330e-07,  1.56044458e-04,  1.39130809e-04])}
{'img': array([[[ 0.        , -0.93788778, -0.79066819, ..., -0.84761468,
         -0.86005337, -0.83449177],
        [ 0.93788778,  0.        ,  0.29990355, ..., -0.79172514,
         -0.77690004, -0.80631286],
        [ 0.79066819, -0.29990355,  0.        , ..., -0.93848599,
         -0.92996542, -0.94658764],
        ...,
        [ 0.84761468,  0.79172514,  0.93848599, ...,  0.        ,
          0.02389838, -0.02426144],
        [ 0.86005337,  0.77690004,  0.92996542, ..., -0.02389838,
          0.        , -0.04814585],
        [ 0.83449177,  0.80631286,  0.94658764, ...,  0.02426144,
          0.04814585,  0.        ]],

       [[ 0.        ,  0.86572948,  0.34013435, ..., -0.20465433,
         -0.2995176 , -0.19062784],
        [-0.86572948,  0.        , -0.98435336, ..., -0.74497373,
         -0.6760723 , -0.7544425 ],
        [-0.34013435,  0.98435336,  0.        , ..., -0.52538737,
         -0.60617846, -0.5131591 ],
        ...,
        [ 0.20465433,  0.74497373,  0.52538737, ...,  0.        ,
         -0.09791929,  0.01430839],
        [ 0.2995176 ,  0.6760723 ,  0.60617846, ...,  0.09791929,
          0.        ,  0.11214889],
        [ 0.19062784,  0.7544425 ,  0.5131591 , ..., -0.01430839,
         -0.11214889,  0.        ]],

       [[ 0.        , -0.53142167, -0.6495363 , ..., -0.80673815,
         -0.79750996, -0.7781333 ],
        [ 0.53142167,  0.        , -0.14617089, ..., -0.99741578,
         -0.99618638, -0.99294801],
        [ 0.6495363 ,  0.14617089,  0.        , ..., -0.99720459,
         -0.99824022, -0.99961176],
        ...,
        [ 0.80673815,  0.99741578,  0.99720459, ...,  0.        ,
         -0.01545391, -0.04690553],
        [ 0.79750996,  0.99618638,  0.99824022, ...,  0.01545391,
          0.        , -0.03146302],
        [ 0.7781333 ,  0.99294801,  0.99961176, ...,  0.04690553,
          0.03146302,  0.        ]],

       ...,

       [[ 0.        , -0.86805358, -0.65221828, ...,  0.90659594,
          0.65189149,  0.56640184],
        [ 0.86805358,  0.        ,  0.33420455, ...,  0.81641657,
          0.98190058,  0.99659013],
        [ 0.65221828, -0.33420455,  0.        , ...,  0.96246398,
          0.98873921,  0.96686241],
        ...,
        [-0.90659594, -0.81641657, -0.96246398, ...,  0.        ,
         -0.41238476, -0.50813075],
        [-0.65189149, -0.98190058, -0.98873921, ...,  0.41238476,
          0.        , -0.10773336],
        [-0.56640184, -0.99659013, -0.96686241, ...,  0.50813075,
          0.10773336,  0.        ]],

       [[ 0.        , -0.1476219 , -0.29090862, ..., -0.44679998,
         -0.47752861, -0.49674272],
        [ 0.1476219 ,  0.        , -0.14648401, ..., -0.57397234,
         -0.60199974, -0.61942107],
        [ 0.29090862,  0.14648401,  0.        , ..., -0.68773297,
         -0.71247293, -0.72773798],
        ...,
        [ 0.44679998,  0.57397234,  0.68773297, ...,  0.        ,
          0.03464757,  0.05662612],
        [ 0.47752861,  0.60199974,  0.71247293, ..., -0.03464757,
          0.        ,  0.02200015],
        [ 0.49674272,  0.61942107,  0.72773798, ..., -0.05662612,
         -0.02200015,  0.        ]],

       [[ 0.        ,  0.0402472 ,  0.17966947, ..., -0.99988327,
         -0.99981733, -0.99951597],
        [-0.0402472 ,  0.        ,  0.13993163, ..., -0.99968805,
         -0.99977648, -0.9999582 ],
        [-0.17966947, -0.13993163,  0.        , ..., -0.98635737,
         -0.98698137, -0.98884036],
        ...,
        [ 0.99988327,  0.99968805,  0.98635737, ...,  0.        ,
          0.00383469,  0.01583459],
        [ 0.99981733,  0.99977648,  0.98698137, ..., -0.00383469,
          0.        ,  0.01200027],
        [ 0.99951597,  0.9999582 ,  0.98884036, ..., -0.01583459,
         -0.01200027,  0.        ]]]), 'num': array([ 8.63555645e-01,  5.04241942e-01,  2.32565504e-05,  1.09797336e-09,
        1.67278260e-04,  1.68902321e-04,  1.66736907e-04,  3.38897094e-03,
       -1.62406078e-06,  1.68685780e-04,  1.66060215e-04,  1.76291798e-04,
        6.69309897e-07,  1.75354327e-04,  1.56766102e-04])}
{'img': array([[[ 0.        ,  0.38587722,  0.35183236, ..., -0.83900968,
         -0.8660254 , -0.90351141],
        [-0.38587722,  0.        , -0.0366224 , ..., -0.98399066,
         -0.99189047, -0.99890768],
        [-0.35183236,  0.0366224 ,  0.        , ..., -0.97680373,
         -0.98657054, -0.99652632],
        ...,
        [ 0.83900968,  0.98399066,  0.97680373, ...,  0.        ,
         -0.05171386, -0.13204608],
        [ 0.8660254 ,  0.99189047,  0.98657054, ...,  0.05171386,
          0.        , -0.08060837],
        [ 0.90351141,  0.99890768,  0.99652632, ...,  0.13204608,
          0.08060837,  0.        ]],

       [[ 0.        , -0.98435336, -0.7169159 , ..., -0.6760723 ,
         -0.7544425 , -0.65718095],
        [ 0.98435336,  0.        , -0.55992674, ..., -0.60617846,
         -0.5131591 , -0.62614039],
        [ 0.7169159 ,  0.55992674,  0.        , ..., -0.05691861,
          0.05540755, -0.08220302],
        ...,
        [ 0.6760723 ,  0.60617846,  0.05691861, ...,  0.        ,
          0.11214889, -0.02534378],
        [ 0.7544425 ,  0.5131591 , -0.05540755, ..., -0.11214889,
          0.        , -0.13729676],
        [ 0.65718095,  0.62614039,  0.08220302, ...,  0.02534378,
          0.13729676,  0.        ]],

       [[ 0.        , -0.42319148, -0.57726791, ..., -0.82131858,
         -0.8020064 , -0.79526347],
        [ 0.42319148,  0.        , -0.17746893, ..., -0.98556567,
         -0.9794289 , -0.97710648],
        [ 0.57726791,  0.17746893,  0.        , ..., -0.99996555,
         -0.99969322, -0.99935295],
        ...,
        [ 0.82131858,  0.98556567,  0.99996555, ...,  0.        ,
         -0.03306583, -0.04426208],
        [ 0.8020064 ,  0.9794289 ,  0.99969322, ...,  0.03306583,
          0.        , -0.01120445],
        [ 0.79526347,  0.97710648,  0.99935295, ...,  0.04426208,
          0.01120445,  0.        ]],

       ...,

       [[ 0.        ,  0.33420455,  0.16631164, ...,  0.98190058,
          0.99659013,  0.9755655 ],
        [-0.33420455,  0.        , -0.17280136, ...,  0.98873921,
          0.96686241,  0.84604335],
        [-0.16631164,  0.17280136,  0.        , ...,  0.99972483,
          0.99643345,  0.9254389 ],
        ...,
        [-0.98190058, -0.98873921, -0.99972483, ...,  0.        ,
         -0.10773336, -0.40050143],
        [-0.99659013, -0.96686241, -0.99643345, ...,  0.10773336,
          0.        , -0.29945478],
        [-0.9755655 , -0.84604335, -0.9254389 , ...,  0.40050143,
          0.29945478,  0.        ]],

       [[ 0.        , -0.25275966, -0.36766581, ..., -0.47875676,
         -0.4980119 , -0.50331872],
        [ 0.25275966,  0.        , -0.12067151, ..., -0.68512083,
         -0.70102665, -0.70538534],
        [ 0.36766581,  0.12067151,  0.        , ..., -0.76801498,
         -0.78195898, -0.7857656 ],
        ...,
