state_0,state_1,state_2,state_3,state_4,state_5,state_6,state_7,state_8,state_9,state_10,state_11,state_12,state_13,state_14,state_15,state_16,state_17,state_18,state_19,state_20,state_21,state_22,state_23,state_24,state_25,state_26,state_27,state_28,state_29,state_30,state_31,state_32,state_33,state_34,state_35,state_36,state_37,state_38,state_39,state_40,state_41,state_42,state_43,state_44,state_45,state_46,state_47,state_48,state_49,state_50,state_51,state_52,state_53,state_54,state_55,state_56,state_57,state_58,state_59,state_60,state_61,state_62,state_63,state_64,state_65,state_66,state_67,state_68,state_69,state_70,state_71,state_72,state_73,state_74,state_75,state_76,state_77,state_78,state_79,state_80,state_81,state_82,state_83,state_84,state_85,state_86,state_87,state_88,state_89,state_90,state_91,state_92,state_93,state_94,state_95,state_96,state_97,state_98,state_99,state_100,state_101,state_102,state_103,state_104,state_105,state_106,state_107,state_108,state_109,state_110,state_111,state_112,state_113,state_114,state_115,state_116,state_117,state_118,state_119,state_120,state_121,state_122,state_123,state_124,state_125,state_126,state_127,state_128,state_129,state_130,state_131,state_132,state_133,state_134,state_135,state_136,state_137,state_138,state_139,state_140,state_141,state_142,state_143,state_144,state_145,state_146,state_147,state_148,state_149,state_150,state_151,state_152,state_153,state_154,state_155,state_156,state_157,state_158,state_159,state_160,state_161,state_162,state_163,state_164,state_165,state_166,state_167,state_168,state_169,state_170,state_171,state_172,state_173,state_174,state_175,state_176,state_177,state_178,state_179,state_180,state_181,state_182,state_183,state_184,state_185,state_186,state_187,state_188,state_189,state_190,state_191,state_192,state_193,state_194,state_195,state_196,state_197,state_198,state_199,state_200,state_201,state_202,state_203,state_204,state_205,state_206,state_207,state_208,state_209,state_210,state_211,state_212,state_213,state_214,state_215,state_216,state_217,state_218,state_219,state_220,state_221,state_222,state_223,state_224,state_225,state_226,state_227,state_228,state_229,state_230,state_231,state_232,state_233,state_234,state_235,state_236,state_237,state_238,state_239,state_240,state_241,state_242,state_243,state_244,state_245,state_246,state_247,state_248,state_249,state_250,state_251,state_252,state_253,state_254,state_255,state_256,state_257,state_258,state_259,state_260,state_261,state_262,state_263,state_264,state_265,state_266,state_267,state_268,state_269,state_270,state_271,state_272,state_273,state_274,state_275,state_276,state_277,state_278,state_279,state_280,state_281,state_282,state_283,state_284,state_285,state_286,state_287
{'img': array([[[ 0.        , -0.11090138,  0.        , ...,  0.90615705,
          0.97595302,  0.94803805],
        [ 0.11090138,  0.        ,  0.11090138, ...,  0.94747212,
          0.99410716,  0.97747405],
        [ 0.        , -0.11090138,  0.        , ...,  0.90615705,
          0.97595302,  0.94803805],
        ...,
        [-0.90615705, -0.94747212, -0.90615705, ...,  0.        ,
          0.21524593,  0.11266435],
        [-0.97595302, -0.99410716, -0.97595302, ..., -0.21524593,
          0.        , -0.103852  ],
        [-0.94803805, -0.97747405, -0.94803805, ..., -0.11266435,
          0.103852  ,  0.        ]],

       [[ 0.        , -0.46554461, -0.98036019, ..., -0.87665993,
         -0.28593592, -0.29261538],
        [ 0.46554461,  0.        , -0.77583015, ..., -0.55188701,
          0.19304727,  0.18619608],
        [ 0.98036019,  0.77583015,  0.        , ...,  0.29877083,
          0.88303796,  0.87974179],
        ...,
        [ 0.87665993,  0.55188701, -0.29877083, ...,  0.        ,
          0.70249149,  0.69750837],
        [ 0.28593592, -0.19304727, -0.88303796, ..., -0.70249149,
          0.        , -0.00697775],
        [ 0.29261538, -0.18619608, -0.87974179, ..., -0.69750837,
          0.00697775,  0.        ]],

       [[ 0.        , -0.20745148, -0.3209755 , ...,  0.87033313,
          0.88526407,  0.88526407],
        [ 0.20745148,  0.        , -0.11751808, ...,  0.95356157,
          0.96248877,  0.96248877],
        [ 0.3209755 ,  0.11751808,  0.        , ...,  0.98235033,
          0.98770462,  0.98770462],
        ...,
        [-0.87033313, -0.95356157, -0.98235033, ...,  0.        ,
          0.03117804,  0.03117804],
        [-0.88526407, -0.96248877, -0.98770462, ..., -0.03117804,
          0.        ,  0.        ],
        [-0.88526407, -0.96248877, -0.98770462, ..., -0.03117804,
          0.        ,  0.        ]],

       ...,

       [[ 0.        , -0.57922525, -0.63740656, ...,  0.44490482,
          0.5528825 ,  0.64241646],
        [ 0.57922525,  0.        , -0.07328406, ...,  0.88141328,
          0.93333665,  0.96756962],
        [ 0.63740656,  0.07328406,  0.        , ...,  0.91365867,
          0.95713616,  0.98347982],
        ...,
        [-0.44490482, -0.88141328, -0.91365867, ...,  0.        ,
          0.12442827,  0.23437859],
        [-0.5528825 , -0.93333665, -0.95713616, ..., -0.12442827,
          0.        ,  0.11159477],
        [-0.64241646, -0.96756962, -0.98347982, ..., -0.23437859,
         -0.11159477,  0.        ]],

       [[ 0.        ,  0.08474779,  0.12793679, ...,  0.75766308,
          0.69290749,  0.69392484],
        [-0.08474779,  0.        ,  0.04342517, ...,  0.69962704,
          0.6293093 ,  0.63040596],
        [-0.12793679, -0.04342517,  0.        , ...,  0.66793943,
          0.59496758,  0.59610183],
        ...,
        [-0.75766308, -0.69962704, -0.66793943, ...,  0.        ,
         -0.09407193, -0.09266617],
        [-0.69290749, -0.6293093 , -0.59496758, ...,  0.09407193,
          0.        ,  0.00141193],
        [-0.69392484, -0.63040596, -0.59610183, ...,  0.09266617,
         -0.00141193,  0.        ]],

       [[ 0.        , -0.1547957 , -0.23110195, ...,  0.74561181,
          0.90561428,  0.99327062],
        [ 0.1547957 ,  0.        , -0.07771105, ...,  0.83977742,
          0.96034768,  0.99922614],
        [ 0.23110195,  0.07771105,  0.        , ...,  0.87942959,
          0.97910976,  0.99314776],
        ...,
        [-0.74561181, -0.83977742, -0.87942959, ...,  0.        ,
          0.28726805,  0.57554205],
        [-0.90561428, -0.96034768, -0.97910976, ..., -0.28726805,
          0.        ,  0.31636327],
        [-0.99327062, -0.99922614, -0.99314776, ..., -0.57554205,
         -0.31636327,  0.        ]]]), 'num': array([7.06859858e-01, 7.06859858e-01, 0.00000000e+00, 0.00000000e+00,
       3.37485721e-05, 3.39478747e-05, 3.30177960e-05, 2.64248928e-02,
       4.65039380e-07, 3.32569591e-05, 3.29646486e-05, 3.01733051e-05,
       8.95417440e-07, 3.44617636e-05, 3.14675337e-05])}
{'img': array([[[ 0.        ,  0.11090138, -0.03277034, ...,  0.99410716,
          0.97747405,  0.9998531 ],
        [-0.11090138,  0.        , -0.14341001, ...,  0.97595302,
          0.94803805,  0.99178456],
        [ 0.03277034,  0.14341001,  0.        , ...,  0.9971256 ,
          0.98386542,  0.99987777],
        ...,
        [-0.99410716, -0.97595302, -0.9971256 , ...,  0.        ,
         -0.103852  ,  0.0913468 ],
        [-0.97747405, -0.94803805, -0.98386542, ...,  0.103852  ,
          0.        ,  0.19427068],
        [-0.9998531 , -0.99178456, -0.99987777, ..., -0.0913468 ,
         -0.19427068,  0.        ]],

       [[ 0.        , -0.77583015,  0.16717534, ...,  0.19304727,
          0.18619608,  0.6175797 ],
        [ 0.77583015,  0.        ,  0.87038995, ...,  0.88303796,
          0.87974179,  0.99985372],
        [-0.16717534, -0.87038995,  0.        , ...,  0.02629987,
          0.01932389,  0.47740382],
        ...,
        [-0.19304727, -0.88303796, -0.02629987, ...,  0.        ,
         -0.00697775,  0.45412941],
        [-0.18619608, -0.87974179, -0.01932389, ...,  0.00697775,
          0.        ,  0.46033508],
        [-0.6175797 , -0.99985372, -0.47740382, ..., -0.45412941,
         -0.46033508,  0.        ]],

       [[ 0.        , -0.11751808, -0.23196945, ...,  0.96248877,
          0.96248877,  0.98538058],
        [ 0.11751808,  0.        , -0.11604953, ...,  0.98770462,
          0.98770462,  0.99857389],
        [ 0.23196945,  0.11604953,  0.        , ...,  0.99917334,
          0.99917334,  0.9980225 ],
        ...,
        [-0.96248877, -0.98770462, -0.99917334, ...,  0.        ,
          0.        ,  0.10337806],
        [-0.96248877, -0.98770462, -0.99917334, ...,  0.        ,
          0.        ,  0.10337806],
        [-0.98538058, -0.99857389, -0.9980225 , ..., -0.10337806,
         -0.10337806,  0.        ]],

       ...,

       [[ 0.        , -0.07328406,  0.02001099, ...,  0.93333665,
          0.96756962,  0.99298253],
        [ 0.07328406,  0.        ,  0.09322656, ...,  0.95713616,
          0.98347982,  0.98164584],
        [-0.02001099, -0.09322656,  0.        , ...,  0.92596576,
          0.96232101,  0.99515021],
        ...,
        [-0.93333665, -0.95713616, -0.92596576, ...,  0.        ,
          0.11159477,  0.46686057],
        [-0.96756962, -0.98347982, -0.96232101, ..., -0.11159477,
          0.        ,  0.36525775],
        [-0.99298253, -0.98164584, -0.99515021, ..., -0.46686057,
         -0.36525775,  0.        ]],

       [[ 0.        ,  0.04342517,  0.0984598 , ...,  0.6293093 ,
          0.63040596,  0.67815807],
        [-0.04342517,  0.        ,  0.05515276, ...,  0.59496758,
          0.59610183,  0.6456045 ],
        [-0.0984598 , -0.05515276,  0.        , ...,  0.54973299,
          0.55091188,  0.60250323],
        ...,
        [-0.6293093 , -0.59496758, -0.54973299, ...,  0.        ,
          0.00141193,  0.06454438],
        [-0.63040596, -0.59610183, -0.55091188, ..., -0.00141193,
          0.        ,  0.06313533],
        [-0.67815807, -0.6456045 , -0.60250323, ..., -0.06454438,
         -0.06313533,  0.        ]],

       [[ 0.        , -0.07654668, -0.20654771, ...,  0.93746456,
          0.97988865,  0.99848775],
        [ 0.07654668,  0.        , -0.13104563, ...,  0.96135847,
          0.99228817,  0.99135006],
        [ 0.20654771,  0.13104563,  0.        , ...,  0.98914485,
          0.99997443,  0.96560201],
        ...,
        [-0.93746456, -0.96135847, -0.98914485, ...,  0.        ,
          0.15401395,  0.39909111],
        [-0.97988865, -0.99228817, -0.99997443, ..., -0.15401395,
          0.        ,  0.25311229],
        [-0.99848775, -0.99135006, -0.96560201, ..., -0.39909111,
         -0.25311229,  0.        ]]]), 'num': array([ 7.81393531e-01,  6.23301937e-01,  6.17545288e-05, -4.18450133e-11,
        3.75425300e-05,  3.86424088e-05,  3.73958795e-05,  3.03122347e-02,
        2.93301016e-07,  3.69852581e-05,  3.64829801e-05,  3.34179845e-05,
        1.04074554e-06,  3.81636966e-05,  3.48022635e-05])}
{'img': array([[[ 0.        , -0.14341001, -0.11090138, ...,  0.94803805,
          0.99178456,  0.99950989],
        [ 0.14341001,  0.        ,  0.03277034, ...,  0.98386542,
          0.99987777,  0.98468891],
        [ 0.11090138, -0.03277034,  0.        , ...,  0.97747405,
          0.9998531 ,  0.98987259],
        ...,
        [-0.94803805, -0.98386542, -0.97747405, ...,  0.        ,
          0.19427068,  0.34767907],
        [-0.99178456, -0.99987777, -0.9998531 , ..., -0.19427068,
          0.        ,  0.15890425],
        [-0.99950989, -0.98468891, -0.98987259, ..., -0.34767907,
         -0.15890425,  0.        ]],

       [[ 0.        ,  0.87038995,  0.21347857, ...,  0.87974179,
          0.99985372,  0.99927037],
        [-0.87038995,  0.        , -0.74521654, ...,  0.01932389,
          0.47740382,  0.52524678],
        [-0.21347857,  0.74521654,  0.        , ...,  0.757963  ,
          0.97315349,  0.98438837],
        ...,
        [-0.87974179, -0.01932389, -0.757963  , ...,  0.        ,
          0.46033508,  0.50870503],
        [-0.99985372, -0.47740382, -0.97315349, ..., -0.46033508,
          0.        ,  0.05527919],
        [-0.99927037, -0.52524678, -0.98438837, ..., -0.50870503,
         -0.05527919,  0.        ]],

       [[ 0.        , -0.11604953, -0.16797886, ...,  0.98770462,
          0.99857389,  0.99314544],
        [ 0.11604953,  0.        , -0.05244336, ...,  0.99917334,
          0.9980225 ,  0.97287072],
        [ 0.16797886,  0.05244336,  0.        , ...,  0.99993034,
          0.99335265,  0.95939921],
        ...,
        [-0.98770462, -0.99917334, -0.99993034, ...,  0.        ,
          0.10337806,  0.27070804],
        [-0.99857389, -0.9980225 , -0.99335265, ..., -0.10337806,
          0.        ,  0.16973954],
        [-0.99314544, -0.97287072, -0.95939921, ..., -0.27070804,
         -0.16973954,  0.        ]],

       ...,

       [[ 0.        ,  0.09322656,  0.17100058, ...,  0.98347982,
          0.98164584,  0.92932357],
        [-0.09322656,  0.        ,  0.07840244, ...,  0.96232101,
          0.99515021,  0.95970173],
        [-0.17100058, -0.07840244,  0.        , ...,  0.93803992,
          0.99979914,  0.97878027],
        ...,
        [-0.98347982, -0.96232101, -0.93803992, ...,  0.        ,
          0.36525775,  0.53139021],
        [-0.98164584, -0.99515021, -0.99979914, ..., -0.36525775,
          0.        ,  0.1852548 ],
        [-0.92932357, -0.95970173, -0.97878027, ..., -0.53139021,
         -0.1852548 ,  0.        ]],

       [[ 0.        ,  0.05515276,  0.04080258, ...,  0.59610183,
          0.6456045 ,  0.73356757],
        [-0.05515276,  0.        , -0.01436635, ...,  0.55091188,
          0.60250323,  0.6949683 ],
        [-0.04080258,  0.01436635,  0.        , ...,  0.56284466,
          0.61390707,  0.70522656],
        ...,
        [-0.59610183, -0.55091188, -0.56284466, ...,  0.        ,
          0.06313533,  0.18386723],
        [-0.6456045 , -0.60250323, -0.61390707, ..., -0.06313533,
          0.        ,  0.12144147],
        [-0.73356757, -0.6949683 , -0.70522656, ..., -0.18386723,
         -0.12144147,  0.        ]],

       [[ 0.        , -0.12998516, -0.23717047, ...,  0.98331671,
          0.99834075,  0.99019206],
        [ 0.12998516,  0.        , -0.10888186, ...,  0.99861872,
          0.99735564,  0.96363061],
        [ 0.23717047,  0.10888186,  0.        , ...,  0.99840249,
          0.98351302,  0.92880419],
        ...,
        [-0.98331671, -0.99861872, -0.99840249, ...,  0.        ,
          0.12497804,  0.31749964],
        [-0.99834075, -0.99735564, -0.98351302, ..., -0.12497804,
          0.        ,  0.19649882],
        [-0.99019206, -0.96363061, -0.92880419, ..., -0.31749964,
         -0.19649882,  0.        ]]]), 'num': array([7.63889646e-01, 6.43369686e-01, 4.45545141e-05, 2.08907741e-09,
       3.84556352e-05, 3.88821302e-05, 3.55412525e-05, 5.04781462e-02,
       2.06139264e-06, 3.64937580e-05, 3.55021571e-05, 3.25332778e-05,
       1.08196379e-06, 3.76139057e-05, 3.33904084e-05])}
{'img': array([[[ 0.        ,  0.02913395,  0.09970606, ...,  0.93509576,
          0.95549327,  0.83959694],
        [-0.02913395,  0.        ,  0.07067496, ...,  0.92437389,
          0.94649279,  0.8550664 ],
        [-0.09970606, -0.07067496,  0.        , ...,  0.89510077,
          0.92131741,  0.8895745 ],
        ...,
        [-0.93509576, -0.92437389, -0.89510077, ...,  0.        ,
          0.06275687,  0.80550234],
        [-0.95549327, -0.94649279, -0.92131741, ..., -0.06275687,
          0.        ,  0.76672531],
        [-0.83959694, -0.8550664 , -0.8895745 , ..., -0.80550234,
         -0.76672531,  0.        ]],

       [[ 0.        , -0.84761909, -0.38600853, ...,  0.46975453,
          0.51639317,  0.84761909],
        [ 0.84761909,  0.        ,  0.57710642, ...,  0.99752985,
          0.99986088,  0.        ],
        [ 0.38600853, -0.57710642,  0.        , ...,  0.77411351,
          0.80692925,  0.57710642],
        ...,
        [-0.46975453, -0.99752985, -0.77411351, ...,  0.        ,
          0.05359532,  0.99752985],
        [-0.51639317, -0.99986088, -0.80692925, ..., -0.05359532,
          0.        ,  0.99986088],
        [-0.84761909, -0.        , -0.57710642, ..., -0.99752985,
         -0.99986088,  0.        ]],

       [[ 0.        , -0.05070212, -0.05932858, ...,  0.99655853,
          0.99956243,  0.82891109],
        [ 0.05070212,  0.        , -0.00863946, ...,  0.99947958,
          0.99677706,  0.79948319],
        [ 0.05932858,  0.00863946,  0.        , ...,  0.99972097,
          0.99604679,  0.79426373],
        ...,
        [-0.99655853, -0.99947958, -0.99972097, ...,  0.        ,
          0.11233372,  0.62616548],
        [-0.99956243, -0.99677706, -0.99604679, ..., -0.11233372,
          0.        ,  0.53461669],
        [-0.82891109, -0.79948319, -0.79426373, ..., -0.62616548,
         -0.53461669,  0.        ]],

       ...,

       [[ 0.        ,  0.07840244,  0.31296423, ...,  0.99515021,
          0.95970173,  0.7680229 ],
        [-0.07840244,  0.        ,  0.23753697, ...,  0.99979914,
          0.97878027,  0.81586944],
        [-0.31296423, -0.23753697,  0.        , ...,  0.97594409,
          0.99944043,  0.9298705 ],
        ...,
        [-0.99515021, -0.99979914, -0.97594409, ...,  0.        ,
          0.1852548 ,  0.56176841],
        [-0.95970173, -0.97878027, -0.99944043, ..., -0.1852548 ,
          0.        ,  0.39878421],
        [-0.7680229 , -0.81586944, -0.9298705 , ..., -0.56176841,
         -0.39878421,  0.        ]],

       [[ 0.        , -0.01248708, -0.04316128, ...,  0.47542647,
          0.531832  ,  0.93807309],
        [ 0.01248708,  0.        , -0.03068247, ...,  0.48637497,
          0.54236521,  0.94232595],
        [ 0.04316128,  0.03068247,  0.        , ...,  0.51295479,
          0.56788752,  0.9521516 ],
        ...,
        [-0.47542647, -0.48637497, -0.51295479, ...,  0.        ,
          0.06526726,  0.66056942],
        [-0.531832  , -0.54236521, -0.56788752, ..., -0.06526726,
          0.        ,  0.6101606 ],
        [-0.93807309, -0.94232595, -0.9521516 , ..., -0.66056942,
         -0.6101606 ,  0.        ]],

       [[ 0.        , -0.10888186, -0.18737528, ...,  0.99735564,
          0.96363061,  0.98422788],
        [ 0.10888186,  0.        , -0.07930788, ...,  0.98351302,
          0.92880419,  0.99763812],
        [ 0.18737528,  0.07930788,  0.        , ...,  0.96607329,
          0.89648942,  0.99994331],
        ...,
        [-0.99735564, -0.98351302, -0.96607329, ...,  0.        ,
          0.19649882, -0.24796672],
        [-0.96363061, -0.92880419, -0.89648942, ..., -0.19649882,
          0.        , -0.43349425],
        [-0.98422788, -0.99763812, -0.99994331, ...,  0.24796672,
          0.43349425,  0.        ]]]), 'num': array([8.11218398e-01, 5.81076317e-01, 8.30837838e-05, 1.49881085e-08,
       4.15418919e-05, 4.20667895e-05, 4.02671407e-05, 6.53835336e-02,
       9.74809738e-07, 3.92323427e-05, 3.76838949e-05, 3.44920179e-05,
       1.11036020e-06, 4.05176969e-05, 3.48500929e-05])}
{'img': array([[[ 0.        ,  0.06715121, -0.32435184, ...,  0.90626192,
          0.99937308,  0.83232647],
        [-0.06715121,  0.        , -0.38714049, ...,  0.87583038,
          0.99949473,  0.8676687 ],
        [ 0.32435184,  0.38714049,  0.        , ...,  0.99437515,
          0.93386015,  0.60754441],
        ...,
        [-0.90626192, -0.87583038, -0.99437515, ...,  0.        ,
          0.45453686,  0.85416626],
        [-0.99937308, -0.99949473, -0.93386015, ..., -0.45453686,
          0.        ,  0.52447058],
        [-0.83232647, -0.8676687 , -0.60754441, ..., -0.85416626,
         -0.52447058,  0.        ]],

       [[ 0.        ,  0.51621499,  0.99809917, ...,  0.97316717,
          0.82445953,  0.        ],
        [-0.51621499,  0.        ,  0.8230176 , ...,  0.71469713,
          0.99825268,  0.51621499],
        [-0.99809917, -0.8230176 ,  0.        , ..., -0.16968723,
          0.61565524,  0.99809917],
        ...,
        [-0.97316717, -0.71469713,  0.16968723, ...,  0.        ,
          0.74044318,  0.97316717],
        [-0.82445953, -0.99825268, -0.61565524, ..., -0.74044318,
          0.        ,  0.82445953],
        [-0.        , -0.51621499, -0.99809917, ..., -0.97316717,
         -0.82445953,  0.        ]],

       [[ 0.        , -0.00821819, -0.09812574, ...,  0.99402504,
          0.99298302,  0.77517543],
        [ 0.00821819,  0.        , -0.0899439 , ...,  0.99488851,
          0.99197763,  0.76995745],
        [ 0.09812574,  0.0899439 ,  0.        , ...,  0.99993855,
          0.97658685,  0.70944391],
        ...,
        [-0.99402504, -0.99488851, -0.99993855, ...,  0.        ,
          0.22593676,  0.71258351],
        [-0.99298302, -0.99197763, -0.97658685, ..., -0.22593676,
          0.        ,  0.53564315],
        [-0.77517543, -0.76995745, -0.70944391, ..., -0.71258351,
         -0.53564315,  0.        ]],

       ...,

       [[ 0.        ,  0.23753697,  0.00682858, ...,  0.97878027,
          0.81586944,  0.91683215],
        [-0.23753697,  0.        , -0.2308983 , ...,  0.99944043,
          0.9298705 ,  0.9854331 ],
        [-0.00682858,  0.2308983 ,  0.        , ...,  0.98015671,
          0.81979895,  0.91953724],
        ...,
        [-0.97878027, -0.99944043, -0.98015671, ...,  0.        ,
          0.39878421,  0.20292993],
        [-0.81586944, -0.9298705 , -0.81979895, ..., -0.39878421,
          0.        , -0.20439098],
        [-0.91683215, -0.9854331 , -0.91953724, ..., -0.20292993,
          0.20439098,  0.        ]],

       [[ 0.        , -0.02599393,  0.02459812, ...,  0.4273955 ,
          0.63766358,  0.98415865],
        [ 0.02599393,  0.        ,  0.05057588, ...,  0.45075128,
          0.65747163,  0.98843457],
        [-0.02459812, -0.05057588,  0.        , ...,  0.40502788,
          0.61852233,  0.97949987],
        ...,
        [-0.4273955 , -0.45075128, -0.40502788, ...,  0.        ,
          0.24726002,  0.81397021],
        [-0.63766358, -0.65747163, -0.61852233, ..., -0.24726002,
          0.        ,  0.64506078],
        [-0.98415865, -0.98843457, -0.97949987, ..., -0.81397021,
         -0.64506078,  0.        ]],

       [[ 0.        , -0.07930788, -0.27802833, ...,  0.92880419,
          0.99763812,  0.96554743],
        [ 0.07930788,  0.        , -0.20097159, ...,  0.89648942,
          0.99994331,  0.98314418],
        [ 0.27802833,  0.20097159,  0.        , ...,  0.7891549 ,
          0.9774016 ,  0.99982919],
        ...,
        [-0.92880419, -0.89648942, -0.7891549 , ...,  0.        ,
         -0.43349425, -0.59950383],
        [-0.99763812, -0.99994331, -0.9774016 , ...,  0.43349425,
          0.        , -0.19329006],
        [-0.96554743, -0.98314418, -0.99982919, ...,  0.59950383,
          0.19329006,  0.        ]]]), 'num': array([ 7.73755926e-01,  6.32561726e-01,  5.34826518e-05,  2.39711391e-08,
        3.81090960e-05,  4.01300329e-05,  3.78925670e-05,  3.41674606e-02,
       -1.87658427e-06,  3.81524018e-05,  3.63949084e-05,  3.33322267e-05,
        8.00611260e-07,  3.92195303e-05,  3.35702866e-05])}
{'img': array([[[ 0.        , -0.38714049, -0.47802112, ...,  0.99949473,
          0.8676687 ,  0.96348029],
        [ 0.38714049,  0.        , -0.10070118, ...,  0.93386015,
          0.60754441,  0.992017  ],
        [ 0.47802112,  0.10070118,  0.        , ...,  0.89309847,
          0.52447058,  0.97427546],
        ...,
        [-0.99949473, -0.93386015, -0.89309847, ...,  0.        ,
          0.52447058, -0.23701967],
        [-0.8676687 , -0.60754441, -0.52447058, ..., -0.52447058,
          0.        , -0.71133103],
        [-0.96348029, -0.992017  , -0.97427546, ...,  0.23701967,
          0.71133103,  0.        ]],

       [[ 0.        ,  0.83573444,  0.83777443, ...,  0.9962571 ,
          0.48857302,  0.83152636],
        [-0.83573444,  0.        ,  0.00372549, ...,  0.61931896,
          0.9974895 , -0.00761896],
        [-0.83777443, -0.00372549,  0.        , ...,  0.61638963,
          0.99774639, -0.01134429],
        ...,
        [-0.9962571 , -0.61931896, -0.61638963, ...,  0.        ,
          0.82702522, -0.62528293],
        [-0.48857302, -0.9974895 , -0.99774639, ..., -0.82702522,
          0.        , -0.99692101],
        [-0.83152636,  0.00761896,  0.01134429, ...,  0.62528293,
          0.99692101,  0.        ]],

       [[ 0.        , -0.08772881, -0.24284975, ...,  0.99984826,
          0.9543786 ,  0.75738547],
        [ 0.08772881,  0.        , -0.15681086, ...,  0.99446499,
          0.92450314,  0.69718118],
        [ 0.24284975,  0.15681086,  0.        , ...,  0.96568623,
          0.8532935 ,  0.57613919],
        ...,
        [-0.99984826, -0.99446499, -0.96568623, ...,  0.        ,
          0.28192845,  0.63967516],
        [-0.9543786 , -0.92450314, -0.8532935 , ..., -0.28192845,
          0.        ,  0.39702402],
        [-0.75738547, -0.69718118, -0.57613919, ..., -0.63967516,
         -0.39702402,  0.        ]],

       ...,

       [[ 0.        , -0.2308983 , -0.616127  , ...,  0.9298705 ,
          0.9854331 ,  0.75901012],
        [ 0.2308983 ,  0.        , -0.41761164, ...,  0.81979895,
          0.91953724,  0.88883306],
        [ 0.616127  ,  0.41761164,  0.        , ...,  0.50574442,
          0.67139252,  0.99897915],
        ...,
        [-0.9298705 , -0.81979895, -0.50574442, ...,  0.        ,
         -0.20439098, -0.88464896],
        [-0.9854331 , -0.91953724, -0.67139252, ...,  0.20439098,
          0.        , -0.77067457],
        [-0.75901012, -0.88883306, -0.99897915, ...,  0.88464896,
          0.77067457,  0.        ]],

       [[ 0.        ,  0.04871363,  0.01118353, ...,  0.6228388 ,
          0.89127473,  0.99326878],
        [-0.04871363,  0.        , -0.03754033, ...,  0.58398823,
          0.86812673,  0.98644694],
        [-0.01118353,  0.03754033,  0.        , ...,  0.61405041,
          0.88614767,  0.99191125],
        ...,
        [-0.6228388 , -0.58398823, -0.61405041, ...,  0.        ,
          0.41485416,  0.70493915],
        [-0.89127473, -0.86812673, -0.88614767, ..., -0.41485416,
          0.        ,  0.34717293],
        [-0.99326878, -0.98644694, -0.99191125, ..., -0.70493915,
         -0.34717293,  0.        ]],

       [[ 0.        , -0.20097159, -0.39834257, ...,  0.99994331,
          0.98314418,  0.98528812],
        [ 0.20097159,  0.        , -0.20587669, ...,  0.9774016 ,
          0.99982919,  0.9995317 ],
        [ 0.39834257,  0.20587669,  0.        , ...,  0.91294319,
          0.97460569,  0.97181978],
        ...,
        [-0.99994331, -0.9774016 , -0.91294319, ...,  0.        ,
         -0.19329006, -0.18138308],
        [-0.98314418, -0.99982919, -0.97460569, ...,  0.19329006,
          0.        ,  0.01212138],
        [-0.98528812, -0.9995317 , -0.97181978, ...,  0.18138308,
         -0.01212138,  0.        ]]]), 'num': array([ 8.55083684e-01,  5.17741808e-01,  1.29746875e-04,  1.20719506e-08,
        4.17295739e-05,  4.26925640e-05,  4.08468329e-05,  2.78439137e-02,
       -6.41993444e-07,  4.26123149e-05,  4.06060854e-05,  3.71901452e-05,
        8.47431347e-07,  4.37087308e-05,  3.75034399e-05])}
{'img': array([[[ 0.        , -0.10070118, -0.60754441, ...,  0.60754441,
          0.992017  ,  0.999988  ],
        [ 0.10070118,  0.        , -0.52447058, ...,  0.52447058,
          0.97427546,  0.99441141],
        [ 0.60754441,  0.52447058,  0.        , ...,  0.        ,
          0.71133103,  0.79129963],
        ...,
        [-0.60754441, -0.52447058, -0.        , ...,  0.        ,
         -0.71133103, -0.79129963],
        [-0.992017  , -0.97427546, -0.71133103, ...,  0.71133103,
          0.        , -0.12124248],
        [-0.999988  , -0.99441141, -0.79129963, ...,  0.79129963,
          0.12124248,  0.        ]],

       [[ 0.        ,  0.00372549,  0.09585646, ...,  0.9974895 ,
         -0.00761896, -0.35517016],
        [-0.00372549,  0.        ,  0.09214746, ...,  0.99774639,
         -0.01134429, -0.35865029],
        [-0.09585646, -0.09214746,  0.        , ...,  0.99968426,
         -0.10343755, -0.44314144],
        ...,
        [-0.9974895 , -0.99774639, -0.99968426, ...,  0.        ,
         -0.99692101, -0.90730361],
        [ 0.00761896,  0.01134429,  0.10343755, ...,  0.99692101,
          0.        , -0.34803764],
        [ 0.35517016,  0.35865029,  0.44314144, ...,  0.90730361,
          0.34803764,  0.        ]],

       [[ 0.        , -0.15522878, -0.38125465, ...,  0.94956855,
          0.85874416,  0.69192113],
        [ 0.15522878,  0.        , -0.23312893, ...,  0.88938495,
          0.768795  ,  0.57146304],
        [ 0.38125465,  0.23312893,  0.        , ...,  0.75830168,
          0.59852663,  0.36440477],
        ...,
        [-0.94956855, -0.88938495, -0.75830168, ...,  0.        ,
          0.2172959 ,  0.4686045 ],
        [-0.85874416, -0.768795  , -0.59852663, ..., -0.2172959 ,
          0.        ,  0.26544661],
        [-0.69192113, -0.57146304, -0.36440477, ..., -0.4686045 ,
         -0.26544661,  0.        ]],

       ...,

       [[ 0.        , -0.41761164, -0.6354635 , ...,  0.91953724,
          0.88883306,  0.83954941],
        [ 0.41761164,  0.        , -0.25494757, ...,  0.67139252,
          0.99897915,  0.98971755],
        [ 0.6354635 ,  0.25494757,  0.        , ...,  0.46026413,
          0.97748465,  0.99347878],
        ...,
        [-0.91953724, -0.67139252, -0.46026413, ...,  0.        ,
         -0.77067457, -0.8295146 ],
        [-0.88883306, -0.99897915, -0.97748465, ...,  0.77067457,
          0.        , -0.09818049],
        [-0.83954941, -0.98971755, -0.99347878, ...,  0.8295146 ,
          0.09818049,  0.        ]],

       [[ 0.        , -0.03697979, -0.11048146, ...,  0.84175393,
          0.92971267,  0.98882517],
        [ 0.03697979,  0.        , -0.07365249, ...,  0.86114214,
          0.94269589,  0.99366177],
        [ 0.11048146,  0.07365249,  0.        , ...,  0.89624555,
          0.96470988,  0.99924232],
        ...,
        [-0.84175393, -0.86114214, -0.89624555, ...,  0.        ,
          0.19191005,  0.40834005],
        [-0.92971267, -0.94269589, -0.96470988, ..., -0.19191005,
          0.        ,  0.22556881],
        [-0.98882517, -0.99366177, -0.99924232, ..., -0.40834005,
         -0.22556881,  0.        ]],

       [[ 0.        , -0.20587669, -0.48618767, ...,  0.99982919,
          0.9995317 ,  0.99380441],
        [ 0.20587669,  0.        , -0.29586628, ...,  0.97460569,
          0.97181978,  0.94963328],
        [ 0.48618767,  0.29586628,  0.        , ...,  0.86471924,
          0.85856768,  0.81440393],
        ...,
        [-0.99982919, -0.97460569, -0.86471924, ...,  0.        ,
          0.01212138,  0.0927563 ],
        [-0.9995317 , -0.97181978, -0.85856768, ..., -0.01212138,
          0.        ,  0.08068036],
        [-0.99380441, -0.94963328, -0.81440393, ..., -0.0927563 ,
         -0.08068036,  0.        ]]]), 'num': array([8.23115853e-01, 5.66896839e-01, 9.41981672e-05, 1.96695694e-09,
       4.14526800e-05, 4.16050795e-05, 3.90904868e-05, 3.32903120e-02,
       1.82879470e-06, 4.09497614e-05, 3.88161676e-05, 3.55002072e-05,
       9.72763141e-07, 4.18232700e-05, 3.58090652e-05])}
{'img': array([[[ 0.        , -0.52447058,  0.22125403, ...,  0.97427546,
          0.99441141,  0.85979042],
        [ 0.52447058,  0.        ,  0.69985421, ...,  0.71133103,
          0.79129963,  0.46423077],
        [-0.22125403, -0.69985421,  0.        , ...,  0.99999113,
          0.99312488,  0.95146428],
        ...,
        [-0.97427546, -0.71133103, -0.99999113, ...,  0.        ,
         -0.12124248,  0.30374815],
        [-0.99441141, -0.79129963, -0.99312488, ...,  0.12124248,
          0.        ,  0.41702143],
        [-0.85979042, -0.46423077, -0.95146428, ..., -0.30374815,
         -0.41702143,  0.        ]],

       [[ 0.        ,  0.09214746,  0.49560533, ..., -0.01134429,
         -0.35865029, -0.11075543],
        [-0.09214746,  0.        ,  0.41346224, ..., -0.10343755,
         -0.44314144, -0.20186475],
        [-0.49560533, -0.41346224,  0.        , ..., -0.5054265 ,
         -0.77413863, -0.5887526 ],
        ...,
        [ 0.01134429,  0.10343755,  0.5054265 , ...,  0.        ,
         -0.34803764, -0.09947381],
        [ 0.35865029,  0.44314144,  0.77413863, ...,  0.34803764,
          0.        ,  0.25305667],
        [ 0.11075543,  0.20186475,  0.5887526 , ...,  0.09947381,
         -0.25305667,  0.        ]],

       [[ 0.        , -0.22751512, -0.35854005, ...,  0.89133093,
          0.85442373,  0.55952129],
        [ 0.22751512,  0.        , -0.13674855, ...,  0.76481066,
          0.71380449,  0.35627942],
        [ 0.35854005,  0.13674855,  0.        , ...,  0.66952492,
          0.6113277 ,  0.22515743],
        ...,
        [-0.89133093, -0.76481066, -0.66952492, ...,  0.        ,
          0.07575914,  0.48508852],
        [-0.85442373, -0.71380449, -0.6113277 , ..., -0.07575914,
          0.        ,  0.41744573],
        [-0.55952129, -0.35627942, -0.22515743, ..., -0.48508852,
         -0.41744573,  0.        ]],

       ...,

       [[ 0.        , -0.25494757,  0.68473321, ...,  0.99897915,
          0.98971755,  0.95988225],
        [ 0.25494757,  0.        ,  0.84791033, ...,  0.97748465,
          0.99347878,  0.85667466],
        [-0.68473321, -0.84791033,  0.        , ...,  0.69711801,
          0.62335884,  0.89155777],
        ...,
        [-0.99897915, -0.97748465, -0.69711801, ...,  0.        ,
         -0.09818049,  0.32347844],
        [-0.98971755, -0.99347878, -0.62335884, ...,  0.09818049,
          0.        ,  0.41481746],
        [-0.95988225, -0.85667466, -0.89155777, ..., -0.32347844,
         -0.41481746,  0.        ]],

       [[ 0.        , -0.0704959 , -0.15994419, ...,  0.86184886,
          0.89009037,  0.9977399 ],
        [ 0.0704959 ,  0.        , -0.08995792, ...,  0.89545771,
          0.9200068 ,  0.99999452],
        [ 0.15994419,  0.08995792,  0.        , ...,  0.93187159,
          0.95153142,  0.99564241],
        ...,
        [-0.86184886, -0.89545771, -0.93187159, ...,  0.        ,
          0.05860588,  0.44810753],
        [-0.89009037, -0.9200068 , -0.95153142, ..., -0.05860588,
          0.        ,  0.39494485],
        [-0.9977399 , -0.99999452, -0.99564241, ..., -0.44810753,
         -0.39494485,  0.        ]],

       [[ 0.        , -0.29586628, -0.45619324, ...,  0.97181978,
          0.94963328,  0.90915572],
        [ 0.29586628,  0.        , -0.17248348, ...,  0.85856768,
          0.81440393,  0.74523686],
        [ 0.45619324,  0.17248348,  0.        , ...,  0.7572675 ,
          0.70210609,  0.61905559],
        ...,
        [-0.97181978, -0.85856768, -0.7572675 , ...,  0.        ,
          0.08068036,  0.19040968],
        [-0.94963328, -0.81440393, -0.70210609, ..., -0.08068036,
          0.        ,  0.11058466],
        [-0.90915572, -0.74523686, -0.61905559, ..., -0.19040968,
         -0.11058466,  0.        ]]]), 'num': array([8.11804019e-01, 5.76443004e-01, 8.14397977e-05, 2.24234503e-08,
       4.26997488e-05, 4.35862488e-05, 3.98186239e-05, 9.32077155e-02,
       2.51174993e-06, 4.02470989e-05, 3.80197677e-05, 3.46461428e-05,
       1.07770585e-06, 4.14238824e-05, 3.46156530e-05])}
{'img': array([[[ 0.        ,  0.6628596 ,  0.76143505, ...,  0.90886729,
          0.75276315,  0.        ],
        [-0.6628596 ,  0.        ,  0.14042681, ...,  0.95697775,
          0.99998149,  0.6628596 ],
        [-0.76143505, -0.14042681,  0.        , ...,  0.90674869,
          0.98921828,  0.76143505],
        ...,
        [-0.90886729, -0.95697775, -0.90674869, ...,  0.        ,
          0.28433303,  0.90886729],
        [-0.75276315, -0.99998149, -0.98921828, ..., -0.28433303,
          0.        ,  0.75276315],
        [-0.        , -0.6628596 , -0.76143505, ..., -0.90886729,
         -0.75276315,  0.        ]],

       [[ 0.        ,  0.27189092, -0.41335824, ..., -0.32822655,
         -0.14389124,  0.94440386],
        [-0.27189092,  0.        , -0.64536154, ..., -0.57268953,
         -0.40753207,  0.99822074],
        [ 0.41335824,  0.64536154,  0.        , ...,  0.09158504,
          0.2780338 ,  0.72403729],
        ...,
        [ 0.32822655,  0.57268953, -0.09158504, ...,  0.        ,
          0.18889134,  0.78416612],
        [ 0.14389124,  0.40753207, -0.2780338 , ..., -0.18889134,
          0.        ,  0.88726626],
        [-0.94440386, -0.99822074, -0.72403729, ..., -0.78416612,
         -0.88726626,  0.        ]],

       [[ 0.        , -0.13322245, -0.34752862, ...,  0.82850377,
          0.72192644,  0.34752862],
        [ 0.13322245,  0.        , -0.2195122 , ...,  0.74651626,
          0.62330539,  0.2195122 ],
        [ 0.34752862,  0.2195122 ,  0.        , ...,  0.58225233,
          0.436449  ,  0.        ],
        ...,
        [-0.82850377, -0.74651626, -0.58225233, ...,  0.        ,
          0.16903272,  0.58225233],
        [-0.72192644, -0.62330539, -0.436449  , ..., -0.16903272,
          0.        ,  0.436449  ],
        [-0.34752862, -0.2195122 , -0.        , ..., -0.58225233,
         -0.436449  ,  0.        ]],

       ...,

       [[ 0.        ,  0.84791033,  0.73344883, ...,  0.99347878,
          0.85667466,  0.53030735],
        [-0.84791033,  0.        , -0.1875322 , ...,  0.62335884,
          0.89155777,  0.99999998],
        [-0.73344883,  0.1875322 ,  0.        , ...,  0.75893765,
          0.9606748 ,  0.98229552],
        ...,
        [-0.99347878, -0.62335884, -0.75893765, ...,  0.        ,
          0.41481746,  0.78181261],
        [-0.85667466, -0.89155777, -0.9606748 , ..., -0.41481746,
          0.        ,  0.45273065],
        [-0.53030735, -0.99999998, -0.98229552, ..., -0.78181261,
         -0.45273065,  0.        ]],

       [[ 0.        , -0.08149162, -0.18255463, ...,  0.7904466 ,
          0.85395803,  0.99437025],
        [ 0.08149162,  0.        , -0.10182524, ...,  0.83773374,
          0.89352129,  0.98242804],
        [ 0.18255463,  0.10182524,  0.        , ...,  0.88898407,
          0.93459869,  0.95831684],
        ...,
        [-0.7904466 , -0.83773374, -0.88898407, ...,  0.        ,
          0.11177325,  0.69283932],
        [-0.85395803, -0.89352129, -0.93459869, ..., -0.11177325,
          0.        ,  0.60789901],
        [-0.99437025, -0.98242804, -0.95831684, ..., -0.69283932,
         -0.60789901,  0.        ]],

       [[ 0.        , -0.17248348, -0.22083295, ...,  0.81440393,
          0.74523686,  0.78453098],
        [ 0.17248348,  0.        , -0.04929805, ...,  0.70210609,
          0.61905559,  0.66581754],
        [ 0.22083295,  0.04929805,  0.        , ...,  0.66614863,
          0.57958681,  0.62822598],
        ...,
        [-0.81440393, -0.70210609, -0.66614863, ...,  0.        ,
          0.11058466,  0.04974135],
        [-0.74523686, -0.61905559, -0.57958681, ..., -0.11058466,
          0.        , -0.0610115 ],
        [-0.78453098, -0.66581754, -0.62822598, ..., -0.04974135,
          0.0610115 ,  0.        ]]]), 'num': array([ 8.65782256e-01,  4.98501823e-01,  1.29096813e-04,  5.19843995e-08,
        4.51315351e-05,  4.58453907e-05,  4.40210931e-05,  4.37834110e-02,
       -7.13855565e-07,  4.34500087e-05,  4.11656709e-05,  3.74496561e-05,
        1.09618270e-06,  4.50717553e-05,  3.72595865e-05])}
{'img': array([[[ 0.        ,  0.46548176,  0.54400734, ...,  0.79302015,
          0.        ,  0.44293905],
        [-0.46548176,  0.        ,  0.0909011 , ...,  0.98543776,
          0.46548176,  0.809355  ],
        [-0.54400734, -0.0909011 ,  0.        , ...,  0.99681448,
          0.54400734,  0.85939222],
        ...,
        [-0.79302015, -0.98543776, -0.99681448, ...,  0.        ,
          0.79302015,  0.44114715],
        [-0.        , -0.46548176, -0.54400734, ..., -0.79302015,
          0.        , -0.44293905],
        [-0.44293905, -0.809355  , -0.85939222, ..., -0.44114715,
