state_0,state_1,state_2,state_3,state_4,state_5,state_6,state_7,state_8,state_9,state_10,state_11,state_12,state_13,state_14,state_15,state_16,state_17,state_18,state_19,state_20,state_21,state_22,state_23,state_24,state_25,state_26,state_27,state_28,state_29,state_30,state_31,state_32,state_33,state_34,state_35,state_36,state_37,state_38,state_39,state_40,state_41,state_42,state_43,state_44,state_45,state_46,state_47,state_48,state_49,state_50,state_51,state_52,state_53,state_54,state_55,state_56,state_57,state_58,state_59,state_60,state_61,state_62,state_63,state_64,state_65,state_66,state_67,state_68,state_69,state_70,state_71,state_72,state_73,state_74,state_75,state_76,state_77,state_78,state_79,state_80,state_81,state_82,state_83,state_84,state_85,state_86,state_87,state_88,state_89,state_90,state_91,state_92,state_93,state_94,state_95,state_96,state_97,state_98,state_99,state_100,state_101,state_102,state_103,state_104,state_105,state_106,state_107,state_108,state_109,state_110,state_111,state_112,state_113,state_114,state_115,state_116,state_117,state_118,state_119,state_120,state_121,state_122,state_123,state_124,state_125,state_126,state_127,state_128,state_129,state_130,state_131,state_132,state_133,state_134,state_135,state_136,state_137,state_138,state_139,state_140,state_141,state_142,state_143,state_144,state_145,state_146,state_147,state_148,state_149,state_150,state_151,state_152,state_153,state_154,state_155,state_156,state_157,state_158,state_159,state_160,state_161,state_162,state_163,state_164,state_165,state_166,state_167,state_168,state_169,state_170,state_171,state_172,state_173,state_174,state_175,state_176,state_177,state_178,state_179,state_180,state_181,state_182,state_183,state_184,state_185,state_186,state_187,state_188,state_189,state_190,state_191,state_192,state_193,state_194,state_195,state_196,state_197,state_198,state_199,state_200,state_201,state_202,state_203,state_204,state_205,state_206,state_207,state_208,state_209,state_210,state_211,state_212,state_213,state_214,state_215,state_216,state_217,state_218,state_219,state_220,state_221,state_222,state_223,state_224,state_225,state_226,state_227,state_228,state_229,state_230,state_231,state_232,state_233,state_234,state_235,state_236,state_237,state_238,state_239,state_240,state_241,state_242,state_243,state_244,state_245,state_246,state_247,state_248,state_249,state_250,state_251,state_252,state_253,state_254,state_255,state_256,state_257,state_258,state_259,state_260,state_261,state_262,state_263,state_264,state_265,state_266,state_267,state_268,state_269,state_270,state_271,state_272,state_273,state_274,state_275,state_276,state_277,state_278,state_279,state_280,state_281,state_282,state_283,state_284,state_285,state_286,state_287
{'img': array([[[ 0.        ,  0.08191503,  0.02224486, ...,  0.9105252 ,
          0.88230743,  0.92837674],
        [-0.08191503,  0.        , -0.05972466, ...,  0.87359716,
          0.84078704,  0.89481383],
        [-0.02224486,  0.05972466,  0.        , ...,  0.90110268,
          0.87161904,  0.91987993],
        ...,
        [-0.9105252 , -0.87359716, -0.90110268, ...,  0.        ,
         -0.06376697,  0.04545268],
        [-0.88230743, -0.84078704, -0.87161904, ...,  0.06376697,
          0.        ,  0.10906125],
        [-0.92837674, -0.89481383, -0.91987993, ..., -0.04545268,
         -0.10906125,  0.        ]],

       [[ 0.        , -0.04412566, -0.40415548, ..., -0.45914798,
         -0.53911769, -0.54571364],
        [ 0.04412566,  0.        , -0.36340052, ..., -0.4195013 ,
         -0.50142861, -0.50820605],
        [ 0.40415548,  0.36340052,  0.        , ..., -0.06094272,
         -0.15273367, -0.1604881 ],
        ...,
        [ 0.45914798,  0.4195013 ,  0.06094272, ...,  0.        ,
         -0.09222208, -0.10003703],
        [ 0.53911769,  0.50142861,  0.15273367, ...,  0.09222208,
          0.        , -0.00785125],
        [ 0.54571364,  0.50820605,  0.1604881 , ...,  0.10003703,
          0.00785125,  0.        ]],

       [[ 0.        , -0.01110947, -0.17892416, ...,  0.99481449,
          0.97750895,  0.95900504],
        [ 0.01110947,  0.        , -0.16798292, ...,  0.995883  ,
          0.97979155,  0.96209416],
        [ 0.17892416,  0.16798292,  0.        , ...,  0.99695872,
          0.99946878,  0.99423459],
        ...,
        [-0.99481449, -0.995883  , -0.99695872, ...,  0.        ,
         -0.11038171, -0.18438285],
        [-0.97750895, -0.97979155, -0.99946878, ...,  0.11038171,
          0.        , -0.07476697],
        [-0.95900504, -0.96209416, -0.99423459, ...,  0.18438285,
          0.07476697,  0.        ]],

       ...,

       [[ 0.        ,  0.01186791, -0.0560913 , ..., -0.95918192,
         -0.96457026, -0.94625418],
        [-0.01186791,  0.        , -0.06793658, ..., -0.9624705 ,
         -0.9676334 , -0.9500259 ],
        [ 0.0560913 ,  0.06793658,  0.        , ..., -0.94180979,
         -0.94825334, -0.92662317],
        ...,
        [ 0.95918192,  0.9624705 ,  0.94180979, ...,  0.        ,
         -0.01971335,  0.0426314 ],
        [ 0.96457026,  0.9676334 ,  0.94825334, ...,  0.01971335,
          0.        ,  0.06231855],
        [ 0.94625418,  0.9500259 ,  0.92662317, ..., -0.0426314 ,
         -0.06231855,  0.        ]],

       [[ 0.        ,  0.12118406,  0.2035748 , ...,  0.87320601,
          0.91604887,  0.95757421],
        [-0.12118406,  0.        ,  0.08342808, ...,  0.92582973,
          0.95790052,  0.98544059],
        [-0.2035748 , -0.08342808,  0.        , ...,  0.95413298,
          0.97851332,  0.9961896 ],
        ...,
        [-0.87320601, -0.92582973, -0.95413298, ...,  0.        ,
         -0.09622377, -0.21502858],
        [-0.91604887, -0.95790052, -0.97851332, ...,  0.09622377,
          0.        , -0.12005791],
        [-0.95757421, -0.98544059, -0.9961896 , ...,  0.21502858,
          0.12005791,  0.        ]],

       [[ 0.        ,  0.11904502,  0.23369033, ...,  0.57620273,
          0.44857569,  0.        ],
        [-0.11904502,  0.        ,  0.11627973, ...,  0.66940158,
          0.55178168,  0.11904502],
        [-0.23369033, -0.11627973,  0.        , ...,  0.751245  ,
          0.64501464,  0.23369033],
        ...,
        [-0.57620273, -0.66940158, -0.751245  , ...,  0.        ,
          0.14835426,  0.57620273],
        [-0.44857569, -0.55178168, -0.64501464, ..., -0.14835426,
          0.        ,  0.44857569],
        [-0.        , -0.11904502, -0.23369033, ..., -0.57620273,
         -0.44857569,  0.        ]]]), 'num': array([ 7.07029958e-01,  7.07029958e-01,  0.00000000e+00,  0.00000000e+00,
        1.37222382e-04,  1.38477465e-04,  1.35967300e-04,  1.47350691e-02,
       -2.51016553e-06,  1.39481531e-04,  1.45809240e-04,  1.20620426e-04,
        8.04540234e-07,  1.57528182e-04,  1.34090298e-04])}
{'img': array([[[ 0.        , -0.05972466,  0.03270257, ...,  0.84078704,
          0.89481383,  0.85755088],
        [ 0.05972466,  0.        ,  0.0923369 , ...,  0.87161904,
          0.91987993,  0.88674236],
        [-0.03270257, -0.0923369 ,  0.        , ...,  0.82263327,
          0.8797355 ,  0.84027002],
        ...,
        [-0.84078704, -0.87161904, -0.82263327, ...,  0.        ,
          0.10906125,  0.03174874],
        [-0.89481383, -0.91987993, -0.8797355 , ..., -0.10906125,
          0.        , -0.07744691],
        [-0.85755088, -0.88674236, -0.84027002, ..., -0.03174874,
          0.07744691,  0.        ]],

       [[ 0.        , -0.36340052, -0.25126609, ..., -0.50142861,
         -0.50820605, -0.58069628],
        [ 0.36340052,  0.        ,  0.11765413, ..., -0.15273367,
         -0.1604881 , -0.2451441 ],
        [ 0.25126609, -0.11765413,  0.        , ..., -0.26794662,
         -0.27550252, -0.35750559],
        ...,
        [ 0.50142861,  0.15273367,  0.26794662, ...,  0.        ,
         -0.00785125, -0.09419466],
        [ 0.50820605,  0.1604881 ,  0.27550252, ...,  0.00785125,
          0.        , -0.08637542],
        [ 0.58069628,  0.2451441 ,  0.35750559, ...,  0.09419466,
          0.08637542,  0.        ]],

       [[ 0.        , -0.16798292, -0.25799642, ...,  0.97979155,
          0.96209416,  0.92534005],
        [ 0.16798292,  0.        , -0.09203426, ...,  0.99946878,
          0.99423459,  0.97587963],
        [ 0.25799642,  0.09203426,  0.        , ...,  0.99822634,
          0.99988344,  0.99182978],
        ...,
        [-0.97979155, -0.99946878, -0.99822634, ...,  0.        ,
         -0.07476697, -0.1863887 ],
        [-0.96209416, -0.99423459, -0.99988344, ...,  0.07476697,
          0.        , -0.11241025],
        [-0.92534005, -0.97587963, -0.99182978, ...,  0.1863887 ,
          0.11241025,  0.        ]],

       ...,

       [[ 0.        , -0.06793658, -0.03137831, ..., -0.9676334 ,
         -0.9500259 , -0.95575383],
        [ 0.06793658,  0.        ,  0.03659731, ..., -0.94825334,
         -0.92662317, -0.93356095],
        [ 0.03137831, -0.03659731,  0.        , ..., -0.95923828,
         -0.93976269, -0.94605271],
        ...,
        [ 0.9676334 ,  0.94825334,  0.95923828, ...,  0.        ,
          0.06231855,  0.04345236],
        [ 0.9500259 ,  0.92662317,  0.93976269, ..., -0.06231855,
          0.        , -0.01889179],
        [ 0.95575383,  0.93356095,  0.94605271, ..., -0.04345236,
          0.01889179,  0.        ]],

       [[ 0.        ,  0.08342808,  0.16585615, ...,  0.95790052,
          0.98544059,  0.9982932 ],
        [-0.08342808,  0.        ,  0.08300535, ...,  0.97851332,
          0.9961896 ,  0.99968524],
        [-0.16585615, -0.08300535,  0.        , ...,  0.99225091,
          0.99999108,  0.99415298],
        ...,
        [-0.95790052, -0.97851332, -0.99225091, ...,  0.        ,
         -0.12005791, -0.23066778],
        [-0.98544059, -0.9961896 , -0.99999108, ...,  0.12005791,
          0.        , -0.11217908],
        [-0.9982932 , -0.99968524, -0.99415298, ...,  0.23066778,
          0.11217908,  0.        ]],

       [[ 0.        ,  0.19742087,  0.2877306 , ...,  0.59404717,
          0.42315853,  0.        ],
        [-0.19742087,  0.        ,  0.09299551, ...,  0.74116694,
          0.59370457,  0.19742087],
        [-0.2877306 , -0.09299551,  0.        , ...,  0.80038493,
          0.66596368,  0.2877306 ],
        ...,
        [-0.59404717, -0.74116694, -0.80038493, ...,  0.        ,
          0.1978383 ,  0.59404717],
        [-0.42315853, -0.59370457, -0.66596368, ..., -0.1978383 ,
          0.        ,  0.42315853],
        [-0.        , -0.19742087, -0.2877306 , ..., -0.59404717,
         -0.42315853,  0.        ]]]), 'num': array([ 9.67781706e-01,  2.50100474e-01,  1.08575073e-04, -2.99239955e-10,
        1.88219573e-04,  1.88219573e-04,  1.79677081e-04,  2.91209280e-02,
        1.42374866e-06,  1.87763974e-04,  1.96890202e-04,  1.64965012e-04,
        1.32987512e-06,  2.09999178e-04,  1.83781227e-04])}
{'img': array([[[ 0.        ,  0.0923369 ,  0.06385802, ...,  0.91987993,
          0.88674236,  0.90110268],
        [-0.0923369 ,  0.        , -0.02856324, ...,  0.8797355 ,
          0.84027002,  0.8572152 ],
        [-0.06385802,  0.02856324,  0.        , ...,  0.89295733,
          0.85541326,  0.87157432],
        ...,
        [-0.91987993, -0.8797355 , -0.89295733, ...,  0.        ,
         -0.07744691, -0.04545268],
        [-0.88674236, -0.84027002, -0.85541326, ...,  0.07744691,
          0.        ,  0.0320507 ],
        [-0.90110268, -0.8572152 , -0.87157432, ...,  0.04545268,
         -0.0320507 ,  0.        ]],

       [[ 0.        ,  0.11765413, -0.10427325, ..., -0.1604881 ,
         -0.2451441 , -0.16972773],
        [-0.11765413,  0.        , -0.22056179, ..., -0.27550252,
         -0.35750559, -0.284496  ],
        [ 0.10427325,  0.22056179,  0.        , ..., -0.05669159,
         -0.14271622, -0.06604214],
        ...,
        [ 0.1604881 ,  0.27550252,  0.05669159, ...,  0.        ,
         -0.08637542, -0.00936811],
        [ 0.2451441 ,  0.35750559,  0.14271622, ...,  0.08637542,
          0.        ,  0.07703853],
        [ 0.16972773,  0.284496  ,  0.06604214, ...,  0.00936811,
         -0.07703853,  0.        ]],

       [[ 0.        , -0.09203426, -0.07451684, ...,  0.99423459,
          0.97587963,  0.95950025],
        [ 0.09203426,  0.        ,  0.01757781, ...,  0.99988344,
          0.99182978,  0.98135475],
        [ 0.07451684, -0.01757781,  0.        , ...,  0.99946057,
          0.98943416,  0.97782458],
        ...,
        [-0.99423459, -0.99988344, -0.99946057, ...,  0.        ,
         -0.11241025, -0.17719951],
        [-0.97587963, -0.99182978, -0.98943416, ...,  0.11241025,
          0.        , -0.06544505],
        [-0.95950025, -0.98135475, -0.97782458, ...,  0.17719951,
          0.06544505,  0.        ]],

       ...,

       [[ 0.        ,  0.03659731,  0.02725025, ..., -0.92662317,
         -0.93356095, -0.73814301],
        [-0.03659731,  0.        , -0.00935172, ..., -0.93976269,
         -0.94605271, -0.76233868],
        [-0.02725025,  0.00935172,  0.        , ..., -0.93652492,
         -0.94298126, -0.75625312],
        ...,
        [ 0.92662317,  0.93976269,  0.93652492, ...,  0.        ,
         -0.01889179,  0.34760562],
        [ 0.93356095,  0.94605271,  0.94298126, ...,  0.01889179,
          0.        ,  0.3652573 ],
        [ 0.73814301,  0.76233868,  0.75625312, ..., -0.34760562,
         -0.3652573 ,  0.        ]],

       [[ 0.        ,  0.08300535,  0.14578657, ...,  0.9961896 ,
          0.99968524,  0.98522725],
        [-0.08300535,  0.        ,  0.06316495, ...,  0.99999108,
          0.99415298,  0.9676125 ],
        [-0.14578657, -0.06316495,  0.        , ...,  0.998261  ,
          0.98534716,  0.9497349 ],
        ...,
        [-0.9961896 , -0.99999108, -0.998261  , ...,  0.        ,
         -0.11217908, -0.25652511],
        [-0.99968524, -0.99415298, -0.98534716, ...,  0.11217908,
          0.        , -0.14648063],
        [-0.98522725, -0.9676125 , -0.9497349 , ...,  0.25652511,
          0.14648063,  0.        ]],

       [[ 0.        ,  0.21116828,  0.31714731, ...,  0.47198778,
          0.22083179,  0.        ],
        [-0.21116828,  0.        ,  0.10972856, ...,  0.64751135,
          0.42180691,  0.21116828],
        [-0.31714731, -0.10972856,  0.        , ...,  0.7272207 ,
          0.51874918,  0.31714731],
        ...,
        [-0.47198778, -0.64751135, -0.7272207 , ...,  0.        ,
          0.26564887,  0.47198778],
        [-0.22083179, -0.42180691, -0.51874918, ..., -0.26564887,
          0.        ,  0.22083179],
        [-0.        , -0.21116828, -0.31714731, ..., -0.47198778,
         -0.22083179,  0.        ]]]), 'num': array([ 9.97811725e-01,  6.44607053e-02,  1.44705584e-04,  1.65450843e-08,
        1.93761889e-04,  1.98568386e-04,  1.92560265e-04,  1.47053258e-02,
       -4.80649647e-06,  1.97126437e-04,  2.06288821e-04,  1.74801262e-04,
        1.25427260e-06,  2.19687199e-04,  1.92890442e-04])}
{'img': array([[[ 0.        , -0.02856324,  0.05512078, ...,  0.84027002,
          0.8572152 ,  0.8005817 ],
        [ 0.02856324,  0.        ,  0.0836181 , ...,  0.85541326,
          0.87157432,  0.81737082],
        [-0.05512078, -0.0836181 ,  0.        , ...,  0.80910783,
          0.82752706,  0.7663349 ],
        ...,
        [-0.84027002, -0.85541326, -0.80910783, ...,  0.        ,
          0.0320507 , -0.06945975],
        [-0.8572152 , -0.87157432, -0.82752706, ..., -0.0320507 ,
          0.        , -0.10139735],
        [-0.8005817 , -0.81737082, -0.7663349 , ...,  0.06945975,
          0.10139735,  0.        ]],

       [[ 0.        , -0.21473657, -0.0589888 , ..., -0.33617514,
         -0.27433689, -0.43995602],
        [ 0.21473657,  0.        ,  0.15674993, ..., -0.12609405,
         -0.06143925, -0.23685514],
        [ 0.0589888 , -0.15674993,  0.        , ..., -0.28003411,
         -0.21713355, -0.38621682],
        ...,
        [ 0.33617514,  0.12609405,  0.28003411, ...,  0.        ,
          0.06490698, -0.11245859],
        [ 0.27433689,  0.06143925,  0.21713355, ..., -0.06490698,
          0.        , -0.17671669],
        [ 0.43995602,  0.23685514,  0.38621682, ...,  0.11245859,
          0.17671669,  0.        ]],

       [[ 0.        ,  0.01757781,  0.06387485, ...,  0.99182978,
          0.98135475,  0.97568051],
        [-0.01757781,  0.        ,  0.04632306, ...,  0.98943416,
          0.97782458,  0.97167675],
        [-0.06387485, -0.04632306,  0.        , ...,  0.98165597,
          0.96707366,  0.95968688],
        ...,
        [-0.99182978, -0.98943416, -0.98165597, ...,  0.        ,
         -0.06544505, -0.0929406 ],
        [-0.98135475, -0.97782458, -0.96707366, ...,  0.06544505,
          0.        , -0.02757958],
        [-0.97568051, -0.97167675, -0.95968688, ...,  0.0929406 ,
          0.02757958,  0.        ]],

       ...,

       [[ 0.        , -0.00935172,  0.05152242, ..., -0.94605271,
         -0.76233868, -0.88306821],
        [ 0.00935172,  0.        ,  0.06085946, ..., -0.94298126,
         -0.75625312, -0.87864135],
        [-0.05152242, -0.06085946,  0.        , ..., -0.96149012,
         -0.79467037, -0.90607197],
        ...,
        [ 0.94605271,  0.94298126,  0.96149012, ...,  0.        ,
          0.3652573 ,  0.1578048 ],
        [ 0.76233868,  0.75625312,  0.79467037, ..., -0.3652573 ,
          0.        , -0.21377921],
        [ 0.88306821,  0.87864135,  0.90607197, ..., -0.1578048 ,
          0.21377921,  0.        ]],

       [[ 0.        ,  0.06316495,  0.12449809, ...,  0.99415298,
          0.9676125 ,  0.95255017],
        [-0.06316495,  0.        ,  0.06157596, ...,  0.98534716,
          0.9497349 ,  0.93142177],
        [-0.12449809, -0.06157596,  0.        , ...,  0.97297492,
          0.928656  ,  0.90724425],
        ...,
        [-0.99415298, -0.98534716, -0.97297492, ...,  0.        ,
         -0.14648063, -0.1997448 ],
        [-0.9676125 , -0.9497349 , -0.928656  , ...,  0.14648063,
          0.        , -0.05406151],
        [-0.95255017, -0.93142177, -0.90724425, ...,  0.1997448 ,
          0.05406151,  0.        ]],

       [[ 0.        ,  0.24071831,  0.36015921, ...,  0.22207155,
          0.        ,  0.19332805],
        [-0.24071831,  0.        ,  0.12500484, ...,  0.4502492 ,
          0.24071831,  0.4238202 ],
        [-0.36015921, -0.12500484,  0.        , ...,  0.55833469,
          0.36015921,  0.53371848],
        ...,
        [-0.22207155, -0.4502492 , -0.55833469, ...,  0.        ,
          0.22207155,  0.02938126],
        [-0.        , -0.24071831, -0.36015921, ..., -0.22207155,
          0.        , -0.19332805],
        [-0.19332805, -0.4238202 , -0.53371848, ..., -0.02938126,
          0.19332805,  0.        ]]]), 'num': array([ 9.40670738e-01,  3.38928806e-01,  9.49119766e-05, -5.08967566e-08,
        1.81630526e-04,  1.87073712e-04,  1.81630526e-04,  1.62953522e-02,
       -3.15131827e-06,  1.87016415e-04,  1.95653892e-04,  1.67325451e-04,
        9.54944930e-07,  2.09656430e-04,  1.81651354e-04])}
{'img': array([[[ 0.        ,  0.0836181 , -0.31495628, ...,  0.87157432,
          0.81737082,  0.77604948],
        [-0.0836181 ,  0.        , -0.39321572, ...,  0.82752706,
          0.7663349 ,  0.72059606],
        [ 0.31495628,  0.39321572,  0.        , ...,  0.98162811,
          0.95722176,  0.93518747],
        ...,
        [-0.87157432, -0.82752706, -0.98162811, ...,  0.        ,
         -0.10139735, -0.16920888],
        [-0.81737082, -0.7663349 , -0.95722176, ...,  0.10139735,
          0.        , -0.06840156],
        [-0.77604948, -0.72059606, -0.93518747, ...,  0.16920888,
          0.06840156,  0.        ]],

       [[ 0.        ,  0.15674993,  0.02658503, ..., -0.06143925,
         -0.23685514, -0.16986824],
        [-0.15674993,  0.        , -0.13043813, ..., -0.21713355,
         -0.38621682, -0.32224023],
        [-0.02658503,  0.13043813,  0.        , ..., -0.08795233,
         -0.26259998, -0.19600686],
        ...,
        [ 0.06143925,  0.21713355,  0.08795233, ...,  0.        ,
         -0.17671669, -0.10900099],
        [ 0.23685514,  0.38621682,  0.26259998, ...,  0.17671669,
          0.        ,  0.06837824],
        [ 0.16986824,  0.32224023,  0.19600686, ...,  0.10900099,
         -0.06837824,  0.        ]],

       [[ 0.        ,  0.04632306, -0.02710291, ...,  0.97782458,
          0.97167675,  0.96444683],
        [-0.04632306,  0.        , -0.07337986, ...,  0.96707366,
          0.95968688,  0.95116939],
        [ 0.02710291,  0.07337986,  0.        , ...,  0.98314142,
          0.9777246 ,  0.97125522],
        ...,
        [-0.97782458, -0.96707366, -0.98314142, ...,  0.        ,
         -0.02757958, -0.05643661],
        [-0.97167675, -0.95968688, -0.9777246 , ...,  0.02757958,
          0.        , -0.02887952],
        [-0.96444683, -0.95116939, -0.97125522, ...,  0.05643661,
          0.02887952,  0.        ]],

       ...,

       [[ 0.        ,  0.06085946, -0.23856202, ..., -0.75625312,
         -0.87864135, -0.99929751],
        [-0.06085946,  0.        , -0.29722209, ..., -0.79467037,
         -0.90607197, -0.99972595],
        [ 0.23856202,  0.29722209,  0.        , ..., -0.57833187,
         -0.73936342, -0.96150461],
        ...,
        [ 0.75625312,  0.79467037,  0.57833187, ...,  0.        ,
         -0.21377921, -0.62547787],
        [ 0.87864135,  0.90607197,  0.73936342, ...,  0.21377921,
          0.        , -0.44421857],
        [ 0.99929751,  0.99972595,  0.96150461, ...,  0.62547787,
          0.44421857,  0.        ]],

       [[ 0.        ,  0.06157596,  0.07053422, ...,  0.9497349 ,
          0.93142177,  0.93306028],
        [-0.06157596,  0.        ,  0.00897777, ...,  0.928656  ,
          0.90724425,  0.9091396 ],
        [-0.07053422, -0.00897777,  0.        , ...,  0.92528834,
          0.9034316 ,  0.9053638 ],
        ...,
        [-0.9497349 , -0.928656  , -0.92528834, ...,  0.        ,
         -0.05406151, -0.04953922],
        [-0.93142177, -0.90724425, -0.9034316 , ...,  0.05406151,
          0.        ,  0.00452836],
        [-0.93306028, -0.9091396 , -0.9053638 , ...,  0.04953922,
         -0.00452836,  0.        ]],

       [[ 0.        ,  0.27398764,  0.40632986, ...,  0.        ,
          0.19475128,  0.35601741],
        [-0.27398764,  0.        ,  0.14043116, ...,  0.27398764,
          0.45604028,  0.59842955],
        [-0.40632986, -0.14043116,  0.        , ...,  0.40632986,
          0.57649912,  0.70500938],
        ...,
        [-0.        , -0.27398764, -0.40632986, ...,  0.        ,
         -0.19475128, -0.35601741],
        [-0.19475128, -0.45604028, -0.57649912, ...,  0.19475128,
          0.        , -0.16720957],
        [-0.35601741, -0.59842955, -0.70500938, ...,  0.35601741,
          0.16720957,  0.        ]]]), 'num': array([ 8.06061189e-01,  5.91707085e-01,  3.38632075e-05, -7.16188037e-08,
        1.55554502e-04,  1.57766177e-04,  1.51131151e-04,  1.21606759e-02,
       -2.45741709e-07,  1.58699996e-04,  1.66993778e-04,  1.44076316e-04,
        6.92031250e-07,  1.79942734e-04,  1.54044822e-04])}
{'img': array([[[ 0.        , -0.39321572, -0.60103761, ...,  0.7663349 ,
          0.72059606,  0.71629516],
        [ 0.39321572,  0.        , -0.23835562, ...,  0.95722176,
          0.93518747,  0.93297981],
        [ 0.60103761,  0.23835562,  0.        , ...,  0.99860213,
          0.99264782,  0.99188044],
        ...,
        [-0.7663349 , -0.95722176, -0.99860213, ...,  0.        ,
         -0.06840156, -0.07456893],
        [-0.72059606, -0.93518747, -0.99264782, ...,  0.06840156,
          0.        , -0.00618316],
        [-0.71629516, -0.93297981, -0.99188044, ...,  0.07456893,
          0.00618316,  0.        ]],

       [[ 0.        , -0.13043813, -0.19214843, ..., -0.38621682,
         -0.32224023, -0.3697773 ],
        [ 0.13043813,  0.        , -0.06249927, ..., -0.26259998,
         -0.19600686, -0.24542536],
        [ 0.19214843,  0.06249927,  0.        , ..., -0.20178076,
         -0.13433673, -0.1843578 ],
        ...,
        [ 0.38621682,  0.26259998,  0.20178076, ...,  0.        ,
          0.06837824,  0.01775638],
        [ 0.32224023,  0.19600686,  0.13433673, ..., -0.06837824,
          0.        , -0.05065264],
        [ 0.3697773 ,  0.24542536,  0.1843578 , ..., -0.01775638,
          0.05065264,  0.        ]],

       [[ 0.        , -0.07337986, -0.17491817, ...,  0.95968688,
          0.95116939,  0.93158117],
        [ 0.07337986,  0.        , -0.10219805, ...,  0.9777246 ,
          0.97125522,  0.95574571],
        [ 0.17491817,  0.10219805,  0.        , ...,  0.99405585,
          0.99049707,  0.98080755],
        ...,
        [-0.95968688, -0.9777246 , -0.99405585, ...,  0.        ,
         -0.02887952, -0.08703749],
        [-0.95116939, -0.97125522, -0.99049707, ...,  0.02887952,
          0.        , -0.05823126],
        [-0.93158117, -0.95574571, -0.98080755, ...,  0.08703749,
          0.05823126,  0.        ]],

       ...,

       [[ 0.        , -0.29399879, -0.34276495, ..., -0.89781004,
         -0.99982122, -0.80811779],
        [ 0.29399879,  0.        , -0.05142802, ..., -0.72865998,
         -0.95007588, -0.9455751 ],
        [ 0.34276495,  0.05142802,  0.        , ..., -0.69247395,
         -0.93277213, -0.96105871],
        ...,
        [ 0.89781004,  0.72865998,  0.69247395, ...,  0.        ,
         -0.42332808, -0.88471018],
        [ 0.99982122,  0.95007588,  0.93277213, ...,  0.42332808,
          0.        , -0.6041958 ],
        [ 0.80811779,  0.9455751 ,  0.96105871, ...,  0.88471018,
          0.6041958 ,  0.        ]],

       [[ 0.        ,  0.00897777,  0.00765608, ...,  0.90724425,
          0.9091396 ,  0.91062831],
        [-0.00897777,  0.        , -0.00132174, ...,  0.9034316 ,
          0.9053638 ,  0.90688176],
        [-0.00765608,  0.00132174,  0.        , ...,  0.90399749,
          0.90592426,  0.90743793],
        ...,
        [-0.90724425, -0.9034316 , -0.90399749, ...,  0.        ,
          0.00452836,  0.00811677],
        [-0.9091396 , -0.9053638 , -0.90592426, ..., -0.00452836,
          0.        ,  0.00358847],
        [-0.91062831, -0.90688176, -0.90743793, ..., -0.00811677,
         -0.00358847,  0.        ]],

       [[ 0.        ,  0.30901612,  0.41889152, ...,  0.19662304,
          0.35935421,  0.45459857],
        [-0.30901612,  0.        ,  0.11779177, ...,  0.48998355,
          0.6301405 ,  0.70758862],
        [-0.41889152, -0.11779177,  0.        , ...,  0.58925525,
          0.71721675,  0.78589718],
        ...,
        [-0.19662304, -0.48998355, -0.58925525, ...,  0.        ,
         -0.16885046, -0.27059298],
        [-0.35935421, -0.6301405 , -0.71721675, ...,  0.16885046,
          0.        , -0.10415643],
        [-0.45459857, -0.70758862, -0.78589718, ...,  0.27059298,
          0.10415643,  0.        ]]]), 'num': array([ 9.17791045e-01,  3.96871698e-01,  8.24239472e-05, -8.28810875e-08,
        1.77002836e-04,  1.79243378e-04,  1.71401481e-04,  1.23363975e-02,
       -2.80067779e-07,  1.79523446e-04,  1.89171781e-04,  1.64770876e-04,
        8.85375558e-07,  2.04316665e-04,  1.74026897e-04])}
