state_0,state_1,state_2,state_3,state_4,state_5,state_6,state_7,state_8,state_9,state_10,state_11,state_12,state_13,state_14,state_15,state_16,state_17,state_18,state_19,state_20,state_21,state_22,state_23,state_24,state_25,state_26,state_27,state_28,state_29,state_30,state_31,state_32,state_33,state_34,state_35,state_36,state_37,state_38,state_39,state_40,state_41,state_42,state_43,state_44,state_45,state_46,state_47,state_48,state_49,state_50,state_51,state_52,state_53,state_54,state_55,state_56,state_57,state_58,state_59,state_60,state_61,state_62,state_63,state_64,state_65,state_66,state_67,state_68,state_69,state_70,state_71,state_72,state_73,state_74,state_75,state_76,state_77,state_78,state_79,state_80,state_81,state_82,state_83,state_84,state_85,state_86,state_87,state_88,state_89,state_90,state_91,state_92,state_93,state_94,state_95,state_96,state_97,state_98,state_99,state_100,state_101,state_102,state_103,state_104,state_105,state_106,state_107,state_108,state_109,state_110,state_111,state_112,state_113,state_114,state_115,state_116,state_117,state_118,state_119,state_120,state_121,state_122,state_123,state_124,state_125,state_126,state_127,state_128,state_129,state_130,state_131,state_132,state_133,state_134,state_135,state_136,state_137,state_138,state_139,state_140,state_141,state_142,state_143,state_144,state_145,state_146,state_147,state_148,state_149,state_150,state_151,state_152,state_153,state_154,state_155,state_156,state_157,state_158,state_159,state_160,state_161,state_162,state_163,state_164,state_165,state_166,state_167,state_168,state_169,state_170,state_171,state_172,state_173,state_174,state_175,state_176,state_177,state_178,state_179,state_180,state_181,state_182,state_183,state_184,state_185,state_186,state_187,state_188,state_189,state_190,state_191,state_192,state_193,state_194,state_195,state_196,state_197,state_198,state_199,state_200,state_201,state_202,state_203,state_204,state_205,state_206,state_207,state_208,state_209,state_210,state_211,state_212,state_213,state_214,state_215,state_216,state_217,state_218,state_219,state_220,state_221,state_222,state_223,state_224,state_225,state_226,state_227,state_228,state_229,state_230,state_231,state_232,state_233,state_234,state_235,state_236,state_237,state_238,state_239,state_240,state_241,state_242,state_243,state_244,state_245,state_246,state_247,state_248,state_249,state_250,state_251,state_252,state_253,state_254,state_255,state_256,state_257,state_258,state_259,state_260,state_261,state_262,state_263,state_264,state_265,state_266,state_267,state_268,state_269,state_270,state_271,state_272,state_273,state_274,state_275,state_276,state_277,state_278,state_279,state_280,state_281,state_282,state_283,state_284,state_285,state_286,state_287
{'img': array([[[ 0.        ,  0.18626317,  0.60733848, ..., -0.84096906,
         -0.84096906, -0.81229863],
        [-0.18626317,  0.        ,  0.44873448, ..., -0.92703588,
         -0.92703588, -0.90671977],
        [-0.60733848, -0.44873448,  0.        , ..., -0.99672279,
         -0.99672279, -0.99955027],
        ...,
        [ 0.84096906,  0.92703588,  0.99672279, ...,  0.        ,
          0.        ,  0.05096713],
        [ 0.84096906,  0.92703588,  0.99672279, ...,  0.        ,
          0.        ,  0.05096713],
        [ 0.81229863,  0.90671977,  0.99955027, ..., -0.05096713,
         -0.05096713,  0.        ]],

       [[ 0.        , -0.84770316, -0.5433175 , ..., -0.9410309 ,
         -0.81538899, -0.91929111],
        [ 0.84770316,  0.        ,  0.42345585, ..., -0.21239401,
          0.05820666, -0.15401962],
        [ 0.5433175 , -0.42345585,  0.        , ..., -0.60620561,
         -0.37000751, -0.55793204],
        ...,
        [ 0.9410309 ,  0.21239401,  0.60620561, ...,  0.        ,
          0.26891253,  0.05935415],
        [ 0.81538899, -0.05820666,  0.37000751, ..., -0.26891253,
          0.        , -0.21127061],
        [ 0.91929111,  0.15401962,  0.55793204, ..., -0.05935415,
          0.21127061,  0.        ]],

       [[ 0.        , -0.12936818, -0.12936818, ..., -0.9049691 ,
         -0.9588025 , -0.96996512],
        [ 0.12936818,  0.        ,  0.        , ..., -0.95240753,
         -0.9874954 , -0.99328218],
        [ 0.12936818,  0.        ,  0.        , ..., -0.95240753,
         -0.9874954 , -0.99328218],
        ...,
        [ 0.9049691 ,  0.95240753,  0.95240753, ...,  0.        ,
          0.15087096,  0.19256981],
        [ 0.9588025 ,  0.9874954 ,  0.9874954 , ..., -0.15087096,
          0.        ,  0.04231841],
        [ 0.96996512,  0.99328218,  0.99328218, ..., -0.19256981,
         -0.04231841,  0.        ]],

       ...,

       [[ 0.        ,  0.22750166,  0.37358078, ...,  0.3156811 ,
          0.35375956,  0.42814064],
        [-0.22750166,  0.        ,  0.15275462, ...,  0.09153477,
          0.13169259,  0.21131779],
        [-0.37358078, -0.15275462,  0.        , ..., -0.06165281,
         -0.02127716,  0.05953277],
        ...,
        [-0.3156811 , -0.09153477,  0.06165281, ...,  0.        ,
          0.04040217,  0.12096298],
        [-0.35375956, -0.13169259,  0.02127716, ..., -0.04040217,
          0.        ,  0.08075871],
        [-0.42814064, -0.21131779, -0.05953277, ..., -0.12096298,
         -0.08075871,  0.        ]],

       [[ 0.        , -0.37479607, -0.55792361, ..., -0.78718873,
         -0.59502598, -0.        ],
        [ 0.37479607,  0.        , -0.20621466, ..., -0.9609497 ,
         -0.85287894, -0.37479607],
        [ 0.55792361,  0.20621466,  0.        , ..., -0.99736015,
         -0.9422143 , -0.55792361],
        ...,
        [ 0.78718873,  0.9609497 ,  0.99736015, ...,  0.        ,
         -0.26570891, -0.78718873],
        [ 0.59502598,  0.85287894,  0.9422143 , ...,  0.26570891,
          0.        , -0.59502598],
        [ 0.        ,  0.37479607,  0.55792361, ...,  0.78718873,
          0.59502598,  0.        ]],

       [[ 0.        , -0.09569826, -0.11555501, ..., -0.71411238,
         -0.76620403, -0.83480832],
        [ 0.09569826,  0.        , -0.01996747, ..., -0.77782664,
         -0.82418291, -0.88366266],
        [ 0.11555501,  0.01996747,  0.        , ..., -0.7902207 ,
         -0.83532664, -0.89283375],
        ...,
        [ 0.71411238,  0.77782664,  0.7902207 , ...,  0.        ,
          0.0774799 ,  0.19124384],
        [ 0.76620403,  0.82418291,  0.83532664, ..., -0.0774799 ,
          0.        ,  0.11461912],
        [ 0.83480832,  0.88366266,  0.89283375, ..., -0.19124384,
         -0.11461912,  0.        ]]]), 'num': array([ 7.07104215e-01,  7.07104215e-01,  0.00000000e+00,  0.00000000e+00,
        8.81819942e-04,  8.98302558e-04,  8.77699288e-04,  8.90292007e-04,
       -8.24130787e-06,  8.85116465e-04,  8.96242231e-04,  9.50497508e-04,
        3.68228650e-07,  9.77305036e-04,  8.15179426e-04])}
{'img': array([[[ 0.        ,  0.44873448, -0.06582766, ..., -0.92703588,
         -0.90671977, -0.94530031],
        [-0.44873448,  0.        , -0.50658906, ..., -0.99672279,
         -0.99955027, -0.99115972],
        [ 0.06582766,  0.50658906,  0.        , ..., -0.90034158,
         -0.87699136, -0.92177688],
        ...,
        [ 0.92703588,  0.99672279,  0.90034158, ...,  0.        ,
          0.05096713, -0.05206137],
        [ 0.90671977,  0.99955027,  0.87699136, ..., -0.05096713,
          0.        , -0.10289172],
        [ 0.94530031,  0.99115972,  0.92177688, ...,  0.05206137,
          0.10289172,  0.        ]],

       [[ 0.        ,  0.42345585, -0.28549609, ...,  0.05820666,
         -0.15401962,  0.55979712],
        [-0.42345585,  0.        , -0.66446725, ..., -0.37000751,
         -0.55793204,  0.15624149],
        [ 0.28549609,  0.66446725,  0.        , ...,  0.34079613,
          0.13448018,  0.77306883],
        ...,
        [-0.05820666,  0.37000751, -0.34079613, ...,  0.        ,
         -0.21127061,  0.51061625],
        [ 0.15401962,  0.55793204, -0.13448018, ...,  0.21127061,
          0.        ,  0.68074273],
        [-0.55979712, -0.15624149, -0.77306883, ..., -0.51061625,
         -0.68074273,  0.        ]],

       [[ 0.        ,  0.        , -0.12310575, ..., -0.9874954 ,
         -0.99328218, -0.99328218],
        [ 0.        ,  0.        , -0.12310575, ..., -0.9874954 ,
         -0.99328218, -0.99328218],
        [ 0.12310575,  0.12310575,  0.        , ..., -0.99939143,
         -0.99997231, -0.99997231],
        ...,
        [ 0.9874954 ,  0.9874954 ,  0.99939143, ...,  0.        ,
          0.04231841,  0.04231841],
        [ 0.99328218,  0.99328218,  0.99997231, ..., -0.04231841,
          0.        ,  0.        ],
        [ 0.99328218,  0.99328218,  0.99997231, ..., -0.04231841,
          0.        ,  0.        ]],

       ...,

       [[ 0.        ,  0.15275462,  0.05380139, ...,  0.13169259,
          0.21131779,  0.41561399],
        [-0.15275462,  0.        , -0.0993634 , ..., -0.02127716,
          0.05953277,  0.2717998 ],
        [-0.05380139,  0.0993634 ,  0.        , ...,  0.07816904,
          0.15842532,  0.36607746],
        ...,
        [-0.13169259,  0.02127716, -0.07816904, ...,  0.        ,
          0.08075871,  0.29221442],
        [-0.21131779, -0.05953277, -0.15842532, ..., -0.08075871,
          0.        ,  0.21402613],
        [-0.41561399, -0.2717998 , -0.36607746, ..., -0.29221442,
         -0.21402613,  0.        ]],

       [[ 0.        , -0.42279789, -0.76849661, ..., -0.74273417,
         -0.51208283, -0.        ],
        [ 0.42279789,  0.        , -0.42590121, ..., -0.95618326,
         -0.82721812, -0.42279789],
        [ 0.76849661,  0.42590121,  0.        , ..., -0.98981621,
         -0.98774764, -0.76849661],
        ...,
        [ 0.74273417,  0.95618326,  0.98981621, ...,  0.        ,
         -0.29507747, -0.74273417],
        [ 0.51208283,  0.82721812,  0.98774764, ...,  0.29507747,
          0.        , -0.51208283],
        [ 0.        ,  0.42279789,  0.76849661, ...,  0.74273417,
          0.51208283,  0.        ]],

       [[ 0.        , -0.01996747,  0.04829898, ..., -0.82418291,
         -0.88366266, -0.89612036],
        [ 0.01996747,  0.        ,  0.06823352, ..., -0.83532664,
         -0.89283375, -0.90480349],
        [-0.04829898, -0.06823352,  0.        , ..., -0.79586817,
         -0.86002144, -0.8736389 ],
        ...,
        [ 0.82418291,  0.83532664,  0.79586817, ...,  0.        ,
          0.11461912,  0.14171267],
        [ 0.88366266,  0.89283375,  0.86002144, ..., -0.11461912,
          0.        ,  0.02731635],
        [ 0.89612036,  0.90480349,  0.8736389 , ..., -0.14171267,
         -0.02731635,  0.        ]]]), 'num': array([ 9.68142571e-01,  2.50373904e-01,  6.64600618e-06, -1.17664956e-10,
        1.21040247e-03,  1.22721362e-03,  1.19919504e-03,  9.51779813e-04,
        1.12074303e-05,  1.20591950e-03,  1.21320433e-03,  1.29053560e-03,
        5.13673890e-07,  1.31266041e-03,  1.11374825e-03])}
{'img': array([[[ 0.        , -0.50658906, -0.44873448, ..., -0.99955027,
         -0.99115972, -0.99955027],
        [ 0.50658906,  0.        ,  0.06582766, ..., -0.87699136,
         -0.92177688, -0.87699136],
        [ 0.44873448, -0.06582766,  0.        , ..., -0.90671977,
         -0.94530031, -0.90671977],
        ...,
        [ 0.99955027,  0.87699136,  0.90671977, ...,  0.        ,
         -0.10289172,  0.        ],
        [ 0.99115972,  0.92177688,  0.94530031, ...,  0.10289172,
          0.        ,  0.10289172],
        [ 0.99955027,  0.87699136,  0.90671977, ...,  0.        ,
         -0.10289172,  0.        ]],

       [[ 0.        , -0.66446725, -0.60109014, ..., -0.55793204,
          0.15624149, -0.22914976],
        [ 0.66446725,  0.        ,  0.08182464, ...,  0.13448018,
          0.77306883,  0.47553896],
        [ 0.60109014, -0.08182464,  0.        , ...,  0.05294787,
          0.71857335,  0.40196365],
        ...,
        [ 0.55793204, -0.13448018, -0.05294787, ...,  0.        ,
          0.68074273,  0.3529178 ],
        [-0.15624149, -0.77306883, -0.71857335, ..., -0.68074273,
          0.        , -0.37841963],
        [ 0.22914976, -0.47553896, -0.40196365, ..., -0.3529178 ,
          0.37841963,  0.        ]],

       [[ 0.        , -0.12310575, -0.10063454, ..., -0.99328218,
         -0.99328218, -0.99609814],
        [ 0.12310575,  0.        ,  0.02261172, ..., -0.99997231,
         -0.99997231, -0.99938576],
        [ 0.10063454, -0.02261172,  0.        , ..., -0.99988491,
         -0.99988491, -0.99992265],
        ...,
        [ 0.99328218,  0.99997231,  0.99988491, ...,  0.        ,
          0.        ,  0.0276062 ],
        [ 0.99328218,  0.99997231,  0.99988491, ...,  0.        ,
          0.        ,  0.0276062 ],
        [ 0.99609814,  0.99938576,  0.99992265, ..., -0.0276062 ,
         -0.0276062 ,  0.        ]],

       ...,

       [[ 0.        , -0.0993634 ,  0.07440598, ...,  0.05953277,
          0.2717998 ,  0.3093507 ],
        [ 0.0993634 ,  0.        ,  0.17312573, ...,  0.15842532,
          0.36607746,  0.40230922],
        [-0.07440598, -0.17312573,  0.        , ..., -0.01490627,
          0.19944149,  0.23773697],
        ...,
        [-0.05953277, -0.15842532,  0.01490627, ...,  0.        ,
          0.21402613,  0.25218946],
        [-0.2717998 , -0.36607746, -0.19944149, ..., -0.21402613,
          0.        ,  0.03923735],
        [-0.3093507 , -0.40230922, -0.23773697, ..., -0.25218946,
         -0.03923735,  0.        ]],

       [[ 0.        , -0.66626397, -0.84814423, ..., -0.72847843,
         -0.57274711, -0.        ],
        [ 0.66626397,  0.        , -0.27951111, ..., -0.99967462,
         -0.97326465, -0.66626397],
        [ 0.84814423,  0.27951111,  0.        , ..., -0.96695976,
         -0.99867266, -0.84814423],
        ...,
        [ 0.72847843,  0.99967462,  0.96695976, ...,  0.        ,
         -0.20478603, -0.72847843],
        [ 0.57274711,  0.97326465,  0.99867266, ...,  0.20478603,
          0.        , -0.57274711],
        [ 0.        ,  0.66626397,  0.84814423, ...,  0.72847843,
          0.57274711,  0.        ]],

       [[ 0.        ,  0.06823352,  0.14042679, ..., -0.89283375,
         -0.90480349, -0.9480294 ],
        [-0.06823352,  0.        ,  0.07254211, ..., -0.86002144,
         -0.8736389 , -0.92410917],
        [-0.14042679, -0.07254211,  0.        , ..., -0.8207404 ,
         -0.83604   , -0.89395405],
        ...,
        [ 0.89283375,  0.86002144,  0.8207404 , ...,  0.        ,
          0.02731635,  0.14289524],
        [ 0.90480349,  0.8736389 ,  0.83604   , ..., -0.02731635,
          0.        ,  0.11580589],
        [ 0.9480294 ,  0.92410917,  0.89395405, ..., -0.14289524,
         -0.11580589,  0.        ]]]), 'num': array([8.62790227e-01, 5.05552476e-01, 3.30775695e-06, 6.26067295e-09,
       1.07926813e-03, 1.08926135e-03, 1.05928168e-03, 5.24204528e-04,
       0.00000000e+00, 1.07627016e-03, 1.07701965e-03, 1.14847120e-03,
       5.49627288e-07, 1.15490752e-03, 9.99131789e-04])}
{'img': array([[[ 0.        ,  0.06582766,  0.        , ..., -0.92177688,
         -0.87699136, -0.87699136],
        [-0.06582766,  0.        , -0.06582766, ..., -0.94530031,
         -0.90671977, -0.90671977],
        [ 0.        ,  0.06582766,  0.        , ..., -0.92177688,
         -0.87699136, -0.87699136],
        ...,
        [ 0.92177688,  0.94530031,  0.92177688, ...,  0.        ,
          0.10289172,  0.10289172],
        [ 0.87699136,  0.90671977,  0.87699136, ..., -0.10289172,
          0.        ,  0.        ],
        [ 0.87699136,  0.90671977,  0.87699136, ..., -0.10289172,
          0.        ,  0.        ]],

       [[ 0.        ,  0.08182464,  0.04821296, ...,  0.77306883,
          0.47553896, -0.17812851],
        [-0.08182464,  0.        , -0.03367819, ...,  0.71857335,
          0.40196365, -0.25804724],
        [-0.04821296,  0.03367819,  0.        , ...,  0.74158726,
          0.43257326, -0.22536326],
        ...,
        [-0.77306883, -0.71857335, -0.74158726, ...,  0.        ,
         -0.37841963, -0.87369618],
        [-0.47553896, -0.40196365, -0.43257326, ...,  0.37841963,
          0.        , -0.62463247],
        [ 0.17812851,  0.25804724,  0.22536326, ...,  0.87369618,
          0.62463247,  0.        ]],

       [[ 0.        ,  0.02261172,  0.07057651, ..., -0.99997231,
         -0.99938576, -0.99881488],
        [-0.02261172,  0.        ,  0.04800313, ..., -0.99988491,
         -0.99992265, -0.99966003],
        [-0.07057651, -0.04800313,  0.        , ..., -0.99800395,
         -0.99936696, -0.99975921],
        ...,
        [ 0.99997231,  0.99988491,  0.99800395, ...,  0.        ,
          0.0276062 ,  0.04123652],
        [ 0.99938576,  0.99992265,  0.99936696, ..., -0.0276062 ,
          0.        ,  0.01363809],
        [ 0.99881488,  0.99966003,  0.99975921, ..., -0.04123652,
         -0.01363809,  0.        ]],

       ...,

       [[ 0.        ,  0.17312573,  0.26396518, ...,  0.36607746,
          0.40230922,  0.68282143],
        [-0.17312573,  0.        ,  0.09299389, ...,  0.19944149,
          0.23773697,  0.54602753],
        [-0.26396518, -0.09299389,  0.        , ...,  0.10745163,
          0.14637907,  0.46575418],
        ...,
        [-0.36607746, -0.19944149, -0.10745163, ...,  0.        ,
          0.03923735,  0.36797214],
        [-0.40230922, -0.23773697, -0.14637907, ..., -0.03923735,
          0.        ,  0.33120444],
        [-0.68282143, -0.54602753, -0.46575418, ..., -0.36797214,
         -0.33120444,  0.        ]],

       [[ 0.        , -0.62940458, -0.82342862, ..., -0.78775694,
         -0.59722499, -0.        ],
        [ 0.62940458,  0.        , -0.28273142, ..., -0.99985295,
         -0.96891917, -0.62940458],
        [ 0.82342862,  0.28273142,  0.        , ..., -0.95420961,
         -0.99932781, -0.82342862],
        ...,
        [ 0.78775694,  0.99985295,  0.95420961, ...,  0.        ,
         -0.26395681, -0.78775694],
        [ 0.59722499,  0.96891917,  0.99932781, ...,  0.26395681,
          0.        , -0.59722499],
        [ 0.        ,  0.62940458,  0.82342862, ...,  0.78775694,
          0.59722499,  0.        ]],

       [[ 0.        ,  0.07254211,  0.15233685, ..., -0.8736389 ,
         -0.92410917, -0.96383238],
        [-0.07254211,  0.        ,  0.08024005, ..., -0.83604   ,
         -0.89395405, -0.94195989],
        [-0.15233685, -0.08024005,  0.        , ..., -0.78931905,
         -0.85511129, -0.91198397],
        ...,
        [ 0.8736389 ,  0.83604   ,  0.78931905, ...,  0.        ,
          0.11580589,  0.23614382],
        [ 0.92410917,  0.89395405,  0.85511129, ..., -0.11580589,
          0.        ,  0.12202433],
        [ 0.96383238,  0.94195989,  0.91198397, ..., -0.23614382,
         -0.12202433,  0.        ]]]), 'num': array([8.81284187e-01, 4.72576034e-01, 3.73249455e-06, 6.34758371e-09,
       1.11061998e-03, 1.11569131e-03, 1.09540601e-03, 5.17660480e-04,
       1.52139723e-05, 1.09642027e-03, 1.08957399e-03, 1.16412245e-03,
       6.67279489e-07, 1.15808568e-03, 1.02106229e-03])}
{'img': array([[[ 0.        , -0.06582766,  0.07058721, ..., -0.90671977,
         -0.90671977, -0.834514  ],
        [ 0.06582766,  0.        ,  0.13609757, ..., -0.87699136,
         -0.87699136, -0.79643378],
        [-0.07058721, -0.13609757,  0.        , ..., -0.93422706,
         -0.93422706, -0.87132502],
        ...,
        [ 0.90671977,  0.87699136,  0.93422706, ...,  0.        ,
          0.        ,  0.14764793],
        [ 0.90671977,  0.87699136,  0.93422706, ...,  0.        ,
          0.        ,  0.14764793],
        [ 0.834514  ,  0.79643378,  0.87132502, ..., -0.14764793,
         -0.14764793,  0.        ]],

       [[ 0.        , -0.03367819, -0.18797425, ...,  0.40196365,
         -0.25804724, -0.29841751],
        [ 0.03367819,  0.        , -0.15478978, ...,  0.43257326,
         -0.22536326, -0.26610457],
        [ 0.18797425,  0.15478978,  0.        , ...,  0.56691791,
         -0.07183928, -0.11368862],
        ...,
        [-0.40196365, -0.43257326, -0.56691791, ...,  0.        ,
         -0.62463247, -0.65689603],
        [ 0.25804724,  0.22536326,  0.07183928, ...,  0.62463247,
          0.        , -0.04202137],
        [ 0.29841751,  0.26610457,  0.11368862, ...,  0.65689603,
          0.04202137,  0.        ]],

       [[ 0.        ,  0.04800313,  0.07365304, ..., -0.99992265,
         -0.99966003, -0.99683073],
        [-0.04800313,  0.        ,  0.02569539, ..., -0.99936696,
         -0.99975921, -0.99950031],
        [-0.07365304, -0.02569539,  0.        , ..., -0.99812284,
         -0.99886526, -0.9999825 ],
        ...,
        [ 0.99992265,  0.99936696,  0.99812284, ...,  0.        ,
          0.01363809,  0.06714768],
        [ 0.99966003,  0.99975921,  0.99886526, ..., -0.01363809,
          0.        ,  0.05353413],
        [ 0.99683073,  0.99950031,  0.9999825 , ..., -0.06714768,
         -0.05353413,  0.        ]],

       ...,

       [[ 0.        ,  0.09299389,  0.37698677, ...,  0.23773697,
          0.54602753,  0.92604078],
        [-0.09299389,  0.        ,  0.2892205 , ...,  0.14637907,
          0.46575418,  0.88692988],
        [-0.37698677, -0.2892205 ,  0.        , ..., -0.14598199,
          0.18991371,  0.71543258],
        ...,
        [-0.23773697, -0.14637907,  0.14598199, ...,  0.        ,
          0.33120444,  0.80976328],
        [-0.54602753, -0.46575418, -0.18991371, ..., -0.33120444,
          0.        ,  0.56972302],
        [-0.92604078, -0.88692988, -0.71543258, ..., -0.80976328,
         -0.56972302,  0.        ]],

       [[ 0.        , -0.61899412, -0.74881456, ..., -0.78742654,
         -0.57378721, -0.        ],
        [ 0.61899412,  0.        , -0.17785903, ..., -0.99999459,
         -0.95760888, -0.61899412],
        [ 0.74881456,  0.17785903,  0.        , ..., -0.98346588,
         -0.99357687, -0.74881456],
        ...,
        [ 0.78742654,  0.99999459,  0.98346588, ...,  0.        ,
         -0.29121851, -0.78742654],
        [ 0.57378721,  0.95760888,  0.99357687, ...,  0.29121851,
          0.        , -0.57378721],
        [ 0.        ,  0.61899412,  0.74881456, ...,  0.78742654,
          0.57378721,  0.        ]],

       [[ 0.        ,  0.08024005,  0.11145188, ..., -0.89395405,
         -0.94195989, -0.97490196],
        [-0.08024005,  0.        ,  0.03135237, ..., -0.85511129,
         -0.91198397, -0.95389424],
        [-0.11145188, -0.03135237,  0.        , ..., -0.83843645,
         -0.89867408, -0.94401511],
        ...,
        [ 0.89395405,  0.85511129,  0.83843645, ...,  0.        ,
          0.12202433,  0.2378856 ],
        [ 0.94195989,  0.91198397,  0.89867408, ..., -0.12202433,
          0.        ,  0.11758651],
        [ 0.97490196,  0.95389424,  0.94401511, ..., -0.2378856 ,
         -0.11758651,  0.        ]]]), 'num': array([8.92727757e-01, 4.50584473e-01, 4.03783822e-06, 1.30354921e-08,
       1.12504653e-03, 1.14559532e-03, 1.11477213e-03, 8.33685162e-04,
       0.00000000e+00, 1.11374469e-03, 1.10064483e-03, 1.17761719e-03,
       7.78363447e-07, 1.15974495e-03, 1.04154471e-03])}
{'img': array([[[ 0.        ,  0.13609757, -0.06215812, ..., -0.87699136,
         -0.79643378, -0.79643378],
        [-0.13609757,  0.        , -0.19741416, ..., -0.93422706,
         -0.87132502, -0.87132502],
        [ 0.06215812,  0.19741416,  0.        , ..., -0.84542818,
         -0.75730511, -0.75730511],
        ...,
        [ 0.87699136,  0.93422706,  0.84542818, ...,  0.        ,
          0.14764793,  0.14764793],
        [ 0.79643378,  0.87132502,  0.75730511, ..., -0.14764793,
          0.        ,  0.        ],
        [ 0.79643378,  0.87132502,  0.75730511, ..., -0.14764793,
          0.        ,  0.        ]],

       [[ 0.        , -0.15478978,  0.31513004, ..., -0.22536326,
         -0.26610457,  0.3720644 ],
        [ 0.15478978,  0.        ,  0.45823492, ..., -0.07183928,
         -0.11368862,  0.51125701],
        [-0.31513004, -0.45823492,  0.        , ..., -0.52090393,
         -0.55631391,  0.06060128],
        ...,
        [ 0.22536326,  0.07183928,  0.52090393, ...,  0.        ,
         -0.04202137,  0.57167671],
        [ 0.26610457,  0.11368862,  0.55631391, ...,  0.04202137,
          0.        ,  0.60564941],
        [-0.3720644 , -0.51125701, -0.06060128, ..., -0.57167671,
         -0.60564941,  0.        ]],

       [[ 0.        ,  0.02569539, -0.13369733, ..., -0.99975921,
         -0.99950031, -0.9974904 ],
        [-0.02569539,  0.        , -0.15911788, ..., -0.99886526,
         -0.9999825 , -0.99898033],
        [ 0.13369733,  0.15911788,  0.        , ..., -0.99371738,
         -0.98630095, -0.97906913],
        ...,
        [ 0.99975921,  0.99886526,  0.99371738, ...,  0.        ,
          0.05353413,  0.09267327],
        [ 0.99950031,  0.9999825 ,  0.98630095, ..., -0.05353413,
          0.        ,  0.03923664],
        [ 0.9974904 ,  0.99898033,  0.97906913, ..., -0.09267327,
         -0.03923664,  0.        ]],

       ...,

       [[ 0.        ,  0.24646665,  0.0613252 , ...,  0.39117441,
          0.70463276,  0.99993577],
        [-0.24646665,  0.        , -0.18656936, ...,  0.15227983,
          0.50800986,  0.96629563],
        [-0.0613252 ,  0.18656936,  0.        , ...,  0.33399956,
          0.65979187,  0.99735869],
        ...,
        [-0.39117441, -0.15227983, -0.33399956, ...,  0.        ,
          0.37091873,  0.91582398],
        [-0.70463276, -0.50800986, -0.65979187, ..., -0.37091873,
          0.        ,  0.70154046],
        [-0.99993577, -0.96629563, -0.99735869, ..., -0.91582398,
         -0.70154046,  0.        ]],

       [[ 0.        , -0.48490213, -0.63840085, ..., -0.76734006,
         -0.56309526, -0.        ],
        [ 0.48490213,  0.        , -0.18509409, ..., -0.98203021,
         -0.89318457, -0.48490213],
        [ 0.63840085,  0.18509409,  0.        , ..., -0.99999317,
         -0.96098607, -0.63840085],
        ...,
        [ 0.76734006,  0.98203021,  0.99999317, ...,  0.        ,
         -0.27304426, -0.76734006],
        [ 0.56309526,  0.89318457,  0.96098607, ...,  0.27304426,
          0.        , -0.56309526],
        [ 0.        ,  0.48490213,  0.63840085, ...,  0.76734006,
          0.56309526,  0.        ]],

       [[ 0.        ,  0.03135237,  0.0171049 , ..., -0.91198397,
         -0.95389424, -0.98034079],
        [-0.03135237,  0.        , -0.01425129, ..., -0.89867408,
         -0.94401511, -0.97367266],
        [-0.0171049 ,  0.01425129,  0.        , ..., -0.90483368,
         -0.94862077, -0.97682237],
        ...,
        [ 0.91198397,  0.89867408,  0.90483368, ...,  0.        ,
          0.11758651,  0.22221593],
        [ 0.95389424,  0.94401511,  0.94862077, ..., -0.11758651,
          0.        ,  0.10602779],
        [ 0.98034079,  0.97367266,  0.97682237, ..., -0.22221593,
         -0.10602779,  0.        ]]]), 'num': array([ 9.07997815e-01,  4.18961755e-01,  4.54917265e-06,  1.33841492e-08,
        1.13465443e-03,  1.15048682e-03,  1.12409951e-03,  7.44512741e-04,
       -2.11098499e-05,  1.14520936e-03,  1.12700211e-03,  1.20783525e-03,
        6.33295497e-07,  1.17622418e-03,  1.07778005e-03])}
{'img': array([[[ 0.        , -0.19741416, -0.19741416, ..., -0.87132502,
         -0.87132502, -0.95119177],
        [ 0.19741416,  0.        ,  0.        , ..., -0.75730511,
         -0.75730511, -0.87155039],
        [ 0.19741416,  0.        ,  0.        , ..., -0.75730511,
         -0.75730511, -0.87155039],
        ...,
        [ 0.87132502,  0.75730511,  0.75730511, ...,  0.        ,
          0.        , -0.19786457],
        [ 0.87132502,  0.75730511,  0.75730511, ...,  0.        ,
          0.        , -0.19786457],
        [ 0.95119177,  0.87155039,  0.87155039, ...,  0.19786457,
          0.19786457,  0.        ]],

       [[ 0.        ,  0.45823492,  0.1734039 , ..., -0.11368862,
          0.51125701,  0.33451102],
        [-0.45823492,  0.        , -0.29716624, ..., -0.55631391,
          0.06060128, -0.13451304],
        [-0.1734039 ,  0.29716624,  0.        , ..., -0.28424595,
          0.35448373,  0.16602903],
        ...,
        [ 0.11368862,  0.55631391,  0.28424595, ...,  0.        ,
          0.60564941,  0.43948143],
        [-0.51125701, -0.06060128, -0.35448373, ..., -0.60564941,
          0.        , -0.19431633],
        [-0.33451102,  0.13451304, -0.16602903, ..., -0.43948143,
          0.19431633,  0.        ]],

       [[ 0.        , -0.15911788, -0.17876841, ..., -0.9999825 ,
         -0.99898033, -0.99831325],
        [ 0.15911788,  0.        , -0.01993615, ..., -0.98630095,
         -0.97906913, -0.97635638],
        [ 0.17876841,  0.01993615,  0.        , ..., -0.98281635,
         -0.97481699, -0.9718528 ],
        ...,
        [ 0.9999825 ,  0.98630095,  0.98281635, ...,  0.        ,
          0.03923664,  0.05215011],
        [ 0.99898033,  0.97906913,  0.97481699, ..., -0.03923664,
          0.        ,  0.0129267 ],
        [ 0.99831325,  0.97635638,  0.9718528 , ..., -0.05215011,
         -0.0129267 ,  0.        ]],

       ...,

       [[ 0.        , -0.18656936, -0.41474902, ...,  0.50800986,
          0.96629563,  0.31161028],
        [ 0.18656936,  0.        , -0.23770062, ...,  0.65979187,
          0.99735869,  0.48341903],
        [ 0.41474902,  0.23770062,  0.        , ...,  0.81950097,
          0.98603793,  0.67764403],
        ...,
        [-0.50800986, -0.65979187, -0.81950097, ...,  0.        ,
          0.70154046, -0.21431015],
        [-0.96629563, -0.99735869, -0.98603793, ..., -0.70154046,
          0.        , -0.83796439],
        [-0.31161028, -0.48341903, -0.67764403, ...,  0.21431015,
          0.83796439,  0.        ]],

       [[ 0.        , -0.20749799, -0.44016662, ..., -0.94397596,
         -0.83648187, -0.37412113],
        [ 0.20749799,  0.        , -0.2442708 , ..., -0.99190803,
         -0.93198399, -0.558408  ],
        [ 0.44016662,  0.2442708 ,  0.        , ..., -0.99287247,
         -0.99229948, -0.74413104],
        ...,
        [ 0.94397596,  0.99190803,  0.99287247, ...,  0.        ,
         -0.24124281, -0.75195899],
        [ 0.83648187,  0.93198399,  0.99229948, ...,  0.24124281,
          0.        , -0.57072008],
        [ 0.37412113,  0.558408  ,  0.74413104, ...,  0.75195899,
          0.57072008,  0.        ]],

       [[ 0.        , -0.01425129,  0.07001863, ..., -0.94401511,
         -0.97367266, -0.99180636],
        [ 0.01425129,  0.        ,  0.08422783, ..., -0.94862077,
         -0.97682237, -0.99352625],
        [-0.07001863, -0.08422783,  0.        , ..., -0.91859889,
         -0.95532215, -0.98042726],
        ...,
        [ 0.94401511,  0.94862077,  0.91859889, ...,  0.        ,
          0.10602779,  0.20660093],
        [ 0.97367266,  0.97682237,  0.95532215, ..., -0.10602779,
          0.        ,  0.10169608],
        [ 0.99180636,  0.99352625,  0.98042726, ..., -0.20660093,
         -0.10169608,  0.        ]]]), 'num': array([ 9.35336041e-01,  3.53743264e-01,  5.53897883e-06,  2.89222461e-09,
        1.15855135e-03,  1.19165282e-03,  1.14751753e-03,  9.78104218e-04,
       -2.75845559e-05,  1.19054943e-03,  1.17565377e-03,  1.25997057e-03,
        5.34973206e-07,  1.22584251e-03,  1.12546504e-03])}
{'img': array([[[ 0.        ,  0.        , -0.05924915, ..., -0.75730511,
         -0.87155039, -0.97234237],
        [ 0.        ,  0.        , -0.05924915, ..., -0.75730511,
         -0.87155039, -0.97234237],
        [ 0.05924915,  0.05924915,  0.        , ..., -0.71728138,
         -0.84096906, -0.95679595],
        ...,
        [ 0.75730511,  0.75730511,  0.71728138, ...,  0.        ,
         -0.19786457, -0.45812285],
        [ 0.87155039,  0.87155039,  0.84096906, ...,  0.19786457,
          0.        , -0.27318585],
        [ 0.97234237,  0.97234237,  0.95679595, ...,  0.45812285,
          0.27318585,  0.        ]],

       [[ 0.        , -0.29716624, -0.04692951, ...,  0.06060128,
         -0.13451304,  0.18945748],
        [ 0.29716624,  0.        ,  0.25202932, ...,  0.35448373,
          0.16602903,  0.47268313],
        [ 0.04692951, -0.25202932,  0.        , ...,  0.10737777,
         -0.08786182,  0.23532831],
        ...,
        [-0.06060128, -0.35448373, -0.10737777, ...,  0.        ,
         -0.19431633,  0.12960555],
        [ 0.13451304, -0.16602903,  0.08786182, ...,  0.19431633,
          0.        ,  0.31981252],
        [-0.18945748, -0.47268313, -0.23532831, ..., -0.12960555,
         -0.31981252,  0.        ]],

       [[ 0.        , -0.01993615, -0.07676041, ..., -0.97906913,
         -0.97635638, -0.99033799],
        [ 0.01993615,  0.        , -0.05686783, ..., -0.97481699,
         -0.9718528 , -0.98737652],
        [ 0.07676041,  0.05686783,  0.        , ..., -0.96055757,
         -0.95688263, -0.97677133],
        ...,
        [ 0.97906913,  0.97481699,  0.96055757, ...,  0.        ,
          0.0129267 , -0.06578935],
        [ 0.97635638,  0.9718528 ,  0.95688263, ..., -0.0129267 ,
          0.        , -0.07868255],
        [ 0.99033799,  0.98737652,  0.97677133, ...,  0.06578935,
          0.07868255,  0.        ]],

       ...,

       [[ 0.        , -0.23770062, -0.14033927, ...,  0.99735869,
          0.48341903,  0.14223512],
        [ 0.23770062,  0.        ,  0.09903128, ...,  0.98603793,
          0.67764403,  0.37344234],
        [ 0.14033927, -0.09903128,  0.        , ...,  0.99768166,
          0.60148633,  0.27973991],
        ...,
        [-0.99735869, -0.98603793, -0.99768166, ...,  0.        ,
         -0.83796439, -0.97688738],
        [-0.48341903, -0.67764403, -0.60148633, ...,  0.83796439,
          0.        , -0.35399299],
        [-0.14223512, -0.37344234, -0.27973991, ...,  0.97688738,
          0.35399299,  0.        ]],

       [[ 0.        , -0.24143526, -0.42248849, ..., -0.95106909,
         -0.76738932, -0.553135  ],
        [ 0.24143526,  0.        , -0.19116072, ..., -0.9975318 ,
         -0.89949139, -0.73790926],
        [ 0.42248849,  0.19116072,  0.        , ..., -0.99255864,
         -0.96642912, -0.85331565],
        ...,
        [ 0.95106909,  0.9975318 ,  0.99255864, ...,  0.        ,
         -0.37270119, -0.62142099],
        [ 0.76738932,  0.89949139,  0.96642912, ...,  0.37270119,
          0.        , -0.28464573],
        [ 0.553135  ,  0.73790926,  0.85331565, ...,  0.62142099,
          0.28464573,  0.        ]],

       [[ 0.        ,  0.08422783,  0.19163418, ..., -0.97682237,
         -0.99352625, -0.99174949],
        [-0.08422783,  0.        ,  0.10828642, ..., -0.95532215,
         -0.98042726, -0.97742807],
        [-0.19163418, -0.10828642,  0.        , ..., -0.91769876,
         -0.95334248, -0.94880303],
        ...,
        [ 0.97682237,  0.95532215,  0.91769876, ...,  0.        ,
          0.10169608,  0.08706559],
        [ 0.99352625,  0.98042726,  0.95334248, ..., -0.10169608,
          0.        , -0.0146957 ],
        [ 0.99174949,  0.97742807,  0.94880303, ..., -0.08706559,
          0.0146957 ,  0.        ]]]), 'num': array([ 8.94606112e-01,  4.46843925e-01,  4.26440177e-06, -1.28805277e-08,
        1.10832224e-03,  1.12943314e-03,  1.10304452e-03,  4.23178543e-04,
        0.00000000e+00,  1.13259978e-03,  1.12204433e-03,  1.20305741e-03,
        6.25508144e-07,  1.16749409e-03,  1.07659457e-03])}
{'img': array([[[ 0.00000000e+00, -5.92491455e-02,  7.85353452e-01, ...,
         -8.71550390e-01, -9.72342370e-01, -9.72342370e-01],
        [ 5.92491455e-02,  0.00000000e+00,  8.20651807e-01, ...,
         -8.40969065e-01, -9.56795948e-01, -9.56795948e-01],
        [-7.85353452e-01, -8.20651807e-01,  0.00000000e+00, ...,
         -9.24594659e-01, -7.85353452e-01, -7.85353452e-01],
        ...,
        [ 8.71550390e-01,  8.40969065e-01,  9.24594659e-01, ...,
          0.00000000e+00, -2.73185855e-01, -2.73185855e-01],
        [ 9.72342370e-01,  9.56795948e-01,  7.85353452e-01, ...,
          2.73185855e-01,  0.00000000e+00,  0.00000000e+00],
        [ 9.72342370e-01,  9.56795948e-01,  7.85353452e-01, ...,
          2.73185855e-01,  0.00000000e+00,  0.00000000e+00]],

       [[ 0.00000000e+00,  2.46296119e-01,  7.01978170e-01, ...,
          1.61915783e-01,  4.64159459e-01, -7.74367576e-01],
        [-2.46296119e-01,  0.00000000e+00,  5.04941752e-01, ...,
         -8.61182322e-02,  2.31703658e-01, -9.06353316e-01],
        [-7.01978170e-01, -5.04941752e-01,  0.00000000e+00, ...,
         -5.77399102e-01, -2.91204674e-01, -9.95670262e-01],
        ...,
        [-1.61915783e-01,  8.61182322e-02,  5.77399102e-01, ...,
          0.00000000e+00,  3.14617508e-01, -8.66599417e-01],
        [-4.64159459e-01, -2.31703658e-01,  2.91204674e-01, ...,
         -3.14617508e-01,  0.00000000e+00, -9.79587767e-01],
        [ 7.74367576e-01,  9.06353316e-01,  9.95670262e-01, ...,
          8.66599417e-01,  9.79587767e-01,  0.00000000e+00]],

       [[ 0.00000000e+00, -5.68678296e-02,  8.33044544e-02, ...,
         -9.71852799e-01, -9.87376522e-01, -9.97047677e-01],
        [ 5.68678296e-02,  0.00000000e+00,  1.39839809e-01, ...,
         -9.56882635e-01, -9.76771332e-01, -9.91067577e-01],
        [-8.33044544e-02, -1.39839809e-01,  0.00000000e+00, ...,
         -9.88100384e-01, -9.97139191e-01, -9.99978611e-01],
        ...,
        [ 9.71852799e-01,  9.56882635e-01,  9.88100384e-01, ...,
          0.00000000e+00, -7.86825493e-02, -1.60269706e-01],
        [ 9.87376522e-01,  9.76771332e-01,  9.97139191e-01, ...,
          7.86825493e-02,  0.00000000e+00, -8.21073852e-02],
        [ 9.97047677e-01,  9.91067577e-01,  9.99978611e-01, ...,
          1.60269706e-01,  8.21073852e-02,  0.00000000e+00]],

       ...,

       [[ 0.00000000e+00,  9.90312786e-02,  4.82128017e-01, ...,
          6.77644028e-01,  3.73442338e-01,  6.58839746e-01],
        [-9.90312786e-02,  0.00000000e+00,  3.92996650e-01, ...,
          6.01486327e-01,  2.79739914e-01,  5.81101522e-01],
        [-4.82128017e-01, -3.92996650e-01,  0.00000000e+00, ...,
          2.39132299e-01, -1.20074568e-01,  2.14513151e-01],
        ...,
        [-6.77644028e-01, -6.01486327e-01, -2.39132299e-01, ...,
          0.00000000e+00, -3.53992991e-01, -2.52760832e-02],
        [-3.73442338e-01, -2.79739914e-01,  1.20074568e-01, ...,
          3.53992991e-01,  0.00000000e+00,  3.30240485e-01],
        [-6.58839746e-01, -5.81101522e-01, -2.14513151e-01, ...,
          2.52760832e-02, -3.30240485e-01,  0.00000000e+00]],

       [[ 0.00000000e+00, -1.87713848e-01, -2.49023487e-01, ...,
         -9.53435033e-01, -9.16825415e-01, -7.29136505e-01],
        [ 1.87713848e-01,  0.00000000e+00, -6.27964035e-02, ...,
         -9.93100751e-01, -9.75479651e-01, -8.44640604e-01],
        [ 2.49023487e-01,  6.27964035e-02,  0.00000000e+00, ...,
         -9.98504497e-01, -9.87375241e-01, -8.76590621e-01],
        ...,
        [ 9.53435033e-01,  9.93100751e-01,  9.98504497e-01, ...,
          0.00000000e+00, -1.04182325e-01, -4.32594249e-01],
        [ 9.16825415e-01,  9.75479651e-01,  9.87375241e-01, ...,
          1.04182325e-01,  0.00000000e+00, -3.36310555e-01],
        [ 7.29136505e-01,  8.44640604e-01,  8.76590621e-01, ...,
          4.32594249e-01,  3.36310555e-01,  0.00000000e+00]],

       [[ 0.00000000e+00,  1.08286419e-01,  2.15509923e-01, ...,
         -9.80427259e-01, -9.77428071e-01, -9.77224063e-01],
        [-1.08286419e-01,  0.00000000e+00,  1.08500801e-01, ...,
         -9.53342478e-01, -9.48803031e-01, -9.48498256e-01],
        [-2.15509923e-01, -1.08500801e-01,  0.00000000e+00, ...,
         -9.14958883e-01, -9.08929673e-01, -9.08527526e-01],
        ...,
        [ 9.80427259e-01,  9.53342478e-01,  9.14958883e-01, ...,
          0.00000000e+00, -1.46956987e-02, -1.56590741e-02],
        [ 9.77428071e-01,  9.48803031e-01,  9.08929673e-01, ...,
          1.46956987e-02,  0.00000000e+00, -9.63486342e-04],
        [ 9.77224063e-01,  9.48498256e-01,  9.08527526e-01, ...,
