state_0,state_1,state_2,state_3,state_4,state_5,state_6,state_7,state_8,state_9,state_10,state_11,state_12,state_13,state_14,state_15,state_16,state_17,state_18,state_19,state_20,state_21,state_22,state_23,state_24,state_25,state_26,state_27,state_28,state_29,state_30,state_31,state_32,state_33,state_34,state_35,state_36,state_37,state_38,state_39,state_40,state_41,state_42,state_43,state_44,state_45,state_46,state_47,state_48,state_49,state_50,state_51,state_52,state_53,state_54,state_55,state_56,state_57,state_58,state_59,state_60,state_61,state_62,state_63,state_64,state_65,state_66,state_67,state_68,state_69,state_70,state_71,state_72,state_73,state_74,state_75,state_76,state_77,state_78,state_79,state_80,state_81,state_82,state_83,state_84,state_85,state_86,state_87,state_88,state_89,state_90,state_91,state_92,state_93,state_94,state_95,state_96,state_97,state_98,state_99,state_100,state_101,state_102,state_103,state_104,state_105,state_106,state_107,state_108,state_109,state_110,state_111,state_112,state_113,state_114,state_115,state_116,state_117,state_118,state_119,state_120,state_121,state_122,state_123,state_124,state_125,state_126,state_127,state_128,state_129,state_130,state_131,state_132,state_133,state_134,state_135,state_136,state_137,state_138,state_139,state_140,state_141,state_142,state_143,state_144,state_145,state_146,state_147,state_148,state_149,state_150,state_151,state_152,state_153,state_154,state_155,state_156,state_157,state_158,state_159,state_160,state_161,state_162,state_163,state_164,state_165,state_166,state_167,state_168,state_169,state_170,state_171,state_172,state_173,state_174,state_175,state_176,state_177,state_178,state_179,state_180,state_181,state_182,state_183,state_184,state_185,state_186,state_187,state_188,state_189,state_190,state_191,state_192,state_193,state_194,state_195,state_196,state_197,state_198,state_199,state_200,state_201,state_202,state_203,state_204,state_205,state_206,state_207,state_208,state_209,state_210,state_211,state_212,state_213,state_214,state_215,state_216,state_217,state_218,state_219,state_220,state_221,state_222,state_223,state_224,state_225,state_226,state_227,state_228,state_229,state_230,state_231,state_232,state_233,state_234,state_235,state_236,state_237,state_238,state_239,state_240,state_241,state_242,state_243,state_244,state_245,state_246,state_247,state_248,state_249,state_250,state_251,state_252,state_253,state_254,state_255,state_256,state_257,state_258,state_259,state_260,state_261,state_262,state_263,state_264,state_265,state_266,state_267,state_268,state_269,state_270,state_271,state_272,state_273,state_274,state_275,state_276,state_277,state_278,state_279,state_280,state_281,state_282,state_283,state_284,state_285,state_286,state_287
{'img': array([[[ 0.        ,  0.18570212,  0.63999594, ..., -0.90782241,
         -0.90782241, -0.98419155],
        [-0.18570212,  0.        ,  0.48617443, ..., -0.81415674,
         -0.81415674, -0.93418342],
        [-0.63999594, -0.48617443,  0.        , ..., -0.42916564,
         -0.42916564, -0.64288349],
        ...,
        [ 0.90782241,  0.81415674,  0.42916564, ...,  0.        ,
          0.        ,  0.25194354],
        [ 0.90782241,  0.81415674,  0.42916564, ...,  0.        ,
          0.        ,  0.25194354],
        [ 0.98419155,  0.93418342,  0.64288349, ..., -0.25194354,
         -0.25194354,  0.        ]],

       [[ 0.        ,  0.19438994,  0.82871123, ...,  0.64847877,
         -0.54233273, -0.78472125],
        [-0.19438994,  0.        ,  0.70410755, ...,  0.48813262,
         -0.69530677, -0.89024455],
        [-0.82871123, -0.70410755,  0.        , ..., -0.26790385,
         -0.99978402, -0.95286566],
        ...,
        [-0.64847877, -0.48813262,  0.26790385, ...,  0.        ,
         -0.95766982, -0.99931431],
        [ 0.54233273,  0.69530677,  0.99978402, ...,  0.95766982,
          0.        , -0.32313008],
        [ 0.78472125,  0.89024455,  0.95286566, ...,  0.99931431,
          0.32313008,  0.        ]],

       [[ 0.        , -0.60837358, -0.69166109, ..., -0.66591038,
         -0.50163502, -0.        ],
        [ 0.60837358,  0.        , -0.10955645, ..., -0.98236631,
         -0.92441446, -0.60837358],
        [ 0.69166109,  0.10955645,  0.        , ..., -0.9969364 ,
         -0.96063369, -0.69166109],
        ...,
        [ 0.66591038,  0.98236631,  0.9969364 , ...,  0.        ,
         -0.20182968, -0.66591038],
        [ 0.50163502,  0.92441446,  0.96063369, ...,  0.20182968,
          0.        , -0.50163502],
        [ 0.        ,  0.60837358,  0.69166109, ...,  0.66591038,
          0.50163502,  0.        ]],

       ...,

       [[ 0.        , -0.34376092, -0.08682334, ..., -0.99704374,
         -0.91462909, -0.86948128],
        [ 0.34376092,  0.        ,  0.2609307 , ..., -0.96269435,
         -0.71990856, -0.64668649],
        [ 0.08682334, -0.2609307 ,  0.        , ..., -0.99994979,
         -0.87607304, -0.82331011],
        ...,
        [ 0.99704374,  0.96269435,  0.99994979, ...,  0.        ,
          0.47337531,  0.55931314],
        [ 0.91462909,  0.71990856,  0.87607304, ..., -0.47337531,
          0.        ,  0.10026952],
        [ 0.86948128,  0.64668649,  0.82331011, ..., -0.55931314,
         -0.10026952,  0.        ]],

       [[ 0.        ,  0.02739921,  0.02859383, ..., -0.92718137,
         -0.93045204, -0.91492408],
        [-0.02739921,  0.        ,  0.00119509, ..., -0.91656919,
         -0.92006327, -0.90352156],
        [-0.02859383, -0.00119509,  0.        , ..., -0.91609065,
         -0.91959442, -0.90300877],
        ...,
        [ 0.92718137,  0.91656919,  0.91609065, ...,  0.        ,
          0.00882722, -0.03149227],
        [ 0.93045204,  0.92006327,  0.91959442, ..., -0.00882722,
          0.        , -0.04031389],
        [ 0.91492408,  0.90352156,  0.90300877, ...,  0.03149227,
          0.04031389,  0.        ]],

       [[ 0.        , -0.29257476, -0.28004852, ..., -0.72445835,
         -0.50740449, -0.        ],
        [ 0.29257476,  0.        ,  0.01307329, ..., -0.89443519,
         -0.73731583, -0.29257476],
        [ 0.28004852, -0.01307329,  0.        , ..., -0.88851241,
         -0.72842118, -0.28004852],
        ...,
        [ 0.72445835,  0.89443519,  0.88851241, ...,  0.        ,
         -0.27450822, -0.72445835],
        [ 0.50740449,  0.73731583,  0.72842118, ...,  0.27450822,
          0.        , -0.50740449],
        [ 0.        ,  0.29257476,  0.28004852, ...,  0.72445835,
          0.50740449,  0.        ]]]), 'num': array([ 7.07076290e-01,  7.07076290e-01,  0.00000000e+00,  0.00000000e+00,
        1.81634276e-04,  1.83951040e-04,  1.80707571e-04,  9.27104902e-03,
       -2.78011648e-06,  1.84507063e-04,  1.93727783e-04,  2.00948363e-04,
        2.22409318e-07,  2.07309315e-04,  1.80146251e-04])}
{'img': array([[[ 0.        ,  0.4669635 ,  0.35123708, ..., -0.99448011,
         -0.99871541, -0.79090396],
        [-0.4669635 ,  0.        , -0.12662092, ..., -0.8303992 ,
         -0.8594792 , -0.41362407],
        [-0.35123708,  0.12662092,  0.        , ..., -0.8942647 ,
         -0.91728632, -0.52557662],
        ...,
        [ 0.99448011,  0.8303992 ,  0.8942647 , ...,  0.        ,
          0.05439932, -0.52557662],
        [ 0.99871541,  0.8594792 ,  0.91728632, ..., -0.05439932,
          0.        , -0.5710784 ],
        [ 0.79090396,  0.41362407,  0.52557662, ...,  0.52557662,
          0.5710784 ,  0.        ]],

       [[ 0.        ,  0.70410755,  0.30525095, ..., -0.69530677,
         -0.89024455, -0.65124669],
        [-0.70410755,  0.        , -0.4537452 , ..., -0.99978402,
         -0.95286566, -0.99676929],
        [-0.30525095,  0.4537452 ,  0.        , ..., -0.88150898,
         -0.98679148, -0.85180855],
        ...,
        [ 0.69530677,  0.99978402,  0.88150898, ...,  0.        ,
         -0.32313008,  0.05958521],
        [ 0.89024455,  0.95286566,  0.98679148, ...,  0.32313008,
          0.        ,  0.37894469],
        [ 0.65124669,  0.99676929,  0.85180855, ..., -0.05958521,
         -0.37894469,  0.        ]],

       [[ 0.        , -0.12346613, -0.12346613, ..., -0.97310708,
         -0.91307858, -0.48579266],
        [ 0.12346613,  0.        ,  0.        , ..., -0.99410245,
         -0.95643989, -0.5899943 ],
        [ 0.12346613,  0.        ,  0.        , ..., -0.99410245,
         -0.95643989, -0.5899943 ],
        ...,
        [ 0.97310708,  0.99410245,  0.99410245, ...,  0.        ,
         -0.18648656, -0.73866375],
        [ 0.91307858,  0.95643989,  0.95643989, ...,  0.18648656,
          0.        , -0.6       ],
        [ 0.48579266,  0.5899943 ,  0.5899943 , ...,  0.73866375,
          0.6       ,  0.        ]],

       ...,

       [[ 0.        ,  0.2609307 ,  0.09738776, ..., -0.71990856,
         -0.64668649, -0.71585941],
        [-0.2609307 ,  0.        , -0.16567637, ..., -0.87607304,
         -0.82331011, -0.87325369],
        [-0.09738776,  0.16567637,  0.        , ..., -0.7840803 ,
         -0.71789557, -0.78045705],
        ...,
        [ 0.71990856,  0.87607304,  0.7840803 , ...,  0.        ,
          0.10026952,  0.00581639],
        [ 0.64668649,  0.82331011,  0.71789557, ..., -0.10026952,
          0.        , -0.09448075],
        [ 0.71585941,  0.87325369,  0.78045705, ..., -0.00581639,
          0.09448075,  0.        ]],

       [[ 0.        ,  0.00119509, -0.00296723, ..., -0.92006327,
         -0.90352156, -0.85194457],
        [-0.00119509,  0.        , -0.00416232, ..., -0.91959442,
         -0.90300877, -0.85131818],
        [ 0.00296723,  0.00416232,  0.        , ..., -0.9212217 ,
         -0.90478917, -0.85349456],
        ...,
        [ 0.92006327,  0.91959442,  0.9212217 , ...,  0.        ,
         -0.04031389, -0.1480084 ],
        [ 0.90352156,  0.90300877,  0.90478917, ...,  0.04031389,
          0.        , -0.1080182 ],
        [ 0.85194457,  0.85131818,  0.85349456, ...,  0.1480084 ,
          0.1080182 ,  0.        ]],

       [[ 0.        ,  0.01985061,  0.18653305, ..., -0.81454143,
         -0.67397016, -0.18653305],
        [-0.01985061,  0.        ,  0.16699409, ..., -0.80286548,
         -0.65917255, -0.16699409],
        [-0.18653305, -0.16699409,  0.        , ..., -0.69203633,
         -0.5243382 , -0.        ],
        ...,
        [ 0.81454143,  0.80286548,  0.69203633, ...,  0.        ,
         -0.21077574, -0.69203633],
        [ 0.67397016,  0.65917255,  0.5243382 , ...,  0.21077574,
          0.        , -0.5243382 ],
        [ 0.18653305,  0.16699409,  0.        , ...,  0.69203633,
          0.5243382 ,  0.        ]]]), 'num': array([ 7.62524408e-01,  6.46900194e-01,  5.88418389e-06, -2.14597846e-11,
        1.96305965e-04,  1.97804484e-04,  1.95306953e-04,  8.73700408e-03,
        4.99506273e-07,  1.97504780e-04,  2.07819585e-04,  2.16186315e-04,
        2.53083178e-07,  2.22952152e-04,  1.92687018e-04])}
{'img': array([[[ 0.        , -0.12662092, -0.77570372, ..., -0.8594792 ,
         -0.41362407, -0.62206851],
        [ 0.12662092,  0.        , -0.68955011, ..., -0.91728632,
         -0.52557662, -0.71620106],
        [ 0.77570372,  0.68955011,  0.        , ..., -0.93893199,
         -0.96727473, -0.99993289],
        ...,
        [ 0.8594792 ,  0.91728632,  0.93893199, ...,  0.        ,
         -0.5710784 , -0.35495705],
        [ 0.41362407,  0.52557662,  0.96727473, ...,  0.5710784 ,
          0.        ,  0.24250861],
        [ 0.62206851,  0.71620106,  0.99993289, ...,  0.35495705,
         -0.24250861,  0.        ]],

       [[ 0.        , -0.4537452 , -0.33507442, ..., -0.95286566,
         -0.99676929, -0.99824354],
        [ 0.4537452 ,  0.        ,  0.12891959, ..., -0.98679148,
         -0.85180855, -0.91644784],
        [ 0.33507442, -0.12891959,  0.        , ..., -0.99944116,
         -0.91223519, -0.96038784],
        ...,
        [ 0.95286566,  0.98679148,  0.99944116, ...,  0.        ,
          0.37894469,  0.24640822],
        [ 0.99676929,  0.85180855,  0.91223519, ..., -0.37894469,
          0.        , -0.13922942],
        [ 0.99824354,  0.91644784,  0.96038784, ..., -0.24640822,
          0.13922942,  0.        ]],

       [[ 0.        ,  0.        , -0.04725631, ..., -0.98446045,
         -0.87360556, -0.57677733],
        [ 0.        ,  0.        , -0.04725631, ..., -0.98446045,
         -0.87360556, -0.57677733],
        [ 0.04725631,  0.04725631,  0.        , ..., -0.99165912,
         -0.89562612, -0.6147367 ],
        ...,
        [ 0.98446045,  0.98446045,  0.99165912, ...,  0.        ,
         -0.32566187, -0.70292133],
        [ 0.87360556,  0.87360556,  0.89562612, ...,  0.32566187,
          0.        , -0.43296975],
        [ 0.57677733,  0.57677733,  0.6147367 , ...,  0.70292133,
          0.43296975,  0.        ]],

       ...,

       [[ 0.        , -0.16567637, -0.49702194, ..., -0.82331011,
         -0.87325369, -0.80669634],
        [ 0.16567637,  0.        , -0.34638951, ..., -0.71789557,
         -0.78045705, -0.69763881],
        [ 0.49702194,  0.34638951,  0.        , ..., -0.43231187,
         -0.51557357, -0.40627789],
        ...,
        [ 0.82331011,  0.71789557,  0.43231187, ...,  0.        ,
         -0.09448075,  0.0286742 ],
        [ 0.87325369,  0.78045705,  0.51557357, ...,  0.09448075,
          0.        ,  0.12298783],
        [ 0.80669634,  0.69763881,  0.40627789, ..., -0.0286742 ,
         -0.12298783,  0.        ]],

       [[ 0.        , -0.00416232,  0.16017266, ..., -0.90300877,
         -0.85131818, -0.74669701],
        [ 0.00416232,  0.        ,  0.16427986, ..., -0.90478917,
         -0.85349456, -0.74945917],
        [-0.16017266, -0.16427986,  0.        , ..., -0.82253631,
         -0.75629227, -0.63051527],
        ...,
        [ 0.90300877,  0.90478917,  0.82253631, ...,  0.        ,
         -0.1080182 , -0.27985165],
        [ 0.85131818,  0.85349456,  0.75629227, ...,  0.1080182 ,
          0.        , -0.17451207],
        [ 0.74669701,  0.74945917,  0.63051527, ...,  0.27985165,
          0.17451207,  0.        ]],

       [[ 0.        ,  0.16212198, -0.33257535, ..., -0.77964459,
         -0.6042263 , -0.16212198],
        [-0.16212198,  0.        , -0.48106908, ..., -0.66780606,
         -0.46705196, -0.        ],
        [ 0.33257535,  0.48106908,  0.        , ..., -0.94353072,
         -0.83483202, -0.48106908],
        ...,
        [ 0.77964459,  0.66780606,  0.94353072, ...,  0.        ,
         -0.2428508 , -0.66780606],
        [ 0.6042263 ,  0.46705196,  0.83483202, ...,  0.2428508 ,
          0.        , -0.46705196],
        [ 0.16212198,  0.        ,  0.48106908, ...,  0.66780606,
          0.46705196,  0.        ]]]), 'num': array([8.52098933e-01, 5.23275131e-01, 1.64823961e-05, 3.68195655e-10,
       2.21430170e-04, 2.23095058e-04, 2.20320244e-04, 1.04944359e-02,
       3.32977699e-06, 2.19654289e-04, 2.29865605e-04, 2.39660699e-04,
       3.60365475e-07, 2.46353139e-04, 2.13378071e-04])}
{'img': array([[[ 0.        , -0.68955011, -0.64314451, ..., -0.52557662,
         -0.71620106, -0.93620569],
        [ 0.68955011,  0.        ,  0.06222975, ..., -0.96727473,
         -0.99993289, -0.92037987],
        [ 0.64314451, -0.06222975,  0.        , ..., -0.94961037,
         -0.99727395, -0.94292945],
        ...,
        [ 0.52557662,  0.96727473,  0.94961037, ...,  0.        ,
          0.24250861,  0.61175825],
        [ 0.71620106,  0.99993289,  0.99727395, ..., -0.24250861,
          0.        ,  0.40166165],
        [ 0.93620569,  0.92037987,  0.94292945, ..., -0.61175825,
         -0.40166165,  0.        ]],

       [[ 0.        ,  0.12891959, -0.82747447, ..., -0.85180855,
         -0.91644784, -0.88101018],
        [-0.12891959,  0.        , -0.89295802, ..., -0.91223519,
         -0.96038784, -0.93464971],
        [ 0.82747447,  0.89295802,  0.        , ..., -0.04481817,
         -0.18347117, -0.10321422],
        ...,
        [ 0.85180855,  0.91223519,  0.04481817, ...,  0.        ,
         -0.13922942, -0.0585317 ],
        [ 0.91644784,  0.96038784,  0.18347117, ...,  0.13922942,
          0.        ,  0.08102911],
        [ 0.88101018,  0.93464971,  0.10321422, ...,  0.0585317 ,
         -0.08102911,  0.        ]],

       [[ 0.        , -0.04725631, -0.10243644, ..., -0.87360556,
         -0.57677733, -0.70527577],
        [ 0.04725631,  0.        , -0.05531427, ..., -0.89562612,
         -0.6147367 , -0.7379894 ],
        [ 0.10243644,  0.05531427,  0.        , ..., -0.91885913,
         -0.65742369, -0.77418628],
        ...,
        [ 0.87360556,  0.89562612,  0.91885913, ...,  0.        ,
         -0.43296975, -0.2761162 ],
        [ 0.57677733,  0.6147367 ,  0.65742369, ...,  0.43296975,
          0.        ,  0.16724425],
        [ 0.70527577,  0.7379894 ,  0.77418628, ...,  0.2761162 ,
         -0.16724425,  0.        ]],

       ...,

       [[ 0.        , -0.34638951, -0.12359056, ..., -0.78045705,
         -0.69763881, -0.29916637],
        [ 0.34638951,  0.        ,  0.22779469, ..., -0.51557357,
         -0.40627789,  0.04988   ],
        [ 0.12359056, -0.22779469,  0.        , ..., -0.69720354,
         -0.60374381, -0.17894252],
        ...,
        [ 0.78045705,  0.51557357,  0.69720354, ...,  0.        ,
          0.12298783,  0.55767124],
        [ 0.69763881,  0.40627789,  0.60374381, ..., -0.12298783,
          0.        ,  0.45134999],
        [ 0.29916637, -0.04988   ,  0.17894252, ..., -0.55767124,
         -0.45134999,  0.        ]],

       [[ 0.        ,  0.16011973,  0.2933238 , ..., -0.93058478,
         -0.88893053, -0.56578213],
        [-0.16011973,  0.        ,  0.13646265, ..., -0.85996194,
         -0.80411963, -0.4264547 ],
        [-0.2933238 , -0.13646265,  0.        , ..., -0.78227235,
         -0.71547465, -0.29903362],
        ...,
        [ 0.93058478,  0.85996194,  0.78227235, ...,  0.        ,
         -0.10083041, -0.56019861],
        [ 0.88893053,  0.80411963,  0.71547465, ...,  0.10083041,
          0.        , -0.47381992],
        [ 0.56578213,  0.4264547 ,  0.29903362, ...,  0.56019861,
          0.47381992,  0.        ]],

       [[ 0.        , -0.47573741, -0.6368678 , ..., -0.54282176,
         -0.30331246, -0.        ],
        [ 0.47573741,  0.        , -0.19340016, ..., -0.87700623,
         -0.72011577, -0.47573741],
        [ 0.6368678 ,  0.19340016,  0.        , ..., -0.95337304,
         -0.84071142, -0.6368678 ],
        ...,
        [ 0.54282176,  0.87700623,  0.95337304, ...,  0.        ,
         -0.26251371, -0.54282176],
        [ 0.30331246,  0.72011577,  0.84071142, ...,  0.26251371,
          0.        , -0.30331246],
        [ 0.        ,  0.47573741,  0.6368678 , ...,  0.54282176,
          0.30331246,  0.        ]]]), 'num': array([ 9.33524289e-01,  3.58332274e-01,  2.95728542e-05,  7.58070087e-09,
        2.40264000e-04,  2.42734581e-04,  2.39646354e-04,  1.13966912e-02,
       -6.17645243e-06,  2.43475755e-04,  2.54191900e-04,  2.66060983e-04,
        3.90914711e-07,  2.71953792e-04,  2.36430008e-04])}
{'img': array([[[ 0.        ,  0.06016865,  0.02994797, ..., -0.98143051,
         -0.88446895, -0.95831485],
        [-0.06016865,  0.        , -0.03024795, ..., -0.99119381,
         -0.91094113, -0.93938756],
        [-0.02994797,  0.03024795,  0.        , ..., -0.98673486,
         -0.89804592, -0.94932844],
        ...,
        [ 0.98143051,  0.99119381,  0.98673486, ...,  0.        ,
          0.28827747, -0.46423077],
        [ 0.88446895,  0.91094113,  0.89804592, ..., -0.28827747,
          0.        , -0.69985421],
        [ 0.95831485,  0.93938756,  0.94932844, ...,  0.46423077,
          0.69985421,  0.        ]],

       [[ 0.        , -0.89295802, -0.85119579, ..., -0.96038784,
         -0.93464971, -0.94339486],
        [ 0.89295802,  0.        ,  0.08551025, ..., -0.18347117,
         -0.10321422, -0.12849079],
        [ 0.85119579, -0.08551025,  0.        , ..., -0.26685789,
         -0.18788973, -0.2128216 ],
        ...,
        [ 0.96038784,  0.18347117,  0.26685789, ...,  0.        ,
          0.08102911,  0.05564065],
        [ 0.93464971,  0.10321422,  0.18788973, ..., -0.08102911,
          0.        , -0.02544589],
        [ 0.94339486,  0.12849079,  0.2128216 , ..., -0.05564065,
          0.02544589,  0.        ]],

       [[ 0.        , -0.05466674, -0.16361691, ..., -0.80966916,
         -0.83527751, -0.60908696],
        [ 0.05466674,  0.        , -0.1094422 , ..., -0.8405416 ,
         -0.86408582, -0.65153254],
        [ 0.16361691,  0.1094422 ,  0.        , ..., -0.89478259,
         -0.91398253, -0.73064401],
        ...,
        [ 0.80966916,  0.8405416 ,  0.89478259, ...,  0.        ,
          0.04503391, -0.28468645],
        [ 0.83527751,  0.86408582,  0.91398253, ..., -0.04503391,
          0.        , -0.32756806],
        [ 0.60908696,  0.65153254,  0.73064401, ...,  0.28468645,
          0.32756806,  0.        ]],

       ...,

       [[ 0.        ,  0.22779469,  0.17990963, ..., -0.40627789,
          0.04988   ,  0.00379028],
        [-0.22779469,  0.        , -0.04889813, ..., -0.60374381,
         -0.17894252, -0.22410242],
        [-0.17990963,  0.04889813,  0.        , ..., -0.56404106,
         -0.13061957, -0.17617991],
        ...,
        [ 0.40627789,  0.60374381,  0.56404106, ...,  0.        ,
          0.45134999,  0.40973834],
        [-0.04988   ,  0.17894252,  0.13061957, ..., -0.45134999,
          0.        , -0.04609408],
        [-0.00379028,  0.22410242,  0.17617991, ..., -0.40973834,
          0.04609408,  0.        ]],

       [[ 0.        ,  0.13065611,  0.34690504, ..., -0.92357452,
         -0.8412627 , -0.40962576],
        [-0.13065611,  0.        ,  0.22138888, ..., -0.86556137,
         -0.76341502, -0.28692283],
        [-0.34690504, -0.22138888,  0.        , ..., -0.7332108 ,
         -0.60147442, -0.06772271],
        ...,
        [ 0.92357452,  0.86556137,  0.7332108 , ...,  0.        ,
         -0.17675283, -0.68547595],
        [ 0.8412627 ,  0.76341502,  0.60147442, ...,  0.17675283,
          0.        , -0.54599041],
        [ 0.40962576,  0.28692283,  0.06772271, ...,  0.68547595,
          0.54599041,  0.        ]],

       [[ 0.        , -0.45947305, -0.62396656, ..., -0.46298707,
         -0.35501875, -0.        ],
        [ 0.45947305,  0.        , -0.19514623, ..., -0.81848212,
         -0.74486731, -0.45947305],
        [ 0.62396656,  0.19514623,  0.        , ..., -0.91486387,
         -0.86075064, -0.62396656],
        ...,
        [ 0.46298707,  0.81848212,  0.91486387, ...,  0.        ,
         -0.1181515 , -0.46298707],
        [ 0.35501875,  0.74486731,  0.86075064, ...,  0.1181515 ,
          0.        , -0.35501875],
        [ 0.        ,  0.45947305,  0.62396656, ...,  0.46298707,
          0.35501875,  0.        ]]]), 'num': array([ 9.71143660e-01,  2.38212546e-01,  3.78775769e-05, -1.23475022e-08,
        2.49635938e-04,  2.52216154e-04,  2.49635938e-04,  1.15859716e-02,
       -1.29010821e-06,  2.52861209e-04,  2.63956139e-04,  2.77362514e-04,
        4.60752931e-07,  2.82479865e-04,  2.45432413e-04])}
{'img': array([[[ 0.        , -0.02961789, -0.25526146, ..., -0.89083819,
         -0.99940276, -0.9325228 ],
        [ 0.02961789,  0.        , -0.22651277, ..., -0.87699136,
         -0.99998779, -0.94280904],
        [ 0.25526146,  0.22651277,  0.        , ..., -0.74535599,
         -0.97511545, -0.99380799],
        ...,
        [ 0.89083819,  0.87699136,  0.74535599, ...,  0.        ,
         -0.48483326, -0.74535599],
        [ 0.99940276,  0.99998779,  0.97511545, ...,  0.48483326,
          0.        , -0.3286711 ],
        [ 0.9325228 ,  0.94280904,  0.99380799, ...,  0.74535599,
          0.3286711 ,  0.        ]],

       [[ 0.        ,  0.08551025,  0.61707489, ..., -0.10321422,
         -0.12849079, -0.15621255],
        [-0.08551025,  0.        ,  0.54752633, ..., -0.18788973,
         -0.2128216 , -0.24010087],
        [-0.61707489, -0.54752633,  0.        , ..., -0.69499891,
         -0.71306975, -0.7324237 ],
        ...,
        [ 0.10321422,  0.18788973,  0.69499891, ...,  0.        ,
         -0.02544589, -0.05343114],
        [ 0.12849079,  0.2128216 ,  0.71306975, ...,  0.02544589,
          0.        , -0.02800429],
        [ 0.15621255,  0.24010087,  0.7324237 , ...,  0.05343114,
          0.02800429,  0.        ]],

       [[ 0.        , -0.10711627, -0.34226224, ..., -0.93343904,
         -0.88226723, -0.64111855],
        [ 0.10711627,  0.        , -0.23964611, ..., -0.96649496,
         -0.92761598, -0.71963538],
        [ 0.34226224,  0.23964611,  0.        , ..., -0.9998453 ,
         -0.99010181, -0.86506422],
        ...,
        [ 0.93343904,  0.96649496,  0.9998453 , ...,  0.        ,
         -0.12291432, -0.48636784],
        [ 0.88226723,  0.92761598,  0.99010181, ...,  0.12291432,
          0.        , -0.37528296],
        [ 0.64111855,  0.71963538,  0.86506422, ...,  0.48636784,
          0.37528296,  0.        ]],

       ...,

       [[ 0.        , -0.04889813, -0.04889813, ..., -0.17894252,
         -0.22410242, -0.00693997],
        [ 0.04889813,  0.        ,  0.        , ..., -0.13061957,
         -0.17617991,  0.04196528],
        [ 0.04889813,  0.        ,  0.        , ..., -0.13061957,
         -0.17617991,  0.04196528],
        ...,
        [ 0.17894252,  0.13061957,  0.13061957, ...,  0.        ,
         -0.04609408,  0.17211025],
        [ 0.22410242,  0.17617991,  0.17617991, ...,  0.04609408,
          0.        ,  0.21733356],
        [ 0.00693997, -0.04196528, -0.04196528, ..., -0.17211025,
         -0.21733356,  0.        ]],

       [[ 0.        ,  0.21570191,  0.27965107, ..., -0.84965586,
         -0.67385788, -0.27965107],
        [-0.21570191,  0.        ,  0.06597211, ..., -0.71590661,
         -0.49862105, -0.06597211],
        [-0.27965107, -0.06597211,  0.        , ..., -0.66828552,
         -0.44034884, -0.        ],
        ...,
        [ 0.84965586,  0.71590661,  0.66828552, ...,  0.        ,
         -0.27242698, -0.66828552],
        [ 0.67385788,  0.49862105,  0.44034884, ...,  0.27242698,
          0.        , -0.44034884],
        [ 0.27965107,  0.06597211,  0.        , ...,  0.66828552,
          0.44034884,  0.        ]],

       [[ 0.        , -0.45202585, -0.69069847, ..., -0.53559229,
         -0.41376636, -0.        ],
        [ 0.45202585,  0.        , -0.28922711, ..., -0.85947621,
         -0.78059829, -0.45202585],
        [ 0.69069847,  0.28922711,  0.        , ..., -0.97058852,
         -0.92801242, -0.69069847],
        ...,
        [ 0.53559229,  0.85947621,  0.97058852, ...,  0.        ,
         -0.13817812, -0.53559229],
        [ 0.41376636,  0.78059829,  0.92801242, ...,  0.13817812,
          0.        , -0.41376636],
        [ 0.        ,  0.45202585,  0.69069847, ...,  0.53559229,
          0.41376636,  0.        ]]]), 'num': array([ 9.54124936e-01,  2.98619857e-01,  3.46828084e-05, -1.74193141e-08,
        2.43501144e-04,  2.49942973e-04,  2.43501144e-04,  2.17085006e-02,
       -5.79764629e-06,  2.50715993e-04,  2.61795939e-04,  2.76365209e-04,
        2.94483621e-07,  2.80741489e-04,  2.42850389e-04])}
{'img': array([[[ 0.        , -0.20666456,  0.45423126, ..., -0.94434245,
         -0.96637444, -0.91324652],
        [ 0.20666456,  0.        ,  0.62853936, ..., -0.85597063,
         -0.8923707 , -0.97772789],
        [-0.45423126, -0.62853936,  0.        , ..., -0.99072515,
         -0.97772789, -0.62853936],
        ...,
        [ 0.94434245,  0.85597063,  0.99072515, ...,  0.        ,
         -0.07507522, -0.68515738],
        [ 0.96637444,  0.8923707 ,  0.97772789, ...,  0.07507522,
          0.        , -0.62853936],
        [ 0.91324652,  0.97772789,  0.62853936, ...,  0.68515738,
          0.62853936,  0.        ]],

       [[ 0.        ,  0.54752633,  0.94928565, ..., -0.2128216 ,
         -0.24010087,  0.44780023],
        [-0.54752633,  0.        ,  0.62220081, ..., -0.71306975,
         -0.7324237 , -0.11484764],
        [-0.94928565, -0.62220081,  0.        , ..., -0.99445283,
         -0.99700839, -0.70799314],
        ...,
        [ 0.2128216 ,  0.71306975,  0.99445283, ...,  0.        ,
         -0.02800429,  0.62783256],
        [ 0.24010087,  0.7324237 ,  0.99700839, ...,  0.02800429,
          0.        ,  0.64938342],
        [-0.44780023,  0.11484764,  0.70799314, ..., -0.62783256,
         -0.64938342,  0.        ]],

       [[ 0.        , -0.23309126, -0.26172144, ..., -0.97689017,
         -0.93527968, -0.70627608],
        [ 0.23309126,  0.        , -0.02954578, ..., -0.99980296,
         -0.99201048, -0.85183542],
        [ 0.26172144,  0.02954578,  0.        , ..., -0.99877999,
         -0.99530476, -0.8669399 ],
        ...,
        [ 0.97689017,  0.99980296,  0.99877999, ...,  0.        ,
         -0.14582227, -0.54061544],
        [ 0.93527968,  0.99201048,  0.99530476, ...,  0.14582227,
          0.        , -0.41216082],
        [ 0.70627608,  0.85183542,  0.8669399 , ...,  0.54061544,
          0.41216082,  0.        ]],

       ...,

       [[ 0.        ,  0.        ,  0.47391427, ..., -0.17617991,
          0.04196528, -0.75578715],
        [ 0.        ,  0.        ,  0.47391427, ..., -0.17617991,
          0.04196528, -0.75578715],
        [-0.47391427, -0.47391427,  0.        , ..., -0.62164021,
         -0.43654338, -0.97585153],
        ...,
        [ 0.17617991,  0.17617991,  0.62164021, ...,  0.        ,
          0.21733356, -0.62859945],
        [-0.04196528, -0.04196528,  0.43654338, ..., -0.21733356,
          0.        , -0.78260094],
        [ 0.75578715,  0.75578715,  0.97585153, ...,  0.62859945,
          0.78260094,  0.        ]],

       [[ 0.        ,  0.06453734, -0.3465218 , ..., -0.62938758,
         -0.46415377, -0.06453734],
        [-0.06453734,  0.        , -0.40633813, ..., -0.57792407,
         -0.40602191, -0.        ],
        [ 0.3465218 ,  0.40633813,  0.        , ..., -0.85967109,
         -0.74232899, -0.40633813],
        ...,
        [ 0.62938758,  0.57792407,  0.85967109, ...,  0.        ,
         -0.19679299, -0.57792407],
        [ 0.46415377,  0.40602191,  0.74232899, ...,  0.19679299,
          0.        , -0.40602191],
        [ 0.06453734,  0.        ,  0.40633813, ...,  0.57792407,
          0.40602191,  0.        ]],

       [[ 0.        , -0.33428104, -0.33936885, ..., -0.84038646,
         -0.74723036, -0.32207895],
        [ 0.33428104,  0.        , -0.00540354, ..., -0.97321811,
         -0.92639628, -0.620019  ],
        [ 0.33936885,  0.00540354,  0.        , ..., -0.97444609,
         -0.92841746, -0.62424949],
        ...,
        [ 0.84038646,  0.97321811,  0.97444609, ...,  0.        ,
         -0.15350192, -0.62104182],
        [ 0.74723036,  0.92639628,  0.92841746, ...,  0.15350192,
          0.        , -0.49337011],
        [ 0.32207895,  0.620019  ,  0.62424949, ...,  0.62104182,
          0.49337011,  0.        ]]]), 'num': array([ 9.68789768e-01,  2.47458985e-01,  3.69913222e-05, -3.75848929e-08,
        2.49250443e-04,  2.49889547e-04,  2.42859406e-04,  1.44884042e-02,
        7.66924441e-06,  2.48355698e-04,  2.58421582e-04,  2.73706812e-04,
        4.26069134e-07,  2.76281186e-04,  2.40561978e-04])}
{'img': array([[[ 0.        ,  0.62853936,  0.86430659, ..., -0.8923707 ,
         -0.97772789, -0.83714667],
        [-0.62853936,  0.        ,  0.35610495, ..., -0.97772789,
         -0.62853936, -0.99491158],
        [-0.86430659, -0.35610495,  0.        , ..., -0.83889581,
         -0.31036556, -0.89381285],
        ...,
        [ 0.8923707 ,  0.97772789,  0.83889581, ...,  0.        ,
         -0.62853936,  0.11030063],
        [ 0.97772789,  0.62853936,  0.31036556, ...,  0.62853936,
          0.        ,  0.71049356],
        [ 0.83714667,  0.99491158,  0.89381285, ..., -0.11030063,
         -0.71049356,  0.        ]],

       [[ 0.        ,  0.62220081,  0.99995253, ..., -0.7324237 ,
         -0.11484764, -0.54704061],
        [-0.62220081,  0.        ,  0.78888314, ..., -0.99700839,
         -0.70799314, -0.94910302],
        [-0.99995253, -0.78888314,  0.        , ..., -0.67368019,
         -0.9922169 , -0.83173606],
        ...,
        [ 0.7324237 ,  0.99700839,  0.67368019, ...,  0.        ,
          0.64938342,  0.24066421],
        [ 0.11484764,  0.70799314,  0.9922169 , ..., -0.64938342,
          0.        , -0.44728125],
        [ 0.54704061,  0.94910302,  0.83173606, ..., -0.24066421,
          0.44728125,  0.        ]],

       [[ 0.        , -0.02936137,  0.14755134, ..., -0.99595703,
         -0.93517786, -0.8490566 ],
        [ 0.02936137,  0.        ,  0.17652771, ..., -0.99816519,
         -0.94517384, -0.86420221],
        [-0.14755134, -0.17652771,  0.        , ..., -0.971801  ,
         -0.87268228, -0.76181152],
        ...,
        [ 0.99595703,  0.99816519,  0.971801  , ...,  0.        ,
         -0.26873856, -0.4498944 ],
        [ 0.93517786,  0.94517384,  0.87268228, ...,  0.26873856,
          0.        , -0.19333869],
        [ 0.8490566 ,  0.86420221,  0.76181152, ...,  0.4498944 ,
          0.19333869,  0.        ]],

       ...,

       [[ 0.        ,  0.47391427,  0.6584019 , ...,  0.04196528,
         -0.75578715, -0.08349483],
        [-0.47391427,  0.        ,  0.22307019, ..., -0.43654338,
         -0.97585153, -0.54578259],
        [-0.6584019 , -0.22307019,  0.        , ..., -0.62623603,
         -0.99998871, -0.71894667],
        ...,
        [-0.04196528,  0.43654338,  0.62623603, ...,  0.        ,
         -0.78260094, -0.12524003],
        [ 0.75578715,  0.97585153,  0.99998871, ...,  0.78260094,
          0.        ,  0.69847423],
        [ 0.08349483,  0.54578259,  0.71894667, ...,  0.12524003,
         -0.69847423,  0.        ]],

       [[ 0.        , -0.39307009, -0.58009737, ..., -0.61883603,
         -0.50025082, -0.        ],
        [ 0.39307009,  0.        , -0.21323034, ..., -0.87778949,
         -0.80033663, -0.39307009],
        [ 0.58009737,  0.21323034,  0.        , ..., -0.95974931,
         -0.9097729 , -0.58009737],
        ...,
        [ 0.61883603,  0.87778949,  0.95974931, ...,  0.        ,
         -0.14288096, -0.61883603],
        [ 0.50025082,  0.80033663,  0.9097729 , ...,  0.14288096,
          0.        , -0.50025082],
        [ 0.        ,  0.39307009,  0.58009737, ...,  0.61883603,
          0.50025082,  0.        ]],

       [[ 0.        , -0.00537083,  0.04685551, ..., -0.93925159,
         -0.7662485 , -0.61707086],
        [ 0.00537083,  0.        ,  0.05221977, ..., -0.94108147,
         -0.76968844, -0.62128831],
        [-0.04685551, -0.05221977,  0.        , ..., -0.92213779,
         -0.73530017, -0.57952216],
        ...,
        [ 0.93925159,  0.94108147,  0.92213779, ...,  0.        ,
         -0.34051174, -0.5273073 ],
        [ 0.7662485 ,  0.76968844,  0.73530017, ...,  0.34051174,
          0.        , -0.20647136],
        [ 0.61707086,  0.62128831,  0.57952216, ...,  0.5273073 ,
          0.20647136,  0.        ]]]), 'num': array([ 9.28215185e-01,  3.71943063e-01,  2.83812307e-05, -8.40937922e-09,
        2.39359777e-04,  2.40581001e-04,  2.35696107e-04,  8.62849254e-03,
        1.22122335e-06,  2.36428841e-04,  2.45740669e-04,  2.61148437e-04,
        4.54044580e-07,  2.61491492e-04,  2.29989847e-04])}
{'img': array([[[ 0.        ,  0.35610495, -0.3254641 , ..., -0.62853936,
         -0.99491158, -0.99943522],
        [-0.35610495,  0.        , -0.64084522, ..., -0.31036556,
         -0.89381285, -0.92195158],
        [ 0.3254641 ,  0.64084522,  0.        , ..., -0.8474569 ,
         -0.97353415, -0.95595733],
        ...,
        [ 0.62853936,  0.31036556,  0.8474569 , ...,  0.        ,
          0.71049356,  0.75621693],
        [ 0.99491158,  0.89381285,  0.97353415, ..., -0.71049356,
          0.        ,  0.06726181],
        [ 0.99943522,  0.92195158,  0.95595733, ..., -0.75621693,
         -0.06726181,  0.        ]],

       [[ 0.        ,  0.78888314,  0.72381408, ..., -0.70799314,
         -0.94910302, -0.98288969],
        [-0.78888314,  0.        , -0.09951041, ..., -0.9922169 ,
         -0.83173606, -0.45871976],
        [-0.72381408,  0.09951041,  0.        , ..., -0.99968325,
         -0.88285307, -0.54486597],
        ...,
        [ 0.70799314,  0.9922169 ,  0.99968325, ...,  0.        ,
         -0.44728125, -0.82454459],
        [ 0.94910302,  0.83173606,  0.88285307, ...,  0.44728125,
          0.        , -0.48439682],
        [ 0.98288969,  0.45871976,  0.54486597, ...,  0.82454459,
          0.48439682,  0.        ]],

       [[ 0.        ,  0.17413731,  0.20660178, ..., -0.98256371,
         -0.97011832, -0.85788235],
        [-0.17413731,  0.        ,  0.03306487, ..., -0.9351748 ,
         -0.91304491, -0.75529531],
        [-0.20660178, -0.03306487,  0.        , ..., -0.92295232,
         -0.89905985, -0.73321211],
        ...,
        [ 0.98256371,  0.9351748 ,  0.92295232, ...,  0.        ,
         -0.0580313 , -0.34538376],
        [ 0.97011832,  0.91304491,  0.89905985, ...,  0.0580313 ,
          0.        , -0.29034157],
        [ 0.85788235,  0.75529531,  0.73321211, ...,  0.34538376,
          0.29034157,  0.        ]],

       ...,

       [[ 0.        ,  0.22307019, -0.33524319, ..., -0.97585153,
         -0.54578259, -0.36816621],
        [-0.22307019,  0.        , -0.53695735, ..., -0.99998871,
         -0.71894667, -0.56629104],
        [ 0.33524319,  0.53695735,  0.        , ..., -0.84615179,
         -0.23328978, -0.03516532],
        ...,
        [ 0.97585153,  0.99998871,  0.84615179, ...,  0.        ,
          0.69847423,  0.82688737],
        [ 0.54578259,  0.71894667,  0.23328978, ..., -0.69847423,
          0.        ,  0.19895047],
        [ 0.36816621,  0.56629104,  0.03516532, ..., -0.82688737,
         -0.19895047,  0.        ]],

       [[ 0.        , -0.43839172, -0.63739992, ..., -0.69222653,
         -0.52514317, -0.        ],
        [ 0.43839172,  0.        , -0.23508951, ..., -0.9385408 ,
         -0.84506773, -0.43839172],
        [ 0.63739992,  0.23508951,  0.        , ..., -0.99338245,
         -0.94707641, -0.63739992],
        ...,
        [ 0.69222653,  0.9385408 ,  0.99338245, ...,  0.        ,
         -0.21010893, -0.69222653],
        [ 0.52514317,  0.84506773,  0.94707641, ...,  0.21010893,
          0.        , -0.52514317],
        [ 0.        ,  0.43839172,  0.63739992, ...,  0.69222653,
          0.52514317,  0.        ]],

       [[ 0.        ,  0.05221977,  0.04501418, ..., -0.76968844,
         -0.62128831, -0.72162225],
        [-0.05221977,  0.        , -0.00721407, ..., -0.73530017,
         -0.57952216, -0.68448662],
        [-0.04501418,  0.00721407,  0.        , ..., -0.74017031,
         -0.58538623, -0.68972805],
        ...,
        [ 0.76968844,  0.73530017,  0.74017031, ...,  0.        ,
         -0.20647136, -0.07214747],
        [ 0.62128831,  0.57952216,  0.58538623, ...,  0.20647136,
          0.        ,  0.13534041],
        [ 0.72162225,  0.68448662,  0.68972805, ...,  0.07214747,
         -0.13534041,  0.        ]]]), 'num': array([ 9.57302330e-01,  2.88736324e-01,  3.38514433e-05, -4.82833454e-09,
        2.47433755e-04,  2.51192242e-04,  2.43675267e-04,  1.42505807e-02,
        1.87924371e-06,  2.43299419e-04,  2.51129601e-04,  2.67332858e-04,
        4.65795449e-07,  2.65899707e-04,  2.36359494e-04])}
{'img': array([[[ 0.        , -0.64084522, -0.45700206, ..., -0.89381285,
         -0.92195158, -0.95430998],
        [ 0.64084522,  0.        ,  0.21918297, ..., -0.97353415,
         -0.95595733, -0.92409162],
        [ 0.45700206, -0.21918297,  0.        , ..., -0.9999539 ,
         -0.9970435 , -0.98538657],
        ...,
        [ 0.89381285,  0.97353415,  0.9999539 , ...,  0.        ,
          0.06726181,  0.16086318],
        [ 0.92195158,  0.95595733,  0.9970435 , ..., -0.06726181,
          0.        ,  0.09411305],
