state_0,state_1,state_2,state_3,state_4,state_5,state_6,state_7,state_8,state_9,state_10,state_11,state_12,state_13,state_14,state_15,state_16,state_17,state_18,state_19,state_20,state_21,state_22,state_23,state_24,state_25,state_26,state_27,state_28,state_29,state_30,state_31,state_32,state_33,state_34,state_35,state_36,state_37,state_38,state_39,state_40,state_41,state_42,state_43,state_44,state_45,state_46,state_47,state_48,state_49,state_50,state_51,state_52,state_53,state_54,state_55,state_56,state_57,state_58,state_59,state_60,state_61,state_62,state_63,state_64,state_65,state_66,state_67,state_68,state_69,state_70,state_71,state_72,state_73,state_74,state_75,state_76,state_77,state_78,state_79,state_80,state_81,state_82,state_83,state_84,state_85,state_86,state_87,state_88,state_89,state_90,state_91,state_92,state_93,state_94,state_95,state_96,state_97,state_98,state_99,state_100,state_101,state_102,state_103,state_104,state_105,state_106,state_107,state_108,state_109,state_110,state_111,state_112,state_113,state_114,state_115,state_116,state_117,state_118,state_119,state_120,state_121,state_122,state_123,state_124,state_125,state_126,state_127,state_128,state_129,state_130,state_131,state_132,state_133,state_134,state_135,state_136,state_137,state_138,state_139,state_140,state_141,state_142,state_143,state_144,state_145,state_146,state_147,state_148,state_149,state_150,state_151,state_152,state_153,state_154,state_155,state_156,state_157,state_158,state_159,state_160,state_161,state_162,state_163,state_164,state_165,state_166,state_167,state_168,state_169,state_170,state_171,state_172,state_173,state_174,state_175,state_176,state_177,state_178,state_179,state_180,state_181,state_182,state_183,state_184,state_185,state_186,state_187,state_188,state_189,state_190,state_191,state_192,state_193,state_194,state_195,state_196,state_197,state_198,state_199,state_200,state_201,state_202,state_203,state_204,state_205,state_206,state_207,state_208,state_209,state_210,state_211,state_212,state_213,state_214,state_215,state_216,state_217,state_218,state_219,state_220,state_221,state_222,state_223,state_224,state_225,state_226,state_227,state_228,state_229,state_230,state_231,state_232,state_233,state_234,state_235,state_236,state_237,state_238,state_239,state_240,state_241,state_242,state_243,state_244,state_245,state_246,state_247,state_248,state_249,state_250,state_251,state_252,state_253,state_254,state_255,state_256,state_257,state_258,state_259,state_260,state_261,state_262,state_263,state_264,state_265,state_266,state_267,state_268,state_269,state_270,state_271,state_272,state_273,state_274,state_275,state_276,state_277,state_278,state_279,state_280,state_281,state_282,state_283,state_284,state_285,state_286,state_287
{'img': array([[[ 0.        ,  0.27480896,  0.27480896, ...,  0.52688341,
          0.45776033,  0.31741417],
        [-0.27480896,  0.        ,  0.        , ...,  0.27302734,
          0.19581009,  0.04459559],
        [-0.27480896,  0.        ,  0.        , ...,  0.27302734,
          0.19581009,  0.04459559],
        ...,
        [-0.52688341, -0.27302734, -0.27302734, ...,  0.        ,
         -0.0793715 , -0.22985447],
        [-0.45776033, -0.19581009, -0.19581009, ...,  0.0793715 ,
          0.        , -0.15188297],
        [-0.31741417, -0.04459559, -0.04459559, ...,  0.22985447,
          0.15188297,  0.        ]],

       [[ 0.        , -0.04069578, -0.08698633, ..., -0.50353715,
          0.051322  , -0.22998271],
        [ 0.04069578,  0.        , -0.04637274, ..., -0.46795993,
          0.09192164, -0.19018727],
        [ 0.08698633,  0.04637274,  0.        , ..., -0.4264746 ,
          0.13799916, -0.14445633],
        ...,
        [ 0.50353715,  0.46795993,  0.4264746 , ...,  0.        ,
          0.54721442,  0.2913407 ],
        [-0.051322  , -0.09192164, -0.13799916, ..., -0.54721442,
          0.        , -0.27962593],
        [ 0.22998271,  0.19018727,  0.14445633, ..., -0.2913407 ,
          0.27962593,  0.        ]],

       [[ 0.        , -0.09711774, -0.14146031, ...,  0.5106464 ,
          0.33674176,  0.27216475],
        [ 0.09711774,  0.        , -0.04465049, ...,  0.59173347,
          0.42659573,  0.36432982],
        [ 0.14146031,  0.04465049,  0.        , ...,  0.62713758,
          0.46655406,  0.40554812],
        ...,
        [-0.5106464 , -0.59173347, -0.62713758, ...,  0.        ,
         -0.19129567, -0.25736508],
        [-0.33674176, -0.42659573, -0.46655406, ...,  0.19129567,
          0.        , -0.06776046],
        [-0.27216475, -0.36432982, -0.40554812, ...,  0.25736508,
          0.06776046,  0.        ]],

       ...,

       [[ 0.        ,  0.17283451,  0.10620161, ...,  0.62437384,
          0.3863005 ,  0.18782556],
        [-0.17283451,  0.        , -0.0672537 , ...,  0.47997209,
          0.22106913,  0.01524047],
        [-0.10620161,  0.0672537 ,  0.        , ...,  0.53788596,
          0.28615833,  0.08245185],
        ...,
        [-0.62437384, -0.47997209, -0.53788596, ...,  0.        ,
         -0.27415633, -0.46654612],
        [-0.3863005 , -0.22106913, -0.28615833, ...,  0.27415633,
          0.        , -0.20618006],
        [-0.18782556, -0.01524047, -0.08245185, ...,  0.46654612,
          0.20618006,  0.        ]],

       [[ 0.        , -0.05391394, -0.12243758, ..., -0.01357021,
         -0.12102009, -0.18273805],
        [ 0.05391394,  0.        , -0.06875121, ...,  0.0403585 ,
         -0.0673264 , -0.12946616],
        [ 0.12243758,  0.06875121,  0.        , ...,  0.1089582 ,
          0.00142812, -0.06098724],
        ...,
        [ 0.01357021, -0.0403585 , -0.1089582 , ...,  0.        ,
         -0.10753847, -0.16937951],
        [ 0.12102009,  0.0673264 , -0.00142812, ...,  0.10753847,
          0.        , -0.06241263],
        [ 0.18273805,  0.12946616,  0.06098724, ...,  0.16937951,
          0.06241263,  0.        ]],

       [[ 0.        , -0.3385136 , -0.45162033, ..., -0.8497532 ,
         -0.70549839, -0.58188561],
        [ 0.3385136 ,  0.        , -0.12293206, ..., -0.62112721,
         -0.42393833, -0.27222878],
        [ 0.45162033,  0.12293206,  0.        , ..., -0.52007297,
         -0.30938433, -0.15187473],
        ...,
        [ 0.8497532 ,  0.62112721,  0.52007297, ...,  0.        ,
          0.23030475,  0.38432047],
        [ 0.70549839,  0.42393833,  0.30938433, ..., -0.23030475,
          0.        ,  0.16137209],
        [ 0.58188561,  0.27222878,  0.15187473, ..., -0.38432047,
         -0.16137209,  0.        ]]]), 'num': array([ 7.07100940e-01,  7.07100940e-01,  0.00000000e+00,  0.00000000e+00,
        9.19231223e-04,  9.43979756e-04,  9.15695718e-04,  3.05350935e-03,
       -2.47485329e-05,  9.54232719e-04,  9.72352181e-04,  9.28747623e-04,
        1.30590714e-06,  1.04734719e-03,  8.97357175e-04])}
{'img': array([[[ 0.        ,  0.        , -0.24649356, ...,  0.19581009,
          0.04459559, -0.16068307],
        [ 0.        ,  0.        , -0.24649356, ...,  0.19581009,
          0.04459559, -0.16068307],
        [ 0.24649356,  0.24649356,  0.        , ...,  0.43149015,
          0.2894679 ,  0.08756554],
        ...,
        [-0.19581009, -0.19581009, -0.43149015, ...,  0.        ,
         -0.15188297, -0.35083828],
        [-0.04459559, -0.04459559, -0.2894679 , ...,  0.15188297,
          0.        , -0.20453933],
        [ 0.16068307,  0.16068307, -0.08756554, ...,  0.35083828,
          0.20453933,  0.        ]],

       [[ 0.        , -0.04637274,  0.07401171, ...,  0.09192164,
         -0.19018727,  0.0547088 ],
        [ 0.04637274,  0.        ,  0.12017765, ...,  0.13799916,
         -0.14445633,  0.10095324],
        [-0.07401171, -0.12017765,  0.        , ...,  0.01797116,
         -0.2623265 , -0.01934212],
        ...,
        [-0.09192164, -0.13799916, -0.01797116, ...,  0.        ,
         -0.27962593, -0.0373068 ],
        [ 0.19018727,  0.14445633,  0.2623265 , ...,  0.27962593,
          0.        ,  0.24361268],
        [-0.0547088 , -0.10095324,  0.01934212, ...,  0.0373068 ,
         -0.24361268,  0.        ]],

       [[ 0.        , -0.04465049, -0.10262908, ...,  0.42659573,
          0.36432982,  0.24894972],
        [ 0.04465049,  0.        , -0.05811201, ...,  0.46655406,
          0.40554812,  0.29194616],
        [ 0.10262908,  0.05811201,  0.        , ...,  0.51716527,
          0.45798143,  0.34703314],
        ...,
        [-0.42659573, -0.46655406, -0.51716527, ...,  0.        ,
         -0.06776046, -0.18800428],
        [-0.36432982, -0.40554812, -0.45798143, ...,  0.06776046,
          0.        , -0.12102001],
        [-0.24894972, -0.29194616, -0.34703314, ...,  0.18800428,
          0.12102001,  0.        ]],

       ...,

       [[ 0.        , -0.0672537 , -0.11438206, ...,  0.22106913,
          0.01524047, -0.04252411],
        [ 0.0672537 ,  0.        , -0.04731078, ...,  0.28615833,
          0.08245185,  0.02476503],
        [ 0.11438206,  0.04731078,  0.        , ...,  0.33117025,
          0.12950922,  0.07203357],
        ...,
        [-0.22106913, -0.28615833, -0.33117025, ...,  0.        ,
         -0.20618006, -0.26234115],
        [-0.01524047, -0.08245185, -0.12950922, ...,  0.20618006,
          0.        , -0.05774586],
        [ 0.04252411, -0.02476503, -0.07203357, ...,  0.26234115,
          0.05774586,  0.        ]],

       [[ 0.        , -0.06875121, -0.11956994, ..., -0.0673264 ,
         -0.12946616, -0.1724441 ],
        [ 0.06875121,  0.        , -0.05102904, ...,  0.00142812,
         -0.06098724, -0.1043148 ],
        [ 0.11956994,  0.05102904,  0.        , ...,  0.05245524,
         -0.00997373, -0.05342825],
        ...,
        [ 0.0673264 , -0.00142812, -0.05245524, ...,  0.        ,
         -0.06241263, -0.10573502],
        [ 0.12946616,  0.06098724,  0.00997373, ...,  0.06241263,
          0.        , -0.04346611],
        [ 0.1724441 ,  0.1043148 ,  0.05342825, ...,  0.10573502,
          0.04346611,  0.        ]],

       [[ 0.        , -0.31296141, -0.53055948, ..., -0.64912044,
         -0.49582029, -0.36577131],
        [ 0.31296141,  0.        , -0.23862626, ..., -0.37844718,
         -0.19912962, -0.05612242],
        [ 0.53055948,  0.23862626,  0.        , ..., -0.14663647,
          0.04047027,  0.18374903],
        ...,
        [ 0.64912044,  0.37844718,  0.14663647, ...,  0.        ,
          0.18654915,  0.32590251],
        [ 0.49582029,  0.19912962, -0.04047027, ..., -0.18654915,
          0.        ,  0.1438173 ],
        [ 0.36577131,  0.05612242, -0.18374903, ..., -0.32590251,
         -0.1438173 ,  0.        ]]]), 'num': array([ 9.03815073e-01,  4.27887281e-01,  1.85909294e-05, -3.43112005e-10,
        1.16648969e-03,  1.19610759e-03,  1.16193309e-03,  4.36071209e-03,
       -1.82264013e-05,  1.21160003e-03,  1.25329292e-03,  1.19625948e-03,
        1.35466497e-06,  1.34953216e-03,  1.15705368e-03])}
{'img': array([[[ 0.        , -0.24649356, -0.02954311, ...,  0.04459559,
         -0.16068307, -0.27480896],
        [ 0.24649356,  0.        ,  0.21775443, ...,  0.2894679 ,
          0.08756554, -0.0293263 ],
        [ 0.02954311, -0.21775443,  0.        , ...,  0.07408985,
         -0.1314537 , -0.24628334],
        ...,
        [-0.04459559, -0.2894679 , -0.07408985, ...,  0.        ,
         -0.20453933, -0.31741417],
        [ 0.16068307, -0.08756554,  0.1314537 , ...,  0.20453933,
          0.        , -0.11674152],
        [ 0.27480896,  0.0293263 ,  0.24628334, ...,  0.31741417,
          0.11674152,  0.        ]],

       [[ 0.        ,  0.12017765, -0.05660492, ..., -0.14445633,
          0.10095324,  0.16083754],
        [-0.12017765,  0.        , -0.17617963, ..., -0.2623265 ,
         -0.01934212,  0.04105881],
        [ 0.05660492,  0.17617963,  0.        , ..., -0.08821352,
          0.1571071 ,  0.21644763],
        ...,
        [ 0.14445633,  0.2623265 ,  0.08821352, ...,  0.        ,
          0.24361268,  0.30172618],
        [-0.10095324,  0.01934212, -0.1571071 , ..., -0.24361268,
          0.        ,  0.06037694],
        [-0.16083754, -0.04105881, -0.21644763, ..., -0.30172618,
         -0.06037694,  0.        ]],

       [[ 0.        , -0.05811201,  0.00685728, ...,  0.40554812,
          0.29194616,  0.15188603],
        [ 0.05811201,  0.        ,  0.06495634, ...,  0.45798143,
          0.34703314,  0.20906715],
        [-0.00685728, -0.06495634,  0.        , ...,  0.39927052,
          0.28538075,  0.14510474],
        ...,
        [-0.40554812, -0.45798143, -0.39927052, ...,  0.        ,
         -0.12102001, -0.26200793],
        [-0.29194616, -0.34703314, -0.28538075, ...,  0.12102001,
          0.        , -0.14328993],
        [-0.15188603, -0.20906715, -0.14510474, ...,  0.26200793,
          0.14328993,  0.        ]],

       ...,

       [[ 0.        , -0.04731078,  0.1961071 , ...,  0.08245185,
          0.02476503, -0.14824408],
        [ 0.04731078,  0.        ,  0.24227963, ...,  0.12950922,
          0.07203357, -0.10129004],
        [-0.1961071 , -0.24227963,  0.        , ..., -0.11458852,
         -0.1717628 , -0.33930582],
        ...,
        [-0.08245185, -0.12950922,  0.11458852, ...,  0.        ,
         -0.05774586, -0.22928014],
        [-0.02476503, -0.07203357,  0.1717628 , ...,  0.05774586,
          0.        , -0.17269   ],
        [ 0.14824408,  0.10129004,  0.33930582, ...,  0.22928014,
          0.17269   ,  0.        ]],

       [[ 0.        , -0.05102904, -0.1815246 , ..., -0.06098724,
         -0.1043148 , -0.10801173],
        [ 0.05102904,  0.        , -0.13110684, ..., -0.00997373,
         -0.05342825, -0.05714051],
        [ 0.1815246 ,  0.13110684,  0.        , ...,  0.12121268,
          0.07795251,  0.07424535],
        ...,
        [ 0.06098724,  0.00997373, -0.12121268, ...,  0.        ,
         -0.04346611, -0.04718023],
        [ 0.1043148 ,  0.05342825, -0.07795251, ...,  0.04346611,
          0.        , -0.00371793],
        [ 0.10801173,  0.05714051, -0.07424535, ...,  0.04718023,
          0.00371793,  0.        ]],

       [[ 0.        , -0.44556243, -0.47552461, ..., -0.39988887,
         -0.19677923, -0.16840002],
        [ 0.44556243,  0.        , -0.03375147, ...,  0.05038546,
          0.26068394,  0.28843898],
        [ 0.47552461,  0.03375147,  0.        , ...,  0.08406535,
          0.2931199 ,  0.32059162],
        ...,
        [ 0.39988887, -0.05038546, -0.08406535, ...,  0.        ,
          0.21170949,  0.23982863],
        [ 0.19677923, -0.26068394, -0.2931199 , ..., -0.21170949,
          0.        ,  0.02886155],
        [ 0.16840002, -0.28843898, -0.32059162, ..., -0.23982863,
         -0.02886155,  0.        ]]]), 'num': array([ 8.04938753e-01,  5.93346258e-01,  8.01486721e-06, -3.49371687e-08,
        1.06327887e-03,  1.06327887e-03,  1.03508587e-03,  2.13026310e-03,
        3.22205717e-05,  1.06247335e-03,  1.10919318e-03,  1.05727107e-03,
        1.47350175e-06,  1.19023248e-03,  1.02815388e-03])}
{'img': array([[[ 0.        ,  0.21775443,  0.38908978, ...,  0.08756554,
         -0.0293263 ,  0.20335838],
        [-0.21775443,  0.        ,  0.17915768, ..., -0.1314537 ,
         -0.24628334, -0.01472581],
        [-0.38908978, -0.17915768,  0.        , ..., -0.30692984,
         -0.41593781, -0.19362581],
        ...,
        [-0.08756554,  0.1314537 ,  0.30692984, ...,  0.        ,
         -0.11674152,  0.11684143],
        [ 0.0293263 ,  0.24628334,  0.41593781, ...,  0.11674152,
          0.        ,  0.23198442],
        [-0.20335838,  0.01472581,  0.19362581, ..., -0.11684143,
         -0.23198442,  0.        ]],

       [[ 0.        , -0.17617963, -0.11343153, ..., -0.01934212,
          0.04105881, -0.32675409],
        [ 0.17617963,  0.        ,  0.0633853 , ...,  0.1571071 ,
          0.21644763, -0.15513398],
        [ 0.11343153, -0.0633853 ,  0.        , ...,  0.09419303,
          0.15412969, -0.21743995],
        ...,
        [ 0.01934212, -0.1571071 , -0.09419303, ...,  0.        ,
          0.06037694, -0.30841254],
        [-0.04105881, -0.21644763, -0.15412969, ..., -0.06037694,
          0.        , -0.36528361],
        [ 0.32675409,  0.15513398,  0.21743995, ...,  0.30841254,
          0.36528361,  0.        ]],

       [[ 0.        ,  0.06495634,  0.16438257, ...,  0.34703314,
          0.20906715,  0.13691997],
        [-0.06495634,  0.        ,  0.0999627 , ...,  0.28538075,
          0.14510474,  0.07228622],
        [-0.16438257, -0.0999627 ,  0.        , ...,  0.18814566,
          0.04547321, -0.02777703],
        ...,
        [-0.34703314, -0.28538075, -0.18814566, ...,  0.        ,
         -0.14328993, -0.21535403],
        [-0.20906715, -0.14510474, -0.04547321, ...,  0.14328993,
          0.        , -0.07320396],
        [-0.13691997, -0.07228622,  0.02777703, ...,  0.21535403,
          0.07320396,  0.        ]],

       ...,

       [[ 0.        ,  0.24227963,  0.36207382, ...,  0.07203357,
         -0.10129004,  0.06381469],
        [-0.24227963,  0.        ,  0.12544555, ..., -0.1717628 ,
         -0.33930582, -0.17987238],
        [-0.36207382, -0.12544555,  0.        , ..., -0.29398717,
         -0.4546291 , -0.301851  ],
        ...,
        [-0.07203357,  0.1717628 ,  0.29398717, ...,  0.        ,
         -0.17269   , -0.00823783],
        [ 0.10129004,  0.33930582,  0.4546291 , ...,  0.17269   ,
          0.        ,  0.16457007],
        [-0.06381469,  0.17987238,  0.301851  , ...,  0.00823783,
         -0.16457007,  0.        ]],

       [[ 0.        , -0.13110684, -0.20209254, ..., -0.05342825,
         -0.05714051, -0.09296953],
        [ 0.13110684,  0.        , -0.07194648, ...,  0.07795251,
          0.07424535,  0.03837197],
        [ 0.20209254,  0.07194648,  0.        , ...,  0.14947805,
          0.14580085,  0.11016603],
        ...,
        [ 0.05342825, -0.07795251, -0.14947805, ...,  0.        ,
         -0.00371793, -0.03963988],
        [ 0.05714051, -0.07424535, -0.14580085, ...,  0.00371793,
          0.        , -0.0359246 ],
        [ 0.09296953, -0.03837197, -0.11016603, ...,  0.03963988,
          0.0359246 ,  0.        ]],

       [[ 0.        , -0.02834143, -0.03279807, ...,  0.18779737,
          0.20232279,  0.52394772],
        [ 0.02834143,  0.        , -0.00445871, ...,  0.21555911,
          0.22999682,  0.54787708],
        [ 0.03279807,  0.00445871,  0.        , ...,  0.21991086,
          0.23433371,  0.55160161],
        ...,
        [-0.18779737, -0.21555911, -0.21991086, ...,  0.        ,
          0.01480951,  0.35466905],
        [-0.20232279, -0.22999682, -0.23433371, ..., -0.01480951,
          0.        ,  0.34078338],
        [-0.52394772, -0.54787708, -0.55160161, ..., -0.35466905,
         -0.34078338,  0.        ]]]), 'num': array([ 8.40420919e-01,  5.41916478e-01,  1.10557201e-05, -3.03239627e-09,
        1.12643185e-03,  1.13686178e-03,  1.08471216e-03,  3.01282973e-03,
        2.50318190e-05,  1.09889685e-03,  1.15073358e-03,  1.09608077e-03,
        1.76149837e-06,  1.23112685e-03,  1.07034030e-03])}
{'img': array([[[ 0.        ,  0.17915768,  0.95226805, ..., -0.24628334,
         -0.01472581,  0.16404811],
        [-0.17915768,  0.        ,  0.88217048, ..., -0.41593781,
         -0.19362581, -0.01533664],
        [-0.95226805, -0.88217048,  0.        , ..., -0.99811739,
         -0.95666004, -0.88928922],
        ...,
        [ 0.24628334,  0.41593781,  0.99811739, ...,  0.        ,
          0.23198442,  0.40194186],
        [ 0.01472581,  0.19362581,  0.95666004, ..., -0.23198442,
          0.        ,  0.17855663],
        [-0.16404811,  0.01533664,  0.88928922, ..., -0.40194186,
         -0.17855663,  0.        ]],

       [[ 0.        ,  0.0633853 ,  0.3745917 , ...,  0.21644763,
         -0.15513398,  0.05215537],
        [-0.0633853 ,  0.        ,  0.43260865, ...,  0.15412969,
         -0.21743995, -0.01124854],
        [-0.3745917 , -0.43260865,  0.        , ..., -0.56639977,
         -0.22621802, -0.4224398 ],
        ...,
        [-0.21644763, -0.15412969,  0.56639977, ...,  0.        ,
         -0.36528361, -0.16523406],
        [ 0.15513398,  0.21743995,  0.22621802, ...,  0.36528361,
          0.        ,  0.20644679],
        [-0.05215537,  0.01124854,  0.4224398 , ...,  0.16523406,
         -0.20644679,  0.        ]],

       [[ 0.        ,  0.0999627 ,  0.2959908 , ...,  0.14510474,
          0.07228622,  0.05847698],
        [-0.0999627 ,  0.        ,  0.19902479, ...,  0.04547321,
         -0.02777703, -0.04160755],
        [-0.2959908 , -0.19902479,  0.        , ..., -0.15425542,
         -0.22616933, -0.23962761],
        ...,
        [-0.14510474, -0.04547321,  0.15425542, ...,  0.        ,
         -0.07320396, -0.08699835],
        [-0.07228622,  0.02777703,  0.22616933, ...,  0.07320396,
          0.        , -0.01383852],
        [-0.05847698,  0.04160755,  0.23962761, ...,  0.08699835,
          0.01383852,  0.        ]],

       ...,

       [[ 0.        ,  0.12544555,  0.39239926, ..., -0.33930582,
         -0.17987238, -0.05056792],
        [-0.12544555,  0.        ,  0.27391532, ..., -0.4546291 ,
         -0.301851  , -0.17545351],
        [-0.39239926, -0.27391532,  0.        , ..., -0.6812124 ,
         -0.55144492, -0.43840935],
        ...,
        [ 0.33930582,  0.4546291 ,  0.6812124 , ...,  0.        ,
          0.16457007,  0.29130368],
        [ 0.17987238,  0.301851  ,  0.55144492, ..., -0.16457007,
          0.        ,  0.1298991 ],
        [ 0.05056792,  0.17545351,  0.43840935, ..., -0.29130368,
         -0.1298991 ,  0.        ]],

       [[ 0.        , -0.07194648,  0.01350395, ...,  0.07424535,
          0.03837197,  0.0153531 ],
        [ 0.07194648,  0.        ,  0.08540888, ...,  0.14580085,
          0.11016603,  0.08725132],
        [-0.01350395, -0.08540888,  0.        , ...,  0.0607719 ,
          0.02487447,  0.00184934],
        ...,
        [-0.07424535, -0.14580085, -0.0607719 , ...,  0.        ,
         -0.0359246 , -0.05892587],
        [-0.03837197, -0.11016603, -0.02487447, ...,  0.0359246 ,
          0.        , -0.02302566],
        [-0.0153531 , -0.08725132, -0.00184934, ...,  0.05892587,
          0.02302566,  0.        ]],

       [[ 0.        , -0.00384638, -0.06070831, ...,  0.18485378,
          0.32700032,  0.61820937],
        [ 0.00384638,  0.        , -0.05686858, ...,  0.1886325 ,
          0.33063282,  0.6212281 ],
        [ 0.06070831,  0.05686858,  0.        , ...,  0.24417489,
          0.38376801,  0.66478666],
        ...,
        [-0.18485378, -0.1886325 , -0.24417489, ...,  0.        ,
          0.14667351,  0.46225761],
        [-0.32700032, -0.33063282, -0.38376801, ..., -0.14667351,
          0.        ,  0.32719617],
        [-0.61820937, -0.6212281 , -0.66478666, ..., -0.46225761,
         -0.32719617,  0.        ]]]), 'num': array([9.26034972e-01, 3.77414077e-01, 2.03192924e-05, 3.30498808e-08,
       1.24122374e-03, 1.25731368e-03, 1.23202949e-03, 2.33212150e-03,
       0.00000000e+00, 1.21364099e-03, 1.26719750e-03, 1.20820106e-03,
       1.85990553e-06, 1.35644687e-03, 1.17794813e-03])}
{'img': array([[[ 0.00000000e+00,  8.82170484e-01,  5.65274718e-01, ...,
         -1.93625805e-01, -1.53366403e-02, -1.53366403e-02],
        [-8.82170484e-01,  0.00000000e+00, -4.61499904e-01, ...,
         -9.56660045e-01, -8.89289216e-01, -8.89289216e-01],
        [-5.65274718e-01,  4.61499904e-01,  0.00000000e+00, ...,
         -7.14299604e-01, -5.77859470e-01, -5.77859470e-01],
        ...,
        [ 1.93625805e-01,  9.56660045e-01,  7.14299604e-01, ...,
          0.00000000e+00,  1.78556631e-01,  1.78556631e-01],
        [ 1.53366403e-02,  8.89289216e-01,  5.77859470e-01, ...,
         -1.78556631e-01,  0.00000000e+00,  0.00000000e+00],
        [ 1.53366403e-02,  8.89289216e-01,  5.77859470e-01, ...,
         -1.78556631e-01,  0.00000000e+00,  0.00000000e+00]],

       [[ 0.00000000e+00,  4.32608648e-01,  4.41537783e-01, ...,
         -2.17439950e-01, -1.12485370e-02, -2.52743585e-01],
        [-4.32608648e-01,  0.00000000e+00, -7.86237366e-01, ...,
         -2.26218021e-01, -4.22439802e-01, -1.90694253e-01],
        [-4.41537783e-01,  7.86237366e-01,  0.00000000e+00, ...,
         -6.26069816e-01, -4.51602515e-01, -6.53974833e-01],
        ...,
        [ 2.17439950e-01,  2.26218021e-01,  6.26069816e-01, ...,
          0.00000000e+00,  2.06446792e-01, -3.63159754e-02],
        [ 1.12485370e-02,  4.22439802e-01,  4.51602515e-01, ...,
         -2.06446792e-01,  0.00000000e+00, -2.41844261e-01],
        [ 2.52743585e-01,  1.90694253e-01,  6.53974833e-01, ...,
          3.63159754e-02,  2.41844261e-01,  0.00000000e+00]],

       [[ 0.00000000e+00,  1.99024790e-01,  3.58097467e-01, ...,
         -2.77770343e-02, -4.16075549e-02, -2.08473287e-02],
        [-1.99024790e-01,  0.00000000e+00,  1.65107229e-01, ...,
         -2.26169334e-01, -2.39627614e-01, -2.19411803e-01],
        [-3.58097467e-01, -1.65107229e-01,  0.00000000e+00, ...,
         -3.83894272e-01, -3.96635683e-01, -3.77484464e-01],
        ...,
        [ 2.77770343e-02,  2.26169334e-01,  3.83894272e-01, ...,
          0.00000000e+00, -1.38385201e-02,  6.93171286e-03],
        [ 4.16075549e-02,  2.39627614e-01,  3.96635683e-01, ...,
          1.38385201e-02,  0.00000000e+00,  2.07692368e-02],
        [ 2.08473287e-02,  2.19411803e-01,  3.77484464e-01, ...,
         -6.93171286e-03, -2.07692368e-02,  0.00000000e+00]],

       ...,

       [[ 0.00000000e+00,  2.73915322e-01,  1.41197131e-01, ...,
         -3.01850998e-01, -1.75453513e-01, -2.15083826e-01],
        [-2.73915322e-01,  0.00000000e+00, -1.35374222e-01, ...,
         -5.51444921e-01, -4.38409355e-01, -4.74362185e-01],
        [-1.41197131e-01,  1.35374222e-01,  0.00000000e+00, ...,
         -4.33437910e-01, -3.12702573e-01, -3.50821504e-01],
        ...,
        [ 3.01850998e-01,  5.51444921e-01,  4.33437910e-01, ...,
          0.00000000e+00,  1.29899096e-01,  8.97350883e-02],
        [ 1.75453513e-01,  4.38409355e-01,  3.12702573e-01, ...,
         -1.29899096e-01,  0.00000000e+00, -4.04002573e-02],
        [ 2.15083826e-01,  4.74362185e-01,  3.50821504e-01, ...,
         -8.97350883e-02,  4.04002573e-02,  0.00000000e+00]],

       [[ 0.00000000e+00,  8.54088794e-02,  9.90369346e-02, ...,
          1.10166032e-01,  8.72513206e-02,  8.56151253e-02],
        [-8.54088794e-02,  0.00000000e+00,  1.36860635e-02, ...,
          2.48744711e-02,  1.84934473e-03,  2.07004112e-04],
        [-9.90369346e-02, -1.36860635e-02,  0.00000000e+00, ...,
          1.11903126e-02, -1.18368686e-02, -1.34790785e-02],
        ...,
        [-1.10166032e-01, -2.48744711e-02, -1.11903126e-02, ...,
          0.00000000e+00, -2.30256561e-02, -2.46675305e-02],
        [-8.72513206e-02, -1.84934473e-03,  1.18368686e-02, ...,
          2.30256561e-02,  0.00000000e+00, -1.64234093e-03],
        [-8.56151253e-02, -2.07004112e-04,  1.34790785e-02, ...,
          2.46675305e-02,  1.64234093e-03,  0.00000000e+00]],

       [[ 0.00000000e+00, -5.68685806e-02, -6.36184827e-02, ...,
          3.30632819e-01,  6.21228097e-01,  4.83070460e-01],
        [ 5.68685806e-02,  0.00000000e+00, -6.76214573e-03, ...,
          3.83768009e-01,  6.64786661e-01,  5.32081770e-01],
        [ 6.36184827e-02,  6.76214573e-03,  0.00000000e+00, ...,
          3.90003599e-01,  6.69823009e-01,  5.37795066e-01],
        ...,
        [-3.30632819e-01, -3.83768009e-01, -3.90003599e-01, ...,
          0.00000000e+00,  3.27196173e-01,  1.66406348e-01],
        [-6.21228097e-01, -6.64786661e-01, -6.69823009e-01, ...,
         -3.27196173e-01,  0.00000000e+00, -1.65387414e-01],
        [-4.83070460e-01, -5.32081770e-01, -5.37795066e-01, ...,
         -1.66406348e-01,  1.65387414e-01,  0.00000000e+00]]]), 'num': array([9.35362182e-01, 3.53665582e-01, 2.14252891e-05, 3.32496887e-08,
       1.25636415e-03, 1.25867789e-03, 1.23091294e-03, 2.38376009e-03,
       6.94123838e-06, 1.23230119e-03, 1.27406431e-03, 1.21625921e-03,
       1.48884533e-06, 1.36413146e-03, 1.18399715e-03])}
{'img': array([[[ 0.00000000e+00, -4.61499904e-01, -6.67178990e-01, ...,
         -8.89289216e-01, -8.89289216e-01, -8.67193011e-01],
        [ 4.61499904e-01,  0.00000000e+00, -2.48111245e-01, ...,
         -5.77859470e-01, -5.77859470e-01, -5.39507724e-01],
        [ 6.67178990e-01,  2.48111245e-01,  0.00000000e+00, ...,
         -3.57298110e-01, -3.57298110e-01, -3.13733285e-01],
        ...,
        [ 8.89289216e-01,  5.77859470e-01,  3.57298110e-01, ...,
          0.00000000e+00,  0.00000000e+00,  4.62346646e-02],
        [ 8.89289216e-01,  5.77859470e-01,  3.57298110e-01, ...,
          0.00000000e+00,  0.00000000e+00,  4.62346646e-02],
        [ 8.67193011e-01,  5.39507724e-01,  3.13733285e-01, ...,
         -4.62346646e-02, -4.62346646e-02,  0.00000000e+00]],

       [[ 0.00000000e+00, -7.86237366e-01, -6.11042514e-01, ...,
         -4.22439802e-01, -1.90694253e-01, -2.04306903e-01],
        [ 7.86237366e-01,  0.00000000e+00, -2.44805557e-01, ...,
         -4.51602515e-01, -6.53974833e-01, -6.43406910e-01],
        [ 6.11042514e-01,  2.44805557e-01,  0.00000000e+00, ...,
         -2.19441015e-01, -4.48876419e-01, -4.36424832e-01],
        ...,
        [ 4.22439802e-01,  4.51602515e-01,  2.19441015e-01, ...,
          0.00000000e+00, -2.41844261e-01, -2.28347296e-01],
        [ 1.90694253e-01,  6.53974833e-01,  4.48876419e-01, ...,
          2.41844261e-01,  0.00000000e+00,  1.38858486e-02],
        [ 2.04306903e-01,  6.43406910e-01,  4.36424832e-01, ...,
          2.28347296e-01, -1.38858486e-02,  0.00000000e+00]],

       [[ 0.00000000e+00,  1.65107229e-01,  3.66541094e-01, ...,
         -2.39627614e-01, -2.19411803e-01, -1.40312737e-01],
        [-1.65107229e-01,  0.00000000e+00,  2.07894472e-01, ...,
         -3.96635683e-01, -3.77484464e-01, -3.01860894e-01],
        [-3.66541094e-01, -2.07894472e-01,  0.00000000e+00, ...,
         -5.78811852e-01, -5.61750495e-01, -4.93462221e-01],
        ...,
        [ 2.39627614e-01,  3.96635683e-01,  5.78811852e-01, ...,
          0.00000000e+00,  2.07692368e-02,  1.01032325e-01],
        [ 2.19411803e-01,  3.77484464e-01,  5.61750495e-01, ...,
         -2.07692368e-02,  0.00000000e+00,  8.03475688e-02],
        [ 1.40312737e-01,  3.01860894e-01,  4.93462221e-01, ...,
         -1.01032325e-01, -8.03475688e-02,  0.00000000e+00]],

       ...,

       [[ 0.00000000e+00, -1.35374222e-01, -2.53876829e-01, ...,
         -4.38409355e-01, -4.74362185e-01, -6.35992428e-01],
        [ 1.35374222e-01,  0.00000000e+00, -1.20600880e-01, ...,
         -3.12702573e-01, -3.50821504e-01, -5.25670174e-01],
        [ 2.53876829e-01,  1.20600880e-01,  0.00000000e+00, ...,
         -1.95867303e-01, -2.35325113e-01, -4.19239570e-01],
        ...,
        [ 4.38409355e-01,  3.12702573e-01,  1.95867303e-01, ...,
          0.00000000e+00, -4.04002573e-02, -2.33295918e-01],
        [ 4.74362185e-01,  3.50821504e-01,  2.35325113e-01, ...,
          4.04002573e-02,  0.00000000e+00, -1.93820006e-01],
        [ 6.35992428e-01,  5.25670174e-01,  4.19239570e-01, ...,
          2.33295918e-01,  1.93820006e-01,  0.00000000e+00]],

       [[ 0.00000000e+00,  1.36860635e-02, -5.97563547e-02, ...,
          1.84934473e-03,  2.07004112e-04, -1.44558826e-02],
        [-1.36860635e-02,  0.00000000e+00, -7.34123645e-02, ...,
         -1.18368686e-02, -1.34790785e-02, -2.81391622e-02],
        [ 5.97563547e-02,  7.34123645e-02,  0.00000000e+00, ...,
          6.16022925e-02,  5.99629876e-02,  4.53200608e-02],
        ...,
        [-1.84934473e-03,  1.18368686e-02, -6.16022925e-02, ...,
          0.00000000e+00, -1.64234093e-03, -1.63050094e-02],
        [-2.07004112e-04,  1.34790785e-02, -5.99629876e-02, ...,
          1.64234093e-03,  0.00000000e+00, -1.46628648e-02],
        [ 1.44558826e-02,  2.81391622e-02, -4.53200608e-02, ...,
          1.63050094e-02,  1.46628648e-02,  0.00000000e+00]],

       [[ 0.00000000e+00, -6.76214573e-03,  2.91929403e-02, ...,
          6.64786661e-01,  5.32081770e-01,  4.63544972e-01],
        [ 6.76214573e-03,  0.00000000e+00,  3.59515365e-02, ...,
          6.69823009e-01,  5.37795066e-01,  4.69526131e-01],
        [-2.91929403e-02, -3.59515365e-02,  0.00000000e+00, ...,
          6.42695228e-01,  5.07137537e-01,  4.37480319e-01],
        ...,
        [-6.64786661e-01, -6.69823009e-01, -6.42695228e-01, ...,
          0.00000000e+00, -1.65387414e-01, -2.42766260e-01],
        [-5.32081770e-01, -5.37795066e-01, -5.07137537e-01, ...,
          1.65387414e-01,  0.00000000e+00, -7.89832293e-02],
        [-4.63544972e-01, -4.69526131e-01, -4.37480319e-01, ...,
          2.42766260e-01,  7.89832293e-02,  0.00000000e+00]]]), 'num': array([ 8.71081754e-01,  4.91123422e-01,  1.40986394e-05,  4.47713971e-08,
        1.16551636e-03,  1.17416583e-03,  1.15686688e-03,  1.83978595e-03,
       -8.64947202e-06,  1.16335399e-03,  1.18962676e-03,  1.13495489e-03,
        1.35606129e-06,  1.27450927e-03,  1.10474424e-03])}
{'img': array([[[ 0.        , -0.24811124, -0.02372835, ..., -0.57785947,
         -0.53950772, -0.59024902],
        [ 0.24811124,  0.        ,  0.22505498, ..., -0.35729811,
         -0.31373328, -0.37151218],
        [ 0.02372835, -0.22505498,  0.        , ..., -0.5583312 ,
         -0.51937701, -0.5709288 ],
        ...,
        [ 0.57785947,  0.35729811,  0.5583312 , ...,  0.        ,
          0.04623466, -0.01526322],
        [ 0.53950772,  0.31373328,  0.51937701, ..., -0.04623466,
          0.        , -0.06147617],
        [ 0.59024902,  0.37151218,  0.5709288 , ...,  0.01526322,
          0.06147617,  0.        ]],

       [[ 0.        , -0.30675562, -0.73895394, ..., -0.75123952,
         -0.74204258, -0.91013286],
        [ 0.30675562,  0.        , -0.49664931, ..., -0.51255318,
         -0.50063298, -0.7391599 ],
        [ 0.73895394,  0.49664931,  0.        , ..., -0.01842055,
         -0.00459578, -0.30704659],
        ...,
        [ 0.75123952,  0.51255318,  0.01842055, ...,  0.        ,
          0.01382535, -0.28946376],
        [ 0.74204258,  0.50063298,  0.00459578, ..., -0.01382535,
          0.        , -0.30266957],
        [ 0.91013286,  0.7391599 ,  0.30704659, ...,  0.28946376,
          0.30266957,  0.        ]],

       [[ 0.        ,  0.20789447,  0.43511288, ..., -0.37748446,
         -0.30186089, -0.20839126],
        [-0.20789447,  0.        ,  0.23842304, ..., -0.56175049,
         -0.49346222, -0.40716843],
        [-0.43511288, -0.23842304,  0.        , ..., -0.74279937,
         -0.686604  , -0.61319068],
        ...,
        [ 0.37748446,  0.56175049,  0.74279937, ...,  0.        ,
          0.08034757,  0.17622338],
        [ 0.30186089,  0.49346222,  0.686604  , ..., -0.08034757,
          0.        ,  0.09656348],
        [ 0.20839126,  0.40716843,  0.61319068, ..., -0.17622338,
         -0.09656348,  0.        ]],

       ...,

       [[ 0.        , -0.12060088, -0.15175665, ..., -0.3508215 ,
         -0.52567017, -0.54253684],
        [ 0.12060088,  0.        , -0.03144492, ..., -0.23532511,
         -0.41923957, -0.4372683 ],
        [ 0.15175665,  0.03144492,  0.        , ..., -0.2046469 ,
         -0.39048418, -0.40877267],
        ...,
        [ 0.3508215 ,  0.23532511,  0.2046469 , ...,  0.        ,
         -0.19382001, -0.21335318],
        [ 0.52567017,  0.41923957,  0.39048418, ...,  0.19382001,
          0.        , -0.01995006],
        [ 0.54253684,  0.4372683 ,  0.40877267, ...,  0.21335318,
          0.01995006,  0.        ]],

       [[ 0.        , -0.07341236, -0.06885434, ..., -0.01347908,
         -0.02813916, -0.03269398],
        [ 0.07341236,  0.        ,  0.00456958, ...,  0.05996299,
          0.04532006,  0.04076736],
        [ 0.06885434, -0.00456958,  0.        , ...,  0.055401  ,
          0.0407547 ,  0.03620115],
        ...,
        [ 0.01347908, -0.05996299, -0.055401  , ...,  0.        ,
         -0.01466286, -0.01921913],
        [ 0.02813916, -0.04532006, -0.0407547 , ...,  0.01466286,
          0.        , -0.00455691],
        [ 0.03269398, -0.04076736, -0.03620115, ...,  0.01921913,
          0.00455691,  0.        ]],

       [[ 0.        ,  0.03595154,  0.03333984, ...,  0.53779507,
          0.46952613,  0.41110809],
        [-0.03595154,  0.        , -0.00261326, ...,  0.50713754,
          0.43748032,  0.37806939],
        [-0.03333984,  0.00261326,  0.        , ...,  0.50938808,
          0.43982874,  0.38048739],
        ...,
        [-0.53779507, -0.50713754, -0.50938808, ...,  0.        ,
         -0.07898323, -0.14365157],
        [-0.46952613, -0.43748032, -0.43982874, ...,  0.07898323,
          0.        , -0.06503876],
        [-0.41110809, -0.37806939, -0.38048739, ...,  0.14365157,
          0.06503876,  0.        ]]]), 'num': array([ 9.61624876e-01,  2.74325358e-01,  2.56455044e-05,  3.38062873e-08,
        1.28467199e-03,  1.31103653e-03,  1.28227522e-03,  3.11715114e-03,
       -7.19032833e-06,  1.29330039e-03,  1.31606976e-03,  1.25646993e-03,
        1.32235923e-06,  1.41095183e-03,  1.22118769e-03])}
{'img': array([[[ 0.00000000e+00,  2.25054984e-01,  5.71359211e-02, ...,
         -3.13733285e-01, -3.71512184e-01, -4.13261464e-01],
        [-2.25054984e-01,  0.00000000e+00, -1.69017176e-01, ...,
         -5.19377008e-01, -5.70928801e-01, -6.07597543e-01],
        [-5.71359211e-02,  1.69017176e-01,  0.00000000e+00, ...,
         -3.67471967e-01, -4.23951879e-01, -4.64615043e-01],
        ...,
        [ 3.13733285e-01,  5.19377008e-01,  3.67471967e-01, ...,
          0.00000000e+00, -6.14761715e-02, -1.06706946e-01],
        [ 3.71512184e-01,  5.70928801e-01,  4.23951879e-01, ...,
          6.14761715e-02,  0.00000000e+00, -4.53799415e-02],
        [ 4.13261464e-01,  6.07597543e-01,  4.64615043e-01, ...,
          1.06706946e-01,  4.53799415e-02,  0.00000000e+00]],

       [[ 0.00000000e+00, -4.96649309e-01, -1.13649620e-01, ...,
         -5.00632980e-01, -7.39159898e-01, -3.35420727e-01],
        [ 4.96649309e-01,  0.00000000e+00,  3.94789129e-01, ...,
         -4.59578338e-03, -3.07046593e-01,  1.76748780e-01],
        [ 1.13649620e-01, -3.94789129e-01,  0.00000000e+00, ...,
         -3.99007436e-01, -6.57824375e-01, -2.26181781e-01],
        ...,
        [ 5.00632980e-01,  4.59578338e-03,  3.99007436e-01, ...,
          0.00000000e+00, -3.02669569e-01,  1.81270340e-01],
        [ 7.39159898e-01,  3.07046593e-01,  6.57824375e-01, ...,
          3.02669569e-01,  0.00000000e+00,  4.70423290e-01],
        [ 3.35420727e-01, -1.76748780e-01,  2.26181781e-01, ...,
         -1.81270340e-01, -4.70423290e-01,  0.00000000e+00]],

       [[ 0.00000000e+00,  2.38423038e-01,  4.11644204e-01, ...,
         -4.93462221e-01, -4.07168434e-01, -3.80246383e-01],
        [-2.38423038e-01,  0.00000000e+00,  1.82487402e-01, ...,
         -6.86604005e-01, -6.13190683e-01, -5.89794554e-01],
        [-4.11644204e-01, -1.82487402e-01,  0.00000000e+00, ...,
         -8.07748789e-01, -7.47047275e-01, -7.27259147e-01],
        ...,
        [ 4.93462221e-01,  6.86604005e-01,  8.07748789e-01, ...,
          0.00000000e+00,  9.65634830e-02,  1.25670076e-01],
        [ 4.07168434e-01,  6.13190683e-01,  7.47047275e-01, ...,
         -9.65634830e-02,  0.00000000e+00,  2.92848618e-02],
        [ 3.80246383e-01,  5.89794554e-01,  7.27259147e-01, ...,
         -1.25670076e-01, -2.92848618e-02,  0.00000000e+00]],

       ...,

       [[ 0.00000000e+00, -3.14449185e-02,  1.25377684e-02, ...,
         -4.19239570e-01, -4.37268303e-01, -5.20012839e-01],
        [ 3.14449185e-02,  0.00000000e+00,  4.39740152e-02, ...,
         -3.90484175e-01, -4.08772674e-01, -4.92896742e-01],
        [-1.25377684e-02, -4.39740152e-02,  0.00000000e+00, ...,
         -4.30589352e-01, -4.48509538e-01, -5.30681206e-01],
        ...,
        [ 4.19239570e-01,  3.90484175e-01,  4.30589352e-01, ...,
          0.00000000e+00, -1.99500565e-02, -1.14009971e-01],
        [ 4.37268303e-01,  4.08772674e-01,  4.48509538e-01, ...,
