state_0,state_1,state_2,state_3,state_4,state_5,state_6,state_7,state_8,state_9,state_10,state_11,state_12,state_13,state_14,state_15,state_16,state_17,state_18,state_19,state_20,state_21,state_22,state_23,state_24,state_25,state_26,state_27,state_28,state_29,state_30,state_31,state_32,state_33,state_34,state_35,state_36,state_37,state_38,state_39,state_40,state_41,state_42,state_43,state_44,state_45,state_46,state_47,state_48,state_49,state_50,state_51,state_52,state_53,state_54,state_55,state_56,state_57,state_58,state_59,state_60,state_61,state_62,state_63,state_64,state_65,state_66,state_67,state_68,state_69,state_70,state_71,state_72,state_73,state_74,state_75,state_76,state_77,state_78,state_79,state_80,state_81,state_82,state_83,state_84,state_85,state_86,state_87,state_88,state_89,state_90,state_91,state_92,state_93,state_94,state_95,state_96,state_97,state_98,state_99,state_100,state_101,state_102,state_103,state_104,state_105,state_106,state_107,state_108,state_109,state_110,state_111,state_112,state_113,state_114,state_115,state_116,state_117,state_118,state_119,state_120,state_121,state_122,state_123,state_124,state_125,state_126,state_127,state_128,state_129,state_130,state_131,state_132,state_133,state_134,state_135,state_136,state_137,state_138,state_139,state_140,state_141,state_142,state_143,state_144,state_145,state_146,state_147,state_148,state_149,state_150,state_151,state_152,state_153,state_154,state_155,state_156,state_157,state_158,state_159,state_160,state_161,state_162,state_163,state_164,state_165,state_166,state_167,state_168,state_169,state_170,state_171,state_172,state_173,state_174,state_175,state_176,state_177,state_178,state_179,state_180,state_181,state_182,state_183,state_184,state_185,state_186,state_187,state_188,state_189,state_190,state_191,state_192,state_193,state_194,state_195,state_196,state_197,state_198,state_199,state_200,state_201,state_202,state_203,state_204,state_205,state_206,state_207,state_208,state_209,state_210,state_211,state_212,state_213,state_214,state_215,state_216,state_217,state_218,state_219,state_220,state_221,state_222,state_223,state_224,state_225,state_226,state_227,state_228,state_229,state_230,state_231,state_232,state_233,state_234,state_235,state_236,state_237,state_238,state_239,state_240,state_241,state_242,state_243,state_244,state_245,state_246,state_247,state_248,state_249,state_250,state_251,state_252,state_253,state_254,state_255,state_256,state_257,state_258,state_259,state_260,state_261,state_262,state_263,state_264,state_265,state_266,state_267,state_268,state_269,state_270,state_271,state_272,state_273,state_274,state_275,state_276,state_277,state_278,state_279,state_280,state_281,state_282,state_283,state_284,state_285,state_286,state_287
{'img': array([[[ 0.        , -0.13183904, -0.03409211, ..., -0.22361237,
         -0.3651877 , -0.54245263],
        [ 0.13183904,  0.        ,  0.09796787, ..., -0.09315986,
         -0.2392666 , -0.42696146],
        [ 0.03409211, -0.09796787,  0.        , ..., -0.19025355,
         -0.33323791, -0.51349698],
        ...,
        [ 0.22361237,  0.09315986,  0.19025355, ...,  0.        ,
         -0.14777214, -0.34086302],
        [ 0.3651877 ,  0.2392666 ,  0.33323791, ...,  0.14777214,
          0.        , -0.19819833],
        [ 0.54245263,  0.42696146,  0.51349698, ...,  0.34086302,
          0.19819833,  0.        ]],

       [[ 0.        ,  0.09679795,  0.24618306, ...,  0.94068606,
         -0.01955325, -0.10681429],
        [-0.09679795,  0.        ,  0.15120817, ...,  0.90342721,
         -0.11624087, -0.20255686],
        [-0.24618306, -0.15120817,  0.        , ...,  0.82821033,
         -0.26508746, -0.34830155],
        ...,
        [-0.94068606, -0.90342721, -0.82821033, ...,  0.        ,
         -0.94714021, -0.97154415],
        [ 0.01955325,  0.11624087,  0.26508746, ...,  0.94714021,
          0.        , -0.08735248],
        [ 0.10681429,  0.20255686,  0.34830155, ...,  0.97154415,
          0.08735248,  0.        ]],

       [[ 0.        ,  0.05272446,  0.03488815, ..., -0.86430059,
         -0.70132161, -0.5515782 ],
        [-0.05272446,  0.        , -0.01785273, ..., -0.88961755,
         -0.73793051, -0.5947897 ],
        [-0.03488815,  0.01785273,  0.        , ..., -0.88132232,
         -0.72576451, -0.58034343],
        ...,
        [ 0.86430059,  0.88961755,  0.88132232, ...,  0.        ,
          0.26336468,  0.44350277],
        [ 0.70132161,  0.73793051,  0.72576451, ..., -0.26336468,
          0.        ,  0.19179886],
        [ 0.5515782 ,  0.5947897 ,  0.58034343, ..., -0.44350277,
         -0.19179886,  0.        ]],

       ...,

       [[ 0.        , -0.1520518 , -0.1520518 , ...,  0.63824374,
          0.33063892,  0.08346471],
        [ 0.1520518 ,  0.        ,  0.        , ...,  0.74787728,
          0.47029443,  0.23401548],
        [ 0.1520518 ,  0.        ,  0.        , ...,  0.74787728,
          0.47029443,  0.23401548],
        ...,
        [-0.63824374, -0.74787728, -0.74787728, ...,  0.        ,
         -0.34781001, -0.57176274],
        [-0.33063892, -0.47029443, -0.47029443, ...,  0.34781001,
          0.        , -0.2507148 ],
        [-0.08346471, -0.23401548, -0.23401548, ...,  0.57176274,
          0.2507148 ,  0.        ]],

       [[ 0.        , -0.31100995, -0.57671029, ..., -0.86986418,
         -0.93938482, -0.9704008 ],
        [ 0.31100995,  0.        , -0.29403011, ..., -0.98014321,
         -0.9994319 , -0.9973843 ],
        [ 0.57671029,  0.29403011,  0.        , ..., -0.99512061,
         -0.96516281, -0.93204328],
        ...,
        [ 0.86986418,  0.98014321,  0.99512061, ...,  0.        ,
          0.1651447 ,  0.26861803],
        [ 0.93938482,  0.9994319 ,  0.96516281, ..., -0.1651447 ,
          0.        ,  0.10585462],
        [ 0.9704008 ,  0.9973843 ,  0.93204328, ..., -0.26861803,
         -0.10585462,  0.        ]],

       [[ 0.        ,  0.3513432 ,  0.68144031, ..., -0.22510313,
         -0.44935118, -0.58082767],
        [-0.3513432 ,  0.        ,  0.38085742, ..., -0.55307803,
         -0.73457785, -0.8298007 ],
        [-0.68144031, -0.38085742,  0.        , ..., -0.82869817,
         -0.93763655, -0.97980299],
        ...,
        [ 0.22510313,  0.55307803,  0.82869817, ...,  0.        ,
         -0.2367215 , -0.38268076],
        [ 0.44935118,  0.73457785,  0.93763655, ...,  0.2367215 ,
          0.        , -0.15310163],
        [ 0.58082767,  0.8298007 ,  0.97980299, ...,  0.38268076,
          0.15310163,  0.        ]]]), 'num': array([6.93914661e-01, 6.93914661e-01, 0.00000000e+00, 0.00000000e+00,
       9.84911132e-04, 9.87709175e-04, 9.73718960e-04, 1.92242915e-01,
       5.59608598e-06, 9.88548588e-04, 9.50844959e-04, 9.79851338e-04,
       9.95180238e-07, 9.96421935e-04, 9.05267982e-04])}
{'img': array([[[ 0.        ,  0.09796787, -0.09315986, ..., -0.2392666 ,
         -0.42696146, -0.32199865],
        [-0.09796787,  0.        , -0.19025355, ..., -0.33323791,
         -0.51349698, -0.41319982],
        [ 0.09315986,  0.19025355,  0.        , ..., -0.14777214,
         -0.34086302, -0.23240016],
        ...,
        [ 0.2392666 ,  0.33323791,  0.14777214, ...,  0.        ,
         -0.19819833, -0.08612256],
        [ 0.42696146,  0.51349698,  0.34086302, ...,  0.19819833,
          0.        ,  0.11304788],
        [ 0.32199865,  0.41319982,  0.23240016, ...,  0.08612256,
         -0.11304788,  0.        ]],

       [[ 0.        ,  0.15120817, -0.23288958, ..., -0.11624087,
         -0.20255686,  0.01114508],
        [-0.15120817,  0.        , -0.37726223, ..., -0.26508746,
         -0.34830155, -0.14018185],
        [ 0.23288958,  0.37726223,  0.        , ...,  0.11826622,
          0.03107471,  0.24371374],
        ...,
        [ 0.11624087,  0.26508746, -0.11826622, ...,  0.        ,
         -0.08735248,  0.12730318],
        [ 0.20255686,  0.34830155, -0.03107471, ...,  0.08735248,
          0.        ,  0.21345833],
        [-0.01114508,  0.14018185, -0.24371374, ..., -0.12730318,
         -0.21345833,  0.        ]],

       [[ 0.        , -0.01785273,  0.        , ..., -0.73793051,
         -0.5947897 , -0.38756614],
        [ 0.01785273,  0.        ,  0.01785273, ..., -0.72576451,
         -0.58034343, -0.37104698],
        [ 0.        , -0.01785273,  0.        , ..., -0.73793051,
         -0.5947897 , -0.38756614],
        ...,
        [ 0.73793051,  0.72576451,  0.73793051, ...,  0.        ,
          0.19179886,  0.4186959 ],
        [ 0.5947897 ,  0.58034343,  0.5947897 , ..., -0.19179886,
          0.        ,  0.23674487],
        [ 0.38756614,  0.37104698,  0.38756614, ..., -0.4186959 ,
         -0.23674487,  0.        ]],

       ...,

       [[ 0.        ,  0.        , -0.40580703, ...,  0.47029443,
          0.23401548,  0.63651013],
        [ 0.        ,  0.        , -0.40580703, ...,  0.47029443,
          0.23401548,  0.63651013],
        [ 0.40580703,  0.40580703,  0.        , ...,  0.78795832,
          0.60841944,  0.89473014],
        ...,
        [-0.47029443, -0.47029443, -0.78795832, ...,  0.        ,
         -0.2507148 ,  0.19900308],
        [-0.23401548, -0.23401548, -0.60841944, ...,  0.2507148 ,
          0.        ,  0.43834735],
        [-0.63651013, -0.63651013, -0.89473014, ..., -0.19900308,
         -0.43834735,  0.        ]],

       [[ 0.        , -0.50494995, -0.69329456, ..., -0.94531612,
         -0.97499802, -0.99123112],
        [ 0.50494995,  0.        , -0.23452188, ..., -0.98064053,
         -0.95377492, -0.92230366],
        [ 0.69329456,  0.23452188,  0.        , ..., -0.90736801,
         -0.85669598, -0.80594665],
        ...,
        [ 0.94531612,  0.98064053,  0.90736801, ...,  0.        ,
          0.10793895,  0.19838182],
        [ 0.97499802,  0.95377492,  0.85669598, ..., -0.10793895,
          0.        ,  0.09142914],
        [ 0.99123112,  0.92230366,  0.80594665, ..., -0.19838182,
         -0.09142914,  0.        ]],

       [[ 0.        ,  0.37207604,  0.62828646, ..., -0.65780548,
         -0.69038255, -0.84490625],
        [-0.37207604,  0.        ,  0.29370842, ..., -0.89081968,
         -0.909991  , -0.98327272],
        [-0.62828646, -0.29370842,  0.        , ..., -0.98497861,
         -0.99163564, -0.99340141],
        ...,
        [ 0.65780548,  0.89081968,  0.98497861, ...,  0.        ,
         -0.044102  , -0.28450349],
        [ 0.69038255,  0.909991  ,  0.99163564, ...,  0.044102  ,
          0.        , -0.24194719],
        [ 0.84490625,  0.98327272,  0.99340141, ...,  0.28450349,
          0.24194719,  0.        ]]]), 'num': array([ 9.39282797e-01,  2.76905652e-01,  9.42215001e-06, -1.89886258e-10,
        1.33275080e-03,  1.33275080e-03,  1.31948016e-03,  2.02625857e-01,
       -1.89580483e-06,  1.33692157e-03,  1.29066393e-03,  1.32741095e-03,
        1.31708546e-06,  1.35537283e-03,  1.22595502e-03])}
{'img': array([[[ 0.        , -0.19025355, -0.12932018, ..., -0.51349698,
         -0.41319982, -0.43894012],
        [ 0.19025355,  0.        ,  0.06169783, ..., -0.34086302,
         -0.23240016, -0.25997696],
        [ 0.12932018, -0.06169783,  0.        , ..., -0.39821656,
         -0.29196596, -0.319058  ],
        ...,
        [ 0.51349698,  0.34086302,  0.39821656, ...,  0.        ,
          0.11304788,  0.08473468],
        [ 0.41319982,  0.23240016,  0.29196596, ..., -0.11304788,
          0.        , -0.02844982],
        [ 0.43894012,  0.25997696,  0.319058  , ..., -0.08473468,
          0.02844982,  0.        ]],

       [[ 0.        , -0.37726223, -0.33515645, ..., -0.34830155,
         -0.14018185, -0.41575096],
        [ 0.37726223,  0.        ,  0.04505176, ...,  0.03107471,
          0.24371374, -0.04191777],
        [ 0.33515645, -0.04505176,  0.        , ..., -0.01398685,
          0.19977297, -0.08688737],
        ...,
        [ 0.34830155, -0.03107471,  0.01398685, ...,  0.        ,
          0.21345833, -0.07294492],
        [ 0.14018185, -0.24371374, -0.19977297, ..., -0.21345833,
          0.        , -0.28415337],
        [ 0.41575096,  0.04191777,  0.08688737, ...,  0.07294492,
          0.28415337,  0.        ]],

       [[ 0.        ,  0.01785273, -0.03488815, ..., -0.58034343,
         -0.37104698, -0.41605532],
        [-0.01785273,  0.        , -0.05272446, ..., -0.5947897 ,
         -0.38756614, -0.43222321],
        [ 0.03488815,  0.05272446,  0.        , ..., -0.5515782 ,
         -0.33842347, -0.38407687],
        ...,
        [ 0.58034343,  0.5947897 ,  0.5515782 , ...,  0.        ,
          0.23674487,  0.18890534],
        [ 0.37104698,  0.38756614,  0.33842347, ..., -0.23674487,
          0.        , -0.04894724],
        [ 0.41605532,  0.43222321,  0.38407687, ..., -0.18890534,
          0.04894724,  0.        ]],

       ...,

       [[ 0.        , -0.40580703, -0.72237347, ...,  0.23401548,
          0.63651013,  0.42913175],
        [ 0.40580703,  0.        , -0.37960274, ...,  0.60841944,
          0.89473014,  0.75875065],
        [ 0.72237347,  0.37960274,  0.        , ...,  0.86413767,
          0.99729253,  0.94922394],
        ...,
        [-0.23401548, -0.60841944, -0.86413767, ...,  0.        ,
          0.43834735,  0.20584341],
        [-0.63651013, -0.89473014, -0.99729253, ..., -0.43834735,
          0.        , -0.24394689],
        [-0.42913175, -0.75875065, -0.94922394, ..., -0.20584341,
          0.24394689,  0.        ]],

       [[ 0.        , -0.30362849, -0.33781681, ..., -0.98753745,
         -0.96820952, -0.93600708],
        [ 0.30362849,  0.        , -0.0360899 , ..., -0.89312999,
         -0.84655102, -0.78494714],
        [ 0.33781681,  0.0360899 ,  0.        , ..., -0.87631496,
         -0.8267886 , -0.76207582],
        ...,
        [ 0.98753745,  0.89312999,  0.87631496, ...,  0.        ,
          0.09464236,  0.2002819 ],
        [ 0.96820952,  0.84655102,  0.8267886 , ..., -0.09464236,
          0.        ,  0.10665815],
        [ 0.93600708,  0.78494714,  0.76207582, ..., -0.2002819 ,
         -0.10665815,  0.        ]],

       [[ 0.        ,  0.29168973,  0.40622618, ..., -0.89167635,
         -0.94267003, -0.98473067],
        [-0.29168973,  0.        ,  0.12202255, ..., -0.98494022,
         -0.99902065, -0.99268642],
        [-0.40622618, -0.12202255,  0.        , ..., -0.9986772 ,
         -0.99695435, -0.97053765],
        ...,
        [ 0.89167635,  0.98494022,  0.9986772 , ...,  0.        ,
         -0.12914593, -0.29053422],
        [ 0.94267003,  0.99902065,  0.99695435, ...,  0.12914593,
          0.        , -0.16452601],
        [ 0.98473067,  0.99268642,  0.97053765, ...,  0.29053422,
          0.16452601,  0.        ]]]), 'num': array([ 9.73211695e-01,  1.01555206e-03,  1.37315839e-05, -2.23105206e-09,
        1.38096043e-03,  1.38096043e-03,  1.36535636e-03,  2.29876507e-01,
        9.75254542e-06,  1.37393860e-03,  1.33112492e-03,  1.36538887e-03,
        1.38486145e-06,  1.40132672e-03,  1.26092312e-03])}
{'img': array([[[ 0.        ,  0.06169783, -0.20451033, ..., -0.23240016,
         -0.25997696, -0.11891164],
        [-0.06169783,  0.        , -0.26451452, ..., -0.29196596,
         -0.319058  , -0.17994517],
        [ 0.20451033,  0.26451452,  0.        , ..., -0.02857735,
         -0.05700398,  0.08666093],
        ...,
        [ 0.23240016,  0.29196596,  0.02857735, ...,  0.        ,
         -0.02844982,  0.11509537],
        [ 0.25997696,  0.319058  ,  0.05700398, ...,  0.02844982,
          0.        ,  0.14330953],
        [ 0.11891164,  0.17994517, -0.08666093, ..., -0.11509537,
         -0.14330953,  0.        ]],

       [[ 0.        ,  0.04505176, -0.04827114, ...,  0.24371374,
         -0.04191777,  0.0669918 ],
        [-0.04505176,  0.        , -0.09322137, ...,  0.19977297,
         -0.08688737,  0.02197322],
        [ 0.04827114,  0.09322137,  0.        , ...,  0.29024527,
          0.0063598 ,  0.1150764 ],
        ...,
        [-0.24371374, -0.19977297, -0.29024527, ...,  0.        ,
         -0.28415337, -0.17819444],
        [ 0.04191777,  0.08688737, -0.0063598 , ...,  0.28415337,
          0.        ,  0.10875652],
        [-0.0669918 , -0.02197322, -0.1150764 , ...,  0.17819444,
         -0.10875652,  0.        ]],

       [[ 0.        , -0.05272446, -0.16713501, ..., -0.38756614,
         -0.43222321, -0.4569897 ],
        [ 0.05272446,  0.        , -0.11491971, ..., -0.33842347,
         -0.38407687, -0.40945715],
        [ 0.16713501,  0.11491971,  0.        , ..., -0.22804259,
         -0.27542678, -0.30189978],
        ...,
        [ 0.38756614,  0.33842347,  0.22804259, ...,  0.        ,
         -0.04894724, -0.07654303],
        [ 0.43222321,  0.38407687,  0.27542678, ...,  0.04894724,
          0.        , -0.02764764],
        [ 0.4569897 ,  0.40945715,  0.30189978, ...,  0.07654303,
          0.02764764,  0.        ]],

       ...,

       [[ 0.        , -0.37960274, -0.37960274, ...,  0.89473014,
          0.75875065,  0.87996902],
        [ 0.37960274,  0.        ,  0.        , ...,  0.99729253,
          0.94922394,  0.99442608],
        [ 0.37960274,  0.        ,  0.        , ...,  0.99729253,
          0.94922394,  0.99442608],
        ...,
        [-0.89473014, -0.99729253, -0.99729253, ...,  0.        ,
         -0.24394689, -0.03202414],
        [-0.75875065, -0.94922394, -0.94922394, ...,  0.24394689,
          0.        ,  0.21276513],
        [-0.87996902, -0.99442608, -0.99442608, ...,  0.03202414,
         -0.21276513,  0.        ]],

       [[ 0.        , -0.0360899 , -0.11705487, ..., -0.84655102,
         -0.78494714, -0.69155058],
        [ 0.0360899 ,  0.        , -0.08113682, ..., -0.8267886 ,
         -0.76207582, -0.66503132],
        [ 0.11705487,  0.08113682,  0.        , ..., -0.77842216,
         -0.70702814, -0.60224446],
        ...,
        [ 0.84655102,  0.8267886 ,  0.77842216, ...,  0.        ,
          0.10665815,  0.24336991],
        [ 0.78494714,  0.76207582,  0.70702814, ..., -0.10665815,
          0.        ,  0.13853035],
        [ 0.69155058,  0.66503132,  0.60224446, ..., -0.24336991,
         -0.13853035,  0.        ]],

       [[ 0.        ,  0.12166258,  0.23856479, ..., -0.99687118,
         -0.99998377, -0.99230711],
        [-0.12166258,  0.        ,  0.11864285, ..., -0.99908256,
         -0.99186232, -0.96987388],
        [-0.23856479, -0.11864285,  0.        , ..., -0.98694507,
         -0.96975177, -0.93412135],
        ...,
        [ 0.99687118,  0.99908256,  0.98694507, ...,  0.        ,
         -0.08472106, -0.20184856],
        [ 0.99998377,  0.99186232,  0.96975177, ...,  0.08472106,
          0.        , -0.11814563],
        [ 0.99230711,  0.96987388,  0.93412135, ...,  0.20184856,
          0.11814563,  0.        ]]]), 'num': array([ 9.73417125e-01,  1.02008431e-03,  1.37928658e-05,  1.16630897e-08,
        1.38124580e-03,  1.39104187e-03,  1.37928658e-03,  2.29004656e-01,
       -5.87764169e-06,  1.37928658e-03,  1.34020027e-03,  1.37125381e-03,
        1.31947058e-06,  1.41269092e-03,  1.26770962e-03])}
{'img': array([[[ 0.        , -0.26451452, -0.0310768 , ..., -0.319058  ,
         -0.17994517, -0.26451452],
        [ 0.26451452,  0.        ,  0.23441686, ..., -0.05700398,
          0.08666093,  0.        ],
        [ 0.0310768 , -0.23441686,  0.        , ..., -0.28945132,
         -0.14928873, -0.23441686],
        ...,
        [ 0.319058  ,  0.05700398,  0.28945132, ...,  0.        ,
          0.14330953,  0.05700398],
        [ 0.17994517, -0.08666093,  0.14928873, ..., -0.14330953,
          0.        , -0.08666093],
        [ 0.26451452,  0.        ,  0.23441686, ..., -0.05700398,
          0.08666093,  0.        ]],

       [[ 0.        , -0.09322137, -0.01434116, ..., -0.08688737,
          0.02197322,  0.01265713],
        [ 0.09322137,  0.        ,  0.07893307, ...,  0.0063598 ,
          0.1150764 ,  0.10581591],
        [ 0.01434116, -0.07893307,  0.        , ..., -0.07259151,
          0.03630867,  0.02699584],
        ...,
        [ 0.08688737, -0.0063598 ,  0.07259151, ...,  0.        ,
          0.10875652,  0.09948967],
        [-0.02197322, -0.1150764 , -0.03630867, ..., -0.10875652,
          0.        , -0.00931739],
        [-0.01265713, -0.10581591, -0.02699584, ..., -0.09948967,
          0.00931739,  0.        ]],

       [[ 0.        , -0.11491971, -0.13052906, ..., -0.38407687,
         -0.40945715, -0.42195946],
        [ 0.11491971,  0.        , -0.01572776, ..., -0.27542678,
         -0.30189978, -0.31497599],
        [ 0.13052906,  0.01572776,  0.        , ..., -0.26027327,
         -0.28686854, -0.30000982],
        ...,
        [ 0.38407687,  0.27542678,  0.26027327, ...,  0.        ,
         -0.02764764, -0.0413859 ],
        [ 0.40945715,  0.30189978,  0.28686854, ...,  0.02764764,
          0.        , -0.01374613],
        [ 0.42195946,  0.31497599,  0.30000982, ...,  0.0413859 ,
          0.01374613,  0.        ]],

       ...,

       [[ 0.        ,  0.        ,  0.29785416, ...,  0.94922394,
          0.99442608,  0.87613851],
        [ 0.        ,  0.        ,  0.29785416, ...,  0.94922394,
          0.99442608,  0.87613851],
        [-0.29785416, -0.29785416,  0.        , ...,  0.8124347 ,
          0.91788586,  0.69278839],
        ...,
        [-0.94922394, -0.94922394, -0.8124347 , ...,  0.        ,
          0.21276513, -0.18194814],
        [-0.99442608, -0.99442608, -0.91788586, ..., -0.21276513,
          0.        , -0.38699582],
        [-0.87613851, -0.87613851, -0.69278839, ...,  0.18194814,
          0.38699582,  0.        ]],

       [[ 0.        , -0.08113682, -0.17916642, ..., -0.76207582,
         -0.66503132, -0.58303467],
        [ 0.08113682,  0.        , -0.09875178, ..., -0.70702814,
         -0.60224446, -0.515193  ],
        [ 0.17916642,  0.09875178,  0.        , ..., -0.63373643,
         -0.52046605, -0.42803719],
        ...,
        [ 0.76207582,  0.70702814,  0.63373643, ...,  0.        ,
          0.13853035,  0.24163859],
        [ 0.66503132,  0.60224446,  0.52046605, ..., -0.13853035,
          0.        ,  0.10488357],
        [ 0.58303467,  0.515193  ,  0.42803719, ..., -0.24163859,
         -0.10488357,  0.        ]],

       [[ 0.        ,  0.11864285,  0.29171195, ..., -0.99186232,
         -0.96987388, -0.99891694],
        [-0.11864285,  0.        ,  0.17616896, ..., -0.96975177,
         -0.93412135, -0.98634124],
        [-0.29171195, -0.17616896,  0.        , ..., -0.91158315,
         -0.85662714, -0.94189718],
        ...,
        [ 0.99186232,  0.96975177,  0.91158315, ...,  0.        ,
         -0.11814563,  0.08102677],
        [ 0.96987388,  0.93412135,  0.85662714, ...,  0.11814563,
          0.        ,  0.19821644],
        [ 0.99891694,  0.98634124,  0.94189718, ..., -0.08102677,
         -0.19821644,  0.        ]]]), 'num': array([9.52600556e-01, 9.92643639e-04, 1.34218323e-05, 3.23130429e-09,
       1.35171578e-03, 1.36506136e-03, 1.34027672e-03, 3.04198909e-01,
       7.62604109e-06, 1.34561495e-03, 1.30786605e-03, 1.33420766e-03,
       1.23608908e-06, 1.38018288e-03, 1.23554922e-03])}
{'img': array([[[ 0.        ,  0.23441686,  0.32531855, ...,  0.08666093,
          0.        ,  0.1158681 ],
        [-0.23441686,  0.        ,  0.0945883 , ..., -0.14928873,
         -0.23441686, -0.1201984 ],
        [-0.32531855, -0.0945883 ,  0.        , ..., -0.2421477 ,
         -0.32531855, -0.21356201],
        ...,
        [-0.08666093,  0.14928873,  0.2421477 , ...,  0.        ,
         -0.08666093,  0.02935496],
        [ 0.        ,  0.23441686,  0.32531855, ...,  0.08666093,
          0.        ,  0.1158681 ],
        [-0.1158681 ,  0.1201984 ,  0.21356201, ..., -0.02935496,
         -0.1158681 ,  0.        ]],

       [[ 0.        ,  0.07893307,  0.16599131, ...,  0.1150764 ,
          0.10581591,  0.46542713],
        [-0.07893307,  0.        ,  0.08763536, ...,  0.03630867,
          0.02699584,  0.39411239],
        [-0.16599131, -0.08763536,  0.        , ..., -0.0514086 ,
         -0.06071144,  0.31205375],
        ...,
        [-0.1150764 , -0.03630867,  0.0514086 , ...,  0.        ,
         -0.00931739,  0.3604826 ],
        [-0.10581591, -0.02699584,  0.06071144, ...,  0.00931739,
          0.        ,  0.3691579 ],
        [-0.46542713, -0.39411239, -0.31205375, ..., -0.3604826 ,
         -0.3691579 ,  0.        ]],

       [[ 0.        , -0.01572776, -0.03129928, ..., -0.30189978,
         -0.31497599, -0.25528644],
        [ 0.01572776,  0.        , -0.01557535, ..., -0.28686854,
         -0.30000982, -0.24004823],
        [ 0.03129928,  0.01557535,  0.        , ..., -0.27191303,
         -0.28511554, -0.22489917],
        ...,
        [ 0.30189978,  0.28686854,  0.27191303, ...,  0.        ,
         -0.01374613,  0.04852179],
        [ 0.31497599,  0.30000982,  0.28511554, ...,  0.01374613,
          0.        ,  0.06224714],
        [ 0.25528644,  0.24004823,  0.22489917, ..., -0.04852179,
         -0.06224714,  0.        ]],

       ...,

       [[ 0.        ,  0.29785416,  0.05786926, ...,  0.99442608,
          0.87613851,  0.7849146 ],
        [-0.29785416,  0.        , -0.24211235, ...,  0.91788586,
          0.69278839,  0.5647368 ],
        [-0.05786926,  0.24211235,  0.        , ...,  0.98665807,
          0.84677383,  0.7477432 ],
        ...,
        [-0.99442608, -0.91788586, -0.98665807, ...,  0.        ,
         -0.38699582, -0.53339196],
        [-0.87613851, -0.69278839, -0.84677383, ...,  0.38699582,
          0.        , -0.16448339],
        [-0.7849146 , -0.5647368 , -0.7477432 , ...,  0.53339196,
          0.16448339,  0.        ]],

       [[ 0.        , -0.09875178, -0.22098354, ..., -0.60224446,
         -0.515193  , -0.40925271],
        [ 0.09875178,  0.        , -0.123593  , ..., -0.52046605,
         -0.42803719, -0.31714911],
        [ 0.22098354,  0.123593  ,  0.        , ..., -0.41094174,
         -0.31305687, -0.19750493],
        ...,
        [ 0.60224446,  0.52046605,  0.41094174, ...,  0.        ,
          0.10488357,  0.22278931],
        [ 0.515193  ,  0.42803719,  0.31305687, ..., -0.10488357,
          0.        ,  0.11931302],
        [ 0.40925271,  0.31714911,  0.19750493, ..., -0.22278931,
         -0.11931302,  0.        ]],

       [[ 0.        ,  0.17616896,  0.40497304, ..., -0.93412135,
         -0.98634124, -0.99939109],
        [-0.17616896,  0.        ,  0.23756291, ..., -0.85662714,
         -0.94189718, -0.9776137 ],
        [-0.40497304, -0.23756291,  0.        , ..., -0.7095365 ,
         -0.83513499, -0.89964164],
        ...,
        [ 0.93412135,  0.85662714,  0.7095365 , ...,  0.        ,
          0.19821644,  0.32414505],
        [ 0.98634124,  0.94189718,  0.83513499, ..., -0.19821644,
          0.        ,  0.13019923],
        [ 0.99939109,  0.9776137 ,  0.89964164, ..., -0.32414505,
         -0.13019923,  0.        ]]]), 'num': array([9.23150102e-01, 9.51233166e-04, 1.28619089e-05, 1.34690100e-08,
       1.30994157e-03, 1.31176855e-03, 1.29349879e-03, 3.84421392e-01,
       1.46158056e-05, 1.29422958e-03, 1.25787277e-03, 1.27891344e-03,
       1.39099286e-06, 1.32942400e-03, 1.18632153e-03])}
{'img': array([[[ 0.        ,  0.0945883 ,  0.37149046, ..., -0.23441686,
         -0.1201984 ,  0.12707007],
        [-0.0945883 ,  0.        ,  0.28200563, ..., -0.32531855,
         -0.21356201,  0.0326788 ],
        [-0.37149046, -0.28200563,  0.        , ..., -0.57878055,
         -0.48039373, -0.25050255],
        ...,
        [ 0.23441686,  0.32531855,  0.57878055, ...,  0.        ,
          0.1158681 ,  0.35604603],
        [ 0.1201984 ,  0.21356201,  0.48039373, ..., -0.1158681 ,
          0.        ,  0.24537284],
        [-0.12707007, -0.0326788 ,  0.25050255, ..., -0.35604603,
         -0.24537284,  0.        ]],

       [[ 0.        ,  0.08763536, -0.08770991, ...,  0.02699584,
          0.39411239,  0.73740566],
        [-0.08763536,  0.        , -0.17467008, ..., -0.06071144,
          0.31205375,  0.67537527],
        [ 0.08770991,  0.17467008,  0.        , ...,  0.11456975,
          0.47320438,  0.79380742],
        ...,
        [-0.02699584,  0.06071144, -0.11456975, ...,  0.        ,
          0.3691579 ,  0.71890257],
        [-0.39411239, -0.31205375, -0.47320438, ..., -0.3691579 ,
          0.        ,  0.41151844],
        [-0.73740566, -0.67537527, -0.79380742, ..., -0.71890257,
         -0.41151844,  0.        ]],

       [[ 0.        , -0.01557535,  0.0802611 , ..., -0.30000982,
         -0.24004823, -0.14951515],
        [ 0.01557535,  0.        ,  0.09577647, ..., -0.28511554,
         -0.22489917, -0.13409674],
        [-0.0802611 , -0.09577647,  0.        , ..., -0.37560591,
         -0.31718815, -0.22839172],
        ...,
        [ 0.30000982,  0.28511554,  0.37560591, ...,  0.        ,
          0.06224714,  0.15400963],
        [ 0.24004823,  0.22489917,  0.31718815, ..., -0.06224714,
          0.        ,  0.09220648],
        [ 0.14951515,  0.13409674,  0.22839172, ..., -0.15400963,
         -0.09220648,  0.        ]],

       ...,

       [[ 0.        , -0.22018271,  0.07478752, ...,  0.58624601,
          0.48516618,  0.99360856],
        [ 0.22018271,  0.        ,  0.29251822, ...,  0.75023604,
          0.66579215,  0.99407841],
        [-0.07478752, -0.29251822,  0.        , ...,  0.52401637,
          0.41841162,  0.9823839 ],
        ...,
        [-0.58624601, -0.75023604, -0.52401637, ...,  0.        ,
         -0.11957721,  0.7387794 ],
        [-0.48516618, -0.66579215, -0.41841162, ...,  0.11957721,
          0.        ,  0.81406732],
        [-0.99360856, -0.99407841, -0.9823839 , ..., -0.7387794 ,
         -0.81406732,  0.        ]],

       [[ 0.        , -0.123593  , -0.22808781, ..., -0.42803719,
         -0.31714911, -0.15788785],
        [ 0.123593  ,  0.        , -0.1060039 , ..., -0.31305687,
         -0.19750493, -0.03463454],
        [ 0.22808781,  0.1060039 ,  0.        , ..., -0.21061747,
         -0.09247631,  0.07150091],
        ...,
        [ 0.42803719,  0.31305687,  0.21061747, ...,  0.        ,
          0.11931302,  0.27997544],
        [ 0.31714911,  0.19750493,  0.09247631, ..., -0.11931302,
          0.        ,  0.16343414],
        [ 0.15788785,  0.03463454, -0.07150091, ..., -0.27997544,
         -0.16343414,  0.        ]],

       [[ 0.        ,  0.23756291,  0.55328354, ..., -0.94189718,
         -0.9776137 , -0.9950884 ],
        [-0.23756291,  0.        ,  0.33955598, ..., -0.83513499,
         -0.89964164, -0.94308475],
        [-0.55328354, -0.33955598,  0.        , ..., -0.59874507,
         -0.69793019, -0.77413198],
        ...,
        [ 0.94189718,  0.83513499,  0.59874507, ...,  0.        ,
          0.13019923,  0.24101287],
        [ 0.9776137 ,  0.89964164,  0.69793019, ..., -0.13019923,
          0.        ,  0.11260013],
        [ 0.9950884 ,  0.94308475,  0.77413198, ..., -0.24101287,
         -0.11260013,  0.        ]]]), 'num': array([8.47140818e-01, 4.39606345e-01, 5.66020102e-06, 2.99060027e-08,
       1.20572329e-03, 1.21074714e-03, 1.19567560e-03, 2.98475328e-01,
       5.02384706e-06, 1.19199145e-03, 1.15774555e-03, 1.17245426e-03,
       1.33208066e-06, 1.22409310e-03, 1.09139801e-03])}
{'img': array([[[ 0.        ,  0.28200563,  0.36224198, ..., -0.21356201,
          0.0326788 ,  0.13466574],
        [-0.28200563,  0.        ,  0.08468662, ..., -0.48039373,
         -0.25050255, -0.15023683],
        [-0.36224198, -0.08468662,  0.        , ..., -0.55294264,
         -0.33158912, -0.23342256],
        ...,
        [ 0.21356201,  0.48039373,  0.55294264, ...,  0.        ,
          0.24537284,  0.34317563],
        [-0.0326788 ,  0.25050255,  0.33158912, ..., -0.24537284,
          0.        ,  0.10221268],
        [-0.13466574,  0.15023683,  0.23342256, ..., -0.34317563,
         -0.10221268,  0.        ]],

       [[ 0.        , -0.17467008, -0.29179181, ...,  0.31205375,
          0.67537527,  0.45510211],
        [ 0.17467008,  0.        , -0.12023734, ...,  0.47320438,
          0.79380742,  0.60363893],
        [ 0.29179181,  0.12023734,  0.        , ...,  0.57569477,
          0.86117313,  0.69511979],
        ...,
        [-0.31205375, -0.47320438, -0.57569477, ...,  0.        ,
          0.41151844,  0.15451143],
        [-0.67537527, -0.79380742, -0.86117313, ..., -0.41151844,
          0.        , -0.26575458],
        [-0.45510211, -0.60363893, -0.69511979, ..., -0.15451143,
          0.26575458,  0.        ]],

       [[ 0.        ,  0.09577647,  0.19791215, ..., -0.22489917,
         -0.13409674, -0.00773328],
        [-0.09577647,  0.        ,  0.10312034, ..., -0.31718815,
         -0.22839172, -0.10347133],
        [-0.19791215, -0.10312034,  0.        , ..., -0.41329266,
         -0.32756893, -0.20548654],
        ...,
        [ 0.22489917,  0.31718815,  0.41329266, ...,  0.        ,
          0.09220648,  0.21735728],
        [ 0.13409674,  0.22839172,  0.32756893, ..., -0.09220648,
          0.        ,  0.1264293 ],
        [ 0.00773328,  0.10347133,  0.20548654, ..., -0.21735728,
         -0.1264293 ,  0.        ]],

       ...,

       [[ 0.        ,  0.27533619,  0.47549119, ...,  0.62158426,
          0.94593963,  0.98684422],
        [-0.27533619,  0.        ,  0.21489362, ...,  0.38187492,
          0.82007388,  0.99321543],
        [-0.47549119, -0.21489362,  0.        , ...,  0.17434566,
          0.67794036,  0.94502164],
        ...,
        [-0.62158426, -0.38187492, -0.17434566, ...,  0.        ,
          0.53939292,  0.87353578],
        [-0.94593963, -0.82007388, -0.67794036, ..., -0.53939292,
          0.        ,  0.47300961],
        [-0.98684422, -0.99321543, -0.94502164, ..., -0.87353578,
         -0.47300961,  0.        ]],

       [[ 0.        , -0.1060039 , -0.06804576, ..., -0.19750493,
         -0.03463454,  0.12521927],
        [ 0.1060039 ,  0.        ,  0.03809584, ..., -0.09247631,
          0.07150091,  0.22968331],
        [ 0.06804576, -0.03809584,  0.        , ..., -0.13034177,
          0.03345067,  0.19243922],
        ...,
        [ 0.19750493,  0.09247631,  0.13034177, ...,  0.        ,
          0.16343414,  0.31870308],
        [ 0.03463454, -0.07150091, -0.03345067, ..., -0.16343414,
          0.        ,  0.15950608],
        [-0.12521927, -0.22968331, -0.19243922, ..., -0.31870308,
         -0.15950608,  0.        ]],

       [[ 0.        ,  0.33955598,  0.46039954, ..., -0.89964164,
         -0.94308475, -0.98416661],
        [-0.33955598,  0.        ,  0.13161744, ..., -0.69793019,
         -0.77413198, -0.86550829],
        [-0.46039954, -0.13161744,  0.        , ..., -0.5975987 ,
         -0.68408046, -0.79205242],
        ...,
        [ 0.89964164,  0.69793019,  0.5975987 , ...,  0.        ,
          0.11260013,  0.27025798],
        [ 0.94308475,  0.77413198,  0.68408046, ..., -0.11260013,
          0.        ,  0.1601292 ],
        [ 0.98416661,  0.86550829,  0.79205242, ..., -0.27025798,
         -0.1601292 ,  0.        ]]]), 'num': array([ 8.02049526e-01,  5.39354817e-01,  3.74208987e-06,  3.14317945e-08,
        1.12262696e-03,  1.14661472e-03,  1.12262696e-03,  2.56520692e-01,
       -2.87853067e-05,  1.13637994e-03,  1.10847418e-03,  1.11926867e-03,
        1.05606471e-06,  1.16938839e-03,  1.04755998e-03])}
{'img': array([[[ 0.        ,  0.08468662,  0.13026368, ..., -0.25050255,
         -0.15023683, -0.6462178 ],
        [-0.08468662,  0.        ,  0.04583069, ..., -0.33158912,
         -0.23342256, -0.70852521],
        [-0.13026368, -0.04583069,  0.        , ..., -0.37447846,
         -0.27774191, -0.74012276],
        ...,
        [ 0.25050255,  0.33158912,  0.37447846, ...,  0.        ,
          0.10221268, -0.43444198],
        [ 0.15023683,  0.23342256,  0.27774191, ..., -0.10221268,
          0.        , -0.52422956],
        [ 0.6462178 ,  0.70852521,  0.74012276, ...,  0.43444198,
          0.52422956,  0.        ]],

       [[ 0.        , -0.12023734, -0.19888069, ...,  0.79380742,
          0.60363893,  0.47945755],
        [ 0.12023734,  0.        , -0.0796024 , ...,  0.86117313,
          0.69511979,  0.58149526],
        [ 0.19888069,  0.0796024 ,  0.        , ...,  0.8989032 ,
          0.75013964,  0.64441051],
        ...,
        [-0.79380742, -0.86117313, -0.8989032 , ...,  0.        ,
         -0.26575458, -0.40502635],
        [-0.60363893, -0.69511979, -0.75013964, ...,  0.26575458,
          0.        , -0.14748115],
        [-0.47945755, -0.58149526, -0.64441051, ...,  0.40502635,
          0.14748115,  0.        ]],

       [[ 0.        ,  0.10312034,  0.31986177, ..., -0.22839172,
         -0.10347133, -0.14879583],
        [-0.10312034,  0.        ,  0.22045372, ..., -0.32756893,
         -0.20548654, -0.24997498],
        [-0.31986177, -0.22045372,  0.        , ..., -0.52780059,
         -0.41618027, -0.45727977],
        ...,
        [ 0.22839172,  0.32756893,  0.52780059, ...,  0.        ,
          0.1264293 ,  0.08098619],
        [ 0.10347133,  0.20548654,  0.41618027, ..., -0.1264293 ,
          0.        , -0.04567768],
        [ 0.14879583,  0.24997498,  0.45727977, ..., -0.08098619,
          0.04567768,  0.        ]],

       ...,

       [[ 0.        ,  0.21489362,  0.26126092, ...,  0.82007388,
          0.99321543,  0.42642455],
        [-0.21489362,  0.        ,  0.04772722, ...,  0.67794036,
          0.94502164,  0.22208594],
        [-0.26126092, -0.04772722,  0.        , ...,  0.6420827 ,
          0.92833753,  0.17529752],
        ...,
        [-0.82007388, -0.67794036, -0.6420827 , ...,  0.        ,
          0.47300961, -0.49775109],
        [-0.99321543, -0.94502164, -0.92833753, ..., -0.47300961,
          0.        , -0.84879787],
        [-0.42642455, -0.22208594, -0.17529752, ...,  0.49775109,
          0.84879787,  0.        ]],

       [[ 0.        ,  0.03809584,  0.07611592, ...,  0.07150091,
          0.22968331,  0.24333707],
        [-0.03809584,  0.        ,  0.03807535, ...,  0.03345067,
          0.19243922,  0.20620969],
        [-0.07611592, -0.03807535,  0.        , ..., -0.00462762,
          0.154936  ,  0.16880313],
        ...,
        [-0.07150091, -0.03345067,  0.00462762, ...,  0.        ,
          0.15950608,  0.17336254],
        [-0.22968331, -0.19243922, -0.154936  , ..., -0.15950608,
          0.        ,  0.01405212],
        [-0.24333707, -0.20620969, -0.16880313, ..., -0.17336254,
         -0.01405212,  0.        ]],

       [[ 0.        ,  0.13161744,  0.08712558, ..., -0.77413198,
         -0.86550829, -0.93960059],
        [-0.13161744,  0.        , -0.0447493 , ..., -0.68408046,
         -0.79205242, -0.88637754],
        [-0.08712558,  0.0447493 ,  0.        , ..., -0.71603561,
         -0.81857632, -0.90620688],
        ...,
        [ 0.77413198,  0.68408046,  0.71603561, ...,  0.        ,
          0.1601292 ,  0.32982556],
        [ 0.86550829,  0.79205242,  0.81857632, ..., -0.1601292 ,
          0.        ,  0.17440084],
        [ 0.93960059,  0.88637754,  0.90620688, ..., -0.32982556,
         -0.17440084,  0.        ]]]), 'num': array([ 7.94058336e-01,  5.78207101e-01,  3.09242458e-06,  1.75591973e-08,
        1.10692941e-03,  1.12278800e-03,  1.10375770e-03,  1.87451487e-01,
       -6.34343503e-06,  1.12469103e-03,  1.10177537e-03,  1.10925534e-03,
        9.93014363e-07,  1.15890922e-03,  1.04464152e-03])}
{'img': array([[[ 0.        ,  0.04583069, -0.08468662, ..., -0.23342256,
         -0.70852521, -0.78347799],
        [-0.04583069,  0.        , -0.13026368, ..., -0.27774191,
         -0.74012276, -0.81113481],
        [ 0.08468662,  0.13026368,  0.        , ..., -0.15023683,
         -0.6462178 , -0.72803753],
        ...,
        [ 0.23342256,  0.27774191,  0.15023683, ...,  0.        ,
         -0.52422956, -0.61678138],
        [ 0.70852521,  0.74012276,  0.6462178 , ...,  0.52422956,
          0.        , -0.11259766],
        [ 0.78347799,  0.81113481,  0.72803753, ...,  0.61678138,
