state_0,state_1,state_2,state_3,state_4,state_5,state_6,state_7,state_8,state_9,state_10,state_11,state_12,state_13,state_14,state_15,state_16,state_17,state_18,state_19,state_20,state_21,state_22,state_23,state_24,state_25,state_26,state_27,state_28,state_29,state_30,state_31,state_32,state_33,state_34,state_35,state_36,state_37,state_38,state_39,state_40,state_41,state_42,state_43,state_44,state_45,state_46,state_47,state_48,state_49,state_50,state_51,state_52,state_53,state_54,state_55,state_56,state_57,state_58,state_59,state_60,state_61,state_62,state_63,state_64,state_65,state_66,state_67,state_68,state_69,state_70,state_71,state_72,state_73,state_74,state_75,state_76,state_77,state_78,state_79,state_80,state_81,state_82,state_83,state_84,state_85,state_86,state_87,state_88,state_89,state_90,state_91,state_92,state_93,state_94,state_95,state_96,state_97,state_98,state_99,state_100,state_101,state_102,state_103,state_104,state_105,state_106,state_107,state_108,state_109,state_110,state_111,state_112,state_113,state_114,state_115,state_116,state_117,state_118,state_119,state_120,state_121,state_122,state_123,state_124,state_125,state_126,state_127,state_128,state_129,state_130,state_131,state_132,state_133,state_134,state_135,state_136,state_137,state_138,state_139,state_140,state_141,state_142,state_143,state_144,state_145,state_146,state_147,state_148,state_149,state_150,state_151,state_152,state_153,state_154,state_155,state_156,state_157,state_158,state_159,state_160,state_161,state_162,state_163,state_164,state_165,state_166,state_167,state_168,state_169,state_170,state_171,state_172,state_173,state_174,state_175,state_176,state_177,state_178,state_179,state_180,state_181,state_182,state_183,state_184,state_185,state_186,state_187,state_188,state_189,state_190,state_191,state_192,state_193,state_194,state_195,state_196,state_197,state_198,state_199,state_200,state_201,state_202,state_203,state_204,state_205,state_206,state_207,state_208,state_209,state_210,state_211,state_212,state_213,state_214,state_215,state_216,state_217,state_218,state_219,state_220,state_221,state_222,state_223,state_224,state_225,state_226,state_227,state_228,state_229,state_230,state_231,state_232,state_233,state_234,state_235,state_236,state_237,state_238,state_239,state_240,state_241,state_242,state_243,state_244,state_245,state_246,state_247,state_248,state_249,state_250,state_251,state_252,state_253,state_254,state_255,state_256,state_257,state_258,state_259,state_260,state_261,state_262,state_263,state_264,state_265,state_266,state_267,state_268,state_269,state_270,state_271,state_272,state_273,state_274,state_275,state_276,state_277,state_278,state_279,state_280,state_281,state_282,state_283,state_284,state_285,state_286,state_287
{'img': array([[[ 0.        ,  0.70652175,  0.21996804, ...,  0.83986665,
          0.54678216,  0.97748408],
        [-0.70652175,  0.        , -0.5335475 , ...,  0.21087143,
         -0.20459995,  0.84083958],
        [-0.21996804,  0.5335475 ,  0.        , ...,  0.69989879,
          0.34921614,  0.99995792],
        ...,
        [-0.83986665, -0.21087143, -0.69989879, ...,  0.        ,
         -0.40640986,  0.70779088],
        [-0.54678216,  0.20459995, -0.34921614, ...,  0.40640986,
          0.        ,  0.93379895],
        [-0.97748408, -0.84083958, -0.99995792, ..., -0.70779088,
         -0.93379895,  0.        ]],

       [[ 0.        , -0.71660202, -0.95453539, ..., -0.80686703,
         -0.8847053 , -0.83404585],
        [ 0.71660202,  0.        , -0.87938889, ..., -0.986096  ,
         -0.95111085, -0.18638636],
        [ 0.95453539,  0.87938889,  0.        , ..., -0.3233505 ,
         -0.18122884,  0.77523961],
        ...,
        [ 0.80686703,  0.986096  ,  0.3233505 , ...,  0.        ,
          0.14650303,  0.9378431 ],
        [ 0.8847053 ,  0.95111085,  0.18122884, ..., -0.14650303,
          0.        ,  0.87687871],
        [ 0.83404585,  0.18638636, -0.77523961, ..., -0.9378431 ,
         -0.87687871,  0.        ]],

       [[ 0.        ,  0.84246864,  0.97682881, ...,  0.49803197,
          0.47824074,  0.        ],
        [-0.84246864,  0.        ,  0.34595507, ...,  0.99886641,
          0.9975302 ,  0.84246864],
        [-0.97682881, -0.34595507,  0.        , ...,  0.95365544,
          0.96023328,  0.97682881],
        ...,
        [-0.49803197, -0.99886641, -0.95365544, ...,  0.        ,
          0.0226754 ,  0.49803197],
        [-0.47824074, -0.9975302 , -0.96023328, ..., -0.0226754 ,
          0.        ,  0.47824074],
        [-0.        , -0.84246864, -0.97682881, ..., -0.49803197,
         -0.47824074,  0.        ]],

       ...,

       [[ 0.        ,  0.46301982, -0.1391441 , ..., -0.69717765,
         -0.96429694, -0.90144291],
        [-0.46301982,  0.        , -0.58184572, ..., -0.94988013,
         -0.97732106, -0.99943241],
        [ 0.1391441 ,  0.58184572,  0.        , ..., -0.59064342,
         -0.91806779, -0.8324386 ],
        ...,
        [ 0.69717765,  0.94988013,  0.59064342, ...,  0.        ,
         -0.50667401, -0.34443618],
        [ 0.96429694,  0.97732106,  0.91806779, ...,  0.50667401,
          0.        ,  0.17871907],
        [ 0.90144291,  0.99943241,  0.8324386 , ...,  0.34443618,
         -0.17871907,  0.        ]],

       [[ 0.        ,  0.89181878,  0.98135882, ...,  0.70096162,
          0.75326522,  0.66513088],
        [-0.89181878,  0.        ,  0.272566  , ...,  0.95315426,
          0.92733605,  0.96684542],
        [-0.98135882, -0.272566  ,  0.        , ...,  0.83461804,
          0.79022212,  0.86063474],
        ...,
        [-0.70096162, -0.95315426, -0.83461804, ...,  0.        ,
         -0.07619371,  0.04905615],
        [-0.75326522, -0.92733605, -0.79022212, ...,  0.07619371,
          0.        ,  0.12501552],
        [-0.66513088, -0.96684542, -0.86063474, ..., -0.04905615,
         -0.12501552,  0.        ]],

       [[ 0.        , -0.24818281, -0.33170106, ...,  0.9904128 ,
          0.9141277 ,  0.81311171],
        [ 0.24818281,  0.        , -0.08719138, ...,  0.92514216,
          0.78490772,  0.64320294],
        [ 0.33170106,  0.08719138,  0.        , ...,  0.88851917,
          0.72789358,  0.57399129],
        ...,
        [-0.9904128 , -0.92514216, -0.88851917, ...,  0.        ,
          0.27526249,  0.46420418],
        [-0.9141277 , -0.78490772, -0.72789358, ..., -0.27526249,
          0.        ,  0.20246381],
        [-0.81311171, -0.64320294, -0.57399129, ..., -0.46420418,
         -0.20246381,  0.        ]]]), 'num': array([ 7.07088194e-01,  7.07088194e-01,  0.00000000e+00,  0.00000000e+00,
        2.89870538e-04,  2.96549583e-04,  2.84972572e-04,  7.20671590e-03,
       -1.33580893e-06,  2.84972572e-04,  2.76111706e-04,  2.66167351e-04,
        5.42067392e-07,  2.91664051e-04,  2.60559361e-04])}
{'img': array([[[ 0.        , -0.5335475 ,  0.5372179 , ..., -0.20459995,
          0.84083958,  0.61744504],
        [ 0.5335475 ,  0.        ,  0.90438001, ...,  0.34921614,
          0.99995792,  0.9419125 ],
        [-0.5372179 , -0.90438001,  0.        , ..., -0.69842191,
          0.418413  ,  0.09819687],
        ...,
        [ 0.20459995, -0.34921614,  0.69842191, ...,  0.        ,
          0.93379895,  0.7653246 ],
        [-0.84083958, -0.99995792, -0.418413  , ..., -0.93379895,
          0.        , -0.32720283],
        [-0.61744504, -0.9419125 , -0.09819687, ..., -0.7653246 ,
          0.32720283,  0.        ]],

       [[ 0.        , -0.98492047, -0.88429648, ..., -0.92862866,
         -0.56038639, -0.87816927],
        [ 0.98492047,  0.        ,  0.61287493, ..., -0.20475594,
          0.91269314, -0.31920667],
        [ 0.88429648, -0.61287493,  0.        , ..., -0.76168402,
          0.47074315, -0.83304316],
        ...,
        [ 0.92862866,  0.20475594,  0.76168402, ...,  0.        ,
          0.97702858, -0.1183995 ],
        [ 0.56038639, -0.91269314, -0.47074315, ..., -0.97702858,
          0.        , -0.99538812],
        [ 0.87816927,  0.31920667,  0.83304316, ...,  0.1183995 ,
          0.99538812,  0.        ]],

       [[ 0.        ,  0.7500511 ,  0.9999991 , ...,  0.68553227,
          0.41883996,  0.09633635],
        [-0.7500511 ,  0.        ,  0.66238766, ...,  0.99946614,
          0.95810378,  0.81027741],
        [-0.9999991 , -0.66238766,  0.        , ...,  0.72711995,
          0.90749616,  0.99521842],
        ...,
        [-0.68553227, -0.99946614, -0.72711995, ...,  0.        ,
          0.3175713 ,  0.61220682],
        [-0.41883996, -0.95810378, -0.90749616, ..., -0.3175713 ,
          0.        ,  0.32941267],
        [-0.09633635, -0.81027741, -0.99521842, ..., -0.61220682,
         -0.32941267,  0.        ]],

       ...,

       [[ 0.        , -0.58184572, -0.30741633, ..., -0.97732106,
         -0.99943241, -0.98062381],
        [ 0.58184572,  0.        ,  0.30364845, ..., -0.91806779,
         -0.8324386 , -0.68355676],
        [ 0.30741633, -0.30364845,  0.        , ..., -0.99509379,
         -0.96139116, -0.87291424],
        ...,
        [ 0.97732106,  0.91806779,  0.99509379, ...,  0.        ,
          0.17871907,  0.39911734],
        [ 0.99943241,  0.8324386 ,  0.96139116, ..., -0.17871907,
          0.        ,  0.22882412],
        [ 0.98062381,  0.68355676,  0.87291424, ..., -0.39911734,
         -0.22882412,  0.        ]],

       [[ 0.        ,  0.76696981,  0.99991512, ...,  0.8488317 ,
          0.75887768,  0.64231784],
        [-0.76696981,  0.        ,  0.631636  , ...,  0.95014972,
          0.98643524,  0.99999966],
        [-0.99991512, -0.631636  ,  0.        , ...,  0.53967759,
          0.66106521,  0.77474198],
        ...,
        [-0.8488317 , -0.95014972, -0.53967759, ...,  0.        ,
          0.1515967 ,  0.31100741],
        [-0.75887768, -0.98643524, -0.66106521, ..., -0.1515967 ,
          0.        ,  0.16333428],
        [-0.64231784, -0.99999966, -0.77474198, ..., -0.31100741,
         -0.16333428,  0.        ]],

       [[ 0.        , -0.08719138, -0.35651753, ...,  0.78490772,
          0.64320294,  0.76964804],
        [ 0.08719138,  0.        , -0.27369785, ...,  0.72789358,
          0.57399129,  0.71104796],
        [ 0.35651753,  0.27369785,  0.        , ...,  0.51242758,
          0.32795324,  0.49144824],
        ...,
        [-0.78490772, -0.72789358, -0.51242758, ...,  0.        ,
          0.20246381,  0.02425509],
        [-0.64320294, -0.57399129, -0.32795324, ..., -0.20246381,
          0.        , -0.17865148],
        [-0.76964804, -0.71104796, -0.49144824, ..., -0.02425509,
          0.17865148,  0.        ]]]), 'num': array([ 8.31387601e-01,  5.55410385e-01,  7.97622013e-06, -4.64141134e-11,
        3.55183033e-04,  3.56209574e-04,  3.34652222e-04,  1.76940587e-02,
        2.10440814e-05,  3.34036298e-04,  3.20639943e-04,  3.07354798e-04,
        8.07028740e-07,  3.44096114e-04,  2.97183772e-04])}
{'img': array([[[ 0.        ,  0.63061278,  0.58370837, ...,  0.68783848,
          0.6536984 ,  0.96780513],
        [-0.63061278,  0.        , -0.05901981, ...,  0.07609083,
          0.03011428,  0.90983693],
        [-0.58370837,  0.05901981,  0.        , ...,  0.13480689,
          0.08905483,  0.93274212],
        ...,
        [-0.68783848, -0.07609083, -0.13480689, ...,  0.        ,
         -0.04602934,  0.8756241 ],
        [-0.6536984 , -0.03011428, -0.08905483, ...,  0.04602934,
          0.        ,  0.89692788],
        [-0.96780513, -0.90983693, -0.93274212, ..., -0.8756241 ,
         -0.89692788,  0.        ]],

       [[ 0.        ,  0.67790124, -0.30724317, ...,  0.99544774,
         -0.34130712,  0.48976753],
        [-0.67790124,  0.        , -0.87098259, ...,  0.79641641,
         -0.88810746, -0.23097621],
        [ 0.30724317,  0.87098259,  0.        , ...,  0.91801596,
         -0.03600467,  0.73394888],
        ...,
        [-0.99544774, -0.79641641, -0.91801596, ...,  0.        ,
         -0.90314332, -0.91456338],
        [ 0.34130712,  0.88810746,  0.03600467, ...,  0.90314332,
          0.        ,  0.75792754],
        [-0.48976753,  0.23097621, -0.73394888, ...,  0.91456338,
         -0.75792754,  0.        ]],

       [[ 0.        ,  0.61282764,  0.89386243, ...,  0.99740721,
          0.99999457,  0.77477961],
        [-0.61282764,  0.        ,  0.43158896, ...,  0.74406607,
          0.79223245,  0.9996926 ],
        [-0.89386243, -0.43158896,  0.        , ...,  0.38285277,
          0.45128545,  0.91249363],
        ...,
        [-0.99740721, -0.74406607, -0.38285277, ...,  0.        ,
          0.07525171,  0.68634859],
        [-0.99999457, -0.79223245, -0.45128545, ..., -0.07525171,
          0.        ,  0.62967397],
        [-0.77477961, -0.9996926 , -0.91249363, ..., -0.68634859,
         -0.62967397,  0.        ]],

       ...,

       [[ 0.        ,  0.51315995,  0.19763605, ..., -0.8632355 ,
         -0.72041548,  0.05632337],
        [-0.51315995,  0.        , -0.33340847, ..., -0.99995285,
         -0.97422592, -0.4640034 ],
        [-0.19763605,  0.33340847,  0.        , ..., -0.94597554,
         -0.84327467, -0.1421099 ],
        ...,
        [ 0.8632355 ,  0.99995285,  0.94597554, ...,  0.        ,
          0.23502396,  0.8902973 ],
        [ 0.72041548,  0.97422592,  0.84327467, ..., -0.23502396,
          0.        ,  0.75833454],
        [-0.05632337,  0.4640034 ,  0.1421099 , ..., -0.8902973 ,
         -0.75833454,  0.        ]],

       [[ 0.        ,  0.87371425,  0.999352  , ...,  0.96976399,
          0.92284454,  0.22144828],
        [-0.87371425,  0.        ,  0.51757288, ...,  0.68495685,
          0.78543887,  0.95974297],
        [-0.999352  , -0.51757288,  0.        , ...,  0.20898075,
          0.35170607,  0.96656937],
        ...,
        [-0.96976399, -0.68495685, -0.20898075, ...,  0.        ,
          0.14831124,  0.89164352],
        [-0.92284454, -0.78543887, -0.35170607, ..., -0.14831124,
          0.        ,  0.81463645],
        [-0.22144828, -0.95974297, -0.96656937, ..., -0.89164352,
         -0.81463645,  0.        ]],

       [[ 0.        , -0.27369785, -0.57399129, ...,  0.57399129,
          0.71104796,  0.86096758],
        [ 0.27369785,  0.        , -0.32795324, ...,  0.32795324,
          0.49144824,  0.68887305],
        [ 0.57399129,  0.32795324,  0.        , ...,  0.        ,
          0.17865148,  0.41304681],
        ...,
        [-0.57399129, -0.32795324, -0.        , ...,  0.        ,
         -0.17865148, -0.41304681],
        [-0.71104796, -0.49144824, -0.17865148, ...,  0.17865148,
          0.        , -0.24370224],
        [-0.86096758, -0.68887305, -0.41304681, ...,  0.41304681,
          0.24370224,  0.        ]]]), 'num': array([ 9.14193488e-01,  4.05080182e-01,  1.50625238e-05,  2.28539270e-08,
        3.86570468e-04,  4.02010412e-04,  3.85426768e-04,  1.26176029e-02,
       -9.14959687e-06,  3.76505911e-04,  3.59607749e-04,  3.43157537e-04,
        8.07317370e-07,  3.87299159e-04,  3.31916340e-04])}
{'img': array([[[ 0.        , -0.05901981, -0.35848322, ...,  0.03011428,
          0.90983693,  0.45330084],
        [ 0.05901981,  0.        , -0.30276118, ...,  0.08905483,
          0.93274212,  0.50511841],
        [ 0.35848322,  0.30276118,  0.        , ...,  0.3864334 ,
          0.99812402,  0.74270947],
        ...,
        [-0.03011428, -0.08905483, -0.3864334 , ...,  0.        ,
          0.89692788,  0.42625266],
        [-0.90983693, -0.93274212, -0.99812402, ..., -0.89692788,
          0.        , -0.62288561],
        [-0.45330084, -0.50511841, -0.74270947, ..., -0.42625266,
          0.62288561,  0.        ]],

       [[ 0.        , -0.87098259, -0.88894628, ..., -0.88810746,
         -0.23097621, -0.72528134],
        [ 0.87098259,  0.        , -0.03783162, ..., -0.03600467,
          0.73394888,  0.24328944],
        [ 0.88894628,  0.03783162,  0.        , ...,  0.0018282 ,
          0.75911888,  0.2798102 ],
        ...,
        [ 0.88810746,  0.03600467, -0.0018282 , ...,  0.        ,
          0.75792754,  0.27805456],
        [ 0.23097621, -0.73394888, -0.75911888, ..., -0.75792754,
          0.        , -0.54665313],
        [ 0.72528134, -0.24328944, -0.2798102 , ..., -0.27805456,
          0.54665313,  0.        ]],

       [[ 0.        ,  0.396279  ,  0.52457341, ...,  0.71752633,
          0.90024824,  0.995402  ],
        [-0.396279  ,  0.        ,  0.1442485 , ...,  0.38276179,
          0.6540143 ,  0.95186634],
        [-0.52457341, -0.1442485 ,  0.        , ...,  0.24549512,
          0.53805287,  0.89769714],
        ...,
        [-0.71752633, -0.38276179, -0.24549512, ...,  0.        ,
          0.31465672,  0.76205731],
        [-0.90024824, -0.6540143 , -0.53805287, ..., -0.31465672,
          0.        ,  0.51960578],
        [-0.995402  , -0.95186634, -0.89769714, ..., -0.76205731,
         -0.51960578,  0.        ]],

       ...,

       [[ 0.        , -0.33340847, -0.73439037, ..., -0.97422592,
         -0.4640034 , -0.80947671],
        [ 0.33340847,  0.        , -0.46607693, ..., -0.84327467,
         -0.1421099 , -0.56739901],
        [ 0.73439037,  0.46607693,  0.        , ..., -0.495574  ,
          0.33561575, -0.11821519],
        ...,
        [ 0.97422592,  0.84327467,  0.495574  , ...,  0.        ,
          0.75833454,  0.38942138],
        [ 0.4640034 ,  0.1421099 , -0.33561575, ..., -0.75833454,
          0.        , -0.44462101],
        [ 0.80947671,  0.56739901,  0.11821519, ..., -0.38942138,
          0.44462101,  0.        ]],

       [[ 0.        ,  0.47836199,  0.72897857, ...,  0.72436676,
          0.97012163,  0.93947216],
        [-0.47836199,  0.        ,  0.31270556, ...,  0.30632205,
          0.73586492,  0.98890835],
        [-0.72897857, -0.31270556,  0.        , ..., -0.00671312,
          0.48721957,  0.89286947],
        ...,
        [-0.72436676, -0.30632205,  0.00671312, ...,  0.        ,
          0.49307102,  0.89587238],
        [-0.97012163, -0.73586492, -0.48721957, ..., -0.49307102,
          0.        ,  0.56032206],
        [-0.93947216, -0.98890835, -0.89286947, ..., -0.89587238,
         -0.56032206,  0.        ]],

       [[ 0.        , -0.32795324, -0.25917361, ...,  0.49144824,
          0.68887305,  0.65709441],
        [ 0.32795324,  0.        ,  0.07190758, ...,  0.17865148,
          0.41304681,  0.37353925],
        [ 0.25917361, -0.07190758,  0.        , ...,  0.24893977,
          0.4774645 ,  0.43927478],
        ...,
        [-0.49144824, -0.17865148, -0.24893977, ...,  0.        ,
         -0.24370224, -0.20181023],
        [-0.68887305, -0.41304681, -0.4774645 , ...,  0.24370224,
          0.        ,  0.04296231],
        [-0.65709441, -0.37353925, -0.43927478, ...,  0.20181023,
         -0.04296231,  0.        ]]]), 'num': array([9.37166955e-01, 3.48722525e-01, 1.72564349e-05, 7.81563250e-09,
       3.97597588e-04, 4.04010452e-04, 3.81856921e-04, 1.04663426e-02,
       3.49792599e-06, 3.91184724e-04, 3.69060342e-04, 3.50161825e-04,
       8.34732339e-07, 3.99065749e-04, 3.39054934e-04])}
{'img': array([[[ 0.        , -0.30276118, -0.72550117, ...,  0.93274212,
          0.50511841,  0.62427371],
        [ 0.30276118,  0.        , -0.48308425, ...,  0.99812402,
          0.74270947,  0.83149309],
        [ 0.72550117,  0.48308425,  0.        , ...,  0.9035079 ,
          0.97377689,  0.99640388],
        ...,
        [-0.93274212, -0.99812402, -0.9035079 , ...,  0.        ,
         -0.62288561, -0.50358518],
        [-0.50511841, -0.74270947, -0.97377689, ...,  0.62288561,
          0.        ,  0.14417807],
        [-0.62427371, -0.83149309, -0.99640388, ...,  0.50358518,
         -0.14417807,  0.        ]],

       [[ 0.        , -0.03783162,  0.08501951, ...,  0.73394888,
          0.24328944,  0.05150044],
        [ 0.03783162,  0.        ,  0.12265329, ...,  0.75911888,
          0.2798102 ,  0.08924499],
        [-0.08501951, -0.12265329,  0.        , ...,  0.67354581,
          0.15994357, -0.03359271],
        ...,
        [-0.73394888, -0.75911888, -0.67354581, ...,  0.        ,
         -0.54665313, -0.69799557],
        [-0.24328944, -0.2798102 , -0.15994357, ...,  0.54665313,
          0.        , -0.19301354],
        [-0.05150044, -0.08924499,  0.03359271, ...,  0.69799557,
          0.19301354,  0.        ]],

       [[ 0.        ,  0.1226063 , -0.02421823, ...,  0.5203028 ,
          0.67095369,  0.98615739],
        [-0.1226063 ,  0.        , -0.14660585, ...,  0.41167376,
          0.57497912,  0.95838762],
        [ 0.02421823,  0.14660585,  0.        , ...,  0.54083212,
          0.6887147 ,  0.98988382],
        ...,
        [-0.5203028 , -0.41167376, -0.54083212, ...,  0.        ,
          0.18717813,  0.75588808],
        [-0.67095369, -0.57497912, -0.6887147 , ..., -0.18717813,
          0.        ,  0.61998282],
        [-0.98615739, -0.95838762, -0.98988382, ..., -0.75588808,
         -0.61998282,  0.        ]],

       ...,

       [[ 0.        , -0.68539861, -0.94874074, ..., -0.33736555,
         -0.77341852, -0.74028038],
        [ 0.68539861,  0.        , -0.47421879, ...,  0.39955742,
         -0.12870743, -0.07825624],
        [ 0.94874074,  0.47421879,  0.        , ...,  0.7864934 ,
          0.35695961,  0.40386716],
        ...,
        [ 0.33736555, -0.39955742, -0.7864934 , ...,  0.        ,
         -0.51422129, -0.47007022],
        [ 0.77341852,  0.12870743, -0.35695961, ...,  0.51422129,
          0.        ,  0.05070737],
        [ 0.74028038,  0.07825624, -0.40386716, ...,  0.47007022,
         -0.05070737,  0.        ]],

       [[ 0.        ,  0.27926382,  0.38070155, ...,  0.63642617,
          0.80351286,  0.99858195],
        [-0.27926382,  0.        ,  0.10732043, ...,  0.39569889,
          0.60530239,  0.94398583],
        [-0.38070155, -0.10732043,  0.        , ...,  0.29485256,
          0.51637987,  0.90311959],
        ...,
        [-0.63642617, -0.39569889, -0.29485256, ...,  0.        ,
          0.24092321,  0.73636291],
        [-0.80351286, -0.60530239, -0.51637987, ..., -0.24092321,
          0.        ,  0.55166728],
        [-0.99858195, -0.94398583, -0.90311959, ..., -0.73636291,
         -0.55166728,  0.        ]],

       [[ 0.        ,  0.07190758,  0.38443108, ...,  0.41304681,
          0.37353925,  0.33750071],
        [-0.07190758,  0.        ,  0.31705415, ...,  0.4774645 ,
          0.43927478,  0.40431545],
        [-0.38443108, -0.31705415,  0.        , ...,  0.73141084,
          0.70143793,  0.67343971],
        ...,
        [-0.41304681, -0.4774645 , -0.73141084, ...,  0.        ,
          0.04296231,  0.0814462 ],
        [-0.37353925, -0.43927478, -0.70143793, ..., -0.04296231,
          0.        ,  0.03855143],
        [-0.33750071, -0.40431545, -0.67343971, ..., -0.0814462 ,
         -0.03855143,  0.        ]]]), 'num': array([9.71026064e-01, 2.38766236e-01, 2.09217094e-05, 1.45452018e-08,
       4.14643164e-04, 4.16420206e-04, 3.99242132e-04, 9.89157332e-03,
       1.06622528e-05, 4.02914686e-04, 3.77354897e-04, 3.56326565e-04,
       8.62766832e-07, 4.12134264e-04, 3.42575529e-04])}
{'img': array([[[ 0.        , -0.46378994, -0.45092913, ...,  0.68564046,
          0.76359203,  0.99997919],
        [ 0.46378994,  0.        ,  0.01446175, ...,  0.94505129,
          0.9759694 ,  0.88891895],
        [ 0.45092913, -0.01446175,  0.        , ...,  0.94022459,
          0.97271601,  0.8954504 ],
        ...,
        [-0.68564046, -0.94505129, -0.94022459, ...,  0.        ,
          0.11313208,  0.72350172],
        [-0.76359203, -0.9759694 , -0.97271601, ..., -0.11313208,
          0.        ,  0.64075918],
        [-0.99997919, -0.88891895, -0.8954504 , ..., -0.72350172,
         -0.64075918,  0.        ]],

       [[ 0.        ,  0.12265329,  0.17516758, ...,  0.2798102 ,
          0.08924499,  0.02761061],
        [-0.12265329,  0.        ,  0.05308808, ...,  0.15994357,
         -0.03359271, -0.09520439],
        [-0.17516758, -0.05308808,  0.        , ...,  0.10731338,
         -0.08660346, -0.14791708],
        ...,
        [-0.2798102 , -0.15994357, -0.10731338, ...,  0.        ,
         -0.19301354, -0.2531958 ],
        [-0.08924499,  0.03359271,  0.08660346, ...,  0.19301354,
          0.        , -0.06171053],
        [-0.02761061,  0.09520439,  0.14791708, ...,  0.2531958 ,
          0.06171053,  0.        ]],

       [[ 0.        , -0.13388027, -0.17149853, ...,  0.49739112,
          0.73864325,  0.98144202],
        [ 0.13388027,  0.        , -0.03805787, ...,  0.60905803,
          0.82224185,  0.99827937],
        [ 0.17149853,  0.03805787,  0.        , ...,  0.63880146,
          0.84330636,  0.99978775],
        ...,
        [-0.49739112, -0.60905803, -0.63880146, ...,  0.        ,
          0.3055029 ,  0.7560476 ],
        [-0.73864325, -0.82224185, -0.84330636, ..., -0.3055029 ,
          0.        ,  0.51994509],
        [-0.98144202, -0.99827937, -0.99978775, ..., -0.7560476 ,
         -0.51994509,  0.        ]],

       ...,

       [[ 0.        , -0.5067984 , -0.47865397, ..., -0.14256127,
         -0.08727957, -0.01398383],
        [ 0.5067984 ,  0.        ,  0.03234019, ...,  0.37872492,
          0.42962375,  0.49469388],
        [ 0.47865397, -0.03234019,  0.        , ...,  0.34859567,
          0.40019557,  0.46632931],
        ...,
        [ 0.14256127, -0.37872492, -0.34859567, ...,  0.        ,
          0.05562914,  0.12870634],
        [ 0.08727957, -0.42962375, -0.40019557, ..., -0.05562914,
          0.        ,  0.07334058],
        [ 0.01398383, -0.49469388, -0.46632931, ..., -0.12870634,
         -0.07334058,  0.        ]],

       [[ 0.        ,  0.09023221,  0.17348836, ...,  0.475624  ,
          0.64609926,  0.9839897 ],
        [-0.09023221,  0.        ,  0.08391673, ...,  0.39431117,
          0.57459362,  0.96389409],
        [-0.17348836, -0.08391673,  0.        , ...,  0.3158028 ,
          0.50388618,  0.93814838],
        ...,
        [-0.475624  , -0.39431117, -0.3158028 , ...,  0.        ,
          0.20531873,  0.78079699],
        [-0.64609926, -0.57459362, -0.50388618, ..., -0.20531873,
          0.        ,  0.63588221],
        [-0.9839897 , -0.96389409, -0.93814838, ..., -0.78079699,
         -0.63588221,  0.        ]],

       [[ 0.        ,  0.37839026,  0.51886246, ...,  0.37377213,
          0.33771273,  0.43027942],
        [-0.37839026,  0.        ,  0.1568132 , ...,  0.69694549,
          0.66876203,  0.73985778],
        [-0.51886246, -0.1568132 ,  0.        , ...,  0.8007776 ,
          0.77707523,  0.83620263],
        ...,
        [-0.37377213, -0.69694549, -0.8007776 , ...,  0.        ,
          0.03857723, -0.0616905 ],
        [-0.33771273, -0.66876203, -0.77707523, ..., -0.03857723,
          0.        , -0.10014833],
        [-0.43027942, -0.73985778, -0.83620263, ...,  0.0616905 ,
          0.10014833,  0.        ]]]), 'num': array([ 9.97147217e-01,  7.49588759e-02,  2.68859560e-05,  4.00004675e-08,
        4.25167493e-04,  4.37563046e-04,  4.20829049e-04,  8.78915414e-03,
       -8.67688761e-06,  4.25911226e-04,  3.96254864e-04,  3.73478034e-04,
        8.78838200e-07,  4.34978373e-04,  3.57531354e-04])}
{'img': array([[[ 0.        ,  0.01446175, -0.13538513, ...,  0.9759694 ,
          0.88891895,  0.99094234],
        [-0.01446175,  0.        , -0.14969958, ...,  0.97271601,
          0.8954504 ,  0.98889667],
        [ 0.13538513,  0.14969958,  0.        , ...,  0.99648515,
          0.81871959,  0.99999939],
        ...,
        [-0.9759694 , -0.97271601, -0.99648515, ...,  0.        ,
          0.64075918,  0.08487288],
        [-0.88891895, -0.8954504 , -0.81871959, ..., -0.64075918,
          0.        , -0.57328671],
        [-0.99094234, -0.98889667, -0.99999939, ..., -0.08487288,
          0.57328671,  0.        ]],

       [[ 0.        ,  0.05308808, -0.43472188, ..., -0.03359271,
         -0.09520439, -0.22315057],
        [-0.05308808,  0.        , -0.4819181 , ..., -0.08660346,
         -0.14791708, -0.2745853 ],
        [ 0.43472188,  0.4819181 ,  0.        , ...,  0.40422411,
          0.34700954,  0.22279839],
        ...,
        [ 0.03359271,  0.08660346, -0.40422411, ...,  0.        ,
         -0.06171053, -0.19027899],
        [ 0.09520439,  0.14791708, -0.34700954, ...,  0.06171053,
          0.        , -0.12933325],
        [ 0.22315057,  0.2745853 , -0.22279839, ...,  0.19027899,
          0.12933325,  0.        ]],

       [[ 0.        , -0.03603425, -0.24915567, ...,  0.75479029,
          0.89355069,  0.99999549],
        [ 0.03603425,  0.        , -0.214096  , ...,  0.77793735,
          0.9091484 ,  0.99945426],
        [ 0.24915567,  0.214096  ,  0.        , ...,  0.8944245 ,
          0.97723269,  0.9692073 ],
        ...,
        [-0.75479029, -0.77793735, -0.8944245 , ...,  0.        ,
          0.24726662,  0.65369657],
        [-0.89355069, -0.9091484 , -0.97723269, ..., -0.24726662,
          0.        ,  0.44627696],
        [-0.99999549, -0.99945426, -0.9692073 , ..., -0.65369657,
         -0.44627696,  0.        ]],

       ...,

       [[ 0.        ,  0.03234019, -0.05456948, ...,  0.42962375,
          0.49469388,  0.39436002],
        [-0.03234019,  0.        , -0.08683294, ...,  0.40019557,
          0.46632931,  0.36443452],
        [ 0.05456948,  0.08683294,  0.        , ...,  0.47826028,
          0.54138133,  0.44391936],
        ...,
        [-0.42962375, -0.40019557, -0.47826028, ...,  0.        ,
          0.07334058, -0.03869509],
        [-0.49469388, -0.46632931, -0.54138133, ..., -0.07334058,
          0.        , -0.11187653],
        [-0.39436002, -0.36443452, -0.44391936, ...,  0.03869509,
          0.11187653,  0.        ]],

       [[ 0.        ,  0.0773429 ,  0.09558425, ...,  0.51316354,
          0.77730934,  0.98122296],
        [-0.0773429 ,  0.        ,  0.01830916, ...,  0.44524368,
          0.72632309,  0.9633661 ],
        [-0.09558425, -0.01830916,  0.        , ...,  0.42877485,
          0.71361648,  0.95829428],
        ...,
        [-0.51316354, -0.44524368, -0.42877485, ...,  0.        ,
          0.34431678,  0.7431973 ],
        [-0.77730934, -0.72632309, -0.71361648, ..., -0.34431678,
          0.        ,  0.46738058],
        [-0.98122296, -0.9633661 , -0.95829428, ..., -0.7431973 ,
         -0.46738058,  0.        ]],

       [[ 0.        ,  0.37634827,  0.58705954, ...,  0.34396977,
          0.43807465,  0.4733677 ],
        [-0.37634827,  0.        ,  0.23922752, ...,  0.67206429,
          0.74418063,  0.77007688],
        [-0.58705954, -0.23922752,  0.        , ...,  0.82969618,
          0.88237108,  0.90033203],
        ...,
        [-0.34396977, -0.67206429, -0.82969618, ...,  0.        ,
         -0.10213594, -0.14149223],
        [-0.43807465, -0.74418063, -0.88237108, ...,  0.10213594,
          0.        , -0.0396439 ],
        [-0.4733677 , -0.77007688, -0.90033203, ...,  0.14149223,
          0.0396439 ,  0.        ]]]), 'num': array([ 9.98700921e-01,  5.03596795e-02,  2.81406912e-05,  1.65943208e-08,
        4.25455941e-04,  4.32399584e-04,  4.23562220e-04,  7.68094421e-03,
       -7.57488322e-06,  4.31515847e-04,  4.05256252e-04,  3.81300684e-04,
        8.17290032e-07,  4.45420201e-04,  3.65092304e-04])}
{'img': array([[[ 0.00000000e+00, -1.49699575e-01, -3.30549734e-01, ...,
          8.95450404e-01,  9.88896671e-01,  9.27698659e-01],
        [ 1.49699575e-01,  0.00000000e+00, -1.85540195e-01, ...,
          8.18719591e-01,  9.99999387e-01,  9.73132238e-01],
        [ 3.30549734e-01,  1.85540195e-01,  0.00000000e+00, ...,
          6.97967914e-01,  9.82430642e-01,  9.98955487e-01],
        ...,
        [-8.95450404e-01, -8.18719591e-01, -6.97967914e-01, ...,
          0.00000000e+00, -5.73286707e-01, -7.47273922e-01],
        [-9.88896671e-01, -9.99999387e-01, -9.82430642e-01, ...,
          5.73286707e-01,  0.00000000e+00, -2.31324240e-01],
        [-9.27698659e-01, -9.73132238e-01, -9.98955487e-01, ...,
          7.47273922e-01,  2.31324240e-01,  0.00000000e+00]],

       [[ 0.00000000e+00, -4.81918103e-01, -4.82793914e-01, ...,
         -1.47917078e-01, -2.74585302e-01, -3.79895418e-01],
        [ 4.81918103e-01,  0.00000000e+00, -9.99812418e-04, ...,
          3.47009543e-01,  2.22798387e-01,  1.12917891e-01],
        [ 4.82793914e-01,  9.99812418e-04,  0.00000000e+00, ...,
          3.47947055e-01,  2.23772957e-01,  1.13911253e-01],
        ...,
        [ 1.47917078e-01, -3.47009543e-01, -3.47947055e-01, ...,
          0.00000000e+00, -1.29333248e-01, -2.38888827e-01],
        [ 2.74585302e-01, -2.22798387e-01, -2.23772957e-01, ...,
          1.29333248e-01,  0.00000000e+00, -1.11293791e-01],
        [ 3.79895418e-01, -1.12917891e-01, -1.13911253e-01, ...,
          2.38888827e-01,  1.11293791e-01,  0.00000000e+00]],

       [[ 0.00000000e+00, -2.14096003e-01, -4.51248114e-01, ...,
          9.09148397e-01,  9.99454260e-01,  9.56143122e-01],
        [ 2.14096003e-01,  0.00000000e+00, -2.49725895e-01, ...,
          9.77232690e-01,  9.69207298e-01,  9.96681362e-01],
        [ 4.51248114e-01,  2.49725895e-01,  0.00000000e+00, ...,
          9.99255043e-01,  8.77005421e-01,  9.85431229e-01],
        ...,
        [-9.09148397e-01, -9.77232690e-01, -9.99255043e-01, ...,
          0.00000000e+00,  4.46276962e-01,  1.31917701e-01],
        [-9.99454260e-01, -9.69207298e-01, -8.77005421e-01, ...,
         -4.46276962e-01,  0.00000000e+00, -3.24324324e-01],
        [-9.56143122e-01, -9.96681362e-01, -9.85431229e-01, ...,
         -1.31917701e-01,  3.24324324e-01,  0.00000000e+00]],

       ...,

       [[ 0.00000000e+00, -8.68329404e-02, -1.78102462e-01, ...,
          4.66329315e-01,  3.64434519e-01,  7.32302013e-02],
        [ 8.68329404e-02,  0.00000000e+00, -9.19850981e-02, ...,
          5.41381328e-01,  4.43919362e-01,  1.59553402e-01],
        [ 1.78102462e-01,  9.19850981e-02,  0.00000000e+00, ...,
          6.16425049e-01,  5.24462101e-01,  2.49683661e-01],
        ...,
        [-4.66329315e-01, -5.41381328e-01, -6.16425049e-01, ...,
          0.00000000e+00, -1.11876533e-01, -4.00296995e-01],
        [-3.64434519e-01, -4.43919362e-01, -5.24462101e-01, ...,
          1.11876533e-01,  0.00000000e+00, -2.95261947e-01],
        [-7.32302013e-02, -1.59553402e-01, -2.49683661e-01, ...,
          4.00296995e-01,  2.95261947e-01,  0.00000000e+00]],

       [[ 0.00000000e+00,  1.74539597e-02,  3.89554663e-05, ...,
          6.68627154e-01,  8.24091773e-01,  9.74641477e-01],
        [-1.74539597e-02,  0.00000000e+00, -1.74150102e-02, ...,
          6.55546574e-01,  8.14079332e-01,  9.70587297e-01],
        [-3.89554663e-05,  1.74150102e-02,  0.00000000e+00, ...,
          6.68598186e-01,  8.24069706e-01,  9.74632759e-01],
        ...,
        [-6.68627154e-01, -6.55546574e-01, -6.68598186e-01, ...,
          0.00000000e+00,  2.34044784e-01,  5.75121124e-01],
        [-8.24091773e-01, -8.14079332e-01, -8.24069706e-01, ...,
         -2.34044784e-01,  0.00000000e+00,  3.67682994e-01],
        [-9.74641477e-01, -9.70587297e-01, -9.74632759e-01, ...,
         -5.75121124e-01, -3.67682994e-01,  0.00000000e+00]],

       [[ 0.00000000e+00,  4.77553221e-01,  6.61088443e-01, ...,
          4.45902154e-01,  4.81732572e-01,  4.44938403e-01],
        [-4.77553221e-01,  0.00000000e+00,  2.22522178e-01, ...,
          8.19220046e-01,  8.41740215e-01,  8.18602261e-01],
        [-6.61088443e-01, -2.22522178e-01,  0.00000000e+00, ...,
          9.26292121e-01,  9.40771682e-01,  9.25885979e-01],
        ...,
        [-4.45902154e-01, -8.19220046e-01, -9.26292121e-01, ...,
          0.00000000e+00, -4.04378049e-02,  1.07642958e-03],
        [-4.81732572e-01, -8.41740215e-01, -9.40771682e-01, ...,
          4.04378049e-02,  0.00000000e+00,  4.15133306e-02],
        [-4.44938403e-01, -8.18602261e-01, -9.25885979e-01, ...,
         -1.07642958e-03, -4.15133306e-02,  0.00000000e+00]]]), 'num': array([ 9.99453075e-01,  3.13011204e-02,  2.83915544e-05, -4.62453225e-09,
        4.25935770e-04,  4.32181162e-04,  4.11571367e-04,  1.06035149e-02,
        4.99631402e-06,  4.27684480e-04,  4.03483584e-04,  3.78231380e-04,
        8.34843286e-07,  4.42817609e-04,  3.64149558e-04])}
{'img': array([[[ 0.00000000e+00, -1.85540195e-01, -8.18719591e-01, ...,
          9.99999387e-01,  9.73132238e-01,  9.96485148e-01],
        [ 1.85540195e-01,  0.00000000e+00, -6.97967914e-01, ...,
          9.82430642e-01,  9.98955487e-01,  9.94725485e-01],
        [ 8.18719591e-01,  6.97967914e-01,  0.00000000e+00, ...,
          5.73286707e-01,  7.47273922e-01,  6.40759175e-01],
        ...,
        [-9.99999387e-01, -9.82430642e-01, -5.73286707e-01, ...,
          0.00000000e+00, -2.31324240e-01, -8.48728847e-02],
        [-9.73132238e-01, -9.98955487e-01, -7.47273922e-01, ...,
          2.31324240e-01,  0.00000000e+00,  1.47918720e-01],
        [-9.96485148e-01, -9.94725485e-01, -6.40759175e-01, ...,
          8.48728847e-02, -1.47918720e-01,  0.00000000e+00]],

       [[ 0.00000000e+00, -9.99812418e-04, -1.20074006e-02, ...,
          2.22798387e-01,  1.12917891e-01,  3.59998626e-01],
        [ 9.99812418e-04,  0.00000000e+00, -1.10076543e-02, ...,
          2.23772957e-01,  1.13911253e-01,  3.60931223e-01],
        [ 1.20074006e-02,  1.10076543e-02,  0.00000000e+00, ...,
          2.34487914e-01,  1.24840356e-01,  3.71175011e-01],
        ...,
        [-2.22798387e-01, -2.23772957e-01, -2.34487914e-01, ...,
          0.00000000e+00, -1.11293791e-01,  1.43089510e-01],
        [-1.12917891e-01, -1.13911253e-01, -1.24840356e-01, ...,
          1.11293791e-01,  0.00000000e+00,  2.52349124e-01],
        [-3.59998626e-01, -3.60931223e-01, -3.71175011e-01, ...,
         -1.43089510e-01, -2.52349124e-01,  0.00000000e+00]],

       [[ 0.00000000e+00, -2.49725895e-01, -5.20478129e-01, ...,
          9.69207298e-01,  9.96681362e-01,  9.99790499e-01],
        [ 2.49725895e-01,  0.00000000e+00, -2.90752897e-01, ...,
          8.77005421e-01,  9.85431229e-01,  9.73225212e-01],
        [ 5.20478129e-01,  2.90752897e-01,  0.00000000e+00, ...,
          6.99416097e-01,  8.93409188e-01,  8.64349504e-01],
        ...,
        [-9.69207298e-01, -8.77005421e-01, -6.99416097e-01, ...,
          0.00000000e+00, -3.24324324e-01, -2.66032848e-01],
        [-9.96681362e-01, -9.85431229e-01, -8.93409188e-01, ...,
          3.24324324e-01,  0.00000000e+00,  6.09842673e-02],
        [-9.99790499e-01, -9.73225212e-01, -8.64349504e-01, ...,
          2.66032848e-01, -6.09842673e-02,  0.00000000e+00]],

       ...,

       [[ 0.00000000e+00, -9.19850981e-02, -1.90976993e-01, ...,
          4.43919362e-01,  1.59553402e-01,  2.52816851e-01],
        [ 9.19850981e-02,  0.00000000e+00, -9.98752560e-02, ...,
          5.24462101e-01,  2.49683661e-01,  3.40741889e-01],
        [ 1.90976993e-01,  9.98752560e-02,  0.00000000e+00, ...,
          6.06876941e-01,  3.45147188e-01,  4.32936577e-01],
        ...,
        [-4.43919362e-01, -5.24462101e-01, -6.06876941e-01, ...,
          0.00000000e+00, -2.95261947e-01, -2.02957496e-01],
        [-1.59553402e-01, -2.49683661e-01, -3.45147188e-01, ...,
          2.95261947e-01,  0.00000000e+00,  9.52079147e-02],
        [-2.52816851e-01, -3.40741889e-01, -4.32936577e-01, ...,
          2.02957496e-01, -9.52079147e-02,  0.00000000e+00]],

       [[ 0.00000000e+00, -1.67437902e-02, -5.97279553e-02, ...,
          7.53421020e-01,  8.49830037e-01,  9.79182440e-01],
        [ 1.67437902e-02,  0.00000000e+00, -4.30056848e-02, ...,
          7.64325086e-01,  8.58535831e-01,  9.82443862e-01],
        [ 5.97279553e-02,  4.30056848e-02,  0.00000000e+00, ...,
          7.91349357e-01,  8.79792856e-01,  9.89558006e-01],
        ...,
        [-7.53421020e-01, -7.64325086e-01, -7.91349357e-01, ...,
          0.00000000e+00,  1.61700196e-01,  4.90919058e-01],
        [-8.49830037e-01, -8.58535831e-01, -8.79792856e-01, ...,
         -1.61700196e-01,  0.00000000e+00,  3.43584479e-01],
