state_0,state_1,state_2,state_3,state_4,state_5,state_6,state_7,state_8,state_9,state_10,state_11,state_12,state_13,state_14,state_15,state_16,state_17,state_18,state_19,state_20,state_21,state_22,state_23,state_24,state_25,state_26,state_27,state_28,state_29,state_30,state_31,state_32,state_33,state_34,state_35,state_36,state_37,state_38,state_39,state_40,state_41,state_42,state_43,state_44,state_45,state_46,state_47,state_48,state_49,state_50,state_51,state_52,state_53,state_54,state_55,state_56,state_57,state_58,state_59,state_60,state_61,state_62,state_63,state_64,state_65,state_66,state_67,state_68,state_69,state_70,state_71,state_72,state_73,state_74,state_75,state_76,state_77,state_78,state_79,state_80,state_81,state_82,state_83,state_84,state_85,state_86,state_87,state_88,state_89,state_90,state_91,state_92,state_93,state_94,state_95,state_96,state_97,state_98,state_99,state_100,state_101,state_102,state_103,state_104,state_105,state_106,state_107,state_108,state_109,state_110,state_111,state_112,state_113,state_114,state_115,state_116,state_117,state_118,state_119,state_120,state_121,state_122,state_123,state_124,state_125,state_126,state_127,state_128,state_129,state_130,state_131,state_132,state_133,state_134,state_135,state_136,state_137,state_138,state_139,state_140,state_141,state_142,state_143,state_144,state_145,state_146,state_147,state_148,state_149,state_150,state_151,state_152,state_153,state_154,state_155,state_156,state_157,state_158,state_159,state_160,state_161,state_162,state_163,state_164,state_165,state_166,state_167,state_168,state_169,state_170,state_171,state_172,state_173,state_174,state_175,state_176,state_177,state_178,state_179,state_180,state_181,state_182,state_183,state_184,state_185,state_186,state_187,state_188,state_189,state_190,state_191,state_192,state_193,state_194,state_195,state_196,state_197,state_198,state_199,state_200,state_201,state_202,state_203,state_204,state_205,state_206,state_207,state_208,state_209,state_210,state_211,state_212,state_213,state_214,state_215,state_216,state_217,state_218,state_219,state_220,state_221,state_222,state_223,state_224,state_225,state_226,state_227,state_228,state_229,state_230,state_231,state_232,state_233,state_234,state_235,state_236,state_237,state_238,state_239,state_240,state_241,state_242,state_243,state_244,state_245,state_246,state_247,state_248,state_249,state_250,state_251,state_252,state_253,state_254,state_255,state_256,state_257,state_258,state_259,state_260,state_261,state_262,state_263,state_264,state_265,state_266,state_267,state_268,state_269,state_270,state_271,state_272,state_273,state_274,state_275,state_276,state_277,state_278,state_279,state_280,state_281,state_282,state_283,state_284,state_285,state_286,state_287
{'img': array([[[ 0.        ,  0.74028646,  0.81664418, ...,  0.83918159,
          0.96827383,  0.99865262],
        [-0.74028646,  0.        ,  0.12177299, ...,  0.16156894,
          0.46597099,  0.7098018 ],
        [-0.81664418, -0.12177299,  0.        , ...,  0.04019347,
          0.35475848,  0.61874237],
        ...,
        [-0.83918159, -0.16156894, -0.04019347, ...,  0.        ,
          0.3168926 ,  0.58666663],
        [-0.96827383, -0.46597099, -0.35475848, ..., -0.3168926 ,
          0.        ,  0.299802  ],
        [-0.99865262, -0.7098018 , -0.61874237, ..., -0.58666663,
         -0.299802  ,  0.        ]],

       [[ 0.        ,  0.5823918 ,  0.50149697, ..., -0.50517803,
         -0.25765795, -0.30336288],
        [-0.5823918 ,  0.        , -0.09619072, ..., -0.91327633,
         -0.7721803 , -0.80155283],
        [-0.50149697,  0.09619072,  0.        , ..., -0.86985901,
         -0.70747973, -0.74032123],
        ...,
        [ 0.50517803,  0.91327633,  0.86985901, ...,  0.        ,
          0.26575858,  0.2195648 ],
        [ 0.25765795,  0.7721803 ,  0.70747973, ..., -0.26575858,
          0.        , -0.04760435],
        [ 0.30336288,  0.80155283,  0.74032123, ..., -0.2195648 ,
          0.04760435,  0.        ]],

       [[ 0.        ,  0.70299849,  0.88870279, ...,  0.99968064,
          0.98787762,  0.96264741],
        [-0.70299849,  0.        ,  0.30972433, ...,  0.72872952,
          0.81169974,  0.87496905],
        [-0.88870279, -0.30972433,  0.        , ...,  0.48079553,
          0.59088331,  0.6819817 ],
        ...,
        [-0.99968064, -0.72872952, -0.48079553, ...,  0.        ,
          0.13022067,  0.24634482],
        [-0.98787762, -0.81169974, -0.59088331, ..., -0.13022067,
          0.        ,  0.11803965],
        [-0.96264741, -0.87496905, -0.6819817 , ..., -0.24634482,
         -0.11803965,  0.        ]],

       ...,

       [[ 0.        ,  0.19634134,  0.22402805, ..., -0.88105113,
         -0.6502423 , -0.34159983],
        [-0.19634134,  0.        ,  0.02831661, ..., -0.95677559,
         -0.78675152, -0.51948132],
        [-0.22402805, -0.02831661,  0.        , ..., -0.96462717,
         -0.80391502, -0.54346903],
        ...,
        [ 0.88105113,  0.95677559,  0.96462717, ...,  0.        ,
          0.36177995,  0.66646802],
        [ 0.6502423 ,  0.78675152,  0.80391502, ..., -0.36177995,
          0.        ,  0.35160471],
        [ 0.34159983,  0.51948132,  0.54346903, ..., -0.66646802,
         -0.35160471,  0.        ]],

       [[ 0.        ,  0.55265473,  0.74637562, ...,  0.71270783,
          0.78137923,  0.80424564],
        [-0.55265473,  0.        ,  0.25423163, ...,  0.9816438 ,
          0.99609728,  0.99870767],
        [-0.74637562, -0.25423163,  0.        , ...,  0.99787823,
          0.98580791,  0.97881433],
        ...,
        [-0.71270783, -0.9816438 , -0.99787823, ...,  0.        ,
         -0.10333712, -0.14058682],
        [-0.78137923, -0.99609728, -0.98580791, ...,  0.10333712,
          0.        , -0.03752336],
        [-0.80424564, -0.99870767, -0.97881433, ...,  0.14058682,
          0.03752336,  0.        ]],

       [[ 0.        ,  0.25915369,  0.35279804, ...,  0.92385337,
          0.91834205,  0.91498158],
        [-0.25915369,  0.        ,  0.0982551 , ...,  0.99148112,
          0.98953774,  0.98828961],
        [-0.35279804, -0.0982551 ,  0.        , ...,  0.99948138,
          0.99892531,  0.99850026],
        ...,
        [-0.92385337, -0.99148112, -0.99948138, ...,  0.        ,
          0.01415748,  0.0225647 ],
        [-0.91834205, -0.98953774, -0.99892531, ..., -0.01415748,
          0.        ,  0.00840856],
        [-0.91498158, -0.98828961, -0.99850026, ..., -0.0225647 ,
         -0.00840856,  0.        ]]]), 'num': array([7.06434205e-01, 7.06434205e-01, 0.00000000e+00, 0.00000000e+00,
       2.60864923e-04, 2.62663991e-04, 2.50670202e-04, 4.35996439e-02,
       1.19937896e-05, 2.46832189e-04, 2.45183043e-04, 2.42484440e-04,
       7.76068736e-07, 2.58658187e-04, 2.31707899e-04])}
{'img': array([[[ 0.        ,  0.10805676,  0.14315972, ...,  0.40874216,
          0.61911155,  0.93866604],
        [-0.10805676,  0.        ,  0.03537775, ...,  0.30773086,
          0.53062917,  0.97043085],
        [-0.14315972, -0.03537775,  0.        , ...,  0.27387724,
          0.50031068,  0.97836282],
        ...,
        [-0.40874216, -0.30773086, -0.27387724, ...,  0.        ,
          0.24404563,  0.99761904],
        [-0.61911155, -0.53062917, -0.50031068, ..., -0.24404563,
          0.        ,  0.95062405],
        [-0.93866604, -0.97043085, -0.97836282, ..., -0.99761904,
         -0.95062405,  0.        ]],

       [[ 0.        , -0.09619072, -0.81780603, ..., -0.7721803 ,
         -0.80155283,  0.28612881],
        [ 0.09619072,  0.        , -0.75865662, ..., -0.70747973,
         -0.74032123,  0.37697111],
        [ 0.81780603,  0.75865662,  0.        , ...,  0.07525169,
          0.02769701,  0.94827991],
        ...,
        [ 0.7721803 ,  0.70747973, -0.07525169, ...,  0.        ,
         -0.04760435,  0.92170358],
        [ 0.80155283,  0.74032123, -0.02769701, ...,  0.04760435,
          0.        ,  0.93912411],
        [-0.28612881, -0.37697111, -0.94827991, ..., -0.92170358,
         -0.93912411,  0.        ]],

       [[ 0.        ,  0.70956365,  0.90062399, ...,  0.99991988,
          0.9890353 ,  0.89228286],
        [-0.70956365,  0.        ,  0.32624114, ...,  0.71356671,
          0.80170305,  0.94909092],
        [-0.90062399, -0.32624114,  0.        , ...,  0.44596464,
          0.56283745,  0.79439621],
        ...,
        [-0.99991988, -0.71356671, -0.44596464, ...,  0.        ,
          0.13514806,  0.4401459 ],
        [-0.9890353 , -0.80170305, -0.56283745, ..., -0.13514806,
          0.        ,  0.31475475],
        [-0.89228286, -0.94909092, -0.79439621, ..., -0.4401459 ,
         -0.31475475,  0.        ]],

       ...,

       [[ 0.        ,  0.02831661,  0.24229603, ..., -0.78675152,
         -0.51948132, -0.20568951],
        [-0.02831661,  0.        ,  0.21472604, ..., -0.80391502,
         -0.54346903, -0.23331815],
        [-0.24229603, -0.21472604,  0.        , ..., -0.91287022,
         -0.71103956, -0.43667554],
        ...,
        [ 0.78675152,  0.80391502,  0.91287022, ...,  0.        ,
          0.35160471,  0.64296272],
        [ 0.51948132,  0.54346903,  0.71103956, ..., -0.35160471,
          0.        ,  0.33261546],
        [ 0.20568951,  0.23331815,  0.43667554, ..., -0.64296272,
         -0.33261546,  0.        ]],

       [[ 0.        ,  0.57683596,  0.76933452, ...,  0.80747848,
          0.83022159,  0.74544959],
        [-0.57683596,  0.        ,  0.25992917, ...,  0.9998707 ,
          0.99972251,  0.99342489],
        [-0.76933452, -0.25992917,  0.        , ...,  0.96968266,
          0.9592367 ,  0.98903676],
        ...,
        [-0.80747848, -0.9998707 , -0.96968266, ...,  0.        ,
         -0.03962967,  0.09849599],
        [-0.83022159, -0.99972251, -0.9592367 , ...,  0.03962967,
          0.        ,  0.13785559],
        [-0.74544959, -0.99342489, -0.98903676, ..., -0.09849599,
         -0.13785559,  0.        ]],

       [[ 0.        ,  0.24572469,  0.3045783 , ...,  0.92279672,
          0.9194833 ,  0.93953975],
        [-0.24572469,  0.        ,  0.06119018, ...,  0.98917803,
          0.98789314,  0.99487907],
        [-0.3045783 , -0.06119018,  0.        , ...,  0.99630227,
          0.99553475,  0.99919943],
        ...,
        [-0.92279672, -0.98917803, -0.99630227, ...,  0.        ,
          0.0085131 , -0.04599023],
        [-0.9194833 , -0.98789314, -0.99553475, ..., -0.0085131 ,
          0.        , -0.05449265],
        [-0.93953975, -0.99487907, -0.99919943, ...,  0.04599023,
          0.05449265,  0.        ]]]), 'num': array([ 7.45137343e-01,  6.66349039e-01,  3.58944436e-06, -1.88188545e-11,
        2.77423605e-04,  2.78687494e-04,  2.74263883e-04,  2.73629410e-02,
        2.52777772e-06,  2.65037494e-04,  2.59097216e-04,  2.55979624e-04,
        8.07061561e-07,  2.75469334e-04,  2.42725098e-04])}
{'img': array([[[ 0.        ,  0.03353931,  0.        , ...,  0.49890489,
          0.9761013 ,  0.95692884],
        [-0.03353931,  0.        , -0.03353931, ...,  0.46955714,
          0.96826352,  0.96612769],
        [ 0.        ,  0.03353931,  0.        , ...,  0.49890489,
          0.9761013 ,  0.95692884],
        ...,
        [-0.49890489, -0.46955714, -0.49890489, ...,  0.        ,
          0.73752476,  0.97417219],
        [-0.9761013 , -0.96826352, -0.9761013 , ..., -0.73752476,
          0.        ,  0.4913402 ],
        [-0.95692884, -0.96612769, -0.95692884, ..., -0.97417219,
         -0.4913402 ,  0.        ]],

       [[ 0.        , -0.75865662, -0.79196969, ..., -0.74032123,
          0.37697111, -0.33906727],
        [ 0.75865662,  0.        , -0.05275519, ...,  0.02769701,
          0.94827991,  0.49281625],
        [ 0.79196969,  0.05275519,  0.        , ...,  0.08039339,
          0.96370577,  0.53803404],
        ...,
        [ 0.74032123, -0.02769701, -0.08039339, ...,  0.        ,
          0.93912411,  0.46852709],
        [-0.37697111, -0.94827991, -0.96370577, ..., -0.93912411,
          0.        , -0.66869273],
        [ 0.33906727, -0.49281625, -0.53803404, ..., -0.46852709,
          0.66869273,  0.        ]],

       [[ 0.        ,  0.39005254,  0.57424983, ...,  0.86807365,
          0.98341105,  0.96573617],
        [-0.39005254,  0.        ,  0.20943675, ...,  0.6056799 ,
          0.83476559,  0.99047142],
        [-0.57424983, -0.20943675,  0.        , ...,  0.42559667,
          0.7009353 ,  0.93966165],
        ...,
        [-0.86807365, -0.6056799 , -0.42559667, ...,  0.        ,
          0.33073931,  0.70471317],
        [-0.98341105, -0.83476559, -0.7009353 , ..., -0.33073931,
          0.        ,  0.43039643],
        [-0.96573617, -0.99047142, -0.93966165, ..., -0.70471317,
         -0.43039643,  0.        ]],

       ...,

       [[ 0.        ,  0.21472604,  0.21472604, ..., -0.54346903,
         -0.23331815, -0.25989641],
        [-0.21472604,  0.        ,  0.        , ..., -0.71103956,
         -0.43667554, -0.46118145],
        [-0.21472604,  0.        ,  0.        , ..., -0.71103956,
         -0.43667554, -0.46118145],
        ...,
        [ 0.54346903,  0.71103956,  0.71103956, ...,  0.        ,
          0.33261546,  0.3066289 ],
        [ 0.23331815,  0.43667554,  0.43667554, ..., -0.33261546,
          0.        , -0.02742286],
        [ 0.25989641,  0.46118145,  0.46118145, ..., -0.3066289 ,
          0.02742286,  0.        ]],

       [[ 0.        ,  0.59457212,  0.7846031 , ...,  0.85849455,
          0.77419156,  0.56828187],
        [-0.59457212,  0.        ,  0.26222033, ...,  0.99517599,
          0.99881798,  0.94615678],
        [-0.7846031 , -0.26222033,  0.        , ...,  0.93462749,
          0.97661311,  0.9979319 ],
        ...,
        [-0.85849455, -0.99517599, -0.93462749, ...,  0.        ,
          0.14636231,  0.41497063],
        [-0.77419156, -0.99881798, -0.97661311, ..., -0.14636231,
          0.        ,  0.27733631],
        [-0.56828187, -0.94615678, -0.9979319 , ..., -0.41497063,
         -0.27733631,  0.        ]],

       [[ 0.        ,  0.08118215, -0.16922681, ...,  0.9739956 ,
          0.98495155,  0.99484054],
        [-0.08118215,  0.        , -0.24867952, ...,  0.98917391,
          0.99573127,  0.99979286],
        [ 0.16922681,  0.24867952,  0.        , ...,  0.9216066 ,
          0.94149813,  0.96332386],
        ...,
        [-0.9739956 , -0.98917391, -0.9216066 , ...,  0.        ,
         -0.05482109, -0.12658514],
        [-0.98495155, -0.99573127, -0.94149813, ...,  0.05482109,
          0.        , -0.07201468],
        [-0.99484054, -0.99979286, -0.96332386, ...,  0.12658514,
          0.07201468,  0.        ]]]), 'num': array([8.70169616e-01, 4.91589685e-01, 1.71303136e-05, 1.32878139e-09,
       3.25240491e-04, 3.26712167e-04, 3.19353785e-04, 3.38177998e-02,
       2.20751464e-06, 3.14791588e-04, 3.02466298e-04, 2.98590883e-04,
       9.58300930e-07, 3.23886522e-04, 2.81046074e-04])}
{'img': array([[[ 0.        , -0.0323343 ,  0.03201776, ...,  0.93157253,
          0.99071117,  0.95632432],
        [ 0.0323343 ,  0.        ,  0.06431874, ...,  0.94284073,
          0.99459005,  0.94637271],
        [-0.03201776, -0.06431874,  0.        , ...,  0.91945467,
          0.98584936,  0.96519305],
        ...,
        [-0.93157253, -0.94284073, -0.91945467, ...,  0.        ,
          0.23350049,  0.61998282],
        [-0.99071117, -0.99459005, -0.98584936, ..., -0.23350049,
          0.        ,  0.41963636],
        [-0.95632432, -0.94637271, -0.96519305, ..., -0.61998282,
         -0.41963636,  0.        ]],

       [[ 0.        , -0.05275519,  0.21181428, ...,  0.94827991,
          0.49281625,  0.55072146],
        [ 0.05275519,  0.        ,  0.2630775 , ...,  0.96370577,
          0.53803404,  0.59398874],
        [-0.21181428, -0.2630775 ,  0.        , ...,  0.85952604,
          0.29732753,  0.36142648],
        ...,
        [-0.94827991, -0.96370577, -0.85952604, ...,  0.        ,
         -0.66869273, -0.61670043],
        [-0.49281625, -0.53803404, -0.29732753, ...,  0.66869273,
          0.        ,  0.06785279],
        [-0.55072146, -0.59398874, -0.36142648, ...,  0.61670043,
         -0.06785279,  0.        ]],

       [[ 0.        ,  0.1997952 ,  0.37683857, ...,  0.79745278,
          0.9640281 ,  0.82643972],
        [-0.1997952 ,  0.        ,  0.18417454, ...,  0.66082157,
          0.89148542,  0.92226651],
        [-0.37683857, -0.18417454,  0.        , ...,  0.51128635,
          0.79279511,  0.97768333],
        ...,
        [-0.79745278, -0.66082157, -0.51128635, ...,  0.        ,
          0.36971337,  0.94764434],
        [-0.9640281 , -0.89148542, -0.79279511, ..., -0.36971337,
          0.        ,  0.76244008],
        [-0.82643972, -0.92226651, -0.97768333, ..., -0.94764434,
         -0.76244008,  0.        ]],

       ...,

       [[ 0.        ,  0.        , -0.10398687, ..., -0.43667554,
         -0.46118145, -0.42465015],
        [ 0.        ,  0.        , -0.10398687, ..., -0.43667554,
         -0.46118145, -0.42465015],
        [ 0.10398687,  0.10398687,  0.        , ..., -0.3407596 ,
         -0.36641307, -0.32820268],
        ...,
        [ 0.43667554,  0.43667554,  0.3407596 , ...,  0.        ,
         -0.02742286,  0.01332411],
        [ 0.46118145,  0.46118145,  0.36641307, ...,  0.02742286,
          0.        ,  0.04073953],
        [ 0.42465015,  0.42465015,  0.32820268, ..., -0.01332411,
         -0.04073953,  0.        ]],

       [[ 0.        ,  0.6053427 ,  0.79263649, ...,  0.80514206,
          0.59518337,  0.05038074],
        [-0.6053427 ,  0.        ,  0.26183675, ...,  0.99988273,
          0.9601924 ,  0.64467527],
        [-0.79263649, -0.26183675,  0.        , ...,  0.96098913,
          0.99983472,  0.82234677],
        ...,
        [-0.80514206, -0.99988273, -0.96098913, ...,  0.        ,
          0.29401149,  0.77423968],
        [-0.59518337, -0.9601924 , -0.99983472, ..., -0.29401149,
          0.        ,  0.55394208],
        [-0.05038074, -0.64467527, -0.82234677, ..., -0.77423968,
         -0.55394208,  0.        ]],

       [[ 0.        , -0.24867952, -0.10791748, ...,  0.99573127,
          0.99979286,  0.99893454],
        [ 0.24867952,  0.        ,  0.14269985, ...,  0.94149813,
          0.96332386,  0.97903028],
        [ 0.10791748, -0.14269985,  0.        , ...,  0.9799553 ,
          0.9917575 ,  0.99808096],
        ...,
        [-0.99573127, -0.94149813, -0.9799553 , ...,  0.        ,
         -0.07201468, -0.13815394],
        [-0.99979286, -0.96332386, -0.9917575 , ...,  0.07201468,
          0.        , -0.06647112],
        [-0.99893454, -0.97903028, -0.99808096, ...,  0.13815394,
          0.06647112,  0.        ]]]), 'num': array([ 8.51741485e-01,  5.23563862e-01,  1.50195708e-05,  5.48350852e-09,
        3.16163413e-04,  3.19780843e-04,  3.13269469e-04,  2.04100919e-02,
       -3.61743035e-06,  3.13703560e-04,  2.97931564e-04,  2.94024739e-04,
        1.00037580e-06,  3.20299338e-04,  2.75563789e-04])}
{'img': array([[[ 0.        ,  0.06431874,  0.        , ...,  0.99459005,
          0.94637271,  0.97295711],
        [-0.06431874,  0.        , -0.06431874, ...,  0.98584936,
          0.96519305,  0.95608579],
        [ 0.        ,  0.06431874,  0.        , ...,  0.99459005,
          0.94637271,  0.97295711],
        ...,
        [-0.99459005, -0.98584936, -0.99459005, ...,  0.        ,
          0.41963636, -0.12866745],
        [-0.94637271, -0.96519305, -0.94637271, ..., -0.41963636,
          0.        , -0.53293871],
        [-0.97295711, -0.95608579, -0.97295711, ...,  0.12866745,
          0.53293871,  0.        ]],

       [[ 0.        ,  0.2630775 ,  0.11224227, ...,  0.53803404,
          0.59398874,  0.13103057],
        [-0.2630775 ,  0.        , -0.15312657, ...,  0.29732753,
          0.36142648, -0.13439435],
        [-0.11224227,  0.15312657,  0.        , ...,  0.44002252,
          0.49993933,  0.01892801],
        ...,
        [-0.53803404, -0.29732753, -0.44002252, ...,  0.        ,
          0.06785279, -0.42294659],
        [-0.59398874, -0.36142648, -0.49993933, ..., -0.06785279,
          0.        , -0.48345697],
        [-0.13103057,  0.13439435, -0.01892801, ...,  0.42294659,
          0.48345697,  0.        ]],

       [[ 0.        ,  0.16913959,  0.19219554, ...,  0.81778179,
          0.97979631,  0.89141724],
        [-0.16913959,  0.        ,  0.02344015, ...,  0.70865463,
          0.93185193,  0.95522507],
        [-0.19219554, -0.02344015,  0.        , ...,  0.6919216 ,
          0.9230909 ,  0.96189809],
        ...,
        [-0.81778179, -0.70865463, -0.6919216 , ...,  0.        ,
          0.40034591,  0.88364117],
        [-0.97979631, -0.93185193, -0.9230909 , ..., -0.40034591,
          0.        ,  0.62230919],
        [-0.89141724, -0.95522507, -0.96189809, ..., -0.88364117,
         -0.62230919,  0.        ]],

       ...,

       [[ 0.        , -0.10398687,  0.18434762, ..., -0.46118145,
         -0.42465015, -0.29952659],
        [ 0.10398687,  0.        ,  0.28555287, ..., -0.36641307,
         -0.32820268, -0.19869013],
        [-0.18434762, -0.28555287,  0.        , ..., -0.61685003,
         -0.58427263, -0.47027688],
        ...,
        [ 0.46118145,  0.36641307,  0.61685003, ...,  0.        ,
          0.04073953,  0.17423597],
        [ 0.42465015,  0.32820268,  0.58427263, ..., -0.04073953,
          0.        ,  0.13397494],
        [ 0.29952659,  0.19869013,  0.47027688, ..., -0.17423597,
         -0.13397494,  0.        ]],

       [[ 0.        ,  0.5930598 ,  0.75918149, ...,  0.7394991 ,
          0.47998448,  0.        ],
        [-0.5930598 ,  0.        ,  0.2252512 , ...,  0.9946366 ,
          0.90674126,  0.5930598 ],
        [-0.75918149, -0.2252512 ,  0.        , ...,  0.99237318,
          0.97842426,  0.75918149],
        ...,
        [-0.7394991 , -0.9946366 , -0.99237318, ...,  0.        ,
          0.32564036,  0.7394991 ],
        [-0.47998448, -0.90674126, -0.97842426, ..., -0.32564036,
          0.        ,  0.47998448],
        [-0.        , -0.5930598 , -0.75918149, ..., -0.7394991 ,
         -0.47998448,  0.        ]],

       [[ 0.        ,  0.14269985,  0.22142518, ...,  0.96332386,
          0.97903028,  0.98509913],
        [-0.14269985,  0.        ,  0.08000146, ...,  0.9917575 ,
          0.99808096,  0.99956023],
        [-0.22142518, -0.08000146,  0.        , ...,  0.99882918,
          0.99983575,  0.99872874],
        ...,
        [-0.96332386, -0.9917575 , -0.99882918, ...,  0.        ,
         -0.06647112, -0.09866327],
        [-0.97903028, -0.99808096, -0.99983575, ...,  0.06647112,
          0.        , -0.03229827],
        [-0.98509913, -0.99956023, -0.99872874, ...,  0.09866327,
          0.03229827,  0.        ]]]), 'num': array([ 8.86665944e-01,  4.62063349e-01,  1.93440818e-05, -9.45764764e-10,
        3.29916546e-04,  3.31419583e-04,  3.25407436e-04,  1.78926744e-02,
        1.50303666e-06,  3.29465635e-04,  3.10264342e-04,  3.05918061e-04,
        1.04479377e-06,  3.35095286e-04,  2.85433399e-04])}
{'img': array([[[ 0.        , -0.06431874, -0.03201776, ...,  0.96519305,
          0.95608579,  0.98584936],
        [ 0.06431874,  0.        ,  0.0323343 , ...,  0.94637271,
          0.97295711,  0.99459005],
        [ 0.03201776, -0.0323343 ,  0.        , ...,  0.95632432,
          0.96497959,  0.99071117],
        ...,
        [-0.96519305, -0.94637271, -0.95632432, ...,  0.        ,
         -0.53293871, -0.41963636],
        [-0.95608579, -0.97295711, -0.96497959, ...,  0.53293871,
          0.        ,  0.12866745],
        [-0.98584936, -0.99459005, -0.99071117, ...,  0.41963636,
         -0.12866745,  0.        ]],

       [[ 0.        , -0.15312657, -0.3586358 , ...,  0.36142648,
         -0.13439435, -0.29464822],
        [ 0.15312657,  0.        , -0.21146604, ...,  0.49993933,
          0.01892801, -0.14484467],
        [ 0.3586358 ,  0.21146604,  0.        , ...,  0.67177575,
          0.22992812,  0.06766695],
        ...,
        [-0.36142648, -0.49993933, -0.67177575, ...,  0.        ,
         -0.48345697, -0.62011141],
        [ 0.13439435, -0.01892801, -0.22992812, ...,  0.48345697,
          0.        , -0.16354713],
        [ 0.29464822,  0.14484467, -0.06766695, ...,  0.62011141,
          0.16354713,  0.        ]],

       [[ 0.        ,  0.0219545 ,  0.02923255, ...,  0.86780037,
          0.97572766,  0.93526363],
        [-0.0219545 ,  0.        ,  0.00728039, ...,  0.85668173,
          0.97068472,  0.94280904],
        [-0.02923255, -0.00728039,  0.        , ...,  0.85290347,
          0.96890911,  0.94521085],
        ...,
        [-0.86780037, -0.85668173, -0.85290347, ...,  0.        ,
          0.2948143 ,  0.77190423],
        [-0.97572766, -0.97068472, -0.96890911, ..., -0.2948143 ,
          0.        ,  0.55017171],
        [-0.93526363, -0.94280904, -0.94521085, ..., -0.77190423,
         -0.55017171,  0.        ]],

       ...,

       [[ 0.        ,  0.28555287,  0.28555287, ..., -0.32820268,
         -0.19869013, -0.18591254],
        [-0.28555287,  0.        ,  0.        , ..., -0.58427263,
         -0.47027688, -0.45874632],
        [-0.28555287,  0.        ,  0.        , ..., -0.58427263,
         -0.47027688, -0.45874632],
        ...,
        [ 0.32820268,  0.58427263,  0.58427263, ...,  0.        ,
          0.13397494,  0.14686654],
        [ 0.19869013,  0.47027688,  0.47027688, ..., -0.13397494,
          0.        ,  0.01302034],
        [ 0.18591254,  0.45874632,  0.45874632, ..., -0.14686654,
         -0.01302034,  0.        ]],

       [[ 0.        ,  0.5388943 ,  0.72112967, ...,  0.69507539,
          0.53583545,  0.        ],
        [-0.5388943 ,  0.        ,  0.23411441, ...,  0.97294399,
          0.90637407,  0.5388943 ],
        [-0.72112967, -0.23411441,  0.        , ...,  0.99999501,
          0.98009282,  0.72112967],
        ...,
        [-0.69507539, -0.97294399, -0.99999501, ...,  0.        ,
          0.20163588,  0.69507539],
        [-0.53583545, -0.90637407, -0.98009282, ..., -0.20163588,
          0.        ,  0.53583545],
        [-0.        , -0.5388943 , -0.72112967, ..., -0.69507539,
         -0.53583545,  0.        ]],

       [[ 0.        ,  0.17062338,  0.22320904, ...,  0.97987354,
          0.98583318,  0.99080401],
        [-0.17062338,  0.        ,  0.05361732, ...,  0.9995647 ,
          0.99999569,  0.99936136],
        [-0.22320904, -0.05361732,  0.        , ...,  0.99970874,
          0.99839978,  0.9960079 ],
        ...,
        [-0.97987354, -0.9995647 , -0.99970874, ...,  0.        ,
         -0.03243826, -0.06520182],
        [-0.98583318, -0.99999569, -0.99839978, ...,  0.03243826,
          0.        , -0.03279827],
        [-0.99080401, -0.99936136, -0.9960079 , ...,  0.06520182,
          0.03279827,  0.        ]]]), 'num': array([ 9.21170606e-01,  3.88175462e-01,  2.43933704e-05,  2.41349394e-09,
        3.42102146e-04,  3.42884989e-04,  3.32708037e-04,  2.76341033e-02,
       -1.56568488e-06,  3.43511263e-04,  3.24253339e-04,  3.19138768e-04,
        1.12967137e-06,  3.51365468e-04,  2.97141210e-04])}
{'img': array([[[ 0.        ,  0.0323343 ,  0.21928093, ...,  0.97295711,
          0.99459005,  0.97295711],
        [-0.0323343 ,  0.        ,  0.18761894, ...,  0.96497959,
          0.99071117,  0.96497959],
        [-0.21928093, -0.18761894,  0.        , ...,  0.89862625,
          0.94760502,  0.89862625],
        ...,
        [-0.97295711, -0.96497959, -0.89862625, ...,  0.        ,
          0.12866745,  0.        ],
        [-0.99459005, -0.99071117, -0.94760502, ..., -0.12866745,
          0.        , -0.12866745],
        [-0.97295711, -0.96497959, -0.89862625, ...,  0.        ,
          0.12866745,  0.        ]],

       [[ 0.        , -0.21146604,  0.63780583, ...,  0.01892801,
         -0.14484467,  0.23676607],
        [ 0.21146604,  0.        ,  0.78625263, ...,  0.22992812,
          0.06766695,  0.43686505],
        [-0.63780583, -0.78625263,  0.        , ..., -0.62311327,
         -0.74263875, -0.43731433],
        ...,
        [-0.01892801, -0.22992812,  0.62311327, ...,  0.        ,
         -0.16354713,  0.21833383],
        [ 0.14484467, -0.06766695,  0.74263875, ...,  0.16354713,
          0.        ,  0.37499549],
        [-0.23676607, -0.43686505,  0.43731433, ..., -0.21833383,
         -0.37499549,  0.        ]],

       [[ 0.        ,  0.00724306,  0.05031264, ...,  0.96631514,
          0.98397935,  0.94118778],
        [-0.00724306,  0.        ,  0.04307744, ...,  0.9644257 ,
          0.98524485,  0.9436104 ],
        [-0.05031264, -0.04307744,  0.        , ...,  0.95214277,
          0.99170302,  0.95699561],
        ...,
        [-0.96631514, -0.9644257 , -0.95214277, ...,  0.        ,
          0.42551567,  0.56872809],
        [-0.98397935, -0.98524485, -0.99170302, ..., -0.42551567,
          0.        ,  0.16467356],
        [-0.94118778, -0.9436104 , -0.95699561, ..., -0.56872809,
         -0.16467356,  0.        ]],

       ...,

       [[ 0.        ,  0.        ,  0.57181831, ..., -0.47027688,
         -0.45874632, -0.37322545],
        [ 0.        ,  0.        ,  0.57181831, ..., -0.47027688,
         -0.45874632, -0.37322545],
        [-0.57181831, -0.57181831,  0.        , ..., -0.89044636,
         -0.88444548, -0.83668591],
        ...,
        [ 0.47027688,  0.47027688,  0.89044636, ...,  0.        ,
          0.01302034,  0.10691647],
        [ 0.45874632,  0.45874632,  0.88444548, ..., -0.01302034,
          0.        ,  0.0939617 ],
        [ 0.37322545,  0.37322545,  0.83668591, ..., -0.10691647,
         -0.0939617 ,  0.        ]],

       [[ 0.        ,  0.52771483,  0.74967483, ...,  0.71606825,
          0.51903337,  0.        ],
        [-0.52771483,  0.        ,  0.28754497, ...,  0.97660477,
          0.8919445 ,  0.52771483],
        [-0.74967483, -0.28754497,  0.        , ...,  0.99719424,
          0.98428712,  0.74967483],
        ...,
        [-0.71606825, -0.97660477, -0.99719424, ...,  0.        ,
          0.24976119,  0.71606825],
        [-0.51903337, -0.8919445 , -0.98428712, ..., -0.24976119,
          0.        ,  0.51903337],
        [-0.        , -0.52771483, -0.74967483, ..., -0.71606825,
         -0.51903337,  0.        ]],

       [[ 0.        ,  0.14551365,  0.16485334, ...,  0.98685935,
          0.99165522,  0.99258359],
        [-0.14551365,  0.        ,  0.01957594, ...,  0.99986779,
          0.99985965,  0.999708  ],
        [-0.16485334, -0.01957594,  0.        , ...,  0.9999945 ,
          0.99934009,  0.99904339],
        ...,
        [-0.98685935, -0.99986779, -0.9999945 , ...,  0.        ,
         -0.03300905, -0.04041663],
        [-0.99165522, -0.99985965, -0.99934009, ...,  0.03300905,
          0.        , -0.00741253],
        [-0.99258359, -0.999708  , -0.99904339, ...,  0.04041663,
          0.00741253,  0.        ]]]), 'num': array([ 8.59286347e-01,  5.11179042e-01,  1.60418113e-05, -2.03001523e-09,
        3.17906215e-04,  3.22301232e-04,  3.14976204e-04,  1.79494977e-02,
       -2.19750840e-06,  3.20689726e-04,  3.04281663e-04,  2.99044268e-04,
        1.24634805e-06,  3.30371105e-04,  2.78192221e-04])}
{'img': array([[[ 0.00000000e+00,  1.87618937e-01, -1.65065170e-01, ...,
          9.90711169e-01,  9.64979590e-01,  9.12982466e-01],
        [-1.87618937e-01,  0.00000000e+00, -3.47179230e-01, ...,
          9.47605024e-01,  8.98626245e-01,  8.20221325e-01],
        [ 1.65065170e-01,  3.47179230e-01,  0.00000000e+00, ...,
          9.99567308e-01,  9.95043355e-01,  9.67805168e-01],
        ...,
        [-9.90711169e-01, -9.47605024e-01, -9.99567308e-01, ...,
          0.00000000e+00, -1.28667448e-01, -2.80058855e-01],
        [-9.64979590e-01, -8.98626245e-01, -9.95043355e-01, ...,
          1.28667448e-01,  0.00000000e+00, -1.54212408e-01],
        [-9.12982466e-01, -8.20221325e-01, -9.67805168e-01, ...,
          2.80058855e-01,  1.54212408e-01,  0.00000000e+00]],

       [[ 0.00000000e+00,  7.86252628e-01,  5.84372946e-01, ...,
          6.76669484e-02,  4.36865054e-01,  9.57940722e-02],
        [-7.86252628e-01,  0.00000000e+00, -2.76945318e-01, ...,
         -7.42638752e-01, -4.37314335e-01, -7.23445136e-01],
        [-5.84372946e-01,  2.76945318e-01,  0.00000000e+00, ...,
         -5.28122815e-01, -1.71149742e-01, -5.03950043e-01],
        ...,
        [-6.76669484e-02,  7.42638752e-01,  5.28122815e-01, ...,
          0.00000000e+00,  3.74995493e-01,  2.82187490e-02],
        [-4.36865054e-01,  4.37314335e-01,  1.71149742e-01, ...,
         -3.74995493e-01,  0.00000000e+00, -3.48686628e-01],
        [-9.57940722e-02,  7.23445136e-01,  5.03950043e-01, ...,
         -2.82187490e-02,  3.48686628e-01,  0.00000000e+00]],

       [[ 0.00000000e+00,  4.30774419e-02,  1.44311704e-02, ...,
          9.85244849e-01,  9.43610400e-01,  9.97157954e-01],
        [-4.30774419e-02,  0.00000000e+00, -2.86551816e-02, ...,
          9.91703019e-01,  9.56995613e-01,  9.99477754e-01],
        [-1.44311704e-02,  2.86551816e-02,  0.00000000e+00, ...,
          9.87612157e-01,  9.48289692e-01,  9.98141350e-01],
        ...,
        [-9.85244849e-01, -9.91703019e-01, -9.87612157e-01, ...,
          0.00000000e+00,  1.64673557e-01, -9.64366637e-02],
        [-9.43610400e-01, -9.56995613e-01, -9.48289692e-01, ...,
         -1.64673557e-01,  0.00000000e+00, -2.59026156e-01],
        [-9.97157954e-01, -9.99477754e-01, -9.98141350e-01, ...,
          9.64366637e-02,  2.59026156e-01,  0.00000000e+00]],

       ...,

       [[ 0.00000000e+00,  5.71818308e-01, -9.68720367e-02, ...,
         -4.58746321e-01, -3.73225454e-01,  2.70324992e-01],
        [-5.71818308e-01,  0.00000000e+00, -6.48600868e-01, ...,
         -8.84445480e-01, -8.36685910e-01, -3.28759720e-01],
        [ 9.68720367e-02,  6.48600868e-01,  0.00000000e+00, ...,
         -3.70511443e-01, -2.81597987e-01,  3.62319018e-01],
        ...,
        [ 4.58746321e-01,  8.84445480e-01,  3.70511443e-01, ...,
          0.00000000e+00,  9.39616953e-02,  6.81868740e-01],
        [ 3.73225454e-01,  8.36685910e-01,  2.81597987e-01, ...,
         -9.39616953e-02,  0.00000000e+00,  6.10121436e-01],
        [-2.70324992e-01,  3.28759720e-01, -3.62319018e-01, ...,
         -6.81868740e-01, -6.10121436e-01,  0.00000000e+00]],

       [[ 0.00000000e+00,  5.05330535e-01,  5.95902442e-01, ...,
          7.46855918e-01,  5.49655435e-01,  1.08608694e-01],
        [-5.05330535e-01,  0.00000000e+00,  1.08410490e-01, ...,
          9.80518967e-01,  8.96460709e-01,  5.96062544e-01],
        [-5.95902442e-01, -1.08410490e-01,  0.00000000e+00, ...,
          9.96034467e-01,  9.39216369e-01,  6.79596382e-01],
        ...,
        [-7.46855918e-01, -9.80518967e-01, -9.96034467e-01, ...,
          0.00000000e+00,  2.58403950e-01,  6.70214702e-01],
        [-5.49655435e-01, -8.96460709e-01, -9.39216369e-01, ...,
         -2.58403950e-01,  0.00000000e+00,  4.55673216e-01],
        [-1.08608694e-01, -5.96062544e-01, -6.79596382e-01, ...,
         -6.70214702e-01, -4.55673216e-01,  0.00000000e+00]],

       [[ 0.00000000e+00,  7.80992200e-02,  3.46032629e-01, ...,
          9.92249981e-01,  9.93147912e-01,  9.92348471e-01],
        [-7.80992200e-02,  0.00000000e+00,  2.71701261e-01, ...,
          9.98923673e-01,  9.99241430e-01,  9.98960240e-01],
        [-3.46032629e-01, -2.71701261e-01,  0.00000000e+00, ...,
          9.73948454e-01,  9.72232499e-01,  9.73767830e-01],
        ...,
        [-9.92249981e-01, -9.98923673e-01, -9.73948454e-01, ...,
          0.00000000e+00, -7.44783872e-03, -7.95151544e-04],
        [-9.93147912e-01, -9.99241430e-01, -9.72232499e-01, ...,
          7.44783872e-03,  0.00000000e+00,  6.65270688e-03],
        [-9.92348471e-01, -9.98960240e-01, -9.73767830e-01, ...,
          7.95151544e-04, -6.65270688e-03,  0.00000000e+00]]]), 'num': array([ 9.85303181e-01,  1.69481730e-01,  3.75090307e-05, -7.09942456e-09,
        3.64694420e-04,  3.71401444e-04,  3.62179286e-04,  2.12735393e-02,
        8.38377977e-07,  3.65868149e-04,  3.49058671e-04,  3.42756863e-04,
        1.41879350e-06,  3.79767919e-04,  3.18349422e-04])}
{'img': array([[[ 0.        , -0.34717923, -0.25106327, ...,  0.89862625,
          0.82022132,  0.84681966],
        [ 0.34717923,  0.        ,  0.10061248, ...,  0.99504335,
          0.96780517,  0.97880419],
        [ 0.25106327, -0.10061248,  0.        , ...,  0.97998909,
          0.93757001,  0.95323216],
        ...,
        [-0.89862625, -0.99504335, -0.97998909, ...,  0.        ,
         -0.15421241, -0.10644894],
        [-0.82022132, -0.96780517, -0.93757001, ...,  0.15421241,
          0.        ,  0.04816063],
        [-0.84681966, -0.97880419, -0.95323216, ...,  0.10644894,
         -0.04816063,  0.        ]],

       [[ 0.        , -0.27694532, -0.85719254, ..., -0.43731433,
         -0.72344514, -0.69961503],
        [ 0.27694532,  0.        , -0.68103829, ..., -0.17114974,
         -0.50395004, -0.4743671 ],
        [ 0.85719254,  0.68103829,  0.        , ...,  0.54566556,
          0.21921879,  0.25218222],
        ...,
        [ 0.43731433,  0.17114974, -0.54566556, ...,  0.        ,
         -0.34868663, -0.31670006],
        [ 0.72344514,  0.50395004, -0.21921879, ...,  0.34868663,
          0.        ,  0.03391447],
        [ 0.69961503,  0.4743671 , -0.25218222, ...,  0.31670006,
         -0.03391447,  0.        ]],

       [[ 0.        , -0.02865518, -0.05031264, ...,  0.95699561,
          0.99947775,  0.9935962 ],
        [ 0.02865518,  0.        , -0.02167309, ...,  0.94828969,
          0.99814135,  0.99642592],
        [ 0.05031264,  0.02167309,  0.        , ...,  0.94118778,
          0.99658611,  0.99802262],
        ...,
        [-0.95699561, -0.94828969, -0.94118778, ...,  0.        ,
         -0.25902616, -0.39637491],
        [-0.99947775, -0.99814135, -0.99658611, ...,  0.25902616,
          0.        , -0.14503776],
        [-0.9935962 , -0.99642592, -0.99802262, ...,  0.39637491,
          0.14503776,  0.        ]],

       ...,

       [[ 0.        , -0.64860087, -0.61487903, ..., -0.83668591,
         -0.32875972, -0.36676211],
        [ 0.64860087,  0.        ,  0.04349847, ..., -0.28159799,
          0.36231902,  0.32424979],
        [ 0.61487903, -0.04349847,  0.        , ..., -0.32306965,
          0.32143315,  0.28279457],
        ...,
        [ 0.83668591,  0.28159799,  0.32306965, ...,  0.        ,
          0.61012144,  0.57751187],
        [ 0.32875972, -0.36231902, -0.32143315, ..., -0.61012144,
          0.        , -0.0405251 ],
        [ 0.36676211, -0.32424979, -0.28279457, ..., -0.57751187,
          0.0405251 ,  0.        ]],

       [[ 0.        ,  0.10551731,  0.19928704, ...,  0.95339647,
          0.87240554,  0.58336923],
        [-0.10551731,  0.        ,  0.09477376, ...,  0.97991082,
          0.91911034,  0.66581446],
        [-0.19928704, -0.09477376,  0.        , ...,  0.9944014 ,
          0.95231416,  0.73352987],
        ...,
        [-0.95339647, -0.97991082, -0.9944014 , ...,  0.        ,
          0.20278125,  0.598341  ],
        [-0.87240554, -0.91911034, -0.95231416, ..., -0.20278125,
          0.        ,  0.42343313],
        [-0.58336923, -0.66581446, -0.73352987, ..., -0.598341  ,
         -0.42343313,  0.        ]],

       [[ 0.        ,  0.33788593,  0.4924053 , ...,  0.99330593,
          0.99251436,  0.99274795],
        [-0.33788593,  0.        ,  0.16936107, ...,  0.97391703,
          0.97540701,  0.9749803 ],
        [-0.4924053 , -0.16936107,  0.        , ...,  0.92141911,
          0.92398724,  0.92324832],
        ...,
        [-0.99330593, -0.97391703, -0.92141911, ...,  0.        ,
          0.0066618 ,  0.00473409],
        [-0.99251436, -0.97540701, -0.92398724, ..., -0.0066618 ,
          0.        , -0.00192773],
        [-0.99274795, -0.9749803 , -0.92324832, ..., -0.00473409,
