state_0,state_1,state_2,state_3,state_4,state_5,state_6,state_7,state_8,state_9,state_10,state_11,state_12,state_13,state_14,state_15,state_16,state_17,state_18,state_19,state_20,state_21,state_22,state_23,state_24,state_25,state_26,state_27,state_28,state_29,state_30,state_31,state_32,state_33,state_34,state_35,state_36,state_37,state_38,state_39,state_40,state_41,state_42,state_43,state_44,state_45,state_46,state_47,state_48,state_49,state_50,state_51,state_52,state_53,state_54,state_55,state_56,state_57,state_58,state_59,state_60,state_61,state_62,state_63,state_64,state_65,state_66,state_67,state_68,state_69,state_70,state_71,state_72,state_73,state_74,state_75,state_76,state_77,state_78,state_79,state_80,state_81,state_82,state_83,state_84,state_85,state_86,state_87,state_88,state_89,state_90,state_91,state_92,state_93,state_94,state_95,state_96,state_97,state_98,state_99,state_100,state_101,state_102,state_103,state_104,state_105,state_106,state_107,state_108,state_109,state_110,state_111,state_112,state_113,state_114,state_115,state_116,state_117,state_118,state_119,state_120,state_121,state_122,state_123,state_124,state_125,state_126,state_127,state_128,state_129,state_130,state_131,state_132,state_133,state_134,state_135,state_136,state_137,state_138,state_139,state_140,state_141,state_142,state_143,state_144,state_145,state_146,state_147,state_148,state_149,state_150,state_151,state_152,state_153,state_154,state_155,state_156,state_157,state_158,state_159,state_160,state_161,state_162,state_163,state_164,state_165,state_166,state_167,state_168,state_169,state_170,state_171,state_172,state_173,state_174,state_175,state_176,state_177,state_178,state_179,state_180,state_181,state_182,state_183,state_184,state_185,state_186,state_187,state_188,state_189,state_190,state_191,state_192,state_193,state_194,state_195,state_196,state_197,state_198,state_199,state_200,state_201,state_202,state_203,state_204,state_205,state_206,state_207,state_208,state_209,state_210,state_211,state_212,state_213,state_214,state_215,state_216,state_217,state_218,state_219,state_220,state_221,state_222,state_223,state_224,state_225,state_226,state_227,state_228,state_229,state_230,state_231,state_232,state_233,state_234,state_235,state_236,state_237,state_238,state_239,state_240,state_241,state_242,state_243,state_244,state_245,state_246,state_247,state_248,state_249,state_250,state_251,state_252,state_253,state_254,state_255,state_256,state_257,state_258,state_259,state_260,state_261,state_262,state_263,state_264,state_265,state_266,state_267,state_268,state_269,state_270,state_271,state_272,state_273,state_274,state_275,state_276,state_277,state_278,state_279,state_280,state_281,state_282,state_283,state_284,state_285,state_286,state_287
{'img': array([[[ 0.        , -0.12855177, -0.35247451, ..., -0.99999684,
         -0.96563308, -0.99883345],
        [ 0.12855177,  0.        , -0.22924845, ..., -0.99202266,
         -0.92420925, -0.98433842],
        [ 0.35247451,  0.22924845,  0.        , ..., -0.93670405,
         -0.81204878, -0.91770943],
        ...,
        [ 0.99999684,  0.99202266,  0.93670405, ...,  0.        ,
          0.26233446,  0.05079747],
        [ 0.96563308,  0.92420925,  0.81204878, ..., -0.26233446,
          0.        , -0.21297739],
        [ 0.99883345,  0.98433842,  0.91770943, ..., -0.05079747,
          0.21297739,  0.        ]],

       [[ 0.        , -0.12822541,  0.02629796, ...,  0.16629772,
          0.75059827,  0.58325915],
        [ 0.12822541,  0.        ,  0.15426193, ...,  0.29136489,
          0.82912819,  0.6826001 ],
        [-0.02629796, -0.15426193,  0.        , ...,  0.14030843,
          0.73296207,  0.56169596],
        ...,
        [-0.16629772, -0.29136489, -0.14030843, ...,  0.        ,
          0.63026395,  0.44005627],
        [-0.75059827, -0.82912819, -0.73296207, ..., -0.63026395,
          0.        , -0.22430694],
        [-0.58325915, -0.6826001 , -0.56169596, ..., -0.44005627,
          0.22430694,  0.        ]],

       [[ 0.        ,  0.0701323 ,  0.08638324, ..., -0.93326127,
         -0.99148905, -0.999804  ],
        [-0.0701323 ,  0.        ,  0.01630039, ..., -0.9057719 ,
         -0.97991717, -0.9959537 ],
        [-0.08638324, -0.01630039,  0.        , ..., -0.89874402,
         -0.9765366 , -0.9943565 ],
        ...,
        [ 0.93326127,  0.9057719 ,  0.89874402, ...,  0.        ,
          0.23463974,  0.34065114],
        [ 0.99148905,  0.97991717,  0.9765366 , ..., -0.23463974,
          0.        ,  0.11053509],
        [ 0.999804  ,  0.9959537 ,  0.9943565 , ..., -0.34065114,
         -0.11053509,  0.        ]],

       ...,

       [[ 0.        , -0.7162008 , -0.76075902, ..., -0.97870075,
         -0.77164811, -0.8768411 ],
        [ 0.7162008 ,  0.        , -0.06609038, ..., -0.5359993 ,
         -0.0829895 , -0.26760715],
        [ 0.76075902,  0.06609038,  0.        , ..., -0.4790327 ,
         -0.01694566, -0.20334213],
        ...,
        [ 0.97870075,  0.5359993 ,  0.4790327 , ...,  0.        ,
          0.46408907,  0.29053151],
        [ 0.77164811,  0.0829895 ,  0.01694566, ..., -0.46408907,
          0.        , -0.1867213 ],
        [ 0.8768411 ,  0.26760715,  0.20334213, ..., -0.29053151,
          0.1867213 ,  0.        ]],

       [[ 0.        , -0.05901   , -0.15385979, ..., -0.9995939 ,
         -0.99854879, -0.96132262],
        [ 0.05901   ,  0.        , -0.09528432, ..., -0.99953356,
         -0.99998667, -0.97590023],
        [ 0.15385979,  0.09528432,  0.        , ..., -0.99207584,
         -0.99494482, -0.99225265],
        ...,
        [ 0.9995939 ,  0.99953356,  0.99207584, ...,  0.        ,
         -0.02537796, -0.24791896],
        [ 0.99854879,  0.99998667,  0.99494482, ...,  0.02537796,
          0.        , -0.22325343],
        [ 0.96132262,  0.97590023,  0.99225265, ...,  0.24791896,
          0.22325343,  0.        ]],

       [[ 0.        ,  0.0339118 ,  0.08510467, ..., -0.82774912,
         -0.84831994, -0.90694904],
        [-0.0339118 ,  0.        ,  0.05126695, ..., -0.80824516,
         -0.82987626, -0.89214237],
        [-0.08510467, -0.05126695,  0.        , ..., -0.77699396,
         -0.80018069, -0.86780912],
        ...,
        [ 0.82774912,  0.80824516,  0.77699396, ...,  0.        ,
          0.03771106,  0.16020631],
        [ 0.84831994,  0.82987626,  0.80018069, ..., -0.03771106,
          0.        ,  0.12286839],
        [ 0.90694904,  0.89214237,  0.86780912, ..., -0.16020631,
         -0.12286839,  0.        ]]]), 'num': array([7.05658491e-01, 7.05658491e-01, 0.00000000e+00, 0.00000000e+00,
       2.25876666e-02, 2.27195654e-02, 2.22579197e-02, 2.13082484e-03,
       1.64873479e-04, 2.25283122e-02, 2.17270271e-02, 2.51102309e-02,
       1.79464052e-06, 2.41338546e-02, 1.93201995e-02])}
{'img': array([[[ 0.        , -0.22924845, -0.20841479, ..., -0.92420925,
         -0.98433842, -0.97751159],
        [ 0.22924845,  0.        ,  0.02135001, ..., -0.81204878,
         -0.91770943, -0.90313415],
        [ 0.20841479, -0.02135001,  0.        , ..., -0.82432332,
         -0.92598159, -0.9120951 ],
        ...,
        [ 0.92420925,  0.81204878,  0.82432332, ...,  0.        ,
         -0.21297739, -0.17839963],
        [ 0.98433842,  0.91770943,  0.92598159, ...,  0.21297739,
          0.        ,  0.03525419],
        [ 0.97751159,  0.90313415,  0.9120951 , ...,  0.17839963,
         -0.03525419,  0.        ]],

       [[ 0.        ,  0.15426193,  0.05660556, ...,  0.82912819,
          0.6826001 ,  0.2245036 ],
        [-0.15426193,  0.        , -0.0980866 , ...,  0.73296207,
          0.56169596,  0.07149216],
        [-0.05660556,  0.0980866 ,  0.        , ...,  0.79615296,
          0.64013873,  0.16898303],
        ...,
        [-0.82912819, -0.73296207, -0.79615296, ...,  0.        ,
         -0.22430694, -0.6824526 ],
        [-0.6826001 , -0.56169596, -0.64013873, ...,  0.22430694,
          0.        , -0.50111008],
        [-0.2245036 , -0.07149216, -0.16898303, ...,  0.6824526 ,
          0.50111008,  0.        ]],

       [[ 0.        ,  0.01630039, -0.04676923, ..., -0.97991717,
         -0.9959537 , -0.99989597],
        [-0.01630039,  0.        , -0.06304556, ..., -0.9765366 ,
         -0.9943565 , -0.99999824],
        [ 0.04676923,  0.06304556,  0.        , ..., -0.98817088,
         -0.9990669 , -0.99812722],
        ...,
        [ 0.97991717,  0.9765366 ,  0.98817088, ...,  0.        ,
          0.11053509,  0.21351826],
        [ 0.9959537 ,  0.9943565 ,  0.9990669 , ..., -0.11053509,
          0.        ,  0.10422382],
        [ 0.99989597,  0.99999824,  0.99812722, ..., -0.21351826,
         -0.10422382,  0.        ]],

       ...,

       [[ 0.        , -0.06768677, -0.15539284, ..., -0.08495485,
         -0.27274968, -0.17008191],
        [ 0.06768677,  0.        , -0.0881719 , ..., -0.01731794,
         -0.20700373, -0.10299128],
        [ 0.15539284,  0.0881719 ,  0.        , ...,  0.07090818,
         -0.1199354 , -0.01488713],
        ...,
        [ 0.08495485,  0.01731794, -0.07090818, ...,  0.        ,
         -0.19002985, -0.08574998],
        [ 0.27274968,  0.20700373,  0.1199354 , ...,  0.19002985,
          0.        ,  0.10514244],
        [ 0.17008191,  0.10299128,  0.01488713, ...,  0.08574998,
         -0.10514244,  0.        ]],

       [[ 0.        , -0.0941941 , -0.14407826, ..., -0.99787014,
         -0.99494529, -0.91979144],
        [ 0.0941941 ,  0.        , -0.05022635, ..., -0.98728901,
         -0.99998044, -0.95266439],
        [ 0.14407826,  0.05022635,  0.        , ..., -0.97806018,
         -0.99903244, -0.96673201],
        ...,
        [ 0.99787014,  0.98728901,  0.97806018, ...,  0.        ,
         -0.1651066 , -0.45157142],
        [ 0.99494529,  0.99998044,  0.99903244, ...,  0.1651066 ,
          0.        , -0.29806005],
        [ 0.91979144,  0.95266439,  0.96673201, ...,  0.45157142,
          0.29806005,  0.        ]],

       [[ 0.        ,  0.05126695,  0.07595519, ..., -0.82987626,
         -0.89214237, -0.91937849],
        [-0.05126695,  0.        ,  0.02473645, ..., -0.80018069,
         -0.86780912, -0.89800241],
        [-0.07595519, -0.02473645,  0.        , ..., -0.78509993,
         -0.85525209, -0.88684382],
        ...,
        [ 0.82987626,  0.80018069,  0.78509993, ...,  0.        ,
          0.12286839,  0.18651309],
        [ 0.89214237,  0.86780912,  0.85525209, ..., -0.12286839,
          0.        ,  0.06438752],
        [ 0.91937849,  0.89800241,  0.88684382, ..., -0.18651309,
         -0.06438752,  0.        ]]]), 'num': array([ 7.98954854e-01,  5.97033617e-01,  3.00031555e-07, -1.36346116e-10,
        2.52401546e-02,  2.58777217e-02,  2.48651152e-02,  1.73504498e-03,
       -4.50047333e-04,  2.56752004e-02,  2.45969619e-02,  2.84204891e-02,
        2.05936838e-06,  2.70281058e-02,  2.21658181e-02])}
{'img': array([[[ 0.        ,  0.02135001,  0.11756517, ..., -0.91770943,
         -0.90313415, -0.93670405],
        [-0.02135001,  0.        ,  0.09633643, ..., -0.92598159,
         -0.9120951 , -0.94396565],
        [-0.11756517, -0.09633643,  0.        , ..., -0.9580483 ,
         -0.94734867, -0.97137034],
        ...,
        [ 0.91770943,  0.92598159,  0.9580483 , ...,  0.        ,
          0.03525419, -0.05079747],
        [ 0.90313415,  0.9120951 ,  0.94734867, ..., -0.03525419,
          0.        , -0.08597457],
        [ 0.93670405,  0.94396565,  0.97137034, ...,  0.05079747,
          0.08597457,  0.        ]],

       [[ 0.        , -0.0980866 , -0.15041323, ...,  0.56169596,
          0.07149216, -0.07411483],
        [ 0.0980866 ,  0.        , -0.05271723, ...,  0.64013873,
          0.16898303,  0.02405939],
        [ 0.15041323,  0.05271723,  0.        , ...,  0.67974911,
          0.22070716,  0.07672791],
        ...,
        [-0.56169596, -0.64013873, -0.67974911, ...,  0.        ,
         -0.50111008, -0.62146958],
        [-0.07149216, -0.16898303, -0.22070716, ...,  0.50111008,
          0.        , -0.14522072],
        [ 0.07411483, -0.02405939, -0.07672791, ...,  0.62146958,
          0.14522072,  0.        ]],

       [[ 0.        , -0.06304556, -0.11104541, ..., -0.9943565 ,
         -0.99999824, -0.99995721],
        [ 0.06304556,  0.        , -0.04816886, ..., -0.9990669 ,
         -0.99812722, -0.99738473],
        [ 0.11104541,  0.04816886,  0.        , ..., -0.99998758,
         -0.994022  , -0.99274556],
        ...,
        [ 0.9943565 ,  0.9990669 ,  0.99998758, ...,  0.        ,
          0.10422382,  0.11528431],
        [ 0.99999824,  0.99812722,  0.994022  , ..., -0.10422382,
          0.        ,  0.01112754],
        [ 0.99995721,  0.99738473,  0.99274556, ..., -0.11528431,
         -0.01112754,  0.        ]],

       ...,

       [[ 0.        , -0.0881719 , -0.11796437, ..., -0.20700373,
         -0.10299128, -0.08308153],
        [ 0.0881719 ,  0.        , -0.02994866, ..., -0.1199354 ,
         -0.01488713,  0.00510912],
        [ 0.11796437,  0.02994866,  0.        , ..., -0.09014912,
          0.01506489,  0.0350551 ],
        ...,
        [ 0.20700373,  0.1199354 ,  0.09014912, ...,  0.        ,
          0.10514244,  0.12500608],
        [ 0.10299128,  0.01488713, -0.01506489, ..., -0.10514244,
          0.        ,  0.01999549],
        [ 0.08308153, -0.00510912, -0.0350551 , ..., -0.12500608,
         -0.01999549,  0.        ]],

       [[ 0.        , -0.04872502, -0.03925432, ..., -0.98733125,
         -0.99832083, -0.94368658],
        [ 0.04872502,  0.        ,  0.00947978, ..., -0.97842721,
         -0.99431257, -0.95868593],
        [ 0.03925432, -0.00947978,  0.        , ..., -0.98034169,
         -0.9952775 , -0.95594617],
        ...,
        [ 0.98733125,  0.97842721,  0.98034169, ...,  0.        ,
         -0.10121317, -0.47638667],
        [ 0.99832083,  0.99431257,  0.9952775 , ...,  0.10121317,
          0.        , -0.38495006],
        [ 0.94368658,  0.95868593,  0.95594617, ...,  0.47638667,
          0.38495006,  0.        ]],

       [[ 0.        ,  0.02473645,  0.05251256, ..., -0.86780912,
         -0.89800241, -0.93775667],
        [-0.02473645,  0.        ,  0.02779417, ..., -0.85525209,
         -0.88684382, -0.92887892],
        [-0.05251256, -0.02779417,  0.        , ..., -0.84051841,
         -0.87365837, -0.91822557],
        ...,
        [ 0.86780912,  0.85525209,  0.84051841, ...,  0.        ,
          0.06438752,  0.1645851 ],
        [ 0.89800241,  0.88684382,  0.87365837, ..., -0.06438752,
          0.        ,  0.10073411],
        [ 0.93775667,  0.92887892,  0.91822557, ..., -0.1645851 ,
         -0.10073411,  0.        ]]]), 'num': array([ 8.72668826e-01,  4.81943066e-01,  5.67915349e-07, -1.84536472e-08,
        2.79089829e-02,  2.82740713e-02,  2.73816329e-02,  1.76597334e-03,
        6.08480731e-04,  2.78927567e-02,  2.65804666e-02,  3.06207787e-02,
        2.53304196e-06,  2.91516687e-02,  2.40092645e-02])}
{'img': array([[[ 0.00000000e+00,  9.63364253e-02,  1.04029263e-01, ...,
         -9.12095097e-01, -9.43965654e-01, -9.03374965e-01],
        [-9.63364253e-02,  0.00000000e+00,  7.73167807e-03, ...,
         -9.47348670e-01, -9.71370340e-01, -9.40487242e-01],
        [-1.04029263e-01, -7.73167807e-03,  0.00000000e+00, ...,
         -9.49796067e-01, -9.73178123e-01, -9.43086579e-01],
        ...,
        [ 9.12095097e-01,  9.47348670e-01,  9.49796067e-01, ...,
          0.00000000e+00, -8.59745702e-02,  2.07889264e-02],
        [ 9.43965654e-01,  9.71370340e-01,  9.73178123e-01, ...,
          8.59745702e-02,  0.00000000e+00,  1.06667942e-01],
        [ 9.03374965e-01,  9.40487242e-01,  9.43086579e-01, ...,
         -2.07889264e-02, -1.06667942e-01,  0.00000000e+00]],

       [[ 0.00000000e+00, -5.27172321e-02, -8.94758700e-02, ...,
          1.68983031e-01,  2.40593902e-02, -1.56233557e-03],
        [ 5.27172321e-02,  0.00000000e+00, -3.68456692e-02, ...,
          2.20707161e-01,  7.67279073e-02,  5.11570047e-02],
        [ 8.94758700e-02,  3.68456692e-02,  0.00000000e+00, ...,
          2.56494353e-01,  1.13412857e-01,  8.79196918e-02],
        ...,
        [-1.68983031e-01, -2.20707161e-01, -2.56494353e-01, ...,
          0.00000000e+00, -1.45220725e-01, -1.70522693e-01],
        [-2.40593902e-02, -7.67279073e-02, -1.13412857e-01, ...,
          1.45220725e-01,  0.00000000e+00, -2.56212442e-02],
        [ 1.56233557e-03, -5.11570047e-02, -8.79196918e-02, ...,
          1.70522693e-01,  2.56212442e-02,  0.00000000e+00]],

       [[ 0.00000000e+00, -4.81688553e-02, -1.01319423e-01, ...,
         -9.98127222e-01, -9.97384728e-01, -9.95403867e-01],
        [ 4.81688553e-02,  0.00000000e+00, -5.32808359e-02, ...,
         -9.94022004e-01, -9.92745558e-01, -9.89635467e-01],
        [ 1.01319423e-01,  5.32808359e-02,  0.00000000e+00, ...,
         -9.86792866e-01, -9.84929252e-01, -9.80578502e-01],
        ...,
        [ 9.98127222e-01,  9.94022004e-01,  9.86792866e-01, ...,
          0.00000000e+00,  1.11275386e-02,  3.46955986e-02],
        [ 9.97384728e-01,  9.92745558e-01,  9.84929252e-01, ...,
         -1.11275386e-02,  0.00000000e+00,  2.35726115e-02],
        [ 9.95403867e-01,  9.89635467e-01,  9.80578502e-01, ...,
         -3.46955986e-02, -2.35726115e-02,  0.00000000e+00]],

       ...,

       [[ 0.00000000e+00, -2.99486637e-02,  2.95301758e-02, ...,
         -1.48871306e-02,  5.10911953e-03,  3.67809039e-01],
        [ 2.99486637e-02,  0.00000000e+00,  5.94525325e-02, ...,
          1.50648920e-02,  3.50551006e-02,  3.95493357e-01],
        [-2.95301758e-02, -5.94525325e-02,  0.00000000e+00, ...,
         -4.44075415e-02, -2.44228990e-02,  3.40188483e-01],
        ...,
        [ 1.48871306e-02, -1.50648920e-02,  4.44075415e-02, ...,
          0.00000000e+00,  1.99954897e-02,  3.81611842e-01],
        [-5.10911953e-03, -3.50551006e-02,  2.44228990e-02, ...,
         -1.99954897e-02,  0.00000000e+00,  3.63053262e-01],
        [-3.67809039e-01, -3.95493357e-01, -3.40188483e-01, ...,
         -3.81611842e-01, -3.63053262e-01,  0.00000000e+00]],

       [[ 0.00000000e+00,  9.42866999e-03,  1.03914180e-02, ...,
         -9.90910882e-01, -9.91993273e-01, -9.57194628e-01],
        [-9.42866999e-03,  0.00000000e+00,  9.62795154e-04, ...,
         -9.92135179e-01, -9.90758424e-01, -9.54422998e-01],
        [-1.03914180e-02, -9.62795154e-04,  0.00000000e+00, ...,
         -9.92255234e-01, -9.90627373e-01, -9.54135202e-01],
        ...,
        [ 9.90910882e-01,  9.92135179e-01,  9.92255234e-01, ...,
          0.00000000e+00, -2.58585763e-01, -4.15576062e-01],
        [ 9.91993273e-01,  9.90758424e-01,  9.90627373e-01, ...,
          2.58585763e-01,  0.00000000e+00, -1.66242755e-01],
        [ 9.57194628e-01,  9.54422998e-01,  9.54135202e-01, ...,
          4.15576062e-01,  1.66242755e-01,  0.00000000e+00]],

       [[ 0.00000000e+00,  2.77941659e-02,  8.04889944e-02, ...,
         -8.86843818e-01, -9.28878924e-01, -9.34126419e-01],
        [-2.77941659e-02,  0.00000000e+00,  5.27539113e-02, ...,
         -8.73658371e-01, -9.18225567e-01, -9.23844621e-01],
        [-8.04889944e-02, -5.27539113e-02,  0.00000000e+00, ...,
         -8.46774958e-01, -8.96053378e-01, -9.02365713e-01],
        ...,
        [ 8.86843818e-01,  8.73658371e-01,  8.46774958e-01, ...,
          0.00000000e+00,  1.00734112e-01,  1.15079037e-01],
        [ 9.28878924e-01,  9.18225567e-01,  8.96053378e-01, ...,
         -1.00734112e-01,  0.00000000e+00,  1.44288052e-02],
        [ 9.34126419e-01,  9.23844621e-01,  9.02365713e-01, ...,
         -1.15079037e-01, -1.44288052e-02,  0.00000000e+00]]]), 'num': array([ 9.17032712e-01,  3.90102110e-01,  7.69241755e-07,  2.24180452e-08,
        2.92739223e-02,  3.04705206e-02,  2.88038302e-02,  3.44560476e-03,
       -1.28206959e-04,  2.91542625e-02,  2.79768953e-02,  3.21286640e-02,
        2.87683908e-06,  3.06266815e-02,  2.53271090e-02])}
{'img': array([[[ 0.00000000e+00,  7.73167807e-03,  7.14815829e-02, ...,
         -9.71370340e-01, -9.40487242e-01, -9.47348670e-01],
        [-7.73167807e-03,  0.00000000e+00,  6.37675466e-02, ...,
         -9.73178123e-01, -9.43086579e-01, -9.49796067e-01],
        [-7.14815829e-02, -6.37675466e-02,  0.00000000e+00, ...,
         -9.85867400e-01, -9.62372915e-01, -9.67813953e-01],
        ...,
        [ 9.71370340e-01,  9.73178123e-01,  9.85867400e-01, ...,
          0.00000000e+00,  1.06667942e-01,  8.59745702e-02],
        [ 9.40487242e-01,  9.43086579e-01,  9.62372915e-01, ...,
         -1.06667942e-01,  0.00000000e+00, -2.07889264e-02],
        [ 9.47348670e-01,  9.49796067e-01,  9.67813953e-01, ...,
         -8.59745702e-02,  2.07889264e-02,  0.00000000e+00]],

       [[ 0.00000000e+00, -3.68456692e-02, -1.81963037e-01, ...,
          7.67279073e-02,  5.11570047e-02,  3.21416233e-01],
        [ 3.68456692e-02,  0.00000000e+00, -1.45608934e-01, ...,
          1.13412857e-01,  8.79196918e-02,  3.56088546e-01],
        [ 1.81963037e-01,  1.45608934e-01,  0.00000000e+00, ...,
          2.56873586e-01,  2.32027736e-01,  4.88358025e-01],
        ...,
        [-7.67279073e-02, -1.13412857e-01, -2.56873586e-01, ...,
          0.00000000e+00, -2.56212442e-02,  2.47812148e-01],
        [-5.11570047e-02, -8.79196918e-02, -2.32027736e-01, ...,
          2.56212442e-02,  0.00000000e+00,  2.72552865e-01],
        [-3.21416233e-01, -3.56088546e-01, -4.88358025e-01, ...,
         -2.47812148e-01, -2.72552865e-01,  0.00000000e+00]],

       [[ 0.00000000e+00, -5.32808359e-02, -6.28064824e-02, ...,
         -9.92745558e-01, -9.89635467e-01, -9.94863634e-01],
        [ 5.32808359e-02,  0.00000000e+00, -9.54162525e-03, ...,
         -9.84929252e-01, -9.80578502e-01, -9.88057184e-01],
        [ 6.28064824e-02,  9.54162525e-03,  0.00000000e+00, ...,
         -9.83234118e-01, -9.78662494e-01, -9.86541959e-01],
        ...,
        [ 9.92745558e-01,  9.84929252e-01,  9.83234118e-01, ...,
          0.00000000e+00,  2.35726115e-02, -1.91266813e-02],
        [ 9.89635467e-01,  9.80578502e-01,  9.78662494e-01, ...,
         -2.35726115e-02,  0.00000000e+00, -4.26896659e-02],
        [ 9.94863634e-01,  9.88057184e-01,  9.86541959e-01, ...,
          1.91266813e-02,  4.26896659e-02,  0.00000000e+00]],

       ...,

       [[ 0.00000000e+00,  5.87608461e-02,  1.09220604e-01, ...,
          3.46566936e-02,  3.88713499e-01,  8.27770320e-01],
        [-5.87608461e-02,  0.00000000e+00,  5.06225686e-02, ...,
         -2.41287372e-02,  3.33902020e-01,  7.93371228e-01],
        [-1.09220604e-01, -5.06225686e-02,  0.00000000e+00, ...,
         -7.47056310e-02,  2.85756683e-01,  7.61538125e-01],
        ...,
        [-3.46566936e-02,  2.41287372e-02,  7.47056310e-02, ...,
          0.00000000e+00,  3.56548744e-01,  8.07828328e-01],
        [-3.88713499e-01, -3.33902020e-01, -2.85756683e-01, ...,
         -3.56548744e-01,  0.00000000e+00,  5.44579011e-01],
        [-8.27770320e-01, -7.93371228e-01, -7.61538125e-01, ...,
         -8.07828328e-01, -5.44579011e-01,  0.00000000e+00]],

       [[ 0.00000000e+00,  9.57827179e-04,  9.33548484e-03, ...,
         -9.97258270e-01, -9.89648850e-01, -9.52938364e-01],
        [-9.57827179e-04,  0.00000000e+00,  8.37769512e-03, ...,
         -9.97186934e-01, -9.89510938e-01, -9.52647548e-01],
        [-9.33548484e-03, -8.37769512e-03,  0.00000000e+00, ...,
         -9.96523991e-01, -9.88265988e-01, -9.50066654e-01],
        ...,
        [ 9.97258270e-01,  9.97186934e-01,  9.96523991e-01, ...,
          0.00000000e+00, -6.98830229e-02, -2.31815841e-01],
        [ 9.89648850e-01,  9.89510938e-01,  9.88265988e-01, ...,
          6.98830229e-02,  0.00000000e+00, -1.63269708e-01],
        [ 9.52938364e-01,  9.52647548e-01,  9.50066654e-01, ...,
          2.31815841e-01,  1.63269708e-01,  0.00000000e+00]],

       [[ 0.00000000e+00,  5.27539113e-02,  9.89566923e-02, ...,
         -9.18225567e-01, -9.23844621e-01, -9.28748263e-01],
        [-5.27539113e-02,  0.00000000e+00,  4.63239180e-02, ...,
         -8.96053378e-01, -9.02365713e-01, -9.07898565e-01],
        [-9.89566923e-02, -4.63239180e-02,  0.00000000e+00, ...,
         -8.74526105e-01, -8.81432726e-01, -8.87505390e-01],
        ...,
        [ 9.18225567e-01,  8.96053378e-01,  8.74526105e-01, ...,
          0.00000000e+00,  1.44288052e-02,  2.74416849e-02],
        [ 9.23844621e-01,  9.02365713e-01,  8.81432726e-01, ...,
         -1.44288052e-02,  0.00000000e+00,  1.30154568e-02],
        [ 9.28748263e-01,  9.07898565e-01,  8.87505390e-01, ...,
         -2.74416849e-02, -1.30154568e-02,  0.00000000e+00]]]), 'num': array([8.64479979e-01, 4.96605817e-01, 5.14509317e-07, 9.73461984e-09,
       2.82980124e-02, 2.86146335e-02, 2.76647702e-02, 3.31419197e-03,
       1.18732919e-03, 2.72769093e-02, 2.59688683e-02, 2.96449714e-02,
       2.78961337e-06, 2.85880919e-02, 2.33496448e-02])}
{'img': array([[[ 0.        ,  0.06376755,  0.09705528, ..., -0.94308658,
         -0.94979607, -0.86949068],
        [-0.06376755,  0.        ,  0.03339126, ..., -0.96237291,
         -0.96781395, -0.89921902],
        [-0.09705528, -0.03339126,  0.        , ..., -0.97090973,
         -0.97567773, -0.91332621],
        ...,
        [ 0.94308658,  0.96237291,  0.97090973, ...,  0.        ,
         -0.02078893,  0.17669022],
        [ 0.94979607,  0.96781395,  0.97567773, ...,  0.02078893,
          0.        ,  0.19711388],
        [ 0.86949068,  0.89921902,  0.91332621, ..., -0.17669022,
         -0.19711388,  0.        ]],

       [[ 0.        , -0.14560893,  0.07753345, ...,  0.08791969,
          0.35608855,  0.37361486],
        [ 0.14560893,  0.        ,  0.22187773, ...,  0.23202774,
          0.48835803,  0.50469746],
        [-0.07753345, -0.22187773,  0.        , ...,  0.01042183,
          0.28256533,  0.3005714 ],
        ...,
        [-0.08791969, -0.23202774, -0.01042183, ...,  0.        ,
          0.27255287,  0.29061516],
        [-0.35608855, -0.48835803, -0.28256533, ..., -0.27255287,
          0.        ,  0.01882322],
        [-0.37361486, -0.50469746, -0.3005714 , ..., -0.29061516,
         -0.01882322,  0.        ]],

       [[ 0.        , -0.00954163,  0.04720494, ..., -0.9805785 ,
         -0.98805718, -0.97806486],
        [ 0.00954163,  0.        ,  0.05673378, ..., -0.97866249,
         -0.98654196, -0.97603281],
        [-0.04720494, -0.05673378,  0.        , ..., -0.98874354,
         -0.99422942, -0.98680735],
        ...,
        [ 0.9805785 ,  0.97866249,  0.98874354, ...,  0.        ,
         -0.04268967,  0.01243016],
        [ 0.98805718,  0.98654196,  0.99422942, ...,  0.04268967,
          0.        ,  0.05510519],
        [ 0.97806486,  0.97603281,  0.98680735, ..., -0.01243016,
         -0.05510519,  0.        ]],

       ...,

       [[ 0.        ,  0.04470605,  0.06227232, ...,  0.2828567 ,
          0.53431904,  0.84885993],
        [-0.04470605,  0.        ,  0.01759078, ...,  0.23969355,
          0.49599557,  0.82437881],
        [-0.06227232, -0.01759078,  0.        , ...,  0.22257848,
          0.48064431,  0.8142942 ],
        ...,
        [-0.2828567 , -0.23969355, -0.22257848, ...,  0.        ,
          0.27340468,  0.66467124],
        [-0.53431904, -0.49599557, -0.48064431, ..., -0.27340468,
          0.        ,  0.43507619],
        [-0.84885993, -0.82437881, -0.8142942 , ..., -0.66467124,
         -0.43507619,  0.        ]],

       [[ 0.        ,  0.0083777 ,  0.02714697, ..., -0.98951094,
         -0.95264755, -0.99952803],
        [-0.0083777 ,  0.        ,  0.01877141, ..., -0.98826599,
         -0.95006665, -0.99923559],
        [-0.02714697, -0.01877141,  0.        , ..., -0.98522466,
         -0.94404169, -0.9983257 ],
        ...,
        [ 0.98951094,  0.98826599,  0.98522466, ...,  0.        ,
         -0.16326971,  0.11399192],
        [ 0.95264755,  0.95006665,  0.94404169, ...,  0.16326971,
          0.        ,  0.27466778],
        [ 0.99952803,  0.99923559,  0.9983257 , ..., -0.11399192,
         -0.27466778,  0.        ]],

       [[ 0.        ,  0.04632392,  0.0519936 , ..., -0.90236571,
         -0.90789856, -0.88753339],
        [-0.04632392,  0.        ,  0.00567653, ..., -0.88143273,
         -0.88750539, -0.86523716],
        [-0.0519936 , -0.00567653,  0.        , ..., -0.87873745,
         -0.88487536, -0.86237722],
        ...,
        [ 0.90236571,  0.88143273,  0.87873745, ...,  0.        ,
          0.01301546, -0.03325776],
        [ 0.90789856,  0.88750539,  0.88487536, ..., -0.01301546,
          0.        , -0.0462632 ],
        [ 0.88753339,  0.86523716,  0.86237722, ...,  0.03325776,
          0.0462632 ,  0.        ]]]), 'num': array([ 9.59309715e-01,  2.68703468e-01,  9.67235639e-07,  9.07498361e-08,
        3.13911930e-02,  3.19187761e-02,  3.11713667e-02,  2.35561447e-03,
       -4.39652563e-05,  3.05558531e-02,  2.89401300e-02,  3.28083398e-02,
        3.11258452e-06,  3.20430774e-02,  2.58371825e-02])}
{'img': array([[[ 0.        ,  0.03339126, -0.10181421, ..., -0.96781395,
         -0.89921902, -0.90197286],
        [-0.03339126,  0.        , -0.13497517, ..., -0.97567773,
         -0.91332621, -0.91588799],
        [ 0.10181421,  0.13497517,  0.        , ..., -0.93716139,
         -0.85000257, -0.85332307],
        ...,
        [ 0.96781395,  0.97567773,  0.93716139, ...,  0.        ,
          0.19711388,  0.19089844],
        [ 0.89921902,  0.91332621,  0.85000257, ..., -0.19711388,
          0.        , -0.00633578],
        [ 0.90197286,  0.91588799,  0.85332307, ..., -0.19089844,
          0.00633578,  0.        ]],

       [[ 0.        ,  0.22187773, -0.18040928, ...,  0.48835803,
          0.50469746,  0.31692752],
        [-0.22187773,  0.        , -0.39414957, ...,  0.28256533,
          0.3005714 ,  0.09858806],
        [ 0.18040928,  0.39414957,  0.        , ...,  0.63777783,
          0.65216286,  0.48283639],
        ...,
        [-0.48835803, -0.28256533, -0.63777783, ...,  0.        ,
          0.01882322, -0.18661836],
        [-0.50469746, -0.3005714 , -0.65216286, ..., -0.01882322,
          0.        , -0.20507784],
        [-0.31692752, -0.09858806, -0.48283639, ...,  0.18661836,
          0.20507784,  0.        ]],

       [[ 0.        ,  0.05673378,  0.07507671, ..., -0.98654196,
         -0.97603281, -0.96543722],
        [-0.05673378,  0.        ,  0.01838212, ..., -0.99422942,
         -0.98680735, -0.97866908],
        [-0.07507671, -0.01838212,  0.        , ..., -0.99603337,
         -0.98961666, -0.9822802 ],
        ...,
        [ 0.98654196,  0.99422942,  0.99603337, ...,  0.        ,
          0.05510519,  0.09927107],
        [ 0.97603281,  0.98680735,  0.98961666, ..., -0.05510519,
          0.        ,  0.04428723],
        [ 0.96543722,  0.97866908,  0.9822802 , ..., -0.09927107,
         -0.04428723,  0.        ]],

       ...,

       [[ 0.        ,  0.01739206,  0.21953095, ...,  0.48586803,
          0.74365437,  0.82957415],
        [-0.01739206,  0.        ,  0.20252996, ...,  0.47059333,
          0.73191418,  0.81973701],
        [-0.21953095, -0.20252996,  0.        , ...,  0.28213842,
          0.57874276,  0.68675181],
        ...,
        [-0.48586803, -0.47059333, -0.28213842, ...,  0.        ,
          0.32514384,  0.45376747],
        [-0.74365437, -0.73191418, -0.57874276, ..., -0.32514384,
          0.        ,  0.1393696 ],
        [-0.82957415, -0.81973701, -0.68675181, ..., -0.45376747,
         -0.1393696 ,  0.        ]],

       [[ 0.        ,  0.01877141,  0.01003335, ..., -0.95006665,
         -0.99923559, -0.99579924],
        [-0.01877141,  0.        , -0.00873889, ..., -0.94404169,
         -0.9983257 , -0.99734256],
        [-0.01003335,  0.00873889,  0.        , ..., -0.94688796,
         -0.99879306, -0.99666781],
        ...,
        [ 0.95006665,  0.94404169,  0.94688796, ...,  0.        ,
          0.27466778,  0.3977276 ],
        [ 0.99923559,  0.9983257 ,  0.99879306, ..., -0.27466778,
          0.        ,  0.13042201],
        [ 0.99579924,  0.99734256,  0.99666781, ..., -0.3977276 ,
         -0.13042201,  0.        ]],

       [[ 0.        ,  0.00567653,  0.06963981, ..., -0.88750539,
         -0.86523716, -0.84222813],
        [-0.00567653,  0.        ,  0.06397595, ..., -0.88487536,
         -0.86237722, -0.83915422],
        [-0.06963981, -0.06397595,  0.        , ..., -0.85326086,
         -0.82822173, -0.80263906],
        ...,
        [ 0.88750539,  0.88487536,  0.85326086, ...,  0.        ,
         -0.0462632 , -0.09037659],
        [ 0.86523716,  0.86237722,  0.82822173, ...,  0.0462632 ,
          0.        , -0.04420594],
        [ 0.84222813,  0.83915422,  0.80263906, ...,  0.09037659,
          0.04420594,  0.        ]]]), 'num': array([ 9.73404404e-01,  2.11263260e-01,  1.08258685e-06,  8.84283330e-08,
        3.17558810e-02,  3.22971744e-02,  3.14852343e-02,  1.44624582e-03,
       -4.51077855e-04,  3.16295792e-02,  2.97801600e-02,  3.35210990e-02,
        3.03945164e-06,  3.30873452e-02,  2.64729748e-02])}
{'img': array([[[ 0.        , -0.13497517,  0.07966579, ..., -0.91332621,
         -0.91588799, -0.9397749 ],
        [ 0.13497517,  0.        ,  0.21348294, ..., -0.85000257,
         -0.85332307, -0.8850413 ],
        [-0.07966579, -0.21348294,  0.        , ..., -0.94286552,
         -0.94495751, -0.96401724],
        ...,
        [ 0.91332621,  0.85000257,  0.94286552, ...,  0.        ,
         -0.00633578, -0.07053394],
        [ 0.91588799,  0.85332307,  0.94495751, ...,  0.00633578,
          0.        , -0.06421252],
        [ 0.9397749 ,  0.8850413 ,  0.96401724, ...,  0.07053394,
          0.06421252,  0.        ]],

       [[ 0.        , -0.39414957, -0.02075825, ...,  0.3005714 ,
          0.09858806, -0.1197501 ],
        [ 0.39414957,  0.        ,  0.37498685, ...,  0.65216286,
          0.48283639,  0.28125741],
        [ 0.02075825, -0.37498685,  0.        , ...,  0.32030501,
          0.11922394, -0.09911542],
        ...,
        [-0.3005714 , -0.65216286, -0.32030501, ...,  0.        ,
         -0.20507784, -0.41262128],
        [-0.09858806, -0.48283639, -0.11922394, ...,  0.20507784,
          0.        , -0.21704534],
        [ 0.1197501 , -0.28125741,  0.09911542, ...,  0.41262128,
          0.21704534,  0.        ]],

       [[ 0.        ,  0.01838212,  0.06509999, ..., -0.98680735,
         -0.97866908, -0.9681396 ],
        [-0.01838212,  0.        ,  0.04674587, ..., -0.98961666,
         -0.9822802 , -0.9725791 ],
        [-0.06509999, -0.04674587,  0.        , ..., -0.9952537 ,
         -0.98996741, -0.98238769],
        ...,
        [ 0.98680735,  0.98961666,  0.9952537 , ...,  0.        ,
          0.04428723,  0.09036678],
        [ 0.97866908,  0.9822802 ,  0.98996741, ..., -0.04428723,
          0.        ,  0.04617208],
        [ 0.9681396 ,  0.9725791 ,  0.98238769, ..., -0.09036678,
         -0.04617208,  0.        ]],

       ...,

       [[ 0.        ,  0.20252996,  0.22192794, ...,  0.73191418,
          0.81973701,  0.47455524],
        [-0.20252996,  0.        ,  0.01984924, ...,  0.57874276,
          0.68675181,  0.28644851],
        [-0.22192794, -0.01984924,  0.        , ...,  0.56244149,
          0.67218825,  0.2673746 ],
        ...,
        [-0.73191418, -0.57874276, -0.56244149, ...,  0.        ,
          0.1393696 , -0.32088925],
        [-0.81973701, -0.68675181, -0.67218825, ..., -0.1393696 ,
          0.        , -0.44975679],
        [-0.47455524, -0.28644851, -0.2673746 , ...,  0.32088925,
          0.44975679,  0.        ]],

       [[ 0.        , -0.00873889,  0.01207269, ..., -0.9983257 ,
         -0.99734256, -0.98926811],
        [ 0.00873889,  0.        ,  0.02081049, ..., -0.99879306,
         -0.99666781, -0.98795349],
        [-0.01207269, -0.02081049,  0.        , ..., -0.99755462,
         -0.99814943, -0.99095998],
        ...,
        [ 0.9983257 ,  0.99879306,  0.99755462, ...,  0.        ,
          0.13042201,  0.20308913],
        [ 0.99734256,  0.99666781,  0.99814943, ..., -0.13042201,
          0.        ,  0.07365041],
        [ 0.98926811,  0.98795349,  0.99095998, ..., -0.20308913,
         -0.07365041,  0.        ]],

       [[ 0.        ,  0.06397595,  0.0961945 , ..., -0.86237722,
         -0.83915422, -0.83008594],
        [-0.06397595,  0.        ,  0.03231818, ..., -0.82822173,
         -0.80263906, -0.7927102 ],
        [-0.0961945 , -0.03231818,  0.        , ..., -0.80967797,
         -0.78294312, -0.77259499],
        ...,
        [ 0.86237722,  0.82822173,  0.80967797, ...,  0.        ,
         -0.04420594, -0.06064764],
        [ 0.83915422,  0.80263906,  0.78294312, ...,  0.04420594,
          0.        , -0.01646378],
        [ 0.83008594,  0.7927102 ,  0.77259499, ...,  0.06064764,
          0.01646378,  0.        ]]]), 'num': array([9.79670538e-01, 1.79825942e-01, 1.12972400e-06, 3.78873533e-08,
       3.19937838e-02, 3.22197286e-02, 3.14967053e-02, 1.93779299e-03,
       1.80755841e-04, 3.18672547e-02, 2.99625401e-02, 3.34413368e-02,
       3.32211077e-06, 3.33989785e-02, 2.65261016e-02])}
{'img': array([[[ 0.        ,  0.21348294,  0.21348294, ..., -0.85332307,
         -0.8850413 , -0.87268431],
        [-0.21348294,  0.        ,  0.        , ..., -0.94495751,
         -0.96401724, -0.95680662],
        [-0.21348294,  0.        ,  0.        , ..., -0.94495751,
         -0.96401724, -0.95680662],
        ...,
        [ 0.85332307,  0.94495751,  0.94495751, ...,  0.        ,
         -0.06421252, -0.03833763],
        [ 0.8850413 ,  0.96401724,  0.96401724, ...,  0.06421252,
          0.        ,  0.0259068 ],
        [ 0.87268431,  0.95680662,  0.95680662, ...,  0.03833763,
         -0.0259068 ,  0.        ]],

       [[ 0.        ,  0.37498685,  0.46469842, ...,  0.48283639,
          0.28125741,  0.39789352],
        [-0.37498685,  0.        ,  0.0987502 , ...,  0.11922394,
         -0.09911542,  0.0248345 ],
        [-0.46469842, -0.0987502 ,  0.        , ...,  0.02059534,
         -0.19689492, -0.07400664],
        ...,
        [-0.48283639, -0.11922394, -0.02059534, ...,  0.        ,
         -0.21704534, -0.09452981],
        [-0.28125741,  0.09911542,  0.19689492, ...,  0.21704534,
          0.        ,  0.12379706],
        [-0.39789352, -0.0248345 ,  0.07400664, ...,  0.09452981,
         -0.12379706,  0.        ]],

       [[ 0.        ,  0.04674587,  0.09413864, ..., -0.9822802 ,
         -0.9725791 , -0.96536353],
        [-0.04674587,  0.        ,  0.04749746, ..., -0.98996741,
         -0.98238769, -0.9765046 ],
        [-0.09413864, -0.04749746,  0.        , ..., -0.99556129,
         -0.99015402, -0.98563802],
        ...,
        [ 0.9822802 ,  0.98996741,  0.99556129, ...,  0.        ,
          0.04617208,  0.07535851],
        [ 0.9725791 ,  0.98238769,  0.99015402, ..., -0.04617208,
          0.        ,  0.02923735],
        [ 0.96536353,  0.9765046 ,  0.98563802, ..., -0.07535851,
         -0.02923735,  0.        ]],

       ...,

       [[ 0.        ,  0.01727958, -0.01741652, ...,  0.43306949,
          0.23595904,  0.75440395],
        [-0.01727958,  0.        , -0.03469088, ...,  0.41742971,
          0.21913216,  0.74294882],
        [ 0.01741652,  0.03469088,  0.        , ...,  0.44870237,
          0.25284798,  0.76572191],
        ...,
        [-0.43306949, -0.41742971, -0.44870237, ...,  0.        ,
         -0.20815674,  0.3957186 ],
        [-0.23595904, -0.21913216, -0.25284798, ...,  0.20815674,
          0.        ,  0.57821586],
        [-0.75440395, -0.74294882, -0.76572191, ..., -0.3957186 ,
         -0.57821586,  0.        ]],

       [[ 0.        ,  0.02081049,  0.04347124, ..., -0.99666781,
         -0.98795349, -0.97335104],
        [-0.02081049,  0.        ,  0.02267101, ..., -0.99814943,
         -0.99095998, -0.97791251],
        [-0.04347124, -0.02267101,  0.        , ..., -0.99927148,
         -0.99374678, -0.98239974],
        ...,
        [ 0.99666781,  0.99814943,  0.99927148, ...,  0.        ,
