state_0,state_1,state_2,state_3,state_4,state_5,state_6,state_7,state_8,state_9,state_10,state_11,state_12,state_13,state_14,state_15,state_16,state_17,state_18,state_19,state_20,state_21,state_22,state_23,state_24,state_25,state_26,state_27,state_28,state_29,state_30,state_31,state_32,state_33,state_34,state_35,state_36,state_37,state_38,state_39,state_40,state_41,state_42,state_43,state_44,state_45,state_46,state_47,state_48,state_49,state_50,state_51,state_52,state_53,state_54,state_55,state_56,state_57,state_58,state_59,state_60,state_61,state_62,state_63,state_64,state_65,state_66,state_67,state_68,state_69,state_70,state_71,state_72,state_73,state_74,state_75,state_76,state_77,state_78,state_79,state_80,state_81,state_82,state_83,state_84,state_85,state_86,state_87,state_88,state_89,state_90,state_91,state_92,state_93,state_94,state_95,state_96,state_97,state_98,state_99,state_100,state_101,state_102,state_103,state_104,state_105,state_106,state_107,state_108,state_109,state_110,state_111,state_112,state_113,state_114,state_115,state_116,state_117,state_118,state_119,state_120,state_121,state_122,state_123,state_124,state_125,state_126,state_127,state_128,state_129,state_130,state_131,state_132,state_133,state_134,state_135,state_136,state_137,state_138,state_139,state_140,state_141,state_142,state_143,state_144,state_145,state_146,state_147,state_148,state_149,state_150,state_151,state_152,state_153,state_154,state_155,state_156,state_157,state_158,state_159,state_160,state_161,state_162,state_163,state_164,state_165,state_166,state_167,state_168,state_169,state_170,state_171,state_172,state_173,state_174,state_175,state_176,state_177,state_178,state_179,state_180,state_181,state_182,state_183,state_184,state_185,state_186,state_187,state_188,state_189,state_190,state_191,state_192,state_193,state_194,state_195,state_196,state_197,state_198,state_199,state_200,state_201,state_202,state_203,state_204,state_205,state_206,state_207,state_208,state_209,state_210,state_211,state_212,state_213,state_214,state_215,state_216,state_217,state_218,state_219,state_220,state_221,state_222,state_223,state_224,state_225,state_226,state_227,state_228,state_229,state_230,state_231,state_232,state_233,state_234,state_235,state_236,state_237,state_238,state_239,state_240,state_241,state_242,state_243,state_244,state_245,state_246,state_247,state_248,state_249,state_250,state_251,state_252,state_253,state_254,state_255,state_256,state_257,state_258,state_259,state_260,state_261,state_262,state_263,state_264,state_265,state_266,state_267,state_268,state_269,state_270,state_271,state_272,state_273,state_274,state_275,state_276,state_277,state_278,state_279,state_280,state_281,state_282,state_283,state_284,state_285,state_286,state_287
{'img': array([[[ 0.        ,  0.03068559,  0.4694579 , ...,  0.83264927,
          0.76837726,  0.57496934],
        [-0.03068559,  0.        ,  0.44214284, ...,  0.81526347,
          0.74837673,  0.5495924 ],
        [-0.4694579 , -0.44214284,  0.        , ...,  0.47520562,
          0.37799069,  0.12357327],
        ...,
        [-0.83264927, -0.81526347, -0.47520562, ...,  0.        ,
         -0.10736534, -0.36283437],
        [-0.76837726, -0.74837673, -0.37799069, ...,  0.10736534,
          0.        , -0.26068827],
        [-0.57496934, -0.5495924 , -0.12357327, ...,  0.36283437,
          0.26068827,  0.        ]],

       [[ 0.        ,  0.00778055,  0.22208384, ...,  0.36248171,
         -0.08177557,  0.33973048],
        [-0.00778055,  0.        ,  0.21449086, ...,  0.35521933,
         -0.08952759,  0.33240241],
        [-0.22208384, -0.21449086,  0.        , ...,  0.14644955,
         -0.30107346,  0.12237167],
        ...,
        [-0.36248171, -0.35521933, -0.14644955, ...,  0.        ,
         -0.43748176, -0.02429661],
        [ 0.08177557,  0.08952759,  0.30107346, ...,  0.43748176,
          0.        ,  0.41550443],
        [-0.33973048, -0.33240241, -0.12237167, ...,  0.02429661,
         -0.41550443,  0.        ]],

       [[ 0.        , -0.35173958,  0.07711434, ...,  0.99862045,
          0.99641142,  0.9626015 ],
        [ 0.35173958,  0.        ,  0.42287876, ...,  0.91633701,
          0.9625106 ,  0.99638298],
        [-0.07711434, -0.42287876,  0.        , ...,  0.99969601,
          0.98691724,  0.93884321],
        ...,
        [-0.99862045, -0.91633701, -0.99969601, ...,  0.        ,
         -0.13684587, -0.32109276],
        [-0.99641142, -0.9625106 , -0.98691724, ...,  0.13684587,
          0.        , -0.18847246],
        [-0.9626015 , -0.99638298, -0.93884321, ...,  0.32109276,
          0.18847246,  0.        ]],

       ...,

       [[ 0.        , -0.06365627, -0.04179217, ..., -0.55223207,
         -0.60951284, -0.88889867],
        [ 0.06365627,  0.        ,  0.02189325, ..., -0.49804246,
         -0.5578115 , -0.85793469],
        [ 0.04179217, -0.02189325,  0.        , ..., -0.51690787,
         -0.57584849, -0.86897691],
        ...,
        [ 0.55223207,  0.49804246,  0.51690787, ...,  0.        ,
         -0.07034858, -0.48808666],
        [ 0.60951284,  0.5578115 ,  0.57584849, ...,  0.07034858,
          0.        , -0.42547751],
        [ 0.88889867,  0.85793469,  0.86897691, ...,  0.48808666,
          0.42547751,  0.        ]],

       [[ 0.        , -0.00641556, -0.00365262, ...,  0.99369024,
          0.99877224,  0.85438266],
        [ 0.00641556,  0.        ,  0.00276298, ...,  0.99438936,
          0.99843387,  0.85103126],
        [ 0.00365262, -0.00276298,  0.        , ...,  0.99409329,
          0.99858463,  0.8524789 ],
        ...,
        [-0.99369024, -0.99438936, -0.99409329, ...,  0.        ,
          0.16124702,  0.61219249],
        [-0.99877224, -0.99843387, -0.99858463, ..., -0.16124702,
          0.        ,  0.47668196],
        [-0.85438266, -0.85103126, -0.8524789 , ..., -0.61219249,
         -0.47668196,  0.        ]],

       [[ 0.        , -0.06330425, -0.05979124, ...,  0.99612938,
          0.95531486,  0.85822182],
        [ 0.06330425,  0.        ,  0.00351968, ...,  0.99969581,
          0.97211087,  0.8889932 ],
        [ 0.05979124, -0.00351968,  0.        , ...,  0.99960281,
          0.97127941,  0.88737597],
        ...,
        [-0.99612938, -0.99969581, -0.99960281, ...,  0.        ,
         -0.21047469, -0.43585536],
        [-0.95531486, -0.97211087, -0.97127941, ...,  0.21047469,
          0.        , -0.23666115],
        [-0.85822182, -0.8889932 , -0.88737597, ...,  0.43585536,
          0.23666115,  0.        ]]]), 'num': array([ 7.06996133e-01,  7.06996133e-01,  0.00000000e+00,  0.00000000e+00,
        5.78905069e-03,  5.85559150e-03,  5.75993908e-03,  3.46016384e-03,
       -3.74292070e-05,  6.01445769e-03,  6.43761567e-03,  6.23078464e-03,
        7.56145596e-07,  7.01186444e-03,  5.86336690e-03])}
{'img': array([[[ 0.        ,  0.44214284,  0.35367316, ...,  0.74837673,
          0.5495924 ,  0.50036891],
        [-0.44214284,  0.        , -0.09634149, ...,  0.37799069,
          0.12357327,  0.0659905 ],
        [-0.35367316,  0.09634149,  0.        , ...,  0.46542627,
          0.21860153,  0.16181503],
        ...,
        [-0.74837673, -0.37799069, -0.46542627, ...,  0.        ,
         -0.26068827, -0.31607214],
        [-0.5495924 , -0.12357327, -0.21860153, ...,  0.26068827,
          0.        , -0.0578192 ],
        [-0.50036891, -0.0659905 , -0.16181503, ...,  0.31607214,
          0.0578192 ,  0.        ]],

       [[ 0.        ,  0.21449086, -0.26540258, ..., -0.08952759,
          0.33240241, -0.1987589 ],
        [-0.21449086,  0.        , -0.46602432, ..., -0.30107346,
          0.12237167, -0.40434441],
        [ 0.26540258,  0.46602432,  0.        , ...,  0.1780199 ,
          0.57079286,  0.06847643],
        ...,
        [ 0.08952759,  0.30107346, -0.1780199 , ...,  0.        ,
          0.41550443, -0.11021938],
        [-0.33240241, -0.12237167, -0.57079286, ..., -0.41550443,
          0.        , -0.51322746],
        [ 0.1987589 ,  0.40434441, -0.06847643, ...,  0.11021938,
          0.51322746,  0.        ]],

       [[ 0.        ,  0.42287876,  0.58690846, ...,  0.9625106 ,
          0.99638298,  0.99577983],
        [-0.42287876,  0.        ,  0.1894632 , ...,  0.98691724,
          0.93884321,  0.86355261],
        [-0.58690846, -0.1894632 ,  0.        , ...,  0.93849531,
          0.85659802,  0.75237331],
        ...,
        [-0.9625106 , -0.98691724, -0.93849531, ...,  0.        ,
         -0.18847246, -0.3584331 ],
        [-0.99638298, -0.93884321, -0.85659802, ...,  0.18847246,
          0.        , -0.17605995],
        [-0.99577983, -0.86355261, -0.75237331, ...,  0.3584331 ,
          0.17605995,  0.        ]],

       ...,

       [[ 0.        ,  0.02105967,  0.07714443, ..., -0.51847187,
         -0.70644477, -0.87503235],
        [-0.02105967,  0.        ,  0.05613041, ..., -0.53636489,
         -0.72119347, -0.88503253],
        [-0.07714443, -0.05613041,  0.        , ..., -0.58289258,
         -0.75893989, -0.90976757],
        ...,
        [ 0.51847187,  0.53636489,  0.58289258, ...,  0.        ,
         -0.23711929, -0.49726172],
        [ 0.70644477,  0.72119347,  0.75893989, ...,  0.23711929,
          0.        , -0.27735525],
        [ 0.87503235,  0.88503253,  0.90976757, ...,  0.49726172,
          0.27735525,  0.        ]],

       [[ 0.        ,  0.0027223 , -0.00813261, ...,  0.99990578,
          0.96515349,  0.84436683],
        [-0.0027223 ,  0.        , -0.01085478, ...,  0.99986471,
          0.9658623 ,  0.84582221],
        [ 0.00813261,  0.01085478,  0.        , ...,  0.99998435,
          0.9629934 ,  0.83998174],
        ...,
        [-0.99990578, -0.99986471, -0.99998435, ...,  0.        ,
          0.27490824,  0.54730547],
        [-0.96515349, -0.9658623 , -0.9629934 , ..., -0.27490824,
          0.        ,  0.29613828],
        [-0.84436683, -0.84582221, -0.83998174, ..., -0.54730547,
         -0.29613828,  0.        ]],

       [[ 0.        ,  0.00351968, -0.0079451 , ...,  0.97211087,
          0.8889932 ,  0.78429615],
        [-0.00351968,  0.        , -0.01146462, ...,  0.97127941,
          0.88737597,  0.78210773],
        [ 0.0079451 ,  0.01146462,  0.        , ...,  0.97394349,
          0.89260337,  0.78920043],
        ...,
        [-0.97211087, -0.97127941, -0.97394349, ...,  0.        ,
         -0.23666115, -0.41915007],
        [-0.8889932 , -0.88737597, -0.89260337, ...,  0.23666115,
          0.        , -0.19237428],
        [-0.78429615, -0.78210773, -0.78920043, ...,  0.41915007,
          0.19237428,  0.        ]]]), 'num': array([ 7.39531178e-01,  6.72876780e-01,  4.78495320e-07, -5.55259275e-11,
        6.05949074e-03,  6.14648989e-03,  6.04644087e-03,  1.94090752e-03,
        4.34995746e-06,  6.16997966e-03,  6.68784209e-03,  6.52218121e-03,
        5.27267571e-07,  7.34497354e-03,  6.03071065e-03])}
{'img': array([[[ 0.        , -0.09634149,  0.05948936, ...,  0.12357327,
          0.0659905 ,  0.07247059],
        [ 0.09634149,  0.        ,  0.1553835 , ...,  0.21860153,
          0.16181503,  0.16822164],
        [-0.05948936, -0.1553835 ,  0.        , ...,  0.06432102,
          0.00651394,  0.0130093 ],
        ...,
        [-0.12357327, -0.21860153, -0.06432102, ...,  0.        ,
         -0.0578192 , -0.05133321],
        [-0.0659905 , -0.16181503, -0.00651394, ...,  0.0578192 ,
          0.        ,  0.00649564],
        [-0.07247059, -0.16822164, -0.0130093 , ...,  0.05133321,
         -0.00649564,  0.        ]],

       [[ 0.        , -0.46602432, -0.24203616, ...,  0.12237167,
         -0.40434441, -0.81310441],
        [ 0.46602432,  0.        ,  0.23802133, ...,  0.57079286,
          0.06847643, -0.44813086],
        [ 0.24203616, -0.23802133,  0.        , ...,  0.35895032,
         -0.17095421, -0.64803499],
        ...,
        [-0.12237167, -0.57079286, -0.35895032, ...,  0.        ,
         -0.51322746, -0.87822814],
        [ 0.40434441, -0.06847643,  0.17095421, ...,  0.51322746,
          0.        , -0.50829472],
        [ 0.81310441,  0.44813086,  0.64803499, ...,  0.87822814,
          0.50829472,  0.        ]],

       [[ 0.        ,  0.22240529,  0.40030801, ...,  0.96246649,
          0.89817656,  0.79462896],
        [-0.22240529,  0.        ,  0.18647411, ...,  0.87799993,
          0.77790396,  0.6397057 ],
        [-0.40030801, -0.18647411,  0.        , ...,  0.77334186,
          0.64708224,  0.48515746],
        ...,
        [-0.96246649, -0.87799993, -0.77334186, ...,  0.        ,
         -0.17936829, -0.36864625],
        [-0.89817656, -0.77790396, -0.64708224, ...,  0.17936829,
          0.        , -0.1959322 ],
        [-0.79462896, -0.6397057 , -0.48515746, ...,  0.36864625,
          0.1959322 ,  0.        ]],

       ...,

       [[ 0.        ,  0.04876381,  0.03669695, ..., -0.54157883,
         -0.59276184, -0.93921217],
        [-0.04876381,  0.        , -0.01207768, ..., -0.58192783,
         -0.63132995, -0.95483726],
        [-0.03669695,  0.01207768,  0.        , ..., -0.57206333,
         -0.62191749, -0.95117898],
        ...,
        [ 0.54157883,  0.58192783,  0.57206333, ...,  0.        ,
         -0.06212966, -0.60360446],
        [ 0.59276184,  0.63132995,  0.62191749, ...,  0.06212966,
          0.        , -0.55290337],
        [ 0.93921217,  0.95483726,  0.95117898, ...,  0.60360446,
          0.55290337,  0.        ]],

       [[ 0.        , -0.01079068, -0.00586214, ...,  0.97761771,
          0.92983531,  0.84313531],
        [ 0.01079068,  0.        ,  0.0049287 , ...,  0.97529055,
          0.92581046,  0.83728406],
        [ 0.00586214, -0.0049287 ,  0.        , ...,  0.97636758,
          0.9276622 ,  0.83996874],
        ...,
        [-0.97761771, -0.97529055, -0.97636758, ...,  0.        ,
          0.16411252,  0.34827991],
        [-0.92983531, -0.92581046, -0.9276622 , ..., -0.16411252,
          0.        ,  0.18972027],
        [-0.84313531, -0.83728406, -0.83996874, ..., -0.34827991,
         -0.18972027,  0.        ]],

       [[ 0.        , -0.01146462, -0.00840874, ...,  0.88737597,
          0.78210773,  0.67596248],
        [ 0.01146462,  0.        ,  0.00305603, ...,  0.89260337,
          0.78920043,  0.68436675],
        [ 0.00840874, -0.00305603,  0.        , ...,  0.89122141,
          0.78731993,  0.68213529],
        ...,
        [-0.88737597, -0.89260337, -0.89122141, ...,  0.        ,
         -0.19237428, -0.34228918],
        [-0.78210773, -0.78920043, -0.78731993, ...,  0.19237428,
          0.        , -0.15514193],
        [-0.67596248, -0.68436675, -0.68213529, ...,  0.34228918,
          0.15514193,  0.        ]]]), 'num': array([7.39639752e-01, 6.72757922e-01, 4.78410799e-07, 2.25901997e-10,
       6.08016633e-03, 6.15845173e-03, 6.05407120e-03, 2.29641533e-03,
       2.17459454e-05, 6.11322017e-03, 6.63707999e-03, 6.52218891e-03,
       6.10673809e-07, 7.31953123e-03, 5.95462875e-03])}
{'img': array([[[ 0.        ,  0.1553835 ,  0.08292692, ...,  0.16181503,
          0.16822164,  0.19988815],
        [-0.1553835 ,  0.        , -0.07292859, ...,  0.00651394,
          0.0130093 ,  0.04521269],
        [-0.08292692,  0.07292859,  0.        , ...,  0.07942364,
          0.08589708,  0.1179463 ],
        ...,
        [-0.16181503, -0.00651394, -0.07942364, ...,  0.        ,
          0.00649564,  0.03870445],
        [-0.16822164, -0.0130093 , -0.08589708, ..., -0.00649564,
          0.        ,  0.03221286],
        [-0.19988815, -0.04521269, -0.1179463 , ..., -0.03870445,
         -0.03221286,  0.        ]],

       [[ 0.        ,  0.23802133,  0.03040226, ...,  0.06847643,
         -0.44813086, -0.30256926],
        [-0.23802133,  0.        , -0.2083828 , ..., -0.17095421,
         -0.64803499, -0.52073805],
        [-0.03040226,  0.2083828 ,  0.        , ...,  0.03811388,
         -0.47510236, -0.33140663],
        ...,
        [-0.06847643,  0.17095421, -0.03811388, ...,  0.        ,
         -0.50829472, -0.36712582],
        [ 0.44813086,  0.64803499,  0.47510236, ...,  0.50829472,
          0.        ,  0.15663857],
        [ 0.30256926,  0.52073805,  0.33140663, ...,  0.36712582,
         -0.15663857,  0.        ]],

       [[ 0.        ,  0.18647411,  0.29585299, ...,  0.77790396,
          0.6397057 ,  0.56420818],
        [-0.18647411,  0.        ,  0.11253738, ...,  0.64708224,
          0.48515746,  0.4003528 ],
        [-0.29585299, -0.11253738,  0.        , ...,  0.55717087,
          0.38366979,  0.29468468],
        ...,
        [-0.77790396, -0.64708224, -0.55717087, ...,  0.        ,
         -0.1959322 , -0.28772391],
        [-0.6397057 , -0.48515746, -0.38366979, ...,  0.1959322 ,
          0.        , -0.09450019],
        [-0.56420818, -0.4003528 , -0.29468468, ...,  0.28772391,
          0.09450019,  0.        ]],

       ...,

       [[ 0.        , -0.01207768,  0.12378548, ..., -0.63132995,
         -0.95483726, -0.80910412],
        [ 0.01207768,  0.        ,  0.13576124, ..., -0.62191749,
         -0.95117898, -0.80194747],
        [-0.12378548, -0.13576124,  0.        , ..., -0.72247181,
         -0.9842739 , -0.87562574],
        ...,
        [ 0.63132995,  0.62191749,  0.72247181, ...,  0.        ,
         -0.55290337, -0.25646113],
        [ 0.95483726,  0.95117898,  0.9842739 , ...,  0.55290337,
          0.        ,  0.32071621],
        [ 0.80910412,  0.80194747,  0.87562574, ...,  0.25646113,
         -0.32071621,  0.        ]],

       [[ 0.        ,  0.0049287 ,  0.0049287 , ...,  0.92581046,
          0.83728406,  0.95746592],
        [-0.0049287 ,  0.        ,  0.        , ...,  0.9276622 ,
          0.83996874,  0.95887645],
        [-0.0049287 ,  0.        ,  0.        , ...,  0.9276622 ,
          0.83996874,  0.95887645],
        ...,
        [-0.92581046, -0.9276622 , -0.9276622 , ...,  0.        ,
          0.18972027, -0.09477145],
        [-0.83728406, -0.83996874, -0.83996874, ..., -0.18972027,
          0.        , -0.28191658],
        [-0.95746592, -0.95887645, -0.95887645, ...,  0.09477145,
          0.28191658,  0.        ]],

       [[ 0.        ,  0.00305603,  0.00305603, ...,  0.78920043,
          0.68436675,  0.59670385],
        [-0.00305603,  0.        ,  0.        , ...,  0.78731993,
          0.68213529,  0.59424872],
        [-0.00305603,  0.        ,  0.        , ...,  0.78731993,
          0.68213529,  0.59424872],
        ...,
        [-0.78920043, -0.78731993, -0.78731993, ...,  0.        ,
         -0.15514193, -0.26684585],
        [-0.68436675, -0.68213529, -0.68213529, ...,  0.15514193,
          0.        , -0.11409857],
        [-0.59670385, -0.59424872, -0.59424872, ...,  0.26684585,
          0.11409857,  0.        ]]]), 'num': array([ 7.69516564e-01,  6.38329210e-01,  9.52704095e-07,  1.65055317e-09,
        6.24701685e-03,  6.55097483e-03,  6.16989319e-03,  5.56973498e-03,
       -9.52704095e-05,  6.31597448e-03,  6.87307955e-03,  6.80404630e-03,
        6.20013776e-07,  7.62597265e-03,  6.12018644e-03])}
{'img': array([[[ 0.        , -0.07292859, -0.20505506, ...,  0.0130093 ,
          0.04521269, -0.0932443 ],
        [ 0.07292859,  0.        , -0.13313014, ...,  0.08589708,
          0.1179463 , -0.02038514],
        [ 0.20505506,  0.13313014,  0.        , ...,  0.21777056,
          0.2490973 ,  0.11289879],
        ...,
        [-0.0130093 , -0.08589708, -0.21777056, ...,  0.        ,
          0.03221286, -0.10618903],
        [-0.04521269, -0.1179463 , -0.2490973 , ..., -0.03221286,
          0.        , -0.13816465],
        [ 0.0932443 ,  0.02038514, -0.11289879, ...,  0.10618903,
          0.13816465,  0.        ]],

       [[ 0.        , -0.2083828 , -0.6097162 , ..., -0.64803499,
         -0.52073805,  0.18293959],
        [ 0.2083828 ,  0.        , -0.43116298, ..., -0.47510236,
         -0.33140663,  0.38378975],
        [ 0.6097162 ,  0.43116298,  0.        , ..., -0.04927906,
          0.1077775 ,  0.74442827],
        ...,
        [ 0.64803499,  0.47510236,  0.04927906, ...,  0.        ,
          0.15663857,  0.77642758],
        [ 0.52073805,  0.33140663, -0.1077775 , ..., -0.15663857,
          0.        ,  0.66812871],
        [-0.18293959, -0.38378975, -0.74442827, ..., -0.77642758,
         -0.66812871,  0.        ]],

       [[ 0.        ,  0.11253738,  0.17726219, ...,  0.48515746,
          0.4003528 ,  0.30362796],
        [-0.11253738,  0.        ,  0.06538093, ...,  0.38366979,
          0.29468468,  0.19447459],
        [-0.17726219, -0.06538093,  0.        , ...,  0.32247153,
          0.23157651,  0.12992584],
        ...,
        [-0.48515746, -0.38366979, -0.32247153, ...,  0.        ,
         -0.09450019, -0.19675307],
        [-0.4003528 , -0.29468468, -0.23157651, ...,  0.09450019,
          0.        , -0.10321957],
        [-0.30362796, -0.19447459, -0.12992584, ...,  0.19675307,
          0.10321957,  0.        ]],

       ...,

       [[ 0.        ,  0.13576124,  0.15362494, ..., -0.95117898,
         -0.80194747, -0.82168757],
        [-0.13576124,  0.        ,  0.01805296, ..., -0.9842739 ,
         -0.87562574, -0.89145556],
        [-0.15362494, -0.01805296,  0.        , ..., -0.98730253,
         -0.88420244, -0.89949023],
        ...,
        [ 0.95117898,  0.9842739 ,  0.98730253, ...,  0.        ,
          0.32071621,  0.28850771],
        [ 0.80194747,  0.87562574,  0.88420244, ..., -0.32071621,
          0.        , -0.03381119],
        [ 0.82168757,  0.89145556,  0.89949023, ..., -0.28850771,
          0.03381119,  0.        ]],

       [[ 0.        ,  0.        , -0.02032511, ...,  0.83996874,
          0.95887645,  0.97141848],
        [ 0.        ,  0.        , -0.02032511, ...,  0.83996874,
          0.95887645,  0.97141848],
        [ 0.02032511,  0.02032511,  0.        , ...,  0.82876611,
          0.95290961,  0.96639317],
        ...,
        [-0.83996874, -0.83996874, -0.82876611, ...,  0.        ,
         -0.28191658, -0.32773923],
        [-0.95887645, -0.95887645, -0.95290961, ...,  0.28191658,
          0.        , -0.04809994],
        [-0.97141848, -0.97141848, -0.96639317, ...,  0.32773923,
          0.04809994,  0.        ]],

       [[ 0.        ,  0.        , -0.01729279, ...,  0.68213529,
          0.59424872,  0.48022184],
        [ 0.        ,  0.        , -0.01729279, ...,  0.68213529,
          0.59424872,  0.48022184],
        [ 0.01729279,  0.01729279,  0.        , ...,  0.69467823,
          0.60806813,  0.49531836],
        ...,
        [-0.68213529, -0.68213529, -0.69467823, ...,  0.        ,
         -0.11409857, -0.24718228],
        [-0.59424872, -0.59424872, -0.60806813, ...,  0.11409857,
          0.        , -0.13501006],
        [-0.48022184, -0.48022184, -0.49531836, ...,  0.24718228,
          0.13501006,  0.        ]]]), 'num': array([ 9.99105696e-01,  3.36878341e-02,  6.98565746e-06, -1.37541138e-08,
        8.11275514e-03,  8.24777205e-03,  8.07166304e-03,  8.60128154e-03,
        2.93515020e-05,  8.15032506e-03,  8.83186694e-03,  8.80329814e-03,
        9.96434753e-07,  9.83931379e-03,  7.82442008e-03])}
{'img': array([[[ 0.        , -0.13313014, -0.31817778, ...,  0.1179463 ,
         -0.02038514,  0.01346848],
        [ 0.13313014,  0.        , -0.18913404, ...,  0.2490973 ,
          0.11289879,  0.14646665],
        [ 0.31817778,  0.18913404,  0.        , ...,  0.42777366,
          0.29878592,  0.33091746],
        ...,
        [-0.1179463 , -0.2490973 , -0.42777366, ...,  0.        ,
         -0.13816465, -0.10456114],
        [ 0.02038514, -0.11289879, -0.29878592, ...,  0.13816465,
          0.        ,  0.03384897],
        [-0.01346848, -0.14646665, -0.33091746, ...,  0.10456114,
         -0.03384897,  0.        ]],

       [[ 0.        , -0.43116298, -0.02464956, ..., -0.33140663,
          0.38378975,  0.55145723],
        [ 0.43116298,  0.        ,  0.40879131, ...,  0.1077775 ,
          0.74442827,  0.85724308],
        [ 0.02464956, -0.40879131,  0.        , ..., -0.30804936,
          0.40643505,  0.57185241],
        ...,
        [ 0.33140663, -0.1077775 ,  0.30804936, ...,  0.        ,
          0.66812871,  0.79675375],
        [-0.38378975, -0.74442827, -0.40643505, ..., -0.66812871,
          0.        ,  0.18906829],
        [-0.55145723, -0.85724308, -0.57185241, ..., -0.79675375,
         -0.18906829,  0.        ]],

       [[ 0.        ,  0.06538093, -0.01461941, ...,  0.29468468,
          0.19447459,  0.16459422],
        [-0.06538093,  0.        , -0.07996207, ...,  0.23157651,
          0.12992584,  0.09975283],
        [ 0.01461941,  0.07996207,  0.        , ...,  0.30862342,
          0.2087941 ,  0.17899666],
        ...,
        [-0.29468468, -0.23157651, -0.30862342, ...,  0.        ,
         -0.10321957, -0.13338024],
        [-0.19447459, -0.12992584, -0.2087941 , ...,  0.10321957,
          0.        , -0.03037051],
        [-0.16459422, -0.09975283, -0.17899666, ...,  0.13338024,
          0.03037051,  0.        ]],

       ...,

       [[ 0.        ,  0.01805296,  0.0044672 , ..., -0.87562574,
         -0.89145556, -0.76465962],
        [-0.01805296,  0.        , -0.01358631, ..., -0.88420244,
         -0.89949023, -0.77616895],
        [-0.0044672 ,  0.01358631,  0.        , ..., -0.87777461,
         -0.89347079, -0.7675308 ],
        ...,
        [ 0.87562574,  0.88420244,  0.87777461, ...,  0.        ,
         -0.03381119,  0.1949602 ],
        [ 0.89145556,  0.89949023,  0.89347079, ...,  0.03381119,
          0.        ,  0.22801112],
        [ 0.76465962,  0.77616895,  0.7675308 , ..., -0.1949602 ,
         -0.22801112,  0.        ]],

       [[ 0.        , -0.02032511, -0.0544412 , ...,  0.95887645,
          0.97141848,  0.98955707],
        [ 0.02032511,  0.        , -0.03413499, ...,  0.95290961,
          0.96639317,  0.98642295],
        [ 0.0544412 ,  0.03413499,  0.        , ...,  0.9420027 ,
          0.95705496,  0.98024229],
        ...,
        [-0.95887645, -0.95290961, -0.9420027 , ...,  0.        ,
         -0.04809994, -0.14264586],
        [-0.97141848, -0.96639317, -0.95705496, ...,  0.04809994,
          0.        , -0.09487268],
        [-0.98955707, -0.98642295, -0.98024229, ...,  0.14264586,
          0.09487268,  0.        ]],

       [[ 0.        , -0.01729279, -0.0548506 , ...,  0.59424872,
          0.48022184,  0.3787396 ],
        [ 0.01729279,  0.        , -0.03757564, ...,  0.60806813,
          0.49531836,  0.3946875 ],
        [ 0.0548506 ,  0.03757564,  0.        , ...,  0.63746943,
          0.52761094,  0.42893384],
        ...,
        [-0.59424872, -0.60806813, -0.63746943, ...,  0.        ,
         -0.13501006, -0.24536595],
        [-0.48022184, -0.49531836, -0.52761094, ...,  0.13501006,
          0.        , -0.11223656],
        [-0.3787396 , -0.3946875 , -0.42893384, ...,  0.24536595,
          0.11223656,  0.        ]]]), 'num': array([ 9.99329991e-01,  2.61513253e-02,  7.20339501e-06,  6.93856431e-09,
        8.10982221e-03,  8.29590992e-03,  7.98376280e-03,  8.03658770e-03,
       -1.86087704e-04,  8.28510482e-03,  8.95892240e-03,  8.99914135e-03,
        4.55088132e-07,  1.00336298e-02,  7.88421495e-03])}
{'img': array([[[ 0.        , -0.18913404, -0.55226093, ...,  0.11289879,
          0.14646665, -0.07546356],
        [ 0.18913404,  0.        , -0.38461771, ...,  0.29878592,
          0.33091746,  0.11449319],
        [ 0.55226093,  0.38461771,  0.        , ...,  0.64285053,
          0.66841018,  0.48777438],
        ...,
        [-0.11289879, -0.29878592, -0.64285053, ...,  0.        ,
          0.03384897, -0.18755795],
        [-0.14646665, -0.33091746, -0.66841018, ..., -0.03384897,
          0.        , -0.22069875],
        [ 0.07546356, -0.11449319, -0.48777438, ...,  0.18755795,
          0.22069875,  0.        ]],

       [[ 0.        ,  0.40879131,  0.20028623, ...,  0.74442827,
          0.85724308,  0.80150423],
        [-0.40879131,  0.        , -0.21772134, ...,  0.40643505,
          0.57185241,  0.48702237],
        [-0.20028623,  0.21772134,  0.        , ...,  0.59561263,
          0.73674335,  0.66549471],
        ...,
        [-0.74442827, -0.40643505, -0.59561263, ...,  0.        ,
          0.18906829,  0.09000634],
        [-0.85724308, -0.57185241, -0.73674335, ..., -0.18906829,
          0.        , -0.09991791],
        [-0.80150423, -0.48702237, -0.66549471, ..., -0.09000634,
          0.09991791,  0.        ]],

       [[ 0.        , -0.07996207, -0.20752415, ...,  0.12992584,
          0.09975283,  0.03237085],
        [ 0.07996207,  0.        , -0.12863835, ...,  0.2087941 ,
          0.17899666,  0.11218737],
        [ 0.20752415,  0.12863835,  0.        , ...,  0.33286246,
          0.30407027,  0.23908153],
        ...,
        [-0.12992584, -0.2087941 , -0.33286246, ...,  0.        ,
         -0.03037051, -0.09776128],
        [-0.09975283, -0.17899666, -0.30407027, ...,  0.03037051,
          0.        , -0.06749116],
        [-0.03237085, -0.11218737, -0.23908153, ...,  0.09776128,
          0.06749116,  0.        ]],

       ...,

       [[ 0.        , -0.012671  , -0.15932541, ..., -0.79004318,
         -0.69432109, -0.99587581],
        [ 0.012671  ,  0.        , -0.14680348, ..., -0.78221179,
         -0.68514647, -0.99464626],
        [ 0.15932541,  0.14680348,  0.        , ..., -0.68227663,
         -0.57079094, -0.96869951],
        ...,
        [ 0.79004318,  0.78221179,  0.68227663, ...,  0.        ,
          0.14291233, -0.53884469],
        [ 0.69432109,  0.68514647,  0.57079094, ..., -0.14291233,
          0.        , -0.65370372],
        [ 0.99587581,  0.99464626,  0.96869951, ...,  0.53884469,
          0.65370372,  0.        ]],

       [[ 0.        , -0.03413499, -0.16676536, ...,  0.96639317,
          0.98642295,  0.99598097],
        [ 0.03413499,  0.        , -0.13301119, ...,  0.95705496,
          0.98024229,  0.99234325],
        [ 0.16676536,  0.13301119,  0.        , ...,  0.90999026,
          0.9452227 ,  0.96709752],
        ...,
        [-0.96639317, -0.95705496, -0.90999026, ...,  0.        ,
         -0.09487268, -0.16948033],
        [-0.98642295, -0.98024229, -0.9452227 , ...,  0.09487268,
          0.        , -0.07521566],
        [-0.99598097, -0.99234325, -0.96709752, ...,  0.16948033,
          0.07521566,  0.        ]],

       [[ 0.        , -0.03757564, -0.06478889, ...,  0.49531836,
          0.3946875 ,  0.26008822],
        [ 0.03757564,  0.        , -0.02724644, ...,  0.52761094,
          0.42893384,  0.29618701],
        [ 0.06478889,  0.02724644,  0.        , ...,  0.55056054,
          0.45338729,  0.32210095],
        ...,
        [-0.49531836, -0.52761094, -0.55056054, ...,  0.        ,
         -0.11223656, -0.25233026],
        [-0.3946875 , -0.42893384, -0.45338729, ...,  0.11223656,
          0.        , -0.1421312 ],
        [-0.26008822, -0.29618701, -0.32210095, ...,  0.25233026,
          0.1421312 ,  0.        ]]]), 'num': array([ 9.99323766e-01,  2.67488794e-02,  7.36799157e-06, -1.27260384e-07,
        8.10479072e-03,  8.28899051e-03,  8.05567078e-03,  5.68176530e-03,
       -1.90339782e-04,  8.38477440e-03,  9.07920761e-03,  9.20057480e-03,
        4.65486832e-07,  1.02302105e-02,  7.92820471e-03])}
