state_0,state_1,state_2,state_3,state_4,state_5,state_6,state_7,state_8,state_9,state_10,state_11,state_12,state_13,state_14,state_15,state_16,state_17,state_18,state_19,state_20,state_21,state_22,state_23,state_24,state_25,state_26,state_27,state_28,state_29,state_30,state_31,state_32,state_33,state_34,state_35,state_36,state_37,state_38,state_39,state_40,state_41,state_42,state_43,state_44,state_45,state_46,state_47,state_48,state_49,state_50,state_51,state_52,state_53,state_54,state_55,state_56,state_57,state_58,state_59,state_60,state_61,state_62,state_63,state_64,state_65,state_66,state_67,state_68,state_69,state_70,state_71,state_72,state_73,state_74,state_75,state_76,state_77,state_78,state_79,state_80,state_81,state_82,state_83,state_84,state_85,state_86,state_87,state_88,state_89,state_90,state_91,state_92,state_93,state_94,state_95,state_96,state_97,state_98,state_99,state_100,state_101,state_102,state_103,state_104,state_105,state_106,state_107,state_108,state_109,state_110,state_111,state_112,state_113,state_114,state_115,state_116,state_117,state_118,state_119,state_120,state_121,state_122,state_123,state_124,state_125,state_126,state_127,state_128,state_129,state_130,state_131,state_132,state_133,state_134,state_135,state_136,state_137,state_138,state_139,state_140,state_141,state_142,state_143,state_144,state_145,state_146,state_147,state_148,state_149,state_150,state_151,state_152,state_153,state_154,state_155,state_156,state_157,state_158,state_159,state_160,state_161,state_162,state_163,state_164,state_165,state_166,state_167,state_168,state_169,state_170,state_171,state_172,state_173,state_174,state_175,state_176,state_177,state_178,state_179,state_180,state_181,state_182,state_183,state_184,state_185,state_186,state_187,state_188,state_189,state_190,state_191,state_192,state_193,state_194,state_195,state_196,state_197,state_198,state_199,state_200,state_201,state_202,state_203,state_204,state_205,state_206,state_207,state_208,state_209,state_210,state_211,state_212,state_213,state_214,state_215,state_216,state_217,state_218,state_219,state_220,state_221,state_222,state_223,state_224,state_225,state_226,state_227,state_228,state_229,state_230,state_231,state_232,state_233,state_234,state_235,state_236,state_237,state_238,state_239,state_240,state_241,state_242,state_243,state_244,state_245,state_246,state_247,state_248,state_249,state_250,state_251,state_252,state_253,state_254,state_255,state_256,state_257,state_258,state_259,state_260,state_261,state_262,state_263,state_264,state_265,state_266,state_267,state_268,state_269,state_270,state_271,state_272,state_273,state_274,state_275,state_276,state_277,state_278,state_279,state_280,state_281,state_282,state_283,state_284,state_285,state_286,state_287
{'img': array([[[ 0.        , -0.52724875, -0.44414735, ..., -0.70320954,
         -0.69132561, -0.85047742],
        [ 0.52724875,  0.        ,  0.09499362, ..., -0.97238959,
         -0.96838705, -0.99999894],
        [ 0.44414735, -0.09499362,  0.        , ..., -0.94582429,
         -0.94031149, -0.99561508],
        ...,
        [ 0.70320954,  0.97238959,  0.94582429, ...,  0.        ,
         -0.01657886,  0.23477835],
        [ 0.69132561,  0.96838705,  0.94031149, ...,  0.01657886,
          0.        ,  0.25086154],
        [ 0.85047742,  0.99999894,  0.99561508, ..., -0.23477835,
         -0.25086154,  0.        ]],

       [[ 0.        , -0.14930387,  0.8217156 , ..., -0.82559421,
         -0.89656616, -0.82912864],
        [ 0.14930387,  0.        ,  0.89759323, ..., -0.73209357,
         -0.82038872, -0.73636573],
        [-0.8217156 , -0.89759323,  0.        , ..., -0.93416908,
         -0.87489698, -0.93190514],
        ...,
        [ 0.82559421,  0.73209357,  0.93416908, ...,  0.        ,
         -0.14023649, -0.00629276],
        [ 0.89656616,  0.82038872,  0.87489698, ...,  0.14023649,
          0.        ,  0.13400313],
        [ 0.82912864,  0.73636573,  0.93190514, ...,  0.00629276,
         -0.13400313,  0.        ]],

       [[ 0.        , -0.11991419,  0.26630473, ..., -0.63991044,
         -0.66922574, -0.76757503],
        [ 0.11991419,  0.        ,  0.3799671 , ..., -0.72744101,
         -0.75350012, -0.8388965 ],
        [-0.26630473, -0.3799671 ,  0.        , ..., -0.41216082,
         -0.44717909, -0.5691666 ],
        ...,
        [ 0.63991044,  0.72744101,  0.41216082, ...,  0.        ,
          0.03877488,  0.17968623],
        [ 0.66922574,  0.75350012,  0.44717909, ..., -0.03877488,
          0.        ,  0.14140732],
        [ 0.76757503,  0.8388965 ,  0.5691666 , ..., -0.17968623,
         -0.14140732,  0.        ]],

       ...,

       [[ 0.        , -0.14644928, -0.33820549, ..., -0.88554426,
         -0.89116093, -0.83143947],
        [ 0.14644928,  0.        , -0.19673966, ..., -0.80796274,
         -0.81511041, -0.74110557],
        [ 0.33820549,  0.19673966,  0.        , ..., -0.67624611,
         -0.68520731, -0.59453248],
        ...,
        [ 0.88554426,  0.80796274,  0.67624611, ...,  0.        ,
         -0.01223307,  0.10577261],
        [ 0.89116093,  0.81511041,  0.68520731, ...,  0.01223307,
          0.        ,  0.11792913],
        [ 0.83143947,  0.74110557,  0.59453248, ..., -0.10577261,
         -0.11792913,  0.        ]],

       [[ 0.        ,  0.08504961,  0.26726112, ..., -0.63826201,
         -0.47520734, -0.26726112],
        [-0.08504961,  0.        ,  0.18433691, ..., -0.57047659,
         -0.39865261, -0.18433691],
        [-0.26726112, -0.18433691,  0.        , ..., -0.40930194,
         -0.22276519, -0.        ],
        ...,
        [ 0.63826201,  0.57047659,  0.40930194, ...,  0.        ,
         -0.19576631, -0.40930194],
        [ 0.47520734,  0.39865261,  0.22276519, ...,  0.19576631,
          0.        , -0.22276519],
        [ 0.26726112,  0.18433691,  0.        , ...,  0.40930194,
          0.22276519,  0.        ]],

       [[ 0.        ,  0.53996877,  0.73634332, ...,  0.89999545,
          0.91530007,  0.92281454],
        [-0.53996877,  0.        ,  0.25442192, ...,  0.52214072,
          0.55290975,  0.5686992 ],
        [-0.73634332, -0.25442192,  0.        , ...,  0.28797269,
          0.32272052,  0.34071158],
        ...,
        [-0.89999545, -0.52214072, -0.28797269, ...,  0.        ,
          0.03648512,  0.0555359 ],
        [-0.91530007, -0.55290975, -0.32272052, ..., -0.03648512,
          0.        ,  0.01907011],
        [-0.92281454, -0.5686992 , -0.34071158, ..., -0.0555359 ,
         -0.01907011,  0.        ]]]), 'num': array([ 7.07106514e-01,  7.07106514e-01,  0.00000000e+00,  0.00000000e+00,
        4.22050907e-05,  4.26266147e-05,  4.20470192e-05,  8.60952237e-04,
       -1.58071501e-07,  4.18784096e-05,  4.18415263e-05,  4.42731929e-05,
        4.37736464e-07,  4.36376155e-05,  4.00454370e-05])}
{'img': array([[[ 0.        ,  0.30851489, -0.81187386, ..., -0.89063153,
         -0.97803771, -0.9682274 ],
        [-0.30851489,  0.        , -0.9523914 , ..., -0.70689643,
         -0.8660254 , -0.84384604],
        [ 0.81187386,  0.9523914 ,  0.        , ..., -0.8891599 ,
         -0.74022783, -0.76830942],
        ...,
        [ 0.89063153,  0.70689643,  0.8891599 , ...,  0.        ,
          0.25910634,  0.21755644],
        [ 0.97803771,  0.8660254 ,  0.74022783, ..., -0.25910634,
          0.        , -0.04277354],
        [ 0.9682274 ,  0.84384604,  0.76830942, ..., -0.21755644,
          0.04277354,  0.        ]],

       [[ 0.        ,  0.89759323,  0.21002114, ..., -0.82038872,
         -0.73636573, -0.8653779 ],
        [-0.89759323,  0.        , -0.78499157, ..., -0.87489698,
         -0.93190514, -0.8312817 ],
        [-0.21002114,  0.78499157,  0.        , ..., -0.92218286,
         -0.86203933, -0.951323  ],
        ...,
        [ 0.82038872,  0.87489698,  0.92218286, ...,  0.        ,
          0.13400313, -0.08371541],
        [ 0.73636573,  0.93190514,  0.86203933, ..., -0.13400313,
          0.        , -0.21649312],
        [ 0.8653779 ,  0.8312817 ,  0.951323  , ...,  0.08371541,
          0.21649312,  0.        ]],

       [[ 0.        ,  0.3799671 , -0.00724665, ..., -0.75350012,
         -0.8388965 , -0.91741943],
        [-0.3799671 ,  0.        , -0.38666028, ..., -0.44717909,
         -0.5691666 , -0.69741587],
        [ 0.00724665,  0.38666028,  0.        , ..., -0.75824463,
         -0.84281876, -0.92027894],
        ...,
        [ 0.75350012,  0.44717909,  0.75824463, ...,  0.        ,
          0.14140732,  0.3033214 ],
        [ 0.8388965 ,  0.5691666 ,  0.84281876, ..., -0.14140732,
          0.        ,  0.16552809],
        [ 0.91741943,  0.69741587,  0.92027894, ..., -0.3033214 ,
         -0.16552809,  0.        ]],

       ...,

       [[ 0.        , -0.19673966, -0.47316526, ..., -0.81511041,
         -0.74110557, -0.79577003],
        [ 0.19673966,  0.        , -0.29059514, ..., -0.68520731,
         -0.59453248, -0.66107199],
        [ 0.47316526,  0.29059514,  0.        , ..., -0.44398353,
         -0.33521679, -0.41450409],
        ...,
        [ 0.81511041,  0.68520731,  0.44398353, ...,  0.        ,
          0.11792913,  0.03263593],
        [ 0.74110557,  0.59453248,  0.33521679, ..., -0.11792913,
          0.        , -0.08545812],
        [ 0.79577003,  0.66107199,  0.41450409, ..., -0.03263593,
          0.08545812,  0.        ]],

       [[ 0.        ,  0.18254436,  0.00186933, ..., -0.5161585 ,
         -0.44745236, -0.18254436],
        [-0.18254436,  0.        , -0.18070612, ..., -0.35113782,
         -0.27668325, -0.        ],
        [-0.00186933,  0.18070612,  0.        , ..., -0.51455652,
         -0.44577981, -0.18070612],
        ...,
        [ 0.5161585 ,  0.35113782,  0.51455652, ...,  0.        ,
         -0.07836471, -0.35113782],
        [ 0.44745236,  0.27668325,  0.44577981, ...,  0.07836471,
          0.        , -0.27668325],
        [ 0.18254436,  0.        ,  0.18070612, ...,  0.35113782,
          0.27668325,  0.        ]],

       [[ 0.        ,  0.57131238,  0.75978144, ...,  0.85211305,
          0.86351515,  0.88466813],
        [-0.57131238,  0.        ,  0.25212241, ...,  0.40035627,
          0.4205892 ,  0.45971806],
        [-0.75978144, -0.25212241,  0.        , ...,  0.15638812,
          0.17826386,  0.22096596],
        ...,
        [-0.85211305, -0.40035627, -0.15638812, ...,  0.        ,
          0.02218724,  0.06572468],
        [-0.86351515, -0.4205892 , -0.17826386, ..., -0.02218724,
          0.        ,  0.04356924],
        [-0.88466813, -0.45971806, -0.22096596, ..., -0.06572468,
         -0.04356924,  0.        ]]]), 'num': array([ 7.30355602e-01,  6.83065990e-01,  1.17053496e-05, -9.90582855e-12,
        4.39494538e-05,  4.41126324e-05,  4.35143107e-05,  1.23812356e-03,
        3.80750218e-07,  4.33837677e-05,  4.31770748e-05,  4.55993714e-05,
        5.35155837e-07,  4.49982539e-05,  4.13558956e-05])}
{'img': array([[[ 0.        , -0.9523914 , -0.99880952, ..., -0.8660254 ,
         -0.84384604, -0.89241299],
        [ 0.9523914 ,  0.        , -0.35097322, ..., -0.74022783,
         -0.76830942, -0.70181471],
        [ 0.99880952,  0.35097322,  0.        , ..., -0.45715962,
         -0.49478335, -0.40715   ],
        ...,
        [ 0.8660254 ,  0.74022783,  0.45715962, ...,  0.        ,
         -0.04277354,  0.05543894],
        [ 0.84384604,  0.76830942,  0.49478335, ...,  0.04277354,
          0.        ,  0.09809595],
        [ 0.89241299,  0.70181471,  0.40715   , ..., -0.05543894,
         -0.09809595,  0.        ]],

       [[ 0.        , -0.78499157, -0.98073634, ..., -0.93190514,
         -0.8312817 , -0.89395021],
        [ 0.78499157,  0.        , -0.45423523, ..., -0.86203933,
         -0.951323  , -0.90561468],
        [ 0.98073634,  0.45423523,  0.        , ..., -0.53774993,
         -0.70752303, -0.61415379],
        ...,
        [ 0.93190514,  0.86203933,  0.53774993, ...,  0.        ,
         -0.21649312, -0.09341084],
        [ 0.8312817 ,  0.951323  ,  0.70752303, ...,  0.21649312,
          0.        ,  0.12435101],
        [ 0.89395021,  0.90561468,  0.61415379, ...,  0.09341084,
         -0.12435101,  0.        ]],

       [[ 0.        , -0.38666028, -0.67686072, ..., -0.5691666 ,
         -0.69741587, -0.73526681],
        [ 0.38666028,  0.        , -0.33959107, ..., -0.84281876,
         -0.92027894, -0.94014914],
        [ 0.67686072,  0.33959107,  0.        , ..., -0.97549978,
         -0.99845908, -0.99999922],
        ...,
        [ 0.5691666 ,  0.84281876,  0.97549978, ...,  0.        ,
          0.16552809,  0.21878424],
        [ 0.69741587,  0.92027894,  0.99845908, ..., -0.16552809,
          0.        ,  0.05424824],
        [ 0.73526681,  0.94014914,  0.99999922, ..., -0.21878424,
         -0.05424824,  0.        ]],

       ...,

       [[ 0.        , -0.29059514, -0.96859578, ..., -0.59453248,
         -0.66107199, -0.41757846],
        [ 0.29059514,  0.        , -0.99905089, ..., -0.33521679,
         -0.41450409, -0.1355117 ],
        [ 0.96859578,  0.99905089,  0.        , ...,  0.92664535,
          0.89112862,  0.98393273],
        ...,
        [ 0.59453248,  0.33521679, -0.92664535, ...,  0.        ,
         -0.08545812,  0.20445354],
        [ 0.66107199,  0.41450409, -0.89112862, ...,  0.08545812,
          0.        ,  0.28735852],
        [ 0.41757846,  0.1355117 , -0.98393273, ..., -0.20445354,
         -0.28735852,  0.        ]],

       [[ 0.        , -0.18036061, -0.19453032, ..., -0.30168681,
         -0.12389348, -0.        ],
        [ 0.18036061,  0.        , -0.01442504, ..., -0.46869639,
         -0.30083271, -0.18036061],
        [ 0.19453032,  0.01442504,  0.        , ..., -0.48139012,
         -0.31455824, -0.19453032],
        ...,
        [ 0.30168681,  0.46869639,  0.48139012, ...,  0.        ,
         -0.18124155, -0.30168681],
        [ 0.12389348,  0.30083271,  0.31455824, ...,  0.18124155,
          0.        , -0.12389348],
        [ 0.        ,  0.18036061,  0.19453032, ...,  0.30168681,
          0.12389348,  0.        ]],

       [[ 0.        ,  0.58274747,  0.61792587, ...,  0.7578431 ,
          0.79195165,  0.79746754],
        [-0.58274747,  0.        ,  0.04398224, ...,  0.23565777,
          0.28776594,  0.29645703],
        [-0.61792587, -0.04398224,  0.        , ...,  0.19268619,
          0.24536565,  0.25416508],
        ...,
        [-0.7578431 , -0.23565777, -0.19268619, ...,  0.        ,
          0.05397171,  0.06304359],
        [-0.79195165, -0.28776594, -0.24536565, ..., -0.05397171,
          0.        ,  0.00908736],
        [-0.79746754, -0.29645703, -0.25416508, ..., -0.06304359,
         -0.00908736,  0.        ]]]), 'num': array([8.84750676e-01, 4.66059962e-01, 1.02746188e-04, 6.48957718e-10,
       5.34862946e-05, 5.36175493e-05, 5.26331390e-05, 2.07828709e-03,
       4.59391488e-07, 5.26987664e-05, 5.21212456e-05, 5.48950952e-05,
       8.18836728e-07, 5.43712592e-05, 4.98712321e-05])}
{'img': array([[[ 0.        , -0.40043189, -0.38789897, ..., -0.82900201,
         -0.76526045, -0.69621338],
        [ 0.40043189,  0.        ,  0.01363672, ..., -0.53569675,
         -0.44346212, -0.3505148 ],
        [ 0.38789897, -0.01363672,  0.        , ..., -0.54716193,
         -0.45564338, -0.36325377],
        ...,
        [ 0.82900201,  0.53569675,  0.54716193, ...,  0.        ,
          0.10567727,  0.20573229],
        [ 0.76526045,  0.44346212,  0.45564338, ..., -0.10567727,
          0.        ,  0.10116363],
        [ 0.69621338,  0.3505148 ,  0.36325377, ..., -0.20573229,
         -0.10116363,  0.        ]],

       [[ 0.        , -0.45423523, -0.54883856, ..., -0.951323  ,
         -0.90561468, -0.85004852],
        [ 0.45423523,  0.        , -0.10924216, ..., -0.70752303,
         -0.61415379, -0.51804504],
        [ 0.54883856,  0.10924216,  0.        , ..., -0.62608825,
         -0.52426576, -0.42150399],
        ...,
        [ 0.951323  ,  0.70752303,  0.62608825, ...,  0.        ,
          0.12435101,  0.23908478],
        [ 0.90561468,  0.61415379,  0.52426576, ..., -0.12435101,
          0.        ,  0.11648441],
        [ 0.85004852,  0.51804504,  0.42150399, ..., -0.23908478,
         -0.11648441,  0.        ]],

       [[ 0.        , -0.59142722, -0.8450533 , ..., -0.70900613,
         -0.74707489, -0.8098006 ],
        [ 0.59142722,  0.        , -0.36519027, ..., -0.98878888,
         -0.99555536, -0.99998293],
        [ 0.8450533 ,  0.36519027,  0.        , ..., -0.97502641,
         -0.96118818, -0.92878303],
        ...,
        [ 0.70900613,  0.98878888,  0.97502641, ...,  0.        ,
          0.05553428,  0.15509567],
        [ 0.74707489,  0.99555536,  0.96118818, ..., -0.05553428,
          0.        ,  0.09999403],
        [ 0.8098006 ,  0.99998293,  0.92878303, ..., -0.15509567,
         -0.09999403,  0.        ]],

       ...,

       [[ 0.        , -0.99905089, -0.92928294, ..., -0.41450409,
         -0.1355117 ,  0.51439096],
        [ 0.99905089,  0.        ,  0.32854013, ...,  0.89112862,
          0.98393273,  0.87914787],
        [ 0.92928294, -0.32854013,  0.        , ...,  0.69258673,
          0.87065721,  0.98691188],
        ...,
        [ 0.41450409, -0.89112862, -0.69258673, ...,  0.        ,
          0.28735852,  0.82358056],
        [ 0.1355117 , -0.98393273, -0.87065721, ..., -0.28735852,
          0.        ,  0.62585493],
        [-0.51439096, -0.87914787, -0.98691188, ..., -0.82358056,
         -0.62585493,  0.        ]],

       [[ 0.        , -0.0737928 , -0.2541272 , ..., -0.12440258,
         -0.        , -0.14327553],
        [ 0.0737928 ,  0.        , -0.18206411, ..., -0.19728297,
         -0.0737928 , -0.21591636],
        [ 0.2541272 ,  0.18206411,  0.        , ..., -0.37247164,
         -0.2541272 , -0.39007723],
        ...,
        [ 0.12440258,  0.19728297,  0.37247164, ...,  0.        ,
         -0.12440258,  0.01904344],
        [ 0.        ,  0.0737928 ,  0.2541272 , ...,  0.12440258,
          0.        ,  0.14327553],
        [ 0.14327553,  0.21591636,  0.39007723, ..., -0.01904344,
         -0.14327553,  0.        ]],

       [[ 0.        ,  0.23967676,  0.66259814, ...,  0.62944427,
          0.63915584,  0.62630398],
        [-0.23967676,  0.        ,  0.46377329, ...,  0.42485792,
          0.43619626,  0.42120198],
        [-0.66259814, -0.46377329,  0.        , ..., -0.0434309 ,
         -0.03087734, -0.04746146],
        ...,
        [-0.62944427, -0.42485792,  0.0434309 , ...,  0.        ,
          0.01256199, -0.00403473],
        [-0.63915584, -0.43619626,  0.03087734, ..., -0.01256199,
          0.        , -0.01659629],
        [-0.62630398, -0.42120198,  0.04746146, ...,  0.00403473,
          0.01659629,  0.        ]]]), 'num': array([9.83811563e-01, 1.79191277e-01, 1.96488470e-04, 6.58335156e-09,
       5.95309474e-05, 5.98216969e-05, 5.90221359e-05, 2.28651173e-03,
       2.90749438e-07, 5.88331488e-05, 5.77610102e-05, 6.07387691e-05,
       1.02617449e-06, 6.03285414e-05, 5.51934791e-05])}
{'img': array([[[ 0.        ,  0.01363672,  0.31667011, ..., -0.44346212,
         -0.3505148 , -0.29711236],
        [-0.01363672,  0.        ,  0.30370575, ..., -0.45564338,
         -0.36325377, -0.31010565],
        [-0.31667011, -0.30370575,  0.        , ..., -0.7044689 ,
         -0.62905548, -0.58419178],
        ...,
        [ 0.44346212,  0.45564338,  0.7044689 , ...,  0.        ,
          0.10116363,  0.15713672],
        [ 0.3505148 ,  0.36325377,  0.62905548, ..., -0.10116363,
          0.        ,  0.05642372],
        [ 0.29711236,  0.31010565,  0.58419178, ..., -0.15713672,
         -0.05642372,  0.        ]],

       [[ 0.        , -0.10924216, -0.09699219, ..., -0.61415379,
         -0.51804504, -0.52010372],
        [ 0.10924216,  0.        ,  0.01231539, ..., -0.52426576,
         -0.42150399, -0.42368692],
        [ 0.09699219, -0.01231539,  0.        , ..., -0.53471323,
         -0.43263994, -0.43481017],
        ...,
        [ 0.61415379,  0.52426576,  0.53471323, ...,  0.        ,
          0.11648441,  0.1140919 ],
        [ 0.51804504,  0.42150399,  0.43263994, ..., -0.11648441,
          0.        , -0.00240857],
        [ 0.52010372,  0.42368692,  0.43481017, ..., -0.1140919 ,
          0.00240857,  0.        ]],

       [[ 0.        , -0.71492612, -0.85993711, ..., -0.77756708,
         -0.84012037, -0.89799777],
        [ 0.71492612,  0.        , -0.23636974, ..., -0.99322045,
         -0.97518809, -0.94244754],
        [ 0.85993711,  0.23636974,  0.        , ..., -0.93759869,
         -0.89522733, -0.83671039],
        ...,
        [ 0.77756708,  0.99322045,  0.93759869, ...,  0.        ,
          0.10651531,  0.22253149],
        [ 0.84012037,  0.97518809,  0.89522733, ..., -0.10651531,
          0.        ,  0.11742103],
        [ 0.89799777,  0.94244754,  0.83671039, ..., -0.22253149,
         -0.11742103,  0.        ]],

       ...,

       [[ 0.        ,  0.31238541,  0.4222109 , ...,  0.9605053 ,
          0.97114945,  0.54137867],
        [-0.31238541,  0.        ,  0.11790491, ...,  0.82551235,
          0.99704379,  0.77693268],
        [-0.4222109 , -0.11790491,  0.        , ...,  0.75321067,
          0.98103002,  0.84574449],
        ...,
        [-0.9605053 , -0.82551235, -0.75321067, ...,  0.        ,
          0.499287  ,  0.95821752],
        [-0.97114945, -0.99704379, -0.98103002, ..., -0.499287  ,
          0.        ,  0.68741847],
        [-0.54137867, -0.77693268, -0.84574449, ..., -0.95821752,
         -0.68741847,  0.        ]],

       [[ 0.        , -0.24367829, -0.39586886, ..., -0.        ,
         -0.14337278, -0.21376449],
        [ 0.24367829,  0.        , -0.16016434, ..., -0.24367829,
         -0.38021176, -0.44536652],
        [ 0.39586886,  0.16016434,  0.        , ..., -0.39586886,
         -0.52343927, -0.58301988],
        ...,
        [ 0.        ,  0.24367829,  0.39586886, ...,  0.        ,
          0.14337278,  0.21376449],
        [ 0.14337278,  0.38021176,  0.52343927, ..., -0.14337278,
          0.        ,  0.07149729],
        [ 0.21376449,  0.44536652,  0.58301988, ..., -0.21376449,
         -0.07149729,  0.        ]],

       [[ 0.        ,  0.46617152,  0.80970754, ...,  0.43857682,
          0.42356939,  0.40085298],
        [-0.46617152,  0.        ,  0.44277856, ..., -0.03093898,
         -0.0475584 , -0.07244712],
        [-0.80970754, -0.44277856,  0.        , ..., -0.47030744,
         -0.48491988, -0.50657339],
        ...,
        [-0.43857682,  0.03093898,  0.47030744, ...,  0.        ,
         -0.01663166, -0.04155476],
        [-0.42356939,  0.0475584 ,  0.48491988, ...,  0.01663166,
          0.        , -0.02493172],
        [-0.40085298,  0.07244712,  0.50657339, ...,  0.04155476,
          0.02493172,  0.        ]]]), 'num': array([ 9.90403727e-01,  1.38194829e-01,  2.09903670e-04,  1.26070824e-08,
        5.98587412e-05,  6.05959178e-05,  5.97850235e-05,  1.60428798e-03,
       -5.16023631e-07,  5.97850235e-05,  5.85871115e-05,  6.15640764e-05,
        9.73884703e-07,  6.12046076e-05,  5.59696155e-05])}
{'img': array([[[ 0.        ,  0.30370575,  0.43025542, ..., -0.36325377,
         -0.31010565, -0.40294911],
        [-0.30370575,  0.        ,  0.13577532, ..., -0.62905548,
         -0.58419178, -0.66187446],
        [-0.43025542, -0.13577532,  0.        , ..., -0.72877657,
         -0.68897934, -0.75752445],
        ...,
        [ 0.36325377,  0.62905548,  0.72877657, ...,  0.        ,
          0.05642372, -0.04296576],
        [ 0.31010565,  0.58419178,  0.68897934, ..., -0.05642372,
          0.        , -0.09926893],
        [ 0.40294911,  0.66187446,  0.75752445, ...,  0.04296576,
          0.09926893,  0.        ]],

       [[ 0.        ,  0.01231539,  0.71603202, ..., -0.42150399,
         -0.42368692, -0.53775357],
        [-0.01231539,  0.        ,  0.70738075, ..., -0.43263994,
         -0.43481017, -0.54809592],
        [-0.71603202, -0.70738075,  0.        , ..., -0.94355505,
         -0.94435007, -0.97907633],
        ...,
        [ 0.42150399,  0.43263994,  0.94355505, ...,  0.        ,
         -0.00240857, -0.13227833],
        [ 0.42368692,  0.43481017,  0.94435007, ...,  0.00240857,
          0.        , -0.12989054],
        [ 0.53775357,  0.54809592,  0.97907633, ...,  0.13227833,
          0.12989054,  0.        ]],

       [[ 0.        , -0.28675512, -0.48582643, ..., -0.99636532,
         -0.97839703, -0.97184036],
        [ 0.28675512,  0.        , -0.21478378, ..., -0.93009521,
         -0.87802593, -0.86345583],
        [ 0.48582643,  0.21478378,  0.        , ..., -0.82949424,
         -0.75473591, -0.73496198],
        ...,
        [ 0.99636532,  0.93009521,  0.82949424, ...,  0.        ,
          0.12264053,  0.15199945],
        [ 0.97839703,  0.87802593,  0.75473591, ..., -0.12264053,
          0.        ,  0.02963651],
        [ 0.97184036,  0.86345583,  0.73496198, ..., -0.15199945,
         -0.02963651,  0.        ]],

       ...,

       [[ 0.        ,  0.11790491,  0.38595983, ...,  0.99704379,
          0.77693268,  0.99234808],
        [-0.11790491,  0.        ,  0.27449861, ...,  0.98103002,
          0.84574449,  0.99998428],
        [-0.38595983, -0.27449861,  0.        , ...,  0.89013304,
          0.95972652,  0.96311173],
        ...,
        [-0.99704379, -0.98103002, -0.89013304, ...,  0.        ,
          0.68741847,  0.19935431],
        [-0.77693268, -0.84574449, -0.95972652, ..., -0.68741847,
          0.        , -0.52883687],
        [-0.99234808, -0.99998428, -0.96311173, ..., -0.19935431,
          0.52883687,  0.        ]],

       [[ 0.        , -0.31927502, -0.45879037, ..., -0.14445986,
         -0.21537458, -0.22631648],
        [ 0.31927502,  0.        , -0.15108817, ..., -0.45282517,
         -0.51588445, -0.52546261],
        [ 0.45879037,  0.15108817,  0.        , ..., -0.58233698,
         -0.63939316, -0.64797879],
        ...,
        [ 0.14445986,  0.45282517,  0.58233698, ...,  0.        ,
          0.07204584,  0.08323089],
        [ 0.21537458,  0.51588445,  0.63939316, ..., -0.07204584,
          0.        ,  0.01121874],
        [ 0.22631648,  0.52546261,  0.64797879, ..., -0.08323089,
         -0.01121874,  0.        ]],

       [[ 0.        ,  0.44277856,  0.76408778, ..., -0.0475584 ,
         -0.07244712, -0.0760687 ],
        [-0.44277856,  0.        ,  0.3994629 , ..., -0.48491988,
         -0.50657339, -0.5097012 ],
        [-0.76408778, -0.3994629 ,  0.        , ..., -0.79390369,
         -0.80881648, -0.81094675],
        ...,
        [ 0.0475584 ,  0.48491988,  0.79390369, ...,  0.        ,
         -0.02493172, -0.02856202],
        [ 0.07244712,  0.50657339,  0.80881648, ...,  0.02493172,
          0.        , -0.00363159],
        [ 0.0760687 ,  0.5097012 ,  0.81094675, ...,  0.02856202,
          0.00363159,  0.        ]]]), 'num': array([ 9.96036988e-01,  8.89058425e-02,  2.24815646e-04,  1.66638388e-09,
        6.01665538e-05,  6.09866679e-05,  5.94955513e-05,  2.44730999e-03,
       -3.72779143e-07,  6.05542441e-05,  5.92047836e-05,  6.22205668e-05,
        9.58574940e-07,  6.17457705e-05,  5.66637967e-05])}
{'img': array([[[ 0.        ,  0.13577532,  0.38284212, ..., -0.58419178,
         -0.66187446, -0.71490027],
        [-0.13577532,  0.        ,  0.25386575, ..., -0.68897934,
         -0.75752445, -0.80321774],
        [-0.38284212, -0.25386575,  0.        , ..., -0.85040507,
         -0.89843283, -0.92812805],
        ...,
        [ 0.58419178,  0.68897934,  0.85040507, ...,  0.        ,
         -0.09926893, -0.17174192],
        [ 0.66187446,  0.75752445,  0.89843283, ...,  0.09926893,
          0.        , -0.07309963],
        [ 0.71490027,  0.80321774,  0.92812805, ...,  0.17174192,
          0.07309963,  0.        ]],

       [[ 0.        ,  0.70738075, -0.02070194, ..., -0.43481017,
         -0.54809592, -0.420907  ],
        [-0.70738075,  0.        , -0.72186196, ..., -0.94435007,
         -0.97907633, -0.9391786 ],
        [ 0.02070194,  0.72186196,  0.        , ..., -0.41607443,
         -0.53066303, -0.40203799],
        ...,
        [ 0.43481017,  0.94435007,  0.41607443, ...,  0.        ,
         -0.12989054,  0.01538188],
        [ 0.54809592,  0.97907633,  0.53066303, ...,  0.12989054,
          0.        ,  0.14512675],
        [ 0.420907  ,  0.9391786 ,  0.40203799, ..., -0.01538188,
         -0.14512675,  0.        ]],

       [[ 0.        , -0.21478378, -0.14683176, ..., -0.87802593,
         -0.86345583, -0.85215164],
        [ 0.21478378,  0.        ,  0.0690509 , ..., -0.75473591,
         -0.73496198, -0.71986854],
        [ 0.14683176, -0.0690509 ,  0.        , ..., -0.79823383,
         -0.78003172, -0.76607926],
        ...,
        [ 0.87802593,  0.75473591,  0.79823383, ...,  0.        ,
          0.02963651,  0.05161562],
        [ 0.86345583,  0.73496198,  0.78003172, ..., -0.02963651,
          0.        ,  0.02199594],
        [ 0.85215164,  0.71986854,  0.76607926, ..., -0.05161562,
         -0.02199594,  0.        ]],

       ...,

       [[ 0.        ,  0.27449861,  0.38876647, ...,  0.84574449,
          0.99998428,  0.99523381],
        [-0.27449861,  0.        ,  0.12092744, ...,  0.95972652,
          0.96311173,  0.93023598],
        [-0.38876647, -0.12092744,  0.        , ...,  0.98665629,
          0.923502  ,  0.87903354],
        ...,
        [-0.84574449, -0.95972652, -0.98665629, ...,  0.        ,
         -0.52883687, -0.61351979],
        [-0.99998428, -0.96311173, -0.923502  , ...,  0.52883687,
          0.        , -0.10309711],
        [-0.99523381, -0.93023598, -0.87903354, ...,  0.61351979,
          0.10309711,  0.        ]],

       [[ 0.        , -0.34311386, -0.39336357, ..., -0.21821437,
         -0.22929663, -0.12668886],
        [ 0.34311386,  0.        , -0.05403092, ..., -0.53981251,
         -0.54934904, -0.45934728],
        [ 0.39336357,  0.05403092,  0.        , ..., -0.58450642,
         -0.59369444, -0.50666963],
        ...,
        [ 0.21821437,  0.53981251,  0.58450642, ...,  0.        ,
          0.01137038, -0.09282033],
        [ 0.22929663,  0.54934904,  0.59369444, ..., -0.01137038,
          0.        , -0.10413563],
        [ 0.12668886,  0.45934728,  0.50666963, ...,  0.09282033,
          0.10413563,  0.        ]],

       [[ 0.        ,  0.3994629 ,  0.57201341, ..., -0.50657339,
         -0.5097012 , -0.48116616],
        [-0.3994629 ,  0.        ,  0.19673577, ..., -0.80881648,
         -0.81094675, -0.7912897 ],
        [-0.57201341, -0.19673577,  0.        , ..., -0.90870208,
         -0.91021208, -0.89611756],
        ...,
        [ 0.50657339,  0.80881648,  0.90870208, ...,  0.        ,
         -0.00363159,  0.02921719],
        [ 0.5097012 ,  0.81094675,  0.91021208, ...,  0.00363159,
          0.        ,  0.03284704],
        [ 0.48116616,  0.7912897 ,  0.89611756, ..., -0.02921719,
         -0.03284704,  0.        ]]]), 'num': array([ 9.74446186e-01,  2.24613380e-01,  1.87692814e-04, -6.95202639e-09,
        5.87413076e-05,  5.96235300e-05,  5.86677890e-05,  1.84334487e-03,
       -5.88148261e-07,  5.95794188e-05,  5.82928445e-05,  6.12752463e-05,
        8.82222391e-07,  6.06102065e-05,  5.59754825e-05])}
{'img': array([[[ 0.        ,  0.25386575,  0.13027434, ..., -0.75752445,
         -0.80321774, -0.86994842],
        [-0.25386575,  0.        , -0.12569582, ..., -0.89843283,
         -0.92812805, -0.96664049],
        [-0.13027434,  0.12569582,  0.        , ..., -0.83611279,
         -0.87397525, -0.92677855],
        ...,
        [ 0.75752445,  0.89843283,  0.83611279, ...,  0.        ,
         -0.07309963, -0.19434057],
        [ 0.80321774,  0.92812805,  0.87397525, ...,  0.07309963,
          0.        , -0.12211471],
        [ 0.86994842,  0.96664049,  0.92677855, ...,  0.19434057,
          0.12211471,  0.        ]],

       [[ 0.        , -0.72186196, -0.53780578, ..., -0.97907633,
         -0.9391786 , -0.96770017],
        [ 0.72186196,  0.        ,  0.23639773, ..., -0.53066303,
         -0.40203799, -0.48770019],
        [ 0.53780578, -0.23639773,  0.        , ..., -0.71598879,
         -0.60709397, -0.68025486],
        ...,
        [ 0.97907633,  0.53066303,  0.71598879, ...,  0.        ,
          0.14512675,  0.04990843],
        [ 0.9391786 ,  0.40203799,  0.60709397, ..., -0.14512675,
          0.        , -0.09556584],
        [ 0.96770017,  0.48770019,  0.68025486, ..., -0.04990843,
          0.09556584,  0.        ]],

       [[ 0.        ,  0.0690509 ,  0.23170649, ..., -0.73496198,
         -0.71986854, -0.74242481],
        [-0.0690509 ,  0.        ,  0.16398171, ..., -0.78003172,
         -0.76607926, -0.78691197],
        [-0.23170649, -0.16398171,  0.        , ..., -0.87208264,
         -0.86110774, -0.87744726],
        ...,
        [ 0.73496198,  0.78003172,  0.87208264, ...,  0.        ,
          0.02199594, -0.0110718 ],
        [ 0.71986854,  0.76607926,  0.86110774, ..., -0.02199594,
          0.        , -0.03306371],
        [ 0.74242481,  0.78691197,  0.87744726, ...,  0.0110718 ,
          0.03306371,  0.        ]],

       ...,

       [[ 0.        ,  0.12092744,  0.13063069, ...,  0.96311173,
          0.93023598,  0.83490956],
        [-0.12092744,  0.        ,  0.00978082, ...,  0.923502  ,
          0.87903354,  0.76222554],
        [-0.13063069, -0.00978082,  0.        , ...,  0.91970597,
          0.87432839,  0.75585785],
        ...,
        [-0.96311173, -0.923502  , -0.91970597, ...,  0.        ,
         -0.10309711, -0.30540865],
        [-0.93023598, -0.87903354, -0.87432839, ...,  0.10309711,
          0.        , -0.20560995],
        [-0.83490956, -0.76222554, -0.75585785, ...,  0.30540865,
          0.20560995,  0.        ]],

       [[ 0.        , -0.20030457, -0.27489453, ..., -0.32182103,
         -0.25959238, -0.        ],
        [ 0.20030457,  0.        , -0.07673571, ..., -0.50494738,
         -0.44776919, -0.20030457],
        [ 0.27489453,  0.07673571,  0.        , ..., -0.56969296,
         -0.5150621 , -0.27489453],
        ...,
        [ 0.32182103,  0.50494738,  0.56969296, ...,  0.        ,
         -0.06500625, -0.32182103],
        [ 0.25959238,  0.44776919,  0.5150621 , ...,  0.06500625,
          0.        , -0.25959238],
        [ 0.        ,  0.20030457,  0.27489453, ...,  0.32182103,
          0.25959238,  0.        ]],

       [[ 0.        ,  0.19673577,  0.35436873, ..., -0.81094675,
         -0.7912897 , -0.7567043 ],
        [-0.19673577,  0.        ,  0.16347439, ..., -0.91021208,
         -0.89611756, -0.87053313],
        [-0.35436873, -0.16347439,  0.        , ..., -0.9656692 ,
         -0.95661528, -0.9392697 ],
        ...,
        [ 0.81094675,  0.91021208,  0.9656692 , ...,  0.        ,
          0.03284704,  0.08739956],
        [ 0.7912897 ,  0.89611756,  0.95661528, ..., -0.03284704,
          0.        ,  0.05463105],
        [ 0.7567043 ,  0.87053313,  0.9392697 , ..., -0.08739956,
         -0.05463105,  0.        ]]]), 'num': array([ 9.79088828e-01,  2.03426319e-01,  1.92950873e-04, -1.81420213e-08,
        5.90980959e-05,  6.02741774e-05,  5.82895399e-05,  1.65376172e-03,
        3.67525472e-07,  5.94068173e-05,  5.82601378e-05,  6.11795152e-05,
        8.77119614e-07,  6.05368506e-05,  5.59834251e-05])}
{'img': array([[[ 0.        , -0.12569582, -0.14252789, ..., -0.92812805,
         -0.96664049, -0.94394199],
        [ 0.12569582,  0.        , -0.01698491, ..., -0.87397525,
         -0.92677855, -0.8949618 ],
        [ 0.14252789,  0.01698491,  0.        , ..., -0.86559501,
         -0.92026519, -0.88725501],
        ...,
        [ 0.92812805,  0.87397525,  0.86559501, ...,  0.        ,
         -0.12211471, -0.04500724],
        [ 0.96664049,  0.92677855,  0.92026519, ...,  0.12211471,
          0.        ,  0.07732056],
        [ 0.94394199,  0.8949618 ,  0.88725501, ...,  0.04500724,
         -0.07732056,  0.        ]],

       [[ 0.        ,  0.23639773, -0.21611984, ..., -0.40203799,
         -0.48770019, -0.5206291 ],
        [-0.23639773,  0.        , -0.44080513, ..., -0.60709397,
         -0.68025486, -0.70770494],
        [ 0.21611984,  0.44080513,  0.        , ..., -0.19465226,
         -0.28749925, -0.32380555],
        ...,
        [ 0.40203799,  0.60709397,  0.19465226, ...,  0.        ,
         -0.09556584, -0.13344678],
        [ 0.48770019,  0.68025486,  0.28749925, ...,  0.09556584,
          0.        , -0.03812492],
        [ 0.5206291 ,  0.70770494,  0.32380555, ...,  0.13344678,
          0.03812492,  0.        ]],

       [[ 0.        ,  0.16398171,  0.33789204, ..., -0.76607926,
         -0.78691197, -0.81157497],
        [-0.16398171,  0.        ,  0.17898102, ..., -0.86110774,
         -0.87744726, -0.89639502],
        [-0.33789204, -0.17898102,  0.        , ..., -0.93820101,
         -0.94913109, -0.96125493],
        ...,
        [ 0.76607926,  0.86110774,  0.93820101, ...,  0.        ,
         -0.03306371, -0.07405616],
        [ 0.78691197,  0.87744726,  0.94913109, ...,  0.03306371,
          0.        , -0.04104275],
        [ 0.81157497,  0.89639502,  0.96125493, ...,  0.07405616,
          0.04104275,  0.        ]],

       ...,

       [[ 0.        ,  0.00978082,  0.07159642, ...,  0.87903354,
          0.76222554,  0.75268364],
        [-0.00978082,  0.        ,  0.06183728, ...,  0.87432839,
          0.75585785,  0.74620812],
        [-0.07159642, -0.06183728,  0.        , ...,  0.84264336,
          0.71392424,  0.70361419],
        ...,
        [-0.87903354, -0.87432839, -0.84264336, ...,  0.        ,
         -0.20560995, -0.21989078],
        [-0.76222554, -0.75585785, -0.71392424, ...,  0.20560995,
          0.        , -0.01461506],
        [-0.75268364, -0.74620812, -0.70361419, ...,  0.21989078,
          0.01461506,  0.        ]],

       [[ 0.        , -0.1908178 , -0.78176595, ..., -0.28766797,
         -0.12443083, -0.        ],
        [ 0.1908178 ,  0.        , -0.64841275, ..., -0.46513417,
         -0.31147929, -0.1908178 ],
        [ 0.78176595,  0.64841275,  0.        , ..., -0.92810254,
         -0.85328187, -0.78176595],
        ...,
        [ 0.28766797,  0.46513417,  0.92810254, ...,  0.        ,
         -0.16626113, -0.28766797],
        [ 0.12443083,  0.31147929,  0.85328187, ...,  0.16626113,
          0.        , -0.12443083],
        [ 0.        ,  0.1908178 ,  0.78176595, ...,  0.28766797,
          0.12443083,  0.        ]],

       [[ 0.        ,  0.16347439,  0.70136647, ..., -0.89611756,
         -0.87053313, -0.86578163],
        [-0.16347439,  0.        ,  0.57540671, ..., -0.95661528,
         -0.9392697 , -0.93594095],
        [-0.70136647, -0.57540671,  0.        , ..., -0.95003157,
         -0.96566609, -0.9681091 ],
        ...,
        [ 0.89611756,  0.95661528,  0.95003157, ...,  0.        ,
          0.05463105,  0.06418853],
        [ 0.87053313,  0.9392697 ,  0.96566609, ..., -0.05463105,
          0.        ,  0.00957428],
        [ 0.86578163,  0.93594095,  0.9681091 , ..., -0.06418853,
         -0.00957428,  0.        ]]]), 'num': array([ 9.23587444e-01,  3.83383292e-01,  1.32728286e-04, -1.07340864e-08,
        5.60552168e-05,  5.62618085e-05,  5.50911222e-05,  1.85534504e-03,
        6.88639027e-07,  5.55869423e-05,  5.46710523e-05,  5.72316418e-05,
        8.85393035e-07,  5.68918038e-05,  5.24503009e-05])}
{'img': array([[[ 0.00000000e+00, -1.69849059e-02, -6.66852678e-02, ...,
         -9.26778550e-01, -8.94961804e-01, -8.20015778e-01],
        [ 1.69849059e-02,  0.00000000e+00, -4.97285497e-02, ...,
         -9.20265189e-01, -8.87255009e-01, -8.10176330e-01],
        [ 6.66852678e-02,  4.97285497e-02,  0.00000000e+00, ...,
         -8.99668063e-01, -8.63218523e-01, -7.80023764e-01],
        ...,
        [ 9.26778550e-01,  9.20265189e-01,  8.99668063e-01, ...,
          0.00000000e+00,  7.73205566e-02,  2.22428635e-01],
