state_0,state_1,state_2,state_3,state_4,state_5,state_6,state_7,state_8,state_9,state_10,state_11,state_12,state_13,state_14,state_15,state_16,state_17,state_18,state_19,state_20,state_21,state_22,state_23,state_24,state_25,state_26,state_27,state_28,state_29,state_30,state_31,state_32,state_33,state_34,state_35,state_36,state_37,state_38,state_39,state_40,state_41,state_42,state_43,state_44,state_45,state_46,state_47,state_48,state_49,state_50,state_51,state_52,state_53,state_54,state_55,state_56,state_57,state_58,state_59,state_60,state_61,state_62,state_63,state_64,state_65,state_66,state_67,state_68,state_69,state_70,state_71,state_72,state_73,state_74,state_75,state_76,state_77,state_78,state_79,state_80,state_81,state_82,state_83,state_84,state_85,state_86,state_87,state_88,state_89,state_90,state_91,state_92,state_93,state_94,state_95,state_96,state_97,state_98,state_99,state_100,state_101,state_102,state_103,state_104,state_105,state_106,state_107,state_108,state_109,state_110,state_111,state_112,state_113,state_114,state_115,state_116,state_117,state_118,state_119,state_120,state_121,state_122,state_123,state_124,state_125,state_126,state_127,state_128,state_129,state_130,state_131,state_132,state_133,state_134,state_135,state_136,state_137,state_138,state_139,state_140,state_141,state_142,state_143,state_144,state_145,state_146,state_147,state_148,state_149,state_150,state_151,state_152,state_153,state_154,state_155,state_156,state_157,state_158,state_159,state_160,state_161,state_162,state_163,state_164,state_165,state_166,state_167,state_168,state_169,state_170,state_171,state_172,state_173,state_174,state_175,state_176,state_177,state_178,state_179,state_180,state_181,state_182,state_183,state_184,state_185,state_186,state_187,state_188,state_189,state_190,state_191,state_192,state_193,state_194,state_195,state_196,state_197,state_198,state_199,state_200,state_201,state_202,state_203,state_204,state_205,state_206,state_207,state_208,state_209,state_210,state_211,state_212,state_213,state_214,state_215,state_216,state_217,state_218,state_219,state_220,state_221,state_222,state_223,state_224,state_225,state_226,state_227,state_228,state_229,state_230,state_231,state_232,state_233,state_234,state_235,state_236,state_237,state_238,state_239,state_240,state_241,state_242,state_243,state_244,state_245,state_246,state_247,state_248,state_249,state_250,state_251,state_252,state_253,state_254,state_255,state_256,state_257,state_258,state_259,state_260,state_261,state_262,state_263,state_264,state_265,state_266,state_267,state_268,state_269,state_270,state_271,state_272,state_273,state_274,state_275,state_276,state_277,state_278,state_279,state_280,state_281,state_282,state_283,state_284,state_285,state_286,state_287
{'img': array([[[ 0.00000000e+00,  0.00000000e+00, -1.81414850e-01, ...,
          1.07534385e-01,  1.90698768e-01,  6.50139401e-02],
        [ 0.00000000e+00,  0.00000000e+00, -1.81414850e-01, ...,
          1.07534385e-01,  1.90698768e-01,  6.50139401e-02],
        [ 1.81414850e-01,  1.81414850e-01,  0.00000000e+00, ...,
          2.86112922e-01,  3.65620072e-01,  2.44966183e-01],
        ...,
        [-1.07534385e-01, -1.07534385e-01, -2.86112922e-01, ...,
          0.00000000e+00,  8.40319965e-02, -4.26699327e-02],
        [-1.90698768e-01, -1.90698768e-01, -3.65620072e-01, ...,
         -8.40319965e-02,  0.00000000e+00, -1.26474474e-01],
        [-6.50139401e-02, -6.50139401e-02, -2.44966183e-01, ...,
          4.26699327e-02,  1.26474474e-01,  0.00000000e+00]],

       [[ 0.00000000e+00, -9.75681755e-01, -5.28160761e-01, ...,
         -3.82298393e-01,  9.75681755e-01, -3.50614778e-01],
        [ 9.75681755e-01,  0.00000000e+00,  7.12726109e-01, ...,
          8.17771191e-01,  0.00000000e+00,  8.36893314e-01],
        [ 5.28160761e-01, -7.12726109e-01,  0.00000000e+00, ...,
          1.63414564e-01,  7.12726109e-01,  1.96910419e-01],
        ...,
        [ 3.82298393e-01, -8.17771191e-01, -1.63414564e-01, ...,
          0.00000000e+00,  8.17771191e-01,  3.40482990e-02],
        [-9.75681755e-01, -0.00000000e+00, -7.12726109e-01, ...,
         -8.17771191e-01,  0.00000000e+00, -8.36893314e-01],
        [ 3.50614778e-01, -8.36893314e-01, -1.96910419e-01, ...,
         -3.40482990e-02,  8.36893314e-01,  0.00000000e+00]],

       [[ 0.00000000e+00,  1.50876962e-01,  2.12969476e-01, ...,
         -1.20237570e-01,  1.28592215e-01,  4.34894356e-01],
        [-1.50876962e-01,  0.00000000e+00,  6.31158468e-02, ...,
         -2.68643528e-01, -2.25041523e-02,  2.94054014e-01],
        [-2.12969476e-01, -6.31158468e-02,  0.00000000e+00, ...,
         -3.28903595e-01, -8.55591464e-02,  2.33142311e-01],
        ...,
        [ 1.20237570e-01,  2.68643528e-01,  3.28903595e-01, ...,
          0.00000000e+00,  2.46898601e-01,  5.40010966e-01],
        [-1.28592215e-01,  2.25041523e-02,  8.55591464e-02, ...,
         -2.46898601e-01,  0.00000000e+00,  3.15488761e-01],
        [-4.34894356e-01, -2.94054014e-01, -2.33142311e-01, ...,
         -5.40010966e-01, -3.15488761e-01,  0.00000000e+00]],

       ...,

       [[ 0.00000000e+00,  3.54730531e-01, -4.02460059e-01, ...,
         -9.88689537e-01, -9.96639562e-01, -9.98364394e-01],
        [-3.54730531e-01,  0.00000000e+00, -7.01021158e-01, ...,
         -8.71192353e-01, -9.02769976e-01, -9.53719686e-01],
        [ 4.02460059e-01,  7.01021158e-01,  0.00000000e+00, ...,
         -9.65443140e-01, -9.45327601e-01, -8.90931156e-01],
        ...,
        [ 9.88689537e-01,  8.71192353e-01,  9.65443140e-01, ...,
          0.00000000e+00,  6.84870956e-02,  2.06255855e-01],
        [ 9.96639562e-01,  9.02769976e-01,  9.45327601e-01, ...,
         -6.84870956e-02,  0.00000000e+00,  1.38757074e-01],
        [ 9.98364394e-01,  9.53719686e-01,  8.90931156e-01, ...,
         -2.06255855e-01, -1.38757074e-01,  0.00000000e+00]],

       [[ 0.00000000e+00,  4.02147187e-01,  5.70951565e-01, ...,
          7.40531698e-01,  8.29127003e-01,  9.04893810e-01],
        [-4.02147187e-01,  0.00000000e+00,  1.92592694e-01, ...,
          9.48263862e-01,  9.83952507e-01,  9.99667061e-01],
        [-5.70951565e-01, -1.92592694e-01,  0.00000000e+00, ...,
          9.91656175e-01,  9.99896143e-01,  9.85921447e-01],
        ...,
        [-7.40531698e-01, -9.48263862e-01, -9.91656175e-01, ...,
          0.00000000e+00, -1.43189245e-01, -2.92910050e-01],
        [-8.29127003e-01, -9.83952507e-01, -9.99896143e-01, ...,
          1.43189245e-01,  0.00000000e+00, -1.52982742e-01],
        [-9.04893810e-01, -9.99667061e-01, -9.85921447e-01, ...,
          2.92910050e-01,  1.52982742e-01,  0.00000000e+00]],

       [[ 0.00000000e+00,  4.27342863e-01,  4.42544455e-01, ...,
          9.99981698e-01,  9.99989329e-01,  9.99992373e-01],
        [-4.27342863e-01,  0.00000000e+00,  1.68816115e-02, ...,
          9.06658527e-01,  9.06054172e-01,  9.05751746e-01],
        [-4.42544455e-01, -1.68816115e-02,  0.00000000e+00, ...,
          8.99407558e-01,  8.98781403e-01,  8.98468100e-01],
        ...,
        [-9.99981698e-01, -9.06658527e-01, -8.99407558e-01, ...,
          0.00000000e+00, -1.43037906e-03, -2.14451226e-03],
        [-9.99989329e-01, -9.06054172e-01, -8.98781403e-01, ...,
          1.43037906e-03,  0.00000000e+00, -7.14134289e-04],
        [-9.99992373e-01, -9.05751746e-01, -8.98468100e-01, ...,
          2.14451226e-03,  7.14134289e-04,  0.00000000e+00]]]), 'num': array([ 7.07103743e-01,  7.07103743e-01,  0.00000000e+00,  0.00000000e+00,
        5.30087296e-04,  5.56062535e-04,  5.30087296e-04,  2.48719653e-03,
       -1.63547805e-05,  5.40477392e-04,  5.54042239e-04,  5.63774937e-04,
        4.17780893e-07,  5.99869970e-04,  5.08214508e-04])}
{'img': array([[[ 0.00000000e+00, -1.81414850e-01,  1.28556659e-01, ...,
          1.90698768e-01,  6.50139401e-02, -3.26839692e-01],
        [ 1.81414850e-01,  0.00000000e+00,  3.06332974e-01, ...,
          3.65620072e-01,  2.44966183e-01, -1.49964820e-01],
        [-1.28556659e-01, -3.06332974e-01,  0.00000000e+00, ...,
          6.29189164e-02, -6.38102137e-02, -4.45623932e-01],
        ...,
        [-1.90698768e-01, -3.65620072e-01, -6.29189164e-02, ...,
          0.00000000e+00, -1.26474474e-01, -5.01067280e-01],
        [-6.50139401e-02, -2.44966183e-01,  6.38102137e-02, ...,
          1.26474474e-01,  0.00000000e+00, -3.87591577e-01],
        [ 3.26839692e-01,  1.49964820e-01,  4.45623932e-01, ...,
          5.01067280e-01,  3.87591577e-01,  0.00000000e+00]],

       [[ 0.00000000e+00,  7.12726109e-01,  9.37024523e-01, ...,
          0.00000000e+00,  8.36893314e-01,  6.71514165e-01],
        [-7.12726109e-01,  0.00000000e+00,  4.08339497e-01, ...,
          7.12726109e-01,  1.96910419e-01, -5.70956106e-02],
        [-9.37024523e-01, -4.08339497e-01,  0.00000000e+00, ...,
          9.37024523e-01, -2.20599052e-01, -4.59791973e-01],
        ...,
        [-0.00000000e+00, -7.12726109e-01, -9.37024523e-01, ...,
          0.00000000e+00, -8.36893314e-01, -6.71514165e-01],
        [-8.36893314e-01, -1.96910419e-01,  2.20599052e-01, ...,
          8.36893314e-01,  0.00000000e+00, -2.52566965e-01],
        [-6.71514165e-01,  5.70956106e-02,  4.59791973e-01, ...,
          6.71514165e-01,  2.52566965e-01,  0.00000000e+00]],

       [[ 0.00000000e+00,  6.31158468e-02,  2.40451564e-01, ...,
         -2.25041523e-02,  2.94054014e-01,  1.82987808e-01],
        [-6.31158468e-02,  0.00000000e+00,  1.78708054e-01, ...,
         -8.55591464e-02,  2.33142311e-01,  1.20572821e-01],
        [-2.40451564e-01, -1.78708054e-01,  0.00000000e+00, ...,
         -2.62234576e-01,  5.56058908e-02, -5.87724297e-02],
        ...,
        [ 2.25041523e-02,  8.55591464e-02,  2.62234576e-01, ...,
          0.00000000e+00,  3.15488761e-01,  2.05065640e-01],
        [-2.94054014e-01, -2.33142311e-01, -5.56058908e-02, ...,
         -3.15488761e-01,  0.00000000e+00, -1.14191268e-01],
        [-1.82987808e-01, -1.20572821e-01,  5.87724297e-02, ...,
         -2.05065640e-01,  1.14191268e-01,  0.00000000e+00]],

       ...,

       [[ 0.00000000e+00, -7.01021158e-01, -6.51107405e-01, ...,
         -9.02769976e-01, -9.53719686e-01, -8.65899162e-01],
        [ 7.01021158e-01,  0.00000000e+00,  6.77339233e-02, ...,
         -9.45327601e-01, -8.90931156e-01, -9.68171557e-01],
        [ 6.51107405e-01, -6.77339233e-02,  0.00000000e+00, ...,
         -9.65246121e-01, -9.19645637e-01, -9.82901029e-01],
        ...,
        [ 9.02769976e-01,  9.45327601e-01,  9.65246121e-01, ...,
          0.00000000e+00,  1.38757074e-01, -7.91386032e-02],
        [ 9.53719686e-01,  8.90931156e-01,  9.19645637e-01, ...,
         -1.38757074e-01,  0.00000000e+00, -2.16694931e-01],
        [ 8.65899162e-01,  9.68171557e-01,  9.82901029e-01, ...,
          7.91386032e-02,  2.16694931e-01,  0.00000000e+00]],

       [[ 0.00000000e+00,  2.15333085e-01,  4.41609625e-01, ...,
          9.72017998e-01,  9.96619513e-01,  9.98980108e-01],
        [-2.15333085e-01,  0.00000000e+00,  2.38051340e-01, ...,
          9.99798216e-01,  9.90930302e-01,  9.65821876e-01],
        [-4.41609625e-01, -2.38051340e-01,  0.00000000e+00, ...,
          9.75838565e-01,  9.30455017e-01,  8.76352483e-01],
        ...,
        [-9.72017998e-01, -9.99798216e-01, -9.75838565e-01, ...,
          0.00000000e+00, -1.54255542e-01, -2.78555813e-01],
        [-9.96619513e-01, -9.90930302e-01, -9.30455017e-01, ...,
          1.54255542e-01,  0.00000000e+00, -1.27071660e-01],
        [-9.98980108e-01, -9.65821876e-01, -8.76352483e-01, ...,
          2.78555813e-01,  1.27071660e-01,  0.00000000e+00]],

       [[ 0.00000000e+00,  1.10450653e-01, -1.44389737e-02, ...,
          9.98205393e-01,  9.98160148e-01,  9.95654520e-01],
        [-1.10450653e-01,  0.00000000e+00, -1.24789769e-01, ...,
          9.85483847e-01,  9.85356098e-01,  9.79277111e-01],
        [ 1.44389737e-02,  1.24789769e-01,  0.00000000e+00, ...,
          9.98965984e-01,  9.98931566e-01,  9.96895340e-01],
        ...,
        [-9.98205393e-01, -9.85483847e-01, -9.98965984e-01, ...,
          0.00000000e+00, -7.50849086e-04, -3.33339233e-02],
        [-9.98160148e-01, -9.85356098e-01, -9.98931566e-01, ...,
          7.50849086e-04,  0.00000000e+00, -3.25834821e-02],
        [-9.95654520e-01, -9.79277111e-01, -9.96895340e-01, ...,
          3.33339233e-02,  3.25834821e-02,  0.00000000e+00]]]), 'num': array([ 9.99960134e-01,  5.84809138e-04,  1.88917841e-05, -2.01151402e-10,
        7.49718966e-04,  7.83732681e-04,  7.32712108e-04,  8.62465927e-03,
       -3.11792387e-05,  7.91385767e-04,  8.09526415e-04,  8.29674816e-04,
        6.54571844e-07,  8.75652990e-04,  7.43399839e-04])}
