state_0,state_1,state_2,state_3,state_4,state_5,state_6,state_7,state_8,state_9,state_10,state_11,state_12,state_13,state_14,state_15,state_16,state_17,state_18,state_19,state_20,state_21,state_22,state_23,state_24,state_25,state_26,state_27,state_28,state_29,state_30,state_31,state_32,state_33,state_34,state_35,state_36,state_37,state_38,state_39,state_40,state_41,state_42,state_43,state_44,state_45,state_46,state_47,state_48,state_49,state_50,state_51,state_52,state_53,state_54,state_55,state_56,state_57,state_58,state_59,state_60,state_61,state_62,state_63,state_64,state_65,state_66,state_67,state_68,state_69,state_70,state_71,state_72,state_73,state_74,state_75,state_76,state_77,state_78,state_79,state_80,state_81,state_82,state_83,state_84,state_85,state_86,state_87,state_88,state_89,state_90,state_91,state_92,state_93,state_94,state_95,state_96,state_97,state_98,state_99,state_100,state_101,state_102,state_103,state_104,state_105,state_106,state_107,state_108,state_109,state_110,state_111,state_112,state_113,state_114,state_115,state_116,state_117,state_118,state_119,state_120,state_121,state_122,state_123,state_124,state_125,state_126,state_127,state_128,state_129,state_130,state_131,state_132,state_133,state_134,state_135,state_136,state_137,state_138,state_139,state_140,state_141,state_142,state_143,state_144,state_145,state_146,state_147,state_148,state_149,state_150,state_151,state_152,state_153,state_154,state_155,state_156,state_157,state_158,state_159,state_160,state_161,state_162,state_163,state_164,state_165,state_166,state_167,state_168,state_169,state_170,state_171,state_172,state_173,state_174,state_175,state_176,state_177,state_178,state_179,state_180,state_181,state_182,state_183,state_184,state_185,state_186,state_187,state_188,state_189,state_190,state_191,state_192,state_193,state_194,state_195,state_196,state_197,state_198,state_199,state_200,state_201,state_202,state_203,state_204,state_205,state_206,state_207,state_208,state_209,state_210,state_211,state_212,state_213,state_214,state_215,state_216,state_217,state_218,state_219,state_220,state_221,state_222,state_223,state_224,state_225,state_226,state_227,state_228,state_229,state_230,state_231,state_232,state_233,state_234,state_235,state_236,state_237,state_238,state_239,state_240,state_241,state_242,state_243,state_244,state_245,state_246,state_247,state_248,state_249,state_250,state_251,state_252,state_253,state_254,state_255,state_256,state_257,state_258,state_259,state_260,state_261,state_262,state_263,state_264,state_265,state_266,state_267,state_268,state_269,state_270,state_271,state_272,state_273,state_274,state_275,state_276,state_277,state_278,state_279,state_280,state_281,state_282,state_283,state_284,state_285,state_286,state_287
{'img': array([[[ 0.        , -0.02597231,  0.39140238, ..., -0.81556433,
         -0.9733495 , -0.98834475],
        [ 0.02597231,  0.        ,  0.41517058, ..., -0.8002599 ,
         -0.967065  , -0.98405752],
        [-0.39140238, -0.41517058,  0.        , ..., -0.97698972,
         -0.98545435, -0.96907831],
        ...,
        [ 0.81556433,  0.8002599 ,  0.97698972, ...,  0.        ,
         -0.37621396, -0.44776672],
        [ 0.9733495 ,  0.967065  ,  0.98545435, ...,  0.37621396,
          0.        , -0.07847869],
        [ 0.98834475,  0.98405752,  0.96907831, ...,  0.44776672,
          0.07847869,  0.        ]],

       [[ 0.        , -0.21265184, -0.34080099, ...,  0.3299894 ,
         -0.0603096 , -0.35463215],
        [ 0.21265184,  0.        , -0.13308467, ...,  0.52318197,
          0.15333456, -0.14769029],
        [ 0.34080099,  0.13308467,  0.        , ...,  0.63194564,
          0.28348145, -0.01475132],
        ...,
        [-0.3299894 , -0.52318197, -0.63194564, ...,  0.        ,
         -0.38632006, -0.64330934],
        [ 0.0603096 , -0.15333456, -0.28348145, ...,  0.38632006,
          0.        , -0.29759679],
        [ 0.35463215,  0.14769029,  0.01475132, ...,  0.64330934,
          0.29759679,  0.        ]],

       [[ 0.        , -0.63787226, -0.75851226, ..., -0.57249929,
         -0.60502229, -0.62625181],
        [ 0.63787226,  0.        , -0.16848723, ..., -0.96390065,
         -0.97383252, -0.97960145],
        [ 0.75851226,  0.16848723,  0.        , ..., -0.99498234,
         -0.99820202, -0.99945446],
        ...,
        [ 0.57249929,  0.96390065,  0.99498234, ...,  0.        ,
          0.04023211,  0.06713473],
        [ 0.60502229,  0.97383252,  0.99820202, ..., -0.04023211,
          0.        ,  0.02693903],
        [ 0.62625181,  0.97960145,  0.99945446, ..., -0.06713473,
         -0.02693903,  0.        ]],

       ...,

       [[ 0.        ,  0.15079605,  0.6131573 , ...,  0.93497372,
          0.98309991,  0.99998315],
        [-0.15079605,  0.        ,  0.4870228 , ...,  0.97777212,
          0.99946427,  0.98767279],
        [-0.6131573 , -0.4870228 ,  0.        , ...,  0.95608993,
          0.88886105,  0.78638783],
        ...,
        [-0.93497372, -0.97777212, -0.95608993, ...,  0.        ,
         -0.17755672, -0.36013901],
        [-0.98309991, -0.99946427, -0.88886105, ...,  0.17755672,
          0.        , -0.18877418],
        [-0.99998315, -0.98767279, -0.78638783, ...,  0.36013901,
          0.18877418,  0.        ]],

       [[ 0.        ,  0.04718464, -0.28708006, ..., -0.46919058,
         -0.32755571, -0.04718464],
        [-0.04718464,  0.        , -0.33195879, ..., -0.42699938,
         -0.28260932, -0.        ],
        [ 0.28708006,  0.33195879,  0.        , ..., -0.70296028,
         -0.58501017, -0.33195879],
        ...,
        [ 0.46919058,  0.42699938,  0.70296028, ...,  0.        ,
         -0.15404277, -0.42699938],
        [ 0.32755571,  0.28260932,  0.58501017, ...,  0.15404277,
          0.        , -0.28260932],
        [ 0.04718464,  0.        ,  0.33195879, ...,  0.42699938,
          0.28260932,  0.        ]],

       [[ 0.        , -0.73254488, -0.85847269, ..., -0.22157721,
         -0.29765095, -0.30273837],
        [ 0.73254488,  0.        , -0.208686  , ..., -0.86516765,
         -0.90195869, -0.90424894],
        [ 0.85847269,  0.208686  ,  0.        , ..., -0.95077142,
         -0.97221527, -0.97344993],
        ...,
        [ 0.22157721,  0.86516765,  0.95077142, ...,  0.        ,
          0.07871802,  0.08403373],
        [ 0.29765095,  0.90195869,  0.97221527, ..., -0.07871802,
          0.        ,  0.00533339],
        [ 0.30273837,  0.90424894,  0.97344993, ..., -0.08403373,
         -0.00533339,  0.        ]]]), 'num': array([ 7.07105860e-01,  7.07105860e-01,  0.00000000e+00,  0.00000000e+00,
        5.40772688e-04,  5.55203420e-04,  5.37734639e-04,  3.75161052e-04,
       -2.27853661e-06,  5.52165371e-04,  5.55659127e-04,  5.84115518e-04,
        2.95771579e-07,  5.87115772e-04,  5.24202483e-04])}
{'img': array([[[ 0.        ,  0.41517058,  0.80105076, ..., -0.967065  ,
         -0.98405752, -0.99357281],
        [-0.41517058,  0.        ,  0.48023117, ..., -0.98545435,
         -0.96907831, -0.95089165],
        [-0.80105076, -0.48023117,  0.        , ..., -0.78277272,
         -0.73152059, -0.68542393],
        ...,
        [ 0.967065  ,  0.98545435,  0.78277272, ...,  0.        ,
         -0.07847869, -0.14342685],
        [ 0.98405752,  0.96907831,  0.73152059, ...,  0.07847869,
          0.        , -0.0653172 ],
        [ 0.99357281,  0.95089165,  0.68542393, ...,  0.14342685,
          0.0653172 ,  0.        ]],

       [[ 0.        , -0.13308467, -0.34525854, ...,  0.15333456,
         -0.14769029, -0.37434752],
        [ 0.13308467,  0.        , -0.21728637, ...,  0.28348145,
         -0.01475132, -0.2476097 ],
        [ 0.34525854,  0.21728637,  0.        , ...,  0.48508127,
          0.20286385, -0.03117374],
        ...,
        [-0.15333456, -0.28348145, -0.48508127, ...,  0.        ,
         -0.29759679, -0.51210598],
        [ 0.14769029,  0.01475132, -0.20286385, ...,  0.29759679,
          0.        , -0.2332908 ],
        [ 0.37434752,  0.2476097 ,  0.03117374, ...,  0.51210598,
          0.2332908 ,  0.        ]],

       [[ 0.        , -0.49981673, -0.49981673, ..., -0.63835072,
         -0.66029764, -0.6752192 ],
        [ 0.49981673,  0.        ,  0.        , ..., -0.93762722,
         -0.94726875, -0.95350179],
        [ 0.49981673,  0.        ,  0.        , ..., -0.93762722,
         -0.94726875, -0.95350179],
        ...,
        [ 0.63835072,  0.93762722,  0.93762722, ...,  0.        ,
          0.02885728,  0.04888861],
        [ 0.66029764,  0.94726875,  0.94726875, ..., -0.02885728,
          0.        ,  0.02004548],
        [ 0.6752192 ,  0.95350179,  0.95350179, ..., -0.04888861,
         -0.02004548,  0.        ]],

       ...,

       [[ 0.        ,  0.59966133,  0.8563435 , ...,  0.98396309,
          0.99993284,  0.99814661],
        [-0.59966133,  0.        ,  0.37562312, ...,  0.89438318,
          0.79325047,  0.76227829],
        [-0.8563435 , -0.37562312,  0.        , ...,  0.66087291,
          0.50644751,  0.46333671],
        ...,
        [-0.98396309, -0.89438318, -0.66087291, ...,  0.        ,
         -0.18976366, -0.23792069],
        [-0.99993284, -0.79325047, -0.50644751, ...,  0.18976366,
          0.        , -0.04928311],
        [-0.99814661, -0.76227829, -0.46333671, ...,  0.23792069,
          0.04928311,  0.        ]],

       [[ 0.        , -0.32742908, -0.43175832, ..., -0.42630288,
         -0.32934913, -0.        ],
        [ 0.32742908,  0.        , -0.11262043, ..., -0.69898922,
         -0.62035524, -0.32742908],
        [ 0.43175832,  0.11262043,  0.        , ..., -0.7750808 ,
         -0.70473915, -0.43175832],
        ...,
        [ 0.42630288,  0.69898922,  0.7750808 , ...,  0.        ,
         -0.10459589, -0.42630288],
        [ 0.32934913,  0.62035524,  0.70473915, ...,  0.10459589,
          0.        , -0.32934913],
        [ 0.        ,  0.32742908,  0.43175832, ...,  0.42630288,
          0.32934913,  0.        ]],

       [[ 0.        , -0.59966282, -0.75638065, ..., -0.32397844,
         -0.32948947, -0.41875687],
        [ 0.59966282,  0.        , -0.21303723, ..., -0.82658433,
         -0.82985207, -0.87966419],
        [ 0.75638065,  0.21303723,  0.        , ..., -0.92750943,
         -0.9296733 , -0.9607902 ],
        ...,
        [ 0.32397844,  0.82658433,  0.92750943, ...,  0.        ,
          0.00583104,  0.10196669],
        [ 0.32948947,  0.82985207,  0.9296733 , ..., -0.00583104,
          0.        ,  0.09616431],
        [ 0.41875687,  0.87966419,  0.9607902 , ..., -0.10196669,
         -0.09616431,  0.        ]]]), 'num': array([7.07105879e-01, 7.07105879e-01, 0.00000000e+00, 0.00000000e+00,
       5.42291727e-04, 5.54443922e-04, 5.39253678e-04, 3.16769763e-04,
       1.51902444e-06, 5.47456410e-04, 5.53304654e-04, 5.82773728e-04,
       3.68652131e-07, 5.81155046e-04, 5.25454261e-04])}
{'img': array([[[ 0.        ,  0.48023117,  0.65808782, ..., -0.96907831,
         -0.95089165, -0.96366648],
        [-0.48023117,  0.        ,  0.21565062, ..., -0.73152059,
         -0.68542393, -0.71699851],
        [-0.65808782, -0.21565062,  0.        , ..., -0.56727357,
         -0.51227155, -0.54980336],
        ...,
        [ 0.96907831,  0.73152059,  0.56727357, ...,  0.        ,
         -0.0653172 , -0.02106104],
        [ 0.95089165,  0.68542393,  0.51227155, ...,  0.0653172 ,
          0.        ,  0.04428665],
        [ 0.96366648,  0.71699851,  0.54980336, ...,  0.02106104,
         -0.04428665,  0.        ]],

       [[ 0.        , -0.21728637, -0.29132847, ..., -0.01475132,
         -0.2476097 , -0.38508009],
        [ 0.21728637,  0.        , -0.07650686, ...,  0.20286385,
         -0.03117374, -0.17534978],
        [ 0.29132847,  0.07650686,  0.        , ...,  0.27718532,
          0.04538731, -0.09951436],
        ...,
        [ 0.01475132, -0.20286385, -0.27718532, ...,  0.        ,
         -0.2332908 , -0.37142445],
        [ 0.2476097 ,  0.03117374, -0.04538731, ...,  0.2332908 ,
          0.        , -0.14457382],
        [ 0.38508009,  0.17534978,  0.09951436, ...,  0.37142445,
          0.14457382,  0.        ]],

       [[ 0.        ,  0.        , -0.07022659, ..., -0.79198752,
         -0.80450093, -0.7153603 ],
        [ 0.        ,  0.        , -0.07022659, ..., -0.79198752,
         -0.80450093, -0.7153603 ],
        [ 0.07022659,  0.07022659,  0.        , ..., -0.83290811,
         -0.84422585, -0.76266536],
        ...,
        [ 0.79198752,  0.79198752,  0.83290811, ...,  0.        ,
          0.02077571, -0.11665173],
        [ 0.80450093,  0.80450093,  0.84422585, ..., -0.02077571,
          0.        , -0.13726043],
        [ 0.7153603 ,  0.7153603 ,  0.76266536, ...,  0.11665173,
          0.13726043,  0.        ]],

       ...,

       [[ 0.        ,  0.72886387,  0.76170019, ...,  0.99230349,
          0.98392874,  0.9826308 ],
        [-0.72886387,  0.        ,  0.04925212, ...,  0.58913422,
          0.54350822,  0.80802291],
        [-0.76170019, -0.04925212,  0.        , ...,  0.54862179,
          0.50150619,  0.77802533],
        ...,
        [-0.99230349, -0.58913422, -0.54862179, ...,  0.        ,
         -0.05534776,  0.30582188],
        [-0.98392874, -0.54350822, -0.50150619, ...,  0.05534776,
          0.        ,  0.35804908],
        [-0.9826308 , -0.80802291, -0.77802533, ..., -0.30582188,
         -0.35804908,  0.        ]],

       [[ 0.        , -0.29052592, -0.43782203, ..., -0.43601417,
         -0.2931965 , -0.        ],
        [ 0.29052592,  0.        , -0.15773678, ..., -0.67866346,
         -0.55830804, -0.29052592],
        [ 0.43782203,  0.15773678,  0.        , ..., -0.78601709,
         -0.68218245, -0.43782203],
        ...,
        [ 0.43601417,  0.67866346,  0.78601709, ...,  0.        ,
         -0.1529931 , -0.43601417],
        [ 0.2931965 ,  0.55830804,  0.68218245, ...,  0.1529931 ,
          0.        , -0.2931965 ],
        [ 0.        ,  0.29052592,  0.43782203, ...,  0.43601417,
          0.2931965 ,  0.        ]],

       [[ 0.        , -0.5461827 , -0.69687364, ..., -0.34673419,
         -0.44019656, -0.49627457],
        [ 0.5461827 ,  0.        , -0.19202849, ..., -0.80274687,
         -0.85915595, -0.88988942],
        [ 0.69687364,  0.19202849,  0.        , ..., -0.90231765,
         -0.94143014, -0.96092684],
        ...,
        [ 0.34673419,  0.80274687,  0.90231765, ...,  0.        ,
          0.10155514,  0.16446469],
        [ 0.44019656,  0.85915595,  0.94143014, ..., -0.10155514,
          0.        ,  0.06344213],
        [ 0.49627457,  0.88988942,  0.96092684, ..., -0.16446469,
         -0.06344213,  0.        ]]]), 'num': array([ 7.45550391e-01,  6.66446757e-01,  1.14976212e-06, -1.25138419e-11,
        5.53172265e-04,  5.71664943e-04,  5.46740030e-04,  8.22112078e-04,
       -2.09047658e-05,  5.70539302e-04,  5.83242967e-04,  6.14774322e-04,
        2.74206577e-07,  6.14813386e-04,  5.51672548e-04])}
{'img': array([[[ 0.        ,  0.20850182, -0.67358892, ..., -0.81533462,
         -0.83340268, -0.20850182],
        [-0.20850182,  0.        , -0.81288976, ..., -0.6766947 ,
         -0.69985421, -0.        ],
        [ 0.67358892,  0.81288976,  0.        , ..., -0.99262014,
         -0.98824294, -0.81288976],
        ...,
        [ 0.81533462,  0.6766947 ,  0.99262014, ...,  0.        ,
          0.03192392, -0.6766947 ],
        [ 0.83340268,  0.69985421,  0.98824294, ..., -0.03192392,
          0.        , -0.69985421],
        [ 0.20850182,  0.        ,  0.81288976, ...,  0.6766947 ,
          0.69985421,  0.        ]],

       [[ 0.        , -0.07650686,  0.56519106, ..., -0.03117374,
         -0.17534978,  0.66130317],
        [ 0.07650686,  0.        ,  0.62664962, ...,  0.04538731,
         -0.09951436,  0.71675416],
        [-0.56519106, -0.62664962,  0.        , ..., -0.59063346,
         -0.70109067,  0.12158828],
        ...,
        [ 0.03117374, -0.04538731,  0.59063346, ...,  0.        ,
         -0.14457382,  0.68436577],
        [ 0.17534978,  0.09951436,  0.70109067, ...,  0.14457382,
          0.        ,  0.78259023],
        [-0.66130317, -0.71675416, -0.12158828, ..., -0.68436577,
         -0.78259023,  0.        ]],

       [[ 0.        , -0.07022659,  0.16818772, ..., -0.80450093,
         -0.7153603 , -0.40776526],
        [ 0.07022659,  0.        ,  0.23699868, ..., -0.84422585,
         -0.76266536, -0.47088148],
        [-0.16818772, -0.23699868,  0.        , ..., -0.69314547,
         -0.58764784, -0.24838665],
        ...,
        [ 0.80450093,  0.84422585,  0.69314547, ...,  0.        ,
         -0.13726043, -0.49238643],
        [ 0.7153603 ,  0.76266536,  0.58764784, ...,  0.13726043,
          0.        , -0.36825772],
        [ 0.40776526,  0.47088148,  0.24838665, ...,  0.49238643,
          0.36825772,  0.        ]],

       ...,

       [[ 0.        ,  0.05889815, -0.38141506, ...,  0.59823976,
          0.85602456,  0.421835  ],
        [-0.05889815,  0.        , -0.43519861, ...,  0.55000511,
          0.82409197,  0.36770135],
        [ 0.38141506,  0.43519861,  0.        , ...,  0.85864959,
          0.98847929,  0.73576451],
        ...,
        [-0.59823976, -0.55000511, -0.85864959, ...,  0.        ,
          0.37669601, -0.20438398],
        [-0.85602456, -0.82409197, -0.98847929, ..., -0.37669601,
          0.        , -0.55807269],
        [-0.421835  , -0.36770135, -0.73576451, ...,  0.20438398,
          0.55807269,  0.        ]],

       [[ 0.        , -0.33839151, -0.51209403, ..., -0.30525564,
         -0.07580975, -0.        ],
        [ 0.33839151,  0.        , -0.19122883, ..., -0.60948745,
         -0.40875511, -0.33839151],
        [ 0.51209403,  0.19122883,  0.        , ..., -0.74984505,
         -0.5757356 , -0.51209403],
        ...,
        [ 0.30525564,  0.60948745,  0.74984505, ...,  0.        ,
         -0.23218582, -0.30525564],
        [ 0.07580975,  0.40875511,  0.5757356 , ...,  0.23218582,
          0.        , -0.07580975],
        [ 0.        ,  0.33839151,  0.51209403, ...,  0.30525564,
          0.07580975,  0.        ]],

       [[ 0.        , -0.49501276, -0.71294117, ..., -0.45813552,
         -0.51611421, -0.24949498],
        [ 0.49501276,  0.        , -0.27234964, ..., -0.83807551,
         -0.87243248, -0.69614114],
        [ 0.71294117,  0.27234964,  0.        , ..., -0.95497638,
         -0.9725598 , -0.86534701],
        ...,
        [ 0.45813552,  0.83807551,  0.95497638, ...,  0.        ,
          0.06636268, -0.2218758 ],
        [ 0.51611421,  0.87243248,  0.9725598 , ..., -0.06636268,
          0.        , -0.28609528],
        [ 0.24949498,  0.69614114,  0.86534701, ...,  0.2218758 ,
          0.28609528,  0.        ]]]), 'num': array([ 7.13078745e-01,  7.01082060e-01,  1.76942244e-07, -3.19628939e-09,
        5.21594964e-04,  5.23902906e-04,  5.09285938e-04,  5.28795744e-04,
       -7.69314106e-06,  5.39596914e-04,  5.55675578e-04,  5.85794226e-04,
        2.17898215e-07,  5.89297685e-04,  5.22053471e-04])}
{'img': array([[[ 0.        , -0.79685798, -0.94280904, ..., -0.78062475,
         -0.44439019, -0.        ],
        [ 0.79685798,  0.        , -0.30399447, ..., -0.96966369,
         -0.98233768, -0.79685798],
        [ 0.94280904,  0.30399447,  0.        , ..., -0.8494639 ,
         -0.99272983, -0.94280904],
        ...,
        [ 0.78062475,  0.96966369,  0.8494639 , ...,  0.        ,
         -0.4215658 , -0.78062475],
        [ 0.44439019,  0.98233768,  0.99272983, ...,  0.4215658 ,
          0.        , -0.44439019],
        [ 0.        ,  0.79685798,  0.94280904, ...,  0.78062475,
          0.44439019,  0.        ]],

       [[ 0.        ,  0.62664962,  0.36264966, ..., -0.09951436,
          0.71675416,  0.34168515],
        [-0.62664962,  0.        , -0.3013775 , ..., -0.70109067,
          0.12158828, -0.32265877],
        [-0.36264966,  0.3013775 ,  0.        , ..., -0.45358949,
          0.41507649, -0.02239829],
        ...,
        [ 0.09951436,  0.70109067,  0.45358949, ...,  0.        ,
          0.78259023,  0.4335141 ],
        [-0.71675416, -0.12158828, -0.41507649, ..., -0.78259023,
          0.        , -0.43535002],
        [-0.34168515,  0.32265877,  0.02239829, ..., -0.4335141 ,
          0.43535002,  0.        ]],

       [[ 0.        ,  0.23216006, -0.04316936, ..., -0.83020079,
         -0.65347354, -0.23216006],
        [-0.23216006,  0.        , -0.27393351, ..., -0.67809672,
         -0.45988566, -0.        ],
        [ 0.04316936,  0.27393351,  0.        , ..., -0.85349224,
         -0.68554137, -0.27393351],
        ...,
        [ 0.83020079,  0.67809672,  0.85349224, ...,  0.        ,
         -0.26413167, -0.67809672],
        [ 0.65347354,  0.45988566,  0.68554137, ...,  0.26413167,
          0.        , -0.45988566],
        [ 0.23216006,  0.        ,  0.27393351, ...,  0.67809672,
          0.45988566,  0.        ]],

       ...,

       [[ 0.        , -0.43519861, -0.55496112, ...,  0.82409197,
          0.36770135,  0.09790032],
        [ 0.43519861,  0.        , -0.13761923, ...,  0.98847929,
          0.73576451,  0.52125104],
        [ 0.55496112,  0.13761923,  0.        , ...,  0.99990364,
          0.82196476,  0.63373616],
        ...,
        [-0.82409197, -0.98847929, -0.99990364, ...,  0.        ,
         -0.55807269, -0.764677  ],
        [-0.36770135, -0.73576451, -0.82196476, ...,  0.55807269,
          0.        , -0.27489319],
        [-0.09790032, -0.52125104, -0.63373616, ...,  0.764677  ,
          0.27489319,  0.        ]],

       [[ 0.        , -0.40247863, -0.5666203 , ..., -0.07695152,
         -0.        , -0.12531892],
        [ 0.40247863,  0.        , -0.18706692, ..., -0.4717289 ,
         -0.40247863, -0.51402632],
        [ 0.5666203 ,  0.18706692,  0.        , ..., -0.62834661,
         -0.5666203 , -0.66541351],
        ...,
        [ 0.07695152,  0.4717289 ,  0.62834661, ...,  0.        ,
         -0.07695152,  0.04860246],
        [ 0.        ,  0.40247863,  0.5666203 , ...,  0.07695152,
          0.        ,  0.12531892],
        [ 0.12531892,  0.51402632,  0.66541351, ..., -0.04860246,
         -0.12531892,  0.        ]],

       [[ 0.        , -0.55612875, -0.77181336, ..., -0.67459633,
         -0.52537346, -0.        ],
        [ 0.55612875,  0.        , -0.28783711, ..., -0.97118133,
         -0.9098301 , -0.55612875],
        [ 0.77181336,  0.28783711,  0.        , ..., -0.99868396,
         -0.99077245, -0.77181336],
        ...,
        [ 0.67459633,  0.97118133,  0.99868396, ...,  0.        ,
         -0.18617119, -0.67459633],
        [ 0.52537346,  0.9098301 ,  0.99077245, ...,  0.18617119,
          0.        , -0.52537346],
        [ 0.        ,  0.55612875,  0.77181336, ...,  0.67459633,
          0.52537346,  0.        ]]]), 'num': array([ 7.07105877e-01,  7.07105877e-01,  0.00000000e+00, -3.37905112e-09,
        5.01982457e-04,  5.14951608e-04,  4.95879326e-04,  5.27478283e-04,
       -1.52578254e-05,  5.26394977e-04,  5.48022945e-04,  5.78208010e-04,
        2.21193327e-07,  5.87156441e-04,  5.08889448e-04])}
{'img': array([[[ 0.        , -0.71301436, -0.90505838, ..., -0.75547939,
         -0.63790515, -0.        ],
        [ 0.71301436,  0.        , -0.33134517, ..., -0.99685128,
         -0.99636984, -0.71301436],
        [ 0.90505838,  0.33134517,  0.        , ..., -0.91426511,
         -0.96829197, -0.90505838],
        ...,
        [ 0.75547939,  0.99685128,  0.91426511, ...,  0.        ,
         -0.16386811, -0.75547939],
        [ 0.63790515,  0.99636984,  0.96829197, ...,  0.16386811,
          0.        , -0.63790515],
        [ 0.        ,  0.71301436,  0.90505838, ...,  0.75547939,
          0.63790515,  0.        ]],

       [[ 0.        , -0.3013775 , -0.45810589, ...,  0.12158828,
         -0.32265877, -0.31714305],
        [ 0.3013775 ,  0.        , -0.16891247, ...,  0.41507649,
         -0.02239829, -0.01657775],
        [ 0.45810589,  0.16891247,  0.        , ...,  0.56278657,
          0.14679365,  0.15254972],
        ...,
        [-0.12158828, -0.41507649, -0.56278657, ...,  0.        ,
         -0.43535002, -0.43010167],
        [ 0.32265877,  0.02239829, -0.14679365, ...,  0.43535002,
          0.        ,  0.00582162],
        [ 0.31714305,  0.01657775, -0.15254972, ...,  0.43010167,
         -0.00582162,  0.        ]],

       [[ 0.        , -0.26403887, -0.60703276, ..., -0.65963707,
         -0.51778082, -0.        ],
        [ 0.26403887,  0.        , -0.37566484, ..., -0.83467536,
         -0.7252946 , -0.26403887],
        [ 0.60703276,  0.37566484,  0.        , ..., -0.98043456,
         -0.93079302, -0.60703276],
        ...,
        [ 0.65963707,  0.83467536,  0.98043456, ...,  0.        ,
         -0.17517236, -0.65963707],
        [ 0.51778082,  0.7252946 ,  0.93079302, ...,  0.17517236,
          0.        , -0.51778082],
        [ 0.        ,  0.26403887,  0.60703276, ...,  0.65963707,
          0.51778082,  0.        ]],

       ...,

       [[ 0.        , -0.13761923,  0.16298936, ...,  0.73576451,
          0.52125104,  0.55105483],
        [ 0.13761923,  0.        ,  0.29721751, ...,  0.82196476,
          0.63373616,  0.66065064],
        [-0.16298936, -0.29721751,  0.        , ...,  0.61554323,
          0.37518511,  0.40767645],
        ...,
        [-0.73576451, -0.82196476, -0.61554323, ...,  0.        ,
         -0.27489319, -0.24077772],
        [-0.52125104, -0.63373616, -0.37518511, ...,  0.27489319,
          0.        ,  0.0353042 ],
        [-0.55105483, -0.66065064, -0.40767645, ...,  0.24077772,
         -0.0353042 ,  0.        ]],

       [[ 0.        , -0.42644838, -0.58182598, ..., -0.        ,
         -0.12804441, -0.24559259],
        [ 0.42644838,  0.        , -0.17943239, ..., -0.42644838,
         -0.53875573, -0.63552902],
        [ 0.58182598,  0.17943239,  0.        , ..., -0.58182598,
         -0.68117686, -0.76375019],
        ...,
        [ 0.        ,  0.42644838,  0.58182598, ...,  0.        ,
          0.12804441,  0.24559259],
        [ 0.12804441,  0.53875573,  0.68117686, ..., -0.12804441,
          0.        ,  0.11944816],
        [ 0.24559259,  0.63552902,  0.76375019, ..., -0.24559259,
         -0.11944816,  0.        ]],

       [[ 0.        , -0.58589569, -0.81290456, ..., -0.7737935 ,
         -0.62793799, -0.        ],
        [ 0.58589569,  0.        , -0.31754303, ..., -0.99820034,
         -0.96485361, -0.58589569],
        [ 0.81290456,  0.31754303,  0.        , ..., -0.96557954,
         -0.998363  , -0.81290456],
        ...,
        [ 0.7737935 ,  0.99820034,  0.96557954, ...,  0.        ,
         -0.20445541, -0.7737935 ],
        [ 0.62793799,  0.96485361,  0.998363  , ...,  0.20445541,
          0.        , -0.62793799],
        [ 0.        ,  0.58589569,  0.81290456, ...,  0.7737935 ,
          0.62793799,  0.        ]]]), 'num': array([ 7.62246312e-01,  6.47284689e-01,  1.83059909e-06, -3.68724017e-09,
        5.20188339e-04,  5.40068148e-04,  5.14390062e-04,  7.16675403e-04,
       -2.48497614e-05,  5.57628647e-04,  5.89767671e-04,  6.24985305e-04,
        2.21792042e-07,  6.41057001e-04,  5.38478342e-04])}
{'img': array([[[ 0.        , -0.68308693, -0.91942798, ..., -0.8988764 ,
         -0.74868904, -0.        ],
        [ 0.68308693,  0.        , -0.40286265, ..., -0.95581299,
         -0.99962828, -0.68308693],
        [ 0.91942798,  0.40286265,  0.        , ..., -0.75638613,
         -0.90393671, -0.91942798],
        ...,
        [ 0.8988764 ,  0.95581299,  0.75638613, ...,  0.        ,
         -0.26780714, -0.8988764 ],
        [ 0.74868904,  0.99962828,  0.90393671, ...,  0.26780714,
          0.        , -0.74868904],
        [ 0.        ,  0.68308693,  0.91942798, ...,  0.8988764 ,
          0.74868904,  0.        ]],

       [[ 0.        , -0.16891247,  0.52535969, ..., -0.02239829,
         -0.01657775,  0.21993636],
        [ 0.16891247,  0.        ,  0.66153511, ...,  0.14679365,
          0.15254972,  0.38155262],
        [-0.52535969, -0.66153511,  0.        , ..., -0.54428615,
         -0.53939317, -0.32535634],
        ...,
        [ 0.02239829, -0.14679365,  0.54428615, ...,  0.        ,
          0.00582162,  0.24173103],
        [ 0.01657775, -0.15254972,  0.53939317, ..., -0.00582162,
          0.        ,  0.23607796],
        [-0.21993636, -0.38155262,  0.32535634, ..., -0.24173103,
         -0.23607796,  0.        ]],

       [[ 0.        , -0.53633585, -0.81890915, ..., -0.74081303,
         -0.59405592, -0.        ],
        [ 0.53633585,  0.        , -0.38334757, ..., -0.98551249,
         -0.93282725, -0.53633585],
        [ 0.81890915,  0.38334757,  0.        , ..., -0.97524028,
         -0.99969242, -0.81890915],
        ...,
        [ 0.74081303,  0.98551249,  0.97524028, ...,  0.        ,
         -0.19689352, -0.74081303],
        [ 0.59405592,  0.93282725,  0.99969242, ...,  0.19689352,
          0.        , -0.59405592],
        [ 0.        ,  0.53633585,  0.81890915, ...,  0.74081303,
          0.59405592,  0.        ]],

       ...,

       [[ 0.        ,  0.29721751, -0.15631563, ...,  0.63373616,
          0.66065064,  0.56478366],
        [-0.29721751,  0.        , -0.44281555, ...,  0.37518511,
          0.40767645,  0.29398549],
        [ 0.15631563,  0.44281555,  0.        , ...,  0.74686358,
          0.76987449,  0.68683861],
        ...,
        [-0.63373616, -0.37518511, -0.74686358, ...,  0.        ,
          0.0353042 , -0.08609581],
        [-0.66065064, -0.40767645, -0.76987449, ..., -0.0353042 ,
          0.        , -0.12121526],
        [-0.56478366, -0.29398549, -0.68683861, ...,  0.08609581,
          0.12121526,  0.        ]],

       [[ 0.        , -0.42704812, -0.61796882, ..., -0.13120149,
         -0.25157589, -0.34049335],
        [ 0.42704812,  0.        , -0.22303892, ..., -0.54199278,
         -0.64079541, -0.7094146 ],
        [ 0.61796882,  0.22303892,  0.        , ..., -0.71577788,
         -0.79588307, -0.84874004],
        ...,
        [ 0.13120149,  0.54199278,  0.71577788, ...,  0.        ,
          0.12241947,  0.21418823],
        [ 0.25157589,  0.64079541,  0.79588307, ..., -0.12241947,
          0.        ,  0.09299879],
        [ 0.34049335,  0.7094146 ,  0.84874004, ..., -0.21418823,
         -0.09299879,  0.        ]],

       [[ 0.        , -0.61749891, -0.8238625 , ..., -0.87329849,
         -0.71924142, -0.        ],
        [ 0.61749891,  0.        , -0.29803492, ..., -0.98774845,
         -0.99474866, -0.61749891],
        [ 0.8238625 ,  0.29803492,  0.        , ..., -0.8963505 ,
         -0.98004554, -0.8238625 ],
        ...,
        [ 0.87329849,  0.98774845,  0.8963505 , ...,  0.        ,
         -0.25632904, -0.87329849],
        [ 0.71924142,  0.99474866,  0.98004554, ...,  0.25632904,
          0.        , -0.71924142],
        [ 0.        ,  0.61749891,  0.8238625 , ...,  0.87329849,
          0.71924142,  0.        ]]]), 'num': array([ 9.77710770e-01,  2.09945698e-01,  1.21481815e-05, -1.23297139e-08,
        6.68202848e-04,  6.74546546e-04,  6.47057188e-04,  5.83768228e-04,
        4.22913195e-06,  6.94423466e-04,  7.46124604e-04,  7.94671514e-04,
        3.22045967e-07,  8.17301347e-04,  6.74947861e-04])}
{'img': array([[[ 0.        , -0.40820628, -0.08044588, ..., -0.99988166,
         -0.67248253, -0.86208031],
        [ 0.40820628,  0.        ,  0.33344506, ..., -0.90650178,
         -0.91602116, -0.99385163],
        [ 0.08044588, -0.33344506,  0.        , ..., -0.99540343,
         -0.72984205, -0.90005398],
        ...,
        [ 0.99988166,  0.90650178,  0.99540343, ...,  0.        ,
         -0.75037097, -0.51997408],
        [ 0.67248253,  0.91602116,  0.72984205, ...,  0.75037097,
          0.        ,  0.29724173],
        [ 0.86208031,  0.99385163,  0.90005398, ...,  0.51997408,
         -0.29724173,  0.        ]],

       [[ 0.        ,  0.66153511,  0.13161139, ...,  0.15254972,
          0.38155262, -0.05787449],
        [-0.66153511,  0.        , -0.55708342, ..., -0.53939317,
         -0.32535634, -0.70382719],
        [-0.13161139,  0.55708342,  0.        , ...,  0.02115176,
          0.25657903, -0.18876186],
        ...,
        [-0.15254972,  0.53939317, -0.02115176, ...,  0.        ,
          0.23607796, -0.20949114],
        [-0.38155262,  0.32535634, -0.25657903, ..., -0.23607796,
          0.        , -0.43440921],
        [ 0.05787449,  0.70382719,  0.18876186, ...,  0.20949114,
          0.43440921,  0.        ]],

       [[ 0.        , -0.67855048, -0.85310508, ..., -0.78449329,
         -0.58316047, -0.        ],
        [ 0.67855048,  0.        , -0.27262522, ..., -0.99704697,
         -0.97958794, -0.67855048],
        [ 0.85310508,  0.27262522,  0.        , ..., -0.93834313,
         -0.99728351, -0.85310508],
        ...,
        [ 0.78449329,  0.99704697,  0.93834313, ...,  0.        ,
         -0.27564904, -0.78449329],
        [ 0.58316047,  0.97958794,  0.99728351, ...,  0.27564904,
          0.        , -0.58316047],
        [ 0.        ,  0.67855048,  0.85310508, ...,  0.78449329,
          0.58316047,  0.        ]],

       ...,

       [[ 0.        , -0.44281555,  0.38959981, ...,  0.40767645,
          0.29398549,  0.47395074],
        [ 0.44281555,  0.        ,  0.7571463 , ...,  0.76987449,
          0.68683861,  0.81487211],
        [-0.38959981, -0.7571463 ,  0.        , ...,  0.0197097 ,
         -0.10162734,  0.09343853],
        ...,
        [-0.40767645, -0.76987449, -0.0197097 , ...,  0.        ,
         -0.12121526,  0.0737969 ],
        [-0.29398549, -0.68683861,  0.10162734, ...,  0.12121526,
          0.        ,  0.19413748],
        [-0.47395074, -0.81487211, -0.09343853, ..., -0.0737969 ,
         -0.19413748,  0.        ]],

       [[ 0.        , -0.48224262, -0.62899123, ..., -0.25771867,
         -0.34868033, -0.33183451],
        [ 0.48224262,  0.        , -0.17611864, ..., -0.69172373,
         -0.75743502, -0.74561714],
        [ 0.62899123,  0.17611864,  0.        , ..., -0.80809759,
         -0.86058523, -0.85132335],
        ...,
        [ 0.25771867,  0.69172373,  0.80809759, ...,  0.        ,
          0.09535723,  0.07750943],
        [ 0.34868033,  0.75743502,  0.86058523, ..., -0.09535723,
          0.        , -0.01791414],
        [ 0.33183451,  0.74561714,  0.85132335, ..., -0.07750943,
          0.01791414,  0.        ]],

       [[ 0.        , -0.29437879, -0.45372877, ..., -0.99930217,
         -0.9406457 , -0.55903431],
        [ 0.29437879,  0.        , -0.17129084, ..., -0.94402624,
         -0.99887384, -0.7783454 ],
        [ 0.45372877,  0.17129084,  0.        , ..., -0.87357024,
         -0.99223792, -0.87438446],
        ...,
        [ 0.99930217,  0.94402624,  0.87357024, ...,  0.        ,
         -0.37428841, -0.84944704],
        [ 0.9406457 ,  0.99887384,  0.99223792, ...,  0.37428841,
          0.        , -0.59020051],
        [ 0.55903431,  0.7783454 ,  0.87438446, ...,  0.84944704,
          0.59020051,  0.        ]]]), 'num': array([ 7.97208453e-01,  6.03701395e-01,  3.22511763e-06, -6.63771207e-09,
        5.24409370e-04,  5.53251885e-04,  5.19165276e-04,  7.64475239e-04,
       -2.79684997e-05,  5.58670782e-04,  6.11592428e-04,  6.54273524e-04,
        1.95211610e-07,  6.82541557e-04,  5.40643298e-04])}
{'img': array([[[ 0.        ,  0.30477291, -0.02214755, ..., -0.96813876,
         -0.95283818, -0.87566071],
        [-0.30477291,  0.        , -0.32579203, ..., -0.99839911,
         -0.99999908, -0.68681818],
        [ 0.02214755,  0.32579203,  0.        , ..., -0.96235522,
         -0.94588315, -0.88614157],
        ...,
        [ 0.96813876,  0.99839911,  0.96235522, ...,  0.        ,
          0.05520529, -0.68681818],
        [ 0.95283818,  0.99999908,  0.94588315, ..., -0.05520529,
          0.        , -0.72589562],
        [ 0.87566071,  0.68681818,  0.88614157, ...,  0.68681818,
          0.72589562,  0.        ]],

       [[ 0.        , -0.55708342, -0.49435331, ..., -0.32535634,
         -0.70382719, -0.31346812],
        [ 0.55708342,  0.        ,  0.07371198, ...,  0.25657903,
         -0.18876186,  0.26868406],
        [ 0.49435331, -0.07371198,  0.        , ...,  0.18463668,
         -0.2606352 ,  0.19695165],
        ...,
        [ 0.32535634, -0.25657903, -0.18463668, ...,  0.        ,
         -0.43440921,  0.01254519],
        [ 0.70382719,  0.18876186,  0.2606352 , ...,  0.43440921,
          0.        ,  0.44567467],
        [ 0.31346812, -0.26868406, -0.19695165, ..., -0.01254519,
         -0.44567467,  0.        ]],

       [[ 0.        , -0.62560267, -0.8101024 , ..., -0.80141495,
         -0.61057015, -0.        ],
        [ 0.62560267,  0.        , -0.26521118, ..., -0.99939577,
         -0.97178498, -0.62560267],
        [ 0.8101024 ,  0.26521118,  0.        , ..., -0.95438963,
         -0.99954066, -0.8101024 ],
        ...,
        [ 0.80141495,  0.99939577,  0.95438963, ...,  0.        ,
         -0.26950298, -0.80141495],
        [ 0.61057015,  0.97178498,  0.99954066, ...,  0.26950298,
          0.        , -0.61057015],
        [ 0.        ,  0.62560267,  0.8101024 , ...,  0.80141495,
          0.61057015,  0.        ]],

       ...,

       [[ 0.        ,  0.7571463 ,  0.5908083 , ...,  0.68683861,
          0.81487211,  0.42705401],
        [-0.7571463 ,  0.        , -0.22493192, ..., -0.10162734,
          0.09343853, -0.40566041],
        [-0.5908083 ,  0.22493192,  0.        , ...,  0.12474425,
          0.31499197, -0.18967201],
        ...,
        [-0.68683861,  0.10162734, -0.12474425, ...,  0.        ,
          0.19413748, -0.3106703 ],
        [-0.81487211, -0.09343853, -0.31499197, ..., -0.19413748,
          0.        , -0.48929071],
        [-0.42705401,  0.40566041,  0.18967201, ...,  0.3106703 ,
          0.48929071,  0.        ]],

       [[ 0.        , -0.44635122, -0.61451366, ..., -0.35963036,
         -0.3422922 , -0.47042992],
        [ 0.44635122,  0.        , -0.19777315, ..., -0.73830608,
         -0.72569159, -0.8148449 ],
        [ 0.61451366,  0.19777315,  0.        , ..., -0.85711415,
         -0.84742951, -0.91339488],
        ...,
        [ 0.35963036,  0.73830608,  0.85711415, ...,  0.        ,
         -0.01851528,  0.12160448],
        [ 0.3422922 ,  0.72569159,  0.84742951, ...,  0.01851528,
          0.        ,  0.1399615 ],
        [ 0.47042992,  0.8148449 ,  0.91339488, ..., -0.12160448,
         -0.1399615 ,  0.        ]],

       [[ 0.        , -0.15588228, -0.32456196, ..., -0.9722641 ,
         -0.99980212, -0.73318416],
        [ 0.15588228,  0.        , -0.17315089, ..., -0.92392015,
         -0.98447927, -0.8302261 ],
        [ 0.32456196,  0.17315089,  0.        , ..., -0.84371963,
         -0.93922087, -0.91420474],
        ...,
        [ 0.9722641 ,  0.92392015,  0.84371963, ...,  0.        ,
         -0.21449851, -0.83265019],
        [ 0.99980212,  0.98447927,  0.93922087, ...,  0.21449851,
          0.        , -0.69448056],
        [ 0.73318416,  0.8302261 ,  0.91420474, ...,  0.83265019,
          0.69448056,  0.        ]]]), 'num': array([ 7.75688146e-01,  6.31113858e-01,  2.45874639e-06, -1.73848321e-08,
        5.01994055e-04,  5.26752265e-04,  5.01140323e-04,  8.19949235e-04,
       -1.02447766e-05,  5.30337937e-04,  5.90782119e-04,  6.36755554e-04,
        1.80597024e-07,  6.69366226e-04,  5.12198011e-04])}
{'img': array([[[ 0.        , -0.31486776, -0.02708685, ..., -0.99517859,
         -0.93547725, -0.67047128],
        [ 0.31486776,  0.        ,  0.28904314, ..., -0.91367733,
         -0.99916486, -0.86997969],
        [ 0.02708685, -0.28904314,  0.        , ..., -0.99215678,
         -0.94470615, -0.69032197],
        ...,
        [ 0.99517859,  0.91367733,  0.99215678, ...,  0.        ,
         -0.44343417, -0.80411776],
        [ 0.93547725,  0.99916486,  0.94470615, ...,  0.44343417,
          0.        , -0.45712799],
