state_0,state_1,state_2,state_3,state_4,state_5,state_6,state_7,state_8,state_9,state_10,state_11,state_12,state_13,state_14,state_15,state_16,state_17,state_18,state_19,state_20,state_21,state_22,state_23,state_24,state_25,state_26,state_27,state_28,state_29,state_30,state_31,state_32,state_33,state_34,state_35,state_36,state_37,state_38,state_39,state_40,state_41,state_42,state_43,state_44,state_45,state_46,state_47,state_48,state_49,state_50,state_51,state_52,state_53,state_54,state_55,state_56,state_57,state_58,state_59,state_60,state_61,state_62,state_63,state_64,state_65,state_66,state_67,state_68,state_69,state_70,state_71,state_72,state_73,state_74,state_75,state_76,state_77,state_78,state_79,state_80,state_81,state_82,state_83,state_84,state_85,state_86,state_87,state_88,state_89,state_90,state_91,state_92,state_93,state_94,state_95,state_96,state_97,state_98,state_99,state_100,state_101,state_102,state_103,state_104,state_105,state_106,state_107,state_108,state_109,state_110,state_111,state_112,state_113,state_114,state_115,state_116,state_117,state_118,state_119,state_120,state_121,state_122,state_123,state_124,state_125,state_126,state_127,state_128,state_129,state_130,state_131,state_132,state_133,state_134,state_135,state_136,state_137,state_138,state_139,state_140,state_141,state_142,state_143,state_144,state_145,state_146,state_147,state_148,state_149,state_150,state_151,state_152,state_153,state_154,state_155,state_156,state_157,state_158,state_159,state_160,state_161,state_162,state_163,state_164,state_165,state_166,state_167,state_168,state_169,state_170,state_171,state_172,state_173,state_174,state_175,state_176,state_177,state_178,state_179,state_180,state_181,state_182,state_183,state_184,state_185,state_186,state_187,state_188,state_189,state_190,state_191,state_192,state_193,state_194,state_195,state_196,state_197,state_198,state_199,state_200,state_201,state_202,state_203,state_204,state_205,state_206,state_207,state_208,state_209,state_210,state_211,state_212,state_213,state_214,state_215,state_216,state_217,state_218,state_219,state_220,state_221,state_222,state_223,state_224,state_225,state_226,state_227,state_228,state_229,state_230,state_231,state_232,state_233,state_234,state_235,state_236,state_237,state_238,state_239,state_240,state_241,state_242,state_243,state_244,state_245,state_246,state_247,state_248,state_249,state_250,state_251,state_252,state_253,state_254,state_255,state_256,state_257,state_258,state_259,state_260,state_261,state_262,state_263,state_264,state_265,state_266,state_267,state_268,state_269,state_270,state_271,state_272,state_273,state_274,state_275,state_276,state_277,state_278,state_279,state_280,state_281,state_282,state_283,state_284,state_285,state_286,state_287
{'img': array([[[ 0.00000000e+00,  2.84686447e-01,  2.33262545e-01, ...,
          9.79795897e-01,  9.82510556e-01,  9.13474245e-01],
        [-2.84686447e-01,  0.00000000e+00, -5.32227263e-02, ...,
          9.96189908e-01,  9.94865526e-01,  9.91513244e-01],
        [-2.33262545e-01,  5.32227263e-02,  0.00000000e+00, ...,
          9.99419554e-01,  9.98841911e-01,  9.83188681e-01],
        ...,
        [-9.79795897e-01, -9.96189908e-01, -9.99419554e-01, ...,
          0.00000000e+00, -1.40573578e-02,  2.15980723e-01],
        [-9.82510556e-01, -9.94865526e-01, -9.98841911e-01, ...,
          1.40573578e-02,  0.00000000e+00,  2.29684953e-01],
        [-9.13474245e-01, -9.91513244e-01, -9.83188681e-01, ...,
         -2.15980723e-01, -2.29684953e-01,  0.00000000e+00]],

       [[ 0.00000000e+00,  4.43097871e-02, -1.54875931e-02, ...,
          5.44570178e-03, -2.50042547e-02,  8.73950036e-02],
        [-4.43097871e-02,  0.00000000e+00, -5.97768544e-02, ...,
         -3.88687768e-02, -6.92756299e-02,  4.31689215e-02],
        [ 1.54875931e-02,  5.97768544e-02,  0.00000000e+00, ...,
          2.09324121e-02, -9.51850478e-03,  1.02812855e-01],
        ...,
        [-5.44570178e-03,  3.88687768e-02, -2.09324121e-02, ...,
          0.00000000e+00, -3.04478831e-02,  8.19688426e-02],
        [ 2.50042547e-02,  6.92756299e-02,  9.51850478e-03, ...,
          3.04478831e-02,  0.00000000e+00,  1.12276261e-01],
        [-8.73950036e-02, -4.31689215e-02, -1.02812855e-01, ...,
         -8.19688426e-02, -1.12276261e-01,  0.00000000e+00]],

       [[ 0.00000000e+00,  0.00000000e+00, -8.14075079e-02, ...,
          9.93921936e-01,  9.85794677e-01,  9.45262199e-01],
        [ 0.00000000e+00,  0.00000000e+00, -8.14075079e-02, ...,
          9.93921936e-01,  9.85794677e-01,  9.45262199e-01],
        [ 8.14075079e-02,  8.14075079e-02,  0.00000000e+00, ...,
          9.81661089e-01,  9.68849934e-01,  9.15560552e-01],
        ...,
        [-9.93921936e-01, -9.93921936e-01, -9.81661089e-01, ...,
          0.00000000e+00,  5.84107374e-02,  2.20267193e-01],
        [-9.85794677e-01, -9.85794677e-01, -9.68849934e-01, ...,
         -5.84107374e-02,  0.00000000e+00,  1.62914972e-01],
        [-9.45262199e-01, -9.45262199e-01, -9.15560552e-01, ...,
         -2.20267193e-01, -1.62914972e-01,  0.00000000e+00]],

       ...,

       [[ 0.00000000e+00, -5.69235218e-02, -3.02684406e-01, ...,
         -7.30834620e-01, -7.81161666e-01, -6.94355982e-01],
        [ 5.69235218e-02,  0.00000000e+00, -2.47940329e-01, ...,
         -6.90796192e-01, -7.44356051e-01, -6.52266143e-01],
        [ 3.02684406e-01,  2.47940329e-01,  0.00000000e+00, ...,
         -4.89953154e-01, -5.55543437e-01, -4.43963035e-01],
        ...,
        [ 7.30834620e-01,  6.90796192e-01,  4.89953154e-01, ...,
          0.00000000e+00, -7.69043735e-02,  5.19958959e-02],
        [ 7.81161666e-01,  7.44356051e-01,  5.55543437e-01, ...,
          7.69043735e-02,  0.00000000e+00,  1.28642253e-01],
        [ 6.94355982e-01,  6.52266143e-01,  4.43963035e-01, ...,
         -5.19958959e-02, -1.28642253e-01,  0.00000000e+00]],

       [[ 0.00000000e+00, -3.48372099e-02, -4.42543693e-02, ...,
          9.95483721e-01,  9.95559302e-01,  9.97560979e-01],
        [ 3.48372099e-02,  0.00000000e+00, -9.42442719e-03, ...,
          9.98186643e-01,  9.98234450e-01,  9.99387110e-01],
        [ 4.42543693e-02,  9.42442719e-03,  0.00000000e+00, ...,
          9.98709615e-01,  9.98749898e-01,  9.99672636e-01],
        ...,
        [-9.95483721e-01, -9.98186643e-01, -9.98709615e-01, ...,
          0.00000000e+00,  7.99502327e-04,  2.52157148e-02],
        [-9.95559302e-01, -9.98234450e-01, -9.98749898e-01, ...,
         -7.99502327e-04,  0.00000000e+00,  2.44164586e-02],
        [-9.97560979e-01, -9.99387110e-01, -9.99672636e-01, ...,
         -2.52157148e-02, -2.44164586e-02,  0.00000000e+00]],

       [[ 0.00000000e+00,  5.03385371e-01,  6.38546185e-01, ...,
          2.26209456e-01,  1.95530296e-01,  0.00000000e+00],
        [-5.03385371e-01,  0.00000000e+00,  1.64346427e-01, ...,
          6.85795958e-01,  6.62619158e-01,  5.03385371e-01],
        [-6.38546185e-01, -1.64346427e-01,  0.00000000e+00, ...,
          7.96081293e-01,  7.76697641e-01,  6.38546185e-01],
        ...,
        [-2.26209456e-01, -6.85795958e-01, -7.96081293e-01, ...,
          0.00000000e+00,  3.13811908e-02,  2.26209456e-01],
        [-1.95530296e-01, -6.62619158e-01, -7.76697641e-01, ...,
         -3.13811908e-02,  0.00000000e+00,  1.95530296e-01],
        [-0.00000000e+00, -5.03385371e-01, -6.38546185e-01, ...,
         -2.26209456e-01, -1.95530296e-01,  0.00000000e+00]]]), 'num': array([7.06179262e-01, 7.06179262e-01, 0.00000000e+00, 0.00000000e+00,
       3.33316612e-03, 3.36141329e-03, 3.24842461e-03, 5.03717668e-02,
       7.06179262e-06, 3.24418753e-03, 3.24701225e-03, 3.03162757e-03,
       6.18898679e-05, 3.43976685e-03, 3.05425765e-03])}
{'img': array([[[ 0.        , -0.16666259,  0.20723645, ...,  0.99996569,
          0.9707293 ,  0.96694079],
        [ 0.16666259,  0.        ,  0.36738253, ...,  0.98459949,
          0.91712427,  0.91091801],
        [-0.20723645, -0.36738253,  0.        , ...,  0.9799741 ,
          0.9994289 ,  0.99879486],
        ...,
        [-0.99996569, -0.98459949, -0.9799741 , ...,  0.        ,
          0.23212632,  0.24698196],
        [-0.9707293 , -0.91712427, -0.9994289 , ..., -0.23212632,
          0.        ,  0.01530074],
        [-0.96694079, -0.91091801, -0.99879486, ..., -0.24698196,
         -0.01530074,  0.        ]],

       [[ 0.        , -0.05977685, -0.05811346, ..., -0.06927563,
          0.04316892, -0.03252361],
        [ 0.05977685,  0.        ,  0.00166629, ..., -0.0095185 ,
          0.10281286,  0.02727978],
        [ 0.05811346, -0.00166629,  0.        , ..., -0.01118471,
          0.10115525,  0.02561406],
        ...,
        [ 0.06927563,  0.0095185 ,  0.01118471, ...,  0.        ,
          0.11227626,  0.0367935 ],
        [-0.04316892, -0.10281286, -0.10115525, ..., -0.11227626,
          0.        , -0.07563938],
        [ 0.03252361, -0.02727978, -0.02561406, ..., -0.0367935 ,
          0.07563938,  0.        ]],

       [[ 0.        , -0.08140751, -0.27364043, ...,  0.98579468,
          0.9452622 ,  0.8893072 ],
        [ 0.08140751,  0.        , -0.19443184, ...,  0.96884993,
          0.91556055,  0.84912701],
        [ 0.27364043,  0.19443184,  0.        , ...,  0.90220967,
          0.81989139,  0.73022559],
        ...,
        [-0.98579468, -0.96884993, -0.90220967, ...,  0.        ,
          0.16291497,  0.30145053],
        [-0.9452622 , -0.91556055, -0.81989139, ..., -0.16291497,
          0.        ,  0.14208672],
        [-0.8893072 , -0.84912701, -0.73022559, ..., -0.30145053,
         -0.14208672,  0.        ]],

       ...,

       [[ 0.        , -0.24794033, -0.29641683, ..., -0.74435605,
         -0.65226614, -0.8544776 ],
        [ 0.24794033,  0.        , -0.05036374, ..., -0.55554344,
         -0.44396304, -0.69899471],
        [ 0.29641683,  0.05036374,  0.        , ..., -0.5129616 ,
         -0.39827144, -0.66209119],
        ...,
        [ 0.74435605,  0.55554344,  0.5129616 , ...,  0.        ,
          0.12864225, -0.18392136],
        [ 0.65226614,  0.44396304,  0.39827144, ..., -0.12864225,
          0.        , -0.30884091],
        [ 0.8544776 ,  0.69899471,  0.66209119, ...,  0.18392136,
          0.30884091,  0.        ]],

       [[ 0.        , -0.00942443, -0.06496161, ...,  0.99823445,
          0.99938711,  0.99964401],
        [ 0.00942443,  0.        , -0.05555421, ...,  0.9987499 ,
          0.99967264,  0.99985107],
        [ 0.06496161,  0.05555421,  0.        , ...,  0.99998446,
          0.9995502 ,  0.99926574],
        ...,
        [-0.99823445, -0.9987499 , -0.99998446, ...,  0.        ,
          0.02441646,  0.03274232],
        [-0.99938711, -0.99967264, -0.9995502 , ..., -0.02441646,
          0.        ,  0.00832919],
        [-0.99964401, -0.99985107, -0.99926574, ..., -0.03274232,
         -0.00832919,  0.        ]],

       [[ 0.        ,  0.4387041 ,  0.65906236, ...,  0.20246246,
          0.        ,  0.05197186],
        [-0.4387041 ,  0.        ,  0.26231003, ...,  0.61155771,
          0.4387041 ,  0.48481477],
        [-0.65906236, -0.26231003,  0.        , ...,  0.79768284,
          0.65906236,  0.6972591 ],
        ...,
        [-0.20246246, -0.61155771, -0.79768284, ...,  0.        ,
          0.20246246,  0.15129331],
        [-0.        , -0.4387041 , -0.65906236, ..., -0.20246246,
          0.        , -0.05197186],
        [-0.05197186, -0.48481477, -0.6972591 , ..., -0.15129331,
          0.05197186,  0.        ]]]), 'num': array([ 9.69322948e-01,  2.37212654e-01,  3.10216226e-04, -2.05518250e-08,
        4.57568934e-03,  4.61446636e-03,  4.45935825e-03,  6.31134912e-02,
        0.00000000e+00,  4.50976839e-03,  4.46129710e-03,  4.17790165e-03,
        8.59263695e-05,  4.73041359e-03,  4.19218062e-03])}
{'img': array([[[ 0.        ,  0.36738253,  0.36738253, ...,  0.91712427,
          0.91091801,  0.91091801],
        [-0.36738253,  0.        ,  0.        , ...,  0.9994289 ,
          0.99879486,  0.99879486],
        [-0.36738253,  0.        ,  0.        , ...,  0.9994289 ,
          0.99879486,  0.99879486],
        ...,
        [-0.91712427, -0.9994289 , -0.9994289 , ...,  0.        ,
          0.01530074,  0.01530074],
        [-0.91091801, -0.99879486, -0.99879486, ..., -0.01530074,
          0.        ,  0.        ],
        [-0.91091801, -0.99879486, -0.99879486, ..., -0.01530074,
          0.        ,  0.        ]],

       [[ 0.        ,  0.00166629,  0.00998637, ...,  0.10281286,
          0.02727978,  0.01868567],
        [-0.00166629,  0.        ,  0.00832014, ...,  0.10115525,
          0.02561406,  0.01701964],
        [-0.00998637, -0.00832014,  0.        , ...,  0.09287428,
          0.01729577,  0.00870012],
        ...,
        [-0.10281286, -0.10115525, -0.09287428, ...,  0.        ,
         -0.07563938, -0.08420826],
        [-0.02727978, -0.02561406, -0.01729577, ...,  0.07563938,
          0.        , -0.0085963 ],
        [-0.01868567, -0.01701964, -0.00870012, ...,  0.08420826,
          0.0085963 ,  0.        ]],

       [[ 0.        , -0.19443184,  0.05205225, ...,  0.91556055,
          0.84912701,  0.75081127],
        [ 0.19443184,  0.        ,  0.24522715, ...,  0.81989139,
          0.73022559,  0.60805732],
        [-0.05205225, -0.24522715,  0.        , ...,  0.93525377,
          0.87546931,  0.78417483],
        ...,
        [-0.91556055, -0.81989139, -0.93525377, ...,  0.        ,
          0.14208672,  0.30278173],
        [-0.84912701, -0.73022559, -0.87546931, ..., -0.14208672,
          0.        ,  0.16429261],
        [-0.75081127, -0.60805732, -0.78417483, ..., -0.30278173,
         -0.16429261,  0.        ]],

       ...,

       [[ 0.        , -0.05036374, -0.29381244, ..., -0.44396304,
         -0.69899471, -0.68393096],
        [ 0.05036374,  0.        , -0.24529874, ..., -0.39827144,
         -0.66209119, -0.64632031],
        [ 0.29381244,  0.24529874,  0.        , ..., -0.16109868,
         -0.45803009, -0.43939445],
        ...,
        [ 0.44396304,  0.39827144,  0.16109868, ...,  0.        ,
         -0.30884091, -0.2889412 ],
        [ 0.69899471,  0.66209119,  0.45803009, ...,  0.30884091,
          0.        ,  0.02085193],
        [ 0.68393096,  0.64632031,  0.43939445, ...,  0.2889412 ,
         -0.02085193,  0.        ]],

       [[ 0.        , -0.05555421, -0.14059561, ...,  0.99967264,
          0.99985107,  0.99999882],
        [ 0.05555421,  0.        , -0.08537609, ...,  0.9995502 ,
          0.99926574,  0.99836903],
        [ 0.14059561,  0.08537609,  0.        , ...,  0.99334021,
          0.99234608,  0.98984966],
        ...,
        [-0.99967264, -0.9995502 , -0.99334021, ...,  0.        ,
          0.00832919,  0.02712329],
        [-0.99985107, -0.99926574, -0.99234608, ..., -0.00832919,
          0.        ,  0.01879623],
        [-0.99999882, -0.99836903, -0.98984966, ..., -0.02712329,
         -0.01879623,  0.        ]],

       [[ 0.        ,  0.53376518,  0.72734807, ...,  0.        ,
          0.05334026,  0.07032929],
        [-0.53376518,  0.        ,  0.24876298, ...,  0.53376518,
          0.57811158,  0.59191624],
        [-0.72734807, -0.24876298,  0.        , ...,  0.72734807,
          0.76291836,  0.77381183],
        ...,
        [-0.        , -0.53376518, -0.72734807, ...,  0.        ,
         -0.05334026, -0.07032929],
        [-0.05334026, -0.57811158, -0.76291836, ...,  0.05334026,
          0.        , -0.017021  ],
        [-0.07032929, -0.59191624, -0.77381183, ...,  0.07032929,
          0.017021  ,  0.        ]]]), 'num': array([ 9.92334810e-01,  3.95204653e-03,  4.23290263e-04, -2.80856099e-08,
        4.68427850e-03,  4.76452310e-03,  4.57394218e-03,  1.22822384e-01,
       -5.01528747e-05,  4.68829073e-03,  4.61707365e-03,  4.33889237e-03,
        8.99292926e-05,  4.89635627e-03,  4.33779103e-03])}
{'img': array([[[ 0.        ,  0.        , -0.16902648, ...,  0.97205374,
          0.97205374,  0.98725293],
        [ 0.        ,  0.        , -0.16902648, ...,  0.97205374,
          0.97205374,  0.98725293],
        [ 0.16902648,  0.16902648,  0.        , ...,  0.91838696,
          0.91838696,  0.94614574],
        ...,
        [-0.97205374, -0.97205374, -0.91838696, ...,  0.        ,
          0.        , -0.07705469],
        [-0.97205374, -0.97205374, -0.91838696, ...,  0.        ,
          0.        , -0.07705469],
        [-0.98725293, -0.98725293, -0.94614574, ...,  0.07705469,
          0.07705469,  0.        ]],

       [[ 0.        ,  0.00832014,  0.08698656, ...,  0.02561406,
          0.01701964,  0.08205917],
        [-0.00832014,  0.        ,  0.07869494, ...,  0.01729577,
          0.00870012,  0.07376424],
        [-0.08698656, -0.07869494,  0.        , ..., -0.06144104,
         -0.07001883, -0.00494507],
        ...,
        [-0.02561406, -0.01729577,  0.06144104, ...,  0.        ,
         -0.0085963 ,  0.05650456],
        [-0.01701964, -0.00870012,  0.07001883, ...,  0.0085963 ,
          0.        ,  0.06508504],
        [-0.08205917, -0.07376424,  0.00494507, ..., -0.05650456,
         -0.06508504,  0.        ]],

       [[ 0.        ,  0.24522715,  0.32251344, ...,  0.73022559,
          0.60805732,  0.54891548],
        [-0.24522715,  0.        ,  0.08054229, ...,  0.87546931,
          0.78417483,  0.73713464],
        [-0.32251344, -0.08054229,  0.        , ...,  0.91154905,
          0.83160691,  0.78916596],
        ...,
        [-0.73022559, -0.87546931, -0.91154905, ...,  0.        ,
          0.16429261,  0.235357  ],
        [-0.60805732, -0.78417483, -0.83160691, ..., -0.16429261,
          0.        ,  0.07248142],
        [-0.54891548, -0.73713464, -0.78916596, ..., -0.235357  ,
         -0.07248142,  0.        ]],

       ...,

       [[ 0.        , -0.24529874, -0.27584355, ..., -0.66209119,
         -0.64632031, -0.63011743],
        [ 0.24529874,  0.        , -0.03163408, ..., -0.45803009,
         -0.43939445, -0.42039135],
        [ 0.27584355,  0.03163408,  0.        , ..., -0.42968016,
         -0.41075783, -0.391478  ],
        ...,
        [ 0.66209119,  0.45803009,  0.42968016, ...,  0.        ,
          0.02085193,  0.04188904],
        [ 0.64632031,  0.43939445,  0.41075783, ..., -0.02085193,
          0.        ,  0.02104631],
        [ 0.63011743,  0.42039135,  0.391478  , ..., -0.04188904,
         -0.02104631,  0.        ]],

       [[ 0.        , -0.08537609, -0.15087183, ...,  0.99926574,
          0.99836903,  0.99813196],
        [ 0.08537609,  0.        , -0.06592215, ...,  0.99234608,
          0.98984966,  0.98927152],
        [ 0.15087183,  0.06592215,  0.        , ...,  0.98204691,
          0.97832776,  0.97748916],
        ...,
        [-0.99926574, -0.99234608, -0.98204691, ...,  0.        ,
          0.01879623,  0.02280734],
        [-0.99836903, -0.98984966, -0.97832776, ..., -0.01879623,
          0.        ,  0.00401197],
        [-0.99813196, -0.98927152, -0.97748916, ..., -0.02280734,
         -0.00401197,  0.        ]],

       [[ 0.        ,  0.56175017,  0.71612492, ...,  0.05552448,
          0.07320759,  0.06895342],
        [-0.56175017,  0.        ,  0.20036915, ...,  0.60681936,
          0.62080798,  0.61745878],
        [-0.71612492, -0.20036915,  0.        , ...,  0.75377472,
          0.76530022,  0.76254803],
        ...,
        [-0.05552448, -0.60681936, -0.75377472, ...,  0.        ,
         -0.01771916, -0.01345472],
        [-0.07320759, -0.62080798, -0.76530022, ...,  0.01771916,
          0.        ,  0.00426494],
        [-0.06895342, -0.61745878, -0.76254803, ...,  0.01345472,
         -0.00426494,  0.        ]]]), 'num': array([ 9.98889235e-01,  4.00376771e-03,  4.28829943e-04, -2.17260289e-06,
        4.71509700e-03,  4.75574439e-03,  4.63380222e-03,  4.50515324e-02,
       -3.04855410e-05,  4.76793860e-03,  4.68207100e-03,  4.41058032e-03,
        9.21655889e-05,  4.96433448e-03,  4.39980752e-03])}
{'img': array([[[ 0.        , -0.16902648, -0.16902648, ...,  0.97205374,
          0.98725293,  0.99344611],
        [ 0.16902648,  0.        ,  0.        , ...,  0.91838696,
          0.94614574,  0.95983195],
        [ 0.16902648,  0.        ,  0.        , ...,  0.91838696,
          0.94614574,  0.95983195],
        ...,
        [-0.97205374, -0.91838696, -0.91838696, ...,  0.        ,
         -0.07705469, -0.1221127 ],
        [-0.98725293, -0.94614574, -0.94614574, ...,  0.07705469,
          0.        , -0.04527161],
        [-0.99344611, -0.95983195, -0.95983195, ...,  0.1221127 ,
          0.04527161,  0.        ]],

       [[ 0.        ,  0.07869494,  0.02849081, ...,  0.00870012,
          0.07376424, -0.02561889],
        [-0.07869494,  0.        , -0.05026054, ..., -0.07001883,
         -0.00494507, -0.10420855],
        [-0.02849081,  0.05026054,  0.        , ..., -0.01979315,
          0.04532111, -0.05408995],
        ...,
        [-0.00870012,  0.07001883,  0.01979315, ...,  0.        ,
          0.06508504, -0.03431518],
        [-0.07376424,  0.00494507, -0.04532111, ..., -0.06508504,
          0.        , -0.09928913],
        [ 0.02561889,  0.10420855,  0.05408995, ...,  0.03431518,
          0.09928913,  0.        ]],

       [[ 0.        ,  0.21440801,  0.26182163, ...,  0.61220682,
          0.5527708 ,  0.49618459],
        [-0.21440801,  0.        ,  0.0488041 , ...,  0.76750137,
          0.71858901,  0.6707981 ],
        [-0.26182163, -0.0488041 ,  0.        , ...,  0.79787252,
          0.75167279,  0.70619383],
        ...,
        [-0.61220682, -0.76750137, -0.79787252, ...,  0.        ,
          0.07309776,  0.1391964 ],
        [-0.5527708 , -0.71858901, -0.75167279, ..., -0.07309776,
          0.        ,  0.06643788],
        [-0.49618459, -0.6707981 , -0.70619383, ..., -0.1391964 ,
         -0.06643788,  0.        ]],

       ...,

       [[ 0.        , -0.03163408,  0.        , ..., -0.43939445,
         -0.42039135, -0.40100764],
        [ 0.03163408,  0.        ,  0.03163408, ..., -0.41075783,
         -0.391478  , -0.37182777],
        [ 0.        , -0.03163408,  0.        , ..., -0.43939445,
         -0.42039135, -0.40100764],
        ...,
        [ 0.43939445,  0.41075783,  0.43939445, ...,  0.        ,
          0.02104631,  0.04229529],
        [ 0.42039135,  0.391478  ,  0.42039135, ..., -0.02104631,
          0.        ,  0.02125845],
        [ 0.40100764,  0.37182777,  0.40100764, ..., -0.04229529,
         -0.02125845,  0.        ]],

       [[ 0.        , -0.06592215, -0.21195596, ...,  0.98984966,
          0.98927152,  0.98799837],
        [ 0.06592215,  0.        , -0.14707057, ...,  0.97832776,
          0.97748916,  0.97566662],
        [ 0.21195596,  0.14707057,  0.        , ...,  0.93723666,
          0.93583016,  0.93281064],
        ...,
        [-0.98984966, -0.97832776, -0.93723666, ...,  0.        ,
          0.00401197,  0.01248368],
        [-0.98927152, -0.97748916, -0.93583016, ..., -0.00401197,
          0.        ,  0.00847192],
        [-0.98799837, -0.97566662, -0.93281064, ..., -0.01248368,
         -0.00847192,  0.        ]],

       [[ 0.        ,  0.51204604,  0.72876922, ...,  0.14256141,
          0.14024695,  0.        ],
        [-0.51204604,  0.        ,  0.27535382, ...,  0.62927024,
          0.6274515 ,  0.51204604],
        [-0.72876922, -0.27535382,  0.        , ...,  0.8189458 ,
          0.81760188,  0.72876922],
        ...,
        [-0.14256141, -0.62927024, -0.8189458 , ...,  0.        ,
          0.00233795,  0.14256141],
        [-0.14024695, -0.6274515 , -0.81760188, ..., -0.00233795,
          0.        ,  0.14024695],
        [-0.        , -0.51204604, -0.72876922, ..., -0.14256141,
         -0.14024695,  0.        ]]]), 'num': array([ 8.34359549e-01,  5.48174590e-01,  1.24428243e-04, -3.08002514e-06,
        3.92034190e-03,  3.95443183e-03,  3.80102715e-03,  5.68091632e-02,
       -3.40899296e-05,  3.97999928e-03,  3.92758601e-03,  3.71097292e-03,
        8.63316399e-05,  4.16409219e-03,  3.69107983e-03])}
{'img': array([[[ 0.        ,  0.        ,  0.16902648, ...,  0.94614574,
          0.95983195,  0.97481351],
        [ 0.        ,  0.        ,  0.16902648, ...,  0.94614574,
          0.95983195,  0.97481351],
        [-0.16902648, -0.16902648,  0.        , ...,  0.98725293,
          0.99344611,  0.99848397],
        ...,
        [-0.94614574, -0.94614574, -0.98725293, ...,  0.        ,
         -0.04527161, -0.10457619],
        [-0.95983195, -0.95983195, -0.99344611, ...,  0.04527161,
          0.        , -0.05944559],
        [-0.97481351, -0.97481351, -0.99848397, ...,  0.10457619,
          0.05944559,  0.        ]],

       [[ 0.        , -0.05026054,  0.17411594, ..., -0.00494507,
         -0.10420855, -0.06782458],
        [ 0.05026054,  0.        ,  0.22338871, ...,  0.04532111,
         -0.05408995, -0.01759405],
        [-0.17411594, -0.22338871,  0.        , ..., -0.17898335,
         -0.27578475, -0.24050357],
        ...,
        [ 0.00494507, -0.04532111,  0.17898335, ...,  0.        ,
         -0.09928913, -0.06289006],
        [ 0.10420855,  0.05408995,  0.27578475, ...,  0.09928913,
          0.        ,  0.03651328],
        [ 0.06782458,  0.01759405,  0.24050357, ...,  0.06289006,
         -0.03651328,  0.        ]],

       [[ 0.        ,  0.15294118,  0.24851733, ...,  0.55571547,
          0.49888765,  0.56727357],
        [-0.15294118,  0.        ,  0.09745057, ...,  0.67632874,
          0.6255674 ,  0.68655132],
        [-0.24851733, -0.09745057,  0.        , ...,  0.74489174,
          0.69861796,  0.75413808],
        ...,
        [-0.55571547, -0.67632874, -0.74489174, ...,  0.        ,
          0.06685858, -0.01396764],
        [-0.49888765, -0.6255674 , -0.69861796, ..., -0.06685858,
          0.        , -0.08078844],
        [-0.56727357, -0.68655132, -0.75413808, ...,  0.01396764,
          0.08078844,  0.        ]],

       ...,

       [[ 0.        ,  0.03163408, -0.04681176, ..., -0.391478  ,
         -0.37182777, -0.17592993],
        [-0.03163408,  0.        , -0.07838773, ..., -0.42039135,
         -0.40100764, -0.20698255],
        [ 0.04681176,  0.07838773,  0.        , ..., -0.34797324,
         -0.32796471, -0.12965544],
        ...,
        [ 0.391478  ,  0.42039135,  0.34797324, ...,  0.        ,
          0.02125845,  0.22348348],
        [ 0.37182777,  0.40100764,  0.32796471, ..., -0.02125845,
          0.        ,  0.20271219],
        [ 0.17592993,  0.20698255,  0.12965544, ..., -0.22348348,
         -0.20271219,  0.        ]],

       [[ 0.        , -0.14707057, -0.50492713, ...,  0.97748916,
          0.97566662,  0.97530501],
        [ 0.14707057,  0.        , -0.37249084, ...,  0.93583016,
          0.93281064,  0.9322172 ],
        [ 0.50492713,  0.37249084,  0.        , ...,  0.73719909,
          0.73144836,  0.73032684],
        ...,
        [-0.97748916, -0.93583016, -0.73719909, ...,  0.        ,
          0.00847192,  0.01011511],
        [-0.97566662, -0.93281064, -0.73144836, ..., -0.00847192,
          0.        ,  0.00164327],
        [-0.97530501, -0.9322172 , -0.73032684, ..., -0.01011511,
         -0.00164327,  0.        ]],

       [[ 0.        ,  0.58250463,  0.77573503, ...,  0.16200212,
          0.07192621,  0.        ],
        [-0.58250463,  0.        ,  0.26294401, ...,  0.70648975,
          0.63945952,  0.58250463],
        [-0.77573503, -0.26294401,  0.        , ...,  0.86772074,
          0.81911551,  0.77573503],
        ...,
        [-0.16200212, -0.70648975, -0.86772074, ...,  0.        ,
          0.09060643,  0.16200212],
        [-0.07192621, -0.63945952, -0.81911551, ..., -0.09060643,
          0.        ,  0.07192621],
        [-0.        , -0.58250463, -0.77573503, ..., -0.16200212,
         -0.07192621,  0.        ]]]), 'num': array([ 7.29783260e-01,  6.81950926e-01,  2.08874821e-05, -3.19787350e-06,
        3.41659528e-03,  3.43151491e-03,  3.34945694e-03,  4.76085395e-02,
       -1.49196300e-05,  3.46284613e-03,  3.43449884e-03,  3.25857153e-03,
        7.65612594e-05,  3.64060584e-03,  3.22839183e-03])}
{'img': array([[[ 0.        ,  0.16902648,  0.582334  , ...,  0.95983195,
          0.97481351,  0.98095313],
        [-0.16902648,  0.        ,  0.43654508, ...,  0.99344611,
          0.99848397,  0.99967117],
        [-0.582334  , -0.43654508,  0.        , ...,  0.94368371,
          0.92234734,  0.91058073],
        ...,
        [-0.95983195, -0.99344611, -0.94368371, ...,  0.        ,
         -0.05944559, -0.08878928],
        [-0.97481351, -0.99848397, -0.92234734, ...,  0.05944559,
          0.        , -0.02942145],
        [-0.98095313, -0.99967117, -0.91058073, ...,  0.08878928,
          0.02942145,  0.        ]],

       [[ 0.        ,  0.22338871,  0.0894995 , ..., -0.05408995,
         -0.01759405, -0.0216394 ],
        [-0.22338871,  0.        , -0.13525442, ..., -0.27578475,
         -0.24050357, -0.24442896],
        [-0.0894995 ,  0.13525442,  0.        , ..., -0.14324136,
         -0.10700909, -0.11103111],
        ...,
        [ 0.05408995,  0.27578475,  0.14324136, ...,  0.        ,
          0.03651328,  0.03246956],
        [ 0.01759405,  0.24050357,  0.10700909, ..., -0.03651328,
          0.        , -0.00404612],
        [ 0.0216394 ,  0.24442896,  0.11103111, ..., -0.03246956,
          0.00404612,  0.        ]],

       [[ 0.        ,  0.19763274,  0.36003485, ...,  0.50025572,
          0.5687865 ,  0.64133811],
        [-0.19763274,  0.        ,  0.1685543 , ...,  0.66151453,
          0.72011784,  0.78032382],
        [-0.36003485, -0.1685543 ,  0.        , ...,  0.77845415,
          0.82676636,  0.874569  ],
        ...,
        [-0.50025572, -0.66151453, -0.77845415, ...,  0.        ,
         -0.08104662, -0.17149498],
        [-0.5687865 , -0.72011784, -0.82676636, ...,  0.08104662,
          0.        , -0.0910849 ],
        [-0.64133811, -0.78032382, -0.874569  , ...,  0.17149498,
          0.0910849 ,  0.        ]],

       ...,

       [[ 0.        , -0.07838773,  0.61416971, ..., -0.40100764,
         -0.20698255, -0.18294233],
        [ 0.07838773,  0.        ,  0.67414143, ..., -0.32796471,
         -0.12965544, -0.10531458],
        [-0.61416971, -0.67414143,  0.        , ..., -0.87909013,
         -0.76421488, -0.74817809],
        ...,
        [ 0.40100764,  0.32796471,  0.87909013, ...,  0.        ,
          0.20271219,  0.22665125],
        [ 0.20698255,  0.12965544,  0.76421488, ..., -0.20271219,
          0.        ,  0.02450879],
        [ 0.18294233,  0.10531458,  0.74817809, ..., -0.22665125,
         -0.02450879,  0.        ]],

       [[ 0.        , -0.37249084, -0.22223618, ...,  0.93281064,
          0.9322172 ,  0.93671126],
        [ 0.37249084,  0.        ,  0.15693276, ...,  0.73144836,
          0.73032684,  0.73889153],
        [ 0.22223618, -0.15693276,  0.        , ...,  0.82939715,
          0.828478  ,  0.83548126],
        ...,
        [-0.93281064, -0.73144836, -0.82939715, ...,  0.        ,
          0.00164327, -0.01098005],
        [-0.9322172 , -0.73032684, -0.828478  , ..., -0.00164327,
          0.        , -0.0126232 ],
        [-0.93671126, -0.73889153, -0.83548126, ...,  0.01098005,
          0.0126232 ,  0.        ]],

       [[ 0.        ,  0.60071405,  0.68765168, ...,  0.07554312,
          0.        ,  0.1217975 ],
        [-0.60071405,  0.        ,  0.11360985, ...,  0.65939154,
          0.60071405,  0.69361443],
        [-0.68765168, -0.11360985,  0.        , ...,  0.74053412,
          0.68765168,  0.77096204],
        ...,
        [-0.07554312, -0.65939154, -0.74053412, ...,  0.        ,
          0.07554312, -0.04646878],
        [-0.        , -0.60071405, -0.68765168, ..., -0.07554312,
          0.        , -0.1217975 ],
        [-0.1217975 , -0.69361443, -0.77096204, ...,  0.04646878,
          0.1217975 ,  0.        ]]]), 'num': array([ 7.16430217e-01,  6.96176437e-01,  8.78688911e-06, -3.18846916e-06,
        3.37562990e-03,  3.47814361e-03,  3.34634027e-03,  4.44484786e-02,
        2.19672228e-05,  3.38295231e-03,  3.36318181e-03,  3.20904513e-03,
        9.18033191e-05,  3.55078984e-03,  3.17557378e-03])}
{'img': array([[[ 0.        ,  0.56354267,  0.87821782, ...,  0.97608454,
          0.98209127,  0.97274343],
        [-0.56354267,  0.        ,  0.45596388, ...,  0.92883998,
          0.91746749,  0.93424722],
        [-0.87821782, -0.45596388,  0.        , ...,  0.65773996,
          0.63515715,  0.66886983],
        ...,
        [-0.97608454, -0.92883998, -0.65773996, ...,  0.        ,
         -0.02959812,  0.01487248],
        [-0.98209127, -0.91746749, -0.63515715, ...,  0.02959812,
          0.        ,  0.04446081],
        [-0.97274343, -0.93424722, -0.66886983, ..., -0.01487248,
         -0.04446081,  0.        ]],

       [[ 0.        , -0.13525442,  0.53105055, ..., -0.24050357,
         -0.24442896, -0.24888945],
        [ 0.13525442,  0.        ,  0.64077717, ..., -0.10700909,
         -0.11103111, -0.11560416],
        [-0.53105055, -0.64077717,  0.        , ..., -0.71925161,
         -0.72205677, -0.72523342],
        ...,
        [ 0.24050357,  0.10700909,  0.71925161, ...,  0.        ,
         -0.00404612, -0.00864873],
        [ 0.24442896,  0.11103111,  0.72205677, ...,  0.00404612,
          0.        , -0.00460269],
        [ 0.24888945,  0.11560416,  0.72523342, ...,  0.00864873,
          0.00460269,  0.        ]],

       [[ 0.        ,  0.30550262,  0.58813202, ...,  0.57133474,
          0.64410126,  0.69281482],
        [-0.30550262,  0.        ,  0.31293434, ...,  0.79475117,
          0.84699882,  0.87999489],
        [-0.58813202, -0.31293434,  0.        , ...,  0.94476553,
          0.97081236,  0.98443548],
        ...,
        [-0.57133474, -0.79475117, -0.94476553, ...,  0.        ,
         -0.091588  , -0.15660663],
        [-0.64410126, -0.84699882, -0.97081236, ...,  0.091588  ,
          0.        , -0.06549051],
        [-0.69281482, -0.87999489, -0.98443548, ...,  0.15660663,
          0.06549051,  0.        ]],

       ...,

       [[ 0.        ,  0.67414143,  0.86546756, ..., -0.12965544,
         -0.10531458,  0.29279511],
        [-0.67414143,  0.        ,  0.30151507, ..., -0.76421488,
         -0.74817809, -0.42833818],
        [-0.86546756, -0.30151507,  0.        , ..., -0.92311508,
         -0.91341357, -0.68085852],
        ...,
        [ 0.12965544,  0.76421488,  0.92311508, ...,  0.        ,
          0.02450879,  0.41429698],
        [ 0.10531458,  0.74817809,  0.91341357, ..., -0.02450879,
          0.        ,  0.39186605],
        [-0.29279511,  0.42833818,  0.68085852, ..., -0.41429698,
         -0.39186605,  0.        ]],

       [[ 0.        ,  0.15693276,  0.56213283, ...,  0.73032684,
          0.73889153,  0.78188073],
        [-0.15693276,  0.        ,  0.42537684, ...,  0.828478  ,
          0.83548126,  0.87002895],
        [-0.56213283, -0.42537684,  0.        , ...,  0.98800634,
          0.98987681,  0.99710145],
        ...,
        [-0.73032684, -0.828478  , -0.98800634, ...,  0.        ,
         -0.0126232 , -0.07879484],
        [-0.73889153, -0.83548126, -0.98987681, ...,  0.0126232 ,
          0.        , -0.0662046 ],
        [-0.78188073, -0.87002895, -0.99710145, ...,  0.07879484,
          0.0662046 ,  0.        ]],

       [[ 0.        ,  0.1996412 , -0.10407301, ...,  0.45605788,
          0.4934795 ,  0.3002503 ],
        [-0.1996412 ,  0.        , -0.300535  , ...,  0.62454772,
          0.65718472,  0.48463583],
        [ 0.10407301,  0.300535  ,  0.        , ...,  0.36096155,
          0.40028147,  0.19934871],
        ...,
        [-0.45605788, -0.62454772, -0.36096155, ...,  0.        ,
         -0.04251241,  0.16780779],
        [-0.4934795 , -0.65718472, -0.40028147, ...,  0.04251241,
          0.        ,  0.20956565],
        [-0.3002503 , -0.48463583, -0.19934871, ..., -0.16780779,
         -0.20956565,  0.        ]]]), 'num': array([ 7.98618160e-01,  5.98855115e-01,  8.64775085e-05, -3.52795602e-06,
        3.76911405e-03,  3.80174707e-03,  3.68753150e-03,  5.89091315e-02,
        8.15825552e-06,  3.76095580e-03,  3.73892851e-03,  3.58704898e-03,
        1.07939996e-04,  3.93040261e-03,  3.54745441e-03])}
{'img': array([[[ 0.        ,  0.60052846,  0.35715241, ...,  0.98489592,
          0.99195408,  0.99382816],
        [-0.60052846,  0.        , -0.27534101, ...,  0.68354616,
          0.71714399,  0.72805141],
        [-0.35715241,  0.27534101,  0.        , ...,  0.8580982 ,
          0.88131599,  0.88866223],
        ...,
        [-0.98489592, -0.68354616, -0.8580982 , ...,  0.        ,
          0.04706819,  0.06282373],
        [-0.99195408, -0.71714399, -0.88131599, ..., -0.04706819,
          0.        ,  0.0157789 ],
        [-0.99382816, -0.72805141, -0.88866223, ..., -0.06282373,
         -0.0157789 ,  0.        ]],

       [[ 0.        ,  0.64077717,  0.05550155, ..., -0.11103111,
         -0.11560416, -0.09948399],
        [-0.64077717,  0.        , -0.59717944, ..., -0.72205677,
         -0.72523342, -0.71397492],
        [-0.05550155,  0.59717944,  0.        , ..., -0.16601835,
         -0.17055541, -0.15455687],
        ...,
        [ 0.11103111,  0.72205677,  0.16601835, ...,  0.        ,
         -0.00460269,  0.01161142],
        [ 0.11560416,  0.72523342,  0.17055541, ...,  0.00460269,
          0.        ,  0.01621368],
        [ 0.09948399,  0.71397492,  0.15455687, ..., -0.01161142,
         -0.01621368,  0.        ]],

       [[ 0.        ,  0.52181083,  0.65560728, ...,  0.65087645,
          0.69985421,  0.72009301],
        [-0.52181083,  0.        ,  0.16525272, ...,  0.95138773,
          0.96974052,  0.97635625],
        [-0.65560728, -0.16525272,  0.        , ...,  0.98920448,
          0.99675226,  0.99865488],
        ...,
        [-0.65087645, -0.95138773, -0.98920448, ...,  0.        ,
         -0.06640614, -0.0950543 ],
        [-0.69985421, -0.96974052, -0.99675226, ...,  0.06640614,
          0.        , -0.02873902],
        [-0.72009301, -0.97635625, -0.99865488, ...,  0.0950543 ,
          0.02873902,  0.        ]],

       ...,

       [[ 0.        ,  0.30151507, -0.31034401, ..., -0.74817809,
         -0.42833818, -0.31414043],
        [-0.30151507,  0.        , -0.58252859, ..., -0.91341357,
         -0.68085852, -0.5857721 ],
        [ 0.31034401,  0.58252859,  0.        , ..., -0.50532367,
         -0.12675611, -0.00399621],
        ...,
        [ 0.74817809,  0.91341357,  0.50532367, ...,  0.        ,
          0.39186605,  0.50187119],
        [ 0.42833818,  0.68085852,  0.12675611, ..., -0.39186605,
          0.        ,  0.12279112],
        [ 0.31414043,  0.5857721 ,  0.00399621, ..., -0.50187119,
         -0.12279112,  0.        ]],

       [[ 0.        ,  0.54499894,  0.63261697, ...,  0.74074073,
          0.78374678,  0.82187713],
        [-0.54499894,  0.        ,  0.1083268 , ...,  0.98718963,
          0.9956103 ,  0.99955869],
        [-0.63261697, -0.1083268 ,  0.        , ...,  0.99866404,
          0.99989038,  0.99689455],
        ...,
        [-0.74074073, -0.98718963, -0.99866404, ...,  0.        ,
         -0.06645442, -0.13015576],
        [-0.78374678, -0.9956103 , -0.99989038, ...,  0.06645442,
          0.        , -0.06397892],
        [-0.82187713, -0.99955869, -0.99689455, ...,  0.13015576,
          0.06397892,  0.        ]],

       [[ 0.        , -0.29843811, -0.48148347, ...,  0.73033887,
          0.67320617,  0.48148347],
        [ 0.29843811,  0.        , -0.19797416, ...,  0.493198  ,
          0.42184598,  0.19797416],
        [ 0.48148347,  0.19797416,  0.        , ...,  0.31121514,
          0.23399975,  0.        ],
        ...,
        [-0.73033887, -0.493198  , -0.31121514, ...,  0.        ,
          0.08019557,  0.31121514],
        [-0.67320617, -0.42184598, -0.23399975, ..., -0.08019557,
          0.        ,  0.23399975],
        [-0.48148347, -0.19797416, -0.        , ..., -0.31121514,
