state_0,state_1,state_2,state_3,state_4,state_5,state_6,state_7,state_8,state_9,state_10,state_11,state_12,state_13,state_14,state_15,state_16,state_17,state_18,state_19,state_20,state_21,state_22,state_23,state_24,state_25,state_26,state_27,state_28,state_29,state_30,state_31,state_32,state_33,state_34,state_35,state_36,state_37,state_38,state_39,state_40,state_41,state_42,state_43,state_44,state_45,state_46,state_47,state_48,state_49,state_50,state_51,state_52,state_53,state_54,state_55,state_56,state_57,state_58,state_59,state_60,state_61,state_62,state_63,state_64,state_65,state_66,state_67,state_68,state_69,state_70,state_71,state_72,state_73,state_74,state_75,state_76,state_77,state_78,state_79,state_80,state_81,state_82,state_83,state_84,state_85,state_86,state_87,state_88,state_89,state_90,state_91,state_92,state_93,state_94,state_95,state_96,state_97,state_98,state_99,state_100,state_101,state_102,state_103,state_104,state_105,state_106,state_107,state_108,state_109,state_110,state_111,state_112,state_113,state_114,state_115,state_116,state_117,state_118,state_119,state_120,state_121,state_122,state_123,state_124,state_125,state_126,state_127,state_128,state_129,state_130,state_131,state_132,state_133,state_134,state_135,state_136,state_137,state_138,state_139,state_140,state_141,state_142,state_143,state_144,state_145,state_146,state_147,state_148,state_149,state_150,state_151,state_152,state_153,state_154,state_155,state_156,state_157,state_158,state_159,state_160,state_161,state_162,state_163,state_164,state_165,state_166,state_167,state_168,state_169,state_170,state_171,state_172,state_173,state_174,state_175,state_176,state_177,state_178,state_179,state_180,state_181,state_182,state_183,state_184,state_185,state_186,state_187,state_188,state_189,state_190,state_191,state_192,state_193,state_194,state_195,state_196,state_197,state_198,state_199,state_200,state_201,state_202,state_203,state_204,state_205,state_206,state_207,state_208,state_209,state_210,state_211,state_212,state_213,state_214,state_215,state_216,state_217,state_218,state_219,state_220,state_221,state_222,state_223,state_224,state_225,state_226,state_227,state_228,state_229,state_230,state_231,state_232,state_233,state_234,state_235,state_236,state_237,state_238,state_239,state_240,state_241,state_242,state_243,state_244,state_245,state_246,state_247,state_248,state_249,state_250,state_251,state_252,state_253,state_254,state_255,state_256,state_257,state_258,state_259,state_260,state_261,state_262,state_263,state_264,state_265,state_266,state_267,state_268,state_269,state_270,state_271,state_272,state_273,state_274,state_275,state_276,state_277,state_278,state_279,state_280,state_281,state_282,state_283,state_284,state_285,state_286,state_287
{'img': array([[[ 0.        , -0.23735953, -0.0854182 , ..., -0.75388917,
         -0.99788526, -0.94591304],
        [ 0.23735953,  0.        ,  0.15351492, ..., -0.57639884,
         -0.9539392 , -0.84187637],
        [ 0.0854182 , -0.15351492,  0.        , ..., -0.69501395,
         -0.988686  , -0.9147445 ],
        ...,
        [ 0.75388917,  0.57639884,  0.69501395, ...,  0.        ,
         -0.60660943, -0.37688944],
        [ 0.99788526,  0.9539392 ,  0.988686  , ...,  0.60660943,
          0.        ,  0.26224988],
        [ 0.94591304,  0.84187637,  0.9147445 , ...,  0.37688944,
         -0.26224988,  0.        ]],

       [[ 0.        ,  0.57293335,  0.27425026, ...,  0.2969493 ,
          0.32905446,  0.50615944],
        [-0.57293335,  0.        , -0.3261901 , ..., -0.30370996,
         -0.27133355, -0.07927132],
        [-0.27425026,  0.3261901 ,  0.        , ...,  0.02368406,
          0.05746046,  0.25022809],
        ...,
        [-0.2969493 ,  0.30370996, -0.02368406, ...,  0.        ,
          0.03379941,  0.2272273 ],
        [-0.32905446,  0.27133355, -0.05746046, ..., -0.03379941,
          0.        ,  0.1941822 ],
        [-0.50615944,  0.07927132, -0.25022809, ..., -0.2272273 ,
         -0.1941822 ,  0.        ]],

       [[ 0.        ,  0.        , -0.02568559, ..., -0.70809036,
         -0.86721804, -0.99451523],
        [ 0.        ,  0.        , -0.02568559, ..., -0.70809036,
         -0.86721804, -0.99451523],
        [ 0.02568559,  0.02568559,  0.        , ..., -0.68971958,
         -0.85414233, -0.99150061],
        ...,
        [ 0.70809036,  0.70809036,  0.68971958, ...,  0.        ,
         -0.25978317, -0.62818845],
        [ 0.86721804,  0.86721804,  0.85414233, ...,  0.25978317,
          0.        , -0.40449363],
        [ 0.99451523,  0.99451523,  0.99150061, ...,  0.62818845,
          0.40449363,  0.        ]],

       ...,

       [[ 0.        , -0.47123489, -0.28943925, ..., -0.99903991,
         -0.8996477 , -0.98208985],
        [ 0.47123489,  0.        ,  0.19577668, ..., -0.90180541,
         -0.9992452 , -0.95499773],
        [ 0.28943925, -0.19577668,  0.        , ..., -0.96895752,
         -0.98751349, -0.99458703],
        ...,
        [ 0.99903991,  0.90180541,  0.96895752, ...,  0.        ,
         -0.39678444, -0.14520765],
        [ 0.8996477 ,  0.9992452 ,  0.98751349, ...,  0.39678444,
          0.        ,  0.25929119],
        [ 0.98208985,  0.95499773,  0.99458703, ...,  0.14520765,
         -0.25929119,  0.        ]],

       [[ 0.        ,  0.016063  ,  0.0220526 , ..., -0.13231482,
         -0.02006973,  0.04662816],
        [-0.016063  ,  0.        ,  0.00599066, ..., -0.14821952,
         -0.03612691,  0.03057661],
        [-0.0220526 , -0.00599066,  0.        , ..., -0.15414135,
         -0.04211301,  0.0245882 ],
        ...,
        [ 0.13231482,  0.14821952,  0.15414135, ...,  0.        ,
          0.11239489,  0.17838909],
        [ 0.02006973,  0.03612691,  0.04211301, ..., -0.11239489,
          0.        ,  0.06666667],
        [-0.04662816, -0.03057661, -0.0245882 , ..., -0.17838909,
         -0.06666667,  0.        ]],

       [[ 0.        ,  0.50302006,  0.74548257, ...,  0.99959525,
          0.96184869,  0.89103153],
        [-0.50302006,  0.        ,  0.30902624, ...,  0.84961456,
          0.6936843 ,  0.5417544 ],
        [-0.74548257, -0.30902624,  0.        , ...,  0.6450472 ,
          0.43714572,  0.25548948],
        ...,
        [-0.99959525, -0.84961456, -0.6450472 , ...,  0.        ,
         -0.24610772, -0.42840883],
        [-0.96184869, -0.6936843 , -0.43714572, ...,  0.24610772,
          0.        , -0.19285279],
        [-0.89103153, -0.5417544 , -0.25548948, ...,  0.42840883,
          0.19285279,  0.        ]]]), 'num': array([ 7.07106518e-01,  7.07106518e-01,  0.00000000e+00,  0.00000000e+00,
        2.15979252e-04,  2.20755206e-04,  2.12662617e-04,  5.79522215e-04,
       -1.85731543e-06,  2.20251077e-04,  2.31753166e-04,  2.38576590e-04,
        9.96301333e-08,  2.49050800e-04,  2.14455533e-04])}
{'img': array([[[ 0.        ,  0.15017569,  0.48099789, ..., -0.85544556,
         -0.79339362, -0.96068482],
        [-0.15017569,  0.        ,  0.34388075, ..., -0.92351913,
         -0.87580929, -0.99148498],
        [-0.48099789, -0.34388075,  0.        , ..., -0.99909305,
         -0.98837316, -0.97579815],
        ...,
        [ 0.85544556,  0.92351913,  0.99909305, ...,  0.        ,
          0.10982455, -0.2600247 ],
        [ 0.79339362,  0.87580929,  0.98837316, ..., -0.10982455,
          0.        , -0.36449861],
        [ 0.96068482,  0.99148498,  0.97579815, ...,  0.2600247 ,
          0.36449861,  0.        ]],

       [[ 0.        , -0.3261901 ,  0.03121384, ..., -0.27133355,
         -0.07927132, -0.33770123],
        [ 0.3261901 ,  0.        ,  0.35553773, ...,  0.05746046,
          0.25022809, -0.01220287],
        [-0.03121384, -0.35553773,  0.        , ..., -0.3012442 ,
         -0.11034831, -0.36691681],
        ...,
        [ 0.27133355, -0.05746046,  0.3012442 , ...,  0.        ,
          0.1941822 , -0.06963888],
        [ 0.07927132, -0.25022809,  0.11034831, ..., -0.1941822 ,
          0.        , -0.26202411],
        [ 0.33770123,  0.01220287,  0.36691681, ...,  0.06963888,
          0.26202411,  0.        ]],

       [[ 0.        , -0.02428709,  0.04000965, ..., -0.78989361,
         -0.87789311, -0.99876434],
        [ 0.02428709,  0.        ,  0.06426549, ..., -0.7747667 ,
         -0.86600412, -0.99726274],
        [-0.04000965, -0.06426549,  0.        , ..., -0.81379681,
         -0.89634906, -0.99995298],
        ...,
        [ 0.78989361,  0.7747667 ,  0.81379681, ...,  0.        ,
         -0.16011679, -0.57323082],
        [ 0.87789311,  0.86600412,  0.89634906, ...,  0.16011679,
          0.        , -0.43463631],
        [ 0.99876434,  0.99726274,  0.99995298, ...,  0.57323082,
          0.43463631,  0.        ]],

       ...,

       [[ 0.        ,  0.1768889 ,  0.37831879, ..., -0.9369093 ,
         -0.8676402 , -0.81721545],
        [-0.1768889 ,  0.        ,  0.20861132, ..., -0.98397051,
         -0.94190608, -0.70238186],
        [-0.37831879, -0.20861132,  0.        , ..., -0.99952373,
         -0.99125047, -0.53843889],
        ...,
        [ 0.9369093 ,  0.98397051,  0.99952373, ...,  0.        ,
          0.16252117, -0.82564717],
        [ 0.8676402 ,  0.94190608,  0.99125047, ..., -0.16252117,
          0.        , -0.90636254],
        [ 0.81721545,  0.70238186,  0.53843889, ...,  0.82564717,
          0.90636254,  0.        ]],

       [[ 0.        ,  0.00599066,  0.11888298, ..., -0.03612691,
          0.03057661,  0.05693009],
        [-0.00599066,  0.        ,  0.11293267, ..., -0.04211301,
          0.0245882 ,  0.05094812],
        [-0.11888298, -0.11293267,  0.        , ..., -0.15467609,
         -0.08846763, -0.06216382],
        ...,
        [ 0.03612691,  0.04211301,  0.15467609, ...,  0.        ,
          0.06666667,  0.09296124],
        [-0.03057661, -0.0245882 ,  0.08846763, ..., -0.06666667,
          0.        ,  0.02637645],
        [-0.05693009, -0.05094812,  0.06216382, ..., -0.09296124,
         -0.02637645,  0.        ]],

       [[ 0.        ,  0.61586261,  0.78478903, ...,  0.93049567,
          0.82863243,  0.6353804 ],
        [-0.61586261,  0.        ,  0.23660998, ...,  0.50750209,
          0.30808539,  0.02501805],
        [-0.78478903, -0.23660998,  0.        , ...,  0.28921631,
          0.07423625, -0.21222827],
        ...,
        [-0.93049567, -0.50750209, -0.28921631, ...,  0.        ,
         -0.21735459, -0.48578642],
        [-0.82863243, -0.30808539, -0.07423625, ...,  0.21735459,
          0.        , -0.28418782],
        [-0.6353804 , -0.02501805,  0.21222827, ...,  0.48578642,
          0.28418782,  0.        ]]]), 'num': array([ 8.87945181e-01,  4.59947640e-01,  2.59392450e-05, -1.12488874e-10,
        2.73131807e-04,  2.78759978e-04,  2.68662378e-04,  9.40384535e-04,
        3.64175743e-06,  2.72502776e-04,  2.88865855e-04,  2.97341217e-04,
        2.69321888e-07,  3.11165124e-04,  2.66566585e-04])}
{'img': array([[[ 0.        ,  0.34388075,  0.64772505, ..., -0.87580929,
         -0.99148498, -0.82540508],
        [-0.34388075,  0.        ,  0.3462286 , ..., -0.98837316,
         -0.97579815, -0.96920113],
        [-0.64772505, -0.3462286 ,  0.        , ..., -0.97988572,
         -0.83973428, -0.99452211],
        ...,
        [ 0.87580929,  0.98837316,  0.97988572, ...,  0.        ,
         -0.36449861,  0.09604238],
        [ 0.99148498,  0.97579815,  0.83973428, ...,  0.36449861,
          0.        ,  0.45224866],
        [ 0.82540508,  0.96920113,  0.99452211, ..., -0.09604238,
         -0.45224866,  0.        ]],

       [[ 0.        ,  0.35553773,  0.78258913, ...,  0.25022809,
         -0.01220287,  0.10952769],
        [-0.35553773,  0.        ,  0.51012033, ..., -0.11034831,
         -0.36691681, -0.25102736],
        [-0.78258913, -0.51012033,  0.        , ..., -0.60191592,
         -0.79012762, -0.70969567],
        ...,
        [-0.25022809,  0.11034831,  0.60191592, ...,  0.        ,
         -0.26202411, -0.14267938],
        [ 0.01220287,  0.36691681,  0.79012762, ...,  0.26202411,
          0.        ,  0.12164898],
        [-0.10952769,  0.25102736,  0.70969567, ...,  0.14267938,
         -0.12164898,  0.        ]],

       [[ 0.        ,  0.06159865,  0.17982194, ..., -0.80571736,
         -0.90623751, -0.99954289],
        [-0.06159865,  0.        ,  0.11888591, ..., -0.8406722 ,
         -0.93055856, -0.99950704],
        [-0.17982194, -0.11888591,  0.        , ..., -0.89909208,
         -0.96748823, -0.988686  ],
        ...,
        [ 0.80571736,  0.8406722 ,  0.89909208, ...,  0.        ,
         -0.19613239, -0.56767056],
        [ 0.90623751,  0.93055856,  0.96748823, ...,  0.19613239,
          0.        , -0.3951778 ],
        [ 0.99954289,  0.99950704,  0.988686  , ...,  0.56767056,
          0.3951778 ,  0.        ]],

       ...,

       [[ 0.        ,  0.20861132,  0.17854584, ..., -0.94190608,
         -0.70238186, -0.99743642],
        [-0.20861132,  0.        , -0.03064168, ..., -0.99125047,
         -0.53843889, -0.96056359],
        [-0.17854584,  0.03064168,  0.        , ..., -0.98674048,
         -0.56400671, -0.96863278],
        ...,
        [ 0.94190608,  0.99125047,  0.98674048, ...,  0.        ,
         -0.90636254, -0.40241649],
        [ 0.70238186,  0.53843889,  0.56400671, ...,  0.90636254,
          0.        ,  0.65971436],
        [ 0.99743642,  0.96056359,  0.96863278, ...,  0.40241649,
         -0.65971436,  0.        ]],

       [[ 0.        ,  0.11293267,  0.37500547, ...,  0.0245882 ,
          0.05094812,  0.0760221 ],
        [-0.11293267,  0.        ,  0.26791528, ..., -0.08846763,
         -0.06216382, -0.03707011],
        [-0.37500547, -0.26791528,  0.        , ..., -0.35209827,
         -0.32728838, -0.30344605],
        ...,
        [-0.0245882 ,  0.08846763,  0.35209827, ...,  0.        ,
          0.02637645,  0.05148206],
        [-0.05094812,  0.06216382,  0.32728838, ..., -0.02637645,
          0.        ,  0.02512268],
        [-0.0760221 ,  0.03707011,  0.30344605, ..., -0.05148206,
         -0.02512268,  0.        ]],

       [[ 0.        ,  0.35778254,  0.35020414, ...,  0.4447258 ,
          0.04744341, -0.33602337],
        [-0.35778254,  0.        , -0.00810304, ...,  0.09483322,
         -0.31307676, -0.65075907],
        [-0.35020414,  0.00810304,  0.        , ...,  0.10289662,
         -0.3053708 , -0.6445852 ],
        ...,
        [-0.4447258 , -0.09483322, -0.10289662, ...,  0.        ,
         -0.40173152, -0.71983159],
        [-0.04744341,  0.31307676,  0.3053708 , ...,  0.40173152,
          0.        , -0.38032974],
        [ 0.33602337,  0.65075907,  0.6445852 , ...,  0.71983159,
          0.38032974,  0.        ]]]), 'num': array([ 7.73504704e-01,  6.33790066e-01,  8.59253614e-06,  8.54249023e-09,
        2.35209828e-04,  2.41719325e-04,  2.33329306e-04,  3.78809333e-04,
       -3.47173178e-06,  2.36685314e-04,  2.51273820e-04,  2.59405870e-04,
        2.17248173e-07,  2.71929788e-04,  2.30617852e-04])}
{'img': array([[[ 0.00000000e+00,  3.45052236e-01,  6.33446126e-01, ...,
         -9.96440368e-01, -9.65099311e-01, -9.74934085e-01],
        [-3.45052236e-01,  0.00000000e+00,  3.27545207e-01, ...,
         -9.06154357e-01, -9.96189992e-01, -8.38285016e-01],
        [-6.33446126e-01, -3.27545207e-01,  0.00000000e+00, ...,
         -7.17632505e-01, -9.12670618e-01, -6.13453231e-01],
        ...,
        [ 9.96440368e-01,  9.06154357e-01,  7.17632505e-01, ...,
          0.00000000e+00,  3.42310420e-01, -1.39514353e-01],
        [ 9.65099311e-01,  9.96189992e-01,  9.12670618e-01, ...,
         -3.42310420e-01,  0.00000000e+00, -4.70048502e-01],
        [ 9.74934085e-01,  8.38285016e-01,  6.13453231e-01, ...,
          1.39514353e-01,  4.70048502e-01,  0.00000000e+00]],

       [[ 0.00000000e+00,  5.10120327e-01,  5.85809003e-01, ...,
         -3.66916808e-01, -2.51027361e-01, -6.71631379e-01],
        [-5.10120327e-01,  0.00000000e+00,  9.04295274e-02, ...,
         -7.90127617e-01, -7.09695668e-01, -9.55612938e-01],
        [-5.85809003e-01, -9.04295274e-02,  0.00000000e+00, ...,
         -8.42318440e-01, -7.70496303e-01, -9.78340458e-01],
        ...,
        [ 3.66916808e-01,  7.90127617e-01,  8.42318440e-01, ...,
          0.00000000e+00,  1.21648983e-01, -3.52944281e-01],
        [ 2.51027361e-01,  7.09695668e-01,  7.70496303e-01, ...,
         -1.21648983e-01,  0.00000000e+00, -4.64143211e-01],
        [ 6.71631379e-01,  9.55612938e-01,  9.78340458e-01, ...,
          3.52944281e-01,  4.64143211e-01,  0.00000000e+00]],

       [[ 0.00000000e+00,  1.15850018e-01,  3.10791341e-01, ...,
         -8.92456000e-01, -9.61342749e-01, -9.98272311e-01],
        [-1.15850018e-01,  0.00000000e+00,  1.98585783e-01, ...,
         -9.38710776e-01, -9.86769585e-01, -9.84743656e-01],
        [-3.10791341e-01, -1.98585783e-01,  0.00000000e+00, ...,
         -9.88468621e-01, -9.99313097e-01, -9.30574849e-01],
        ...,
        [ 8.92456000e-01,  9.38710776e-01,  9.88468621e-01, ...,
          0.00000000e+00, -1.87953023e-01, -5.02793118e-01],
        [ 9.61342749e-01,  9.86769585e-01,  9.99313097e-01, ...,
          1.87953023e-01,  0.00000000e+00, -3.31364481e-01],
        [ 9.98272311e-01,  9.84743656e-01,  9.30574849e-01, ...,
          5.02793118e-01,  3.31364481e-01,  0.00000000e+00]],

       ...,

       [[ 0.00000000e+00, -3.06416752e-02,  3.69711721e-01, ...,
         -5.38438886e-01, -9.60563589e-01, -9.43626696e-01],
        [ 3.06416752e-02,  0.00000000e+00,  3.98008723e-01, ...,
         -5.64006707e-01, -9.68632778e-01, -9.53326350e-01],
        [-3.69711721e-01, -3.98008723e-01,  0.00000000e+00, ...,
         -1.88745648e-01, -7.89702118e-01, -7.54388598e-01],
        ...,
        [ 5.38438886e-01,  5.64006707e-01,  1.88745648e-01, ...,
          0.00000000e+00,  6.59714361e-01,  6.16931277e-01],
        [ 9.60563589e-01,  9.68632778e-01,  7.89702118e-01, ...,
         -6.59714361e-01,  0.00000000e+00, -5.55724367e-02],
        [ 9.43626696e-01,  9.53326350e-01,  7.54388598e-01, ...,
         -6.16931277e-01,  5.55724367e-02,  0.00000000e+00]],

       [[ 0.00000000e+00,  2.67915280e-01,  5.64262639e-01, ...,
         -6.21638189e-02, -3.70701073e-02, -3.62300529e-02],
        [-2.67915280e-01,  0.00000000e+00,  3.22444986e-01, ...,
         -3.27288385e-01, -3.03446049e-01, -3.02644959e-01],
        [-5.64262639e-01, -3.22444986e-01,  0.00000000e+00, ...,
         -6.14493492e-01, -5.94479711e-01, -5.93803551e-01],
        ...,
        [ 6.21638189e-02,  3.27288385e-01,  6.14493492e-01, ...,
          0.00000000e+00,  2.51226794e-02,  2.59630243e-02],
        [ 3.70701073e-02,  3.03446049e-01,  5.94479711e-01, ...,
         -2.51226794e-02,  0.00000000e+00,  8.40619096e-04],
        [ 3.62300529e-02,  3.02644959e-01,  5.93803551e-01, ...,
         -2.59630243e-02, -8.40619096e-04,  0.00000000e+00]],

       [[ 0.00000000e+00, -6.00296011e-03, -7.48064232e-02, ...,
         -2.04975628e-01, -3.12518270e-01, -7.98145656e-01],
        [ 6.00296011e-03,  0.00000000e+00, -6.88189351e-02, ...,
         -1.99096435e-01, -3.06810356e-01, -7.94514704e-01],
        [ 7.48064232e-02,  6.88189351e-02,  0.00000000e+00, ...,
         -1.31183237e-01, -2.40583116e-01, -7.50841094e-01],
        ...,
        [ 2.04975628e-01,  1.99096435e-01,  1.31183237e-01, ...,
          0.00000000e+00, -1.11173836e-01, -6.57708145e-01],
        [ 3.12518270e-01,  3.06810356e-01,  2.40583116e-01, ...,
          1.11173836e-01,  0.00000000e+00, -5.69886763e-01],
        [ 7.98145656e-01,  7.94514704e-01,  7.50841094e-01, ...,
          6.57708145e-01,  5.69886763e-01,  0.00000000e+00]]]), 'num': array([ 9.93500022e-01,  1.13825639e-01,  5.46721160e-05,  5.87080550e-09,
        3.01775076e-04,  3.05713719e-04,  2.99524423e-04,  7.93336478e-04,
       -3.18842529e-06,  3.05901273e-04,  3.24028409e-04,  3.35500488e-04,
        2.86930283e-07,  3.52222344e-04,  2.95834474e-04])}
{'img': array([[[ 0.00000000e+00,  3.19972380e-01,  5.10278750e-01, ...,
         -9.99475054e-01, -9.80807603e-01, -8.26197711e-01],
        [-3.19972380e-01,  0.00000000e+00,  2.08272651e-01, ...,
         -9.57295915e-01, -8.66855884e-01, -6.02495783e-01],
        [-5.10278750e-01, -2.08272651e-01,  0.00000000e+00, ...,
         -8.76089504e-01, -7.44010271e-01, -4.23056538e-01],
        ...,
        [ 9.99475054e-01,  9.57295915e-01,  8.76089504e-01, ...,
          0.00000000e+00, -2.26651691e-01, -5.89851502e-01],
        [ 9.80807603e-01,  8.66855884e-01,  7.44010271e-01, ...,
          2.26651691e-01,  0.00000000e+00, -3.91477234e-01],
        [ 8.26197711e-01,  6.02495783e-01,  4.23056538e-01, ...,
          5.89851502e-01,  3.91477234e-01,  0.00000000e+00]],

       [[ 0.00000000e+00,  9.04295274e-02,  4.91585767e-01, ...,
         -7.09695668e-01, -9.55612938e-01, -7.99312757e-01],
        [-9.04295274e-02,  0.00000000e+00,  4.10823000e-01, ...,
         -7.70496303e-01, -9.78340458e-01, -8.50378339e-01],
        [-4.91585767e-01, -4.10823000e-01,  0.00000000e+00, ...,
         -9.64349978e-01, -9.77009091e-01, -9.91466236e-01],
        ...,
        [ 7.09695668e-01,  7.70496303e-01,  9.64349978e-01, ...,
          0.00000000e+00, -4.64143211e-01, -1.36655599e-01],
        [ 9.55612938e-01,  9.78340458e-01,  9.77009091e-01, ...,
          4.64143211e-01,  0.00000000e+00,  3.38744820e-01],
        [ 7.99312757e-01,  8.50378339e-01,  9.91466236e-01, ...,
          1.36655599e-01, -3.38744820e-01,  0.00000000e+00]],

       [[ 0.00000000e+00,  1.96355150e-01,  4.88831132e-01, ...,
         -9.74274141e-01, -9.98533476e-01, -9.82555646e-01],
        [-1.96355150e-01,  0.00000000e+00,  3.08018982e-01, ...,
         -9.99559596e-01, -9.89725095e-01, -9.26912145e-01],
        [-4.88831132e-01, -3.08018982e-01,  0.00000000e+00, ...,
         -9.60101731e-01, -8.97563287e-01, -7.66253003e-01],
        ...,
        [ 9.74274141e-01,  9.99559596e-01,  9.60101731e-01, ...,
          0.00000000e+00, -1.72290621e-01, -4.02619387e-01],
        [ 9.98533476e-01,  9.89725095e-01,  8.97563287e-01, ...,
          1.72290621e-01,  0.00000000e+00, -2.38889450e-01],
        [ 9.82555646e-01,  9.26912145e-01,  7.66253003e-01, ...,
          4.02619387e-01,  2.38889450e-01,  0.00000000e+00]],

       ...,

       [[ 0.00000000e+00,  3.98008723e-01,  5.64006707e-01, ...,
         -9.68632778e-01, -9.53326350e-01, -9.57106958e-01],
        [-3.98008723e-01,  0.00000000e+00,  1.88745648e-01, ...,
         -7.89702118e-01, -7.54388598e-01, -7.62715352e-01],
        [-5.64006707e-01, -1.88745648e-01,  0.00000000e+00, ...,
         -6.59714361e-01, -6.16931277e-01, -6.26938023e-01],
        ...,
        [ 9.68632778e-01,  7.89702118e-01,  6.59714361e-01, ...,
          0.00000000e+00, -5.55724367e-02, -4.28088641e-02],
        [ 9.53326350e-01,  7.54388598e-01,  6.16931277e-01, ...,
          5.55724367e-02,  0.00000000e+00,  1.27787825e-02],
        [ 9.57106958e-01,  7.62715352e-01,  6.26938023e-01, ...,
          4.28088641e-02, -1.27787825e-02,  0.00000000e+00]],

       [[ 0.00000000e+00,  3.22444986e-01,  6.15086946e-01, ...,
         -3.03446049e-01, -3.02644959e-01, -3.20639747e-01],
        [-3.22444986e-01,  0.00000000e+00,  3.27999304e-01, ...,
         -5.94479711e-01, -5.93803551e-01, -6.08934087e-01],
        [-6.15086946e-01, -3.27999304e-01,  0.00000000e+00, ...,
         -8.25339604e-01, -8.24864668e-01, -8.35422492e-01],
        ...,
        [ 3.03446049e-01,  5.94479711e-01,  8.25339604e-01, ...,
          0.00000000e+00,  8.40619096e-04, -1.80966728e-02],
        [ 3.02644959e-01,  5.93803551e-01,  8.24864668e-01, ...,
         -8.40619096e-04,  0.00000000e+00, -1.89371479e-02],
        [ 3.20639747e-01,  6.08934087e-01,  8.35422492e-01, ...,
          1.80966728e-02,  1.89371479e-02,  0.00000000e+00]],

       [[ 0.00000000e+00, -5.59531055e-02, -9.52495538e-02, ...,
         -2.37237124e-01, -4.68624197e-01, -8.82998949e-01],
        [ 5.59531055e-02,  0.00000000e+00, -3.94016251e-02, ...,
         -1.82509725e-01, -4.18461209e-01, -8.55352654e-01],
        [ 9.52495538e-02,  3.94016251e-02,  0.00000000e+00, ...,
         -1.43628160e-01, -3.82350333e-01, -8.34276573e-01],
        ...,
        [ 2.37237124e-01,  1.82509725e-01,  1.43628160e-01, ...,
          0.00000000e+00, -2.45671095e-01, -7.46437728e-01],
        [ 4.68624197e-01,  4.18461209e-01,  3.82350333e-01, ...,
          2.45671095e-01,  0.00000000e+00, -5.60078709e-01],
        [ 8.82998949e-01,  8.55352654e-01,  8.34276573e-01, ...,
          7.46437728e-01,  5.60078709e-01,  0.00000000e+00]]]), 'num': array([ 9.99467453e-01,  3.26076333e-02,  5.90990110e-05, -1.14719116e-08,
        3.03757405e-04,  3.08213504e-04,  2.99858319e-04,  8.73376808e-04,
        5.01311121e-06,  3.02606246e-04,  3.19065961e-04,  3.31184075e-04,
        4.46134750e-07,  3.46750833e-04,  2.91381090e-04])}
{'img': array([[[ 0.        ,  0.20827265, -0.24720227, ..., -0.86685588,
         -0.60249578, -0.91504108],
        [-0.20827265,  0.        , -0.44359   , ..., -0.74401027,
         -0.42305654, -0.81096597],
        [ 0.24720227,  0.44359   ,  0.        , ..., -0.96319692,
         -0.78109425, -0.98635344],
        ...,
        [ 0.86685588,  0.74401027,  0.96319692, ...,  0.        ,
         -0.39147723,  0.10654622],
        [ 0.60249578,  0.42305654,  0.78109425, ...,  0.39147723,
          0.        ,  0.48729138],
        [ 0.91504108,  0.81096597,  0.98635344, ..., -0.10654622,
         -0.48729138,  0.        ]],

       [[ 0.        ,  0.410823  ,  0.18838773, ..., -0.97834046,
         -0.85037834, -0.82324717],
        [-0.410823  ,  0.        , -0.23171117, ..., -0.97700909,
         -0.99146624, -0.98378417],
        [-0.18838773,  0.23171117,  0.        , ..., -0.9998197 ,
         -0.93427638, -0.91545124],
        ...,
        [ 0.97834046,  0.97700909,  0.9998197 , ...,  0.        ,
          0.33874482,  0.38497329],
        [ 0.85037834,  0.99146624,  0.93427638, ..., -0.33874482,
          0.        ,  0.04957602],
        [ 0.82324717,  0.98378417,  0.91545124, ..., -0.38497329,
         -0.04957602,  0.        ]],

       [[ 0.        ,  0.30736167,  0.52912543, ..., -0.99285305,
         -0.96337719, -0.92606726],
        [-0.30736167,  0.        ,  0.24270215, ..., -0.90811024,
         -0.83432375, -0.76525338],
        [-0.52912543, -0.24270215,  0.        , ..., -0.77933156,
         -0.67558261, -0.58613849],
        ...,
        [ 0.99285305,  0.90811024,  0.77933156, ...,  0.        ,
         -0.1512609 , -0.26414162],
        [ 0.96337719,  0.83432375,  0.67558261, ...,  0.1512609 ,
          0.        , -0.11521367],
        [ 0.92606726,  0.76525338,  0.58613849, ...,  0.26414162,
          0.11521367,  0.        ]],

       ...,

       [[ 0.        ,  0.18874565, -0.54468906, ..., -0.7543886 ,
         -0.76271535, -0.93217629],
        [-0.18874565,  0.        , -0.69318811, ..., -0.61693128,
         -0.62693802, -0.84709456],
        [ 0.54468906,  0.69318811,  0.        , ..., -0.99020821,
         -0.99191125, -0.9789385 ],
        ...,
        [ 0.7543886 ,  0.61693128,  0.99020821, ...,  0.        ,
          0.01277878,  0.33881454],
        [ 0.76271535,  0.62693802,  0.99191125, ..., -0.01277878,
          0.        ,  0.32676391],
        [ 0.93217629,  0.84709456,  0.9789385 , ..., -0.33881454,
         -0.32676391,  0.        ]],

       [[ 0.        ,  0.3279993 ,  0.47640471, ..., -0.59380355,
         -0.60893409, -0.69231728],
        [-0.3279993 ,  0.        ,  0.16166348, ..., -0.82486467,
         -0.83542249, -0.89069896],
        [-0.47640471, -0.16166348,  0.        , ..., -0.90540761,
         -0.91328489, -0.95247384],
        ...,
        [ 0.59380355,  0.82486467,  0.90540761, ...,  0.        ,
         -0.01893715, -0.12856083],
        [ 0.60893409,  0.83542249,  0.91328489, ...,  0.01893715,
          0.        , -0.10975778],
        [ 0.69231728,  0.89069896,  0.95247384, ...,  0.12856083,
          0.10975778,  0.        ]],

       [[ 0.        , -0.03636677,  0.08130282, ..., -0.37310258,
         -0.64187969, -0.88842152],
        [ 0.03636677,  0.        ,  0.11749542, ..., -0.33911505,
         -0.61356885, -0.87114045],
        [-0.08130282, -0.11749542,  0.        , ..., -0.44729936,
         -0.70209815, -0.92280067],
        ...,
        [ 0.37310258,  0.33911505,  0.44729936, ...,  0.        ,
         -0.30943255, -0.65300395],
        [ 0.64187969,  0.61356885,  0.70209815, ...,  0.30943255,
          0.        , -0.38660529],
        [ 0.88842152,  0.87114045,  0.92280067, ...,  0.65300395,
          0.38660529,  0.        ]]]), 'num': array([ 9.99534721e-01,  3.04865085e-02,  5.98547406e-05,  1.86542136e-08,
        3.03681683e-04,  3.08558597e-04,  3.03306536e-04,  3.40952560e-04,
       -3.18875146e-06,  3.05369845e-04,  3.20854047e-04,  3.33412101e-04,
        4.20315459e-07,  3.49471038e-04,  2.92237057e-04])}
{'img': array([[[ 0.        , -0.44359   ,  0.42305654, ..., -0.42305654,
         -0.81096597, -0.67756987],
        [ 0.44359   ,  0.        ,  0.78109425, ..., -0.78109425,
         -0.98635344, -0.93350033],
        [-0.42305654, -0.78109425,  0.        , ..., -0.        ,
         -0.48729138, -0.3028078 ],
        ...,
        [ 0.42305654,  0.78109425,  0.        , ...,  0.        ,
          0.48729138,  0.3028078 ],
        [ 0.81096597,  0.98635344,  0.48729138, ..., -0.48729138,
          0.        , -0.19999013],
        [ 0.67756987,  0.93350033,  0.3028078 , ..., -0.3028078 ,
          0.19999013,  0.        ]],

       [[ 0.        , -0.22857257, -0.58691173, ..., -0.98091473,
         -0.9720273 , -0.97193016],
        [ 0.22857257,  0.        , -0.38631035, ..., -0.91050356,
         -0.89261034, -0.9999763 ],
        [ 0.58691173,  0.38631035,  0.        , ..., -0.68008033,
         -0.64915607, -0.92500662],
        ...,
        [ 0.98091473,  0.91050356,  0.68008033, ...,  0.        ,
          0.04138595, -0.41975994],
        [ 0.9720273 ,  0.89261034,  0.64915607, ..., -0.04138595,
          0.        , -0.45696364],
        [ 0.97193016,  0.9999763 ,  0.92500662, ...,  0.41975994,
          0.45696364,  0.        ]],

       [[ 0.        ,  0.24201819,  0.64889858, ..., -0.86811401,
         -0.84695265, -0.7637605 ],
        [-0.24201819,  0.        ,  0.44546237, ..., -0.72217715,
         -0.69310079, -0.58483253],
        [-0.64889858, -0.44546237,  0.        , ..., -0.33843572,
         -0.29942619, -0.16226235],
        ...,
        [ 0.86811401,  0.72217715,  0.33843572, ...,  0.        ,
         -0.0411512 , -0.18126349],
        [ 0.84695265,  0.69310079,  0.29942619, ...,  0.0411512 ,
          0.        , -0.14064043],
        [ 0.7637605 ,  0.58483253,  0.16226235, ...,  0.18126349,
          0.14064043,  0.        ]],

       ...,

       [[ 0.        , -0.69318811, -0.30063285, ..., -0.62693802,
         -0.84709456, -0.81646021],
        [ 0.69318811,  0.        ,  0.44443804, ..., -0.99191125,
         -0.9789385 , -0.98871717],
        [ 0.30063285, -0.44443804,  0.        , ..., -0.83214961,
         -0.96767691, -0.95227664],
        ...,
        [ 0.62693802,  0.99191125,  0.83214961, ...,  0.        ,
          0.32676391,  0.27408387],
        [ 0.84709456,  0.9789385 ,  0.96767691, ..., -0.32676391,
          0.        , -0.05521244],
        [ 0.81646021,  0.98871717,  0.95227664, ..., -0.27408387,
          0.05521244,  0.        ]],

       [[ 0.        ,  0.16166348,  0.49312064, ..., -0.83542249,
         -0.89069896, -0.91221464],
        [-0.16166348,  0.        ,  0.34599319, ..., -0.91328489,
         -0.95247384, -0.96645089],
        [-0.49312064, -0.34599319,  0.        , ..., -0.99780812,
         -0.9990428 , -0.99562887],
        ...,
        [ 0.83542249,  0.91328489,  0.99780812, ...,  0.        ,
         -0.10975778, -0.15907755],
        [ 0.89069896,  0.95247384,  0.9990428 , ...,  0.10975778,
          0.        , -0.04975633],
        [ 0.91221464,  0.96645089,  0.99562887, ...,  0.15907755,
          0.04975633,  0.        ]],

       [[ 0.        ,  0.10740825,  0.17713867, ..., -0.51277912,
         -0.63129317, -0.91077948],
        [-0.10740825,  0.        ,  0.07040424, ..., -0.60202488,
         -0.71094099, -0.94985875],
        [-0.17713867, -0.07040424,  0.        , ..., -0.65674717,
         -0.75868872, -0.96951566],
        ...,
        [ 0.51277912,  0.60202488,  0.65674717, ...,  0.        ,
         -0.14429526, -0.57019994],
        [ 0.63129317,  0.71094099,  0.75868872, ...,  0.14429526,
          0.        , -0.4456932 ],
        [ 0.91077948,  0.94985875,  0.96951566, ...,  0.57019994,
          0.4456932 ,  0.        ]]]), 'num': array([ 9.99551967e-01,  2.99154386e-02,  5.99651556e-05, -4.37018258e-10,
        3.03675718e-04,  3.04239123e-04,  2.97478254e-04,  3.79021851e-04,
       -3.75603856e-07,  3.04502046e-04,  3.19122426e-04,  3.32572174e-04,
        4.43053844e-07,  3.46341885e-04,  2.91902968e-04])}
{'img': array([[[ 0.        ,  0.78109425, -0.00599622, ..., -0.98635344,
         -0.93350033, -0.92127918],
        [-0.78109425,  0.        , -0.78482432, ..., -0.48729138,
         -0.3028078 , -0.27148981],
        [ 0.00599622,  0.78482432,  0.        , ..., -0.98732294,
         -0.93563365, -0.92359456],
        ...,
        [ 0.98635344,  0.48729138,  0.98732294, ...,  0.        ,
         -0.19999013, -0.23191375],
        [ 0.93350033,  0.3028078 ,  0.93563365, ...,  0.19999013,
          0.        , -0.03269093],
        [ 0.92127918,  0.27148981,  0.92359456, ...,  0.23191375,
          0.03269093,  0.        ]],

       [[ 0.        , -0.38631035, -0.72961059, ..., -0.89261034,
         -0.9999763 , -0.99315066],
        [ 0.38631035,  0.        , -0.40878679, ..., -0.64915607,
         -0.92500662, -0.87091445],
        [ 0.72961059,  0.40878679,  0.        , ..., -0.28149343,
         -0.68886976, -0.59393058],
        ...,
        [ 0.89261034,  0.64915607,  0.28149343, ...,  0.        ,
         -0.45696364, -0.34344785],
        [ 0.9999763 ,  0.92500662,  0.68886976, ...,  0.45696364,
          0.        ,  0.12367551],
        [ 0.99315066,  0.87091445,  0.59393058, ...,  0.34344785,
         -0.12367551,  0.        ]],

       [[ 0.        ,  0.44157804,  0.58011635, ..., -0.79673155,
         -0.77532339, -0.58011635],
        [-0.44157804,  0.        ,  0.16081347, ..., -0.4479854 ,
         -0.41675287, -0.16081347],
        [-0.58011635, -0.16081347,  0.        , ..., -0.29838097,
         -0.26514612, -0.        ],
        ...,
        [ 0.79673155,  0.4479854 ,  0.29838097, ...,  0.        ,
         -0.03463351, -0.29838097],
        [ 0.77532339,  0.41675287,  0.26514612, ...,  0.03463351,
          0.        , -0.26514612],
        [ 0.58011635,  0.16081347,  0.        , ...,  0.29838097,
          0.26514612,  0.        ]],

       ...,

       [[ 0.        ,  0.6481646 , -0.15106145, ..., -0.98755755,
         -0.99481958, -0.9897936 ],
        [-0.6481646 ,  0.        , -0.75575984, ..., -0.85395442,
         -0.82344538, -0.84609694],
        [ 0.15106145,  0.75575984,  0.        , ..., -0.95246908,
         -0.96804706, -0.95690759],
        ...,
        [ 0.98755755,  0.85395442,  0.95246908, ...,  0.        ,
         -0.05605192, -0.0149178 ],
        [ 0.99481958,  0.82344538,  0.96804706, ...,  0.05605192,
          0.        ,  0.04115133],
        [ 0.9897936 ,  0.84609694,  0.95690759, ...,  0.0149178 ,
         -0.04115133,  0.        ]],

       [[ 0.        ,  0.34599319,  0.45260889, ..., -0.95247384,
         -0.96645089, -0.99987825],
        [-0.34599319,  0.        ,  0.11612913, ..., -0.9990428 ,
         -0.99562887, -0.9435216 ],
        [-0.45260889, -0.11612913,  0.        , ..., -0.98720353,
         -0.97804635, -0.89866299],
        ...,
        [ 0.95247384,  0.9990428 ,  0.98720353, ...,  0.        ,
         -0.04975633, -0.2897211 ],
        [ 0.96645089,  0.99562887,  0.97804635, ...,  0.04975633,
          0.        , -0.24173991],
        [ 0.99987825,  0.9435216 ,  0.89866299, ...,  0.2897211 ,
          0.24173991,  0.        ]],

       [[ 0.        ,  0.06880684,  0.24840393, ..., -0.67966108,
         -0.85043317, -0.9567836 ],
        [-0.06880684,  0.        ,  0.18116501, ..., -0.72852191,
         -0.88461576, -0.97452512],
        [-0.24840393, -0.18116501,  0.        , ..., -0.84056896,
         -0.95445876, -0.99903077],
        ...,
        [ 0.67966108,  0.72852191,  0.84056896, ...,  0.        ,
         -0.26625689, -0.50417991],
        [ 0.85043317,  0.88461576,  0.95445876, ...,  0.26625689,
          0.        , -0.25604098],
        [ 0.9567836 ,  0.97452512,  0.99903077, ...,  0.50417991,
          0.25604098,  0.        ]]]), 'num': array([ 9.32242702e-01,  3.61832611e-01,  3.50159663e-05, -3.52719090e-09,
        2.84210309e-04,  2.86129471e-04,  2.82814556e-04,  1.56795460e-04,
        2.09363027e-06,  2.82989025e-04,  2.94800589e-04,  3.08013722e-04,
        5.08600220e-07,  3.18667082e-04,  2.70934097e-04])}
{'img': array([[[ 0.        , -0.78482432, -0.92292636, ..., -0.3028078 ,
         -0.27148981, -0.42305654],
        [ 0.78482432,  0.        , -0.26981543, ..., -0.93563365,
         -0.92359456, -0.97330778],
        [ 0.92292636,  0.26981543,  0.        , ..., -0.99617038,
         -0.99277967, -0.99913345],
        ...,
        [ 0.3028078 ,  0.93563365,  0.99617038, ...,  0.        ,
         -0.03269093,  0.12881958],
        [ 0.27148981,  0.92359456,  0.99277967, ...,  0.03269093,
          0.        ,  0.16116928],
        [ 0.42305654,  0.97330778,  0.99913345, ..., -0.12881958,
         -0.16116928,  0.        ]],

       [[ 0.        , -0.39348892, -0.47733464, ..., -0.8093035 ,
         -0.79282271, -0.93445123],
        [ 0.39348892,  0.        , -0.09306054, ..., -0.51288473,
         -0.48905246, -0.71895054],
        [ 0.47733464,  0.09306054,  0.        , ..., -0.43077053,
         -0.40575773, -0.65114784],
        ...,
        [ 0.8093035 ,  0.51288473,  0.43077053, ...,  0.        ,
          0.02753521, -0.26070217],
        [ 0.79282271,  0.48905246,  0.40575773, ..., -0.02753521,
          0.        , -0.28718634],
        [ 0.93445123,  0.71895054,  0.65114784, ...,  0.26070217,
          0.28718634,  0.        ]],

       [[ 0.        ,  0.16081347, -0.2753425 , ..., -0.41675287,
         -0.16081347, -0.23984515],
        [-0.16081347,  0.        , -0.42635629, ..., -0.26514612,
         -0.        , -0.080604  ],
        [ 0.2753425 ,  0.42635629,  0.        , ..., -0.65093558,
         -0.42635629, -0.49787979],
        ...,
        [ 0.41675287,  0.26514612,  0.65093558, ...,  0.        ,
         -0.26514612, -0.18656434],
        [ 0.16081347,  0.        ,  0.42635629, ...,  0.26514612,
          0.        ,  0.080604  ],
        [ 0.23984515,  0.080604  ,  0.49787979, ...,  0.18656434,
         -0.080604  ,  0.        ]],

       ...,

       [[ 0.        , -0.75575984, -0.85160733, ..., -0.82344538,
         -0.84609694, -0.92839766],
        [ 0.75575984,  0.        , -0.16151972, ..., -0.96804706,
         -0.95690759, -0.88879161],
        [ 0.85160733,  0.16151972,  0.        , ..., -0.91483203,
         -0.89743876, -0.80309496],
        ...,
        [ 0.82344538,  0.96804706,  0.91483203, ...,  0.        ,
          0.04115133,  0.22078611],
        [ 0.84609694,  0.95690759,  0.89743876, ..., -0.04115133,
          0.        ,  0.18046328],
        [ 0.92839766,  0.88879161,  0.80309496, ..., -0.22078611,
         -0.18046328,  0.        ]],

       [[ 0.        ,  0.11612913,  0.19436818, ..., -0.99562887,
         -0.9435216 , -0.7631301 ],
        [-0.11612913,  0.        ,  0.07913872, ..., -0.97804635,
         -0.89866299, -0.682919  ],
        [-0.19436818, -0.07913872,  0.        , ..., -0.95848731,
         -0.86113105, -0.62296673],
        ...,
