state_0,state_1,state_2,state_3,state_4,state_5,state_6,state_7,state_8,state_9,state_10,state_11,state_12,state_13,state_14,state_15,state_16,state_17,state_18,state_19,state_20,state_21,state_22,state_23,state_24,state_25,state_26,state_27,state_28,state_29,state_30,state_31,state_32,state_33,state_34,state_35,state_36,state_37,state_38,state_39,state_40,state_41,state_42,state_43,state_44,state_45,state_46,state_47,state_48,state_49,state_50,state_51,state_52,state_53,state_54,state_55,state_56,state_57,state_58,state_59,state_60,state_61,state_62,state_63,state_64,state_65,state_66,state_67,state_68,state_69,state_70,state_71,state_72,state_73,state_74,state_75,state_76,state_77,state_78,state_79,state_80,state_81,state_82,state_83,state_84,state_85,state_86,state_87,state_88,state_89,state_90,state_91,state_92,state_93,state_94,state_95,state_96,state_97,state_98,state_99,state_100,state_101,state_102,state_103,state_104,state_105,state_106,state_107,state_108,state_109,state_110,state_111,state_112,state_113,state_114,state_115,state_116,state_117,state_118,state_119,state_120,state_121,state_122,state_123,state_124,state_125,state_126,state_127,state_128,state_129,state_130,state_131,state_132,state_133,state_134,state_135,state_136,state_137,state_138,state_139,state_140,state_141,state_142,state_143,state_144,state_145,state_146,state_147,state_148,state_149,state_150,state_151,state_152,state_153,state_154,state_155,state_156,state_157,state_158,state_159,state_160,state_161,state_162,state_163,state_164,state_165,state_166,state_167,state_168,state_169,state_170,state_171,state_172,state_173,state_174,state_175,state_176,state_177,state_178,state_179,state_180,state_181,state_182,state_183,state_184,state_185,state_186,state_187,state_188,state_189,state_190,state_191,state_192,state_193,state_194,state_195,state_196,state_197,state_198,state_199,state_200,state_201,state_202,state_203,state_204,state_205,state_206,state_207,state_208,state_209,state_210,state_211,state_212,state_213,state_214,state_215,state_216,state_217,state_218,state_219,state_220,state_221,state_222,state_223,state_224,state_225,state_226,state_227,state_228,state_229,state_230,state_231,state_232,state_233,state_234,state_235,state_236,state_237,state_238,state_239,state_240,state_241,state_242,state_243,state_244,state_245,state_246,state_247,state_248,state_249,state_250,state_251,state_252,state_253,state_254,state_255,state_256,state_257,state_258,state_259,state_260,state_261,state_262,state_263,state_264,state_265,state_266,state_267,state_268,state_269,state_270,state_271,state_272,state_273,state_274,state_275,state_276,state_277,state_278,state_279,state_280,state_281,state_282,state_283,state_284,state_285,state_286,state_287
{'img': array([[[ 0.        , -0.07409349, -0.4012742 , ...,  0.98984351,
          0.98701645,  0.97040267],
        [ 0.07409349,  0.        , -0.3323047 , ...,  0.9765895 ,
          0.97240259,  0.94984229],
        [ 0.4012742 ,  0.3323047 ,  0.        , ...,  0.84960941,
          0.83961323,  0.79194332],
        ...,
        [-0.98984351, -0.9765895 , -0.84960941, ...,  0.        ,
          0.0186724 ,  0.10108619],
        [-0.98701645, -0.97240259, -0.83961323, ..., -0.0186724 ,
          0.        ,  0.08249182],
        [-0.97040267, -0.94984229, -0.79194332, ..., -0.10108619,
         -0.08249182,  0.        ]],

       [[ 0.        ,  0.04687591,  0.72138341, ..., -0.52087365,
         -0.66710623, -0.29550154],
        [-0.04687591,  0.        ,  0.68812715, ..., -0.56031593,
         -0.70129369, -0.33995924],
        [-0.72138341, -0.68812715,  0.        , ..., -0.97652095,
         -0.99939868, -0.89381348],
        ...,
        [ 0.52087365,  0.56031593,  0.97652095, ...,  0.        ,
         -0.18143303,  0.24536251],
        [ 0.66710623,  0.70129369,  0.99939868, ...,  0.18143303,
          0.        ,  0.41717718],
        [ 0.29550154,  0.33995924,  0.89381348, ..., -0.24536251,
         -0.41717718,  0.        ]],

       [[ 0.        , -0.02101472, -0.10222619, ...,  0.99773145,
          0.99234052,  0.95776299],
        [ 0.02101472,  0.        , -0.08129898, ...,  0.99609641,
          0.98952538,  0.95150852],
        [ 0.10222619,  0.08129898,  0.        , ...,  0.98562266,
          0.97451357,  0.92334941],
        ...,
        [-0.99773145, -0.99609641, -0.98562266, ...,  0.        ,
          0.05644806,  0.22242997],
        [-0.99234052, -0.98952538, -0.97451357, ..., -0.05644806,
          0.        ,  0.16704135],
        [-0.95776299, -0.95150852, -0.92334941, ..., -0.22242997,
         -0.16704135,  0.        ]],

       ...,

       [[ 0.        ,  0.18297913, -0.0661278 , ...,  0.89245773,
          0.87581002,  0.89439759],
        [-0.18297913,  0.        , -0.24758997, ...,  0.79484263,
          0.77270757,  0.79745571],
        [ 0.0661278 ,  0.24758997,  0.        , ...,  0.92033659,
          0.90580999,  0.92201706],
        ...,
        [-0.89245773, -0.79484263, -0.92033659, ...,  0.        ,
         -0.03564502,  0.00431843],
        [-0.87581002, -0.77270757, -0.90580999, ...,  0.03564502,
          0.        ,  0.03996037],
        [-0.89439759, -0.79745571, -0.92201706, ..., -0.00431843,
         -0.03996037,  0.        ]],

       [[ 0.        , -0.05541511, -0.08664097, ...,  0.98624857,
          0.98196911,  0.98336322],
        [ 0.05541511,  0.        , -0.03130111, ...,  0.99389149,
          0.99093597,  0.99191835],
        [ 0.08664097,  0.03130111,  0.        , ...,  0.99685892,
          0.99465525,  0.99540373],
        ...,
        [-0.98624857, -0.99389149, -0.99685892, ...,  0.        ,
         -0.02415301, -0.01663296],
        [-0.98196911, -0.99093597, -0.99465525, ...,  0.02415301,
          0.        ,  0.00752157],
        [-0.98336322, -0.99191835, -0.99540373, ...,  0.01663296,
         -0.00752157,  0.        ]],

       [[ 0.        , -0.01023195, -0.06344797, ...,  0.96533469,
          0.95314074,  0.95724215],
        [ 0.01023195,  0.        , -0.05323331, ...,  0.96261346,
          0.9499954 ,  0.95423206],
        [ 0.06344797,  0.05323331,  0.        , ...,  0.94682879,
          0.93202556,  0.93695872],
        ...,
        [-0.96533469, -0.96261346, -0.94682879, ...,  0.        ,
          0.04325581,  0.02940485],
        [-0.95314074, -0.9499954 , -0.93202556, ..., -0.04325581,
          0.        , -0.01385977],
        [-0.95724215, -0.95423206, -0.93695872, ..., -0.02940485,
          0.01385977,  0.        ]]]), 'num': array([ 7.07019707e-01,  7.07019707e-01,  0.00000000e+00,  0.00000000e+00,
        5.40497960e-03,  5.48870562e-03,  5.35846514e-03,  4.63711899e-03,
       -7.44231270e-05,  5.42730654e-03,  5.30032208e-03,  4.77401103e-03,
        4.18985162e-06,  5.60084289e-03,  4.99980126e-03])}
{'img': array([[[ 0.00000000e+00, -3.32304695e-01, -5.81017304e-01, ...,
          9.72402594e-01,  9.49842292e-01,  9.86545132e-01],
        [ 3.32304695e-01,  0.00000000e+00, -2.77539435e-01, ...,
          8.39613235e-01,  7.91943322e-01,  8.76153621e-01],
        [ 5.81017304e-01,  2.77539435e-01,  0.00000000e+00, ...,
          6.55873221e-01,  5.91367149e-01,  7.07950381e-01],
        ...,
        [-9.72402594e-01, -8.39613235e-01, -6.55873221e-01, ...,
          0.00000000e+00,  8.24918194e-02, -7.11928078e-02],
        [-9.49842292e-01, -7.91943322e-01, -5.91367149e-01, ...,
         -8.24918194e-02,  0.00000000e+00, -1.53232667e-01],
        [-9.86545132e-01, -8.76153621e-01, -7.07950381e-01, ...,
          7.11928078e-02,  1.53232667e-01,  0.00000000e+00]],

       [[ 0.00000000e+00,  6.86900337e-01,  1.40515792e-01, ...,
         -6.89760602e-01, -3.38038071e-01, -8.01792882e-01],
        [-6.86900337e-01,  0.00000000e+00, -5.77965133e-01, ...,
         -9.98626247e-01, -8.92133906e-01, -9.93197310e-01],
        [-1.40515792e-01,  5.77965133e-01,  0.00000000e+00, ...,
         -7.84655802e-01, -4.66928175e-01, -8.77810365e-01],
        ...,
        [ 6.89760602e-01,  9.98626247e-01,  7.84655802e-01, ...,
          0.00000000e+00,  4.04403833e-01, -1.68325792e-01],
        [ 3.38038071e-01,  8.92133906e-01,  4.66928175e-01, ...,
         -4.04403833e-01,  0.00000000e+00, -5.52581055e-01],
        [ 8.01792882e-01,  9.93197310e-01,  8.77810365e-01, ...,
          1.68325792e-01,  5.52581055e-01,  0.00000000e+00]],

       [[ 0.00000000e+00, -8.12989826e-02, -2.15176313e-01, ...,
          9.89525381e-01,  9.51508518e-01,  8.84197482e-01],
        [ 8.12989826e-02,  0.00000000e+00, -1.35069455e-01, ...,
          9.74513573e-01,  9.23349407e-01,  8.43294741e-01],
        [ 2.15176313e-01,  1.35069455e-01,  0.00000000e+00, ...,
          9.35283326e-01,  8.63026584e-01,  7.62973635e-01],
        ...,
        [-9.89525381e-01, -9.74513573e-01, -9.35283326e-01, ...,
          0.00000000e+00,  1.67041353e-01,  3.34578579e-01],
        [-9.51508518e-01, -9.23349407e-01, -8.63026584e-01, ...,
         -1.67041353e-01,  0.00000000e+00,  1.72463312e-01],
        [-8.84197482e-01, -8.43294741e-01, -7.62973635e-01, ...,
         -3.34578579e-01, -1.72463312e-01,  0.00000000e+00]],

       ...,

       [[ 0.00000000e+00, -2.47589966e-01, -6.91847073e-01, ...,
          7.72707567e-01,  7.97455708e-01,  3.84399686e-01],
        [ 2.47589966e-01,  0.00000000e+00, -4.91535485e-01, ...,
          9.05809990e-01,  9.22017062e-01,  6.00998195e-01],
        [ 6.91847073e-01,  4.91535485e-01,  0.00000000e+00, ...,
          9.97087262e-01,  9.93243108e-01,  9.16243737e-01],
        ...,
        [-7.72707567e-01, -9.05809990e-01, -9.97087262e-01, ...,
          0.00000000e+00,  3.99603664e-02, -4.69335567e-01],
        [-7.97455708e-01, -9.22017062e-01, -9.93243108e-01, ...,
         -3.99603664e-02,  0.00000000e+00, -5.04246491e-01],
        [-3.84399686e-01, -6.00998195e-01, -9.16243737e-01, ...,
          4.69335567e-01,  5.04246491e-01,  0.00000000e+00]],

       [[ 0.00000000e+00, -3.13011076e-02, -1.01093686e-01, ...,
          9.90935972e-01,  9.91918351e-01,  9.93766562e-01],
        [ 3.13011076e-02,  0.00000000e+00, -6.99034006e-02, ...,
          9.94655249e-01,  9.95403728e-01,  9.96769096e-01],
        [ 1.01093686e-01,  6.99034006e-02,  0.00000000e+00, ...,
          9.99439741e-01,  9.99663212e-01,  9.99945435e-01],
        ...,
        [-9.90935972e-01, -9.94655249e-01, -9.99439741e-01, ...,
          0.00000000e+00,  7.52156982e-03,  2.30270917e-02],
        [-9.91918351e-01, -9.95403728e-01, -9.99663212e-01, ...,
         -7.52156982e-03,  0.00000000e+00,  1.55068649e-02],
        [-9.93766562e-01, -9.96769096e-01, -9.99945435e-01, ...,
         -2.30270917e-02, -1.55068649e-02,  0.00000000e+00]],

       [[ 0.00000000e+00, -5.32333136e-02, -1.02439585e-01, ...,
          9.49995400e-01,  9.54232059e-01,  9.50305429e-01],
        [ 5.32333136e-02,  0.00000000e+00, -4.93410707e-02, ...,
          9.32025562e-01,  9.36958718e-01,  9.32385445e-01],
        [ 1.02439585e-01,  4.93410707e-02,  0.00000000e+00, ...,
          9.13009507e-01,  9.18575744e-01,  9.13414688e-01],
        ...,
        [-9.49995400e-01, -9.32025562e-01, -9.13009507e-01, ...,
          0.00000000e+00, -1.38597731e-02, -9.94347055e-04],
        [-9.54232059e-01, -9.36958718e-01, -9.18575744e-01, ...,
          1.38597731e-02,  0.00000000e+00,  1.28655147e-02],
        [-9.50305429e-01, -9.32385445e-01, -9.13414688e-01, ...,
          9.94347055e-04, -1.28655147e-02,  0.00000000e+00]]]), 'num': array([ 9.11750619e-01,  4.10253349e-01,  8.64650466e-06, -9.38600835e-10,
        6.96523986e-03,  7.08533021e-03,  6.91720373e-03,  5.26007709e-03,
       -1.20090342e-05,  7.01087419e-03,  6.85355585e-03,  6.19666167e-03,
        5.36767440e-06,  7.24188427e-03,  6.46522742e-03])}
{'img': array([[[ 0.        , -0.27753944, -0.29688805, ...,  0.79194332,
          0.87615362,  0.88401397],
        [ 0.27753944,  0.        , -0.02019876, ...,  0.59136715,
          0.70795038,  0.71954609],
        [ 0.29688805,  0.02019876,  0.        , ...,  0.57495817,
          0.69354032,  0.70537237],
        ...,
        [-0.79194332, -0.59136715, -0.57495817, ...,  0.        ,
         -0.15323267, -0.16957195],
        [-0.87615362, -0.70795038, -0.69354032, ...,  0.15323267,
          0.        , -0.0165558 ],
        [-0.88401397, -0.71954609, -0.70537237, ...,  0.16957195,
          0.0165558 ,  0.        ]],

       [[ 0.        , -0.57313306, -0.69682459, ..., -0.88398301,
         -0.99875518, -0.99239937],
        [ 0.57313306,  0.        , -0.15994663, ..., -0.45644016,
         -0.78985394, -0.88376299],
        [ 0.69682459,  0.15994663,  0.        , ..., -0.30825062,
         -0.68159063, -0.79754054],
        ...,
        [ 0.88398301,  0.45644016,  0.30825062, ...,  0.        ,
         -0.42284333, -0.57274753],
        [ 0.99875518,  0.78985394,  0.68159063, ...,  0.42284333,
          0.        , -0.17240729],
        [ 0.99239937,  0.88376299,  0.79754054, ...,  0.57274753,
          0.17240729,  0.        ]],

       [[ 0.        , -0.13506946, -0.24424249, ...,  0.92334941,
          0.84329474,  0.83253469],
        [ 0.13506946,  0.        , -0.11102551, ...,  0.86302658,
          0.76297364,  0.75008063],
        [ 0.24424249,  0.11102551,  0.        , ...,  0.80160549,
          0.68648641,  0.67201697],
        ...,
        [-0.92334941, -0.86302658, -0.80160549, ...,  0.        ,
          0.17246331,  0.19184991],
        [-0.84329474, -0.76297364, -0.68648641, ..., -0.17246331,
          0.        ,  0.01971554],
        [-0.83253469, -0.75008063, -0.67201697, ..., -0.19184991,
         -0.01971554,  0.        ]],

       ...,

       [[ 0.        , -0.49153549, -0.31399267, ...,  0.92201706,
          0.60099819,  0.59181872],
        [ 0.49153549,  0.        ,  0.1932334 , ...,  0.99324311,
          0.91624374,  0.91160234],
        [ 0.31399267, -0.1932334 ,  0.        , ...,  0.99694845,
          0.82156171,  0.81498814],
        ...,
        [-0.92201706, -0.99324311, -0.99694845, ...,  0.        ,
         -0.50424649, -0.51408913],
        [-0.60099819, -0.91624374, -0.82156171, ...,  0.50424649,
          0.        , -0.01143594],
        [-0.59181872, -0.91160234, -0.81498814, ...,  0.51408913,
          0.01143594,  0.        ]],

       [[ 0.        , -0.0699034 , -0.17880334, ...,  0.99540373,
          0.9967691 ,  0.99787942],
        [ 0.0699034 ,  0.        , -0.10958905, ...,  0.99966321,
          0.99994544,  0.99998836],
        [ 0.17880334,  0.10958905,  0.        , ...,  0.99648618,
          0.99506755,  0.99343668],
        ...,
        [-0.99540373, -0.99966321, -0.99648618, ...,  0.        ,
          0.01550686,  0.03077392],
        [-0.9967691 , -0.99994544, -0.99506755, ..., -0.01550686,
          0.        ,  0.0152707 ],
        [-0.99787942, -0.99998836, -0.99343668, ..., -0.03077392,
         -0.0152707 ,  0.        ]],

       [[ 0.        , -0.04933676, -0.07423942, ...,  0.93756872,
          0.93308099,  0.87777306],
        [ 0.04933676,  0.        , -0.0249484 , ...,  0.91926763,
          0.91419991,  0.85306802],
        [ 0.07423942,  0.0249484 ,  0.        , ...,  0.90916098,
          0.90380468,  0.83978442],
        ...,
        [-0.93756872, -0.91926763, -0.90916098, ...,  0.        ,
          0.01268626,  0.14387777],
        [-0.93308099, -0.91419991, -0.90380468, ..., -0.01268626,
          0.        ,  0.13131192],
        [-0.87777306, -0.85306802, -0.83978442, ..., -0.14387777,
         -0.13131192,  0.        ]]]), 'num': array([ 8.81543659e-01,  4.71658099e-01,  7.31938499e-06, -1.35855987e-08,
        6.61105741e-03,  6.88258298e-03,  6.61105741e-03,  7.97352551e-03,
       -2.36109193e-04,  6.83536114e-03,  6.74504938e-03,  6.12575464e-03,
        5.85312706e-06,  7.10978077e-03,  6.38031799e-03])}
{'img': array([[[ 0.        , -0.02019876,  0.20215795, ...,  0.70795038,
          0.71954609,  0.88004684],
        [ 0.02019876,  0.        ,  0.22189843, ...,  0.69354032,
          0.70537237,  0.87027517],
        [-0.20215795, -0.22189843,  0.        , ...,  0.83610979,
          0.84507709,  0.95787861],
        ...,
        [-0.70795038, -0.69354032, -0.83610979, ...,  0.        ,
         -0.0165558 , -0.28534744],
        [-0.71954609, -0.70537237, -0.84507709, ...,  0.0165558 ,
          0.        , -0.26944084],
        [-0.88004684, -0.87027517, -0.95787861, ...,  0.28534744,
          0.26944084,  0.        ]],

       [[ 0.        , -0.15994663, -0.10811261, ..., -0.78985394,
         -0.88376299, -0.67369055],
        [ 0.15994663,  0.        ,  0.0522884 , ..., -0.68159063,
         -0.79754054, -0.54681451],
        [ 0.10811261, -0.0522884 ,  0.        , ..., -0.71891941,
         -0.8279933 , -0.58984514],
        ...,
        [ 0.78985394,  0.68159063,  0.71891941, ...,  0.        ,
         -0.17240729,  0.17054172],
        [ 0.88376299,  0.79754054,  0.8279933 , ...,  0.17240729,
          0.        ,  0.33786959],
        [ 0.67369055,  0.54681451,  0.58984514, ..., -0.17054172,
         -0.33786959,  0.        ]],

       [[ 0.        , -0.11102551, -0.25242455, ...,  0.76297364,
          0.75008063,  0.85206115],
        [ 0.11102551,  0.        , -0.14343383, ...,  0.68648641,
          0.67201697,  0.78867788],
        [ 0.25242455,  0.14343383,  0.        , ...,  0.57509124,
          0.55885038,  0.69233881],
        ...,
        [-0.76297364, -0.68648641, -0.57509124, ...,  0.        ,
          0.01971554, -0.1514249 ],
        [-0.75008063, -0.67201697, -0.55885038, ..., -0.01971554,
          0.        , -0.17088367],
        [-0.85206115, -0.78867788, -0.69233881, ...,  0.1514249 ,
          0.17088367,  0.        ]],

       ...,

       [[ 0.        ,  0.1932334 ,  0.61037373, ...,  0.91624374,
          0.91160234,  0.96520437],
        [-0.1932334 ,  0.        ,  0.44580711, ...,  0.82156171,
          0.81498814,  0.89648309],
        [-0.61037373, -0.44580711,  0.        , ...,  0.48124039,
          0.4711843 ,  0.60494075],
        ...,
        [-0.91624374, -0.82156171, -0.48124039, ...,  0.        ,
         -0.01143594,  0.14708669],
        [-0.91160234, -0.81498814, -0.4711843 , ...,  0.01143594,
          0.        ,  0.15838863],
        [-0.96520437, -0.89648309, -0.60494075, ..., -0.14708669,
         -0.15838863,  0.        ]],

       [[ 0.        , -0.10958905, -0.20823869, ...,  0.99994544,
          0.99998836,  0.9999719 ],
        [ 0.10958905,  0.        , -0.09979783, ...,  0.99506755,
          0.99343668,  0.99477055],
        [ 0.20823869,  0.09979783,  0.        , ...,  0.98020001,
          0.97706196,  0.97961155],
        ...,
        [-0.99994544, -0.99506755, -0.98020001, ...,  0.        ,
          0.0152707 ,  0.00295035],
        [-0.99998836, -0.99343668, -0.97706196, ..., -0.0152707 ,
          0.        , -0.01232063],
        [-0.9999719 , -0.99477055, -0.97961155, ..., -0.00295035,
          0.01232063,  0.        ]],

       [[ 0.        , -0.02478934, -0.0397028 , ...,  0.95024878,
          0.93714565,  0.85019272],
        [ 0.02478934,  0.        , -0.01492081, ...,  0.94223508,
          0.92820771,  0.83688056],
        [ 0.0397028 ,  0.01492081,  0.        , ...,  0.93713243,
          0.92255291,  0.82861997],
        ...,
        [-0.95024878, -0.94223508, -0.93713243, ...,  0.        ,
          0.03966495,  0.23545077],
        [-0.93714565, -0.92820771, -0.92255291, ..., -0.03966495,
          0.        ,  0.19671566],
        [-0.85019272, -0.83688056, -0.82861997, ..., -0.23545077,
         -0.19671566,  0.        ]]]), 'num': array([ 7.41698594e-01,  6.70513042e-01,  1.29428276e-06, -1.79799194e-07,
        5.47581169e-03,  5.66497610e-03,  5.44594363e-03,  6.85113647e-03,
       -9.95602126e-05,  5.69484416e-03,  5.69135955e-03,  5.19513486e-03,
        4.28999290e-06,  5.98932748e-03,  5.39339162e-03])}
{'img': array([[[ 0.        ,  0.22189843,  0.22189843, ...,  0.70537237,
          0.87027517,  0.92022817],
        [-0.22189843,  0.        ,  0.        , ...,  0.84507709,
          0.95787861,  0.98413381],
        [-0.22189843,  0.        ,  0.        , ...,  0.84507709,
          0.95787861,  0.98413381],
        ...,
        [-0.70537237, -0.84507709, -0.84507709, ...,  0.        ,
         -0.26944084, -0.37622147],
        [-0.87027517, -0.95787861, -0.95787861, ...,  0.26944084,
          0.        , -0.11266269],
        [-0.92022817, -0.98413381, -0.98413381, ...,  0.37622147,
          0.11266269,  0.        ]],

       [[ 0.        ,  0.0522884 , -0.16835951, ..., -0.79754054,
         -0.54681451, -0.5390761 ],
        [-0.0522884 ,  0.        , -0.21967122, ..., -0.8279933 ,
         -0.58984514, -0.58237893],
        [ 0.16835951,  0.21967122,  0.        , ..., -0.68459071,
         -0.39804945, -0.38957916],
        ...,
        [ 0.79754054,  0.8279933 ,  0.68459071, ...,  0.        ,
          0.33786959,  0.34652821],
        [ 0.54681451,  0.58984514,  0.39804945, ..., -0.33786959,
          0.        ,  0.00921487],
        [ 0.5390761 ,  0.58237893,  0.38957916, ..., -0.34652821,
         -0.00921487,  0.        ]],

       [[ 0.        , -0.14343383, -0.30906163, ...,  0.67201697,
          0.78867788,  0.8760038 ],
        [ 0.14343383,  0.        , -0.16945432, ...,  0.55885038,
          0.69233881,  0.7977671 ],
        [ 0.30906163,  0.16945432,  0.        , ...,  0.41024519,
          0.56005265,  0.68405469],
        ...,
        [-0.67201697, -0.55885038, -0.41024519, ...,  0.        ,
         -0.17088367, -0.32459552],
        [-0.78867788, -0.69233881, -0.56005265, ...,  0.17088367,
          0.        , -0.15819029],
        [-0.8760038 , -0.7977671 , -0.68405469, ...,  0.32459552,
          0.15819029,  0.        ]],

       ...,

       [[ 0.        ,  0.5875851 ,  0.76594817, ...,  0.90542931,
          0.96187268,  0.8804122 ],
        [-0.5875851 ,  0.        ,  0.24201662, ...,  0.48321118,
          0.61760804,  0.43375817],
        [-0.76594817, -0.24201662,  0.        , ...,  0.25695985,
          0.40890516,  0.20279938],
        ...,
        [-0.90542931, -0.48321118, -0.25695985, ...,  0.        ,
          0.16067936, -0.05563051],
        [-0.96187268, -0.61760804, -0.40890516, ..., -0.16067936,
          0.        , -0.21533821],
        [-0.8804122 , -0.43375817, -0.20279938, ...,  0.05563051,
          0.21533821,  0.        ]],

       [[ 0.        , -0.09979783, -0.21195757, ...,  0.99343668,
          0.99477055,  0.99576518],
        [ 0.09979783,  0.        , -0.11336912, ...,  0.97706196,
          0.97961155,  0.98161932],
        [ 0.21195757,  0.11336912,  0.        , ...,  0.94662024,
          0.95051996,  0.95365432],
        ...,
        [-0.99343668, -0.97706196, -0.94662024, ...,  0.        ,
         -0.01232063, -0.02256919],
        [-0.99477055, -0.97961155, -0.95051996, ...,  0.01232063,
          0.        , -0.01024999],
        [-0.99576518, -0.98161932, -0.95365432, ...,  0.02256919,
          0.01024999,  0.        ]],

       [[ 0.        , -0.0148643 , -0.02414472, ...,  0.94539047,
          0.90943678,  0.83513284],
        [ 0.0148643 ,  0.        , -0.00928209, ...,  0.94044115,
          0.90315511,  0.8268645 ],
        [ 0.02414472,  0.00928209,  0.        , ...,  0.93724513,
          0.89913126,  0.82160862],
        ...,
        [-0.94539047, -0.94044115, -0.93724513, ...,  0.        ,
          0.09671146,  0.24780725],
        [-0.90943678, -0.90315511, -0.89913126, ..., -0.09671146,
          0.        ,  0.15295068],
        [-0.83513284, -0.8268645 , -0.82160862, ..., -0.24780725,
         -0.15295068,  0.        ]]]), 'num': array([ 8.18728536e-01,  5.73860071e-01,  4.37265116e-06, -2.16418904e-07,
        6.12171163e-03,  6.20916465e-03,  5.95773721e-03,  8.23884001e-03,
        1.09316279e-04,  6.18948772e-03,  6.25453091e-03,  5.73801149e-03,
        4.76054764e-06,  6.56910928e-03,  5.93995254e-03])}
{'img': array([[[ 0.        ,  0.        , -0.42095904, ...,  0.95787861,
          0.98413381,  0.95787861],
        [ 0.        ,  0.        , -0.42095904, ...,  0.95787861,
          0.98413381,  0.95787861],
        [ 0.42095904,  0.42095904,  0.        , ...,  0.74798395,
          0.81799788,  0.74798395],
        ...,
        [-0.95787861, -0.95787861, -0.74798395, ...,  0.        ,
         -0.11266269,  0.        ],
        [-0.98413381, -0.98413381, -0.81799788, ...,  0.11266269,
          0.        ,  0.11266269],
        [-0.95787861, -0.95787861, -0.74798395, ...,  0.        ,
         -0.11266269,  0.        ]],

       [[ 0.        , -0.21967122,  0.01619811, ..., -0.58984514,
         -0.58237893, -0.54588025],
        [ 0.21967122,  0.        ,  0.23544485, ..., -0.39804945,
         -0.38957916, -0.34849213],
        [-0.01619811, -0.23544485,  0.        , ..., -0.60284799,
         -0.59547025, -0.55938043],
        ...,
        [ 0.58984514,  0.39804945,  0.60284799, ...,  0.        ,
          0.00921487,  0.05340229],
        [ 0.58237893,  0.38957916,  0.59547025, ..., -0.00921487,
          0.        ,  0.0441983 ],
        [ 0.54588025,  0.34849213,  0.55938043, ..., -0.05340229,
         -0.0441983 ,  0.        ]],

       [[ 0.        , -0.16945432, -0.39568349, ...,  0.69233881,
          0.7977671 ,  0.85578538],
        [ 0.16945432,  0.        , -0.2343365 , ...,  0.56005265,
          0.68405469,  0.75574508],
        [ 0.39568349,  0.2343365 ,  0.        , ...,  0.35032057,
          0.49407531,  0.58124278],
        ...,
        [-0.69233881, -0.56005265, -0.35032057, ...,  0.        ,
         -0.15819029, -0.25934291],
        [-0.7977671 , -0.68405469, -0.49407531, ...,  0.15819029,
          0.        , -0.10329957],
        [-0.85578538, -0.75574508, -0.58124278, ...,  0.25934291,
          0.10329957,  0.        ]],

       ...,

       [[ 0.        ,  0.45235649, -0.16771151, ...,  0.83772522,
          0.67123386,  0.68568238],
        [-0.45235649,  0.        , -0.59552073, ...,  0.50008627,
          0.26332405,  0.28224637],
        [ 0.16771151,  0.59552073,  0.        , ...,  0.91744569,
          0.786042  ,  0.7980478 ],
        ...,
        [-0.83772522, -0.50008627, -0.91744569, ...,  0.        ,
         -0.25440475, -0.23533527],
        [-0.67123386, -0.26332405, -0.786042  , ...,  0.25440475,
          0.        ,  0.01966736],
        [-0.68568238, -0.28224637, -0.7980478 , ...,  0.23533527,
         -0.01966736,  0.        ]],

       [[ 0.        , -0.11336912, -0.15769678, ...,  0.97961155,
          0.98161932,  0.98346142],
        [ 0.11336912,  0.        , -0.0447295 , ...,  0.95051996,
          0.95365432,  0.95658783],
        [ 0.15769678,  0.0447295 ,  0.        , ...,  0.93567279,
          0.93924054,  0.94259426],
        ...,
        [-0.97961155, -0.95051996, -0.93567279, ...,  0.        ,
         -0.01024999, -0.0201534 ],
        [-0.98161932, -0.95365432, -0.93924054, ...,  0.01024999,
          0.        , -0.00990444],
        [-0.98346142, -0.95658783, -0.94259426, ...,  0.0201534 ,
          0.00990444,  0.        ]],

       [[ 0.        , -0.00923697, -0.05800543, ...,  0.932743  ,
          0.91037458,  0.82458911],
        [ 0.00923697,  0.        , -0.04878154, ...,  0.92937289,
          0.90651362,  0.81932828],
        [ 0.05800543,  0.04878154,  0.        , ...,  0.91025912,
          0.88483997,  0.79038519],
        ...,
        [-0.932743  , -0.92937289, -0.91025912, ...,  0.        ,
          0.05772695,  0.23038369],
        [-0.91037458, -0.90651362, -0.88483997, ..., -0.05772695,
          0.        ,  0.17382542],
        [-0.82458911, -0.81932828, -0.79038519, ..., -0.23038369,
         -0.17382542,  0.        ]]]), 'num': array([ 7.95640747e-01,  6.05510175e-01,  3.40126246e-06, -1.55512657e-07,
        5.94158037e-03,  6.07975666e-03,  5.92032248e-03,  5.24081401e-03,
       -1.06289452e-05,  5.97134141e-03,  6.08666547e-03,  5.61040015e-03,
        4.34015262e-06,  6.37862501e-03,  5.79470593e-03])}
{'img': array([[[ 0.        , -0.42095904, -0.05592868, ...,  0.98413381,
          0.95787861,  0.96119222],
        [ 0.42095904,  0.        ,  0.36956837, ...,  0.81799788,
          0.74798395,  0.75574392],
        [ 0.05592868, -0.36956837,  0.        , ...,  0.9726701 ,
          0.94031808,  0.94425815],
        ...,
        [-0.98413381, -0.81799788, -0.9726701 , ...,  0.        ,
          0.11266269,  0.10096007],
        [-0.95787861, -0.74798395, -0.94031808, ..., -0.11266269,
          0.        , -0.01176975],
        [-0.96119222, -0.75574392, -0.94425815, ..., -0.10096007,
          0.01176975,  0.        ]],

       [[ 0.        ,  0.23544485,  0.08966659, ..., -0.38957916,
         -0.34849213, -0.55527431],
        [-0.23544485,  0.        , -0.14735058, ..., -0.59547025,
         -0.55938043, -0.73547606],
        [-0.08966659,  0.14735058,  0.        , ..., -0.47059217,
         -0.43113389, -0.62761035],
        ...,
        [ 0.38957916,  0.59547025,  0.47059217, ...,  0.        ,
          0.0441983 , -0.18740351],
        [ 0.34849213,  0.55938043,  0.43113389, ..., -0.0441983 ,
          0.        , -0.23063562],
        [ 0.55527431,  0.73547606,  0.62761035, ...,  0.18740351,
          0.23063562,  0.        ]],

       [[ 0.        , -0.2343365 , -0.09769367, ...,  0.68405469,
          0.75574508,  0.79932012],
        [ 0.2343365 ,  0.        ,  0.13824212, ...,  0.49407531,
          0.58124278,  0.63624941],
        [ 0.09769367, -0.13824212,  0.        , ...,  0.60952177,
          0.68815374,  0.73679194],
        ...,
        [-0.68405469, -0.49407531, -0.60952177, ...,  0.        ,
         -0.10329957, -0.17199647],
        [-0.75574508, -0.58124278, -0.68815374, ...,  0.10329957,
          0.        , -0.06931618],
        [-0.79932012, -0.63624941, -0.73679194, ...,  0.17199647,
          0.06931618,  0.        ]],

       ...,

       [[ 0.        , -0.59552073, -0.26635357, ...,  0.26332405,
          0.28224637,  0.16405881],
        [ 0.59552073,  0.        ,  0.36003532, ...,  0.786042  ,
          0.7980478 ,  0.71924675],
        [ 0.26635357, -0.36003532,  0.        , ...,  0.51076484,
          0.52757449,  0.42087688],
        ...,
        [-0.26332405, -0.786042  , -0.51076484, ...,  0.        ,
          0.01966736, -0.10148741],
        [-0.28224637, -0.7980478 , -0.52757449, ..., -0.01966736,
          0.        , -0.12103359],
        [-0.16405881, -0.71924675, -0.42087688, ...,  0.10148741,
          0.12103359,  0.        ]],

       [[ 0.        , -0.0447295 , -0.08779496, ...,  0.95365432,
          0.95658783,  0.96005689],
        [ 0.0447295 ,  0.        , -0.0431503 , ...,  0.93924054,
          0.94259426,  0.94658047],
        [ 0.08779496,  0.0431503 ,  0.        , ...,  0.92355397,
          0.9273067 ,  0.93178423],
        ...,
        [-0.95365432, -0.93924054, -0.92355397, ...,  0.        ,
         -0.00990444, -0.02204816],
        [-0.95658783, -0.94259426, -0.9273067 , ...,  0.00990444,
          0.        , -0.01214505],
        [-0.96005689, -0.94658047, -0.93178423, ...,  0.02204816,
          0.01214505,  0.        ]],

       [[ 0.        , -0.04852847, -0.07960943, ...,  0.93494851,
          0.90780513,  0.8168488 ],
        [ 0.04852847,  0.        , -0.03114119, ...,  0.91662986,
          0.88638309,  0.78789265],
        [ 0.07960943,  0.03114119,  0.        , ...,  0.903737  ,
          0.8715363 ,  0.76833338],
        ...,
        [-0.93494851, -0.91662986, -0.903737  , ...,  0.        ,
          0.07003592,  0.24952235],
        [-0.90780513, -0.88638309, -0.8715363 , ..., -0.07003592,
          0.        ,  0.18108902],
        [-0.8168488 , -0.78789265, -0.76833338, ..., -0.24952235,
         -0.18108902,  0.        ]]]), 'num': array([ 9.65295001e-01,  2.60175014e-01,  1.27048646e-05, -1.96029852e-07,
        7.19510190e-03,  7.46734900e-03,  7.15620946e-03,  9.58517215e-03,
       -5.18565903e-05,  7.21843737e-03,  7.39863902e-03,  6.88028919e-03,
        5.16457911e-06,  7.74418645e-03,  7.05309159e-03])}
{'img': array([[[ 0.        ,  0.36956837,  0.43952555, ...,  0.74798395,
          0.75574392,  0.7850211 ],
        [-0.36956837,  0.        ,  0.07645126, ...,  0.94031808,
          0.94425815,  0.95838054],
        [-0.43952555, -0.07645126,  0.        , ...,  0.96358219,
          0.96666282,  0.97740203],
        ...,
        [-0.74798395, -0.94031808, -0.96358219, ...,  0.        ,
         -0.01176975, -0.05767881],
        [-0.75574392, -0.94425815, -0.96666282, ...,  0.01176975,
          0.        , -0.04592466],
        [-0.7850211 , -0.95838054, -0.97740203, ...,  0.05767881,
          0.04592466,  0.        ]],

       [[ 0.        , -0.14735058, -0.38463549, ..., -0.55938043,
         -0.73547606, -0.56702057],
        [ 0.14735058,  0.        , -0.24442225, ..., -0.43113389,
         -0.62761035, -0.43945794],
        [ 0.38463549,  0.24442225,  0.        , ..., -0.19751787,
         -0.41828476, -0.2065732 ],
        ...,
        [ 0.55938043,  0.43113389,  0.19751787, ...,  0.        ,
         -0.23063562, -0.00924592],
        [ 0.73547606,  0.62761035,  0.41828476, ...,  0.23063562,
          0.        ,  0.22162911],
        [ 0.56702057,  0.43945794,  0.2065732 , ...,  0.00924592,
         -0.22162911,  0.        ]],

       [[ 0.        ,  0.13824212,  0.23031682, ...,  0.58124278,
          0.63624941,  0.69034979],
        [-0.13824212,  0.        ,  0.09357985, ...,  0.68815374,
          0.73679194,  0.78373619],
        [-0.23031682, -0.09357985,  0.        , ...,  0.75303222,
          0.7968299 ,  0.83841885],
        ...,
        [-0.58124278, -0.68815374, -0.75303222, ...,  0.        ,
         -0.06931618, -0.14124341],
        [-0.63624941, -0.73679194, -0.7968299 , ...,  0.06931618,
          0.        , -0.07228241],
        [-0.69034979, -0.78373619, -0.83841885, ...,  0.14124341,
          0.07228241,  0.        ]],

       ...,

       [[ 0.        ,  0.36003532,  0.38686126, ...,  0.7980478 ,
          0.71924675,  0.68498091],
        [-0.36003532,  0.        ,  0.02891561, ...,  0.52757449,
          0.42087688,  0.37673748],
        [-0.38686126, -0.02891561,  0.        , ...,  0.50278982,
          0.39447103,  0.34979484],
        ...,
        [-0.7980478 , -0.52757449, -0.50278982, ...,  0.        ,
         -0.12103359, -0.16866104],
        [-0.71924675, -0.42087688, -0.39447103, ...,  0.12103359,
          0.        , -0.04812143],
        [-0.68498091, -0.37673748, -0.34979484, ...,  0.16866104,
          0.04812143,  0.        ]],

       [[ 0.        , -0.0431503 , -0.11841086, ...,  0.94259426,
          0.94658047,  0.95883111],
        [ 0.0431503 ,  0.        , -0.07545384, ...,  0.9273067 ,
          0.93178423,  0.94568436],
        [ 0.11841086,  0.07545384,  0.        , ...,  0.89642067,
          0.9017373 ,  0.91845948],
        ...,
        [-0.94259426, -0.9273067 , -0.89642067, ...,  0.        ,
         -0.01214505, -0.05251722],
        [-0.94658047, -0.93178423, -0.9017373 , ...,  0.01214505,
          0.        , -0.04038505],
        [-0.95883111, -0.94568436, -0.91845948, ...,  0.05251722,
          0.04038505,  0.        ]],

       [[ 0.        , -0.03114119, -0.04820988, ...,  0.88638309,
          0.78789265,  0.86822094],
        [ 0.03114119,  0.        , -0.01708152, ...,  0.8715363 ,
          0.76833338,  0.85234829],
        [ 0.04820988,  0.01708152,  0.        , ...,  0.86303355,
          0.75728826,  0.84329073],
        ...,
        [-0.88638309, -0.8715363 , -0.86303355, ...,  0.        ,
          0.18108902,  0.03785855],
        [-0.78789265, -0.76833338, -0.75728826, ..., -0.18108902,
          0.        , -0.14372658],
        [-0.86822094, -0.85234829, -0.84329073, ..., -0.03785855,
          0.14372658,  0.        ]]]), 'num': array([ 9.90106729e-01,  1.37976903e-01,  1.49234646e-05, -2.63383782e-07,
        7.40982458e-03,  7.44875535e-03,  7.13730914e-03,  1.49978223e-02,
        2.07630811e-04,  7.25410147e-03,  7.39100803e-03,  6.93011089e-03,
        6.58984508e-06,  7.70797193e-03,  7.07404413e-03])}
{'img': array([[[ 0.        ,  0.25137447,  0.32720283, ...,  0.76653559,
          0.79584182,  0.65882803],
        [-0.25137447,  0.        ,  0.07915898, ...,  0.9033552 ,
          0.92249566,  0.8267804 ],
        [-0.32720283, -0.07915898,  0.        , ...,  0.93447123,
          0.95015683,  0.86871486],
        ...,
        [-0.76653559, -0.9033552 , -0.93447123, ...,  0.        ,
         -0.04695026,  0.15355923],
        [-0.79584182, -0.92249566, -0.95015683, ...,  0.04695026,
          0.        ,  0.19978329],
        [-0.65882803, -0.8267804 , -0.86871486, ..., -0.15355923,
         -0.19978329,  0.        ]],

       [[ 0.        , -0.24442225, -0.15119645, ..., -0.62761035,
         -0.43945794, -0.23606887],
        [ 0.24442225,  0.        ,  0.09500181, ..., -0.41828476,
         -0.2065732 ,  0.00860534],
        [ 0.15119645, -0.09500181,  0.        , ..., -0.50268456,
         -0.29859162, -0.08643188],
        ...,
        [ 0.62761035,  0.41828476,  0.50268456, ...,  0.        ,
          0.22162911,  0.42608564],
        [ 0.43945794,  0.2065732 ,  0.29859162, ..., -0.22162911,
          0.        ,  0.21498528],
        [ 0.23606887, -0.00860534,  0.08643188, ..., -0.42608564,
         -0.21498528,  0.        ]],

       [[ 0.        ,  0.18555508,  0.218306  , ...,  0.6375837 ,
          0.69174503,  0.66888366],
        [-0.18555508,  0.        ,  0.03343531, ...,  0.76945946,
          0.81372918,  0.79520328],
        [-0.218306  , -0.03343531,  0.        , ...,  0.79038423,
          0.83270829,  0.81503193],
        ...,
        [-0.6375837 , -0.76945946, -0.79038423, ...,  0.        ,
         -0.07248143, -0.04133658],
        [-0.69174503, -0.81372918, -0.83270829, ...,  0.07248143,
          0.        ,  0.03119163],
        [-0.66888366, -0.79520328, -0.81503193, ...,  0.04133658,
         -0.03119163,  0.        ]],

       ...,

       [[ 0.        ,  0.03050926,  0.03050926, ...,  0.43138635,
          0.38689504,  0.75281822],
        [-0.03050926,  0.        ,  0.        , ...,  0.40366107,
          0.35858162,  0.7323857 ],
        [-0.03050926,  0.        ,  0.        , ...,  0.40366107,
          0.35858162,  0.7323857 ],
        ...,
        [-0.43138635, -0.40366107, -0.40366107, ...,  0.        ,
         -0.04874755,  0.39521719],
        [-0.38689504, -0.35858162, -0.35858162, ...,  0.04874755,
          0.        ,  0.43952623],
        [-0.75281822, -0.7323857 , -0.7323857 , ..., -0.39521719,
         -0.43952623,  0.        ]],

       [[ 0.        , -0.07545384, -0.17004183, ...,  0.93178423,
          0.94568436,  0.9599992 ],
        [ 0.07545384,  0.        , -0.09520209, ...,  0.9017373 ,
          0.91845948,  0.93613524],
        [ 0.17004183,  0.09520209,  0.        , ...,  0.85648719,
          0.87663394,  0.8984064 ],
        ...,
        [-0.93178423, -0.9017373 , -0.85648719, ...,  0.        ,
         -0.04038505, -0.08758966],
        [-0.94568436, -0.91845948, -0.87663394, ...,  0.04038505,
          0.        , -0.04728836],
        [-0.9599992 , -0.93613524, -0.8984064 , ...,  0.08758966,
          0.04728836,  0.        ]],

       [[ 0.        , -0.01708152, -0.02741714, ...,  0.76833338,
          0.85234829,  0.78856594],
        [ 0.01708152,  0.        , -0.01033804, ...,  0.75728826,
          0.84329073,  0.77794661],
        [ 0.02741714,  0.01033804,  0.        , ...,  0.75049622,
          0.83768941,  0.77140933],
        ...,
        [-0.76833338, -0.75728826, -0.75049622, ...,  0.        ,
         -0.14372658, -0.03223474],
        [-0.85234829, -0.84329073, -0.83768941, ...,  0.14372658,
          0.        ,  0.11175182],
        [-0.78856594, -0.77794661, -0.77140933, ...,  0.03223474,
