state_0,state_1,state_2,state_3,state_4,state_5,state_6,state_7,state_8,state_9,state_10,state_11,state_12,state_13,state_14,state_15,state_16,state_17,state_18,state_19,state_20,state_21,state_22,state_23,state_24,state_25,state_26,state_27,state_28,state_29,state_30,state_31,state_32,state_33,state_34,state_35,state_36,state_37,state_38,state_39,state_40,state_41,state_42,state_43,state_44,state_45,state_46,state_47,state_48,state_49,state_50,state_51,state_52,state_53,state_54,state_55,state_56,state_57,state_58,state_59,state_60,state_61,state_62,state_63,state_64,state_65,state_66,state_67,state_68,state_69,state_70,state_71,state_72,state_73,state_74,state_75,state_76,state_77,state_78,state_79,state_80,state_81,state_82,state_83,state_84,state_85,state_86,state_87,state_88,state_89,state_90,state_91,state_92,state_93,state_94,state_95,state_96,state_97,state_98,state_99,state_100,state_101,state_102,state_103,state_104,state_105,state_106,state_107,state_108,state_109,state_110,state_111,state_112,state_113,state_114,state_115,state_116,state_117,state_118,state_119,state_120,state_121,state_122,state_123,state_124,state_125,state_126,state_127,state_128,state_129,state_130,state_131,state_132,state_133,state_134,state_135,state_136,state_137,state_138,state_139,state_140,state_141,state_142,state_143,state_144,state_145,state_146,state_147,state_148,state_149,state_150,state_151,state_152,state_153,state_154,state_155,state_156,state_157,state_158,state_159,state_160,state_161,state_162,state_163,state_164,state_165,state_166,state_167,state_168,state_169,state_170,state_171,state_172,state_173,state_174,state_175,state_176,state_177,state_178,state_179,state_180,state_181,state_182,state_183,state_184,state_185,state_186,state_187,state_188,state_189,state_190,state_191,state_192,state_193,state_194,state_195,state_196,state_197,state_198,state_199,state_200,state_201,state_202,state_203,state_204,state_205,state_206,state_207,state_208,state_209,state_210,state_211,state_212,state_213,state_214,state_215,state_216,state_217,state_218,state_219,state_220,state_221,state_222,state_223,state_224,state_225,state_226,state_227,state_228,state_229,state_230,state_231,state_232,state_233,state_234,state_235,state_236,state_237,state_238,state_239,state_240,state_241,state_242,state_243,state_244,state_245,state_246,state_247,state_248,state_249,state_250,state_251,state_252,state_253,state_254,state_255,state_256,state_257,state_258,state_259,state_260,state_261,state_262,state_263,state_264,state_265,state_266,state_267,state_268,state_269,state_270,state_271,state_272,state_273,state_274,state_275,state_276,state_277,state_278,state_279,state_280,state_281,state_282,state_283,state_284,state_285,state_286,state_287
{'img': array([[[ 0.        ,  0.        , -0.09138725, ..., -0.66787168,
         -0.56694703, -0.65409403],
        [ 0.        ,  0.        , -0.09138725, ..., -0.66787168,
         -0.56694703, -0.65409403],
        [ 0.09138725,  0.09138725,  0.        , ..., -0.59705955,
         -0.48929397, -0.5822304 ],
        ...,
        [ 0.66787168,  0.66787168,  0.59705955, ...,  0.        ,
          0.12819682,  0.01836022],
        [ 0.56694703,  0.56694703,  0.48929397, ..., -0.12819682,
          0.        , -0.10996648],
        [ 0.65409403,  0.65409403,  0.5822304 , ..., -0.01836022,
          0.10996648,  0.        ]],

       [[ 0.        , -0.03236927,  0.37180783, ...,  0.45848091,
          0.59317693,  0.06298617],
        [ 0.03236927,  0.        ,  0.4016617 , ...,  0.48700736,
          0.61892569,  0.09525816],
        [-0.37180783, -0.4016617 ,  0.        , ...,  0.09518508,
          0.25131979, -0.3125989 ],
        ...,
        [-0.45848091, -0.48700736, -0.09518508, ...,  0.        ,
          0.15804866, -0.40159448],
        [-0.59317693, -0.61892569, -0.25131979, ..., -0.15804866,
          0.        , -0.54129071],
        [-0.06298617, -0.09525816,  0.3125989 , ...,  0.40159448,
          0.54129071,  0.        ]],

       [[ 0.        , -0.28103427, -0.40490743, ..., -0.97217472,
         -0.98000102, -0.98963917],
        [ 0.28103427,  0.        , -0.1316229 , ..., -0.9988281 ,
         -0.99642846, -0.99010448],
        [ 0.40490743,  0.1316229 ,  0.        , ..., -0.9837678 ,
         -0.97664498, -0.96301951],
        ...,
        [ 0.97217472,  0.9988281 ,  0.9837678 , ...,  0.        ,
          0.0361166 ,  0.09224807],
        [ 0.98000102,  0.99642846,  0.97664498, ..., -0.0361166 ,
          0.        ,  0.05622528],
        [ 0.98963917,  0.99010448,  0.96301951, ..., -0.09224807,
         -0.05622528,  0.        ]],

       ...,

       [[ 0.        , -0.06681972, -0.57590459, ..., -0.96144869,
         -0.86864005, -0.93190251],
        [ 0.06681972,  0.        , -0.51999123, ..., -0.94092554,
         -0.83359328, -0.90558366],
        [ 0.57590459,  0.51999123,  0.        , ..., -0.6276358 ,
         -0.42479962, -0.55296036],
        ...,
        [ 0.96144869,  0.94092554,  0.6276358 , ...,  0.        ,
          0.23748126,  0.09246733],
        [ 0.86864005,  0.83359328,  0.42479962, ..., -0.23748126,
          0.        , -0.14664179],
        [ 0.93190251,  0.90558366,  0.55296036, ..., -0.09246733,
          0.14664179,  0.        ]],

       [[ 0.        , -0.59581535, -0.91628566, ..., -0.84315294,
         -0.83294719, -0.7852894 ],
        [ 0.59581535,  0.        , -0.49724948, ..., -0.99750852,
         -0.99865367, -0.99956925],
        [ 0.91628566,  0.49724948,  0.        , ..., -0.83036696,
         -0.84064545, -0.88182726],
        ...,
        [ 0.84315294,  0.99750852,  0.83036696, ...,  0.        ,
         -0.01870689, -0.0997908 ],
        [ 0.83294719,  0.99865367,  0.84064545, ...,  0.01870689,
          0.        , -0.08115982],
        [ 0.7852894 ,  0.99956925,  0.88182726, ...,  0.0997908 ,
          0.08115982,  0.        ]],

       [[ 0.        ,  0.03969718,  0.18872951, ..., -0.34683807,
         -0.35559583, -0.37021442],
        [-0.03969718,  0.        ,  0.14959696, ..., -0.38379766,
         -0.3924181 , -0.40679915],
        [-0.18872951, -0.14959696,  0.        , ..., -0.51761921,
         -0.52559957, -0.53888092],
        ...,
        [ 0.34683807,  0.38379766,  0.51761921, ...,  0.        ,
         -0.00935355, -0.02503941],
        [ 0.35559583,  0.3924181 ,  0.52559957, ...,  0.00935355,
          0.        , -0.0156877 ],
        [ 0.37021442,  0.40679915,  0.53888092, ...,  0.02503941,
          0.0156877 ,  0.        ]]]), 'num': array([7.07105661e-01, 7.07105661e-01, 0.00000000e+00, 0.00000000e+00,
       6.22675135e-04, 6.25690511e-04, 6.11367475e-04, 3.36764725e-04,
       1.13076598e-05, 6.14985926e-04, 6.16380537e-04, 6.17938482e-04,
       3.43858661e-07, 6.40874203e-04, 5.91886871e-04])}
{'img': array([[[ 0.        , -0.09138725, -0.11325048, ..., -0.56694703,
         -0.65409403, -0.42154251],
        [ 0.09138725,  0.        , -0.02197727, ..., -0.48929397,
         -0.5822304 , -0.33690779],
        [ 0.11325048,  0.02197727,  0.        , ..., -0.47000899,
         -0.56422172, -0.31613399],
        ...,
        [ 0.56694703,  0.48929397,  0.47000899, ...,  0.        ,
         -0.10996648,  0.16686503],
        [ 0.65409403,  0.5822304 ,  0.56422172, ...,  0.10996648,
          0.        ,  0.27427777],
        [ 0.42154251,  0.33690779,  0.31613399, ..., -0.16686503,
         -0.27427777,  0.        ]],

       [[ 0.        ,  0.4016617 ,  0.33785695, ...,  0.61892569,
          0.09525816,  0.33674402],
        [-0.4016617 ,  0.        , -0.0686376 , ...,  0.25131979,
         -0.3125989 , -0.06981697],
        [-0.33785695,  0.0686376 ,  0.        , ...,  0.3171617 ,
         -0.24666385, -0.00118221],
        ...,
        [-0.61892569, -0.25131979, -0.3171617 , ...,  0.        ,
         -0.54129071, -0.31828265],
        [-0.09525816,  0.3125989 ,  0.24666385, ...,  0.54129071,
          0.        ,  0.24551799],
        [-0.33674402,  0.06981697,  0.00118221, ...,  0.31828265,
         -0.24551799,  0.        ]],

       [[ 0.        , -0.30067232, -0.42014926, ..., -0.98320227,
         -0.99203481, -0.99880646],
        [ 0.30067232,  0.        , -0.1278613 , ..., -0.99258555,
         -0.98400478, -0.9379034 ],
        [ 0.42014926,  0.1278613 ,  0.        , ..., -0.96889717,
         -0.95315065, -0.8858505 ],
        ...,
        [ 0.98320227,  0.99258555,  0.96889717, ...,  0.        ,
          0.05721738,  0.23032417],
        [ 0.99203481,  0.98400478,  0.95315065, ..., -0.05721738,
          0.        ,  0.17426781],
        [ 0.99880646,  0.9379034 ,  0.8858505 , ..., -0.23032417,
         -0.17426781,  0.        ]],

       ...,

       [[ 0.        , -0.51999123, -0.72783009, ..., -0.83359328,
         -0.90558366, -0.936972  ],
        [ 0.51999123,  0.        , -0.26510389, ..., -0.42479962,
         -0.55296036, -0.61864761],
        [ 0.72783009,  0.26510389,  0.        , ..., -0.16960501,
         -0.31228879, -0.38822851],
        ...,
        [ 0.83359328,  0.42479962,  0.16960501, ...,  0.        ,
         -0.14664179, -0.22630217],
        [ 0.90558366,  0.55296036,  0.31228879, ...,  0.14664179,
          0.        , -0.08101828],
        [ 0.936972  ,  0.61864761,  0.38822851, ...,  0.22630217,
          0.08101828,  0.        ]],

       [[ 0.        , -0.83288543, -0.95595128, ..., -0.86336254,
         -0.81636065, -0.7694137 ],
        [ 0.83288543,  0.        , -0.28459387, ..., -0.89808481,
         -0.93283778, -0.95783472],
        [ 0.95595128,  0.28459387,  0.        , ..., -0.73577663,
         -0.79172502, -0.83645707],
        ...,
        [ 0.86336254,  0.89808481,  0.73577663, ...,  0.        ,
         -0.08670592, -0.16323957],
        [ 0.81636065,  0.93283778,  0.79172502, ...,  0.08670592,
          0.        , -0.07708192],
        [ 0.7694137 ,  0.95783472,  0.83645707, ...,  0.16323957,
          0.07708192,  0.        ]],

       [[ 0.        ,  0.14959696,  0.2233501 , ..., -0.3924181 ,
         -0.40679915, -0.39610437],
        [-0.14959696,  0.        ,  0.07501887, ..., -0.52559957,
         -0.53888092, -0.52900777],
        [-0.2233501 , -0.07501887,  0.        , ..., -0.58793945,
         -0.60055696, -0.59117938],
        ...,
        [ 0.3924181 ,  0.52559957,  0.58793945, ...,  0.        ,
         -0.0156877 , -0.00401117],
        [ 0.40679915,  0.53888092,  0.60055696, ...,  0.0156877 ,
          0.        ,  0.0116769 ],
        [ 0.39610437,  0.52900777,  0.59117938, ...,  0.00401117,
         -0.0116769 ,  0.        ]]]), 'num': array([ 7.51334163e-01,  6.59919221e-01,  1.09610243e-06, -1.36985083e-11,
        6.67262355e-04,  6.69662579e-04,  6.60061682e-04,  3.49592669e-04,
        6.40059813e-06,  6.55741278e-04,  6.54261140e-04,  6.55661271e-04,
        3.84393463e-07,  6.80407187e-04,  6.28115093e-04])}
{'img': array([[[ 0.00000000e+00, -2.19772718e-02,  9.13872507e-02, ...,
         -5.82230396e-01, -3.36907790e-01, -1.87311280e-01],
        [ 2.19772718e-02,  0.00000000e+00,  1.13250484e-01, ...,
         -5.64221724e-01, -3.16133988e-01, -1.65677751e-01],
        [-9.13872507e-02, -1.13250484e-01,  0.00000000e+00, ...,
         -6.54094025e-01, -4.21542513e-01, -2.76297215e-01],
        ...,
        [ 5.82230396e-01,  5.64221724e-01,  6.54094025e-01, ...,
          0.00000000e+00,  2.74277771e-01,  4.19636735e-01],
        [ 3.36907790e-01,  3.16133988e-01,  4.21542513e-01, ...,
         -2.74277771e-01,  0.00000000e+00,  1.54584105e-01],
        [ 1.87311280e-01,  1.65677751e-01,  2.76297215e-01, ...,
         -4.19636735e-01, -1.54584105e-01,  0.00000000e+00]],

       [[ 0.00000000e+00, -6.86375976e-02,  6.85743677e-02, ...,
         -3.12598900e-01, -6.98169708e-02, -9.69164286e-02],
        [ 6.86375976e-02,  0.00000000e+00,  1.36888671e-01, ...,
         -2.46663846e-01, -1.18220918e-03, -2.83733789e-02],
        [-6.85743677e-02, -1.36888671e-01,  0.00000000e+00, ...,
         -3.77000823e-01, -1.38059656e-01, -1.64939843e-01],
        ...,
        [ 3.12598900e-01,  2.46663846e-01,  3.77000823e-01, ...,
          0.00000000e+00,  2.45517994e-01,  2.19067865e-01],
        [ 6.98169708e-02,  1.18220918e-03,  1.38059656e-01, ...,
         -2.45517994e-01,  0.00000000e+00, -2.71916259e-02],
        [ 9.69164286e-02,  2.83733789e-02,  1.64939843e-01, ...,
         -2.19067865e-01,  2.71916259e-02,  0.00000000e+00]],

       [[ 0.00000000e+00, -3.04126741e-01, -5.31005423e-01, ...,
         -9.94444401e-01, -9.97281624e-01, -9.84801399e-01],
        [ 3.04126741e-01,  0.00000000e+00, -2.48145138e-01, ...,
         -9.79352482e-01, -9.27632629e-01, -8.85330898e-01],
        [ 5.31005423e-01,  2.48145138e-01,  0.00000000e+00, ...,
         -8.98556090e-01, -8.05938240e-01, -7.42262349e-01],
        ...,
        [ 9.94444401e-01,  9.79352482e-01,  8.98556090e-01, ...,
          0.00000000e+00,  1.78251864e-01,  2.76382596e-01],
        [ 9.97281624e-01,  9.27632629e-01,  8.05938240e-01, ...,
         -1.78251864e-01,  0.00000000e+00,  1.00647758e-01],
        [ 9.84801399e-01,  8.85330898e-01,  7.42262349e-01, ...,
         -2.76382596e-01, -1.00647758e-01,  0.00000000e+00]],

       ...,

       [[ 0.00000000e+00, -2.65103895e-01, -2.42401439e-01, ...,
         -5.52960361e-01, -6.18647615e-01, -5.31441153e-01],
        [ 2.65103895e-01,  0.00000000e+00,  2.34691661e-02, ...,
         -3.12288789e-01, -3.88228510e-01, -2.87857871e-01],
        [ 2.42401439e-01, -2.34691661e-02,  0.00000000e+00, ...,
         -3.34498180e-01, -4.09749895e-01, -3.10254373e-01],
        ...,
        [ 5.52960361e-01,  3.12288789e-01,  3.34498180e-01, ...,
          0.00000000e+00, -8.10182844e-02,  2.56092879e-02],
        [ 6.18647615e-01,  3.88228510e-01,  4.09749895e-01, ...,
          8.10182844e-02,  0.00000000e+00,  1.06516813e-01],
        [ 5.31441153e-01,  2.87857871e-01,  3.10254373e-01, ...,
         -2.56092879e-02, -1.06516813e-01,  0.00000000e+00]],

       [[ 0.00000000e+00, -7.46519872e-01, -7.67078059e-01, ...,
         -8.89927245e-01, -8.44911694e-01, -8.53605232e-01],
        [ 7.46519872e-01,  0.00000000e+00, -3.14528053e-02, ...,
         -9.32614354e-01, -9.61490899e-01, -9.56834902e-01],
        [ 7.67078059e-01,  3.14528053e-02,  0.00000000e+00, ...,
         -9.20802414e-01, -9.52370803e-01, -9.47220305e-01],
        ...,
        [ 8.89927245e-01,  9.32614354e-01,  9.20802414e-01, ...,
          0.00000000e+00, -9.06609130e-02, -7.42498072e-02],
        [ 8.44911694e-01,  9.61490899e-01,  9.52370803e-01, ...,
          9.06609130e-02,  0.00000000e+00,  1.64666262e-02],
        [ 8.53605232e-01,  9.56834902e-01,  9.47220305e-01, ...,
          7.42498072e-02, -1.64666262e-02,  0.00000000e+00]],

       [[ 0.00000000e+00,  7.50188718e-02,  7.47362073e-02, ...,
         -5.38880921e-01, -5.29007774e-01, -5.31066734e-01],
        [-7.50188718e-02,  0.00000000e+00, -2.83460303e-04, ...,
         -6.00556960e-01, -5.91179379e-01, -5.93135989e-01],
        [-7.47362073e-02,  2.83460303e-04,  0.00000000e+00, ...,
         -6.00330286e-01, -5.90950733e-01, -5.92907751e-01],
        ...,
        [ 5.38880921e-01,  6.00556960e-01,  6.00330286e-01, ...,
          0.00000000e+00,  1.16768980e-02,  9.24893745e-03],
        [ 5.29007774e-01,  5.91179379e-01,  5.90950733e-01, ...,
         -1.16768980e-02,  0.00000000e+00, -2.42809169e-03],
        [ 5.31066734e-01,  5.93135989e-01,  5.92907751e-01, ...,
         -9.24893745e-03,  2.42809169e-03,  0.00000000e+00]]]), 'num': array([ 9.66236357e-01,  2.57645828e-01,  8.54753302e-06,  1.09992496e-09,
        8.56820420e-04,  8.65088892e-04,  8.48551948e-04,  3.74334403e-04,
       -5.16779506e-06,  8.51032490e-04,  8.45244559e-04,  8.46760446e-04,
        4.58054562e-07,  8.79088528e-04,  8.11400591e-04])}
{'img': array([[[ 0.00000000e+00,  1.13250484e-01,  2.62638763e-01, ...,
         -3.16133988e-01, -1.65677751e-01, -2.61315425e-01],
        [-1.13250484e-01,  0.00000000e+00,  1.51674330e-01, ...,
         -4.21542513e-01, -2.76297215e-01, -3.68949667e-01],
        [-2.62638763e-01, -1.51674330e-01,  0.00000000e+00, ...,
         -5.54205079e-01, -4.18870588e-01, -5.05654723e-01],
        ...,
        [ 3.16133988e-01,  4.21542513e-01,  5.54205079e-01, ...,
          0.00000000e+00,  1.54584105e-01,  5.72356799e-02],
        [ 1.65677751e-01,  2.76297215e-01,  4.18870588e-01, ...,
         -1.54584105e-01,  0.00000000e+00, -9.77830085e-02],
        [ 2.61315425e-01,  3.68949667e-01,  5.05654723e-01, ...,
         -5.72356799e-02,  9.77830085e-02,  0.00000000e+00]],

       [[ 0.00000000e+00,  1.36888671e-01, -3.06846129e-01, ...,
         -1.18220918e-03, -2.83733789e-02, -2.60640993e-01],
        [-1.36888671e-01,  0.00000000e+00, -4.34242658e-01, ...,
         -1.38059656e-01, -1.64939843e-01, -3.90344656e-01],
        [ 3.06846129e-01,  4.34242658e-01,  0.00000000e+00, ...,
          3.05720737e-01,  2.79717969e-01,  4.81727908e-02],
        ...,
        [ 1.18220918e-03,  1.38059656e-01, -3.05720737e-01, ...,
          0.00000000e+00, -2.71916259e-02, -2.59499463e-01],
        [ 2.83733789e-02,  1.64939843e-01, -2.79717969e-01, ...,
          2.71916259e-02,  0.00000000e+00, -2.33143382e-01],
        [ 2.60640993e-01,  3.90344656e-01, -4.81727908e-02, ...,
          2.59499463e-01,  2.33143382e-01,  0.00000000e+00]],

       [[ 0.00000000e+00, -2.56049939e-01, -1.93809448e-01, ...,
         -9.32977759e-01, -8.91875981e-01, -8.40645479e-01],
        [ 2.56049939e-01,  0.00000000e+00,  6.38464956e-02, ...,
         -8.09714512e-01, -7.46337730e-01, -6.73948337e-01],
        [ 1.93809448e-01, -6.38464956e-02,  0.00000000e+00, ...,
         -8.45529133e-01, -7.87309148e-01, -7.19741718e-01],
        ...,
        [ 9.32977759e-01,  8.09714512e-01,  8.45529133e-01, ...,
          0.00000000e+00,  1.00950706e-01,  2.02710594e-01],
        [ 8.91875981e-01,  7.46337730e-01,  7.87309148e-01, ...,
         -1.00950706e-01,  0.00000000e+00,  1.02820195e-01],
        [ 8.40645479e-01,  6.73948337e-01,  7.19741718e-01, ...,
         -2.02710594e-01, -1.02820195e-01,  0.00000000e+00]],

       ...,

       [[ 0.00000000e+00,  2.34691661e-02, -9.86410548e-02, ...,
         -3.88228510e-01, -2.87857871e-01, -4.40874009e-01],
        [-2.34691661e-02,  0.00000000e+00, -1.21968594e-01, ...,
         -4.09749895e-01, -3.10254373e-01, -4.61817771e-01],
        [ 9.86410548e-02,  1.21968594e-01,  0.00000000e+00, ...,
         -2.95431190e-01, -1.91988122e-01, -3.50186748e-01],
        ...,
        [ 3.88228510e-01,  4.09749895e-01,  2.95431190e-01, ...,
          0.00000000e+00,  1.06516813e-01, -5.78313615e-02],
        [ 2.87857871e-01,  3.10254373e-01,  1.91988122e-01, ...,
         -1.06516813e-01,  0.00000000e+00, -1.63840896e-01],
        [ 4.40874009e-01,  4.61817771e-01,  3.50186748e-01, ...,
          5.78313615e-02,  1.63840896e-01,  0.00000000e+00]],

       [[ 0.00000000e+00, -1.00208489e-01,  2.32575311e-01, ...,
         -9.73428247e-01, -9.77488443e-01, -9.79015799e-01],
        [ 1.00208489e-01,  0.00000000e+00,  3.28865245e-01, ...,
         -9.91475425e-01, -9.93711102e-01, -9.94508807e-01],
        [-2.32575311e-01, -3.28865245e-01,  0.00000000e+00, ...,
         -8.93477335e-01, -9.01613312e-01, -9.04774398e-01],
        ...,
        [ 9.73428247e-01,  9.91475425e-01,  8.93477335e-01, ...,
          0.00000000e+00,  1.84546542e-02,  2.58175714e-02],
        [ 9.77488443e-01,  9.93711102e-01,  9.01613312e-01, ...,
         -1.84546542e-02,  0.00000000e+00,  7.36467195e-03],
        [ 9.79015799e-01,  9.94508807e-01,  9.04774398e-01, ...,
         -2.58175714e-02, -7.36467195e-03,  0.00000000e+00]],

       [[ 0.00000000e+00, -2.83460303e-04,  4.63564135e-02, ...,
         -5.91179379e-01, -5.93135989e-01, -5.93482729e-01],
        [ 2.83460303e-04,  0.00000000e+00,  4.66395673e-02, ...,
         -5.90950733e-01, -5.92907751e-01, -5.93254563e-01],
        [-4.63564135e-02, -4.66395673e-02,  0.00000000e+00, ...,
         -6.27932146e-01, -6.29820001e-01, -6.30154521e-01],
        ...,
        [ 5.91179379e-01,  5.90950733e-01,  6.27932146e-01, ...,
          0.00000000e+00, -2.42809169e-03, -2.85883666e-03],
        [ 5.93135989e-01,  5.92907751e-01,  6.29820001e-01, ...,
          2.42809169e-03,  0.00000000e+00, -4.30746461e-04],
        [ 5.93482729e-01,  5.93254563e-01,  6.30154521e-01, ...,
          2.85883666e-03,  4.30746461e-04,  0.00000000e+00]]]), 'num': array([ 9.52250365e-01,  3.05308941e-01,  7.73853379e-06, -3.47983064e-09,
        8.46781969e-04,  8.50833558e-04,  8.38678793e-04,  3.07819426e-04,
        7.09027965e-06,  8.37868475e-04,  8.28803046e-04,  8.29731535e-04,
        5.31458351e-07,  8.62712414e-04,  7.94893678e-04])}
{'img': array([[[ 0.00000000e+00,  1.51674330e-01,  7.74129288e-01, ...,
         -2.76297215e-01, -3.68949667e-01, -2.37356469e-01],
        [-1.51674330e-01,  0.00000000e+00,  6.69158992e-01, ...,
         -4.18870588e-01, -5.05654723e-01, -3.81950253e-01],
        [-7.74129288e-01, -6.69158992e-01,  0.00000000e+00, ...,
         -9.18897910e-01, -9.53069278e-01, -9.02259879e-01],
        ...,
        [ 2.76297215e-01,  4.18870588e-01,  9.18897910e-01, ...,
          0.00000000e+00, -9.77830085e-02,  4.02846511e-02],
        [ 3.68949667e-01,  5.05654723e-01,  9.53069278e-01, ...,
          9.77830085e-02,  0.00000000e+00,  1.37795230e-01],
        [ 2.37356469e-01,  3.81950253e-01,  9.02259879e-01, ...,
         -4.02846511e-02, -1.37795230e-01,  0.00000000e+00]],

       [[ 0.00000000e+00, -4.34242658e-01,  4.27457612e-03, ...,
         -1.64939843e-01, -3.90344656e-01, -6.11803755e-01],
        [ 4.34242658e-01,  0.00000000e+00,  4.38089211e-01, ...,
          2.79717969e-01,  4.81727908e-02, -2.07620230e-01],
        [-4.27457612e-03, -4.38089211e-01,  0.00000000e+00, ...,
         -1.69154367e-01, -3.94276558e-01, -6.15179397e-01],
        ...,
        [ 1.64939843e-01, -2.79717969e-01,  1.69154367e-01, ...,
          0.00000000e+00, -2.33143382e-01, -4.72955267e-01],
        [ 3.90344656e-01, -4.81727908e-02,  3.94276558e-01, ...,
          2.33143382e-01,  0.00000000e+00, -2.54502268e-01],
        [ 6.11803755e-01,  2.07620230e-01,  6.15179397e-01, ...,
          4.72955267e-01,  2.54502268e-01,  0.00000000e+00]],

       [[ 0.00000000e+00,  6.38464956e-02,  3.94132938e-01, ...,
         -7.46337730e-01, -6.73948337e-01, -5.91863644e-01],
        [-6.38464956e-02,  0.00000000e+00,  3.34650459e-01, ...,
         -7.87309148e-01, -7.19741718e-01, -6.42118792e-01],
        [-3.94132938e-01, -3.34650459e-01,  0.00000000e+00, ...,
         -9.48246302e-01, -9.10571470e-01, -8.61640485e-01],
        ...,
        [ 7.46337730e-01,  7.87309148e-01,  9.48246302e-01, ...,
          0.00000000e+00,  1.02820195e-01,  2.07651490e-01],
        [ 6.73948337e-01,  7.19741718e-01,  9.10571470e-01, ...,
         -1.02820195e-01,  0.00000000e+00,  1.05971918e-01],
        [ 5.91863644e-01,  6.42118792e-01,  8.61640485e-01, ...,
         -2.07651490e-01, -1.05971918e-01,  0.00000000e+00]],

       ...,

       [[ 0.00000000e+00, -1.21968594e-01,  2.22719213e-01, ...,
         -3.10254373e-01, -4.61817771e-01, -1.23298941e-01],
        [ 1.21968594e-01,  0.00000000e+00,  3.39961447e-01, ...,
         -1.91988122e-01, -3.50186748e-01, -1.34046436e-03],
        [-2.22719213e-01, -3.39961447e-01,  0.00000000e+00, ...,
         -5.14190418e-01, -6.47764461e-01, -3.41221767e-01],
        ...,
        [ 3.10254373e-01,  1.91988122e-01,  5.14190418e-01, ...,
          0.00000000e+00, -1.63840896e-01,  1.90672421e-01],
        [ 4.61817771e-01,  3.50186748e-01,  6.47764461e-01, ...,
          1.63840896e-01,  0.00000000e+00,  3.48930847e-01],
        [ 1.23298941e-01,  1.34046436e-03,  3.41221767e-01, ...,
         -1.90672421e-01, -3.48930847e-01,  0.00000000e+00]],

       [[ 0.00000000e+00,  3.28865245e-01, -8.43789288e-02, ...,
         -9.93711102e-01, -9.94508807e-01, -9.99524452e-01],
        [-3.28865245e-01,  0.00000000e+00, -4.07377933e-01, ...,
         -9.01613312e-01, -9.04774398e-01, -9.33786810e-01],
        [ 8.43789288e-02,  4.07377933e-01,  0.00000000e+00, ...,
         -9.99615541e-01, -9.99792630e-01, -9.98561811e-01],
        ...,
        [ 9.93711102e-01,  9.01613312e-01,  9.99615541e-01, ...,
          0.00000000e+00,  7.36467195e-03,  8.12787888e-02],
        [ 9.94508807e-01,  9.04774398e-01,  9.99792630e-01, ...,
         -7.36467195e-03,  0.00000000e+00,  7.39362793e-02],
        [ 9.99524452e-01,  9.33786810e-01,  9.98561811e-01, ...,
         -8.12787888e-02, -7.39362793e-02,  0.00000000e+00]],

       [[ 0.00000000e+00,  4.66395673e-02,  2.94900402e-01, ...,
         -5.92907751e-01, -5.93254563e-01, -5.99535425e-01],
        [-4.66395673e-02,  0.00000000e+00,  2.50014074e-01, ...,
         -6.29820001e-01, -6.30154521e-01, -6.36210895e-01],
        [-2.94900402e-01, -2.50014074e-01,  0.00000000e+00, ...,
         -8.04014517e-01, -8.04270568e-01, -8.08895896e-01],
        ...,
        [ 5.92907751e-01,  6.29820001e-01,  8.04014517e-01, ...,
          0.00000000e+00, -4.30746461e-04, -8.25546179e-03],
        [ 5.93254563e-01,  6.30154521e-01,  8.04270568e-01, ...,
          4.30746461e-04,  0.00000000e+00, -7.82472924e-03],
        [ 5.99535425e-01,  6.36210895e-01,  8.08895896e-01, ...,
          8.25546179e-03,  7.82472924e-03,  0.00000000e+00]]]), 'num': array([9.52893174e-01, 3.03296750e-01, 7.68753165e-06, 2.28006770e-09,
       8.50257100e-04, 8.50257100e-04, 8.32145114e-04, 3.39197241e-04,
       9.05599278e-06, 8.39188664e-04, 8.24900320e-04, 8.24229506e-04,
       6.39086577e-07, 8.60484726e-04, 7.89315914e-04])}
{'img': array([[[ 0.        ,  0.66915899, -0.19749119, ..., -0.50565472,
         -0.38195025, -0.19749119],
        [-0.66915899,  0.        , -0.80273919, ..., -0.95306928,
         -0.90225988, -0.80273919],
        [ 0.19749119,  0.80273919,  0.        , ..., -0.32531293,
         -0.19190964,  0.        ],
        ...,
        [ 0.50565472,  0.95306928,  0.32531293, ...,  0.        ,
          0.13779523,  0.32531293],
        [ 0.38195025,  0.90225988,  0.19190964, ..., -0.13779523,
          0.        ,  0.19190964],
        [ 0.19749119,  0.80273919,  0.        , ..., -0.32531293,
         -0.19190964,  0.        ]],

       [[ 0.        ,  0.43808921,  0.77390959, ...,  0.04817279,
         -0.20762023, -0.04879769],
        [-0.43808921,  0.        ,  0.41825152, ..., -0.39427656,
         -0.6151794 , -0.48143309],
        [-0.77390959, -0.41825152,  0.        , ..., -0.74250345,
         -0.8885308 , -0.803891  ],
        ...,
        [-0.04817279,  0.39427656,  0.74250345, ...,  0.        ,
         -0.25450227, -0.09685644],
        [ 0.20762023,  0.6151794 ,  0.8885308 , ...,  0.25450227,
          0.        ,  0.15963853],
        [ 0.04879769,  0.48143309,  0.803891  , ...,  0.09685644,
         -0.15963853,  0.        ]],

       [[ 0.        ,  0.33465046,  0.46766647, ..., -0.71974172,
         -0.64211879, -0.47389208],
        [-0.33465046,  0.        ,  0.14490269, ..., -0.91057147,
         -0.86164049, -0.74125605],
        [-0.46766647, -0.14490269,  0.        , ..., -0.96085699,
         -0.92608754, -0.83069469],
        ...,
        [ 0.71974172,  0.91057147,  0.96085699, ...,  0.        ,
          0.10597192,  0.30479652],
        [ 0.64211879,  0.86164049,  0.92608754, ..., -0.10597192,
          0.        ,  0.20215074],
        [ 0.47389208,  0.74125605,  0.83069469, ..., -0.30479652,
         -0.20215074,  0.        ]],

       ...,

       [[ 0.        ,  0.33996145, -0.24308317, ..., -0.35018675,
         -0.00134046,  0.48878818],
        [-0.33996145,  0.        , -0.55836944, ..., -0.64776446,
         -0.34122177,  0.16309244],
        [ 0.24308317,  0.55836944,  0.        , ..., -0.11199193,
          0.2417827 ,  0.68619357],
        ...,
        [ 0.35018675,  0.64776446,  0.11199193, ...,  0.        ,
          0.34893085,  0.76334186],
        [ 0.00134046,  0.34122177, -0.2417827 , ..., -0.34893085,
          0.        ,  0.48995717],
        [-0.48878818, -0.16309244, -0.68619357, ..., -0.76334186,
         -0.48995717,  0.        ]],

       [[ 0.        , -0.40737793, -0.82870445, ..., -0.9047744 ,
         -0.93378681, -0.98711327],
        [ 0.40737793,  0.        , -0.52881844, ..., -0.99979263,
         -0.99856181, -0.96668061],
        [ 0.82870445,  0.52881844,  0.        , ..., -0.85932789,
         -0.81916301, -0.68508578],
        ...,
        [ 0.9047744 ,  0.99979263,  0.85932789, ...,  0.        ,
          0.07393628,  0.27561803],
        [ 0.93378681,  0.99856181,  0.81916301, ..., -0.07393628,
          0.        ,  0.20379114],
        [ 0.98711327,  0.96668061,  0.68508578, ..., -0.27561803,
         -0.20379114,  0.        ]],

       [[ 0.        ,  0.25001407,  0.6285418 , ..., -0.63015452,
         -0.6362109 , -0.64339778],
        [-0.25001407,  0.        ,  0.4141258 , ..., -0.80427057,
         -0.8088959 , -0.81435867],
        [-0.6285418 , -0.4141258 ,  0.        , ..., -0.97816264,
         -0.97975899, -0.98158811],
        ...,
        [ 0.63015452,  0.80427057,  0.97816264, ...,  0.        ,
         -0.00782473, -0.01717545],
        [ 0.6362109 ,  0.8088959 ,  0.97975899, ...,  0.00782473,
          0.        , -0.00935135],
        [ 0.64339778,  0.81435867,  0.98158811, ...,  0.01717545,
          0.00935135,  0.        ]]]), 'num': array([ 9.22324130e-01,  3.86410121e-01,  6.41045466e-06,  9.24689786e-09,
        8.19440381e-04,  8.32182875e-04,  8.16499806e-04,  3.57211313e-04,
       -8.82172659e-06,  8.19440381e-04,  8.04345427e-04,  8.02630091e-04,
        6.72540389e-07,  8.39694357e-04,  7.68996496e-04])}
{'img': array([[[ 0.        , -0.80273919, -0.91889791, ..., -0.90225988,
         -0.80273919, -0.90225988],
        [ 0.80273919,  0.        , -0.23128972, ..., -0.19190964,
          0.        , -0.19190964],
        [ 0.91889791,  0.23128972,  0.        , ...,  0.04028465,
          0.23128972,  0.04028465],
        ...,
        [ 0.90225988,  0.19190964, -0.04028465, ...,  0.        ,
          0.19190964,  0.        ],
        [ 0.80273919,  0.        , -0.23128972, ..., -0.19190964,
          0.        , -0.19190964],
        [ 0.90225988,  0.19190964, -0.04028465, ...,  0.        ,
          0.19190964,  0.        ]],

       [[ 0.        ,  0.41825152,  0.01887187, ..., -0.6151794 ,
         -0.48143309, -0.38683695],
        [-0.41825152,  0.        , -0.40103512, ..., -0.8885308 ,
         -0.803891  , -0.73706595],
        [-0.01887187,  0.40103512,  0.        , ..., -0.62994818,
         -0.49788821, -0.40417072],
        ...,
        [ 0.6151794 ,  0.8885308 ,  0.62994818, ...,  0.        ,
          0.15963853,  0.26230924],
        [ 0.48143309,  0.803891  ,  0.49788821, ..., -0.15963853,
          0.        ,  0.10489667],
        [ 0.38683695,  0.73706595,  0.40417072, ..., -0.26230924,
         -0.10489667,  0.        ]],

       [[ 0.        ,  0.14490269, -0.14567037, ..., -0.86164049,
         -0.74125605, -0.69610194],
        [-0.14490269,  0.        , -0.28748999, ..., -0.92608754,
         -0.83069469, -0.79278708],
        [ 0.14567037,  0.28748999,  0.        , ..., -0.77851902,
         -0.63557199, -0.58409373],
        ...,
        [ 0.86164049,  0.92608754,  0.77851902, ...,  0.        ,
          0.20215074,  0.26532367],
        [ 0.74125605,  0.83069469,  0.63557199, ..., -0.20215074,
          0.        ,  0.06494037],
        [ 0.69610194,  0.79278708,  0.58409373, ..., -0.26532367,
         -0.06494037,  0.        ]],

       ...,

       [[ 0.        , -0.55836944, -0.76642137, ..., -0.34122177,
          0.16309244,  0.44809618],
        [ 0.55836944,  0.        , -0.27715536, ...,  0.2417827 ,
          0.68619357,  0.87091129],
        [ 0.76642137,  0.27715536,  0.        , ...,  0.50124316,
          0.86092009,  0.97299874],
        ...,
        [ 0.34122177, -0.2417827 , -0.50124316, ...,  0.        ,
          0.48995717,  0.72624997],
        [-0.16309244, -0.68619357, -0.86092009, ..., -0.48995717,
          0.        ,  0.29629427],
        [-0.44809618, -0.87091129, -0.97299874, ..., -0.72624997,
         -0.29629427,  0.        ]],

       [[ 0.        , -0.68884346, -0.78023344, ..., -0.98017471,
         -0.99992304, -0.9947533 ],
        [ 0.68884346,  0.        , -0.13473551, ..., -0.84702268,
         -0.71630842, -0.65063612],
        [ 0.78023344,  0.13473551,  0.        , ..., -0.76767962,
         -0.61576058, -0.54238661],
        ...,
        [ 0.98017471,  0.84702268,  0.76767962, ...,  0.        ,
          0.21028014,  0.29737023],
        [ 0.99992304,  0.71630842,  0.61576058, ..., -0.21028014,
          0.        ,  0.08995385],
        [ 0.9947533 ,  0.65063612,  0.54238661, ..., -0.29737023,
         -0.08995385,  0.        ]],

       [[ 0.        ,  0.4141258 ,  0.59305672, ..., -0.8088959 ,
         -0.81435867, -0.81272444],
        [-0.4141258 ,  0.        ,  0.20637407, ..., -0.97975899,
         -0.98158811, -0.98104743],
        [-0.59305672, -0.20637407,  0.        , ..., -0.99997999,
         -0.99987712, -0.99991723],
        ...,
        [ 0.8088959 ,  0.97975899,  0.99997999, ...,  0.        ,
         -0.00935135, -0.00654109],
        [ 0.81435867,  0.98158811,  0.99987712, ...,  0.00935135,
          0.        ,  0.00281035],
        [ 0.81272444,  0.98104743,  0.99991723, ...,  0.00654109,
         -0.00281035,  0.        ]]]), 'num': array([9.65085901e-01, 2.61922448e-01, 8.37099349e-06, 3.20717988e-09,
       8.58563435e-04, 8.63673932e-04, 8.53452938e-04, 2.79973448e-04,
       4.08839731e-06, 8.55701557e-04, 8.38683603e-04, 8.36486089e-04,
       6.67661657e-07, 8.75430739e-04, 8.01936467e-04])}
{'img': array([[[ 0.        , -0.37997129, -0.2000103 , ...,  0.        ,
         -0.32488159, -0.2000103 ],
        [ 0.37997129,  0.        ,  0.18728433, ...,  0.37997129,
          0.05884472,  0.18728433],
        [ 0.2000103 , -0.18728433,  0.        , ...,  0.2000103 ,
         -0.12915628,  0.        ],
        ...,
        [ 0.        , -0.37997129, -0.2000103 , ...,  0.        ,
         -0.32488159, -0.2000103 ],
        [ 0.32488159, -0.05884472,  0.12915628, ...,  0.32488159,
          0.        ,  0.12915628],
        [ 0.2000103 , -0.18728433,  0.        , ...,  0.2000103 ,
         -0.12915628,  0.        ]],

       [[ 0.        , -0.40103512, -0.98271012, ..., -0.803891  ,
         -0.73706595, -0.97579181],
        [ 0.40103512,  0.        , -0.82597209, ..., -0.49788821,
         -0.40417072, -0.80617949],
        [ 0.98271012,  0.82597209,  0.        , ...,  0.43565197,
          0.52766762,  0.03425152],
        ...,
        [ 0.803891  ,  0.49788821, -0.43565197, ...,  0.        ,
          0.10489667, -0.40456604],
        [ 0.73706595,  0.40417072, -0.52766762, ..., -0.10489667,
          0.        , -0.49826302],
        [ 0.97579181,  0.80617949, -0.03425152, ...,  0.40456604,
          0.49826302,  0.        ]],

       [[ 0.        , -0.28748999, -0.38993041, ..., -0.83069469,
         -0.79278708, -0.76740643],
        [ 0.28748999,  0.        , -0.10873544, ..., -0.63557199,
         -0.58409373, -0.55068197],
        [ 0.38993041,  0.10873544,  0.        , ..., -0.54785523,
         -0.49237142, -0.45665371],
        ...,
        [ 0.83069469,  0.63557199,  0.54785523, ...,  0.        ,
          0.06494037,  0.10537217],
        [ 0.79278708,  0.58409373,  0.49237142, ..., -0.06494037,
          0.        ,  0.04057091],
        [ 0.76740643,  0.55068197,  0.45665371, ..., -0.10537217,
         -0.04057091,  0.        ]],

       ...,

       [[ 0.        , -0.27715536, -0.01296311, ...,  0.68619357,
          0.87091129,  0.75391575],
        [ 0.27715536,  0.        ,  0.26467679, ...,  0.86092009,
          0.97299874,  0.90646425],
        [ 0.01296311, -0.26467679,  0.        , ...,  0.69556552,
          0.87720871,  0.76236879],
        ...,
        [-0.68619357, -0.86092009, -0.69556552, ...,  0.        ,
          0.29629427,  0.09760328],
        [-0.87091129, -0.97299874, -0.87720871, ..., -0.29629427,
          0.        , -0.20165901],
        [-0.75391575, -0.90646425, -0.76236879, ..., -0.09760328,
          0.20165901,  0.        ]],

       [[ 0.        , -0.13473551, -0.17275816, ..., -0.71630842,
         -0.65063612, -0.65791756],
        [ 0.13473551,  0.        , -0.03847321, ..., -0.61576058,
         -0.54238661, -0.55045044],
        [ 0.17275816,  0.03847321,  0.        , ..., -0.58499036,
         -0.50966258, -0.51792286],
        ...,
        [ 0.71630842,  0.61576058,  0.58499036, ...,  0.        ,
          0.08995385,  0.08036046],
        [ 0.65063612,  0.54238661,  0.50966258, ..., -0.08995385,
          0.        , -0.00962825],
        [ 0.65791756,  0.55045044,  0.51792286, ..., -0.08036046,
          0.00962825,  0.        ]],

       [[ 0.        ,  0.20637407,  0.3478976 , ..., -0.98158811,
         -0.98104743, -0.98071951],
        [-0.20637407,  0.        ,  0.14692606, ..., -0.99987712,
         -0.99991723, -0.99993749],
        [-0.3478976 , -0.14692606,  0.        , ..., -0.98672268,
         -0.98717522, -0.98744284],
        ...,
        [ 0.98158811,  0.99987712,  0.98672268, ...,  0.        ,
          0.00281035,  0.00449548],
        [ 0.98104743,  0.99991723,  0.98717522, ..., -0.00281035,
          0.        ,  0.00168514],
        [ 0.98071951,  0.99993749,  0.98744284, ..., -0.00449548,
         -0.00168514,  0.        ]]]), 'num': array([9.97105540e-01, 7.59891868e-02, 1.09137009e-05, 6.94200394e-09,
       8.87395331e-04, 8.89498164e-04, 8.80035417e-04, 2.72064474e-04,
       4.20566508e-06, 8.83399949e-04, 8.62897332e-04, 8.60461551e-04,
       6.74658773e-07, 9.01080394e-04, 8.24714270e-04])}
{'img': array([[[ 0.        ,  0.18728433,  0.18728433, ...,  0.05884472,
          0.18728433,  0.33713547],
        [-0.18728433,  0.        ,  0.        , ..., -0.12915628,
          0.        ,  0.15485013],
        [-0.18728433,  0.        ,  0.        , ..., -0.12915628,
          0.        ,  0.15485013],
        ...,
        [-0.05884472,  0.12915628,  0.12915628, ...,  0.        ,
          0.12915628,  0.28115154],
        [-0.18728433,  0.        ,  0.        , ..., -0.12915628,
          0.        ,  0.15485013],
        [-0.33713547, -0.15485013, -0.15485013, ..., -0.28115154,
         -0.15485013,  0.        ]],

       [[ 0.        , -0.74910529, -0.76167768, ..., -0.39064812,
         -0.73885192, -0.8850237 ],
        [ 0.74910529,  0.        , -0.01918676, ...,  0.43079623,
          0.01534479, -0.23754184],
        [ 0.76167768,  0.01918676,  0.        , ...,  0.44803201,
          0.03452647, -0.21886053],
        ...,
        [ 0.39064812, -0.43079623, -0.44803201, ...,  0.        ,
         -0.41689761, -0.63283514],
        [ 0.73885192, -0.01534479, -0.03452647, ...,  0.41689761,
          0.        , -0.25241946],
        [ 0.8850237 ,  0.23754184,  0.21886053, ...,  0.63283514,
          0.25241946,  0.        ]],

       [[ 0.        , -0.27211708, -0.45167353, ..., -0.764853  ,
         -0.73639682, -0.65293679],
        [ 0.27211708,  0.        , -0.19185094, ..., -0.56069148,
         -0.52450749, -0.42219282],
        [ 0.45167353,  0.19185094,  0.        , ..., -0.39141878,
         -0.35142127, -0.24043616],
        ...,
        [ 0.764853  ,  0.56069148,  0.39141878, ...,  0.        ,
          0.04307079,  0.15868409],
        [ 0.73639682,  0.52450749,  0.35142127, ..., -0.04307079,
          0.        ,  0.11601178],
        [ 0.65293679,  0.42219282,  0.24043616, ..., -0.15868409,
         -0.11601178,  0.        ]],

       ...,

       [[ 0.        ,  0.26467679,  0.11396665, ...,  0.97299874,
          0.90646425,  0.87794918],
        [-0.26467679,  0.        , -0.15305003, ...,  0.87720871,
