state_0,state_1,state_2,state_3,state_4,state_5,state_6,state_7,state_8,state_9,state_10,state_11,state_12,state_13,state_14,state_15,state_16,state_17,state_18,state_19,state_20,state_21,state_22,state_23,state_24,state_25,state_26,state_27,state_28,state_29,state_30,state_31,state_32,state_33,state_34,state_35,state_36,state_37,state_38,state_39,state_40,state_41,state_42,state_43,state_44,state_45,state_46,state_47,state_48,state_49,state_50,state_51,state_52,state_53,state_54,state_55,state_56,state_57,state_58,state_59,state_60,state_61,state_62,state_63,state_64,state_65,state_66,state_67,state_68,state_69,state_70,state_71,state_72,state_73,state_74,state_75,state_76,state_77,state_78,state_79,state_80,state_81,state_82,state_83,state_84,state_85,state_86,state_87,state_88,state_89,state_90,state_91,state_92,state_93,state_94,state_95,state_96,state_97,state_98,state_99,state_100,state_101,state_102,state_103,state_104,state_105,state_106,state_107,state_108,state_109,state_110,state_111,state_112,state_113,state_114,state_115,state_116,state_117,state_118,state_119,state_120,state_121,state_122,state_123,state_124,state_125,state_126,state_127,state_128,state_129,state_130,state_131,state_132,state_133,state_134,state_135,state_136,state_137,state_138,state_139,state_140,state_141,state_142,state_143,state_144,state_145,state_146,state_147,state_148,state_149,state_150,state_151,state_152,state_153,state_154,state_155,state_156,state_157,state_158,state_159,state_160,state_161,state_162,state_163,state_164,state_165,state_166,state_167,state_168,state_169,state_170,state_171,state_172,state_173,state_174,state_175,state_176,state_177,state_178,state_179,state_180,state_181,state_182,state_183,state_184,state_185,state_186,state_187,state_188,state_189,state_190,state_191,state_192,state_193,state_194,state_195,state_196,state_197,state_198,state_199,state_200,state_201,state_202,state_203,state_204,state_205,state_206,state_207,state_208,state_209,state_210,state_211,state_212,state_213,state_214,state_215,state_216,state_217,state_218,state_219,state_220,state_221,state_222,state_223,state_224,state_225,state_226,state_227,state_228,state_229,state_230,state_231,state_232,state_233,state_234,state_235,state_236,state_237,state_238,state_239,state_240,state_241,state_242,state_243,state_244,state_245,state_246,state_247,state_248,state_249,state_250,state_251,state_252,state_253,state_254,state_255,state_256,state_257,state_258,state_259,state_260,state_261,state_262,state_263,state_264,state_265,state_266,state_267,state_268,state_269,state_270,state_271,state_272,state_273,state_274,state_275,state_276,state_277,state_278,state_279,state_280,state_281,state_282,state_283,state_284,state_285,state_286,state_287
{'img': array([[[ 0.        ,  0.3244029 ,  0.59230439, ..., -0.83510943,
         -0.9309277 , -0.91745073],
        [-0.3244029 ,  0.        ,  0.29889593, ..., -0.96839468,
         -0.99905528, -0.99689758],
        [-0.59230439, -0.29889593,  0.        , ..., -0.99867668,
         -0.9663734 , -0.97485111],
        ...,
        [ 0.83510943,  0.96839468,  0.99867668, ...,  0.        ,
         -0.20710337, -0.17242703],
        [ 0.9309277 ,  0.99905528,  0.9663734 , ...,  0.20710337,
          0.        ,  0.03531279],
        [ 0.91745073,  0.99689758,  0.97485111, ...,  0.17242703,
         -0.03531279,  0.        ]],

       [[ 0.        , -0.23455211, -0.48223241, ..., -0.09744913,
          0.06677316, -0.06381799],
        [ 0.23455211,  0.        , -0.26330203, ...,  0.13870512,
          0.29893906,  0.1720363 ],
        [ 0.48223241,  0.26330203,  0.        , ...,  0.39456757,
          0.53965234,  0.42534208],
        ...,
        [ 0.09744913, -0.13870512, -0.39456757, ...,  0.        ,
          0.16368699,  0.03373624],
        [-0.06677316, -0.29893906, -0.53965234, ..., -0.16368699,
          0.        , -0.1303126 ],
        [ 0.06381799, -0.1720363 , -0.42534208, ..., -0.03373624,
          0.1303126 ,  0.        ]],

       [[ 0.        , -0.0257167 ,  0.11392263, ..., -0.89952996,
         -0.92877512, -0.95798523],
        [ 0.0257167 ,  0.        ,  0.13943423, ..., -0.88799789,
         -0.91893621, -0.95029239],
        [-0.11392263, -0.13943423,  0.        , ..., -0.94344182,
         -0.96495315, -0.98442339],
        ...,
        [ 0.89952996,  0.88799789,  0.94344182, ...,  0.        ,
         -0.0723387 , -0.16050357],
        [ 0.92877512,  0.91893621,  0.96495315, ...,  0.0723387 ,
          0.        , -0.08868222],
        [ 0.95798523,  0.95029239,  0.98442339, ...,  0.16050357,
          0.08868222,  0.        ]],

       ...,

       [[ 0.        ,  0.18889199,  0.48191817, ...,  0.81407629,
          0.73618227,  0.68357551],
        [-0.18889199,  0.        ,  0.30773239, ...,  0.68972066,
          0.59509047,  0.53340125],
        [-0.48191817, -0.30773239,  0.        , ...,  0.43342905,
          0.31890067,  0.24721762],
        ...,
        [-0.81407629, -0.68972066, -0.43342905, ...,  0.        ,
         -0.12340955, -0.19718592],
        [-0.73618227, -0.59509047, -0.31890067, ...,  0.12340955,
          0.        , -0.07469206],
        [-0.68357551, -0.53340125, -0.24721762, ...,  0.19718592,
          0.07469206,  0.        ]],

       [[ 0.        , -0.04176569, -0.21138551, ..., -0.60697943,
         -0.56839586, -0.58207959],
        [ 0.04176569,  0.        , -0.17037917, ..., -0.63964172,
         -0.60226284, -0.61553269],
        [ 0.21138551,  0.17037917,  0.        , ..., -0.76125515,
         -0.72947022, -0.74081048],
        ...,
        [ 0.60697943,  0.63964172,  0.76125515, ...,  0.        ,
         -0.04768133, -0.03096543],
        [ 0.56839586,  0.60226284,  0.72947022, ...,  0.04768133,
          0.        ,  0.01672825],
        [ 0.58207959,  0.61553269,  0.74081048, ...,  0.03096543,
         -0.01672825,  0.        ]],

       [[ 0.        , -0.32618441, -0.44979366, ..., -0.97375817,
         -0.95943911, -0.97444875],
        [ 0.32618441,  0.        , -0.13386683, ..., -0.84626485,
         -0.81500711, -0.84788813],
        [ 0.44979366,  0.13386683,  0.        , ..., -0.76732868,
         -0.73010224, -0.76928371],
        ...,
        [ 0.97375817,  0.84626485,  0.76732868, ...,  0.        ,
          0.05616381, -0.00305433],
        [ 0.95943911,  0.81500711,  0.73010224, ..., -0.05616381,
          0.        , -0.05921306],
        [ 0.97444875,  0.84788813,  0.76928371, ...,  0.00305433,
          0.05921306,  0.        ]]]), 'num': array([7.07106406e-01, 7.07106406e-01, 0.00000000e+00, 0.00000000e+00,
       2.69080840e-04, 2.72437358e-04, 2.63486644e-04, 6.77904702e-04,
       6.15361588e-06, 2.66395626e-04, 2.80269232e-04, 2.76325324e-04,
       4.73005212e-07, 3.04317770e-04, 2.56220694e-04])}
{'img': array([[[ 0.        ,  0.29889593, -0.3244029 , ..., -0.99905528,
         -0.99689758, -0.97880798],
        [-0.29889593,  0.        , -0.59230439, ..., -0.9663734 ,
         -0.97485111, -0.99527045],
        [ 0.3244029 ,  0.59230439,  0.        , ..., -0.9309277 ,
         -0.91745073, -0.85944176],
        ...,
        [ 0.99905528,  0.9663734 ,  0.9309277 , ...,  0.        ,
          0.03531279,  0.16205041],
        [ 0.99689758,  0.97485111,  0.91745073, ..., -0.03531279,
          0.        ,  0.12710331],
        [ 0.97880798,  0.99527045,  0.85944176, ..., -0.16205041,
         -0.12710331,  0.        ]],

       [[ 0.        , -0.26330203, -0.01847348, ...,  0.29893906,
          0.1720363 ,  0.00631066],
        [ 0.26330203,  0.        ,  0.24543548, ...,  0.53965234,
          0.42534208,  0.26938476],
        [ 0.01847348, -0.24543548,  0.        , ...,  0.31651677,
          0.19020499,  0.02478269],
        ...,
        [-0.29893906, -0.53965234, -0.31651677, ...,  0.        ,
         -0.1303126 , -0.29291102],
        [-0.1720363 , -0.42534208, -0.19020499, ...,  0.1303126 ,
          0.        , -0.1658163 ],
        [-0.00631066, -0.26938476, -0.02478269, ...,  0.29291102,
          0.1658163 ,  0.        ]],

       [[ 0.        ,  0.13943423,  0.12210649, ..., -0.91893621,
         -0.95029239, -0.96216163],
        [-0.13943423,  0.        , -0.01747717, ..., -0.96495315,
         -0.98442339, -0.99075554],
        [-0.12210649,  0.01747717,  0.        , ..., -0.96021937,
         -0.9812003 , -0.98823328],
        ...,
        [ 0.91893621,  0.96495315,  0.96021937, ...,  0.        ,
         -0.08868222, -0.12909134],
        [ 0.95029239,  0.98442339,  0.9812003 , ...,  0.08868222,
          0.        , -0.04064253],
        [ 0.96216163,  0.99075554,  0.98823328, ...,  0.12909134,
          0.04064253,  0.        ]],

       ...,

       [[ 0.        ,  0.30773239,  0.34472755, ...,  0.59509047,
          0.53340125,  0.63490109],
        [-0.30773239,  0.        ,  0.03912968, ...,  0.31890067,
          0.24721762,  0.36633919],
        [-0.34472755, -0.03912968,  0.        , ...,  0.28156979,
          0.20911319,  0.32964918],
        ...,
        [-0.59509047, -0.31890067, -0.28156979, ...,  0.        ,
         -0.07469206,  0.0504808 ],
        [-0.53340125, -0.24721762, -0.20911319, ...,  0.07469206,
          0.        ,  0.12493662],
        [-0.63490109, -0.36633919, -0.32964918, ..., -0.0504808 ,
         -0.12493662,  0.        ]],

       [[ 0.        , -0.20735459, -0.34620358, ..., -0.56850783,
         -0.58219351, -0.57061851],
        [ 0.20735459,  0.        , -0.14414748, ..., -0.72673783,
         -0.73812973, -0.72849936],
        [ 0.34620358,  0.14414748,  0.        , ..., -0.81816499,
         -0.82767123, -0.81963879],
        ...,
        [ 0.56850783,  0.72673783,  0.81816499, ...,  0.        ,
          0.01673227,  0.0025679 ],
        [ 0.58219351,  0.73812973,  0.82767123, ..., -0.01673227,
          0.        , -0.01416467],
        [ 0.57061851,  0.72849936,  0.81963879, ..., -0.0025679 ,
          0.01416467,  0.        ]],

       [[ 0.        , -0.3231158 , -0.48832526, ..., -0.94810478,
         -0.96586636, -0.97346225],
        [ 0.3231158 ,  0.        , -0.18016044, ..., -0.79451064,
         -0.83035655, -0.8473009 ],
        [ 0.48832526,  0.18016044,  0.        , ..., -0.67210779,
         -0.71637839, -0.73775114],
        ...,
        [ 0.94810478,  0.79451064,  0.67210779, ...,  0.        ,
         -0.0615071 , -0.09254861],
        [ 0.96586636,  0.83035655,  0.71637839, ...,  0.0615071 ,
          0.        , -0.03113026],
        [ 0.97346225,  0.8473009 ,  0.73775114, ...,  0.09254861,
          0.03113026,  0.        ]]]), 'num': array([ 7.18214280e-01,  6.95821087e-01,  9.08445965e-07, -4.90517699e-12,
        2.79914913e-04,  2.81050470e-04,  2.67423781e-04,  8.00057006e-04,
        6.81334474e-06,  2.72079566e-04,  2.83690641e-04,  2.79697264e-04,
        5.05677930e-07,  3.07654065e-04,  2.59727218e-04])}
{'img': array([[[ 0.        , -0.59230439, -0.80844522, ..., -0.97485111,
         -0.99527045, -0.99919968],
        [ 0.59230439,  0.        , -0.30276242, ..., -0.91745073,
         -0.85944176, -0.78137728],
        [ 0.80844522,  0.30276242,  0.        , ..., -0.7539373 ,
         -0.66432243, -0.55576257],
        ...,
        [ 0.97485111,  0.91745073,  0.7539373 , ...,  0.        ,
          0.12710331,  0.26167283],
        [ 0.99527045,  0.85944176,  0.66432243, ..., -0.12710331,
          0.        ,  0.13687593],
        [ 0.99919968,  0.78137728,  0.55576257, ..., -0.26167283,
         -0.13687593,  0.        ]],

       [[ 0.        ,  0.24543548,  0.57667762, ...,  0.42534208,
          0.26938476,  0.33556496],
        [-0.24543548,  0.        ,  0.35852487, ...,  0.19020499,
          0.02478269,  0.0940966 ],
        [-0.57667762, -0.35852487,  0.        , ..., -0.17441959,
         -0.33527962, -0.26909305],
        ...,
        [-0.42534208, -0.19020499,  0.17441959, ...,  0.        ,
         -0.1658163 , -0.09698225],
        [-0.26938476, -0.02478269,  0.33527962, ...,  0.1658163 ,
          0.        ,  0.06939497],
        [-0.33556496, -0.0940966 ,  0.26909305, ...,  0.09698225,
         -0.06939497,  0.        ]],

       [[ 0.        , -0.01747717,  0.1387052 , ..., -0.98442339,
         -0.99075554, -0.98442339],
        [ 0.01747717,  0.        ,  0.15599225, ..., -0.9812003 ,
         -0.98823328, -0.9812003 ],
        [-0.1387052 , -0.15599225,  0.        , ..., -0.999294  ,
         -0.99999527, -0.999294  ],
        ...,
        [ 0.98442339,  0.9812003 ,  0.999294  , ...,  0.        ,
         -0.04064253,  0.        ],
        [ 0.99075554,  0.98823328,  0.99999527, ...,  0.04064253,
          0.        ,  0.04064253],
        [ 0.98442339,  0.9812003 ,  0.999294  , ...,  0.        ,
         -0.04064253,  0.        ]],

       ...,

       [[ 0.        ,  0.03912968, -0.15993992, ...,  0.24721762,
          0.36633919,  0.43916229],
        [-0.03912968,  0.        , -0.19844339, ...,  0.20911319,
          0.32964918,  0.40367154],
        [ 0.15993992,  0.19844339,  0.        , ...,  0.39901051,
          0.51044433,  0.57720011],
        ...,
        [-0.24721762, -0.20911319, -0.39901051, ...,  0.        ,
          0.12493662,  0.20342846],
        [-0.36633919, -0.32964918, -0.51044433, ..., -0.12493662,
          0.        ,  0.07951037],
        [-0.43916229, -0.40367154, -0.57720011, ..., -0.20342846,
         -0.07951037,  0.        ]],

       [[ 0.        , -0.28186889, -0.5000613 , ..., -0.58505123,
         -0.57343501, -0.5398607 ],
        [ 0.28186889,  0.        , -0.23568963, ..., -0.78992375,
         -0.78110529, -0.7552353 ],
        [ 0.5000613 ,  0.23568963,  0.        , ..., -0.9121964 ,
         -0.90626474, -0.88844276],
        ...,
        [ 0.58505123,  0.78992375,  0.9121964 , ...,  0.        ,
         -0.01425014, -0.05464438],
        [ 0.57343501,  0.78110529,  0.90626474, ...,  0.01425014,
          0.        , -0.04040998],
        [ 0.5398607 ,  0.7552353 ,  0.88844276, ...,  0.05464438,
          0.04040998,  0.        ]],

       [[ 0.        , -0.21581504, -0.35179731, ..., -0.86752917,
         -0.88283888, -0.8864331 ],
        [ 0.21581504,  0.        , -0.14148763, ..., -0.73974176,
         -0.76067099, -0.76565221],
        [ 0.35179731,  0.14148763,  0.        , ..., -0.63709425,
         -0.66117371, -0.66693717],
        ...,
        [ 0.86752917,  0.73974176,  0.63709425, ...,  0.        ,
         -0.03165436, -0.03935796],
        [ 0.88283888,  0.76067099,  0.66117371, ...,  0.03165436,
          0.        , -0.00770841],
        [ 0.8864331 ,  0.76565221,  0.66693717, ...,  0.03935796,
          0.00770841,  0.        ]]]), 'num': array([9.91382285e-01, 1.30955340e-01, 3.33498816e-05, 9.59972489e-10,
       3.88805669e-04, 3.96340662e-04, 3.66200688e-04, 3.27457258e-03,
       1.73304852e-05, 3.65748588e-04, 3.76146879e-04, 3.70420284e-04,
       7.20256739e-07, 4.07264122e-04, 3.45029637e-04])}
{'img': array([[[ 0.        , -0.42189724,  0.34487041, ..., -0.94878744,
         -0.89205203, -0.72326394],
        [ 0.42189724,  0.        ,  0.70868854, ..., -0.72692838,
         -0.61810416, -0.36439237],
        [-0.34487041, -0.70868854,  0.        , ..., -0.99952942,
         -0.99318313, -0.91704967],
        ...,
        [ 0.94878744,  0.72692838,  0.99952942, ...,  0.        ,
          0.1469753 ,  0.42671571],
        [ 0.89205203,  0.61810416,  0.99318313, ..., -0.1469753 ,
          0.        ,  0.28915926],
        [ 0.72326394,  0.36439237,  0.91704967, ..., -0.42671571,
         -0.28915926,  0.        ]],

       [[ 0.        ,  0.36651921,  0.15377925, ...,  0.02612469,
          0.09809384,  0.60730329],
        [-0.36651921,  0.        , -0.21908172, ..., -0.34208743,
         -0.27348401,  0.27385279],
        [-0.15377925,  0.21908172,  0.        , ..., -0.12791282,
         -0.05611056,  0.47790654],
        ...,
        [-0.02612469,  0.34208743,  0.12791282, ...,  0.        ,
          0.07206167,  0.58634072],
        [-0.09809384,  0.27348401,  0.05611056, ..., -0.07206167,
          0.        ,  0.52644174],
        [-0.60730329, -0.27385279, -0.47790654, ..., -0.58634072,
         -0.52644174,  0.        ]],

       [[ 0.        ,  0.15599225,  0.3150904 , ..., -0.98823328,
         -0.9812003 , -0.96170406],
        [-0.15599225,  0.        ,  0.16318689, ..., -0.99999527,
         -0.999294  , -0.99268705],
        [-0.3150904 , -0.16318689,  0.        , ..., -0.98608872,
         -0.99202956, -0.99907957],
        ...,
        [ 0.98823328,  0.99999527,  0.98608872, ...,  0.        ,
          0.04064253,  0.12376813],
        [ 0.9812003 ,  0.999294  ,  0.99202956, ..., -0.04064253,
          0.        ,  0.08333584],
        [ 0.96170406,  0.99268705,  0.99907957, ..., -0.12376813,
         -0.08333584,  0.        ]],

       ...,

       [[ 0.        , -0.19844339,  0.23209125, ...,  0.32964918,
          0.40367154,  0.5024716 ],
        [ 0.19844339,  0.        ,  0.4205002 , ...,  0.51044433,
          0.57720011,  0.66405153],
        [-0.23209125, -0.4205002 ,  0.        , ...,  0.10152962,
          0.18030768,  0.28808648],
        ...,
        [-0.32964918, -0.51044433, -0.10152962, ...,  0.        ,
          0.07951037,  0.18937259],
        [-0.40367154, -0.57720011, -0.18030768, ..., -0.07951037,
          0.        ,  0.11070139],
        [-0.5024716 , -0.66405153, -0.28808648, ..., -0.18937259,
         -0.11070139,  0.        ]],

       [[ 0.        , -0.42625501, -0.66840168, ..., -0.57874185,
         -0.5449327 , -0.52172941],
        [ 0.42625501,  0.        , -0.28758951, ..., -0.8711472 ,
         -0.85035399, -0.83560086],
        [ 0.66840168,  0.28758951,  0.        , ..., -0.97555727,
         -0.96576252, -0.95828344],
        ...,
        [ 0.57874185,  0.8711472 ,  0.97555727, ...,  0.        ,
         -0.04086484, -0.06825509],
        [ 0.5449327 ,  0.85035399,  0.96576252, ...,  0.04086484,
          0.        , -0.02742854],
        [ 0.52172941,  0.83560086,  0.95828344, ...,  0.06825509,
          0.02742854,  0.        ]],

       [[ 0.        , -0.14148763, -0.09769059, ..., -0.76067099,
         -0.76565221, -0.761629  ],
        [ 0.14148763,  0.        ,  0.04410304, ..., -0.66117371,
         -0.66693717, -0.66228117],
        [ 0.09769059, -0.04410304,  0.        , ..., -0.69361793,
         -0.69915003, -0.6946812 ],
        ...,
        [ 0.76067099,  0.66117371,  0.69361793, ...,  0.        ,
         -0.00770841, -0.00147711],
        [ 0.76565221,  0.66693717,  0.69915003, ...,  0.00770841,
          0.        ,  0.00623134],
        [ 0.761629  ,  0.66228117,  0.6946812 , ...,  0.00147711,
         -0.00623134,  0.        ]]]), 'num': array([9.98001496e-01, 6.31264974e-02, 3.54119317e-05, 6.07203553e-08,
       3.91981131e-04, 4.00147405e-04, 3.79360527e-04, 2.62989644e-03,
       8.90866208e-06, 3.69412521e-04, 3.71231373e-04, 3.64562249e-04,
       7.83785635e-07, 4.03081397e-04, 3.39381348e-04])}
{'img': array([[[ 0.        ,  0.70868854,  0.25906382, ..., -0.61810416,
         -0.36439237, -0.20411715],
        [-0.70868854,  0.        , -0.50171898, ..., -0.99318313,
         -0.91704967, -0.83777718],
        [-0.25906382,  0.50171898,  0.        , ..., -0.8006513 ,
         -0.59320411, -0.45075824],
        ...,
        [ 0.61810416,  0.99318313,  0.8006513 , ...,  0.        ,
          0.28915926,  0.44463517],
        [ 0.36439237,  0.91704967,  0.59320411, ..., -0.28915926,
          0.        ,  0.16663745],
        [ 0.20411715,  0.83777718,  0.45075824, ..., -0.44463517,
         -0.16663745,  0.        ]],

       [[ 0.        , -0.21908172, -0.37683006, ..., -0.27348401,
          0.27385279,  0.16032745],
        [ 0.21908172,  0.        , -0.164744  , ..., -0.05611056,
          0.47790654,  0.37268019],
        [ 0.37683006,  0.164744  ,  0.        , ...,  0.10914057,
          0.61608948,  0.52046384],
        ...,
        [ 0.27348401,  0.05611056, -0.10914057, ...,  0.        ,
          0.52644174,  0.4241614 ],
        [-0.27385279, -0.47790654, -0.61608948, ..., -0.52644174,
          0.        , -0.11611181],
        [-0.16032745, -0.37268019, -0.52046384, ..., -0.4241614 ,
          0.11611181,  0.        ]],

       [[ 0.        ,  0.16318689, -0.15599225, ..., -0.999294  ,
         -0.99268705, -0.95970156],
        [-0.16318689,  0.        , -0.3150904 , ..., -0.99202956,
         -0.99907957, -0.99269591],
        [ 0.15599225,  0.3150904 ,  0.        , ..., -0.9812003 ,
         -0.96170406, -0.90411604],
        ...,
        [ 0.999294  ,  0.99202956,  0.9812003 , ...,  0.        ,
          0.08333584,  0.24476686],
        [ 0.99268705,  0.99907957,  0.96170406, ..., -0.08333584,
          0.        ,  0.16311452],
        [ 0.95970156,  0.99269591,  0.90411604, ..., -0.24476686,
         -0.16311452,  0.        ]],

       ...,

       [[ 0.        ,  0.4205002 ,  0.44759968, ...,  0.57720011,
          0.66405153,  0.77705211],
        [-0.4205002 ,  0.        ,  0.03007821, ...,  0.18030768,
          0.28808648,  0.44033543],
        [-0.44759968, -0.03007821,  0.        , ...,  0.15064086,
          0.25915311,  0.41313098],
        ...,
        [-0.57720011, -0.18030768, -0.15064086, ...,  0.        ,
          0.11070139,  0.2712322 ],
        [-0.66405153, -0.28808648, -0.25915311, ..., -0.11070139,
          0.        ,  0.1630135 ],
        [-0.77705211, -0.44033543, -0.41313098, ..., -0.2712322 ,
         -0.1630135 ,  0.        ]],

       [[ 0.        , -0.55605836, -0.75778523, ..., -0.55718315,
         -0.53357347, -0.57523359],
        [ 0.55605836,  0.        , -0.26699775, ..., -0.92484411,
         -0.91376441, -0.93295124],
        [ 0.75778523,  0.26699775,  0.        , ..., -0.99282126,
         -0.98905853, -0.99520238],
        ...,
        [ 0.55718315,  0.92484411,  0.99282126, ...,  0.        ,
         -0.02816584,  0.02189821],
        [ 0.53357347,  0.91376441,  0.98905853, ...,  0.02816584,
          0.        ,  0.05004861],
        [ 0.57523359,  0.93295124,  0.99520238, ..., -0.02189821,
         -0.05004861,  0.        ]],

       [[ 0.        ,  0.04410304,  0.10138484, ..., -0.66693717,
         -0.66228117, -0.66993024],
        [-0.04410304,  0.        ,  0.0574104 , ..., -0.69915003,
         -0.6946812 , -0.70202155],
        [-0.10138484, -0.0574104 ,  0.        , ..., -0.73904389,
         -0.73483176, -0.74174882],
        ...,
        [ 0.66693717,  0.69915003,  0.73904389, ...,  0.        ,
          0.00623134, -0.00402418],
        [ 0.66228117,  0.6946812 ,  0.73483176, ..., -0.00623134,
          0.        , -0.01025539],
        [ 0.66993024,  0.70202155,  0.74174882, ...,  0.00402418,
          0.01025539,  0.        ]]]), 'num': array([9.98696790e-01, 5.10089604e-02, 3.58972663e-05, 9.44024386e-08,
       3.92254896e-04, 3.96712338e-04, 3.86311640e-04, 1.28549656e-03,
       0.00000000e+00, 3.78288245e-04, 3.72084971e-04, 3.64655901e-04,
       8.97811013e-07, 4.05022740e-04, 3.39147203e-04])}
{'img': array([[[ 0.        , -0.50171898, -0.69625821, ..., -0.91704967,
         -0.83777718, -0.83777718],
        [ 0.50171898,  0.        , -0.24215513, ..., -0.59320411,
         -0.45075824, -0.45075824],
        [ 0.69625821,  0.24215513,  0.        , ..., -0.3806014 ,
         -0.22118374, -0.22118374],
        ...,
        [ 0.91704967,  0.59320411,  0.3806014 , ...,  0.        ,
          0.16663745,  0.16663745],
        [ 0.83777718,  0.45075824,  0.22118374, ..., -0.16663745,
          0.        ,  0.        ],
        [ 0.83777718,  0.45075824,  0.22118374, ..., -0.16663745,
          0.        ,  0.        ]],

       [[ 0.        , -0.164744  , -0.37875549, ...,  0.47790654,
          0.37268019,  0.0366007 ],
        [ 0.164744  ,  0.        , -0.22111027, ...,  0.61608948,
          0.52046384,  0.20073422],
        [ 0.37875549,  0.22111027,  0.        , ...,  0.77500383,
          0.6963842 ,  0.41237554],
        ...,
        [-0.47790654, -0.61608948, -0.77500383, ...,  0.        ,
         -0.11611181, -0.44543588],
        [-0.37268019, -0.52046384, -0.6963842 , ...,  0.11611181,
          0.        , -0.3384665 ],
        [-0.0366007 , -0.20073422, -0.41237554, ...,  0.44543588,
          0.3384665 ,  0.        ]],

       [[ 0.        , -0.3150904 , -0.51825213, ..., -0.99907957,
         -0.99269591, -0.96111759],
        [ 0.3150904 ,  0.        , -0.22237913, ..., -0.96170406,
         -0.90411604, -0.82515098],
        [ 0.51825213,  0.22237913,  0.        , ..., -0.87667136,
         -0.7864575 , -0.67886473],
        ...,
        [ 0.99907957,  0.96170406,  0.87667136, ...,  0.        ,
          0.16311452,  0.31711281],
        [ 0.99269591,  0.90411604,  0.7864575 , ..., -0.16311452,
          0.        ,  0.15816994],
        [ 0.96111759,  0.82515098,  0.67886473, ..., -0.31711281,
         -0.15816994,  0.        ]],

       ...,

       [[ 0.        ,  0.03007821,  0.05460547, ...,  0.28808648,
          0.44033543,  0.64583324],
        [-0.03007821,  0.        ,  0.02454743, ...,  0.25915311,
          0.41313098,  0.62257696],
        [-0.05460547, -0.02454743,  0.        , ...,  0.23536622,
          0.39065184,  0.60317955],
        ...,
        [-0.28808648, -0.25915311, -0.23536622, ...,  0.        ,
          0.1630135 ,  0.39850491],
        [-0.44033543, -0.41313098, -0.39065184, ..., -0.1630135 ,
          0.        ,  0.24366397],
        [-0.64583324, -0.62257696, -0.60317955, ..., -0.39850491,
         -0.24366397,  0.        ]],

       [[ 0.        , -0.59342702, -0.83871546, ..., -0.55547973,
         -0.59838959, -0.63366339],
        [ 0.59342702,  0.        , -0.35190934, ..., -0.94055128,
         -0.95709334, -0.96910835],
        [ 0.83871546,  0.35190934,  0.        , ..., -0.99991467,
         -0.99784821, -0.99391174],
        ...,
        [ 0.55547973,  0.94055128,  0.99991467, ...,  0.        ,
          0.05252565,  0.09718611],
        [ 0.59838959,  0.95709334,  0.99784821, ..., -0.05252565,
          0.        ,  0.04477495],
        [ 0.63366339,  0.96910835,  0.99391174, ..., -0.09718611,
         -0.04477495,  0.        ]],

       [[ 0.        ,  0.0574104 ,  0.2452654 , ..., -0.6946812 ,
         -0.70202155, -0.70811596],
        [-0.0574104 ,  0.        ,  0.18920402, ..., -0.73483176,
         -0.74174882, -0.7474853 ],
        [-0.2452654 , -0.18920402,  0.        , ..., -0.84988659,
         -0.85524614, -0.8596682 ],
        ...,
        [ 0.6946812 ,  0.73483176,  0.84988659, ...,  0.        ,
         -0.01025539, -0.01884865],
        [ 0.70202155,  0.74174882,  0.85524614, ...,  0.01025539,
          0.        , -0.00859409],
        [ 0.70811596,  0.7474853 ,  0.8596682 , ...,  0.01884865,
          0.00859409,  0.        ]]]), 'num': array([ 9.97806384e-01,  6.61440790e-02,  3.56958738e-05,  9.52947410e-08,
        3.91619296e-04,  4.01372267e-04,  3.61610155e-04,  2.49437484e-03,
       -4.50137122e-06,  3.88168245e-04,  3.75714451e-04,  3.67712013e-04,
        9.38611914e-07,  4.08903395e-04,  3.42525507e-04])}
{'img': array([[[ 0.00000000e+00, -5.39313198e-01, -3.20145396e-01, ...,
         -7.53109896e-01, -7.53109896e-01, -8.15364915e-01],
        [ 5.39313198e-01,  0.00000000e+00,  2.41332170e-01, ...,
         -2.79386492e-01, -2.79386492e-01, -3.74389129e-01],
        [ 3.20145396e-01, -2.41332170e-01,  0.00000000e+00, ...,
         -5.02850562e-01, -5.02850562e-01, -5.87103637e-01],
        ...,
        [ 7.53109896e-01,  2.79386492e-01,  5.02850562e-01, ...,
          0.00000000e+00,  0.00000000e+00, -1.00413294e-01],
        [ 7.53109896e-01,  2.79386492e-01,  5.02850562e-01, ...,
          0.00000000e+00,  0.00000000e+00, -1.00413294e-01],
        [ 8.15364915e-01,  3.74389129e-01,  5.87103637e-01, ...,
          1.00413294e-01,  1.00413294e-01,  0.00000000e+00]],

       [[ 0.00000000e+00, -2.21110270e-01, -4.58714294e-02, ...,
          5.20463839e-01,  2.00734218e-01,  4.91181229e-01],
        [ 2.21110270e-01,  0.00000000e+00,  1.76141462e-01, ...,
          6.96384200e-01,  4.12375542e-01,  6.71623649e-01],
        [ 4.58714294e-02, -1.76141462e-01,  0.00000000e+00, ...,
          5.59084840e-01,  2.45460666e-01,  5.30620836e-01],
        ...,
        [-5.20463839e-01, -6.96384200e-01, -5.59084840e-01, ...,
          0.00000000e+00, -3.38466503e-01, -3.39422299e-02],
        [-2.00734218e-01, -4.12375542e-01, -2.45460666e-01, ...,
          3.38466503e-01,  0.00000000e+00,  3.06332571e-01],
        [-4.91181229e-01, -6.71623649e-01, -5.30620836e-01, ...,
          3.39422299e-02, -3.06332571e-01,  0.00000000e+00]],

       [[ 0.00000000e+00, -4.28136894e-01, -4.81941172e-01, ...,
         -9.88696429e-01, -9.50902353e-01, -9.06463881e-01],
        [ 4.28136894e-01,  0.00000000e+00, -6.04018544e-02, ...,
         -8.29307610e-01, -7.26839126e-01, -6.38388918e-01],
        [ 4.81941172e-01,  6.04018544e-02,  0.00000000e+00, ...,
         -7.94041317e-01, -6.84027559e-01, -5.90731159e-01],
        ...,
        [ 9.88696429e-01,  8.29307610e-01,  7.94041317e-01, ...,
          0.00000000e+00,  1.63422751e-01,  2.81602807e-01],
        [ 9.50902353e-01,  7.26839126e-01,  6.84027559e-01, ...,
         -1.63422751e-01,  0.00000000e+00,  1.21007770e-01],
        [ 9.06463881e-01,  6.38388918e-01,  5.90731159e-01, ...,
         -2.81602807e-01, -1.21007770e-01,  0.00000000e+00]],

       ...,

       [[ 0.00000000e+00,  2.45474298e-02, -1.13494624e-01, ...,
          4.13130977e-01,  6.22576957e-01,  6.75394127e-01],
        [-2.45474298e-02,  0.00000000e+00, -1.37849243e-01, ...,
          3.90651839e-01,  6.03179552e-01,  6.57087935e-01],
        [ 1.13494624e-01,  1.37849243e-01,  0.00000000e+00, ...,
          5.13817909e-01,  7.07370437e-01,  7.54727543e-01],
        ...,
        [-4.13130977e-01, -3.90651839e-01, -5.13817909e-01, ...,
          0.00000000e+00,  2.43663974e-01,  3.10395947e-01],
        [-6.22576957e-01, -6.03179552e-01, -7.07370437e-01, ...,
         -2.43663974e-01,  0.00000000e+00,  6.94117565e-02],
        [-6.75394127e-01, -6.57087935e-01, -7.54727543e-01, ...,
         -3.10395947e-01, -6.94117565e-02,  0.00000000e+00]],

       [[ 0.00000000e+00, -7.02644388e-01, -8.55711881e-01, ...,
         -6.26134403e-01, -6.62416761e-01, -6.60120653e-01],
        [ 7.02644388e-01,  0.00000000e+00, -2.45289095e-01, ...,
         -9.93382890e-01, -9.97712682e-01, -9.97501102e-01],
        [ 8.55711881e-01,  2.45289095e-01,  0.00000000e+00, ...,
         -9.91206379e-01, -9.83813434e-01, -9.84357320e-01],
        ...,
        [ 6.26134403e-01,  9.93382890e-01,  9.91206379e-01, ...,
          0.00000000e+00,  4.74368564e-02,  4.43792120e-02],
        [ 6.62416761e-01,  9.97712682e-01,  9.83813434e-01, ...,
         -4.74368564e-02,  0.00000000e+00, -3.06086790e-03],
        [ 6.60120653e-01,  9.97501102e-01,  9.84357320e-01, ...,
         -4.43792120e-02,  3.06086790e-03,  0.00000000e+00]],

       [[ 0.00000000e+00,  1.89204017e-01,  3.83871839e-01, ...,
         -7.41748823e-01, -7.47485298e-01, -7.47054524e-01],
        [-1.89204017e-01,  0.00000000e+00,  2.02229856e-01, ...,
         -8.55246136e-01, -8.59668200e-01, -8.59336861e-01],
        [-3.83871839e-01, -2.02229856e-01,  0.00000000e+00, ...,
         -9.42375075e-01, -9.45215498e-01, -9.45003681e-01],
        ...,
        [ 7.41748823e-01,  8.55246136e-01,  9.42375075e-01, ...,
          0.00000000e+00, -8.59409373e-03, -7.94586927e-03],
        [ 7.47485298e-01,  8.59668200e-01,  9.45215498e-01, ...,
          8.59409373e-03,  0.00000000e+00,  6.48246599e-04],
        [ 7.47054524e-01,  8.59336861e-01,  9.45003681e-01, ...,
          7.94586927e-03, -6.48246599e-04,  0.00000000e+00]]]), 'num': array([ 9.99607619e-01,  2.79141806e-02,  3.73728245e-05,  7.87771607e-08,
        3.92286410e-04,  3.99830380e-04,  3.77952868e-04,  2.05588255e-03,
       -1.50879389e-06,  3.94398722e-04,  3.77839709e-04,  3.69327597e-04,
        7.08397129e-07,  4.11276688e-04,  3.44402729e-04])}
{'img': array([[[ 0.00000000e+00,  4.52248663e-01,  3.08174152e-02, ...,
         -3.16770095e-01, -4.17507124e-01, -4.48199360e-01],
        [-4.52248663e-01,  0.00000000e+00, -4.24548056e-01, ...,
         -7.11483599e-01, -7.83317662e-01, -8.04025664e-01],
        [-3.08174152e-02,  4.24548056e-01,  0.00000000e+00, ...,
         -3.45850030e-01, -4.45311794e-01, -4.75535203e-01],
        ...,
        [ 3.16770095e-01,  7.11483599e-01,  3.45850030e-01, ...,
          0.00000000e+00, -1.08165850e-01, -1.41946705e-01],
        [ 4.17507124e-01,  7.83317662e-01,  4.45311794e-01, ...,
          1.08165850e-01,  0.00000000e+00, -3.40432893e-02],
        [ 4.48199360e-01,  8.04025664e-01,  4.75535203e-01, ...,
          1.41946705e-01,  3.40432893e-02,  0.00000000e+00]],

       [[ 0.00000000e+00,  1.76141462e-01,  1.86004412e-01, ...,
          4.12375542e-01,  6.71623649e-01,  5.93452318e-01],
        [-1.76141462e-01,  0.00000000e+00,  1.00286060e-02, ...,
          2.45460666e-01,  5.30620836e-01,  4.42402781e-01],
        [-1.86004412e-01, -1.00286060e-02,  0.00000000e+00, ...,
          2.35726526e-01,  5.22093812e-01,  4.33386715e-01],
        ...,
        [-4.12375542e-01, -2.45460666e-01, -2.35726526e-01, ...,
          0.00000000e+00,  3.06332571e-01,  2.08734987e-01],
        [-6.71623649e-01, -5.30620836e-01, -5.22093812e-01, ...,
         -3.06332571e-01,  0.00000000e+00, -1.00884792e-01],
        [-5.93452318e-01, -4.42402781e-01, -4.33386715e-01, ...,
         -2.08734987e-01,  1.00884792e-01,  0.00000000e+00]],

       [[ 0.00000000e+00, -2.38680033e-01, -2.13794705e-01, ...,
         -9.26732200e-01, -8.69337066e-01, -8.20076201e-01],
        [ 2.38680033e-01,  0.00000000e+00,  2.55457516e-02, ...,
         -8.10270563e-01, -7.26251354e-01, -6.59788893e-01],
        [ 2.13794705e-01, -2.55457516e-02,  0.00000000e+00, ...,
         -8.24977375e-01, -7.43575242e-01, -6.78769955e-01],
        ...,
        [ 9.26732200e-01,  8.10270563e-01,  8.24977375e-01, ...,
          0.00000000e+00,  1.31379733e-01,  2.22205403e-01],
        [ 8.69337066e-01,  7.26251354e-01,  7.43575242e-01, ...,
         -1.31379733e-01,  0.00000000e+00,  9.21841291e-02],
        [ 8.20076201e-01,  6.59788893e-01,  6.78769955e-01, ...,
         -2.22205403e-01, -9.21841291e-02,  0.00000000e+00]],

       ...,

       [[ 0.00000000e+00, -1.37849243e-01, -4.36396054e-02, ...,
          6.03179552e-01,  6.57087935e-01,  2.07803523e-01],
        [ 1.37849243e-01,  0.00000000e+00,  9.44949319e-02, ...,
          7.07370437e-01,  7.54727543e-01,  3.40659744e-01],
        [ 4.36396054e-02, -9.44949319e-02,  0.00000000e+00, ...,
          6.37412113e-01,  6.89358095e-01,  2.50292535e-01],
        ...,
        [-6.03179552e-01, -7.07370437e-01, -6.37412113e-01, ...,
          0.00000000e+00,  6.94117565e-02, -4.24267277e-01],
        [-6.57087935e-01, -7.54727543e-01, -6.89358095e-01, ...,
         -6.94117565e-02,  0.00000000e+00, -4.86098899e-01],
        [-2.07803523e-01, -3.40659744e-01, -2.50292535e-01, ...,
          4.24267277e-01,  4.86098899e-01,  0.00000000e+00]],

       [[ 0.00000000e+00, -6.34162014e-01, -7.87710525e-01, ...,
         -7.07358010e-01, -7.04986570e-01, -7.07141624e-01],
        [ 6.34162014e-01,  0.00000000e+00, -2.18385239e-01, ...,
         -9.95190235e-01, -9.94856551e-01, -9.95160204e-01],
        [ 7.87710525e-01,  2.18385239e-01,  0.00000000e+00, ...,
         -9.92562247e-01, -9.92964418e-01, -9.92599462e-01],
        ...,
        [ 7.07358010e-01,  9.95190235e-01,  9.92562247e-01, ...,
          0.00000000e+00, -3.34930213e-03, -3.06077747e-04],
        [ 7.04986570e-01,  9.94856551e-01,  9.92964418e-01, ...,
          3.34930213e-03,  0.00000000e+00,  3.04322595e-03],
        [ 7.07141624e-01,  9.95160204e-01,  9.92599462e-01, ...,
          3.06077747e-04, -3.04322595e-03,  0.00000000e+00]],

       [[ 0.00000000e+00,  2.02229856e-01,  3.04781108e-01, ...,
         -8.59668200e-01, -8.59336861e-01, -8.59574584e-01],
        [-2.02229856e-01,  0.00000000e+00,  1.05875496e-01, ...,
         -9.45215498e-01, -9.45003681e-01, -9.45155668e-01],
        [-3.04781108e-01, -1.05875496e-01,  0.00000000e+00, ...,
         -9.74465555e-01, -9.74319795e-01, -9.74424398e-01],
        ...,
        [ 8.59668200e-01,  9.45215498e-01,  9.74465555e-01, ...,
          0.00000000e+00,  6.48246599e-04,  1.83227145e-04],
        [ 8.59336861e-01,  9.45003681e-01,  9.74319795e-01, ...,
         -6.48246599e-04,  0.00000000e+00, -4.65019482e-04],
        [ 8.59574584e-01,  9.45155668e-01,  9.74424398e-01, ...,
         -1.83227145e-04,  4.65019482e-04,  0.00000000e+00]]]), 'num': array([9.99747663e-01, 2.23824814e-02, 3.75188158e-05, 7.27360439e-08,
       3.92358551e-04, 3.96877076e-04, 3.81062240e-04, 1.56732556e-03,
       7.53087431e-07, 3.94467196e-04, 3.77183840e-04, 3.68422923e-04,
       9.10710381e-07, 4.10562778e-04, 3.43804901e-04])}
{'img': array([[[ 0.00000000e+00, -4.24548056e-01, -8.95059894e-01, ...,
         -7.83317662e-01, -8.04025664e-01, -7.93854224e-01],
        [ 4.24548056e-01,  0.00000000e+00, -6.21066581e-01, ...,
         -4.45311794e-01, -4.75535203e-01, -4.60588790e-01],
        [ 8.95059894e-01,  6.21066581e-01,  0.00000000e+00, ...,
          2.07071247e-01,  1.73645789e-01,  1.90277106e-01],
        ...,
        [ 7.83317662e-01,  4.45311794e-01, -2.07071247e-01, ...,
          0.00000000e+00, -3.40432893e-02, -1.71351286e-02],
        [ 8.04025664e-01,  4.75535203e-01, -1.73645789e-01, ...,
          3.40432893e-02,  0.00000000e+00,  1.69130948e-02],
        [ 7.93854224e-01,  4.60588790e-01, -1.90277106e-01, ...,
          1.71351286e-02, -1.69130948e-02,  0.00000000e+00]],

       [[ 0.00000000e+00,  6.04745909e-02,  9.68939637e-01, ...,
          6.56174414e-01,  5.73665022e-01,  4.59180088e-01],
        [-6.04745909e-02,  0.00000000e+00,  9.82121429e-01, ...,
          6.09338755e-01,  5.23080931e-01,  4.04617476e-01],
        [-9.68939637e-01, -9.82121429e-01,  0.00000000e+00, ...,
         -8.93441019e-01, -9.35514616e-01, -9.74304960e-01],
        ...,
        [-6.56174414e-01, -6.09338755e-01,  8.93441019e-01, ...,
          0.00000000e+00, -1.04572967e-01, -2.36406533e-01],
        [-5.73665022e-01, -5.23080931e-01,  9.35514616e-01, ...,
          1.04572967e-01,  0.00000000e+00, -1.33501601e-01],
        [-4.59180088e-01, -4.04617476e-01,  9.74304960e-01, ...,
          2.36406533e-01,  1.33501601e-01,  0.00000000e+00]],

       [[ 0.00000000e+00,  1.07989388e-01, -4.54823659e-01, ...,
         -7.98884537e-01, -7.38430676e-01, -7.26008328e-01],
        [-1.07989388e-01,  0.00000000e+00, -5.48337224e-01, ...,
         -8.59166631e-01, -8.06932786e-01, -7.96025445e-01],
        [ 4.54823659e-01,  5.48337224e-01,  0.00000000e+00, ...,
         -4.37902462e-01, -3.50931747e-01, -3.33793778e-01],
        ...,
        [ 7.98884537e-01,  8.59166631e-01,  4.37902462e-01, ...,
          0.00000000e+00,  9.45567888e-02,  1.12698946e-01],
        [ 7.38430676e-01,  8.06932786e-01,  3.50931747e-01, ...,
         -9.45567888e-02,  0.00000000e+00,  1.82396106e-02],
        [ 7.26008328e-01,  7.96025445e-01,  3.33793778e-01, ...,
         -1.12698946e-01, -1.82396106e-02,  0.00000000e+00]],

       ...,

       [[ 0.00000000e+00,  9.44949319e-02, -6.45220718e-02, ...,
          7.54727543e-01,  3.40659744e-01,  7.08277623e-01],
        [-9.44949319e-02,  0.00000000e+00, -1.58531389e-01, ...,
          6.89358095e-01,  2.50292535e-01,  6.38401138e-01],
        [ 6.45220718e-02,  1.58531389e-01,  0.00000000e+00, ...,
          7.95483857e-01,  4.00612696e-01,  7.52350095e-01],
        ...,
        [-7.54727543e-01, -6.89358095e-01, -7.95483857e-01, ...,
          0.00000000e+00, -4.86098899e-01, -6.81305383e-02],
        [-3.40659744e-01, -2.50292535e-01, -4.00612696e-01, ...,
