state_0,state_1,state_2,state_3,state_4,state_5,state_6,state_7,state_8,state_9,state_10,state_11,state_12,state_13,state_14,state_15,state_16,state_17,state_18,state_19,state_20,state_21,state_22,state_23,state_24,state_25,state_26,state_27,state_28,state_29,state_30,state_31,state_32,state_33,state_34,state_35,state_36,state_37,state_38,state_39,state_40,state_41,state_42,state_43,state_44,state_45,state_46,state_47,state_48,state_49,state_50,state_51,state_52,state_53,state_54,state_55,state_56,state_57,state_58,state_59,state_60,state_61,state_62,state_63,state_64,state_65,state_66,state_67,state_68,state_69,state_70,state_71,state_72,state_73,state_74,state_75,state_76,state_77,state_78,state_79,state_80,state_81,state_82,state_83,state_84,state_85,state_86,state_87,state_88,state_89,state_90,state_91,state_92,state_93,state_94,state_95,state_96,state_97,state_98,state_99,state_100,state_101,state_102,state_103,state_104,state_105,state_106,state_107,state_108,state_109,state_110,state_111,state_112,state_113,state_114,state_115,state_116,state_117,state_118,state_119,state_120,state_121,state_122,state_123,state_124,state_125,state_126,state_127,state_128,state_129,state_130,state_131,state_132,state_133,state_134,state_135,state_136,state_137,state_138,state_139,state_140,state_141,state_142,state_143,state_144,state_145,state_146,state_147,state_148,state_149,state_150,state_151,state_152,state_153,state_154,state_155,state_156,state_157,state_158,state_159,state_160,state_161,state_162,state_163,state_164,state_165,state_166,state_167,state_168,state_169,state_170,state_171,state_172,state_173,state_174,state_175,state_176,state_177,state_178,state_179,state_180,state_181,state_182,state_183,state_184,state_185,state_186,state_187,state_188,state_189,state_190,state_191,state_192,state_193,state_194,state_195,state_196,state_197,state_198,state_199,state_200,state_201,state_202,state_203,state_204,state_205,state_206,state_207,state_208,state_209,state_210,state_211,state_212,state_213,state_214,state_215,state_216,state_217,state_218,state_219,state_220,state_221,state_222,state_223,state_224,state_225,state_226,state_227,state_228,state_229,state_230,state_231,state_232,state_233,state_234,state_235,state_236,state_237,state_238,state_239,state_240,state_241,state_242,state_243,state_244,state_245,state_246,state_247,state_248,state_249,state_250,state_251,state_252,state_253,state_254,state_255,state_256,state_257,state_258,state_259,state_260,state_261,state_262,state_263,state_264,state_265,state_266,state_267,state_268,state_269,state_270,state_271,state_272,state_273,state_274,state_275,state_276,state_277,state_278,state_279,state_280,state_281,state_282,state_283,state_284,state_285,state_286,state_287
{'img': array([[[ 0.        , -0.38427017, -0.22708422, ..., -0.97060048,
         -0.99986477, -0.9959557 ],
        [ 0.38427017,  0.        ,  0.16458231, ..., -0.98857085,
         -0.91677636, -0.88496188],
        [ 0.22708422, -0.16458231,  0.        , ..., -0.99990199,
         -0.97000893, -0.94953394],
        ...,
        [ 0.97060048,  0.98857085,  0.99990199, ...,  0.        ,
          0.25662566,  0.32692712],
        [ 0.99986477,  0.91677636,  0.97000893, ..., -0.25662566,
          0.        ,  0.07345465],
        [ 0.9959557 ,  0.88496188,  0.94953394, ..., -0.32692712,
         -0.07345465,  0.        ]],

       [[ 0.        ,  0.2935067 , -0.04775251, ..., -0.57311983,
         -0.18291553, -0.25660671],
        [-0.2935067 ,  0.        , -0.33882122, ..., -0.78839832,
         -0.46341423, -0.52898388],
        [ 0.04775251,  0.33882122,  0.        , ..., -0.53333419,
         -0.13576   , -0.21016041],
        ...,
        [ 0.57311983,  0.78839832,  0.53333419, ...,  0.        ,
          0.41355644,  0.34364753],
        [ 0.18291553,  0.46341423,  0.13576   , ..., -0.41355644,
          0.        , -0.07548663],
        [ 0.25660671,  0.52898388,  0.21016041, ..., -0.34364753,
          0.07548663,  0.        ]],

       [[ 0.        , -0.03659008, -0.07126919, ..., -0.66375263,
         -0.53293871, -0.81229279],
        [ 0.03659008,  0.        , -0.03472443, ..., -0.69067579,
         -0.56354267, -0.83309   ],
        [ 0.07126919,  0.03472443,  0.        , ..., -0.71537073,
         -0.59188821, -0.85179497],
        ...,
        [ 0.66375263,  0.69067579,  0.71537073, ...,  0.        ,
         -0.16302418,  0.2204225 ],
        [ 0.53293871,  0.56354267,  0.59188821, ...,  0.16302418,
          0.        ,  0.37648822],
        [ 0.81229279,  0.83309   ,  0.85179497, ..., -0.2204225 ,
         -0.37648822,  0.        ]],

       ...,

       [[ 0.        , -0.02963412,  0.25627821, ..., -0.13177055,
          0.28527474,  0.15368928],
        [ 0.02963412,  0.        ,  0.28481008, ..., -0.10233697,
          0.31355214,  0.18290383],
        [-0.25627821, -0.28481008,  0.        , ..., -0.38141335,
          0.03011866, -0.10467689],
        ...,
        [ 0.13177055,  0.10233697,  0.38141335, ...,  0.        ,
          0.40908214,  0.28255417],
        [-0.28527474, -0.31355214, -0.03011866, ..., -0.40908214,
          0.        , -0.13458261],
        [-0.15368928, -0.18290383,  0.10467689, ..., -0.28255417,
          0.13458261,  0.        ]],

       [[ 0.        , -0.1107647 , -0.14202951, ..., -0.98427203,
         -0.96716698, -0.94164754],
        [ 0.1107647 ,  0.        , -0.03151374, ..., -0.9977831 ,
         -0.98936561, -0.97313672],
        [ 0.14202951,  0.03151374,  0.        , ..., -0.99938476,
         -0.99345788, -0.97990872],
        ...,
        [ 0.98427203,  0.9977831 ,  0.99938476, ...,  0.        ,
         -0.07928542, -0.16495553],
        [ 0.96716698,  0.98936561,  0.99345788, ...,  0.07928542,
          0.        , -0.08623695],
        [ 0.94164754,  0.97313672,  0.97990872, ...,  0.16495553,
          0.08623695,  0.        ]],

       [[ 0.        ,  0.00715918,  0.09562164, ..., -0.88924077,
         -0.84286166, -0.79843863],
        [-0.00715918,  0.        ,  0.08849282, ..., -0.88594309,
         -0.83898749, -0.79410779],
        [-0.09562164, -0.08849282,  0.        , ..., -0.84142493,
         -0.78754256, -0.73720847],
        ...,
        [ 0.88924077,  0.88594309,  0.84142493, ...,  0.        ,
         -0.09296922, -0.17015338],
        [ 0.84286166,  0.83898749,  0.78754256, ...,  0.09296922,
          0.        , -0.07780294],
        [ 0.79843863,  0.79410779,  0.73720847, ...,  0.17015338,
          0.07780294,  0.        ]]]), 'num': array([7.07106730e-01, 7.07106730e-01, 0.00000000e+00, 0.00000000e+00,
       1.16459727e-04, 1.17294564e-04, 1.12285543e-04, 1.93757262e-04,
       2.50451026e-06, 1.12702962e-04, 1.14643957e-04, 1.24181967e-04,
       4.17418377e-07, 1.20706016e-04, 1.08581898e-04])}
{'img': array([[[ 0.        ,  0.16458231,  0.1305507 , ..., -0.91677636,
         -0.88496188, -0.77443535],
        [-0.16458231,  0.        , -0.03440334, ..., -0.97000893,
         -0.94953394, -0.86799815],
        [-0.1305507 ,  0.03440334,  0.        , ..., -0.96107232,
         -0.93818075, -0.85040074],
        ...,
        [ 0.91677636,  0.97000893,  0.96107232, ...,  0.        ,
          0.07345465,  0.27069117],
        [ 0.88496188,  0.94953394,  0.93818075, ..., -0.07345465,
          0.        ,  0.1992476 ],
        [ 0.77443535,  0.86799815,  0.85040074, ..., -0.27069117,
         -0.1992476 ,  0.        ]],

       [[ 0.        , -0.33882122, -0.69072644, ..., -0.46341423,
         -0.52898388, -0.4115092 ],
        [ 0.33882122,  0.        , -0.40486341, ..., -0.13576   ,
         -0.21016041, -0.07836519],
        [ 0.69072644,  0.40486341,  0.        , ...,  0.27697924,
          0.20365568,  0.331963  ],
        ...,
        [ 0.46341423,  0.13576   , -0.27697924, ...,  0.        ,
         -0.07548663,  0.05770283],
        [ 0.52898388,  0.21016041, -0.20365568, ...,  0.07548663,
          0.        ,  0.13289905],
        [ 0.4115092 ,  0.07836519, -0.331963  , ..., -0.05770283,
         -0.13289905,  0.        ]],

       [[ 0.        , -0.03472443, -0.14966276, ..., -0.56354267,
         -0.83309   , -0.95034228],
        [ 0.03472443,  0.        , -0.11523917, ..., -0.59188821,
         -0.85179497, -0.96057562],
        [ 0.14966276,  0.11523917,  0.        , ..., -0.68083   ,
         -0.90649107, -0.98621471],
        ...,
        [ 0.56354267,  0.59188821,  0.68083   , ...,  0.        ,
          0.37648822,  0.60968716],
        [ 0.83309   ,  0.85179497,  0.90649107, ..., -0.37648822,
          0.        ,  0.26640681],
        [ 0.95034228,  0.96057562,  0.98621471, ..., -0.60968716,
         -0.26640681,  0.        ]],

       ...,

       [[ 0.        ,  0.28481008,  0.21585989, ...,  0.31355214,
          0.18290383,  0.35418003],
        [-0.28481008,  0.        , -0.07117567, ...,  0.03011866,
         -0.10467689,  0.07316338],
        [-0.21585989,  0.07117567,  0.        , ...,  0.10118566,
         -0.03362676,  0.14396275],
        ...,
        [-0.31355214, -0.03011866, -0.10118566, ...,  0.        ,
         -0.13458261,  0.04309225],
        [-0.18290383,  0.10467689,  0.03362676, ...,  0.13458261,
          0.        ,  0.1771578 ],
        [-0.35418003, -0.07316338, -0.14396275, ..., -0.04309225,
         -0.1771578 ,  0.        ]],

       [[ 0.        , -0.03151374, -0.03591613, ..., -0.98936561,
         -0.97313672, -0.97313672],
        [ 0.03151374,  0.        , -0.00440488, ..., -0.99345788,
         -0.97990872, -0.97990872],
        [ 0.03591613,  0.00440488,  0.        , ..., -0.99395128,
         -0.98077776, -0.98077776],
        ...,
        [ 0.98936561,  0.99345788,  0.99395128, ...,  0.        ,
         -0.08623695, -0.08623695],
        [ 0.97313672,  0.97990872,  0.98077776, ...,  0.08623695,
          0.        ,  0.        ],
        [ 0.97313672,  0.97990872,  0.98077776, ...,  0.08623695,
          0.        ,  0.        ]],

       [[ 0.        ,  0.08849282,  0.0779478 , ..., -0.83898749,
         -0.79410779, -0.79410779],
        [-0.08849282,  0.        , -0.01058158, ..., -0.78754256,
         -0.73720847, -0.73720847],
        [-0.0779478 ,  0.01058158,  0.        , ..., -0.79401947,
         -0.7443168 , -0.7443168 ],
        ...,
        [ 0.83898749,  0.78754256,  0.79401947, ...,  0.        ,
         -0.07780294, -0.07780294],
        [ 0.79410779,  0.73720847,  0.7443168 , ...,  0.07780294,
          0.        ,  0.        ],
        [ 0.79410779,  0.73720847,  0.7443168 , ...,  0.07780294,
          0.        ,  0.        ]]]), 'num': array([ 9.02709881e-01,  4.30249495e-01,  3.39899558e-05, -7.94779681e-11,
        1.48432418e-04,  1.50568136e-04,  1.47898488e-04,  2.53050576e-04,
       -5.33929560e-07,  1.45869556e-04,  1.46536968e-04,  1.58568181e-04,
        4.57653909e-07,  1.54129101e-04,  1.38944835e-04])}
{'img': array([[[ 0.        , -0.03440334,  0.14680649, ..., -0.94953394,
         -0.86799815, -0.88337984],
        [ 0.03440334,  0.        ,  0.18075017, ..., -0.93818075,
         -0.85040074, -0.86673352],
        [-0.14680649, -0.18075017,  0.        , ..., -0.98529392,
         -0.93149291, -0.94261062],
        ...,
        [ 0.94953394,  0.93818075,  0.98529392, ...,  0.        ,
          0.1992476 ,  0.16792168],
        [ 0.86799815,  0.85040074,  0.93149291, ..., -0.1992476 ,
          0.        , -0.03186364],
        [ 0.88337984,  0.86673352,  0.94261062, ..., -0.16792168,
          0.03186364,  0.        ]],

       [[ 0.        , -0.40486341,  0.4210486 , ..., -0.21016041,
         -0.07836519, -0.06627261],
        [ 0.40486341,  0.        ,  0.75222376, ...,  0.20365568,
          0.331963  ,  0.34337518],
        [-0.4210486 , -0.75222376,  0.        , ..., -0.60226877,
         -0.49083396, -0.48023472],
        ...,
        [ 0.21016041, -0.20365568,  0.60226877, ...,  0.        ,
          0.13289905,  0.14490584],
        [ 0.07836519, -0.331963  ,  0.49083396, ..., -0.13289905,
          0.        ,  0.01212411],
        [ 0.06627261, -0.34337518,  0.48023472, ..., -0.14490584,
         -0.01212411,  0.        ]],

       [[ 0.        , -0.11523917, -0.15339845, ..., -0.85179497,
         -0.96057562, -0.99256067],
        [ 0.11523917,  0.        , -0.03850122, ..., -0.90649107,
         -0.98621471, -0.9999785 ],
        [ 0.15339845,  0.03850122,  0.        , ..., -0.92207514,
         -0.99185431, -0.99948956],
        ...,
        [ 0.85179497,  0.90649107,  0.92207514, ...,  0.        ,
          0.26640681,  0.41627111],
        [ 0.96057562,  0.98621471,  0.99185431, ..., -0.26640681,
          0.        ,  0.15899949],
        [ 0.99256067,  0.9999785 ,  0.99948956, ..., -0.41627111,
         -0.15899949,  0.        ]],

       ...,

       [[ 0.        , -0.07117567, -0.03413137, ..., -0.10467689,
          0.07316338, -0.23653134],
        [ 0.07117567,  0.        ,  0.0370894 , ..., -0.03362676,
          0.14396275, -0.16677547],
        [ 0.03413137, -0.0370894 ,  0.        , ..., -0.07067204,
          0.10716065, -0.20323068],
        ...,
        [ 0.10467689,  0.03362676,  0.07067204, ...,  0.        ,
          0.1771578 , -0.13352534],
        [-0.07316338, -0.14396275, -0.10716065, ..., -0.1771578 ,
          0.        , -0.30698472],
        [ 0.23653134,  0.16677547,  0.20323068, ...,  0.13352534,
          0.30698472,  0.        ]],

       [[ 0.        , -0.00440488,  0.00669187, ..., -0.97990872,
         -0.97990872, -0.96716715],
        [ 0.00440488,  0.        ,  0.01109659, ..., -0.98077776,
         -0.98077776, -0.96827723],
        [-0.00669187, -0.01109659,  0.        , ..., -0.97855211,
         -0.97855211, -0.96544482],
        ...,
        [ 0.97990872,  0.98077776,  0.97855211, ...,  0.        ,
          0.        , -0.05613701],
        [ 0.97990872,  0.98077776,  0.97855211, ...,  0.        ,
          0.        , -0.05613701],
        [ 0.96716715,  0.96827723,  0.96544482, ...,  0.05613701,
          0.05613701,  0.        ]],

       [[ 0.        , -0.01058158,  0.00290336, ..., -0.73720847,
         -0.73720847, -0.79434613],
        [ 0.01058158,  0.        ,  0.01348472, ..., -0.7443168 ,
         -0.7443168 , -0.8007296 ],
        [-0.00290336, -0.01348472,  0.        , ..., -0.73524366,
         -0.73524366, -0.7925791 ],
        ...,
        [ 0.73720847,  0.7443168 ,  0.73524366, ...,  0.        ,
          0.        ,  0.08888352],
        [ 0.73720847,  0.7443168 ,  0.73524366, ...,  0.        ,
          0.        ,  0.08888352],
        [ 0.79434613,  0.8007296 ,  0.7925791 , ..., -0.08888352,
         -0.08888352,  0.        ]]]), 'num': array([ 8.70490632e-01,  4.92184798e-01,  2.67353946e-05, -2.15248842e-09,
        1.44612322e-04,  1.45123319e-04,  1.41546336e-04,  1.42098214e-04,
        2.55498802e-06,  1.41444137e-04,  1.40268842e-04,  1.51493756e-04,
        5.53580737e-07,  1.47592349e-04,  1.32945336e-04])}
{'img': array([[[ 0.        ,  0.18075017,  0.10568188, ..., -0.85040074,
         -0.86673352, -0.77929474],
        [-0.18075017,  0.        , -0.07579677, ..., -0.93149291,
         -0.94261062, -0.87972747],
        [-0.10568188,  0.07579677,  0.        , ..., -0.90124148,
         -0.91459091, -0.84115703],
        ...,
        [ 0.85040074,  0.93149291,  0.90124148, ...,  0.        ,
         -0.03186364,  0.12289542],
        [ 0.86673352,  0.94261062,  0.91459091, ...,  0.03186364,
          0.        ,  0.15445511],
        [ 0.77929474,  0.87972747,  0.84115703, ..., -0.12289542,
         -0.15445511,  0.        ]],

       [[ 0.        ,  0.75222376,  0.34889965, ...,  0.331963  ,
          0.34337518, -0.03546066],
        [-0.75222376,  0.        , -0.4750614 , ..., -0.49083396,
         -0.48023472, -0.77511596],
        [-0.34889965,  0.4750614 ,  0.        , ..., -0.01801192,
         -0.00588845, -0.38191253],
        ...,
        [-0.331963  ,  0.49083396,  0.01801192, ...,  0.        ,
          0.01212411, -0.36520399],
        [-0.34337518,  0.48023472,  0.00588845, ..., -0.01212411,
          0.        , -0.37646381],
        [ 0.03546066,  0.77511596,  0.38191253, ...,  0.36520399,
          0.37646381,  0.        ]],

       [[ 0.        , -0.03850122, -0.07552514, ..., -0.98621471,
         -0.9999785 , -0.98903869],
        [ 0.03850122,  0.        , -0.03707788, ..., -0.99185431,
         -0.99948956, -0.98262041],
        [ 0.07552514,  0.03707788,  0.        , ..., -0.99589518,
         -0.99761775, -0.97506211],
        ...,
        [ 0.98621471,  0.99185431,  0.99589518, ...,  0.        ,
          0.15899949,  0.309278  ],
        [ 0.9999785 ,  0.99948956,  0.99761775, ..., -0.15899949,
          0.        ,  0.15413957],
        [ 0.98903869,  0.98262041,  0.97506211, ..., -0.309278  ,
         -0.15413957,  0.        ]],

       ...,

       [[ 0.        ,  0.0370894 ,  0.18290376, ...,  0.14396275,
         -0.16677547,  0.34076242],
        [-0.0370894 ,  0.        ,  0.14631419, ...,  0.10716065,
         -0.20323068,  0.30565838],
        [-0.18290376, -0.14631419,  0.        , ..., -0.03946426,
         -0.34430428,  0.16305717],
        ...,
        [-0.14396275, -0.10716065,  0.03946426, ...,  0.        ,
         -0.30698472,  0.20186624],
        [ 0.16677547,  0.20323068,  0.34430428, ...,  0.30698472,
          0.        ,  0.49278387],
        [-0.34076242, -0.30565838, -0.16305717, ..., -0.20186624,
         -0.49278387,  0.        ]],

       [[ 0.        ,  0.01109659,  0.00816186, ..., -0.98077776,
         -0.96827723, -0.97286886],
        [-0.01109659,  0.        , -0.00293486, ..., -0.97855211,
         -0.96544482, -0.97024169],
        [-0.00816186,  0.00293486,  0.        , ..., -0.97915248,
         -0.96620551, -0.97094815],
        ...,
        [ 0.98077776,  0.97855211,  0.97915248, ...,  0.        ,
         -0.05613701, -0.03707596],
        [ 0.96827723,  0.96544482,  0.96620551, ...,  0.05613701,
          0.        ,  0.01908092],
        [ 0.97286886,  0.97024169,  0.97094815, ...,  0.03707596,
         -0.01908092,  0.        ]],

       [[ 0.        ,  0.01348472,  0.01156771, ..., -0.7443168 ,
         -0.8007296 , -0.78053316],
        [-0.01348472,  0.        , -0.00191717, ..., -0.73524366,
         -0.7925791 , -0.7720327 ],
        [-0.01156771,  0.00191717,  0.        , ..., -0.73654177,
         -0.79374667, -0.77324979],
        ...,
        [ 0.7443168 ,  0.73524366,  0.73654177, ...,  0.        ,
          0.08888352,  0.05597775],
        [ 0.8007296 ,  0.7925791 ,  0.79374667, ..., -0.08888352,
          0.        , -0.03298796],
        [ 0.78053316,  0.7720327 ,  0.77324979, ..., -0.05597775,
          0.03298796,  0.        ]]]), 'num': array([ 7.68298294e-01,  6.40091838e-01,  9.19042699e-06,  4.68233839e-09,
        1.26187457e-04,  1.30258020e-04,  1.25735172e-04,  2.04830737e-04,
       -1.80913917e-06,  1.25916086e-04,  1.24220018e-04,  1.33831070e-04,
        4.43416463e-07,  1.30757216e-04,  1.17682821e-04])}
{'img': array([[[ 0.        , -0.07579677, -0.14680649, ..., -0.94261062,
         -0.87972747, -0.93149291],
        [ 0.07579677,  0.        , -0.07140864, ..., -0.91459091,
         -0.84115703, -0.90124148],
        [ 0.14680649,  0.07140864,  0.        , ..., -0.88337984,
         -0.80039253, -0.86799815],
        ...,
        [ 0.94261062,  0.91459091,  0.88337984, ...,  0.        ,
          0.15445511,  0.03186364],
        [ 0.87972747,  0.84115703,  0.80039253, ..., -0.15445511,
          0.        , -0.12289542],
        [ 0.93149291,  0.90124148,  0.86799815, ..., -0.03186364,
          0.12289542,  0.        ]],

       [[ 0.        , -0.4750614 , -0.13631524, ..., -0.48023472,
         -0.77511596, -0.5033257 ],
        [ 0.4750614 ,  0.        ,  0.35067599, ..., -0.00588845,
         -0.38191253, -0.03240376],
        [ 0.13631524, -0.35067599,  0.        , ..., -0.35618442,
         -0.68175409, -0.38083785],
        ...,
        [ 0.48023472,  0.00588845,  0.35618442, ...,  0.        ,
         -0.37646381, -0.02651784],
        [ 0.77511596,  0.38191253,  0.68175409, ...,  0.37646381,
          0.        ,  0.35176447],
        [ 0.5033257 ,  0.03240376,  0.38083785, ...,  0.02651784,
         -0.35176447,  0.        ]],

       [[ 0.        , -0.03707788,  0.00948549, ..., -0.99948956,
         -0.98262041, -0.96885374],
        [ 0.03707788,  0.        ,  0.04655518, ..., -0.99761775,
         -0.97506211, -0.95900581],
        [-0.00948549, -0.04655518,  0.        , ..., -0.99974763,
         -0.98433696, -0.97115908],
        ...,
        [ 0.99948956,  0.99761775,  0.99974763, ...,  0.        ,
          0.15413957,  0.21655505],
        [ 0.98262041,  0.97506211,  0.98433696, ..., -0.15413957,
          0.        ,  0.06348512],
        [ 0.96885374,  0.95900581,  0.97115908, ..., -0.21655505,
         -0.06348512,  0.        ]],

       ...,

       [[ 0.        ,  0.14631419,  0.43025715, ..., -0.20323068,
          0.30565838,  0.06254621],
        [-0.14631419,  0.        ,  0.29354805, ..., -0.34430428,
          0.16305717, -0.08415461],
        [-0.43025715, -0.29354805,  0.        , ..., -0.60473569,
         -0.13374582, -0.37295388],
        ...,
        [ 0.20323068,  0.34430428,  0.60473569, ...,  0.        ,
          0.49278387,  0.26407369],
        [-0.30565838, -0.16305717,  0.13374582, ..., -0.49278387,
          0.        , -0.2455071 ],
        [-0.06254621,  0.08415461,  0.37295388, ..., -0.26407369,
          0.2455071 ,  0.        ]],

       [[ 0.        , -0.00293486, -0.11239642, ..., -0.96544482,
         -0.97024169, -0.97703845],
        [ 0.00293486,  0.        , -0.10947967, ..., -0.96620551,
         -0.97094815, -0.97765955],
        [ 0.11239642,  0.10947967,  0.        , ..., -0.98861858,
         -0.9913092 , -0.99479492],
        ...,
        [ 0.96544482,  0.96620551,  0.98861858, ...,  0.        ,
          0.01908092,  0.04892296],
        [ 0.97024169,  0.97094815,  0.9913092 , ..., -0.01908092,
          0.        ,  0.02985598],
        [ 0.97703845,  0.97765955,  0.99479492, ..., -0.04892296,
         -0.02985598,  0.        ]],

       [[ 0.        , -0.00191717,  0.04830637, ..., -0.7925791 ,
         -0.7720327 , -0.78254174],
        [ 0.00191717,  0.        ,  0.05022121, ..., -0.79374667,
         -0.77324979, -0.78373393],
        [-0.04830637, -0.05022121,  0.        , ..., -0.76219808,
         -0.7404287 , -0.75155272],
        ...,
        [ 0.7925791 ,  0.79374667,  0.76219808, ...,  0.        ,
         -0.03298796, -0.01628847],
        [ 0.7720327 ,  0.77324979,  0.7404287 , ...,  0.03298796,
          0.        ,  0.01670398],
        [ 0.78254174,  0.78373393,  0.75155272, ...,  0.01628847,
         -0.01670398,  0.        ]]]), 'num': array([ 9.69306137e-01,  2.45856153e-01,  5.20467614e-05,  3.08374031e-09,
        1.59069917e-04,  1.60214305e-04,  1.56208948e-04,  3.98853513e-04,
       -5.72193947e-07,  1.59870989e-04,  1.57324726e-04,  1.68930726e-04,
        5.50186488e-07,  1.65604552e-04,  1.49044899e-04])}
{'img': array([[[ 0.        , -0.07140864,  0.20001   , ..., -0.84115703,
         -0.90124148, -0.91459091],
        [ 0.07140864,  0.        ,  0.26946515, ..., -0.80039253,
         -0.86799815, -0.88337984],
        [-0.20001   , -0.26946515,  0.        , ..., -0.93232409,
         -0.96969864, -0.97699067],
        ...,
        [ 0.84115703,  0.80039253,  0.93232409, ...,  0.        ,
         -0.12289542, -0.15445511],
        [ 0.90124148,  0.86799815,  0.96969864, ...,  0.12289542,
          0.        , -0.03186364],
        [ 0.91459091,  0.88337984,  0.97699067, ...,  0.15445511,
          0.03186364,  0.        ]],

       [[ 0.        ,  0.35067599,  0.15941352, ..., -0.38191253,
         -0.03240376,  0.22045127],
        [-0.35067599,  0.        , -0.19690125, ..., -0.68175409,
         -0.38083785, -0.13559673],
        [-0.15941352,  0.19690125,  0.        , ..., -0.52435833,
         -0.19131919,  0.06214049],
        ...,
        [ 0.38191253,  0.68175409,  0.52435833, ...,  0.        ,
          0.35176447,  0.57625744],
        [ 0.03240376,  0.38083785,  0.19131919, ..., -0.35176447,
          0.        ,  0.25194207],
        [-0.22045127,  0.13559673, -0.06214049, ..., -0.57625744,
         -0.25194207,  0.        ]],

       [[ 0.        ,  0.04655518,  0.11551654, ..., -0.97506211,
         -0.95900581, -0.94738889],
        [-0.04655518,  0.        ,  0.06914776, ..., -0.98433696,
         -0.97115908, -0.96126326],
        [-0.11551654, -0.06914776,  0.        , ..., -0.99417145,
         -0.98532162, -0.97802174],
        ...,
        [ 0.97506211,  0.98433696,  0.99417145, ...,  0.        ,
          0.06348512,  0.10184651],
        [ 0.95900581,  0.97115908,  0.98532162, ..., -0.06348512,
          0.        ,  0.03848606],
        [ 0.94738889,  0.96126326,  0.97802174, ..., -0.10184651,
         -0.03848606,  0.        ]],

       ...,

       [[ 0.        ,  0.29354805,  0.88847794, ...,  0.16305717,
         -0.08415461, -0.12620333],
        [-0.29354805,  0.        ,  0.71462057, ..., -0.13374582,
         -0.37295388, -0.41184432],
        [-0.88847794, -0.71462057,  0.        , ..., -0.80175702,
         -0.92394643, -0.93929117],
        ...,
        [-0.16305717,  0.13374582,  0.80175702, ...,  0.        ,
         -0.2455071 , -0.28626773],
        [ 0.08415461,  0.37295388,  0.92394643, ...,  0.2455071 ,
          0.        , -0.04227391],
        [ 0.12620333,  0.41184432,  0.93929117, ...,  0.28626773,
          0.04227391,  0.        ]],

       [[ 0.        , -0.10947967, -0.09660734, ..., -0.97094815,
         -0.97765955, -0.98390793],
        [ 0.10947967,  0.        ,  0.01294095, ..., -0.9913092 ,
         -0.99479492, -0.99755511],
        [ 0.09660734, -0.01294095,  0.        , ..., -0.98952378,
         -0.99339297, -0.9965672 ],
        ...,
        [ 0.97094815,  0.9913092 ,  0.98952378, ...,  0.        ,
          0.02985598,  0.06195397],
        [ 0.97765955,  0.99479492,  0.99339297, ..., -0.02985598,
          0.        ,  0.03212773],
        [ 0.98390793,  0.99755511,  0.9965672 , ..., -0.06195397,
         -0.03212773,  0.        ]],

       [[ 0.        ,  0.05022121,  0.04498551, ..., -0.77324979,
         -0.78373393, -0.83733811],
        [-0.05022121,  0.        , -0.00524162, ..., -0.7404287 ,
         -0.75155272, -0.80882629],
        [-0.04498551,  0.00524162,  0.        , ..., -0.7439416 ,
         -0.75500015, -0.8118975 ],
        ...,
        [ 0.77324979,  0.7404287 ,  0.7439416 , ...,  0.        ,
          0.01670398,  0.10823304],
        [ 0.78373393,  0.75155272,  0.75500015, ..., -0.01670398,
          0.        ,  0.09161208],
        [ 0.83733811,  0.80882629,  0.8118975 , ..., -0.10823304,
         -0.09161208,  0.        ]]]), 'num': array([ 9.81216541e-01,  1.92908962e-01,  5.69175131e-05,  1.94779574e-12,
        1.60911932e-04,  1.62654661e-04,  1.58588294e-04,  1.34922041e-04,
       -5.80909503e-07,  1.62073751e-04,  1.59721068e-04,  1.71126258e-04,
        5.48027833e-07,  1.68127011e-04,  1.51315125e-04])}
{'img': array([[[ 0.        ,  0.26946515,  0.3136643 , ..., -0.86799815,
         -0.88337984, -0.8980981 ],
        [-0.26946515,  0.        ,  0.0461956 , ..., -0.96969864,
         -0.97699067, -0.98338705],
        [-0.3136643 , -0.0461956 ,  0.        , ..., -0.97994918,
         -0.98580034, -0.99072268],
        ...,
        [ 0.86799815,  0.96969864,  0.97994918, ...,  0.        ,
         -0.03186364, -0.06422485],
        [ 0.88337984,  0.97699067,  0.98580034, ...,  0.03186364,
          0.        , -0.03239439],
        [ 0.8980981 ,  0.98338705,  0.99072268, ...,  0.06422485,
          0.03239439,  0.        ]],

       [[ 0.        , -0.18988858,  0.22365242, ..., -0.36314301,
         -0.13111022, -0.77235485],
        [ 0.18988858,  0.        ,  0.40466171, ..., -0.17961032,
          0.05952467, -0.63768678],
        [-0.22365242, -0.40466171,  0.        , ..., -0.56232865,
         -0.34951087, -0.89485237],
        ...,
        [ 0.36314301,  0.17961032,  0.56232865, ...,  0.        ,
          0.23784851, -0.48896355],
        [ 0.13111022, -0.05952467,  0.34951087, ..., -0.23784851,
          0.        , -0.68240766],
        [ 0.77235485,  0.63768678,  0.89485237, ...,  0.48896355,
          0.68240766,  0.        ]],

       [[ 0.        ,  0.06914776,  0.16670212, ..., -0.97115908,
         -0.96126326, -0.96536707],
        [-0.06914776,  0.        ,  0.0981229 , ..., -0.98532162,
         -0.97802174, -0.98109673],
        [-0.16670212, -0.0981229 ,  0.        , ..., -0.99731714,
         -0.99376102, -0.9953508 ],
        ...,
        [ 0.97115908,  0.98532162,  0.99731714, ...,  0.        ,
          0.03848606,  0.02319613],
        [ 0.96126326,  0.97802174,  0.99376102, ..., -0.03848606,
          0.        , -0.01529676],
        [ 0.96536707,  0.98109673,  0.9953508 , ..., -0.02319613,
          0.01529676,  0.        ]],

       ...,

       [[ 0.        ,  0.71462057,  0.5355314 , ..., -0.37295388,
         -0.41184432, -0.44802844],
        [-0.71462057,  0.        , -0.22889721, ..., -0.92394643,
         -0.93929117, -0.95228598],
        [-0.5355314 ,  0.22889721,  0.        , ..., -0.81185801,
         -0.83581409, -0.85714229],
        ...,
        [ 0.37295388,  0.92394643,  0.81185801, ...,  0.        ,
         -0.04227391, -0.08227517],
        [ 0.41184432,  0.93929117,  0.83581409, ...,  0.04227391,
          0.        , -0.04007104],
        [ 0.44802844,  0.95228598,  0.85714229, ...,  0.08227517,
          0.04007104,  0.        ]],

       [[ 0.        ,  0.01294095,  0.04538586, ..., -0.99479492,
         -0.99755511, -0.99755511],
        [-0.01294095,  0.        ,  0.03245444, ..., -0.99339297,
         -0.9965672 , -0.9965672 ],
        [-0.04538586, -0.03245444,  0.        , ..., -0.98914511,
         -0.9933554 , -0.9933554 ],
        ...,
        [ 0.99479492,  0.99339297,  0.98914511, ...,  0.        ,
          0.03212773,  0.03212773],
        [ 0.99755511,  0.9965672 ,  0.9933554 , ..., -0.03212773,
          0.        ,  0.        ],
        [ 0.99755511,  0.9965672 ,  0.9933554 , ..., -0.03212773,
          0.        ,  0.        ]],

       [[ 0.        , -0.00524162, -0.01249743, ..., -0.75155272,
         -0.80882629, -0.80882629],
        [ 0.00524162,  0.        , -0.00725605, ..., -0.75500015,
         -0.8118975 , -0.8118975 ],
        [ 0.01249743,  0.00725605,  0.        , ..., -0.75973825,
         -0.81611221, -0.81611221],
        ...,
        [ 0.75155272,  0.75500015,  0.75973825, ...,  0.        ,
          0.09161208,  0.09161208],
        [ 0.80882629,  0.8118975 ,  0.81611221, ..., -0.09161208,
          0.        ,  0.        ],
        [ 0.80882629,  0.8118975 ,  0.81611221, ..., -0.09161208,
          0.        ,  0.        ]]]), 'num': array([ 8.47634248e-01,  5.30580817e-01,  2.27278444e-05, -3.60240928e-09,
        1.39732671e-04,  1.39732671e-04,  1.35725999e-04,  1.49168382e-04,
        1.00166789e-06,  1.39832838e-04,  1.37704293e-04,  1.47245180e-04,
        5.20096790e-07,  1.44951518e-04,  1.30457069e-04])}
{'img': array([[[ 0.        ,  0.0461956 ,  0.26929206, ..., -0.97699067,
         -0.98338705, -0.96969864],
        [-0.0461956 ,  0.        ,  0.2245155 , ..., -0.98580034,
         -0.99072268, -0.97994918],
        [-0.26929206, -0.2245155 ,  0.        , ..., -0.99833439,
         -0.9959415 , -0.99966576],
        ...,
        [ 0.97699067,  0.98580034,  0.99833439, ...,  0.        ,
         -0.03239439,  0.03186364],
        [ 0.98338705,  0.99072268,  0.9959415 , ...,  0.03239439,
          0.        ,  0.06422485],
        [ 0.96969864,  0.97994918,  0.99966576, ..., -0.03186364,
         -0.06422485,  0.        ]],

       [[ 0.        ,  0.40466171,  0.72022626, ...,  0.05952467,
         -0.63768678, -0.40326672],
        [-0.40466171,  0.        ,  0.37789305, ..., -0.34951087,
         -0.89485237, -0.73907273],
        [-0.72022626, -0.37789305,  0.        , ..., -0.67765459,
         -0.99717558, -0.93882839],
        ...,
        [-0.05952467,  0.34951087,  0.67765459, ...,  0.        ,
         -0.68240766, -0.45702164],
        [ 0.63768678,  0.89485237,  0.99717558, ...,  0.68240766,
          0.        ,  0.27290135],
        [ 0.40326672,  0.73907273,  0.93882839, ...,  0.45702164,
         -0.27290135,  0.        ]],

       [[ 0.        ,  0.0981229 ,  0.1977439 , ..., -0.97802174,
         -0.98109673, -0.97958463],
        [-0.0981229 ,  0.        ,  0.10060431, ..., -0.99376102,
         -0.9953508 , -0.99458332],
        [-0.1977439 , -0.10060431,  0.        , ..., -0.99993963,
         -0.99999072, -0.99999437],
        ...,
        [ 0.97802174,  0.99376102,  0.99993963, ...,  0.        ,
         -0.01529676, -0.00763238],
        [ 0.98109673,  0.9953508 ,  0.99999072, ...,  0.01529676,
          0.        ,  0.00766482],
        [ 0.97958463,  0.99458332,  0.99999437, ...,  0.00763238,
         -0.00766482,  0.        ]],

       ...,

       [[ 0.        , -0.22889721, -0.39783843, ..., -0.93929117,
         -0.95228598, -0.86377584],
        [ 0.22889721,  0.        , -0.17727305, ..., -0.83581409,
         -0.85714229, -0.72550723],
        [ 0.39783843,  0.17727305,  0.        , ..., -0.72525108,
         -0.75225687, -0.59201454],
        ...,
        [ 0.93929117,  0.83581409,  0.72525108, ...,  0.        ,
         -0.04007104,  0.17690682],
        [ 0.95228598,  0.85714229,  0.75225687, ...,  0.04007104,
          0.        ,  0.21620376],
        [ 0.86377584,  0.72550723,  0.59201454, ..., -0.17690682,
         -0.21620376,  0.        ]],

       [[ 0.        ,  0.03245444,  0.09610601, ..., -0.9965672 ,
         -0.9965672 , -0.9965672 ],
        [-0.03245444,  0.        ,  0.06375117, ..., -0.9933554 ,
         -0.9933554 , -0.9933554 ],
        [-0.09610601, -0.06375117,  0.        , ..., -0.9839978 ,
         -0.9839978 , -0.9839978 ],
        ...,
        [ 0.9965672 ,  0.9933554 ,  0.9839978 , ...,  0.        ,
          0.        ,  0.        ],
        [ 0.9965672 ,  0.9933554 ,  0.9839978 , ...,  0.        ,
          0.        ,  0.        ],
        [ 0.9965672 ,  0.9933554 ,  0.9839978 , ...,  0.        ,
          0.        ,  0.        ]],

       [[ 0.        , -0.00725605, -0.03397903, ..., -0.8118975 ,
         -0.8118975 , -0.8118975 ],
        [ 0.00725605,  0.        , -0.02672627, ..., -0.81611221,
         -0.81611221, -0.81611221],
        [ 0.03397903,  0.02672627,  0.        , ..., -0.83126562,
         -0.83126562, -0.83126562],
        ...,
        [ 0.8118975 ,  0.81611221,  0.83126562, ...,  0.        ,
          0.        ,  0.        ],
        [ 0.8118975 ,  0.81611221,  0.83126562, ...,  0.        ,
          0.        ,  0.        ],
        [ 0.8118975 ,  0.81611221,  0.83126562, ...,  0.        ,
          0.        ,  0.        ]]]), 'num': array([ 7.95813618e-01,  6.05541504e-01,  1.37878344e-05, -1.07112547e-09,
        1.30145085e-04,  1.32974326e-04,  1.30145085e-04,  1.83344246e-04,
       -1.41462049e-06,  1.30993857e-04,  1.29437775e-04,  1.38279153e-04,
        4.99277820e-07,  1.35913517e-04,  1.22962033e-04])}
{'img': array([[[ 0.        ,  0.2245155 , -0.13131194, ..., -0.99072268,
         -0.97994918, -0.99466656],
        [-0.2245155 ,  0.        , -0.35053106, ..., -0.9959415 ,
         -0.99966576, -0.99243039],
        [ 0.13131194,  0.35053106,  0.        , ..., -0.96429893,
         -0.94530031, -0.97250996],
        ...,
        [ 0.99072268,  0.9959415 ,  0.96429893, ...,  0.        ,
          0.06422485, -0.03298845],
        [ 0.97994918,  0.99966576,  0.94530031, ..., -0.06422485,
          0.        , -0.09711024],
        [ 0.99466656,  0.99243039,  0.97250996, ...,  0.03298845,
          0.09711024,  0.        ]],

       [[ 0.        ,  0.37789305,  0.08082409, ..., -0.89485237,
         -0.73907273, -0.6280937 ],
        [-0.37789305,  0.        , -0.3018258 , ..., -0.99717558,
         -0.93882839, -0.87557292],
        [-0.08082409,  0.3018258 ,  0.        , ..., -0.92800158,
         -0.79109995, -0.6889311 ],
        ...,
        [ 0.89485237,  0.99717558,  0.92800158, ...,  0.        ,
          0.27290135,  0.41596108],
        [ 0.73907273,  0.93882839,  0.79109995, ..., -0.27290135,
          0.        ,  0.15200035],
        [ 0.6280937 ,  0.87557292,  0.6889311 , ..., -0.41596108,
         -0.15200035,  0.        ]],

       [[ 0.        ,  0.10060431,  0.14306294, ..., -0.9953508 ,
         -0.99458332, -0.99876302],
        [-0.10060431,  0.        ,  0.04276766, ..., -0.99999072,
         -0.99999437, -0.99869821],
        [-0.14306294, -0.04276766,  0.        , ..., -0.99889148,
         -0.99922294, -0.99560293],
        ...,
        [ 0.9953508 ,  0.99999072,  0.99889148, ...,  0.        ,
          0.00766482, -0.04670454],
        [ 0.99458332,  0.99999437,  0.99922294, ..., -0.00766482,
          0.        , -0.05435963],
        [ 0.99876302,  0.99869821,  0.99560293, ...,  0.04670454,
          0.05435963,  0.        ]],

       ...,

       [[ 0.        , -0.332079  , -0.72789291, ..., -0.94647863,
         -0.85165159, -0.82355689],
        [ 0.332079  ,  0.        , -0.45888261, ..., -0.78558349,
         -0.62927632, -0.58845495],
        [ 0.72789291,  0.45888261,  0.        , ..., -0.41405228,
         -0.20247492, -0.15182003],
        ...,
        [ 0.94647863,  0.78558349,  0.41405228, ...,  0.        ,
          0.22117278,  0.27105799],
        [ 0.85165159,  0.62927632,  0.20247492, ..., -0.22117278,
          0.        ,  0.05145241],
        [ 0.82355689,  0.58845495,  0.15182003, ..., -0.27105799,
         -0.05145241,  0.        ]],

       [[ 0.        ,  0.06375117,  0.05236888, ..., -0.9933554 ,
         -0.9933554 , -0.96790275],
        [-0.06375117,  0.        , -0.01140134, ..., -0.9839978 ,
         -0.9839978 , -0.9499116 ],
        [-0.05236888,  0.01140134,  0.        , ..., -0.98596534,
         -0.98596534, -0.95341299],
        ...,
        [ 0.9933554 ,  0.9839978 ,  0.98596534, ...,  0.        ,
          0.        , -0.13826191],
        [ 0.9933554 ,  0.9839978 ,  0.98596534, ...,  0.        ,
          0.        , -0.13826191],
        [ 0.96790275,  0.9499116 ,  0.95341299, ...,  0.13826191,
          0.13826191,  0.        ]],

       [[ 0.        , -0.02672627, -0.02427906, ..., -0.81611221,
         -0.81611221, -0.84786317],
        [ 0.02672627,  0.        ,  0.002448  , ..., -0.83126562,
         -0.83126562, -0.86173098],
        [ 0.02427906, -0.002448  ,  0.        , ..., -0.82990235,
         -0.82990235, -0.86048636],
        ...,
        [ 0.81611221,  0.83126562,  0.82990235, ...,  0.        ,
          0.        ,  0.05725957],
        [ 0.81611221,  0.83126562,  0.82990235, ...,  0.        ,
          0.        ,  0.05725957],
        [ 0.84786317,  0.86173098,  0.86048636, ..., -0.05725957,
         -0.05725957,  0.        ]]]), 'num': array([ 9.97422430e-01,  7.17512065e-02,  6.58840712e-05, -4.44365330e-09,
        1.63344133e-04,  1.63344133e-04,  1.58112470e-04,  2.12568265e-04,
        2.90647923e-06,  1.61716504e-04,  1.59623839e-04,  1.70067788e-04,
        8.26731870e-07,  1.67698623e-04,  1.51549056e-04])}
{'img': array([[[ 0.        , -0.35053106, -0.45647204, ..., -0.99966576,
         -0.99243039, -0.99933365],
        [ 0.35053106,  0.        , -0.11562868, ..., -0.94530031,
         -0.97250996, -0.92313266],
        [ 0.45647204,  0.11562868,  0.        , ..., -0.90124148,
         -0.93906142, -0.87248365],
        ...,
        [ 0.99966576,  0.94530031,  0.90124148, ...,  0.        ,
         -0.09711024,  0.06232344],
        [ 0.99243039,  0.97250996,  0.93906142, ...,  0.09711024,
          0.        ,  0.15895033],
