state_0,state_1,state_2,state_3,state_4,state_5,state_6,state_7,state_8,state_9,state_10,state_11,state_12,state_13,state_14,state_15,state_16,state_17,state_18,state_19,state_20,state_21,state_22,state_23,state_24,state_25,state_26,state_27,state_28,state_29,state_30,state_31,state_32,state_33,state_34,state_35,state_36,state_37,state_38,state_39,state_40,state_41,state_42,state_43,state_44,state_45,state_46,state_47,state_48,state_49,state_50,state_51,state_52,state_53,state_54,state_55,state_56,state_57,state_58,state_59,state_60,state_61,state_62,state_63,state_64,state_65,state_66,state_67,state_68,state_69,state_70,state_71,state_72,state_73,state_74,state_75,state_76,state_77,state_78,state_79,state_80,state_81,state_82,state_83,state_84,state_85,state_86,state_87,state_88,state_89,state_90,state_91,state_92,state_93,state_94,state_95,state_96,state_97,state_98,state_99,state_100,state_101,state_102,state_103,state_104,state_105,state_106,state_107,state_108,state_109,state_110,state_111,state_112,state_113,state_114,state_115,state_116,state_117,state_118,state_119,state_120,state_121,state_122,state_123,state_124,state_125,state_126,state_127,state_128,state_129,state_130,state_131,state_132,state_133,state_134,state_135,state_136,state_137,state_138,state_139,state_140,state_141,state_142,state_143,state_144,state_145,state_146,state_147,state_148,state_149,state_150,state_151,state_152,state_153,state_154,state_155,state_156,state_157,state_158,state_159,state_160,state_161,state_162,state_163,state_164,state_165,state_166,state_167,state_168,state_169,state_170,state_171,state_172,state_173,state_174,state_175,state_176,state_177,state_178,state_179,state_180,state_181,state_182,state_183,state_184,state_185,state_186,state_187,state_188,state_189,state_190,state_191,state_192,state_193,state_194,state_195,state_196,state_197,state_198,state_199,state_200,state_201,state_202,state_203,state_204,state_205,state_206,state_207,state_208,state_209,state_210,state_211,state_212,state_213,state_214,state_215,state_216,state_217,state_218,state_219,state_220,state_221,state_222,state_223,state_224,state_225,state_226,state_227,state_228,state_229,state_230,state_231,state_232,state_233,state_234,state_235,state_236,state_237,state_238,state_239,state_240,state_241,state_242,state_243,state_244,state_245,state_246,state_247,state_248,state_249,state_250,state_251,state_252,state_253,state_254,state_255,state_256,state_257,state_258,state_259,state_260,state_261,state_262,state_263,state_264,state_265,state_266,state_267,state_268,state_269,state_270,state_271,state_272,state_273,state_274,state_275,state_276,state_277,state_278,state_279,state_280,state_281,state_282,state_283,state_284,state_285,state_286,state_287
{'img': array([[[ 0.        ,  0.61446418, -0.34596949, ..., -0.88943505,
         -0.77325686, -0.52694604],
        [-0.61446418,  0.        , -0.84946921, ..., -0.98256306,
         -0.9996843 , -0.93796363],
        [ 0.34596949,  0.84946921,  0.        , ..., -0.67637931,
         -0.50612817, -0.20036586],
        ...,
        [ 0.88943505,  0.98256306,  0.67637931, ...,  0.        ,
          0.21055846,  0.51508294],
        [ 0.77325686,  0.9996843 ,  0.50612817, ..., -0.21055846,
          0.        ,  0.32305728],
        [ 0.52694604,  0.93796363,  0.20036586, ..., -0.51508294,
         -0.32305728,  0.        ]],

       [[ 0.        ,  0.28797049,  0.72999309, ..., -0.48072357,
         -0.78447215,  0.96286817],
        [-0.28797049,  0.        ,  0.50225533, ..., -0.7128731 ,
         -0.92983029,  0.84433641],
        [-0.72999309, -0.50225533,  0.        , ..., -0.96866335,
         -0.98886651,  0.4609989 ],
        ...,
        [ 0.48072357,  0.7128731 ,  0.96866335, ...,  0.        ,
         -0.38975434,  0.97409424],
        [ 0.78447215,  0.92983029,  0.98886651, ...,  0.38975434,
          0.        ,  0.80892175],
        [-0.96286817, -0.84433641, -0.4609989 , ..., -0.97409424,
         -0.80892175,  0.        ]],

       [[ 0.        ,  0.35093072,  0.5765773 , ..., -0.8606525 ,
         -0.84491665, -0.77931084],
        [-0.35093072,  0.        ,  0.25318246, ..., -0.98460761,
         -0.97889329, -0.94965414],
        [-0.5765773 , -0.25318246,  0.        , ..., -0.99677875,
         -0.99874294, -0.99803514],
        ...,
        [ 0.8606525 ,  0.98460761,  0.99677875, ...,  0.        ,
          0.03013584,  0.14249773],
        [ 0.84491665,  0.97889329,  0.99874294, ..., -0.03013584,
          0.        ,  0.1126047 ],
        [ 0.77931084,  0.94965414,  0.99803514, ..., -0.14249773,
         -0.1126047 ,  0.        ]],

       ...,

       [[ 0.        ,  0.17442477, -0.09012112, ...,  0.53083312,
          0.79416142,  0.97072609],
        [-0.17442477,  0.        , -0.26245461, ...,  0.37487485,
          0.67598819,  0.9977403 ],
        [ 0.09012112,  0.26245461,  0.        , ...,  0.60504858,
          0.84569705,  0.94512991],
        ...,
        [-0.53083312, -0.37487485, -0.60504858, ...,  0.        ,
          0.3504421 ,  0.95016781],
        [-0.79416142, -0.67598819, -0.84569705, ..., -0.3504421 ,
          0.        ,  0.78066591],
        [-0.97072609, -0.9977403 , -0.94512991, ..., -0.95016781,
         -0.78066591,  0.        ]],

       [[ 0.        , -0.29890035, -0.34317821, ..., -0.8019869 ,
         -0.84831505, -0.90420857],
        [ 0.29890035,  0.        , -0.04674136, ..., -0.94386915,
         -0.96779904, -0.99052977],
        [ 0.34317821,  0.04674136,  0.        , ..., -0.95827711,
         -0.97850719, -0.99586465],
        ...,
        [ 0.8019869 ,  0.94386915,  0.95827711, ...,  0.        ,
          0.08208838,  0.19759989],
        [ 0.84831505,  0.96779904,  0.97850719, ..., -0.08208838,
          0.        ,  0.11646318],
        [ 0.90420857,  0.99052977,  0.99586465, ..., -0.19759989,
         -0.11646318,  0.        ]],

       [[ 0.        ,  0.03181615, -0.06919812, ..., -0.66458061,
         -0.67789493, -0.8142454 ],
        [-0.03181615,  0.        , -0.10090297, ..., -0.6404706 ,
         -0.65416181, -0.79536324],
        [ 0.06919812,  0.10090297,  0.        , ..., -0.71469355,
         -0.72714158, -0.85246455],
        ...,
        [ 0.66458061,  0.6404706 ,  0.71469355, ...,  0.        ,
          0.01796204,  0.22261477],
        [ 0.67789493,  0.65416181,  0.72714158, ..., -0.01796204,
          0.        ,  0.20506754],
        [ 0.8142454 ,  0.79536324,  0.85246455, ..., -0.22261477,
         -0.20506754,  0.        ]]]), 'num': array([ 7.06347359e-01,  7.06347359e-01,  0.00000000e+00,  0.00000000e+00,
        7.11671586e-05,  7.36517975e-05,  7.08122102e-05,  4.63333253e-02,
       -1.24231948e-06,  7.01733030e-05,  6.67613613e-05,  6.86780828e-05,
        6.04008869e-07,  7.25930232e-05,  6.09296994e-05])}
{'img': array([[[ 0.00000000e+00, -8.49469210e-01, -7.52763148e-01, ...,
         -9.99684302e-01, -9.37963626e-01, -9.78545644e-01],
        [ 8.49469210e-01,  0.00000000e+00,  1.62011739e-01, ...,
         -5.06128169e-01, -2.00365855e-01, -3.41301784e-01],
        [ 7.52763148e-01, -1.62011739e-01,  0.00000000e+00, ...,
         -6.39169989e-01, -3.56445114e-01, -4.89076333e-01],
        ...,
        [ 9.99684302e-01,  5.06128169e-01,  6.39169989e-01, ...,
          0.00000000e+00,  3.23057280e-01,  1.81378533e-01],
        [ 9.37963626e-01,  2.00365855e-01,  3.56445114e-01, ...,
         -3.23057280e-01,  0.00000000e+00, -1.46045933e-01],
        [ 9.78545644e-01,  3.41301784e-01,  4.89076333e-01, ...,
         -1.81378533e-01,  1.46045933e-01,  0.00000000e+00]],

       [[ 0.00000000e+00,  5.02255325e-01, -9.29904223e-01, ...,
         -9.29830293e-01,  8.44336409e-01, -5.82193299e-01],
        [-5.02255325e-01,  0.00000000e+00, -9.88836587e-01, ...,
         -9.88866510e-01,  4.60998900e-01, -9.11792719e-01],
        [ 9.29904223e-01,  9.88836587e-01,  0.00000000e+00, ...,
          2.00953975e-04,  8.08803588e-01,  5.41927284e-01],
        ...,
        [ 9.29830293e-01,  9.88866510e-01, -2.00953975e-04, ...,
          0.00000000e+00,  8.08921748e-01,  5.41758387e-01],
        [-8.44336409e-01, -4.60998900e-01, -8.08803588e-01, ...,
         -8.08921748e-01,  0.00000000e+00, -9.98435047e-01],
        [ 5.82193299e-01,  9.11792719e-01, -5.41927284e-01, ...,
         -5.41758387e-01,  9.98435047e-01,  0.00000000e+00]],

       [[ 0.00000000e+00,  2.53182456e-01, -9.71859486e-03, ...,
         -9.78893290e-01, -9.49654144e-01, -9.44823449e-01],
        [-2.53182456e-01,  0.00000000e+00, -2.62572448e-01, ...,
         -9.98742936e-01, -9.98035142e-01, -9.96977234e-01],
        [ 9.71859486e-03,  2.62572448e-01,  0.00000000e+00, ...,
         -9.76860851e-01, -9.46564458e-01, -9.41595211e-01],
        ...,
        [ 9.78893290e-01,  9.98742936e-01,  9.76860851e-01, ...,
          0.00000000e+00,  1.12604702e-01,  1.27570365e-01],
        [ 9.49654144e-01,  9.98035142e-01,  9.46564458e-01, ...,
         -1.12604702e-01,  0.00000000e+00,  1.50743322e-02],
        [ 9.44823449e-01,  9.96977234e-01,  9.41595211e-01, ...,
         -1.27570365e-01, -1.50743322e-02,  0.00000000e+00]],

       ...,

       [[ 0.00000000e+00, -2.62454609e-01,  8.82866469e-02, ...,
          6.75988194e-01,  9.97740297e-01,  9.10165847e-01],
        [ 2.62454609e-01,  0.00000000e+00,  3.46621453e-01, ...,
          8.45697050e-01,  9.45129909e-01,  9.86979641e-01],
        [-8.82866469e-02, -3.46621453e-01,  0.00000000e+00, ...,
          6.08289004e-01,  9.99776082e-01,  8.70039531e-01],
        ...,
        [-6.75988194e-01, -8.45697050e-01, -6.08289004e-01, ...,
          0.00000000e+00,  7.80665910e-01,  3.90688460e-01],
        [-9.97740297e-01, -9.45129909e-01, -9.99776082e-01, ...,
         -7.80665910e-01,  0.00000000e+00, -4.74460696e-01],
        [-9.10165847e-01, -9.86979641e-01, -8.70039531e-01, ...,
         -3.90688460e-01,  4.74460696e-01,  0.00000000e+00]],

       [[ 0.00000000e+00, -1.74626394e-01, -3.13256446e-01, ...,
         -8.55086462e-01, -9.10418094e-01, -9.32615505e-01],
        [ 1.74626394e-01,  0.00000000e+00, -1.42605989e-01, ...,
         -9.32489099e-01, -9.68670390e-01, -9.81303357e-01],
        [ 3.13256446e-01,  1.42605989e-01,  0.00000000e+00, ...,
         -9.74467644e-01, -9.94186314e-01, -9.98720994e-01],
        ...,
        [ 8.55086462e-01,  9.32489099e-01,  9.74467644e-01, ...,
          0.00000000e+00,  1.18298339e-01,  1.74971122e-01],
        [ 9.10418094e-01,  9.68670390e-01,  9.94186314e-01, ...,
         -1.18298339e-01,  0.00000000e+00,  5.72690745e-02],
        [ 9.32615505e-01,  9.81303357e-01,  9.98720994e-01, ...,
         -1.74971122e-01, -5.72690745e-02,  0.00000000e+00]],

       [[ 0.00000000e+00, -1.00902970e-01, -1.38328768e-01, ...,
         -6.54161815e-01, -7.95363238e-01, -8.98450010e-01],
        [ 1.00902970e-01,  0.00000000e+00, -3.76898502e-02, ...,
         -7.27141578e-01, -8.52464549e-01, -9.38168619e-01],
        [ 1.38328768e-01,  3.76898502e-02,  0.00000000e+00, ...,
         -7.52498545e-01, -8.71562550e-01, -9.50549457e-01],
        ...,
        [ 6.54161815e-01,  7.27141578e-01,  7.52498545e-01, ...,
          0.00000000e+00,  2.05067545e-01,  3.92320182e-01],
        [ 7.95363238e-01,  8.52464549e-01,  8.71562550e-01, ...,
         -2.05067545e-01,  0.00000000e+00,  1.95355507e-01],
        [ 8.98450010e-01,  9.38168619e-01,  9.50549457e-01, ...,
         -3.92320182e-01, -1.95355507e-01,  0.00000000e+00]]]), 'num': array([ 9.83239708e-01,  1.69926767e-01,  1.01918915e-04, -1.45804694e-10,
        9.89913512e-05,  9.98596963e-05,  9.78749074e-05,  6.60642475e-02,
       -4.96197249e-07,  9.83214849e-05,  9.38743170e-05,  9.58363637e-05,
        8.33858447e-07,  1.02008349e-04,  8.57402853e-05])}
{'img': array([[[ 0.        ,  0.28565849, -0.05274449, ..., -0.27894906,
         -0.45145371, -0.49558772],
        [-0.28565849,  0.        , -0.33580757, ..., -0.5416452 ,
         -0.68753381, -0.72304825],
        [ 0.05274449,  0.33580757,  0.        , ..., -0.22790992,
         -0.40376168, -0.44908623],
        ...,
        [ 0.27894906,  0.5416452 ,  0.22790992, ...,  0.        ,
         -0.18462894, -0.23363241],
        [ 0.45145371,  0.68753381,  0.40376168, ...,  0.18462894,
          0.        , -0.05009653],
        [ 0.49558772,  0.72304825,  0.44908623, ...,  0.23363241,
          0.05009653,  0.        ]],

       [[ 0.        , -0.98883659, -0.95138593, ...,  0.4609989 ,
         -0.91179272, -0.89928788],
        [ 0.98883659,  0.        ,  0.44632332, ...,  0.80880359,
          0.54192728,  0.56647232],
        [ 0.95138593, -0.44632332,  0.        , ...,  0.98624882,
          0.10985399,  0.13911362],
        ...,
        [-0.4609989 , -0.80880359, -0.98624882, ...,  0.        ,
         -0.99843505, -0.99964988],
        [ 0.91179272, -0.54192728, -0.10985399, ...,  0.99843505,
          0.        ,  0.02948586],
        [ 0.89928788, -0.56647232, -0.13911362, ...,  0.99964988,
         -0.02948586,  0.        ]],

       [[ 0.        , -0.26257245, -0.56210237, ..., -0.99803514,
         -0.99697723, -0.99496222],
        [ 0.26257245,  0.        , -0.32521429, ..., -0.94656446,
         -0.94159521, -0.93372821],
        [ 0.56210237,  0.32521429,  0.        , ..., -0.79022315,
         -0.78089552, -0.76654997],
        ...,
        [ 0.99803514,  0.94656446,  0.79022315, ...,  0.        ,
          0.01507433,  0.03771266],
        [ 0.99697723,  0.94159521,  0.78089552, ..., -0.01507433,
          0.        ,  0.02264476],
        [ 0.99496222,  0.93372821,  0.76654997, ..., -0.03771266,
         -0.02264476,  0.        ]],

       ...,

       [[ 0.        ,  0.34662145,  0.39147082, ...,  0.94512991,
          0.98697964,  0.97525736],
        [-0.34662145,  0.        ,  0.04824385, ...,  0.99977608,
          0.87003953,  0.83816789],
        [-0.39147082, -0.04824385,  0.        , ...,  0.99759104,
          0.8452431 ,  0.81087913],
        ...,
        [-0.94512991, -0.99977608, -0.99759104, ...,  0.        ,
         -0.4744607 , -0.52755374],
        [-0.98697964, -0.87003953, -0.8452431 , ...,  0.4744607 ,
          0.        , -0.06132862],
        [-0.97525736, -0.83816789, -0.81087913, ...,  0.52755374,
          0.06132862,  0.        ]],

       [[ 0.        , -0.26312007, -0.36474713, ..., -0.91246709,
         -0.93451513, -0.95208328],
        [ 0.26312007,  0.        , -0.10690174, ..., -0.98797018,
         -0.9952363 , -0.99900716],
        [ 0.36474713,  0.10690174,  0.        , ..., -0.99884047,
         -0.99995526, -0.9980449 ],
        ...,
        [ 0.91246709,  0.98797018,  0.99884047, ...,  0.        ,
          0.05758855,  0.11047703],
        [ 0.93451513,  0.9952363 ,  0.99995526, ..., -0.05758855,
          0.        ,  0.05305765],
        [ 0.95208328,  0.99900716,  0.9980449 , ..., -0.11047703,
         -0.05305765,  0.        ]],

       [[ 0.        , -0.03768985, -0.11050615, ..., -0.85246455,
         -0.93816862, -0.9702513 ],
        [ 0.03768985,  0.        , -0.07296862, ..., -0.87156255,
         -0.95054946, -0.97868663],
        [ 0.11050615,  0.07296862,  0.        , ..., -0.90501454,
         -0.97067762, -0.99106248],
        ...,
        [ 0.85246455,  0.87156255,  0.90501454, ...,  0.        ,
          0.19535551,  0.30085118],
        [ 0.93816862,  0.95054946,  0.97067762, ..., -0.19535551,
          0.        ,  0.10874963],
        [ 0.9702513 ,  0.97868663,  0.99106248, ..., -0.30085118,
         -0.10874963,  0.        ]]]), 'num': array([ 9.84695534e-01,  1.65222326e-01,  1.00796213e-04, -5.19457698e-09,
        9.94506321e-05,  1.00062260e-04,  9.72487731e-05,  5.54635319e-02,
        1.83488251e-06,  9.81784469e-05,  9.31019386e-05,  9.44617904e-05,
        8.69542716e-07,  1.01459161e-04,  8.47447163e-05])}
{'img': array([[[ 0.        , -0.33580757, -0.39722752, ..., -0.68753381,
         -0.72304825, -0.57603344],
        [ 0.33580757,  0.        , -0.06598338, ..., -0.40376168,
         -0.44908623, -0.26808564],
        [ 0.39722752,  0.06598338,  0.        , ..., -0.34251594,
         -0.38915216, -0.20393335],
        ...,
        [ 0.68753381,  0.40376168,  0.34251594, ...,  0.        ,
         -0.05009653,  0.14372006],
        [ 0.72304825,  0.44908623,  0.38915216, ...,  0.05009653,
          0.        ,  0.19311605],
        [ 0.57603344,  0.26808564,  0.20393335, ..., -0.14372006,
         -0.19311605,  0.        ]],

       [[ 0.        ,  0.44632332,  0.16372702, ...,  0.54192728,
          0.56647232,  0.36699327],
        [-0.44632332,  0.        , -0.2937858 , ...,  0.10985399,
          0.13911362, -0.08676856],
        [-0.16372702,  0.2937858 ,  0.        , ...,  0.397014  ,
          0.42390387,  0.20973821],
        ...,
        [-0.54192728, -0.10985399, -0.397014  , ...,  0.        ,
          0.02948586, -0.19568309],
        [-0.56647232, -0.13911362, -0.42390387, ..., -0.02948586,
          0.        , -0.22451381],
        [-0.36699327,  0.08676856, -0.20973821, ...,  0.19568309,
          0.22451381,  0.        ]],

       [[ 0.        , -0.51080959, -0.63133503, ..., -0.99529035,
         -0.99278622, -0.96890093],
        [ 0.51080959,  0.        , -0.14661681, ..., -0.80612776,
         -0.79224721, -0.70655888],
        [ 0.63133503,  0.14661681,  0.        , ..., -0.71065697,
         -0.69422006, -0.59516934],
        ...,
        [ 0.99529035,  0.80612776,  0.71065697, ...,  0.        ,
          0.0230938 ,  0.15235951],
        [ 0.99278622,  0.79224721,  0.69422006, ..., -0.0230938 ,
          0.        ,  0.12949469],
        [ 0.96890093,  0.70655888,  0.59516934, ..., -0.15235951,
         -0.12949469,  0.        ]],

       ...,

       [[ 0.        ,  0.04824385,  0.06257204, ...,  0.87003953,
          0.83816789,  0.98655168],
        [-0.04824385,  0.        ,  0.01434987, ...,  0.8452431 ,
          0.81087913,  0.97751749],
        [-0.06257204, -0.01434987,  0.        , ...,  0.83748776,
          0.8023979 ,  0.97439111],
        ...,
        [-0.87003953, -0.8452431 , -0.83748776, ...,  0.        ,
         -0.06132862,  0.34414457],
        [-0.83816789, -0.81087913, -0.8023979 , ...,  0.06132862,
          0.        ,  0.40107922],
        [-0.98655168, -0.97751749, -0.97439111, ..., -0.34414457,
         -0.40107922,  0.        ]],

       [[ 0.        , -0.2595119 , -0.50257847, ..., -0.93883318,
         -0.95599299, -0.97806794],
        [ 0.2595119 ,  0.        , -0.26100385, ..., -0.99603737,
         -0.99937865, -0.99861197],
        [ 0.50257847,  0.26100385,  0.        , ..., -0.98472504,
         -0.9739374 , -0.95025075],
        ...,
        [ 0.93883318,  0.99603737,  0.98472504, ...,  0.        ,
          0.05377366,  0.14127357],
        [ 0.95599299,  0.99937865,  0.9739374 , ..., -0.05377366,
          0.        ,  0.08783482],
        [ 0.97806794,  0.99861197,  0.95025075, ..., -0.14127357,
         -0.08783482,  0.        ]],

       [[ 0.        , -0.07296862, -0.0837286 , ..., -0.95054946,
         -0.97868663, -0.98533188],
        [ 0.07296862,  0.        , -0.01079301, ..., -0.97067762,
         -0.99106248, -0.99515724],
        [ 0.0837286 ,  0.01079301,  0.        , ..., -0.97321556,
         -0.99244452, -0.99616018],
        ...,
        [ 0.95054946,  0.97067762,  0.97321556, ...,  0.        ,
          0.10874963,  0.14380736],
        [ 0.97868663,  0.99106248,  0.99244452, ..., -0.10874963,
          0.        ,  0.03533521],
        [ 0.98533188,  0.99515724,  0.99616018, ..., -0.14380736,
         -0.03533521,  0.        ]]]), 'num': array([9.94067654e-01, 9.87079509e-02, 1.09995043e-04, 1.39036121e-08,
       1.00410413e-04, 1.02384082e-04, 1.00163704e-04, 4.56744025e-02,
       1.23354316e-07, 9.97442998e-05, 9.42612005e-05, 9.51884138e-05,
       8.65015742e-07, 1.03136636e-04, 8.53857653e-05])}
{'img': array([[[ 0.        , -0.06598338, -0.15740602, ..., -0.44908623,
         -0.26808564, -0.25485945],
        [ 0.06598338,  0.        , -0.09190216, ..., -0.38915216,
         -0.20393335, -0.19049955],
        [ 0.15740602,  0.09190216,  0.        , ..., -0.30284746,
         -0.1130995 , -0.09947419],
        ...,
        [ 0.44908623,  0.38915216,  0.30284746, ...,  0.        ,
          0.19311605,  0.20654259],
        [ 0.26808564,  0.20393335,  0.1130995 , ..., -0.19311605,
          0.        ,  0.01370261],
        [ 0.25485945,  0.19049955,  0.09947419, ..., -0.20654259,
         -0.01370261,  0.        ]],

       [[ 0.        , -0.2937858 , -0.63848657, ...,  0.13911362,
         -0.08676856, -0.3340634 ],
        [ 0.2937858 ,  0.        , -0.38420374, ...,  0.42390387,
          0.20973821, -0.04241362],
        [ 0.63848657,  0.38420374,  0.        , ...,  0.73934462,
          0.56929857,  0.3446997 ],
        ...,
        [-0.13911362, -0.42390387, -0.73934462, ...,  0.        ,
         -0.22451381, -0.46193673],
        [ 0.08676856, -0.20973821, -0.56929857, ...,  0.22451381,
          0.        , -0.25101971],
        [ 0.3340634 ,  0.04241362, -0.3446997 , ...,  0.46193673,
          0.25101971,  0.        ]],

       [[ 0.        , -0.41578044, -0.66722529, ..., -0.97888963,
         -0.9398586 , -0.90572383],
        [ 0.41578044,  0.        , -0.29712152, ..., -0.80528469,
         -0.71275298, -0.64748799],
        [ 0.66722529,  0.29712152,  0.        , ..., -0.59275789,
         -0.47215929, -0.39181814],
        ...,
        [ 0.97888963,  0.80528469,  0.59275789, ...,  0.        ,
          0.14225595,  0.22979979],
        [ 0.9398586 ,  0.71275298,  0.47215929, ..., -0.14225595,
          0.        ,  0.08901382],
        [ 0.90572383,  0.64748799,  0.39181814, ..., -0.22979979,
         -0.08901382,  0.        ]],

       ...,

       [[ 0.        ,  0.01434987,  0.07446782, ...,  0.81087913,
          0.97751749,  0.9320623 ],
        [-0.01434987,  0.        ,  0.06015013, ...,  0.8023979 ,
          0.97439111,  0.9267674 ],
        [-0.07446782, -0.06015013,  0.        , ...,  0.76504807,
          0.95910147,  0.9024948 ],
        ...,
        [-0.81087913, -0.8023979 , -0.76504807, ...,  0.        ,
          0.40107922,  0.25167567],
        [-0.97751749, -0.97439111, -0.95910147, ..., -0.40107922,
          0.        , -0.15762331],
        [-0.9320623 , -0.9267674 , -0.9024948 , ..., -0.25167567,
          0.15762331,  0.        ]],

       [[ 0.        , -0.44197419, -0.61682239, ..., -0.95968601,
         -0.98090497, -0.99359588],
        [ 0.44197419,  0.        , -0.20542787, ..., -0.98509258,
         -0.96585751, -0.94122271],
        [ 0.61682239,  0.20542787,  0.        , ..., -0.92874405,
         -0.89203696, -0.85175777],
        ...,
        [ 0.95968601,  0.98509258,  0.92874405, ...,  0.        ,
          0.08906009,  0.17083726],
        [ 0.98090497,  0.96585751,  0.89203696, ..., -0.08906009,
          0.        ,  0.08240755],
        [ 0.99359588,  0.94122271,  0.85175777, ..., -0.17083726,
         -0.08240755,  0.        ]],

       [[ 0.        , -0.01079301, -0.01518383, ..., -0.99106248,
         -0.99515724, -0.99383134],
        [ 0.01079301,  0.        , -0.00439119, ..., -0.99244452,
         -0.99616018, -0.99497042],
        [ 0.01518383,  0.00439119,  0.        , ..., -0.99297373,
         -0.99653502, -0.99540069],
        ...,
        [ 0.99106248,  0.99244452,  0.99297373, ...,  0.        ,
          0.03533521,  0.02266479],
        [ 0.99515724,  0.99616018,  0.99653502, ..., -0.03533521,
          0.        , -0.0126755 ],
        [ 0.99383134,  0.99497042,  0.99540069, ..., -0.02266479,
          0.0126755 ,  0.        ]]]), 'num': array([ 9.98972500e-01,  2.64196060e-02,  1.20365457e-04,  1.54590235e-08,
        1.00887230e-04,  1.03134717e-04,  1.00387788e-04,  3.68219534e-02,
       -7.49162596e-07,  1.00762369e-04,  9.58553542e-05,  9.63027708e-05,
        7.87034955e-07,  1.04999742e-04,  8.67109662e-05])}
{'img': array([[[ 0.        , -0.09190216, -0.06210802, ..., -0.20393335,
         -0.19049955, -0.26892347],
        [ 0.09190216,  0.        ,  0.02987955, ..., -0.1130995 ,
         -0.09947419, -0.17926878],
        [ 0.06210802, -0.02987955,  0.        , ..., -0.14273683,
         -0.12916113, -0.20858424],
        ...,
        [ 0.20393335,  0.1130995 ,  0.14273683, ...,  0.        ,
          0.01370261, -0.06685123],
        [ 0.19049955,  0.09947419,  0.12916113, ..., -0.01370261,
          0.        , -0.08051691],
        [ 0.26892347,  0.17926878,  0.20858424, ...,  0.06685123,
          0.08051691,  0.        ]],

       [[ 0.        , -0.38420374, -0.52935001, ...,  0.20973821,
         -0.04241362, -0.30390596],
        [ 0.38420374,  0.        , -0.16276171, ...,  0.56929857,
          0.3446997 ,  0.085451  ],
        [ 0.52935001,  0.16276171,  0.        , ...,  0.69551863,
          0.4928898 ,  0.24647794],
        ...,
        [-0.20973821, -0.56929857, -0.69551863, ...,  0.        ,
         -0.25101971, -0.49696438],
        [ 0.04241362, -0.3446997 , -0.4928898 , ...,  0.25101971,
          0.        , -0.26322495],
        [ 0.30390596, -0.085451  , -0.24647794, ...,  0.49696438,
          0.26322495,  0.        ]],

       [[ 0.        , -0.40633848, -0.45250739, ..., -0.81771023,
         -0.75971276, -0.77613606],
        [ 0.40633848,  0.        , -0.05110958, ..., -0.51325969,
         -0.42994156, -0.45295007],
        [ 0.45250739,  0.05110958,  0.        , ..., -0.46872494,
         -0.38323503, -0.40679206],
        ...,
        [ 0.81771023,  0.51325969,  0.46872494, ...,  0.        ,
          0.09440977,  0.06885257],
        [ 0.75971276,  0.42994156,  0.38323503, ..., -0.09440977,
          0.        , -0.02564068],
        [ 0.77613606,  0.45295007,  0.40679206, ..., -0.06885257,
          0.02564068,  0.        ]],

       ...,

       [[ 0.        ,  0.06015013,  0.15923881, ...,  0.97439111,
          0.9267674 ,  0.6351504 ],
        [-0.06015013,  0.        ,  0.09956786, ...,  0.95910147,
          0.9024948 ,  0.58754109],
        [-0.15923881, -0.09956786,  0.        , ...,  0.92615156,
          0.85512615,  0.50405172],
        ...,
        [-0.97439111, -0.95910147, -0.92615156, ...,  0.        ,
         -0.15762331, -0.60978864],
        [-0.9267674 , -0.9024948 , -0.85512615, ...,  0.15762331,
          0.        , -0.47723929],
        [-0.6351504 , -0.58754109, -0.50405172, ...,  0.60978864,
          0.47723929,  0.        ]],

       [[ 0.        , -0.46728306, -0.68690718, ..., -0.98856982,
         -0.99789537, -0.99999648],
        [ 0.46728306,  0.        , -0.26770427, ..., -0.94445161,
         -0.91254785, -0.88534429],
        [ 0.68690718,  0.26770427,  0.        , ..., -0.82199905,
         -0.76975788, -0.72856487],
        ...,
        [ 0.98856982,  0.94445161,  0.82199905, ...,  0.        ,
          0.08634301,  0.14814071],
        [ 0.99789537,  0.91254785,  0.76975788, ..., -0.08634301,
          0.        ,  0.06219714],
        [ 0.99999648,  0.88534429,  0.72856487, ..., -0.14814071,
         -0.06219714,  0.        ]],

       [[ 0.        , -0.00439119,  0.06445053, ..., -0.99616018,
         -0.99497042, -0.99865633],
        [ 0.00439119,  0.        ,  0.06883197, ..., -0.99653502,
         -0.99540069, -0.99887427],
        [-0.06445053, -0.06883197,  0.        , ..., -0.98844647,
         -0.98644583, -0.99324007],
        ...,
        [ 0.99616018,  0.99653502,  0.98844647, ...,  0.        ,
         -0.0126755 ,  0.03580862],
        [ 0.99497042,  0.99540069,  0.98644583, ...,  0.0126755 ,
          0.        ,  0.04847312],
        [ 0.99865633,  0.99887427,  0.99324007, ..., -0.03580862,
         -0.04847312,  0.        ]]]), 'num': array([ 9.98899036e-01,  1.35680118e-02,  1.23475059e-04,  6.46237767e-09,
        1.00863033e-04,  1.02506166e-04,  9.95990857e-05,  4.49057898e-02,
       -1.26394779e-06,  1.01899471e-04,  9.75325310e-05,  9.74250955e-05,
        7.44193557e-07,  1.06479380e-04,  8.85856822e-05])}
{'img': array([[[ 0.        ,  0.02987955,  0.32229334, ..., -0.09947419,
         -0.17926878, -0.30284746],
        [-0.02987955,  0.        ,  0.29386426, ..., -0.12916113,
         -0.20858424, -0.33118862],
        [-0.32229334, -0.29386426,  0.        , ..., -0.41486104,
         -0.48677519, -0.5938456 ],
        ...,
        [ 0.09947419,  0.12916113,  0.41486104, ...,  0.        ,
         -0.08051691, -0.20654259],
        [ 0.17926878,  0.20858424,  0.48677519, ...,  0.08051691,
          0.        , -0.12709123],
        [ 0.30284746,  0.33118862,  0.5938456 , ...,  0.20654259,
          0.12709123,  0.        ]],

       [[ 0.        , -0.16276171,  0.24874041, ...,  0.3446997 ,
          0.085451  ,  0.29816827],
        [ 0.16276171,  0.        ,  0.4030697 , ...,  0.4928898 ,
          0.24647794,  0.44955054],
        [-0.24874041, -0.4030697 ,  0.        , ...,  0.10036999,
         -0.16506531,  0.05137086],
        ...,
        [-0.3446997 , -0.4928898 , -0.10036999, ...,  0.        ,
         -0.26322495, -0.04912602],
        [-0.085451  , -0.24647794,  0.16506531, ...,  0.26322495,
          0.        ,  0.21551356],
        [-0.29816827, -0.44955054, -0.05137086, ...,  0.04912602,
         -0.21551356,  0.        ]],

       [[ 0.        , -0.05110958, -0.08195995, ..., -0.42994156,
         -0.45295007, -0.46423277],
        [ 0.05110958,  0.        , -0.03091521, ..., -0.38323503,
         -0.40679206, -0.41835761],
        [ 0.08195995,  0.03091521,  0.        , ..., -0.35449699,
         -0.37835594, -0.3900779 ],
        ...,
        [ 0.42994156,  0.38323503,  0.35449699, ...,  0.        ,
         -0.02564068, -0.03833074],
        [ 0.45295007,  0.40679206,  0.37835594, ...,  0.02564068,
          0.        , -0.0126963 ],
        [ 0.46423277,  0.41835761,  0.3900779 , ...,  0.03833074,
          0.0126963 ,  0.        ]],

       ...,

       [[ 0.        ,  0.09956786,  0.17372596, ...,  0.9024948 ,
          0.58754109,  0.42097261],
        [-0.09956786,  0.        ,  0.07480884, ...,  0.85512615,
          0.50405172,  0.32856535],
        [-0.17372596, -0.07480884,  0.        , ...,  0.81394759,
          0.4380289 ,  0.25698912],
        ...,
        [-0.9024948 , -0.85512615, -0.81394759, ...,  0.        ,
         -0.47723929, -0.63731577],
        [-0.58754109, -0.50405172, -0.4380289 , ...,  0.47723929,
          0.        , -0.19229422],
        [-0.42097261, -0.32856535, -0.25698912, ...,  0.63731577,
          0.19229422,  0.        ]],

       [[ 0.        , -0.55333629, -0.77892114, ..., -0.99997319,
         -0.998276  , -0.99686316],
        [ 0.55333629,  0.        , -0.30179926, ..., -0.83698762,
         -0.79904421, -0.78655162],
        [ 0.77892114,  0.30179926,  0.        , ..., -0.632809  ,
         -0.58032244, -0.56350744],
        ...,
        [ 0.99997319,  0.83698762,  0.632809  , ...,  0.        ,
          0.06600303,  0.08644219],
        [ 0.998276  ,  0.79904421,  0.58032244, ..., -0.06600303,
          0.        ,  0.02049772],
        [ 0.99686316,  0.78655162,  0.56350744, ..., -0.08644219,
         -0.02049772,  0.        ]],

       [[ 0.        ,  0.06883197,  0.29033156, ..., -0.99540069,
         -0.99887427, -0.99686316],
        [-0.06883197,  0.        ,  0.22377587, ..., -0.98644583,
         -0.99324007, -0.99994653],
        [-0.29033156, -0.22377587,  0.        , ..., -0.92471142,
         -0.94207662, -0.97690251],
        ...,
        [ 0.99540069,  0.98644583,  0.92471142, ...,  0.        ,
          0.04847312,  0.17427897],
        [ 0.99887427,  0.99324007,  0.94207662, ..., -0.04847312,
          0.        ,  0.1263428 ],
        [ 0.99686316,  0.99994653,  0.97690251, ..., -0.17427897,
         -0.1263428 ,  0.        ]]]), 'num': array([ 9.99523115e-01,  8.10538312e-03,  1.25495915e-04, -9.14717577e-09,
        1.00917929e-04,  1.01939882e-04,  1.00662440e-04,  2.97951242e-02,
       -1.02195371e-06,  1.02782994e-04,  9.90464760e-05,  9.83992386e-05,
        7.96820342e-07,  1.07523640e-04,  9.05693118e-05])}
{'img': array([[[ 0.        ,  0.29386426,  0.11102126, ..., -0.20858424,
         -0.33118862, -0.42159495],
        [-0.29386426,  0.        , -0.18592825, ..., -0.48677519,
         -0.5938456 , -0.66945183],
        [-0.11102126,  0.18592825,  0.        , ..., -0.31587406,
         -0.43389695, -0.519661  ],
        ...,
        [ 0.20858424,  0.48677519,  0.31587406, ...,  0.        ,
         -0.12709123, -0.22318082],
        [ 0.33118862,  0.5938456 ,  0.43389695, ...,  0.12709123,
          0.        , -0.09748544],
        [ 0.42159495,  0.66945183,  0.519661  , ...,  0.22318082,
          0.09748544,  0.        ]],

       [[ 0.        ,  0.4030697 ,  0.00605329, ...,  0.24647794,
          0.44955054, -0.03845276],
        [-0.4030697 ,  0.        , -0.39752253, ..., -0.16506531,
          0.05137086, -0.43796238],
        [-0.00605329,  0.39752253,  0.        , ...,  0.24060689,
          0.44413517, -0.04450086],
        ...,
        [-0.24647794,  0.16506531, -0.24060689, ...,  0.        ,
          0.21551356, -0.28356208],
        [-0.44955054, -0.05137086, -0.44413517, ..., -0.21551356,
          0.        , -0.48356617],
        [ 0.03845276,  0.43796238,  0.04450086, ...,  0.28356208,
          0.48356617,  0.        ]],

       [[ 0.        , -0.03091521, -0.03523972, ..., -0.40679206,
         -0.41835761, -0.44107603],
        [ 0.03091521,  0.        , -0.00432687, ..., -0.37835594,
         -0.3900779 , -0.41311974],
        [ 0.03523972,  0.00432687,  0.        , ..., -0.37434718,
         -0.38609015, -0.4091755 ],
        ...,
        [ 0.40679206,  0.37835594,  0.37434718, ...,  0.        ,
         -0.0126963 , -0.03784856],
        [ 0.41835761,  0.3900779 ,  0.38609015, ...,  0.0126963 ,
          0.        , -0.0251583 ],
        [ 0.44107603,  0.41311974,  0.4091755 , ...,  0.03784856,
          0.0251583 ,  0.        ]],

       ...,

       [[ 0.        ,  0.07480884,  0.0572374 , ...,  0.50405172,
          0.32856535,  0.47549074],
        [-0.07480884,  0.        , -0.01760919, ...,  0.4380289 ,
          0.25698912,  0.40834748],
        [-0.0572374 ,  0.01760919,  0.        , ...,  0.45379095,
          0.27396705,  0.4243583 ],
        ...,
        [-0.50405172, -0.4380289 , -0.45379095, ...,  0.        ,
         -0.19229422, -0.032756  ],
        [-0.32856535, -0.25698912, -0.27396705, ...,  0.19229422,
          0.        ,  0.16004634],
        [-0.47549074, -0.40834748, -0.4243583 , ...,  0.032756  ,
         -0.16004634,  0.        ]],

       [[ 0.        , -0.63146354, -0.71036862, ..., -0.98788687,
         -0.98412268, -0.98600797],
        [ 0.63146354,  0.        , -0.10638092, ..., -0.6680251 ,
         -0.65101603, -0.65929224],
        [ 0.71036862,  0.10638092,  0.        , ..., -0.58507219,
         -0.56657188, -0.57556464],
        ...,
        [ 0.98788687,  0.6680251 ,  0.58507219, ...,  0.        ,
          0.02262754,  0.01167435],
        [ 0.98412268,  0.65101603,  0.56657188, ..., -0.02262754,
          0.        , -0.01095463],
        [ 0.98600797,  0.65929224,  0.57556464, ..., -0.01167435,
          0.01095463,  0.        ]],

       [[ 0.        ,  0.22377587,  0.23887004, ..., -0.99324007,
         -0.99994653, -0.98785439],
        [-0.22377587,  0.        ,  0.01551455, ..., -0.94207662,
         -0.97690251, -0.99757387],
        [-0.23887004, -0.01551455,  0.        , ..., -0.93675969,
         -0.9734697 , -0.99637374],
        ...,
        [ 0.99324007,  0.94207662,  0.93675969, ...,  0.        ,
          0.1263428 ,  0.26900048],
        [ 0.99994653,  0.97690251,  0.9734697 , ..., -0.1263428 ,
          0.        ,  0.14515908],
        [ 0.98785439,  0.99757387,  0.99637374, ..., -0.26900048,
         -0.14515908,  0.        ]]]), 'num': array([ 9.94807856e-01,  9.73388390e-02,  1.13747654e-04, -2.18696181e-08,
        1.00444207e-04,  1.01462653e-04,  1.00189596e-04,  2.97049930e-02,
       -1.27305713e-07,  1.01819109e-04,  9.91775154e-05,  9.79893288e-05,
        6.99809180e-07,  1.06876922e-04,  9.14781084e-05])}
{'img': array([[[ 0.00000000e+00, -1.85928245e-01, -1.17049807e-01, ...,
         -5.93845603e-01, -6.69451826e-01, -6.78324538e-01],
        [ 1.85928245e-01,  0.00000000e+00,  6.96413356e-02, ...,
         -4.33896945e-01, -5.19660997e-01, -5.29883725e-01],
        [ 1.17049807e-01, -6.96413356e-02,  0.00000000e+00, ...,
         -4.95587717e-01, -5.77898955e-01, -5.87657966e-01],
        ...,
        [ 5.93845603e-01,  4.33896945e-01,  4.95587717e-01, ...,
          0.00000000e+00, -9.74854374e-02, -1.09430257e-01],
        [ 6.69451826e-01,  5.19660997e-01,  5.77898955e-01, ...,
          9.74854374e-02,  0.00000000e+00, -1.20090486e-02],
        [ 6.78324538e-01,  5.29883725e-01,  5.87657966e-01, ...,
          1.09430257e-01,  1.20090486e-02,  0.00000000e+00]],

       [[ 0.00000000e+00, -3.97522530e-01, -2.47639116e-01, ...,
          5.13708637e-02, -4.37962378e-01, -4.37466182e-01],
        [ 3.97522530e-01,  0.00000000e+00,  1.57908861e-01, ...,
          4.44135174e-01, -4.45008647e-02, -4.39495325e-02],
        [ 2.47639116e-01, -1.57908861e-01,  0.00000000e+00, ...,
          2.97082926e-01, -2.01694971e-01, -2.01154410e-01],
        ...,
        [-5.13708637e-02, -4.44135174e-01, -2.97082926e-01, ...,
          0.00000000e+00, -4.83566175e-01, -4.83083043e-01],
        [ 4.37962378e-01,  4.45008647e-02,  2.01694971e-01, ...,
          4.83566175e-01,  0.00000000e+00,  5.51872199e-04],
        [ 4.37466182e-01,  4.39495325e-02,  2.01154410e-01, ...,
          4.83083043e-01, -5.51872199e-04,  0.00000000e+00]],

       [[ 0.00000000e+00, -4.32686943e-03,  2.64290611e-02, ...,
         -3.90077902e-01, -4.13119743e-01, -4.79188495e-01],
        [ 4.32686943e-03,  0.00000000e+00,  3.07541717e-02, ...,
         -3.86090147e-01, -4.09175497e-01, -4.75386264e-01],
        [-2.64290611e-02, -3.07541717e-02,  0.00000000e+00, ...,
         -4.14277044e-01, -4.37043768e-01, -5.02218215e-01],
        ...,
        [ 3.90077902e-01,  3.86090147e-01,  4.14277044e-01, ...,
          0.00000000e+00, -2.51583033e-02, -9.88520104e-02],
        [ 4.13119743e-01,  4.09175497e-01,  4.37043768e-01, ...,
          2.51583033e-02,  0.00000000e+00, -7.37856402e-02],
        [ 4.79188495e-01,  4.75386264e-01,  5.02218215e-01, ...,
          9.88520104e-02,  7.37856402e-02,  0.00000000e+00]],

       ...,

       [[ 0.00000000e+00, -1.76091903e-02,  1.41519611e-02, ...,
          2.56989120e-01,  4.08347476e-01,  9.81491858e-02],
        [ 1.76091903e-02,  0.00000000e+00,  3.17571936e-02, ...,
          2.73967046e-01,  4.24358297e-01,  1.15658135e-01],
        [-1.41519611e-02, -3.17571936e-02,  0.00000000e+00, ...,
          2.43286727e-01,  3.95388296e-01,  8.40557254e-02],
        ...,
        [-2.56989120e-01, -2.73967046e-01, -2.43286727e-01, ...,
          0.00000000e+00,  1.60046343e-01, -1.60895527e-01],
        [-4.08347476e-01, -4.24358297e-01, -3.95388296e-01, ...,
         -1.60046343e-01,  0.00000000e+00, -3.16782673e-01],
        [-9.81491858e-02, -1.15658135e-01, -8.40557254e-02, ...,
          1.60895527e-01,  3.16782673e-01,  0.00000000e+00]],

       [[ 0.00000000e+00, -1.38945755e-01, -1.69210009e-01, ...,
         -7.31296243e-01, -7.39251876e-01, -7.62456261e-01],
        [ 1.38945755e-01,  0.00000000e+00, -3.06265112e-02, ...,
         -6.29433327e-01, -6.38511022e-01, -6.65157002e-01],
        [ 1.69210009e-01,  3.06265112e-02,  0.00000000e+00, ...,
         -6.05339591e-01, -6.14640944e-01, -6.41976052e-01],
        ...,
        [ 7.31296243e-01,  6.29433327e-01,  6.05339591e-01, ...,
          0.00000000e+00, -1.17379901e-02, -4.68631506e-02],
        [ 7.39251876e-01,  6.38511022e-01,  6.14640944e-01, ...,
          1.17379901e-02,  0.00000000e+00, -3.51348283e-02],
