state_0,state_1,state_2,state_3,state_4,state_5,state_6,state_7,state_8,state_9,state_10,state_11,state_12,state_13,state_14,state_15,state_16,state_17,state_18,state_19,state_20,state_21,state_22,state_23,state_24,state_25,state_26,state_27,state_28,state_29,state_30,state_31,state_32,state_33,state_34,state_35,state_36,state_37,state_38,state_39,state_40,state_41,state_42,state_43,state_44,state_45,state_46,state_47,state_48,state_49,state_50,state_51,state_52,state_53,state_54,state_55,state_56,state_57,state_58,state_59,state_60,state_61,state_62,state_63,state_64,state_65,state_66,state_67,state_68,state_69,state_70,state_71,state_72,state_73,state_74,state_75,state_76,state_77,state_78,state_79,state_80,state_81,state_82,state_83,state_84,state_85,state_86,state_87,state_88,state_89,state_90,state_91,state_92,state_93,state_94,state_95,state_96,state_97,state_98,state_99,state_100,state_101,state_102,state_103,state_104,state_105,state_106,state_107,state_108,state_109,state_110,state_111,state_112,state_113,state_114,state_115,state_116,state_117,state_118,state_119,state_120,state_121,state_122,state_123,state_124,state_125,state_126,state_127,state_128,state_129,state_130,state_131,state_132,state_133,state_134,state_135,state_136,state_137,state_138,state_139,state_140,state_141,state_142,state_143,state_144,state_145,state_146,state_147,state_148,state_149,state_150,state_151,state_152,state_153,state_154,state_155,state_156,state_157,state_158,state_159,state_160,state_161,state_162,state_163,state_164,state_165,state_166,state_167,state_168,state_169,state_170,state_171,state_172,state_173,state_174,state_175,state_176,state_177,state_178,state_179,state_180,state_181,state_182,state_183,state_184,state_185,state_186,state_187,state_188,state_189,state_190,state_191,state_192,state_193,state_194,state_195,state_196,state_197,state_198,state_199,state_200,state_201,state_202,state_203,state_204,state_205,state_206,state_207,state_208,state_209,state_210,state_211,state_212,state_213,state_214,state_215,state_216,state_217,state_218,state_219,state_220,state_221,state_222,state_223,state_224,state_225,state_226,state_227,state_228,state_229,state_230,state_231,state_232,state_233,state_234,state_235,state_236,state_237,state_238,state_239,state_240,state_241,state_242,state_243,state_244,state_245,state_246,state_247,state_248,state_249,state_250,state_251,state_252,state_253,state_254,state_255,state_256,state_257,state_258,state_259,state_260,state_261,state_262,state_263,state_264,state_265,state_266,state_267,state_268,state_269,state_270,state_271,state_272,state_273,state_274,state_275,state_276,state_277,state_278,state_279,state_280,state_281,state_282,state_283,state_284,state_285,state_286,state_287
{'img': array([[[ 0.        , -0.39255164, -0.39255164, ...,  0.9821831 ,
          0.98020838,  0.98662849],
        [ 0.39255164,  0.        ,  0.        , ...,  0.97711407,
          0.82381417,  0.84345162],
        [ 0.39255164,  0.        ,  0.        , ...,  0.97711407,
          0.82381417,  0.84345162],
        ...,
        [-0.9821831 , -0.97711407, -0.97711407, ...,  0.        ,
          0.37864838,  0.34549505],
        [-0.98020838, -0.82381417, -0.82381417, ..., -0.37864838,
          0.        , -0.03556174],
        [-0.98662849, -0.84345162, -0.84345162, ..., -0.34549505,
          0.03556174,  0.        ]],

       [[ 0.        ,  0.05221557,  0.03503497, ...,  0.1332406 ,
          0.39894041,  0.33401095],
        [-0.05221557,  0.        , -0.01719633, ...,  0.08130884,
          0.35051572,  0.28433852],
        [-0.03503497,  0.01719633,  0.        , ...,  0.09843621,
          0.36656923,  0.30078301],
        ...,
        [-0.1332406 , -0.08130884, -0.09843621, ...,  0.        ,
          0.2732048 ,  0.20544433],
        [-0.39894041, -0.35051572, -0.36656923, ..., -0.2732048 ,
          0.        , -0.06974863],
        [-0.33401095, -0.28433852, -0.30078301, ..., -0.20544433,
          0.06974863,  0.        ]],

       [[ 0.        , -0.03572305, -0.09182306, ...,  0.95266227,
          0.94650021,  0.72253731],
        [ 0.03572305,  0.        , -0.05619232, ...,  0.94119332,
          0.93436814,  0.69737965],
        [ 0.09182306,  0.05619232,  0.        , ...,  0.92072058,
          0.91286997,  0.65600462],
        ...,
        [-0.95266227, -0.94119332, -0.92072058, ...,  0.        ,
          0.01966216,  0.43893241],
        [-0.94650021, -0.93436814, -0.91286997, ..., -0.01966216,
          0.        ,  0.4211807 ],
        [-0.72253731, -0.69737965, -0.65600462, ..., -0.43893241,
         -0.4211807 ,  0.        ]],

       ...,

       [[ 0.        , -0.5291141 , -0.75250766, ..., -0.32615808,
          0.01662822, -0.11327953],
        [ 0.5291141 ,  0.        , -0.29007508, ...,  0.22341796,
          0.54315083,  0.42958485],
        [ 0.75250766,  0.29007508,  0.        , ...,  0.49655464,
          0.76335469,  0.67305986],
        ...,
        [ 0.32615808, -0.22341796, -0.49655464, ...,  0.        ,
          0.34183189,  0.21697378],
        [-0.01662822, -0.54315083, -0.76335469, ..., -0.34183189,
          0.        , -0.12978506],
        [ 0.11327953, -0.42958485, -0.67305986, ..., -0.21697378,
          0.12978506,  0.        ]],

       [[ 0.        , -0.04062315, -0.08712306, ...,  0.97947761,
          0.99938871,  0.98169772],
        [ 0.04062315,  0.        , -0.04658246, ...,  0.98685681,
          0.99998394,  0.97315086],
        [ 0.08712306,  0.04658246,  0.        , ...,  0.99331312,
          0.99863442,  0.96137265],
        ...,
        [-0.97947761, -0.98685681, -0.99331312, ...,  0.        ,
          0.16718727,  0.38440148],
        [-0.99938871, -0.99998394, -0.99863442, ..., -0.16718727,
          0.        ,  0.22464948],
        [-0.98169772, -0.97315086, -0.96137265, ..., -0.38440148,
         -0.22464948,  0.        ]],

       [[ 0.        ,  0.38204489,  0.5310287 , ...,  0.        ,
          0.21350493,  0.25643438],
        [-0.38204489,  0.        ,  0.16701967, ...,  0.38204489,
          0.57054494,  0.60625217],
        [-0.5310287 , -0.16701967,  0.        , ...,  0.5310287 ,
          0.69969845,  0.73056263],
        ...,
        [-0.        , -0.38204489, -0.5310287 , ...,  0.        ,
         -0.21350493, -0.25643438],
        [-0.21350493, -0.57054494, -0.69969845, ...,  0.21350493,
          0.        , -0.04415584],
        [-0.25643438, -0.60625217, -0.73056263, ...,  0.25643438,
          0.04415584,  0.        ]]]), 'num': array([7.07094585e-01, 7.07094585e-01, 0.00000000e+00, 0.00000000e+00,
       5.27650642e-04, 5.34059354e-04, 5.22310048e-04, 5.69424765e-03,
       9.61306837e-06, 5.14192346e-04, 4.99665932e-04, 4.69188945e-04,
       1.37013848e-06, 5.28945635e-04, 4.70386228e-04])}
{'img': array([[[ 0.        ,  0.        , -0.27189592, ...,  0.84102148,
          0.85862234,  0.44659376],
        [ 0.        ,  0.        , -0.27189592, ...,  0.84102148,
          0.85862234,  0.44659376],
        [ 0.27189592,  0.27189592,  0.        , ...,  0.66224123,
          0.68689896,  0.18649379],
        ...,
        [-0.84102148, -0.84102148, -0.66224123, ...,  0.        ,
         -0.03340125,  0.5108849 ],
        [-0.85862234, -0.85862234, -0.68689896, ...,  0.03340125,
          0.        ,  0.5393132 ],
        [-0.44659376, -0.44659376, -0.18649379, ..., -0.5108849 ,
         -0.5393132 ,  0.        ]],

       [[ 0.        , -0.01719633, -0.24254423, ...,  0.35051572,
          0.28433852,  0.06649921],
        [ 0.01719633,  0.        , -0.22582551, ...,  0.36656923,
          0.30078301,  0.08364765],
        [ 0.24254423,  0.22582551,  0.        , ...,  0.56720591,
          0.50838123,  0.30652092],
        ...,
        [-0.35051572, -0.36656923, -0.56720591, ...,  0.        ,
         -0.06974863, -0.28745955],
        [-0.28433852, -0.30078301, -0.50838123, ...,  0.06974863,
          0.        , -0.21995474],
        [-0.06649921, -0.08364765, -0.30652092, ...,  0.28745955,
          0.21995474,  0.        ]],

       [[ 0.        , -0.05493673, -0.16941126, ...,  0.97385006,
          0.91338425,  0.68595679],
        [ 0.05493673,  0.        , -0.11501277, ...,  0.95989822,
          0.88964023,  0.6449466 ],
        [ 0.16941126,  0.11501277,  0.        , ...,  0.92128466,
          0.83121462,  0.5527708 ],
        ...,
        [-0.97385006, -0.95989822, -0.92128466, ...,  0.        ,
          0.18893962,  0.5527708 ],
        [-0.91338425, -0.88964023, -0.83121462, ..., -0.18893962,
          0.        ,  0.385365  ],
        [-0.68595679, -0.6449466 , -0.5527708 , ..., -0.5527708 ,
         -0.385365  ,  0.        ]],

       ...,

       [[ 0.        , -0.29007508, -0.76648198, ...,  0.54315083,
          0.42958485,  0.75527654],
        [ 0.29007508,  0.        , -0.54722093, ...,  0.76335469,
          0.67305986,  0.91291961],
        [ 0.76648198,  0.54722093,  0.        , ...,  0.99241242,
          0.9680612 ,  0.98744538],
        ...,
        [-0.54315083, -0.76335469, -0.99241242, ...,  0.        ,
         -0.12978506,  0.27817228],
        [-0.42958485, -0.67305986, -0.9680612 , ...,  0.12978506,
          0.        ,  0.40048214],
        [-0.75527654, -0.91291961, -0.98744538, ..., -0.27817228,
         -0.40048214,  0.        ]],

       [[ 0.        , -0.04506874, -0.07180116, ...,  0.99063474,
          0.99999774,  0.87420507],
        [ 0.04506874,  0.        , -0.02677579, ...,  0.99578177,
          0.9988858 ,  0.85143334],
        [ 0.07180116,  0.02677579,  0.        , ...,  0.99788151,
          0.99726403,  0.83708516],
        ...,
        [-0.99063474, -0.99578177, -0.99788151, ...,  0.        ,
          0.13864489,  0.60037236],
        [-0.99999774, -0.9988858 , -0.99726403, ..., -0.13864489,
          0.        ,  0.48369689],
        [-0.87420507, -0.85143334, -0.83708516, ..., -0.60037236,
         -0.48369689,  0.        ]],

       [[ 0.        ,  0.3914891 ,  0.48085955, ...,  0.21762274,
          0.26135264,  0.34309129],
        [-0.3914891 ,  0.        ,  0.09922195, ...,  0.58235895,
          0.61837445,  0.6834332 ],
        [-0.48085955, -0.09922195,  0.        , ...,  0.66014587,
          0.69329987,  0.752494  ],
        ...,
        [-0.21762274, -0.58235895, -0.66014587, ...,  0.        ,
         -0.04502988, -0.13045492],
        [-0.26135264, -0.61837445, -0.69329987, ...,  0.04502988,
          0.        , -0.08567753],
        [-0.34309129, -0.6834332 , -0.752494  , ...,  0.13045492,
          0.08567753,  0.        ]]]), 'num': array([ 7.75729022e-01,  6.30993096e-01,  5.68706979e-06, -6.02055949e-11,
        5.93180025e-04,  5.97841558e-04,  5.79195427e-04,  9.46885466e-03,
        1.74807473e-05,  5.70105439e-04,  5.48137966e-04,  5.14303009e-04,
        1.52276732e-06,  5.85823473e-04,  5.10452459e-04])}
{'img': array([[[ 0.        , -0.25556131, -0.4211807 , ...,  0.97035178,
          0.90471132,  0.4211807 ],
        [ 0.25556131,  0.        , -0.17540633, ...,  0.87636077,
          0.76579289,  0.17540633],
        [ 0.4211807 ,  0.17540633,  0.        , ...,  0.7782884 ,
          0.64111855,  0.        ],
        ...,
        [-0.97035178, -0.87636077, -0.7782884 , ...,  0.        ,
          0.19472829,  0.7782884 ],
        [-0.90471132, -0.76579289, -0.64111855, ..., -0.19472829,
          0.        ,  0.64111855],
        [-0.4211807 , -0.17540633, -0.        , ..., -0.7782884 ,
         -0.64111855,  0.        ]],

       [[ 0.        , -0.22582551, -0.24710533, ...,  0.30078301,
          0.08364765,  0.26721189],
        [ 0.22582551,  0.        , -0.02189969, ...,  0.50838123,
          0.30652092,  0.47792321],
        [ 0.24710533,  0.02189969,  0.        , ...,  0.52711784,
          0.32729294,  0.49704531],
        ...,
        [-0.30078301, -0.50838123, -0.52711784, ...,  0.        ,
         -0.21995474, -0.03500788],
        [-0.08364765, -0.30652092, -0.32729294, ...,  0.21995474,
          0.        ,  0.18566938],
        [-0.26721189, -0.47792321, -0.49704531, ...,  0.03500788,
         -0.18566938,  0.        ]],

       [[ 0.        , -0.11027806, -0.29868679, ...,  0.97513246,
          0.93997018,  0.6238498 ],
        [ 0.11027806,  0.        , -0.19162104, ...,  0.94474477,
          0.89660397,  0.53385762],
        [ 0.29868679,  0.19162104,  0.        , ...,  0.86442301,
          0.79513282,  0.36193486],
        ...,
        [-0.97513246, -0.94474477, -0.86442301, ...,  0.        ,
          0.12445152,  0.6238498 ],
        [-0.93997018, -0.89660397, -0.79513282, ..., -0.12445152,
          0.        ,  0.52173543],
        [-0.6238498 , -0.53385762, -0.36193486, ..., -0.6238498 ,
         -0.52173543,  0.        ]],

       ...,

       [[ 0.        , -0.54722093, -0.85625972, ...,  0.67305986,
          0.91291961,  0.94286188],
        [ 0.54722093,  0.        , -0.43401476, ...,  0.9680612 ,
          0.98744538,  0.97148945],
        [ 0.85625972,  0.43401476,  0.        , ...,  0.98094549,
          0.82103789,  0.77232301],
        ...,
        [-0.67305986, -0.9680612 , -0.98094549, ...,  0.        ,
          0.40048214,  0.47307666],
        [-0.91291961, -0.98744538, -0.82103789, ..., -0.40048214,
          0.        ,  0.08064902],
        [-0.94286188, -0.97148945, -0.77232301, ..., -0.47307666,
         -0.08064902,  0.        ]],

       [[ 0.        , -0.02505802, -0.08095098, ...,  0.98008273,
          0.99956181,  0.82083277],
        [ 0.02505802,  0.        , -0.05594978, ...,  0.98475125,
          0.99998968,  0.80626267],
        [ 0.08095098,  0.05594978,  0.        , ...,  0.99294221,
          0.99867751,  0.7719022 ],
        ...,
        [-0.98008273, -0.98475125, -0.99294221, ...,  0.        ,
          0.16949184,  0.72280136],
        [-0.99956181, -0.99998968, -0.99867751, ..., -0.16949184,
          0.        ,  0.59521525],
        [-0.82083277, -0.80626267, -0.7719022 , ..., -0.72280136,
         -0.59521525,  0.        ]],

       [[ 0.        ,  0.29721212,  0.48377432, ...,  0.26663116,
          0.34992157,  0.470384  ],
        [-0.29721212,  0.        ,  0.20179537, ...,  0.54103513,
          0.6125312 ,  0.7114064 ],
        [-0.48377432, -0.20179537,  0.        , ...,  0.6996147 ,
          0.75943845,  0.83858906],
        ...,
        [-0.26663116, -0.54103513, -0.6996147 , ...,  0.        ,
         -0.08747946, -0.21806364],
        [-0.34992157, -0.6125312 , -0.75943845, ...,  0.08747946,
          0.        , -0.13185343],
        [-0.470384  , -0.7114064 , -0.83858906, ...,  0.21806364,
          0.13185343,  0.        ]]]), 'num': array([7.70924750e-01, 6.36886766e-01, 5.25639153e-06, 1.26927965e-08,
       5.90475700e-04, 5.91633496e-04, 5.77739950e-04, 6.91002452e-03,
       1.15779549e-06, 5.75192800e-04, 5.47116259e-04, 5.13347224e-04,
       1.64923386e-06, 5.89450905e-04, 5.04781613e-04])}
{'img': array([[[ 0.        , -0.17473564,  0.0730077 , ...,  0.77866628,
          0.3440948 ,  0.17473564],
        [ 0.17473564,  0.        ,  0.24615385, ...,  0.65705097,
          0.17473564,  0.        ],
        [-0.0730077 , -0.24615385,  0.        , ...,  0.82239615,
          0.41172602,  0.24615385],
        ...,
        [-0.77866628, -0.65705097, -0.82239615, ...,  0.        ,
          0.5152187 ,  0.65705097],
        [-0.3440948 , -0.17473564, -0.41172602, ..., -0.5152187 ,
          0.        ,  0.17473564],
        [-0.17473564, -0.        , -0.24615385, ..., -0.65705097,
         -0.17473564,  0.        ]],

       [[ 0.        , -0.02189969,  0.0281786 , ...,  0.30652092,
          0.47792321,  0.35068232],
        [ 0.02189969,  0.        ,  0.05006284, ...,  0.32729294,
          0.49704531,  0.37110716],
        [-0.0281786 , -0.05006284,  0.        , ...,  0.27957702,
          0.4529813 ,  0.32415396],
        ...,
        [-0.30652092, -0.32729294, -0.27957702, ...,  0.        ,
          0.18566938,  0.04674669],
        [-0.47792321, -0.49704531, -0.4529813 , ..., -0.18566938,
          0.        , -0.13953253],
        [-0.35068232, -0.37110716, -0.32415396, ..., -0.04674669,
          0.13953253,  0.        ]],

       [[ 0.        , -0.18483853, -0.51716201, ...,  0.96273976,
          0.87542583,  0.51716201],
        [ 0.18483853,  0.        , -0.35004976, ...,  0.89616489,
          0.77099913,  0.35004976],
        [ 0.51716201,  0.35004976,  0.        , ...,  0.68414104,
          0.49929451,  0.        ],
        ...,
        [-0.96273976, -0.89616489, -0.68414104, ...,  0.        ,
          0.2286016 ,  0.68414104],
        [-0.87542583, -0.77099913, -0.49929451, ..., -0.2286016 ,
          0.        ,  0.49929451],
        [-0.51716201, -0.35004976, -0.        , ..., -0.68414104,
         -0.49929451,  0.        ]],

       ...,

       [[ 0.        , -0.43401476,  0.04617317, ...,  0.98744538,
          0.97148945,  0.68821097],
        [ 0.43401476,  0.        ,  0.47514953, ...,  0.82103789,
          0.77232301,  0.30513091],
        [-0.04617317, -0.47514953,  0.        , ...,  0.99368577,
          0.98140017,  0.72097608],
        ...,
        [-0.98744538, -0.82103789, -0.99368577, ...,  0.        ,
          0.08064902,  0.60769173],
        [-0.97148945, -0.77232301, -0.98140017, ..., -0.08064902,
          0.        ,  0.54166293],
        [-0.68821097, -0.30513091, -0.72097608, ..., -0.60769173,
         -0.54166293,  0.        ]],

       [[ 0.        , -0.05323583, -0.10632981, ...,  0.98510939,
          0.99423755,  0.78193076],
        [ 0.05323583,  0.        , -0.053245  , ...,  0.99286524,
          0.98712084,  0.74763659],
        [ 0.10632981,  0.053245  ,  0.        , ...,  0.99780587,
          0.97720265,  0.71121561],
        ...,
        [-0.98510939, -0.99286524, -0.99780587, ...,  0.        ,
          0.27654109,  0.74851938],
        [-0.99423755, -0.98712084, -0.97720265, ..., -0.27654109,
          0.        ,  0.53595072],
        [-0.78193076, -0.74763659, -0.71121561, ..., -0.74851938,
         -0.53595072,  0.        ]],

       [[ 0.        ,  0.3953262 ,  0.54067147, ...,  0.35380939,
          0.47544628,  0.55431742],
        [-0.3953262 ,  0.        ,  0.16406703, ...,  0.69474389,
          0.78450296,  0.83819528],
        [-0.54067147, -0.16406703,  0.        , ...,  0.80333595,
          0.87561439,  0.91631433],
        ...,
        [-0.35380939, -0.69474389, -0.80333595, ...,  0.        ,
         -0.13343129, -0.22398536],
        [-0.47544628, -0.78450296, -0.87561439, ...,  0.13343129,
          0.        , -0.09194136],
        [-0.55431742, -0.83819528, -0.91631433, ...,  0.22398536,
          0.09194136,  0.        ]]]), 'num': array([9.39169090e-01, 3.43252730e-01, 2.31874070e-05, 1.61662039e-08,
       7.21448378e-04, 7.36887934e-04, 7.10219609e-04, 1.16269407e-02,
       5.61438426e-06, 7.05166663e-04, 6.66848491e-04, 6.25442407e-04,
       2.02196356e-06, 7.23626684e-04, 6.10070297e-04])}
{'img': array([[[ 0.        ,  0.24250861,  0.85270787, ...,  0.37905747,
          0.34035087,  0.        ],
        [-0.24250861,  0.        ,  0.7005703 , ...,  0.59215327,
          0.55822163,  0.24250861],
        [-0.85270787, -0.7005703 ,  0.        , ...,  0.98708805,
          0.97959517,  0.85270787],
        ...,
        [-0.37905747, -0.59215327, -0.98708805, ...,  0.        ,
          0.04147561,  0.37905747],
        [-0.34035087, -0.55822163, -0.97959517, ..., -0.04147561,
          0.        ,  0.34035087],
        [-0.        , -0.24250861, -0.85270787, ..., -0.37905747,
         -0.34035087,  0.        ]],

       [[ 0.        ,  0.05006284,  0.65732066, ...,  0.49704531,
          0.37110716,  0.50523375],
        [-0.05006284,  0.        ,  0.61876853, ...,  0.4529813 ,
          0.32415396,  0.46139686],
        [-0.65732066, -0.61876853,  0.        , ..., -0.19579449,
         -0.33071099, -0.18650655],
        ...,
        [-0.49704531, -0.4529813 ,  0.19579449, ...,  0.        ,
         -0.13953253,  0.00946232],
        [-0.37110716, -0.32415396,  0.33071099, ...,  0.13953253,
          0.        ,  0.14889603],
        [-0.50523375, -0.46139686,  0.18650655, ..., -0.00946232,
         -0.14889603,  0.        ]],

       [[ 0.        , -0.34200401,  0.07135907, ...,  0.85572165,
          0.70727884,  0.34200401],
        [ 0.34200401,  0.        ,  0.40818815, ...,  0.62715501,
          0.42285436,  0.        ],
        [-0.07135907, -0.40818815,  0.        , ...,  0.89046393,
          0.75592197,  0.40818815],
        ...,
        [-0.85572165, -0.62715501, -0.89046393, ...,  0.        ,
          0.23896747,  0.62715501],
        [-0.70727884, -0.42285436, -0.75592197, ..., -0.23896747,
          0.        ,  0.42285436],
        [-0.34200401, -0.        , -0.40818815, ..., -0.62715501,
         -0.42285436,  0.        ]],

       ...,

       [[ 0.        ,  0.47514953,  0.60253117, ...,  0.77232301,
          0.30513091,  0.09321334],
        [-0.47514953,  0.        ,  0.1509556 , ...,  0.98140017,
          0.72097608,  0.5550997 ],
        [-0.60253117, -0.1509556 ,  0.        , ...,  0.99913329,
          0.81732027,  0.67430099],
        ...,
        [-0.77232301, -0.98140017, -0.99913329, ...,  0.        ,
          0.54166293,  0.70974852],
        [-0.30513091, -0.72097608, -0.81732027, ..., -0.54166293,
          0.        ,  0.21503438],
        [-0.09321334, -0.5550997 , -0.67430099, ..., -0.70974852,
         -0.21503438,  0.        ]],

       [[ 0.        , -0.05093968, -0.05872356, ...,  0.99978285,
          0.97705537,  0.72532208],
        [ 0.05093968,  0.        , -0.00779555, ...,  0.99954639,
          0.96493748,  0.68931305],
        [ 0.05872356,  0.00779555,  0.        , ...,  0.99928124,
          0.96286199,  0.68364451],
        ...,
        [-0.99978285, -0.99954639, -0.99928124, ...,  0.        ,
          0.23330003,  0.70337515],
        [-0.97705537, -0.96493748, -0.96286199, ..., -0.23330003,
          0.        ,  0.51813132],
        [-0.72532208, -0.68931305, -0.68364451, ..., -0.70337515,
         -0.51813132,  0.        ]],

       [[ 0.        ,  0.39329891,  0.57454364, ...,  0.48477509,
          0.56486225,  0.6097796 ],
        [-0.39329891,  0.        ,  0.20633664, ...,  0.78970189,
          0.84388482,  0.87235519],
        [-0.57454364, -0.20633664,  0.        , ...,  0.89929397,
          0.93642995,  0.95445536],
        ...,
        [-0.48477509, -0.78970189, -0.89929397, ...,  0.        ,
         -0.09402123, -0.14911823],
        [-0.56486225, -0.84388482, -0.93642995, ...,  0.09402123,
          0.        , -0.05548765],
        [-0.6097796 , -0.87235519, -0.95445536, ...,  0.14911823,
          0.05548765,  0.        ]]]), 'num': array([ 8.92058596e-01,  4.51850155e-01,  1.74339977e-05,  2.83111450e-08,
        6.79334014e-04,  7.02202684e-04,  6.75298367e-04,  7.70827526e-03,
       -1.21069428e-05,  6.81217316e-04,  6.42340578e-04,  6.02230725e-04,
        1.79362116e-06,  6.98237494e-04,  5.86443661e-04])}
{'img': array([[[ 0.        ,  0.83814041,  0.91913642, ...,  0.34283965,
          0.        ,  0.5041153 ],
        [-0.83814041,  0.        ,  0.17117061, ...,  0.97434746,
          0.83814041,  0.99882051],
        [-0.91913642, -0.17117061,  0.        , ...,  0.99848922,
          0.91913642,  0.99239051],
        ...,
        [-0.34283965, -0.97434746, -0.99848922, ...,  0.        ,
          0.34283965, -0.17747406],
        [-0.        , -0.83814041, -0.91913642, ..., -0.34283965,
          0.        , -0.5041153 ],
        [-0.5041153 , -0.99882051, -0.99239051, ...,  0.17747406,
          0.5041153 ,  0.        ]],

       [[ 0.        ,  0.61876853,  0.40003825, ...,  0.32415396,
          0.46139686,  0.30792386],
        [-0.61876853,  0.        , -0.252841  , ..., -0.33071099,
         -0.18650655, -0.3468064 ],
        [-0.40003825,  0.252841  ,  0.        , ..., -0.08135131,
          0.06795804, -0.09838905],
        ...,
        [-0.32415396,  0.33071099,  0.08135131, ...,  0.        ,
          0.14889603, -0.01710634],
        [-0.46139686,  0.18650655, -0.06795804, ..., -0.14889603,
          0.        , -0.1657899 ],
        [-0.30792386,  0.3468064 ,  0.09838905, ...,  0.01710634,
          0.1657899 ,  0.        ]],

       [[ 0.        ,  0.40181417,  0.60129441, ...,  0.53569992,
          0.35419873,  0.        ],
        [-0.40181417,  0.        ,  0.22955747, ...,  0.82984706,
          0.70011192,  0.40181417],
        [-0.60129441, -0.22955747,  0.        , ...,  0.93577707,
          0.84532714,  0.60129441],
        ...,
        [-0.53569992, -0.82984706, -0.93577707, ...,  0.        ,
          0.2018822 ,  0.53569992],
        [-0.35419873, -0.70011192, -0.84532714, ..., -0.2018822 ,
          0.        ,  0.35419873],
        [-0.        , -0.40181417, -0.60129441, ..., -0.53569992,
         -0.35419873,  0.        ]],

       ...,

       [[ 0.        ,  0.40804013,  0.9230666 , ...,  0.31448079,
          0.09613795,  0.72543094],
        [-0.40804013,  0.        ,  0.68577795, ...,  0.67444738,
          0.49392059,  0.94314429],
        [-0.9230666 , -0.68577795,  0.        , ...,  0.99719568,
          0.95576949,  0.91437196],
        ...,
        [-0.31448079, -0.67444738, -0.99719568, ...,  0.        ,
          0.22176384, -0.47216982],
        [-0.09613795, -0.49392059, -0.95576949, ..., -0.22176384,
          0.        , -0.65589949],
        [-0.72543094, -0.94314429, -0.91437196, ...,  0.47216982,
          0.65589949,  0.        ]],

       [[ 0.        , -0.00762382,  0.05011302, ...,  0.9876187 ,
          0.90733674,  0.67818231],
        [ 0.00762382,  0.        ,  0.0577258 , ...,  0.98639402,
          0.90410528,  0.6725599 ],
        [-0.05011302, -0.0577258 ,  0.        , ...,  0.99423921,
          0.92726446,  0.71415795],
        ...,
        [-0.9876187 , -0.98639402, -0.99423921, ...,  0.        ,
          0.27286232,  0.6194059 ],
        [-0.90733674, -0.90410528, -0.92726446, ..., -0.27286232,
          0.        ,  0.38168509],
        [-0.67818231, -0.6725599 , -0.71415795, ..., -0.6194059 ,
         -0.38168509,  0.        ]],

       [[ 0.        ,  0.44641648,  0.51360657, ...,  0.57543807,
          0.62093531,  0.57679041],
        [-0.44641648,  0.        ,  0.0765513 , ...,  0.88001619,
          0.90555746,  0.88080078],
        [-0.51360657, -0.0765513 ,  0.        , ...,  0.91379147,
          0.9353751 ,  0.91446225],
        ...,
        [-0.57543807, -0.88001619, -0.91379147, ...,  0.        ,
         -0.05676512, -0.0016545 ],
        [-0.62093531, -0.90555746, -0.9353751 , ...,  0.05676512,
          0.        ,  0.05511321],
        [-0.57679041, -0.88080078, -0.91446225, ...,  0.0016545 ,
         -0.05511321,  0.        ]]]), 'num': array([8.97200296e-01, 4.41556281e-01, 1.78334252e-05, 4.60395942e-09,
       6.87245875e-04, 6.91280586e-04, 6.73796836e-04, 7.49547201e-03,
       8.06942318e-06, 6.85631990e-04, 6.45352119e-04, 6.04982588e-04,
       1.87744969e-06, 7.03859456e-04, 5.86844782e-04])}
{'img': array([[[ 0.        ,  0.22117571,  0.24093455, ...,  0.6847122 ,
          0.96716476,  0.87933888],
        [-0.22117571,  0.        ,  0.02030738, ...,  0.82895046,
          0.99942379,  0.96288426],
        [-0.24093455, -0.02030738,  0.        , ...,  0.84013788,
          0.99990697,  0.96816696],
        ...,
        [-0.6847122 , -0.82895046, -0.84013788, ...,  0.        ,
         -0.53086304, -0.31481654],
        [-0.96716476, -0.99942379, -0.99990697, ...,  0.53086304,
          0.        ,  0.23707633],
        [-0.87933888, -0.96288426, -0.96816696, ...,  0.31481654,
         -0.23707633,  0.        ]],

       [[ 0.        , -0.252841  , -0.36617661, ..., -0.18650655,
         -0.3468064 , -0.35757491],
        [ 0.252841  ,  0.        , -0.11899872, ...,  0.06795804,
         -0.09838905, -0.10983224],
        [ 0.36617661,  0.11899872,  0.        , ...,  0.18619877,
          0.0207314 ,  0.00922697],
        ...,
        [ 0.18650655, -0.06795804, -0.18619877, ...,  0.        ,
         -0.1657899 , -0.17712523],
        [ 0.3468064 ,  0.09838905, -0.0207314 , ...,  0.1657899 ,
          0.        , -0.01150553],
        [ 0.35757491,  0.10983224, -0.00922697, ...,  0.17712523,
          0.01150553,  0.        ]],

       [[ 0.        ,  0.47203661,  0.6688237 , ...,  0.47812927,
          0.32971949,  0.        ],
        [-0.47203661,  0.        ,  0.23869894, ...,  0.83609348,
          0.73631358,  0.47203661],
        [-0.6688237 , -0.23869894,  0.        , ...,  0.94287218,
          0.87654278,  0.6688237 ],
        ...,
        [-0.47812927, -0.83609348, -0.94287218, ...,  0.        ,
          0.16180262,  0.47812927],
        [-0.32971949, -0.73631358, -0.87654278, ..., -0.16180262,
          0.        ,  0.32971949],
        [-0.        , -0.47203661, -0.6688237 , ..., -0.47812927,
         -0.32971949,  0.        ]],

       ...,

       [[ 0.        ,  0.81144084,  0.73461745, ...,  0.26678393,
          0.84132969,  0.64590705],
        [-0.81144084,  0.        , -0.12121181, ...,  0.93794903,
          0.93030401,  0.99695738],
        [-0.73461745,  0.12121181,  0.        , ...,  0.88900022,
          0.96790378,  0.99905477],
        ...,
        [-0.26678393, -0.93794903, -0.88900022, ...,  0.        ,
         -0.66663418, -0.41882989],
        [-0.84132969, -0.93030401, -0.96790378, ...,  0.66663418,
          0.        ,  0.29315744],
        [-0.64590705, -0.99695738, -0.99905477, ...,  0.41882989,
         -0.29315744,  0.        ]],

       [[ 0.        ,  0.05622726,  0.10899839, ...,  0.96250309,
          0.91076091,  0.65962458],
        [-0.05622726,  0.        ,  0.05293371, ...,  0.97623322,
          0.93253823,  0.70084119],
        [-0.10899839, -0.05293371,  0.        , ...,  0.9863365 ,
          0.95034368,  0.73761717],
        ...,
        [-0.96250309, -0.97623322, -0.9863365 , ...,  0.        ,
          0.15038759,  0.54447591],
        [-0.91076091, -0.93253823, -0.95034368, ..., -0.15038759,
          0.        ,  0.41214208],
        [-0.65962458, -0.70084119, -0.73761717, ..., -0.54447591,
         -0.41214208,  0.        ]],

       [[ 0.        ,  0.12475373,  0.14274487, ...,  0.8027667 ,
          0.76791739,  0.7561283 ],
        [-0.12475373,  0.        ,  0.01815352, ...,  0.87088508,
          0.84182908,  0.83186299],
        [-0.14274487, -0.01815352,  0.        , ...,  0.87966378,
          0.85148861,  0.84180076],
        ...,
        [-0.8027667 , -0.87088508, -0.87966378, ...,  0.        ,
          0.05630737,  0.07447512],
        [-0.76791739, -0.84182908, -0.85148861, ..., -0.05630737,
          0.        ,  0.01820597],
        [-0.7561283 , -0.83186299, -0.84180076, ..., -0.07447512,
         -0.01820597,  0.        ]]]), 'num': array([9.88992525e-01, 1.47426842e-01, 3.19986952e-05, 2.21969828e-08,
       7.60909298e-04, 7.62355893e-04, 7.39210363e-04, 1.24478396e-02,
       2.16989343e-05, 7.42392874e-04, 6.99428984e-04, 6.53475463e-04,
       1.83470664e-06, 7.66050955e-04, 6.32807012e-04])}
{'img': array([[[ 0.        ,  0.01909404, -0.25570262, ...,  0.98317072,
          0.99876726,  0.8       ],
        [-0.01909404,  0.        , -0.27411526, ...,  0.97950321,
          0.99763737,  0.81131058],
        [ 0.25570262,  0.27411526,  0.        , ...,  0.99719979,
          0.97825639,  0.61998282],
        ...,
        [-0.98317072, -0.97950321, -0.99719979, ...,  0.        ,
          0.13366095,  0.73605377],
        [-0.99876726, -0.99763737, -0.97825639, ..., -0.13366095,
          0.        ,  0.63897107],
        [-0.8       , -0.81131058, -0.61998282, ..., -0.73605377,
         -0.63897107,  0.        ]],

       [[ 0.        , -0.11899872, -0.22320253, ..., -0.09838905,
         -0.10983224,  0.08679489],
        [ 0.11899872,  0.        , -0.10561991, ...,  0.0207314 ,
          0.00922697,  0.20472781],
        [ 0.22320253,  0.10561991,  0.        , ...,  0.12621265,
          0.11479078,  0.30696545],
        ...,
        [ 0.09838905, -0.0207314 , -0.12621265, ...,  0.        ,
         -0.01150553,  0.18439152],
        [ 0.10983224, -0.00922697, -0.11479078, ...,  0.01150553,
          0.        ,  0.19568756],
        [-0.08679489, -0.20472781, -0.30696545, ..., -0.18439152,
         -0.19568756,  0.        ]],

       [[ 0.        ,  0.51467492,  0.65512809, ...,  0.46644522,
          0.33483988,  0.        ],
        [-0.51467492,  0.        ,  0.17285118, ...,  0.85517907,
          0.77205216,  0.51467492],
        [-0.65512809, -0.17285118,  0.        , ...,  0.93190129,
          0.87028835,  0.65512809],
        ...,
        [-0.46644522, -0.85517907, -0.93190129, ...,  0.        ,
          0.14333705,  0.46644522],
        [-0.33483988, -0.77205216, -0.87028835, ..., -0.14333705,
          0.        ,  0.33483988],
        [-0.        , -0.51467492, -0.65512809, ..., -0.46644522,
         -0.33483988,  0.        ]],

       ...,

       [[ 0.        , -0.12121181, -0.23167206, ...,  0.93030401,
          0.99695738,  0.81720364],
        [ 0.12121181,  0.        , -0.11204975, ...,  0.96790378,
          0.99905477,  0.88103844],
        [ 0.23167206,  0.11204975,  0.        , ...,  0.98996896,
          0.98789262,  0.92849472],
        ...,
        [-0.93030401, -0.96790378, -0.98996896, ...,  0.        ,
          0.29315744, -0.23643821],
        [-0.99695738, -0.99905477, -0.98789262, ..., -0.29315744,
          0.        , -0.51089551],
        [-0.81720364, -0.88103844, -0.92849472, ...,  0.23643821,
          0.51089551,  0.        ]],

       [[ 0.        ,  0.05104028,  0.04212316, ...,  0.98573972,
          0.94819046,  0.68282501],
        [-0.05104028,  0.        , -0.00892672, ...,  0.99304381,
          0.9631702 ,  0.71922412],
        [-0.04212316,  0.00892672,  0.        , ...,  0.99195317,
          0.9607315 ,  0.71299337],
        ...,
        [-0.98573972, -0.99304381, -0.99195317, ...,  0.        ,
          0.15361313,  0.60525979],
        [-0.94819046, -0.9631702 , -0.9607315 , ..., -0.15361313,
          0.        ,  0.47579565],
        [-0.68282501, -0.71922412, -0.71299337, ..., -0.60525979,
         -0.47579565,  0.        ]],

       [[ 0.        ,  0.01815352,  0.01322093, ...,  0.84182908,
          0.83186299,  0.8014407 ],
        [-0.01815352,  0.        , -0.00493318, ...,  0.85148861,
          0.84180076,  0.81216578],
        [-0.01322093,  0.00493318,  0.        , ...,  0.84889142,
          0.83912765,  0.80927775],
        ...,
        [-0.84182908, -0.85148861, -0.84889142, ...,  0.        ,
          0.01820597,  0.07090332],
        [-0.83186299, -0.84180076, -0.83912765, ..., -0.01820597,
          0.        ,  0.05273143],
        [-0.8014407 , -0.81216578, -0.80927775, ..., -0.07090332,
         -0.05273143,  0.        ]]]), 'num': array([ 9.99758366e-01,  1.75314582e-02,  3.92106550e-05,  1.00368146e-07,
        7.68565656e-04,  8.00780982e-04,  7.60895340e-04,  1.30870930e-02,
       -3.83515796e-05,  7.84519913e-04,  7.44634270e-04,  6.95007326e-04,
        1.72168242e-06,  8.14661524e-04,  6.74607016e-04])}
{'img': array([[[ 0.        , -0.27411526, -0.4910945 , ...,  0.99763737,
          0.81131058,  0.96007767],
        [ 0.27411526,  0.        , -0.23350049, ...,  0.97825639,
          0.61998282,  0.99998291],
        [ 0.4910945 ,  0.23350049,  0.        , ...,  0.90278632,
          0.41963636,  0.97370533],
        ...,
        [-0.99763737, -0.97825639, -0.90278632, ...,  0.        ,
          0.63897107, -0.21311548],
        [-0.81131058, -0.61998282, -0.41963636, ..., -0.63897107,
          0.        , -0.78822698],
        [-0.96007767, -0.99998291, -0.97370533, ...,  0.21311548,
          0.78822698,  0.        ]],

       [[ 0.        , -0.10561991, -0.29837804, ...,  0.00922697,
          0.20472781,  0.20050125],
        [ 0.10561991,  0.        , -0.1959004 , ...,  0.11479078,
          0.30696545,  0.30285489],
        [ 0.29837804,  0.1959004 ,  0.        , ...,  0.307172  ,
          0.48746008,  0.48368698],
        ...,
        [-0.00922697, -0.11479078, -0.307172  , ...,  0.        ,
          0.19568756,  0.19145311],
        [-0.20472781, -0.30696545, -0.48746008, ..., -0.19568756,
          0.        , -0.00431607],
        [-0.20050125, -0.30285489, -0.48368698, ..., -0.19145311,
          0.00431607,  0.        ]],

       [[ 0.        ,  0.45535338,  0.57637597, ...,  0.3470604 ,
          0.        ,  0.25442223],
        [-0.45535338,  0.        ,  0.14104595, ...,  0.7360415 ,
          0.45535338,  0.66688404],
        [-0.57637597, -0.14104595,  0.        , ...,  0.82416247,
          0.57637597,  0.76531924],
        ...,
        [-0.3470604 , -0.7360415 , -0.82416247, ...,  0.        ,
          0.3470604 ,  0.09703171],
        [-0.        , -0.45535338, -0.57637597, ..., -0.3470604 ,
          0.        , -0.25442223],
        [-0.25442223, -0.66688404, -0.76531924, ..., -0.09703171,
          0.25442223,  0.        ]],

       ...,

       [[ 0.        , -0.11204975,  0.53359275, ...,  0.99905477,
          0.88103844,  0.58353917],
        [ 0.11204975,  0.        ,  0.62499763, ...,  0.98789262,
          0.92849472,  0.67085831],
        [-0.53359275, -0.62499763,  0.        , ...,  0.86813694,
          0.4927176 ,  0.06020066],
        ...,
        [-0.99905477, -0.98789262, -0.86813694, ...,  0.        ,
         -0.51089551, -0.83668332],
        [-0.88103844, -0.92849472, -0.4927176 , ...,  0.51089551,
          0.        , -0.43943799],
        [-0.58353917, -0.67085831, -0.06020066, ...,  0.83668332,
          0.43943799,  0.        ]],

       [[ 0.        , -0.00885142, -0.03809767, ...,  0.97490738,
          0.86054468,  0.71498202],
        [ 0.00885142,  0.        , -0.02925118, ...,  0.97289877,
          0.85600228,  0.70876561],
        [ 0.03809767,  0.02925118,  0.        , ...,  0.96571866,
          0.84051394,  0.68782725],
        ...,
        [-0.97490738, -0.97289877, -0.96571866, ...,  0.        ,
          0.30502681,  0.52243674],
        [-0.86054468, -0.85600228, -0.84051394, ..., -0.30502681,
          0.        ,  0.23744971],
        [-0.71498202, -0.70876561, -0.68782725, ..., -0.52243674,
         -0.23744971,  0.        ]],

       [[ 0.        , -0.00493318, -0.03646728, ...,  0.84180076,
          0.81216578,  0.73027449],
        [ 0.00493318,  0.        , -0.03153693, ...,  0.83912765,
          0.80927775,  0.72689548],
        [ 0.03646728,  0.03153693,  0.        , ...,  0.82155623,
          0.79034958,  0.70487599],
        ...,
        [-0.84180076, -0.83912765, -0.82155623, ...,  0.        ,
          0.05273143,  0.18088575],
        [-0.81216578, -0.80927775, -0.79034958, ..., -0.05273143,
          0.        ,  0.12877252],
        [-0.73027449, -0.72689548, -0.70487599, ..., -0.18088575,
         -0.12877252,  0.        ]]]), 'num': array([ 9.99811055e-01,  1.67308505e-02,  3.91665420e-05, -4.76176906e-08,
        7.68631904e-04,  7.74756461e-04,  7.50258233e-04,  9.66445908e-03,
        1.53113925e-06,  7.79349879e-04,  7.47119397e-04,  6.95698638e-04,
        2.03294119e-06,  8.13440708e-04,  6.80798087e-04])}
{'img': array([[[ 0.        , -0.23350049,  0.02443667, ...,  0.61998282,
          0.99998291,  0.99990446],
        [ 0.23350049,  0.        ,  0.25719192, ...,  0.41963636,
          0.97370533,  0.96903613],
        [-0.02443667, -0.25719192,  0.        , ...,  0.63897107,
          0.99954141,  0.99994365],
        ...,
        [-0.61998282, -0.41963636, -0.63897107, ...,  0.        ,
         -0.78822698, -0.77597047],
        [-0.99998291, -0.97370533, -0.99954141, ...,  0.78822698,
          0.        ,  0.01966904],
        [-0.99990446, -0.96903613, -0.99994365, ...,  0.77597047,
