state_0,state_1,state_2,state_3,state_4,state_5,state_6,state_7,state_8,state_9,state_10,state_11,state_12,state_13,state_14,state_15,state_16,state_17,state_18,state_19,state_20,state_21,state_22,state_23,state_24,state_25,state_26,state_27,state_28,state_29,state_30,state_31,state_32,state_33,state_34,state_35,state_36,state_37,state_38,state_39,state_40,state_41,state_42,state_43,state_44,state_45,state_46,state_47,state_48,state_49,state_50,state_51,state_52,state_53,state_54,state_55,state_56,state_57,state_58,state_59,state_60,state_61,state_62,state_63,state_64,state_65,state_66,state_67,state_68,state_69,state_70,state_71,state_72,state_73,state_74,state_75,state_76,state_77,state_78,state_79,state_80,state_81,state_82,state_83,state_84,state_85,state_86,state_87,state_88,state_89,state_90,state_91,state_92,state_93,state_94,state_95,state_96,state_97,state_98,state_99,state_100,state_101,state_102,state_103,state_104,state_105,state_106,state_107,state_108,state_109,state_110,state_111,state_112,state_113,state_114,state_115,state_116,state_117,state_118,state_119,state_120,state_121,state_122,state_123,state_124,state_125,state_126,state_127,state_128,state_129,state_130,state_131,state_132,state_133,state_134,state_135,state_136,state_137,state_138,state_139,state_140,state_141,state_142,state_143,state_144,state_145,state_146,state_147,state_148,state_149,state_150,state_151,state_152,state_153,state_154,state_155,state_156,state_157,state_158,state_159,state_160,state_161,state_162,state_163,state_164,state_165,state_166,state_167,state_168,state_169,state_170,state_171,state_172,state_173,state_174,state_175,state_176,state_177,state_178,state_179,state_180,state_181,state_182,state_183,state_184,state_185,state_186,state_187,state_188,state_189,state_190,state_191,state_192,state_193,state_194,state_195,state_196,state_197,state_198,state_199,state_200,state_201,state_202,state_203,state_204,state_205,state_206,state_207,state_208,state_209,state_210,state_211,state_212,state_213,state_214,state_215,state_216,state_217,state_218,state_219,state_220,state_221,state_222,state_223,state_224,state_225,state_226,state_227,state_228,state_229,state_230,state_231,state_232,state_233,state_234,state_235,state_236,state_237,state_238,state_239,state_240,state_241,state_242,state_243,state_244,state_245,state_246,state_247,state_248,state_249,state_250,state_251,state_252,state_253,state_254,state_255,state_256,state_257,state_258,state_259,state_260,state_261,state_262,state_263,state_264,state_265,state_266,state_267,state_268,state_269,state_270,state_271,state_272,state_273,state_274,state_275,state_276,state_277,state_278,state_279,state_280,state_281,state_282,state_283,state_284,state_285,state_286,state_287
{'img': array([[[ 0.        , -0.07396898,  0.04193382, ...,  0.10438838,
          0.56486349,  0.85858326],
        [ 0.07396898,  0.        ,  0.11572286, ...,  0.17766727,
          0.62435412,  0.89415319],
        [-0.04193382, -0.11572286,  0.        , ...,  0.06259184,
          0.5297635 ,  0.83632966],
        ...,
        [-0.10438838, -0.17766727, -0.06259184, ...,  0.        ,
          0.47563776,  0.80037526],
        [-0.56486349, -0.62435412, -0.5297635 , ..., -0.47563776,
          0.        ,  0.41889857],
        [-0.85858326, -0.89415319, -0.83632966, ..., -0.80037526,
         -0.41889857,  0.        ]],

       [[ 0.        , -0.16614366, -0.24062086, ..., -0.10877084,
          0.31512275,  0.59393155],
        [ 0.16614366,  0.        , -0.07601438, ...,  0.05789881,
          0.46842182,  0.71934198],
        [ 0.24062086,  0.07601438,  0.        , ...,  0.13361816,
          0.53422563,  0.77006458],
        ...,
        [ 0.10877084, -0.05789881, -0.13361816, ...,  0.        ,
          0.41648214,  0.6779155 ],
        [-0.31512275, -0.46842182, -0.53422563, ..., -0.41648214,
          0.        ,  0.31015012],
        [-0.59393155, -0.71934198, -0.77006458, ..., -0.6779155 ,
         -0.31015012,  0.        ]],

       [[ 0.        ,  0.0390389 ,  0.11402874, ...,  0.3665173 ,
          0.43695786,  0.61093183],
        [-0.0390389 ,  0.        ,  0.07515754, ...,  0.32991567,
          0.40150997,  0.57955967],
        [-0.11402874, -0.07515754,  0.        , ...,  0.25803306,
          0.33154099,  0.51667236],
        ...,
        [-0.3665173 , -0.32991567, -0.25803306, ...,  0.        ,
          0.07687479,  0.27825224],
        [-0.43695786, -0.40150997, -0.33154099, ..., -0.07687479,
          0.        ,  0.20358997],
        [-0.61093183, -0.57955967, -0.51667236, ..., -0.27825224,
         -0.20358997,  0.        ]],

       ...,

       [[ 0.        , -0.33831274, -0.21487012, ..., -0.87037473,
         -0.34601399, -0.10516043],
        [ 0.33831274,  0.        ,  0.12821061, ..., -0.65247021,
         -0.00819589,  0.23747737],
        [ 0.21487012, -0.12821061,  0.        , ..., -0.74424519,
         -0.13633456,  0.11097456],
        ...,
        [ 0.87037473,  0.65247021,  0.74424519, ...,  0.        ,
          0.64623733,  0.81376881],
        [ 0.34601399,  0.00819589,  0.13633456, ..., -0.64623733,
          0.        ,  0.24543083],
        [ 0.10516043, -0.23747737, -0.11097456, ..., -0.81376881,
         -0.24543083,  0.        ]],

       [[ 0.        ,  0.11676393,  0.20995271, ...,  0.57840691,
          0.54293444,  0.        ],
        [-0.11676393,  0.        ,  0.09435512, ...,  0.66970042,
          0.63727604,  0.11676393],
        [-0.20995271, -0.09435512,  0.        , ...,  0.73678369,
          0.70714632,  0.20995271],
        ...,
        [-0.57840691, -0.66970042, -0.73678369, ...,  0.        ,
          0.04283382,  0.57840691],
        [-0.54293444, -0.63727604, -0.70714632, ..., -0.04283382,
          0.        ,  0.54293444],
        [-0.        , -0.11676393, -0.20995271, ..., -0.57840691,
         -0.54293444,  0.        ]],

       [[ 0.        , -0.00168966, -0.00822501, ...,  0.45199545,
          0.44786599,  0.3931384 ],
        [ 0.00168966,  0.        , -0.00653539, ...,  0.45350202,
          0.44937608,  0.39469145],
        [ 0.00822501,  0.00653539,  0.        , ...,  0.45931703,
          0.45520483,  0.40068782],
        ...,
        [-0.45199545, -0.45350202, -0.45931703, ...,  0.        ,
         -0.00462392, -0.06491305],
        [-0.44786599, -0.44937608, -0.45520483, ...,  0.00462392,
          0.        , -0.0602982 ],
        [-0.3931384 , -0.39469145, -0.40068782, ...,  0.06491305,
          0.0602982 ,  0.        ]]]), 'num': array([ 7.07092555e-01,  7.07092555e-01,  0.00000000e+00,  0.00000000e+00,
        1.02054596e-04,  1.06792845e-04,  1.02054596e-04,  6.33666704e-03,
       -5.83169118e-06,  1.01933102e-04,  1.00766764e-04,  9.81546522e-05,
        1.27993222e-06,  1.06568206e-04,  9.49653220e-05])}
{'img': array([[[ 0.        ,  0.11572286, -0.05355751, ...,  0.62435412,
          0.89415319,  0.47500264],
        [-0.11572286,  0.        , -0.16875445, ...,  0.5297635 ,
          0.83632966,  0.36997705],
        [ 0.05355751,  0.16875445,  0.        , ...,  0.66529401,
          0.91685085,  0.52145067],
        ...,
        [-0.62435412, -0.5297635 , -0.66529401, ...,  0.        ,
          0.41889857, -0.17837762],
        [-0.89415319, -0.83632966, -0.91685085, ..., -0.41889857,
          0.        , -0.57415309],
        [-0.47500264, -0.36997705, -0.52145067, ...,  0.17837762,
          0.57415309,  0.        ]],

       [[ 0.        , -0.07601438,  0.27151021, ...,  0.46842182,
          0.71934198,  0.28701456],
        [ 0.07601438,  0.        ,  0.3438836 , ...,  0.53422563,
          0.77006458,  0.35900032],
        [-0.27151021, -0.3438836 ,  0.        , ...,  0.21094521,
          0.50371408,  0.01614628],
        ...,
        [-0.46842182, -0.53422563, -0.21094521, ...,  0.        ,
          0.31015012, -0.19513476],
        [-0.71934198, -0.77006458, -0.50371408, ..., -0.31015012,
          0.        , -0.48970013],
        [-0.28701456, -0.35900032, -0.01614628, ...,  0.19513476,
          0.48970013,  0.        ]],

       [[ 0.        ,  0.07515754,  0.08071786, ...,  0.40150997,
          0.57955967,  0.65846712],
        [-0.07515754,  0.        ,  0.00557727, ...,  0.33154099,
          0.51667236,  0.60004049],
        [-0.08071786, -0.00557727,  0.        , ...,  0.32627401,
          0.51188916,  0.59556951],
        ...,
        [-0.40150997, -0.33154099, -0.32627401, ...,  0.        ,
          0.20358997,  0.30087996],
        [-0.57955967, -0.51667236, -0.51188916, ..., -0.20358997,
          0.        ,  0.10042238],
        [-0.65846712, -0.60004049, -0.59556951, ..., -0.30087996,
         -0.10042238,  0.        ]],

       ...,

       [[ 0.        ,  0.12821061, -0.04590599, ..., -0.00819589,
          0.23747737, -0.10711974],
        [-0.12821061,  0.        , -0.17360258, ..., -0.13633456,
          0.11097456, -0.23370858],
        [ 0.04590599,  0.17360258,  0.        , ...,  0.0377172 ,
          0.28181978, -0.06136495],
        ...,
        [ 0.00819589,  0.13633456, -0.0377172 , ...,  0.        ,
          0.24543083, -0.0989674 ],
        [-0.23747737, -0.11097456, -0.28181978, ..., -0.24543083,
          0.        , -0.34016633],
        [ 0.10711974,  0.23370858,  0.06136495, ...,  0.0989674 ,
          0.34016633,  0.        ]],

       [[ 0.        ,  0.17539115,  0.24785209, ...,  0.543784  ,
          0.        ,  0.75312275],
        [-0.17539115,  0.        ,  0.07409152, ...,  0.68254739,
          0.17539115,  0.8568348 ],
        [-0.24785209, -0.07409152,  0.        , ...,  0.73482052,
          0.24785209,  0.89268067],
        ...,
        [-0.543784  , -0.68254739, -0.73482052, ...,  0.        ,
          0.543784  , -0.27429497],
        [-0.        , -0.17539115, -0.24785209, ..., -0.543784  ,
          0.        , -0.75312275],
        [-0.75312275, -0.8568348 , -0.89268067, ...,  0.27429497,
          0.75312275,  0.        ]],

       [[ 0.        , -0.00653539, -0.0042613 , ...,  0.44937608,
          0.39469145,  0.53179467],
        [ 0.00653539,  0.        ,  0.00227413, ...,  0.45520483,
          0.40068782,  0.53731796],
        [ 0.0042613 , -0.00227413,  0.        , ...,  0.4531788 ,
          0.3986032 ,  0.53539862],
        ...,
        [-0.44937608, -0.45520483, -0.4531788 , ...,  0.        ,
         -0.0602982 ,  0.09451026],
        [-0.39469145, -0.40068782, -0.3986032 , ...,  0.0602982 ,
          0.        ,  0.15436659],
        [-0.53179467, -0.53731796, -0.53539862, ..., -0.09451026,
         -0.15436659,  0.        ]]]), 'num': array([ 8.31132639e-01,  5.42349015e-01,  7.07803001e-05, -1.44967028e-10,
        1.17726712e-04,  1.35616556e-04,  1.17582439e-04,  1.22784200e-01,
       -3.46255035e-06,  1.21477808e-04,  1.19479628e-04,  1.16613406e-04,
        1.37764378e-06,  1.26372961e-04,  1.12586295e-04])}
{'img': array([[[ 0.        , -0.16875445, -0.29721208, ...,  0.83632966,
          0.36997705,  0.12481658],
        [ 0.16875445,  0.        , -0.13182081, ...,  0.91685085,
          0.52145067,  0.29046124],
        [ 0.29721208,  0.13182081,  0.        , ...,  0.96147681,
          0.62938051,  0.41406414],
        ...,
        [-0.83632966, -0.91685085, -0.96147681, ...,  0.        ,
         -0.57415309, -0.76136162],
        [-0.36997705, -0.52145067, -0.62938051, ...,  0.57415309,
          0.        , -0.25112406],
        [-0.12481658, -0.29046124, -0.41406414, ...,  0.76136162,
          0.25112406,  0.        ]],

       [[ 0.        ,  0.33442404,  0.14310969, ...,  0.75262828,
          0.34915115,  0.08031352],
        [-0.33442404,  0.        , -0.19611194, ...,  0.48909393,
          0.01567044,  0.40903302],
        [-0.14310969,  0.19611194,  0.        , ...,  0.6506514 ,
          0.211454  ,  0.22213424],
        ...,
        [-0.75262828, -0.48909393, -0.6506514 , ...,  0.        ,
         -0.47536563,  0.80307912],
        [-0.34915115, -0.01567044, -0.211454  , ...,  0.47536563,
          0.        ,  0.42328238],
        [-0.08031352, -0.40903302, -0.22213424, ..., -0.80307912,
         -0.42328238,  0.        ]],

       [[ 0.        ,  0.00557727, -0.0612585 , ...,  0.51667236,
          0.60004049,  0.64340125],
        [-0.00557727,  0.        , -0.06682434, ...,  0.51188916,
          0.59556951,  0.63912169],
        [ 0.0612585 ,  0.06682434,  0.        , ...,  0.56815052,
          0.64791851,  0.68908807],
        ...,
        [-0.51667236, -0.51188916, -0.56815052, ...,  0.        ,
          0.10042238,  0.15534161],
        [-0.60004049, -0.59556951, -0.64791851, ..., -0.10042238,
          0.        ,  0.055353  ],
        [-0.64340125, -0.63912169, -0.68908807, ..., -0.15534161,
         -0.055353  ,  0.        ]],

       ...,

       [[ 0.        , -0.17360258, -0.01589953, ...,  0.11097456,
         -0.23370858, -0.38509056],
        [ 0.17360258,  0.        ,  0.15792253, ...,  0.28181978,
         -0.06136495, -0.21902913],
        [ 0.01589953, -0.15792253,  0.        , ...,  0.12676186,
         -0.21821982, -0.37036855],
        ...,
        [-0.11097456, -0.28181978, -0.12676186, ...,  0.        ,
         -0.34016633, -0.48512802],
        [ 0.23370858,  0.06136495,  0.21821982, ...,  0.34016633,
          0.        , -0.15874144],
        [ 0.38509056,  0.21902913,  0.37036855, ...,  0.48512802,
          0.15874144,  0.        ]],

       [[ 0.        ,  0.17719139,  0.18130427, ...,  0.        ,
          0.75544881,  0.77942084],
        [-0.17719139,  0.        ,  0.00418059, ...,  0.17719139,
          0.85959205,  0.87809814],
        [-0.18130427, -0.00418059,  0.        , ...,  0.18130427,
          0.86172074,  0.8800908 ],
        ...,
        [-0.        , -0.17719139, -0.18130427, ...,  0.        ,
         -0.75544881, -0.77942084],
        [-0.75544881, -0.85959205, -0.86172074, ...,  0.75544881,
          0.        , -0.0373933 ],
        [-0.77942084, -0.87809814, -0.8800908 , ...,  0.77942084,
          0.0373933 ,  0.        ]],

       [[ 0.        ,  0.00227413,  0.01066458, ...,  0.40068782,
          0.53731796,  0.5148927 ],
        [-0.00227413,  0.        ,  0.00839056, ...,  0.3986032 ,
          0.53539862,  0.51294187],
        [-0.01066458, -0.00839056,  0.        , ...,  0.39089399,
          0.52829311,  0.50572116],
        ...,
        [-0.40068782, -0.3986032 , -0.39089399, ...,  0.        ,
          0.15436659,  0.12826074],
        [-0.53731796, -0.53539862, -0.52829311, ..., -0.15436659,
          0.        , -0.02636823],
        [-0.5148927 , -0.51294187, -0.50572116, ..., -0.12826074,
          0.02636823,  0.        ]]]), 'num': array([ 7.42086574e-01,  5.22979423e-01,  4.77878191e-05, -2.56490516e-08,
        1.14296897e-04,  1.22523282e-04,  1.05073374e-04,  4.19285040e-01,
        1.25888621e-05,  1.07616075e-04,  1.03477954e-04,  1.00980955e-04,
        1.56575325e-06,  1.10731916e-04,  9.62239919e-05])}
{'img': array([[[ 0.        , -0.12787612, -0.16067237, ...,  0.50234141,
          0.28041523,  0.95702665],
        [ 0.12787612,  0.        , -0.03313854, ...,  0.60878783,
          0.40085864,  0.91208552],
        [ 0.16067237,  0.03313854,  0.        , ...,  0.63474336,
          0.43099802,  0.89799777],
        ...,
        [-0.50234141, -0.60878783, -0.63474336, ...,  0.        ,
         -0.23972041,  0.97319063],
        [-0.28041523, -0.40085864, -0.43099802, ...,  0.23972041,
          0.        ,  0.99995   ],
        [-0.95702665, -0.91208552, -0.89799777, ..., -0.97319063,
         -0.99995   ,  0.        ]],

       [[ 0.        , -0.09757349, -0.14612519, ...,  0.00770184,
          0.7432806 ,  0.20805771],
        [ 0.09757349,  0.        , -0.04890178, ...,  0.10523569,
          0.8050086 ,  0.11162668],
        [ 0.14612519,  0.04890178,  0.        , ...,  0.15374003,
          0.8330571 ,  0.06289697],
        ...,
        [-0.00770184, -0.10523569, -0.15374003, ...,  0.        ,
          0.73810618,  0.21558484],
        [-0.7432806 , -0.8050086 , -0.8330571 , ..., -0.73810618,
          0.        ,  0.86620146],
        [-0.20805771, -0.11162668, -0.06289697, ..., -0.21558484,
         -0.86620146,  0.        ]],

       [[ 0.        , -0.06682434, -0.14173339, ...,  0.59556951,
          0.63912169,  0.96254763],
        [ 0.06682434,  0.        , -0.07526683, ...,  0.64791851,
          0.68908807,  0.97851302],
        [ 0.14173339,  0.07526683,  0.        , ...,  0.70341212,
          0.74167762,  0.9912563 ],
        ...,
        [-0.59556951, -0.64791851, -0.70341212, ...,  0.        ,
          0.055353  ,  0.61175173],
        [-0.63912169, -0.68908807, -0.74167762, ..., -0.055353  ,
          0.        ,  0.56702683],
        [-0.96254763, -0.97851302, -0.9912563 , ..., -0.61175173,
         -0.56702683,  0.        ]],

       ...,

       [[ 0.        ,  0.15792253,  0.0564297 , ..., -0.06136495,
         -0.21902913,  0.25507624],
        [-0.15792253,  0.        , -0.10194929, ..., -0.21821982,
         -0.37036855,  0.09917682],
        [-0.0564297 ,  0.10194929,  0.        , ..., -0.11759053,
         -0.27373962,  0.20010673],
        ...,
        [ 0.06136495,  0.21821982,  0.11759053, ...,  0.        ,
         -0.15874144,  0.31393058],
        [ 0.21902913,  0.37036855,  0.27373962, ...,  0.15874144,
          0.        ,  0.46066641],
        [-0.25507624, -0.09917682, -0.20010673, ..., -0.31393058,
         -0.46066641,  0.        ]],

       [[ 0.        ,  0.03886014,  0.03071311, ...,  0.75782489,
          0.78180572,  0.39436279],
        [-0.03886014,  0.        , -0.0081519 , ...,  0.78260708,
          0.80544535,  0.42977563],
        [-0.03071311,  0.0081519 ,  0.        , ...,  0.77750639,
          0.8005872 ,  0.42240071],
        ...,
        [-0.75782489, -0.78260708, -0.77750639, ...,  0.        ,
         -0.03757483,  0.43910169],
        [-0.78180572, -0.80544535, -0.8005872 , ...,  0.03757483,
          0.        ,  0.47255023],
        [-0.39436279, -0.42977563, -0.42240071, ..., -0.43910169,
         -0.47255023,  0.        ]],

       [[ 0.        ,  0.00839056,  0.01218907, ...,  0.53539862,
          0.51294187,  0.36537377],
        [-0.00839056,  0.        ,  0.00379871, ...,  0.52829311,
          0.50572116,  0.35755047],
        [-0.01218907, -0.00379871,  0.        , ...,  0.52506396,
          0.50244038,  0.3540003 ],
        ...,
        [-0.53539862, -0.52829311, -0.52506396, ...,  0.        ,
         -0.02636823, -0.18978713],
        [-0.51294187, -0.50572116, -0.50244038, ...,  0.02636823,
          0.        , -0.16383215],
        [-0.36537377, -0.35755047, -0.3540003 , ...,  0.18978713,
          0.16383215,  0.        ]]]), 'num': array([7.81775176e-01, 5.21679528e-01, 5.52806905e-05, 5.98214896e-08,
       1.22513259e-04, 1.31496697e-04, 1.14831769e-04, 3.41581522e-01,
       3.12467398e-06, 1.14623457e-04, 1.08680067e-04, 1.05811443e-04,
       1.80269653e-06, 1.18493288e-04, 9.88668454e-05])}
{'img': array([[[ 0.        , -0.03065808, -0.34770869, ...,  0.36776295,
          0.98489834,  0.88094735],
        [ 0.03065808,  0.        , -0.31880014, ...,  0.39609963,
          0.98974332,  0.8660254 ],
        [ 0.34770869,  0.31880014,  0.        , ...,  0.66815662,
          0.98364333,  0.66143783],
        ...,
        [-0.36776295, -0.39609963, -0.66815662, ...,  0.        ,
          0.85220412,  0.99324087],
        [-0.98489834, -0.98974332, -0.98364333, ..., -0.85220412,
          0.        ,  0.61858957],
        [-0.88094735, -0.8660254 , -0.66143783, ..., -0.99324087,
         -0.61858957,  0.        ]],

       [[ 0.        , -0.04890178,  0.03897334, ...,  0.8050086 ,
          0.11162668,  0.88683744],
        [ 0.04890178,  0.        ,  0.08779134, ...,  0.8330571 ,
          0.06289697,  0.86317981],
        [-0.03897334, -0.08779134,  0.        , ...,  0.78127554,
          0.15027164,  0.90417253],
        ...,
        [-0.8050086 , -0.8330571 , -0.78127554, ...,  0.        ,
          0.86620146,  0.89810758],
        [-0.11162668, -0.06289697, -0.15027164, ..., -0.86620146,
          0.        , -0.82971427],
        [-0.88683744, -0.86317981, -0.90417253, ..., -0.89810758,
          0.82971427,  0.        ]],

       [[ 0.        , -0.06869511, -0.1921664 , ...,  0.60810342,
          0.84958621,  0.99383924],
        [ 0.06869511,  0.        , -0.12429765, ...,  0.66120104,
          0.88381245,  0.98387793],
        [ 0.1921664 ,  0.12429765,  0.        , ...,  0.7493226 ,
          0.93511005,  0.95401838],
        ...,
        [-0.60810342, -0.66120104, -0.7493226 , ...,  0.        ,
          0.35370664,  0.8563639 ],
        [-0.84958621, -0.88381245, -0.93511005, ..., -0.35370664,
          0.        ,  0.61836098],
        [-0.99383924, -0.98387793, -0.95401838, ..., -0.8563639 ,
         -0.61836098,  0.        ]],

       ...,

       [[ 0.        , -0.10194929, -0.48566393, ..., -0.37036855,
          0.09917682,  0.30351896],
        [ 0.10194929,  0.        , -0.3940149 , ..., -0.27373962,
          0.20010673,  0.39907738],
        [ 0.48566393,  0.3940149 ,  0.        , ...,  0.12736985,
          0.5699645 ,  0.72807269],
        ...,
        [ 0.37036855,  0.27373962, -0.12736985, ...,  0.        ,
          0.46066641,  0.63483073],
        [-0.09917682, -0.20010673, -0.5699645 , ..., -0.46066641,
          0.        ,  0.20752436],
        [-0.30351896, -0.39907738, -0.72807269, ..., -0.63483073,
         -0.20752436,  0.        ]],

       [[ 0.        , -0.02158991,  0.25242775, ...,  0.94954387,
          0.82908523,  0.02158991],
        [ 0.02158991,  0.        ,  0.27325965, ...,  0.94255121,
          0.81682057,  0.        ],
        [-0.25242775, -0.27325965,  0.        , ...,  0.99796359,
          0.94337389,  0.27325965],
        ...,
        [-0.94954387, -0.94255121, -0.99796359, ...,  0.        ,
          0.2708816 ,  0.94255121],
        [-0.82908523, -0.81682057, -0.94337389, ..., -0.2708816 ,
          0.        ,  0.81682057],
        [-0.02158991, -0.        , -0.27325965, ..., -0.94255121,
         -0.81682057,  0.        ]],

       [[ 0.        ,  0.00379871, -0.05635597, ...,  0.50572116,
          0.35755047,  0.13273804],
        [-0.00379871,  0.        , -0.06014823, ...,  0.50244038,
          0.3540003 ,  0.12897199],
        [ 0.05635597,  0.06014823,  0.        , ...,  0.55353556,
          0.40961272,  0.18838437],
        ...,
        [-0.50572116, -0.50244038, -0.55353556, ...,  0.        ,
         -0.16383215, -0.3867334 ],
        [-0.35755047, -0.3540003 , -0.40961272, ...,  0.16383215,
          0.        , -0.23042332],
        [-0.13273804, -0.12897199, -0.18838437, ...,  0.3867334 ,
          0.23042332,  0.        ]]]), 'num': array([9.50233149e-01, 1.93211570e-01, 1.58538551e-04, 9.90424657e-08,
       1.49372845e-04, 1.60478051e-04, 1.43116391e-04, 2.44389178e-01,
       2.18975899e-06, 1.39800470e-04, 1.31495027e-04, 1.27584743e-04,
       2.19888644e-06, 1.45856997e-04, 1.17133057e-04])}
{'img': array([[[ 0.        , -0.30760763, -0.13443439, ...,  0.96529927,
          0.99769231,  0.84836501],
        [ 0.30760763,  0.        ,  0.17689921, ...,  0.99882564,
          0.92843172,  0.64437948],
        [ 0.13443439, -0.17689921,  0.        , ...,  0.99164379,
          0.979508  ,  0.76949282],
        ...,
        [-0.96529927, -0.99882564, -0.99164379, ...,  0.        ,
          0.32608487,  0.73258806],
        [-0.99769231, -0.92843172, -0.979508  , ..., -0.32608487,
          0.        ,  0.47058824],
        [-0.84836501, -0.64437948, -0.76949282, ..., -0.73258806,
         -0.47058824,  0.        ]],

       [[ 0.        ,  0.08779134, -0.03012387, ...,  0.06289697,
          0.86317981,  0.99047647],
        [-0.08779134,  0.        , -0.11775906, ...,  0.15027164,
          0.90417253,  0.97456484],
        [ 0.03012387,  0.11775906,  0.        , ...,  0.0328042 ,
          0.84757864,  0.99417449],
        ...,
        [-0.06289697, -0.15027164, -0.0328042 , ...,  0.        ,
         -0.82971427, -0.99717514],
        [-0.86317981, -0.90417253, -0.84757864, ...,  0.82971427,
          0.        , -0.61893263],
        [-0.99047647, -0.97456484, -0.99417449, ...,  0.99717514,
          0.61893263,  0.        ]],

       [[ 0.        , -0.11664395, -0.22681514, ...,  0.81267709,
          0.94916513,  0.97009113],
        [ 0.11664395,  0.        , -0.1116629 , ...,  0.87509968,
          0.97940295,  0.93515483],
        [ 0.22681514,  0.1116629 ,  0.        , ...,  0.92366538,
          0.99582437,  0.88975112],
        ...,
        [-0.81267709, -0.87509968, -0.92366538, ...,  0.        ,
          0.29727876,  0.76255602],
        [-0.94916513, -0.97940295, -0.99582437, ..., -0.29727876,
          0.        ,  0.53576519],
        [-0.97009113, -0.93515483, -0.88975112, ..., -0.76255602,
         -0.53576519,  0.        ]],

       ...,

       [[ 0.        , -0.3940149 , -0.43301129, ...,  0.20010673,
          0.39907738,  0.43176408],
        [ 0.3940149 ,  0.        , -0.04282193, ...,  0.5699645 ,
          0.72807269,  0.75223226],
        [ 0.43301129,  0.04282193,  0.        , ...,  0.60462715,
          0.75675928,  0.77975754],
        ...,
        [-0.20010673, -0.5699645 , -0.60462715, ...,  0.        ,
          0.20752436,  0.24253768],
        [-0.39907738, -0.72807269, -0.75675928, ..., -0.20752436,
          0.        ,  0.0359295 ],
        [-0.43176408, -0.75223226, -0.77975754, ..., -0.24253768,
         -0.0359295 ,  0.        ]],

       [[ 0.        ,  0.24801914,  0.25511441, ...,  0.95563927,
          0.76679868,  0.        ],
        [-0.24801914,  0.        ,  0.00733099, ...,  0.99883191,
          0.90204058,  0.24801914],
        [-0.25511441, -0.00733099,  0.        , ...,  0.9991593 ,
          0.90518078,  0.25511441],
        ...,
        [-0.95563927, -0.99883191, -0.9991593 , ...,  0.        ,
          0.38756049,  0.95563927],
        [-0.76679868, -0.90204058, -0.90518078, ..., -0.38756049,
          0.        ,  0.76679868],
        [-0.        , -0.24801914, -0.25511441, ..., -0.95563927,
         -0.76679868,  0.        ]],

       [[ 0.        , -0.06014823, -0.09812126, ...,  0.3540003 ,
          0.12897199, -0.0590202 ],
        [ 0.06014823,  0.        , -0.03808563, ...,  0.40961272,
          0.18838437,  0.00113004],
        [ 0.09812126,  0.03808563,  0.        , ...,  0.44405951,
          0.22565141,  0.03921482],
        ...,
        [-0.3540003 , -0.40961272, -0.44405951, ...,  0.        ,
         -0.23042332, -0.40858156],
        [-0.12897199, -0.18838437, -0.22565141, ...,  0.23042332,
          0.        , -0.18727444],
        [ 0.0590202 , -0.00113004, -0.03921482, ...,  0.40858156,
          0.18727444,  0.        ]]]), 'num': array([9.80574413e-01, 1.53360113e-01, 1.71088790e-04, 1.40056611e-07,
       1.54446284e-04, 1.60036377e-04, 1.44064683e-04, 1.22287789e-01,
       1.91660332e-06, 1.46811814e-04, 1.35344138e-04, 1.30797529e-04,
       2.25284952e-06, 1.52419784e-04, 1.18268492e-04])}
{'img': array([[[ 0.        ,  0.17193366,  0.23260952, ...,  0.97330483,
          0.90194773,  0.63073291],
        [-0.17193366,  0.        ,  0.06192807, ...,  0.99827246,
          0.96276513,  0.75476089],
        [-0.23260952, -0.06192807,  0.        , ...,  0.99999495,
          0.9776588 ,  0.79393703],
        ...,
        [-0.97330483, -0.99827246, -0.99999495, ...,  0.        ,
          0.21330536,  0.61052109],
        [-0.90194773, -0.96276513, -0.9776588 , ..., -0.21330536,
          0.        ,  0.42753245],
        [-0.63073291, -0.75476089, -0.79393703, ..., -0.61052109,
         -0.42753245,  0.        ]],

       [[ 0.        , -0.11775906, -0.06343454, ...,  0.90417253,
          0.97456484,  0.74249965],
        [ 0.11775906,  0.        ,  0.05452871, ...,  0.84757864,
          0.99417449,  0.81621397],
        [ 0.06343454, -0.05452871,  0.        , ...,  0.87525436,
          0.98681811,  0.78349566],
        ...,
        [-0.90417253, -0.84757864, -0.87525436, ...,  0.        ,
         -0.61893263, -0.92282845],
        [-0.97456484, -0.99417449, -0.98681811, ...,  0.61893263,
          0.        , -0.48641037],
        [-0.74249965, -0.81621397, -0.78349566, ...,  0.92282845,
          0.48641037,  0.        ]],

       [[ 0.        , -0.10155126, -0.1543858 , ...,  0.89354372,
          0.96082116,  0.89934148],
        [ 0.10155126,  0.        , -0.05325395, ...,  0.93451847,
          0.98400088,  0.85028918],
        [ 0.1543858 ,  0.05325395,  0.        , ...,  0.95214625,
          0.9920925 ,  0.82105423],
        ...,
        [-0.89354372, -0.93451847, -0.95214625, ...,  0.        ,
          0.18372313,  0.79448219],
        [-0.96082116, -0.98400088, -0.9920925 , ..., -0.18372313,
          0.        ,  0.66938579],
        [-0.89934148, -0.85028918, -0.82105423, ..., -0.79448219,
         -0.66938579,  0.        ]],

       ...,

       [[ 0.        , -0.04282193,  0.01368446, ...,  0.72807269,
          0.75223226,  0.75749055],
        [ 0.04282193,  0.        ,  0.05648983, ...,  0.75675928,
          0.77975754,  0.78475185],
        [-0.01368446, -0.05648983,  0.        , ...,  0.71862382,
          0.74314517,  0.74848577],
        ...,
        [-0.72807269, -0.75675928, -0.71862382, ...,  0.        ,
          0.0359295 ,  0.04394028],
        [-0.75223226, -0.77975754, -0.74314517, ..., -0.0359295 ,
          0.        ,  0.00801711],
        [-0.75749055, -0.78475185, -0.74848577, ..., -0.04394028,
         -0.00801711,  0.        ]],

       [[ 0.        ,  0.02053569, -0.06718243, ...,  0.94462017,
          0.75988918,  0.06718243],
        [-0.02053569,  0.        , -0.08765755, ...,  0.95116008,
          0.77307821,  0.08765755],
        [ 0.06718243,  0.08765755,  0.        , ...,  0.92043903,
          0.71450025,  0.        ],
        ...,
        [-0.94462017, -0.95116008, -0.92043903, ...,  0.        ,
          0.36468328,  0.92043903],
        [-0.75988918, -0.77307821, -0.71450025, ..., -0.36468328,
          0.        ,  0.71450025],
        [-0.06718243, -0.08765755, -0.        , ..., -0.92043903,
         -0.71450025,  0.        ]],

       [[ 0.        , -0.03808563, -0.05831253, ...,  0.18838437,
          0.00113004, -0.15062881],
        [ 0.03808563,  0.        , -0.0202494 , ...,  0.22565141,
          0.03921482, -0.11286844],
        [ 0.05831253,  0.0202494 ,  0.        , ...,  0.24533227,
          0.05944061, -0.09272529],
        ...,
        [-0.18838437, -0.22565141, -0.24533227, ...,  0.        ,
         -0.18727444, -0.33416683],
        [-0.00113004, -0.03921482, -0.05944061, ...,  0.18727444,
          0.        , -0.15174586],
        [ 0.15062881,  0.11286844,  0.09272529, ...,  0.33416683,
          0.15174586,  0.        ]]]), 'num': array([ 7.21714988e-01,  6.89951846e-01,  6.61732126e-06,  1.25997532e-07,
        1.13036093e-04,  1.17510438e-04,  1.10327936e-04,  5.56222589e-02,
       -8.24221509e-07,  1.11623142e-04,  1.00560911e-04,  9.68479898e-05,
        1.67850581e-06,  1.14345631e-04,  8.67761917e-05])}
{'img': array([[[ 0.        ,  0.06192807, -0.03225026, ...,  0.96276513,
          0.75476089,  0.92893849],
        [-0.06192807,  0.        , -0.09408421, ...,  0.9776588 ,
          0.79393703,  0.95008339],
        [ 0.03225026,  0.09408421,  0.        , ...,  0.95354582,
          0.73321211,  0.91651514],
        ...,
        [-0.96276513, -0.9776588 , -0.95354582, ...,  0.        ,
          0.42753245,  0.10531995],
        [-0.75476089, -0.79393703, -0.73321211, ..., -0.42753245,
          0.        , -0.32994545],
        [-0.92893849, -0.95008339, -0.91651514, ..., -0.10531995,
          0.32994545,  0.        ]],

       [[ 0.        ,  0.05452871,  0.82132089, ...,  0.99417449,
          0.81621397,  0.66385188],
        [-0.05452871,  0.        ,  0.78899213, ...,  0.98681811,
          0.78349566,  0.62208413],
        [-0.82132089, -0.78899213,  0.        , ...,  0.4786191 ,
         -0.00889522, -0.23553116],
        ...,
        [-0.99417449, -0.98681811, -0.4786191 , ...,  0.        ,
         -0.48641037, -0.6719557 ],
        [-0.81621397, -0.78349566,  0.00889522, ...,  0.48641037,
          0.        , -0.22687687],
        [-0.66385188, -0.62208413,  0.23553116, ...,  0.6719557 ,
          0.22687687,  0.        ]],

       [[ 0.        , -0.0488578 , -0.09254969, ...,  0.92272003,
          0.99474464,  0.80989677],
        [ 0.0488578 ,  0.        , -0.04379105, ...,  0.94045132,
          0.99855906,  0.7802709 ],
        [ 0.09254969,  0.04379105,  0.        , ...,  0.95443498,
          0.99995115,  0.75213365],
        ...,
        [-0.92272003, -0.94045132, -0.95443498, ...,  0.        ,
          0.28897044,  0.8534337 ],
        [-0.99474464, -0.99855906, -0.99995115, ..., -0.28897044,
          0.        ,  0.66641273],
        [-0.80989677, -0.7802709 , -0.75213365, ..., -0.8534337 ,
         -0.66641273,  0.        ]],

       ...,

       [[ 0.        ,  0.05648983, -0.15944771, ...,  0.77975754,
          0.78475185,  0.80050413],
        [-0.05648983,  0.        , -0.21496022, ...,  0.74314517,
          0.74848577,  0.76536998],
        [ 0.15944771,  0.21496022,  0.        , ...,  0.8696089 ,
          0.87353933,  0.88582414],
        ...,
        [-0.77975754, -0.74314517, -0.8696089 , ...,  0.        ,
          0.00801711,  0.03385098],
        [-0.78475185, -0.74848577, -0.87353933, ..., -0.00801711,
          0.        ,  0.02583738],
        [-0.80050413, -0.76536998, -0.88582414, ..., -0.03385098,
         -0.02583738,  0.        ]],

       [[ 0.        , -0.08299054, -0.00116235, ...,  0.89270872,
          0.67372631,  0.08299054],
        [ 0.08299054,  0.        ,  0.08183214, ...,  0.8522308 ,
          0.61007375,  0.        ],
        [ 0.00116235, -0.08183214,  0.        , ...,  0.89218432,
          0.6728669 ,  0.08183214],
        ...,
        [-0.89270872, -0.8522308 , -0.89218432, ...,  0.        ,
          0.35609066,  0.8522308 ],
        [-0.67372631, -0.61007375, -0.6728669 , ..., -0.35609066,
          0.        ,  0.61007375],
        [-0.08299054, -0.        , -0.08183214, ..., -0.8522308 ,
         -0.61007375,  0.        ]],

       [[ 0.        , -0.0202494 , -0.05962527, ...,  0.03921482,
         -0.11286844, -0.17734508],
        [ 0.0202494 ,  0.        , -0.03939966, ...,  0.05944061,
         -0.09272529, -0.1573803 ],
        [ 0.05962527,  0.03939966,  0.        , ...,  0.09872445,
         -0.05342337, -0.11834943],
        ...,
        [-0.03921482, -0.05944061, -0.09872445, ...,  0.        ,
         -0.15174586, -0.21580189],
        [ 0.11286844,  0.09272529,  0.05342337, ...,  0.15174586,
          0.        , -0.06513251],
        [ 0.17734508,  0.1573803 ,  0.11834943, ...,  0.21580189,
          0.06513251,  0.        ]]]), 'num': array([ 7.15275940e-01,  6.97682834e-01,  3.80803161e-06,  1.24132694e-07,
        1.07933166e-04,  1.11904733e-04,  1.07582733e-04,  4.02356152e-02,
       -4.20518828e-06,  1.10900160e-04,  1.00322943e-04,  9.63981007e-05,
        1.45554801e-06,  1.14367715e-04,  8.62781717e-05])}
{'img': array([[[ 0.        , -0.09408421, -0.67290761, ...,  0.79393703,
          0.95008339,  0.97971731],
        [ 0.09408421,  0.        , -0.60032616, ...,  0.73321211,
          0.91651514,  0.99422455],
        [ 0.67290761,  0.60032616,  0.        , ...,  0.17816846,
          0.49285735,  0.85956322],
        ...,
        [-0.79393703, -0.73321211, -0.17816846, ...,  0.        ,
         -0.32994545, -0.75476089],
        [-0.95008339, -0.91651514, -0.49285735, ...,  0.32994545,
          0.        , -0.49605006],
        [-0.97971731, -0.99422455, -0.85956322, ...,  0.75476089,
          0.49605006,  0.        ]],

       [[ 0.        ,  0.78899213,  0.22778105, ...,  0.78349566,
          0.62208413,  0.52500935],
        [-0.78899213,  0.        , -0.62830197, ..., -0.00889522,
         -0.23553116, -0.34894093],
        [-0.22778105,  0.62830197,  0.        , ...,  0.6213569 ,
          0.42738975,  0.31734446],
        ...,
        [-0.78349566,  0.00889522, -0.6213569 , ...,  0.        ,
         -0.22687687, -0.34059102],
        [-0.62208413,  0.23553116, -0.42738975, ...,  0.22687687,
          0.        , -0.11839732],
        [-0.52500935,  0.34894093, -0.31734446, ...,  0.34059102,
          0.11839732,  0.        ]],

       [[ 0.        , -0.04362719, -0.1774716 , ...,  0.99777691,
          0.86697295,  0.77842015],
        [ 0.04362719,  0.        , -0.13436797, ...,  0.99973434,
          0.84440565,  0.75029231],
        [ 0.1774716 ,  0.13436797,  0.        , ...,  0.9937653 ,
          0.76476666,  0.65465678],
        ...,
        [-0.99777691, -0.99973434, -0.9937653 , ...,  0.        ,
          0.5550247 ,  0.6782241 ],
        [-0.86697295, -0.84440565, -0.76476666, ..., -0.5550247 ,
          0.        ,  0.15630703],
        [-0.77842015, -0.75029231, -0.65465678, ..., -0.6782241 ,
         -0.15630703,  0.        ]],

       ...,

       [[ 0.        , -0.21496022, -0.46952693, ...,  0.74848577,
          0.76536998,  0.54527001],
        [ 0.21496022,  0.        , -0.26875843, ...,  0.87353933,
          0.88582414,  0.71271578],
        [ 0.46952693,  0.26875843,  0.        , ...,  0.97221886,
          0.97794214,  0.87501465],
        ...,
        [-0.74848577, -0.87353933, -0.97221886, ...,  0.        ,
          0.02583738, -0.26582977],
        [-0.76536998, -0.88582414, -0.97794214, ..., -0.02583738,
          0.        , -0.29064877],
        [-0.54527001, -0.71271578, -0.87501465, ...,  0.26582977,
          0.29064877,  0.        ]],

       [[ 0.        ,  0.07989406,  0.36641313, ...,  0.70589462,
          0.42276993,  0.        ],
        [-0.07989406,  0.        ,  0.29090423, ...,  0.76022843,
          0.49382144,  0.07989406],
        [-0.36641313, -0.29090423,  0.        , ...,  0.91633785,
          0.72542439,  0.36641313],
        ...,
        [-0.70589462, -0.76022843, -0.91633785, ...,  0.        ,
          0.34025278,  0.70589462],
        [-0.42276993, -0.49382144, -0.72542439, ..., -0.34025278,
          0.        ,  0.42276993],
        [-0.        , -0.07989406, -0.36641313, ..., -0.70589462,
         -0.42276993,  0.        ]],

       [[ 0.        , -0.03939966, -0.205791  , ..., -0.09272529,
         -0.1573803 , -0.12715731],
        [ 0.03939966,  0.        , -0.16707486, ..., -0.05342337,
         -0.11834943, -0.08797873],
        [ 0.205791  ,  0.16707486,  0.        , ...,  0.1141638 ,
          0.04921473,  0.07968488],
        ...,
        [ 0.09272529,  0.05342337, -0.1141638 , ...,  0.        ,
         -0.06513251, -0.03463688],
        [ 0.1573803 ,  0.11834943, -0.04921473, ...,  0.06513251,
          0.        ,  0.03053009],
        [ 0.12715731,  0.08797873, -0.07968488, ...,  0.03463688,
         -0.03053009,  0.        ]]]), 'num': array([ 7.12860977e-01,  7.00872147e-01,  2.67906810e-06,  1.21404575e-07,
        1.04250693e-04,  1.05997912e-04,  1.02503475e-04,  2.46450270e-02,
       -3.37795543e-06,  1.09515645e-04,  1.00453406e-04,  9.63765628e-05,
        1.37240251e-06,  1.14443067e-04,  8.64637441e-05])}
{'img': array([[[ 0.        , -0.60032616, -0.73321211, ...,  0.91651514,
          0.99422455,  0.92673222],
        [ 0.60032616,  0.        , -0.17816846, ...,  0.49285735,
          0.85956322,  0.96671502],
        [ 0.73321211,  0.17816846,  0.        , ...,  0.32994545,
          0.75476089,  0.90566219],
        ...,
        [-0.91651514, -0.49285735, -0.32994545, ...,  0.        ,
         -0.49605006, -0.71504824],
        [-0.99422455, -0.85956322, -0.75476089, ...,  0.49605006,
          0.        , -0.27409578],
