state_0,state_1,state_2,state_3,state_4,state_5,state_6,state_7,state_8,state_9,state_10,state_11,state_12,state_13,state_14,state_15,state_16,state_17,state_18,state_19,state_20,state_21,state_22,state_23,state_24,state_25,state_26,state_27,state_28,state_29,state_30,state_31,state_32,state_33,state_34,state_35,state_36,state_37,state_38,state_39,state_40,state_41,state_42,state_43,state_44,state_45,state_46,state_47,state_48,state_49,state_50,state_51,state_52,state_53,state_54,state_55,state_56,state_57,state_58,state_59,state_60,state_61,state_62,state_63,state_64,state_65,state_66,state_67,state_68,state_69,state_70,state_71,state_72,state_73,state_74,state_75,state_76,state_77,state_78,state_79,state_80,state_81,state_82,state_83,state_84,state_85,state_86,state_87,state_88,state_89,state_90,state_91,state_92,state_93,state_94,state_95,state_96,state_97,state_98,state_99,state_100,state_101,state_102,state_103,state_104,state_105,state_106,state_107,state_108,state_109,state_110,state_111,state_112,state_113,state_114,state_115,state_116,state_117,state_118,state_119,state_120,state_121,state_122,state_123,state_124,state_125,state_126,state_127,state_128,state_129,state_130,state_131,state_132,state_133,state_134,state_135,state_136,state_137,state_138,state_139,state_140,state_141,state_142,state_143,state_144,state_145,state_146,state_147,state_148,state_149,state_150,state_151,state_152,state_153,state_154,state_155,state_156,state_157,state_158,state_159,state_160,state_161,state_162,state_163,state_164,state_165,state_166,state_167,state_168,state_169,state_170,state_171,state_172,state_173,state_174,state_175,state_176,state_177,state_178,state_179,state_180,state_181,state_182,state_183,state_184,state_185,state_186,state_187,state_188,state_189,state_190,state_191,state_192,state_193,state_194,state_195,state_196,state_197,state_198,state_199,state_200,state_201,state_202,state_203,state_204,state_205,state_206,state_207,state_208,state_209,state_210,state_211,state_212,state_213,state_214,state_215,state_216,state_217,state_218,state_219,state_220,state_221,state_222,state_223,state_224,state_225,state_226,state_227,state_228,state_229,state_230,state_231,state_232,state_233,state_234,state_235,state_236,state_237,state_238,state_239,state_240,state_241,state_242,state_243,state_244,state_245,state_246,state_247,state_248,state_249,state_250,state_251,state_252,state_253,state_254,state_255,state_256,state_257,state_258,state_259,state_260,state_261,state_262,state_263,state_264,state_265,state_266,state_267,state_268,state_269,state_270,state_271,state_272,state_273,state_274,state_275,state_276,state_277,state_278,state_279,state_280,state_281,state_282,state_283,state_284,state_285,state_286,state_287
{'img': array([[[ 0.00000000e+00, -6.37391398e-02,  6.16825040e-02, ...,
         -5.12570384e-01, -6.84971878e-01, -5.43514960e-01],
        [ 6.37391398e-02,  0.00000000e+00,  1.25174847e-01, ...,
         -4.56798813e-01, -6.37140658e-01, -4.88907172e-01],
        [-6.16825040e-02, -1.25174847e-01,  0.00000000e+00, ...,
         -5.64557745e-01, -7.28607561e-01, -5.94256272e-01],
        ...,
        [ 5.12570384e-01,  4.56798813e-01,  5.64557745e-01, ...,
          0.00000000e+00, -2.14704672e-01, -3.64352040e-02],
        [ 6.84971878e-01,  6.37140658e-01,  7.28607561e-01, ...,
          2.14704672e-01,  0.00000000e+00,  1.78976613e-01],
        [ 5.43514960e-01,  4.88907172e-01,  5.94256272e-01, ...,
          3.64352040e-02, -1.78976613e-01,  0.00000000e+00]],

       [[ 0.00000000e+00, -7.04714705e-02, -1.02797579e-01, ...,
         -2.81082642e-01, -2.46035046e-01, -4.09889528e-01],
        [ 7.04714705e-02,  0.00000000e+00, -3.24438695e-02, ...,
         -2.12753500e-01, -1.77118110e-01, -3.44590952e-01],
        [ 1.02797579e-01,  3.24438695e-02,  0.00000000e+00, ...,
         -1.80940402e-01, -1.45093948e-01, -3.13952767e-01],
        ...,
        [ 2.81082642e-01,  2.12753500e-01,  1.80940402e-01, ...,
          0.00000000e+00,  3.63266325e-02, -1.36978880e-01],
        [ 2.46035046e-01,  1.77118110e-01,  1.45093948e-01, ...,
         -3.63266325e-02,  0.00000000e+00, -1.72872687e-01],
        [ 4.09889528e-01,  3.44590952e-01,  3.13952767e-01, ...,
          1.36978880e-01,  1.72872687e-01,  0.00000000e+00]],

       [[ 0.00000000e+00, -7.46532103e-02, -6.99309235e-02, ...,
         -7.64541832e-01, -8.40641843e-01, -9.47829646e-01],
        [ 7.46532103e-02,  0.00000000e+00,  4.73466188e-03, ...,
         -7.14288894e-01, -7.97864539e-01, -9.21387032e-01],
        [ 6.99309235e-02, -4.73466188e-03,  0.00000000e+00, ...,
         -7.17594445e-01, -8.00709824e-01, -9.23216813e-01],
        ...,
        [ 7.64541832e-01,  7.14288894e-01,  7.17594445e-01, ...,
          0.00000000e+00, -1.27786656e-01, -3.67227878e-01],
        [ 8.40641843e-01,  7.97864539e-01,  8.00709824e-01, ...,
          1.27786656e-01,  0.00000000e+00, -2.45358896e-01],
        [ 9.47829646e-01,  9.21387032e-01,  9.23216813e-01, ...,
          3.67227878e-01,  2.45358896e-01,  0.00000000e+00]],

       ...,

       [[ 0.00000000e+00,  3.98412840e-01,  5.01103972e-01, ...,
         -3.98173126e-01, -4.08530584e-01, -1.03352271e-01],
        [-3.98412840e-01,  0.00000000e+00,  1.14834342e-01, ...,
         -7.30675055e-01, -7.38355964e-01, -4.91074608e-01],
        [-5.01103972e-01, -1.14834342e-01,  0.00000000e+00, ...,
         -8.04241709e-01, -8.10917052e-01, -5.87860188e-01],
        ...,
        [ 3.98173126e-01,  7.30675055e-01,  8.04241709e-01, ...,
          0.00000000e+00, -1.13189241e-02,  3.01234734e-01],
        [ 4.08530584e-01,  7.38355964e-01,  8.10917052e-01, ...,
          1.13189241e-02,  0.00000000e+00,  3.12008597e-01],
        [ 1.03352271e-01,  4.91074608e-01,  5.87860188e-01, ...,
         -3.01234734e-01, -3.12008597e-01,  0.00000000e+00]],

       [[ 0.00000000e+00, -9.58049122e-01, -8.06736963e-01, ...,
         -8.61403942e-01, -7.92138881e-01, -6.73318884e-01],
        [ 9.58049122e-01,  0.00000000e+00, -7.97335569e-01, ...,
         -7.33494657e-01, -8.11766755e-01, -9.01311646e-01],
        [ 8.06736963e-01,  7.97335569e-01,  0.00000000e+00, ...,
          9.92545658e-02, -2.43011984e-02, -1.98591409e-01],
        ...,
        [ 8.61403942e-01,  7.33494657e-01, -9.92545658e-02, ...,
          0.00000000e+00, -1.23406455e-01, -2.94888429e-01],
        [ 7.92138881e-01,  8.11766755e-01,  2.43011984e-02, ...,
          1.23406455e-01,  0.00000000e+00, -1.74715585e-01],
        [ 6.73318884e-01,  9.01311646e-01,  1.98591409e-01, ...,
          2.94888429e-01,  1.74715585e-01,  0.00000000e+00]],

       [[ 0.00000000e+00,  6.95376720e-01,  9.57527951e-01, ...,
          9.99108827e-01,  9.99569134e-01,  9.99144798e-01],
        [-6.95376720e-01,  0.00000000e+00,  4.87617815e-01, ...,
          7.47355725e-01,  7.38746549e-01,  7.46783390e-01],
        [-9.57527951e-01, -4.87617815e-01,  0.00000000e+00, ...,
          3.28499253e-01,  3.16321708e-01,  3.27685927e-01],
        ...,
        [-9.99108827e-01, -7.47355725e-01, -3.28499253e-01, ...,
          0.00000000e+00, -1.28642746e-02, -8.60984333e-04],
        [-9.99569134e-01, -7.38746549e-01, -3.16321708e-01, ...,
          1.28642746e-02,  0.00000000e+00,  1.20033568e-02],
        [-9.99144798e-01, -7.46783390e-01, -3.27685927e-01, ...,
          8.60984333e-04, -1.20033568e-02,  0.00000000e+00]]]), 'num': array([7.07021596e-01, 7.07021596e-01, 0.00000000e+00, 0.00000000e+00,
       2.65564209e-03, 2.66426431e-03, 2.57804216e-03, 1.36187017e-02,
       7.75999313e-05, 2.58493993e-03, 2.61619546e-03, 2.72088352e-03,
       2.55971996e-06, 2.74809773e-03, 2.48429319e-03])}
{'img': array([[[ 0.        ,  0.12517485,  0.26059396, ..., -0.63714066,
         -0.48890717, -0.02180154],
        [-0.12517485,  0.        ,  0.13769445, ..., -0.72860756,
         -0.59425627, -0.14677516],
        [-0.26059396, -0.13769445,  0.        , ..., -0.81597865,
         -0.69934014, -0.28158029],
        ...,
        [ 0.63714066,  0.72860756,  0.81597865, ...,  0.        ,
          0.17897661,  0.62018574],
        [ 0.48890717,  0.59425627,  0.69934014, ..., -0.17897661,
          0.        ,  0.46977271],
        [ 0.02180154,  0.14677516,  0.28158029, ..., -0.62018574,
         -0.46977271,  0.        ]],

       [[ 0.        , -0.03244387,  0.36984632, ..., -0.17711811,
         -0.34459095,  0.31918639],
        [ 0.03244387,  0.        ,  0.39979499, ..., -0.14509395,
         -0.31395277,  0.34976515],
        [-0.36984632, -0.39979499,  0.        , ..., -0.52855809,
         -0.66735134, -0.05394657],
        ...,
        [ 0.17711811,  0.14509395,  0.52855809, ...,  0.        ,
         -0.17287269,  0.48199333],
        [ 0.34459095,  0.31395277,  0.66735134, ...,  0.17287269,
          0.        ,  0.62620323],
        [-0.31918639, -0.34976515,  0.05394657, ..., -0.48199333,
         -0.62620323,  0.        ]],

       [[ 0.        ,  0.00473466, -0.0238166 , ..., -0.79786454,
         -0.92138703, -0.65161382],
        [-0.00473466,  0.        , -0.02854965, ..., -0.80070982,
         -0.92321681, -0.655198  ],
        [ 0.0238166 ,  0.02854965,  0.        , ..., -0.7832807 ,
         -0.91186944, -0.63336289],
        ...,
        [ 0.79786454,  0.80070982,  0.7832807 , ...,  0.        ,
         -0.2453589 ,  0.21240407],
        [ 0.92138703,  0.92321681,  0.91186944, ...,  0.2453589 ,
          0.        ,  0.44567164],
        [ 0.65161382,  0.655198  ,  0.63336289, ..., -0.21240407,
         -0.44567164,  0.        ]],

       ...,

       [[ 0.        ,  0.11483434,  0.45986336, ..., -0.73835596,
         -0.49107461, -0.13061093],
        [-0.11483434,  0.        ,  0.35484949, ..., -0.81091705,
         -0.58786019, -0.24359753],
        [-0.45986336, -0.35484949,  0.        , ..., -0.96578949,
         -0.83666422, -0.57190519],
        ...,
        [ 0.73835596,  0.81091705,  0.96578949, ...,  0.        ,
          0.3120086 ,  0.64394551],
        [ 0.49107461,  0.58786019,  0.83666422, ..., -0.3120086 ,
          0.        ,  0.37309045],
        [ 0.13061093,  0.24359753,  0.57190519, ..., -0.64394551,
         -0.37309045,  0.        ]],

       [[ 0.        , -0.81944369, -0.78394346, ..., -0.83349901,
         -0.91903457, -0.99142043],
        [ 0.81944369,  0.        ,  0.05941226, ..., -0.02496822,
         -0.20374776, -0.46113143],
        [ 0.78394346, -0.05941226,  0.        , ..., -0.08431785,
         -0.26155384, -0.51303525],
        ...,
        [ 0.83349901,  0.02496822,  0.08431785, ...,  0.        ,
         -0.17923976, -0.43883258],
        [ 0.91903457,  0.20374776,  0.26155384, ...,  0.17923976,
          0.        , -0.2706666 ],
        [ 0.99142043,  0.46113143,  0.51303525, ...,  0.43883258,
          0.2706666 ,  0.        ]],

       [[ 0.        ,  0.86645738,  0.86063844, ...,  0.9915729 ,
          0.99329701,  0.9986793 ],
        [-0.86645738,  0.        , -0.01153977, ...,  0.38279434,
          0.39575078,  0.45407517],
        [-0.86063844,  0.01153977,  0.        , ...,  0.39342968,
          0.40632207,  0.46432645],
        ...,
        [-0.9915729 , -0.38279434, -0.39342968, ...,  0.        ,
          0.01406563,  0.07843415],
        [-0.99329701, -0.39575078, -0.40632207, ..., -0.01406563,
          0.        ,  0.0644041 ],
        [-0.9986793 , -0.45407517, -0.46432645, ..., -0.07843415,
         -0.0644041 ,  0.        ]]]), 'num': array([ 7.92825035e-01,  6.09108507e-01,  3.00190405e-06, -1.60014948e-10,
        2.96316980e-03,  3.01158761e-03,  2.95832802e-03,  1.85757338e-02,
       -1.93671229e-05,  2.92346720e-03,  2.92830898e-03,  3.05540573e-03,
        2.78769193e-06,  3.03642715e-03,  2.82019082e-03])}
{'img': array([[[ 0.        ,  0.13769445,  0.06002855, ..., -0.59425627,
         -0.14677516, -0.23561387],
        [-0.13769445,  0.        , -0.07798938, ..., -0.69934014,
         -0.28158029, -0.36718749],
        [-0.06002855,  0.07798938,  0.        , ..., -0.64146413,
         -0.2058889 , -0.29352753],
        ...,
        [ 0.59425627,  0.69934014,  0.64146413, ...,  0.        ,
          0.46977271,  0.3880275 ],
        [ 0.14677516,  0.28158029,  0.2058889 , ..., -0.46977271,
          0.        , -0.09041919],
        [ 0.23561387,  0.36718749,  0.29352753, ..., -0.3880275 ,
          0.09041919,  0.        ]],

       [[ 0.        ,  0.39979499, -0.06612013, ..., -0.31395277,
          0.34976515,  0.52307425],
        [-0.39979499,  0.        , -0.45952612, ..., -0.66735134,
         -0.05394657,  0.13871213],
        [ 0.06612013,  0.45952612,  0.        , ..., -0.25048873,
          0.41094356,  0.57828292],
        ...,
        [ 0.31395277,  0.66735134,  0.25048873, ...,  0.        ,
          0.62620323,  0.76420478],
        [-0.34976515,  0.05394657, -0.41094356, ..., -0.62620323,
          0.        ,  0.19193519],
        [-0.52307425, -0.13871213, -0.57828292, ..., -0.76420478,
         -0.19193519,  0.        ]],

       [[ 0.        , -0.02854965,  0.00472535, ..., -0.92321681,
         -0.655198  , -0.51303187],
        [ 0.02854965,  0.        ,  0.03327275, ..., -0.91186944,
         -0.63336289, -0.48831659],
        [-0.00472535, -0.03327275,  0.        , ..., -0.92502236,
         -0.65876048, -0.51708223],
        ...,
        [ 0.92321681,  0.91186944,  0.92502236, ...,  0.        ,
          0.44567164,  0.59531359],
        [ 0.655198  ,  0.63336289,  0.65876048, ..., -0.44567164,
          0.        ,  0.1748284 ],
        [ 0.51303187,  0.48831659,  0.51708223, ..., -0.59531359,
         -0.1748284 ,  0.        ]],

       ...,

       [[ 0.        ,  0.35484949,  0.20375579, ..., -0.58786019,
         -0.24359753, -0.29656058],
        [-0.35484949,  0.        , -0.15690931, ..., -0.83666422,
         -0.57190519, -0.61614769],
        [-0.20375579,  0.15690931,  0.        , ..., -0.74035871,
         -0.43610521, -0.4849289 ],
        ...,
        [ 0.58786019,  0.83666422,  0.74035871, ...,  0.        ,
          0.37309045,  0.32150833],
        [ 0.24359753,  0.57190519,  0.43610521, ..., -0.37309045,
          0.        , -0.05498805],
        [ 0.29656058,  0.61614769,  0.4849289 , ..., -0.32150833,
          0.05498805,  0.        ]],

       [[ 0.        ,  0.05171459,  0.08771003, ..., -0.17123657,
         -0.36744805, -0.8843309 ],
        [-0.05171459,  0.        ,  0.03607739, ..., -0.22195819,
         -0.41505321, -0.90729108],
        [-0.08771003, -0.03607739,  0.        , ..., -0.25699118,
         -0.44760612, -0.92187109],
        ...,
        [ 0.17123657,  0.22195819,  0.25699118, ...,  0.        ,
         -0.20276327, -0.79132566],
        [ 0.36744805,  0.41505321,  0.44760612, ...,  0.20276327,
          0.        , -0.65091965],
        [ 0.8843309 ,  0.90729108,  0.92187109, ...,  0.79132566,
          0.65091965,  0.        ]],

       [[ 0.        , -0.08723419, -0.19382048, ...,  0.77189443,
          0.82822683,  0.9140921 ],
        [ 0.08723419,  0.        , -0.10750164, ...,  0.82441103,
          0.87395492,  0.94598146],
        [ 0.19382048,  0.10750164,  0.        , ...,  0.88047851,
          0.92113681,  0.97535367],
        ...,
        [-0.77189443, -0.82441103, -0.88047851, ...,  0.        ,
          0.09398157,  0.2681264 ],
        [-0.82822683, -0.87395492, -0.92113681, ..., -0.09398157,
          0.        ,  0.17639933],
        [-0.9140921 , -0.94598146, -0.97535367, ..., -0.2681264 ,
         -0.17639933,  0.        ]]]), 'num': array([ 7.60440008e-01,  6.49108633e-01,  1.75601537e-06, -7.82007295e-09,
        2.92977302e-03,  2.93439411e-03,  2.84659334e-03,  1.79922721e-02,
        1.01664048e-04,  2.82256366e-03,  2.79576132e-03,  2.91698799e-03,
        3.04221961e-06,  2.90334449e-03,  2.68817814e-03])}
{'img': array([[[ 0.        , -0.07798938, -0.28158029, ..., -0.28158029,
         -0.36718749,  0.07626648],
        [ 0.07798938,  0.        , -0.2058889 , ..., -0.2058889 ,
         -0.29352753,  0.15379641],
        [ 0.28158029,  0.2058889 ,  0.        , ...,  0.        ,
         -0.09041919,  0.35394073],
        ...,
        [ 0.28158029,  0.2058889 ,  0.        , ...,  0.        ,
         -0.09041919,  0.35394073],
        [ 0.36718749,  0.29352753,  0.09041919, ...,  0.09041919,
          0.        ,  0.43705708],
        [-0.07626648, -0.15379641, -0.35394073, ..., -0.35394073,
         -0.43705708,  0.        ]],

       [[ 0.        , -0.45952612, -0.27835365, ..., -0.05394657,
          0.13871213,  0.1538447 ],
        [ 0.45952612,  0.        ,  0.19414127, ...,  0.41094356,
          0.57828292,  0.59069485],
        [ 0.27835365, -0.19414127,  0.        , ...,  0.22613379,
          0.40889277,  0.42280441],
        ...,
        [ 0.05394657, -0.41094356, -0.22613379, ...,  0.        ,
          0.19193519,  0.20692501],
        [-0.13871213, -0.57828292, -0.40889277, ..., -0.19193519,
          0.        ,  0.01529668],
        [-0.1538447 , -0.59069485, -0.42280441, ..., -0.20692501,
         -0.01529668,  0.        ]],

       [[ 0.        ,  0.03327275,  0.01432041, ..., -0.63336289,
         -0.48831659, -0.28160455],
        [-0.03327275,  0.        , -0.01895686, ..., -0.65876048,
         -0.51708223, -0.31337485],
        [-0.01432041,  0.01895686,  0.        , ..., -0.64437986,
         -0.50076346, -0.29531655],
        ...,
        [ 0.63336289,  0.65876048,  0.64437986, ...,  0.        ,
          0.1748284 ,  0.38980997],
        [ 0.48831659,  0.51708223,  0.50076346, ..., -0.1748284 ,
          0.        ,  0.22280782],
        [ 0.28160455,  0.31337485,  0.29531655, ..., -0.38980997,
         -0.22280782,  0.        ]],

       ...,

       [[ 0.        , -0.15690931, -0.37055047, ..., -0.57190519,
         -0.61614769, -0.38935287],
        [ 0.15690931,  0.        , -0.22022117, ..., -0.43610521,
         -0.4849289 , -0.24000258],
        [ 0.37055047,  0.22022117,  0.        , ..., -0.22722273,
         -0.28042867, -0.0203259 ],
        ...,
        [ 0.57190519,  0.43610521,  0.22722273, ...,  0.        ,
         -0.05498805,  0.20738155],
        [ 0.61614769,  0.4849289 ,  0.28042867, ...,  0.05498805,
          0.        ,  0.26086041],
        [ 0.38935287,  0.24000258,  0.0203259 , ..., -0.20738155,
         -0.26086041,  0.        ]],

       [[ 0.        ,  0.03607739,  0.00134143, ..., -0.41505321,
         -0.90729108, -0.78610041],
        [-0.03607739,  0.        , -0.0347368 , ..., -0.44760612,
         -0.92187109, -0.80788805],
        [-0.00134143,  0.0347368 ,  0.        , ..., -0.41627327,
         -0.90785434, -0.78692884],
        ...,
        [ 0.41505321,  0.44760612,  0.41627327, ...,  0.        ,
         -0.65091965, -0.45864801],
        [ 0.90729108,  0.92187109,  0.90785434, ...,  0.65091965,
          0.        ,  0.23023785],
        [ 0.78610041,  0.80788805,  0.78692884, ...,  0.45864801,
         -0.23023785,  0.        ]],

       [[ 0.        , -0.10750164,  0.01146678, ...,  0.87395492,
          0.94598146,  0.93899028],
        [ 0.10750164,  0.        ,  0.1188949 , ...,  0.92113681,
          0.97535367,  0.97052325],
        [-0.01146678, -0.1188949 ,  0.        , ...,  0.86832452,
          0.9422015 ,  0.93498461],
        ...,
        [-0.87395492, -0.92113681, -0.86832452, ...,  0.        ,
          0.17639933,  0.15576457],
        [-0.94598146, -0.97535367, -0.9422015 , ..., -0.17639933,
          0.        , -0.02092426],
        [-0.93899028, -0.97052325, -0.93498461, ..., -0.15576457,
          0.02092426,  0.        ]]]), 'num': array([ 9.97226298e-01,  7.26803731e-02,  1.49120310e-05,  2.03812346e-08,
        3.83629015e-03,  3.88579066e-03,  3.80535232e-03,  1.18809287e-02,
       -8.66259065e-05,  3.81153989e-03,  3.74162040e-03,  3.90476586e-03,
        3.52884552e-06,  3.87976255e-03,  3.60347826e-03])}
{'img': array([[[ 0.        , -0.2058889 , -0.0803496 , ..., -0.29352753,
          0.15379641, -0.12148551],
        [ 0.2058889 ,  0.        ,  0.12659507, ..., -0.09041919,
          0.35394073,  0.08548119],
        [ 0.0803496 , -0.12659507,  0.        , ..., -0.21576823,
          0.2326928 , -0.04133825],
        ...,
        [ 0.29352753,  0.09041919,  0.21576823, ...,  0.        ,
          0.43705708,  0.17521928],
        [-0.15379641, -0.35394073, -0.2326928 , ..., -0.43705708,
          0.        , -0.27269742],
        [ 0.12148551, -0.08548119,  0.04133825, ..., -0.17521928,
          0.27269742,  0.        ]],

       [[ 0.        ,  0.19414127, -0.19261918, ...,  0.57828292,
          0.59069485, -0.06082153],
        [-0.19414127,  0.        , -0.37946003, ...,  0.40889277,
          0.42280441, -0.25344616],
        [ 0.19261918,  0.37946003,  0.        , ...,  0.72459947,
          0.73505671,  0.13258001],
        ...,
        [-0.57828292, -0.40889277, -0.72459947, ...,  0.        ,
          0.01529668, -0.62683273],
        [-0.59069485, -0.42280441, -0.73505671, ..., -0.01529668,
          0.        , -0.63867786],
        [ 0.06082153,  0.25344616, -0.13258001, ...,  0.62683273,
          0.63867786,  0.        ]],

       [[ 0.        , -0.01895686,  0.0047162 , ..., -0.51708223,
         -0.31337485, -0.17638701],
        [ 0.01895686,  0.        ,  0.023672  , ..., -0.50076346,
         -0.29531655, -0.15769568],
        [-0.0047162 , -0.023672  ,  0.        , ..., -0.52111324,
         -0.31785001, -0.1810273 ],
        ...,
        [ 0.51708223,  0.50076346,  0.52111324, ...,  0.        ,
          0.22280782,  0.3579989 ],
        [ 0.31337485,  0.29531655,  0.31785001, ..., -0.22280782,
          0.        ,  0.1409591 ],
        [ 0.17638701,  0.15769568,  0.1810273 , ..., -0.3579989 ,
         -0.1409591 ,  0.        ]],

       ...,

       [[ 0.        , -0.22022117, -0.19560883, ..., -0.4849289 ,
         -0.24000258, -0.49925753],
        [ 0.22022117,  0.        ,  0.02516031, ..., -0.28042867,
         -0.0203259 , -0.2961893 ],
        [ 0.19560883, -0.02516031,  0.        , ..., -0.30449064,
         -0.04547458, -0.32012688],
        ...,
        [ 0.4849289 ,  0.28042867,  0.30449064, ...,  0.        ,
          0.26086041, -0.01645904],
        [ 0.24000258,  0.0203259 ,  0.04547458, ..., -0.26086041,
          0.        , -0.27671424],
        [ 0.49925753,  0.2961893 ,  0.32012688, ...,  0.01645904,
          0.27671424,  0.        ]],

       [[ 0.        , -0.03466601, -0.028357  , ..., -0.89341681,
         -0.8029171 , -0.92257975],
        [ 0.03466601,  0.        ,  0.00631211, ..., -0.87730686,
         -0.78177042, -0.90865087],
        [ 0.028357  , -0.00631211,  0.        , ..., -0.88031876,
         -0.78569087, -0.91126843],
        ...,
        [ 0.89341681,  0.87730686,  0.88031876, ...,  0.        ,
          0.17186408, -0.06976332],
        [ 0.8029171 ,  0.78177042,  0.78569087, ..., -0.17186408,
          0.        , -0.24017064],
        [ 0.92257975,  0.90865087,  0.91126843, ...,  0.06976332,
          0.24017064,  0.        ]],

       [[ 0.        ,  0.1188949 ,  0.10789001, ...,  0.97535367,
          0.97052325,  0.97476393],
        [-0.1188949 ,  0.        , -0.01107616, ...,  0.9422015 ,
          0.93498461,  0.9413079 ],
        [-0.10789001,  0.01107616,  0.        , ...,  0.94585474,
          0.93885584,  0.94498891],
        ...,
        [-0.97535367, -0.9422015 , -0.94585474, ...,  0.        ,
         -0.02092426, -0.00265716],
        [-0.97052325, -0.93498461, -0.93885584, ...,  0.02092426,
          0.        ,  0.01826761],
        [-0.97476393, -0.9413079 , -0.94498891, ...,  0.00265716,
         -0.01826761,  0.        ]]]), 'num': array([ 9.97772662e-01,  6.51406422e-02,  1.50667531e-05, -1.07143246e-07,
        3.83799185e-03,  3.88759433e-03,  3.82559123e-03,  9.46855530e-03,
       -6.20030993e-06,  3.84543222e-03,  3.74839737e-03,  3.91208555e-03,
        3.71002152e-06,  3.88415301e-03,  3.61264173e-03])}
{'img': array([[[ 0.        ,  0.12659507,  0.16671339, ...,  0.35394073,
          0.08548119,  0.0645316 ],
        [-0.12659507,  0.        ,  0.04054868, ...,  0.2326928 ,
         -0.04133825, -0.06231879],
        [-0.16671339, -0.04054868,  0.        , ...,  0.1930658 ,
         -0.08181827, -0.1027374 ],
        ...,
        [-0.35394073, -0.2326928 , -0.1930658 , ...,  0.        ,
         -0.27269742, -0.29284867],
        [-0.08548119,  0.04133825,  0.08181827, ...,  0.27269742,
          0.        , -0.02100762],
        [-0.0645316 ,  0.06231879,  0.1027374 , ...,  0.29284867,
          0.02100762,  0.        ]],

       [[ 0.        , -0.37322782,  0.07568686, ...,  0.4208572 ,
         -0.25042381, -0.63782024],
        [ 0.37322782,  0.        ,  0.44237497, ...,  0.72901093,
          0.12900728, -0.30427661],
        [-0.07568686, -0.44237497,  0.        , ...,  0.35099244,
         -0.3229807 , -0.69428364],
        ...,
        [-0.4208572 , -0.72901093, -0.35099244, ...,  0.        ,
         -0.63461331, -0.90272191],
        [ 0.25042381, -0.12900728,  0.3229807 , ...,  0.63461331,
          0.        , -0.4246242 ],
        [ 0.63782024,  0.30427661,  0.69428364, ...,  0.90272191,
          0.4246242 ,  0.        ]],

       [[ 0.        ,  0.023672  ,  0.02837762, ..., -0.29531655,
         -0.15769568, -0.0529529 ],
        [-0.023672  ,  0.        ,  0.0047072 , ..., -0.31785001,
         -0.1810273 , -0.07657685],
        [-0.02837762, -0.0047072 ,  0.        , ..., -0.32230958,
         -0.18565473, -0.08126938],
        ...,
        [ 0.29531655,  0.31785001,  0.32230958, ...,  0.        ,
          0.1409591 ,  0.24431105],
        [ 0.15769568,  0.1810273 ,  0.18565473, ..., -0.1409591 ,
          0.        ,  0.10518409],
        [ 0.0529529 ,  0.07657685,  0.08126938, ..., -0.24431105,
         -0.10518409,  0.        ]],

       ...,

       [[ 0.        ,  0.02516031,  0.00846143, ..., -0.0203259 ,
         -0.2961893 , -0.21330166],
        [-0.02516031,  0.        , -0.01670066, ..., -0.04547458,
         -0.32012688, -0.23781542],
        [-0.00846143,  0.01670066,  0.        , ..., -0.02878486,
         -0.30426046, -0.22156073],
        ...,
        [ 0.0203259 ,  0.04547458,  0.02878486, ...,  0.        ,
         -0.27671424, -0.19339947],
        [ 0.2961893 ,  0.32012688,  0.30426046, ...,  0.27671424,
          0.        ,  0.08564225],
        [ 0.21330166,  0.23781542,  0.22156073, ...,  0.19339947,
         -0.08564225,  0.        ]],

       [[ 0.        ,  0.00624033,  0.05143929, ..., -0.75642649,
         -0.83398785, -0.91297229],
        [-0.00624033,  0.        ,  0.04520622, ..., -0.76049343,
         -0.83741492, -0.9155007 ],
        [-0.05143929, -0.04520622,  0.        , ..., -0.78907042,
         -0.86126707, -0.93275197],
        ...,
        [ 0.75642649,  0.76049343,  0.78907042, ...,  0.        ,
         -0.12811057, -0.28851742],
        [ 0.83398785,  0.83741492,  0.86126707, ...,  0.12811057,
          0.        , -0.16347738],
        [ 0.91297229,  0.9155007 ,  0.93275197, ...,  0.28851742,
          0.16347738,  0.        ]],

       [[ 0.        , -0.05017718,  0.32198877, ...,  0.95611722,
          0.96132903,  0.96345749],
        [ 0.05017718,  0.        ,  0.36908809, ...,  0.96961396,
          0.97393699,  0.97568438],
        [-0.32198877, -0.36908809,  0.        , ...,  0.81086005,
          0.82145551,  0.82589878],
        ...,
        [-0.95611722, -0.96961396, -0.81086005, ...,  0.        ,
          0.01833744,  0.02617125],
        [-0.96132903, -0.97393699, -0.82145551, ..., -0.01833744,
          0.        ,  0.0078357 ],
        [-0.96345749, -0.97568438, -0.82589878, ..., -0.02617125,
         -0.0078357 ,  0.        ]]]), 'num': array([ 9.99020787e-01,  4.17104994e-02,  1.52924966e-05, -1.15247589e-07,
        3.84461963e-03,  3.85690276e-03,  3.77706241e-03,  1.01292216e-02,
        4.29909543e-05,  3.82128168e-03,  3.71963878e-03,  3.87604397e-03,
        3.67487080e-06,  3.86581706e-03,  3.57346051e-03])}
{'img': array([[[ 0.        ,  0.04054868, -0.08351635, ..., -0.04133825,
         -0.06231879,  0.0803496 ],
        [-0.04054868,  0.        , -0.12385467, ..., -0.08181827,
         -0.1027374 ,  0.03986595],
        [ 0.08351635,  0.12385467,  0.        , ...,  0.04225113,
          0.02125294,  0.16331521],
        ...,
        [ 0.04133825,  0.08181827, -0.04225113, ...,  0.        ,
         -0.02100762,  0.12148551],
        [ 0.06231879,  0.1027374 , -0.02125294, ...,  0.02100762,
          0.        ,  0.14231073],
        [-0.0803496 , -0.03986595, -0.16331521, ..., -0.12148551,
         -0.14231073,  0.        ]],

       [[ 0.        ,  0.44237497,  0.06414544, ...,  0.12900728,
         -0.30427661, -0.06597033],
        [-0.44237497,  0.        , -0.38393636, ..., -0.3229807 ,
         -0.69428364, -0.50057547],
        [-0.06414544,  0.38393636,  0.        , ...,  0.06513218,
         -0.36475387, -0.12984017],
        ...,
        [-0.12900728,  0.3229807 , -0.06513218, ...,  0.        ,
         -0.4246242 , -0.19414531],
        [ 0.30427661,  0.69428364,  0.36475387, ...,  0.4246242 ,
          0.        ,  0.24077151],
        [ 0.06597033,  0.50057547,  0.12984017, ...,  0.19414531,
         -0.24077151,  0.        ]],

       [[ 0.        ,  0.0047072 , -0.05238495, ..., -0.1810273 ,
         -0.07657685, -0.02843398],
        [-0.0047072 ,  0.        , -0.05708511, ..., -0.18565473,
         -0.08126938, -0.03313896],
        [ 0.05238495,  0.05708511,  0.        , ..., -0.1292593 ,
         -0.02424058,  0.02396884],
        ...,
        [ 0.1810273 ,  0.18565473,  0.1292593 , ...,  0.        ,
          0.10518409,  0.15298992],
        [ 0.07657685,  0.08126938,  0.02424058, ..., -0.10518409,
          0.        ,  0.0481954 ],
        [ 0.02843398,  0.03313896, -0.02396884, ..., -0.15298992,
         -0.0481954 ,  0.        ]],

       ...,

       [[ 0.        , -0.01670066, -0.26118083, ..., -0.32012688,
         -0.23781542, -0.23781542],
        [ 0.01670066,  0.        , -0.24502343, ..., -0.30426046,
         -0.22156073, -0.22156073],
        [ 0.26118083,  0.24502343,  0.        , ..., -0.06157914,
          0.02412683,  0.02412683],
        ...,
        [ 0.32012688,  0.30426046,  0.06157914, ...,  0.        ,
          0.08564225,  0.08564225],
        [ 0.23781542,  0.22156073, -0.02412683, ..., -0.08564225,
          0.        ,  0.        ],
        [ 0.23781542,  0.22156073, -0.02412683, ..., -0.08564225,
          0.        ,  0.        ]],

       [[ 0.        ,  0.04520622,  0.0566263 , ..., -0.83741492,
         -0.9155007 , -0.70423809],
        [-0.04520622,  0.        ,  0.01143473, ..., -0.86126707,
         -0.93275197, -0.73561292],
        [-0.0566263 , -0.01143473,  0.        , ..., -0.86702135,
         -0.93681342, -0.74331073],
        ...,
        [ 0.83741492,  0.86126707,  0.86702135, ...,  0.        ,
         -0.16347738,  0.20962054],
        [ 0.9155007 ,  0.93275197,  0.93681342, ...,  0.16347738,
          0.        ,  0.36664591],
        [ 0.70423809,  0.73561292,  0.74331073, ..., -0.20962054,
         -0.36664591,  0.        ]],

       [[ 0.        ,  0.36908809,  0.56117779, ...,  0.97393699,
          0.97568438,  0.97049546],
        [-0.36908809,  0.        ,  0.21606303, ...,  0.82145551,
          0.82589878,  0.81297876],
        [-0.56117779, -0.21606303,  0.        , ...,  0.67883743,
          0.68457025,  0.66796367],
        ...,
        [-0.97393699, -0.82145551, -0.67883743, ...,  0.        ,
          0.0078357 , -0.01470856],
        [-0.97568438, -0.82589878, -0.68457025, ..., -0.0078357 ,
          0.        , -0.02254295],
        [-0.97049546, -0.81297876, -0.66796367, ...,  0.01470856,
          0.02254295,  0.        ]]]), 'num': array([ 9.99339963e-01,  2.98609102e-02,  1.53156248e-05, -4.94641170e-08,
        3.84713910e-03,  3.87144961e-03,  3.76205229e-03,  1.77164706e-02,
        4.25434023e-05,  3.80702675e-03,  3.69155180e-03,  3.83680713e-03,
        3.53229714e-06,  3.85144773e-03,  3.53165586e-03])}
{'img': array([[[ 0.        , -0.12385467,  0.        , ..., -0.1027374 ,
          0.03986595,  0.1744352 ],
        [ 0.12385467,  0.        ,  0.12385467, ...,  0.02125294,
          0.16331521,  0.29504793],
        [ 0.        , -0.12385467,  0.        , ..., -0.1027374 ,
          0.03986595,  0.1744352 ],
        ...,
        [ 0.1027374 , -0.02125294,  0.1027374 , ...,  0.        ,
          0.14231073,  0.27467448],
        [-0.03986595, -0.16331521, -0.03986595, ..., -0.14231073,
          0.        ,  0.13504179],
        [-0.1744352 , -0.29504793, -0.1744352 , ..., -0.27467448,
         -0.13504179,  0.        ]],

       [[ 0.        , -0.38393636, -0.19374575, ..., -0.69428364,
         -0.50057547,  0.07470983],
        [ 0.38393636,  0.        ,  0.19776445, ..., -0.36475387,
         -0.12984017,  0.45184741],
        [ 0.19374575, -0.19776445,  0.        , ..., -0.54168909,
         -0.32336613,  0.2664985 ],
        ...,
        [ 0.69428364,  0.36475387,  0.54168909, ...,  0.        ,
          0.24077151,  0.74611211],
        [ 0.50057547,  0.12984017,  0.32336613, ..., -0.24077151,
          0.        ,  0.56385229],
        [-0.07470983, -0.45184741, -0.2664985 , ..., -0.74611211,
         -0.56385229,  0.        ]],

       [[ 0.        , -0.05708511, -0.06672979, ..., -0.08126938,
         -0.03313896,  0.06499364],
        [ 0.05708511,  0.        , -0.0096631 , ..., -0.02424058,
          0.02396884,  0.12185207],
        [ 0.06672979,  0.0096631 ,  0.        , ..., -0.01457918,
          0.03362804,  0.13143747],
        ...,
        [ 0.08126938,  0.02424058,  0.01457918, ...,  0.        ,
          0.0481954 ,  0.1458762 ],
        [ 0.03313896, -0.02396884, -0.03362804, ..., -0.0481954 ,
          0.        ,  0.09802683],
        [-0.06499364, -0.12185207, -0.13143747, ..., -0.1458762 ,
         -0.09802683,  0.        ]],

       ...,

       [[ 0.        , -0.24502343, -0.17464363, ..., -0.22156073,
         -0.22156073, -0.27267984],
        [ 0.24502343,  0.        ,  0.07193785, ...,  0.02412683,
          0.02412683, -0.02862956],
        [ 0.17464363, -0.07193785,  0.        , ..., -0.04785259,
         -0.04785259, -0.10046374],
        ...,
        [ 0.22156073, -0.02412683,  0.04785259, ...,  0.        ,
          0.        , -0.05273817],
        [ 0.22156073, -0.02412683,  0.04785259, ...,  0.        ,
          0.        , -0.05273817],
        [ 0.27267984,  0.02862956,  0.10046374, ...,  0.05273817,
          0.05273817,  0.        ]],

       [[ 0.        ,  0.01143473, -0.02099935, ..., -0.93275197,
         -0.73561292, -0.57566684],
        [-0.01143473,  0.        , -0.03243019, ..., -0.93681342,
         -0.74331073, -0.5849792 ],
        [ 0.02099935,  0.03243019,  0.        , ..., -0.92497562,
         -0.7212257 , -0.55836905],
        ...,
        [ 0.93275197,  0.93681342,  0.92497562, ...,  0.        ,
          0.36664591,  0.555158  ],
        [ 0.73561292,  0.74331073,  0.7212257 , ..., -0.36664591,
          0.        ,  0.21154123],
        [ 0.57566684,  0.5849792 ,  0.55836905, ..., -0.555158  ,
         -0.21154123,  0.        ]],

       [[ 0.        ,  0.4469094 ,  0.73043105, ...,  0.96457855,
          0.95806895,  0.95141965],
        [-0.4469094 ,  0.        ,  0.34819538, ...,  0.7449991 ,
          0.72901215,  0.71351812],
        [-0.73043105, -0.34819538,  0.        , ...,  0.46610942,
          0.44505201,  0.42490909],
        ...,
        [-0.96457855, -0.7449991 , -0.46610942, ...,  0.        ,
         -0.02365362, -0.04601046],
        [-0.95806895, -0.72901215, -0.44505201, ...,  0.02365362,
          0.        , -0.02236902],
        [-0.95141965, -0.71351812, -0.42490909, ...,  0.04601046,
          0.02236902,  0.        ]]]), 'num': array([9.99002794e-01, 2.53037139e-02, 1.49569751e-05, 1.54706570e-08,
       3.84861296e-03, 3.90181959e-03, 3.71264046e-03, 3.52476785e-02,
       1.06413262e-04, 3.72328179e-03, 3.60681839e-03, 3.73480989e-03,
       4.10015255e-06, 3.79577199e-03, 3.41786478e-03])}
{'img': array([[[ 0.        ,  0.12385467,  0.02125294, ...,  0.16331521,
          0.29504793,  0.59312904],
        [-0.12385467,  0.        , -0.1027374 , ...,  0.03986595,
          0.1744352 ,  0.48884585],
        [-0.02125294,  0.1027374 ,  0.        , ...,  0.14231073,
          0.27467448,  0.57588417],
        ...,
        [-0.16331521, -0.03986595, -0.14231073, ...,  0.        ,
          0.13504179,  0.45367937],
        [-0.29504793, -0.1744352 , -0.27467448, ..., -0.13504179,
          0.        ,  0.32917911],
        [-0.59312904, -0.48884585, -0.57588417, ..., -0.45367937,
         -0.32917911,  0.        ]],

       [[ 0.        ,  0.19776445,  0.2163807 , ..., -0.12984017,
          0.45184741,  0.95371331],
        [-0.19776445,  0.        ,  0.01902786, ..., -0.32336613,
          0.2664985 ,  0.87540587],
        [-0.2163807 , -0.01902786,  0.        , ..., -0.34131316,
          0.24811053,  0.86604953],
        ...,
        [ 0.12984017,  0.32336613,  0.34131316, ...,  0.        ,
          0.56385229,  0.98468526],
        [-0.45184741, -0.2664985 , -0.24811053, ..., -0.56385229,
          0.        ,  0.71492476],
        [-0.95371331, -0.87540587, -0.86604953, ..., -0.98468526,
         -0.71492476,  0.        ]],

       [[ 0.        , -0.0096631 ,  0.00481521, ...,  0.02396884,
          0.12185207,  0.19802716],
        [ 0.0096631 ,  0.        ,  0.01447798, ...,  0.03362804,
          0.13143747,  0.20748966],
        [-0.00481521, -0.01447798,  0.        , ...,  0.01915473,
          0.11707132,  0.19330501],
        ...,
        [-0.02396884, -0.03362804, -0.01915473, ...,  0.        ,
          0.09802683,  0.1744761 ],
        [-0.12185207, -0.13143747, -0.11707132, ..., -0.09802683,
          0.        ,  0.07711255],
        [-0.19802716, -0.20748966, -0.19330501, ..., -0.1744761 ,
         -0.07711255,  0.        ]],

       ...,

       [[ 0.        ,  0.07193785, -0.45852697, ...,  0.02412683,
         -0.02862956,  0.33782083],
        [-0.07193785,  0.        , -0.52126875, ..., -0.04785259,
         -0.10046374,  0.26923692],
        [ 0.45852697,  0.52126875,  0.        , ...,  0.47983454,
          0.43289649,  0.73178516],
        ...,
        [-0.02412683,  0.04785259, -0.47983454, ...,  0.        ,
         -0.05273817,  0.31501407],
        [ 0.02862956,  0.10046374, -0.43289649, ...,  0.05273817,
          0.        ,  0.36462879],
        [-0.33782083, -0.26923692, -0.73178516, ..., -0.31501407,
         -0.36462879,  0.        ]],

       [[ 0.        , -0.03243019, -0.08459402, ..., -0.74331073,
         -0.5849792 , -0.32863217],
        [ 0.03243019,  0.        , -0.05223559, ..., -0.7212257 ,
         -0.55836905, -0.29783036],
        [ 0.08459402,  0.05223559,  0.        , ..., -0.68405748,
         -0.5142725 , -0.24755869],
        ...,
        [ 0.74331073,  0.7212257 ,  0.68405748, ...,  0.        ,
          0.21154123,  0.48218849],
        [ 0.5849792 ,  0.55836905,  0.5142725 , ..., -0.21154123,
          0.        ,  0.28595172],
        [ 0.32863217,  0.29783036,  0.24755869, ..., -0.48218849,
         -0.28595172,  0.        ]],

       [[ 0.        ,  0.62995272,  0.82618978, ...,  0.93367362,
          0.92470974,  0.88342409],
        [-0.62995272,  0.        ,  0.28673638, ...,  0.49952033,
          0.47835459,  0.39091708],
        [-0.82618978, -0.28673638,  0.        , ...,  0.23014489,
          0.20646589,  0.1105827 ],
        ...,
        [-0.93367362, -0.49952033, -0.23014489, ...,  0.        ,
         -0.02426255, -0.12111914],
        [-0.92470974, -0.47835459, -0.20646589, ...,  0.02426255,
          0.        , -0.09699956],
        [-0.88342409, -0.39091708, -0.1105827 , ...,  0.12111914,
