state_0,state_1,state_2,state_3,state_4,state_5,state_6,state_7,state_8,state_9,state_10,state_11,state_12,state_13,state_14,state_15,state_16,state_17,state_18,state_19,state_20,state_21,state_22,state_23,state_24,state_25,state_26,state_27,state_28,state_29,state_30,state_31,state_32,state_33,state_34,state_35,state_36,state_37,state_38,state_39,state_40,state_41,state_42,state_43,state_44,state_45,state_46,state_47,state_48,state_49,state_50,state_51,state_52,state_53,state_54,state_55,state_56,state_57,state_58,state_59,state_60,state_61,state_62,state_63,state_64,state_65,state_66,state_67,state_68,state_69,state_70,state_71,state_72,state_73,state_74,state_75,state_76,state_77,state_78,state_79,state_80,state_81,state_82,state_83,state_84,state_85,state_86,state_87,state_88,state_89,state_90,state_91,state_92,state_93,state_94,state_95,state_96,state_97,state_98,state_99,state_100,state_101,state_102,state_103,state_104,state_105,state_106,state_107,state_108,state_109,state_110,state_111,state_112,state_113,state_114,state_115,state_116,state_117,state_118,state_119,state_120,state_121,state_122,state_123,state_124,state_125,state_126,state_127,state_128,state_129,state_130,state_131,state_132,state_133,state_134,state_135,state_136,state_137,state_138,state_139,state_140,state_141,state_142,state_143,state_144,state_145,state_146,state_147,state_148,state_149,state_150,state_151,state_152,state_153,state_154,state_155,state_156,state_157,state_158,state_159,state_160,state_161,state_162,state_163,state_164,state_165,state_166,state_167,state_168,state_169,state_170,state_171,state_172,state_173,state_174,state_175,state_176,state_177,state_178,state_179,state_180,state_181,state_182,state_183,state_184,state_185,state_186,state_187,state_188,state_189,state_190,state_191,state_192,state_193,state_194,state_195,state_196,state_197,state_198,state_199,state_200,state_201,state_202,state_203,state_204,state_205,state_206,state_207,state_208,state_209,state_210,state_211,state_212,state_213,state_214,state_215,state_216,state_217,state_218,state_219,state_220,state_221,state_222,state_223,state_224,state_225,state_226,state_227,state_228,state_229,state_230,state_231,state_232,state_233,state_234,state_235,state_236,state_237,state_238,state_239,state_240,state_241,state_242,state_243,state_244,state_245,state_246,state_247,state_248,state_249,state_250,state_251,state_252,state_253,state_254,state_255,state_256,state_257,state_258,state_259,state_260,state_261,state_262,state_263,state_264,state_265,state_266,state_267,state_268,state_269,state_270,state_271,state_272,state_273,state_274,state_275,state_276,state_277,state_278,state_279,state_280,state_281,state_282,state_283,state_284,state_285,state_286,state_287
{'img': array([[[ 0.        ,  0.15910823, -0.78233614, ..., -0.99583972,
         -0.99926009, -0.99926009],
        [-0.15910823,  0.        , -0.87147166, ..., -0.96865559,
         -0.99265018, -0.99265018],
        [ 0.78233614,  0.87147166,  0.        , ..., -0.69155334,
         -0.59230589, -0.59230589],
        ...,
        [ 0.99583972,  0.96865559,  0.69155334, ...,  0.        ,
          0.12935606,  0.12935606],
        [ 0.99926009,  0.99265018,  0.59230589, ..., -0.12935606,
          0.        ,  0.        ],
        [ 0.99926009,  0.99265018,  0.59230589, ..., -0.12935606,
          0.        ,  0.        ]],

       [[ 0.        , -0.03547271, -0.02756183, ..., -0.3432009 ,
         -0.20975316, -0.4036133 ],
        [ 0.03547271,  0.        ,  0.00791475, ..., -0.30966674,
         -0.17493756, -0.37090425],
        [ 0.02756183, -0.00791475,  0.        , ..., -0.31718274,
         -0.18272477, -0.37824283],
        ...,
        [ 0.3432009 ,  0.30966674,  0.31718274, ...,  0.        ,
          0.138553  , -0.06509396],
        [ 0.20975316,  0.17493756,  0.18272477, ..., -0.138553  ,
          0.        , -0.20272528],
        [ 0.4036133 ,  0.37090425,  0.37824283, ...,  0.06509396,
          0.20272528,  0.        ]],

       [[ 0.        ,  0.30155889,  0.57368082, ..., -0.99999872,
         -0.9886442 , -0.96220657],
        [-0.30155889,  0.        ,  0.29997403, ..., -0.95392924,
         -0.98793722, -0.9995342 ],
        [-0.57368082, -0.29997403,  0.        , ..., -0.81999658,
         -0.89598766, -0.94434826],
        ...,
        [ 0.99999872,  0.95392924,  0.81999658, ...,  0.        ,
          0.14869182,  0.2707794 ],
        [ 0.9886442 ,  0.98793722,  0.89598766, ..., -0.14869182,
          0.        ,  0.1246324 ],
        [ 0.96220657,  0.9995342 ,  0.94434826, ..., -0.2707794 ,
         -0.1246324 ,  0.        ]],

       ...,

       [[ 0.        ,  0.59001101, -0.66183123, ..., -0.74758549,
         -0.62790019, -0.60451121],
        [-0.59001101,  0.        , -0.9766628 , ..., -0.99546195,
         -0.96616555, -0.95808023],
        [ 0.66183123,  0.9766628 ,  0.        , ..., -0.12086408,
          0.04439201,  0.07403896],
        ...,
        [ 0.74758549,  0.99546195,  0.12086408, ...,  0.        ,
          0.16481151,  0.19402854],
        [ 0.62790019,  0.96616555, -0.04439201, ..., -0.16481151,
          0.        ,  0.0296958 ],
        [ 0.60451121,  0.95808023, -0.07403896, ..., -0.19402854,
         -0.0296958 ,  0.        ]],

       [[ 0.        ,  0.5610689 ,  0.28424995, ..., -0.80018314,
         -0.76423486, -0.5610689 ],
        [-0.5610689 ,  0.        , -0.3026316 , ..., -0.32586258,
         -0.27075533, -0.        ],
        [-0.28424995,  0.3026316 ,  0.        , ..., -0.59669521,
         -0.54938673, -0.3026316 ],
        ...,
        [ 0.80018314,  0.32586258,  0.59669521, ...,  0.        ,
         -0.0577143 , -0.32586258],
        [ 0.76423486,  0.27075533,  0.54938673, ...,  0.0577143 ,
          0.        , -0.27075533],
        [ 0.5610689 ,  0.        ,  0.3026316 , ...,  0.32586258,
          0.27075533,  0.        ]],

       [[ 0.        , -0.01778387,  0.14867902, ..., -0.99892325,
         -0.99962273, -0.99989302],
        [ 0.01778387,  0.        ,  0.16624171, ..., -0.99959033,
         -0.9999531 , -0.99947476],
        [-0.14867902, -0.16624171,  0.        , ..., -0.98092301,
         -0.98442876, -0.99095448],
        ...,
        [ 0.99892325,  0.99959033,  0.98092301, ...,  0.        ,
          0.01893906,  0.06099992],
        [ 0.99962273,  0.9999531 ,  0.98442876, ..., -0.01893906,
          0.        ,  0.04208518],
        [ 0.99989302,  0.99947476,  0.99095448, ..., -0.06099992,
         -0.04208518,  0.        ]]]), 'num': array([7.06516494e-01, 7.06516494e-01, 0.00000000e+00, 0.00000000e+00,
       8.86608933e-05, 8.97383695e-05, 8.77373424e-05, 4.08512762e-02,
       0.00000000e+00, 8.78296975e-05, 8.52668435e-05, 9.08338035e-05,
       8.95793976e-07, 9.11784315e-05, 7.93552555e-05])}
{'img': array([[[ 0.        , -0.87147166, -0.92670234, ..., -0.99265018,
         -0.99265018, -0.99265018],
        [ 0.87147166,  0.        , -0.12700161, ..., -0.59230589,
         -0.59230589, -0.59230589],
        [ 0.92670234,  0.12700161,  0.        , ..., -0.48518283,
         -0.48518283, -0.48518283],
        ...,
        [ 0.99265018,  0.59230589,  0.48518283, ...,  0.        ,
          0.        ,  0.        ],
        [ 0.99265018,  0.59230589,  0.48518283, ...,  0.        ,
          0.        ,  0.        ],
        [ 0.99265018,  0.59230589,  0.48518283, ...,  0.        ,
          0.        ,  0.        ]],

       [[ 0.        ,  0.00791475, -0.0408127 , ..., -0.17493756,
         -0.37090425, -0.42155793],
        [-0.00791475,  0.        , -0.04871958, ..., -0.18272477,
         -0.37824283, -0.42872183],
        [ 0.0408127 ,  0.04871958,  0.        , ..., -0.13460845,
         -0.33269364, -0.38419767],
        ...,
        [ 0.17493756,  0.18272477,  0.13460845, ...,  0.        ,
         -0.20272528, -0.25642367],
        [ 0.37090425,  0.37824283,  0.33269364, ...,  0.20272528,
          0.        , -0.05515215],
        [ 0.42155793,  0.42872183,  0.38419767, ...,  0.25642367,
          0.05515215,  0.        ]],

       [[ 0.        ,  0.29997403, -0.11969395, ..., -0.98793722,
         -0.9995342 , -0.99960444],
        [-0.29997403,  0.        , -0.41199919, ..., -0.89598766,
         -0.94434826, -0.96200656],
        [ 0.11969395,  0.41199919,  0.        , ..., -0.99936998,
         -0.99600127, -0.98905181],
        ...,
        [ 0.98793722,  0.89598766,  0.99936998, ...,  0.        ,
          0.1246324 ,  0.18257865],
        [ 0.9995342 ,  0.94434826,  0.99600127, ..., -0.1246324 ,
          0.        ,  0.0586176 ],
        [ 0.99960444,  0.96200656,  0.98905181, ..., -0.18257865,
         -0.0586176 ,  0.        ]],

       ...,

       [[ 0.        , -0.9766628 , -0.99915132, ..., -0.96616555,
         -0.95808023, -0.89630356],
        [ 0.9766628 ,  0.        , -0.17436705, ...,  0.04439201,
          0.07403896,  0.24058569],
        [ 0.99915132,  0.17436705,  0.        , ...,  0.21790711,
          0.24679321,  0.40614561],
        ...,
        [ 0.96616555, -0.04439201, -0.21790711, ...,  0.        ,
          0.0296958 ,  0.19726039],
        [ 0.95808023, -0.07403896, -0.24679321, ..., -0.0296958 ,
          0.        ,  0.16806108],
        [ 0.89630356, -0.24058569, -0.40614561, ..., -0.19726039,
         -0.16806108,  0.        ]],

       [[ 0.        , -0.30231575, -0.65817036, ..., -0.28525033,
         -0.0923672 , -0.        ],
        [ 0.30231575,  0.        , -0.39976898, ..., -0.56165831,
         -0.38906849, -0.30231575],
        [ 0.65817036,  0.39976898,  0.        , ..., -0.84558153,
         -0.72489709, -0.65817036],
        ...,
        [ 0.28525033,  0.56165831,  0.84558153, ...,  0.        ,
         -0.19550127, -0.28525033],
        [ 0.0923672 ,  0.38906849,  0.72489709, ...,  0.19550127,
          0.        , -0.0923672 ],
        [ 0.        ,  0.30231575,  0.65817036, ...,  0.28525033,
          0.0923672 ,  0.        ]],

       [[ 0.        ,  0.16624171,  0.55851293, ..., -0.9999531 ,
         -0.99947476, -0.99933499],
        [-0.16624171,  0.        ,  0.41284443, ..., -0.98442876,
         -0.99095448, -0.99149102],
        [-0.55851293, -0.41284443,  0.        , ..., -0.82404779,
         -0.84715981, -0.8493095 ],
        ...,
        [ 0.9999531 ,  0.98442876,  0.82404779, ...,  0.        ,
          0.04208518,  0.04614016],
        [ 0.99947476,  0.99095448,  0.84715981, ..., -0.04208518,
          0.        ,  0.00405893],
        [ 0.99933499,  0.99149102,  0.8493095 , ..., -0.04614016,
         -0.00405893,  0.        ]]]), 'num': array([ 8.22668445e-01,  5.67770203e-01,  4.41764717e-05, -7.86820736e-11,
        1.03365062e-04,  1.03902488e-04,  1.02290208e-04,  2.92154271e-02,
        1.79142221e-07,  1.02863463e-04,  9.92716619e-05,  1.05455054e-04,
        1.03635996e-06,  1.06229464e-04,  9.23138601e-05])}
{'img': array([[[ 0.        , -0.16783252, -0.07776456, ..., -0.69565217,
         -0.69565217, -0.68516783],
        [ 0.16783252,  0.        ,  0.09066278, ..., -0.56521739,
         -0.56521739, -0.55320235],
        [ 0.07776456, -0.09066278,  0.        , ..., -0.63768116,
         -0.63768116, -0.62645041],
        ...,
        [ 0.69565217,  0.56521739,  0.63768116, ...,  0.        ,
          0.        ,  0.01449275],
        [ 0.69565217,  0.56521739,  0.63768116, ...,  0.        ,
          0.        ,  0.01449275],
        [ 0.68516783,  0.55320235,  0.62645041, ..., -0.01449275,
         -0.01449275,  0.        ]],

       [[ 0.        , -0.04716326, -0.31357829, ..., -0.3570305 ,
         -0.40132352, -0.68197852],
        [ 0.04716326,  0.        , -0.26844488, ..., -0.31257833,
         -0.35767838, -0.64672571],
        [ 0.31357829,  0.26844488,  0.        , ..., -0.04611152,
         -0.09386395, -0.41823868],
        ...,
        [ 0.3570305 ,  0.31257833,  0.04611152, ...,  0.        ,
         -0.04785616, -0.37590899],
        [ 0.40132352,  0.35767838,  0.09386395, ...,  0.04785616,
          0.        , -0.33113206],
        [ 0.68197852,  0.64672571,  0.41823868, ...,  0.37590899,
          0.33113206,  0.        ]],

       [[ 0.        , -0.41199919, -0.56895534, ..., -0.94434826,
         -0.96200656, -0.976874  ],
        [ 0.41199919,  0.        , -0.179608  , ..., -0.99600127,
         -0.98905181, -0.9782041 ],
        [ 0.56895534,  0.179608  ,  0.        , ..., -0.96375855,
         -0.9464636 , -0.92500196],
        ...,
        [ 0.94434826,  0.99600127,  0.96375855, ...,  0.        ,
          0.0586176 ,  0.11942356],
        [ 0.96200656,  0.98905181,  0.9464636 , ..., -0.0586176 ,
          0.        ,  0.06102012],
        [ 0.976874  ,  0.9782041 ,  0.92500196, ..., -0.11942356,
         -0.06102012,  0.        ]],

       ...,

       [[ 0.        , -0.20096118, -0.21555029, ...,  0.08781172,
          0.29213654,  0.27541222],
        [ 0.20096118,  0.        , -0.01491576, ...,  0.28620518,
          0.4783713 ,  0.46298284],
        [ 0.21555029,  0.01491576,  0.        , ...,  0.30046514,
          0.49141647,  0.47615218],
        ...,
        [-0.08781172, -0.28620518, -0.30046514, ...,  0.        ,
          0.20702697,  0.18993262],
        [-0.29213654, -0.4783713 , -0.49141647, ..., -0.20702697,
          0.        , -0.01744072],
        [-0.27541222, -0.46298284, -0.47615218, ..., -0.18993262,
          0.01744072,  0.        ]],

       [[ 0.        , -0.60679056, -0.7039631 , ..., -0.09346465,
         -0.        , -0.18147682],
        [ 0.60679056,  0.        , -0.12858852, ..., -0.67842587,
         -0.60679056, -0.74096392],
        [ 0.7039631 ,  0.12858852,  0.        , ..., -0.76726359,
         -0.7039631 , -0.82116542],
        ...,
        [ 0.09346465,  0.67842587,  0.76726359, ...,  0.        ,
         -0.09346465,  0.08876972],
        [ 0.        ,  0.60679056,  0.7039631 , ...,  0.09346465,
          0.        ,  0.18147682],
        [ 0.18147682,  0.74096392,  0.82116542, ..., -0.08876972,
         -0.18147682,  0.        ]],

       [[ 0.        ,  0.41284443,  0.70859229, ..., -0.99095448,
         -0.99149102, -0.98952461],
        [-0.41284443,  0.        ,  0.35407643, ..., -0.84715981,
         -0.8493095 , -0.84166056],
        [-0.70859229, -0.35407643,  0.        , ..., -0.6041435 ,
         -0.60737298, -0.59593109],
        ...,
        [ 0.99095448,  0.84715981,  0.6041435 , ...,  0.        ,
          0.00405893, -0.01026581],
        [ 0.99149102,  0.8493095 ,  0.60737298, ..., -0.00405893,
          0.        , -0.01432444],
        [ 0.98952461,  0.84166056,  0.59593109, ...,  0.01026581,
          0.01432444,  0.        ]]]), 'num': array([8.47540429e-01, 5.28953505e-01, 5.49287800e-05, 8.91790357e-10,
       1.06836661e-04, 1.07941868e-04, 1.05915656e-04, 4.33972176e-02,
       5.52603421e-07, 1.06284058e-04, 1.02250053e-04, 1.08297990e-04,
       1.24506326e-06, 1.09684937e-04, 9.48151692e-05])}
{'img': array([[[ 0.        ,  0.09066278, -0.01746372, ..., -0.56521739,
         -0.55320235, -0.51644412],
        [-0.09066278,  0.        , -0.10804075, ..., -0.63768116,
         -0.62645041, -0.59195365],
        [ 0.01746372,  0.10804075,  0.        , ..., -0.55072464,
         -0.53856988, -0.50141081],
        ...,
        [ 0.56521739,  0.63768116,  0.55072464, ...,  0.        ,
          0.01449275,  0.05797101],
        [ 0.55320235,  0.62645041,  0.53856988, ..., -0.01449275,
          0.        ,  0.04349655],
        [ 0.51644412,  0.59195365,  0.50141081, ..., -0.05797101,
         -0.04349655,  0.        ]],

       [[ 0.        , -0.26844488, -0.35538384, ..., -0.35767838,
         -0.64672571, -0.40734792],
        [ 0.26844488,  0.        , -0.09141857, ..., -0.09386395,
         -0.41823868, -0.14723277],
        [ 0.35538384,  0.09141857,  0.        , ..., -0.00245593,
         -0.33344844, -0.05619395],
        ...,
        [ 0.35767838,  0.09386395,  0.00245593, ...,  0.        ,
         -0.33113206, -0.05374173],
        [ 0.64672571,  0.41823868,  0.33344844, ...,  0.33113206,
          0.        ,  0.27994367],
        [ 0.40734792,  0.14723277,  0.05619395, ...,  0.05374173,
         -0.27994367,  0.        ]],

       [[ 0.        , -0.42100827, -0.67438259, ..., -0.9709598 ,
         -0.98416036, -0.99163317],
        [ 0.42100827,  0.        , -0.30083834, ..., -0.98143884,
         -0.96732592, -0.95381463],
        [ 0.67438259,  0.30083834,  0.        , ..., -0.87828044,
         -0.84624131, -0.81925873],
        ...,
        [ 0.9709598 ,  0.98143884,  0.87828044, ...,  0.        ,
          0.06332088,  0.11190194],
        [ 0.98416036,  0.96732592,  0.84624131, ..., -0.06332088,
          0.        ,  0.0487542 ],
        [ 0.99163317,  0.95381463,  0.81925873, ..., -0.11190194,
         -0.0487542 ,  0.        ]],

       ...,

       [[ 0.        , -0.01491576, -0.10441574, ...,  0.4783713 ,
          0.46298284,  0.9616567 ],
        [ 0.01491576,  0.        , -0.08956991, ...,  0.49141647,
          0.47615218,  0.96564046],
        [ 0.10441574,  0.08956991,  0.        , ...,  0.56744989,
          0.55300275,  0.98503669],
        ...,
        [-0.4783713 , -0.49141647, -0.56744989, ...,  0.        ,
         -0.01744072,  0.71328999],
        [-0.46298284, -0.47615218, -0.55300275, ...,  0.01744072,
          0.        ,  0.72540515],
        [-0.9616567 , -0.96564046, -0.98503669, ..., -0.71328999,
         -0.72540515,  0.        ]],

       [[ 0.        , -0.42391324, -0.44626743, ..., -0.        ,
         -0.19147531, -0.41611904],
        [ 0.42391324,  0.        , -0.02482586, ..., -0.42391324,
         -0.58948947, -0.76234879],
        [ 0.44626743,  0.02482586,  0.        , ..., -0.44626743,
         -0.60936152, -0.77818029],
        ...,
        [ 0.        ,  0.42391324,  0.44626743, ...,  0.        ,
          0.19147531,  0.41611904],
        [ 0.19147531,  0.58948947,  0.60936152, ..., -0.19147531,
          0.        ,  0.23430933],
        [ 0.41611904,  0.76234879,  0.77818029, ..., -0.41611904,
         -0.23430933,  0.        ]],

       [[ 0.        ,  0.35407643,  0.45566327, ..., -0.8493095 ,
         -0.84166056, -0.82082053],
        [-0.35407643,  0.        ,  0.11096188, ..., -0.60737298,
         -0.59593109, -0.56540132],
        [-0.45566327, -0.11096188,  0.        , ..., -0.51547227,
         -0.50314468, -0.47038665],
        ...,
        [ 0.8493095 ,  0.60737298,  0.51547227, ...,  0.        ,
         -0.01432444, -0.05180661],
        [ 0.84166056,  0.59593109,  0.50314468, ...,  0.01432444,
          0.        , -0.0374961 ],
        [ 0.82082053,  0.56540132,  0.47038665, ...,  0.05180661,
          0.0374961 ,  0.        ]]]), 'num': array([ 9.61951063e-01,  2.62690799e-01,  1.21610481e-04,  5.01372442e-09,
        1.20979284e-04,  1.22662474e-04,  1.20558487e-04,  7.51236751e-02,
       -1.05199378e-06,  1.21358002e-04,  1.16844949e-04,  1.23560176e-04,
        1.58341331e-06,  1.25426820e-04,  1.08263078e-04])}
{'img': array([[[ 0.        , -0.10804075, -0.09066278, ..., -0.62645041,
         -0.59195365, -0.64877796],
        [ 0.10804075,  0.        ,  0.01746372, ..., -0.53856988,
         -0.50141081, -0.56276371],
        [ 0.09066278, -0.01746372,  0.        , ..., -0.55320235,
         -0.51644412, -0.57711371],
        ...,
        [ 0.62645041,  0.53856988,  0.55320235, ...,  0.        ,
          0.04349655, -0.02898246],
        [ 0.59195365,  0.50141081,  0.51644412, ..., -0.04349655,
          0.        , -0.07243331],
        [ 0.64877796,  0.56276371,  0.57711371, ...,  0.02898246,
          0.07243331,  0.        ]],

       [[ 0.        , -0.09141857, -0.25033945, ..., -0.41823868,
         -0.14723277,  0.03521801],
        [ 0.09141857,  0.        , -0.16078353, ..., -0.33344844,
         -0.05619395,  0.1264324 ],
        [ 0.25033945,  0.16078353,  0.        , ..., -0.17752855,
          0.10506662,  0.28428076],
        ...,
        [ 0.41823868,  0.33344844,  0.17752855, ...,  0.        ,
          0.27994367,  0.44996906],
        [ 0.14723277,  0.05619395, -0.10506662, ..., -0.27994367,
          0.        ,  0.18197563],
        [-0.03521801, -0.1264324 , -0.28428076, ..., -0.44996906,
         -0.18197563,  0.        ]],

       [[ 0.        , -0.56788966, -0.76316016, ..., -0.99054557,
         -0.99623946, -0.9959189 ],
        [ 0.56788966,  0.        , -0.26118508, ..., -0.89322814,
         -0.86921281, -0.8709991 ],
        [ 0.76316016,  0.26118508,  0.        , ..., -0.74479329,
         -0.70990147, -0.71244941],
        ...,
        [ 0.99054557,  0.89322814,  0.74479329, ...,  0.        ,
          0.05084479,  0.04722483],
        [ 0.99623946,  0.86921281,  0.70990147, ..., -0.05084479,
          0.        , -0.00362431],
        [ 0.9959189 ,  0.8709991 ,  0.71244941, ..., -0.04722483,
          0.00362431,  0.        ]],

       ...,

       [[ 0.        , -0.07749455,  0.05810709, ...,  0.39331518,
          0.73211853,  0.99999658],
        [ 0.07749455,  0.        ,  0.13529596, ...,  0.46338118,
          0.78270441,  0.99719216],
        [-0.05810709, -0.13529596,  0.        , ...,  0.33922675,
          0.69130028,  0.99815487],
        ...,
        [-0.39331518, -0.46338118, -0.33922675, ...,  0.        ,
          0.40519513,  0.91837126],
        [-0.73211853, -0.78270441, -0.69130028, ..., -0.40519513,
          0.        ,  0.679259  ],
        [-0.99999658, -0.99719216, -0.99815487, ..., -0.91837126,
         -0.679259  ,  0.        ]],

       [[ 0.        , -0.03937896, -0.03025056, ..., -0.4462778 ,
         -0.64638032, -0.68071851],
        [ 0.03937896,  0.        ,  0.00913384, ..., -0.48117166,
         -0.67592571, -0.70903737],
        [ 0.03025056, -0.00913384,  0.        , ..., -0.47314462,
         -0.66916615, -0.70256687],
        ...,
        [ 0.4462778 ,  0.48117166,  0.47314462, ...,  0.        ,
          0.23792535,  0.28225262],
        [ 0.64638032,  0.67592571,  0.66916615, ..., -0.23792535,
          0.        ,  0.04589596],
        [ 0.68071851,  0.70903737,  0.70256687, ..., -0.28225262,
         -0.04589596,  0.        ]],

       [[ 0.        ,  0.11096188,  0.02662107, ..., -0.59593109,
         -0.56540132, -0.55520319],
        [-0.11096188,  0.        , -0.08446588, ..., -0.50314468,
         -0.47038665, -0.459486  ],
        [-0.02662107,  0.08446588,  0.        , ..., -0.57434223,
         -0.54324346, -0.53286529],
        ...,
        [ 0.59593109,  0.50314468,  0.57434223, ...,  0.        ,
         -0.0374961 , -0.04979676],
        [ 0.56540132,  0.47038665,  0.54324346, ...,  0.0374961 ,
          0.        , -0.01231217],
        [ 0.55520319,  0.459486  ,  0.53286529, ...,  0.04979676,
          0.01231217,  0.        ]]]), 'num': array([ 8.77893947e-01,  4.73664919e-01,  7.24424781e-05, -8.44854782e-09,
        1.08692936e-04,  1.11809579e-04,  1.08498146e-04,  7.03111616e-02,
       -3.31143353e-06,  1.11653747e-04,  1.08079347e-04,  1.14192513e-04,
        1.49680896e-06,  1.15948750e-04,  1.00209943e-04])}
{'img': array([[[ 0.        ,  0.01746372,  0.16535005, ..., -0.50141081,
         -0.56276371, -0.74939971],
        [-0.01746372,  0.        ,  0.14810151, ..., -0.51644412,
         -0.57711371, -0.76084847],
        [-0.16535005, -0.14810151,  0.        , ..., -0.63757128,
         -0.69169854, -0.84856541],
        ...,
        [ 0.50141081,  0.51644412,  0.63757128, ...,  0.        ,
         -0.07243331, -0.31639457],
        [ 0.56276371,  0.57711371,  0.69169854, ...,  0.07243331,
          0.        , -0.24685124],
        [ 0.74939971,  0.76084847,  0.84856541, ...,  0.31639457,
          0.24685124,  0.        ]],

       [[ 0.        , -0.16078353,  0.01054186, ..., -0.05619395,
          0.1264324 ,  0.13115508],
        [ 0.16078353,  0.        ,  0.17117931, ...,  0.10506662,
          0.28428076,  0.28884338],
        [-0.01054186, -0.17117931,  0.        , ..., -0.06671603,
          0.11596811,  0.12069699],
        ...,
        [ 0.05619395, -0.10506662,  0.06671603, ...,  0.        ,
          0.18197563,  0.18665638],
        [-0.1264324 , -0.28428076, -0.11596811, ..., -0.18197563,
          0.        ,  0.00476233],
        [-0.13115508, -0.28884338, -0.12069699, ..., -0.18665638,
         -0.00476233,  0.        ]],

       [[ 0.        , -0.3851562 , -0.39066312, ..., -0.95976981,
         -0.96084914, -0.97782758],
        [ 0.3851562 ,  0.        , -0.00597474, ..., -0.77757768,
         -0.78000495, -0.82173336],
        [ 0.39066312,  0.00597474,  0.        , ..., -0.77380696,
         -0.7762522 , -0.81831385],
        ...,
        [ 0.95976981,  0.77757768,  0.77380696, ...,  0.        ,
         -0.00386951, -0.07357529],
        [ 0.96084914,  0.78000495,  0.7762522 , ...,  0.00386951,
          0.        , -0.06971572],
        [ 0.97782758,  0.82173336,  0.81831385, ...,  0.07357529,
          0.06971572,  0.        ]],

       ...,

       [[ 0.        ,  0.13176214,  0.14415252, ...,  0.75643104,
          0.9739239 ,  0.99502293],
        [-0.13176214,  0.        ,  0.01250977, ...,  0.66365388,
          0.93553908,  0.99947728],
        [-0.14415252, -0.01250977,  0.        , ...,  0.65424414,
          0.93104714,  0.99899465],
        ...,
        [-0.75643104, -0.66365388, -0.65424414, ...,  0.        ,
          0.46540252,  0.72619355],
        [-0.9739239 , -0.93553908, -0.93104714, ..., -0.46540252,
          0.        ,  0.32279356],
        [-0.99502293, -0.99947728, -0.99899465, ..., -0.72619355,
         -0.32279356,  0.        ]],

       [[ 0.        ,  0.00913384, -0.00689798, ..., -0.67592571,
         -0.70903737, -0.66444346],
        [-0.00913384,  0.        , -0.01603132, ..., -0.66916615,
         -0.70256687, -0.65758967],
        [ 0.00689798,  0.01603132,  0.        , ..., -0.68099323,
         -0.71388475, -0.66958278],
        ...,
        [ 0.67592571,  0.66916615,  0.68099323, ...,  0.        ,
          0.04589596, -0.01547059],
        [ 0.70903737,  0.70256687,  0.71388475, ..., -0.04589596,
          0.        , -0.06134475],
        [ 0.66444346,  0.65758967,  0.66958278, ...,  0.01547059,
          0.06134475,  0.        ]],

       [[ 0.        , -0.08446588,  0.14695427, ..., -0.47038665,
         -0.459486  , -0.4523715 ],
        [ 0.08446588,  0.        ,  0.22997797, ..., -0.54324346,
         -0.53286529, -0.52608406],
        [-0.14695427, -0.22997797,  0.        , ..., -0.33559847,
         -0.3239749 , -0.31640206],
        ...,
        [ 0.47038665,  0.54324346,  0.33559847, ...,  0.        ,
         -0.01231217, -0.02030479],
        [ 0.459486  ,  0.53286529,  0.3239749 , ...,  0.01231217,
          0.        , -0.00799363],
        [ 0.4523715 ,  0.52608406,  0.31640206, ...,  0.02030479,
          0.00799363,  0.        ]]]), 'num': array([ 9.69139178e-01,  2.41667458e-01,  1.29213442e-04, -3.87737451e-08,
        1.20263131e-04,  1.21331187e-04,  1.18981463e-04,  4.86411388e-02,
        1.06805622e-06,  1.21886576e-04,  1.18490157e-04,  1.25044462e-04,
        1.55593376e-06,  1.27089012e-04,  1.09891303e-04])}
{'img': array([[[ 0.00000000e+00,  1.48101507e-01,  1.76752445e-02, ...,
         -5.77113710e-01, -7.60848467e-01, -7.10518918e-01],
        [-1.48101507e-01,  0.00000000e+00, -1.30598046e-01, ...,
         -6.91698535e-01, -8.48565405e-01, -8.06899220e-01],
        [-1.76752445e-02,  1.30598046e-01,  0.00000000e+00, ...,
         -5.91458286e-01, -7.72199596e-01, -7.22845604e-01],
        ...,
        [ 5.77113710e-01,  6.91698535e-01,  5.91458286e-01, ...,
          0.00000000e+00, -2.46851239e-01, -1.74152803e-01],
        [ 7.60848467e-01,  8.48565405e-01,  7.72199596e-01, ...,
          2.46851239e-01,  0.00000000e+00,  7.43156530e-02],
        [ 7.10518918e-01,  8.06899220e-01,  7.22845604e-01, ...,
          1.74152803e-01, -7.43156530e-02,  0.00000000e+00]],

       [[ 0.00000000e+00,  1.71179307e-01,  2.54194219e-01, ...,
          2.84280761e-01,  2.88843376e-01,  8.91665542e-02],
        [-1.71179307e-01,  0.00000000e+00,  8.48856712e-02, ...,
          1.15968114e-01,  1.20696994e-01, -8.26470073e-02],
        [-2.54194219e-01, -8.48856712e-02,  0.00000000e+00, ...,
          3.12366077e-02,  3.59962566e-02, -1.66943977e-01],
        ...,
        [-2.84280761e-01, -1.15968114e-01, -3.12366077e-02, ...,
          0.00000000e+00,  4.76232709e-03, -1.97660756e-01],
        [-2.88843376e-01, -1.20696994e-01, -3.59962566e-02, ...,
         -4.76232709e-03,  0.00000000e+00, -2.02326883e-01],
        [-8.91665542e-02,  8.26470073e-02,  1.66943977e-01, ...,
          1.97660756e-01,  2.02326883e-01,  0.00000000e+00]],

       [[ 0.00000000e+00, -5.97473983e-03,  0.00000000e+00, ...,
         -7.80004951e-01, -8.21733359e-01, -8.49537216e-01],
        [ 5.97473983e-03,  0.00000000e+00,  5.97473983e-03, ...,
         -7.76252196e-01, -8.18313854e-01, -8.46370206e-01],
        [ 0.00000000e+00, -5.97473983e-03,  0.00000000e+00, ...,
         -7.80004951e-01, -8.21733359e-01, -8.49537216e-01],
        ...,
        [ 7.80004951e-01,  7.76252196e-01,  7.80004951e-01, ...,
          0.00000000e+00, -6.97157189e-02, -1.20142753e-01],
        [ 8.21733359e-01,  8.18313854e-01,  8.21733359e-01, ...,
          6.97157189e-02,  0.00000000e+00, -5.06396920e-02],
        [ 8.49537216e-01,  8.46370206e-01,  8.49537216e-01, ...,
          1.20142753e-01,  5.06396920e-02,  0.00000000e+00]],

       ...,

       [[ 0.00000000e+00,  1.25097676e-02, -4.40793319e-02, ...,
          9.35539084e-01,  9.99477283e-01,  8.48078909e-01],
        [-1.25097676e-02,  0.00000000e+00, -5.65734912e-02, ...,
          9.31047137e-01,  9.98994646e-01,  8.41383997e-01],
        [ 4.40793319e-02,  5.65734912e-02,  0.00000000e+00, ...,
          9.50199614e-01,  9.99930863e-01,  8.70610918e-01],
        ...,
        [-9.35539084e-01, -9.31047137e-01, -9.50199614e-01, ...,
          0.00000000e+00,  3.22793561e-01, -1.96152909e-01],
        [-9.99477283e-01, -9.98994646e-01, -9.99930863e-01, ...,
         -3.22793561e-01,  0.00000000e+00, -5.02175479e-01],
        [-8.48078909e-01, -8.41383997e-01, -8.70610918e-01, ...,
          1.96152909e-01,  5.02175479e-01,  0.00000000e+00]],

       [[ 0.00000000e+00, -1.60313155e-02, -9.78501661e-03, ...,
         -7.02566871e-01, -6.57589673e-01, -6.40640046e-01],
        [ 1.60313155e-02,  0.00000000e+00,  6.24678884e-03, ...,
         -7.13884752e-01, -6.69582779e-01, -6.52867224e-01],
        [ 9.78501661e-03, -6.24678884e-03,  0.00000000e+00, ...,
         -7.09496427e-01, -6.64929991e-01, -6.48122716e-01],
        ...,
        [ 7.02566871e-01,  7.13884752e-01,  7.09496427e-01, ...,
          0.00000000e+00, -6.13447468e-02, -8.35690769e-02],
        [ 6.57589673e-01,  6.69582779e-01,  6.64929991e-01, ...,
          6.13447468e-02,  0.00000000e+00, -2.22815239e-02],
        [ 6.40640046e-01,  6.52867224e-01,  6.48122716e-01, ...,
          8.35690769e-02,  2.22815239e-02,  0.00000000e+00]],

       [[ 0.00000000e+00,  2.29977974e-01,  1.02206893e-01, ...,
         -5.32865295e-01, -5.26084063e-01, -5.25754202e-01],
        [-2.29977974e-01,  0.00000000e+00, -1.29306295e-01, ...,
         -3.23974904e-01, -3.16402058e-01, -3.16034131e-01],
        [-1.02206893e-01,  1.29306295e-01,  0.00000000e+00, ...,
         -4.43587285e-01, -4.36408975e-01, -4.36059995e-01],
        ...,
        [ 5.32865295e-01,  3.23974904e-01,  4.43587285e-01, ...,
          0.00000000e+00, -7.99362640e-03, -8.38144098e-03],
        [ 5.26084063e-01,  3.16402058e-01,  4.36408975e-01, ...,
          7.99362640e-03,  0.00000000e+00, -3.87827576e-04],
        [ 5.25754202e-01,  3.16034131e-01,  4.36059995e-01, ...,
          8.38144098e-03,  3.87827576e-04,  0.00000000e+00]]]), 'num': array([ 9.72598959e-01,  2.29727837e-01,  1.33131025e-04, -2.49605390e-08,
        1.20439546e-04,  1.22382120e-04,  1.20439546e-04,  3.57246574e-02,
       -1.07920740e-06,  1.22338951e-04,  1.19748854e-04,  1.26144956e-04,
        1.39160955e-06,  1.28442310e-04,  1.11055397e-04])}
{'img': array([[[ 0.00000000e+00, -1.30598046e-01, -5.78286117e-02, ...,
         -8.48565405e-01, -8.06899220e-01, -8.48565405e-01],
        [ 1.30598046e-01,  0.00000000e+00,  7.30461604e-02, ...,
         -7.72199596e-01, -7.22845604e-01, -7.72199596e-01],
        [ 5.78286117e-02, -7.30461604e-02,  0.00000000e+00, ...,
         -8.16548784e-01, -7.71390162e-01, -8.16548784e-01],
        ...,
        [ 8.48565405e-01,  7.72199596e-01,  8.16548784e-01, ...,
          0.00000000e+00,  7.43156530e-02,  0.00000000e+00],
        [ 8.06899220e-01,  7.22845604e-01,  7.71390162e-01, ...,
         -7.43156530e-02,  0.00000000e+00, -7.43156530e-02],
        [ 8.48565405e-01,  7.72199596e-01,  8.16548784e-01, ...,
          0.00000000e+00,  7.43156530e-02,  0.00000000e+00]],

       [[ 0.00000000e+00,  8.48856712e-02,  3.51936776e-02, ...,
          1.20696994e-01, -8.26470073e-02, -2.94322178e-01],
        [-8.48856712e-02,  0.00000000e+00, -4.97664324e-02, ...,
          3.59962566e-02, -1.66943977e-01, -3.74385648e-01],
        [-3.51936776e-02,  4.97664324e-02,  0.00000000e+00, ...,
          8.56858331e-02, -1.17669084e-01, -3.27774666e-01],
        ...,
        [-1.20696994e-01, -3.59962566e-02, -8.56858331e-02, ...,
          0.00000000e+00, -2.02326883e-01, -4.07521378e-01],
        [ 8.26470073e-02,  1.66943977e-01,  1.17669084e-01, ...,
          2.02326883e-01,  0.00000000e+00, -2.14329005e-01],
        [ 2.94322178e-01,  3.74385648e-01,  3.27774666e-01, ...,
          4.07521378e-01,  2.14329005e-01,  0.00000000e+00]],

       [[ 0.00000000e+00,  5.97473983e-03,  5.97473983e-03, ...,
         -8.18313854e-01, -8.46370206e-01, -8.83788651e-01],
        [-5.97473983e-03,  0.00000000e+00,  0.00000000e+00, ...,
         -8.21733359e-01, -8.49537216e-01, -8.86568376e-01],
        [-5.97473983e-03,  0.00000000e+00,  0.00000000e+00, ...,
         -8.21733359e-01, -8.49537216e-01, -8.86568376e-01],
        ...,
        [ 8.18313854e-01,  8.21733359e-01,  8.21733359e-01, ...,
          0.00000000e+00, -5.06396920e-02, -1.25098783e-01],
        [ 8.46370206e-01,  8.49537216e-01,  8.49537216e-01, ...,
          5.06396920e-02,  0.00000000e+00, -7.46963981e-02],
        [ 8.83788651e-01,  8.86568376e-01,  8.86568376e-01, ...,
          1.25098783e-01,  7.46963981e-02,  0.00000000e+00]],

       ...,

       [[ 0.00000000e+00, -5.65734912e-02,  2.61178337e-03, ...,
          9.98994646e-01,  8.41383997e-01,  5.45076400e-01],
        [ 5.65734912e-02,  0.00000000e+00,  5.91808987e-02, ...,
          9.99930863e-01,  8.70610918e-01,  5.91633870e-01],
        [-2.61178337e-03, -5.91808987e-02,  0.00000000e+00, ...,
          9.98874153e-01,  8.39969621e-01,  5.42884857e-01],
        ...,
        [-9.98994646e-01, -9.99930863e-01, -9.98874153e-01, ...,
          0.00000000e+00, -5.02175479e-01, -8.13107920e-01],
        [-8.41383997e-01, -8.70610918e-01, -8.39969621e-01, ...,
          5.02175479e-01,  0.00000000e+00, -4.10825014e-01],
        [-5.45076400e-01, -5.91633870e-01, -5.42884857e-01, ...,
          8.13107920e-01,  4.10825014e-01,  0.00000000e+00]],

       [[ 0.00000000e+00,  6.24678884e-03,  1.88893975e-03, ...,
         -6.69582779e-01, -6.52867224e-01, -6.59951986e-01],
        [-6.24678884e-03,  0.00000000e+00, -4.35787480e-03, ...,
         -6.64929991e-01, -6.48122716e-01, -6.55245848e-01],
        [-1.88893975e-03,  4.35787480e-03,  0.00000000e+00, ...,
         -6.68178599e-01, -6.51435240e-01, -6.58531633e-01],
        ...,
        [ 6.69582779e-01,  6.64929991e-01,  6.68178599e-01, ...,
          0.00000000e+00, -2.22815239e-02, -1.28917028e-02],
        [ 6.52867224e-01,  6.48122716e-01,  6.51435240e-01, ...,
          2.22815239e-02,  0.00000000e+00,  9.39117002e-03],
        [ 6.59951986e-01,  6.55245848e-01,  6.58531633e-01, ...,
          1.28917028e-02, -9.39117002e-03,  0.00000000e+00]],

       [[ 0.00000000e+00, -1.29306295e-01, -1.81552835e-01, ...,
         -3.16402058e-01, -3.16034131e-01, -3.21369746e-01],
        [ 1.29306295e-01,  0.00000000e+00, -5.28712663e-02, ...,
         -4.36408975e-01, -4.36059995e-01, -4.41118837e-01],
        [ 1.81552835e-01,  5.28712663e-02,  0.00000000e+00, ...,
         -4.83369424e-01, -4.83029877e-01, -4.87951109e-01],
        ...,
        [ 3.16402058e-01,  4.36408975e-01,  4.83369424e-01, ...,
          0.00000000e+00, -3.87827576e-04,  5.24130513e-03],
        [ 3.16034131e-01,  4.36059995e-01,  4.83029877e-01, ...,
          3.87827576e-04,  0.00000000e+00,  5.62912698e-03],
        [ 3.21369746e-01,  4.41118837e-01,  4.87951109e-01, ...,
         -5.24130513e-03, -5.62912698e-03,  0.00000000e+00]]]), 'num': array([ 9.98964384e-01,  1.73148123e-05,  1.77432880e-04, -4.02463159e-08,
        1.23708621e-04,  1.23708621e-04,  1.22609965e-04,  4.54973061e-02,
        1.09865560e-06,  1.23796513e-04,  1.21961758e-04,  1.28198460e-04,
        1.45571867e-06,  1.30842240e-04,  1.13081277e-04])}
{'img': array([[[ 0.        ,  0.07304616,  0.05441318, ..., -0.7228456 ,
         -0.7721996 , -0.7228456 ],
        [-0.07304616,  0.        , -0.01867012, ..., -0.77139016,
         -0.81654878, -0.77139016],
        [-0.05441318,  0.01867012,  0.        , ..., -0.75937474,
         -0.80562864, -0.75937474],
        ...,
        [ 0.7228456 ,  0.77139016,  0.75937474, ...,  0.        ,
         -0.07431565,  0.        ],
        [ 0.7721996 ,  0.81654878,  0.80562864, ...,  0.07431565,
          0.        ,  0.07431565],
        [ 0.7228456 ,  0.77139016,  0.75937474, ...,  0.        ,
         -0.07431565,  0.        ]],

       [[ 0.        , -0.04976643,  0.03054446, ..., -0.16694398,
         -0.37438565, -0.21317699],
        [ 0.04976643,  0.        ,  0.08024982, ..., -0.11766908,
         -0.32777467, -0.16429035],
        [-0.03054446, -0.08024982,  0.        , ..., -0.19698189,
         -0.40253402, -0.24291987],
        ...,
        [ 0.16694398,  0.11766908,  0.19698189, ...,  0.        ,
         -0.21432901, -0.04707881],
        [ 0.37438565,  0.32777467,  0.40253402, ...,  0.21432901,
          0.        ,  0.16810658],
        [ 0.21317699,  0.16429035,  0.24291987, ...,  0.04707881,
         -0.16810658,  0.        ]],

       [[ 0.        ,  0.        ,  0.03053144, ..., -0.84953722,
         -0.88656838, -0.91593692],
        [ 0.        ,  0.        ,  0.03053144, ..., -0.84953722,
         -0.88656838, -0.91593692],
        [-0.03053144, -0.03053144,  0.        , ..., -0.86524738,
         -0.90027883, -0.92776287],
        ...,
        [ 0.84953722,  0.84953722,  0.86524738, ...,  0.        ,
         -0.0746964 , -0.14224481],
        [ 0.88656838,  0.88656838,  0.90027883, ...,  0.0746964 ,
          0.        , -0.06791058],
        [ 0.91593692,  0.91593692,  0.92776287, ...,  0.14224481,
          0.06791058,  0.        ]],

       ...,

       [[ 0.        ,  0.0591809 ,  0.0591809 , ...,  0.87061092,
          0.59163387,  0.6510985 ],
        [-0.0591809 ,  0.        ,  0.        , ...,  0.83996962,
          0.54288486,  0.6050394 ],
        [-0.0591809 ,  0.        ,  0.        , ...,  0.83996962,
          0.54288486,  0.6050394 ],
        ...,
        [-0.87061092, -0.83996962, -0.83996962, ...,  0.        ,
         -0.41082501, -0.34046546],
        [-0.59163387, -0.54288486, -0.54288486, ...,  0.41082501,
          0.        ,  0.07587391],
        [-0.6510985 , -0.6050394 , -0.6050394 , ...,  0.34046546,
         -0.07587391,  0.        ]],

       [[ 0.        , -0.00435787, -0.03589931, ..., -0.64812272,
         -0.65524585, -0.67652963],
        [ 0.00435787,  0.        , -0.03154391, ..., -0.65143524,
         -0.65853163, -0.67973241],
        [ 0.03589931,  0.03154391,  0.        , ..., -0.67504356,
         -0.68194239, -0.70253035],
        ...,
        [ 0.64812272,  0.65143524,  0.67504356, ...,  0.        ,
