state_0,state_1,state_2,state_3,state_4,state_5,state_6,state_7,state_8,state_9,state_10,state_11,state_12,state_13,state_14,state_15,state_16,state_17,state_18,state_19,state_20,state_21,state_22,state_23,state_24,state_25,state_26,state_27,state_28,state_29,state_30,state_31,state_32,state_33,state_34,state_35,state_36,state_37,state_38,state_39,state_40,state_41,state_42,state_43,state_44,state_45,state_46,state_47,state_48,state_49,state_50,state_51,state_52,state_53,state_54,state_55,state_56,state_57,state_58,state_59,state_60,state_61,state_62,state_63,state_64,state_65,state_66,state_67,state_68,state_69,state_70,state_71,state_72,state_73,state_74,state_75,state_76,state_77,state_78,state_79,state_80,state_81,state_82,state_83,state_84,state_85,state_86,state_87,state_88,state_89,state_90,state_91,state_92,state_93,state_94,state_95,state_96,state_97,state_98,state_99,state_100,state_101,state_102,state_103,state_104,state_105,state_106,state_107,state_108,state_109,state_110,state_111,state_112,state_113,state_114,state_115,state_116,state_117,state_118,state_119,state_120,state_121,state_122,state_123,state_124,state_125,state_126,state_127,state_128,state_129,state_130,state_131,state_132,state_133,state_134,state_135,state_136,state_137,state_138,state_139,state_140,state_141,state_142,state_143,state_144,state_145,state_146,state_147,state_148,state_149,state_150,state_151,state_152,state_153,state_154,state_155,state_156,state_157,state_158,state_159,state_160,state_161,state_162,state_163,state_164,state_165,state_166,state_167,state_168,state_169,state_170,state_171,state_172,state_173,state_174,state_175,state_176,state_177,state_178,state_179,state_180,state_181,state_182,state_183,state_184,state_185,state_186,state_187,state_188,state_189,state_190,state_191,state_192,state_193,state_194,state_195,state_196,state_197,state_198,state_199,state_200,state_201,state_202,state_203,state_204,state_205,state_206,state_207,state_208,state_209,state_210,state_211,state_212,state_213,state_214,state_215,state_216,state_217,state_218,state_219,state_220,state_221,state_222,state_223,state_224,state_225,state_226,state_227,state_228,state_229,state_230,state_231,state_232,state_233,state_234,state_235,state_236,state_237,state_238,state_239,state_240,state_241,state_242,state_243,state_244,state_245,state_246,state_247,state_248,state_249,state_250,state_251,state_252,state_253,state_254,state_255,state_256,state_257,state_258,state_259,state_260,state_261,state_262,state_263,state_264,state_265,state_266,state_267,state_268,state_269,state_270,state_271,state_272,state_273,state_274,state_275,state_276,state_277,state_278,state_279,state_280,state_281,state_282,state_283,state_284,state_285,state_286,state_287
{'img': array([[[ 0.00000000e+00, -6.31616599e-01, -9.09487926e-01, ...,
         -7.86195761e-01, -8.75539764e-01, -9.45423999e-01],
        [ 6.31616599e-01,  0.00000000e+00, -4.42526435e-01, ...,
         -9.99847421e-01, -9.83952331e-01, -9.38776823e-01],
        [ 9.09487926e-01,  4.42526435e-01,  0.00000000e+00, ...,
         -8.88888529e-01, -8.03403956e-01, -6.89391436e-01],
        ...,
        [ 7.86195761e-01,  9.99847421e-01,  8.88888529e-01, ...,
          0.00000000e+00,  1.61216509e-01,  3.28074639e-01],
        [ 8.75539764e-01,  9.83952331e-01,  8.03403956e-01, ...,
         -1.61216509e-01,  0.00000000e+00,  1.71489649e-01],
        [ 9.45423999e-01,  9.38776823e-01,  6.89391436e-01, ...,
         -3.28074639e-01, -1.71489649e-01,  0.00000000e+00]],

       [[ 0.00000000e+00,  1.52753533e-01, -1.73527001e-01, ...,
         -3.28190321e-01, -4.58392176e-01, -3.68393267e-01],
        [-1.52753533e-01,  0.00000000e+00, -3.21926669e-01, ...,
         -4.68631545e-01, -5.88772337e-01, -5.06080304e-01],
        [ 1.73527001e-01,  3.21926669e-01,  0.00000000e+00, ...,
         -1.59295760e-01, -2.97215832e-01, -2.01481558e-01],
        ...,
        [ 3.28190321e-01,  4.68631545e-01,  1.59295760e-01, ...,
          0.00000000e+00, -1.41323420e-01, -4.28798489e-02],
        [ 4.58392176e-01,  5.88772337e-01,  2.97215832e-01, ...,
          1.41323420e-01,  0.00000000e+00,  9.87439511e-02],
        [ 3.68393267e-01,  5.06080304e-01,  2.01481558e-01, ...,
          4.28798489e-02, -9.87439511e-02,  0.00000000e+00]],

       [[ 0.00000000e+00,  1.28542783e-01, -3.60289441e-02, ...,
         -9.70851972e-01, -9.75838977e-01, -9.88726643e-01],
        [-1.28542783e-01,  0.00000000e+00, -1.64189373e-01, ...,
         -9.31988629e-01, -9.39657949e-01, -9.61277184e-01],
        [ 3.60289441e-02,  1.64189373e-01,  0.00000000e+00, ...,
         -9.78857056e-01, -9.83077408e-01, -9.93479389e-01],
        ...,
        [ 9.70851972e-01,  9.31988629e-01,  9.78857056e-01, ...,
          0.00000000e+00,  2.17666170e-02,  9.16104352e-02],
        [ 9.75838977e-01,  9.39657949e-01,  9.83077408e-01, ...,
         -2.17666170e-02,  0.00000000e+00,  6.99136441e-02],
        [ 9.88726643e-01,  9.61277184e-01,  9.93479389e-01, ...,
         -9.16104352e-02, -6.99136441e-02,  0.00000000e+00]],

       ...,

       [[ 0.00000000e+00, -3.88701215e-02, -7.55667229e-02, ...,
         -7.80038215e-01, -3.98421873e-01, -1.77842385e-01],
        [ 3.88701215e-02,  0.00000000e+00, -3.67506330e-02, ...,
         -7.55126444e-01, -3.62469011e-01, -1.39457492e-01],
        [ 7.55667229e-02,  3.67506330e-02,  0.00000000e+00, ...,
         -7.30523381e-01, -3.27972715e-01, -1.02971776e-01],
        ...,
        [ 7.80038215e-01,  7.55126444e-01,  7.30523381e-01, ...,
          0.00000000e+00,  4.66147557e-01,  6.56321965e-01],
        [ 3.98421873e-01,  3.62469011e-01,  3.27972715e-01, ...,
         -4.66147557e-01,  0.00000000e+00,  2.28953185e-01],
        [ 1.77842385e-01,  1.39457492e-01,  1.02971776e-01, ...,
         -6.56321965e-01, -2.28953185e-01,  0.00000000e+00]],

       [[ 0.00000000e+00,  7.13000813e-02,  9.28906540e-03, ...,
         -9.70211747e-01, -8.91578315e-01, -6.54584648e-01],
        [-7.13000813e-02,  0.00000000e+00, -6.20315812e-02, ...,
         -9.50469423e-01, -8.57019747e-01, -5.99016614e-01],
        [-9.28906540e-03,  6.20315812e-02,  0.00000000e+00, ...,
         -9.67919533e-01, -8.87333142e-01, -6.47533977e-01],
        ...,
        [ 9.70211747e-01,  9.50469423e-01,  9.67919533e-01, ...,
          0.00000000e+00, -2.23384043e-01, -5.74890458e-01],
        [ 8.91578315e-01,  8.57019747e-01,  8.87333142e-01, ...,
          2.23384043e-01,  0.00000000e+00, -3.77583658e-01],
        [ 6.54584648e-01,  5.99016614e-01,  6.47533977e-01, ...,
          5.74890458e-01,  3.77583658e-01,  0.00000000e+00]],

       [[ 0.00000000e+00, -1.05374970e-02, -1.11967211e-02, ...,
         -9.97029234e-01, -9.85587821e-01, -9.63846114e-01],
        [ 1.05374970e-02,  0.00000000e+00, -6.59262969e-04, ...,
         -9.97785519e-01, -9.83750529e-01, -9.60984785e-01],
        [ 1.11967211e-02,  6.59262969e-04,  0.00000000e+00, ...,
         -9.97829152e-01, -9.83631950e-01, -9.60802223e-01],
        ...,
        [ 9.97029234e-01,  9.97785519e-01,  9.97829152e-01, ...,
          0.00000000e+00,  2.44575987e-01,  3.39907258e-01],
        [ 9.85587821e-01,  9.83750529e-01,  9.83631950e-01, ...,
         -2.44575987e-01,  0.00000000e+00,  9.95706398e-02],
        [ 9.63846114e-01,  9.60984785e-01,  9.60802223e-01, ...,
         -3.39907258e-01, -9.95706398e-02,  0.00000000e+00]]]), 'num': array([7.06983668e-01, 7.06983668e-01, 0.00000000e+00, 0.00000000e+00,
       6.62797188e-03, 6.67215836e-03, 6.55432775e-03, 6.73932181e-04,
       0.00000000e+00, 6.54254469e-03, 6.47184632e-03, 6.90634670e-03,
       1.77455740e-06, 6.76307511e-03, 6.18061753e-03])}
{'img': array([[[ 0.00000000e+00, -4.86775194e-01, -3.63216230e-01, ...,
         -9.95503199e-01, -9.63368462e-01, -9.63368462e-01],
        [ 4.86775194e-01,  0.00000000e+00,  1.36251535e-01, ...,
         -8.23487996e-01, -7.10984632e-01, -7.10984632e-01],
        [ 3.63216230e-01, -1.36251535e-01,  0.00000000e+00, ...,
         -8.93108460e-01, -8.00167293e-01, -8.00167293e-01],
        ...,
        [ 9.95503199e-01,  8.23487996e-01,  8.93108460e-01, ...,
          0.00000000e+00,  1.75717435e-01,  1.75717435e-01],
        [ 9.63368462e-01,  7.10984632e-01,  8.00167293e-01, ...,
         -1.75717435e-01,  0.00000000e+00,  0.00000000e+00],
        [ 9.63368462e-01,  7.10984632e-01,  8.00167293e-01, ...,
         -1.75717435e-01,  0.00000000e+00,  0.00000000e+00]],

       [[ 0.00000000e+00, -3.21926669e-01, -3.40387334e-01, ...,
         -5.88772337e-01, -5.06080304e-01, -5.62373605e-01],
        [ 3.21926669e-01,  0.00000000e+00, -1.95637619e-02, ...,
         -2.97215832e-01, -2.01481558e-01, -2.66239651e-01],
        [ 3.40387334e-01,  1.95637619e-02,  0.00000000e+00, ...,
         -2.78479267e-01, -1.82280442e-01, -2.47331051e-01],
        ...,
        [ 5.88772337e-01,  2.97215832e-01,  2.78479267e-01, ...,
          0.00000000e+00,  9.87439511e-02,  3.22800157e-02],
        [ 5.06080304e-01,  2.01481558e-01,  1.82280442e-01, ...,
         -9.87439511e-02,  0.00000000e+00, -6.65702329e-02],
        [ 5.62373605e-01,  2.66239651e-01,  2.47331051e-01, ...,
         -3.22800157e-02,  6.65702329e-02,  0.00000000e+00]],

       [[ 0.00000000e+00, -1.64189373e-01, -1.52597542e-01, ...,
         -9.39657949e-01, -9.61277184e-01, -9.77500771e-01],
        [ 1.64189373e-01,  0.00000000e+00,  1.17398391e-02, ...,
         -9.83077408e-01, -9.93479389e-01, -9.98867716e-01],
        [ 1.52597542e-01, -1.17398391e-02,  0.00000000e+00, ...,
         -9.80859032e-01, -9.92072444e-01, -9.98240368e-01],
        ...,
        [ 9.39657949e-01,  9.83077408e-01,  9.80859032e-01, ...,
          0.00000000e+00,  6.99136441e-02,  1.36214273e-01],
        [ 9.61277184e-01,  9.93479389e-01,  9.92072444e-01, ...,
         -6.99136441e-02,  0.00000000e+00,  6.66189565e-02],
        [ 9.77500771e-01,  9.98867716e-01,  9.98240368e-01, ...,
         -1.36214273e-01, -6.66189565e-02,  0.00000000e+00]],

       ...,

       [[ 0.00000000e+00, -3.67506330e-02,  1.65054714e-01, ...,
         -3.62469011e-01, -1.39457492e-01, -5.71870334e-02],
        [ 3.67506330e-02,  0.00000000e+00,  2.01189791e-01, ...,
         -3.27972715e-01, -1.02971776e-01, -2.04579117e-02],
        [-1.65054714e-01, -2.01189791e-01,  0.00000000e+00, ...,
         -5.11327840e-01, -3.00986560e-01, -2.21187279e-01],
        ...,
        [ 3.62469011e-01,  3.27972715e-01,  5.11327840e-01, ...,
          0.00000000e+00,  2.28953185e-01,  3.08577748e-01],
        [ 1.39457492e-01,  1.02971776e-01,  3.00986560e-01, ...,
         -2.28953185e-01,  0.00000000e+00,  8.26010623e-02],
        [ 5.71870334e-02,  2.04579117e-02,  2.21187279e-01, ...,
         -3.08577748e-01, -8.26010623e-02,  0.00000000e+00]],

       [[ 0.00000000e+00, -6.06801122e-02, -7.79878002e-02, ...,
         -9.25022086e-01, -8.54679214e-01, -5.88589074e-01],
        [ 6.06801122e-02,  0.00000000e+00, -1.73487897e-02, ...,
         -9.46370698e-01, -8.84606739e-01, -6.36560227e-01],
        [ 7.79878002e-02,  1.73487897e-02,  0.00000000e+00, ...,
         -9.51833363e-01, -8.92564000e-01, -6.49844278e-01],
        ...,
        [ 9.25022086e-01,  9.46370698e-01,  9.51833363e-01, ...,
          0.00000000e+00, -1.55527172e-01, -5.24204963e-01],
        [ 8.54679214e-01,  8.84606739e-01,  8.92564000e-01, ...,
          1.55527172e-01,  0.00000000e+00, -3.85380519e-01],
        [ 5.88589074e-01,  6.36560227e-01,  6.49844278e-01, ...,
          5.24204963e-01,  3.85380519e-01,  0.00000000e+00]],

       [[ 0.00000000e+00, -6.59262969e-04,  5.23984304e-05, ...,
         -9.83750529e-01, -9.60984785e-01, -9.32104946e-01],
        [ 6.59262969e-04,  0.00000000e+00,  7.11661387e-04, ...,
         -9.83631950e-01, -9.60802223e-01, -9.31865966e-01],
        [-5.23984304e-05, -7.11661387e-04,  0.00000000e+00, ...,
         -9.83759935e-01, -9.60999277e-01, -9.32123923e-01],
        ...,
        [ 9.83750529e-01,  9.83631950e-01,  9.83759935e-01, ...,
          0.00000000e+00,  9.95706398e-02,  1.88952076e-01],
        [ 9.60984785e-01,  9.60802223e-01,  9.60999277e-01, ...,
         -9.95706398e-02,  0.00000000e+00,  9.02360723e-02],
        [ 9.32104946e-01,  9.31865966e-01,  9.32123923e-01, ...,
         -1.88952076e-01, -9.02360723e-02,  0.00000000e+00]]]), 'num': array([ 7.06985161e-01,  7.06985161e-01,  0.00000000e+00,  0.00000000e+00,
        6.45123959e-03,  6.65744360e-03,  6.45123959e-03,  9.53340032e-04,
       -1.76746290e-04,  6.53372120e-03,  6.45860402e-03,  6.89138695e-03,
        1.26780039e-06,  6.72738045e-03,  6.18982759e-03])}
{'img': array([[[ 0.00000000e+00,  1.36251535e-01,  3.48105559e-01, ...,
         -7.10984632e-01, -7.10984632e-01, -8.93108460e-01],
        [-1.36251535e-01,  0.00000000e+00,  2.17129493e-01, ...,
         -8.00167293e-01, -8.00167293e-01, -9.46071157e-01],
        [-3.48105559e-01, -2.17129493e-01,  0.00000000e+00, ...,
         -9.11306798e-01, -9.11306798e-01, -9.93841587e-01],
        ...,
        [ 7.10984632e-01,  8.00167293e-01,  9.11306798e-01, ...,
          0.00000000e+00,  0.00000000e+00, -3.08210291e-01],
        [ 7.10984632e-01,  8.00167293e-01,  9.11306798e-01, ...,
          0.00000000e+00,  0.00000000e+00, -3.08210291e-01],
        [ 8.93108460e-01,  9.46071157e-01,  9.93841587e-01, ...,
          3.08210291e-01,  3.08210291e-01,  0.00000000e+00]],

       [[ 0.00000000e+00, -1.95637619e-02,  2.19445747e-02, ...,
         -2.01481558e-01, -2.66239651e-01, -1.11649431e-01],
        [ 1.95637619e-02,  0.00000000e+00,  4.14994255e-02, ...,
         -1.82280442e-01, -2.47331051e-01, -9.21866203e-02],
        [-2.19445747e-02, -4.14994255e-02,  0.00000000e+00, ...,
         -2.22927581e-01, -2.87328063e-01, -1.33429915e-01],
        ...,
        [ 2.01481558e-01,  1.82280442e-01,  2.22927581e-01, ...,
          0.00000000e+00, -6.65702329e-02,  9.08620665e-02],
        [ 2.66239651e-01,  2.47331051e-01,  2.87328063e-01, ...,
          6.65702329e-02,  0.00000000e+00,  1.56955375e-01],
        [ 1.11649431e-01,  9.21866203e-02,  1.33429915e-01, ...,
         -9.08620665e-02, -1.56955375e-01,  0.00000000e+00]],

       [[ 0.00000000e+00,  1.17398391e-02,  2.37432280e-02, ...,
         -9.93479389e-01, -9.98867716e-01, -9.97736838e-01],
        [-1.17398391e-02,  0.00000000e+00,  1.20050623e-02, ...,
         -9.92072444e-01, -9.98240368e-01, -9.96878695e-01],
        [-2.37432280e-02, -1.20050623e-02,  0.00000000e+00, ...,
         -9.90492308e-01, -9.97456564e-01, -9.95859074e-01],
        ...,
        [ 9.93479389e-01,  9.92072444e-01,  9.90492308e-01, ...,
          0.00000000e+00,  6.66189565e-02,  4.69523917e-02],
        [ 9.98867716e-01,  9.98240368e-01,  9.97456564e-01, ...,
         -6.66189565e-02,  0.00000000e+00, -1.96973979e-02],
        [ 9.97736838e-01,  9.96878695e-01,  9.95859074e-01, ...,
         -4.69523917e-02,  1.96973979e-02,  0.00000000e+00]],

       ...,

       [[ 0.00000000e+00,  2.01189791e-01,  3.34665694e-01, ...,
         -1.02971776e-01, -2.04579117e-02, -7.61419164e-01],
        [-2.01189791e-01,  0.00000000e+00,  1.38233975e-01, ...,
         -3.00986560e-01, -2.21187279e-01, -8.76273145e-01],
        [-3.34665694e-01, -1.38233975e-01,  0.00000000e+00, ...,
         -4.29920810e-01, -3.53873899e-01, -9.34463729e-01],
        ...,
        [ 1.02971776e-01,  3.00986560e-01,  4.29920810e-01, ...,
          0.00000000e+00,  8.26010623e-02, -6.90619202e-01],
        [ 2.04579117e-02,  2.21187279e-01,  3.53873899e-01, ...,
         -8.26010623e-02,  0.00000000e+00, -7.47997767e-01],
        [ 7.61419164e-01,  8.76273145e-01,  9.34463729e-01, ...,
          6.90619202e-01,  7.47997767e-01,  0.00000000e+00]],

       [[ 0.00000000e+00, -1.69519092e-02, -2.46898121e-02, ...,
         -9.45343404e-01, -8.81456323e-01, -6.25266251e-01],
        [ 1.69519092e-02,  0.00000000e+00, -7.73952273e-03, ...,
         -9.50735182e-01, -8.89335466e-01, -6.38405869e-01],
        [ 2.46898121e-02,  7.73952273e-03,  0.00000000e+00, ...,
         -9.53105992e-01, -8.92847767e-01, -6.44343859e-01],
        ...,
        [ 9.45343404e-01,  9.50735182e-01,  9.53105992e-01, ...,
          0.00000000e+00, -1.59030980e-01, -5.33872271e-01],
        [ 8.81456323e-01,  8.89335466e-01,  8.92847767e-01, ...,
          1.59030980e-01,  0.00000000e+00, -3.92606943e-01],
        [ 6.25266251e-01,  6.38405869e-01,  6.44343859e-01, ...,
          5.33872271e-01,  3.92606943e-01,  0.00000000e+00]],

       [[ 0.00000000e+00,  7.11661387e-04,  2.22695214e-03, ...,
         -9.60802223e-01, -9.31865966e-01, -9.15507597e-01],
        [-7.11661387e-04,  0.00000000e+00,  1.51529195e-03, ...,
         -9.60999277e-01, -9.32123923e-01, -9.15793667e-01],
        [-2.22695214e-03, -1.51529195e-03,  0.00000000e+00, ...,
         -9.61417229e-01, -9.32671599e-01, -9.16401231e-01],
        ...,
        [ 9.60802223e-01,  9.60999277e-01,  9.61417229e-01, ...,
          0.00000000e+00,  9.02360723e-02,  1.32720901e-01],
        [ 9.31865966e-01,  9.32123923e-01,  9.32671599e-01, ...,
         -9.02360723e-02,  0.00000000e+00,  4.27416589e-02],
        [ 9.15507597e-01,  9.15793667e-01,  9.16401231e-01, ...,
         -1.32720901e-01, -4.27416589e-02,  0.00000000e+00]]]), 'num': array([ 9.14688613e-01,  4.03458761e-01,  2.31325725e-06, -2.99585775e-10,
        8.38081725e-03,  8.39977837e-03,  8.21016712e-03,  9.41799078e-04,
        7.58445000e-05,  8.43011617e-03,  8.30497275e-03,  8.85863760e-03,
        1.84749423e-06,  8.63229251e-03,  7.97765298e-03])}
{'img': array([[[ 0.        ,  0.21712949,  0.40386629, ..., -0.80016729,
         -0.94607116, -0.9046961 ],
        [-0.21712949,  0.        ,  0.1955972 , ..., -0.9113068 ,
         -0.99384159, -0.97562223],
        [-0.40386629, -0.1955972 ,  0.        , ..., -0.97423712,
         -0.99631903, -0.99970255],
        ...,
        [ 0.80016729,  0.9113068 ,  0.97423712, ...,  0.        ,
         -0.30821029, -0.20169855],
        [ 0.94607116,  0.99384159,  0.99631903, ...,  0.30821029,
          0.        ,  0.10999633],
        [ 0.9046961 ,  0.97562223,  0.99970255, ...,  0.20169855,
         -0.10999633,  0.        ]],

       [[ 0.        ,  0.04149943,  0.08692041, ..., -0.24733105,
         -0.09218662, -0.20887646],
        [-0.04149943,  0.        ,  0.04550317, ..., -0.28732806,
         -0.13342991, -0.24928055],
        [-0.08692041, -0.04550317,  0.        , ..., -0.33061485,
         -0.178388  , -0.29308904],
        ...,
        [ 0.24733105,  0.28732806,  0.33061485, ...,  0.        ,
          0.15695538,  0.03948854],
        [ 0.09218662,  0.13342991,  0.178388  , ..., -0.15695538,
          0.        , -0.11783384],
        [ 0.20887646,  0.24928055,  0.29308904, ..., -0.03948854,
          0.11783384,  0.        ]],

       [[ 0.        ,  0.01200506, -0.08770607, ..., -0.99824037,
         -0.99687869, -0.99892693],
        [-0.01200506,  0.        , -0.09965855, ..., -0.99745656,
         -0.99585907, -0.99829894],
        [ 0.08770607,  0.09965855,  0.        , ..., -0.99959428,
         -0.99996138, -0.99913948],
        ...,
        [ 0.99824037,  0.99745656,  0.99959428, ...,  0.        ,
         -0.0196974 ,  0.0130011 ],
        [ 0.99687869,  0.99585907,  0.99996138, ...,  0.0196974 ,
          0.        ,  0.03269431],
        [ 0.99892693,  0.99829894,  0.99913948, ..., -0.0130011 ,
         -0.03269431,  0.        ]],

       ...,

       [[ 0.        ,  0.13823398,  0.5936824 , ..., -0.22118728,
         -0.87627314, -0.72279076],
        [-0.13823398,  0.        ,  0.47674601, ..., -0.3538739 ,
         -0.93446373, -0.81138061],
        [-0.5936824 , -0.47674601,  0.        , ..., -0.75696697,
         -0.99118141, -0.99190361],
        ...,
        [ 0.22118728,  0.3538739 ,  0.75696697, ...,  0.        ,
         -0.74799777, -0.552033  ],
        [ 0.87627314,  0.93446373,  0.99118141, ...,  0.74799777,
          0.        ,  0.25731221],
        [ 0.72279076,  0.81138061,  0.99190361, ...,  0.552033  ,
         -0.25731221,  0.        ]],

       [[ 0.        , -0.00763398,  0.04201221, ..., -0.92908604,
         -0.8386912 , -0.63167977],
        [ 0.00763398,  0.        ,  0.04963823, ..., -0.9318825 ,
         -0.84282429, -0.63757945],
        [-0.04201221, -0.04963823,  0.        , ..., -0.91272696,
         -0.81507057, -0.59855296],
        ...,
        [ 0.92908604,  0.9318825 ,  0.91272696, ...,  0.        ,
         -0.19578559, -0.48661944],
        [ 0.8386912 ,  0.84282429,  0.81507057, ...,  0.19578559,
          0.        , -0.30616071],
        [ 0.63167977,  0.63757945,  0.59855296, ...,  0.48661944,
          0.30616071,  0.        ]],

       [[ 0.        ,  0.00151529, -0.00910471, ..., -0.93212392,
         -0.91579367, -0.90292211],
        [-0.00151529,  0.        , -0.01061993, ..., -0.9326716 ,
         -0.91640123, -0.90357235],
        [ 0.00910471,  0.01061993,  0.        , ..., -0.92878811,
         -0.91209881, -0.89897144],
        ...,
        [ 0.93212392,  0.9326716 ,  0.92878811, ...,  0.        ,
          0.04274166,  0.07364707],
        [ 0.91579367,  0.91640123,  0.91209881, ..., -0.04274166,
          0.        ,  0.03095418],
        [ 0.90292211,  0.90357235,  0.89897144, ..., -0.07364707,
         -0.03095418,  0.        ]]]), 'num': array([ 9.73288759e-01,  2.28149055e-01,  3.44972085e-06,  2.04284734e-08,
        8.87071077e-03,  9.07605129e-03,  8.87071077e-03,  9.64320183e-04,
       -2.05340527e-04,  9.08426491e-03,  8.97851454e-03,  9.57434430e-03,
        2.26172175e-06,  9.32623191e-03,  8.63079717e-03])}
{'img': array([[[ 0.        ,  0.1955972 ,  0.03551851, ..., -0.99384159,
         -0.97562223, -0.99728812],
        [-0.1955972 ,  0.        , -0.16064134, ..., -0.99631903,
         -0.99970255, -0.9636296 ],
        [-0.03551851,  0.16064134,  0.        , ..., -0.9971503 ,
         -0.98280141, -0.99404482],
        ...,
        [ 0.99384159,  0.99631903,  0.9971503 , ...,  0.        ,
          0.10999633, -0.18365269],
        [ 0.97562223,  0.99970255,  0.98280141, ..., -0.10999633,
          0.        , -0.29066371],
        [ 0.99728812,  0.9636296 ,  0.99404482, ...,  0.18365269,
          0.29066371,  0.        ]],

       [[ 0.        ,  0.04550317, -0.19040447, ..., -0.13342991,
         -0.24928055, -0.27504371],
        [-0.04550317,  0.        , -0.23487797, ..., -0.178388  ,
         -0.29308904, -0.31850701],
        [ 0.19040447,  0.23487797,  0.        , ...,  0.05771301,
         -0.0603265 , -0.08695109],
        ...,
        [ 0.13342991,  0.178388  , -0.05771301, ...,  0.        ,
         -0.11783384, -0.14430058],
        [ 0.24928055,  0.29308904,  0.0603265 , ...,  0.11783384,
          0.        , -0.02669471],
        [ 0.27504371,  0.31850701,  0.08695109, ...,  0.14430058,
          0.02669471,  0.        ]],

       [[ 0.        , -0.09965855, -0.12943981, ..., -0.99585907,
         -0.99829894, -0.99140518],
        [ 0.09965855,  0.        , -0.02997526, ..., -0.99996138,
         -0.99913948, -0.99950772],
        [ 0.12943981,  0.02997526,  0.        , ..., -0.99924862,
         -0.99744725, -0.99999902],
        ...,
        [ 0.99585907,  0.99996138,  0.99924862, ...,  0.        ,
          0.03269431, -0.04015646],
        [ 0.99829894,  0.99913948,  0.99744725, ..., -0.03269431,
          0.        , -0.07280293],
        [ 0.99140518,  0.99950772,  0.99999902, ...,  0.04015646,
          0.07280293,  0.        ]],

       ...,

       [[ 0.        ,  0.47674601, -0.24490879, ..., -0.93446373,
         -0.81138061, -0.59988471],
        [-0.47674601,  0.        , -0.67751213, ..., -0.99118141,
         -0.99190361, -0.90876133],
        [ 0.24490879,  0.67751213,  0.        , ..., -0.81880387,
         -0.64351729, -0.38566769],
        ...,
        [ 0.93446373,  0.99118141,  0.81880387, ...,  0.        ,
          0.25731221,  0.53405782],
        [ 0.81138061,  0.99190361,  0.64351729, ..., -0.25731221,
          0.        ,  0.29853112],
        [ 0.59988471,  0.90876133,  0.38566769, ..., -0.53405782,
         -0.29853112,  0.        ]],

       [[ 0.        ,  0.0491609 ,  0.1167677 , ..., -0.88737567,
         -0.81210174, -0.63279415],
        [-0.0491609 ,  0.        ,  0.06780191, ..., -0.86363723,
         -0.78243364, -0.59396275],
        [-0.1167677 , -0.06780191,  0.        , ..., -0.82746995,
         -0.73841055, -0.53804979],
        ...,
        [ 0.88737567,  0.86363723,  0.82746995, ...,  0.        ,
         -0.14338063, -0.39536489],
        [ 0.81210174,  0.78243364,  0.73841055, ...,  0.14338063,
          0.        , -0.25958126],
        [ 0.63279415,  0.59396275,  0.53804979, ...,  0.39536489,
          0.25958126,  0.        ]],

       [[ 0.        , -0.01061993, -0.01393893, ..., -0.91640123,
         -0.90357235, -0.91470289],
        [ 0.01061993,  0.        , -0.00331925, ..., -0.91209881,
         -0.89897144, -0.9103595 ],
        [ 0.01393893,  0.00331925,  0.        , ..., -0.91073299,
         -0.89751263, -0.90898092],
        ...,
        [ 0.91640123,  0.91209881,  0.91073299, ...,  0.        ,
          0.03095418,  0.00422268],
        [ 0.90357235,  0.89897144,  0.89751263, ..., -0.03095418,
          0.        , -0.02673324],
        [ 0.91470289,  0.9103595 ,  0.90898092, ..., -0.00422268,
          0.02673324,  0.        ]]]), 'num': array([ 9.97741304e-01,  6.17510129e-02,  4.38402946e-06, -5.34168807e-08,
        9.08728437e-03,  9.34266473e-03,  9.06600268e-03,  1.65052325e-03,
       -1.06408482e-04,  9.31712670e-03,  9.29584500e-03,  9.89882640e-03,
        2.34407091e-06,  9.66851175e-03,  8.92317825e-03])}
{'img': array([[[ 0.        , -0.16064134, -0.22898821, ..., -0.99970255,
         -0.9636296 , -0.89713938],
        [ 0.16064134,  0.        , -0.06964134, ..., -0.98280141,
         -0.99404482, -0.95645102],
        [ 0.22898821,  0.06964134,  0.        , ..., -0.9675549 ,
         -0.99922033, -0.97445665],
        ...,
        [ 0.99970255,  0.98280141,  0.9675549 , ...,  0.        ,
         -0.29066371, -0.46349635],
        [ 0.9636296 ,  0.99404482,  0.99922033, ...,  0.29066371,
          0.        , -0.18592825],
        [ 0.89713938,  0.95645102,  0.97445665, ...,  0.46349635,
          0.18592825,  0.        ]],

       [[ 0.        , -0.23487797, -0.21153193, ..., -0.29308904,
         -0.31850701, -0.09997893],
        [ 0.23487797,  0.        ,  0.02394864, ..., -0.0603265 ,
         -0.08695109,  0.13651912],
        [ 0.21153193, -0.02394864,  0.        , ..., -0.08421422,
         -0.11078409,  0.11275555],
        ...,
        [ 0.29308904,  0.0603265 ,  0.08421422, ...,  0.        ,
         -0.02669471,  0.19603217],
        [ 0.31850701,  0.08695109,  0.11078409, ...,  0.02669471,
          0.        ,  0.22213907],
        [ 0.09997893, -0.13651912, -0.11275555, ..., -0.19603217,
         -0.22213907,  0.        ]],

       [[ 0.        , -0.02997526,  0.08770607, ..., -0.99913948,
         -0.99950772, -0.98049217],
        [ 0.02997526,  0.        ,  0.11752641, ..., -0.99744725,
         -0.99999902, -0.98594346],
        [-0.08770607, -0.11752641,  0.        , ..., -0.99892693,
         -0.99290432, -0.95947439],
        ...,
        [ 0.99913948,  0.99744725,  0.99892693, ...,  0.        ,
         -0.07280293, -0.23705629],
        [ 0.99950772,  0.99999902,  0.99290432, ...,  0.07280293,
          0.        , -0.16569948],
        [ 0.98049217,  0.98594346,  0.95947439, ...,  0.23705629,
          0.16569948,  0.        ]],

       ...,

       [[ 0.        , -0.67751213, -0.75915942, ..., -0.99190361,
         -0.90876133, -0.90876133],
        [ 0.67751213,  0.        , -0.1173747 , ..., -0.64351729,
         -0.38566769, -0.38566769],
        [ 0.75915942,  0.1173747 ,  0.        , ..., -0.54922681,
         -0.27470751, -0.27470751],
        ...,
        [ 0.99190361,  0.64351729,  0.54922681, ...,  0.        ,
          0.29853112,  0.29853112],
        [ 0.90876133,  0.38566769,  0.27470751, ..., -0.29853112,
          0.        ,  0.        ],
        [ 0.90876133,  0.38566769,  0.27470751, ..., -0.29853112,
          0.        ,  0.        ]],

       [[ 0.        ,  0.06780191,  0.14469214, ..., -0.78243364,
         -0.59396275, -0.66387876],
        [-0.06780191,  0.        ,  0.07727075, ..., -0.73841055,
         -0.53804979, -0.61164604],
        [-0.14469214, -0.07727075,  0.        , ..., -0.68409517,
         -0.47130857, -0.54868598],
        ...,
        [ 0.78243364,  0.73841055,  0.68409517, ...,  0.        ,
         -0.25958126, -0.1717155 ],
        [ 0.59396275,  0.53804979,  0.47130857, ...,  0.25958126,
          0.        ,  0.08989628],
        [ 0.66387876,  0.61164604,  0.54868598, ...,  0.1717155 ,
         -0.08989628,  0.        ]],

       [[ 0.        , -0.00331925,  0.01400963, ..., -0.89897144,
         -0.9103595 , -0.93772428],
        [ 0.00331925,  0.        ,  0.01732848, ..., -0.89751263,
         -0.90898092, -0.93656607],
        [-0.01400963, -0.01732848,  0.        , ..., -0.90501953,
         -0.9160676 , -0.94249892],
        ...,
        [ 0.89897144,  0.89751263,  0.90501953, ...,  0.        ,
         -0.02673324, -0.09844493],
        [ 0.9103595 ,  0.90898092,  0.9160676 , ...,  0.02673324,
          0.        , -0.07180636],
        [ 0.93772428,  0.93656607,  0.94249892, ...,  0.09844493,
          0.07180636,  0.        ]]]), 'num': array([ 9.98773067e-01,  4.22929660e-02,  4.33777823e-06, -9.61814535e-08,
        9.10933429e-03,  9.15064647e-03,  8.77883690e-03,  1.39668197e-03,
        2.89185216e-04,  9.00605386e-03,  9.02877555e-03,  9.58752270e-03,
        2.56941568e-06,  9.39197042e-03,  8.66558069e-03])}
{'img': array([[[ 0.        , -0.06964134, -0.03551851, ..., -0.99404482,
         -0.95645102, -0.98740566],
        [ 0.06964134,  0.        ,  0.03416512, ..., -0.99922033,
         -0.97445665, -0.97399045],
        [ 0.03551851, -0.03416512,  0.        , ..., -0.99728812,
         -0.96621511, -0.98116328],
        ...,
        [ 0.99404482,  0.99922033,  0.99728812, ...,  0.        ,
         -0.18592825,  0.26486634],
        [ 0.95645102,  0.97445665,  0.96621511, ...,  0.18592825,
          0.        ,  0.4395358 ],
        [ 0.98740566,  0.97399045,  0.98116328, ..., -0.26486634,
         -0.4395358 ,  0.        ]],

       [[ 0.        ,  0.02394864, -0.1623864 , ..., -0.08695109,
          0.13651912,  0.07672396],
        [-0.02394864,  0.        , -0.1859706 , ..., -0.11078409,
          0.11275555,  0.0528239 ],
        [ 0.1623864 ,  0.1859706 ,  0.        , ...,  0.07597437,
          0.29557318,  0.23761337],
        ...,
        [ 0.08695109,  0.11078409, -0.07597437, ...,  0.        ,
          0.22213907,  0.16312816],
        [-0.13651912, -0.11275555, -0.29557318, ..., -0.22213907,
          0.        , -0.06011109],
        [-0.07672396, -0.0528239 , -0.23761337, ..., -0.16312816,
          0.06011109,  0.        ]],

       [[ 0.        ,  0.11752641,  0.20728026, ..., -0.99999902,
         -0.98594346, -0.97118363],
        [-0.11752641,  0.        ,  0.09086983, ..., -0.99290432,
         -0.95947439, -0.93644273],
        [-0.20728026, -0.09086983,  0.        , ..., -0.97799059,
         -0.9298981 , -0.90068946],
        ...,
        [ 0.99999902,  0.99290432,  0.97799059, ...,  0.        ,
         -0.16569948, -0.2369732 ],
        [ 0.98594346,  0.95947439,  0.9298981 , ...,  0.16569948,
          0.        , -0.07271762],
        [ 0.97118363,  0.93644273,  0.90068946, ...,  0.2369732 ,
          0.07271762,  0.        ]],

       ...,

       [[ 0.        , -0.1934809 ,  0.03020297, ..., -0.53354248,
         -0.53354248,  0.02078617],
        [ 0.1934809 ,  0.        ,  0.22302489, ..., -0.3598197 ,
         -0.3598197 ,  0.2138325 ],
        [-0.03020297, -0.22302489,  0.        , ..., -0.55884393,
         -0.55884393, -0.00941976],
        ...,
        [ 0.53354248,  0.3598197 ,  0.55884393, ...,  0.        ,
          0.        ,  0.55100759],
        [ 0.53354248,  0.3598197 ,  0.55884393, ...,  0.        ,
          0.        ,  0.55100759],
        [-0.02078617, -0.2138325 ,  0.00941976, ..., -0.55100759,
         -0.55100759,  0.        ]],

       [[ 0.        ,  0.07727075,  0.10907099, ..., -0.53804979,
         -0.61164604, -0.67904772],
        [-0.07727075,  0.        ,  0.03193513, ..., -0.47130857,
         -0.54868598, -0.62029346],
        [-0.10907099, -0.03193513,  0.        , ..., -0.4429024 ,
         -0.52170743, -0.59492812],
        ...,
        [ 0.53804979,  0.47130857,  0.4429024 , ...,  0.        ,
          0.08989628,  0.17739901],
        [ 0.61164604,  0.54868598,  0.52170743, ..., -0.08989628,
          0.        ,  0.08821031],
        [ 0.67904772,  0.62029346,  0.59492812, ..., -0.17739901,
         -0.08821031,  0.        ]],

       [[ 0.        ,  0.01732848,  0.10687515, ..., -0.90898092,
         -0.93656607, -0.9304976 ],
        [-0.01732848,  0.        ,  0.08962988, ..., -0.9160676 ,
         -0.94249892, -0.93670527],
        [-0.10687515, -0.08962988,  0.        , ..., -0.94832428,
         -0.96866063, -0.96431628],
        ...,
        [ 0.90898092,  0.9160676 ,  0.94832428, ...,  0.        ,
         -0.07180636, -0.05490861],
        [ 0.93656607,  0.94249892,  0.96866063, ...,  0.07180636,
          0.        ,  0.01693116],
        [ 0.9304976 ,  0.93670527,  0.96431628, ...,  0.05490861,
         -0.01693116,  0.        ]]]), 'num': array([9.98806086e-01, 4.15721549e-02, 4.26384825e-06, 2.98200349e-08,
       9.11651363e-03, 9.27894595e-03, 8.91347324e-03, 2.08948868e-03,
       1.62432314e-04, 8.89723001e-03, 8.89113880e-03, 9.40821500e-03,
       2.52562440e-06, 9.26085077e-03, 8.52142683e-03])}
{'img': array([[[ 0.        ,  0.03416512,  0.27501976, ..., -0.97445665,
         -0.97399045, -0.90728004],
        [-0.03416512,  0.        ,  0.24201153, ..., -0.96621511,
         -0.98116328, -0.92111772],
        [-0.27501976, -0.24201153,  0.        , ..., -0.87511747,
         -0.99874846, -0.98794725],
        ...,
        [ 0.97445665,  0.96621511,  0.87511747, ...,  0.        ,
          0.4395358 ,  0.61353833],
        [ 0.97399045,  0.98116328,  0.99874846, ..., -0.4395358 ,
          0.        ,  0.2040095 ],
        [ 0.90728004,  0.92111772,  0.98794725, ..., -0.61353833,
         -0.2040095 ,  0.        ]],

       [[ 0.        , -0.1859706 , -0.03668285, ...,  0.11275555,
          0.0528239 ,  0.23962539],
        [ 0.1859706 ,  0.        ,  0.14980251, ...,  0.29557318,
          0.23761337,  0.41599763],
        [ 0.03668285, -0.14980251,  0.        , ...,  0.14912857,
          0.08941999,  0.27507822],
        ...,
        [-0.11275555, -0.29557318, -0.14912857, ...,  0.        ,
         -0.06011109,  0.12862678],
        [-0.0528239 , -0.23761337, -0.08941999, ...,  0.06011109,
          0.        ,  0.18800593],
        [-0.23962539, -0.41599763, -0.27507822, ..., -0.12862678,
         -0.18800593,  0.        ]],

       [[ 0.        ,  0.09086983,  0.18776412, ..., -0.95947439,
         -0.93644273, -0.9637182 ],
        [-0.09086983,  0.        ,  0.09773366, ..., -0.9298981 ,
         -0.90068946, -0.93547595],
        [-0.18776412, -0.09773366,  0.        , ..., -0.88949818,
         -0.8539158 , -0.89645933],
        ...,
        [ 0.95947439,  0.9298981 ,  0.88949818, ...,  0.        ,
         -0.07271762,  0.01546717],
        [ 0.93644273,  0.90068946,  0.8539158 , ...,  0.07271762,
          0.        ,  0.08813515],
        [ 0.9637182 ,  0.93547595,  0.89645933, ..., -0.01546717,
         -0.08813515,  0.        ]],

       ...,

       [[ 0.        ,  0.22302489,  0.4037451 , ..., -0.3598197 ,
          0.2138325 ,  0.2138325 ],
        [-0.22302489,  0.        ,  0.18953675, ..., -0.55884393,
         -0.00941976, -0.00941976],
        [-0.4037451 , -0.18953675,  0.        , ..., -0.7058918 ,
         -0.19877735, -0.19877735],
        ...,
        [ 0.3598197 ,  0.55884393,  0.7058918 , ...,  0.        ,
          0.55100759,  0.55100759],
        [-0.2138325 ,  0.00941976,  0.19877735, ..., -0.55100759,
          0.        ,  0.        ],
        [-0.2138325 ,  0.00941976,  0.19877735, ..., -0.55100759,
          0.        ,  0.        ]],

       [[ 0.        ,  0.03193513,  0.07086079, ..., -0.54868598,
         -0.62029346, -0.74619105],
        [-0.03193513,  0.        ,  0.03896979, ..., -0.52170743,
         -0.59492812, -0.72455021],
        [-0.07086079, -0.03896979,  0.        , ..., -0.48806506,
         -0.56315312, -0.697141  ],
        ...,
        [ 0.54868598,  0.52170743,  0.48806506, ...,  0.        ,
          0.08821031,  0.25855926],
        [ 0.62029346,  0.59492812,  0.56315312, ..., -0.08821031,
          0.        ,  0.17234061],
        [ 0.74619105,  0.72455021,  0.697141  , ..., -0.25855926,
         -0.17234061,  0.        ]],

       [[ 0.        ,  0.08962988,  0.20258484, ..., -0.94249892,
         -0.93670527, -0.93225132],
        [-0.08962988,  0.        ,  0.11399809, ..., -0.96866063,
         -0.96431628, -0.96092825],
        [-0.20258484, -0.11399809,  0.        , ..., -0.99066165,
         -0.9882112 , -0.98621833],
        ...,
        [ 0.94249892,  0.96866063,  0.99066165, ...,  0.        ,
          0.01693116,  0.02943987],
        [ 0.93670527,  0.96431628,  0.9882112 , ..., -0.01693116,
          0.        ,  0.01251182],
        [ 0.93225132,  0.96092825,  0.98621833, ..., -0.02943987,
         -0.01251182,  0.        ]]]), 'num': array([9.97967079e-01, 5.85019111e-02, 4.09353014e-06, 9.86131743e-08,
       9.12102105e-03, 9.14089256e-03, 9.00179202e-03, 1.35925072e-03,
       1.98715056e-04, 8.77525685e-03, 8.71166804e-03, 9.19620158e-03,
       2.45327229e-06, 9.10658640e-03, 8.31674967e-03])}
{'img': array([[[ 0.        ,  0.24201153,  0.07256845, ..., -0.98116328,
         -0.92111772, -0.80309618],
        [-0.24201153,  0.        , -0.17096222, ..., -0.99874846,
         -0.98794725, -0.92342527],
        [-0.07256845,  0.17096222,  0.        , ..., -0.99259517,
         -0.94693888, -0.84421863],
        ...,
        [ 0.98116328,  0.99874846,  0.99259517, ...,  0.        ,
          0.2040095 ,  0.42948321],
        [ 0.92111772,  0.98794725,  0.94693888, ..., -0.2040095 ,
          0.        ,  0.23621486],
        [ 0.80309618,  0.92342527,  0.84421863, ..., -0.42948321,
         -0.23621486,  0.        ]],

       [[ 0.        ,  0.14980251,  0.14624351, ...,  0.23761337,
          0.41599763,  0.24250946],
        [-0.14980251,  0.        , -0.00359864, ...,  0.08941999,
          0.27507822,  0.09444221],
        [-0.14624351,  0.00359864,  0.        , ...,  0.09300363,
          0.27853625,  0.09802415],
        ...,
        [-0.23761337, -0.08941999, -0.09300363, ...,  0.        ,
          0.18800593,  0.00504357],
        [-0.41599763, -0.27507822, -0.27853625, ..., -0.18800593,
          0.        , -0.18304991],
        [-0.24250946, -0.09444221, -0.09802415, ..., -0.00504357,
          0.18304991,  0.        ]],

       [[ 0.        ,  0.09773366,  0.04564906, ..., -0.90068946,
         -0.93547595, -0.97190493],
        [-0.09773366,  0.        , -0.05220126, ..., -0.8539158 ,
         -0.89645933, -0.9442481 ],
        [-0.04564906,  0.05220126,  0.        , ..., -0.87991768,
         -0.91836882, -0.96014717],
        ...,
        [ 0.90068946,  0.8539158 ,  0.87991768, ...,  0.        ,
          0.08813515,  0.21025853],
        [ 0.93547595,  0.89645933,  0.91836882, ..., -0.08813515,
          0.        ,  0.12327535],
        [ 0.97190493,  0.9442481 ,  0.96014717, ..., -0.21025853,
         -0.12327535,  0.        ]],

       ...,

       [[ 0.        ,  0.18953675, -0.62559382, ..., -0.00941976,
         -0.00941976, -0.06808315],
        [-0.18953675,  0.        , -0.76212096, ..., -0.19877735,
