state_0,state_1,state_2,state_3,state_4,state_5,state_6,state_7,state_8,state_9,state_10,state_11,state_12,state_13,state_14,state_15,state_16,state_17,state_18,state_19,state_20,state_21,state_22,state_23,state_24,state_25,state_26,state_27,state_28,state_29,state_30,state_31,state_32,state_33,state_34,state_35,state_36,state_37,state_38,state_39,state_40,state_41,state_42,state_43,state_44,state_45,state_46,state_47,state_48,state_49,state_50,state_51,state_52,state_53,state_54,state_55,state_56,state_57,state_58,state_59,state_60,state_61,state_62,state_63,state_64,state_65,state_66,state_67,state_68,state_69,state_70,state_71,state_72,state_73,state_74,state_75,state_76,state_77,state_78,state_79,state_80,state_81,state_82,state_83,state_84,state_85,state_86,state_87,state_88,state_89,state_90,state_91,state_92,state_93,state_94,state_95,state_96,state_97,state_98,state_99,state_100,state_101,state_102,state_103,state_104,state_105,state_106,state_107,state_108,state_109,state_110,state_111,state_112,state_113,state_114,state_115,state_116,state_117,state_118,state_119,state_120,state_121,state_122,state_123,state_124,state_125,state_126,state_127,state_128,state_129,state_130,state_131,state_132,state_133,state_134,state_135,state_136,state_137,state_138,state_139,state_140,state_141,state_142,state_143,state_144,state_145,state_146,state_147,state_148,state_149,state_150,state_151,state_152,state_153,state_154,state_155,state_156,state_157,state_158,state_159,state_160,state_161,state_162,state_163,state_164,state_165,state_166,state_167,state_168,state_169,state_170,state_171,state_172,state_173,state_174,state_175,state_176,state_177,state_178,state_179,state_180,state_181,state_182,state_183,state_184,state_185,state_186,state_187,state_188,state_189,state_190,state_191,state_192,state_193,state_194,state_195,state_196,state_197,state_198,state_199,state_200,state_201,state_202,state_203,state_204,state_205,state_206,state_207,state_208,state_209,state_210,state_211,state_212,state_213,state_214,state_215,state_216,state_217,state_218,state_219,state_220,state_221,state_222,state_223,state_224,state_225,state_226,state_227,state_228,state_229,state_230,state_231,state_232,state_233,state_234,state_235,state_236,state_237,state_238,state_239,state_240,state_241,state_242,state_243,state_244,state_245,state_246,state_247,state_248,state_249,state_250,state_251,state_252,state_253,state_254,state_255,state_256,state_257,state_258,state_259,state_260,state_261,state_262,state_263,state_264,state_265,state_266,state_267,state_268,state_269,state_270,state_271,state_272,state_273,state_274,state_275,state_276,state_277,state_278,state_279,state_280,state_281,state_282,state_283,state_284,state_285,state_286,state_287
{'img': array([[[ 0.        , -0.20601222, -0.44789764, ..., -0.55661826,
         -0.17874356, -0.41461362],
        [ 0.20601222,  0.        , -0.25409757, ..., -0.37353004,
          0.02778513, -0.2182493 ],
        [ 0.44789764,  0.25409757,  0.        , ..., -0.12556475,
          0.28087265,  0.036886  ],
        ...,
        [ 0.55661826,  0.37353004,  0.12556475, ...,  0.        ,
          0.39915981,  0.16207336],
        [ 0.17874356, -0.02778513, -0.28087265, ..., -0.39915981,
          0.        , -0.24528035],
        [ 0.41461362,  0.2182493 , -0.036886  , ..., -0.16207336,
          0.24528035,  0.        ]],

       [[ 0.        , -0.29140502, -0.10858289, ..., -0.32859855,
         -0.5587233 , -0.49111177],
        [ 0.29140502,  0.        ,  0.18581169, ..., -0.03911409,
         -0.29279662, -0.21595549],
        [ 0.10858289, -0.18581169,  0.        , ..., -0.22410243,
         -0.46536613, -0.39362183],
        ...,
        [ 0.32859855,  0.03911409,  0.22410243, ...,  0.        ,
         -0.25517266, -0.17759911],
        [ 0.5587233 ,  0.29279662,  0.46536613, ...,  0.25517266,
          0.        ,  0.07939638],
        [ 0.49111177,  0.21595549,  0.39362183, ...,  0.17759911,
         -0.07939638,  0.        ]],

       [[ 0.        , -0.16953967, -0.47729756, ..., -0.4449135 ,
         -0.56491223, -0.76643646],
        [ 0.16953967,  0.        , -0.32140632, ..., -0.28663741,
         -0.41683837, -0.64644229],
        [ 0.47729756,  0.32140632,  0.        , ...,  0.03649101,
         -0.10256939, -0.36692187],
        ...,
        [ 0.4449135 ,  0.28663741, -0.03649101, ...,  0.        ,
         -0.13879963, -0.40062331],
        [ 0.56491223,  0.41683837,  0.10256939, ...,  0.13879963,
          0.        , -0.26957131],
        [ 0.76643646,  0.64644229,  0.36692187, ...,  0.40062331,
          0.26957131,  0.        ]],

       ...,

       [[ 0.        , -0.46466127, -0.52363135, ..., -0.38801041,
         -0.23290454, -0.22291242],
        [ 0.46466127,  0.        , -0.06780372, ...,  0.08467862,
          0.2456486 ,  0.2555833 ],
        [ 0.52363135,  0.06780372,  0.        , ...,  0.15204394,
          0.31080943,  0.32054688],
        ...,
        [ 0.38801041, -0.08467862, -0.15204394, ...,  0.        ,
          0.16268233,  0.17279913],
        [ 0.23290454, -0.2456486 , -0.31080943, ..., -0.16268233,
          0.        ,  0.01026207],
        [ 0.22291242, -0.2555833 , -0.32054688, ..., -0.17279913,
         -0.01026207,  0.        ]],

       [[ 0.        ,  0.0369771 ,  0.10450168, ..., -0.6087029 ,
         -0.63415712, -0.62467295],
        [-0.0369771 ,  0.        ,  0.06765558, ..., -0.63762418,
         -0.66231427, -0.65312066],
        [-0.10450168, -0.06765558,  0.        , ..., -0.68828152,
         -0.71148606, -0.70285663],
        ...,
        [ 0.6087029 ,  0.63762418,  0.68828152, ...,  0.        ,
         -0.0324875 , -0.02028656],
        [ 0.63415712,  0.66231427,  0.71148606, ...,  0.0324875 ,
          0.        ,  0.01220497],
        [ 0.62467295,  0.65312066,  0.70285663, ...,  0.02028656,
         -0.01220497,  0.        ]],

       [[ 0.        , -0.13147835, -0.29426336, ..., -0.19816129,
         -0.26494379, -0.36772332],
        [ 0.13147835,  0.        , -0.16605181, ..., -0.06757   ,
         -0.135864  , -0.24226477],
        [ 0.29426336,  0.16605181,  0.        , ...,  0.09904038,
          0.03053429, -0.07779626],
        ...,
        [ 0.19816129,  0.06757   , -0.09904038, ...,  0.        ,
         -0.06861004, -0.17615399],
        [ 0.26494379,  0.135864  , -0.03053429, ...,  0.06861004,
          0.        , -0.10820174],
        [ 0.36772332,  0.24226477,  0.07779626, ...,  0.17615399,
          0.10820174,  0.        ]]]), 'num': array([7.06299078e-01, 7.06299078e-01, 0.00000000e+00, 0.00000000e+00,
       1.13631058e-04, 1.14461998e-04, 1.11969177e-04, 4.77820051e-02,
       2.49282027e-06, 1.11761442e-04, 1.15988850e-04, 1.18080049e-04,
       8.96390852e-07, 1.22969829e-04, 1.09007871e-04])}
{'img': array([[[ 0.        , -0.25409757, -0.15076312, ...,  0.02778513,
         -0.2182493 ,  0.13278972],
        [ 0.25409757,  0.        ,  0.10537835, ...,  0.28087265,
          0.036886  ,  0.38027871],
        [ 0.15076312, -0.10537835,  0.        , ...,  0.17817245,
         -0.06862602,  0.28069992],
        ...,
        [-0.02778513, -0.28087265, -0.17817245, ...,  0.        ,
         -0.24528035,  0.10519938],
        [ 0.2182493 , -0.036886  ,  0.06862602, ...,  0.24528035,
          0.        ,  0.3459051 ],
        [-0.13278972, -0.38027871, -0.28069992, ..., -0.10519938,
         -0.3459051 ,  0.        ]],

       [[ 0.        ,  0.18581169,  0.09465179, ..., -0.29279662,
         -0.21595549, -0.44710668],
        [-0.18581169,  0.        , -0.09197401, ..., -0.46536613,
         -0.39362183, -0.60552544],
        [-0.09465179,  0.09197401,  0.        , ..., -0.38198575,
         -0.30740425, -0.52976356],
        ...,
        [ 0.29279662,  0.46536613,  0.38198575, ...,  0.        ,
          0.07939638, -0.1656112 ],
        [ 0.21595549,  0.39362183,  0.30740425, ..., -0.07939638,
          0.        , -0.24338839],
        [ 0.44710668,  0.60552544,  0.52976356, ...,  0.1656112 ,
          0.24338839,  0.        ]],

       [[ 0.        , -0.32140632, -0.36445768, ..., -0.41683837,
         -0.64644229, -0.54884967],
        [ 0.32140632,  0.        , -0.04582008, ..., -0.10256939,
         -0.36692187, -0.25105816],
        [ 0.36445768,  0.04582008,  0.        , ..., -0.05688324,
         -0.32391228, -0.20644192],
        ...,
        [ 0.41683837,  0.10256939,  0.05688324, ...,  0.        ,
         -0.26957131, -0.15044974],
        [ 0.64644229,  0.36692187,  0.32391228, ...,  0.26957131,
          0.        ,  0.1216228 ],
        [ 0.54884967,  0.25105816,  0.20644192, ...,  0.15044974,
         -0.1216228 ,  0.        ]],

       ...,

       [[ 0.        , -0.06780372,  0.13349959, ...,  0.2456486 ,
          0.2555833 ,  0.30904514],
        [ 0.06780372,  0.        ,  0.20038916, ...,  0.31080943,
          0.32054688,  0.37281847],
        [-0.13349959, -0.20038916,  0.        , ...,  0.11404075,
          0.12422986,  0.1793144 ],
        ...,
        [-0.2456486 , -0.31080943, -0.11404075, ...,  0.        ,
          0.01026207,  0.06595221],
        [-0.2555833 , -0.32054688, -0.12422986, ..., -0.01026207,
          0.        ,  0.05570901],
        [-0.30904514, -0.37281847, -0.1793144 , ..., -0.06595221,
         -0.05570901,  0.        ]],

       [[ 0.        ,  0.06765558,  0.10502546, ..., -0.66231427,
         -0.65312066, -0.69375256],
        [-0.06765558,  0.        ,  0.03750341, ..., -0.71148606,
         -0.70285663, -0.74088945],
        [-0.10502546, -0.03750341,  0.        , ..., -0.73733919,
         -0.72903954, -0.76555654],
        ...,
        [ 0.66231427,  0.71148606,  0.73733919, ...,  0.        ,
          0.01220497, -0.04276992],
        [ 0.65312066,  0.70285663,  0.72903954, ..., -0.01220497,
          0.        , -0.05496053],
        [ 0.69375256,  0.74088945,  0.76555654, ...,  0.04276992,
          0.05496053,  0.        ]],

       [[ 0.        , -0.16605181, -0.22783374, ..., -0.135864  ,
         -0.24226477, -0.27834117],
        [ 0.16605181,  0.        , -0.06298608, ...,  0.03053429,
         -0.07779626, -0.11498715],
        [ 0.22783374,  0.06298608,  0.        , ...,  0.09343037,
         -0.01484661, -0.05219054],
        ...,
        [ 0.135864  , -0.03053429, -0.09343037, ...,  0.        ,
         -0.10820174, -0.14526529],
        [ 0.24226477,  0.07779626,  0.01484661, ...,  0.10820174,
          0.        , -0.03735842],
        [ 0.27834117,  0.11498715,  0.05219054, ...,  0.14526529,
          0.03735842,  0.        ]]]), 'num': array([ 9.90947322e-01,  1.03450059e-01,  1.61657061e-04, -3.69158087e-10,
        1.59507057e-04,  1.60378680e-04,  1.56601646e-04,  8.55643500e-02,
        5.81082173e-07,  1.57182728e-04,  1.61700642e-04,  1.65182292e-04,
        1.35864537e-06,  1.70850564e-04,  1.52550719e-04])}
{'img': array([[[ 0.        ,  0.10537835, -0.2932584 , ...,  0.036886  ,
          0.38027871,  0.4259536 ],
        [-0.10537835,  0.        , -0.3923708 , ..., -0.06862602,
          0.28069992,  0.32824144],
        [ 0.2932584 ,  0.3923708 ,  0.        , ...,  0.32832307,
          0.63478555,  0.67254987],
        ...,
        [-0.036886  ,  0.06862602, -0.32832307, ...,  0.        ,
          0.3459051 ,  0.39229131],
        [-0.38027871, -0.28069992, -0.63478555, ..., -0.3459051 ,
          0.        ,  0.04989726],
        [-0.4259536 , -0.32824144, -0.67254987, ..., -0.39229131,
         -0.04989726,  0.        ]],

       [[ 0.        , -0.09197401, -0.32297658, ..., -0.39362183,
         -0.60552544, -0.36664345],
        [ 0.09197401,  0.        , -0.23456277, ..., -0.30740425,
         -0.52976356, -0.27952031],
        [ 0.32297658,  0.23456277,  0.        , ..., -0.07562297,
         -0.31604035, -0.04650893],
        ...,
        [ 0.39362183,  0.30740425,  0.07562297, ...,  0.        ,
         -0.24338839,  0.02916539],
        [ 0.60552544,  0.52976356,  0.31604035, ...,  0.24338839,
          0.        ,  0.27157321],
        [ 0.36664345,  0.27952031,  0.04650893, ..., -0.02916539,
         -0.27157321,  0.        ]],

       [[ 0.        , -0.04582008, -0.24073914, ..., -0.36692187,
         -0.25105816, -0.11100922],
        [ 0.04582008,  0.        , -0.19601378, ..., -0.32391228,
         -0.20644192, -0.06535574],
        [ 0.24073914,  0.19601378,  0.        , ..., -0.13218264,
         -0.01064576,  0.13150679],
        ...,
        [ 0.36692187,  0.32391228,  0.13218264, ...,  0.        ,
          0.1216228 ,  0.26138754],
        [ 0.25105816,  0.20644192,  0.01064576, ..., -0.1216228 ,
          0.        ,  0.14205264],
        [ 0.11100922,  0.06535574, -0.13150679, ..., -0.26138754,
         -0.14205264,  0.        ]],

       ...,

       [[ 0.        ,  0.20038916,  0.0261018 , ...,  0.32054688,
          0.37281847,  0.48265945],
        [-0.20038916,  0.        , -0.17474853, ...,  0.12422986,
          0.1793144 ,  0.29736691],
        [-0.0261018 ,  0.17474853,  0.        , ...,  0.29571319,
          0.34847148,  0.45963483],
        ...,
        [-0.32054688, -0.12422986, -0.29571319, ...,  0.        ,
          0.05570901,  0.17645323],
        [-0.37281847, -0.1793144 , -0.34847148, ..., -0.05570901,
          0.        ,  0.12134433],
        [-0.48265945, -0.29736691, -0.45963483, ..., -0.17645323,
         -0.12134433,  0.        ]],

       [[ 0.        ,  0.03750341,  0.12563104, ..., -0.70285663,
         -0.74088945, -0.8348987 ],
        [-0.03750341,  0.        ,  0.08833638, ..., -0.72903954,
         -0.76555654, -0.85495337],
        [-0.12563104, -0.08833638,  0.        , ..., -0.78665325,
         -0.8193966 , -0.89743161],
        ...,
        [ 0.70285663,  0.72903954,  0.78665325, ...,  0.        ,
         -0.05496053, -0.20703493],
        [ 0.74088945,  0.76555654,  0.8193966 , ...,  0.05496053,
          0.        , -0.15295227],
        [ 0.8348987 ,  0.85495337,  0.89743161, ...,  0.20703493,
          0.15295227,  0.        ]],

       [[ 0.        , -0.06298608, -0.22167524, ..., -0.07779626,
         -0.11498715, -0.1047917 ],
        [ 0.06298608,  0.        , -0.15981606, ..., -0.01484661,
         -0.05219054, -0.04194434],
        [ 0.22167524,  0.15981606,  0.        , ...,  0.14514267,
          0.10807853,  0.1182702 ],
        ...,
        [ 0.07779626,  0.01484661, -0.14514267, ...,  0.        ,
         -0.03735842, -0.02710617],
        [ 0.11498715,  0.05219054, -0.10807853, ...,  0.03735842,
          0.        ,  0.01025744],
        [ 0.1047917 ,  0.04194434, -0.1182702 , ...,  0.02710617,
         -0.01025744,  0.        ]]]), 'num': array([ 9.93848299e-01,  5.33000771e-02,  1.78472148e-04,  9.50634489e-09,
        1.59631402e-04,  1.65689520e-04,  1.58722685e-04,  9.70793980e-02,
       -6.66392950e-06,  1.63629760e-04,  1.67946169e-04,  1.72176754e-04,
        1.29532123e-06,  1.78073332e-04,  1.57819005e-04])}
