state_0,state_1,state_2,state_3,state_4,state_5,state_6,state_7,state_8,state_9,state_10,state_11,state_12,state_13,state_14,state_15,state_16,state_17,state_18,state_19,state_20,state_21,state_22,state_23,state_24,state_25,state_26,state_27,state_28,state_29,state_30,state_31,state_32,state_33,state_34,state_35,state_36,state_37,state_38,state_39,state_40,state_41,state_42,state_43,state_44,state_45,state_46,state_47,state_48,state_49,state_50,state_51,state_52,state_53,state_54,state_55,state_56,state_57,state_58,state_59,state_60,state_61,state_62,state_63,state_64,state_65,state_66,state_67,state_68,state_69,state_70,state_71,state_72,state_73,state_74,state_75,state_76,state_77,state_78,state_79,state_80,state_81,state_82,state_83,state_84,state_85,state_86,state_87,state_88,state_89,state_90,state_91,state_92,state_93,state_94,state_95,state_96,state_97,state_98,state_99,state_100,state_101,state_102,state_103,state_104,state_105,state_106,state_107,state_108,state_109,state_110,state_111,state_112,state_113,state_114,state_115,state_116,state_117,state_118,state_119,state_120,state_121,state_122,state_123,state_124,state_125,state_126,state_127,state_128,state_129,state_130,state_131,state_132,state_133,state_134,state_135,state_136,state_137,state_138,state_139,state_140,state_141,state_142,state_143,state_144,state_145,state_146,state_147,state_148,state_149,state_150,state_151,state_152,state_153,state_154,state_155,state_156,state_157,state_158,state_159,state_160,state_161,state_162,state_163,state_164,state_165,state_166,state_167,state_168,state_169,state_170,state_171,state_172,state_173,state_174,state_175,state_176,state_177,state_178,state_179,state_180,state_181,state_182,state_183,state_184,state_185,state_186,state_187,state_188,state_189,state_190,state_191,state_192,state_193,state_194,state_195,state_196,state_197,state_198,state_199,state_200,state_201,state_202,state_203,state_204,state_205,state_206,state_207,state_208,state_209,state_210,state_211,state_212,state_213,state_214,state_215,state_216,state_217,state_218,state_219,state_220,state_221,state_222,state_223,state_224,state_225,state_226,state_227,state_228,state_229,state_230,state_231,state_232,state_233,state_234,state_235,state_236,state_237,state_238,state_239,state_240,state_241,state_242,state_243,state_244,state_245,state_246,state_247,state_248,state_249,state_250,state_251,state_252,state_253,state_254,state_255,state_256,state_257,state_258,state_259,state_260,state_261,state_262,state_263,state_264,state_265,state_266,state_267,state_268,state_269,state_270,state_271,state_272,state_273,state_274,state_275,state_276,state_277,state_278,state_279,state_280,state_281,state_282,state_283,state_284,state_285,state_286,state_287
{'img': array([[[ 0.        , -0.38979223, -0.15250944, ..., -0.31237461,
         -0.17961795, -0.53935732],
        [ 0.38979223,  0.        ,  0.24478608, ...,  0.08261998,
          0.21804215, -0.1684606 ],
        [ 0.15250944, -0.24478608,  0.        , ..., -0.16384275,
         -0.02748769, -0.40462324],
        ...,
        [ 0.31237461, -0.08261998,  0.16384275, ...,  0.        ,
          0.1366646 , -0.24932386],
        [ 0.17961795, -0.21804215,  0.02748769, ..., -0.1366646 ,
          0.        , -0.3793333 ],
        [ 0.53935732,  0.1684606 ,  0.40462324, ...,  0.24932386,
          0.3793333 ,  0.        ]],

       [[ 0.        ,  0.0084536 , -0.57298758, ..., -0.45558443,
         -0.60104673, -0.51962647],
        [-0.0084536 ,  0.        , -0.57989537, ..., -0.46309349,
         -0.6077815 , -0.52683061],
        [ 0.57298758,  0.57989537,  0.        , ...,  0.13668867,
         -0.03465667,  0.06368971],
        ...,
        [ 0.45558443,  0.46309349, -0.13668867, ...,  0.        ,
         -0.17093794, -0.07331923],
        [ 0.60104673,  0.6077815 ,  0.03465667, ...,  0.17093794,
          0.        ,  0.09823776],
        [ 0.51962647,  0.52683061, -0.06368971, ...,  0.07331923,
         -0.09823776,  0.        ]],

       [[ 0.        ,  0.00305299,  0.03974343, ...,  0.37482208,
          0.26208893,  0.06426006],
        [-0.00305299,  0.        ,  0.03669267, ...,  0.37198991,
          0.25914144,  0.06121308],
        [-0.03974343, -0.03669267,  0.        , ...,  0.33767993,
          0.2235277 ,  0.02454799],
        ...,
        [-0.37482208, -0.37198991, -0.33767993, ...,  0.        ,
         -0.1187379 , -0.3144721 ],
        [-0.26208893, -0.25914144, -0.2235277 , ...,  0.1187379 ,
          0.        , -0.19953348],
        [-0.06426006, -0.06121308, -0.02454799, ...,  0.3144721 ,
          0.19953348,  0.        ]],

       ...,

       [[ 0.        , -0.09763786,  0.24606169, ...,  0.30307678,
          0.40437213,  0.19832418],
        [ 0.09763786,  0.        ,  0.33952191, ...,  0.39467426,
          0.4917391 ,  0.29307502],
        [-0.24606169, -0.33952191,  0.        , ...,  0.05926998,
          0.1668927 , -0.0489475 ],
        ...,
        [-0.30307678, -0.39467426, -0.05926998, ...,  0.        ,
          0.10816058, -0.10806039],
        [-0.40437213, -0.4917391 , -0.1668927 , ..., -0.10816058,
          0.        , -0.21495367],
        [-0.19832418, -0.29307502,  0.0489475 , ...,  0.10806039,
          0.21495367,  0.        ]],

       [[ 0.        ,  0.00485098, -0.03963694, ...,  0.0460162 ,
          0.04819603,  0.04443956],
        [-0.00485098,  0.        , -0.04448364, ...,  0.04116982,
          0.04335012,  0.03959285],
        [ 0.03963694,  0.04448364,  0.        , ...,  0.08557499,
          0.08774903,  0.08400242],
        ...,
        [-0.0460162 , -0.04116982, -0.08557499, ...,  0.        ,
          0.00218225, -0.00157825],
        [-0.04819603, -0.04335012, -0.08774903, ..., -0.00218225,
          0.        , -0.0037605 ],
        [-0.04443956, -0.03959285, -0.08400242, ...,  0.00157825,
          0.0037605 ,  0.        ]],

       [[ 0.        , -0.17789012, -0.19750489, ..., -0.665432  ,
         -0.65474868, -0.75051536],
        [ 0.17789012,  0.        , -0.01996874, ..., -0.52203101,
         -0.50984803, -0.62098569],
        [ 0.19750489,  0.01996874,  0.        , ..., -0.50489506,
         -0.49256797, -0.60520994],
        ...,
        [ 0.665432  ,  0.52203101,  0.50489506, ...,  0.        ,
          0.01422185, -0.12047582],
        [ 0.65474868,  0.50984803,  0.49256797, ..., -0.01422185,
          0.        , -0.13458189],
        [ 0.75051536,  0.62098569,  0.60520994, ...,  0.12047582,
          0.13458189,  0.        ]]]), 'num': array([7.07106355e-01, 7.07106355e-01, 0.00000000e+00, 0.00000000e+00,
       7.28566335e-05, 7.31785332e-05, 7.13544349e-05, 1.07853570e-03,
       9.65699118e-07, 7.40154724e-05, 7.49865365e-05, 7.37436460e-05,
       5.60343933e-07, 7.99023595e-05, 7.00707136e-05])}
{'img': array([[[ 0.        ,  0.24478608,  0.50563916, ...,  0.21804215,
         -0.1684606 , -0.04170315],
        [-0.24478608,  0.        ,  0.27906818, ..., -0.02748769,
         -0.40462324, -0.28500755],
        [-0.50563916, -0.27906818,  0.        , ..., -0.30535837,
         -0.64375132, -0.54117847],
        ...,
        [-0.21804215,  0.02748769,  0.30535837, ...,  0.        ,
         -0.3793333 , -0.25855221],
        [ 0.1684606 ,  0.40462324,  0.64375132, ...,  0.3793333 ,
          0.        ,  0.1272069 ],
        [ 0.04170315,  0.28500755,  0.54117847, ...,  0.25855221,
         -0.1272069 ,  0.        ]],

       [[ 0.        , -0.57989537, -0.32916175, ..., -0.6077815 ,
         -0.52683061, -0.71246245],
        [ 0.57989537,  0.        ,  0.27941476, ..., -0.03465667,
          0.06368971, -0.17351819],
        [ 0.32916175, -0.27941476,  0.        , ..., -0.31252323,
         -0.2176945 , -0.44178327],
        ...,
        [ 0.6077815 ,  0.03465667,  0.31252323, ...,  0.        ,
          0.09823776, -0.139283  ],
        [ 0.52683061, -0.06368971,  0.2176945 , ..., -0.09823776,
          0.        , -0.23588949],
        [ 0.71246245,  0.17351819,  0.44178327, ...,  0.139283  ,
          0.23588949,  0.        ]],

       [[ 0.        ,  0.03669267,  0.11039663, ...,  0.25914144,
          0.06121308, -0.09430694],
        [-0.03669267,  0.        ,  0.0738539 , ...,  0.2235277 ,
          0.02454799, -0.13077257],
        [-0.11039663, -0.0738539 ,  0.        , ...,  0.15093205,
         -0.04935069, -0.20363511],
        ...,
        [-0.25914144, -0.2235277 , -0.15093205, ...,  0.        ,
         -0.19953348, -0.34907185],
        [-0.06121308, -0.02454799,  0.04935069, ...,  0.19953348,
          0.        , -0.15507035],
        [ 0.09430694,  0.13077257,  0.20363511, ...,  0.34907185,
          0.15507035,  0.        ]],

       ...,

       [[ 0.        ,  0.33952191,  0.54407696, ...,  0.4917391 ,
          0.29307502,  0.41042111],
        [-0.33952191,  0.        ,  0.2268869 , ...,  0.1668927 ,
         -0.0489475 ,  0.07643263],
        [-0.54407696, -0.2268869 ,  0.        , ..., -0.0611645 ,
         -0.27428595, -0.15178385],
        ...,
        [-0.4917391 , -0.1668927 ,  0.0611645 , ...,  0.        ,
         -0.21495367, -0.09104383],
        [-0.29307502,  0.0489475 ,  0.27428595, ...,  0.21495367,
          0.        ,  0.12514533],
        [-0.41042111, -0.07643263,  0.15178385, ...,  0.09104383,
         -0.12514533,  0.        ]],

       [[ 0.        , -0.04448364, -0.0657469 , ...,  0.04335012,
          0.03959285,  0.04240434],
        [ 0.04448364,  0.        , -0.02129443, ...,  0.08774903,
          0.08400242,  0.08680599],
        [ 0.0657469 ,  0.02129443,  0.        , ...,  0.10894142,
          0.10520254,  0.10800035],
        ...,
        [-0.04335012, -0.08774903, -0.10894142, ...,  0.        ,
         -0.0037605 , -0.00094665],
        [-0.03959285, -0.08400242, -0.10520254, ...,  0.0037605 ,
          0.        ,  0.00281385],
        [-0.04240434, -0.08680599, -0.10800035, ...,  0.00094665,
         -0.00281385,  0.        ]],

       [[ 0.        , -0.02910699,  0.11492703, ..., -0.5530104 ,
         -0.66179648, -0.69375139],
        [ 0.02910699,  0.        ,  0.14379246, ..., -0.52852489,
         -0.63969505, -0.67249417],
        [-0.11492703, -0.14379246,  0.        , ..., -0.64510037,
         -0.74357028, -0.77192666],
        ...,
        [ 0.5530104 ,  0.52852489,  0.64510037, ...,  0.        ,
         -0.13680906, -0.17972972],
        [ 0.66179648,  0.63969505,  0.74357028, ...,  0.13680906,
          0.        , -0.04345853],
        [ 0.69375139,  0.67249417,  0.77192666, ...,  0.17972972,
          0.04345853,  0.        ]]]), 'num': array([ 8.42634312e-01,  5.38485658e-01,  4.47936162e-05, -6.55466074e-11,
        8.68251939e-05,  8.75924268e-05,  8.52907280e-05,  7.40200762e-04,
        0.00000000e+00,  8.73111081e-05,  8.93570626e-05,  8.78758767e-05,
        6.64363715e-07,  9.52261577e-05,  8.34879674e-05])}
{'img': array([[[ 0.00000000e+00,  2.79068180e-01,  7.79091948e-01, ...,
         -4.04623235e-01, -2.85007548e-01, -2.85007548e-01],
        [-2.79068180e-01,  0.00000000e+00,  5.73189089e-01, ...,
         -6.43751317e-01, -5.41178469e-01, -5.41178469e-01],
        [-7.79091948e-01, -5.73189089e-01,  0.00000000e+00, ...,
         -9.66128937e-01, -9.25453310e-01, -9.25453310e-01],
        ...,
        [ 4.04623235e-01,  6.43751317e-01,  9.66128937e-01, ...,
          0.00000000e+00,  1.27206902e-01,  1.27206902e-01],
        [ 2.85007548e-01,  5.41178469e-01,  9.25453310e-01, ...,
         -1.27206902e-01,  0.00000000e+00,  0.00000000e+00],
        [ 2.85007548e-01,  5.41178469e-01,  9.25453310e-01, ...,
         -1.27206902e-01,  0.00000000e+00,  0.00000000e+00]],

       [[ 0.00000000e+00,  2.79414760e-01,  7.41103952e-01, ...,
          6.36897120e-02, -1.73518192e-01, -4.64063157e-01],
        [-2.79414760e-01,  0.00000000e+00,  5.23989794e-01, ...,
         -2.17694496e-01, -4.41783274e-01, -6.93085940e-01],
        [-7.41103952e-01, -5.23989794e-01,  0.00000000e+00, ...,
         -6.96838671e-01, -8.46360328e-01, -9.68038949e-01],
        ...,
        [-6.36897120e-02,  2.17694496e-01,  6.96838671e-01, ...,
          0.00000000e+00, -2.35889488e-01, -5.19537474e-01],
        [ 1.73518192e-01,  4.41783274e-01,  8.46360328e-01, ...,
          2.35889488e-01,  0.00000000e+00, -3.03320845e-01],
        [ 4.64063157e-01,  6.93085940e-01,  9.68038949e-01, ...,
          5.19537474e-01,  3.03320845e-01,  0.00000000e+00]],

       [[ 0.00000000e+00,  7.38538992e-02,  2.32974710e-01, ...,
          2.45479928e-02, -1.30772571e-01, -2.35766088e-01],
        [-7.38538992e-02,  0.00000000e+00,  1.60516826e-01, ...,
         -4.93506895e-02, -2.03635112e-01, -3.06894173e-01],
        [-2.32974710e-01, -1.60516826e-01,  0.00000000e+00, ...,
         -2.09032003e-01, -3.58148090e-01, -4.55685578e-01],
        ...,
        [-2.45479928e-02,  4.93506895e-02,  2.09032003e-01, ...,
          0.00000000e+00, -1.55070348e-01, -2.59551021e-01],
        [ 1.30772571e-01,  2.03635112e-01,  3.58148090e-01, ...,
          1.55070348e-01,  0.00000000e+00, -1.06655351e-01],
        [ 2.35766088e-01,  3.06894173e-01,  4.55685578e-01, ...,
          2.59551021e-01,  1.06655351e-01,  0.00000000e+00]],

       ...,

       [[ 0.00000000e+00,  2.26886904e-01,  5.94339287e-01, ...,
         -4.89474995e-02,  7.64326299e-02,  6.72331989e-02],
        [-2.26886904e-01,  0.00000000e+00,  3.96373862e-01, ...,
         -2.74285950e-01, -1.51783851e-01, -1.60893693e-01],
        [-5.94339287e-01, -3.96373862e-01,  0.00000000e+00, ...,
         -6.32991168e-01, -5.31132472e-01, -5.38924561e-01],
        ...,
        [ 4.89474995e-02,  2.74285950e-01,  6.32991168e-01, ...,
          0.00000000e+00,  1.25145330e-01,  1.15989355e-01],
        [-7.64326299e-02,  1.51783851e-01,  5.31132472e-01, ...,
         -1.25145330e-01,  0.00000000e+00, -9.22316007e-03],
        [-6.72331989e-02,  1.60893693e-01,  5.38924561e-01, ...,
         -1.15989355e-01,  9.22316007e-03,  0.00000000e+00]],

       [[ 0.00000000e+00, -2.12944268e-02,  7.06190413e-02, ...,
          8.40024207e-02,  8.68059919e-02,  8.74583641e-02],
        [ 2.12944268e-02,  0.00000000e+00,  9.18442905e-02, ...,
          1.05202536e-01,  1.08000354e-01,  1.08651363e-01],
        [-7.06190413e-02, -9.18442905e-02,  0.00000000e+00, ...,
          1.34232549e-02,  1.62367975e-02,  1.68915704e-02],
        ...,
        [-8.40024207e-02, -1.05202536e-01, -1.34232549e-02, ...,
          0.00000000e+00,  2.81384923e-03,  3.46870875e-03],
        [-8.68059919e-02, -1.08000354e-01, -1.62367975e-02, ...,
         -2.81384923e-03,  0.00000000e+00,  6.54862715e-04],
        [-8.74583641e-02, -1.08651363e-01, -1.68915704e-02, ...,
         -3.46870875e-03, -6.54862715e-04,  0.00000000e+00]],

       [[ 0.00000000e+00,  1.43792458e-01, -2.41730999e-01, ...,
         -6.39695050e-01, -6.72494167e-01, -6.75630850e-01],
        [-1.43792458e-01,  0.00000000e+00, -3.78746946e-01, ...,
         -7.43570279e-01, -7.71926664e-01, -7.74619169e-01],
        [ 2.41730999e-01,  3.78746946e-01,  0.00000000e+00, ...,
         -4.34922399e-01, -4.73644513e-01, -4.77380087e-01],
        ...,
        [ 6.39695050e-01,  7.43570279e-01,  4.34922399e-01, ...,
          0.00000000e+00, -4.34585324e-02, -4.77004960e-02],
        [ 6.72494167e-01,  7.71926664e-01,  4.73644513e-01, ...,
          4.34585324e-02,  0.00000000e+00, -4.24636723e-03],
        [ 6.75630850e-01,  7.74619169e-01,  4.77380087e-01, ...,
          4.77004960e-02,  4.24636723e-03,  0.00000000e+00]]]), 'num': array([ 7.93809770e-01,  6.08164486e-01,  2.66349045e-05, -3.20520389e-10,
        8.34735989e-05,  8.35933602e-05,  8.15574188e-05,  1.39678756e-03,
        2.15570270e-06,  8.19885593e-05,  8.37610260e-05,  8.22959465e-05,
        5.73402401e-07,  8.92068854e-05,  7.83151666e-05])}
{'img': array([[[ 0.00000000e+00,  5.73189089e-01,  3.49473592e-01, ...,
         -5.41178469e-01, -5.41178469e-01, -3.18398512e-01],
        [-5.73189089e-01,  0.00000000e+00, -2.50680602e-01, ...,
         -9.25453310e-01, -9.25453310e-01, -8.04261689e-01],
        [-3.49473592e-01,  2.50680602e-01,  0.00000000e+00, ...,
         -8.00930174e-01, -8.00930174e-01, -6.29608203e-01],
        ...,
        [ 5.41178469e-01,  9.25453310e-01,  8.00930174e-01, ...,
          0.00000000e+00,  0.00000000e+00,  2.45270113e-01],
        [ 5.41178469e-01,  9.25453310e-01,  8.00930174e-01, ...,
          0.00000000e+00,  0.00000000e+00,  2.45270113e-01],
        [ 3.18398512e-01,  8.04261689e-01,  6.29608203e-01, ...,
         -2.45270113e-01, -2.45270113e-01,  0.00000000e+00]],

       [[ 0.00000000e+00,  5.23989794e-01,  7.95695861e-02, ...,
         -4.41783274e-01, -6.93085940e-01, -3.67588532e-01],
        [-5.23989794e-01,  0.00000000e+00, -4.54557018e-01, ...,
         -8.46360328e-01, -9.68038949e-01, -8.00388674e-01],
        [-7.95695861e-02,  4.54557018e-01,  0.00000000e+00, ...,
         -5.11766129e-01, -7.48246513e-01, -4.40421827e-01],
        ...,
        [ 4.41783274e-01,  8.46360328e-01,  5.11766129e-01, ...,
          0.00000000e+00, -3.03320845e-01,  8.10816897e-02],
        [ 6.93085940e-01,  9.68038949e-01,  7.48246513e-01, ...,
          3.03320845e-01,  0.00000000e+00,  3.79583957e-01],
        [ 3.67588532e-01,  8.00388674e-01,  4.40421827e-01, ...,
         -8.10816897e-02, -3.79583957e-01,  0.00000000e+00]],

       [[ 0.00000000e+00,  1.60516826e-01,  2.60703023e-01, ...,
         -2.03635112e-01, -3.06894173e-01, -2.80546884e-01],
        [-1.60516826e-01,  0.00000000e+00,  1.02356513e-01, ...,
         -3.58148090e-01, -4.55685578e-01, -4.30979584e-01],
        [-2.60703023e-01, -1.02356513e-01,  0.00000000e+00, ...,
         -4.51833690e-01, -5.44403925e-01, -5.21078579e-01],
        ...,
        [ 2.03635112e-01,  3.58148090e-01,  4.51833690e-01, ...,
          0.00000000e+00, -1.06655351e-01, -7.92113522e-02],
        [ 3.06894173e-01,  4.55685578e-01,  5.44403925e-01, ...,
          1.06655351e-01,  0.00000000e+00,  2.75606884e-02],
        [ 2.80546884e-01,  4.30979584e-01,  5.21078579e-01, ...,
          7.92113522e-02, -2.75606884e-02,  0.00000000e+00]],

       ...,

       [[ 0.00000000e+00,  3.96373862e-01,  1.52978729e-01, ...,
         -1.51783851e-01, -1.60893693e-01, -2.97020815e-01],
        [-3.96373862e-01,  0.00000000e+00, -2.51260219e-01, ...,
         -5.31132472e-01, -5.38924561e-01, -6.51177507e-01],
        [-1.52978729e-01,  2.51260219e-01,  0.00000000e+00, ...,
         -3.01203549e-01, -3.09985573e-01, -4.39599679e-01],
        ...,
        [ 1.51783851e-01,  5.31132472e-01,  3.01203549e-01, ...,
          0.00000000e+00, -9.22316007e-03, -1.48645448e-01],
        [ 1.60893693e-01,  5.38924561e-01,  3.09985573e-01, ...,
          9.22316007e-03,  0.00000000e+00, -1.39518429e-01],
        [ 2.97020815e-01,  6.51177507e-01,  4.39599679e-01, ...,
          1.48645448e-01,  1.39518429e-01,  0.00000000e+00]],

       [[ 0.00000000e+00,  9.18442905e-02,  1.17199513e-01, ...,
          1.08000354e-01,  1.08651363e-01,  1.11964594e-01],
        [-9.18442905e-02,  0.00000000e+00,  2.54928203e-02, ...,
          1.62367975e-02,  1.68915704e-02,  2.02245709e-02],
        [-1.17199513e-01, -2.54928203e-02,  0.00000000e+00, ...,
         -9.25793911e-03, -8.60310247e-03, -5.26960807e-03],
        ...,
        [-1.08000354e-01, -1.62367975e-02,  9.25793911e-03, ...,
          0.00000000e+00,  6.54862715e-04,  3.98842833e-03],
        [-1.08651363e-01, -1.68915704e-02,  8.60310247e-03, ...,
         -6.54862715e-04,  0.00000000e+00,  3.33356997e-03],
        [-1.11964594e-01, -2.02245709e-02,  5.26960807e-03, ...,
         -3.98842833e-03, -3.33356997e-03,  0.00000000e+00]],

       [[ 0.00000000e+00, -3.78746946e-01, -4.20018882e-01, ...,
         -7.71926664e-01, -7.74619169e-01, -7.53450654e-01],
        [ 3.78746946e-01,  0.00000000e+00, -4.50089157e-02, ...,
         -4.73644513e-01, -4.77380087e-01, -4.48290979e-01],
        [ 4.20018882e-01,  4.50089157e-02,  0.00000000e+00, ...,
         -4.33524437e-01, -4.37347108e-01, -4.07603758e-01],
        ...,
        [ 7.71926664e-01,  4.73644513e-01,  4.33524437e-01, ...,
          0.00000000e+00, -4.24636723e-03,  2.85679092e-02],
        [ 7.74619169e-01,  4.77380087e-01,  4.37347108e-01, ...,
          4.24636723e-03,  0.00000000e+00,  3.28122857e-02],
        [ 7.53450654e-01,  4.48290979e-01,  4.07603758e-01, ...,
         -2.85679092e-02, -3.28122857e-02,  0.00000000e+00]]]), 'num': array([ 8.13724020e-01,  5.81250503e-01,  3.35459621e-05,  7.13155291e-09,
        8.52175649e-05,  8.58324102e-05,  8.37419361e-05,  1.00594847e-03,
       -4.91876276e-07,  8.40616556e-05,  8.60660515e-05,  8.44449092e-05,
        5.70927821e-07,  9.15944104e-05,  8.05376925e-05])}
{'img': array([[[ 0.00000000e+00, -2.50680602e-01,  2.07755586e-01, ...,
         -9.25453310e-01, -8.04261689e-01, -8.35616438e-01],
        [ 2.50680602e-01,  0.00000000e+00,  4.46332864e-01, ...,
         -8.00930174e-01, -6.29608203e-01, -6.71232877e-01],
        [-2.07755586e-01, -4.46332864e-01,  0.00000000e+00, ...,
         -9.83971260e-01, -9.10177331e-01, -9.31506849e-01],
        ...,
        [ 9.25453310e-01,  8.00930174e-01,  9.83971260e-01, ...,
          0.00000000e+00,  2.45270113e-01,  1.91780822e-01],
        [ 8.04261689e-01,  6.29608203e-01,  9.10177331e-01, ...,
         -2.45270113e-01,  0.00000000e+00, -5.47945205e-02],
        [ 8.35616438e-01,  6.71232877e-01,  9.31506849e-01, ...,
         -1.91780822e-01,  5.47945205e-02,  0.00000000e+00]],

       [[ 0.00000000e+00, -4.54557018e-01, -8.02830429e-01, ...,
         -9.68038949e-01, -8.00388674e-01, -8.99749505e-01],
        [ 4.54557018e-01,  0.00000000e+00, -4.44084954e-01, ...,
         -7.48246513e-01, -4.40421827e-01, -6.03051018e-01],
        [ 8.02830429e-01,  4.44084954e-01,  0.00000000e+00, ...,
         -3.75802220e-01,  4.08424717e-03, -1.86076745e-01],
        ...,
        [ 9.68038949e-01,  7.48246513e-01,  3.75802220e-01, ...,
          0.00000000e+00,  3.79583957e-01,  1.96801615e-01],
        [ 8.00388674e-01,  4.40421827e-01, -4.08424717e-03, ...,
         -3.79583957e-01,  0.00000000e+00, -1.90088109e-01],
        [ 8.99749505e-01,  6.03051018e-01,  1.86076745e-01, ...,
         -1.96801615e-01,  1.90088109e-01,  0.00000000e+00]],

       [[ 0.00000000e+00,  1.02356513e-01,  3.84415995e-01, ...,
         -4.55685578e-01, -4.30979584e-01, -4.44737459e-01],
        [-1.02356513e-01,  0.00000000e+00,  2.87905521e-01, ...,
         -5.44403925e-01, -5.21078579e-01, -5.34078335e-01],
        [-3.84415995e-01, -2.87905521e-01,  0.00000000e+00, ...,
         -7.62855051e-01, -7.44745365e-01, -7.54870229e-01],
        ...,
        [ 4.55685578e-01,  5.44403925e-01,  7.62855051e-01, ...,
          0.00000000e+00,  2.75606884e-02,  1.22608312e-02],
        [ 4.30979584e-01,  5.21078579e-01,  7.44745365e-01, ...,
         -2.75606884e-02,  0.00000000e+00, -1.53024431e-02],
        [ 4.44737459e-01,  5.34078335e-01,  7.54870229e-01, ...,
         -1.22608312e-02,  1.53024431e-02,  0.00000000e+00]],

       ...,

       [[ 0.00000000e+00, -2.51260219e-01,  7.81226135e-02, ...,
         -5.38924561e-01, -6.51177507e-01, -6.88083438e-01],
        [ 2.51260219e-01,  0.00000000e+00,  3.26108714e-01, ...,
         -3.09985573e-01, -4.39599679e-01, -4.83687080e-01],
        [-7.81226135e-02, -3.26108714e-01,  0.00000000e+00, ...,
         -6.03084376e-01, -7.08476592e-01, -7.42668723e-01],
        ...,
        [ 5.38924561e-01,  3.09985573e-01,  6.03084376e-01, ...,
          0.00000000e+00, -1.39518429e-01, -1.88549181e-01],
        [ 6.51177507e-01,  4.39599679e-01,  7.08476592e-01, ...,
          1.39518429e-01,  0.00000000e+00, -4.96890791e-02],
        [ 6.88083438e-01,  4.83687080e-01,  7.42668723e-01, ...,
          1.88549181e-01,  4.96890791e-02,  0.00000000e+00]],

       [[ 0.00000000e+00,  2.54928203e-02,  1.46381051e-01, ...,
          1.68915704e-02,  2.02245709e-02,  1.99319427e-02],
        [-2.54928203e-02,  0.00000000e+00,  1.21115259e-01, ...,
         -8.60310247e-03, -5.26960807e-03, -5.56229094e-03],
        [-1.46381051e-01, -1.21115259e-01,  0.00000000e+00, ...,
         -1.29650547e-01, -1.26344393e-01, -1.26634729e-01],
        ...,
        [-1.68915704e-02,  8.60310247e-03,  1.29650547e-01, ...,
          0.00000000e+00,  3.33356997e-03,  3.04088429e-03],
        [-2.02245709e-02,  5.26960807e-03,  1.26344393e-01, ...,
         -3.33356997e-03,  0.00000000e+00, -2.92687166e-04],
        [-1.99319427e-02,  5.56229094e-03,  1.26634729e-01, ...,
         -3.04088429e-03,  2.92687166e-04,  0.00000000e+00]],

       [[ 0.00000000e+00, -1.92386462e-01, -4.64750040e-01, ...,
         -7.18440505e-01, -6.92273598e-01, -6.64348769e-01],
        [ 1.92386462e-01,  0.00000000e+00, -2.85721117e-01, ...,
         -5.71197696e-01, -5.40508570e-01, -5.08144217e-01],
        [ 4.64750040e-01,  2.85721117e-01,  0.00000000e+00, ...,
         -3.12862600e-01, -2.77588109e-01, -2.40877516e-01],
        ...,
        [ 7.18440505e-01,  5.71197696e-01,  3.12862600e-01, ...,
          0.00000000e+00,  3.69144162e-02,  7.48654452e-02],
        [ 6.92273598e-01,  5.40508570e-01,  2.77588109e-01, ...,
         -3.69144162e-02,  0.00000000e+00,  3.80035980e-02],
        [ 6.64348769e-01,  5.08144217e-01,  2.40877516e-01, ...,
         -7.48654452e-02, -3.80035980e-02,  0.00000000e+00]]]), 'num': array([ 9.07183323e-01,  4.20733345e-01,  7.15367615e-05,  5.68860312e-09,
        9.41819900e-05,  9.59825280e-05,  9.34894753e-05,  1.33864463e-03,
       -1.80053804e-06,  9.49576064e-05,  9.69174228e-05,  9.49414477e-05,
        5.30789658e-07,  1.03177924e-04,  9.06569220e-05])}
{'img': array([[[ 0.00000000e+00,  4.46332864e-01,  7.41246535e-01, ...,
         -6.29608203e-01, -6.71232877e-01, -7.92506440e-01],
        [-4.46332864e-01,  0.00000000e+00,  3.63723782e-01, ...,
         -9.10177331e-01, -9.31506849e-01, -9.81390015e-01],
        [-7.41246535e-01, -3.63723782e-01,  0.00000000e+00, ...,
         -9.98497652e-01, -1.00000000e+00, -9.84015616e-01],
        ...,
        [ 6.29608203e-01,  9.10177331e-01,  9.98497652e-01, ...,
          0.00000000e+00, -5.47945205e-02, -2.31733314e-01],
        [ 6.71232877e-01,  9.31506849e-01,  1.00000000e+00, ...,
          5.47945205e-02,  0.00000000e+00, -1.78082192e-01],
        [ 7.92506440e-01,  9.81390015e-01,  9.84015616e-01, ...,
          2.31733314e-01,  1.78082192e-01,  0.00000000e+00]],

       [[ 0.00000000e+00, -4.44084954e-01, -2.46810646e-01, ...,
         -4.40421827e-01, -6.03051018e-01, -5.29742371e-01],
        [ 4.44084954e-01,  0.00000000e+00,  2.09208061e-01, ...,
          4.08424717e-03, -1.86076745e-01, -9.79865752e-02],
        [ 2.46810646e-01, -2.09208061e-01,  0.00000000e+00, ...,
         -2.05212449e-01, -3.87513367e-01, -3.04019542e-01],
        ...,
        [ 4.40421827e-01, -4.08424717e-03,  2.05212449e-01, ...,
          0.00000000e+00, -1.90088109e-01, -1.02050351e-01],
        [ 6.03051018e-01,  1.86076745e-01,  3.87513367e-01, ...,
          1.90088109e-01,  0.00000000e+00,  8.89060337e-02],
        [ 5.29742371e-01,  9.79865752e-02,  3.04019542e-01, ...,
          1.02050351e-01, -8.89060337e-02,  0.00000000e+00]],

       [[ 0.00000000e+00,  2.87905521e-01,  5.81101452e-01, ...,
         -5.21078579e-01, -5.34078335e-01, -5.07976203e-01],
        [-2.87905521e-01,  0.00000000e+00,  3.22190456e-01, ...,
         -7.44745365e-01, -7.54870229e-01, -7.34461387e-01],
        [-5.81101452e-01, -3.22190456e-01,  0.00000000e+00, ...,
         -9.20045117e-01, -9.25933077e-01, -9.13950845e-01],
        ...,
        [ 5.21078579e-01,  7.44745365e-01,  9.20045117e-01, ...,
          0.00000000e+00, -1.53024431e-02,  1.52799169e-02],
        [ 5.34078335e-01,  7.54870229e-01,  9.25933077e-01, ...,
          1.53024431e-02,  0.00000000e+00,  3.05787844e-02],
        [ 5.07976203e-01,  7.34461387e-01,  9.13950845e-01, ...,
         -1.52799169e-02, -3.05787844e-02,  0.00000000e+00]],

       ...,

       [[ 0.00000000e+00,  3.26108714e-01,  2.16867945e-01, ...,
         -4.39599679e-01, -4.83687080e-01, -7.09854762e-01],
        [-3.26108714e-01,  0.00000000e+00, -1.13335369e-01, ...,
         -7.08476592e-01, -7.42668723e-01, -9.00742662e-01],
        [-2.16867945e-01,  1.13335369e-01,  0.00000000e+00, ...,
         -6.23927069e-01, -6.61987503e-01, -8.45711413e-01],
        ...,
        [ 4.39599679e-01,  7.08476592e-01,  6.23927069e-01, ...,
          0.00000000e+00, -4.96890791e-02, -3.27955964e-01],
        [ 4.83687080e-01,  7.42668723e-01,  6.61987503e-01, ...,
          4.96890791e-02,  0.00000000e+00, -2.80609926e-01],
        [ 7.09854762e-01,  9.00742662e-01,  8.45711413e-01, ...,
          3.27955964e-01,  2.80609926e-01,  0.00000000e+00]],

       [[ 0.00000000e+00,  1.21115259e-01,  3.02146651e-01, ...,
         -5.26960807e-03, -5.56229094e-03, -3.76762967e-03],
        [-1.21115259e-01,  0.00000000e+00,  1.84467876e-01, ...,
         -1.26344393e-01, -1.26634729e-01, -1.24854294e-01],
        [-3.02146651e-01, -1.84467876e-01,  0.00000000e+00, ...,
         -3.07165770e-01, -3.07444295e-01, -3.05736043e-01],
        ...,
        [ 5.26960807e-03,  1.26344393e-01,  3.07165770e-01, ...,
          0.00000000e+00, -2.92687166e-04,  1.50199331e-03],
        [ 5.56229094e-03,  1.26634729e-01,  3.07444295e-01, ...,
          2.92687166e-04,  0.00000000e+00,  1.79468008e-03],
        [ 3.76762967e-03,  1.24854294e-01,  3.05736043e-01, ...,
         -1.50199331e-03, -1.79468008e-03,  0.00000000e+00]],

       [[ 0.00000000e+00, -4.29180569e-01, -6.14426691e-01, ...,
         -6.74945617e-01, -6.45336772e-01, -6.57104752e-01],
        [ 4.29180569e-01,  0.00000000e+00, -2.16349408e-01, ...,
         -2.92945126e-01, -2.55029986e-01, -2.69993306e-01],
        [ 6.14426691e-01,  2.16349408e-01,  0.00000000e+00, ...,
         -7.91490154e-02, -3.97944417e-02, -5.52841173e-02],
        ...,
        [ 6.74945617e-01,  2.92945126e-01,  7.91490154e-02, ...,
          0.00000000e+00,  3.94167221e-02,  2.39172902e-02],
        [ 6.45336772e-01,  2.55029986e-01,  3.97944417e-02, ...,
         -3.94167221e-02,  0.00000000e+00, -1.55067435e-02],
        [ 6.57104752e-01,  2.69993306e-01,  5.52841173e-02, ...,
         -2.39172902e-02,  1.55067435e-02,  0.00000000e+00]]]), 'num': array([ 9.99950747e-01,  9.86946176e-03,  1.44748726e-04, -9.32870442e-09,
        1.03825638e-04,  1.05039973e-04,  1.03370263e-04,  9.94282277e-04,
        6.07167474e-07,  1.04220297e-04,  1.06284666e-04,  1.03904064e-04,
        6.25566489e-07,  1.13020943e-04,  9.95483902e-05])}
{'img': array([[[ 0.        ,  0.36372378, -0.03600192, ..., -0.93150685,
         -0.98139001, -0.96924302],
        [-0.36372378,  0.        , -0.39702402, ..., -1.        ,
         -0.98401562, -0.99237097],
        [ 0.03600192,  0.39702402,  0.        , ..., -0.91780822,
         -0.97384053, -0.9597544 ],
        ...,
        [ 0.93150685,  1.        ,  0.91780822, ...,  0.        ,
         -0.17808219, -0.12328767],
        [ 0.98139001,  0.98401562,  0.97384053, ...,  0.17808219,
          0.        ,  0.0554066 ],
        [ 0.96924302,  0.99237097,  0.9597544 , ...,  0.12328767,
         -0.0554066 ,  0.        ]],

       [[ 0.        ,  0.20920806, -0.03584066, ..., -0.18607674,
         -0.09798658, -0.30459592],
        [-0.20920806,  0.        , -0.2441212 , ..., -0.38751337,
         -0.30401954, -0.49712241],
        [ 0.03584066,  0.2441212 ,  0.        , ..., -0.15074248,
         -0.06225543, -0.27026265],
        ...,
        [ 0.18607674,  0.38751337,  0.15074248, ...,  0.        ,
          0.08890603, -0.12204153],
        [ 0.09798658,  0.30401954,  0.06225543, ..., -0.08890603,
          0.        , -0.20979971],
        [ 0.30459592,  0.49712241,  0.27026265, ...,  0.12204153,
          0.20979971,  0.        ]],

       [[ 0.        ,  0.32219046,  0.73568747, ..., -0.75487023,
         -0.73446139, -0.72401894],
        [-0.32219046,  0.        ,  0.47823043, ..., -0.92593308,
         -0.91395084, -0.9076511 ],
        [-0.73568747, -0.47823043,  0.        , ..., -0.99380799,
         -0.99674089, -0.99785591],
        ...,
        [ 0.75487023,  0.92593308,  0.99380799, ...,  0.        ,
          0.03057878,  0.04582913],
        [ 0.73446139,  0.91395084,  0.99674089, ..., -0.03057878,
          0.        ,  0.01526104],
        [ 0.72401894,  0.9076511 ,  0.99785591, ..., -0.04582913,
         -0.01526104,  0.        ]],

       ...,

       [[ 0.        , -0.11333537, -0.20013904, ..., -0.74266872,
         -0.90074266, -0.85108335],
        [ 0.11333537,  0.        , -0.08780719, ..., -0.6619875 ,
         -0.84571141, -0.78609511],
        [ 0.20013904,  0.08780719,  0.        , ..., -0.59361777,
         -0.79558737, -0.7287847 ],
        ...,
        [ 0.74266872,  0.6619875 ,  0.59361777, ...,  0.        ,
         -0.28060993, -0.18001182],
        [ 0.90074266,  0.84571141,  0.79558737, ...,  0.28060993,
          0.        ,  0.10324672],
        [ 0.85108335,  0.78609511,  0.7287847 , ...,  0.18001182,
         -0.10324672,  0.        ]],

       [[ 0.        ,  0.18446788,  0.34282223, ..., -0.12663473,
         -0.12485429, -0.13191837],
        [-0.18446788,  0.        ,  0.16364972, ..., -0.30744429,
         -0.30573604, -0.31251019],
        [-0.34282223, -0.16364972,  0.        , ..., -0.45902301,
         -0.45742784, -0.46375032],
        ...,
        [ 0.12663473,  0.30744429,  0.45902301, ...,  0.        ,
          0.00179468, -0.00532833],
        [ 0.12485429,  0.30573604,  0.45742784, ..., -0.00179468,
          0.        , -0.00712298],
        [ 0.13191837,  0.31251019,  0.46375032, ...,  0.00532833,
          0.00712298,  0.        ]],

       [[ 0.        , -0.25624218, -0.3181093 , ..., -0.29857928,
         -0.31478569, -0.26068025],
        [ 0.25624218,  0.        , -0.06455703, ..., -0.04405685,
         -0.06106028, -0.00459416],
        [ 0.3181093 ,  0.06455703,  0.        , ...,  0.0205294 ,
          0.00350366,  0.05997177],
        ...,
        [ 0.29857928,  0.04405685, -0.0205294 , ...,  0.        ,
         -0.01702635,  0.03946669],
        [ 0.31478569,  0.06106028, -0.00350366, ...,  0.01702635,
          0.        ,  0.05647405],
        [ 0.26068025,  0.00459416, -0.05997177, ..., -0.03946669,
         -0.05647405,  0.        ]]]), 'num': array([ 9.63610122e-01,  2.67306624e-01,  1.03003476e-04, -1.17089285e-09,
        9.97712419e-05,  1.02575463e-04,  9.93284701e-05,  1.61502484e-03,
       -1.18072476e-06,  1.01247148e-04,  1.03379832e-04,  1.00819135e-04,
        4.14466738e-07,  1.09839834e-04,  9.69198303e-05])}
{'img': array([[[ 0.        , -0.39702402, -0.6414997 , ..., -0.98401562,
         -0.99237097, -0.97250627],
        [ 0.39702402,  0.        , -0.28420732, ..., -0.97384053,
         -0.9597544 , -0.98503189],
        [ 0.6414997 ,  0.28420732,  0.        , ..., -0.86910097,
         -0.84035989, -0.89542254],
        ...,
        [ 0.98401562,  0.97384053,  0.86910097, ...,  0.        ,
          0.0554066 , -0.05596827],
        [ 0.99237097,  0.9597544 ,  0.84035989, ..., -0.0554066 ,
          0.        , -0.11120206],
        [ 0.97250627,  0.98503189,  0.89542254, ...,  0.05596827,
          0.11120206,  0.        ]],

       [[ 0.        , -0.2441212 , -0.02770518, ..., -0.30401954,
         -0.49712241, -0.2394464 ],
        [ 0.2441212 ,  0.        ,  0.21716054, ..., -0.06225543,
         -0.27026265,  0.00481772],
        [ 0.02770518, -0.21716054,  0.        , ..., -0.27750906,
         -0.47289234, -0.21245526],
        ...,
        [ 0.30401954,  0.06225543,  0.27750906, ...,  0.        ,
         -0.20979971,  0.06706309],
        [ 0.49712241,  0.27026265,  0.47289234, ...,  0.20979971,
          0.        ,  0.27489795],
        [ 0.2394464 , -0.00481772,  0.21245526, ..., -0.06706309,
         -0.27489795,  0.        ]],

       [[ 0.        ,  0.47823043,  0.31830597, ..., -0.91395084,
         -0.9076511 , -0.91145556],
        [-0.47823043,  0.        , -0.17380947, ..., -0.99674089,
         -0.99785591, -0.99721493],
        [-0.31830597,  0.17380947,  0.        , ..., -0.99559095,
         -0.99404351, -0.99499958],
        ...,
        [ 0.91395084,  0.99674089,  0.99559095, ...,  0.        ,
          0.01526104,  0.00610668],
        [ 0.9076511 ,  0.99785591,  0.99404351, ..., -0.01526104,
          0.        , -0.00915479],
        [ 0.91145556,  0.99721493,  0.99499958, ..., -0.00610668,
          0.00915479,  0.        ]],

       ...,

       [[ 0.        , -0.08780719, -0.25455604, ..., -0.84571141,
         -0.78609511, -0.98913236],
        [ 0.08780719,  0.        , -0.16865817, ..., -0.79558737,
         -0.7287847 , -0.97240173],
        [ 0.25455604,  0.16865817,  0.        , ..., -0.68201059,
         -0.60285708, -0.91912157],
        ...,
        [ 0.84571141,  0.79558737,  0.68201059, ...,  0.        ,
          0.10324672, -0.40349803],
        [ 0.78609511,  0.7287847 ,  0.60285708, ..., -0.10324672,
          0.        , -0.49581038],
        [ 0.98913236,  0.97240173,  0.91912157, ...,  0.40349803,
          0.49581038,  0.        ]],

       [[ 0.        ,  0.16364972,  0.26870112, ..., -0.30573604,
         -0.31251019, -0.3190049 ],
        [-0.16364972,  0.        ,  0.10744735, ..., -0.45742784,
         -0.46375032, -0.46980377],
        [-0.26870112, -0.10744735,  0.        , ..., -0.55032689,
         -0.55626026, -0.56193536],
        ...,
        [ 0.30573604,  0.45742784,  0.55032689, ...,  0.        ,
         -0.00712298, -0.0139675 ],
        [ 0.31251019,  0.46375032,  0.55626026, ...,  0.00712298,
          0.        , -0.00684486],
        [ 0.3190049 ,  0.46980377,  0.56193536, ...,  0.0139675 ,
          0.00684486,  0.        ]],

       [[ 0.        , -0.06455703, -0.01826763, ..., -0.06106028,
         -0.00459416,  0.03628599],
        [ 0.06455703,  0.        ,  0.04631673, ...,  0.00350366,
          0.05997177,  0.10072481],
        [ 0.01826763, -0.04631673,  0.        , ..., -0.04281655,
          0.01367404,  0.05453553],
        ...,
        [ 0.06106028, -0.00350366,  0.04281655, ...,  0.        ,
          0.05647405,  0.09723835],
        [ 0.00459416, -0.05997177, -0.01367404, ..., -0.05647405,
          0.        ,  0.04087674],
        [-0.03628599, -0.10072481, -0.05453553, ..., -0.09723835,
         -0.04087674,  0.        ]]]), 'num': array([ 9.89800986e-01,  1.42451838e-01,  1.24610169e-04, -1.40044780e-08,
        1.02572225e-04,  1.03024749e-04,  1.01214651e-04,  1.17511567e-03,
        6.03366027e-07,  1.02964413e-04,  1.05717270e-04,  1.02823627e-04,
        4.71379709e-07,  1.12182215e-04,  9.92523255e-05])}
{'img': array([[[ 0.        , -0.53813738, -0.83041666, ..., -0.99631976,
         -0.9797959 , -0.98974332],
        [ 0.53813738,  0.        , -0.40010322, ..., -0.88588129,
         -0.93345545, -0.91108899],
        [ 0.83041666,  0.40010322,  0.        , ..., -0.62627101,
         -0.71196962, -0.67005937],
        ...,
        [ 0.99631976,  0.88588129,  0.62627101, ...,  0.        ,
         -0.11528145, -0.05749625],
        [ 0.9797959 ,  0.93345545,  0.71196962, ...,  0.11528145,
          0.        ,  0.05797782],
        [ 0.98974332,  0.91108899,  0.67005937, ...,  0.05749625,
         -0.05797782,  0.        ]],

       [[ 0.        ,  0.21716054,  0.23534904, ..., -0.27026265,
          0.00481772, -0.17661117],
        [-0.21716054,  0.        ,  0.01867195, ..., -0.47289234,
         -0.21245526, -0.38614343],
        [-0.23534904, -0.01867195,  0.        , ..., -0.48926213,
         -0.23066391, -0.40329984],
        ...,
        [ 0.27026265,  0.47289234,  0.48926213, ...,  0.        ,
          0.27489795,  0.09597544],
        [-0.00481772,  0.21245526,  0.23066391, ..., -0.27489795,
          0.        , -0.18135111],
