state_0,state_1,state_2,state_3,state_4,state_5,state_6,state_7,state_8,state_9,state_10,state_11,state_12,state_13,state_14,state_15,state_16,state_17,state_18,state_19,state_20,state_21,state_22,state_23,state_24,state_25,state_26,state_27,state_28,state_29,state_30,state_31,state_32,state_33,state_34,state_35,state_36,state_37,state_38,state_39,state_40,state_41,state_42,state_43,state_44,state_45,state_46,state_47,state_48,state_49,state_50,state_51,state_52,state_53,state_54,state_55,state_56,state_57,state_58,state_59,state_60,state_61,state_62,state_63,state_64,state_65,state_66,state_67,state_68,state_69,state_70,state_71,state_72,state_73,state_74,state_75,state_76,state_77,state_78,state_79,state_80,state_81,state_82,state_83,state_84,state_85,state_86,state_87,state_88,state_89,state_90,state_91,state_92,state_93,state_94,state_95,state_96,state_97,state_98,state_99,state_100,state_101,state_102,state_103,state_104,state_105,state_106,state_107,state_108,state_109,state_110,state_111,state_112,state_113,state_114,state_115,state_116,state_117,state_118,state_119,state_120,state_121,state_122,state_123,state_124,state_125,state_126,state_127,state_128,state_129,state_130,state_131,state_132,state_133,state_134,state_135,state_136,state_137,state_138,state_139,state_140,state_141,state_142,state_143,state_144,state_145,state_146,state_147,state_148,state_149,state_150,state_151,state_152,state_153,state_154,state_155,state_156,state_157,state_158,state_159,state_160,state_161,state_162,state_163,state_164,state_165,state_166,state_167,state_168,state_169,state_170,state_171,state_172,state_173,state_174,state_175,state_176,state_177,state_178,state_179,state_180,state_181,state_182,state_183,state_184,state_185,state_186,state_187,state_188,state_189,state_190,state_191,state_192,state_193,state_194,state_195,state_196,state_197,state_198,state_199,state_200,state_201,state_202,state_203,state_204,state_205,state_206,state_207,state_208,state_209,state_210,state_211,state_212,state_213,state_214,state_215,state_216,state_217,state_218,state_219,state_220,state_221,state_222,state_223,state_224,state_225,state_226,state_227,state_228,state_229,state_230,state_231,state_232,state_233,state_234,state_235,state_236,state_237,state_238,state_239,state_240,state_241,state_242,state_243,state_244,state_245,state_246,state_247,state_248,state_249,state_250,state_251,state_252,state_253,state_254,state_255,state_256,state_257,state_258,state_259,state_260,state_261,state_262,state_263,state_264,state_265,state_266,state_267,state_268,state_269,state_270,state_271,state_272,state_273,state_274,state_275,state_276,state_277,state_278,state_279,state_280,state_281,state_282,state_283,state_284,state_285,state_286,state_287
{'img': array([[[ 0.        ,  0.01869077,  0.18675961, ..., -0.44961569,
         -0.63768865, -0.99995633],
        [-0.01869077,  0.        ,  0.16836507, ..., -0.46623216,
         -0.65197465, -0.99995633],
        [-0.18675961, -0.16836507,  0.        , ..., -0.60852281,
         -0.77032878, -0.98410816],
        ...,
        [ 0.44961569,  0.46623216,  0.60852281, ...,  0.        ,
         -0.22326123, -0.88898108],
        [ 0.63768865,  0.65197465,  0.77032878, ...,  0.22326123,
          0.        , -0.76430087],
        [ 0.99995633,  0.99995633,  0.98410816, ...,  0.88898108,
          0.76430087,  0.        ]],

       [[ 0.        , -0.3741782 , -0.23714648, ...,  0.26065682,
          0.75118429,  0.8174848 ],
        [ 0.3741782 ,  0.        ,  0.14358495, ...,  0.60296531,
          0.94360811,  0.97360811],
        [ 0.23714648, -0.14358495,  0.        , ...,  0.48216998,
          0.88629456,  0.93074971],
        ...,
        [-0.26065682, -0.60296531, -0.48216998, ...,  0.        ,
          0.55315937,  0.63910026],
        [-0.75118429, -0.94360811, -0.88629456, ..., -0.55315937,
          0.        ,  0.1069709 ],
        [-0.8174848 , -0.97360811, -0.93074971, ..., -0.63910026,
         -0.1069709 ,  0.        ]],

       [[ 0.        , -0.03356362, -0.02796376, ..., -0.56047122,
         -0.70945116, -0.9971678 ],
        [ 0.03356362,  0.        ,  0.00560248, ..., -0.53235893,
         -0.68539733, -0.99408169],
        [ 0.02796376, -0.00560248,  0.        , ..., -0.53709319,
         -0.68946613, -0.99467472],
        ...,
        [ 0.56047122,  0.53235893,  0.53709319, ...,  0.        ,
         -0.19255426, -0.78367591],
        [ 0.70945116,  0.68539733,  0.68946613, ...,  0.19255426,
          0.        , -0.64940154],
        [ 0.9971678 ,  0.99408169,  0.99467472, ...,  0.78367591,
          0.64940154,  0.        ]],

       ...,

       [[ 0.        , -0.12920856,  0.11542559, ..., -0.91458644,
         -0.90324584, -0.58352424],
        [ 0.12920856,  0.        ,  0.24280297, ..., -0.95917057,
         -0.95112076, -0.68356253],
        [-0.11542559, -0.24280297,  0.        , ..., -0.86179646,
         -0.84767684, -0.48588741],
        ...,
        [ 0.91458644,  0.95917057,  0.86179646, ...,  0.        ,
         -0.0272065 , -0.5067601 ],
        [ 0.90324584,  0.95112076,  0.84767684, ...,  0.0272065 ,
          0.        , -0.48311814],
        [ 0.58352424,  0.68356253,  0.48588741, ...,  0.5067601 ,
          0.48311814,  0.        ]],

       [[ 0.        ,  0.0867508 ,  0.22433071, ...,  0.66519505,
          0.46448636,  0.55281537],
        [-0.0867508 ,  0.        ,  0.1389452 , ...,  0.5979131 ,
          0.38591046,  0.4784415 ],
        [-0.22433071, -0.1389452 ,  0.        , ...,  0.48074034,
          0.25398518,  0.35179017],
        ...,
        [-0.66519505, -0.5979131 , -0.48074034, ...,  0.        ,
         -0.24226575, -0.14153909],
        [-0.46448636, -0.38591046, -0.25398518, ...,  0.24226575,
          0.        ,  0.10250415],
        [-0.55281537, -0.4784415 , -0.35179017, ...,  0.14153909,
         -0.10250415,  0.        ]],

       [[ 0.        ,  0.17627938,  0.3322562 , ...,  0.80555382,
          0.70677369, -0.32266586],
        [-0.17627938,  0.        ,  0.16078833, ...,  0.68848948,
          0.5709987 , -0.48446368],
        [-0.3322562 , -0.16078833,  0.        , ...,  0.56292033,
          0.43157005, -0.61881974],
        ...,
        [-0.80555382, -0.68848948, -0.56292033, ...,  0.        ,
         -0.15110139, -0.95365393],
        [-0.70677369, -0.5709987 , -0.43157005, ...,  0.15110139,
          0.        , -0.89723708],
        [ 0.32266586,  0.48446368,  0.61881974, ...,  0.95365393,
          0.89723708,  0.        ]]]), 'num': array([ 7.05579029e-01,  7.05579029e-01,  0.00000000e+00,  0.00000000e+00,
        2.70029869e-03,  2.79048548e-03,  2.66846806e-03,  6.51933803e-02,
       -4.77459494e-05,  2.83186531e-03,  2.97351162e-03,  3.07572332e-03,
        8.94837070e-07,  3.17775474e-03,  2.76926851e-03])}
{'img': array([[[ 0.        ,  0.15682289,  0.01731878, ..., -0.58909509,
         -0.88780653, -0.99627726],
        [-0.15682289,  0.        , -0.13969487, ..., -0.70852895,
         -0.94899401, -0.97043085],
        [-0.01731878,  0.13969487,  0.        , ..., -0.60300142,
         -0.89564377, -0.99463483],
        ...,
        [ 0.58909509,  0.70852895,  0.60300142, ...,  0.        ,
         -0.44629275, -0.85583956],
        [ 0.88780653,  0.94899401,  0.89564377, ...,  0.44629275,
          0.        , -0.53503864],
        [ 0.99627726,  0.97043085,  0.99463483, ...,  0.85583956,
          0.53503864,  0.        ]],

       [[ 0.        ,  0.14358495, -0.24018363, ...,  0.94360811,
          0.97360811,  0.97504386],
        [-0.14358495,  0.        , -0.3770767 , ...,  0.88629456,
          0.93074971,  0.93306283],
        [ 0.24018363,  0.3770767 ,  0.        , ...,  0.9955026 ,
          0.99992436,  0.99982559],
        ...,
        [-0.94360811, -0.88629456, -0.9955026 , ...,  0.        ,
          0.1069709 ,  0.11330982],
        [-0.97360811, -0.93074971, -0.99992436, ..., -0.1069709 ,
          0.        ,  0.00637769],
        [-0.97504386, -0.93306283, -0.99982559, ..., -0.11330982,
         -0.00637769,  0.        ]],

       [[ 0.        ,  0.0049273 ,  0.00985509, ..., -0.57291157,
         -0.78093223, -0.99980585],
        [-0.0049273 ,  0.        ,  0.0049279 , ..., -0.57694312,
         -0.78400042, -0.99969662],
        [-0.00985509, -0.0049279 ,  0.        , ..., -0.58096115,
         -0.78704994, -0.99956311],
        ...,
        [ 0.57291157,  0.57694312,  0.58096115, ...,  0.        ,
         -0.28221587, -0.83074696],
        [ 0.78093223,  0.78400042,  0.78704994, ...,  0.28221587,
          0.        , -0.63988233],
        [ 0.99980585,  0.99969662,  0.99956311, ...,  0.83074696,
          0.63988233,  0.        ]],

       ...,

       [[ 0.        ,  0.23833048, -0.12278311, ..., -0.9782594 ,
         -0.89505421, -0.67370628],
        [-0.23833048,  0.        , -0.35577216, ..., -0.90064382,
         -0.7629772 , -0.4781668 ],
        [ 0.12278311,  0.35577216,  0.        , ..., -0.9963208 ,
         -0.94303784, -0.75934532],
        ...,
        [ 0.9782594 ,  0.90064382,  0.9963208 , ...,  0.        ,
         -0.25064114, -0.58321634],
        [ 0.89505421,  0.7629772 ,  0.94303784, ...,  0.25064114,
          0.        , -0.36100009],
        [ 0.67370628,  0.4781668 ,  0.75934532, ...,  0.58321634,
          0.36100009,  0.        ]],

       [[ 0.        ,  0.1389452 ,  0.1837474 , ...,  0.38591046,
          0.4784415 ,  0.39885944],
        [-0.1389452 ,  0.        ,  0.04538562, ...,  0.25398518,
          0.35179017,  0.26757611],
        [-0.1837474 , -0.04538562,  0.        , ...,  0.20982612,
          0.30894315,  0.22356967],
        ...,
        [-0.38591046, -0.25398518, -0.20982612, ...,  0.        ,
          0.10250415,  0.01407774],
        [-0.4784415 , -0.35179017, -0.30894315, ..., -0.10250415,
          0.        , -0.08849041],
        [-0.39885944, -0.26757611, -0.22356967, ..., -0.01407774,
          0.08849041,  0.        ]],

       [[ 0.        ,  0.08231833,  0.16682257, ...,  0.36724846,
         -0.12287591, -0.85612341],
        [-0.08231833,  0.        ,  0.0850916 , ...,  0.28943589,
         -0.2041534 , -0.89575756],
        [-0.16682257, -0.0850916 ,  0.        , ...,  0.20693669,
         -0.28671244, -0.93033563],
        ...,
        [-0.36724846, -0.28943589, -0.20693669, ...,  0.        ,
         -0.47875516, -0.98608348],
        [ 0.12287591,  0.2041534 ,  0.28671244, ...,  0.47875516,
          0.        , -0.78613698],
        [ 0.85612341,  0.89575756,  0.93033563, ...,  0.98608348,
          0.78613698,  0.        ]]]), 'num': array([ 9.91441342e-01,  8.41207036e-03,  1.89408337e-05, -1.02932739e-09,
        3.79547981e-03,  3.86129738e-03,  3.64190548e-03,  1.29799998e-01,
        7.31306322e-05,  3.84667126e-03,  4.07374187e-03,  4.23341042e-03,
        1.51304756e-06,  4.36879384e-03,  3.77868990e-03])}
{'img': array([[[ 0.00000000e+00, -1.39694872e-01, -1.90861504e-01, ...,
         -9.48994009e-01, -9.70430847e-01, -9.38610718e-01],
        [ 1.39694872e-01,  0.00000000e+00, -5.18631717e-02, ...,
         -8.95643772e-01, -9.94634835e-01, -8.81215585e-01],
        [ 1.90861504e-01,  5.18631717e-02,  0.00000000e+00, ...,
         -8.71371122e-01, -9.98661411e-01, -8.55513166e-01],
        ...,
        [ 9.48994009e-01,  8.95643772e-01,  8.71371122e-01, ...,
          0.00000000e+00, -5.35038643e-01,  3.14437682e-02],
        [ 9.70430847e-01,  9.94634835e-01,  9.98661411e-01, ...,
          5.35038643e-01,  0.00000000e+00,  5.61338641e-01],
        [ 9.38610718e-01,  8.81215585e-01,  8.55513166e-01, ...,
         -3.14437682e-02, -5.61338641e-01,  0.00000000e+00]],

       [[ 0.00000000e+00, -3.66784814e-01, -3.66102490e-05, ...,
          9.09871103e-01,  9.12305974e-01,  6.31022553e-01],
        [ 3.66784814e-01,  0.00000000e+00,  3.66750755e-01, ...,
          9.98634107e-01,  9.98925315e-01,  3.02505315e-01],
        [ 3.66102490e-05, -3.66750755e-01,  0.00000000e+00, ...,
          9.09886292e-01,  9.12320965e-01,  6.30994152e-01],
        ...,
        [-9.09871103e-01, -9.98634107e-01, -9.09886292e-01, ...,
          0.00000000e+00,  5.90695874e-03,  9.67651292e-01],
        [-9.12305974e-01, -9.98925315e-01, -9.12320965e-01, ...,
         -5.90695874e-03,  0.00000000e+00,  9.66144135e-01],
        [-6.31022553e-01, -3.02505315e-01, -6.30994152e-01, ...,
         -9.67651292e-01, -9.66144135e-01,  0.00000000e+00]],

       [[ 0.00000000e+00,  4.52301213e-03, -4.51060316e-02, ...,
         -6.96709235e-01, -8.81977332e-01, -9.93919146e-01],
        [-4.52301213e-03,  0.00000000e+00, -4.96239789e-02, ...,
         -6.99946708e-01, -8.84099969e-01, -9.93410940e-01],
        [ 4.51060316e-02,  4.96239789e-02,  0.00000000e+00, ...,
         -6.63643152e-01, -8.59821556e-01, -9.97874271e-01],
        ...,
        [ 6.96709235e-01,  6.99946708e-01,  6.63643152e-01, ...,
          0.00000000e+00, -3.04336279e-01, -7.89707813e-01],
        [ 8.81977332e-01,  8.84099969e-01,  8.59821556e-01, ...,
          3.04336279e-01,  0.00000000e+00, -5.65542575e-01],
        [ 9.93919146e-01,  9.93410940e-01,  9.97874271e-01, ...,
          7.89707813e-01,  5.65542575e-01,  0.00000000e+00]],

       ...,

       [[ 0.00000000e+00, -3.55772162e-01, -6.50056820e-01, ...,
         -7.62977197e-01, -4.78166801e-01, -8.62626878e-01],
        [ 3.55772162e-01,  0.00000000e+00, -3.37179227e-01, ...,
         -9.43037836e-01, -7.59345324e-01, -9.86151607e-01],
        [ 6.50056820e-01,  3.37179227e-01,  0.00000000e+00, ...,
         -9.99988627e-01, -9.34276849e-01, -9.84322978e-01],
        ...,
        [ 7.62977197e-01,  9.43037836e-01,  9.99988627e-01, ...,
          0.00000000e+00, -3.61000086e-01,  1.71678963e-01],
        [ 4.78166801e-01,  7.59345324e-01,  9.34276849e-01, ...,
          3.61000086e-01,  0.00000000e+00,  5.15742226e-01],
        [ 8.62626878e-01,  9.86151607e-01,  9.84322978e-01, ...,
         -1.71678963e-01, -5.15742226e-01,  0.00000000e+00]],

       [[ 0.00000000e+00,  4.53856163e-02,  6.11691271e-02, ...,
          3.51790174e-01,  2.67576107e-01,  1.83074490e-01],
        [-4.53856163e-02,  0.00000000e+00,  1.58054670e-02, ...,
          3.08943152e-01,  2.23569673e-01,  1.38267283e-01],
        [-6.11691271e-02, -1.58054670e-02,  0.00000000e+00, ...,
          2.93872289e-01,  2.08136348e-01,  1.22596357e-01],
        ...,
        [-3.51790174e-01, -3.08943152e-01, -2.93872289e-01, ...,
          0.00000000e+00, -8.84904094e-02, -1.74472420e-01],
        [-2.67576107e-01, -2.23569673e-01, -2.08136348e-01, ...,
          8.84904094e-02,  0.00000000e+00, -8.66548204e-02],
        [-1.83074490e-01, -1.38267283e-01, -1.22596357e-01, ...,
          1.74472420e-01,  8.66548204e-02,  0.00000000e+00]],

       [[ 0.00000000e+00,  7.10976344e-02,  1.47067431e-01, ...,
         -1.64090200e-01, -5.63314926e-01, -9.60022894e-01],
        [-7.10976344e-02,  0.00000000e+00,  7.63707042e-02, ...,
         -2.33808877e-01, -6.20633251e-01, -9.77495179e-01],
        [-1.47067431e-01, -7.63707042e-02,  0.00000000e+00, ...,
         -3.07379942e-01, -6.78703032e-01, -9.90751390e-01],
        ...,
        [ 1.64090200e-01,  2.33808877e-01,  3.07379942e-01, ...,
          0.00000000e+00, -4.20101123e-01, -9.01077735e-01],
        [ 5.63314926e-01,  6.20633251e-01,  6.78703032e-01, ...,
          4.20101123e-01,  0.00000000e+00, -6.35527542e-01],
        [ 9.60022894e-01,  9.77495179e-01,  9.90751390e-01, ...,
          9.01077735e-01,  6.35527542e-01,  0.00000000e+00]]]), 'num': array([7.06540942e-01, 7.06540942e-01, 0.00000000e+00, 9.22568861e-08,
       2.75098270e-03, 2.77708311e-03, 2.69878189e-03, 3.91851124e-02,
       4.17606482e-05, 2.72488230e-03, 2.89453493e-03, 3.01711983e-03,
       1.34711768e-06, 3.10942228e-03, 2.67964758e-03])}
{'img': array([[[ 0.00000000e+00, -5.18631717e-02,  1.22119108e-01, ...,
         -9.94634835e-01, -8.81215585e-01, -7.60865879e-01],
        [ 5.18631717e-02,  0.00000000e+00,  1.73429759e-01, ...,
         -9.98661411e-01, -8.55513166e-01, -7.26187418e-01],
        [-1.22119108e-01, -1.73429759e-01,  0.00000000e+00, ...,
         -9.74557432e-01, -9.32347570e-01, -8.34415351e-01],
        ...,
        [ 9.94634835e-01,  9.98661411e-01,  9.74557432e-01, ...,
          0.00000000e+00,  5.61338641e-01,  7.24137931e-01],
        [ 8.81215585e-01,  8.55513166e-01,  9.32347570e-01, ...,
         -5.61338641e-01,  0.00000000e+00,  2.12156466e-01],
        [ 7.60865879e-01,  7.26187418e-01,  8.34415351e-01, ...,
         -7.24137931e-01, -2.12156466e-01,  0.00000000e+00]],

       [[ 0.00000000e+00,  3.66750755e-01,  3.48413779e-01, ...,
          9.98925315e-01,  3.02505315e-01,  7.58386274e-01],
        [-3.66750755e-01,  0.00000000e+00, -1.96344172e-02, ...,
          9.12320965e-01,  6.30994152e-01,  4.66491224e-01],
        [-3.48413779e-01,  1.96344172e-02,  0.00000000e+00, ...,
          9.20184913e-01,  6.15640376e-01,  4.83768445e-01],
        ...,
        [-9.98925315e-01, -9.12320965e-01, -9.20184913e-01, ...,
          0.00000000e+00,  9.66144135e-01, -6.15954575e-01],
        [-3.02505315e-01, -6.30994152e-01, -6.15640376e-01, ...,
         -9.66144135e-01,  0.00000000e+00, -9.20028725e-01],
        [-7.58386274e-01, -4.66491224e-01, -4.83768445e-01, ...,
          6.15954575e-01,  9.20028725e-01,  0.00000000e+00]],

       [[ 0.00000000e+00, -4.76973226e-02, -8.69836755e-03, ...,
         -8.39128093e-01, -9.65216718e-01, -9.88274416e-01],
        [ 4.76973226e-02,  0.00000000e+00,  3.90070507e-02, ...,
         -8.12228838e-01, -9.51647623e-01, -9.94432414e-01],
        [ 8.69836755e-03, -3.90070507e-02,  0.00000000e+00, ...,
         -8.34365010e-01, -9.62906004e-01, -9.89565166e-01],
        ...,
        [ 8.39128093e-01,  8.12228838e-01,  8.34365010e-01, ...,
          0.00000000e+00, -3.05623075e-01, -6.65680853e-01],
        [ 9.65216718e-01,  9.51647623e-01,  9.62906004e-01, ...,
          3.05623075e-01,  0.00000000e+00, -4.05762629e-01],
        [ 9.88274416e-01,  9.94432414e-01,  9.89565166e-01, ...,
          6.65680853e-01,  4.05762629e-01,  0.00000000e+00]],

       ...,

       [[ 0.00000000e+00, -3.37179227e-01, -1.61578176e-01, ...,
         -7.59345324e-01, -9.86151607e-01, -9.90920305e-01],
        [ 3.37179227e-01,  0.00000000e+00,  1.80632429e-01, ...,
         -9.34276849e-01, -9.84322978e-01, -8.87558552e-01],
        [ 1.61578176e-01, -1.80632429e-01,  0.00000000e+00, ...,
         -8.54504418e-01, -9.99990641e-01, -9.56175254e-01],
        ...,
        [ 7.59345324e-01,  9.34276849e-01,  8.54504418e-01, ...,
          0.00000000e+00,  5.15742226e-01,  7.46874198e-01],
        [ 9.86151607e-01,  9.84322978e-01,  9.99990641e-01, ...,
         -5.15742226e-01,  0.00000000e+00,  2.96929129e-01],
        [ 9.90920305e-01,  8.87558552e-01,  9.56175254e-01, ...,
         -7.46874198e-01, -2.96929129e-01,  0.00000000e+00]],

       [[ 0.00000000e+00,  1.58054670e-02,  1.60837616e-02, ...,
          2.23569673e-01,  1.38267283e-01,  3.77241153e-02],
        [-1.58054670e-02,  0.00000000e+00,  2.78329987e-04, ...,
          2.08136348e-01,  1.22596357e-01,  2.19251865e-02],
        [-1.60837616e-02, -2.78329987e-04,  0.00000000e+00, ...,
          2.07864105e-01,  1.22320122e-01,  2.16469226e-02],
        ...,
        [-2.23569673e-01, -2.08136348e-01, -2.07864105e-01, ...,
          0.00000000e+00, -8.66548204e-02, -1.86641294e-01],
        [-1.38267283e-01, -1.22596357e-01, -1.22320122e-01, ...,
          8.66548204e-02,  0.00000000e+00, -1.00807090e-01],
        [-3.77241153e-02, -2.19251865e-02, -2.16469226e-02, ...,
          1.86641294e-01,  1.00807090e-01,  0.00000000e+00]],

       [[ 0.00000000e+00,  7.04486948e-02,  2.28980496e-01, ...,
         -5.48974803e-01, -7.92740711e-01, -9.91632051e-01],
        [-7.04486948e-02,  0.00000000e+00,  1.59834628e-01, ...,
         -6.06494582e-01, -8.33713706e-01, -9.98262917e-01],
        [-2.28980496e-01, -1.59834628e-01,  0.00000000e+00, ...,
         -7.25779903e-01, -9.11255512e-01, -9.94845943e-01],
        ...,
        [ 5.48974803e-01,  6.06494582e-01,  7.25779903e-01, ...,
          0.00000000e+00, -3.27970995e-01, -7.57973981e-01],
        [ 7.92740711e-01,  8.33713706e-01,  9.11255512e-01, ...,
          3.27970995e-01,  0.00000000e+00, -5.02118277e-01],
        [ 9.91632051e-01,  9.98262917e-01,  9.94845943e-01, ...,
          7.57973981e-01,  5.02118277e-01,  0.00000000e+00]]]), 'num': array([ 9.97968211e-01,  4.59303772e-02,  1.80995786e-05,  1.29545991e-07,
        3.88586871e-03,  3.94496938e-03,  3.88586871e-03,  4.26748170e-02,
       -7.38758310e-06,  3.84006570e-03,  4.07572960e-03,  4.26411297e-03,
        1.90647306e-06,  4.37802892e-03,  3.77343027e-03])}
{'img': array([[[ 0.00000000e+00,  1.73429759e-01,  2.25775705e-01, ...,
         -8.55513166e-01, -7.26187418e-01, -7.42535667e-01],
        [-1.73429759e-01,  0.00000000e+00,  5.34026706e-02, ...,
         -9.32347570e-01, -8.34415351e-01, -8.47447845e-01],
        [-2.25775705e-01, -5.34026706e-02,  0.00000000e+00, ...,
         -9.50325610e-01, -8.62656831e-01, -8.74588926e-01],
        ...,
        [ 8.55513166e-01,  9.32347570e-01,  9.50325610e-01, ...,
          0.00000000e+00,  2.12156466e-01,  1.88557400e-01],
        [ 7.26187418e-01,  8.34415351e-01,  8.62656831e-01, ...,
         -2.12156466e-01,  0.00000000e+00, -2.40858146e-02],
        [ 7.42535667e-01,  8.47447845e-01,  8.74588926e-01, ...,
         -1.88557400e-01,  2.40858146e-02,  0.00000000e+00]],

       [[ 0.00000000e+00, -1.96344172e-02,  2.05643031e-01, ...,
          6.30994152e-01,  4.66491224e-01,  2.08785213e-01],
        [ 1.96344172e-02,  0.00000000e+00,  2.24818160e-01, ...,
          6.15640376e-01,  4.83768445e-01,  2.27946669e-01],
        [-2.05643031e-01, -2.24818160e-01,  0.00000000e+00, ...,
          7.77043269e-01,  2.74624368e-01,  3.21189091e-03],
        ...,
        [-6.30994152e-01, -6.15640376e-01, -7.77043269e-01, ...,
          0.00000000e+00, -9.20028725e-01, -7.79060977e-01],
        [-4.66491224e-01, -4.83768445e-01, -2.74624368e-01, ...,
          9.20028725e-01,  0.00000000e+00, -2.71534553e-01],
        [-2.08785213e-01, -2.27946669e-01, -3.21189091e-03, ...,
          7.79060977e-01,  2.71534553e-01,  0.00000000e+00]],

       [[ 0.00000000e+00,  3.82119712e-02,  8.51709741e-02, ...,
         -9.25016063e-01, -9.84052267e-01, -9.92023836e-01],
        [-3.82119712e-02,  0.00000000e+00,  4.70356477e-02, ...,
         -9.38858280e-01, -9.90130699e-01, -9.86482682e-01],
        [-8.51709741e-02, -4.70356477e-02,  0.00000000e+00, ...,
         -9.54013717e-01, -9.95626741e-01, -9.77683333e-01],
        ...,
        [ 9.25016063e-01,  9.38858280e-01,  9.54013717e-01, ...,
          0.00000000e+00, -2.09327564e-01, -4.93496294e-01],
        [ 9.84052267e-01,  9.90130699e-01,  9.95626741e-01, ...,
          2.09327564e-01,  0.00000000e+00, -3.00500959e-01],
        [ 9.92023836e-01,  9.86482682e-01,  9.77683333e-01, ...,
          4.93496294e-01,  3.00500959e-01,  0.00000000e+00]],

       ...,

       [[ 0.00000000e+00,  1.80632429e-01,  2.78767987e-01, ...,
         -9.84322978e-01, -8.87558552e-01, -8.87558552e-01],
        [-1.80632429e-01,  0.00000000e+00,  1.00710557e-01, ...,
         -9.99990641e-01, -9.56175254e-01, -9.56175254e-01],
        [-2.78767987e-01, -1.00710557e-01,  0.00000000e+00, ...,
         -9.94470728e-01, -9.80801379e-01, -9.80801379e-01],
        ...,
        [ 9.84322978e-01,  9.99990641e-01,  9.94470728e-01, ...,
          0.00000000e+00,  2.96929129e-01,  2.96929129e-01],
        [ 8.87558552e-01,  9.56175254e-01,  9.80801379e-01, ...,
         -2.96929129e-01,  0.00000000e+00,  0.00000000e+00],
        [ 8.87558552e-01,  9.56175254e-01,  9.80801379e-01, ...,
         -2.96929129e-01,  0.00000000e+00,  0.00000000e+00]],

       [[ 0.00000000e+00,  2.78329987e-04, -3.60865137e-02, ...,
          1.22596357e-01,  2.19251865e-02, -1.85952187e-01],
        [-2.78329987e-04,  0.00000000e+00, -3.63646610e-02, ...,
          1.22320122e-01,  2.16469226e-02, -1.86225655e-01],
        [ 3.60865137e-02,  3.63646610e-02,  0.00000000e+00, ...,
          1.58330806e-01,  5.79887450e-02, -1.50373949e-01],
        ...,
        [-1.22596357e-01, -1.22320122e-01, -1.58330806e-01, ...,
          0.00000000e+00, -1.00807090e-01, -3.05007607e-01],
        [-2.19251865e-02, -2.16469226e-02, -5.79887450e-02, ...,
          1.00807090e-01,  0.00000000e+00, -2.07450271e-01],
        [ 1.85952187e-01,  1.86225655e-01,  1.50373949e-01, ...,
          3.05007607e-01,  2.07450271e-01,  0.00000000e+00]],

       [[ 0.00000000e+00,  1.52418309e-01,  3.41810709e-01, ...,
         -7.69252915e-01, -8.99338459e-01, -9.99973377e-01],
        [-1.52418309e-01,  0.00000000e+00,  1.94579043e-01, ...,
         -8.57651846e-01, -9.55476043e-01, -9.89401956e-01],
        [-3.41810709e-01, -1.94579043e-01,  0.00000000e+00, ...,
         -9.41317946e-01, -9.94628061e-01, -9.42237993e-01],
        ...,
        [ 7.69252915e-01,  8.57651846e-01,  9.41317946e-01, ...,
          0.00000000e+00, -2.38268999e-01, -6.33314159e-01],
        [ 8.99338459e-01,  9.55476043e-01,  9.94628061e-01, ...,
          2.38268999e-01,  0.00000000e+00, -4.30679062e-01],
        [ 9.99973377e-01,  9.89401956e-01,  9.42237993e-01, ...,
          6.33314159e-01,  4.30679062e-01,  0.00000000e+00]]]), 'num': array([ 7.06592102e-01,  7.06592102e-01,  0.00000000e+00,  7.38814463e-08,
        2.72419739e-03,  2.76086927e-03,  2.69800318e-03,  3.73017014e-02,
       -3.14330468e-05,  2.72524515e-03,  2.87638572e-03,  3.01949340e-03,
        1.27002209e-06,  3.09595442e-03,  2.65681702e-03])}
{'img': array([[[ 0.        ,  0.05340267, -0.29081513, ..., -0.83441535,
         -0.84744785, -0.92106193],
        [-0.05340267,  0.        , -0.34149472, ..., -0.86265683,
         -0.87458893, -0.94054349],
        [ 0.29081513,  0.34149472,  0.        , ..., -0.63807259,
         -0.65643298, -0.76800486],
        ...,
        [ 0.83441535,  0.86265683,  0.63807259, ...,  0.        ,
         -0.02408581, -0.18269571],
        [ 0.84744785,  0.87458893,  0.65643298, ...,  0.02408581,
          0.        , -0.15896227],
        [ 0.92106193,  0.94054349,  0.76800486, ...,  0.18269571,
          0.15896227,  0.        ]],

       [[ 0.        ,  0.22481816,  0.68876658, ...,  0.48376845,
          0.22794667,  0.4323893 ],
        [-0.22481816,  0.        ,  0.50814528, ...,  0.27462437,
          0.00321189,  0.21860483],
        [-0.68876658, -0.50814528,  0.        , ..., -0.25208179,
         -0.50537635, -0.30757692],
        ...,
        [-0.48376845, -0.27462437,  0.25208179, ...,  0.        ,
         -0.27153455, -0.05778233],
        [-0.22794667, -0.00321189,  0.50537635, ...,  0.27153455,
          0.        ,  0.2154695 ],
        [-0.4323893 , -0.21860483,  0.30757692, ...,  0.05778233,
         -0.2154695 ,  0.        ]],

       [[ 0.        ,  0.04703565, -0.0297413 , ..., -0.9901307 ,
         -0.98648268, -0.99939189],
        [-0.04703565,  0.        , -0.07672322, ..., -0.99562674,
         -0.97768333, -0.99664568],
        [ 0.0297413 ,  0.07672322,  0.        , ..., -0.98552454,
         -0.99091987, -0.99998684],
        ...,
        [ 0.9901307 ,  0.99562674,  0.98552454, ...,  0.        ,
         -0.30050096, -0.17458684],
        [ 0.98648268,  0.97768333,  0.99091987, ...,  0.30050096,
          0.        ,  0.1293681 ],
        [ 0.99939189,  0.99664568,  0.99998684, ...,  0.17458684,
         -0.1293681 ,  0.        ]],

       ...,

       [[ 0.        ,  0.10071056, -0.40081112, ..., -0.95617525,
         -0.95617525, -0.97684536],
        [-0.10071056,  0.        , -0.49104036, ..., -0.98080138,
         -0.98080138, -0.99342553],
        [ 0.40081112,  0.49104036,  0.        , ..., -0.75865473,
         -0.75865473, -0.80919518],
        ...,
        [ 0.95617525,  0.98080138,  0.75865473, ...,  0.        ,
          0.        , -0.08144497],
        [ 0.95617525,  0.98080138,  0.75865473, ...,  0.        ,
          0.        , -0.08144497],
        [ 0.97684536,  0.99342553,  0.80919518, ...,  0.08144497,
          0.08144497,  0.        ]],

       [[ 0.        , -0.03636466, -0.13999751, ...,  0.02164692,
         -0.18622566, -0.32865011],
        [ 0.03636466,  0.        , -0.10389838, ...,  0.05798875,
         -0.15037395, -0.29408807],
        [ 0.13999751,  0.10389838,  0.        , ...,  0.16139845,
         -0.04684314, -0.19319262],
        ...,
        [-0.02164692, -0.05798875, -0.16139845, ...,  0.        ,
         -0.20745027, -0.34901758],
        [ 0.18622566,  0.15037395,  0.04684314, ...,  0.20745027,
          0.        , -0.14701989],
        [ 0.32865011,  0.29408807,  0.19319262, ...,  0.34901758,
          0.14701989,  0.        ]],

       [[ 0.        ,  0.18462108,  0.30795114, ..., -0.88892567,
         -0.95129103, -0.97964267],
        [-0.18462108,  0.        ,  0.12700849, ..., -0.95821079,
         -0.99185575, -0.92573986],
        [-0.30795114, -0.12700849,  0.        , ..., -0.98678329,
         -0.99999993, -0.87021322],
        ...,
        [ 0.88892567,  0.95821079,  0.98678329, ...,  0.        ,
         -0.16168957, -0.62717789],
        [ 0.95129103,  0.99185575,  0.99999993, ...,  0.16168957,
          0.        , -0.49298915],
        [ 0.97964267,  0.92573986,  0.87021322, ...,  0.62717789,
          0.49298915,  0.        ]]]), 'num': array([9.98256883e-01, 1.26778141e-03, 1.86005429e-05, 1.00248109e-07,
       3.84937877e-03, 3.87092380e-03, 3.74883530e-03, 5.79638163e-02,
       1.14906829e-04, 3.77468933e-03, 3.93268622e-03, 4.13401256e-03,
       2.71006672e-06, 4.23151302e-03, 3.63385942e-03])}
{'img': array([[[ 0.        , -0.34149472, -0.24255328, ..., -0.87458893,
         -0.94054349, -0.74689628],
        [ 0.34149472,  0.        ,  0.10332516, ..., -0.65643298,
         -0.76800486, -0.47492195],
        [ 0.24255328, -0.10332516,  0.        , ..., -0.73086639,
         -0.8300682 , -0.56330901],
        ...,
        [ 0.87458893,  0.65643298,  0.73086639, ...,  0.        ,
         -0.15896227,  0.21940567],
        [ 0.94054349,  0.76800486,  0.8300682 , ...,  0.15896227,
          0.        ,  0.37170481],
        [ 0.74689628,  0.47492195,  0.56330901, ..., -0.21940567,
         -0.37170481,  0.        ]],

       [[ 0.        ,  0.50814528, -0.19174074, ...,  0.00321189,
          0.21860483,  0.35249028],
        [-0.50814528,  0.        , -0.66385776, ..., -0.50537635,
         -0.30757692, -0.17194042],
        [ 0.19174074,  0.66385776,  0.        , ...,  0.19489205,
          0.40165195,  0.52538399],
        ...,
        [-0.00321189,  0.50537635, -0.19489205, ...,  0.        ,
          0.2154695 ,  0.34948273],
        [-0.21860483,  0.30757692, -0.40165195, ..., -0.2154695 ,
          0.        ,  0.13939098],
        [-0.35249028,  0.17194042, -0.52538399, ..., -0.34948273,
         -0.13939098,  0.        ]],

       [[ 0.        , -0.07672322, -0.09360353, ..., -0.97768333,
         -0.99664568, -0.9590545 ],
        [ 0.07672322,  0.        , -0.01694126, ..., -0.99091987,
         -0.99998684, -0.93449794],
        [ 0.09360353,  0.01694126,  0.        , ..., -0.99305547,
         -0.99993024, -0.92833328],
        ...,
        [ 0.97768333,  0.99091987,  0.99305547, ...,  0.        ,
          0.1293681 ,  0.47838307],
        [ 0.99664568,  0.99998684,  0.99993024, ..., -0.1293681 ,
          0.        ,  0.36075828],
        [ 0.9590545 ,  0.93449794,  0.92833328, ..., -0.47838307,
         -0.36075828,  0.        ]],

       ...,

       [[ 0.        , -0.49104036, -0.41995189, ..., -0.98080138,
         -0.99342553, -0.76219186],
        [ 0.49104036,  0.        ,  0.07980634, ..., -0.75865473,
         -0.80919518, -0.34609784],
        [ 0.41995189, -0.07980634,  0.        , ..., -0.80822818,
         -0.85350357, -0.4198681 ],
        ...,
        [ 0.98080138,  0.75865473,  0.80822818, ...,  0.        ,
         -0.08144497,  0.48628839],
        [ 0.99342553,  0.80919518,  0.85350357, ...,  0.08144497,
          0.        ,  0.55583934],
        [ 0.76219186,  0.34609784,  0.4198681 , ..., -0.48628839,
         -0.55583934,  0.        ]],

       [[ 0.        , -0.10389838, -0.29256434, ..., -0.15037395,
         -0.29408807, -0.51810289],
        [ 0.10389838,  0.        , -0.19162856, ..., -0.04684314,
         -0.19319262, -0.42643269],
        [ 0.29256434,  0.19162856,  0.        , ...,  0.14544318,
         -0.00159385, -0.2451981 ],
        ...,
        [ 0.15037395,  0.04684314, -0.14544318, ...,  0.        ,
         -0.14701989, -0.38359405],
        [ 0.29408807,  0.19319262,  0.00159385, ...,  0.14701989,
          0.        , -0.2436526 ],
        [ 0.51810289,  0.42643269,  0.2451981 , ...,  0.38359405,
          0.2436526 ,  0.        ]],

       [[ 0.        ,  0.12524322,  0.32135714, ..., -0.98277742,
         -0.99316072, -0.92054249],
        [-0.12524322,  0.        ,  0.20022672, ..., -0.9981832 ,
         -0.97071784, -0.86436888],
        [-0.32135714, -0.20022672,  0.        , ..., -0.99003364,
         -0.90296143, -0.74617939],
        ...,
        [ 0.98277742,  0.9981832 ,  0.99003364, ...,  0.        ,
         -0.29827379, -0.55402462],
        [ 0.99316072,  0.97071784,  0.90296143, ...,  0.29827379,
          0.        , -0.28049259],
        [ 0.92054249,  0.86436888,  0.74617939, ...,  0.55402462,
          0.28049259,  0.        ]]]), 'num': array([8.39641660e-01, 5.41852448e-01, 5.47406640e-06, 2.64710890e-07,
       3.27240893e-03, 3.29647076e-03, 3.19420798e-03, 3.62121524e-02,
       4.81236607e-05, 3.19180180e-03, 3.28804912e-03, 3.45878785e-03,
       2.40618303e-06, 3.53432756e-03, 3.04177067e-03])}
{'img': array([[[ 0.        ,  0.10332516,  0.15471042, ..., -0.76800486,
         -0.47492195, -0.33229635],
        [-0.10332516,  0.        ,  0.05180124, ..., -0.8300682 ,
         -0.56330901, -0.42797149],
        [-0.15471042, -0.05180124,  0.        , ..., -0.85784134,
         -0.60535331, -0.47421446],
        ...,
        [ 0.76800486,  0.8300682 ,  0.85784134, ...,  0.        ,
          0.37170481,  0.5115458 ],
        [ 0.47492195,  0.56330901,  0.60535331, ..., -0.37170481,
          0.        ,  0.15550445],
        [ 0.33229635,  0.42797149,  0.47421446, ..., -0.5115458 ,
         -0.15550445,  0.        ]],

       [[ 0.        , -0.66385776, -0.64190897, ..., -0.30757692,
         -0.17194042, -0.46892247],
        [ 0.66385776,  0.        ,  0.02897611, ...,  0.40165195,
          0.52538399,  0.23565747],
        [ 0.64190897, -0.02897611,  0.        , ...,  0.37494719,
          0.50050862,  0.20739848],
        ...,
        [ 0.30757692, -0.40165195, -0.37494719, ...,  0.        ,
          0.13939098, -0.17452658],
        [ 0.17194042, -0.52538399, -0.50050862, ..., -0.13939098,
          0.        , -0.31007442],
        [ 0.46892247, -0.23565747, -0.20739848, ...,  0.17452658,
          0.31007442,  0.        ]],

       [[ 0.        , -0.01694126, -0.00847549, ..., -0.99998684,
         -0.93449794, -0.8513697 ],
        [ 0.01694126,  0.        ,  0.00846637, ..., -0.99993024,
         -0.92833328, -0.8423607 ],
        [ 0.00847549, -0.00846637,  0.        , ..., -0.99999441,
         -0.93144737, -0.84689316],
        ...,
        [ 0.99998684,  0.99993024,  0.99999441, ...,  0.        ,
          0.36075828,  0.52892719],
        [ 0.93449794,  0.92833328,  0.93144737, ..., -0.36075828,
          0.        ,  0.18714516],
        [ 0.8513697 ,  0.8423607 ,  0.84689316, ..., -0.52892719,
         -0.18714516,  0.        ]],

       ...,

       [[ 0.        ,  0.07980634, -0.25719355, ..., -0.80919518,
         -0.34609784, -0.26401453],
        [-0.07980634,  0.        , -0.33349485, ..., -0.85350357,
         -0.4198681 , -0.34014714],
        [ 0.25719355,  0.33349485,  0.        , ..., -0.6308623 ,
         -0.0931565 , -0.00706508],
        ...,
        [ 0.80919518,  0.85350357,  0.6308623 , ...,  0.        ,
          0.55583934,  0.6253648 ],
        [ 0.34609784,  0.4198681 ,  0.0931565 , ..., -0.55583934,
          0.        ,  0.08611982],
        [ 0.26401453,  0.34014714,  0.00706508, ..., -0.6253648 ,
         -0.08611982,  0.        ]],

       [[ 0.        , -0.16272455, -0.37556916, ..., -0.16398131,
         -0.3259156 , -0.65272686],
        [ 0.16272455,  0.        , -0.2197512 , ..., -0.00127386,
         -0.16773204, -0.52074798],
        [ 0.37556916,  0.2197512 ,  0.        , ...,  0.21850829,
          0.05300591, -0.3204149 ],
        ...,
        [ 0.16398131,  0.00127386, -0.21850829, ...,  0.        ,
         -0.16647609, -0.51966005],
        [ 0.3259156 ,  0.16773204, -0.05300591, ...,  0.16647609,
          0.        , -0.37017576],
        [ 0.65272686,  0.52074798,  0.3204149 , ...,  0.51966005,
          0.37017576,  0.        ]],

       [[ 0.        ,  0.19950866,  0.42441927, ..., -0.97842475,
         -0.92929959, -0.86269665],
        [-0.19950866,  0.        ,  0.2352385 , ..., -0.91753537,
         -0.83693312, -0.74445719],
        [-0.42441927, -0.2352385 ,  0.        , ..., -0.79824362,
         -0.68469958, -0.56650425],
        ...,
        [ 0.97842475,  0.91753537,  0.79824362, ...,  0.        ,
         -0.1693619 , -0.31657452],
        [ 0.92929959,  0.83693312,  0.68469958, ...,  0.1693619 ,
          0.        , -0.15135004],
        [ 0.86269665,  0.74445719,  0.56650425, ...,  0.31657452,
          0.15135004,  0.        ]]]), 'num': array([ 8.24358010e-01,  5.65084942e-01,  4.79247813e-06,  2.92350953e-07,
        3.20090206e-03,  3.24231854e-03,  3.20090206e-03,  3.20786003e-02,
       -1.77499190e-05,  3.15593560e-03,  3.22545612e-03,  3.39979977e-03,
        2.38836831e-06,  3.45948222e-03,  2.99143002e-03])}
{'img': array([[[ 0.        ,  0.05180124,  0.27738012, ..., -0.56330901,
         -0.42797149, -0.47883324],
        [-0.05180124,  0.        ,  0.22723914, ..., -0.60535331,
         -0.47421446, -0.52366698],
        [-0.27738012, -0.22723914,  0.        , ..., -0.77038921,
         -0.661872  , -0.70355759],
        ...,
        [ 0.56330901,  0.60535331,  0.77038921, ...,  0.        ,
          0.15550445,  0.09889809],
        [ 0.42797149,  0.47421446,  0.661872  , ..., -0.15550445,
          0.        , -0.05704708],
        [ 0.47883324,  0.52366698,  0.70355759, ..., -0.09889809,
          0.05704708,  0.        ]],

       [[ 0.        ,  0.02897611,  0.2485831 , ...,  0.52538399,
          0.23565747,  0.13220448],
        [-0.02897611,  0.        ,  0.22041215, ...,  0.50050862,
          0.20739848,  0.10342719],
        [-0.2485831 , -0.22041215,  0.        , ...,  0.29738177,
         -0.01332173, -0.11834649],
        ...,
        [-0.52538399, -0.50050862, -0.29738177, ...,  0.        ,
         -0.31007442, -0.40828422],
        [-0.23565747, -0.20739848,  0.01332173, ...,  0.31007442,
          0.        , -0.10510788],
        [-0.13220448, -0.10342719,  0.11834649, ...,  0.40828422,
          0.10510788,  0.        ]],

       [[ 0.        ,  0.00846637,  0.0296696 , ..., -0.92833328,
         -0.8423607 , -0.79166113],
        [-0.00846637,  0.        ,  0.02120589, ..., -0.93144737,
         -0.84689316, -0.79680537],
        [-0.0296696 , -0.02120589,  0.        , ..., -0.93895423,
         -0.85797923, -0.80943956],
        ...,
        [ 0.92833328,  0.93144737,  0.93895423, ...,  0.        ,
          0.18714516,  0.27287566],
        [ 0.8423607 ,  0.84689316,  0.85797923, ..., -0.18714516,
          0.        ,  0.0880117 ],
        [ 0.79166113,  0.79680537,  0.80943956, ..., -0.27287566,
         -0.0880117 ,  0.        ]],

       ...,

       [[ 0.        , -0.33349485,  0.16111517, ..., -0.4198681 ,
         -0.34014714, -0.32707659],
        [ 0.33349485,  0.        ,  0.48102958, ..., -0.0931565 ,
