state_0,state_1,state_2,state_3,state_4,state_5,state_6,state_7,state_8,state_9,state_10,state_11,state_12,state_13,state_14,state_15,state_16,state_17,state_18,state_19,state_20,state_21,state_22,state_23,state_24,state_25,state_26,state_27,state_28,state_29,state_30,state_31,state_32,state_33,state_34,state_35,state_36,state_37,state_38,state_39,state_40,state_41,state_42,state_43,state_44,state_45,state_46,state_47,state_48,state_49,state_50,state_51,state_52,state_53,state_54,state_55,state_56,state_57,state_58,state_59,state_60,state_61,state_62,state_63,state_64,state_65,state_66,state_67,state_68,state_69,state_70,state_71,state_72,state_73,state_74,state_75,state_76,state_77,state_78,state_79,state_80,state_81,state_82,state_83,state_84,state_85,state_86,state_87,state_88,state_89,state_90,state_91,state_92,state_93,state_94,state_95,state_96,state_97,state_98,state_99,state_100,state_101,state_102,state_103,state_104,state_105,state_106,state_107,state_108,state_109,state_110,state_111,state_112,state_113,state_114,state_115,state_116,state_117,state_118,state_119,state_120,state_121,state_122,state_123,state_124,state_125,state_126,state_127,state_128,state_129,state_130,state_131,state_132,state_133,state_134,state_135,state_136,state_137,state_138,state_139,state_140,state_141,state_142,state_143,state_144,state_145,state_146,state_147,state_148,state_149,state_150,state_151,state_152,state_153,state_154,state_155,state_156,state_157,state_158,state_159,state_160,state_161,state_162,state_163,state_164,state_165,state_166,state_167,state_168,state_169,state_170,state_171,state_172,state_173,state_174,state_175,state_176,state_177,state_178,state_179,state_180,state_181,state_182,state_183,state_184,state_185,state_186,state_187,state_188,state_189,state_190,state_191,state_192,state_193,state_194,state_195,state_196,state_197,state_198,state_199,state_200,state_201,state_202,state_203,state_204,state_205,state_206,state_207,state_208,state_209,state_210,state_211,state_212,state_213,state_214,state_215,state_216,state_217,state_218,state_219,state_220,state_221,state_222,state_223,state_224,state_225,state_226,state_227,state_228,state_229,state_230,state_231,state_232,state_233,state_234,state_235,state_236,state_237,state_238,state_239,state_240,state_241,state_242,state_243,state_244,state_245,state_246,state_247,state_248,state_249,state_250,state_251,state_252,state_253,state_254,state_255,state_256,state_257,state_258,state_259,state_260,state_261,state_262,state_263,state_264,state_265,state_266,state_267,state_268,state_269,state_270,state_271,state_272,state_273,state_274,state_275,state_276,state_277,state_278,state_279,state_280,state_281,state_282,state_283,state_284,state_285,state_286,state_287
{'img': array([[[ 0.        ,  0.62421826,  0.8660254 , ...,  0.99804496,
          0.48412292,  0.82679728],
        [-0.62421826,  0.        ,  0.36447322, ...,  0.74070899,
         -0.16796995,  0.29481261],
        [-0.8660254 , -0.36447322,  0.        , ...,  0.44489589,
         -0.51571077, -0.07374065],
        ...,
        [-0.99804496, -0.74070899, -0.44489589, ...,  0.        ,
         -0.84303166, -0.50972546],
        [-0.48412292,  0.16796995,  0.51571077, ...,  0.84303166,
          0.        ,  0.45112848],
        [-0.82679728, -0.29481261,  0.07374065, ...,  0.50972546,
         -0.45112848,  0.        ]],

       [[ 0.        ,  0.011535  ,  0.31761687, ...,  0.06432836,
          0.27473631,  0.08045271],
        [-0.011535  ,  0.        ,  0.30665803, ...,  0.05281297,
          0.26362691,  0.06894975],
        [-0.31761687, -0.30665803,  0.        , ..., -0.25596163,
         -0.04488462, -0.24030049],
        ...,
        [-0.06432836, -0.05281297,  0.25596163, ...,  0.        ,
          0.2123143 ,  0.01616624],
        [-0.27473631, -0.26362691,  0.04488462, ..., -0.2123143 ,
          0.        , -0.19648888],
        [-0.08045271, -0.06894975,  0.24030049, ..., -0.01616624,
          0.19648888,  0.        ]],

       [[ 0.        ,  0.28662799,  0.49807689, ...,  0.91091801,
          0.99448329,  0.99017127],
        [-0.28662799,  0.        ,  0.22863401, ...,  0.99095678,
          0.98282259,  0.90853779],
        [-0.49807689, -0.22863401,  0.        , ...,  0.9953872 ,
          0.91459498,  0.78894895],
        ...,
        [-0.91091801, -0.99095678, -0.9953872 , ...,  0.        ,
         -0.31476045, -0.53593332],
        [-0.99448329, -0.98282259, -0.91459498, ...,  0.31476045,
          0.        , -0.24295269],
        [-0.99017127, -0.90853779, -0.78894895, ...,  0.53593332,
          0.24295269,  0.        ]],

       ...,

       [[ 0.        , -0.05071175,  0.11589862, ...,  0.38386384,
          0.02311185, -0.07590913],
        [ 0.05071175,  0.        ,  0.1661195 , ...,  0.43019664,
          0.07378032, -0.02524603],
        [-0.11589862, -0.1661195 ,  0.        , ...,  0.27425741,
         -0.09291156, -0.1909618 ],
        ...,
        [-0.38386384, -0.43019664, -0.27425741, ...,  0.        ,
         -0.36242006, -0.45285001],
        [-0.02311185, -0.07378032,  0.09291156, ...,  0.36242006,
          0.        , -0.09893402],
        [ 0.07590913,  0.02524603,  0.1909618 , ...,  0.45285001,
          0.09893402,  0.        ]],

       [[ 0.        , -0.09645241, -0.10161891, ...,  0.69076134,
          0.75387132,  0.76739432],
        [ 0.09645241,  0.        , -0.00519201, ...,  0.75728381,
          0.81372784,  0.82565934],
        [ 0.10161891,  0.00519201,  0.        , ...,  0.76066443,
          0.8167347 ,  0.82857738],
        ...,
        [-0.69076134, -0.75728381, -0.76066443, ...,  0.        ,
          0.09126595,  0.11199045],
        [-0.75387132, -0.81372784, -0.8167347 , ..., -0.09126595,
          0.        ,  0.02083124],
        [-0.76739432, -0.82565934, -0.82857738, ..., -0.11199045,
         -0.02083124,  0.        ]],

       [[ 0.        ,  0.25543303,  0.36015006, ...,  0.96562572,
          0.91099862,  0.87632594],
        [-0.25543303,  0.        ,  0.10991066, ...,  0.86719642,
          0.77543485,  0.72420851],
        [-0.36015006, -0.10991066,  0.        , ...,  0.80721069,
          0.70133622,  0.64402856],
        ...,
        [-0.96562572, -0.86719642, -0.80721069, ...,  0.        ,
         -0.16143138, -0.23737084],
        [-0.91099862, -0.77543485, -0.70133622, ...,  0.16143138,
          0.        , -0.07743994],
        [-0.87632594, -0.72420851, -0.64402856, ...,  0.23737084,
          0.07743994,  0.        ]]]), 'num': array([7.07104824e-01, 7.07104824e-01, 0.00000000e+00, 0.00000000e+00,
       3.93501837e-05, 3.96165132e-05, 3.88841071e-05, 2.34993172e-03,
       3.99494251e-07, 3.93501837e-05, 4.01325266e-05, 4.02002187e-05,
       5.57214204e-07, 4.19446807e-05, 3.83203726e-05])}
{'img': array([[[ 0.00000000e+00,  4.58466063e-01,  4.20427606e-01, ...,
         -4.35889894e-01,  3.80227130e-01,  5.92574666e-01],
        [-4.58466063e-01,  0.00000000e+00, -4.23391960e-02, ...,
         -8.00000000e-01, -8.61197378e-02,  1.57326633e-01],
        [-4.20427606e-01,  4.23391960e-02,  0.00000000e+00, ...,
         -7.73879118e-01, -4.38606166e-02,  1.98997487e-01],
        ...,
        [ 4.35889894e-01,  8.00000000e-01,  7.73879118e-01, ...,
          0.00000000e+00,  7.45355992e-01,  8.84433277e-01],
        [-3.80227130e-01,  8.61197378e-02,  4.38606166e-02, ...,
         -7.45355992e-01,  0.00000000e+00,  2.41789388e-01],
        [-5.92574666e-01, -1.57326633e-01, -1.98997487e-01, ...,
         -8.84433277e-01, -2.41789388e-01,  0.00000000e+00]],

       [[ 0.00000000e+00,  3.06658030e-01,  2.12480800e-02, ...,
          2.63626908e-01,  6.89497517e-02,  2.21741148e-02],
        [-3.06658030e-01,  0.00000000e+00, -2.86364454e-01, ...,
         -4.48846167e-02, -2.40300489e-01, -2.85476869e-01],
        [-2.12480800e-02,  2.86364454e-01,  0.00000000e+00, ...,
          2.43070967e-01,  4.77366727e-02,  9.26253008e-04],
        ...,
        [-2.63626908e-01,  4.48846167e-02, -2.43070967e-01, ...,
          0.00000000e+00, -1.96488876e-01, -2.42172389e-01],
        [-6.89497517e-02,  2.40300489e-01, -4.77366727e-02, ...,
          1.96488876e-01,  0.00000000e+00, -4.68114552e-02],
        [-2.21741148e-02,  2.85476869e-01, -9.26253008e-04, ...,
          2.42172389e-01,  4.68114552e-02,  0.00000000e+00]],

       [[ 0.00000000e+00,  4.20822809e-01,  7.34534421e-01, ...,
          9.96319759e-01,  9.86412796e-01,  9.73527145e-01],
        [-4.20822809e-01,  0.00000000e+00,  3.80769319e-01, ...,
          9.39874879e-01,  8.25682146e-01,  7.86940125e-01],
        [-7.34534421e-01, -3.80769319e-01,  0.00000000e+00, ...,
          7.39034215e-01,  5.48678028e-01,  4.92714123e-01],
        ...,
        [-9.96319759e-01, -9.39874879e-01, -7.39034215e-01, ...,
          0.00000000e+00, -2.48230771e-01, -3.11175414e-01],
        [-9.86412796e-01, -8.25682146e-01, -5.48678028e-01, ...,
          2.48230771e-01,  0.00000000e+00, -6.55291795e-02],
        [-9.73527145e-01, -7.86940125e-01, -4.92714123e-01, ...,
          3.11175414e-01,  6.55291795e-02,  0.00000000e+00]],

       ...,

       [[ 0.00000000e+00,  1.66119498e-01,  1.39757050e-01, ...,
          7.37803151e-02, -2.52460303e-02, -7.73893467e-03],
        [-1.66119498e-01,  0.00000000e+00, -2.66739581e-02, ...,
         -9.29115585e-02, -1.90961803e-01, -1.73745931e-01],
        [-1.39757050e-01,  2.66739581e-02,  0.00000000e+00, ...,
         -6.63199230e-02, -1.64710767e-01, -1.47415849e-01],
        ...,
        [-7.37803151e-02,  9.29115585e-02,  6.63199230e-02, ...,
          0.00000000e+00, -9.89340216e-02, -8.14959480e-02],
        [ 2.52460303e-02,  1.90961803e-01,  1.64710767e-01, ...,
          9.89340216e-02,  0.00000000e+00,  1.75088062e-02],
        [ 7.73893467e-03,  1.73745931e-01,  1.47415849e-01, ...,
          8.14959480e-02, -1.75088062e-02,  0.00000000e+00]],

       [[ 0.00000000e+00, -5.19201106e-03,  6.69019079e-03, ...,
          8.13727836e-01,  8.25659338e-01,  8.21907851e-01],
        [ 5.19201106e-03,  0.00000000e+00,  1.18819955e-02, ...,
          8.16734704e-01,  8.28577381e-01,  8.24854248e-01],
        [-6.69019079e-03, -1.18819955e-02,  0.00000000e+00, ...,
          8.09820978e-01,  8.21866462e-01,  8.18078587e-01],
        ...,
        [-8.13727836e-01, -8.16734704e-01, -8.09820978e-01, ...,
          0.00000000e+00,  2.08312391e-02,  1.42146828e-02],
        [-8.25659338e-01, -8.28577381e-01, -8.21866462e-01, ...,
         -2.08312391e-02,  0.00000000e+00, -6.61753610e-03],
        [-8.21907851e-01, -8.24854248e-01, -8.18078587e-01, ...,
         -1.42146828e-02,  6.61753610e-03,  0.00000000e+00]],

       [[ 0.00000000e+00,  1.09910665e-01,  1.24737927e-01, ...,
          7.75434846e-01,  7.24208514e-01,  7.36798579e-01],
        [-1.09910665e-01,  0.00000000e+00,  1.49299659e-02, ...,
          7.01336224e-01,  6.44028563e-01,  6.58022709e-01],
        [-1.24737927e-01, -1.49299659e-02,  0.00000000e+00, ...,
          6.90615518e-01,  6.32535336e-01,  6.46707132e-01],
        ...,
        [-7.75434846e-01, -7.01336224e-01, -6.90615518e-01, ...,
          0.00000000e+00, -7.74399409e-02, -5.90460936e-02],
        [-7.24208514e-01, -6.44028563e-01, -6.32535336e-01, ...,
          7.74399409e-02,  0.00000000e+00,  1.84360488e-02],
        [-7.36798579e-01, -6.58022709e-01, -6.46707132e-01, ...,
          5.90460936e-02, -1.84360488e-02,  0.00000000e+00]]]), 'num': array([ 9.25818276e-01,  3.77960984e-01,  1.84774803e-04, -1.45967348e-10,
        5.15970326e-05,  5.20320834e-05,  5.14230122e-05,  2.44098339e-03,
        1.74020346e-07,  5.12489919e-05,  5.24671343e-05,  5.25555946e-05,
        7.98138428e-07,  5.47953678e-05,  5.01389007e-05])}
{'img': array([[[ 0.00000000e+00, -4.23391960e-02, -3.94000742e-01, ...,
         -8.61197378e-02,  1.57326633e-01,  2.29909083e-01],
        [ 4.23391960e-02,  0.00000000e+00, -3.54733056e-01, ...,
         -4.38606166e-02,  1.98997487e-01,  2.70907941e-01],
        [ 3.94000742e-01,  3.54733056e-01,  0.00000000e+00, ...,
          3.13383426e-01,  5.33694603e-01,  5.94758060e-01],
        ...,
        [ 8.61197378e-02,  4.38606166e-02, -3.13383426e-01, ...,
          0.00000000e+00,  2.41789388e-01,  3.12867696e-01],
        [-1.57326633e-01, -1.98997487e-01, -5.33694603e-01, ...,
         -2.41789388e-01,  0.00000000e+00,  7.39337539e-02],
        [-2.29909083e-01, -2.70907941e-01, -5.94758060e-01, ...,
         -3.12867696e-01, -7.39337539e-02,  0.00000000e+00]],

       [[ 0.00000000e+00, -2.86364454e-01, -2.62625207e-01, ...,
         -2.40300489e-01, -2.85476869e-01, -3.23348994e-01],
        [ 2.86364454e-01,  0.00000000e+00,  2.46858033e-02, ...,
          4.77366727e-02,  9.26253008e-04, -3.88264914e-02],
        [ 2.62625207e-01, -2.46858033e-02,  0.00000000e+00, ...,
          2.30644650e-02, -2.37598220e-02, -6.34818488e-02],
        ...,
        [ 2.40300489e-01, -4.77366727e-02, -2.30644650e-02, ...,
          0.00000000e+00, -4.68114552e-02, -8.64829052e-02],
        [ 2.85476869e-01, -9.26253008e-04,  2.37598220e-02, ...,
          4.68114552e-02,  0.00000000e+00, -3.97520294e-02],
        [ 3.23348994e-01,  3.88264914e-02,  6.34818488e-02, ...,
          8.64829052e-02,  3.97520294e-02,  0.00000000e+00]],

       [[ 0.00000000e+00,  6.49572536e-01,  7.21049172e-01, ...,
          9.75279748e-01,  9.57513179e-01,  9.31673818e-01],
        [-6.49572536e-01,  0.00000000e+00,  9.81350662e-02, ...,
          5.97966327e-01,  5.40667004e-01,  4.72364229e-01],
        [-7.21049172e-01, -9.81350662e-02,  0.00000000e+00, ...,
          5.16422668e-01,  4.55502442e-01,  3.83587591e-01],
        ...,
        [-9.75279748e-01, -5.97966327e-01, -5.16422668e-01, ...,
          0.00000000e+00, -6.96751424e-02, -1.48439627e-01],
        [-9.57513179e-01, -5.40667004e-01, -4.55502442e-01, ...,
          6.96751424e-02,  0.00000000e+00, -7.91756345e-02],
        [-9.31673818e-01, -4.72364229e-01, -3.83587591e-01, ...,
          1.48439627e-01,  7.91756345e-02,  0.00000000e+00]],

       ...,

       [[ 0.00000000e+00, -2.66739581e-02,  1.28297435e-01, ...,
         -1.90961803e-01, -1.73745931e-01, -1.32021999e-02],
        [ 2.66739581e-02,  0.00000000e+00,  1.54705302e-01, ...,
         -1.64710767e-01, -1.47415849e-01,  1.34741311e-02],
        [-1.28297435e-01, -1.54705302e-01,  0.00000000e+00, ...,
         -3.15320082e-01, -2.98656145e-01, -1.41379347e-01],
        ...,
        [ 1.90961803e-01,  1.64710767e-01,  3.15320082e-01, ...,
          0.00000000e+00,  1.75088062e-02,  1.77985914e-01],
        [ 1.73745931e-01,  1.47415849e-01,  2.98656145e-01, ...,
         -1.75088062e-02,  0.00000000e+00,  1.60729387e-01],
        [ 1.32021999e-02, -1.34741311e-02,  1.41379347e-01, ...,
         -1.77985914e-01, -1.60729387e-01,  0.00000000e+00]],

       [[ 0.00000000e+00,  1.18819955e-02,  1.69612933e-03, ...,
          8.28577381e-01,  8.24854248e-01,  8.19211024e-01],
        [-1.18819955e-02,  0.00000000e+00, -1.01859688e-02, ...,
          8.21866462e-01,  8.18078587e-01,  8.12338961e-01],
        [-1.69612933e-03,  1.01859688e-02,  0.00000000e+00, ...,
          8.27626570e-01,  8.23894163e-01,  8.18237128e-01],
        ...,
        [-8.28577381e-01, -8.21866462e-01, -8.27626570e-01, ...,
          0.00000000e+00, -6.61753610e-03, -1.65272498e-02],
        [-8.24854248e-01, -8.18078587e-01, -8.23894163e-01, ...,
          6.61753610e-03,  0.00000000e+00, -9.91025566e-03],
        [-8.19211024e-01, -8.12338961e-01, -8.18237128e-01, ...,
          1.65272498e-02,  9.91025566e-03,  0.00000000e+00]],

       [[ 0.00000000e+00,  1.49299659e-02, -6.54355434e-03, ...,
          6.44028563e-01,  6.58022709e-01,  6.80203897e-01],
        [-1.49299659e-02,  0.00000000e+00, -2.14724713e-02, ...,
          6.32535336e-01,  6.46707132e-01,  6.69184075e-01],
        [ 6.54355434e-03,  2.14724713e-02,  0.00000000e+00, ...,
          6.49020604e-01,  6.62935905e-01,  6.84985910e-01],
        ...,
        [-6.44028563e-01, -6.32535336e-01, -6.49020604e-01, ...,
          0.00000000e+00,  1.84360488e-02,  4.82692399e-02],
        [-6.58022709e-01, -6.46707132e-01, -6.62935905e-01, ...,
         -1.84360488e-02,  0.00000000e+00,  2.98464770e-02],
        [-6.80203897e-01, -6.69184075e-01, -6.84985910e-01, ...,
         -4.82692399e-02, -2.98464770e-02,  0.00000000e+00]]]), 'num': array([7.07104668e-01, 7.07104668e-01, 0.00000000e+00, 1.25352649e-09,
       3.97787711e-05, 4.01113695e-05, 3.93796530e-05, 2.44217708e-03,
       3.32598421e-07, 3.91401821e-05, 4.01346514e-05, 4.01911932e-05,
       5.18628046e-07, 4.18841444e-05, 3.83851584e-05])}
{'img': array([[[ 0.        , -0.35473306, -0.29481109, ...,  0.19899749,
          0.27090794,  0.43527952],
        [ 0.35473306,  0.        ,  0.06332832, ...,  0.5336946 ,
          0.59475806,  0.72633678],
        [ 0.29481109, -0.06332832,  0.        , ...,  0.47906803,
          0.5426543 ,  0.68135082],
        ...,
        [-0.19899749, -0.5336946 , -0.47906803, ...,  0.        ,
          0.07393375,  0.24741741],
        [-0.27090794, -0.59475806, -0.5426543 , ..., -0.07393375,
          0.        ,  0.17510519],
        [-0.43527952, -0.72633678, -0.68135082, ..., -0.24741741,
         -0.17510519,  0.        ]],

       [[ 0.        ,  0.0246858 ,  0.23930338, ...,  0.00092625,
         -0.03882649,  0.00780671],
        [-0.0246858 ,  0.        ,  0.2152619 , ..., -0.02375982,
         -0.06348185, -0.01688072],
        [-0.23930338, -0.2152619 ,  0.        , ..., -0.23840394,
         -0.27682132, -0.23171621],
        ...,
        [-0.00092625,  0.02375982,  0.23840394, ...,  0.        ,
         -0.03975203,  0.00688048],
        [ 0.03882649,  0.06348185,  0.27682132, ...,  0.03975203,
          0.        ,  0.04662613],
        [-0.00780671,  0.01688072,  0.23171621, ..., -0.00688048,
         -0.04662613,  0.        ]],

       [[ 0.        ,  0.38382884,  0.53189787, ...,  0.88592434,
          0.83586427,  0.81852698],
        [-0.38382884,  0.        ,  0.16612723, ...,  0.64003505,
          0.56114309,  0.53533388],
        [-0.53189787, -0.16612723,  0.        , ...,  0.50349819,
          0.415839  ,  0.38757726],
        ...,
        [-0.88592434, -0.64003505, -0.50349819, ...,  0.        ,
         -0.09861716, -0.12927806],
        [-0.83586427, -0.56114309, -0.415839  , ...,  0.09861716,
          0.        , -0.03085828],
        [-0.81852698, -0.53533388, -0.38757726, ...,  0.12927806,
          0.03085828,  0.        ]],

       ...,

       [[ 0.        ,  0.1547053 ,  0.26645853, ..., -0.14741585,
          0.01347413, -0.26955884],
        [-0.1547053 ,  0.        ,  0.1141384 , ..., -0.29865614,
         -0.14137935, -0.41529225],
        [-0.26645853, -0.1141384 ,  0.        , ..., -0.40563359,
         -0.25344735, -0.51640859],
        ...,
        [ 0.14741585,  0.29865614,  0.40563359, ...,  0.        ,
          0.16072939, -0.12465471],
        [-0.01347413,  0.14137935,  0.25344735, ..., -0.16072939,
          0.        , -0.28250974],
        [ 0.26955884,  0.41529225,  0.51640859, ...,  0.12465471,
          0.28250974,  0.        ]],

       [[ 0.        , -0.01018597, -0.09807882, ...,  0.81807859,
          0.81233896,  0.80934741],
        [ 0.01018597,  0.        , -0.08793687, ...,  0.82389416,
          0.81823713,  0.81528795],
        [ 0.09807882,  0.08793687,  0.        , ...,  0.87054011,
          0.86562054,  0.86304992],
        ...,
        [-0.81807859, -0.82389416, -0.87054011, ...,  0.        ,
         -0.00991026, -0.01502134],
        [-0.81233896, -0.81823713, -0.86562054, ...,  0.00991026,
          0.        , -0.00511147],
        [-0.80934741, -0.81528795, -0.86304992, ...,  0.01502134,
          0.00511147,  0.        ]],

       [[ 0.        , -0.02147247, -0.03431566, ...,  0.64670713,
          0.66918407,  0.69419864],
        [ 0.02147247,  0.        , -0.01284793, ...,  0.66293591,
          0.68498591,  0.70949412],
        [ 0.03431566,  0.01284793,  0.        , ...,  0.67250012,
          0.69428981,  0.71848964],
        ...,
        [-0.64670713, -0.66293591, -0.67250012, ...,  0.        ,
          0.02984648,  0.06400287],
        [-0.66918407, -0.68498591, -0.69428981, ..., -0.02984648,
          0.        ,  0.03418907],
        [-0.69419864, -0.70949412, -0.71848964, ..., -0.06400287,
         -0.03418907,  0.        ]]]), 'num': array([9.99996384e-01, 2.27675819e-05, 3.32769928e-04, 1.49814931e-09,
       5.62636378e-05, 5.64508712e-05, 5.57955543e-05, 2.66373219e-03,
       2.80850106e-07, 5.55708742e-05, 5.65257646e-05, 5.65866154e-05,
       7.58217916e-07, 5.89421638e-05, 5.41093654e-05])}
{'img': array([[[ 0.        ,  0.06332832,  0.17395876, ...,  0.59475806,
          0.72633678,  0.79241006],
        [-0.06332832,  0.        ,  0.11124684, ...,  0.5426543 ,
          0.68135082,  0.75218994],
        [-0.17395876, -0.11124684,  0.        , ...,  0.44584347,
          0.59569364,  0.67421525],
        ...,
        [-0.59475806, -0.5426543 , -0.44584347, ...,  0.        ,
          0.17510519,  0.27422648],
        [-0.72633678, -0.68135082, -0.59569364, ..., -0.17510519,
          0.        ,  0.10159705],
        [-0.79241006, -0.75218994, -0.67421525, ..., -0.27422648,
         -0.10159705,  0.        ]],

       [[ 0.        ,  0.2152619 ,  0.18010994, ..., -0.06348185,
         -0.01688072, -0.06102873],
        [-0.2152619 ,  0.        , -0.03585411, ..., -0.27682132,
         -0.23171621, -0.27445866],
        [-0.18010994,  0.03585411,  0.        , ..., -0.24219036,
         -0.19668894, -0.23980492],
        ...,
        [ 0.06348185,  0.27682132,  0.24219036, ...,  0.        ,
          0.04662613,  0.00245788],
        [ 0.01688072,  0.23171621,  0.19668894, ..., -0.04662613,
          0.        , -0.04417078],
        [ 0.06102873,  0.27445866,  0.23980492, ..., -0.00245788,
          0.04417078,  0.        ]],

       [[ 0.        ,  0.39108637,  0.46567512, ...,  0.79192415,
          0.77072483,  0.91339267],
        [-0.39108637,  0.        ,  0.08249182, ...,  0.4900456 ,
          0.46015189,  0.68144128],
        [-0.46567512, -0.08249182,  0.        , ...,  0.41646754,
          0.38534402,  0.61874523],
        ...,
        [-0.79192415, -0.4900456 , -0.41646754, ...,  0.        ,
         -0.03396926,  0.23535914],
        [-0.77072483, -0.46015189, -0.38534402, ...,  0.03396926,
          0.        ,  0.26823832],
        [-0.91339267, -0.68144128, -0.61874523, ..., -0.23535914,
         -0.26823832,  0.        ]],

       ...,

       [[ 0.        ,  0.1141384 , -0.11984751, ..., -0.14137935,
         -0.41529225, -0.35305685],
        [-0.1141384 ,  0.        , -0.23238001, ..., -0.25344735,
         -0.51640859, -0.45753767],
        [ 0.11984751,  0.23238001,  0.        , ..., -0.02171663,
         -0.30327511, -0.23838257],
        ...,
        [ 0.14137935,  0.25344735,  0.02171663, ...,  0.        ,
         -0.28250974, -0.21723578],
        [ 0.41529225,  0.51640859,  0.30327511, ...,  0.28250974,
          0.        ,  0.06737662],
        [ 0.35305685,  0.45753767,  0.23838257, ...,  0.21723578,
         -0.06737662,  0.        ]],

       [[ 0.        , -0.08793687, -0.1241167 , ...,  0.81823713,
          0.81528795,  0.8142235 ],
        [ 0.08793687,  0.        , -0.03637896, ...,  0.86562054,
          0.86304992,  0.86212113],
        [ 0.1241167 ,  0.03637896,  0.        , ...,  0.88326253,
          0.88085433,  0.87998376],
        ...,
        [-0.81823713, -0.86562054, -0.88326253, ...,  0.        ,
         -0.00511147, -0.00694731],
        [-0.81528795, -0.86304992, -0.88085433, ...,  0.00511147,
          0.        , -0.00183588],
        [-0.8142235 , -0.86212113, -0.87998376, ...,  0.00694731,
          0.00183588,  0.        ]],

       [[ 0.        , -0.01284793, -0.02496923, ...,  0.68498591,
          0.70949412,  0.73711677],
        [ 0.01284793,  0.        , -0.01212324, ...,  0.69428981,
          0.71848964,  0.74573812],
        [ 0.02496923,  0.01212324,  0.        , ...,  0.70296383,
          0.72686901,  0.75376029],
        ...,
        [-0.68498591, -0.69428981, -0.70296383, ...,  0.        ,
          0.03418907,  0.07414131],
        [-0.70949412, -0.71848964, -0.72686901, ..., -0.03418907,
          0.        ,  0.04000299],
        [-0.73711677, -0.74573812, -0.75376029, ..., -0.07414131,
         -0.04000299,  0.        ]]]), 'num': array([ 7.62654088e-01,  6.46803675e-01,  3.90068731e-05,  6.33487073e-09,
        4.25451388e-05,  4.29032629e-05,  4.25451388e-05,  1.93196473e-03,
       -5.01373690e-07,  4.26454135e-05,  4.32506432e-05,  4.33115243e-05,
        6.74926121e-07,  4.50936570e-05,  4.14076295e-05])}
{'img': array([[[ 0.        ,  0.11124684,  0.29481109, ...,  0.68135082,
          0.75218994,  0.57261103],
        [-0.11124684,  0.        ,  0.18667861, ...,  0.59569364,
          0.67421525,  0.47785353],
        [-0.29481109, -0.18667861,  0.        , ...,  0.43527952,
          0.52449458,  0.3054675 ],
        ...,
        [-0.68135082, -0.59569364, -0.43527952, ...,  0.        ,
          0.10159705, -0.13946327],
        [-0.75218994, -0.67421525, -0.52449458, ..., -0.10159705,
          0.        , -0.23934581],
        [-0.57261103, -0.47785353, -0.3054675 , ...,  0.13946327,
          0.23934581,  0.        ]],

       [[ 0.        , -0.03585411, -0.20395936, ..., -0.23171621,
         -0.27445866, -0.28339917],
        [ 0.03585411,  0.        , -0.16872779, ..., -0.19668894,
         -0.23980492, -0.24883279],
        [ 0.20395936,  0.16872779,  0.        , ..., -0.0284371 ,
         -0.07256226, -0.0818445 ],
        ...,
        [ 0.23171621,  0.19668894,  0.0284371 , ...,  0.        ,
         -0.04417078, -0.0534697 ],
        [ 0.27445866,  0.23980492,  0.07256226, ...,  0.04417078,
          0.        , -0.00930992],
        [ 0.28339917,  0.24883279,  0.0818445 , ...,  0.0534697 ,
          0.00930992,  0.        ]],

       [[ 0.        ,  0.16770413,  0.13576812, ...,  0.61602357,
          0.8184374 ,  0.86722478],
        [-0.16770413,  0.        , -0.03230602, ...,  0.47519386,
          0.7104841 ,  0.77143989],
        [-0.13576812,  0.03230602,  0.        , ...,  0.50337128,
          0.73284742,  0.7915936 ],
        ...,
        [-0.61602357, -0.47519386, -0.50337128, ...,  0.        ,
          0.29074133,  0.37640849],
        [-0.8184374 , -0.7104841 , -0.73284742, ..., -0.29074133,
          0.        ,  0.09078987],
        [-0.86722478, -0.77143989, -0.7915936 , ..., -0.37640849,
         -0.09078987,  0.        ]],

       ...,

       [[ 0.        , -0.23238001, -0.21471689, ..., -0.51640859,
         -0.45753767, -0.20680524],
        [ 0.23238001,  0.        ,  0.01812102, ..., -0.30327511,
         -0.23838257,  0.02621249],
        [ 0.21471689, -0.01812102,  0.        , ..., -0.32049289,
         -0.25594205,  0.00809339],
        ...,
        [ 0.51640859,  0.30327511,  0.32049289, ...,  0.        ,
          0.06737662,  0.32814886],
        [ 0.45753767,  0.23838257,  0.25594205, ..., -0.06737662,
          0.        ,  0.26375748],
        [ 0.20680524, -0.02621249, -0.00809339, ..., -0.32814886,
         -0.26375748,  0.        ]],

       [[ 0.        , -0.03637896, -0.16801769, ...,  0.86304992,
          0.86212113,  0.86139744],
        [ 0.03637896,  0.        , -0.13204467, ...,  0.88085433,
          0.87998376,  0.87930527],
        [ 0.16801769,  0.13204467,  0.        , ...,  0.93564965,
          0.93500014,  0.93449328],
        ...,
        [-0.86304992, -0.88085433, -0.93564965, ...,  0.        ,
         -0.00183588, -0.00326238],
        [-0.86212113, -0.87998376, -0.93500014, ...,  0.00183588,
          0.        , -0.00142651],
        [-0.86139744, -0.87930527, -0.93449328, ...,  0.00326238,
          0.00142651,  0.        ]],

       [[ 0.        , -0.01212324,  0.01221061, ...,  0.71848964,
          0.74573812,  0.74943984],
        [ 0.01212324,  0.        ,  0.02433205, ...,  0.72686901,
          0.75376029,  0.75741123],
        [-0.01221061, -0.02433205,  0.        , ...,  0.70994314,
          0.73754733,  0.74129966],
        ...,
        [-0.71848964, -0.72686901, -0.70994314, ...,  0.        ,
          0.04000299,  0.04557144],
        [-0.74573812, -0.75376029, -0.73754733, ..., -0.04000299,
          0.        ,  0.00557354],
        [-0.74943984, -0.75741123, -0.74129966, ..., -0.04557144,
         -0.00557354,  0.        ]]]), 'num': array([ 9.68265713e-01,  2.49789887e-01,  2.42319009e-04,  4.63183304e-09,
        5.39963823e-05,  5.59085644e-05,  5.39053260e-05,  8.15103162e-03,
       -9.10562939e-08,  5.42513399e-05,  5.49114980e-05,  5.50814698e-05,
        8.21292062e-07,  5.72820940e-05,  5.25409020e-05])}
{'img': array([[[ 0.        ,  0.18667861,  0.        , ...,  0.67421525,
          0.47785353,  0.44584347],
        [-0.18667861,  0.        , -0.18667861, ...,  0.52449458,
          0.3054675 ,  0.27090794],
        [ 0.        ,  0.18667861,  0.        , ...,  0.67421525,
          0.47785353,  0.44584347],
        ...,
        [-0.67421525, -0.52449458, -0.67421525, ...,  0.        ,
         -0.23934581, -0.27422648],
        [-0.47785353, -0.3054675 , -0.47785353, ...,  0.23934581,
          0.        , -0.0360854 ],
        [-0.44584347, -0.27090794, -0.44584347, ...,  0.27422648,
          0.0360854 ,  0.        ]],

       [[ 0.        , -0.16872779, -0.17968223, ..., -0.23980492,
         -0.24883279, -0.0219932 ],
        [ 0.16872779,  0.        , -0.01112437, ..., -0.07256226,
         -0.0818445 ,  0.1470091 ],
        [ 0.17968223,  0.01112437,  0.        , ..., -0.06146273,
         -0.07075238,  0.15800351],
        ...,
        [ 0.23980492,  0.07256226,  0.06146273, ...,  0.        ,
         -0.00930992,  0.21839545],
        [ 0.24883279,  0.0818445 ,  0.07075238, ...,  0.00930992,
          0.        ,  0.22747116],
        [ 0.0219932 , -0.1470091 , -0.15800351, ..., -0.21839545,
         -0.22747116,  0.        ]],

       [[ 0.        , -0.03230602, -0.29939759, ...,  0.7104841 ,
          0.77143989,  0.78384022],
        [ 0.03230602,  0.        , -0.26841723, ...,  0.73284742,
          0.7915936 ,  0.8034919 ],
        [ 0.29939759,  0.26841723,  0.        , ...,  0.88858314,
          0.92656009,  0.93379895],
        ...,
        [-0.7104841 , -0.73284742, -0.88858314, ...,  0.        ,
          0.09078987,  0.11041472],
        [-0.77143989, -0.7915936 , -0.92656009, ..., -0.09078987,
          0.        ,  0.01972398],
        [-0.78384022, -0.8034919 , -0.93379895, ..., -0.11041472,
         -0.01972398,  0.        ]],

       ...,

       [[ 0.        ,  0.01812102, -0.27559647, ..., -0.23838257,
          0.02621249, -0.05153029],
        [-0.01812102,  0.        , -0.29297047, ..., -0.25594205,
          0.00809339, -0.06961878],
        [ 0.27559647,  0.29297047,  0.        , ...,  0.03850056,
          0.30069914,  0.22569562],
        ...,
        [ 0.23838257,  0.25594205, -0.03850056, ...,  0.        ,
          0.26375748,  0.18802112],
        [-0.02621249, -0.00809339, -0.30069914, ..., -0.26375748,
          0.        , -0.07769024],
        [ 0.05153029,  0.06961878, -0.22569562, ..., -0.18802112,
          0.07769024,  0.        ]],

       [[ 0.        , -0.13204467, -0.29258644, ...,  0.87998376,
          0.87930527,  0.86789218],
        [ 0.13204467,  0.        , -0.1637582 , ...,  0.93500014,
          0.93449328,  0.92588625],
        [ 0.29258644,  0.1637582 ,  0.        , ...,  0.98045452,
          0.98017287,  0.9752555 ],
        ...,
        [-0.87998376, -0.93500014, -0.98045452, ...,  0.        ,
         -0.00142651, -0.02488219],
        [-0.87930527, -0.93449328, -0.98017287, ...,  0.00142651,
          0.        , -0.02345609],
        [-0.86789218, -0.92588625, -0.9752555 , ...,  0.02488219,
          0.02345609,  0.        ]],

       [[ 0.        ,  0.02433205,  0.03923203, ...,  0.75376029,
          0.75741123,  0.72587642],
        [-0.02433205,  0.        ,  0.0149071 , ...,  0.73754733,
          0.74129966,  0.70892532],
        [-0.03923203, -0.0149071 ,  0.        , ...,  0.72739869,
          0.73121203,  0.69833281],
        ...,
        [-0.75376029, -0.73754733, -0.72739869, ...,  0.        ,
          0.00557354, -0.04144597],
        [-0.75741123, -0.74129966, -0.73121203, ..., -0.00557354,
          0.        , -0.04701408],
        [-0.72587642, -0.70892532, -0.69833281, ...,  0.04144597,
          0.04701408,  0.        ]]]), 'num': array([ 7.07104587e-01,  7.07104587e-01,  0.00000000e+00,  9.39359321e-11,
        3.90810841e-05,  3.94805500e-05,  3.90145065e-05,  2.48847305e-03,
       -3.99465936e-07,  3.95870743e-05,  4.00597757e-05,  4.02794819e-05,
        4.34202105e-07,  4.18187871e-05,  3.83007642e-05])}
{'img': array([[[ 0.        , -0.18667861, -0.29481109, ...,  0.3054675 ,
          0.27090794,  0.0423392 ],
        [ 0.18667861,  0.        , -0.11124684, ...,  0.47785353,
          0.44584347,  0.22810613],
        [ 0.29481109,  0.11124684,  0.        , ...,  0.57261103,
          0.5426543 ,  0.33500419],
        ...,
        [-0.3054675 , -0.47785353, -0.57261103, ...,  0.        ,
         -0.0360854 , -0.2648781 ],
        [-0.27090794, -0.44584347, -0.5426543 , ...,  0.0360854 ,
          0.        , -0.22990908],
        [-0.0423392 , -0.22810613, -0.33500419, ...,  0.2648781 ,
          0.22990908,  0.        ]],

       [[ 0.        , -0.01112437, -0.07785116, ..., -0.0818445 ,
          0.1470091 , -0.02530282],
        [ 0.01112437,  0.        , -0.06675573, ..., -0.07075238,
          0.15800351, -0.01418044],
        [ 0.07785116,  0.06675573,  0.        , ..., -0.00400612,
          0.22356824,  0.05260021],
        ...,
        [ 0.0818445 ,  0.07075238,  0.00400612, ...,  0.        ,
          0.22747116,  0.05660036],
        [-0.1470091 , -0.15800351, -0.22356824, ..., -0.22747116,
          0.        , -0.17198993],
        [ 0.02530282,  0.01418044, -0.05260021, ..., -0.05660036,
          0.17198993,  0.        ]],

       [[ 0.        , -0.26841723, -0.13576812, ...,  0.7915936 ,
          0.8034919 ,  0.76656337],
        [ 0.26841723,  0.        ,  0.13514605, ...,  0.92656009,
          0.93379895,  0.91080174],
        [ 0.13576812, -0.13514605,  0.        , ...,  0.86722478,
          0.87687697,  0.84665151],
        ...,
        [-0.7915936 , -0.92656009, -0.86722478, ...,  0.        ,
          0.01972398, -0.03992966],
        [-0.8034919 , -0.93379895, -0.87687697, ..., -0.01972398,
          0.        , -0.05963014],
        [-0.76656337, -0.91080174, -0.84665151, ...,  0.03992966,
          0.05963014,  0.        ]],

       ...,

       [[ 0.        , -0.29297047, -0.17619028, ...,  0.00809339,
         -0.06961878, -0.62165159],
        [ 0.29297047,  0.        ,  0.11992796, ...,  0.30069914,
          0.22569562, -0.36489247],
        [ 0.17619028, -0.11992796,  0.        , ...,  0.18415129,
          0.10723312, -0.47391778],
        ...,
        [-0.00809339, -0.30069914, -0.18415129, ...,  0.        ,
         -0.07769024, -0.62797073],
        [ 0.06961878, -0.22569562, -0.10723312, ...,  0.07769024,
          0.        , -0.5656113 ],
        [ 0.62165159,  0.36489247,  0.47391778, ...,  0.62797073,
          0.5656113 ,  0.        ]],

       [[ 0.        , -0.1637582 , -0.59387413, ...,  0.93449328,
          0.92588625,  0.90790869],
        [ 0.1637582 ,  0.        , -0.45410416, ...,  0.98017287,
          0.9752555 ,  0.96429458],
        [ 0.59387413,  0.45410416,  0.        , ...,  0.96326178,
          0.96929623,  0.9793982 ],
        ...,
        [-0.93449328, -0.98017287, -0.96326178, ...,  0.        ,
         -0.02345609, -0.06851162],
        [-0.92588625, -0.9752555 , -0.96929623, ...,  0.02345609,
          0.        , -0.0450918 ],
        [-0.90790869, -0.96429458, -0.9793982 , ...,  0.06851162,
          0.0450918 ,  0.        ]],

       [[ 0.        ,  0.0149071 ,  0.03944781, ...,  0.74129966,
          0.70892532,  0.65539717],
        [-0.0149071 ,  0.        ,  0.02454793, ...,  0.73121203,
          0.69833281,  0.64406524],
        [-0.03944781, -0.02454793,  0.        , ...,  0.71424631,
          0.68055162,  0.62509271],
        ...,
        [-0.74129966, -0.73121203, -0.71424631, ...,  0.        ,
         -0.04701408, -0.12000641],
        [-0.70892532, -0.69833281, -0.68055162, ...,  0.04701408,
          0.        , -0.0731994 ],
        [-0.65539717, -0.64406524, -0.62509271, ...,  0.12000641,
          0.0731994 ,  0.        ]]]), 'num': array([ 9.99996567e-01,  3.88733078e-05,  3.41865891e-04, -1.34920042e-10,
        5.52768232e-05,  5.57492747e-05,  5.51823329e-05,  2.59264364e-03,
       -1.88980592e-07,  5.59382553e-05,  5.67650454e-05,  5.71650543e-05,
        6.03129549e-07,  5.93513019e-05,  5.41787888e-05])}
{'img': array([[[ 0.00000000e+00, -1.11246840e-01,  2.67867113e-01, ...,
          4.45843469e-01,  2.28106128e-01,  1.43409366e-01],
        [ 1.11246840e-01,  0.00000000e+00,  3.73385831e-01, ...,
          5.42654296e-01,  3.35004188e-01,  2.52616128e-01],
        [-2.67867113e-01, -3.73385831e-01,  0.00000000e+00, ...,
          1.89779723e-01, -4.10349504e-02, -1.26929697e-01],
        ...,
        [-4.45843469e-01, -5.42654296e-01, -1.89779723e-01, ...,
          0.00000000e+00, -2.29909083e-01, -3.12867696e-01],
        [-2.28106128e-01, -3.35004188e-01,  4.10349504e-02, ...,
          2.29909083e-01,  0.00000000e+00, -8.61197378e-02],
        [-1.43409366e-01, -2.52616128e-01,  1.26929697e-01, ...,
          3.12867696e-01,  8.61197378e-02,  0.00000000e+00]],

       [[ 0.00000000e+00, -6.67557341e-02,  6.96758878e-02, ...,
          1.58003507e-01, -1.41804404e-02, -6.77738609e-02],
        [ 6.67557341e-02,  0.00000000e+00,  1.36113962e-01, ...,
          2.23568241e-01,  5.26002131e-02, -1.02043785e-03],
        [-6.96758878e-02, -1.36113962e-01,  0.00000000e+00, ...,
          8.88188504e-02, -8.38148596e-02, -1.37124832e-01],
        ...,
        [-1.58003507e-01, -2.23568241e-01, -8.88188504e-02, ...,
          0.00000000e+00, -1.71989934e-01, -2.24562734e-01],
        [ 1.41804404e-02, -5.26002131e-02,  8.38148596e-02, ...,
          1.71989934e-01,  0.00000000e+00, -5.36192109e-02],
        [ 6.77738609e-02,  1.02043785e-03,  1.37124832e-01, ...,
          2.24562734e-01,  5.36192109e-02,  0.00000000e+00]],

       [[ 0.00000000e+00,  1.35146054e-01,  3.97894467e-01, ...,
          9.33798947e-01,  9.10801735e-01,  8.46675174e-01],
        [-1.35146054e-01,  0.00000000e+00,  2.70256854e-01, ...,
          8.76876974e-01,  8.46651514e-01,  7.66994933e-01],
        [-3.97894467e-01, -2.70256854e-01,  0.00000000e+00, ...,
          7.14330371e-01,  6.71329565e-01,  5.65042553e-01],
        ...,
        [-9.33798947e-01, -8.76876974e-01, -7.14330371e-01, ...,
          0.00000000e+00, -5.96301369e-02, -1.93945020e-01],
        [-9.10801735e-01, -8.46651514e-01, -6.71329565e-01, ...,
          5.96301369e-02,  0.00000000e+00, -1.35101998e-01],
        [-8.46675174e-01, -7.66994933e-01, -5.65042553e-01, ...,
          1.93945020e-01,  1.35101998e-01,  0.00000000e+00]],

       ...,

       [[ 0.00000000e+00,  1.19927964e-01,  6.86958366e-01, ...,
          2.25695622e-01, -3.64892468e-01, -4.10012516e-01],
        [-1.19927964e-01,  0.00000000e+00,  5.94849046e-01, ...,
          1.07233119e-01, -4.73917783e-01, -5.16437175e-01],
        [-6.86958366e-01, -5.94849046e-01,  0.00000000e+00, ...,
         -5.05221096e-01, -9.04758540e-01, -9.24515688e-01],
        ...,
        [-2.25695622e-01, -1.07233119e-01,  5.05221096e-01, ...,
          0.00000000e+00, -5.65611299e-01, -6.05285758e-01],
        [ 3.64892468e-01,  4.73917783e-01,  9.04758540e-01, ...,
