state_0,state_1,state_2,state_3,state_4,state_5,state_6,state_7,state_8,state_9,state_10,state_11,state_12,state_13,state_14,state_15,state_16,state_17,state_18,state_19,state_20,state_21,state_22,state_23,state_24,state_25,state_26,state_27,state_28,state_29,state_30,state_31,state_32,state_33,state_34,state_35,state_36,state_37,state_38,state_39,state_40,state_41,state_42,state_43,state_44,state_45,state_46,state_47,state_48,state_49,state_50,state_51,state_52,state_53,state_54,state_55,state_56,state_57,state_58,state_59,state_60,state_61,state_62,state_63,state_64,state_65,state_66,state_67,state_68,state_69,state_70,state_71,state_72,state_73,state_74,state_75,state_76,state_77,state_78,state_79,state_80,state_81,state_82,state_83,state_84,state_85,state_86,state_87,state_88,state_89,state_90,state_91,state_92,state_93,state_94,state_95,state_96,state_97,state_98,state_99,state_100,state_101,state_102,state_103,state_104,state_105,state_106,state_107,state_108,state_109,state_110,state_111,state_112,state_113,state_114,state_115,state_116,state_117,state_118,state_119,state_120,state_121,state_122,state_123,state_124,state_125,state_126,state_127,state_128,state_129,state_130,state_131,state_132,state_133,state_134,state_135,state_136,state_137,state_138,state_139,state_140,state_141,state_142,state_143,state_144,state_145,state_146,state_147,state_148,state_149,state_150,state_151,state_152,state_153,state_154,state_155,state_156,state_157,state_158,state_159,state_160,state_161,state_162,state_163,state_164,state_165,state_166,state_167,state_168,state_169,state_170,state_171,state_172,state_173,state_174,state_175,state_176,state_177,state_178,state_179,state_180,state_181,state_182,state_183,state_184,state_185,state_186,state_187,state_188,state_189,state_190,state_191,state_192,state_193,state_194,state_195,state_196,state_197,state_198,state_199,state_200,state_201,state_202,state_203,state_204,state_205,state_206,state_207,state_208,state_209,state_210,state_211,state_212,state_213,state_214,state_215,state_216,state_217,state_218,state_219,state_220,state_221,state_222,state_223,state_224,state_225,state_226,state_227,state_228,state_229,state_230,state_231,state_232,state_233,state_234,state_235,state_236,state_237,state_238,state_239,state_240,state_241,state_242,state_243,state_244,state_245,state_246,state_247,state_248,state_249,state_250,state_251,state_252,state_253,state_254,state_255,state_256,state_257,state_258,state_259,state_260,state_261,state_262,state_263,state_264,state_265,state_266,state_267,state_268,state_269,state_270,state_271,state_272,state_273,state_274,state_275,state_276,state_277,state_278,state_279,state_280,state_281,state_282,state_283,state_284,state_285,state_286,state_287
{'img': array([[[ 0.        ,  0.        ,  0.1097787 , ...,  0.43426679,
          0.43426679,  0.49614637],
        [ 0.        ,  0.        ,  0.1097787 , ...,  0.43426679,
          0.43426679,  0.49614637],
        [-0.1097787 , -0.1097787 ,  0.        , ...,  0.33275517,
          0.33275517,  0.39783355],
        ...,
        [-0.43426679, -0.43426679, -0.33275517, ...,  0.        ,
          0.        ,  0.06987355],
        [-0.43426679, -0.43426679, -0.33275517, ...,  0.        ,
          0.        ,  0.06987355],
        [-0.49614637, -0.49614637, -0.39783355, ..., -0.06987355,
         -0.06987355,  0.        ]],

       [[ 0.        , -0.3771274 , -0.25344415, ...,  0.38034872,
          0.23960012,  0.13908158],
        [ 0.3771274 ,  0.        ,  0.13008401, ...,  0.70104799,
          0.58805069,  0.50227405],
        [ 0.25344415, -0.13008401,  0.        , ...,  0.60232643,
          0.47783893,  0.38552147],
        ...,
        [-0.38034872, -0.70104799, -0.60232643, ...,  0.        ,
         -0.14767726, -0.24802344],
        [-0.23960012, -0.58805069, -0.47783893, ...,  0.14767726,
          0.        , -0.10224107],
        [-0.13908158, -0.50227405, -0.38552147, ...,  0.24802344,
          0.10224107,  0.        ]],

       [[ 0.        ,  0.36979361,  0.50470626, ...,  0.99907344,
          0.98878181,  0.9680822 ],
        [-0.36979361,  0.        ,  0.14969006, ...,  0.91233787,
          0.86345595,  0.8067762 ],
        [-0.50470626, -0.14969006,  0.        , ...,  0.84076971,
          0.77822007,  0.70924078],
        ...,
        [-0.99907344, -0.91233787, -0.84076971, ...,  0.        ,
         -0.10667352, -0.20873639],
        [-0.98878181, -0.86345595, -0.77822007, ...,  0.10667352,
          0.        , -0.10322164],
        [-0.9680822 , -0.8067762 , -0.70924078, ...,  0.20873639,
          0.10322164,  0.        ]],

       ...,

       [[ 0.        ,  0.02581273,  0.23003861, ..., -0.50107247,
         -0.86429235, -0.54601577],
        [-0.02581273,  0.        ,  0.20484149, ..., -0.52324398,
         -0.8769879 , -0.56745909],
        [-0.23003861, -0.20484149,  0.        , ..., -0.6867111 ,
         -0.9568204 , -0.72409302],
        ...,
        [ 0.50107247,  0.52324398,  0.6867111 , ...,  0.        ,
         -0.49592887, -0.05273902],
        [ 0.86429235,  0.8769879 ,  0.9568204 , ...,  0.49592887,
          0.        ,  0.44944208],
        [ 0.54601577,  0.56745909,  0.72409302, ...,  0.05273902,
         -0.44944208,  0.        ]],

       [[ 0.        , -0.12921238, -0.2306454 , ...,  0.99449057,
          0.95453106,  0.83649993],
        [ 0.12921238,  0.        , -0.10298335, ...,  0.97260886,
          0.90800947,  0.75868339],
        [ 0.2306454 ,  0.10298335,  0.        , ...,  0.94349932,
          0.86003682,  0.68756004],
        ...,
        [-0.99449057, -0.97260886, -0.94349932, ...,  0.        ,
          0.19640928,  0.457261  ],
        [-0.95453106, -0.90800947, -0.86003682, ..., -0.19640928,
          0.        ,  0.2736813 ],
        [-0.83649993, -0.75868339, -0.68756004, ..., -0.457261  ,
         -0.2736813 ,  0.        ]],

       [[ 0.        ,  0.01821646,  0.03451949, ...,  0.99082603,
          0.9990453 ,  0.98365832],
        [-0.01821646,  0.        ,  0.01630815, ...,  0.99312345,
          0.99808371,  0.98021531],
        [-0.03451949, -0.01630815,  0.        , ...,  0.99490061,
          0.99694186,  0.97685701],
        ...,
        [-0.99082603, -0.99312345, -0.99490061, ...,  0.        ,
         -0.17830011, -0.31132868],
        [-0.9990453 , -0.99808371, -0.99694186, ...,  0.17830011,
          0.        , -0.136901  ],
        [-0.98365832, -0.98021531, -0.97685701, ...,  0.31132868,
          0.136901  ,  0.        ]]]), 'num': array([ 7.07098946e-01,  7.07098946e-01,  0.00000000e+00,  0.00000000e+00,
        1.06608764e-03,  1.08240531e-03,  1.05339612e-03,  3.46170261e-03,
       -1.63176680e-05,  1.08494361e-03,  1.18919538e-03,  1.13767386e-03,
        3.92521223e-07,  1.34118205e-03,  1.03720871e-03])}
{'img': array([[[ 0.        ,  0.1097787 ,  0.23439037, ...,  0.43426679,
          0.49614637,  0.40177476],
        [-0.1097787 ,  0.        ,  0.12625319, ...,  0.33275517,
          0.39783355,  0.29881787],
        [-0.23439037, -0.12625319,  0.        , ...,  0.21103405,
          0.27881816,  0.17594204],
        ...,
        [-0.43426679, -0.33275517, -0.21103405, ...,  0.        ,
          0.06987355, -0.03576243],
        [-0.49614637, -0.39783355, -0.27881816, ..., -0.06987355,
          0.        , -0.10550388],
        [-0.40177476, -0.29881787, -0.17594204, ...,  0.03576243,
          0.10550388,  0.        ]],

       [[ 0.        ,  0.13008401,  0.41754532, ...,  0.58805069,
          0.50227405,  0.4995841 ],
        [-0.13008401,  0.        ,  0.2957958 , ...,  0.47783893,
          0.38552147,  0.38265185],
        [-0.41754532, -0.2957958 ,  0.        , ...,  0.19661513,
          0.0953394 ,  0.09224508],
        ...,
        [-0.58805069, -0.47783893, -0.19661513, ...,  0.        ,
         -0.10224107, -0.1053323 ],
        [-0.50227405, -0.38552147, -0.0953394 , ...,  0.10224107,
          0.        , -0.00310801],
        [-0.4995841 , -0.38265185, -0.09224508, ...,  0.1053323 ,
          0.00310801,  0.        ]],

       [[ 0.        ,  0.36307856,  0.48589759, ...,  0.98147289,
          0.95500555,  0.91697262],
        [-0.36307856,  0.        ,  0.13540285, ...,  0.84492951,
          0.78214985,  0.70954682],
        [-0.48589759, -0.13540285,  0.        , ...,  0.76472427,
          0.69057853,  0.6075996 ],
        ...,
        [-0.98147289, -0.84492951, -0.76472427, ...,  0.        ,
         -0.10811294, -0.21586582],
        [-0.95500555, -0.78214985, -0.69057853, ...,  0.10811294,
          0.        , -0.10903658],
        [-0.91697262, -0.70954682, -0.6075996 , ...,  0.21586582,
          0.10903658,  0.        ]],

       ...,

       [[ 0.        ,  0.20484149,  0.21328927, ..., -0.8769879 ,
         -0.56745909, -0.69192293],
        [-0.20484149,  0.        ,  0.00863861, ..., -0.9568204 ,
         -0.72409302, -0.8251405 ],
        [-0.21328927, -0.00863861,  0.        , ..., -0.95929577,
         -0.73002407, -0.8299899 ],
        ...,
        [ 0.8769879 ,  0.9568204 ,  0.95929577, ...,  0.        ,
          0.44944208,  0.30068258],
        [ 0.56745909,  0.72409302,  0.73002407, ..., -0.44944208,
          0.        , -0.16004122],
        [ 0.69192293,  0.8251405 ,  0.8299899 , ..., -0.30068258,
          0.16004122,  0.        ]],

       [[ 0.        , -0.10298335, -0.2740021 , ...,  0.90800947,
          0.75868339,  0.89656424],
        [ 0.10298335,  0.        , -0.17350317, ...,  0.86003682,
          0.68756004,  0.84618454],
        [ 0.2740021 ,  0.17350317,  0.        , ...,  0.75846605,
          0.55114661,  0.74089263],
        ...,
        [-0.90800947, -0.86003682, -0.75846605, ...,  0.        ,
          0.2736813 ,  0.02655459],
        [-0.75868339, -0.68756004, -0.55114661, ..., -0.2736813 ,
          0.        , -0.24804404],
        [-0.89656424, -0.84618454, -0.74089263, ..., -0.02655459,
          0.24804404,  0.        ]],

       [[ 0.        ,  0.01630815,  0.07151219, ...,  0.99808371,
          0.98021531,  0.94390884],
        [-0.01630815,  0.        ,  0.05523629, ...,  0.99694186,
          0.97685701,  0.93839826],
        [-0.07151219, -0.05523629,  0.        , ...,  0.9911033 ,
          0.96355098,  0.91787841],
        ...,
        [-0.99808371, -0.99694186, -0.9911033 , ...,  0.        ,
         -0.136901  , -0.27116604],
        [-0.98021531, -0.97685701, -0.96355098, ...,  0.136901  ,
          0.        , -0.13684127],
        [-0.94390884, -0.93839826, -0.91787841, ...,  0.27116604,
          0.13684127,  0.        ]]]), 'num': array([ 9.14591651e-01,  4.04260307e-01,  9.00055279e-06, -1.92728695e-10,
        1.35726421e-03,  1.41950208e-03,  1.34768915e-03,  8.86008672e-03,
       -5.02690448e-05,  1.40466074e-03,  1.55163785e-03,  1.50240610e-03,
        5.05216531e-07,  1.75926208e-03,  1.34401363e-03])}
{'img': array([[[ 0.        ,  0.12625319,  0.02932892, ...,  0.39783355,
          0.29881787,  0.02932892],
        [-0.12625319,  0.        , -0.09710465, ...,  0.27881816,
          0.17594204, -0.09710465],
        [-0.02932892,  0.09710465,  0.        , ...,  0.37075437,
          0.27070044,  0.        ],
        ...,
        [-0.39783355, -0.27881816, -0.37075437, ...,  0.        ,
         -0.10550388, -0.37075437],
        [-0.29881787, -0.17594204, -0.27070044, ...,  0.10550388,
          0.        , -0.27070044],
        [-0.02932892,  0.09710465,  0.        , ...,  0.37075437,
          0.27070044,  0.        ]],

       [[ 0.        ,  0.39934748,  0.51954039, ...,  0.4883202 ,
          0.48551548,  0.83275269],
        [-0.39934748,  0.        ,  0.13509363, ...,  0.09919541,
          0.09599964,  0.54237057],
        [-0.51954039, -0.13509363,  0.        , ..., -0.03614128,
         -0.03935008,  0.42390109],
        ...,
        [-0.4883202 , -0.09919541,  0.03614128, ...,  0.        ,
         -0.00321109,  0.45635762],
        [-0.48551548, -0.09599964,  0.03935008, ...,  0.00321109,
          0.        ,  0.45921248],
        [-0.83275269, -0.54237057, -0.42390109, ..., -0.45635762,
         -0.45921248,  0.        ]],

       [[ 0.        ,  0.2019114 ,  0.27047494, ...,  0.8625718 ,
          0.79960185,  0.67742353],
        [-0.2019114 ,  0.        ,  0.07051862, ...,  0.74265211,
          0.66187913,  0.51494652],
        [-0.27047494, -0.07051862,  0.        , ...,  0.69357852,
          0.60736985,  0.45321441],
        ...,
        [-0.8625718 , -0.74265211, -0.69357852, ...,  0.        ,
         -0.11345437, -0.29176989],
        [-0.79960185, -0.66187913, -0.60736985, ...,  0.11345437,
          0.        , -0.18136819],
        [-0.67742353, -0.51494652, -0.45321441, ...,  0.29176989,
          0.18136819,  0.        ]],

       ...,

       [[ 0.        ,  0.00863861, -0.02860044, ..., -0.72409302,
         -0.8251405 , -0.85345506],
        [-0.00863861,  0.        , -0.03723445, ..., -0.73002407,
         -0.8299899 , -0.85792537],
        [ 0.02860044,  0.03723445,  0.        , ..., -0.70407102,
         -0.80864578, -0.83820034],
        ...,
        [ 0.72409302,  0.73002407,  0.70407102, ...,  0.        ,
         -0.16004122, -0.21125696],
        [ 0.8251405 ,  0.8299899 ,  0.80864578, ...,  0.16004122,
          0.        , -0.05210475],
        [ 0.85345506,  0.85792537,  0.83820034, ...,  0.21125696,
          0.05210475,  0.        ]],

       [[ 0.        , -0.17350317, -0.45831908, ...,  0.68756004,
          0.84618454,  0.93943383],
        [ 0.17350317,  0.        , -0.29716042, ...,  0.55114661,
          0.74089263,  0.86572093],
        [ 0.45831908,  0.29716042,  0.        , ...,  0.27829682,
          0.50784479,  0.6778774 ],
        ...,
        [-0.68756004, -0.55114661, -0.27829682, ...,  0.        ,
         -0.24804404, -0.44650107],
        [-0.84618454, -0.74089263, -0.50784479, ...,  0.24804404,
          0.        , -0.21060175],
        [-0.93943383, -0.86572093, -0.6778774 , ...,  0.44650107,
          0.21060175,  0.        ]],

       [[ 0.        ,  0.05523629,  0.11760013, ...,  0.97685701,
          0.93839826,  0.87771196],
        [-0.05523629,  0.        ,  0.06256758, ...,  0.96355098,
          0.91787841,  0.84990337],
        [-0.11760013, -0.06256758,  0.        , ...,  0.94492474,
          0.89124936,  0.8152689 ],
        ...,
        [-0.97685701, -0.96355098, -0.94492474, ...,  0.        ,
         -0.13684127, -0.28036197],
        [-0.93839826, -0.91787841, -0.89124936, ...,  0.13684127,
          0.        , -0.14637143],
        [-0.87771196, -0.84990337, -0.8152689 , ...,  0.28036197,
          0.14637143,  0.        ]]]), 'num': array([ 8.07625514e-01,  5.89669764e-01,  3.76434801e-06, -4.37356738e-08,
        1.21762989e-03,  1.22814483e-03,  1.19029105e-03,  4.17032979e-03,
        2.52358526e-05,  1.22898602e-03,  1.35085416e-03,  1.32039589e-03,
        4.43846654e-07,  1.53761687e-03,  1.16409144e-03])}
{'img': array([[[ 0.        , -0.09710465,  0.02650344, ...,  0.17594204,
         -0.09710465,  0.0653407 ],
        [ 0.09710465,  0.        ,  0.12344873, ...,  0.27070044,
          0.        ,  0.16192904],
        [-0.02650344, -0.12344873,  0.        , ...,  0.14979024,
         -0.12344873,  0.03887094],
        ...,
        [-0.17594204, -0.27070044, -0.14979024, ...,  0.        ,
         -0.27070044, -0.11124464],
        [ 0.09710465,  0.        ,  0.12344873, ...,  0.27070044,
          0.        ,  0.16192904],
        [-0.0653407 , -0.16192904, -0.03887094, ...,  0.11124464,
         -0.16192904,  0.        ]],

       [[ 0.        ,  0.15233438, -0.3422071 , ...,  0.1094028 ,
          0.57484265,  0.13845296],
        [-0.15233438,  0.        , -0.48135032, ..., -0.04329403,
          0.44348393, -0.01403016],
        [ 0.3422071 ,  0.48135032,  0.        , ...,  0.44295055,
          0.820152  ,  0.46900511],
        ...,
        [-0.1094028 ,  0.04329403, -0.44295055, ...,  0.        ,
          0.48187179,  0.02927276],
        [-0.57484265, -0.44348393, -0.820152  , ..., -0.48187179,
          0.        , -0.45601527],
        [-0.13845296,  0.01403016, -0.46900511, ..., -0.02927276,
          0.45601527,  0.        ]],

       [[ 0.        ,  0.07051862,  0.1677901 , ...,  0.66187913,
          0.51494652,  0.4796814 ],
        [-0.07051862,  0.        ,  0.09785352, ...,  0.60736985,
          0.45321441,  0.41661116],
        [-0.1677901 , -0.09785352,  0.        , ...,  0.52671826,
          0.36381258,  0.32565463],
        ...,
        [-0.66187913, -0.60736985, -0.52671826, ...,  0.        ,
         -0.18136819, -0.22118678],
        [-0.51494652, -0.45321441, -0.36381258, ...,  0.18136819,
          0.        , -0.04064249],
        [-0.4796814 , -0.41661116, -0.32565463, ...,  0.22118678,
          0.04064249,  0.        ]],

       ...,

       [[ 0.        , -0.03723445,  0.37314241, ..., -0.8299899 ,
         -0.85792537, -0.85792537],
        [ 0.03723445,  0.        ,  0.40742881, ..., -0.80864578,
         -0.83820034, -0.83820034],
        [-0.37314241, -0.40742881,  0.        , ..., -0.9781739 ,
         -0.98767191, -0.98767191],
        ...,
        [ 0.8299899 ,  0.80864578,  0.9781739 , ...,  0.        ,
         -0.05210475, -0.05210475],
        [ 0.85792537,  0.83820034,  0.98767191, ...,  0.05210475,
          0.        ,  0.        ],
        [ 0.85792537,  0.83820034,  0.98767191, ...,  0.05210475,
          0.        ,  0.        ]],

       [[ 0.        , -0.29716042, -0.55114661, ...,  0.74089263,
          0.86572093,  0.91826968],
        [ 0.29716042,  0.        , -0.27829682, ...,  0.50784479,
          0.6778774 ,  0.75912689],
        [ 0.55114661,  0.27829682,  0.        , ...,  0.24804404,
          0.44650107,  0.5479824 ],
        ...,
        [-0.74089263, -0.50784479, -0.24804404, ...,  0.        ,
         -0.21060175, -0.32337094],
        [-0.86572093, -0.6778774 , -0.44650107, ...,  0.21060175,
          0.        , -0.11683177],
        [-0.91826968, -0.75912689, -0.5479824 , ...,  0.32337094,
          0.11683177,  0.        ]],

       [[ 0.        ,  0.06256758,  0.07882665, ...,  0.91787841,
          0.84990337,  0.78860522],
        [-0.06256758,  0.        ,  0.01629931, ...,  0.89124936,
          0.8152689 ,  0.74858733],
        [-0.07882665, -0.01629931,  0.        , ...,  0.883739  ,
          0.80572195,  0.73768086],
        ...,
        [-0.91787841, -0.89124936, -0.883739  , ...,  0.        ,
         -0.14637143, -0.25143605],
        [-0.84990337, -0.8152689 , -0.80572195, ...,  0.14637143,
          0.        , -0.10705892],
        [-0.78860522, -0.74858733, -0.73768086, ...,  0.25143605,
          0.10705892,  0.        ]]]), 'num': array([ 9.99952976e-01,  3.25351699e-04,  1.79144736e-05, -4.15876706e-08,
        1.50773397e-03,  1.59149697e-03,  1.48881975e-03,  8.52237172e-03,
       -5.67426764e-05,  1.56123421e-03,  1.71700637e-03,  1.69579542e-03,
        6.10136306e-07,  1.96676230e-03,  1.46725044e-03])}
