state_0,state_1,state_2,state_3,state_4,state_5,state_6,state_7,state_8,state_9,state_10,state_11,state_12,state_13,state_14,state_15,state_16,state_17,state_18,state_19,state_20,state_21,state_22,state_23,state_24,state_25,state_26,state_27,state_28,state_29,state_30,state_31,state_32,state_33,state_34,state_35,state_36,state_37,state_38,state_39,state_40,state_41,state_42,state_43,state_44,state_45,state_46,state_47,state_48,state_49,state_50,state_51,state_52,state_53,state_54,state_55,state_56,state_57,state_58,state_59,state_60,state_61,state_62,state_63,state_64,state_65,state_66,state_67,state_68,state_69,state_70,state_71,state_72,state_73,state_74,state_75,state_76,state_77,state_78,state_79,state_80,state_81,state_82,state_83,state_84,state_85,state_86,state_87,state_88,state_89,state_90,state_91,state_92,state_93,state_94,state_95,state_96,state_97,state_98,state_99,state_100,state_101,state_102,state_103,state_104,state_105,state_106,state_107,state_108,state_109,state_110,state_111,state_112,state_113,state_114,state_115,state_116,state_117,state_118,state_119,state_120,state_121,state_122,state_123,state_124,state_125,state_126,state_127,state_128,state_129,state_130,state_131,state_132,state_133,state_134,state_135,state_136,state_137,state_138,state_139,state_140,state_141,state_142,state_143,state_144,state_145,state_146,state_147,state_148,state_149,state_150,state_151,state_152,state_153,state_154,state_155,state_156,state_157,state_158,state_159,state_160,state_161,state_162,state_163,state_164,state_165,state_166,state_167,state_168,state_169,state_170,state_171,state_172,state_173,state_174,state_175,state_176,state_177,state_178,state_179,state_180,state_181,state_182,state_183,state_184,state_185,state_186,state_187,state_188,state_189,state_190,state_191,state_192,state_193,state_194,state_195,state_196,state_197,state_198,state_199,state_200,state_201,state_202,state_203,state_204,state_205,state_206,state_207,state_208,state_209,state_210,state_211,state_212,state_213,state_214,state_215,state_216,state_217,state_218,state_219,state_220,state_221,state_222,state_223,state_224,state_225,state_226,state_227,state_228,state_229,state_230,state_231,state_232,state_233,state_234,state_235,state_236,state_237,state_238,state_239,state_240,state_241,state_242,state_243,state_244,state_245,state_246,state_247,state_248,state_249,state_250,state_251,state_252,state_253,state_254,state_255,state_256,state_257,state_258,state_259,state_260,state_261,state_262,state_263,state_264,state_265,state_266,state_267,state_268,state_269,state_270,state_271,state_272,state_273,state_274,state_275,state_276,state_277,state_278,state_279,state_280,state_281,state_282,state_283,state_284,state_285,state_286,state_287
{'img': array([[[ 0.        , -0.24374986, -0.55255983, ..., -0.99475316,
         -0.97940413, -0.49084905],
        [ 0.24374986,  0.        , -0.33273461, ..., -0.93981291,
         -0.99907895, -0.68840988],
        [ 0.55255983,  0.33273461,  0.        , ..., -0.77257093,
         -0.92787434, -0.89052433],
        ...,
        [ 0.99475316,  0.93981291,  0.77257093, ...,  0.        ,
         -0.30104753, -0.91688928],
        [ 0.97940413,  0.99907895,  0.92787434, ...,  0.30104753,
          0.        , -0.7541934 ],
        [ 0.49084905,  0.68840988,  0.89052433, ...,  0.91688928,
          0.7541934 ,  0.        ]],

       [[ 0.        , -0.28644772, -0.47089838, ..., -0.87670228,
         -0.62018555, -0.4071291 ],
        [ 0.28644772,  0.        , -0.1984652 , ..., -0.70217392,
         -0.36949182, -0.12843577],
        [ 0.47089838,  0.1984652 ,  0.        , ..., -0.54689792,
         -0.17772126,  0.07094056],
        ...,
        [ 0.87670228,  0.70217392,  0.54689792, ...,  0.        ,
          0.38940367,  0.60491143],
        [ 0.62018555,  0.36949182,  0.17772126, ..., -0.38940367,
          0.        ,  0.24708475],
        [ 0.4071291 ,  0.12843577, -0.07094056, ..., -0.60491143,
         -0.24708475,  0.        ]],

       [[ 0.        ,  0.07238347,  0.1923012 , ..., -0.87142714,
         -0.94510589, -0.9631375 ],
        [-0.07238347,  0.        ,  0.12076428, ..., -0.90464718,
         -0.96627909, -0.94113923],
        [-0.1923012 , -0.12076428,  0.        , ..., -0.94949132,
         -0.99030354, -0.89343059],
        ...,
        [ 0.87142714,  0.90464718,  0.94949132, ...,  0.        ,
         -0.17884682, -0.70686524],
        [ 0.94510589,  0.96627909,  0.99030354, ...,  0.17884682,
          0.        , -0.56896142],
        [ 0.9631375 ,  0.94113923,  0.89343059, ...,  0.70686524,
          0.56896142,  0.        ]],

       ...,

       [[ 0.        , -0.09814835, -0.07888953, ..., -0.83242875,
         -0.82228615, -0.8779565 ],
        [ 0.09814835,  0.        ,  0.01933382, ..., -0.77402247,
         -0.76246229, -0.82672996],
        [ 0.07888953, -0.01933382,  0.        , ..., -0.78611916,
         -0.77482939, -0.83745262],
        ...,
        [ 0.83242875,  0.77402247,  0.78611916, ...,  0.        ,
          0.01805861, -0.08798657],
        [ 0.82228615,  0.76246229,  0.77482939, ..., -0.01805861,
          0.        , -0.1059608 ],
        [ 0.8779565 ,  0.82672996,  0.83745262, ...,  0.08798657,
          0.1059608 ,  0.        ]],

       [[ 0.        , -0.61499063, -0.83186034, ..., -0.96775788,
         -0.80448869, -0.        ],
        [ 0.61499063,  0.        , -0.31463993, ..., -0.91801564,
         -0.99965175, -0.61499063],
        [ 0.83186034,  0.31463993,  0.        , ..., -0.74662201,
         -0.94057757, -0.83186034],
        ...,
        [ 0.96775788,  0.91801564,  0.74662201, ...,  0.        ,
         -0.37218073, -0.96775788],
        [ 0.80448869,  0.99965175,  0.94057757, ...,  0.37218073,
          0.        , -0.80448869],
        [ 0.        ,  0.61499063,  0.83186034, ...,  0.96775788,
          0.80448869,  0.        ]],

       [[ 0.        ,  0.05067318,  0.08400616, ..., -0.78395547,
         -0.86272353, -0.99921136],
        [-0.05067318,  0.        ,  0.03340418, ..., -0.81440709,
         -0.88723939, -0.99993975],
        [-0.08400616, -0.03340418,  0.        , ..., -0.83333683,
         -0.9021539 , -0.99901503],
        ...,
        [ 0.78395547,  0.81440709,  0.83333683, ...,  0.        ,
         -0.13916611, -0.58919872],
        [ 0.86272353,  0.88723939,  0.9021539 , ...,  0.13916611,
          0.        , -0.47102069],
        [ 0.99921136,  0.99993975,  0.99901503, ...,  0.58919872,
          0.47102069,  0.        ]]]), 'num': array([7.06784085e-01, 7.06784085e-01, 0.00000000e+00, 0.00000000e+00,
       8.52298456e-03, 8.58237818e-03, 7.86965473e-03, 1.70973446e-02,
       6.17693654e-04, 8.49447562e-03, 9.02901820e-03, 9.63126952e-03,
       2.53138473e-06, 1.00528140e-02, 8.00522240e-03])}
{'img': array([[[ 0.        , -0.33273461, -0.24278968, ..., -0.99907895,
         -0.68840988, -0.98514915],
        [ 0.33273461,  0.        ,  0.0938232 , ..., -0.92787434,
         -0.89052433, -0.87188506],
        [ 0.24278968, -0.0938232 ,  0.        , ..., -0.95876739,
         -0.8439126 , -0.91398528],
        ...,
        [ 0.99907895,  0.92787434,  0.95876739, ...,  0.        ,
         -0.7541934 ,  0.12927003],
        [ 0.68840988,  0.89052433,  0.8439126 , ...,  0.7541934 ,
          0.        ,  0.83275075],
        [ 0.98514915,  0.87188506,  0.91398528, ..., -0.12927003,
         -0.83275075,  0.        ]],

       [[ 0.        , -0.1984652 , -0.39112933, ..., -0.36949182,
         -0.12843577, -0.20881734],
        [ 0.1984652 ,  0.        , -0.20069434, ..., -0.17772126,
          0.07094056, -0.01057356],
        [ 0.39112933,  0.20069434,  0.        , ...,  0.02339414,
          0.2696859 ,  0.1903247 ],
        ...,
        [ 0.36949182,  0.17772126, -0.02339414, ...,  0.        ,
          0.24708475,  0.16730609],
        [ 0.12843577, -0.07094056, -0.2696859 , ..., -0.24708475,
          0.        , -0.08148352],
        [ 0.20881734,  0.01057356, -0.1903247 , ..., -0.16730609,
          0.08148352,  0.        ]],

       [[ 0.        ,  0.11550749,  0.26330284, ..., -0.92419352,
         -0.9937668 , -0.92559136],
        [-0.11550749,  0.        ,  0.15010884, ..., -0.96212268,
         -0.99999178, -0.87567362],
        [-0.26330284, -0.15010884,  0.        , ..., -0.99214353,
         -0.9880527 , -0.79326371],
        ...,
        [ 0.92419352,  0.96212268,  0.99214353, ...,  0.        ,
         -0.2765158 , -0.70333573],
        [ 0.9937668 ,  0.99999178,  0.9880527 , ...,  0.2765158 ,
          0.        , -0.47934881],
        [ 0.92559136,  0.87567362,  0.79326371, ...,  0.70333573,
          0.47934881,  0.        ]],

       ...,

       [[ 0.        ,  0.01933382,  0.04200399, ..., -0.76246229,
         -0.82672996, -0.39112008],
        [-0.01933382,  0.        ,  0.02267938, ..., -0.77482939,
         -0.83745262, -0.40884066],
        [-0.04200399, -0.02267938,  0.        , ..., -0.78896733,
         -0.84963173, -0.42943283],
        ...,
        [ 0.76246229,  0.77482939,  0.78896733, ...,  0.        ,
         -0.1059608 ,  0.44865682],
        [ 0.82672996,  0.83745262,  0.84963173, ...,  0.1059608 ,
          0.        ,  0.54082862],
        [ 0.39112008,  0.40884066,  0.42943283, ..., -0.44865682,
         -0.54082862,  0.        ]],

       [[ 0.        , -0.5431273 , -0.74264635, ..., -0.98560542,
         -0.83105041, -0.0981435 ],
        [ 0.5431273 ,  0.        , -0.25983973, ..., -0.91938612,
         -0.99987761, -0.62291145],
        [ 0.74264635,  0.25983973,  0.        , ..., -0.78559724,
         -0.96959874, -0.80478617],
        ...,
        [ 0.98560542,  0.91938612,  0.78559724, ...,  0.        ,
         -0.40769186, -0.96425486],
        [ 0.83105041,  0.99987761,  0.96959874, ...,  0.40769186,
          0.        , -0.7724512 ],
        [ 0.0981435 ,  0.62291145,  0.80478617, ...,  0.96425486,
          0.7724512 ,  0.        ]],

       [[ 0.        ,  0.03340418,  0.0741921 , ..., -0.88723939,
         -0.99993975, -0.98327871],
        [-0.03340418,  0.        ,  0.04083858, ..., -0.9021539 ,
         -0.99901503, -0.9888131 ],
        [-0.0741921 , -0.04083858,  0.        , ..., -0.91901963,
         -0.99636948, -0.99407967],
        ...,
        [ 0.88723939,  0.9021539 ,  0.91901963, ...,  0.        ,
         -0.47102069, -0.29202307],
        [ 0.99993975,  0.99901503,  0.99636948, ...,  0.47102069,
          0.        ,  0.19288947],
        [ 0.98327871,  0.9888131 ,  0.99407967, ...,  0.29202307,
         -0.19288947,  0.        ]]]), 'num': array([ 9.81398953e-01,  1.88501509e-01,  5.52927087e-06, -9.46626708e-10,
        1.18342902e-02,  1.20488589e-02,  1.15537003e-02,  1.10497114e-02,
       -8.25264310e-06,  1.16890437e-02,  1.24420974e-02,  1.33413604e-02,
        3.58205214e-06,  1.37505333e-02,  1.11336614e-02])}
{'img': array([[[ 0.        ,  0.0938232 , -0.32011823, ..., -0.89052433,
         -0.87188506, -0.87440165],
        [-0.0938232 ,  0.        , -0.40759215, ..., -0.8439126 ,
         -0.91398528, -0.91606784],
        [ 0.32011823,  0.40759215,  0.        , ..., -0.98929599,
         -0.66923909, -0.67306628],
        ...,
        [ 0.89052433,  0.8439126 ,  0.98929599, ...,  0.        ,
          0.83275075,  0.82988135],
        [ 0.87188506,  0.91398528,  0.66923909, ..., -0.83275075,
          0.        , -0.00516268],
        [ 0.87440165,  0.91606784,  0.67306628, ..., -0.82988135,
          0.00516268,  0.        ]],

       [[ 0.        , -0.19958679,  0.01085574, ...,  0.07070692,
         -0.01053385, -0.54859159],
        [ 0.19958679,  0.        ,  0.21021235, ...,  0.26837156,
          0.1892538 , -0.3706814 ],
        [-0.01085574, -0.21021235,  0.        , ...,  0.05987419,
         -0.02138837, -0.55763564],
        ...,
        [-0.07070692, -0.26837156, -0.05987419, ...,  0.        ,
         -0.08121049, -0.60633592],
        [ 0.01053385, -0.1892538 ,  0.02138837, ...,  0.08121049,
          0.        , -0.5397539 ],
        [ 0.54859159,  0.3706814 ,  0.55763564, ...,  0.60633592,
          0.5397539 ,  0.        ]],

       [[ 0.        ,  0.14627285,  0.09603   , ..., -0.99385714,
         -0.99205064, -0.86402074],
        [-0.14627285,  0.        , -0.05059971, ..., -0.9993556 ,
         -0.96297354, -0.7810856 ],
        [-0.09603   ,  0.05059971,  0.        , ..., -0.99989167,
         -0.97538146, -0.81168071],
        ...,
        [ 0.99385714,  0.9993556 ,  0.99989167, ...,  0.        ,
         -0.23485713, -0.59598524],
        [ 0.99205064,  0.96297354,  0.97538146, ...,  0.23485713,
          0.        , -0.39072628],
        [ 0.86402074,  0.7810856 ,  0.81168071, ...,  0.59598524,
          0.39072628,  0.        ]],

       ...,

       [[ 0.        ,  0.02267938, -0.20277362, ..., -0.83745262,
         -0.40884066, -0.37792128],
        [-0.02267938,  0.        , -0.2249297 , ..., -0.84963173,
         -0.42943283, -0.3988215 ],
        [ 0.20277362,  0.2249297 ,  0.        , ..., -0.70923728,
         -0.21529488, -0.18233474],
        ...,
        [ 0.83745262,  0.84963173,  0.70923728, ...,  0.        ,
          0.54082862,  0.5688075 ],
        [ 0.40884066,  0.42943283,  0.21529488, ..., -0.54082862,
          0.        ,  0.03362696],
        [ 0.37792128,  0.3988215 ,  0.18233474, ..., -0.5688075 ,
         -0.03362696,  0.        ]],

       [[ 0.        , -0.23946519, -0.5776611 , ..., -0.98128177,
         -0.98016128, -0.58468458],
        [ 0.23946519,  0.        , -0.36538417, ..., -0.90661574,
         -0.99910582, -0.76194185],
        [ 0.5776611 ,  0.36538417,  0.        , ..., -0.68975294,
         -0.91457615, -0.94589816],
        ...,
        [ 0.98128177,  0.90661574,  0.68975294, ...,  0.        ,
         -0.38324855, -0.90867242],
        [ 0.98016128,  0.99910582,  0.91457615, ...,  0.38324855,
          0.        , -0.67928094],
        [ 0.58468458,  0.76194185,  0.94589816, ...,  0.90867242,
          0.67928094,  0.        ]],

       [[ 0.        ,  0.04083858,  0.10509822, ..., -0.99901503,
         -0.9888131 , -0.9806904 ],
        [-0.04083858,  0.        ,  0.06439813, ..., -0.99636948,
         -0.99407967, -0.98785893],
        [-0.10509822, -0.06439813,  0.        , ..., -0.98881881,
         -0.99901333, -0.9958129 ],
        ...,
        [ 0.99901503,  0.99636948,  0.98881881, ...,  0.        ,
          0.19288947,  0.23889027],
        [ 0.9888131 ,  0.99407967,  0.99901333, ..., -0.19288947,
          0.        ,  0.04709937],
        [ 0.9806904 ,  0.98785893,  0.9958129 , ..., -0.23889027,
         -0.04709937,  0.        ]]]), 'num': array([ 7.63587170e-01,  6.45099161e-01,  8.37371094e-07, -1.12474040e-08,
        9.11446229e-03,  9.25617124e-03,  8.98563597e-03,  7.89872829e-03,
       -1.22385006e-04,  9.05133739e-03,  9.63073377e-03,  1.03857634e-02,
        2.69434362e-06,  1.05703121e-02,  8.69115549e-03])}
{'img': array([[[ 0.        , -0.40759215, -0.58621858, ..., -0.91398528,
         -0.91606784, -0.95211771],
        [ 0.40759215,  0.        , -0.20510177, ..., -0.66923909,
         -0.67306628, -0.74482586],
        [ 0.58621858,  0.20510177,  0.        , ..., -0.50261122,
         -0.50706772, -0.59213536],
        ...,
        [ 0.91398528,  0.66923909,  0.50261122, ...,  0.        ,
         -0.00516268, -0.10688497],
        [ 0.91606784,  0.67306628,  0.50706772, ...,  0.00516268,
          0.        , -0.10175045],
        [ 0.95211771,  0.74482586,  0.59213536, ...,  0.10688497,
          0.10175045,  0.        ]],

       [[ 0.        ,  0.20015993,  0.24271271, ...,  0.17986426,
         -0.25397095, -0.39736211],
        [-0.20015993,  0.        ,  0.0436262 , ..., -0.02067122,
         -0.44242845, -0.57299993],
        [-0.24271271, -0.0436262 ,  0.        , ..., -0.06426842,
         -0.48113137, -0.60820848],
        ...,
        [-0.17986426,  0.02067122,  0.06426842, ...,  0.        ,
         -0.42379589, -0.55593628],
        [ 0.25397095,  0.44242845,  0.48113137, ...,  0.42379589,
          0.        , -0.15127388],
        [ 0.39736211,  0.57299993,  0.60820848, ...,  0.55593628,
          0.15127388,  0.        ]],

       [[ 0.        , -0.0496128 , -0.32091308, ..., -0.98801949,
         -0.94470885, -0.77155657],
        [ 0.0496128 ,  0.        , -0.27352917, ..., -0.99445947,
         -0.95981401, -0.80216814],
        [ 0.32091308,  0.27352917,  0.        , ..., -0.98528805,
         -0.99997264, -0.9349002 ],
        ...,
        [ 0.98801949,  0.99445947,  0.98528805, ...,  0.        ,
         -0.1781857 , -0.50946552],
        [ 0.94470885,  0.95981401,  0.99997264, ...,  0.1781857 ,
          0.        , -0.34798527],
        [ 0.77155657,  0.80216814,  0.9349002 , ...,  0.50946552,
          0.34798527,  0.        ]],

       ...,

       [[ 0.        , -0.2249297 , -0.14419135, ..., -0.42943283,
         -0.3988215 , -0.45995203],
        [ 0.2249297 ,  0.        ,  0.0820827 , ..., -0.21529488,
         -0.18233474, -0.24844084],
        [ 0.14419135, -0.0820827 ,  0.        , ..., -0.29472615,
         -0.26242616, -0.32711165],
        ...,
        [ 0.42943283,  0.21529488,  0.29472615, ...,  0.        ,
          0.03362696, -0.03406992],
        [ 0.3988215 ,  0.18233474,  0.26242616, ..., -0.03362696,
          0.        , -0.0676581 ],
        [ 0.45995203,  0.24844084,  0.32711165, ...,  0.03406992,
          0.0676581 ,  0.        ]],

       [[ 0.        , -0.33882981, -0.53925141, ..., -0.9702966 ,
         -0.99732844, -0.72631897],
        [ 0.33882981,  0.        , -0.22200966, ..., -0.83093215,
         -0.96308494, -0.91625283],
        [ 0.53925141,  0.22200966,  0.        , ..., -0.68667544,
         -0.87928616, -0.98232443],
        ...,
        [ 0.9702966 ,  0.83093215,  0.68667544, ...,  0.        ,
         -0.31215018, -0.84265085],
        [ 0.99732844,  0.96308494,  0.87928616, ...,  0.31215018,
          0.        , -0.63246543],
        [ 0.72631897,  0.91625283,  0.98232443, ...,  0.84265085,
          0.63246543,  0.        ]],

       [[ 0.        ,  0.06439813,  0.05909261, ..., -0.99407967,
         -0.98785893, -0.9869199 ],
        [-0.06439813,  0.        , -0.00531564, ..., -0.99901333,
         -0.9958129 , -0.99525305],
        [-0.05909261,  0.00531564,  0.        , ..., -0.99876315,
         -0.9953129 , -0.99472166],
        ...,
        [ 0.99407967,  0.99901333,  0.99876315, ...,  0.        ,
          0.04709937,  0.05302452],
        [ 0.98785893,  0.9958129 ,  0.9953129 , ..., -0.04709937,
          0.        ,  0.00593257],
        [ 0.9869199 ,  0.99525305,  0.99472166, ..., -0.05302452,
         -0.00593257,  0.        ]]]), 'num': array([ 9.94874193e-01,  9.37663913e-02,  6.48278994e-06, -3.35063615e-08,
        1.18566816e-02,  1.19419815e-02,  1.15837220e-02,  1.42722033e-02,
       -2.13249669e-04,  1.19505115e-02,  1.26341899e-02,  1.37109586e-02,
        3.52572786e-06,  1.37328744e-02,  1.15355054e-02])}
{'img': array([[[ 0.        , -0.20510177, -0.06046606, ..., -0.67306628,
         -0.74482586, -0.83583639],
        [ 0.20510177,  0.        ,  0.14554589, ..., -0.50706772,
         -0.59213536, -0.70547056],
        [ 0.06046606, -0.14554589,  0.        , ..., -0.62711512,
         -0.70311649, -0.80111244],
        ...,
        [ 0.67306628,  0.50706772,  0.62711512, ...,  0.        ,
         -0.10175045, -0.24867068],
        [ 0.74482586,  0.59213536,  0.70311649, ...,  0.10175045,
          0.        , -0.1488258 ],
        [ 0.83583639,  0.70547056,  0.80111244, ...,  0.24867068,
          0.1488258 ,  0.        ]],

       [[ 0.        ,  0.0436262 , -0.18436696, ..., -0.44242845,
         -0.57299993, -0.30205408],
        [-0.0436262 ,  0.        , -0.22706977, ..., -0.48113137,
         -0.60820848, -0.34335496],
        [ 0.18436696,  0.22706977,  0.        , ..., -0.26950312,
         -0.41207832, -0.12112078],
        ...,
        [ 0.44242845,  0.48113137,  0.26950312, ...,  0.        ,
         -0.15127388,  0.15087972],
        [ 0.57299993,  0.60820848,  0.41207832, ...,  0.15127388,
          0.        ,  0.2986855 ],
        [ 0.30205408,  0.34335496,  0.12112078, ..., -0.15087972,
         -0.2986855 ,  0.        ]],

       [[ 0.        , -0.27143726, -0.43170081, ..., -0.97353757,
         -0.90894795, -0.79867318],
        [ 0.27143726,  0.        , -0.17065212, ..., -0.99901796,
         -0.98798733, -0.93202935],
        [ 0.43170081,  0.17065212,  0.        , ..., -0.9768026 ,
         -0.99986659, -0.98019912],
        ...,
        [ 0.97353757,  0.99901796,  0.9768026 , ...,  0.        ,
         -0.19815802, -0.40332247],
        [ 0.90894795,  0.98798733,  0.99986659, ...,  0.19815802,
          0.        , -0.21399856],
        [ 0.79867318,  0.93202935,  0.98019912, ...,  0.40332247,
          0.21399856,  0.        ]],

       ...,

       [[ 0.        ,  0.0820827 ,  0.05519063, ..., -0.18233474,
         -0.24844084, -0.2691489 ],
        [-0.0820827 ,  0.        , -0.0269532 , ..., -0.26242616,
         -0.32711165, -0.34729439],
        [-0.05519063,  0.0269532 ,  0.        , ..., -0.23632227,
         -0.30152242, -0.32189269],
        ...,
        [ 0.18233474,  0.26242616,  0.23632227, ...,  0.        ,
         -0.0676581 , -0.0890307 ],
        [ 0.24844084,  0.32711165,  0.30152242, ...,  0.0676581 ,
          0.        , -0.02143728],
        [ 0.2691489 ,  0.34729439,  0.32189269, ...,  0.0890307 ,
          0.02143728,  0.        ]],

       [[ 0.        , -0.20169818, -0.26513506, ..., -0.88453378,
         -0.97583867, -0.88064833],
        [ 0.20169818,  0.        , -0.06520627, ..., -0.7722672 ,
         -0.91171346, -0.95810766],
        [ 0.26513506,  0.06520627,  0.        , ..., -0.72919827,
         -0.88298468, -0.97474424],
        ...,
        [ 0.88453378,  0.7722672 ,  0.72919827, ...,  0.        ,
         -0.26194163, -0.82986748],
        [ 0.97583867,  0.91171346,  0.88298468, ...,  0.26194163,
          0.        , -0.6547385 ],
        [ 0.88064833,  0.95810766,  0.97474424, ...,  0.82986748,
          0.6547385 ,  0.        ]],

       [[ 0.        , -0.00531564, -0.03401559, ..., -0.9958129 ,
         -0.99525305, -0.98331781],
        [ 0.00531564,  0.        , -0.02870255, ..., -0.9953129 ,
         -0.99472166, -0.98233702],
        [ 0.03401559,  0.02870255,  0.        , ..., -0.99212709,
         -0.99136667, -0.97656147],
        ...,
        [ 0.9958129 ,  0.9953129 ,  0.99212709, ...,  0.        ,
          0.00593257,  0.09124436],
        [ 0.99525305,  0.99472166,  0.99136667, ..., -0.00593257,
          0.        ,  0.08533493],
        [ 0.98331781,  0.98233702,  0.97656147, ..., -0.09124436,
         -0.08533493,  0.        ]]]), 'num': array([ 7.06806954e-01,  7.06806954e-01,  0.00000000e+00, -1.29588957e-07,
        8.67887476e-03,  8.93984792e-03,  8.49073132e-03,  1.45145380e-02,
        2.42765728e-04,  8.62303864e-03,  8.93650989e-03,  9.73844601e-03,
        3.00163826e-06,  9.64927101e-03,  8.22374877e-03])}
{'img': array([[[ 0.        ,  0.14554589,  0.24326967, ..., -0.59213536,
         -0.70547056, -0.5249133 ],
        [-0.14554589,  0.        ,  0.09950571, ..., -0.70311649,
         -0.80111244, -0.64320598],
        [-0.24326967, -0.09950571,  0.        , ..., -0.77038291,
         -0.85669206, -0.71620459],
        ...,
        [ 0.59213536,  0.70311649,  0.77038291, ...,  0.        ,
         -0.1488258 ,  0.08100403],
        [ 0.70547056,  0.80111244,  0.85669206, ...,  0.1488258 ,
          0.        ,  0.22843865],
        [ 0.5249133 ,  0.64320598,  0.71620459, ..., -0.08100403,
         -0.22843865,  0.        ]],

       [[ 0.        , -0.22706977, -0.37548356, ..., -0.60820848,
         -0.34335496, -0.1602396 ],
        [ 0.22706977,  0.        , -0.1552205 , ..., -0.41207832,
         -0.12112078,  0.0680817 ],
        [ 0.37548356,  0.1552205 ,  0.        , ..., -0.26565496,
          0.03442495,  0.2221169 ],
        ...,
        [ 0.60820848,  0.41207832,  0.26565496, ...,  0.        ,
          0.2986855 ,  0.47315474],
        [ 0.34335496,  0.12112078, -0.03442495, ..., -0.2986855 ,
          0.        ,  0.18842022],
        [ 0.1602396 , -0.0680817 , -0.2221169 , ..., -0.47315474,
         -0.18842022,  0.        ]],

       [[ 0.        , -0.17065212, -0.23959676, ..., -0.98798733,
         -0.93202935, -0.9949144 ],
        [ 0.17065212,  0.        , -0.07040075, ..., -0.99986659,
         -0.98019912, -0.96313156],
        [ 0.23959676,  0.07040075,  0.        , ..., -0.99623578,
         -0.9917074 , -0.94180186],
        ...,
        [ 0.98798733,  0.99986659,  0.99623578, ...,  0.        ,
         -0.21399856,  0.2532631 ],
        [ 0.93202935,  0.98019912,  0.9917074 , ...,  0.21399856,
          0.        ,  0.45441766],
        [ 0.9949144 ,  0.96313156,  0.94180186, ..., -0.2532631 ,
         -0.45441766,  0.        ]],

       ...,

       [[ 0.        , -0.0269532 ,  0.37488813, ..., -0.32711165,
         -0.34729439, -0.00663211],
        [ 0.0269532 ,  0.        ,  0.39973944, ..., -0.30152242,
         -0.32189269,  0.02032291],
        [-0.37488813, -0.39973944,  0.        , ..., -0.65751933,
         -0.67351988, -0.38102832],
        ...,
        [ 0.32711165,  0.30152242,  0.65751933, ...,  0.        ,
         -0.02143728,  0.3208372 ],
        [ 0.34729439,  0.32189269,  0.67351988, ...,  0.02143728,
          0.        ,  0.34106745],
        [ 0.00663211, -0.02032291,  0.38102832, ..., -0.3208372 ,
         -0.34106745,  0.        ]],

       [[ 0.        , -0.06146375, -0.12682695, ..., -0.85407802,
         -0.97965068, -0.94094666],
        [ 0.06146375,  0.        , -0.06561974, ..., -0.82049317,
         -0.96546207, -0.95997647],
        [ 0.12682695,  0.06561974,  0.        , ..., -0.78121283,
         -0.94628441, -0.97628626],
        ...,
        [ 0.85407802,  0.82049317,  0.78121283, ...,  0.        ,
         -0.33813823, -0.77858088],
        [ 0.97965068,  0.96546207,  0.94628441, ...,  0.33813823,
          0.        , -0.520523  ],
        [ 0.94094666,  0.95997647,  0.97628626, ...,  0.77858088,
          0.520523  ,  0.        ]],

       [[ 0.        , -0.02870255, -0.03327003, ..., -0.99472166,
         -0.98233702, -0.96939412],
        [ 0.02870255,  0.        , -0.00456967, ..., -0.99136667,
         -0.97656147, -0.96194797],
        [ 0.03327003,  0.00456967,  0.        , ..., -0.99075715,
         -0.9755677 , -0.96068935],
        ...,
        [ 0.99472166,  0.99136667,  0.99075715, ...,  0.        ,
          0.08533493,  0.14474434],
        [ 0.98233702,  0.97656147,  0.9755677 , ..., -0.08533493,
          0.        ,  0.05978008],
        [ 0.96939412,  0.96194797,  0.96068935, ..., -0.14474434,
         -0.05978008,  0.        ]]]), 'num': array([ 9.68547931e-01,  2.46235383e-01,  5.14101458e-06, -1.80830000e-07,
        1.18411893e-02,  1.22204445e-02,  1.18159056e-02,  8.38684892e-03,
       -2.10697319e-04,  1.19237827e-02,  1.23443345e-02,  1.35028888e-02,
        3.59424838e-06,  1.33026285e-02,  1.13860405e-02])}
{'img': array([[[ 0.        ,  0.09950571,  0.06913002, ..., -0.80111244,
         -0.64320598, -0.74262952],
        [-0.09950571,  0.        , -0.03048073, ..., -0.85669206,
         -0.71620459, -0.80558306],
        [-0.06913002,  0.03048073,  0.        , ..., -0.84057119,
         -0.6945996 , -0.78714944],
        ...,
        [ 0.80111244,  0.85669206,  0.84057119, ...,  0.        ,
          0.22843865,  0.09203291],
        [ 0.64320598,  0.71620459,  0.6945996 , ..., -0.22843865,
          0.        , -0.13786974],
        [ 0.74262952,  0.80558306,  0.78714944, ..., -0.09203291,
          0.13786974,  0.        ]],

       [[ 0.        , -0.13082077, -0.18981094, ..., -0.10363625,
          0.06141372, -0.45819292],
        [ 0.13082077,  0.        , -0.05973718, ...,  0.02737074,
          0.19145976, -0.33797482],
        [ 0.18981094,  0.05973718,  0.        , ...,  0.08703665,
          0.24974991, -0.28114929],
        ...,
        [ 0.10363625, -0.02737074, -0.08703665, ...,  0.        ,
          0.16452364, -0.36360831],
        [-0.06141372, -0.19145976, -0.24974991, ..., -0.16452364,
          0.        , -0.51191578],
        [ 0.45819292,  0.33797482,  0.28114929, ...,  0.36360831,
          0.51191578,  0.        ]],

       [[ 0.        , -0.07040075, -0.16818743, ..., -0.98019912,
         -0.96313156, -0.98136449],
        [ 0.07040075,  0.        , -0.09837223, ..., -0.9917074 ,
         -0.94180186, -0.96540163],
        [ 0.16818743,  0.09837223,  0.        , ..., -0.99953974,
         -0.90416418, -0.93506685],
        ...,
        [ 0.98019912,  0.9917074 ,  0.99953974, ...,  0.        ,
          0.45441766,  0.3826749 ],
        [ 0.96313156,  0.94180186,  0.90416418, ..., -0.45441766,
          0.        , -0.07894628],
        [ 0.98136449,  0.96540163,  0.93506685, ..., -0.3826749 ,
          0.07894628,  0.        ]],

       ...,

       [[ 0.        ,  0.39973944,  0.28220426, ..., -0.32189269,
          0.02032291, -0.26776333],
        [-0.39973944,  0.        , -0.12481521, ..., -0.67351988,
         -0.38102832, -0.63058242],
        [-0.28220426,  0.12481521,  0.        , ..., -0.57599341,
         -0.2626491 , -0.5287794 ],
        ...,
        [ 0.32189269,  0.67351988,  0.57599341, ...,  0.        ,
          0.34106745,  0.05662675],
        [-0.02032291,  0.38102832,  0.2626491 , ..., -0.34106745,
          0.        , -0.28728884],
        [ 0.26776333,  0.63058242,  0.5287794 , ..., -0.05662675,
          0.28728884,  0.        ]],

       [[ 0.        , -0.06352793, -0.07268374, ..., -0.93485483,
         -0.99600901, -0.95106586],
        [ 0.06352793,  0.        , -0.00917701, ..., -0.91041215,
         -0.98832709, -0.96877415],
        [ 0.07268374,  0.00917701,  0.        , ..., -0.90657726,
         -0.98688738, -0.97100874],
        ...,
        [ 0.93485483,  0.91041215,  0.90657726, ...,  0.        ,
         -0.27017491, -0.62651626],
        [ 0.99600901,  0.98832709,  0.98688738, ...,  0.27017491,
          0.        , -0.39264032],
        [ 0.95106586,  0.96877415,  0.97100874, ...,  0.62651626,
          0.39264032,  0.        ]],

       [[ 0.        , -0.00456967, -0.01840103, ..., -0.97656147,
         -0.96194797, -0.98345025],
        [ 0.00456967,  0.        , -0.01383194, ..., -0.9755677 ,
         -0.96068935, -0.98261206],
        [ 0.01840103,  0.01383194,  0.        , ..., -0.97243551,
         -0.95675734, -0.97994987],
        ...,
        [ 0.97656147,  0.9755677 ,  0.97243551, ...,  0.        ,
          0.05978008, -0.03474474],
        [ 0.96194797,  0.96068935,  0.95675734, ..., -0.05978008,
          0.        , -0.09442659],
        [ 0.98345025,  0.98261206,  0.97994987, ...,  0.03474474,
          0.09442659,  0.        ]]]), 'num': array([ 7.06833851e-01,  7.06833851e-01,  0.00000000e+00, -2.18328233e-07,
        8.81841137e-03,  9.02162895e-03,  8.66445866e-03,  1.10158708e-02,
        1.66268929e-04,  8.71002866e-03,  8.98868307e-03,  9.85071562e-03,
        2.48833586e-06,  9.66629078e-03,  8.31107535e-03])}
{'img': array([[[ 0.00000000e+00, -3.04807284e-02,  1.64119738e-01, ...,
         -7.16204587e-01, -8.05583063e-01, -7.08869638e-01],
        [ 3.04807284e-02,  0.00000000e+00,  1.94110904e-01, ...,
         -6.94599598e-01, -7.87149444e-01, -6.87041003e-01],
        [-1.64119738e-01, -1.94110904e-01,  0.00000000e+00, ...,
         -8.21030744e-01, -8.91897829e-01, -8.15017804e-01],
        ...,
        [ 7.16204587e-01,  6.94599598e-01,  8.21030744e-01, ...,
          0.00000000e+00, -1.37869739e-01,  1.04540937e-02],
        [ 8.05583063e-01,  7.87149444e-01,  8.91897829e-01, ...,
          1.37869739e-01,  0.00000000e+00,  1.48216466e-01],
        [ 7.08869638e-01,  6.87041003e-01,  8.15017804e-01, ...,
         -1.04540937e-02, -1.48216466e-01,  0.00000000e+00]],

       [[ 0.00000000e+00, -5.97371790e-02,  1.47781618e-01, ...,
          1.91459762e-01, -3.37974820e-01,  5.82342862e-02],
        [ 5.97371790e-02,  0.00000000e+00,  2.06598967e-01, ...,
          2.49749911e-01, -2.81149290e-01,  1.17766090e-01],
        [-1.47781618e-01, -2.06598967e-01,  0.00000000e+00, ...,
          4.43098102e-02, -4.73349293e-01, -8.99359500e-02],
        ...,
        [-1.91459762e-01, -2.49749911e-01, -4.43098102e-02, ...,
          0.00000000e+00, -5.11915784e-01, -1.33977865e-01],
        [ 3.37974820e-01,  2.81149290e-01,  4.73349293e-01, ...,
          5.11915784e-01,  0.00000000e+00,  3.92208756e-01],
        [-5.82342862e-02, -1.17766090e-01,  8.99359500e-02, ...,
          1.33977865e-01, -3.92208756e-01,  0.00000000e+00]],

       [[ 0.00000000e+00, -9.83722302e-02, -4.76844246e-02, ...,
         -9.41801856e-01, -9.65401626e-01, -9.66899404e-01],
        [ 9.83722302e-02,  0.00000000e+00,  5.08071866e-02, ...,
         -9.04164179e-01, -9.35066845e-01, -9.37109191e-01],
        [ 4.76844246e-02, -5.08071866e-02,  0.00000000e+00, ...,
         -9.24700509e-01, -9.51868885e-01, -9.53632451e-01],
        ...,
        [ 9.41801856e-01,  9.04164179e-01,  9.24700509e-01, ...,
          0.00000000e+00, -7.89462832e-02, -8.47329619e-02],
        [ 9.65401626e-01,  9.35066845e-01,  9.51868885e-01, ...,
          7.89462832e-02,  0.00000000e+00, -5.80613110e-03],
        [ 9.66899404e-01,  9.37109191e-01,  9.53632451e-01, ...,
          8.47329619e-02,  5.80613110e-03,  0.00000000e+00]],

       ...,

       [[ 0.00000000e+00, -1.24815211e-01, -4.44141382e-01, ...,
         -3.81028316e-01, -6.30582419e-01, -7.02734097e-01],
        [ 1.24815211e-01,  0.00000000e+00, -3.28839173e-01, ...,
         -2.62649105e-01, -5.28779401e-01, -6.08438615e-01],
        [ 4.44141382e-01,  3.28839173e-01,  0.00000000e+00, ...,
          6.92519750e-02, -2.20266524e-01, -3.13633794e-01],
        ...,
        [ 3.81028316e-01,  2.62649105e-01, -6.92519750e-02, ...,
          0.00000000e+00, -2.87288836e-01, -3.78638621e-01],
        [ 6.30582419e-01,  5.28779401e-01,  2.20266524e-01, ...,
          2.87288836e-01,  0.00000000e+00, -9.67781018e-02],
        [ 7.02734097e-01,  6.08438615e-01,  3.13633794e-01, ...,
          3.78638621e-01,  9.67781018e-02,  0.00000000e+00]],

       [[ 0.00000000e+00, -8.95997720e-03, -6.62464163e-03, ...,
         -9.67353702e-01, -9.97399831e-01, -9.62805829e-01],
        [ 8.95997720e-03,  0.00000000e+00,  2.33540489e-03, ...,
         -9.65044143e-01, -9.96714080e-01, -9.65188115e-01],
        [ 6.62464163e-03, -2.33540489e-03,  0.00000000e+00, ...,
         -9.65653591e-01, -9.96900531e-01, -9.64574642e-01],
        ...,
        [ 9.67353702e-01,  9.65044143e-01,  9.65653591e-01, ...,
          0.00000000e+00, -1.83057370e-01, -5.05377391e-01],
        [ 9.97399831e-01,  9.96714080e-01,  9.96900531e-01, ...,
          1.83057370e-01,  0.00000000e+00, -3.38877725e-01],
        [ 9.62805829e-01,  9.65188115e-01,  9.64574642e-01, ...,
          5.05377391e-01,  3.38877725e-01,  0.00000000e+00]],

       [[ 0.00000000e+00, -1.38319398e-02, -1.32884511e-02, ...,
         -9.60689346e-01, -9.82612060e-01, -9.89263572e-01],
        [ 1.38319398e-02,  0.00000000e+00,  5.43538663e-04, ...,
         -9.56757340e-01, -9.79949874e-01, -9.87147501e-01],
        [ 1.32884511e-02, -5.43538663e-04,  0.00000000e+00, ...,
         -9.56915308e-01, -9.80058026e-01, -9.87234219e-01],
        ...,
        [ 9.60689346e-01,  9.56757340e-01,  9.56915308e-01, ...,
          0.00000000e+00, -9.44265895e-02, -1.34247506e-01],
        [ 9.82612060e-01,  9.79949874e-01,  9.80058026e-01, ...,
          9.44265895e-02,  0.00000000e+00, -4.00758410e-02],
        [ 9.89263572e-01,  9.87147501e-01,  9.87234219e-01, ...,
          1.34247506e-01,  4.00758410e-02,  0.00000000e+00]]]), 'num': array([ 7.52175102e-01,  6.58389946e-01,  6.55381940e-07, -2.32469481e-07,
        9.37851556e-03,  9.48337667e-03,  9.23433153e-03,  4.73854250e-03,
       -6.55381940e-06,  9.29069438e-03,  9.53711799e-03,  1.04644834e-02,
        2.85679307e-06,  1.02388432e-02,  8.83539274e-03])}
{'img': array([[[ 0.00000000e+00,  1.94110904e-01,  2.43632754e-01, ...,
         -7.87149444e-01, -6.87041003e-01, -6.90822871e-01],
        [-1.94110904e-01,  0.00000000e+00,  5.07368908e-02, ...,
         -8.91897829e-01, -8.15017804e-01, -8.18029987e-01],
        [-2.43632754e-01, -5.07368908e-02,  0.00000000e+00, ...,
         -9.13694211e-01, -8.43366882e-01, -8.46159029e-01],
        ...,
        [ 7.87149444e-01,  8.91897829e-01,  9.13694211e-01, ...,
          0.00000000e+00,  1.48216466e-01,  1.43054457e-01],
        [ 6.87041003e-01,  8.15017804e-01,  8.43366882e-01, ...,
         -1.48216466e-01,  0.00000000e+00, -5.21762073e-03],
        [ 6.90822871e-01,  8.18029987e-01,  8.46159029e-01, ...,
         -1.43054457e-01,  5.21762073e-03,  0.00000000e+00]],

       [[ 0.00000000e+00,  1.75752294e-01,  7.66411652e-03, ...,
         -1.34089849e-01,  9.69314419e-02, -3.59581650e-01],
        [-1.75752294e-01,  0.00000000e+00, -1.68202312e-01, ...,
         -3.06167770e-01, -7.95020388e-02, -5.17981413e-01],
        [-7.66411652e-03,  1.68202312e-01,  0.00000000e+00, ...,
         -1.41680815e-01,  8.93005684e-02, -3.66722580e-01],
        ...,
        [ 1.34089849e-01,  3.06167770e-01,  1.41680815e-01, ...,
          0.00000000e+00,  2.29514500e-01, -2.31213266e-01],
        [-9.69314419e-02,  7.95020388e-02, -8.93005684e-02, ...,
         -2.29514500e-01,  0.00000000e+00, -4.48336451e-01],
        [ 3.59581650e-01,  5.17981413e-01,  3.66722580e-01, ...,
          2.31213266e-01,  4.48336451e-01,  0.00000000e+00]],

       [[ 0.00000000e+00,  5.08071866e-02,  1.67078056e-01, ...,
         -9.35066845e-01, -9.37109191e-01, -9.20702102e-01],
        [-5.08071866e-02,  0.00000000e+00,  1.16769247e-01, ...,
         -9.51868885e-01, -9.53632451e-01, -9.39341321e-01],
        [-1.67078056e-01, -1.16769247e-01,  0.00000000e+00, ...,
         -9.81147636e-01, -9.82253189e-01, -9.72965314e-01],
        ...,
        [ 9.35066845e-01,  9.51868885e-01,  9.81147636e-01, ...,
          0.00000000e+00, -5.80613110e-03,  3.85623119e-02],
        [ 9.37109191e-01,  9.53632451e-01,  9.82253189e-01, ...,
          5.80613110e-03,  0.00000000e+00,  4.43634744e-02],
        [ 9.20702102e-01,  9.39341321e-01,  9.72965314e-01, ...,
         -3.85623119e-02, -4.43634744e-02,  0.00000000e+00]],

       ...,

       [[ 0.00000000e+00, -3.28839173e-01, -3.15896265e-01, ...,
         -5.28779401e-01, -6.08438615e-01, -4.94067093e-01],
        [ 3.28839173e-01,  0.00000000e+00,  1.36725570e-02, ...,
         -2.20266524e-01, -3.13633794e-01, -1.80689418e-01],
        [ 3.15896265e-01, -1.36725570e-02,  0.00000000e+00, ...,
         -2.33582690e-01, -3.26587173e-01, -1.94120038e-01],
        ...,
        [ 5.28779401e-01,  2.20266524e-01,  2.33582690e-01, ...,
          0.00000000e+00, -9.67781018e-02,  4.03893457e-02],
        [ 6.08438615e-01,  3.13633794e-01,  3.26587173e-01, ...,
          9.67781018e-02,  0.00000000e+00,  1.36898890e-01],
        [ 4.94067093e-01,  1.80689418e-01,  1.94120038e-01, ...,
         -4.03893457e-02, -1.36898890e-01,  0.00000000e+00]],

       [[ 0.00000000e+00,  2.29022804e-03,  1.10964304e-02, ...,
         -9.83319238e-01, -9.99515815e-01, -9.60094665e-01],
        [-2.29022804e-03,  0.00000000e+00,  8.80631423e-03, ...,
         -9.83733224e-01, -9.99584454e-01, -9.59451627e-01],
        [-1.10964304e-02, -8.80631423e-03,  0.00000000e+00, ...,
         -9.85277006e-01, -9.99799542e-01, -9.56932158e-01],
        ...,
        [ 9.83319238e-01,  9.83733224e-01,  9.85277006e-01, ...,
          0.00000000e+00, -1.51204175e-01, -4.49639817e-01],
        [ 9.99515815e-01,  9.99584454e-01,  9.99799542e-01, ...,
          1.51204175e-01,  0.00000000e+00, -3.09413031e-01],
