state_0,state_1,state_2,state_3,state_4,state_5,state_6,state_7,state_8,state_9,state_10,state_11,state_12,state_13,state_14,state_15,state_16,state_17,state_18,state_19,state_20,state_21,state_22,state_23,state_24,state_25,state_26,state_27,state_28,state_29,state_30,state_31,state_32,state_33,state_34,state_35,state_36,state_37,state_38,state_39,state_40,state_41,state_42,state_43,state_44,state_45,state_46,state_47,state_48,state_49,state_50,state_51,state_52,state_53,state_54,state_55,state_56,state_57,state_58,state_59,state_60,state_61,state_62,state_63,state_64,state_65,state_66,state_67,state_68,state_69,state_70,state_71,state_72,state_73,state_74,state_75,state_76,state_77,state_78,state_79,state_80,state_81,state_82,state_83,state_84,state_85,state_86,state_87,state_88,state_89,state_90,state_91,state_92,state_93,state_94,state_95,state_96,state_97,state_98,state_99,state_100,state_101,state_102,state_103,state_104,state_105,state_106,state_107,state_108,state_109,state_110,state_111,state_112,state_113,state_114,state_115,state_116,state_117,state_118,state_119,state_120,state_121,state_122,state_123,state_124,state_125,state_126,state_127,state_128,state_129,state_130,state_131,state_132,state_133,state_134,state_135,state_136,state_137,state_138,state_139,state_140,state_141,state_142,state_143,state_144,state_145,state_146,state_147,state_148,state_149,state_150,state_151,state_152,state_153,state_154,state_155,state_156,state_157,state_158,state_159,state_160,state_161,state_162,state_163,state_164,state_165,state_166,state_167,state_168,state_169,state_170,state_171,state_172,state_173,state_174,state_175,state_176,state_177,state_178,state_179,state_180,state_181,state_182,state_183,state_184,state_185,state_186,state_187,state_188,state_189,state_190,state_191,state_192,state_193,state_194,state_195,state_196,state_197,state_198,state_199,state_200,state_201,state_202,state_203,state_204,state_205,state_206,state_207,state_208,state_209,state_210,state_211,state_212,state_213,state_214,state_215,state_216,state_217,state_218,state_219,state_220,state_221,state_222,state_223,state_224,state_225,state_226,state_227,state_228,state_229,state_230,state_231,state_232,state_233,state_234,state_235,state_236,state_237,state_238,state_239,state_240,state_241,state_242,state_243,state_244,state_245,state_246,state_247,state_248,state_249,state_250,state_251,state_252,state_253,state_254,state_255,state_256,state_257,state_258,state_259,state_260,state_261,state_262,state_263,state_264,state_265,state_266,state_267,state_268,state_269,state_270,state_271,state_272,state_273,state_274,state_275,state_276,state_277,state_278,state_279,state_280,state_281,state_282,state_283,state_284,state_285,state_286,state_287
{'img': array([[[ 0.00000000e+00,  1.93890206e-01,  4.64598383e-01, ...,
          9.46586999e-01,  9.75015432e-01,  9.08452241e-01],
        [-1.93890206e-01,  0.00000000e+00,  2.84087861e-01, ...,
          8.66104228e-01,  9.13442578e-01,  8.10168848e-01],
        [-4.64598383e-01, -2.84087861e-01,  0.00000000e+00, ...,
          6.88414082e-01,  7.60192582e-01,  6.10257141e-01],
        ...,
        [-9.46586999e-01, -8.66104228e-01, -6.88414082e-01, ...,
          0.00000000e+00,  1.04120167e-01, -1.02733549e-01],
        [-9.75015432e-01, -9.13442578e-01, -7.60192582e-01, ...,
         -1.04120167e-01,  0.00000000e+00, -2.05744421e-01],
        [-9.08452241e-01, -8.10168848e-01, -6.10257141e-01, ...,
          1.02733549e-01,  2.05744421e-01,  0.00000000e+00]],

       [[ 0.00000000e+00, -1.00264857e-01, -1.00780687e-01, ...,
          5.97364211e-02, -1.17575112e-01,  1.92879820e-01],
        [ 1.00264857e-01,  0.00000000e+00, -5.18456205e-04, ...,
          1.59521198e-01, -1.74132070e-02,  2.90289979e-01],
        [ 1.00780687e-01,  5.18456205e-04,  0.00000000e+00, ...,
          1.60032994e-01, -1.68948270e-02,  2.90786071e-01],
        ...,
        [-5.97364211e-02, -1.59521198e-01, -1.60032994e-01, ...,
          0.00000000e+00, -1.76687234e-01,  1.33920659e-01],
        [ 1.17575112e-01,  1.74132070e-02,  1.68948270e-02, ...,
          1.76687234e-01,  0.00000000e+00,  3.06909337e-01],
        [-1.92879820e-01, -2.90289979e-01, -2.90786071e-01, ...,
         -1.33920659e-01, -3.06909337e-01,  0.00000000e+00]],

       [[ 0.00000000e+00, -6.70597584e-01, -9.99287749e-01, ...,
          7.78936057e-01,  5.04636112e-01,  5.41543184e-01],
        [ 6.70597584e-01,  0.00000000e+00, -7.15987395e-01, ...,
          9.98365375e-01,  9.53298281e-01,  9.65481520e-01],
        [ 9.99287749e-01,  7.15987395e-01,  0.00000000e+00, ...,
          6.56050515e-01,  8.81760109e-01,  8.60509755e-01],
        ...,
        [-7.78936057e-01, -9.98365375e-01, -6.56050515e-01, ...,
          0.00000000e+00, -3.56021537e-01, -3.15226911e-01],
        [-5.04636112e-01, -9.53298281e-01, -8.81760109e-01, ...,
          3.56021537e-01,  0.00000000e+00,  4.32977184e-02],
        [-5.41543184e-01, -9.65481520e-01, -8.60509755e-01, ...,
          3.15226911e-01, -4.32977184e-02,  0.00000000e+00]],

       ...,

       [[ 0.00000000e+00,  2.25158330e-01,  1.47816268e-01, ...,
          8.54932559e-01,  8.54932559e-01,  7.99332499e-01],
        [-2.25158330e-01,  0.00000000e+00, -7.86642600e-02, ...,
          7.16181318e-01,  7.16181318e-01,  6.43512232e-01],
        [-1.47816268e-01,  7.86642600e-02,  0.00000000e+00, ...,
          7.68862899e-01,  7.68862899e-01,  7.01730537e-01],
        ...,
        [-8.54932559e-01, -7.16181318e-01, -7.68862899e-01, ...,
          0.00000000e+00,  0.00000000e+00, -9.90744743e-02],
        [-8.54932559e-01, -7.16181318e-01, -7.68862899e-01, ...,
          0.00000000e+00,  0.00000000e+00, -9.90744743e-02],
        [-7.99332499e-01, -6.43512232e-01, -7.01730537e-01, ...,
          9.90744743e-02,  9.90744743e-02,  0.00000000e+00]],

       [[ 0.00000000e+00, -2.89785200e-01, -5.59203665e-01, ...,
         -7.96126060e-01, -8.18479827e-01, -8.24173555e-01],
        [ 2.89785200e-01,  0.00000000e+00, -2.94968476e-01, ...,
         -9.37323603e-01, -9.49852073e-01, -9.52925847e-01],
        [ 5.59203665e-01,  2.94968476e-01,  0.00000000e+00, ...,
         -9.98404004e-01, -9.99826815e-01, -9.99962761e-01],
        ...,
        [ 7.96126060e-01,  9.37323603e-01,  9.98404004e-01, ...,
          0.00000000e+00,  3.78848617e-02,  4.78569171e-02],
        [ 8.18479827e-01,  9.49852073e-01,  9.99826815e-01, ...,
         -3.78848617e-02,  0.00000000e+00,  9.98110780e-03],
        [ 8.24173555e-01,  9.52925847e-01,  9.99962761e-01, ...,
         -4.78569171e-02, -9.98110780e-03,  0.00000000e+00]],

       [[ 0.00000000e+00, -4.25071117e-01, -6.54776802e-01, ...,
          6.42900575e-01,  6.31479535e-01,  6.36048866e-01],
        [ 4.25071117e-01,  0.00000000e+00, -2.71399515e-01, ...,
          9.07510925e-01,  9.01186963e-01,  9.03731573e-01],
        [ 6.54776802e-01,  2.71399515e-01,  0.00000000e+00, ...,
          9.87444643e-01,  9.84995361e-01,  9.85997634e-01],
        ...,
        [-6.42900575e-01, -9.07510925e-01, -9.87444643e-01, ...,
          0.00000000e+00, -1.48187893e-02, -8.91204426e-03],
        [-6.31479535e-01, -9.01186963e-01, -9.84995361e-01, ...,
          1.48187893e-02,  0.00000000e+00,  5.90713514e-03],
        [-6.36048866e-01, -9.03731573e-01, -9.85997634e-01, ...,
          8.91204426e-03, -5.90713514e-03,  0.00000000e+00]]]), 'num': array([7.07063638e-01, 7.07063638e-01, 0.00000000e+00, 0.00000000e+00,
       1.62283405e-04, 1.65457653e-04, 1.61093062e-04, 1.10369380e-02,
       0.00000000e+00, 1.62600830e-04, 1.61291453e-04, 1.60755798e-04,
       4.47978482e-07, 1.66641378e-04, 1.55941527e-04])}
{'img': array([[[ 0.00000000e+00,  2.84087861e-01,  9.99039454e-01, ...,
          9.13442578e-01,  8.10168848e-01,  8.10168848e-01],
        [-2.84087861e-01,  0.00000000e+00,  9.70325935e-01, ...,
          7.60192582e-01,  6.10257141e-01,  6.10257141e-01],
        [-9.99039454e-01, -9.70325935e-01,  0.00000000e+00, ...,
         -4.46603528e-01, -6.21134895e-01, -6.21134895e-01],
        ...,
        [-9.13442578e-01, -7.60192582e-01,  4.46603528e-01, ...,
          0.00000000e+00, -2.05744421e-01, -2.05744421e-01],
        [-8.10168848e-01, -6.10257141e-01,  6.21134895e-01, ...,
          2.05744421e-01,  0.00000000e+00,  0.00000000e+00],
        [-8.10168848e-01, -6.10257141e-01,  6.21134895e-01, ...,
          2.05744421e-01,  0.00000000e+00,  0.00000000e+00]],

       [[ 0.00000000e+00, -5.18456205e-04,  5.92308982e-01, ...,
         -1.74132070e-02,  2.90289979e-01,  1.24098126e-02],
        [ 5.18456205e-04,  0.00000000e+00,  5.92726628e-01, ...,
         -1.68948270e-02,  2.90786071e-01,  1.29282273e-02],
        [-5.92308982e-01, -5.92726628e-01,  0.00000000e+00, ...,
         -6.06249186e-01, -3.32913600e-01, -5.82264650e-01],
        ...,
        [ 1.74132070e-02,  1.68948270e-02,  6.06249186e-01, ...,
          0.00000000e+00,  3.06909337e-01,  2.98197971e-02],
        [-2.90289979e-01, -2.90786071e-01,  3.32913600e-01, ...,
         -3.06909337e-01,  0.00000000e+00, -2.78392195e-01],
        [-1.24098126e-02, -1.29282273e-02,  5.82264650e-01, ...,
         -2.98197971e-02,  2.78392195e-01,  0.00000000e+00]],

       [[ 0.00000000e+00, -7.15987395e-01,  1.00475154e-01, ...,
          9.53298281e-01,  9.65481520e-01,  9.76102538e-01],
        [ 7.15987395e-01,  0.00000000e+00,  7.82507221e-01, ...,
          8.81760109e-01,  8.60509755e-01,  8.37021623e-01],
        [-1.00475154e-01, -7.82507221e-01,  0.00000000e+00, ...,
          9.18127625e-01,  9.34424847e-01,  9.49328735e-01],
        ...,
        [-9.53298281e-01, -8.81760109e-01, -9.18127625e-01, ...,
          0.00000000e+00,  4.32977184e-02,  8.76509922e-02],
        [-9.65481520e-01, -8.60509755e-01, -9.34424847e-01, ...,
         -4.32977184e-02,  0.00000000e+00,  4.44377182e-02],
        [-9.76102538e-01, -8.37021623e-01, -9.49328735e-01, ...,
         -8.76509922e-02, -4.44377182e-02,  0.00000000e+00]],

       ...,

       [[ 0.00000000e+00, -7.86642600e-02,  6.06190371e-01, ...,
          7.16181318e-01,  6.43512232e-01,  6.79911982e-01],
        [ 7.86642600e-02,  0.00000000e+00,  6.66875113e-01, ...,
          7.68862899e-01,  7.01730537e-01,  7.35489056e-01],
        [-6.06190371e-01, -6.66875113e-01,  0.00000000e+00, ...,
          1.46524118e-01,  4.77980494e-02,  9.62317130e-02],
        ...,
        [-7.16181318e-01, -7.68862899e-01, -1.46524118e-01, ...,
          0.00000000e+00, -9.90744743e-02, -5.06510001e-02],
        [-6.43512232e-01, -7.01730537e-01, -4.77980494e-02, ...,
          9.90744743e-02,  0.00000000e+00,  4.85455054e-02],
        [-6.79911982e-01, -7.35489056e-01, -9.62317130e-02, ...,
          5.06510001e-02, -4.85455054e-02,  0.00000000e+00]],

       [[ 0.00000000e+00, -4.94582088e-01, -6.26637855e-01, ...,
         -8.24949009e-01, -8.30626838e-01, -8.34533280e-01],
        [ 4.94582088e-01,  0.00000000e+00, -1.59197276e-01, ...,
         -9.96530029e-01, -9.97321350e-01, -9.97812406e-01],
        [ 6.26637855e-01,  1.59197276e-01,  0.00000000e+00, ...,
         -9.97071702e-01, -9.96246716e-01, -9.95611472e-01],
        ...,
        [ 8.24949009e-01,  9.96530029e-01,  9.97071702e-01, ...,
          0.00000000e+00,  1.01203169e-02,  1.71723109e-02],
        [ 8.30626838e-01,  9.97321350e-01,  9.96246716e-01, ...,
         -1.01203169e-02,  0.00000000e+00,  7.05260686e-03],
        [ 8.34533280e-01,  9.97812406e-01,  9.95611472e-01, ...,
         -1.71723109e-02, -7.05260686e-03,  0.00000000e+00]],

       [[ 0.00000000e+00, -2.71399515e-01, -1.94000246e-01, ...,
          9.01186963e-01,  9.03731573e-01,  9.59185715e-01],
        [ 2.71399515e-01,  0.00000000e+00,  7.95245331e-02, ...,
          9.84995361e-01,  9.85997634e-01,  9.99929895e-01],
        [ 1.94000246e-01, -7.95245331e-02,  0.00000000e+00, ...,
          9.68151382e-01,  9.69613433e-01,  9.95821391e-01],
        ...,
        [-9.01186963e-01, -9.84995361e-01, -9.68151382e-01, ...,
          0.00000000e+00,  5.90713514e-03,  1.60905573e-01],
        [-9.03731573e-01, -9.85997634e-01, -9.69613433e-01, ...,
         -5.90713514e-03,  0.00000000e+00,  1.55072601e-01],
        [-9.59185715e-01, -9.99929895e-01, -9.95821391e-01, ...,
         -1.60905573e-01, -1.55072601e-01,  0.00000000e+00]]]), 'num': array([ 9.79209436e-01,  2.02290086e-01,  3.85567926e-05, -1.25614560e-10,
        2.24089810e-04,  2.29650351e-04,  2.23533756e-04,  1.50728700e-02,
       -3.33632472e-06,  2.27426135e-04,  2.26091605e-04,  2.25378002e-04,
        5.89754369e-07,  2.33513626e-04,  2.18669584e-04])}
{'img': array([[[ 0.00000000e+00,  9.70325935e-01,  9.08465727e-01, ...,
          6.10257141e-01,  6.10257141e-01,  3.38017655e-01],
        [-9.70325935e-01,  0.00000000e+00, -1.85889149e-01, ...,
         -6.21134895e-01, -6.21134895e-01, -8.31479419e-01],
        [-9.08465727e-01,  1.85889149e-01,  0.00000000e+00, ...,
         -4.64626954e-01, -4.64626954e-01, -7.13715584e-01],
        ...,
        [-6.10257141e-01,  6.21134895e-01,  4.64626954e-01, ...,
          0.00000000e+00,  0.00000000e+00, -3.06558531e-01],
        [-6.10257141e-01,  6.21134895e-01,  4.64626954e-01, ...,
          0.00000000e+00,  0.00000000e+00, -3.06558531e-01],
        [-3.38017655e-01,  8.31479419e-01,  7.13715584e-01, ...,
          3.06558531e-01,  3.06558531e-01,  0.00000000e+00]],

       [[ 0.00000000e+00,  5.92726628e-01,  5.56575219e-01, ...,
          2.90786071e-01,  1.29282273e-02, -8.96269277e-04],
        [-5.92726628e-01,  0.00000000e+00, -4.41678865e-02, ...,
         -3.32913600e-01, -5.82264650e-01, -5.93448248e-01],
        [-5.56575219e-01,  4.41678865e-02,  0.00000000e+00, ...,
         -2.90940285e-01, -5.45787969e-01, -5.57319614e-01],
        ...,
        [-2.90786071e-01,  3.32913600e-01,  2.90940285e-01, ...,
          0.00000000e+00, -2.78392195e-01, -2.91643494e-01],
        [-1.29282273e-02,  5.82264650e-01,  5.45787969e-01, ...,
          2.78392195e-01,  0.00000000e+00, -1.38244164e-02],
        [ 8.96269277e-04,  5.93448248e-01,  5.57319614e-01, ...,
          2.91643494e-01,  1.38244164e-02,  0.00000000e+00]],

       [[ 0.00000000e+00,  7.82507221e-01,  1.00000000e+00, ...,
          8.60509755e-01,  8.37021623e-01,  8.81760109e-01],
        [-7.82507221e-01,  0.00000000e+00,  6.22641509e-01, ...,
          9.34424847e-01,  9.49328735e-01,  9.18127625e-01],
        [-1.00000000e+00, -6.22641509e-01,  0.00000000e+00, ...,
          5.09433962e-01,  5.47169811e-01,  4.71698113e-01],
        ...,
        [-8.60509755e-01, -9.34424847e-01, -5.09433962e-01, ...,
          0.00000000e+00,  4.44377182e-02, -4.32977184e-02],
        [-8.37021623e-01, -9.49328735e-01, -5.47169811e-01, ...,
         -4.44377182e-02,  0.00000000e+00, -8.76509922e-02],
        [-8.81760109e-01, -9.18127625e-01, -4.71698113e-01, ...,
          4.32977184e-02,  8.76509922e-02,  0.00000000e+00]],

       ...,

       [[ 0.00000000e+00,  6.66875113e-01,  7.53453654e-01, ...,
          7.01730537e-01,  7.35489056e-01,  5.99227659e-01],
        [-6.66875113e-01,  0.00000000e+00,  1.22979615e-01, ...,
          4.77980494e-02,  9.62317130e-02, -8.73598187e-02],
        [-7.53453654e-01, -1.22979615e-01,  0.00000000e+00, ...,
         -7.54038280e-02, -2.69076246e-02, -2.09206130e-01],
        ...,
        [-7.01730537e-01, -4.77980494e-02,  7.54038280e-02, ...,
          0.00000000e+00,  4.85455054e-02, -1.34875277e-01],
        [-7.35489056e-01, -9.62317130e-02,  2.69076246e-02, ...,
         -4.85455054e-02,  0.00000000e+00, -1.82818180e-01],
        [-5.99227659e-01,  8.73598187e-02,  2.09206130e-01, ...,
          1.34875277e-01,  1.82818180e-01,  0.00000000e+00]],

       [[ 0.00000000e+00, -4.27763256e-01, -7.90617258e-01, ...,
         -8.50607959e-01, -8.54459886e-01, -8.53245396e-01],
        [ 4.27763256e-01,  0.00000000e+00, -4.52707669e-01, ...,
         -9.93774824e-01, -9.94568883e-01, -9.94323330e-01],
        [ 7.90617258e-01,  4.52707669e-01,  0.00000000e+00, ...,
         -9.36543226e-01, -9.33934305e-01, -9.34765770e-01],
        ...,
        [ 8.50607959e-01,  9.93774824e-01,  9.36543226e-01, ...,
          0.00000000e+00,  7.36976752e-03,  5.03656091e-03],
        [ 8.54459886e-01,  9.94568883e-01,  9.33934305e-01, ...,
         -7.36976752e-03,  0.00000000e+00, -2.33324992e-03],
        [ 8.53245396e-01,  9.94323330e-01,  9.34765770e-01, ...,
         -5.03656091e-03,  2.33324992e-03,  0.00000000e+00]],

       [[ 0.00000000e+00,  7.95245331e-02,  4.29066906e-01, ...,
          9.85997634e-01,  9.99929895e-01,  9.99600977e-01],
        [-7.95245331e-02,  0.00000000e+00,  3.55875671e-01, ...,
          9.69613433e-01,  9.95821391e-01,  9.98681470e-01],
        [-4.29066906e-01, -3.55875671e-01,  0.00000000e+00, ...,
          8.19073855e-01,  8.98128885e-01,  9.15032083e-01],
        ...,
        [-9.85997634e-01, -9.69613433e-01, -8.19073855e-01, ...,
          0.00000000e+00,  1.55072601e-01,  1.94544117e-01],
        [-9.99929895e-01, -9.95821391e-01, -8.98128885e-01, ...,
         -1.55072601e-01,  0.00000000e+00,  4.00809827e-02],
        [-9.99600977e-01, -9.98681470e-01, -9.15032083e-01, ...,
         -1.94544117e-01, -4.00809827e-02,  0.00000000e+00]]]), 'num': array([ 7.61705114e-01,  6.47691685e-01,  5.64422917e-06, -1.11081619e-08,
        1.74867223e-04,  1.79628459e-04,  1.74001543e-04,  1.73364490e-02,
        4.32839660e-07,  1.76425446e-04,  1.76057532e-04,  1.75487626e-04,
        4.65141128e-07,  1.81753116e-04,  1.70361947e-04])}
{'img': array([[[ 0.        , -0.18588915, -0.66049487, ..., -0.6211349 ,
         -0.83147942, -0.80084328],
        [ 0.18588915,  0.        , -0.50941167, ..., -0.46462695,
         -0.71371558, -0.67556099],
        [ 0.66049487,  0.50941167,  0.        , ...,  0.05126519,
         -0.25735856, -0.20574442],
        ...,
        [ 0.6211349 ,  0.46462695, -0.05126519, ...,  0.        ,
         -0.30655853, -0.25564229],
        [ 0.83147942,  0.71371558,  0.25735856, ...,  0.30655853,
          0.        ,  0.05303845],
        [ 0.80084328,  0.67556099,  0.20574442, ...,  0.25564229,
         -0.05303845,  0.        ]],

       [[ 0.        , -0.04416789, -0.47066852, ..., -0.58226465,
         -0.59344825, -0.4086562 ],
        [ 0.04416789,  0.        , -0.43123943, ..., -0.54578797,
         -0.55731961, -0.36794588],
        [ 0.47066852,  0.43123943,  0.        , ..., -0.13108481,
         -0.14477741,  0.0690122 ],
        ...,
        [ 0.58226465,  0.54578797,  0.13108481, ...,  0.        ,
         -0.01382442,  0.19918898],
        [ 0.59344825,  0.55731961,  0.14477741, ...,  0.01382442,
          0.        ,  0.21271734],
        [ 0.4086562 ,  0.36794588, -0.0690122 , ..., -0.19918898,
         -0.21271734,  0.        ]],

       [[ 0.        ,  0.76736483,  0.9466692 , ...,  0.99871208,
          0.98926481,  0.95356851],
        [-0.76736483,  0.        ,  0.35976406, ...,  0.60145158,
          0.52218913,  0.38032635],
        [-0.9466692 , -0.35976406,  0.        , ...,  0.27376153,
          0.18040759,  0.02213232],
        ...,
        [-0.99871208, -0.60145158, -0.27376153, ...,  0.        ,
         -0.09575404, -0.25240766],
        [-0.98926481, -0.52218913, -0.18040759, ...,  0.09575404,
          0.        , -0.15859423],
        [-0.95356851, -0.38032635, -0.02213232, ...,  0.25240766,
          0.15859423,  0.        ]],

       ...,

       [[ 0.        ,  0.12297962, -0.39918747, ...,  0.09623171,
         -0.08735982, -0.05003316],
        [-0.12297962,  0.        , -0.50891355, ..., -0.02690762,
         -0.20920613, -0.17247896],
        [ 0.39918747,  0.50891355,  0.        , ...,  0.48556673,
          0.31756376,  0.35281363],
        ...,
        [-0.09623171,  0.02690762, -0.48556673, ...,  0.        ,
         -0.18281818, -0.14591215],
        [ 0.08735982,  0.20920613, -0.31756376, ...,  0.18281818,
          0.        ,  0.03740853],
        [ 0.05003316,  0.17247896, -0.35281363, ...,  0.14591215,
         -0.03740853,  0.        ]],

       [[ 0.        , -0.72026331, -0.7603035 , ..., -0.86874343,
         -0.86754698, -0.86623055],
        [ 0.72026331,  0.        , -0.05956312, ..., -0.95936733,
         -0.96004474, -0.96078041],
        [ 0.7603035 ,  0.05956312,  0.        , ..., -0.94085768,
         -0.94167169, -0.94255711],
        ...,
        [ 0.86874343,  0.95936733,  0.94085768, ...,  0.        ,
         -0.00241068, -0.00505144],
        [ 0.86754698,  0.96004474,  0.94167169, ...,  0.00241068,
          0.        , -0.00264078],
        [ 0.86623055,  0.96078041,  0.94255711, ...,  0.00505144,
          0.00264078,  0.        ]],

       [[ 0.        ,  0.35587567,  0.29535799, ...,  0.99582139,
          0.99868147,  0.99995925],
        [-0.35587567,  0.        , -0.06397698, ...,  0.89812889,
          0.91503208,  0.93770783],
        [-0.29535799,  0.06397698,  0.        , ...,  0.9244217 ,
          0.93896463,  0.95801402],
        ...,
        [-0.99582139, -0.89812889, -0.9244217 , ...,  0.        ,
          0.04008098,  0.10030815],
        [-0.99868147, -0.91503208, -0.93896463, ..., -0.04008098,
          0.        ,  0.06034872],
        [-0.99995925, -0.93770783, -0.95801402, ..., -0.10030815,
         -0.06034872,  0.        ]]]), 'num': array([ 9.98957420e-01,  1.15798718e-02,  5.10272647e-05, -1.49083409e-08,
        2.29249494e-04,  2.40504637e-04,  2.22140983e-04,  4.41534763e-02,
       -1.00703912e-05,  2.38372084e-04,  2.40504637e-04,  2.39833278e-04,
        4.99594178e-07,  2.49765427e-04,  2.31243848e-04])}
