state_0,state_1,state_2,state_3,state_4,state_5,state_6,state_7,state_8,state_9,state_10,state_11,state_12,state_13,state_14,state_15,state_16,state_17,state_18,state_19,state_20,state_21,state_22,state_23,state_24,state_25,state_26,state_27,state_28,state_29,state_30,state_31,state_32,state_33,state_34,state_35,state_36,state_37,state_38,state_39,state_40,state_41,state_42,state_43,state_44,state_45,state_46,state_47,state_48,state_49,state_50,state_51,state_52,state_53,state_54,state_55,state_56,state_57,state_58,state_59,state_60,state_61,state_62,state_63,state_64,state_65,state_66,state_67,state_68,state_69,state_70,state_71,state_72,state_73,state_74,state_75,state_76,state_77,state_78,state_79,state_80,state_81,state_82,state_83,state_84,state_85,state_86,state_87,state_88,state_89,state_90,state_91,state_92,state_93,state_94,state_95,state_96,state_97,state_98,state_99,state_100,state_101,state_102,state_103,state_104,state_105,state_106,state_107,state_108,state_109,state_110,state_111,state_112,state_113,state_114,state_115,state_116,state_117,state_118,state_119,state_120,state_121,state_122,state_123,state_124,state_125,state_126,state_127,state_128,state_129,state_130,state_131,state_132,state_133,state_134,state_135,state_136,state_137,state_138,state_139,state_140,state_141,state_142,state_143,state_144,state_145,state_146,state_147,state_148,state_149,state_150,state_151,state_152,state_153,state_154,state_155,state_156,state_157,state_158,state_159,state_160,state_161,state_162,state_163,state_164,state_165,state_166,state_167,state_168,state_169,state_170,state_171,state_172,state_173,state_174,state_175,state_176,state_177,state_178,state_179,state_180,state_181,state_182,state_183,state_184,state_185,state_186,state_187,state_188,state_189,state_190,state_191,state_192,state_193,state_194,state_195,state_196,state_197,state_198,state_199,state_200,state_201,state_202,state_203,state_204,state_205,state_206,state_207,state_208,state_209,state_210,state_211,state_212,state_213,state_214,state_215,state_216,state_217,state_218,state_219,state_220,state_221,state_222,state_223,state_224,state_225,state_226,state_227,state_228,state_229,state_230,state_231,state_232,state_233,state_234,state_235,state_236,state_237,state_238,state_239,state_240,state_241,state_242,state_243,state_244,state_245,state_246,state_247,state_248,state_249,state_250,state_251,state_252,state_253,state_254,state_255,state_256,state_257,state_258,state_259,state_260,state_261,state_262,state_263,state_264,state_265,state_266,state_267,state_268,state_269,state_270,state_271,state_272,state_273,state_274,state_275,state_276,state_277,state_278,state_279,state_280,state_281,state_282,state_283,state_284,state_285,state_286,state_287
{'img': array([[[ 0.00000000e+00,  0.00000000e+00, -3.34788402e-01, ...,
          4.22421540e-02,  0.00000000e+00,  9.43392838e-02],
        [ 0.00000000e+00,  0.00000000e+00, -3.34788402e-01, ...,
          4.22421540e-02,  0.00000000e+00,  9.43392838e-02],
        [ 3.34788402e-01,  3.34788402e-01,  0.00000000e+00, ...,
          3.74294070e-01,  3.34788402e-01,  4.22190559e-01],
        ...,
        [-4.22421540e-02, -4.22421540e-02, -3.74294070e-01, ...,
          0.00000000e+00, -4.22421540e-02,  5.22013184e-02],
        [ 0.00000000e+00,  0.00000000e+00, -3.34788402e-01, ...,
          4.22421540e-02,  0.00000000e+00,  9.43392838e-02],
        [-9.43392838e-02, -9.43392838e-02, -4.22190559e-01, ...,
         -5.22013184e-02, -9.43392838e-02,  0.00000000e+00]],

       [[ 0.00000000e+00,  4.96172642e-01,  9.07551501e-01, ...,
         -1.35644881e-01, -7.45537765e-02, -7.43540738e-02],
        [-4.96172642e-01,  0.00000000e+00,  5.79594752e-01, ...,
         -6.09356902e-01, -5.59521160e-01, -5.59355172e-01],
        [-9.07551501e-01, -5.79594752e-01,  0.00000000e+00, ...,
         -9.56126295e-01, -9.36333953e-01, -9.36263621e-01],
        ...,
        [ 1.35644881e-01,  6.09356902e-01,  9.56126295e-01, ...,
          0.00000000e+00,  6.14026658e-02,  6.16025452e-02],
        [ 7.45537765e-02,  5.59521160e-01,  9.36333953e-01, ...,
         -6.14026658e-02,  0.00000000e+00,  2.00258496e-04],
        [ 7.43540738e-02,  5.59355172e-01,  9.36263621e-01, ...,
         -6.16025452e-02, -2.00258496e-04,  0.00000000e+00]],

       [[ 0.00000000e+00,  1.15809671e-02, -6.33381274e-02, ...,
          2.59462455e-01,  1.68297311e-01,  1.40116419e-01],
        [-1.15809671e-02,  0.00000000e+00, -7.48915938e-02, ...,
          2.48260699e-01,  1.56870245e-01,  1.28640302e-01],
        [ 6.33381274e-02,  7.48915938e-02,  0.00000000e+00, ...,
          3.20110486e-01,  2.30394081e-01,  2.02548382e-01],
        ...,
        [-2.59462455e-01, -2.48260699e-01, -3.20110486e-01, ...,
          0.00000000e+00, -9.32278899e-02, -1.21584988e-01],
        [-1.68297311e-01, -1.56870245e-01, -2.30394081e-01, ...,
          9.32278899e-02,  0.00000000e+00, -2.85192260e-02],
        [-1.40116419e-01, -1.28640302e-01, -2.02548382e-01, ...,
          1.21584988e-01,  2.85192260e-02,  0.00000000e+00]],

       ...,

       [[ 0.00000000e+00,  6.23869593e-02, -7.50311817e-02, ...,
          3.62787040e-01,  3.01777605e-01,  2.81658761e-02],
        [-6.23869593e-02,  0.00000000e+00, -1.37096126e-01, ...,
          3.03943679e-01,  2.41711377e-01, -3.42511981e-02],
        [ 7.50311817e-02,  1.37096126e-01,  0.00000000e+00, ...,
          4.31683875e-01,  3.72460055e-01,  1.03087896e-01],
        ...,
        [-3.62787040e-01, -3.03943679e-01, -4.31683875e-01, ...,
          0.00000000e+00, -6.46551870e-02, -3.36396116e-01],
        [-3.01777605e-01, -2.41711377e-01, -3.72460055e-01, ...,
          6.46551870e-02,  0.00000000e+00, -2.74805142e-01],
        [-2.81658761e-02,  3.42511981e-02, -1.03087896e-01, ...,
          3.36396116e-01,  2.74805142e-01,  0.00000000e+00]],

       [[ 0.00000000e+00, -4.64075825e-01, -6.43034126e-01, ...,
         -7.45283040e-01, -8.15209396e-01, -8.95397126e-01],
        [ 4.64075825e-01,  0.00000000e+00, -2.14190041e-01, ...,
         -3.50746615e-01, -4.53331704e-01, -5.86500405e-01],
        [ 6.43034126e-01,  2.14190041e-01,  0.00000000e+00, ...,
         -1.42023857e-01, -2.51894229e-01, -3.99405913e-01],
        ...,
        [ 7.45283040e-01,  3.50746615e-01,  1.42023857e-01, ...,
          0.00000000e+00, -1.11896571e-01, -2.65153423e-01],
        [ 8.15209396e-01,  4.53331704e-01,  2.51894229e-01, ...,
          1.11896571e-01,  0.00000000e+00, -1.55596850e-01],
        [ 8.95397126e-01,  5.86500405e-01,  3.99405913e-01, ...,
          2.65153423e-01,  1.55596850e-01,  0.00000000e+00]],

       [[ 0.00000000e+00,  2.87012884e-01,  5.06455602e-01, ...,
          6.49424495e-01,  8.19887814e-01,  9.93075782e-01],
        [-2.87012884e-01,  0.00000000e+00,  2.37665891e-01, ...,
          4.03848995e-01,  6.21070620e-01,  9.85010807e-01],
        [-5.06455602e-01, -2.37665891e-01,  0.00000000e+00, ...,
          1.74854639e-01,  4.17003324e-01,  9.15791641e-01],
        ...,
        [-6.49424495e-01, -4.03848995e-01, -1.74854639e-01, ...,
          0.00000000e+00,  2.51652830e-01,  8.31452185e-01],
        [-8.19887814e-01, -6.21070620e-01, -4.17003324e-01, ...,
         -2.51652830e-01,  0.00000000e+00,  6.64876651e-01],
        [-9.93075782e-01, -9.85010807e-01, -9.15791641e-01, ...,
         -8.31452185e-01, -6.64876651e-01,  0.00000000e+00]]]), 'num': array([ 7.01829999e-01,  7.01829999e-01,  0.00000000e+00,  0.00000000e+00,
        3.39217833e-02,  3.48185661e-02,  3.38827927e-02,  7.36395126e-02,
       -8.96782776e-04,  3.44676511e-02,  3.51850773e-02,  3.20606341e-02,
        1.57818915e-05,  3.67322508e-02,  3.36379037e-02])}
{'img': array([[[ 0.00000000e+00, -3.34788402e-01, -3.30829124e-02, ...,
          0.00000000e+00,  9.43392838e-02, -9.74899378e-02],
        [ 3.34788402e-01,  0.00000000e+00,  3.03431335e-01, ...,
          3.34788402e-01,  4.22190559e-01,  2.41329523e-01],
        [ 3.30829124e-02, -3.03431335e-01,  0.00000000e+00, ...,
          3.30829124e-02,  1.27223010e-01, -6.45112505e-02],
        ...,
        [ 0.00000000e+00, -3.34788402e-01, -3.30829124e-02, ...,
          0.00000000e+00,  9.43392838e-02, -9.74899378e-02],
        [-9.43392838e-02, -4.22190559e-01, -1.27223010e-01, ...,
         -9.43392838e-02,  0.00000000e+00, -1.90945042e-01],
        [ 9.74899378e-02, -2.41329523e-01,  6.45112505e-02, ...,
          9.74899378e-02,  1.90945042e-01,  0.00000000e+00]],

       [[ 0.00000000e+00,  5.79594752e-01,  7.07118111e-01, ...,
         -5.59521160e-01, -5.59355172e-01, -3.39396801e-01],
        [-5.79594752e-01,  0.00000000e+00,  1.66405170e-01, ...,
         -9.36333953e-01, -9.36263621e-01, -8.21768019e-01],
        [-7.07118111e-01, -1.66405170e-01,  0.00000000e+00, ...,
         -9.81705718e-01, -9.81667568e-01, -9.05131845e-01],
        ...,
        [ 5.59521160e-01,  9.36333953e-01,  9.81705718e-01, ...,
          0.00000000e+00,  2.00258496e-04,  2.45012307e-01],
        [ 5.59355172e-01,  9.36263621e-01,  9.81667568e-01, ...,
         -2.00258496e-04,  0.00000000e+00,  2.44818148e-01],
        [ 3.39396801e-01,  8.21768019e-01,  9.05131845e-01, ...,
         -2.45012307e-01, -2.44818148e-01,  0.00000000e+00]],

       [[ 0.00000000e+00, -7.48915938e-02, -3.44861902e-02, ...,
          1.56870245e-01,  1.28640302e-01,  8.36590448e-02],
        [ 7.48915938e-02,  0.00000000e+00,  4.04577044e-02, ...,
          2.30394081e-01,  2.02548382e-01,  1.58053160e-01],
        [ 3.44861902e-02, -4.04577044e-02,  0.00000000e+00, ...,
          1.90836159e-01,  1.62763439e-01,  1.17974579e-01],
        ...,
        [-1.56870245e-01, -2.30394081e-01, -1.90836159e-01, ...,
          0.00000000e+00, -2.85192260e-02, -7.36970462e-02],
        [-1.28640302e-01, -2.02548382e-01, -1.62763439e-01, ...,
          2.85192260e-02,  0.00000000e+00, -4.52253965e-02],
        [-8.36590448e-02, -1.58053160e-01, -1.17974579e-01, ...,
          7.36970462e-02,  4.52253965e-02,  0.00000000e+00]],

       ...,

       [[ 0.00000000e+00, -1.37096126e-01,  1.98086528e-01, ...,
          2.41711377e-01, -3.42511981e-02,  5.45763168e-02],
        [ 1.37096126e-01,  0.00000000e+00,  3.30595648e-01, ...,
          3.72460055e-01,  1.03087896e-01,  1.90952792e-01],
        [-1.98086528e-01, -3.30595648e-01,  0.00000000e+00, ...,
          4.47088500e-02, -2.31542797e-01, -1.44296439e-01],
        ...,
        [-2.41711377e-01, -3.72460055e-01, -4.47088500e-02, ...,
          0.00000000e+00, -2.74805142e-01, -1.88393101e-01],
        [ 3.42511981e-02, -1.03087896e-01,  2.31542797e-01, ...,
          2.74805142e-01,  0.00000000e+00,  8.87444447e-02],
        [-5.45763168e-02, -1.90952792e-01,  1.44296439e-01, ...,
          1.88393101e-01, -8.87444447e-02,  0.00000000e+00]],

       [[ 0.00000000e+00, -4.88118538e-01, -7.56798758e-01, ...,
         -7.37999488e-01, -8.46244675e-01, -8.85133001e-01],
        [ 4.88118538e-01,  0.00000000e+00, -3.41459130e-01, ...,
         -3.14726223e-01, -4.78516320e-01, -5.45383865e-01],
        [ 7.56798758e-01,  3.41459130e-01,  0.00000000e+00, ...,
          2.82969135e-02, -1.49927899e-01, -2.26398055e-01],
        ...,
        [ 7.37999488e-01,  3.14726223e-01, -2.82969135e-02, ...,
          0.00000000e+00, -1.77844934e-01, -2.53869577e-01],
        [ 8.46244675e-01,  4.78516320e-01,  1.49927899e-01, ...,
          1.77844934e-01,  0.00000000e+00, -7.78040616e-02],
        [ 8.85133001e-01,  5.45383865e-01,  2.26398055e-01, ...,
          2.53869577e-01,  7.78040616e-02,  0.00000000e+00]],

       [[ 0.00000000e+00,  2.21418430e-01,  5.95155445e-01, ...,
          5.67935632e-01,  8.41041176e-01,  9.93750673e-01],
        [-2.21418430e-01,  0.00000000e+00,  4.02448833e-01, ...,
          3.71595318e-01,  7.00384632e-01,  9.44369388e-01],
        [-5.95155445e-01, -4.02448833e-01,  0.00000000e+00, ...,
         -3.34572671e-02,  3.53907703e-01,  7.32155789e-01],
        ...,
        [-5.67935632e-01, -3.71595318e-01,  3.34572671e-02, ...,
          0.00000000e+00,  3.85001492e-01,  7.54534881e-01],
        [-8.41041176e-01, -7.00384632e-01, -3.53907703e-01, ...,
         -3.85001492e-01,  0.00000000e+00,  4.43711219e-01],
        [-9.93750673e-01, -9.44369388e-01, -7.32155789e-01, ...,
         -7.54534881e-01, -4.43711219e-01,  0.00000000e+00]]]), 'num': array([ 9.87576497e-01,  3.28978730e-02,  1.10112875e-05, -7.55496668e-09,
        4.77339312e-02,  4.92204550e-02,  4.75137054e-02,  6.97361353e-02,
       -1.65169312e-04,  4.84386536e-02,  4.96086029e-02,  4.52573091e-02,
        1.75712034e-05,  5.19469075e-02,  4.72702982e-02])}
{'img': array([[[ 0.00000000e+00,  3.03431335e-01,  3.34788402e-01, ...,
          4.22190559e-01,  2.41329523e-01,  2.18239832e-01],
        [-3.03431335e-01,  0.00000000e+00,  3.30829124e-02, ...,
          1.27223010e-01, -6.45112505e-02, -8.81666271e-02],
        [-3.34788402e-01, -3.30829124e-02,  0.00000000e+00, ...,
          9.43392838e-02, -9.74899378e-02, -1.21072445e-01],
        ...,
        [-4.22190559e-01, -1.27223010e-01, -9.43392838e-02, ...,
          0.00000000e+00, -1.90945042e-01, -2.14177767e-01],
        [-2.41329523e-01,  6.45112505e-02,  9.74899378e-02, ...,
          1.90945042e-01,  0.00000000e+00, -2.37229472e-02],
        [-2.18239832e-01,  8.81666271e-02,  1.21072445e-01, ...,
          2.14177767e-01,  2.37229472e-02,  0.00000000e+00]],

       [[ 0.00000000e+00,  1.66405170e-01, -5.92764723e-01, ...,
         -9.36263621e-01, -8.21768019e-01, -9.68751401e-01],
        [-1.66405170e-01,  0.00000000e+00, -7.18518755e-01, ...,
         -9.81667568e-01, -9.05131845e-01, -9.96518640e-01],
        [ 5.92764723e-01,  7.18518755e-01,  0.00000000e+00, ...,
         -5.45806763e-01, -3.24061487e-01, -6.33183180e-01],
        ...,
        [ 9.36263621e-01,  9.81667568e-01,  5.45806763e-01, ...,
          0.00000000e+00,  2.44818148e-01, -1.08095689e-01],
        [ 8.21768019e-01,  9.05131845e-01,  3.24061487e-01, ...,
         -2.44818148e-01,  0.00000000e+00, -3.48189865e-01],
        [ 9.68751401e-01,  9.96518640e-01,  6.33183180e-01, ...,
          1.08095689e-01,  3.48189865e-01,  0.00000000e+00]],

       [[ 0.00000000e+00,  4.04577044e-02,  2.23638652e-02, ...,
          2.02548382e-01,  1.58053160e-01,  1.07660897e-01],
        [-4.04577044e-02,  0.00000000e+00, -1.81020310e-02, ...,
          1.62763439e-01,  1.17974579e-01,  6.73501987e-02],
        [-2.23638652e-02,  1.81020310e-02,  0.00000000e+00, ...,
          1.80597411e-01,  1.35930866e-01,  8.54000915e-02],
        ...,
        [-2.02548382e-01, -1.62763439e-01, -1.80597411e-01, ...,
          0.00000000e+00, -4.52253965e-02, -9.59417754e-02],
        [-1.58053160e-01, -1.17974579e-01, -1.35930866e-01, ...,
          4.52253965e-02,  0.00000000e+00, -5.08268392e-02],
        [-1.07660897e-01, -6.73501987e-02, -8.54000915e-02, ...,
          9.59417754e-02,  5.08268392e-02,  0.00000000e+00]],

       ...,

       [[ 0.00000000e+00,  3.30595648e-01,  3.95951061e-01, ...,
          1.03087896e-01,  1.90952792e-01, -3.98446411e-02],
        [-3.30595648e-01,  0.00000000e+00,  7.01111205e-02, ...,
         -2.31542797e-01, -1.44296439e-01, -3.67937394e-01],
        [-3.95951061e-01, -7.01111205e-02,  0.00000000e+00, ...,
         -2.99178845e-01, -2.13318725e-01, -4.32224834e-01],
        ...,
        [-1.03087896e-01,  2.31542797e-01,  2.99178845e-01, ...,
          0.00000000e+00,  8.87444447e-02, -1.42638391e-01],
        [-1.90952792e-01,  1.44296439e-01,  2.13318725e-01, ...,
         -8.87444447e-02,  0.00000000e+00, -2.29912622e-01],
        [ 3.98446411e-02,  3.67937394e-01,  4.32224834e-01, ...,
          1.42638391e-01,  2.29912622e-01,  0.00000000e+00]],

       [[ 0.00000000e+00, -3.92222076e-01, -3.92859206e-01, ...,
         -5.34866821e-01, -6.02508381e-01, -5.88317031e-01],
        [ 3.92222076e-01,  0.00000000e+00, -6.92732026e-04, ...,
         -1.60605541e-01, -2.41192357e-01, -2.24012834e-01],
        [ 3.92859206e-01,  6.92732026e-04,  0.00000000e+00, ...,
         -1.59921763e-01, -2.40520018e-01, -2.23337653e-01],
        ...,
        [ 5.34866821e-01,  1.60605541e-01,  1.59921763e-01, ...,
          0.00000000e+00, -8.21973235e-02, -6.45809070e-02],
        [ 6.02508381e-01,  2.41192357e-01,  2.40520018e-01, ...,
          8.21973235e-02,  0.00000000e+00,  1.76633644e-02],
        [ 5.88317031e-01,  2.24012834e-01,  2.23337653e-01, ...,
          6.45809070e-02, -1.76633644e-02,  0.00000000e+00]],

       [[ 0.00000000e+00,  4.02448833e-01,  4.13182736e-01, ...,
          7.00384632e-01,  9.44369388e-01,  8.10724311e-01],
        [-4.02448833e-01,  0.00000000e+00,  1.17557504e-02, ...,
          3.53907703e-01,  7.32155789e-01,  5.06566609e-01],
        [-4.13182736e-01, -1.17557504e-02,  0.00000000e+00, ...,
          3.42888325e-01,  7.24097918e-01,  4.96395787e-01],
        ...,
        [-7.00384632e-01, -3.53907703e-01, -3.42888325e-01, ...,
          0.00000000e+00,  4.43711219e-01,  1.68642281e-01],
        [-9.44369388e-01, -7.32155789e-01, -7.24097918e-01, ...,
         -4.43711219e-01,  0.00000000e+00, -2.86223962e-01],
        [-8.10724311e-01, -5.06566609e-01, -4.96395787e-01, ...,
         -1.68642281e-01,  2.86223962e-01,  0.00000000e+00]]]), 'num': array([ 7.02890183e-01,  7.02890183e-01,  0.00000000e+00, -1.98288319e-07,
        3.49304912e-02,  3.49697390e-02,  3.41062886e-02,  4.78253372e-02,
        9.02698088e-04,  3.45537129e-02,  3.53739907e-02,  3.22963135e-02,
        1.79975838e-05,  3.70281981e-02,  3.37197833e-02])}
{'img': array([[[ 0.00000000e+00,  3.30829124e-02, -5.65627696e-02, ...,
         -6.45112505e-02, -8.81666271e-02,  1.01059319e-01],
        [-3.30829124e-02,  0.00000000e+00, -8.95617559e-02, ...,
         -9.74899378e-02, -1.21072445e-01,  6.80904593e-02],
        [ 5.65627696e-02,  8.95617559e-02,  0.00000000e+00, ...,
         -7.96302269e-03, -3.16829768e-02,  1.57170719e-01],
        ...,
        [ 6.45112505e-02,  9.74899378e-02,  7.96302269e-03, ...,
          0.00000000e+00, -2.37229472e-02,  1.65029790e-01],
        [ 8.81666271e-02,  1.21072445e-01,  3.16829768e-02, ...,
          2.37229472e-02,  0.00000000e+00,  1.88381017e-01],
        [-1.01059319e-01, -6.80904593e-02, -1.57170719e-01, ...,
         -1.65029790e-01, -1.88381017e-01,  0.00000000e+00]],

       [[ 0.00000000e+00, -7.18518755e-01, -4.24952993e-01, ...,
         -9.05131845e-01, -9.96518640e-01, -9.98758158e-01],
        [ 7.18518755e-01,  0.00000000e+00,  3.54856226e-01, ...,
         -3.24061487e-01, -6.33183180e-01, -6.58846476e-01],
        [ 4.24952993e-01, -3.54856226e-01,  0.00000000e+00, ...,
         -6.38678623e-01, -8.66635599e-01, -8.82919657e-01],
        ...,
        [ 9.05131845e-01,  3.24061487e-01,  6.38678623e-01, ...,
          0.00000000e+00, -3.48189865e-01, -3.79508359e-01],
        [ 9.96518640e-01,  6.33183180e-01,  8.66635599e-01, ...,
          3.48189865e-01,  0.00000000e+00, -3.36190642e-02],
        [ 9.98758158e-01,  6.58846476e-01,  8.82919657e-01, ...,
          3.79508359e-01,  3.36190642e-02,  0.00000000e+00]],

       [[ 0.00000000e+00, -1.81020310e-02, -4.26770572e-02, ...,
          1.17974579e-01,  6.73501987e-02,  7.44818444e-02],
        [ 1.81020310e-02,  0.00000000e+00, -2.45845258e-02, ...,
          1.35930866e-01,  8.54000915e-02,  9.25213904e-02],
        [ 4.26770572e-02,  2.45845258e-02,  0.00000000e+00, ...,
          1.60246121e-01,  1.09868992e-01,  1.16972501e-01],
        ...,
        [-1.17974579e-01, -1.35930866e-01, -1.60246121e-01, ...,
          0.00000000e+00, -5.08268392e-02, -4.36851802e-02],
        [-6.73501987e-02, -8.54000915e-02, -1.09868992e-01, ...,
          5.08268392e-02,  0.00000000e+00,  7.14960096e-03],
        [-7.44818444e-02, -9.25213904e-02, -1.16972501e-01, ...,
          4.36851802e-02, -7.14960096e-03,  0.00000000e+00]],

       ...,

       [[ 0.00000000e+00,  7.01111205e-02,  1.31550109e-01, ...,
         -1.44296439e-01, -3.67937394e-01, -5.69149294e-03],
        [-7.01111205e-02,  0.00000000e+00,  6.17245680e-02, ...,
         -2.13318725e-01, -4.32224834e-01, -7.57874722e-02],
        [-1.31550109e-01, -6.17245680e-02,  0.00000000e+00, ...,
         -2.73215806e-01, -4.87061786e-01, -1.37190010e-01],
        ...,
        [ 1.44296439e-01,  2.13318725e-01,  2.73215806e-01, ...,
          0.00000000e+00, -2.29912622e-01,  1.38662173e-01],
        [ 3.67937394e-01,  4.32224834e-01,  4.87061786e-01, ...,
          2.29912622e-01,  0.00000000e+00,  3.62639197e-01],
        [ 5.69149294e-03,  7.57874722e-02,  1.37190010e-01, ...,
         -1.38662173e-01, -3.62639197e-01,  0.00000000e+00]],

       [[ 0.00000000e+00, -6.92732026e-04, -5.81742878e-02, ...,
         -2.41192357e-01, -2.24012834e-01, -2.24892241e-01],
        [ 6.92732026e-04,  0.00000000e+00, -5.74827150e-02, ...,
         -2.40520018e-01, -2.23337653e-01, -2.24217201e-01],
        [ 5.81742878e-02,  5.74827150e-02,  0.00000000e+00, ...,
         -1.84327056e-01, -1.66937597e-01, -1.67827299e-01],
        ...,
        [ 2.41192357e-01,  2.40520018e-01,  1.84327056e-01, ...,
          0.00000000e+00,  1.76633644e-02,  1.67610649e-02],
        [ 2.24012834e-01,  2.23337653e-01,  1.66937597e-01, ...,
         -1.76633644e-02,  0.00000000e+00, -9.02433138e-04],
        [ 2.24892241e-01,  2.24217201e-01,  1.67827299e-01, ...,
         -1.67610649e-02,  9.02433138e-04,  0.00000000e+00]],

       [[ 0.00000000e+00,  1.17557504e-02, -1.41544287e-02, ...,
          7.32155789e-01,  5.06566609e-01,  5.24538150e-01],
        [-1.17557504e-02,  0.00000000e+00, -2.59080233e-02, ...,
          7.24097918e-01,  4.96395787e-01,  5.14493212e-01],
        [ 1.41544287e-02,  2.59080233e-02,  0.00000000e+00, ...,
          7.41723551e-01,  5.18719822e-01,  5.36536499e-01],
        ...,
        [-7.32155789e-01, -7.24097918e-01, -7.41723551e-01, ...,
          0.00000000e+00, -2.86223962e-01, -2.66065427e-01],
        [-5.06566609e-01, -4.96395787e-01, -5.18719822e-01, ...,
          2.86223962e-01,  0.00000000e+00,  2.09730311e-02],
        [-5.24538150e-01, -5.14493212e-01, -5.36536499e-01, ...,
          2.66065427e-01, -2.09730311e-02,  0.00000000e+00]]]), 'num': array([ 9.56189328e-01,  2.49611897e-01,  8.21601664e-06, -2.82478824e-07,
        4.71051621e-02,  4.85840450e-02,  4.69956152e-02,  7.04950659e-02,
       -1.64320333e-03,  4.79815372e-02,  4.92988385e-02,  4.50557223e-02,
        1.97184399e-05,  5.17837606e-02,  4.68139164e-02])}
{'img': array([[[ 0.        , -0.08956176, -0.12107244, ..., -0.12107244,
          0.06809046, -0.17496099],
        [ 0.08956176,  0.        , -0.03168298, ..., -0.03168298,
          0.15717072, -0.08607757],
        [ 0.12107244,  0.03168298,  0.        , ...,  0.        ,
          0.18838102, -0.05446898],
        ...,
        [ 0.12107244,  0.03168298,  0.        , ...,  0.        ,
          0.18838102, -0.05446898],
        [-0.06809046, -0.15717072, -0.18838102, ..., -0.18838102,
          0.        , -0.24159512],
        [ 0.17496099,  0.08607757,  0.05446898, ...,  0.05446898,
          0.24159512,  0.        ]],

       [[ 0.        ,  0.35485623, -0.40976982, ..., -0.63318318,
         -0.65884648, -0.62240438],
        [-0.35485623,  0.        , -0.70679829, ..., -0.8666356 ,
         -0.88291966, -0.85964335],
        [ 0.40976982,  0.70679829,  0.        , ..., -0.26042005,
         -0.2927319 , -0.24702527],
        ...,
        [ 0.63318318,  0.8666356 ,  0.26042005, ...,  0.        ,
         -0.03361906,  0.01384762],
        [ 0.65884648,  0.88291966,  0.2927319 , ...,  0.03361906,
          0.        ,  0.04745564],
        [ 0.62240438,  0.85964335,  0.24702527, ..., -0.01384762,
         -0.04745564,  0.        ]],

       [[ 0.        , -0.02458453, -0.05756193, ...,  0.08540009,
          0.09252139,  0.04100333],
        [ 0.02458453,  0.        , -0.03300077, ...,  0.10986899,
          0.1169725 ,  0.06555478],
        [ 0.05756193,  0.03300077,  0.        , ...,  0.14261013,
          0.14968301,  0.09844886],
        ...,
        [-0.08540009, -0.10986899, -0.14261013, ...,  0.        ,
          0.0071496 , -0.04447474],
        [-0.09252139, -0.1169725 , -0.14968301, ..., -0.0071496 ,
          0.        , -0.05161613],
        [-0.04100333, -0.06555478, -0.09844886, ...,  0.04447474,
          0.05161613,  0.        ]],

       ...,

       [[ 0.        ,  0.06172457,  0.03460158, ..., -0.43222483,
         -0.07578747, -0.32776233],
        [-0.06172457,  0.        , -0.027152  , ..., -0.48706179,
         -0.13719001, -0.38545227],
        [-0.03460158,  0.027152  ,  0.        , ..., -0.46316854,
         -0.11024416, -0.36025626],
        ...,
        [ 0.43222483,  0.48706179,  0.46316854, ...,  0.        ,
          0.3626392 ,  0.11278394],
        [ 0.07578747,  0.13719001,  0.11024416, ..., -0.3626392 ,
          0.        , -0.25521869],
        [ 0.32776233,  0.38545227,  0.36025626, ..., -0.11278394,
          0.25521869,  0.        ]],

       [[ 0.        , -0.05748271, -0.20941284, ..., -0.22333765,
         -0.2242172 , -0.20032253],
        [ 0.05748271,  0.        , -0.1528584 , ..., -0.1669376 ,
         -0.1678273 , -0.14367375],
        [ 0.20941284,  0.1528584 ,  0.        , ..., -0.01426235,
         -0.01516469,  0.0092872 ],
        ...,
        [ 0.22333765,  0.1669376 ,  0.01426235, ...,  0.        ,
         -0.00090243,  0.02354799],
        [ 0.2242172 ,  0.1678273 ,  0.01516469, ...,  0.00090243,
          0.        ,  0.02445016],
        [ 0.20032253,  0.14367375, -0.0092872 , ..., -0.02354799,
         -0.02445016,  0.        ]],

       [[ 0.        , -0.02590802,  0.00722969, ...,  0.49639579,
          0.51449321,  0.39304293],
        [ 0.02590802,  0.        ,  0.03313461, ...,  0.51871982,
          0.5365365 ,  0.41673395],
        [-0.00722969, -0.03313461,  0.        , ...,  0.49010674,
          0.50828035,  0.38638481],
        ...,
        [-0.49639579, -0.51871982, -0.49010674, ...,  0.        ,
          0.02097303, -0.11524679],
        [-0.51449321, -0.5365365 , -0.50828035, ..., -0.02097303,
          0.        , -0.13605473],
        [-0.39304293, -0.41673395, -0.38638481, ...,  0.11524679,
          0.13605473,  0.        ]]]), 'num': array([ 7.19037957e-01,  6.83575544e-01,  4.12353645e-07, -1.28881132e-06,
        3.54624135e-02,  3.62458854e-02,  3.49263537e-02,  7.31997820e-02,
        0.00000000e+00,  3.58500259e-02,  3.70437897e-02,  3.39044040e-02,
        1.55442212e-05,  3.90470434e-02,  3.50405360e-02])}
{'img': array([[[ 0.        , -0.03168298, -0.40759119, ...,  0.15717072,
         -0.08607757, -0.08607757],
        [ 0.03168298,  0.        , -0.37845479, ...,  0.18838102,
         -0.05446898, -0.05446898],
        [ 0.40759119,  0.37845479,  0.        , ...,  0.54604814,
          0.3274754 ,  0.3274754 ],
        ...,
        [-0.15717072, -0.18838102, -0.54604814, ...,  0.        ,
         -0.24159512, -0.24159512],
        [ 0.08607757,  0.05446898, -0.3274754 , ...,  0.24159512,
          0.        ,  0.        ],
        [ 0.08607757,  0.05446898, -0.3274754 , ...,  0.24159512,
          0.        ,  0.        ]],

       [[ 0.        , -0.70679829,  0.31258787, ..., -0.88291966,
         -0.85964335, -0.68202729],
        [ 0.70679829,  0.        ,  0.89250921, ..., -0.2927319 ,
         -0.24702527,  0.03442405],
        [-0.31258787, -0.89250921,  0.        , ..., -0.98544307,
         -0.97626509, -0.87645398],
        ...,
        [ 0.88291966,  0.2927319 ,  0.98544307, ...,  0.        ,
          0.04745564,  0.32547448],
        [ 0.85964335,  0.24702527,  0.97626509, ..., -0.04745564,
          0.        ,  0.28023607],
        [ 0.68202729, -0.03442405,  0.87645398, ..., -0.32547448,
         -0.28023607,  0.        ]],

       [[ 0.        , -0.03300077, -0.08249197, ...,  0.1169725 ,
          0.06555478, -0.00885822],
        [ 0.03300077,  0.        , -0.04955874, ...,  0.14968301,
          0.09844886,  0.02414608],
        [ 0.08249197,  0.04955874,  0.        , ...,  0.1984995 ,
          0.14764588,  0.07366071],
        ...,
        [-0.1169725 , -0.14968301, -0.1984995 , ...,  0.        ,
         -0.05161613, -0.12576532],
        [-0.06555478, -0.09844886, -0.14764588, ...,  0.05161613,
          0.        , -0.07439137],
        [ 0.00885822, -0.02414608, -0.07366071, ...,  0.12576532,
          0.07439137,  0.        ]],

       ...,

       [[ 0.        , -0.027152  , -0.59310625, ..., -0.13719001,
         -0.38545227, -0.34302315],
        [ 0.027152  ,  0.        , -0.57102685, ..., -0.11024416,
         -0.36025626, -0.31739208],
        [ 0.59310625,  0.57102685,  0.        , ...,  0.47704329,
          0.23693866,  0.28094445],
        ...,
        [ 0.13719001,  0.11024416, -0.47704329, ...,  0.        ,
         -0.25521869, -0.21091351],
        [ 0.38545227,  0.36025626, -0.23693866, ...,  0.25521869,
          0.        ,  0.04554872],
        [ 0.34302315,  0.31739208, -0.28094445, ...,  0.21091351,
         -0.04554872,  0.        ]],

       [[ 0.        , -0.1528584 , -0.19576789, ..., -0.1678273 ,
         -0.14367375, -0.12478965],
        [ 0.1528584 ,  0.        , -0.04356661, ..., -0.01516469,
          0.0092872 ,  0.02834041],
        [ 0.19576789,  0.04356661,  0.        , ...,  0.02841131,
          0.05284311,  0.07186261],
        ...,
        [ 0.1678273 ,  0.01516469, -0.02841131, ...,  0.        ,
          0.02445016,  0.04349574],
        [ 0.14367375, -0.0092872 , -0.05284311, ..., -0.02445016,
          0.        ,  0.01905572],
        [ 0.12478965, -0.02834041, -0.07186261, ..., -0.04349574,
         -0.01905572,  0.        ]],

       [[ 0.        ,  0.03313461, -0.08972489, ...,  0.5365365 ,
          0.41673395,  0.3129534 ],
        [-0.03313461,  0.        , -0.12267659, ...,  0.50828035,
          0.38638481,  0.28131135],
        [ 0.08972489,  0.12267659,  0.        , ...,  0.61008921,
          0.49661557,  0.396909  ],
        ...,
        [-0.5365365 , -0.50828035, -0.61008921, ...,  0.        ,
         -0.13605473, -0.24549124],
        [-0.41673395, -0.38638481, -0.49661557, ...,  0.13605473,
          0.        , -0.11131721],
        [-0.3129534 , -0.28131135, -0.396909  , ...,  0.24549124,
          0.11131721,  0.        ]]]), 'num': array([ 9.87300423e-01,  1.34047502e-02,  1.14039306e-05, -1.78949845e-06,
        4.86947837e-02,  4.94360392e-02,  4.77254496e-02,  7.43633209e-02,
       -3.42117918e-04,  4.93904234e-02,  5.09442090e-02,  4.68663535e-02,
        1.53386201e-05,  5.35458240e-02,  4.83425940e-02])}
{'img': array([[[ 0.        , -0.37845479, -0.35136588, ..., -0.05446898,
         -0.05446898, -0.10021588],
        [ 0.37845479,  0.        ,  0.02909264, ...,  0.3274754 ,
          0.3274754 ,  0.28378774],
        [ 0.35136588, -0.02909264,  0.        , ...,  0.29984832,
          0.29984832,  0.25577106],
        ...,
        [ 0.05446898, -0.3274754 , -0.29984832, ...,  0.        ,
          0.        , -0.04587235],
        [ 0.05446898, -0.3274754 , -0.29984832, ...,  0.        ,
          0.        , -0.04587235],
        [ 0.10021588, -0.28378774, -0.25577106, ...,  0.04587235,
          0.04587235,  0.        ]],

       [[ 0.        ,  0.89250921,  0.21850171, ..., -0.24702527,
          0.03442405, -0.23590585],
        [-0.89250921,  0.        , -0.77239247, ..., -0.97626509,
         -0.87645398, -0.97371937],
        [-0.21850171,  0.77239247,  0.        , ..., -0.45278642,
         -0.18477997, -0.44254026],
        ...,
        [ 0.24702527,  0.97626509,  0.45278642, ...,  0.        ,
          0.28023607,  0.0114583 ],
        [-0.03442405,  0.87645398,  0.18477997, ..., -0.28023607,
          0.        , -0.26921849],
        [ 0.23590585,  0.97371937,  0.44254026, ..., -0.0114583 ,
          0.26921849,  0.        ]],

       [[ 0.        , -0.04955874, -0.17142402, ...,  0.09844886,
          0.02414608, -0.01087867],
        [ 0.04955874,  0.        , -0.12238823, ...,  0.14764588,
          0.07366071,  0.03869051],
        [ 0.17142402,  0.12238823,  0.        , ...,  0.26758281,
          0.19516269,  0.16069624],
        ...,
        [-0.09844886, -0.14764588, -0.26758281, ...,  0.        ,
         -0.07439137, -0.10926886],
        [-0.02414608, -0.07366071, -0.19516269, ...,  0.07439137,
          0.        , -0.03502015],
        [ 0.01087867, -0.03869051, -0.16069624, ...,  0.10926886,
          0.03502015,  0.        ]],

       ...,

       [[ 0.        , -0.57102685, -0.5254304 , ..., -0.36025626,
         -0.31739208, -0.5887962 ],
        [ 0.57102685,  0.        ,  0.05450823, ...,  0.23693866,
          0.28094445, -0.02181083],
        [ 0.5254304 , -0.05450823,  0.        , ...,  0.18363032,
          0.22821392, -0.07627366],
        ...,
        [ 0.36025626, -0.23693866, -0.18363032, ...,  0.        ,
          0.04554872, -0.25807205],
        [ 0.31739208, -0.28094445, -0.22821392, ..., -0.04554872,
          0.        , -0.30180999],
        [ 0.5887962 ,  0.02181083,  0.07627366, ...,  0.25807205,
          0.30180999,  0.        ]],

       [[ 0.        , -0.04356661, -0.11370831, ...,  0.0092872 ,
          0.02834041, -0.06814821],
        [ 0.04356661,  0.        , -0.0703163 , ...,  0.05284311,
          0.07186261, -0.02461818],
        [ 0.11370831,  0.0703163 ,  0.        , ...,  0.12293037,
          0.14181923,  0.04573774],
        ...,
        [-0.0092872 , -0.05284311, -0.12293037, ...,  0.        ,
          0.01905572, -0.07741088],
        [-0.02834041, -0.07186261, -0.14181923, ..., -0.01905572,
          0.        , -0.09639536],
        [ 0.06814821,  0.02461818, -0.04573774, ...,  0.07741088,
          0.09639536,  0.        ]],

       [[ 0.        , -0.12267659, -0.19657738, ...,  0.38638481,
          0.28131135,  0.24420252],
        [ 0.12267659,  0.        , -0.07480961, ...,  0.49661557,
          0.396909  ,  0.36132045],
        [ 0.19657738,  0.07480961,  0.        , ...,  0.56015652,
          0.4644614 ,  0.43006358],
        ...,
        [-0.38638481, -0.49661557, -0.56015652, ...,  0.        ,
         -0.11131721, -0.14944954],
        [-0.28131135, -0.396909  , -0.4644614 , ...,  0.11131721,
          0.        , -0.03845365],
        [-0.24420252, -0.36132045, -0.43006358, ...,  0.14944954,
          0.03845365,  0.        ]]]), 'num': array([ 7.02399626e-01,  7.02399626e-01,  0.00000000e+00, -1.60934795e-06,
        3.34397652e-02,  3.44149223e-02,  3.32366074e-02,  6.00733395e-02,
       -1.25957803e-03,  3.48374905e-02,  3.61255106e-02,  3.33666284e-02,
        1.08037646e-05,  3.83301082e-02,  3.39209129e-02])}
{'img': array([[[ 0.        ,  0.02909264, -0.21082875, ...,  0.3274754 ,
          0.28378774,  0.05818836],
        [-0.02909264,  0.        , -0.23917824, ...,  0.29984832,
          0.25577106,  0.02912039],
        [ 0.21082875,  0.23917824,  0.        , ...,  0.51931833,
          0.47957002,  0.26735199],
        ...,
        [-0.3274754 , -0.29984832, -0.51931833, ...,  0.        ,
         -0.04587235, -0.27194069],
        [-0.28378774, -0.25577106, -0.47957002, ...,  0.04587235,
          0.        , -0.22751082],
        [-0.05818836, -0.02912039, -0.26735199, ...,  0.27194069,
          0.22751082,  0.        ]],

       [[ 0.        , -0.77239247, -0.42357999, ..., -0.87645398,
         -0.97371937, -0.94317454],
        [ 0.77239247,  0.        ,  0.4306435 , ..., -0.18477997,
         -0.44254026, -0.34238885],
        [ 0.42357999, -0.4306435 ,  0.        , ..., -0.58999579,
         -0.78558134, -0.7136282 ],
        ...,
        [ 0.87645398,  0.18477997,  0.58999579, ...,  0.        ,
         -0.26921849, -0.16288132],
        [ 0.97371937,  0.44254026,  0.78558134, ...,  0.26921849,
          0.        ,  0.10875566],
        [ 0.94317454,  0.34238885,  0.7136282 , ...,  0.16288132,
         -0.10875566,  0.        ]],

       [[ 0.        , -0.12238823, -0.3086153 , ...,  0.07366071,
          0.03869051, -0.05473958],
        [ 0.12238823,  0.        , -0.18988114, ...,  0.19516269,
          0.16069624,  0.06787667],
        [ 0.3086153 ,  0.18988114,  0.        , ...,  0.37784201,
          0.34518613,  0.25608501],
        ...,
        [-0.07366071, -0.19516269, -0.37784201, ...,  0.        ,
         -0.03502015, -0.12814113],
        [-0.03869051, -0.16069624, -0.34518613, ...,  0.03502015,
          0.        , -0.09333109],
        [ 0.05473958, -0.06787667, -0.25608501, ...,  0.12814113,
          0.09333109,  0.        ]],

       ...,

       [[ 0.        ,  0.05450823,  0.01350743, ...,  0.28094445,
         -0.02181083, -0.03144485],
        [-0.05450823,  0.        , -0.04101591, ...,  0.22821392,
         -0.07627366, -0.08587937],
        [-0.01350743,  0.04101591,  0.        , ...,  0.26795541,
         -0.03531305, -0.04494273],
        ...,
        [-0.28094445, -0.22821392, -0.26795541, ...,  0.        ,
         -0.30180999, -0.3109839 ],
        [ 0.02181083,  0.07627366,  0.03531305, ...,  0.30180999,
          0.        , -0.00963733],
        [ 0.03144485,  0.08587937,  0.04494273, ...,  0.3109839 ,
          0.00963733,  0.        ]],

       [[ 0.        , -0.0703163 , -0.0138251 , ...,  0.07186261,
         -0.02461818,  0.02730845],
        [ 0.0703163 ,  0.        ,  0.05651871, ...,  0.14181923,
          0.04573774,  0.09753093],
        [ 0.0138251 , -0.05651871,  0.        , ...,  0.08564509,
         -0.01079492,  0.04112578],
        ...,
        [-0.07186261, -0.14181923, -0.08564509, ...,  0.        ,
         -0.09639536, -0.04459796],
        [ 0.02461818, -0.04573774,  0.01079492, ...,  0.09639536,
          0.        ,  0.05190917],
        [-0.02730845, -0.09753093, -0.04112578, ...,  0.04459796,
         -0.05190917,  0.        ]],

       [[ 0.        , -0.07480961, -0.25843726, ...,  0.396909  ,
          0.36132045,  0.15541225],
        [ 0.07480961,  0.        , -0.18544489, ...,  0.4644614 ,
          0.43006358,  0.22887742],
        [ 0.25843726,  0.18544489,  0.        , ...,  0.62063393,
          0.59002337,  0.40542977],
        ...,
        [-0.396909  , -0.4644614 , -0.62063393, ...,  0.        ,
         -0.03845365, -0.24944007],
        [-0.36132045, -0.43006358, -0.59002337, ...,  0.03845365,
          0.        , -0.21201743],
        [-0.15541225, -0.22887742, -0.40542977, ...,  0.24944007,
          0.21201743,  0.        ]]]), 'num': array([ 9.88915119e-01,  9.00108194e-05,  1.18139200e-05, -2.23589376e-06,
        4.70869099e-02,  4.77057343e-02,  4.54554638e-02,  6.03308769e-02,
        7.87594670e-04,  4.76382262e-02,  4.97422291e-02,  4.62186806e-02,
        1.54304262e-05,  5.28078045e-02,  4.66766536e-02])}
{'img': array([[[ 0.        , -0.23917824, -0.27524694, ...,  0.25577106,
          0.02912039,  0.13126257],
        [ 0.23917824,  0.        , -0.03731846, ...,  0.47957002,
          0.26735199,  0.36456155],
        [ 0.27524694,  0.03731846,  0.        , ...,  0.51198304,
          0.30312578,  0.39905777],
        ...,
        [-0.25577106, -0.47957002, -0.51198304, ...,  0.        ,
         -0.22751082, -0.1266616 ],
        [-0.02912039, -0.26735199, -0.30312578, ...,  0.22751082,
          0.        ,  0.10233848],
        [-0.13126257, -0.36456155, -0.39905777, ...,  0.1266616 ,
         -0.10233848,  0.        ]],

       [[ 0.        ,  0.4306435 , -0.35604973, ..., -0.44254026,
         -0.34238885, -0.58961831],
        [-0.4306435 ,  0.        , -0.7237649 , ..., -0.78558134,
         -0.7136282 , -0.87996658],
        [ 0.35604973,  0.7237649 ,  0.        , ..., -0.09425216,
          0.01457841, -0.2634039 ],
        ...,
        [ 0.44254026,  0.78558134,  0.09425216, ...,  0.        ,
          0.10875566, -0.17130761],
        [ 0.34238885,  0.7136282 , -0.01457841, ..., -0.10875566,
          0.        , -0.27743949],
