state_0,state_1,state_2,state_3,state_4,state_5,state_6,state_7,state_8,state_9,state_10,state_11,state_12,state_13,state_14,state_15,state_16,state_17,state_18,state_19,state_20,state_21,state_22,state_23,state_24,state_25,state_26,state_27,state_28,state_29,state_30,state_31,state_32,state_33,state_34,state_35,state_36,state_37,state_38,state_39,state_40,state_41,state_42,state_43,state_44,state_45,state_46,state_47,state_48,state_49,state_50,state_51,state_52,state_53,state_54,state_55,state_56,state_57,state_58,state_59,state_60,state_61,state_62,state_63,state_64,state_65,state_66,state_67,state_68,state_69,state_70,state_71,state_72,state_73,state_74,state_75,state_76,state_77,state_78,state_79,state_80,state_81,state_82,state_83,state_84,state_85,state_86,state_87,state_88,state_89,state_90,state_91,state_92,state_93,state_94,state_95,state_96,state_97,state_98,state_99,state_100,state_101,state_102,state_103,state_104,state_105,state_106,state_107,state_108,state_109,state_110,state_111,state_112,state_113,state_114,state_115,state_116,state_117,state_118,state_119,state_120,state_121,state_122,state_123,state_124,state_125,state_126,state_127,state_128,state_129,state_130,state_131,state_132,state_133,state_134,state_135,state_136,state_137,state_138,state_139,state_140,state_141,state_142,state_143,state_144,state_145,state_146,state_147,state_148,state_149,state_150,state_151,state_152,state_153,state_154,state_155,state_156,state_157,state_158,state_159,state_160,state_161,state_162,state_163,state_164,state_165,state_166,state_167,state_168,state_169,state_170,state_171,state_172,state_173,state_174,state_175,state_176,state_177,state_178,state_179,state_180,state_181,state_182,state_183,state_184,state_185,state_186,state_187,state_188,state_189,state_190,state_191,state_192,state_193,state_194,state_195,state_196,state_197,state_198,state_199,state_200,state_201,state_202,state_203,state_204,state_205,state_206,state_207,state_208,state_209,state_210,state_211,state_212,state_213,state_214,state_215,state_216,state_217,state_218,state_219,state_220,state_221,state_222,state_223,state_224,state_225,state_226,state_227,state_228,state_229,state_230,state_231,state_232,state_233,state_234,state_235,state_236,state_237,state_238,state_239,state_240,state_241,state_242,state_243,state_244,state_245,state_246,state_247,state_248,state_249,state_250,state_251,state_252,state_253,state_254,state_255,state_256,state_257,state_258,state_259,state_260,state_261,state_262,state_263,state_264,state_265,state_266,state_267,state_268,state_269,state_270,state_271,state_272,state_273,state_274,state_275,state_276,state_277,state_278,state_279,state_280,state_281,state_282,state_283,state_284,state_285,state_286,state_287
{'img': array([[[ 0.        ,  0.3765363 ,  0.54924702, ...,  0.99950879,
          0.94279281,  0.77468042],
        [-0.3765363 ,  0.        ,  0.19416712, ...,  0.93774735,
          0.9989344 ,  0.95576922],
        [-0.54924702, -0.19416712,  0.        , ...,  0.8524628 ,
          0.97096183,  0.99468745],
        ...,
        [-0.99950879, -0.93774735, -0.8524628 , ...,  0.        ,
          0.30366862,  0.60776407],
        [-0.94279281, -0.9989344 , -0.97096183, ..., -0.30366862,
          0.        ,  0.33791545],
        [-0.77468042, -0.95576922, -0.99468745, ..., -0.60776407,
         -0.33791545,  0.        ]],

       [[ 0.        ,  0.48651255,  0.46427155, ...,  0.35609907,
          0.61761893,  0.4261485 ],
        [-0.48651255,  0.        , -0.02527892, ..., -0.14350643,
          0.15696617, -0.06781046],
        [-0.46427155,  0.02527892,  0.        , ..., -0.1184433 ,
          0.18188158, -0.04256805],
        ...,
        [-0.35609907,  0.14350643,  0.1184433 , ...,  0.        ,
          0.297069  ,  0.07606754],
        [-0.61761893, -0.15696617, -0.18188158, ..., -0.297069  ,
          0.        , -0.22357475],
        [-0.4261485 ,  0.06781046,  0.04256805, ..., -0.07606754,
          0.22357475,  0.        ]],

       [[ 0.        ,  0.0858222 ,  0.23188794, ...,  0.98385987,
          0.95852462,  0.78210992],
        [-0.0858222 ,  0.        ,  0.14754949, ...,  0.99558697,
          0.97944827,  0.83270358],
        [-0.23188794, -0.14754949,  0.        , ...,  0.9985365 ,
          0.99848796,  0.90529033],
        ...,
        [-0.98385987, -0.99558697, -0.9985365 , ...,  0.        ,
          0.10889062,  0.47313165],
        [-0.95852462, -0.97944827, -0.99848796, ..., -0.10889062,
          0.        ,  0.37438655],
        [-0.78210992, -0.83270358, -0.90529033, ..., -0.47313165,
         -0.37438655,  0.        ]],

       ...,

       [[ 0.        ,  0.23325824,  0.36077009, ...,  0.49756924,
          0.26942322,  0.21227651],
        [-0.23325824,  0.        ,  0.13326877, ...,  0.28150985,
          0.03735835, -0.02152138],
        [-0.36077009, -0.13326877,  0.        , ...,  0.1511196 ,
         -0.09615063, -0.15456731],
        ...,
        [-0.49756924, -0.28150985, -0.1511196 , ...,  0.        ,
         -0.24546582, -0.30209567],
        [-0.26942322, -0.03735835,  0.09615063, ...,  0.24546582,
          0.        , -0.05885605],
        [-0.21227651,  0.02152138,  0.15456731, ...,  0.30209567,
          0.05885605,  0.        ]],

       [[ 0.        , -0.17549049, -0.25121807, ...,  0.97947611,
          0.98202163,  0.86980982],
        [ 0.17549049,  0.        , -0.07745685, ...,  0.92890383,
          0.9336547 ,  0.7697266 ],
        [ 0.25121807,  0.07745685,  0.        , ...,  0.89742924,
          0.90310666,  0.71796771],
        ...,
        [-0.97947611, -0.92890383, -0.89742924, ...,  0.        ,
         -0.01304239,  0.30794181],
        [-0.98202163, -0.9336547 , -0.90310666, ...,  0.01304239,
          0.        ,  0.32032421],
        [-0.86980982, -0.7697266 , -0.71796771, ..., -0.30794181,
         -0.32032421,  0.        ]],

       [[ 0.        ,  0.12130085,  0.17307243, ...,  0.88622491,
          0.99871916,  0.85958306],
        [-0.12130085,  0.        ,  0.05232412, ...,  0.82348758,
          0.98520696,  0.91521997],
        [-0.17307243, -0.05232412,  0.        , ...,  0.79267426,
          0.97489066,  0.9350505 ],
        ...,
        [-0.88622491, -0.82348758, -0.79267426, ...,  0.        ,
          0.41782166,  0.85106378],
        [-0.99871916, -0.98520696, -0.97489066, ..., -0.41782166,
          0.        ,  0.55383378],
        [-0.85958306, -0.91521997, -0.9350505 , ..., -0.85106378,
         -0.55383378,  0.        ]]]), 'num': array([ 7.07101402e-01,  7.07101402e-01,  0.00000000e+00,  0.00000000e+00,
        2.77897912e-04,  2.87480599e-04,  2.77393560e-04,  3.82397614e-03,
       -6.05222313e-06,  2.79713579e-04,  2.67533480e-04,  2.44888078e-04,
        6.28500094e-07,  2.92577943e-04,  2.42489017e-04])}
{'img': array([[[ 0.        ,  0.19416712,  0.37730307, ...,  0.9989344 ,
          0.95576922,  0.95394924],
        [-0.19416712,  0.        ,  0.19030621, ...,  0.97096183,
          0.99468745,  0.87755018],
        [-0.37730307, -0.19030621,  0.        , ...,  0.90768949,
          0.99609966,  0.77026382],
        ...,
        [-0.9989344 , -0.97096183, -0.90768949, ...,  0.        ,
          0.33791545, -0.25562123],
        [-0.95576922, -0.99468745, -0.99609966, ..., -0.33791545,
          0.        , -0.56727357],
        [-0.95394924, -0.87755018, -0.77026382, ...,  0.25562123,
          0.56727357,  0.        ]],

       [[ 0.        , -0.02527892, -0.00147167, ...,  0.15696617,
         -0.06781046, -0.21200793],
        [ 0.02527892,  0.        ,  0.0238077 , ...,  0.18188158,
         -0.04256805, -0.1872359 ],
        [ 0.00147167, -0.0238077 ,  0.        , ...,  0.15841943,
         -0.0663421 , -0.21056949],
        ...,
        [-0.15696617, -0.18188158, -0.15841943, ...,  0.        ,
         -0.22357475, -0.36277789],
        [ 0.06781046,  0.04256805,  0.0663421 , ...,  0.22357475,
          0.        , -0.14525095],
        [ 0.21200793,  0.1872359 ,  0.21056949, ...,  0.36277789,
          0.14525095,  0.        ]],

       [[ 0.        ,  0.14754949,  0.26251425, ...,  0.97944827,
          0.83270358,  0.87493738],
        [-0.14754949,  0.        ,  0.1172663 , ...,  0.99848796,
          0.90529033,  0.93680969],
        [-0.26251425, -0.1172663 ,  0.        , ...,  0.99804512,
          0.94885823,  0.97137055],
        ...,
        [-0.97944827, -0.99848796, -0.99804512, ...,  0.        ,
          0.37438655,  0.29781325],
        [-0.83270358, -0.90529033, -0.94885823, ..., -0.37438655,
          0.        , -0.08124434],
        [-0.87493738, -0.93680969, -0.97137055, ..., -0.29781325,
          0.08124434,  0.        ]],

       ...,

       [[ 0.        ,  0.13326877,  0.12362616, ...,  0.03735835,
         -0.02152138,  0.01135124],
        [-0.13326877,  0.        , -0.00972304, ..., -0.09615063,
         -0.15456731, -0.1220102 ],
        [-0.12362616,  0.00972304,  0.        , ..., -0.08646809,
         -0.14495381, -0.11235403],
        ...,
        [-0.03735835,  0.09615063,  0.08646809, ...,  0.        ,
         -0.05885605, -0.02601262],
        [ 0.02152138,  0.15456731,  0.14495381, ...,  0.05885605,
          0.        ,  0.0328686 ],
        [-0.01135124,  0.1220102 ,  0.11235403, ...,  0.02601262,
         -0.0328686 ,  0.        ]],

       [[ 0.        , -0.07717565, -0.19777042, ...,  0.94469857,
          0.85803485,  0.76790338],
        [ 0.07717565,  0.        , -0.12152927, ...,  0.91657204,
          0.81583901,  0.71617704],
        [ 0.19777042,  0.12152927,  0.        , ...,  0.86118241,
          0.73951405,  0.62605108],
        ...,
        [-0.94469857, -0.91657204, -0.86118241, ...,  0.        ,
          0.20380523,  0.3533153 ],
        [-0.85803485, -0.81583901, -0.73951405, ..., -0.20380523,
          0.        ,  0.15523906],
        [-0.76790338, -0.71617704, -0.62605108, ..., -0.3533153 ,
         -0.15523906,  0.        ]],

       [[ 0.        ,  0.04943679,  0.13203731, ...,  0.94245707,
          0.99543905,  0.8936897 ],
        [-0.04943679,  0.        ,  0.08287191, ...,  0.92477662,
          0.98950562,  0.91477852],
        [-0.13203731, -0.08287191,  0.        , ...,  0.89006196,
          0.97412741,  0.94510846],
        ...,
        [-0.94245707, -0.92477662, -0.89006196, ...,  0.        ,
          0.24289222,  0.72165162],
        [-0.99543905, -0.98950562, -0.97412741, ..., -0.24289222,
          0.        ,  0.53189683],
        [-0.8936897 , -0.91477852, -0.94510846, ..., -0.72165162,
         -0.53189683,  0.        ]]]), 'num': array([7.07104011e-01, 7.07104011e-01, 0.00000000e+00, 0.00000000e+00,
       2.78907645e-04, 2.81429414e-04, 2.74872815e-04, 2.69169582e-03,
       1.00870758e-06, 2.79916352e-04, 2.69173617e-04, 2.45544642e-04,
       7.40909105e-07, 2.92640110e-04, 2.45707124e-04])}
{'img': array([[[ 0.        ,  0.19030621,  0.        , ...,  0.99468745,
          0.87755018,  0.9021459 ],
        [-0.19030621,  0.        , -0.19030621, ...,  0.99609966,
          0.77026382,  0.80355497],
        [ 0.        ,  0.19030621,  0.        , ...,  0.99468745,
          0.87755018,  0.9021459 ],
        ...,
        [-0.99468745, -0.99609966, -0.99468745, ...,  0.        ,
         -0.56727357, -0.52200704],
        [-0.87755018, -0.77026382, -0.87755018, ...,  0.56727357,
          0.        ,  0.05396284],
        [-0.9021459 , -0.80355497, -0.9021459 , ...,  0.52200704,
         -0.05396284,  0.        ]],

       [[ 0.        ,  0.0238077 ,  0.1291832 , ..., -0.04256805,
         -0.1872359 , -0.3533162 ],
        [-0.0238077 ,  0.        ,  0.10553838, ..., -0.0663421 ,
         -0.21056949, -0.37548825],
        [-0.1291832 , -0.10553838,  0.        , ..., -0.17127747,
         -0.3125656 , -0.47120707],
        ...,
        [ 0.04256805,  0.0663421 ,  0.17127747, ...,  0.        ,
         -0.14525095, -0.31317336],
        [ 0.1872359 ,  0.21056949,  0.3125656 , ...,  0.14525095,
          0.        , -0.17190787],
        [ 0.3533162 ,  0.37548825,  0.47120707, ...,  0.31317336,
          0.17190787,  0.        ]],

       [[ 0.        ,  0.11712572,  0.21181534, ...,  0.93641871,
          0.94770752,  0.90484433],
        [-0.11712572,  0.        ,  0.09588933, ...,  0.97107104,
          0.97856406,  0.94848178],
        [-0.21181534, -0.09588933,  0.        , ...,  0.98949384,
          0.99380254,  0.97449195],
        ...,
        [-0.93641871, -0.97107104, -0.98949384, ...,  0.        ,
         -0.03368711,  0.08117739],
        [-0.94770752, -0.97856406, -0.99380254, ...,  0.03368711,
          0.        ,  0.11470724],
        [-0.90484433, -0.94848178, -0.97449195, ..., -0.08117739,
         -0.11470724,  0.        ]],

       ...,

       [[ 0.        , -0.00972304, -0.20042222, ..., -0.15456731,
         -0.1220102 ,  0.33335374],
        [ 0.00972304,  0.        , -0.19088699, ..., -0.14495381,
         -0.11235403,  0.34250488],
        [ 0.20042222,  0.19088699,  0.        , ...,  0.04658252,
          0.07939027,  0.5155483 ],
        ...,
        [ 0.15456731,  0.14495381, -0.04658252, ...,  0.        ,
          0.0328686 ,  0.47507393],
        [ 0.1220102 ,  0.11235403, -0.07939027, ..., -0.0328686 ,
          0.        ,  0.44589464],
        [-0.33335374, -0.34250488, -0.5155483 , ..., -0.47507393,
         -0.44589464,  0.        ]],

       [[ 0.        , -0.1214466 , -0.02985482, ...,  0.82388303,
          0.76225089,  0.71582686],
        [ 0.1214466 ,  0.        ,  0.09175863, ...,  0.74895356,
          0.67799853,  0.62572482],
        [ 0.02985482, -0.09175863,  0.        , ...,  0.80659526,
          0.74258664,  0.69466082],
        ...,
        [-0.82388303, -0.74895356, -0.80659526, ...,  0.        ,
          0.10127117,  0.16959729],
        [-0.76225089, -0.67799853, -0.74258664, ..., -0.10127117,
          0.        ,  0.06892127],
        [-0.71582686, -0.62572482, -0.69466082, ..., -0.16959729,
         -0.06892127,  0.        ]],

       [[ 0.        ,  0.0782583 ,  0.04452369, ...,  0.94869544,
          0.99551247,  0.89319954],
        [-0.0782583 ,  0.        , -0.03379356, ...,  0.92104131,
          0.98505373,  0.92564987],
        [-0.04452369,  0.03379356,  0.        , ...,  0.93367664,
          0.99031196,  0.91233432],
        ...,
        [-0.94869544, -0.92104131, -0.93367664, ...,  0.        ,
          0.22499696,  0.70901284],
        [-0.99551247, -0.98505373, -0.99031196, ..., -0.22499696,
          0.        ,  0.53216651],
        [-0.89319954, -0.92564987, -0.91233432, ..., -0.70901284,
         -0.53216651,  0.        ]]]), 'num': array([ 9.81966690e-01,  1.88922195e-01,  2.83736860e-05, -1.58892626e-10,
        3.88176467e-04,  3.91648529e-04,  3.79843520e-04,  6.97782962e-03,
        4.16647371e-06,  3.86787643e-04,  3.73350765e-04,  3.38896342e-04,
        1.00657928e-06,  4.01589619e-04,  3.45111911e-04])}
{'img': array([[[ 0.        , -0.19030621, -0.29142435, ...,  0.77026382,
          0.80355497,  0.90768949],
        [ 0.19030621,  0.        , -0.10405275, ...,  0.87755018,
          0.9021459 ,  0.97096183],
        [ 0.29142435,  0.10405275,  0.        , ...,  0.92267835,
          0.94214044,  0.99058424],
        ...,
        [-0.77026382, -0.87755018, -0.92267835, ...,  0.        ,
          0.05396284,  0.25562123],
        [-0.80355497, -0.9021459 , -0.94214044, ..., -0.05396284,
          0.        ,  0.20307874],
        [-0.90768949, -0.97096183, -0.99058424, ..., -0.25562123,
         -0.20307874,  0.        ]],

       [[ 0.        ,  0.10553838, -0.28412664, ..., -0.21056949,
         -0.37548825, -0.05369785],
        [-0.10553838,  0.        , -0.38372865, ..., -0.3125656 ,
         -0.47120707, -0.15878407],
        [ 0.28412664,  0.38372865,  0.        , ...,  0.07586496,
         -0.09667688,  0.23223192],
        ...,
        [ 0.21056949,  0.3125656 , -0.07586496, ...,  0.        ,
         -0.17190787,  0.1577718 ],
        [ 0.37548825,  0.47120707,  0.09667688, ...,  0.17190787,
          0.        ,  0.32517788],
        [ 0.05369785,  0.15878407, -0.23223192, ..., -0.1577718 ,
         -0.32517788,  0.        ]],

       [[ 0.        ,  0.09467112,  0.18960086, ...,  0.99854   ,
          0.99691378,  0.94470477],
        [-0.09467112,  0.        ,  0.09579538, ...,  0.99916904,
          0.99986833,  0.97150648],
        [-0.18960086, -0.09579538,  0.        , ...,  0.99066945,
          0.99371548,  0.98974332],
        ...,
        [-0.99854   , -0.99916904, -0.99066945, ...,  0.        ,
          0.02453901,  0.27641294],
        [-0.99691378, -0.99986833, -0.99371548, ..., -0.02453901,
          0.        ,  0.25274676],
        [-0.94470477, -0.97150648, -0.98974332, ..., -0.27641294,
         -0.25274676,  0.        ]],

       ...,

       [[ 0.        , -0.19088699, -0.13334255, ..., -0.11235403,
          0.34250488,  0.29521207],
        [ 0.19088699,  0.        ,  0.05829172, ...,  0.07939027,
          0.5155483 ,  0.47216321],
        [ 0.13334255, -0.05829172,  0.        , ...,  0.02114755,
          0.46472379,  0.41997553],
        ...,
        [ 0.11235403, -0.07939027, -0.02114755, ...,  0.        ,
          0.44589464,  0.40068946],
        [-0.34250488, -0.5155483 , -0.46472379, ..., -0.44589464,
          0.        , -0.04988357],
        [-0.29521207, -0.47216321, -0.41997553, ..., -0.40068946,
          0.04988357,  0.        ]],

       [[ 0.        ,  0.09175863,  0.13117017, ...,  0.67799853,
          0.62572482,  0.81395267],
        [-0.09175863,  0.        ,  0.03965098, ...,  0.74258664,
          0.69466082,  0.86382428],
        [-0.13117017, -0.03965098,  0.        , ...,  0.76855891,
          0.72263697,  0.88312086],
        ...,
        [-0.67799853, -0.74258664, -0.76855891, ...,  0.        ,
          0.06892127, -0.20443621],
        [-0.62572482, -0.69466082, -0.72263697, ..., -0.06892127,
          0.        , -0.27141573],
        [-0.81395267, -0.86382428, -0.88312086, ...,  0.20443621,
          0.27141573,  0.        ]],

       [[ 0.        , -0.03125321, -0.04180726, ...,  0.92074557,
          0.97974451,  0.89604401],
        [ 0.03125321,  0.        , -0.01056095, ...,  0.93248965,
          0.98552441,  0.88173095],
        [ 0.04180726,  0.01056095,  0.        , ...,  0.93625223,
          0.98725989,  0.87669962],
        ...,
        [-0.92074557, -0.93248965, -0.93625223, ...,  0.        ,
          0.19787986,  0.75838274],
        [-0.97974451, -0.98552441, -0.98725989, ..., -0.19787986,
          0.        ,  0.61440672],
        [-0.89604401, -0.88173095, -0.87669962, ..., -0.75838274,
         -0.61440672,  0.        ]]]), 'num': array([8.99033244e-01, 4.37751336e-01, 1.61853301e-05, 1.02434290e-08,
       3.58974248e-04, 3.66531601e-04, 3.55195572e-04, 1.05846265e-02,
       6.92757321e-06, 3.52172631e-04, 3.41308936e-04, 3.08077578e-04,
       8.34988395e-07, 3.63246513e-04, 3.19371360e-04])}
{'img': array([[[ 0.        , -0.09971509,  0.        , ...,  0.84903144,
          0.91524383,  0.98915831],
        [ 0.09971509,  0.        ,  0.09971509, ...,  0.89748359,
          0.95085753,  0.9695849 ],
        [ 0.        , -0.09971509,  0.        , ...,  0.84903144,
          0.91524383,  0.98915831],
        ...,
        [-0.84903144, -0.89748359, -0.84903144, ...,  0.        ,
          0.14148696,  0.64729714],
        [-0.91524383, -0.95085753, -0.91524383, ..., -0.14148696,
          0.        ,  0.53293871],
        [-0.98915831, -0.9695849 , -0.98915831, ..., -0.64729714,
         -0.53293871,  0.        ]],

       [[ 0.        , -0.38372865, -0.42439315, ..., -0.47120707,
         -0.15878407,  0.2016293 ],
        [ 0.38372865,  0.        , -0.04444625, ..., -0.09667688,
          0.23223192,  0.56204134],
        [ 0.42439315,  0.04444625,  0.        , ..., -0.05234328,
          0.27523353,  0.59824782],
        ...,
        [ 0.47120707,  0.09667688,  0.05234328, ...,  0.        ,
          0.32517788,  0.63937097],
        [ 0.15878407, -0.23223192, -0.27523353, ..., -0.32517788,
          0.        ,  0.35459424],
        [-0.2016293 , -0.56204134, -0.59824782, ..., -0.63937097,
         -0.35459424,  0.        ]],

       [[ 0.        ,  0.09439306,  0.13597743, ...,  0.99339439,
          0.99992068,  0.9681428 ],
        [-0.09439306,  0.        ,  0.04185397, ...,  0.97812728,
          0.99426718,  0.98745595],
        [-0.13597743, -0.04185397,  0.        , ...,  0.96856426,
          0.98892074,  0.9931992 ],
        ...,
        [-0.99339439, -0.97812728, -0.96856426, ...,  0.        ,
          0.10222935,  0.35983915],
        [-0.99992068, -0.99426718, -0.98892074, ..., -0.10222935,
          0.        ,  0.26257245],
        [-0.9681428 , -0.98745595, -0.9931992 , ..., -0.35983915,
         -0.26257245,  0.        ]],

       ...,

       [[ 0.        ,  0.05829172,  0.04882416, ...,  0.5155483 ,
          0.47216321,  0.22353092],
        [-0.05829172,  0.        , -0.00948106, ...,  0.46472379,
          0.41997553,  0.16633407],
        [-0.04882416,  0.00948106,  0.        , ...,  0.47309796,
          0.42856105,  0.17567558],
        ...,
        [-0.5155483 , -0.46472379, -0.47309796, ...,  0.        ,
         -0.04988357, -0.31096848],
        [-0.47216321, -0.41997553, -0.42856105, ...,  0.04988357,
          0.        , -0.26317099],
        [-0.22353092, -0.16633407, -0.17567558, ...,  0.31096848,
          0.26317099,  0.        ]],

       [[ 0.        ,  0.03965098,  0.11948202, ...,  0.69466082,
          0.86382428,  0.90770986],
        [-0.03965098,  0.        ,  0.08002112, ...,  0.72263697,
          0.88312086,  0.92363352],
        [-0.11948202, -0.08002112,  0.        , ...,  0.77563241,
          0.91783039,  0.95134182],
        ...,
        [-0.69466082, -0.72263697, -0.77563241, ...,  0.        ,
         -0.27141573, -0.36147113],
        [-0.86382428, -0.88312086, -0.91783039, ...,  0.27141573,
          0.        , -0.0948388 ],
        [-0.90770986, -0.92363352, -0.95134182, ...,  0.36147113,
          0.0948388 ,  0.        ]],

       [[ 0.        , -0.00985852,  0.0250715 , ...,  0.93606563,
          0.99626171,  0.85193377],
        [ 0.00985852,  0.        ,  0.0349257 , ...,  0.93948862,
          0.99706493,  0.84672996],
        [-0.0250715 , -0.0349257 ,  0.        , ...,  0.92695059,
          0.9937827 ,  0.86479466],
        ...,
        [-0.93606563, -0.93948862, -0.92695059, ...,  0.        ,
          0.26964685,  0.78990232],
        [-0.99626171, -0.99706493, -0.9937827 , ..., -0.26964685,
          0.        ,  0.5952875 ],
        [-0.85193377, -0.84672996, -0.86479466, ..., -0.78990232,
         -0.5952875 ,  0.        ]]]), 'num': array([ 9.98101565e-01,  6.13180289e-02,  3.36972495e-05,  2.59855879e-08,
        3.97953924e-04,  4.08690091e-04,  3.95090946e-04,  5.66965527e-03,
       -1.00204225e-05,  3.99242264e-04,  3.89078692e-04,  3.50941441e-04,
        8.70699454e-07,  4.13562594e-04,  3.64594791e-04])}
{'img': array([[[ 0.        ,  0.09971509,  0.        , ...,  0.95085753,
          0.9695849 ,  0.92520992],
        [-0.09971509,  0.        , -0.09971509, ...,  0.91524383,
          0.98915831,  0.88276125],
        [ 0.        ,  0.09971509,  0.        , ...,  0.95085753,
          0.9695849 ,  0.92520992],
        ...,
        [-0.95085753, -0.91524383, -0.95085753, ...,  0.        ,
          0.53293871, -0.0743367 ],
        [-0.9695849 , -0.98915831, -0.9695849 , ..., -0.53293871,
          0.        , -0.59436446],
        [-0.92520992, -0.88276125, -0.92520992, ...,  0.0743367 ,
          0.59436446,  0.        ]],

       [[ 0.        , -0.04444625, -0.10723793, ...,  0.23223192,
          0.56204134,  0.09904942],
        [ 0.04444625,  0.        , -0.06294201, ...,  0.27523353,
          0.59824782,  0.14317922],
        [ 0.10723793,  0.06294201,  0.        , ...,  0.33519882,
          0.64749774,  0.20518883],
        ...,
        [-0.23223192, -0.27523353, -0.33519882, ...,  0.        ,
          0.35459424, -0.13474847],
        [-0.56204134, -0.59824782, -0.64749774, ..., -0.35459424,
          0.        , -0.47735284],
        [-0.09904942, -0.14317922, -0.20518883, ...,  0.13474847,
          0.47735284,  0.        ]],

       [[ 0.        ,  0.04185397,  0.01935194, ...,  0.99426718,
          0.98745595,  0.99858738],
        [-0.04185397,  0.        , -0.02251115, ...,  0.98892074,
          0.9931992 ,  0.99548849],
        [-0.01935194,  0.02251115,  0.        , ...,  0.9920118 ,
          0.9903266 ,  0.99737213],
        ...,
        [-0.99426718, -0.98892074, -0.9920118 , ...,  0.        ,
          0.26257245,  0.05394358],
        [-0.98745595, -0.9931992 , -0.9903266 , ..., -0.26257245,
          0.        , -0.21013932],
        [-0.99858738, -0.99548849, -0.99737213, ..., -0.05394358,
          0.21013932,  0.        ]],

       ...,

       [[ 0.        , -0.00948106,  0.08796343, ...,  0.41997553,
          0.16633407, -0.03025405],
        [ 0.00948106,  0.        ,  0.09740379, ...,  0.42856105,
          0.17567558, -0.02077597],
        [-0.08796343, -0.09740379,  0.        , ...,  0.33851765,
          0.07895125, -0.11805994],
        ...,
        [-0.41997553, -0.42856105, -0.33851765, ...,  0.        ,
         -0.26317099, -0.44723991],
        [-0.16633407, -0.17567558, -0.07895125, ...,  0.26317099,
          0.        , -0.19609052],
        [ 0.03025405,  0.02077597,  0.11805994, ...,  0.44723991,
          0.19609052,  0.        ]],

       [[ 0.        ,  0.08002112,  0.11941025, ...,  0.88312086,
          0.92363352,  0.89883988],
        [-0.08002112,  0.        ,  0.03957876, ...,  0.91783039,
          0.95134182,  0.93102888],
        [-0.11941025, -0.03957876,  0.        , ...,  0.93282292,
          0.9627921 ,  0.94474346],
        ...,
        [-0.88312086, -0.91783039, -0.93282292, ...,  0.        ,
         -0.0948388 , -0.03463502],
        [-0.92363352, -0.95134182, -0.9627921 , ...,  0.0948388 ,
          0.        ,  0.06030299],
        [-0.89883988, -0.93102888, -0.94474346, ...,  0.03463502,
         -0.06030299,  0.        ]],

       [[ 0.        ,  0.03442863,  0.07609442, ...,  0.99188834,
          0.96160501,  0.84029578],
        [-0.03442863,  0.        ,  0.04172049, ...,  0.98692401,
          0.97048343,  0.85846235],
        [-0.07609442, -0.04172049,  0.        , ...,  0.97933994,
          0.97970009,  0.87911237],
        ...,
        [-0.99188834, -0.98692401, -0.97933994, ...,  0.        ,
          0.39444287,  0.64454254],
        [-0.96160501, -0.97048343, -0.97970009, ..., -0.39444287,
          0.        ,  0.29070475],
        [-0.84029578, -0.85846235, -0.87911237, ..., -0.64454254,
         -0.29070475,  0.        ]]]), 'num': array([ 9.85107997e-01,  1.71838435e-01,  3.00654182e-05, -7.99622013e-09,
        3.90994982e-04,  4.03281330e-04,  3.90272255e-04,  5.70666210e-03,
       -1.08408960e-05,  4.01691332e-04,  3.93163161e-04,  3.55087525e-04,
        6.94384187e-07,  4.17654950e-04,  3.68671372e-04])}
{'img': array([[[ 0.        , -0.09971509, -0.28912689, ...,  0.98915831,
          0.88276125,  0.70605545],
        [ 0.09971509,  0.        , -0.19222955, ...,  0.9695849 ,
          0.92520992,  0.77315039],
        [ 0.28912689,  0.19222955,  0.        , ...,  0.90445294,
          0.98089734,  0.88064747],
        ...,
        [-0.98915831, -0.9695849 , -0.90445294, ...,  0.        ,
         -0.59436446, -0.8041654 ],
        [-0.88276125, -0.92520992, -0.98089734, ...,  0.59436446,
          0.        , -0.29341288],
        [-0.70605545, -0.77315039, -0.88064747, ...,  0.8041654 ,
          0.29341288,  0.        ]],

       [[ 0.        , -0.06294201, -0.10695281, ...,  0.59824782,
          0.14317922,  0.1414797 ],
        [ 0.06294201,  0.        , -0.04415977, ...,  0.64749774,
          0.20518883,  0.20350806],
        [ 0.10695281,  0.04415977,  0.        , ...,  0.68051881,
          0.24820882,  0.24654518],
        ...,
        [-0.59824782, -0.64749774, -0.68051881, ...,  0.        ,
         -0.47735284, -0.47886088],
        [-0.14317922, -0.20518883, -0.24820882, ...,  0.47735284,
          0.        , -0.001717  ],
        [-0.1414797 , -0.20350806, -0.24654518, ...,  0.47886088,
          0.001717  ,  0.        ]],

       [[ 0.        , -0.02251115, -0.12945173, ...,  0.9931992 ,
          0.99548849,  0.97716026],
        [ 0.02251115,  0.        , -0.1070972 , ...,  0.9903266 ,
          0.99737213,  0.98169634],
        [ 0.12945173,  0.1070972 ,  0.        , ...,  0.96977042,
          0.99939487,  0.99644714],
        ...,
        [-0.9931992 , -0.9903266 , -0.96977042, ...,  0.        ,
         -0.21013932, -0.32482678],
        [-0.99548849, -0.99737213, -0.99939487, ...,  0.21013932,
          0.        , -0.11882967],
        [-0.97716026, -0.98169634, -0.99644714, ...,  0.32482678,
          0.11882967,  0.        ]],

       ...,

       [[ 0.        ,  0.09740379, -0.19649218, ...,  0.17567558,
         -0.02077597, -0.41870553],
        [-0.09740379,  0.        , -0.29106278, ...,  0.07895125,
         -0.11805994, -0.50516909],
        [ 0.19649218,  0.29106278,  0.        , ...,  0.3656872 ,
          0.17607882, -0.23210415],
        ...,
        [-0.17567558, -0.07895125, -0.3656872 , ...,  0.        ,
         -0.19609052, -0.57172874],
        [ 0.02077597,  0.11805994, -0.17607882, ...,  0.19609052,
          0.        , -0.39974804],
        [ 0.41870553,  0.50516909,  0.23210415, ...,  0.57172874,
          0.39974804,  0.        ]],

       [[ 0.        ,  0.03957876,  0.03810784, ...,  0.95134182,
          0.93102888,  0.92910813],
        [-0.03957876,  0.        , -0.00147203, ...,  0.9627921 ,
          0.94474346,  0.94301668],
        [-0.03810784,  0.00147203,  0.        , ...,  0.96239325,
          0.94425989,  0.94252585],
        ...,
        [-0.95134182, -0.9627921 , -0.96239325, ...,  0.        ,
          0.06030299,  0.06552088],
        [-0.93102888, -0.94474346, -0.94425989, ..., -0.06030299,
          0.        ,  0.00522823],
        [-0.92910813, -0.94301668, -0.94252585, ..., -0.06552088,
         -0.00522823,  0.        ]],

       [[ 0.        ,  0.04153137,  0.08936575, ...,  0.97910908,
          0.92958333,  0.85648055],
        [-0.04153137,  0.        ,  0.04792345, ...,  0.98670912,
          0.94409025,  0.87717921],
        [-0.08936575, -0.04792345,  0.        , ...,  0.99336279,
          0.95880524,  0.89918242],
        ...,
        [-0.97910908, -0.98670912, -0.99336279, ...,  0.        ,
          0.17189392,  0.33124277],
        [-0.92958333, -0.94409025, -0.95880524, ..., -0.17189392,
          0.        ,  0.16412263],
        [-0.85648055, -0.87717921, -0.89918242, ..., -0.33124277,
         -0.16412263,  0.        ]]]), 'num': array([ 9.93670892e-01,  1.12273644e-01,  3.22265904e-05, -4.01305119e-08,
        3.94891240e-04,  3.97057006e-04,  3.92003553e-04,  3.40085823e-03,
        4.33153097e-06,  4.00377846e-04,  3.93736165e-04,  3.55402116e-04,
        7.70984477e-07,  4.16762643e-04,  3.70709688e-04])}
{'img': array([[[ 0.        , -0.19222955, -0.46119135, ...,  0.92520992,
          0.77315039,  0.83752806],
        [ 0.19222955,  0.        , -0.2820247 , ...,  0.98089734,
          0.88064747,  0.92694128],
        [ 0.46119135,  0.2820247 ,  0.        , ...,  0.99594108,
          0.97851492,  0.99513157],
        ...,
        [-0.92520992, -0.98089734, -0.99594108, ...,  0.        ,
         -0.29341288, -0.18772469],
        [-0.77315039, -0.88064747, -0.97851492, ...,  0.29341288,
          0.        ,  0.10873436],
        [-0.83752806, -0.92694128, -0.99513157, ...,  0.18772469,
         -0.10873436,  0.        ]],

       [[ 0.        , -0.04415977,  0.06199435, ...,  0.20518883,
          0.20350806, -0.04622548],
        [ 0.04415977,  0.        ,  0.1060087 , ...,  0.24820882,
          0.24654518, -0.00206782],
        [-0.06199435, -0.1060087 ,  0.        , ...,  0.14411889,
          0.1424196 , -0.10806464],
        ...,
        [-0.20518883, -0.24820882, -0.14411889, ...,  0.        ,
         -0.001717  , -0.2502114 ],
        [-0.20350806, -0.24654518, -0.1424196 , ...,  0.001717  ,
          0.        , -0.24854865],
        [ 0.04622548,  0.00206782,  0.10806464, ...,  0.2502114 ,
          0.24854865,  0.        ]],

       [[ 0.        , -0.1070972 , -0.22919624, ...,  0.99737213,
          0.98169634,  0.96983814],
        [ 0.1070972 ,  0.        , -0.12363174, ...,  0.99939487,
          0.99644714,  0.9903651 ],
        [ 0.22919624,  0.12363174,  0.        , ...,  0.98742731,
          0.9992149 ,  0.99988782],
        ...,
        [-0.99737213, -0.99939487, -0.98742731, ...,  0.        ,
         -0.11882967, -0.17284567],
        [-0.98169634, -0.99644714, -0.9992149 , ...,  0.11882967,
          0.        , -0.05457984],
        [-0.96983814, -0.9903651 , -0.99988782, ...,  0.17284567,
          0.05457984,  0.        ]],

       ...,

       [[ 0.        , -0.29106278, -0.46947502, ..., -0.11805994,
         -0.50516909, -0.35377073],
        [ 0.29106278,  0.        , -0.19215596, ...,  0.17607882,
         -0.23210415, -0.06621347],
        [ 0.46947502,  0.19215596,  0.        , ...,  0.36195121,
         -0.0408704 ,  0.12675473],
        ...,
        [ 0.11805994, -0.17607882, -0.36195121, ...,  0.        ,
         -0.39974804, -0.24087136],
        [ 0.50516909,  0.23210415,  0.0408704 , ...,  0.39974804,
          0.        ,  0.16718956],
        [ 0.35377073,  0.06621347, -0.12675473, ...,  0.24087136,
         -0.16718956,  0.        ]],

       [[ 0.        , -0.00147203,  0.00169744, ...,  0.94474346,
          0.94301668,  0.95457868],
        [ 0.00147203,  0.        ,  0.00316946, ...,  0.94425989,
          0.94252585,  0.95413904],
        [-0.00169744, -0.00316946,  0.        , ...,  0.94529854,
          0.94358014,  0.95508307],
        ...,
        [-0.94474346, -0.94425989, -0.94529854, ...,  0.        ,
          0.00522823, -0.03142623],
        [-0.94301668, -0.94252585, -0.94358014, ..., -0.00522823,
          0.        , -0.03665144],
        [-0.95457868, -0.95413904, -0.95508307, ...,  0.03142623,
          0.03665144,  0.        ]],

       [[ 0.        ,  0.04690757,  0.02570012, ...,  0.99165096,
          0.98634048,  0.86817217],
        [-0.04690757,  0.        , -0.02122025, ...,  0.99660817,
          0.99298133,  0.89049501],
        [-0.02570012,  0.02122025,  0.        , ...,  0.99463748,
          0.99024799,  0.88063943],
        ...,
        [-0.99165096, -0.99660817, -0.99463748, ...,  0.        ,
          0.03615449,  0.38016812],
        [-0.98634048, -0.99298133, -0.99024799, ..., -0.03615449,
          0.        ,  0.34647966],
        [-0.86817217, -0.89049501, -0.88063943, ..., -0.38016812,
         -0.34647966,  0.        ]]]), 'num': array([ 7.62267876e-01,  6.47248560e-01,  4.26787814e-06, -2.15906112e-08,
        2.99529468e-04,  3.05086601e-04,  2.95639475e-04,  4.03353384e-03,
       -4.44570640e-06,  3.05975743e-04,  3.04169674e-04,  2.74114847e-04,
        5.24257830e-07,  3.17760359e-04,  2.90578990e-04])}
{'img': array([[[ 0.00000000e+00, -2.82024705e-01, -1.94576295e-01, ...,
          8.80647474e-01,  9.26941284e-01,  8.63854821e-01],
        [ 2.82024705e-01,  0.00000000e+00,  8.99565887e-02, ...,
          9.78514921e-01,  9.95131568e-01,  9.70855852e-01],
        [ 1.94576295e-01, -8.99565887e-02,  0.00000000e+00, ...,
          9.56000824e-01,  9.82231288e-01,  9.45360327e-01],
        ...,
        [-8.80647474e-01, -9.78514921e-01, -9.56000824e-01, ...,
          0.00000000e+00,  1.08734358e-01, -3.43477768e-02],
        [-9.26941284e-01, -9.95131568e-01, -9.82231288e-01, ...,
         -1.08734358e-01,  0.00000000e+00, -1.42814322e-01],
        [-8.63854821e-01, -9.70855852e-01, -9.45360327e-01, ...,
          3.43477768e-02,  1.42814322e-01,  0.00000000e+00]],

       [[ 0.00000000e+00,  1.06008700e-01, -7.38445544e-02, ...,
          2.46545182e-01, -2.06782368e-03,  2.03374928e-01],
        [-1.06008700e-01,  0.00000000e+00, -1.79147726e-01, ...,
          1.42419601e-01, -1.08064645e-01,  9.84357349e-02],
        [ 7.38445544e-02,  1.79147726e-01,  0.00000000e+00, ...,
          3.17437124e-01,  7.17822185e-02,  2.75120939e-01],
        ...,
        [-2.46545182e-01, -1.42419601e-01, -3.17437124e-01, ...,
          0.00000000e+00, -2.48548648e-01, -4.42956098e-02],
        [ 2.06782368e-03,  1.08064645e-01, -7.17822185e-02, ...,
          2.48548648e-01,  0.00000000e+00,  2.05399101e-01],
        [-2.03374928e-01, -9.84357349e-02, -2.75120939e-01, ...,
          4.42956098e-02, -2.05399101e-01,  0.00000000e+00]],

       [[ 0.00000000e+00, -1.23631738e-01, -2.09516739e-01, ...,
          9.96447137e-01,  9.90365097e-01,  9.60102201e-01],
        [ 1.23631738e-01,  0.00000000e+00, -8.70216224e-02, ...,
          9.99214897e-01,  9.99887824e-01,  9.87309995e-01],
        [ 2.09516739e-01,  8.70216224e-02,  0.00000000e+00, ...,
          9.91976671e-01,  9.97398081e-01,  9.97384012e-01],
        ...,
        [-9.96447137e-01, -9.99214897e-01, -9.91976671e-01, ...,
          0.00000000e+00, -5.45798430e-02, -1.97795452e-01],
        [-9.90365097e-01, -9.99887824e-01, -9.97398081e-01, ...,
          5.45798430e-02,  0.00000000e+00, -1.43999094e-01],
        [-9.60102201e-01, -9.87309995e-01, -9.97384012e-01, ...,
          1.97795452e-01,  1.43999094e-01,  0.00000000e+00]],

       ...,

       [[ 0.00000000e+00, -1.92155957e-01, -1.52692817e-01, ...,
         -2.32104154e-01, -6.62134680e-02, -2.58358439e-01],
        [ 1.92155957e-01,  0.00000000e+00,  4.00553828e-02, ...,
         -4.08703966e-02,  1.26754726e-01, -6.79116807e-02],
        [ 1.52692817e-01, -4.00553828e-02,  0.00000000e+00, ...,
         -8.08595113e-02,  8.69207012e-02, -1.07820087e-01],
        ...,
        [ 2.32104154e-01,  4.08703966e-02,  8.08595113e-02, ...,
          0.00000000e+00,  1.67189557e-01, -2.70788969e-02],
        [ 6.62134680e-02, -1.26754726e-01, -8.69207012e-02, ...,
         -1.67189557e-01,  0.00000000e+00, -1.93826004e-01],
        [ 2.58358439e-01,  6.79116807e-02,  1.07820087e-01, ...,
          2.70788969e-02,  1.93826004e-01,  0.00000000e+00]],

       [[ 0.00000000e+00,  3.16945823e-03,  3.14998315e-03, ...,
          9.42525850e-01,  9.54139042e-01,  9.98098005e-01],
        [-3.16945823e-03,  0.00000000e+00, -1.94751792e-05, ...,
          9.43580138e-01,  9.55083071e-01,  9.98288380e-01],
        [-3.14998315e-03,  1.94751792e-05,  0.00000000e+00, ...,
          9.43573688e-01,  9.55077300e-01,  9.98287241e-01],
        ...,
        [-9.42525850e-01, -9.43580138e-01, -9.43573688e-01, ...,
          0.00000000e+00, -3.66514438e-02, -2.75393673e-01],
        [-9.54139042e-01, -9.55083071e-01, -9.55077300e-01, ...,
          3.66514438e-02,  0.00000000e+00, -2.39974450e-01],
        [-9.98098005e-01, -9.98288380e-01, -9.98287241e-01, ...,
          2.75393673e-01,  2.39974450e-01,  0.00000000e+00]],

       [[ 0.00000000e+00, -2.00774641e-02, -2.59586384e-02, ...,
          9.89251993e-01,  9.98830687e-01,  8.67159865e-01],
        [ 2.00774641e-02,  0.00000000e+00, -5.88270753e-03, ...,
          9.91988328e-01,  9.99599999e-01,  8.56985892e-01],
        [ 2.59586384e-02,  5.88270753e-03,  0.00000000e+00, ...,
          9.92714323e-01,  9.99749074e-01,  8.53939470e-01],
        ...,
        [-9.89251993e-01, -9.91988328e-01, -9.92714323e-01, ...,
          0.00000000e+00,  9.82241268e-02,  6.19473783e-01],
        [-9.98830687e-01, -9.99599999e-01, -9.99749074e-01, ...,
         -9.82241268e-02,  0.00000000e+00,  5.39370562e-01],
        [-8.67159865e-01, -8.56985892e-01, -8.53939470e-01, ...,
