state_0,state_1,state_2,state_3,state_4,state_5,state_6,state_7,state_8,state_9,state_10,state_11,state_12,state_13,state_14,state_15,state_16,state_17,state_18,state_19,state_20,state_21,state_22,state_23,state_24,state_25,state_26,state_27,state_28,state_29,state_30,state_31,state_32,state_33,state_34,state_35,state_36,state_37,state_38,state_39,state_40,state_41,state_42,state_43,state_44,state_45,state_46,state_47,state_48,state_49,state_50,state_51,state_52,state_53,state_54,state_55,state_56,state_57,state_58,state_59,state_60,state_61,state_62,state_63,state_64,state_65,state_66,state_67,state_68,state_69,state_70,state_71,state_72,state_73,state_74,state_75,state_76,state_77,state_78,state_79,state_80,state_81,state_82,state_83,state_84,state_85,state_86,state_87,state_88,state_89,state_90,state_91,state_92,state_93,state_94,state_95,state_96,state_97,state_98,state_99,state_100,state_101,state_102,state_103,state_104,state_105,state_106,state_107,state_108,state_109,state_110,state_111,state_112,state_113,state_114,state_115,state_116,state_117,state_118,state_119,state_120,state_121,state_122,state_123,state_124,state_125,state_126,state_127,state_128,state_129,state_130,state_131,state_132,state_133,state_134,state_135,state_136,state_137,state_138,state_139,state_140,state_141,state_142,state_143,state_144,state_145,state_146,state_147,state_148,state_149,state_150,state_151,state_152,state_153,state_154,state_155,state_156,state_157,state_158,state_159,state_160,state_161,state_162,state_163,state_164,state_165,state_166,state_167,state_168,state_169,state_170,state_171,state_172,state_173,state_174,state_175,state_176,state_177,state_178,state_179,state_180,state_181,state_182,state_183,state_184,state_185,state_186,state_187,state_188,state_189,state_190,state_191,state_192,state_193,state_194,state_195,state_196,state_197,state_198,state_199,state_200,state_201,state_202,state_203,state_204,state_205,state_206,state_207,state_208,state_209,state_210,state_211,state_212,state_213,state_214,state_215,state_216,state_217,state_218,state_219,state_220,state_221,state_222,state_223,state_224,state_225,state_226,state_227,state_228,state_229,state_230,state_231,state_232,state_233,state_234,state_235,state_236,state_237,state_238,state_239,state_240,state_241,state_242,state_243,state_244,state_245,state_246,state_247,state_248,state_249,state_250,state_251,state_252,state_253,state_254,state_255,state_256,state_257,state_258,state_259,state_260,state_261,state_262,state_263,state_264,state_265,state_266,state_267,state_268,state_269,state_270,state_271,state_272,state_273,state_274,state_275,state_276,state_277,state_278,state_279,state_280,state_281,state_282,state_283,state_284,state_285,state_286,state_287
{'img': array([[[ 0.00000000e+00, -8.25748826e-02,  1.25243900e-01, ...,
          9.78908103e-01,  9.88805016e-01,  9.99900315e-01],
        [ 8.25748826e-02,  0.00000000e+00,  2.06740861e-01, ...,
          9.92435134e-01,  9.73106832e-01,  9.97651435e-01],
        [-1.25243900e-01, -2.06740861e-01,  0.00000000e+00, ...,
          9.45612701e-01,  9.99707217e-01,  9.90258700e-01],
        ...,
        [-9.78908103e-01, -9.92435134e-01, -9.45612701e-01, ...,
          0.00000000e+00,  3.48080130e-01,  1.90459000e-01],
        [-9.88805016e-01, -9.73106832e-01, -9.99707217e-01, ...,
         -3.48080130e-01,  0.00000000e+00, -1.63159970e-01],
        [-9.99900315e-01, -9.97651435e-01, -9.90258700e-01, ...,
         -1.90459000e-01,  1.63159970e-01,  0.00000000e+00]],

       [[ 0.00000000e+00, -8.03275516e-02, -6.34887690e-02, ...,
          1.47571914e-01,  1.59408740e-01, -2.08917357e-02],
        [ 8.03275516e-02,  0.00000000e+00,  1.68818886e-02, ...,
          2.26543110e-01,  2.38193990e-01,  5.94857952e-02],
        [ 6.34887690e-02, -1.68818886e-02,  0.00000000e+00, ...,
          2.10067847e-01,  2.21764058e-01,  4.26253246e-02],
        ...,
        [-1.47571914e-01, -2.26543110e-01, -2.10067847e-01, ...,
          0.00000000e+00,  1.19785624e-02, -1.68202705e-01],
        [-1.59408740e-01, -2.38193990e-01, -2.21764058e-01, ...,
         -1.19785624e-02,  0.00000000e+00, -1.79998534e-01],
        [ 2.08917357e-02, -5.94857952e-02, -4.26253246e-02, ...,
          1.68202705e-01,  1.79998534e-01,  0.00000000e+00]],

       [[ 0.00000000e+00, -8.46291419e-02, -1.12873433e-01, ...,
          7.85653604e-01,  7.93584412e-01,  8.89475634e-01],
        [ 8.46291419e-02,  0.00000000e+00, -2.83801933e-02, ...,
          7.30477859e-01,  7.39243981e-01,  8.47610612e-01],
        [ 1.12873433e-01,  2.83801933e-02,  0.00000000e+00, ...,
          7.10801757e-01,  7.19833922e-01,  8.32210133e-01],
        ...,
        [-7.85653604e-01, -7.30477859e-01, -7.10801757e-01, ...,
          0.00000000e+00, -1.29252771e-02, -1.91258878e-01],
        [-7.93584412e-01, -7.39243981e-01, -7.19833922e-01, ...,
          1.29252771e-02,  0.00000000e+00, -1.78556230e-01],
        [-8.89475634e-01, -8.47610612e-01, -8.32210133e-01, ...,
          1.91258878e-01,  1.78556230e-01,  0.00000000e+00]],

       ...,

       [[ 0.00000000e+00,  2.51300393e-01,  5.66213745e-01, ...,
          3.28794068e-01,  5.20500234e-01,  5.10940984e-01],
        [-2.51300393e-01,  0.00000000e+00,  3.40906989e-01, ...,
          8.09142822e-02,  2.89221200e-01,  2.78522665e-01],
        [-5.66213745e-01, -3.40906989e-01,  0.00000000e+00, ...,
         -2.63721900e-01, -5.44414153e-02, -6.55788527e-02],
        ...,
        [-3.28794068e-01, -8.09142822e-02,  2.63721900e-01, ...,
          0.00000000e+00,  2.10816670e-01,  1.99896930e-01],
        [-5.20500234e-01, -2.89221200e-01,  5.44414153e-02, ...,
         -2.10816670e-01,  0.00000000e+00, -1.11573729e-02],
        [-5.10940984e-01, -2.78522665e-01,  6.55788527e-02, ...,
         -1.99896930e-01,  1.11573729e-02,  0.00000000e+00]],

       [[ 0.00000000e+00, -2.49418550e-02,  1.00230630e-01, ...,
          6.57818371e-01,  5.90534387e-01,  5.52725286e-01],
        [ 2.49418550e-02,  0.00000000e+00,  1.25015702e-01, ...,
          6.38828104e-01,  5.70222285e-01,  5.31767703e-01],
        [-1.00230630e-01, -1.25015702e-01,  0.00000000e+00, ...,
          7.29997115e-01,  6.68447961e-01,  6.33470440e-01],
        ...,
        [-6.57818371e-01, -6.38828104e-01, -7.29997115e-01, ...,
          0.00000000e+00,  8.60909517e-02,  1.31902082e-01],
        [-5.90534387e-01, -5.70222285e-01, -6.68447961e-01, ...,
         -8.60909517e-02,  0.00000000e+00,  4.60736130e-02],
        [-5.52725286e-01, -5.31767703e-01, -6.33470440e-01, ...,
         -1.31902082e-01, -4.60736130e-02,  0.00000000e+00]],

       [[ 0.00000000e+00, -8.01804594e-04,  2.03928429e-02, ...,
          9.30323788e-01,  9.51994514e-01,  9.99996668e-01],
        [ 8.01804594e-04,  0.00000000e+00,  2.11944742e-02, ...,
          9.30617542e-01,  9.52239653e-01,  9.99998417e-01],
        [-2.03928429e-02, -2.11944742e-02,  0.00000000e+00, ...,
          9.22651467e-01,  9.45553985e-01,  9.99736072e-01],
        ...,
        [-9.30323788e-01, -9.30617542e-01, -9.22651467e-01, ...,
          0.00000000e+00,  6.43475726e-02,  3.64336487e-01],
        [-9.51994514e-01, -9.52239653e-01, -9.45553985e-01, ...,
         -6.43475726e-02,  0.00000000e+00,  3.03656622e-01],
        [-9.99996668e-01, -9.99998417e-01, -9.99736072e-01, ...,
         -3.64336487e-01, -3.03656622e-01,  0.00000000e+00]]]), 'num': array([ 6.19931876e-01,  6.19931876e-01,  0.00000000e+00,  0.00000000e+00,
        2.96792386e-03,  3.07253736e-03,  2.94080184e-03,  4.80936950e-01,
       -3.48711680e-05,  2.99814554e-03,  2.90457457e-03,  2.67416655e-03,
        1.82388494e-05,  3.25071329e-03,  2.55843584e-03])}
{'img': array([[[ 0.        ,  0.20674086,  0.28915745, ...,  0.97310683,
          0.99765143,  0.99992895],
        [-0.20674086,  0.        ,  0.0850012 , ...,  0.99970722,
          0.9902587 ,  0.97586174],
        [-0.28915745, -0.0850012 ,  0.        , ...,  0.99814587,
          0.97483926,  0.9537666 ],
        ...,
        [-0.97310683, -0.99970722, -0.99814587, ...,  0.        ,
         -0.16315997, -0.24193795],
        [-0.99765143, -0.9902587 , -0.97483926, ...,  0.16315997,
          0.        , -0.08038313],
        [-0.99992895, -0.97586174, -0.9537666 , ...,  0.24193795,
          0.08038313,  0.        ]],

       [[ 0.        ,  0.01688189,  0.15310201, ...,  0.23819399,
          0.0594858 ,  0.14197385],
        [-0.01688189,  0.        ,  0.13639733, ...,  0.22176406,
          0.04262532,  0.12524274],
        [-0.15310201, -0.13639733,  0.        , ...,  0.08669041,
         -0.09404641, -0.01125111],
        ...,
        [-0.23819399, -0.22176406, -0.08669041, ...,  0.        ,
         -0.17999853, -0.09789368],
        [-0.0594858 , -0.04262532,  0.09404641, ...,  0.17999853,
          0.        ,  0.08283921],
        [-0.14197385, -0.12524274,  0.01125111, ...,  0.09789368,
         -0.08283921,  0.        ]],

       [[ 0.        , -0.02838019, -0.01198602, ...,  0.73924398,
          0.84761061,  0.9442777 ],
        [ 0.02838019,  0.        ,  0.01639696, ...,  0.71983392,
          0.83221013,  0.93455601],
        [ 0.01198602, -0.01639696,  0.        , ...,  0.73111904,
          0.84118972,  0.94026467],
        ...,
        [-0.73924398, -0.71983392, -0.73111904, ...,  0.        ,
         -0.17855623, -0.39259016],
        [-0.84761061, -0.83221013, -0.84118972, ...,  0.17855623,
          0.        , -0.22206054],
        [-0.9442777 , -0.93455601, -0.94026467, ...,  0.39259016,
          0.22206054,  0.        ]],

       ...,

       [[ 0.        ,  0.34090699,  0.53709719, ...,  0.2892212 ,
          0.27852266, -0.09496631],
        [-0.34090699,  0.        ,  0.21736148, ..., -0.05444142,
         -0.06557885, -0.4286438 ],
        [-0.53709719, -0.21736148,  0.        , ..., -0.27017892,
         -0.28090453, -0.61477579],
        ...,
        [-0.2892212 ,  0.05444142,  0.27017892, ...,  0.        ,
         -0.01115737, -0.37882172],
        [-0.27852266,  0.06557885,  0.28090453, ...,  0.01115737,
          0.        , -0.36847233],
        [ 0.09496631,  0.4286438 ,  0.61477579, ...,  0.37882172,
          0.36847233,  0.        ]],

       [[ 0.        ,  0.1250157 ,  0.22384987, ...,  0.57022229,
          0.5317677 ,  0.51835724],
        [-0.1250157 ,  0.        ,  0.10025045, ...,  0.66844796,
          0.63347044,  0.62119955],
        [-0.22384987, -0.10025045,  0.        , ...,  0.73964264,
          0.70784965,  0.69663161],
        ...,
        [-0.57022229, -0.66844796, -0.73964264, ...,  0.        ,
          0.04607361,  0.06180815],
        [-0.5317677 , -0.63347044, -0.70784965, ..., -0.04607361,
          0.        ,  0.01575699],
        [-0.51835724, -0.62119955, -0.69663161, ..., -0.06180815,
         -0.01575699,  0.        ]],

       [[ 0.        ,  0.02044109,  0.02874807, ...,  0.89843515,
          0.94060055,  0.99942069],
        [-0.02044109,  0.        ,  0.00830942, ...,  0.88927162,
          0.93346396,  0.99990755],
        [-0.02874807, -0.00830942,  0.        , ...,  0.88544036,
          0.93045138,  0.99998602],
        ...,
        [-0.89843515, -0.88927162, -0.88544036, ...,  0.        ,
          0.10799112,  0.46942893],
        [-0.94060055, -0.93346396, -0.93045138, ..., -0.10799112,
          0.        ,  0.3713307 ],
        [-0.99942069, -0.99990755, -0.99998602, ..., -0.46942893,
         -0.3713307 ,  0.        ]]]), 'num': array([ 3.08518689e-01,  1.25564226e-03,  4.02176763e-05, -2.73112826e-09,
        1.47722619e-03,  1.58550454e-03,  1.46562493e-03,  9.51208370e-01,
       -3.86708425e-06,  1.48882744e-03,  1.45692399e-03,  1.33984802e-03,
        9.35272257e-06,  1.62073735e-03,  1.29311063e-03])}
{'img': array([[[ 0.        ,  0.0850012 ,  0.06158978, ...,  0.9902587 ,
          0.97586174,  0.97190298],
        [-0.0850012 ,  0.        , -0.02347296, ...,  0.97483926,
          0.9537666 ,  0.94837777],
        [-0.06158978,  0.02347296,  0.        , ...,  0.979803  ,
          0.96055856,  0.95556075],
        ...,
        [-0.9902587 , -0.97483926, -0.979803  , ...,  0.        ,
         -0.08038313, -0.09776138],
        [-0.97586174, -0.9537666 , -0.96055856, ...,  0.08038313,
          0.        , -0.01744694],
        [-0.97190298, -0.94837777, -0.95556075, ...,  0.09776138,
          0.01744694,  0.        ]],

       [[ 0.        ,  0.13639733,  0.25756539, ...,  0.04262532,
          0.12524274,  0.4581806 ],
        [-0.13639733,  0.        ,  0.12336284, ..., -0.09404641,
         -0.01125111,  0.33266053],
        [-0.25756539, -0.12336284,  0.        , ..., -0.21614412,
         -0.1345202 ,  0.21378264],
        ...,
        [-0.04262532,  0.09404641,  0.21614412, ...,  0.        ,
          0.08283921,  0.41987627],
        [-0.12524274,  0.01125111,  0.1345202 , ..., -0.08283921,
          0.        ,  0.3432498 ],
        [-0.4581806 , -0.33266053, -0.21378264, ..., -0.41987627,
         -0.3432498 ,  0.        ]],

       [[ 0.        ,  0.01639696,  0.06288224, ...,  0.83221013,
          0.93455601,  0.95265782],
        [-0.01639696,  0.        ,  0.04650928, ...,  0.84118972,
          0.94026467,  0.95751515],
        [-0.06288224, -0.04650928,  0.        , ...,  0.86542886,
          0.95508099,  0.96989147],
        ...,
        [-0.83221013, -0.84118972, -0.86542886, ...,  0.        ,
         -0.22206054, -0.27518206],
        [-0.93455601, -0.94026467, -0.95508099, ...,  0.22206054,
          0.        , -0.0548243 ],
        [-0.95265782, -0.95751515, -0.96989147, ...,  0.27518206,
          0.0548243 ,  0.        ]],

       ...,

       [[ 0.        ,  0.21736148,  0.143607  , ..., -0.06557885,
         -0.4286438 , -0.3899263 ],
        [-0.21736148,  0.        , -0.07493496, ..., -0.28090453,
         -0.61477579, -0.58076009],
        [-0.143607  ,  0.07493496,  0.        , ..., -0.20819699,
         -0.55394595, -0.51812458],
        ...,
        [ 0.06557885,  0.28090453,  0.20819699, ...,  0.        ,
         -0.36847233, -0.32869891],
        [ 0.4286438 ,  0.61477579,  0.55394595, ...,  0.36847233,
          0.        ,  0.04242685],
        [ 0.3899263 ,  0.58076009,  0.51812458, ...,  0.32869891,
         -0.04242685,  0.        ]],

       [[ 0.        ,  0.18679015,  0.24505563, ...,  0.53272676,
          0.51929705,  0.53015954],
        [-0.18679015,  0.        ,  0.05964787, ...,  0.68142882,
          0.66978705,  0.67920762],
        [-0.24505563, -0.05964787,  0.        , ...,  0.72387087,
          0.7128862 ,  0.72177661],
        ...,
        [-0.53272676, -0.68142882, -0.72387087, ...,  0.        ,
          0.01579049,  0.00303062],
        [-0.51929705, -0.66978705, -0.7128862 , ..., -0.01579049,
          0.        , -0.01276017],
        [-0.53015954, -0.67920762, -0.72177661, ..., -0.00303062,
          0.01276017,  0.        ]],

       [[ 0.        ,  0.00792013,  0.00939769, ...,  0.86735439,
          0.92785883,  0.99811837],
        [-0.00792013,  0.        ,  0.00147761, ...,  0.86338541,
          0.92487606,  0.9985727 ],
        [-0.00939769, -0.00147761,  0.        , ...,  0.86263894,
          0.92431316,  0.99865053],
        ...,
        [-0.86735439, -0.86338541, -0.86263894, ...,  0.        ,
          0.13832313,  0.54993771],
        [-0.92785883, -0.92487606, -0.92431316, ..., -0.13832313,
          0.        ,  0.42912298],
        [-0.99811837, -0.9985727 , -0.99865053, ..., -0.54993771,
         -0.42912298,  0.        ]]]), 'num': array([ 6.38587225e-01,  6.38587225e-01,  0.00000000e+00, -1.75229999e-07,
        3.03458072e-03,  3.09871981e-03,  2.99449379e-03,  4.29348274e-01,
       -2.80608521e-05,  3.08990068e-03,  3.02475942e-03,  2.78751160e-03,
        2.30948591e-05,  3.36288479e-03,  2.68663405e-03])}
{'img': array([[[ 0.00000000e+00, -2.34729568e-02,  5.62469615e-02, ...,
          9.53766595e-01,  9.48377773e-01,  9.27640776e-01],
        [ 2.34729568e-02,  0.00000000e+00,  7.96672603e-02, ...,
          9.60558563e-01,  9.55560750e-01,  9.36151717e-01],
        [-5.62469615e-02, -7.96672603e-02,  0.00000000e+00, ...,
          9.35351746e-01,  9.29038061e-01,  9.05165456e-01],
        ...,
        [-9.53766595e-01, -9.60558563e-01, -9.35351746e-01, ...,
          0.00000000e+00, -1.74469448e-02, -7.74058617e-02],
        [-9.48377773e-01, -9.55560750e-01, -9.29038061e-01, ...,
          1.74469448e-02,  0.00000000e+00, -5.99994817e-02],
        [-9.27640776e-01, -9.36151717e-01, -9.05165456e-01, ...,
          7.74058617e-02,  5.99994817e-02,  0.00000000e+00]],

       [[ 0.00000000e+00,  1.23362837e-01, -8.07297602e-02, ...,
         -1.12511124e-02,  3.32660530e-01, -3.80519717e-02],
        [-1.23362837e-01,  0.00000000e+00, -2.03073300e-01, ...,
         -1.34520201e-01,  2.13782638e-01, -1.61034810e-01],
        [ 8.07297602e-02,  2.03073300e-01,  0.00000000e+00, ...,
          6.95102612e-02,  4.07706664e-01,  4.27435215e-02],
        ...,
        [ 1.12511124e-02,  1.34520201e-01, -6.95102612e-02, ...,
          0.00000000e+00,  3.43249798e-01, -2.68065992e-02],
        [-3.32660530e-01, -2.13782638e-01, -4.07706664e-01, ...,
         -3.43249798e-01,  0.00000000e+00, -3.68304389e-01],
        [ 3.80519717e-02,  1.61034810e-01, -4.27435215e-02, ...,
          2.68065992e-02,  3.68304389e-01,  0.00000000e+00]],

       [[ 0.00000000e+00,  4.65092752e-02,  1.20187008e-01, ...,
          9.40264671e-01,  9.57515153e-01,  9.54200584e-01],
        [-4.65092752e-02,  0.00000000e+00,  7.38848061e-02, ...,
          9.55080991e-01,  9.69891469e-01,  9.67082071e-01],
        [-1.20187008e-01, -7.38848061e-02,  0.00000000e+00, ...,
          9.74365933e-01,  9.85234269e-01,  9.83239898e-01],
        ...,
        [-9.40264671e-01, -9.55080991e-01, -9.74365933e-01, ...,
          0.00000000e+00, -5.48243050e-02, -4.35554729e-02],
        [-9.57515153e-01, -9.69891469e-01, -9.85234269e-01, ...,
          5.48243050e-02,  0.00000000e+00,  1.12823111e-02],
        [-9.54200584e-01, -9.67082071e-01, -9.83239898e-01, ...,
          4.35554729e-02, -1.12823111e-02,  0.00000000e+00]],

       ...,

       [[ 0.00000000e+00, -7.49349600e-02,  8.57031161e-02, ...,
         -6.14775786e-01, -5.80760088e-01, -3.19637995e-01],
        [ 7.49349600e-02,  0.00000000e+00,  1.60121409e-01, ...,
         -5.53945949e-01, -5.18124577e-01, -2.47735456e-01],
        [-8.57031161e-02, -1.60121409e-01,  0.00000000e+00, ...,
         -6.80108066e-01, -6.48392053e-01, -3.99669065e-01],
        ...,
        [ 6.14775786e-01,  5.53945949e-01,  6.80108066e-01, ...,
          0.00000000e+00,  4.24268504e-02,  3.30425383e-01],
        [ 5.80760088e-01,  5.18124577e-01,  6.48392053e-01, ...,
         -4.24268504e-02,  0.00000000e+00,  2.90084036e-01],
        [ 3.19637995e-01,  2.47735456e-01,  3.99669065e-01, ...,
         -3.30425383e-01, -2.90084036e-01,  0.00000000e+00]],

       [[ 0.00000000e+00,  1.60752582e-01,  2.62597612e-01, ...,
          5.21415603e-01,  5.32313166e-01,  5.22685481e-01],
        [-1.60752582e-01,  0.00000000e+00,  1.04071421e-01, ...,
          6.51805093e-01,  6.61474991e-01,  6.52933509e-01],
        [-2.62597612e-01, -1.04071421e-01,  0.00000000e+00, ...,
          7.27192042e-01,  7.35933222e-01,  7.28213246e-01],
        ...,
        [-5.21415603e-01, -6.51805093e-01, -7.27192042e-01, ...,
          0.00000000e+00, -1.28212640e-02, -1.48886841e-03],
        [-5.32313166e-01, -6.61474991e-01, -7.35933222e-01, ...,
          1.28212640e-02,  0.00000000e+00,  1.13325037e-02],
        [-5.22685481e-01, -6.52933509e-01, -7.28213246e-01, ...,
          1.48886841e-03, -1.13325037e-02,  0.00000000e+00]],

       [[ 0.00000000e+00,  1.46632149e-03, -7.86765339e-04, ...,
          9.14313522e-01,  9.92945810e-01,  9.98134662e-01],
        [-1.46632149e-03,  0.00000000e+00, -2.25308553e-03, ...,
          9.13718669e-01,  9.92770882e-01,  9.98223109e-01],
        [ 7.86765339e-04,  2.25308553e-03,  0.00000000e+00, ...,
          9.14631885e-01,  9.93038788e-01,  9.98086320e-01],
        ...,
        [-9.14313522e-01, -9.13718669e-01, -9.14631885e-01, ...,
          0.00000000e+00,  2.93740857e-01,  4.60071208e-01],
        [-9.92945810e-01, -9.92770882e-01, -9.93038788e-01, ...,
         -2.93740857e-01,  0.00000000e+00,  1.78967983e-01],
        [-9.98134662e-01, -9.98223109e-01, -9.98086320e-01, ...,
         -4.60071208e-01, -1.78967983e-01,  0.00000000e+00]]]), 'num': array([ 8.25494412e-01,  1.63782562e-03,  1.11633684e-04, -2.39846299e-07,
        3.92312660e-03,  4.02944439e-03,  3.90186304e-03,  5.64296576e-01,
       -1.01001904e-04,  4.04007617e-03,  4.01376252e-03,  3.70703568e-03,
        2.83514117e-05,  4.45939105e-03,  3.56813399e-03])}
{'img': array([[[ 0.00000000e+00,  7.96672603e-02,  1.11860300e-01, ...,
          9.55560750e-01,  9.36151717e-01,  8.69723122e-01],
        [-7.96672603e-02,  0.00000000e+00,  3.23374896e-02, ...,
          9.29038061e-01,  9.05165456e-01,  8.27639742e-01],
        [-1.11860300e-01, -3.23374896e-02,  0.00000000e+00, ...,
          9.16587821e-01,  8.90946706e-01,  8.09057161e-01],
        ...,
        [-9.55560750e-01, -9.29038061e-01, -9.16587821e-01, ...,
          0.00000000e+00, -5.99994817e-02, -2.15218032e-01],
        [-9.36151717e-01, -9.05165456e-01, -8.90946706e-01, ...,
          5.99994817e-02,  0.00000000e+00, -1.56236842e-01],
        [-8.69723122e-01, -8.27639742e-01, -8.09057161e-01, ...,
          2.15218032e-01,  1.56236842e-01,  0.00000000e+00]],

       [[ 0.00000000e+00, -2.03073300e-01, -2.42589852e-01, ...,
          2.13782638e-01, -1.61034810e-01, -1.62594015e-01],
        [ 2.03073300e-01,  0.00000000e+00, -4.05278518e-02, ...,
          4.07706664e-01,  4.27435215e-02,  4.11648845e-02],
        [ 2.42589852e-01,  4.05278518e-02,  0.00000000e+00, ...,
          4.44378203e-01,  8.31992164e-02,  8.16245629e-02],
        ...,
        [-2.13782638e-01, -4.07706664e-01, -4.44378203e-01, ...,
          0.00000000e+00, -3.68304389e-01, -3.69772889e-01],
        [ 1.61034810e-01, -4.27435215e-02, -8.31992164e-02, ...,
          3.68304389e-01,  0.00000000e+00, -1.58002767e-03],
        [ 1.62594015e-01, -4.11648845e-02, -8.16245629e-02, ...,
          3.69772889e-01,  1.58002767e-03,  0.00000000e+00]],

       [[ 0.00000000e+00,  7.38848061e-02,  1.64400016e-01, ...,
          9.69891469e-01,  9.67082071e-01,  9.93474009e-01],
        [-7.38848061e-02,  0.00000000e+00,  9.10711637e-02, ...,
          9.85234269e-01,  9.83239898e-01,  9.99185835e-01],
        [-1.64400016e-01, -9.10711637e-02,  0.00000000e+00, ...,
          9.96732462e-01,  9.95757709e-01,  9.98707812e-01],
        ...,
        [-9.69891469e-01, -9.85234269e-01, -9.96732462e-01, ...,
          0.00000000e+00,  1.12823111e-02, -1.31323639e-01],
        [-9.67082071e-01, -9.83239898e-01, -9.95757709e-01, ...,
         -1.12823111e-02,  0.00000000e+00, -1.42499882e-01],
        [-9.93474009e-01, -9.99185835e-01, -9.98707812e-01, ...,
          1.31323639e-01,  1.42499882e-01,  0.00000000e+00]],

       ...,

       [[ 0.00000000e+00,  1.60121409e-01,  1.79352333e-01, ...,
         -5.18124577e-01, -2.47735456e-01, -3.76173374e-01],
        [-1.60121409e-01,  0.00000000e+00,  1.95131834e-02, ...,
         -6.48392053e-01, -3.99669065e-01, -5.19680110e-01],
        [-1.79352333e-01, -1.95131834e-02,  0.00000000e+00, ...,
         -6.63124114e-01, -4.17479913e-01, -5.36252464e-01],
        ...,
        [ 5.18124577e-01,  6.48392053e-01,  6.63124114e-01, ...,
          0.00000000e+00,  2.90084036e-01,  1.58324932e-01],
        [ 2.47735456e-01,  3.99669065e-01,  4.17479913e-01, ...,
         -2.90084036e-01,  0.00000000e+00, -1.34908079e-01],
        [ 3.76173374e-01,  5.19680110e-01,  5.36252464e-01, ...,
         -1.58324932e-01,  1.34908079e-01,  0.00000000e+00]],

       [[ 0.00000000e+00,  2.09698395e-01,  2.50622557e-01, ...,
          5.33907111e-01,  5.24256596e-01,  5.24523925e-01],
        [-2.09698395e-01,  0.00000000e+00,  4.20443985e-02, ...,
          6.99345323e-01,  6.91171175e-01,  6.91398036e-01],
        [-2.50622557e-01, -4.20443985e-02,  0.00000000e+00, ...,
          7.28779584e-01,  7.20945115e-01,  7.21162650e-01],
        ...,
        [-5.33907111e-01, -6.99345323e-01, -7.28779584e-01, ...,
          0.00000000e+00,  1.13725562e-02,  1.10586174e-02],
        [-5.24256596e-01, -6.91171175e-01, -7.20945115e-01, ...,
         -1.13725562e-02,  0.00000000e+00, -3.13958537e-04],
        [-5.24523925e-01, -6.91398036e-01, -7.21162650e-01, ...,
         -1.10586174e-02,  3.13958537e-04,  0.00000000e+00]],

       [[ 0.00000000e+00, -2.24091940e-03, -7.75422383e-03, ...,
          9.85554503e-01,  9.96247848e-01,  9.97886163e-01],
        [ 2.24091940e-03,  0.00000000e+00, -5.51335233e-03, ...,
          9.85931547e-01,  9.96439290e-01,  9.97738029e-01],
        [ 7.75422383e-03,  5.51335233e-03,  0.00000000e+00, ...,
          9.86838117e-01,  9.96888994e-01,  9.97352245e-01],
        ...,
        [-9.85554503e-01, -9.85931547e-01, -9.86838117e-01, ...,
          0.00000000e+00,  8.34272201e-02,  2.33048003e-01],
        [-9.96247848e-01, -9.96439290e-01, -9.96888994e-01, ...,
         -8.34272201e-02,  0.00000000e+00,  1.51105497e-01],
        [-9.97886163e-01, -9.97738029e-01, -9.97352245e-01, ...,
         -2.33048003e-01, -1.51105497e-01,  0.00000000e+00]]]), 'num': array([ 5.70544024e-01,  5.70544024e-01,  0.00000000e+00, -1.14228906e-06,
        2.64233266e-03,  2.72697563e-03,  2.63129227e-03,  5.90677642e-01,
       -7.36025811e-05,  2.75494461e-03,  2.78217756e-03,  2.57253288e-03,
        2.01530877e-05,  3.08273395e-03,  2.48162117e-03])}
{'img': array([[[ 0.00000000e+00,  3.23374896e-02,  1.90446710e-01, ...,
          9.05165456e-01,  8.27639742e-01,  7.27894207e-01],
        [-3.23374896e-02,  0.00000000e+00,  1.58601474e-01, ...,
          8.90946706e-01,  8.09057161e-01,  7.05340048e-01],
        [-1.90446710e-01, -1.58601474e-01,  0.00000000e+00, ...,
          8.07647532e-01,  7.05601830e-01,  5.83984649e-01],
        ...,
        [-9.05165456e-01, -8.90946706e-01, -8.07647532e-01, ...,
          0.00000000e+00, -1.56236842e-01, -3.11264125e-01],
        [-8.27639742e-01, -8.09057161e-01, -7.05601830e-01, ...,
          1.56236842e-01,  0.00000000e+00, -1.58966151e-01],
        [-7.27894207e-01, -7.05340048e-01, -5.83984649e-01, ...,
          3.11264125e-01,  1.58966151e-01,  0.00000000e+00]],

       [[ 0.00000000e+00, -4.05278518e-02,  2.89550542e-01, ...,
          4.27435215e-02,  4.11648845e-02,  1.19586814e-01],
        [ 4.05278518e-02,  0.00000000e+00,  3.28104399e-01, ...,
          8.31992164e-02,  8.16245629e-02,  1.59725576e-01],
        [-2.89550542e-01, -3.28104399e-01,  0.00000000e+00, ...,
         -2.48373410e-01, -2.49903617e-01, -1.73008614e-01],
        ...,
        [-4.27435215e-02, -8.31992164e-02,  2.48373410e-01, ...,
          0.00000000e+00, -1.58002767e-03,  7.70407379e-02],
        [-4.11648845e-02, -8.16245629e-02,  2.49903617e-01, ...,
          1.58002767e-03,  0.00000000e+00,  7.86159735e-02],
        [-1.19586814e-01, -1.59725576e-01,  1.73008614e-01, ...,
         -7.70407379e-02, -7.86159735e-02,  0.00000000e+00]],

       [[ 0.00000000e+00,  9.10711637e-02,  1.78187645e-01, ...,
          9.83239898e-01,  9.99185835e-01,  9.95508149e-01],
        [-9.10711637e-02,  0.00000000e+00,  8.78334576e-02, ...,
          9.95757709e-01,  9.98707812e-01,  9.82748958e-01],
        [-1.78187645e-01, -8.78334576e-02,  0.00000000e+00, ...,
          9.99991190e-01,  9.90384255e-01,  9.62706485e-01],
        ...,
        [-9.83239898e-01, -9.95757709e-01, -9.99991190e-01, ...,
          0.00000000e+00, -1.42499882e-01, -2.74586670e-01],
        [-9.99185835e-01, -9.98707812e-01, -9.90384255e-01, ...,
          1.42499882e-01,  0.00000000e+00, -1.34761941e-01],
        [-9.95508149e-01, -9.82748958e-01, -9.62706485e-01, ...,
          2.74586670e-01,  1.34761941e-01,  0.00000000e+00]],

       ...,

       [[ 0.00000000e+00,  1.95131834e-02, -1.41297684e-01, ...,
         -3.99669065e-01, -5.19680110e-01, -4.80526279e-01],
        [-1.95131834e-02,  0.00000000e+00, -1.60588192e-01, ...,
         -4.17479913e-01, -5.36252464e-01, -4.97547465e-01],
        [ 1.41297684e-01,  1.60588192e-01,  0.00000000e+00, ...,
         -2.66137382e-01, -3.93747019e-01, -3.51789943e-01],
        ...,
        [ 3.99669065e-01,  4.17479913e-01,  2.66137382e-01, ...,
          0.00000000e+00, -1.34908079e-01, -8.99770706e-02],
        [ 5.19680110e-01,  5.36252464e-01,  3.93747019e-01, ...,
          1.34908079e-01,  0.00000000e+00,  4.52063588e-02],
        [ 4.80526279e-01,  4.97547465e-01,  3.51789943e-01, ...,
          8.99770706e-02, -4.52063588e-02,  0.00000000e+00]],

       [[ 0.00000000e+00,  1.39586189e-01,  3.59064351e-01, ...,
          5.26957560e-01,  5.27225981e-01,  5.44377208e-01],
        [-1.39586189e-01,  0.00000000e+00,  2.25271507e-01, ...,
          6.40431735e-01,  6.40674289e-01,  6.56138268e-01],
        [-3.59064351e-01, -2.25271507e-01,  0.00000000e+00, ...,
          7.96982014e-01,  7.97172755e-01,  8.09271954e-01],
        ...,
        [-5.26957560e-01, -6.40431735e-01, -7.96982014e-01, ...,
          0.00000000e+00, -3.15860807e-04, -2.06282499e-02],
        [-5.27225981e-01, -6.40674289e-01, -7.97172755e-01, ...,
          3.15860807e-04,  0.00000000e+00, -2.03124553e-02],
        [-5.44377208e-01, -6.56138268e-01, -8.09271954e-01, ...,
          2.06282499e-02,  2.03124553e-02,  0.00000000e+00]],

       [[ 0.00000000e+00, -5.42519659e-03, -2.57116974e-02, ...,
          9.75848988e-01,  9.83867500e-01,  9.96525347e-01],
        [ 5.42519659e-03,  0.00000000e+00, -2.02879160e-02, ...,
          9.77019741e-01,  9.84823581e-01,  9.96058817e-01],
        [ 2.57116974e-02,  2.02879160e-02,  0.00000000e+00, ...,
          9.81142996e-01,  9.88142022e-01,  9.94054367e-01],
        ...,
        [-9.75848988e-01, -9.77019741e-01, -9.81142996e-01, ...,
          0.00000000e+00,  4.03440276e-02,  2.98965708e-01],
        [-9.83867500e-01, -9.84823581e-01, -9.88142022e-01, ...,
         -4.03440276e-02,  0.00000000e+00,  2.60223457e-01],
        [-9.96525347e-01, -9.96058817e-01, -9.94054367e-01, ...,
         -2.98965708e-01, -2.60223457e-01,  0.00000000e+00]]]), 'num': array([ 6.23143796e-01,  6.23143796e-01,  0.00000000e+00, -1.24759933e-06,
        2.99044004e-03,  3.00651768e-03,  2.86181897e-03,  4.72559465e-01,
        1.04504625e-04,  2.99124392e-03,  3.05053020e-03,  2.81773945e-03,
        2.24853876e-05,  3.35280978e-03,  2.74825063e-03])}
{'img': array([[[ 0.        ,  0.15860147, -0.14797687, ...,  0.80905716,
          0.70534005,  0.83675361],
        [-0.15860147,  0.        , -0.30295928, ...,  0.70560183,
          0.58398465,  0.73931562],
        [ 0.14797687,  0.30295928,  0.        , ...,  0.88712055,
          0.80247107,  0.90857075],
        ...,
        [-0.80905716, -0.70560183, -0.88712055, ...,  0.        ,
         -0.15896615,  0.04876198],
        [-0.70534005, -0.58398465, -0.80247107, ...,  0.15896615,
          0.        ,  0.20691897],
        [-0.83675361, -0.73931562, -0.90857075, ..., -0.04876198,
         -0.20691897,  0.        ]],

       [[ 0.        ,  0.3281044 ,  0.19442526, ...,  0.08162456,
          0.15972558,  0.09991591],
        [-0.3281044 ,  0.        , -0.13818113, ..., -0.24990362,
         -0.17300861, -0.23207782],
        [-0.19442526,  0.13818113,  0.        , ..., -0.11370954,
         -0.03525153, -0.09544309],
        ...,
        [-0.08162456,  0.24990362,  0.11370954, ...,  0.        ,
          0.07861597,  0.0183664 ],
        [-0.15972558,  0.17300861,  0.03525153, ..., -0.07861597,
          0.        , -0.06029316],
        [-0.09991591,  0.23207782,  0.09544309, ..., -0.0183664 ,
          0.06029316,  0.        ]],

       [[ 0.        ,  0.08783346,  0.07422057, ...,  0.99870781,
          0.98274896,  0.97245245],
        [-0.08783346,  0.        , -0.01365748, ...,  0.99038426,
          0.96270649,  0.94821999],
        [-0.07422057,  0.01365748,  0.        , ...,  0.99218131,
          0.9663117 ,  0.95246936],
        ...,
        [-0.99870781, -0.99038426, -0.99218131, ...,  0.        ,
         -0.13476194, -0.1833798 ],
        [-0.98274896, -0.96270649, -0.9663117 , ...,  0.13476194,
          0.        , -0.04923034],
        [-0.97245245, -0.94821999, -0.95246936, ...,  0.1833798 ,
          0.04923034,  0.        ]],

       ...,

       [[ 0.        , -0.16058819, -0.56887247, ..., -0.53625246,
         -0.49754746, -0.46485369],
        [ 0.16058819,  0.        , -0.4294175 , ..., -0.39374702,
         -0.35178994, -0.3166378 ],
        [ 0.56887247,  0.4294175 ,  0.        , ...,  0.03913332,
          0.08426505,  0.12136494],
        ...,
        [ 0.53625246,  0.39374702, -0.03913332, ...,  0.        ,
          0.04520636,  0.08242793],
        [ 0.49754746,  0.35178994, -0.08426505, ..., -0.04520636,
          0.        ,  0.03729114],
        [ 0.46485369,  0.3166378 , -0.12136494, ..., -0.08242793,
         -0.03729114,  0.        ]],

       [[ 0.        ,  0.26039555,  0.26638892, ...,  0.59998359,
          0.61613608,  0.65913288],
        [-0.26039555,  0.        ,  0.00621272, ...,  0.78760502,
          0.79997851,  0.83221848],
        [-0.26638892, -0.00621272,  0.        , ...,  0.79141797,
          0.80369088,  0.83564705],
        ...,
        [-0.59998359, -0.78760502, -0.79141797, ...,  0.        ,
         -0.02034554, -0.07611086],
        [-0.61613608, -0.79997851, -0.80369088, ...,  0.02034554,
          0.        , -0.05580858],
        [-0.65913288, -0.83221848, -0.83564705, ...,  0.07611086,
          0.05580858,  0.        ]],

       [[ 0.        , -0.01938854,  0.00466628, ...,  0.9267471 ,
          0.9508627 ,  0.99099884],
        [ 0.01938854,  0.        ,  0.02405373, ...,  0.9338569 ,
          0.9566869 ,  0.988217  ],
        [-0.00466628, -0.02405373,  0.        , ...,  0.92498396,
          0.94940761,  0.99161273],
        ...,
        [-0.9267471 , -0.9338569 , -0.92498396, ...,  0.        ,
          0.07029278,  0.49636823],
        [-0.9508627 , -0.9566869 , -0.94940761, ..., -0.07029278,
          0.        ,  0.43411841],
        [-0.99099884, -0.988217  , -0.99161273, ..., -0.49636823,
         -0.43411841,  0.        ]]]), 'num': array([ 8.27855565e-01,  1.39497441e-03,  1.11683864e-04, -1.67398272e-06,
        3.97336823e-03,  4.03780122e-03,  3.79617748e-03,  5.60826965e-01,
       -2.14776661e-05,  3.97014658e-03,  4.06169513e-03,  3.77425236e-03,
        2.33452892e-05,  4.46025596e-03,  3.66313429e-03])}
{'img': array([[[ 0.        , -0.30295928, -0.29119954, ...,  0.58398465,
          0.73931562,  0.7169867 ],
        [ 0.30295928,  0.        ,  0.01231555, ...,  0.80247107,
          0.90857075,  0.89447977],
        [ 0.29119954, -0.01231555,  0.        , ...,  0.79506163,
          0.90335726,  0.88890555],
        ...,
        [-0.58398465, -0.80247107, -0.79506163, ...,  0.        ,
          0.20691897,  0.17493648],
        [-0.73931562, -0.90857075, -0.90335726, ..., -0.20691897,
          0.        , -0.0325777 ],
        [-0.7169867 , -0.89447977, -0.88890555, ..., -0.17493648,
          0.0325777 ,  0.        ]],

       [[ 0.        , -0.13818113, -0.37193513, ..., -0.17300861,
         -0.23207782, -0.25266658],
        [ 0.13818113,  0.        , -0.2400993 , ..., -0.03525153,
         -0.09544309, -0.11654512],
        [ 0.37193513,  0.2400993 ,  0.        , ...,  0.20572971,
          0.14635201,  0.12532714],
        ...,
        [ 0.17300861,  0.03525153, -0.20572971, ...,  0.        ,
         -0.06029316, -0.08146137],
        [ 0.23207782,  0.09544309, -0.14635201, ...,  0.06029316,
          0.        , -0.0212204 ],
        [ 0.25266658,  0.11654512, -0.12532714, ...,  0.08146137,
          0.0212204 ,  0.        ]],

       [[ 0.        , -0.01365748, -0.01917159, ...,  0.96270649,
          0.94821999,  0.93031216],
        [ 0.01365748,  0.        , -0.00551483, ...,  0.9663117 ,
          0.95246936,  0.93523453],
        [ 0.01917159,  0.00551483,  0.        , ...,  0.96771638,
          0.95413488,  0.93717271],
        ...,
        [-0.96270649, -0.9663117 , -0.96771638, ...,  0.        ,
         -0.04923034, -0.10139652],
        [-0.94821999, -0.95246936, -0.95413488, ...,  0.04923034,
          0.        , -0.05229696],
        [-0.93031216, -0.93523453, -0.93717271, ...,  0.10139652,
          0.05229696,  0.        ]],

       ...,

       [[ 0.        , -0.4294175 , -0.37876077, ..., -0.35178994,
         -0.3166378 , -0.66446431],
        [ 0.4294175 ,  0.        ,  0.05536242, ...,  0.08426505,
          0.12136494, -0.27916948],
        [ 0.37876077, -0.05536242,  0.        , ...,  0.02897029,
          0.06622563, -0.33190264],
        ...,
        [ 0.35178994, -0.08426505, -0.02897029, ...,  0.        ,
          0.03729114, -0.3590914 ],
        [ 0.3166378 , -0.12136494, -0.06622563, ..., -0.03729114,
          0.        , -0.39364554],
        [ 0.66446431,  0.27916948,  0.33190264, ...,  0.3590914 ,
          0.39364554,  0.        ]],

       [[ 0.        ,  0.00621272, -0.01241255, ...,  0.79997851,
          0.83221848,  0.85956757],
        [-0.00621272,  0.        , -0.01862456, ...,  0.80369088,
          0.83564705,  0.86272582],
        [ 0.01241255,  0.01862456,  0.        , ...,  0.79246899,
          0.82527225,  0.85315826],
        ...,
        [-0.79997851, -0.80369088, -0.79246899, ...,  0.        ,
         -0.05580858, -0.10695846],
        [-0.83221848, -0.83564705, -0.82527225, ...,  0.05580858,
          0.        , -0.05130333],
        [-0.85956757, -0.86272582, -0.85315826, ...,  0.10695846,
          0.05130333,  0.        ]],

       [[ 0.        ,  0.02405373,  0.06641145, ...,  0.9566869 ,
          0.988217  ,  0.9996705 ],
        [-0.02405373,  0.        ,  0.0423916 , ...,  0.94940761,
          0.99161273,  0.99876384],
        [-0.06641145, -0.0423916 ,  0.        , ...,  0.93524123,
          0.99620023,  0.99575885],
        ...,
        [-0.9566869 , -0.94940761, -0.93524123, ...,  0.        ,
          0.43411841,  0.26646593],
        [-0.988217  , -0.99161273, -0.99620023, ..., -0.43411841,
          0.        , -0.17837518],
        [-0.9996705 , -0.99876384, -0.99575885, ..., -0.26646593,
          0.17837518,  0.        ]]]), 'num': array([ 6.05721030e-01,  4.08115895e-01,  2.79498070e-05, -1.49426656e-06,
        2.82293051e-03,  2.97865086e-03,  2.78300221e-03,  6.82989868e-01,
       -1.31763376e-04,  2.91236989e-03,  3.00640102e-03,  2.81088547e-03,
        1.39954851e-05,  3.31219521e-03,  2.70060684e-03])}
